{
"lowlevel": {
    "average_loudness": 0.960928559303,
    "barkbands_crest": {
        "dmean": 2.27031207085,
        "dmean2": 3.55587172508,
        "dvar": 4.52447414398,
        "dvar2": 10.9861698151,
        "max": 23.8893013,
        "mean": 9.16467666626,
        "median": 8.01160907745,
        "min": 2.67149615288,
        "var": 19.3385620117
    },
    "barkbands_flatness_db": {
        "dmean": 0.0174739453942,
        "dmean2": 0.0272956620902,
        "dvar": 0.000243206028244,
        "dvar2": 0.000645199441351,
        "max": 0.281564563513,
        "mean": 0.149279788136,
        "median": 0.142151400447,
        "min": 0.0744185298681,
        "var": 0.00115478911903
    },
    "barkbands_kurtosis": {
        "dmean": 1.20760607719,
        "dmean2": 1.9843814373,
        "dvar": 5.55071735382,
        "dvar2": 15.2401237488,
        "max": 29.2255134583,
        "mean": 0.423678636551,
        "median": -0.373471736908,
        "min": -1.86432826519,
        "var": 7.34910345078
    },
    "barkbands_skewness": {
        "dmean": 0.43034479022,
        "dmean2": 0.655252456665,
        "dvar": 0.272738814354,
        "dvar2": 0.687258183956,
        "max": 5.24360466003,
        "mean": 0.463353663683,
        "median": 0.434259086847,
        "min": -1.43302178383,
        "var": 0.634693205357
    },
    "barkbands_spread": {
        "dmean": 5.14169645309,
        "dmean2": 7.74070882797,
        "dvar": 29.7805042267,
        "dvar2": 70.0469360352,
        "max": 85.2425308228,
        "mean": 26.9465370178,
        "median": 26.0155277252,
        "min": 2.34561824799,
        "var": 143.813644409
    },
    "dissonance": {
        "dmean": 0.0163978785276,
        "dmean2": 0.027967132628,
        "dvar": 0.000323567190208,
        "dvar2": 0.000916556920856,
        "max": 0.499991565943,
        "mean": 0.47197201848,
        "median": 0.478511482477,
        "min": 0.294638425112,
        "var": 0.000560801359825
    },
    "dynamic_complexity": 2.11757183075,
    "erbbands_crest": {
        "dmean": 2.48316836357,
        "dmean2": 3.87902736664,
        "dvar": 4.89679384232,
        "dvar2": 11.8123512268,
        "max": 26.8850402832,
        "mean": 10.456993103,
        "median": 9.06847000122,
        "min": 2.51942014694,
        "var": 26.7804698944
    },
    "erbbands_flatness_db": {
        "dmean": 0.0157855246216,
        "dmean2": 0.0212238654494,
        "dvar": 0.000184295582585,
        "dvar2": 0.000331762304995,
        "max": 0.342664241791,
        "mean": 0.209516808391,
        "median": 0.207499548793,
        "min": 0.0992982834578,
        "var": 0.0014384763781
    },
    "erbbands_kurtosis": {
        "dmean": 0.881107211113,
        "dmean2": 1.36236286163,
        "dvar": 1.31827044487,
        "dvar2": 2.91330194473,
        "max": 23.3195705414,
        "mean": 0.842752993107,
        "median": 0.0190224647522,
        "min": -1.66166591644,
        "var": 8.84200763702
    },
    "erbbands_skewness": {
        "dmean": 0.31137907505,
        "dmean2": 0.463881671429,
        "dvar": 0.0809459090233,
        "dvar2": 0.174875020981,
        "max": 3.58380270004,
        "mean": -0.0479356870055,
        "median": -0.211258679628,
        "min": -1.92925190926,
        "var": 0.775547087193
    },
    "erbbands_spread": {
        "dmean": 6.1983795166,
        "dmean2": 9.37172222137,
        "dvar": 54.6314849854,
        "dvar2": 126.636962891,
        "max": 121.754371643,
        "mean": 29.7775039673,
        "median": 28.7935905457,
        "min": 2.85687732697,
        "var": 194.413879395
    },
    "hfc": {
        "dmean": 6.44258356094,
        "dmean2": 9.41559696198,
        "dvar": 62.677936554,
        "dvar2": 126.328704834,
        "max": 144.996795654,
        "mean": 30.4814071655,
        "median": 28.3443660736,
        "min": 0.000501286995132,
        "var": 310.573028564
    },
    "melbands_crest": {
        "dmean": 3.06261062622,
        "dmean2": 4.87107181549,
        "dvar": 7.54573965073,
        "dvar2": 17.2822418213,
        "max": 28.0385475159,
        "mean": 12.6119480133,
        "median": 11.6317367554,
        "min": 3.36360502243,
        "var": 25.6742992401
    },
    "melbands_flatness_db": {
        "dmean": 0.021676575765,
        "dmean2": 0.0321195721626,
        "dvar": 0.000501757836901,
        "dvar2": 0.00128655438311,
        "max": 0.325716078281,
        "mean": 0.149605423212,
        "median": 0.143872469664,
        "min": 0.0320989862084,
        "var": 0.00192875519861
    },
    "melbands_kurtosis": {
        "dmean": 3.46475529671,
        "dmean2": 5.78510093689,
        "dvar": 70.7500991821,
        "dvar2": 197.500106812,
        "max": 105.790870667,
        "mean": 3.52657532692,
        "median": 1.65121841431,
        "min": -1.58180725574,
        "var": 59.304473877
    },
    "melbands_skewness": {
        "dmean": 0.577463805676,
        "dmean2": 0.878888905048,
        "dvar": 0.694171726704,
        "dvar2": 1.75850367546,
        "max": 9.11170482635,
        "mean": 1.31472277641,
        "median": 1.21663320065,
        "min": -1.90884709358,
        "var": 1.45680081844
    },
    "melbands_spread": {
        "dmean": 9.53683662415,
        "dmean2": 14.3238477707,
        "dvar": 125.863311768,
        "dvar2": 271.776000977,
        "max": 162.400741577,
        "mean": 38.9700164795,
        "median": 35.8081283569,
        "min": 3.61447262764,
        "var": 424.889282227
    },
    "pitch_salience": {
        "dmean": 0.0613847076893,
        "dmean2": 0.0984608903527,
        "dvar": 0.00288016628474,
        "dvar2": 0.00722685875371,
        "max": 0.789637506008,
        "mean": 0.545216023922,
        "median": 0.552839815617,
        "min": 0.263340890408,
        "var": 0.0101460041478
    },
    "silence_rate_20dB": {
        "dmean": 0,
        "dmean2": 0,
        "dvar": 0,
        "dvar2": 0,
        "max": 1,
        "mean": 1,
        "median": 1,
        "min": 1,
        "var": 0
    },
    "silence_rate_30dB": {
        "dmean": 0,
        "dmean2": 0,
        "dvar": 0,
        "dvar2": 0,
        "max": 1,
        "mean": 1,
        "median": 1,
        "min": 1,
        "var": 0
    },
    "silence_rate_60dB": {
        "dmean": 0.00465116277337,
        "dmean2": 0.00930954236537,
        "dvar": 0.00462938984856,
        "dvar2": 0.0123261623085,
        "max": 1,
        "mean": 0.0255615804344,
        "median": 0,
        "min": 0,
        "var": 0.0249088350683
    },
    "spectral_centroid": {
        "dmean": 231.424758911,
        "dmean2": 347.8409729,
        "dvar": 52173.4648438,
        "dvar2": 120127.515625,
        "max": 3801.66967773,
        "mean": 1860.12219238,
        "median": 1873.10083008,
        "min": 401.017150879,
        "var": 254834.046875
    },
    "spectral_complexity": {
        "dmean": 3.84806203842,
        "dmean2": 5.66330480576,
        "dvar": 12.2621479034,
        "dvar2": 22.0339717865,
        "max": 53,
        "mean": 26.4585590363,
        "median": 27,
        "min": 0,
        "var": 83.5248031616
    },
    "spectral_decrease": {
        "dmean": 2.13845829933e-09,
        "dmean2": 3.511237745e-09,
        "dvar": 1.27675914846e-17,
        "dvar2": 3.45712758565e-17,
        "max": -1.57748529408e-13,
        "mean": -6.34935792831e-09,
        "median": -5.86389692359e-09,
        "min": -2.9011101077e-08,
        "var": 1.59772102528e-17
    },
    "spectral_energy": {
        "dmean": 0.00849397480488,
        "dmean2": 0.0138987507671,
        "dvar": 0.000186182340258,
        "dvar2": 0.000502324197441,
        "max": 0.111205972731,
        "mean": 0.0267287027091,
        "median": 0.0252923835069,
        "min": 6.40844120881e-07,
        "var": 0.000254186597886
    },
    "spectral_energyband_high": {
        "dmean": 0.000385971274227,
        "dmean2": 0.000545827264432,
        "dvar": 8.19280046471e-07,
        "dvar2": 1.44380635447e-06,
        "max": 0.0173142459244,
        "mean": 0.00102337449789,
        "median": 0.000616445555352,
        "min": 9.38811162143e-09,
        "var": 2.63386073129e-06
    },
    "spectral_energyband_low": {
        "dmean": 0.00457030860707,
        "dmean2": 0.00773484539241,
        "dvar": 0.00015739587252,
        "dvar2": 0.000427180464612,
        "max": 0.103318996727,
        "mean": 0.0053799347952,
        "median": 0.002856815001,
        "min": 1.00476967191e-07,
        "var": 0.000115510360047
    },
    "spectral_energyband_middle_high": {
        "dmean": 0.00284380302764,
        "dmean2": 0.00406235456467,
        "dvar": 1.23849113152e-05,
        "dvar2": 2.57079791481e-05,
        "max": 0.0571648031473,
        "mean": 0.0114926528186,
        "median": 0.00801768898964,
        "min": 8.9930033198e-08,
        "var": 0.000102109232103
    },
    "spectral_energyband_middle_low": {
        "dmean": 0.00409651268274,
        "dmean2": 0.00655366526917,
        "dvar": 4.02794576075e-05,
        "dvar2": 0.000107321575342,
        "max": 0.0654408857226,
        "mean": 0.0101143708453,
        "median": 0.00742724025622,
        "min": 4.56917462088e-07,
        "var": 6.86980347382e-05
    },
    "spectral_entropy": {
        "dmean": 0.133763685822,
        "dmean2": 0.176127269864,
        "dvar": 0.0130272712559,
        "dvar2": 0.0205391123891,
        "max": 8.42560195923,
        "mean": 7.55418586731,
        "median": 7.57101726532,
        "min": 6.41942930222,
        "var": 0.100478596985
    },
    "spectral_flux": {
        "dmean": 0.0263438466936,
        "dmean2": 0.0402429103851,
        "dvar": 0.000968510052189,
        "dvar2": 0.00200784835033,
        "max": 0.286120384932,
        "mean": 0.0917237773538,
        "median": 0.0817235037684,
        "min": 0.000800527399406,
        "var": 0.00222389609553
    },
    "spectral_kurtosis": {
        "dmean": 1.79985940456,
        "dmean2": 3.09114265442,
        "dvar": 2.91101169586,
        "dvar2": 8.18605709076,
        "max": 17.4614658356,
        "mean": 3.25719451904,
        "median": 2.76391410828,
        "min": -0.926096200943,
        "var": 5.37538194656
    },
    "spectral_rms": {
        "dmean": 0.000730876694433,
        "dmean2": 0.00114894739818,
        "dvar": 9.57098677645e-07,
        "dvar2": 2.44989928433e-06,
        "max": 0.0104160271585,
        "mean": 0.0048778122291,
        "median": 0.004967443645,
        "min": 2.50042758125e-05,
        "var": 2.28376825362e-06
    },
    "spectral_rolloff": {
        "dmean": 457.488769531,
        "dmean2": 736.706970215,
        "dvar": 482682.75,
        "dvar2": 997274.3125,
        "max": 8290.28320312,
        "mean": 2240.3828125,
        "median": 2282.51953125,
        "min": 107.666015625,
        "var": 1388646.125
    },
    "spectral_skewness": {
        "dmean": 0.211517810822,
        "dmean2": 0.349723756313,
        "dvar": 0.0331201814115,
        "dvar2": 0.0901894047856,
        "max": 3.26108956337,
        "mean": 1.09656882286,
        "median": 1.06149208546,
        "min": 0.147262439132,
        "var": 0.113832518458
    },
    "spectral_spread": {
        "dmean": 342274.5,
        "dmean2": 482297.4375,
        "dvar": 127636152320,
        "dvar2": 202756800512,
        "max": 7999888.5,
        "mean": 3366447.25,
        "median": 3233549.75,
        "min": 1730900.375,
        "var": 598136258560
    },
    "spectral_strongpeak": {
        "dmean": 0.895093560219,
        "dmean2": 1.46114706993,
        "dvar": 1.4484975338,
        "dvar2": 3.60303068161,
        "max": 9.54908084869,
        "mean": 2.03960943222,
        "median": 1.43891882896,
        "min": 0,
        "var": 3.93149995804
    },
    "zerocrossingrate": {
        "dmean": 0.00869481265545,
        "dmean2": 0.0103217121214,
        "dvar": 0.000108794498374,
        "dvar2": 0.000114669222967,
        "max": 0.24853515625,
        "mean": 0.0736578479409,
        "median": 0.0712890625,
        "min": 0.01611328125,
        "var": 0.000811729405541
    },
    "barkbands": {
        "dmean": [0.000101427387563, 0.00272697024047, 0.00148825009819, 0.00167155289091, 0.00129850499798, 0.000475393375382, 0.000411937071476, 0.00112692685798, 0.000827073061373, 0.000735060137231, 0.00111067015678, 0.000542021007277, 0.000548297190107, 0.000327892834321, 0.00058731023455, 0.000563517853152, 0.0004718574055, 0.000491006765515, 0.000191490369616, 0.000201708535315, 0.000107374304207, 8.36041581351e-05, 0.000113254660391, 7.67094097682e-05, 8.14203485788e-06, 9.01286512089e-09, 3.36691052816e-09],
        "dmean2": [0.000164562035934, 0.00467456458136, 0.00265869591385, 0.00285546388477, 0.00222468422726, 0.000797120621428, 0.000647602253594, 0.00159849377815, 0.00123414874543, 0.00110806932207, 0.00159902567975, 0.000811512873042, 0.000823543465231, 0.000523985538166, 0.000928991124965, 0.00085789716104, 0.000791907659732, 0.000776693166699, 0.000304194807541, 0.00031584026874, 0.000169774721144, 0.000115735907457, 0.000169921768247, 0.000108710315544, 1.18471170936e-05, 1.42010945225e-08, 6.39726494001e-09],
        "dvar": [9.85262360587e-08, 8.25571260066e-05, 1.42298331411e-05, 1.26978638946e-05, 6.55227222524e-06, 1.06915138076e-06, 6.41660903966e-07, 3.77512446903e-06, 3.18077877637e-06, 2.94442520499e-06, 9.06755667529e-06, 1.97980966732e-06, 1.11068197839e-06, 3.67577996485e-07, 7.93287597389e-07, 1.30861440084e-06, 3.53315840584e-07, 3.88088977843e-07, 6.28919920587e-08, 7.25795175072e-08, 2.64518060789e-08, 4.41587246769e-08, 1.87915432548e-07, 1.28380420961e-07, 4.1517253524e-10, 7.34172371538e-16, 2.52128330006e-16],
        "dvar2": [2.45826527134e-07, 0.000224557836191, 4.09828971897e-05, 3.40710903401e-05, 1.86397082871e-05, 2.54934025179e-06, 1.4860305555e-06, 7.26639200366e-06, 6.21416984359e-06, 6.29998385193e-06, 1.91369290405e-05, 3.82899133911e-06, 2.37535527958e-06, 9.01401733699e-07, 1.91572144104e-06, 2.98854774883e-06, 8.83003338004e-07, 9.70948462964e-07, 1.56071095603e-07, 1.65070986213e-07, 5.86035717731e-08, 7.6596307963e-08, 3.75583084633e-07, 2.86174554276e-07, 8.55624404661e-10, 1.79185606003e-15, 7.6233436415e-16],
        "max": [0.00257506337948, 0.0816729143262, 0.0322273150086, 0.0312943160534, 0.0248526260257, 0.0166953187436, 0.0148055721074, 0.028795029968, 0.0284698512405, 0.0289734173566, 0.0530102998018, 0.0260849166662, 0.0220789834857, 0.00742335338145, 0.011175093241, 0.018149510026, 0.0067183971405, 0.00782657694072, 0.00365156377666, 0.0042664129287, 0.00439955247566, 0.00552550656721, 0.00771058304235, 0.0103159798309, 0.000320485647535, 5.5354161077e-07, 2.41544171331e-07],
        "mean": [8.75672558323e-05, 0.00251680193469, 0.0016723953886, 0.0019261011621, 0.00191134656779, 0.000699119700585, 0.000791679951362, 0.00293550570495, 0.00148013082799, 0.00117565155961, 0.00275996606797, 0.000874115154147, 0.00106512114871, 0.000562681583688, 0.00111888430547, 0.00127532763872, 0.00104660738725, 0.0010977772763, 0.000441995623987, 0.000505998439621, 0.000254560785834, 0.000171574691194, 0.000208866680623, 0.00013644414139, 1.2501756828e-05, 1.09250937186e-08, 2.19772156029e-09],
        "median": [7.68635254644e-06, 0.00081831990974, 0.000878042308614, 0.000878123566508, 0.0011760693742, 0.000338060694048, 0.000368287845049, 0.000520807807334, 0.000434428453445, 0.000467710720841, 0.000308175513055, 0.000375194620574, 0.000479036243632, 0.000320845167153, 0.000564534391742, 0.000397149298806, 0.000836376857478, 0.000691213528626, 0.000355905416654, 0.000372261798475, 0.000180824659765, 7.64609721955e-05, 6.62378079141e-05, 5.61919478059e-05, 3.76732327823e-06, 3.4905360824e-09, 4.44140807465e-10],
        "min": [3.43868999941e-09, 5.09632052115e-08, 3.15078700908e-08, 2.5285315175e-08, 2.27226184535e-08, 4.84340623164e-10, 4.65349803136e-09, 3.53103303041e-07, 4.80026400851e-08, 3.39244188297e-09, 6.42656683425e-09, 1.0477247514e-08, 7.87083109799e-09, 1.71498215629e-09, 9.93342519351e-10, 1.78592802769e-08, 1.07607185384e-08, 2.63752983898e-08, 1.90811166867e-09, 7.78341480157e-09, 1.96887794957e-09, 2.46362541478e-10, 2.454641157e-09, 4.41893854841e-10, 3.60237837824e-12, 3.33931038203e-12, 3.87994367537e-12],
        "var": [8.76734134181e-08, 5.75816593482e-05, 9.67463984125e-06, 1.07926525743e-05, 5.92510332353e-06, 1.3859119008e-06, 1.57311762905e-06, 2.76139689959e-05, 9.98272844299e-06, 5.38214544576e-06, 5.95669007453e-05, 3.56778673449e-06, 3.23177778228e-06, 6.16751719917e-07, 2.21073992179e-06, 6.23188816462e-06, 8.44291776048e-07, 1.24183839034e-06, 1.34738812108e-07, 2.36425137246e-07, 9.50224361418e-08, 1.72188066472e-07, 4.0864699713e-07, 1.61635938412e-07, 9.23035703426e-10, 9.65824447667e-16, 1.35078646969e-16]
    },
    "erbbands": {
        "dmean": [0.0604355558753, 0.679558873177, 1.69534599781, 3.74395632744, 5.02267026901, 4.33247184753, 5.38894224167, 2.99546051025, 4.13304662704, 12.1718063354, 26.8022689819, 18.1242446899, 17.4390583038, 40.0550193787, 30.8301773071, 22.1373081207, 25.1825866699, 16.530790329, 22.1138038635, 35.7682800293, 23.913269043, 19.0488758087, 26.7051811218, 12.8936634064, 9.99635982513, 10.0578451157, 5.69652509689, 3.2275416851, 2.96841001511, 3.59453344345, 3.00728130341, 1.8753452301, 1.15685725212, 0.201809674501, 0.00830746535212, 0.000429324922152, 4.12331864936e-05, 8.74992110766e-06, 5.92226570006e-06, 1.02055282696e-05],
        "dmean2": [0.0998543351889, 1.22292220592, 3.07750797272, 6.38773488998, 8.75852012634, 7.3194899559, 8.90592765808, 5.05647134781, 6.59437036514, 18.7348136902, 37.7198448181, 26.2607269287, 25.1375312805, 53.3167800903, 47.8100471497, 33.220615387, 38.2742042542, 25.833574295, 33.4036712646, 55.8109130859, 35.9505805969, 31.4791412354, 42.8609809875, 20.0455150604, 15.6481704712, 15.9824609756, 9.21592235565, 4.71500682831, 4.16735601425, 5.08228302002, 4.45053720474, 2.7130343914, 1.67682397366, 0.278168171644, 0.011346179992, 0.000577835657168, 5.6930595747e-05, 1.25212263811e-05, 9.14724205359e-06, 1.64259799931e-05],
        "dvar": [0.0341505222023, 5.65589284897, 25.7477989197, 47.582485199, 137.954605103, 63.6410980225, 125.486541748, 34.4844932556, 70.7467956543, 590.968933105, 2458.63671875, 1578.74853516, 1422.29248047, 10481.6630859, 5569.63525391, 2789.58227539, 2295.87744141, 815.798950195, 1567.76904297, 4247.54980469, 1638.58703613, 569.345153809, 1200.26989746, 322.192260742, 139.535705566, 191.604751587, 60.5475120544, 38.821231842, 45.4300193787, 179.201950073, 121.926803589, 109.662246704, 20.9904022217, 0.306638658047, 0.000824051210657, 2.01392253985e-06, 1.6753242349e-08, 7.66339991465e-10, 1.06273066736e-10, 2.35339914223e-10],
        "dvar2": [0.0823261588812, 16.0184249878, 73.9720230103, 128.681518555, 386.274291992, 177.256912231, 315.102478027, 88.80809021, 169.238449097, 1405.32421875, 4658.90039062, 2913.66088867, 2940.63256836, 17271.9355469, 13787.9814453, 5447.91650391, 4981.49462891, 1973.78613281, 3229.9152832, 10673.2041016, 3157.03613281, 1474.60778809, 2999.54931641, 790.254089355, 346.804229736, 446.270019531, 143.61289978, 67.3124771118, 75.0324783325, 347.199707031, 251.016357422, 257.052185059, 47.1650352478, 0.58307081461, 0.00147219095379, 3.67907500731e-06, 3.35268346419e-08, 1.64087454735e-09, 2.44974596164e-10, 6.23153362245e-10],
        "max": [2.01321983337, 19.1308307648, 36.4755134583, 52.4526138306, 108.167236328, 84.3852005005, 167.050872803, 68.6374816895, 152.289733887, 363.433197021, 799.299499512, 687.972106934, 756.028930664, 1750.24084473, 1419.07958984, 1183.68798828, 906.190673828, 381.389221191, 721.366333008, 876.242248535, 843.380065918, 241.819641113, 517.836853027, 298.062957764, 144.837524414, 243.929672241, 117.484603882, 206.700744629, 201.950241089, 265.506835938, 173.615753174, 302.599517822, 120.683418274, 9.30527114868, 0.566317141056, 0.0252367146313, 0.00294097303413, 0.000640758080408, 0.000204218144063, 0.000139266659971],
        "mean": [0.0605323649943, 0.605296850204, 1.73679792881, 4.91908740997, 6.01423835754, 6.23257398605, 7.3808965683, 4.5658659935, 8.58250522614, 25.4340801239, 72.0085906982, 35.7764472961, 33.6224937439, 71.0131225586, 84.8936843872, 42.396987915, 49.6646575928, 32.8450164795, 44.6217269897, 76.7625427246, 62.6533470154, 48.50522995, 63.3270492554, 32.4793395996, 24.0004920959, 24.9353065491, 14.5846290588, 7.54935312271, 6.17013168335, 6.84037017822, 5.39071321487, 3.1096534729, 2.06557250023, 0.357618272305, 0.0133869266137, 0.000749944883864, 8.877543587e-05, 2.09893369174e-05, 1.99723726837e-05, 3.44870823028e-05],
        "median": [0.0188658181578, 0.214402139187, 0.802520990372, 2.80153822899, 3.31319999695, 3.47555971146, 3.28069758415, 2.47331047058, 4.88593673706, 9.3036699295, 12.9748773575, 11.6427183151, 13.0659046173, 18.2641639709, 17.0756664276, 21.4686374664, 23.6641368866, 21.9806575775, 24.8123092651, 27.4506092072, 30.8473243713, 39.4178085327, 42.3323745728, 24.1253452301, 19.5820007324, 18.4147281647, 10.6397371292, 4.69276571274, 2.83279323578, 2.09009575844, 1.86579012871, 1.17975771427, 0.882837712765, 0.141476333141, 0.00409721909091, 0.000267134659225, 4.63521901111e-05, 1.27310704556e-05, 1.80309671123e-05, 3.26941735693e-05],
        "min": [1.20782169688e-06, 1.23268937386e-05, 3.4983659134e-05, 6.92404937581e-05, 7.85496231401e-05, 8.57816048665e-05, 1.40305410241e-05, 5.87890372117e-06, 5.46750161448e-05, 0.000954636430833, 0.0095741301775, 0.00149565865286, 0.000211350226891, 6.06215544394e-05, 0.000374966242816, 0.000479435693705, 0.000396390154492, 0.000153378889081, 6.36047625449e-05, 0.000709757150616, 0.00042225010111, 0.000591820280533, 0.00142161408439, 0.00046688716975, 0.000219033026951, 0.000397500785766, 0.000158202223247, 1.18026446216e-05, 1.42238668559e-05, 8.31257493701e-05, 3.58933320967e-05, 1.19586729852e-05, 8.37635980133e-06, 6.45820023237e-07, 4.39012488584e-08, 1.07824700279e-08, 7.30626403822e-09, 2.58985499713e-09, 9.52039891366e-10, 8.21893941794e-10],
        "var": [0.0298257879913, 3.52088689804, 16.1057357788, 43.5373840332, 99.6879119873, 69.2281265259, 158.596969604, 43.5760383606, 185.99446106, 2005.72485352, 18855, 5081.60400391, 4574.48291016, 26302.9160156, 41753.4023438, 5564.42871094, 6813.25732422, 1607.20996094, 3949.43139648, 15557.5771484, 8155.48388672, 1468.54968262, 3785.99682617, 955.353088379, 375.216705322, 604.656860352, 197.017089844, 169.51953125, 200.366363525, 457.713348389, 248.385192871, 121.435089111, 29.028678894, 0.709666848183, 0.00182439247146, 4.49165827376e-06, 3.36613936724e-08, 1.41362177519e-09, 2.03735084359e-10, 3.74354935939e-10]
    },
    "gfcc": {
        "mean": [-2.23136901855, 120.708755493, -176.706298828, 61.0790939331, -66.7474365234, 18.0063610077, -29.1547756195, -0.762882232666, -5.56385231018, -26.6928348541, 4.50411939621, -25.4183235168, 1.92927265167],
        "cov": [[2597.41235352, -412.678985596, -50.3146514893, 104.247528076, -148.467880249, 133.070281982, -78.8242034912, -5.41236591339, -49.4417610168, -4.98451709747, -91.8210220337, 17.4168567657, 63.571723938], [-412.678985596, 472.852844238, -42.2887268066, -119.623016357, 126.261260986, -103.342514038, 129.443023682, -20.2196350098, 39.2215423584, -8.74005413055, 65.6560134888, -37.8968238831, -13.3204946518], [-50.3146514893, -42.2887268066, 349.278106689, 143.243362427, -68.9334640503, 67.7084579468, -70.3859405518, -2.49214196205, -21.0646209717, 24.7989940643, 14.9905776978, 18.6165752411, -40.2885513306], [104.247528076, -119.623016357, 143.243362427, 248.453659058, 12.8636960983, -9.46353721619, -98.1743850708, 0.709547281265, 17.4843273163, 25.1873054504, -29.1435317993, 30.419216156, 5.48971748352], [-148.467880249, 126.261260986, -68.9334640503, 12.8636960983, 192.50151062, 14.2297439575, 57.5056800842, 2.53772544861, -10.0936012268, -15.378739357, 21.397567749, 5.74923276901, 38.5956993103], [133.070281982, -103.342514038, 67.7084579468, -9.46353721619, 14.2297439575, 187.432159424, 53.7909049988, -14.3614416122, -63.1903266907, -9.27129077911, 11.9929456711, 22.6746578217, 4.00987291336], [-78.8242034912, 129.443023682, -70.3859405518, -98.1743850708, 57.5056800842, 53.7909049988, 189.581329346, 12.5165576935, -2.02265143394, -10.1081428528, 33.9916992188, -8.13329601288, -9.30697154999], [-5.41236591339, -20.2196350098, -2.49214196205, 0.709547281265, 2.53772544861, -14.3614416122, 12.5165576935, 113.531845093, 69.1982650757, 15.0917224884, -12.7781896591, -28.0765991211, -4.37410068512], [-49.4417610168, 39.2215423584, -21.0646209717, 17.4843273163, -10.0936012268, -63.1903266907, -2.02265143394, 69.1982650757, 142.792510986, 38.6840400696, -31.7209415436, -43.0683441162, -28.8032798767], [-4.98451709747, -8.74005413055, 24.7989940643, 25.1873054504, -15.378739357, -9.27129077911, -10.1081428528, 15.0917224884, 38.6840400696, 77.2842407227, 20.6362457275, -10.7748765945, -11.8563280106], [-91.8210220337, 65.6560134888, 14.9905776978, -29.1435317993, 21.397567749, 11.9929456711, 33.9916992188, -12.7781896591, -31.7209415436, 20.6362457275, 91.855682373, 27.5133590698, -4.44516372681], [17.4168567657, -37.8968238831, 18.6165752411, 30.419216156, 5.74923276901, 22.6746578217, -8.13329601288, -28.0765991211, -43.0683441162, -10.7748765945, 27.5133590698, 72.2916488647, 35.1170692444], [63.571723938, -13.3204946518, -40.2885513306, 5.48971748352, 38.5956993103, 4.00987291336, -9.30697154999, -4.37410068512, -28.8032798767, -11.8563280106, -4.44516372681, 35.1170692444, 80.6029663086]],
        "icov": [[0.00051713141147, -8.05588424555e-05, 0.000605323642958, -0.000734829867724, 0.000886967987753, -0.000760803231969, 8.40764550958e-05, -9.49189343373e-05, 0.000147988786921, 0.000115907634608, -8.68681745487e-05, 0.000574691977818, -0.000636109965853], [-8.05588424555e-05, 0.0120769096538, -0.00803117919713, 0.00738478358835, -0.00904572196305, 0.0111535275355, -0.0073000988923, 0.00846463721246, -0.00653035799041, 0.00335059151985, -0.00530685018748, 0.0053390506655, -0.00352443382144], [0.000605323642958, -0.00803117919713, 0.0118173342198, -0.0095598353073, 0.00920119974762, -0.0107620181516, 0.0059171570465, -0.00643352046609, 0.00504659116268, -0.00123110483401, 0.000209123259992, -0.00153096020222, 0.00351767777465], [-0.000734829867724, 0.00738478358835, -0.0095598353073, 0.0154573069885, -0.0112494612113, 0.00930207408965, -0.00151384738274, 0.00463116541505, -0.00421301135793, -0.00291326688603, 0.00406364537776, -0.00573294935748, 0.00175703852437], [0.000886967987753, -0.00904572196305, 0.00920119974762, -0.0112494612113, 0.0173231102526, -0.010880773887, 0.00284477812238, -0.00549254426733, 0.00360636995174, 0.00196234509349, -0.00253261718899, 0.00323247769848, -0.00452300207689], [-0.000760803231969, 0.0111535275355, -0.0107620181516, 0.00930207408965, -0.010880773887, 0.0201240386814, -0.00995141919702, 0.0063316761516, -0.00112766190432, -0.000109827582492, -0.000121024335385, 0.000539927277714, -0.000827052921522], [8.40764550958e-05, -0.0073000988923, 0.0059171570465, -0.00151384738274, 0.00284477812238, -0.00995141919702, 0.0139067173004, -0.00590544426814, 0.00216334708966, -0.00107157870661, 0.000951944151893, -0.00405541947111, 0.00464098434895], [-9.49189343373e-05, 0.00846463721246, -0.00643352046609, 0.00463116541505, -0.00549254426733, 0.0063316761516, -0.00590544426814, 0.0201288238168, -0.0129226623103, 0.00486516254023, -0.00682595232502, 0.00907006300986, -0.00756224337965], [0.000147988786921, -0.00653035799041, 0.00504659116268, -0.00421301135793, 0.00360636995174, -0.00112766190432, 0.00216334708966, -0.0129226623103, 0.0218758042902, -0.0108670052141, 0.0111250290647, -0.00455034710467, 0.00830605626106], [0.000115907634608, 0.00335059151985, -0.00123110483401, -0.00291326688603, 0.00196234509349, -0.000109827582492, -0.00107157870661, 0.00486516254023, -0.0108670052141, 0.0239454936236, -0.015145694837, 0.0110643440858, -0.00676532974467], [-8.68681745487e-05, -0.00530685018748, 0.000209123259992, 0.00406364537776, -0.00253261718899, -0.000121024335385, 0.000951944151893, -0.00682595232502, 0.0111250290647, -0.015145694837, 0.0286426600069, -0.0189829394221, 0.0115752164274], [0.000574691977818, 0.0053390506655, -0.00153096020222, -0.00573294935748, 0.00323247769848, 0.000539927277714, -0.00405541947111, 0.00907006300986, -0.00455034710467, 0.0110643440858, -0.0189829394221, 0.0372132323682, -0.0187549274415], [-0.000636109965853, -0.00352443382144, 0.00351767777465, 0.00175703852437, -0.00452300207689, -0.000827052921522, 0.00464098434895, -0.00756224337965, 0.00830605626106, -0.00676532974467, 0.0115752164274, -0.0187549274415, 0.0270792730153]]
    },
    "melbands": {
        "dmean": [0.000655017327517, 0.000896505429409, 0.000698451884091, 0.000306468777126, 0.000185957425856, 7.19656018191e-05, 6.76704003126e-05, 0.000147655402543, 0.00022312765941, 0.000108617750811, 8.85555346031e-05, 0.000162481723237, 0.00013507323456, 6.38966812403e-05, 5.97895450483e-05, 4.77262583445e-05, 3.16967925755e-05, 3.51592243533e-05, 4.06996332458e-05, 5.41181689186e-05, 3.07329282805e-05, 2.20026868192e-05, 2.54740807577e-05, 2.90614552796e-05, 9.93177309283e-06, 7.53709036871e-06, 7.88926990936e-06, 7.07573099135e-06, 4.35829269918e-06, 2.76081937045e-06, 1.9251174308e-06, 1.89399304418e-06, 1.47352079694e-06, 2.37799599745e-06, 2.01254556487e-06, 1.41293105571e-06, 1.11538793135e-06, 9.86947725323e-07, 4.39414094444e-07, 9.04338861574e-08],
        "dmean2": [0.00109003682155, 0.00162102654576, 0.00119897723198, 0.000524755974766, 0.000306871515932, 0.000121657059935, 0.00010760891746, 0.000224857983994, 0.00031676015351, 0.000159224640811, 0.00013025845692, 0.000216998916585, 0.000206947515835, 9.27961227717e-05, 9.26620414248e-05, 7.12981636752e-05, 4.97288456245e-05, 5.34871614946e-05, 6.45055915811e-05, 8.28939373605e-05, 4.72226602142e-05, 3.64054358215e-05, 4.13021152781e-05, 4.69601691293e-05, 1.58008151629e-05, 1.20259828691e-05, 1.23881609397e-05, 1.12619691208e-05, 7.0927849265e-06, 4.47535740022e-06, 2.81738448393e-06, 2.77594563158e-06, 2.06792060453e-06, 3.50151071871e-06, 2.96119947052e-06, 2.1477944756e-06, 1.5987501456e-06, 1.46583829519e-06, 6.31426019027e-07, 1.26143604007e-07],
        "dvar": [4.40082158093e-06, 8.42938879941e-06, 1.94974995793e-06, 3.88313111443e-07, 1.31247546165e-07, 2.08823447423e-08, 1.83727522085e-08, 7.66663106333e-08, 1.68511391507e-07, 5.70061473582e-08, 3.70257566829e-08, 1.65828566878e-07, 1.22592012985e-07, 2.64188066978e-08, 1.83080555161e-08, 8.44686987023e-09, 3.16377568588e-09, 5.00708718931e-09, 4.36690195116e-09, 1.40810749727e-08, 2.65889510409e-09, 7.89261433987e-10, 1.23092991355e-09, 1.64900126887e-09, 2.4235369267e-10, 7.90916707127e-11, 1.07916384162e-10, 1.0555869373e-10, 3.30959669392e-11, 2.25526437803e-11, 1.76372839944e-11, 1.84863669511e-11, 1.59263036786e-11, 8.9911758594e-11, 5.01443608858e-11, 6.25739113302e-11, 3.27006859091e-11, 1.69262590055e-11, 1.49154419284e-12, 6.80851452691e-14],
        "dvar2": [1.15374696179e-05, 2.40499848587e-05, 5.32545436727e-06, 1.09371887902e-06, 3.36505706855e-07, 5.14721172351e-08, 4.32278284279e-08, 1.75581874373e-07, 3.29651015818e-07, 1.04118498712e-07, 7.58081881713e-08, 2.69995155122e-07, 3.03255859535e-07, 4.77384389796e-08, 4.23506634206e-08, 1.74370384798e-08, 7.79477637991e-09, 1.00044950102e-08, 1.05889776947e-08, 3.21733892861e-08, 5.06712405368e-09, 1.9595975953e-09, 3.13580050815e-09, 4.08886524639e-09, 6.07059347235e-10, 2.00815933327e-10, 2.52322551741e-10, 2.58066901182e-10, 7.78957384706e-11, 5.960186511e-11, 3.23379482914e-11, 3.09998381132e-11, 3.20724037606e-11, 1.83367765416e-10, 1.09746739474e-10, 1.60301272256e-10, 7.11923228702e-11, 4.02935254606e-11, 2.97320761761e-12, 1.27960711688e-13],
        "max": [0.0209016334265, 0.0204247441143, 0.011808373034, 0.00603149319068, 0.00454576825723, 0.00187870347872, 0.00272676558234, 0.00476676924154, 0.00635053403676, 0.00373249943368, 0.00369743141346, 0.00702354079112, 0.00728302123025, 0.00319850142114, 0.00258903880604, 0.0011438090587, 0.000692743749823, 0.00146533071529, 0.000833204365335, 0.00192423688713, 0.00108434003778, 0.00036384924897, 0.000498773821164, 0.000515954103321, 0.000251604855293, 0.000100014876807, 0.000146292630234, 0.000187691286555, 6.6530170443e-05, 0.000123492878629, 0.000138375355164, 0.000121265620692, 9.077975119e-05, 0.00018987567455, 0.000110760767711, 0.000212211802136, 0.000166050784173, 0.000109719345346, 2.07304565265e-05, 4.68945154353e-06],
        "mean": [0.000631684146356, 0.000904620275833, 0.000884126464371, 0.000432117143646, 0.000264718895778, 0.000109353662992, 0.000137680894113, 0.000327030807966, 0.00057247618679, 0.000199156682356, 0.000161084026331, 0.00026819089544, 0.000369672314264, 0.000107148167444, 0.000115126473247, 8.94811819308e-05, 5.6357068388e-05, 6.46539483569e-05, 8.03641523817e-05, 0.000113920621516, 6.84480837663e-05, 4.98214030813e-05, 5.42681700608e-05, 6.01905521762e-05, 2.16220414586e-05, 1.60853687703e-05, 1.77903984877e-05, 1.60359140864e-05, 1.00590141301e-05, 5.94267385168e-06, 3.82306279789e-06, 3.69082567886e-06, 2.87521879727e-06, 4.26631731898e-06, 3.41903569279e-06, 2.11934980143e-06, 1.83162785561e-06, 1.68712870163e-06, 7.72232795043e-07, 1.30753321059e-07],
        "median": [0.000208554396522, 0.000428108818596, 0.000526642659679, 0.000262213579845, 0.000128643339849, 5.63143039471e-05, 7.56215813453e-05, 9.99923795462e-05, 0.000105336381239, 6.57571945339e-05, 5.66438320675e-05, 6.86874045641e-05, 4.91805221827e-05, 4.74958906125e-05, 5.58076644666e-05, 4.44771430921e-05, 3.42644962075e-05, 3.40722472174e-05, 3.74847222702e-05, 3.62157079508e-05, 3.59478108294e-05, 3.86484134651e-05, 3.66095118807e-05, 3.71542009816e-05, 1.40462479976e-05, 1.28303317979e-05, 1.36277985803e-05, 1.07300238597e-05, 7.03513296685e-06, 3.97997064283e-06, 2.12880217987e-06, 1.63594040714e-06, 1.25244264382e-06, 1.18124989967e-06, 1.17507590858e-06, 6.65746426876e-07, 7.23873256447e-07, 6.6989412062e-07, 3.47615696228e-07, 3.1270548817e-08],
        "min": [1.28413413236e-08, 1.8272910296e-08, 1.20860095265e-08, 6.42382902427e-09, 9.82819270412e-10, 1.22464940966e-10, 6.98247348829e-10, 1.96776976935e-08, 7.41150927297e-08, 4.7919068713e-09, 8.16040623963e-10, 1.39646683106e-10, 1.05886488466e-09, 1.3968189938e-09, 9.51156375883e-10, 6.7345173882e-10, 2.303424812e-10, 6.7166980311e-11, 1.72572997559e-10, 1.79183112792e-09, 1.52418078159e-10, 5.24422838488e-10, 7.25641380317e-10, 1.92066207383e-09, 1.31459870767e-10, 1.06067765682e-10, 2.28137106428e-10, 2.85749840456e-10, 1.33100211408e-10, 1.00546827808e-11, 2.06966366788e-12, 5.87565066046e-12, 1.19423203965e-11, 6.53518489324e-11, 2.21242659609e-11, 1.22704736996e-11, 3.84962114269e-12, 6.11843171613e-12, 2.64969881973e-12, 3.16266889793e-14],
        "var": [3.34327341989e-06, 5.2436362239e-06, 1.6106282601e-06, 3.39752489253e-07, 1.68062996408e-07, 2.73782312377e-08, 4.62969254045e-08, 3.09580087787e-07, 1.15337957141e-06, 1.80596941846e-07, 1.15210688989e-07, 3.80715221127e-07, 1.00046565876e-06, 5.14415283703e-08, 3.71836534896e-08, 2.07528128016e-08, 5.59558177571e-09, 1.09310889229e-08, 1.26830279612e-08, 5.51788339465e-08, 9.66157376325e-09, 1.96957761212e-09, 3.09110159691e-09, 4.50381332229e-09, 5.70181679649e-10, 1.86362758559e-10, 2.73967348807e-10, 3.13645609484e-10, 9.71957167528e-11, 5.9994995083e-11, 6.56416102029e-11, 7.45935882507e-11, 5.07507091907e-11, 2.07029365873e-10, 9.91845980347e-11, 6.32223301489e-11, 3.97122994211e-11, 2.08264135104e-11, 3.00417893687e-12, 1.57006962227e-13]
    },
    "mfcc": {
        "mean": [-609.710266113, 110.532348633, -28.1336898804, 25.944316864, 1.42472946644, 4.52541160583, -0.054694544524, 11.9996900558, -3.34831166267, 6.9975104332, -8.32414245605, 6.99014568329, -5.76471424103],
        "cov": [[2671.69189453, -450.95324707, -54.6840553284, -18.8911514282, -52.2244110107, 54.0689125061, -88.0419235229, 14.7088890076, 33.8642959595, 2.72188043594, -69.2417449951, -125.904335022, -93.819770813], [-450.95324707, 574.703857422, -190.773101807, -14.9920434952, -48.5764770508, -26.6961612701, 86.0087585449, 10.3477840424, -15.1617174149, 34.3667106628, 19.4110507965, 71.9956817627, 11.1785116196], [-54.6840553284, -190.773101807, 449.306793213, 28.6518135071, 30.1821708679, 32.6760101318, -31.2958660126, -12.4088745117, -45.2236785889, -31.0060405731, 40.0548553467, 8.35838413239, 25.7745494843], [-18.8911514282, -14.9920434952, 28.6518135071, 200.980697632, 70.154335022, -26.7498207092, -61.7090492249, -17.5424308777, 21.2108306885, -5.64674043655, 13.5496559143, -13.7409925461, 16.4135398865], [-52.2244110107, -48.5764770508, 30.1821708679, 70.154335022, 151.352981567, 9.05798244476, -4.71302938461, -7.88730716705, 7.393638134, -5.66426277161, -21.2876567841, -20.6746177673, -1.46890211105], [54.0689125061, -26.6961612701, 32.6760101318, -26.7498207092, 9.05798244476, 147.609222412, 74.0237808228, 12.0131607056, -14.2963933945, -39.4032020569, -5.53222703934, -6.52506971359, -8.64741420746], [-88.0419235229, 86.0087585449, -31.2958660126, -61.7090492249, -4.71302938461, 74.0237808228, 193.939926147, 33.8739433289, -28.7233467102, -38.3356208801, -18.4337024689, 33.4173698425, 8.8280506134], [14.7088890076, 10.3477840424, -12.4088745117, -17.5424308777, -7.88730716705, 12.0131607056, 33.8739433289, 89.0000305176, 20.4515209198, 16.4642047882, -8.57496833801, 10.0232105255, -5.34977769852], [33.8642959595, -15.1617174149, -45.2236785889, 21.2108306885, 7.393638134, -14.2963933945, -28.7233467102, 20.4515209198, 120.225013733, 32.8517303467, 19.6937446594, -17.50207901, -7.87150859833], [2.72188043594, 34.3667106628, -31.0060405731, -5.64674043655, -5.66426277161, -39.4032020569, -38.3356208801, 16.4642047882, 32.8517303467, 138.746704102, 32.2518424988, 13.9854927063, -0.376636654139], [-69.2417449951, 19.4110507965, 40.0548553467, 13.5496559143, -21.2876567841, -5.53222703934, -18.4337024689, -8.57496833801, 19.6937446594, 32.2518424988, 106.364196777, 27.2260475159, 14.9802913666], [-125.904335022, 71.9956817627, 8.35838413239, -13.7409925461, -20.6746177673, -6.52506971359, 33.4173698425, 10.0232105255, -17.50207901, 13.9854927063, 27.2260475159, 84.9197006226, 33.4226875305], [-93.819770813, 11.1785116196, 25.7745494843, 16.4135398865, -1.46890211105, -8.64741420746, 8.8280506134, -5.34977769852, -7.87150859833, -0.376636654139, 14.9802913666, 33.4226875305, 66.5078201294]],
