{
"lowlevel": {
    "average_loudness": 0.960127770901,
    "barkbands_crest": {
        "dmean": 3.06321763992,
        "dmean2": 4.77479934692,
        "dvar": 7.71085786819,
        "dvar2": 17.4290752411,
        "max": 25.2409667969,
        "mean": 10.5440158844,
        "median": 9.36242389679,
        "min": 3.39747834206,
        "var": 20.963716507
    },
    "barkbands_flatness_db": {
        "dmean": 0.0348982214928,
        "dmean2": 0.054156512022,
        "dvar": 0.00107235135511,
        "dvar2": 0.00279327295721,
        "max": 0.4837885499,
        "mean": 0.204311102629,
        "median": 0.194652304053,
        "min": 0.0829486399889,
        "var": 0.00384571729228
    },
    "barkbands_kurtosis": {
        "dmean": 9.96928977966,
        "dmean2": 16.6982555389,
        "dvar": 502.417358398,
        "dvar2": 1329.9786377,
        "max": 438.587493896,
        "mean": 11.6662311554,
        "median": 4.58452987671,
        "min": -1.90523314476,
        "var": 570.009521484
    },
    "barkbands_skewness": {
        "dmean": 0.955786049366,
        "dmean2": 1.50643086433,
        "dvar": 1.5070745945,
        "dvar2": 3.79752850533,
        "max": 15.9931583405,
        "mean": 2.25870728493,
        "median": 1.92156124115,
        "min": -1.64459192753,
        "var": 3.04227018356
    },
    "barkbands_spread": {
        "dmean": 5.66421699524,
        "dmean2": 8.74759292603,
        "dvar": 53.2336540222,
        "dvar2": 112.911834717,
        "max": 102.413917542,
        "mean": 14.7016973495,
        "median": 12.2987289429,
        "min": 0.243254125118,
        "var": 142.84815979
    },
    "dissonance": {
        "dmean": 0.0290739852935,
        "dmean2": 0.0473071187735,
        "dvar": 0.000654274655972,
        "dvar2": 0.00162357231602,
        "max": 0.498829543591,
        "mean": 0.439142197371,
        "median": 0.446848660707,
        "min": 0.257692754269,
        "var": 0.00148347497452
    },
    "dynamic_complexity": 2.64159989357,
    "erbbands_crest": {
        "dmean": 3.05075907707,
        "dmean2": 4.91179943085,
        "dvar": 7.61076974869,
        "dvar2": 18.3625221252,
        "max": 31.5834693909,
        "mean": 9.92502212524,
        "median": 8.92091751099,
        "min": 2.60743069649,
        "var": 19.1409473419
    },
    "erbbands_flatness_db": {
        "dmean": 0.0236120279878,
        "dmean2": 0.0331194996834,
        "dvar": 0.000466422003228,
        "dvar2": 0.000901425431948,
        "max": 0.343352466822,
        "mean": 0.190479367971,
        "median": 0.187419146299,
        "min": 0.0893200859427,
        "var": 0.00163008400705
    },
    "erbbands_kurtosis": {
        "dmean": 1.499355793,
        "dmean2": 2.39037275314,
        "dvar": 4.25142049789,
        "dvar2": 10.2780456543,
        "max": 30.7636528015,
        "mean": 1.25384759903,
        "median": 0.616682052612,
        "min": -1.78039312363,
        "var": 7.80809259415
    },
    "erbbands_skewness": {
        "dmean": 0.483201861382,
        "dmean2": 0.730943322182,
        "dvar": 0.205519750714,
        "dvar2": 0.484040379524,
        "max": 4.09385585785,
        "mean": 0.71871817112,
        "median": 0.688250720501,
        "min": -2.54759764671,
        "var": 0.655699789524
    },
    "erbbands_spread": {
        "dmean": 12.0923128128,
        "dmean2": 17.8384246826,
        "dvar": 188.249206543,
        "dvar2": 373.718078613,
        "max": 171.324996948,
        "mean": 38.7424430847,
        "median": 33.1333999634,
        "min": 3.02911663055,
        "var": 520.899719238
    },
    "hfc": {
        "dmean": 8.08851146698,
        "dmean2": 12.7324180603,
        "dvar": 111.114059448,
        "dvar2": 272.871429443,
        "max": 145.055099487,
        "mean": 18.6501922607,
        "median": 15.1007909775,
        "min": 0.000320684805047,
        "var": 242.119369507
    },
    "melbands_crest": {
        "dmean": 3.80773139,
        "dmean2": 6.20935630798,
        "dvar": 11.9948177338,
        "dvar2": 27.8368759155,
        "max": 32.1775360107,
        "mean": 14.6864833832,
        "median": 13.3986053467,
        "min": 4.72550678253,
        "var": 32.2883491516
    },
    "melbands_flatness_db": {
        "dmean": 0.041668895632,
        "dmean2": 0.0618244037032,
        "dvar": 0.0015982381301,
        "dvar2": 0.00366341788322,
        "max": 0.57903701067,
        "mean": 0.250990778208,
        "median": 0.238763183355,
        "min": 0.0511559471488,
        "var": 0.00720647582784
    },
    "melbands_kurtosis": {
        "dmean": 19.3377037048,
        "dmean2": 32.1502571106,
        "dvar": 1588.09143066,
        "dvar2": 4127.24511719,
        "max": 543.333068848,
        "mean": 26.077009201,
        "median": 12.7181062698,
        "min": -1.60398161411,
        "var": 1894.79980469
    },
    "melbands_skewness": {
        "dmean": 1.17916631699,
        "dmean2": 1.82878565788,
        "dvar": 2.02548265457,
        "dvar2": 4.71028470993,
        "max": 17.8911876678,
        "mean": 3.2471807003,
        "median": 2.87786054611,
        "min": -0.959770321846,
        "var": 4.6290769577
    },
    "melbands_spread": {
        "dmean": 5.98773336411,
        "dmean2": 9.08150482178,
        "dvar": 85.8045425415,
        "dvar2": 164.20954895,
        "max": 196.936508179,
        "mean": 15.0586280823,
        "median": 12.4638166428,
        "min": 0.307645708323,
        "var": 244.339508057
    },
    "pitch_salience": {
        "dmean": 0.0875130295753,
        "dmean2": 0.141489237547,
        "dvar": 0.00601213146001,
        "dvar2": 0.0157911665738,
        "max": 0.828630924225,
        "mean": 0.546224892139,
        "median": 0.560254812241,
        "min": 0.11178035289,
        "var": 0.0160550940782
    },
    "silence_rate_20dB": {
        "dmean": 0,
        "dmean2": 0,
        "dvar": 0,
        "dvar2": 0,
        "max": 1,
        "mean": 1,
        "median": 1,
        "min": 1,
        "var": 0
    },
    "silence_rate_30dB": {
        "dmean": 0.0906274169683,
        "dmean2": 0.181325063109,
        "dvar": 0.0824137404561,
        "dvar2": 0.149993300438,
        "max": 1,
        "mean": 0.852109968662,
        "median": 1,
        "min": 0,
        "var": 0.126018732786
    },
    "silence_rate_60dB": {
        "dmean": 0.0224632062018,
        "dmean2": 0.0449438206851,
        "dvar": 0.0219579860568,
        "dvar2": 0.049124546349,
        "max": 1,
        "mean": 0.0445218719542,
        "median": 0,
        "min": 0,
        "var": 0.0425409823656
    },
    "spectral_centroid": {
        "dmean": 229.677062988,
        "dmean2": 355.836120605,
        "dvar": 92023.75,
        "dvar2": 205927.375,
        "max": 4273.98876953,
        "mean": 810.340209961,
        "median": 727.844848633,
        "min": 149.915054321,
        "var": 235325.421875
    },
    "spectral_complexity": {
        "dmean": 3.29821848869,
        "dmean2": 5.23982954025,
        "dvar": 17.3301105499,
        "dvar2": 37.9460525513,
        "max": 50,
        "mean": 13.5710411072,
        "median": 13,
        "min": 0,
        "var": 48.1387557983
    },
    "spectral_decrease": {
        "dmean": 9.74617631044e-09,
        "dmean2": 1.70128622301e-08,
        "dvar": 4.19872617297e-16,
        "dvar2": 1.21408694577e-15,
        "max": -3.33370673731e-13,
        "mean": -1.33161446314e-08,
        "median": -7.26522264571e-09,
        "min": -1.18299503526e-07,
        "var": 3.62992184367e-16
    },
    "spectral_energy": {
        "dmean": 0.0373992137611,
        "dmean2": 0.0652027279139,
        "dvar": 0.00608028518036,
        "dvar2": 0.0175729822367,
        "max": 0.450645983219,
        "mean": 0.0519498959184,
        "median": 0.028821060434,
        "min": 1.28729823246e-06,
        "var": 0.00528187537566
    },
    "spectral_energyband_high": {
        "dmean": 0.000415635702666,
        "dmean2": 0.000603005406447,
        "dvar": 5.20444984886e-07,
        "dvar2": 1.07587982257e-06,
        "max": 0.00976768601686,
        "mean": 0.000604683940765,
        "median": 0.000221947251703,
        "min": 4.57451188041e-09,
        "var": 9.52967184276e-07
    },
    "spectral_energyband_low": {
        "dmean": 0.0320281945169,
        "dmean2": 0.0570647902787,
        "dvar": 0.00591668020934,
        "dvar2": 0.0171619132161,
        "max": 0.428510338068,
        "mean": 0.0314861014485,
        "median": 0.00880126282573,
        "min": 9.14446559364e-07,
        "var": 0.00473937671632
    },
    "spectral_energyband_middle_high": {
        "dmean": 0.00173328316305,
        "dmean2": 0.00264800549485,
        "dvar": 1.28445271912e-05,
        "dvar2": 3.01191157632e-05,
        "max": 0.112894721329,
        "mean": 0.00409538811073,
        "median": 0.00215783133171,
        "min": 1.96069962044e-07,
        "var": 3.54535295628e-05
    },
    "spectral_energyband_middle_low": {
        "dmean": 0.00770434644073,
        "dmean2": 0.012625630945,
        "dvar": 0.000116519637231,
        "dvar2": 0.000308244780172,
        "max": 0.126742228866,
        "mean": 0.0181586109102,
        "median": 0.0154297063127,
        "min": 9.47674294594e-08,
        "var": 0.000205255593755
    },
    "spectral_entropy": {
        "dmean": 0.288078665733,
        "dmean2": 0.417284011841,
        "dvar": 0.0819646939635,
        "dvar2": 0.164453238249,
        "max": 8.89964771271,
        "mean": 7.20905542374,
        "median": 7.21935319901,
        "min": 5.44944524765,
        "var": 0.278712630272
    },
    "spectral_flux": {
        "dmean": 0.0572617575526,
        "dmean2": 0.0923702567816,
        "dvar": 0.00791430007666,
        "dvar2": 0.0159873627126,
        "max": 0.639438152313,
        "mean": 0.12420720607,
        "median": 0.0901305824518,
        "min": 0.00113459164277,
        "var": 0.0120359631255
    },
    "spectral_kurtosis": {
        "dmean": 2.84766077995,
        "dmean2": 4.50746965408,
        "dvar": 16.7222290039,
        "dvar2": 40.1469726562,
        "max": 51.5871810913,
        "mean": 4.84296035767,
        "median": 3.39214229584,
        "min": -1.47173821926,
        "var": 28.1396751404
    },
    "spectral_rms": {
        "dmean": 0.00193606759422,
        "dmean2": 0.0031524815131,
        "dvar": 9.2072350526e-06,
        "dvar2": 2.49853273999e-05,
        "max": 0.0209679435939,
        "mean": 0.00611090334132,
        "median": 0.00530265085399,
        "min": 3.54386902472e-05,
        "var": 1.33397034006e-05
    },
    "spectral_rolloff": {
        "dmean": 394.671417236,
        "dmean2": 674.604003906,
        "dvar": 692869.3125,
        "dvar2": 1535464.875,
        "max": 9539.20898438,
        "mean": 903.03729248,
        "median": 602.9296875,
        "min": 64.599609375,
        "var": 1309400.5
    },
    "spectral_skewness": {
        "dmean": 0.405127763748,
        "dmean2": 0.599156975746,
        "dvar": 0.193146243691,
        "dvar2": 0.430242717266,
        "max": 5.65336608887,
        "mean": 1.73288750648,
        "median": 1.65801560879,
        "min": -0.237363234162,
        "var": 0.52509111166
    },
    "spectral_spread": {
        "dmean": 726455.8125,
        "dmean2": 1008357.25,
        "dvar": 741269504000,
        "dvar2": 1.17482310861e+12,
        "max": 28335236,
        "mean": 4518712.5,
        "median": 4318674.5,
        "min": 1290672.625,
        "var": 2.46592097485e+12
    },
    "spectral_strongpeak": {
        "dmean": 0.559816420078,
        "dmean2": 0.943985641003,
        "dvar": 0.627862036228,
        "dvar2": 1.38426351547,
        "max": 10.5450534821,
        "mean": 0.932574152946,
        "median": 0.544824242592,
        "min": 0,
        "var": 1.20674073696
    },
    "zerocrossingrate": {
        "dmean": 0.0101506523788,
        "dmean2": 0.0114101925865,
        "dvar": 0.000162238444318,
        "dvar2": 0.000171261694049,
        "max": 0.31640625,
        "mean": 0.0429375581443,
        "median": 0.03662109375,
        "min": 0.00244140625,
        "var": 0.000968101725448
    },
    "barkbands": {
        "dmean": [0.000957523356192, 0.0214426144958, 0.0104937460274, 0.00310082104988, 0.00358226406388, 0.00116608932149, 0.00109087408055, 0.00168029707856, 0.000890631927177, 0.000549142598175, 0.000329071423039, 0.000514647690579, 0.000513441860676, 0.000327802612446, 0.000210139391129, 0.000123563731904, 9.03141626623e-05, 9.38578159548e-05, 7.52867854317e-05, 6.40616708552e-05, 0.000105283143057, 9.36506185099e-05, 9.39913516049e-05, 9.23465922824e-05, 3.32848467224e-05, 2.61424446535e-08, 2.40266140317e-09],
        "dmean2": [0.00139915931504, 0.0379652716219, 0.0196292474866, 0.00539292348549, 0.00605231057853, 0.00188197928946, 0.00169740768615, 0.00243077706546, 0.00139497825876, 0.000863953260705, 0.000528163451236, 0.000822423840873, 0.000786568212789, 0.000517099280842, 0.000325960078044, 0.000190295264474, 0.000137848343002, 0.000153376662638, 0.000123685371364, 0.000101708130387, 0.000167544247233, 0.000142277916893, 0.000141975920997, 0.000136314338306, 4.81247479911e-05, 3.94117058988e-08, 4.52091430958e-09],
        "dvar": [4.86193357574e-06, 0.00258867489174, 0.000921391125303, 4.15914037148e-05, 2.20960737352e-05, 2.8752608614e-06, 4.29886313214e-06, 1.15571801871e-05, 3.97725034418e-06, 1.75694742666e-06, 5.53851123186e-07, 6.56630254525e-06, 2.11315227716e-06, 6.85498491748e-07, 2.55875050925e-07, 1.21395501651e-07, 2.50184051254e-08, 3.82043694458e-08, 2.24015188621e-08, 1.58533275396e-08, 3.60068170835e-08, 3.02599367785e-08, 2.65774477981e-08, 3.935103976e-08, 5.46700507087e-09, 3.76079071043e-15, 2.06452104795e-17],
        "dvar2": [1.01956429717e-05, 0.00748334312811, 0.00264967023395, 0.000114329581265, 6.05993736826e-05, 7.2824777817e-06, 9.42810402194e-06, 2.44018283411e-05, 8.85338613443e-06, 4.09895164921e-06, 1.50191772263e-06, 1.64707762451e-05, 4.97700966662e-06, 1.73011062543e-06, 5.5311795677e-07, 2.28692485393e-07, 5.25252943362e-08, 1.03455420231e-07, 5.19242782104e-08, 3.46139898966e-08, 8.22707661996e-08, 6.85099692532e-08, 5.49252376914e-08, 8.16973866336e-08, 1.09437756635e-08, 8.41163601853e-15, 6.53572210288e-17],
        "max": [0.0161618310958, 0.308849513531, 0.178299590945, 0.0608531832695, 0.0509035475552, 0.03239236027, 0.0421593375504, 0.0571357533336, 0.0353211089969, 0.033547077328, 0.0116401677951, 0.10883128643, 0.0390842854977, 0.0133903063834, 0.0111186131835, 0.00946057215333, 0.00266895885579, 0.00315263983794, 0.00158670044038, 0.00200361758471, 0.00171551352832, 0.00189244188368, 0.00211972440593, 0.00409651827067, 0.0011818446219, 9.26115887978e-07, 5.41109734797e-08],
        "mean": [0.00105984136462, 0.0197751931846, 0.0084337843582, 0.00384652544744, 0.00589641928673, 0.00186072697397, 0.00165430875495, 0.00312667596154, 0.00138810987119, 0.000863780092914, 0.000493011320941, 0.000714603636879, 0.000785936543252, 0.000472863292089, 0.000332043447997, 0.000196328357561, 0.000171378560481, 0.000132218090585, 9.33740593609e-05, 8.64770408953e-05, 0.000129512874992, 0.000126597180497, 0.000136639238917, 0.000127634688397, 4.58648901258e-05, 3.27862395011e-08, 1.70651137665e-09],
        "median": [9.03858308448e-05, 0.00267849676311, 0.00294551509432, 0.00222194939852, 0.00430874479935, 0.000937076343689, 0.000637006072793, 0.000719902687706, 0.000395476061385, 0.000244989350904, 0.000124598300317, 0.000116848095786, 0.000121860161016, 0.000105698556581, 8.5609171947e-05, 5.0506027037e-05, 6.79896402289e-05, 5.54453072255e-05, 3.55953161488e-05, 2.87287621177e-05, 3.96436298615e-05, 5.27091870026e-05, 5.20449539181e-05, 2.70282671408e-05, 9.4034603535e-06, 7.5604829064e-09, 4.31703256476e-10],
        "min": [3.59453053989e-08, 2.13184847553e-08, 3.17349844181e-08, 3.39038805919e-08, 1.78315389121e-08, 6.93614987668e-09, 9.13474629272e-09, 6.3398060135e-09, 1.80160135699e-08, 6.15708231066e-08, 8.51255563816e-08, 1.23252057449e-08, 7.21403559112e-09, 1.74480749848e-08, 5.8540310377e-09, 2.39086483944e-09, 3.52035378626e-09, 5.72556835277e-10, 2.59314986151e-10, 2.29230523452e-10, 3.30687077721e-09, 9.92301130154e-10, 8.42352992914e-11, 1.9297946921e-11, 5.54215571005e-12, 4.99965390269e-12, 7.64042475121e-12],
        "var": [6.17017030891e-06, 0.00224401429296, 0.00053650571499, 3.3508247725e-05, 3.35860750056e-05, 6.31819693808e-06, 8.42131157697e-06, 3.51650414814e-05, 8.16858573671e-06, 3.41929194292e-06, 1.00271518022e-06, 9.18684509088e-06, 4.08840696764e-06, 1.13660792067e-06, 6.86223586399e-07, 3.42569506984e-07, 8.21812022878e-08, 4.65360443513e-08, 2.71081752601e-08, 2.91373716266e-08, 5.08208444217e-08, 4.3128885352e-08, 4.84936641953e-08, 7.14928631851e-08, 1.009103201e-08, 5.474962626e-15, 1.38591828615e-17]
    },
    "erbbands": {
        "dmean": [0.520926475525, 5.23102140427, 12.7766065598, 10.4851026535, 10.507774353, 14.0096702576, 10.5947666168, 8.86357212067, 13.1903820038, 23.0664997101, 36.9302597046, 21.5389022827, 17.5573139191, 14.4445352554, 13.8505249023, 23.1447086334, 19.2287635803, 21.687417984, 11.2289934158, 7.95161676407, 5.22739315033, 4.38536024094, 5.2336769104, 4.24614048004, 3.31215047836, 3.14042210579, 3.23982214928, 4.74817562103, 3.61599040031, 2.86190962791, 2.62003469467, 2.05803060532, 1.49742877483, 0.679936408997, 0.0597418807447, 0.00257702893578, 0.000130118467496, 1.68301085068e-05, 1.92435600184e-05, 4.14824135078e-05],
        "dmean2": [0.844285011292, 9.52805423737, 23.8507099152, 18.2707996368, 18.103307724, 23.3984127045, 17.9071598053, 14.1308498383, 20.6942024231, 34.1582107544, 53.7366752625, 33.3348884583, 27.1568832397, 22.6579551697, 22.3100700378, 36.3531455994, 29.8746089935, 33.6784667969, 17.3878955841, 12.3965673447, 7.86596918106, 6.74598836899, 8.4494972229, 7.26684808731, 5.13697814941, 5.01986265182, 5.05990457535, 7.5934586525, 5.6340098381, 4.24556016922, 3.94367957115, 3.0490424633, 2.2183611393, 0.976943016052, 0.0897614881396, 0.00384218525141, 0.000189416037756, 2.40276585828e-05, 3.23287749779e-05, 7.1976253821e-05],
        "dvar": [1.22642874718, 181.606613159, 1448.78344727, 464.839080811, 334.779327393, 337.647827148, 236.976089478, 207.640808105, 526.059265137, 2284.40576172, 6858.59033203, 2058.10424805, 1529.74597168, 1455.33276367, 1390.18701172, 17057.7089844, 2951.99291992, 3659.8137207, 609.68548584, 350.049285889, 138.758987427, 52.7050361633, 95.81640625, 92.523727417, 39.5927696228, 38.8981018066, 37.4595413208, 78.3160552979, 52.2488059998, 25.4736175537, 21.0745067596, 17.1827964783, 12.3596220016, 2.20225381851, 0.0196699090302, 3.49571273546e-05, 7.21899269251e-08, 1.07998643362e-09, 1.22799603819e-09, 7.12620717991e-09],
        "dvar2": [2.97155237198, 533.986083984, 4185.46923828, 1266.07189941, 937.826782227, 919.12890625, 645.098449707, 496.524200439, 1263.25549316, 4904.80078125, 13856.1904297, 4648.11962891, 3736.20458984, 3054.2253418, 3921.50976562, 42007.1015625, 7164.81347656, 8641.6796875, 1390.45349121, 655.277648926, 279.330078125, 114.507316589, 251.899917603, 250.970870972, 78.3594741821, 88.8992538452, 86.9753494263, 180.903991699, 123.389762878, 52.6863746643, 43.7862281799, 34.1793136597, 27.6047077179, 4.32443141937, 0.041336234659, 7.20734460629e-05, 1.42695938621e-07, 2.10116501975e-09, 3.45120443335e-09, 2.05420782606e-08],
        "max": [6.28091955185, 77.0577163696, 218.879928589, 144.974349976, 250.850494385, 228.969024658, 173.418243408, 311.280548096, 583.01373291, 842.588439941, 1571.50878906, 680.806030273, 691.071960449, 1169.40563965, 602.846923828, 5550.125, 1137.78808594, 1622.18127441, 444.093658447, 463.799530029, 249.237411499, 132.679138184, 136.756164551, 97.5999603271, 68.4407730103, 105.119659424, 66.1998062134, 70.5743484497, 68.2596206665, 81.3703689575, 68.5008087158, 69.5581054688, 81.5033416748, 23.5814609528, 1.86898720264, 0.0794634222984, 0.00355204264633, 0.000495678046718, 0.000215396503336, 0.000488019926706],
        "mean": [0.557531535625, 4.4116973877, 10.0719184875, 12.2832450867, 15.129860878, 21.7145252228, 16.8995170593, 13.8280658722, 20.0066127777, 39.878993988, 68.3538665771, 36.8739471436, 29.0180358887, 23.8791561127, 21.853477478, 32.7404708862, 31.5784454346, 34.1571655273, 19.462562561, 14.0518712997, 9.67249393463, 8.55372905731, 8.33177471161, 4.80499887466, 4.85177755356, 4.16148424149, 4.08052921295, 5.59790420532, 4.52156209946, 4.47128629684, 3.75553584099, 2.76230621338, 2.07022237778, 0.955430746078, 0.0794350430369, 0.00349121843465, 0.000191396349692, 2.63182719209e-05, 2.96705693472e-05, 5.956642417e-05],
        "median": [0.0574767440557, 0.689367473125, 3.05385947227, 7.1963801384, 9.84157466888, 15.1133804321, 8.62476730347, 6.70921802521, 9.29116439819, 15.5936021805, 16.071149826, 13.1765947342, 9.94281005859, 7.87182044983, 5.99246263504, 5.87651538849, 6.24971103668, 6.89599943161, 5.66162776947, 3.87806963921, 3.26015114784, 3.65498638153, 3.77008628845, 1.95865023136, 1.94765925407, 1.36632061005, 1.30822229385, 1.58753418922, 1.70233011246, 1.99851119518, 1.35537791252, 0.6570738554, 0.431329846382, 0.205784633756, 0.0163466148078, 0.000760944851208, 6.25337997917e-05, 1.04092268884e-05, 1.77455549419e-05, 3.43196043104e-05],
        "min": [1.53445387241e-06, 2.03505151148e-05, 7.67635792727e-05, 6.49720241199e-05, 0.000119539974548, 4.09401800425e-05, 3.22265623254e-05, 6.5076557803e-05, 5.31662881258e-05, 0.000251551886322, 0.00014316085435, 0.00052090495592, 0.00113666965626, 0.0017833445454, 0.00349397026002, 0.000738908653148, 0.000453675515018, 0.000760192808229, 0.000623643631116, 0.000174107932253, 0.000159273040481, 0.000202537281439, 4.36831396655e-05, 2.59655353148e-05, 7.71422128309e-06, 1.19486758194e-05, 0.000122258701595, 0.000106025538116, 4.30955551565e-05, 6.62454067424e-06, 2.02174669539e-06, 5.81273354783e-07, 2.9817124414e-07, 1.08719838465e-07, 2.67600892556e-08, 1.54174237821e-08, 1.0680067497e-08, 5.39923128429e-09, 1.71081160349e-09, 1.51680357163e-09],
        "var": [1.60954892635, 131.722229004, 848.826477051, 363.389099121, 338.863037109, 533.491088867, 502.649871826, 421.341033936, 915.908447266, 4768.90917969, 21052.03125, 4555.32666016, 3034.3828125, 2947.23364258, 2279.81347656, 22183.7421875, 5778.29394531, 6478.55419922, 1467.60205078, 1127.37963867, 396.715240479, 162.998931885, 159.36340332, 74.5664596558, 69.6860427856, 69.2313537598, 50.9290008545, 103.558570862, 64.5288238525, 46.2200584412, 37.9669914246, 32.2791213989, 19.8648738861, 4.19802093506, 0.0317959226668, 5.86348978686e-05, 1.33667711566e-07, 2.12956674517e-09, 1.18852705455e-09, 6.25708329594e-09]
    },
    "gfcc": {
        "mean": [-29.109828949, 137.208129883, -120.372543335, 49.1100692749, -78.9954071045, 25.9718837738, -39.4580230713, -5.91573381424, -6.71758079529, -18.767993927, -0.599204540253, -22.0164756775, 1.16613531113],
        "cov": [[4928.60595703, -772.559753418, -203.308486938, 321.369140625, -399.094970703, 250.265884399, 43.5606918335, 364.785827637, -70.1278533936, 185.45350647, -36.5512695312, -86.386756897, -126.023719788], [-772.559753418, 1241.35083008, 263.427490234, -199.187759399, 560.576965332, 31.7683544159, 353.734558105, -81.1660385132, 202.527954102, -68.0138092041, 134.187637329, -14.3674888611, 16.6184997559], [-203.308486938, 263.427490234, 866.693664551, 351.136627197, 223.202606201, 127.698745728, 163.627365112, 75.9543304443, 64.5299758911, 32.2370910645, 89.6605682373, 29.7556915283, 63.38230896], [321.369140625, -199.187759399, 351.136627197, 532.738891602, 97.6093902588, 6.63700246811, 8.91552829742, 93.4094085693, 45.7183647156, 18.166475296, -4.2540602684, 26.9084892273, 46.0552978516], [-399.094970703, 560.576965332, 223.202606201, 97.6093902588, 548.827575684, 79.3820571899, 163.636703491, 0.685268342495, 175.128189087, -15.7201099396, 50.6852645874, -7.7319111824, 30.0058917999], [250.265884399, 31.7683544159, 127.698745728, 6.63700246811, 79.3820571899, 230.720062256, 115.896728516, 28.0696792603, -2.63194704056, 53.9097366333, 33.7323760986, -4.2983341217, -9.87943172455], [43.5606918335, 353.734558105, 163.627365112, 8.91552829742, 163.636703491, 115.896728516, 312.992462158, 25.5457668304, 20.9801445007, 1.82352495193, 87.961479187, 4.60013914108, -7.35456180573], [364.785827637, -81.1660385132, 75.9543304443, 93.4094085693, 0.685268342495, 28.0696792603, 25.5457668304, 159.652038574, 52.0358848572, 18.9129543304, -1.65680670738, 2.18209195137, 0.0406399480999], [-70.1278533936, 202.527954102, 64.5299758911, 45.7183647156, 175.128189087, -2.63194704056, 20.9801445007, 52.0358848572, 216.41847229, 17.9639816284, -11.869893074, 1.82198786736, 26.680606842], [185.45350647, -68.0138092041, 32.2370910645, 18.166475296, -15.7201099396, 53.9097366333, 1.82352495193, 18.9129543304, 17.9639816284, 97.9883728027, 28.9998817444, -6.84599494934, -5.5435628891], [-36.5512695312, 134.187637329, 89.6605682373, -4.2540602684, 50.6852645874, 33.7323760986, 87.961479187, -1.65680670738, -11.869893074, 28.9998817444, 111.498703003, 23.8766479492, -5.44017839432], [-86.386756897, -14.3674888611, 29.7556915283, 26.9084892273, -7.7319111824, -4.2983341217, 4.60013914108, 2.18209195137, 1.82198786736, -6.84599494934, 23.8766479492, 74.7112731934, 30.4610309601], [-126.023719788, 16.6184997559, 63.38230896, 46.0552978516, 30.0058917999, -9.87943172455, -7.35456180573, 0.0406399480999, 26.680606842, -5.5435628891, -5.44017839432, 30.4610309601, 74.5518798828]],
        "icov": [[0.00035768156522, -0.000222588132601, 0.000348716945155, -0.000509776407853, 0.000428114406532, -0.00051816413179, 3.42017629009e-05, -0.000721503747627, 0.000148134015035, -0.000374044728233, 7.26207217667e-05, 0.000289286865154, 0.000241762463702], [-0.000222588132601, 0.00531177408993, -0.00183508102782, 0.00361530180089, -0.00345580535941, 0.00281102140434, -0.00367890810594, 0.00268870731816, -0.00307825603522, 0.00290602399036, -0.00259427982382, 0.00143456330989, -0.000292274286039], [0.000348716945155, -0.00183508102782, 0.00297954212874, -0.00280839460902, 0.00129504641518, -0.00218021962792, 0.000920276215766, -0.00149427226279, 0.000883205968421, -0.000686368148308, -0.00074542267248, 0.000489121244755, -0.00113959657028], [-0.000509776407853, 0.00361530180089, -0.00280839460902, 0.00600231299177, -0.00337745994329, 0.00331244198605, -0.00216721580364, 0.000893856515177, -0.00120505830273, 0.000948368979152, -5.75164558541e-05, -0.000581859785598, -0.000668620341457], [0.000428114406532, -0.00345580535941, 0.00129504641518, -0.00337745994329, 0.00641605583951, -0.00356820225716, 0.00150264601689, -0.000595090386923, -0.00157690118067, 0.000587230897509, -0.000530070567038, 0.00134193571284, -0.000406139151892], [-0.00051816413179, 0.00281102140434, -0.00218021962792, 0.00331244198605, -0.00356820225716, 0.00944404583424, -0.00424156570807, 0.000985951861367, 0.000639971753117, -0.00350885652006, 0.00170868961141, -0.00113378488459, 0.000671416055411], [3.42017629009e-05, -0.00367890810594, 0.000920276215766, -0.00216721580364, 0.00150264601689, -0.00424156570807, 0.00848807953298, -0.00247132591903, 0.00189918337855, 0.000768942700233, -0.00247096968815, -0.000123236401123, 0.000353679381078], [-0.000721503747627, 0.00268870731816, -0.00149427226279, 0.000893856515177, -0.000595090386923, 0.000985951861367, -0.00247132591903, 0.0109649030492, -0.00472809514031, 0.00212973612361, -0.00121704244521, 0.000196687571588, 0.000700894510373], [0.000148134015035, -0.00307825603522, 0.000883205968421, -0.00120505830273, -0.00157690118067, 0.000639971753117, 0.00189918337855, -0.00472809514031, 0.0106987338513, -0.00591361382976, 0.00510079693049, -0.00244534434751, -0.00105767254718], [-0.000374044728233, 0.00290602399036, -0.000686368148308, 0.000948368979152, 0.000587230897509, -0.00350885652006, 0.000768942700233, 0.00212973612361, -0.00591361382976, 0.0187689531595, -0.00949675962329, 0.00520221330225, -0.00121561600827], [7.26207217667e-05, -0.00259427982382, -0.00074542267248, -5.75164558541e-05, -0.000530070567038, 0.00170868961141, -0.00247096968815, -0.00121704244521, 0.00510079693049, -0.00949675962329, 0.0194412637502, -0.00871005654335, 0.00401285942644], [0.000289286865154, 0.00143456330989, 0.000489121244755, -0.000581859785598, 0.00134193571284, -0.00113378488459, -0.000123236401123, 0.000196687571588, -0.00244534434751, 0.00520221330225, -0.00871005654335, 0.0208666324615, -0.00848925579339], [0.000241762463702, -0.000292274286039, -0.00113959657028, -0.000668620341457, -0.000406139151892, 0.000671416055411, 0.000353679381078, 0.000700894510373, -0.00105767254718, -0.00121561600827, 0.00401285942644, -0.00848925579339, 0.0196057278663]]
    },
    "melbands": {
        "dmean": [0.00532764708623, 0.00691708689556, 0.00183130509686, 0.000905631284695, 0.000386698084185, 0.00021043761808, 0.00020867533749, 0.000272006698651, 0.000287456612568, 0.000133458059281, 8.80968364072e-05, 6.04787455813e-05, 4.29641040682e-05, 6.24577223789e-05, 3.87980835512e-05, 5.60076477996e-05, 4.01751422032e-05, 1.84893360711e-05, 1.52363390953e-05, 1.0628509699e-05, 5.93407457927e-06, 4.69795850222e-06, 5.25814675711e-06, 4.46298690804e-06, 3.55683528142e-06, 2.66600022769e-06, 2.26567431127e-06, 2.09996687772e-06, 1.73183730112e-06, 2.81680854641e-06, 2.78137690657e-06, 2.11398605643e-06, 1.68479141394e-06, 1.68337817286e-06, 1.59376236297e-06, 1.40570909934e-06, 1.2895841337e-06, 1.12457644263e-06, 8.80836125816e-07, 5.03148669395e-07],
        "dmean2": [0.00908696837723, 0.0127147436142, 0.00319983111694, 0.00152393733151, 0.000652862072457, 0.000334988842951, 0.000325874629198, 0.000402969832066, 0.000418210809585, 0.000208621568163, 0.000136630784255, 9.49239038164e-05, 6.88580767019e-05, 9.94314686977e-05, 5.99872582825e-05, 8.6759464466e-05, 6.28719935776e-05, 2.92975273624e-05, 2.32619368035e-05, 1.61565603776e-05, 9.10396829568e-06, 7.25068866814e-06, 8.29367218103e-06, 7.51269317334e-06, 6.15972476226e-06, 4.24949666922e-06, 3.50667119164e-06, 3.42789826391e-06, 2.7240455438e-06, 4.46604462923e-06, 4.54005294159e-06, 3.32988383889e-06, 2.54839324043e-06, 2.53948610407e-06, 2.45060618909e-06, 2.11791166294e-06, 1.94515314433e-06, 1.67879875335e-06, 1.30352816541e-06, 7.2525097039e-07],
        "dvar": [0.000139156065416, 0.000385944033042, 1.36486250994e-05, 1.6181936644e-06, 2.52982545135e-07, 1.11828782678e-07, 1.2678178507e-07, 2.90049257501e-07, 4.47109101742e-07, 8.33514519627e-08, 3.88106755622e-08, 2.75863119015e-08, 1.08375477481e-08, 7.46545012476e-08, 3.02002050034e-08, 2.57793519864e-08, 1.23533094865e-08, 1.74835756983e-09, 1.51424950356e-09, 1.05851005738e-09, 1.73547717863e-10, 7.13749476189e-11, 6.96158269919e-11, 1.18165144336e-10, 6.76966954716e-11, 2.86984047637e-11, 1.96867869229e-11, 1.79275361917e-11, 1.2353900021e-11, 2.63745379703e-11, 2.9704266824e-11, 1.89457234623e-11, 9.14632779236e-12, 8.93751565811e-12, 7.51280374717e-12, 7.88037430449e-12, 6.93111800593e-12, 7.53570036233e-12, 3.9112285459e-12, 1.24936682094e-12],
        "dvar2": [0.000383084116038, 0.00112624617759, 3.74467017537e-05, 4.46264266429e-06, 6.76412469147e-07, 2.66429623252e-07, 2.92816281444e-07, 6.20004072971e-07, 8.90782814622e-07, 1.89520989125e-07, 9.55344532372e-08, 5.67549207631e-08, 2.95112059234e-08, 1.86594377283e-07, 7.39377199466e-08, 6.11165305031e-08, 2.9988601824e-08, 4.10274392237e-09, 2.93771051929e-09, 1.8910426558e-09, 3.65337260444e-10, 1.55959162251e-10, 1.6404830272e-10, 3.29357457973e-10, 1.85629747684e-10, 5.6916395208e-11, 4.00068658757e-11, 4.23293691765e-11, 2.87075016536e-11, 6.07145375642e-11, 7.23718723838e-11, 4.48918575924e-11, 2.05126159114e-11, 1.90924775989e-11, 1.62196610309e-11, 1.64198411812e-11, 1.42323184488e-11, 1.73140633775e-11, 8.3921064542e-12, 2.49055940801e-12],
        "max": [0.0736762955785, 0.108341775835, 0.0242301318794, 0.0142291383818, 0.00588953774422, 0.00810217857361, 0.0077186957933, 0.00930649694055, 0.0126409931108, 0.00401512999088, 0.00344978971407, 0.00529213994741, 0.00149911420885, 0.0111227482557, 0.00705007137731, 0.00408574333414, 0.00259771337733, 0.000789810961578, 0.00110834883526, 0.000960632460192, 0.000254581536865, 0.000168834871147, 0.00016154430341, 0.000188718331628, 9.18118021218e-05, 8.9145374659e-05, 6.64022736601e-05, 7.09814485162e-05, 3.8617021346e-05, 5.26241783518e-05, 4.44307079306e-05, 4.66508499812e-05, 4.0168310079e-05, 4.51859305031e-05, 4.19513016823e-05, 3.87771287933e-05, 4.33074346802e-05, 6.76121999277e-05, 3.28030146193e-05, 1.86474335351e-05],
        "mean": [0.00527779851109, 0.00565365469083, 0.00218714238144, 0.00139187229797, 0.000652435002849, 0.000327108602505, 0.000322977721225, 0.000484481977765, 0.00051617459394, 0.000215702501009, 0.000139400392072, 9.49991226662e-05, 6.51199006825e-05, 8.90157534741e-05, 5.55014703423e-05, 8.65920519573e-05, 5.96398313064e-05, 3.02315147565e-05, 2.43470003625e-05, 1.66652462212e-05, 1.02580097519e-05, 8.82036692929e-06, 8.91452873475e-06, 6.00432986175e-06, 3.58128568223e-06, 3.55176257472e-06, 3.42331509273e-06, 2.53683560913e-06, 2.09591212297e-06, 3.47316790794e-06, 3.06296783492e-06, 2.43775730269e-06, 2.54204451267e-06, 2.49499657912e-06, 2.23910842578e-06, 1.84469058695e-06, 1.65827611909e-06, 1.52074028392e-06, 1.19478795568e-06, 6.81744040776e-07],
        "median": [0.000659607932903, 0.00153574859723, 0.00136251025833, 0.000968308537267, 0.000388481101254, 0.00015715455811, 0.000142658231198, 0.000184864285984, 0.000111685461889, 6.44751125947e-05, 4.27214763477e-05, 2.65564976871e-05, 1.70226576302e-05, 1.60378531291e-05, 1.04710661617e-05, 1.29315039885e-05, 1.15624825412e-05, 7.87278167991e-06, 5.6977373788e-06, 4.02869818572e-06, 3.29943463839e-06, 3.45888884112e-06, 3.99869031753e-06, 2.36875871451e-06, 1.21531411423e-06, 1.32143577503e-06, 1.26179554627e-06, 7.37485038371e-07, 6.55608175748e-07, 9.61720616033e-07, 8.67307505814e-07, 8.3736608758e-07, 1.14207102797e-06, 1.03895956727e-06, 8.17949114662e-07, 5.0162577736e-07, 3.23439309113e-07, 3.06748745516e-07, 2.5740342835e-07, 1.30820751565e-07],
        "min": [1.38376341496e-08, 6.1331924428e-08, 1.44180836159e-08, 5.31197530407e-09, 1.22947552139e-09, 1.36539712869e-09, 1.10359033023e-09, 2.5735393816e-09, 1.49411993888e-09, 2.89340595927e-09, 6.46142517269e-09, 7.45762918086e-09, 1.31439881201e-08, 2.65323296667e-09, 8.54907478143e-10, 1.02502706323e-09, 1.40366429591e-09, 1.10993481073e-09, 3.71363328977e-10, 1.39751418771e-10, 1.79830192404e-10, 2.23675175604e-10, 8.73945915636e-11, 2.03955966699e-11, 2.15444502516e-11, 5.27772226963e-12, 4.70695097482e-12, 4.80975198905e-12, 6.30096738674e-11, 8.83531373064e-11, 5.63444534085e-11, 2.99846571183e-11, 6.26092146877e-12, 2.26357799692e-12, 1.06237067754e-12, 7.45077990191e-13, 2.14380881211e-13, 1.92766592619e-13, 2.01418661481e-13, 5.70704507957e-14],
        "var": [0.000146499558468, 0.000241177796852, 1.05832132249e-05, 2.21489540309e-06, 5.39825066426e-07, 2.29486033732e-07, 2.48736938602e-07, 6.72552971537e-07, 1.31975264139e-06, 1.78981139243e-07, 7.49696553726e-08, 5.56076003022e-08, 1.8416118408e-08, 1.16030641095e-07, 3.61808822902e-08, 5.06294313141e-08, 2.0488526431e-08, 3.65654795331e-09, 4.66317739978e-09, 3.08923375769e-09, 4.19361434467e-10, 2.00286676133e-10, 1.80152920359e-10, 1.16697054797e-10, 5.11290280947e-11, 4.50586061518e-11, 4.4149080225e-11, 2.73829847686e-11, 1.55619649111e-11, 3.844396676e-11, 3.34282185266e-11, 2.20306412002e-11, 1.46675172008e-11, 1.5621198779e-11, 1.29844121566e-11, 1.34033695601e-11, 1.24688887687e-11, 1.12343684702e-11, 6.85260268668e-12, 2.27186065099e-12]
    },
    "mfcc": {
        "mean": [-656.420776367, 135.707489014, 25.7312412262, 14.1099224091, 4.23026514053, 11.3384304047, -7.52350854874, 4.41362667084, -3.18404698372, 0.950164139271, 1.39738631248, -1.11604571342, -6.42622566223],
        "cov": [[5343.32324219, -1147.36071777, -70.5126037598, -76.4704971313, -314.223236084, -154.779815674, 89.8268890381, -12.3944368362, 80.771812439, 78.989112854, 195.986404419, 59.1992950439, 0.72582089901], [-1147.36071777, 1515.71435547, -142.0128479, -36.6152267456, 167.186981201, 226.238143921, 152.49508667, 162.079971313, 40.09765625, 70.557220459, 129.942306519, 12.3473176956, 80.9881439209], [-70.5126037598, -142.0128479, 683.514221191, 233.547103882, 63.1309318542, 55.6909294128, 136.07409668, 44.4350318909, 46.09349823, 28.7676029205, -26.5000782013, 91.1666412354, 32.3319892883], [-76.4704971313, -36.6152267456, 233.547103882, 478.278808594, 188.078094482, 35.2643165588, 27.1540966034, 82.1752243042, 82.9299468994, 33.5812110901, -38.7957115173, 65.4527664185, 26.2516422272], [-314.223236084, 167.186981201, 63.1309318542, 188.078094482, 365.027557373, 93.1682128906, -38.5984992981, 55.6177330017, 111.712409973, 64.8378982544, 2.90054321289, 41.4136009216, 20.926399231], [-154.779815674, 226.238143921, 55.6909294128, 35.2643165588, 93.1682128906, 236.234817505, 110.387756348, 45.5419578552, 30.7997550964, 47.5282669067, 50.8997268677, 9.80151081085, 8.28784656525], [89.8268890381, 152.49508667, 136.07409668, 27.1540966034, -38.5984992981, 110.387756348, 297.220916748, 73.0565948486, -35.0161590576, 28.7336940765, 64.2744598389, 22.6450958252, 15.3607406616], [-12.3944368362, 162.079971313, 44.4350318909, 82.1752243042, 55.6177330017, 45.5419578552, 73.0565948486, 155.704391479, 63.2093887329, 22.0641422272, 30.3040122986, 30.0078735352, 33.3247070312], [80.771812439, 40.09765625, 46.09349823, 82.9299468994, 111.712409973, 30.7997550964, -35.0161590576, 63.2093887329, 158.047546387, 52.2913513184, 5.66365003586, 30.0106773376, 19.1428508759], [78.989112854, 70.557220459, 28.7676029205, 33.5812110901, 64.8378982544, 47.5282669067, 28.7336940765, 22.0641422272, 52.2913513184, 120.103157043, 50.4853477478, 4.54892253876, 13.6224632263], [195.986404419, 129.942306519, -26.5000782013, -38.7957115173, 2.90054321289, 50.8997268677, 64.2744598389, 30.3040122986, 5.66365003586, 50.4853477478, 132.183197021, 22.3607368469, 12.3120336533], [59.1992950439, 12.3473176956, 91.1666412354, 65.4527664185, 41.4136009216, 9.80151081085, 22.6450958252, 30.0078735352, 30.0106773376, 4.54892253876, 22.3607368469, 112.664649963, 32.5174026489], [0.72582089901, 80.9881439209, 32.3319892883, 26.2516422272, 20.926399231, 8.28784656525, 15.3607406616, 33.3247070312, 19.1428508759, 13.6224632263, 12.3120336533, 32.5174026489, 81.319984436]],
