{
"lowlevel": {
    "average_loudness": 0.975111782551,
    "barkbands_crest": {
        "dmean": 2.36446475983,
        "dmean2": 3.95155835152,
        "dvar": 4.67712879181,
        "dvar2": 13.1239290237,
        "max": 22.1129798889,
        "mean": 9.00788116455,
        "median": 8.57145595551,
        "min": 2.09927630424,
        "var": 9.8413105011
    },
    "barkbands_flatness_db": {
        "dmean": 0.0197000317276,
        "dmean2": 0.0314710959792,
        "dvar": 0.000318814563798,
        "dvar2": 0.000860583328176,
        "max": 0.3331374228,
        "mean": 0.157994806767,
        "median": 0.156969696283,
        "min": 0.0681709870696,
        "var": 0.00112628540955
    },
    "barkbands_kurtosis": {
        "dmean": 1.68461477757,
        "dmean2": 2.75666499138,
        "dvar": 5.51122760773,
        "dvar2": 13.8429698944,
        "max": 43.4131164551,
        "mean": 1.57604444027,
        "median": 0.525517702103,
        "min": -1.86973392963,
        "var": 13.067574501
    },
    "barkbands_skewness": {
        "dmean": 0.476955413818,
        "dmean2": 0.764417350292,
        "dvar": 0.217878550291,
        "dvar2": 0.589139461517,
        "max": 5.58961296082,
        "mean": 1.27680313587,
        "median": 1.19137966633,
        "min": -0.8612023592,
        "var": 0.637362837791
    },
    "barkbands_spread": {
        "dmean": 5.53316736221,
        "dmean2": 8.79662895203,
        "dvar": 43.6115989685,
        "dvar2": 108.540229797,
        "max": 114.546310425,
        "mean": 25.6182384491,
        "median": 23.6756858826,
        "min": 2.1575782299,
        "var": 128.868118286
    },
    "dissonance": {
        "dmean": 0.0128035089001,
        "dmean2": 0.0211846642196,
        "dvar": 0.000190971972188,
        "dvar2": 0.000490416423418,
        "max": 0.500000119209,
        "mean": 0.476677924395,
        "median": 0.482816427946,
        "min": 0.27418088913,
        "var": 0.000432478496805
    },
    "dynamic_complexity": 1.66722607613,
    "erbbands_crest": {
        "dmean": 2.10447978973,
        "dmean2": 3.37770247459,
        "dvar": 4.33278846741,
        "dvar2": 10.0938100815,
        "max": 31.5451755524,
        "mean": 7.40916490555,
        "median": 6.32670068741,
        "min": 2.32424736023,
        "var": 13.6457624435
    },
    "erbbands_flatness_db": {
        "dmean": 0.0130142401904,
        "dmean2": 0.0189192909747,
        "dvar": 0.000161457908689,
        "dvar2": 0.000313702767016,
        "max": 0.346142083406,
        "mean": 0.182610914111,
        "median": 0.179853886366,
        "min": 0.0975784063339,
        "var": 0.000910158734769
    },
    "erbbands_kurtosis": {
        "dmean": 0.617898881435,
        "dmean2": 0.957996845245,
        "dvar": 0.767180323601,
        "dvar2": 1.56736636162,
        "max": 22.3535232544,
        "mean": 0.143802344799,
        "median": -0.139155626297,
        "min": -1.59771943092,
        "var": 1.84879076481
    },
    "erbbands_skewness": {
        "dmean": 0.271322280169,
        "dmean2": 0.412251859903,
        "dvar": 0.0657661631703,
        "dvar2": 0.153285220265,
        "max": 3.07224607468,
        "mean": -0.160107702017,
        "median": -0.234155759215,
        "min": -2.54935717583,
        "var": 0.314990103245
    },
    "erbbands_spread": {
        "dmean": 7.25917816162,
        "dmean2": 11.3531961441,
        "dvar": 55.3566856384,
        "dvar2": 132.700332642,
        "max": 97.4721984863,
        "mean": 36.0709877014,
        "median": 35.1106529236,
        "min": 2.52757167816,
        "var": 181.349151611
    },
    "hfc": {
        "dmean": 6.02378320694,
        "dmean2": 9.10878944397,
        "dvar": 55.0413284302,
        "dvar2": 120.317230225,
        "max": 149.867401123,
        "mean": 27.0710659027,
        "median": 26.3582305908,
        "min": 0.00041329592932,
        "var": 224.435195923
    },
    "melbands_crest": {
        "dmean": 3.15361404419,
        "dmean2": 5.26129436493,
        "dvar": 8.38453578949,
        "dvar2": 23.7302761078,
        "max": 30.1131496429,
        "mean": 14.1645841599,
        "median": 13.7969617844,
        "min": 4.46379995346,
        "var": 19.4712524414
    },
    "melbands_flatness_db": {
        "dmean": 0.0245131030679,
        "dmean2": 0.0374646931887,
        "dvar": 0.000529475044459,
        "dvar2": 0.00135327212047,
        "max": 0.42510420084,
        "mean": 0.191455602646,
        "median": 0.193247392774,
        "min": 0.047953683883,
        "var": 0.00238285260275
    },
    "melbands_kurtosis": {
        "dmean": 5.14436149597,
        "dmean2": 8.49982643127,
        "dvar": 51.0802307129,
        "dvar2": 136.803131104,
        "max": 111.735557556,
        "mean": 9.06270503998,
        "median": 6.33219528198,
        "min": -1.60620903969,
        "var": 100.75289917
    },
    "melbands_skewness": {
        "dmean": 0.706114470959,
        "dmean2": 1.13453674316,
        "dvar": 0.530838131905,
        "dvar2": 1.44396150112,
        "max": 9.10555362701,
        "mean": 2.52572345734,
        "median": 2.43885946274,
        "min": -0.53532487154,
        "var": 1.57168614864
    },
    "melbands_spread": {
        "dmean": 7.29096651077,
        "dmean2": 11.698009491,
        "dvar": 79.5692214966,
        "dvar2": 218.886932373,
        "max": 158.51234436,
        "mean": 25.2906303406,
        "median": 23.2720298767,
        "min": 1.52819013596,
        "var": 173.409759521
    },
    "pitch_salience": {
        "dmean": 0.0686003640294,
        "dmean2": 0.113228559494,
        "dvar": 0.00376754067838,
        "dvar2": 0.0104743111879,
        "max": 0.848153352737,
        "mean": 0.55226713419,
        "median": 0.553127586842,
        "min": 0.217717304826,
        "var": 0.00864106137305
    },
    "silence_rate_20dB": {
        "dmean": 0,
        "dmean2": 0,
        "dvar": 0,
        "dvar2": 0,
        "max": 1,
        "mean": 1,
        "median": 1,
        "min": 1,
        "var": 0
    },
    "silence_rate_30dB": {
        "dmean": 0,
        "dmean2": 0,
        "dvar": 0,
        "dvar2": 0,
        "max": 1,
        "mean": 1,
        "median": 1,
        "min": 1,
        "var": 0
    },
    "silence_rate_60dB": {
        "dmean": 0.00464396271855,
        "dmean2": 0.00929152127355,
        "dvar": 0.00462234206498,
        "dvar2": 0.00997975841165,
        "max": 1,
        "mean": 0.0181818176061,
        "median": 0,
        "min": 0,
        "var": 0.0178508106619
    },
    "spectral_centroid": {
        "dmean": 242.266281128,
        "dmean2": 380.931945801,
        "dvar": 61131.3789062,
        "dvar2": 151981.796875,
        "max": 4206.42089844,
        "mean": 1513.45214844,
        "median": 1440.7857666,
        "min": 216.031478882,
        "var": 278256.0625
    },
    "spectral_complexity": {
        "dmean": 4.82817316055,
        "dmean2": 7.15756893158,
        "dvar": 21.973236084,
        "dvar2": 44.0099067688,
        "max": 59,
        "mean": 30.0069637299,
        "median": 30,
        "min": 0,
        "var": 114.225776672
    },
    "spectral_decrease": {
        "dmean": 3.26584737032e-09,
        "dmean2": 5.5643769592e-09,
        "dvar": 1.51632446777e-17,
        "dvar2": 4.34803981743e-17,
        "max": -1.4467509764e-13,
        "mean": -1.01812309694e-08,
        "median": -9.85409176479e-09,
        "min": -3.05124672195e-08,
        "var": 2.33721999659e-17
    },
    "spectral_energy": {
        "dmean": 0.0126789938658,
        "dmean2": 0.0215141773224,
        "dvar": 0.00022562876984,
        "dvar2": 0.000646065862384,
        "max": 0.117947734892,
        "mean": 0.0408817343414,
        "median": 0.0397332198918,
        "min": 5.8352219412e-07,
        "var": 0.000360058184015
    },
    "spectral_energyband_high": {
        "dmean": 0.000377488293452,
        "dmean2": 0.000567275390495,
        "dvar": 5.76669322072e-07,
        "dvar2": 1.14159445275e-06,
        "max": 0.0186111815274,
        "mean": 0.000961584562901,
        "median": 0.00058255699696,
        "min": 6.7798184844e-09,
        "var": 1.66086556419e-06
    },
    "spectral_energyband_low": {
        "dmean": 0.00953706726432,
        "dmean2": 0.0164126027375,
        "dvar": 0.000185390541446,
        "dvar2": 0.000541627872735,
        "max": 0.106501281261,
        "mean": 0.0192211344838,
        "median": 0.0156751163304,
        "min": 2.15806267079e-07,
        "var": 0.000241841524257
    },
    "spectral_energyband_middle_high": {
        "dmean": 0.00212752516381,
        "dmean2": 0.0031467792578,
        "dvar": 5.66396056456e-06,
        "dvar2": 1.16827750389e-05,
        "max": 0.0401820801198,
        "mean": 0.00859334971756,
        "median": 0.00784522108734,
        "min": 7.99438595322e-08,
        "var": 2.74078756775e-05
    },
    "spectral_energyband_middle_low": {
        "dmean": 0.00613979902118,
        "dmean2": 0.0102313561365,
        "dvar": 7.84980002209e-05,
        "dvar2": 0.000219237423153,
        "max": 0.0801894515753,
        "mean": 0.0146876499057,
        "median": 0.0118817146868,
        "min": 1.10962943722e-07,
        "var": 0.000108131360321
    },
    "spectral_entropy": {
        "dmean": 0.114669375122,
        "dmean2": 0.168997034431,
        "dvar": 0.0143754575402,
        "dvar2": 0.0271217171103,
        "max": 8.61082172394,
        "mean": 7.67307186127,
        "median": 7.67816066742,
        "min": 6.24722290039,
        "var": 0.0651920959353
    },
    "spectral_flux": {
        "dmean": 0.0289094559848,
        "dmean2": 0.0445711836219,
        "dvar": 0.000953877228312,
        "dvar2": 0.0017900429666,
        "max": 0.2805595994,
        "mean": 0.102979034185,
        "median": 0.093824647367,
        "min": 0.0010784859769,
        "var": 0.0020373663865
    },
    "spectral_kurtosis": {
        "dmean": 1.7462939024,
        "dmean2": 3.0585463047,
        "dvar": 3.0402970314,
        "dvar2": 9.01944541931,
        "max": 17.4816646576,
        "mean": 3.30856657028,
        "median": 2.78732299805,
        "min": -1.10652196407,
        "var": 5.27506494522
    },
    "spectral_rms": {
        "dmean": 0.000954622519203,
        "dmean2": 0.00158432370517,
        "dvar": 1.0904299188e-06,
        "dvar2": 3.03704860016e-06,
        "max": 0.0107271131128,
        "mean": 0.0061098402366,
        "median": 0.00622608372942,
        "min": 2.38597986026e-05,
        "var": 2.55448981079e-06
    },
    "spectral_rolloff": {
        "dmean": 478.081329346,
        "dmean2": 794.469665527,
        "dvar": 448809.625,
        "dvar2": 1092648.125,
        "max": 9130.078125,
        "mean": 1421.34863281,
        "median": 1248.92578125,
        "min": 129.19921875,
        "var": 921115.625
    },
    "spectral_skewness": {
        "dmean": 0.219118520617,
        "dmean2": 0.369153231382,
        "dvar": 0.0429949350655,
        "dvar2": 0.117490395904,
        "max": 3.08345890045,
        "mean": 1.15951132774,
        "median": 1.10178184509,
        "min": 0.221225082874,
        "var": 0.140797719359
    },
    "spectral_spread": {
        "dmean": 309857.75,
        "dmean2": 459445.8125,
        "dvar": 166091735040,
        "dvar2": 288784384000,
        "max": 10157959,
        "mean": 3480381,
        "median": 3326905.75,
        "min": 2175416.75,
        "var": 729487572992
    },
    "spectral_strongpeak": {
        "dmean": 0.476544737816,
        "dmean2": 0.829509198666,
        "dvar": 0.641347527504,
        "dvar2": 1.60659348965,
        "max": 6.34072494507,
        "mean": 0.757307946682,
        "median": 0.415826052427,
        "min": 0,
        "var": 0.909591674805
    },
    "zerocrossingrate": {
        "dmean": 0.00777470739558,
        "dmean2": 0.00933613441885,
        "dvar": 8.22224537842e-05,
        "dvar2": 0.00011143599113,
        "max": 0.2197265625,
        "mean": 0.0532566569746,
        "median": 0.04736328125,
        "min": 0.0078125,
        "var": 0.000520599307492
    },
    "barkbands": {
        "dmean": [0.000488185381982, 0.00466096261516, 0.00516741070896, 0.00244097202085, 0.00313485739753, 0.000659692334011, 0.00066343205981, 0.000904241751414, 0.00132440077141, 0.000730201369151, 0.000626756402198, 0.000590150710195, 0.000463313423097, 0.000573747325689, 0.000427132414188, 0.000296407844871, 0.000390486879041, 0.00022453526617, 0.000210181155126, 0.000204537951504, 0.000137128838105, 6.53380775475e-05, 7.86441742093e-05, 6.50959336781e-05, 1.69244394783e-05, 1.20907790446e-08, 1.60912416725e-09],
        "dmean2": [0.000814394501504, 0.00799762830138, 0.00898629520088, 0.00416447222233, 0.00543840928003, 0.00104344252031, 0.00110306451097, 0.00138673186302, 0.00201360788196, 0.00117402663454, 0.000997441005893, 0.000934288371354, 0.000723970588297, 0.00091460661497, 0.000679849879816, 0.000479306821944, 0.000614696997218, 0.000367373984773, 0.000339210528182, 0.000335119955707, 0.000223084585741, 0.000102156926005, 0.000119340082165, 9.88953543128e-05, 2.44135972025e-05, 1.88803053192e-08, 2.97093927237e-09],
        "dvar": [1.43903707794e-06, 4.27417216997e-05, 6.95784474374e-05, 1.05464232547e-05, 4.18647032348e-05, 1.53197481723e-06, 2.35256516135e-06, 3.73639795725e-06, 5.32081821802e-06, 2.25096528084e-06, 1.40827285122e-06, 1.38406630867e-06, 7.07044250703e-07, 6.03200021487e-07, 5.18838305652e-07, 1.53384405621e-07, 2.07814622399e-07, 6.85912269205e-08, 1.01768669936e-07, 9.23460135027e-08, 3.80860214477e-08, 2.38856561197e-08, 1.49125781945e-07, 6.1747101654e-08, 4.54379422976e-09, 1.67592244878e-15, 4.77554652761e-18],
        "dvar2": [3.8061491523e-06, 0.000130204047309, 0.000202405630262, 2.98672057397e-05, 0.000116668372357, 3.32361264554e-06, 5.9474673435e-06, 7.95019059296e-06, 1.20685563161e-05, 5.22698201166e-06, 3.17009903483e-06, 2.83919530375e-06, 1.65163623933e-06, 1.52991185587e-06, 1.24260282064e-06, 3.8889680809e-07, 4.93816514791e-07, 1.79810996315e-07, 2.72663669421e-07, 2.33645550907e-07, 9.52714316327e-08, 5.61511370734e-08, 3.38497329722e-07, 1.3477377081e-07, 9.36700050858e-09, 3.65749673657e-15, 1.49710591885e-17],
        "max": [0.0196407027543, 0.0620263516903, 0.0774417370558, 0.0339169763029, 0.0693581923842, 0.028140174225, 0.0278337150812, 0.030976081267, 0.0365916825831, 0.0241496097296, 0.0288119576871, 0.0226680226624, 0.0137460781261, 0.0138791017234, 0.0151245938614, 0.00811152718961, 0.00737297348678, 0.00457576708868, 0.0081021329388, 0.00504856044427, 0.00257580215111, 0.00311621208675, 0.0128087289631, 0.00430993363261, 0.00170680123847, 8.98390794646e-07, 3.10913748081e-08],
        "mean": [0.000457331654616, 0.00917285121977, 0.00716312415898, 0.00413740193471, 0.00407017022371, 0.00108169123996, 0.000946988351643, 0.0016113439342, 0.00251752510667, 0.00119429046754, 0.0010970425792, 0.00102266855538, 0.000804191105999, 0.00110096344724, 0.000811588484794, 0.000639061734546, 0.000897128076758, 0.000513501290698, 0.000463527045213, 0.000446226884378, 0.000325595698087, 0.000134597255965, 0.000136957416544, 0.000109169748612, 2.68379972113e-05, 1.7420457965e-08, 1.29270505411e-09],
        "median": [0.000116326715215, 0.00735022779554, 0.00449073221534, 0.00291772885248, 0.00239817309193, 0.000575093668886, 0.000356140633812, 0.000243308255449, 0.00124284275807, 0.00066793320002, 0.000703010824509, 0.000491762941238, 0.000436911359429, 0.000773827487137, 0.00050735095283, 0.000493978965096, 0.000691209163051, 0.000363954139175, 0.000319446058711, 0.000286745576886, 0.000193637024495, 5.33333841304e-05, 4.44270772277e-05, 2.9581176932e-05, 7.60790408094e-06, 5.61438540103e-09, 5.41794165088e-10],
        "min": [5.53139312132e-09, 1.07354289014e-07, 4.0660211198e-08, 2.98685591815e-08, 2.40623752035e-08, 7.66067653757e-09, 1.48685534995e-08, 4.17455670032e-09, 9.81113412735e-09, 3.51558759881e-09, 3.4300207119e-09, 1.92854932024e-09, 5.65717916956e-09, 1.00400701086e-08, 3.43308470541e-09, 3.32970540029e-09, 1.50192818182e-08, 5.502514e-09, 3.78485642827e-09, 3.24351590031e-09, 3.58588336802e-09, 9.94226589945e-10, 4.24907137253e-10, 2.44440856445e-10, 5.09792277836e-11, 3.07808249375e-12, 3.73562118738e-12],
        "var": [1.12556335807e-06, 6.94146947353e-05, 7.37126320018e-05, 1.83646861842e-05, 3.41780869348e-05, 3.46825095221e-06, 3.33539787789e-06, 1.31932702061e-05, 1.54909012053e-05, 3.89544447899e-06, 2.63832043856e-06, 3.38113045473e-06, 1.36235826176e-06, 1.21090863558e-06, 9.98052541945e-07, 3.37032162179e-07, 5.87918975725e-07, 2.34401028365e-07, 2.28690581139e-07, 2.35765298839e-07, 1.13122908374e-07, 4.76597499244e-08, 2.73786753269e-07, 9.36033544008e-08, 7.51803597154e-09, 2.66864040428e-15, 3.82613054081e-18]
    },
    "erbbands": {
        "dmean": [0.112147726119, 1.1931746006, 5.04674291611, 7.70344400406, 9.04480648041, 11.4292411804, 6.113925457, 4.92527103424, 8.40378475189, 10.9375162125, 23.4746723175, 30.8707733154, 22.2544136047, 23.6110477448, 23.9551258087, 21.2794189453, 19.1772022247, 31.6029376984, 21.2964553833, 19.0220832825, 17.5044193268, 19.04246521, 11.5548019409, 11.104883194, 10.1306791306, 9.78213024139, 7.75776338577, 3.53657126427, 2.35792088509, 2.18599462509, 2.38475036621, 1.73266720772, 0.914403498173, 0.342483639717, 0.0253901109099, 0.00110794976354, 6.09508570051e-05, 9.278835023e-06, 7.32420767235e-06, 1.43933148138e-05],
        "dmean2": [0.187474384904, 2.07177686691, 8.784283638, 13.2307395935, 15.6382064819, 19.9070491791, 9.71116447449, 7.93150377274, 13.7844181061, 17.9810562134, 35.8029174805, 46.6401748657, 34.305606842, 37.4822349548, 37.351524353, 33.2446289062, 29.5990123749, 50.0929260254, 33.3612823486, 30.2430610657, 27.8756160736, 29.6322441101, 18.5506191254, 18.2761650085, 16.1757850647, 16.0282516479, 12.6525917053, 5.55356407166, 3.64431452751, 3.35595035553, 3.64122867584, 2.62471008301, 1.3832873106, 0.484527558088, 0.0354166552424, 0.00153887819033, 8.55296311784e-05, 1.31541792143e-05, 1.17425506687e-05, 2.41160469159e-05],
        "dvar": [0.033819090575, 2.8401966095, 67.0504760742, 120.460899353, 245.665222168, 639.760131836, 146.960983276, 80.2199783325, 374.082000732, 526.57824707, 2705.17700195, 3395.31811523, 1713.70129395, 2154.58935547, 1545.27954102, 2199.97851562, 1312.31677246, 1817.42260742, 1613.22644043, 770.363464355, 445.452636719, 500.147827148, 174.290542603, 197.351623535, 234.349334717, 207.224365234, 106.955993652, 35.1339149475, 24.2898750305, 54.5775794983, 176.420455933, 45.7344284058, 13.7451610565, 1.83253014088, 0.00915318634361, 1.68665246747e-05, 4.73574104376e-08, 9.01307029011e-10, 9.18766174252e-11, 2.80730494406e-10],
        "dvar2": [0.0917480364442, 8.86350727081, 199.401412964, 343.72958374, 688.733093262, 1778.75317383, 316.804962158, 180.370681763, 938.498840332, 1382.63867188, 5811.65380859, 7385.91259766, 3706.15014648, 4810.55908203, 3462.43505859, 4403.09326172, 3071.95727539, 4707.97460938, 3828.58081055, 1866.92736816, 1069.48547363, 1187.05444336, 448.865905762, 513.121276855, 586.891540527, 522.799133301, 269.28527832, 83.6040802002, 56.618812561, 128.617355347, 415.186950684, 96.6977920532, 30.2477111816, 3.62282943726, 0.0186378527433, 3.40692422469e-05, 9.29925647597e-08, 1.77319936512e-09, 2.17991208418e-10, 7.96157306748e-10],
        "max": [1.68527042866, 16.4359531403, 77.2955474854, 89.3411636353, 135.497070312, 323.363525391, 311.5340271, 213.904922485, 347.375640869, 338.52545166, 821.450378418, 1133.61791992, 914.339355469, 918.950439453, 1138.2479248, 1173.76037598, 639.049377441, 732.242614746, 911.795837402, 404.05670166, 365.048278809, 366.065917969, 254.092041016, 246.788040161, 296.759094238, 225.705307007, 141.292861938, 89.7747955322, 97.9620361328, 179.156219482, 449.256896973, 182.606292725, 100.794509888, 36.3525886536, 2.97865152359, 0.125121757388, 0.00628770980984, 0.000775698979851, 0.000183437688975, 0.000148862643982],
        "mean": [0.204313918948, 2.29391026497, 7.75230693817, 12.5288858414, 13.2318525314, 14.1137418747, 9.72953605652, 8.02206325531, 12.4899015427, 15.6525821686, 46.3934173584, 59.790473938, 42.1834983826, 42.2410736084, 48.8158950806, 39.4412307739, 36.6976776123, 63.3256034851, 43.4784317017, 38.4239768982, 41.0380821228, 45.877620697, 29.672832489, 25.462266922, 22.471540451, 21.7089157104, 18.2172641754, 8.42425632477, 4.90528964996, 4.26116514206, 3.96104550362, 2.75588536263, 1.51238048077, 0.575341403484, 0.0413627251983, 0.0018743253313, 0.00012442273146, 2.15063009819e-05, 2.53077087109e-05, 4.8929337936e-05],
        "median": [0.134305641055, 1.78288781643, 4.95844602585, 9.77554893494, 9.23033237457, 7.03124475479, 4.79685211182, 4.09679031372, 4.60036993027, 6.31698322296, 9.40211582184, 28.9027633667, 24.0476436615, 25.6372337341, 33.0735244751, 19.9470844269, 22.9583206177, 44.5120506287, 26.9204216003, 26.8969974518, 32.0573883057, 36.6192817688, 22.0607128143, 19.0167388916, 14.306977272, 14.1717185974, 12.0012073517, 4.30441570282, 2.02511119843, 1.62766885757, 1.19508767128, 0.728180706501, 0.412056654692, 0.166233882308, 0.0122158238664, 0.000587730726693, 5.25559480593e-05, 1.09969059849e-05, 2.36059149756e-05, 4.7980403906e-05],
        "min": [3.47303989656e-06, 2.22946528083e-05, 3.99711279897e-05, 0.00014089004253, 7.10639869794e-05, 9.01054372662e-05, 3.10682335112e-05, 8.35510654724e-05, 7.5670555816e-05, 0.000666548963636, 0.000239963002969, 0.000186329838471, 0.000220138390432, 8.3816186816e-05, 0.000150283507537, 9.34098352445e-05, 0.000261702050921, 0.000535066297743, 0.000196690714802, 0.000226809002925, 0.000181357565452, 0.000677814125083, 0.000296010286547, 0.000317328522215, 0.000157838599989, 0.00014101229317, 0.000199930756935, 7.20733005437e-05, 3.32830568368e-05, 2.71119988611e-05, 1.12916532089e-05, 4.63548076368e-06, 4.64135564471e-06, 9.68738049778e-07, 5.88893733777e-08, 1.69330522937e-08, 8.60117044255e-09, 3.35757532888e-09, 9.01558550037e-10, 7.64620089466e-10],
        "var": [0.0511144697666, 4.5087480545, 75.5500869751, 138.617385864, 222.7709198, 523.336242676, 321.271575928, 159.694213867, 553.721435547, 699.261535645, 9890.20800781, 10031.6738281, 4562.69287109, 4033.67822266, 3843.55664062, 5473.66357422, 2416.67553711, 3790.37329102, 3278.90649414, 1572.56896973, 1229.74291992, 1377.13916016, 657.529541016, 510.284484863, 569.551635742, 542.251647949, 314.605529785, 95.9869155884, 53.2750434875, 111.835090637, 278.441253662, 76.7464447021, 19.368062973, 3.22128677368, 0.0155477318913, 2.93238099403e-05, 8.76699104424e-08, 1.76661663076e-09, 2.07187600409e-10, 4.91659657431e-10]
    },
    "gfcc": {
        "mean": [13.0411329269, 135.717910767, -157.930343628, 63.1218223572, -56.2081642151, 25.694683075, -24.1628799438, 2.54214715958, -11.1953668594, -21.3528575897, -1.33174622059, -26.6580715179, 6.54869604111],
        "cov": [[2203.73608398, -359.04486084, -110.874732971, 160.019104004, -121.832359314, 77.6769943237, -129.458206177, 20.0960788727, -13.3869724274, 41.9374198914, -7.25906658173, 20.6259651184, -25.7664012909], [-359.04486084, 678.619506836, -46.7479362488, -189.887176514, 274.199859619, -140.633010864, 167.444229126, -25.7044849396, 70.5055770874, -44.6644058228, 31.8711051941, -75.4961013794, 36.8741645813], [-110.874732971, -46.7479362488, 229.612960815, 57.418586731, -37.9852333069, 62.0114479065, -31.7838554382, 26.8206787109, -5.38145542145, -6.58625173569, 1.00325155258, 17.7491798401, 6.90628004074], [160.019104004, -189.887176514, 57.418586731, 316.431610107, 45.7867050171, 20.1106147766, 5.54111862183, -16.0446052551, 18.1735649109, 10.3049106598, 0.908803939819, 57.8522109985, 6.66388845444], [-121.832359314, 274.199859619, -37.9852333069, 45.7867050171, 292.832397461, -15.787856102, 110.277587891, 5.6897187233, 42.372543335, -15.0768566132, 11.1155023575, -31.1664962769, 31.9932556152], [77.6769943237, -140.633010864, 62.0114479065, 20.1106147766, -15.787856102, 145.900268555, 0.856207311153, 31.0887432098, -13.1885643005, -0.473688215017, -4.20068264008, 11.5681428909, -4.1578669548], [-129.458206177, 167.444229126, -31.7838554382, 5.54111862183, 110.277587891, 0.856207311153, 158.358734131, 8.4541387558, 33.9237480164, -18.5588169098, 15.2253980637, -6.37592744827, 6.28466129303], [20.0960788727, -25.7044849396, 26.8206787109, -16.0446052551, 5.6897187233, 31.0887432098, 8.4541387558, 84.4966583252, 26.1938591003, 19.3071060181, 4.06449604034, -6.39657449722, 2.23862457275], [-13.3869724274, 70.5055770874, -5.38145542145, 18.1735649109, 42.372543335, -13.1885643005, 33.9237480164, 26.1938591003, 89.5670852661, 32.0100212097, 10.5441503525, -12.7385749817, -5.02429008484], [41.9374198914, -44.6644058228, -6.58625173569, 10.3049106598, -15.0768566132, -0.473688215017, -18.5588169098, 19.3071060181, 32.0100212097, 67.2972259521, 20.5494632721, 1.29885804653, -6.01396226883], [-7.25906658173, 31.8711051941, 1.00325155258, 0.908803939819, 11.1155023575, -4.20068264008, 15.2253980637, 4.06449604034, 10.5441503525, 20.5494632721, 53.5795936584, 25.2074241638, 7.2150478363], [20.6259651184, -75.4961013794, 17.7491798401, 57.8522109985, -31.1664962769, 11.5681428909, -6.37592744827, -6.39657449722, -12.7385749817, 1.29885804653, 25.2074241638, 72.4570922852, 23.4926662445], [-25.7664012909, 36.8741645813, 6.90628004074, 6.66388845444, 31.9932556152, -4.1578669548, 6.28466129303, 2.23862457275, -5.02429008484, -6.01396226883, 7.2150478363, 23.4926662445, 44.5651168823]],
        "icov": [[0.000620597682428, -0.00081411737483, 0.00110224552918, -0.00120987778064, 0.000919804733712, -0.00115474662744, 0.000969300221186, -0.000778045738116, 0.000410707609262, -9.66881634668e-05, -0.000159548493684, 0.000386730476748, 3.20787730743e-05], [-0.00081411737483, 0.0195414423943, -0.00966657325625, 0.0153595265001, -0.0144255449995, 0.0156979802996, -0.00982440449297, 0.0107629913837, -0.0112258652225, 0.00841783173382, -0.00803317595273, 0.00471567036584, -0.00608789455146], [0.00110224552918, -0.00966657325625, 0.0115232644603, -0.00984979234636, 0.00873109139502, -0.0105376979336, 0.00692348415032, -0.00736950617284, 0.00464836508036, -0.00105966802221, 0.00106057396624, 0.000363036204362, 0.000483322190121], [-0.00120987778064, 0.0153595265001, -0.00984979234636, 0.0180333666503, -0.0142868421972, 0.0129113895819, -0.00797761883587, 0.0103473365307, -0.00990442279726, 0.0041013979353, -0.00123104499653, -0.00492925569415, -0.00027746334672], [0.000919804733712, -0.0144255449995, 0.00873109139502, -0.0142868421972, 0.0183695666492, -0.0124006653205, 0.00431657861918, -0.00798296555877, 0.00685931742191, -0.00376617116854, 0.00136004632805, 0.00571698416024, -0.00426992727444], [-0.00115474662744, 0.0156979802996, -0.0105376979336, 0.0129113895819, -0.0124006653205, 0.0221529472619, -0.00955046713352, 0.00542543455958, -0.00608797231689, 0.00518790306523, -0.00364146544598, 0.00030475758831, -0.00146793888416], [0.000969300221186, -0.00982440449297, 0.00692348415032, -0.00797761883587, 0.00431657861918, -0.00955046713352, 0.0161397978663, -0.00654161069542, 0.00147547095548, 0.00178620475344, 1.21960420074e-05, -0.00295991031453, 0.00483768898994], [-0.000778045738116, 0.0107629913837, -0.00736950617284, 0.0103473365307, -0.00798296555877, 0.00542543455958, -0.00654161069542, 0.022423285991, -0.0103442175314, 0.000653975235764, -0.00328581267968, 0.00335519621149, -0.0060419938527], [0.000410707609262, -0.0112258652225, 0.00464836508036, -0.00990442279726, 0.00685931742191, -0.00608797231689, 0.00147547095548, -0.0103442175314, 0.0252294279635, -0.0139716668054, 0.00534025765955, -0.000920423772186, 0.00568545330316], [-9.66881634668e-05, 0.00841783173382, -0.00105966802221, 0.0041013979353, -0.00376617116854, 0.00518790306523, 0.00178620475344, 0.000653975235764, -0.0139716668054, 0.0304916165769, -0.0163799971342, 0.00728889089078, -0.00321792042814], [-0.000159548493684, -0.00803317595273, 0.00106057396624, -0.00123104499653, 0.00136004632805, -0.00364146544598, 1.21960420074e-05, -0.00328581267968, 0.00534025765955, -0.0163799971342, 0.0371584966779, -0.0213546343148, 0.00905438885093], [0.000386730476748, 0.00471567036584, 0.000363036204362, -0.00492925569415, 0.00571698416024, 0.00030475758831, -0.00295991031453, 0.00335519621149, -0.000920423772186, 0.00728889089078, -0.0213546343148, 0.0396108999848, -0.0233682338148], [3.20787730743e-05, -0.00608789455146, 0.000483322190121, -0.00027746334672, -0.00426992727444, -0.00146793888416, 0.00483768898994, -0.0060419938527, 0.00568545330316, -0.00321792042814, 0.00905438885093, -0.0233682338148, 0.0410706587136]]
    },
    "melbands": {
        "dmean": [0.00112847227138, 0.00218732422218, 0.00125109951477, 0.000800732756034, 0.000248016207479, 0.000114537026093, 0.000132072993438, 0.000130102605908, 0.000201019851374, 0.000194397391169, 0.000113623442303, 9.94791116682e-05, 8.84249529918e-05, 7.07400904503e-05, 4.73366999358e-05, 5.06574251631e-05, 6.21146973572e-05, 3.52875613316e-05, 2.62675876002e-05, 2.31680805882e-05, 2.37177864619e-05, 2.30568966799e-05, 1.6722970031e-05, 1.16382489068e-05, 9.5129271358e-06, 8.91786839929e-06, 7.30389638193e-06, 6.59770375933e-06, 5.97974167249e-06, 3.5389086861e-06, 1.82286305517e-06, 1.40044198815e-06, 1.30029923184e-06, 1.30361638639e-06, 1.44567388816e-06, 1.40409838423e-06, 9.58037048804e-07, 6.46984688046e-07, 5.96065717673e-07, 2.09073959923e-07],
        "dmean2": [0.00190550880507, 0.00380484457128, 0.00215443875641, 0.00140533247031, 0.000399652897613, 0.000183743992238, 0.000217118184082, 0.000210680504097, 0.000304567016428, 0.000294873228995, 0.000176143279532, 0.000158384311362, 0.000139324125485, 0.000110725042759, 7.42578195059e-05, 7.98934925115e-05, 9.90630942397e-05, 5.58251667826e-05, 4.1979670641e-05, 3.72662580048e-05, 3.84117738577e-05, 3.60689809895e-05, 2.74105932476e-05, 1.93075775314e-05, 1.58142665896e-05, 1.45599215102e-05, 1.18226653285e-05, 1.0908571312e-05, 9.78120806394e-06, 5.82127358939e-06, 2.85656574306e-06, 2.21170739678e-06, 2.06112872547e-06, 2.03298282031e-06, 2.24012910621e-06, 2.11435235542e-06, 1.51145377458e-06, 1.02230501398e-06, 8.76095100466e-07, 2.93816555086e-07],
        "dvar": [2.7307748951e-06, 1.13149035315e-05, 2.70019995696e-06, 2.81153143078e-06, 1.92207536998e-07, 4.26623714134e-08, 9.25709855437e-08, 6.28827336868e-08, 1.83740098691e-07, 1.29353935563e-07, 4.49629276034e-08, 4.12136529349e-08, 2.33215668999e-08, 1.93741787058e-08, 9.00953889271e-09, 7.40102512609e-09, 7.08725522713e-09, 4.24561541479e-09, 1.53129076086e-09, 1.21832066657e-09, 8.88060569526e-10, 7.28196947186e-10, 4.60788324164e-10, 2.22694016005e-10, 1.51854695485e-10, 2.1689167129e-10, 1.51004458937e-10, 8.6810593436e-11, 6.28984780926e-11, 2.87225659923e-11, 1.04342402774e-11, 7.68162530113e-12, 1.15000916776e-11, 2.40898741927e-11, 6.86508627723e-11, 4.8616423387e-11, 1.36199671333e-11, 6.62558766532e-12, 6.29074483477e-12, 5.98671936677e-13],
        "dvar2": [8.02363956609e-06, 3.39143552992e-05, 7.67197070672e-06, 7.87960561865e-06, 4.50478040648e-07, 9.5778126763e-08, 2.31479106105e-07, 1.59137698574e-07, 4.04102223683e-07, 2.80747457282e-07, 9.8101352819e-08, 9.26905485699e-08, 5.19525684695e-08, 3.98887785025e-08, 2.02806162974e-08, 1.79847958748e-08, 1.82534218851e-08, 1.01181001355e-08, 3.60469654126e-09, 3.11089265459e-09, 2.15815210147e-09, 1.74907255346e-09, 1.1638815467e-09, 5.88664894607e-10, 3.96754296084e-10, 5.95881122223e-10, 3.58627599839e-10, 2.22112869763e-10, 1.56748169999e-10, 7.603313118e-11, 2.40688909775e-11, 1.84024514377e-11, 2.667274214e-11, 5.96469540426e-11, 1.68187325178e-10, 1.07808109662e-10, 3.02681664455e-11, 1.54666453256e-11, 1.28555360801e-11, 1.22120152532e-12],
        "max": [0.0152931502089, 0.0322155170143, 0.0137068238109, 0.0181241370738, 0.00814978126436, 0.00490961223841, 0.005848958157, 0.00296139647253, 0.00617739418522, 0.00719736842439, 0.0044428431429, 0.0033966510091, 0.00403629196808, 0.00249837711453, 0.0015103839105, 0.00169024942443, 0.00157818756998, 0.00138685724232, 0.000582253385801, 0.000748673221096, 0.000573040975723, 0.000403462036047, 0.000349953654222, 0.000229071039939, 0.000219971203478, 0.000442553166067, 0.000224953488214, 0.000131113105454, 0.000101189332781, 6.76456038491e-05, 4.81760216644e-05, 4.86023418489e-05, 7.50235849409e-05, 0.00011925551371, 0.000290447671432, 0.000235599392909, 7.65254517319e-05, 6.75116316415e-05, 6.76465715514e-05, 2.02694081963e-05],
        "mean": [0.0022269890178, 0.00382497673854, 0.00217993976548, 0.00103208469227, 0.000381036894396, 0.000186712073628, 0.00019504710508, 0.000189394660993, 0.000398438307457, 0.000365565676475, 0.000203433461138, 0.000167508071172, 0.000166226571309, 0.000125578197185, 7.76974120527e-05, 9.28298468352e-05, 0.000118661511806, 6.73544636811e-05, 5.12363876624e-05, 4.64192235086e-05, 4.98710905958e-05, 5.02438670082e-05, 3.58736433554e-05, 2.41084126174e-05, 1.96609889827e-05, 1.85627959581e-05, 1.41318796523e-05, 1.40088077387e-05, 1.26826998894e-05, 7.85181327956e-06, 3.76122966372e-06, 2.71878661806e-06, 2.51756955549e-06, 2.30659725275e-06, 2.30912814914e-06, 2.10920484278e-06, 1.49913500991e-06, 1.01324667412e-06, 9.40491247547e-07, 3.40481705052e-07],
        "median": [0.0017136959359, 0.00275214086287, 0.00175424432382, 0.000639852252789, 0.000193058600416, 9.32161347009e-05, 7.22610129742e-05, 6.59287397866e-05, 9.09358568606e-05, 0.000175088120159, 0.000109455162601, 9.56277945079e-05, 0.000107753112388, 6.13731172052e-05, 4.05319988204e-05, 5.36690095032e-05, 8.15676685306e-05, 3.90169298043e-05, 3.53411887772e-05, 3.45399930666e-05, 3.66932799807e-05, 3.8984024286e-05, 2.40192657657e-05, 1.61980151461e-05, 1.4225301129e-05, 1.1967797036e-05, 8.48438776302e-06, 9.05592696654e-06, 8.00075122243e-06, 4.29692363468e-06, 1.68208123341e-06, 1.03526713247e-06, 9.90545345303e-07, 8.45135502914e-07, 7.19883075817e-07, 5.41426061318e-07, 3.83803126169e-07, 2.92595842666e-07, 2.40654713934e-07, 9.73766063339e-08],
        "min": [3.09291117162e-08, 2.42049278398e-08, 2.16473647896e-08, 6.66233290758e-09, 1.3778775898e-09, 1.73457370689e-09, 1.49240386715e-09, 7.26704163512e-09, 1.53076973319e-09, 1.30677346721e-09, 1.10942666165e-09, 3.23472942876e-10, 4.86299611691e-10, 2.84961249042e-10, 3.27964794211e-10, 5.98267435592e-10, 1.13211318098e-09, 2.72925432254e-10, 2.40075043179e-10, 3.12666781355e-10, 1.69150887741e-10, 5.69887748103e-10, 3.98824279157e-10, 2.0424302527e-10, 2.67896149708e-10, 1.22601900854e-10, 1.2012264794e-10, 8.17507589401e-11, 1.37665531752e-10, 7.88749413005e-11, 2.77235491508e-11, 1.85305520928e-11, 1.99080162078e-11, 1.20665959863e-11, 6.92358670396e-12, 3.10958398787e-12, 2.95834277214e-12, 3.68946149673e-12, 2.23492600294e-12, 3.06164327831e-13],
        "var": [4.35264519183e-06, 1.3977688468e-05, 3.39834537044e-06, 2.2125882424e-06, 3.43833619354e-07, 8.8271015386e-08, 1.36236522508e-07, 9.5852513482e-08, 6.29898465832e-07, 3.63695392025e-07, 1.17138135636e-07, 7.50772244373e-08, 5.18545810735e-08, 5.09853954611e-08, 1.78434618192e-08, 1.39904967611e-08, 1.38838682773e-08, 8.34952551543e-09, 2.99243385626e-09, 2.1354837898e-09, 2.13831818918e-09, 1.84596005148e-09, 1.26730403949e-09, 6.25645979468e-10, 3.36864203199e-10, 4.69664918068e-10, 3.22149418253e-10, 2.16245577001e-10, 1.64723026885e-10, 7.67571145532e-11, 2.38801808189e-11, 1.5962987876e-11, 2.23307795866e-11, 4.43069678169e-11, 9.99280241887e-11, 7.86166340361e-11, 1.94826880323e-11, 8.26744488841e-12, 9.97254535895e-12, 1.05976165343e-12]
    },
    "mfcc": {
        "mean": [-600.57800293, 128.552841187, -18.3463134766, 29.7882003784, 7.62376260757, 11.6981220245, 10.7387981415, 10.8550329208, 6.01874446869, 8.0424156189, -5.90621042252, 1.46697318554, -6.97895002365],
        "cov": [[2349.98364258, -495.621185303, -40.9346389771, 37.9192733765, -0.510019421577, 30.4199028015, -87.0079040527, -29.7933921814, -59.6449661255, -4.77690696716, 15.3967094421, -7.38593196869, 8.42027568817], [-495.621185303, 887.283935547, -271.448791504, -23.2439918518, 30.6777896881, -57.7325057983, 85.5501022339, -0.45990216732, 70.0342941284, 52.4002799988, -2.26139974594, 27.0828285217, 6.88011169434], [-40.9346389771, -271.448791504, 337.070556641, -48.0455818176, -13.7333154678, 0.453482985497, -40.4418754578, 13.3591117859, -35.6834564209, -18.9280204773, -2.62698054314, -14.7363643646, -4.96186351776], [37.9192733765, -23.2439918518, -48.0455818176, 274.383148193, 48.2946777344, 60.8456954956, 0.467271596193, 25.6685161591, 17.956735611, -6.34281492233, -5.22477960587, 0.86770761013, 10.3832197189], [-0.510019421577, 30.6777896881, -13.7333154678, 48.2946777344, 141.089096069, 24.68658638, 23.3381748199, 6.48397445679, 32.2335205078, 20.0065784454, -6.82614469528, 6.33148288727, -5.69769382477], [30.4199028015, -57.7325057983, 0.453482985497, 60.8456954956, 24.68658638, 111.788375854, 28.8033485413, 34.0297851562, 5.63298273087, -1.32794582844, 1.20324325562, -2.39581251144, -8.5055437088], [-87.0079040527, 85.5501022339, -40.4418754578, 0.467271596193, 23.3381748199, 28.8033485413, 105.699546814, 42.7146377563, 18.7886352539, 1.21995818615, -11.6234521866, 10.2419528961, -0.609418869019], [-29.7933921814, -0.45990216732, 13.3591117859, 25.6685161591, 6.48397445679, 34.0297851562, 42.7146377563, 88.4885559082, 23.5216903687, 1.50044286251, -8.16230964661, 3.04275012016, 3.28492832184], [-59.6449661255, 70.0342941284, -35.6834564209, 17.956735611, 32.2335205078, 5.63298273087, 18.7886352539, 23.5216903687, 73.7528457642, 33.8928489685, 10.3553647995, 8.06541728973, -0.765910089016], [-4.77690696716, 52.4002799988, -18.9280204773, -6.34281492233, 20.0065784454, -1.32794582844, 1.21995818615, 1.50044286251, 33.8928489685, 75.7737579346, 30.5983581543, 13.6674966812, 2.54106736183], [15.3967094421, -2.26139974594, -2.62698054314, -5.22477960587, -6.82614469528, 1.20324325562, -11.6234521866, -8.16230964661, 10.3553647995, 30.5983581543, 60.6123199463, 20.3730125427, 6.22083902359], [-7.38593196869, 27.0828285217, -14.7363643646, 0.86770761013, 6.33148288727, -2.39581251144, 10.2419528961, 3.04275012016, 8.06541728973, 13.6674966812, 20.3730125427, 46.8151435852, 21.1553764343], [8.42027568817, 6.88011169434, -4.96186351776, 10.3832197189, -5.69769382477, -8.5055437088, -0.609418869019, 3.28492832184, -0.765910089016, 2.54106736183, 6.22083902359, 21.1553764343, 53.5998077393]],
