{
"lowlevel": {
    "average_loudness": 0.967834472656,
    "barkbands_crest": {
        "dmean": 2.6224462986,
        "dmean2": 4.27735710144,
        "dvar": 6.48999881744,
        "dvar2": 16.8135185242,
        "max": 22.9216117859,
        "mean": 8.74128627777,
        "median": 7.89324522018,
        "min": 2.62329006195,
        "var": 12.2406024933
    },
    "barkbands_flatness_db": {
        "dmean": 0.0197596698999,
        "dmean2": 0.0312262028456,
        "dvar": 0.000369308982044,
        "dvar2": 0.000850864395034,
        "max": 0.354406297207,
        "mean": 0.153775766492,
        "median": 0.146738752723,
        "min": 0.0797166079283,
        "var": 0.00138316408265
    },
    "barkbands_kurtosis": {
        "dmean": 2.89519715309,
        "dmean2": 4.39050149918,
        "dvar": 70.4251861572,
        "dvar2": 157.046417236,
        "max": 209.109634399,
        "mean": 2.9641520977,
        "median": 0.435108661652,
        "min": -1.73034226894,
        "var": 127.070198059
    },
    "barkbands_skewness": {
        "dmean": 0.549201905727,
        "dmean2": 0.808901906013,
        "dvar": 0.486407577991,
        "dvar2": 1.03538954258,
        "max": 12.0657806396,
        "mean": 1.34390211105,
        "median": 1.03474807739,
        "min": -1.36560213566,
        "var": 1.3756146431
    },
    "barkbands_spread": {
        "dmean": 6.33951711655,
        "dmean2": 9.54932403564,
        "dvar": 45.8739433289,
        "dvar2": 99.0378952026,
        "max": 77.2258300781,
        "mean": 25.8926620483,
        "median": 23.9624938965,
        "min": 1.03338646889,
        "var": 141.946075439
    },
    "dissonance": {
        "dmean": 0.01742143929,
        "dmean2": 0.0287808999419,
        "dvar": 0.000266579590971,
        "dvar2": 0.000712561595719,
        "max": 0.49994006753,
        "mean": 0.467711538076,
        "median": 0.472991883755,
        "min": 0.329216748476,
        "var": 0.00046879707952
    },
    "dynamic_complexity": 2.25482678413,
    "erbbands_crest": {
        "dmean": 2.74393987656,
        "dmean2": 4.47479867935,
        "dvar": 7.56588315964,
        "dvar2": 17.2067184448,
        "max": 28.6009426117,
        "mean": 8.22553157806,
        "median": 6.96855354309,
        "min": 2.72958683968,
        "var": 17.5222301483
    },
    "erbbands_flatness_db": {
        "dmean": 0.0160482265055,
        "dmean2": 0.0234656799585,
        "dvar": 0.00021512695821,
        "dvar2": 0.000434904854046,
        "max": 0.315067648888,
        "mean": 0.181845784187,
        "median": 0.180203005672,
        "min": 0.115426525474,
        "var": 0.000765486911405
    },
    "erbbands_kurtosis": {
        "dmean": 0.679638326168,
        "dmean2": 1.0648393631,
        "dvar": 0.65793299675,
        "dvar2": 1.59393978119,
        "max": 7.0789308548,
        "mean": 0.00820431578904,
        "median": -0.264526844025,
        "min": -1.58472669125,
        "var": 1.2878960371
    },
    "erbbands_skewness": {
        "dmean": 0.354675114155,
        "dmean2": 0.532248795033,
        "dvar": 0.109193988144,
        "dvar2": 0.240529790521,
        "max": 2.38781857491,
        "mean": 0.0717553570867,
        "median": 0.0970137193799,
        "min": -2.59870457649,
        "var": 0.45387840271
    },
    "erbbands_spread": {
        "dmean": 8.25350093842,
        "dmean2": 12.3404312134,
        "dvar": 74.4673995972,
        "dvar2": 161.566635132,
        "max": 102.101547241,
        "mean": 38.9119873047,
        "median": 36.2199707031,
        "min": 8.17626476288,
        "var": 233.561767578
    },
    "hfc": {
        "dmean": 6.79186820984,
        "dmean2": 9.89151573181,
        "dvar": 50.314365387,
        "dvar2": 101.986045837,
        "max": 83.4364242554,
        "mean": 25.9067878723,
        "median": 25.497095108,
        "min": 0.000556738581508,
        "var": 234.40007019
    },
    "melbands_crest": {
        "dmean": 3.16790032387,
        "dmean2": 5.13186407089,
        "dvar": 8.41860294342,
        "dvar2": 20.6411151886,
        "max": 29.2847652435,
        "mean": 13.6545009613,
        "median": 12.8450298309,
        "min": 3.61722183228,
        "var": 25.9398994446
    },
    "melbands_flatness_db": {
        "dmean": 0.0250343065709,
        "dmean2": 0.0372324734926,
        "dvar": 0.000669549568556,
        "dvar2": 0.00143157865386,
        "max": 0.445428818464,
        "mean": 0.17979170382,
        "median": 0.170946136117,
        "min": 0.0307787135243,
        "var": 0.0028502822388
    },
    "melbands_kurtosis": {
        "dmean": 8.42640018463,
        "dmean2": 12.8201475143,
        "dvar": 423.062805176,
        "dvar2": 925.132080078,
        "max": 366.066986084,
        "mean": 12.9105014801,
        "median": 5.35323619843,
        "min": -1.42265367508,
        "var": 817.330078125
    },
    "melbands_skewness": {
        "dmean": 0.817262530327,
        "dmean2": 1.20480453968,
        "dvar": 1.01054656506,
        "dvar2": 2.13608360291,
        "max": 14.1440391541,
        "mean": 2.57559204102,
        "median": 2.12855291367,
        "min": -0.449388384819,
        "var": 3.14932274818
    },
    "melbands_spread": {
        "dmean": 7.58569812775,
        "dmean2": 11.4417028427,
        "dvar": 78.692817688,
        "dvar2": 162.90725708,
        "max": 161.067749023,
        "mean": 26.3214054108,
        "median": 25.5554943085,
        "min": 0.667578279972,
        "var": 202.551818848
    },
    "pitch_salience": {
        "dmean": 0.0732648223639,
        "dmean2": 0.121789321303,
        "dvar": 0.00470385001972,
        "dvar2": 0.0115904174745,
        "max": 0.869957029819,
        "mean": 0.530674219131,
        "median": 0.530644416809,
        "min": 0.20411619544,
        "var": 0.010474386625
    },
    "silence_rate_20dB": {
        "dmean": 0,
        "dmean2": 0,
        "dvar": 0,
        "dvar2": 0,
        "max": 1,
        "mean": 1,
        "median": 1,
        "min": 1,
        "var": 0
    },
    "silence_rate_30dB": {
        "dmean": 0,
        "dmean2": 0,
        "dvar": 0,
        "dvar2": 0,
        "max": 1,
        "mean": 1,
        "median": 1,
        "min": 1,
        "var": 0
    },
    "silence_rate_60dB": {
        "dmean": 0.00620155036449,
        "dmean2": 0.0124127231538,
        "dvar": 0.0061630490236,
        "dvar2": 0.0169134773314,
        "max": 1,
        "mean": 0.0271107666194,
        "median": 0,
        "min": 0,
        "var": 0.0263751335442
    },
    "spectral_centroid": {
        "dmean": 277.036895752,
        "dmean2": 419.880859375,
        "dvar": 77292.5859375,
        "dvar2": 160863.109375,
        "max": 3764.05957031,
        "mean": 1564.50073242,
        "median": 1521.50939941,
        "min": 214.979797363,
        "var": 286636.84375
    },
    "spectral_complexity": {
        "dmean": 4.37829446793,
        "dmean2": 6.61055088043,
        "dvar": 19.1313552856,
        "dvar2": 36.4906005859,
        "max": 47,
        "mean": 24.6227722168,
        "median": 26,
        "min": 0,
        "var": 99.0280838013
    },
    "spectral_decrease": {
        "dmean": 2.85166379399e-09,
        "dmean2": 4.50732651203e-09,
        "dvar": 1.48110725319e-17,
        "dvar2": 3.87106464604e-17,
        "max": -1.86677604798e-13,
        "mean": -8.45902548008e-09,
        "median": -7.92454279974e-09,
        "min": -3.60825183066e-08,
        "var": 2.3933054891e-17
    },
    "spectral_energy": {
        "dmean": 0.0111977634951,
        "dmean2": 0.0175876542926,
        "dvar": 0.000217481036088,
        "dvar2": 0.000566425151192,
        "max": 0.139105141163,
        "mean": 0.0342761799693,
        "median": 0.0323365516961,
        "min": 7.5505931818e-07,
        "var": 0.00037588228588
    },
    "spectral_energyband_high": {
        "dmean": 0.00035163864959,
        "dmean2": 0.000510116806254,
        "dvar": 3.10372399781e-07,
        "dvar2": 6.2236716758e-07,
        "max": 0.00906130671501,
        "mean": 0.000922035076655,
        "median": 0.000718025083188,
        "min": 4.00530453248e-09,
        "var": 8.54481413626e-07
    },
    "spectral_energyband_low": {
        "dmean": 0.00726461503655,
        "dmean2": 0.0122702736408,
        "dvar": 0.000183653755812,
        "dvar2": 0.000509804172907,
        "max": 0.112239167094,
        "mean": 0.0133669544011,
        "median": 0.0113580841571,
        "min": 2.9088954534e-07,
        "var": 0.000155594039825
    },
    "spectral_energyband_middle_high": {
        "dmean": 0.00282514328137,
        "dmean2": 0.00393463857472,
        "dvar": 1.26721843117e-05,
        "dvar2": 2.33070040849e-05,
        "max": 0.0540641620755,
        "mean": 0.00833819806576,
        "median": 0.00685197906569,
        "min": 2.66089386969e-07,
        "var": 4.97001528856e-05
    },
    "spectral_energyband_middle_low": {
        "dmean": 0.00580421835184,
        "dmean2": 0.00931941904128,
        "dvar": 5.14482526341e-05,
        "dvar2": 0.000126319719129,
        "max": 0.0754110738635,
        "mean": 0.0134545350447,
        "median": 0.0112994657829,
        "min": 2.27718999213e-07,
        "var": 0.000103281658085
    },
    "spectral_entropy": {
        "dmean": 0.132195949554,
        "dmean2": 0.180268660188,
        "dvar": 0.0187511648983,
        "dvar2": 0.0331624634564,
        "max": 8.44757556915,
        "mean": 7.61066007614,
        "median": 7.66112375259,
        "min": 6.1959733963,
        "var": 0.08172429353
    },
    "spectral_flux": {
        "dmean": 0.0297410264611,
        "dmean2": 0.044864140451,
        "dvar": 0.000978282303549,
        "dvar2": 0.00194915453903,
        "max": 0.306822836399,
        "mean": 0.099746465683,
        "median": 0.0899149700999,
        "min": 0.000868941482622,
        "var": 0.00239647598937
    },
    "spectral_kurtosis": {
        "dmean": 1.56529724598,
        "dmean2": 2.80585885048,
        "dvar": 2.2365925312,
        "dvar2": 6.69309186935,
        "max": 12.9121170044,
        "mean": 2.39617753029,
        "median": 1.98312997818,
        "min": -1.03918600082,
        "var": 3.38728189468
    },
    "spectral_rms": {
        "dmean": 0.000909978582058,
        "dmean2": 0.00138322811108,
        "dvar": 1.08620429273e-06,
        "dvar2": 2.70734858532e-06,
        "max": 0.0116495629773,
        "mean": 0.00552121549845,
        "median": 0.00561674777418,
        "min": 2.71411718131e-05,
        "var": 2.95629638458e-06
    },
    "spectral_rolloff": {
        "dmean": 521.871826172,
        "dmean2": 849,
        "dvar": 535630.8125,
        "dvar2": 1116474.625,
        "max": 7644.28710938,
        "mean": 1507.84179688,
        "median": 1356.59179688,
        "min": 86.1328125,
        "var": 1106132.625
    },
    "spectral_skewness": {
        "dmean": 0.213554397225,
        "dmean2": 0.359677940607,
        "dvar": 0.0335040055215,
        "dvar2": 0.0900475606322,
        "max": 2.32876729965,
        "mean": 1.04749310017,
        "median": 1.02858829498,
        "min": 0.0769131630659,
        "var": 0.0881715267897
    },
    "spectral_spread": {
        "dmean": 371039.78125,
        "dmean2": 542617.25,
        "dvar": 230368362496,
        "dvar2": 360856453120,
        "max": 16634523,
        "mean": 3740979,
        "median": 3635207.25,
        "min": 2351630.25,
        "var": 654132051968
    },
    "spectral_strongpeak": {
        "dmean": 0.585211038589,
        "dmean2": 1.01217806339,
        "dvar": 0.947770059109,
        "dvar2": 2.06098031998,
        "max": 10.3341217041,
        "mean": 0.984097778797,
        "median": 0.425596445799,
        "min": 0,
        "var": 1.67970836163
    },
    "zerocrossingrate": {
        "dmean": 0.00884962454438,
        "dmean2": 0.0103497439995,
        "dvar": 9.28643421503e-05,
        "dvar2": 9.92585919448e-05,
        "max": 0.2490234375,
        "mean": 0.0551939345896,
        "median": 0.05224609375,
        "min": 0.00634765625,
        "var": 0.000549672462512
    },
    "barkbands": {
        "dmean": [0.000140813441249, 0.00484519219026, 0.00264830840752, 0.00134625728242, 0.00185742706526, 0.00103066337761, 0.00191596755758, 0.00117449485697, 0.00152918905951, 0.00145158951636, 0.0006874675164, 0.000515486695804, 0.000376985204639, 0.000401568773668, 0.000533391023055, 0.000363211263902, 0.000325744389556, 0.000266142160399, 0.000265705923084, 0.000191947896383, 0.000103662896436, 0.000103642661998, 0.000103178790596, 5.57997373107e-05, 6.07459196544e-06, 7.58384022248e-09, 4.27914859102e-09],
        "dmean2": [0.000238136053667, 0.00847448688, 0.00449184700847, 0.00234442995861, 0.0031282780692, 0.00168470095377, 0.00320696737617, 0.00190560275223, 0.00243798014708, 0.00211157952435, 0.000999291427433, 0.000812418817077, 0.000623146595899, 0.000655565760098, 0.000881296233274, 0.000571896671318, 0.000539809698239, 0.00042110888171, 0.00041806322406, 0.000302310858388, 0.000163000368048, 0.00015366676962, 0.000159211267601, 8.72274613357e-05, 9.58047894528e-06, 1.26226593622e-08, 7.94503129953e-09],
        "dvar": [8.94481217983e-08, 0.000111143373942, 1.81108516699e-05, 4.27480881626e-06, 7.6348787843e-06, 3.63250705959e-06, 1.21975635921e-05, 7.87256612966e-06, 1.1390860891e-05, 1.07335963548e-05, 2.53970301856e-06, 8.79484275629e-07, 5.24274980762e-07, 3.25135800949e-07, 6.90787032909e-07, 2.22081197876e-07, 1.48653725773e-07, 1.34110194949e-07, 1.90893175045e-07, 7.42661541153e-08, 2.14020481337e-08, 2.686039835e-08, 6.46927773573e-08, 1.82964683404e-08, 9.60976784259e-11, 2.2387191969e-16, 2.76402970785e-16],
        "dvar2": [2.20066723955e-07, 0.000312004587613, 5.03286719322e-05, 1.20480681289e-05, 2.0257106371e-05, 8.30732187751e-06, 3.05355097225e-05, 2.05696269404e-05, 2.69550964731e-05, 2.08247329283e-05, 5.57585917704e-06, 2.20200809053e-06, 1.41902626183e-06, 7.57780412641e-07, 1.77139884272e-06, 5.61914703212e-07, 3.8481351794e-07, 2.88004201821e-07, 4.5335278287e-07, 1.73308393414e-07, 5.10211997096e-08, 5.04027148907e-08, 1.45266852769e-07, 4.24692210288e-08, 2.39292696769e-10, 5.94841910341e-16, 8.06588553391e-16],
        "max": [0.0025063988287, 0.0816438347101, 0.0538605079055, 0.0166512988508, 0.024582400918, 0.0229174066335, 0.0311325564981, 0.0412367060781, 0.0344118177891, 0.0429446101189, 0.0338066332042, 0.0189127866179, 0.0084791071713, 0.00814707297832, 0.0177208967507, 0.00629767728969, 0.00307975430042, 0.00556962518021, 0.00611978210509, 0.00330901821144, 0.00179362786002, 0.00279613723978, 0.00387101201341, 0.00208186055534, 0.000156595619046, 2.50417826919e-07, 3.45637829469e-07],
        "mean": [0.00013084517559, 0.00680373189971, 0.00517881801352, 0.00188552157488, 0.0027528477367, 0.00151017296594, 0.0024692856241, 0.00163149961736, 0.00212923577055, 0.00228152633645, 0.00109991221689, 0.00082541705342, 0.000565566995647, 0.000691748806275, 0.000865801936015, 0.000641136080958, 0.000593762146309, 0.000518771470524, 0.000547152769286, 0.00040514380089, 0.000239555520238, 0.000213818289922, 0.000184133881703, 0.000100619312434, 1.01147134046e-05, 1.12766338489e-08, 3.02829250565e-09],
        "median": [2.93883367704e-05, 0.00455145258456, 0.0041345837526, 0.0012705513509, 0.00196580868214, 0.000666711013764, 0.000860633561388, 0.000654247531202, 0.000619858561549, 0.00065096054459, 0.000326629320625, 0.000425141042797, 0.000335997494403, 0.000418978044763, 0.000581317290198, 0.000444043631433, 0.000457788148196, 0.000394623115426, 0.000414138456108, 0.000309837283567, 0.000186628225492, 0.00015370589972, 0.000105147468275, 6.04699562246e-05, 6.47948854748e-06, 6.23446227976e-09, 5.71647396086e-10],
        "min": [5.80434100783e-09, 1.21094004157e-07, 1.38378453585e-07, 3.50527180615e-08, 5.58078241397e-08, 1.26757955243e-08, 8.16810441506e-09, 6.9004948422e-09, 5.73515546165e-09, 6.26927665337e-09, 8.19257550688e-08, 1.60108957203e-08, 2.70184372653e-08, 3.0867706613e-08, 3.56978202554e-09, 1.39866640492e-09, 3.85362319832e-09, 2.04404582149e-08, 5.24351451148e-09, 1.35721558436e-08, 6.87997880888e-10, 8.75078842721e-10, 8.99706698032e-10, 8.48360270922e-10, 9.76381388934e-12, 1.91296371105e-12, 4.49891035884e-12],
        "var": [8.52821528952e-08, 8.16135143396e-05, 2.29272955039e-05, 4.30764566772e-06, 8.6230238594e-06, 6.23971254754e-06, 1.55611596711e-05, 8.15062867332e-06, 1.70109251485e-05, 2.28679000429e-05, 6.88403270033e-06, 1.67302039245e-06, 6.48788898161e-07, 6.72428143389e-07, 1.0809142168e-06, 4.2515969767e-07, 2.78058791991e-07, 2.6733638947e-07, 3.28668846805e-07, 1.5588500446e-07, 4.90147620269e-08, 6.51658140782e-08, 1.07839056795e-07, 2.83278893676e-08, 1.66838307059e-10, 2.72588278498e-16, 1.56809356641e-16]
    },
    "erbbands": {
        "dmean": [0.107772566378, 1.19631540775, 3.00697565079, 3.84571218491, 4.78907823563, 8.01352500916, 6.99600601196, 8.14633083344, 19.9939460754, 31.9267082214, 24.9943618774, 32.5720214844, 46.3030281067, 33.3462944031, 22.5750522614, 23.3592910767, 16.7549343109, 20.7687339783, 27.3730220795, 19.7850055695, 16.5466060638, 14.1518516541, 14.0311832428, 13.4073867798, 12.3848199844, 9.76633262634, 4.94980192184, 3.44379615784, 3.56282663345, 3.41563153267, 3.13641047478, 1.80705869198, 0.5635227561, 0.135050222278, 0.00635511986911, 0.000313859287417, 3.09030001517e-05, 7.26831558495e-06, 6.63568789605e-06, 1.28804031192e-05],
        "dmean2": [0.193096220493, 2.07728862762, 5.08147573471, 6.51113700867, 8.18289852142, 13.3762731552, 11.595905304, 13.1836709976, 32.9769020081, 52.396030426, 40.4416351318, 52.5398139954, 67.5415420532, 47.8083076477, 33.3995780945, 36.9825248718, 27.5829639435, 33.265460968, 45.9728622437, 31.865196228, 26.3018474579, 22.7508945465, 22.4373874664, 20.722366333, 19.5028057098, 15.1397857666, 7.87003326416, 5.37777090073, 5.24529123306, 5.17008209229, 4.8696513176, 2.84503436089, 0.880182445049, 0.209323406219, 0.00961744599044, 0.000464020180516, 4.55211484223e-05, 1.09851807792e-05, 1.01250525404e-05, 2.0082698029e-05],
        "dvar": [0.0617513954639, 6.52773427963, 25.3429012299, 34.5271453857, 51.6159095764, 158.912902832, 114.342735291, 308.241088867, 1458.67602539, 4605.24169922, 3592.04760742, 5750.62402344, 11762.9677734, 5423.13427734, 2603.92895508, 1950.79882812, 1025.88513184, 1014.22497559, 2390.33789062, 677.992858887, 317.462738037, 282.662353516, 321.437408447, 852.768005371, 363.670349121, 203.276748657, 50.6045379639, 23.0834465027, 30.7182617188, 33.998500824, 69.9186019897, 24.8697452545, 1.27287638187, 0.0490739271045, 0.000274252466625, 5.20637058798e-07, 3.06125236271e-09, 2.01364591668e-10, 6.46897188594e-11, 2.64592875387e-10],
        "dvar2": [0.177242562175, 18.2345294952, 70.2589492798, 98.1673812866, 143.237976074, 420.264343262, 302.160064697, 710.09161377, 3586.22314453, 11613.2001953, 8936.08886719, 13768.3037109, 23695.1796875, 11400.6943359, 6162.703125, 4784.39257812, 2688.25952148, 2287.72509766, 6133.84277344, 1633.77893066, 768.40814209, 709.475280762, 758.40411377, 1914.8572998, 873.155151367, 468.66897583, 118.33669281, 51.5903511047, 60.5945663452, 66.6025543213, 161.633453369, 57.3210029602, 3.17322802544, 0.122506543994, 0.00061678030761, 1.16942737804e-06, 7.39534922189e-09, 5.12518860685e-10, 1.68311753423e-10, 6.85443146686e-10],
        "max": [1.69400966167, 20.8781299591, 53.1014060974, 61.0589485168, 81.3873519897, 116.226470947, 140.733200073, 221.145935059, 513.666259766, 855.663574219, 1053.71789551, 904.189697266, 1571.33959961, 1430.60559082, 1219.64099121, 960.969970703, 422.339782715, 493.379394531, 1092.79858398, 330.372833252, 196.485122681, 184.178848267, 213.023681641, 612.450866699, 298.47253418, 171.053405762, 79.7853240967, 71.3339004517, 96.6907958984, 78.6406555176, 144.471496582, 75.8576812744, 18.4771728516, 2.76942300797, 0.328227221966, 0.0142136616632, 0.000737298978493, 0.000211576800211, 7.97296088422e-05, 0.000155276706209],
        "mean": [0.120246618986, 1.81656873226, 5.94713258743, 6.70197153091, 6.69499254227, 10.3627901077, 10.7243719101, 11.40741539, 27.6191577911, 41.0349884033, 36.9203529358, 48.1145896912, 77.8154144287, 53.9038276672, 40.9057006836, 39.125919342, 27.9632968903, 37.2895851135, 45.7356910706, 37.3069953918, 34.3879241943, 28.520986557, 29.5096664429, 27.976184845, 26.7657756805, 20.9007740021, 11.2561674118, 8.00095367432, 7.53063821793, 6.77905988693, 5.20656442642, 3.09685754776, 1.09887385368, 0.254610419273, 0.0100673092529, 0.000563189212698, 7.14626658009e-05, 1.72699565155e-05, 2.18572367885e-05, 4.16044822487e-05],
        "median": [0.0637361556292, 1.24968099594, 4.01680898666, 5.53705120087, 4.79197359085, 5.94655132294, 6.69282627106, 4.87818193436, 9.76720333099, 14.2666130066, 15.5622653961, 18.2894611359, 19.7265720367, 19.300485611, 19.0056018829, 20.9124126434, 17.4510116577, 23.7249679565, 29.5118293762, 28.6640338898, 28.1060676575, 23.5644454956, 24.8151798248, 18.553899765, 21.6546382904, 15.9118375778, 8.87888908386, 6.37828493118, 5.70749473572, 4.50233268738, 2.80989909172, 1.74561703205, 0.739143252373, 0.168881595135, 0.0053154383786, 0.000344009400578, 5.37312189408e-05, 1.35676291393e-05, 2.11644073715e-05, 4.0213464672e-05],
        "min": [2.5596989417e-06, 3.14965400321e-05, 0.000141386597534, 0.000160687923199, 0.000123707621242, 0.000211905309698, 0.000159238959895, 8.91196395969e-05, 0.000119050302601, 0.00030838753446, 0.00017760884657, 0.000141477154102, 0.000126020036987, 0.00119442562573, 0.00300351646729, 0.000897214456927, 0.00141199375503, 0.00329618784599, 0.00100574910175, 0.000116369912575, 8.58851344674e-05, 0.00029035974876, 0.00094985566102, 0.000663487939164, 0.000457789137727, 0.000571098178625, 5.56131817575e-05, 2.11034257518e-05, 3.03801007249e-05, 3.27889138134e-05, 2.26544489124e-05, 1.6331914594e-05, 1.63426120707e-05, 1.09387951852e-06, 4.91191762819e-08, 8.17910539297e-09, 3.99898958392e-09, 2.15390638658e-09, 1.06993236493e-09, 9.63005009069e-10],
        "var": [0.0419705696404, 4.93567609787, 31.1497936249, 37.6655158997, 48.5284423828, 170.865539551, 165.428756714, 467.771820068, 2322.29736328, 5654.75097656, 4353.46142578, 8242.61132812, 27363.4882812, 9995.42089844, 6793.74121094, 3512.32910156, 1400.28295898, 2000.18457031, 3544.56689453, 1321.15246582, 820.592102051, 593.375427246, 604.560668945, 1788.64404297, 647.045715332, 431.298217773, 107.950767517, 56.0292167664, 72.9859695435, 80.690788269, 104.038146973, 36.2308921814, 2.12920999527, 0.0927183255553, 0.000384937477065, 8.36217679989e-07, 5.9987059764e-09, 3.31827565425e-10, 1.44757483778e-10, 5.10471498405e-10]
    },
    "gfcc": {
        "mean": [3.82279276848, 132.400375366, -158.837661743, 69.3168029785, -67.8774108887, 21.294008255, -25.4480628967, -2.79900956154, -0.265079706907, -22.5759449005, 5.23933553696, -23.6750049591, 2.09166049957],
        "cov": [[3743.74731445, -144.115371704, -518.454406738, -275.933105469, -358.040161133, 35.5247268677, -73.3076705933, 43.1990623474, 48.6660804749, 23.1689319611, -91.0566177368, -7.69595003128, 8.27634716034], [-144.115371704, 473.783569336, -60.0825996399, -194.365005493, 110.439025879, -110.035514832, 83.8367080688, -34.8991508484, 25.7247810364, -8.84833812714, 38.0299415588, -29.0404434204, 15.8010215759], [-518.454406738, -60.0825996399, 432.874908447, 256.43862915, 65.0269165039, 62.4593162537, -45.3700447083, 3.93376135826, -6.89449548721, 12.6490373611, 18.9557666779, 15.475233078, 8.32520580292], [-275.933105469, -194.365005493, 256.43862915, 377.874359131, 74.3641738892, 19.7358989716, -47.847240448, -24.1366672516, -1.36157536507, 9.83197784424, 6.63322877884, 22.7019901276, -0.0686981752515], [-358.040161133, 110.439025879, 65.0269165039, 74.3641738892, 205.45803833, 27.3397006989, 51.2780532837, 9.42795658112, -8.63502883911, -10.1911182404, 6.80481624603, -19.0397014618, 16.9794960022], [35.5247268677, -110.035514832, 62.4593162537, 19.7358989716, 27.3397006989, 167.027694702, 25.2130413055, 45.6222915649, -23.0869426727, -10.1241817474, -22.5656681061, -9.92805099487, 7.91962814331], [-73.3076705933, 83.8367080688, -45.3700447083, -47.847240448, 51.2780532837, 25.2130413055, 120.560661316, 32.0829544067, -4.32367610931, -20.5881309509, -0.181090474129, -22.2449951172, 1.03763246536], [43.1990623474, -34.8991508484, 3.93376135826, -24.1366672516, 9.42795658112, 45.6222915649, 32.0829544067, 104.209396362, 10.8851509094, -0.059353671968, -6.75291395187, -23.0135231018, 4.4314494133], [48.6660804749, 25.7247810364, -6.89449548721, -1.36157536507, -8.63502883911, -23.0869426727, -4.32367610931, 10.8851509094, 68.0414810181, 21.8469734192, 7.20594263077, -2.35157728195, -14.5564079285], [23.1689319611, -8.84833812714, 12.6490373611, 9.83197784424, -10.1911182404, -10.1241817474, -20.5881309509, -0.059353671968, 21.8469734192, 56.9200630188, 19.7190704346, 1.00433146954, -0.824921548367], [-91.0566177368, 38.0299415588, 18.9557666779, 6.63322877884, 6.80481624603, -22.5656681061, -0.181090474129, -6.75291395187, 7.20594263077, 19.7190704346, 49.4493141174, 20.3304805756, -0.568381845951], [-7.69595003128, -29.0404434204, 15.475233078, 22.7019901276, -19.0397014618, -9.92805099487, -22.2449951172, -23.0135231018, -2.35157728195, 1.00433146954, 20.3304805756, 59.4917831421, 20.9898281097], [8.27634716034, 15.8010215759, 8.32520580292, -0.0686981752515, 16.9794960022, 7.91962814331, 1.03763246536, 4.4314494133, -14.5564079285, -0.824921548367, -0.568381845951, 20.9898281097, 56.3058395386]],
        "icov": [[0.000481423310703, -0.000959929660894, 0.00105492665898, -0.00100001587998, 0.00129993027076, -0.00104325870052, 0.000659616664052, -0.00069615081884, 0.000116364040878, -0.000487705459818, 0.000948270317167, -0.000397999916459, 1.96656874323e-05], [-0.000959929660894, 0.0145206935704, -0.00714216195047, 0.0123240584508, -0.0101083852351, 0.00997592601925, -0.00627399096265, 0.00932666473091, -0.00704997777939, 0.0056388550438, -0.00978302303702, 0.00929964799434, -0.00714154355228], [0.00105492665898, -0.00714216195047, 0.00879197753966, -0.00909980200231, 0.00562926381826, -0.00711348094046, 0.00489368010312, -0.00507959490642, 0.00287980400026, -0.00224778125994, 0.00234182388522, -0.00304694985971, 0.00202181329951], [-0.00100001587998, 0.0123240584508, -0.00909980200231, 0.0156936198473, -0.0106882797554, 0.00915517937392, -0.00456904759631, 0.00837829057127, -0.00569430692121, 0.00381325208582, -0.00597176374868, 0.00504781631753, -0.00394490966573], [0.00129993027076, -0.0101083852351, 0.00562926381826, -0.0106882797554, 0.0153602147475, -0.00833762064576, 0.00189556728583, -0.00531508680433, 0.00363401533104, -0.00216939114034, 0.00356649537571, -0.00103175488766, 5.26766489202e-05], [-0.00104325870052, 0.00997592601925, -0.00711348094046, 0.00915517937392, -0.00833762064576, 0.0161001868546, -0.00628440268338, 0.00262330844998, -0.000899308244698, 0.00171115854755, -0.00111215689685, 0.00307450140826, -0.00278892694041], [0.000659616664052, -0.00627399096265, 0.00489368010312, -0.00456904759631, 0.00189556728583, -0.00628440268338, 0.0158084314317, -0.00620764587075, 0.00197456544265, 0.00286483136006, -0.000592480006162, 0.000104520542664, 0.00195160170551], [-0.00069615081884, 0.00932666473091, -0.00507959490642, 0.00837829057127, -0.00531508680433, 0.00262330844998, -0.00620764587075, 0.0198532640934, -0.00880897603929, 0.00480565428734, -0.00885421410203, 0.0124164866284, -0.00889296550304], [0.000116364040878, -0.00704997777939, 0.00287980400026, -0.00569430692121, 0.00363401533104, -0.000899308244698, 0.00197456544265, -0.00880897603929, 0.0238759890199, -0.0112350657582, 0.00802791956812, -0.00903446506709, 0.0106729445979], [-0.000487705459818, 0.0056388550438, -0.00224778125994, 0.00381325208582, -0.00216939114034, 0.00171115854755, 0.00286483136006, 0.00480565428734, -0.0112350657582, 0.0299237202853, -0.018827278167, 0.0128761874512, -0.00864742975682], [0.000948270317167, -0.00978302303702, 0.00234182388522, -0.00597176374868, 0.00356649537571, -0.00111215689685, -0.000592480006162, -0.00885421410203, 0.00802791956812, -0.018827278167, 0.0438795797527, -0.0248083658516, 0.0135318078101], [-0.000397999916459, 0.00929964799434, -0.00304694985971, 0.00504781631753, -0.00103175488766, 0.00307450140826, 0.000104520542664, 0.0124164866284, -0.00903446506709, 0.0128761874512, -0.0248083658516, 0.0403754524887, -0.020643690601], [1.96656874323e-05, -0.00714154355228, 0.00202181329951, -0.00394490966573, 5.26766489202e-05, -0.00278892694041, 0.00195160170551, -0.00889296550304, 0.0106729445979, -0.00864742975682, 0.0135318078101, -0.020643690601, 0.0309626758099]]
    },
    "melbands": {
        "dmean": [0.0011821037624, 0.00155661534518, 0.000655803596601, 0.000458633119706, 0.000247939344263, 0.00019188625447, 0.000332389754476, 0.000321090134094, 0.00021379176178, 0.000215605803533, 0.000234834980802, 0.000142575067002, 8.92235984793e-05, 6.03481566941e-05, 4.83950861963e-05, 3.49569490936e-05, 4.15037757193e-05, 4.36025875388e-05, 3.04515451717e-05, 3.22808300552e-05, 2.0563682483e-05, 1.64323901117e-05, 1.53792734636e-05, 1.47609607666e-05, 1.14745998872e-05, 9.7844431366e-06, 8.56618953549e-06, 6.52984044791e-06, 3.41753116118e-06, 2.79083496935e-06, 2.17108208744e-06, 2.05310129786e-06, 2.27927398555e-06, 1.86018883142e-06, 1.99218061425e-06, 1.62153219208e-06, 9.61563159763e-07, 4.50276417041e-07, 2.54491283158e-07, 6.87310688363e-08],
        "dmean2": [0.00207445397973, 0.00263074482791, 0.00111205072608, 0.000765992270317, 0.000413553352701, 0.000309330527671, 0.000548821175471, 0.000527882482857, 0.00034343911102, 0.000344457890606, 0.000343541469192, 0.000202493814868, 0.000130797197926, 9.31594622671e-05, 7.8469303844e-05, 5.71718010178e-05, 6.68114298605e-05, 7.29930980015e-05, 5.0024180382e-05, 5.13793711434e-05, 3.36649463861e-05, 2.7276972105e-05, 2.44207349169e-05, 2.36940413743e-05, 1.79149374162e-05, 1.55171728693e-05, 1.32892582769e-05, 1.03095972008e-05, 5.46533556189e-06, 4.54918381365e-06, 3.43743431586e-06, 3.08112839775e-06, 3.42104294759e-06, 2.85822648038e-06, 3.12165957439e-06, 2.57551164395e-06, 1.51180336161e-06, 7.12491953436e-07, 4.02874945848e-07, 1.08367132157e-07],
        "dvar": [6.92336880093e-06, 7.8761304394e-06, 9.60878992373e-07, 4.84103338749e-07, 1.30765158701e-07, 1.52799557895e-07, 3.70469024347e-07, 4.86087799345e-07, 2.74279869927e-07, 2.27705939437e-07, 3.0732758205e-07, 1.00290286298e-07, 4.56282123196e-08, 1.19591287984e-08, 8.06158517719e-09, 4.37161196132e-09, 4.04003586141e-09, 5.82499826152e-09, 1.71022340734e-09, 1.82983017627e-09, 5.27080379342e-10, 4.21996160238e-10, 3.66427166387e-10, 4.89005891335e-10, 7.59864948741e-10, 2.22430546204e-10, 1.68724353933e-10, 8.60859022955e-11, 2.88537908844e-11, 1.76187293921e-11, 1.06528917632e-11, 1.0517307511e-11, 1.30918886843e-11, 1.21579950968e-11, 2.68011290244e-11, 2.27236007788e-11, 6.37095194309e-12, 8.48220528104e-13, 1.72962935207e-13, 1.52047038832e-14],
        "dvar2": [1.95213960978e-05, 2.18887762458e-05, 2.73559544439e-06, 1.27679470552e-06, 3.38566877645e-07, 3.41132874837e-07, 9.27896678604e-07, 1.2400543028e-06, 6.81445044393e-07, 5.19464833815e-07, 6.13958150097e-07, 2.08215595876e-07, 1.041243749e-07, 3.03190716977e-08, 2.00717753529e-08, 1.11135998182e-08, 9.19003362299e-09, 1.47060932321e-08, 4.50268622387e-09, 4.62396476664e-09, 1.35025413073e-09, 1.08571884816e-09, 8.89863571718e-10, 1.15769471787e-09, 1.72029879231e-09, 5.34046751266e-10, 4.04089539607e-10, 1.99888910979e-10, 6.71450395284e-11, 4.45892558987e-11, 2.45059927212e-11, 2.23657481424e-11, 2.46177626895e-11, 2.63900481329e-11, 6.35798497184e-11, 5.40333194854e-11, 1.48889511831e-11, 2.20383650565e-12, 4.49203933599e-13, 3.56048503668e-14],
        "max": [0.01861666888, 0.0283839330077, 0.00974976923317, 0.00636563356966, 0.00543694430962, 0.00466397497803, 0.00666145561263, 0.0093198241666, 0.00767518300563, 0.00493925949559, 0.00798641331494, 0.00635738763958, 0.00503564393148, 0.00209718896076, 0.00151417416055, 0.000975045375526, 0.000991543522105, 0.00176954572089, 0.00052027089987, 0.000611322466284, 0.000203109637368, 0.000223620198085, 0.000190197257325, 0.000408264022553, 0.000572496210225, 0.000191435494344, 0.000195021886611, 0.000110453431262, 7.83462674008e-05, 5.28078962816e-05, 6.03879307164e-05, 5.43908608961e-05, 6.07224210398e-05, 5.09825331392e-05, 9.11594106583e-05, 6.55918556731e-05, 4.05970749853e-05, 1.54476820171e-05, 5.5479022194e-06, 1.87596867818e-06],
        "mean": [0.00152958231047, 0.0029661685694, 0.00114370172378, 0.000629173999187, 0.000391784968087, 0.000279003259493, 0.000449967425084, 0.000416467810282, 0.000299607258057, 0.000312804884743, 0.000386067316867, 0.000216440006625, 0.000149476312799, 0.000100449746242, 7.899836055e-05, 5.4192096286e-05, 7.07474318915e-05, 7.01657772879e-05, 5.23232847627e-05, 5.26122603333e-05, 3.88282351196e-05, 3.01119289361e-05, 2.81023731077e-05, 2.69390166068e-05, 2.15653672058e-05, 1.98692487174e-05, 1.68393380591e-05, 1.31198130475e-05, 6.81405208525e-06, 5.91918205828e-06, 4.39095128968e-06, 4.12100189351e-06, 4.32290607932e-06, 3.47885475094e-06, 3.16505565934e-06, 2.44845546149e-06, 1.64255652635e-06, 8.24773906061e-07, 4.66505639451e-07, 1.10258078223e-07],
        "median": [0.00101509608794, 0.00224804831669, 0.00094311486464, 0.000402520876378, 0.000257430277998, 0.000111734952952, 0.000158217168064, 0.000154217574163, 0.000114131813461, 9.70268665696e-05, 9.07258872758e-05, 6.93411784596e-05, 5.23799681105e-05, 5.40000328328e-05, 4.79659247503e-05, 3.51089984179e-05, 4.23828678322e-05, 4.40411022282e-05, 3.72005997633e-05, 3.46601118508e-05, 3.1779971323e-05, 2.42527130467e-05, 2.06784952752e-05, 2.07824705285e-05, 1.18164271043e-05, 1.47420369103e-05, 1.24722682813e-05, 9.33985757001e-06, 5.25223413206e-06, 4.3450713747e-06, 3.28130613525e-06, 3.02106423078e-06, 3.03506112687e-06, 2.19303865379e-06, 1.60554941431e-06, 1.24322320971e-06, 9.13683152248e-07, 5.50729509996e-07, 3.14989023309e-07, 6.31769481174e-08],
        "min": [2.84696959341e-08, 6.49711466849e-08, 2.6437231071e-08, 1.23309469302e-08, 6.5709060415e-09, 2.09283612662e-09, 1.73588854402e-09, 2.20337237344e-09, 1.4752961075e-09, 7.35289273912e-10, 2.73510158966e-10, 4.08247036177e-09, 1.2308723818e-08, 2.21766494057e-09, 1.80053527643e-09, 2.75799960647e-09, 6.30751051389e-09, 1.05646535964e-09, 1.84784187951e-10, 9.72312230729e-11, 8.18330195274e-11, 2.63212868168e-10, 3.4079530864e-10, 1.37483180396e-09, 4.33867081151e-10, 1.12535362973e-10, 6.67052302283e-10, 2.68260608172e-10, 2.70577137085e-11, 1.27991948637e-11, 9.01392068625e-12, 1.42406962958e-11, 2.17857207968e-11, 1.70612170225e-11, 1.08630387671e-11, 1.52038121676e-11, 7.59675829187e-12, 1.54457852758e-11, 3.13425717671e-12, 4.18571935738e-14],
        "var": [4.98270810567e-06, 7.49268565414e-06, 9.64281184679e-07, 5.13236898314e-07, 1.94243995111e-07, 2.79673315617e-07, 5.39409199973e-07, 5.73271222493e-07, 3.23041234651e-07, 3.69883110807e-07, 7.04095555193e-07, 1.80500009606e-07, 1.25839434872e-07, 2.31417036645e-08, 1.25067467494e-08, 5.61299184909e-09, 8.01640176462e-09, 8.57442916669e-09, 2.88992230146e-09, 3.34252403533e-09, 1.09723763408e-09, 7.39247663084e-10, 7.22900017625e-10, 8.15179368452e-10, 1.54296908583e-09, 4.09893369246e-10, 3.2292588048e-10, 1.81917980679e-10, 5.10340589233e-11, 3.81064138577e-11, 2.13374058006e-11, 2.31704100351e-11, 2.89953391158e-11, 2.50174811423e-11, 3.85199268316e-11, 2.9703645793e-11, 9.46401897822e-12, 1.29206660562e-12, 2.81132837279e-13, 2.61924694851e-14]
    },
    "mfcc": {
        "mean": [-606.391296387, 118.292350769, -9.7127904892, 32.727180481, 1.91796123981, 12.5519666672, -1.92615377903, 12.3930587769, -1.51485240459, 10.8729496002, -3.03685903549, 1.22587883472, -2.12947463989],
        "cov": [[4190.37939453, -118.4920578, -463.505432129, -412.354858398, -326.457305908, -119.367233276, -219.369979858, -32.3130722046, 32.3903274536, 2.69661808014, -3.59021234512, 28.2038764954, -60.7315826416], [-118.4920578, 630.914855957, -238.239898682, -95.1845016479, -46.61195755, -68.8697357178, 46.7028694153, -23.882604599, 21.1832580566, -26.2158527374, 37.1047744751, 15.2168149948, -6.8011803627], [-463.505432129, -238.239898682, 438.992492676, 157.916671753, 113.74433136, 68.7733154297, -2.31838655472, 13.9630432129, -19.6365203857, 3.48418807983, -7.37670993805, -5.88058662415, 15.1086177826], [-412.354858398, -95.1845016479, 157.916671753, 309.073760986, 109.046333313, 55.2113990784, -8.67132377625, -17.3106098175, -25.3313026428, -2.73995041847, -19.3426513672, 11.8022518158, 29.947177887], [-326.457305908, -46.61195755, 113.74433136, 109.046333313, 171.587432861, 54.4304504395, 39.1212921143, 3.08256340027, 18.8080387115, 5.86537027359, -9.12082767487, 10.9386672974, 16.9719715118], [-119.367233276, -68.8697357178, 68.7733154297, 55.2113990784, 54.4304504395, 115.785934448, 26.9446220398, 10.7400302887, -2.99641537666, -2.68919730186, -9.39996623993, -5.64052534103, -3.37882113457], [-219.369979858, 46.7028694153, -2.31838655472, -8.67132377625, 39.1212921143, 26.9446220398, 144.657577515, 45.564163208, 41.6488075256, 16.491809845, 0.0307589974254, -14.8052654266, -5.78217077255], [-32.3130722046, -23.882604599, 13.9630432129, -17.3106098175, 3.08256340027, 10.7400302887, 45.564163208, 84.1816940308, 25.6895446777, 18.825044632, -1.12934684753, -15.6273422241, -9.44791030884], [32.3903274536, 21.1832580566, -19.6365203857, -25.3313026428, 18.8080387115, -2.99641537666, 41.6488075256, 25.6895446777, 79.9334640503, 22.7986488342, 3.01551246643, -4.09246587753, -6.62127542496], [2.69661808014, -26.2158527374, 3.48418807983, -2.73995041847, 5.86537027359, -2.68919730186, 16.491809845, 18.825044632, 22.7986488342, 79.0512924194, 28.8843421936, -0.229545786977, -17.009677887], [-3.59021234512, 37.1047744751, -7.37670993805, -19.3426513672, -9.12082767487, -9.39996623993, 0.0307589974254, -1.12934684753, 3.01551246643, 28.8843421936, 68.202255249, 15.4546871185, -11.0352830887], [28.2038764954, 15.2168149948, -5.88058662415, 11.8022518158, 10.9386672974, -5.64052534103, -14.8052654266, -15.6273422241, -4.09246587753, -0.229545786977, 15.4546871185, 62.319065094, 21.7846393585], [-60.7315826416, -6.8011803627, 15.1086177826, 29.947177887, 16.9719715118, -3.37882113457, -5.78217077255, -9.44791030884, -6.62127542496, -17.009677887, -11.0352830887, 21.7846393585, 59.7514419556]],
