{
"lowlevel": {
    "average_loudness": 0.974717438221,
    "barkbands_crest": {
        "dmean": 2.31946182251,
        "dmean2": 3.75560069084,
        "dvar": 4.24836444855,
        "dvar2": 11.6314411163,
        "max": 24.2113761902,
        "mean": 11.2048540115,
        "median": 10.5297288895,
        "min": 3.31909823418,
        "var": 14.8799276352
    },
    "barkbands_flatness_db": {
        "dmean": 0.0205826163292,
        "dmean2": 0.0311963874847,
        "dvar": 0.000401432946092,
        "dvar2": 0.000852995028254,
        "max": 0.463800877333,
        "mean": 0.210814982653,
        "median": 0.20071426034,
        "min": 0.0998537912965,
        "var": 0.00342762609944
    },
    "barkbands_kurtosis": {
        "dmean": 4.25167131424,
        "dmean2": 6.3455080986,
        "dvar": 122.403846741,
        "dvar2": 279.824005127,
        "max": 280.022888184,
        "mean": 10.9913511276,
        "median": 6.84971523285,
        "min": -1.46897804737,
        "var": 275.557739258
    },
    "barkbands_skewness": {
        "dmean": 0.477155029774,
        "dmean2": 0.720912694931,
        "dvar": 0.279576331377,
        "dvar2": 0.622441768646,
        "max": 11.8098125458,
        "mean": 2.51885986328,
        "median": 2.37066745758,
        "min": 0.101032309234,
        "var": 1.45468580723
    },
    "barkbands_spread": {
        "dmean": 3.22767853737,
        "dmean2": 4.80003356934,
        "dvar": 20.3075771332,
        "dvar2": 45.2850837708,
        "max": 71.3711395264,
        "mean": 13.0313968658,
        "median": 12.1895112991,
        "min": 0.441763877869,
        "var": 73.0608291626
    },
    "dissonance": {
        "dmean": 0.0204628072679,
        "dmean2": 0.0335012935102,
        "dvar": 0.000323884480167,
        "dvar2": 0.00086087489035,
        "max": 0.500000059605,
        "mean": 0.445185571909,
        "median": 0.450389415026,
        "min": 0.274215400219,
        "var": 0.00106879894156
    },
    "dynamic_complexity": 2.42759084702,
    "erbbands_crest": {
        "dmean": 1.97370457649,
        "dmean2": 3.07642102242,
        "dvar": 4.14615011215,
        "dvar2": 10.0262880325,
        "max": 25.6950111389,
        "mean": 8.97407817841,
        "median": 8.20841503143,
        "min": 2.74805355072,
        "var": 12.6213998795
    },
    "erbbands_flatness_db": {
        "dmean": 0.0137017490342,
        "dmean2": 0.0186539664865,
        "dvar": 0.00020074249187,
        "dvar2": 0.000349198497133,
        "max": 0.369688004255,
        "mean": 0.18048620224,
        "median": 0.178794920444,
        "min": 0.111943073571,
        "var": 0.0012422488071
    },
    "erbbands_kurtosis": {
        "dmean": 0.857372641563,
        "dmean2": 1.31688308716,
        "dvar": 2.60927677155,
        "dvar2": 7.05990409851,
        "max": 28.6366157532,
        "mean": 0.893043100834,
        "median": 0.0611462593079,
        "min": -1.77299523354,
        "var": 8.42777633667
    },
    "erbbands_skewness": {
        "dmean": 0.294916152954,
        "dmean2": 0.43399092555,
        "dvar": 0.089886918664,
        "dvar2": 0.223205775023,
        "max": 5.09325551987,
        "mean": 0.770390629768,
        "median": 0.6940767169,
        "min": -1.44307613373,
        "var": 0.5143019557
    },
    "erbbands_spread": {
        "dmean": 6.70571470261,
        "dmean2": 9.69682979584,
        "dvar": 50.6408843994,
        "dvar2": 100.78338623,
        "max": 103.266708374,
        "mean": 40.7897071838,
        "median": 38.3103866577,
        "min": 2.80673074722,
        "var": 296.153167725
    },
    "hfc": {
        "dmean": 4.22045373917,
        "dmean2": 5.58126926422,
        "dvar": 26.3363494873,
        "dvar2": 50.2207489014,
        "max": 65.4790496826,
        "mean": 17.2700862885,
        "median": 14.4647378922,
        "min": 2.83790941467e-05,
        "var": 140.703079224
    },
    "melbands_crest": {
        "dmean": 2.73808574677,
        "dmean2": 4.48443508148,
        "dvar": 6.15965127945,
        "dvar2": 16.9656295776,
        "max": 31.2980937958,
        "mean": 14.6852903366,
        "median": 13.8143949509,
        "min": 5.33342695236,
        "var": 22.9786205292
    },
    "melbands_flatness_db": {
        "dmean": 0.02395677194,
        "dmean2": 0.0352096147835,
        "dvar": 0.000555860344321,
        "dvar2": 0.00112340121996,
        "max": 0.574041485786,
        "mean": 0.260998010635,
        "median": 0.250940203667,
        "min": 0.086053095758,
        "var": 0.00551644293591
    },
    "melbands_kurtosis": {
        "dmean": 7.78957509995,
        "dmean2": 11.9718904495,
        "dvar": 163.317184448,
        "dvar2": 291.730041504,
        "max": 359.886413574,
        "mean": 23.4794883728,
        "median": 18.608373642,
        "min": -0.00477313995361,
        "var": 599.498168945
    },
    "melbands_skewness": {
        "dmean": 0.614755094051,
        "dmean2": 0.946384727955,
        "dvar": 0.337821871042,
        "dvar2": 0.749101579189,
        "max": 10.6149177551,
        "mean": 3.47381305695,
        "median": 3.3526866436,
        "min": 0.406074941158,
        "var": 2.10925602913
    },
    "melbands_spread": {
        "dmean": 2.97759366035,
        "dmean2": 4.63685131073,
        "dvar": 15.4965219498,
        "dvar2": 37.6762695312,
        "max": 56.4134254456,
        "mean": 11.3210515976,
        "median": 10.0024347305,
        "min": 0.345591932535,
        "var": 54.6805953979
    },
    "pitch_salience": {
        "dmean": 0.0628867223859,
        "dmean2": 0.100540101528,
        "dvar": 0.00299513828941,
        "dvar2": 0.00815876107663,
        "max": 0.797107100487,
        "mean": 0.515180110931,
        "median": 0.525223314762,
        "min": 0.0756347179413,
        "var": 0.0103899268433
    },
    "silence_rate_20dB": {
        "dmean": 0,
        "dmean2": 0,
        "dvar": 0,
        "dvar2": 0,
        "max": 1,
        "mean": 1,
        "median": 1,
        "min": 1,
        "var": 0
    },
    "silence_rate_30dB": {
        "dmean": 0.0170278642327,
        "dmean2": 0.0340821072459,
        "dvar": 0.0167378876358,
        "dvar2": 0.0422164350748,
        "max": 1,
        "mean": 0.986078858376,
        "median": 1,
        "min": 0,
        "var": 0.0137274712324
    },
    "silence_rate_60dB": {
        "dmean": 0.00464396271855,
        "dmean2": 0.00929511990398,
        "dvar": 0.00462229037657,
        "dvar2": 0.0107578225434,
        "max": 1,
        "mean": 0.0348027832806,
        "median": 0,
        "min": 0,
        "var": 0.0335914939642
    },
    "spectral_centroid": {
        "dmean": 150.897491455,
        "dmean2": 221.288879395,
        "dvar": 38916.8085938,
        "dvar2": 85340.0625,
        "max": 2806.78295898,
        "mean": 756.538696289,
        "median": 700.368286133,
        "min": 132.178634644,
        "var": 146165.125
    },
    "spectral_complexity": {
        "dmean": 2.66563463211,
        "dmean2": 3.97831130028,
        "dvar": 8.97643280029,
        "dvar2": 16.0335865021,
        "max": 40,
        "mean": 14.954369545,
        "median": 14,
        "min": 0,
        "var": 38.7303161621
    },
    "spectral_decrease": {
        "dmean": 3.24242011018e-09,
        "dmean2": 5.07469710698e-09,
        "dvar": 1.54551120481e-17,
        "dvar2": 3.67728931575e-17,
        "max": -6.97348537422e-14,
        "mean": -1.1203502126e-08,
        "median": -1.02710631111e-08,
        "min": -4.0639935861e-08,
        "var": 4.29034595493e-17
    },
    "spectral_energy": {
        "dmean": 0.0124878529459,
        "dmean2": 0.019465399906,
        "dvar": 0.000228310236707,
        "dvar2": 0.000541179266293,
        "max": 0.155790776014,
        "mean": 0.0438510663807,
        "median": 0.0401959009469,
        "min": 2.66678711114e-07,
        "var": 0.000646477565169
    },
    "spectral_energyband_high": {
        "dmean": 0.000243958100327,
        "dmean2": 0.000329811795382,
        "dvar": 3.09939821364e-07,
        "dvar2": 6.45883801553e-07,
        "max": 0.00942136161029,
        "mean": 0.000532937468961,
        "median": 0.0002469435276,
        "min": 1.21561954947e-10,
        "var": 8.77651530118e-07
    },
    "spectral_energyband_low": {
        "dmean": 0.00929643306881,
        "dmean2": 0.0148627804592,
        "dvar": 0.000152100430569,
        "dvar2": 0.00037170064752,
        "max": 0.128936782479,
        "mean": 0.0230096355081,
        "median": 0.018877858296,
        "min": 2.15963822825e-07,
        "var": 0.000330614246195
    },
    "spectral_energyband_middle_high": {
        "dmean": 0.00105499173515,
        "dmean2": 0.0014354439918,
        "dvar": 2.58353725258e-06,
        "dvar2": 5.14938164997e-06,
        "max": 0.0343596190214,
        "mean": 0.00369193777442,
        "median": 0.00234468071721,
        "min": 1.86300169736e-10,
        "var": 1.86928537005e-05
    },
    "spectral_energyband_middle_low": {
        "dmean": 0.00584745313972,
        "dmean2": 0.00906047411263,
        "dvar": 6.33389499853e-05,
        "dvar2": 0.000180545059266,
        "max": 0.129976436496,
        "mean": 0.0188963282853,
        "median": 0.0157550405711,
        "min": 2.29553851483e-08,
        "var": 0.000189053156646
    },
    "spectral_entropy": {
        "dmean": 0.174486622214,
        "dmean2": 0.239691630006,
        "dvar": 0.0355633571744,
        "dvar2": 0.0622616820037,
        "max": 8.19286441803,
        "mean": 7.18017911911,
        "median": 7.25742578506,
        "min": 4.78945398331,
        "var": 0.282789826393
    },
    "spectral_flux": {
        "dmean": 0.0253067519516,
        "dmean2": 0.0393556579947,
        "dvar": 0.000708454928827,
        "dvar2": 0.0014795701718,
        "max": 0.27062907815,
        "mean": 0.0839032307267,
        "median": 0.0734328180552,
        "min": 0.000598503684159,
        "var": 0.00207090680487
    },
    "spectral_kurtosis": {
        "dmean": 2.03847813606,
        "dmean2": 3.37754011154,
        "dvar": 10.1009283066,
        "dvar2": 25.0277690887,
        "max": 58.9684486389,
        "mean": 4.4556889534,
        "median": 3.17638492584,
        "min": -1.04818344116,
        "var": 31.4899692535
    },
    "spectral_rms": {
        "dmean": 0.000890232448,
        "dmean2": 0.00137941702269,
        "dvar": 9.12318739665e-07,
        "dvar2": 2.05311425816e-06,
        "max": 0.0123284626752,
        "mean": 0.00622183689848,
        "median": 0.0062622288242,
        "min": 1.61299212778e-05,
        "var": 4.07022798754e-06
    },
    "spectral_rolloff": {
        "dmean": 199.781692505,
        "dmean2": 344.280273438,
        "dvar": 249919.0625,
        "dvar2": 595192.9375,
        "max": 5943.1640625,
        "mean": 616.685668945,
        "median": 473.73046875,
        "min": 86.1328125,
        "var": 432901.78125
    },
    "spectral_skewness": {
        "dmean": 0.260061174631,
        "dmean2": 0.393056094646,
        "dvar": 0.0855771079659,
        "dvar2": 0.178863868117,
        "max": 6.28411245346,
        "mean": 1.65232598782,
        "median": 1.56139743328,
        "min": 0.0935011282563,
        "var": 0.487047612667
    },
    "spectral_spread": {
        "dmean": 427443.03125,
        "dmean2": 624443.6875,
        "dvar": 203817730048,
        "dvar2": 364017385472,
        "max": 9130225,
        "mean": 4314450.5,
        "median": 4250666,
        "min": 1434650.125,
        "var": 897072365568
    },
    "spectral_strongpeak": {
        "dmean": 0.36743080616,
        "dmean2": 0.651853680611,
        "dvar": 0.314253211021,
        "dvar2": 0.843605697155,
        "max": 5.7028298378,
        "mean": 0.707675039768,
        "median": 0.478089570999,
        "min": 0.000518245971762,
        "var": 0.457881212234
    },
    "zerocrossingrate": {
        "dmean": 0.00600260915235,
        "dmean2": 0.00749517371878,
        "dvar": 4.10349566664e-05,
        "dvar2": 5.65012778679e-05,
        "max": 0.134765625,
        "mean": 0.0336343832314,
        "median": 0.0322265625,
        "min": 0.00146484375,
        "var": 0.000316506368108
    },
    "barkbands": {
        "dmean": [0.000153390486958, 0.0054921079427, 0.00483166938648, 0.00183725205716, 0.00342048797756, 0.00113839446567, 0.00116761238314, 0.000629799731541, 0.000542681489605, 0.000435213965829, 0.00023771294218, 0.000185474258615, 0.000229999976, 0.000200485781534, 0.00018216992612, 9.28750450839e-05, 9.10013259272e-05, 6.90067899995e-05, 8.65619440447e-05, 8.260562754e-05, 5.87950416957e-05, 8.07695178082e-05, 6.13315278315e-05, 4.83528347104e-05, 1.24737571241e-05, 1.04691908476e-08, 1.66622771136e-09],
        "dmean2": [0.000202202922083, 0.00868341699243, 0.00783656165004, 0.00310197356157, 0.0053697610274, 0.00176012562588, 0.00190098118037, 0.000906862667762, 0.000803103030194, 0.000636752054561, 0.000373596063582, 0.000280215987004, 0.000353081530193, 0.00030908753979, 0.000272829754977, 0.000134668953251, 0.000137068913318, 0.000102495287138, 0.000125250488054, 0.000122433484648, 9.17134602787e-05, 0.000117697345559, 8.75286277733e-05, 6.64072722429e-05, 1.8491058654e-05, 1.67250284733e-08, 3.08980818708e-09],
        "dvar": [7.93797951815e-08, 8.42083099997e-05, 4.05747014156e-05, 8.83508892002e-06, 3.9195689169e-05, 4.04541424359e-06, 7.25650943423e-06, 2.1467476472e-06, 1.35014727221e-06, 1.68163785474e-06, 2.03735396553e-07, 7.93004701904e-08, 2.47766934081e-07, 1.71991118236e-07, 1.97221183384e-07, 7.33114617901e-08, 3.01616971399e-08, 1.58110005088e-08, 3.22051612045e-08, 3.71474619953e-08, 6.50732872032e-08, 5.41579332491e-08, 2.00483363244e-08, 9.6127186211e-09, 5.75618386289e-10, 4.73672470808e-16, 5.30861232002e-18],
        "dvar2": [1.41552987998e-07, 0.000212697326788, 0.000106705185317, 2.39738492382e-05, 0.000122120269225, 1.10872360892e-05, 1.73116259248e-05, 4.4620232984e-06, 2.90495017907e-06, 4.08877076552e-06, 4.52615324775e-07, 1.67396478901e-07, 5.65141590414e-07, 3.70947276451e-07, 4.06170613587e-07, 1.32166604772e-07, 6.48627533906e-08, 3.51196511872e-08, 6.8399465647e-08, 8.39672367192e-08, 1.85367952099e-07, 1.12272502406e-07, 3.5755459038e-08, 2.02366639002e-08, 1.27968491359e-09, 1.10303012672e-15, 1.69547607202e-17],
        "max": [0.0023688422516, 0.0740399360657, 0.0774815604091, 0.0405079647899, 0.122035771608, 0.0269691944122, 0.0403388366103, 0.0240101162344, 0.0203377809376, 0.0227801073343, 0.00753306597471, 0.00482381414622, 0.00893799215555, 0.00611898070201, 0.00719539774582, 0.00603366876021, 0.00279192300513, 0.00250055268407, 0.00368042313494, 0.0042708395049, 0.00548018841073, 0.0052707279101, 0.00314699066803, 0.00180863344576, 0.000297751015751, 2.86413666117e-07, 2.15419415639e-08],
        "mean": [0.000229845565627, 0.00949395820498, 0.0111936703324, 0.00312415952794, 0.00755671598017, 0.00288680545054, 0.00252641388215, 0.00138068245724, 0.0010873147985, 0.000875873141922, 0.000497572531458, 0.000361631973647, 0.000456056062831, 0.000388162879972, 0.000433165667346, 0.000231467522099, 0.000198501671548, 0.000139508731081, 0.000163997989148, 0.000151648622705, 8.8148546638e-05, 0.000147585611558, 0.000126512415591, 9.24429114093e-05, 1.92317438632e-05, 1.48497480978e-08, 1.31473187892e-09],
        "median": [4.78690890304e-05, 0.00601888820529, 0.00652315514162, 0.00184839824215, 0.00466643460095, 0.00156281865202, 0.00091354228789, 0.000572609016672, 0.000414263922721, 0.000163649121532, 0.000207709672395, 0.000183306692634, 0.000105850063846, 9.70276014414e-05, 0.000124722137116, 6.00777239015e-05, 8.23115187814e-05, 5.2893141401e-05, 6.44100364298e-05, 6.73959002597e-05, 3.22352861986e-05, 5.37136147614e-05, 4.79169757455e-05, 4.22087650804e-05, 7.28751865609e-06, 6.225537863e-09, 5.63453061986e-10],
        "min": [1.01459960433e-08, 4.85619295887e-08, 7.73788997321e-08, 1.21889698335e-08, 7.17775172632e-09, 2.37499819811e-09, 2.34661068355e-10, 5.65143709608e-10, 2.74666123179e-10, 1.43272225681e-11, 3.15327776911e-12, 2.85812389381e-12, 3.20753146266e-11, 8.55546276185e-12, 6.78180168273e-12, 1.79005976708e-11, 1.91117035392e-11, 2.18124893148e-11, 2.68435239315e-11, 3.03049460526e-11, 3.44112481565e-11, 2.14499806805e-11, 1.48879450435e-11, 1.36868572032e-11, 1.03574015684e-11, 3.88606941765e-12, 7.62477667809e-12],
        "var": [1.65747138681e-07, 0.000128087005578, 0.000135471476824, 1.25936257973e-05, 8.3800041466e-05, 1.25968736029e-05, 1.9112643713e-05, 5.98945462116e-06, 3.85717203244e-06, 6.09382232142e-06, 7.04323156242e-07, 2.79430850014e-07, 7.88995009771e-07, 5.29792373527e-07, 5.9320842638e-07, 2.91465454438e-07, 9.85076979987e-08, 5.52309380453e-08, 8.62450448835e-08, 6.64885462243e-08, 5.17513782938e-08, 1.44156160786e-07, 6.96564086411e-08, 2.25969962742e-08, 1.07038244934e-09, 7.13620969957e-16, 4.1704564649e-18]
    },
    "erbbands": {
        "dmean": [0.185727089643, 1.23625981808, 4.63099813461, 5.94365978241, 6.27651786804, 16.7408809662, 12.9882688522, 7.50313234329, 10.7806987762, 19.3555221558, 11.9465255737, 14.2328500748, 12.3669013977, 13.9567241669, 5.92948055267, 8.46403217316, 9.63526439667, 10.5918540955, 8.64264392853, 6.67348670959, 4.42136526108, 4.12785959244, 3.86823892593, 3.60043406487, 5.08230924606, 3.53887915611, 1.86175596714, 2.80111789703, 2.8277015686, 2.9083096981, 1.478104949, 1.25295817852, 0.642961978912, 0.255823224783, 0.0165945738554, 0.000738963310141, 4.18921990786e-05, 6.5040426307e-06, 6.41932956569e-06, 1.38806162795e-05],
        "dmean2": [0.278979629278, 2.04834485054, 7.6924533844, 9.6575756073, 10.1929454803, 26.8612480164, 20.1185646057, 10.9772377014, 17.4472579956, 29.4209041595, 17.1108932495, 21.006652832, 17.6541156769, 21.1420345306, 9.10985183716, 12.9824752808, 14.6671695709, 16.0343780518, 12.4761104584, 9.97472381592, 6.40626001358, 6.06814146042, 5.7989616394, 5.10834980011, 7.37626457214, 5.2903342247, 2.79114055634, 4.42996644974, 4.10387325287, 4.42017221451, 1.96318256855, 1.74930238724, 0.910908043385, 0.369278967381, 0.0239675752819, 0.00105232920032, 5.69207950321e-05, 8.78325590747e-06, 9.44969906413e-06, 2.13864386751e-05],
        "dvar": [0.110047370195, 4.02552556992, 37.3448982239, 76.7214431763, 91.9165267944, 1076.64245605, 548.60357666, 171.896118164, 433.023498535, 1954.91809082, 715.153808594, 1007.2913208, 1219.62390137, 1340.21350098, 113.379585266, 149.805923462, 377.867736816, 404.265319824, 458.039337158, 186.418930054, 87.7599868774, 54.136844635, 59.0636749268, 56.3248100281, 143.151916504, 53.4159049988, 25.7088508606, 182.099273682, 80.6585235596, 55.6662445068, 11.1545715332, 5.86489677429, 1.91814935207, 0.234641775489, 0.000929372792598, 1.81383541076e-06, 5.68191405037e-09, 1.29965344042e-10, 6.11012559992e-11, 2.80286294174e-10],
        "dvar2": [0.263771057129, 10.5658874512, 104.727622986, 197.223815918, 240.597229004, 3490.24829102, 1596.74072266, 400.840301514, 1030.09765625, 4483.08837891, 1529.29138184, 2256.41577148, 2303.7512207, 3595.02783203, 263.34777832, 319.218841553, 886.180175781, 850.558166504, 904.722717285, 395.164154053, 166.44442749, 121.968231201, 134.182952881, 104.342529297, 324.621734619, 126.003471375, 65.9009094238, 522.667724609, 162.723342896, 125.412872314, 18.502620697, 11.6965074539, 4.21061182022, 0.505975246429, 0.0020168737974, 3.81683230444e-06, 1.09412123805e-08, 2.35544667104e-10, 1.30093227857e-10, 6.53438192444e-10],
        "max": [2.85502719879, 16.8086853027, 81.5950393677, 138.114105225, 87.2549057007, 576.741516113, 416.806640625, 184.300857544, 315.051849365, 612.358642578, 523.850891113, 521.728881836, 659.912414551, 888.63067627, 223.882675171, 221.826721191, 327.234313965, 356.452392578, 439.007080078, 181.748626709, 176.754394531, 98.5715484619, 175.323669434, 234.506744385, 229.504928589, 137.568786621, 96.4811859131, 308.223876953, 199.885543823, 162.095504761, 71.8725814819, 35.6909446716, 27.5697059631, 6.25887107849, 0.468885302544, 0.0202403161675, 0.00116159336176, 0.000197298228159, 7.9337391071e-05, 0.000172903834027],
        "mean": [0.299795985222, 2.16815066338, 9.82246685028, 14.5725002289, 11.7479810715, 32.8859176636, 31.2961864471, 19.5687789917, 24.6219558716, 43.0533866882, 27.6405315399, 29.7261009216, 24.7299633026, 31.2060394287, 12.8470563889, 16.9804878235, 20.6842403412, 23.7893276215, 19.9909381866, 17.8694553375, 11.1625347137, 9.71619701385, 8.42657375336, 7.49973058701, 9.27046775818, 6.73737287521, 3.32115721703, 4.09658432007, 4.96053886414, 5.70560312271, 3.09900856018, 2.33467793465, 1.19131982327, 0.417745471001, 0.0271047186106, 0.00127126497682, 9.20092643355e-05, 1.54061490321e-05, 2.40990830207e-05, 5.02343900735e-05],
        "median": [0.173227995634, 1.41343724728, 6.07785081863, 9.85461521149, 8.45669174194, 18.0114479065, 17.0594978333, 11.5927667618, 13.3410692215, 20.16132164, 13.9822435379, 11.5682344437, 6.34352397919, 8.95884609222, 5.83063697815, 9.20179176331, 6.16398191452, 7.19071626663, 7.8162021637, 8.6403169632, 5.21888494492, 4.62436437607, 2.96541380882, 3.27242136002, 3.81693506241, 3.36710357666, 1.44424045086, 1.30206727982, 1.62331771851, 2.16515541077, 1.17169678211, 1.04524374008, 0.534703612328, 0.166730776429, 0.0113754123449, 0.000553373305593, 5.16401269124e-05, 8.85667304829e-06, 2.12555260077e-05, 4.62268544652e-05],
        "min": [7.96159440597e-07, 1.50380074047e-05, 7.11780157872e-05, 8.33998929011e-05, 1.31356373458e-05, 2.92899676424e-05, 3.22486594087e-05, 9.99771418719e-06, 8.04830324341e-06, 4.60155479232e-06, 1.30536727738e-05, 7.16786598787e-06, 2.67148334387e-06, 7.07555329882e-07, 1.42748746157e-07, 1.97536806468e-07, 1.25485109947e-06, 7.75032674483e-07, 4.00900376007e-07, 3.87894687037e-07, 1.09465577225e-06, 1.22580331663e-06, 1.30589648961e-06, 1.27426267227e-06, 1.14983515687e-06, 1.56892997438e-06, 1.32260925056e-06, 1.29226111767e-06, 9.24222092635e-07, 4.60331790464e-07, 4.50062145774e-07, 3.87349302855e-07, 1.88477528695e-07, 1.61732771176e-07, 4.02721163084e-08, 1.37969067282e-08, 7.89473908469e-09, 3.93221766259e-09, 1.16661857952e-09, 4.05983302532e-10],
        "var": [0.167184695601, 5.58309793472, 96.7376327515, 220.530212402, 135.426055908, 1904.34362793, 1598.12683105, 555.474304199, 1150.84106445, 4429.61132812, 2485.52954102, 2861.08178711, 4030.31201172, 5369.06787109, 325.573425293, 511.250335693, 1284.7722168, 1647.98535156, 1203.27331543, 656.641601562, 314.421417236, 171.203781128, 214.413574219, 228.295516968, 270.291992188, 95.5550765991, 31.0041389465, 147.630325317, 204.277603149, 148.554550171, 40.6583709717, 14.5638237, 4.24441146851, 0.490176409483, 0.00203934265301, 4.21849199483e-06, 1.59803779098e-08, 4.24671242616e-10, 2.06065497999e-10, 8.29285862203e-10]
    },
    "gfcc": {
        "mean": [-21.3819141388, 147.217559814, -117.773071289, 60.4149932861, -73.2809143066, 22.7116260529, -37.5227890015, -6.37060880661, -3.1859433651, -18.2236766815, 5.69880485535, -23.6048202515, 2.43368220329],
        "cov": [[7746.31103516, -927.557678223, -1464.02416992, 72.2104263306, -468.338623047, 545.37512207, -193.347900391, 251.009872437, -172.544082642, -72.2390136719, 9.33263778687, 134.247024536, 148.055511475], [-927.557678223, 454.994537354, 159.121688843, -138.612854004, 175.960845947, -119.771125793, 53.2309265137, -74.7151184082, 62.2623062134, -52.0906105042, 26.0242862701, -49.7856140137, 15.2903728485], [-1464.02416992, 159.121688843, 584.07989502, 109.023933411, 108.428627014, -82.5673675537, 7.53670215607, -44.9638328552, 49.0921936035, 51.4903907776, -6.6375041008, 15.2169799805, 21.1539745331], [72.2104263306, -138.612854004, 109.023933411, 209.205062866, 0.789881289005, 11.1514883041, 15.7506723404, 33.6461982727, 31.0968761444, 53.797203064, 8.96790027618, 33.5717201233, 12.6231489182], [-468.338623047, 175.960845947, 108.428627014, 0.789881289005, 176.821502686, -5.0236158371, 30.6163082123, -9.68378067017, 31.5354290009, -14.2688179016, -3.74157857895, -26.5834121704, 24.7323818207], [545.37512207, -119.771125793, -82.5673675537, 11.1514883041, -5.0236158371, 163.288330078, 24.0468502045, 46.1301956177, -10.734292984, 14.9874105453, -15.0794677734, 15.4634685516, 32.3072929382], [-193.347900391, 53.2309265137, 7.53670215607, 15.7506723404, 30.6163082123, 24.0468502045, 132.955947876, 37.9933509827, 25.819480896, -2.12680792809, 24.2423610687, -7.39134597778, -19.9405212402], [251.009872437, -74.7151184082, -44.9638328552, 33.6461982727, -9.68378067017, 46.1301956177, 37.9933509827, 106.774879456, 27.7179222107, 16.2740917206, 7.08583688736, 17.4934539795, 9.1715259552], [-172.544082642, 62.2623062134, 49.0921936035, 31.0968761444, 31.5354290009, -10.734292984, 25.819480896, 27.7179222107, 127.019035339, 45.0463676453, 3.10250592232, 7.40302419662, 21.6375579834], [-72.2390136719, -52.0906105042, 51.4903907776, 53.797203064, -14.2688179016, 14.9874105453, -2.12680792809, 16.2740917206, 45.0463676453, 116.994506836, 26.5946483612, 6.99613761902, 19.8298110962], [9.33263778687, 26.0242862701, -6.6375041008, 8.96790027618, -3.74157857895, -15.0794677734, 24.2423610687, 7.08583688736, 3.10250592232, 26.5946483612, 75.1419906616, 21.4639415741, -9.1977596283], [134.247024536, -49.7856140137, 15.2169799805, 33.5717201233, -26.5834121704, 15.4634685516, -7.39134597778, 17.4934539795, 7.40302419662, 6.99613761902, 21.4639415741, 101.610733032, 53.6577606201], [148.055511475, 15.2903728485, 21.1539745331, 12.6231489182, 24.7323818207, 32.3072929382, -19.9405212402, 9.1715259552, 21.6375579834, 19.8298110962, -9.1977596283, 53.6577606201, 123.478530884]],
        "icov": [[0.000621673476417, -0.00165471329819, 0.00154754100367, -0.00220716069452, 0.00187970162369, -0.00229283445515, 0.00192326388787, -0.00101945828646, 0.000618246151134, 0.000538513239007, -0.000275801576208, 0.000124151731143, -0.000239588975091], [-0.00165471329819, 0.0288312882185, -0.00873058289289, 0.0222695600241, -0.0189083628356, 0.0171656068414, -0.0141020826995, 0.0118955718353, -0.0135007873178, 0.00833254586905, -0.0130942817777, 0.00787578616291, -0.0096020726487], [0.00154754100367, -0.00873058289289, 0.00751627795398, -0.0096740052104, 0.00533289415762, -0.00618351483718, 0.00582718104124, -0.00309129129164, 0.00409918371588, -0.00239903945476, 0.00381286069751, -0.0028735017404, 0.00184685632121], [-0.00220716069452, 0.0222695600241, -0.0096740052104, 0.0254633147269, -0.0161738023162, 0.0155039206147, -0.0132841411978, 0.00799518823624, -0.00995600875467, 0.00189270521514, -0.00707315187901, 0.00255947560072, -0.00481141218916], [0.00187970162369, -0.0189083628356, 0.00533289415762, -0.0161738023162, 0.0228273589164, -0.0144659075886, 0.00974850170314, -0.00762016279623, 0.00611653737724, 0.000247841904638, 0.00391760841012, 0.0012759254314, 0.000806087919045], [-0.00229283445515, 0.0171656068414, -0.00618351483718, 0.0155039206147, -0.0144659075886, 0.022965785116, -0.0137314591557, 0.00517371343449, -0.00449178693816, -0.00115343544167, -0.00069370289566, 0.00143603014294, -0.00531853130087], [0.00192326388787, -0.0141020826995, 0.00582718104124, -0.0132841411978, 0.00974850170314, -0.0137314591557, 0.0202858261764, -0.00949716102332, 0.00375376665033, 0.00104801508132, -0.000814240076579, -0.000975535716861, 0.00495862355456], [-0.00101945828646, 0.0118955718353, -0.00309129129164, 0.00799518823624, -0.00762016279623, 0.00517371343449, -0.00949716102332, 0.0187950879335, -0.00817353278399, 0.00264580640942, -0.0046665626578, 0.00140168669168, -0.00324484240264], [0.000618246151134, -0.0135007873178, 0.00409918371588, -0.00995600875467, 0.00611653737724, -0.00449178693816, 0.00375376665033, -0.00817353278399, 0.0182422287762, -0.00996842235327, 0.00999961327761, -0.00567171303555, 0.00402317987755], [0.000538513239007, 0.00833254586905, -0.00239903945476, 0.00189270521514, 0.000247841904638, -0.00115343544167, 0.00104801508132, 0.00264580640942, -0.00996842235327, 0.0206129923463, -0.0148442722857, 0.00969555228949, -0.00811759661883], [-0.000275801576208, -0.0130942817777, 0.00381286069751, -0.00707315187901, 0.00391760841012, -0.00069370289566, -0.000814240076579, -0.0046665626578, 0.00999961327761, -0.0148442722857, 0.0299676526338, -0.0140458457172, 0.0106014991179], [0.000124151731143, 0.00787578616291, -0.0028735017404, 0.00255947560072, 0.0012759254314, 0.00143603014294, -0.000975535716861, 0.00140168669168, -0.00567171303555, 0.00969555228949, -0.0140458457172, 0.0226207971573, -0.0132257612422], [-0.000239588975091, -0.0096020726487, 0.00184685632121, -0.00481141218916, 0.000806087919045, -0.00531853130087, 0.00495862355456, -0.00324484240264, 0.00402317987755, -0.00811759661883, 0.0106014991179, -0.0132257612422, 0.0191578287631]]
    },
    "melbands": {
        "dmean": [0.00157136365306, 0.00203319545835, 0.000995088368654, 0.000746673205867, 0.000532269361429, 0.000178906921064, 0.000198461319087, 0.000196952780243, 9.2233203759e-05, 9.23044208321e-05, 6.31156071904e-05, 5.74224723096e-05, 2.29104134633e-05, 2.24326486205e-05, 1.39286703416e-05, 2.7426494853e-05, 2.14027077163e-05, 1.36445923999e-05, 1.51955082401e-05, 8.17193267721e-06, 4.91301398142e-06, 4.61416766484e-06, 4.16872171627e-06, 3.27548787027e-06, 3.14426961268e-06, 3.35917411576e-06, 4.09886661146e-06, 2.22896733248e-06, 1.24863265683e-06, 1.3900379372e-06, 1.80586346232e-06, 1.56163309839e-06, 1.76336743607e-06, 1.71155465978e-06, 9.7018391898e-07, 6.86898317781e-07, 8.74556405961e-07, 5.31331124876e-07, 3.36932401979e-07, 1.78053028321e-07],
        "dmean2": [0.00239720451646, 0.00341829331592, 0.00160334864631, 0.00118323997594, 0.000834370381199, 0.000265504349954, 0.000321595813148, 0.000295039091725, 0.000130527783767, 0.00013550480071, 9.04991902644e-05, 8.77783386386e-05, 3.56730997737e-05, 3.42393213941e-05, 2.10880170926e-05, 4.20986762038e-05, 3.29426002281e-05, 2.00463418878e-05, 2.35759980569e-05, 1.19591422845e-05, 7.29852263248e-06, 6.88540649207e-06, 6.28604857411e-06, 4.97676728628e-06, 4.62500793219e-06, 5.09150322614e-06, 6.11790619587e-06, 3.40086648976e-06, 1.91091749002e-06, 2.25219446293e-06, 2.90212710752e-06, 2.29189572565e-06, 2.62891126113e-06, 2.60070396507e-06, 1.36359176395e-06, 9.51997947141e-07, 1.28485294226e-06, 7.79500965109e-07, 4.88023147227e-07, 2.63573070924e-07],
        "dvar": [7.40713267078e-06, 7.04936655893e-06, 2.0302672965e-06, 1.45739841173e-06, 1.0798751191e-06, 9.17623381724e-08, 1.67764056869e-07, 1.83791840414e-07, 4.14534646609e-08, 4.42560796898e-08, 3.30401412896e-08, 2.62292552122e-08, 1.6380965473e-09, 1.25192478606e-09, 6.53500864534e-10, 3.76290465454e-09, 1.78704184783e-09, 1.2275550576e-09, 1.46642542553e-09, 6.80711931267e-10, 1.04423129865e-10, 7.23151399873e-11, 6.64905630554e-11, 4.94152878339e-11, 5.02625510657e-11, 5.39662828314e-11, 1.12691418697e-10, 2.37886845639e-11, 7.84112531849e-12, 3.34706533323e-11, 8.63785501459e-11, 2.73972268483e-11, 2.10237105502e-11, 1.84726955954e-11, 5.48857227028e-12, 2.08621661613e-12, 3.02061565864e-12, 1.52540209197e-12, 4.75512912466e-13, 1.11087964457e-13],
        "dvar2": [1.85797489394e-05, 1.91943909158e-05, 5.30042871105e-06, 4.39118912254e-06, 3.31819728672e-06, 2.23678114253e-07, 4.00571451564e-07, 4.06998907465e-07, 8.56556923168e-08, 9.72142331079e-08, 6.39356230181e-08, 7.22883441995e-08, 3.71824393497e-09, 2.79750267396e-09, 1.38841549369e-09, 8.73381367228e-09, 3.87154264203e-09, 2.50498666254e-09, 3.26900395642e-09, 1.23987486944e-09, 2.17693932325e-10, 1.5441718737e-10, 1.46297904347e-10, 1.17421974921e-10, 9.70420549473e-11, 1.19044635261e-10, 2.48644937972e-10, 5.94868945769e-11, 1.88480134278e-11, 9.52895262696e-11, 2.49710419009e-10, 5.50663750709e-11, 4.45928953485e-11, 4.26332823211e-11, 9.8983191435e-12, 3.83514183952e-12, 6.79369538056e-12, 3.46667074387e-12, 1.08039185237e-12, 2.46503555415e-13],
        "max": [0.0223491638899, 0.0325288400054, 0.0212421920151, 0.0184265132993, 0.0216500274837, 0.00403479160741, 0.00572701636702, 0.00573840457946, 0.00403699791059, 0.00371061963961, 0.00327845802531, 0.0038847499527, 0.000753980479203, 0.000627744593658, 0.000554186466616, 0.00119133258704, 0.00061307370197, 0.000658910023049, 0.000572189106606, 0.000578724779189, 0.000175692752237, 0.000122028061014, 8.87547939783e-05, 0.000183861600817, 0.000220153466216, 0.000153254935867, 0.00026118021924, 0.000106210100057, 3.89558299503e-05, 0.000120327073091, 0.000222272385145, 0.000118271433166, 9.29508532863e-05, 9.14958436624e-05, 5.13323939231e-05, 2.51993387792e-05, 2.80593740172e-05, 2.54937112913e-05, 1.01638843262e-05, 4.30624004366e-06],
        "mean": [0.00266378349625, 0.00448285974562, 0.00242659822106, 0.00153838458937, 0.00125602621119, 0.000456824462162, 0.000449998391559, 0.000442781136371, 0.000204900527024, 0.000184592456208, 0.000118416443001, 0.000125416307128, 4.72587562399e-05, 4.35075307905e-05, 2.98203813145e-05, 5.56454942853e-05, 4.37139678979e-05, 2.72399356618e-05, 3.65938431059e-05, 2.09162390092e-05, 1.09676384454e-05, 1.0317728993e-05, 8.80017250893e-06, 6.57593818687e-06, 5.97615371589e-06, 6.10612914898e-06, 6.96410052115e-06, 3.90824925489e-06, 2.08300457416e-06, 1.91322692444e-06, 2.53176972365e-06, 2.62633761849e-06, 3.1457843761e-06, 3.18124511978e-06, 1.92639367924e-06, 1.26038389681e-06, 1.51464928422e-06, 9.34897968818e-07, 5.42235227385e-07, 2.71714185374e-07],
        "median": [0.00170701835304, 0.0033153204713, 0.00172636308707, 0.000991480657831, 0.000698600080796, 0.000268026458798, 0.000209706355236, 0.00021929758077, 9.83148347586e-05, 6.44339597784e-05, 2.73482328339e-05, 3.26471017615e-05, 2.17663127842e-05, 2.23524002649e-05, 1.54262706928e-05, 1.28848141685e-05, 1.09781785795e-05, 9.36144078878e-06, 1.02904750747e-05, 4.77993489767e-06, 4.79291975353e-06, 4.5431752369e-06, 2.95475956591e-06, 2.47211232818e-06, 2.4130786187e-06, 2.45833621193e-06, 2.68622147814e-06, 1.77170011284e-06, 8.60440195538e-07, 5.82536131333e-07, 7.79475954005e-07, 7.30731585463e-07, 1.20146285099e-06, 1.14331248824e-06, 6.61926833345e-07, 4.60186328155e-07, 6.87925989951e-07, 4.12803871086e-07, 1.99629852204e-07, 1.07130134097e-07],
        "min": [1.02223491893e-08, 3.70884265521e-08, 1.2405875438e-08, 1.19026322132e-09, 1.29532662374e-09, 2.33750768741e-10, 1.13841901184e-10, 6.34339247796e-11, 9.49606504541e-11, 4.48129866548e-11, 1.27906877798e-11, 3.00167030988e-12, 4.59106277301e-13, 2.71318747634e-13, 8.80551545308e-13, 3.83226696904e-12, 1.08635138645e-12, 6.45802042485e-13, 3.88544177301e-13, 5.22146833149e-13, 1.50377919752e-12, 1.15094999503e-12, 8.01023581232e-13, 1.18070874258e-12, 1.00776017305e-12, 1.13523621927e-12, 6.37959791331e-13, 8.90369538081e-13, 6.41834025164e-13, 7.23068523459e-13, 7.54594466339e-13, 6.63020148766e-13, 1.91279162106e-13, 2.54444468967e-13, 2.28281884498e-13, 2.62971881684e-13, 2.17194792425e-13, 1.08498035859e-13, 1.65943010743e-13, 1.2234747178e-13],
        "var": [1.12149164124e-05, 1.49769812197e-05, 5.17906391906e-06, 2.9010450362e-06, 2.75245201919e-06, 3.01046611639e-07, 4.66072805239e-07, 4.2331450345e-07, 1.50358090423e-07, 1.25681410168e-07, 1.04568421477e-07, 1.01280811293e-07, 4.97386842824e-09, 3.95479915483e-09, 2.31735253209e-09, 1.24251693379e-08, 6.58412124821e-09, 2.87310730762e-09, 4.70894123694e-09, 2.70517808154e-09, 3.27455312865e-10, 2.45975351199e-10, 2.00474248313e-10, 1.70380931586e-10, 1.76978487421e-10, 1.04140855661e-10, 2.04373726276e-10, 3.47923148625e-11, 1.11246853743e-11, 2.57049138919e-11, 6.71615540959e-11, 6.86992754351e-11, 5.38511318871e-11, 4.70064195901e-11, 1.77034793075e-11, 6.10354084982e-12, 5.97151494919e-12, 2.89055715127e-12, 9.6841740356e-13, 2.07358530845e-13]
    },
    "mfcc": {
        "mean": [-646.243408203, 138.874206543, 28.4607105255, 26.6442680359, 8.10839748383, 11.004609108, -4.66895008087, 4.2380566597, -6.72754192352, 5.95959568024, -0.665507614613, -1.02958893776, -1.31376492977],
        "cov": [[7051.77929688, -633.221313477, -971.648925781, -454.291992188, -288.735076904, -39.2130508423, -1.84643065929, 255.081771851, -106.711250305, 80.3818435669, -81.3822937012, -143.796234131, 75.2184448242], [-633.221313477, 617.112792969, -39.0652656555, -31.093580246, 59.138092041, -13.8106765747, -2.57849812508, -17.7086334229, -15.0045862198, -6.18492269516, -32.3192825317, -11.3639936447, -27.5216751099], [-971.648925781, -39.0652656555, 403.547149658, 144.319396973, 67.2075500488, 38.2396850586, -19.8830566406, -62.3630981445, 55.9171142578, -51.0428581238, 8.71199703217, 58.5471343994, 33.059173584], [-454.291992188, -31.093580246, 144.319396973, 209.917648315, 46.384223938, 5.85955047607, -19.7162895203, -17.8265857697, 11.5515394211, 10.582818985, 17.1549530029, 33.565952301, 23.000333786], [-288.735076904, 59.138092041, 67.2075500488, 46.384223938, 139.655349731, 23.4564628601, 1.83805251122, -18.9137554169, 42.9262886047, -12.8624830246, -14.9994916916, 5.72584533691, 0.414460539818], [-39.2130508423, -13.8106765747, 38.2396850586, 5.85955047607, 23.4564628601, 93.4247207642, 19.8508853912, -4.55663824081, 32.9055900574, 2.68476033211, 0.223487198353, -2.86682939529, 0.633576631546], [-1.84643065929, -2.57849812508, -19.8830566406, -19.7162895203, 1.83805251122, 19.8508853912, 123.8514328, 30.3396224976, 4.79014635086, 1.6183617115, 14.4345064163, -1.87211382389, -11.0082960129], [255.081771851, -17.7086334229, -62.3630981445, -17.8265857697, -18.9137554169, -4.55663824081, 30.3396224976, 123.66027832, 16.9535598755, 3.52781271935, 0.0780909582973, 6.3404507637, 18.0203285217], [-106.711250305, -15.0045862198, 55.9171142578, 11.5515394211, 42.9262886047, 32.9055900574, 4.79014635086, 16.9535598755, 128.417694092, 9.01214981079, -15.4934062958, 11.5220880508, 32.1741867065], [80.3818435669, -6.18492269516, -51.0428581238, 10.582818985, -12.8624830246, 2.68476033211, 1.6183617115, 3.52781271935, 9.01214981079, 163.563873291, 44.8077201843, -48.6064796448, -21.7276077271], [-81.3822937012, -32.3192825317, 8.71199703217, 17.1549530029, -14.9994916916, 0.223487198353, 14.4345064163, 0.0780909582973, -15.4934062958, 44.8077201843, 97.056137085, 18.1707725525, -17.1070384979], [-143.796234131, -11.3639936447, 58.5471343994, 33.565952301, 5.72584533691, -2.86682939529, -1.87211382389, 6.3404507637, 11.5220880508, -48.6064796448, 18.1707725525, 121.5391922, 50.1697158813], [75.2184448242, -27.5216751099, 33.059173584, 23.000333786, 0.414460539818, 0.633576631546, -11.0082960129, 18.0203285217, 32.1741867065, -21.7276077271, -17.1070384979, 50.1697158813, 129.392059326]],
