{
"lowlevel": {
    "average_loudness": 0.974531114101,
    "barkbands_crest": {
        "dmean": 1.74576508999,
        "dmean2": 2.74939012527,
        "dvar": 4.02703857422,
        "dvar2": 8.54332923889,
        "max": 24.2855644226,
        "mean": 9.39100074768,
        "median": 8.52302455902,
        "min": 2.61314082146,
        "var": 14.9034166336
    },
    "barkbands_flatness_db": {
        "dmean": 0.0188457537442,
        "dmean2": 0.0273609124124,
        "dvar": 0.000426062993938,
        "dvar2": 0.000881583371665,
        "max": 0.466099441051,
        "mean": 0.177970439196,
        "median": 0.177458181977,
        "min": 0.0680033415556,
        "var": 0.00212539220229
    },
    "barkbands_kurtosis": {
        "dmean": 3.33815407753,
        "dmean2": 5.16683006287,
        "dvar": 137.055007935,
        "dvar2": 335.400024414,
        "max": 240.843811035,
        "mean": 4.74589586258,
        "median": 1.22315645218,
        "min": -1.76391458511,
        "var": 215.578231812
    },
    "barkbands_skewness": {
        "dmean": 0.441591441631,
        "dmean2": 0.632607102394,
        "dvar": 0.508154213428,
        "dvar2": 1.11578714848,
        "max": 13.2458095551,
        "mean": 1.54255330563,
        "median": 1.3596997261,
        "min": -1.92902839184,
        "var": 1.9560418129
    },
    "barkbands_spread": {
        "dmean": 4.55186462402,
        "dmean2": 6.47046709061,
        "dvar": 40.4913520813,
        "dvar2": 71.0319061279,
        "max": 81.3956298828,
        "mean": 22.6334705353,
        "median": 20.8605117798,
        "min": 0.414611846209,
        "var": 144.103530884
    },
    "dissonance": {
        "dmean": 0.020329978317,
        "dmean2": 0.0333279594779,
        "dvar": 0.000405141850933,
        "dvar2": 0.00108091696166,
        "max": 0.49930536747,
        "mean": 0.448748230934,
        "median": 0.454055309296,
        "min": 0.241029173136,
        "var": 0.00102287624031
    },
    "dynamic_complexity": 2.61554050446,
    "erbbands_crest": {
        "dmean": 1.96558189392,
        "dmean2": 3.07325911522,
        "dvar": 3.90742754936,
        "dvar2": 9.05197715759,
        "max": 27.4144878387,
        "mean": 8.68720626831,
        "median": 7.98889541626,
        "min": 2.87843871117,
        "var": 14.5196371078
    },
    "erbbands_flatness_db": {
        "dmean": 0.0122676938772,
        "dmean2": 0.0167298372835,
        "dvar": 0.000140618445585,
        "dvar2": 0.000243896938628,
        "max": 0.300967037678,
        "mean": 0.185428753495,
        "median": 0.182008445263,
        "min": 0.0949471518397,
        "var": 0.00138107256498
    },
    "erbbands_kurtosis": {
        "dmean": 0.600374877453,
        "dmean2": 0.897830724716,
        "dvar": 0.626884639263,
        "dvar2": 1.5419498682,
        "max": 10.0082645416,
        "mean": 0.354732066393,
        "median": -0.207605838776,
        "min": -1.75414073467,
        "var": 3.01308393478
    },
    "erbbands_skewness": {
        "dmean": 0.284440129995,
        "dmean2": 0.428795129061,
        "dvar": 0.0717232972383,
        "dvar2": 0.152601972222,
        "max": 2.92948842049,
        "mean": 0.300052732229,
        "median": 0.307472229004,
        "min": -1.93307638168,
        "var": 0.337989956141
    },
    "erbbands_spread": {
        "dmean": 6.3646197319,
        "dmean2": 9.12730312347,
        "dvar": 71.9395904541,
        "dvar2": 132.59312439,
        "max": 145.176223755,
        "mean": 40.4928741455,
        "median": 38.4619560242,
        "min": 6.96095228195,
        "var": 458.993865967
    },
    "hfc": {
        "dmean": 6.42329740524,
        "dmean2": 9.31277275085,
        "dvar": 160.82522583,
        "dvar2": 344.624816895,
        "max": 132.596176147,
        "mean": 24.9356822968,
        "median": 21.5657138824,
        "min": 1.22540759405e-16,
        "var": 387.812194824
    },
    "melbands_crest": {
        "dmean": 2.07231783867,
        "dmean2": 3.31775164604,
        "dvar": 4.92215633392,
        "dvar2": 11.6731472015,
        "max": 28.1805171967,
        "mean": 13.6618041992,
        "median": 13.1703863144,
        "min": 1.8885897398,
        "var": 19.1353759766
    },
    "melbands_flatness_db": {
        "dmean": 0.0228625573218,
        "dmean2": 0.0308290515095,
        "dvar": 0.000712349719834,
        "dvar2": 0.00128360115923,
        "max": 0.561684191227,
        "mean": 0.213426277041,
        "median": 0.212764531374,
        "min": 0.00432167807594,
        "var": 0.00410135136917
    },
    "melbands_kurtosis": {
        "dmean": 7.4416437149,
        "dmean2": 11.3500356674,
        "dvar": 514.358825684,
        "dvar2": 1185.09692383,
        "max": 446.40814209,
        "mean": 15.6420707703,
        "median": 7.80146598816,
        "min": -1.30658257008,
        "var": 1025.71264648
    },
    "melbands_skewness": {
        "dmean": 0.556992352009,
        "dmean2": 0.802736520767,
        "dvar": 0.743096232414,
        "dvar2": 1.45549023151,
        "max": 15.1462488174,
        "mean": 2.70379900932,
        "median": 2.40939855576,
        "min": -0.418610244989,
        "var": 3.62761259079
    },
    "melbands_spread": {
        "dmean": 4.98871898651,
        "dmean2": 7.11392116547,
        "dvar": 57.0731544495,
        "dvar2": 93.8866195679,
        "max": 138.608322144,
        "mean": 22.7216339111,
        "median": 21.3345012665,
        "min": 0.455240398645,
        "var": 193.387039185
    },
    "pitch_salience": {
        "dmean": 0.0521674565971,
        "dmean2": 0.0814232155681,
        "dvar": 0.00404818216339,
        "dvar2": 0.00950684864074,
        "max": 0.838686525822,
        "mean": 0.483956485987,
        "median": 0.484499663115,
        "min": 0.0920596271753,
        "var": 0.0121253691614
    },
    "silence_rate_20dB": {
        "dmean": 0,
        "dmean2": 0,
        "dvar": 0,
        "dvar2": 0,
        "max": 1,
        "mean": 1,
        "median": 1,
        "min": 1,
        "var": 0
    },
    "silence_rate_30dB": {
        "dmean": 0.0325077399611,
        "dmean2": 0.0650658383965,
        "dvar": 0.031450919807,
        "dvar2": 0.0763246268034,
        "max": 1,
        "mean": 0.952822864056,
        "median": 1,
        "min": 0,
        "var": 0.0449508205056
    },
    "silence_rate_60dB": {
        "dmean": 0.00464396271855,
        "dmean2": 0.00929511990398,
        "dvar": 0.0046222936362,
        "dvar2": 0.0123070189729,
        "max": 1,
        "mean": 0.0634184032679,
        "median": 0,
        "min": 0,
        "var": 0.0593953728676
    },
    "spectral_centroid": {
        "dmean": 202.39642334,
        "dmean2": 278.632507324,
        "dvar": 117561.476562,
        "dvar2": 153647.71875,
        "max": 10770.7597656,
        "mean": 1305.2130127,
        "median": 1250.82141113,
        "min": 136.512741089,
        "var": 338139.5
    },
    "spectral_complexity": {
        "dmean": 3.30030965805,
        "dmean2": 4.59488773346,
        "dvar": 19.3200035095,
        "dvar2": 29.1906738281,
        "max": 61,
        "mean": 20.689868927,
        "median": 20,
        "min": 0,
        "var": 105.426696777
    },
    "spectral_decrease": {
        "dmean": 2.81810463854e-09,
        "dmean2": 4.43707204312e-09,
        "dvar": 4.93121339893e-17,
        "dvar2": 1.17815069948e-16,
        "max": 1.98948969506e-29,
        "mean": -1.0346822954e-08,
        "median": -9.06456598671e-09,
        "min": -8.39880485159e-08,
        "var": 8.53358629009e-17
    },
    "spectral_energy": {
        "dmean": 0.0110361520201,
        "dmean2": 0.0173139143735,
        "dvar": 0.000712953973562,
        "dvar2": 0.00170085043646,
        "max": 0.319935411215,
        "mean": 0.0413130261004,
        "median": 0.0366193577647,
        "min": 1.10397228996e-20,
        "var": 0.00125351501629
    },
    "spectral_energyband_high": {
        "dmean": 0.000510625133757,
        "dmean2": 0.000769013422541,
        "dvar": 1.78425784725e-06,
        "dvar2": 3.81229574486e-06,
        "max": 0.0129812490195,
        "mean": 0.000953649636358,
        "median": 0.000386142637581,
        "min": 8.32167283801e-21,
        "var": 2.96209350381e-06
    },
    "spectral_energyband_low": {
        "dmean": 0.00907075032592,
        "dmean2": 0.0146243022755,
        "dvar": 0.000786924618296,
        "dvar2": 0.00195925100707,
        "max": 0.315465331078,
        "mean": 0.0211937427521,
        "median": 0.014096477069,
        "min": 6.21123643895e-23,
        "var": 0.0011411907617
    },
    "spectral_energyband_middle_high": {
        "dmean": 0.00173472915776,
        "dmean2": 0.00243168137968,
        "dvar": 7.27606266082e-06,
        "dvar2": 1.60323288583e-05,
        "max": 0.0475798659027,
        "mean": 0.00757947470993,
        "median": 0.00434244750068,
        "min": 1.43625867859e-21,
        "var": 6.62363236188e-05
    },
    "spectral_energyband_middle_low": {
        "dmean": 0.00352482381277,
        "dmean2": 0.00571319600567,
        "dvar": 2.99931834888e-05,
        "dvar2": 8.37444022181e-05,
        "max": 0.0584644936025,
        "mean": 0.0131019111723,
        "median": 0.0121121760458,
        "min": 3.95294413074e-22,
        "var": 6.4854946686e-05
    },
    "spectral_entropy": {
        "dmean": 0.141466572881,
        "dmean2": 0.180427610874,
        "dvar": 0.0258425865322,
        "dvar2": 0.0394354760647,
        "max": 9.7966709137,
        "mean": 7.30903768539,
        "median": 7.23248624802,
        "min": 5.79032039642,
        "var": 0.180447906256
    },
    "spectral_flux": {
        "dmean": 0.024201868102,
        "dmean2": 0.0370828472078,
        "dvar": 0.00162273051683,
        "dvar2": 0.00328225526027,
        "max": 0.509205520153,
        "mean": 0.0770237222314,
        "median": 0.0637553930283,
        "min": 1.05070084577e-10,
        "var": 0.00354238785803
    },
    "spectral_kurtosis": {
        "dmean": 1.71349036694,
        "dmean2": 2.84997200966,
        "dvar": 3.40760183334,
        "dvar2": 9.36206531525,
        "max": 24.86236763,
        "mean": 3.69720482826,
        "median": 3.26909399033,
        "min": -1.20194065571,
        "var": 7.67732954025
    },
    "spectral_rms": {
        "dmean": 0.000676938623656,
        "dmean2": 0.00103888148442,
        "dvar": 1.3891145727e-06,
        "dvar2": 2.95896711577e-06,
        "max": 0.0176672618836,
        "mean": 0.00589614314958,
        "median": 0.0059771402739,
        "min": 3.28183812591e-12,
        "var": 5.54087455384e-06
    },
    "spectral_rolloff": {
        "dmean": 428.930480957,
        "dmean2": 683.926330566,
        "dvar": 938885.5625,
        "dvar2": 1728663.125,
        "max": 18540.0878906,
        "mean": 1279.21789551,
        "median": 925.927734375,
        "min": 86.1328125,
        "var": 1508254.375
    },
    "spectral_skewness": {
        "dmean": 0.221425771713,
        "dmean2": 0.347177684307,
        "dvar": 0.0470257177949,
        "dvar2": 0.107922367752,
        "max": 3.77116775513,
        "mean": 1.39773476124,
        "median": 1.39393985271,
        "min": 0.013420978561,
        "var": 0.199526563287
    },
    "spectral_spread": {
        "dmean": 438897.71875,
        "dmean2": 606527.875,
        "dvar": 1.21318801408e+12,
        "dvar2": 1.41295183462e+12,
        "max": 39889780,
        "mean": 4069581,
        "median": 3789255.5,
        "min": 2032699.625,
        "var": 2.35510117171e+12
    },
    "spectral_strongpeak": {
        "dmean": 0.376598536968,
        "dmean2": 0.679762005806,
        "dvar": 0.606780767441,
        "dvar2": 1.47392177582,
        "max": 7.60236930847,
        "mean": 0.771888494492,
        "median": 0.439537882805,
        "min": 2.59030397132e-09,
        "var": 1.17015981674
    },
    "zerocrossingrate": {
        "dmean": 0.00942208990455,
        "dmean2": 0.0105156339705,
        "dvar": 0.000293370801955,
        "dvar2": 0.00034016452264,
        "max": 0.49658203125,
        "mean": 0.0517698973417,
        "median": 0.046875,
        "min": 0.00537109375,
        "var": 0.000808310636785
    },
    "barkbands": {
        "dmean": [0.000258896412561, 0.00664128549397, 0.00357365119271, 0.00099586264696, 0.00118572229985, 0.00127392949071, 0.000617736019194, 0.000572122866288, 0.000817187887151, 0.000531575933564, 0.00046818976989, 0.000244481023401, 0.000395656650653, 0.000359468715033, 0.000245103234192, 0.000214534273255, 0.000249356584391, 0.000206958531635, 0.000194827924133, 0.000147564423969, 9.90769549389e-05, 0.000150192834553, 0.000148164835991, 0.00011979368719, 3.03357992379e-05, 2.39963675597e-08, 3.44951778253e-09],
        "dmean2": [0.000374332506908, 0.0108550898731, 0.00642792973667, 0.00158768007532, 0.00196354347281, 0.00216721394099, 0.000898475642316, 0.000860662839841, 0.00117090914864, 0.000743359676562, 0.000654900970403, 0.000330387323629, 0.000623101484962, 0.000539813714568, 0.000391339825001, 0.000334066222422, 0.000386420666473, 0.000322818028508, 0.00029836644535, 0.000221203474212, 0.00014992209617, 0.0002244876232, 0.000258634361671, 0.000182774165296, 4.78297333757e-05, 3.84360170358e-08, 6.27874197079e-09],
        "dvar": [6.77882383116e-07, 0.000482636212837, 0.000192771680304, 5.68410086998e-06, 6.09360949966e-06, 3.87460704587e-06, 1.14441002097e-06, 1.25886424485e-06, 2.66050733444e-06, 8.96344204193e-07, 8.71811550951e-07, 2.90419791327e-07, 1.48384265231e-06, 4.20213211783e-07, 2.74996608596e-07, 2.08208490449e-07, 2.15390329572e-07, 1.75488722221e-07, 1.06511457432e-07, 1.29922497649e-07, 5.0251802719e-08, 2.57191629771e-07, 1.59288006785e-07, 1.15119725308e-07, 7.83532527748e-09, 3.77261698443e-15, 4.28397739214e-16],
        "dvar2": [1.41216526117e-06, 0.00125723541714, 0.000532935024239, 1.55411180458e-05, 1.60869094543e-05, 1.17611962196e-05, 2.3754716949e-06, 2.61564582615e-06, 5.74396881348e-06, 1.77748256647e-06, 1.54884844505e-06, 5.03434023358e-07, 3.85775729228e-06, 8.84725977812e-07, 6.96962501934e-07, 5.040758424e-07, 4.97916801123e-07, 4.42481166374e-07, 2.17731411567e-07, 2.93916258443e-07, 1.09023623907e-07, 5.48356695163e-07, 4.18762112986e-07, 2.80592985291e-07, 1.98106580029e-08, 9.27209359096e-15, 9.43052284518e-16],
        "max": [0.0085524301976, 0.254331797361, 0.161649301648, 0.0331633463502, 0.0314173400402, 0.0211494378746, 0.0153493219987, 0.0156146362424, 0.0267213378102, 0.0211768914014, 0.0303182210773, 0.0127607136965, 0.0253751389682, 0.0133024128154, 0.0123347351328, 0.0091351242736, 0.00514949625358, 0.00519140157849, 0.00335022178479, 0.00360800535418, 0.00316116097383, 0.00477052107453, 0.00322437705472, 0.00666857557371, 0.00141038058791, 6.22992104127e-07, 4.83431222165e-07],
        "mean": [0.000299317674944, 0.0126526486129, 0.00718764634803, 0.00167074496858, 0.00246969866566, 0.00307197635993, 0.00170078093652, 0.00135862303432, 0.00188210594933, 0.00177559023723, 0.00175850756932, 0.000663152430207, 0.000683808757458, 0.000878413266037, 0.000417460192693, 0.000399813987315, 0.000466857862193, 0.000430352229159, 0.000470036524348, 0.000256599043496, 0.000192096995306, 0.000192305073142, 0.000186541234143, 0.000208845362067, 3.91311587009e-05, 2.91090440641e-08, 2.71741074087e-09],
        "median": [2.02242390515e-05, 0.0058678034693, 0.00440131127834, 0.0010072888108, 0.00150325964205, 0.00215274700895, 0.000940450932831, 0.000519122171681, 0.000876469479408, 0.00041535688797, 0.000259082415141, 0.000119716642075, 0.000185382814379, 0.000263686815742, 0.000157619011588, 0.000198466121219, 0.000185535667697, 0.000182270203368, 0.00028867929359, 0.000146997073898, 9.64112041402e-05, 1.45194753713e-05, 1.61492607731e-05, 8.18459302536e-05, 1.43119841596e-05, 9.62877333421e-09, 3.91899512842e-10],
        "min": [7.28998589859e-24, 4.67813638784e-23, 2.6867296867e-24, 2.32943841108e-23, 2.85859147572e-23, 4.44171477455e-23, 9.17266634663e-23, 6.92294485438e-23, 1.01979009024e-22, 4.85964602462e-23, 6.6930871949e-23, 6.50784750823e-23, 1.35467662753e-22, 9.30624574143e-23, 1.75180018816e-22, 9.06342678174e-23, 1.31614033055e-22, 2.76870689713e-22, 2.20749458841e-22, 3.22847346048e-22, 3.57719895307e-22, 4.93591555818e-22, 7.61074775515e-22, 1.05921608348e-21, 1.13627090599e-21, 2.00526230772e-21, 2.45271249305e-21],
        "var": [1.09027291728e-06, 0.000687333813403, 0.000144552337588, 5.41948656974e-06, 9.89342424873e-06, 9.83526479104e-06, 4.26854057878e-06, 4.16717421103e-06, 8.28941392683e-06, 8.69895302458e-06, 1.32430141093e-05, 2.36204186876e-06, 3.7217814679e-06, 2.45500814344e-06, 5.87045462908e-07, 4.03763664281e-07, 4.6247953378e-07, 4.55705873037e-07, 2.75685380302e-07, 1.59519132126e-07, 8.18523631096e-08, 3.30823183958e-07, 2.15937618009e-07, 1.5146103749e-07, 7.83484210842e-09, 4.01874315957e-15, 3.92586509693e-16]
    },
    "erbbands": {
        "dmean": [0.125379487872, 1.73331344128, 4.33278417587, 3.68308472633, 3.20431923866, 4.44804430008, 5.81445169449, 13.0103626251, 9.70164203644, 10.7925634384, 9.56717014313, 20.9410171509, 16.1859378815, 12.7951669693, 19.4090881348, 11.3772649765, 17.9507141113, 16.6375617981, 13.1863765717, 11.6271018982, 11.6527242661, 11.5022974014, 10.8360958099, 11.6485958099, 7.18413639069, 6.83976984024, 4.91368484497, 4.26484155655, 6.50201225281, 2.75196099281, 4.6396985054, 3.00941205025, 1.83828890324, 0.617146611214, 0.0349526554346, 0.0015916719567, 9.97882307274e-05, 1.62081341841e-05, 8.26291943667e-06, 1.32637505885e-05],
        "dmean2": [0.189085200429, 2.86586642265, 7.3757815361, 6.17487001419, 5.47794008255, 7.31721782684, 9.36729812622, 22.2855148315, 14.080037117, 16.5947818756, 14.086066246, 30.1701011658, 22.1376514435, 17.9706478119, 26.144908905, 15.1667871475, 28.1692905426, 25.1921806335, 20.2597770691, 18.3800697327, 18.4295845032, 17.6988544464, 17.1784057617, 17.8135662079, 11.0064888, 10.3030548096, 7.55985689163, 6.54837036133, 9.89269161224, 4.54260396957, 8.04017734528, 4.80352878571, 2.79470920563, 0.96286547184, 0.0550145283341, 0.00247522210702, 0.000149059138494, 2.45542159973e-05, 1.26261793412e-05, 2.05719607038e-05],
        "dvar": [0.117895700037, 36.9381256104, 256.636932373, 133.740463257, 66.3106689453, 89.3386764526, 99.5625457764, 445.969665527, 315.260803223, 368.253204346, 544.642944336, 1808.09460449, 882.604492188, 798.185241699, 1750.39343262, 617.936584473, 3335.13085938, 938.620239258, 880.209533691, 426.842590332, 557.973693848, 548.130187988, 499.668151855, 417.175262451, 170.933151245, 292.153594971, 97.9970245361, 149.989227295, 523.396179199, 65.7147445679, 150.002502441, 55.0571289062, 32.8008460999, 3.23880910873, 0.0130071993917, 2.55635022768e-05, 8.07274957992e-08, 1.95794225277e-09, 2.72725231287e-10, 8.55378878839e-10],
        "dvar2": [0.243439972401, 98.2088241577, 700.274047852, 370.47442627, 190.904998779, 224.361175537, 238.394577026, 1391.79370117, 660.866699219, 843.739929199, 1165.7277832, 3678.91601562, 1809.60412598, 1665.07141113, 2827.38745117, 1054.11791992, 8926.63964844, 2056.06469727, 2052.00292969, 1100.24060059, 1448.37646484, 1184.62695312, 1257.79907227, 952.531066895, 329.745513916, 666.308166504, 239.93548584, 301.936523438, 1176.42907715, 151.005279541, 391.260650635, 127.242279053, 83.780960083, 8.11925315857, 0.0318973399699, 6.25023822067e-05, 1.94660501052e-07, 4.56387772019e-09, 6.17823181503e-10, 2.02255745485e-09],
        "max": [4.58626794815, 69.9901504517, 193.19493103, 190.654907227, 103.311843872, 157.033660889, 154.906860352, 190.383987427, 372.238830566, 278.759185791, 415.513122559, 812.959350586, 809.193359375, 539.794555664, 1429.19836426, 660.870666504, 1232.77709961, 511.816955566, 792.057556152, 353.498809814, 324.461975098, 284.562896729, 243.64831543, 216.217849731, 121.884475708, 189.383987427, 109.921585083, 137.580413818, 223.907791138, 90.4776992798, 104.681282043, 105.035263062, 120.012908936, 28.2007904053, 1.4667481184, 0.0685674250126, 0.00435461197048, 0.000668495660648, 0.000172684085555, 0.000346241984516],
        "mean": [0.240904673934, 3.21957468987, 8.53823661804, 7.40970993042, 5.29050397873, 8.90943717957, 14.7988929749, 29.517539978, 28.7276268005, 29.006362915, 22.5460128784, 50.4537200928, 56.9493713379, 41.8545951843, 71.4758605957, 34.1791572571, 33.7012138367, 41.1774864197, 28.668920517, 23.7273426056, 22.2083530426, 23.0508823395, 24.5440979004, 27.6626491547, 17.7073955536, 12.2476625443, 10.0949554443, 6.87056064606, 7.99131202698, 4.00608253479, 6.01898288727, 4.63569116592, 3.21099829674, 0.89200848341, 0.0411349236965, 0.00199918658473, 0.000163765638717, 2.95846475638e-05, 2.72901015705e-05, 4.96900320286e-05],
        "median": [0.10306070745, 1.51404702663, 5.62193918228, 5.44825792313, 3.34125328064, 5.09381580353, 8.8559961319, 19.945980072, 17.3528766632, 16.2307376862, 11.7825555801, 25.2466964722, 16.9766464233, 10.1167392731, 11.8137769699, 7.11031103134, 10.4321403503, 13.3420915604, 10.4917650223, 11.2955760956, 11.5282716751, 9.00476169586, 10.3987674713, 15.1228809357, 10.7797164917, 7.53628444672, 5.82770013809, 2.44925761223, 0.655295729637, 0.318635612726, 0.55428481102, 1.29040372372, 1.45390081406, 0.358355253935, 0.0125434016809, 0.000672788301017, 7.44522330933e-05, 1.43638735608e-05, 2.29614488489e-05, 4.40274925495e-05],
        "min": [1.63783104242e-21, 9.74455112298e-21, 5.94998930986e-21, 3.13422159141e-20, 6.72782181341e-20, 1.25833584064e-19, 2.97385828325e-19, 3.46853917293e-19, 1.42135344214e-18, 1.0035078086e-18, 1.68163430048e-18, 2.62190508183e-18, 2.29190261722e-18, 1.12838974722e-18, 3.54005219391e-18, 2.00462858074e-18, 7.37758169715e-18, 6.28988468658e-18, 6.01919107189e-18, 7.66661597397e-18, 5.18202432139e-18, 7.8543826643e-18, 1.59333647172e-17, 1.35785113807e-17, 1.08523714087e-17, 1.44975280664e-17, 1.41927517153e-17, 1.44179202042e-17, 1.98965789379e-17, 1.76027111463e-17, 2.02775584757e-17, 2.00151354264e-17, 1.74017823581e-17, 1.21451852229e-17, 9.40255457826e-18, 7.2532258454e-18, 3.63382469687e-18, 1.38618379044e-18, 3.36605769889e-19, 3.73886993967e-20],
        "var": [0.267708659172, 45.0740432739, 214.296554565, 114.916885376, 56.2273902893, 158.330352783, 298.484680176, 927.616210938, 1099.62243652, 1270.31115723, 1382.37231445, 5819.76904297, 8782.5703125, 5501.71582031, 25734.5996094, 5684.95556641, 8105.27392578, 4924.54101562, 2908.80224609, 1142.9942627, 940.28314209, 1186.44335938, 1336.92895508, 1172.72143555, 410.75579834, 356.122619629, 157.679916382, 210.440734863, 613.493164062, 103.160224915, 216.563568115, 83.6947784424, 36.4767913818, 3.41998457909, 0.0123392352834, 2.51386736636e-05, 9.43220896943e-08, 2.5890802835e-09, 4.86287288215e-10, 1.56330370871e-09]
    },
    "gfcc": {
        "mean": [-9.15161991119, 134.626831055, -140.189422607, 56.5243988037, -68.1716156006, 18.6748962402, -34.4431343079, 10.0046253204, -9.44974708557, -14.8036327362, 12.3618125916, -27.7215232849, 9.68109607697],
        "cov": [[7239.58349609, -239.650680542, -162.114898682, 339.465667725, -280.254058838, 147.947845459, -136.468719482, 104.348831177, 87.0735092163, -38.7147407532, -73.5334777832, 131.033584595, 44.9857444763], [-239.650680542, 723.792419434, 0.655150473118, -229.626159668, 255.013977051, -81.0938873291, 221.210388184, -19.2539844513, -23.8248558044, 13.4910411835, 168.962966919, -76.7435913086, 92.3200759888], [-162.114898682, 0.655150473118, 550.023193359, 216.832290649, 11.7019786835, 33.3697891235, -102.38192749, 46.9973831177, 156.867630005, 48.9695892334, 29.4611034393, 33.9737434387, -19.4536266327], [339.465667725, -229.626159668, 216.832290649, 391.264160156, -60.3725280762, -49.8631820679, -142.136123657, 20.0361804962, 159.259475708, 13.7288255692, -21.8954620361, 100.80116272, -39.4019584656], [-280.254058838, 255.013977051, 11.7019786835, -60.3725280762, 238.056503296, -14.2830867767, 110.487701416, 23.9577198029, -66.1165618896, 0.908811986446, 65.6275177002, -32.7299079895, 56.5376586914], [147.947845459, -81.0938873291, 33.3697891235, -49.8631820679, -14.2830867767, 254.220321655, 78.1111297607, -80.2555847168, -6.26067113876, -7.13892269135, -30.8454875946, -13.4616966248, -49.8181381226], [-136.468719482, 221.210388184, -102.38192749, -142.136123657, 110.487701416, 78.1111297607, 239.444000244, -44.6429901123, -47.4167060852, -13.9075880051, 45.9647407532, -30.2297801971, 14.3243818283], [104.348831177, -19.2539844513, 46.9973831177, 20.0361804962, 23.9577198029, -80.2555847168, -44.6429901123, 201.060073853, 2.64287924767, 4.7073097229, -5.0762462616, -14.5675115585, 56.4574890137], [87.0735092163, -23.8248558044, 156.867630005, 159.259475708, -66.1165618896, -6.26067113876, -47.4167060852, 2.64287924767, 256.409118652, 42.1290664673, 0.65841370821, 61.7373008728, -34.4297370911], [-38.7147407532, 13.4910411835, 48.9695892334, 13.7288255692, 0.908811986446, -7.13892269135, -13.9075880051, 4.7073097229, 42.1290664673, 86.074005127, 43.3549423218, 14.5881414413, 9.41081905365], [-73.5334777832, 168.962966919, 29.4611034393, -21.8954620361, 65.6275177002, -30.8454875946, 45.9647407532, -5.0762462616, 0.65841370821, 43.3549423218, 130.684494019, 32.7693405151, 15.9271354675], [131.033584595, -76.7435913086, 33.9737434387, 100.80116272, -32.7299079895, -13.4616966248, -30.2297801971, -14.5675115585, 61.7373008728, 14.5881414413, 32.7693405151, 114.654136658, -11.1461019516], [44.9857444763, 92.3200759888, -19.4536266327, -39.4019584656, 56.5376586914, -49.8181381226, 14.3243818283, 56.4574890137, -34.4297370911, 9.41081905365, 15.9271354675, -11.1461019516, 83.592666626]],
        "icov": [[0.00020566371677, -0.000492559047416, 0.000331426330376, -0.000595983350649, 0.000539552245755, -0.000642132945359, 0.000249736156547, -0.000381815276342, 0.000260831729975, -6.27989065833e-05, 0.000165149671375, -0.000247257994488, -0.000252954632742], [-0.000492559047416, 0.00918886251748, -0.00245647015981, 0.00510673038661, -0.004837741144, 0.00527892960235, -0.00364229688421, 0.00449557881802, -0.00525526003912, 0.00470576854423, -0.00809919089079, 0.00591906858608, -0.00440368568525], [0.000331426330376, -0.00245647015981, 0.00421180855483, -0.00318516907282, 0.000569669879042, -0.00355476862751, 0.00276054791175, -0.00206685275771, -8.94771510502e-05, -0.00111207866576, 1.59586743393e-05, -2.50877856161e-05, 0.000514430401381], [-0.000595983350649, 0.00510673038661, -0.00318516907282, 0.00947391334921, -0.00453179469332, 0.00477632833645, -0.000375580682885, 0.00266519119032, -0.0044647725299, 0.00260208803229, -0.00160934240557, -0.00118830311112, 0.000597397331148], [0.000539552245755, -0.004837741144, 0.000569669879042, -0.00453179469332, 0.0112655991688, -0.00287175620906, -0.00167112820782, -0.00264768581837, 0.0043852487579, -0.00118224334437, 0.00063358200714, -0.000569141062442, -0.00246473238803], [-0.000642132945359, 0.00527892960235, -0.00355476862751, 0.00477632833645, -0.00287175620906, 0.010569550097, -0.00537958135828, 0.00420978199691, -0.00193687051069, 0.000627605884802, -0.000487147393869, 0.00193070678506, 0.00174140650779], [0.000249736156547, -0.00364229688421, 0.00276054791175, -0.000375580682885, -0.00167112820782, -0.00537958135828, 0.0107783973217, -0.000992401503026, -8.61965527292e-05, 0.000792723731138, -6.06405264989e-05, -0.00156546919607, 0.000779149704613], [-0.000381815276342, 0.00449557881802, -0.00206685275771, 0.00266519119032, -0.00264768581837, 0.00420978199691, -0.000992401503026, 0.00956108700484, -0.00292358151637, 0.00260517676361, -0.00313144153915, 0.00392686761916, -0.00634915474802], [0.000260831729975, -0.00525526003912, -8.94771510502e-05, -0.0044647725299, 0.0043852487579, -0.00193687051069, -8.61965527292e-05, -0.00292358151637, 0.0100608281791, -0.00598670123145, 0.00618921779096, -0.00523557746783, 0.00434774160385], [-6.27989065833e-05, 0.00470576854423, -0.00111207866576, 0.00260208803229, -0.00118224334437, 0.000627605884802, 0.000792723731138, 0.00260517676361, -0.00598670123145, 0.0199228618294, -0.0118780452758, 0.00497188139707, -0.00669985450804], [0.000165149671375, -0.00809919089079, 1.59586743393e-05, -0.00160934240557, 0.00063358200714, -0.000487147393869, -6.06405264989e-05, -0.00313144153915, 0.00618921779096, -0.0118780452758, 0.0235247351229, -0.0123283788562, 0.00726786162704], [-0.000247257994488, 0.00591906858608, -2.50877856161e-05, -0.00118830311112, -0.000569141062442, 0.00193070678506, -0.00156546919607, 0.00392686761916, -0.00523557746783, 0.00497188139707, -0.0123283788562, 0.0193339642137, -0.00560748763382], [-0.000252954632742, -0.00440368568525, 0.000514430401381, 0.000597397331148, -0.00246473238803, 0.00174140650779, 0.000779149704613, -0.00634915474802, 0.00434774160385, -0.00669985450804, 0.00726786162704, -0.00560748763382, 0.0246356446296]]
    },
    "melbands": {
        "dmean": [0.00147785618901, 0.0022449970711, 0.000608299742453, 0.000261856301222, 0.00020937010413, 0.000272949400824, 0.000141439959407, 0.000122992219985, 8.68711722433e-05, 0.000129199848743, 8.22797519504e-05, 5.33790152986e-05, 6.91909444868e-05, 3.32069648721e-05, 3.99577220378e-05, 3.03306533169e-05, 3.59960977221e-05, 2.38564643951e-05, 1.63616896316e-05, 1.60757608683e-05, 1.45274034367e-05, 1.18651778394e-05, 1.44761634147e-05, 9.46229374676e-06, 1.03803322418e-05, 6.66452615405e-06, 4.78976517115e-06, 4.74903254144e-06, 3.60400827049e-06, 2.56772250395e-06, 2.61825493908e-06, 4.78391348224e-06, 1.66391805578e-06, 1.65092728821e-06, 2.61329341811e-06, 2.6439317935e-06, 1.77510207777e-06, 1.50023379319e-06, 9.56890744419e-07, 3.78037043447e-07],
        "dmean2": [0.00235833018087, 0.00369576271623, 0.00102536287159, 0.000440176459961, 0.000333243369823, 0.000464269454824, 0.000204937939998, 0.000188066958799, 0.000128365834826, 0.000184129050467, 0.000111632238259, 7.42520132917e-05, 9.48404922383e-05, 4.27729319199e-05, 6.11748982919e-05, 4.71687308163e-05, 5.42112029507e-05, 3.69888111891e-05, 2.64601567324e-05, 2.50422235695e-05, 2.32958609558e-05, 1.8408662072e-05, 2.30313598877e-05, 1.48181716213e-05, 1.60482832143e-05, 1.02061258076e-05, 7.394349268e-06, 7.35187632017e-06, 5.72602903048e-06, 3.91109506381e-06, 4.05309583584e-06, 7.50194385546e-06, 2.38297775468e-06, 2.76331115856e-06, 4.53047186966e-06, 4.57986425317e-06, 2.76026435131e-06, 2.3063628305e-06, 1.48186984461e-06, 6.02706734298e-07],
        "dvar": [1.97965018742e-05, 6.32642550045e-05, 3.53957875632e-06, 3.75641405981e-07, 1.1745411399e-07, 1.88920395772e-07, 6.61299210947e-08, 4.96904384306e-08, 3.96239769884e-08, 7.43562438288e-08, 2.22010374529e-08, 1.44379148637e-08, 2.05023944488e-08, 5.39931477306e-09, 1.42309692919e-08, 6.70583188978e-09, 4.69981964457e-09, 2.82264100981e-09, 1.06174624648e-09, 1.08994302472e-09, 8.83305817378e-10, 5.54381485163e-10, 8.09922906519e-10, 3.67948560509e-10, 3.17737336442e-10, 1.38205544231e-10, 1.13872494767e-10, 1.48720064042e-10, 5.09671645166e-11, 2.77283421918e-11, 6.32393165612e-11, 3.0692609565e-10, 2.3313762379e-11, 2.44932442384e-11, 4.93572231697e-11, 5.16602420564e-11, 2.18102723382e-11, 2.50977502669e-11, 6.40999623172e-12, 1.50861929286e-12],
        "dvar2": [4.79304908367e-05, 0.000168331040186, 9.76572391664e-06, 1.05916785742e-06, 2.73356221214e-07, 5.79918264521e-07, 1.37967049341e-07, 1.11588107643e-07, 8.82244393097e-08, 1.49739392441e-07, 4.50818902209e-08, 2.97779099157e-08, 3.36297389936e-08, 7.49451789517e-09, 3.62433638657e-08, 1.72237353269e-08, 1.03540669372e-08, 6.28845508999e-09, 2.65494737306e-09, 2.52904452935e-09, 2.4207875704e-09, 1.2039278463e-09, 2.06558170568e-09, 9.44579858775e-10, 7.37839345177e-10, 2.80907769268e-10, 2.38334685321e-10, 3.60999147242e-10, 1.29967772655e-10, 6.13817677242e-11, 1.29821112194e-10, 7.12329917274e-10, 4.51105090782e-11, 6.23126134025e-11, 1.28971250346e-10, 1.37075586992e-10, 5.23444794454e-11, 6.5874895816e-11, 1.57786561594e-11, 3.87036236393e-12],
        "max": [0.0492696985602, 0.0919960737228, 0.0293503049761, 0.00679771509022, 0.00535738887265, 0.00510700326413, 0.00495398696512, 0.00324416416697, 0.00338737457059, 0.00536290835589, 0.00402249395847, 0.00235136039555, 0.00501986127347, 0.00192784203682, 0.00244240066968, 0.00151048379485, 0.00115506513976, 0.00131474703085, 0.0006021791487, 0.000847334973514, 0.000403221463785, 0.000287339062197, 0.000316757184919, 0.000292125943815, 0.000198713270947, 0.000113235495519, 9.84071448329e-05, 0.00013310048962, 6.75009650877e-05, 6.66093910695e-05, 9.02596366359e-05, 0.000170542538399, 4.31304215454e-05, 6.34162206552e-05, 7.29919484002e-05, 6.63314422127e-05, 8.41938817757e-05, 0.00010933313024, 4.38082424807e-05, 2.3088292437e-05],
        "mean": [0.00287813763134, 0.0046676308848, 0.00125537847634, 0.000474453932839, 0.000548026931938, 0.000640524493065, 0.000416405382566, 0.000326265580952, 0.000203827468795, 0.000303768989397, 0.000277504877886, 0.000158807408297, 0.000253748585237, 0.000104121718323, 8.25813767733e-05, 5.23239068571e-05, 8.6897991423e-05, 5.10443351232e-05, 2.87455059151e-05, 3.20821345667e-05, 2.52401987382e-05, 2.1912081138e-05, 2.79952546407e-05, 2.04422085517e-05, 2.29720171774e-05, 1.54901390488e-05, 9.00312170415e-06, 7.8330785982e-06, 6.8245649345e-06, 4.9140394367e-06, 3.63190565622e-06, 5.54930011276e-06, 2.25992198466e-06, 2.15593468056e-06, 3.44004638464e-06, 3.11534859065e-06, 2.85606074613e-06, 2.50839366345e-06, 1.5613367168e-06, 4.40627900389e-07],
        "median": [0.00141755642835, 0.00272448128089, 0.000971137546003, 0.000296602840535, 0.000343072548276, 0.000461016927147, 0.000246178358793, 0.000169798120623, 0.000107765976281, 0.000149125262396, 7.25748031982e-05, 3.04696241074e-05, 3.94411435991e-05, 1.64017201314e-05, 2.07682751352e-05, 1.43027673403e-05, 2.64368190983e-05, 1.72405998455e-05, 1.18387342809e-05, 1.4730759176e-05, 1.24824246086e-05, 8.28586053103e-06, 1.01576060842e-05, 9.1038618848e-06, 1.18821026263e-05, 8.3325403466e-06, 5.43774467587e-06, 4.32538854511e-06, 4.16325246988e-06, 2.32747834161e-06, 8.59627732552e-07, 3.47928079236e-07, 1.60604969324e-07, 1.67195523204e-07, 2.35738795595e-07, 4.42865456307e-07, 9.22112235457e-07, 1.1292875115e-06, 7.2182774602e-07, 1.2900041213e-07],
        "min": [1.54421699453e-23, 6.05454215745e-24, 7.41482787e-24, 6.70486015505e-24, 9.27882651409e-24, 9.92046388629e-24, 1.96936316644e-23, 1.12505243933e-23, 1.38167820035e-23, 1.65643514043e-23, 1.05839479724e-23, 3.63312690356e-24, 1.14592349007e-23, 9.258529123e-24, 5.49635680269e-24, 1.79832408046e-23, 1.01993719702e-23, 7.30430924604e-24, 1.34436618394e-23, 7.0463927508e-24, 5.33208480222e-24, 6.52374794641e-24, 1.25227842728e-23, 1.54303717416e-23, 1.07581915691e-23, 6.48505392458e-24, 1.02381563166e-23, 9.41862765485e-24, 7.85524181364e-24, 9.20856661757e-24, 8.22062640772e-24, 1.12565946779e-23, 1.01480108144e-23, 1.00301305405e-23, 1.07260502204e-23, 1.3769156893e-23, 1.22712204745e-23, 1.10989842134e-23, 1.4315362606e-23, 8.94956622744e-24],
        "var": [3.50636692019e-05, 6.45987965981e-05, 2.9238501611e-06, 3.8869711716e-07, 3.91197488625e-07, 4.19420501885e-07, 2.4043717417e-07, 1.76767173343e-07, 1.03315265676e-07, 2.25643660201e-07, 2.1990587129e-07, 9.65324318258e-08, 2.7940617997e-07, 6.52687788261e-08, 4.13333793858e-08, 1.58632538216e-08, 2.50716887251e-08, 1.11789342228e-08, 2.35681607563e-09, 2.76950151701e-09, 1.33830491134e-09, 1.16114906579e-09, 2.09416928243e-09, 9.06021480063e-10, 8.67539151628e-10, 3.49081763495e-10, 1.61961402623e-10, 1.65898642046e-10, 7.34556304671e-11, 5.02520594581e-11, 8.41304387267e-11, 3.31797783693e-10, 3.75491408799e-11, 3.27530780275e-11, 7.22354398519e-11, 5.91170515318e-11, 3.10469740195e-11, 2.53943220618e-11, 7.67930077167e-12, 1.35219082025e-12]
    },
    "mfcc": {
        "mean": [-629.401123047, 130.597640991, 3.05592155457, 25.2403888702, 10.8900632858, -8.18056297302, 10.5404911041, -1.15850698948, 0.993062496185, 10.1138563156, -5.2949514389, 8.57081222534, -9.22998523712],
        "cov": [[6126.64941406, -378.316741943, -26.2240886688, 109.836677551, -66.0114440918, 81.459236145, -217.335189819, 179.105148315, 58.183921814, -20.084980011, 12.281583786, -62.0328407288, 53.0221328735], [-378.316741943, 1048.15600586, -273.282592773, -48.5968055725, -5.77973604202, -82.3433532715, 385.800201416, -90.3097763062, 33.452129364, 38.841468811, -33.5728530884, 66.5690841675, 0.475962907076], [-26.2240886688, -273.282592773, 585.800537109, 111.198448181, 145.880661011, 103.525436401, -252.852935791, 62.1492958069, -13.1161613464, 61.1580810547, 76.114692688, 81.7212753296, 52.6376190186], [109.836677551, -48.5968055725, 111.198448181, 348.698486328, 137.447906494, -93.9708557129, -100.817764282, 11.3437585831, 24.5169944763, -44.2457084656, 52.3785858154, 126.065704346, -14.4830980301], [-66.0114440918, -5.77973604202, 145.880661011, 137.447906494, 215.235656738, -78.4461898804, -22.0569610596, -15.7800388336, 43.6478271484, -4.50251197815, 18.0572414398, 87.7279205322, -27.428943634], [81.459236145, -82.3433532715, 103.525436401, -93.9708557129, -78.4461898804, 400.985687256, -66.8815231323, 90.7363433838, -86.2120285034, 41.4597816467, 71.1924667358, -88.5936431885, 122.006324768], [-217.335189819, 385.800201416, -252.852935791, -100.817764282, -22.0569610596, -66.8815231323, 410.165496826, -60.3549804688, 27.2287120819, -24.1927261353, -63.8697891235, -14.0237112045, -50.579158783], [179.105148315, -90.3097763062, 62.1492958069, 11.3437585831, -15.7800388336, 90.7363433838, -60.3549804688, 146.308624268, -3.13405513763, 7.74223041534, 30.8979206085, -11.2185220718, 39.8454780579], [58.183921814, 33.452129364, -13.1161613464, 24.5169944763, 43.6478271484, -86.2120285034, 27.2287120819, -3.13405513763, 142.32774353, 32.7951622009, -12.0153884888, 3.25464010239, -35.050983429], [-20.084980011, 38.841468811, 61.1580810547, -44.2457084656, -4.50251197815, 41.4597816467, -24.1927261353, 7.74223041534, 32.7951622009, 124.96761322, -1.15150725842, -18.2066574097, 1.45234513283], [12.281583786, -33.5728530884, 76.114692688, 52.3785858154, 18.0572414398, 71.1924667358, -63.8697891235, 30.8979206085, -12.0153884888, -1.15150725842, 118.138244629, 43.2516021729, 48.6391525269], [-62.0328407288, 66.5690841675, 81.7212753296, 126.065704346, 87.7279205322, -88.5936431885, -14.0237112045, -11.2185220718, 3.25464010239, -18.2066574097, 43.2516021729, 184.580551147, 7.6519780159], [53.0221328735, 0.475962907076, 52.6376190186, -14.4830980301, -27.428943634, 122.006324768, -50.579158783, 39.8454780579, -35.050983429, 1.45234513283, 48.6391525269, 7.6519780159, 112.048965454]],
