{
"lowlevel": {
    "average_loudness": 0.838127553463,
    "barkbands_crest": {
        "dmean": 2.33364439011,
        "dmean2": 3.84214949608,
        "dvar": 6.83543348312,
        "dvar2": 17.7368125916,
        "max": 23.4858398438,
        "mean": 8.52865314484,
        "median": 7.77619075775,
        "min": 2.66708445549,
        "var": 11.2435359955
    },
    "barkbands_flatness_db": {
        "dmean": 0.0208054333925,
        "dmean2": 0.0300900228322,
        "dvar": 0.000455854053143,
        "dvar2": 0.000907082459889,
        "max": 0.269422650337,
        "mean": 0.130333483219,
        "median": 0.126732930541,
        "min": 0.0242897681892,
        "var": 0.00235021556728
    },
    "barkbands_kurtosis": {
        "dmean": 1.9985512495,
        "dmean2": 2.9827876091,
        "dvar": 9.92301654816,
        "dvar2": 21.4875106812,
        "max": 54.8547401428,
        "mean": 2.90575695038,
        "median": 1.14063024521,
        "min": -1.73933851719,
        "var": 28.0504894257
    },
    "barkbands_skewness": {
        "dmean": 0.43467399478,
        "dmean2": 0.640599608421,
        "dvar": 0.230631142855,
        "dvar2": 0.532142281532,
        "max": 5.69665813446,
        "mean": 1.29485630989,
        "median": 1.20329833031,
        "min": -2.02532219887,
        "var": 0.916561424732
    },
    "barkbands_spread": {
        "dmean": 5.77248334885,
        "dmean2": 8.18407726288,
        "dvar": 49.2915992737,
        "dvar2": 95.2050552368,
        "max": 96.3193588257,
        "mean": 23.5808753967,
        "median": 21.1726512909,
        "min": 2.57478928566,
        "var": 176.405960083
    },
    "dissonance": {
        "dmean": 0.0198047030717,
        "dmean2": 0.0316354930401,
        "dvar": 0.000359667435987,
        "dvar2": 0.000878202961758,
        "max": 0.499995082617,
        "mean": 0.458854466677,
        "median": 0.466868340969,
        "min": 0.273527503014,
        "var": 0.000930544105358
    },
    "dynamic_complexity": 3.81200242043,
    "erbbands_crest": {
        "dmean": 2.32696461678,
        "dmean2": 3.56592106819,
        "dvar": 4.97380924225,
        "dvar2": 10.4965677261,
        "max": 28.368730545,
        "mean": 9.42448616028,
        "median": 8.30636310577,
        "min": 2.17816853523,
        "var": 21.175201416
    },
    "erbbands_flatness_db": {
        "dmean": 0.0187627449632,
        "dmean2": 0.024902312085,
        "dvar": 0.000448206992587,
        "dvar2": 0.000760373135563,
        "max": 0.3321608603,
        "mean": 0.158381700516,
        "median": 0.152592331171,
        "min": 0.060119215399,
        "var": 0.00292862160131
    },
    "erbbands_kurtosis": {
        "dmean": 0.954289734364,
        "dmean2": 1.36893212795,
        "dvar": 1.52786672115,
        "dvar2": 2.88582706451,
        "max": 18.4081878662,
        "mean": 0.852636218071,
        "median": 0.00875496864319,
        "min": -1.79248309135,
        "var": 6.14130973816
    },
    "erbbands_skewness": {
        "dmean": 0.35188627243,
        "dmean2": 0.484153598547,
        "dvar": 0.116821877658,
        "dvar2": 0.224119484425,
        "max": 3.72687339783,
        "mean": 0.433525592089,
        "median": 0.394047468901,
        "min": -2.04166340828,
        "var": 0.675544559956
    },
    "erbbands_spread": {
        "dmean": 7.82723760605,
        "dmean2": 11.1061429977,
        "dvar": 83.5636672974,
        "dvar2": 173.73550415,
        "max": 151.164321899,
        "mean": 36.7464294434,
        "median": 31.7485237122,
        "min": 3.31163692474,
        "var": 425.438995361
    },
    "hfc": {
        "dmean": 6.1754784584,
        "dmean2": 7.97785758972,
        "dvar": 89.3156356812,
        "dvar2": 152.06072998,
        "max": 127.291099548,
        "mean": 17.7970943451,
        "median": 12.9962463379,
        "min": 1.17165660375e-16,
        "var": 314.39743042
    },
    "melbands_crest": {
        "dmean": 2.93434762955,
        "dmean2": 4.68545341492,
        "dvar": 9.1966381073,
        "dvar2": 23.2801761627,
        "max": 27.683259964,
        "mean": 11.7041578293,
        "median": 10.7370691299,
        "min": 2.60435891151,
        "var": 18.3296051025
    },
    "melbands_flatness_db": {
        "dmean": 0.0255359336734,
        "dmean2": 0.037005096674,
        "dvar": 0.000709188519977,
        "dvar2": 0.0014017499052,
        "max": 0.372197002172,
        "mean": 0.199526891112,
        "median": 0.197691708803,
        "min": 0.00889972131699,
        "var": 0.00345523864962
    },
    "melbands_kurtosis": {
        "dmean": 4.85161399841,
        "dmean2": 7.49730682373,
        "dvar": 63.6545639038,
        "dvar2": 154.338180542,
        "max": 101.970993042,
        "mean": 9.60940551758,
        "median": 5.53290367126,
        "min": -1.63518404961,
        "var": 148.654953003
    },
    "melbands_skewness": {
        "dmean": 0.608445882797,
        "dmean2": 0.905526101589,
        "dvar": 0.477372288704,
        "dvar2": 1.13083720207,
        "max": 8.26495838165,
        "mean": 2.19463062286,
        "median": 1.97715365887,
        "min": -0.556413888931,
        "var": 1.70771932602
    },
    "melbands_spread": {
        "dmean": 6.42251110077,
        "dmean2": 9.48972415924,
        "dvar": 97.9401931763,
        "dvar2": 204.859069824,
        "max": 167.451629639,
        "mean": 24.0914783478,
        "median": 22.0923690796,
        "min": 1.79142248631,
        "var": 217.150192261
    },
    "pitch_salience": {
        "dmean": 0.0658026412129,
        "dmean2": 0.107542991638,
        "dvar": 0.00479458551854,
        "dvar2": 0.0127629386261,
        "max": 0.851369142532,
        "mean": 0.572701334953,
        "median": 0.583300471306,
        "min": 0.161505460739,
        "var": 0.0105557721108
    },
    "silence_rate_20dB": {
        "dmean": 0,
        "dmean2": 0,
        "dvar": 0,
        "dvar2": 0,
        "max": 1,
        "mean": 1,
        "median": 1,
        "min": 1,
        "var": 0
    },
    "silence_rate_30dB": {
        "dmean": 0.00927357003093,
        "dmean2": 0.0185614842921,
        "dvar": 0.00918746739626,
        "dvar2": 0.0259502753615,
        "max": 1,
        "mean": 0.994594573975,
        "median": 1,
        "min": 0,
        "var": 0.00537611637264
    },
    "silence_rate_60dB": {
        "dmean": 0.0216383300722,
        "dmean2": 0.0433101318777,
        "dvar": 0.0211699493229,
        "dvar2": 0.0476217456162,
        "max": 1,
        "mean": 0.116602316499,
        "median": 0,
        "min": 0,
        "var": 0.103005595505
    },
    "spectral_centroid": {
        "dmean": 224.985198975,
        "dmean2": 312.949066162,
        "dvar": 139348.71875,
        "dvar2": 193671.15625,
        "max": 11148.5673828,
        "mean": 1249.10913086,
        "median": 1192.4083252,
        "min": 270.513275146,
        "var": 356582
    },
    "spectral_complexity": {
        "dmean": 3.9891808033,
        "dmean2": 5.6550655365,
        "dvar": 25.9520111084,
        "dvar2": 46.739364624,
        "max": 52,
        "mean": 17.6841697693,
        "median": 16,
        "min": 0,
        "var": 117.033119202
    },
    "spectral_decrease": {
        "dmean": 2.48797871194e-09,
        "dmean2": 3.84061271674e-09,
        "dvar": 2.03660436402e-17,
        "dvar2": 4.82064019599e-17,
        "max": -7.93794896997e-29,
        "mean": -5.76687586573e-09,
        "median": -4.15103684759e-09,
        "min": -4.20143422275e-08,
        "var": 3.37143564466e-17
    },
    "spectral_energy": {
        "dmean": 0.00981836859137,
        "dmean2": 0.01501766406,
        "dvar": 0.000308550399495,
        "dvar2": 0.000722644675989,
        "max": 0.161995619535,
        "mean": 0.0233797766268,
        "median": 0.0169166382402,
        "min": 1.09268676759e-20,
        "var": 0.000535124680027
    },
    "spectral_energyband_high": {
        "dmean": 0.000381332152756,
        "dmean2": 0.000465815333882,
        "dvar": 5.60933528959e-07,
        "dvar2": 7.92547041328e-07,
        "max": 0.0123305441812,
        "mean": 0.000747917511035,
        "median": 0.000215358290006,
        "min": 7.92501792386e-21,
        "var": 1.69583427123e-06
    },
    "spectral_energyband_low": {
        "dmean": 0.00605848524719,
        "dmean2": 0.00961288902909,
        "dvar": 0.000196640423383,
        "dvar2": 0.000474636937724,
        "max": 0.128198876977,
        "mean": 0.00853110756725,
        "median": 0.00440322421491,
        "min": 6.96972241279e-23,
        "var": 0.000211209931877
    },
    "spectral_energyband_middle_high": {
        "dmean": 0.00148577941582,
        "dmean2": 0.00211240188219,
        "dvar": 4.77309959024e-06,
        "dvar2": 9.82599522104e-06,
        "max": 0.0251113809645,
        "mean": 0.00422488152981,
        "median": 0.00265365722589,
        "min": 1.57603826767e-21,
        "var": 2.04062198463e-05
    },
    "spectral_energyband_middle_low": {
        "dmean": 0.00464458111674,
        "dmean2": 0.00740600889549,
        "dvar": 7.34859349905e-05,
        "dvar2": 0.000191777013242,
        "max": 0.103221707046,
        "mean": 0.011359076947,
        "median": 0.00816012732685,
        "min": 3.77641826473e-22,
        "var": 0.00013106696133
    },
    "spectral_entropy": {
        "dmean": 0.169661775231,
        "dmean2": 0.221734732389,
        "dvar": 0.0360055826604,
        "dvar2": 0.0553703270853,
        "max": 9.80620956421,
        "mean": 7.54062366486,
        "median": 7.54371166229,
        "min": 6.04760789871,
        "var": 0.210966154933
    },
    "spectral_flux": {
        "dmean": 0.0260701030493,
        "dmean2": 0.0396243818104,
        "dvar": 0.00129230332095,
        "dvar2": 0.00266707618721,
        "max": 0.314456760883,
        "mean": 0.0727637410164,
        "median": 0.0585496500134,
        "min": 1.04531661105e-10,
        "var": 0.00316150463186
    },
    "spectral_kurtosis": {
        "dmean": 2.00370073318,
        "dmean2": 3.29909181595,
        "dvar": 7.07353878021,
        "dvar2": 20.0690612793,
        "max": 28.8786239624,
        "mean": 5.17018270493,
        "median": 4.29114198685,
        "min": -1.22983562946,
        "var": 15.8791999817
    },
    "spectral_rms": {
        "dmean": 0.000842305948026,
        "dmean2": 0.00122588127851,
        "dvar": 1.50550204125e-06,
        "dvar2": 3.21294010064e-06,
        "max": 0.0125715751201,
        "mean": 0.00425426894799,
        "median": 0.00406251614913,
        "min": 3.26502041549e-12,
        "var": 4.71075236419e-06
    },
    "spectral_rolloff": {
        "dmean": 501.371032715,
        "dmean2": 801.40826416,
        "dvar": 1220783.125,
        "dvar2": 2181177,
        "max": 18130.9570312,
        "mean": 1459.90026855,
        "median": 1162.79296875,
        "min": 86.1328125,
        "var": 2068013.875
    },
    "spectral_skewness": {
        "dmean": 0.247424125671,
        "dmean2": 0.387730181217,
        "dvar": 0.0662916079164,
        "dvar2": 0.163903951645,
        "max": 4.12174987793,
        "mean": 1.65221655369,
        "median": 1.6074706316,
        "min": 0.0121858287603,
        "var": 0.224676638842
    },
    "spectral_spread": {
        "dmean": 658685.0625,
        "dmean2": 891804.6875,
        "dvar": 1.60650952704e+12,
        "dvar2": 2.01516960973e+12,
        "max": 41086396,
        "mean": 4770084,
        "median": 4501755.5,
        "min": 1646997.625,
        "var": 5.13144520704e+12
    },
    "spectral_strongpeak": {
        "dmean": 0.433037877083,
        "dmean2": 0.741279125214,
        "dvar": 0.544302582741,
        "dvar2": 1.46097421646,
        "max": 7.64746809006,
        "mean": 0.738641083241,
        "median": 0.381509929895,
        "min": 0,
        "var": 0.806643843651
    },
    "zerocrossingrate": {
        "dmean": 0.0119768520817,
        "dmean2": 0.0126499962062,
        "dvar": 0.00042575772386,
        "dvar2": 0.000423951743869,
        "max": 0.48291015625,
        "mean": 0.062504902482,
        "median": 0.05322265625,
        "min": 0.0126953125,
        "var": 0.00136244599707
    },
    "barkbands": {
        "dmean": [0.000146619946463, 0.00422897515818, 0.00159544486087, 0.00175341812428, 0.00150301738176, 0.000950487912633, 0.000911678944249, 0.000518624146935, 0.00100667204242, 0.000510713434778, 0.000197660119738, 0.00027309518191, 0.000205379823456, 0.000209301710129, 0.000175011518877, 0.000199353467906, 0.000369447923731, 0.000162812546478, 0.000157661081175, 8.9479945018e-05, 8.10068959254e-05, 8.1418082118e-05, 7.881160127e-05, 5.6258199038e-05, 6.29856222076e-05, 3.13673990604e-05, 2.606424232e-06],
        "dmean2": [0.000202802068088, 0.00718865962699, 0.00255482899956, 0.00299408566207, 0.00249934894964, 0.00140592909884, 0.00143168447539, 0.000788357574493, 0.00159573776182, 0.000757593952585, 0.000324851018377, 0.000396643474232, 0.000315650657285, 0.000331795308739, 0.000278115127003, 0.000318119826261, 0.000551314558834, 0.00024234308512, 0.00023824001255, 0.000140124597237, 0.000112323410576, 0.000111754328827, 0.000108541236841, 7.42456613807e-05, 8.26708128443e-05, 3.97073345084e-05, 3.94354947275e-06],
        "dvar": [1.28801431742e-07, 0.000166193174664, 1.25030028357e-05, 1.97076915356e-05, 8.50128708407e-06, 5.08791799803e-06, 2.88604383059e-06, 8.95705341009e-07, 3.91918774767e-06, 8.7537773652e-07, 3.47128093381e-07, 2.92695773396e-07, 2.69664383268e-07, 2.14768022033e-07, 1.34324210421e-07, 1.27368238623e-07, 4.13103919072e-07, 1.15334017892e-07, 1.30662584752e-07, 3.03292146953e-08, 2.53010181694e-08, 4.73000767442e-08, 2.85827983504e-08, 1.41888598648e-08, 2.30912515775e-08, 4.52748372126e-09, 5.36790230321e-11],
        "dvar2": [2.24726406373e-07, 0.000436954724137, 3.15101897286e-05, 5.2161525673e-05, 2.35395273194e-05, 1.0770310837e-05, 6.8675321927e-06, 1.91191111298e-06, 9.44703333516e-06, 1.87544560504e-06, 9.46128295709e-07, 5.953239679e-07, 6.27168617484e-07, 5.6360374856e-07, 3.13486282266e-07, 2.80591592627e-07, 9.50752337303e-07, 2.34076992456e-07, 3.16728971939e-07, 6.98243809438e-08, 4.30359534676e-08, 7.17010024687e-08, 5.3552405177e-08, 2.70371636191e-08, 4.06436413414e-08, 8.64469829054e-09, 1.22577475947e-10],
        "max": [0.004053785, 0.120840407908, 0.0359089672565, 0.0388716608286, 0.0315150432289, 0.052003223449, 0.0210294499993, 0.0130320480093, 0.0291521437466, 0.0170128382742, 0.0122591014951, 0.00788670312613, 0.00875052344054, 0.0067591983825, 0.00723384879529, 0.00519634922966, 0.00819557253271, 0.00700448686257, 0.00724758254364, 0.00240684091114, 0.00248323893175, 0.00435169786215, 0.0021587528754, 0.00214037089609, 0.00311533152126, 0.000776951375883, 0.000112330366392],
        "mean": [0.00020665305783, 0.00494072027504, 0.00211671227589, 0.00205587083474, 0.00250838533975, 0.00173568923492, 0.00149834877811, 0.0010157187935, 0.00214337091893, 0.00110400526319, 0.00027245900128, 0.000475138163893, 0.00034394566319, 0.000345302716596, 0.000268945004791, 0.000355754047632, 0.000633289979305, 0.000260587257799, 0.000272682897048, 0.000146999227582, 0.000138996954774, 0.000138997886097, 0.000142048869748, 0.00010266553727, 0.00010635748913, 4.70286686323e-05, 3.10816290039e-06],
        "median": [1.78616337507e-05, 0.00225484976545, 0.000803383009043, 0.000806956551969, 0.00163957371842, 0.000620539067313, 0.00072444556281, 0.000431727443356, 0.00090870790882, 0.000385642633773, 9.51976326178e-05, 0.000121792814753, 0.000130008847918, 0.000105675906525, 0.000123224308481, 0.000177524590981, 0.000219078006921, 9.16494027479e-05, 8.54187528603e-05, 4.64927143184e-05, 3.59944315278e-05, 2.89326835627e-05, 2.88571500278e-05, 1.93605519598e-05, 1.66526697285e-05, 6.23498408459e-06, 2.09107014371e-07],
        "min": [4.30446938535e-23, 4.02966053823e-23, 1.08508744425e-24, 1.28311571004e-23, 1.21748715279e-22, 2.81360052948e-23, 5.1274327475e-23, 9.82967072927e-24, 1.24637019043e-22, 4.36701343336e-23, 4.72739160059e-23, 1.31957597756e-22, 1.35769903765e-22, 8.1661063373e-23, 7.86110178799e-23, 9.42856020251e-23, 2.45600546352e-22, 1.08762991928e-22, 5.29335058004e-22, 2.22810114987e-22, 5.09290417946e-22, 6.07643273203e-22, 7.06121134514e-22, 8.51811551074e-22, 1.47429121531e-21, 1.65250481452e-21, 2.24310379492e-21],
        "var": [2.38268341946e-07, 0.000139793686685, 1.47416294567e-05, 1.84003656614e-05, 9.92678178591e-06, 1.42978524309e-05, 5.09872961629e-06, 2.41672478296e-06, 1.18498946904e-05, 3.37973301612e-06, 3.74349468757e-07, 7.09303037638e-07, 3.68727057776e-07, 5.13071427122e-07, 2.02105582048e-07, 2.71401432883e-07, 1.01477496628e-06, 2.69329802904e-07, 2.64537106887e-07, 6.2007039503e-08, 6.72910758226e-08, 1.0644658488e-07, 6.8528969166e-08, 3.53287639143e-08, 4.72719356992e-08, 9.20902021306e-09, 6.74718197979e-11]
    },
    "erbbands": {
        "dmean": [0.132013350725, 0.935385644436, 1.59819829464, 4.46868419647, 5.69894981384, 4.38209152222, 5.24445724487, 9.23040866852, 14.367430687, 9.89661979675, 10.8531723022, 26.559343338, 15.215139389, 13.9128236771, 8.29549503326, 12.5909643173, 9.28409576416, 9.40613079071, 10.4045333862, 7.78502035141, 13.8407068253, 17.302690506, 9.18715763092, 7.54000043869, 7.33727312088, 3.89205670357, 3.41126704216, 3.06859183311, 3.01824688911, 2.90613245964, 2.09278845787, 1.39480650425, 0.872949719429, 0.693688869476, 0.461907446384, 0.164235383272, 0.0563200488687, 0.00967397447675, 0.000307636975776, 1.76669018401e-05],
        "dmean2": [0.216697961092, 1.62797939777, 2.61202025414, 7.39589834213, 9.96988868713, 7.17990636826, 8.1879863739, 13.6347856522, 22.2399234772, 15.1106500626, 16.4838562012, 41.8380661011, 23.8921089172, 20.437702179, 13.1061897278, 18.4077129364, 14.2912130356, 14.7179431915, 16.9633350372, 12.0951509476, 21.5244941711, 25.5672245026, 13.2771959305, 11.2964525223, 10.9300479889, 6.03017139435, 5.0706949234, 4.2392244339, 4.20245552063, 4.08811473846, 2.81337881088, 1.82713031769, 1.16272902489, 0.93060195446, 0.6205945611, 0.214432194829, 0.073352843523, 0.0131234787405, 0.000440271745902, 2.39622859226e-05],
        "dvar": [0.133479937911, 8.89029502869, 14.2047281265, 109.256797791, 186.546966553, 61.9905586243, 130.467559814, 581.392211914, 768.739807129, 494.219604492, 299.756988525, 3043.28466797, 740.933044434, 996.417236328, 668.11151123, 687.450134277, 548.941040039, 467.075927734, 488.446044922, 216.969177246, 580.62487793, 971.977478027, 337.776367188, 269.500061035, 314.637542725, 53.4447822571, 42.8112945557, 42.5146484375, 76.1430969238, 51.3842544556, 18.7431678772, 9.86974811554, 2.94978785515, 2.20890784264, 1.5172482729, 0.132289946079, 0.0162435844541, 0.000530120159965, 6.75931914884e-07, 9.35336808006e-10],
        "dvar2": [0.332852989435, 24.0257911682, 36.215675354, 270.907958984, 533.049987793, 161.005020142, 312.10244751, 1182.10205078, 1792.63085938, 1040.17028809, 618.052368164, 7212.07958984, 1819.88867188, 2053.72241211, 1700.05834961, 1494.98425293, 1310.24645996, 1132.07092285, 1216.11132812, 490.493896484, 1359.32507324, 2208.66137695, 653.109008789, 591.732910156, 781.913879395, 121.125579834, 81.8826904297, 73.9155807495, 126.490936279, 97.8459701538, 35.819316864, 19.9335460663, 5.37099409103, 3.55876255035, 2.94442176819, 0.25787255168, 0.0322131402791, 0.00104298139922, 1.50992332237e-06, 1.8666901358e-09],
        "max": [3.06638884544, 28.6675930023, 35.9942588806, 89.4205780029, 122.705429077, 99.6737670898, 145.908248901, 633.871032715, 428.317596436, 397.129669189, 268.207550049, 834.164733887, 407.397064209, 665.126098633, 628.770202637, 319.536987305, 397.414123535, 384.807952881, 355.879974365, 267.042816162, 332.151947021, 417.890655518, 433.09161377, 296.122314453, 370.374816895, 74.8923416138, 110.874740601, 100.458236694, 175.680648804, 132.793441772, 57.4364547729, 63.4529342651, 23.2588424683, 31.1069850922, 26.1422615051, 4.02707099915, 1.44172918797, 0.270389646292, 0.00972832273692, 0.000320558872772],
        "mean": [0.149681523442, 1.06837725639, 2.14969086647, 5.80733251572, 7.64024400711, 7.77691078186, 8.262134552, 16.3693523407, 25.5753192902, 18.1440448761, 24.3382778168, 56.8534431458, 33.1806907654, 28.6942901611, 14.2483406067, 22.1536426544, 16.7968215942, 16.7878932953, 18.0735454559, 13.6282634735, 26.4187316895, 30.8573207855, 15.9578151703, 13.1705446243, 12.5829544067, 6.60505008698, 5.91675281525, 5.15337991714, 4.9725317955, 4.98754405975, 3.69078826904, 2.48477697372, 1.60110342503, 1.18052554131, 0.734624505043, 0.256821751595, 0.0810789167881, 0.0135463261977, 0.000402469886467, 3.9297818148e-05],
        "median": [0.0507000349462, 0.493999481201, 0.934962511063, 2.48303151131, 4.20197725296, 4.81763029099, 3.67143368721, 5.4077296257, 13.001832962, 7.39580535889, 15.1337146759, 23.9207611084, 11.883638382, 8.30202102661, 5.57805633545, 6.22944307327, 6.70240879059, 6.86671686172, 7.97271203995, 7.95336198807, 12.6571083069, 10.8063783646, 6.12205266953, 4.49770021439, 3.85367584229, 2.25949692726, 1.61599457264, 1.33526229858, 0.997598707676, 1.05846989155, 0.719939172268, 0.457340449095, 0.29568991065, 0.209555536509, 0.103153608739, 0.0355396941304, 0.00932189729065, 0.00129332847428, 4.61418239865e-05, 2.56429848378e-05],
        "min": [2.7045348674e-21, 3.38673168082e-21, 1.55084076294e-21, 1.80303498487e-20, 2.09131822046e-19, 5.35121336234e-19, 1.68803704031e-19, 3.38322143811e-19, 6.02873994148e-19, 5.60006444577e-19, 6.30675120946e-19, 2.68399822169e-18, 2.24663164268e-18, 1.39348396954e-18, 1.60078866594e-18, 6.66458220122e-18, 5.86057794866e-18, 6.17582723345e-18, 3.44575670601e-18, 3.95413384547e-18, 5.51551872895e-18, 1.21824025602e-17, 1.00065618616e-17, 1.41197993484e-17, 2.7441119597e-17, 1.19313300833e-17, 1.37845231937e-17, 2.45485186258e-17, 1.95247827592e-17, 1.89646359007e-17, 2.11921505723e-17, 2.25183940638e-17, 1.26543752741e-17, 1.32760643702e-17, 1.17765273675e-17, 5.5962403898e-18, 3.50666346207e-18, 1.14911155214e-18, 3.56174924477e-19, 2.86774535708e-20],
        "var": [0.133703947067, 6.7136015892, 15.0901136398, 122.097465515, 155.564544678, 92.7927322388, 209.953186035, 1594.80603027, 1603.71105957, 1129.21228027, 819.168212891, 8899.43945312, 2496.34155273, 3463.85180664, 848.916320801, 1495.95556641, 768.869018555, 865.451904297, 990.899780273, 382.865936279, 1364.83374023, 2243.84106445, 876.272888184, 562.806335449, 582.376708984, 107.350769043, 114.432746887, 100.091346741, 151.058746338, 110.898429871, 45.3391151428, 22.8616352081, 7.69772338867, 5.16633844376, 2.60029983521, 0.268960297108, 0.0299869198352, 0.00093450746499, 9.21658738662e-07, 1.91898075208e-09]
    },
    "gfcc": {
        "mean": [-20.5873908997, 102.304359436, -112.468955994, 28.6705589294, -55.8349494934, 12.1218233109, -36.814239502, 17.3970279694, -17.8984069824, 0.641945123672, -20.7782154083, -1.1516559124, -12.1288881302],
        "cov": [[11489.2148438, -1981.29541016, 479.844604492, 370.870910645, -708.892700195, -54.7784080505, -652.208435059, 330.596008301, -345.250274658, 251.133285522, -287.795715332, 213.672409058, -328.12387085], [-1981.29541016, 1831.60375977, -751.352539062, -193.52041626, 481.249481201, -246.704376221, 368.871124268, -76.3555526733, 197.81854248, -162.340942383, 215.456054688, -127.653831482, 265.041137695], [479.844604492, -751.352539062, 1166.96472168, 228.506256104, -334.959625244, 69.5826644897, -350.911529541, 33.4891471863, -38.0941963196, 100.693984985, -74.7861099243, 132.3853302, -128.539962769], [370.870910645, -193.52041626, 228.506256104, 265.86428833, -7.95490312576, -16.5642528534, -99.5538711548, 27.824136734, 11.4933423996, 18.0032730103, -9.05410003662, 16.5779304504, -5.65373897552], [-708.892700195, 481.249481201, -334.959625244, -7.95490312576, 419.79989624, -31.2088222504, 184.592834473, 13.0430803299, 58.2552108765, -26.3019676208, 54.7612838745, -42.2515907288, 88.0119094849], [-54.7784080505, -246.704376221, 69.5826644897, -16.5642528534, -31.2088222504, 300.697845459, 54.6798439026, -31.128900528, -22.2938213348, 46.9471893311, -3.46772503853, 2.92127561569, -57.1504058838], [-652.208435059, 368.871124268, -350.911529541, -99.5538711548, 184.592834473, 54.6798439026, 323.467590332, 0.40847286582, 1.16936004162, -31.0780735016, 45.0330657959, -45.7232589722, 47.6769180298], [330.596008301, -76.3555526733, 33.4891471863, 27.824136734, 13.0430803299, -31.128900528, 0.40847286582, 131.240997314, 30.7350234985, 5.9962978363, -13.9421854019, 22.7398033142, 3.2837729454], [-345.250274658, 197.81854248, -38.0941963196, 11.4933423996, 58.2552108765, -22.2938213348, 1.16936004162, 30.7350234985, 134.660400391, 8.50558185577, 33.0643692017, -6.99829292297, 43.6692619324], [251.133285522, -162.340942383, 100.693984985, 18.0032730103, -26.3019676208, 46.9471893311, -31.0780735016, 5.9962978363, 8.50558185577, 89.2145843506, 6.40070009232, 14.389837265, -26.1053714752], [-287.795715332, 215.456054688, -74.7861099243, -9.05410003662, 54.7612838745, -3.46772503853, 45.0330657959, -13.9421854019, 33.0643692017, 6.40070009232, 89.3256835938, 6.79567193985, 33.3769340515], [213.672409058, -127.653831482, 132.3853302, 16.5779304504, -42.2515907288, 2.92127561569, -45.7232589722, 22.7398033142, -6.99829292297, 14.389837265, 6.79567193985, 80.1883926392, -3.91345763206], [-328.12387085, 265.041137695, -128.539962769, -5.65373897552, 88.0119094849, -57.1504058838, 47.6769180298, 3.2837729454, 43.6692619324, -26.1053714752, 33.3769340515, -3.91345763206, 89.4216918945]],
        "icov": [[0.000173716936843, -0.000169836668647, 0.000297843711451, -0.000346872402588, 0.000251438497799, -5.43949208804e-05, 0.000360955280485, -0.000555235485081, 0.000582553504501, -0.0006883238093, 0.000478556787129, -0.000501876755152, 0.000406706269132], [-0.000169836668647, 0.0032964872662, -0.000853967969306, 0.00192361068912, -0.00146906054579, 0.00181380985305, -0.00183592317626, 0.0022130603902, -0.00299637322314, 0.00396951939911, -0.00495618861169, 0.00347950286232, -0.00337269855663], [0.000297843711451, -0.000853967969306, 0.00261739129201, -0.00204285094514, 0.00127254892141, -0.000680658442434, 0.00176266301423, -0.0011356791947, 0.00116412818898, -0.00251882104203, 0.00226694415323, -0.00355249480344, 0.00236620381474], [-0.000346872402588, 0.00192361068912, -0.00204285094514, 0.00670342426747, -0.00216060457751, 0.000890721625183, -7.81504058978e-05, 0.000823779671919, -0.00194104085676, 0.00308674364351, -0.00382050569169, 0.00396211119369, -0.00333129474893], [0.000251438497799, -0.00146906054579, 0.00127254892141, -0.00216060457751, 0.00502977427095, -0.000586252601352, -0.000622551422566, -0.00163231091574, 0.00107767456211, -0.00275729969144, 0.00212072301656, -0.00148161977995, -0.000151460742927], [-5.43949208804e-05, 0.00181380985305, -0.000680658442434, 0.000890721625183, -0.000586252601352, 0.00579599011689, -0.00300936726853, 0.00270401197486, -0.00229885545559, 0.000207235614653, -0.00225184322335, 0.000988357467577, 0.00135567516554], [0.000360955280485, -0.00183592317626, 0.00176266301423, -7.81504058978e-05, -0.000622551422566, -0.00300936726853, 0.00814655702561, -0.00383219867945, 0.00434536999092, -0.00202199304476, 0.000939188117627, -0.000568501127418, 0.000693732639775], [-0.000555235485081, 0.0022130603902, -0.0011356791947, 0.000823779671919, -0.00163231091574, 0.00270401197486, -0.00383219867945, 0.0128858918324, -0.00668966956437, 0.00314500485547, -0.000197931512957, -0.00127433845773, -0.00106926821172], [0.000582553504501, -0.00299637322314, 0.00116412818898, -0.00194104085676, 0.00107767456211, -0.00229885545559, 0.00434536999092, -0.00668966956437, 0.0150837879628, -0.0065407208167, 0.00153629074339, -0.000549553602468, -0.00190483604092], [-0.0006883238093, 0.00396951939911, -0.00251882104203, 0.00308674364351, -0.00275729969144, 0.000207235614653, -0.00202199304476, 0.00314500485547, -0.0065407208167, 0.021083611995, -0.00951659586281, 0.00458124047145, -0.000806045078207], [0.000478556787129, -0.00495618861169, 0.00226694415323, -0.00382050569169, 0.00212072301656, -0.00225184322335, 0.000939188117627, -0.000197931512957, 0.00153629074339, -0.00951659586281, 0.0243285708129, -0.0104305716231, 0.00237735011615], [-0.000501876755152, 0.00347950286232, -0.00355249480344, 0.00396211119369, -0.00148161977995, 0.000988357467577, -0.000568501127418, -0.00127433845773, -0.000549553602468, 0.00458124047145, -0.0104305716231, 0.0232341699302, -0.00805499963462], [0.000406706269132, -0.00337269855663, 0.00236620381474, -0.00333129474893, -0.000151460742927, 0.00135567516554, 0.000693732639775, -0.00106926821172, -0.00190483604092, -0.000806045078207, 0.00237735011615, -0.00805499963462, 0.026002464816]]
    },
    "melbands": {
        "dmean": [0.00117897347081, 0.000955320021603, 0.00078225514153, 0.000356196571374, 0.000184364558663, 0.000201954215299, 0.000210383775993, 0.000107118794404, 9.90312255453e-05, 0.000163950608112, 7.51865372877e-05, 5.97873695369e-05, 2.66314818873e-05, 3.09625465889e-05, 2.45839073614e-05, 2.16190965148e-05, 1.90126575035e-05, 1.83634238056e-05, 1.14816057248e-05, 1.3486833268e-05, 1.93513460545e-05, 2.12833510886e-05, 1.118734599e-05, 7.45659872337e-06, 6.45860836812e-06, 6.3039892666e-06, 4.27626628152e-06, 2.51651522376e-06, 2.27833129429e-06, 2.13627481571e-06, 1.74164176769e-06, 1.77215622443e-06, 1.66732399975e-06, 1.73455225649e-06, 1.3197983435e-06, 1.08448159608e-06, 8.10540427665e-07, 6.27102281214e-07, 6.5453281195e-07, 5.95621827415e-07],
        "dmean2": [0.00198345677927, 0.00157032487914, 0.00129780569114, 0.000604672066402, 0.000289986724965, 0.000297545775538, 0.000325745379087, 0.000163092408911, 0.000149828774738, 0.000259260297753, 0.000118577583635, 8.71111333254e-05, 4.28321582149e-05, 4.54293804069e-05, 3.79513621738e-05, 3.23017811752e-05, 2.97884816973e-05, 3.03858651023e-05, 1.8395621737e-05, 2.11477363337e-05, 3.00520114251e-05, 3.13842210744e-05, 1.68856204255e-05, 1.0953113815e-05, 1.00400493466e-05, 9.44951170823e-06, 6.56490919937e-06, 4.02540263167e-06, 3.56865666618e-06, 3.12051338369e-06, 2.47478760684e-06, 2.60318233813e-06, 2.38140705733e-06, 2.57304077422e-06, 1.85708256595e-06, 1.51440701757e-06, 1.09889379019e-06, 8.59296051203e-07, 9.19683543543e-07, 8.26277357646e-07],
        "dvar": [1.22121509776e-05, 5.98544920649e-06, 3.39950270245e-06, 5.11514599566e-07, 1.42542774029e-07, 2.47229280603e-07, 1.50818223688e-07, 5.58783028737e-08, 2.48590392715e-08, 1.21222058169e-07, 1.83704980117e-08, 1.87975999211e-08, 6.28429619454e-09, 3.88777587901e-09, 6.1846607835e-09, 2.47115994334e-09, 1.87183801792e-09, 1.6917885981e-09, 7.19029169538e-10, 5.211189813e-10, 1.15054177297e-09, 1.45385925521e-09, 4.99292052147e-10, 2.06470271435e-10, 2.14665632492e-10, 2.13792705761e-10, 7.84006262688e-11, 2.53533201378e-11, 2.15893102007e-11, 1.88072942636e-11, 1.50449895597e-11, 2.78057837172e-11, 1.89431838271e-11, 1.82473775673e-11, 8.00472969159e-12, 5.29992239331e-12, 3.56338136082e-12, 1.55998174448e-12, 1.71082299803e-12, 1.91614150762e-12],
        "dvar2": [3.16278346872e-05, 1.53258806677e-05, 8.80075094756e-06, 1.43627744364e-06, 3.51090591266e-07, 5.11551661475e-07, 3.51154483269e-07, 1.18490888212e-07, 5.2276934781e-08, 2.90731946961e-07, 4.48447252666e-08, 3.86264566998e-08, 1.60023851947e-08, 7.85643194945e-09, 1.62616000665e-08, 5.48237233389e-09, 4.65039118325e-09, 4.3591463772e-09, 1.72114789088e-09, 1.11784981272e-09, 2.72066968954e-09, 3.36996763828e-09, 1.03996655731e-09, 3.90714016696e-10, 4.95650243071e-10, 4.99929431186e-10, 1.88115870103e-10, 6.00844304866e-11, 4.64332530759e-11, 3.56710737337e-11, 2.85185399601e-11, 4.82820762537e-11, 3.20045413782e-11, 3.93768039009e-11, 1.6748494952e-11, 1.08653121222e-11, 7.25433428606e-12, 2.96068920248e-12, 3.28912157926e-12, 3.36939417339e-12],
        "max": [0.030777156353, 0.0228456407785, 0.0163355693221, 0.00771891884506, 0.00413493206725, 0.0125995473936, 0.00584973581135, 0.0034735519439, 0.00245084613562, 0.0053144665435, 0.00203279964626, 0.00288312300108, 0.00172240112443, 0.00120654364582, 0.00182005832903, 0.0007760792505, 0.000723959412426, 0.000706321385223, 0.000459214556031, 0.000366771681001, 0.000461909628939, 0.000513420382049, 0.000418670970248, 0.000298122875392, 0.000243481670623, 0.000298490514979, 0.00012303236872, 5.00237074448e-05, 8.59819047037e-05, 6.52421731502e-05, 5.79258921789e-05, 0.000105013969005, 8.14743834781e-05, 6.89687221893e-05, 3.96182731492e-05, 3.90546156268e-05, 4.14892565459e-05, 1.88870635611e-05, 1.82293733815e-05, 2.81554803223e-05],
        "mean": [0.00137546821497, 0.00127450679429, 0.00103223859333, 0.000578636478167, 0.000296943908324, 0.000368387525668, 0.000374825671315, 0.000198827634449, 0.000218470697291, 0.000349081528839, 0.000156337962835, 0.000119612908748, 4.06103063142e-05, 5.61760825804e-05, 3.92278052459e-05, 3.69503504771e-05, 3.15064571623e-05, 3.10096729663e-05, 1.66869704117e-05, 2.37903986999e-05, 3.43979663739e-05, 3.62562132068e-05, 1.85457756743e-05, 1.17752279039e-05, 1.05326935227e-05, 1.05599638118e-05, 6.67032372803e-06, 3.86224701288e-06, 3.67118218492e-06, 3.51780022356e-06, 2.75023921859e-06, 2.76367927654e-06, 2.75563957075e-06, 2.79441314888e-06, 2.12604709304e-06, 1.863853754e-06, 1.40089537126e-06, 1.11071369702e-06, 1.06380377929e-06, 9.71202325672e-07],
        "median": [0.000591737334616, 0.000661250087433, 0.000481250230223, 0.000358634744771, 0.000144859688589, 0.000124932266772, 0.000190493126865, 7.63429852668e-05, 0.000139893512824, 0.000137835522764, 5.36204497621e-05, 3.11168187181e-05, 1.48867911776e-05, 1.61815878528e-05, 1.37586985147e-05, 1.3338689314e-05, 9.7465563158e-06, 1.21754792417e-05, 7.96157564764e-06, 1.17484887596e-05, 1.50816658788e-05, 1.20898648674e-05, 7.16198655937e-06, 3.9720202949e-06, 3.44253294315e-06, 3.08739822685e-06, 2.03944455279e-06, 1.2213458831e-06, 1.01660043583e-06, 8.3376562543e-07, 6.6456834702e-07, 5.20366995715e-07, 5.47146953522e-07, 5.79539801038e-07, 4.07608411024e-07, 3.24481703728e-07, 2.49993519219e-07, 1.93682794247e-07, 1.802077918e-07, 1.62312630891e-07],
        "min": [1.93293704082e-23, 1.70362105269e-24, 7.9680788998e-24, 2.81329508254e-23, 1.0587727405e-23, 7.10558413997e-24, 1.01302535554e-23, 5.0242168456e-24, 6.33688099746e-24, 1.90239881523e-23, 1.08670504298e-23, 5.19930018478e-24, 5.94333683007e-24, 1.18476771102e-23, 1.57709813701e-23, 1.3668580283e-23, 1.11799994395e-23, 4.55568316613e-24, 6.22913009198e-24, 4.86557810085e-24, 6.59501009071e-24, 1.0228501448e-23, 1.71621091775e-23, 4.32634828478e-24, 1.16383710128e-23, 2.03890472622e-23, 1.35631616448e-23, 6.97999196183e-24, 7.91467617196e-24, 8.69497162547e-24, 1.74999435933e-23, 1.10117464524e-23, 1.24061275222e-23, 9.09068003275e-24, 1.16112184204e-23, 1.32941269439e-23, 1.4504775998e-23, 8.58462497319e-24, 9.22183368027e-24, 1.1903002292e-23],
        "var": [1.09118964247e-05, 5.51305629415e-06, 3.56372743227e-06, 5.75233798372e-07, 2.20020865527e-07, 7.18808848887e-07, 3.24214340708e-07, 1.36148983643e-07, 6.59973764527e-08, 3.65480701703e-07, 5.95916311852e-08, 6.54915481846e-08, 7.81276732198e-09, 9.8925445613e-09, 6.51549569852e-09, 3.90789267612e-09, 3.68400110418e-09, 3.71335939775e-09, 9.53948142701e-10, 1.16103615611e-09, 2.73556710617e-09, 3.28871174737e-09, 1.17596266058e-09, 5.25532672935e-10, 3.90017795837e-10, 4.2984676929e-10, 1.48608320094e-10, 4.19828546927e-11, 4.93138238578e-11, 4.33652801168e-11, 3.12765403854e-11, 5.05674703499e-11, 4.16764400768e-11, 3.40907684027e-11, 1.62955170191e-11, 1.21083768012e-11, 7.87556304893e-12, 3.90444187398e-12, 3.61495447292e-12, 4.00646833418e-12]
    },
    "mfcc": {
        "mean": [-663.339904785, 131.567886353, 2.28095149994, 21.0372219086, 6.13896226883, -2.12765312195, -4.69429588318, 8.06871032715, 6.37406778336, 4.60922336578, 1.07074606419, 0.883739471436, -1.0179040432],
        "cov": [[9035.15234375, -1367.83825684, 211.704910278, 161.986373901, -174.083511353, -199.021316528, -227.962615967, -51.2548103333, -183.517471313, -71.6522979736, 18.0186901093, -95.2225646973, -63.6032295227], [-1367.83825684, 1586.57385254, -756.8203125, 120.172286987, 10.5816574097, -76.8926925659, 122.476722717, 55.3654785156, 109.945541382, 38.5328636169, -20.6250324249, 40.6587295532, 45.6326332092], [211.704910278, -756.8203125, 1241.44030762, -11.4749650955, 67.1085662842, 19.4949970245, -231.500579834, -60.7532539368, -151.017211914, -56.3166007996, 20.0679721832, -35.4233131409, -8.53063583374], [161.986373901, 120.172286987, -11.4749650955, 334.845825195, 91.1093444824, -109.406524658, -42.7465400696, -1.54838931561, 10.1521310806, 5.40878391266, -21.363494873, -24.811750412, 9.38709545135], [-174.083511353, 10.5816574097, 67.1085662842, 91.1093444824, 237.63470459, 9.1518535614, -46.5862464905, -4.7294960022, 13.4428434372, 20.3078556061, -1.8858448267, 11.5386562347, 10.5311164856], [-199.021316528, -76.8926925659, 19.4949970245, -109.406524658, 9.1518535614, 213.507171631, 99.9011154175, -3.60029888153, 9.0203037262, 12.4097337723, 23.096862793, 41.7311058044, 7.1195898056], [-227.962615967, 122.476722717, -231.500579834, -42.7465400696, -46.5862464905, 99.9011154175, 228.099884033, 51.6936759949, 41.5349617004, 17.4494800568, 11.2090291977, 26.2772674561, 8.62208652496], [-51.2548103333, 55.3654785156, -60.7532539368, -1.54838931561, -4.7294960022, -3.60029888153, 51.6936759949, 105.290527344, 41.4462203979, 6.30660676956, 13.5638647079, 5.26398992538, 11.5502729416], [-183.517471313, 109.945541382, -151.017211914, 10.1521310806, 13.4428434372, 9.0203037262, 41.5349617004, 41.4462203979, 100.089279175, 41.2662467957, 1.99241280556, 16.698513031, 1.17211806774], [-71.6522979736, 38.5328636169, -56.3166007996, 5.40878391266, 20.3078556061, 12.4097337723, 17.4494800568, 6.30660676956, 41.2662467957, 88.6807403564, 25.9890594482, 0.408908039331, 4.47056293488], [18.0186901093, -20.6250324249, 20.0679721832, -21.363494873, -1.8858448267, 23.096862793, 11.2090291977, 13.5638647079, 1.99241280556, 25.9890594482, 61.2560310364, 18.9622211456, 3.08135914803], [-95.2225646973, 40.6587295532, -35.4233131409, -24.811750412, 11.5386562347, 41.7311058044, 26.2772674561, 5.26398992538, 16.698513031, 0.408908039331, 18.9622211456, 83.1374588013, 21.1955089569], [-63.6032295227, 45.6326332092, -8.53063583374, 9.38709545135, 10.5311164856, 7.1195898056, 8.62208652496, 11.5502729416, 1.17211806774, 4.47056293488, 3.08135914803, 21.1955089569, 57.3000335693]],
