{
"lowlevel": {
    "average_loudness": 0.949323773384,
    "barkbands_crest": {
        "dmean": 3.19506001472,
        "dmean2": 5.31195783615,
        "dvar": 8.59530735016,
        "dvar2": 23.9763660431,
        "max": 23.8535690308,
        "mean": 9.25229740143,
        "median": 8.52321243286,
        "min": 2.54927539825,
        "var": 15.6998910904
    },
    "barkbands_flatness_db": {
        "dmean": 0.0236934646964,
        "dmean2": 0.038942206651,
        "dvar": 0.000583093613386,
        "dvar2": 0.0015581836924,
        "max": 0.387039512396,
        "mean": 0.141779854894,
        "median": 0.130881547928,
        "min": 0.071498863399,
        "var": 0.00179961626418
    },
    "barkbands_kurtosis": {
        "dmean": 2.88257694244,
        "dmean2": 4.84918880463,
        "dvar": 38.4650344849,
        "dvar2": 101.749069214,
        "max": 104.060310364,
        "mean": 2.02658319473,
        "median": -0.325608491898,
        "min": -1.95616257191,
        "var": 61.8989486694
    },
    "barkbands_skewness": {
        "dmean": 0.685789763927,
        "dmean2": 1.06222581863,
        "dvar": 0.577867925167,
        "dvar2": 1.41036176682,
        "max": 8.59305667877,
        "mean": 1.11581468582,
        "median": 0.897989213467,
        "min": -3.31224346161,
        "var": 1.71749591827
    },
    "barkbands_spread": {
        "dmean": 10.3193035126,
        "dmean2": 15.667555809,
        "dvar": 96.1319198608,
        "dvar2": 217.828887939,
        "max": 103.210609436,
        "mean": 44.6994934082,
        "median": 42.8119506836,
        "min": 1.15474700928,
        "var": 453.200012207
    },
    "dissonance": {
        "dmean": 0.0115725873038,
        "dmean2": 0.0194384604692,
        "dvar": 0.000156605048687,
        "dvar2": 0.000431073887739,
        "max": 0.500000059605,
        "mean": 0.479258865118,
        "median": 0.484170019627,
        "min": 0.368032068014,
        "var": 0.000278755120235
    },
    "dynamic_complexity": 2.65093946457,
    "erbbands_crest": {
        "dmean": 2.47189593315,
        "dmean2": 4.02486038208,
        "dvar": 7.45356035233,
        "dvar2": 19.4792232513,
        "max": 29.0486545563,
        "mean": 7.53827810287,
        "median": 6.2866230011,
        "min": 2.32927727699,
        "var": 16.420671463
    },
    "erbbands_flatness_db": {
        "dmean": 0.0153969712555,
        "dmean2": 0.0224724933505,
        "dvar": 0.00026127891033,
        "dvar2": 0.000502608774696,
        "max": 0.361164569855,
        "mean": 0.153411224484,
        "median": 0.144592955709,
        "min": 0.0911507233977,
        "var": 0.00126579403877
    },
    "erbbands_kurtosis": {
        "dmean": 0.965379476547,
        "dmean2": 1.46305382252,
        "dvar": 1.90854632854,
        "dvar2": 4.24664115906,
        "max": 22.044254303,
        "mean": 0.377645492554,
        "median": -0.270773887634,
        "min": -1.85531663895,
        "var": 5.17658424377
    },
    "erbbands_skewness": {
        "dmean": 0.362701952457,
        "dmean2": 0.530352830887,
        "dvar": 0.1254465729,
        "dvar2": 0.265413224697,
        "max": 3.12058663368,
        "mean": -0.463791906834,
        "median": -0.463593065739,
        "min": -4.35858774185,
        "var": 0.664774775505
    },
    "erbbands_spread": {
        "dmean": 13.3053016663,
        "dmean2": 20.3324718475,
        "dvar": 199.325286865,
        "dvar2": 465.111206055,
        "max": 159.982406616,
        "mean": 53.6114616394,
        "median": 50.4027328491,
        "min": 3.68523287773,
        "var": 581.405395508
    },
    "hfc": {
        "dmean": 9.62111854553,
        "dmean2": 13.0406522751,
        "dvar": 126.086082458,
        "dvar2": 216.711013794,
        "max": 148.384307861,
        "mean": 37.3894348145,
        "median": 32.5943222046,
        "min": 0.000179237191333,
        "var": 789.152160645
    },
    "melbands_crest": {
        "dmean": 3.73926091194,
        "dmean2": 6.09820508957,
        "dvar": 9.10497951508,
        "dvar2": 23.8766555786,
        "max": 29.5231933594,
        "mean": 15.0072727203,
        "median": 14.8620433807,
        "min": 2.77198338509,
        "var": 24.1779308319
    },
    "melbands_flatness_db": {
        "dmean": 0.0331903062761,
        "dmean2": 0.0519478358328,
        "dvar": 0.00104879844002,
        "dvar2": 0.00252879667096,
        "max": 0.50409579277,
        "mean": 0.156742617488,
        "median": 0.144129440188,
        "min": 0.0207151211798,
        "var": 0.00446934672073
    },
    "melbands_kurtosis": {
        "dmean": 12.6003780365,
        "dmean2": 21.0128650665,
        "dvar": 566.551635742,
        "dvar2": 1470.1640625,
        "max": 318.739562988,
        "mean": 17.1717948914,
        "median": 7.74183368683,
        "min": -1.82588398457,
        "var": 877.610473633
    },
    "melbands_skewness": {
        "dmean": 1.14513289928,
        "dmean2": 1.80117595196,
        "dvar": 1.87238800526,
        "dvar2": 4.59554481506,
        "max": 13.6719303131,
        "mean": 3.15759968758,
        "median": 2.721139431,
        "min": -1.94382047653,
        "var": 4.598695755
    },
    "melbands_spread": {
        "dmean": 16.0391540527,
        "dmean2": 24.7135124207,
        "dvar": 320.855895996,
        "dvar2": 696.081665039,
        "max": 226.970367432,
        "mean": 45.3413391113,
        "median": 37.8499488831,
        "min": 0.808596670628,
        "var": 1071.01367188
    },
    "pitch_salience": {
        "dmean": 0.0843179449439,
        "dmean2": 0.143566682935,
        "dvar": 0.00533714145422,
        "dvar2": 0.0144040016457,
        "max": 0.789746284485,
        "mean": 0.529533028603,
        "median": 0.536150455475,
        "min": 0.158011198044,
        "var": 0.010848059319
    },
    "silence_rate_20dB": {
        "dmean": 0,
        "dmean2": 0,
        "dvar": 0,
        "dvar2": 0,
        "max": 1,
        "mean": 1,
        "median": 1,
        "min": 1,
        "var": 0
    },
    "silence_rate_30dB": {
        "dmean": 0,
        "dmean2": 0,
        "dvar": 0,
        "dvar2": 0,
        "max": 1,
        "mean": 1,
        "median": 1,
        "min": 1,
        "var": 0
    },
    "silence_rate_60dB": {
        "dmean": 0.00696594407782,
        "dmean2": 0.013937282376,
        "dvar": 0.00691687967628,
        "dvar2": 0.0152919162065,
        "max": 1,
        "mean": 0.035589940846,
        "median": 0,
        "min": 0,
        "var": 0.0343231298029
    },
    "spectral_centroid": {
        "dmean": 379.211669922,
        "dmean2": 583.95123291,
        "dvar": 128150.859375,
        "dvar2": 275045.8125,
        "max": 4827.49951172,
        "mean": 2189.27319336,
        "median": 2200.53173828,
        "min": 169.322509766,
        "var": 566954.3125
    },
    "spectral_complexity": {
        "dmean": 4.51780176163,
        "dmean2": 6.83855962753,
        "dvar": 22.0880699158,
        "dvar2": 44.5913925171,
        "max": 52,
        "mean": 22.8618946075,
        "median": 22,
        "min": 0,
        "var": 143.073669434
    },
    "spectral_decrease": {
        "dmean": 2.78091527584e-09,
        "dmean2": 4.4380934483e-09,
        "dvar": 1.49175025526e-17,
        "dvar2": 3.78594412142e-17,
        "max": -6.97488535028e-14,
        "mean": -6.21892759511e-09,
        "median": -5.16450304744e-09,
        "min": -2.79248926205e-08,
        "var": 2.07127100718e-17
    },
    "spectral_energy": {
        "dmean": 0.0108887320384,
        "dmean2": 0.0172347258776,
        "dvar": 0.000216906060814,
        "dvar2": 0.000547932344489,
        "max": 0.106968596578,
        "mean": 0.0268630180508,
        "median": 0.0232118126005,
        "min": 2.9186284678e-07,
        "var": 0.000328859547153
    },
    "spectral_energyband_high": {
        "dmean": 0.00101411459036,
        "dmean2": 0.001363490941,
        "dvar": 1.70500152308e-06,
        "dvar2": 2.83392728306e-06,
        "max": 0.0191178973764,
        "mean": 0.00326725211926,
        "median": 0.00229961262085,
        "min": 1.95828797622e-09,
        "var": 1.06968072942e-05
    },
    "spectral_energyband_low": {
        "dmean": 0.00796974822879,
        "dmean2": 0.0133689790964,
        "dvar": 0.000210774989682,
        "dvar2": 0.000546112423763,
        "max": 0.0997079238296,
        "mean": 0.011322721839,
        "median": 0.00738745275885,
        "min": 1.23379138017e-07,
        "var": 0.000208252429729
    },
    "spectral_energyband_middle_high": {
        "dmean": 0.00197354145348,
        "dmean2": 0.00298979808576,
        "dvar": 1.16614637591e-05,
        "dvar2": 3.14969838655e-05,
        "max": 0.0568186827004,
        "mean": 0.00544999353588,
        "median": 0.00302778626792,
        "min": 5.60616264522e-08,
        "var": 4.55748486274e-05
    },
    "spectral_energyband_middle_low": {
        "dmean": 0.00451933778822,
        "dmean2": 0.00722648156807,
        "dvar": 4.55312183476e-05,
        "dvar2": 0.000109790766146,
        "max": 0.0571553818882,
        "mean": 0.00765904830769,
        "median": 0.00460077635944,
        "min": 3.18078896555e-08,
        "var": 7.09376399755e-05
    },
    "spectral_entropy": {
        "dmean": 0.129258453846,
        "dmean2": 0.189123049378,
        "dvar": 0.0219395514578,
        "dvar2": 0.0437593460083,
        "max": 8.65595340729,
        "mean": 7.9727897644,
        "median": 8.04734897614,
        "min": 5.84596538544,
        "var": 0.133089229465
    },
    "spectral_flux": {
        "dmean": 0.0291595198214,
        "dmean2": 0.0453601926565,
        "dvar": 0.00106031552423,
        "dvar2": 0.00224752840586,
        "max": 0.287644416094,
        "mean": 0.0959644317627,
        "median": 0.0886162295938,
        "min": 0.000540243345313,
        "var": 0.00234581204131
    },
    "spectral_kurtosis": {
        "dmean": 0.882607161999,
        "dmean2": 1.43689632416,
        "dvar": 2.05422973633,
        "dvar2": 5.38185977936,
        "max": 21.2774505615,
        "mean": 1.31143188477,
        "median": 0.767394304276,
        "min": -0.912850856781,
        "var": 4.00160312653
    },
    "spectral_rms": {
        "dmean": 0.000961082347203,
        "dmean2": 0.00147044833284,
        "dvar": 1.22312712847e-06,
        "dvar2": 2.90917796519e-06,
        "max": 0.0102156549692,
        "mean": 0.00481903366745,
        "median": 0.00475874682888,
        "min": 1.6874366338e-05,
        "var": 2.9846896723e-06
    },
    "spectral_rolloff": {
        "dmean": 1100.56945801,
        "dmean2": 1720.67053223,
        "dvar": 1855135.75,
        "dvar2": 3842352.75,
        "max": 9560.7421875,
        "mean": 3302.93725586,
        "median": 2799.31640625,
        "min": 86.1328125,
        "var": 6427100
    },
    "spectral_skewness": {
        "dmean": 0.164119631052,
        "dmean2": 0.249405622482,
        "dvar": 0.0370469652116,
        "dvar2": 0.0878655686975,
        "max": 3.69177222252,
        "mean": 0.844045817852,
        "median": 0.826895475388,
        "min": -0.330736815929,
        "var": 0.122015461326
    },
    "spectral_spread": {
        "dmean": 581871.9375,
        "dmean2": 831651.5,
        "dvar": 362277142528,
        "dvar2": 678945030144,
        "max": 10540563,
        "mean": 5501563.5,
        "median": 5590434.5,
        "min": 1670891.125,
        "var": 2.2485008384e+12
    },
    "spectral_strongpeak": {
        "dmean": 0.597729921341,
        "dmean2": 1.03570199013,
        "dvar": 1.27633857727,
        "dvar2": 3.27350020409,
        "max": 10.6450557709,
        "mean": 0.776043355465,
        "median": 0.292980164289,
        "min": 0.000423304329161,
        "var": 1.61485719681
    },
    "zerocrossingrate": {
        "dmean": 0.0174182616174,
        "dmean2": 0.0190889053047,
        "dvar": 0.000273656274658,
        "dvar2": 0.000303581473418,
        "max": 0.296875,
        "mean": 0.106528423727,
        "median": 0.09912109375,
        "min": 0.00439453125,
        "var": 0.00284821819514
    },
    "barkbands": {
        "dmean": [0.000171542269527, 0.00566340843216, 0.00300511345267, 0.00136309652589, 0.00229415483773, 0.00041391159175, 0.000354726566002, 0.000698429299518, 0.00072641344741, 0.000854316167533, 0.000153971835971, 0.000141504628118, 0.000211168648093, 0.000322863284964, 0.000349908455973, 0.000323940155795, 0.000312181917252, 0.000308775779558, 0.000192244740902, 0.000260377855739, 0.000230574180023, 0.000208392026252, 0.000253252481343, 0.000377950404072, 0.000148457460455, 1.46120910927e-07, 1.53321233487e-09],
        "dmean2": [0.000272652425338, 0.00983448699117, 0.00529867177829, 0.00232737115584, 0.00368292443454, 0.000681957055349, 0.000590093433857, 0.00114318716805, 0.00120368239004, 0.001458055689, 0.000247986841714, 0.000230987148825, 0.000339815451298, 0.000510177749675, 0.000548021111172, 0.000488489458803, 0.000496698892675, 0.000475964887301, 0.000303976179566, 0.000412558700191, 0.000371169910068, 0.000318371021422, 0.000372148962924, 0.000528918637428, 0.000217465683818, 2.38533147012e-07, 2.8721409695e-09],
        "dvar": [1.78521602834e-07, 0.000125565493363, 3.46967644873e-05, 4.88140312882e-06, 2.1271280275e-05, 1.66757797615e-06, 8.9333809683e-07, 7.10384119884e-06, 5.08754601469e-06, 1.02522744783e-05, 3.17066934485e-07, 1.30632201945e-07, 3.35164003218e-07, 8.11606071238e-07, 6.19543129687e-07, 5.62743480259e-07, 4.46841568191e-07, 3.6816066995e-07, 8.77575132563e-08, 1.53399582814e-07, 8.86498057184e-08, 8.59503046513e-08, 1.39995194104e-07, 3.29920823106e-07, 7.33244291951e-08, 9.90252530583e-14, 5.35750324372e-17],
        "dvar2": [4.09486261788e-07, 0.000341451348504, 9.95032023638e-05, 1.30485586851e-05, 4.94910709676e-05, 4.77853564007e-06, 2.20483866542e-06, 1.74301403604e-05, 1.32871728056e-05, 3.14673452522e-05, 6.97349264556e-07, 2.97444756825e-07, 7.06328989963e-07, 1.9580247681e-06, 1.51496351464e-06, 1.17523666177e-06, 9.70338305706e-07, 8.38542121073e-07, 2.1086508184e-07, 3.57129550821e-07, 2.1910547332e-07, 1.88363657116e-07, 2.90717281359e-07, 6.27250926755e-07, 1.55729182438e-07, 2.5723344353e-13, 1.61105176877e-16],
        "max": [0.00381739716977, 0.0872400999069, 0.0533997863531, 0.01609666273, 0.0406107157469, 0.0416061729193, 0.0218661073595, 0.0536915920675, 0.0440767109394, 0.0452147014439, 0.018351752311, 0.0117568541318, 0.0119407186285, 0.0190189257264, 0.0200305767357, 0.0137703549117, 0.0171467922628, 0.00939289294183, 0.0065978160128, 0.00672172708437, 0.00419142330065, 0.0049921926111, 0.00673919031397, 0.00904607400298, 0.00431380374357, 4.52783478977e-06, 2.44224708013e-07],
        "mean": [0.000178402333404, 0.00672404421493, 0.0037745248992, 0.00152462045662, 0.00259817903861, 0.00062739988789, 0.000532122852746, 0.00100952270441, 0.00103914737701, 0.00114775809925, 0.000215482345084, 0.000220145084313, 0.00031847882201, 0.000466463097837, 0.000606217130553, 0.000556266750209, 0.000612862291746, 0.00063995399978, 0.000447972124675, 0.000671806046739, 0.000544325215742, 0.000473353196867, 0.000655619020108, 0.000979671138339, 0.000298447499517, 2.24856464115e-07, 1.15187315242e-09],
        "median": [4.78685215057e-05, 0.00378857576288, 0.00245385151356, 0.000812555837911, 0.000987320905551, 0.000301731808577, 0.0002298639738, 0.000307670881739, 0.000361523445463, 8.98775761016e-05, 7.21533870092e-05, 5.5871438235e-05, 7.1132380981e-05, 0.000137724797241, 0.000275064550806, 0.000278100953437, 0.000388902466511, 0.000233084589127, 0.000285313348286, 0.000388209649827, 0.000398703239625, 0.000300733809127, 0.000332023424562, 0.000548049050849, 0.000150915337144, 9.39066922001e-08, 4.11850942239e-10],
        "min": [4.72933514573e-09, 9.40159878837e-08, 1.84461494968e-08, 7.82909559405e-09, 1.13855076478e-08, 8.59567972356e-10, 1.72232561546e-09, 7.09499126117e-10, 9.06650932109e-09, 2.08630202003e-09, 4.71107985955e-10, 4.26233243145e-10, 3.73399922093e-10, 1.68214975282e-09, 2.97036684138e-09, 1.1018010504e-08, 7.90677923135e-09, 1.52806789444e-09, 2.09096562287e-09, 1.93330329523e-09, 8.87738327293e-10, 3.14767656384e-10, 7.36472202667e-11, 5.44639645883e-11, 6.6963990776e-12, 2.6337042356e-12, 2.62267811635e-12],
        "var": [1.76751711933e-07, 0.000103071150079, 2.78580646409e-05, 4.47195179731e-06, 2.28684311878e-05, 1.87587681921e-06, 1.30977093704e-06, 1.18439256767e-05, 6.15132466919e-06, 1.75195982592e-05, 5.26956966951e-07, 3.43792038393e-07, 6.4526142296e-07, 1.29459772324e-06, 1.14431441034e-06, 1.1098233017e-06, 8.08582001355e-07, 1.06749052975e-06, 2.65821114454e-07, 6.77197931509e-07, 2.89840386358e-07, 2.76033546243e-07, 7.17418970453e-07, 1.42140618209e-06, 2.09597189382e-07, 1.58037821653e-13, 2.81202927826e-17]
    },
    "erbbands": {
        "dmean": [0.135943308473, 1.41174554825, 3.43333268166, 3.74341988564, 9.60669517517, 4.93920278549, 3.8792116642, 3.08351039886, 3.75273990631, 8.17140674591, 17.2563896179, 14.399181366, 24.536649704, 18.7880744934, 5.56452465057, 5.94574785233, 8.93989181519, 14.7428541183, 17.6315402985, 15.6092996597, 16.8163013458, 17.2716999054, 17.0242710114, 10.4752397537, 10.2401266098, 12.9852972031, 8.60901546478, 9.45369529724, 7.57930326462, 7.40390586853, 7.38895702362, 7.86217403412, 6.64275884628, 3.00049352646, 0.239930734038, 0.0100991465151, 0.000475367123727, 5.86256355746e-05, 1.50205605678e-05, 1.41743557833e-05],
        "dmean2": [0.229482263327, 2.48537397385, 5.99894142151, 6.51788043976, 15.333366394, 8.2403087616, 6.51319932938, 4.98830509186, 6.19739580154, 13.3094043732, 28.0366153717, 23.7267932892, 40.6796379089, 31.7782592773, 8.9163312912, 9.43929004669, 14.2538957596, 22.8787651062, 27.806438446, 23.7724342346, 25.3727550507, 26.7722873688, 26.0755386353, 16.6358375549, 15.9520874023, 20.5459270477, 13.7976465225, 15.1037445068, 11.7431716919, 11.1467466354, 10.7793550491, 11.040678978, 9.65279579163, 4.36848163605, 0.355434089899, 0.0148416236043, 0.000667487562168, 8.00165071269e-05, 2.05023443414e-05, 2.13928578887e-05],
        "dvar": [0.0825597494841, 7.45232963562, 39.1569862366, 51.626033783, 414.674621582, 74.9437789917, 113.129737854, 62.5032272339, 98.4707870483, 499.105255127, 4471.38720703, 2632.92236328, 7152.56640625, 6674.03417969, 433.544891357, 275.161376953, 611.309753418, 1669.08666992, 1613.14086914, 1520.3807373, 1374.4029541, 1265.80810547, 1183.76403809, 367.518157959, 212.255279541, 423.205413818, 120.121749878, 161.682662964, 122.486549377, 123.683929443, 115.428565979, 140.01133728, 112.918731689, 30.6527786255, 0.205487847328, 0.000355765892891, 6.94168988957e-07, 9.24981069517e-09, 4.28758556437e-10, 2.96500324293e-10],
        "dvar2": [0.21641074121, 20.8222866058, 110.903007507, 143.338973999, 958.644958496, 188.657928467, 332.866516113, 153.880172729, 230.6668396, 1308.6842041, 10819.2158203, 7135.74755859, 20224.3652344, 21380.4609375, 921.44909668, 586.045776367, 1335.59448242, 3658.14257812, 4328.73730469, 3076.56420898, 2762.42480469, 2916.58447266, 2616.78051758, 902.859008789, 490.288482666, 988.717468262, 297.134094238, 394.104797363, 267.603027344, 284.706848145, 238.025726318, 262.371551514, 235.890655518, 64.4393310547, 0.448074758053, 0.00075779191684, 1.36897915581e-06, 1.71319793907e-08, 7.60252361065e-10, 6.89586332481e-10],
        "max": [2.43186044693, 21.5629329681, 53.276348114, 66.9889831543, 159.631530762, 81.9078140259, 320.437316895, 189.309494019, 303.80380249, 359.408813477, 1354.10217285, 1365.22277832, 1628.15161133, 1313.24414062, 721.561950684, 587.55065918, 437.569702148, 1135.47583008, 643.412414551, 851.530578613, 769.215698242, 856.108215332, 592.238464355, 505.311309814, 211.376754761, 365.32824707, 187.323867798, 217.610778809, 185.098983765, 183.66116333, 208.147277832, 191.242980957, 181.984680176, 93.3315582275, 6.02674722672, 0.264352977276, 0.0131226507947, 0.00158667762298, 0.00034097477328, 0.000143897676026],
        "mean": [0.160017430782, 1.61945319176, 4.46131229401, 4.65111732483, 9.9025850296, 6.02016973495, 5.552318573, 4.76055192947, 5.38358259201, 12.7363300323, 25.6717414856, 21.2873210907, 34.915599823, 26.3033161163, 8.77898979187, 9.70102405548, 14.1413831711, 23.0534801483, 30.5605983734, 30.0560665131, 31.7082576752, 35.9138793945, 36.0324134827, 23.8010902405, 26.4773960114, 32.8896408081, 20.7348804474, 22.6208934784, 16.8565616608, 16.5827121735, 18.7367210388, 20.3791484833, 15.8729114532, 6.45181465149, 0.494154781103, 0.021467840299, 0.00113692786545, 0.00015444442397, 4.87450597575e-05, 4.40959447587e-05],
        "median": [0.0677270367742, 0.943187475204, 2.89960408211, 2.98676538467, 2.93928456306, 3.07784104347, 2.90325546265, 2.23270583153, 2.46413493156, 5.62902021408, 8.0306558609, 8.0417509079, 5.67840480804, 2.93491435051, 2.9202401638, 2.55957508087, 3.58878970146, 6.6886510849, 14.036945343, 15.6184043884, 17.9960002899, 22.5296020508, 13.5541715622, 13.3572044373, 16.6220569611, 18.3336963654, 15.4657487869, 16.3054523468, 10.9777765274, 8.83971405029, 9.9574432373, 10.6277914047, 8.81620597839, 3.33731150627, 0.237834945321, 0.0105329779908, 0.000614547519945, 8.96626370377e-05, 3.75151648768e-05, 3.96243631258e-05],
        "min": [2.09689915209e-06, 2.25039912038e-05, 3.17697704304e-05, 3.25908149534e-05, 4.23988858529e-05, 2.05528467632e-05, 1.38089681059e-05, 8.74659963301e-06, 2.38771226577e-05, 1.54022636707e-05, 7.6469812484e-05, 0.000217031207285, 3.87387881347e-05, 7.64727010392e-05, 1.81524992513e-05, 2.08976289287e-05, 2.31493122556e-05, 8.957983664e-05, 5.79180486966e-05, 0.000285448564682, 0.000485121418023, 0.000380255689379, 0.000112425113912, 0.000127473947941, 5.91271164012e-05, 8.6341824499e-05, 4.58262438769e-05, 2.43517733907e-05, 1.3691355889e-05, 4.31201442552e-06, 2.31042440646e-06, 1.16800185879e-06, 7.42126701425e-07, 1.46824504554e-07, 2.50012810454e-08, 1.07728856946e-08, 5.5356990103e-09, 1.99771399423e-09, 5.2471271772e-10, 4.03296868123e-10],
        "var": [0.0717642009258, 5.8370642662, 33.7509689331, 39.9800338745, 437.667877197, 78.1934127808, 115.188591003, 94.5860214233, 145.782348633, 655.572631836, 7375.29980469, 2493.62744141, 12314.6679688, 10960.4052734, 677.999450684, 726.067565918, 1073.00317383, 3374.51831055, 2817.26293945, 3739.65405273, 2775.70776367, 2426.71362305, 3270.08813477, 972.802612305, 902.297363281, 1770.62866211, 400.867950439, 527.352539062, 353.275146484, 413.977600098, 556.30670166, 681.464477539, 381.71661377, 89.88671875, 0.577128767967, 0.00104313844349, 2.45823093792e-06, 3.84182818891e-08, 2.04143746352e-09, 7.73282049504e-10]
    },
    "gfcc": {
        "mean": [9.53925132751, 80.0672302246, -128.285919189, 81.6015548706, -72.8422012329, 32.372631073, -41.147819519, 15.8586816788, -6.42328119278, -11.1816358566, -6.50268745422, -24.528093338, 4.39577198029],
        "cov": [[4219.28564453, -1067.49633789, -109.213539124, -21.8530883789, -502.018035889, 330.486846924, -309.483154297, 15.0048666, -269.536621094, 43.2330513, -50.0218849182, -22.489982605, -69.6960678101], [-1067.49633789, 1197.86486816, -286.412963867, -193.172363281, 385.487579346, -298.14151001, 318.739959717, -52.6419181824, 84.9844818115, -107.868759155, 108.020980835, -45.3016052246, 22.9104366302], [-109.213539124, -286.412963867, 666.160583496, 227.775863647, -137.315032959, 161.438949585, -129.825469971, -12.4794311523, 4.88675022125, 68.6359176636, -53.0441665649, 2.61239552498, -23.8867931366], [-21.8530883789, -193.172363281, 227.775863647, 266.181549072, -4.23762464523, -4.84072399139, -62.9244613647, -15.003405571, 30.7787532806, 12.530620575, -31.2525005341, 15.5163698196, 3.20822691917], [-502.018035889, 385.487579346, -137.315032959, -4.23762464523, 339.428588867, -87.0101089478, 104.767799377, 19.1028556824, 42.68019104, -37.8620872498, 22.7226333618, -15.0882892609, 30.6468601227], [330.486846924, -298.14151001, 161.438949585, -4.84072399139, -87.0101089478, 282.692962646, -8.27046394348, -9.62247753143, -54.8077774048, 37.9479026794, -30.6246032715, -4.03434991837, -11.0380296707], [-309.483154297, 318.739959717, -129.825469971, -62.9244613647, 104.767799377, -8.27046394348, 253.806182861, -4.74620723724, 14.9314126968, -32.8860054016, 35.8452377319, -14.0251655579, 1.36701345444], [15.0048666, -52.6419181824, -12.4794311523, -15.003405571, 19.1028556824, -9.62247753143, -4.74620723724, 142.188537598, 36.8248558044, 28.688533783, -2.58262372017, -1.10278367996, 7.90789031982], [-269.536621094, 84.9844818115, 4.88675022125, 30.7787532806, 42.68019104, -54.8077774048, 14.9314126968, 36.8248558044, 143.696502686, 42.6368293762, -1.30836713314, -8.73792362213, 1.29210782051], [43.2330513, -107.868759155, 68.6359176636, 12.530620575, -37.8620872498, 37.9479026794, -32.8860054016, 28.688533783, 42.6368293762, 98.4061355591, 9.73937797546, -4.68493318558, -6.29397249222], [-50.0218849182, 108.020980835, -53.0441665649, -31.2525005341, 22.7226333618, -30.6246032715, 35.8452377319, -2.58262372017, -1.30836713314, 9.73937797546, 74.8610076904, 25.2231636047, -2.19341826439], [-22.489982605, -45.3016052246, 2.61239552498, 15.5163698196, -15.0882892609, -4.03434991837, -14.0251655579, -1.10278367996, -8.73792362213, -4.68493318558, 25.2231636047, 60.7284927368, 24.2808876038], [-69.6960678101, 22.9104366302, -23.8867931366, 3.20822691917, 30.6468601227, -11.0380296707, 1.36701345444, 7.90789031982, 1.29210782051, -6.29397249222, -2.19341826439, 24.2808876038, 55.5429077148]],
        "icov": [[0.000433720764704, -5.73996658204e-05, 0.000573510536924, -0.000537056883331, 0.000584892579354, -0.000619044643827, 0.000533268728759, -0.000334366050083, 0.00060847424902, -3.83286642318e-05, -0.000333100440912, 0.000622364983428, 0.000130589934997], [-5.73996658204e-05, 0.00673629902303, -0.00350538524799, 0.00614618277177, -0.00439084693789, 0.00597919896245, -0.00474884128198, 0.00374191137962, -0.00314869359136, 0.00441373232752, -0.00619160151109, 0.00581217417493, -0.00372999277897], [0.000573510536924, -0.00350538524799, 0.00551909580827, -0.00622426578775, 0.00348051637411, -0.00529953511432, 0.00368405552581, -0.00231566326693, 0.00223414157517, -0.00302839907818, 0.00283950334415, -0.00190467410721, 0.00271365349181], [-0.000537056883331, 0.00614618277177, -0.00622426578775, 0.0127739366144, -0.00566453067586, 0.00750146619976, -0.00460410071537, 0.00475553562865, -0.00438751839101, 0.00368942599744, -0.00215103221126, 0.00109634746332, -0.00261529185809], [0.000584892579354, -0.00439084693789, 0.00348051637411, -0.00566453067586, 0.00809112656862, -0.00443739397451, 0.00274573173374, -0.00344222201966, 0.00159976666328, -0.000854062789585, 0.00102073326707, 0.000636725162622, -0.000926705251914], [-0.000619044643827, 0.00597919896245, -0.00529953511432, 0.00750146619976, -0.00443739397451, 0.012027669698, -0.00650662602857, 0.00403357110918, -0.000465130637167, 0.00011116960377, -0.000959917961154, 0.00214213179424, -0.00248190900311], [0.000533268728759, -0.00474884128198, 0.00368405552581, -0.00460410071537, 0.00274573173374, -0.00650662602857, 0.00981083326042, -0.00283126044087, 0.00105920212809, -9.13766780286e-05, -0.000154076056788, -0.000447684113169, 0.00198646215722], [-0.000334366050083, 0.00374191137962, -0.00231566326693, 0.00475553562865, -0.00344222201966, 0.00403357110918, -0.00283126044087, 0.0104344012216, -0.00347262038849, -3.78712502425e-05, -0.00158641929738, 0.00173325662035, -0.0026924633421], [0.00060847424902, -0.00314869359136, 0.00223414157517, -0.00438751839101, 0.00159976666328, -0.000465130637167, 0.00105920212809, -0.00347262038849, 0.0134479450062, -0.00891414657235, 0.0058637438342, -0.0029200669378, 0.00295486720279], [-3.83286642318e-05, 0.00441373232752, -0.00302839907818, 0.00368942599744, -0.000854062789585, 0.00011116960377, -9.13766780286e-05, -3.78712502425e-05, -0.00891414657235, 0.0215894319117, -0.0132019380108, 0.0101861348376, -0.00520364800468], [-0.000333100440912, -0.00619160151109, 0.00283950334415, -0.00215103221126, 0.00102073326707, -0.000959917961154, -0.000154076056788, -0.00158641929738, 0.0058637438342, -0.0132019380108, 0.0323887057602, -0.0228515658528, 0.0125933475792], [0.000622364983428, 0.00581217417493, -0.00190467410721, 0.00109634746332, 0.000636725162622, 0.00214213179424, -0.000447684113169, 0.00173325662035, -0.0029200669378, 0.0101861348376, -0.0228515658528, 0.0386033765972, -0.0192161910236], [0.000130589934997, -0.00372999277897, 0.00271365349181, -0.00261529185809, -0.000926705251914, -0.00248190900311, 0.00198646215722, -0.0026924633421, 0.00295486720279, -0.00520364800468, 0.0125933475792, -0.0192161910236, 0.0296165402979]]
    },
    "melbands": {
        "dmean": [0.00139206240419, 0.00179852289148, 0.000823792652227, 0.000560023298021, 0.000138293427881, 7.12453038432e-05, 6.08445734542e-05, 0.000100652512629, 0.000138102594065, 9.61819168879e-05, 0.000127249470097, 8.54103782331e-05, 2.05228643608e-05, 1.52818993229e-05, 1.77342626557e-05, 2.35551669903e-05, 2.95836052828e-05, 2.99456569337e-05, 2.44988732447e-05, 2.27258315135e-05, 2.08833771467e-05, 2.11600254261e-05, 1.59739574883e-05, 1.64469929587e-05, 8.6936097432e-06, 7.73186820879e-06, 9.36571541388e-06, 9.25848053157e-06, 5.76985939915e-06, 7.26118742023e-06, 5.57734620088e-06, 4.86692579216e-06, 4.1490447984e-06, 4.29135570812e-06, 4.6385157475e-06, 5.08427592649e-06, 5.42334419151e-06, 5.26290796188e-06, 4.20273318014e-06, 2.209288823e-06],
        "dmean2": [0.00237386743538, 0.00312846922316, 0.00139164249413, 0.000903640466277, 0.000233340164414, 0.00011593785166, 0.000100909026514, 0.000164475932252, 0.000222881586524, 0.000158839000505, 0.000210965023143, 0.000144522055052, 3.25410583173e-05, 2.51508372457e-05, 2.82388082269e-05, 3.65650703316e-05, 4.65376397187e-05, 4.82210161863e-05, 3.82079742849e-05, 3.45423322869e-05, 3.19573227898e-05, 3.3657928725e-05, 2.4675806344e-05, 2.55667746387e-05, 1.40809524964e-05, 1.22944447867e-05, 1.43967345139e-05, 1.48472990986e-05, 9.27952441998e-06, 1.17061672427e-05, 8.92812477105e-06, 7.77373043093e-06, 6.40520329398e-06, 6.55906796965e-06, 6.92823641657e-06, 7.49518039811e-06, 7.86212967796e-06, 7.91878483142e-06, 6.19190177531e-06, 3.3126643757e-06],
        "dvar": [8.05251875136e-06, 1.03180409496e-05, 1.87077353075e-06, 1.37306653869e-06, 9.11892641398e-08, 3.58925760224e-08, 2.59631907085e-08, 8.80887469634e-08, 2.42221290137e-07, 1.15427866376e-07, 1.89716317323e-07, 1.43932851415e-07, 6.30100238652e-09, 1.61363467033e-09, 2.0107846499e-09, 4.26245128082e-09, 7.00247060337e-09, 5.83132431231e-09, 4.01195521249e-09, 3.33114114071e-09, 2.24942175997e-09, 2.41619946273e-09, 8.09899647347e-10, 1.60393753834e-09, 2.7992805296e-10, 1.17943765865e-10, 1.80325532284e-10, 2.39244679623e-10, 6.25406532118e-11, 9.88486514863e-11, 5.96473703762e-11, 5.24745490116e-11, 3.52919048152e-11, 4.32790331351e-11, 4.69116100132e-11, 6.31223823211e-11, 6.80446810009e-11, 7.62925833619e-11, 4.59920088125e-11, 1.9300299206e-11],
        "dvar2": [2.1632966309e-05, 2.85220394289e-05, 4.89790454594e-06, 3.22990808854e-06, 2.6416938681e-07, 9.35427948434e-08, 6.15263502368e-08, 2.32894237229e-07, 5.84394172165e-07, 3.08443759423e-07, 5.39561824553e-07, 4.62414817548e-07, 1.33264004276e-08, 4.02455446746e-09, 4.29473345775e-09, 9.09832831297e-09, 1.55833799198e-08, 1.58964823527e-08, 9.50665235422e-09, 6.91850310375e-09, 4.6535251208e-09, 5.61380675279e-09, 1.79182091387e-09, 3.82624509854e-09, 7.12089553989e-10, 2.88103735313e-10, 4.18612422504e-10, 5.91569959685e-10, 1.64699434646e-10, 2.65407501532e-10, 1.50767814899e-10, 1.19991308556e-10, 8.14184691889e-11, 1.0270784917e-10, 1.0287434099e-10, 1.28746277528e-10, 1.41993333758e-10, 1.70662983745e-10, 9.5626971619e-11, 4.3846336284e-11],
        "max": [0.023069858551, 0.0256091561168, 0.0104908645153, 0.0100049609318, 0.00858229864389, 0.00526191946119, 0.00471732672304, 0.00546238943934, 0.00964497122914, 0.00848461035639, 0.00815870054066, 0.00624300166965, 0.00264728930779, 0.000979759613983, 0.000971199246123, 0.00154241803102, 0.00214523565955, 0.0014716964215, 0.00207489542663, 0.00127554940991, 0.00109414604958, 0.00127507781144, 0.000395255250623, 0.0007022714708, 0.000477515306557, 0.000211162579944, 0.00020129531913, 0.00029528819141, 0.000165422796272, 0.000131787062855, 0.000146665333887, 0.000115777904284, 8.88996728463e-05, 0.000104661397927, 0.000115029186418, 0.000157406160724, 0.000119290605653, 0.00016110103752, 0.000117070267152, 7.83487121225e-05],
        "mean": [0.00165926385671, 0.00234721088782, 0.00101157382596, 0.000608105910942, 0.000198632536922, 0.000109479587991, 8.91669260454e-05, 0.000152096341481, 0.000204475480132, 0.0001375197171, 0.000179190043127, 0.000115792892757, 2.99360835925e-05, 2.35236784647e-05, 2.60149754467e-05, 3.5972592741e-05, 4.25839934906e-05, 4.74785083497e-05, 4.3247375288e-05, 3.88665903301e-05, 3.60239318979e-05, 3.89619162888e-05, 3.15288452839e-05, 3.13881391776e-05, 1.73450880538e-05, 1.78338177648e-05, 2.21464415517e-05, 2.15226482396e-05, 1.21269458759e-05, 1.46207294165e-05, 1.24323441923e-05, 9.7230731626e-06, 8.66275877343e-06, 9.09795835469e-06, 1.03452339317e-05, 1.22855044538e-05, 1.25689684864e-05, 1.16462242659e-05, 9.14789325179e-06, 4.16136799686e-06],
        "median": [0.000866143440362, 0.00151576951612, 0.000570052943658, 0.000216017855564, 0.00011370710854, 5.16276122653e-05, 4.04098100262e-05, 6.40428843326e-05, 6.25289030722e-05, 4.78916626889e-05, 2.60139859165e-05, 1.03884649434e-05, 1.0483465303e-05, 4.94464211442e-06, 6.93684341968e-06, 8.15683506517e-06, 1.08391268441e-05, 1.89880847756e-05, 1.99134283321e-05, 1.84650762094e-05, 2.0255567506e-05, 2.35325296671e-05, 1.36600056067e-05, 1.07602791104e-05, 9.68919721345e-06, 1.12587249532e-05, 1.22929086501e-05, 1.16833343782e-05, 8.06877051218e-06, 9.70620567387e-06, 8.90140381671e-06, 6.11357927482e-06, 5.07668482896e-06, 4.57060150438e-06, 5.54499138161e-06, 5.74913292439e-06, 6.48736431685e-06, 6.31197281109e-06, 5.11247299073e-06, 1.95029883798e-06],
        "min": [2.32352146412e-08, 2.2454633708e-08, 5.63121060893e-09, 2.56109999874e-09, 6.00808736095e-10, 1.79506937092e-10, 3.76016578985e-10, 1.23261831297e-10, 1.00379571322e-09, 1.21016741073e-09, 1.50378126618e-10, 3.29990784698e-10, 5.80160537667e-11, 5.74878825099e-11, 3.13355175141e-11, 3.65226945909e-11, 1.90596038951e-10, 6.00588051514e-11, 2.58946503129e-10, 2.58091048533e-10, 5.09547959382e-10, 4.50674997321e-10, 1.76022071918e-10, 7.03476235597e-11, 1.12824916076e-10, 6.18144632702e-11, 3.58349426521e-11, 6.76578446046e-11, 3.09627427864e-11, 1.82353802197e-11, 1.10285556729e-11, 7.13918420908e-12, 5.33918395607e-12, 1.42170769515e-12, 1.61778739276e-12, 6.47592331322e-13, 7.41932665478e-13, 5.5291920131e-13, 3.6443385202e-13, 4.39396206865e-14],
        "var": [6.76167428537e-06, 9.09312166186e-06, 1.74259491814e-06, 1.42068665809e-06, 1.01516448581e-07, 5.02107226907e-08, 3.86923026952e-08, 1.2008898409e-07, 4.01323774213e-07, 1.19527030051e-07, 3.31966646172e-07, 2.34964090851e-07, 1.02520951728e-08, 3.96988975027e-09, 3.80897668961e-09, 8.53045278859e-09, 1.28651089781e-08, 8.64410765189e-09, 7.01288049854e-09, 6.92743018504e-09, 4.13311340708e-09, 3.71862185489e-09, 2.2137867095e-09, 3.49075079953e-09, 5.69013502982e-10, 4.16792211855e-10, 7.39628025492e-10, 8.2955092795e-10, 1.69869618372e-10, 2.59423565963e-10, 1.69644118198e-10, 1.2810481842e-10, 1.02907071753e-10, 1.37116873411e-10, 1.74810027564e-10, 2.98349678296e-10, 2.57654592106e-10, 2.1315797738e-10, 1.49311785158e-10, 4.55281853884e-11]
    },
    "mfcc": {
        "mean": [-610.073913574, 70.2585144043, 19.6890525818, 33.6193466187, 16.49259758, 5.22563314438, -0.00154289964121, 6.58660030365, 11.624256134, 12.9886465073, -0.933003306389, 2.359115839, -6.23273992538],
        "cov": [[4375.24902344, -1042.02062988, 44.201423645, -412.444366455, -144.474502563, -27.1097831726, 12.2477502823, -105.154556274, -198.717773438, 3.99445199966, -61.9522476196, -106.925613403, -142.858917236], [-1042.02062988, 1265.93444824, -546.594665527, 148.372375488, -43.613483429, -75.8622512817, 137.426208496, 73.990776062, 26.7397956848, -23.8033218384, 83.6131057739, 48.2983818054, -36.747379303], [44.201423645, -546.594665527, 814.368713379, -37.5136489868, 50.7670516968, 134.370742798, -85.1353302002, -59.9263267517, -7.4935760498, 12.3417625427, -35.4743690491, 7.66153478622, 62.9585609436], [-412.444366455, 148.372375488, -37.5136489868, 323.584777832, 68.9532165527, -45.5436096191, -41.3662605286, 16.3780059814, 31.6261482239, -13.2793607712, -1.03721892834, 15.0537033081, 33.2326202393], [-144.474502563, -43.613483429, 50.7670516968, 68.9532165527, 215.03112793, -3.43713831902, -35.9716262817, -14.2946395874, 37.1854324341, 1.69140505791, -12.0266065598, -1.20253622532, 18.2547149658], [-27.1097831726, -75.8622512817, 134.370742798, -45.5436096191, -3.43713831902, 201.40234375, 48.877532959, 2.4364938736, 0.406886577606, 5.52910757065, -4.27620458603, -16.4371490479, -11.7803382874], [12.2477502823, 137.426208496, -85.1353302002, -41.3662605286, -35.9716262817, 48.877532959, 177.194595337, 52.1150817871, -13.003484726, -19.0867443085, 17.6664543152, -10.1142024994, -29.3415851593], [-105.154556274, 73.990776062, -59.9263267517, 16.3780059814, -14.2946395874, 2.4364938736, 52.1150817871, 92.0919876099, 21.2536258698, -7.9531621933, 1.69791722298, 0.789634168148, -1.61609148979], [-198.717773438, 26.7397956848, -7.4935760498, 31.6261482239, 37.1854324341, 0.406886577606, -13.003484726, 21.2536258698, 106.777984619, 48.380607605, 10.4393854141, -1.42996060848, 18.4465808868], [3.99445199966, -23.8033218384, 12.3417625427, -13.2793607712, 1.69140505791, 5.52910757065, -19.0867443085, -7.9531621933, 48.380607605, 95.3869934082, 32.6898536682, 3.45511102676, 4.75952768326], [-61.9522476196, 83.6131057739, -35.4743690491, -1.03721892834, -12.0266065598, -4.27620458603, 17.6664543152, 1.69791722298, 10.4393854141, 32.6898536682, 77.1912078857, 31.9323577881, -0.967737913132], [-106.925613403, 48.2983818054, 7.66153478622, 15.0537033081, -1.20253622532, -16.4371490479, -10.1142024994, 0.789634168148, -1.42996060848, 3.45511102676, 31.9323577881, 75.0242233276, 32.5866851807], [-142.858917236, -36.747379303, 62.9585609436, 33.2326202393, 18.2547149658, -11.7803382874, -29.3415851593, -1.61609148979, 18.4465808868, 4.75952768326, -0.967737913132, 32.5866851807, 84.0736236572]],
