{
"lowlevel": {
    "average_loudness": 0.961168706417,
    "barkbands_crest": {
        "dmean": 1.90206968784,
        "dmean2": 2.91785740852,
        "dvar": 3.75411701202,
        "dvar2": 9.03342151642,
        "max": 24.6504707336,
        "mean": 10.7778234482,
        "median": 10.1662502289,
        "min": 4.07648849487,
        "var": 12.9219913483
    },
    "barkbands_flatness_db": {
        "dmean": 0.0184765364975,
        "dmean2": 0.0280194617808,
        "dvar": 0.000355202530045,
        "dvar2": 0.000761409697589,
        "max": 0.431516736746,
        "mean": 0.240415289998,
        "median": 0.237271040678,
        "min": 0.104537628591,
        "var": 0.00133988133166
    },
    "barkbands_kurtosis": {
        "dmean": 2.23996162415,
        "dmean2": 3.31011557579,
        "dvar": 19.2593955994,
        "dvar2": 40.9576797485,
        "max": 94.0841827393,
        "mean": 4.06230735779,
        "median": 2.13381719589,
        "min": -1.69386696815,
        "var": 56.1003379822
    },
    "barkbands_skewness": {
        "dmean": 0.412651985884,
        "dmean2": 0.588560819626,
        "dvar": 0.256152659655,
        "dvar2": 0.496560841799,
        "max": 7.60936546326,
        "mean": 1.27848541737,
        "median": 1.13791680336,
        "min": -3.21221852303,
        "var": 1.00488829613
    },
    "barkbands_spread": {
        "dmean": 1.70990264416,
        "dmean2": 2.34693360329,
        "dvar": 5.60352182388,
        "dvar2": 10.4480638504,
        "max": 56.7884407043,
        "mean": 9.13697242737,
        "median": 8.38177680969,
        "min": 0.726749122143,
        "var": 23.5846309662
    },
    "dissonance": {
        "dmean": 0.0334094688296,
        "dmean2": 0.0552677959204,
        "dvar": 0.000885248940904,
        "dvar2": 0.00226193689741,
        "max": 0.497065275908,
        "mean": 0.39346191287,
        "median": 0.400631636381,
        "min": 0.154549747705,
        "var": 0.00248787482269
    },
    "dynamic_complexity": 1.59765434265,
    "erbbands_crest": {
        "dmean": 2.49338674545,
        "dmean2": 3.72702741623,
        "dvar": 6.85606241226,
        "dvar2": 14.5037946701,
        "max": 33.9387207031,
        "mean": 13.6833362579,
        "median": 12.6047906876,
        "min": 3.87556886673,
        "var": 26.8391170502
    },
    "erbbands_flatness_db": {
        "dmean": 0.0151168443263,
        "dmean2": 0.0206941738725,
        "dvar": 0.000258395797573,
        "dvar2": 0.000456528534414,
        "max": 0.421369343996,
        "mean": 0.272564172745,
        "median": 0.272021561861,
        "min": 0.144948795438,
        "var": 0.00136710784864
    },
    "erbbands_kurtosis": {
        "dmean": 1.33129048347,
        "dmean2": 1.95858192444,
        "dvar": 5.94616031647,
        "dvar2": 11.253657341,
        "max": 70.3619384766,
        "mean": 2.16819405556,
        "median": 1.27602148056,
        "min": -1.57466888428,
        "var": 18.7047233582
    },
    "erbbands_skewness": {
        "dmean": 0.350001007318,
        "dmean2": 0.483746856451,
        "dvar": 0.140143185854,
        "dvar2": 0.244138851762,
        "max": 5.57092618942,
        "mean": 0.716740787029,
        "median": 0.706384122372,
        "min": -5.89669895172,
        "var": 0.711427390575
    },
    "erbbands_spread": {
        "dmean": 3.24079036713,
        "dmean2": 4.61625385284,
        "dvar": 15.4378433228,
        "dvar2": 32.6721916199,
        "max": 75.2262954712,
        "mean": 17.0540370941,
        "median": 15.6993026733,
        "min": 1.27186405659,
        "var": 61.1066970825
    },
    "hfc": {
        "dmean": 3.76741933823,
        "dmean2": 5.1778345108,
        "dvar": 15.30260849,
        "dvar2": 29.7468967438,
        "max": 69.9267654419,
        "mean": 19.8837718964,
        "median": 19.2670192719,
        "min": 0.00041486142436,
        "var": 94.7481842041
    },
    "melbands_crest": {
        "dmean": 2.52905011177,
        "dmean2": 3.83825802803,
        "dvar": 7.16831731796,
        "dvar2": 16.9717559814,
        "max": 32.1454658508,
        "mean": 14.3374710083,
        "median": 13.3431587219,
        "min": 4.9081788063,
        "var": 24.8639850616
    },
    "melbands_flatness_db": {
        "dmean": 0.0191450957209,
        "dmean2": 0.0271998383105,
        "dvar": 0.000466085621156,
        "dvar2": 0.000941047735978,
        "max": 0.484308898449,
        "mean": 0.272176384926,
        "median": 0.271546840668,
        "min": 0.0717616006732,
        "var": 0.00201715831645
    },
    "melbands_kurtosis": {
        "dmean": 3.0583896637,
        "dmean2": 4.59643507004,
        "dvar": 51.9068069458,
        "dvar2": 115.41191864,
        "max": 130.38760376,
        "mean": 5.7657957077,
        "median": 3.29272413254,
        "min": -1.80192291737,
        "var": 101.890983582
    },
    "melbands_skewness": {
        "dmean": 0.442800790071,
        "dmean2": 0.643761336803,
        "dvar": 0.353518366814,
        "dvar2": 0.730291247368,
        "max": 9.51969432831,
        "mean": 1.46334302425,
        "median": 1.30554819107,
        "min": -2.09258770943,
        "var": 1.08362090588
    },
    "melbands_spread": {
        "dmean": 2.71418857574,
        "dmean2": 3.81844258308,
        "dvar": 25.4762153625,
        "dvar2": 61.4355506897,
        "max": 130.869369507,
        "mean": 13.135887146,
        "median": 11.7349376678,
        "min": 0.896275997162,
        "var": 59.0674705505
    },
    "pitch_salience": {
        "dmean": 0.053204908967,
        "dmean2": 0.0791165009141,
        "dvar": 0.00315319886431,
        "dvar2": 0.0067206476815,
        "max": 0.81257379055,
        "mean": 0.503163456917,
        "median": 0.495584726334,
        "min": 0.104302823544,
        "var": 0.0127922957763
    },
    "silence_rate_20dB": {
        "dmean": 0,
        "dmean2": 0,
        "dvar": 0,
        "dvar2": 0,
        "max": 1,
        "mean": 1,
        "median": 1,
        "min": 1,
        "var": 0
    },
    "silence_rate_30dB": {
        "dmean": 0,
        "dmean2": 0,
        "dvar": 0,
        "dvar2": 0,
        "max": 1,
        "mean": 1,
        "median": 1,
        "min": 1,
        "var": 0
    },
    "silence_rate_60dB": {
        "dmean": 0.00774593325332,
        "dmean2": 0.0154978688806,
        "dvar": 0.00768598495051,
        "dvar2": 0.0160326901823,
        "max": 1,
        "mean": 0.0236159507185,
        "median": 0,
        "min": 0,
        "var": 0.0230578053743
    },
    "spectral_centroid": {
        "dmean": 92.4374008179,
        "dmean2": 129.646759033,
        "dvar": 18274.9667969,
        "dvar2": 37918.7460938,
        "max": 3596.64526367,
        "mean": 757.419616699,
        "median": 696.39239502,
        "min": 208.145187378,
        "var": 91909.90625
    },
    "spectral_complexity": {
        "dmean": 1.49961268902,
        "dmean2": 2.34637737274,
        "dvar": 1.794531703,
        "dvar2": 3.80946779251,
        "max": 26,
        "mean": 13.1645374298,
        "median": 13,
        "min": 0,
        "var": 11.6341657639
    },
    "spectral_decrease": {
        "dmean": 1.87289894704e-09,
        "dmean2": 2.75014011564e-09,
        "dvar": 7.0779504095e-18,
        "dvar2": 1.64560204416e-17,
        "max": -1.36430485507e-13,
        "mean": -8.68135074938e-09,
        "median": -8.36548164074e-09,
        "min": -3.34826637527e-08,
        "var": 1.83202191902e-17
    },
    "spectral_energy": {
        "dmean": 0.00736595271155,
        "dmean2": 0.0107795996591,
        "dvar": 0.00010476483294,
        "dvar2": 0.000243401213083,
        "max": 0.128631964326,
        "mean": 0.0345689170063,
        "median": 0.0334540680051,
        "min": 5.52545884602e-07,
        "var": 0.00028092917637
    },
    "spectral_energyband_high": {
        "dmean": 2.55282575381e-05,
        "dmean2": 3.62052269338e-05,
        "dvar": 5.55171641992e-09,
        "dvar2": 1.36673241613e-08,
        "max": 0.00189982284792,
        "mean": 7.82937786425e-05,
        "median": 5.09911733388e-05,
        "min": 1.6017233373e-10,
        "var": 1.37716495985e-08
    },
    "spectral_energyband_low": {
        "dmean": 0.00220360001549,
        "dmean2": 0.00334663596004,
        "dvar": 2.8454904168e-05,
        "dvar2": 6.86392086209e-05,
        "max": 0.0635568350554,
        "mean": 0.00512897735462,
        "median": 0.00159682042431,
        "min": 2.17435180971e-09,
        "var": 5.57979619771e-05
    },
    "spectral_energyband_middle_high": {
        "dmean": 0.00238877302036,
        "dmean2": 0.00325285783038,
        "dvar": 1.0010531696e-05,
        "dvar2": 1.80533879757e-05,
        "max": 0.0553652457893,
        "mean": 0.00766115495935,
        "median": 0.00562336621806,
        "min": 1.56789937478e-07,
        "var": 4.64470285806e-05
    },
    "spectral_energyband_middle_low": {
        "dmean": 0.00576387438923,
        "dmean2": 0.00858187861741,
        "dvar": 8.61630833242e-05,
        "dvar2": 0.000197354980628,
        "max": 0.120279923081,
        "mean": 0.0240355469286,
        "median": 0.021951507777,
        "min": 3.87415866498e-07,
        "var": 0.000235628976952
    },
    "spectral_entropy": {
        "dmean": 0.172538146377,
        "dmean2": 0.240484237671,
        "dvar": 0.0348921008408,
        "dvar2": 0.0669236034155,
        "max": 8.21751213074,
        "mean": 6.38285923004,
        "median": 6.39270401001,
        "min": 4.67570877075,
        "var": 0.125704392791
    },
    "spectral_flux": {
        "dmean": 0.0245105531067,
        "dmean2": 0.0394329987466,
        "dvar": 0.00091212632833,
        "dvar2": 0.0022948414553,
        "max": 0.320701092482,
        "mean": 0.0595526359975,
        "median": 0.0503187216818,
        "min": 0.000743334298022,
        "var": 0.00141770392656
    },
    "spectral_kurtosis": {
        "dmean": 5.76863956451,
        "dmean2": 9.99645423889,
        "dvar": 26.4444160461,
        "dvar2": 73.9113388062,
        "max": 61.431602478,
        "mean": 13.4467306137,
        "median": 11.6410531998,
        "min": -1.35069513321,
        "var": 67.0146713257
    },
    "spectral_rms": {
        "dmean": 0.000606248097029,
        "dmean2": 0.000872029224411,
        "dvar": 5.95234553202e-07,
        "dvar2": 1.29972193008e-06,
        "max": 0.0112024368718,
        "mean": 0.00560195138678,
        "median": 0.00571297807619,
        "min": 2.32178626902e-05,
        "var": 2.34394519794e-06
    },
    "spectral_rolloff": {
        "dmean": 139.640197754,
        "dmean2": 235.188278198,
        "dvar": 96936.9375,
        "dvar2": 186811.46875,
        "max": 8720.94726562,
        "mean": 918.312133789,
        "median": 882.861328125,
        "min": 129.19921875,
        "var": 228012.046875
    },
    "spectral_skewness": {
        "dmean": 0.469775408506,
        "dmean2": 0.793495416641,
        "dvar": 0.151427164674,
        "dvar2": 0.416105717421,
        "max": 6.01893424988,
        "mean": 2.63603901863,
        "median": 2.52029633522,
        "min": -0.0515619032085,
        "var": 0.578307986259
    },
    "spectral_spread": {
        "dmean": 281745.84375,
        "dmean2": 441799.0625,
        "dvar": 88793694208,
        "dvar2": 171143561216,
        "max": 11777824,
        "mean": 2476008.75,
        "median": 2424602.25,
        "min": 1112410.375,
        "var": 359769964544
    },
    "spectral_strongpeak": {
        "dmean": 0.697183191776,
        "dmean2": 1.16738593578,
        "dvar": 0.972583830357,
        "dvar2": 2.28563213348,
        "max": 9.91051769257,
        "mean": 1.96315598488,
        "median": 1.68699300289,
        "min": 0.000848351279274,
        "var": 2.02328658104
    },
    "zerocrossingrate": {
        "dmean": 0.0039955098182,
        "dmean2": 0.00475378986448,
        "dvar": 2.8496786399e-05,
        "dvar2": 3.73194525309e-05,
        "max": 0.208984375,
        "mean": 0.0349743962288,
        "median": 0.033203125,
        "min": 0.0087890625,
        "var": 0.000171446095919
    },
    "barkbands": {
        "dmean": [1.07158739411e-05, 0.000251002114965, 0.00111497705802, 0.00262473267503, 0.00137199356686, 0.00133142247796, 0.00163943762891, 0.00076393422205, 0.000547278032172, 0.000870185322128, 0.00112248817459, 0.000475568318507, 0.000367710075807, 0.00020895639318, 0.000196060151211, 0.000147045138874, 0.000113031921501, 4.60102746729e-05, 4.62746684207e-05, 2.52037880273e-05, 1.0447407476e-05, 7.54323218644e-06, 4.89758485855e-06, 4.03093645218e-06, 8.00380973942e-07, 1.87864857004e-09, 1.40513167768e-09],
        "dmean2": [1.69006725628e-05, 0.000354735035216, 0.00171670096461, 0.00405850680545, 0.00218845368363, 0.00189353164751, 0.00203892635182, 0.00105855811853, 0.000708287581801, 0.00109835411422, 0.00157301337458, 0.000677425588947, 0.000519666122273, 0.000278534716927, 0.000285150425043, 0.000205777454539, 0.00016999655054, 6.68388893246e-05, 6.70200024615e-05, 3.68007531506e-05, 1.54405843205e-05, 1.12397228804e-05, 7.47426656744e-06, 6.20535411144e-06, 1.16496551072e-06, 3.14799164514e-09, 2.59705790207e-09],
        "dvar": [6.6842109625e-10, 7.30840667984e-07, 1.06506886368e-05, 5.35518920515e-05, 9.3021453722e-06, 8.17068030301e-06, 7.58165333536e-06, 1.51443271079e-06, 1.74388731011e-06, 3.21302172779e-06, 5.47719446331e-06, 1.38524751492e-06, 1.43694330745e-06, 3.02248764683e-07, 1.31893131083e-07, 1.47879660517e-07, 4.45822081474e-08, 9.04185437633e-09, 1.01189767676e-08, 3.82916365282e-09, 1.02459107865e-09, 4.53315912585e-10, 8.16088918665e-10, 8.26805068854e-10, 5.23542233871e-12, 5.79960357058e-18, 3.50550954512e-18],
        "dvar2": [1.6191014085e-09, 1.45944727592e-06, 2.59966200247e-05, 0.000121236611449, 2.44016991928e-05, 1.74733904714e-05, 1.29703366838e-05, 2.99475686916e-06, 2.95888025903e-06, 5.09402752868e-06, 1.08118983917e-05, 2.62878415924e-06, 2.7610167308e-06, 4.49155834303e-07, 2.59966697058e-07, 2.57696086692e-07, 9.99304177185e-08, 1.80735657551e-08, 2.26704059969e-08, 7.84579512469e-09, 2.11774797698e-09, 1.08714670599e-09, 2.22532836602e-09, 2.38803443686e-09, 1.31053249849e-11, 1.52164902937e-17, 1.11273915916e-17],
        "max": [0.000627406407148, 0.0135016534477, 0.0480153113604, 0.0943791270256, 0.0527069978416, 0.0857900977135, 0.0469077378511, 0.023859936744, 0.0294698439538, 0.041792884469, 0.0394108816981, 0.0218512956053, 0.0166119579226, 0.0165694504976, 0.00516722723842, 0.011808462441, 0.00434129638597, 0.00302592967637, 0.00215849489905, 0.00164135650266, 0.000784373667557, 0.000381972786272, 0.00113460677676, 0.00111352570821, 7.46224905015e-05, 4.05473308263e-08, 2.128944665e-08],
        "mean": [1.40314696182e-05, 0.000630246649962, 0.00264532049187, 0.00375976250507, 0.00305557856336, 0.0047511048615, 0.00663138879463, 0.00276249158196, 0.0019975558389, 0.00236899964511, 0.00248055206612, 0.00106490950566, 0.000703050172888, 0.000482480274513, 0.000371528614778, 0.000301168183796, 0.000228899836657, 0.000113206027891, 8.98677826626e-05, 5.15848478244e-05, 2.46924464591e-05, 1.81608447747e-05, 1.15013308459e-05, 9.05983324628e-06, 1.81140387667e-06, 3.02735858604e-09, 1.13794429435e-09],
        "median": [3.42847761203e-06, 3.6330853618e-05, 0.000471438164823, 0.00070992403198, 0.00178783666342, 0.00248723477125, 0.00385362724774, 0.001764428569, 0.00050786806969, 0.000645872496534, 0.000784973904956, 0.000364692328731, 0.000107314961497, 9.62870035437e-05, 0.000125566788483, 7.01522731106e-05, 8.73381140991e-05, 3.89295455534e-05, 3.29961148964e-05, 1.7021144231e-05, 1.09748216346e-05, 8.61166881805e-06, 8.70481562742e-06, 6.31955981589e-06, 1.14244801352e-06, 2.12694750701e-09, 4.73880379381e-10],
        "min": [1.73837732403e-11, 5.50176459946e-10, 1.50152368317e-09, 3.92828547469e-10, 3.27945892664e-09, 4.56864679421e-09, 9.72633351637e-09, 1.15168905523e-08, 4.61613893776e-08, 2.6202332748e-08, 5.55263390822e-09, 4.92006990704e-10, 1.37193438832e-08, 8.67097416091e-09, 1.21533283437e-10, 1.21133425512e-09, 2.84516687987e-10, 5.68872102202e-11, 1.18478477029e-10, 1.60267459026e-11, 9.58269141121e-12, 2.31886870816e-11, 9.65555760346e-12, 6.51200690593e-11, 3.42138956055e-11, 3.21415572109e-12, 4.55245823677e-12],
        "var": [1.00446406748e-09, 2.95907648251e-06, 2.21576501644e-05, 7.98975888756e-05, 1.60269864864e-05, 5.42589586985e-05, 5.50831646251e-05, 9.64314313023e-06, 1.08847007141e-05, 1.6560918084e-05, 1.73973439814e-05, 5.5575674196e-06, 3.72727004105e-06, 1.22066126096e-06, 4.06156289046e-07, 6.90812953508e-07, 1.20042386698e-07, 5.26200309992e-08, 2.46148736949e-08, 1.37197444516e-08, 4.08976053023e-09, 1.17348797346e-09, 6.19864770623e-10, 6.1513288907e-10, 7.68650681299e-12, 1.07854483612e-17, 2.97807954102e-18]
    },
    "erbbands": {
        "dmean": [0.00158005568665, 0.0906035602093, 1.02770483494, 4.72405004501, 8.19393157959, 3.91489052773, 2.55061125755, 12.9651842117, 21.6396560669, 26.3603954315, 14.7777175903, 12.8875598907, 20.9890022278, 27.1863021851, 45.5619544983, 20.0132198334, 18.9552135468, 12.2045612335, 4.61994028091, 12.8735218048, 8.03189086914, 4.40783882141, 2.4381146431, 3.04570841789, 1.70657789707, 1.32095634937, 0.510889947414, 0.320389688015, 0.23541200161, 0.219772517681, 0.142581656575, 0.0982219725847, 0.0554959364235, 0.0186427515, 0.00145853217691, 6.39856152702e-05, 5.62581681152e-06, 1.33159358029e-06, 3.56690384251e-06, 8.29165310279e-06],
        "dmean2": [0.00230797380209, 0.129699394107, 1.55466616154, 7.26471090317, 12.9186077118, 6.2252831459, 3.45731115341, 18.2641620636, 28.3370609283, 33.5595817566, 19.8909568787, 16.3643169403, 27.7998104095, 35.0284767151, 64.6541213989, 28.697555542, 26.5111064911, 16.5362739563, 6.18524742126, 19.5044898987, 10.9973344803, 6.60104799271, 3.60712742805, 4.27704334259, 2.56046652794, 1.90732681751, 0.741202235222, 0.47457703948, 0.351041913033, 0.339152216911, 0.213461056352, 0.150196254253, 0.0865722745657, 0.0269362349063, 0.00215985253453, 9.4995550171e-05, 8.68002189236e-06, 2.15069599108e-06, 5.16063937539e-06, 1.20809536384e-05],
        "dvar": [2.05436590477e-05, 0.0918040126562, 9.67824172974, 147.620300293, 431.202056885, 75.5085449219, 24.0773105621, 863.48614502, 1738.9831543, 2729.30004883, 642.693908691, 1055.33508301, 1244.08996582, 4419.56884766, 10574.4404297, 2708.79638672, 3940.49951172, 852.879638672, 100.409797668, 610.05682373, 580.935241699, 59.867855072, 27.6815567017, 41.7487068176, 13.5812778473, 12.4966173172, 1.80089056492, 1.71009576321, 0.392572879791, 1.05532169342, 0.466320991516, 0.265580832958, 0.220760688186, 0.00323321158066, 1.72863437911e-05, 3.7839207323e-08, 1.79303266679e-10, 6.13049454951e-12, 2.1294983138e-11, 1.25374016724e-10],
        "dvar2": [4.22976663685e-05, 0.192796394229, 23.264541626, 342.060119629, 1002.83081055, 204.022537231, 40.0334472656, 1686.8918457, 3280.4753418, 4230.69140625, 1238.24060059, 1847.40734863, 2069.98364258, 7136.62304688, 20601.3613281, 5251.37646484, 7400.51904297, 1371.58361816, 162.457885742, 1369.97351074, 982.343017578, 136.549453735, 61.9014778137, 81.4766845703, 32.4383583069, 25.3960609436, 3.25552725792, 4.27089643478, 0.889854073524, 2.76626753807, 1.26161527634, 0.755557596684, 0.640165448189, 0.00838327500969, 4.29138272011e-05, 9.66169579897e-08, 4.89661922121e-10, 1.73547062138e-11, 4.94100281523e-11, 2.91209278913e-10],
        "max": [0.0668947547674, 4.96581125259, 46.3820533752, 157.365127563, 258.036010742, 115.824645996, 116.98992157, 1096.92236328, 998.11706543, 1103.76818848, 655.571716309, 813.57019043, 637.32434082, 1638.74938965, 2028.62585449, 1126.59680176, 880.941040039, 762.600769043, 229.582519531, 397.577392578, 826.174499512, 154.70614624, 145.071731567, 140.151977539, 68.652130127, 102.168167114, 39.1029968262, 41.8691864014, 14.8701286316, 32.2639884949, 26.5118713379, 17.8185272217, 18.2544193268, 1.7756062746, 0.134618714452, 0.00625025387853, 0.000402837438742, 7.39406823413e-05, 5.85019806749e-05, 0.000140617441502],
        "mean": [0.00397720420733, 0.227184996009, 2.44228696823, 8.57027816772, 12.0373430252, 10.0081605911, 10.2873239517, 46.2830505371, 86.4751434326, 98.3232345581, 61.5910263062, 52.673374176, 62.345123291, 71.9610977173, 103.825576782, 49.4872322083, 37.950012207, 29.2857990265, 10.5133743286, 25.2443370819, 19.3700752258, 9.71234226227, 5.93632078171, 7.47613286972, 3.62165403366, 2.83411884308, 1.18398404121, 0.831038594246, 0.617391824722, 0.470558524132, 0.348035275936, 0.224165782332, 0.114738531411, 0.0442877411842, 0.00332883466035, 0.000167538019014, 2.17967990466e-05, 4.77330831927e-06, 1.75364293682e-05, 3.95629904233e-05],
        "median": [0.000706289662048, 0.0298373755068, 0.560451626778, 2.53393507004, 4.53164100647, 4.8456568718, 5.25749349594, 18.6391468048, 53.3869514465, 45.1582221985, 39.8790473938, 19.696023941, 28.9236450195, 23.3007659912, 38.1696815491, 20.6253089905, 8.64941978455, 7.7003903389, 4.09935045242, 9.23685264587, 6.03239917755, 4.65941381454, 2.79139733315, 2.31695580482, 1.44555544853, 0.996956586838, 0.545931339264, 0.384324043989, 0.304921358824, 0.291568696499, 0.237278282642, 0.14431360364, 0.0799419358373, 0.0306017827243, 0.00205364776775, 0.000116353548947, 1.98720954359e-05, 4.38381039203e-06, 1.71277551999e-05, 3.84242302971e-05],
        "min": [3.6658458491e-09, 1.8786991518e-07, 1.55153065862e-06, 1.50609253069e-06, 7.99428653409e-06, 1.1435401575e-05, 5.95777510171e-06, 0.000182130665053, 0.000301377149299, 0.000211987033254, 0.000191804530914, 0.000689791340847, 0.000938484212384, 0.000812034297269, 0.000217744251131, 4.68516300316e-05, 0.000575511949137, 0.000410146050854, 0.000222493836191, 3.08562193823e-05, 5.73224788241e-05, 1.61300667969e-05, 7.09182950231e-06, 9.63944876275e-06, 2.00760769076e-06, 9.75020157057e-07, 4.31612193097e-07, 4.24152347023e-07, 4.19004578589e-07, 9.58392092798e-07, 3.37929293437e-07, 3.86753015391e-07, 1.02075978248e-06, 8.38455889607e-07, 1.65259464779e-07, 1.59542850042e-08, 6.56679155497e-09, 2.43028841496e-09, 8.31863078421e-10, 7.20228321427e-10],
        "var": [7.68219106249e-05, 0.310971796513, 19.6717376709, 252.532669067, 568.588256836, 198.648971558, 216.669830322, 6351.09521484, 10580.2148438, 20585.96875, 4477.27880859, 6327.62988281, 6378.98583984, 21099.7421875, 33146.5234375, 11929.9794922, 10136.2373047, 3639.93774414, 395.165466309, 1792.03637695, 3043.93847656, 176.262802124, 85.1649703979, 213.166809082, 38.9580917358, 44.3096961975, 7.67239618301, 4.37101268768, 1.18853843212, 1.03542661667, 0.419920355082, 0.225202471018, 0.159323573112, 0.00407501030713, 2.5370181902e-05, 5.0129099094e-08, 2.29471816549e-10, 9.28390090499e-12, 6.51684331499e-11, 3.52793849689e-10]
    },
    "gfcc": {
        "mean": [-51.6408920288, 156.404144287, -159.641952515, 9.49604320526, -84.5936737061, -0.218450427055, -39.8378868103, -11.3339204788, -8.9298210144, -29.8046989441, 3.13915657997, -24.2087688446, -0.616376936436],
        "cov": [[2107.10449219, 114.621452332, -172.393539429, 357.082885742, 170.623352051, -37.4110794067, 225.72668457, 83.017906189, 9.57725715637, -18.1285743713, -25.8685760498, -66.239364624, -42.9846687317], [114.621452332, 419.455596924, 261.491577148, 10.0540447235, 107.623306274, 0.297304272652, 84.9552383423, 14.8887872696, 86.7409439087, -1.54742085934, -7.06425857544, -82.5492019653, -52.0297241211], [-172.393539429, 261.491577148, 505.759338379, 139.92414856, 38.8154563904, 124.41582489, 34.5944519043, 21.5423870087, 43.4063987732, -22.3935108185, -27.9458389282, -32.5387535095, -37.5153465271], [357.082885742, 10.0540447235, 139.92414856, 470.17477417, 167.439056396, 111.04776001, 143.035720825, 65.8085250854, 13.8526544571, -15.8273439407, -46.8571205139, -11.3879022598, -13.4942264557], [170.623352051, 107.623306274, 38.8154563904, 167.439056396, 273.095062256, 114.804718018, 84.9465103149, 68.296043396, 28.5901222229, 4.09212970734, -12.7695512772, -14.6894397736, -8.6357831955], [-37.4110794067, 0.297304272652, 124.41582489, 111.04776001, 114.804718018, 241.037490845, 62.7050933838, 47.7104988098, 5.36679792404, -8.7748670578, -18.995677948, 17.3633022308, 2.13852381706], [225.72668457, 84.9552383423, 34.5944519043, 143.035720825, 84.9465103149, 62.7050933838, 198.985855103, 69.0252380371, -4.11342191696, -12.7808475494, 1.35073053837, 1.00158143044, -7.38782310486], [83.017906189, 14.8887872696, 21.5423870087, 65.8085250854, 68.296043396, 47.7104988098, 69.0252380371, 118.773246765, 22.9575023651, 5.62582302094, 1.76877987385, 12.8909397125, 14.7891263962], [9.57725715637, 86.7409439087, 43.4063987732, 13.8526544571, 28.5901222229, 5.36679792404, -4.11342191696, 22.9575023651, 134.315261841, 61.6097679138, 0.898964464664, -10.0244159698, 2.30489397049], [-18.1285743713, -1.54742085934, -22.3935108185, -15.8273439407, 4.09212970734, -8.7748670578, -12.7808475494, 5.62582302094, 61.6097679138, 113.335334778, 41.1023788452, -0.00928655825555, 3.71741461754], [-25.8685760498, -7.06425857544, -27.9458389282, -46.8571205139, -12.7695512772, -18.995677948, 1.35073053837, 1.76877987385, 0.898964464664, 41.1023788452, 114.732223511, 57.6481361389, -5.06883907318], [-66.239364624, -82.5492019653, -32.5387535095, -11.3879022598, -14.6894397736, 17.3633022308, 1.00158143044, 12.8909397125, -10.0244159698, -0.00928655825555, 57.6481361389, 126.539344788, 48.3949928284], [-42.9846687317, -52.0297241211, -37.5153465271, -13.4942264557, -8.6357831955, 2.13852381706, -7.38782310486, 14.7891263962, 2.30489397049, 3.71741461754, -5.06883907318, 48.3949928284, 102.446495056]],
        "icov": [[0.000741617812309, -0.00099982554093, 0.00102862226777, -0.000958540011197, 0.000478016008856, -0.000153095490532, 8.95087941899e-05, -0.000397642317694, 0.000340002618032, -2.02391074708e-05, 1.44612931763e-05, -1.02648673419e-05, 0.000159800998517], [-0.00099982554093, 0.0148785226047, -0.00939998216927, 0.00681533198804, -0.00837628636509, 0.0064376280643, -0.00851187948138, 0.00478963507339, -0.00832481589168, 0.00450334791094, -0.00335261365399, 0.00621174415573, -0.000629728252534], [0.00102862226777, -0.00939998216927, 0.00891660526395, -0.00538035528734, 0.00607107952237, -0.00548646273091, 0.00541114760563, -0.00310246553272, 0.00366129446775, -0.00129267235752, 0.00120540556964, -0.00268479040824, 0.000970946159214], [-0.000958540011197, 0.00681533198804, -0.00538035528734, 0.00709333503619, -0.00535608688369, 0.00292530562729, -0.00542650278658, 0.00231841695495, -0.00327025470324, 0.0010796233546, 0.000691490829922, 0.00132105639204, 0.00022919246112], [0.000478016008856, -0.00837628636509, 0.00607107952237, -0.00535608688369, 0.0109172938392, -0.00607649935409, 0.00455961376429, -0.00434609642252, 0.0034768646583, -0.00185710284859, 0.0006484737969, -0.00177194655407, 0.00032581659616], [-0.000153095490532, 0.0064376280643, -0.00548646273091, 0.00292530562729, -0.00607649935409, 0.00955943670124, -0.00461800955236, 0.00139020418283, -0.00251641008072, 0.000813251186628, 0.000830762262922, 0.000143331926665, 0.000336482014973], [8.95087941899e-05, -0.00851187948138, 0.00541114760563, -0.00542650278658, 0.00455961376429, -0.00461800955236, 0.0132111869752, -0.00617072731256, 0.00549433939159, -0.0016181410756, 0.000262689951342, -0.00282541732304, 0.000588439230341], [-0.000397642317694, 0.00478963507339, -0.00310246553272, 0.00231841695495, -0.00434609642252, 0.00139020418283, -0.00617072731256, 0.013846417889, -0.00458984775469, 0.00160986837, -0.00125414831564, 0.00124709180091, -0.00201060133986], [0.000340002618032, -0.00832481589168, 0.00366129446775, -0.00327025470324, 0.0034768646583, -0.00251641008072, 0.00549433939159, -0.00458984775469, 0.016471978277, -0.0100175086409, 0.00489824032411, -0.00460456172004, 0.000639546662569], [-2.02391074708e-05, 0.00450334791094, -0.00129267235752, 0.0010796233546, -0.00185710284859, 0.000813251186628, -0.0016181410756, 0.00160986837, -0.0100175086409, 0.0175762325525, -0.00937462411821, 0.00669120298699, -0.00261225341819], [1.44612931763e-05, -0.00335261365399, 0.00120540556964, 0.000691490829922, 0.0006484737969, 0.000830762262922, 0.000262689951342, -0.00125414831564, 0.00489824032411, -0.00937462411821, 0.0191225651652, -0.0123760746792, 0.00609565991908], [-1.02648673419e-05, 0.00621174415573, -0.00268479040824, 0.00132105639204, -0.00177194655407, 0.000143331926665, -0.00282541732304, 0.00124709180091, -0.00460456172004, 0.00669120298699, -0.0123760746792, 0.0194292739034, -0.00812461879104], [0.000159800998517, -0.000629728252534, 0.000970946159214, 0.00022919246112, 0.00032581659616, 0.000336482014973, 0.000588439230341, -0.00201060133986, 0.000639546662569, -0.00261225341819, 0.00609565991908, -0.00812461879104, 0.0144673036411]]
    },
    "melbands": {
        "dmean": [3.76915631932e-05, 0.000388832413591, 0.00100487249438, 0.000401598837925, 9.85190126812e-05, 0.000292529643048, 0.000340764236171, 0.000256944738794, 0.000118791489513, 7.69796679378e-05, 0.000104882281448, 0.000107107320218, 0.00016719022824, 6.99834490661e-05, 4.50090883533e-05, 2.90081206913e-05, 2.44999246206e-05, 7.00431746736e-06, 1.28256951939e-05, 1.38718469316e-05, 9.8423770396e-06, 4.9946593208e-06, 4.07150537285e-06, 2.4748933356e-06, 2.6944135243e-06, 1.35230470732e-06, 1.08973483748e-06, 8.40988548134e-07, 4.18240176714e-07, 2.29135622476e-07, 2.080055026e-07, 1.35409621294e-07, 1.59549244927e-07, 1.17612160011e-07, 9.47808089791e-08, 6.09168182564e-08, 6.1067979118e-08, 4.8620119486e-08, 2.65423860668e-08, 1.20657945857e-08],
        "dmean2": [5.32545491296e-05, 0.000584860797971, 0.00154806952924, 0.00064114498673, 0.000138269475428, 0.000413502159063, 0.000445228070021, 0.000331518094754, 0.000157830727403, 9.91585984593e-05, 0.000138555769809, 0.000136135902721, 0.000235438230447, 9.93105422822e-05, 6.36564873275e-05, 4.05266837333e-05, 3.30119910359e-05, 9.3055623438e-06, 1.88181074918e-05, 2.0935847715e-05, 1.34266983878e-05, 7.46284786146e-06, 6.1260639086e-06, 3.60460990123e-06, 3.78693152925e-06, 2.021169621e-06, 1.63535548836e-06, 1.21547532217e-06, 6.01809460932e-07, 3.52501530188e-07, 2.98335294246e-07, 2.02789181003e-07, 2.37649629753e-07, 1.8515780198e-07, 1.42625253829e-07, 9.19322786785e-08, 9.51495664481e-08, 7.77397914931e-08, 3.93513062136e-08, 1.74968697308e-08],
        "dvar": [1.53595731689e-08, 1.4151803498e-06, 6.60208024783e-06, 8.08015329312e-07, 3.59927199156e-08, 4.37960125055e-07, 3.53836696831e-07, 2.37240087131e-07, 4.21514840809e-08, 3.35580203625e-08, 3.09792405062e-08, 8.33545428236e-08, 1.15691690894e-07, 2.81534227042e-08, 1.28095614116e-08, 8.37698443945e-09, 4.07290379201e-09, 2.91682789033e-10, 5.75290426408e-10, 5.94181592817e-10, 9.51610346078e-10, 7.88524523454e-11, 1.54204343739e-10, 3.179029609e-11, 3.81162462704e-11, 9.17823542862e-12, 7.83767668822e-12, 5.01604487113e-12, 1.86739707898e-12, 4.25198342247e-13, 6.98888809238e-13, 1.16392044115e-13, 2.74041125079e-13, 3.61205911101e-13, 1.59086055418e-13, 9.99228437081e-14, 1.68978668406e-13, 2.38988380951e-13, 5.95937102766e-15, 1.24703906852e-15],
        "dvar2": [3.03675200541e-08, 3.3448798149e-06, 1.49932602653e-05, 2.01027251023e-06, 6.7638524115e-08, 8.94467973467e-07, 6.64576305098e-07, 3.81525836701e-07, 7.90513041693e-08, 5.85900146177e-08, 5.1473321605e-08, 1.33179725026e-07, 2.25447251978e-07, 5.38524673743e-08, 2.5342771437e-08, 1.53884691656e-08, 6.23687546053e-09, 4.43576925191e-10, 1.21427679023e-09, 1.31016020255e-09, 1.64210356424e-09, 1.78163192532e-10, 3.42846945278e-10, 6.53938223016e-11, 7.49770939779e-11, 2.24382248892e-11, 1.69160258717e-11, 1.00388629701e-11, 3.14083091132e-12, 9.88735352273e-13, 1.58079018625e-12, 2.67293592858e-13, 6.1425381925e-13, 9.53917283705e-13, 4.23929392025e-13, 2.73443323106e-13, 4.86020620451e-13, 6.97428009441e-13, 1.52410839483e-14, 3.13602217315e-15],
        "max": [0.0019295909442, 0.0177729632705, 0.0332874581218, 0.0138143785298, 0.00473711732775, 0.0210974458605, 0.0129421772435, 0.00982003100216, 0.00514291971922, 0.00438756076619, 0.00315619423054, 0.00714864814654, 0.00530572095886, 0.0028225062415, 0.00156029302161, 0.00140933948569, 0.00177163898479, 0.000510264013428, 0.000399562646635, 0.000423923978815, 0.00101277872454, 0.000144016972627, 0.000389446329791, 0.000192317733308, 0.000130047628772, 8.1913844042e-05, 7.04503327142e-05, 6.09316120972e-05, 4.03580779675e-05, 1.71221945493e-05, 2.36071209656e-05, 8.23759728519e-06, 1.17763929666e-05, 2.06810436794e-05, 1.48454000737e-05, 1.25932638184e-05, 1.57147806021e-05, 1.90737082448e-05, 2.52585164162e-06, 1.19407764032e-06],
        "mean": [9.59277313086e-05, 0.000940037542023, 0.00164616701659, 0.000784551550169, 0.000363158964319, 0.00104306184221, 0.00137546169572, 0.000948241271544, 0.000480279006297, 0.000295266072499, 0.000302823638776, 0.000277491868474, 0.000374415481929, 0.00016033234715, 9.51542315306e-05, 5.86826863582e-05, 5.64294059586e-05, 1.42307762871e-05, 2.44528891926e-05, 2.89479485218e-05, 2.23339411605e-05, 1.00075285445e-05, 7.6607311712e-06, 5.97146845394e-06, 6.1278319663e-06, 2.60151318798e-06, 2.24113568947e-06, 1.64796290392e-06, 8.64193964389e-07, 4.48626423122e-07, 4.97093765262e-07, 3.49060371718e-07, 3.23414752756e-07, 2.30255508882e-07, 2.16492267668e-07, 1.40589747843e-07, 1.29276131133e-07, 8.82247377376e-08, 5.93693805229e-08, 2.72476583518e-08],
        "median": [6.4138594098e-06, 0.000163156553754, 0.000529638957232, 0.00039617792936, 0.00017389380082, 0.000429967971286, 0.000943731691223, 0.000471969950013, 0.000331738759996, 9.84137586784e-05, 0.000135558933835, 6.60526275169e-05, 0.000127622930449, 5.00001879118e-05, 3.00542887999e-05, 1.11274875962e-05, 1.14354461402e-05, 3.76169577976e-06, 8.22597212391e-06, 1.203526881e-05, 4.27723261964e-06, 3.93142590838e-06, 2.06177310247e-06, 2.14808960664e-06, 1.46811987634e-06, 9.39819074119e-07, 6.09216044722e-07, 5.22465882113e-07, 3.04080316482e-07, 2.16411891074e-07, 1.97017996584e-07, 1.69391626059e-07, 1.29232461177e-07, 1.5917554208e-07, 1.39863203685e-07, 1.03256468265e-07, 7.24553572695e-08, 5.48428573666e-08, 4.15606749016e-08, 1.77215202513e-08],
        "min": [8.53377715715e-11, 6.24916673964e-10, 4.06639721895e-10, 8.28798474295e-10, 1.54022308796e-10, 3.70486175072e-09, 3.82375153762e-09, 2.57927879055e-09, 3.74356351474e-10, 6.02669603111e-09, 4.30058078038e-09, 3.03757374809e-09, 7.04519331762e-10, 1.52450413404e-10, 3.72966310613e-11, 8.09395939161e-10, 7.32484684018e-10, 2.74288751434e-11, 5.57018103517e-12, 7.6100493962e-11, 5.68875120621e-11, 9.72317538983e-12, 1.74181207652e-11, 3.55902698805e-12, 8.7269028809e-12, 8.29246231144e-13, 1.04919838009e-12, 6.2177498393e-13, 3.36376298994e-13, 1.58889584432e-13, 2.91784906783e-13, 1.79960348923e-13, 5.08439698763e-13, 4.24303767035e-13, 1.60274530735e-13, 1.82465858829e-13, 2.69432262959e-13, 3.37702142725e-13, 1.50334410719e-12, 5.51574356935e-13],
        "var": [6.41983248784e-08, 3.0909175166e-06, 9.82417259365e-06, 1.231264946e-06, 2.45668218213e-07, 2.99548128169e-06, 2.27201894631e-06, 1.73473301857e-06, 2.69331167146e-07, 2.09566650256e-07, 1.61279515964e-07, 4.07383282663e-07, 3.69180668258e-07, 1.06535331668e-07, 3.87654388589e-08, 2.23579590397e-08, 1.67133737961e-08, 1.01617991799e-09, 1.72304703838e-09, 1.95309901585e-09, 4.80576689554e-09, 2.14888815075e-10, 3.65398544755e-10, 1.38747985323e-10, 1.69110059289e-10, 1.97783317502e-11, 2.81228339227e-11, 1.64654626739e-11, 7.62446095842e-12, 9.58217554782e-13, 2.16718917118e-12, 3.56407882807e-13, 6.52777419792e-13, 2.9973357238e-13, 1.70783024766e-13, 8.02263190234e-14, 1.27461368825e-13, 1.62236584301e-13, 7.53402602891e-15, 1.68393601573e-15]
    },
    "mfcc": {
        "mean": [-677.005126953, 166.943252563, -13.0820589066, -3.54281497002, -14.997253418, -13.2367219925, -15.6025352478, 0.216842591763, -11.3991527557, -5.74982357025, -10.8587856293, -2.33735084534, 0.822883605957],
        "cov": [[2162.3203125, -33.1549835205, -290.436401367, 341.961029053, -38.9873046875, 52.5512008667, 116.326828003, 91.1828613281, 77.0450744629, 69.9092025757, 19.307975769, 44.7170448303, 40.5175476074], [-33.1549835205, 506.158172607, 118.59601593, -41.0321731567, 29.6677532196, -25.30701828, -6.09613132477, -20.6462097168, 25.97955513, 61.5010452271, 30.5689964294, 59.811088562, 18.7595691681], [-290.436401367, 118.59601593, 434.797485352, 53.6215019226, 64.6265106201, 86.6578140259, 9.38813591003, 46.9193229675, 39.0562438965, 6.91002368927, 18.1425647736, 12.8948354721, 2.22935009003], [341.961029053, -41.0321731567, 53.6215019226, 351.16519165, 71.2674560547, 93.8430480957, 99.9208145142, 85.4951858521, 72.3093795776, 46.4055366516, 23.8715991974, 21.3421974182, 14.1992645264], [-38.9873046875, 29.6677532196, 64.6265106201, 71.2674560547, 228.652999878, 96.5174407959, 41.6289558411, 60.1077423096, 62.7647094727, 30.5966434479, 31.0616397858, 12.1800661087, -9.82361602783], [52.5512008667, -25.30701828, 86.6578140259, 93.8430480957, 96.5174407959, 179.898208618, 64.3093566895, 71.4207839966, 57.6678924561, 26.4219112396, 22.9941482544, 13.1296758652, -8.37918949127], [116.326828003, -6.09613132477, 9.38813591003, 99.9208145142, 41.6289558411, 64.3093566895, 197.627838135, 102.788002014, 36.3954353333, 7.69883203506, 9.57752990723, 7.43030929565, 25.988899231], [91.1828613281, -20.6462097168, 46.9193229675, 85.4951858521, 60.1077423096, 71.4207839966, 102.788002014, 177.45010376, 55.1908416748, -2.40240454674, 0.950096607208, 1.89283967018, 12.7360086441], [77.0450744629, 25.97955513, 39.0562438965, 72.3093795776, 62.7647094727, 57.6678924561, 36.3954353333, 55.1908416748, 166.585357666, 47.9463729858, 9.88679695129, -18.9151554108, -10.6013336182], [69.9092025757, 61.5010452271, 6.91002368927, 46.4055366516, 30.5966434479, 26.4219112396, 7.69883203506, -2.40240454674, 47.9463729858, 146.562240601, 34.0972099304, 1.52606773376, -15.8175983429], [19.307975769, 30.5689964294, 18.1425647736, 23.8715991974, 31.0616397858, 22.9941482544, 9.57752990723, 0.950096607208, 9.88679695129, 34.0972099304, 124.795120239, 40.3095855713, 0.179301902652], [44.7170448303, 59.811088562, 12.8948354721, 21.3421974182, 12.1800661087, 13.1296758652, 7.43030929565, 1.89283967018, -18.9151554108, 1.52606773376, 40.3095855713, 147.65335083, 41.5244102478], [40.5175476074, 18.7595691681, 2.22935009003, 14.1992645264, -9.82361602783, -8.37918949127, 25.988899231, 12.7360086441, -10.6013336182, -15.8175983429, 0.179301902652, 41.5244102478, 168.220153809]],
