{
"lowlevel": {
    "average_loudness": 0.950154781342,
    "barkbands_crest": {
        "dmean": 3.03169417381,
        "dmean2": 5.03456068039,
        "dvar": 6.39016485214,
        "dvar2": 16.8146400452,
        "max": 24.6262931824,
        "mean": 9.49481105804,
        "median": 8.88981342316,
        "min": 2.24692583084,
        "var": 14.483092308
    },
    "barkbands_flatness_db": {
        "dmean": 0.0242700148374,
        "dmean2": 0.0395438633859,
        "dvar": 0.000452144216979,
        "dvar2": 0.00112051377073,
        "max": 0.315163344145,
        "mean": 0.141051381826,
        "median": 0.134773507714,
        "min": 0.0681626796722,
        "var": 0.00136786000803
    },
    "barkbands_kurtosis": {
        "dmean": 2.73386883736,
        "dmean2": 4.53688192368,
        "dvar": 21.4082889557,
        "dvar2": 52.683921814,
        "max": 71.7969894409,
        "mean": 2.06307291985,
        "median": 0.46001291275,
        "min": -1.93523085117,
        "var": 26.5695056915
    },
    "barkbands_skewness": {
        "dmean": 0.64892655611,
        "dmean2": 1.03353869915,
        "dvar": 0.398005515337,
        "dvar2": 0.965397119522,
        "max": 7.06511354446,
        "mean": 1.39618360996,
        "median": 1.26108169556,
        "min": -1.95995008945,
        "var": 0.989039123058
    },
    "barkbands_spread": {
        "dmean": 9.03938579559,
        "dmean2": 14.3468265533,
        "dvar": 67.5991744995,
        "dvar2": 165.670516968,
        "max": 105.575080872,
        "mean": 32.964389801,
        "median": 32.2371749878,
        "min": 1.28968715668,
        "var": 191.270904541
    },
    "dissonance": {
        "dmean": 0.011476688087,
        "dmean2": 0.0184520576149,
        "dvar": 0.000177762238309,
        "dvar2": 0.000411754095694,
        "max": 0.5,
        "mean": 0.478727966547,
        "median": 0.484632134438,
        "min": 0.301484286785,
        "var": 0.000441031123046
    },
    "dynamic_complexity": 1.60709154606,
    "erbbands_crest": {
        "dmean": 2.52208733559,
        "dmean2": 4.16823244095,
        "dvar": 6.09767055511,
        "dvar2": 15.6337480545,
        "max": 29.2324008942,
        "mean": 7.45909547806,
        "median": 6.49177789688,
        "min": 2.67240548134,
        "var": 12.9753875732
    },
    "erbbands_flatness_db": {
        "dmean": 0.0132963843644,
        "dmean2": 0.0198856983334,
        "dvar": 0.000151982196257,
        "dvar2": 0.000328863825416,
        "max": 0.322468578815,
        "mean": 0.161899372935,
        "median": 0.15387609601,
        "min": 0.0969421714544,
        "var": 0.000922820938285
    },
    "erbbands_kurtosis": {
        "dmean": 0.850549161434,
        "dmean2": 1.33972632885,
        "dvar": 1.53272736073,
        "dvar2": 3.13118648529,
        "max": 22.5306529999,
        "mean": -0.0437775999308,
        "median": -0.398064851761,
        "min": -1.80159962177,
        "var": 2.83829331398
    },
    "erbbands_skewness": {
        "dmean": 0.374862015247,
        "dmean2": 0.563131809235,
        "dvar": 0.132839441299,
        "dvar2": 0.280421793461,
        "max": 4.294526577,
        "mean": -0.308885425329,
        "median": -0.435650587082,
        "min": -3.26394057274,
        "var": 0.53446406126
    },
    "erbbands_spread": {
        "dmean": 11.6932172775,
        "dmean2": 18.5562591553,
        "dvar": 137.464172363,
        "dvar2": 332.529785156,
        "max": 161.972961426,
        "mean": 49.5934066772,
        "median": 47.0481681824,
        "min": 5.5369758606,
        "var": 346.445648193
    },
    "hfc": {
        "dmean": 8.05957984924,
        "dmean2": 12.4153175354,
        "dvar": 93.871963501,
        "dvar2": 214.979995728,
        "max": 163.51776123,
        "mean": 31.2455806732,
        "median": 29.3341598511,
        "min": 0.000503239803948,
        "var": 296.899810791
    },
    "melbands_crest": {
        "dmean": 4.23436832428,
        "dmean2": 7.13536787033,
        "dvar": 11.1849298477,
        "dvar2": 30.3968791962,
        "max": 28.9543952942,
        "mean": 15.0538463593,
        "median": 14.6156778336,
        "min": 2.74059510231,
        "var": 25.0639266968
    },
    "melbands_flatness_db": {
        "dmean": 0.0326416417956,
        "dmean2": 0.051665071398,
        "dvar": 0.00078881153604,
        "dvar2": 0.00187196105253,
        "max": 0.397876918316,
        "mean": 0.164766803384,
        "median": 0.158788383007,
        "min": 0.0223811548203,
        "var": 0.00271078641526
    },
    "melbands_kurtosis": {
        "dmean": 10.4374198914,
        "dmean2": 17.3611965179,
        "dvar": 309.828491211,
        "dvar2": 746.30255127,
        "max": 358.044555664,
        "mean": 14.9323797226,
        "median": 8.79692268372,
        "min": -1.69298863411,
        "var": 416.845001221
    },
    "melbands_skewness": {
        "dmean": 1.05091357231,
        "dmean2": 1.68962740898,
        "dvar": 1.24094998837,
        "dvar2": 2.97097182274,
        "max": 17.3138713837,
        "mean": 3.15049815178,
        "median": 2.81541657448,
        "min": -0.492918401957,
        "var": 3.00569820404
    },
    "melbands_spread": {
        "dmean": 11.6233720779,
        "dmean2": 18.2868652344,
        "dvar": 139.235870361,
        "dvar2": 307.126037598,
        "max": 165.526565552,
        "mean": 30.9173412323,
        "median": 26.8080825806,
        "min": 1.11805009842,
        "var": 418.714477539
    },
    "pitch_salience": {
        "dmean": 0.0868400707841,
        "dmean2": 0.143471047282,
        "dvar": 0.00510219251737,
        "dvar2": 0.0136454617605,
        "max": 0.825493276119,
        "mean": 0.563135623932,
        "median": 0.569429397583,
        "min": 0.176417216659,
        "var": 0.0111083816737
    },
    "silence_rate_20dB": {
        "dmean": 0,
        "dmean2": 0,
        "dvar": 0,
        "dvar2": 0,
        "max": 1,
        "mean": 1,
        "median": 1,
        "min": 1,
        "var": 0
    },
    "silence_rate_30dB": {
        "dmean": 0,
        "dmean2": 0,
        "dvar": 0,
        "dvar2": 0,
        "max": 1,
        "mean": 1,
        "median": 1,
        "min": 1,
        "var": 0
    },
    "silence_rate_60dB": {
        "dmean": 0.002323779976,
        "dmean2": 0.00464936066419,
        "dvar": 0.00231846165843,
        "dvar2": 0.00540248258039,
        "max": 1,
        "mean": 0.00929152127355,
        "median": 0,
        "min": 0,
        "var": 0.00920563563704
    },
    "spectral_centroid": {
        "dmean": 367.257568359,
        "dmean2": 584.833862305,
        "dvar": 100661.328125,
        "dvar2": 253452.765625,
        "max": 4122.15820312,
        "mean": 1891.67028809,
        "median": 1932.79089355,
        "min": 207.054290771,
        "var": 322088.9375
    },
    "spectral_complexity": {
        "dmean": 5.1301317215,
        "dmean2": 7.9589304924,
        "dvar": 21.2541103363,
        "dvar2": 46.5501213074,
        "max": 57,
        "mean": 30.9984512329,
        "median": 33,
        "min": 0,
        "var": 132.387680054
    },
    "spectral_decrease": {
        "dmean": 3.44163608723e-09,
        "dmean2": 5.7715690005e-09,
        "dvar": 1.59025886354e-17,
        "dvar2": 4.32540650151e-17,
        "max": -1.64540608786e-13,
        "mean": -8.93341489672e-09,
        "median": -8.08682720788e-09,
        "min": -3.01114120305e-08,
        "var": 2.85247807934e-17
    },
    "spectral_energy": {
        "dmean": 0.0133266178891,
        "dmean2": 0.0222579240799,
        "dvar": 0.000230766701861,
        "dvar2": 0.000627332483418,
        "max": 0.116587482393,
        "mean": 0.036550860852,
        "median": 0.0336119160056,
        "min": 6.66656887915e-07,
        "var": 0.000432688219007
    },
    "spectral_energyband_high": {
        "dmean": 0.000810852332506,
        "dmean2": 0.00129712175112,
        "dvar": 1.51773895141e-06,
        "dvar2": 3.46089905179e-06,
        "max": 0.0207139570266,
        "mean": 0.00197709933855,
        "median": 0.00159529945813,
        "min": 3.56255469569e-08,
        "var": 3.2853565699e-06
    },
    "spectral_energyband_low": {
        "dmean": 0.0107804788277,
        "dmean2": 0.0187646560371,
        "dvar": 0.000240254245,
        "dvar2": 0.000662099046167,
        "max": 0.108796343207,
        "mean": 0.0173435006291,
        "median": 0.0114468103275,
        "min": 4.44339974592e-07,
        "var": 0.000335110729793
    },
    "spectral_energyband_middle_high": {
        "dmean": 0.00175958394539,
        "dmean2": 0.00259111891501,
        "dvar": 3.65323717233e-06,
        "dvar2": 7.91560432845e-06,
        "max": 0.0293991770595,
        "mean": 0.00630469527096,
        "median": 0.00554239237681,
        "min": 1.50148352418e-07,
        "var": 1.71694937308e-05
    },
    "spectral_energyband_middle_low": {
        "dmean": 0.00638186791912,
        "dmean2": 0.0101175615564,
        "dvar": 4.93346415169e-05,
        "dvar2": 0.000121760269394,
        "max": 0.0629062056541,
        "mean": 0.0124769210815,
        "median": 0.00996316969395,
        "min": 7.9182449042e-08,
        "var": 8.75095793162e-05
    },
    "spectral_entropy": {
        "dmean": 0.123741701245,
        "dmean2": 0.183032676578,
        "dvar": 0.0168362203985,
        "dvar2": 0.0352856479585,
        "max": 8.61458396912,
        "mean": 7.86902427673,
        "median": 7.91105508804,
        "min": 6.10759782791,
        "var": 0.0693629533052
    },
    "spectral_flux": {
        "dmean": 0.0300732441247,
        "dmean2": 0.0495767779648,
        "dvar": 0.00082473870134,
        "dvar2": 0.00189894810319,
        "max": 0.267524182796,
        "mean": 0.110028401017,
        "median": 0.103552028537,
        "min": 0.000816490617581,
        "var": 0.00194744591136
    },
    "spectral_kurtosis": {
        "dmean": 0.993022143841,
        "dmean2": 1.6926254034,
        "dvar": 1.10676598549,
        "dvar2": 3.09078931808,
        "max": 16.871881485,
        "mean": 1.72416460514,
        "median": 1.4939455986,
        "min": -1.0570397377,
        "var": 1.78348267078
    },
    "spectral_rms": {
        "dmean": 0.00102477590553,
        "dmean2": 0.0016690348275,
        "dvar": 9.74039721768e-07,
        "dvar2": 2.5605186238e-06,
        "max": 0.0106650777161,
        "mean": 0.00571413571015,
        "median": 0.00572643987834,
        "min": 2.55028808169e-05,
        "var": 3.00805027109e-06
    },
    "spectral_rolloff": {
        "dmean": 859.611816406,
        "dmean2": 1450.6003418,
        "dvar": 1008528.25,
        "dvar2": 2231095,
        "max": 9969.87304688,
        "mean": 2008.17028809,
        "median": 2067.1875,
        "min": 107.666015625,
        "var": 2368883.75
    },
    "spectral_skewness": {
        "dmean": 0.175837725401,
        "dmean2": 0.286951512098,
        "dvar": 0.0281213019043,
        "dvar2": 0.0711437612772,
        "max": 2.81261754036,
        "mean": 0.869130015373,
        "median": 0.851873457432,
        "min": -0.135568320751,
        "var": 0.0728112757206
    },
    "spectral_spread": {
        "dmean": 421487.53125,
        "dmean2": 608948.4375,
        "dvar": 275490504704,
        "dvar2": 489933144064,
        "max": 10804184,
        "mean": 4334723,
        "median": 4213575.5,
        "min": 2196552.5,
        "var": 1.08342306406e+12
    },
    "spectral_strongpeak": {
        "dmean": 0.482483297586,
        "dmean2": 0.810056686401,
        "dvar": 0.45605430007,
        "dvar2": 1.17331302166,
        "max": 6.4067735672,
        "mean": 0.740063250065,
        "median": 0.452768862247,
        "min": 0.000528731092345,
        "var": 0.678417384624
    },
    "zerocrossingrate": {
        "dmean": 0.0119636468589,
        "dmean2": 0.0142329912633,
        "dvar": 0.000143316094182,
        "dvar2": 0.000169904640643,
        "max": 0.28076171875,
        "mean": 0.0741484314203,
        "median": 0.06884765625,
        "min": 0.005859375,
        "var": 0.000938223151024
    },
    "barkbands": {
        "dmean": [0.000472870277008, 0.00445652753115, 0.00695772282779, 0.00242917775176, 0.00249508419074, 0.00118117209058, 0.00129490741529, 0.00116548943333, 0.000896098092198, 0.000399643729907, 0.000249886827078, 0.000322260340909, 0.000262711604591, 0.000274339690804, 0.000272761622909, 0.000427427439718, 0.000422803626861, 0.000278240535408, 0.000375263713067, 0.000290518742986, 0.000243944101385, 0.000226099873544, 0.000165032179211, 0.000157111673616, 5.79861480219e-05, 5.65648399231e-08, 1.12801155083e-08],
        "dmean2": [0.000807019649073, 0.00749083375558, 0.012285137549, 0.00416219979525, 0.00408435892314, 0.00191729539074, 0.00196702522226, 0.00180674192961, 0.00140068342444, 0.000612450006884, 0.000395145500079, 0.000502600451, 0.000411847169744, 0.000437679002061, 0.000439394760178, 0.000696029572282, 0.000695383816492, 0.000441962678451, 0.000600625528023, 0.000477756897453, 0.000415201997384, 0.000373802380636, 0.000260764238192, 0.000237896529143, 8.52148077684e-05, 8.76447217024e-08, 2.083995021e-08],
        "dvar": [8.65208221512e-07, 4.24119280069e-05, 0.000118914984341, 1.2516861716e-05, 1.57503636729e-05, 5.33016691406e-06, 8.45621707413e-06, 9.09808659344e-06, 4.72247938887e-06, 1.19044057101e-06, 3.56487049658e-07, 4.75296786817e-07, 3.68059545508e-07, 3.24871905377e-07, 2.97289318496e-07, 2.35008016602e-07, 2.28722740303e-07, 1.83451390967e-07, 2.20173703269e-07, 1.22112041367e-07, 1.01726229218e-07, 1.71943639771e-07, 1.17170230851e-07, 1.51412137939e-07, 3.03065625928e-08, 2.71685834772e-14, 2.55511342539e-15],
        "dvar2": [2.34710023506e-06, 0.000105489401903, 0.000340097234584, 3.33957686962e-05, 4.09922613471e-05, 1.30870866997e-05, 1.87801142602e-05, 2.00479844352e-05, 1.13871856229e-05, 2.64623577095e-06, 9.72929797172e-07, 1.22605933939e-06, 9.11355414246e-07, 8.40971949856e-07, 7.32291312033e-07, 6.16770819306e-07, 5.99095983489e-07, 4.22065312478e-07, 5.24159474935e-07, 2.98642220287e-07, 2.77058802567e-07, 4.38376076772e-07, 2.60043890421e-07, 3.28880332745e-07, 6.16779516349e-08, 5.45209900447e-14, 7.35598393856e-15],
        "max": [0.00780358305201, 0.0550938844681, 0.0733020752668, 0.0292083695531, 0.0339512489736, 0.0415038652718, 0.0462941750884, 0.0535967685282, 0.0305059608072, 0.0257379598916, 0.00992863066494, 0.0169105231762, 0.011748152785, 0.0115231182426, 0.0140334367752, 0.00873929448426, 0.00801288615912, 0.00821837317199, 0.00575763825327, 0.00627846317366, 0.00485962675884, 0.00602363608778, 0.00904429145157, 0.00638757646084, 0.00416498770937, 4.45139676231e-06, 1.07375672087e-06],
        "mean": [0.00049148616381, 0.00708811078221, 0.00836684461683, 0.00284449080937, 0.00338167976588, 0.00163455295842, 0.00174818688538, 0.00136001012288, 0.0012739211088, 0.000605172652286, 0.000381862133509, 0.00056132680038, 0.000421360076871, 0.000434165209299, 0.000463615404442, 0.00091841124231, 0.00091563956812, 0.000543111586012, 0.00084210926434, 0.00061214575544, 0.000518632121384, 0.000427101185778, 0.000322054635035, 0.000297496444546, 9.732995386e-05, 7.92325565158e-08, 7.60141372069e-09],
        "median": [0.000127334264107, 0.00426605297253, 0.00415354641154, 0.00157491175923, 0.00204668659717, 0.000767948920839, 0.000416125491029, 0.000225604206207, 0.000351049005985, 0.000201246584766, 0.000174940592842, 0.000278569932561, 0.000202453418751, 0.000243289323407, 0.000266053277301, 0.000792818435002, 0.000760974944569, 0.000327668822138, 0.000613486103248, 0.000499960442539, 0.000441178650362, 0.000308195129037, 0.000217029315536, 0.000178390939254, 4.17751616624e-05, 2.98064364301e-08, 9.28833010505e-10],
        "min": [7.57051576983e-09, 2.4676086241e-07, 1.44460926776e-07, 5.55867210039e-08, 1.31255593061e-08, 5.5577960012e-09, 1.85409931852e-09, 1.66077329666e-09, 1.19846499391e-09, 1.55023771597e-09, 1.09924780389e-09, 6.26502512091e-08, 5.43188072299e-09, 7.04796221385e-10, 4.88500706552e-09, 2.94211517371e-08, 1.87476736357e-08, 1.59962421087e-09, 1.09543307758e-08, 1.28343220496e-08, 1.48133461053e-08, 7.11133774089e-09, 3.42668471376e-09, 1.38151667883e-09, 1.67522384853e-10, 1.99429817278e-12, 2.93870201611e-12],
        "var": [8.1192382595e-07, 7.00773889548e-05, 0.000122209748952, 1.28900110212e-05, 1.68733822647e-05, 6.53295182929e-06, 1.58112416102e-05, 1.30738735606e-05, 7.71859595261e-06, 2.47172783929e-06, 5.5176457181e-07, 8.52612117797e-07, 5.73234615331e-07, 4.77728804071e-07, 5.83368375828e-07, 5.29840860963e-07, 5.56832105758e-07, 4.95153244628e-07, 5.91383923165e-07, 2.49426449273e-07, 1.61985639124e-07, 2.48297283179e-07, 2.55798937587e-07, 2.68836942041e-07, 5.55813137737e-08, 4.33752019762e-14, 1.53397804391e-15]
    },
    "erbbands": {
        "dmean": [0.116839312017, 1.20444691181, 7.01103115082, 7.88283157349, 9.76462364197, 7.26522493362, 9.0594701767, 9.53546333313, 9.87231063843, 27.3348121643, 23.4361019135, 20.9425849915, 14.6175985336, 12.0832061768, 7.10058069229, 14.4051713943, 11.3026304245, 13.271771431, 12.1110973358, 14.5975847244, 25.5672683716, 19.3844261169, 15.6851701736, 15.1992368698, 19.0643692017, 13.6233844757, 11.6782655716, 8.71545410156, 8.27749919891, 6.47098207474, 4.61283540726, 3.66470575333, 2.47131061554, 1.18302345276, 0.0992809534073, 0.00427447119728, 0.00020930863684, 3.02768603433e-05, 1.1245546375e-05, 1.55799225467e-05],
        "dmean2": [0.19094158709, 2.09878325462, 12.3879337311, 13.7559900284, 16.2488040924, 11.8032579422, 14.3347921371, 15.7309379578, 15.6072225571, 41.6269493103, 35.9282875061, 32.5000038147, 21.7147293091, 19.3466129303, 11.1856584549, 22.4916229248, 17.503610611, 21.1254310608, 19.3362045288, 23.2023696899, 41.4637145996, 31.6242637634, 24.8489074707, 24.1623439789, 30.4209938049, 22.6195755005, 19.8902225494, 14.6645784378, 13.8017940521, 10.6566696167, 7.27022361755, 5.56705999374, 3.77761125565, 1.72027897835, 0.150800362229, 0.00643943436444, 0.000310936447931, 4.5826745918e-05, 1.75939130713e-05, 2.56605653703e-05],
        "dvar": [0.0398490577936, 2.8644387722, 107.086418152, 170.754074097, 260.600738525, 108.128959656, 282.498718262, 431.033996582, 516.083984375, 3331.47167969, 3695.83618164, 2638.12426758, 1481.8704834, 881.482849121, 227.478744507, 774.105712891, 640.354492188, 791.030578613, 538.283569336, 650.113952637, 768.407470703, 411.147216797, 589.790405273, 364.044769287, 630.238830566, 281.550598145, 218.657852173, 170.959716797, 206.526184082, 150.675765991, 104.413726807, 76.0912704468, 43.1687660217, 12.4806222916, 0.0893355533481, 0.000159681527293, 3.23985005934e-07, 5.3463278249e-09, 2.8924518336e-10, 2.85565515679e-10],
        "dvar2": [0.0953293964267, 7.80310297012, 308.767303467, 477.089691162, 686.124633789, 269.244415283, 609.826843262, 1121.24621582, 1151.34143066, 7291.08349609, 8508.08496094, 6212.80273438, 3220.3137207, 2281.72827148, 592.339477539, 1963.03234863, 1560.83740234, 2109.98730469, 1391.36755371, 1587.265625, 2002.96179199, 1042.11181641, 1419.07885742, 882.606262207, 1529.95141602, 699.333374023, 590.096252441, 475.116333008, 517.003234863, 376.94644165, 224.563537598, 171.548156738, 95.1672897339, 25.1693496704, 0.186029911041, 0.000327455316437, 6.49471360248e-07, 1.13071410013e-08, 6.55464404975e-10, 7.6342732136e-10],
        "max": [1.88146722317, 14.4162034988, 69.735710144, 93.0070953369, 135.586181641, 150.033172607, 263.288024902, 476.115264893, 398.373046875, 785.690002441, 756.082641602, 911.796020508, 812.68560791, 572.031860352, 452.400360107, 393.509552002, 502.578887939, 563.303466797, 378.119293213, 901.814147949, 380.027130127, 367.460601807, 454.937805176, 346.434875488, 318.939819336, 280.863525391, 211.093658447, 143.919372559, 210.263290405, 231.110610962, 265.117279053, 187.437011719, 106.683372498, 86.6823654175, 6.14650726318, 0.269598871469, 0.0119965393096, 0.00128182664048, 0.000258728250628, 0.000134066111059],
        "mean": [0.172706872225, 1.77211761475, 8.75375080109, 9.8525800705, 11.4786615372, 10.6855382919, 12.7782287598, 12.7478952408, 14.571144104, 35.3893928528, 29.4120903015, 30.3141021729, 23.3122386932, 19.2844676971, 12.9148292542, 26.1697826385, 20.0649337769, 22.5449428558, 21.2509174347, 31.3756408691, 59.1489067078, 46.4202384949, 33.0378074646, 34.3316383362, 42.3133087158, 28.6518211365, 23.8284797668, 18.6500282288, 15.7360525131, 11.7125787735, 8.92093467712, 6.8791975975, 4.54946947098, 2.04814767838, 0.163292199373, 0.00722354417667, 0.000396848772652, 5.99774793955e-05, 3.25800065184e-05, 4.75499218737e-05],
        "median": [0.098695024848, 1.05920600891, 4.73425340652, 6.17836093903, 6.26615810394, 6.48511362076, 5.87023735046, 6.06261014938, 5.43896865845, 8.90404701233, 6.01566696167, 9.12780284882, 7.36420202255, 8.18761730194, 7.21415996552, 13.6926717758, 10.9522438049, 13.0141353607, 13.1846666336, 23.3214130402, 52.7808570862, 40.8389549255, 21.7521381378, 26.8798789978, 29.0340023041, 23.7101669312, 20.0951213837, 15.386343956, 11.3334617615, 7.88545131683, 6.00291156769, 4.20401668549, 2.54431653023, 0.922723650932, 0.0655435547233, 0.00305356760509, 0.000203269446502, 3.50205882569e-05, 2.88602077489e-05, 4.50969710073e-05],
        "min": [7.07910703568e-06, 5.54813013878e-05, 0.000150687294081, 0.000216503394768, 8.32761070342e-05, 3.39245598298e-05, 3.74510345864e-05, 4.70523445983e-05, 4.17969858972e-05, 1.79889138963e-05, 4.77825487906e-05, 2.96792295558e-05, 2.25564708671e-05, 6.94266418577e-05, 0.000280899985228, 0.00296994368546, 0.000628511770628, 6.67330532451e-05, 0.000266652612481, 0.000847606745083, 0.00125295761973, 0.000964594597463, 0.000187595986063, 0.000531194440555, 0.000414036796428, 0.000683307705913, 0.000647244858555, 0.000490727776196, 0.000276131380815, 0.000133841720526, 8.32915247884e-05, 3.76955176762e-05, 1.84066720976e-05, 4.70283339382e-06, 1.35856339512e-07, 1.39146196787e-08, 5.7647779883e-09, 1.73394421044e-09, 8.37174218837e-10, 8.56202830857e-10],
        "var": [0.0565951392055, 4.19206666946, 117.176124573, 147.637924194, 247.859085083, 158.159240723, 447.643920898, 416.294189453, 939.192504883, 5527.74853516, 5289.20458984, 4274.07568359, 3194.35620117, 1501.20349121, 394.515136719, 1569.06762695, 1075.40808105, 1203.81921387, 786.363342285, 1561.45556641, 1979.63586426, 1137.57177734, 1539.02380371, 982.598999023, 1681.76501465, 525.846130371, 328.082183838, 249.924697876, 316.315887451, 239.046142578, 229.274383545, 146.547637939, 70.9856719971, 22.7479705811, 0.172579154372, 0.00031305430457, 6.47803858556e-07, 9.97482185738e-09, 6.17546458415e-10, 6.25645146801e-10]
    },
    "gfcc": {
        "mean": [22.9914512634, 103.322868347, -145.752929688, 80.7176055908, -69.9083404541, 22.0653114319, -37.9632072449, 2.78140330315, -10.4087247849, -16.4999408722, -1.75879323483, -20.5264644623, 3.47211670876],
        "cov": [[2441.68041992, -492.622009277, 119.565513611, 130.347396851, -197.08543396, 354.743560791, -57.1570549011, 272.236602783, 31.0896530151, 105.05027771, 49.8369407654, 31.003786087, -36.4594535828], [-492.622009277, 666.758056641, -186.160110474, -87.9282684326, 153.508224487, -233.59602356, 181.02734375, -124.027870178, 84.1751403809, -53.5015563965, 35.4171791077, -39.4658737183, 19.2407817841], [119.565513611, -186.160110474, 464.950714111, 176.4559021, -6.40485811234, 170.782333374, -82.582649231, 51.0133209229, -35.2540435791, 30.0966339111, -9.14640235901, 4.72769737244, -14.9016399384], [130.347396851, -87.9282684326, 176.4559021, 284.706298828, 147.248947144, 80.1604690552, 6.05183362961, -16.9572143555, -14.898182869, 20.7033195496, 12.4918966293, 62.7449607849, 46.2518501282], [-197.08543396, 153.508224487, -6.40485811234, 147.248947144, 255.04901123, 16.9591369629, 85.0999526978, -45.6066551208, 2.6289870739, -9.93489456177, 9.35880184174, 37.2410812378, 55.6860733032], [354.743560791, -233.59602356, 170.782333374, 80.1604690552, 16.9591369629, 300.447845459, 32.6300392151, 99.4343261719, -26.8674964905, 13.5934562683, -0.888944268227, 20.3467750549, -4.49201726913], [-57.1570549011, 181.02734375, -82.582649231, 6.05183362961, 85.0999526978, 32.6300392151, 203.008987427, 8.08254241943, 34.2307090759, -24.6186618805, 18.4769458771, -2.65218234062, -0.574293732643], [272.236602783, -124.027870178, 51.0133209229, -16.9572143555, -45.6066551208, 99.4343261719, 8.08254241943, 148.76109314, 32.8329772949, 26.7594833374, 5.1774058342, -23.5429573059, -18.9023418427], [31.0896530151, 84.1751403809, -35.2540435791, -14.898182869, 2.6289870739, -26.8674964905, 34.2307090759, 32.8329772949, 90.0082244873, 23.26379776, 13.7007513046, -24.0625247955, -9.64376449585], [105.05027771, -53.5015563965, 30.0966339111, 20.7033195496, -9.93489456177, 13.5934562683, -24.6186618805, 26.7594833374, 23.26379776, 71.1502227783, 19.6885871887, 4.67738580704, -4.52423620224], [49.8369407654, 35.4171791077, -9.14640235901, 12.4918966293, 9.35880184174, -0.888944268227, 18.4769458771, 5.1774058342, 13.7007513046, 19.6885871887, 57.4681434631, 17.4423103333, -7.42791604996], [31.003786087, -39.4658737183, 4.72769737244, 62.7449607849, 37.2410812378, 20.3467750549, -2.65218234062, -23.5429573059, -24.0625247955, 4.67738580704, 17.4423103333, 86.0606155396, 49.6139335632], [-36.4594535828, 19.2407817841, -14.9016399384, 46.2518501282, 55.6860733032, -4.49201726913, -0.574293732643, -18.9023418427, -9.64376449585, -4.52423620224, -7.42791604996, 49.6139335632, 76.4208297729]],
        "icov": [[0.000834817357827, -0.000915155280381, 0.00113341154065, -0.0019190297462, 0.001741532702, -0.00145502144005, 0.000955882016569, -0.00142706464976, 0.000438902410679, -0.000601833162364, 0.000258863699855, -0.000409485888667, 0.000621578015853], [-0.000915155280381, 0.0105378068984, -0.00514621892944, 0.00888531375676, -0.00772265577689, 0.00742591125891, -0.00788573175669, 0.00729753309861, -0.00644913921133, 0.00434944732115, -0.00773241603747, 0.00566635420546, -0.00664791883901], [0.00113341154065, -0.00514621892944, 0.0077059995383, -0.00884771067649, 0.0059323515743, -0.00631210161373, 0.00578638259321, -0.00438611302525, 0.00362728582695, -0.00239264266565, 0.00353959202766, -0.000793778512161, 0.00413418421522], [-0.0019190297462, 0.00888531375676, -0.00884771067649, 0.0184909086674, -0.0129469158128, 0.00733539229259, -0.00683753751218, 0.00797335896641, -0.00615063915029, 0.0025282735005, -0.00567442039028, 8.09880148154e-05, -0.00551359262317], [0.001741532702, -0.00772265577689, 0.0059323515743, -0.0129469158128, 0.015979686752, -0.00723567511886, 0.00328247761354, -0.00423735333607, 0.00460638478398, -0.00331122823991, 0.00375467352569, -0.000446538790129, -0.000284839479718], [-0.00145502144005, 0.00742591125891, -0.00631210161373, 0.00733539229259, -0.00723567511886, 0.0130870630965, -0.00812514126301, 0.00099114771001, -0.00111056899186, 0.00260150735267, -0.00326211005449, 0.000843616027851, -0.00285929022357], [0.000955882016569, -0.00788573175669, 0.00578638259321, -0.00683753751218, 0.00328247761354, -0.00812514126301, 0.0145297273993, -0.00575956236571, 0.00112560228445, 0.000853891775478, 0.00321031897329, -0.00419517979026, 0.00675138039514], [-0.00142706464976, 0.00729753309861, -0.00438611302525, 0.00797335896641, -0.00423735333607, 0.00099114771001, -0.00575956236571, 0.0184651352465, -0.00892412755638, 0.00111353676766, -0.00627373624593, 0.0075835743919, -0.00712264794856], [0.000438902410679, -0.00644913921133, 0.00362728582695, -0.00615063915029, 0.00460638478398, -0.00111056899186, 0.00112560228445, -0.00892412755638, 0.0224534906447, -0.00866809021682, 0.00229532201774, 0.00236440193839, 0.00165060721338], [-0.000601833162364, 0.00434944732115, -0.00239264266565, 0.0025282735005, -0.00331122823991, 0.00260150735267, 0.000853891775478, 0.00111353676766, -0.00866809021682, 0.0225761700422, -0.00900934822857, 0.000790885009337, -0.00167780753691], [0.000258863699855, -0.00773241603747, 0.00353959202766, -0.00567442039028, 0.00375467352569, -0.00326211005449, 0.00321031897329, -0.00627373624593, 0.00229532201774, -0.00900934822857, 0.0320553146303, -0.0162871666253, 0.015185422264], [-0.000409485888667, 0.00566635420546, -0.000793778512161, 8.09880148154e-05, -0.000446538790129, 0.000843616027851, -0.00419517979026, 0.0075835743919, 0.00236440193839, 0.000790885009337, -0.0162871666253, 0.0330741256475, -0.0223168600351], [0.000621578015853, -0.00664791883901, 0.00413418421522, -0.00551359262317, -0.000284839479718, -0.00285929022357, 0.00675138039514, -0.00712264794856, 0.00165060721338, -0.00167780753691, 0.015185422264, -0.0223168600351, 0.0336008407176]]
    },
    "melbands": {
        "dmean": [0.00108099461067, 0.00285026314668, 0.00138210866135, 0.000610895687714, 0.000292115408229, 0.000207457269426, 0.00019152915047, 0.000293043907732, 0.00018437881954, 0.000134777656058, 7.34981658752e-05, 5.02203256474e-05, 2.73070309049e-05, 3.38140489475e-05, 2.86964968836e-05, 2.84183097392e-05, 2.68995336228e-05, 2.05204651138e-05, 2.23743809329e-05, 2.63892343355e-05, 3.38469908456e-05, 2.29309007409e-05, 1.95598822756e-05, 1.25605574794e-05, 1.33348412419e-05, 1.6432684788e-05, 1.18989255498e-05, 9.716052773e-06, 8.35201171867e-06, 6.14414148004e-06, 4.89514059154e-06, 4.95327458339e-06, 4.64057256977e-06, 3.48003891304e-06, 2.73714704235e-06, 2.68332109954e-06, 2.25590429181e-06, 2.00980321097e-06, 1.39198698434e-06, 9.04622595499e-07],
        "dmean2": [0.00178810372017, 0.00502162799239, 0.00236738077365, 0.00100860162638, 0.00046418706188, 0.000340734113706, 0.000296738842735, 0.000446147168986, 0.00028356720577, 0.00020896672504, 0.00010923184891, 8.00387861091e-05, 4.29716819781e-05, 5.27446427441e-05, 4.4851040002e-05, 4.43117241957e-05, 4.30376603617e-05, 3.30117109115e-05, 3.5871322325e-05, 4.28369239671e-05, 5.48552779946e-05, 3.76683856302e-05, 3.1709070754e-05, 2.0181059881e-05, 2.16050066228e-05, 2.64549616986e-05, 1.92130046344e-05, 1.64245047927e-05, 1.43525530802e-05, 1.04060654849e-05, 8.29286182125e-06, 8.32076875668e-06, 7.60014881962e-06, 5.73177430852e-06, 4.39527366325e-06, 4.18215631726e-06, 3.46539604834e-06, 3.17017224916e-06, 2.05315495805e-06, 1.33793002988e-06],
        "dvar": [2.8373412988e-06, 1.64232878888e-05, 4.06998060498e-06, 9.96338371806e-07, 2.47337652581e-07, 1.91021271689e-07, 1.88527934597e-07, 3.76879313535e-07, 2.33481728174e-07, 1.14792854333e-07, 3.91771948216e-08, 1.47251064675e-08, 3.1493923025e-09, 5.48461098759e-09, 3.19371107338e-09, 5.08980546599e-09, 3.51635631723e-09, 1.67458946709e-09, 2.33528729687e-09, 1.11382603141e-09, 1.30723631919e-09, 6.24177487474e-10, 8.15975509383e-10, 3.92850113551e-10, 2.8417182496e-10, 5.01481356441e-10, 2.44145953454e-10, 1.44704054295e-10, 1.08869024906e-10, 7.2922938521e-11, 6.91900703398e-11, 7.02307934031e-11, 8.63143653773e-11, 3.74604479381e-11, 3.29602872773e-11, 4.51542692126e-11, 2.88933460491e-11, 2.99806394988e-11, 1.38381606521e-11, 7.99256320849e-12],
        "dvar2": [6.78024480294e-06, 4.7484136303e-05, 1.11927129183e-05, 2.65166750069e-06, 5.24659299117e-07, 4.89463161557e-07, 4.23132831884e-07, 8.18123680801e-07, 5.43326052593e-07, 2.71439233757e-07, 8.51496366749e-08, 3.76767559374e-08, 8.29915514089e-09, 1.4544869309e-08, 7.44228501048e-09, 1.31707267315e-08, 9.32293620082e-09, 4.25105817214e-09, 5.57882673391e-09, 2.85848478221e-09, 3.5137113219e-09, 1.63415658783e-09, 1.98917371463e-09, 9.31538401971e-10, 7.19859838405e-10, 1.19289633727e-09, 6.0107224753e-10, 3.66925156925e-10, 2.90673096703e-10, 2.01638775121e-10, 1.92457230708e-10, 1.78671480389e-10, 2.21593965399e-10, 9.37033783899e-11, 7.07357367125e-11, 1.03759625891e-10, 6.59748158882e-11, 6.88856818809e-11, 2.80135845077e-11, 1.65646472233e-11],
        "max": [0.0146612031385, 0.0286202374846, 0.0141540681943, 0.00837806612253, 0.00733063323423, 0.00955492723733, 0.00676585687324, 0.00859781168401, 0.00571791315451, 0.00585537031293, 0.00425660330802, 0.00228638527915, 0.000894547440112, 0.00211490225047, 0.00121268886141, 0.00154585135169, 0.00129135500174, 0.000686144048814, 0.00115553312935, 0.000723163713701, 0.000444447417976, 0.000386496569263, 0.000572018325329, 0.000385646155337, 0.000284124078462, 0.000329658243572, 0.000246120267548, 0.00017801814829, 9.6664094599e-05, 0.000163269593031, 9.43950217334e-05, 0.000134000438266, 0.000157985734404, 0.000106311410491, 0.000144178280607, 0.000180879476829, 9.44026905927e-05, 8.99181541172e-05, 6.24416643404e-05, 7.37821537768e-05],
        "mean": [0.0017336292658, 0.00388202490285, 0.00184284104034, 0.000799066387117, 0.000442067102995, 0.000280603650026, 0.000273667683359, 0.000374350202037, 0.000227506723604, 0.000193324434804, 0.000113291906018, 7.69875259721e-05, 4.4075120968e-05, 5.93577933614e-05, 5.23326052644e-05, 4.47754209745e-05, 4.2285395466e-05, 3.24019856635e-05, 3.85286912206e-05, 5.29181925231e-05, 7.31415566406e-05, 5.03234696225e-05, 3.72934955521e-05, 2.40113240579e-05, 2.74106023426e-05, 3.41251688951e-05, 2.47461448453e-05, 1.78190002771e-05, 1.55369070853e-05, 1.25528986246e-05, 9.82384335657e-06, 9.03212549019e-06, 7.73053034209e-06, 6.0494085119e-06, 5.11731650477e-06, 4.78007905258e-06, 3.99518967242e-06, 3.45332978213e-06, 2.47833145295e-06, 1.45620310832e-06],
        "median": [0.00106204394251, 0.00233687949367, 0.00125231605489, 0.000484855816467, 0.000241357833147, 0.000134319183417, 8.55708203744e-05, 9.45407591644e-05, 3.72985596186e-05, 5.43404894415e-05, 3.35502663802e-05, 3.11188669002e-05, 2.19148587348e-05, 3.10115829052e-05, 2.94853271043e-05, 2.04754032893e-05, 2.34670678765e-05, 1.96328765014e-05, 2.17390352191e-05, 4.21492441092e-05, 6.44847677904e-05, 4.34016692452e-05, 2.7182912163e-05, 1.43334700624e-05, 2.15677027882e-05, 2.31453268498e-05, 1.78004083864e-05, 1.4502711565e-05, 1.26382537928e-05, 1.02688836705e-05, 7.73274678068e-06, 6.49630646876e-06, 5.1068141147e-06, 4.0405470827e-06, 3.36151310876e-06, 2.8065189781e-06, 2.39453652284e-06, 1.90547552847e-06, 1.28014301026e-06, 5.88812667957e-07],
        "min": [6.65479902295e-08, 7.97330912405e-08, 3.34396439428e-08, 3.52903084533e-09, 1.29365740342e-09, 1.07522402093e-09, 6.10502148835e-10, 2.03334071802e-10, 3.88614085356e-10, 1.65597355273e-10, 1.06330069749e-10, 2.67216082595e-10, 1.96491600768e-10, 6.69834276934e-09, 5.37687627755e-09, 5.12059505908e-10, 3.77137383822e-11, 3.70102726244e-10, 3.41768752188e-10, 2.376510988e-09, 1.22502497035e-09, 1.18762155665e-09, 3.40821953992e-10, 8.47533640491e-11, 4.87290929829e-10, 3.38732125682e-10, 3.0544916596e-10, 4.90670670761e-10, 4.14087902856e-10, 3.66294272691e-10, 2.27809549003e-10, 1.91406543393e-10, 8.42008962554e-11, 7.54857079621e-11, 5.28419773216e-11, 2.96318594661e-11, 1.68375487164e-11, 1.30618137834e-11, 9.08399310634e-12, 1.36823083245e-12],
        "var": [4.59641159978e-06, 1.98269717657e-05, 3.99787631977e-06, 9.91147430796e-07, 4.07694017213e-07, 1.95802996927e-07, 3.55850261258e-07, 6.20718424216e-07, 3.39128632731e-07, 1.95124115976e-07, 8.29978219485e-08, 2.50471696717e-08, 5.35624788967e-09, 9.40937283644e-09, 5.83691717182e-09, 7.15922476857e-09, 5.13773734667e-09, 2.18535123331e-09, 4.53123272237e-09, 2.39444575278e-09, 3.1789368915e-09, 1.55362878118e-09, 1.62000868276e-09, 1.01840391675e-09, 6.547606346e-10, 1.20926213487e-09, 5.84305270834e-10, 2.28094265697e-10, 1.55862878159e-10, 1.09517145352e-10, 8.45034597852e-11, 1.01602913583e-10, 1.19926998887e-10, 6.25795179565e-11, 7.09944464328e-11, 8.89011850247e-11, 5.05823889718e-11, 4.43407636996e-11, 2.51518424144e-11, 1.41608192186e-11]
    },
    "mfcc": {
        "mean": [-590.469299316, 90.0921936035, 1.19406473637, 40.1270828247, 10.0309925079, 9.05227279663, -0.306770116091, 6.01297283173, 2.02414131165, 2.07339644432, -4.97206354141, 2.34638643265, -0.724448859692],
        "cov": [[2486.30273438, -510.340423584, 146.260864258, -161.244781494, -9.98430538177, 1.29362535477, 30.5673770905, 128.032012939, 18.8863487244, 140.579650879, 102.018737793, 55.844833374, 46.9277038574], [-510.340423584, 662.702514648, -291.491577148, 102.559440613, -116.41153717, -29.8905563354, -21.418138504, -32.2095375061, 5.24269533157, -11.2159423828, -0.988935947418, 10.7638378143, -15.9990253448], [146.260864258, -291.491577148, 509.289703369, -52.2322692871, 115.463218689, 36.5862312317, 21.7662296295, 26.3879318237, -18.2458629608, 37.5380363464, 34.3334846497, -12.3154973984, -2.66918802261], [-161.244781494, 102.559440613, -52.2322692871, 280.837768555, 73.0055541992, 67.3019866943, 7.51521110535, -29.0205745697, 17.2010154724, -49.2530059814, -43.6173248291, 14.7769975662, 30.3952579498], [-9.98430538177, -116.41153717, 115.463218689, 73.0055541992, 194.212097168, 65.0690689087, 31.2573852539, 1.47257757187, 26.0763149261, -11.9262256622, -23.906955719, 9.17591094971, 19.9262466431], [1.29362535477, -29.8905563354, 36.5862312317, 67.3019866943, 65.0690689087, 174.694869995, 85.8218917847, 46.7540664673, 29.608915329, -30.6626186371, -22.5768814087, 16.4806842804, 23.9862194061], [30.5673770905, -21.418138504, 21.7662296295, 7.51521110535, 31.2573852539, 85.8218917847, 133.643218994, 76.857749939, 27.3643703461, 5.38973522186, 4.86388635635, 11.0916547775, 13.6757678986], [128.032012939, -32.2095375061, 26.3879318237, -29.0205745697, 1.47257757187, 46.7540664673, 76.857749939, 120.634681702, 31.6383895874, 30.3646736145, 10.608259201, 4.83260774612, 7.88531494141], [18.8863487244, 5.24269533157, -18.2458629608, 17.2010154724, 26.0763149261, 29.608915329, 27.3643703461, 31.6383895874, 87.1872558594, 21.0336608887, -6.26770019531, 9.42882919312, 10.7573471069], [140.579650879, -11.2159423828, 37.5380363464, -49.2530059814, -11.9262256622, -30.6626186371, 5.38973522186, 30.3646736145, 21.0336608887, 119.168243408, 61.0077171326, 4.61244678497, -17.824930191], [102.018737793, -0.988935947418, 34.3334846497, -43.6173248291, -23.906955719, -22.5768814087, 4.86388635635, 10.608259201, -6.26770019531, 61.0077171326, 88.8451080322, 14.521938324, -7.70692014694], [55.844833374, 10.7638378143, -12.3154973984, 14.7769975662, 9.17591094971, 16.4806842804, 11.0916547775, 4.83260774612, 9.42882919312, 4.61244678497, 14.521938324, 64.4645690918, 35.7608985901], [46.9277038574, -15.9990253448, -2.66918802261, 30.3952579498, 19.9262466431, 23.9862194061, 13.6757678986, 7.88531494141, 10.7573471069, -17.824930191, -7.70692014694, 35.7608985901, 67.3189468384]],
