{
"lowlevel": {
    "average_loudness": 0.958046138287,
    "barkbands_crest": {
        "dmean": 2.95085477829,
        "dmean2": 4.42320394516,
        "dvar": 6.90064334869,
        "dvar2": 13.8732776642,
        "max": 24.3023509979,
        "mean": 9.73345184326,
        "median": 8.29396152496,
        "min": 2.42679452896,
        "var": 23.1014862061
    },
    "barkbands_flatness_db": {
        "dmean": 0.0184821859002,
        "dmean2": 0.0270551033318,
        "dvar": 0.000282177177723,
        "dvar2": 0.000530155957676,
        "max": 0.25419870019,
        "mean": 0.128871560097,
        "median": 0.123607292771,
        "min": 0.056627292186,
        "var": 0.00101566477679
    },
    "barkbands_kurtosis": {
        "dmean": 1.38401091099,
        "dmean2": 2.15113449097,
        "dvar": 3.7462875843,
        "dvar2": 8.08929634094,
        "max": 28.4904460907,
        "mean": 1.03727340698,
        "median": 0.292014598846,
        "min": -1.70880186558,
        "var": 6.24281930923
    },
    "barkbands_skewness": {
        "dmean": 0.452527910471,
        "dmean2": 0.690527439117,
        "dvar": 0.172188833356,
        "dvar2": 0.343602448702,
        "max": 4.84863233566,
        "mean": 1.00547230244,
        "median": 0.922619640827,
        "min": -0.9128729105,
        "var": 0.582664549351
    },
    "barkbands_spread": {
        "dmean": 6.77550935745,
        "dmean2": 10.008690834,
        "dvar": 35.4482955933,
        "dvar2": 77.783454895,
        "max": 73.2276763916,
        "mean": 28.5251502991,
        "median": 27.0854072571,
        "min": 4.03773212433,
        "var": 98.8933868408
    },
    "dissonance": {
        "dmean": 0.0164241623133,
        "dmean2": 0.0278003420681,
        "dvar": 0.000212891463889,
        "dvar2": 0.000518702028785,
        "max": 0.49993994832,
        "mean": 0.470055758953,
        "median": 0.473512858152,
        "min": 0.260381877422,
        "var": 0.000378093449399
    },
    "dynamic_complexity": 1.2905626297,
    "erbbands_crest": {
        "dmean": 3.24762177467,
        "dmean2": 5.41884183884,
        "dvar": 7.76456069946,
        "dvar2": 20.2467041016,
        "max": 25.2769432068,
        "mean": 9.08892154694,
        "median": 8.35154247284,
        "min": 2.79479956627,
        "var": 15.0338888168
    },
    "erbbands_flatness_db": {
        "dmean": 0.0172289796174,
        "dmean2": 0.0268687587231,
        "dvar": 0.000206536147743,
        "dvar2": 0.000494372332469,
        "max": 0.31347233057,
        "mean": 0.168263882399,
        "median": 0.16761238873,
        "min": 0.104487590492,
        "var": 0.00069870025618
    },
    "erbbands_kurtosis": {
        "dmean": 1.01657068729,
        "dmean2": 1.67433321476,
        "dvar": 1.31890320778,
        "dvar2": 3.26541805267,
        "max": 16.8240318298,
        "mean": 0.747157394886,
        "median": 0.370869398117,
        "min": -1.54271531105,
        "var": 2.67413425446
    },
    "erbbands_skewness": {
        "dmean": 0.310583412647,
        "dmean2": 0.480150490999,
        "dvar": 0.0722597017884,
        "dvar2": 0.162559702992,
        "max": 2.99394416809,
        "mean": 0.321789592505,
        "median": 0.283072441816,
        "min": -1.45356476307,
        "var": 0.239161089063
    },
    "erbbands_spread": {
        "dmean": 8.55198001862,
        "dmean2": 13.3451757431,
        "dvar": 48.2782058716,
        "dvar2": 112.900215149,
        "max": 91.7503890991,
        "mean": 35.0847816467,
        "median": 32.5527000427,
        "min": 4.10234546661,
        "var": 207.906326294
    },
    "hfc": {
        "dmean": 10.9526615143,
        "dmean2": 16.4226779938,
        "dvar": 104.836921692,
        "dvar2": 233.513473511,
        "max": 113.2758255,
        "mean": 37.6204910278,
        "median": 35.4714393616,
        "min": 3.68940258026,
        "var": 321.23538208
    },
    "melbands_crest": {
        "dmean": 3.93504619598,
        "dmean2": 5.7258348465,
        "dvar": 12.410118103,
        "dvar2": 21.7894859314,
        "max": 30.4096412659,
        "mean": 14.1513118744,
        "median": 12.3953847885,
        "min": 3.84172725677,
        "var": 51.9097480774
    },
    "melbands_flatness_db": {
        "dmean": 0.0242692213506,
        "dmean2": 0.0320230722427,
        "dvar": 0.000496246677358,
        "dvar2": 0.000757312111091,
        "max": 0.278025567532,
        "mean": 0.141961976886,
        "median": 0.130982860923,
        "min": 0.0514847263694,
        "var": 0.00241089821793
    },
    "melbands_kurtosis": {
        "dmean": 3.9741101265,
        "dmean2": 6.11629962921,
        "dvar": 29.7361316681,
        "dvar2": 65.2971191406,
        "max": 70.501121521,
        "mean": 6.57389640808,
        "median": 4.31084251404,
        "min": -1.15452528,
        "var": 57.6109008789
    },
    "melbands_skewness": {
        "dmean": 0.638485312462,
        "dmean2": 0.955721914768,
        "dvar": 0.323004841805,
        "dvar2": 0.665745854378,
        "max": 7.2039399147,
        "mean": 2.00544905663,
        "median": 1.87368500233,
        "min": -0.925865888596,
        "var": 1.3037096262
    },
    "melbands_spread": {
        "dmean": 8.83964347839,
        "dmean2": 13.3655357361,
        "dvar": 78.0094985962,
        "dvar2": 170.326629639,
        "max": 132.463928223,
        "mean": 32.5910453796,
        "median": 31.308385849,
        "min": 3.70421075821,
        "var": 198.073516846
    },
    "pitch_salience": {
        "dmean": 0.0705472305417,
        "dmean2": 0.104883246124,
        "dvar": 0.00361355696805,
        "dvar2": 0.00820310879499,
        "max": 0.79782140255,
        "mean": 0.543581664562,
        "median": 0.56395983696,
        "min": 0.188478916883,
        "var": 0.0144365979359
    },
    "silence_rate_20dB": {
        "dmean": 0,
        "dmean2": 0,
        "dvar": 0,
        "dvar2": 0,
        "max": 1,
        "mean": 1,
        "median": 1,
        "min": 1,
        "var": 0
    },
    "silence_rate_30dB": {
        "dmean": 0,
        "dmean2": 0,
        "dvar": 0,
        "dvar2": 0,
        "max": 1,
        "mean": 1,
        "median": 1,
        "min": 1,
        "var": 0
    },
    "silence_rate_60dB": {
        "dmean": 0,
        "dmean2": 0,
        "dvar": 0,
        "dvar2": 0,
        "max": 0,
        "mean": 0,
        "median": 0,
        "min": 0,
        "var": 0
    },
    "spectral_centroid": {
        "dmean": 240.123687744,
        "dmean2": 356.692779541,
        "dvar": 43518.6992188,
        "dvar2": 95517.9921875,
        "max": 3550.4074707,
        "mean": 1609.53747559,
        "median": 1626.04516602,
        "min": 517.765930176,
        "var": 134581.75
    },
    "spectral_complexity": {
        "dmean": 5.15348815918,
        "dmean2": 7.82467031479,
        "dvar": 19.3361377716,
        "dvar2": 40.7388038635,
        "max": 52,
        "mean": 28.5670032501,
        "median": 29,
        "min": 7,
        "var": 67.3144454956
    },
    "spectral_decrease": {
        "dmean": 2.83052004058e-09,
        "dmean2": 4.54590587395e-09,
        "dvar": 9.44935232142e-18,
        "dvar2": 2.04357302981e-17,
        "max": -6.97172486408e-10,
        "mean": -1.04619406471e-08,
        "median": -8.58836468609e-09,
        "min": -2.5746265564e-08,
        "var": 3.61470913194e-17
    },
    "spectral_energy": {
        "dmean": 0.0111962081864,
        "dmean2": 0.0180076658726,
        "dvar": 0.000140939519042,
        "dvar2": 0.000312215124723,
        "max": 0.103382229805,
        "mean": 0.0428980961442,
        "median": 0.0367609225214,
        "min": 0.00301089999266,
        "var": 0.000545565213542
    },
    "spectral_energyband_high": {
        "dmean": 0.000832004763652,
        "dmean2": 0.0012038272107,
        "dvar": 1.05182471088e-06,
        "dvar2": 2.15279851545e-06,
        "max": 0.0104507748038,
        "mean": 0.0017961069243,
        "median": 0.001315628062,
        "min": 6.10740898992e-05,
        "var": 2.33404398386e-06
    },
    "spectral_energyband_low": {
        "dmean": 0.00653140619397,
        "dmean2": 0.00919916573912,
        "dvar": 8.03990333225e-05,
        "dvar2": 0.00013212171325,
        "max": 0.068891748786,
        "mean": 0.0170796383172,
        "median": 0.00548090366647,
        "min": 0.000115470167657,
        "var": 0.00038325652713
    },
    "spectral_energyband_middle_high": {
        "dmean": 0.00425737677142,
        "dmean2": 0.0067368093878,
        "dvar": 1.84263099072e-05,
        "dvar2": 4.98618683196e-05,
        "max": 0.0586124919355,
        "mean": 0.0127481436357,
        "median": 0.0116337519139,
        "min": 0.000871306052431,
        "var": 5.93085278524e-05
    },
    "spectral_energyband_middle_low": {
        "dmean": 0.00672355713323,
        "dmean2": 0.0112194977701,
        "dvar": 0.000101130382973,
        "dvar2": 0.000267203053227,
        "max": 0.075925052166,
        "mean": 0.0124485809356,
        "median": 0.00975719559938,
        "min": 0.000724178913515,
        "var": 0.000101481913589
    },
    "spectral_entropy": {
        "dmean": 0.125847399235,
        "dmean2": 0.183150470257,
        "dvar": 0.0118463309482,
        "dvar2": 0.0224308632314,
        "max": 8.43274974823,
        "mean": 7.866979599,
        "median": 7.87261533737,
        "min": 6.86591434479,
        "var": 0.0457670725882
    },
    "spectral_flux": {
        "dmean": 0.0290886927396,
        "dmean2": 0.0413220562041,
        "dvar": 0.000666283536702,
        "dvar2": 0.0013250245247,
        "max": 0.270359307528,
        "mean": 0.120333917439,
        "median": 0.108324572444,
        "min": 0.0260470807552,
        "var": 0.0022540895734
    },
    "spectral_kurtosis": {
        "dmean": 0.926056802273,
        "dmean2": 1.55351996422,
        "dvar": 0.777658343315,
        "dvar2": 2.25864219666,
        "max": 10.0388641357,
        "mean": 1.75492668152,
        "median": 1.56131839752,
        "min": -0.81958770752,
        "var": 1.59885656834
    },
    "spectral_rms": {
        "dmean": 0.000855783815496,
        "dmean2": 0.00135218456853,
        "dvar": 7.23398102309e-07,
        "dvar2": 1.53982614393e-06,
        "max": 0.0100429430604,
        "mean": 0.00620117224753,
        "median": 0.00598868215457,
        "min": 0.00171390303876,
        "var": 3.39724897458e-06
    },
    "spectral_rolloff": {
        "dmean": 637.667541504,
        "dmean2": 1009.40551758,
        "dvar": 784199.8125,
        "dvar2": 1690523.75,
        "max": 8441.015625,
        "mean": 1839.9777832,
        "median": 1658.05664062,
        "min": 150.732421875,
        "var": 1213429.75
    },
    "spectral_skewness": {
        "dmean": 0.163229212165,
        "dmean2": 0.256982833147,
        "dvar": 0.0173654258251,
        "dvar2": 0.0439409278333,
        "max": 2.80638408661,
        "mean": 1.15508389473,
        "median": 1.15007865429,
        "min": 0.129022628069,
        "var": 0.0583457015455
    },
    "spectral_spread": {
        "dmean": 466638.96875,
        "dmean2": 673303.875,
        "dvar": 204515622912,
        "dvar2": 345159598080,
        "max": 11078943,
        "mean": 4752952.5,
        "median": 4566510.5,
        "min": 2662416,
        "var": 746012475392
    },
    "spectral_strongpeak": {
        "dmean": 0.861746013165,
        "dmean2": 1.47479569912,
        "dvar": 1.58953428268,
        "dvar2": 4.0905919075,
        "max": 10.5813236237,
        "mean": 1.32994258404,
        "median": 0.608635365963,
        "min": 0.0385691188276,
        "var": 2.16829109192
    },
    "zerocrossingrate": {
        "dmean": 0.0133225079626,
        "dmean2": 0.0153340771794,
        "dvar": 0.000168811151525,
        "dvar2": 0.000202322698897,
        "max": 0.2197265625,
        "mean": 0.077576585114,
        "median": 0.07763671875,
        "min": 0.0126953125,
        "var": 0.000790658348706
    },
    "barkbands": {
        "dmean": [0.000459787232103, 0.00600641127676, 0.00255927373655, 0.00213039852679, 0.00295348046347, 0.00197489815764, 0.000974113179836, 0.000898193276953, 0.000922976469155, 0.00117647775915, 0.000866639078595, 0.00154399382882, 0.00127242796589, 0.000947312335484, 0.0012969544623, 0.000532815873157, 0.00033286321559, 0.000189550177311, 0.00019801389135, 0.000151714586536, 0.000139679614222, 0.000149336614413, 0.00022669856844, 0.00029399927007, 7.07745566615e-05, 6.12887163243e-08, 1.00146895221e-08],
        "dmean2": [0.000600899045821, 0.00761672807857, 0.00426571583375, 0.00359040708281, 0.00543054332957, 0.00309174880385, 0.00154949107673, 0.00150390865747, 0.00150141352788, 0.00177272257861, 0.00138171063736, 0.002490733983, 0.00207712710835, 0.00156975071877, 0.00220494880341, 0.000877388694789, 0.00054574070964, 0.000305640889565, 0.000324250460835, 0.000238036140217, 0.000222498842049, 0.000225237075938, 0.000343298452208, 0.00042831999599, 0.000106630002847, 8.99487488937e-08, 1.15726530581e-08],
        "dvar": [6.86090459112e-07, 7.24644341972e-05, 2.27119508054e-05, 1.5829300537e-05, 4.12610825151e-05, 1.25590095195e-05, 2.20608399104e-06, 1.25172266507e-06, 2.60745946434e-06, 2.17672891267e-06, 2.77323783848e-06, 5.35417802894e-06, 4.30815225627e-06, 2.89717513624e-06, 4.19714842792e-06, 7.37007439966e-07, 2.61660773049e-07, 4.37418883337e-08, 4.13863823212e-08, 2.67043613889e-08, 2.18554898623e-08, 3.20868416281e-08, 1.0902451919e-07, 1.57530934075e-07, 9.7678389821e-09, 7.0597993868e-14, 7.85019632307e-14],
        "dvar2": [1.05500885184e-06, 9.99842959573e-05, 5.85520319873e-05, 4.10602697229e-05, 0.000124581361888, 2.79017458524e-05, 5.29888575329e-06, 3.15771990245e-06, 6.78243441143e-06, 4.75998058391e-06, 6.74831926517e-06, 1.49813286043e-05, 1.11715953608e-05, 7.22174399925e-06, 1.25249562188e-05, 1.93113805835e-06, 6.73483498304e-07, 1.07301907804e-07, 1.07545552908e-07, 6.28756851029e-08, 5.34545883113e-08, 7.37354355351e-08, 2.45464207183e-07, 3.20199603721e-07, 2.04866310582e-08, 7.39449463032e-14, 7.46393303609e-14],
        "max": [0.00567257869989, 0.0637069568038, 0.0309072434902, 0.0235994551331, 0.0472371280193, 0.065413095057, 0.0362007543445, 0.0116876810789, 0.0296526774764, 0.0196960326284, 0.0224628355354, 0.030583370477, 0.0211160015315, 0.0206954721361, 0.0241027567536, 0.00851955730468, 0.00754030235112, 0.00329468981363, 0.00215524225496, 0.0020573863294, 0.00141378177796, 0.00189310964197, 0.00375074776821, 0.0039365417324, 0.000852546596434, 9.41900634643e-06, 1.03199417936e-05],
        "mean": [0.000663218088448, 0.0130468690768, 0.00233137700707, 0.0020536237862, 0.00299400603399, 0.00305025652051, 0.00149473827332, 0.00126383674797, 0.00131177704316, 0.00193098804448, 0.00121186417527, 0.00235336460173, 0.0018858613912, 0.00132437609136, 0.00187868869398, 0.000765105942264, 0.000538653228432, 0.000386686064303, 0.000428043858847, 0.000350179790985, 0.000320754625136, 0.000291562522762, 0.00037382307346, 0.000534002494533, 0.000114316586405, 9.07137618356e-08, 9.75266356562e-09],
        "median": [7.61782939662e-05, 0.00268754526041, 0.000855606223922, 0.000664467457682, 0.0016685546143, 0.00187965878285, 0.00105475215241, 0.00084500561934, 0.00074433197733, 0.00124059419613, 0.000453796586953, 0.00120910559781, 0.000918952398933, 0.000622830702923, 0.000862821238115, 0.000431696418673, 0.000363956933143, 0.000310390198138, 0.000348514149664, 0.000289907999104, 0.000264107307885, 0.000205732998438, 0.000213916166103, 0.000332056340994, 6.61947560729e-05, 4.5343092836e-08, 5.76906966643e-10],
        "min": [4.46575043611e-09, 4.25558209827e-05, 1.78442553533e-06, 7.55361327265e-07, 2.91917804134e-05, 4.53897628176e-05, 2.55720078712e-05, 1.57909598784e-05, 3.28580499627e-05, 3.8731168388e-06, 5.3208141253e-06, 1.89150159713e-05, 9.17345641938e-06, 1.17725794553e-05, 2.76538812614e-05, 1.77381425601e-05, 1.54271347128e-05, 1.74552787939e-05, 2.15887248487e-05, 1.64931843756e-05, 1.20992444863e-05, 7.41729763831e-06, 5.54652342544e-06, 1.61993630172e-05, 9.33876663112e-07, 2.05017491872e-09, 1.5332268441e-11],
        "var": [1.56662144946e-06, 0.000320714694681, 1.85202225111e-05, 1.23251329569e-05, 2.56584571616e-05, 1.93435589608e-05, 2.8766980904e-06, 1.76830189957e-06, 3.27247607856e-06, 4.36017580796e-06, 4.91321588925e-06, 1.02934045572e-05, 7.06728133082e-06, 3.96314999307e-06, 7.09821460987e-06, 9.77106310529e-07, 3.8935851876e-07, 9.42706961382e-08, 9.2055088885e-08, 6.89513441898e-08, 4.75369716924e-08, 6.75799469718e-08, 1.90029567193e-07, 3.14710320026e-07, 1.74416587839e-08, 7.83881762127e-14, 8.24599584578e-14]
    },
    "erbbands": {
        "dmean": [0.258902698755, 1.24857461452, 2.53308081627, 4.94282341003, 11.4699296951, 8.3155412674, 12.5331096649, 16.160446167, 14.3313436508, 13.9795818329, 23.0322380066, 20.0863285065, 19.8557739258, 44.4936332703, 39.4907226562, 66.7269897461, 60.0266456604, 51.4506340027, 69.8500747681, 34.3569755554, 31.0451602936, 16.4764137268, 10.232211113, 9.19509506226, 10.1987628937, 7.71130180359, 6.15329551697, 5.2182765007, 5.40218114853, 5.6147851944, 6.9023475647, 6.1866979599, 4.87786912918, 1.49312758446, 0.101409651339, 0.00448744604364, 0.000264141650405, 4.1299725126e-05, 1.26122240545e-05, 1.36621220008e-05],
        "dmean2": [0.310894995928, 1.70959401131, 4.09507608414, 7.90315055847, 20.6923313141, 15.3154382706, 19.1234874725, 25.3202476501, 22.5923194885, 23.3946037292, 38.1677398682, 32.786239624, 31.1854038239, 67.8984451294, 63.7067146301, 106.332756042, 97.3460922241, 86.6688079834, 119.597557068, 56.9600830078, 51.4677124023, 26.5921401978, 16.251455307, 15.0701990128, 16.7163925171, 12.1177015305, 10.0285158157, 8.13292598724, 8.11877441406, 8.55473709106, 10.5414972305, 9.17921924591, 7.10653829575, 2.18587517738, 0.157304048538, 0.00686075724661, 0.000381058634957, 5.71320160816e-05, 1.81926407095e-05, 2.16704829654e-05],
        "dvar": [0.180501580238, 2.82070016861, 18.7662410736, 71.6781845093, 716.757080078, 234.648178101, 531.033935547, 869.461914062, 300.53314209, 958.523742676, 817.114990234, 1801.21142578, 938.007568359, 3028.20336914, 4570.85644531, 8436.12890625, 11167.4150391, 7946.70556641, 13754.0742188, 2954.92114258, 3137.11499023, 840.390808105, 128.946212769, 93.2134399414, 138.231552124, 77.8050765991, 43.9890365601, 33.1125106812, 40.4087982178, 58.0535507202, 104.953315735, 66.1543426514, 48.5546417236, 4.21003198624, 0.0494665540755, 8.52959856275e-05, 3.77213382308e-07, 3.15576329513e-08, 1.63390512231e-09, 1.8404444635e-10],
        "dvar2": [0.203710228205, 4.48001098633, 46.5165367126, 180.631637573, 2032.48083496, 726.912231445, 1161.28747559, 1892.28845215, 713.375061035, 2331.40380859, 2090.39453125, 4746.45898438, 2262.94116211, 6854, 11968.5263672, 22166.8066406, 28805.4179688, 20453.0449219, 39926.3046875, 7860.44042969, 8269.2890625, 2156.98413086, 305.913391113, 231.036895752, 383.476135254, 187.282897949, 110.203292847, 78.3300170898, 94.2446060181, 129.022079468, 237.611816406, 140.903549194, 96.4117889404, 8.32821369171, 0.11626996845, 0.000196052438696, 5.4361612456e-07, 3.25619566865e-08, 1.73927383607e-09, 4.31358782027e-10],
        "max": [2.95865035057, 12.2938203812, 27.0270004272, 56.815864563, 200.059783936, 123.726509094, 477.962219238, 610.544372559, 195.066741943, 869.528320312, 315.336425781, 908.085693359, 531.587097168, 637.577087402, 818.26159668, 1180.83837891, 1130.79199219, 1111.12133789, 1278.32165527, 581.756591797, 693.546203613, 504.9871521, 208.848709106, 99.3553314209, 134.981109619, 129.036468506, 72.9165039062, 52.269115448, 64.1500091553, 111.644821167, 102.682929993, 74.8842773438, 68.7228240967, 17.9805660248, 2.41918873787, 0.0983466058969, 0.0174883920699, 0.00632479321212, 0.00146324490197, 0.00015529934899],
        "mean": [0.510025501251, 2.37000989914, 2.88158392906, 5.28065299988, 8.98708343506, 8.67041778564, 18.9402503967, 24.0912818909, 22.9787063599, 20.2262535095, 33.3001899719, 30.0781040192, 33.4922370911, 74.7721939087, 63.7069549561, 105.512588501, 91.6336746216, 78.4511260986, 103.086853027, 55.2757263184, 45.48777771, 28.437871933, 22.0745773315, 20.4475688934, 22.2305164337, 17.8739490509, 14.1978282928, 11.1384935379, 10.4027490616, 10.1979160309, 11.3228998184, 11.1213502884, 8.54647827148, 2.58952498436, 0.124015308917, 0.00584916537628, 0.000433940003859, 7.43462151149e-05, 3.94384369429e-05, 5.60839835089e-05],
        "median": [0.0573172494769, 0.667497098446, 1.3907930851, 2.17052221298, 2.90422654152, 5.12999343872, 10.5018148422, 14.0748310089, 15.7454357147, 14.331700325, 21.8633766174, 17.741979599, 23.020488739, 50.1701087952, 32.1563415527, 61.1838798523, 44.084312439, 48.9489364624, 51.2008285522, 33.3308792114, 25.1252689362, 18.7652740479, 17.8139972687, 17.5218334198, 17.3833084106, 14.5151939392, 12.0762910843, 8.71615886688, 7.19053268433, 6.59633159637, 6.18405818939, 6.82715034485, 5.04310274124, 1.54437661171, 0.0454306900501, 0.00234047137201, 0.000233204467804, 4.36180162069e-05, 3.49010078935e-05, 5.33238016942e-05],
        "min": [0.0016194509808, 0.00584271643311, 0.00411235541105, 0.0357966423035, 0.0721743032336, 0.0976595208049, 0.126271501184, 0.406424283981, 0.284742921591, 0.40043091774, 0.983187556267, 1.37239515781, 0.763646781445, 1.19400155544, 2.47827863693, 1.68759775162, 1.48798680305, 0.808074355125, 1.56332492828, 1.13697123528, 1.18744671345, 1.24460804462, 1.50313651562, 1.25639009476, 1.15388023853, 0.832640349865, 0.364967405796, 0.572725594044, 0.267430782318, 0.196748778224, 0.23060208559, 0.299309104681, 0.254806995392, 0.0519434735179, 0.00156946410425, 0.00010210138862, 1.139291453e-05, 2.31016883845e-06, 2.78346033156e-06, 4.21251343141e-06],
        "var": [0.691055238247, 9.81123638153, 19.320356369, 64.5783996582, 442.790283203, 158.349945068, 856.294616699, 1487.44897461, 524.643371582, 947.872070312, 1180.42590332, 1933.56079102, 1416.64416504, 6126.98583984, 7793.41210938, 16900.9375, 17760.7167969, 11008.4335938, 22040.2773438, 4624.94140625, 3866.10351562, 1297.41796875, 327.144104004, 195.45513916, 316.033996582, 201.913238525, 85.5337142944, 71.4614562988, 84.9666213989, 115.464874268, 177.198699951, 136.772628784, 86.9048156738, 8.15808582306, 0.0522922538221, 9.58445307333e-05, 4.68565275469e-07, 3.50381590408e-08, 1.98259275663e-09, 7.38038297143e-10]
    },
    "gfcc": {
        "mean": [42.9204139709, 106.23600769, -154.031173706, 53.3604469299, -79.2184143066, 38.5170249939, -38.1116027832, 1.22346758842, -7.90928649902, -11.4767475128, 11.8817768097, -16.9437503815, 8.54169368744],
        "cov": [[882.485778809, -80.5700454712, 80.7215118408, 120.181526184, 75.5732116699, 134.487350464, -19.0507335663, -36.9623832703, -25.1951961517, -4.1652545929, -52.2143516541, -46.1910514832, -55.8162651062], [-80.5700454712, 478.426025391, 11.7428350449, 50.067489624, 184.578445435, -11.388086319, 150.788635254, -105.464027405, 83.5823898315, -28.0307102203, 62.231086731, -55.6094055176, 23.7058677673], [80.7215118408, 11.7428350449, 233.25050354, 92.339553833, -14.9756555557, 33.9624023438, 27.1773948669, 39.8373069763, 8.13250350952, 17.6097621918, 4.12304496765, 33.3857192993, 7.38625144958], [120.181526184, 50.067489624, 92.339553833, 143.302032471, 69.4806060791, 30.8820400238, 37.7675132751, -16.6706790924, 39.0047149658, 8.59669399261, 12.5865020752, 2.12272000313, 2.75934910774], [75.5732116699, 184.578445435, -14.9756555557, 69.4806060791, 225.884231567, 76.3966217041, 85.9563903809, -43.4420089722, 48.4815444946, 27.0642051697, 43.3941345215, -28.5781135559, 23.4364528656], [134.487350464, -11.388086319, 33.9624023438, 30.8820400238, 76.3966217041, 150.779190063, 71.6154098511, -16.7337913513, 5.99080848694, 28.7047138214, 13.3833503723, -9.22207927704, -3.88746738434], [-19.0507335663, 150.788635254, 27.1773948669, 37.7675132751, 85.9563903809, 71.6154098511, 135.874786377, -16.9099903107, 43.1128768921, 6.78564739227, 39.491519928, -8.12829113007, 12.5193309784], [-36.9623832703, -105.464027405, 39.8373069763, -16.6706790924, -43.4420089722, -16.7337913513, -16.9099903107, 115.494850159, 0.623480856419, 13.7839298248, -11.5746545792, 34.859500885, 11.0173473358], [-25.1951961517, 83.5823898315, 8.13250350952, 39.0047149658, 48.4815444946, 5.99080848694, 43.1128768921, 0.623480856419, 80.99193573, 24.4609851837, 23.6290435791, -5.077064991, 15.139998436], [-4.1652545929, -28.0307102203, 17.6097621918, 8.59669399261, 27.0642051697, 28.7047138214, 6.78564739227, 13.7839298248, 24.4609851837, 67.9567184448, 32.2366828918, 12.3349885941, 12.4138059616], [-52.2143516541, 62.231086731, 4.12304496765, 12.5865020752, 43.3941345215, 13.3833503723, 39.491519928, -11.5746545792, 23.6290435791, 32.2366828918, 69.9294052124, 26.6952552795, 19.559305191], [-46.1910514832, -55.6094055176, 33.3857192993, 2.12272000313, -28.5781135559, -9.22207927704, -8.12829113007, 34.859500885, -5.077064991, 12.3349885941, 26.6952552795, 64.1060028076, 33.0065078735], [-55.8162651062, 23.7058677673, 7.38625144958, 2.75934910774, 23.4364528656, -3.88746738434, 12.5193309784, 11.0173473358, 15.139998436, 12.4138059616, 19.559305191, 33.0065078735, 60.5689964294]],
        "icov": [[0.00185368594248, -0.000376275973395, 7.77360546635e-05, -0.00167782884091, -0.000163582386449, -0.00233570905402, 0.00194710015785, -0.000227567812544, 0.000513071427122, 0.000290435767965, 0.00079785840353, 0.000150867854245, 0.000947141670622], [-0.000376275973395, 0.0199261978269, -0.0115277385339, 0.01171113085, -0.0132517600432, 0.0168213713914, -0.0152279026806, 0.0125363077968, -0.0097390441224, 0.0138336410746, -0.0108430897817, 0.0138756008819, -0.00465958192945], [7.77360546635e-05, -0.0115277385339, 0.0149095160887, -0.013372451067, 0.0104616181925, -0.010427782312, 0.00626791687682, -0.00961473211646, 0.00813429430127, -0.010409607552, 0.00733805214986, -0.00953709334135, 0.00203824113123], [-0.00167782884091, 0.01171113085, -0.013372451067, 0.0239353124052, -0.0135612618178, 0.0121111441404, -0.0092872614041, 0.0119837187231, -0.0132951578125, 0.00943627208471, -0.00239586038515, 6.89011285431e-05, 0.00230052671395], [-0.000163582386449, -0.0132517600432, 0.0104616181925, -0.0135612618178, 0.0202609505504, -0.0145705780014, 0.00891377218068, -0.0101865138859, 0.00753070088103, -0.00897273607552, -0.000828475516755, 0.00250775087625, -0.00552903721109], [-0.00233570905402, 0.0168213713914, -0.010427782312, 0.0121111441404, -0.0145705780014, 0.0302767567337, -0.0236954558641, 0.0136629985645, -0.00379627384245, 0.00132204487454, -0.000668699212838, 0.00501720886678, 0.000137267328682], [0.00194710015785, -0.0152279026806, 0.00626791687682, -0.0092872614041, 0.00891377218068, -0.0236954558641, 0.0325029194355, -0.0125191658735, 0.000355081050657, 0.00191514252219, -0.00564176682383, -0.00128181325272, 4.12533991039e-05], [-0.000227567812544, 0.0125363077968, -0.00961473211646, 0.0119837187231, -0.0101865138859, 0.0136629985645, -0.0125191658735, 0.0233617760241, -0.00935103558004, 0.00240284600295, 0.00553755508736, -0.00611202372238, 0.00205439329147], [0.000513071427122, -0.0097390441224, 0.00813429430127, -0.0132951578125, 0.00753070088103, -0.00379627384245, 0.000355081050657, -0.00935103558004, 0.0282918717712, -0.0152534740046, 0.00304457335733, 0.00179672439117, -0.00353971356526], [0.000290435767965, 0.0138336410746, -0.010409607552, 0.00943627208471, -0.00897273607552, 0.00132204487454, 0.00191514252219, 0.00240284600295, -0.0152534740046, 0.040628477931, -0.0271197799593, 0.0185461901128, -0.0074463118799], [0.00079785840353, -0.0108430897817, 0.00733805214986, -0.00239586038515, -0.000828475516755, -0.000668699212838, -0.00564176682383, 0.00553755508736, 0.00304457335733, -0.0271197799593, 0.052143894136, -0.0405935235322, 0.0147095797583], [0.000150867854245, 0.0138756008819, -0.00953709334135, 6.89011285431e-05, 0.00250775087625, 0.00501720886678, -0.00128181325272, -0.00611202372238, 0.00179672439117, 0.0185461901128, -0.0405935235322, 0.0672466233373, -0.0311903487891], [0.000947141670622, -0.00465958192945, 0.00203824113123, 0.00230052671395, -0.00552903721109, 0.000137267328682, 4.12533991039e-05, 0.00205439329147, -0.00353971356526, -0.0074463118799, 0.0147095797583, -0.0311903487891, 0.0352769643068]]
    },
    "melbands": {
        "dmean": [0.00191916548647, 0.00115707982332, 0.000940858328249, 0.000738466274925, 0.00036747433478, 0.000357485027052, 0.000218797242269, 0.000146924925502, 0.000190130667761, 0.00012837650138, 0.000101241668744, 0.00018936037668, 0.000139659096021, 0.000183673284482, 0.000142303601024, 0.000117905598017, 9.60463221418e-05, 0.000109199776489, 7.35871071811e-05, 3.50830996467e-05, 3.84421873605e-05, 1.90545888472e-05, 1.31870183395e-05, 1.12561438073e-05, 7.86442615208e-06, 8.73841509019e-06, 6.13114616499e-06, 5.13597342433e-06, 4.47958063887e-06, 3.56127634404e-06, 3.23949802805e-06, 3.22705250255e-06, 2.98932354781e-06, 3.36013886226e-06, 4.3684690354e-06, 3.6209528389e-06, 3.91214280171e-06, 3.78793629352e-06, 2.55820623352e-06, 9.17853981264e-07],
        "dmean2": [0.00232359184884, 0.0017835048493, 0.00154639862012, 0.00137201021425, 0.000568411836866, 0.000558582949452, 0.000343459221767, 0.000247000425588, 0.000315806333674, 0.000208943922189, 0.000158160706633, 0.00028701350675, 0.000225034556934, 0.000297625694657, 0.000224557428737, 0.000194692329387, 0.000161631542142, 0.000185288619832, 0.000123516263557, 5.78308245167e-05, 6.38027340756e-05, 3.08824201056e-05, 2.12044305954e-05, 1.85138414963e-05, 1.31041870191e-05, 1.44679925143e-05, 9.81119319476e-06, 8.24577546155e-06, 7.40565610613e-06, 5.82747952649e-06, 5.09026631335e-06, 4.90053480462e-06, 4.59665488961e-06, 5.19766172147e-06, 6.79908680468e-06, 5.52933397557e-06, 5.90906711295e-06, 5.61209162697e-06, 3.73141756427e-06, 1.40156885209e-06],
        "dvar": [8.21461981104e-06, 2.64339405476e-06, 2.80099584415e-06, 3.02354169435e-06, 3.83536416848e-07, 4.11155014035e-07, 7.22588353597e-08, 8.43643164217e-08, 5.43723395197e-08, 6.98873350302e-08, 2.35244055347e-08, 5.68837990045e-08, 7.09136784849e-08, 8.69755254485e-08, 3.65477745845e-08, 3.11716625845e-08, 2.89917352347e-08, 3.14780841393e-08, 1.1851920334e-08, 2.91323831725e-09, 5.0849484623e-09, 1.21763465977e-09, 3.15463072331e-10, 1.75886000209e-10, 7.57243989735e-11, 1.12616561909e-10, 3.77155286169e-11, 3.45858758299e-11, 2.49667717056e-11, 1.46578686688e-11, 1.49856897724e-11, 1.46522533689e-11, 1.31986426996e-11, 2.36399771286e-11, 4.48008331821e-11, 2.62340947577e-11, 2.52086788943e-11, 2.94224436481e-11, 1.20102339532e-11, 2.23196461313e-12],
        "dvar2": [1.02618460005e-05, 5.84220242672e-06, 6.54339237371e-06, 8.85600911715e-06, 8.52203868362e-07, 9.04839225768e-07, 1.70504875996e-07, 2.0635432918e-07, 1.41378038165e-07, 1.85804765351e-07, 5.64159741145e-08, 1.26837036873e-07, 1.74495397687e-07, 2.45365441742e-07, 9.05815511487e-08, 8.28824155974e-08, 7.45543644598e-08, 8.81525394902e-08, 3.39903110103e-08, 7.41784234037e-09, 1.31196893349e-08, 3.11620906857e-09, 8.21180734523e-10, 4.61923416184e-10, 1.93374954938e-10, 3.16184051163e-10, 9.17590031735e-11, 8.51805986857e-11, 6.60903137772e-11, 3.68209733537e-11, 3.6427527661e-11, 3.58792301425e-11, 2.96380350817e-11, 5.34535055108e-11, 1.05198329214e-10, 5.55263682256e-11, 5.55761270338e-11, 6.16964812572e-11, 2.36729143233e-11, 4.9038884932e-12],
        "max": [0.0209666844457, 0.0113710882142, 0.0108472816646, 0.0120798824355, 0.0128019200638, 0.0120237963274, 0.00327531294897, 0.00790902785957, 0.00249455682933, 0.00552694732323, 0.00262701930478, 0.00293347937986, 0.00359631353058, 0.00406125560403, 0.00180613261182, 0.00174379243981, 0.00194582645781, 0.00199548108503, 0.0013297284022, 0.000616615230683, 0.00115653173998, 0.000503284740262, 0.000249110074947, 0.00023452276946, 8.13045116956e-05, 0.000118232164823, 5.71950695303e-05, 8.33206286188e-05, 5.90616800764e-05, 4.40281692136e-05, 3.76496100216e-05, 3.73708171537e-05, 5.10497557116e-05, 7.68665777287e-05, 6.53150418657e-05, 5.00972819282e-05, 4.70902814413e-05, 5.52657220396e-05, 3.31654846377e-05, 1.35549908009e-05],
        "mean": [0.0040225838311, 0.00206774962135, 0.00103208259679, 0.000641753606033, 0.0005828255089, 0.000544083712157, 0.000352555536665, 0.000214839048567, 0.000272862554993, 0.000182645948371, 0.000167867125128, 0.000308251037495, 0.000202301540412, 0.000279426720226, 0.00021612198907, 0.000178749614861, 0.000136028713314, 0.000155313391588, 0.000110045315523, 5.24465176568e-05, 5.24385650351e-05, 2.92202876153e-05, 2.26506854233e-05, 2.03347390197e-05, 1.54372592078e-05, 1.72268464667e-05, 1.32853392643e-05, 1.11034723886e-05, 9.23854895518e-06, 7.31302816348e-06, 6.13552219875e-06, 5.78523349759e-06, 5.6781582316e-06, 5.60741545996e-06, 6.64304616294e-06, 6.40561802356e-06, 6.85001805323e-06, 6.40109328742e-06, 4.51249525213e-06, 1.31315732688e-06],
        "median": [0.000616104225628, 0.000993782654405, 0.000442283635493, 0.000271099153906, 0.000362146209227, 0.000325736386003, 0.000248460593866, 0.00015578273451, 0.000183844822459, 0.000103061829577, 0.000116577582958, 0.000201962335268, 7.9679681221e-05, 0.000141213837196, 0.000118781819765, 9.95175214484e-05, 6.98471703799e-05, 7.28477753e-05, 5.54719299544e-05, 3.05019839288e-05, 2.60799552052e-05, 1.76441808435e-05, 1.63701333804e-05, 1.53142882482e-05, 1.26824934341e-05, 1.2676850929e-05, 1.08334143079e-05, 8.98329653864e-06, 7.78569483373e-06, 5.95154051553e-06, 4.43075441581e-06, 3.99376631322e-06, 4.00570570491e-06, 3.43861279362e-06, 3.51246785613e-06, 3.71840746993e-06, 4.36163145423e-06, 3.76908224098e-06, 2.79625032817e-06, 6.16468639691e-07],
        "min": [1.43644447235e-05, 5.2803534345e-06, 7.16264139555e-06, 4.71422072224e-06, 3.66353356185e-06, 9.07242338144e-06, 4.79768823425e-06, 2.36041364587e-06, 8.62078377395e-06, 6.60275100017e-06, 2.80949257103e-06, 2.09612335311e-06, 2.16523085328e-06, 2.64543700723e-06, 1.48122910559e-06, 7.70819895024e-07, 7.52446908336e-07, 1.57766919529e-06, 2.12804070543e-06, 1.19660614928e-06, 1.40013199257e-07, 7.00290001987e-07, 8.68651056862e-07, 7.20063155768e-07, 9.37408458412e-07, 3.4283863215e-07, 6.55520466353e-07, 3.8845803374e-07, 1.35811831115e-07, 2.22699966912e-07, 2.42151031671e-07, 1.00205902243e-07, 1.00179029516e-07, 1.15948097346e-07, 9.9692734068e-08, 1.25840628584e-07, 1.92759387119e-07, 1.54323487322e-07, 8.46005718813e-08, 6.23328011429e-09],
        "var": [3.52666247636e-05, 5.65401296626e-06, 2.64078516921e-06, 1.82666644832e-06, 6.36323193248e-07, 6.84267035922e-07, 1.23742893265e-07, 8.5269547867e-08, 7.56243849764e-08, 7.52874456111e-08, 3.64326631086e-08, 1.16150978613e-07, 1.21589451396e-07, 1.59168038749e-07, 6.63309123183e-08, 5.11082696164e-08, 3.96867214647e-08, 4.99383503438e-08, 2.06132479974e-08, 4.54557680385e-09, 6.19101214738e-09, 1.79139481027e-09, 5.1703868964e-10, 3.45070833019e-10, 1.36142555562e-10, 2.27911842177e-10, 9.82658468485e-11, 8.18009895931e-11, 4.2281494278e-11, 2.86638386637e-11, 2.78090623446e-11, 2.78428998607e-11, 2.79937323322e-11, 4.26039481471e-11, 6.79925629687e-11, 5.15352586994e-11, 4.9493402432e-11, 5.09114451985e-11, 2.25062624787e-11, 3.3232047756e-12]
    },
    "mfcc": {
        "mean": [-569.045715332, 99.1924133301, 0.900417864323, 4.20055532455, 4.33054256439, 10.8368330002, 3.26558828354, 3.31066298485, -4.80851554871, 6.63350486755, -2.88939881325, 5.22524261475, -0.466499269009],
        "cov": [[891.665100098, -121.718521118, 29.6686115265, 13.2519664764, 97.4803466797, 145.446838379, 26.5837211609, 11.5631122589, -4.78127813339, 38.5850143433, -4.25451374054, -30.0088729858, -17.2105484009], [-121.718521118, 414.21774292, -72.9569320679, 81.2695083618, 31.3959445953, 107.251274109, 58.2680168152, 10.2791662216, 11.0005731583, 42.5332717896, 9.6143321991, 8.13082790375, 14.4698238373], [29.6686115265, -72.9569320679, 246.573883057, 43.5670928955, -22.0770301819, -7.66426086426, -5.7201128006, 35.9098052979, 10.2588996887, -14.0947360992, 24.4861869812, 8.93378925323, -17.3464927673], [13.2519664764, 81.2695083618, 43.5670928955, 144.821289062, 48.4536132812, 36.9157485962, -0.509411454201, 16.4398212433, 13.5887069702, 14.9442310333, 9.86433315277, 14.7107048035, 13.6959924698], [97.4803466797, 31.3959445953, -22.0770301819, 48.4536132812, 107.436531067, 63.0152015686, 27.2019901276, -3.21567606926, 17.1448383331, 26.7310352325, 7.02263116837, 1.0036444664, 22.91954422], [145.446838379, 107.251274109, -7.66426086426, 36.9157485962, 63.0152015686, 238.598373413, 80.0386428833, 13.7600755692, -2.60733008385, 79.4076919556, 17.7117710114, -2.63032531738, 16.9436244965], [26.5837211609, 58.2680168152, -5.7201128006, -0.509411454201, 27.2019901276, 80.0386428833, 98.6278076172, 27.5739192963, 7.8893327713, 19.9382305145, 17.4554710388, 6.65392494202, 13.0599365234], [11.5631122589, 10.2791662216, 35.9098052979, 16.4398212433, -3.21567606926, 13.7600755692, 27.5739192963, 66.237411499, 22.2828083038, 3.79257845879, 6.3710975647, 9.79026222229, -5.76472806931], [-4.78127813339, 11.0005731583, 10.2588996887, 13.5887069702, 17.1448383331, -2.60733008385, 7.8893327713, 22.2828083038, 59.9551849365, 21.3328990936, 1.49399864674, -0.641071736813, 10.149271965], [38.5850143433, 42.5332717896, -14.0947360992, 14.9442310333, 26.7310352325, 79.4076919556, 19.9382305145, 3.79257845879, 21.3328990936, 81.3667144775, 19.8333415985, -4.81881046295, 10.5275764465], [-4.25451374054, 9.6143321991, 24.4861869812, 9.86433315277, 7.02263116837, 17.7117710114, 17.4554710388, 6.3710975647, 1.49399864674, 19.8333415985, 54.5092735291, 19.661195755, -2.25893831253], [-30.0088729858, 8.13082790375, 8.93378925323, 14.7107048035, 1.0036444664, -2.63032531738, 6.65392494202, 9.79026222229, -0.641071736813, -4.81881046295, 19.661195755, 53.1992492676, 21.2573394775], [-17.2105484009, 14.4698238373, -17.3464927673, 13.6959924698, 22.91954422, 16.9436244965, 13.0599365234, -5.76472806931, 10.149271965, 10.5275764465, -2.25893831253, 21.2573394775, 59.1758041382]],
