{
"lowlevel": {
    "average_loudness": 0.891909897327,
    "barkbands_crest": {
        "dmean": 2.4768307209,
        "dmean2": 3.94074845314,
        "dvar": 6.35197496414,
        "dvar2": 15.0671672821,
        "max": 25.7028770447,
        "mean": 12.9779987335,
        "median": 12.213760376,
        "min": 3.05195379257,
        "var": 27.0445098877
    },
    "barkbands_flatness_db": {
        "dmean": 0.0197372417897,
        "dmean2": 0.029858039692,
        "dvar": 0.000370218971511,
        "dvar2": 0.000825375376735,
        "max": 0.395613074303,
        "mean": 0.191693454981,
        "median": 0.180864810944,
        "min": 0.0677014440298,
        "var": 0.00340605224483
    },
    "barkbands_kurtosis": {
        "dmean": 3.18111801147,
        "dmean2": 4.74865961075,
        "dvar": 73.8227157593,
        "dvar2": 157.928359985,
        "max": 253.771606445,
        "mean": 5.34670543671,
        "median": 1.48427057266,
        "min": -1.85245299339,
        "var": 162.010116577
    },
    "barkbands_skewness": {
        "dmean": 0.502263367176,
        "dmean2": 0.735697567463,
        "dvar": 0.394246816635,
        "dvar2": 0.844316124916,
        "max": 13.0116739273,
        "mean": 1.4389321804,
        "median": 1.04043340683,
        "min": -1.75631582737,
        "var": 2.36538529396
    },
    "barkbands_spread": {
        "dmean": 4.77949380875,
        "dmean2": 7.16439819336,
        "dvar": 49.1852111816,
        "dvar2": 92.7511978149,
        "max": 101.661331177,
        "mean": 20.5361251831,
        "median": 17.6300735474,
        "min": 0.699305176735,
        "var": 228.141647339
    },
    "dissonance": {
        "dmean": 0.0233095716685,
        "dmean2": 0.0395638011396,
        "dvar": 0.000549369433429,
        "dvar2": 0.00147503521293,
        "max": 0.499999970198,
        "mean": 0.450945943594,
        "median": 0.460808396339,
        "min": 0.268778026104,
        "var": 0.0013201769907
    },
    "dynamic_complexity": 4.70041656494,
    "erbbands_crest": {
        "dmean": 2.96612715721,
        "dmean2": 4.68438816071,
        "dvar": 8.26644515991,
        "dvar2": 18.19688797,
        "max": 27.3916854858,
        "mean": 11.5521736145,
        "median": 10.4314699173,
        "min": 2.54585242271,
        "var": 29.9191493988
    },
    "erbbands_flatness_db": {
        "dmean": 0.016939887777,
        "dmean2": 0.0238873623312,
        "dvar": 0.000264358357526,
        "dvar2": 0.000468845420983,
        "max": 0.369082599878,
        "mean": 0.210865229368,
        "median": 0.208635091782,
        "min": 0.0823107734323,
        "var": 0.00225066114217
    },
    "erbbands_kurtosis": {
        "dmean": 1.18854999542,
        "dmean2": 1.85376465321,
        "dvar": 3.36264252663,
        "dvar2": 7.50550985336,
        "max": 32.6643104553,
        "mean": 1.39551186562,
        "median": 0.384193897247,
        "min": -1.80425012112,
        "var": 10.1159763336
    },
    "erbbands_skewness": {
        "dmean": 0.402415692806,
        "dmean2": 0.606045663357,
        "dvar": 0.152548447251,
        "dvar2": 0.332720518112,
        "max": 5.03201961517,
        "mean": 0.538519024849,
        "median": 0.482873886824,
        "min": -2.21841025352,
        "var": 0.978247761726
    },
    "erbbands_spread": {
        "dmean": 6.18325376511,
        "dmean2": 9.13892269135,
        "dvar": 56.6332588196,
        "dvar2": 109.72756958,
        "max": 127.193214417,
        "mean": 30.0779590607,
        "median": 27.3125514984,
        "min": 5.00209140778,
        "var": 272.468658447
    },
    "hfc": {
        "dmean": 5.49377536774,
        "dmean2": 7.99589109421,
        "dvar": 102.765708923,
        "dvar2": 197.177963257,
        "max": 181.228637695,
        "mean": 17.4628295898,
        "median": 8.97945308685,
        "min": 1.1776741111e-16,
        "var": 409.864257812
    },
    "melbands_crest": {
        "dmean": 3.00611209869,
        "dmean2": 4.70214986801,
        "dvar": 10.4717140198,
        "dvar2": 24.4313964844,
        "max": 37.5997924805,
        "mean": 16.3544063568,
        "median": 15.0599393845,
        "min": 2.45422363281,
        "var": 44.7668075562
    },
    "melbands_flatness_db": {
        "dmean": 0.0220579374582,
        "dmean2": 0.0319216661155,
        "dvar": 0.000525431474671,
        "dvar2": 0.00109896354843,
        "max": 0.47540602088,
        "mean": 0.219600617886,
        "median": 0.205859705806,
        "min": 0.00758986594155,
        "var": 0.00524887861684
    },
    "melbands_kurtosis": {
        "dmean": 7.1821770668,
        "dmean2": 10.8469266891,
        "dvar": 389.742675781,
        "dvar2": 838.000793457,
        "max": 500.009216309,
        "mean": 13.2303724289,
        "median": 4.86236524582,
        "min": -1.67140603065,
        "var": 740.88861084
    },
    "melbands_skewness": {
        "dmean": 0.664246022701,
        "dmean2": 0.971349716187,
        "dvar": 0.802859067917,
        "dvar2": 1.73245275021,
        "max": 16.5269432068,
        "mean": 2.29204702377,
        "median": 1.85351622105,
        "min": -1.12405598164,
        "var": 4.11035060883
    },
    "melbands_spread": {
        "dmean": 6.73206949234,
        "dmean2": 10.2622022629,
        "dvar": 161.404724121,
        "dvar2": 341.480224609,
        "max": 189.006546021,
        "mean": 24.6257400513,
        "median": 20.8412761688,
        "min": 0.469543933868,
        "var": 530.662475586
    },
    "pitch_salience": {
        "dmean": 0.0648589804769,
        "dmean2": 0.102600969374,
        "dvar": 0.00429000845179,
        "dvar2": 0.0100208511576,
        "max": 0.795703291893,
        "mean": 0.48581379652,
        "median": 0.503670692444,
        "min": 0.0689683705568,
        "var": 0.0176991932094
    },
    "silence_rate_20dB": {
        "dmean": 0,
        "dmean2": 0,
        "dvar": 0,
        "dvar2": 0,
        "max": 1,
        "mean": 1,
        "median": 1,
        "min": 1,
        "var": 0
    },
    "silence_rate_30dB": {
        "dmean": 0.00928792543709,
        "dmean2": 0.018590239808,
        "dvar": 0.00920161418617,
        "dvar2": 0.0228921528906,
        "max": 1,
        "mean": 0.993039429188,
        "median": 1,
        "min": 0,
        "var": 0.00691212899983
    },
    "silence_rate_60dB": {
        "dmean": 0.0170278642327,
        "dmean2": 0.0340821072459,
        "dvar": 0.0167378876358,
        "dvar2": 0.0360189862549,
        "max": 1,
        "mean": 0.115235887468,
        "median": 0,
        "min": 0,
        "var": 0.101958394051
    },
    "spectral_centroid": {
        "dmean": 209.294158936,
        "dmean2": 312.240570068,
        "dvar": 114240.828125,
        "dvar2": 188318.984375,
        "max": 10923.5869141,
        "mean": 1356.89562988,
        "median": 1198.99291992,
        "min": 334.953582764,
        "var": 528322.875
    },
    "spectral_complexity": {
        "dmean": 2.59287929535,
        "dmean2": 4.15491867065,
        "dvar": 9.10824966431,
        "dvar2": 21.0155105591,
        "max": 45,
        "mean": 14.2018566132,
        "median": 15,
        "min": 0,
        "var": 63.2268333435
    },
    "spectral_decrease": {
        "dmean": 1.63735092151e-09,
        "dmean2": 2.47953524379e-09,
        "dvar": 1.06142674694e-17,
        "dvar2": 2.04520604977e-17,
        "max": -1.02059120354e-28,
        "mean": -5.12120612584e-09,
        "median": -3.76612119268e-09,
        "min": -4.22497521413e-08,
        "var": 2.41118582522e-17
    },
    "spectral_energy": {
        "dmean": 0.00660238787532,
        "dmean2": 0.00993617717177,
        "dvar": 0.000161704781931,
        "dvar2": 0.000310984672979,
        "max": 0.164477139711,
        "mean": 0.0209125261754,
        "median": 0.0152996173128,
        "min": 1.10670570183e-20,
        "var": 0.000391203677282
    },
    "spectral_energyband_high": {
        "dmean": 0.00029552509659,
        "dmean2": 0.000442751334049,
        "dvar": 9.10424489575e-07,
        "dvar2": 1.7337852114e-06,
        "max": 0.0218486394733,
        "mean": 0.000716460403055,
        "median": 0.000151955740876,
        "min": 8.08668730497e-21,
        "var": 3.17557305607e-06
    },
    "spectral_energyband_low": {
        "dmean": 0.00288768485188,
        "dmean2": 0.00458738626912,
        "dvar": 0.000111704095616,
        "dvar2": 0.000219955909415,
        "max": 0.145042479038,
        "mean": 0.00678593106568,
        "median": 0.00418645003811,
        "min": 1.36727227494e-22,
        "var": 0.000163587421412
    },
    "spectral_energyband_middle_high": {
        "dmean": 0.00221295631491,
        "dmean2": 0.00315877795219,
        "dvar": 2.1892850782e-05,
        "dvar2": 4.07578372688e-05,
        "max": 0.0784659534693,
        "mean": 0.00614276435226,
        "median": 0.00229347171262,
        "min": 1.92788194441e-21,
        "var": 9.63926140685e-05
    },
    "spectral_energyband_middle_low": {
        "dmean": 0.00318512343802,
        "dmean2": 0.0048238709569,
        "dvar": 3.25365654135e-05,
        "dvar2": 7.33838314773e-05,
        "max": 0.0695954561234,
        "mean": 0.00763007020578,
        "median": 0.0052228057757,
        "min": 2.35676297511e-22,
        "var": 6.67170024826e-05
    },
    "spectral_entropy": {
        "dmean": 0.154880329967,
        "dmean2": 0.213852748275,
        "dvar": 0.0233645364642,
        "dvar2": 0.0408335737884,
        "max": 9.79225826263,
        "mean": 7.30626010895,
        "median": 7.32367563248,
        "min": 5.96358394623,
        "var": 0.213437721133
    },
    "spectral_flux": {
        "dmean": 0.0219980720431,
        "dmean2": 0.0356145761907,
        "dvar": 0.000911160721444,
        "dvar2": 0.00204366561957,
        "max": 0.376779675484,
        "mean": 0.0634660050273,
        "median": 0.0501795560122,
        "min": 1.05200077816e-10,
        "var": 0.00238234247081
    },
    "spectral_kurtosis": {
        "dmean": 2.22090291977,
        "dmean2": 3.73121261597,
        "dvar": 6.89588880539,
        "dvar2": 19.4270572662,
        "max": 32.9762420654,
        "mean": 4.63033676147,
        "median": 3.83887815475,
        "min": -1.56423223019,
        "var": 15.4461898804
    },
    "spectral_rms": {
        "dmean": 0.000619609898422,
        "dmean2": 0.000911227776669,
        "dvar": 8.49377443046e-07,
        "dvar2": 1.52432778577e-06,
        "max": 0.01266749762,
        "mean": 0.00404814817011,
        "median": 0.00386347714812,
        "min": 3.28589846305e-12,
        "var": 4.01496481572e-06
    },
    "spectral_rolloff": {
        "dmean": 407.297119141,
        "dmean2": 670.748840332,
        "dvar": 857099.3125,
        "dvar2": 1524257.5,
        "max": 18217.0898438,
        "mean": 1422.0546875,
        "median": 990.52734375,
        "min": 43.06640625,
        "var": 2772848
    },
    "spectral_skewness": {
        "dmean": 0.265123188496,
        "dmean2": 0.438453584909,
        "dvar": 0.065112657845,
        "dvar2": 0.167916566133,
        "max": 4.24217653275,
        "mean": 1.51876580715,
        "median": 1.52014577389,
        "min": -0.265346944332,
        "var": 0.312310159206
    },
    "spectral_spread": {
        "dmean": 518143.5625,
        "dmean2": 720110.875,
        "dvar": 1.0898669568e+12,
        "dvar2": 1.37833807872e+12,
        "max": 39732152,
        "mean": 3904756.75,
        "median": 3598824,
        "min": 1232442.375,
        "var": 3.44936415232e+12
    },
    "spectral_strongpeak": {
        "dmean": 0.547777175903,
        "dmean2": 0.858142316341,
        "dvar": 1.00908303261,
        "dvar2": 2.16292452812,
        "max": 16.5563621521,
        "mean": 1.38457155228,
        "median": 0.411472082138,
        "min": 0,
        "var": 3.54465675354
    },
    "zerocrossingrate": {
        "dmean": 0.00911181140691,
        "dmean2": 0.0106676779687,
        "dvar": 0.000342106708558,
        "dvar2": 0.000397728901589,
        "max": 0.5166015625,
        "mean": 0.0522181503475,
        "median": 0.04443359375,
        "min": 0.00341796875,
        "var": 0.00185151596088
    },
    "barkbands": {
        "dmean": [0.000420931493863, 0.00253512104973, 0.000343636143953, 0.000160038092872, 0.000232413600315, 0.00108990096487, 0.000780082365964, 0.000224998424528, 0.00157963158563, 0.00111726170871, 0.000542554946151, 0.000430897198385, 0.000154998255312, 0.000335795339197, 0.000245345261646, 0.000260247092228, 0.000121060525998, 9.4429589808e-05, 0.000139961644891, 0.00014901040413, 6.1806254962e-05, 2.65209437202e-05, 3.99732743972e-05, 9.57620504778e-05, 2.84114448732e-05, 2.3579344699e-08, 9.03573549316e-10],
        "dmean2": [0.000620667473413, 0.00407440774143, 0.000609273207374, 0.000275371014141, 0.000373608374503, 0.00169897009619, 0.00120913865976, 0.00036025812733, 0.00229815440252, 0.00170882372186, 0.000762149167713, 0.000585695379414, 0.000245947798248, 0.000509812147357, 0.000387964886613, 0.000420754047809, 0.00019035198784, 0.000149961066199, 0.000227530486882, 0.000220440109842, 0.000101140482002, 4.22439516115e-05, 6.34950338281e-05, 0.000142915727338, 4.26983388024e-05, 3.60782586029e-08, 1.66849478678e-09],
        "dvar": [2.6704396987e-06, 9.2502697953e-05, 2.19350999942e-06, 8.87489406409e-08, 1.77949999625e-07, 7.13295912647e-06, 6.77103435009e-06, 4.77913602026e-07, 1.28768915602e-05, 1.54233039211e-05, 4.35414085587e-06, 1.95236179934e-06, 1.01012133769e-07, 7.37645166282e-07, 7.62373872476e-07, 4.50566716381e-07, 1.0830383701e-07, 4.5245279523e-08, 7.82430831237e-08, 1.91379896819e-07, 3.15752117785e-08, 9.09917030611e-09, 4.79871076209e-08, 2.78974965795e-07, 1.99883807284e-08, 1.59192862885e-14, 3.4563253859e-18],
        "dvar2": [5.65723939872e-06, 0.000191872182768, 6.4105643105e-06, 2.34146241951e-07, 4.30611066804e-07, 1.74843880814e-05, 1.57214471983e-05, 1.09705194973e-06, 2.52970094152e-05, 3.3478714613e-05, 7.71288978285e-06, 3.29026102008e-06, 2.28496091381e-07, 1.46924878663e-06, 1.82389737802e-06, 1.19327648918e-06, 2.44536977334e-07, 1.07538348004e-07, 2.0076669216e-07, 3.60005174116e-07, 7.83849429808e-08, 2.24237162172e-08, 1.1602998029e-07, 5.0846887234e-07, 3.4668357074e-08, 3.21795372196e-14, 1.03000935194e-17],
        "max": [0.0232255402952, 0.123925060034, 0.0194994118065, 0.00697648804635, 0.00684753851965, 0.0432819984853, 0.0381985940039, 0.0103313019499, 0.0433044917881, 0.0675379559398, 0.0467991270125, 0.0449698939919, 0.00510063674301, 0.0128646530211, 0.0245064944029, 0.0094822794199, 0.0068551977165, 0.00348477414809, 0.00326816784218, 0.0127123175189, 0.0032366020605, 0.00143488845788, 0.00582768721506, 0.0132750282064, 0.003949301783, 3.58574288839e-06, 3.73176867186e-08],
        "mean": [0.000531795376446, 0.00551198329777, 0.00057931500487, 0.000320174411172, 0.000407530053053, 0.00215447880328, 0.00105271174107, 0.000327601126628, 0.00297241797671, 0.0017121154815, 0.00109560182318, 0.00100236164872, 0.000244395050686, 0.0005885589635, 0.000403393409215, 0.000476798886666, 0.000246524985414, 0.000168297323398, 0.0002867061703, 0.000402902631322, 0.000130095591885, 3.87836334994e-05, 6.25181419309e-05, 0.000152953231009, 4.24920872319e-05, 2.90899038191e-08, 7.16140757806e-10],
        "median": [2.84548805212e-05, 0.00316405296326, 0.000340451981174, 0.000138233372127, 0.000194686072064, 0.000726101221517, 0.000236821157159, 9.47282387642e-05, 0.000487175857415, 0.000187961719348, 0.000132510816911, 0.000124005848193, 0.000106143837911, 0.000177327267011, 0.000157925969688, 0.000155765053933, 9.17905781535e-05, 6.92900357535e-05, 8.55880789459e-05, 4.92766776006e-05, 2.68767034868e-05, 1.13265805339e-05, 1.39818448588e-05, 2.63905440079e-05, 6.04061460763e-06, 4.86260853805e-09, 2.04081251898e-10],
        "min": [1.74375652061e-23, 4.18441611517e-23, 5.88798522137e-23, 3.75155646133e-23, 4.06365350127e-23, 1.56997992952e-23, 4.19697541187e-23, 2.69264669569e-23, 5.91273084133e-23, 4.05855398883e-23, 5.56248164812e-23, 1.68623322516e-22, 1.84431274641e-22, 2.05672623003e-22, 2.52431400216e-22, 1.28846961434e-22, 2.28242526725e-22, 2.6272284172e-22, 2.26772367676e-22, 3.18657118868e-22, 3.46044829641e-22, 5.60428042137e-22, 7.05399724371e-22, 8.25087064063e-22, 1.47460070122e-21, 1.78364878744e-21, 2.43425663148e-21],
        "var": [4.37156222688e-06, 0.000119415752124, 1.43894965277e-06, 3.13450641443e-07, 3.9202822677e-07, 1.30633443405e-05, 9.17210672924e-06, 9.36370042837e-07, 3.29931353917e-05, 2.88798601105e-05, 1.77883121069e-05, 1.68774040503e-05, 1.75517712364e-07, 1.74062483893e-06, 1.02124045043e-06, 1.2825498743e-06, 3.72030001472e-07, 9.09486956857e-08, 2.27353922355e-07, 1.75544801095e-06, 9.95092008793e-08, 1.15782725629e-08, 7.12943162284e-08, 6.08181721873e-07, 3.85830958294e-08, 2.25193568491e-14, 2.63616650277e-18]
    },
    "erbbands": {
        "dmean": [0.118349716067, 0.464625507593, 0.493486255407, 0.473870009184, 0.41548576951, 0.908644735813, 3.94778108597, 10.4056358337, 13.3924121857, 5.04589128494, 7.86339855194, 31.2889709473, 40.0463180542, 24.824590683, 23.1479721069, 14.5346889496, 7.08308124542, 11.5250453949, 14.2167139053, 15.9392156601, 11.4757022858, 6.62425851822, 4.55801916122, 6.77688789368, 5.75528621674, 7.51084709167, 4.12746858597, 1.15679931641, 0.954162120819, 1.00745713711, 1.24927246571, 1.99385344982, 1.52309930325, 0.573284983635, 0.0392329022288, 0.00172667775769, 9.13939147722e-05, 1.24968264572e-05, 5.63083040106e-06, 8.31398756418e-06],
        "dmean2": [0.188405901194, 0.750708401203, 0.887609481812, 0.799657464027, 0.682199060917, 1.46408092976, 6.17489814758, 16.3141269684, 20.893327713, 8.14454650879, 12.0256195068, 46.1561584473, 59.1439971924, 37.3719673157, 31.1792297363, 20.356218338, 11.0977325439, 17.629655838, 21.6336612701, 25.3986740112, 18.6492462158, 10.4709310532, 7.20439434052, 10.6953029633, 9.15176200867, 11.347867012, 6.45675754547, 1.8280724287, 1.55619847775, 1.54873883724, 1.92672836781, 2.90388226509, 2.33022022247, 0.845622956753, 0.0557616315782, 0.0024319877848, 0.000128937914269, 1.80486549652e-05, 8.20719924377e-06, 1.24104817587e-05],
        "dvar": [0.212955325842, 3.6865363121, 5.90171289444, 1.03755760193, 0.54579102993, 3.33051872253, 113.445327759, 791.690429688, 2121.48925781, 355.684967041, 474.637298584, 6354.10400391, 13830.3671875, 10137.3662109, 5093.59130859, 2360.43041992, 217.502716064, 916.767333984, 1876.61035156, 1659.81835938, 805.983764648, 309.726074219, 153.24382019, 157.444976807, 195.496932983, 578.184753418, 146.328643799, 8.87648200989, 12.6293706894, 19.9512386322, 44.5809745789, 123.925323486, 62.9899215698, 8.03842639923, 0.04181548208, 8.10697165434e-05, 1.99368400899e-07, 3.51056650416e-09, 2.29901847559e-10, 2.35905350809e-10],
        "dvar2": [0.480771094561, 8.99451541901, 17.1840591431, 2.85138988495, 1.34948480129, 7.76793813705, 227.934829712, 2059.07250977, 4933.74072266, 784.954162598, 801.122802734, 12652.8935547, 30249.921875, 21023.0371094, 8408.34375, 4887.72607422, 441.982147217, 1945.45336914, 4018.51635742, 4220.55517578, 2162.37255859, 687.765686035, 348.2059021, 369.323974609, 512.793640137, 1196.50793457, 324.018218994, 23.0902481079, 33.7276573181, 41.930015564, 107.461341858, 223.81690979, 124.20892334, 13.8968296051, 0.0791009068489, 0.000151349129737, 3.34954535219e-07, 5.79515546661e-09, 3.99905081272e-10, 4.47486270261e-10],
        "max": [6.3384180069, 28.746011734, 33.3768157959, 14.094994545, 16.3784122467, 36.9634208679, 225.541473389, 528.768615723, 684.404541016, 473.314727783, 591.279296875, 1299.95776367, 1994.07385254, 2404.67919922, 1519.49035645, 1088.05712891, 241.12461853, 466.861938477, 895.908691406, 555.593994141, 651.54864502, 400.678619385, 239.685806274, 189.043579102, 198.855194092, 681.464355469, 225.676986694, 40.1332092285, 51.5062141418, 115.522033691, 174.090072632, 288.414031982, 183.683761597, 79.8749313354, 5.19941568375, 0.231538519263, 0.0115342391655, 0.00139615277294, 0.000304221583065, 0.000192354622413],
        "mean": [0.19144333899, 1.08643615246, 0.917576789856, 1.05641043186, 0.771009862423, 1.57050669193, 6.90778541565, 21.1370677948, 20.5476989746, 7.47756767273, 14.9681339264, 58.7235336304, 72.0302886963, 41.6184425354, 49.1928329468, 29.4683933258, 13.3650245667, 20.9794769287, 25.3575057983, 26.1735191345, 25.025604248, 15.4135837555, 9.42235946655, 14.4884719849, 12.4535865784, 19.9050674438, 10.9894399643, 2.45740747452, 1.35821986198, 1.504758358, 1.91957366467, 2.9663643837, 2.47007322311, 0.895820319653, 0.0498428419232, 0.00228886073455, 0.000147808241309, 2.31382728089e-05, 1.58140574058e-05, 2.62061385001e-05],
        "median": [0.0809502676129, 0.677934348583, 0.581340014935, 0.527529001236, 0.433668851852, 0.798841118813, 2.73926687241, 6.79665136337, 4.95707130432, 3.32662606239, 4.38594150543, 12.0422296524, 11.7744035721, 8.73569965363, 8.07260513306, 6.05280303955, 5.85004281998, 7.84090852737, 8.45447254181, 11.59192276, 8.12713813782, 5.38047647476, 3.85778474808, 4.62296533585, 3.64225530624, 2.48185920715, 1.44237959385, 0.825839102268, 0.464864313602, 0.376793652773, 0.403626471758, 0.475053071976, 0.421636730433, 0.14621052146, 0.00472862785682, 0.00026348681422, 3.1481111364e-05, 6.42725353828e-06, 9.65373055806e-06, 1.87379464478e-05],
        "min": [6.94676113309e-22, 1.17280777253e-20, 5.59713764812e-20, 1.28642598952e-19, 5.36664829408e-20, 1.74719699772e-19, 1.44649539006e-19, 2.02781388463e-19, 4.74619485076e-19, 5.62320689136e-19, 6.50972478817e-19, 1.28067483536e-18, 1.56544499612e-18, 2.49351155471e-18, 1.42616608234e-18, 9.12737557671e-18, 8.37421356691e-18, 7.1122792321e-18, 1.68739551005e-17, 6.93861803917e-18, 9.40717686353e-18, 1.38157500891e-17, 1.36254538804e-17, 1.24333195272e-17, 1.10432664961e-17, 1.515021162e-17, 1.72203601431e-17, 1.13922167734e-17, 1.96754983756e-17, 1.92902803643e-17, 2.25725231087e-17, 1.27926674648e-17, 1.68664443005e-17, 1.73206607554e-17, 9.84938100155e-18, 5.87420864438e-18, 3.72496759266e-18, 1.23630734885e-18, 3.62308649665e-19, 3.62482693636e-20],
        "var": [0.245523869991, 3.88402962685, 3.83776044846, 2.83725094795, 1.48707842827, 6.73101568222, 260.602172852, 1324.18969727, 2932.03881836, 404.628540039, 1355.59082031, 14437.875, 26916.5761719, 18238.0488281, 23329.5410156, 10131.59375, 525.892700195, 1788.93518066, 3548.76025391, 2180.60595703, 3993.63330078, 1484.94604492, 341.425720215, 527.227478027, 543.574951172, 4514.09960938, 743.374145508, 23.0559101105, 12.3404932022, 34.1630249023, 70.5948486328, 259.733917236, 132.582046509, 16.0631217957, 0.0662789940834, 0.000133179288241, 4.0797695533e-07, 7.86778375783e-09, 5.55365475829e-10, 6.15171857898e-10]
    },
    "gfcc": {
        "mean": [-68.5809020996, 126.98474884, -151.84916687, 42.2399406433, -69.7641220093, 22.6445064545, -31.1735038757, 11.9724617004, -0.516311228275, -10.2614345551, 14.5668773651, -18.3832015991, 18.1154403687],
        "cov": [[10999.4375, -354.02520752, -818.389221191, 959.40447998, 471.993560791, 515.716064453, 361.250061035, 707.863952637, -243.560302734, 140.207763672, -112.165527344, -38.54347229, 240.141586304], [-354.02520752, 1172.44152832, 73.9482421875, 40.5594940186, 556.747558594, -58.6089744568, 223.655593872, -166.776794434, 208.361495972, -26.4903469086, 35.7482719421, -33.68384552, 29.8707942963], [-818.389221191, 73.9482421875, 703.809570312, 171.20173645, 59.6225013733, 170.951278687, -118.980491638, 1.45614039898, 155.854736328, 14.9244613647, 26.8655738831, 59.518081665, -99.4746551514], [959.40447998, 40.5594940186, 171.20173645, 580.331848145, 304.075744629, 99.8725585938, 99.1154022217, 135.963134766, 94.9458084106, 62.9329032898, -27.852142334, 12.2365369797, 42.6109313965], [471.993560791, 556.747558594, 59.6225013733, 304.075744629, 690.91595459, 104.920753479, 262.259307861, 41.9024810791, 118.944114685, 64.9508972168, -61.7966384888, -47.7413101196, 88.8071212769], [515.716064453, -58.6089744568, 170.951278687, 99.8725585938, 104.920753479, 386.688659668, 61.3586120605, 25.3404979706, 5.30905771255, 4.88951253891, -46.2804336548, -54.7045288086, -59.4286460876], [361.250061035, 223.655593872, -118.980491638, 99.1154022217, 262.259307861, 61.3586120605, 276.604431152, 44.5479011536, 18.8574562073, 32.0541725159, -29.012670517, -49.4433288574, 62.8169517517], [707.863952637, -166.776794434, 1.45614039898, 135.963134766, 41.9024810791, 25.3404979706, 44.5479011536, 227.281417847, 2.78098464012, 36.3039779663, -14.074719429, 16.060667038, 51.3897590637], [-243.560302734, 208.361495972, 155.854736328, 94.9458084106, 118.944114685, 5.30905771255, 18.8574562073, 2.78098464012, 199.572006226, 8.50761795044, 33.4954109192, 45.1672554016, -13.7427539825], [140.207763672, -26.4903469086, 14.9244613647, 62.9329032898, 64.9508972168, 4.88951253891, 32.0541725159, 36.3039779663, 8.50761795044, 90.2575531006, 11.9514837265, -4.26846551895, 28.2597465515], [-112.165527344, 35.7482719421, 26.8655738831, -27.852142334, -61.7966384888, -46.2804336548, -29.012670517, -14.074719429, 33.4954109192, 11.9514837265, 129.295333862, 76.4253005981, -12.7058267593], [-38.54347229, -33.68384552, 59.518081665, 12.2365369797, -47.7413101196, -54.7045288086, -49.4433288574, 16.060667038, 45.1672554016, -4.26846551895, 76.4253005981, 122.123207092, 15.3629398346], [240.141586304, 29.8707942963, -99.4746551514, 42.6109313965, 88.8071212769, -59.4286460876, 62.8169517517, 51.3897590637, -13.7427539825, 28.2597465515, -12.7058267593, 15.3629398346, 108.730545044]],
        "icov": [[0.00021191072301, -0.000296640151646, 0.000532302015927, -0.000401654833695, 0.000156707144924, -0.000531281984877, 0.000313000869937, -0.000618134567048, 0.000344488071278, -0.000304303510347, 0.000198889450985, -0.000486139266286, 0.000165372402989], [-0.000296640151646, 0.00381707563065, -0.00145748781506, 0.00137110438664, -0.00308112148196, 0.00204277667217, -0.00147629575804, 0.00281296158209, -0.00246492982842, 0.00362721341662, -0.00345166656189, 0.0036344465334, -0.00127892044839], [0.000532302015927, -0.00145748781506, 0.00429153488949, -0.00159542378969, 0.000527051510289, -0.00266886269674, 0.00260691088624, -0.00196810625494, -0.000151783839101, -0.00240627327003, 0.00176168512553, -0.00329699856229, 0.00258905510418], [-0.000401654833695, 0.00137110438664, -0.00159542378969, 0.00384955224581, -0.00200347788632, 0.00112993549556, -0.000811694073491, 0.000287452625344, -0.00144142273348, 0.000531613477506, -0.000538179359864, 0.000936837226618, -0.000386390893254], [0.000156707144924, -0.00308112148196, 0.000527051510289, -0.00200347788632, 0.00608476065099, -0.00178633257747, -0.00130180257838, -0.00101587676909, 0.000424587080488, -0.00346129201353, 0.00360493711196, -0.00204403768294, -0.00128289742861], [-0.000531281984877, 0.00204277667217, -0.00266886269674, 0.00112993549556, -0.00178633257747, 0.00587665662169, -0.00264631211758, 0.00166152138263, -0.000521812646184, 0.00196468853392, -0.00087461527437, 0.0027758651413, 0.00207126443274], [0.000313000869937, -0.00147629575804, 0.00260691088624, -0.000811694073491, -0.00130180257838, -0.00264631211758, 0.00870016403496, -0.00229273200966, 8.94315380719e-05, -0.00113557837903, -0.000753863248974, 0.00126613967586, -0.0018690234283], [-0.000618134567048, 0.00281296158209, -0.00196810625494, 0.000287452625344, -0.00101587676909, 0.00166152138263, -0.00229273200966, 0.00910837762058, -0.00213606772013, 0.00126246525906, -0.00121991161723, 0.00177697616164, -0.0035550147295], [0.000344488071278, -0.00246492982842, -0.000151783839101, -0.00144142273348, 0.000424587080488, -0.000521812646184, 8.94315380719e-05, -0.00213606772013, 0.00983285158873, -0.00212063337676, 0.00157537264749, -0.00522585073486, 0.00338471867144], [-0.000304303510347, 0.00362721341662, -0.00240627327003, 0.000531613477506, -0.00346129201353, 0.00196468853392, -0.00113557837903, 0.00126246525906, -0.00212063337676, 0.0185263007879, -0.00843999534845, 0.00839722063392, -0.00602977443486], [0.000198889450985, -0.00345166656189, 0.00176168512553, -0.000538179359864, 0.00360493711196, -0.00087461527437, -0.000753863248974, -0.00121991161723, 0.00157537264749, -0.00843999534845, 0.0190436113626, -0.0144442245364, 0.00658026197925], [-0.000486139266286, 0.0036344465334, -0.00329699856229, 0.000936837226618, -0.00204403768294, 0.0027758651413, 0.00126613967586, 0.00177697616164, -0.00522585073486, 0.00839722063392, -0.0144442245364, 0.023744251579, -0.00957872066647], [0.000165372402989, -0.00127892044839, 0.00258905510418, -0.000386390893254, -0.00128289742861, 0.00207126443274, -0.0018690234283, -0.0035550147295, 0.00338471867144, -0.00602977443486, 0.00658026197925, -0.00957872066647, 0.0207604970783]]
    },
    "melbands": {
        "dmean": [0.000837336818222, 0.00037059027818, 7.70181577536e-05, 4.24119753006e-05, 0.00011530786287, 0.000236364692682, 0.000182261079317, 5.04747185914e-05, 8.58571511344e-05, 0.000217048815102, 0.00020482907712, 0.000113957736176, 8.99901788216e-05, 4.79598347738e-05, 2.85973492282e-05, 1.51499034473e-05, 2.39177916228e-05, 2.77897452179e-05, 2.0425504772e-05, 2.05148899113e-05, 1.35877253342e-05, 8.27512940305e-06, 3.78168829229e-06, 5.35498202225e-06, 6.04010847383e-06, 5.18772640135e-06, 4.04942056775e-06, 5.95063647779e-06, 3.48785783899e-06, 1.19975561574e-06, 5.7125555486e-07, 5.57913665489e-07, 5.43488624771e-07, 6.07357605986e-07, 6.39208394659e-07, 9.81250650511e-07, 1.45327703649e-06, 1.27945020267e-06, 8.61078831349e-07, 3.8540426317e-07],
        "dmean2": [0.00132574234158, 0.000635581265669, 0.0001309197105, 6.71247325954e-05, 0.000180553499376, 0.000369987217709, 0.000284736568574, 8.30490971566e-05, 0.000130315092974, 0.000318782811519, 0.000302661530441, 0.00017211708473, 0.000122704790556, 6.38976416667e-05, 4.26471378887e-05, 2.43243157456e-05, 3.66561980627e-05, 4.21418590122e-05, 3.21380866808e-05, 3.32506533596e-05, 2.23963488679e-05, 1.31086344481e-05, 6.09560311204e-06, 8.47873434395e-06, 9.54591632762e-06, 8.31598663353e-06, 6.49840694678e-06, 8.88460817805e-06, 5.39628035767e-06, 1.94301014744e-06, 9.16076658086e-07, 9.26136635826e-07, 8.68735469339e-07, 9.5460063676e-07, 9.83166842161e-07, 1.51594008457e-06, 2.10446864912e-06, 1.9997430627e-06, 1.32313880385e-06, 5.51482798983e-07],
        "dvar": [9.81033281278e-06, 2.93107291327e-06, 2.6226540939e-08, 6.75032474362e-09, 8.6006679112e-08, 3.61101626822e-07, 3.67498046216e-07, 3.40685062383e-08, 6.02381575732e-08, 2.82021716203e-07, 3.54882587317e-07, 2.165207178e-07, 9.44128473179e-08, 3.25316094063e-08, 9.00507934887e-09, 1.36239697301e-09, 3.68014085872e-09, 6.45132125499e-09, 5.8268634362e-09, 3.3196358995e-09, 1.30078503524e-09, 6.22126294925e-10, 6.38403149789e-11, 1.52051704561e-10, 1.31815280913e-10, 1.1895819052e-10, 1.20173329621e-10, 4.302916079e-10, 1.09074756172e-10, 1.1653182759e-11, 2.46435966252e-12, 4.47901134584e-12, 4.00627794828e-12, 8.09191689349e-12, 9.90999123041e-12, 2.77984753272e-11, 7.00027605327e-11, 5.09854936048e-11, 1.58529335492e-11, 4.12984533724e-12],
        "dvar2": [2.02934461413e-05, 7.97484790382e-06, 7.2536153084e-08, 1.47621292967e-08, 1.75678522396e-07, 9.24095331811e-07, 8.53860683492e-07, 7.50911723912e-08, 9.70158353653e-08, 5.77505204546e-07, 7.6900090562e-07, 4.57931889741e-07, 1.60429820539e-07, 5.56142296659e-08, 1.54447796774e-08, 3.08887360134e-09, 7.49997131066e-09, 1.35687914238e-08, 1.46074867757e-08, 8.08520805862e-09, 3.44577189004e-09, 1.38986055997e-09, 1.38970113195e-10, 3.46162903897e-10, 3.08721243014e-10, 3.10110020996e-10, 2.94408719625e-10, 9.10547304223e-10, 2.2938065336e-10, 3.19255212544e-11, 6.31147824975e-12, 1.22935550628e-11, 8.22374720405e-12, 1.90399744582e-11, 2.38224752425e-11, 6.16955236898e-11, 1.32357902416e-10, 1.12096477933e-10, 3.12004172498e-11, 8.23102089959e-12],
        "max": [0.0401967428625, 0.0259517394006, 0.00231952290051, 0.00181496457662, 0.00592636177316, 0.0103415967897, 0.00890501402318, 0.00437600398436, 0.00643141008914, 0.00744685577229, 0.0097148809582, 0.010818798095, 0.0069215730764, 0.00608604587615, 0.00204072939232, 0.000538973370567, 0.000834101985674, 0.00107729528099, 0.00203579571098, 0.000933509145398, 0.000896441051736, 0.000521979818586, 0.000157387141371, 0.000265387730906, 0.000171490144567, 0.000133205248858, 0.000175679495442, 0.00062307564076, 0.000176264773472, 6.31369766779e-05, 2.37548047153e-05, 2.95963473036e-05, 4.5231081458e-05, 6.51341251796e-05, 7.77066015871e-05, 0.000131255495944, 0.000222449292778, 0.000171948689967, 0.000100717348687, 5.97211255808e-05],
        "mean": [0.00166464492213, 0.000839085609186, 0.000168812824995, 7.33098131604e-05, 0.000206798678846, 0.000473548658192, 0.000280571141047, 7.04011254129e-05, 0.000170821804204, 0.00039437765372, 0.000365643296391, 0.000177176276338, 0.000178903195774, 0.000118864532851, 4.59234797745e-05, 2.50807024713e-05, 4.2047140596e-05, 4.66050951218e-05, 3.23104432027e-05, 3.29379108734e-05, 2.75252368738e-05, 1.68544283952e-05, 7.49824857849e-06, 9.69159282249e-06, 1.21582843349e-05, 1.03429756564e-05, 8.23544087325e-06, 1.54088556883e-05, 8.71811607794e-06, 2.48623996413e-06, 9.72419798018e-07, 7.24099322724e-07, 7.66071252656e-07, 8.49150922022e-07, 9.81131279332e-07, 1.40958832162e-06, 2.04232856049e-06, 1.89265801964e-06, 1.41252201047e-06, 5.02220984799e-07],
        "median": [0.000862282817252, 0.000560735410545, 9.32537295739e-05, 3.9374037442e-05, 7.64902506489e-05, 0.000156974230777, 6.96517017786e-05, 2.73771292996e-05, 3.71099522454e-05, 6.64953404339e-05, 4.21713557444e-05, 2.71777844318e-05, 2.41719753831e-05, 1.12747493404e-05, 1.33608828037e-05, 1.0860000657e-05, 1.45578815136e-05, 1.24511943795e-05, 1.21200973808e-05, 1.13995529318e-05, 7.5145712799e-06, 5.36490142622e-06, 3.2887994621e-06, 3.90773402614e-06, 3.52914662471e-06, 3.08955645778e-06, 1.92898141904e-06, 1.44803220792e-06, 9.30773524033e-07, 6.02545696893e-07, 3.95632156369e-07, 2.38586409296e-07, 1.83395187037e-07, 2.04389635883e-07, 2.10019194924e-07, 2.37780852785e-07, 2.74540553846e-07, 2.8806488217e-07, 2.51193881695e-07, 6.00973777409e-08],
        "min": [9.81459401965e-24, 2.56283679384e-23, 1.91943347762e-23, 6.5201471908e-24, 7.15071645008e-24, 4.65676898582e-24, 7.53487830028e-24, 5.95324650076e-24, 4.60113378162e-24, 9.48983970649e-24, 7.78458433122e-24, 9.6615455377e-24, 4.523575344e-24, 1.59731459097e-23, 2.52975575401e-23, 1.51360004062e-23, 1.33611154343e-23, 2.82693701195e-23, 1.65260884949e-23, 5.20127904236e-24, 1.34304184425e-23, 1.59272215833e-23, 9.28527860743e-24, 1.37464077222e-23, 9.47116184684e-24, 9.99392182492e-24, 8.89480508112e-24, 9.41775044153e-24, 1.16967688078e-23, 7.5785172967e-24, 6.18263975782e-24, 1.14949631999e-23, 1.17112254728e-23, 1.00695956738e-23, 1.50632248323e-23, 7.51367529687e-24, 7.92526031873e-24, 1.14579995445e-23, 1.22102265381e-23, 1.53971133658e-23],
        "var": [1.30344051286e-05, 2.43782778853e-06, 6.52748255447e-08, 1.45632848003e-08, 1.99794484956e-07, 6.04235481205e-07, 5.11155349159e-07, 4.29992788042e-08, 1.88546081858e-07, 6.19537956936e-07, 7.26142843632e-07, 3.7031711031e-07, 3.84488799909e-07, 3.10798043301e-07, 2.12598880722e-08, 2.50808485092e-09, 7.52333306764e-09, 1.38569138386e-08, 6.58283916266e-09, 5.36664401807e-09, 6.34780450426e-09, 2.49425569088e-09, 1.79037965009e-10, 3.3574654168e-10, 3.99785510252e-10, 3.22708498812e-10, 3.51880469207e-10, 3.41043526753e-09, 5.18620202339e-10, 3.68359509562e-11, 3.92085582751e-12, 3.87642608984e-12, 6.70120599636e-12, 1.18703311069e-11, 1.64813423326e-11, 4.68812696997e-11, 1.39446246217e-10, 9.33636362666e-11, 3.3570996677e-11, 6.35082741604e-12]
    },
    "mfcc": {
        "mean": [-686.306884766, 126.846466064, -6.72033834457, 10.6019744873, 6.17853593826, -5.07874679565, 5.10644197464, 2.54344034195, 3.42818951607, 13.3887968063, -2.87516307831, 3.13797330856, 0.712821781635],
        "cov": [[9783.96777344, -644.239868164, -755.11907959, 493.926818848, 196.132720947, 74.4174728394, 712.129638672, 263.631713867, 443.859802246, 259.680999756, -111.374855042, -24.1425228119, 38.3403129578], [-644.239868164, 1151.69641113, -176.516418457, 101.075431824, 168.848587036, 197.948562622, 29.1553344727, 5.51615428925, 79.8282852173, 14.6047458649, 44.0682640076, 14.3733720779, 38.8609771729], [-755.11907959, -176.516418457, 713.649658203, -128.416244507, 121.417579651, 85.3858566284, -199.280426025, 93.9327087402, -133.663009644, -44.4233131409, 110.388168335, 39.9407577515, 46.2436218262], [493.926818848, 101.075431824, -128.416244507, 537.038391113, 193.207946777, 56.5827941895, 125.260955811, 46.1152191162, 204.870697021, 69.9888153076, -27.0171966553, 108.641662598, 53.136882782], [196.132720947, 168.848587036, 121.417579651, 193.207946777, 359.385253906, 181.323394775, 58.8529891968, 86.1819000244, 134.14112854, 79.5353240967, 16.8439006805, 42.7116165161, 65.8493652344], [74.4174728394, 197.948562622, 85.3858566284, 56.5827941895, 181.323394775, 386.250030518, 99.631439209, 68.176902771, 85.6661148071, 90.3932495117, 38.6905136108, -38.7063484192, 44.0846862793], [712.129638672, 29.1553344727, -199.280426025, 125.260955811, 58.8529891968, 99.631439209, 308.197692871, 11.9683008194, 154.085357666, 100.253898621, -36.7294425964, -28.1876964569, -4.51856660843], [263.631713867, 5.51615428925, 93.9327087402, 46.1152191162, 86.1819000244, 68.176902771, 11.9683008194, 164.491531372, 34.7422294617, 20.9963264465, 41.8315734863, 24.7999420166, 34.4256973267], [443.859802246, 79.8282852173, -133.663009644, 204.870697021, 134.14112854, 85.6661148071, 154.085357666, 34.7422294617, 257.801086426, 112.065765381, -32.8472175598, 4.97043323517, 22.567401886], [259.680999756, 14.6047458649, -44.4233131409, 69.9888153076, 79.5353240967, 90.3932495117, 100.253898621, 20.9963264465, 112.065765381, 148.289840698, -4.6884355545, -13.7363443375, 20.5527572632], [-111.374855042, 44.0682640076, 110.388168335, -27.0171966553, 16.8439006805, 38.6905136108, -36.7294425964, 41.8315734863, -32.8472175598, -4.6884355545, 105.362518311, 19.3638629913, 13.3974323273], [-24.1425228119, 14.3733720779, 39.9407577515, 108.641662598, 42.7116165161, -38.7063484192, -28.1876964569, 24.7999420166, 4.97043323517, -13.7363443375, 19.3638629913, 135.162475586, 29.0280475616], [38.3403129578, 38.8609771729, 46.2436218262, 53.136882782, 65.8493652344, 44.0846862793, -4.51856660843, 34.4256973267, 22.567401886, 20.5527572632, 13.3974323273, 29.0280475616, 87.6161422729]],
