{
"lowlevel": {
    "average_loudness": 0.947433114052,
    "barkbands_crest": {
        "dmean": 2.55345726013,
        "dmean2": 4.23052453995,
        "dvar": 6.55566549301,
        "dvar2": 17.5486412048,
        "max": 23.7016601562,
        "mean": 10.1734991074,
        "median": 9.58311271667,
        "min": 3.2511985302,
        "var": 13.6447324753
    },
    "barkbands_flatness_db": {
        "dmean": 0.024919455871,
        "dmean2": 0.0378721356392,
        "dvar": 0.000597640930209,
        "dvar2": 0.00149855413474,
        "max": 0.61709445715,
        "mean": 0.182506680489,
        "median": 0.175740718842,
        "min": 0.0902687832713,
        "var": 0.00247471127659
    },
    "barkbands_kurtosis": {
        "dmean": 4.2196893692,
        "dmean2": 6.87135028839,
        "dvar": 92.157043457,
        "dvar2": 257.055236816,
        "max": 191.831207275,
        "mean": 6.52225494385,
        "median": 3.26358509064,
        "min": -1.66070759296,
        "var": 142.366744995
    },
    "barkbands_skewness": {
        "dmean": 0.633117079735,
        "dmean2": 0.976797878742,
        "dvar": 0.605260848999,
        "dvar2": 1.50219154358,
        "max": 13.1730966568,
        "mean": 1.94223892689,
        "median": 1.76906955242,
        "min": -3.42429471016,
        "var": 1.91642534733
    },
    "barkbands_spread": {
        "dmean": 5.32542562485,
        "dmean2": 8.23812198639,
        "dvar": 35.9116287231,
        "dvar2": 80.3812942505,
        "max": 87.0498352051,
        "mean": 19.3561859131,
        "median": 17.4912185669,
        "min": 0.273228347301,
        "var": 108.084976196
    },
    "dissonance": {
        "dmean": 0.0210139881819,
        "dmean2": 0.0347290374339,
        "dvar": 0.000389255554182,
        "dvar2": 0.00104944081977,
        "max": 0.499869644642,
        "mean": 0.457529217005,
        "median": 0.462830901146,
        "min": 0.251285672188,
        "var": 0.000784409116022
    },
    "dynamic_complexity": 2.42073583603,
    "erbbands_crest": {
        "dmean": 2.83643484116,
        "dmean2": 4.50844907761,
        "dvar": 7.41203165054,
        "dvar2": 17.5431842804,
        "max": 33.4269218445,
        "mean": 9.51778030396,
        "median": 8.36588096619,
        "min": 2.65197253227,
        "var": 21.7795944214
    },
    "erbbands_flatness_db": {
        "dmean": 0.0196943432093,
        "dmean2": 0.0274041555822,
        "dvar": 0.000354906136636,
        "dvar2": 0.000673350412399,
        "max": 0.434085011482,
        "mean": 0.179978609085,
        "median": 0.173830315471,
        "min": 0.0979087054729,
        "var": 0.00176968530286
    },
    "erbbands_kurtosis": {
        "dmean": 1.14646816254,
        "dmean2": 1.7826603651,
        "dvar": 9.7514295578,
        "dvar2": 21.6674900055,
        "max": 114.686912537,
        "mean": 0.570858240128,
        "median": -0.190683364868,
        "min": -1.89984714985,
        "var": 14.6238994598
    },
    "erbbands_skewness": {
        "dmean": 0.396668195724,
        "dmean2": 0.598750591278,
        "dvar": 0.190034270287,
        "dvar2": 0.402941197157,
        "max": 7.7049665451,
        "mean": 0.368797034025,
        "median": 0.389830768108,
        "min": -4.89451980591,
        "var": 0.795421123505
    },
    "erbbands_spread": {
        "dmean": 10.5377016068,
        "dmean2": 15.660150528,
        "dvar": 124.371810913,
        "dvar2": 282.570556641,
        "max": 175.917053223,
        "mean": 44.8840675354,
        "median": 42.1215019226,
        "min": 1.4897351265,
        "var": 439.88458252
    },
    "hfc": {
        "dmean": 6.73816728592,
        "dmean2": 9.61970233917,
        "dvar": 79.8519287109,
        "dvar2": 169.701034546,
        "max": 149.580825806,
        "mean": 19.9302139282,
        "median": 16.1676883698,
        "min": 0.000197394911083,
        "var": 215.174758911
    },
    "melbands_crest": {
        "dmean": 3.03301763535,
        "dmean2": 4.88978385925,
        "dvar": 8.56544780731,
        "dvar2": 20.9627857208,
        "max": 31.7023887634,
        "mean": 15.4985933304,
        "median": 14.6408882141,
        "min": 3.87524151802,
        "var": 32.2084884644
    },
    "melbands_flatness_db": {
        "dmean": 0.0297056771815,
        "dmean2": 0.0436281003058,
        "dvar": 0.000922907609493,
        "dvar2": 0.00215980201028,
        "max": 0.74779689312,
        "mean": 0.216447517276,
        "median": 0.209322407842,
        "min": 0.0441600903869,
        "var": 0.00436665164307
    },
    "melbands_kurtosis": {
        "dmean": 12.7170658112,
        "dmean2": 20.3277206421,
        "dvar": 1024.90356445,
        "dvar2": 2797.90625,
        "max": 749.298706055,
        "mean": 22.9193477631,
        "median": 11.0529098511,
        "min": -1.82049620152,
        "var": 2046.44677734
    },
    "melbands_skewness": {
        "dmean": 0.976732254028,
        "dmean2": 1.48331391811,
        "dvar": 1.49037766457,
        "dvar2": 3.65600419044,
        "max": 20.6247520447,
        "mean": 3.274933815,
        "median": 2.86195158958,
        "min": -1.92969715595,
        "var": 5.02557516098
    },
    "melbands_spread": {
        "dmean": 6.02732467651,
        "dmean2": 9.31556510925,
        "dvar": 94.0196228027,
        "dvar2": 188.909317017,
        "max": 200.010604858,
        "mean": 19.541223526,
        "median": 16.2366828918,
        "min": 0.250589996576,
        "var": 251.682235718
    },
    "pitch_salience": {
        "dmean": 0.0673224553466,
        "dmean2": 0.108882114291,
        "dvar": 0.0040568402037,
        "dvar2": 0.0108545776457,
        "max": 0.88658195734,
        "mean": 0.515961289406,
        "median": 0.521156907082,
        "min": 0.13225120306,
        "var": 0.011337896809
    },
    "silence_rate_20dB": {
        "dmean": 0,
        "dmean2": 0,
        "dvar": 0,
        "dvar2": 0,
        "max": 1,
        "mean": 1,
        "median": 1,
        "min": 1,
        "var": 0
    },
    "silence_rate_30dB": {
        "dmean": 0.0665634647012,
        "dmean2": 0.133178472519,
        "dvar": 0.0621323995292,
        "dvar2": 0.166541814804,
        "max": 1,
        "mean": 0.958220481873,
        "median": 1,
        "min": 0,
        "var": 0.0400348901749
    },
    "silence_rate_60dB": {
        "dmean": 0.011609907262,
        "dmean2": 0.0232288036495,
        "dvar": 0.0114755891263,
        "dvar2": 0.0288831088692,
        "max": 1,
        "mean": 0.0259187612683,
        "median": 0,
        "min": 0,
        "var": 0.0252465810627
    },
    "spectral_centroid": {
        "dmean": 241.481948853,
        "dmean2": 371.279144287,
        "dvar": 81304.3359375,
        "dvar2": 163078.515625,
        "max": 5008.1875,
        "mean": 1169.44006348,
        "median": 1057.48034668,
        "min": 112.690567017,
        "var": 338332.84375
    },
    "spectral_complexity": {
        "dmean": 3.65634679794,
        "dmean2": 5.38830804825,
        "dvar": 15.0892915726,
        "dvar2": 31.827922821,
        "max": 52,
        "mean": 17.6591873169,
        "median": 17,
        "min": 0,
        "var": 56.9403457642
    },
    "spectral_decrease": {
        "dmean": 4.36249569802e-09,
        "dmean2": 7.04637193039e-09,
        "dvar": 6.39658370641e-17,
        "dvar2": 1.61569483281e-16,
        "max": -9.82564317452e-14,
        "mean": -9.35802546564e-09,
        "median": -7.26721793853e-09,
        "min": -6.1470089463e-08,
        "var": 7.14343581706e-17
    },
    "spectral_energy": {
        "dmean": 0.0169466789812,
        "dmean2": 0.0272435583174,
        "dvar": 0.000936007185373,
        "dvar2": 0.00235517555848,
        "max": 0.235614031553,
        "mean": 0.0371270775795,
        "median": 0.0289560258389,
        "min": 3.88746400404e-07,
        "var": 0.0010692452779
    },
    "spectral_energyband_high": {
        "dmean": 0.000379511213396,
        "dmean2": 0.000525732582901,
        "dvar": 6.71926159157e-07,
        "dvar2": 1.14917122573e-06,
        "max": 0.0232581365854,
        "mean": 0.00074392039096,
        "median": 0.000387169129681,
        "min": 1.02203934205e-09,
        "var": 1.53712164774e-06
    },
    "spectral_energyband_low": {
        "dmean": 0.0118317333981,
        "dmean2": 0.0200115833431,
        "dvar": 0.000768621801399,
        "dvar2": 0.00203449209221,
        "max": 0.201482355595,
        "mean": 0.0176183097064,
        "median": 0.00943388231099,
        "min": 1.39253444331e-07,
        "var": 0.000682095240336
    },
    "spectral_energyband_middle_high": {
        "dmean": 0.0020081254188,
        "dmean2": 0.00297877541743,
        "dvar": 8.80748666532e-06,
        "dvar2": 1.99702717509e-05,
        "max": 0.0496230013669,
        "mean": 0.00542366318405,
        "median": 0.00404669484124,
        "min": 7.65077956544e-08,
        "var": 2.60022607108e-05
    },
    "spectral_energyband_middle_low": {
        "dmean": 0.00706178788096,
        "dmean2": 0.0111370887607,
        "dvar": 0.000122620534967,
        "dvar2": 0.000296578218695,
        "max": 0.117660671473,
        "mean": 0.0162344109267,
        "median": 0.0119274817407,
        "min": 1.33338090791e-07,
        "var": 0.000216682325117
    },
    "spectral_entropy": {
        "dmean": 0.213927775621,
        "dmean2": 0.300241619349,
        "dvar": 0.0452668517828,
        "dvar2": 0.0889284163713,
        "max": 8.42605400085,
        "mean": 7.38709115982,
        "median": 7.43449926376,
        "min": 3.78262734413,
        "var": 0.172283679247
    },
    "spectral_flux": {
        "dmean": 0.0383143909276,
        "dmean2": 0.0574042722583,
        "dvar": 0.00265627540648,
        "dvar2": 0.00476465839893,
        "max": 0.415850371122,
        "mean": 0.0918383076787,
        "median": 0.0694174170494,
        "min": 0.000623495317996,
        "var": 0.00497695337981
    },
    "spectral_kurtosis": {
        "dmean": 1.82089865208,
        "dmean2": 2.97388243675,
        "dvar": 10.2972049713,
        "dvar2": 23.0795001984,
        "max": 85.5844955444,
        "mean": 3.28841304779,
        "median": 2.44377851486,
        "min": -1.10234642029,
        "var": 18.7169647217
    },
    "spectral_rms": {
        "dmean": 0.00117804971524,
        "dmean2": 0.00178829848301,
        "dvar": 2.8965164347e-06,
        "dvar2": 6.64933577355e-06,
        "max": 0.0151613764465,
        "mean": 0.0055488049984,
        "median": 0.0053150523454,
        "min": 1.94747208297e-05,
        "var": 5.43231089978e-06
    },
    "spectral_rolloff": {
        "dmean": 377.466308594,
        "dmean2": 631.374389648,
        "dvar": 435007.21875,
        "dvar2": 900431.375,
        "max": 8161.08398438,
        "mean": 1078.99291992,
        "median": 839.794921875,
        "min": 86.1328125,
        "var": 1021533
    },
    "spectral_skewness": {
        "dmean": 0.25131765008,
        "dmean2": 0.392111986876,
        "dvar": 0.0980231314898,
        "dvar2": 0.214381575584,
        "max": 8.10936069489,
        "mean": 1.35472989082,
        "median": 1.32347643375,
        "min": -0.396204352379,
        "var": 0.244630470872
    },
    "spectral_spread": {
        "dmean": 621538.8125,
        "dmean2": 838966.6875,
        "dvar": 377750552576,
        "dvar2": 690313166848,
        "max": 10100565,
        "mean": 4612570.5,
        "median": 4552078.5,
        "min": 1286947.75,
        "var": 2.0435968983e+12
    },
    "spectral_strongpeak": {
        "dmean": 0.482512354851,
        "dmean2": 0.805425107479,
        "dvar": 0.698626816273,
        "dvar2": 1.53739023209,
        "max": 13.1083192825,
        "mean": 1.00296676159,
        "median": 0.63341230154,
        "min": 0.000620316655841,
        "var": 1.51521909237
    },
    "zerocrossingrate": {
        "dmean": 0.008769787848,
        "dmean2": 0.010367706418,
        "dvar": 0.000111250497866,
        "dvar2": 0.000128281171783,
        "max": 0.30224609375,
        "mean": 0.051740244031,
        "median": 0.046875,
        "min": 0.00439453125,
        "var": 0.000737219292205
    },
    "barkbands": {
        "dmean": [0.000237158645177, 0.00727975834161, 0.00407590484247, 0.00329283508472, 0.00223878049292, 0.0013667960884, 0.00107353855856, 0.00113270420115, 0.000931476824917, 0.00094539555721, 0.000488601857796, 0.000251967576332, 0.000233114318689, 0.000213977371459, 0.000131415596115, 0.000143147524795, 0.000326750247041, 0.00019011880795, 0.000143073120853, 0.000113545364002, 8.04390147096e-05, 8.72319142218e-05, 0.000118171141366, 9.3870323326e-05, 2.69346437562e-05, 2.10301340786e-08, 1.55223411902e-09],
        "dmean2": [0.00037150667049, 0.0126734878868, 0.00710847275332, 0.00543936900795, 0.00358120282181, 0.00225251214579, 0.00175430788659, 0.00183647393715, 0.00142397603486, 0.00142663542647, 0.000755937362555, 0.00039108801866, 0.000367198517779, 0.00033585447818, 0.000220266665565, 0.000232315986068, 0.000516964006238, 0.000295040750643, 0.00022373329557, 0.000180102375452, 0.00012073306425, 0.000130702464958, 0.000171945997863, 0.000136981194373, 3.92865840695e-05, 3.41198855836e-08, 2.84178769405e-09],
        "dvar": [3.84163115541e-07, 0.000415535731008, 8.11668505776e-05, 5.37757077836e-05, 1.3785174815e-05, 7.93268827692e-06, 5.686201348e-06, 1.12981188067e-05, 5.34027594767e-06, 4.04396860176e-06, 9.64205810305e-07, 3.05528800482e-07, 2.27503178962e-07, 1.94097253825e-07, 4.44081280193e-07, 8.75766019703e-08, 6.80341884163e-07, 1.52093647898e-07, 1.50063414139e-07, 9.08636081931e-08, 5.56315846723e-08, 6.52205827123e-08, 9.17995208738e-08, 3.22408979514e-08, 1.46283207769e-09, 1.34628655422e-15, 4.59434682417e-18],
        "dvar2": [9.42169322116e-07, 0.00113445601892, 0.000229146637139, 0.000136784088681, 3.35256991093e-05, 2.02604787773e-05, 1.44486848512e-05, 2.78740990325e-05, 1.11969884529e-05, 8.50290780363e-06, 2.02477735911e-06, 7.072679864e-07, 5.21252559338e-07, 4.93996765272e-07, 1.29675777316e-06, 2.24786091962e-07, 1.43600175306e-06, 3.60923451126e-07, 3.97328790314e-07, 1.82339917387e-07, 1.02097331478e-07, 1.31723197683e-07, 1.82074913369e-07, 7.58317639793e-08, 2.95974023068e-09, 3.43161104899e-15, 1.42443545506e-17],
        "max": [0.00465982733294, 0.146020531654, 0.104829870164, 0.0812754184008, 0.0510093979537, 0.052091896534, 0.0346690453589, 0.0509787388146, 0.0490770079195, 0.0441212877631, 0.0206203702837, 0.00941748730838, 0.0077223489061, 0.012541658245, 0.0228471141309, 0.00458834227175, 0.0182473491877, 0.00748158944771, 0.0112294703722, 0.0112389288843, 0.00609143543988, 0.00732233235613, 0.0100302575156, 0.00385145749897, 0.000420380267315, 6.74492071084e-07, 1.88752196095e-08],
        "mean": [0.000216617510887, 0.00744320172817, 0.00721717393026, 0.00496636237949, 0.00465070828795, 0.00194173457567, 0.00144851708319, 0.00147225672845, 0.00148592260666, 0.00174076890107, 0.000889116025064, 0.000417318427935, 0.000342547748005, 0.000347130378941, 0.000178626549314, 0.000244940340053, 0.000636889308225, 0.000351040449459, 0.000281823711703, 0.000195218060981, 0.000128801591927, 0.000139921336086, 0.000189696322195, 0.000155471308972, 4.52913627669e-05, 2.96114510689e-08, 1.25628718539e-09],
        "median": [5.75082867726e-06, 0.002203454962, 0.00315164402127, 0.00204941816628, 0.00286284182221, 0.000757092842832, 0.000510700629093, 0.000373792398022, 0.000483417883515, 0.000576770980842, 0.000352346221916, 0.000212412385736, 0.000152857974172, 0.000147444778122, 6.97217983543e-05, 0.000112685615022, 0.000173995969817, 0.000208257129998, 0.000181947340025, 0.000111977264169, 4.82874274894e-05, 6.22196312179e-05, 8.46229013405e-05, 7.18612864148e-05, 1.82797921298e-05, 1.28028094792e-08, 4.64860455685e-10],
        "min": [5.32295985067e-10, 3.57551108721e-08, 1.87532052109e-08, 3.99132673579e-08, 4.60391085255e-08, 6.83772860555e-09, 7.48444062282e-09, 1.13428566539e-09, 4.54240911552e-09, 1.4055240527e-08, 3.43381523216e-09, 1.70573433156e-09, 1.5742971371e-09, 1.7397912e-09, 1.49119028237e-09, 1.42168243844e-09, 5.30975707846e-09, 2.85515211473e-09, 7.92783616532e-10, 6.92365609289e-10, 1.77086373343e-10, 1.27881691347e-10, 3.05631742137e-10, 1.7251471085e-10, 9.37865410333e-11, 6.11720223087e-12, 8.36548278565e-12],
        "var": [3.89641769516e-07, 0.000294152298011, 0.000107851374196, 6.16248944425e-05, 3.01014206343e-05, 1.29099817059e-05, 7.81529706728e-06, 1.50344167196e-05, 1.04967093648e-05, 1.08007407107e-05, 2.66824099526e-06, 5.80977427944e-07, 3.69443796444e-07, 4.54665155303e-07, 3.1135101608e-07, 1.640389371e-07, 2.26170163842e-06, 3.03736044316e-07, 1.89298745568e-07, 1.61723448855e-07, 1.08578760205e-07, 1.09778419244e-07, 1.57600425155e-07, 5.32093835659e-08, 3.53961970845e-09, 1.86411262911e-15, 3.9441787268e-18]
    },
    "erbbands": {
        "dmean": [0.179138988256, 1.7788990736, 4.60510635376, 8.03681468964, 9.05488109589, 7.17915439606, 8.3271074295, 11.8807792664, 15.5973873138, 18.6720485687, 22.8640003204, 20.9634742737, 24.5443305969, 24.6337337494, 14.2496099472, 8.56582832336, 9.86435413361, 9.01180648804, 9.82069778442, 6.03870534897, 8.74533367157, 20.8442745209, 11.7828788757, 7.71375465393, 6.37043333054, 5.20143604279, 3.37247729301, 3.16514253616, 3.18083977699, 3.08713841438, 3.46257042885, 2.12865805626, 1.62051856518, 0.597916603088, 0.0491733029485, 0.00216344348155, 0.000107273895992, 1.44017458297e-05, 1.01548430393e-05, 1.93983214558e-05],
        "dmean2": [0.309007078409, 3.19562888145, 8.11165809631, 13.3655605316, 14.6780118942, 11.3217601776, 13.0170793533, 19.8719615936, 25.7292728424, 30.9687614441, 36.257270813, 32.0747261047, 36.6634254456, 36.6355705261, 22.0660152435, 13.1351203918, 15.288064003, 14.0217161179, 15.8007192612, 9.95666790009, 13.939614296, 32.7590026855, 18.2511329651, 11.8691244125, 10.1851215363, 8.10227108002, 5.24369621277, 4.5739865303, 4.81620788574, 4.50165367126, 5.10009813309, 3.18485879898, 2.36630415916, 0.864787757397, 0.0689644366503, 0.00304011837579, 0.000149212297401, 1.97045537789e-05, 1.49368979692e-05, 3.06322253891e-05],
        "dvar": [0.266864210367, 25.4516410828, 119.09337616, 266.758911133, 287.295898438, 213.434234619, 295.596130371, 709.03515625, 1097.55529785, 3603.51196289, 4345.64892578, 3445.44116211, 2312.41601562, 2490.38256836, 671.018798828, 340.834655762, 396.06829834, 355.902099609, 1264.65112305, 314.205200195, 344.920654297, 3194.69018555, 615.586181641, 273.352020264, 436.614837646, 313.35067749, 70.5762405396, 103.024971008, 80.1205825806, 78.605178833, 71.7823791504, 29.3461894989, 9.53060817719, 0.738481283188, 0.00527916988358, 9.90727039607e-06, 2.35083792433e-08, 4.46038428414e-10, 2.45219289319e-10, 1.13978981808e-09],
        "dvar2": [0.703661441803, 71.6212615967, 338.748077393, 685.285644531, 727.030212402, 489.41696167, 675.53326416, 1888.92797852, 2892.39013672, 9456.76269531, 10499.9365234, 7246.87548828, 4627.33154297, 5258.63085938, 1507.00378418, 772.062438965, 924.61730957, 791.677368164, 3613.65942383, 894.600585938, 848.405639648, 6642.86474609, 1434.81896973, 698.393005371, 1232.44812012, 672.342163086, 150.644241333, 175.619949341, 154.189834595, 148.376220703, 146.994537354, 75.2515640259, 21.7155799866, 1.43167960644, 0.0103404270485, 1.91762246686e-05, 4.29868549645e-08, 8.17714063128e-10, 5.73289415939e-10, 2.83487677777e-09],
        "max": [3.75577044487, 36.1354446411, 124.606079102, 155.23777771, 205.893157959, 271.640686035, 393.587615967, 444.503387451, 460.55355835, 1232.87866211, 1140.01452637, 1546.65209961, 766.778930664, 1064.86950684, 769.942260742, 373.187957764, 345.661895752, 429.145172119, 1152.42932129, 485.20010376, 353.453491211, 1283.5333252, 520.296081543, 421.78918457, 733.321105957, 724.608215332, 143.990234375, 292.571411133, 234.923904419, 287.983459473, 272.290863037, 139.670394897, 63.5013809204, 8.73279666901, 1.03888213634, 0.0445429868996, 0.00182789063547, 0.000384094309993, 0.000160587573191, 0.000259738590103],
        "mean": [0.15076802671, 1.94606935978, 8.03315639496, 13.2376794815, 16.4224300385, 14.3331642151, 14.725812912, 16.1432762146, 21.5041732788, 23.8152294159, 32.906665802, 34.2207641602, 47.2935791016, 47.993270874, 26.9515361786, 15.3960905075, 15.5891065598, 15.096572876, 15.1145200729, 9.8011302948, 17.2619781494, 41.3635635376, 22.4669685364, 15.8831615448, 12.3431138992, 8.78543758392, 5.39668798447, 5.0094165802, 5.14156007767, 4.92160844803, 5.50882482529, 3.51426124573, 2.61336994171, 1.02572584152, 0.0810498222709, 0.00364915747195, 0.000202796378289, 2.92976801575e-05, 2.43473568844e-05, 4.42819473392e-05],
        "median": [0.0307366531342, 0.633416891098, 3.22620034218, 7.21362638474, 10.0219783783, 7.52132701874, 6.04131507874, 6.29832601547, 7.84349012375, 7.5959072113, 9.4324054718, 11.4954490662, 19.1225624084, 21.0181541443, 13.8205947876, 8.31862735748, 7.68679714203, 7.30722141266, 7.20924663544, 5.23243665695, 9.02944660187, 11.0897674561, 13.0198898315, 10.4099254608, 8.03979206085, 4.93142461777, 2.36180043221, 1.80161511898, 2.20388555527, 2.1451151371, 2.48656320572, 1.65298712254, 1.06504786015, 0.415493786335, 0.031252566725, 0.00143329089042, 9.34604831855e-05, 1.58786806423e-05, 1.94781641767e-05, 3.51703165506e-05],
        "min": [5.85279053666e-07, 1.14110616778e-05, 2.64258706011e-05, 8.34996753838e-05, 0.000206926764804, 0.00010939562344, 7.82450952101e-05, 4.40478179371e-05, 5.96584650339e-05, 0.000106866064016, 2.55311533692e-05, 0.000126649218146, 0.000181892435648, 0.000703277939465, 0.000117510215205, 6.16646575509e-05, 7.4477000453e-05, 9.46143336478e-05, 0.000136048445711, 4.48027858511e-05, 0.000129835010739, 0.000461907911813, 0.000276906677755, 0.000120643046102, 4.20865908382e-05, 2.06115328183e-05, 9.85661154118e-06, 5.12400356456e-06, 5.43461919733e-06, 4.38304368799e-06, 8.44270653033e-06, 5.49415062778e-06, 2.970772357e-06, 1.83316558378e-06, 2.79425250937e-07, 3.05223579744e-08, 1.24263719314e-08, 4.33138325207e-09, 1.52383494711e-09, 6.03713468106e-10],
        "var": [0.196437016129, 17.2498188019, 149.009887695, 300.505767822, 440.156433105, 450.390533447, 718.034790039, 986.711791992, 1608.15319824, 3647.22021484, 6072.30126953, 6880.05029297, 6581.83740234, 6417.81787109, 1891.09863281, 786.371154785, 674.37322998, 674.52734375, 1228.14367676, 300.284759521, 713.91595459, 10908.0830078, 1321.23571777, 427.30682373, 395.731628418, 479.170593262, 119.101387024, 215.943466187, 144.421173096, 135.889602661, 123.864059448, 42.3938751221, 14.3437108994, 1.7654620409, 0.0127315642312, 2.45319715759e-05, 6.03779710673e-08, 1.12915687911e-09, 3.84213799665e-10, 1.38446665243e-09]
    },
    "gfcc": {
        "mean": [-12.1843366623, 125.975578308, -133.072021484, 58.6063232422, -74.1474227905, 22.4028720856, -35.862071991, 6.64270353317, -14.5766983032, -27.8909778595, 1.06919050217, -20.8533306122, 1.60421907902],
        "cov": [[4072.00048828, -402.143676758, 67.0194549561, 73.1494750977, -387.72744751, 426.794891357, -213.772903442, 99.5984268188, -40.5519256592, 72.8720779419, -70.4517974854, 7.97573471069, -5.91665649414], [-402.143676758, 874.493225098, -128.319854736, -145.435913086, 343.472900391, -269.665283203, 199.099655151, -97.9193496704, 21.2940616608, -123.856361389, 66.0296478271, -79.0723419189, -5.05896472931], [67.0194549561, -128.319854736, 976.380432129, 310.854888916, -131.882522583, 296.729431152, -69.4547729492, -43.0365371704, -45.4250183105, 84.6174087524, -30.9752655029, 10.5918264389, -0.831586062908], [73.1494750977, -145.435913086, 310.854888916, 312.092071533, 28.6538486481, 72.3606109619, -27.4288864136, -16.5145587921, -10.7982139587, 23.6909141541, 13.3545312881, 20.8673877716, -10.4636201859], [-387.72744751, 343.472900391, -131.882522583, 28.6538486481, 460.131134033, -118.12537384, 71.1150741577, 52.2713890076, -26.2217063904, -45.9612617493, 74.1091461182, 5.57800769806, 20.38904953], [426.794891357, -269.665283203, 296.729431152, 72.3606109619, -118.12537384, 356.775115967, -31.079914093, 33.5455551147, -29.690486908, 65.4980621338, -43.128162384, 15.2704620361, 14.0174484253], [-213.772903442, 199.099655151, -69.4547729492, -27.4288864136, 71.1150741577, -31.079914093, 231.097427368, 0.993921041489, 12.0678291321, -43.451461792, -1.86271715164, -44.3709259033, -5.40399169922], [99.5984268188, -97.9193496704, -43.0365371704, -16.5145587921, 52.2713890076, 33.5455551147, 0.993921041489, 176.70690918, 9.56296443939, 13.9689083099, 7.76650333405, 29.7987346649, 22.3674583435], [-40.5519256592, 21.2940616608, -45.4250183105, -10.7982139587, -26.2217063904, -29.690486908, 12.0678291321, 9.56296443939, 123.979248047, 4.89825105667, -6.84996032715, -6.43644714355, -10.8155298233], [72.8720779419, -123.856361389, 84.6174087524, 23.6909141541, -45.9612617493, 65.4980621338, -43.451461792, 13.9689083099, 4.89825105667, 126.184013367, 31.6950683594, 7.34479093552, 2.25691437721], [-70.4517974854, 66.0296478271, -30.9752655029, 13.3545312881, 74.1091461182, -43.128162384, -1.86271715164, 7.76650333405, -6.84996032715, 31.6950683594, 101.765113831, 26.176908493, -7.78291606903], [7.97573471069, -79.0723419189, 10.5918264389, 20.8673877716, 5.57800769806, 15.2704620361, -44.3709259033, 29.7987346649, -6.43644714355, 7.34479093552, 26.176908493, 94.5205688477, 35.4575500488], [-5.91665649414, -5.05896472931, -0.831586062908, -10.4636201859, 20.38904953, 14.0174484253, -5.40399169922, 22.3674583435, -10.8155298233, 2.25691437721, -7.78291606903, 35.4575500488, 73.9981536865]],
        "icov": [[0.000418441719376, -0.00079084164463, 0.00060969684273, -0.00089484633645, 0.000863802211825, -0.000901107676327, 0.000698950490914, -0.000732843007427, 0.000412845169194, -0.000243958187639, 0.00028188424767, -7.1002095865e-06, 0.000165788878803], [-0.00079084164463, 0.00741516565904, -0.00371075770818, 0.00629504816607, -0.00554442964494, 0.0041503268294, -0.00379493879154, 0.00489452993497, -0.00297053460963, 0.00410307338461, -0.00443299394101, 0.00318875466473, -0.00227648229338], [0.00060969684273, -0.00371075770818, 0.00406334130093, -0.00507318647578, 0.00324501655996, -0.00354676228017, 0.00222075544298, -0.00212983996607, 0.00190007069614, -0.00233523850329, 0.00223840610124, -0.000992362154648, 0.000766944314819], [-0.00089484633645, 0.00629504816607, -0.00507318647578, 0.0107330176979, -0.00586169632152, 0.00389309343882, -0.00329653127119, 0.00472599454224, -0.0029582278803, 0.00324668991379, -0.00362057751045, 0.000884836132172, -0.000308324582875], [0.000863802211825, -0.00554442964494, 0.00324501655996, -0.00586169632152, 0.00776406377554, -0.00288248737343, 0.00253339041956, -0.00500715197995, 0.00303018116392, -0.00142155226786, 0.000331124843797, -0.00073355488712, -0.000124528436572], [-0.000901107676327, 0.0041503268294, -0.00354676228017, 0.00389309343882, -0.00288248737343, 0.00780697260052, -0.00304533471353, 0.00180289766286, -0.000603265536483, -0.000126310333144, 0.000166858226294, 0.000265987880994, -0.000923899176996], [0.000698950490914, -0.00379493879154, 0.00222075544298, -0.00329653127119, 0.00253339041956, -0.00304533471353, 0.00771018257365, -0.00289178150706, 0.000819340581074, 0.000138778254041, 0.000778124143835, 0.00197801995091, -7.91806887719e-05], [-0.000732843007427, 0.00489452993497, -0.00212983996607, 0.00472599454224, -0.00500715197995, 0.00180289766286, -0.00289178150706, 0.0102791776881, -0.00295209675096, 0.00158043985721, -0.00215836358257, -0.000235383573454, -0.0019536933396], [0.000412845169194, -0.00297053460963, 0.00190007069614, -0.0029582278803, 0.00303018116392, -0.000603265536483, 0.000819340581074, -0.00295209675096, 0.0102098435163, -0.00299058575183, 0.00319852400571, -0.0017047082074, 0.00240122829564], [-0.000243958187639, 0.00410307338461, -0.00233523850329, 0.00324668991379, -0.00142155226786, -0.000126310333144, 0.000138778254041, 0.00158043985721, -0.00299058575183, 0.0147479176521, -0.00958730839193, 0.00541890179738, -0.0038499541115], [0.00028188424767, -0.00443299394101, 0.00223840610124, -0.00362057751045, 0.000331124843797, 0.000166858226294, 0.000778124143835, -0.00215836358257, 0.00319852400571, -0.00958730839193, 0.0202869996428, -0.00957968179137, 0.00730296457186], [-7.1002095865e-06, 0.00318875466473, -0.000992362154648, 0.000884836132172, -0.00073355488712, 0.000265987880994, 0.00197801995091, -0.000235383573454, -0.0017047082074, 0.00541890179738, -0.00957968179137, 0.0201816838235, -0.0103936772794], [0.000165788878803, -0.00227648229338, 0.000766944314819, -0.000308324582875, -0.000124528436572, -0.000923899176996, -7.91806887719e-05, -0.0019536933396, 0.00240122829564, -0.0038499541115, 0.00730296457186, -0.0103936772794, 0.0203473884612]]
    },
    "melbands": {
        "dmean": [0.00180886406451, 0.00240256241523, 0.0013815027196, 0.00058046967024, 0.000277534622001, 0.000272168137599, 0.000230403893511, 0.000220836955123, 0.000185165539733, 0.000131411026814, 0.00013017123274, 0.000110792148917, 5.43527239643e-05, 3.12751653837e-05, 2.26781194215e-05, 2.50768462138e-05, 1.71069004864e-05, 1.84763594007e-05, 1.0285531971e-05, 9.35353818932e-06, 9.82952224149e-06, 2.49446075031e-05, 1.15964121505e-05, 8.80290372152e-06, 6.62186221234e-06, 5.3970652516e-06, 4.7251264732e-06, 3.5400669276e-06, 2.19813387048e-06, 2.18480340664e-06, 1.84529312719e-06, 1.75773618594e-06, 1.85528779184e-06, 1.84386465207e-06, 2.0005109036e-06, 1.94339008885e-06, 1.16175908715e-06, 1.2768147144e-06, 7.74157854266e-07, 4.8230486982e-07],
        "dmean2": [0.00313880993053, 0.004234675318, 0.00229014689103, 0.000930246606003, 0.000430157611845, 0.000452740234323, 0.000380156794563, 0.000365623651305, 0.000292330951197, 0.000201886796276, 0.000194894586457, 0.000164990575286, 8.43954403535e-05, 4.78774854855e-05, 3.46452579834e-05, 3.97443691327e-05, 2.68374351435e-05, 2.95432946587e-05, 1.71865813172e-05, 1.52725242515e-05, 1.56081459863e-05, 3.92671972804e-05, 1.84172222362e-05, 1.37114757308e-05, 1.02078438431e-05, 8.5308083726e-06, 7.59849626775e-06, 5.52753590455e-06, 3.50848245034e-06, 3.32665968017e-06, 2.74767376141e-06, 2.68247026725e-06, 2.82833389065e-06, 2.75811180472e-06, 3.00573651657e-06, 2.963456609e-06, 1.77206368335e-06, 1.89958097963e-06, 1.10953294552e-06, 7.13159352017e-07],
        "dvar": [2.63208421529e-05, 3.58392608177e-05, 7.87402859714e-06, 1.03621130165e-06, 2.80821979004e-07, 3.40743241622e-07, 2.31443323173e-07, 4.77283151668e-07, 2.69478391601e-07, 1.33064162355e-07, 6.71034783295e-08, 5.1409990931e-08, 1.18105516478e-08, 5.28481214346e-09, 2.89958390631e-09, 2.93844149013e-09, 1.46291267988e-09, 3.359158951e-09, 2.26806973203e-09, 3.23354704124e-10, 5.17867970729e-10, 4.88970552937e-09, 5.66780566924e-10, 2.73166350651e-10, 2.27611304804e-10, 3.10810183146e-10, 1.13657271095e-10, 1.75184394768e-10, 2.6830666161e-11, 5.88640733379e-11, 3.16839436632e-11, 2.77469939386e-11, 2.49220713511e-11, 3.0345826546e-11, 2.56468249415e-11, 2.39528882839e-11, 7.53095068945e-12, 5.55953200143e-12, 1.68724235972e-12, 4.85887372004e-13],
        "dvar2": [7.02631659806e-05, 0.000101629426354, 1.99945116037e-05, 2.5364765861e-06, 6.54880579987e-07, 9.11114511837e-07, 6.06633193456e-07, 1.22811138681e-06, 6.39933375624e-07, 2.77215718825e-07, 1.35834071102e-07, 1.10067091441e-07, 2.61747228336e-08, 1.22857546359e-08, 6.86791645776e-09, 6.61679955272e-09, 3.25237459187e-09, 9.34081789694e-09, 6.57075505117e-09, 8.59231574779e-10, 1.23600052415e-09, 1.00881898391e-08, 1.39995248727e-09, 6.68139099602e-10, 5.82395187632e-10, 8.51693715553e-10, 2.84782170068e-10, 3.84593024094e-10, 6.43024661295e-11, 1.23680357622e-10, 5.34351451975e-11, 5.17960570268e-11, 5.42830676242e-11, 5.77599738871e-11, 5.22785321977e-11, 5.74251687868e-11, 1.97002796021e-11, 1.26599321304e-11, 3.68429852599e-12, 1.02698351125e-12],
        "max": [0.0385238081217, 0.056150842458, 0.0275935251266, 0.0143578741699, 0.0104782460257, 0.00886212475598, 0.00606769183651, 0.013462533243, 0.00923585798591, 0.00969550386071, 0.00445455359295, 0.00516974832863, 0.00330376229249, 0.00132174452301, 0.00112821999937, 0.000795896106865, 0.000995906884782, 0.00165524356999, 0.00151685602032, 0.000305136258248, 0.000461648218334, 0.00157885265071, 0.000395507231588, 0.000322600681102, 0.000428591069067, 0.000574799079914, 0.000312001327984, 0.000540797424037, 0.000102909296402, 0.000204508236493, 0.000158652983373, 0.000132174580358, 0.000156822585268, 0.000168332757312, 0.000162591299159, 0.000138025716296, 6.43145394861e-05, 4.84973679704e-05, 1.84292275662e-05, 8.42219196784e-06],
        "mean": [0.0017144177109, 0.00369363627397, 0.00242108106613, 0.00115104229189, 0.000520051631611, 0.000374444498448, 0.000313719036058, 0.000279486121144, 0.000267022638582, 0.00021198450122, 0.000246244977461, 0.000212329148781, 9.77421659627e-05, 5.35422987014e-05, 3.42966523021e-05, 3.64962907042e-05, 2.73627028946e-05, 2.75659367617e-05, 1.41175578392e-05, 1.51322055899e-05, 1.78901009349e-05, 4.85036725877e-05, 2.10162943404e-05, 1.61886000569e-05, 1.27705361592e-05, 1.00884308267e-05, 8.08856839285e-06, 5.33649335921e-06, 3.27826728608e-06, 3.16308637593e-06, 2.80316476164e-06, 2.74485000773e-06, 2.82750488623e-06, 2.76143532574e-06, 3.12132488034e-06, 2.97232145385e-06, 1.80794393145e-06, 2.01073294193e-06, 1.21270511499e-06, 7.72172938923e-07],
        "median": [0.000479377456941, 0.00152489903849, 0.00144081027247, 0.000698683201335, 0.000243154514465, 0.000149648127262, 0.000119037387776, 7.78156027081e-05, 7.05157362972e-05, 6.67798449285e-05, 9.22049512155e-05, 8.89473085408e-05, 4.5146462071e-05, 2.68136409431e-05, 1.36736061904e-05, 1.42317267091e-05, 1.21021193991e-05, 1.1252834156e-05, 5.38171252629e-06, 6.27964936939e-06, 7.89152363723e-06, 1.04788850877e-05, 1.01906425698e-05, 9.95741993393e-06, 7.49588161852e-06, 6.03229818807e-06, 4.70515078632e-06, 2.6279371923e-06, 1.50804237364e-06, 9.39485516938e-07, 1.00071338238e-06, 1.14147337626e-06, 1.22360063415e-06, 1.05396236449e-06, 1.36499522796e-06, 1.29454406306e-06, 8.2944342239e-07, 7.82365532359e-07, 5.17185753779e-07, 2.90185454332e-07],
        "min": [7.35840588462e-09, 2.02146495099e-08, 1.98647622796e-08, 1.15065876827e-08, 2.99301383677e-09, 1.05782282933e-09, 1.16048226584e-09, 1.11191189589e-09, 1.69834785124e-10, 8.08266786834e-10, 7.62687302203e-10, 2.98140467869e-09, 4.44776715458e-10, 1.99500527209e-10, 8.88149415124e-11, 2.46139442162e-10, 1.29464675092e-10, 2.46895281997e-10, 8.18232426258e-11, 5.66108167288e-11, 1.4911391566e-10, 4.49233872324e-10, 4.019728439e-10, 1.44257591983e-10, 4.10172902587e-11, 2.35083931488e-11, 3.63270698245e-11, 8.07640152672e-12, 6.16327518535e-12, 4.71917123435e-12, 2.32529100141e-12, 3.29020686564e-12, 2.10528903338e-12, 2.3418634653e-12, 4.52290418659e-12, 6.26931406095e-12, 2.04133238091e-12, 1.86773057957e-12, 2.05357410764e-12, 1.46024598663e-12],
        "var": [1.90412010852e-05, 3.39766047546e-05, 9.05375964066e-06, 2.0080547074e-06, 7.04876867985e-07, 4.68063888093e-07, 3.24191120171e-07, 5.33603724762e-07, 3.970382636e-07, 2.73053899491e-07, 1.91512867787e-07, 1.29112095237e-07, 3.13102823668e-08, 9.61093871155e-09, 4.92350471504e-09, 4.87071716293e-09, 2.64095323388e-09, 4.34630909041e-09, 1.83358350725e-09, 5.76604652913e-10, 1.12506381988e-09, 1.66667906143e-08, 1.17037934899e-09, 5.1117426958e-10, 3.45850431627e-10, 3.23864851604e-10, 1.77778750055e-10, 2.45186843051e-10, 3.79088184455e-11, 9.12286426957e-11, 6.81898842947e-11, 5.02948273307e-11, 3.79894414537e-11, 5.02220903753e-11, 4.37878448778e-11, 3.48602535727e-11, 1.04512518431e-11, 8.49652119495e-12, 2.90245410171e-12, 1.10651743844e-12]
    },
    "mfcc": {
        "mean": [-634.929504395, 121.590667725, 13.9182138443, 23.5036048889, 5.77169847488, -1.41519987583, 4.96902942657, 15.442817688, -3.89531636238, 1.47632777691, -5.31742572784, -3.49873924255, -5.73516178131],
        "cov": [[4218.58349609, -487.984283447, 104.272529602, -348.185211182, -78.4846191406, 61.3368644714, -111.815925598, 20.6797046661, 2.95882153511, 37.9750938416, 21.4617938995, -16.5165977478, -32.5512275696], [-487.984283447, 1021.13769531, -457.360473633, 139.694137573, 39.9202079773, -96.7221832275, 110.436531067, 31.5232219696, -26.8250293732, 13.4873695374, -15.4154815674, -35.4408149719, -3.13438177109], [104.272529602, -457.360473633, 1133.96008301, -28.4908180237, 45.1588973999, 283.674835205, -40.9868736267, -33.9214324951, 43.1256752014, -1.35079360008, 14.6579856873, -23.7044696808, 27.7294559479], [-348.185211182, 139.694137573, -28.4908180237, 350.800231934, 107.519821167, -12.9974756241, 54.3721046448, 15.12504673, -24.7510051727, -21.4630794525, -17.4420948029, 29.2492771149, 44.4488945007], [-78.4846191406, 39.9202079773, 45.1588973999, 107.519821167, 309.213684082, 16.5759429932, 71.3021621704, 6.5568728447, -3.08346390724, -45.5223655701, 22.1268539429, 11.0943403244, 46.3643798828], [61.3368644714, -96.7221832275, 283.674835205, -12.9974756241, 16.5759429932, 232.63053894, 29.2194786072, -10.7220973969, 16.3315792084, 17.9777412415, 0.427534073591, -15.4313097, -8.50617027283], [-111.815925598, 110.436531067, -40.9868736267, 54.3721046448, 71.3021621704, 29.2194786072, 214.140167236, 37.7488250732, 23.3008079529, -1.05196630955, 7.60577630997, 3.7064435482, 19.9984359741], [20.6797046661, 31.5232219696, -33.9214324951, 15.12504673, 6.5568728447, -10.7220973969, 37.7488250732, 141.615921021, 42.5229873657, 3.5805478096, -7.64707994461, -2.68090724945, -0.891299426556], [2.95882153511, -26.8250293732, 43.1256752014, -24.7510051727, -3.08346390724, 16.3315792084, 23.3008079529, 42.5229873657, 125.794563293, 17.1535301208, 1.60474383831, -7.68555164337, -10.1525058746], [37.9750938416, 13.4873695374, -1.35079360008, -21.4630794525, -45.5223655701, 17.9777412415, -1.05196630955, 3.5805478096, 17.1535301208, 125.37727356, 28.2215099335, -9.60262966156, -28.6759204865], [21.4617938995, -15.4154815674, 14.6579856873, -17.4420948029, 22.1268539429, 0.427534073591, 7.60577630997, -7.64707994461, 1.60474383831, 28.2215099335, 99.2243041992, 19.1286830902, -12.2276287079], [-16.5165977478, -35.4408149719, -23.7044696808, 29.2492771149, 11.0943403244, -15.4313097, 3.7064435482, -2.68090724945, -7.68555164337, -9.60262966156, 19.1286830902, 94.5087509155, 40.0303115845], [-32.5512275696, -3.13438177109, 27.7294559479, 44.4488945007, 46.3643798828, -8.50617027283, 19.9984359741, -0.891299426556, -10.1525058746, -28.6759204865, -12.2276287079, 40.0303115845, 111.890640259]],
