{
"lowlevel": {
    "average_loudness": 0.918015539646,
    "barkbands_crest": {
        "dmean": 2.22281885147,
        "dmean2": 3.60624241829,
        "dvar": 4.26594352722,
        "dvar2": 10.3398103714,
        "max": 24.229516983,
        "mean": 7.77098941803,
        "median": 7.05373764038,
        "min": 2.37219882011,
        "var": 11.2326488495
    },
    "barkbands_flatness_db": {
        "dmean": 0.0178106036037,
        "dmean2": 0.0268601272255,
        "dvar": 0.000275885337032,
        "dvar2": 0.000571333570406,
        "max": 0.308158934116,
        "mean": 0.142487794161,
        "median": 0.133110702038,
        "min": 0.0732785090804,
        "var": 0.00142323668115
    },
    "barkbands_kurtosis": {
        "dmean": 1.43023777008,
        "dmean2": 2.18762969971,
        "dvar": 6.9312210083,
        "dvar2": 13.0384244919,
        "max": 43.1919784546,
        "mean": 0.963875234127,
        "median": -0.205362200737,
        "min": -1.89846313,
        "var": 18.142364502
    },
    "barkbands_skewness": {
        "dmean": 0.473800957203,
        "dmean2": 0.702795743942,
        "dvar": 0.236506074667,
        "dvar2": 0.479541182518,
        "max": 5.77571153641,
        "mean": 0.919447660446,
        "median": 0.8797955513,
        "min": -3.12960457802,
        "var": 0.915764629841
    },
    "barkbands_spread": {
        "dmean": 6.39271450043,
        "dmean2": 9.66486549377,
        "dvar": 45.7173538208,
        "dvar2": 106.183372498,
        "max": 88.4808197021,
        "mean": 31.5314941406,
        "median": 31.4860305786,
        "min": 2.6557264328,
        "var": 168.976364136
    },
    "dissonance": {
        "dmean": 0.0141586540267,
        "dmean2": 0.0232901200652,
        "dvar": 0.000233333252254,
        "dvar2": 0.000579639861826,
        "max": 0.500000178814,
        "mean": 0.473444581032,
        "median": 0.47960793972,
        "min": 0.316937595606,
        "var": 0.000573538418394
    },
    "dynamic_complexity": 3.24185276031,
    "erbbands_crest": {
        "dmean": 2.44303226471,
        "dmean2": 4.01116228104,
        "dvar": 6.92022609711,
        "dvar2": 16.6229152679,
        "max": 27.9575691223,
        "mean": 7.6883559227,
        "median": 6.63360118866,
        "min": 2.74343967438,
        "var": 15.8070049286
    },
    "erbbands_flatness_db": {
        "dmean": 0.0149685442448,
        "dmean2": 0.0222511123866,
        "dvar": 0.000203436473384,
        "dvar2": 0.000423483055783,
        "max": 0.342838913202,
        "mean": 0.186033785343,
        "median": 0.178414434195,
        "min": 0.101505480707,
        "var": 0.00124468735885
    },
    "erbbands_kurtosis": {
        "dmean": 0.771758437157,
        "dmean2": 1.23932147026,
        "dvar": 1.48624145985,
        "dvar2": 3.09419584274,
        "max": 20.5603218079,
        "mean": 0.038615975529,
        "median": -0.410218596458,
        "min": -1.72357857227,
        "var": 3.3516740799
    },
    "erbbands_skewness": {
        "dmean": 0.346092224121,
        "dmean2": 0.50994259119,
        "dvar": 0.112998262048,
        "dvar2": 0.21874448657,
        "max": 4.1921210289,
        "mean": -0.190164268017,
        "median": -0.240416124463,
        "min": -3.28402090073,
        "var": 0.570578157902
    },
    "erbbands_spread": {
        "dmean": 8.16740703583,
        "dmean2": 12.7849807739,
        "dvar": 64.0938034058,
        "dvar2": 155.537094116,
        "max": 107.898757935,
        "mean": 40.9723777771,
        "median": 40.2911911011,
        "min": 7.25920200348,
        "var": 188.734680176
    },
    "hfc": {
        "dmean": 6.93504714966,
        "dmean2": 9.66827011108,
        "dvar": 82.0229034424,
        "dvar2": 146.534744263,
        "max": 155.645095825,
        "mean": 22.6280727386,
        "median": 17.3356781006,
        "min": 1.23725890847e-16,
        "var": 404.660552979
    },
    "melbands_crest": {
        "dmean": 3.16526031494,
        "dmean2": 5.15238904953,
        "dvar": 8.65157413483,
        "dvar2": 22.3163967133,
        "max": 33.9930419922,
        "mean": 11.9866142273,
        "median": 11.1865406036,
        "min": 2.22668671608,
        "var": 20.4997844696
    },
    "melbands_flatness_db": {
        "dmean": 0.0240679122508,
        "dmean2": 0.0346317663789,
        "dvar": 0.000518191547599,
        "dvar2": 0.00102813378908,
        "max": 0.379747271538,
        "mean": 0.149875432253,
        "median": 0.142012387514,
        "min": 0.00615374511108,
        "var": 0.00272275274619
    },
    "melbands_kurtosis": {
        "dmean": 4.41596031189,
        "dmean2": 6.75695848465,
        "dvar": 52.7227249146,
        "dvar2": 99.5316238403,
        "max": 130.52166748,
        "mean": 7.33809518814,
        "median": 4.55711650848,
        "min": -1.77217292786,
        "var": 136.22203064
    },
    "melbands_skewness": {
        "dmean": 0.666186869144,
        "dmean2": 1.00369572639,
        "dvar": 0.457766830921,
        "dvar2": 0.961699903011,
        "max": 9.88147449493,
        "mean": 2.17841553688,
        "median": 2.05196356773,
        "min": -1.05152440071,
        "var": 1.54923665524
    },
    "melbands_spread": {
        "dmean": 11.1806545258,
        "dmean2": 17.0437870026,
        "dvar": 229.875,
        "dvar2": 469.386810303,
        "max": 211.795043945,
        "mean": 38.3836898804,
        "median": 33.4786224365,
        "min": 2.06210851669,
        "var": 628.513427734
    },
    "pitch_salience": {
        "dmean": 0.0685544386506,
        "dmean2": 0.109980948269,
        "dvar": 0.00357281696051,
        "dvar2": 0.00864715687931,
        "max": 0.865253865719,
        "mean": 0.579074203968,
        "median": 0.578606963158,
        "min": 0.116624377668,
        "var": 0.0103165674955
    },
    "silence_rate_20dB": {
        "dmean": 0,
        "dmean2": 0,
        "dvar": 0,
        "dvar2": 0,
        "max": 1,
        "mean": 1,
        "median": 1,
        "min": 1,
        "var": 0
    },
    "silence_rate_30dB": {
        "dmean": 0,
        "dmean2": 0,
        "dvar": 0,
        "dvar2": 0,
        "max": 1,
        "mean": 1,
        "median": 1,
        "min": 1,
        "var": 0
    },
    "silence_rate_60dB": {
        "dmean": 0.0280701760203,
        "dmean2": 0.0561797767878,
        "dvar": 0.0272823274136,
        "dvar2": 0.061450175941,
        "max": 1,
        "mean": 0.0967741906643,
        "median": 0,
        "min": 0,
        "var": 0.0874094069004
    },
    "spectral_centroid": {
        "dmean": 322.440002441,
        "dmean2": 470.370391846,
        "dvar": 143328.859375,
        "dvar2": 231599.1875,
        "max": 10765.6826172,
        "mean": 1961.2520752,
        "median": 1961.91772461,
        "min": 325.903076172,
        "var": 530608.125
    },
    "spectral_complexity": {
        "dmean": 4.52070188522,
        "dmean2": 6.51404476166,
        "dvar": 24.9891471863,
        "dvar2": 45.7484130859,
        "max": 59,
        "mean": 21.4985980988,
        "median": 21,
        "min": 0,
        "var": 136.8853302
    },
    "spectral_decrease": {
        "dmean": 1.43468992242e-09,
        "dmean2": 2.06750372378e-09,
        "dvar": 2.57281977069e-18,
        "dvar2": 5.3816573312e-18,
        "max": 5.69435192759e-29,
        "mean": -4.69650318635e-09,
        "median": -4.1694869779e-09,
        "min": -2.27136549569e-08,
        "var": 1.181057164e-17
    },
    "spectral_energy": {
        "dmean": 0.00586968753487,
        "dmean2": 0.00832509621978,
        "dvar": 4.19626267103e-05,
        "dvar2": 8.62466185936e-05,
        "max": 0.0998441204429,
        "mean": 0.0197781119496,
        "median": 0.0176458135247,
        "min": 1.10073966166e-20,
        "var": 0.000206557728234
    },
    "spectral_energyband_high": {
        "dmean": 0.000543592206668,
        "dmean2": 0.000782080926001,
        "dvar": 9.20955869788e-07,
        "dvar2": 1.77145659563e-06,
        "max": 0.0143554732203,
        "mean": 0.00130008463748,
        "median": 0.000831620767713,
        "min": 8.25997921992e-21,
        "var": 2.76507876151e-06
    },
    "spectral_energyband_low": {
        "dmean": 0.00248083681799,
        "dmean2": 0.00400790106505,
        "dvar": 1.31428059831e-05,
        "dvar2": 3.39343605447e-05,
        "max": 0.0403726398945,
        "mean": 0.0050775478594,
        "median": 0.00369528052397,
        "min": 4.73854735597e-23,
        "var": 2.65117887466e-05
    },
    "spectral_energyband_middle_high": {
        "dmean": 0.00200099335052,
        "dmean2": 0.00290902354755,
        "dvar": 7.41683606975e-06,
        "dvar2": 1.33562753035e-05,
        "max": 0.0546964593232,
        "mean": 0.00595251424238,
        "median": 0.00432169949636,
        "min": 1.4065507575e-21,
        "var": 3.89898086723e-05
    },
    "spectral_energyband_middle_low": {
        "dmean": 0.00331281661056,
        "dmean2": 0.00483961729333,
        "dvar": 1.54837216542e-05,
        "dvar2": 3.40593542205e-05,
        "max": 0.0453447476029,
        "mean": 0.00830621924251,
        "median": 0.00651365425438,
        "min": 3.5909811735e-22,
        "var": 4.99611414853e-05
    },
    "spectral_entropy": {
        "dmean": 0.13120560348,
        "dmean2": 0.182880058885,
        "dvar": 0.0184834133834,
        "dvar2": 0.028750512749,
        "max": 9.80967903137,
        "mean": 7.63802862167,
        "median": 7.66277551651,
        "min": 6.34649467468,
        "var": 0.0854701250792
    },
    "spectral_flux": {
        "dmean": 0.0192825011909,
        "dmean2": 0.0287907924503,
        "dvar": 0.000331167160766,
        "dvar2": 0.000693799462169,
        "max": 0.217108979821,
        "mean": 0.0768285095692,
        "median": 0.0741756111383,
        "min": 1.04916138277e-10,
        "var": 0.00135745794978
    },
    "spectral_kurtosis": {
        "dmean": 1.32885205746,
        "dmean2": 2.3352162838,
        "dvar": 1.79419386387,
        "dvar2": 5.14418649673,
        "max": 17.7018642426,
        "mean": 1.82419085503,
        "median": 1.42938017845,
        "min": -1.15476584435,
        "var": 3.17616891861
    },
    "spectral_rms": {
        "dmean": 0.000648064713459,
        "dmean2": 0.000896741519682,
        "dvar": 3.93483418293e-07,
        "dvar2": 7.46900582271e-07,
        "max": 0.00986959505826,
        "mean": 0.00404965225607,
        "median": 0.00414914637804,
        "min": 3.27702968927e-12,
        "var": 2.89603440251e-06
    },
    "spectral_rolloff": {
        "dmean": 675.568969727,
        "dmean2": 1079.04968262,
        "dvar": 854852.6875,
        "dvar2": 1551075,
        "max": 18712.3535156,
        "mean": 2358.03759766,
        "median": 2110.25390625,
        "min": 150.732421875,
        "var": 2164486
    },
    "spectral_skewness": {
        "dmean": 0.196595311165,
        "dmean2": 0.322825163603,
        "dvar": 0.0306595563889,
        "dvar2": 0.0766003206372,
        "max": 3.0947496891,
        "mean": 0.836154818535,
        "median": 0.810257792473,
        "min": -0.28457441926,
        "var": 0.105339758098
    },
    "spectral_spread": {
        "dmean": 348600.25,
        "dmean2": 513335.46875,
        "dvar": 1.02925651149e+12,
        "dvar2": 1.12886821683e+12,
        "max": 39591692,
        "mean": 3807984.25,
        "median": 3726220.75,
        "min": 2022432.375,
        "var": 1.36471130931e+12
    },
    "spectral_strongpeak": {
        "dmean": 0.582237958908,
        "dmean2": 0.985580086708,
        "dvar": 1.02045726776,
        "dvar2": 2.46873259544,
        "max": 10.5680389404,
        "mean": 0.838550031185,
        "median": 0.404734045267,
        "min": 0,
        "var": 1.33650815487
    },
    "zerocrossingrate": {
        "dmean": 0.0112116225064,
        "dmean2": 0.0124172251672,
        "dvar": 0.000282630062429,
        "dvar2": 0.000312111573294,
        "max": 0.4892578125,
        "mean": 0.0775055736303,
        "median": 0.0732421875,
        "min": 0.00390625,
        "var": 0.00128572713584
    },
    "barkbands": {
        "dmean": [1.89069614862e-05, 0.000905471330043, 0.00152593979146, 0.000900500861462, 0.0013093908783, 0.000674584647641, 0.000612581905443, 0.000696594186593, 0.000794048479293, 0.000382902799174, 0.000425697333412, 0.000418108596932, 0.000439732917584, 0.000419100455474, 0.000368175038602, 0.000309060444124, 0.000175185356056, 0.000239407047047, 0.000470653671073, 0.000245543982601, 0.000168575847056, 0.00018782207917, 0.00016684072034, 5.29059070686e-05, 5.56338818569e-06, 5.15550180324e-09, 7.63481555754e-10],
        "dmean2": [3.38310965162e-05, 0.00147716654465, 0.00255826255307, 0.00144484208431, 0.00204186374322, 0.00107771740295, 0.000953340902925, 0.00106769392733, 0.00120112323202, 0.000608454749454, 0.000643007282633, 0.000653679133393, 0.000703679223079, 0.000640136480797, 0.000591631396674, 0.000481169379782, 0.000286221329588, 0.000395802286221, 0.000715208298061, 0.000398012402002, 0.000269925105385, 0.000270954304142, 0.000244726223173, 8.07510950835e-05, 8.73746012076e-06, 8.43499581293e-09, 1.41017664212e-09],
        "dvar": [7.33548111143e-10, 1.82650455827e-06, 5.72617682337e-06, 1.62233413903e-06, 3.06981496578e-06, 1.28584258619e-06, 2.11995393329e-06, 3.54340681952e-06, 3.83378483093e-06, 8.69726704877e-07, 8.88895442586e-07, 5.93993661369e-07, 7.28206771328e-07, 1.14765725812e-06, 8.65113861437e-07, 3.62193645742e-07, 7.30778495495e-08, 1.31847841089e-07, 9.36621120218e-07, 1.72738054971e-07, 5.24010701497e-08, 1.21235501638e-07, 2.13254779169e-07, 1.58240176518e-08, 9.19966880453e-11, 9.82849651088e-17, 1.2872182476e-18],
        "dvar2": [2.03879668703e-09, 4.80003427583e-06, 1.49715096995e-05, 3.87291493098e-06, 7.01236785972e-06, 3.00255692309e-06, 4.4659377636e-06, 7.83951236372e-06, 8.81395681063e-06, 1.81992493253e-06, 1.69312795606e-06, 1.37218523832e-06, 1.83115639629e-06, 2.10449024962e-06, 2.15912746171e-06, 8.44844237236e-07, 1.79808509415e-07, 3.57882072421e-07, 1.9868716663e-06, 4.0383315536e-07, 1.27656079485e-07, 2.35915933899e-07, 4.2495685193e-07, 3.46799815532e-08, 2.18982124101e-10, 2.56576470588e-16, 4.03337774815e-18],
        "max": [0.000280889449641, 0.0171087309718, 0.0278532039374, 0.0137556809932, 0.0184180960059, 0.0120155587792, 0.0247300732881, 0.0325183048844, 0.0323355123401, 0.0216290652752, 0.018610201776, 0.00915113370866, 0.0143487108871, 0.0312217473984, 0.0223840735853, 0.0109514612705, 0.00672233337536, 0.00757107278332, 0.0169163513929, 0.0106470808387, 0.0026969385799, 0.00480457302183, 0.00752578862011, 0.00198612129316, 9.56863805186e-05, 1.24696143189e-07, 1.18053575804e-08],
        "mean": [1.99981404876e-05, 0.00159562635235, 0.00265791197307, 0.00167039129883, 0.00244167027995, 0.00101385056041, 0.00104371621273, 0.00093139562523, 0.00109716178849, 0.000523648224771, 0.00069002318196, 0.000617248297203, 0.000653811148368, 0.000595060875639, 0.000557872990612, 0.000493807368912, 0.000301349704387, 0.00043750248733, 0.000852016964927, 0.000482958828798, 0.000359189842129, 0.000351004564436, 0.000285787653411, 9.62892227108e-05, 8.82276071934e-06, 7.28137461437e-09, 6.54003518008e-10],
        "median": [1.24371472339e-05, 0.000886802619789, 0.00115368049592, 0.000913379364647, 0.0014575929381, 0.000497319619171, 0.000442765187472, 0.000165361358086, 0.000357761979103, 0.000171048508491, 0.000218574408791, 0.000267818686552, 0.00033410883043, 0.000195344240637, 0.00023900042288, 0.000232798673096, 0.000171307154233, 0.000282454886474, 0.000352084112819, 0.000315111741656, 0.000236520718317, 0.000159770890605, 0.000103269878309, 4.96658758493e-05, 3.82164034818e-06, 3.32739835684e-09, 2.71021233234e-10],
        "min": [3.8860451761e-24, 2.38524732245e-23, 1.09700141328e-23, 1.8915275231e-23, 8.60232559195e-23, 1.39243747424e-23, 1.21353779955e-22, 5.95000862118e-23, 5.08584368503e-23, 2.20072897019e-23, 2.32809103665e-23, 8.76284300895e-23, 4.41760844746e-23, 9.58575367519e-23, 1.58516222028e-22, 8.81293946296e-23, 1.67667248343e-22, 2.78829311434e-22, 1.99565236631e-22, 4.29976701705e-22, 4.41161916304e-22, 6.09916252839e-22, 5.60052367642e-22, 9.34354725022e-22, 1.19187578007e-21, 1.93652654727e-21, 2.55217147013e-21],
        "var": [6.51645515326e-10, 3.70710131392e-06, 1.1445360542e-05, 3.84906388717e-06, 7.4684539868e-06, 2.08253936762e-06, 4.98269218951e-06, 8.0123591033e-06, 5.74219939153e-06, 1.46659976963e-06, 2.19040475713e-06, 1.05806054762e-06, 1.07548032702e-06, 2.17878391595e-06, 1.22507958622e-06, 7.19313788977e-07, 1.8645599198e-07, 2.51596048884e-07, 2.2068884391e-06, 4.23583401243e-07, 1.40265029813e-07, 2.99432969086e-07, 4.90671993703e-07, 2.97698488083e-08, 1.60764443424e-10, 1.23744697626e-16, 1.04557542282e-18]
    },
    "erbbands": {
        "dmean": [0.0141293425113, 0.258436739445, 1.48645269871, 2.47484827042, 3.18165779114, 5.43373250961, 5.81366300583, 5.17226219177, 7.80954408646, 10.1180782318, 17.3159484863, 16.5014686584, 12.0915365219, 17.5658054352, 11.9492292404, 16.8530216217, 17.9248828888, 22.3113918304, 14.6077070236, 16.3858795166, 14.5994720459, 10.0108003616, 12.5359859467, 15.9592504501, 25.8269691467, 8.92981719971, 7.1977481842, 6.57198143005, 6.53116559982, 7.00195837021, 4.38043928146, 1.72054624557, 0.620086073875, 0.121710084379, 0.00506371725351, 0.00025946344249, 2.75587171927e-05, 6.7172263698e-06, 4.72471901958e-06, 7.51547167965e-06],
        "dmean2": [0.022662088275, 0.426088660955, 2.48927044868, 4.0443611145, 5.00490665436, 8.48318195343, 9.21746253967, 8.22630310059, 12.2403383255, 15.6775131226, 26.3902606964, 24.9605693817, 18.7917308807, 27.2779140472, 18.0259361267, 25.9960613251, 28.4053936005, 33.7469787598, 23.2370414734, 26.6191101074, 22.2454814911, 16.2697257996, 20.2655010223, 25.1800193787, 39.9373588562, 14.0744915009, 11.6055793762, 10.4442176819, 9.67722511292, 9.98162937164, 6.66111373901, 2.6137881279, 0.938057541847, 0.187509179115, 0.00792701914907, 0.000398218515329, 4.00077224185e-05, 9.51201582211e-06, 6.47231900075e-06, 1.04954942799e-05],
        "dvar": [0.000404428108595, 0.151842817664, 5.31929588318, 12.5435962677, 18.2486839294, 62.9501686096, 102.611854553, 87.0507659912, 379.413726807, 576.100524902, 1745.39880371, 1738.66015625, 1616.52807617, 1727.30249023, 777.246032715, 1009.13757324, 1103.8260498, 3489.73730469, 932.334289551, 1368.15014648, 726.769836426, 220.371429443, 304.484832764, 814.318664551, 3316.55078125, 165.678497314, 89.7605133057, 90.3009719849, 142.235031128, 233.87727356, 174.789962769, 22.6996002197, 1.6227042675, 0.0426676273346, 0.000109434491605, 2.40977868771e-07, 2.6904289907e-09, 1.82001094751e-10, 3.74814658477e-11, 6.73830921616e-11],
        "dvar2": [0.00100262474734, 0.402298659086, 13.8883094788, 31.4669799805, 41.8869590759, 146.259353638, 235.060638428, 203.355484009, 811.000854492, 1323.69897461, 3882.03540039, 4313.59375, 3875.86303711, 3822.43188477, 1740.03979492, 2248.10058594, 2785.21948242, 6382.44042969, 2386.03588867, 3672.29980469, 1472.5793457, 548.81048584, 835.590332031, 1951.7043457, 7093.46142578, 348.565765381, 229.343338013, 213.453125, 299.053253174, 439.983764648, 365.783477783, 51.0102882385, 3.47854542732, 0.0935983881354, 0.000265035982011, 5.41356200756e-07, 5.23461496371e-09, 3.52117113245e-10, 6.93871002322e-11, 1.29963081963e-10],
        "max": [0.20083655417, 4.78427934647, 24.356048584, 39.5544662476, 45.5679321289, 82.2140350342, 135.017944336, 135.212173462, 424.752990723, 333.889404297, 647.306518555, 711.870422363, 885.24041748, 718.035766602, 762.552612305, 459.513031006, 589.040405273, 1806.78271484, 528.061035156, 864.668273926, 718.917480469, 274.42376709, 259.656311035, 481.246826172, 1192.32470703, 302.883392334, 115.655815125, 103.131980896, 183.780456543, 233.071350098, 205.622238159, 66.0690002441, 23.1745433807, 2.34556722641, 0.160994693637, 0.00708605721593, 0.000785591313615, 0.000192040068214, 8.30437638797e-05, 0.000137060706038],
        "mean": [0.025575844571, 0.467136263847, 2.68547415733, 4.53205347061, 6.39691352844, 9.42764091492, 9.0453042984, 7.75273370743, 13.7307701111, 14.4258575439, 25.3561649323, 22.156370163, 16.9878940582, 28.5594234467, 20.113363266, 26.1961975098, 29.9323558807, 34.620929718, 24.0920562744, 27.3029212952, 26.2875881195, 18.8016090393, 24.2747192383, 29.9034748077, 47.4753913879, 19.5631313324, 15.2154245377, 13.6655416489, 12.2314004898, 12.1804590225, 7.51508760452, 3.04787445068, 1.15724670887, 0.226078569889, 0.00815241411328, 0.00048732716823, 6.68679713272e-05, 1.73721200554e-05, 1.58529583132e-05, 2.61405220954e-05],
        "median": [0.0175566915423, 0.270589053631, 1.46368408203, 2.76865339279, 4.12527561188, 4.39819908142, 4.09809112549, 4.08120918274, 5.44684791565, 6.18631649017, 6.36608076096, 7.64725542068, 5.9834356308, 10.1255321503, 8.09095001221, 11.2100448608, 16.862991333, 14.6812295914, 11.3190021515, 14.6050796509, 12.6416301727, 11.5154590607, 15.4891061783, 16.6158561707, 22.0019760132, 13.698009491, 10.5939350128, 9.03911876678, 6.20094203949, 4.84439659119, 2.66154098511, 1.37942194939, 0.62108695507, 0.125790953636, 0.00388494646177, 0.000265305541689, 4.39555187768e-05, 1.16963010441e-05, 1.30662992888e-05, 2.36997257161e-05],
        "min": [4.79322488303e-22, 5.80032858792e-21, 1.74844720367e-20, 3.70783192589e-20, 6.52857920701e-20, 3.96044797358e-19, 2.65396014002e-19, 2.00248406331e-19, 8.47805585645e-19, 2.32508951699e-18, 1.42618407352e-18, 1.02480957053e-18, 1.13440841675e-18, 8.02089794731e-19, 1.53669302521e-18, 3.44217149844e-18, 1.97416600033e-18, 3.92712557129e-18, 6.39596274192e-18, 7.77456221673e-18, 7.01459664639e-18, 9.73864964167e-18, 1.52959939311e-17, 8.94533711212e-18, 1.36016848455e-17, 2.20348375126e-17, 1.69049462493e-17, 1.85628329182e-17, 2.7579137991e-17, 1.64181124085e-17, 1.58369303471e-17, 1.95098389143e-17, 1.54309186696e-17, 1.48383678378e-17, 6.76098058904e-18, 6.55784281498e-18, 4.06179512451e-18, 1.41532836195e-18, 3.82531509582e-19, 3.45941795571e-20],
        "var": [0.00077558105113, 0.298782527447, 11.3173866272, 24.3403339386, 47.348739624, 155.36289978, 179.577331543, 138.414932251, 1063.86865234, 889.690734863, 3877.38989258, 2218.96850586, 2091.52636719, 3318.22583008, 1490.32995605, 1949.83752441, 1927.33227539, 6801.58007812, 1585.66271973, 2187.79248047, 2067.30908203, 606.835388184, 737.775512695, 1686.03405762, 7715.53564453, 544.928955078, 242.456802368, 229.825653076, 334.529602051, 559.882385254, 378.467041016, 43.1965637207, 3.19584608078, 0.0884317085147, 0.000156937108841, 4.52567746834e-07, 7.26814608498e-09, 5.0634951787e-10, 1.66302471794e-10, 3.60347723882e-10]
    },
    "gfcc": {
        "mean": [-27.5734100342, 117.03477478, -167.16835022, 72.6489944458, -76.2458343506, 16.1932525635, -27.9539489746, -12.8697681427, -6.06395959854, -22.1989936829, 5.18099737167, -21.4259929657, -1.53346693516],
        "cov": [[7991.40332031, -197.869476318, -157.908493042, 452.839111328, -343.374206543, 377.150695801, -27.8914031982, 117.409126282, -87.0434417725, -71.9715881348, -68.6337661743, -156.796890259, 4.11288976669], [-197.869476318, 687.047912598, 79.753578186, -78.8295593262, 183.646835327, -111.644210815, 83.209312439, -80.9629898071, 17.2090568542, -79.6986465454, 9.77744293213, -38.7431678772, -3.06248688698], [-157.908493042, 79.753578186, 453.171478271, 236.374740601, 91.2394638062, 82.5557250977, -40.8073654175, 7.31443929672, -56.8204231262, -42.01927948, -38.7914543152, -6.07523345947, 5.0757522583], [452.839111328, -78.8295593262, 236.374740601, 384.963378906, 116.329750061, 104.870605469, -54.611541748, 19.1440563202, -43.7789421082, -14.9096975327, -41.1068153381, -17.9071292877, 21.3944988251], [-343.374206543, 183.646835327, 91.2394638062, 116.329750061, 240.146484375, 15.2919874191, -9.97701263428, -13.4613695145, -12.1889162064, -8.11351299286, -18.6811618805, -24.1778564453, 24.5236988068], [377.150695801, -111.644210815, 82.5557250977, 104.870605469, 15.2919874191, 208.395751953, 40.4756889343, 55.633480072, -43.256061554, -10.2453927994, -23.8861808777, -6.48491287231, 2.27406430244], [-27.8914031982, 83.209312439, -40.8073654175, -54.611541748, -9.97701263428, 40.4756889343, 192.719192505, 18.5026683807, 20.3704319, -33.4425201416, -2.58548545837, -0.463559567928, -42.517364502], [117.409126282, -80.9629898071, 7.31443929672, 19.1440563202, -13.4613695145, 55.633480072, 18.5026683807, 115.529838562, 4.79895877838, 25.4715900421, -8.43032550812, -17.3444347382, 0.000336431025062], [-87.0434417725, 17.2090568542, -56.8204231262, -43.7789421082, -12.1889162064, -43.256061554, 20.3704319, 4.79895877838, 104.515968323, 29.4436702728, 8.22937774658, -0.764437973499, -24.8086071014], [-71.9715881348, -79.6986465454, -42.01927948, -14.9096975327, -8.11351299286, -10.2453927994, -33.4425201416, 25.4715900421, 29.4436702728, 77.8796005249, 22.6924133301, -4.49860620499, 4.02423620224], [-68.6337661743, 9.77744293213, -38.7914543152, -41.1068153381, -18.6811618805, -23.8861808777, -2.58548545837, -8.43032550812, 8.22937774658, 22.6924133301, 58.2364273071, 24.7807121277, -2.51116776466], [-156.796890259, -38.7431678772, -6.07523345947, -17.9071292877, -24.1778564453, -6.48491287231, -0.463559567928, -17.3444347382, -0.764437973499, -4.49860620499, 24.7807121277, 67.6938781738, 16.781457901], [4.11288976669, -3.06248688698, 5.0757522583, 21.3944988251, 24.5236988068, 2.27406430244, -42.517364502, 0.000336431025062, -24.8086071014, 4.02423620224, -2.51116776466, 16.781457901, 66.3827514648]],
        "icov": [[0.000249420409091, -0.00042612591642, 0.000512630678713, -0.000744374410715, 0.00095998327015, -0.000600653002039, 0.000302285770886, -6.75926858094e-05, -1.12573525257e-05, 0.00014887326688, -2.82331475319e-05, 0.000501885835547, -0.000116038681881], [-0.00042612591642, 0.00519339088351, -0.00265371450223, 0.00330321444198, -0.00498621445149, 0.00291640497744, -0.0025442764163, 0.001403909293, -0.001816555392, 0.00484286155552, -0.00462043844163, 0.00411660689861, -0.00267105805688], [0.000512630678713, -0.00265371450223, 0.00539945205674, -0.00406506098807, 0.00266279187053, -0.00228528887965, 0.00229566683993, -0.00111259520054, 0.00154395308346, -0.000341278675478, 0.002510917373, -0.00200545880944, 0.0025076745078], [-0.000744374410715, 0.00330321444198, -0.00406506098807, 0.00804706383497, -0.00586504349485, 0.000852599856444, -0.000458523514681, 0.00066147162579, -0.000931823276915, 0.00181399541907, -0.000840011052787, 0.0007276442484, -0.000914263771847], [0.00095998327015, -0.00498621445149, 0.00266279187053, -0.00586504349485, 0.011898628436, -0.0033995853737, 0.00150820997078, 0.000232769511058, 0.000648929097224, -0.00343531742692, 0.00277794501744, 0.00122762809042, -0.00167059875093], [-0.000600653002039, 0.00291640497744, -0.00228528887965, 0.000852599856444, -0.0033995853737, 0.0100857904181, -0.00400372780859, -0.00218802783638, 0.00255571398884, 0.000347724213498, 7.35484645702e-05, -0.000376272510039, -0.000550272350665], [0.000302285770886, -0.0025442764163, 0.00229566683993, -0.000458523514681, 0.00150820997078, -0.00400372780859, 0.00982163287699, -0.00260041211732, -0.00116151210386, 0.00311673525721, 0.00130494777113, -0.0028499525506, 0.00585357751697], [-6.75926858094e-05, 0.001403909293, -0.00111259520054, 0.00066147162579, 0.000232769511058, -0.00218802783638, -0.00260041211732, 0.012693753466, -0.00120124744717, -0.00375957298093, -3.21052102663e-05, 0.00433561671525, -0.00305406423286], [-1.12573525257e-05, -0.001816555392, 0.00154395308346, -0.000931823276915, 0.000648929097224, 0.00255571398884, -0.00116151210386, -0.00120124744717, 0.0154095245525, -0.00899876840413, 0.00550862541422, -0.0051496271044, 0.00684252474457], [0.00014887326688, 0.00484286155552, -0.000341278675478, 0.00181399541907, -0.00343531742692, 0.000347724213498, 0.00311673525721, -0.00375957298093, -0.00899876840413, 0.0292118173093, -0.0157073717564, 0.0103684496135, -0.00544011034071], [-2.82331475319e-05, -0.00462043844163, 0.002510917373, -0.000840011052787, 0.00277794501744, 7.35484645702e-05, 0.00130494777113, -3.21052102663e-05, 0.00550862541422, -0.0157073717564, 0.0327693484724, -0.0167040582746, 0.00814763456583], [0.000501885835547, 0.00411660689861, -0.00200545880944, 0.0007276442484, 0.00122762809042, -0.000376272510039, -0.0028499525506, 0.00433561671525, -0.0051496271044, 0.0103684496135, -0.0167040582746, 0.0297387167811, -0.01289123483], [-0.000116038681881, -0.00267105805688, 0.0025076745078, -0.000914263771847, -0.00167059875093, -0.000550272350665, 0.00585357751697, -0.00305406423286, 0.00684252474457, -0.00544011034071, 0.00814763456583, -0.01289123483, 0.0258902944624]]
    },
    "melbands": {
        "dmean": [0.000185131124454, 0.000615619879682, 0.000428791885497, 0.000308625458274, 0.000198095047381, 0.000120406039059, 0.000121075565403, 0.000119895194075, 0.0001441561908, 0.000105009792605, 6.19167403784e-05, 7.09737214493e-05, 4.69888036605e-05, 3.98626070819e-05, 5.27267875441e-05, 4.7466968681e-05, 4.19558673457e-05, 2.21986392717e-05, 3.41161212418e-05, 2.30462082982e-05, 1.62915093824e-05, 1.19481537695e-05, 9.50953926804e-06, 1.25326123452e-05, 1.37465631269e-05, 2.22824146476e-05, 1.48309518408e-05, 5.35128492629e-06, 5.52067285753e-06, 4.19159687226e-06, 3.88734542867e-06, 3.82424423151e-06, 4.19178786615e-06, 3.95362167183e-06, 2.98625377582e-06, 1.72573652435e-06, 8.88787496933e-07, 5.08346602146e-07, 2.57544229498e-07, 5.8175132267e-08],
        "dmean2": [0.000297064165352, 0.00103012751788, 0.000682543031871, 0.000487542274641, 0.000307518872432, 0.000190172155271, 0.000188454781892, 0.000186871635378, 0.000220472182264, 0.000156879614224, 9.63149941526e-05, 0.000110805434815, 6.95065537002e-05, 6.31276052445e-05, 8.22144720587e-05, 7.56716544856e-05, 6.38642159174e-05, 3.60209160135e-05, 5.55610058655e-05, 3.77392825612e-05, 2.5103930966e-05, 1.96590899577e-05, 1.51614412971e-05, 2.10324305954e-05, 2.18624136323e-05, 3.45948174072e-05, 2.38757875195e-05, 8.50657397677e-06, 9.12267660169e-06, 6.68501661494e-06, 6.1692780946e-06, 5.83923156228e-06, 6.14970804236e-06, 5.66688095205e-06, 4.68663574793e-06, 2.65668450083e-06, 1.38599148158e-06, 7.78066521434e-07, 4.00392934807e-07, 9.18537210737e-08],
        "dvar": [7.36713232641e-08, 8.72946884556e-07, 3.49618119344e-07, 1.87929032336e-07, 1.03156146736e-07, 4.25939461479e-08, 8.57974455926e-08, 8.71516974144e-08, 9.60790274007e-08, 7.38350820484e-08, 4.11566531966e-08, 2.86965704532e-08, 1.25155290576e-08, 7.80754039198e-09, 1.30778499141e-08, 7.13027237254e-09, 1.29113351122e-08, 2.36543518106e-09, 8.97782292952e-09, 3.04445602062e-09, 9.66349333886e-10, 3.27357585483e-10, 1.99300728698e-10, 3.66973645916e-10, 6.90569046391e-10, 2.39733255469e-09, 8.88618845174e-10, 5.86399540037e-11, 5.69632223335e-11, 3.48210731083e-11, 3.18300177882e-11, 4.69353618471e-11, 6.90711932094e-11, 8.62876090024e-11, 7.9736973968e-11, 2.8052997425e-11, 5.02721779136e-12, 1.21280166899e-12, 1.96006703706e-13, 1.16264309852e-14],
        "dvar2": [1.86678363434e-07, 2.30019668379e-06, 8.49048035434e-07, 4.41680953145e-07, 2.30769202858e-07, 9.95128246473e-08, 1.80607798939e-07, 1.96438548983e-07, 2.14771048945e-07, 1.77065217599e-07, 9.72600275873e-08, 6.41050164063e-08, 2.48107188128e-08, 1.914569836e-08, 3.12919965495e-08, 1.80954042861e-08, 2.42428299657e-08, 6.30953467251e-09, 2.28400871549e-08, 8.04845434743e-09, 1.92954985323e-09, 8.465307344e-10, 5.06279740353e-10, 9.89466730772e-10, 1.68435509984e-09, 5.13246556366e-09, 2.04040206953e-09, 1.44519105016e-10, 1.52541659859e-10, 8.55073442607e-11, 7.65492461086e-11, 1.06726065485e-10, 1.37154385071e-10, 1.65768190841e-10, 1.70430697333e-10, 6.48448031382e-11, 1.10210122278e-11, 2.67148911499e-12, 4.44688963387e-13, 2.92632027822e-14],
        "max": [0.0033812513575, 0.00993015058339, 0.00619805091992, 0.00425629224628, 0.00428506685421, 0.00267672678456, 0.00564324855804, 0.00420948071405, 0.00424051145092, 0.00411795079708, 0.00431497395039, 0.00280924700201, 0.00301956315525, 0.00121383205988, 0.00200299592689, 0.00134051125497, 0.00334600056522, 0.00100996915717, 0.0023994857911, 0.00106606993359, 0.000829103286378, 0.000328586640535, 0.000251631834544, 0.000310474366415, 0.000441896059783, 0.000855831021909, 0.000517220119946, 0.000152050954057, 8.93425603863e-05, 6.50086658425e-05, 7.14945053915e-05, 0.000108266780444, 0.000115957853268, 0.000141872485983, 0.000152556385729, 8.89505608939e-05, 3.35556724167e-05, 2.20640431507e-05, 6.6364268605e-06, 1.32211494019e-06],
        "mean": [0.000342468323652, 0.00114602979738, 0.000863336434122, 0.000573806697503, 0.000335763703333, 0.000181570183486, 0.000212342449231, 0.000167860082001, 0.000212742350413, 0.000137447481393, 8.20572749944e-05, 0.000112216388516, 7.75235748733e-05, 5.69878357055e-05, 7.67285528127e-05, 7.2032220487e-05, 6.07433830737e-05, 3.21404222632e-05, 5.02126822539e-05, 3.33569623763e-05, 2.80374879367e-05, 1.95661395992e-05, 1.74083616002e-05, 2.20348392759e-05, 2.27067503147e-05, 3.88879307138e-05, 2.5026332878e-05, 1.04404252852e-05, 1.07073501567e-05, 7.85798238212e-06, 7.42308702684e-06, 6.60674277242e-06, 7.20692469258e-06, 6.50111769573e-06, 4.78609808852e-06, 2.73096407e-06, 1.51483072841e-06, 8.84503776888e-07, 4.55722869219e-07, 8.54730757283e-08],
        "median": [0.000206717551919, 0.00075622019358, 0.000563435722142, 0.000322078645695, 0.000166305850144, 9.33609408094e-05, 9.17613506317e-05, 5.92122087255e-05, 5.00023488712e-05, 4.51840933238e-05, 2.50601060543e-05, 3.92922302126e-05, 2.69445154117e-05, 2.36750929616e-05, 2.89917134069e-05, 3.50583868567e-05, 2.1430405468e-05, 1.26838658616e-05, 2.015530481e-05, 1.53703294927e-05, 1.2517297364e-05, 1.11189547169e-05, 1.04851205833e-05, 1.30288062792e-05, 1.05139160951e-05, 1.36088983709e-05, 1.14194499474e-05, 6.19329694018e-06, 6.75833507557e-06, 5.17725675309e-06, 4.423768587e-06, 3.14703993354e-06, 2.98344821204e-06, 2.41635666498e-06, 1.62828018802e-06, 9.83079758043e-07, 7.03005525793e-07, 4.57498515516e-07, 2.6030275535e-07, 3.47913307053e-08],
        "min": [5.43242396506e-24, 8.89022258813e-24, 7.1644371078e-24, 1.41707786016e-23, 1.41058474605e-23, 4.04583368562e-24, 1.65144417525e-23, 2.2323310536e-23, 1.08929384781e-23, 6.42785993122e-24, 5.65887437651e-24, 3.10901343737e-24, 4.25617121865e-24, 9.00139360005e-24, 8.22629358446e-24, 3.32771269878e-24, 7.82495744349e-24, 1.10075702228e-23, 9.8526731244e-24, 8.03905744861e-24, 8.84327984224e-24, 1.05572166318e-23, 1.02330697415e-23, 1.50394832745e-23, 5.8058916224e-24, 9.09012151923e-24, 1.26877193109e-23, 1.46893363176e-23, 1.15423918841e-23, 9.42296007894e-24, 9.71790097191e-24, 1.76498492534e-23, 8.72599515829e-24, 1.01404819259e-23, 9.47506118629e-24, 9.33334548011e-24, 1.26104480187e-23, 9.54217747211e-24, 1.36976182529e-23, 1.19377271602e-23],
        "var": [1.59134074806e-07, 1.70805014932e-06, 8.00572593107e-07, 4.41284186081e-07, 2.08373876376e-07, 6.99705040574e-08, 2.24280995553e-07, 1.59573247061e-07, 2.14402291476e-07, 9.90859589933e-08, 5.34642730088e-08, 5.26176116011e-08, 2.7791653423e-08, 1.0834983577e-08, 2.09079775715e-08, 1.39960762979e-08, 2.36142430055e-08, 3.55907414651e-09, 1.18600675947e-08, 3.60324481363e-09, 2.79468692632e-09, 7.47392203682e-10, 4.7637566114e-10, 6.82282397246e-10, 1.24245436162e-09, 5.83680614952e-09, 1.96442551115e-09, 1.61505586682e-10, 1.39804709476e-10, 7.5901736285e-11, 7.75574118816e-11, 9.9925387409e-11, 1.55822396652e-10, 1.93114288449e-10, 1.61920241104e-10, 5.24657643719e-11, 9.01946833193e-12, 2.13655482195e-12, 3.73681798395e-13, 1.69061186356e-14]
    },
    "mfcc": {
        "mean": [-633.574707031, 101.232322693, -13.343919754, 35.0585479736, -7.84917449951, 15.5734081268, -4.79841899872, 7.80299520493, -10.4955091476, 5.18191719055, -4.10408878326, -0.209941074252, -4.49595594406],
        "cov": [[6584.65771484, -284.592468262, 109.306678772, 81.0258255005, -130.317230225, 147.145004272, 57.9144172668, 121.300590515, 19.2956829071, 138.664962769, -31.3030052185, -31.6335773468, -82.5271606445], [-284.592468262, 767.471740723, -117.056900024, 36.5330963135, -7.24976348877, -14.8247461319, 7.91863298416, 1.2313760519, -22.4598865509, -19.5277462006, 13.9251480103, -24.1471443176, -16.5040740967], [109.306678772, -117.056900024, 416.760223389, 114.698829651, 120.626098633, 58.4774284363, 55.3059539795, 43.3347702026, 19.0999641418, -30.4729251862, -36.5396728516, 9.63691997528, -17.6785869598], [81.0258255005, 36.5330963135, 114.698829651, 262.316925049, 141.120422363, 62.5007286072, 10.9885635376, -0.0535031184554, 12.3515634537, 3.41116666794, -36.4418525696, -30.6759376526, -1.08360612392], [-130.317230225, -7.24976348877, 120.626098633, 141.120422363, 305.803741455, 38.5453796387, 38.8989562988, -56.5291595459, 47.8076133728, -22.2906284332, -39.7379455566, -10.0786962509, -20.6419277191], [147.145004272, -14.8247461319, 58.4774284363, 62.5007286072, 38.5453796387, 144.317901611, 44.1200256348, 51.5099563599, 2.3865852356, 9.39520263672, -14.5898208618, -3.29397654533, -29.3459377289], [57.9144172668, 7.91863298416, 55.3059539795, 10.9885635376, 38.8989562988, 44.1200256348, 152.679901123, 49.2192230225, 40.5809059143, -17.2387981415, -10.6059455872, 11.7835302353, -25.0282230377], [121.300590515, 1.2313760519, 43.3347702026, -0.0535031184554, -56.5291595459, 51.5099563599, 49.2192230225, 131.298690796, 14.1701469421, 11.6817378998, 4.65196323395, 6.81709957123, -10.432808876], [19.2956829071, -22.4598865509, 19.0999641418, 12.3515634537, 47.8076133728, 2.3865852356, 40.5809059143, 14.1701469421, 93.3610610962, 18.3064975739, 3.57000041008, 2.15858864784, -8.04756069183], [138.664962769, -19.5277462006, -30.4729251862, 3.41116666794, -22.2906284332, 9.39520263672, -17.2387981415, 11.6817378998, 18.3064975739, 101.572006226, 32.9326210022, -5.79643917084, 0.57751429081], [-31.3030052185, 13.9251480103, -36.5396728516, -36.4418525696, -39.7379455566, -14.5898208618, -10.6059455872, 4.65196323395, 3.57000041008, 32.9326210022, 78.4616088867, 19.2589302063, 6.59268426895], [-31.6335773468, -24.1471443176, 9.63691997528, -30.6759376526, -10.0786962509, -3.29397654533, 11.7835302353, 6.81709957123, 2.15858864784, -5.79643917084, 19.2589302063, 83.285484314, 7.24480247498], [-82.5271606445, -16.5040740967, -17.6785869598, -1.08360612392, -20.6419277191, -29.3459377289, -25.0282230377, -10.432808876, -8.04756069183, 0.57751429081, 6.59268426895, 7.24480247498, 84.2872161865]],
