{
"lowlevel": {
    "average_loudness": 0.931717514992,
    "barkbands_crest": {
        "dmean": 2.57739591599,
        "dmean2": 4.27144670486,
        "dvar": 6.75626754761,
        "dvar2": 18.0427093506,
        "max": 23.9854068756,
        "mean": 10.3735790253,
        "median": 9.56789970398,
        "min": 3.50813388824,
        "var": 16.3983230591
    },
    "barkbands_flatness_db": {
        "dmean": 0.0193624105304,
        "dmean2": 0.0316065512598,
        "dvar": 0.000388675340218,
        "dvar2": 0.000983739388175,
        "max": 0.322507768869,
        "mean": 0.159064605832,
        "median": 0.154564574361,
        "min": 0.074696905911,
        "var": 0.00139404821675
    },
    "barkbands_kurtosis": {
        "dmean": 2.05416917801,
        "dmean2": 3.33120632172,
        "dvar": 13.7750520706,
        "dvar2": 33.1898498535,
        "max": 56.7973480225,
        "mean": 2.20461249352,
        "median": 0.918392896652,
        "min": -1.85984945297,
        "var": 22.4943981171
    },
    "barkbands_skewness": {
        "dmean": 0.490345388651,
        "dmean2": 0.769757390022,
        "dvar": 0.313640415668,
        "dvar2": 0.7454636693,
        "max": 6.80105447769,
        "mean": 1.44647943974,
        "median": 1.37621545792,
        "min": -1.85472130775,
        "var": 0.922413408756
    },
    "barkbands_spread": {
        "dmean": 6.18266248703,
        "dmean2": 9.80029296875,
        "dvar": 62.5001564026,
        "dvar2": 134.811401367,
        "max": 94.6212081909,
        "mean": 29.3419761658,
        "median": 27.1873989105,
        "min": 2.77808952332,
        "var": 198.600036621
    },
    "dissonance": {
        "dmean": 0.0112618412822,
        "dmean2": 0.018770609051,
        "dvar": 0.000170798812178,
        "dvar2": 0.000469316582894,
        "max": 0.499865204096,
        "mean": 0.477110505104,
        "median": 0.48178139329,
        "min": 0.297600537539,
        "var": 0.000375474570319
    },
    "dynamic_complexity": 3.00847434998,
    "erbbands_crest": {
        "dmean": 2.11640381813,
        "dmean2": 3.37929272652,
        "dvar": 5.18803119659,
        "dvar2": 12.2355594635,
        "max": 27.4022865295,
        "mean": 7.67949438095,
        "median": 6.38396930695,
        "min": 2.62994003296,
        "var": 16.5000915527
    },
    "erbbands_flatness_db": {
        "dmean": 0.0120295975357,
        "dmean2": 0.0176478885114,
        "dvar": 0.000127597450046,
        "dvar2": 0.000263502268353,
        "max": 0.316019147635,
        "mean": 0.173794403672,
        "median": 0.16865888238,
        "min": 0.103022508323,
        "var": 0.000938588927966
    },
    "erbbands_kurtosis": {
        "dmean": 0.6088078022,
        "dmean2": 0.948182344437,
        "dvar": 0.838631093502,
        "dvar2": 1.80299115181,
        "max": 14.2521972656,
        "mean": -0.0432388447225,
        "median": -0.58981013298,
        "min": -1.70696139336,
        "var": 3.03653812408
    },
    "erbbands_skewness": {
        "dmean": 0.282478928566,
        "dmean2": 0.427363336086,
        "dvar": 0.0724576488137,
        "dvar2": 0.157574012876,
        "max": 2.14663338661,
        "mean": -0.257988899946,
        "median": -0.288938105106,
        "min": -2.70650291443,
        "var": 0.317507654428
    },
    "erbbands_spread": {
        "dmean": 7.7738776207,
        "dmean2": 11.756061554,
        "dvar": 72.5597686768,
        "dvar2": 172.054138184,
        "max": 125.71661377,
        "mean": 44.9180908203,
        "median": 44.8797836304,
        "min": 3.98226380348,
        "var": 277.10848999
    },
    "hfc": {
        "dmean": 6.59188747406,
        "dmean2": 9.86809158325,
        "dvar": 102.948120117,
        "dvar2": 224.485717773,
        "max": 106.905090332,
        "mean": 24.1760177612,
        "median": 21.926317215,
        "min": 1.16654515696e-16,
        "var": 315.389221191
    },
    "melbands_crest": {
        "dmean": 2.90235495567,
        "dmean2": 4.7599606514,
        "dvar": 7.90777015686,
        "dvar2": 21.0484256744,
        "max": 27.2874946594,
        "mean": 14.6662817001,
        "median": 14.2018375397,
        "min": 2.50369739532,
        "var": 19.8472747803
    },
    "melbands_flatness_db": {
        "dmean": 0.0245480723679,
        "dmean2": 0.0388233289123,
        "dvar": 0.000752962077968,
        "dvar2": 0.00183838966768,
        "max": 0.374668687582,
        "mean": 0.189957439899,
        "median": 0.181469887495,
        "min": 0.00659813825041,
        "var": 0.00275947595946
    },
    "melbands_kurtosis": {
        "dmean": 6.80924987793,
        "dmean2": 11.1232824326,
        "dvar": 138.13053894,
        "dvar2": 347.369567871,
        "max": 154.4168396,
        "mean": 13.1126890182,
        "median": 9.53054904938,
        "min": -1.31765496731,
        "var": 218.359054565
    },
    "melbands_skewness": {
        "dmean": 0.732707977295,
        "dmean2": 1.16079604626,
        "dvar": 0.768640398979,
        "dvar2": 1.878272295,
        "max": 10.3758459091,
        "mean": 3.00918650627,
        "median": 2.88328695297,
        "min": -1.03726148605,
        "var": 2.1294233799
    },
    "melbands_spread": {
        "dmean": 7.52975273132,
        "dmean2": 12.0278511047,
        "dvar": 86.0506896973,
        "dvar2": 192.094848633,
        "max": 135.848434448,
        "mean": 26.0081539154,
        "median": 23.6114864349,
        "min": 1.84969961643,
        "var": 217.072174072
    },
    "pitch_salience": {
        "dmean": 0.0698639079928,
        "dmean2": 0.114991217852,
        "dvar": 0.00536205805838,
        "dvar2": 0.0144102200866,
        "max": 0.808337926865,
        "mean": 0.504932224751,
        "median": 0.505885839462,
        "min": 0.165155246854,
        "var": 0.0118092335761
    },
    "silence_rate_20dB": {
        "dmean": 0,
        "dmean2": 0,
        "dvar": 0,
        "dvar2": 0,
        "max": 1,
        "mean": 1,
        "median": 1,
        "min": 1,
        "var": 0
    },
    "silence_rate_30dB": {
        "dmean": 0.00773993786424,
        "dmean2": 0.0154918665066,
        "dvar": 0.00768014835194,
        "dvar2": 0.0214487910271,
        "max": 1,
        "mean": 0.99535959959,
        "median": 1,
        "min": 0,
        "var": 0.004618790932
    },
    "silence_rate_60dB": {
        "dmean": 0.00464396271855,
        "dmean2": 0.00929511990398,
        "dvar": 0.00462240260094,
        "dvar2": 0.0123070552945,
        "max": 1,
        "mean": 0.0672853812575,
        "median": 0,
        "min": 0,
        "var": 0.0627587586641
    },
    "spectral_centroid": {
        "dmean": 244.49508667,
        "dmean2": 380.572723389,
        "dvar": 125897.289062,
        "dvar2": 226040.21875,
        "max": 10795.8945312,
        "mean": 1637.79736328,
        "median": 1596.31176758,
        "min": 326.385192871,
        "var": 335656.21875
    },
    "spectral_complexity": {
        "dmean": 4.01393175125,
        "dmean2": 6.28350114822,
        "dvar": 20.7444267273,
        "dvar2": 43.7025642395,
        "max": 57,
        "mean": 24.5398292542,
        "median": 24,
        "min": 0,
        "var": 123.363639832
    },
    "spectral_decrease": {
        "dmean": 2.8232323146e-09,
        "dmean2": 4.38968905669e-09,
        "dvar": 1.81644230305e-17,
        "dvar2": 4.19554940238e-17,
        "max": -4.71496915493e-30,
        "mean": -8.37149372046e-09,
        "median": -7.20999127068e-09,
        "min": -3.77062470136e-08,
        "var": 3.3332242017e-17
    },
    "spectral_energy": {
        "dmean": 0.0109718367457,
        "dmean2": 0.0169912800193,
        "dvar": 0.000270910648396,
        "dvar2": 0.000619748898316,
        "max": 0.147641301155,
        "mean": 0.0337887704372,
        "median": 0.0292641334236,
        "min": 1.05986958848e-20,
        "var": 0.000516946311109
    },
    "spectral_energyband_high": {
        "dmean": 0.000557664083317,
        "dmean2": 0.000840860593598,
        "dvar": 1.17828381008e-06,
        "dvar2": 2.51290771303e-06,
        "max": 0.0119115216658,
        "mean": 0.00121988856699,
        "median": 0.00064207817195,
        "min": 7.75933784769e-21,
        "var": 2.72827969638e-06
    },
    "spectral_energyband_low": {
        "dmean": 0.00834268238395,
        "dmean2": 0.0137827759609,
        "dvar": 0.000216849890421,
        "dvar2": 0.000549303775188,
        "max": 0.12604624033,
        "mean": 0.0163026601076,
        "median": 0.0127378236502,
        "min": 4.726903769e-23,
        "var": 0.000274757301668
    },
    "spectral_energyband_middle_high": {
        "dmean": 0.00163948279805,
        "dmean2": 0.0024946432095,
        "dvar": 6.57014334138e-06,
        "dvar2": 1.42842263813e-05,
        "max": 0.0444908514619,
        "mean": 0.00597546529025,
        "median": 0.00441915169358,
        "min": 1.40139360142e-21,
        "var": 3.44864056387e-05
    },
    "spectral_energyband_middle_low": {
        "dmean": 0.004828508012,
        "dmean2": 0.0077484678477,
        "dvar": 7.9804303823e-05,
        "dvar2": 0.000185549841262,
        "max": 0.0896255522966,
        "mean": 0.0114998919889,
        "median": 0.00884303729981,
        "min": 3.92318173407e-22,
        "var": 0.000115039591037
    },
    "spectral_entropy": {
        "dmean": 0.111240744591,
        "dmean2": 0.160238176584,
        "dvar": 0.0161039382219,
        "dvar2": 0.0287050474435,
        "max": 9.80956268311,
        "mean": 7.67643022537,
        "median": 7.69265699387,
        "min": 6.7155046463,
        "var": 0.0882264450192
    },
    "spectral_flux": {
        "dmean": 0.0259551536292,
        "dmean2": 0.0386488065124,
        "dvar": 0.0011000627419,
        "dvar2": 0.00219097966328,
        "max": 0.293684214354,
        "mean": 0.0851338729262,
        "median": 0.0709233134985,
        "min": 1.02949967995e-10,
        "var": 0.00311207864434
    },
    "spectral_kurtosis": {
        "dmean": 1.4375385046,
        "dmean2": 2.46180105209,
        "dvar": 2.13506937027,
        "dvar2": 6.30383825302,
        "max": 13.5674953461,
        "mean": 2.26956391335,
        "median": 1.71007823944,
        "min": -1.3487547636,
        "var": 4.26275682449
    },
    "spectral_rms": {
        "dmean": 0.000821373600047,
        "dmean2": 0.00124832673464,
        "dvar": 1.12300847377e-06,
        "dvar2": 2.42519922722e-06,
        "max": 0.0120016792789,
        "mean": 0.00536746717989,
        "median": 0.00534325512126,
        "min": 3.21561679194e-12,
        "var": 4.15490467276e-06
    },
    "spectral_rolloff": {
        "dmean": 597.730102539,
        "dmean2": 997.916992188,
        "dvar": 1011237.375,
        "dvar2": 1983588.125,
        "max": 18626.2207031,
        "mean": 1624.79528809,
        "median": 1378.125,
        "min": 86.1328125,
        "var": 2003737.875
    },
    "spectral_skewness": {
        "dmean": 0.201453641057,
        "dmean2": 0.329623967409,
        "dvar": 0.0380130298436,
        "dvar2": 0.097299747169,
        "max": 2.72966527939,
        "mean": 1.0067820549,
        "median": 0.943650603294,
        "min": -0.101526327431,
        "var": 0.159530907869
    },
    "spectral_spread": {
        "dmean": 351647.53125,
        "dmean2": 483859.375,
        "dvar": 1.16656963584e+12,
        "dvar2": 1.19064677581e+12,
        "max": 40769992,
        "mean": 3952196,
        "median": 3881446.5,
        "min": 2174935.25,
        "var": 1.98658477261e+12
    },
    "spectral_strongpeak": {
        "dmean": 0.369124412537,
        "dmean2": 0.654736101627,
        "dvar": 0.634862661362,
        "dvar2": 1.64061105251,
        "max": 8.60131072998,
        "mean": 0.613265931606,
        "median": 0.325579851866,
        "min": 0,
        "var": 0.907659232616
    },
    "zerocrossingrate": {
        "dmean": 0.00970591232181,
        "dmean2": 0.0115890204906,
        "dvar": 0.00025106157409,
        "dvar2": 0.000286636233795,
        "max": 0.49365234375,
        "mean": 0.060179438442,
        "median": 0.05615234375,
        "min": 0.0087890625,
        "var": 0.000861360691488
    },
    "barkbands": {
        "dmean": [7.83460127423e-05, 0.00627184193581, 0.0033427963499, 0.00142861471977, 0.0026521529071, 0.00098002073355, 0.000321792060276, 0.000747659709305, 0.000471236213343, 0.000419656920712, 0.000305730849504, 0.000301360036246, 0.000372579786927, 0.00031503039645, 0.000298291735817, 0.000337252364261, 0.00038661409053, 0.000300445273751, 0.000178532194695, 0.000150257299538, 0.000166865691426, 0.000143305995152, 0.000146995691466, 0.000108736967377, 9.92185232462e-06, 2.00003746897e-08, 1.68605751583e-08],
        "dmean2": [0.000136193630169, 0.0105688758194, 0.00584439048544, 0.00246688048355, 0.00437534088269, 0.00149758369662, 0.000515971274581, 0.00111585541163, 0.000729021965526, 0.000617614248767, 0.00043994752923, 0.000457205285784, 0.000550521421246, 0.000507216667756, 0.000462038355181, 0.000539659231436, 0.000624646432698, 0.000482145202113, 0.000292565004202, 0.000241621091845, 0.000277612474747, 0.000222636110266, 0.000223342940444, 0.000161694682902, 1.56675669132e-05, 3.41843353624e-08, 3.02970413202e-08],
        "dvar": [2.22960228058e-08, 0.000120012475236, 6.20491409791e-05, 6.67419362799e-06, 3.78918157367e-05, 4.64538152301e-06, 3.94958448169e-07, 4.59102375316e-06, 1.18047694286e-06, 1.5772570805e-06, 1.00582644791e-06, 1.46327704442e-06, 1.03320348899e-06, 6.40002269847e-07, 3.83788886893e-07, 3.63374880408e-07, 3.08029569851e-07, 2.70408690994e-07, 7.14119892109e-08, 6.86962238206e-08, 1.19486827543e-07, 9.26280563363e-08, 1.04985716121e-07, 1.01267765729e-07, 3.45944661806e-10, 2.87606416174e-15, 5.09701779549e-15],
        "dvar2": [6.16807156462e-08, 0.000321194529533, 0.000173439053469, 1.80120641744e-05, 9.46936634136e-05, 1.19097057905e-05, 1.01177147371e-06, 1.00533170553e-05, 2.78059383163e-06, 3.53902714778e-06, 1.77965046078e-06, 3.67879692931e-06, 2.33514788306e-06, 1.40283270866e-06, 7.77797083629e-07, 9.37119807531e-07, 7.52072594423e-07, 6.56114139019e-07, 1.81108504194e-07, 1.67291830167e-07, 2.99971816276e-07, 1.95085661403e-07, 2.11273516015e-07, 2.17067182007e-07, 8.16993084296e-10, 7.57174779418e-15, 1.37536551294e-14],
        "max": [0.00239073275588, 0.104083903134, 0.0682351589203, 0.0207594987005, 0.0559337735176, 0.0344817563891, 0.00728690205142, 0.0321114771068, 0.0144869089127, 0.0186775587499, 0.0224079489708, 0.030924346298, 0.0217097587883, 0.0132125411183, 0.0129645131528, 0.00743800774217, 0.00670600449666, 0.00861906446517, 0.002893748926, 0.00275383098051, 0.00326649076305, 0.00494667608291, 0.00461609242484, 0.00505867926404, 0.0002396547643, 6.65345794459e-07, 1.20677407267e-06],
        "mean": [0.000103199527075, 0.0110530937091, 0.00416642380878, 0.00201676459983, 0.00388962891884, 0.00226658652537, 0.000599612656515, 0.00146981060971, 0.000823244394269, 0.000733669265173, 0.000494990963489, 0.000541147892363, 0.000640507729258, 0.000521864742041, 0.000546274299268, 0.00061924738111, 0.000877231126651, 0.000654710340314, 0.000398447591579, 0.000306048663333, 0.000291620905045, 0.000290670461254, 0.000281877961243, 0.00018697536143, 1.51161029862e-05, 2.02592751464e-08, 1.21175967038e-08],
        "median": [4.07016486861e-05, 0.00834838952869, 0.00237721088342, 0.000981454737484, 0.00177748920396, 0.00100775889587, 0.000379544275347, 0.000516108761076, 0.00038219630369, 0.000205446180189, 0.00016960746143, 0.000197231085622, 0.00023422446975, 0.000236356296227, 0.000300821324345, 0.000318968493957, 0.000548609881662, 0.000405723170843, 0.000328727939632, 0.000208112207474, 0.000141427284689, 0.000142038028571, 0.000124669910292, 7.65212680562e-05, 6.67118365527e-06, 6.00076965895e-09, 5.69317593069e-10],
        "min": [4.65934919207e-23, 9.89311171212e-24, 1.0464193365e-23, 1.3363748652e-23, 1.74160135261e-23, 9.1842872144e-23, 1.09183035116e-23, 1.25643946346e-22, 1.20383733477e-22, 5.55453876544e-23, 1.00578143518e-22, 7.64998746362e-23, 5.45644044089e-23, 1.10914651068e-22, 1.15145633958e-22, 1.31300003305e-22, 2.29088942921e-22, 2.41115651225e-22, 1.68007556626e-22, 2.39168086179e-22, 5.45072997146e-22, 5.62431067261e-22, 6.06028998733e-22, 8.58522700028e-22, 1.21586088763e-21, 1.70310308504e-21, 2.38254915941e-21],
        "var": [3.70818931117e-08, 0.000147012018715, 4.73462641821e-05, 7.40935911381e-06, 4.3143700168e-05, 9.77866147878e-06, 5.82180177844e-07, 8.32130990602e-06, 1.96118412532e-06, 2.77185017694e-06, 2.13975204133e-06, 3.59656928595e-06, 2.6369839361e-06, 1.41636064654e-06, 9.32870193537e-07, 7.62155821121e-07, 9.78838784249e-07, 6.32011563084e-07, 1.34731394041e-07, 1.23057503743e-07, 1.67454857092e-07, 2.09803374673e-07, 2.49644330097e-07, 1.67144804664e-07, 5.25047783029e-10, 2.41047831448e-15, 3.45323474134e-15]
    },
    "erbbands": {
        "dmean": [0.121440000832, 1.62021565437, 3.86480498314, 3.94960188866, 8.16362857819, 8.10303211212, 9.81111717224, 7.31537437439, 4.90768146515, 10.1885957718, 13.5395126343, 11.8807678223, 14.3754653931, 7.76682376862, 14.667681694, 13.7792844772, 14.755522728, 17.2625141144, 12.2330064774, 18.0238780975, 18.6215267181, 17.3732910156, 15.6644029617, 11.5361070633, 7.47085905075, 7.04801797867, 7.5244679451, 5.98466539383, 5.25712633133, 4.88422775269, 4.11857652664, 2.87429213524, 1.45183575153, 0.247742146254, 0.00924377888441, 0.000518647779245, 6.71511297696e-05, 1.75475288415e-05, 8.97215886653e-06, 1.29508589453e-05],
        "dmean2": [0.200315773487, 2.74378633499, 6.70665740967, 6.86464118958, 13.7528295517, 13.3840770721, 15.5889434814, 11.5281457901, 7.52045202255, 15.6804180145, 20.4607601166, 18.1679401398, 21.2902679443, 11.2983036041, 20.8191013336, 20.8919963837, 22.3069934845, 27.2628288269, 19.9241294861, 27.230556488, 30.0580196381, 28.1447525024, 24.7754611969, 18.6887836456, 12.0966262817, 11.3334522247, 12.5235280991, 9.60708904266, 8.18583202362, 7.57803583145, 6.20987844467, 4.2966542244, 2.10292768478, 0.375062018633, 0.0140102207661, 0.00077401555609, 0.000101837722468, 2.74227022601e-05, 1.3645873878e-05, 1.97094850591e-05],
        "dvar": [0.0424784906209, 8.40054321289, 73.1704330444, 59.9472541809, 478.852264404, 322.134338379, 466.038452148, 299.840911865, 86.3475952148, 741.406738281, 1821.81213379, 866.207702637, 1777.37133789, 657.841064453, 2561.79125977, 3448.34863281, 1526.26342773, 2038.30895996, 629.264282227, 1558.94921875, 1156.83081055, 622.626831055, 674.288024902, 256.081542969, 159.672943115, 164.768310547, 238.700942993, 154.09413147, 135.204986572, 114.791503906, 89.3185806274, 65.8679504395, 17.9639873505, 0.279358804226, 0.000450983730843, 1.34510389671e-06, 2.35064003817e-08, 2.04174832596e-09, 2.72732031403e-10, 3.59039575848e-10],
        "dvar2": [0.113606438041, 22.4415836334, 198.2109375, 168.237548828, 1228.83630371, 826.661376953, 1092.55249023, 761.976013184, 202.743942261, 1552.11486816, 4536.68017578, 1961.86962891, 4110.43457031, 1425.3425293, 4445.67675781, 8281.62011719, 3456.83740234, 4423.44580078, 1589.30383301, 2854.10229492, 2986.22460938, 1604.88500977, 1643.01757812, 644.336730957, 399.988098145, 410.51675415, 614.110595703, 375.299835205, 299.652313232, 265.692657471, 178.790939331, 143.950927734, 38.4391021729, 0.633139312267, 0.00101431598887, 2.97712313113e-06, 5.41492042316e-08, 5.00933161618e-09, 6.37006336568e-10, 8.07795441649e-10],
        "max": [2.75175118446, 28.2820587158, 67.6374816895, 77.7844619751, 214.322998047, 218.59085083, 358.971710205, 287.830108643, 174.514373779, 403.071716309, 737.630737305, 435.662811279, 732.06829834, 529.745788574, 1103.81188965, 1493.64831543, 857.633972168, 673.580932617, 377.323486328, 886.13269043, 520.223510742, 335.560089111, 494.951904297, 196.567214966, 168.470108032, 137.245697021, 183.908798218, 132.927505493, 178.855514526, 169.54977417, 133.248779297, 134.475891113, 52.847366333, 7.02539873123, 0.263606995344, 0.0154376411811, 0.00194060418289, 0.000703716126736, 0.00025993961026, 0.000171458494151],
        "mean": [0.235146135092, 2.74225258827, 5.35801315308, 5.87559175491, 9.3151473999, 12.724407196, 19.1184597015, 17.0303287506, 9.96763324738, 19.5392665863, 27.634727478, 22.0646820068, 25.5759353638, 14.3118925095, 25.0806617737, 26.4030570984, 27.1554641724, 31.7776432037, 22.4383220673, 35.3675994873, 39.5474624634, 42.7512245178, 38.9420967102, 26.6797599792, 16.4362335205, 14.9940395355, 12.7202148438, 10.960193634, 10.3910303116, 9.50699901581, 7.75343894958, 5.08066129684, 2.40274810791, 0.416672766209, 0.0142797557637, 0.000859803112689, 0.00011850836745, 2.91314645438e-05, 2.4762162866e-05, 4.17778792325e-05],
        "median": [0.145306274295, 2.12324619293, 2.94997406006, 3.79233503342, 3.26712965965, 5.40982437134, 9.97744083405, 7.85390806198, 6.56766557693, 6.93465709686, 11.9890041351, 10.3054018021, 9.67583465576, 5.79424619675, 8.34066581726, 9.86897087097, 11.2984600067, 12.8404140472, 13.5383071899, 18.3790035248, 21.8386116028, 28.5698337555, 25.0593948364, 20.4370098114, 12.0449180603, 10.5711021423, 7.06148719788, 5.04483032227, 4.85062503815, 4.71232366562, 3.27223229408, 2.15428948402, 0.995969414711, 0.187284320593, 0.00559375016019, 0.000374919094611, 6.04415035923e-05, 1.47350920088e-05, 2.04691750696e-05, 3.73535258404e-05],
        "min": [8.32063977101e-22, 9.71399330208e-22, 1.11040943533e-20, 2.58317907049e-20, 2.61425876642e-20, 5.43714670049e-20, 2.84707269185e-19, 8.02242254458e-19, 4.62346089339e-19, 1.00517664548e-18, 2.9492682199e-18, 2.13501747429e-18, 2.42881713862e-18, 3.13275755927e-18, 3.55751439023e-18, 3.00736462983e-18, 2.76531131667e-18, 2.86533957981e-18, 6.60059399058e-18, 8.89010460826e-18, 8.84625576399e-18, 1.33969932127e-17, 1.22732923388e-17, 1.09900341149e-17, 8.20659534194e-18, 1.15880302767e-17, 1.75776707348e-17, 2.17510781666e-17, 2.48945944505e-17, 1.63574668347e-17, 1.61338054689e-17, 1.60751054239e-17, 1.78851354229e-17, 1.43679634583e-17, 8.10659086024e-18, 6.60091038716e-18, 2.95928620429e-18, 1.19388218581e-18, 3.46162058259e-19, 3.54856508441e-20],
        "var": [0.0702908858657, 9.61796951294, 64.520149231, 52.0986251831, 408.643188477, 494.041473389, 763.622680664, 612.257446289, 160.128753662, 1726.7467041, 2585.94995117, 1487.96691895, 3008.46508789, 1225.80981445, 6233.31494141, 8244.52148438, 3786.4465332, 5549.66650391, 927.842834473, 4672.78808594, 2740.99780273, 1932.45898438, 1919.04663086, 623.005371094, 289.903076172, 290.99206543, 302.298431396, 250.620361328, 273.393280029, 250.871688843, 204.020248413, 111.11101532, 27.9488735199, 0.448394417763, 0.000666146748699, 2.1438506792e-06, 3.52797968617e-08, 2.46424169958e-09, 4.35713465308e-10, 7.43817785143e-10]
    },
    "gfcc": {
        "mean": [-10.5249166489, 130.163619995, -150.340667725, 75.8739395142, -63.3315620422, 20.5304107666, -30.1481952667, -2.01204657555, 4.3119931221, -21.1047172546, 7.79172086716, -15.9692935944, 3.61569595337],
        "cov": [[8229.49023438, -497.136657715, -182.261077881, 402.652252197, -461.056976318, 185.313796997, -157.822647095, -6.607234478, -45.4051055908, -42.5409812927, -62.8771820068, -79.5121383667, -7.38812637329], [-497.136657715, 926.464477539, -198.664489746, -258.30947876, 323.62109375, -340.814544678, 287.072937012, -85.1751861572, 85.9101409912, 13.9457206726, 67.8132171631, -6.45610141754, -34.024559021], [-182.261077881, -198.664489746, 289.72769165, 102.305351257, -64.2727890015, 88.3232727051, -107.706161499, 29.6116905212, -8.19315814972, 9.39008998871, -16.3053092957, -10.7485303879, 3.93969845772], [402.652252197, -258.30947876, 102.305351257, 306.936187744, -37.2625732422, -10.9335823059, -74.8383712769, 7.82114458084, 1.69697022438, 9.79353427887, -21.2995758057, 14.6232872009, 28.0807437897], [-461.056976318, 323.62109375, -64.2727890015, -37.2625732422, 248.91583252, -122.502830505, 137.791015625, -22.8203639984, 34.0185699463, 18.4276237488, 30.2918586731, 5.60549736023, 0.113666273654], [185.313796997, -340.814544678, 88.3232727051, -10.9335823059, -122.502830505, 309.207580566, -100.543907166, 47.740272522, -56.2447395325, -28.6017837524, -10.3208045959, -36.7437400818, 5.68476486206], [-157.822647095, 287.072937012, -107.706161499, -74.8383712769, 137.791015625, -100.543907166, 244.774215698, -13.361741066, 21.8776683807, 28.5306816101, 31.1811962128, 0.526497244835, -33.1401443481], [-6.607234478, -85.1751861572, 29.6116905212, 7.82114458084, -22.8203639984, 47.740272522, -13.361741066, 111.426109314, 39.7469444275, 10.2056903839, 5.58348798752, 3.64431762695, 21.4642047882], [-45.4051055908, 85.9101409912, -8.19315814972, 1.69697022438, 34.0185699463, -56.2447395325, 21.8776683807, 39.7469444275, 112.691215515, 28.5775318146, 13.1870832443, 24.2559185028, 11.5768861771], [-42.5409812927, 13.9457206726, 9.39008998871, 9.79353427887, 18.4276237488, -28.6017837524, 28.5306816101, 10.2056903839, 28.5775318146, 69.6982650757, 24.8065662384, 5.21243524551, 2.85519218445], [-62.8771820068, 67.8132171631, -16.3053092957, -21.2995758057, 30.2918586731, -10.3208045959, 31.1811962128, 5.58348798752, 13.1870832443, 24.8065662384, 67.1029968262, 27.0363254547, 8.11252880096], [-79.5121383667, -6.45610141754, -10.7485303879, 14.6232872009, 5.60549736023, -36.7437400818, 0.526497244835, 3.64431762695, 24.2559185028, 5.21243524551, 27.0363254547, 85.2574768066, 32.6662712097], [-7.38812637329, -34.024559021, 3.93969845772, 28.0807437897, 0.113666273654, 5.68476486206, -33.1401443481, 21.4642047882, 11.5768861771, 2.85519218445, 8.11252880096, 32.6662712097, 70.9336090088]],
        "icov": [[0.000177031804924, -0.000344086030964, 0.000343890336808, -0.000565522233956, 0.000564160232898, -0.000363579922123, 3.89009292121e-05, -5.48932221136e-05, 4.20215146733e-05, -0.000165016885148, 0.000132071523694, 4.13910629504e-06, 0.000103959391708], [-0.000344086030964, 0.00976142846048, -0.00208576768637, 0.00726904207841, -0.00534316617996, 0.00826636981219, -0.00367328920402, 0.00446573551744, -0.00511733768508, 0.0071414927952, -0.00758207775652, 0.00757637107745, -0.00391095224768], [0.000343890336808, -0.00208576768637, 0.00589975388721, -0.00337297841907, 0.00117530848365, -0.00298962695524, 0.00259917671792, -0.00169079285115, 0.00110654137097, -0.0032062525861, 0.00201952503994, -0.00151078146882, 0.00241984776221], [-0.000565522233956, 0.00726904207841, -0.00337297841907, 0.010166705586, -0.00451682088897, 0.00708560878411, -0.00190792395733, 0.00309344939888, -0.00314460555092, 0.00418963795528, -0.00398113811389, 0.00455423723906, -0.00409504864365], [0.000564160232898, -0.00534316617996, 0.00117530848365, -0.00451682088897, 0.0109959356487, -0.00291981967166, -0.00180581200402, -0.000795582775027, 0.00103428843431, -0.00217809691094, 0.00145555229392, -0.00118031632155, -0.000871967291459], [-0.000363579922123, 0.00826636981219, -0.00298962695524, 0.00708560878411, -0.00291981967166, 0.0127493217587, -0.00238793157041, 0.00116493972018, -0.00185664219316, 0.0075820852071, -0.00829764641821, 0.00866734515876, -0.00424160808325], [3.89009292121e-05, -0.00367328920402, 0.00259917671792, -0.00190792395733, -0.00180581200402, -0.00238793157041, 0.00970394350588, -0.00321938004345, 0.00295161851682, -0.00527026457712, 0.00220310641453, -0.00386290135793, 0.00581253087148], [-5.48932221136e-05, 0.00446573551744, -0.00169079285115, 0.00309344939888, -0.000795582775027, 0.00116493972018, -0.00321938004345, 0.0154832936823, -0.00851889047772, 0.00346642802469, -0.00427277991548, 0.00531503465027, -0.00598390121013], [4.20215146733e-05, -0.00511733768508, 0.00110654137097, -0.00314460555092, 0.00103428843431, -0.00185664219316, 0.00295161851682, -0.00851889047772, 0.0167819019407, -0.00800666958094, 0.00531943095848, -0.00739666074514, 0.00321835768409], [-0.000165016885148, 0.0071414927952, -0.0032062525861, 0.00418963795528, -0.00217809691094, 0.0075820852071, -0.00527026457712, 0.00346642802469, -0.00800666958094, 0.0256198197603, -0.0136236492544, 0.00938220135868, -0.00467454362661], [0.000132071523694, -0.00758207775652, 0.00201952503994, -0.00398113811389, 0.00145555229392, -0.00829764641821, 0.00220310641453, -0.00427277991548, 0.00531943095848, -0.0136236492544, 0.028571613133, -0.0142055125907, 0.00378004903905], [4.13910629504e-06, 0.00757637107745, -0.00151078146882, 0.00455423723906, -0.00118031632155, 0.00866734515876, -0.00386290135793, 0.00531503465027, -0.00739666074514, 0.00938220135868, -0.0142055125907, 0.0253525823355, -0.0114113502204], [0.000103959391708, -0.00391095224768, 0.00241984776221, -0.00409504864365, -0.000871967291459, -0.00424160808325, 0.00581253087148, -0.00598390121013, 0.00321835768409, -0.00467454362661, 0.00378004903905, -0.0114113502204, 0.0230726487935]]
    },
    "melbands": {
        "dmean": [0.00144382962026, 0.00200709281489, 0.000806938216556, 0.000565785332583, 0.000352330302121, 0.000166732701473, 7.10185922799e-05, 0.000126619401271, 0.000106161416625, 7.28825471015e-05, 7.1808201028e-05, 3.17880148941e-05, 4.32438937423e-05, 4.14703863498e-05, 3.07901282213e-05, 3.52595670847e-05, 3.46502820321e-05, 2.11733786273e-05, 1.96927521756e-05, 2.45638257184e-05, 2.7514382964e-05, 2.14153569686e-05, 1.76909998117e-05, 1.75741461135e-05, 9.62525245995e-06, 6.60292425891e-06, 4.91139007863e-06, 4.81805000163e-06, 5.31048453922e-06, 4.3763566282e-06, 3.4038330341e-06, 3.23275480696e-06, 3.15529678119e-06, 2.88672413262e-06, 2.5570152502e-06, 2.23619986173e-06, 1.76816149633e-06, 1.19795697628e-06, 5.65170637401e-07, 1.04675798696e-07],
        "dmean2": [0.00242596142925, 0.00337197561748, 0.00137957883999, 0.000961884041317, 0.000555635488126, 0.000259519700194, 0.000109577486, 0.000192486157175, 0.000160968600539, 0.000112320281914, 0.000106282997876, 4.70886734547e-05, 6.18542544544e-05, 6.33518575341e-05, 4.67499776278e-05, 5.2932115068e-05, 5.52430246898e-05, 3.46219421772e-05, 3.05881621898e-05, 3.81243953598e-05, 4.46233243565e-05, 3.47508539562e-05, 2.80381973425e-05, 2.81185220956e-05, 1.58724451467e-05, 1.08497988549e-05, 7.95713094703e-06, 7.81233302405e-06, 8.87766145752e-06, 7.39948336559e-06, 5.45279135622e-06, 5.18228671353e-06, 4.90408910991e-06, 4.58287013316e-06, 3.84192253478e-06, 3.37355731972e-06, 2.78731295111e-06, 1.76253411155e-06, 8.50765331961e-07, 1.65401345953e-07],
        "dvar": [6.08328718954e-06, 1.56217884069e-05, 2.46406239057e-06, 2.20438050746e-06, 5.26925134636e-07, 1.43695899624e-07, 1.84545569937e-08, 1.32641389428e-07, 1.19742722404e-07, 3.17988622101e-08, 4.42630501141e-08, 1.30739774562e-08, 1.85170225819e-08, 2.3873715449e-08, 6.97457336329e-09, 9.71436175945e-09, 8.95596397044e-09, 2.02559968798e-09, 1.66697866621e-09, 2.26072049969e-09, 2.89570878387e-09, 1.01766550742e-09, 7.31069149662e-10, 1.16444454079e-09, 1.74650308105e-10, 1.16192326594e-10, 7.15632761383e-11, 7.62018712019e-11, 1.21982757229e-10, 7.69752178664e-11, 4.76073035161e-11, 5.4618986417e-11, 5.44561652716e-11, 4.00542203571e-11, 3.43361693245e-11, 2.83352837721e-11, 3.1917506832e-11, 1.30001287513e-11, 1.78023557267e-12, 4.72293272471e-14],
        "dvar2": [1.62733995239e-05, 4.11963192164e-05, 6.62616457703e-06, 5.69824396734e-06, 1.20646086543e-06, 3.61579679975e-07, 4.36677325411e-08, 2.71745136615e-07, 3.06297209818e-07, 7.32222673605e-08, 1.02255938828e-07, 2.84869372535e-08, 3.19904849277e-08, 6.04285901318e-08, 1.60274993277e-08, 2.15059845488e-08, 1.88754594177e-08, 5.24564747195e-09, 3.08008729633e-09, 4.8768877825e-09, 7.41303285423e-09, 2.68127053893e-09, 1.68596403505e-09, 2.69472355541e-09, 4.47841652651e-10, 2.97674662697e-10, 1.79104342468e-10, 1.9103875426e-10, 3.17297355057e-10, 2.00977706699e-10, 1.1077809503e-10, 1.32888880455e-10, 1.30777833007e-10, 9.68381763666e-11, 6.90532075964e-11, 6.4104138664e-11, 7.54300302774e-11, 2.81400232977e-11, 4.04370764304e-12, 1.15105638237e-13],
        "max": [0.0220997743309, 0.0329782068729, 0.0126204537228, 0.0144128184766, 0.0125836962834, 0.00633204774931, 0.00246971449815, 0.00578735116869, 0.00627953279763, 0.00252087810077, 0.0036503917072, 0.00228710588999, 0.00303775211796, 0.00391592644155, 0.00163040438201, 0.00230724154972, 0.00150967016816, 0.000616448640358, 0.000888393318746, 0.000721695425455, 0.000856455531903, 0.00042110713548, 0.00035987564479, 0.000659091048874, 0.000131357475766, 0.00014856956841, 9.112272528e-05, 9.46049185586e-05, 0.000151754211402, 8.54605605127e-05, 7.57111920393e-05, 0.000130835032905, 0.000135045149364, 9.77953750407e-05, 9.57218944677e-05, 6.66687774356e-05, 0.000105500119389, 4.73811196571e-05, 1.84589189303e-05, 2.88994715447e-06],
        "mean": [0.00268392893486, 0.00323854479939, 0.00115938554518, 0.00075491896132, 0.000700662261806, 0.000396707502659, 0.000139696290717, 0.000240068809944, 0.000215425272472, 0.000129487918457, 0.000124680474983, 5.45702350792e-05, 7.16067224857e-05, 7.54632419557e-05, 5.60997759749e-05, 6.08764312346e-05, 6.04229535384e-05, 3.49066831404e-05, 3.79771627195e-05, 4.48357750429e-05, 5.14254170412e-05, 4.63196847704e-05, 3.8901802327e-05, 3.55633819709e-05, 1.98393299797e-05, 1.31576534841e-05, 9.98046016321e-06, 9.67695905274e-06, 8.18140051706e-06, 7.02163833921e-06, 6.06434059591e-06, 5.85247425988e-06, 5.64971742278e-06, 5.18271826877e-06, 4.54010796602e-06, 3.8763100747e-06, 2.84937163997e-06, 1.89648699234e-06, 9.02567535377e-07, 1.45022355014e-07],
        "median": [0.00190071691759, 0.00218149181455, 0.000706598279066, 0.000328906578943, 0.000376567681087, 0.000182738614967, 8.68698771228e-05, 8.44845344545e-05, 9.45587235037e-05, 5.81949134357e-05, 4.54181681562e-05, 1.96756282094e-05, 2.50479351962e-05, 2.42752321356e-05, 2.38354732573e-05, 2.22265189223e-05, 2.28915141633e-05, 2.04981533898e-05, 2.1567038857e-05, 2.24017894652e-05, 2.49024287768e-05, 3.05627036141e-05, 2.38010979956e-05, 1.96103937924e-05, 1.51114281834e-05, 9.86834129435e-06, 6.52455810268e-06, 6.69460359859e-06, 4.26907627116e-06, 3.49872470906e-06, 2.53033499575e-06, 2.65816493084e-06, 2.63742276729e-06, 2.44070474764e-06, 1.75965783455e-06, 1.60091144608e-06, 1.06420986867e-06, 7.75820467425e-07, 3.87686668546e-07, 5.60584858533e-08],
        "min": [7.57007332957e-24, 3.75633751062e-24, 4.90313813513e-24, 2.09922749969e-24, 8.33584585382e-24, 1.81052255218e-23, 6.65276614746e-24, 1.3688730946e-23, 2.55197922789e-23, 1.40391650482e-23, 1.20328314421e-23, 1.18110629201e-23, 1.30695358776e-23, 9.47164541857e-24, 5.35446951926e-24, 5.66108082046e-24, 5.05516149233e-24, 1.23143845766e-23, 8.94319144247e-24, 1.06601432584e-23, 1.03550773357e-23, 1.65604212992e-23, 8.45420969948e-24, 1.16268702096e-23, 8.88845159539e-24, 5.82297677189e-24, 7.19745172554e-24, 7.59214881314e-24, 8.56347719004e-24, 1.42558304289e-23, 1.08073084157e-23, 1.33888012966e-23, 1.18960800376e-23, 8.46541704636e-24, 7.80805452087e-24, 1.10725439624e-23, 9.61155226669e-24, 1.08308669578e-23, 1.38738513569e-23, 1.15984514955e-23],
        "var": [8.24686139822e-06, 1.62069973157e-05, 2.2630094918e-06, 2.05049150281e-06, 9.31728891373e-07, 3.18425833257e-07, 3.24359952231e-08, 2.91275313202e-07, 1.53816600346e-07, 5.43077547377e-08, 7.45077102238e-08, 2.34424160084e-08, 4.24885548966e-08, 6.07886363468e-08, 1.70487073348e-08, 2.4679772892e-08, 2.30656649336e-08, 2.64801869321e-09, 4.66582195102e-09, 5.56140689056e-09, 6.41093400588e-09, 2.46823805838e-09, 2.10946593526e-09, 2.68057442909e-09, 3.49398371347e-10, 1.86543128167e-10, 1.32509697659e-10, 1.26748556095e-10, 1.41310393942e-10, 9.79562680969e-11, 8.36858360387e-11, 8.93131540947e-11, 9.82220624279e-11, 8.06729544278e-11, 7.83434705998e-11, 4.92080300118e-11, 4.54620126267e-11, 1.94695318895e-11, 2.61966164906e-12, 6.14655827863e-14]
    },
    "mfcc": {
        "mean": [-621.44152832, 115.034561157, -4.1052441597, 38.4665718079, 10.4384279251, 13.1848096848, -6.67116260529, 14.4713144302, -2.46227145195, 6.54762792587, -0.331441730261, 6.82849645615, -3.98960757256],
        "cov": [[6990.56494141, -644.033325195, 131.406997681, 192.491470337, -180.912246704, 118.056854248, -151.114776611, 81.0595855713, -69.8740158081, 71.3661422729, -178.12538147, 109.239189148, -110.723335266], [-644.033325195, 1211.70019531, -489.903503418, 119.900108337, -104.749671936, -57.5068511963, 81.3847732544, -22.9829902649, -6.13925647736, 38.1234779358, 110.232948303, -23.3703041077, 75.6935272217], [131.406997681, -489.903503418, 438.506103516, -100.622802734, 89.9243774414, 19.5242862701, -60.2987670898, 1.72718095779, 3.17509150505, -20.5627555847, -42.3157691956, 26.9504985809, -35.4085464478], [192.491470337, 119.900108337, -100.622802734, 387.568054199, -15.6307401657, -22.1846084595, -18.2785701752, -26.2327976227, 8.47412395477, 18.3621139526, -10.8482284546, -0.833452165127, 43.3741493225], [-180.912246704, -104.749671936, 89.9243774414, -15.6307401657, 154.678894043, 1.69248974323, -24.885011673, 0.571364104748, 19.6948356628, -12.8574523926, -20.4908046722, 5.66832685471, -6.80452108383], [118.056854248, -57.5068511963, 19.5242862701, -22.1846084595, 1.69248974323, 102.226150513, 37.9514846802, 1.23407614231, -21.0408439636, 11.3316688538, -8.3522939682, -12.3338804245, -8.44589042664], [-151.114776611, 81.3847732544, -60.2987670898, -18.2785701752, -24.885011673, 37.9514846802, 146.222793579, 5.98842954636, -3.99246525764, 17.9891223907, 21.2433929443, -16.8455276489, 18.3876838684], [81.0595855713, -22.9829902649, 1.72718095779, -26.2327976227, 0.571364104748, 1.23407614231, 5.98842954636, 82.970703125, 20.1241359711, -5.03200531006, 2.01006746292, 21.701253891, -5.67836761475], [-69.8740158081, -6.13925647736, 3.17509150505, 8.47412395477, 19.6948356628, -21.0408439636, -3.99246525764, 20.1241359711, 79.1293869019, 25.2366313934, 1.38414871693, 4.63137197495, 15.7170553207], [71.3661422729, 38.1234779358, -20.5627555847, 18.3621139526, -12.8574523926, 11.3316688538, 17.9891223907, -5.03200531006, 25.2366313934, 88.9178085327, 19.0714912415, 5.36366891861, 11.8381156921], [-178.12538147, 110.232948303, -42.3157691956, -10.8482284546, -20.4908046722, -8.3522939682, 21.2433929443, 2.01006746292, 1.38414871693, 19.0714912415, 76.9372177124, 16.7486820221, 7.14078521729], [109.239189148, -23.3703041077, 26.9504985809, -0.833452165127, 5.66832685471, -12.3338804245, -16.8455276489, 21.701253891, 4.63137197495, 5.36366891861, 16.7486820221, 69.0702362061, 12.8368797302], [-110.723335266, 75.6935272217, -35.4085464478, 43.3741493225, -6.80452108383, -8.44589042664, 18.3876838684, -5.67836761475, 15.7170553207, 11.8381156921, 7.14078521729, 12.8368797302, 66.6615524292]],
