{
"lowlevel": {
    "average_loudness": 0.940325558186,
    "barkbands_crest": {
        "dmean": 2.27525258064,
        "dmean2": 3.70688605309,
        "dvar": 4.92592573166,
        "dvar2": 12.5263090134,
        "max": 20.4584751129,
        "mean": 7.70259475708,
        "median": 6.76305580139,
        "min": 2.47621488571,
        "var": 11.6919956207
    },
    "barkbands_flatness_db": {
        "dmean": 0.0163419730961,
        "dmean2": 0.0258512776345,
        "dvar": 0.000220455156523,
        "dvar2": 0.00053826108342,
        "max": 0.302829176188,
        "mean": 0.152002289891,
        "median": 0.143278807402,
        "min": 0.0814370214939,
        "var": 0.00142109941225
    },
    "barkbands_kurtosis": {
        "dmean": 1.00817489624,
        "dmean2": 1.63032341003,
        "dvar": 3.18058729172,
        "dvar2": 7.99341535568,
        "max": 32.7747154236,
        "mean": 0.630134046078,
        "median": -0.160089969635,
        "min": -1.70613384247,
        "var": 8.23564624786
    },
    "barkbands_skewness": {
        "dmean": 0.357978701591,
        "dmean2": 0.560177028179,
        "dvar": 0.135601863265,
        "dvar2": 0.321058541536,
        "max": 5.26091718674,
        "mean": 0.696051836014,
        "median": 0.579104244709,
        "min": -1.07663619518,
        "var": 0.533989548683
    },
    "barkbands_spread": {
        "dmean": 4.32342720032,
        "dmean2": 6.60248661041,
        "dvar": 18.1008682251,
        "dvar2": 37.2463912964,
        "max": 78.5735015869,
        "mean": 23.4400539398,
        "median": 22.7051448822,
        "min": 2.90275979042,
        "var": 95.0791397095
    },
    "dissonance": {
        "dmean": 0.0138463322073,
        "dmean2": 0.023304535076,
        "dvar": 0.000158217371791,
        "dvar2": 0.000426617654739,
        "max": 0.500000119209,
        "mean": 0.472000896931,
        "median": 0.475436478853,
        "min": 0.391186624765,
        "var": 0.000326076871715
    },
    "dynamic_complexity": 2.56724500656,
    "erbbands_crest": {
        "dmean": 2.75819659233,
        "dmean2": 4.3946814537,
        "dvar": 7.296687603,
        "dvar2": 17.2260513306,
        "max": 28.6545467377,
        "mean": 9.52426147461,
        "median": 8.2281627655,
        "min": 2.53918290138,
        "var": 21.0602169037
    },
    "erbbands_flatness_db": {
        "dmean": 0.0151153542101,
        "dmean2": 0.0224576313049,
        "dvar": 0.000197668356122,
        "dvar2": 0.000444526172942,
        "max": 0.35179412365,
        "mean": 0.204619258642,
        "median": 0.197514846921,
        "min": 0.122624710202,
        "var": 0.0017235672567
    },
    "erbbands_kurtosis": {
        "dmean": 0.687513828278,
        "dmean2": 1.08817696571,
        "dvar": 0.708257079124,
        "dvar2": 1.7261826992,
        "max": 9.48191833496,
        "mean": 0.345166474581,
        "median": 0.0549845695496,
        "min": -1.55185675621,
        "var": 1.63246774673
    },
    "erbbands_skewness": {
        "dmean": 0.311298757792,
        "dmean2": 0.480616778135,
        "dvar": 0.0799572393298,
        "dvar2": 0.188547462225,
        "max": 2.60700392723,
        "mean": 0.128558367491,
        "median": 0.0957345664501,
        "min": -2.37561273575,
        "var": 0.431571811438
    },
    "erbbands_spread": {
        "dmean": 5.2992067337,
        "dmean2": 8.29029655457,
        "dvar": 29.2966308594,
        "dvar2": 68.3794021606,
        "max": 90.5046615601,
        "mean": 28.777135849,
        "median": 26.3846969604,
        "min": 8.66180419922,
        "var": 142.585159302
    },
    "hfc": {
        "dmean": 7.42744636536,
        "dmean2": 10.8973655701,
        "dvar": 101.276855469,
        "dvar2": 213.050430298,
        "max": 171.998184204,
        "mean": 27.7421035767,
        "median": 24.4231758118,
        "min": 0.000685126462486,
        "var": 449.844909668
    },
    "melbands_crest": {
        "dmean": 2.94288468361,
        "dmean2": 4.78288984299,
        "dvar": 7.8635263443,
        "dvar2": 19.7629909515,
        "max": 26.5003528595,
        "mean": 10.4895811081,
        "median": 9.55105876923,
        "min": 3.12999987602,
        "var": 17.4371643066
    },
    "melbands_flatness_db": {
        "dmean": 0.019739639014,
        "dmean2": 0.0295433439314,
        "dvar": 0.000406964420108,
        "dvar2": 0.000881131447386,
        "max": 0.379638671875,
        "mean": 0.1604283005,
        "median": 0.148252233863,
        "min": 0.0287381932139,
        "var": 0.00292495870963
    },
    "melbands_kurtosis": {
        "dmean": 2.58404898643,
        "dmean2": 4.22106122971,
        "dvar": 29.4128074646,
        "dvar2": 73.9268875122,
        "max": 114.420967102,
        "mean": 3.92565798759,
        "median": 1.72773075104,
        "min": -1.38746511936,
        "var": 61.7284202576
    },
    "melbands_skewness": {
        "dmean": 0.472907632589,
        "dmean2": 0.745315134525,
        "dvar": 0.304867744446,
        "dvar2": 0.735770821571,
        "max": 9.21598911285,
        "mean": 1.42557311058,
        "median": 1.17319869995,
        "min": -0.577312648296,
        "var": 1.15310168266
    },
    "melbands_spread": {
        "dmean": 7.116938591,
        "dmean2": 10.8442430496,
        "dvar": 65.3172912598,
        "dvar2": 133.332382202,
        "max": 140.635864258,
        "mean": 32.245464325,
        "median": 30.698638916,
        "min": 2.21967697144,
        "var": 238.531646729
    },
    "pitch_salience": {
        "dmean": 0.0634176284075,
        "dmean2": 0.10204089433,
        "dvar": 0.00358183216304,
        "dvar2": 0.00948782451451,
        "max": 0.861664652824,
        "mean": 0.586872756481,
        "median": 0.592070698738,
        "min": 0.261513024569,
        "var": 0.00870368815958
    },
    "silence_rate_20dB": {
        "dmean": 0,
        "dmean2": 0,
        "dvar": 0,
        "dvar2": 0,
        "max": 1,
        "mean": 1,
        "median": 1,
        "min": 1,
        "var": 0
    },
    "silence_rate_30dB": {
        "dmean": 0,
        "dmean2": 0,
        "dvar": 0,
        "dvar2": 0,
        "max": 1,
        "mean": 1,
        "median": 1,
        "min": 1,
        "var": 0
    },
    "silence_rate_60dB": {
        "dmean": 0.00696594407782,
        "dmean2": 0.013937282376,
        "dvar": 0.00691751856357,
        "dvar2": 0.014517577365,
        "max": 1,
        "mean": 0.021276595071,
        "median": 0,
        "min": 0,
        "var": 0.0208234358579
    },
    "spectral_centroid": {
        "dmean": 207.784835815,
        "dmean2": 305.248291016,
        "dvar": 39781.03125,
        "dvar2": 80314.7421875,
        "max": 3845.78393555,
        "mean": 1591.23864746,
        "median": 1565.82312012,
        "min": 302.516052246,
        "var": 212344.84375
    },
    "spectral_complexity": {
        "dmean": 3.9682662487,
        "dmean2": 6.10917520523,
        "dvar": 17.0835952759,
        "dvar2": 36.1086082458,
        "max": 56,
        "mean": 26.267698288,
        "median": 27,
        "min": 0,
        "var": 87.9169311523
    },
    "spectral_decrease": {
        "dmean": 2.14907625029e-09,
        "dmean2": 3.37342043188e-09,
        "dvar": 8.65706135992e-18,
        "dvar2": 2.09426183056e-17,
        "max": -1.46013409696e-13,
        "mean": -6.48871223419e-09,
        "median": -5.82165604612e-09,
        "min": -3.10131085257e-08,
        "var": 1.81934008217e-17
    },
    "spectral_energy": {
        "dmean": 0.00863919872791,
        "dmean2": 0.0134730311111,
        "dvar": 0.00013546453556,
        "dvar2": 0.000328135822201,
        "max": 0.126807242632,
        "mean": 0.0270061381161,
        "median": 0.0245349891484,
        "min": 6.25523796316e-07,
        "var": 0.000303699373035
    },
    "spectral_energyband_high": {
        "dmean": 0.000447713100584,
        "dmean2": 0.000630940077826,
        "dvar": 1.07666539861e-06,
        "dvar2": 1.88814919966e-06,
        "max": 0.0214168354869,
        "mean": 0.00105980085209,
        "median": 0.000476992456242,
        "min": 1.74953775911e-08,
        "var": 4.33955710832e-06
    },
    "spectral_energyband_low": {
        "dmean": 0.00428055133671,
        "dmean2": 0.00702763209119,
        "dvar": 7.10975946276e-05,
        "dvar2": 0.000174090397195,
        "max": 0.0821974799037,
        "mean": 0.00599662587047,
        "median": 0.00344065204263,
        "min": 1.02650773215e-07,
        "var": 7.64159631217e-05
    },
    "spectral_energyband_middle_high": {
        "dmean": 0.00282994168811,
        "dmean2": 0.00420326413587,
        "dvar": 1.53038654389e-05,
        "dvar2": 3.57577482646e-05,
        "max": 0.0719759985805,
        "mean": 0.00985262915492,
        "median": 0.0083123203367,
        "min": 2.76780269814e-07,
        "var": 6.42217128188e-05
    },
    "spectral_energyband_middle_low": {
        "dmean": 0.0043284795247,
        "dmean2": 0.00693222507834,
        "dvar": 4.61138733954e-05,
        "dvar2": 0.000109961329144,
        "max": 0.107115738094,
        "mean": 0.0109490389004,
        "median": 0.00887451320887,
        "min": 8.54443555909e-08,
        "var": 9.17648503673e-05
    },
    "spectral_entropy": {
        "dmean": 0.116964332759,
        "dmean2": 0.169898286462,
        "dvar": 0.01496670302,
        "dvar2": 0.0287049729377,
        "max": 8.50292205811,
        "mean": 7.61645698547,
        "median": 7.6535243988,
        "min": 6.23882246017,
        "var": 0.0924101918936
    },
    "spectral_flux": {
        "dmean": 0.0232089627534,
        "dmean2": 0.0358820557594,
        "dvar": 0.00075779663166,
        "dvar2": 0.00169352267403,
        "max": 0.343574941158,
        "mean": 0.0843935608864,
        "median": 0.0794193744659,
        "min": 0.000980869983323,
        "var": 0.0018675881438
    },
    "spectral_kurtosis": {
        "dmean": 2.0252661705,
        "dmean2": 3.47703933716,
        "dvar": 6.3408074379,
        "dvar2": 17.6109333038,
        "max": 38.6152305603,
        "mean": 3.87776684761,
        "median": 3.07503938675,
        "min": -0.889858722687,
        "var": 11.8854894638
    },
    "spectral_rms": {
        "dmean": 0.000748959253542,
        "dmean2": 0.00114697671961,
        "dvar": 7.84037297308e-07,
        "dvar2": 1.82929545645e-06,
        "max": 0.011122697033,
        "mean": 0.00485276291147,
        "median": 0.00489250198007,
        "min": 2.47035859502e-05,
        "var": 2.79818436866e-06
    },
    "spectral_rolloff": {
        "dmean": 370.207824707,
        "dmean2": 604.256652832,
        "dvar": 305216.15625,
        "dvar2": 561757.8125,
        "max": 7730.41992188,
        "mean": 1850.56188965,
        "median": 1765.72265625,
        "min": 129.19921875,
        "var": 1128698.875
    },
    "spectral_skewness": {
        "dmean": 0.235440254211,
        "dmean2": 0.390246033669,
        "dvar": 0.0559557937086,
        "dvar2": 0.145664215088,
        "max": 3.68515849113,
        "mean": 1.29803681374,
        "median": 1.29330015182,
        "min": 0.108714684844,
        "var": 0.135972008109
    },
    "spectral_spread": {
        "dmean": 282173.75,
        "dmean2": 419880.59375,
        "dvar": 80177643520,
        "dvar2": 177572839424,
        "max": 7216977.5,
        "mean": 3473556.5,
        "median": 3546677.25,
        "min": 1093587.875,
        "var": 814515224576
    },
    "spectral_strongpeak": {
        "dmean": 0.902268707752,
        "dmean2": 1.51954841614,
        "dvar": 1.55930840969,
        "dvar2": 3.65818166733,
        "max": 9.91099262238,
        "mean": 1.60196769238,
        "median": 0.892193436623,
        "min": 0.00152770022396,
        "var": 2.89473938942
    },
    "zerocrossingrate": {
        "dmean": 0.00764847965911,
        "dmean2": 0.00901949778199,
        "dvar": 7.38417875255e-05,
        "dvar2": 7.14388152119e-05,
        "max": 0.2314453125,
        "mean": 0.0659077689052,
        "median": 0.06298828125,
        "min": 0.00830078125,
        "var": 0.000682998332195
    },
    "barkbands": {
        "dmean": [4.56889756606e-05, 0.00266735791229, 0.00177653285209, 0.000875628844369, 0.000994123052806, 0.00100325443782, 0.000715873786248, 0.000908624206204, 0.00185282202438, 0.00118982186541, 0.000550703436602, 0.000468163663754, 0.00063192890957, 0.000453488697531, 0.000979250529781, 0.000323122018017, 0.000230937133892, 0.000206205586437, 0.000212558763451, 0.00019562842499, 0.000123203091789, 0.000104210914287, 0.000153276501806, 5.42662055523e-05, 9.99065287033e-06, 8.25526136339e-09, 2.53294563102e-09],
        "dmean2": [6.719501107e-05, 0.00453276094049, 0.00295733334497, 0.00151254236698, 0.00167226826306, 0.00172084383667, 0.00120491569396, 0.00143479788676, 0.00283515779302, 0.00179851765279, 0.00085874873912, 0.000735623412766, 0.00104147242382, 0.000726373051293, 0.00157856743317, 0.000511996506248, 0.000371275411453, 0.000329765985953, 0.000333998061251, 0.000305330380797, 0.000198703448405, 0.000155990870553, 0.000211924721953, 7.8362543718e-05, 1.54727003974e-05, 1.37271545242e-08, 4.75443862058e-09],
        "dvar": [1.15842828663e-08, 3.6545603507e-05, 1.09883540063e-05, 1.88165233794e-06, 1.80019480922e-06, 3.47832155967e-06, 7.72721159592e-06, 6.07302854405e-06, 2.13592338696e-05, 8.76724425325e-06, 2.06415279536e-06, 1.2756003116e-06, 9.77232048172e-07, 6.66939683924e-07, 2.54254405263e-06, 2.1929517402e-07, 8.37068654391e-08, 1.05487934832e-07, 9.68256514966e-08, 1.46167280946e-07, 5.09007627159e-08, 6.82474663449e-08, 3.1314218063e-07, 3.75759157123e-08, 3.68742425483e-10, 5.31749337776e-16, 5.83136656164e-16],
        "dvar2": [2.29016912101e-08, 9.74079011939e-05, 2.73078057944e-05, 5.25718633071e-06, 4.89193325848e-06, 9.55085579335e-06, 1.89682632481e-05, 1.4772913346e-05, 4.88356381538e-05, 1.88419180631e-05, 5.99939266976e-06, 2.82643395622e-06, 2.59479497799e-06, 1.6123418618e-06, 6.45053705739e-06, 4.54332536037e-07, 2.15653429336e-07, 2.48874698627e-07, 2.22903906888e-07, 3.56077435981e-07, 1.24760205722e-07, 1.33954856096e-07, 6.06450100804e-07, 6.99452797903e-08, 8.40002845059e-10, 1.52011814967e-15, 1.75281197044e-15],
        "max": [0.00123219948728, 0.0620685145259, 0.0357444360852, 0.0237475298345, 0.0187874529511, 0.0235095433891, 0.0813610330224, 0.0481683909893, 0.065821647644, 0.0621368065476, 0.0314672775567, 0.0220235269517, 0.016172286123, 0.0179475434124, 0.0319846495986, 0.00846779532731, 0.00400542933494, 0.00664659170434, 0.00474448921159, 0.00524078635499, 0.00369502953254, 0.00573290605098, 0.0128164226189, 0.00671684881672, 0.000442885182565, 6.41885662844e-07, 8.11284280644e-07],
        "mean": [5.06199321535e-05, 0.00303934584372, 0.00220375345089, 0.00127134739887, 0.00180158927105, 0.0015071942471, 0.0011208280921, 0.00146439170931, 0.00334377284162, 0.00237987330183, 0.00102353619877, 0.000810449011624, 0.00116070231888, 0.000857213395648, 0.00174912984949, 0.000645749503747, 0.000497180095408, 0.000408575026086, 0.000446627673227, 0.00036379363155, 0.000222222879529, 0.000195570726646, 0.000299182953313, 0.000121617973491, 2.19075263885e-05, 1.33776500988e-08, 1.80520576265e-09],
        "median": [2.36166215473e-06, 0.00107807782479, 0.00108091300353, 0.000822762958705, 0.00145044154488, 0.000972289242782, 0.000582303444389, 0.000666684005409, 0.000849746342283, 0.000960813369602, 0.000417158793425, 0.000368742097635, 0.000794561812654, 0.000575734651648, 0.00109579786658, 0.000458658294519, 0.00039138153079, 0.00029652233934, 0.000276722217677, 0.000162921758601, 0.000112373440061, 8.36993131088e-05, 8.00081397756e-05, 4.75819579151e-05, 1.01990717667e-05, 6.34438901415e-09, 3.93486160322e-10],
        "min": [7.69548480495e-10, 3.43235981859e-08, 5.42594236208e-08, 1.81219359519e-08, 1.25715811095e-08, 4.27927693281e-09, 2.94950712743e-08, 7.17891746049e-09, 6.77698341889e-09, 1.8732631446e-08, 5.03341857083e-09, 6.48855902341e-09, 4.60762983323e-09, 5.82907100366e-09, 3.66785037897e-08, 4.69583394391e-09, 6.98780322494e-09, 4.45750059086e-09, 8.03502953062e-09, 4.57335902482e-09, 3.09910519469e-09, 2.69456346125e-09, 1.59096291696e-09, 3.15376080806e-09, 2.82900841642e-10, 4.1764673317e-12, 3.18589815987e-12],
        "var": [1.51368606538e-08, 3.16074110742e-05, 1.13637370305e-05, 2.26747124543e-06, 2.64987806986e-06, 3.67271968571e-06, 7.56200643082e-06, 8.19012439024e-06, 4.44487959612e-05, 2.72244615189e-05, 6.25561278866e-06, 2.94195751849e-06, 1.71441547536e-06, 1.3708527149e-06, 4.49870003649e-06, 5.61428976198e-07, 2.00685946083e-07, 2.25716405566e-07, 2.60272258856e-07, 3.326142064e-07, 1.02029588334e-07, 1.7966543453e-07, 1.0177374179e-06, 1.5529525399e-07, 1.47691503471e-09, 6.68205392666e-16, 3.06239785761e-16]
    },
    "erbbands": {
        "dmean": [0.0415033176541, 0.715495288372, 2.07341861725, 2.40406227112, 2.98034763336, 3.64563965797, 5.28343629837, 9.02655410767, 10.0974664688, 10.2640790939, 27.0527019501, 39.5376396179, 30.8826637268, 41.1963310242, 22.9386196136, 16.7014503479, 27.2419872284, 25.6554737091, 40.9536094666, 38.7380256653, 17.4608535767, 10.5393276215, 9.41331005096, 11.6593017578, 9.80310630798, 10.5988750458, 6.36920547485, 3.49696516991, 3.6640753746, 4.3461022377, 4.46136665344, 1.75218689442, 0.675441861153, 0.191677287221, 0.0168241858482, 0.000739642302506, 4.37600647274e-05, 8.10896472103e-06, 5.99717668592e-06, 1.05061299109e-05],
        "dmean2": [0.0682170391083, 1.22448420525, 3.40216302872, 4.20677518845, 4.95598888397, 6.25550985336, 9.01975822449, 15.4434900284, 16.7622833252, 17.5838241577, 41.9393043518, 60.1166267395, 46.9979820251, 61.2049407959, 35.574344635, 26.4235935211, 44.4694252014, 41.2778053284, 65.0078430176, 65.3157806396, 27.1196918488, 16.9977760315, 14.8527584076, 18.6554279327, 14.9674158096, 16.3548221588, 10.3920984268, 5.39784860611, 5.54663038254, 6.37389469147, 6.27461099625, 2.54418087006, 0.94867169857, 0.28812661767, 0.0251382533461, 0.00107979925815, 6.23963278485e-05, 1.16032624646e-05, 8.9051482064e-06, 1.61474363267e-05],
        "dvar": [0.00854831468314, 2.58516597748, 15.7501935959, 16.9701156616, 14.6290740967, 33.6317558289, 112.209846497, 242.380569458, 1376.10241699, 2594.66015625, 5403.37744141, 11000.2216797, 5844.55712891, 12557.7558594, 2749.07885742, 1013.14849854, 1709.1550293, 2702.43286133, 4882.60400391, 5101.29003906, 800.902832031, 169.906570435, 197.219299316, 307.342590332, 256.601470947, 482.559692383, 129.275085449, 52.9251174927, 76.4343414307, 196.478775024, 304.22253418, 45.8348312378, 5.1602101326, 0.126994535327, 0.000979395583272, 1.8386803049e-06, 9.07790376203e-09, 5.57584312055e-10, 9.00935021031e-11, 1.89592924693e-10],
        "dvar2": [0.0211084149778, 6.92232036591, 37.5528259277, 46.8483886719, 38.6078796387, 92.8051528931, 309.265625, 670.247375488, 3568.72509766, 7184.98388672, 13249.1982422, 25706.4199219, 13158.28125, 26090.484375, 7676.453125, 2313.62011719, 4350.5, 6952.32617188, 11400.5253906, 13975.4921875, 1516.31323242, 431.353363037, 454.335357666, 738.125732422, 566.075073242, 1203.82617188, 326.625183105, 123.076812744, 152.141906738, 381.028778076, 645.550231934, 84.1518249512, 7.59849309921, 0.259380042553, 0.00199586851522, 3.57037174581e-06, 1.5853732549e-08, 1.15409615198e-09, 1.94771448969e-10, 4.5305528773e-10],
        "max": [0.801055133343, 16.6637039185, 36.6120071411, 55.4909133911, 52.9090194702, 73.9089584351, 181.400634766, 178.587600708, 1037.90966797, 1664.21191406, 1264.24194336, 1833.27478027, 1527.46862793, 2397.02685547, 1159.9251709, 627.236022949, 726.962890625, 1203.02087402, 1154.38806152, 1567.96435547, 577.184753418, 191.149642944, 332.527709961, 265.818023682, 250.533843994, 295.130218506, 177.440444946, 183.001876831, 165.551330566, 308.637390137, 407.802642822, 204.136779785, 100.013580322, 7.28615665436, 0.711921095848, 0.0317693501711, 0.00281311152503, 0.0008403021493, 0.00026658969, 0.000157153990585],
        "mean": [0.0518423169851, 0.807551920414, 2.63638353348, 3.552110672, 5.54393386841, 5.75323963165, 7.29787969589, 13.2938585281, 16.9124393463, 16.4377784729, 44.4055137634, 70.3159179688, 62.6413078308, 84.4653701782, 46.6879920959, 33.3606910706, 52.2507972717, 51.503288269, 74.4527359009, 70.1140670776, 37.3620834351, 24.3335571289, 20.6950778961, 25.6142864227, 20.4454879761, 20.0093860626, 12.3669109344, 6.0580329895, 6.68710565567, 8.49712276459, 8.38473796844, 3.7293009758, 1.59150505066, 0.463890433311, 0.0373617857695, 0.00172084313817, 0.00011993967928, 2.3089491151e-05, 2.01243219635e-05, 3.44763284374e-05],
        "median": [0.0121909817681, 0.312252998352, 1.36833059788, 2.26225137711, 4.36858606339, 3.90094327927, 4.28404140472, 8.16441917419, 9.8640832901, 8.58930301666, 21.5145797729, 21.0921993256, 29.507566452, 32.0232582092, 21.3075580597, 21.1821079254, 34.7147941589, 35.3535690308, 41.8154678345, 45.1302146912, 28.0491199493, 20.64012146, 16.7970619202, 18.3930969238, 12.8239049911, 8.68604373932, 6.1820731163, 3.25769209862, 3.01946854591, 2.65961098671, 2.14397907257, 1.21428692341, 0.676893115044, 0.227525487542, 0.0159068368375, 0.00075363565702, 6.22663355898e-05, 1.30858561533e-05, 1.69387039932e-05, 3.11622643494e-05],
        "min": [6.76775016473e-07, 9.3542448667e-06, 5.34983009857e-05, 7.1833790571e-05, 4.85677010147e-05, 4.17173177993e-05, 3.40862898156e-05, 5.81492604397e-05, 0.00043471888057, 0.000208712226595, 0.000154693610966, 0.000167701626197, 0.000454113032902, 0.000693814188708, 0.000270794902463, 0.00134883029386, 0.000815694511402, 0.000468013808131, 0.00163502665237, 0.000426530721597, 0.00038008694537, 0.000300061365124, 0.000264380214503, 0.000590710551478, 0.000291963893687, 0.000252454017755, 0.000160046474775, 6.60956866341e-05, 7.51247716835e-05, 6.01999890932e-05, 5.09147466801e-05, 7.68095633248e-05, 2.6403398806e-05, 1.03071060948e-05, 1.52494544636e-06, 8.71300542826e-08, 1.123952309e-08, 2.88245671776e-09, 1.18971243968e-09, 9.21872245208e-10],
        "var": [0.00903981924057, 2.18005132675, 16.7831230164, 19.056022644, 24.9372119904, 41.6611785889, 108.011642456, 281.064910889, 1237.09448242, 2098.69970703, 7124.65625, 20124.4160156, 12811.3095703, 39104.2109375, 8916.11914062, 2284.00512695, 3429.00708008, 5229.85449219, 10384.0058594, 7179.49169922, 2085.89257812, 390.158111572, 420.808990479, 780.997741699, 631.589538574, 1178.2833252, 281.379241943, 96.8169631958, 194.179489136, 512.719360352, 914.543029785, 198.306381226, 19.3415908813, 0.612976610661, 0.00439052237198, 9.10030667001e-06, 4.72629260173e-08, 2.0811421475e-09, 3.35200728285e-10, 5.07572539554e-10]
    },
    "gfcc": {
        "mean": [-4.70802497864, 130.775619507, -172.930358887, 47.3189353943, -69.2776641846, 18.1282691956, -31.1655521393, -4.08753204346, -5.87385702133, -18.5214271545, -0.577753961086, -23.907875061, 2.07693529129],
        "cov": [[4267.87255859, -1352.41259766, 390.968994141, 470.062591553, -674.071594238, 854.360168457, -386.246459961, 420.339019775, -80.7009811401, 30.8775177002, -38.5372467041, -105.051460266, 151.485229492], [-1352.41259766, 907.233459473, -126.212715149, -197.428436279, 429.094177246, -419.896179199, 211.645294189, -198.089996338, 62.214263916, -29.6574554443, 28.807220459, 14.756319046, -32.2908821106], [390.968994141, -126.212715149, 587.209777832, 336.607971191, -116.608154297, 267.532623291, -104.685699463, 134.537521362, 36.9037666321, 69.9476165771, 55.9001426697, -33.0060195923, 78.3168029785], [470.062591553, -197.428436279, 336.607971191, 361.425445557, -71.1558837891, 181.538162231, -60.4635124207, 76.3779983521, 29.1821041107, 60.5749435425, 36.9867706299, -27.2592430115, 50.4738464355], [-674.071594238, 429.094177246, -116.608154297, -71.1558837891, 330.730194092, -193.529678345, 128.729171753, -87.7570648193, 21.8446826935, -4.55519199371, -0.893185555935, 7.34257411957, -14.922706604], [854.360168457, -419.896179199, 267.532623291, 181.538162231, -193.529678345, 391.671905518, -98.5481033325, 169.060195923, -14.7466754913, 14.5661239624, 9.83599376678, -28.845993042, 54.3614425659], [-386.246459961, 211.645294189, -104.685699463, -60.4635124207, 128.729171753, -98.5481033325, 182.594161987, -47.0524101257, 24.3583660126, -13.5311717987, -1.51944899559, 22.1214389801, -25.7520656586], [420.339019775, -198.089996338, 134.537521362, 76.3779983521, -87.7570648193, 169.060195923, -47.0524101257, 169.130126953, 10.5050411224, 26.7583503723, 10.2473688126, -19.1394996643, 31.6610279083], [-80.7009811401, 62.214263916, 36.9037666321, 29.1821041107, 21.8446826935, -14.7466754913, 24.3583660126, 10.5050411224, 83.9958953857, 23.1803913116, 5.94746351242, 1.96034872532, -2.23447370529], [30.8775177002, -29.6574554443, 69.9476165771, 60.5749435425, -4.55519199371, 14.5661239624, -13.5311717987, 26.7583503723, 23.1803913116, 78.9708786011, 29.7265586853, 0.0671870708466, 13.7785758972], [-38.5372467041, 28.807220459, 55.9001426697, 36.9867706299, -0.893185555935, 9.83599376678, -1.51944899559, 10.2473688126, 5.94746351242, 29.7265586853, 73.4932403564, 18.2371902466, -0.346331804991], [-105.051460266, 14.756319046, -33.0060195923, -27.2592430115, 7.34257411957, -28.845993042, 22.1214389801, -19.1394996643, 1.96034872532, 0.0671870708466, 18.2371902466, 72.5756607056, 7.40699768066], [151.485229492, -32.2908821106, 78.3168029785, 50.4738464355, -14.922706604, 54.3614425659, -25.7520656586, 31.6610279083, -2.23447370529, 13.7785758972, -0.346331804991, 7.40699768066, 71.0731811523]],
        "icov": [[0.00061450060457, -0.000230411547818, 0.000872812583111, -0.000868411269039, 0.000723795092199, -0.00101076031569, 0.000477663241327, -0.000499437388498, 0.000217900771531, -8.35288446979e-05, 0.000373906863388, 0.000199424583116, -0.000434773624875], [-0.000230411547818, 0.0148878237233, -0.00964868441224, 0.00949302781373, -0.0114016644657, 0.0105837369338, -0.00546295242384, 0.00511958310381, -0.00653660390526, 0.00871979445219, -0.0107160629705, 0.00770217366517, -0.00635441672057], [0.000872812583111, -0.00964868441224, 0.0118758743629, -0.00997780449688, 0.00789728015661, -0.00909195374697, 0.00487928558141, -0.0041994205676, 0.00298065040261, -0.00551738124341, 0.00513223418966, -0.00365479104221, 0.00157577556092], [-0.000868411269039, 0.00949302781373, -0.00997780449688, 0.0134926438332, -0.0079898647964, 0.00624952465296, -0.00415581325069, 0.00524250231683, -0.00507595017552, 0.00332627003081, -0.00750369159505, 0.00572865456343, -0.00416018767282], [0.000723795092199, -0.0114016644657, 0.00789728015661, -0.0079898647964, 0.0147154163569, -0.00660435995087, 0.00144582579378, -0.00383311090991, 0.00495904311538, -0.00662932824343, 0.00776040507481, -0.00394306331873, 0.00251153111458], [-0.00101076031569, 0.0105837369338, -0.00909195374697, 0.00624952465296, -0.00660435995087, 0.0160802789032, -0.00478052580729, -0.000644392508548, -0.00297997961752, 0.00827564485371, -0.00762685434893, 0.00543246092275, -0.00488911010325], [0.000477663241327, -0.00546295242384, 0.00487928558141, -0.00415581325069, 0.00144582579378, -0.00478052580729, 0.0110998516902, -0.00221541640349, 0.00013610078895, -0.00199504685588, 0.00401571486145, -0.00496993912384, 0.00397198880091], [-0.000499437388498, 0.00511958310381, -0.0041994205676, 0.00524250231683, -0.00383311090991, -0.000644392508548, -0.00221541640349, 0.0138463908806, -0.00440766010433, 0.000266192626441, -0.00450415955856, 0.00437769014388, -0.00365631072782], [0.000217900771531, -0.00653660390526, 0.00298065040261, -0.00507595017552, 0.00495904311538, -0.00297997961752, 0.00013610078895, -0.00440766010433, 0.0179519411176, -0.00758285168558, 0.00678489124402, -0.00446435017511, 0.00475216982886], [-8.35288446979e-05, 0.00871979445219, -0.00551738124341, 0.00332627003081, -0.00662932824343, 0.00827564485371, -0.00199504685588, 0.000266192626441, -0.00758285168558, 0.0240635629743, -0.0127195976675, 0.00550065096468, -0.00624461332336], [0.000373906863388, -0.0107160629705, 0.00513223418966, -0.00750369159505, 0.00776040507481, -0.00762685434893, 0.00401571486145, -0.00450415955856, 0.00678489124402, -0.0127195976675, 0.0273035895079, -0.0119425384328, 0.00898922607303], [0.000199424583116, 0.00770217366517, -0.00365479104221, 0.00572865456343, -0.00394306331873, 0.00543246092275, -0.00496993912384, 0.00437769014388, -0.00446435017511, 0.00550065096468, -0.0119425384328, 0.0222827289253, -0.00928778387606], [-0.000434773624875, -0.00635441672057, 0.00157577556092, -0.00416018767282, 0.00251153111458, -0.00488911010325, 0.00397198880091, -0.00365631072782, 0.00475216982886, -0.00624461332336, 0.00898922607303, -0.00928778387606, 0.0230342689902]]
    },
    "melbands": {
        "dmean": [0.000557407794986, 0.00104976608418, 0.000404509453801, 0.000253478676314, 0.000162178897881, 0.000199476984562, 0.000152177613927, 0.000116098497529, 0.000250209617661, 0.000251123739872, 0.000155614470714, 0.00017609691713, 8.54748068377e-05, 6.02342188358e-05, 5.1166585763e-05, 5.76865422772e-05, 4.72164974781e-05, 6.27448825981e-05, 5.97705075052e-05, 3.64356856153e-05, 2.10191265069e-05, 1.18206289699e-05, 1.03656884676e-05, 1.1649460248e-05, 1.01330406324e-05, 8.19449360279e-06, 6.44246938464e-06, 7.75422722654e-06, 4.91659102408e-06, 2.45919341069e-06, 2.08578489946e-06, 2.13983662434e-06, 2.20470587919e-06, 2.7493779271e-06, 2.76643390862e-06, 2.08160690818e-06, 8.5921851678e-07, 5.61142314837e-07, 3.11649813511e-07, 1.33886203457e-07],
        "dmean2": [0.000938046781812, 0.00173770869151, 0.00069807341788, 0.000428769970313, 0.000275765720289, 0.000341797946021, 0.00025419468875, 0.000195378990611, 0.000382325437386, 0.000384170736652, 0.000235868195887, 0.000261904846411, 0.000132405693876, 9.4596092822e-05, 8.12077341834e-05, 9.54809220275e-05, 7.59539907449e-05, 0.000100339166238, 9.77025483735e-05, 6.12435615039e-05, 3.25224791595e-05, 1.92281841009e-05, 1.66564641404e-05, 1.8931712475e-05, 1.6382906324e-05, 1.26387158161e-05, 1.00175511761e-05, 1.21713401313e-05, 8.02838076197e-06, 3.94997186959e-06, 3.25380119648e-06, 3.32044260176e-06, 3.32379499923e-06, 4.07132847613e-06, 3.94649578084e-06, 3.09392271447e-06, 1.26549230117e-06, 7.96270001047e-07, 4.68980260848e-07, 2.07928891882e-07],
        "dvar": [1.59415935741e-06, 4.29632336818e-06, 4.16075749854e-07, 1.23678361774e-07, 9.40589117704e-08, 1.30130246134e-07, 2.89836833645e-07, 2.46608976795e-07, 4.62987912897e-07, 4.16422466287e-07, 1.45805771012e-07, 2.38928578256e-07, 4.93272480639e-08, 2.42904238945e-08, 6.58249765806e-09, 9.81478542883e-09, 8.32015611962e-09, 1.11982041417e-08, 1.37919142773e-08, 2.86104562264e-09, 1.1857306248e-09, 2.29237850924e-10, 2.3135147964e-10, 3.61294910656e-10, 2.45712311608e-10, 1.98724217637e-10, 1.70932129562e-10, 3.07884023831e-10, 8.89175955088e-11, 2.24601604676e-11, 1.98562086912e-11, 2.29171612243e-11, 4.26749920124e-11, 8.24921936315e-11, 1.13026449311e-10, 8.06819402954e-11, 1.01882972545e-11, 4.50923499928e-12, 4.38440218376e-13, 5.609378115e-14],
        "dvar2": [4.20060359829e-06, 1.04641931102e-05, 1.14098043014e-06, 3.39080713729e-07, 2.5514256663e-07, 3.54013394599e-07, 7.21868104847e-07, 6.79264132941e-07, 1.12648012873e-06, 9.79683363767e-07, 3.27151298052e-07, 4.97593077853e-07, 1.42103672829e-07, 5.39617523998e-08, 1.64796425395e-08, 2.67973039314e-08, 2.12871231753e-08, 2.57526231451e-08, 3.54923450629e-08, 7.89346987773e-09, 2.32147412405e-09, 6.00133776008e-10, 5.59282620216e-10, 8.81411721387e-10, 5.99907845622e-10, 4.14901807355e-10, 4.23127921589e-10, 8.28107082906e-10, 2.30862273742e-10, 5.43657167895e-11, 4.6451030522e-11, 4.90902492267e-11, 8.71766617228e-11, 1.62907839996e-10, 2.33630670365e-10, 1.8258501655e-10, 1.90555054375e-11, 7.00740030238e-12, 8.82681568896e-13, 1.31627253042e-13],
        "max": [0.0124949216843, 0.0194858144969, 0.00875403638929, 0.00497864186764, 0.00481109740213, 0.00448776828125, 0.0152849508449, 0.0152779677883, 0.0127707161009, 0.0110751437023, 0.00752023234963, 0.0101835411042, 0.00504905963317, 0.00323650869541, 0.00136275135446, 0.00213637691922, 0.0020379065536, 0.00173787295353, 0.003322531702, 0.000722312135622, 0.000675510789733, 0.000255522492807, 0.000332486786647, 0.00043500791071, 0.000221632348257, 0.000281496817479, 0.000326252105879, 0.000259733467828, 0.000137049268233, 6.76581694279e-05, 0.000140204065247, 0.000111481080239, 0.000135747221066, 0.000206739074201, 0.000234926817939, 0.000300744984997, 9.415493696e-05, 9.81209086603e-05, 1.51994636326e-05, 3.82416510547e-06],
        "mean": [0.000662266975269, 0.00131771538872, 0.00066973734647, 0.000443008524599, 0.000235780593357, 0.000295190518955, 0.000257892970694, 0.000189776736079, 0.000402654753998, 0.000452567124739, 0.000309074792312, 0.000350853486452, 0.000164596363902, 0.000104855571408, 9.14364209166e-05, 0.000112585243187, 8.83555912878e-05, 0.000110049069917, 0.00010831758118, 6.69640648994e-05, 3.99909222324e-05, 2.52262452705e-05, 1.96822693397e-05, 2.15537529584e-05, 2.04850002774e-05, 1.66828940564e-05, 1.15975726658e-05, 1.3507426047e-05, 8.92666139407e-06, 3.95246752305e-06, 3.3866585909e-06, 3.66691665477e-06, 3.96673431169e-06, 5.09408710059e-06, 5.13126906299e-06, 3.68413384422e-06, 1.75569743988e-06, 1.21751975257e-06, 7.03024340964e-07, 2.85249797116e-07],
        "median": [0.000204711410333, 0.0007344763726, 0.000487130135298, 0.000343439198332, 0.000147466183989, 0.0001815292635, 0.000146176374983, 0.000100772260339, 0.000176785426447, 0.000124501151731, 0.000138349336339, 0.000117603653052, 6.67212152621e-05, 4.70109516755e-05, 5.76379752601e-05, 7.89160258137e-05, 5.65003174415e-05, 5.8534242271e-05, 7.25302743376e-05, 4.59488946944e-05, 2.68115290964e-05, 2.05373089557e-05, 1.46347756527e-05, 1.51417025336e-05, 1.3412671251e-05, 9.33093087951e-06, 7.16469457984e-06, 4.70566374133e-06, 3.89922615796e-06, 1.97147801373e-06, 1.69818883933e-06, 1.69876341261e-06, 1.44276543779e-06, 1.40929284953e-06, 1.22418009596e-06, 9.44877967868e-07, 6.10537938428e-07, 4.75255404808e-07, 3.40719225278e-07, 1.28770622609e-07],
        "min": [7.73315278479e-09, 2.32294112834e-08, 1.18142988725e-08, 3.08500158752e-09, 1.39826017431e-09, 1.2872276578e-09, 6.48561204741e-09, 1.95393279334e-09, 1.15007170454e-09, 1.0703573583e-09, 2.18476348124e-09, 2.71118483219e-09, 7.49047157633e-10, 7.5546685574e-10, 8.88302409408e-09, 5.54068235736e-10, 6.37703945205e-10, 2.29885865899e-09, 1.52527113162e-09, 1.68588337734e-10, 5.0071125024e-10, 3.29871713278e-10, 2.53515486381e-10, 2.47991488456e-10, 4.52142184804e-10, 2.27095550698e-10, 1.6923884516e-10, 1.57210203189e-10, 1.11792568258e-10, 6.15173398333e-11, 3.29341276473e-11, 3.54460315266e-11, 4.79349858418e-11, 2.93081843517e-11, 2.90977485162e-11, 2.64490200574e-11, 4.56665052995e-11, 1.53347994025e-11, 1.0054992429e-11, 2.54682407975e-12],
        "var": [1.46302090798e-06, 4.35510673924e-06, 4.85427563035e-07, 1.80720988396e-07, 9.49636742575e-08, 1.45772773408e-07, 2.81657804635e-07, 2.07513750183e-07, 6.1650769112e-07, 8.09295102044e-07, 3.26145055851e-07, 7.41228689094e-07, 1.54055655344e-07, 5.57917125832e-08, 1.2084448997e-08, 1.7206591707e-08, 1.62427991057e-08, 2.44659013049e-08, 1.94510825224e-08, 5.01822228216e-09, 2.98725355563e-09, 5.01006458542e-10, 4.3877934619e-10, 7.21479875843e-10, 6.0497701293e-10, 5.66401259228e-10, 2.78719214375e-10, 6.86441625763e-10, 1.90427479341e-10, 3.38092123742e-11, 3.712638183e-11, 5.3307316894e-11, 1.00933261749e-10, 2.0097161435e-10, 3.24437532395e-10, 2.42854125698e-10, 4.18451939765e-11, 1.43758433976e-11, 1.74967180501e-12, 2.12709149881e-13]
    },
    "mfcc": {
        "mean": [-614.630432129, 126.748260498, -25.6218261719, 15.3316955566, -2.01875090599, 7.0580163002, -4.3111538887, 4.71029663086, -1.95709645748, 9.31018829346, -2.43859291077, -5.16984033585, -3.48046946526],
        "cov": [[4288.41210938, -1488.86462402, 634.683654785, -332.698272705, 30.8382987976, 79.4192657471, -30.9454689026, 196.138290405, 57.258518219, 206.1381073, -85.4445419312, -21.3156528473, -82.3466415405], [-1488.86462402, 1069.29663086, -490.507446289, 172.191436768, 19.1729202271, -58.6639060974, 33.9869613647, -94.3004379272, -4.67518281937, -103.565063477, 42.5691108704, -32.5471611023, 32.3305892944], [634.683654785, -490.507446289, 804.805786133, 42.4535980225, 118.367683411, 112.611816406, 1.66035056114, 57.9565963745, 35.3449630737, 123.151100159, -23.5073223114, 93.2126159668, -16.9586830139], [-332.698272705, 172.191436768, 42.4535980225, 267.528717041, 46.8945503235, 56.509147644, 13.9736385345, -43.9755554199, 8.52139854431, 7.53080654144, 18.8248691559, 25.4497299194, 28.7566337585], [30.8382987976, 19.1729202271, 118.367683411, 46.8945503235, 154.025848389, 26.1448993683, 20.8312549591, -1.53715360165, 29.269443512, 32.7537689209, -1.90942037106, 16.2209396362, -3.76368689537], [79.4192657471, -58.6639060974, 112.611816406, 56.509147644, 26.1448993683, 119.865844727, 22.1286411285, 17.1796627045, 12.7036857605, 20.4850196838, -10.4277906418, 14.3581190109, 7.98788118362], [-30.9454689026, 33.9869613647, 1.66035056114, 13.9736385345, 20.8312549591, 22.1286411285, 101.504005432, 27.8093109131, 15.128484726, 6.6892824173, 6.67975378036, 4.95973968506, 4.37130069733], [196.138290405, -94.3004379272, 57.9565963745, -43.9755554199, -1.53715360165, 17.1796627045, 27.8093109131, 102.530731201, 24.3165569305, 19.3362846375, 1.72205018997, 7.70584058762, -5.47006225586], [57.258518219, -4.67518281937, 35.3449630737, 8.52139854431, 29.269443512, 12.7036857605, 15.128484726, 24.3165569305, 88.7635803223, 30.2791404724, -7.47556257248, 1.7344250679, 9.63699626923], [206.1381073, -103.565063477, 123.151100159, 7.53080654144, 32.7537689209, 20.4850196838, 6.6892824173, 19.3362846375, 30.2791404724, 102.209945679, 16.0754966736, 1.94017875195, -7.44265890121], [-85.4445419312, 42.5691108704, -23.5073223114, 18.8248691559, -1.90942037106, -10.4277906418, 6.67975378036, 1.72205018997, -7.47556257248, 16.0754966736, 80.2037963867, 5.93610095978, -6.28498792648], [-21.3156528473, -32.5471611023, 93.2126159668, 25.4497299194, 16.2209396362, 14.3581190109, 4.95973968506, 7.70584058762, 1.7344250679, 1.94017875195, 5.93610095978, 83.162651062, 25.882068634], [-82.3466415405, 32.3305892944, -16.9586830139, 28.7566337585, -3.76368689537, 7.98788118362, 4.37130069733, -5.47006225586, 9.63699626923, -7.44265890121, -6.28498792648, 25.882068634, 65.8531494141]],
