{
"lowlevel": {
    "average_loudness": 0.97139197588,
    "barkbands_crest": {
        "dmean": 3.15758228302,
        "dmean2": 4.9982047081,
        "dvar": 8.20753765106,
        "dvar2": 18.5938930511,
        "max": 24.7183246613,
        "mean": 10.1957521439,
        "median": 9.2899980545,
        "min": 3.08308005333,
        "var": 19.0455818176
    },
    "barkbands_flatness_db": {
        "dmean": 0.0247664302588,
        "dmean2": 0.0373870544136,
        "dvar": 0.00058620487107,
        "dvar2": 0.00121942802798,
        "max": 0.308569461107,
        "mean": 0.123419694602,
        "median": 0.117062412202,
        "min": 0.0384208410978,
        "var": 0.00183064222801
    },
    "barkbands_kurtosis": {
        "dmean": 4.36737823486,
        "dmean2": 6.48672962189,
        "dvar": 61.3773498535,
        "dvar2": 122.977729797,
        "max": 103.09160614,
        "mean": 6.92798423767,
        "median": 3.12551593781,
        "min": -1.91501104832,
        "var": 136.126174927
    },
    "barkbands_skewness": {
        "dmean": 0.66041636467,
        "dmean2": 0.952377259731,
        "dvar": 0.573846578598,
        "dvar2": 1.13721215725,
        "max": 8.844414711,
        "mean": 1.99973034859,
        "median": 1.81255805492,
        "min": -3.22811937332,
        "var": 2.10841608047
    },
    "barkbands_spread": {
        "dmean": 6.7538895607,
        "dmean2": 10.197555542,
        "dvar": 65.6532745361,
        "dvar2": 136.061126709,
        "max": 92.3890533447,
        "mean": 24.6050300598,
        "median": 22.7823123932,
        "min": 2.0564892292,
        "var": 208.944564819
    },
    "dissonance": {
        "dmean": 0.0189056247473,
        "dmean2": 0.0311054475605,
        "dvar": 0.000293074816,
        "dvar2": 0.000777804525569,
        "max": 0.5,
        "mean": 0.462764292955,
        "median": 0.466848015785,
        "min": 0.332499057055,
        "var": 0.000566203147173
    },
    "dynamic_complexity": 3.68022227287,
    "erbbands_crest": {
        "dmean": 2.67657923698,
        "dmean2": 4.46215057373,
        "dvar": 5.95164632797,
        "dvar2": 15.8362026215,
        "max": 28.516784668,
        "mean": 8.10756874084,
        "median": 7.32480144501,
        "min": 2.42141246796,
        "var": 12.8257703781
    },
    "erbbands_flatness_db": {
        "dmean": 0.0172749012709,
        "dmean2": 0.0259819291532,
        "dvar": 0.000297980557662,
        "dvar2": 0.000616641424131,
        "max": 0.291454672813,
        "mean": 0.125575631857,
        "median": 0.122982509434,
        "min": 0.0558830536902,
        "var": 0.00104541494511
    },
    "erbbands_kurtosis": {
        "dmean": 1.12535643578,
        "dmean2": 1.84203398228,
        "dvar": 5.33896589279,
        "dvar2": 13.2047777176,
        "max": 32.1106452942,
        "mean": 0.318112969398,
        "median": -0.450255632401,
        "min": -1.72309923172,
        "var": 7.8586139679
    },
    "erbbands_skewness": {
        "dmean": 0.421684861183,
        "dmean2": 0.622809827328,
        "dvar": 0.208911642432,
        "dvar2": 0.362948954105,
        "max": 3.40558671951,
        "mean": 0.414824843407,
        "median": 0.467848181725,
        "min": -5.15449571609,
        "var": 0.833863556385
    },
    "erbbands_spread": {
        "dmean": 10.1481637955,
        "dmean2": 15.89290905,
        "dvar": 116.092857361,
        "dvar2": 281.632568359,
        "max": 125.651512146,
        "mean": 50.475025177,
        "median": 50.0203742981,
        "min": 5.95467805862,
        "var": 328.30947876
    },
    "hfc": {
        "dmean": 9.02935409546,
        "dmean2": 12.9641981125,
        "dvar": 308.929656982,
        "dvar2": 744.718811035,
        "max": 288.741363525,
        "mean": 20.1976947784,
        "median": 12.7835626602,
        "min": 7.65898130339e-06,
        "var": 554.540283203
    },
    "melbands_crest": {
        "dmean": 4.00954341888,
        "dmean2": 6.03263807297,
        "dvar": 11.7632875443,
        "dvar2": 24.3841686249,
        "max": 34.1811256409,
        "mean": 14.2563285828,
        "median": 12.6876468658,
        "min": 3.57833003998,
        "var": 37.3810577393
    },
    "melbands_flatness_db": {
        "dmean": 0.0295851100236,
        "dmean2": 0.0438559725881,
        "dvar": 0.00100013241172,
        "dvar2": 0.00196700543165,
        "max": 0.428416401148,
        "mean": 0.188956156373,
        "median": 0.17870940268,
        "min": 0.0679686516523,
        "var": 0.00383705855347
    },
    "melbands_kurtosis": {
        "dmean": 11.2478427887,
        "dmean2": 16.8288841248,
        "dvar": 353.375335693,
        "dvar2": 711.771911621,
        "max": 301.651275635,
        "mean": 21.8686771393,
        "median": 13.0706596375,
        "min": -1.88570380211,
        "var": 811.556030273
    },
    "melbands_skewness": {
        "dmean": 0.902810156345,
        "dmean2": 1.36071014404,
        "dvar": 0.952938616276,
        "dvar2": 2.07475018501,
        "max": 14.2936620712,
        "mean": 3.28616809845,
        "median": 3.04485201836,
        "min": -0.831709206104,
        "var": 3.19231414795
    },
    "melbands_spread": {
        "dmean": 8.55964756012,
        "dmean2": 12.7624444962,
        "dvar": 238.178405762,
        "dvar2": 448.227294922,
        "max": 232.154312134,
        "mean": 23.9971542358,
        "median": 17.9947166443,
        "min": 1.15279078484,
        "var": 644.49407959
    },
    "pitch_salience": {
        "dmean": 0.0812895670533,
        "dmean2": 0.126641154289,
        "dvar": 0.00549299269915,
        "dvar2": 0.0117634665221,
        "max": 0.858318448067,
        "mean": 0.56769490242,
        "median": 0.580325841904,
        "min": 0.140304833651,
        "var": 0.0144804995507
    },
    "silence_rate_20dB": {
        "dmean": 0,
        "dmean2": 0,
        "dvar": 0,
        "dvar2": 0,
        "max": 1,
        "mean": 1,
        "median": 1,
        "min": 1,
        "var": 0
    },
    "silence_rate_30dB": {
        "dmean": 0.0107816709206,
        "dmean2": 0.0215778835118,
        "dvar": 0.0106655023992,
        "dvar2": 0.0319010391831,
        "max": 1,
        "mean": 0.994612812996,
        "median": 1,
        "min": 0,
        "var": 0.00535822985694
    },
    "silence_rate_60dB": {
        "dmean": 0.0229110512882,
        "dmean2": 0.0458530001342,
        "dvar": 0.0223858896643,
        "dvar2": 0.0504933446646,
        "max": 1,
        "mean": 0.0882154852152,
        "median": 0,
        "min": 0,
        "var": 0.0804335922003
    },
    "spectral_centroid": {
        "dmean": 322.330627441,
        "dmean2": 470.780609131,
        "dvar": 128692.132812,
        "dvar2": 215263.71875,
        "max": 4994.16064453,
        "mean": 1440.68591309,
        "median": 1337.92541504,
        "min": 229.281967163,
        "var": 599336.8125
    },
    "spectral_complexity": {
        "dmean": 4.33557939529,
        "dmean2": 6.17397165298,
        "dvar": 29.1446819305,
        "dvar2": 52.452583313,
        "max": 54,
        "mean": 16.9683494568,
        "median": 15,
        "min": 0,
        "var": 118.360588074
    },
    "spectral_decrease": {
        "dmean": 2.93897306491e-09,
        "dmean2": 4.20296908388e-09,
        "dvar": 1.86414944857e-17,
        "dvar2": 3.63754097121e-17,
        "max": -2.52045326071e-15,
        "mean": -6.2408975765e-09,
        "median": -4.34204361355e-09,
        "min": -3.75663660179e-08,
        "var": 3.80851622597e-17
    },
    "spectral_energy": {
        "dmean": 0.0117116672918,
        "dmean2": 0.0167442522943,
        "dvar": 0.000289766729111,
        "dvar2": 0.000572359247599,
        "max": 0.148687392473,
        "mean": 0.0253865923733,
        "median": 0.0181157290936,
        "min": 1.02074659836e-08,
        "var": 0.000603798602242
    },
    "spectral_energyband_high": {
        "dmean": 0.000760401249863,
        "dmean2": 0.00111255107913,
        "dvar": 5.5230302678e-06,
        "dvar2": 1.35326999953e-05,
        "max": 0.0450775772333,
        "mean": 0.00132365489844,
        "median": 0.000559792388231,
        "min": 3.25487081732e-10,
        "var": 7.34206741981e-06
    },
    "spectral_energyband_low": {
        "dmean": 0.00705967610702,
        "dmean2": 0.0102665023878,
        "dvar": 0.000159332324984,
        "dvar2": 0.000311198993586,
        "max": 0.0966483578086,
        "mean": 0.0105322292075,
        "median": 0.00437471596524,
        "min": 6.75971056907e-10,
        "var": 0.000260546192294
    },
    "spectral_energyband_middle_high": {
        "dmean": 0.00168523716275,
        "dmean2": 0.00247011776082,
        "dvar": 6.6947814048e-06,
        "dvar2": 1.53715427587e-05,
        "max": 0.0317832417786,
        "mean": 0.0038382273633,
        "median": 0.00196389784105,
        "min": 1.54589674395e-09,
        "var": 2.19604589802e-05
    },
    "spectral_energyband_middle_low": {
        "dmean": 0.00529299303889,
        "dmean2": 0.00839478429407,
        "dvar": 6.43925450277e-05,
        "dvar2": 0.00016039374168,
        "max": 0.112112782896,
        "mean": 0.0104863243178,
        "median": 0.00757434545085,
        "min": 7.67485985875e-09,
        "var": 0.000101736732177
    },
    "spectral_entropy": {
        "dmean": 0.173735544086,
        "dmean2": 0.248369768262,
        "dvar": 0.031541030854,
        "dvar2": 0.0648703053594,
        "max": 8.40190887451,
        "mean": 7.72073221207,
        "median": 7.75410985947,
        "min": 6.06603717804,
        "var": 0.103798732162
    },
    "spectral_flux": {
        "dmean": 0.0306639429182,
        "dmean2": 0.0454311855137,
        "dvar": 0.00125661236234,
        "dvar2": 0.00230766320601,
        "max": 0.295100480318,
        "mean": 0.0870527923107,
        "median": 0.0743922293186,
        "min": 0.00010103200475,
        "var": 0.00325165246613
    },
    "spectral_kurtosis": {
        "dmean": 0.850836634636,
        "dmean2": 1.3825237751,
        "dvar": 0.736958384514,
        "dvar2": 1.80700159073,
        "max": 10.8699293137,
        "mean": 2.77003622055,
        "median": 2.59934663773,
        "min": -0.0915491580963,
        "var": 1.70811331272
    },
    "spectral_rms": {
        "dmean": 0.00102550641168,
        "dmean2": 0.00141659623478,
        "dvar": 1.34749666358e-06,
        "dvar2": 2.44686634687e-06,
        "max": 0.0120441215113,
        "mean": 0.00444887392223,
        "median": 0.00420403154567,
        "min": 3.15570969178e-06,
        "var": 4.97493965668e-06
    },
    "spectral_rolloff": {
        "dmean": 546.312438965,
        "dmean2": 885.707702637,
        "dvar": 801895.1875,
        "dvar2": 1464733.375,
        "max": 7493.5546875,
        "mean": 1402.44128418,
        "median": 796.728515625,
        "min": 64.599609375,
        "var": 2206980.75
    },
    "spectral_skewness": {
        "dmean": 0.17792956531,
        "dmean2": 0.275324136019,
        "dvar": 0.034951787442,
        "dvar2": 0.0715113356709,
        "max": 3.01982331276,
        "mean": 1.31918823719,
        "median": 1.3358540535,
        "min": 0.0385508425534,
        "var": 0.127600729465
    },
    "spectral_spread": {
        "dmean": 606159,
        "dmean2": 880128,
        "dvar": 371930497024,
        "dvar2": 714649829376,
        "max": 9767797,
        "mean": 5693019.5,
        "median": 5489705.5,
        "min": 2458043.5,
        "var": 1.68354709504e+12
    },
    "spectral_strongpeak": {
        "dmean": 0.424235582352,
        "dmean2": 0.727041065693,
        "dvar": 0.502782046795,
        "dvar2": 1.38124656677,
        "max": 7.16910552979,
        "mean": 0.637745678425,
        "median": 0.370045930147,
        "min": 5.97331818426e-05,
        "var": 0.630588710308
    },
    "zerocrossingrate": {
        "dmean": 0.0132836187258,
        "dmean2": 0.015144621022,
        "dvar": 0.000221049325773,
        "dvar2": 0.000215045234654,
        "max": 0.27685546875,
        "mean": 0.0681078359485,
        "median": 0.06005859375,
        "min": 0.00927734375,
        "var": 0.00137062044814
    },
    "barkbands": {
        "dmean": [0.00028432070394, 0.00594892865047, 0.0018291764427, 0.000864697038196, 0.00207755924203, 0.0013431517873, 0.000943268823903, 0.0011221524328, 0.000826806470286, 0.000542267982382, 0.000301521504298, 0.000213510429603, 0.000268237257842, 0.000169265142176, 0.000321821804391, 0.000146766673424, 0.000188002886716, 0.000162337644724, 0.000241182482569, 0.000250723824138, 0.000194020321942, 0.000300342711853, 0.000136918170028, 5.98728220211e-05, 4.46023223049e-05, 2.41499001277e-05, 1.1233070154e-06],
        "dmean2": [0.000339915830409, 0.00875595211983, 0.00330042489804, 0.00148201570846, 0.00338056217879, 0.00225766655058, 0.001593398978, 0.0017948980676, 0.00136411329731, 0.00084546796279, 0.000472998071928, 0.000360079779057, 0.000432272820035, 0.000261750625214, 0.0005236081779, 0.000232337071793, 0.000289357092697, 0.000259927444858, 0.000348374829628, 0.000377069838578, 0.000307914451696, 0.000474240689073, 0.000200738300919, 8.23244408821e-05, 5.90888921579e-05, 3.32259915012e-05, 1.83424185707e-06],
        "dvar": [2.81373729649e-07, 0.000134925168823, 1.57488411787e-05, 2.65760877483e-06, 7.86003965914e-06, 6.78546393829e-06, 3.77723972633e-06, 1.17480467452e-05, 4.26479891757e-06, 1.64851473983e-06, 5.613857752e-07, 5.45715749922e-07, 4.99359373407e-07, 1.69845620235e-07, 7.97800794317e-07, 8.63854410227e-08, 1.13264391643e-07, 1.82099867629e-07, 2.22361947522e-07, 2.49205243108e-07, 1.92707446445e-07, 1.74054707713e-06, 3.07579853143e-07, 1.27759731683e-08, 4.12002787442e-09, 1.49081591516e-09, 5.63241857668e-12],
        "dvar2": [5.04110175825e-07, 0.000268994655926, 4.52090025647e-05, 7.29779731046e-06, 1.85190001503e-05, 1.81143186637e-05, 1.00591678347e-05, 2.9769491448e-05, 1.08989988803e-05, 4.08698679166e-06, 1.28432975544e-06, 1.46885963659e-06, 1.28513124764e-06, 4.06027993449e-07, 2.22232915803e-06, 2.14007940258e-07, 2.58028819644e-07, 4.68741319537e-07, 4.53132287248e-07, 5.42750399291e-07, 4.85214911805e-07, 4.54076598544e-06, 7.00158807376e-07, 2.70522662049e-08, 7.29852001058e-09, 2.37284192295e-09, 1.30187432015e-11],
        "max": [0.00364376790822, 0.0790045037866, 0.0424341335893, 0.0172404386103, 0.0361996740103, 0.0319901630282, 0.0218393616378, 0.0497422292829, 0.0228296481073, 0.0182775147259, 0.0143098589033, 0.0161380656064, 0.0109607186168, 0.00830700155348, 0.0117549980059, 0.00354350684211, 0.00436365231872, 0.00735280709341, 0.00767299206927, 0.00626539811492, 0.00583590753376, 0.0262256581336, 0.0130774741992, 0.00233042938635, 0.000635686155874, 0.000386609928682, 3.30243492499e-05],
        "mean": [0.000406900886446, 0.00768949463964, 0.00184116617311, 0.00112414744217, 0.0036254376173, 0.00170593883377, 0.00112605036702, 0.00147364055738, 0.00105762062594, 0.00077976443572, 0.000495792017318, 0.000260182830971, 0.000379521603463, 0.000254452839727, 0.00046041229507, 0.000202992174309, 0.000283469387796, 0.000229338227655, 0.000418767624069, 0.000416024122387, 0.000300619023619, 0.000405491970014, 0.000200028312975, 0.000117380513984, 8.83399625309e-05, 4.24236895924e-05, 1.20578124552e-06],
        "median": [5.34499959031e-05, 0.00210968893953, 0.000687852443662, 0.000495771178976, 0.00243792124093, 0.00087605160661, 0.000349672307493, 0.000255701277638, 0.000255525694229, 0.000246185343713, 0.000144575940794, 5.23611088283e-05, 9.44981584325e-05, 6.11553550698e-05, 7.1167050919e-05, 7.62670242693e-05, 0.000132990040584, 8.06781390565e-05, 0.000146633465192, 0.000135147522087, 0.00011707572412, 9.62937265285e-05, 5.02811271872e-05, 5.53496392968e-05, 4.3787422328e-05, 1.8351163817e-05, 3.10196270448e-07],
        "min": [1.10873303594e-10, 2.67636440787e-10, 1.69751379619e-10, 2.22910703784e-10, 5.65890778681e-10, 1.5051453417e-09, 3.96361748978e-10, 1.7849299816e-10, 1.18305629182e-10, 2.27338620151e-10, 4.91508278522e-10, 1.07846301334e-10, 1.55591386997e-10, 2.23557075629e-10, 2.20060289435e-11, 5.07191441623e-11, 9.20405487936e-11, 5.17689641155e-11, 9.40178421227e-11, 2.21096405073e-11, 5.07690486873e-11, 5.65816178633e-11, 3.85107952472e-11, 4.85662968175e-11, 6.25598323145e-11, 3.77884078195e-11, 1.57015182106e-11],
        "var": [5.63905757645e-07, 0.000196831460926, 1.13446603791e-05, 3.08523090098e-06, 1.52473376147e-05, 6.70928466207e-06, 4.22940001954e-06, 1.46626707647e-05, 6.12488065599e-06, 2.70398345492e-06, 1.14869931167e-06, 5.29592114162e-07, 6.88925410941e-07, 3.43846579653e-07, 1.50554410538e-06, 1.17667852351e-07, 1.74828059585e-07, 2.2761138041e-07, 5.24347854025e-07, 5.04749266383e-07, 3.01715601836e-07, 1.79154949365e-06, 3.91902290175e-07, 2.88827557426e-08, 1.1437718328e-08, 3.84835585621e-09, 7.28469801842e-12]
    },
    "erbbands": {
        "dmean": [0.232762262225, 1.25474357605, 2.12557458878, 2.5471124649, 3.61960959435, 8.15094184875, 11.0018129349, 13.022983551, 9.94322395325, 22.0576763153, 19.2649784088, 20.700214386, 17.2693881989, 12.2420482635, 13.9864425659, 7.54231786728, 12.4630851746, 9.00922107697, 16.4064674377, 9.1351442337, 7.76522874832, 9.43466663361, 8.79031085968, 8.756067276, 14.3602590561, 11.3913669586, 8.65251255035, 7.69609355927, 11.0714321136, 7.93285131454, 3.33720397949, 1.37330341339, 1.03294456005, 0.53865301609, 0.312384903431, 0.1348990798, 0.0451447404921, 0.00582049414515, 0.000122678524349, 1.71040901478e-05],
        "dmean2": [0.321387559175, 1.96264731884, 3.79510498047, 4.42050457001, 5.91660451889, 13.4841156006, 18.3225879669, 22.0472679138, 16.3584156036, 36.0494041443, 32.2448883057, 34.3392791748, 26.4943656921, 20.1481151581, 21.7547416687, 12.5184412003, 20.114812851, 14.0729780197, 26.5212059021, 14.8657426834, 12.0168390274, 14.4635810852, 13.844244957, 13.2511138916, 20.5049667358, 17.2126922607, 13.720202446, 12.1177225113, 17.6132850647, 12.1505174637, 4.81716680527, 1.93733358383, 1.42877233028, 0.727700948715, 0.428815066814, 0.181911915541, 0.0645966008306, 0.00842891260982, 0.000174364322447, 2.36997693719e-05],
        "dvar": [0.207345992327, 6.62293243408, 23.1421508789, 22.2339172363, 36.2845840454, 143.033340454, 270.990783691, 808.516845703, 356.003234863, 2204.61157227, 6141.77783203, 2766.96044922, 1357.27490234, 1357.95910645, 1451.4552002, 416.007446289, 1174.07177734, 426.261993408, 2329.27050781, 300.566955566, 180.330566406, 334.563293457, 467.144256592, 351.216644287, 823.221374512, 539.327209473, 356.316741943, 422.703430176, 2140.53295898, 1323.21154785, 157.957458496, 11.5694160461, 3.06279349327, 0.596321225166, 0.26341548562, 0.0504832565784, 0.00506440503523, 0.000101180434285, 4.48925696617e-08, 4.98057872722e-10],
        "dvar2": [0.402894258499, 15.1735935211, 65.4846420288, 62.3030967712, 95.1992721558, 355.778015137, 620.894104004, 2197.23144531, 888.532531738, 5480.46044922, 17168.5917969, 7211.50146484, 3020.99658203, 3802.24584961, 3338.67529297, 1121.66052246, 3041.29443359, 1047.30432129, 6505.07568359, 771.261352539, 410.14251709, 761.058227539, 1131.85229492, 770.471313477, 1772.46203613, 1219.64758301, 885.054931641, 1075.52233887, 5525.54394531, 3317.15039062, 349.923309326, 26.1083946228, 6.35971689224, 1.11686038971, 0.495510399342, 0.0850293114781, 0.00910123903304, 0.000181586408871, 8.09139990565e-08, 1.01689701104e-09],
        "max": [3.29262733459, 19.1483287811, 44.334400177, 40.9472923279, 74.7386779785, 121.290855408, 317.335144043, 379.779144287, 193.798431396, 493.094390869, 1431.95361328, 551.58416748, 671.681213379, 610.522338867, 688.037597656, 338.451019287, 592.798339844, 339.843841553, 701.163513184, 196.029129028, 152.602615356, 235.163833618, 352.611755371, 408.846710205, 471.123443604, 313.244384766, 277.643615723, 299.894592285, 969.936401367, 826.917663574, 298.513916016, 83.1613388062, 31.9772644043, 10.6540441513, 5.67442131042, 2.28759908676, 0.696370065212, 0.108300022781, 0.00241785659455, 0.000190432692762],
        "mean": [0.296041846275, 1.41439521313, 2.11803507805, 3.31463861465, 5.6740193367, 13.557808876, 15.6962947845, 15.7188911438, 13.4451980591, 28.8376998901, 24.1628189087, 27.2640075684, 26.5882568359, 18.4893131256, 23.2059783936, 10.7856740952, 17.4215908051, 14.1516647339, 24.672082901, 13.9948682785, 12.3100185394, 14.2053937912, 13.2915115356, 15.157702446, 24.7380313873, 19.3509140015, 13.9630060196, 11.3372488022, 14.8427028656, 10.7043848038, 4.98963022232, 2.48511576653, 1.98468291759, 1.07697534561, 0.586400687695, 0.238895609975, 0.0727385431528, 0.0088520552963, 0.000201877133804, 3.88852713513e-05],
        "median": [0.0524757020175, 0.437432557344, 0.939835965633, 1.65538656712, 3.53576898575, 8.4785823822, 9.79056549072, 7.42082214355, 5.46713447571, 7.74159431458, 5.15867567062, 7.19031143188, 8.33653736115, 5.55356550217, 6.67724514008, 3.00779938698, 4.4296875, 3.40398263931, 4.03781080246, 4.33362340927, 5.45105552673, 6.63707637787, 5.18786287308, 5.57190990448, 8.6312713623, 6.62058353424, 5.73197126389, 3.80169272423, 3.58052754402, 2.40399885178, 1.31670773029, 1.00355410576, 0.933136284351, 0.543122828007, 0.278906077147, 0.103835113347, 0.028279658407, 0.00301364762709, 8.79316794453e-05, 2.87792518066e-05],
        "min": [9.85140946597e-09, 5.47374625626e-08, 1.91960538132e-07, 4.98702092955e-07, 2.90721573037e-06, 1.02133844848e-06, 5.1608949434e-06, 1.48772696775e-05, 3.9472665776e-06, 8.76482044987e-06, 6.71230873195e-06, 3.24915276906e-06, 8.93540618563e-06, 5.76175489186e-06, 1.39869835039e-05, 4.29829105997e-06, 8.05732088338e-06, 1.18943162306e-05, 3.09320967062e-06, 1.6453528815e-06, 3.10094515044e-06, 4.22995071858e-06, 3.90113564208e-06, 3.65846335626e-06, 4.38895085608e-06, 9.94785750663e-07, 1.5175386352e-06, 2.15917134483e-06, 1.60099898494e-06, 2.06436880035e-06, 1.27233215608e-06, 8.15946236798e-07, 9.6874623523e-07, 7.59057229516e-07, 4.05794594371e-07, 2.00323057697e-07, 6.41806963131e-08, 1.17767955388e-08, 2.66041566555e-09, 2.69426869703e-10],
        "var": [0.327820211649, 7.37288618088, 16.2049274445, 22.5327205658, 54.1249465942, 254.408676147, 395.295928955, 727.888244629, 477.664276123, 2989.86621094, 5950.80761719, 3828.70947266, 2676.16577148, 2074.15673828, 2908.27270508, 496.428283691, 1543.39697266, 882.651367188, 4502.90283203, 561.10760498, 310.928863525, 500.005004883, 634.40234375, 725.34387207, 1712.86938477, 1046.42126465, 606.40222168, 546.421569824, 2259.54077148, 1409.77966309, 215.884429932, 19.3844032288, 7.74163246155, 1.72598588467, 0.597712635994, 0.12123516202, 0.0119585786015, 0.000225329495152, 9.82364909419e-08, 1.13727760542e-09]
    },
    "gfcc": {
        "mean": [-2.37456393242, 75.2436218262, -97.2133560181, 43.1245307922, -66.7502593994, 12.250875473, -39.8419837952, 14.3412103653, -29.0585193634, 8.93123054504, -17.784576416, 6.34554243088, -6.87191057205],
        "cov": [[7935.73925781, -208.425323486, -1029.52294922, 91.0828018188, -197.481613159, 156.080978394, 202.501312256, 116.25138092, 118.912788391, 100.963813782, 32.3630142212, -174.311599731, -47.0959434509], [-208.425323486, 658.64642334, -27.0567302704, -76.7577514648, 140.260620117, 43.3570251465, 56.7564926147, 21.4794940948, 49.1631584167, -19.7686328888, 61.3042831421, -48.7933158875, 54.6044158936], [-1029.52294922, -27.0567302704, 948.92401123, 180.597366333, 135.37562561, -7.29505205154, -68.7604446411, -14.7214345932, -59.938785553, -50.3690299988, -95.3347396851, 76.6529769897, -95.2421798706], [91.0828018188, -76.7577514648, 180.597366333, 459.022460938, 35.0608177185, 16.245721817, 42.1998443604, 16.0303668976, 71.4736938477, -24.6377716064, 4.63155317307, -1.46318483353, 5.35439634323], [-197.481613159, 140.260620117, 135.37562561, 35.0608177185, 215.190704346, 32.178691864, 9.45935058594, 33.5906944275, -14.0810031891, -16.7949714661, -17.7573413849, 3.42775702477, -9.87876605988], [156.080978394, 43.3570251465, -7.29505205154, 16.245721817, 32.178691864, 188.725509644, 81.2204742432, 19.7252960205, 22.0578517914, 0.0553099028766, 25.3008441925, -13.8755426407, 12.3952140808], [202.501312256, 56.7564926147, -68.7604446411, 42.1998443604, 9.45935058594, 81.2204742432, 147.121780396, 44.019367218, 15.9017543793, 11.256518364, 33.4760398865, -10.6126804352, 7.41881227493], [116.25138092, 21.4794940948, -14.7214345932, 16.0303668976, 33.5906944275, 19.7252960205, 44.019367218, 96.9461898804, 45.990234375, 8.47358131409, 16.25963974, -2.69883823395, 10.8811511993], [118.912788391, 49.1631584167, -59.938785553, 71.4736938477, -14.0810031891, 22.0578517914, 15.9017543793, 45.990234375, 134.503845215, 42.11277771, 14.7612018585, -17.345041275, 29.8485660553], [100.963813782, -19.7686328888, -50.3690299988, -24.6377716064, -16.7949714661, 0.0553099028766, 11.256518364, 8.47358131409, 42.11277771, 81.9541549683, 29.2952842712, -13.1674013138, 4.86691617966], [32.3630142212, 61.3042831421, -95.3347396851, 4.63155317307, -17.7573413849, 25.3008441925, 33.4760398865, 16.25963974, 14.7612018585, 29.2952842712, 100.98764801, 15.4531564713, 27.162525177], [-174.311599731, -48.7933158875, 76.6529769897, -1.46318483353, 3.42775702477, -13.8755426407, -10.6126804352, -2.69883823395, -17.345041275, -13.1674013138, 15.4531564713, 85.9069213867, 15.3143587112], [-47.0959434509, 54.6044158936, -95.2421798706, 5.35439634323, -9.87876605988, 12.3952140808, 7.41881227493, 10.8811511993, 29.8485660553, 4.86691617966, 27.162525177, 15.3143587112, 93.9235610962]],
        "icov": [[0.000177973794052, -0.000145023062942, 0.000318539008731, -0.000295352219837, 0.000268643634627, -0.00030961461016, 0.000187566969544, -0.000480889750179, 0.000400428689318, -0.000512597791385, 0.000498143257573, -0.000224523435463, 0.000415267393691], [-0.000145023062942, 0.00491641508415, -0.00182542065158, 0.00360767566599, -0.00458007631823, 0.00306020257995, -0.00419918401167, 0.00538266263902, -0.00679248059168, 0.00764665240422, -0.00714717339724, 0.00619859667495, -0.00334652955644], [0.000318539008731, -0.00182542065158, 0.00302693597041, -0.00264922063798, 0.00125232117716, -0.00226474413648, 0.00285293580964, -0.00309883989394, 0.00380596728064, -0.00419415067881, 0.00478498078883, -0.004635815043, 0.00338556244969], [-0.000295352219837, 0.00360767566599, -0.00264922063798, 0.00625123269856, -0.00392554141581, 0.00358629273251, -0.00513311615214, 0.00607958901674, -0.00859783869237, 0.00879354495555, -0.00708160642534, 0.00564573565498, -0.00306918215938], [0.000268643634627, -0.00458007631823, 0.00125232117716, -0.00392554141581, 0.0102846762165, -0.00428891507909, 0.00469316542149, -0.00836900714785, 0.00835758913308, -0.00763192540035, 0.00776981282979, -0.00542645342648, 0.00291495071724], [-0.00030961461016, 0.00306020257995, -0.00226474413648, 0.00358629273251, -0.00428891507909, 0.0102923177183, -0.00770248519257, 0.00610816758126, -0.00721005862579, 0.00768872676417, -0.00698489043862, 0.00584821309894, -0.00338460225612], [0.000187566969544, -0.00419918401167, 0.00285293580964, -0.00513311615214, 0.00469316542149, -0.00770248519257, 0.0158344954252, -0.0105222063139, 0.00950754620135, -0.0092256963253, 0.00571515364572, -0.00566582847387, 0.00392695888877], [-0.000480889750179, 0.00538266263902, -0.00309883989394, 0.00607958901674, -0.00836900714785, 0.00610816758126, -0.0105222063139, 0.0235084276646, -0.0157012268901, 0.0124775217846, -0.0109325638041, 0.00714881857857, -0.00409879442304], [0.000400428689318, -0.00679248059168, 0.00380596728064, -0.00859783869237, 0.00835758913308, -0.00721005862579, 0.00950754620135, -0.0157012268901, 0.025349214673, -0.0195263437927, 0.0133329769596, -0.00799908675253, 0.00180218240712], [-0.000512597791385, 0.00764665240422, -0.00419415067881, 0.00879354495555, -0.00763192540035, 0.00768872676417, -0.0092256963253, 0.0124775217846, -0.0195263437927, 0.0320972017944, -0.0183639973402, 0.0130344545469, -0.00426338938996], [0.000498143257573, -0.00714717339724, 0.00478498078883, -0.00708160642534, 0.00776981282979, -0.00698489043862, 0.00571515364572, -0.0109325638041, 0.0133329769596, -0.0183639973402, 0.0264728628099, -0.0140341594815, 0.00356175028719], [-0.000224523435463, 0.00619859667495, -0.004635815043, 0.00564573565498, -0.00542645342648, 0.00584821309894, -0.00566582847387, 0.00714881857857, -0.00799908675253, 0.0130344545469, -0.0140341594815, 0.0240387748927, -0.00845646392554], [0.000415267393691, -0.00334652955644, 0.00338556244969, -0.00306918215938, 0.00291495071724, -0.00338460225612, 0.00392695888877, -0.00409879442304, 0.00180218240712, -0.00426338938996, 0.00356175028719, -0.00845646392554, 0.0173237267882]]
    },
    "melbands": {
        "dmean": [0.00182023865636, 0.00124921044335, 0.000451839034213, 0.000377572985599, 0.000412173074437, 0.000271959695965, 0.000165017088875, 0.000251352292253, 0.000144890451338, 0.000134835790959, 8.52041048347e-05, 5.11468897457e-05, 4.27894810855e-05, 3.00519677694e-05, 2.37003623624e-05, 2.42942769546e-05, 1.71168921952e-05, 2.50159064308e-05, 2.04598527489e-05, 1.17420922834e-05, 9.38007269724e-06, 1.05248263935e-05, 9.91979413811e-06, 7.78694447945e-06, 7.15283613317e-06, 1.11324807222e-05, 1.05239869299e-05, 7.14279485692e-06, 5.75979584028e-06, 5.02973853145e-06, 4.56042789665e-06, 6.57615510136e-06, 5.90710351389e-06, 3.95398092223e-06, 2.14408510146e-06, 1.12463487767e-06, 7.81716153142e-07, 7.77980687872e-07, 6.39115853573e-07, 4.29038436778e-07],
        "dmean2": [0.0025770184584, 0.00204927986488, 0.000778452551458, 0.000612579635344, 0.000683289545123, 0.000459319970105, 0.000273540994385, 0.000404688180424, 0.000243531438173, 0.00022259686375, 0.000130975880893, 8.40175052872e-05, 6.66851119604e-05, 4.82227296743e-05, 3.88103835576e-05, 3.96084105887e-05, 2.67341092695e-05, 4.01465840696e-05, 3.33760799549e-05, 1.86454017239e-05, 1.46778602357e-05, 1.63171025633e-05, 1.57974118338e-05, 1.22620767797e-05, 1.09192978925e-05, 1.60887648235e-05, 1.56707810675e-05, 1.09943657662e-05, 9.35198931984e-06, 7.98722976469e-06, 7.38109292797e-06, 1.05533381429e-05, 9.20366346691e-06, 6.18694912191e-06, 3.12923953061e-06, 1.66621782682e-06, 1.14057115752e-06, 1.11016629489e-06, 8.91040258466e-07, 5.93284312345e-07],
        "dvar": [1.23098616314e-05, 6.75498449709e-06, 6.55598512367e-07, 3.06941927875e-07, 3.631449772e-07, 3.33283225018e-07, 1.00231446254e-07, 2.98340239624e-07, 3.67519731981e-07, 1.17112726628e-07, 3.41239925206e-08, 2.56851233615e-08, 1.14489653313e-08, 8.92734952629e-09, 4.21497547975e-09, 4.26865209846e-09, 1.75641312605e-09, 4.84702766812e-09, 2.76850120606e-09, 5.93438853613e-10, 2.76055706072e-10, 4.18287765536e-10, 4.52695964048e-10, 4.31288726954e-10, 2.46791143077e-10, 5.77084324771e-10, 4.51482046193e-10, 2.28963889515e-10, 1.48982839954e-10, 1.32483482518e-10, 1.7369861105e-10, 7.46355144354e-10, 6.47211839677e-10, 3.46257744699e-10, 6.71277408659e-11, 1.1020700845e-11, 3.15927796077e-12, 1.86312944239e-12, 1.00479889166e-12, 3.59898607227e-13],
        "dvar2": [2.39788241743e-05, 1.77304009412e-05, 1.82705468887e-06, 7.77263949203e-07, 8.18170860839e-07, 9.00935049231e-07, 2.51759530556e-07, 7.08640243374e-07, 1.03019476683e-06, 3.03758639575e-07, 7.59290088581e-08, 7.14855730166e-08, 2.62945754059e-08, 2.3385107184e-08, 1.10981446255e-08, 1.08130739918e-08, 4.31710400761e-09, 1.3363812279e-08, 7.36404803803e-09, 1.54072943293e-09, 6.28000818015e-10, 9.67313562583e-10, 1.04814767976e-09, 1.07231812319e-09, 5.54446100143e-10, 1.15626408448e-09, 9.57462442663e-10, 5.35337441043e-10, 3.76487452325e-10, 3.30947741434e-10, 4.52768378345e-10, 1.96621718906e-09, 1.64453983764e-09, 8.55657045218e-10, 1.44853087858e-10, 2.54645558112e-11, 7.32768967032e-12, 3.9543971396e-12, 2.10361155578e-12, 7.04153911828e-13],
        "max": [0.0255775284022, 0.0224508978426, 0.00687449751422, 0.00675778323784, 0.0110242078081, 0.00773594388738, 0.00277040619403, 0.00543055590242, 0.0114525668323, 0.00378659064882, 0.00339392991737, 0.00267198355868, 0.00197174819186, 0.00214201165363, 0.000926409382373, 0.000945985550061, 0.000795342668425, 0.00103242928162, 0.000679614895489, 0.000307248730678, 0.000190958089661, 0.000263517169515, 0.000355515949195, 0.000334952404955, 0.000350504677044, 0.000520063331351, 0.00034863629844, 0.000219680121518, 0.000140346150147, 0.000163666700246, 0.000195437649381, 0.000552121200599, 0.000535410421435, 0.000455610308563, 0.000197000001208, 7.77861278038e-05, 4.36011650891e-05, 2.50814864557e-05, 1.6189622329e-05, 6.97444011166e-06],
        "mean": [0.00234508188441, 0.00138646748383, 0.000626411405392, 0.000673298432957, 0.000626207329333, 0.000332559953677, 0.000214972445974, 0.000334353157086, 0.000178185175173, 0.00017432300956, 0.000129301974084, 7.24760247977e-05, 7.28617233108e-05, 4.13613051933e-05, 3.15978104481e-05, 3.32020572387e-05, 2.56721996266e-05, 3.68828550563e-05, 2.85765254375e-05, 1.5883726519e-05, 1.42489498103e-05, 1.52067650561e-05, 1.36796561492e-05, 1.09939110189e-05, 1.15535449368e-05, 1.81327723112e-05, 1.73175794771e-05, 1.14358481369e-05, 8.81172763911e-06, 7.61691899243e-06, 6.14316286374e-06, 8.47871615406e-06, 7.83286577644e-06, 5.21003676113e-06, 3.05904814013e-06, 1.79249161647e-06, 1.38428310947e-06, 1.41932787301e-06, 1.18184084386e-06, 8.21525702577e-07],
        "median": [0.000527806289028, 0.000644628074951, 0.000350071844878, 0.000459747650893, 0.000389000371797, 0.000160657713423, 7.65231234254e-05, 8.16630199552e-05, 3.8511450839e-05, 4.1885079554e-05, 3.87873187719e-05, 1.7997193936e-05, 2.09826994251e-05, 1.04489581645e-05, 8.54580957821e-06, 7.78799403633e-06, 5.68335690332e-06, 6.51914933769e-06, 5.13025679538e-06, 5.44456133866e-06, 6.33877925793e-06, 6.93069932822e-06, 5.62547438676e-06, 3.72786143998e-06, 3.98461270379e-06, 5.78080471314e-06, 5.67536108065e-06, 3.58770967068e-06, 3.39665530191e-06, 2.83613917418e-06, 1.86906254385e-06, 2.03697368306e-06, 1.640159212e-06, 1.09454890662e-06, 7.1611424346e-07, 6.15128840309e-07, 5.99399470502e-07, 6.3252690552e-07, 5.93280788053e-07, 4.09331448736e-07],
        "min": [9.7559862966e-11, 9.23030402111e-11, 1.21117102458e-10, 1.67765579207e-10, 1.46472195484e-10, 3.12549680581e-10, 5.41440919877e-11, 7.17656906124e-11, 4.77404851762e-11, 1.83319921743e-11, 4.39740015235e-11, 1.71049979736e-11, 5.76175565592e-11, 2.46637207185e-11, 1.35936244899e-11, 1.21238626777e-11, 2.58063917458e-11, 5.34791481932e-12, 1.81474301732e-12, 2.38977370878e-12, 4.05890642277e-12, 3.78986468944e-12, 5.44647616937e-12, 2.84797684567e-12, 2.82216350983e-12, 3.84203259485e-12, 1.60065743212e-12, 4.91663838548e-13, 7.8937453362e-13, 1.38321298859e-12, 1.11110946832e-12, 9.442229984e-13, 1.05967036361e-12, 9.65614632524e-13, 7.53017169019e-13, 6.09187396708e-13, 4.55572754e-13, 7.01829490791e-13, 6.31829549617e-13, 6.67535579764e-13],
        "var": [1.90755890799e-05, 5.99156419412e-06, 7.25065490315e-07, 5.47514730442e-07, 6.00625583047e-07, 3.07645535713e-07, 1.34022144493e-07, 4.49188831908e-07, 3.67126460787e-07, 1.72161833234e-07, 6.63635333353e-08, 3.8112137446e-08, 2.55407055505e-08, 1.0684004792e-08, 5.40888089873e-09, 5.59582469251e-09, 3.63900864997e-09, 9.54126555541e-09, 4.70226968474e-09, 7.9362155736e-10, 4.46269271537e-10, 5.93680105077e-10, 6.13641415459e-10, 5.67209168523e-10, 4.68571570433e-10, 1.27107491199e-09, 8.99987362413e-10, 3.96668115021e-10, 2.35484021172e-10, 2.13212336675e-10, 1.94664492859e-10, 7.37435612574e-10, 7.29761862051e-10, 3.6507091794e-10, 9.23353615789e-11, 1.56375069144e-11, 5.24462244467e-12, 4.30065835375e-12, 2.51292910092e-12, 1.01240088361e-12]
    },
    "mfcc": {
        "mean": [-648.624267578, 103.023643494, 20.5102043152, 31.4601478577, 0.707835197449, 1.91799795628, 0.96639919281, 0.349616110325, 0.824173033237, -0.581063747406, -1.88643169403, -2.67227864265, 0.512569069862],
        "cov": [[8198.28320312, -327.713592529, -936.671386719, -194.121826172, -419.83392334, 39.4926834106, 54.0451545715, -2.33575296402, 84.9610748291, 244.503707886, 136.814834595, 13.3486394882, 84.9452438354], [-327.713592529, 730.797424316, -52.2388877869, -121.128349304, 105.462875366, -26.0361213684, 72.2935180664, -6.5328412056, 29.854095459, -17.865020752, -4.81151676178, 26.3917045593, 5.52814722061], [-936.671386719, -52.2388877869, 649.39642334, 206.525100708, 136.202316284, 72.9225921631, -20.1761741638, 60.4818115234, 2.7796330452, -46.2346954346, -15.7355670929, 25.1671562195, 14.1770353317], [-194.121826172, -121.128349304, 206.525100708, 370.078979492, 98.0479888916, 24.4854564667, -21.9140129089, 47.555103302, 21.9161491394, -1.95355796814, 1.46352493763, 9.36012935638, 19.8875484467], [-419.83392334, 105.462875366, 136.202316284, 98.0479888916, 216.637298584, 25.2251148224, 2.27666902542, 36.0397224426, 27.5506267548, -10.194190979, -7.77426671982, 8.72095584869, -4.76012706757], [39.4926834106, -26.0361213684, 72.9225921631, 24.4854564667, 25.2251148224, 140.182449341, 44.9617919922, 32.9746208191, 18.1184329987, 18.2331466675, 24.3191490173, -0.889615118504, -11.7999982834], [54.0451545715, 72.2935180664, -20.1761741638, -21.9140129089, 2.27666902542, 44.9617919922, 159.94631958, 45.1657142639, -2.99010396004, 4.20375585556, 20.5252437592, 4.05284357071, -1.37830793858], [-2.33575296402, -6.5328412056, 60.4818115234, 47.555103302, 36.0397224426, 32.9746208191, 45.1657142639, 126.763046265, 30.5091094971, -7.17467260361, 19.6927127838, 0.378869146109, -0.329340845346], [84.9610748291, 29.854095459, 2.7796330452, 21.9161491394, 27.5506267548, 18.1184329987, -2.99010396004, 30.5091094971, 100.133277893, 50.0758666992, 2.64883899689, 5.47177267075, 9.75371074677], [244.503707886, -17.865020752, -46.2346954346, -1.95355796814, -10.194190979, 18.2331466675, 4.20375585556, -7.17467260361, 50.0758666992, 116.094696045, 36.2724914551, 4.73049068451, 24.4889602661], [136.814834595, -4.81151676178, -15.7355670929, 1.46352493763, -7.77426671982, 24.3191490173, 20.5252437592, 19.6927127838, 2.64883899689, 36.2724914551, 82.7519073486, 25.8315067291, 4.75768899918], [13.3486394882, 26.3917045593, 25.1671562195, 9.36012935638, 8.72095584869, -0.889615118504, 4.05284357071, 0.378869146109, 5.47177267075, 4.73049068451, 25.8315067291, 75.0785522461, 31.389837265], [84.9452438354, 5.52814722061, 14.1770353317, 19.8875484467, -4.76012706757, -11.7999982834, -1.37830793858, -0.329340845346, 9.75371074677, 24.4889602661, 4.75768899918, 31.389837265, 81.3362808228]],
