{
"lowlevel": {
    "average_loudness": 0.89053940773,
    "barkbands_crest": {
        "dmean": 2.49814128876,
        "dmean2": 3.73252415657,
        "dvar": 6.43545484543,
        "dvar2": 11.7597846985,
        "max": 25.9879322052,
        "mean": 10.8101530075,
        "median": 9.07863426208,
        "min": 1.94570612907,
        "var": 33.5101585388
    },
    "barkbands_flatness_db": {
        "dmean": 0.0206670854241,
        "dmean2": 0.0293731745332,
        "dvar": 0.000407469284255,
        "dvar2": 0.000712194305379,
        "max": 0.30108037591,
        "mean": 0.144894391298,
        "median": 0.133157894015,
        "min": 0.0273232143372,
        "var": 0.00218599662185
    },
    "barkbands_kurtosis": {
        "dmean": 2.0818426609,
        "dmean2": 3.01554584503,
        "dvar": 13.976518631,
        "dvar2": 25.5552845001,
        "max": 82.4248733521,
        "mean": 2.6357820034,
        "median": 0.264245986938,
        "min": -1.72752928734,
        "var": 41.2767105103
    },
    "barkbands_skewness": {
        "dmean": 0.491519331932,
        "dmean2": 0.697852134705,
        "dvar": 0.2936168015,
        "dvar2": 0.519512474537,
        "max": 8.52256584167,
        "mean": 1.25984323025,
        "median": 0.930595099926,
        "min": -1.72438728809,
        "var": 1.70917904377
    },
    "barkbands_spread": {
        "dmean": 6.65919923782,
        "dmean2": 9.93804073334,
        "dvar": 57.0678749084,
        "dvar2": 116.126037598,
        "max": 85.8568572998,
        "mean": 28.9694442749,
        "median": 26.8363056183,
        "min": 2.63746094704,
        "var": 180.664764404
    },
    "dissonance": {
        "dmean": 0.0147854955867,
        "dmean2": 0.0253315363079,
        "dvar": 0.000240189576289,
        "dvar2": 0.000660113932099,
        "max": 0.499999970198,
        "mean": 0.475179612637,
        "median": 0.481285214424,
        "min": 0.350548386574,
        "var": 0.000468491081847
    },
    "dynamic_complexity": 2.22884917259,
    "erbbands_crest": {
        "dmean": 2.4593744278,
        "dmean2": 4.00369548798,
        "dvar": 5.84398412704,
        "dvar2": 14.5130853653,
        "max": 29.3447380066,
        "mean": 8.06042671204,
        "median": 6.60660648346,
        "min": 2.14992809296,
        "var": 19.2823181152
    },
    "erbbands_flatness_db": {
        "dmean": 0.0133630027995,
        "dmean2": 0.0200292635709,
        "dvar": 0.000157458111062,
        "dvar2": 0.000308872025926,
        "max": 0.332119613886,
        "mean": 0.170629322529,
        "median": 0.161827072501,
        "min": 0.0899250730872,
        "var": 0.00171528547071
    },
    "erbbands_kurtosis": {
        "dmean": 0.750514745712,
        "dmean2": 1.1637737751,
        "dvar": 1.036195755,
        "dvar2": 2.4566848278,
        "max": 22.280090332,
        "mean": 0.463853567839,
        "median": 0.0490639209747,
        "min": -1.58064174652,
        "var": 2.63076400757
    },
    "erbbands_skewness": {
        "dmean": 0.29248636961,
        "dmean2": 0.44433966279,
        "dvar": 0.0743179172277,
        "dvar2": 0.165649443865,
        "max": 3.16924118996,
        "mean": 0.0124355563894,
        "median": -0.00962838344276,
        "min": -2.48312401772,
        "var": 0.329159498215
    },
    "erbbands_spread": {
        "dmean": 7.42668008804,
        "dmean2": 11.1068782806,
        "dvar": 52.4347229004,
        "dvar2": 113.228919983,
        "max": 103.792022705,
        "mean": 38.0485877991,
        "median": 37.0263671875,
        "min": 2.99892449379,
        "var": 303.081481934
    },
    "hfc": {
        "dmean": 9.18667697906,
        "dmean2": 13.7077741623,
        "dvar": 141.47895813,
        "dvar2": 310.062561035,
        "max": 160.579055786,
        "mean": 29.8700942993,
        "median": 26.7588691711,
        "min": 1.08531178565e-16,
        "var": 397.930969238
    },
    "melbands_crest": {
        "dmean": 3.43928933144,
        "dmean2": 5.24029493332,
        "dvar": 11.400428772,
        "dvar2": 25.2433433533,
        "max": 32.4888153076,
        "mean": 15.9559211731,
        "median": 14.5971155167,
        "min": 2.15343260765,
        "var": 52.2682800293
    },
    "melbands_flatness_db": {
        "dmean": 0.0271437112242,
        "dmean2": 0.0370643846691,
        "dvar": 0.000773997104261,
        "dvar2": 0.0013264096342,
        "max": 0.361627012491,
        "mean": 0.167932614684,
        "median": 0.158726736903,
        "min": 0.00436021294445,
        "var": 0.0043875426054
    },
    "melbands_kurtosis": {
        "dmean": 7.26152467728,
        "dmean2": 10.3585557938,
        "dvar": 173.085479736,
        "dvar2": 331.049377441,
        "max": 229.928634644,
        "mean": 14.1552181244,
        "median": 4.70872879028,
        "min": -1.75589716434,
        "var": 582.175537109
    },
    "melbands_skewness": {
        "dmean": 0.742895185947,
        "dmean2": 1.04983413219,
        "dvar": 0.801072835922,
        "dvar2": 1.46964800358,
        "max": 12.45383358,
        "mean": 2.6831202507,
        "median": 2.01050186157,
        "min": -0.75672775507,
        "var": 4.91358804703
    },
    "melbands_spread": {
        "dmean": 8.70634174347,
        "dmean2": 12.8004312515,
        "dvar": 103.975624084,
        "dvar2": 208.689987183,
        "max": 143.901763916,
        "mean": 31.8084831238,
        "median": 30.0400657654,
        "min": 1.54863846302,
        "var": 360.227752686
    },
    "pitch_salience": {
        "dmean": 0.0727941170335,
        "dmean2": 0.107266016304,
        "dvar": 0.00512194260955,
        "dvar2": 0.00923447031528,
        "max": 0.832226753235,
        "mean": 0.50492888689,
        "median": 0.546934843063,
        "min": 0.0809174105525,
        "var": 0.0245777089149
    },
    "silence_rate_20dB": {
        "dmean": 0,
        "dmean2": 0,
        "dvar": 0,
        "dvar2": 0,
        "max": 1,
        "mean": 1,
        "median": 1,
        "min": 1,
        "var": 0
    },
    "silence_rate_30dB": {
        "dmean": 0.0440494604409,
        "dmean2": 0.0881329700351,
        "dvar": 0.0421083718538,
        "dvar2": 0.0958268046379,
        "max": 1,
        "mean": 0.957126319408,
        "median": 1,
        "min": 0,
        "var": 0.0410360172391
    },
    "silence_rate_60dB": {
        "dmean": 0.00309119001031,
        "dmean2": 0.00618476979434,
        "dvar": 0.00308161578141,
        "dvar2": 0.00691953441128,
        "max": 1,
        "mean": 0.0204712245613,
        "median": 0,
        "min": 0,
        "var": 0.0200525093824
    },
    "spectral_centroid": {
        "dmean": 280.261138916,
        "dmean2": 407.114990234,
        "dvar": 95640.3359375,
        "dvar2": 169507.59375,
        "max": 11179.2412109,
        "mean": 1800.23522949,
        "median": 1761.65185547,
        "min": 433.107757568,
        "var": 360320.1875
    },
    "spectral_complexity": {
        "dmean": 4.86785173416,
        "dmean2": 7.19752597809,
        "dvar": 23.3332424164,
        "dvar2": 45.7504196167,
        "max": 64,
        "mean": 26.2835063934,
        "median": 26,
        "min": 0,
        "var": 115.862419128
    },
    "spectral_decrease": {
        "dmean": 2.45987830105e-09,
        "dmean2": 3.33180993906e-09,
        "dvar": 9.56760358025e-18,
        "dvar2": 1.87375450441e-17,
        "max": -6.01889278993e-29,
        "mean": -1.00197157238e-08,
        "median": -6.85242307341e-09,
        "min": -4.08063343116e-08,
        "var": 6.8937675619e-17
    },
    "spectral_energy": {
        "dmean": 0.00963406916708,
        "dmean2": 0.013172599487,
        "dvar": 0.000138105722726,
        "dvar2": 0.000275694968877,
        "max": 0.157396763563,
        "mean": 0.0405260585248,
        "median": 0.0290380865335,
        "min": 1.007126e-20,
        "var": 0.00102545984555
    },
    "spectral_energyband_high": {
        "dmean": 0.000813067425042,
        "dmean2": 0.00120327528566,
        "dvar": 1.32221782678e-06,
        "dvar2": 2.83333383777e-06,
        "max": 0.0192058552057,
        "mean": 0.00173638307024,
        "median": 0.00125695054885,
        "min": 7.19792454984e-21,
        "var": 2.97756901091e-06
    },
    "spectral_energyband_low": {
        "dmean": 0.00828642118722,
        "dmean2": 0.0114399958402,
        "dvar": 0.000183362120879,
        "dvar2": 0.000307120877551,
        "max": 0.147132858634,
        "mean": 0.0228639431298,
        "median": 0.00754865864292,
        "min": 1.24628612941e-22,
        "var": 0.000907280482352
    },
    "spectral_energyband_middle_high": {
        "dmean": 0.00285567855462,
        "dmean2": 0.00432233512402,
        "dvar": 1.38228870128e-05,
        "dvar2": 3.10176910716e-05,
        "max": 0.0504757463932,
        "mean": 0.00883404817432,
        "median": 0.00691364845261,
        "min": 1.64672898954e-21,
        "var": 4.91404025524e-05
    },
    "spectral_energyband_middle_low": {
        "dmean": 0.0043012201786,
        "dmean2": 0.00677536986768,
        "dvar": 6.29156129435e-05,
        "dvar2": 0.000149575920659,
        "max": 0.0779081657529,
        "mean": 0.00798894744366,
        "median": 0.00551051925868,
        "min": 3.10741978846e-22,
        "var": 7.71413979237e-05
    },
    "spectral_entropy": {
        "dmean": 0.124584436417,
        "dmean2": 0.179928347468,
        "dvar": 0.0136957755312,
        "dvar2": 0.0273428503424,
        "max": 9.81076717377,
        "mean": 7.83359718323,
        "median": 7.9301199913,
        "min": 6.40737199783,
        "var": 0.124764308333
    },
    "spectral_flux": {
        "dmean": 0.0276177506894,
        "dmean2": 0.0382640212774,
        "dvar": 0.000759293499868,
        "dvar2": 0.00132030597888,
        "max": 0.320202380419,
        "mean": 0.105049297214,
        "median": 0.0882062390447,
        "min": 1.0035566822e-10,
        "var": 0.00367565453053
    },
    "spectral_kurtosis": {
        "dmean": 1.20263421535,
        "dmean2": 2.05125331879,
        "dvar": 2.19340920448,
        "dvar2": 6.22028923035,
        "max": 20.8386669159,
        "mean": 2.23579263687,
        "median": 1.50391101837,
        "min": -1.21146380901,
        "var": 5.89613819122
    },
    "spectral_rms": {
        "dmean": 0.000709542830009,
        "dmean2": 0.000976151379291,
        "dvar": 5.27631755176e-07,
        "dvar2": 1.00720922092e-06,
        "max": 0.0123918447644,
        "mean": 0.00579936243594,
        "median": 0.00532257836312,
        "min": 3.13458438893e-12,
        "var": 5.90511626797e-06
    },
    "spectral_rolloff": {
        "dmean": 612.856384277,
        "dmean2": 953.512145996,
        "dvar": 768340.9375,
        "dvar2": 1494318.75,
        "max": 18776.953125,
        "mean": 1739.95153809,
        "median": 1485.79101562,
        "min": 64.599609375,
        "var": 1949643.375
    },
    "spectral_skewness": {
        "dmean": 0.181503161788,
        "dmean2": 0.292805701494,
        "dvar": 0.0282347761095,
        "dvar2": 0.0723798945546,
        "max": 3.17163681984,
        "mean": 1.09929931164,
        "median": 1.01985526085,
        "min": 0.00245238444768,
        "var": 0.143966332078
    },
    "spectral_spread": {
        "dmean": 441849.28125,
        "dmean2": 645781.25,
        "dvar": 673349107712,
        "dvar2": 829615833088,
        "max": 40991836,
        "mean": 4307090,
        "median": 4320839.5,
        "min": 1745812.375,
        "var": 1.56346574438e+12
    },
    "spectral_strongpeak": {
        "dmean": 0.580346941948,
        "dmean2": 0.968123197556,
        "dvar": 1.08802199364,
        "dvar2": 2.78228998184,
        "max": 10.086435318,
        "mean": 1.05405640602,
        "median": 0.544935166836,
        "min": 0,
        "var": 2.00400090218
    },
    "zerocrossingrate": {
        "dmean": 0.0128147415817,
        "dmean2": 0.0146718416363,
        "dvar": 0.000229322700761,
        "dvar2": 0.000266567163635,
        "max": 0.49365234375,
        "mean": 0.0683672949672,
        "median": 0.06591796875,
        "min": 0.00537109375,
        "var": 0.00125712656882
    },
    "barkbands": {
        "dmean": [0.00100945529994, 0.00739926192909, 0.00378368748352, 0.00191192817874, 0.00170138722751, 0.000731422274839, 0.000650736270472, 0.00056667876197, 0.000711736327503, 0.000728797342163, 0.00090178946266, 0.000622674357146, 0.000754372333176, 0.000579033163376, 0.000426424347097, 0.000449778308393, 0.000346333283233, 0.000282012042589, 0.000222965842113, 0.000263217691099, 0.000206673532375, 0.000192381601664, 0.000184527307283, 0.000172904547071, 6.01439824095e-05, 6.07798114061e-08, 1.59595625604e-09],
        "dmean2": [0.00166349648498, 0.0102868322283, 0.00603420939296, 0.00340478215367, 0.00298352865502, 0.00124008080456, 0.00102267833427, 0.000909404014237, 0.00113472971134, 0.00111611455213, 0.00146301218774, 0.00100725493394, 0.0011977518443, 0.000926180044189, 0.000662603706587, 0.000705255719367, 0.000544700480532, 0.000443336961325, 0.000348859990481, 0.000401544617489, 0.000316928344546, 0.00030034975498, 0.000281586661004, 0.000265138514806, 9.28456065594e-05, 1.01231016458e-07, 2.93455060252e-09],
        "dvar": [4.46716558145e-06, 0.000177107314812, 0.000114002206828, 3.34706237481e-05, 1.96283417608e-05, 2.7843668704e-06, 1.5335073158e-06, 1.76010269115e-06, 3.08940275318e-06, 1.70105874986e-06, 2.65694893642e-06, 2.36710843637e-06, 2.3544960186e-06, 1.58781176651e-06, 7.03135810909e-07, 7.22611105175e-07, 3.6204946241e-07, 2.19729443529e-07, 1.58817414331e-07, 1.99822466129e-07, 1.00631552868e-07, 9.86600738884e-08, 7.84605234116e-08, 5.81902241947e-08, 1.23669536833e-08, 2.47639501136e-14, 6.4162766434e-18],
        "dvar2": [1.19659389384e-05, 0.00031099258922, 0.000268541305559, 9.39270830713e-05, 5.60696935281e-05, 8.11806057754e-06, 3.2533725971e-06, 3.95256665797e-06, 7.29140492695e-06, 3.35820959663e-06, 6.86174735165e-06, 5.62029435969e-06, 5.50496724827e-06, 3.33772436534e-06, 1.58367924996e-06, 1.58016496243e-06, 8.12205257716e-07, 4.82076359276e-07, 3.58900905439e-07, 4.34871878952e-07, 2.11087865409e-07, 2.41143169433e-07, 1.83455966862e-07, 1.34386354489e-07, 2.81529128898e-08, 6.94072281745e-14, 1.95605301966e-17],
        "max": [0.0186819154769, 0.14617498219, 0.0773717239499, 0.0439997501671, 0.0540202334523, 0.0192514453083, 0.0165487322956, 0.0327551700175, 0.0302908550948, 0.0266346633434, 0.0292976237833, 0.0346224419773, 0.0249528121203, 0.018245190382, 0.0176983717829, 0.0221551414579, 0.00952132791281, 0.00942006800324, 0.00620777718723, 0.00909391697496, 0.00687275454402, 0.00806495454162, 0.00454338174313, 0.00316374166869, 0.00215962878428, 3.95893857785e-06, 4.2799907618e-08],
        "mean": [0.00132397632115, 0.0170519836247, 0.00381993711926, 0.00187486293726, 0.00175753433723, 0.00102494715247, 0.0010086473776, 0.0008271089755, 0.00107676687185, 0.00129273487255, 0.00145392597187, 0.000928894616663, 0.00121864746325, 0.000961830024607, 0.000744167657103, 0.000696709379554, 0.000620036676992, 0.000492457998917, 0.000406868959544, 0.000482528441353, 0.00038854763261, 0.00036819736124, 0.000299629638903, 0.000313472381094, 9.15823547984e-05, 7.85755958077e-08, 1.28245236652e-09],
        "median": [0.000184835167602, 0.0044565028511, 0.00102607440203, 0.000667698739562, 0.000580738822464, 0.000552978541236, 0.000448790116934, 0.000314126897138, 0.000368000502931, 0.000565939757507, 0.000673666829243, 0.000444625038654, 0.000498974754009, 0.000464677752461, 0.000376734446036, 0.000367318629287, 0.000337323290296, 0.000272418372333, 0.000241102126893, 0.000287940987619, 0.000262778252363, 0.000242603258812, 0.000171650914126, 0.000189020312973, 4.41623233201e-05, 3.49567130797e-08, 4.36618990962e-10],
        "min": [3.03669985981e-23, 3.75510854422e-23, 5.66693945375e-23, 2.80594920979e-23, 5.08013422535e-23, 4.37011838988e-23, 6.00069072553e-23, 1.71953217993e-23, 8.958818777e-23, 8.57196959323e-23, 1.56544195983e-22, 8.24116424362e-23, 1.15561369966e-22, 1.11910597427e-22, 1.41338832615e-22, 1.46151389008e-22, 2.08490737079e-22, 1.57103138644e-22, 3.71214995611e-22, 1.87901707266e-22, 5.39714094623e-22, 4.06933986311e-22, 6.11423090764e-22, 6.9188927599e-22, 1.14755043049e-21, 1.47012360635e-21, 2.35796598168e-21],
        "var": [6.49767889627e-06, 0.000709329266101, 0.000105377061118, 2.13309212995e-05, 1.47204173118e-05, 2.5830861432e-06, 2.66065899268e-06, 2.8442027542e-06, 5.54398502572e-06, 4.39840277977e-06, 4.42904593001e-06, 3.52452070729e-06, 5.11106145495e-06, 3.63205367648e-06, 1.6585117919e-06, 1.15525165256e-06, 7.942427942e-07, 4.74070759537e-07, 3.14836995585e-07, 3.73864082803e-07, 2.09152105413e-07, 1.85554526411e-07, 1.34019188636e-07, 1.22941543168e-07, 2.19386979694e-08, 2.48913743621e-14, 5.13168789957e-18]
    },
    "erbbands": {
        "dmean": [0.27013900876, 1.62644541264, 3.95500802994, 5.19210672379, 5.32147455215, 6.38591480255, 5.93495178223, 6.21786832809, 8.13674163818, 10.3721103668, 13.1754388809, 16.0283489227, 19.5722808838, 28.8502731323, 28.5058956146, 24.0779685974, 32.7069206238, 29.7531452179, 22.4111213684, 22.2388534546, 20.2375907898, 17.074098587, 15.78125, 11.8733406067, 10.9215507507, 12.2201080322, 9.46518516541, 7.75118875504, 7.3165845871, 5.76787900925, 5.14990282059, 3.76332974434, 2.82952165604, 1.27601563931, 0.0496079735458, 0.00237050815485, 0.000160138893989, 2.51381861744e-05, 8.53112578625e-06, 1.15467146315e-05],
        "dmean2": [0.339447230101, 2.20762324333, 5.81282901764, 8.61544322968, 9.30277633667, 11.2664613724, 10.6091518402, 10.2509717941, 12.9548807144, 16.5137119293, 20.6073551178, 25.0558643341, 30.1135826111, 45.0589408875, 45.6730690002, 38.5554351807, 51.4833984375, 46.7158889771, 34.8830833435, 35.3285522461, 31.3340473175, 26.8350276947, 24.7206077576, 18.4927768707, 16.77983284, 18.8551654816, 14.5432024002, 12.0654239655, 11.4915046692, 8.94790554047, 7.91224622726, 5.77073287964, 4.33375644684, 1.96455729008, 0.076379224658, 0.00363882980309, 0.000242810361669, 3.75897943741e-05, 1.27742450786e-05, 1.63263539434e-05],
        "dvar": [0.226493820548, 9.6489276886, 108.357574463, 208.150665283, 228.184234619, 293.604858398, 293.679504395, 167.721298218, 205.927337646, 390.183319092, 1347.29309082, 1470.45275879, 1594.39196777, 2753.12329102, 3211.26489258, 4081.64331055, 4333.46630859, 3511.53173828, 1753.41882324, 2176.59277344, 1252.91687012, 941.498474121, 746.697875977, 480.767181396, 399.495574951, 495.263916016, 233.3256073, 159.460327148, 163.861083984, 79.337097168, 58.8020858765, 29.4012870789, 14.6608476639, 5.36753940582, 0.0131873050705, 2.86366030195e-05, 7.88193332824e-08, 1.41335410042e-09, 1.02687726378e-10, 1.7219138615e-10],
        "dvar2": [0.390521109104, 16.9704837799, 233.695785522, 526.257385254, 630.998718262, 855.882324219, 868.097900391, 477.540283203, 466.724822998, 898.874450684, 2959.68408203, 3285.23388672, 3270.92163086, 6459.07324219, 7931.52246094, 9731.40917969, 10560.7763672, 7845.21533203, 3817.56542969, 5459.18896484, 2736.78442383, 2009.53320312, 1582.21484375, 1043.31420898, 897.895263672, 1095.20556641, 497.529052734, 326.986663818, 406.3097229, 189.443389893, 136.764923096, 67.0622558594, 33.3407363892, 12.1215229034, 0.029048319906, 6.28465277259e-05, 1.7131964114e-07, 3.06323588717e-09, 2.32497271435e-10, 3.63930663383e-10],
        "max": [5.43121004105, 29.6770210266, 88.1740493774, 119.005981445, 107.070480347, 241.434890747, 222.731018066, 176.141616821, 224.542816162, 330.711761475, 901.879943848, 926.76550293, 811.549499512, 1108.1583252, 986.499511719, 1585.33300781, 1172.65734863, 1059.8425293, 813.115478516, 1068.61767578, 843.33605957, 498.86138916, 628.063415527, 390.373077393, 299.733306885, 388.723175049, 279.513458252, 375.544799805, 342.948730469, 151.491760254, 112.920082092, 62.8517570496, 49.8089942932, 45.2190628052, 2.69927215576, 0.125578343868, 0.0059214644134, 0.000673318107147, 0.000138794683153, 0.000182110990863],
        "mean": [0.57084941864, 3.48833370209, 4.8835735321, 5.72768974304, 5.5445022583, 6.31498861313, 6.57253885269, 9.03320884705, 12.5473060608, 16.5942268372, 20.0640563965, 25.3019599915, 37.1908531189, 50.5254516602, 48.1124229431, 39.2389717102, 55.9304885864, 53.907535553, 41.1666679382, 40.9972724915, 35.9933128357, 33.4599342346, 29.0988006592, 22.0884475708, 20.3022251129, 22.1431331635, 18.0924968719, 14.9993391037, 13.9121990204, 9.80404758453, 8.36697769165, 6.78795194626, 5.10031604767, 2.02947878838, 0.0724767148495, 0.00357949105091, 0.000286422640784, 4.91376413265e-05, 3.21283259836e-05, 5.11598664161e-05],
        "median": [0.134756922722, 0.758335530758, 1.51527714729, 2.11620950699, 1.95808315277, 1.83391344547, 2.75114631653, 4.77301502228, 6.13717269897, 8.12127304077, 7.19473218918, 9.37008571625, 15.5193681717, 23.6184711456, 23.8126411438, 20.6340007782, 25.7474384308, 26.8917503357, 25.1335487366, 23.5878601074, 21.6939849854, 19.4471797943, 16.9774246216, 13.2299432755, 12.0079727173, 13.7288236618, 11.6452388763, 10.2429351807, 9.00597667694, 6.06516456604, 4.9033446312, 4.10074853897, 3.03662729263, 1.01196324825, 0.0313917510211, 0.00163462921046, 0.000162960990565, 3.12250413117e-05, 2.82965811493e-05, 4.09105086874e-05],
        "min": [7.47372829571e-22, 1.03572875851e-20, 5.14210010016e-20, 1.05831400425e-19, 7.59949117199e-20, 2.17437555502e-19, 3.84885355413e-19, 2.44219931827e-19, 4.5638563264e-19, 9.03018909256e-19, 6.66183916691e-19, 2.24973543113e-18, 1.90191756408e-18, 4.88025601263e-18, 6.3486897835e-18, 3.25830785983e-18, 4.88430547532e-18, 6.43787060688e-18, 5.96499130302e-18, 1.00913710354e-17, 6.57931352855e-18, 1.03623661574e-17, 8.36050470261e-18, 1.9486393307e-17, 1.47365733372e-17, 8.55044853231e-18, 1.31086115814e-17, 2.40798794497e-17, 1.80549423677e-17, 1.83316508262e-17, 1.44976058213e-17, 1.44960308694e-17, 1.20978415406e-17, 1.1372796227e-17, 8.81643673009e-18, 5.67474148429e-18, 2.61883541457e-18, 1.29004431016e-18, 3.08560392166e-19, 3.6041613151e-20],
        "var": [0.847441136837, 33.8695373535, 131.10383606, 170.862686157, 158.094818115, 216.806564331, 207.547042847, 181.13835144, 343.911132812, 636.61114502, 2183.66210938, 2971.15014648, 4593.51025391, 5081.30810547, 6450.81787109, 6036.98925781, 8945.37695312, 9292.5234375, 3582.82275391, 3950.9597168, 2130.2746582, 2309.58666992, 1677.77832031, 996.527587891, 739.452575684, 834.562744141, 451.349182129, 366.6277771, 298.065673828, 131.047164917, 99.3247451782, 60.6945724487, 31.6584472656, 9.91670513153, 0.0224501304328, 4.94971063745e-05, 1.58166457709e-07, 3.13823456111e-09, 4.78435457918e-10, 1.34192690293e-09]
    },
    "gfcc": {
        "mean": [12.0416564941, 108.142707825, -154.33480835, 62.5390281677, -68.783782959, 39.0639839172, -27.7405548096, 4.01733350754, -4.22209358215, -12.5891418457, 6.84510564804, -17.3910236359, 8.99621105194],
        "cov": [[4998.04003906, -749.299133301, -0.893571317196, 507.081207275, -354.193267822, 295.868530273, -248.808761597, 146.238220215, -77.0385284424, 0.845471084118, -9.46075248718, 21.2132301331, -2.7712893486], [-749.299133301, 741.793640137, -107.270675659, -248.760604858, 169.48538208, -150.512512207, 137.936660767, -125.251266479, 56.6947975159, -32.633228302, 29.9634609222, -28.0657329559, 42.0370025635], [-0.893571317196, -107.270675659, 388.134429932, 189.189575195, 64.0329284668, 122.937683105, -34.4390716553, 74.8931732178, 2.93300032616, 30.4116954803, 45.4546661377, 27.3240222931, 4.34871768951], [507.081207275, -248.760604858, 189.189575195, 353.858154297, 48.4616394043, 92.4198684692, -8.02425384521, 67.7341690063, 18.7048797607, 15.3028793335, 36.7417984009, 25.7605495453, 0.243743702769], [-354.193267822, 169.48538208, 64.0329284668, 48.4616394043, 274.170562744, 82.7537231445, 92.3377075195, -2.13166546822, 67.5113296509, 29.9136734009, 54.8790092468, 2.23880171776, 38.5120811462], [295.868530273, -150.512512207, 122.937683105, 92.4198684692, 82.7537231445, 217.836624146, 14.3412380219, 58.8092155457, 29.4411354065, 36.4070091248, 28.2436962128, 9.93692493439, 12.3706293106], [-248.808761597, 137.936660767, -34.4390716553, -8.02425384521, 92.3377075195, 14.3412380219, 167.938613892, 27.4702110291, 54.7901382446, 13.8993625641, 36.5215339661, -1.03869581223, 13.3048686981], [146.238220215, -125.251266479, 74.8931732178, 67.7341690063, -2.13166546822, 58.8092155457, 27.4702110291, 131.194992065, 35.2350730896, 31.5286636353, 33.5962028503, 12.8736133575, -9.44209861755], [-77.0385284424, 56.6947975159, 2.93300032616, 18.7048797607, 67.5113296509, 29.4411354065, 54.7901382446, 35.2350730896, 103.039329529, 40.0552558899, 37.7830886841, 9.58505916595, 16.3328170776], [0.845471084118, -32.633228302, 30.4116954803, 15.3028793335, 29.9136734009, 36.4070091248, 13.8993625641, 31.5286636353, 40.0552558899, 82.1425628662, 42.1303787231, 17.8599872589, 13.2616796494], [-9.46075248718, 29.9634609222, 45.4546661377, 36.7417984009, 54.8790092468, 28.2436962128, 36.5215339661, 33.5962028503, 37.7830886841, 42.1303787231, 89.5936737061, 32.6674461365, 10.3825349808], [21.2132301331, -28.0657329559, 27.3240222931, 25.7605495453, 2.23880171776, 9.93692493439, -1.03869581223, 12.8736133575, 9.58505916595, 17.8599872589, 32.6674461365, 63.3330230713, 34.2464027405], [-2.7712893486, 42.0370025635, 4.34871768951, 0.243743702769, 38.5120811462, 12.3706293106, 13.3048686981, -9.44209861755, 16.3328170776, 13.2616796494, 10.3825349808, 34.2464027405, 64.2665405273]],
        "icov": [[0.000458921538666, -0.000571269774809, 0.0008822598611, -0.00122888828628, 0.00110363832209, -0.00128819176462, 0.000856852275319, -0.00061895523686, 0.000492706429213, -0.000135896218126, -0.000346067827195, 0.00051347783301, -0.000658194476273], [-0.000571269774809, 0.00630371272564, -0.00319768395275, 0.00525799021125, -0.00370677304454, 0.0054196533747, -0.00382772297598, 0.00454621389508, -0.00354158738628, 0.0037338391412, -0.00335844606161, 0.00292397034355, -0.00219901534729], [0.0008822598611, -0.00319768395275, 0.00694727618247, -0.0052850143984, 0.00188681297004, -0.00503638479859, 0.00427042972296, -0.00423412816599, 0.00341876549646, -0.00179618655238, -0.000223193463171, -0.00078446243424, -3.19172213494e-05], [-0.00122888828628, 0.00525799021125, -0.0052850143984, 0.00990368053317, -0.00490004895255, 0.00541995605454, -0.00380002660677, 0.00321989366785, -0.00373908411711, 0.0036921503488, -0.00175389228389, -0.000303085806081, 0.000613891053945], [0.00110363832209, -0.00370677304454, 0.00188681297004, -0.00490004895255, 0.0108881173655, -0.00659304112196, 0.00049146800302, -1.10725277409e-05, -2.57717965724e-05, -0.00109842943493, -0.00278650037944, 0.00397278228775, -0.00442956481129], [-0.00128819176462, 0.0054196533747, -0.00503638479859, 0.00541995605454, -0.00659304112196, 0.0131339747459, -0.00385128357448, 0.00199613557197, -0.00307798571885, 0.00109118537512, -0.000522851420101, 0.00140555331018, -0.000874418590683], [0.000856852275319, -0.00382772297598, 0.00427042972296, -0.00380002660677, 0.00049146800302, -0.00385128357448, 0.0124466586858, -0.00574590684846, 9.33369883569e-05, -0.000119873111544, -0.00147577223834, 0.00100199296139, -0.00100255035795], [-0.00061895523686, 0.00454621389508, -0.00423412816599, 0.00321989366785, -1.10725277409e-05, 0.00199613557197, -0.00574590684846, 0.0160771887749, -0.00592778017744, 0.000894488592166, -0.00333154061809, 0.000251790595939, 0.00217390619218], [0.000492706429213, -0.00354158738628, 0.00341876549646, -0.00373908411711, -2.57717965724e-05, -0.00307798571885, 9.33369883569e-05, -0.00592778017744, 0.0184880234301, -0.00709134619683, -9.56685835263e-05, -2.84441455278e-07, -0.0013813006226], [-0.000135896218126, 0.0037338391412, -0.00179618655238, 0.0036921503488, -0.00109842943493, 0.00109118537512, -0.000119873111544, 0.000894488592166, -0.00709134619683, 0.0216800458729, -0.00959484279156, 0.0029653517995, -0.00443786010146], [-0.000346067827195, -0.00335844606161, -0.000223193463171, -0.00175389228389, -0.00278650037944, -0.000522851420101, -0.00147577223834, -0.00333154061809, -9.56685835263e-05, -0.00959484279156, 0.0259631611407, -0.0158262476325, 0.0100334184244], [0.00051347783301, 0.00292397034355, -0.00078446243424, -0.000303085806081, 0.00397278228775, 0.00140555331018, 0.00100199296139, 0.000251790595939, -2.84441455278e-07, 0.0029653517995, -0.0158262476325, 0.0362060442567, -0.0220064669847], [-0.000658194476273, -0.00219901534729, -3.19172213494e-05, 0.000613891053945, -0.00442956481129, -0.000874418590683, -0.00100255035795, 0.00217390619218, -0.0013813006226, -0.00443786010146, 0.0100334184244, -0.0220064669847, 0.0316924341023]]
    },
    "melbands": {
        "dmean": [0.00213643466122, 0.00179294811096, 0.000837557483464, 0.00040820974391, 0.000218716755626, 0.000139818250318, 0.000126413884573, 0.000114105707326, 0.000114887159725, 0.000102577003418, 0.000100805365946, 0.000117216426588, 0.000101054887637, 6.96170463925e-05, 7.06651117071e-05, 8.32700970932e-05, 5.89713745285e-05, 4.04600796173e-05, 3.54181502189e-05, 3.36350021826e-05, 2.48392534559e-05, 2.05580818147e-05, 1.73648513737e-05, 1.18902526083e-05, 1.03837182905e-05, 8.42252211442e-06, 8.86459383764e-06, 8.79225081007e-06, 6.74015291224e-06, 5.19157765666e-06, 4.62996467832e-06, 4.66956453238e-06, 3.54684243575e-06, 3.34497735821e-06, 3.13928694595e-06, 2.80009726339e-06, 2.30399336942e-06, 2.05359765459e-06, 1.97687131731e-06, 7.78353296482e-07],
        "dmean2": [0.00282823154703, 0.00243348767981, 0.00133797572926, 0.000714297522791, 0.00039177259896, 0.000231601530686, 0.000200412978302, 0.000181495532161, 0.000177368798177, 0.000159765026183, 0.000155639587319, 0.000182308402145, 0.000164226352354, 0.000112346999231, 0.000114004549687, 0.000127519262605, 9.23844636418e-05, 6.36831537122e-05, 5.50722324988e-05, 5.35214821866e-05, 3.88989465137e-05, 3.2733198168e-05, 2.74187186733e-05, 1.89487782336e-05, 1.63570475706e-05, 1.34241881824e-05, 1.37378583531e-05, 1.38349450935e-05, 1.0567571735e-05, 7.98944802227e-06, 7.39457027521e-06, 7.39197685107e-06, 5.70429529034e-06, 5.20583034813e-06, 4.88992282044e-06, 4.39510904471e-06, 3.56636178367e-06, 3.19824266626e-06, 3.0452822557e-06, 1.21859204683e-06],
        "dvar": [1.36326652864e-05, 1.55833222379e-05, 4.88281511934e-06, 1.12101679406e-06, 4.00141459522e-07, 8.48490770977e-08, 4.92196257085e-08, 4.11584260007e-08, 1.05965064279e-07, 5.99422662617e-08, 4.21409218632e-08, 4.33558717816e-08, 3.63954164584e-08, 2.9773550736e-08, 2.83238179577e-08, 2.64035957542e-08, 1.63802553743e-08, 7.08868119759e-09, 6.04269478899e-09, 5.15073095286e-09, 2.09127404283e-09, 1.40525857617e-09, 8.92915574813e-10, 5.05032737852e-10, 4.00273314494e-10, 2.48426307303e-10, 2.46599130005e-10, 2.81154849402e-10, 1.30920482788e-10, 6.63410715251e-11, 6.26607585263e-11, 8.67025964912e-11, 2.54668161559e-11, 3.1221695368e-11, 2.23197259286e-11, 1.8313612779e-11, 1.10862048708e-11, 7.82606444927e-12, 8.1843655117e-12, 3.30776551982e-12],
        "dvar2": [2.27516993618e-05, 2.75898964901e-05, 1.15465882118e-05, 3.14082649311e-06, 1.18545074201e-06, 2.42499396563e-07, 1.06788903054e-07, 9.6556426854e-08, 2.35729032738e-07, 1.34486029424e-07, 8.57593036585e-08, 1.00243269685e-07, 9.40669480087e-08, 7.14197980756e-08, 6.69907009865e-08, 5.23112220208e-08, 3.49326647608e-08, 1.55263553125e-08, 1.36802080775e-08, 1.21467751413e-08, 4.79219597338e-09, 3.00300517786e-09, 1.861767851e-09, 1.12699150012e-09, 8.49575521045e-10, 5.77582814909e-10, 5.6661547676e-10, 6.33322894128e-10, 2.92810359293e-10, 1.47622719604e-10, 1.33934072166e-10, 2.20429619002e-10, 6.44933551008e-11, 7.50671677596e-11, 5.19868557924e-11, 4.38272959591e-11, 2.58063102138e-11, 1.83792737973e-11, 1.80844939718e-11, 7.57026039078e-12],
        "max": [0.0455514788628, 0.0360990799963, 0.0181137695909, 0.010112398304, 0.0090889474377, 0.00387214915827, 0.00343417702243, 0.00300611532293, 0.00690035428852, 0.00585576659068, 0.00428727082908, 0.00416853185743, 0.00263253902085, 0.00430590286851, 0.00269865896553, 0.00315363192931, 0.0019043997163, 0.00169649813324, 0.00173274625558, 0.0016660715919, 0.000865947629791, 0.000670200737659, 0.000542806577869, 0.000367128464859, 0.000386093131965, 0.000239741246332, 0.00024894537637, 0.000300960760796, 0.000235092491494, 0.000138096991577, 0.000234542007092, 0.000275037600659, 5.2363739087e-05, 0.000106666026113, 7.27190854377e-05, 4.68640100735e-05, 3.65116902685e-05, 3.195316458e-05, 5.08205375809e-05, 4.05091232096e-05],
        "mean": [0.00499994587153, 0.00331792538054, 0.00100051634945, 0.000428408704465, 0.000238693304709, 0.000205185002415, 0.00019776452973, 0.000180457849638, 0.000168107653735, 0.000159325820277, 0.000184619260835, 0.000199199668714, 0.000167548700119, 0.000105549370346, 0.000101161385828, 0.000137888535392, 9.64558785199e-05, 6.49600187899e-05, 6.09463204455e-05, 5.37068372068e-05, 4.05771461374e-05, 3.68576329492e-05, 2.98702616419e-05, 2.05925498449e-05, 1.77082802111e-05, 1.46447991938e-05, 1.45943049574e-05, 1.51329250002e-05, 1.20421809697e-05, 9.15249438549e-06, 8.52832818055e-06, 8.48097624839e-06, 6.00639623372e-06, 5.24133474755e-06, 4.80459311802e-06, 4.51074492958e-06, 4.06981325796e-06, 3.6174935758e-06, 3.28848568643e-06, 1.08300343982e-06],
        "median": [0.0013286821777, 0.000955319090281, 0.000390448200051, 0.000136998773087, 9.96508606477e-05, 0.000112770831038, 9.75468065008e-05, 8.40944994707e-05, 5.28880118509e-05, 5.64959736948e-05, 6.94941263646e-05, 8.82948297658e-05, 8.41405708343e-05, 5.08287448611e-05, 4.7933699534e-05, 5.06502910866e-05, 4.48095088359e-05, 3.84235390811e-05, 2.82423352473e-05, 2.66283859673e-05, 2.1505928089e-05, 2.00204667635e-05, 1.61959105753e-05, 1.14358517749e-05, 1.00381967059e-05, 8.51892764331e-06, 7.91615821072e-06, 8.83050688572e-06, 7.22722370483e-06, 5.9546864577e-06, 5.64999481867e-06, 5.10928884978e-06, 4.05421496907e-06, 2.85292276203e-06, 2.76863534054e-06, 2.59312332673e-06, 2.39788664658e-06, 2.15631234823e-06, 1.77188519501e-06, 4.47556800509e-07],
        "min": [9.93270227438e-24, 2.33965337094e-23, 1.61999055547e-23, 1.04615861797e-23, 1.22953675068e-23, 5.96572154712e-24, 9.50666374301e-24, 8.20692941582e-24, 6.44535094965e-24, 1.454528085e-23, 8.59299320967e-24, 1.79711175902e-23, 2.23412303003e-23, 1.04789655743e-23, 9.13601665784e-24, 1.09286162903e-23, 1.23187785319e-23, 8.51995336732e-24, 1.28843223812e-23, 1.16177068013e-23, 7.10800042092e-24, 1.06673037488e-23, 9.88133322995e-24, 7.43422280422e-24, 1.7481615199e-23, 1.12235421949e-23, 8.00180112578e-24, 5.07581110981e-24, 7.45095375516e-24, 8.17275280597e-24, 1.77387633437e-23, 9.76596626686e-24, 8.80759887463e-24, 1.15021236904e-23, 8.09562903071e-24, 9.20941937621e-24, 8.50457767942e-24, 7.42810992107e-24, 1.03341882989e-23, 8.96095580119e-24],
        "var": [6.01336396358e-05, 3.44076906913e-05, 4.57669830212e-06, 8.48384161145e-07, 2.78503421214e-07, 9.0487965565e-08, 8.58322408703e-08, 6.90822758997e-08, 1.6838208694e-07, 1.28970782498e-07, 1.21159317246e-07, 8.10962248465e-08, 6.44835296271e-08, 4.20794279421e-08, 3.73985145075e-08, 7.70823760377e-08, 4.13422256429e-08, 1.24516299493e-08, 1.46195162642e-08, 8.24564505564e-09, 3.36075967056e-09, 3.25407900625e-09, 1.97816230063e-09, 9.34763377813e-10, 7.70160990538e-10, 4.39123293283e-10, 4.29367347232e-10, 4.52347465041e-10, 2.31657068528e-10, 1.19597262649e-10, 1.42694356331e-10, 1.44766656995e-10, 4.1274431789e-11, 4.71729842688e-11, 3.4715626207e-11, 3.09677561372e-11, 2.23829565993e-11, 1.60489156686e-11, 1.61331035337e-11, 5.28963851887e-12]
    },
    "mfcc": {
        "mean": [-599.700561523, 99.2449493408, -4.16774368286, 15.3516550064, 6.05804824829, 16.1301498413, 7.40739679337, 8.75431919098, 6.0125412941, 4.70384788513, -0.447977304459, 6.24370384216, 0.135991156101],
        "cov": [[4076.80883789, -1102.95947266, 337.610931396, 40.1897621155, 63.5299949646, 30.6459922791, -61.1124649048, 113.207244873, -128.518676758, 169.797485352, -49.6000595093, -64.1818695068, -91.2027282715], [-1102.95947266, 946.271057129, -279.537200928, -59.4790725708, -73.6023864746, -1.17575120926, 18.5979633331, -84.726852417, 70.6475753784, -115.426055908, -4.81873416901, 40.5049362183, 45.2784843445], [337.610931396, -279.537200928, 362.918060303, 55.0124778748, 117.957565308, 25.602645874, 21.2236862183, 55.400592804, -40.844367981, 66.3393478394, 16.812461853, -19.1270198822, 10.094540596], [40.1897621155, -59.4790725708, 55.0124778748, 222.508865356, 56.2667312622, 25.2387905121, 29.1522712708, 27.5427455902, 4.1784081459, 9.70004367828, 21.164232254, 10.3550872803, 10.7109355927], [63.5299949646, -73.6023864746, 117.957565308, 56.2667312622, 222.463973999, 97.1055984497, 52.7136077881, 44.9107055664, 8.87840652466, 58.4003257751, 25.4983100891, 14.4095182419, 20.6929073334], [30.6459922791, -1.17575120926, 25.602645874, 25.2387905121, 97.1055984497, 153.387298584, 53.70079422, 27.6507339478, 29.8026161194, 31.9403820038, 9.20634269714, 14.946855545, 8.52708911896], [-61.1124649048, 18.5979633331, 21.2236862183, 29.1522712708, 52.7136077881, 53.70079422, 115.208755493, 46.1062278748, 24.4888305664, 28.195142746, 34.771232605, 24.3068180084, 15.7070055008], [113.207244873, -84.726852417, 55.400592804, 27.5427455902, 44.9107055664, 27.6507339478, 46.1062278748, 104.70488739, 14.0861444473, 54.2000579834, 24.4033737183, 15.8666772842, 11.9431629181], [-128.518676758, 70.6475753784, -40.844367981, 4.1784081459, 8.87840652466, 29.8026161194, 24.4888305664, 14.0861444473, 91.3396835327, 7.3949379921, 16.663187027, 20.928106308, 13.949303627], [169.797485352, -115.426055908, 66.3393478394, 9.70004367828, 58.4003257751, 31.9403820038, 28.195142746, 54.2000579834, 7.3949379921, 124.207687378, 44.6660270691, 12.5609722137, 5.06258773804], [-49.6000595093, -4.81873416901, 16.812461853, 21.164232254, 25.4983100891, 9.20634269714, 34.771232605, 24.4033737183, 16.663187027, 44.6660270691, 82.7632141113, 33.9535484314, 17.8404331207], [-64.1818695068, 40.5049362183, -19.1270198822, 10.3550872803, 14.4095182419, 14.946855545, 24.3068180084, 15.8666772842, 20.928106308, 12.5609722137, 33.9535484314, 75.5757675171, 36.8728027344], [-91.2027282715, 45.2784843445, 10.094540596, 10.7109355927, 20.6929073334, 8.52708911896, 15.7070055008, 11.9431629181, 13.949303627, 5.06258773804, 17.8404331207, 36.8728027344, 74.1407775879]],
