{
"lowlevel": {
    "average_loudness": 0.974971711636,
    "barkbands_crest": {
        "dmean": 2.41300320625,
        "dmean2": 3.90120100975,
        "dvar": 4.6719660759,
        "dvar2": 11.7407493591,
        "max": 24.9706630707,
        "mean": 11.3449306488,
        "median": 11.0865917206,
        "min": 3.61318206787,
        "var": 12.1235198975
    },
    "barkbands_flatness_db": {
        "dmean": 0.0302244499326,
        "dmean2": 0.0446019656956,
        "dvar": 0.000799224246293,
        "dvar2": 0.00162376766093,
        "max": 0.411194056273,
        "mean": 0.211304366589,
        "median": 0.213291019201,
        "min": 0.0750138610601,
        "var": 0.0030217433814
    },
    "barkbands_kurtosis": {
        "dmean": 6.00955057144,
        "dmean2": 9.34579372406,
        "dvar": 80.820274353,
        "dvar2": 193.119613647,
        "max": 194.187438965,
        "mean": 12.1602334976,
        "median": 9.2429151535,
        "min": -1.91527247429,
        "var": 136.250595093
    },
    "barkbands_skewness": {
        "dmean": 0.709003984928,
        "dmean2": 1.06482255459,
        "dvar": 0.540181338787,
        "dvar2": 1.14698243141,
        "max": 9.73337745667,
        "mean": 2.68631505966,
        "median": 2.61870789528,
        "min": -4.35949325562,
        "var": 1.52066707611
    },
    "barkbands_spread": {
        "dmean": 6.12024784088,
        "dmean2": 9.43803119659,
        "dvar": 93.4382781982,
        "dvar2": 208.075942993,
        "max": 91.7328033447,
        "mean": 13.4941282272,
        "median": 8.9590549469,
        "min": 0.581044018269,
        "var": 187.638275146
    },
    "dissonance": {
        "dmean": 0.0238520726562,
        "dmean2": 0.0377396307886,
        "dvar": 0.000501541246194,
        "dvar2": 0.00116713345051,
        "max": 0.5,
        "mean": 0.447160959244,
        "median": 0.456508845091,
        "min": 0.261420220137,
        "var": 0.00141271878965
    },
    "dynamic_complexity": 1.87613070011,
    "erbbands_crest": {
        "dmean": 2.48803257942,
        "dmean2": 3.85390877724,
        "dvar": 5.65603876114,
        "dvar2": 12.489944458,
        "max": 27.6544685364,
        "mean": 9.0114440918,
        "median": 7.89708518982,
        "min": 2.34518885612,
        "var": 20.5338191986
    },
    "erbbands_flatness_db": {
        "dmean": 0.0209224727005,
        "dmean2": 0.0296844225377,
        "dvar": 0.000376622570911,
        "dvar2": 0.00075591012137,
        "max": 0.29872328043,
        "mean": 0.170852541924,
        "median": 0.168640315533,
        "min": 0.0903257578611,
        "var": 0.00137966976035
    },
    "erbbands_kurtosis": {
        "dmean": 1.5488256216,
        "dmean2": 2.40711164474,
        "dvar": 6.65319919586,
        "dvar2": 15.583978653,
        "max": 38.8475570679,
        "mean": 1.24997615814,
        "median": 0.357153654099,
        "min": -1.87186646461,
        "var": 11.1752643585
    },
    "erbbands_skewness": {
        "dmean": 0.458654910326,
        "dmean2": 0.67408645153,
        "dvar": 0.268230766058,
        "dvar2": 0.532359659672,
        "max": 5.02434444427,
        "mean": 0.784552454948,
        "median": 0.813941717148,
        "min": -5.51251411438,
        "var": 0.821630299091
    },
    "erbbands_spread": {
        "dmean": 13.7307987213,
        "dmean2": 21.3046512604,
        "dvar": 255.823059082,
        "dvar2": 643.42565918,
        "max": 168.927185059,
        "mean": 45.5910186768,
        "median": 42.0574569702,
        "min": 5.16869926453,
        "var": 561.25213623
    },
    "hfc": {
        "dmean": 8.16703701019,
        "dmean2": 11.8966932297,
        "dvar": 154.529937744,
        "dvar2": 347.056762695,
        "max": 168.379455566,
        "mean": 18.5806655884,
        "median": 14.5887937546,
        "min": 0.000436352827819,
        "var": 246.993423462
    },
    "melbands_crest": {
        "dmean": 2.66809296608,
        "dmean2": 4.33705234528,
        "dvar": 6.61883878708,
        "dvar2": 17.4132652283,
        "max": 33.4118232727,
        "mean": 14.7689685822,
        "median": 14.5012521744,
        "min": 4.66466569901,
        "var": 13.0385017395
    },
    "melbands_flatness_db": {
        "dmean": 0.0378812402487,
        "dmean2": 0.0532468408346,
        "dvar": 0.00120784260798,
        "dvar2": 0.00242214440368,
        "max": 0.499284625053,
        "mean": 0.267387837172,
        "median": 0.27102330327,
        "min": 0.0437470786273,
        "var": 0.00522743491456
    },
    "melbands_kurtosis": {
        "dmean": 14.5652713776,
        "dmean2": 23.0569877625,
        "dvar": 466.633514404,
        "dvar2": 1148.98217773,
        "max": 392.110687256,
        "mean": 30.3393707275,
        "median": 23.0165309906,
        "min": -1.92177450657,
        "var": 777.1171875
    },
    "melbands_skewness": {
        "dmean": 1.03024160862,
        "dmean2": 1.59436178207,
        "dvar": 1.2060188055,
        "dvar2": 2.815513134,
        "max": 13.1037197113,
        "mean": 3.92631697655,
        "median": 3.69103097916,
        "min": -1.55687344074,
        "var": 3.10387992859
    },
    "melbands_spread": {
        "dmean": 5.51537895203,
        "dmean2": 8.52851104736,
        "dvar": 189.434036255,
        "dvar2": 389.446044922,
        "max": 226.703018188,
        "mean": 11.6289329529,
        "median": 7.58893299103,
        "min": 0.401791632175,
        "var": 344.58581543
    },
    "pitch_salience": {
        "dmean": 0.0701009109616,
        "dmean2": 0.111999295652,
        "dvar": 0.00411348510534,
        "dvar2": 0.0101274382323,
        "max": 0.830506026745,
        "mean": 0.549969673157,
        "median": 0.542209863663,
        "min": 0.178544893861,
        "var": 0.0113485231996
    },
    "silence_rate_20dB": {
        "dmean": 0,
        "dmean2": 0,
        "dvar": 0,
        "dvar2": 0,
        "max": 1,
        "mean": 1,
        "median": 1,
        "min": 1,
        "var": 0
    },
    "silence_rate_30dB": {
        "dmean": 0.0487993806601,
        "dmean2": 0.0976365730166,
        "dvar": 0.0464174933732,
        "dvar2": 0.119098469615,
        "max": 1,
        "mean": 0.962833940983,
        "median": 1,
        "min": 0,
        "var": 0.0357844308019
    },
    "silence_rate_60dB": {
        "dmean": 0.0139426803216,
        "dmean2": 0.0278961639851,
        "dvar": 0.013748396188,
        "dvar2": 0.0333171002567,
        "max": 1,
        "mean": 0.0263259783387,
        "median": 0,
        "min": 0,
        "var": 0.025632860139
    },
    "spectral_centroid": {
        "dmean": 284.649108887,
        "dmean2": 430.126403809,
        "dvar": 168403.09375,
        "dvar2": 309966.03125,
        "max": 5358.07617188,
        "mean": 826.350585938,
        "median": 625.677001953,
        "min": 190.673736572,
        "var": 438055.84375
    },
    "spectral_complexity": {
        "dmean": 4.90162658691,
        "dmean2": 7.14219284058,
        "dvar": 31.4815406799,
        "dvar2": 66.9800262451,
        "max": 47,
        "mean": 15.0054197311,
        "median": 13,
        "min": 0,
        "var": 60.7564849854
    },
    "spectral_decrease": {
        "dmean": 4.46006342969e-09,
        "dmean2": 6.75861899779e-09,
        "dvar": 2.65469621703e-17,
        "dvar2": 5.96324694455e-17,
        "max": -4.58958337914e-13,
        "mean": -1.44429854743e-08,
        "median": -1.47408876217e-08,
        "min": -5.4846388764e-08,
        "var": 6.45280816526e-17
    },
    "spectral_energy": {
        "dmean": 0.0172835048288,
        "dmean2": 0.0261419303715,
        "dvar": 0.000393376074499,
        "dvar2": 0.000884230306838,
        "max": 0.21523052454,
        "mean": 0.0561965294182,
        "median": 0.0569886192679,
        "min": 1.77178765171e-06,
        "var": 0.000952622154728
    },
    "spectral_energyband_high": {
        "dmean": 0.00072351883864,
        "dmean2": 0.00110581947956,
        "dvar": 3.42369912687e-06,
        "dvar2": 7.31043064661e-06,
        "max": 0.0262513812631,
        "mean": 0.000851279241033,
        "median": 0.000212379949517,
        "min": 1.61057467363e-09,
        "var": 4.84506836074e-06
    },
    "spectral_energyband_low": {
        "dmean": 0.0128986276686,
        "dmean2": 0.0200698599219,
        "dvar": 0.000255785300396,
        "dvar2": 0.000581348198466,
        "max": 0.155145809054,
        "mean": 0.0358167216182,
        "median": 0.0364599488676,
        "min": 9.08352831175e-07,
        "var": 0.000617318379227
    },
    "spectral_energyband_middle_high": {
        "dmean": 0.00110366358422,
        "dmean2": 0.00160597218201,
        "dvar": 2.21351956498e-06,
        "dvar2": 5.09115443492e-06,
        "max": 0.0223467778414,
        "mean": 0.00222642789595,
        "median": 0.00150992767885,
        "min": 5.6228593337e-08,
        "var": 5.02073999087e-06
    },
    "spectral_energyband_middle_low": {
        "dmean": 0.00800167862326,
        "dmean2": 0.0122996624559,
        "dvar": 0.000122104087495,
        "dvar2": 0.000296633224934,
        "max": 0.148244604468,
        "mean": 0.0221293754876,
        "median": 0.0199922155589,
        "min": 1.00813360859e-06,
        "var": 0.000230935489526
    },
    "spectral_entropy": {
        "dmean": 0.285795003176,
        "dmean2": 0.400882214308,
        "dvar": 0.0693225115538,
        "dvar2": 0.14696200192,
        "max": 8.49285507202,
        "mean": 7.32094335556,
        "median": 7.32596111298,
        "min": 5.58825540543,
        "var": 0.26071831584
    },
    "spectral_flux": {
        "dmean": 0.0378963500261,
        "dmean2": 0.0577701851726,
        "dvar": 0.00147908763029,
        "dvar2": 0.00323997344822,
        "max": 0.389356225729,
        "mean": 0.0984617322683,
        "median": 0.086110137403,
        "min": 0.00133108510636,
        "var": 0.00294948508963
    },
    "spectral_kurtosis": {
        "dmean": 2.2925028801,
        "dmean2": 3.74667453766,
        "dvar": 6.71804952621,
        "dvar2": 16.4197273254,
        "max": 26.8898582458,
        "mean": 3.82684588432,
        "median": 2.82715845108,
        "min": -1.18656003475,
        "var": 12.5508022308
    },
    "spectral_rms": {
        "dmean": 0.00116145145148,
        "dmean2": 0.00167912617326,
        "dvar": 1.51052142883e-06,
        "dvar2": 3.03265005641e-06,
        "max": 0.014490720816,
        "mean": 0.00703279161826,
        "median": 0.00745645025745,
        "min": 4.15761132899e-05,
        "var": 5.36553579877e-06
    },
    "spectral_rolloff": {
        "dmean": 320.373901367,
        "dmean2": 542.103393555,
        "dvar": 857544.6875,
        "dvar2": 1868483.25,
        "max": 7902.68554688,
        "mean": 647.355895996,
        "median": 366.064453125,
        "min": 64.599609375,
        "var": 1239655.625
    },
    "spectral_skewness": {
        "dmean": 0.377884447575,
        "dmean2": 0.568467795849,
        "dvar": 0.130984395742,
        "dvar2": 0.291519910097,
        "max": 4.1210193634,
        "mean": 1.51069021225,
        "median": 1.43729913235,
        "min": -0.497362673283,
        "var": 0.390058934689
    },
    "spectral_spread": {
        "dmean": 738837.0625,
        "dmean2": 1143137.75,
        "dvar": 967668334592,
        "dvar2": 2.37128987443e+12,
        "max": 13070529,
        "mean": 4456868.5,
        "median": 4142297.5,
        "min": 2043548.875,
        "var": 1.86930351309e+12
    },
    "spectral_strongpeak": {
        "dmean": 0.313167661428,
        "dmean2": 0.548855602741,
        "dvar": 0.310745626688,
        "dvar2": 0.798236727715,
        "max": 8.72551059723,
        "mean": 0.64487361908,
        "median": 0.527883827686,
        "min": 0,
        "var": 0.376295566559
    },
    "zerocrossingrate": {
        "dmean": 0.0105561036617,
        "dmean2": 0.0120857646689,
        "dvar": 0.000215731211938,
        "dvar2": 0.000225486146519,
        "max": 0.2724609375,
        "mean": 0.0362808294594,
        "median": 0.0263671875,
        "min": 0.00439453125,
        "var": 0.00105052685831
    },
    "barkbands": {
        "dmean": [0.000992897897959, 0.00775768700987, 0.00555554125458, 0.00314308376983, 0.00379210198298, 0.00175656634383, 0.00143382407259, 0.000802706985269, 0.000657204014715, 0.000353211944457, 0.000170166662429, 0.000115762399219, 0.000127697116113, 0.000124910468003, 0.000114281036076, 0.000112407884444, 9.83495192486e-05, 0.000157150410814, 0.000110292450699, 0.000112600246212, 0.000216360931518, 0.00018192519201, 0.000162281896337, 0.000108168373117, 6.46133703412e-05, 4.98219527856e-08, 2.28278396186e-09],
        "dmean2": [0.00157570734154, 0.0124459238723, 0.00874792877585, 0.00491422461346, 0.00641144486144, 0.00266508362256, 0.00217780517414, 0.00120076630265, 0.000989761669189, 0.000547916337382, 0.000272796751233, 0.000179410897545, 0.000204554278753, 0.000189822094399, 0.00017653501709, 0.000181280003744, 0.000154667330207, 0.000247603689786, 0.0001748874638, 0.000184654694749, 0.000351072230842, 0.000287134229438, 0.000254580256296, 0.000169253573404, 0.000109600783617, 8.64610214535e-08, 4.16435685935e-09],
        "dvar": [5.48634170627e-06, 0.000110839537228, 5.63258108741e-05, 1.97827594093e-05, 5.93024087721e-05, 6.17525574853e-06, 7.51020752432e-06, 3.43372039424e-06, 2.65142784883e-06, 7.20882610494e-07, 7.48655750726e-08, 6.48708109452e-08, 4.47125252379e-08, 7.51528048681e-08, 2.70903210975e-08, 3.63617509436e-08, 2.35683330629e-08, 6.27498337735e-08, 4.93288041525e-08, 4.4920781761e-08, 5.65078380532e-07, 5.54400003239e-07, 1.95787819735e-07, 9.70184288462e-08, 3.3547877365e-08, 2.26786668058e-14, 7.07922674919e-18],
        "dvar2": [1.24188782138e-05, 0.00026369036641, 0.000143699115142, 4.96119646414e-05, 0.00016089194105, 1.37725846798e-05, 1.5439112758e-05, 7.72084422351e-06, 5.07572440256e-06, 1.67256030181e-06, 1.76948915964e-07, 1.38886079526e-07, 1.10318211455e-07, 1.42381196611e-07, 5.97806035785e-08, 9.3944997559e-08, 5.94259326192e-08, 1.5771374251e-07, 1.29291905182e-07, 1.19620096939e-07, 1.24168002458e-06, 1.36139180995e-06, 4.33511445408e-07, 2.33644428249e-07, 9.06376982357e-08, 6.17359624793e-14, 2.17164408056e-17],
        "max": [0.036867942661, 0.120872147381, 0.0773289352655, 0.0497691817582, 0.108497709036, 0.0541978776455, 0.0408325307071, 0.0391985476017, 0.0398717485368, 0.0243059229106, 0.00430319085717, 0.00592638086528, 0.00314756832086, 0.0087155746296, 0.00262318388559, 0.00246447813697, 0.00185270875227, 0.00360754458234, 0.00379528757185, 0.00331670790911, 0.011635042727, 0.0156829506159, 0.010681103915, 0.00929176621139, 0.00249370071106, 2.75492629953e-06, 2.21650431342e-08],
        "mean": [0.000981090706773, 0.0202571284026, 0.00980969518423, 0.00705112144351, 0.00584445567802, 0.00348287960514, 0.00264066644013, 0.0016609672457, 0.00130708247889, 0.000554195547011, 0.000301779364236, 0.000198111330974, 0.000196018285351, 0.00020468144794, 0.000174688873813, 0.000138349889312, 0.000120745047752, 0.000229481433053, 0.000129901774926, 0.000122166034998, 0.000232609789236, 0.00019446152146, 0.000183228257811, 0.000121113684145, 5.98361511948e-05, 4.48287167387e-08, 1.88752347086e-09],
        "median": [0.000150280306116, 0.0213110893965, 0.0062293712981, 0.00516726216301, 0.00350894662552, 0.00229321816005, 0.00115295965225, 0.000476161018014, 0.00056472158758, 0.000232296384638, 0.000154751513037, 8.40580396471e-05, 9.3113470939e-05, 8.55288817547e-05, 0.000100798039057, 7.14820271241e-05, 5.99548511673e-05, 0.000125831371406, 5.50288932573e-05, 5.03681221744e-05, 5.57129314984e-05, 4.01746365242e-05, 3.75280505978e-05, 2.31165140576e-05, 8.12718189991e-06, 7.6632558077e-09, 9.0327190172e-10],
        "min": [1.37418920687e-08, 3.65871073882e-07, 3.26379051785e-07, 7.89993706007e-08, 1.66167296811e-07, 3.84294168043e-07, 1.08513617647e-07, 6.53112630644e-09, 6.32555519076e-09, 9.11494169031e-09, 1.09917799307e-08, 1.72616154703e-09, 4.42931202826e-09, 1.44327261253e-08, 6.20937523621e-09, 2.85013768142e-09, 3.36307359738e-09, 1.40967115758e-09, 1.7230227245e-09, 5.75864078645e-10, 7.22186366264e-10, 2.72001948742e-10, 1.5951896748e-10, 1.35329386586e-10, 3.71002950583e-11, 5.84965366077e-12, 7.55619351811e-12],
        "var": [5.8943910517e-06, 0.000251309742453, 0.000114647191367, 4.79559494124e-05, 5.69761577935e-05, 1.50571904669e-05, 1.91267663467e-05, 1.25919468701e-05, 7.11958955435e-06, 1.27066823552e-06, 1.71097994439e-07, 1.4848507135e-07, 8.07592286378e-08, 1.71717459807e-07, 4.46265815413e-08, 3.61594345577e-08, 2.74280900214e-08, 8.43059382305e-08, 4.71596592888e-08, 4.02591808779e-08, 6.69437156375e-07, 6.12534051925e-07, 2.43055751525e-07, 1.00512920653e-07, 2.55922660841e-08, 1.63444138188e-14, 6.58390396736e-18]
    },
    "erbbands": {
        "dmean": [0.177488148212, 1.99089705944, 5.64543104172, 9.66991615295, 9.69676589966, 14.9640188217, 14.8632135391, 13.1970176697, 17.2628555298, 20.825963974, 17.5322322845, 14.4240112305, 12.6802186966, 9.43262958527, 6.45892858505, 4.76210021973, 4.81047916412, 6.84272575378, 5.68713903427, 6.72936964035, 5.9071354866, 5.27019071579, 8.05616378784, 6.69452667236, 5.30093717575, 5.25717306137, 7.06187295914, 9.37211799622, 7.13334131241, 4.90819835663, 4.68257236481, 2.21711134911, 2.15728998184, 1.24014770985, 0.0809767171741, 0.00349690718576, 0.000187897938304, 2.57209194388e-05, 1.21737566587e-05, 2.00367976504e-05],
        "dmean2": [0.303755432367, 3.1702466011, 8.87112998962, 14.8803377151, 16.1875762939, 25.3163948059, 22.8560714722, 20.438873291, 26.0279808044, 31.9564361572, 26.0120220184, 21.5029163361, 19.6858272552, 14.4557704926, 10.1491479874, 7.22918176651, 7.58425664902, 10.3649950027, 8.55939483643, 10.6175374985, 9.4066991806, 8.1928653717, 12.5925951004, 10.3500242233, 8.46351146698, 8.62253952026, 11.2594633102, 15.1925382614, 11.2552642822, 7.68670701981, 7.38773345947, 3.46209788322, 3.4112830162, 2.08372044563, 0.138064876199, 0.00591777544469, 0.000308523653075, 4.13994130213e-05, 1.81056511792e-05, 3.0131859603e-05],
        "dvar": [0.115283191204, 6.57509994507, 54.6649627686, 169.024841309, 306.06918335, 1031.54125977, 421.8359375, 516.008300781, 1290.57165527, 1591.50952148, 1651.63769531, 1903.10327148, 1387.1229248, 376.855133057, 111.031494141, 100.835945129, 70.2331619263, 139.201019287, 131.270370483, 110.197898865, 87.836151123, 67.8717651367, 174.355361938, 114.246429443, 122.624977112, 91.5447235107, 515.459350586, 1263.57702637, 851.849121094, 288.592468262, 182.119857788, 68.634475708, 27.3338718414, 11.2642345428, 0.0453109666705, 8.11800346128e-05, 2.09050270428e-07, 3.3738067895e-09, 2.41268005574e-10, 5.00514629742e-10],
        "dvar2": [0.29674488306, 15.4983215332, 142.178268433, 404.304992676, 830.817871094, 2841.56298828, 991.064697266, 1155.13623047, 2433.83105469, 3836.85083008, 3578.94580078, 3643.29711914, 3199.40795898, 942.062011719, 256.203216553, 209.00553894, 171.657531738, 302.582244873, 255.43572998, 266.993865967, 221.838775635, 167.632614136, 436.307861328, 287.397094727, 323.512329102, 240.860595703, 1098.18835449, 3007.07275391, 2037.37158203, 734.630981445, 429.670318604, 170.604476929, 67.5024337769, 30.0144271851, 0.123068928719, 0.00021938305872, 5.51527250536e-07, 8.58162074735e-09, 5.64985058737e-10, 1.12117326534e-09],
        "max": [6.11473178864, 24.1612606049, 76.1395645142, 149.657226562, 178.988540649, 541.045898438, 306.885620117, 588.469421387, 600.936096191, 680.043334961, 708.744934082, 1228.78857422, 1321.2878418, 525.142150879, 174.265151978, 252.896362305, 179.529220581, 259.451507568, 339.789001465, 130.899169922, 94.7247772217, 111.175628662, 210.771392822, 104.341194153, 189.732223511, 131.516571045, 547.726257324, 583.86895752, 731.764465332, 345.886688232, 391.368011475, 257.477020264, 93.8712387085, 43.9415855408, 2.15743613243, 0.0888038873672, 0.00476598925889, 0.000586522743106, 0.000194623542484, 0.000250763550866],
        "mean": [0.425351470709, 5.1124458313, 10.8716449738, 22.0530414581, 16.1748142242, 20.8907566071, 29.7148265839, 25.3370361328, 31.7672367096, 40.2790565491, 39.1657333374, 29.4697208405, 22.0572605133, 16.6679210663, 12.1059856415, 8.60437679291, 8.22637844086, 11.6470708847, 7.94940233231, 10.2060623169, 7.57980298996, 6.72387838364, 11.7420272827, 8.93557357788, 6.23434972763, 5.70977401733, 7.40983867645, 9.82064247131, 7.58509063721, 5.45847845078, 5.18818807602, 2.46038579941, 2.32350277901, 1.19192349911, 0.0722249373794, 0.00320341833867, 0.000199859889108, 2.91607102554e-05, 3.23654712702e-05, 6.44416795694e-05],
        "median": [0.426183521748, 5.16657924652, 8.21428394318, 16.7587165833, 11.1481132507, 10.5066890717, 17.8091678619, 16.4863739014, 13.9507322311, 21.1039562225, 11.8402719498, 11.1947584152, 10.9657011032, 8.58628845215, 6.76084041595, 3.7383377552, 4.02416801453, 5.51027870178, 3.80319619179, 5.5589261055, 3.85368466377, 3.40861034393, 6.42105293274, 4.49208450317, 2.74873065948, 2.34294843674, 2.02296853065, 2.22235536575, 1.59429085255, 1.25091993809, 1.00926101208, 0.47912299633, 0.391622900963, 0.174871295691, 0.0112633863464, 0.000533633690793, 5.1240393077e-05, 8.42576355353e-06, 2.9585118682e-05, 6.45136678941e-05],
        "min": [9.10002017918e-06, 8.84900000528e-05, 0.000328688067384, 0.000876849691849, 0.000614126562141, 0.000404930615332, 0.00333813624457, 0.00207980675623, 0.00126047502272, 0.00128780899104, 0.000137284907396, 0.000188475416508, 0.000116399511171, 0.000428047118476, 0.000360734178685, 8.47162227728e-05, 0.000206900949706, 0.000895060424227, 0.000172103857039, 0.0004334715195, 9.87806342891e-05, 0.000194681590074, 8.9195847977e-05, 6.31890216027e-05, 9.64657374425e-05, 3.58969882654e-05, 3.61592501577e-05, 1.74231117853e-05, 9.65460185398e-06, 6.87335386829e-06, 4.47545380666e-06, 2.63737297246e-06, 2.18481386582e-06, 8.22159790914e-07, 7.28746698542e-08, 2.51583234245e-08, 1.12553397713e-08, 4.414745014e-09, 1.92906002283e-09, 2.05796668595e-09],
        "var": [0.169635102153, 16.1427879333, 104.194274902, 404.77255249, 328.813262939, 969.363647461, 1249.81298828, 1133.20507812, 3325.18041992, 3670.37133789, 7062.23388672, 4679.45849609, 1864.36328125, 884.886352539, 268.623352051, 255.372940063, 141.469833374, 331.790588379, 237.956863403, 154.235992432, 95.8100357056, 82.8760375977, 229.533447266, 135.437606812, 114.346977234, 85.2232131958, 622.84967041, 1338.31311035, 958.782592773, 320.306304932, 200.232192993, 64.3961410522, 28.1850013733, 9.02492904663, 0.0345043390989, 6.34331881884e-05, 1.80821913887e-07, 3.33567551358e-09, 4.0798794898e-10, 1.18513721059e-09]
    },
    "gfcc": {
        "mean": [-12.0649986267, 144.195098877, -111.146003723, 66.2065658569, -71.747833252, 18.9775180817, -32.9617996216, 1.39193999767, -3.95635342598, -17.0771121979, 4.33754634857, -20.1417980194, 5.94531154633],
        "cov": [[2663.45239258, -399.70211792, -177.698959351, 184.961624146, -172.784606934, 146.180404663, -28.3585243225, 121.842391968, -37.4009590149, 71.533203125, -43.3093948364, 1.70383834839, -25.2245502472], [-399.70211792, 1228.48059082, 6.66329717636, -356.718353271, 353.735992432, -251.750198364, 308.274719238, -68.7424545288, 135.187606812, -122.946350098, 95.4030914307, -90.7477798462, 4.22112560272], [-177.698959351, 6.66329717636, 399.813354492, 92.8491210938, 59.4649925232, 70.1318511963, -10.769867897, 4.30311393738, 20.7685699463, 0.076488301158, 14.7103281021, 26.2600212097, 13.1718730927], [184.961624146, -356.718353271, 92.8491210938, 338.338043213, 25.3577976227, 50.3482933044, -68.2088165283, -10.1296463013, -26.785490036, 42.3966369629, -30.0529747009, 38.4300880432, 45.4168663025], [-172.784606934, 353.735992432, 59.4649925232, 25.3577976227, 276.584411621, -47.9641609192, 102.452507019, -7.71966171265, 48.6114616394, -25.9724998474, 32.5963096619, -16.0401077271, 35.4151039124], [146.180404663, -251.750198364, 70.1318511963, 50.3482933044, -47.9641609192, 177.588790894, 4.28067731857, 52.7134017944, -17.3005809784, 30.9450645447, -12.6910429001, 21.6808166504, -11.474732399], [-28.3585243225, 308.274719238, -10.769867897, -68.2088165283, 102.452507019, 4.28067731857, 251.587341309, 15.6396141052, 45.6588058472, -29.9804725647, 8.17554950714, -27.8084945679, -4.76949214935], [121.842391968, -68.7424545288, 4.30311393738, -10.1296463013, -7.71966171265, 52.7134017944, 15.6396141052, 100.911506653, 11.258313179, 10.4715681076, -1.67058944702, 5.31200885773, -10.0172872543], [-37.4009590149, 135.187606812, 20.7685699463, -26.785490036, 48.6114616394, -17.3005809784, 45.6588058472, 11.258313179, 79.5426864624, 17.4858665466, 18.6454315186, -11.7803869247, -5.59902620316], [71.533203125, -122.946350098, 0.076488301158, 42.3966369629, -25.9724998474, 30.9450645447, -29.9804725647, 10.4715681076, 17.4858665466, 72.4801025391, 15.3149147034, 8.78644943237, 0.0280255135149], [-43.3093948364, 95.4030914307, 14.7103281021, -30.0529747009, 32.5963096619, -12.6910429001, 8.17554950714, -1.67058944702, 18.6454315186, 15.3149147034, 59.4245262146, 13.8315649033, -4.31800746918], [1.70383834839, -90.7477798462, 26.2600212097, 38.4300880432, -16.0401077271, 21.6808166504, -27.8084945679, 5.31200885773, -11.7803869247, 8.78644943237, 13.8315649033, 53.0552215576, 22.2061786652], [-25.2245502472, 4.22112560272, 13.1718730927, 45.4168663025, 35.4151039124, -11.474732399, -4.76949214935, -10.0172872543, -5.59902620316, 0.0280255135149, -4.31800746918, 22.2061786652, 58.8601799011]],
        "icov": [[0.000550313852727, -0.0010235758964, 0.000557588180527, -0.00127465382684, 0.00102937931661, -0.000997983734123, 0.000469835707918, -0.000925517932046, 0.000470962986583, -0.000606276327744, 0.000458123540739, -0.000129176463815, 0.000362070131814], [-0.0010235758964, 0.013790262863, -0.00358392554335, 0.0112558566034, -0.0095095988363, 0.0103748813272, -0.00746624311432, 0.00560725480318, -0.00644994294271, 0.00885406695306, -0.0101348366588, 0.00768855214119, -0.005478982348], [0.000557588180527, -0.00358392554335, 0.00447268690914, -0.00410974398255, 0.00214469223283, -0.00492683425546, 0.00264271954075, -0.0010853454005, -0.000429630599683, 2.85433361569e-05, 0.00107401155401, -0.00215115165338, 0.00129416654818], [-0.00127465382684, 0.0112558566034, -0.00410974398255, 0.0148592675105, -0.0101953325793, 0.00852253008634, -0.00533097237349, 0.00594527786598, -0.003279393306, 0.00238432665356, -0.00260465685278, 0.00219894666225, -0.00485738599673], [0.00102937931661, -0.0095095988363, 0.00214469223283, -0.0101953325793, 0.0142444176599, -0.0068717347458, 0.00330465356819, -0.00494298152626, 0.00157416134607, -0.0015513667604, 1.8972189082e-06, 0.000873240293004, -0.00215257937089], [-0.000997983734123, 0.0103748813272, -0.00492683425546, 0.00852253008634, -0.0068717347458, 0.0183933991939, -0.00786476861686, 0.000278238323517, -0.000502660346683, 0.000698057701811, -0.00334123359062, 0.00102420931216, -0.000194440624909], [0.000469835707918, -0.00746624311432, 0.00264271954075, -0.00533097237349, 0.00330465356819, -0.00786476861686, 0.0101855229586, -0.00293144257739, 0.000260254688328, -0.00168457126711, 0.00507474970073, -0.00235723145306, 0.00235082604922], [-0.000925517932046, 0.00560725480318, -0.0010853454005, 0.00594527786598, -0.00494298152626, 0.000278238323517, -0.00293144257739, 0.0156043618917, -0.00539898965508, 0.00330541864969, -0.00199333159253, 8.05388845038e-05, -0.000388567830669], [0.000470962986583, -0.00644994294271, -0.000429630599683, -0.003279393306, 0.00157416134607, -0.000502660346683, 0.000260254688328, -0.00539898965508, 0.0242150779814, -0.0144074577838, 0.00512627558783, -0.00280647003092, 0.00509319966659], [-0.000606276327744, 0.00885406695306, 2.85433361569e-05, 0.00238432665356, -0.0015513667604, 0.000698057701811, -0.00168457126711, 0.00330541864969, -0.0144074577838, 0.0321338810027, -0.019158994779, 0.0114215957001, -0.00834571290761], [0.000458123540739, -0.0101348366588, 0.00107401155401, -0.00260465685278, 1.8972189082e-06, -0.00334123359062, 0.00507474970073, -0.00199333159253, 0.00512627558783, -0.019158994779, 0.0403933748603, -0.0241313576698, 0.0146760931239], [-0.000129176463815, 0.00768855214119, -0.00215115165338, 0.00219894666225, 0.000873240293004, 0.00102420931216, -0.00235723145306, 8.05388845038e-05, -0.00280647003092, 0.0114215957001, -0.0241313576698, 0.0423724502325, -0.0203536581248], [0.000362070131814, -0.005478982348, 0.00129416654818, -0.00485738599673, -0.00215257937089, -0.000194440624909, 0.00235082604922, -0.000388567830669, 0.00509319966659, -0.00834571290761, 0.0146760931239, -0.0203536581248, 0.0316214300692]]
    },
    "melbands": {
        "dmean": [0.00186805403791, 0.0028063300997, 0.00152865319978, 0.000925237429328, 0.00050674029626, 0.000296196347335, 0.00027486027102, 0.000209434263525, 0.000136641057907, 9.16816716199e-05, 6.41020742478e-05, 4.06926737924e-05, 2.45328319579e-05, 1.45268750202e-05, 1.04505579657e-05, 1.33157445816e-05, 1.24645084725e-05, 9.77819308901e-06, 8.36402978166e-06, 8.41117071104e-06, 7.23075754649e-06, 5.45820330444e-06, 5.89253295402e-06, 9.06465902517e-06, 5.19038894709e-06, 4.27406075687e-06, 3.7388454075e-06, 3.44999943991e-06, 3.81347172151e-06, 5.91727757637e-06, 5.48572961634e-06, 4.23018491347e-06, 3.32549620907e-06, 2.71139219876e-06, 3.03943193103e-06, 1.93276741811e-06, 1.12522502604e-06, 1.35507377763e-06, 1.88195997453e-06, 7.58315138683e-07],
        "dmean2": [0.00302759697661, 0.00438100518659, 0.00236895075068, 0.00159262784291, 0.000789412413724, 0.000456080364529, 0.000415560498368, 0.000323477521306, 0.000203049887205, 0.0001379976311, 0.000100099787232, 6.27656045253e-05, 3.91223984479e-05, 2.26213905989e-05, 1.64377270266e-05, 2.10547095776e-05, 1.89374241018e-05, 1.49719562614e-05, 1.31998813231e-05, 1.33141184051e-05, 1.17084928206e-05, 8.60282943904e-06, 9.32206785365e-06, 1.45662688738e-05, 8.09240282251e-06, 6.93967331244e-06, 6.12276016909e-06, 5.73431680095e-06, 6.23986898063e-06, 9.57928659773e-06, 8.89580678631e-06, 6.69186056257e-06, 5.35069011676e-06, 4.28570137956e-06, 4.83867233925e-06, 3.09332449433e-06, 1.77699700998e-06, 2.16224680116e-06, 3.10824157168e-06, 1.29566672058e-06],
        "dvar": [8.05214858701e-06, 1.16658547995e-05, 3.76404341296e-06, 3.99556620323e-06, 5.28716441295e-07, 2.33189496157e-07, 3.1062094763e-07, 1.73904680878e-07, 1.00596565744e-07, 7.33321385837e-08, 3.35288810049e-08, 7.34024840909e-09, 1.46617207264e-09, 1.12950437892e-09, 3.93338001059e-10, 4.94806917661e-10, 4.98236063518e-10, 5.40303246588e-10, 1.60151725215e-10, 1.89548848839e-10, 1.3795210807e-10, 7.39924510551e-11, 1.12298899346e-10, 2.10285969193e-10, 7.25646973065e-11, 9.77743025432e-11, 4.86106328801e-11, 4.75671654843e-11, 1.26471902395e-10, 5.42202283071e-10, 5.24736420981e-10, 2.96373231512e-10, 2.76603018268e-10, 7.56442408711e-11, 7.16669085188e-11, 3.95880550563e-11, 2.27706135197e-11, 1.15100047549e-11, 2.4812344887e-11, 4.3165050527e-12],
        "dvar2": [1.94878084585e-05, 2.91799497063e-05, 9.26351367525e-06, 1.08508038466e-05, 1.35239667998e-06, 5.1431555903e-07, 5.95378651269e-07, 4.28947970477e-07, 2.19474841856e-07, 1.43450392898e-07, 7.79426017061e-08, 1.82745338861e-08, 3.52421314354e-09, 2.50092324627e-09, 8.89104290192e-10, 1.20821452843e-09, 1.04128061729e-09, 1.05221675817e-09, 3.77931824724e-10, 4.76723605036e-10, 3.51242840368e-10, 1.8421915382e-10, 2.77325051812e-10, 5.31842347939e-10, 1.84221929378e-10, 2.61589055972e-10, 1.26986143822e-10, 1.27261520766e-10, 2.92549123815e-10, 1.2176641917e-09, 1.32934685482e-09, 6.95689506003e-10, 7.66057828283e-10, 1.83223061723e-10, 1.67965308329e-10, 9.65018204235e-11, 5.75078214216e-11, 2.82539217716e-11, 6.47586359537e-11, 1.17094094837e-11],
        "max": [0.044880181551, 0.0336694642901, 0.0206205137074, 0.0236286818981, 0.0144619410858, 0.0123633015901, 0.00923064723611, 0.00864258781075, 0.00612861523405, 0.00709380116314, 0.00641431007534, 0.00237028137781, 0.000541850400623, 0.000821150490083, 0.000342657265719, 0.000300626357784, 0.000558624044061, 0.000684696366079, 0.000167132559, 0.000194542502868, 0.000118925097922, 0.000125711245346, 0.000166996382177, 0.000180290167918, 7.87109383964e-05, 0.0001925684046, 9.18640726013e-05, 0.000121346201922, 0.000250650395174, 0.000450327934232, 0.000398435920943, 0.00040132299182, 0.000440318486653, 0.000150282270624, 0.000234189428738, 0.000139425581438, 0.000155897840159, 6.39000791125e-05, 6.18740887148e-05, 2.91796714009e-05],
        "mean": [0.00504492130131, 0.00636355904862, 0.00350066367537, 0.00129784271121, 0.000998230767436, 0.000574108271394, 0.000513383653015, 0.000414237962104, 0.000302895117784, 0.000178644928383, 0.000108531705337, 6.89469889039e-05, 4.38237620983e-05, 2.51539786404e-05, 1.75591321749e-05, 2.16150965571e-05, 2.07340253837e-05, 1.2648259144e-05, 1.24199204947e-05, 1.16797164083e-05, 8.7842463472e-06, 6.75171304465e-06, 7.35412822905e-06, 1.32450868477e-05, 6.44512556391e-06, 4.82736868435e-06, 4.22099719799e-06, 3.59059504262e-06, 3.84392251362e-06, 6.12404573985e-06, 5.48936486666e-06, 4.43489625468e-06, 3.36831908498e-06, 3.01925524582e-06, 3.35283584718e-06, 2.04590037356e-06, 1.23622896808e-06, 1.47680623286e-06, 1.88995238659e-06, 6.8189723379e-07],
        "median": [0.00547112431377, 0.00606722058728, 0.00287361210212, 0.000698273128364, 0.000663160579279, 0.000380568992114, 0.000232437305385, 0.000202151146368, 8.172467642e-05, 7.4400100857e-05, 5.38085296284e-05, 3.32803938363e-05, 2.36019168369e-05, 1.0617958651e-05, 7.07538265488e-06, 1.11007238957e-05, 9.31730755838e-06, 5.06491505803e-06, 7.11143366061e-06, 6.22498100711e-06, 4.14531905335e-06, 3.34403034685e-06, 3.45202897734e-06, 6.96400184097e-06, 3.00826081912e-06, 2.01959892365e-06, 1.77996685125e-06, 1.45029559917e-06, 1.15012801416e-06, 1.37354766139e-06, 1.18131595173e-06, 8.85685381036e-07, 7.04394210516e-07, 6.90301817485e-07, 6.2115310584e-07, 3.82359019113e-07, 2.46321206987e-07, 2.62299067799e-07, 2.74871524653e-07, 9.98464670943e-08],
        "min": [9.20894080991e-08, 1.56838339649e-07, 1.46769778553e-07, 2.63773678455e-08, 9.31782082603e-08, 5.20538954163e-08, 2.13019468731e-08, 1.13298233018e-08, 7.0522032658e-10, 1.09251496738e-09, 5.81408921008e-10, 1.76359893356e-09, 1.58037816167e-09, 2.3882093525e-10, 1.53297624594e-10, 9.40832189933e-10, 1.64445279616e-09, 1.49466702903e-10, 5.03668662333e-10, 4.07595818208e-10, 7.13809636399e-11, 2.02749372846e-10, 1.12018887222e-10, 9.37399394219e-11, 3.68614791468e-11, 9.24764848032e-11, 3.0837585957e-11, 2.08729960399e-11, 2.71225559373e-11, 1.0765432816e-11, 8.87976237679e-12, 6.73795090902e-12, 2.83729398483e-12, 3.97761511228e-12, 2.9483308156e-12, 1.24275470557e-12, 1.76436599705e-12, 1.29061409997e-12, 1.69653928492e-12, 3.49846941781e-13],
        "var": [1.62305568665e-05, 2.42102541961e-05, 8.50640662975e-06, 3.53085943061e-06, 1.16173248443e-06, 5.25449479483e-07, 7.9611726278e-07, 3.8401611846e-07, 4.14314058617e-07, 1.63381983498e-07, 4.50675834429e-08, 1.74812466724e-08, 3.27403548717e-09, 2.26057794706e-09, 9.67028568333e-10, 8.6842599778e-10, 1.2636651725e-09, 9.44541667103e-10, 2.24800608684e-10, 2.23053089887e-10, 1.47482859258e-10, 8.77301148394e-11, 1.32922256535e-10, 2.89445883928e-10, 8.02270958e-11, 8.45871983568e-11, 4.67030650264e-11, 4.04361578943e-11, 1.33203462149e-10, 6.06298733441e-10, 4.90198825975e-10, 3.43524042545e-10, 2.29885263603e-10, 8.65537780337e-11, 7.98813862279e-11, 3.94504151568e-11, 2.00341878503e-11, 1.19870701906e-11, 2.1360106392e-11, 3.24649291825e-12]
    },
    "mfcc": {
        "mean": [-639.091247559, 137.725585938, 30.6886405945, 35.1817207336, 7.65797424316, 6.66244268417, -1.38682436943, 6.672123909, 1.86475121975, 2.91311478615, 2.84022855759, -0.259797096252, -3.43099188805],
        "cov": [[2901.91772461, -631.965026855, -110.6980896, -20.5751571655, -106.446022034, -6.36037349701, 4.44096660614, 8.66308689117, 18.9898166656, 56.1344528198, 8.75744819641, 18.9249267578, -4.28386974335], [-631.965026855, 1513.16137695, -264.037506104, 2.9841299057, -60.8669891357, -71.4727706909, 89.2666473389, 87.5664978027, 35.696472168, 24.9025096893, 94.811958313, 13.7311887741, -10.9659156799], [-110.6980896, -264.037506104, 372.685333252, -7.38490343094, 68.0307388306, 53.3194694519, -13.8169345856, 10.114818573, -7.5906162262, -8.08191776276, -13.3299226761, 5.00478887558, 28.2789802551], [-20.5751571655, 2.9841299057, -7.38490343094, 265.183898926, 87.4956130981, 53.0410118103, 9.71014690399, -16.6029338837, 36.7801742554, -16.4338645935, -37.5954933167, 6.13202047348, -5.05389118195], [-106.446022034, -60.8669891357, 68.0307388306, 87.4956130981, 205.108108521, 18.6521377563, -7.38097143173, -18.5138435364, -1.90519416332, -3.65445947647, -14.1525325775, -8.49519729614, 5.82300376892], [-6.36037349701, -71.4727706909, 53.3194694519, 53.0410118103, 18.6521377563, 121.698982239, 37.6359977722, 12.4612016678, 24.0880413055, 11.1637105942, 1.59861373901, 8.78839302063, -4.15928125381], [4.44096660614, 89.2666473389, -13.8169345856, 9.71014690399, -7.38097143173, 37.6359977722, 108.93888092, 57.5497245789, 33.0871429443, 13.3056907654, 15.7749443054, 9.64973545074, 0.254596322775], [8.66308689117, 87.5664978027, 10.114818573, -16.6029338837, -18.5138435364, 12.4612016678, 57.5497245789, 99.9859924316, 37.0491371155, 15.0694217682, 20.1120529175, 4.49826002121, 4.87769651413], [18.9898166656, 35.696472168, -7.5906162262, 36.7801742554, -1.90519416332, 24.0880413055, 33.0871429443, 37.0491371155, 87.6560134888, 23.3676929474, 3.52396202087, 4.99162530899, -7.25285243988], [56.1344528198, 24.9025096893, -8.08191776276, -16.4338645935, -3.65445947647, 11.1637105942, 13.3056907654, 15.0694217682, 23.3676929474, 66.9845352173, 39.4475097656, 5.22164916992, -6.52364110947], [8.75744819641, 94.811958313, -13.3299226761, -37.5954933167, -14.1525325775, 1.59861373901, 15.7749443054, 20.1120529175, 3.52396202087, 39.4475097656, 79.2708969116, 21.9403991699, -0.932883560658], [18.9249267578, 13.7311887741, 5.00478887558, 6.13202047348, -8.49519729614, 8.78839302063, 9.64973545074, 4.49826002121, 4.99162530899, 5.22164916992, 21.9403991699, 49.1475296021, 18.3551292419], [-4.28386974335, -10.9659156799, 28.2789802551, -5.05389118195, 5.82300376892, -4.15928125381, 0.254596322775, 4.87769651413, -7.25285243988, -6.52364110947, -0.932883560658, 18.3551292419, 55.9749603271]],
