{
"lowlevel": {
    "average_loudness": 0.973526835442,
    "barkbands_crest": {
        "dmean": 3.83885741234,
        "dmean2": 6.29261398315,
        "dvar": 10.6728973389,
        "dvar2": 27.1650218964,
        "max": 24.7938404083,
        "mean": 11.3693408966,
        "median": 10.3139476776,
        "min": 2.33869433403,
        "var": 28.8374633789
    },
    "barkbands_flatness_db": {
        "dmean": 0.0297475233674,
        "dmean2": 0.0460603162646,
        "dvar": 0.00073518807767,
        "dvar2": 0.00181779859122,
        "max": 0.406417548656,
        "mean": 0.123556017876,
        "median": 0.116734817624,
        "min": 0.0189499892294,
        "var": 0.0028254406061
    },
    "barkbands_kurtosis": {
        "dmean": 4.84189224243,
        "dmean2": 8.09697151184,
        "dvar": 136.946502686,
        "dvar2": 301.746124268,
        "max": 252.761245728,
        "mean": 4.76531267166,
        "median": 1.37417936325,
        "min": -1.91014719009,
        "var": 189.040527344
    },
    "barkbands_skewness": {
        "dmean": 0.832975029945,
        "dmean2": 1.32180225849,
        "dvar": 0.838888704777,
        "dvar2": 1.96440577507,
        "max": 12.0954322815,
        "mean": 1.54939568043,
        "median": 1.36626434326,
        "min": -3.32465839386,
        "var": 2.1073141098
    },
    "barkbands_spread": {
        "dmean": 9.28086185455,
        "dmean2": 14.6755151749,
        "dvar": 103.332611084,
        "dvar2": 238.375366211,
        "max": 114.516830444,
        "mean": 26.8394603729,
        "median": 24.4047737122,
        "min": 0.396644860506,
        "var": 265.756317139
    },
    "dissonance": {
        "dmean": 0.0194606166333,
        "dmean2": 0.0326398536563,
        "dvar": 0.000374836323317,
        "dvar2": 0.000965638260823,
        "max": 0.499837845564,
        "mean": 0.466811835766,
        "median": 0.474913835526,
        "min": 0.28226518631,
        "var": 0.000868754228577
    },
    "dynamic_complexity": 2.9716258049,
    "erbbands_crest": {
        "dmean": 3.37239408493,
        "dmean2": 5.61253356934,
        "dvar": 10.299156189,
        "dvar2": 26.2134437561,
        "max": 30.0912971497,
        "mean": 8.86604976654,
        "median": 7.52341413498,
        "min": 2.48086357117,
        "var": 21.4632472992
    },
    "erbbands_flatness_db": {
        "dmean": 0.0219807159156,
        "dmean2": 0.0331943891943,
        "dvar": 0.00045521510765,
        "dvar2": 0.000992337241769,
        "max": 0.316660255194,
        "mean": 0.150317937136,
        "median": 0.145185366273,
        "min": 0.0566455125809,
        "var": 0.00162189593539
    },
    "erbbands_kurtosis": {
        "dmean": 1.3904556036,
        "dmean2": 2.27843093872,
        "dvar": 7.76767921448,
        "dvar2": 19.7838039398,
        "max": 30.7596244812,
        "mean": 0.634729206562,
        "median": -0.232490062714,
        "min": -1.75401842594,
        "var": 10.1466207504
    },
    "erbbands_skewness": {
        "dmean": 0.501910030842,
        "dmean2": 0.777838230133,
        "dvar": 0.32002222538,
        "dvar2": 0.734940588474,
        "max": 4.82544565201,
        "mean": 0.25788846612,
        "median": 0.198673337698,
        "min": -4.80950975418,
        "var": 0.971606731415
    },
    "erbbands_spread": {
        "dmean": 11.646821022,
        "dmean2": 18.4800205231,
        "dvar": 161.810546875,
        "dvar2": 384.068115234,
        "max": 127.450935364,
        "mean": 41.7812728882,
        "median": 39.1076812744,
        "min": 6.08276414871,
        "var": 332.926300049
    },
    "hfc": {
        "dmean": 10.0501670837,
        "dmean2": 14.5891141891,
        "dvar": 250.345443726,
        "dvar2": 515.708679199,
        "max": 256.416046143,
        "mean": 26.9609527588,
        "median": 21.1329669952,
        "min": 1.24585391061e-16,
        "var": 606.209899902
    },
    "melbands_crest": {
        "dmean": 4.67507982254,
        "dmean2": 7.61894607544,
        "dvar": 16.0381832123,
        "dvar2": 41.8264312744,
        "max": 35.8175430298,
        "mean": 16.1668300629,
        "median": 15.3556814194,
        "min": 3.20994329453,
        "var": 46.5540618896
    },
    "melbands_flatness_db": {
        "dmean": 0.0377854071558,
        "dmean2": 0.0575572401285,
        "dvar": 0.0012220867211,
        "dvar2": 0.00270639685914,
        "max": 0.534742712975,
        "mean": 0.179231777787,
        "median": 0.17098236084,
        "min": 0.00694053433836,
        "var": 0.0055663078092
    },
    "melbands_kurtosis": {
        "dmean": 12.6786165237,
        "dmean2": 21.4947299957,
        "dvar": 676.911315918,
        "dvar2": 1790.47192383,
        "max": 440.818115234,
        "mean": 16.4636573792,
        "median": 7.77096843719,
        "min": -1.83699345589,
        "var": 856.696655273
    },
    "melbands_skewness": {
        "dmean": 1.14741587639,
        "dmean2": 1.86786055565,
        "dvar": 1.70447552204,
        "dvar2": 4.20995235443,
        "max": 14.840596199,
        "mean": 2.84936785698,
        "median": 2.37961006165,
        "min": -0.888814866543,
        "var": 3.91646504402
    },
    "melbands_spread": {
        "dmean": 13.1731996536,
        "dmean2": 20.3976211548,
        "dvar": 416.986175537,
        "dvar2": 863.940856934,
        "max": 258.43447876,
        "mean": 30.6470031738,
        "median": 22.765422821,
        "min": 0.340277254581,
        "var": 907.442932129
    },
    "pitch_salience": {
        "dmean": 0.0973366945982,
        "dmean2": 0.153844118118,
        "dvar": 0.00668064365163,
        "dvar2": 0.0173006728292,
        "max": 0.826032519341,
        "mean": 0.534314215183,
        "median": 0.545764565468,
        "min": 0.08138743788,
        "var": 0.0212276913226
    },
    "silence_rate_20dB": {
        "dmean": 0,
        "dmean2": 0,
        "dvar": 0,
        "dvar2": 0,
        "max": 1,
        "mean": 1,
        "median": 1,
        "min": 1,
        "var": 0
    },
    "silence_rate_30dB": {
        "dmean": 0.00464396271855,
        "dmean2": 0.00929511990398,
        "dvar": 0.00462236115709,
        "dvar2": 0.0138561902568,
        "max": 1,
        "mean": 0.997679829597,
        "median": 1,
        "min": 0,
        "var": 0.00231481553055
    },
    "silence_rate_60dB": {
        "dmean": 0.0216718260199,
        "dmean2": 0.0433772280812,
        "dvar": 0.0212017651647,
        "dvar2": 0.0507900156081,
        "max": 1,
        "mean": 0.0525908730924,
        "median": 0,
        "min": 0,
        "var": 0.0498249195516
    },
    "spectral_centroid": {
        "dmean": 409.400726318,
        "dmean2": 621.670898438,
        "dvar": 307757.78125,
        "dvar2": 557720.875,
        "max": 11108.9208984,
        "mean": 1745.81298828,
        "median": 1661.48303223,
        "min": 249.226470947,
        "var": 676674.625
    },
    "spectral_complexity": {
        "dmean": 5.06811141968,
        "dmean2": 7.31835794449,
        "dvar": 27.8452587128,
        "dvar2": 48.9623603821,
        "max": 60,
        "mean": 21.7888622284,
        "median": 21,
        "min": 0,
        "var": 168.986602783
    },
    "spectral_decrease": {
        "dmean": 3.62230268003e-09,
        "dmean2": 5.75841463402e-09,
        "dvar": 2.05702364831e-17,
        "dvar2": 4.84330262866e-17,
        "max": 1.01451579735e-29,
        "mean": -7.74604203002e-09,
        "median": -5.82735903976e-09,
        "min": -4.12570813069e-08,
        "var": 4.2828824697e-17
    },
    "spectral_energy": {
        "dmean": 0.0142670767382,
        "dmean2": 0.0225763227791,
        "dvar": 0.000306938396534,
        "dvar2": 0.000716470996849,
        "max": 0.158889353275,
        "mean": 0.0316808335483,
        "median": 0.0249241441488,
        "min": 1.12619824528e-20,
        "var": 0.000649749010336
    },
    "spectral_energyband_high": {
        "dmean": 0.000818215019535,
        "dmean2": 0.00121462694369,
        "dvar": 3.04336685986e-06,
        "dvar2": 6.39341988062e-06,
        "max": 0.025179374963,
        "mean": 0.00168351852335,
        "median": 0.000917003548238,
        "min": 8.64670150436e-21,
        "var": 6.23272899247e-06
    },
    "spectral_energyband_low": {
        "dmean": 0.00942200049758,
        "dmean2": 0.0154936304316,
        "dvar": 0.00024026518804,
        "dvar2": 0.000589719449636,
        "max": 0.118721686304,
        "mean": 0.0147538715973,
        "median": 0.00413830718026,
        "min": 1.25005637966e-22,
        "var": 0.000460926909
    },
    "spectral_energyband_middle_high": {
        "dmean": 0.00259986938909,
        "dmean2": 0.00387309328653,
        "dvar": 1.32405521072e-05,
        "dvar2": 2.88933479169e-05,
        "max": 0.0397282168269,
        "mean": 0.006385485176,
        "median": 0.00470314407721,
        "min": 1.33980954034e-21,
        "var": 3.99723030569e-05
    },
    "spectral_energyband_middle_low": {
        "dmean": 0.006057953462,
        "dmean2": 0.00962839554995,
        "dvar": 6.90941960784e-05,
        "dvar2": 0.000173941909452,
        "max": 0.0645556151867,
        "mean": 0.00997477117926,
        "median": 0.00733477342874,
        "min": 3.08241655808e-22,
        "var": 9.36794676818e-05
    },
    "spectral_entropy": {
        "dmean": 0.176574110985,
        "dmean2": 0.262883514166,
        "dvar": 0.0400559492409,
        "dvar2": 0.0885800272226,
        "max": 9.80525302887,
        "mean": 7.82704877853,
        "median": 7.83687353134,
        "min": 6.21084022522,
        "var": 0.124226570129
    },
    "spectral_flux": {
        "dmean": 0.0322933420539,
        "dmean2": 0.0509992688894,
        "dvar": 0.00130263180472,
        "dvar2": 0.0028312925715,
        "max": 0.351037621498,
        "mean": 0.11137367785,
        "median": 0.104270391166,
        "min": 1.06122485799e-10,
        "var": 0.002829489531
    },
    "spectral_kurtosis": {
        "dmean": 1.05126142502,
        "dmean2": 1.72654628754,
        "dvar": 1.05674529076,
        "dvar2": 2.68249154091,
        "max": 10.2190504074,
        "mean": 2.66913747787,
        "median": 2.56618833542,
        "min": -1.18117129803,
        "var": 2.22618293762
    },
    "spectral_rms": {
        "dmean": 0.00119862565771,
        "dmean2": 0.00183162570465,
        "dvar": 1.49365564539e-06,
        "dvar2": 3.12608835884e-06,
        "max": 0.0124504622072,
        "mean": 0.00509232329205,
        "median": 0.00493114953861,
        "min": 3.3147096179e-12,
        "var": 4.97636301588e-06
    },
    "spectral_rolloff": {
        "dmean": 868.012756348,
        "dmean2": 1394.70581055,
        "dvar": 1973945.875,
        "dvar2": 3645758,
        "max": 18561.6210938,
        "mean": 1942.98571777,
        "median": 1399.65820312,
        "min": 43.06640625,
        "var": 4282437.5
    },
    "spectral_skewness": {
        "dmean": 0.21236410737,
        "dmean2": 0.328582674265,
        "dvar": 0.0454607494175,
        "dvar2": 0.0993069633842,
        "max": 2.57064795494,
        "mean": 1.19368302822,
        "median": 1.19818627834,
        "min": -0.135365277529,
        "var": 0.135326832533
    },
    "spectral_spread": {
        "dmean": 697813.9375,
        "dmean2": 983497.9375,
        "dvar": 1.63771370701e+12,
        "dvar2": 2.2950927401e+12,
        "max": 40041504,
        "mean": 4954307.5,
        "median": 4606739,
        "min": 2282323.25,
        "var": 3.19083747738e+12
    },
    "spectral_strongpeak": {
        "dmean": 0.549283981323,
        "dmean2": 0.920788288116,
        "dvar": 0.72754317522,
        "dvar2": 1.8482593298,
        "max": 13.7959032059,
        "mean": 0.863608181477,
        "median": 0.465355426073,
        "min": 0,
        "var": 1.0346903801
    },
    "zerocrossingrate": {
        "dmean": 0.0162274148315,
        "dmean2": 0.0180838052183,
        "dvar": 0.000628425506875,
        "dvar2": 0.000607865396887,
        "max": 0.49853515625,
        "mean": 0.0739653557539,
        "median": 0.064453125,
        "min": 0.0029296875,
        "var": 0.0026135595981
    },
    "barkbands": {
        "dmean": [0.000496232067235, 0.00749315787107, 0.00323345093057, 0.00186137959827, 0.00119899946731, 0.00149937067181, 0.00105305819307, 0.00130410224665, 0.00169002893381, 0.00104630808346, 0.000701480545104, 0.000449560087873, 0.000530154095031, 0.000356531061698, 0.000342824438121, 0.000298388418742, 0.000313167984132, 0.00028377311537, 0.000217664564843, 0.000197958230274, 0.000232839622186, 0.000223626033403, 0.000210823316593, 0.000129224674311, 9.49356544879e-05, 3.29100403178e-05, 2.36806795328e-06],
        "dmean2": [0.000873317010701, 0.0120428493246, 0.00545934354886, 0.00321795861237, 0.00198494410142, 0.00247519440018, 0.00179919030052, 0.00218019145541, 0.00277662370354, 0.0016464961227, 0.001114106155, 0.000725411984604, 0.000878395920154, 0.000579912855756, 0.000556146958843, 0.000488560181111, 0.000504724332131, 0.000443672266556, 0.000348868634319, 0.000313412107062, 0.000370403722627, 0.000343519379385, 0.000337349163601, 0.00019381835591, 0.000155227418873, 4.69195656478e-05, 3.69077338291e-06],
        "dvar": [5.02082230014e-07, 0.00014530683984, 7.35281282687e-05, 2.45590981649e-05, 3.79794505534e-06, 9.76737555902e-06, 7.63232947065e-06, 1.14930307973e-05, 1.2072600839e-05, 5.51707717023e-06, 2.72015131486e-06, 7.57067425639e-07, 1.26694010305e-06, 3.93835421164e-07, 4.14823034589e-07, 4.06367405503e-07, 2.96197327998e-07, 2.0232674558e-07, 1.44639940913e-07, 1.19420462852e-07, 1.51556406536e-07, 2.65997584847e-07, 4.223473411e-07, 1.1034023828e-07, 3.94050459818e-07, 1.15783258536e-08, 1.05724054511e-10],
        "dvar2": [1.52805557718e-06, 0.000382558850106, 0.000183055162779, 6.76043200656e-05, 9.29471389099e-06, 2.55926006503e-05, 1.99661044462e-05, 3.12123484036e-05, 3.08566413878e-05, 1.38187479024e-05, 6.28256930213e-06, 1.90616378859e-06, 3.33606590175e-06, 9.87100520433e-07, 1.04557102532e-06, 1.02450064787e-06, 7.33827164368e-07, 5.01016302223e-07, 3.65672093494e-07, 2.84307901666e-07, 3.41342655474e-07, 6.05471257131e-07, 1.040872462e-06, 2.25325464953e-07, 1.06340314687e-06, 1.90277393841e-08, 2.46174025609e-10],
        "max": [0.00661182915792, 0.100190959871, 0.0742623806, 0.0449117608368, 0.0176063496619, 0.0406682491302, 0.0325497537851, 0.0389861948788, 0.0388681814075, 0.0356580540538, 0.0343072414398, 0.00975249707699, 0.0151000740007, 0.00591218052432, 0.0100541077554, 0.0113080907613, 0.0111493999138, 0.00446422677487, 0.00607522157952, 0.00435331836343, 0.00567380152643, 0.00932484585792, 0.0123346038163, 0.0069984709844, 0.017384685576, 0.00233436725102, 0.000348522735294],
        "mean": [0.000586055102758, 0.0105796661228, 0.00271410890855, 0.00166072556749, 0.0014871530002, 0.00181946461089, 0.00110960274469, 0.00141705584247, 0.00193104299251, 0.00154519453645, 0.000859821215272, 0.000610712741036, 0.000665969972033, 0.00049247109564, 0.000529499433469, 0.000447502126917, 0.000500337220728, 0.000470528291771, 0.000398653530283, 0.000331863528118, 0.000435615278548, 0.000375642150175, 0.000326698063873, 0.000208963465411, 0.000127431412693, 4.65065058961e-05, 2.5479218948e-06],
        "median": [0.000200572496396, 0.00207176338881, 0.000336824828992, 0.000312219897751, 0.000639916572254, 0.000666023173835, 0.000321969419019, 0.000308396818582, 0.000579461106099, 0.000364329753211, 0.000241829751758, 0.000232116086408, 0.000204492534976, 0.000194313921384, 0.000223000257392, 0.000177918409463, 0.000253689970123, 0.000263866677415, 0.000243288930506, 0.000176328976522, 0.000216544911382, 0.000187455079868, 0.000117608964501, 7.04697085894e-05, 2.67706946033e-05, 1.17902973216e-05, 2.81448848227e-07],
        "min": [3.07820972064e-23, 8.63059773571e-23, 5.23930805445e-24, 5.54070340734e-24, 4.76884844997e-23, 4.59764480761e-23, 5.93715397496e-23, 5.06031456842e-23, 8.18894291387e-23, 4.34568484329e-23, 5.47032313064e-23, 5.18790461569e-23, 8.35313452941e-23, 4.32518739707e-23, 1.69245500267e-22, 9.67462358933e-23, 2.00791707079e-22, 1.79343639295e-22, 2.29828578906e-22, 3.88798036234e-22, 6.01241307236e-22, 4.1458066119e-22, 8.6993349098e-22, 9.64466038023e-22, 1.44726850101e-21, 1.87989617926e-21, 2.48967995395e-21],
        "var": [7.08907748503e-07, 0.000282820430584, 6.10238093941e-05, 1.8080791051e-05, 5.38524227522e-06, 9.89320051303e-06, 6.80789526086e-06, 1.12673105832e-05, 1.40552838275e-05, 9.71743611444e-06, 3.43252304447e-06, 1.04224443476e-06, 1.43749900872e-06, 6.01666215516e-07, 6.28431678251e-07, 5.16865895861e-07, 4.87168563268e-07, 3.74617684429e-07, 2.57673008264e-07, 2.02218004119e-07, 3.54570317995e-07, 3.64799063846e-07, 6.12459643889e-07, 3.12226717369e-07, 4.0191031303e-07, 2.3985860409e-08, 1.87665508133e-10]
    },
    "erbbands": {
        "dmean": [0.270420998335, 1.56456899643, 3.33552360535, 5.26891994476, 4.30272817612, 4.462849617, 7.75259160995, 13.4794740677, 13.3313856125, 19.2183151245, 31.3397388458, 38.6167030334, 36.2660560608, 31.3052864075, 21.9421463013, 18.3929424286, 21.6998786926, 18.678155899, 15.88397789, 18.7988071442, 15.4343299866, 14.692653656, 14.9391813278, 12.085234642, 10.1438121796, 9.13014698029, 8.58135128021, 9.51856422424, 8.29144287109, 7.81197404861, 5.61340284348, 3.28955221176, 1.91002118587, 1.36630678177, 0.511906981468, 0.199796333909, 0.052620511502, 0.00832768715918, 0.000225588912144, 2.14596020669e-05],
        "dmean2": [0.448034226894, 2.46831703186, 5.65240097046, 9.07857894897, 7.38529491425, 7.27087688446, 12.3377141953, 22.5966320038, 22.8019351959, 32.3695487976, 53.2119483948, 63.5139846802, 56.2099571228, 49.0183258057, 34.6561355591, 29.7438850403, 35.9612121582, 29.912153244, 24.8899345398, 30.437330246, 24.2976036072, 23.3072242737, 23.2510356903, 19.1974430084, 16.1236171722, 14.3627605438, 13.1731338501, 15.1906223297, 12.8842697144, 12.1920223236, 8.91069221497, 5.031208992, 2.84519290924, 2.19670343399, 0.824958145618, 0.292913645506, 0.0772717297077, 0.0114252269268, 0.000324420077959, 3.23223757732e-05],
        "dvar": [0.179751858115, 6.75763273239, 65.2095794678, 215.59173584, 84.6582107544, 71.4442749023, 145.905822754, 1169.25939941, 1040.02099609, 2529.60351562, 6901.00537109, 6613.06494141, 7027.87597656, 4597.56152344, 2188.6862793, 1273.76037598, 2158.76660156, 1324.56726074, 862.910705566, 1363.90917969, 814.963439941, 539.511291504, 533.066833496, 537.887023926, 308.27947998, 241.633682251, 237.52394104, 256.410308838, 336.586456299, 607.308532715, 243.111236572, 61.6346817017, 34.2921409607, 100.354011536, 7.55426549911, 0.518459379673, 0.0292425118387, 0.000754857377615, 5.61704041502e-07, 8.58459525688e-10],
        "dvar2": [0.472271591425, 17.7328720093, 161.139953613, 592.895446777, 220.549209595, 168.872787476, 332.14956665, 3130.63549805, 2664.38037109, 6765.85595703, 18810.0253906, 17073.0390625, 18004.890625, 10548.4287109, 5422.70263672, 3189.53955078, 5771.97998047, 3306.4152832, 2066.52783203, 3486.92456055, 2033.94555664, 1258.2857666, 1320.05944824, 1338.67443848, 786.346313477, 556.486938477, 540.227233887, 595.828308105, 779.348632812, 1519.1262207, 590.994018555, 131.26361084, 68.5868377686, 276.761657715, 18.7120189667, 0.835571467876, 0.0565696619451, 0.000947971770074, 9.22591709696e-07, 1.61558388889e-09],
        "max": [2.80191802979, 23.1008834839, 64.5350875854, 141.818084717, 73.8005218506, 107.857559204, 149.808883667, 485.421264648, 330.252441406, 525.235717773, 1001.24182129, 928.533081055, 1206.79455566, 781.715698242, 774.640869141, 419.144042969, 716.484863281, 598.815307617, 534.396057129, 483.632415771, 526.808776855, 416.928619385, 283.452758789, 351.454437256, 253.575592041, 203.004653931, 210.108657837, 165.255233765, 337.413146973, 551.815307617, 213.545883179, 205.713531494, 110.050125122, 269.185852051, 73.1108703613, 19.7813796997, 3.63619828224, 0.901667952538, 0.0243797842413, 0.000569018651731],
        "mean": [0.386705458164, 2.06930804253, 3.15694904327, 4.71715354919, 4.38957309723, 5.5430598259, 10.5951633453, 14.8146858215, 14.426533699, 20.4549369812, 35.4459877014, 43.9857368469, 51.0432090759, 46.1446914673, 30.4070625305, 26.1316280365, 28.8091259003, 27.8878326416, 25.5007858276, 28.8408107758, 25.3152503967, 26.3964824677, 26.8251953125, 21.8696098328, 18.9387302399, 15.8736696243, 16.097782135, 16.7183017731, 13.7189493179, 12.0985536575, 8.67842960358, 5.31175327301, 2.9422390461, 1.72869098186, 0.723753094673, 0.28204241395, 0.0691379755735, 0.0107835773379, 0.000300966727082, 4.90800848638e-05],
        "median": [0.0598554089665, 0.388928562403, 0.551173985004, 1.0259680748, 1.42209982872, 1.99122691154, 4.27835702896, 5.17314767838, 4.3281416893, 6.46152973175, 9.89636039734, 15.3594379425, 14.5092229843, 13.8522167206, 11.5720176697, 10.9703493118, 10.8483686447, 11.2562971115, 12.9404935837, 11.407289505, 11.8032836914, 14.9587850571, 16.4137096405, 12.9086952209, 11.9280891418, 8.7991476059, 7.38480186462, 8.76299285889, 7.20915985107, 5.093085289, 3.04253697395, 1.84552001953, 0.881680250168, 0.329635977745, 0.169771745801, 0.0785080119967, 0.014651671052, 0.00173630216159, 6.82430181769e-05, 3.77167307306e-05],
        "min": [4.88865115268e-21, 1.05460422845e-20, 6.9578911148e-21, 1.50411840712e-20, 4.52005543276e-20, 2.16497219166e-19, 3.66541539655e-19, 3.04065570266e-19, 6.16423522775e-19, 1.54076037568e-18, 6.34808594166e-19, 1.28272779424e-18, 2.43080878274e-18, 2.39341711712e-18, 1.24835575146e-18, 2.01947088927e-18, 3.60596732179e-18, 3.10066501946e-18, 6.41276278016e-18, 7.54102596874e-18, 6.24079275799e-18, 1.14306020897e-17, 8.14100405527e-18, 1.38808334868e-17, 1.24413365617e-17, 1.86600034791e-17, 2.49314850514e-17, 1.87267486827e-17, 1.30959474462e-17, 2.34798839924e-17, 2.36391592737e-17, 1.8883568892e-17, 1.72255614547e-17, 1.25167729521e-17, 1.21459983415e-17, 5.68827664066e-18, 3.60013073539e-18, 1.49661043767e-18, 3.59925774965e-19, 3.91544036559e-20],
        "var": [0.352004259825, 12.5435695648, 59.9060134888, 153.557647705, 73.857749939, 113.955543518, 254.397399902, 979.233947754, 1024.00012207, 2249.84521484, 6846.14550781, 7052.7734375, 11784.3486328, 8454.29394531, 3032.5378418, 1804.22351074, 2482.06640625, 1986.24108887, 1377.65844727, 2050.18701172, 1267.07055664, 1096.51220703, 1088.50939941, 902.727478027, 516.223449707, 449.771331787, 525.059570312, 513.353027344, 459.049102783, 665.296569824, 423.438262939, 200.874908447, 70.6934204102, 85.5408172607, 10.257850647, 0.967633068562, 0.0580025091767, 0.00218141521327, 1.43448016843e-06, 2.21079021756e-09]
    },
    "gfcc": {
        "mean": [6.2999215126, 71.8542480469, -123.469703674, 39.2779197693, -65.7704238892, 19.5346393585, -30.1438236237, 13.6695384979, -18.244430542, 4.76543951035, -16.7000637054, 6.65079307556, -8.79237270355],
        "cov": [[9485.78027344, -331.543060303, -676.059936523, 101.348136902, -148.553878784, 241.116043091, -176.664291382, 238.645797729, -32.3965873718, 95.5174789429, -114.221725464, -108.835647583, -215.740112305], [-331.543060303, 1198.54162598, 68.4864730835, 226.10194397, 336.362548828, -69.6463851929, 198.62361145, -36.8460006714, 87.1784210205, -26.8844127655, 73.6848373413, -43.1543884277, 111.812995911], [-676.059936523, 68.4864730835, 1071.86218262, 347.739501953, 233.008300781, 156.908935547, -49.6663475037, 32.18907547, 17.8927707672, 25.9544887543, -2.88636898994, 79.0569534302, 34.2894477844], [101.348136902, 226.10194397, 347.739501953, 649.68939209, 313.495574951, 46.800113678, 17.1624794006, 38.9983177185, 113.784202576, 43.8995666504, 35.5569877625, 6.41507005692, 112.954612732], [-148.553878784, 336.362548828, 233.008300781, 313.495574951, 427.898223877, 121.174102783, 97.6302719116, 63.3971252441, 53.3625793457, 29.2200927734, 52.3401641846, 5.02225780487, 57.3024024963], [241.116043091, -69.6463851929, 156.908935547, 46.800113678, 121.174102783, 324.457855225, 97.0685501099, 52.3152160645, 8.68799209595, 0.949696421623, 36.0629234314, 12.7451887131, -16.6983337402], [-176.664291382, 198.62361145, -49.6663475037, 17.1624794006, 97.6302719116, 97.0685501099, 279.122375488, 44.0283851624, 7.22138357162, -13.9118947983, 37.9501495361, 4.5144739151, 40.5211753845], [238.645797729, -36.8460006714, 32.18907547, 38.9983177185, 63.3971252441, 52.3152160645, 44.0283851624, 163.753616333, 53.276927948, 10.2414550781, 8.94764232635, 2.38831615448, 15.5954351425], [-32.3965873718, 87.1784210205, 17.8927707672, 113.784202576, 53.3625793457, 8.68799209595, 7.22138357162, 53.276927948, 159.574447632, 37.0509223938, 18.3763809204, -1.00658452511, 30.8972396851], [95.5174789429, -26.8844127655, 25.9544887543, 43.8995666504, 29.2200927734, 0.949696421623, -13.9118947983, 10.2414550781, 37.0509223938, 100.515625, 41.9485282898, 18.2271537781, 10.2948894501], [-114.221725464, 73.6848373413, -2.88636898994, 35.5569877625, 52.3401641846, 36.0629234314, 37.9501495361, 8.94764232635, 18.3763809204, 41.9485282898, 111.568077087, 38.8475761414, 33.9708976746], [-108.835647583, -43.1543884277, 79.0569534302, 6.41507005692, 5.02225780487, 12.7451887131, 4.5144739151, 2.38831615448, -1.00658452511, 18.2271537781, 38.8475761414, 109.286659241, 49.2249717712], [-215.740112305, 111.812995911, 34.2894477844, 112.954612732, 57.3024024963, -16.6983337402, 40.5211753845, 15.5954351425, 30.8972396851, 10.2948894501, 33.9708976746, 49.2249717712, 139.880691528]],
        "icov": [[0.00016537369811, -0.000171651568962, 0.000243852788117, -0.000298981263768, 0.000285191839794, -0.000371875503333, 0.000261588866124, -0.000460852723336, 0.00036684051156, -0.00042412802577, 0.000404840538977, -0.000250007142313, 0.000328148016706], [-0.000171651568962, 0.00202549179085, -0.000547786359675, 0.000800227338914, -0.00193632161245, 0.00165803567506, -0.00137057318352, 0.00180546299089, -0.00161458377261, 0.00180074351374, -0.00174396077637, 0.00172125711106, -0.00116691680159], [0.000243852788117, -0.000547786359675, 0.00185644836165, -0.00123484234791, 0.000322423671605, -0.00138014485128, 0.001058171154, -0.000969188113231, 0.00110114272684, -0.000988423707895, 0.00164288619999, -0.00197326135822, 0.000985659076832], [-0.000298981263768, 0.000800227338914, -0.00123484234791, 0.00406019901857, -0.002831076039, 0.00122099439614, -0.000295237812679, 0.00171941681765, -0.00244420976378, 0.000890654453542, -0.00106154521927, 0.00214862660505, -0.00290135946125], [0.000285191839794, -0.00193632161245, 0.000322423671605, -0.002831076039, 0.00652674818411, -0.00251210504211, 0.000379269506084, -0.00277160457335, 0.00214183400385, -0.00223776651546, 0.000761768547818, -0.000956668460276, 0.00126354128588], [-0.000371875503333, 0.00165803567506, -0.00138014485128, 0.00122099439614, -0.00251210504211, 0.00610258663073, -0.00265244534239, 0.00115800509229, -0.00174363784026, 0.00247152801603, -0.00305571779609, 0.00118675630074, 0.000378031254513], [0.000261588866124, -0.00137057318352, 0.001058171154, -0.000295237812679, 0.000379269506084, -0.00265244534239, 0.00606101797894, -0.00217791693285, 0.00151413097046, -0.000313892378472, 0.000408271385822, -0.000719321367797, -0.000664300227072], [-0.000460852723336, 0.00180546299089, -0.000969188113231, 0.00171941681765, -0.00277160457335, 0.00115800509229, -0.00217791693285, 0.00980493612587, -0.00443294271827, 0.00201767543331, -0.00139365065843, 0.00170734559651, -0.00192515808158], [0.00036684051156, -0.00161458377261, 0.00110114272684, -0.00244420976378, 0.00214183400385, -0.00174363784026, 0.00151413097046, -0.00443294271827, 0.0103689581156, -0.00439123436809, 0.00173110188916, -0.000757933186833, 0.00040941539919], [-0.00042412802577, 0.00180074351374, -0.000988423707895, 0.000890654453542, -0.00223776651546, 0.00247152801603, -0.000313892378472, 0.00201767543331, -0.00439123436809, 0.0155256055295, -0.00703187799081, 0.000695887603797, -0.000202598603209], [0.000404840538977, -0.00174396077637, 0.00164288619999, -0.00106154521927, 0.000761768547818, -0.00305571779609, 0.000408271385822, -0.00139365065843, 0.00173110188916, -0.00703187799081, 0.0157729480416, -0.00553285563365, 8.48191775731e-05], [-0.000250007142313, 0.00172125711106, -0.00197326135822, 0.00214862660505, -0.000956668460276, 0.00118675630074, -0.000719321367797, 0.00170734559651, -0.000757933186833, 0.000695887603797, -0.00553285563365, 0.0155377639458, -0.00646915240213], [0.000328148016706, -0.00116691680159, 0.000985659076832, -0.00290135946125, 0.00126354128588, 0.000378031254513, -0.000664300227072, -0.00192515808158, 0.00040941539919, -0.000202598603209, 8.48191775731e-05, -0.00646915240213, 0.0128040844575]]
    },
    "melbands": {
        "dmean": [0.00222470285371, 0.00163847685326, 0.000894978875294, 0.000288164097583, 0.000248208496487, 0.000297203718219, 0.000209523175727, 0.000220208457904, 0.000258863321505, 0.000252052006545, 0.000183751631994, 0.000130833650474, 8.65128822625e-05, 5.27478368895e-05, 5.15313222422e-05, 4.94758533023e-05, 3.55604061042e-05, 2.73740206467e-05, 2.65561066044e-05, 2.40174449573e-05, 2.02723113034e-05, 1.7112119167e-05, 1.69988652488e-05, 1.33420553539e-05, 1.03552501969e-05, 8.80226434674e-06, 7.39947881812e-06, 6.11627410763e-06, 5.28167993252e-06, 6.87367810315e-06, 5.45816874364e-06, 4.96203938383e-06, 4.55402323496e-06, 4.71140174341e-06, 3.65323580809e-06, 2.55505096902e-06, 1.9372416773e-06, 1.45815772612e-06, 1.19143032862e-06, 1.22740573261e-06],
        "dmean2": [0.00363956438377, 0.0027352173347, 0.00152847007848, 0.000473796360893, 0.000392685236875, 0.000495260697789, 0.000357367418474, 0.000369580608094, 0.000440394767793, 0.000411628512666, 0.000287042144919, 0.000205299889785, 0.000137532217195, 8.55421385495e-05, 8.56207916513e-05, 8.11892823549e-05, 5.78530707571e-05, 4.31001571997e-05, 4.29326901212e-05, 3.92432848457e-05, 3.25570363202e-05, 2.74154936051e-05, 2.75067613984e-05, 2.07996727113e-05, 1.67438975041e-05, 1.41771879498e-05, 1.2030722246e-05, 9.59043063631e-06, 8.0811269072e-06, 1.10368491733e-05, 8.84898236109e-06, 7.9471628851e-06, 6.93921583661e-06, 7.58453325034e-06, 5.8461628214e-06, 3.9886790546e-06, 2.9988696042e-06, 2.210919547e-06, 1.84802286185e-06, 2.09686845665e-06],
        "dvar": [1.27021485241e-05, 1.00122160802e-05, 5.80657069804e-06, 2.38032868083e-07, 1.41870359016e-07, 5.00206340348e-07, 2.5206202281e-07, 3.01368800137e-07, 4.48416329846e-07, 2.93452728783e-07, 1.79720103688e-07, 8.18061280938e-08, 4.22711607939e-08, 1.09153317496e-08, 1.53491086508e-08, 1.22222418852e-08, 4.65996130572e-09, 2.3951283179e-09, 2.22662843719e-09, 2.99684899119e-09, 1.30187571834e-09, 9.45196143576e-10, 7.2040978738e-10, 4.68047156588e-10, 4.20274204327e-10, 2.54418375256e-10, 1.94491062144e-10, 1.06519286447e-10, 9.56655379913e-11, 1.73865213893e-10, 8.54010404061e-11, 1.29667082627e-10, 1.06992227578e-10, 3.05997838179e-10, 1.09502740209e-10, 4.3832108082e-11, 2.11876696743e-11, 1.80394570809e-11, 2.75704823555e-11, 1.19272841603e-10],
        "dvar2": [3.30288748955e-05, 2.48663654929e-05, 1.57909653353e-05, 5.89408216456e-07, 3.27859766003e-07, 1.32917148221e-06, 6.51816094432e-07, 8.16869544451e-07, 1.22991275475e-06, 7.52129778903e-07, 4.59488745719e-07, 1.90810055756e-07, 1.01537558805e-07, 2.75848091036e-08, 4.19223731285e-08, 3.2140608397e-08, 1.17564811219e-08, 5.68985125682e-09, 5.7262510289e-09, 7.54637063949e-09, 3.34288996484e-09, 2.3036406116e-09, 1.84703807804e-09, 1.09430209339e-09, 1.05478514811e-09, 6.73974820398e-10, 4.99419339217e-10, 2.32670174793e-10, 2.26015248184e-10, 3.87665122226e-10, 2.05591793589e-10, 3.14006959323e-10, 2.3859528242e-10, 7.97619970072e-10, 2.68945893334e-10, 1.13431042337e-10, 4.31361509012e-11, 3.98186345008e-11, 5.6007861543e-11, 3.48216344648e-10],
        "max": [0.0275153890252, 0.0250687077641, 0.0230742562562, 0.00445131445304, 0.00415919069201, 0.00972568895668, 0.00521941389889, 0.00524134468287, 0.00736452452838, 0.00680108973756, 0.00624011596665, 0.00324173434637, 0.00425416557118, 0.00109006185085, 0.00164818961639, 0.00183323549572, 0.000979194999672, 0.000729731866159, 0.000591481395531, 0.000801532820333, 0.000453520944575, 0.000599414401222, 0.000327311921865, 0.000272099830909, 0.000301556574414, 0.000218262779526, 0.000189252532437, 0.000145150042954, 0.000144829507917, 0.000241096742684, 0.000105203704152, 0.000219497174839, 0.000149445870193, 0.000411730870837, 0.000137913943036, 0.000122451499919, 0.000131430773763, 7.26207363186e-05, 0.000125559527078, 0.000286699418211],
        "mean": [0.00322101335041, 0.00201198179275, 0.000825837545563, 0.000334193435265, 0.000347874476574, 0.000338674697559, 0.000223936978728, 0.000236657753703, 0.000286337628495, 0.000284997251583, 0.000251205899986, 0.000187367171748, 0.000112608169729, 7.0977883297e-05, 6.47705965093e-05, 6.41388251097e-05, 4.97185610584e-05, 4.01843244617e-05, 3.96338218707e-05, 3.37169440172e-05, 3.01893960568e-05, 2.70904038189e-05, 2.78464358416e-05, 2.16429561988e-05, 1.71197734744e-05, 1.52722186613e-05, 1.22130040836e-05, 9.86648046819e-06, 8.95977245818e-06, 1.17227318697e-05, 8.78607079358e-06, 7.63215848565e-06, 7.32012995286e-06, 6.67311633151e-06, 5.35673007107e-06, 3.80657684218e-06, 3.03071169583e-06, 2.12796953747e-06, 1.67874713952e-06, 1.40617021316e-06],
        "median": [0.000580460939091, 0.000462870550109, 0.000197437315364, 0.000118367148389, 0.00015572560369, 0.000118691692478, 6.46972475806e-05, 6.79743752698e-05, 8.00858178991e-05, 8.1731202954e-05, 6.47447959636e-05, 4.90254424221e-05, 3.60482808901e-05, 2.64418140432e-05, 2.40180925175e-05, 2.03374875127e-05, 1.84334803635e-05, 1.65925230249e-05, 1.52753891598e-05, 1.28227256937e-05, 1.23192457977e-05, 1.40417050716e-05, 1.51858657773e-05, 1.11982508315e-05, 9.25298354559e-06, 8.87638452696e-06, 6.99005204297e-06, 4.8288789003e-06, 4.04275260735e-06, 4.94582627653e-06, 4.65197763333e-06, 3.776653557e-06, 3.45259718415e-06, 2.45610476668e-06, 1.82102701274e-06, 1.29076840949e-06, 1.02969909221e-06, 6.53547942875e-07, 3.7685396137e-07, 2.31977296039e-07],
        "min": [3.50127487748e-23, 6.15500201601e-24, 2.28364799376e-24, 9.91057314826e-24, 1.14528332944e-23, 7.63941656972e-24, 1.00786028877e-23, 1.6728647465e-23, 4.8560873153e-24, 9.87608257176e-24, 1.16496036032e-23, 9.00454431051e-24, 5.11740261775e-24, 3.92005573074e-24, 7.68189988491e-24, 7.93968306266e-24, 5.08489602643e-24, 8.75247011913e-24, 1.25119989665e-23, 7.25365333188e-24, 7.94108960165e-24, 1.17283760977e-23, 9.34551681502e-24, 7.69091814278e-24, 1.16688099996e-23, 9.44851207253e-24, 1.0280326454e-23, 1.2282855384e-23, 1.58449386577e-23, 1.13834655996e-23, 1.17588576831e-23, 6.0132768435e-24, 1.04346868117e-23, 1.37473448889e-23, 1.28097734479e-23, 1.32445722796e-23, 1.17419871038e-23, 1.25516289718e-23, 1.05428230757e-23, 1.06556798834e-23],
        "var": [2.51429955824e-05, 1.34429346872e-05, 4.26570341006e-06, 3.11488605576e-07, 2.39894291099e-07, 4.44062834504e-07, 2.42006024109e-07, 2.7056640306e-07, 4.28542136888e-07, 3.26403323925e-07, 2.95499773983e-07, 1.49392022308e-07, 5.35807522795e-08, 1.47588972155e-08, 1.49599461707e-08, 1.42924960755e-08, 6.75363631686e-09, 3.88202403556e-09, 3.62500918172e-09, 3.59508089964e-09, 1.95676497228e-09, 1.49816725692e-09, 1.35563604786e-09, 9.24415044512e-10, 6.54033383007e-10, 4.10080552848e-10, 2.76396128207e-10, 1.99340724483e-10, 1.72939232379e-10, 3.64061003566e-10, 1.49133178029e-10, 1.61617025318e-10, 1.45011572195e-10, 2.98489455375e-10, 1.71933842164e-10, 9.75753228216e-11, 7.29351648521e-11, 3.48909443004e-11, 4.15140873067e-11, 8.46067035876e-11]
    },
    "mfcc": {
        "mean": [-629.916687012, 96.942237854, -0.672464549541, 21.7393760681, -5.64652681351, 8.27559375763, -2.63806605339, 10.751660347, 3.30839514732, 2.75105142593, 1.82508111, 1.5311768055, -2.088752985],
        "cov": [[7549.36767578, -225.668106079, -672.98614502, -101.195365906, -103.791557312, -52.4111251831, -90.1226272583, 28.0456981659, -35.7575874329, 236.332000732, 45.0651664734, -15.680524826, -49.1780433655], [-225.668106079, 1023.72967529, -59.6212768555, 195.01322937, 63.2095298767, 71.1755752563, 124.243652344, 40.4107055664, 65.0661315918, -19.0353069305, 35.2561607361, 27.09923172, -7.60578298569], [-672.98614502, -59.6212768555, 790.325256348, 165.588806152, 258.529144287, 125.849334717, 16.0765094757, 46.9814338684, 37.1959838867, -22.4649219513, -23.075504303, 13.6254863739, 46.1886367798], [-101.195365906, 195.01322937, 165.588806152, 633.451538086, 278.552307129, 88.3409576416, 27.6882915497, -5.34203481674, 124.46622467, 29.9563713074, -41.5700111389, 59.443523407, 57.8160324097], [-103.791557312, 63.2095298767, 258.529144287, 278.552307129, 440.846954346, 130.651153564, 42.0755653381, 53.6564750671, 48.0077476501, 89.9952316284, -6.30260753632, 6.80966472626, 53.6845474243], [-52.4111251831, 71.1755752563, 125.849334717, 88.3409576416, 130.651153564, 250.072952271, 109.593437195, 60.254322052, 22.1051101685, 30.0130195618, 28.4533786774, -0.942457735538, 13.9033880234], [-90.1226272583, 124.243652344, 16.0765094757, 27.6882915497, 42.0755653381, 109.593437195, 272.125305176, 92.4477767944, 35.4149894714, 20.9203071594, 23.8937015533, 4.1406006813, -14.529335022], [28.0456981659, 40.4107055664, 46.9814338684, -5.34203481674, 53.6564750671, 60.254322052, 92.4477767944, 182.53717041, 51.0082244873, 47.6319122314, 25.6106414795, -13.8508653641, 9.83612537384], [-35.7575874329, 65.0661315918, 37.1959838867, 124.46622467, 48.0077476501, 22.1051101685, 35.4149894714, 51.0082244873, 159.95135498, 18.8509254456, -4.91081523895, 22.2677021027, 11.5111484528], [236.332000732, -19.0353069305, -22.4649219513, 29.9563713074, 89.9952316284, 30.0130195618, 20.9203071594, 47.6319122314, 18.8509254456, 166.697021484, 39.3543128967, -6.95771551132, 10.1862354279], [45.0651664734, 35.2561607361, -23.075504303, -41.5700111389, -6.30260753632, 28.4533786774, 23.8937015533, 25.6106414795, -4.91081523895, 39.3543128967, 104.935241699, 9.19027709961, 3.93241238594], [-15.680524826, 27.09923172, 13.6254863739, 59.443523407, 6.80966472626, -0.942457735538, 4.1406006813, -13.8508653641, 22.2677021027, -6.95771551132, 9.19027709961, 93.526222229, 27.4140663147], [-49.1780433655, -7.60578298569, 46.1886367798, 57.8160324097, 53.6845474243, 13.9033880234, -14.529335022, 9.83612537384, 11.5111484528, 10.1862354279, 3.93241238594, 27.4140663147, 88.5994567871]],
