{
"lowlevel": {
    "average_loudness": 0.973688542843,
    "barkbands_crest": {
        "dmean": 2.70420217514,
        "dmean2": 4.42096710205,
        "dvar": 6.81976222992,
        "dvar2": 18.3898239136,
        "max": 23.6265048981,
        "mean": 8.4906539917,
        "median": 7.57989215851,
        "min": 2.43455410004,
        "var": 14.7912197113
    },
    "barkbands_flatness_db": {
        "dmean": 0.0203119777143,
        "dmean2": 0.0335407331586,
        "dvar": 0.000411295681261,
        "dvar2": 0.00113324087579,
        "max": 0.296920120716,
        "mean": 0.130337044597,
        "median": 0.120018169284,
        "min": 0.0497819520533,
        "var": 0.0016111243749
    },
    "barkbands_kurtosis": {
        "dmean": 2.04715418816,
        "dmean2": 3.51403188705,
        "dvar": 20.4868812561,
        "dvar2": 56.9331665039,
        "max": 60.7998428345,
        "mean": 1.11169469357,
        "median": -0.530079603195,
        "min": -1.88200438023,
        "var": 21.7454280853
    },
    "barkbands_skewness": {
        "dmean": 0.578763782978,
        "dmean2": 0.929462730885,
        "dvar": 0.465955615044,
        "dvar2": 1.15728998184,
        "max": 7.6459312439,
        "mean": 1.07101380825,
        "median": 0.825744390488,
        "min": -1.96513128281,
        "var": 1.12553715706
    },
    "barkbands_spread": {
        "dmean": 8.03402423859,
        "dmean2": 12.7420654297,
        "dvar": 68.2385406494,
        "dvar2": 163.493469238,
        "max": 81.8597869873,
        "mean": 39.8992500305,
        "median": 41.3003234863,
        "min": 4.40202045441,
        "var": 204.595199585
    },
    "dissonance": {
        "dmean": 0.0104772662744,
        "dmean2": 0.0178051665425,
        "dvar": 0.000115139126137,
        "dvar2": 0.000306381611153,
        "max": 0.49993661046,
        "mean": 0.48204267025,
        "median": 0.485503911972,
        "min": 0.337277054787,
        "var": 0.000203096715268
    },
    "dynamic_complexity": 3.05244803429,
    "erbbands_crest": {
        "dmean": 2.24242258072,
        "dmean2": 3.60373830795,
        "dvar": 4.68067932129,
        "dvar2": 10.9905233383,
        "max": 25.1400089264,
        "mean": 7.3238940239,
        "median": 6.18359565735,
        "min": 2.40877509117,
        "var": 13.1857070923
    },
    "erbbands_flatness_db": {
        "dmean": 0.0122424354777,
        "dmean2": 0.0183277968317,
        "dvar": 0.00013002063497,
        "dvar2": 0.000264508998953,
        "max": 0.257122248411,
        "mean": 0.157605543733,
        "median": 0.153571054339,
        "min": 0.0981556624174,
        "var": 0.000861127802636
    },
    "erbbands_kurtosis": {
        "dmean": 0.727009236813,
        "dmean2": 1.16578102112,
        "dvar": 1.06318664551,
        "dvar2": 2.55797982216,
        "max": 18.7314968109,
        "mean": 0.202567398548,
        "median": -0.342723608017,
        "min": -1.75269293785,
        "var": 4.40276479721
    },
    "erbbands_skewness": {
        "dmean": 0.295019984245,
        "dmean2": 0.459673434496,
        "dvar": 0.0670626759529,
        "dvar2": 0.155976861715,
        "max": 1.69363689423,
        "mean": -0.49036154151,
        "median": -0.447796851397,
        "min": -3.57170128822,
        "var": 0.427662402391
    },
    "erbbands_spread": {
        "dmean": 9.37361812592,
        "dmean2": 14.7540121078,
        "dvar": 100.505065918,
        "dvar2": 244.900848389,
        "max": 125.931358337,
        "mean": 47.7950897217,
        "median": 46.0883636475,
        "min": 8.0068769455,
        "var": 315.567321777
    },
    "hfc": {
        "dmean": 6.21270847321,
        "dmean2": 9.26601791382,
        "dvar": 58.3990440369,
        "dvar2": 132.284057617,
        "max": 84.0835952759,
        "mean": 31.0509052277,
        "median": 31.5060577393,
        "min": 1.2629332712e-16,
        "var": 396.490753174
    },
    "melbands_crest": {
        "dmean": 3.51114439964,
        "dmean2": 5.6204123497,
        "dvar": 8.48976039886,
        "dvar2": 22.3674030304,
        "max": 31.3526592255,
        "mean": 14.4175310135,
        "median": 13.9220056534,
        "min": 3.00519371033,
        "var": 26.0346088409
    },
    "melbands_flatness_db": {
        "dmean": 0.0286341216415,
        "dmean2": 0.045084990561,
        "dvar": 0.000845756498165,
        "dvar2": 0.00210865982808,
        "max": 0.354246050119,
        "mean": 0.147967025638,
        "median": 0.134825929999,
        "min": 0.0119587657973,
        "var": 0.00333790131845
    },
    "melbands_kurtosis": {
        "dmean": 8.98651885986,
        "dmean2": 15.3678474426,
        "dvar": 373.972137451,
        "dvar2": 1030.33740234,
        "max": 276.326690674,
        "mean": 12.3789587021,
        "median": 6.05005931854,
        "min": -1.68739652634,
        "var": 381.761749268
    },
    "melbands_skewness": {
        "dmean": 0.951119124889,
        "dmean2": 1.53756034374,
        "dvar": 1.44209897518,
        "dvar2": 3.57631111145,
        "max": 14.64128685,
        "mean": 2.84867596626,
        "median": 2.47183942795,
        "min": -0.201420217752,
        "var": 3.01400089264
    },
    "melbands_spread": {
        "dmean": 12.2129983902,
        "dmean2": 19.268447876,
        "dvar": 141.149429321,
        "dvar2": 316.296173096,
        "max": 148.964035034,
        "mean": 40.5623550415,
        "median": 39.454158783,
        "min": 1.99742555618,
        "var": 499.265319824
    },
    "pitch_salience": {
        "dmean": 0.0785167440772,
        "dmean2": 0.128659665585,
        "dvar": 0.00501426402479,
        "dvar2": 0.0136049510911,
        "max": 0.869176626205,
        "mean": 0.524757742882,
        "median": 0.533407092094,
        "min": 0.111761681736,
        "var": 0.012113227509
    },
    "silence_rate_20dB": {
        "dmean": 0,
        "dmean2": 0,
        "dvar": 0,
        "dvar2": 0,
        "max": 1,
        "mean": 1,
        "median": 1,
        "min": 1,
        "var": 0
    },
    "silence_rate_30dB": {
        "dmean": 0.00154798757285,
        "dmean2": 0.00309837330133,
        "dvar": 0.00154558906797,
        "dvar2": 0.00463794823736,
        "max": 1,
        "mean": 0.999226629734,
        "median": 1,
        "min": 0,
        "var": 0.00077279668767
    },
    "silence_rate_60dB": {
        "dmean": 0.0108359130099,
        "dmean2": 0.0216886140406,
        "dvar": 0.0107183875516,
        "dvar2": 0.0258664041758,
        "max": 1,
        "mean": 0.0649651959538,
        "median": 0,
        "min": 0,
        "var": 0.0607434101403
    },
    "spectral_centroid": {
        "dmean": 301.954223633,
        "dmean2": 472.291046143,
        "dvar": 134680.75,
        "dvar2": 250451.265625,
        "max": 11229.0410156,
        "mean": 2171.44018555,
        "median": 2247.51855469,
        "min": 629.897338867,
        "var": 404174.65625
    },
    "spectral_complexity": {
        "dmean": 4.02786397934,
        "dmean2": 6.14252519608,
        "dvar": 14.7546787262,
        "dvar2": 32.38230896,
        "max": 58,
        "mean": 26.630317688,
        "median": 28,
        "min": 0,
        "var": 165.122329712
    },
    "spectral_decrease": {
        "dmean": 2.81817569281e-09,
        "dmean2": 4.74270711592e-09,
        "dvar": 2.66901074297e-17,
        "dvar2": 6.86964366651e-17,
        "max": -2.10296759387e-29,
        "mean": -6.60329924074e-09,
        "median": -5.81123416055e-09,
        "min": -4.41477716606e-08,
        "var": 2.97365309076e-17
    },
    "spectral_energy": {
        "dmean": 0.0108898449689,
        "dmean2": 0.0182453729212,
        "dvar": 0.000388298300095,
        "dvar2": 0.000998326810077,
        "max": 0.169328063726,
        "mean": 0.027738776058,
        "median": 0.0252922996879,
        "min": 1.15345473503e-20,
        "var": 0.000462092633825
    },
    "spectral_energyband_high": {
        "dmean": 0.000620224222075,
        "dmean2": 0.000943342922255,
        "dvar": 6.41314727545e-07,
        "dvar2": 1.50513642438e-06,
        "max": 0.0105108097196,
        "mean": 0.00231598410755,
        "median": 0.00216461136006,
        "min": 8.60658405245e-21,
        "var": 3.13917439598e-06
    },
    "spectral_energyband_low": {
        "dmean": 0.00850877538323,
        "dmean2": 0.014316928573,
        "dvar": 0.000344936386682,
        "dvar2": 0.000895645236596,
        "max": 0.156770601869,
        "mean": 0.0122927241027,
        "median": 0.00817058701068,
        "min": 2.01616489555e-22,
        "var": 0.000304949702695
    },
    "spectral_energyband_middle_high": {
        "dmean": 0.00192993460223,
        "dmean2": 0.00288495910354,
        "dvar": 6.09147446085e-06,
        "dvar2": 1.35035325002e-05,
        "max": 0.0335981063545,
        "mean": 0.00680155213922,
        "median": 0.00547333201393,
        "min": 1.68886844972e-21,
        "var": 3.25245309796e-05
    },
    "spectral_energyband_middle_low": {
        "dmean": 0.00405560713261,
        "dmean2": 0.00690522836521,
        "dvar": 7.97659595264e-05,
        "dvar2": 0.000218622197281,
        "max": 0.0775116607547,
        "mean": 0.00780145265162,
        "median": 0.00586481858045,
        "min": 3.04627814581e-22,
        "var": 7.64158467064e-05
    },
    "spectral_entropy": {
        "dmean": 0.104187481105,
        "dmean2": 0.15325576067,
        "dvar": 0.0147710321471,
        "dvar2": 0.0251935068518,
        "max": 9.82189464569,
        "mean": 7.83607721329,
        "median": 7.91968107224,
        "min": 6.53010654449,
        "var": 0.098186224699
    },
    "spectral_flux": {
        "dmean": 0.0256713740528,
        "dmean2": 0.040625076741,
        "dvar": 0.0012964415364,
        "dvar2": 0.00271447678097,
        "max": 0.316211372614,
        "mean": 0.0935972258449,
        "median": 0.0891824290156,
        "min": 1.07399013294e-10,
        "var": 0.00286675407551
    },
    "spectral_kurtosis": {
        "dmean": 0.848010182381,
        "dmean2": 1.42442321777,
        "dvar": 0.91859459877,
        "dvar2": 2.7121925354,
        "max": 11.8997840881,
        "mean": 1.53518426418,
        "median": 1.18615293503,
        "min": -1.19235634804,
        "var": 1.98698353767
    },
    "spectral_rms": {
        "dmean": 0.000860487634782,
        "dmean2": 0.00139424507506,
        "dvar": 1.54759084126e-06,
        "dvar2": 3.81043878406e-06,
        "max": 0.0128529416397,
        "mean": 0.00483047030866,
        "median": 0.0049674352631,
        "min": 3.35458136963e-12,
        "var": 3.72873296328e-06
    },
    "spectral_rolloff": {
        "dmean": 870.827880859,
        "dmean2": 1416.37182617,
        "dvar": 1106715.5,
        "dvar2": 2415103.5,
        "max": 18044.8242188,
        "mean": 2590.83032227,
        "median": 2713.18359375,
        "min": 86.1328125,
        "var": 2520182
    },
    "spectral_skewness": {
        "dmean": 0.139607265592,
        "dmean2": 0.225971654058,
        "dvar": 0.0170935634524,
        "dvar2": 0.045447383076,
        "max": 2.15832471848,
        "mean": 0.834351360798,
        "median": 0.820579767227,
        "min": -0.0180132761598,
        "var": 0.0525545664132
    },
    "spectral_spread": {
        "dmean": 399017.1875,
        "dmean2": 549978.875,
        "dvar": 1.12345166643e+12,
        "dvar2": 1.2397150208e+12,
        "max": 40012968,
        "mean": 4498956,
        "median": 4398511.5,
        "min": 2125758.25,
        "var": 1.78177612186e+12
    },
    "spectral_strongpeak": {
        "dmean": 0.668699264526,
        "dmean2": 1.18631565571,
        "dvar": 2.03750252724,
        "dvar2": 5.13395786285,
        "max": 10.5706090927,
        "mean": 0.825123548508,
        "median": 0.319531470537,
        "min": 4.00813071622e-09,
        "var": 2.25144410133
    },
    "zerocrossingrate": {
        "dmean": 0.0119772516191,
        "dmean2": 0.0149056268856,
        "dvar": 0.000260423781583,
        "dvar2": 0.00033298364724,
        "max": 0.5009765625,
        "mean": 0.0888422653079,
        "median": 0.0908203125,
        "min": 0.01611328125,
        "var": 0.00105467590038
    },
    "barkbands": {
        "dmean": [6.41369406367e-05, 0.0057792016305, 0.00336907035671, 0.00154752470553, 0.00181943364441, 0.000584994559176, 0.00097271532286, 0.000379043107387, 0.00037287484156, 0.00037003547186, 0.000614630873315, 0.000273010402452, 0.00038576751831, 0.000274142046692, 0.000409273634432, 0.000457997055491, 0.000382709346013, 0.00034490818507, 0.000381966063287, 0.000286162859993, 0.00031712272903, 0.000185085460544, 0.000106361119833, 0.000117585572298, 5.06566939293e-05, 5.95506399748e-08, 2.17206146402e-08],
        "dmean2": [0.000108186664875, 0.00982815679163, 0.00589131424204, 0.00271145370789, 0.00320140481927, 0.000949282664806, 0.00165466940962, 0.000641131424345, 0.000594708020799, 0.0006057441351, 0.000956127478275, 0.000455595232779, 0.00060627469793, 0.000433372071711, 0.000657140335534, 0.000744818127714, 0.000614908232819, 0.000574176141527, 0.000622550258413, 0.000459708331618, 0.000501074711792, 0.000298298837151, 0.000170072744368, 0.000180295959581, 7.8944634879e-05, 9.81052252769e-08, 3.97861157353e-08],
        "dvar": [1.74292527078e-08, 0.000178132177098, 5.57254752493e-05, 6.38752908344e-06, 2.71596472885e-05, 8.49369087064e-07, 5.47700119569e-06, 7.88913212091e-07, 6.81746030295e-07, 6.4080137463e-07, 1.6927415345e-06, 3.55278984898e-07, 1.51157223627e-06, 5.84708232054e-07, 1.01016132703e-06, 7.96431208983e-07, 5.56307441002e-07, 4.04237482599e-07, 2.9706959026e-07, 1.42186479479e-07, 2.52364912967e-07, 6.12052062365e-08, 2.10816839541e-08, 2.78723835123e-08, 7.07867453542e-09, 1.06954697784e-14, 4.18830687363e-15],
        "dvar2": [4.67371243928e-08, 0.000476729735965, 0.000158716313308, 1.85976750799e-05, 7.423513307e-05, 2.0899460651e-06, 1.50768719323e-05, 2.14227429751e-06, 1.65830749665e-06, 1.77936874479e-06, 3.79766288461e-06, 8.69542816417e-07, 3.47980244442e-06, 1.39829387535e-06, 2.51962046605e-06, 1.9035197738e-06, 1.27348312162e-06, 1.0804063777e-06, 7.297768434e-07, 3.55456506895e-07, 6.2823147573e-07, 1.50097960727e-07, 5.08607520544e-08, 5.77734411422e-08, 1.73701177886e-08, 2.82199461824e-14, 1.19079949013e-14],
        "max": [0.00164430821314, 0.12563842535, 0.0768761411309, 0.020754640922, 0.050408475101, 0.00997762102634, 0.0270238742232, 0.0117456940934, 0.0138426478952, 0.0132848974317, 0.0214406978339, 0.011378519237, 0.0257731396705, 0.0162914209068, 0.0138709023595, 0.0135174775496, 0.0154524110258, 0.00908958911896, 0.00541060231626, 0.00446886010468, 0.00888604484499, 0.00260338000953, 0.00168360280804, 0.00273163360544, 0.00113458407577, 1.59530259225e-06, 6.03065359428e-07],
        "mean": [6.57083437545e-05, 0.00674682157114, 0.00407458236441, 0.00241440208629, 0.00199983129278, 0.00103917601518, 0.00118572660722, 0.000473777210573, 0.000583318760619, 0.000559959327802, 0.00096981273964, 0.000391461304389, 0.000514702638611, 0.000433285196777, 0.000625631713774, 0.000734295404982, 0.000769370584749, 0.000755600631237, 0.000817567983177, 0.000638858182356, 0.000755594694056, 0.000475030217785, 0.000261341832811, 0.00034888467053, 0.000103952690552, 9.36469675139e-08, 1.45009018127e-08],
        "median": [2.64326044999e-05, 0.00362929515541, 0.00251349946484, 0.00148723227903, 0.000978168798611, 0.000614184187725, 0.000456961919554, 0.0002429712913, 0.000241894333158, 0.000249113247264, 0.000222001996008, 0.000164277051226, 0.000142930744914, 0.000108923515654, 0.000251111632679, 0.000392576504964, 0.000450984662166, 0.000421048869612, 0.000530490651727, 0.000460839975858, 0.000463445001515, 0.000380069657695, 0.00022071271087, 0.000294743542327, 6.85346240061e-05, 5.47518368421e-08, 5.73816993921e-10],
        "min": [1.44865848655e-23, 2.67512420172e-23, 8.59453417057e-23, 1.23737086522e-22, 1.92627731929e-23, 2.40541944243e-23, 1.44244100044e-23, 3.35197222266e-23, 8.2686456332e-23, 3.12330984523e-23, 4.57434438082e-23, 1.64065978403e-22, 1.01034256582e-22, 8.42203427197e-23, 2.96393116473e-22, 9.47140418491e-23, 1.88788033514e-22, 1.92126303538e-22, 3.30431315951e-22, 3.08264753655e-22, 3.7109428096e-22, 6.63301663604e-22, 7.08709204128e-22, 8.74981292006e-22, 1.30739227962e-21, 1.91509416835e-21, 2.83485155874e-21],
        "var": [1.54731729651e-08, 0.000148923732922, 4.01843826694e-05, 7.89262048784e-06, 1.9866749426e-05, 1.7011232103e-06, 5.13679242431e-06, 7.24420829101e-07, 1.20721563235e-06, 1.13701810278e-06, 4.64261393063e-06, 5.39075472261e-07, 2.20712445298e-06, 1.34455547141e-06, 1.51238452872e-06, 1.29663385451e-06, 1.3883657175e-06, 1.29524698878e-06, 7.41240910429e-07, 3.73902253159e-07, 6.80190623825e-07, 1.80289191576e-07, 5.2294840458e-08, 1.12987713408e-07, 1.56565782561e-08, 1.57134386476e-14, 2.82924145097e-15]
    },
    "erbbands": {
        "dmean": [0.0840951725841, 1.56279921532, 3.97018504143, 4.37311172485, 7.12104082108, 4.9083147049, 3.71923327446, 5.43107557297, 10.6313676834, 13.6576347351, 7.45914077759, 8.96223640442, 8.43968486786, 19.7667331696, 17.3451919556, 10.4152126312, 15.8719749451, 13.9736671448, 14.4061670303, 23.8636569977, 19.6643314362, 19.9900054932, 20.7531089783, 19.8207511902, 13.3669090271, 11.284485817, 12.9650707245, 12.9666452408, 7.32860946655, 4.22355794907, 2.81095457077, 2.60529255867, 2.01334881783, 0.991708576679, 0.0791457593441, 0.00337440194562, 0.000161390285939, 2.58962463704e-05, 9.52178288571e-06, 1.25643082356e-05],
        "dmean2": [0.146629065275, 2.62825059891, 6.83745098114, 7.63924455643, 12.7528247833, 8.59096050262, 6.21174716949, 8.68167209625, 17.4361305237, 23.7287254333, 12.4109230042, 14.748260498, 13.7430200577, 30.5052986145, 26.7073059082, 17.2570095062, 25.0945186615, 22.0591392517, 22.7921829224, 37.9455795288, 31.7441635132, 33.0057563782, 34.7565536499, 32.5871009827, 20.8376541138, 18.4087696075, 20.646402359, 20.3079681396, 11.5913591385, 6.69815969467, 4.52377796173, 4.10877990723, 3.03383469582, 1.51316606998, 0.126727506518, 0.00536342337728, 0.000248939730227, 4.13006091549e-05, 1.52010034071e-05, 2.07117664104e-05],
        "dvar": [0.0361058823764, 12.7169160843, 76.7931594849, 61.9591598511, 405.466369629, 151.532012939, 32.6222801208, 85.4169616699, 468.641143799, 1560.51330566, 253.80178833, 465.495269775, 265.778686523, 1886.35412598, 1729.26025391, 503.508575439, 2528.42089844, 1577.34240723, 732.527648926, 2316.77978516, 1218.6027832, 1201.59326172, 1880.96984863, 968.520202637, 287.111297607, 225.604751587, 340.555419922, 449.990753174, 90.3194656372, 33.7679786682, 15.4515800476, 13.8218193054, 7.74288368225, 2.57609319687, 0.026257455349, 4.46532249043e-05, 7.11505876438e-08, 1.97520311218e-09, 2.2770574315e-10, 4.75637029762e-10],
        "dvar2": [0.0997514054179, 33.8193092346, 211.100524902, 178.239624023, 1126.12109375, 417.734558105, 80.7711257935, 203.725067139, 1223.16357422, 4289.93701172, 620.823059082, 1144.70349121, 753.027038574, 4478.95019531, 3767.45507812, 1205.40209961, 5755.20507812, 3780.10717773, 1798.35827637, 5632.86865234, 3003.57128906, 2973.42138672, 4923.68798828, 2396.98632812, 670.289916992, 559.784851074, 883.098937988, 1114.55310059, 219.497894287, 81.169960022, 36.9961738586, 31.4714641571, 16.1185836792, 6.00675058365, 0.0616428144276, 0.000103336722532, 1.58126638894e-07, 4.99979169177e-09, 5.77146885838e-10, 1.21403476161e-09],
        "max": [1.82211172581, 33.1273117065, 83.0796890259, 79.866065979, 180.633148193, 112.065742493, 77.3187713623, 116.988296509, 253.836135864, 380.311737061, 243.451141357, 349.064178467, 380.378631592, 651.885986328, 821.485229492, 380.010498047, 1139.51550293, 865.200500488, 307.104309082, 707.105102539, 458.862670898, 748.25177002, 648.892578125, 381.122589111, 243.733642578, 156.935440063, 216.454727173, 381.800384521, 97.4728546143, 55.7417984009, 49.8174476624, 62.0302467346, 43.4183082581, 22.3457622528, 2.56417393684, 0.106549486518, 0.00427862536162, 0.000483458075905, 0.000145308513311, 0.000190874561667],
        "mean": [0.0955493599176, 1.83586919308, 4.96811342239, 6.98557281494, 7.78474998474, 5.81387042999, 6.16918992996, 9.83812141418, 14.8172492981, 15.3538618088, 10.6540174484, 13.9074993134, 14.4674339294, 30.4445667267, 28.7034816742, 16.5905151367, 23.4957237244, 23.6942615509, 24.4809436798, 40.5441818237, 38.2803955078, 44.0312347412, 46.4272003174, 44.0671310425, 33.1344108582, 26.8694019318, 30.4244709015, 29.1691913605, 18.927898407, 10.6490345001, 7.10339021683, 7.05614614487, 5.73134326935, 2.30530548096, 0.124546445906, 0.00572931254283, 0.000385400053347, 6.58755598124e-05, 3.06490037474e-05, 3.86144820368e-05],
        "median": [0.0522288456559, 0.988976538181, 3.03159070015, 4.7494058609, 3.67243385315, 3.06933283806, 4.323158741, 4.71710920334, 6.94789981842, 6.66480875015, 5.91765880585, 5.39902925491, 7.99835538864, 9.28152656555, 7.66827058792, 7.31377887726, 7.26952981949, 6.45932912827, 10.9600543976, 20.7553958893, 23.9481678009, 28.0789527893, 24.2506465912, 27.1962528229, 25.4538421631, 19.8355693817, 19.9783058167, 18.2869930267, 14.244468689, 8.94797897339, 6.16467618942, 5.93314170837, 4.83621835709, 1.59175038338, 0.0567784011364, 0.00295475381427, 0.000279413157841, 5.19080458616e-05, 2.86106605927e-05, 3.6507139157e-05],
        "min": [5.01783794277e-22, 8.44295900311e-21, 8.23057957305e-20, 2.97514015471e-19, 1.88370377078e-19, 7.6059141002e-20, 6.60885579299e-20, 2.7617986425e-19, 1.84353510475e-19, 5.45306049225e-19, 9.08577459575e-19, 2.14633992252e-18, 8.92991205485e-19, 1.5055259971e-18, 3.0963285251e-18, 6.21586732459e-18, 4.78414465649e-18, 3.93790787057e-18, 1.07797780381e-17, 1.02510342644e-17, 7.18665683124e-18, 1.11614292466e-17, 9.69996902187e-18, 1.49978962363e-17, 1.50691975508e-17, 1.68077376381e-17, 1.61489445285e-17, 1.58863825128e-17, 2.42014419126e-17, 1.8319774167e-17, 2.22389989227e-17, 1.77893809952e-17, 1.49715108292e-17, 1.40924825358e-17, 9.89276331596e-18, 7.24158741418e-18, 3.37877989181e-18, 1.64121897953e-18, 4.23232440484e-19, 3.7207314198e-20],
        "var": [0.0293024946004, 10.8006916046, 59.5902519226, 62.3440322876, 282.505981445, 119.270690918, 48.1810646057, 201.21005249, 678.391845703, 1189.15466309, 336.242858887, 761.21105957, 553.990234375, 4014.59863281, 4886.26660156, 868.972229004, 3785.60546875, 3641.85693359, 1382.75378418, 3799.87158203, 2363.27099609, 3457.88085938, 5723.80566406, 2491.52636719, 908.672546387, 627.723815918, 988.220031738, 1093.69555664, 302.180084229, 87.8514022827, 37.804233551, 46.0796966553, 30.841342926, 6.76212978363, 0.0419450812042, 7.70757178543e-05, 1.85954803555e-07, 4.35328884052e-09, 4.94002505569e-10, 7.02414126863e-10]
    },
    "gfcc": {
        "mean": [4.09747886658, 95.6032333374, -144.846817017, 81.9222259521, -71.4720458984, 25.0159854889, -36.7453651428, 7.06559562683, -10.620554924, -16.9180660248, -0.295390248299, -17.8472747803, 5.85776948929],
        "cov": [[8751.96777344, -517.398010254, -244.73425293, 27.9412879944, -518.086608887, 392.923095703, -112.329795837, 91.2970046997, -71.1571960449, 285.578887939, 7.8173494339, 23.9475593567, -24.2803115845], [-517.398010254, 593.876159668, -24.8938961029, -11.2625627518, 182.507278442, -215.414978027, 121.827316284, -59.7564888, 66.6846847534, -120.432662964, 23.1815662384, -40.3641853333, 10.1397972107], [-244.73425293, -24.8938961029, 324.079864502, 76.0818405151, 11.7935009003, 52.9272384644, -60.7874412537, 63.0509033203, 32.7224159241, 0.0239129904658, 4.94142007828, 14.2718791962, -5.66707658768], [27.9412879944, -11.2625627518, 76.0818405151, 192.501953125, 63.8031921387, -24.4541416168, 2.33447408676, 18.9846134186, 53.1579627991, -32.2376747131, 5.88032197952, 17.5679092407, 1.39199709892], [-518.086608887, 182.507278442, 11.7935009003, 63.8031921387, 223.707519531, -66.1933135986, 63.0181846619, 4.16575050354, 30.2288913727, -52.3989219666, -5.33022928238, 0.305850058794, 17.9925479889], [392.923095703, -215.414978027, 52.9272384644, -24.4541416168, -66.1933135986, 256.237945557, -1.73638939857, 20.2872447968, -28.9774703979, 82.4199371338, 14.422750473, 11.220746994, 1.07149457932], [-112.329795837, 121.827316284, -60.7874412537, 2.33447408676, 63.0181846619, -1.73638939857, 133.559616089, -23.1060180664, 10.0168151855, -15.1136579514, 10.8238449097, -4.06788873672, 10.0023183823], [91.2970046997, -59.7564888, 63.0509033203, 18.9846134186, 4.16575050354, 20.2872447968, -23.1060180664, 116.106109619, 31.3346862793, 11.1182203293, -8.87428951263, 14.8318376541, 16.586605072], [-71.1571960449, 66.6846847534, 32.7224159241, 53.1579627991, 30.2288913727, -28.9774703979, 10.0168151855, 31.3346862793, 95.8332595825, -8.52977371216, 10.191362381, -1.31562936306, -6.99486780167], [285.578887939, -120.432662964, 0.0239129904658, -32.2376747131, -52.3989219666, 82.4199371338, -15.1136579514, 11.1182203293, -8.52977371216, 122.762588501, 18.6173229218, -0.758570969105, 14.8780050278], [7.8173494339, 23.1815662384, 4.94142007828, 5.88032197952, -5.33022928238, 14.422750473, 10.8238449097, -8.87428951263, 10.191362381, 18.6173229218, 58.0954971313, 19.8021888733, -0.271665096283], [23.9475593567, -40.3641853333, 14.2718791962, 17.5679092407, 0.305850058794, 11.220746994, -4.06788873672, 14.8318376541, -1.31562936306, -0.758570969105, 19.8021888733, 57.6957244873, 17.6949043274], [-24.2803115845, 10.1397972107, -5.66707658768, 1.39199709892, 17.9925479889, 1.07149457932, 10.0023183823, 16.586605072, -6.99486780167, 14.8780050278, -0.271665096283, 17.6949043274, 61.3614082336]],
        "icov": [[0.00018089688092, -0.000444322184194, 0.000389397231629, -0.000574106816202, 0.000549345684703, -0.000410628475947, 0.000244228664087, -0.000408772146329, 0.000367598753655, -0.000524302304257, 0.00045881717233, -0.000384632323403, 0.000392741465475], [-0.000444322184194, 0.0082790562883, -0.00300229154527, 0.00546429352835, -0.00421916646883, 0.0050091734156, -0.00445426208898, 0.00385546125472, -0.00504520256072, 0.00591452047229, -0.00709155621007, 0.00675954483449, -0.00510140461847], [0.000389397231629, -0.00300229154527, 0.00583688076586, -0.00369916018099, 0.00133585685398, -0.00334816100076, 0.00384930637665, -0.00327790621668, 0.00147562357597, -0.00171130371746, 0.0017994265072, -0.00216849567369, 0.00241498276591], [-0.000574106816202, 0.00546429352835, -0.00369916018099, 0.0115673812106, -0.00482747377828, 0.00341518758796, -0.00252519454807, 0.00375379039906, -0.00707703409716, 0.00539004476741, -0.00448629911989, 0.00227845460176, -0.00377189833671], [0.000549345684703, -0.00421916646883, 0.00133585685398, -0.00482747377828, 0.00955006387085, -0.00167623790912, -0.000870391435456, -0.00266747665592, 0.00241313478909, -0.00193067803048, 0.00418323744088, -0.00279411557131, 0.000806837168057], [-0.000410628475947, 0.0050091734156, -0.00334816100076, 0.00341518758796, -0.00167623790912, 0.00922574289143, -0.00474003050476, 0.00144205393735, -0.000840172288008, -7.4514944572e-05, -0.00415844796225, 0.00286659994163, -0.00158643047325], [0.000244228664087, -0.00445426208898, 0.00384930637665, -0.00252519454807, -0.000870391435456, -0.00474003050476, 0.0134380990639, -0.00042436295189, 0.00071140518412, -0.00129447504878, 0.00116241769865, -0.00196293951012, 0.000473846972454], [-0.000408772146329, 0.00385546125472, -0.00327790621668, 0.00375379039906, -0.00266747665592, 0.00144205393735, -0.00042436295189, 0.0145990075544, -0.00769878458232, 0.00227198703215, 0.000781421840657, -0.00018687346892, -0.00567799154669], [0.000367598753655, -0.00504520256072, 0.00147562357597, -0.00707703409716, 0.00241313478909, -0.000840172288008, 0.00071140518412, -0.00769878458232, 0.0190411135554, -0.0047887051478, 0.000376065785531, -0.001397727523, 0.0062845768407], [-0.000524302304257, 0.00591452047229, -0.00171130371746, 0.00539004476741, -0.00193067803048, -7.4514944572e-05, -0.00129447504878, 0.00227198703215, -0.0047887051478, 0.0177613440901, -0.0101412124932, 0.0087683191523, -0.00872668623924], [0.00045881717233, -0.00709155621007, 0.0017994265072, -0.00448629911989, 0.00418323744088, -0.00415844796225, 0.00116241769865, 0.000781421840657, 0.000376065785531, -0.0101412124932, 0.030411651358, -0.0164056848735, 0.00743399746716], [-0.000384632323403, 0.00675954483449, -0.00216849567369, 0.00227845460176, -0.00279411557131, 0.00286659994163, -0.00196293951012, -0.00018687346892, -0.001397727523, 0.0087683191523, -0.0164056848735, 0.0307000037283, -0.0115924207494], [0.000392741465475, -0.00510140461847, 0.00241498276591, -0.00377189833671, 0.000806837168057, -0.00158643047325, 0.000473846972454, -0.00567799154669, 0.0062845768407, -0.00872668623924, 0.00743399746716, -0.0115924207494, 0.0250607524067]]
    },
    "melbands": {
        "dmean": [0.00121352775022, 0.0020919109229, 0.00082662072964, 0.000459817441879, 0.000131846798467, 0.00011888120207, 0.000173973079654, 0.000136418369948, 6.28946218058e-05, 5.53528443561e-05, 4.42571836174e-05, 7.84830554039e-05, 6.70299632475e-05, 3.04338827846e-05, 3.03750548483e-05, 4.48535902251e-05, 2.65709677478e-05, 2.1979036319e-05, 3.8997764932e-05, 3.64307743439e-05, 2.28809112741e-05, 2.52131540037e-05, 1.86061934073e-05, 1.70597759279e-05, 1.87676469068e-05, 1.29284062496e-05, 1.00802517409e-05, 9.11643928703e-06, 8.93230298971e-06, 8.4635858002e-06, 8.33531612443e-06, 4.93398874823e-06, 3.97720395995e-06, 2.24017003347e-06, 1.8419520984e-06, 1.81859672921e-06, 1.77666322543e-06, 1.64072764619e-06, 1.37402514611e-06, 7.50627634716e-07],
        "dmean2": [0.00207629846409, 0.00355053460225, 0.0014518040698, 0.000811351812445, 0.000220381945837, 0.000191613275092, 0.000289836199954, 0.000236895284615, 0.000102305384644, 9.11006136448e-05, 7.23347620806e-05, 0.000122379220556, 0.000103520949779, 4.86950339109e-05, 4.90972088301e-05, 7.07815343048e-05, 4.19457501266e-05, 3.40459264407e-05, 6.28445559414e-05, 5.92953219893e-05, 3.67106476915e-05, 4.09691747336e-05, 3.10227114824e-05, 2.78330753645e-05, 3.10359282594e-05, 2.07888115256e-05, 1.62593478308e-05, 1.49410616359e-05, 1.45506592162e-05, 1.33016537802e-05, 1.33464818646e-05, 7.92177252151e-06, 6.44179590381e-06, 3.61889260603e-06, 2.99100679513e-06, 3.02166859001e-06, 2.83407689494e-06, 2.52911854659e-06, 2.10223970498e-06, 1.18917137115e-06],
        "dvar": [7.75262287789e-06, 2.12730774365e-05, 2.22446487896e-06, 1.76527350959e-06, 4.0052050565e-08, 3.81637228486e-08, 1.42158640415e-07, 1.51169047058e-07, 2.00702547914e-08, 1.64942814962e-08, 7.96315191565e-09, 2.86689250117e-08, 2.29804797414e-08, 4.81707118638e-09, 5.29857269171e-09, 2.67584443492e-08, 7.11133552045e-09, 1.98830263365e-09, 1.11571250017e-08, 6.62060983814e-09, 2.10884776308e-09, 1.83145920651e-09, 1.48645540321e-09, 9.80096559466e-10, 9.42882660837e-10, 3.28636562408e-10, 1.87503984561e-10, 1.74175049383e-10, 1.69269237515e-10, 2.32738772699e-10, 1.82481668665e-10, 4.48377723838e-11, 2.69913518619e-11, 1.06815598033e-11, 6.59719067569e-12, 6.91874162129e-12, 6.02232673452e-12, 4.93658889808e-12, 3.71598194923e-12, 1.88670129866e-12],
        "dvar2": [2.08694600587e-05, 5.63304747629e-05, 6.39661720925e-06, 4.83583471578e-06, 1.05335601575e-07, 9.14869602298e-08, 3.81758610501e-07, 4.13685086187e-07, 4.63480667179e-08, 4.02605380145e-08, 2.26468976905e-08, 6.92418069548e-08, 4.96189933585e-08, 1.10959126332e-08, 1.23190151413e-08, 6.0932158874e-08, 1.69786353865e-08, 4.86519002862e-09, 2.79291043626e-08, 1.56564876619e-08, 5.08803310595e-09, 4.41393543937e-09, 3.80933284916e-09, 2.43079667506e-09, 2.33220309731e-09, 8.04374622465e-10, 4.57268223286e-10, 4.40862318873e-10, 4.40096459275e-10, 5.86686366155e-10, 4.53299314751e-10, 1.12730942636e-10, 6.90403983983e-11, 2.60874273572e-11, 1.62391714659e-11, 1.75061770635e-11, 1.37991814156e-11, 1.05009802936e-11, 8.30805996915e-12, 4.54709273706e-12],
        "max": [0.0269283242524, 0.0377933904529, 0.0129775106907, 0.0131629314274, 0.002441002056, 0.00227787205949, 0.00439399341121, 0.00362567440607, 0.00245043449104, 0.00189074198715, 0.0019805165939, 0.00239341030829, 0.00320263300091, 0.00147642183583, 0.00152086361777, 0.00353816151619, 0.00198884960264, 0.000696323346347, 0.00148905836977, 0.00129952037241, 0.000725271878764, 0.000595562742092, 0.000877019716427, 0.000468415440992, 0.000372677022824, 0.000209626086871, 0.000189644793863, 0.000142754855915, 0.000165194927831, 0.000329355621943, 0.000187592449947, 6.88754080329e-05, 5.35564577149e-05, 3.18086676998e-05, 3.56571399607e-05, 3.00026622426e-05, 4.0686903958e-05, 3.48983703589e-05, 3.13714444928e-05, 1.76681060111e-05],
        "mean": [0.00141059688758, 0.00269220862538, 0.00124961184338, 0.000499936926644, 0.000217755266931, 0.000218744040467, 0.00023101066472, 0.000153908724315, 8.76698904904e-05, 8.58986750245e-05, 7.14002017048e-05, 0.000119182564958, 0.00010778503929, 4.5408069127e-05, 4.61664239992e-05, 5.73745637666e-05, 4.28910643677e-05, 3.3270320273e-05, 5.733209764e-05, 5.74863988732e-05, 4.12848312408e-05, 4.84046177007e-05, 3.98258380301e-05, 3.55176707671e-05, 3.68638029613e-05, 2.69719803327e-05, 2.06817130675e-05, 1.79990001925e-05, 1.91192084458e-05, 1.77548699867e-05, 1.67265807249e-05, 1.08311523945e-05, 8.44417900225e-06, 4.91724449603e-06, 4.01166835218e-06, 4.11145538237e-06, 4.41112342742e-06, 4.17443288825e-06, 3.54526696356e-06, 1.31138915549e-06],
        "median": [0.000754570472054, 0.00158327887766, 0.000852920522448, 0.000243639296968, 0.000152987224283, 0.000114295959065, 0.000103473787021, 6.88369618729e-05, 4.36916598119e-05, 3.19711180055e-05, 3.61637576134e-05, 3.80777601094e-05, 2.58942127402e-05, 1.78296668309e-05, 1.74912747752e-05, 1.33392341013e-05, 1.03349048004e-05, 1.39156854857e-05, 2.08019646379e-05, 2.72442412097e-05, 2.36932010012e-05, 3.06039619318e-05, 2.00362519536e-05, 2.00308095373e-05, 2.04328589462e-05, 1.93834057427e-05, 1.42850940392e-05, 1.15489910968e-05, 1.27419561977e-05, 1.04524397102e-05, 9.8487125797e-06, 7.36695346859e-06, 7.0345658969e-06, 3.85741122955e-06, 3.31349497174e-06, 3.37547430718e-06, 3.56919758815e-06, 3.33294269694e-06, 2.75529805549e-06, 7.35925596018e-07],
        "min": [7.59164946419e-24, 3.16213095255e-23, 4.93269959315e-23, 7.40903210893e-24, 2.70694089474e-24, 5.42451997322e-24, 2.80434707273e-24, 6.54144012436e-24, 8.95243531455e-24, 1.25522411279e-23, 4.05597015382e-24, 5.95407007155e-24, 8.00027625765e-24, 2.19759230146e-23, 1.00074886548e-23, 9.80090097205e-24, 6.3071859064e-24, 1.37233619397e-23, 2.57385844286e-23, 4.45722070339e-24, 1.01313887263e-23, 1.25901963815e-23, 8.45107871055e-24, 8.4699340639e-24, 1.21509034092e-23, 1.35586919589e-23, 8.70983849809e-24, 1.11684047619e-23, 9.5594582591e-24, 9.85593111994e-24, 8.91486975825e-24, 1.56737227091e-23, 1.01567387715e-23, 9.84917610401e-24, 1.30332017332e-23, 1.21369823808e-23, 1.01744621094e-23, 1.00332560074e-23, 1.1278151091e-23, 1.2052137235e-23],
        "var": [6.51815116726e-06, 1.78054360731e-05, 1.99303076442e-06, 1.27674832129e-06, 5.62623370115e-08, 8.84371402776e-08, 1.66319196637e-07, 1.16178505039e-07, 2.97193416543e-08, 2.84981140908e-08, 1.57956669966e-08, 5.94495368489e-08, 6.27720169177e-08, 8.91860985064e-09, 9.38143429607e-09, 3.7392762664e-08, 1.68580935878e-08, 3.52317486296e-09, 1.57655541955e-08, 1.03596589085e-08, 4.09927247702e-09, 4.20333678974e-09, 5.01151786736e-09, 2.71321365375e-09, 2.1169650477e-09, 7.5593220572e-10, 4.66469196603e-10, 3.80194375982e-10, 4.0620984354e-10, 4.89197460318e-10, 3.97474941849e-10, 1.21999021996e-10, 6.05110614393e-11, 2.28106995098e-11, 1.36850582949e-11, 1.54213863901e-11, 1.98596902812e-11, 1.71903619811e-11, 1.30471310839e-11, 3.33684859258e-12]
    },
    "mfcc": {
        "mean": [-608.758117676, 81.7052001953, 4.989133358, 38.2010154724, 9.67506694794, 5.61186265945, 3.00510787964, 8.13393974304, 5.42259454727, -0.0322078131139, -4.59720420837, 2.25770735741, -1.36505901814],
        "cov": [[7673.55175781, -599.103393555, 114.354408264, -334.210998535, -257.550445557, 148.206069946, -8.37885189056, -110.360847473, -33.338508606, 59.1201553345, 134.834564209, 82.5360641479, 14.489947319], [-599.103393555, 620.644714355, -153.88583374, 156.946426392, 16.705904007, -62.1902275085, 19.1031513214, 19.3752880096, 20.5742607117, -22.5986347198, -22.3218917847, -1.66154909134, -29.3320007324], [114.354408264, -153.88583374, 334.091064453, -56.3256759644, 72.1914520264, 18.5639533997, -24.5973110199, 19.668718338, -10.1121025085, 39.7538528442, 22.61353302, 26.4460105896, 19.3427371979], [-334.210998535, 156.946426392, -56.3256759644, 292.982696533, 75.8552017212, -50.4002876282, -30.0935173035, 56.3030548096, 28.3860111237, -27.7114429474, -18.285987854, 8.2080116272, -6.49173927307], [-257.550445557, 16.705904007, 72.1914520264, 75.8552017212, 160.277404785, -17.7406234741, -11.1618480682, 47.4825248718, 25.0651950836, 7.52454805374, 1.81043195724, 10.5854816437, 5.46950626373], [148.206069946, -62.1902275085, 18.5639533997, -50.4002876282, -17.7406234741, 147.821975708, 50.5103645325, -1.71419668198, -14.6725072861, 24.9974861145, 14.5213527679, -10.3565216064, 17.8912696838], [-8.37885189056, 19.1031513214, -24.5973110199, -30.0935173035, -11.1618480682, 50.5103645325, 106.204833984, -4.34710121155, 18.7663230896, -0.166544497013, -1.27976715565, -8.82491016388, 3.51071238518], [-110.360847473, 19.3752880096, 19.668718338, 56.3030548096, 47.4825248718, -1.71419668198, -4.34710121155, 123.007484436, 8.68163871765, -2.43842887878, 4.4050154686, 5.07833862305, 9.59181308746], [-33.338508606, 20.5742607117, -10.1121025085, 28.3860111237, 25.0651950836, -14.6725072861, 18.7663230896, 8.68163871765, 91.0779495239, 15.0322980881, 0.977456986904, 3.03704333305, -1.51699376106], [59.1201553345, -22.5986347198, 39.7538528442, -27.7114429474, 7.52454805374, 24.9974861145, -0.166544497013, -2.43842887878, 15.0322980881, 80.9994888306, 19.606552124, 0.10613822192, 1.5199508667], [134.834564209, -22.3218917847, 22.61353302, -18.285987854, 1.81043195724, 14.5213527679, -1.27976715565, 4.4050154686, 0.977456986904, 19.606552124, 68.7061386108, 18.4249477386, 1.52372157574], [82.5360641479, -1.66154909134, 26.4460105896, 8.2080116272, 10.5854816437, -10.3565216064, -8.82491016388, 5.07833862305, 3.03704333305, 0.10613822192, 18.4249477386, 62.2287025452, 12.0849523544], [14.489947319, -29.3320007324, 19.3427371979, -6.49173927307, 5.46950626373, 17.8912696838, 3.51071238518, 9.59181308746, -1.51699376106, 1.5199508667, 1.52372157574, 12.0849523544, 55.5324821472]],
