{
"lowlevel": {
    "average_loudness": 0.92731243372,
    "barkbands_crest": {
        "dmean": 2.60017037392,
        "dmean2": 4.23047351837,
        "dvar": 5.3108382225,
        "dvar2": 14.4142837524,
        "max": 23.3930263519,
        "mean": 11.4831066132,
        "median": 11.0865793228,
        "min": 2.34655785561,
        "var": 14.2353115082
    },
    "barkbands_flatness_db": {
        "dmean": 0.035575941205,
        "dmean2": 0.0504157431424,
        "dvar": 0.00128737511113,
        "dvar2": 0.00250060437247,
        "max": 0.469152510166,
        "mean": 0.232620581985,
        "median": 0.225077286363,
        "min": 0.063933044672,
        "var": 0.0062829842791
    },
    "barkbands_kurtosis": {
        "dmean": 8.6322479248,
        "dmean2": 13.7184324265,
        "dvar": 176.853210449,
        "dvar2": 406.928131104,
        "max": 153.113601685,
        "mean": 14.3577127457,
        "median": 7.50142097473,
        "min": -1.95513236523,
        "var": 363.03237915
    },
    "barkbands_skewness": {
        "dmean": 0.944737136364,
        "dmean2": 1.48514294624,
        "dvar": 1.06115221977,
        "dvar2": 2.55097866058,
        "max": 10.221198082,
        "mean": 2.4690682888,
        "median": 2.21020317078,
        "min": -2.49406123161,
        "var": 2.95854640007
    },
    "barkbands_spread": {
        "dmean": 9.80708503723,
        "dmean2": 14.795003891,
        "dvar": 217.1822052,
        "dvar2": 434.607849121,
        "max": 116.982002258,
        "mean": 21.3168544769,
        "median": 11.8469686508,
        "min": 0.649291157722,
        "var": 524.185913086
    },
    "dissonance": {
        "dmean": 0.0279168765992,
        "dmean2": 0.0440851487219,
        "dvar": 0.000677340605762,
        "dvar2": 0.0016627862351,
        "max": 0.500000059605,
        "mean": 0.440344959497,
        "median": 0.447687745094,
        "min": 0.249893248081,
        "var": 0.00183126993943
    },
    "dynamic_complexity": 2.81961297989,
    "erbbands_crest": {
        "dmean": 3.27970147133,
        "dmean2": 5.10878801346,
        "dvar": 8.97898197174,
        "dvar2": 20.3269062042,
        "max": 33.2326316833,
        "mean": 11.7267284393,
        "median": 10.6777458191,
        "min": 3.0252892971,
        "var": 28.9218540192
    },
    "erbbands_flatness_db": {
        "dmean": 0.0234143435955,
        "dmean2": 0.0356043092906,
        "dvar": 0.00055465544574,
        "dvar2": 0.001094860374,
        "max": 0.365848749876,
        "mean": 0.188006088138,
        "median": 0.180393800139,
        "min": 0.102896206081,
        "var": 0.00179263320751
    },
    "erbbands_kurtosis": {
        "dmean": 3.43693256378,
        "dmean2": 5.31981897354,
        "dvar": 31.2963943481,
        "dvar2": 65.2099914551,
        "max": 99.2193374634,
        "mean": 4.28839445114,
        "median": 1.52190446854,
        "min": -1.89813685417,
        "var": 64.5576858521
    },
    "erbbands_skewness": {
        "dmean": 0.757571697235,
        "dmean2": 1.11163198948,
        "dvar": 0.778324246407,
        "dvar2": 1.41521990299,
        "max": 6.6960310936,
        "mean": 0.939784288406,
        "median": 0.940311253071,
        "min": -9.64228057861,
        "var": 2.82898902893
    },
    "erbbands_spread": {
        "dmean": 17.4814014435,
        "dmean2": 27.6997737885,
        "dvar": 452.277679443,
        "dvar2": 1041.9329834,
        "max": 170.690582275,
        "mean": 45.5944671631,
        "median": 39.5880470276,
        "min": 2.34335517883,
        "var": 844.93951416
    },
    "hfc": {
        "dmean": 15.4567956924,
        "dmean2": 24.1818313599,
        "dvar": 1496.18469238,
        "dvar2": 3446.30615234,
        "max": 1015.48248291,
        "mean": 27.7262382507,
        "median": 12.9911108017,
        "min": 5.00424648635e-05,
        "var": 3378.6081543
    },
    "melbands_crest": {
        "dmean": 3.23228955269,
        "dmean2": 5.20271778107,
        "dvar": 8.33982753754,
        "dvar2": 21.7462291718,
        "max": 31.0797481537,
        "mean": 16.2968196869,
        "median": 15.7289066315,
        "min": 5.25312662125,
        "var": 28.3853988647
    },
    "melbands_flatness_db": {
        "dmean": 0.0454736165702,
        "dmean2": 0.0626830533147,
        "dvar": 0.00227699428797,
        "dvar2": 0.00430609937757,
        "max": 0.589780032635,
        "mean": 0.284390956163,
        "median": 0.277021050453,
        "min": 0.0511330962181,
        "var": 0.010894196108
    },
    "melbands_kurtosis": {
        "dmean": 20.6635131836,
        "dmean2": 33.4556770325,
        "dvar": 1130.33972168,
        "dvar2": 2758.14990234,
        "max": 519.194274902,
        "mean": 34.7489547729,
        "median": 20.2139797211,
        "min": -1.82123529911,
        "var": 1839.88769531
    },
    "melbands_skewness": {
        "dmean": 1.29363310337,
        "dmean2": 2.0392229557,
        "dvar": 2.18292665482,
        "dvar2": 5.18663740158,
        "max": 17.3461589813,
        "mean": 3.75401902199,
        "median": 3.26539492607,
        "min": -0.869848847389,
        "var": 4.9473900795
    },
    "melbands_spread": {
        "dmean": 10.2036752701,
        "dmean2": 15.9781560898,
        "dvar": 397.883636475,
        "dvar2": 897.572753906,
        "max": 312.237213135,
        "mean": 19.6516075134,
        "median": 9.42115879059,
        "min": 0.489380389452,
        "var": 896.717773438
    },
    "pitch_salience": {
        "dmean": 0.0741645246744,
        "dmean2": 0.117373682559,
        "dvar": 0.00478411512449,
        "dvar2": 0.011754383333,
        "max": 0.808354794979,
        "mean": 0.496679961681,
        "median": 0.492924034595,
        "min": 0.129767909646,
        "var": 0.0142749203369
    },
    "silence_rate_20dB": {
        "dmean": 0,
        "dmean2": 0,
        "dvar": 0,
        "dvar2": 0,
        "max": 1,
        "mean": 1,
        "median": 1,
        "min": 1,
        "var": 0
    },
    "silence_rate_30dB": {
        "dmean": 0.0317583270371,
        "dmean2": 0.0635412633419,
        "dvar": 0.0307494029403,
        "dvar2": 0.0711282864213,
        "max": 1,
        "mean": 0.97367399931,
        "median": 1,
        "min": 0,
        "var": 0.0256333723664
    },
    "silence_rate_60dB": {
        "dmean": 0.000774593325332,
        "dmean2": 0.00154978688806,
        "dvar": 0.00077398942085,
        "dvar2": 0.00154736742843,
        "max": 1,
        "mean": 0.00851722806692,
        "median": 0,
        "min": 0,
        "var": 0.00844462122768
    },
    "spectral_centroid": {
        "dmean": 401.544708252,
        "dmean2": 600.920471191,
        "dvar": 365559.28125,
        "dvar2": 696420.25,
        "max": 7106.28076172,
        "mean": 1136.49389648,
        "median": 744.243469238,
        "min": 141.36378479,
        "var": 1038058.875
    },
    "spectral_complexity": {
        "dmean": 3.82726573944,
        "dmean2": 5.75745820999,
        "dvar": 37.9491233826,
        "dvar2": 73.0027694702,
        "max": 57,
        "mean": 11.8219127655,
        "median": 9,
        "min": 0,
        "var": 82.350769043
    },
    "spectral_decrease": {
        "dmean": 3.06698066943e-09,
        "dmean2": 4.81848116962e-09,
        "dvar": 2.1664131558e-17,
        "dvar2": 4.76876935413e-17,
        "max": -3.02943806922e-14,
        "mean": -8.93678819835e-09,
        "median": -6.69529764963e-09,
        "min": -4.55487523254e-08,
        "var": 4.82910854023e-17
    },
    "spectral_energy": {
        "dmean": 0.0125106517226,
        "dmean2": 0.0195896569639,
        "dvar": 0.000327033310896,
        "dvar2": 0.000722002878319,
        "max": 0.175525009632,
        "mean": 0.0362443812191,
        "median": 0.027923963964,
        "min": 1.18877039768e-07,
        "var": 0.000746440317016
    },
    "spectral_energyband_high": {
        "dmean": 0.0017206602497,
        "dmean2": 0.00270477915183,
        "dvar": 2.128603046e-05,
        "dvar2": 4.8380708904e-05,
        "max": 0.112720414996,
        "mean": 0.00234015053138,
        "median": 0.000375614414224,
        "min": 2.13861262033e-09,
        "var": 4.67904283141e-05
    },
    "spectral_energyband_low": {
        "dmean": 0.0096619008109,
        "dmean2": 0.0152448546141,
        "dvar": 0.000276142673101,
        "dvar2": 0.000630446127616,
        "max": 0.150519549847,
        "mean": 0.0195463933051,
        "median": 0.0114984121174,
        "min": 2.87322254877e-08,
        "var": 0.000467067264253
    },
    "spectral_energyband_middle_high": {
        "dmean": 0.00126006489154,
        "dmean2": 0.00190036790445,
        "dvar": 7.3930441431e-06,
        "dvar2": 1.71478859556e-05,
        "max": 0.0572321563959,
        "mean": 0.00272242235951,
        "median": 0.000668027205393,
        "min": 2.50035769866e-09,
        "var": 2.96235375572e-05
    },
    "spectral_energyband_middle_low": {
        "dmean": 0.00585475750268,
        "dmean2": 0.00986794847995,
        "dvar": 0.000165028919582,
        "dvar2": 0.000459802919067,
        "max": 0.141831368208,
        "mean": 0.0132291615009,
        "median": 0.00942646153271,
        "min": 8.64123776978e-08,
        "var": 0.00019876981969
    },
    "spectral_entropy": {
        "dmean": 0.344946801662,
        "dmean2": 0.501042664051,
        "dvar": 0.150106295943,
        "dvar2": 0.261441022158,
        "max": 8.59609603882,
        "mean": 7.17864704132,
        "median": 7.19868564606,
        "min": 4.80145359039,
        "var": 0.501700937748
    },
    "spectral_flux": {
        "dmean": 0.0307436026633,
        "dmean2": 0.0475033484399,
        "dvar": 0.0012446322944,
        "dvar2": 0.00239492347464,
        "max": 0.401764422655,
        "mean": 0.0920640975237,
        "median": 0.0774052515626,
        "min": 0.000344785512425,
        "var": 0.00364026008174
    },
    "spectral_kurtosis": {
        "dmean": 2.32996749878,
        "dmean2": 3.71277475357,
        "dvar": 14.4286432266,
        "dvar2": 32.5503616333,
        "max": 57.4641723633,
        "mean": 3.59591341019,
        "median": 2.19249343872,
        "min": -1.55261170864,
        "var": 23.6060733795
    },
    "spectral_rms": {
        "dmean": 0.000939806515817,
        "dmean2": 0.00145255925599,
        "dvar": 1.16812202577e-06,
        "dvar2": 2.58626982941e-06,
        "max": 0.0130860200152,
        "mean": 0.00559292081743,
        "median": 0.00521947257221,
        "min": 1.07692894744e-05,
        "var": 4.07957486459e-06
    },
    "spectral_rolloff": {
        "dmean": 756.398376465,
        "dmean2": 1310.21887207,
        "dvar": 2681762.25,
        "dvar2": 6020974,
        "max": 9646.875,
        "mean": 1290.11938477,
        "median": 387.59765625,
        "min": 86.1328125,
        "var": 4105026
    },
    "spectral_skewness": {
        "dmean": 0.420253425837,
        "dmean2": 0.625460743904,
        "dvar": 0.263650566339,
        "dvar2": 0.480071932077,
        "max": 6.02040290833,
        "mean": 1.44256699085,
        "median": 1.34202980995,
        "min": -0.678111374378,
        "var": 0.719385027885
    },
    "spectral_spread": {
        "dmean": 861215.5,
        "dmean2": 1311979.125,
        "dvar": 912420962304,
        "dvar2": 1.9240297431e+12,
        "max": 14131929,
        "mean": 5360434,
        "median": 5152827.5,
        "min": 1230489.375,
        "var": 3.02943148442e+12
    },
    "spectral_strongpeak": {
        "dmean": 0.466597318649,
        "dmean2": 0.82824587822,
        "dvar": 3.72908449173,
        "dvar2": 11.0380678177,
        "max": 62.688419342,
        "mean": 0.8522605896,
        "median": 0.405369728804,
        "min": 0,
        "var": 3.43722581863
    },
    "zerocrossingrate": {
        "dmean": 0.0165501255542,
        "dmean2": 0.0189602952451,
        "dvar": 0.000448750768555,
        "dvar2": 0.000499909510836,
        "max": 0.3955078125,
        "mean": 0.0544281415641,
        "median": 0.0380859375,
        "min": 0.00244140625,
        "var": 0.00263642100617
    },
    "barkbands": {
        "dmean": [0.000302902655676, 0.00564357079566, 0.00514589203522, 0.00239455513656, 0.00185375357978, 0.00205851043575, 0.00077912613051, 0.000268035219051, 0.000609309296124, 0.000362889084499, 0.0003157662577, 0.000147036465933, 8.66706104716e-05, 0.000108155938506, 0.000135519483592, 0.000126880462631, 0.000125904130982, 0.000223891198402, 0.000209536970942, 0.000260043423623, 0.000297362188576, 0.000252638099482, 0.000307950453134, 0.000734727131203, 0.000165688979905, 1.74135806219e-07, 6.4129402233e-08],
        "dmean2": [0.000506738841068, 0.00939829554409, 0.00828311964869, 0.00430069258437, 0.00319959572516, 0.00324282632209, 0.00123183964752, 0.000433591747424, 0.000875352474395, 0.000538317253813, 0.000483628769871, 0.000211473030504, 0.000139838622999, 0.000164982222486, 0.000209269186598, 0.000200130612939, 0.000201429065783, 0.000371929229004, 0.000339427031577, 0.000421417527832, 0.000474555272376, 0.000394541217247, 0.000508905213792, 0.00117448228411, 0.000272631907137, 3.08968594709e-07, 1.25060509504e-07],
        "dvar": [2.26627491884e-07, 7.40720424801e-05, 0.00016505747044, 8.30912686069e-05, 1.86749548448e-05, 1.26590330183e-05, 4.84560450786e-06, 1.12944189823e-06, 3.39835355589e-06, 1.56453018008e-06, 2.26460542763e-06, 2.81625176513e-07, 1.78073491952e-07, 9.71881419787e-08, 1.46747566987e-07, 1.17422096935e-07, 9.30689267875e-08, 3.63209238685e-07, 3.48551765228e-07, 5.71514476633e-07, 4.61839960053e-07, 6.05751324656e-07, 1.21917821616e-06, 1.05157841972e-05, 3.5512073282e-07, 4.94757067347e-13, 3.8235265106e-13],
        "dvar2": [5.89624050917e-07, 0.000195007523871, 0.000408831838286, 0.000239057088038, 5.29927710886e-05, 3.13615382765e-05, 1.16320024972e-05, 2.60095021076e-06, 6.86754037815e-06, 3.00128613162e-06, 5.09470146426e-06, 5.64254548863e-07, 3.62895633543e-07, 2.07388524132e-07, 3.12447980377e-07, 2.7805310765e-07, 2.20565070208e-07, 9.55444079409e-07, 8.84305222826e-07, 1.58419516083e-06, 1.14606359602e-06, 1.36713561005e-06, 2.76928199128e-06, 2.46782492468e-05, 9.16409874208e-07, 1.417532541e-12, 1.12904238909e-12],
        "max": [0.00757111469284, 0.083258420229, 0.1143104285, 0.102855302393, 0.0510152578354, 0.0522545129061, 0.0509133376181, 0.025928279385, 0.0490394830704, 0.0231709051877, 0.0502601750195, 0.0126970103011, 0.0142659740523, 0.00794005859643, 0.00799621082842, 0.00597785646096, 0.00787516217679, 0.00709005026147, 0.00675432477146, 0.0122006433085, 0.0102638732642, 0.0145991547033, 0.0292941480875, 0.109881058335, 0.0189891252667, 1.05292274384e-05, 1.24960588437e-05],
        "mean": [0.000570007192437, 0.0102442484349, 0.00730387959629, 0.00245805550367, 0.003076760564, 0.0044001955539, 0.00127291388344, 0.000442254182417, 0.00114249135368, 0.000624109059572, 0.000644911022391, 0.000255529274, 0.000105934079329, 0.000165748875588, 0.000232321937801, 0.000176602377906, 0.000173389111296, 0.00026472369791, 0.000228098899242, 0.000324046530295, 0.00037363654701, 0.000270657095825, 0.000347676395904, 0.000968390435446, 0.000177604379132, 1.49857669385e-07, 3.45661668177e-08],
        "median": [0.000234429855482, 0.00678134104237, 0.00284179905429, 0.000980662531219, 0.00180269544944, 0.00171367928851, 0.000198492925847, 5.68848299736e-05, 0.000130055777845, 4.01223005611e-05, 2.49895874731e-05, 2.23181486945e-05, 9.97083770926e-06, 2.25641942961e-05, 2.96496000374e-05, 1.63221047842e-05, 2.89152176265e-05, 4.22473603976e-05, 3.05195426336e-05, 4.9042453611e-05, 5.6785884226e-05, 2.5149412977e-05, 4.15808062826e-05, 9.85179140116e-05, 2.18926052185e-05, 1.45843026544e-08, 5.57309476346e-10],
        "min": [1.23503440808e-09, 4.85254947336e-09, 2.18578968258e-08, 9.93935156401e-09, 3.41774430979e-08, 1.76071814906e-08, 1.47157175334e-08, 6.89202828141e-09, 2.95905611125e-09, 2.27118421292e-10, 3.70862562882e-10, 8.55770385111e-11, 8.65158500396e-11, 2.65915095499e-10, 8.76749159384e-11, 3.69757141572e-11, 3.31239979889e-10, 5.5335575011e-10, 3.53468615488e-10, 5.44196132601e-10, 4.40226965992e-10, 3.31782573637e-10, 2.38687264398e-10, 4.93388607747e-10, 1.83805817788e-10, 3.18853493955e-12, 4.67600741114e-12],
        "var": [5.71565692553e-07, 0.000110643297376, 0.000182396295713, 5.18450178788e-05, 1.80494153028e-05, 4.19139687438e-05, 1.1290941984e-05, 2.06887716558e-06, 1.24904900076e-05, 4.83065332446e-06, 1.07756477519e-05, 1.03397132989e-06, 3.77171801347e-07, 2.56682795907e-07, 4.7252802915e-07, 2.35199308918e-07, 1.91756697632e-07, 3.94013170535e-07, 3.13002914254e-07, 5.70317467918e-07, 6.15069041032e-07, 8.36512924707e-07, 1.68942108303e-06, 2.68211188086e-05, 4.92364279125e-07, 3.79354018901e-13, 1.99683707612e-13]
    },
    "erbbands": {
        "dmean": [0.11790907383, 1.44948303699, 5.49752378464, 6.89856243134, 7.0810418129, 5.83303642273, 11.7555427551, 16.9225654602, 15.0124597549, 5.95745563507, 7.14265203476, 11.2488069534, 13.6229486465, 9.6707868576, 7.07787752151, 5.2424492836, 3.76101374626, 5.88013601303, 4.80311059952, 7.80600357056, 6.79908323288, 6.61945915222, 10.0617027283, 13.2660045624, 9.39170742035, 11.8292636871, 13.04945755, 10.8197717667, 8.9396572113, 8.94042491913, 9.06679534912, 12.552283287, 13.9836654663, 3.82014679909, 0.227338016033, 0.0104198399931, 0.000695460243151, 0.000124366852106, 3.28597234329e-05, 2.10178495763e-05],
        "dmean2": [0.198384717107, 2.3890941143, 8.79014873505, 11.6943473816, 12.5905857086, 9.81489086151, 19.0221805573, 26.5675945282, 23.7068862915, 9.34991550446, 10.9765996933, 16.186498642, 19.8658294678, 15.4965143204, 9.61906147003, 7.4296579361, 5.9207406044, 8.8899974823, 7.34557580948, 12.0357055664, 10.6234064102, 10.4351530075, 16.5578746796, 21.9114990234, 14.9310522079, 19.1430702209, 20.8230495453, 17.3502235413, 13.8593463898, 14.1522607803, 14.8224992752, 21.0231800079, 21.7199802399, 6.17000341415, 0.373928010464, 0.0170625336468, 0.00113396008965, 0.000209607431316, 5.45959155716e-05, 3.32059717039e-05],
        "dvar": [0.0266346633434, 5.7532286644, 153.966201782, 531.998901367, 506.4190979, 146.556091309, 490.988342285, 1135.83251953, 1730.52978516, 362.988037109, 470.381744385, 1274.35083008, 1897.27404785, 2830.34399414, 693.896789551, 325.449798584, 246.005279541, 387.743743896, 143.010040283, 522.702880859, 327.939422607, 292.101531982, 733.252685547, 1694.35839844, 709.586547852, 1307.35070801, 837.240966797, 737.55065918, 758.078308105, 931.636352539, 1128.66967773, 3523.96166992, 5455.97070312, 196.417282104, 0.520708799362, 0.00108428881504, 5.56738677915e-06, 2.60541696662e-07, 1.43354244031e-08, 1.38957101381e-09],
        "dvar2": [0.0766667574644, 14.7749710083, 370.597259521, 1436.57324219, 1463.33459473, 408.980712891, 1292.51037598, 2801.08496094, 4148.76269531, 696.09765625, 1001.54803467, 2573.09594727, 3762.09326172, 6366.90185547, 1310.07519531, 560.332946777, 524.173461914, 788.313659668, 309.616729736, 1204.75256348, 789.683410645, 683.676086426, 1917.64953613, 4559.01025391, 1782.16137695, 3591.19921875, 2053.85888672, 1809.97680664, 1697.91015625, 2132.72412109, 2496.91748047, 9086.89453125, 11924.0263672, 495.054046631, 1.38728415966, 0.00285397283733, 1.42118760778e-05, 7.04534102169e-07, 3.83652150049e-08, 3.25958104952e-09],
        "max": [1.79753911495, 23.9342784882, 112.755149841, 254.949035645, 236.175430298, 144.25440979, 328.649749756, 607.639953613, 874.034790039, 665.858093262, 494.964233398, 906.13494873, 1163.25708008, 1649.29724121, 602.764099121, 612.326477051, 499.615905762, 668.203430176, 255.75227356, 463.55847168, 317.05480957, 552.318664551, 398.041320801, 465.923187256, 344.990356445, 615.415649414, 339.522735596, 374.852325439, 583.137145996, 648.192565918, 959.184997559, 1784.9342041, 3221.9753418, 427.902862549, 15.3663330078, 0.704111278057, 0.052455060184, 0.00953612476587, 0.00240891496651, 0.000946184387431],
        "mean": [0.217891588807, 2.56793260574, 8.66873168945, 8.40459060669, 8.62987327576, 9.75389003754, 21.0779209137, 36.8056221008, 29.3510360718, 10.6718034744, 12.5900716782, 21.5369148254, 30.1578445435, 24.1352100372, 14.7457065582, 10.7028369904, 5.23572826385, 9.35596752167, 8.09014606476, 12.6192340851, 10.6213531494, 9.73554706573, 12.8299808502, 14.6430234909, 10.7588434219, 15.0371856689, 17.7221012115, 12.3784332275, 9.63904190063, 9.71409702301, 10.477221489, 14.3897132874, 18.6296787262, 4.47738742828, 0.249838262796, 0.0117019684985, 0.000807740376331, 0.000135152542498, 4.85978853249e-05, 5.09608398715e-05],
        "median": [0.174056082964, 1.45504677296, 3.16962718964, 4.01067304611, 4.82174825668, 5.28987646103, 10.1901788712, 11.068353653, 5.3442440033, 2.2618329525, 1.75960576534, 3.22526788712, 2.76048374176, 1.63492143154, 1.26977574825, 1.08591544628, 0.736644923687, 1.35898852348, 1.4126342535, 1.54517865181, 1.3088465929, 1.69795310497, 2.15129184723, 2.10472512245, 1.61867797375, 2.36703157425, 2.71850013733, 1.79584777355, 0.918851017952, 0.973435521126, 1.28047287464, 1.59752130508, 1.71735036373, 0.54693543911, 0.0324612744153, 0.00154263700824, 0.000111228859168, 1.73577172973e-05, 2.25034618779e-05, 3.6817171349e-05],
        "min": [6.14694286583e-08, 1.75676984782e-06, 1.88971735042e-05, 2.97394162772e-05, 0.000137402763357, 6.23987798463e-05, 2.38101092691e-05, 0.000190439357539, 0.000203230651096, 0.000205924792681, 0.000197054381715, 6.25167303951e-05, 9.7661441032e-06, 1.55481720867e-05, 5.53514473722e-06, 4.04826050726e-06, 5.01267277286e-06, 1.12147836262e-05, 8.2850765466e-06, 2.9345189887e-06, 5.68818950342e-06, 1.95707889361e-05, 3.23867570842e-05, 2.42904079641e-05, 1.2172942661e-05, 3.30379298248e-05, 1.8593718778e-05, 1.93329942704e-05, 1.26374852698e-05, 7.29025077817e-06, 5.49641526959e-06, 6.35616197542e-06, 9.30658825382e-06, 4.45948762717e-06, 2.53648863691e-07, 2.12647641717e-08, 7.55724904877e-09, 1.98462291046e-09, 7.14908021671e-10, 2.16587303647e-10],
        "var": [0.0349148847163, 9.23744773865, 209.749969482, 397.740539551, 320.736450195, 168.622543335, 996.747375488, 3977.19702148, 5288.37402344, 942.107543945, 1057.74768066, 4259.80029297, 11123.5771484, 16184.7539062, 2743.02563477, 1885.25341797, 448.389648438, 987.429260254, 394.018920898, 1207.9876709, 656.387023926, 665.218444824, 865.958068848, 1414.44335938, 672.541625977, 1255.8729248, 1368.93383789, 798.676025391, 1065.17541504, 1202.57324219, 1635.42932129, 4765.08007812, 15372.6132812, 352.647979736, 0.707061767578, 0.00160923739895, 9.84629878076e-06, 3.34007467018e-07, 1.9575107757e-08, 3.19782200719e-09]
    },
    "gfcc": {
        "mean": [-42.6039886475, 119.453300476, -89.7832107544, 78.1922607422, -74.4889297485, 20.9648151398, -39.4185409546, 6.4225525856, -9.77310657501, -13.0852403641, 6.86731243134, -19.5674419403, 14.2460708618],
        "cov": [[6183.50244141, -2119.35424805, -1635.45837402, 35.6833953857, -590.916748047, 599.770019531, -363.671173096, 338.696014404, -255.840332031, 130.351165771, -45.5828857422, 260.414215088, -95.0438461304], [-2119.35424805, 1718.11865234, 227.570922852, -550.722717285, 404.228057861, -283.473449707, 271.778839111, -164.017379761, 140.006881714, -150.707672119, 83.3037033081, -168.534805298, 114.305854797], [-1635.45837402, 227.570922852, 1264.12158203, 253.774719238, -81.7568130493, -151.026947021, -57.3655281067, -129.736526489, 62.0741233826, 3.03801512718, 42.1113204956, -20.6947593689, -48.2827186584], [35.6833953857, -550.722717285, 253.774719238, 608.790649414, -43.4483108521, -77.3215789795, -71.2214126587, -40.9570960999, -46.3819694519, 61.3888206482, -18.151216507, 66.6574707031, -44.5128974915], [-590.916748047, 404.228057861, -81.7568130493, -43.4483108521, 351.967834473, -46.2611961365, 81.0409317017, -60.6139602661, 6.13976812363, -44.3369102478, -1.71512460709, -45.0948104858, 63.7312469482], [599.770019531, -283.473449707, -151.026947021, -77.3215789795, -46.2611961365, 265.179107666, -2.05777025223, 12.2892007828, -17.8709983826, 16.7086715698, -29.6958427429, 12.3526306152, -12.2808055878], [-363.671173096, 271.778839111, -57.3655281067, -71.2214126587, 81.0409317017, -2.05777025223, 232.974334717, -2.46801686287, 24.2066478729, -27.1618938446, -5.62189865112, -48.8600692749, 28.4200534821], [338.696014404, -164.017379761, -129.736526489, -40.9570960999, -60.6139602661, 12.2892007828, -2.46801686287, 192.354492188, 24.1587524414, 2.02222585678, -22.2269039154, 4.12548685074, 18.0034046173], [-255.840332031, 140.006881714, 62.0741233826, -46.3819694519, 6.13976812363, -17.8709983826, 24.2066478729, 24.1587524414, 140.367111206, 1.37800240517, -17.5180969238, -14.5089292526, -1.4764854908], [130.351165771, -150.707672119, 3.03801512718, 61.3888206482, -44.3369102478, 16.7086715698, -27.1618938446, 2.02222585678, 1.37800240517, 105.874343872, 24.034822464, 0.739868283272, -14.5044326782], [-45.5828857422, 83.3037033081, 42.1113204956, -18.151216507, -1.71512460709, -29.6958427429, -5.62189865112, -22.2269039154, -17.5180969238, 24.034822464, 138.982299805, 39.3135070801, -5.87752389908], [260.414215088, -168.534805298, -20.6947593689, 66.6574707031, -45.0948104858, 12.3526306152, -48.8600692749, 4.12548685074, -14.5089292526, 0.739868283272, 39.3135070801, 112.395729065, 11.5664367676], [-95.0438461304, 114.305854797, -48.2827186584, -44.5128974915, 63.7312469482, -12.2808055878, 28.4200534821, 18.0034046173, -1.4764854908, -14.5044326782, -5.87752389908, 11.5664367676, 101.883026123]],
        "icov": [[0.000644865038339, 0.00039800896775, 0.000738290429581, 3.56766031473e-05, 0.000612250645645, -0.000517511041835, 0.000489417696372, -0.000128492349177, 0.000252685509622, 0.000269340176601, -0.00033211853588, -0.000115240734885, -2.74711715065e-06], [0.00039800896775, 0.00674203271046, -0.000792340259068, 0.00563100166619, -0.00298520899378, 0.00566764641553, -0.00288369553164, 0.0045668957755, -0.00333378533833, 0.0032699520234, -0.00321269198321, 0.00341144157574, -0.00271560996771], [0.000738290429581, -0.000792340259068, 0.00225400482304, -0.00166669639293, 0.00197333469987, -0.00145785266068, 0.0015092024114, -0.000172214146005, 4.0991599235e-05, 0.000459964328911, -0.000596960831899, 0.000318636914017, 0.000112473353511], [3.56766031473e-05, 0.00563100166619, -0.00166669639293, 0.00769532285631, -0.00349230924621, 0.00624033622444, -0.00301866419613, 0.00393064366654, -0.0015354611678, 0.000263904134044, -0.000297935388517, -8.52332523209e-05, -0.000620029692072], [0.000612250645645, -0.00298520899378, 0.00197333469987, -0.00349230924621, 0.00682147080079, -0.0032916481141, 0.00174198567402, -0.000663038692437, 0.00122334680054, 0.000533476937562, 6.69836081215e-05, 0.000724572048057, -0.0016875785077], [-0.000517511041835, 0.00566764641553, -0.00145785266068, 0.00624033622444, -0.0032916481141, 0.0107854558155, -0.00379072153009, 0.0046639284119, -0.00244985474274, 0.000911950715818, -0.000353081646608, 0.00133729248773, -0.00129145174287], [0.000489417696372, -0.00288369553164, 0.0015092024114, -0.00301866419613, 0.00174198567402, -0.00379072153009, 0.00743515510112, -0.00216813618317, 0.000741953612305, 0.000245895877015, -9.26764914766e-05, 0.00118908693548, -0.000243843591306], [-0.000128492349177, 0.0045668957755, -0.000172214146005, 0.00393064366654, -0.000663038692437, 0.0046639284119, -0.00216813618317, 0.0101020941511, -0.00411008810624, 0.00249672634527, -0.00170636770781, 0.00314946845174, -0.00397140393034], [0.000252685509622, -0.00333378533833, 4.0991599235e-05, -0.0015354611678, 0.00122334680054, -0.00244985474274, 0.000741953612305, -0.00411008810624, 0.0107687097043, -0.00357437436469, 0.00388273596764, -0.00369353219867, 0.00307385646738], [0.000269340176601, 0.0032699520234, 0.000459964328911, 0.000263904134044, 0.000533476937562, 0.000911950715818, 0.000245895877015, 0.00249672634527, -0.00357437436469, 0.0147298341617, -0.00625419523567, 0.00625827116892, -0.00284377485514], [-0.00033211853588, -0.00321269198321, -0.000596960831899, -0.000297935388517, 6.69836081215e-05, -0.000353081646608, -9.26764914766e-05, -0.00170636770781, 0.00388273596764, -0.00625419523567, 0.012879177928, -0.00826422311366, 0.00397154083475], [-0.000115240734885, 0.00341144157574, 0.000318636914017, -8.52332523209e-05, 0.000724572048057, 0.00133729248773, 0.00118908693548, 0.00314946845174, -0.00369353219867, 0.00625827116892, -0.00826422311366, 0.0179942324758, -0.00668357685208], [-2.74711715065e-06, -0.00271560996771, 0.000112473353511, -0.000620029692072, -0.0016875785077, -0.00129145174287, -0.000243843591306, -0.00397140393034, 0.00307385646738, -0.00284377485514, 0.00397154083475, -0.00668357685208, 0.0149390893057]]
    },
    "melbands": {
        "dmean": [0.0012689018622, 0.00246334378608, 0.00115464534611, 0.000447704835096, 0.000361503945896, 0.00038595017395, 0.000206313299714, 5.88774091739e-05, 6.71155139571e-05, 7.73948340793e-05, 6.77711286698e-05, 3.63102953997e-05, 2.96838807117e-05, 1.68835977092e-05, 1.12478728624e-05, 9.11281586014e-06, 1.17831195894e-05, 7.85969587014e-06, 1.20245513244e-05, 9.43662871578e-06, 8.77761340234e-06, 7.49427317714e-06, 7.60361535868e-06, 1.09153816084e-05, 1.13512151074e-05, 7.08971219865e-06, 7.20672278476e-06, 8.37916013552e-06, 8.99574115465e-06, 6.90961860528e-06, 6.45563022772e-06, 5.10855988978e-06, 4.97327891935e-06, 5.26535768586e-06, 5.33068941877e-06, 5.52850087843e-06, 9.10923608899e-06, 1.09889488158e-05, 7.55413975639e-06, 2.11179371945e-06],
        "dmean2": [0.00211512390524, 0.00390984816477, 0.00195235770661, 0.000785128795542, 0.000583503220696, 0.000609882001299, 0.000326690584188, 9.32023613132e-05, 0.000103932616184, 0.000110997229058, 9.82803830993e-05, 5.8682209783e-05, 4.22199700552e-05, 2.33840019064e-05, 1.7846645278e-05, 1.39502772072e-05, 1.7815411411e-05, 1.2567590602e-05, 1.8256921976e-05, 1.49051920744e-05, 1.39368958116e-05, 1.19620171972e-05, 1.24701009554e-05, 1.82910898729e-05, 1.90593309526e-05, 1.11525241664e-05, 1.18675097838e-05, 1.36727967401e-05, 1.43651177495e-05, 1.07676460175e-05, 1.06318530015e-05, 8.0389845607e-06, 7.85113843449e-06, 8.39974836708e-06, 8.85114695848e-06, 9.01601197256e-06, 1.56982532644e-05, 1.71421324922e-05, 1.23110312416e-05, 3.51459016201e-06],
        "dvar": [3.06843548969e-06, 2.43674421654e-05, 1.38315645017e-05, 1.43244960782e-06, 4.03336315458e-07, 5.36042080057e-07, 3.07149576884e-07, 4.56326603171e-08, 3.93835897228e-08, 6.66922872483e-08, 4.61954314801e-08, 4.02602786664e-08, 1.56704711429e-08, 3.469944998e-09, 2.13900186452e-09, 1.99194172268e-09, 1.46123291245e-09, 4.86864659699e-10, 1.35972355597e-09, 7.30582594421e-10, 5.84447823471e-10, 3.54877321973e-10, 4.27421070759e-10, 9.28130183819e-10, 1.33479605147e-09, 3.52927881364e-10, 6.1958299602e-10, 6.27118912355e-10, 4.12241935033e-10, 2.29398458562e-10, 2.96616176065e-10, 2.51920401206e-10, 2.88122165015e-10, 3.91952553747e-10, 5.11859332697e-10, 4.33586971882e-10, 2.27678498277e-09, 3.4298932583e-09, 1.60551683059e-09, 4.85081315393e-11],
        "dvar2": [8.31518173072e-06, 5.79905390623e-05, 3.66016538464e-05, 4.11974133385e-06, 1.06686752588e-06, 1.30904959406e-06, 7.4113518167e-07, 9.22002243442e-08, 7.98584167683e-08, 1.33721570705e-07, 9.21107599083e-08, 8.97404532907e-08, 3.12754977472e-08, 6.60013643738e-09, 4.1458836364e-09, 3.62107721585e-09, 3.06357450519e-09, 1.15091625119e-09, 2.92872615049e-09, 1.75869419028e-09, 1.44124212564e-09, 8.24044055214e-10, 1.12396481011e-09, 2.42051978461e-09, 3.63112073742e-09, 8.47595216236e-10, 1.71872016619e-09, 1.70857727966e-09, 1.03136787999e-09, 5.42643541213e-10, 7.51160855739e-10, 5.7152271804e-10, 6.67836230761e-10, 9.11296593742e-10, 1.07093733881e-09, 1.06225694907e-09, 6.10278361179e-09, 7.19449122499e-09, 4.10271638884e-09, 1.27967095254e-10],
        "max": [0.0175474006683, 0.0451667830348, 0.0409207232296, 0.0135092614219, 0.00878782756627, 0.0122427139431, 0.0121827665716, 0.0075292494148, 0.00434063468128, 0.00681530497968, 0.00559268333018, 0.00605664215982, 0.00374634913169, 0.00159547082148, 0.00147961953189, 0.00188265973702, 0.00108364550397, 0.00056196609512, 0.000902987550944, 0.000541420595255, 0.000420613330789, 0.00063106889138, 0.00028870627284, 0.000368023989722, 0.000430136278737, 0.000225148600293, 0.000408377760323, 0.000402431760449, 0.000256280531175, 0.000187723708223, 0.0002357964986, 0.000322565989336, 0.000315362529363, 0.00057000858942, 0.000675370218232, 0.000494075007737, 0.0012300463859, 0.00234284461476, 0.0011623488972, 0.000160921597853],
        "mean": [0.0024098274298, 0.00428269756958, 0.00149951851927, 0.000644157174975, 0.000671653309837, 0.000856651458889, 0.000403882644605, 0.000100636039861, 0.000117426170618, 0.000150566847879, 0.000144962032209, 8.74228135217e-05, 6.15456228843e-05, 3.07555674226e-05, 1.77330857696e-05, 1.23860017993e-05, 1.80227871169e-05, 1.06216757558e-05, 2.01965285669e-05, 1.30965026983e-05, 1.25249453049e-05, 1.04288419607e-05, 9.6515605037e-06, 1.25893684526e-05, 1.19938176795e-05, 7.7644308476e-06, 7.98328346718e-06, 1.04897189885e-05, 1.17876006698e-05, 8.83824031916e-06, 6.62711045152e-06, 5.34017590326e-06, 5.2503896768e-06, 5.47891204405e-06, 6.09728294876e-06, 6.04642218605e-06, 9.67616324488e-06, 1.43868883242e-05, 8.62061824591e-06, 2.24040331886e-06],
        "median": [0.0019091310678, 0.00183342304081, 0.000783112307545, 0.000405619211961, 0.00033099760185, 0.000287927570753, 7.01289900462e-05, 1.58727671078e-05, 1.14057002065e-05, 1.85139306268e-05, 9.13663734536e-06, 4.18359377363e-06, 3.43190981766e-06, 2.51336041401e-06, 1.69282998286e-06, 1.11052418106e-06, 2.22848689191e-06, 1.73387229552e-06, 2.31170201914e-06, 1.36814333018e-06, 1.48111746512e-06, 1.664911224e-06, 1.65932226537e-06, 1.83246697816e-06, 1.58285979523e-06, 9.74324166236e-07, 1.19504193208e-06, 1.55055693085e-06, 1.67221583069e-06, 1.32208685955e-06, 7.77999218826e-07, 4.48525497632e-07, 4.02916015219e-07, 5.52608582893e-07, 7.09736411864e-07, 7.33270098863e-07, 1.0241290056e-06, 1.19917001484e-06, 8.6057639237e-07, 2.75205309208e-07],
        "min": [1.03853337041e-09, 7.49064099637e-09, 8.7813409877e-09, 8.38673308579e-09, 8.64281757273e-10, 4.18012424674e-09, 3.33645200357e-09, 1.95409710635e-09, 1.61982971481e-09, 2.81708240069e-10, 3.61121722803e-11, 5.77152076131e-11, 3.06707055586e-11, 9.17357682872e-12, 9.67790257655e-12, 9.58652254801e-12, 2.40909028837e-11, 1.58853121629e-11, 5.17637582104e-12, 2.68545905999e-12, 8.00874817852e-12, 1.72558599354e-11, 3.45091143161e-11, 2.06739295822e-11, 2.09865909373e-11, 8.51237483279e-12, 9.70516982751e-12, 2.5006654733e-11, 1.01569776895e-11, 8.82564854532e-12, 1.34455346162e-11, 9.41753272587e-12, 2.18544149791e-12, 5.15185030053e-12, 3.42428147469e-12, 2.85988962546e-12, 4.42170388845e-12, 6.03852037817e-12, 7.11940228992e-12, 2.6854746725e-12],
        "var": [4.29886358688e-06, 3.79032426281e-05, 1.07883170131e-05, 1.02519368284e-06, 8.51174206673e-07, 1.95105076273e-06, 9.60559987107e-07, 1.13699989868e-07, 1.05918665838e-07, 2.50150691272e-07, 2.70052851192e-07, 2.27500891015e-07, 6.9140305925e-08, 1.17438228031e-08, 7.30545934857e-09, 5.34958344289e-09, 3.54592932794e-09, 9.38397803907e-10, 4.39227676452e-09, 1.40566236428e-09, 1.03142183683e-09, 8.29666890745e-10, 4.9122034218e-10, 1.03162201004e-09, 1.05310571374e-09, 3.57755713942e-10, 4.81249540218e-10, 6.51909137783e-10, 6.63590460359e-10, 3.50107748348e-10, 2.79580802953e-10, 3.37888772517e-10, 3.86147530618e-10, 4.51844173188e-10, 7.69615593477e-10, 5.54684909115e-10, 2.64693178487e-09, 9.85579706736e-09, 2.68695021788e-09, 6.08487010778e-11]
    },
    "mfcc": {
        "mean": [-678.334838867, 111.398468018, 53.1463851929, 43.9259033203, 17.5952129364, 2.14394259453, 4.47420835495, 0.381015658379, 2.67308783531, 4.49429988861, -6.57296133041, 3.19914007187, -5.82978916168],
        "cov": [[7420.97509766, -2552.71313477, -1230.00488281, -731.100036621, -243.553634644, -97.7191772461, -42.3990211487, 152.80657959, -121.3279953, -35.2435264587, -177.268066406, 91.3721618652, 167.653610229], [-2552.71313477, 2145.14013672, -89.5194396973, -136.878601074, 49.7296409607, -66.7344207764, 80.213684082, -39.3758430481, 83.4976348877, 45.2525367737, -11.0219926834, -19.2061309814, -64.5389404297], [-1230.00488281, -89.5194396973, 1094.1998291, 215.641891479, 2.32751727104, 41.3338088989, -106.39151001, -42.8769607544, -88.5119857788, -36.8770027161, 79.5655059814, 1.58200144768, 11.0776309967], [-731.100036621, -136.878601074, 215.641891479, 557.135681152, 56.9697685242, 21.9252319336, 6.33113908768, -44.2844696045, -18.2844905853, -55.5244064331, 27.2154312134, -0.588826298714, -7.33350467682], [-243.553634644, 49.7296409607, 2.32751727104, 56.9697685242, 204.933364868, 15.7210950851, -11.6192407608, -15.2424993515, 0.677223801613, -30.4422798157, -10.0338039398, -18.1327724457, -5.35335445404], [-97.7191772461, -66.7344207764, 41.3338088989, 21.9252319336, 15.7210950851, 243.616607666, 21.2392940521, -16.4856872559, -17.7836456299, -16.3866577148, 33.4136505127, -34.5648269653, -21.9176216125], [-42.3990211487, 80.213684082, -106.39151001, 6.33113908768, -11.6192407608, 21.2392940521, 172.00668335, -6.56599330902, -1.42647993565, 12.7538032532, -34.5827217102, 20.1857433319, -17.2148895264], [152.80657959, -39.3758430481, -42.8769607544, -44.2844696045, -15.2424993515, -16.4856872559, -6.56599330902, 133.615371704, 35.2721672058, 8.01203727722, -21.1839809418, 1.44403934479, 15.5633955002], [-121.3279953, 83.4976348877, -88.5119857788, -18.2844905853, 0.677223801613, -17.7836456299, -1.42647993565, 35.2721672058, 170.563217163, 49.4526443481, -6.92064523697, -33.6385192871, -26.1747703552], [-35.2435264587, 45.2525367737, -36.8770027161, -55.5244064331, -30.4422798157, -16.3866577148, 12.7538032532, 8.01203727722, 49.4526443481, 151.520050049, 6.99851131439, -12.2353172302, -16.5218372345], [-177.268066406, -11.0219926834, 79.5655059814, 27.2154312134, -10.0338039398, 33.4136505127, -34.5827217102, -21.1839809418, -6.92064523697, 6.99851131439, 118.533561707, -2.11213707924, -13.5784626007], [91.3721618652, -19.2061309814, 1.58200144768, -0.588826298714, -18.1327724457, -34.5648269653, 20.1857433319, 1.44403934479, -33.6385192871, -12.2353172302, -2.11213707924, 110.631332397, 27.889465332], [167.653610229, -64.5389404297, 11.0776309967, -7.33350467682, -5.35335445404, -21.9176216125, -17.2148895264, 15.5633955002, -26.1747703552, -16.5218372345, -13.5784626007, 27.889465332, 107.419837952]],
