{
"lowlevel": {
    "average_loudness": 0.980733752251,
    "barkbands_crest": {
        "dmean": 2.78661584854,
        "dmean2": 4.09171867371,
        "dvar": 8.11784362793,
        "dvar2": 13.3529863358,
        "max": 25.4326972961,
        "mean": 11.3874692917,
        "median": 9.47920608521,
        "min": 3.06409215927,
        "var": 34.856716156
    },
    "barkbands_flatness_db": {
        "dmean": 0.0217226352543,
        "dmean2": 0.0328052714467,
        "dvar": 0.000398737989599,
        "dvar2": 0.000793520594016,
        "max": 0.285047858953,
        "mean": 0.169789776206,
        "median": 0.166152521968,
        "min": 0.0507815517485,
        "var": 0.00152216223069
    },
    "barkbands_kurtosis": {
        "dmean": 1.62531292439,
        "dmean2": 2.65434980392,
        "dvar": 6.07399225235,
        "dvar2": 12.817199707,
        "max": 30.4623069763,
        "mean": 1.34290730953,
        "median": 0.143262386322,
        "min": -1.69292676449,
        "var": 14.4634666443
    },
    "barkbands_skewness": {
        "dmean": 0.508542716503,
        "dmean2": 0.792506992817,
        "dvar": 0.229931727052,
        "dvar2": 0.478486686945,
        "max": 5.39141368866,
        "mean": 1.13923680782,
        "median": 1.05062890053,
        "min": -0.999950766563,
        "var": 0.949280798435
    },
    "barkbands_spread": {
        "dmean": 5.63968038559,
        "dmean2": 8.81629753113,
        "dvar": 37.4129829407,
        "dvar2": 82.9422912598,
        "max": 83.8830795288,
        "mean": 27.8638343811,
        "median": 26.9196567535,
        "min": 3.86880970001,
        "var": 93.0049591064
    },
    "dissonance": {
        "dmean": 0.0190577767789,
        "dmean2": 0.0323429480195,
        "dvar": 0.000327279500198,
        "dvar2": 0.00082429201575,
        "max": 0.499910771847,
        "mean": 0.466991484165,
        "median": 0.471978992224,
        "min": 0.283198714256,
        "var": 0.000542618974578
    },
    "dynamic_complexity": 1.33754551411,
    "erbbands_crest": {
        "dmean": 3.19862675667,
        "dmean2": 5.19573974609,
        "dvar": 9.06283187866,
        "dvar2": 22.4565124512,
        "max": 30.8289432526,
        "mean": 10.3464393616,
        "median": 9.35858821869,
        "min": 2.69795179367,
        "var": 23.8867893219
    },
    "erbbands_flatness_db": {
        "dmean": 0.017478203401,
        "dmean2": 0.0259193256497,
        "dvar": 0.000245531293331,
        "dvar2": 0.00049886200577,
        "max": 0.334160715342,
        "mean": 0.195989072323,
        "median": 0.193498685956,
        "min": 0.106026865542,
        "var": 0.00128375622444
    },
    "erbbands_kurtosis": {
        "dmean": 0.953866243362,
        "dmean2": 1.43970489502,
        "dvar": 1.32624948025,
        "dvar2": 2.68076848984,
        "max": 22.4437160492,
        "mean": 0.933626830578,
        "median": 0.31255698204,
        "min": -1.47094500065,
        "var": 4.67194128036
    },
    "erbbands_skewness": {
        "dmean": 0.317895680666,
        "dmean2": 0.487327009439,
        "dvar": 0.0713752806187,
        "dvar2": 0.169675350189,
        "max": 2.23155117035,
        "mean": -0.0140586625785,
        "median": -0.0331906937063,
        "min": -1.88970828056,
        "var": 0.281278342009
    },
    "erbbands_spread": {
        "dmean": 8.08403873444,
        "dmean2": 11.9302978516,
        "dvar": 63.1178741455,
        "dvar2": 132.742416382,
        "max": 113.927680969,
        "mean": 32.2607192993,
        "median": 28.9778156281,
        "min": 3.7722568512,
        "var": 247.784988403
    },
    "hfc": {
        "dmean": 7.95588588715,
        "dmean2": 12.4381017685,
        "dvar": 57.9401512146,
        "dvar2": 125.4270401,
        "max": 99.0319290161,
        "mean": 32.4456176758,
        "median": 30.7486686707,
        "min": 0.0430231839418,
        "var": 217.035888672
    },
    "melbands_crest": {
        "dmean": 3.93423295021,
        "dmean2": 5.63666629791,
        "dvar": 13.1287403107,
        "dvar2": 25.5897731781,
        "max": 32.4220848083,
        "mean": 16.5049037933,
        "median": 14.7293720245,
        "min": 4.67348051071,
        "var": 58.262638092
    },
    "melbands_flatness_db": {
        "dmean": 0.025254484266,
        "dmean2": 0.0384847819805,
        "dvar": 0.000600916857366,
        "dvar2": 0.00117897556629,
        "max": 0.329300105572,
        "mean": 0.193162024021,
        "median": 0.189880758524,
        "min": 0.0710375010967,
        "var": 0.00226886733435
    },
    "melbands_kurtosis": {
        "dmean": 5.8304977417,
        "dmean2": 9.25073623657,
        "dvar": 93.7134094238,
        "dvar2": 198.561462402,
        "max": 143.041275024,
        "mean": 9.53038024902,
        "median": 4.90874767303,
        "min": -1.35185337067,
        "var": 232.732849121
    },
    "melbands_skewness": {
        "dmean": 0.776027500629,
        "dmean2": 1.19488608837,
        "dvar": 0.639852583408,
        "dvar2": 1.32522082329,
        "max": 10.7124595642,
        "mean": 2.44001269341,
        "median": 2.20993542671,
        "min": -1.34608983994,
        "var": 2.66961455345
    },
    "melbands_spread": {
        "dmean": 7.85359525681,
        "dmean2": 12.5652227402,
        "dvar": 60.1985321045,
        "dvar2": 142.978683472,
        "max": 75.8450012207,
        "mean": 29.1428050995,
        "median": 27.3922348022,
        "min": 3.53526306152,
        "var": 172.890151978
    },
    "pitch_salience": {
        "dmean": 0.0814959779382,
        "dmean2": 0.123992465436,
        "dvar": 0.00636881683022,
        "dvar2": 0.0123919248581,
        "max": 0.813970267773,
        "mean": 0.466418325901,
        "median": 0.481088459492,
        "min": 0.0873052403331,
        "var": 0.0218668542802
    },
    "silence_rate_20dB": {
        "dmean": 0,
        "dmean2": 0,
        "dvar": 0,
        "dvar2": 0,
        "max": 1,
        "mean": 1,
        "median": 1,
        "min": 1,
        "var": 0
    },
    "silence_rate_30dB": {
        "dmean": 0,
        "dmean2": 0,
        "dvar": 0,
        "dvar2": 0,
        "max": 1,
        "mean": 1,
        "median": 1,
        "min": 1,
        "var": 0
    },
    "silence_rate_60dB": {
        "dmean": 0,
        "dmean2": 0,
        "dvar": 0,
        "dvar2": 0,
        "max": 0,
        "mean": 0,
        "median": 0,
        "min": 0,
        "var": 0
    },
    "spectral_centroid": {
        "dmean": 251.954193115,
        "dmean2": 384.107330322,
        "dvar": 54422.1171875,
        "dvar2": 121604.1875,
        "max": 3409.46875,
        "mean": 1747.39807129,
        "median": 1706.56750488,
        "min": 544.677490234,
        "var": 187509.125
    },
    "spectral_complexity": {
        "dmean": 4.79828643799,
        "dmean2": 7.63211202621,
        "dvar": 21.0800075531,
        "dvar2": 50.2963981628,
        "max": 56,
        "mean": 24.111284256,
        "median": 23,
        "min": 0,
        "var": 54.5406494141
    },
    "spectral_decrease": {
        "dmean": 2.83556667036e-09,
        "dmean2": 4.45343006916e-09,
        "dvar": 6.7375928844e-18,
        "dvar2": 1.57008607907e-17,
        "max": -9.12989562424e-12,
        "mean": -1.13688596315e-08,
        "median": -1.04638431253e-08,
        "min": -2.71647753181e-08,
        "var": 2.77272529515e-17
    },
    "spectral_energy": {
        "dmean": 0.0110871149227,
        "dmean2": 0.0174150262028,
        "dvar": 9.91718843579e-05,
        "dvar2": 0.000231209094636,
        "max": 0.107651233673,
        "mean": 0.0458516292274,
        "median": 0.0427859053016,
        "min": 3.83606857213e-05,
        "var": 0.000417610746808
    },
    "spectral_energyband_high": {
        "dmean": 0.00048015077482,
        "dmean2": 0.000731611566152,
        "dvar": 5.87706210808e-07,
        "dvar2": 1.26698967051e-06,
        "max": 0.0112229213119,
        "mean": 0.00115890742745,
        "median": 0.000879359140527,
        "min": 2.43459385274e-06,
        "var": 1.09057020836e-06
    },
    "spectral_energyband_low": {
        "dmean": 0.00937066692859,
        "dmean2": 0.0148598933592,
        "dvar": 0.000114280454,
        "dvar2": 0.000237769752857,
        "max": 0.0841203033924,
        "mean": 0.0242641158402,
        "median": 0.012795580551,
        "min": 8.90650483143e-07,
        "var": 0.000404854275985
    },
    "spectral_energyband_middle_high": {
        "dmean": 0.00402507046238,
        "dmean2": 0.00624657189474,
        "dvar": 1.82456151379e-05,
        "dvar2": 3.97219591832e-05,
        "max": 0.048696808517,
        "mean": 0.0127228870988,
        "median": 0.0105885546654,
        "min": 1.62427713803e-05,
        "var": 7.5960670074e-05
    },
    "spectral_energyband_middle_low": {
        "dmean": 0.00388837046921,
        "dmean2": 0.00608742190525,
        "dvar": 2.1888212359e-05,
        "dvar2": 5.21581641806e-05,
        "max": 0.0456236191094,
        "mean": 0.00896944012493,
        "median": 0.00786555279046,
        "min": 7.09728601578e-06,
        "var": 3.64979787264e-05
    },
    "spectral_entropy": {
        "dmean": 0.133988037705,
        "dmean2": 0.197485312819,
        "dvar": 0.012753511779,
        "dvar2": 0.0284409020096,
        "max": 8.35805606842,
        "mean": 7.64066362381,
        "median": 7.66735363007,
        "min": 6.93557691574,
        "var": 0.0701979249716
    },
    "spectral_flux": {
        "dmean": 0.0297833792865,
        "dmean2": 0.0415245257318,
        "dvar": 0.00057378486963,
        "dvar2": 0.00108992611058,
        "max": 0.247389554977,
        "mean": 0.112658217549,
        "median": 0.102981641889,
        "min": 0.039041031152,
        "var": 0.00194808316883
    },
    "spectral_kurtosis": {
        "dmean": 1.4458605051,
        "dmean2": 2.48952007294,
        "dvar": 1.80382525921,
        "dvar2": 5.25412988663,
        "max": 12.8065633774,
        "mean": 2.30220937729,
        "median": 1.92817115784,
        "min": -0.845371723175,
        "var": 3.32316040993
    },
    "spectral_rms": {
        "dmean": 0.00082388240844,
        "dmean2": 0.00128398963716,
        "dvar": 5.42939687875e-07,
        "dvar2": 1.17686056456e-06,
        "max": 0.0102482000366,
        "mean": 0.00650969939306,
        "median": 0.00646083196625,
        "min": 0.000193455576664,
        "var": 2.35708694163e-06
    },
    "spectral_rolloff": {
        "dmean": 504.052032471,
        "dmean2": 857.166320801,
        "dvar": 679898.5,
        "dvar2": 1511839.25,
        "max": 8290.28320312,
        "mean": 1540.52209473,
        "median": 1399.65820312,
        "min": 64.599609375,
        "var": 1066196.125
    },
    "spectral_skewness": {
        "dmean": 0.206497833133,
        "dmean2": 0.340804696083,
        "dvar": 0.028416255489,
        "dvar2": 0.0766877159476,
        "max": 2.75143933296,
        "mean": 1.04998064041,
        "median": 1.02588009834,
        "min": 0.0278794206679,
        "var": 0.0881067812443
    },
    "spectral_spread": {
        "dmean": 442125.34375,
        "dmean2": 645974.8125,
        "dvar": 222367842304,
        "dvar2": 397159596032,
        "max": 8564257,
        "mean": 3829280.75,
        "median": 3670843.5,
        "min": 2352050.5,
        "var": 751331442688
    },
    "spectral_strongpeak": {
        "dmean": 0.781825363636,
        "dmean2": 1.35134589672,
        "dvar": 1.77622842789,
        "dvar2": 4.08821678162,
        "max": 9.31692218781,
        "mean": 1.22886657715,
        "median": 0.508089721203,
        "min": 0.0016502229264,
        "var": 2.97580075264
    },
    "zerocrossingrate": {
        "dmean": 0.00895486492664,
        "dmean2": 0.0103813996539,
        "dvar": 9.69869361143e-05,
        "dvar2": 0.000107204250526,
        "max": 0.18017578125,
        "mean": 0.0558939538896,
        "median": 0.05322265625,
        "min": 0.0048828125,
        "var": 0.000485407566885
    },
    "barkbands": {
        "dmean": [0.000315725803375, 0.00843926612288, 0.00403716368601, 0.00168380816467, 0.00135153427254, 0.000685442530084, 0.000484041811433, 0.000780331669375, 0.000904260028619, 0.00109795061871, 0.00117039564066, 0.00129814678803, 0.000850924756378, 0.000881847750861, 0.00092055829009, 0.000510319310706, 0.000337133533321, 0.000282112305285, 0.000345763633959, 0.000217630920815, 0.000158750699484, 7.44950666558e-05, 0.000161033894983, 0.000107923107862, 1.17150520964e-05, 1.65721232293e-08, 1.07482636125e-08],
        "dmean2": [0.000453865999589, 0.0128428833559, 0.00610806141049, 0.00302335224114, 0.0023267052602, 0.00110969948582, 0.000765198317822, 0.00124526175205, 0.00142597034574, 0.00174142210744, 0.00181992980652, 0.00204578088596, 0.00132540252525, 0.00136725883931, 0.00138604477979, 0.00079354038462, 0.000539676460903, 0.000466202443931, 0.000544174981769, 0.000324578606524, 0.000243740330916, 0.000120079537737, 0.000251691089943, 0.000165090925293, 1.72307154571e-05, 2.28364793742e-08, 1.42936276148e-08],
        "dvar": [1.42781971135e-07, 0.000112498302769, 5.56209270144e-05, 1.2984118257e-05, 5.89845194554e-06, 8.93066896879e-07, 4.98135705129e-07, 1.99879150387e-06, 2.44421175921e-06, 7.83093128121e-06, 4.06127537644e-06, 5.95988558416e-06, 1.77747358521e-06, 2.49671825259e-06, 2.10145299206e-06, 1.01447585621e-06, 5.38254312232e-07, 1.61011570299e-07, 2.59982328998e-07, 7.6191554399e-08, 6.18518143369e-08, 1.15486056274e-08, 6.68747972554e-08, 1.86761823784e-07, 1.60010626971e-09, 2.90054303275e-14, 4.24984652775e-14],
        "dvar2": [3.01870272779e-07, 0.00020812220464, 0.000124851314467, 3.60517842637e-05, 1.63176919159e-05, 2.25875169235e-06, 1.18926698178e-06, 4.95311587656e-06, 5.73030456508e-06, 1.94959775399e-05, 8.86778980203e-06, 1.25267461044e-05, 4.17341334469e-06, 5.49601236344e-06, 4.63278047391e-06, 2.210339062e-06, 1.32998968638e-06, 3.48804064743e-07, 6.02106297265e-07, 1.6243414791e-07, 1.32266919195e-07, 2.86196506494e-08, 1.49491057755e-07, 4.47191666808e-07, 2.58310328682e-09, 3.9041164778e-14, 5.4484337235e-14],
        "max": [0.00337362801656, 0.08267326653, 0.046886458993, 0.0241870563477, 0.0192224271595, 0.00963203702122, 0.00981911085546, 0.0167104434222, 0.0181780140847, 0.0349090956151, 0.032129239291, 0.0376070514321, 0.0198059789836, 0.0246055107564, 0.0165422931314, 0.0147906951606, 0.0111850900576, 0.00783588178456, 0.00617350637913, 0.00357885798439, 0.00285662920214, 0.00147565384395, 0.00299967383035, 0.00883008912206, 0.000972119043581, 5.32371313966e-06, 6.67332960802e-06],
        "mean": [0.000489378231578, 0.0187376420945, 0.00409605912864, 0.00182311621029, 0.00200253492221, 0.00108228984755, 0.000742256233934, 0.00120895530563, 0.00146855541971, 0.00160275038797, 0.0021908308845, 0.00214292341843, 0.0013382359175, 0.00133580248803, 0.00158321531489, 0.000780992209911, 0.000605572597124, 0.000541855639312, 0.000703483528923, 0.0004614109057, 0.000296957237879, 0.000150848121848, 0.000293549033813, 0.000155887420988, 1.65186756931e-05, 1.85515069973e-08, 8.64687610402e-09],
        "median": [0.000253170641372, 0.00709287216887, 0.00140663678758, 0.000828311720397, 0.00137333304156, 0.000636938726529, 0.000444025965407, 0.000651830749121, 0.000561765336897, 0.000465646327939, 0.000784867675975, 0.000780183589086, 0.000570765521843, 0.000466749275802, 0.000567022361793, 0.000315394921927, 0.000238128268393, 0.000301046500681, 0.000414570211433, 0.000303521810565, 0.00017491588369, 0.000112011584861, 0.000220546193304, 7.212440687e-05, 6.17381238044e-06, 5.12376185924e-09, 7.4604006306e-10],
        "min": [4.61058258239e-09, 4.91783538337e-08, 1.31319599639e-09, 2.82239710714e-07, 1.09496784262e-06, 3.22596235947e-07, 8.2080566699e-07, 5.08055677528e-07, 8.870797501e-07, 9.75080865828e-07, 1.23920062833e-06, 3.20671415466e-06, 3.06676656692e-06, 1.24841733395e-06, 1.50091193518e-06, 7.72703174334e-07, 8.3816547658e-07, 1.20772324408e-06, 3.52680331162e-07, 6.61807291635e-07, 1.06661991595e-06, 4.28994553658e-07, 3.27717685877e-07, 2.8809152397e-08, 5.03030082866e-11, 1.18704854973e-11, 1.6589077334e-11],
        "var": [3.24819097841e-07, 0.000385575636756, 5.85015368415e-05, 9.48959404923e-06, 5.47458739675e-06, 1.51629160428e-06, 8.76487263213e-07, 2.84922907667e-06, 4.74756325275e-06, 1.04822302092e-05, 1.37666229421e-05, 2.03941926884e-05, 4.14299483964e-06, 5.05958269059e-06, 4.59327384306e-06, 2.14881106331e-06, 1.14364263482e-06, 6.42234681436e-07, 6.80688685861e-07, 2.3829650786e-07, 1.32066517722e-07, 1.9603472623e-08, 1.0432580666e-07, 2.16814953546e-07, 3.09115955055e-09, 2.66973400852e-14, 3.86714518372e-14]
    },
    "erbbands": {
        "dmean": [0.279375910759, 1.92148089409, 4.3334646225, 5.38198661804, 4.84807538986, 4.33683443069, 5.23049354553, 5.50924968719, 5.71237611771, 10.4105472565, 18.2247676849, 20.5799007416, 29.7187805176, 36.1816978455, 47.2294425964, 57.8260726929, 38.9233551025, 50.0479393005, 46.4778442383, 28.849149704, 24.6483459473, 15.7446832657, 14.0519542694, 16.9304885864, 15.1656188965, 9.1609582901, 9.43179702759, 3.44648003578, 2.84374237061, 4.67282438278, 4.05051755905, 3.04355621338, 1.39964389801, 0.277764379978, 0.00876565743238, 0.000493172265124, 6.3183819293e-05, 1.53732307808e-05, 8.18377338874e-06, 1.28992196551e-05],
        "dmean2": [0.371073186398, 2.97738099098, 6.55739212036, 9.06055545807, 8.26936435699, 7.43927288055, 8.74269104004, 8.74208831787, 8.88119697571, 16.8741416931, 28.9907112122, 32.0196495056, 47.3484306335, 56.2745018005, 73.2431411743, 90.1437911987, 60.31432724, 76.515953064, 68.7317581177, 44.6056289673, 38.7538070679, 24.2133541107, 22.3830871582, 26.8933258057, 23.6603031158, 13.4024515152, 13.8046665192, 5.47563409805, 4.66419267654, 7.56243896484, 6.17949962616, 4.85643672943, 2.06228661537, 0.397130936384, 0.0126845361665, 0.000704720907379, 8.87272544787e-05, 2.13357488974e-05, 1.23378476928e-05, 2.02867158805e-05],
        "dvar": [0.141035109758, 5.94411182404, 56.4979858398, 118.578392029, 78.1869125366, 55.9004020691, 70.7675018311, 59.3823242188, 59.8964042664, 357.687835693, 1050.1661377, 1268.46228027, 7480.71484375, 7482.36621094, 6920.7421875, 12191.4814453, 3263.63964844, 7407.81396484, 5408.97802734, 2589.27441406, 2642.51757812, 970.914916992, 451.029205322, 688.942016602, 461.881866455, 133.181304932, 196.154006958, 43.6259078979, 15.7047128677, 41.2328186035, 59.5447273254, 157.824386597, 23.9281749725, 0.870291352272, 0.00100254139397, 2.80182689494e-06, 1.25009592011e-07, 1.57989816785e-08, 8.96324625632e-10, 1.30885552396e-10],
        "dvar2": [0.196158483624, 11.2833890915, 125.9610672, 305.58013916, 205.919616699, 151.773803711, 189.934051514, 140.038314819, 136.994125366, 866.049560547, 2522.96875, 2809.33422852, 18505.4433594, 17412.5097656, 13952.7841797, 23991.8378906, 7669.87353516, 16449.6875, 12345.2314453, 5504.12646484, 6001.87402344, 2104.63671875, 872.100341797, 1581.30664062, 1031.71411133, 267.146148682, 396.338134766, 101.135063171, 38.9757995605, 99.5880355835, 129.687911987, 415.95211792, 50.3396034241, 1.39013147354, 0.00193496281281, 5.16752834301e-06, 1.761469548e-07, 2.09254213956e-08, 1.20722110086e-09, 2.98632230056e-10],
        "max": [3.06500768661, 18.2773323059, 49.6740760803, 69.5368041992, 64.2676773071, 56.9480133057, 121.947097778, 88.9781036377, 98.4130249023, 221.470962524, 422.347015381, 466.897338867, 1370.70068359, 1170.78955078, 1535.54541016, 1925.37353516, 913.923522949, 1474.39807129, 828.8515625, 581.577819824, 766.362060547, 449.892181396, 503.788360596, 374.525177002, 346.343109131, 162.459533691, 178.823562622, 117.588317871, 47.9094619751, 76.5012817383, 93.7293014526, 292.653594971, 76.2158737183, 21.9979457855, 0.593228697777, 0.0301098823547, 0.010366698727, 0.00397448567674, 0.000946708547417, 0.000124055251945],
        "mean": [0.616909742355, 3.86249494553, 5.18410205841, 5.75362539291, 6.95010995865, 6.16456985474, 7.75208377838, 8.53511047363, 9.70652866364, 15.3744888306, 30.9109706879, 36.3503913879, 42.7801742554, 63.7796211243, 92.1296539307, 101.502845764, 67.4939575195, 83.4518661499, 82.3706130981, 53.5929794312, 42.9437026978, 31.2841777802, 27.2423706055, 34.9232139587, 32.3184585571, 21.2364215851, 18.4778518677, 6.91695642471, 5.83167314529, 8.06305503845, 7.48205184937, 4.51732301712, 2.01662707329, 0.414290010929, 0.0126072019339, 0.000760537106544, 0.000111177265353, 2.72716642939e-05, 2.99548501062e-05, 5.55066581001e-05],
        "median": [0.257876485586, 1.3899692297, 2.12244796753, 3.06129765511, 3.67851734161, 4.09340333939, 4.43556165695, 5.04743528366, 6.2444601059, 8.50541877747, 14.6386013031, 15.9947557449, 15.7837457657, 22.6194667816, 35.849319458, 40.0627822876, 36.7590141296, 42.630657196, 37.9684486389, 25.8772087097, 18.8417205811, 13.8694381714, 15.1194181442, 19.9160823822, 21.0620441437, 14.0955886841, 10.4483947754, 4.62564468384, 4.48359966278, 5.98795604706, 5.70606565475, 2.59160518646, 0.867923021317, 0.164547905326, 0.00482343323529, 0.000334382522851, 6.3981358835e-05, 1.61117859534e-05, 2.79747528111e-05, 5.36627740075e-05],
        "min": [8.03286911832e-06, 5.08659795742e-05, 0.000697336392477, 0.00975578185171, 0.00801888108253, 0.00199859542772, 0.000920770631637, 0.00335649843328, 0.0110321016982, 0.00896885804832, 0.0158301442862, 0.0192478820682, 0.0191867537796, 0.0792736411095, 0.120728880167, 0.127596870065, 0.137097582221, 0.0897149294615, 0.0718855336308, 0.0473048351705, 0.0659528970718, 0.0448996387422, 0.0623788535595, 0.0353197418153, 0.014473631978, 0.0293936077505, 0.0554977692664, 0.0266894549131, 0.021112786606, 0.0127351367846, 0.00702997297049, 0.000903520267457, 0.00054578500567, 0.000373519753339, 0.000234925173572, 3.86332249036e-05, 9.80215281743e-06, 2.1785433546e-06, 6.97064933775e-06, 7.97614006842e-07],
        "var": [0.51980227232, 17.7878189087, 68.2196578979, 97.0671081543, 81.2196350098, 54.3336715698, 113.103248596, 104.574935913, 121.448822021, 484.26171875, 1868.77807617, 2975.10424805, 9039.44921875, 15404.875, 26994.6953125, 48157.2617188, 7799.46435547, 15045.2373047, 11612.2421875, 5644.09570312, 4990.17089844, 2729.66625977, 1813.43347168, 2145.37011719, 1242.89794922, 479.916137695, 507.764648438, 66.766746521, 26.5585327148, 58.2322120667, 90.8242721558, 144.269256592, 37.2448425293, 1.77271366119, 0.00170154811349, 4.68453208669e-06, 1.32112020879e-07, 1.49067211908e-08, 9.13939257607e-10, 5.30892274586e-10]
    },
    "gfcc": {
        "mean": [17.0083866119, 123.202445984, -165.520477295, 64.5702972412, -63.7873535156, 35.3825683594, -17.4622211456, -3.61435627937, 2.84698224068, -18.0260601044, 15.4302396774, -19.5197200775, 4.02234220505],
        "cov": [[603.615722656, 23.5918292999, 30.9234390259, 54.192691803, -28.0070571899, 35.7336921692, 12.7830982208, 47.0813331604, -9.51497745514, 11.3331890106, -23.1528587341, -58.7512588501, -34.7229804993], [23.5918292999, 403.457641602, 3.44105935097, -4.96067905426, 85.827835083, -82.9236602783, 42.4302978516, -78.8416366577, -49.7594261169, -42.7386665344, -21.163936615, -79.5574569702, -19.5081138611], [30.9234390259, 3.44105935097, 438.730957031, 210.51890564, 47.826675415, 189.110366821, -27.227186203, 70.6933441162, 42.3563766479, 30.4035663605, 18.5507488251, 23.8202552795, -49.4738960266], [54.192691803, -4.96067905426, 210.51890564, 268.715606689, 86.0985107422, 48.9904747009, 32.8749084473, 70.111114502, 70.1036376953, 16.8715839386, 28.0142803192, 39.4585571289, -16.6436977386], [-28.0070571899, 85.827835083, 47.826675415, 86.0985107422, 263.653411865, 158.957962036, 133.03742981, 95.9879455566, 83.6928634644, 28.4967594147, 41.1763572693, 2.67584896088, 20.5779399872], [35.7336921692, -82.9236602783, 189.110366821, 48.9904747009, 158.957962036, 386.524993896, 144.803222656, 101.090888977, 116.841026306, 80.6764907837, 60.7816047668, 23.0438938141, -1.4807254076], [12.7830982208, 42.4302978516, -27.227186203, 32.8749084473, 133.03742981, 144.803222656, 273.148864746, 100.381057739, 109.048202515, 69.4821777344, 74.4686126709, 22.1121025085, 44.262802124], [47.0813331604, -78.8416366577, 70.6933441162, 70.111114502, 95.9879455566, 101.090888977, 100.381057739, 233.494232178, 127.038284302, 47.9841079712, 53.1180458069, 47.7267036438, 46.9183654785], [-9.51497745514, -49.7594261169, 42.3563766479, 70.1036376953, 83.6928634644, 116.841026306, 109.048202515, 127.038284302, 202.547637939, 80.8152542114, 65.0449066162, 69.9806671143, 31.3149585724], [11.3331890106, -42.7386665344, 30.4035663605, 16.8715839386, 28.4967594147, 80.6764907837, 69.4821777344, 47.9841079712, 80.8152542114, 133.201416016, 86.5540771484, 22.4092578888, 19.8372764587], [-23.1528587341, -21.163936615, 18.5507488251, 28.0142803192, 41.1763572693, 60.7816047668, 74.4686126709, 53.1180458069, 65.0449066162, 86.5540771484, 128.729110718, 73.6261367798, 23.0733108521], [-58.7512588501, -79.5574569702, 23.8202552795, 39.4585571289, 2.67584896088, 23.0438938141, 22.1121025085, 47.7267036438, 69.9806671143, 22.4092578888, 73.6261367798, 129.844665527, 45.6065673828], [-34.7229804993, -19.5081138611, -49.4738960266, -16.6436977386, 20.5779399872, -1.4807254076, 44.262802124, 46.9183654785, 31.3149585724, 19.8372764587, 23.0733108521, 45.6065673828, 101.17477417]],
        "icov": [[0.00240148697048, -0.00168430397753, 0.0023279171437, -0.00255470396951, 0.0024871788919, -0.00250827753916, 0.000903550186194, -0.00232865987346, 0.00160394387785, -0.00160803482868, 0.00143823307008, -0.000239134329604, 0.000958160264418], [-0.00168430397753, 0.00881091691554, -0.00761369010434, 0.00624786922708, -0.0069496864453, 0.00841433368623, -0.00432175397873, 0.00679420400411, -0.00508199073374, 0.0069876043126, -0.00714161992073, 0.00762547459453, -0.00290354015306], [0.0023279171437, -0.00761369010434, 0.0142686832696, -0.0117506692186, 0.00833043921739, -0.0123050045222, 0.00640871096402, -0.00797194987535, 0.00691223144531, -0.00741380546242, 0.00694634066895, -0.00663781305775, 0.0041160681285], [-0.00255470396951, 0.00624786922708, -0.0117506692186, 0.0149318221956, -0.00908249709755, 0.0108609693125, -0.00509712425992, 0.00578367523849, -0.00605156738311, 0.00503599643707, -0.00415850291029, 0.00224872515537, -0.000587319547776], [0.0024871788919, -0.0069496864453, 0.00833043921739, -0.00908249709755, 0.0140293641016, -0.0105213262141, 0.00283840857446, -0.00672054197639, 0.00319257122464, -0.0018671680009, 0.00176033808384, -0.000843946414534, 0.000317304482451], [-0.00250827753916, 0.00841433368623, -0.0123050045222, 0.0108609693125, -0.0105213262141, 0.0158076714724, -0.00699122203514, 0.00737420795485, -0.00665699830279, 0.00489720469341, -0.00538346823305, 0.00517878308892, -0.0014651203528], [0.000903550186194, -0.00432175397873, 0.00640871096402, -0.00509712425992, 0.00283840857446, -0.00699122203514, 0.00996328983456, -0.00405290629715, 0.000779150053859, -0.00228707515635, -0.000610900868196, -0.000242437265115, -0.000930982758291], [-0.00232865987346, 0.00679420400411, -0.00797194987535, 0.00578367523849, -0.00672054197639, 0.00737420795485, -0.00405290629715, 0.0137411225587, -0.00884500425309, 0.00775634171441, -0.00791472569108, 0.00723706837744, -0.00580069655553], [0.00160394387785, -0.00508199073374, 0.00691223144531, -0.00605156738311, 0.00319257122464, -0.00665699830279, 0.000779150053859, -0.00884500425309, 0.0172561742365, -0.0132087999955, 0.0118526946753, -0.0132524482906, 0.00548880174756], [-0.00160803482868, 0.0069876043126, -0.00741380546242, 0.00503599643707, -0.0018671680009, 0.00489720469341, -0.00228707515635, 0.00775634171441, -0.0132087999955, 0.0293911453336, -0.0255494881421, 0.0197501461953, -0.00889682210982], [0.00143823307008, -0.00714161992073, 0.00694634066895, -0.00415850291029, 0.00176033808384, -0.00538346823305, -0.000610900868196, -0.00791472569108, 0.0118526946753, -0.0255494881421, 0.0366767756641, -0.0261194203049, 0.010080463253], [-0.000239134329604, 0.00762547459453, -0.00663781305775, 0.00224872515537, -0.000843946414534, 0.00517878308892, -0.000242437265115, 0.00723706837744, -0.0132524482906, 0.0197501461953, -0.0261194203049, 0.0323501490057, -0.0128866964951], [0.000958160264418, -0.00290354015306, 0.0041160681285, -0.000587319547776, 0.000317304482451, -0.0014651203528, -0.000930982758291, -0.00580069655553, 0.00548880174756, -0.00889682210982, 0.010080463253, -0.0128866964951, 0.0181358847767]]
    },
    "melbands": {
        "dmean": [0.00240762368776, 0.00200230465271, 0.0008548629703, 0.000333443924319, 0.000170819505001, 0.000121608005429, 9.14864649531e-05, 0.000122234545415, 0.000152622582391, 0.000137013048516, 0.000149904226419, 0.000146539139678, 0.000143573677633, 0.000158928858582, 9.84524813248e-05, 0.000100004283013, 0.000101850135252, 7.21123724361e-05, 6.07553120062e-05, 3.99324744649e-05, 3.00153551507e-05, 2.1462325094e-05, 1.02371423054e-05, 1.40348292916e-05, 1.49548177433e-05, 1.56576643349e-05, 8.2029891928e-06, 6.38546180198e-06, 7.13930421625e-06, 3.65210348718e-06, 1.77036804416e-06, 1.65517940331e-06, 1.52677898768e-06, 3.45852868122e-06, 2.24311702368e-06, 2.38906159211e-06, 1.85145336218e-06, 1.1453538491e-06, 5.69149676721e-07, 1.12261190566e-07],
        "dmean2": [0.00339427730069, 0.00312013388611, 0.00137489417102, 0.000576257531065, 0.000284745823592, 0.000193670392036, 0.000142731456435, 0.000198887108127, 0.000242384674493, 0.000212970509892, 0.000238819251535, 0.000226425938308, 0.000222191316425, 0.000249561941018, 0.000154875451699, 0.000154463457875, 0.000156043039169, 0.000109413675091, 9.31969625526e-05, 6.16181787336e-05, 4.83178264403e-05, 3.34197429765e-05, 1.6256213712e-05, 2.32360634982e-05, 2.40130102611e-05, 2.51016426773e-05, 1.29541904244e-05, 9.48083197727e-06, 1.04824748632e-05, 5.6801586652e-06, 2.90798243441e-06, 2.74298963632e-06, 2.44865168497e-06, 5.64146421311e-06, 3.4355985008e-06, 3.87821501135e-06, 2.96039729619e-06, 1.72135173671e-06, 8.36796061776e-07, 1.65241957006e-07],
        "dvar": [9.22682920645e-06, 7.52477080823e-06, 2.47405228038e-06, 3.94322626107e-07, 5.99020069103e-08, 2.74091469521e-08, 1.51237085078e-08, 5.44006901748e-08, 7.31672997745e-08, 6.18132531827e-08, 1.89788394778e-07, 1.26584907889e-07, 5.89364077541e-08, 7.83411877592e-08, 2.45730031878e-08, 2.82517671479e-08, 3.67294425985e-08, 1.38382612036e-08, 1.25548416108e-08, 6.19815976322e-09, 4.97368146668e-09, 2.11804596084e-09, 3.44062112134e-10, 4.14503542601e-10, 6.08357308973e-10, 6.82669920593e-10, 1.01901403982e-10, 7.81090053747e-11, 1.06614113371e-10, 4.12419716433e-11, 1.40776539731e-11, 6.32307487619e-12, 4.72530304815e-12, 2.23709661906e-11, 1.89052645067e-11, 3.52514024915e-11, 8.62080268282e-11, 1.77875023738e-11, 3.46949335581e-12, 1.62677800375e-13],
        "dvar2": [1.5490264559e-05, 1.46003922055e-05, 5.96531072006e-06, 1.07308972019e-06, 1.63167499068e-07, 6.54824248159e-08, 3.46926505301e-08, 1.33808200076e-07, 1.73549153715e-07, 1.38852414011e-07, 4.69406955972e-07, 2.95349025237e-07, 1.20967627026e-07, 1.65216533787e-07, 5.10150499622e-08, 6.48121627478e-08, 8.07484212828e-08, 3.15376027515e-08, 2.67423825306e-08, 1.31934863035e-08, 1.20716441288e-08, 4.77362771534e-09, 7.04454217182e-10, 9.79414993552e-10, 1.43059941671e-09, 1.56625501457e-09, 2.25628765671e-10, 1.63951657806e-10, 2.21725818261e-10, 8.90001683462e-11, 3.53094394001e-11, 1.68523285604e-11, 1.11753366977e-11, 5.5359043738e-11, 4.25673211957e-11, 8.43165814945e-11, 2.32260238819e-10, 3.90980026133e-11, 5.80027388966e-12, 2.72722599712e-13],
        "max": [0.0240860339254, 0.0201451834291, 0.0103812664747, 0.00499586947262, 0.00352282356471, 0.00198404444382, 0.00153621903155, 0.00291962828487, 0.00308409519494, 0.00322926836088, 0.00679582357407, 0.00490843039006, 0.00451961858198, 0.00457723764703, 0.00274456851184, 0.00273502035998, 0.00325668090954, 0.00135994562879, 0.00175099272747, 0.00132370996289, 0.00123487086967, 0.000670125242323, 0.000326275388943, 0.000344234838849, 0.00035130570177, 0.000429940613685, 0.000156055772095, 0.000123258709209, 0.000110055923869, 9.61686164374e-05, 6.44432293484e-05, 3.2345236832e-05, 2.67685463768e-05, 4.58017530036e-05, 6.170256529e-05, 8.47561750561e-05, 0.000219384732191, 6.49705689284e-05, 4.5082266297e-05, 8.60917316459e-06],
        "mean": [0.00539730861783, 0.00360486190766, 0.00106233567931, 0.000479629670735, 0.000261664128629, 0.00019436290313, 0.00015138098388, 0.000178579444764, 0.000253968406469, 0.000230890422245, 0.000204877724173, 0.000241319139604, 0.00026977332891, 0.000285001297016, 0.000158714014105, 0.000159284158144, 0.000155053669005, 0.000120263372082, 9.92653658614e-05, 6.4413950895e-05, 4.70998456876e-05, 3.89681699744e-05, 1.92332227016e-05, 2.53646521742e-05, 2.77733524854e-05, 2.95143272524e-05, 1.57754820975e-05, 1.35357668114e-05, 1.32218856379e-05, 6.76460240356e-06, 3.0565859106e-06, 3.09430720336e-06, 2.99022417494e-06, 5.4380407164e-06, 4.15840258938e-06, 3.79416610485e-06, 2.4581913749e-06, 1.55007421654e-06, 8.42041345095e-07, 1.52651509211e-07],
        "median": [0.0020628250204, 0.00176821486093, 0.000663845741656, 0.000290344760288, 0.000167625577888, 0.000116716968478, 9.76582814474e-05, 9.55474024522e-05, 0.00010474807641, 9.04333210201e-05, 6.42415761831e-05, 7.13879489922e-05, 9.71126137301e-05, 0.000110429093183, 7.65316435718e-05, 6.38711644569e-05, 5.28005293745e-05, 5.31041878276e-05, 3.802651554e-05, 2.57697392954e-05, 1.71779320226e-05, 1.48700355567e-05, 1.01925361378e-05, 1.49273710122e-05, 1.47096961882e-05, 1.62230462593e-05, 1.04841874418e-05, 8.43628004077e-06, 6.91639888828e-06, 4.03767035095e-06, 1.92688457901e-06, 2.31499871006e-06, 2.20851939048e-06, 3.8977686927e-06, 3.13958730658e-06, 2.56975090451e-06, 1.18484445011e-06, 6.26060341347e-07, 3.45931454149e-07, 5.00603007936e-08],
        "min": [1.53602019992e-08, 3.04075413737e-08, 1.68498286257e-06, 3.46269445117e-07, 2.76985172576e-08, 7.78379103394e-08, 1.7045589118e-07, 9.16723266187e-08, 1.41524935771e-07, 1.19621319072e-07, 8.74920473848e-08, 2.93641932103e-07, 4.0612576413e-07, 3.84563520583e-07, 2.60158401488e-07, 3.20943598808e-07, 1.45198612245e-07, 1.06462252347e-07, 1.14372106452e-07, 2.32139960588e-08, 9.57036476734e-08, 4.77665196286e-08, 5.1041158855e-08, 5.35829194348e-08, 2.60486796577e-08, 1.23124355156e-08, 1.03812922703e-08, 2.02433696472e-08, 3.75663766761e-08, 2.94021855751e-08, 9.84071757415e-09, 1.28857706727e-08, 6.51113696293e-09, 7.97216159754e-09, 4.50690906817e-09, 1.18850973507e-09, 3.27914945197e-10, 2.92625007559e-10, 3.31864028445e-12, 3.77412131495e-13],
        "var": [3.44127874996e-05, 1.59599130711e-05, 2.45433511736e-06, 3.60127387466e-07, 9.73573293095e-08, 4.89630451739e-08, 3.08637275737e-08, 6.99683440075e-08, 1.43182617762e-07, 1.36933749673e-07, 2.28627442311e-07, 2.57716720853e-07, 2.24511566671e-07, 2.8021904086e-07, 6.96252797638e-08, 6.99801105952e-08, 7.4224466573e-08, 2.85789454324e-08, 2.3847769981e-08, 1.50259840126e-08, 7.98415911163e-09, 5.48884626639e-09, 1.13663567447e-09, 1.1681318135e-09, 1.58921598103e-09, 1.56808621643e-09, 2.53191662081e-10, 2.44612802236e-10, 2.77969675055e-10, 8.75645320142e-11, 1.61627933259e-11, 8.50972070587e-12, 8.63421573821e-12, 2.83271774093e-11, 2.69529624314e-11, 4.446654156e-11, 6.92538665303e-11, 2.5253453842e-11, 7.03575349023e-12, 3.00447356881e-13]
    },
    "mfcc": {
        "mean": [-593.823425293, 111.049354553, -15.5418424606, 22.5254497528, 0.820303380489, 22.3032493591, 5.23338651657, 17.2044506073, -7.3261051178, 18.3420543671, -3.30272746086, 6.35756969452, 1.47733330727],
        "cov": [[642.560058594, -18.0632572174, -14.1549634933, 13.1157474518, -56.8545455933, -33.1608161926, 8.14500999451, -26.2497291565, -0.134634047747, 40.3058815002, -13.3159132004, -2.14144420624, -8.02414703369], [-18.0632572174, 400.04284668, -99.7176971436, 42.1498680115, -29.4708614349, 11.1718358994, 44.5797157288, -55.894493103, -29.4619140625, 9.1375541687, -45.4458198547, -44.3378372192, -22.2849559784], [-14.1549634933, -99.7176971436, 441.649688721, 21.1188488007, 141.188247681, 79.3599624634, 7.76456403732, 49.4440841675, 7.91443967819, -0.661810219288, 85.640914917, 34.41771698, -3.93698358536], [13.1157474518, 42.1498680115, 21.1188488007, 286.728057861, 21.5342102051, -19.3706989288, -22.8740158081, 47.6475753784, -1.9101395607, -3.92429971695, -18.695526123, 48.9323005676, -9.20069885254], [-56.8545455933, -29.4708614349, 141.188247681, 21.5342102051, 260.971862793, 46.3775596619, 57.3910636902, 83.9778289795, 69.6731338501, 32.252368927, 68.1403121948, 10.0387706757, 41.0488052368], [-33.1608161926, 11.1718358994, 79.3599624634, -19.3706989288, 46.3775596619, 271.490325928, 71.8307876587, 74.0075531006, 17.4641609192, 96.4498672485, 59.100353241, 41.8222732544, 30.2245311737], [8.14500999451, 44.5797157288, 7.76456403732, -22.8740158081, 57.3910636902, 71.8307876587, 204.287719727, 43.5141372681, 54.4087333679, 84.8190383911, 43.6049232483, 8.97153759003, 41.95835495], [-26.2497291565, -55.894493103, 49.4440841675, 47.6475753784, 83.9778289795, 74.0075531006, 43.5141372681, 214.924163818, 92.1788330078, 64.1351699829, 55.8647727966, 65.6119155884, 60.2043228149], [-0.134634047747, -29.4619140625, 7.91443967819, -1.9101395607, 69.6731338501, 17.4641609192, 54.4087333679, 92.1788330078, 150.685958862, 92.3866348267, 32.1097068787, 16.1061477661, 54.5006217957], [40.3058815002, 9.1375541687, -0.661810219288, -3.92429971695, 32.252368927, 96.4498672485, 84.8190383911, 64.1351699829, 92.3866348267, 179.246368408, 69.2820281982, 24.1672801971, 42.66639328], [-13.3159132004, -45.4458198547, 85.640914917, -18.695526123, 68.1403121948, 59.100353241, 43.6049232483, 55.8647727966, 32.1097068787, 69.2820281982, 155.388549805, 76.4843902588, 32.7499427795], [-2.14144420624, -44.3378372192, 34.41771698, 48.9323005676, 10.0387706757, 41.8222732544, 8.97153759003, 65.6119155884, 16.1061477661, 24.1672801971, 76.4843902588, 138.007064819, 47.3466262817], [-8.02414703369, -22.2849559784, -3.93698358536, -9.20069885254, 41.0488052368, 30.2245311737, 41.95835495, 60.2043228149, 54.5006217957, 42.66639328, 32.7499427795, 47.3466262817, 103.983757019]],
