{
"lowlevel": {
    "average_loudness": 0.973400592804,
    "barkbands_crest": {
        "dmean": 2.75167131424,
        "dmean2": 4.58948898315,
        "dvar": 6.25029039383,
        "dvar2": 16.4533290863,
        "max": 22.6698265076,
        "mean": 8.80741596222,
        "median": 8.06004810333,
        "min": 2.7776594162,
        "var": 12.8909196854
    },
    "barkbands_flatness_db": {
        "dmean": 0.0220727045089,
        "dmean2": 0.0334486477077,
        "dvar": 0.000388880318496,
        "dvar2": 0.000801000278443,
        "max": 0.252759307623,
        "mean": 0.120330058038,
        "median": 0.116380356252,
        "min": 0.0333527997136,
        "var": 0.00137997232378
    },
    "barkbands_kurtosis": {
        "dmean": 1.29230260849,
        "dmean2": 2.10840177536,
        "dvar": 3.14435195923,
        "dvar2": 7.93970823288,
        "max": 23.9536457062,
        "mean": 0.986472785473,
        "median": 0.145358800888,
        "min": -1.65983486176,
        "var": 8.00974655151
    },
    "barkbands_skewness": {
        "dmean": 0.413139790297,
        "dmean2": 0.632369339466,
        "dvar": 0.14095081389,
        "dvar2": 0.339388430119,
        "max": 4.17018079758,
        "mean": 0.894879341125,
        "median": 0.835673511028,
        "min": -0.840778946877,
        "var": 0.589720666409
    },
    "barkbands_spread": {
        "dmean": 5.33784770966,
        "dmean2": 8.21446895599,
        "dvar": 24.3987026215,
        "dvar2": 59.0453567505,
        "max": 68.6976089478,
        "mean": 24.8009204865,
        "median": 24.5898895264,
        "min": 4.29320907593,
        "var": 92.7171554565
    },
    "dissonance": {
        "dmean": 0.017187345773,
        "dmean2": 0.0287959445268,
        "dvar": 0.000290583382593,
        "dvar2": 0.000820791523438,
        "max": 0.499846875668,
        "mean": 0.468340367079,
        "median": 0.474912583828,
        "min": 0.315278619528,
        "var": 0.000660332618281
    },
    "dynamic_complexity": 3.13252830505,
    "erbbands_crest": {
        "dmean": 3.19469118118,
        "dmean2": 4.94017648697,
        "dvar": 9.71428394318,
        "dvar2": 24.0363483429,
        "max": 30.7537651062,
        "mean": 9.67930412292,
        "median": 8.01347541809,
        "min": 2.59091567993,
        "var": 32.2805175781
    },
    "erbbands_flatness_db": {
        "dmean": 0.0233407747,
        "dmean2": 0.0324243120849,
        "dvar": 0.00045748995035,
        "dvar2": 0.000911473412998,
        "max": 0.286552488804,
        "mean": 0.163598358631,
        "median": 0.159007698298,
        "min": 0.0659216418862,
        "var": 0.00176801485941
    },
    "erbbands_kurtosis": {
        "dmean": 0.887457430363,
        "dmean2": 1.39841461182,
        "dvar": 1.30133497715,
        "dvar2": 3.0177295208,
        "max": 17.8968296051,
        "mean": 0.607118487358,
        "median": -0.0255486965179,
        "min": -1.63717389107,
        "var": 4.47409820557
    },
    "erbbands_skewness": {
        "dmean": 0.382880181074,
        "dmean2": 0.589511811733,
        "dvar": 0.13248577714,
        "dvar2": 0.318124681711,
        "max": 3.42433094978,
        "mean": 0.145475000143,
        "median": 0.0266122464091,
        "min": -2.27940225601,
        "var": 0.541122615337
    },
    "erbbands_spread": {
        "dmean": 7.15664672852,
        "dmean2": 10.9345626831,
        "dvar": 48.2683906555,
        "dvar2": 106.020004272,
        "max": 91.8786010742,
        "mean": 31.7403354645,
        "median": 29.8669528961,
        "min": 4.87298488617,
        "var": 203.822525024
    },
    "hfc": {
        "dmean": 6.67481660843,
        "dmean2": 9.75869655609,
        "dvar": 45.6385726929,
        "dvar2": 96.1033325195,
        "max": 71.186668396,
        "mean": 26.5016956329,
        "median": 27.1442222595,
        "min": 3.62958826372e-06,
        "var": 215.28062439
    },
    "melbands_crest": {
        "dmean": 3.5313475132,
        "dmean2": 5.77502679825,
        "dvar": 10.1025972366,
        "dvar2": 25.0745887756,
        "max": 30.7361755371,
        "mean": 13.3050031662,
        "median": 12.6477861404,
        "min": 4.90249013901,
        "var": 22.0347671509
    },
    "melbands_flatness_db": {
        "dmean": 0.0232088025659,
        "dmean2": 0.0351054668427,
        "dvar": 0.000408326275647,
        "dvar2": 0.000937371572945,
        "max": 0.301514446735,
        "mean": 0.172422125936,
        "median": 0.168204039335,
        "min": 0.0614006593823,
        "var": 0.00186188530643
    },
    "melbands_kurtosis": {
        "dmean": 3.28094244003,
        "dmean2": 5.28275489807,
        "dvar": 23.4758110046,
        "dvar2": 58.8882331848,
        "max": 67.811050415,
        "mean": 5.48519706726,
        "median": 3.21056461334,
        "min": -1.44316613674,
        "var": 62.7888336182
    },
    "melbands_skewness": {
        "dmean": 0.568178534508,
        "dmean2": 0.864937484264,
        "dvar": 0.306545674801,
        "dvar2": 0.722457230091,
        "max": 7.14832353592,
        "mean": 1.80017006397,
        "median": 1.65806245804,
        "min": -0.643015503883,
        "var": 1.34334897995
    },
    "melbands_spread": {
        "dmean": 6.93459367752,
        "dmean2": 10.7784843445,
        "dvar": 38.8373031616,
        "dvar2": 92.7729034424,
        "max": 71.0078353882,
        "mean": 28.4120445251,
        "median": 27.7264194489,
        "min": 4.07987356186,
        "var": 138.357131958
    },
    "pitch_salience": {
        "dmean": 0.0705726519227,
        "dmean2": 0.115452155471,
        "dvar": 0.0034594940953,
        "dvar2": 0.0092689068988,
        "max": 0.778063893318,
        "mean": 0.558448195457,
        "median": 0.558089733124,
        "min": 0.272440969944,
        "var": 0.00913577526808
    },
    "silence_rate_20dB": {
        "dmean": 0,
        "dmean2": 0,
        "dvar": 0,
        "dvar2": 0,
        "max": 1,
        "mean": 1,
        "median": 1,
        "min": 1,
        "var": 0
    },
    "silence_rate_30dB": {
        "dmean": 0,
        "dmean2": 0,
        "dvar": 0,
        "dvar2": 0,
        "max": 1,
        "mean": 1,
        "median": 1,
        "min": 1,
        "var": 0
    },
    "silence_rate_60dB": {
        "dmean": 0.00464396271855,
        "dmean2": 0.00929511990398,
        "dvar": 0.00462229177356,
        "dvar2": 0.00920908804983,
        "max": 1,
        "mean": 0.0750193372369,
        "median": 0,
        "min": 0,
        "var": 0.0693903714418
    },
    "spectral_centroid": {
        "dmean": 248.011856079,
        "dmean2": 383.063476562,
        "dvar": 116472.867188,
        "dvar2": 191891.109375,
        "max": 10889.4658203,
        "mean": 1525.47058105,
        "median": 1520.3939209,
        "min": 353.067626953,
        "var": 288443.5625
    },
    "spectral_complexity": {
        "dmean": 4.19969034195,
        "dmean2": 6.13942670822,
        "dvar": 17.4508304596,
        "dvar2": 30.335308075,
        "max": 55,
        "mean": 27.3364276886,
        "median": 28,
        "min": 0,
        "var": 138.431838989
    },
    "spectral_decrease": {
        "dmean": 2.14514983554e-09,
        "dmean2": 3.22022031263e-09,
        "dvar": 5.55562871686e-18,
        "dvar2": 1.26962744537e-17,
        "max": -1.30031108815e-15,
        "mean": -7.90123166894e-09,
        "median": -7.43853245666e-09,
        "min": -2.13742836763e-08,
        "var": 2.02132567636e-17
    },
    "spectral_energy": {
        "dmean": 0.00850699003786,
        "dmean2": 0.0126922912896,
        "dvar": 8.54680838529e-05,
        "dvar2": 0.000193734143977,
        "max": 0.0854947194457,
        "mean": 0.0322248376906,
        "median": 0.0309277456254,
        "min": 5.41465450254e-09,
        "var": 0.000324376218487
    },
    "spectral_energyband_high": {
        "dmean": 0.000331552757416,
        "dmean2": 0.000496113672853,
        "dvar": 2.08315796613e-07,
        "dvar2": 4.5671930593e-07,
        "max": 0.00468132365495,
        "mean": 0.000704983132891,
        "median": 0.000512408092618,
        "min": 1.10136420817e-10,
        "var": 4.45748725042e-07
    },
    "spectral_energyband_low": {
        "dmean": 0.00456946901977,
        "dmean2": 0.00724187493324,
        "dvar": 4.49478320661e-05,
        "dvar2": 0.000109965592856,
        "max": 0.062124915421,
        "mean": 0.00926388986409,
        "median": 0.0074184150435,
        "min": 2.7512241374e-09,
        "var": 6.29019050393e-05
    },
    "spectral_energyband_middle_high": {
        "dmean": 0.00287791644223,
        "dmean2": 0.00424604304135,
        "dvar": 1.12231509775e-05,
        "dvar2": 2.58688396571e-05,
        "max": 0.0390318334103,
        "mean": 0.00907838251442,
        "median": 0.00743180327117,
        "min": 1.00374031309e-09,
        "var": 4.83999101561e-05
    },
    "spectral_energyband_middle_low": {
        "dmean": 0.00585526833311,
        "dmean2": 0.0093464422971,
        "dvar": 5.40889013791e-05,
        "dvar2": 0.000134804955451,
        "max": 0.0694335848093,
        "mean": 0.0144239012152,
        "median": 0.011095251888,
        "min": 1.04778175025e-09,
        "var": 0.000152014268679
    },
    "spectral_entropy": {
        "dmean": 0.160208210349,
        "dmean2": 0.224826902151,
        "dvar": 0.0280716717243,
        "dvar2": 0.0530325435102,
        "max": 9.80092716217,
        "mean": 7.68084096909,
        "median": 7.71391630173,
        "min": 6.47068500519,
        "var": 0.10149936378
    },
    "spectral_flux": {
        "dmean": 0.02609231323,
        "dmean2": 0.0394154600799,
        "dvar": 0.000659730576444,
        "dvar2": 0.001352692605,
        "max": 0.250166505575,
        "mean": 0.0978311896324,
        "median": 0.095482468605,
        "min": 8.41383298393e-05,
        "var": 0.00220560003072
    },
    "spectral_kurtosis": {
        "dmean": 1.48413205147,
        "dmean2": 2.49195742607,
        "dvar": 2.12318491936,
        "dvar2": 5.75150775909,
        "max": 13.9397830963,
        "mean": 4.32602787018,
        "median": 3.85699939728,
        "min": -1.19575619698,
        "var": 4.20727491379
    },
    "spectral_rms": {
        "dmean": 0.000697992509231,
        "dmean2": 0.00102041475475,
        "dvar": 4.75827135915e-07,
        "dvar2": 1.03851675703e-06,
        "max": 0.00913287885487,
        "mean": 0.0052886637859,
        "median": 0.00549303274602,
        "min": 2.29838860832e-06,
        "var": 3.46894148606e-06
    },
    "spectral_rolloff": {
        "dmean": 375.897338867,
        "dmean2": 615.623474121,
        "dvar": 200089.640625,
        "dvar2": 479520.125,
        "max": 6223.09570312,
        "mean": 1520.2130127,
        "median": 1528.85742188,
        "min": 129.19921875,
        "var": 481232.34375
    },
    "spectral_skewness": {
        "dmean": 0.199619278312,
        "dmean2": 0.3254570961,
        "dvar": 0.0321113467216,
        "dvar2": 0.081988312304,
        "max": 2.87551903725,
        "mean": 1.44444131851,
        "median": 1.38987779617,
        "min": -0.0403316468,
        "var": 0.12222649157
    },
    "spectral_spread": {
        "dmean": 572541.125,
        "dmean2": 807613.6875,
        "dvar": 1.33639412122e+12,
        "dvar2": 1.85020042445e+12,
        "max": 39912544,
        "mean": 3885791.25,
        "median": 3635564.5,
        "min": 2468181.75,
        "var": 1.80424854733e+12
    },
    "spectral_strongpeak": {
        "dmean": 0.791548550129,
        "dmean2": 1.32348155975,
        "dvar": 1.36314237118,
        "dvar2": 3.22907996178,
        "max": 8.68600845337,
        "mean": 1.27143585682,
        "median": 0.432254612446,
        "min": 8.44593669171e-05,
        "var": 2.48271083832
    },
    "zerocrossingrate": {
        "dmean": 0.0080585302785,
        "dmean2": 0.00962908752263,
        "dvar": 4.96152024425e-05,
        "dvar2": 6.85891864123e-05,
        "max": 0.162109375,
        "mean": 0.0594755262136,
        "median": 0.05859375,
        "min": 0.013671875,
        "var": 0.000332825205987
    },
    "barkbands": {
        "dmean": [0.000244866125286, 0.00268740789033, 0.00254033645615, 0.00107981462497, 0.001459029736, 0.00127441179939, 0.000949409382883, 0.00189147901256, 0.00230944831856, 0.000866030051839, 0.000796012172941, 0.000498864217661, 0.000927890243474, 0.000794954132289, 0.000729754508939, 0.000425399077358, 0.000208575918805, 0.00019621210231, 0.000202934388653, 0.000183208641829, 7.9946439655e-05, 6.32041701465e-05, 5.94006523897e-05, 4.47223719675e-05, 3.85910207115e-05, 1.7898320948e-05, 5.61893841677e-07],
        "dmean2": [0.000366779160686, 0.00415224255994, 0.00433025415987, 0.00184535782319, 0.00240365718491, 0.00210705446079, 0.00153349945322, 0.00297683966346, 0.00356925325468, 0.00130754499696, 0.001229460584, 0.000810628873296, 0.00147945736535, 0.00129526341334, 0.00115898915101, 0.000675983610563, 0.000330702023348, 0.00031208776636, 0.000333035626682, 0.000295568839647, 0.000125189704704, 9.75759103312e-05, 9.4323848316e-05, 7.043939695e-05, 5.83577384532e-05, 2.81703250948e-05, 9.96740368464e-07],
        "dvar": [3.09769831119e-07, 2.46643649007e-05, 1.8762124455e-05, 4.67934250992e-06, 3.96528184865e-06, 7.10241647539e-06, 9.38637458603e-06, 2.41132966039e-05, 2.57712927123e-05, 2.98909276353e-06, 2.91941023534e-06, 1.47240768911e-06, 3.17069861921e-06, 2.6814868761e-06, 1.93617711375e-06, 6.99357372014e-07, 8.66792717602e-08, 6.84355825342e-08, 5.99566334358e-08, 4.61804958718e-08, 1.55710591088e-08, 8.66051941273e-09, 1.03976400823e-08, 5.15474374296e-09, 7.61279128625e-09, 1.24864985018e-09, 1.76352823403e-12],
        "dvar2": [7.00985253843e-07, 5.66183625779e-05, 5.07998593093e-05, 9.77613672148e-06, 1.04496812128e-05, 1.75415007106e-05, 2.19216763071e-05, 5.77041464567e-05, 6.0752598074e-05, 6.52681683277e-06, 7.03029172655e-06, 3.60654303222e-06, 7.65944787418e-06, 6.20589207756e-06, 4.78406400362e-06, 1.7170866613e-06, 2.20714213128e-07, 1.71787092995e-07, 1.58376195714e-07, 1.17461198101e-07, 3.56404328272e-08, 1.96685956411e-08, 2.62559645137e-08, 1.24610819441e-08, 1.59879132156e-08, 3.01806624137e-09, 4.72304270346e-12],
        "max": [0.00398893747479, 0.0412859469652, 0.0380759239197, 0.055146150291, 0.0340372845531, 0.037748195231, 0.0520041659474, 0.0608389638364, 0.0641239657998, 0.0255131218582, 0.0272303149104, 0.0241401270032, 0.0208508223295, 0.0230873636901, 0.022099873051, 0.0125781260431, 0.00364477792755, 0.00380076374859, 0.00273960479535, 0.00256621092558, 0.00136286055204, 0.000733913853765, 0.0010302948067, 0.000715644098818, 0.00201120320708, 0.000403426063713, 1.26933964566e-05],
        "mean": [0.000269480864517, 0.0041106082499, 0.00400378229097, 0.00146589416545, 0.00267604156397, 0.00200342992321, 0.00137067190371, 0.00275408686139, 0.00344630540349, 0.0014262489276, 0.00119357393123, 0.000781582843047, 0.00143055198714, 0.0012581681367, 0.00109825783875, 0.000724278041162, 0.000409998727264, 0.000387873704312, 0.000486899458338, 0.00043771401397, 0.000158900511451, 0.000111526918772, 8.26474642963e-05, 6.72202804708e-05, 5.0583788834e-05, 1.81381074071e-05, 4.15247114915e-07],
        "median": [1.76549383468e-05, 0.00213680439629, 0.00300107919611, 0.000868213828653, 0.00190301332623, 0.00107734650373, 0.000562693399843, 0.000704730045982, 0.000710189633537, 0.000584519701079, 0.000420175056206, 0.000348826433765, 0.000580008199904, 0.000565986440051, 0.000514358282089, 0.000399409269448, 0.000304818211589, 0.000279104540823, 0.000391429726733, 0.000372928421712, 0.000105380910099, 5.83880173508e-05, 4.0810671635e-05, 3.96881951019e-05, 1.77962156158e-05, 4.49983917861e-06, 5.24311047911e-08],
        "min": [2.35821323406e-12, 1.3038582436e-09, 1.3969334578e-09, 7.61446947162e-11, 3.4462291354e-10, 2.22777324366e-10, 2.174588426e-10, 6.19568285565e-11, 3.14427234249e-11, 2.46476415666e-11, 6.67671543053e-11, 4.35118156783e-11, 5.58402178663e-11, 1.57060947581e-10, 1.8610893382e-10, 3.87204712737e-11, 3.99706413801e-11, 9.17911718856e-11, 2.99744708221e-11, 7.25423540682e-11, 2.93575753985e-11, 2.4955332939e-11, 1.19130816323e-11, 1.16667595723e-11, 5.22191057756e-12, 3.86907693384e-12, 5.61261974397e-12],
        "var": [3.98673904556e-07, 3.53452232957e-05, 1.8132301193e-05, 7.93969411461e-06, 7.54205530029e-06, 1.03256943476e-05, 1.38384120874e-05, 4.31280677731e-05, 6.00521452725e-05, 8.3540317064e-06, 6.42829400022e-06, 2.23591473514e-06, 5.53731479158e-06, 5.25124414708e-06, 2.87935449705e-06, 1.14815691177e-06, 1.6208882414e-07, 1.36461764555e-07, 1.63155888799e-07, 1.3942600674e-07, 2.96031448244e-08, 1.67147309327e-08, 1.21880896486e-08, 6.8473240411e-09, 1.40878375632e-08, 1.36485844848e-09, 1.26900464963e-12]
    },
    "erbbands": {
        "dmean": [0.0978123024106, 0.601889669895, 2.38299870491, 3.37737751007, 4.46353149414, 4.6496386528, 7.66470336914, 11.1960287094, 12.1841001511, 22.2302646637, 46.1177825928, 61.1239433289, 28.8566570282, 22.7121658325, 32.8347091675, 21.6356983185, 41.8648834229, 35.7243423462, 40.7937164307, 30.4152927399, 15.7111654282, 10.6530237198, 10.146727562, 9.45727729797, 9.74146461487, 8.57532691956, 4.32446527481, 3.03676104546, 2.36412978172, 1.68628275394, 1.81278896332, 0.98946171999, 0.788084805012, 0.467755675316, 0.253010630608, 0.0895224064589, 0.0353638008237, 0.00425344519317, 8.81926316652e-05, 1.21732637126e-05],
        "dmean2": [0.139472812414, 1.02164053917, 4.09380912781, 5.67401838303, 7.57946538925, 7.66365385056, 12.653418541, 18.8162937164, 19.7330341339, 34.1365203857, 72.4991912842, 94.1834335327, 43.4874725342, 36.5703125, 49.706451416, 34.7708969116, 67.0250091553, 57.6989974976, 64.189414978, 47.8889007568, 24.7909679413, 16.6067199707, 16.0687503815, 15.3211698532, 15.4189100266, 13.8833665848, 6.75226163864, 4.70617103577, 3.65672278404, 2.64163780212, 2.91171550751, 1.53784573078, 1.2658200264, 0.70867651701, 0.397495448589, 0.136028081179, 0.0572671107948, 0.00710848299786, 0.000145327925566, 1.79411090357e-05],
        "dvar": [0.0463426150382, 1.16930341721, 15.649269104, 33.6373672485, 65.3393936157, 40.5396995544, 136.564041138, 813.53918457, 1252.1270752, 4584.04101562, 14081.5400391, 20331.6640625, 3110.51293945, 3081.31591797, 5096.89208984, 2193.09472656, 7167.76220703, 5517.40380859, 5344.57861328, 3927.60449219, 576.789794922, 222.452789307, 196.538452148, 170.806365967, 127.680847168, 102.587669373, 32.5785446167, 22.8633766174, 12.5798244476, 6.99485635757, 10.5193777084, 2.51395726204, 1.71261870861, 0.969849944115, 0.41567119956, 0.0324534066021, 0.00549164926633, 7.84433286753e-05, 3.06686835927e-08, 1.85181273094e-10],
        "dvar2": [0.0918039157987, 3.13626384735, 43.3633613586, 82.7975692749, 167.430511475, 103.698188782, 337.485412598, 2075.19775391, 3018.74609375, 10987.9003906, 33755.5390625, 46836.8007812, 6554.02734375, 7727.54833984, 11879.8427734, 5279.77685547, 17728.5234375, 12540.1640625, 13709.0439453, 9624.265625, 1453.18981934, 546.176452637, 493.277923584, 457.74017334, 339.167266846, 254.864105225, 75.1373977661, 52.8824386597, 28.9463768005, 16.3252620697, 27.3860378265, 6.00254678726, 4.12701225281, 1.97985887527, 0.950607001781, 0.0699549913406, 0.0139630446211, 0.000205346033908, 7.95448187318e-08, 4.24693252787e-10],
        "max": [1.89389097691, 9.05035972595, 36.6200942993, 90.4540557861, 148.036911011, 92.3350601196, 177.214584351, 440.964324951, 899.764099121, 1180.89013672, 1615.20776367, 1869.89208984, 939.438659668, 923.671447754, 1097.80895996, 838.777954102, 1084.94018555, 1325.88146973, 939.953857422, 1156.80334473, 286.060394287, 188.36907959, 221.992904663, 202.29675293, 112.350357056, 117.155532837, 53.9355316162, 51.9978027344, 32.3086090088, 29.6180534363, 30.4233646393, 18.1718616486, 13.8392534256, 18.6190948486, 15.8546714783, 2.58977937698, 0.891995668411, 0.103278778493, 0.00195264793001, 0.000125509031932],
        "mean": [0.120639942586, 0.921796262264, 3.96668505669, 5.54342365265, 6.70459699631, 8.03008937836, 12.4466028214, 16.6621646881, 21.123260498, 32.3289718628, 68.4337692261, 92.7233657837, 53.2390403748, 35.3666229248, 50.3281974792, 38.3508377075, 67.3259277344, 61.7508392334, 66.5066757202, 53.893245697, 30.6578445435, 22.2788658142, 21.8495979309, 22.2636604309, 24.3063220978, 20.3057079315, 9.97875404358, 5.73857069016, 4.15656518936, 2.70862269402, 2.38973283768, 1.58596909046, 1.05905866623, 0.641530811787, 0.310309827328, 0.0997283086181, 0.0320946872234, 0.00363133358769, 9.4559014542e-05, 4.20995675086e-05],
        "median": [0.0215866453946, 0.572623312473, 3.12912154198, 3.15667438507, 3.30573368073, 5.61023044586, 8.61360645294, 7.91335391998, 9.40759658813, 11.5658521652, 19.6493606567, 21.697473526, 22.5908546448, 15.9970092773, 19.5848731995, 19.6268672943, 28.8542537689, 30.9893093109, 31.4316043854, 28.9144573212, 19.4649581909, 16.129491806, 16.4450016022, 18.2965373993, 19.8394355774, 17.38712883, 7.760242939, 3.55397343636, 2.15893888474, 1.4232159853, 1.13428342342, 0.973639011383, 0.538741111755, 0.255861312151, 0.0913472399116, 0.0258748102933, 0.00704929372296, 0.000803574512247, 3.80361962016e-05, 4.04177590099e-05],
        "min": [1.41829179512e-08, 3.82948257993e-07, 1.62562309924e-06, 7.96361064204e-07, 5.36939523954e-07, 9.44092278132e-07, 2.63812830781e-06, 1.36267760809e-06, 3.43107853951e-06, 2.22247376769e-06, 1.759549491e-06, 7.50819367568e-07, 8.13310919057e-07, 2.31005287787e-06, 1.56451687872e-06, 1.44990008266e-06, 2.87358511741e-06, 6.80052744428e-06, 5.32217745786e-06, 8.59736337588e-06, 2.39338919528e-06, 2.75517481896e-06, 4.94882988278e-06, 1.9697067728e-06, 3.04186232825e-06, 2.46205354415e-06, 1.09810184767e-06, 1.22408653169e-06, 9.47858097788e-07, 6.54319705973e-07, 3.12098848099e-07, 2.03872232873e-07, 1.94720485069e-07, 7.66254828477e-08, 2.49986449319e-08, 9.48694101055e-09, 7.60977414416e-09, 4.13471967775e-09, 7.95766008643e-10, 8.78842831842e-11],
        "var": [0.0663867294788, 1.32794439793, 15.0082607269, 48.8588829041, 110.489906311, 70.3188781738, 182.447860718, 986.13458252, 3093.52099609, 6605.39746094, 25576.9121094, 47697.8828125, 11531.3066406, 4277.55126953, 9866.94628906, 3933.91601562, 12521.2119141, 10473.7685547, 10425.4570312, 7479.21875, 1174.91906738, 437.045135498, 401.064880371, 354.855529785, 417.57409668, 303.468933105, 85.2171325684, 41.1877670288, 23.8395271301, 10.6281909943, 11.187371254, 3.54667401314, 2.09918856621, 1.81123661995, 0.672886371613, 0.0497902184725, 0.00470791803673, 6.26722248853e-05, 2.62732999801e-08, 5.67588753775e-10]
    },
    "gfcc": {
        "mean": [16.4954776764, 101.668624878, -135.263122559, 35.582447052, -55.7332763672, 15.9334077835, -37.2869262695, 9.80867862701, -24.5334091187, 3.09387350082, -14.6387386322, -9.60323905945, -12.0807762146],
        "cov": [[8191.85595703, -548.05279541, -276.801696777, -289.017791748, -226.652038574, 238.324325562, 55.7206802368, 185.791809082, -138.394378662, 118.428077698, -143.982849121, 41.7556686401, -70.0707626343], [-548.05279541, 593.324035645, -125.573158264, -80.3143310547, 9.72250843048, -67.257232666, 89.721534729, -41.6697998047, 106.875740051, -104.311523438, 115.191802979, -83.929725647, 57.7266540527], [-276.801696777, -125.573158264, 404.887878418, 21.5722751617, 18.5222454071, 17.7791252136, -42.7226448059, 48.0842704773, -7.74968338013, 60.5906600952, -25.9211101532, 112.082260132, -38.7749977112], [-289.017791748, -80.3143310547, 21.5722751617, 237.558395386, 51.878780365, -33.6077575684, -54.5169563293, -28.9693069458, -2.233720541, 18.4589290619, 12.2869033813, 9.73417663574, 27.1493358612], [-226.652038574, 9.72250843048, 18.5222454071, 51.878780365, 99.7326431274, 16.3865604401, -2.59046149254, 2.03450274467, 11.6925029755, 17.7908878326, 11.8634672165, 16.8275909424, 14.205450058], [238.324325562, -67.257232666, 17.7791252136, -33.6077575684, 16.3865604401, 141.065475464, 47.5041313171, 14.8056535721, -21.7291126251, 9.19687461853, 9.5176076889, 31.1696681976, 3.89285635948], [55.7206802368, 89.721534729, -42.7226448059, -54.5169563293, -2.59046149254, 47.5041313171, 152.888031006, 32.488697052, -2.27632212639, -21.5957355499, 24.2848339081, -8.73481655121, 10.7175416946], [185.791809082, -41.6697998047, 48.0842704773, -28.9693069458, 2.03450274467, 14.8056535721, 32.488697052, 123.597381592, 62.5043640137, 27.4238090515, -17.0696773529, 14.4033069611, 8.51712608337], [-138.394378662, 106.875740051, -7.74968338013, -2.233720541, 11.6925029755, -21.7291126251, -2.27632212639, 62.5043640137, 151.154067993, 13.0193710327, 7.45847320557, -28.2428894043, 21.4913520813], [118.428077698, -104.311523438, 60.5906600952, 18.4589290619, 17.7908878326, 9.19687461853, -21.5957355499, 27.4238090515, 13.0193710327, 81.2500228882, 0.790112197399, 30.6748809814, -13.7181301117], [-143.982849121, 115.191802979, -25.9211101532, 12.2869033813, 11.8634672165, 9.5176076889, 24.2848339081, -17.0696773529, 7.45847320557, 0.790112197399, 93.3041534424, 14.0287780762, 19.4758815765], [41.7556686401, -83.929725647, 112.082260132, 9.73417663574, 16.8275909424, 31.1696681976, -8.73481655121, 14.4033069611, -28.2428894043, 30.6748809814, 14.0287780762, 102.631797791, 1.45419931412], [-70.0707626343, 57.7266540527, -38.7749977112, 27.1493358612, 14.205450058, 3.89285635948, 10.7175416946, 8.51712608337, 21.4913520813, -13.7181301117, 19.4758815765, 1.45419931412, 64.8531265259]],
        "icov": [[0.0001778062433, -0.000153908113134, 0.000336265307851, -2.19402882067e-05, 0.000466641096864, -0.000377232587198, 0.000179989088792, -0.000453779735835, 0.000340114318533, -0.000493675179314, 0.000392757850932, -0.000261105597019, 0.000160394280101], [-0.000153908113134, 0.00900268461555, -0.00238483236171, 0.00453903060406, -0.00399176124483, 0.00533423759043, -0.00392437772825, 0.00554305734113, -0.00666170800105, 0.00865004491061, -0.00997899658978, 0.00452480930835, -0.00409839022905], [0.000336265307851, -0.00238483236171, 0.00553744286299, -0.00165674311575, 0.00161091075279, -0.00179731659591, 0.00175522989593, -0.00314566818997, 0.00147620111238, -0.00309063703753, 0.00417814450338, -0.0064041367732, 0.00411444110796], [-2.19402882067e-05, 0.00453903060406, -0.00165674311575, 0.00827357824892, -0.00455600116402, 0.00396845163777, -0.000554437167011, 0.00383438658901, -0.00254332227632, 0.00278015318327, -0.00534952804446, 0.00297596026212, -0.00519959582016], [0.000466641096864, -0.00399176124483, 0.00161091075279, -0.00455600116402, 0.0153203355148, -0.00478988932446, 0.00130699051078, -0.00222221203148, 0.00191392260604, -0.00659566838294, 0.00481884181499, -0.00358378142118, 0.000539140193723], [-0.000377232587198, 0.00533423759043, -0.00179731659591, 0.00396845163777, -0.00478988932446, 0.0129305012524, -0.00512893311679, 0.00371012836695, -0.00298400153406, 0.00447686621919, -0.00605930713937, 0.000722121039871, -0.0035189029295], [0.000179989088792, -0.00392437772825, 0.00175522989593, -0.000554437167011, 0.00130699051078, -0.00512893311679, 0.0118935108185, -0.00729044806212, 0.00512717245147, -0.00101664476097, 0.000860556960106, -0.000196551685804, 0.00181453803089], [-0.000453779735835, 0.00554305734113, -0.00314566818997, 0.00383438658901, -0.00222221203148, 0.00371012836695, -0.00729044806212, 0.0197341833264, -0.0111799091101, 0.00142596988007, -0.00152825494297, 0.000422015960794, -0.0055770338513], [0.000340114318533, -0.00666170800105, 0.00147620111238, -0.00254332227632, 0.00191392260604, -0.00298400153406, 0.00512717245147, -0.0111799091101, 0.0166243873537, -0.0079672113061, 0.00461860978976, 0.00196548295207, -1.22141102565e-07], [-0.000493675179314, 0.00865004491061, -0.00309063703753, 0.00278015318327, -0.00659566838294, 0.00447686621919, -0.00101664476097, 0.00142596988007, -0.0079672113061, 0.0272966474295, -0.0119055490941, 0.00107113074046, 0.00187757855747], [0.000392757850932, -0.00997899658978, 0.00417814450338, -0.00534952804446, 0.00481884181499, -0.00605930713937, 0.000860556960106, -0.00152825494297, 0.00461860978976, -0.0119055490941, 0.0258297268301, -0.009765191935, 0.00182424287777], [-0.000261105597019, 0.00452480930835, -0.0064041367732, 0.00297596026212, -0.00358378142118, 0.000722121039871, -0.000196551685804, 0.000422015960794, 0.00196548295207, 0.00107113074046, -0.009765191935, 0.0222038384527, -0.00665586208925], [0.000160394280101, -0.00409839022905, 0.00411444110796, -0.00519959582016, 0.000539140193723, -0.0035189029295, 0.00181453803089, -0.0055770338513, -1.22141102565e-07, 0.00187757855747, 0.00182424287777, -0.00665586208925, 0.0244017653167]]
    },
    "melbands": {
        "dmean": [0.000761370407417, 0.00102117552888, 0.000587585091125, 0.000316302495776, 0.000254377082456, 0.000252832775004, 0.000181745926966, 0.000270335702226, 0.000400784134399, 0.000364524225006, 0.00013975573529, 9.52342379605e-05, 0.000117906027299, 6.27525296295e-05, 6.81754681864e-05, 9.23609550227e-05, 7.1657312219e-05, 7.33605920686e-05, 4.65500634164e-05, 3.8288286305e-05, 1.70989733306e-05, 1.17585732369e-05, 1.15871271191e-05, 9.657087503e-06, 8.26863379189e-06, 8.28858628665e-06, 7.0797304943e-06, 6.09001699559e-06, 3.54391409019e-06, 2.04412117455e-06, 1.81003645139e-06, 1.54171129907e-06, 1.05363744751e-06, 9.32060629566e-07, 1.09623590561e-06, 8.35516800635e-07, 5.46931289591e-07, 6.20024366071e-07, 4.45141097316e-07, 3.97561876753e-07],
        "dmean2": [0.00114103849046, 0.00173655769322, 0.000984406215139, 0.00053384405328, 0.000410253123846, 0.000423447781941, 0.000292319338769, 0.000422115437686, 0.000623944390099, 0.000559341046028, 0.000210559737752, 0.000152655557031, 0.000177888636244, 0.000100450080936, 0.000112654313853, 0.000146999576828, 0.000116745562991, 0.000117540417705, 7.3029055784e-05, 6.11095092609e-05, 2.78700281342e-05, 1.85151548067e-05, 1.86324796232e-05, 1.56331407197e-05, 1.36763455885e-05, 1.33036492116e-05, 1.14549275168e-05, 9.97260667646e-06, 5.78774552196e-06, 3.288150765e-06, 2.85205896944e-06, 2.4376690817e-06, 1.66358904607e-06, 1.47827347519e-06, 1.80841107067e-06, 1.33517210088e-06, 8.51537038216e-07, 1.00821137039e-06, 7.04902447524e-07, 6.10504400811e-07],
        "dvar": [2.4448311251e-06, 2.61115246758e-06, 9.45975386912e-07, 2.28880580266e-07, 1.2481604017e-07, 3.54634863697e-07, 2.74371075193e-07, 5.73315787733e-07, 8.55597988902e-07, 7.50240701564e-07, 7.69471242279e-08, 5.78693573061e-08, 6.65618742346e-08, 2.72013842562e-08, 1.37043425497e-08, 3.90705103825e-08, 2.26886847088e-08, 1.86317254958e-08, 1.07774358327e-08, 7.04389480077e-09, 6.47840059376e-10, 3.08520597958e-10, 2.87252860387e-10, 1.52107132445e-10, 1.37582972792e-10, 9.96217622284e-11, 6.90604864961e-11, 5.42113368085e-11, 1.99066475109e-11, 1.13728089446e-11, 8.27399260217e-12, 5.60739779262e-12, 2.54817781459e-12, 2.31474800265e-12, 3.96160274724e-12, 2.26748264262e-12, 7.0587660066e-13, 1.13933222665e-12, 5.37547491328e-13, 9.58089076825e-13],
        "dvar2": [5.08665016241e-06, 7.25278596292e-06, 2.21657023758e-06, 6.13679560502e-07, 3.02603609725e-07, 8.91040258466e-07, 6.53009919915e-07, 1.37983568038e-06, 2.03717445402e-06, 1.74310684997e-06, 1.60161633289e-07, 1.43002452546e-07, 1.57855168936e-07, 6.73793110195e-08, 3.42948212051e-08, 9.1470354846e-08, 5.31432000628e-08, 4.62686422509e-08, 2.4879023286e-08, 1.80871992939e-08, 1.68950353707e-09, 7.83459241926e-10, 7.25690840753e-10, 3.97799099217e-10, 3.73288178146e-10, 2.69179928347e-10, 1.72522704456e-10, 1.45299508536e-10, 4.94859292433e-11, 2.8247916159e-11, 1.9447114058e-11, 1.34290911724e-11, 5.95540197018e-12, 5.60923703319e-12, 1.04646699292e-11, 5.51121301373e-12, 1.69603599828e-12, 2.7787904356e-12, 1.28648881912e-12, 1.9054115924e-12],
        "max": [0.0138665419072, 0.0160344131291, 0.0178989805281, 0.00845219008625, 0.00477840099484, 0.00892059225589, 0.0116136586294, 0.0118357772008, 0.0113893905655, 0.010799956508, 0.00466317310929, 0.00410773837939, 0.00443800305948, 0.00367653602734, 0.00142016168684, 0.00249833031558, 0.00249116914347, 0.00206951890141, 0.00235862843692, 0.00130024028476, 0.000269190408289, 0.000223188457312, 0.000281742861262, 0.000145032303408, 0.000174589935341, 0.00011908475426, 8.37974366732e-05, 9.53686030698e-05, 4.38561073679e-05, 3.33101779688e-05, 3.07489899569e-05, 2.00169615709e-05, 1.41782247738e-05, 1.86849265447e-05, 1.83011579793e-05, 1.92236548173e-05, 8.35589344206e-06, 1.22676838146e-05, 6.68255142955e-06, 2.03151485039e-05],
        "mean": [0.00107575347647, 0.00184649438597, 0.001007963554, 0.000512136030011, 0.000445011741249, 0.000396883871872, 0.00030804250855, 0.000395286944695, 0.000585595786106, 0.000543127825949, 0.00024499851861, 0.000134840709507, 0.000176189525519, 0.000100541867141, 0.000114963564556, 0.000140460047987, 0.000112960922706, 0.000113033078378, 7.40656178095e-05, 6.62332749926e-05, 2.97170663544e-05, 2.22256057896e-05, 2.2364925826e-05, 1.85431163118e-05, 1.76900284714e-05, 1.88997692021e-05, 1.58776128956e-05, 1.31669175971e-05, 7.57805855756e-06, 3.57440876542e-06, 3.21746028931e-06, 2.54508222497e-06, 1.73073658516e-06, 1.3846879483e-06, 1.38080611123e-06, 1.19781475405e-06, 8.77543811839e-07, 7.93076537775e-07, 5.84831013839e-07, 5.33055469987e-07],
        "median": [0.000404441787396, 0.0015066715423, 0.000701429788023, 0.000332614086801, 0.000315017445246, 0.000189498721738, 0.000135388458148, 0.000123047982925, 0.000155023793923, 0.000114053378638, 9.4263079518e-05, 5.3155101341e-05, 6.10116876487e-05, 4.91243918077e-05, 5.43565911357e-05, 5.78493782086e-05, 5.17850930919e-05, 4.77419162053e-05, 3.56591190211e-05, 3.46801207343e-05, 1.88792364497e-05, 1.56981295731e-05, 1.62408196047e-05, 1.41114896905e-05, 1.39522853715e-05, 1.45202811836e-05, 1.23981817524e-05, 1.04989676402e-05, 5.5684936342e-06, 2.2392343908e-06, 1.90941455003e-06, 1.30648356844e-06, 8.87903070179e-07, 7.13484723747e-07, 6.36522599962e-07, 6.67846791202e-07, 5.49002209027e-07, 4.01572890496e-07, 2.73638164572e-07, 1.96395802732e-07],
        "min": [2.45658438036e-10, 7.58794860278e-10, 1.4233822454e-10, 4.59317098245e-11, 8.46116926523e-11, 3.55283857889e-11, 5.25002333274e-11, 1.95923485768e-11, 1.43503663813e-11, 4.76204535874e-12, 3.7556329574e-12, 8.6994075138e-12, 6.70270739953e-12, 5.77036248645e-12, 3.13170279639e-12, 5.24361543769e-12, 1.30370826981e-11, 7.40080739747e-12, 1.29680294281e-11, 7.56405441754e-12, 1.90824157691e-12, 2.23356055873e-12, 5.16835576073e-12, 3.67621081146e-12, 1.18060379181e-12, 1.5156066506e-12, 3.6810042861e-12, 1.0928818614e-12, 6.3635706947e-13, 5.25483573755e-13, 8.62345839268e-13, 5.32299681763e-13, 4.74570361307e-13, 3.26961385484e-13, 1.9754326213e-13, 1.10067493043e-13, 1.22192823893e-13, 1.3440225495e-13, 1.01927757142e-13, 5.95994946646e-14],
        "var": [3.51389303432e-06, 2.68816324933e-06, 1.46994830175e-06, 3.83470762699e-07, 2.06762365451e-07, 5.39413861134e-07, 5.97329346874e-07, 9.24925871004e-07, 1.65778249084e-06, 1.67729660916e-06, 2.87983823455e-07, 7.76274973191e-08, 1.39819292144e-07, 3.78970490544e-08, 2.95064612743e-08, 6.02655774173e-08, 4.1490601177e-08, 3.84191061187e-08, 1.5201969461e-08, 1.20138246018e-08, 1.11869780106e-09, 5.14398079687e-10, 5.28024513002e-10, 2.89938240083e-10, 2.51570847487e-10, 2.71224098736e-10, 1.95900781708e-10, 1.44189160611e-10, 5.31601464238e-11, 1.73854056151e-11, 1.39738116911e-11, 9.6268531341e-12, 4.3914238565e-12, 3.1401218431e-12, 3.98532509077e-12, 2.69347586769e-12, 1.04898869539e-12, 1.31496072711e-12, 7.28911234756e-13, 1.77151446724e-12]
    },
    "mfcc": {
        "mean": [-616.458984375, 123.6745224, -14.5544137955, 22.1313037872, 4.6591424942, 5.14385938644, 3.50404667854, -0.339863628149, -2.4058945179, 8.97860431671, -0.172206223011, -2.11512994766, -3.36105704308],
        "cov": [[7298.26318359, -101.489318848, -448.001403809, -241.432220459, -259.226959229, -6.19684791565, 85.2642288208, 20.250585556, 56.5725021362, 89.2326049805, -62.4535064697, 65.2390823364, 32.7453422546], [-101.489318848, 553.313903809, -52.5798950195, -69.7946777344, -64.3474960327, -42.5745391846, 0.522532582283, 54.6160316467, -16.521282196, 19.8461227417, 50.6120681763, 8.59298992157, -13.9372797012], [-448.001403809, -52.5798950195, 288.669830322, 15.8344240189, 52.9408378601, 2.90642881393, -19.6637096405, 18.359413147, 2.68576908112, -26.8219871521, 12.1291742325, 15.1952190399, 40.56615448], [-241.432220459, -69.7946777344, 15.8344240189, 204.552215576, 64.3830566406, -12.6025333405, -30.9106693268, -41.1941070557, -3.82780146599, -7.38851928711, -22.8930473328, -1.71744465828, 25.141910553], [-259.226959229, -64.3474960327, 52.9408378601, 64.3830566406, 143.045349121, 13.0345277786, -50.4816246033, -18.516620636, 9.86733055115, 3.60756468773, 6.63966226578, -2.85338282585, 11.6202850342], [-6.19684791565, -42.5745391846, 2.90642881393, -12.6025333405, 13.0345277786, 104.522201538, 47.5704116821, 4.04727506638, -22.0697956085, -28.1740512848, -2.89382386208, 3.96588897705, -9.98671627045], [85.2642288208, 0.522532582283, -19.6637096405, -30.9106693268, -50.4816246033, 47.5704116821, 139.294845581, 33.7463493347, -26.572555542, -13.2719211578, -14.2106218338, 5.44249916077, -2.28637647629], [20.250585556, 54.6160316467, 18.359413147, -41.1941070557, -18.516620636, 4.04727506638, 33.7463493347, 91.8541107178, 32.7763786316, 9.34196090698, 14.3665752411, 10.5704364777, 7.95797300339], [56.5725021362, -16.521282196, 2.68576908112, -3.82780146599, 9.86733055115, -22.0697956085, -26.572555542, 32.7763786316, 94.5813446045, 54.7248802185, 11.2801837921, -3.40568375587, 3.20805358887], [89.2326049805, 19.8461227417, -26.8219871521, -7.38851928711, 3.60756468773, -28.1740512848, -13.2719211578, 9.34196090698, 54.7248802185, 102.907867432, 31.010597229, -4.2538561821, -13.2318296432], [-62.4535064697, 50.6120681763, 12.1291742325, -22.8930473328, 6.63966226578, -2.89382386208, -14.2106218338, 14.3665752411, 11.2801837921, 31.010597229, 70.9272232056, 20.3318328857, -0.921479582787], [65.2390823364, 8.59298992157, 15.1952190399, -1.71744465828, -2.85338282585, 3.96588897705, 5.44249916077, 10.5704364777, -3.40568375587, -4.2538561821, 20.3318328857, 57.6316986084, 29.7993812561], [32.7453422546, -13.9372797012, 40.56615448, 25.141910553, 11.6202850342, -9.98671627045, -2.28637647629, 7.95797300339, 3.20805358887, -13.2318296432, -0.921479582787, 29.7993812561, 66.7704544067]],
