{
"lowlevel": {
    "average_loudness": 0.906921327114,
    "barkbands_crest": {
        "dmean": 2.37004828453,
        "dmean2": 3.8891377449,
        "dvar": 4.61034059525,
        "dvar2": 11.6932954788,
        "max": 20.3341312408,
        "mean": 7.23271560669,
        "median": 6.41495323181,
        "min": 2.48832726479,
        "var": 9.43017482758
    },
    "barkbands_flatness_db": {
        "dmean": 0.0176757983863,
        "dmean2": 0.0275588333607,
        "dvar": 0.000224562434596,
        "dvar2": 0.000559922598768,
        "max": 0.233736857772,
        "mean": 0.136237412691,
        "median": 0.133095145226,
        "min": 0.0426274202764,
        "var": 0.000720505835488
    },
    "barkbands_kurtosis": {
        "dmean": 1.27888941765,
        "dmean2": 1.9381762743,
        "dvar": 6.1817779541,
        "dvar2": 13.8180732727,
        "max": 24.8906917572,
        "mean": 0.0164965502918,
        "median": -0.980881214142,
        "min": -1.87693274021,
        "var": 8.86309528351
    },
    "barkbands_skewness": {
        "dmean": 0.524640858173,
        "dmean2": 0.779417216778,
        "dvar": 0.271790355444,
        "dvar2": 0.608246326447,
        "max": 4.79996347427,
        "mean": 0.596839785576,
        "median": 0.449900209904,
        "min": -1.9925018549,
        "var": 0.733136057854
    },
    "barkbands_spread": {
        "dmean": 6.6544418335,
        "dmean2": 10.090587616,
        "dvar": 36.8423728943,
        "dvar2": 82.5982894897,
        "max": 68.2802581787,
        "mean": 35.4411201477,
        "median": 35.9621810913,
        "min": 5.88358020782,
        "var": 148.288040161
    },
    "dissonance": {
        "dmean": 0.0116285346448,
        "dmean2": 0.0189141537994,
        "dvar": 0.00021676698816,
        "dvar2": 0.000544355949387,
        "max": 0.499866992235,
        "mean": 0.481142312288,
        "median": 0.488475561142,
        "min": 0.340319037437,
        "var": 0.000427225313615
    },
    "dynamic_complexity": 3.00998425484,
    "erbbands_crest": {
        "dmean": 2.73079800606,
        "dmean2": 4.45869207382,
        "dvar": 6.56148719788,
        "dvar2": 15.7978715897,
        "max": 27.4263916016,
        "mean": 8.5134935379,
        "median": 7.54354000092,
        "min": 2.66528940201,
        "var": 15.324300766
    },
    "erbbands_flatness_db": {
        "dmean": 0.0162578597665,
        "dmean2": 0.023529952392,
        "dvar": 0.00019525688549,
        "dvar2": 0.00042133993702,
        "max": 0.281038552523,
        "mean": 0.192505255342,
        "median": 0.191258579493,
        "min": 0.0943744331598,
        "var": 0.000829929893371
    },
    "erbbands_kurtosis": {
        "dmean": 1.21566474438,
        "dmean2": 1.91288793087,
        "dvar": 1.95110154152,
        "dvar2": 4.41620492935,
        "max": 12.3496341705,
        "mean": 1.21584320068,
        "median": 0.17941403389,
        "min": -1.722032547,
        "var": 6.64484977722
    },
    "erbbands_skewness": {
        "dmean": 0.430118888617,
        "dmean2": 0.627110540867,
        "dvar": 0.141850620508,
        "dvar2": 0.311763703823,
        "max": 2.54029226303,
        "mean": -0.630760967731,
        "median": -0.63143748045,
        "min": -3.25344920158,
        "var": 0.884983897209
    },
    "erbbands_spread": {
        "dmean": 8.57489871979,
        "dmean2": 12.9715166092,
        "dvar": 76.4076080322,
        "dvar2": 173.395309448,
        "max": 123.156982422,
        "mean": 34.533782959,
        "median": 32.3708457947,
        "min": 7.41522169113,
        "var": 222.245269775
    },
    "hfc": {
        "dmean": 7.85967969894,
        "dmean2": 10.5903644562,
        "dvar": 67.25440979,
        "dvar2": 132.311676025,
        "max": 77.1051254272,
        "mean": 21.951051712,
        "median": 19.3397960663,
        "min": 1.12341609217e-16,
        "var": 240.136383057
    },
    "melbands_crest": {
        "dmean": 3.71736192703,
        "dmean2": 6.00431871414,
        "dvar": 9.41899204254,
        "dvar2": 23.6807079315,
        "max": 28.1742229462,
        "mean": 12.9479017258,
        "median": 12.3150854111,
        "min": 2.31272935867,
        "var": 22.8197956085
    },
    "melbands_flatness_db": {
        "dmean": 0.0262392293662,
        "dmean2": 0.0391569063067,
        "dvar": 0.000534151156899,
        "dvar2": 0.00115518819075,
        "max": 0.299378693104,
        "mean": 0.142615139484,
        "median": 0.138687282801,
        "min": 0.00607086438686,
        "var": 0.0018485331675
    },
    "melbands_kurtosis": {
        "dmean": 4.63227462769,
        "dmean2": 6.93460798264,
        "dvar": 89.3382034302,
        "dvar2": 191.222229004,
        "max": 115.209983826,
        "mean": 5.24455595016,
        "median": 1.91736507416,
        "min": -1.72414112091,
        "var": 134.706115723
    },
    "melbands_skewness": {
        "dmean": 0.73899936676,
        "dmean2": 1.09087133408,
        "dvar": 0.655560731888,
        "dvar2": 1.39982068539,
        "max": 9.61602592468,
        "mean": 1.86478424072,
        "median": 1.52481496334,
        "min": -0.30435398221,
        "var": 1.62039649487
    },
    "melbands_spread": {
        "dmean": 14.1420412064,
        "dmean2": 21.6564464569,
        "dvar": 195.600372314,
        "dvar2": 466.75402832,
        "max": 178.122039795,
        "mean": 46.7174377441,
        "median": 44.48254776,
        "min": 4.07661151886,
        "var": 543.594238281
    },
    "pitch_salience": {
        "dmean": 0.0709329023957,
        "dmean2": 0.114993877709,
        "dvar": 0.00343587738462,
        "dvar2": 0.00871354248375,
        "max": 0.810045003891,
        "mean": 0.590392053127,
        "median": 0.594308078289,
        "min": 0.267043054104,
        "var": 0.00911736208946
    },
    "silence_rate_20dB": {
        "dmean": 0,
        "dmean2": 0,
        "dvar": 0,
        "dvar2": 0,
        "max": 1,
        "mean": 1,
        "median": 1,
        "min": 1,
        "var": 0
    },
    "silence_rate_30dB": {
        "dmean": 0,
        "dmean2": 0,
        "dvar": 0,
        "dvar2": 0,
        "max": 1,
        "mean": 1,
        "median": 1,
        "min": 1,
        "var": 0
    },
    "silence_rate_60dB": {
        "dmean": 0.0216718260199,
        "dmean2": 0.0433772280812,
        "dvar": 0.0212019905448,
        "dvar2": 0.0507905110717,
        "max": 1,
        "mean": 0.0897138416767,
        "median": 0,
        "min": 0,
        "var": 0.0816656798124
    },
    "spectral_centroid": {
        "dmean": 361.601043701,
        "dmean2": 524.911315918,
        "dvar": 156755.609375,
        "dvar2": 255906.578125,
        "max": 10885.1513672,
        "mean": 2245.06347656,
        "median": 2372.26147461,
        "min": 378.150756836,
        "var": 493486.6875
    },
    "spectral_complexity": {
        "dmean": 6.06346750259,
        "dmean2": 8.14872169495,
        "dvar": 32.4356689453,
        "dvar2": 54.9227905273,
        "max": 55,
        "mean": 26.6117553711,
        "median": 28,
        "min": 0,
        "var": 193.015594482
    },
    "spectral_decrease": {
        "dmean": 1.48912548958e-09,
        "dmean2": 2.14818940414e-09,
        "dvar": 3.3118076271e-18,
        "dvar2": 7.07964033949e-18,
        "max": -6.31743419987e-29,
        "mean": -4.17222745241e-09,
        "median": -3.50271567306e-09,
        "min": -1.61569015944e-08,
        "var": 8.89165226319e-18
    },
    "spectral_energy": {
        "dmean": 0.00616415496916,
        "dmean2": 0.00872288364917,
        "dvar": 5.27869378857e-05,
        "dvar2": 0.000110656845209,
        "max": 0.0661776289344,
        "mean": 0.0177379883826,
        "median": 0.0153029961511,
        "min": 1.04281496602e-20,
        "var": 0.000153201195644
    },
    "spectral_energyband_high": {
        "dmean": 0.000702838995494,
        "dmean2": 0.00101379444823,
        "dvar": 7.46583054934e-07,
        "dvar2": 1.61578191182e-06,
        "max": 0.00722949719056,
        "mean": 0.00122472271323,
        "median": 0.000873951241374,
        "min": 7.60107897102e-21,
        "var": 1.43390241192e-06
    },
    "spectral_energyband_low": {
        "dmean": 0.00284050870687,
        "dmean2": 0.00450077326968,
        "dvar": 2.14378214878e-05,
        "dvar2": 5.22472328157e-05,
        "max": 0.0340290591121,
        "mean": 0.00446225842461,
        "median": 0.00293672853149,
        "min": 8.98608622751e-23,
        "var": 2.71772896667e-05
    },
    "spectral_energyband_middle_high": {
        "dmean": 0.00214724405669,
        "dmean2": 0.00300466176122,
        "dvar": 5.54225971428e-06,
        "dvar2": 1.09002639874e-05,
        "max": 0.0265622530133,
        "mean": 0.00601667677984,
        "median": 0.00532993115485,
        "min": 1.71613138163e-21,
        "var": 2.09125610127e-05
    },
    "spectral_energyband_middle_low": {
        "dmean": 0.00320676225238,
        "dmean2": 0.0051398249343,
        "dvar": 1.7707945517e-05,
        "dvar2": 4.21100376116e-05,
        "max": 0.0443674065173,
        "mean": 0.00692120334134,
        "median": 0.00506066624075,
        "min": 2.90883484719e-22,
        "var": 4.31103544543e-05
    },
    "spectral_entropy": {
        "dmean": 0.105498500168,
        "dmean2": 0.157220929861,
        "dvar": 0.0116948373616,
        "dvar2": 0.0213869735599,
        "max": 9.80213832855,
        "mean": 7.71601057053,
        "median": 7.73751449585,
        "min": 6.59218502045,
        "var": 0.042285900563
    },
    "spectral_flux": {
        "dmean": 0.0186942219734,
        "dmean2": 0.0272518508136,
        "dvar": 0.000345985230524,
        "dvar2": 0.000675401941407,
        "max": 0.19249433279,
        "mean": 0.0771139040589,
        "median": 0.0751683041453,
        "min": 1.02118313805e-10,
        "var": 0.00119921390433
    },
    "spectral_kurtosis": {
        "dmean": 1.51454675198,
        "dmean2": 2.61748957634,
        "dvar": 2.09941840172,
        "dvar2": 6.08325052261,
        "max": 11.894112587,
        "mean": 2.83420181274,
        "median": 2.43714237213,
        "min": -1.14370238781,
        "var": 3.00882959366
    },
    "spectral_rms": {
        "dmean": 0.000695801107213,
        "dmean2": 0.000944976811297,
        "dvar": 5.04211129737e-07,
        "dvar2": 9.43165275658e-07,
        "max": 0.00803514383733,
        "mean": 0.00385436648503,
        "median": 0.00386390369385,
        "min": 3.18964017525e-12,
        "var": 2.44919783654e-06
    },
    "spectral_rolloff": {
        "dmean": 645.862792969,
        "dmean2": 1014.86358643,
        "dvar": 621869.3125,
        "dvar2": 1085494.875,
        "max": 18389.3554688,
        "mean": 2674.51342773,
        "median": 2820.84960938,
        "min": 107.666015625,
        "var": 1453059
    },
    "spectral_skewness": {
        "dmean": 0.234691441059,
        "dmean2": 0.371188104153,
        "dvar": 0.0391286611557,
        "dvar2": 0.0955300778151,
        "max": 2.65712952614,
        "mean": 0.851490736008,
        "median": 0.820501565933,
        "min": -0.0939856246114,
        "var": 0.123358413577
    },
    "spectral_spread": {
        "dmean": 424607.15625,
        "dmean2": 590332.0625,
        "dvar": 1.22752021299e+12,
        "dvar2": 1.3625500631e+12,
        "max": 39770788,
        "mean": 3414889.25,
        "median": 3266081.25,
        "min": 1936048.375,
        "var": 1.7313946665e+12
    },
    "spectral_strongpeak": {
        "dmean": 0.583323121071,
        "dmean2": 1.00691819191,
        "dvar": 1.16540825367,
        "dvar2": 3.09180307388,
        "max": 10.1681241989,
        "mean": 0.811113059521,
        "median": 0.311316519976,
        "min": 0,
        "var": 1.31466066837
    },
    "zerocrossingrate": {
        "dmean": 0.0115513289347,
        "dmean2": 0.013604930602,
        "dvar": 0.000222277318244,
        "dvar2": 0.000275872240309,
        "max": 0.4990234375,
        "mean": 0.083618067205,
        "median": 0.08447265625,
        "min": 0.01611328125,
        "var": 0.000690218235832
    },
    "barkbands": {
        "dmean": [2.11874321394e-05, 0.0008222599281, 0.00202983967029, 0.00115090201143, 0.00111764052417, 0.000390857690945, 0.000213770515984, 0.000901692721527, 0.000968518259469, 0.000441726326244, 0.000294053257676, 0.000213215869735, 0.000221538371989, 0.000302210188238, 0.000399037089664, 0.000321005383739, 0.000399023701902, 0.000445339595899, 0.000343266583513, 0.000748985970858, 0.000151787564391, 7.03148543835e-05, 3.91123940062e-05, 3.61146885552e-05, 1.06874558696e-05, 9.68627666964e-09, 8.71414385095e-10],
        "dmean2": [3.61280290235e-05, 0.00136110873427, 0.00338306021877, 0.00198268936947, 0.00183470034972, 0.000627981731668, 0.000354030460585, 0.00144948367961, 0.00152591883671, 0.000686416344251, 0.000445111916633, 0.000332192517817, 0.000360040779924, 0.000483967509354, 0.000634531490505, 0.000512605009135, 0.000650858681183, 0.000699327210896, 0.000533585145604, 0.00111333595123, 0.000225255484111, 0.000103486789158, 5.82728825975e-05, 5.34388782398e-05, 1.66877071024e-05, 1.58083857116e-08, 1.62723323704e-09],
        "dvar": [1.22746868225e-09, 1.73775549683e-06, 1.39851317726e-05, 3.30559259965e-06, 2.38242182604e-06, 6.47889521588e-07, 1.03790057437e-07, 4.43487488155e-06, 4.35357969764e-06, 1.54224255766e-06, 7.01699093497e-07, 3.16995880212e-07, 1.91139406525e-07, 2.15019937855e-07, 3.67050262184e-07, 1.74546045173e-07, 3.18835787994e-07, 3.17269325478e-07, 2.10511132082e-07, 9.20468266941e-07, 3.58472007633e-08, 7.78488296049e-09, 9.39633526542e-09, 3.80060338756e-09, 3.25596855033e-10, 3.51882844338e-16, 3.94759953222e-18],
        "dvar2": [3.20608184445e-09, 4.62932621303e-06, 3.59832920367e-05, 9.04960779735e-06, 6.04144861427e-06, 1.61431660217e-06, 2.60113779404e-07, 9.97589359031e-06, 1.01510686363e-05, 3.39222060575e-06, 1.36990854571e-06, 6.52873893614e-07, 4.777635354e-07, 5.04881825236e-07, 8.87350495304e-07, 4.22242692366e-07, 8.19173408217e-07, 7.66241953443e-07, 4.9912216582e-07, 2.0408333512e-06, 8.55310418046e-08, 1.67032858656e-08, 2.17465387919e-08, 9.38364053127e-09, 8.10235989412e-10, 8.98369284847e-16, 1.17986974623e-17],
        "max": [0.000324128748616, 0.0141447167844, 0.0265258271247, 0.0167249627411, 0.0145100736991, 0.0121503379196, 0.00593005819246, 0.0410978533328, 0.0219284817576, 0.0206205379218, 0.0139308404177, 0.0134355388582, 0.00945072248578, 0.00626325746998, 0.00820382218808, 0.00460345391184, 0.00589420553297, 0.00643883598968, 0.00403129169717, 0.00818530004472, 0.00199187826365, 0.00105663249269, 0.00121315673459, 0.000675421615597, 0.000260058819549, 2.4013888833e-07, 3.21521440583e-08],
        "mean": [1.98651705432e-05, 0.00120927614626, 0.00247869594023, 0.00146606774069, 0.0017483967822, 0.000547629606444, 0.000325504806824, 0.0014710878022, 0.00126002926845, 0.00062536605401, 0.000394042377593, 0.000302227883367, 0.000324579683365, 0.000501605332829, 0.000711697502993, 0.000623891595751, 0.000698014802765, 0.000736618123483, 0.000582866196055, 0.00114583410323, 0.000278037099633, 0.000136152331834, 6.54514078633e-05, 6.90956148901e-05, 1.59323208209e-05, 1.27088739532e-08, 6.79244327451e-10],
        "median": [7.47208650864e-06, 0.000848816765938, 0.00128587824292, 0.000879505707417, 0.00117441290058, 0.000290078518447, 0.00017492074403, 0.000212459650356, 0.000279418309219, 0.000154211535119, 9.51801193878e-05, 0.000106849372969, 0.000165869743796, 0.000293667777441, 0.000377310847398, 0.000355299096555, 0.000475302629638, 0.000539866392501, 0.000434280344052, 0.000784522911999, 0.000212070386624, 9.98658579192e-05, 4.00379285566e-05, 4.91785576742e-05, 9.91438264464e-06, 7.01016444893e-09, 2.28752072839e-10],
        "min": [1.70363237284e-23, 3.565878168e-23, 3.62306395719e-23, 9.63199638591e-24, 8.21574777634e-23, 4.41456754645e-23, 2.858116897e-23, 7.21546142001e-23, 4.6915908839e-23, 5.40590727348e-23, 1.08690227398e-22, 1.36545638024e-22, 1.57399674614e-22, 6.5877269324e-23, 2.79777307671e-22, 1.26263385172e-22, 8.19044427394e-23, 2.99340654224e-22, 2.58846770507e-22, 2.72359465564e-22, 4.40865456064e-22, 5.90573383443e-22, 4.64169644139e-22, 7.7651847585e-22, 1.23695217572e-21, 1.70524717111e-21, 2.47416809603e-21],
        "var": [1.13714748728e-09, 2.01576858672e-06, 1.41291920954e-05, 3.37344022228e-06, 3.38192216986e-06, 7.34787420242e-07, 1.9945653662e-07, 1.54081990331e-05, 7.5051461863e-06, 2.83873487206e-06, 1.24404982671e-06, 4.92919923545e-07, 2.44933573867e-07, 4.2130386646e-07, 9.61599425864e-07, 5.55014025849e-07, 5.60851674436e-07, 5.5508121477e-07, 3.62983740843e-07, 1.61069613114e-06, 7.16543979706e-08, 1.75773280375e-08, 1.0636345138e-08, 5.39953148859e-09, 3.89291349157e-10, 3.54652562666e-16, 2.53920377098e-18]
    },
    "erbbands": {
        "dmean": [0.0125173544511, 0.242913782597, 1.924467206, 2.95567727089, 5.06710529327, 2.76580286026, 3.10038137436, 2.99769902229, 3.08732295036, 4.27902173996, 26.8525867462, 21.3421344757, 9.70382976532, 17.9666614532, 8.45627880096, 8.5989074707, 9.87592029572, 13.9431447983, 18.8501911163, 15.018693924, 18.8883514404, 19.4149246216, 24.7982845306, 20.5239639282, 15.0696659088, 42.1474647522, 13.4045009613, 3.58075809479, 2.51620030403, 1.36857151985, 1.09644460678, 0.817744195461, 0.587203621864, 0.214574858546, 0.0110594257712, 0.000502310751472, 3.31715309585e-05, 6.218305316e-06, 4.62084426545e-06, 7.87148019299e-06],
        "dmean2": [0.0200857575983, 0.399291753769, 3.13188719749, 4.99800729752, 8.4040594101, 4.55249118805, 5.10235929489, 4.89709615707, 5.00325298309, 6.94668388367, 42.36460495, 32.9720535278, 15.7634944916, 25.6525878906, 12.1814031601, 13.2823724747, 15.646935463, 21.9689712524, 29.5301856995, 23.2105407715, 29.7709751129, 30.9893741608, 39.0916061401, 32.0232124329, 22.1128978729, 64.0221939087, 19.8517227173, 5.18859291077, 3.69881439209, 2.05659627914, 1.64720678329, 1.23874080181, 0.892356276512, 0.328540146351, 0.0174852963537, 0.000782947114203, 4.85676209792e-05, 8.66473601491e-06, 6.05225068284e-06, 1.08334570541e-05],
        "dvar": [0.000443710276159, 0.155647501349, 11.6175765991, 23.7710571289, 56.5631103516, 15.8494720459, 27.1632785797, 54.8199691772, 22.7429351807, 65.6045532227, 3607.20361328, 2228.39746094, 620.639709473, 2396.08837891, 394.424743652, 341.045257568, 457.996337891, 507.006195068, 888.563293457, 467.620147705, 602.760070801, 715.757629395, 960.77911377, 781.750915527, 320.18359375, 3171.80932617, 272.520050049, 16.6148586273, 9.80399703979, 7.14228582382, 8.11003112793, 2.15489840508, 1.00916326046, 0.136693492532, 0.000680028169882, 1.24940231672e-06, 3.28153104689e-09, 7.65401214631e-11, 2.34252981596e-11, 7.64201341097e-11],
        "dvar2": [0.00111584656406, 0.405212879181, 28.8943309784, 61.8801994324, 144.392684937, 43.3637428284, 68.3849029541, 140.627746582, 59.1348228455, 159.813766479, 8007.15722656, 5243.61132812, 1735.74414062, 4456.09472656, 578.880249023, 744.893249512, 1187.11950684, 1160.69055176, 2225.42895508, 1076.77392578, 1483.06384277, 1794.19262695, 2283.83276367, 1887.98522949, 683.027099609, 7210.67138672, 602.178527832, 36.3516998291, 20.5495128632, 14.4391384125, 19.5663661957, 5.31442499161, 2.51043462753, 0.341590583324, 0.0016616062494, 3.05457547256e-06, 7.98132848701e-09, 1.78400016981e-10, 4.55933103771e-11, 1.52654333618e-10],
        "max": [0.196563288569, 4.26471996307, 24.1953201294, 44.1343803406, 64.6829147339, 52.8185348511, 60.0220184326, 147.422103882, 67.9096832275, 129.215011597, 1127.18579102, 599.496704102, 423.635406494, 797.555603027, 647.499816895, 304.939483643, 501.749847412, 364.251281738, 473.027740479, 320.710479736, 266.781219482, 338.941833496, 373.223236084, 243.526168823, 156.833557129, 494.780578613, 142.519378662, 36.8181228638, 43.2490577698, 32.4750671387, 38.7163467407, 17.2575473785, 10.1306200027, 5.0482673645, 0.318455040455, 0.0130494246259, 0.000786709599197, 0.00012223579688, 4.54516411992e-05, 8.1535683421e-05],
        "mean": [0.0164112541825, 0.367846012115, 2.49654531479, 4.18530368805, 6.78726482391, 4.44443559647, 4.52202033997, 3.99573731422, 4.91043424606, 6.75551939011, 45.2640380859, 29.2115077972, 14.9964094162, 25.895111084, 13.5851955414, 12.9888038635, 15.3935203552, 23.7871646881, 35.3713912964, 30.3166866302, 37.9874153137, 37.5216445923, 43.9501686096, 33.8761291504, 29.6859855652, 61.1468353271, 22.3607845306, 7.21344184875, 5.01681518555, 2.55302548409, 1.79239904881, 1.50255382061, 1.07555603981, 0.354497343302, 0.0143000166863, 0.000709016574547, 6.60416480969e-05, 1.45487165355e-05, 1.3685441445e-05, 2.3328962925e-05],
        "median": [0.00828019343317, 0.253446877003, 1.21902549267, 2.7565767765, 4.11021757126, 3.02133584023, 2.65911364555, 2.04058098793, 2.50407934189, 3.46923303604, 6.08552837372, 6.98056316376, 5.53110694885, 5.48738527298, 4.17023706436, 5.43263816833, 8.22755622864, 13.4998283386, 19.808506012, 19.933927536, 22.9996833801, 29.0013370514, 32.2779808044, 25.1960601807, 24.6220264435, 40.0592880249, 15.7913322449, 5.66584634781, 3.81522369385, 1.70027315617, 1.08319807053, 1.0332480669, 0.748584508896, 0.238630458713, 0.00721065280959, 0.000405463564675, 5.05177631567e-05, 1.21690864034e-05, 1.23405015984e-05, 2.057279562e-05],
        "min": [7.28495602679e-22, 1.00582739106e-20, 3.32711235544e-20, 4.66066385843e-20, 3.5346254755e-20, 3.0961447876e-19, 7.43502763293e-19, 1.73865454844e-19, 2.82110878489e-19, 7.87323431725e-19, 1.80858512121e-18, 1.37640113893e-18, 1.05727444502e-18, 2.09787003375e-18, 5.57450621921e-18, 5.96285180037e-18, 6.40974108938e-18, 3.9991448785e-18, 8.11718704389e-18, 1.55197512499e-17, 6.52102790104e-18, 5.52295673702e-18, 1.48528898206e-17, 1.50522436569e-17, 1.31677401059e-17, 1.25824246229e-17, 1.91625157012e-17, 1.48222692487e-17, 2.06741270593e-17, 1.82321707771e-17, 1.29506721967e-17, 1.61692683561e-17, 1.27641661297e-17, 1.00254488765e-17, 1.1291773886e-17, 5.84173684226e-18, 3.37063485111e-18, 1.51480768736e-18, 3.11649627411e-19, 3.48260453914e-20],
        "var": [0.000522752234247, 0.185942679644, 12.9457654953, 25.7677764893, 66.2247772217, 22.4997444153, 33.4718780518, 55.5774497986, 48.0148506165, 120.923454285, 12482.421875, 4025.69458008, 918.149353027, 5048.6796875, 1214.51477051, 558.262695312, 534.299743652, 965.694091797, 2522.37939453, 1181.66772461, 1955.46923828, 1375.7154541, 1930.01367188, 1227.79956055, 733.997497559, 4983.47021484, 518.423461914, 43.4912414551, 23.3206119537, 10.9156732559, 8.5492477417, 2.91373825073, 1.35848522186, 0.168779626489, 0.000672341499012, 1.28905082875e-06, 4.43194814181e-09, 1.42247172374e-10, 8.23014226214e-11, 2.4811636079e-10]
    },
    "gfcc": {
        "mean": [-29.9150447845, 108.982261658, -167.126663208, 75.7780151367, -65.9799194336, 12.8127660751, -34.4206924438, 1.31678450108, -12.9428443909, -20.1188774109, -2.38839101791, -32.8139305115, 3.1077477932],
        "cov": [[7369.81591797, 203.086959839, -444.024810791, 95.4396362305, -145.836929321, 27.4449253082, 44.1483840942, -4.45832824707, 5.18896245956, -102.82359314, -50.883682251, -120.928649902, 5.79137897491], [203.086959839, 278.190368652, 36.2787971497, -39.6112174988, 38.0495300293, 5.04664754868, 66.509147644, -10.4156923294, 15.1106948853, -30.4854431152, 9.9785194397, -24.1886043549, 5.06466341019], [-444.024810791, 36.2787971497, 391.55456543, 25.8180809021, -12.94851017, 122.204223633, -16.0448455811, 27.1458683014, -42.8121566772, -11.2248296738, -7.36434030533, 29.5346660614, -11.2852773666], [95.4396362305, -39.6112174988, 25.8180809021, 426.962310791, 247.954162598, -128.498031616, -2.15619587898, -21.684923172, 18.8265247345, 26.2328968048, -14.907702446, -20.8113231659, 19.6815795898], [-145.836929321, 38.0495300293, -12.94851017, 247.954162598, 285.703918457, -74.4748306274, 29.0302829742, -8.66143131256, 19.4450283051, 17.2741928101, -15.2521753311, -17.7578525543, 30.7349071503], [27.4449253082, 5.04664754868, 122.204223633, -128.498031616, -74.4748306274, 205.779846191, 24.3899517059, 23.7115306854, -25.9563388824, -23.8595523834, 1.10195958614, 26.6145458221, -9.23307609558], [44.1483840942, 66.509147644, -16.0448455811, -2.15619587898, 29.0302829742, 24.3899517059, 130.069229126, 25.4353141785, -9.53329372406, -11.8228282928, 14.6419382095, -8.69664669037, -0.588495671749], [-4.45832824707, -10.4156923294, 27.1458683014, -21.684923172, -8.66143131256, 23.7115306854, 25.4353141785, 75.1871109009, 23.0228767395, 7.50446844101, 0.277812749147, -6.28397607803, -8.89092063904], [5.18896245956, 15.1106948853, -42.8121566772, 18.8265247345, 19.4450283051, -25.9563388824, -9.53329372406, 23.0228767395, 121.148620605, 26.5209674835, -13.1013431549, -26.713262558, -13.6104879379], [-102.82359314, -30.4854431152, -11.2248296738, 26.2328968048, 17.2741928101, -23.8595523834, -11.8228282928, 7.50446844101, 26.5209674835, 64.1773834229, 15.4972229004, -7.8102889061, -3.76323699951], [-50.883682251, 9.9785194397, -7.36434030533, -14.907702446, -15.2521753311, 1.10195958614, 14.6419382095, 0.277812749147, -13.1013431549, 15.4972229004, 53.5717506409, 22.5364017487, -4.01735305786], [-120.928649902, -24.1886043549, 29.5346660614, -20.8113231659, -17.7578525543, 26.6145458221, -8.69664669037, -6.28397607803, -26.713262558, -7.8102889061, 22.5364017487, 66.0902099609, 20.7044124603], [5.79137897491, 5.06466341019, -11.2852773666, 19.6815795898, 30.7349071503, -9.23307609558, -0.588495671749, -8.89092063904, -13.6104879379, -3.76323699951, -4.01735305786, 20.7044124603, 45.7130737305]],
        "icov": [[0.000205502816243, -0.000452002568636, 0.000542900583241, -0.000606821617112, 0.000563660112675, -0.000491420156322, 0.000270326389, -0.000380972458515, 0.00027495980612, 6.2761544541e-05, 0.00024222038337, 0.000195991364308, -0.000109961096314], [-0.000452002568636, 0.00811353791505, -0.00392267061397, 0.00432244874537, -0.0036553570535, 0.00275177671574, -0.00376498699188, 0.00452332384884, -0.00406166911125, 0.00511984946206, -0.00637061847374, 0.00536570558324, -0.00360424909741], [0.000542900583241, -0.00392267061397, 0.00648994464427, -0.00420207995921, 0.00269173993729, -0.00464572338387, 0.00301692937501, -0.0041128876619, 0.00356363877654, -0.00224446714856, 0.0041297194548, -0.00322913937271, 0.00296972016804], [-0.000606821617112, 0.00432244874537, -0.00420207995921, 0.00900973845273, -0.00722840288654, 0.00497264042497, -0.00202442472801, 0.00363515899517, -0.00232539791614, 0.00146360078361, -0.00276341475546, 0.00159352947958, -0.000309669936541], [0.000563660112675, -0.0036553570535, 0.00269173993729, -0.00722840288654, 0.0106496959925, -0.00225668679923, -0.000237166052102, -0.00205441121943, 0.0011950811604, -0.00250255316496, 0.00359338358976, -0.000234598381212, -0.00333658396266], [-0.000491420156322, 0.00275177671574, -0.00464572338387, 0.00497264042497, -0.00225668679923, 0.0105220414698, -0.00351508241147, 0.00126169098075, -0.00137918419205, 0.00178487179801, -4.5511747885e-05, -0.00207571568899, 0.000984608777799], [0.000270326389, -0.00376498699188, 0.00301692937501, -0.00202442472801, -0.000237166052102, -0.00351508241147, 0.0126463184133, -0.00627049803734, 0.00310097075999, 0.00154059834313, -0.003097074572, 0.0019527701661, 0.000285476533463], [-0.000380972458515, 0.00452332384884, -0.0041128876619, 0.00363515899517, -0.00205441121943, 0.00126169098075, -0.00627049803734, 0.0198927745223, -0.00607677735388, 0.000255363673205, -0.00247964146547, 0.00261770165525, -0.00080072588753], [0.00027495980612, -0.00406166911125, 0.00356363877654, -0.00232539791614, 0.0011950811604, -0.00137918419205, 0.00310097075999, -0.00607677735388, 0.0136489495635, -0.00666753156111, 0.00678688613698, -0.00174503482413, 0.00497379107401], [6.2761544541e-05, 0.00511984946206, -0.00224446714856, 0.00146360078361, -0.00250255316496, 0.00178487179801, 0.00154059834313, 0.000255363673205, -0.00666753156111, 0.0261000338942, -0.015588321723, 0.00962657481432, -0.00521340267733], [0.00024222038337, -0.00637061847374, 0.0041297194548, -0.00276341475546, 0.00359338358976, -4.5511747885e-05, -0.003097074572, -0.00247964146547, 0.00678688613698, -0.015588321723, 0.0374342799187, -0.0202413331717, 0.0131320450455], [0.000195991364308, 0.00536570558324, -0.00322913937271, 0.00159352947958, -0.000234598381212, -0.00207571568899, 0.0019527701661, 0.00261770165525, -0.00174503482413, 0.00962657481432, -0.0202413331717, 0.0338607802987, -0.0186720136553], [-0.000109961096314, -0.00360424909741, 0.00296972016804, -0.000309669936541, -0.00333658396266, 0.000984608777799, 0.000285476533463, -0.00080072588753, 0.00497379107401, -0.00521340267733, 0.0131320450455, -0.0186720136553, 0.0361081622541]]
    },
    "melbands": {
        "dmean": [0.000162424170412, 0.000753298052587, 0.000568490766454, 0.000282754248474, 0.000101154953882, 6.77608622937e-05, 4.63794167445e-05, 5.97797225055e-05, 0.000241823814576, 0.000122352343169, 4.89333215228e-05, 7.44487042539e-05, 3.34467731591e-05, 2.23490496865e-05, 2.50269622484e-05, 2.30511705013e-05, 2.80432905129e-05, 3.02474945784e-05, 3.04240711557e-05, 1.83086558536e-05, 2.55219401879e-05, 1.91263115994e-05, 2.97242131637e-05, 2.1443962396e-05, 1.74087708729e-05, 1.27212106236e-05, 1.69068880496e-05, 3.06660549541e-05, 1.10255332402e-05, 2.89817330668e-06, 2.09379118132e-06, 1.81968323432e-06, 8.87053829501e-07, 7.66698349253e-07, 6.8971365863e-07, 5.585104077e-07, 5.2543231277e-07, 4.60599011376e-07, 3.68220668179e-07, 1.25168071463e-07],
        "dmean2": [0.000264614995103, 0.00122049159836, 0.00094812293537, 0.000464136421215, 0.000166196507053, 0.000109756874735, 7.51405459596e-05, 9.64756691246e-05, 0.000382320693461, 0.000189810234588, 7.96565873316e-05, 0.000107652303996, 4.86001590616e-05, 3.30111470248e-05, 3.92906295019e-05, 3.71201349481e-05, 4.45603654953e-05, 4.81163988297e-05, 4.83480253024e-05, 2.84973248199e-05, 4.06532053603e-05, 3.06830334011e-05, 4.80168018839e-05, 3.42093990184e-05, 2.76012306131e-05, 1.97208973987e-05, 2.53208963841e-05, 4.68912949145e-05, 1.67675279954e-05, 4.28152497989e-06, 3.20115191244e-06, 2.72823240266e-06, 1.34884237468e-06, 1.17387833143e-06, 1.06232187136e-06, 8.65539959705e-07, 8.00594136763e-07, 7.1054074624e-07, 5.70758686536e-07, 1.99329051043e-07],
        "dvar": [6.50395364232e-08, 1.69125314642e-06, 8.28737711345e-07, 1.54186025725e-07, 2.46861731057e-08, 2.45134526011e-08, 4.95726526495e-09, 1.41262122e-08, 2.71728197276e-07, 7.64558549804e-08, 1.80579657894e-08, 4.19257979445e-08, 6.44924380566e-09, 3.38113492759e-09, 2.55198262522e-09, 1.76409009622e-09, 2.05923122998e-09, 2.38624675575e-09, 2.25455809577e-09, 6.49994558177e-10, 1.18506549018e-09, 6.6804112242e-10, 1.65586322431e-09, 7.89464438267e-10, 5.91268978223e-10, 2.83927853451e-10, 4.48036496792e-10, 1.71878533628e-09, 2.04172276308e-10, 1.13298606608e-11, 6.86824642299e-12, 5.13219718459e-12, 1.84163426696e-12, 2.65335453262e-12, 3.32772416393e-12, 1.33875733849e-12, 7.70344074988e-13, 6.04915694358e-13, 3.49219161618e-13, 5.82034014084e-14],
        "dvar2": [1.71917150737e-07, 4.19842444899e-06, 2.09220866054e-06, 3.97614854819e-07, 6.12255348642e-08, 6.20231617177e-08, 1.28083161854e-08, 3.43020865046e-08, 6.03608782512e-07, 1.7842643274e-07, 5.07121633575e-08, 7.85517997315e-08, 1.17134471012e-08, 6.63404930989e-09, 5.9575819833e-09, 4.43758363389e-09, 4.81741224689e-09, 5.89644866267e-09, 5.44349632037e-09, 1.55897639242e-09, 2.9623383746e-09, 1.70741831784e-09, 4.15615319938e-09, 1.94131266618e-09, 1.44608913732e-09, 6.89505452733e-10, 1.01118535767e-09, 3.94161725481e-09, 4.66432670265e-10, 2.4934273396e-11, 1.61765739692e-11, 1.14083282751e-11, 3.78613850341e-12, 5.43564108654e-12, 7.92975147351e-12, 3.36495306445e-12, 1.89905881819e-12, 1.5185422364e-12, 8.70799255186e-13, 1.43781593077e-13],
        "max": [0.00255652191117, 0.00942902825773, 0.00725292088464, 0.00373799819499, 0.00171700248029, 0.0029435697943, 0.00109671824612, 0.00202605081722, 0.00864811707288, 0.00326686562039, 0.0024485681206, 0.0032722572796, 0.00215895706788, 0.00167574943043, 0.00072456151247, 0.000766346347518, 0.00067420466803, 0.000730067200493, 0.000711978180334, 0.000375128991436, 0.000366950611351, 0.000318867532769, 0.000473518302897, 0.000277481827652, 0.000227530836128, 0.000181124662049, 0.000208729034057, 0.000374450057279, 0.000120009201055, 3.37059318554e-05, 2.37388503592e-05, 2.50388093264e-05, 1.92215629795e-05, 1.98066318262e-05, 2.22307644435e-05, 1.53676173795e-05, 1.07414552986e-05, 8.41398559714e-06, 6.80658604324e-06, 3.13020723297e-06],
        "mean": [0.00023612716177, 0.00103665620554, 0.000826053787023, 0.000423021730967, 0.000156009409693, 9.3001202913e-05, 7.28180748411e-05, 9.01834500837e-05, 0.00039350008592, 0.000162655196618, 7.01744356775e-05, 0.000105703707959, 4.89931408083e-05, 3.24312786688e-05, 3.53308387275e-05, 3.4123469959e-05, 4.43503740826e-05, 5.39678694622e-05, 5.18730921613e-05, 3.48433241015e-05, 4.70247468911e-05, 3.42720741173e-05, 4.83685471409e-05, 3.39816942869e-05, 2.68452622549e-05, 2.08162473427e-05, 2.87270613626e-05, 4.24971913162e-05, 1.6802790924e-05, 5.36479456059e-06, 3.76068101104e-06, 3.35210552294e-06, 1.61351181305e-06, 1.29526085857e-06, 1.0356727671e-06, 9.29654333959e-07, 9.22253548197e-07, 7.8239065715e-07, 6.41707572413e-07, 1.67024836628e-07],
        "median": [0.000155844245455, 0.000553802703507, 0.000568843854126, 0.000283359258901, 0.000102322585008, 4.85419295728e-05, 3.75284835172e-05, 3.54358417098e-05, 5.23137241544e-05, 3.82293073926e-05, 2.36142404901e-05, 2.11757160287e-05, 1.36816061058e-05, 1.21513821796e-05, 1.50112027768e-05, 1.78521040652e-05, 2.40392128035e-05, 2.88830997306e-05, 2.75208094536e-05, 2.11226360989e-05, 2.66087299678e-05, 2.50568300544e-05, 3.16935984301e-05, 2.41334164457e-05, 1.87953901332e-05, 1.49098741531e-05, 2.1726515115e-05, 2.60800734395e-05, 1.10310566015e-05, 4.07088828069e-06, 2.66988467956e-06, 2.47501975537e-06, 1.10149665034e-06, 7.99525821549e-07, 5.91014497786e-07, 5.87282272591e-07, 6.16468071257e-07, 5.23169831013e-07, 4.55718179637e-07, 8.97716674331e-08],
        "min": [1.09138787908e-23, 1.66057460914e-23, 7.28701268184e-24, 9.80292361141e-24, 2.47868458346e-23, 5.17611714049e-24, 4.13271290926e-24, 9.9816660819e-24, 1.33510637686e-23, 7.8789581279e-24, 5.24660186238e-24, 8.00129309936e-24, 1.67306417054e-23, 1.5682808809e-23, 1.9417505104e-23, 1.20431521093e-23, 6.64421489524e-24, 1.12390930099e-23, 2.16226395468e-23, 1.29330313866e-23, 6.84293369043e-24, 4.98271526781e-24, 6.50871304641e-24, 1.82492226137e-23, 1.13475448183e-23, 1.04783526294e-23, 8.64998604349e-24, 7.91462410714e-24, 1.12639681608e-23, 1.11883455879e-23, 7.81991188914e-24, 1.12492708933e-23, 1.33687547633e-23, 8.81821378698e-24, 6.52019176145e-24, 9.45735835872e-24, 9.36512710826e-24, 9.43679196606e-24, 6.98980933579e-24, 8.77311934219e-24],
        "var": [7.69673960122e-08, 1.94539893528e-06, 9.22199433262e-07, 2.09634123394e-07, 3.33266534369e-08, 2.64041997156e-08, 1.03652908479e-08, 3.24228217607e-08, 8.41260714424e-07, 1.43699594446e-07, 2.52182434934e-08, 8.82557671389e-08, 1.5694082478e-08, 5.85029669153e-09, 3.66169983224e-09, 2.38651876039e-09, 3.71016484202e-09, 6.48259046443e-09, 5.06679231904e-09, 1.58148083518e-09, 3.3812375122e-09, 1.23265675445e-09, 2.86463031074e-09, 1.2819151296e-09, 8.70314154078e-10, 4.84690287905e-10, 8.54486703616e-10, 2.59119392609e-09, 3.48177070508e-10, 2.6298952599e-11, 1.43634991054e-11, 1.0897194605e-11, 3.51565825063e-12, 3.62101624726e-12, 3.46117904303e-12, 1.54204448689e-12, 1.08074085705e-12, 7.95904303835e-13, 4.64690785851e-13, 6.31878853711e-14]
    },
    "mfcc": {
        "mean": [-636.554443359, 95.8032073975, -20.5773849487, 40.8565483093, 6.70913600922, 1.71281778812, 4.56740474701, 0.455534934998, 2.14750528336, 8.24404430389, -5.12697172165, -0.878444969654, -9.4293680191],
        "cov": [[6270.890625, 154.2134552, -384.193237305, 74.4024734497, -180.96307373, -13.9766407013, -29.7350578308, 39.1212882996, 17.244430542, 86.336555481, -61.921546936, 24.4270305634, -110.868530273], [154.2134552, 334.514465332, 34.0030136108, -92.1790618896, -37.6650009155, 5.80081176758, 47.9913063049, 28.672039032, 9.22792053223, -11.8808517456, 23.5038795471, -1.44212961197, -29.3476657867], [-384.193237305, 34.0030136108, 421.73223877, -178.071487427, -13.1641759872, 35.4281692505, 26.1204566956, 64.5219955444, -40.6539535522, -12.9668979645, 14.0636825562, -25.8773422241, 0.0586441196501], [74.4024734497, -92.1790618896, -178.071487427, 573.743225098, 188.278121948, 17.9607200623, 17.1656475067, -69.5350265503, 69.6282196045, 9.4542798996, -23.4324607849, 22.118144989, 36.9072647095], [-180.96307373, -37.6650009155, -13.1641759872, 188.278121948, 189.25189209, 41.3471336365, -14.1266822815, -17.0000343323, 41.1680030823, 9.62512588501, -9.53504180908, -9.39115142822, 23.2471523285], [-13.9766407013, 5.80081176758, 35.4281692505, 17.9607200623, 41.3471336365, 99.4796905518, 31.9623641968, 17.7181224823, 10.8634748459, -4.61858320236, -4.16532468796, -12.0947904587, 3.80291581154], [-29.7350578308, 47.9913063049, 26.1204566956, 17.1656475067, -14.1266822815, 31.9623641968, 157.171325684, 36.4001731873, -1.67833185196, -30.2712516785, -0.764493405819, -0.0634959116578, -7.38252830505], [39.1212882996, 28.672039032, 64.5219955444, -69.5350265503, -17.0000343323, 17.7181224823, 36.4001731873, 96.390083313, 10.2803878784, -1.19784712791, 3.53370761871, -4.74825000763, -0.566691398621], [17.244430542, 9.22792053223, -40.6539535522, 69.6282196045, 41.1680030823, 10.8634748459, -1.67833185196, 10.2803878784, 80.2678833008, 28.2944507599, 0.92428445816, -4.89581918716, 10.4532213211], [86.336555481, -11.8808517456, -12.9668979645, 9.4542798996, 9.62512588501, -4.61858320236, -30.2712516785, -1.19784712791, 28.2944507599, 106.315391541, 23.525718689, 7.63041353226, -7.6604013443], [-61.921546936, 23.5038795471, 14.0636825562, -23.4324607849, -9.53504180908, -4.16532468796, -0.764493405819, 3.53370761871, 0.92428445816, 23.525718689, 65.4091720581, 24.0548458099, -5.7770075798], [24.4270305634, -1.44212961197, -25.8773422241, 22.118144989, -9.39115142822, -12.0947904587, -0.0634959116578, -4.74825000763, -4.89581918716, 7.63041353226, 24.0548458099, 61.9537658691, 9.48308849335], [-110.868530273, -29.3476657867, 0.0586441196501, 36.9072647095, 23.2471523285, 3.80291581154, -7.38252830505, -0.566691398621, 10.4532213211, -7.6604013443, -5.7770075798, 9.48308849335, 53.4422950745]],
