{
"lowlevel": {
    "average_loudness": 0.920350849628,
    "barkbands_crest": {
        "dmean": 2.35055994987,
        "dmean2": 3.80288004875,
        "dvar": 5.11912202835,
        "dvar2": 12.8598842621,
        "max": 21.311662674,
        "mean": 9.8179769516,
        "median": 9.1467628479,
        "min": 2.77139186859,
        "var": 15.6240034103
    },
    "barkbands_flatness_db": {
        "dmean": 0.0219344571233,
        "dmean2": 0.0322907827795,
        "dvar": 0.000511255464517,
        "dvar2": 0.00120461976621,
        "max": 0.304504096508,
        "mean": 0.108860962093,
        "median": 0.0966394022107,
        "min": 0.0245264489204,
        "var": 0.00225231703371
    },
    "barkbands_kurtosis": {
        "dmean": 2.14563179016,
        "dmean2": 3.62773704529,
        "dvar": 21.425321579,
        "dvar2": 57.9441108704,
        "max": 50.6513214111,
        "mean": 1.63799917698,
        "median": 0.324049949646,
        "min": -1.68956041336,
        "var": 20.8990249634
    },
    "barkbands_skewness": {
        "dmean": 0.519894182682,
        "dmean2": 0.811191797256,
        "dvar": 0.408736228943,
        "dvar2": 0.976779639721,
        "max": 6.40603303909,
        "mean": 1.2244913578,
        "median": 1.09109902382,
        "min": -1.87624418736,
        "var": 0.835579931736
    },
    "barkbands_spread": {
        "dmean": 6.43563365936,
        "dmean2": 9.62255859375,
        "dvar": 55.2315063477,
        "dvar2": 112.097267151,
        "max": 90.6327819824,
        "mean": 30.1597042084,
        "median": 29.1626281738,
        "min": 3.97863030434,
        "var": 187.793334961
    },
    "dissonance": {
        "dmean": 0.0153220575303,
        "dmean2": 0.0254069641232,
        "dvar": 0.000201478396775,
        "dvar2": 0.000539747590665,
        "max": 0.499829381704,
        "mean": 0.47178247571,
        "median": 0.477172553539,
        "min": 0.354345738888,
        "var": 0.000425349280704
    },
    "dynamic_complexity": 3.26834821701,
    "erbbands_crest": {
        "dmean": 2.58433628082,
        "dmean2": 4.11696386337,
        "dvar": 6.07168245316,
        "dvar2": 14.7436285019,
        "max": 26.2125053406,
        "mean": 8.64138126373,
        "median": 7.67853975296,
        "min": 2.61910152435,
        "var": 17.3339633942
    },
    "erbbands_flatness_db": {
        "dmean": 0.0173380691558,
        "dmean2": 0.0244105216116,
        "dvar": 0.00035589581239,
        "dvar2": 0.000629150425084,
        "max": 0.271986573935,
        "mean": 0.135534390807,
        "median": 0.125921919942,
        "min": 0.0501321144402,
        "var": 0.00159224728122
    },
    "erbbands_kurtosis": {
        "dmean": 0.745983481407,
        "dmean2": 1.12443268299,
        "dvar": 0.828146338463,
        "dvar2": 1.87382745743,
        "max": 12.9036750793,
        "mean": 0.578357100487,
        "median": 0.129914283752,
        "min": -1.51486563683,
        "var": 2.54328179359
    },
    "erbbands_skewness": {
        "dmean": 0.290456593037,
        "dmean2": 0.436379939318,
        "dvar": 0.0690238922834,
        "dvar2": 0.156241625547,
        "max": 2.64707374573,
        "mean": 0.00863741151989,
        "median": 0.00729412445799,
        "min": -1.9864269495,
        "var": 0.268133699894
    },
    "erbbands_spread": {
        "dmean": 8.82757854462,
        "dmean2": 13.6548290253,
        "dvar": 100.423309326,
        "dvar2": 214.03453064,
        "max": 150.537628174,
        "mean": 37.9809608459,
        "median": 35.4454574585,
        "min": 7.84627628326,
        "var": 328.175689697
    },
    "hfc": {
        "dmean": 6.88902425766,
        "dmean2": 9.65164470673,
        "dvar": 90.0629806519,
        "dvar2": 174.356185913,
        "max": 153.556930542,
        "mean": 28.2164096832,
        "median": 21.3246135712,
        "min": 1.20116259942e-16,
        "var": 566.532836914
    },
    "melbands_crest": {
        "dmean": 3.17972946167,
        "dmean2": 5.19748020172,
        "dvar": 8.9182472229,
        "dvar2": 22.9971103668,
        "max": 30.689994812,
        "mean": 16.3608322144,
        "median": 16.1755104065,
        "min": 1.76031541824,
        "var": 27.3348274231
    },
    "melbands_flatness_db": {
        "dmean": 0.0272805392742,
        "dmean2": 0.0400154925883,
        "dvar": 0.00076223310316,
        "dvar2": 0.00174527964555,
        "max": 0.415040373802,
        "mean": 0.179726317525,
        "median": 0.168664678931,
        "min": 0.00522167328745,
        "var": 0.00366976601072
    },
    "melbands_kurtosis": {
        "dmean": 7.00285577774,
        "dmean2": 11.8320226669,
        "dvar": 239.033401489,
        "dvar2": 650.322570801,
        "max": 203.520309448,
        "mean": 9.63654518127,
        "median": 5.53894424438,
        "min": -1.37332987785,
        "var": 222.17729187
    },
    "melbands_skewness": {
        "dmean": 0.796398997307,
        "dmean2": 1.2650295496,
        "dvar": 1.04827833176,
        "dvar2": 2.60258841515,
        "max": 12.676153183,
        "mean": 2.50845837593,
        "median": 2.26558327675,
        "min": -0.0213972255588,
        "var": 2.00611758232
    },
    "melbands_spread": {
        "dmean": 7.36719179153,
        "dmean2": 11.0294981003,
        "dvar": 65.2244644165,
        "dvar2": 124.539321899,
        "max": 137.884994507,
        "mean": 28.3946876526,
        "median": 26.8332195282,
        "min": 2.13176655769,
        "var": 206.397872925
    },
    "pitch_salience": {
        "dmean": 0.0699635967612,
        "dmean2": 0.112874977291,
        "dvar": 0.00429809186608,
        "dvar2": 0.0114615801722,
        "max": 0.779793202877,
        "mean": 0.475642025471,
        "median": 0.484271526337,
        "min": 0.136518493295,
        "var": 0.0122816655785
    },
    "silence_rate_20dB": {
        "dmean": 0,
        "dmean2": 0,
        "dvar": 0,
        "dvar2": 0,
        "max": 1,
        "mean": 1,
        "median": 1,
        "min": 1,
        "var": 0
    },
    "silence_rate_30dB": {
        "dmean": 0.020092735067,
        "dmean2": 0.040216550231,
        "dvar": 0.0196892246604,
        "dvar2": 0.0540671423078,
        "max": 1,
        "mean": 0.987644791603,
        "median": 1,
        "min": 0,
        "var": 0.0122025180608
    },
    "silence_rate_60dB": {
        "dmean": 0.00618238002062,
        "dmean2": 0.0123743228614,
        "dvar": 0.00614408683032,
        "dvar2": 0.0153147140518,
        "max": 1,
        "mean": 0.0741312727332,
        "median": 0,
        "min": 0,
        "var": 0.0686371698976
    },
    "spectral_centroid": {
        "dmean": 263.027160645,
        "dmean2": 393.101928711,
        "dvar": 127896.46875,
        "dvar2": 194463.203125,
        "max": 10619.7158203,
        "mean": 1511.89465332,
        "median": 1528.32287598,
        "min": 324.449493408,
        "var": 327211.5
    },
    "spectral_complexity": {
        "dmean": 3.54250383377,
        "dmean2": 5.35653495789,
        "dvar": 13.5541248322,
        "dvar2": 25.6245231628,
        "max": 54,
        "mean": 23.3003864288,
        "median": 22,
        "min": 0,
        "var": 138.387664795
    },
    "spectral_decrease": {
        "dmean": 2.83252155064e-09,
        "dmean2": 4.74117367588e-09,
        "dvar": 3.1740776297e-17,
        "dvar2": 8.56206446422e-17,
        "max": 6.15517520391e-29,
        "mean": -8.01283217555e-09,
        "median": -6.76803990629e-09,
        "min": -4.85943374429e-08,
        "var": 4.18201308796e-17
    },
    "spectral_energy": {
        "dmean": 0.0110143143684,
        "dmean2": 0.0183762274683,
        "dvar": 0.000465046119643,
        "dvar2": 0.0012490778463,
        "max": 0.186993435025,
        "mean": 0.0328016169369,
        "median": 0.0276090223342,
        "min": 1.06625850858e-20,
        "var": 0.000659594719764
    },
    "spectral_energyband_high": {
        "dmean": 0.000549194053747,
        "dmean2": 0.000765234464779,
        "dvar": 9.17131842471e-07,
        "dvar2": 1.59862759119e-06,
        "max": 0.013669103384,
        "mean": 0.00141297036316,
        "median": 0.000740854244214,
        "min": 7.64819837758e-21,
        "var": 3.39477264788e-06
    },
    "spectral_energyband_low": {
        "dmean": 0.00924365408719,
        "dmean2": 0.0157708674669,
        "dvar": 0.000454523775261,
        "dvar2": 0.00124781916384,
        "max": 0.172436654568,
        "mean": 0.0161420721561,
        "median": 0.0118563296273,
        "min": 8.97574394549e-23,
        "var": 0.000412877911003
    },
    "spectral_energyband_middle_high": {
        "dmean": 0.00206922763027,
        "dmean2": 0.003055653302,
        "dvar": 8.38420146465e-06,
        "dvar2": 1.70890180016e-05,
        "max": 0.0462412536144,
        "mean": 0.00803920719773,
        "median": 0.00611620442942,
        "min": 1.47874761047e-21,
        "var": 5.78327235417e-05
    },
    "spectral_energyband_middle_low": {
        "dmean": 0.00394212361425,
        "dmean2": 0.0064574549906,
        "dvar": 4.02979530918e-05,
        "dvar2": 0.000102814810816,
        "max": 0.0712582543492,
        "mean": 0.00911730341613,
        "median": 0.00695034861565,
        "min": 2.829757663e-22,
        "var": 6.99404263287e-05
    },
    "spectral_entropy": {
        "dmean": 0.159611314535,
        "dmean2": 0.226152792573,
        "dvar": 0.0356087386608,
        "dvar2": 0.0642419531941,
        "max": 9.8169002533,
        "mean": 7.78994417191,
        "median": 7.88851118088,
        "min": 6.35200977325,
        "var": 0.168381437659
    },
    "spectral_flux": {
        "dmean": 0.0261896941811,
        "dmean2": 0.0404870323837,
        "dvar": 0.00140103837475,
        "dvar2": 0.00259324559011,
        "max": 0.359615594149,
        "mean": 0.0878931730986,
        "median": 0.0775354728103,
        "min": 1.03259796547e-10,
        "var": 0.00316358404234
    },
    "spectral_kurtosis": {
        "dmean": 1.19291186333,
        "dmean2": 1.84347844124,
        "dvar": 2.08799862862,
        "dvar2": 4.98779821396,
        "max": 18.3041744232,
        "mean": 3.9615893364,
        "median": 3.1803984642,
        "min": -1.22450196743,
        "var": 6.62405872345
    },
    "spectral_rms": {
        "dmean": 0.000794077292085,
        "dmean2": 0.00127619702835,
        "dvar": 1.45969488585e-06,
        "dvar2": 3.69628810404e-06,
        "max": 0.0135067617521,
        "mean": 0.00522557273507,
        "median": 0.00518995476887,
        "min": 3.22529416369e-12,
        "var": 4.69498127131e-06
    },
    "spectral_rolloff": {
        "dmean": 623.598083496,
        "dmean2": 997.206481934,
        "dvar": 1644018.25,
        "dvar2": 3455799.25,
        "max": 18949.21875,
        "mean": 1742.69091797,
        "median": 1507.32421875,
        "min": 129.19921875,
        "var": 2321644.5
    },
    "spectral_skewness": {
        "dmean": 0.178784430027,
        "dmean2": 0.269906252623,
        "dvar": 0.036225065589,
        "dvar2": 0.0803621709347,
        "max": 3.41920804977,
        "mean": 1.52700436115,
        "median": 1.44628512859,
        "min": 0.0654249191284,
        "var": 0.153548568487
    },
    "spectral_spread": {
        "dmean": 707468.6875,
        "dmean2": 968176.25,
        "dvar": 1.59207954842e+12,
        "dvar2": 2.04018352128e+12,
        "max": 40226180,
        "mean": 5160754,
        "median": 4934401,
        "min": 2155782.25,
        "var": 3.86689453261e+12
    },
    "spectral_strongpeak": {
        "dmean": 0.480685949326,
        "dmean2": 0.827654838562,
        "dvar": 1.30609071255,
        "dvar2": 3.12300825119,
        "max": 12.4829292297,
        "mean": 0.718584358692,
        "median": 0.428854584694,
        "min": 0,
        "var": 1.47755026817
    },
    "zerocrossingrate": {
        "dmean": 0.0122658964247,
        "dmean2": 0.0139615209773,
        "dvar": 0.0004073510936,
        "dvar2": 0.000428913743235,
        "max": 0.50048828125,
        "mean": 0.0672221854329,
        "median": 0.0625,
        "min": 0.0126953125,
        "var": 0.00123142218217
    },
    "barkbands": {
        "dmean": [6.11688592471e-05, 0.00347905722447, 0.00619482900947, 0.00226938701235, 0.00109287712257, 0.000499891699292, 0.000422697892645, 0.000397792842705, 0.000874228077009, 0.000852150667924, 0.000490166828968, 0.000422689714469, 0.000602058833465, 0.00055282691028, 0.000516327621881, 0.000380306068109, 0.000273264886346, 0.00017256202409, 0.00017047188885, 9.9267657788e-05, 0.000126485945657, 0.00013091256551, 0.000100416196801, 0.00011272757547, 0.000117992371088, 5.9265861637e-05, 4.25892721978e-06],
        "dmean2": [0.000103336198663, 0.00587796932086, 0.0107607031241, 0.00379293248989, 0.00192923948634, 0.000746249046642, 0.000649413908832, 0.000639110978227, 0.00132895773277, 0.00130465696566, 0.00078710768139, 0.00066471088212, 0.000918344012462, 0.000839672167785, 0.00081374833826, 0.00059161381796, 0.000433722656453, 0.000277257699054, 0.000276565726381, 0.000155286485096, 0.000191641869606, 0.000202193841687, 0.00013970672444, 0.000161762844073, 0.000170283412444, 8.65532056196e-05, 6.81619349052e-06],
        "dvar": [9.27725185562e-09, 4.8580513976e-05, 0.000256412371527, 1.97312383534e-05, 4.26005317422e-06, 8.0024028648e-07, 7.00969565059e-07, 1.40885424571e-06, 4.19422121922e-06, 2.09218296732e-06, 8.27351300359e-07, 1.13285420866e-06, 1.17902050079e-06, 1.68078963725e-06, 1.77165372861e-06, 7.48120896787e-07, 2.23696062562e-07, 5.38932525274e-08, 5.36606137302e-08, 1.70832503699e-08, 3.96314732143e-08, 6.55698570995e-08, 6.02163225949e-08, 7.77272077812e-08, 9.18774674119e-08, 3.05679606072e-08, 1.78827341824e-10],
        "dvar2": [2.41165434289e-08, 0.00012313501793, 0.000709447951522, 5.24747520103e-05, 1.21533375932e-05, 1.70682073986e-06, 1.52784025431e-06, 3.59098544322e-06, 1.02608701127e-05, 4.01648367188e-06, 1.96207952285e-06, 2.78943753074e-06, 2.48401079261e-06, 3.53585869561e-06, 4.35685251432e-06, 1.46256161315e-06, 5.23444100509e-07, 1.28976708424e-07, 1.36411159701e-07, 3.99683628416e-08, 7.92015981688e-08, 1.5932018016e-07, 1.13061389584e-07, 1.43831982768e-07, 2.17706897843e-07, 7.07370588771e-08, 4.0899764131e-10],
        "max": [0.00102933007292, 0.0930058658123, 0.130051136017, 0.03460540995, 0.0185596365482, 0.0121379345655, 0.0110836736858, 0.0179944820702, 0.0281108412892, 0.0255503710359, 0.0155079327524, 0.0254543591291, 0.0249776355922, 0.0273793973029, 0.0239069312811, 0.0220642946661, 0.00856195669621, 0.0034829704091, 0.00274811172858, 0.00151007494424, 0.00233713630587, 0.00375838531181, 0.00642608804628, 0.00604535266757, 0.00695502944291, 0.00305864587426, 0.000214415107621],
        "mean": [6.3026243879e-05, 0.00599150359631, 0.00853549595922, 0.00264373444952, 0.00160529348068, 0.00101356417872, 0.000808353477623, 0.000644450832624, 0.0017269467935, 0.00159357837401, 0.000897215504665, 0.000782449264079, 0.00106607400812, 0.00106670346577, 0.000917909783311, 0.000683541584294, 0.000525010342244, 0.000344854634022, 0.000367881235434, 0.00023612343648, 0.000284114503302, 0.000266381422989, 0.000218564062379, 0.000222574497457, 0.000196836743271, 9.43386476138e-05, 5.09689789396e-06],
        "median": [2.67071118287e-05, 0.00258411001414, 0.00468887994066, 0.00104471039958, 0.000883814354893, 0.000399218930397, 0.000315572338877, 0.000264032598352, 0.000695372757036, 0.000745787576307, 0.000413841800764, 0.000359986588592, 0.00056342757307, 0.000284407084109, 0.000322893320117, 0.000306338071823, 0.000298106257105, 0.000261674489593, 0.00025184234255, 0.00016269707703, 0.000149107072502, 0.000118471805763, 9.75077127805e-05, 9.38459197641e-05, 7.00626987964e-05, 3.12494375976e-05, 1.38517418691e-06],
        "min": [2.43891794746e-23, 5.34230110314e-23, 1.50415374683e-23, 1.91851145699e-23, 5.08951883022e-23, 6.86209401742e-23, 1.86578525626e-23, 1.27698902182e-23, 5.99993972995e-23, 9.14283730699e-23, 7.53311046299e-23, 1.13729382508e-22, 1.28326868595e-22, 9.44211472613e-23, 1.88793852152e-22, 6.85249326466e-23, 1.78510324501e-22, 2.54457497943e-22, 2.49405632706e-22, 2.81136597053e-22, 4.03216646533e-22, 3.85826214189e-22, 8.62264500804e-22, 8.97566695267e-22, 9.27229884787e-22, 1.65345619339e-21, 2.50482790087e-21],
        "var": [1.02118731249e-08, 7.5498734077e-05, 0.000197142086108, 1.87189543794e-05, 4.89911826662e-06, 2.48743049269e-06, 1.64550192494e-06, 1.71446595232e-06, 8.9189834398e-06, 6.91859395374e-06, 2.12116810872e-06, 2.22653102355e-06, 2.71421345133e-06, 5.33489264853e-06, 4.04439697377e-06, 1.65831261256e-06, 6.05090122008e-07, 1.29808682914e-07, 1.33094104626e-07, 5.94106559504e-08, 1.30248039909e-07, 1.52817690946e-07, 1.38154561569e-07, 1.8310028338e-07, 1.73096765366e-07, 4.88867542003e-08, 2.2557783419e-10]
    },
    "erbbands": {
        "dmean": [0.0533316843212, 0.996356785297, 5.91491937637, 7.60957813263, 5.9296875, 2.71643161774, 3.08532357216, 4.6215763092, 5.70258045197, 6.91229486465, 10.6650447845, 22.4129066467, 22.9933395386, 20.9593315125, 18.5084934235, 18.7241725922, 28.0709171295, 21.724237442, 30.6656990051, 25.2067604065, 17.9106674194, 12.0778913498, 8.85377502441, 9.30478668213, 8.08568763733, 4.80362319946, 4.92163562775, 5.06349372864, 4.76550149918, 3.58613443375, 2.98147082329, 2.51619458199, 1.84843409061, 1.26476216316, 0.868156909943, 0.353123009205, 0.0993883088231, 0.0150256650522, 0.000439521652879, 2.26063202717e-05],
        "dmean2": [0.0871190577745, 1.68602156639, 10.1884746552, 13.0982971191, 10.3171339035, 4.6572728157, 5.03994512558, 6.95949554443, 8.60254669189, 11.2885322571, 17.4597434998, 33.2497749329, 34.9297943115, 32.012462616, 29.406457901, 28.8807792664, 42.3709602356, 32.8248786926, 48.4356498718, 37.16173172, 27.4397449493, 18.9064941406, 13.9409484863, 14.8275794983, 13.2033996582, 7.39242649078, 7.47953128815, 7.6816163063, 7.30892086029, 5.2214345932, 4.17612361908, 3.69523310661, 2.68100571632, 1.89768576622, 1.30393218994, 0.514234542847, 0.144794657826, 0.0223540719599, 0.000675705785397, 3.47103632521e-05],
        "dvar": [0.0139653617516, 4.07782316208, 224.769882202, 310.095184326, 197.951507568, 15.846373558, 41.5674858093, 81.1527023315, 137.394699097, 222.843719482, 1258.09680176, 2688.91064453, 1406.59362793, 1920.50268555, 963.907958984, 2219.61816406, 2486.45776367, 2303.02416992, 5770.34912109, 5261.53710938, 1048.13122559, 379.083068848, 132.147735596, 178.960922241, 121.99420166, 41.7390937805, 52.5764656067, 75.2634658813, 94.9023742676, 48.2418174744, 55.6213645935, 36.6807250977, 26.1678028107, 14.6500997543, 5.90679550171, 0.956973433495, 0.0911441072822, 0.00207223626785, 2.16674925468e-06, 1.95645899481e-09],
        "dvar2": [0.0347233973444, 10.6268310547, 618.292114258, 873.575378418, 526.944580078, 43.9630775452, 96.9782409668, 177.269546509, 285.553527832, 565.329467773, 3357.70874023, 6469.49267578, 2876.64086914, 3836.16967773, 2239.30053711, 5145.20166016, 5061.57324219, 4878.3359375, 13761.7460938, 10075.3222656, 2328.43164062, 941.996887207, 312.846343994, 438.858032227, 329.558563232, 97.3303756714, 110.196464539, 153.893692017, 229.677520752, 100.323509216, 113.175621033, 75.3505096436, 49.5271720886, 34.9434432983, 13.6182527542, 2.18181300163, 0.217017456889, 0.0047498093918, 4.59637476524e-06, 4.52311210708e-09],
        "max": [1.60692429543, 23.9067649841, 115.272491455, 153.929489136, 115.706161499, 47.3217391968, 112.157470703, 120.783348083, 151.416366577, 238.764831543, 607.446044922, 794.213256836, 836.537963867, 775.779174805, 470.677490234, 1194.41430664, 1236.31665039, 1080.26086426, 1471.21496582, 1643.98132324, 644.175231934, 348.976013184, 146.768844604, 196.768951416, 120.158103943, 71.9721069336, 87.8766326904, 98.0541000366, 151.646591187, 117.339797974, 200.747650146, 105.208518982, 121.662490845, 89.1466598511, 59.3255615234, 17.4422798157, 5.06573915482, 0.803471922874, 0.0259882491082, 0.000666547799483],
        "mean": [0.0890191420913, 1.72649085522, 8.6099653244, 10.269569397, 7.219373703, 4.51393699646, 5.85950946808, 8.92873191833, 11.6332607269, 12.8522777557, 17.8937702179, 43.785610199, 45.2490348816, 41.1453056335, 38.0529060364, 37.9047851562, 53.5396728516, 44.0901985168, 56.4329528809, 48.0992584229, 36.2920684814, 25.3967056274, 19.806760788, 19.5092735291, 16.9574222565, 11.8539514542, 11.3497467041, 11.0419769287, 9.77914047241, 7.41238164902, 6.27933835983, 4.8950920105, 3.54275226593, 2.18418240547, 1.35894227028, 0.559183835983, 0.150237336755, 0.0220611691475, 0.00063182687154, 6.00026505708e-05],
        "median": [0.024477828294, 0.928434848785, 5.45068597794, 5.12444591522, 2.67978024483, 2.70922470093, 2.45960474014, 3.34721493721, 4.58238887787, 6.05325603485, 6.97502994537, 16.089307785, 23.9881782532, 17.8977184296, 21.4445838928, 19.4418334961, 29.0245990753, 17.3385887146, 20.5432376862, 18.0194988251, 18.6181526184, 16.7080802917, 15.0279941559, 14.614156723, 11.5425024033, 8.42913818359, 7.58432483673, 5.0664896965, 4.27886772156, 3.41641116142, 2.8937728405, 2.24047756195, 1.39478182793, 0.770562529564, 0.475107550621, 0.18073438108, 0.0475347526371, 0.008265549317, 0.000218893750571, 4.12225599575e-05],
        "min": [1.79903099449e-21, 1.07749596723e-20, 1.35550135447e-20, 6.47613854111e-20, 1.21088423706e-19, 1.96798248921e-19, 4.6047004371e-19, 3.9570467103e-19, 3.25634821726e-19, 1.99587398549e-19, 4.64974300639e-19, 1.23623176522e-18, 3.02265423627e-18, 2.36538437976e-18, 3.00476624873e-18, 5.38159984214e-18, 5.94021889804e-18, 4.92757405239e-18, 1.09146688622e-17, 5.79159232634e-18, 4.66033722548e-18, 1.09340852727e-17, 1.20085970243e-17, 1.43639797565e-17, 1.17022639193e-17, 1.20482934219e-17, 2.13304981841e-17, 1.40233600151e-17, 1.24877356038e-17, 1.90035166983e-17, 2.42220933037e-17, 1.5871622302e-17, 1.74043548898e-17, 1.09947283649e-17, 7.27262653949e-18, 6.8764612064e-18, 2.83344618373e-18, 1.25634766034e-18, 3.61022538909e-19, 3.55936205322e-20],
        "var": [0.023518435657, 5.64939928055, 176.993850708, 247.106231689, 193.932434082, 28.984254837, 124.534194946, 210.909988403, 375.151306152, 446.242950439, 1344.9630127, 6225.35498047, 4138.17626953, 6006.06347656, 2643.05322266, 4877.62988281, 6282.03417969, 6708.02783203, 11967.7929688, 15529.4960938, 3538.9362793, 1079.31384277, 375.769470215, 432.319396973, 304.55859375, 148.30456543, 172.14855957, 226.647567749, 212.270721436, 127.408409119, 115.339996338, 76.6067276001, 57.1419868469, 24.902179718, 9.0514831543, 1.60857248306, 0.128816857934, 0.00287210708484, 3.0942524063e-06, 3.63642005397e-09]
    },
    "gfcc": {
        "mean": [23.0376720428, 76.898109436, -115.873191833, 30.6397533417, -47.1495056152, 29.9542293549, -32.3942070007, 16.5511054993, -29.2313041687, 0.945493936539, -23.5806369781, -3.80163574219, -17.7533988953],
        "cov": [[9480.15429688, -1005.58886719, 15.0798883438, 201.362075806, -415.961364746, 166.234802246, -241.403762817, 154.012084961, 58.6985244751, 313.509277344, -135.504089355, 264.881988525, -47.8456535339], [-1005.58886719, 945.691955566, -266.578643799, -146.915344238, 195.321182251, -124.388206482, 145.300491333, -28.8904647827, 1.80936706066, -115.51033783, 116.81803894, -157.101608276, 55.7857475281], [15.0798883438, -266.578643799, 391.656982422, -12.1449556351, -46.2789268494, 13.0238189697, -53.026638031, 40.1756973267, -24.9756183624, 2.18291902542, -39.4253807068, 59.4728088379, -61.8843383789], [201.362075806, -146.915344238, -12.1449556351, 204.306976318, -24.0332736969, 10.9234161377, -15.0049209595, -22.1393890381, 33.2730407715, 22.4166183472, -32.5501747131, 30.5013275146, 25.9465084076], [-415.961364746, 195.321182251, -46.2789268494, -24.0332736969, 227.040130615, -4.5798997879, 50.1931266785, 25.6859340668, -8.83676624298, -6.31690359116, 36.8438110352, -42.7795295715, 10.024266243], [166.234802246, -124.388206482, 13.0238189697, 10.9234161377, -4.5798997879, 122.13028717, 25.3227748871, -2.86233592033, 13.1860027313, 31.613079071, -4.39333724976, 3.89453625679, -11.5251274109], [-241.403762817, 145.300491333, -53.026638031, -15.0049209595, 50.1931266785, 25.3227748871, 138.426895142, 5.44090223312, 9.54619693756, 0.892033815384, 25.0785484314, -27.9825248718, -1.87650167942], [154.012084961, -28.8904647827, 40.1756973267, -22.1393890381, 25.6859340668, -2.86233592033, 5.44090223312, 103.88092041, 20.0185394287, 6.81693077087, 10.812494278, -1.48186337948, -5.42233514786], [58.6985244751, 1.80936706066, -24.9756183624, 33.2730407715, -8.83676624298, 13.1860027313, 9.54619693756, 20.0185394287, 112.130302429, 44.1439704895, -1.0183300972, 11.2257547379, 18.2530632019], [313.509277344, -115.51033783, 2.18291902542, 22.4166183472, -6.31690359116, 31.613079071, 0.892033815384, 6.81693077087, 44.1439704895, 106.924118042, 12.1560726166, 37.8113594055, 2.65339756012], [-135.504089355, 116.81803894, -39.4253807068, -32.5501747131, 36.8438110352, -4.39333724976, 25.0785484314, 10.812494278, -1.0183300972, 12.1560726166, 91.9072647095, 1.37883603573, 12.1364679337], [264.881988525, -157.101608276, 59.4728088379, 30.5013275146, -42.7795295715, 3.89453625679, -27.9825248718, -1.48186337948, 11.2257547379, 37.8113594055, 1.37883603573, 100.227729797, 2.41583538055], [-47.8456535339, 55.7857475281, -61.8843383789, 25.9465084076, 10.024266243, -11.5251274109, -1.87650167942, -5.42233514786, 18.2530632019, 2.65339756012, 12.1364679337, 2.41583538055, 72.1661376953]],
        "icov": [[0.000156949739903, -0.000130742366309, 0.000169759834534, -0.000145637255628, 0.000285696878564, -0.000277942017419, 0.000285787944449, -0.00051872653421, 0.000330770097207, -0.000507536635268, 0.000326158071402, -0.000325633998727, 0.000178489965037], [-0.000130742366309, 0.00481861503795, 0.000706949271262, 0.00237947050482, -0.00214269850403, 0.00436728540808, -0.00324381655082, 0.00334087386727, -0.00327227194794, 0.00398626364768, -0.00401123194024, 0.00377243664116, -0.00166967662517], [0.000169759834534, 0.000706949271262, 0.00417763274163, 0.000436137488578, 1.82445219252e-05, -2.85470650851e-05, 0.000664571358357, -0.0017473816406, 0.000530760677066, 0.000569216033909, 0.000929050904233, -0.00213394267485, 0.00263059861027], [-0.000145637255628, 0.00237947050482, 0.000436137488578, 0.00742225721478, -0.00134208728559, 0.00185393565334, -0.00160922133364, 0.00303826411255, -0.00306009547785, 0.00182126625441, 0.000392990797991, 0.000268682284513, -0.00292963185348], [0.000285696878564, -0.00214269850403, 1.82445219252e-05, -0.00134208728559, 0.00686290720478, -0.0018540044548, 0.000352390867192, -0.00346494466066, 0.00276355445385, -0.00295109977014, 0.000547221163288, 0.000124923171825, 0.000156677750056], [-0.000277942017419, 0.00436728540808, -2.85470650851e-05, 0.00185393565334, -0.0018540044548, 0.0137828718871, -0.00521887093782, 0.00408402876928, -0.00329033890739, 0.000918744073715, -0.00313610746525, 0.00438495026901, -0.000442386226496], [0.000285787944449, -0.00324381655082, 0.000664571358357, -0.00160922133364, 0.000352390867192, -0.00521887093782, 0.0116149177775, -0.00286667351611, 0.00145971612073, -0.00265296082944, 0.00107598525938, -0.00143204256892, 0.00264499965124], [-0.00051872653421, 0.00334087386727, -0.0017473816406, 0.00303826411255, -0.00346494466066, 0.00408402876928, -0.00286667351611, 0.0151345338672, -0.00601568026468, 0.00386023544706, -0.00456128688529, 0.00381720694713, -0.00130219198763], [0.000330770097207, -0.00327227194794, 0.000530760677066, -0.00306009547785, 0.00276355445385, -0.00329033890739, 0.00145971612073, -0.00601568026468, 0.0150769464672, -0.00820525549352, 0.00427770847455, -0.00238478719257, -0.00117050879635], [-0.000507536635268, 0.00398626364768, 0.000569216033909, 0.00182126625441, -0.00295109977014, 0.000918744073715, -0.00265296082944, 0.00386023544706, -0.00820525549352, 0.0186096597463, -0.00591204408556, -0.00129245477729, -0.000378289492801], [0.000326158071402, -0.00401123194024, 0.000929050904233, 0.000392990797991, 0.000547221163288, -0.00313610746525, 0.00107598525938, -0.00456128688529, 0.00427770847455, -0.00591204408556, 0.0178651865572, -0.00571199366823, -0.000597049947828], [-0.000325633998727, 0.00377243664116, -0.00213394267485, 0.000268682284513, 0.000124923171825, 0.00438495026901, -0.00143204256892, 0.00381720694713, -0.00238478719257, -0.00129245477729, -0.00571199366823, 0.0183836985379, -0.0031301532872], [0.000178489965037, -0.00166967662517, 0.00263059861027, -0.00292963185348, 0.000156677750056, -0.000442386226496, 0.00264499965124, -0.00130219198763, -0.00117050879635, -0.000378289492801, -0.000597049947828, -0.0031301532872, 0.0189687460661]]
    },
    "melbands": {
        "dmean": [0.000715774891432, 0.0024304962717, 0.00130092317704, 0.000282628956484, 0.000107818617835, 0.00010117556667, 8.63376189955e-05, 7.6309130236e-05, 0.000107527332148, 0.000132322296849, 0.000117470619443, 9.02831961866e-05, 6.88653963152e-05, 4.77514913655e-05, 6.4254476456e-05, 4.87400466227e-05, 4.63808355562e-05, 5.71517157368e-05, 3.12718912028e-05, 3.31938936142e-05, 2.28408516705e-05, 1.46002503243e-05, 1.18886609926e-05, 7.91058573668e-06, 8.39389394969e-06, 7.89150453784e-06, 4.04515731134e-06, 3.45895409737e-06, 3.53108589479e-06, 3.28146575157e-06, 3.08982066599e-06, 2.98622012451e-06, 2.59006810666e-06, 1.9430217435e-06, 1.87727403045e-06, 1.67075495483e-06, 1.6977235191e-06, 1.426506401e-06, 1.29408601879e-06, 1.05847334453e-06],
        "dmean2": [0.00120145676192, 0.00417983066291, 0.00222155288793, 0.000493495259434, 0.000177287685801, 0.000152124615852, 0.000129884181661, 0.000125291058794, 0.000175644163392, 0.000197172237677, 0.00017966258747, 0.000137116236147, 0.000109764900117, 7.570352318e-05, 9.98172181426e-05, 7.35821522539e-05, 7.08273073542e-05, 8.92177558853e-05, 4.74696280435e-05, 5.04951131006e-05, 3.56258169631e-05, 2.34361523326e-05, 1.90035825653e-05, 1.2692987184e-05, 1.35163381856e-05, 1.31731940201e-05, 6.50472429697e-06, 5.41947338206e-06, 5.54594043933e-06, 5.12208453074e-06, 4.72064766655e-06, 4.65131779492e-06, 4.0870668272e-06, 2.79344180854e-06, 2.66282381745e-06, 2.52439781434e-06, 2.48842638939e-06, 2.08038204619e-06, 1.88279227586e-06, 1.62112326052e-06],
        "dvar": [2.22562448471e-06, 3.42090934282e-05, 7.57670068197e-06, 3.28247466541e-07, 3.98324360162e-08, 3.6142903781e-08, 2.95921349647e-08, 2.71765365767e-08, 1.11677785242e-07, 8.46113010766e-08, 3.66083270364e-08, 3.76841953198e-08, 1.57805377654e-08, 1.11360902721e-08, 1.67484817126e-08, 6.18922602058e-09, 1.15293827818e-08, 1.93644051905e-08, 7.18223391871e-09, 6.98676982935e-09, 2.01092897889e-09, 6.76400602195e-10, 2.81941719971e-10, 1.13106260469e-10, 1.4934069259e-10, 1.29313323938e-10, 3.13181321154e-11, 2.14123649367e-11, 2.81921951062e-11, 2.85698166513e-11, 2.86851185166e-11, 4.1427149905e-11, 2.20928692007e-11, 1.6901426439e-11, 2.6037443035e-11, 2.01318024751e-11, 1.5091360453e-11, 1.62853897034e-11, 1.66628065512e-11, 1.08943427196e-11],
        "dvar2": [5.53280642634e-06, 9.41979160416e-05, 2.0988883989e-05, 8.97451855053e-07, 9.56814787401e-08, 7.7512090968e-08, 6.02781824455e-08, 6.93762771675e-08, 3.00293152122e-07, 2.02077444555e-07, 7.43237578149e-08, 7.3861826877e-08, 3.68539296858e-08, 2.69930833241e-08, 3.77579674193e-08, 1.28894530604e-08, 2.47826292821e-08, 4.42387282362e-08, 1.72891638783e-08, 1.30950015276e-08, 4.5726311626e-09, 1.69404978934e-09, 6.59022447724e-10, 2.78708917056e-10, 3.75094344474e-10, 3.62490870653e-10, 8.17554496324e-11, 5.36239351534e-11, 6.75581396381e-11, 6.2583604965e-11, 6.29520602313e-11, 1.06029629521e-10, 5.24692511661e-11, 3.40124386988e-11, 5.74510786167e-11, 5.07227489177e-11, 3.05422249991e-11, 3.42847000789e-11, 3.55857183998e-11, 2.74123380245e-11],
        "max": [0.0218492373824, 0.0458317399025, 0.0224901344627, 0.00454726116732, 0.00322589068674, 0.00248508388177, 0.00221717217937, 0.00250708684325, 0.00555043341592, 0.00435036094859, 0.00419220235199, 0.0034384415485, 0.00202182750218, 0.00186976417899, 0.00243821786717, 0.00156511226669, 0.00237208558246, 0.00222650030628, 0.00142802495975, 0.00192741141655, 0.000983758363873, 0.000474222819321, 0.000332818948664, 0.000125891412608, 0.000169679624378, 0.000124742728076, 6.82384998072e-05, 4.2649153329e-05, 6.82916652295e-05, 6.37231714791e-05, 7.09817613824e-05, 0.000103993246739, 5.64306974411e-05, 7.7723962022e-05, 0.000142748307553, 7.00445816619e-05, 6.66087798891e-05, 0.000104158083559, 8.8579574367e-05, 7.2536044172e-05],
        "mean": [0.00125267391559, 0.00386722595431, 0.00176826817915, 0.000400603050366, 0.000204236770514, 0.000198165012989, 0.00017540891713, 0.000137580704177, 0.000179160590051, 0.000262077606749, 0.000221197595238, 0.00016626692377, 0.000132155226311, 8.85080735316e-05, 0.000123943973449, 8.89238144737e-05, 8.59437786858e-05, 0.00010039312474, 5.56349295948e-05, 5.90187519265e-05, 4.16455404775e-05, 2.74667982012e-05, 2.23813549383e-05, 1.56741443789e-05, 1.54902445502e-05, 1.43517654578e-05, 8.64182493387e-06, 7.5543616731e-06, 7.23509128875e-06, 6.66114056003e-06, 6.28671068625e-06, 5.77719447392e-06, 4.75690785606e-06, 3.83317455999e-06, 3.72010299543e-06, 3.10092877953e-06, 3.01630507238e-06, 2.54146539191e-06, 2.20703896048e-06, 1.70682517364e-06],
        "median": [0.000450371124316, 0.00262328051031, 0.00096865213709, 0.000204915588256, 0.000100705146906, 7.50504987082e-05, 6.76826020936e-05, 6.41209844616e-05, 5.87232716498e-05, 0.00010687768372, 0.00011292014824, 6.1941529566e-05, 6.41108126729e-05, 4.75937449664e-05, 6.54544201097e-05, 4.84668526042e-05, 2.61434433924e-05, 3.29557260557e-05, 2.03099334612e-05, 2.40376557485e-05, 1.92999486899e-05, 1.58925540745e-05, 1.45770163726e-05, 1.16913797683e-05, 1.07478426798e-05, 9.16837871046e-06, 5.71783903069e-06, 5.03497676618e-06, 4.64671620648e-06, 2.9397074286e-06, 2.70119221568e-06, 2.37752965404e-06, 2.21798336497e-06, 1.61864409165e-06, 1.60075830991e-06, 1.43414843023e-06, 1.34313620492e-06, 1.02986257389e-06, 7.7608575566e-07, 5.72466376525e-07],
        "min": [1.59972235223e-23, 1.01979362434e-23, 1.20307835592e-23, 1.02378675935e-23, 1.44207118245e-23, 1.058182357e-23, 4.40035448174e-24, 2.17142917733e-24, 4.75756687128e-24, 8.46725351455e-24, 1.48655851988e-23, 8.73699503476e-24, 1.12607432974e-23, 8.77950201577e-24, 1.65228352325e-23, 1.26460130237e-23, 7.64366931886e-24, 1.79720673787e-23, 1.0745789098e-23, 5.0652561509e-24, 5.30590921409e-24, 1.24611142827e-23, 9.37631788906e-24, 1.18560406135e-23, 1.20731035802e-23, 7.92097759287e-24, 6.79639484133e-24, 8.54669575201e-24, 1.33221851486e-23, 1.14001815622e-23, 8.05818732556e-24, 6.86509437098e-24, 6.89580078172e-24, 1.22059761556e-23, 1.39820357414e-23, 1.27173039614e-23, 8.77871709917e-24, 1.19593009282e-23, 1.20208407563e-23, 8.33924347773e-24],
        "var": [3.75282934328e-06, 2.8442897019e-05, 6.33524223304e-06, 3.71153049628e-07, 1.10581339641e-07, 1.00742440168e-07, 8.20426890868e-08, 4.96827325946e-08, 1.26081204144e-07, 1.99632651743e-07, 1.08313038538e-07, 1.15344128915e-07, 4.29778808098e-08, 2.19111662147e-08, 3.64389904917e-08, 1.61306807911e-08, 3.0706189591e-08, 4.23845811781e-08, 1.53827244276e-08, 1.80944574879e-08, 5.97175420225e-09, 1.68968827818e-09, 7.37761407521e-10, 2.60415577991e-10, 3.1648406118e-10, 2.56313859026e-10, 8.30251076223e-11, 6.39179542627e-11, 7.11667391684e-11, 7.79937434081e-11, 7.99152202746e-11, 8.03791477821e-11, 5.03398954466e-11, 3.9380554373e-11, 4.46950185196e-11, 3.24343434055e-11, 3.15273571139e-11, 3.07224939933e-11, 2.91243036632e-11, 1.60653625819e-11]
    },
    "mfcc": {
        "mean": [-619.87878418, 110.450630188, -4.62257909775, 13.7603521347, 10.2923898697, 11.5844449997, 11.0315074921, 11.5189247131, 5.05019426346, 5.58369398117, -0.372768551111, -0.31759005785, -4.7870850563],
        "cov": [[7488.5859375, -872.844543457, 205.024871826, 10.4530277252, -127.098373413, 89.6346588135, -280.872406006, -48.6207580566, 89.0500335693, 62.8935241699, 67.509979248, -6.27368736267, 100.491210938], [-872.844543457, 963.182067871, -300.872161865, -6.24479055405, 37.135684967, -115.839790344, 168.322814941, 15.5005464554, -26.406036377, 37.1318511963, -26.9132537842, 48.1546554565, 8.02501106262], [205.024871826, -300.872161865, 357.394622803, -31.4165039062, -25.3829669952, -1.73699963093, -74.4298400879, 14.1560535431, -7.00565338135, -50.0806694031, 20.5900363922, -22.8560295105, 1.29009115696], [10.4530277252, -6.24479055405, -31.4165039062, 164.139953613, 19.0704288483, 12.4264717102, -11.5845689774, 3.38130354881, 18.6521968842, -11.0976142883, -12.4105319977, 4.18674850464, 9.06099224091], [-127.098373413, 37.135684967, -25.3829669952, 19.0704288483, 155.226364136, -31.9954471588, 21.896276474, 3.87294602394, 10.112950325, 15.5120296478, -20.0154438019, 18.790719986, 11.0664682388], [89.6346588135, -115.839790344, -1.73699963093, 12.4264717102, -31.9954471588, 167.853652954, -11.8135757446, -7.37977647781, 13.2318487167, 11.7947492599, 33.0765914917, -19.2561740875, -6.33488988876], [-280.872406006, 168.322814941, -74.4298400879, -11.5845689774, 21.896276474, -11.8135757446, 156.502456665, 24.494342804, -21.2133712769, 25.0878047943, -10.3161687851, 20.460981369, -1.17311859131], [-48.6207580566, 15.5005464554, 14.1560535431, 3.38130354881, 3.87294602394, -7.37977647781, 24.494342804, 73.4781951904, 8.23763847351, 2.54033613205, 6.22932672501, 11.551943779, 6.25433588028], [89.0500335693, -26.406036377, -7.00565338135, 18.6521968842, 10.112950325, 13.2318487167, -21.2133712769, 8.23763847351, 92.9349975586, 22.6033821106, 15.8176879883, 4.52555799484, 1.39073848724], [62.8935241699, 37.1318511963, -50.0806694031, -11.0976142883, 15.5120296478, 11.7947492599, 25.0878047943, 2.54033613205, 22.6033821106, 104.058128357, 19.0886173248, 13.1290712357, 3.76318240166], [67.509979248, -26.9132537842, 20.5900363922, -12.4105319977, -20.0154438019, 33.0765914917, -10.3161687851, 6.22932672501, 15.8176879883, 19.0886173248, 76.1412506104, 16.3275489807, 7.60320329666], [-6.27368736267, 48.1546554565, -22.8560295105, 4.18674850464, 18.790719986, -19.2561740875, 20.460981369, 11.551943779, 4.52555799484, 13.1290712357, 16.3275489807, 63.9489898682, 25.5094642639], [100.491210938, 8.02501106262, 1.29009115696, 9.06099224091, 11.0664682388, -6.33488988876, -1.17311859131, 6.25433588028, 1.39073848724, 3.76318240166, 7.60320329666, 25.5094642639, 62.269367218]],
