{
"lowlevel": {
    "average_loudness": 0.943056046963,
    "barkbands_crest": {
        "dmean": 2.04342317581,
        "dmean2": 3.36291956902,
        "dvar": 3.62978744507,
        "dvar2": 9.94130897522,
        "max": 24.8811969757,
        "mean": 10.8363542557,
        "median": 10.1348142624,
        "min": 4.09753513336,
        "var": 12.8679380417
    },
    "barkbands_flatness_db": {
        "dmean": 0.020523391664,
        "dmean2": 0.0320187918842,
        "dvar": 0.000338515994372,
        "dvar2": 0.000741723284591,
        "max": 0.402956932783,
        "mean": 0.287162691355,
        "median": 0.288030356169,
        "min": 0.127311944962,
        "var": 0.00191150791943
    },
    "barkbands_kurtosis": {
        "dmean": 3.04796004295,
        "dmean2": 4.90179395676,
        "dvar": 14.420422554,
        "dvar2": 34.9288139343,
        "max": 59.7909164429,
        "mean": 6.81539106369,
        "median": 5.49749183655,
        "min": -1.96162819862,
        "var": 48.5491065979
    },
    "barkbands_skewness": {
        "dmean": 0.477679908276,
        "dmean2": 0.753900051117,
        "dvar": 0.239179104567,
        "dvar2": 0.543134212494,
        "max": 6.16792869568,
        "mean": 1.77284443378,
        "median": 1.78651428223,
        "min": -1.88617897034,
        "var": 1.0479850769
    },
    "barkbands_spread": {
        "dmean": 2.02157020569,
        "dmean2": 2.98877096176,
        "dvar": 22.6725330353,
        "dvar2": 40.8845329285,
        "max": 94.2531356812,
        "mean": 8.43702983856,
        "median": 5.6103758812,
        "min": 1.04444766045,
        "var": 106.199676514
    },
    "dissonance": {
        "dmean": 0.0355274155736,
        "dmean2": 0.0602189935744,
        "dvar": 0.0010374764679,
        "dvar2": 0.00285390904173,
        "max": 0.499064862728,
        "mean": 0.408714085817,
        "median": 0.413977116346,
        "min": 0.170818522573,
        "var": 0.00234609213658
    },
    "dynamic_complexity": 2.53869390488,
    "erbbands_crest": {
        "dmean": 2.29487395287,
        "dmean2": 3.63903331757,
        "dvar": 5.71381425858,
        "dvar2": 14.0106143951,
        "max": 30.4859981537,
        "mean": 11.5306158066,
        "median": 10.3432540894,
        "min": 3.9972243309,
        "var": 24.5452213287
    },
    "erbbands_flatness_db": {
        "dmean": 0.0152146136388,
        "dmean2": 0.0217859465629,
        "dvar": 0.000296371727018,
        "dvar2": 0.000586537295021,
        "max": 0.399810135365,
        "mean": 0.26422187686,
        "median": 0.265286535025,
        "min": 0.103202857077,
        "var": 0.00177044188604
    },
    "erbbands_kurtosis": {
        "dmean": 1.45186138153,
        "dmean2": 2.26289558411,
        "dvar": 4.23950004578,
        "dvar2": 9.86662769318,
        "max": 31.8723258972,
        "mean": 2.50945520401,
        "median": 1.30041265488,
        "min": -1.82704496384,
        "var": 15.9303197861
    },
    "erbbands_skewness": {
        "dmean": 0.352369368076,
        "dmean2": 0.50948882103,
        "dvar": 0.160827606916,
        "dvar2": 0.290443450212,
        "max": 4.04777240753,
        "mean": 0.543124973774,
        "median": 0.711693823338,
        "min": -3.65743994713,
        "var": 1.48992466927
    },
    "erbbands_spread": {
        "dmean": 4.78026866913,
        "dmean2": 7.21021223068,
        "dvar": 64.2177047729,
        "dvar2": 132.257522583,
        "max": 149.184707642,
        "mean": 20.9870815277,
        "median": 17.6967315674,
        "min": 2.94824838638,
        "var": 259.888427734
    },
    "hfc": {
        "dmean": 2.98463559151,
        "dmean2": 4.32148742676,
        "dvar": 44.0350837708,
        "dvar2": 87.1618347168,
        "max": 103.237365723,
        "mean": 11.2531099319,
        "median": 6.94129657745,
        "min": 0.000134095709655,
        "var": 173.487640381
    },
    "melbands_crest": {
        "dmean": 2.41610598564,
        "dmean2": 4.04497766495,
        "dvar": 5.24036645889,
        "dvar2": 14.6696586609,
        "max": 29.1856708527,
        "mean": 13.7907810211,
        "median": 13.4439334869,
        "min": 5.71145343781,
        "var": 11.2690963745
    },
    "melbands_flatness_db": {
        "dmean": 0.0225648470223,
        "dmean2": 0.0337057337165,
        "dvar": 0.000432858389104,
        "dvar2": 0.000899766921066,
        "max": 0.507928609848,
        "mean": 0.362263828516,
        "median": 0.365419685841,
        "min": 0.094184294343,
        "var": 0.00334660382941
    },
    "melbands_kurtosis": {
        "dmean": 5.17062807083,
        "dmean2": 8.30327987671,
        "dvar": 50.6467399597,
        "dvar2": 120.479316711,
        "max": 89.5070266724,
        "mean": 11.8261585236,
        "median": 9.59239673615,
        "min": -1.80664002895,
        "var": 135.240020752
    },
    "melbands_skewness": {
        "dmean": 0.575323045254,
        "dmean2": 0.907624959946,
        "dvar": 0.351767778397,
        "dvar2": 0.7912748456,
        "max": 7.73296308517,
        "mean": 2.36986541748,
        "median": 2.25142788887,
        "min": -1.41609740257,
        "var": 1.38431143761
    },
    "melbands_spread": {
        "dmean": 2.78897190094,
        "dmean2": 4.04340267181,
        "dvar": 84.4882507324,
        "dvar2": 126.638053894,
        "max": 222.288970947,
        "mean": 9.86083984375,
        "median": 5.9369635582,
        "min": 1.22143101692,
        "var": 264.83291626
    },
    "pitch_salience": {
        "dmean": 0.0586253143847,
        "dmean2": 0.0947368294001,
        "dvar": 0.00264470675029,
        "dvar2": 0.00715469103307,
        "max": 0.8173635602,
        "mean": 0.527957737446,
        "median": 0.526516199112,
        "min": 0.223419085145,
        "var": 0.00849146489054
    },
    "silence_rate_20dB": {
        "dmean": 0,
        "dmean2": 0,
        "dvar": 0,
        "dvar2": 0,
        "max": 1,
        "mean": 1,
        "median": 1,
        "min": 1,
        "var": 0
    },
    "silence_rate_30dB": {
        "dmean": 0.00155038759112,
        "dmean2": 0.00310318078846,
        "dvar": 0.00154798070434,
        "dvar2": 0.00309353554621,
        "max": 1,
        "mean": 0.998450815678,
        "median": 1,
        "min": 0,
        "var": 0.00154678407125
    },
    "silence_rate_60dB": {
        "dmean": 0.00465116277337,
        "dmean2": 0.00930954236537,
        "dvar": 0.0046295048669,
        "dvar2": 0.0107745779678,
        "max": 1,
        "mean": 0.0255615804344,
        "median": 0,
        "min": 0,
        "var": 0.0249083917588
    },
    "spectral_centroid": {
        "dmean": 87.289680481,
        "dmean2": 129.268295288,
        "dvar": 47409.203125,
        "dvar2": 78677.6875,
        "max": 4375.90917969,
        "mean": 495.841400146,
        "median": 387.796447754,
        "min": 210.010238647,
        "var": 168989.625
    },
    "spectral_complexity": {
        "dmean": 1.55813956261,
        "dmean2": 2.4491853714,
        "dvar": 2.33034205437,
        "dvar2": 5.06974077225,
        "max": 27,
        "mean": 10.0728120804,
        "median": 10,
        "min": 0,
        "var": 9.33010387421
    },
    "spectral_decrease": {
        "dmean": 2.11101158776e-09,
        "dmean2": 3.23474269592e-09,
        "dvar": 7.77210466313e-18,
        "dvar2": 1.75628013361e-17,
        "max": -1.59936002159e-13,
        "mean": -7.94818966199e-09,
        "median": -6.94442814364e-09,
        "min": -3.26853459853e-08,
        "var": 2.67514941573e-17
    },
    "spectral_energy": {
        "dmean": 0.00816499255598,
        "dmean2": 0.0124995047227,
        "dvar": 0.000116794064525,
        "dvar2": 0.000264153524768,
        "max": 0.126333728433,
        "mean": 0.0310189463198,
        "median": 0.0270475521684,
        "min": 6.15796011516e-07,
        "var": 0.000407412211644
    },
    "spectral_energyband_high": {
        "dmean": 0.000104461425508,
        "dmean2": 0.000144510428072,
        "dvar": 4.98673671245e-07,
        "dvar2": 9.10176879643e-07,
        "max": 0.0132387150079,
        "mean": 0.000211989026866,
        "median": 5.85411544307e-06,
        "min": 1.06873829231e-10,
        "var": 1.58725413257e-06
    },
    "spectral_energyband_low": {
        "dmean": 0.00429418869317,
        "dmean2": 0.00695764087141,
        "dvar": 3.13267664751e-05,
        "dvar2": 7.81899216236e-05,
        "max": 0.0763976573944,
        "mean": 0.0129300625995,
        "median": 0.0116180162877,
        "min": 1.34481865643e-07,
        "var": 8.72674354468e-05
    },
    "spectral_energyband_middle_high": {
        "dmean": 0.00102646881714,
        "dmean2": 0.00143458007369,
        "dvar": 1.78681821126e-05,
        "dvar2": 3.90905333916e-05,
        "max": 0.0831875577569,
        "mean": 0.00331127946265,
        "median": 0.000804643961601,
        "min": 6.79645140167e-09,
        "var": 6.20372011326e-05
    },
    "spectral_energyband_middle_low": {
        "dmean": 0.00571215711534,
        "dmean2": 0.00869107339531,
        "dvar": 7.57510788389e-05,
        "dvar2": 0.000174806831637,
        "max": 0.0993389338255,
        "mean": 0.0169552415609,
        "median": 0.0117699587718,
        "min": 4.79531593101e-07,
        "var": 0.000229577519349
    },
    "spectral_entropy": {
        "dmean": 0.171881332994,
        "dmean2": 0.246933922172,
        "dvar": 0.0335238836706,
        "dvar2": 0.0573430620134,
        "max": 8.42498397827,
        "mean": 6.29704809189,
        "median": 6.27152681351,
        "min": 4.97775363922,
        "var": 0.237127676606
    },
    "spectral_flux": {
        "dmean": 0.0211571063846,
        "dmean2": 0.0342833809555,
        "dvar": 0.000660191930365,
        "dvar2": 0.00166185479611,
        "max": 0.264713615179,
        "mean": 0.0641671493649,
        "median": 0.054185256362,
        "min": 0.00078472669702,
        "var": 0.00137345225085
    },
    "spectral_kurtosis": {
        "dmean": 8.67725944519,
        "dmean2": 14.8857355118,
        "dvar": 63.6027297974,
        "dvar2": 178.126190186,
        "max": 83.1463928223,
        "mean": 19.3258476257,
        "median": 16.4943294525,
        "min": -1.54111504555,
        "var": 165.940979004
    },
    "spectral_rms": {
        "dmean": 0.000700628152117,
        "dmean2": 0.0010670053307,
        "dvar": 6.0125194068e-07,
        "dvar2": 1.30794899178e-06,
        "max": 0.0111019108444,
        "mean": 0.00521377567202,
        "median": 0.00513691129163,
        "min": 2.45107439696e-05,
        "var": 3.07895425067e-06
    },
    "spectral_rolloff": {
        "dmean": 142.669723511,
        "dmean2": 228.478927612,
        "dvar": 260010.890625,
        "dvar2": 413963.9375,
        "max": 9517.67578125,
        "mean": 634.838500977,
        "median": 387.59765625,
        "min": 129.19921875,
        "var": 1051781.875
    },
    "spectral_skewness": {
        "dmean": 0.610031187534,
        "dmean2": 1.01116073132,
        "dvar": 0.263210564852,
        "dvar2": 0.712395429611,
        "max": 7.12020969391,
        "mean": 3.13256144524,
        "median": 3.05150055885,
        "min": -0.442775011063,
        "var": 1.14947235584
    },
    "spectral_spread": {
        "dmean": 380556.78125,
        "dmean2": 540391.25,
        "dvar": 457922478080,
        "dvar2": 501750890496,
        "max": 21496322,
        "mean": 2289981.75,
        "median": 1869243.375,
        "min": 836885.375,
        "var": 2.50324556186e+12
    },
    "spectral_strongpeak": {
        "dmean": 0.444676607847,
        "dmean2": 0.729950964451,
        "dvar": 0.756936252117,
        "dvar2": 1.70978820324,
        "max": 18.9005069733,
        "mean": 0.942048668861,
        "median": 0.485863566399,
        "min": 0,
        "var": 1.8619954586
    },
    "zerocrossingrate": {
        "dmean": 0.00420073280111,
        "dmean2": 0.00474871508777,
        "dvar": 0.000118723371997,
        "dvar2": 7.71419654484e-05,
        "max": 0.33837890625,
        "mean": 0.0236837211996,
        "median": 0.017578125,
        "min": 0.0048828125,
        "var": 0.000807164004073
    },
    "barkbands": {
        "dmean": [0.000204508047318, 0.00203789095394, 0.00206636195071, 0.00221935193986, 0.00354936951771, 0.000744532211684, 0.000685981067363, 0.000567883311305, 0.000260777655058, 0.000423516466981, 0.000549699238036, 0.000205619595363, 0.000156109425006, 4.98063163832e-05, 3.92876318074e-05, 3.02252938127e-05, 2.56285475189e-05, 2.45234969043e-05, 7.26717053112e-06, 2.78830666502e-05, 1.53761848196e-05, 2.741534081e-05, 2.78076713585e-05, 3.21688967233e-05, 1.52581469592e-05, 1.22684093995e-08, 7.03116675993e-10],
        "dmean2": [0.000356099451892, 0.0035044811666, 0.0032421790529, 0.00382611621171, 0.00526687595993, 0.00112031062599, 0.00100495212246, 0.000858057988808, 0.000394366390537, 0.000589479925111, 0.00080797955161, 0.000260217726463, 0.000219723733608, 7.59512913646e-05, 5.64788388147e-05, 4.46633130196e-05, 3.81192403438e-05, 3.53933428414e-05, 1.10763985504e-05, 4.78228357679e-05, 2.12860122701e-05, 4.06655126426e-05, 3.57108547178e-05, 4.13304696849e-05, 2.07867160498e-05, 1.72508727303e-08, 1.23761845217e-09],
        "dvar": [1.27875796352e-06, 9.37501226872e-06, 6.81246092427e-06, 9.06698187464e-06, 4.35491856479e-05, 2.22039943765e-06, 4.25718098995e-06, 3.39548182637e-06, 2.99177855823e-07, 1.78702532594e-06, 1.00651832327e-05, 2.33704145103e-06, 6.56425868328e-07, 2.2097428598e-07, 1.62089683897e-08, 3.54477940334e-08, 8.19326650969e-09, 1.70018985557e-08, 7.37887084767e-10, 5.63860034219e-08, 1.44061758078e-08, 4.07569018535e-08, 4.21657873062e-08, 5.34234096961e-08, 1.16254552651e-08, 6.75948470238e-15, 1.45412085794e-18],
        "dvar2": [3.51705921275e-06, 2.56966413872e-05, 1.63901495398e-05, 2.39400469582e-05, 9.97610550257e-05, 4.75529031974e-06, 7.79580022936e-06, 8.36588969833e-06, 6.73521299177e-07, 3.0607836834e-06, 2.79978521576e-05, 3.41247459801e-06, 1.20986112506e-06, 3.8053605067e-07, 2.0732942474e-08, 6.22191365096e-08, 1.84113932988e-08, 3.3443040337e-08, 1.80162873509e-09, 1.56840670229e-07, 2.72323887884e-08, 9.72958105194e-08, 7.27211784124e-08, 7.81824880391e-08, 2.04602894627e-08, 1.205622482e-14, 3.13132116014e-18],
        "max": [0.0190110169351, 0.0356492809951, 0.0425777807832, 0.0355044230819, 0.0787921696901, 0.0343143716455, 0.0636796876788, 0.040391780436, 0.0113391578197, 0.0239803306758, 0.0603683926165, 0.0502071380615, 0.0242668595165, 0.0169613230973, 0.00556599954143, 0.00489953858778, 0.00213532708585, 0.0030235145241, 0.000494026578963, 0.00499818800017, 0.00266980309971, 0.00367813231423, 0.00511722266674, 0.00564916711301, 0.00264397193678, 2.26279189519e-06, 2.73816667118e-08],
        "mean": [0.000311001407681, 0.00505467364565, 0.0054201525636, 0.0039178240113, 0.00777945015579, 0.00180380535312, 0.00129147525877, 0.00111270253547, 0.000526263844222, 0.00117270299233, 0.00122987665236, 0.000430842046626, 0.000354979129042, 0.000138191375299, 9.92335408228e-05, 4.80600319861e-05, 4.82892282889e-05, 4.62866482849e-05, 1.21564444271e-05, 2.80300246231e-05, 2.13509101741e-05, 3.27791713062e-05, 4.84520678583e-05, 6.76448107697e-05, 2.27509972319e-05, 1.60094622004e-08, 6.00086591529e-10],
        "median": [3.11066942231e-05, 0.00352713372558, 0.00380968954414, 0.00290712527931, 0.00340214255266, 0.000716966285836, 0.000490192498546, 0.000381538644433, 0.000255313934758, 0.00021873760852, 9.68624008237e-05, 5.8453038946e-05, 6.13287702436e-05, 2.09239115065e-05, 2.96142188745e-05, 1.00124871096e-05, 1.58761158673e-05, 7.56433155402e-06, 4.60367573396e-06, 3.27635689246e-06, 2.02484648071e-06, 1.02519607026e-06, 5.20946798588e-07, 2.96363197094e-07, 4.19087378134e-08, 3.49585360659e-10, 2.1314976173e-10],
        "min": [8.28804935793e-09, 1.09999476194e-07, 1.18335297117e-08, 8.75596981587e-08, 3.04180190369e-07, 3.90852363807e-08, 2.78098362116e-08, 1.34923112682e-08, 5.18433740382e-09, 5.35965494208e-09, 1.95608099163e-10, 1.23135501795e-09, 2.10070544293e-10, 1.33161009996e-10, 5.91869747657e-11, 9.62986135278e-10, 3.55323756529e-11, 4.22741321116e-11, 1.27128004304e-11, 1.85454741841e-11, 1.85360997385e-11, 1.56661732198e-11, 8.61883307779e-12, 1.98766558768e-11, 1.46254553607e-11, 1.05529855687e-11, 1.29670831364e-11],
        "var": [1.03923264305e-06, 2.47921852861e-05, 2.42594105657e-05, 1.4012101019e-05, 0.000124293452245, 7.71190661908e-06, 1.39129178933e-05, 7.97262237029e-06, 8.44205658268e-07, 8.94916774996e-06, 1.98261586775e-05, 6.42135864837e-06, 2.22829908125e-06, 9.26708253246e-07, 1.45106824334e-07, 7.89272078805e-08, 2.42763249503e-08, 4.2861675098e-08, 1.14916642868e-09, 4.76873154298e-08, 2.82866494672e-08, 5.26827292902e-08, 1.14772298332e-07, 2.15902289824e-07, 2.55991547959e-08, 1.37286973036e-14, 1.40691324679e-18]
    },
    "erbbands": {
        "dmean": [0.0504663437605, 0.503511309624, 1.69019401073, 5.76020765305, 8.57524204254, 12.4198484421, 12.2565565109, 5.80742740631, 9.14140796661, 12.9257917404, 7.85599994659, 6.76738739014, 11.0155754089, 10.1773395538, 25.2396392822, 7.05087137222, 7.59586763382, 3.21522426605, 1.87414169312, 1.96896958351, 1.22001898289, 1.06557404995, 1.47174835205, 0.56113910675, 0.413202524185, 1.3375556469, 0.75760269165, 0.724181830883, 0.83689391613, 1.2732180357, 0.689536273479, 0.69942522049, 0.518967568874, 0.300332129002, 0.0222468879074, 0.000978228636086, 4.81161659991e-05, 6.15621183897e-06, 4.74364469483e-06, 9.24078722164e-06],
        "dmean2": [0.0867338478565, 0.874696314335, 2.62526392937, 9.44985580444, 14.2204561234, 18.2940864563, 18.0929012299, 8.90608215332, 13.1321840286, 19.8102664948, 12.2292728424, 10.0785102844, 15.9460077286, 14.0321655273, 37.7367782593, 9.74316310883, 10.4222373962, 4.65752029419, 2.52802419662, 3.004966259, 1.81821656227, 1.56092023849, 1.99707150459, 0.836328804493, 0.646415829659, 2.28662800789, 1.21586155891, 1.01116526127, 1.22084069252, 1.8623496294, 0.932248353958, 1.01134085655, 0.657705783844, 0.396921575069, 0.0332061909139, 0.00145299534779, 6.7507091444e-05, 8.24723611004e-06, 7.01855879015e-06, 1.41441250889e-05],
        "dvar": [0.00959450006485, 0.490753173828, 4.19765138626, 53.1273727417, 425.645385742, 571.471740723, 837.346313477, 80.6787033081, 643.22265625, 1093.36022949, 1629.51147461, 179.426498413, 1853.00683594, 1106.31738281, 24343.1640625, 1578.97106934, 1365.16821289, 672.72088623, 64.3122787476, 48.0906867981, 35.9767341614, 13.7672386169, 53.1716461182, 5.0599527359, 5.29999828339, 128.25227356, 41.4702186584, 33.6702232361, 38.612323761, 80.186416626, 24.0907497406, 32.5645027161, 12.3710403442, 4.0133972168, 0.0304325819016, 5.66180242458e-05, 1.10503322048e-07, 1.5274563836e-09, 8.60457469165e-11, 1.46511483501e-10],
        "dvar2": [0.0237340405583, 1.42356801033, 9.80321884155, 147.399856567, 1084.19506836, 1125.71582031, 2069.60327148, 187.208221436, 1012.27105713, 2566.19726562, 4377.32666016, 394.04296875, 3492.17919922, 1844.89782715, 65458.046875, 2662.07861328, 2379.02783203, 1166.67260742, 79.1832962036, 85.3697509766, 76.4610900879, 25.390247345, 103.805000305, 9.39645195007, 12.0435256958, 363.181884766, 95.3546447754, 78.1049728394, 87.553604126, 188.245925903, 35.2998390198, 56.8852653503, 16.152305603, 6.77796792984, 0.0568488202989, 0.000103967089672, 1.81994025183e-07, 2.30490271313e-09, 1.46411896496e-10, 3.28724270027e-10],
        "max": [1.2986433506, 7.45732212067, 28.4182395935, 106.284286499, 276.334899902, 316.686096191, 479.426055908, 149.139099121, 968.39050293, 683.348693848, 1145.18688965, 324.319580078, 818.227722168, 943.469787598, 3014.39648438, 1409.61804199, 1053.48388672, 896.780212402, 340.955169678, 150.025177002, 138.079162598, 112.210510254, 187.574645996, 61.1570358276, 47.4739723206, 233.559753418, 133.429840088, 123.229904175, 134.321472168, 171.196060181, 136.115463257, 130.920608521, 107.34412384, 51.2958450317, 4.11705160141, 0.173291817307, 0.00806712172925, 0.000989900436252, 0.000217057953705, 0.000139710056828],
        "mean": [0.148364186287, 1.1478894949, 4.42270040512, 12.1468772888, 13.2605571747, 28.946313858, 29.8846912384, 15.0449237823, 19.2034702301, 25.1429405212, 14.946890831, 14.6740264893, 29.0049858093, 30.1851787567, 60.2732009888, 19.8920459747, 17.8840885162, 9.26346492767, 5.59472751617, 4.09742116928, 2.16013050079, 2.27659535408, 2.98176407814, 1.09411180019, 0.631997644901, 1.34793531895, 1.02719402313, 0.846867740154, 0.962845146656, 1.80946135521, 1.20752382278, 1.37371611595, 1.06781506538, 0.464432626963, 0.0323295965791, 0.00146107550245, 8.68885254022e-05, 1.21208968267e-05, 1.68539590959e-05, 3.52554998244e-05],
        "median": [0.0951984301209, 0.889772474766, 3.36421608925, 8.7011346817, 7.65354442596, 10.8590984344, 12.8738851547, 7.85515213013, 7.56229782104, 10.9737138748, 5.88263511658, 7.17339372635, 6.22810697556, 5.52964162827, 4.72585821152, 3.53877353668, 3.34853649139, 1.53038823605, 0.973601102829, 1.40933823586, 0.723347127438, 0.762708365917, 0.625428318977, 0.356202155352, 0.170184791088, 0.160347253084, 0.0864033326507, 0.0690657421947, 0.0402768030763, 0.025920195505, 0.0139437094331, 0.00791094172746, 0.00446097599342, 0.00111235829536, 5.30427059857e-05, 1.75422064785e-05, 9.25891708903e-06, 1.39274504818e-06, 1.29808804559e-05, 3.04458899336e-05],
        "min": [3.46669298779e-06, 2.08942510653e-05, 1.80697297765e-05, 0.000121663091704, 0.00114905717783, 0.000668874476105, 0.00026411464205, 0.000367235217709, 0.000528098666109, 0.000346879387507, 0.000142886099638, 9.26954671741e-05, 0.000184066782822, 0.000117115705507, 1.65394321812e-05, 5.5915897974e-05, 1.42650305861e-05, 8.04730279924e-06, 4.04128331866e-06, 2.75300517387e-05, 2.96085108857e-05, 2.76724176729e-06, 2.43285126089e-06, 1.36816800023e-06, 5.74171451717e-07, 8.90004344001e-07, 7.67595338402e-07, 7.87992064488e-07, 6.00443797794e-07, 3.47166889014e-07, 3.05205730911e-07, 4.24883012329e-07, 2.67166456069e-07, 1.60078087674e-07, 1.13535485013e-07, 4.10630498493e-08, 2.13106421398e-08, 6.57967591522e-09, 2.10515227472e-09, 8.54445347809e-10],
        "var": [0.0274706110358, 1.09293520451, 13.1681575775, 115.296012878, 454.412231445, 2181.41210938, 2516.85473633, 343.837005615, 2847.49194336, 3103.41894531, 2076.43652344, 595.901550293, 7217.53076172, 7365.61572266, 53911.859375, 6650.22851562, 4940.03076172, 2773.15917969, 580.402282715, 137.654190063, 68.8589019775, 62.0513725281, 160.759643555, 12.4627017975, 6.88810443878, 104.601676941, 65.7300262451, 47.3464698792, 51.1533889771, 146.75617981, 70.760925293, 94.0910415649, 55.0046043396, 10.0765542984, 0.058211132884, 0.000113203648652, 2.83385645616e-07, 4.81292827814e-09, 3.25647175892e-10, 5.31425625727e-10]
    },
    "gfcc": {
        "mean": [-103.960365295, 202.46937561, -111.49962616, 28.7833251953, -52.5159835815, 4.53098201752, -19.9297504425, -15.9241514206, -4.59722757339, -27.3896808624, 5.171854496, -18.1568965912, 3.45540499687],
        "cov": [[3189.03735352, -864.410461426, -148.928985596, 245.884078979, -335.530944824, 303.039306641, -129.714492798, 260.310394287, -180.549468994, -9.34664058685, 56.1714820862, -27.5229263306, 35.6338195801], [-864.410461426, 1276.0234375, -178.295196533, -380.846160889, 542.816894531, -247.040481567, 402.3097229, -211.906738281, 199.870956421, -57.8540534973, 31.6042327881, 49.7279891968, -2.65384459496], [-148.928985596, -178.295196533, 476.884979248, 120.815658569, -121.590827942, 23.2732486725, -125.802436829, 30.3066310883, -23.0336666107, 48.558467865, -13.1329956055, 14.3371152878, 43.4651374817], [245.884078979, -380.846160889, 120.815658569, 319.308074951, -132.725860596, 48.3673286438, -116.957145691, 54.7500839233, 7.36564445496, 34.5456733704, -12.930850029, -21.788640976, 7.28705692291], [-335.530944824, 542.816894531, -121.590827942, -132.725860596, 413.280731201, -55.7703323364, 190.86505127, -57.5931739807, 93.1347198486, -6.13042163849, -6.67665100098, 10.3734426498, -15.3991718292], [303.039306641, -247.040481567, 23.2732486725, 48.3673286438, -55.7703323364, 301.993865967, 63.4875679016, 32.9529457092, -22.6286067963, -16.2369194031, 39.077671051, 45.8875236511, -10.7752904892], [-129.714492798, 402.3097229, -125.802436829, -116.957145691, 190.86505127, 63.4875679016, 348.420593262, -62.2238693237, 63.4217529297, -60.6778411865, 22.7795982361, 84.3199157715, -9.39258766174], [260.310394287, -211.906738281, 30.3066310883, 54.7500839233, -57.5931739807, 32.9529457092, -62.2238693237, 206.409454346, -28.3423938751, 12.6537218094, -2.2674703598, -24.6211261749, 33.8030166626], [-180.549468994, 199.870956421, -23.0336666107, 7.36564445496, 93.1347198486, -22.6286067963, 63.4217529297, -28.3423938751, 141.873931885, 11.3400878906, -17.2223434448, 6.97809553146, -4.46210384369], [-9.34664058685, -57.8540534973, 48.558467865, 34.5456733704, -6.13042163849, -16.2369194031, -60.6778411865, 12.6537218094, 11.3400878906, 77.239944458, 1.95282924175, -21.1650772095, 5.69417762756], [56.1714820862, 31.6042327881, -13.1329956055, -12.930850029, -6.67665100098, 39.077671051, 22.7795982361, -2.2674703598, -17.2223434448, 1.95282924175, 87.7956008911, 36.4628982544, -3.29658007622], [-27.5229263306, 49.7279891968, 14.3371152878, -21.788640976, 10.3734426498, 45.8875236511, 84.3199157715, -24.6211261749, 6.97809553146, -21.1650772095, 36.4628982544, 128.08732605, 38.0009994507], [35.6338195801, -2.65384459496, 43.4651374817, 7.28705692291, -15.3991718292, -10.7752904892, -9.39258766174, 33.8030166626, -4.46210384369, 5.69417762756, -3.29658007622, 38.0009994507, 93.3294067383]],
        "icov": [[0.000460967479739, 0.00011728919344, 0.000309589260723, -0.000221212947508, 0.000116632894787, -0.000275075697573, -8.60908621689e-05, -0.000286585505819, 0.000296343612717, 1.9825714844e-05, -0.000217426859308, 0.000208991448744, -0.000296771089779], [0.00011728919344, 0.0166605357081, -0.00402371631935, 0.0100021911785, -0.0102501716465, 0.0114177409559, -0.0100386431441, 0.00705632893369, -0.0132712665945, 0.00852524675429, -0.0151833398268, 0.00919714290649, -0.00785287935287], [0.000309589260723, -0.00402371631935, 0.00394878489897, -0.0032037012279, 0.00287464610301, -0.00326908146963, 0.00302973389626, -0.00177395017818, 0.00372797902673, -0.00337807484902, 0.00431835604832, -0.0030422245618, 0.000998378265649], [-0.000221212947508, 0.0100021911785, -0.0032037012279, 0.0106374174356, -0.0052724913694, 0.00626092916355, -0.0051330528222, 0.00384230772033, -0.00972829200327, 0.00443591037765, -0.00859329476953, 0.00552857946604, -0.00431535672396], [0.000116632894787, -0.0102501716465, 0.00287464610301, -0.0052724913694, 0.010634326376, -0.00645007332787, 0.0040062777698, -0.00441168155521, 0.00671132514253, -0.00664962781593, 0.00943854637444, -0.00481608975679, 0.0047688446939], [-0.000275075697573, 0.0114177409559, -0.00326908146963, 0.00626092916355, -0.00645007332787, 0.0125290304422, -0.00834449660033, 0.00409679813311, -0.00872594397515, 0.00589242996648, -0.0113726621494, 0.00504040298983, -0.0037087132223], [-8.60908621689e-05, -0.0100386431441, 0.00302973389626, -0.0051330528222, 0.0040062777698, -0.00834449660033, 0.0125629361719, -0.00383766554296, 0.00627948855981, -0.00193652114831, 0.00901674386114, -0.00847016368061, 0.00527477543801], [-0.000286585505819, 0.00705632893369, -0.00177395017818, 0.00384230772033, -0.00441168155521, 0.00409679813311, -0.00383766554296, 0.00938279461116, -0.0052687516436, 0.00366273219697, -0.00681881885976, 0.00599046703428, -0.0063586444594], [0.000296343612717, -0.0132712665945, 0.00372797902673, -0.00972829200327, 0.00671132514253, -0.00872594397515, 0.00627948855981, -0.0052687516436, 0.0206648167223, -0.00949904788285, 0.0142178237438, -0.00810395367444, 0.00654246890917], [1.9825714844e-05, 0.00852524675429, -0.00337807484902, 0.00443591037765, -0.00664962781593, 0.00589242996648, -0.00193652114831, 0.00366273219697, -0.00949904788285, 0.022125756368, -0.011024678126, 0.00720851682127, -0.0056052301079], [-0.000217426859308, -0.0151833398268, 0.00431835604832, -0.00859329476953, 0.00943854637444, -0.0113726621494, 0.00901674386114, -0.00681881885976, 0.0142178237438, -0.011024678126, 0.0287574790418, -0.013753881678, 0.00990090053529], [0.000208991448744, 0.00919714290649, -0.0030422245618, 0.00552857946604, -0.00481608975679, 0.00504040298983, -0.00847016368061, 0.00599046703428, -0.00810395367444, 0.00720851682127, -0.013753881678, 0.0198193453252, -0.0114508746192], [-0.000296771089779, -0.00785287935287, 0.000998378265649, -0.00431535672396, 0.0047688446939, -0.0037087132223, 0.00527477543801, -0.0063586444594, 0.00654246890917, -0.0056052301079, 0.00990090053529, -0.0114508746192, 0.0193362366408]]
    },
    "melbands": {
        "dmean": [0.000512079626787, 0.00076673575677, 0.00100699951872, 0.000660882506054, 0.000530098332092, 0.000131545981276, 0.000139094539918, 0.000142602060805, 5.86620881222e-05, 4.15486720158e-05, 5.57721687073e-05, 4.17542614741e-05, 7.90098056314e-05, 3.29943068209e-05, 1.56121132022e-05, 1.40464089782e-05, 5.74828663957e-06, 2.98501527141e-06, 2.2372901185e-06, 3.21123047797e-06, 1.18509547065e-06, 1.06377740394e-06, 1.68847100213e-06, 1.30159401124e-06, 4.0762895992e-07, 2.48082812959e-07, 4.44285632284e-07, 1.07739606392e-06, 5.77673233693e-07, 3.74307091988e-07, 4.30591768463e-07, 4.10789425587e-07, 6.64881383727e-07, 7.46315492961e-07, 4.46462223636e-07, 4.13999458715e-07, 4.99280474742e-07, 4.16655581148e-07, 3.4454882325e-07, 2.24764349355e-07],
        "dmean2": [0.000878428458236, 0.00123218400404, 0.00167866249103, 0.00101612659637, 0.000762919546105, 0.000198672452825, 0.000199342248379, 0.000218178334762, 9.04586486286e-05, 6.20481441729e-05, 8.0857265857e-05, 5.60188454983e-05, 0.000118169293273, 4.90270285809e-05, 2.26467145694e-05, 1.89726706594e-05, 8.65293532115e-06, 4.09365929954e-06, 3.3671010442e-06, 4.73412956126e-06, 1.85619001059e-06, 1.5865343812e-06, 2.30548289437e-06, 1.78841298748e-06, 6.18997091806e-07, 3.77935748475e-07, 6.98481414929e-07, 1.87684406683e-06, 9.74573936219e-07, 5.1124015954e-07, 6.08162508797e-07, 6.21682204383e-07, 1.01749321857e-06, 1.04033631487e-06, 5.81130734645e-07, 6.54281166135e-07, 7.06653622728e-07, 5.25354892034e-07, 4.61607356783e-07, 3.1899384112e-07],
        "dvar": [7.67352787534e-07, 8.81073674464e-07, 2.10039752346e-06, 1.45618048464e-06, 1.37272002121e-06, 4.54496635882e-08, 1.60897727142e-07, 1.20595387898e-07, 9.99215927777e-08, 7.40702210678e-09, 4.64847325077e-08, 1.84586053109e-08, 2.2288681123e-07, 4.68737901826e-08, 3.60174046143e-09, 9.76732295044e-09, 3.23155102677e-09, 1.63489499716e-10, 4.71284226922e-11, 3.28238408676e-10, 2.16323833846e-11, 1.47378186044e-11, 5.38640243519e-11, 6.35583946584e-11, 2.01290069682e-12, 1.35456294618e-12, 7.28747791279e-12, 9.18447679021e-11, 2.81827061688e-11, 9.4080724114e-12, 1.17862490601e-11, 1.10256578173e-11, 2.59618784804e-11, 2.5731035358e-11, 8.39028152511e-12, 1.55501497096e-11, 1.41056142461e-11, 8.53577018095e-12, 5.84529169859e-12, 2.38162072529e-12],
        "dvar2": [1.98733096113e-06, 2.11702513297e-06, 5.50712320546e-06, 3.38402264788e-06, 3.19418131767e-06, 1.017106257e-07, 2.60471892943e-07, 2.81487729126e-07, 2.64616346612e-07, 1.59073429984e-08, 8.7303739349e-08, 2.87401658028e-08, 6.15686417405e-07, 9.17643561138e-08, 7.41811323479e-09, 1.86249824452e-08, 5.54176704526e-09, 2.12175776948e-10, 8.19321138712e-11, 5.44170153383e-10, 5.5494064205e-11, 3.16702150616e-11, 1.0087120722e-10, 1.35404465418e-10, 4.0884956011e-12, 3.43193962832e-12, 1.69629345292e-11, 2.63458782568e-10, 7.14726403062e-11, 2.12917981857e-11, 2.70024922561e-11, 2.59440125633e-11, 6.31599980649e-11, 5.71414165984e-11, 1.4751434449e-11, 3.17627139867e-11, 2.29662677764e-11, 1.11861674437e-11, 1.05665259528e-11, 4.34519694531e-12],
        "max": [0.0112332459539, 0.011577100493, 0.0199647881091, 0.0130593525246, 0.0168873742223, 0.00357684236951, 0.0147903058678, 0.00785031076521, 0.00932471826673, 0.00221221591346, 0.00397800421342, 0.00389721640386, 0.00941991899163, 0.0058157867752, 0.00146803748794, 0.00333901913837, 0.00205623684451, 0.000504193594679, 0.00021018042753, 0.000487886951305, 8.21645517135e-05, 8.86815250851e-05, 0.000222484624828, 0.000231648111367, 3.39773687301e-05, 2.26683405344e-05, 6.26232431387e-05, 0.000199411078938, 0.000121460579976, 6.64388644509e-05, 8.00830312073e-05, 8.44889509608e-05, 8.91746240086e-05, 0.00010229810141, 7.16435242794e-05, 9.8323187558e-05, 7.67538513173e-05, 9.24645428313e-05, 6.00291241426e-05, 3.72851718566e-05],
        "mean": [0.00138532277197, 0.00217531714588, 0.00217571784742, 0.00132654118352, 0.00132591219153, 0.000332000665367, 0.000284002337139, 0.00028115088935, 0.000106137798866, 9.02593237697e-05, 0.000143797849887, 0.000116506707855, 0.000181086026714, 8.80100633367e-05, 3.69094450434e-05, 3.13745149469e-05, 1.64886205312e-05, 8.52424727782e-06, 5.19718014402e-06, 5.74036084799e-06, 1.92498600882e-06, 2.11510382542e-06, 3.24345751324e-06, 2.24632617574e-06, 7.15012618002e-07, 3.94105541091e-07, 5.4091981383e-07, 1.01415059817e-06, 7.33408171527e-07, 4.75025899505e-07, 4.80455071283e-07, 4.40029907622e-07, 8.12835594388e-07, 1.09700442863e-06, 6.98574467606e-07, 6.38749554582e-07, 9.56040707933e-07, 8.36981826069e-07, 5.85645352658e-07, 3.15533355888e-07],
        "median": [0.000960228266194, 0.00183005165309, 0.00165243912488, 0.000672269961797, 0.000534491438884, 0.000149953717482, 0.000112317989988, 0.000117915908049, 4.28698440373e-05, 4.4008695113e-05, 2.85854821414e-05, 1.89753973245e-05, 1.40014308272e-05, 8.94250206329e-06, 7.76819888415e-06, 5.40665951121e-06, 2.29691477216e-06, 1.37005952183e-06, 1.88835258541e-06, 1.43363990901e-06, 6.25571487944e-07, 6.73033412113e-07, 7.57867098855e-07, 3.4531296933e-07, 2.49322226864e-07, 1.33433687211e-07, 1.06838044189e-07, 9.85257955222e-08, 4.60324507401e-08, 4.83623026071e-08, 3.5858359837e-08, 2.28123795409e-08, 1.67631970527e-08, 1.20542154036e-08, 7.12962311411e-09, 6.16900841521e-09, 3.72792419157e-09, 3.16955017787e-09, 2.2664223831e-09, 3.82024856194e-10],
        "min": [3.39898811319e-08, 1.55252450895e-08, 5.41126006226e-08, 7.63821148553e-08, 1.03742063828e-08, 8.49922798807e-09, 7.18178849723e-09, 3.64783581119e-09, 9.26464904794e-10, 6.76824263302e-10, 9.27414811613e-10, 4.99027263956e-10, 2.9214013153e-11, 1.45826642428e-10, 6.75856592913e-11, 2.05402309744e-11, 1.52318817281e-11, 5.62794255643e-12, 4.56864364048e-12, 8.98889018774e-11, 1.83095118927e-11, 1.8055393335e-12, 2.40535911501e-12, 2.12448439917e-12, 1.00447883518e-12, 4.60470908365e-13, 4.7320459183e-13, 5.68454734239e-13, 5.25669568638e-13, 3.78233062275e-13, 5.05132231616e-13, 3.4765818154e-13, 2.63522900333e-13, 1.56985061344e-13, 1.69126987263e-13, 2.1835011826e-13, 2.55723908845e-13, 2.04518016021e-13, 1.30737787133e-13, 1.39664714798e-13],
        "var": [2.02628530133e-06, 2.678521696e-06, 3.84909344575e-06, 3.04028890241e-06, 4.71749808639e-06, 1.98813026486e-07, 6.68556992878e-07, 3.99464255452e-07, 1.18889587952e-07, 2.63653401333e-08, 1.79152692681e-07, 1.30351878624e-07, 4.53747787788e-07, 1.34964153631e-07, 1.51811700988e-08, 2.70236046873e-08, 1.37113866927e-08, 1.36920796923e-09, 2.57057181097e-10, 7.85280507287e-10, 3.1771005965e-11, 4.75021862123e-11, 1.8395165946e-10, 1.2727378873e-10, 4.40585545478e-12, 1.65830326901e-12, 8.2235104143e-12, 7.06060834799e-11, 3.82417708611e-11, 1.3809595828e-11, 1.62062932518e-11, 1.30568984444e-11, 3.25985766159e-11, 5.69765346015e-11, 2.27475503711e-11, 2.99000858794e-11, 4.44800342392e-11, 3.71419318912e-11, 1.58295650893e-11, 5.02170137071e-12]
    },
    "mfcc": {
        "mean": [-741.244262695, 210.152359009, 14.9875221252, 23.2253055573, 3.59694290161, 8.27941131592, 2.03546309471, 6.96420097351, -2.602394104, -4.3898024559, -4.79342699051, -0.46928575635, -3.89407587051],
        "cov": [[2760.09570312, -735.738342285, -78.1882324219, -66.3249969482, -74.9524383545, -81.5732574463, 107.044998169, 95.3390960693, -26.0424900055, -17.9087867737, -10.7793474197, 69.9022979736, -46.6622428894], [-735.738342285, 1632.21801758, -607.446899414, 36.9429550171, -42.4244499207, 129.705749512, 57.5875358582, 67.1910018921, 63.4530754089, 39.3761100769, 35.8487625122, -15.922498703, 10.8587875366], [-78.1882324219, -607.446899414, 658.107910156, -3.39576435089, 45.1547966003, -38.2674713135, -53.6593933105, -58.5492668152, -19.8623085022, -25.779045105, -40.7804794312, 20.459072113, -1.74442815781], [-66.3249969482, 36.9429550171, -3.39576435089, 228.455383301, 43.5010948181, -39.4106559753, -60.0007209778, -49.2473182678, 37.3623390198, 37.5428314209, 3.91280436516, -20.1930294037, 4.94490671158], [-74.9524383545, -42.4244499207, 45.1547966003, 43.5010948181, 185.053985596, -45.4950294495, -17.8891525269, -59.9197120667, 28.5561771393, 28.8340969086, 33.5814056396, 0.670327723026, -24.7754001617], [-81.5732574463, 129.705749512, -38.2674713135, -39.4106559753, -45.4950294495, 285.262756348, 33.1279716492, 101.198493958, -27.7109527588, 16.1349754333, 9.41304016113, 4.69853210449, 19.2610702515], [107.044998169, 57.5875358582, -53.6593933105, -60.0007209778, -17.8891525269, 33.1279716492, 181.728546143, 80.6524658203, -0.530975878239, -21.6574020386, 15.631649971, 16.4481506348, 1.81385731697], [95.3390960693, 67.1910018921, -58.5492668152, -49.2473182678, -59.9197120667, 101.198493958, 80.6524658203, 210.936218262, 18.4479446411, 2.64159560204, 3.93972611427, 10.5285234451, 10.7240848541], [-26.0424900055, 63.4530754089, -19.8623085022, 37.3623390198, 28.5561771393, -27.7109527588, -0.530975878239, 18.4479446411, 126.482498169, 31.4235134125, -6.35237646103, -16.2289810181, 7.97503471375], [-17.9087867737, 39.3761100769, -25.779045105, 37.5428314209, 28.8340969086, 16.1349754333, -21.6574020386, 2.64159560204, 31.4235134125, 130.895462036, 33.8710708618, -46.6260375977, -39.2321357727], [-10.7793474197, 35.8487625122, -40.7804794312, 3.91280436516, 33.5814056396, 9.41304016113, 15.631649971, 3.93972611427, -6.35237646103, 33.8710708618, 109.31917572, 2.85244059563, -48.1268424988], [69.9022979736, -15.922498703, 20.459072113, -20.1930294037, 0.670327723026, 4.69853210449, 16.4481506348, 10.5285234451, -16.2289810181, -46.6260375977, 2.85244059563, 123.400390625, 37.9234733582], [-46.6622428894, 10.8587875366, -1.74442815781, 4.94490671158, -24.7754001617, 19.2610702515, 1.81385731697, 10.7240848541, 7.97503471375, -39.2321357727, -48.1268424988, 37.9234733582, 121.04347229]],
