{
"lowlevel": {
    "average_loudness": 0.948436737061,
    "barkbands_crest": {
        "dmean": 2.42443346977,
        "dmean2": 3.86434030533,
        "dvar": 5.2345032692,
        "dvar2": 13.2664117813,
        "max": 25.4192371368,
        "mean": 8.51692676544,
        "median": 7.74214267731,
        "min": 2.75263547897,
        "var": 12.5826435089
    },
    "barkbands_flatness_db": {
        "dmean": 0.0199439059943,
        "dmean2": 0.0313587486744,
        "dvar": 0.000370744470274,
        "dvar2": 0.000875190016814,
        "max": 0.364496439695,
        "mean": 0.146397277713,
        "median": 0.137914836407,
        "min": 0.0579834729433,
        "var": 0.00189617334399
    },
    "barkbands_kurtosis": {
        "dmean": 2.30518817902,
        "dmean2": 3.664675951,
        "dvar": 32.6248016357,
        "dvar2": 81.5299987793,
        "max": 104.203681946,
        "mean": 2.15230178833,
        "median": -0.184799909592,
        "min": -1.87680995464,
        "var": 72.6117858887
    },
    "barkbands_skewness": {
        "dmean": 0.553456962109,
        "dmean2": 0.832349598408,
        "dvar": 0.438201576471,
        "dvar2": 0.953356444836,
        "max": 8.06836605072,
        "mean": 1.03216671944,
        "median": 0.813132941723,
        "min": -2.94440364838,
        "var": 1.61036193371
    },
    "barkbands_spread": {
        "dmean": 6.87686157227,
        "dmean2": 10.7535715103,
        "dvar": 54.5247268677,
        "dvar2": 133.540664673,
        "max": 83.6276931763,
        "mean": 31.3891410828,
        "median": 30.2011451721,
        "min": 0.860175788403,
        "var": 198.115737915
    },
    "dissonance": {
        "dmean": 0.0128630399704,
        "dmean2": 0.0215484704822,
        "dvar": 0.000170955216163,
        "dvar2": 0.000443069759058,
        "max": 0.499953210354,
        "mean": 0.474426329136,
        "median": 0.480392098427,
        "min": 0.353473395109,
        "var": 0.000435926252976
    },
    "dynamic_complexity": 3.39542961121,
    "erbbands_crest": {
        "dmean": 2.23675632477,
        "dmean2": 3.64131259918,
        "dvar": 4.17743110657,
        "dvar2": 9.90926551819,
        "max": 27.12018013,
        "mean": 7.89658546448,
        "median": 7.15975141525,
        "min": 2.56521964073,
        "var": 12.1809234619
    },
    "erbbands_flatness_db": {
        "dmean": 0.015516076237,
        "dmean2": 0.0219990611076,
        "dvar": 0.000246608513407,
        "dvar2": 0.000445723359007,
        "max": 0.305611759424,
        "mean": 0.18256239593,
        "median": 0.18069319427,
        "min": 0.102751128376,
        "var": 0.00125720247161
    },
    "erbbands_kurtosis": {
        "dmean": 0.787849545479,
        "dmean2": 1.21842253208,
        "dvar": 1.26898562908,
        "dvar2": 2.79938912392,
        "max": 15.7183818817,
        "mean": 0.191930040717,
        "median": -0.321875333786,
        "min": -1.67690122128,
        "var": 3.39819812775
    },
    "erbbands_skewness": {
        "dmean": 0.312685847282,
        "dmean2": 0.469994097948,
        "dvar": 0.0877018198371,
        "dvar2": 0.192773282528,
        "max": 3.63886117935,
        "mean": -0.202460646629,
        "median": -0.21976365149,
        "min": -3.63491606712,
        "var": 0.647209465504
    },
    "erbbands_spread": {
        "dmean": 9.08949661255,
        "dmean2": 13.6684846878,
        "dvar": 97.5992431641,
        "dvar2": 214.011383057,
        "max": 121.764648438,
        "mean": 41.8513374329,
        "median": 38.1791000366,
        "min": 7.86839437485,
        "var": 327.510742188
    },
    "hfc": {
        "dmean": 7.50384426117,
        "dmean2": 11.7887296677,
        "dvar": 200.349029541,
        "dvar2": 510.341308594,
        "max": 188.714736938,
        "mean": 26.023273468,
        "median": 23.378988266,
        "min": 1.10901507623e-16,
        "var": 456.009002686
    },
    "melbands_crest": {
        "dmean": 3.52916383743,
        "dmean2": 5.69687128067,
        "dvar": 10.0310869217,
        "dvar2": 22.912771225,
        "max": 35.3367195129,
        "mean": 13.7790298462,
        "median": 12.9620819092,
        "min": 2.18378400803,
        "var": 28.1680164337
    },
    "melbands_flatness_db": {
        "dmean": 0.0273122694343,
        "dmean2": 0.0416969619691,
        "dvar": 0.000803516653832,
        "dvar2": 0.00166694272775,
        "max": 0.469557970762,
        "mean": 0.161306679249,
        "median": 0.152855083346,
        "min": 0.00784486625344,
        "var": 0.00428968295455
    },
    "melbands_kurtosis": {
        "dmean": 7.26448345184,
        "dmean2": 11.2107839584,
        "dvar": 240.531097412,
        "dvar2": 588.081787109,
        "max": 266.363830566,
        "mean": 11.1856613159,
        "median": 4.04016494751,
        "min": -1.79761219025,
        "var": 528.040100098
    },
    "melbands_skewness": {
        "dmean": 0.813867270947,
        "dmean2": 1.21919727325,
        "dvar": 0.976744115353,
        "dvar2": 2.1046230793,
        "max": 13.8687744141,
        "mean": 2.42247009277,
        "median": 1.96099936962,
        "min": -1.18157529831,
        "var": 3.15088129044
    },
    "melbands_spread": {
        "dmean": 11.2680473328,
        "dmean2": 16.9393482208,
        "dvar": 210.445404053,
        "dvar2": 421.113464355,
        "max": 195.32119751,
        "mean": 38.8331451416,
        "median": 33.3481292725,
        "min": 0.731134593487,
        "var": 801.323913574
    },
    "pitch_salience": {
        "dmean": 0.0728386715055,
        "dmean2": 0.118021130562,
        "dvar": 0.0046587344259,
        "dvar2": 0.0118437083438,
        "max": 0.807606935501,
        "mean": 0.541890144348,
        "median": 0.543003618717,
        "min": 0.113793812692,
        "var": 0.0102924164385
    },
    "silence_rate_20dB": {
        "dmean": 0,
        "dmean2": 0,
        "dvar": 0,
        "dvar2": 0,
        "max": 1,
        "mean": 1,
        "median": 1,
        "min": 1,
        "var": 0
    },
    "silence_rate_30dB": {
        "dmean": 0,
        "dmean2": 0,
        "dvar": 0,
        "dvar2": 0,
        "max": 1,
        "mean": 1,
        "median": 1,
        "min": 1,
        "var": 0
    },
    "silence_rate_60dB": {
        "dmean": 0.0294117648154,
        "dmean2": 0.0588690936565,
        "dvar": 0.0285469442606,
        "dvar2": 0.0631489530206,
        "max": 1,
        "mean": 0.0989945828915,
        "median": 0,
        "min": 0,
        "var": 0.0891940742731
    },
    "spectral_centroid": {
        "dmean": 311.784729004,
        "dmean2": 481.554748535,
        "dvar": 156788.015625,
        "dvar2": 265692.8125,
        "max": 11340.5009766,
        "mean": 1914.63867188,
        "median": 1884.53039551,
        "min": 180.722946167,
        "var": 542845.1875
    },
    "spectral_complexity": {
        "dmean": 4.18730640411,
        "dmean2": 6.28040266037,
        "dvar": 21.3194274902,
        "dvar2": 39.8796310425,
        "max": 53,
        "mean": 23.0943546295,
        "median": 24,
        "min": 0,
        "var": 152.140930176
    },
    "spectral_decrease": {
        "dmean": 2.78960121669e-09,
        "dmean2": 4.33831814917e-09,
        "dvar": 1.98551984006e-17,
        "dvar2": 4.73730571974e-17,
        "max": 1.79494669655e-29,
        "mean": -6.55152643247e-09,
        "median": -5.68816282964e-09,
        "min": -3.16564126024e-08,
        "var": 3.14649678109e-17
    },
    "spectral_energy": {
        "dmean": 0.0109958676621,
        "dmean2": 0.0170477554202,
        "dvar": 0.000296777376207,
        "dvar2": 0.000708602252416,
        "max": 0.12281934917,
        "mean": 0.0270873066038,
        "median": 0.0243581943214,
        "min": 9.99134821355e-21,
        "var": 0.000494649750181
    },
    "spectral_energyband_high": {
        "dmean": 0.000731254811399,
        "dmean2": 0.00115545268636,
        "dvar": 3.76238926947e-06,
        "dvar2": 9.82521396509e-06,
        "max": 0.0262427981943,
        "mean": 0.00147934723645,
        "median": 0.000744917255361,
        "min": 7.2190370425e-21,
        "var": 5.16093768965e-06
    },
    "spectral_energyband_low": {
        "dmean": 0.00704799918458,
        "dmean2": 0.0113908164203,
        "dvar": 0.000206808690564,
        "dvar2": 0.000492302293424,
        "max": 0.096524938941,
        "mean": 0.0103078028187,
        "median": 0.00643216678873,
        "min": 4.12136624955e-23,
        "var": 0.00022300099954
    },
    "spectral_energyband_middle_high": {
        "dmean": 0.00167526933365,
        "dmean2": 0.00261003687046,
        "dvar": 4.12089639212e-06,
        "dvar2": 9.76048704615e-06,
        "max": 0.0249413251877,
        "mean": 0.00674240570515,
        "median": 0.00544003676623,
        "min": 1.60776688437e-21,
        "var": 3.30271432176e-05
    },
    "spectral_energyband_middle_low": {
        "dmean": 0.0050305603072,
        "dmean2": 0.00808417703956,
        "dvar": 8.48782729008e-05,
        "dvar2": 0.000203225252335,
        "max": 0.0922067835927,
        "mean": 0.00954838655889,
        "median": 0.00699805608019,
        "min": 2.23242486494e-22,
        "var": 0.000118447751447
    },
    "spectral_entropy": {
        "dmean": 0.13210734725,
        "dmean2": 0.188107058406,
        "dvar": 0.0238645076752,
        "dvar2": 0.0420682057738,
        "max": 9.81318855286,
        "mean": 7.69524002075,
        "median": 7.73969316483,
        "min": 5.85323190689,
        "var": 0.143331691623
    },
    "spectral_flux": {
        "dmean": 0.0278266463429,
        "dmean2": 0.0420758537948,
        "dvar": 0.00135479820892,
        "dvar2": 0.00288202147931,
        "max": 0.306953787804,
        "mean": 0.0881590843201,
        "median": 0.0788714215159,
        "min": 9.99567303928e-11,
        "var": 0.00291446037591
    },
    "spectral_kurtosis": {
        "dmean": 1.40784192085,
        "dmean2": 2.41532492638,
        "dvar": 2.50946354866,
        "dvar2": 6.97044610977,
        "max": 16.4403038025,
        "mean": 2.13309431076,
        "median": 1.56355571747,
        "min": -1.20059478283,
        "var": 4.45006322861
    },
    "spectral_rms": {
        "dmean": 0.000913866155315,
        "dmean2": 0.0013577695936,
        "dvar": 1.44687646753e-06,
        "dvar2": 3.20542949339e-06,
        "max": 0.0109464041889,
        "mean": 0.00466295424849,
        "median": 0.00487484270707,
        "min": 3.1221238702e-12,
        "var": 4.68351208838e-06
    },
    "spectral_rolloff": {
        "dmean": 697.696899414,
        "dmean2": 1137.57446289,
        "dvar": 1199359,
        "dvar2": 2372496.25,
        "max": 19056.8847656,
        "mean": 2321.61767578,
        "median": 2002.58789062,
        "min": 64.599609375,
        "var": 3405076.75
    },
    "spectral_skewness": {
        "dmean": 0.200631394982,
        "dmean2": 0.332497566938,
        "dvar": 0.0409066714346,
        "dvar2": 0.107841923833,
        "max": 2.74389266968,
        "mean": 0.913261890411,
        "median": 0.882209181786,
        "min": -0.269551813602,
        "var": 0.104382544756
    },
    "spectral_spread": {
        "dmean": 436823.28125,
        "dmean2": 602897.625,
        "dvar": 1.3365453783e+12,
        "dvar2": 1.42665370829e+12,
        "max": 40924108,
        "mean": 4023462,
        "median": 3821012,
        "min": 1541344.125,
        "var": 2.52161582694e+12
    },
    "spectral_strongpeak": {
        "dmean": 0.476915538311,
        "dmean2": 0.816922605038,
        "dvar": 0.76439845562,
        "dvar2": 1.82455098629,
        "max": 9.80309772491,
        "mean": 0.822095394135,
        "median": 0.426106989384,
        "min": 0,
        "var": 1.46582901478
    },
    "zerocrossingrate": {
        "dmean": 0.0117062786594,
        "dmean2": 0.0131113538519,
        "dvar": 0.000305841182126,
        "dvar2": 0.000326966983266,
        "max": 0.50390625,
        "mean": 0.0798915699124,
        "median": 0.0703125,
        "min": 0.00634765625,
        "var": 0.0019655295182
    },
    "barkbands": {
        "dmean": [0.000192759514903, 0.00325746065937, 0.00388306146488, 0.0021673378069, 0.00233172951266, 0.000477187626529, 0.000488612800837, 0.000666443782393, 0.000656112097204, 0.000554571219254, 0.000233658400248, 0.000398388365284, 0.00036054829252, 0.000252765894402, 0.000279935222352, 0.000316250923788, 0.000325639470248, 0.000218910034164, 0.000314816221362, 0.000209069723496, 0.00017500280228, 0.000290205061901, 0.000175567009137, 0.000117485586088, 2.91567721433e-05, 9.19835443369e-08, 9.80525527439e-08],
        "dmean2": [0.000322062318446, 0.00534458458424, 0.00690771732479, 0.00370521983132, 0.00376779027283, 0.00080027570948, 0.000813522958197, 0.0010678190738, 0.00104087137152, 0.000858422019519, 0.000372869195417, 0.000639851379674, 0.000581484753639, 0.000386402360164, 0.000459318282083, 0.000509356206749, 0.000521177425981, 0.000347818830051, 0.000511987775099, 0.000333741743816, 0.000278983992757, 0.000484099466121, 0.000285712565528, 0.00018183173961, 4.31329208368e-05, 1.66563197013e-07, 1.88452787597e-07],
        "dvar": [1.90975910641e-07, 4.66705132567e-05, 7.90433696238e-05, 2.39528071688e-05, 2.25121402764e-05, 1.09936377157e-06, 1.16862850064e-06, 1.19224705486e-06, 1.21902598949e-06, 8.95043172022e-07, 1.90436168168e-07, 7.48383911287e-07, 5.93571655827e-07, 2.85562521185e-07, 4.02961006785e-07, 5.42272971416e-07, 1.99241128485e-07, 8.44508534215e-08, 2.050365282e-07, 1.25383081695e-07, 1.44875372143e-07, 1.0255429288e-06, 2.05785070762e-07, 8.16257639258e-08, 5.36511501892e-09, 2.55483487014e-13, 5.45529712983e-13],
        "dvar2": [4.96693189689e-07, 9.96558810584e-05, 0.00022172840545, 5.99624218012e-05, 5.39916400157e-05, 3.10641212309e-06, 3.23505832966e-06, 3.16127602673e-06, 3.08287258122e-06, 2.24843665819e-06, 4.48367785566e-07, 2.03149579647e-06, 1.45631543091e-06, 6.14174439306e-07, 1.00926251889e-06, 1.32759225835e-06, 4.67711913643e-07, 2.01995689508e-07, 4.69912919243e-07, 2.8900078064e-07, 3.72837462237e-07, 2.8239905987e-06, 5.44135957625e-07, 1.82969046136e-07, 1.05575228559e-08, 7.56339489736e-13, 1.62355263782e-12],
        "max": [0.00346642872319, 0.0637996345758, 0.0553320609033, 0.0463224351406, 0.0500551015139, 0.0199633799493, 0.0193700417876, 0.0109584089369, 0.0125276762992, 0.0121687799692, 0.00685966899619, 0.015285898, 0.010807691142, 0.00709611503407, 0.00947190076113, 0.0171278174967, 0.00728213554248, 0.00421994272619, 0.00599387148395, 0.00781981274486, 0.00663586752489, 0.0163827221841, 0.00451807165518, 0.00506679015234, 0.00162301806267, 7.88212764746e-06, 1.21128987303e-05],
        "mean": [0.000166742640431, 0.00473326537758, 0.00454479968175, 0.0021242054645, 0.0033664884977, 0.000716521462891, 0.000742715667002, 0.00111551291775, 0.00121705478523, 0.00135893223342, 0.000446111778729, 0.000696695991792, 0.000715851550922, 0.000431167311035, 0.000452498003142, 0.000614433723968, 0.000715597358067, 0.000485728669446, 0.00069576385431, 0.000440590985818, 0.000315828074235, 0.000420814554673, 0.00029803373036, 0.000220277055632, 5.15775791428e-05, 7.69666073097e-08, 5.50537002653e-08],
        "median": [1.97818371817e-05, 0.0021121178288, 0.00148311024532, 0.000512293772772, 0.00162325997371, 0.000401955388952, 0.000334287469741, 0.000487623969093, 0.000406082719564, 0.000335531745804, 0.000130894215545, 0.000222662973101, 0.000183571828529, 0.000143778059282, 0.000201081857085, 0.000324031891068, 0.0004623743298, 0.000341139733791, 0.000516010273714, 0.000303850509226, 0.000177512236405, 0.000161251431564, 9.92546410998e-05, 6.51712616673e-05, 9.62584908848e-06, 9.38470456902e-09, 6.01033556258e-10],
        "min": [3.59216017346e-24, 3.0185469082e-23, 2.4640192648e-24, 9.26494413988e-24, 3.82661405211e-23, 5.46660538697e-23, 2.50317745239e-23, 1.14111427845e-23, 4.17594753558e-23, 1.43094319497e-22, 1.5691276442e-23, 1.58016816277e-22, 1.24009792581e-22, 1.75313090184e-22, 1.18266203616e-22, 6.38931453079e-23, 1.62072356502e-22, 2.16784202169e-22, 2.85070728429e-22, 3.22332327162e-22, 3.11469775606e-22, 2.63112804064e-22, 7.0360960334e-22, 9.37914065426e-22, 1.28582328262e-21, 1.60041505414e-21, 2.18440385979e-21],
        "var": [1.77649923216e-07, 5.74263613089e-05, 6.16614634055e-05, 2.27641194215e-05, 2.90458119707e-05, 1.16633486869e-06, 1.79748440132e-06, 2.37496942646e-06, 3.66005883734e-06, 4.4247990445e-06, 7.40000132282e-07, 1.52887241711e-06, 2.11963538277e-06, 7.81616279255e-07, 6.73703311804e-07, 1.3985240912e-06, 6.34798425381e-07, 2.65663260279e-07, 5.43104079043e-07, 2.87417549316e-07, 1.98056696377e-07, 8.29350028653e-07, 2.9814364666e-07, 2.26641816425e-07, 1.78072880885e-08, 1.42513699951e-13, 2.78794836609e-13]
    },
    "erbbands": {
        "dmean": [0.0717805474997, 0.858665704727, 3.87863516808, 5.87900352478, 9.51540851593, 6.64523363113, 5.06050300598, 4.12441062927, 7.07303380966, 7.75588226318, 15.0532693863, 14.6759033203, 16.6559848785, 12.882153511, 12.6139135361, 12.4617042542, 16.0166053772, 10.8326559067, 14.699924469, 12.7494239807, 19.8654136658, 16.333568573, 11.5770664215, 12.2343959808, 17.6569290161, 9.83455753326, 7.60390853882, 6.83775520325, 10.267988205, 7.85062742233, 4.46613788605, 3.27545142174, 1.72400712967, 0.61983191967, 0.0413036905229, 0.00200650491752, 0.000251420016866, 6.93919064361e-05, 2.09230820474e-05, 1.46019601743e-05],
        "dmean2": [0.11760225147, 1.39008581638, 6.66984081268, 10.3629827499, 15.6345949173, 10.9683732986, 8.36332798004, 6.96072626114, 11.89336586, 12.7340555191, 23.8179912567, 23.4425430298, 25.5037403107, 19.9843711853, 20.1806850433, 19.7627220154, 25.582321167, 16.6507568359, 23.4096755981, 21.2563457489, 31.7154636383, 25.8940677643, 18.4851493835, 19.0021495819, 28.4453315735, 15.63032341, 12.4130535126, 10.7045717239, 17.0619812012, 13.1113405228, 7.27093315125, 5.31527757645, 2.62963223457, 0.884770274162, 0.0620331987739, 0.00305514037609, 0.000429212319432, 0.000125044418382, 3.64186234947e-05, 2.29639590543e-05],
        "dvar": [0.0285986941308, 3.03251314163, 69.6937789917, 147.374008179, 574.925048828, 154.198959351, 80.8928527832, 97.5659866333, 203.596313477, 444.659973145, 514.080505371, 725.150268555, 732.186828613, 689.838256836, 660.786804199, 554.785522461, 1322.41174316, 436.674377441, 1023.62530518, 717.112670898, 2320.77124023, 678.791992188, 202.134811401, 332.218444824, 802.085388184, 267.814147949, 323.80871582, 175.43119812, 1472.90026855, 501.067047119, 141.503616333, 71.2813568115, 17.6288471222, 2.51801037788, 0.0161963105202, 3.3342410461e-05, 1.66063409779e-06, 1.71393693904e-07, 1.08133582088e-08, 6.68029576101e-10],
        "dvar2": [0.0695367902517, 6.48458814621, 190.833206177, 395.770050049, 1357.16833496, 391.485565186, 195.401260376, 276.225189209, 577.699401855, 1181.81201172, 1280.89343262, 1844.88671875, 1827.78894043, 1719.82763672, 1757.53869629, 1447.80651855, 3106.89282227, 938.980651855, 2643.01928711, 1877.3269043, 5712.54443359, 1558.41589355, 520.566772461, 753.405090332, 1875.32067871, 596.682739258, 869.373474121, 406.148712158, 4090.52099609, 1314.59155273, 384.183319092, 185.386169434, 39.1756973267, 4.8445892334, 0.0293491370976, 6.38592100586e-05, 4.87306169816e-06, 5.08026118951e-07, 3.18734194593e-08, 1.71991720865e-09],
        "max": [1.85686147213, 14.8006677628, 55.658996582, 101.907295227, 274.987487793, 137.506652832, 147.892272949, 207.398849487, 175.125686646, 478.927154541, 292.729827881, 304.758850098, 328.586853027, 481.898468018, 393.59942627, 293.337768555, 555.969238281, 371.383270264, 363.805999756, 373.13168335, 1171.64941406, 502.229034424, 153.812759399, 269.668884277, 477.805145264, 382.628326416, 243.297653198, 278.192260742, 693.017944336, 308.887115479, 137.749465942, 104.727706909, 85.4888381958, 40.1449317932, 3.05357313156, 0.135048881173, 0.0208312347531, 0.00669709034264, 0.00171885942109, 0.000307485810481],
        "mean": [0.0883383452892, 1.27098321915, 5.03937721252, 6.00568962097, 10.8991546631, 9.74733352661, 8.0640296936, 6.10222387314, 11.06665802, 12.3485097885, 27.1887512207, 27.3629703522, 37.5896339417, 33.3626976013, 26.6739139557, 24.5268192291, 33.7547683716, 21.5417022705, 24.8852863312, 23.6208667755, 41.5521583557, 37.9577827454, 27.6840686798, 28.8614349365, 38.5656890869, 21.5656089783, 12.6358890533, 13.1769657135, 14.9636611938, 12.6036462784, 7.53495836258, 5.34720945358, 3.23639035225, 1.15546607971, 0.0681543201208, 0.00326319644228, 0.000296889804304, 6.70348817948e-05, 3.04018431052e-05, 3.62855025742e-05],
        "median": [0.0366684794426, 0.621027469635, 1.99122774601, 2.50376081467, 3.41518449783, 4.81875610352, 4.11917686462, 3.27392435074, 4.81566095352, 6.92485189438, 14.0935316086, 10.1008272171, 12.7583761215, 8.37090110779, 8.2702703476, 9.13854694366, 9.69765281677, 8.57525920868, 10.1554222107, 12.5936927795, 23.1347351074, 25.5208415985, 21.5777568817, 20.7220878601, 27.9566268921, 15.6714954376, 6.85061788559, 7.56507158279, 6.11826038361, 4.34083127975, 2.59206819534, 1.61005568504, 0.823431313038, 0.250967204571, 0.00774269318208, 0.000461944495328, 6.19238853687e-05, 1.51446092787e-05, 1.90437967831e-05, 3.23640088027e-05],
        "min": [9.96374287814e-22, 6.44365498074e-21, 4.76573849522e-21, 1.98043937687e-20, 5.29201495396e-20, 1.39519416546e-19, 4.01198830508e-19, 3.45654944845e-19, 3.29964931287e-19, 4.35762055415e-19, 2.1533421615e-19, 1.02041021044e-18, 3.77501408768e-18, 2.50766234025e-18, 2.23573601965e-18, 6.09716359797e-18, 5.54609752825e-18, 7.99952804638e-18, 5.73020353077e-18, 7.32254358073e-18, 4.52157933209e-18, 8.49643115677e-18, 1.24212699873e-17, 1.26458602769e-17, 1.5243714462e-17, 1.43518119296e-17, 1.17376498787e-17, 1.29659303703e-17, 9.15036540747e-18, 1.69356925527e-17, 2.13708066953e-17, 2.36520864523e-17, 1.08622760693e-17, 9.60618328402e-18, 1.22661678321e-17, 6.6533408167e-18, 3.0240867063e-18, 1.04901763154e-18, 2.82614709031e-19, 3.33596641917e-20],
        "var": [0.0285037811846, 3.82253074646, 62.1647758484, 116.637336731, 617.096740723, 214.829772949, 165.841262817, 99.9090118408, 355.607208252, 506.654296875, 1237.54785156, 1971.39794922, 3009.10986328, 3622.48925781, 2067.47607422, 1367.56237793, 4858.80175781, 1447.44250488, 1876.29162598, 1261.32788086, 6177.68652344, 2049.85180664, 631.82244873, 1073.98132324, 2129.81079102, 668.93762207, 347.136962891, 331.063659668, 1127.92773438, 590.914367676, 187.634399414, 123.162704468, 51.1061248779, 8.3729352951, 0.0539504699409, 0.000104869373899, 1.11030897187e-06, 9.43047737678e-08, 6.17566886518e-09, 9.26612342411e-10]
    },
    "gfcc": {
        "mean": [-19.1805667877, 111.20728302, -157.094390869, 71.3015899658, -72.6787719727, 17.5833358765, -30.4944019318, 0.896945059299, -6.60198688507, -24.1493740082, 0.569889426231, -21.3012199402, 1.64610981941],
        "cov": [[8870.65527344, -312.592041016, -178.720474243, 17.2200431824, -482.557434082, 440.360443115, 32.8527793884, 168.586837769, -99.5212020874, 99.7231369019, 36.0532875061, -7.15433263779, -148.391342163], [-312.592041016, 1334.53149414, -39.6532363892, -106.835334778, 404.270477295, -206.437347412, 386.129150391, -142.474380493, 93.8857345581, -82.4498291016, 117.768661499, -70.7005996704, 40.7366905212], [-178.720474243, -39.6532363892, 585.279968262, 164.345291138, 31.0796756744, 169.162109375, -27.8845806122, 17.5970249176, -11.5567588806, 51.8675727844, -26.1786231995, 3.09055066109, -19.9956150055], [17.2200431824, -106.835334778, 164.345291138, 275.760009766, 89.1643066406, 25.4385490417, -43.5426979065, 2.10462379456, 45.3681564331, 44.2271385193, -1.92207717896, 2.85959124565, 4.81119203568], [-482.557434082, 404.270477295, 31.0796756744, 89.1643066406, 366.520324707, -47.7859458923, 94.744392395, -41.4076309204, 47.7184677124, 20.9788646698, 59.0230445862, -18.6199169159, 33.4525947571], [440.360443115, -206.437347412, 169.162109375, 25.4385490417, -47.7859458923, 363.18762207, 79.6354827881, 102.356712341, -23.3128833771, 35.8493537903, -24.9875278473, -13.869430542, -43.8378295898], [32.8527793884, 386.129150391, -27.8845806122, -43.5426979065, 94.744392395, 79.6354827881, 380.241882324, 28.7531661987, 36.3775863647, -24.1318645477, 40.6286239624, -11.5882167816, -17.4575557709], [168.586837769, -142.474380493, 17.5970249176, 2.10462379456, -41.4076309204, 102.356712341, 28.7531661987, 177.166061401, 42.2734298706, 39.9332427979, -0.255016595125, -14.6126089096, 2.39433073997], [-99.5212020874, 93.8857345581, -11.5567588806, 45.3681564331, 47.7184677124, -23.3128833771, 36.3775863647, 42.2734298706, 132.539428711, 37.2008361816, 6.93648719788, -15.2842760086, 6.448097229], [99.7231369019, -82.4498291016, 51.8675727844, 44.2271385193, 20.9788646698, 35.8493537903, -24.1318645477, 39.9332427979, 37.2008361816, 102.110488892, 20.1324653625, -6.45781373978, -5.66370487213], [36.0532875061, 117.768661499, -26.1786231995, -1.92207717896, 59.0230445862, -24.9875278473, 40.6286239624, -0.255016595125, 6.93648719788, 20.1324653625, 85.1248245239, 13.9156332016, 6.78687810898], [-7.15433263779, -70.7005996704, 3.09055066109, 2.85959124565, -18.6199169159, -13.869430542, -11.5882167816, -14.6126089096, -15.2842760086, -6.45781373978, 13.9156332016, 93.6839904785, 21.7608261108], [-148.391342163, 40.7366905212, -19.9956150055, 4.81119203568, 33.4525947571, -43.8378295898, -17.4575557709, 2.39433073997, 6.448097229, -5.66370487213, 6.78687810898, 21.7608261108, 59.5253410339]],
        "icov": [[0.000166548838024, -0.000343178078765, 0.000283861969365, -0.000398843287257, 0.000467657780973, -0.000327203015331, 0.000222889648285, -0.000223179027671, 0.000373976654373, -0.000391205190681, 3.0987925129e-05, -0.000260904111201, 0.000362308812328], [-0.000343178078765, 0.00461437972263, -0.00210463348776, 0.00342760444619, -0.00347599643283, 0.00219923770055, -0.00335651240312, 0.00306330341846, -0.00355404661968, 0.00359265273437, -0.00311224581674, 0.0039179418236, -0.00288254255429], [0.000283861969365, -0.00210463348776, 0.00356364785694, -0.0029665583279, 0.00157479790505, -0.00219308957458, 0.0016165249981, -0.00107402191497, 0.00225966772996, -0.00249266345054, 0.00191809691023, -0.00204388424754, 0.00164853665046], [-0.000398843287257, 0.00342760444619, -0.0029665583279, 0.00809388142079, -0.00413205567747, 0.00155865121633, -0.00151357823052, 0.00252423295751, -0.00455465819687, 0.00210804329254, -0.0015664572129, 0.00211477885023, -0.00196663546376], [0.000467657780973, -0.00347599643283, 0.00157479790505, -0.00413205567747, 0.00746559677646, -0.0018293375615, 0.00125293340534, -0.000535262923222, 0.0021244820673, -0.00344889285043, -0.000456946814666, -0.000831871642731, -0.000948265311308], [-0.000327203015331, 0.00219923770055, -0.00219308957458, 0.00155865121633, -0.0018293375615, 0.00632908334956, -0.00292461039498, -0.00143780373037, 0.000462961266749, 0.000441437005065, 0.000511447316967, 0.00141633010935, 0.00112160295248], [0.000222889648285, -0.00335651240312, 0.0016165249981, -0.00151357823052, 0.00125293340534, -0.00292461039498, 0.00639851670712, -0.00256373221055, 0.000793587591033, -0.000176177665708, 0.000418626907049, -0.00310201290995, 0.00362330232747], [-0.000223179027671, 0.00306330341846, -0.00107402191497, 0.00252423295751, -0.000535262923222, -0.00143780373037, -0.00256373221055, 0.0111578069627, -0.00535456370562, 0.000299808889395, -0.00308780325577, 0.00430789636448, -0.00579056376591], [0.000373976654373, -0.00355404661968, 0.00225966772996, -0.00455465819687, 0.0021244820673, 0.000462961266749, 0.000793587591033, -0.00535456370562, 0.0142304906622, -0.0067577874288, 0.00422852253541, -0.00211727968417, 0.00219425582327], [-0.000391205190681, 0.00359265273437, -0.00249266345054, 0.00210804329254, -0.00344889285043, 0.000441437005065, -0.000176177665708, 0.000299808889395, -0.0067577874288, 0.0178908463567, -0.0071276766248, 0.0033441260457, -0.000217539985897], [3.0987925129e-05, -0.00311224581674, 0.00191809691023, -0.0015664572129, -0.000456946814666, 0.000511447316967, 0.000418626907049, -0.00308780325577, 0.00422852253541, -0.0071276766248, 0.0189644619823, -0.00607073586434, 0.00277930311859], [-0.000260904111201, 0.0039179418236, -0.00204388424754, 0.00211477885023, -0.000831871642731, 0.00141633010935, -0.00310201290995, 0.00430789636448, -0.00211727968417, 0.0033441260457, -0.00607073586434, 0.0167406145483, -0.00864186417311], [0.000362308812328, -0.00288254255429, 0.00164853665046, -0.00196663546376, -0.000948265311308, 0.00112160295248, 0.00362330232747, -0.00579056376591, 0.00219425582327, -0.000217539985897, 0.00277930311859, -0.00864186417311, 0.0256266258657]]
    },
    "melbands": {
        "dmean": [0.00077642017277, 0.0017089395551, 0.00116135808639, 0.000574668170884, 0.000197011831915, 9.16674180189e-05, 0.000104820224806, 9.94325964712e-05, 0.000121613426018, 9.09137452254e-05, 8.65763577167e-05, 5.70474076085e-05, 3.77390570065e-05, 4.96858629049e-05, 3.14973513014e-05, 3.39335056196e-05, 2.06103941309e-05, 2.59976823145e-05, 1.93840187421e-05, 1.82592557394e-05, 2.50658667937e-05, 1.88054164028e-05, 1.61988245964e-05, 1.08928225018e-05, 1.07407431642e-05, 1.38464783959e-05, 1.0947544979e-05, 6.46220951239e-06, 5.36436664333e-06, 3.89559136238e-06, 4.35104993812e-06, 5.54262078367e-06, 6.94502114129e-06, 3.77454807676e-06, 2.43388490162e-06, 2.94632286568e-06, 1.74282206444e-06, 1.29181057673e-06, 1.03692423181e-06, 3.91709392034e-07],
        "dmean2": [0.00127826235257, 0.00280943280086, 0.00199797214009, 0.000929936068133, 0.000319883227348, 0.000153894885443, 0.000175301247509, 0.000162686555996, 0.000190926773939, 0.000144304314745, 0.000132268702146, 8.87993228389e-05, 6.0027174186e-05, 7.97508255346e-05, 5.04733034177e-05, 5.49913347641e-05, 3.20166582242e-05, 4.1305564082e-05, 3.15783145197e-05, 2.94878627756e-05, 4.03133999498e-05, 2.99400016956e-05, 2.5935962185e-05, 1.75129971467e-05, 1.69136601471e-05, 2.22097751248e-05, 1.81771174539e-05, 1.0372817087e-05, 8.89886905497e-06, 6.23257528787e-06, 6.95255175742e-06, 9.00826853467e-06, 1.21899101941e-05, 6.26387281955e-06, 3.87563841286e-06, 5.08033008373e-06, 2.79724440588e-06, 2.02907585845e-06, 1.57252100053e-06, 5.75595606733e-07],
        "dvar": [2.98065833704e-06, 1.24881362353e-05, 5.62801142223e-06, 1.53621817844e-06, 1.25718486288e-07, 4.38942215908e-08, 4.45857395448e-08, 5.27535704009e-08, 3.20703392731e-08, 2.46322962028e-08, 1.95418135007e-08, 1.2914196823e-08, 4.81451278844e-09, 1.28270327693e-08, 4.35566649415e-09, 5.18867970811e-09, 1.80313042275e-09, 3.16807913237e-09, 2.30755925479e-09, 1.23626675563e-09, 3.18471315985e-09, 1.00669572678e-09, 4.9071596786e-10, 2.25830715239e-10, 2.68847000218e-10, 4.19742490765e-10, 3.78522407862e-10, 1.17292550672e-10, 1.71654190861e-10, 6.32020547009e-11, 6.28162868943e-11, 3.51208118143e-10, 7.04108937821e-10, 8.15711526103e-11, 2.84525753652e-11, 1.03760916526e-10, 1.92010313899e-11, 1.06511986731e-11, 5.9516363192e-12, 1.24607670102e-12],
        "dvar2": [6.50718902762e-06, 3.23844687955e-05, 1.43536099131e-05, 3.68838800568e-06, 2.98287602618e-07, 1.24041136473e-07, 1.25542996443e-07, 1.41511250717e-07, 7.90993439637e-08, 6.27337328751e-08, 4.89078821886e-08, 3.23946416358e-08, 1.21829284438e-08, 3.50888136325e-08, 1.05443698217e-08, 1.22901617772e-08, 3.88770171611e-09, 8.0132087632e-09, 5.39221289841e-09, 3.17452264476e-09, 7.9225896954e-09, 2.31140995233e-09, 1.23087717796e-09, 5.78848580179e-10, 6.12306316761e-10, 9.79751391128e-10, 9.34683552778e-10, 2.56817678235e-10, 4.70211536374e-10, 1.59613211537e-10, 1.46580830807e-10, 9.55345247355e-10, 1.99624694552e-09, 1.96892543936e-10, 7.34165506167e-11, 2.99393732028e-10, 4.4477758282e-11, 2.39969103616e-11, 1.3119922683e-11, 2.3261720241e-12],
        "max": [0.0180167518556, 0.0247614104301, 0.0197293534875, 0.0133927036077, 0.00651318812743, 0.00426630675793, 0.00261238077655, 0.00475753378123, 0.00217702216469, 0.00169479008764, 0.00169503828511, 0.00191966060083, 0.00110310141463, 0.00195099937264, 0.00102401291952, 0.00103897415102, 0.000668571447022, 0.000608421280049, 0.000910418049898, 0.000477143126773, 0.00138166104443, 0.000656854186673, 0.000367929897038, 0.000171946361661, 0.000229496436077, 0.000298350118101, 0.000360579084372, 0.000251380377449, 0.000174858956598, 0.000149866027641, 0.000152288237587, 0.00035573184141, 0.000379059492843, 0.000112443252874, 5.85532070545e-05, 0.000110467604827, 6.34407479083e-05, 6.17408295511e-05, 5.60013613722e-05, 2.70949785772e-05],
        "mean": [0.0010788225336, 0.00235880562104, 0.00125201954506, 0.000767403806094, 0.0003199877101, 0.000135975176818, 0.000165061763255, 0.000160817231517, 0.000223383394768, 0.000166516823811, 0.000192062871065, 0.000147019309225, 7.94730513007e-05, 8.61952066771e-05, 6.06534485996e-05, 6.73998220009e-05, 3.70453381038e-05, 4.12616282119e-05, 3.15579309245e-05, 3.31298942911e-05, 5.04574163642e-05, 3.92123292841e-05, 3.33936222887e-05, 2.16265034396e-05, 2.25110525207e-05, 2.86912345473e-05, 2.3005379262e-05, 1.22718365674e-05, 7.82965253165e-06, 6.89463649906e-06, 7.82204824645e-06, 8.2069363998e-06, 8.62637898535e-06, 6.442321137e-06, 4.27585700891e-06, 3.89370143239e-06, 3.01441150441e-06, 2.30225236919e-06, 1.89315608168e-06, 6.44627732527e-07],
        "median": [0.000476822693599, 0.00121098838281, 0.000550345168449, 0.000334454263793, 0.000162013806403, 7.32540211175e-05, 7.16364957043e-05, 8.3581013314e-05, 0.000113262838568, 5.68077084608e-05, 6.10683127888e-05, 3.17314079439e-05, 2.33473547269e-05, 2.48694977927e-05, 2.01383336389e-05, 1.87502209883e-05, 1.33257271955e-05, 1.47446799019e-05, 1.38891100505e-05, 1.84392447409e-05, 2.86094764306e-05, 2.44859711529e-05, 2.25961193792e-05, 1.4469573216e-05, 1.48767867358e-05, 2.07042030524e-05, 1.51523654495e-05, 8.28239353723e-06, 3.9998367356e-06, 3.76692696591e-06, 4.24947666033e-06, 3.40258475262e-06, 2.81040684058e-06, 2.15272393689e-06, 1.49618495016e-06, 1.12154168619e-06, 8.82817857928e-07, 5.71240661884e-07, 4.70717765211e-07, 9.36659176887e-08],
        "min": [9.47170616086e-24, 4.34682790274e-24, 4.26947141352e-24, 5.71340241443e-24, 1.28795442506e-23, 8.45692022555e-24, 5.42706128862e-24, 4.28280119066e-24, 1.38013601673e-24, 7.14414129443e-24, 2.00802618603e-23, 1.18002145049e-23, 4.3657921189e-24, 1.65096738772e-23, 1.32130170545e-23, 1.44378774378e-23, 1.48546941851e-23, 1.01670894154e-23, 9.30959287825e-24, 6.92196729794e-24, 4.92711635121e-24, 7.53038258198e-24, 1.34971923627e-23, 9.41438910521e-24, 1.00237478669e-23, 1.29683463227e-23, 1.00169628742e-23, 9.39380220217e-24, 6.87089802066e-24, 6.49528071735e-24, 8.17772499625e-24, 4.64600379548e-24, 5.84737978956e-24, 1.08275182432e-23, 1.15967428228e-23, 1.37821068336e-23, 1.47306931394e-23, 6.78846363379e-24, 7.67517800114e-24, 7.56461677869e-24],
        "var": [3.43117494594e-06, 1.23626423374e-05, 5.16087038704e-06, 1.7909478629e-06, 2.74046243476e-07, 4.65918645887e-08, 7.82963240908e-08, 7.02867666291e-08, 8.45136298722e-08, 7.01202296227e-08, 8.14171201569e-08, 7.05409632928e-08, 2.04704591056e-08, 2.54368792696e-08, 1.39930920184e-08, 1.6756846577e-08, 5.12340747605e-09, 6.09477446289e-09, 3.94744237298e-09, 2.52794918332e-09, 8.66678284694e-09, 2.65256971943e-09, 1.37861055904e-09, 5.52069112647e-10, 7.85486342636e-10, 1.02258168599e-09, 8.50118531126e-10, 2.89549995092e-10, 1.65016750264e-10, 9.44781128331e-11, 1.22209450892e-10, 2.96746044404e-10, 4.91411078496e-10, 1.4623213751e-10, 5.30770531693e-11, 8.41435879306e-11, 4.51126601353e-11, 2.85538277051e-11, 1.70900741475e-11, 3.89669199685e-12]
    },
    "mfcc": {
        "mean": [-629.053222656, 99.2487258911, -7.56062221527, 33.872089386, 1.07211482525, 4.8934803009, -1.94303023815, 12.7462081909, -1.2353219986, 4.94023132324, -2.81723070145, -1.32044029236, -4.12648773193],
        "cov": [[7791.55029297, -352.48638916, 63.3114738464, -300.116149902, -355.010314941, 94.8374252319, 91.9303131104, 133.781539917, -28.7426223755, 8.64781665802, 130.999130249, 111.345108032, 47.1356163025], [-352.48638916, 1378.29333496, -292.093414307, 196.089767456, -39.2628326416, 72.5034255981, 190.513870239, 43.8223228455, 18.2461204529, 20.6943244934, -20.6861629486, 39.6987533569, 26.4426212311], [63.3114738464, -292.093414307, 593.299743652, -52.2811660767, 62.8142280579, 101.781082153, 15.5288887024, 26.4939689636, 32.3923530579, 24.2626972198, 36.6488380432, -8.76748657227, -10.9741668701], [-300.116149902, 196.089767456, -52.2811660767, 349.020965576, 114.096008301, 21.7376937866, -22.2670974731, -44.4971733093, 5.36605978012, -0.999520778656, -20.5550308228, 31.7055854797, 25.5181980133], [-355.010314941, -39.2628326416, 62.8142280579, 114.096008301, 316.870697021, 27.3935813904, -32.7963447571, -76.5753097534, 6.04832792282, 23.5941619873, -14.495018959, 6.35219287872, 15.4308891296], [94.8374252319, 72.5034255981, 101.781082153, 21.7376937866, 27.3935813904, 211.916870117, 106.920318604, 42.9109916687, 30.1286373138, -0.687915325165, 40.290145874, 29.7721290588, -24.1973648071], [91.9303131104, 190.513870239, 15.5288887024, -22.2670974731, -32.7963447571, 106.920318604, 237.645996094, 87.0366744995, 26.1420192719, 23.8159618378, 40.9652023315, 35.5578346252, -15.9738674164], [133.781539917, 43.8223228455, 26.4939689636, -44.4971733093, -76.5753097534, 42.9109916687, 87.0366744995, 151.249511719, 49.1576004028, 16.0365638733, 25.9093227386, 15.1891126633, -0.695277869701], [-28.7426223755, 18.2461204529, 32.3923530579, 5.36605978012, 6.04832792282, 30.1286373138, 26.1420192719, 49.1576004028, 119.995391846, 50.2570343018, 43.8367767334, 8.90095901489, -2.0448987484], [8.64781665802, 20.6943244934, 24.2626972198, -0.999520778656, 23.5941619873, -0.687915325165, 23.8159618378, 16.0365638733, 50.2570343018, 167.774139404, 45.9375610352, 20.2048416138, -7.04838752747], [130.999130249, -20.6861629486, 36.6488380432, -20.5550308228, -14.495018959, 40.290145874, 40.9652023315, 25.9093227386, 43.8367767334, 45.9375610352, 99.1836700439, 35.7898979187, -2.40392684937], [111.345108032, 39.6987533569, -8.76748657227, 31.7055854797, 6.35219287872, 29.7721290588, 35.5578346252, 15.1891126633, 8.90095901489, 20.2048416138, 35.7898979187, 82.3134994507, 18.2160797119], [47.1356163025, 26.4426212311, -10.9741668701, 25.5181980133, 15.4308891296, -24.1973648071, -15.9738674164, -0.695277869701, -2.0448987484, -7.04838752747, -2.40392684937, 18.2160797119, 79.2830352783]],
