{
"lowlevel": {
    "average_loudness": 0.982602953911,
    "barkbands_crest": {
        "dmean": 3.05619883537,
        "dmean2": 4.83950424194,
        "dvar": 7.30028820038,
        "dvar2": 18.6610298157,
        "max": 24.8749961853,
        "mean": 12.3522701263,
        "median": 11.9139556885,
        "min": 3.20165133476,
        "var": 18.3192691803
    },
    "barkbands_flatness_db": {
        "dmean": 0.0334456674755,
        "dmean2": 0.0523063540459,
        "dvar": 0.00120414223056,
        "dvar2": 0.00281983078457,
        "max": 0.429709732533,
        "mean": 0.200614467263,
        "median": 0.190990641713,
        "min": 0.0778050944209,
        "var": 0.00314834783785
    },
    "barkbands_kurtosis": {
        "dmean": 14.3645915985,
        "dmean2": 23.3945446014,
        "dvar": 780.404663086,
        "dvar2": 2003.37243652,
        "max": 275.790710449,
        "mean": 18.0859394073,
        "median": 7.88295459747,
        "min": -1.88697254658,
        "var": 947.030456543
    },
    "barkbands_skewness": {
        "dmean": 1.17227673531,
        "dmean2": 1.79729390144,
        "dvar": 1.96368694305,
        "dvar2": 4.54479932785,
        "max": 13.8155317307,
        "mean": 3.2486770153,
        "median": 2.78205156326,
        "min": -2.90894961357,
        "var": 4.89598035812
    },
    "barkbands_spread": {
        "dmean": 8.86972808838,
        "dmean2": 13.1874036789,
        "dvar": 108.76386261,
        "dvar2": 202.993515015,
        "max": 91.4078674316,
        "mean": 23.7141704559,
        "median": 18.084690094,
        "min": 0.503989517689,
        "var": 354.756378174
    },
    "dissonance": {
        "dmean": 0.0142089547589,
        "dmean2": 0.023326549679,
        "dvar": 0.000144821649883,
        "dvar2": 0.000381303718314,
        "max": 0.499977529049,
        "mean": 0.467990756035,
        "median": 0.46991917491,
        "min": 0.389982014894,
        "var": 0.000335903168889
    },
    "dynamic_complexity": 2.55786776543,
    "erbbands_crest": {
        "dmean": 2.76130723953,
        "dmean2": 4.45913696289,
        "dvar": 8.16265201569,
        "dvar2": 18.8070793152,
        "max": 26.9397029877,
        "mean": 7.93338060379,
        "median": 6.7706489563,
        "min": 2.72324705124,
        "var": 15.1860723495
    },
    "erbbands_flatness_db": {
        "dmean": 0.0138834752142,
        "dmean2": 0.0211883746088,
        "dvar": 0.000217492575757,
        "dvar2": 0.000505577248987,
        "max": 0.257462978363,
        "mean": 0.149704441428,
        "median": 0.145817935467,
        "min": 0.0972685739398,
        "var": 0.000540109118447
    },
    "erbbands_kurtosis": {
        "dmean": 1.01476442814,
        "dmean2": 1.67573058605,
        "dvar": 4.14651823044,
        "dvar2": 9.84447956085,
        "max": 23.0521068573,
        "mean": -0.493651628494,
        "median": -1.1272714138,
        "min": -1.86869776249,
        "var": 4.3119726181
    },
    "erbbands_skewness": {
        "dmean": 0.525096178055,
        "dmean2": 0.782924056053,
        "dvar": 0.303951740265,
        "dvar2": 0.651481091976,
        "max": 4.31450414658,
        "mean": 0.238736972213,
        "median": 0.244333967566,
        "min": -3.23260855675,
        "var": 0.778850674629
    },
    "erbbands_spread": {
        "dmean": 13.4205722809,
        "dmean2": 21.0682601929,
        "dvar": 178.058563232,
        "dvar2": 429.854095459,
        "max": 153.967132568,
        "mean": 75.6703796387,
        "median": 75.9443283081,
        "min": 11.0529460907,
        "var": 391.578308105
    },
    "hfc": {
        "dmean": 5.1155500412,
        "dmean2": 7.00151777267,
        "dvar": 43.6629600525,
        "dvar2": 78.8482055664,
        "max": 50.5559654236,
        "mean": 11.9144973755,
        "median": 8.35616493225,
        "min": 0.000136330752866,
        "var": 86.2209854126
    },
    "melbands_crest": {
        "dmean": 3.79007911682,
        "dmean2": 6.08039665222,
        "dvar": 10.7388238907,
        "dvar2": 27.209936142,
        "max": 30.7613449097,
        "mean": 17.8178386688,
        "median": 17.6765003204,
        "min": 5.15579795837,
        "var": 26.7986125946
    },
    "melbands_flatness_db": {
        "dmean": 0.0408901162446,
        "dmean2": 0.0617416501045,
        "dvar": 0.00170988671016,
        "dvar2": 0.00356325996108,
        "max": 0.516817748547,
        "mean": 0.237366214395,
        "median": 0.229094102979,
        "min": 0.0452806726098,
        "var": 0.00580944912508
    },
    "melbands_kurtosis": {
        "dmean": 37.2344398499,
        "dmean2": 59.4428672791,
        "dvar": 3405.09204102,
        "dvar2": 8454.25976562,
        "max": 584.385131836,
        "mean": 63.1390113831,
        "median": 35.659538269,
        "min": -1.80945110321,
        "var": 5697.28564453
    },
    "melbands_skewness": {
        "dmean": 1.5660302639,
        "dmean2": 2.40388178825,
        "dvar": 2.89984273911,
        "dvar2": 6.43158149719,
        "max": 19.7859668732,
        "mean": 5.84628343582,
        "median": 5.10435009003,
        "min": -0.77790504694,
        "var": 8.50351333618
    },
    "melbands_spread": {
        "dmean": 8.32606220245,
        "dmean2": 12.4570980072,
        "dvar": 182.370361328,
        "dvar2": 368.839813232,
        "max": 186.207397461,
        "mean": 17.2763442993,
        "median": 10.7318668365,
        "min": 0.433532714844,
        "var": 441.308898926
    },
    "pitch_salience": {
        "dmean": 0.0929369851947,
        "dmean2": 0.14969407022,
        "dvar": 0.0077848942019,
        "dvar2": 0.0192126315087,
        "max": 0.794242620468,
        "mean": 0.478041261435,
        "median": 0.49341365695,
        "min": 0.109649680555,
        "var": 0.0176613051444
    },
    "silence_rate_20dB": {
        "dmean": 0,
        "dmean2": 0,
        "dvar": 0,
        "dvar2": 0,
        "max": 1,
        "mean": 1,
        "median": 1,
        "min": 1,
        "var": 0
    },
    "silence_rate_30dB": {
        "dmean": 0.082817338407,
        "dmean2": 0.165698796511,
        "dvar": 0.0759563297033,
        "dvar2": 0.148309409618,
        "max": 1,
        "mean": 0.914506793022,
        "median": 1,
        "min": 0,
        "var": 0.0781838074327
    },
    "silence_rate_60dB": {
        "dmean": 0.011609907262,
        "dmean2": 0.0232288036495,
        "dvar": 0.0114754308015,
        "dvar2": 0.0296568591148,
        "max": 1,
        "mean": 0.0205029007047,
        "median": 0,
        "min": 0,
        "var": 0.020081890747
    },
    "spectral_centroid": {
        "dmean": 391.885253906,
        "dmean2": 580.549194336,
        "dvar": 173984.3125,
        "dvar2": 328041.1875,
        "max": 4753.83203125,
        "mean": 1348.16027832,
        "median": 1161.27526855,
        "min": 137.92024231,
        "var": 599050.875
    },
    "spectral_complexity": {
        "dmean": 3.21439623833,
        "dmean2": 4.89198589325,
        "dvar": 20.1181278229,
        "dvar2": 43.3902778625,
        "max": 40,
        "mean": 9.59497070312,
        "median": 8,
        "min": 0,
        "var": 32.2176017761
    },
    "spectral_decrease": {
        "dmean": 5.43094857974e-09,
        "dmean2": 8.38586444729e-09,
        "dvar": 1.16269168645e-16,
        "dvar2": 2.55268281141e-16,
        "max": -1.99937451578e-14,
        "mean": -8.30297075538e-09,
        "median": -4.26565271994e-09,
        "min": -7.96653196744e-08,
        "var": 1.47088899182e-16
    },
    "spectral_energy": {
        "dmean": 0.020818259567,
        "dmean2": 0.0320519059896,
        "dvar": 0.0016889317194,
        "dvar2": 0.00369971222244,
        "max": 0.304407566786,
        "mean": 0.0324180424213,
        "median": 0.0169802252203,
        "min": 8.78264359017e-08,
        "var": 0.00214142142795
    },
    "spectral_energyband_high": {
        "dmean": 0.000422499026172,
        "dmean2": 0.000579591665883,
        "dvar": 4.12987645859e-07,
        "dvar2": 7.6678759342e-07,
        "max": 0.00483194971457,
        "mean": 0.000866325222887,
        "median": 0.000475017528515,
        "min": 8.11591505112e-09,
        "var": 9.48225988395e-07
    },
    "spectral_energyband_low": {
        "dmean": 0.0189403984696,
        "dmean2": 0.0302347801626,
        "dvar": 0.00155143172015,
        "dvar2": 0.00358484592289,
        "max": 0.291236132383,
        "mean": 0.0245821904391,
        "median": 0.010048228316,
        "min": 2.1559205976e-08,
        "var": 0.00181875634007
    },
    "spectral_energyband_middle_high": {
        "dmean": 0.000376285082893,
        "dmean2": 0.000566620146856,
        "dvar": 3.88573937471e-07,
        "dvar2": 9.26091615838e-07,
        "max": 0.00638257386163,
        "mean": 0.000873567420058,
        "median": 0.000704460660927,
        "min": 5.06480946072e-09,
        "var": 5.67328129364e-07
    },
    "spectral_energyband_middle_low": {
        "dmean": 0.00652605388314,
        "dmean2": 0.010756323114,
        "dvar": 0.000233747370658,
        "dvar2": 0.00058871350484,
        "max": 0.149231344461,
        "mean": 0.00850138347596,
        "median": 0.00487770047039,
        "min": 4.85376787651e-08,
        "var": 0.000190432692762
    },
    "spectral_entropy": {
        "dmean": 0.202343985438,
        "dmean2": 0.305425792933,
        "dvar": 0.0562231354415,
        "dvar2": 0.119772039354,
        "max": 8.41889095306,
        "mean": 7.68460988998,
        "median": 7.72538757324,
        "min": 5.74715232849,
        "var": 0.132284596562
    },
    "spectral_flux": {
        "dmean": 0.043670412153,
        "dmean2": 0.0699276402593,
        "dvar": 0.00388720422052,
        "dvar2": 0.00843174010515,
        "max": 0.462147295475,
        "mean": 0.0944043919444,
        "median": 0.0600043833256,
        "min": 0.00029635525425,
        "var": 0.00733381323516
    },
    "spectral_kurtosis": {
        "dmean": 0.734023153782,
        "dmean2": 1.25061714649,
        "dvar": 0.65054243803,
        "dvar2": 1.71992397308,
        "max": 10.8402442932,
        "mean": 0.987698256969,
        "median": 0.761547327042,
        "min": -0.772432088852,
        "var": 1.14684283733
    },
    "spectral_rms": {
        "dmean": 0.00140173442196,
        "dmean2": 0.00205926806666,
        "dvar": 4.33728155258e-06,
        "dvar2": 8.47483261168e-06,
        "max": 0.0172331947833,
        "mean": 0.00482654292136,
        "median": 0.00407014414668,
        "min": 9.25658332562e-06,
        "var": 8.33182912174e-06
    },
    "spectral_rolloff": {
        "dmean": 730.296813965,
        "dmean2": 1220.02185059,
        "dvar": 1752999.625,
        "dvar2": 3473729,
        "max": 8397.94921875,
        "mean": 1211.61193848,
        "median": 387.59765625,
        "min": 64.599609375,
        "var": 3315893.5
    },
    "spectral_skewness": {
        "dmean": 0.181490004063,
        "dmean2": 0.275410205126,
        "dvar": 0.0348862633109,
        "dvar2": 0.0680254176259,
        "max": 2.64971065521,
        "mean": 0.825772941113,
        "median": 0.83604568243,
        "min": 0.0293978657573,
        "var": 0.114623300731
    },
    "spectral_spread": {
        "dmean": 378226.625,
        "dmean2": 574571.9375,
        "dvar": 121861931008,
        "dvar2": 278152740864,
        "max": 9159854,
        "mean": 5540214,
        "median": 5514709.5,
        "min": 3105800.75,
        "var": 460402950144
    },
    "spectral_strongpeak": {
        "dmean": 0.247708588839,
        "dmean2": 0.399222522974,
        "dvar": 0.0946199670434,
        "dvar2": 0.2252535671,
        "max": 3.71419596672,
        "mean": 0.497479408979,
        "median": 0.433099120855,
        "min": 0.000647576875053,
        "var": 0.139647349715
    },
    "zerocrossingrate": {
        "dmean": 0.0150955244899,
        "dmean2": 0.0172444749624,
        "dvar": 0.000237278727582,
        "dvar2": 0.000262613204541,
        "max": 0.2802734375,
        "mean": 0.0597040466964,
        "median": 0.04931640625,
        "min": 0.00634765625,
        "var": 0.00161001901142
    },
    "barkbands": {
        "dmean": [9.63316269917e-05, 0.00712787825614, 0.0127035807818, 0.00430182507262, 0.00205651251599, 0.000789688026998, 0.000581829750445, 0.000165243443917, 0.000166365061887, 6.78271389916e-05, 3.43452884408e-05, 3.5605764424e-05, 3.82146427e-05, 4.39753821411e-05, 4.12403678638e-05, 3.64250336133e-05, 5.55860206077e-05, 8.08715631138e-05, 7.84241346992e-05, 9.81229386525e-05, 0.000112528243335, 0.000154436580488, 8.74917022884e-05, 6.58818316879e-05, 1.56459555001e-05, 1.16262048877e-08, 1.27258892313e-09],
        "dmean2": [0.000149960134877, 0.0123071009293, 0.0206246860325, 0.00766735244542, 0.00346301635727, 0.0012270839652, 0.000948306696955, 0.000270128512057, 0.000264343019808, 0.000104977996671, 5.40657929378e-05, 5.67646566196e-05, 5.93161057623e-05, 7.23122648196e-05, 6.86516141286e-05, 5.93821387156e-05, 8.85573099367e-05, 0.000130387968966, 0.000121034005133, 0.000155671688844, 0.00016732585209, 0.000229537166888, 0.00012764823623, 9.4366419944e-05, 2.31832091231e-05, 1.92074445238e-08, 2.30627072995e-09],
        "dvar": [4.5881829891e-08, 0.00020675813721, 0.000928736117203, 0.000169404083863, 2.09388181247e-05, 1.65079143244e-06, 1.40905717672e-06, 1.52458341063e-07, 8.06942210829e-08, 1.82201826959e-08, 9.99514782052e-09, 5.97453331252e-09, 6.1638272264e-09, 6.08431394156e-09, 7.70588926002e-09, 5.96680704845e-09, 1.24958825509e-08, 1.34070328173e-08, 9.13604303321e-09, 2.46048053043e-08, 2.71692641718e-08, 5.37522559796e-08, 2.10566586389e-08, 1.07533004723e-08, 5.64431057448e-10, 3.31011052545e-16, 4.19021615538e-18],
        "dvar2": [1.0294207442e-07, 0.000574960955419, 0.0022132191807, 0.000461706251372, 5.58769133931e-05, 4.01341958423e-06, 3.69573058379e-06, 3.90254456306e-07, 1.86964626891e-07, 4.31417710445e-08, 2.59918859769e-08, 1.48186467541e-08, 1.38401485827e-08, 1.56246997562e-08, 2.0206117668e-08, 1.52463606184e-08, 2.90721740015e-08, 3.40263959231e-08, 2.10961950131e-08, 5.5596348858e-08, 5.58743309398e-08, 1.13317483397e-07, 3.88476877333e-08, 1.97524396839e-08, 1.17174125958e-09, 8.55146622916e-16, 1.26234684977e-17],
        "max": [0.00281094107777, 0.113599956036, 0.231393456459, 0.123050421476, 0.0450258366764, 0.0157856363803, 0.0171036347747, 0.00675784610212, 0.00417856685817, 0.00230223685503, 0.00291983946227, 0.00126904831268, 0.00197952031158, 0.000914864940569, 0.000905499386135, 0.000973280344624, 0.00128789921291, 0.00118834036402, 0.00103027687874, 0.00170148175675, 0.00141108070966, 0.00289513519965, 0.00109473150223, 0.00168574857526, 0.000262253219262, 2.23330488325e-07, 2.00498888603e-08],
        "mean": [0.000105327890196, 0.00816362909973, 0.0139250308275, 0.00346898892894, 0.00239176233299, 0.00123389298096, 0.000926691049244, 0.000191338680452, 0.00025928625837, 0.000103813319583, 4.97875880683e-05, 5.25139585079e-05, 5.36290244781e-05, 6.12136063864e-05, 5.49492215214e-05, 5.28676428075e-05, 7.54155407776e-05, 0.000144701683894, 0.000141938930028, 0.000157881106134, 0.000195292072021, 0.0002829269215, 0.000157389076776, 0.000135489186505, 3.2265081245e-05, 1.82574133589e-08, 1.1021131785e-09],
        "median": [2.60446722677e-05, 0.00281296786852, 0.00472902227193, 0.000878937542439, 0.00117121671792, 0.000740944815334, 0.000273513869615, 5.70189149585e-05, 0.000101995778095, 2.91259166261e-05, 1.32076420414e-05, 1.84540076589e-05, 2.09541958611e-05, 3.04065451928e-05, 2.68887670245e-05, 2.78748084384e-05, 3.87355830753e-05, 9.96318267426e-05, 0.000100203869806, 8.83067841642e-05, 0.000100900288089, 0.000158267677762, 6.76600902807e-05, 6.43807143206e-05, 1.69482027559e-05, 9.73931424397e-09, 3.30945826299e-10],
        "min": [3.20869136816e-10, 5.69919578197e-09, 1.22848451412e-08, 3.74740682929e-09, 4.56228921308e-09, 2.6210676296e-08, 2.74293299185e-09, 9.08109309972e-10, 2.66373323399e-09, 1.65462726853e-10, 1.06418256152e-10, 6.16876327797e-10, 9.53402287673e-11, 1.46821443892e-10, 5.58955937091e-10, 3.5957153921e-10, 2.0824252045e-10, 6.76739553285e-10, 6.6049049563e-10, 3.17044557274e-10, 9.86080439525e-10, 1.58735924405e-09, 8.34837698971e-10, 1.01789032758e-09, 7.04681202279e-10, 4.05226633499e-12, 4.72286359327e-12],
        "var": [5.51005712168e-08, 0.000210543716094, 0.000864564033691, 0.000111401379399, 1.67781290656e-05, 2.4743267204e-06, 2.26385236601e-06, 1.69629188917e-07, 1.68077477269e-07, 3.8302925276e-08, 1.35801361267e-08, 9.9940660192e-09, 1.08611253324e-08, 7.5561654711e-09, 8.05749333921e-09, 6.5275966854e-09, 1.44214782338e-08, 2.22820002449e-08, 1.68783351739e-08, 3.64246943718e-08, 5.29154426943e-08, 1.08692525203e-07, 4.27817035131e-08, 2.93548474417e-08, 1.37731770433e-09, 5.0568841039e-16, 4.12827687111e-18]
    },
    "erbbands": {
        "dmean": [0.133724868298, 1.9761787653, 11.6945571899, 17.4219322205, 8.90838050842, 6.06615447998, 5.45287799835, 7.97003364563, 8.80420303345, 5.21362638474, 3.79514336586, 3.15120363235, 3.33539676666, 1.69585692883, 1.10877943039, 1.41809368134, 1.49809801579, 1.98063993454, 2.09954071045, 1.93502604961, 2.04000043869, 3.34214425087, 4.22858858109, 3.70748853683, 4.18655824661, 4.91019248962, 3.90724539757, 5.1476187706, 5.77358484268, 3.92812824249, 2.360476017, 1.7147475481, 0.94493997097, 0.312030047178, 0.0397209338844, 0.00166468415409, 7.48656821088e-05, 1.00658535303e-05, 1.07275309347e-05, 2.31170415645e-05],
        "dmean2": [0.219727128744, 3.35078144073, 19.033821106, 29.6292667389, 14.8654651642, 10.3408060074, 8.4126701355, 12.4136161804, 13.9705677032, 8.77088260651, 6.11428594589, 5.02914237976, 5.21086072922, 2.61553287506, 1.71882867813, 2.28875541687, 2.3356359005, 3.18441724777, 3.52879667282, 3.20177292824, 3.26942658424, 5.32783746719, 6.76097106934, 5.70705699921, 6.41185617447, 7.72450637817, 5.78623962402, 7.71148109436, 8.54467964172, 5.94922161102, 3.37841176987, 2.47895359993, 1.39220118523, 0.452906578779, 0.059742860496, 0.00247943378054, 0.000105440281914, 1.3912634131e-05, 1.5880623323e-05, 3.52295464836e-05],
        "dvar": [0.075950011611, 16.4779491425, 716.657714844, 2260.51074219, 582.477416992, 138.71484375, 71.1602096558, 195.919891357, 294.59777832, 136.075439453, 75.5696563721, 26.709274292, 39.4569206238, 16.4842910767, 5.87023353577, 12.1640377045, 11.564953804, 11.5135498047, 21.0102748871, 23.9992866516, 15.0418319702, 50.5418319702, 37.2941322327, 22.5425491333, 30.9291305542, 67.2148284912, 40.7918128967, 53.0237884521, 70.613319397, 39.0379447937, 16.1695022583, 8.20080184937, 1.95711028576, 0.219784662127, 0.00363296293654, 6.32241426501e-06, 1.14774598714e-08, 2.06000577707e-10, 3.1387398236e-10, 1.9572330423e-09],
        "dvar2": [0.190990462899, 45.6123466492, 1701.47595215, 5869.23193359, 1480.42077637, 375.835632324, 163.251831055, 476.25088501, 749.565856934, 371.354278564, 194.790039062, 65.9407577515, 90.6625061035, 41.9938316345, 14.088136673, 31.1995315552, 27.1636276245, 28.1159534454, 56.5070419312, 63.43309021, 36.8919143677, 122.475608826, 93.7135314941, 52.4875869751, 70.2869873047, 150.767593384, 86.8690872192, 111.245574951, 149.55569458, 79.4318389893, 31.2904396057, 14.9074344635, 3.90965390205, 0.450171083212, 0.00790721084923, 1.36373400892e-05, 2.27082583848e-08, 3.78986231286e-10, 6.55923926285e-10, 4.26346202786e-09],
        "max": [2.58799433708, 32.728263855, 196.930969238, 327.994720459, 245.447509766, 150.285369873, 136.973388672, 166.430755615, 258.876556396, 139.661071777, 168.365005493, 76.7088851929, 99.7726821899, 98.9301528931, 44.2491416931, 56.3293991089, 81.8243255615, 48.789150238, 56.2019271851, 58.4420852661, 48.3460693359, 81.5171356201, 66.1093826294, 54.9304542542, 53.5347251892, 86.4487915039, 56.065284729, 84.5319213867, 86.380317688, 74.3059997559, 33.226272583, 42.4876823425, 21.335439682, 4.83939838409, 0.817799568176, 0.0325867161155, 0.00117958884221, 0.00013278912229, 0.000137963841553, 0.000331201939844],
        "mean": [0.168241977692, 2.2319214344, 13.0861759186, 16.3087882996, 8.90929412842, 7.14575624466, 8.22830677032, 12.2011384964, 14.8614664078, 7.06566286087, 4.79789209366, 4.88255834579, 5.01474571228, 3.08880639076, 1.71085190773, 2.0763001442, 2.2792391777, 3.11896300316, 2.95736384392, 2.66327357292, 3.24572324753, 4.84907627106, 7.71897125244, 7.08521604538, 7.49388599396, 7.73993062973, 6.06504869461, 9.56625938416, 10.508939743, 6.96309137344, 4.02641105652, 3.21205449104, 1.97138309479, 0.67532402277, 0.0774019882083, 0.00334936287254, 0.000171304724063, 2.38388583966e-05, 2.05504584301e-05, 3.80090132239e-05],
        "median": [0.0670244172215, 0.783736228943, 4.6809258461, 5.05809831619, 2.91333174706, 3.65915584564, 4.55672311783, 6.75916242599, 5.89341020584, 2.77562451363, 1.72925066948, 2.15558743477, 2.01462578773, 1.00756335258, 0.71955281496, 0.702407181263, 1.02224600315, 1.57899129391, 1.52014136314, 1.3419573307, 1.92878437042, 2.68208861351, 5.24171304703, 5.11755609512, 5.33304929733, 4.1361451149, 2.65944981575, 5.64677619934, 5.93853712082, 3.45700192451, 1.60641717911, 1.35990297794, 1.01697731018, 0.36220702529, 0.0401241630316, 0.00176382786594, 0.000101469893707, 1.43177312566e-05, 1.36440821734e-05, 2.22374746954e-05],
        "min": [1.67274208707e-07, 1.41790815178e-06, 1.15084376375e-05, 1.59215032909e-05, 5.04549052494e-06, 1.45082904055e-05, 0.000143291050335, 0.000159153307322, 7.07266954123e-05, 4.63549258711e-05, 2.25421299547e-05, 4.14939204347e-05, 5.40270011697e-05, 6.71515908834e-06, 1.12519364848e-05, 3.26089830196e-05, 9.03605177882e-06, 7.31273121346e-06, 2.96549624181e-05, 1.97087410925e-05, 2.17654578591e-05, 1.76272242243e-05, 3.46576925949e-05, 1.8704260583e-05, 4.23167948611e-05, 1.74294455064e-05, 1.91842154891e-05, 9.04934640857e-05, 7.03992627678e-05, 3.61760285159e-05, 1.64314606081e-05, 1.4585716599e-05, 2.49356089626e-05, 1.20692384371e-05, 2.73342811852e-06, 1.25430759113e-07, 1.25495818182e-08, 3.42599304481e-09, 1.07400066618e-09, 2.33290581297e-10],
        "var": [0.087200500071, 16.2262382507, 694.869750977, 1705.12182617, 462.301513672, 117.540054321, 127.977058411, 285.331848145, 544.471618652, 138.946121216, 82.4943771362, 48.5004882812, 68.0243911743, 35.5088691711, 8.76395130157, 17.8577404022, 19.8948917389, 17.8191680908, 20.7137947083, 22.3025302887, 18.9821033478, 54.9100570679, 64.1470565796, 43.9348144531, 49.9636497498, 98.2480926514, 66.9730758667, 107.103782654, 147.147476196, 75.3925247192, 30.643995285, 20.2593574524, 5.26630401611, 0.572351515293, 0.008585549891, 1.53817327373e-05, 3.15877670687e-08, 5.78930126061e-10, 4.44832837232e-10, 2.50853471329e-09]
    },
    "gfcc": {
        "mean": [-39.1223602295, 101.161773682, -104.779678345, 94.0876617432, -79.1680755615, 20.6305294037, -38.3843383789, 3.84425330162, -8.55744934082, -10.8540267944, 2.09031033516, -16.4698238373, 1.64279687405],
        "cov": [[2264.73364258, -43.1335754395, -33.1921844482, -51.79246521, -142.239715576, 19.638841629, -31.7367725372, -31.9608078003, -78.0126342773, -38.6385955811, -107.82333374, -91.9521484375, -49.1146125793], [-43.1335754395, 707.839904785, 132.101715088, -103.845603943, 231.182296753, -101.088973999, 97.0566177368, -23.902879715, 58.3634567261, -102.042373657, 3.1778178215, -73.1721115112, 24.8945236206], [-33.1921844482, 132.101715088, 267.583312988, 87.8466796875, 112.916999817, 15.3813734055, 48.1387786865, -12.7285671234, 11.8292160034, -26.4171524048, 4.44563245773, -48.2968139648, -18.7759056091], [-51.79246521, -103.845603943, 87.8466796875, 208.516159058, 88.7320022583, 7.79753398895, 4.3095035553, -14.3400888443, 16.5996494293, -14.8431797028, 12.5252552032, -13.1199855804, -11.0452299118], [-142.239715576, 231.182296753, 112.916999817, 88.7320022583, 311.299560547, 57.4348831177, 98.1627502441, 13.6818580627, 32.871421814, -58.6378479004, 13.945643425, -60.8503341675, -22.8019351959], [19.638841629, -101.088973999, 15.3813734055, 7.79753398895, 57.4348831177, 192.834793091, 100.957977295, 16.7128791809, -31.4778556824, -2.72102236748, -10.0183572769, -24.7383842468, -36.8467025757], [-31.7367725372, 97.0566177368, 48.1387786865, 4.3095035553, 98.1627502441, 100.957977295, 163.000305176, 29.4803237915, 13.5022249222, -35.8220863342, -3.12001752853, -37.4510345459, -17.5503501892], [-31.9608078003, -23.902879715, -12.7285671234, -14.3400888443, 13.6818580627, 16.7128791809, 29.4803237915, 98.9040679932, 34.663269043, 19.5457801819, -3.69267344475, 7.86317157745, -4.92890548706], [-78.0126342773, 58.3634567261, 11.8292160034, 16.5996494293, 32.871421814, -31.4778556824, 13.5022249222, 34.663269043, 91.6686325073, 21.9961681366, 15.2522783279, -3.55596375465, 3.94421315193], [-38.6385955811, -102.042373657, -26.4171524048, -14.8431797028, -58.6378479004, -2.72102236748, -35.8220863342, 19.5457801819, 21.9961681366, 89.9523925781, 32.5719108582, 29.8975887299, 2.62176370621], [-107.82333374, 3.1778178215, 4.44563245773, 12.5252552032, 13.945643425, -10.0183572769, -3.12001752853, -3.69267344475, 15.2522783279, 32.5719108582, 75.2025604248, 37.073261261, 9.72233009338], [-91.9521484375, -73.1721115112, -48.2968139648, -13.1199855804, -60.8503341675, -24.7383842468, -37.4510345459, 7.86317157745, -3.55596375465, 29.8975887299, 37.073261261, 90.493812561, 51.3155822754], [-49.1146125793, 24.8945236206, -18.7759056091, -11.0452299118, -22.8019351959, -36.8467025757, -17.5503501892, -4.92890548706, 3.94421315193, 2.62176370621, 9.72233009338, 51.3155822754, 77.9834823608]],
        "icov": [[0.00051910826005, -0.000232775870245, 0.000113958885777, -0.000261089939158, 0.000505981850438, -0.000286099559162, 0.000242711947067, -0.000177543101017, 0.000358506978955, 1.22147059756e-06, 0.000261401495663, 0.000672446389217, -4.53812244814e-05], [-0.000232775870245, 0.00830683391541, -0.00292242597789, 0.00873977411538, -0.00631793495268, 0.00730373337865, -0.00422901846468, 0.00348670012318, -0.00301241921261, 0.00415501836687, -0.00209807581268, 0.00300706271082, -0.0030963786412], [0.000113958885777, -0.00292242597789, 0.00623086234555, -0.00479291053489, 0.00140783772804, -0.00186824297998, 0.00036179588642, -0.000890255090781, 0.00170853466261, -0.00194228091277, -0.000187947560335, 0.00167222740129, 0.000282041350147], [-0.000261089939158, 0.00873977411538, -0.00479291053489, 0.0156029397622, -0.00815922673792, 0.00677800504491, -0.00277947355062, 0.00487588671967, -0.0049374550581, 0.00530777452514, -0.00224306737073, 0.00137802259997, -0.00195481837727], [0.000505981850438, -0.00631793495268, 0.00140783772804, -0.00815922673792, 0.0116132758558, -0.00752831995487, 0.0031978089828, -0.00460079545155, 0.00056865089573, 0.00174261035863, -0.00350763439201, 0.00338260736316, -8.95896737347e-05], [-0.000286099559162, 0.00730373337865, -0.00186824297998, 0.00677800504491, -0.00752831995487, 0.0183072593063, -0.0123862847686, 0.00360940000974, 0.00369982980192, -0.00285277259536, 0.00249145040289, -0.00107223622035, 0.00219157617539], [0.000242711947067, -0.00422901846468, 0.00036179588642, -0.00277947355062, 0.0031978089828, -0.0123862847686, 0.0176547989249, -0.00574803072959, -0.00282833212987, 0.0059217941016, -0.00469617452472, 0.00447710463777, -0.002527783392], [-0.000177543101017, 0.00348670012318, -0.000890255090781, 0.00487588671967, -0.00460079545155, 0.00360940000974, -0.00574803072959, 0.0171518847346, -0.00670706341043, -0.00289967795834, 0.00644943816587, -0.00718800118193, 0.00376460514963], [0.000358506978955, -0.00301241921261, 0.00170853466261, -0.0049374550581, 0.00056865089573, 0.00369982980192, -0.00282833212987, -0.00670706341043, 0.0201831609011, -0.00859825313091, -0.000641590973828, 0.00351356086321, -0.00121033273172], [1.22147059756e-06, 0.00415501836687, -0.00194228091277, 0.00530777452514, 0.00174261035863, -0.00285277259536, 0.0059217941016, -0.00289967795834, -0.00859825313091, 0.0256397072226, -0.0124152870849, 0.00358080561273, -0.00196600961499], [0.000261401495663, -0.00209807581268, -0.000187947560335, -0.00224306737073, -0.00350763439201, 0.00249145040289, -0.00469617452472, 0.00644943816587, -0.000641590973828, -0.0124152870849, 0.0289990808815, -0.0191935766488, 0.00943823717535], [0.000672446389217, 0.00300706271082, 0.00167222740129, 0.00137802259997, 0.00338260736316, -0.00107223622035, 0.00447710463777, -0.00718800118193, 0.00351356086321, 0.00358080561273, -0.0191935766488, 0.039442230016, -0.022762356326], [-4.53812244814e-05, -0.0030963786412, 0.000282041350147, -0.00195481837727, -8.95896737347e-05, 0.00219157617539, -0.002527783392, 0.00376460514963, -0.00121033273172, -0.00196600961499, 0.00943823717535, -0.022762356326, 0.0281814765185]]
    },
    "melbands": {
        "dmean": [0.00155322987121, 0.0048101330176, 0.00274464813992, 0.000508283264935, 0.000196733730263, 0.000166496654856, 0.000131101711304, 5.05676835019e-05, 3.03494416585e-05, 2.17416381929e-05, 1.69509694388e-05, 7.21527658243e-06, 3.95788720198e-06, 3.90692548535e-06, 4.14333544541e-06, 3.52683287019e-06, 3.92242236558e-06, 3.57644421456e-06, 3.35855906997e-06, 2.44103512159e-06, 2.45860951509e-06, 3.43983174389e-06, 4.34822322859e-06, 3.85427756555e-06, 3.20923982144e-06, 3.1815809507e-06, 3.77988544642e-06, 3.09592678605e-06, 2.35237484958e-06, 2.91046990242e-06, 3.37619849233e-06, 3.48006483364e-06, 3.08334278998e-06, 2.03420859179e-06, 1.43647753248e-06, 1.20829099615e-06, 1.05974436337e-06, 7.91264028521e-07, 3.9638717908e-07, 2.61001076751e-07],
        "dmean2": [0.00266321818344, 0.00768900616094, 0.00458710826933, 0.000861352134962, 0.000308142247377, 0.00025906378869, 0.000209537945921, 8.50837677717e-05, 4.86833123432e-05, 3.45490661857e-05, 2.65179223788e-05, 1.11561703307e-05, 6.2276008066e-06, 6.08228856436e-06, 6.70596909913e-06, 5.48986372451e-06, 6.36663708065e-06, 6.08292384641e-06, 5.59407772016e-06, 3.99637201554e-06, 3.96058158003e-06, 5.55943233849e-06, 6.97143013895e-06, 6.15421186012e-06, 4.98992858411e-06, 4.97272867506e-06, 6.09204471402e-06, 4.87741817778e-06, 3.56646819455e-06, 4.31675925938e-06, 5.18304614161e-06, 5.2632913139e-06, 4.75543038192e-06, 3.14056865136e-06, 2.11291717278e-06, 1.79729033789e-06, 1.56054943545e-06, 1.19827086564e-06, 5.87688248288e-07, 3.92450260733e-07],
        "dvar": [9.27498058445e-06, 0.000108795742563, 5.3026524256e-05, 1.46633522036e-06, 8.86584459181e-08, 8.02884940754e-08, 6.46637943191e-08, 1.27228485525e-08, 4.45454118037e-09, 1.33841560057e-09, 1.00688291038e-09, 2.82853546141e-10, 1.09069753229e-10, 6.36004027221e-11, 1.30037619561e-10, 3.67404752455e-11, 4.53991011451e-11, 6.28108468015e-11, 4.84589313121e-11, 4.02902121388e-11, 2.20804364376e-11, 5.76971526112e-11, 5.60799150173e-11, 2.94677303392e-11, 1.7435705657e-11, 1.65701705829e-11, 3.07613552686e-11, 2.87753727096e-11, 1.58618517626e-11, 1.94212528004e-11, 2.41953297675e-11, 2.36000090997e-11, 2.67393902159e-11, 1.01001394748e-11, 6.14324953754e-12, 4.17834907299e-12, 3.24537033532e-12, 1.40761491005e-12, 3.71204233801e-13, 1.62023375944e-13],
        "dvar2": [2.52502104559e-05, 0.000258028798271, 0.000135728521855, 3.83392398362e-06, 2.11526170801e-07, 1.95838694594e-07, 1.67021681818e-07, 3.42614292492e-08, 1.13520322031e-08, 3.24846682886e-09, 2.31466956713e-09, 7.07890412954e-10, 2.81258211166e-10, 1.45829043285e-10, 3.25787702371e-10, 8.60798168856e-11, 1.11900308464e-10, 1.69199945721e-10, 1.26427021629e-10, 1.06971084768e-10, 5.55968292237e-11, 1.39470213156e-10, 1.40055703146e-10, 7.16682269086e-11, 4.08438075028e-11, 3.89443512161e-11, 7.37789968008e-11, 6.32065441653e-11, 3.60426133383e-11, 3.96600981223e-11, 5.36937092011e-11, 5.04722305616e-11, 6.18188486512e-11, 2.09731450956e-11, 1.24314950695e-11, 7.96812789361e-12, 6.22962792463e-12, 2.96443555467e-12, 7.61706941011e-13, 3.60460738948e-13],
        "max": [0.0244822539389, 0.0752572268248, 0.0491999462247, 0.0114496080205, 0.00392770348117, 0.00341040897183, 0.00384966703132, 0.00138056091964, 0.00127161224373, 0.000552119221538, 0.000482797098812, 0.000373964838218, 0.000267278170213, 0.000108744388854, 0.000227741678827, 9.35402349569e-05, 9.72483030637e-05, 0.000103393540485, 7.602074038e-05, 8.94258846529e-05, 6.96113638696e-05, 8.92328389455e-05, 0.000101379519037, 7.10274252924e-05, 5.77813079872e-05, 4.98394329043e-05, 6.9773181167e-05, 5.99903833063e-05, 3.48598841811e-05, 5.29891440237e-05, 6.86877101543e-05, 5.25620635017e-05, 8.18479893496e-05, 2.95139016089e-05, 2.36978958128e-05, 2.36118758039e-05, 3.2865718822e-05, 1.61598854902e-05, 8.39920721774e-06, 5.40593646292e-06],
        "mean": [0.00187734537758, 0.00568087631837, 0.00268390541896, 0.000538899796084, 0.000298553000903, 0.00026099209208, 0.000219259614823, 6.50620277156e-05, 3.81947211281e-05, 3.34422293236e-05, 2.50724315265e-05, 1.27140729091e-05, 5.84027429795e-06, 5.60113949177e-06, 5.45120701645e-06, 5.35999379281e-06, 5.81550693823e-06, 4.68470079795e-06, 4.43215958512e-06, 3.2165507946e-06, 3.74167439077e-06, 4.49825483884e-06, 6.72402165947e-06, 6.67353333483e-06, 5.58247256777e-06, 5.39458733329e-06, 6.13712973063e-06, 4.62864727524e-06, 3.19761375067e-06, 4.73200771012e-06, 5.92591095483e-06, 6.27045847068e-06, 4.86596945848e-06, 3.51134053744e-06, 2.31061017075e-06, 2.03258764486e-06, 1.92107313524e-06, 1.57272404522e-06, 7.86015448284e-07, 5.22281823123e-07],
        "median": [0.000725874968339, 0.00218214397319, 0.000882229884155, 0.000227229917073, 0.000171001505805, 0.000157725618919, 9.01805251488e-05, 2.27294422075e-05, 1.23231839098e-05, 1.38095847433e-05, 9.36944525165e-06, 3.39537132277e-06, 1.98963903131e-06, 1.97938243218e-06, 1.27639907532e-06, 2.45365094997e-06, 2.77809249383e-06, 2.12974600799e-06, 2.15122622649e-06, 1.46203115037e-06, 2.17636193156e-06, 2.25077883442e-06, 3.8869270611e-06, 4.56575662611e-06, 3.78113622901e-06, 3.68685323338e-06, 3.95278357246e-06, 2.24327550313e-06, 1.36272808504e-06, 2.09255586014e-06, 3.64764582628e-06, 3.69165081793e-06, 2.36166852119e-06, 1.72014472355e-06, 8.9879438292e-07, 8.40330869778e-07, 7.73843964907e-07, 7.96443373474e-07, 4.02743864925e-07, 2.77077674582e-07],
        "min": [1.49416079509e-09, 4.67051819442e-09, 2.4682744737e-09, 3.67656072253e-10, 4.18452783535e-09, 3.87674292668e-09, 1.06941111522e-09, 6.68291755268e-10, 1.73721120822e-10, 3.209387478e-10, 2.27341923065e-10, 1.79890043833e-11, 3.01347176379e-11, 7.19699577711e-11, 4.06280217802e-11, 8.15281609584e-12, 1.31852541038e-11, 3.20912879603e-11, 4.12348141743e-11, 3.6032007239e-11, 2.06745991854e-11, 8.18073560283e-12, 4.51984318028e-11, 1.97130350238e-11, 1.25968645237e-11, 3.0611457813e-11, 1.72520869118e-11, 1.14079518401e-11, 6.43735672406e-12, 1.73289455702e-11, 5.09271826099e-11, 5.36711994292e-11, 1.21070636155e-11, 2.33373841085e-11, 1.13465851298e-11, 4.66859060091e-12, 1.10072532686e-11, 1.68036331377e-11, 1.44503159438e-11, 9.12862407193e-12],
        "var": [1.0217810086e-05, 0.000114065071102, 4.16107322962e-05, 1.15260513667e-06, 1.54009782705e-07, 1.17420796641e-07, 1.11272782988e-07, 1.30560318112e-08, 5.18498222135e-09, 2.58771959416e-09, 1.7674660624e-09, 6.41475039753e-10, 1.38893729851e-10, 1.09166259366e-10, 1.91461624333e-10, 6.86659964999e-11, 6.6949383537e-11, 6.15495779344e-11, 5.26532775713e-11, 3.68517161231e-11, 2.72435216747e-11, 6.05853214819e-11, 7.88620418968e-11, 5.15787655642e-11, 3.25024382408e-11, 2.7525988433e-11, 4.41953938723e-11, 4.08306374822e-11, 2.10688272384e-11, 3.96199878461e-11, 4.30022371878e-11, 4.98116617398e-11, 4.38354803844e-11, 1.91350199574e-11, 1.07404484612e-11, 8.33498027542e-12, 7.94578465524e-12, 3.56888303632e-12, 8.48914309074e-13, 3.8302922032e-13]
    },
    "mfcc": {
        "mean": [-665.03894043, 86.1157608032, 42.6455230713, 54.2699890137, 9.45679664612, 10.3635082245, -2.60337901115, 5.36572027206, -1.84689235687, 1.48745465279, 6.8119354248, -1.46453785896, -5.07592535019],
        "cov": [[2271.47094727, -123.214019775, 9.88402843475, -108.410339355, -142.550964355, -32.5610961914, -52.4932441711, -54.5423088074, -3.70572805405, 24.7231445312, -87.9834136963, -33.1188545227, -52.3994178772], [-123.214019775, 836.306762695, -35.5639343262, 38.2344017029, 79.4973678589, -29.3279800415, 47.2128791809, 46.209148407, 62.8834533691, -14.8904047012, 77.0983505249, -58.6871261597, -51.1581077576], [9.88402843475, -35.5639343262, 193.002365112, 39.1915397644, -7.56463909149, 26.0845222473, 9.44390392303, -7.65277528763, -9.28166007996, 9.48383712769, -7.63850498199, 11.3960666656, -5.32384967804], [-108.410339355, 38.2344017029, 39.1915397644, 210.679763794, 109.407569885, 4.97429132462, -7.99410295486, 12.7022132874, 5.58605909348, 6.61489868164, -24.5184879303, 18.5903358459, 26.5155258179], [-142.550964355, 79.4973678589, -7.56463909149, 109.407569885, 176.822555542, 44.7025909424, 41.2361564636, 32.6044578552, 14.071805954, 12.9094743729, 9.04439163208, 23.2428607941, 19.0514411926], [-32.5610961914, -29.3279800415, 26.0845222473, 4.97429132462, 44.7025909424, 144.404083252, 95.6920623779, 43.007194519, 6.71331596375, 26.0457897186, 4.10107326508, 13.2426424026, -2.35249018669], [-52.4932441711, 47.2128791809, 9.44390392303, -7.99410295486, 41.2361564636, 95.6920623779, 154.121459961, 74.9516906738, 22.7203330994, 22.7282772064, 24.8618927002, 8.36364936829, -1.5455429554], [-54.5423088074, 46.209148407, -7.65277528763, 12.7022132874, 32.6044578552, 43.007194519, 74.9516906738, 104.68522644, 46.0351867676, 20.4569168091, 18.1676445007, -1.07979333401, -7.38800287247], [-3.70572805405, 62.8834533691, -9.28166007996, 5.58605909348, 14.071805954, 6.71331596375, 22.7203330994, 46.0351867676, 81.7626419067, 29.0148506165, 21.7246818542, -7.54695653915, -7.2226805687], [24.7231445312, -14.8904047012, 9.48383712769, 6.61489868164, 12.9094743729, 26.0457897186, 22.7282772064, 20.4569168091, 29.0148506165, 75.5057754517, 25.9607315063, 13.9585886002, -9.00690937042], [-87.9834136963, 77.0983505249, -7.63850498199, -24.5184879303, 9.04439163208, 4.10107326508, 24.8618927002, 18.1676445007, 21.7246818542, 25.9607315063, 102.151191711, 16.7264785767, -16.0358085632], [-33.1188545227, -58.6871261597, 11.3960666656, 18.5903358459, 23.2428607941, 13.2426424026, 8.36364936829, -1.07979333401, -7.54695653915, 13.9585886002, 16.7264785767, 82.2685852051, 42.7234077454], [-52.3994178772, -51.1581077576, -5.32384967804, 26.5155258179, 19.0514411926, -2.35249018669, -1.5455429554, -7.38800287247, -7.2226805687, -9.00690937042, -16.0358085632, 42.7234077454, 88.1893768311]],
