{
"lowlevel": {
    "average_loudness": 0.980408728123,
    "barkbands_crest": {
        "dmean": 2.82355666161,
        "dmean2": 4.59215784073,
        "dvar": 8.03580284119,
        "dvar2": 18.3671264648,
        "max": 23.5041999817,
        "mean": 9.45779323578,
        "median": 8.4978094101,
        "min": 3.2998893261,
        "var": 15.6118717194
    },
    "barkbands_flatness_db": {
        "dmean": 0.0227280352265,
        "dmean2": 0.034472104162,
        "dvar": 0.000564695859794,
        "dvar2": 0.00133626221213,
        "max": 0.307444125414,
        "mean": 0.128650158644,
        "median": 0.124888777733,
        "min": 0.0363263338804,
        "var": 0.00177355250344
    },
    "barkbands_kurtosis": {
        "dmean": 3.89363861084,
        "dmean2": 6.55315256119,
        "dvar": 74.7786560059,
        "dvar2": 196.201446533,
        "max": 102.700134277,
        "mean": 4.44937562943,
        "median": 2.21966648102,
        "min": -1.77446210384,
        "var": 70.230140686
    },
    "barkbands_skewness": {
        "dmean": 0.623711526394,
        "dmean2": 0.977232396603,
        "dvar": 0.70981323719,
        "dvar2": 1.74237155914,
        "max": 9.19740581512,
        "mean": 1.71258223057,
        "median": 1.46892797947,
        "min": -0.475289046764,
        "var": 1.16596496105
    },
    "barkbands_spread": {
        "dmean": 4.92200565338,
        "dmean2": 7.36619520187,
        "dvar": 42.8551101685,
        "dvar2": 81.3149414062,
        "max": 110.908294678,
        "mean": 19.6974220276,
        "median": 18.0923519135,
        "min": 1.57120776176,
        "var": 110.146011353
    },
    "dissonance": {
        "dmean": 0.0159632004797,
        "dmean2": 0.0265358109027,
        "dvar": 0.00021867279429,
        "dvar2": 0.000609081878792,
        "max": 0.499825298786,
        "mean": 0.46580979228,
        "median": 0.470092862844,
        "min": 0.374154597521,
        "var": 0.000419294578023
    },
    "dynamic_complexity": 2.4898891449,
    "erbbands_crest": {
        "dmean": 1.9638658762,
        "dmean2": 3.16469335556,
        "dvar": 3.42046809196,
        "dvar2": 8.53179645538,
        "max": 22.5705680847,
        "mean": 7.70248317719,
        "median": 6.73980045319,
        "min": 2.75484967232,
        "var": 11.9617595673
    },
    "erbbands_flatness_db": {
        "dmean": 0.0159415453672,
        "dmean2": 0.0210124775767,
        "dvar": 0.000282247172436,
        "dvar2": 0.000464419019409,
        "max": 0.264461964369,
        "mean": 0.142274141312,
        "median": 0.140205010772,
        "min": 0.047259580344,
        "var": 0.00124340818729
    },
    "erbbands_kurtosis": {
        "dmean": 0.561670005322,
        "dmean2": 0.876210749149,
        "dvar": 0.446230351925,
        "dvar2": 1.00936353207,
        "max": 9.09974956512,
        "mean": 0.0891139134765,
        "median": -0.246415615082,
        "min": -1.53933358192,
        "var": 1.55850255489
    },
    "erbbands_skewness": {
        "dmean": 0.270651936531,
        "dmean2": 0.403964042664,
        "dvar": 0.0721065476537,
        "dvar2": 0.157129839063,
        "max": 2.16636610031,
        "mean": 0.317737311125,
        "median": 0.284413546324,
        "min": -2.31207108498,
        "var": 0.304598122835
    },
    "erbbands_spread": {
        "dmean": 7.66192102432,
        "dmean2": 11.6567401886,
        "dvar": 63.2558288574,
        "dvar2": 138.821426392,
        "max": 98.7297210693,
        "mean": 40.038734436,
        "median": 37.6727371216,
        "min": 9.14541244507,
        "var": 242.064071655
    },
    "hfc": {
        "dmean": 6.10384988785,
        "dmean2": 9.44688224792,
        "dvar": 91.2065124512,
        "dvar2": 223.191497803,
        "max": 102.025253296,
        "mean": 21.8936080933,
        "median": 19.7735691071,
        "min": 2.30930979228e-07,
        "var": 198.798095703
    },
    "melbands_crest": {
        "dmean": 3.02129173279,
        "dmean2": 4.90865039825,
        "dvar": 7.86367225647,
        "dvar2": 18.40001297,
        "max": 27.7638244629,
        "mean": 13.5088558197,
        "median": 12.834274292,
        "min": 4.68517875671,
        "var": 18.8735294342
    },
    "melbands_flatness_db": {
        "dmean": 0.0276344791055,
        "dmean2": 0.0413746349514,
        "dvar": 0.000870965188369,
        "dvar2": 0.00200553541072,
        "max": 0.415025144815,
        "mean": 0.202955275774,
        "median": 0.199023008347,
        "min": 0.0604079030454,
        "var": 0.00284944730811
    },
    "melbands_kurtosis": {
        "dmean": 9.88115882874,
        "dmean2": 16.4794559479,
        "dvar": 438.007507324,
        "dvar2": 1143.13232422,
        "max": 248.640914917,
        "mean": 13.8644294739,
        "median": 7.44114875793,
        "min": -1.13945829868,
        "var": 416.025512695
    },
    "melbands_skewness": {
        "dmean": 0.873204767704,
        "dmean2": 1.37548649311,
        "dvar": 1.31380987167,
        "dvar2": 3.17069101334,
        "max": 12.0446805954,
        "mean": 2.77343297005,
        "median": 2.42000985146,
        "min": -0.082995057106,
        "var": 2.39586019516
    },
    "melbands_spread": {
        "dmean": 5.54514455795,
        "dmean2": 8.39739513397,
        "dvar": 50.4122200012,
        "dvar2": 107.071464539,
        "max": 124.422546387,
        "mean": 18.8817157745,
        "median": 17.617767334,
        "min": 1.23474752903,
        "var": 112.209602356
    },
    "pitch_salience": {
        "dmean": 0.0736972242594,
        "dmean2": 0.12088611722,
        "dvar": 0.0056538246572,
        "dvar2": 0.014469217509,
        "max": 0.775521874428,
        "mean": 0.551929712296,
        "median": 0.566977322102,
        "min": 0.187021717429,
        "var": 0.0101949470118
    },
    "silence_rate_20dB": {
        "dmean": 0,
        "dmean2": 0,
        "dvar": 0,
        "dvar2": 0,
        "max": 1,
        "mean": 1,
        "median": 1,
        "min": 1,
        "var": 0
    },
    "silence_rate_30dB": {
        "dmean": 0.0588235296309,
        "dmean2": 0.117738187313,
        "dvar": 0.0553636401892,
        "dvar2": 0.150348991156,
        "max": 1,
        "mean": 0.964423835278,
        "median": 1,
        "min": 0,
        "var": 0.0343110375106
    },
    "silence_rate_60dB": {
        "dmean": 0.00154798757285,
        "dmean2": 0.00309837330133,
        "dvar": 0.0015455794055,
        "dvar2": 0.00308882608078,
        "max": 1,
        "mean": 0.0355761796236,
        "median": 0,
        "min": 0,
        "var": 0.0343111976981
    },
    "spectral_centroid": {
        "dmean": 230.383850098,
        "dmean2": 346.506988525,
        "dvar": 148737.453125,
        "dvar2": 237465.484375,
        "max": 11294.0732422,
        "mean": 1113.4465332,
        "median": 1039.60070801,
        "min": 270.522583008,
        "var": 280124
    },
    "spectral_complexity": {
        "dmean": 3.56346750259,
        "dmean2": 5.64833450317,
        "dvar": 15.3126029968,
        "dvar2": 31.4146957397,
        "max": 48,
        "mean": 21.6689872742,
        "median": 21,
        "min": 0,
        "var": 65.7775878906
    },
    "spectral_decrease": {
        "dmean": 5.03574915101e-09,
        "dmean2": 8.52975734489e-09,
        "dvar": 7.4705645735e-17,
        "dvar2": 1.97395681462e-16,
        "max": -6.18734365553e-18,
        "mean": -1.01539159303e-08,
        "median": -8.3110203164e-09,
        "min": -5.2930111849e-08,
        "var": 6.77543705917e-17
    },
    "spectral_energy": {
        "dmean": 0.0194332525134,
        "dmean2": 0.0328521803021,
        "dvar": 0.00109542545397,
        "dvar2": 0.00289326580241,
        "max": 0.201814725995,
        "mean": 0.040308997035,
        "median": 0.0332873277366,
        "min": 4.42985682858e-11,
        "var": 0.00100476387888
    },
    "spectral_energyband_high": {
        "dmean": 0.000360456208,
        "dmean2": 0.000520845118444,
        "dvar": 4.95049334859e-07,
        "dvar2": 1.04653975086e-06,
        "max": 0.00883240997791,
        "mean": 0.000831788114738,
        "median": 0.000346488581272,
        "min": 1.69760594471e-11,
        "var": 1.39420740197e-06
    },
    "spectral_energyband_low": {
        "dmean": 0.013753595762,
        "dmean2": 0.0236438605934,
        "dvar": 0.000945686537307,
        "dvar2": 0.00253060250543,
        "max": 0.194508805871,
        "mean": 0.0181538779289,
        "median": 0.0103321699426,
        "min": 5.31912621587e-12,
        "var": 0.000772008148488
    },
    "spectral_energyband_middle_high": {
        "dmean": 0.00161676306743,
        "dmean2": 0.00251536304131,
        "dvar": 5.45634202354e-06,
        "dvar2": 1.36050803121e-05,
        "max": 0.0278696157038,
        "mean": 0.00576119171456,
        "median": 0.00519296852872,
        "min": 4.28676929023e-12,
        "var": 1.64351349667e-05
    },
    "spectral_energyband_middle_low": {
        "dmean": 0.00768888322636,
        "dmean2": 0.0130030428991,
        "dvar": 0.000224864314077,
        "dvar2": 0.00059914792655,
        "max": 0.13493552804,
        "mean": 0.0178547482938,
        "median": 0.0153669901192,
        "min": 5.55996394758e-12,
        "var": 0.00022356165573
    },
    "spectral_entropy": {
        "dmean": 0.148293241858,
        "dmean2": 0.207584068179,
        "dvar": 0.0290463417768,
        "dvar2": 0.0498761534691,
        "max": 9.78494167328,
        "mean": 7.57869052887,
        "median": 7.56678819656,
        "min": 6.65792942047,
        "var": 0.10674034059
    },
    "spectral_flux": {
        "dmean": 0.040733974427,
        "dmean2": 0.0628287345171,
        "dvar": 0.00297160446644,
        "dvar2": 0.00585818756372,
        "max": 0.395477175713,
        "mean": 0.0997819751501,
        "median": 0.0769971683621,
        "min": 1.63078129845e-05,
        "var": 0.00473567284644
    },
    "spectral_kurtosis": {
        "dmean": 1.37940263748,
        "dmean2": 2.2770690918,
        "dvar": 2.48843932152,
        "dvar2": 6.58089733124,
        "max": 18.9371757507,
        "mean": 4.22302770615,
        "median": 3.7944393158,
        "min": -1.21060550213,
        "var": 5.79182481766
    },
    "spectral_rms": {
        "dmean": 0.00125804927666,
        "dmean2": 0.00202918564901,
        "dvar": 3.22109008266e-06,
        "dvar2": 8.11775407783e-06,
        "max": 0.0140318358317,
        "mean": 0.00587219791487,
        "median": 0.0056987227872,
        "min": 2.07889669923e-07,
        "var": 4.84318707095e-06
    },
    "spectral_rolloff": {
        "dmean": 360.23046875,
        "dmean2": 593.489929199,
        "dvar": 483493.0625,
        "dvar2": 899003.1875,
        "max": 14125.78125,
        "mean": 1055.67529297,
        "median": 882.861328125,
        "min": 86.1328125,
        "var": 764770.6875
    },
    "spectral_skewness": {
        "dmean": 0.195775642991,
        "dmean2": 0.309457868338,
        "dvar": 0.0389886088669,
        "dvar2": 0.0885916724801,
        "max": 2.85666251183,
        "mean": 1.56828725338,
        "median": 1.55722057819,
        "min": -0.0042490712367,
        "var": 0.145526841283
    },
    "spectral_spread": {
        "dmean": 516447.3125,
        "dmean2": 666344.25,
        "dvar": 1.34475638374e+12,
        "dvar2": 1.55847701299e+12,
        "max": 40969672,
        "mean": 4548656.5,
        "median": 4386802,
        "min": 1988541.25,
        "var": 2.48708202496e+12
    },
    "spectral_strongpeak": {
        "dmean": 0.449383288622,
        "dmean2": 0.771006047726,
        "dvar": 0.51044344902,
        "dvar2": 1.22862350941,
        "max": 7.42127180099,
        "mean": 0.880720317364,
        "median": 0.543844401836,
        "min": 0,
        "var": 0.954599380493
    },
    "zerocrossingrate": {
        "dmean": 0.00903018005192,
        "dmean2": 0.0108567876741,
        "dvar": 0.000177588837687,
        "dvar2": 0.000182339121238,
        "max": 0.40771484375,
        "mean": 0.0502552054822,
        "median": 0.04541015625,
        "min": 0.00830078125,
        "var": 0.000619582424406
    },
    "barkbands": {
        "dmean": [0.000227313299547, 0.00940153002739, 0.0047829686664, 0.00224444339983, 0.00476941140369, 0.000942914746702, 0.000631282222457, 0.00109146768227, 0.000763402611483, 0.000459361966932, 0.00043426596676, 0.000424228404881, 0.000446656136774, 0.000269403622951, 0.00031879535527, 0.000212531798752, 0.000227408265346, 9.76748051471e-05, 0.000132046843646, 0.00010982958338, 0.000103771257272, 0.000121490651509, 7.15322676115e-05, 3.70269481209e-05, 3.9347611164e-05, 1.92703828361e-05, 1.7657432636e-06],
        "dmean2": [0.000398761680117, 0.0159451700747, 0.00876514986157, 0.00396351935342, 0.00830649398267, 0.00150389538612, 0.00103698589373, 0.00166497763712, 0.00107354682405, 0.000726246391423, 0.00066643289756, 0.000635775155388, 0.000718645285815, 0.000422126293415, 0.000511953083333, 0.000344125408446, 0.000382205791539, 0.000164123775903, 0.00021675635071, 0.000180471979547, 0.000167804173543, 0.000184282907867, 0.000104475264379, 5.51914017706e-05, 5.83415567235e-05, 2.76344344456e-05, 2.84428824671e-06],
        "dvar": [1.59686450729e-07, 0.000472044019261, 0.000123698875541, 1.27859138956e-05, 0.000124495840282, 2.58866430158e-06, 2.13286170947e-06, 4.7157800509e-06, 2.29426632359e-06, 6.36322340597e-07, 4.16234456679e-07, 7.28546012851e-07, 6.61018248138e-07, 1.7047484846e-07, 2.94887911423e-07, 9.18704543551e-08, 1.19527285847e-07, 2.61868340345e-08, 3.43919133172e-08, 3.02289002718e-08, 4.79738453407e-08, 1.01198700975e-07, 1.76485173142e-08, 4.92278529052e-09, 7.30422300421e-09, 2.27796714825e-09, 2.6010693599e-11],
        "dvar2": [4.60931147472e-07, 0.00123086140957, 0.000350896414602, 3.63737271982e-05, 0.000333706586389, 5.98697988607e-06, 5.08961056767e-06, 1.16276196422e-05, 3.88656872019e-06, 1.61124614806e-06, 9.49739444422e-07, 1.83557460787e-06, 1.65241408467e-06, 3.84174086321e-07, 6.63038292714e-07, 2.32493746921e-07, 3.12395002311e-07, 7.03333640217e-08, 8.67759553103e-08, 7.88808662833e-08, 1.29317953679e-07, 2.09262381645e-07, 3.80181042203e-08, 1.15175380344e-08, 1.6570693262e-08, 4.64667948563e-09, 6.25397927889e-11],
        "max": [0.00439577549696, 0.139157965779, 0.0927921235561, 0.0314113236964, 0.0992885455489, 0.0185523945838, 0.0217934884131, 0.0320521369576, 0.0361630693078, 0.0144439516589, 0.0103272488341, 0.0161515809596, 0.00969644635916, 0.00489148730412, 0.0104201789945, 0.00573299266398, 0.00439942954108, 0.00170820846688, 0.00211510201916, 0.0021113937255, 0.00285984622315, 0.00531248748302, 0.00173517607618, 0.0009314797353, 0.00098463834729, 0.000669178902172, 5.71366326767e-05],
        "mean": [0.000235127896303, 0.00993929523975, 0.00586884887889, 0.00375349796377, 0.00613474100828, 0.00190617446788, 0.00110294145998, 0.00277534429915, 0.00181397655979, 0.0010497206822, 0.000881590240169, 0.000819174223579, 0.000794401392341, 0.000457011250546, 0.000616052479018, 0.000382936530514, 0.000414559064666, 0.000168526530615, 0.000273867568467, 0.000208777186344, 0.000177345413249, 0.00022574304603, 0.000138104485814, 7.51889674575e-05, 6.64479666739e-05, 2.7921392757e-05, 1.74480021542e-06],
        "median": [9.53457783908e-05, 0.00337448436767, 0.00320159527473, 0.00221613119356, 0.0034849550575, 0.00119818991516, 0.000647402368486, 0.000718112685718, 0.00100779230706, 0.000530898105353, 0.000561521970667, 0.000396501593059, 0.000420210824814, 0.000229155411944, 0.000354246876668, 0.000251049670624, 0.000280743115582, 0.000114994239993, 0.000188157515367, 0.000117599003715, 7.06533392076e-05, 8.20468339953e-05, 5.53353202122e-05, 2.81316861219e-05, 2.42479436565e-05, 6.19829233983e-06, 1.58762489377e-07],
        "min": [6.62167629756e-12, 1.05431039333e-12, 8.88110006543e-13, 3.2443448969e-13, 2.16953928781e-12, 1.69699638456e-12, 2.63429333685e-13, 2.63634085266e-13, 3.55606467667e-13, 7.5701033983e-13, 5.69439027182e-13, 2.85034257481e-13, 1.52383504036e-13, 2.00092885511e-13, 3.17696254503e-13, 6.48969647552e-13, 2.73938884814e-13, 4.31343410425e-13, 5.53517084598e-13, 8.32075944604e-13, 1.06954300017e-12, 1.67922034784e-12, 1.92039830219e-12, 2.43840429619e-12, 2.31072452839e-12, 3.75060356037e-12, 3.99751542632e-12],
        "var": [1.49160570118e-07, 0.000400047836592, 8.39918648126e-05, 1.95847478608e-05, 9.99962212518e-05, 5.37849746252e-06, 2.8080046377e-06, 2.39263281401e-05, 7.29472913008e-06, 1.94016956812e-06, 1.05159119812e-06, 1.84598707165e-06, 1.16087960578e-06, 3.68476435142e-07, 6.81509277456e-07, 1.90210869278e-07, 2.01998517468e-07, 3.44400241659e-08, 6.85880294782e-08, 6.83042529204e-08, 7.40390220244e-08, 1.9565771936e-07, 4.50292461096e-08, 1.26654091659e-08, 1.16612586254e-08, 3.7670466746e-09, 2.48252390866e-11]
    },
    "erbbands": {
        "dmean": [0.193471238017, 2.42847180367, 5.71282672882, 5.89085817337, 15.5621099472, 13.8455991745, 8.53414154053, 8.08795261383, 8.325507164, 14.6520214081, 21.7239360809, 15.6430711746, 13.2430238724, 14.3868045807, 14.6860532761, 15.7045021057, 20.8875236511, 13.7627105713, 14.0965633392, 11.8445987701, 11.4503030777, 13.0437927246, 5.71120452881, 5.83579874039, 6.45165729523, 5.48800611496, 3.96251869202, 4.29054927826, 4.35113334656, 3.01870012283, 1.8398911953, 0.938881039619, 0.670445501804, 0.458303153515, 0.284295111895, 0.105834595859, 0.0327068530023, 0.00692745251581, 0.000173272375832, 2.50786360994e-05],
        "dmean2": [0.315843522549, 4.13815879822, 10.4912977219, 10.3450021744, 27.075674057, 23.8433570862, 13.5213031769, 12.8124723434, 13.445766449, 23.0459671021, 32.1505966187, 22.5212535858, 21.0192394257, 22.2412338257, 22.8759117126, 23.71068573, 33.1170883179, 21.5152816772, 22.4502239227, 18.7179698944, 18.3479251862, 21.8686828613, 9.57921695709, 9.64028835297, 10.5497331619, 9.04852962494, 6.58214902878, 6.75647878647, 6.68131780624, 4.58563756943, 2.67680478096, 1.41675639153, 1.00717186928, 0.690095841885, 0.425499290228, 0.15240637958, 0.0482244081795, 0.0106026623398, 0.000266179791652, 4.10992252e-05],
        "dvar": [0.141670316458, 33.4043159485, 197.624526978, 85.5553665161, 1718.22265625, 708.727966309, 181.38218689, 238.28855896, 326.187744141, 792.191589355, 2403.82324219, 710.609985352, 735.053771973, 555.794677734, 427.99621582, 974.72454834, 1429.36706543, 421.019287109, 447.968841553, 397.989044189, 285.265777588, 379.375854492, 87.3271865845, 84.5925674438, 86.5056228638, 85.221534729, 77.8059692383, 79.3079986572, 161.369338989, 44.313533783, 11.4041032791, 2.94213271141, 1.75539171696, 0.986982345581, 0.416778892279, 0.0618580617011, 0.0077743427828, 0.000344454572769, 2.24096041279e-07, 1.64525493229e-09],
        "dvar2": [0.338362842798, 87.4586715698, 558.792175293, 234.021636963, 4712.45019531, 1899.13537598, 415.891448975, 576.756225586, 805.828308105, 1884.53527832, 5276.37744141, 1361.88757324, 1887.31396484, 1259.15356445, 1056.67907715, 2424.96264648, 3667.859375, 1018.65075684, 1107.27880859, 884.264648438, 709.439941406, 966.582092285, 228.524978638, 222.040542603, 217.71635437, 222.429443359, 217.095687866, 173.332794189, 341.747467041, 102.141342163, 24.4199638367, 6.81869506836, 4.2156920433, 2.33348369598, 0.929716706276, 0.124341309071, 0.0170364473015, 0.000763962510973, 5.09728977249e-07, 4.174948387e-09],
        "max": [2.75157594681, 35.4491844177, 104.537322998, 93.057762146, 392.797668457, 211.201538086, 206.317642212, 218.15447998, 238.566360474, 474.014770508, 905.986328125, 532.260864258, 556.262939453, 404.800720215, 264.774932861, 609.779663086, 457.364471436, 252.169082642, 273.107757568, 379.164489746, 262.466766357, 241.511016846, 85.6275863647, 142.417999268, 94.0596694946, 127.456954956, 130.912811279, 132.132247925, 239.885650635, 120.666175842, 43.0743980408, 20.6549320221, 18.3553199768, 14.7889461517, 8.21821975708, 3.23658752441, 1.22747695446, 0.21871162951, 0.00658700475469, 0.000253214908298],
        "mean": [0.249954923987, 2.37554454803, 6.28957414627, 11.0849056244, 18.1321582794, 18.9427566528, 16.1929512024, 16.6208133698, 14.908996582, 35.0763053894, 58.9416160583, 38.5789794922, 33.2757873535, 31.9388542175, 29.9405117035, 32.8734817505, 38.8728027344, 26.1381893158, 29.7975788116, 24.6444225311, 22.9660949707, 24.3873176575, 11.096619606, 11.6058235168, 13.0233345032, 10.494310379, 7.10506772995, 7.79176807404, 7.89757490158, 6.02185201645, 3.59820485115, 1.74565529823, 1.29153716564, 0.817443072796, 0.441175103188, 0.159810692072, 0.0429939888418, 0.00825057458133, 0.000214302155655, 5.31530640728e-05],
        "median": [0.0835780277848, 0.840601086617, 3.20308423042, 7.95298290253, 9.28566169739, 10.8226108551, 9.76281452179, 9.78772068024, 9.98635101318, 14.4855146408, 18.1750926971, 23.3993988037, 18.659538269, 20.536813736, 19.7939376831, 17.1413822174, 20.2663803101, 16.0829334259, 19.7796001434, 15.3694190979, 16.0921192169, 16.2393226624, 7.85061979294, 8.37117099762, 8.54353237152, 5.63603305817, 3.17656612396, 3.07299566269, 2.93037056923, 2.26805639267, 1.39717280865, 0.651640892029, 0.483534365892, 0.296765327454, 0.142633840442, 0.0426214039326, 0.00804904196411, 0.00100526574533, 4.46768681286e-05, 4.24591489718e-05],
        "min": [7.88585724498e-11, 7.1941189117e-11, 7.37580108101e-10, 1.34387923012e-09, 1.24089472031e-09, 8.79093509099e-09, 1.19610801264e-08, 1.55553969705e-08, 4.04151867528e-09, 7.58745155593e-09, 6.42179642796e-09, 8.71597283236e-09, 2.49885410142e-08, 1.54742298974e-08, 2.37208137577e-08, 1.21468950454e-08, 7.26258653216e-09, 1.29633193069e-08, 1.10339142267e-08, 1.96210105941e-08, 3.95382677709e-08, 1.83400494791e-08, 2.02419379036e-08, 3.0372348192e-08, 2.4900712603e-08, 4.49512285172e-08, 4.46498482631e-08, 4.33031885905e-08, 3.98562711723e-08, 6.21672597845e-08, 4.42186909311e-08, 5.77191343609e-08, 3.44775230587e-08, 2.51715341903e-08, 1.66606923813e-08, 1.24604806473e-08, 6.60492061044e-09, 2.52488474572e-09, 6.11559636265e-10, 5.70624276997e-11],
        "var": [0.177406564355, 26.1387271881, 126.32346344, 120.576141357, 1269.24438477, 705.561462402, 428.770629883, 474.038665771, 384.000183105, 2498.58374023, 10272.2412109, 2538.86621094, 2540.2277832, 1305.59057617, 1016.63446045, 2624.70996094, 2578.859375, 953.011901855, 1073.02026367, 933.738769531, 571.953063965, 727.50994873, 132.008041382, 131.20930481, 164.822219849, 213.419540405, 114.401527405, 154.709625244, 268.036315918, 112.107429504, 30.0402488708, 6.65779972076, 3.77623653412, 1.69955992699, 0.627112448215, 0.101968102157, 0.0110905589536, 0.000431514170486, 2.52695343761e-07, 1.71889225076e-09]
    },
    "gfcc": {
        "mean": [21.1883029938, 106.463951111, -115.428146362, 35.0456924438, -57.1242828369, 20.0194816589, -35.6842308044, 8.83615684509, -22.4353141785, 1.38848614693, -19.4124088287, -2.14133214951, -11.9399194717],
        "cov": [[8072.69482422, -513.758422852, -232.565155029, 104.17868042, -143.598602295, 75.7222137451, -164.908905029, 41.4471168518, -138.646316528, 107.329658508, -215.279754639, 19.9480876923, -187.412902832], [-513.758422852, 917.981445312, -233.820068359, -17.682723999, 197.18913269, -107.079833984, 109.88167572, -81.2099914551, 55.1070594788, -154.412841797, 104.148887634, -85.5317687988, 67.4960784912], [-232.565155029, -233.820068359, 425.63772583, 119.492149353, 26.2904224396, 114.795349121, 29.6109809875, 75.1819610596, 25.1370735168, 75.9513397217, -27.4636745453, 39.4465255737, -2.03016471863], [104.17868042, -17.682723999, 119.492149353, 258.510070801, 81.2580184937, 40.7156982422, 24.2766857147, 11.147986412, 28.3220367432, 7.70165348053, 9.458360672, 4.09190702438, 18.3276615143], [-143.598602295, 197.18913269, 26.2904224396, 81.2580184937, 260.772399902, 23.5560951233, 56.9083251953, 8.41198444366, -2.80399060249, -23.6028003693, 51.9880409241, 1.42106080055, 14.2384757996], [75.7222137451, -107.079833984, 114.795349121, 40.7156982422, 23.5560951233, 143.694900513, 53.1065330505, 45.2427139282, 11.6606168747, 42.8617477417, -6.45966863632, 21.0711364746, -6.19072389603], [-164.908905029, 109.88167572, 29.6109809875, 24.2766857147, 56.9083251953, 53.1065330505, 143.418182373, 17.9366855621, 21.2057094574, 2.16211438179, 12.8143815994, -4.79076337814, -4.10920810699], [41.4471168518, -81.2099914551, 75.1819610596, 11.147986412, 8.41198444366, 45.2427139282, 17.9366855621, 99.5037765503, 48.6751823425, 41.6562042236, -1.72124445438, 9.23082923889, -4.77306318283], [-138.646316528, 55.1070594788, 25.1370735168, 28.3220367432, -2.80399060249, 11.6606168747, 21.2057094574, 48.6751823425, 113.044128418, 34.0262107849, 5.25204849243, -13.6590013504, 11.3761043549], [107.329658508, -154.412841797, 75.9513397217, 7.70165348053, -23.6028003693, 42.8617477417, 2.16211438179, 41.6562042236, 34.0262107849, 91.6070480347, -1.25743532181, 12.7979450226, -17.2341156006], [-215.279754639, 104.148887634, -27.4636745453, 9.458360672, 51.9880409241, -6.45966863632, 12.8143815994, -1.72124445438, 5.25204849243, -1.25743532181, 68.7590484619, 10.4614562988, 15.2721996307], [19.9480876923, -85.5317687988, 39.4465255737, 4.09190702438, 1.42106080055, 21.0711364746, -4.79076337814, 9.23082923889, -13.6590013504, 12.7979450226, 10.4614562988, 61.571346283, 10.3421125412], [-187.412902832, 67.4960784912, -2.03016471863, 18.3276615143, 14.2384757996, -6.19072389603, -4.10920810699, -4.77306318283, 11.3761043549, -17.2341156006, 15.2721996307, 10.3421125412, 54.8139953613]],
        "icov": [[0.000192226376384, -0.000260961067397, 0.000354092917405, -0.000372700131265, 6.89984080964e-05, -0.000202072435059, 0.000355340860551, -0.000401853641961, 0.000546378723811, -0.000656961463392, 0.000932018388994, -0.000468771206215, 0.00057602324523], [-0.000260961067397, 0.00494516873732, -0.000266193557763, 0.00188288709614, -0.00212037260644, 0.0013099500211, -0.00316919363104, 0.00322899222374, -0.00496102729812, 0.00665621086955, -0.00584065541625, 0.00489036086947, -0.00305163906887], [0.000354092917405, -0.000266193557763, 0.00471736816689, -0.00212474819273, -0.000291835312964, -0.00170356349554, 0.000436713016825, -0.0021648008842, 0.00154768594075, -0.00308914505877, 0.00370883545838, -0.00209920946509, 0.000221494119614], [-0.000372700131265, 0.00188288709614, -0.00212474819273, 0.00640831142664, -0.00220055924729, -3.8080583181e-05, -0.00118444766849, 0.0030496546533, -0.0039538750425, 0.00346906203777, -0.00320947915316, 0.00259595643729, -0.00275439326651], [6.89984080964e-05, -0.00212037260644, -0.000291835312964, -0.00220055924729, 0.00667031016201, -0.000913771276828, -0.000134394897032, -0.00250508426689, 0.00311143463477, -0.000691563240252, -0.00193568749819, -0.00118429702707, 0.00140732980799], [-0.000202072435059, 0.0013099500211, -0.00170356349554, -3.8080583181e-05, -0.000913771276828, 0.0124602168798, -0.0050132763572, -0.00182236928958, 0.00054401444504, -0.0017079077661, -0.00013757738634, -0.000588713912293, -0.00174466124736], [0.000355340860551, -0.00316919363104, 0.000436713016825, -0.00118444766849, -0.000134394897032, -0.0050132763572, 0.0117126535624, -0.00184878672007, 0.00117240555119, -0.00240822369233, 0.00290092267096, -0.00227183313109, 0.00433525349945], [-0.000401853641961, 0.00322899222374, -0.0021648008842, 0.0030496546533, -0.00250508426689, -0.00182236928958, -0.00184878672007, 0.0194445215166, -0.0105582484975, 0.00241794157773, -0.00410118978471, 0.00137797323987, -0.000616252829786], [0.000546378723811, -0.00496102729812, 0.00154768594075, -0.0039538750425, 0.00311143463477, 0.00054401444504, 0.00117240555119, -0.0105582484975, 0.0207087658346, -0.0126932170242, 0.00627183588222, 0.000170200990397, -0.00229033711366], [-0.000656961463392, 0.00665621086955, -0.00308914505877, 0.00346906203777, -0.000691563240252, -0.0017079077661, -0.00240822369233, 0.00241794157773, -0.0126932170242, 0.0292816963047, -0.0127368289977, 0.00402822392061, 0.00292952219024], [0.000932018388994, -0.00584065541625, 0.00370883545838, -0.00320947915316, -0.00193568749819, -0.00013757738634, 0.00290092267096, -0.00410118978471, 0.00627183588222, -0.0127368289977, 0.0298875588924, -0.0107407495379, 0.000329777947627], [-0.000468771206215, 0.00489036086947, -0.00209920946509, 0.00259595643729, -0.00118429702707, -0.000588713912293, -0.00227183313109, 0.00137797323987, 0.000170200990397, 0.00402822392061, -0.0107407495379, 0.026776490733, -0.00920782610774], [0.00057602324523, -0.00305163906887, 0.000221494119614, -0.00275439326651, 0.00140732980799, -0.00174466124736, 0.00433525349945, -0.000616252829786, -0.00229033711366, 0.00292952219024, 0.000329777947627, -0.00920782610774, 0.0276503842324]]
    },
    "melbands": {
        "dmean": [0.00222890940495, 0.00310385599732, 0.00123626168352, 0.0011948691681, 0.000316881458275, 0.000175380700966, 0.000125018996187, 0.000187772704521, 0.000179852126166, 9.70718756435e-05, 6.87839929014e-05, 5.98167316639e-05, 4.70585946459e-05, 3.28940222971e-05, 6.73147151247e-05, 4.20659671363e-05, 2.64943373622e-05, 2.24333743972e-05, 2.66665301751e-05, 1.48699346028e-05, 1.32922859848e-05, 1.59741157404e-05, 6.85960503688e-06, 4.69126598546e-06, 5.13069471708e-06, 6.03235775998e-06, 3.75074750991e-06, 3.99040345656e-06, 2.40306894739e-06, 2.89070385406e-06, 2.66423148787e-06, 2.68269150183e-06, 2.38535653807e-06, 1.57861234129e-06, 1.1443078165e-06, 9.99951112135e-07, 4.62645203925e-07, 4.58757682509e-07, 5.04725676365e-07, 3.72107137991e-07],
        "dmean2": [0.00369724584743, 0.00553289987147, 0.00215746462345, 0.0020939023234, 0.00051230203826, 0.000279152998701, 0.000203032788704, 0.000294460944133, 0.000262113811914, 0.000140811491292, 0.00010931151337, 9.27353394218e-05, 7.34475033823e-05, 5.25261821167e-05, 9.98239847831e-05, 6.87568463036e-05, 4.13934649259e-05, 3.58487268386e-05, 4.22484699811e-05, 2.42242040258e-05, 2.14461651922e-05, 2.68160365522e-05, 1.16084966066e-05, 7.89028672443e-06, 8.52142875374e-06, 9.89006002783e-06, 6.24010863248e-06, 6.58713497614e-06, 4.05909167966e-06, 4.80090557176e-06, 4.10432267017e-06, 4.12842109654e-06, 3.67010898117e-06, 2.42435430664e-06, 1.71124656845e-06, 1.51478695898e-06, 7.20936270682e-07, 6.98942244526e-07, 7.73351644057e-07, 5.64191338981e-07],
        "dvar": [2.35644492932e-05, 5.73613506276e-05, 4.51381538369e-06, 8.47820319905e-06, 2.59115466861e-07, 1.01261633745e-07, 7.64846035395e-08, 1.29458214815e-07, 1.82453433695e-07, 2.58639758499e-08, 1.89747630941e-08, 9.04313779415e-09, 4.4234251817e-09, 2.0179788951e-09, 2.06813233206e-08, 6.78137901389e-09, 1.65920255313e-09, 1.25920507354e-09, 2.90780488577e-09, 5.12038800249e-10, 3.91982085679e-10, 5.53849577312e-10, 1.54518509099e-10, 6.83154158243e-11, 6.34313851444e-11, 7.31192814629e-11, 3.50067995425e-11, 5.28608753991e-11, 2.63366932429e-11, 4.39133868158e-11, 3.51232376516e-11, 6.68132354997e-11, 3.12179865292e-11, 1.14012722874e-11, 4.73481540433e-12, 3.78090007219e-12, 7.54572728086e-13, 6.97905817339e-13, 1.46372562508e-12, 6.41314258643e-13],
        "dvar2": [5.94932316744e-05, 0.000158021313837, 1.24132302517e-05, 2.29376746574e-05, 6.0912606159e-07, 2.42464551548e-07, 1.84867047892e-07, 3.08324530351e-07, 3.58629449693e-07, 4.95641963028e-08, 4.88423523848e-08, 2.0731583561e-08, 1.07600355292e-08, 5.29546229089e-09, 4.85970801378e-08, 1.63499382921e-08, 4.06451050594e-09, 3.07276404321e-09, 6.19357098941e-09, 1.33805089231e-09, 9.65310498202e-10, 1.40534428539e-09, 4.25475932264e-10, 1.80630552182e-10, 1.68305508419e-10, 1.80986670095e-10, 9.26689280867e-11, 1.37103509101e-10, 7.25655993628e-11, 1.22484244969e-10, 7.07525149579e-11, 1.39142475319e-10, 7.27122459465e-11, 2.60155143955e-11, 9.95397687886e-12, 8.33333662492e-12, 1.89281619892e-12, 1.63148693774e-12, 3.77712227814e-12, 1.49528306403e-12],
        "max": [0.0321681573987, 0.0474954843521, 0.0192311946303, 0.0257796477526, 0.00841873604804, 0.00427098758519, 0.00413431320339, 0.00584155414253, 0.00928798504174, 0.00284001789987, 0.00277844490483, 0.00150464731269, 0.000945158826653, 0.000481770868646, 0.00294991978444, 0.000980329001322, 0.000493226689287, 0.000508123019245, 0.00112787110265, 0.000418413343141, 0.000303384236759, 0.00028249702882, 0.000197392524569, 8.47783230711e-05, 0.000123926758533, 7.53301283112e-05, 6.22951993137e-05, 0.000113225883979, 6.76365962136e-05, 8.59972278704e-05, 0.000115701725008, 0.000142053104355, 9.87727980828e-05, 6.04335655225e-05, 3.53082468791e-05, 2.44464117714e-05, 1.04107657535e-05, 9.68859603745e-06, 2.42291844188e-05, 1.13284968393e-05],
        "mean": [0.00256043067202, 0.00334331439808, 0.00209330534562, 0.00144995877054, 0.000606293731835, 0.000364545441698, 0.000220629561227, 0.000468292302685, 0.000473944790429, 0.000231906989939, 0.000164640659932, 0.000130147716845, 9.72198758973e-05, 6.7312248575e-05, 0.000126740065753, 6.99988668202e-05, 4.55105400761e-05, 4.37487906311e-05, 4.8837329814e-05, 2.62891408056e-05, 2.48673004535e-05, 2.80393578578e-05, 1.24313992274e-05, 8.02233626018e-06, 9.28853569349e-06, 1.10941382445e-05, 6.95380686011e-06, 7.13407052899e-06, 4.13000270783e-06, 4.52272479379e-06, 4.52693802799e-06, 4.49987828688e-06, 4.15548083765e-06, 3.03342994812e-06, 2.20036235987e-06, 1.61732759807e-06, 8.29195982988e-07, 8.54716859067e-07, 8.93769765753e-07, 6.22916616067e-07],
        "median": [0.000864548259415, 0.00165009498596, 0.00146895460784, 0.000753317726776, 0.000393297668779, 0.000226871139603, 0.000139675961691, 0.000149822299136, 0.000142213364597, 0.00013246051094, 8.53366727824e-05, 8.27638141345e-05, 6.60655277898e-05, 4.86671306135e-05, 4.30014988524e-05, 3.35403819918e-05, 2.43109407165e-05, 2.66927745542e-05, 2.48277192441e-05, 1.76258072315e-05, 1.72264753928e-05, 1.85100689123e-05, 8.24085873319e-06, 5.21907440998e-06, 6.42969871478e-06, 6.83557664161e-06, 4.59010288978e-06, 3.13110967909e-06, 1.94260314856e-06, 1.73779244506e-06, 1.68477890838e-06, 1.52751420046e-06, 1.49546406192e-06, 1.12044244815e-06, 7.89956118297e-07, 5.69617498059e-07, 2.87651090503e-07, 2.90183351126e-07, 3.38724902349e-07, 2.16940748032e-07],
        "min": [9.6686504289e-13, 2.80910873989e-13, 2.09183744545e-13, 3.71922056954e-13, 4.57100774332e-13, 3.29514925545e-13, 6.30697683207e-14, 7.27699150938e-14, 5.3671039916e-14, 5.63263323516e-14, 1.21772478711e-13, 5.50251914888e-14, 8.36055874596e-14, 3.36787313261e-14, 2.39201613026e-14, 1.946523048e-14, 2.35132195696e-14, 1.55500680149e-14, 2.17587314269e-14, 3.47817918401e-14, 4.46155834716e-14, 1.51755828905e-14, 2.04469619946e-14, 2.00843641306e-14, 2.55576792775e-14, 1.82812884839e-14, 1.98035489916e-14, 3.23013981556e-14, 2.83953396007e-14, 2.51071322885e-14, 2.14462931599e-14, 1.74553822324e-14, 2.93618075816e-14, 3.54711614627e-14, 1.7285616501e-14, 2.91764259508e-14, 3.66474530572e-14, 2.57647364815e-14, 2.03228327044e-14, 2.03262072836e-14],
        "var": [2.29726156249e-05, 3.91239882447e-05, 4.91774608236e-06, 6.60683599563e-06, 5.53337713427e-07, 2.02940313443e-07, 9.47687439634e-08, 5.43164730971e-07, 6.79483207477e-07, 9.6891831447e-08, 6.38378310214e-08, 2.13612310063e-08, 1.04165325254e-08, 4.14373380053e-09, 6.10367294485e-08, 1.22720500428e-08, 3.60656282616e-09, 2.75188338783e-09, 6.28869534225e-09, 9.67078972458e-10, 7.01614710774e-10, 1.03207509206e-09, 2.02835775953e-10, 8.83444845057e-11, 9.30877250283e-11, 1.39828829071e-10, 5.22670275116e-11, 1.38690267604e-10, 3.54621644549e-11, 5.92972268509e-11, 6.71324801305e-11, 1.06633195329e-10, 5.75155548188e-11, 3.00752860116e-11, 1.3101215425e-11, 6.75538184419e-12, 1.71514636261e-12, 1.65005726097e-12, 2.13190185991e-12, 1.09300209942e-12]
    },
    "mfcc": {
        "mean": [-618.692565918, 131.528701782, 2.2809445858, 21.1286125183, 3.31911611557, 10.9674119949, -0.4437469244, 6.44702386856, 1.88304638863, 2.65829372406, 0.0549982450902, -3.87374162674, 0.938088536263],
        "cov": [[5597.25195312, -135.005493164, -200.147125244, -9.93602657318, -101.319221497, 29.0345687866, -81.793586731, -57.3009262085, -16.7207622528, -9.09716415405, -25.2238388062, -12.877281189, -37.0840759277], [-135.005493164, 884.666137695, -308.577453613, 64.3729248047, 7.2111287117, -1.28451192379, 36.7356452942, 67.4733734131, -53.672492981, -3.45411252975, -26.3777732849, -5.62358427048, 6.17534303665], [-200.147125244, -308.577453613, 398.316436768, -4.12324285507, 23.322435379, 44.2648735046, 4.37659931183, -1.87899887562, 85.619972229, 24.6738376617, 37.9982566833, 17.0217571259, 10.0625143051], [-9.93602657318, 64.3729248047, -4.12324285507, 212.809616089, 84.303237915, 52.2551879883, 29.0176811218, 34.8599739075, -2.40746116638, 18.5979003906, -15.9258594513, 12.3060073853, -6.4484872818], [-101.319221497, 7.2111287117, 23.322435379, 84.303237915, 189.781295776, 21.7570552826, 39.7239761353, 17.3282699585, 11.7139091492, 19.4545612335, -0.417925328016, 6.33578252792, 20.0936717987], [29.0345687866, -1.28451192379, 44.2648735046, 52.2551879883, 21.7570552826, 127.244171143, 54.8570365906, 34.0461616516, 20.745218277, 8.32530403137, 2.60945749283, 24.5060806274, 0.463472634554], [-81.793586731, 36.7356452942, 4.37659931183, 29.0176811218, 39.7239761353, 54.8570365906, 127.36428833, 41.2798271179, 1.06922054291, -6.14021682739, -0.186435073614, 17.8568744659, 12.6655864716], [-57.3009262085, 67.4733734131, -1.87899887562, 34.8599739075, 17.3282699585, 34.0461616516, 41.2798271179, 85.435836792, 23.2140522003, 7.85623836517, 3.6125099659, 9.52920627594, 11.8566141129], [-16.7207622528, -53.672492981, 85.619972229, -2.40746116638, 11.7139091492, 20.745218277, 1.06922054291, 23.2140522003, 92.8186645508, 46.6940574646, 26.1844215393, 10.6446056366, 8.88848781586], [-9.09716415405, -3.45411252975, 24.6738376617, 18.5979003906, 19.4545612335, 8.32530403137, -6.14021682739, 7.85623836517, 46.6940574646, 85.3633270264, 36.2609977722, 10.983455658, 8.04727268219], [-25.2238388062, -26.3777732849, 37.9982566833, -15.9258594513, -0.417925328016, 2.60945749283, -0.186435073614, 3.6125099659, 26.1844215393, 36.2609977722, 72.2063446045, 18.3416671753, 7.25496530533], [-12.877281189, -5.62358427048, 17.0217571259, 12.3060073853, 6.33578252792, 24.5060806274, 17.8568744659, 9.52920627594, 10.6446056366, 10.983455658, 18.3416671753, 60.4484405518, 17.2368774414], [-37.0840759277, 6.17534303665, 10.0625143051, -6.4484872818, 20.0936717987, 0.463472634554, 12.6655864716, 11.8566141129, 8.88848781586, 8.04727268219, 7.25496530533, 17.2368774414, 56.6617774963]],
