{
"lowlevel": {
    "average_loudness": 0.910455226898,
    "barkbands_crest": {
        "dmean": 2.86078715324,
        "dmean2": 4.649477005,
        "dvar": 7.01005268097,
        "dvar2": 19.9411182404,
        "max": 23.7957057953,
        "mean": 10.904214859,
        "median": 10.4628648758,
        "min": 2.9913611412,
        "var": 15.9395856857
    },
    "barkbands_flatness_db": {
        "dmean": 0.0223548486829,
        "dmean2": 0.0342619232833,
        "dvar": 0.000537358399015,
        "dvar2": 0.00122015026864,
        "max": 0.345172733068,
        "mean": 0.125824972987,
        "median": 0.114986307919,
        "min": 0.0255422256887,
        "var": 0.00246922811493
    },
    "barkbands_kurtosis": {
        "dmean": 3.78158378601,
        "dmean2": 5.9436841011,
        "dvar": 92.0311584473,
        "dvar2": 228.809082031,
        "max": 147.122528076,
        "mean": 3.89750814438,
        "median": 0.439004659653,
        "min": -1.95730102062,
        "var": 117.172538757
    },
    "barkbands_skewness": {
        "dmean": 0.6419454813,
        "dmean2": 0.978994548321,
        "dvar": 0.6256762743,
        "dvar2": 1.49281406403,
        "max": 9.71970081329,
        "mean": 1.43366289139,
        "median": 1.17295205593,
        "min": -1.71050131321,
        "var": 2.00777554512
    },
    "barkbands_spread": {
        "dmean": 8.39710521698,
        "dmean2": 12.3970537186,
        "dvar": 112.32131958,
        "dvar2": 216.052703857,
        "max": 114.979827881,
        "mean": 33.3529891968,
        "median": 31.0932121277,
        "min": 0.795382916927,
        "var": 388.819122314
    },
    "dissonance": {
        "dmean": 0.0166004765779,
        "dmean2": 0.0268932878971,
        "dvar": 0.000371469766833,
        "dvar2": 0.000931186892558,
        "max": 0.499953061342,
        "mean": 0.46805986762,
        "median": 0.480444192886,
        "min": 0.252430409193,
        "var": 0.00103991653305
    },
    "dynamic_complexity": 3.75359177589,
    "erbbands_crest": {
        "dmean": 2.66365671158,
        "dmean2": 4.32254266739,
        "dvar": 6.80010843277,
        "dvar2": 17.3421382904,
        "max": 28.3288764954,
        "mean": 9.37873649597,
        "median": 8.08665847778,
        "min": 2.97303938866,
        "var": 20.8308124542
    },
    "erbbands_flatness_db": {
        "dmean": 0.0173992440104,
        "dmean2": 0.0254098605365,
        "dvar": 0.000266716233455,
        "dvar2": 0.0005436615902,
        "max": 0.318113178015,
        "mean": 0.138327434659,
        "median": 0.133675292134,
        "min": 0.041902706027,
        "var": 0.00176517211366
    },
    "erbbands_kurtosis": {
        "dmean": 1.32330393791,
        "dmean2": 2.05515670776,
        "dvar": 2.99983692169,
        "dvar2": 7.0515794754,
        "max": 20.8979129791,
        "mean": 1.45363306999,
        "median": 0.598747253418,
        "min": -1.77275013924,
        "var": 9.1695318222
    },
    "erbbands_skewness": {
        "dmean": 0.423073112965,
        "dmean2": 0.643956243992,
        "dvar": 0.204681843519,
        "dvar2": 0.416798293591,
        "max": 3.10721158981,
        "mean": -0.268000990152,
        "median": -0.256879329681,
        "min": -4.14543247223,
        "var": 0.957961261272
    },
    "erbbands_spread": {
        "dmean": 10.2779321671,
        "dmean2": 15.3572149277,
        "dvar": 145.518341064,
        "dvar2": 306.386047363,
        "max": 174.930343628,
        "mean": 40.5490379333,
        "median": 36.3136444092,
        "min": 2.62151622772,
        "var": 557.623168945
    },
    "hfc": {
        "dmean": 5.55388641357,
        "dmean2": 8.26462364197,
        "dvar": 49.1616592407,
        "dvar2": 115.812911987,
        "max": 111.116790771,
        "mean": 20.1943397522,
        "median": 13.485045433,
        "min": 2.24963599749e-07,
        "var": 359.394195557
    },
    "melbands_crest": {
        "dmean": 3.19340014458,
        "dmean2": 5.31511068344,
        "dvar": 9.29664897919,
        "dvar2": 26.1463165283,
        "max": 31.4151554108,
        "mean": 14.8929710388,
        "median": 14.5537319183,
        "min": 4.64224004745,
        "var": 19.6503677368
    },
    "melbands_flatness_db": {
        "dmean": 0.0281579550356,
        "dmean2": 0.0426879711449,
        "dvar": 0.000884613778908,
        "dvar2": 0.0019990853034,
        "max": 0.472938448191,
        "mean": 0.201023370028,
        "median": 0.183576449752,
        "min": 0.0425086282194,
        "var": 0.00524055957794
    },
    "melbands_kurtosis": {
        "dmean": 11.4655303955,
        "dmean2": 18.1218395233,
        "dvar": 722.601806641,
        "dvar2": 1790.640625,
        "max": 353.364196777,
        "mean": 18.1284141541,
        "median": 8.12341308594,
        "min": -1.81652545929,
        "var": 1104.49743652
    },
    "melbands_skewness": {
        "dmean": 0.950085639954,
        "dmean2": 1.45722329617,
        "dvar": 1.30608892441,
        "dvar2": 3.02762269974,
        "max": 16.249584198,
        "mean": 3.0745575428,
        "median": 2.70338177681,
        "min": -1.75224232674,
        "var": 4.81715488434
    },
    "melbands_spread": {
        "dmean": 9.18300819397,
        "dmean2": 14.0356369019,
        "dvar": 146.857650757,
        "dvar2": 325.111114502,
        "max": 194.930709839,
        "mean": 30.3122501373,
        "median": 26.6768093109,
        "min": 0.681606829166,
        "var": 476.670440674
    },
    "pitch_salience": {
        "dmean": 0.0700920596719,
        "dmean2": 0.112449519336,
        "dvar": 0.00416701100767,
        "dvar2": 0.010791814886,
        "max": 0.824634194374,
        "mean": 0.514375388622,
        "median": 0.509541094303,
        "min": 0.163596466184,
        "var": 0.0125520639122
    },
    "silence_rate_20dB": {
        "dmean": 0,
        "dmean2": 0,
        "dvar": 0,
        "dvar2": 0,
        "max": 1,
        "mean": 1,
        "median": 1,
        "min": 1,
        "var": 0
    },
    "silence_rate_30dB": {
        "dmean": 0,
        "dmean2": 0,
        "dvar": 0,
        "dvar2": 0,
        "max": 1,
        "mean": 1,
        "median": 1,
        "min": 1,
        "var": 0
    },
    "silence_rate_60dB": {
        "dmean": 0.0123839005828,
        "dmean2": 0.0247869864106,
        "dvar": 0.0122306970879,
        "dvar2": 0.0272707715631,
        "max": 1,
        "mean": 0.0564578510821,
        "median": 0,
        "min": 0,
        "var": 0.0532707870007
    },
    "spectral_centroid": {
        "dmean": 293.625823975,
        "dmean2": 428.377075195,
        "dvar": 195258.53125,
        "dvar2": 307732.28125,
        "max": 10771.2011719,
        "mean": 1791.66357422,
        "median": 1871.71789551,
        "min": 195.93145752,
        "var": 658665.75
    },
    "spectral_complexity": {
        "dmean": 3.48297214508,
        "dmean2": 5.45623540878,
        "dvar": 14.5948848724,
        "dvar2": 33.0536575317,
        "max": 49,
        "mean": 18.5715389252,
        "median": 14,
        "min": 0,
        "var": 164.286514282
    },
    "spectral_decrease": {
        "dmean": 1.46102896448e-09,
        "dmean2": 2.37774111511e-09,
        "dvar": 3.86004370515e-18,
        "dvar2": 1.04089107833e-17,
        "max": -9.82996128231e-18,
        "mean": -4.85341056233e-09,
        "median": -4.0494403386e-09,
        "min": -2.31575914e-08,
        "var": 1.07129906483e-17
    },
    "spectral_energy": {
        "dmean": 0.00579833611846,
        "dmean2": 0.00941166747361,
        "dvar": 5.83282999287e-05,
        "dvar2": 0.000156921320013,
        "max": 0.089700050652,
        "mean": 0.0201495885849,
        "median": 0.0167364124209,
        "min": 5.75054483198e-11,
        "var": 0.000186218807357
    },
    "spectral_energyband_high": {
        "dmean": 0.000318148930091,
        "dmean2": 0.000453252403531,
        "dvar": 2.59335990904e-07,
        "dvar2": 4.80954952309e-07,
        "max": 0.00601024366915,
        "mean": 0.000954344577622,
        "median": 0.000692609115504,
        "min": 1.6299250144e-11,
        "var": 1.08228186946e-06
    },
    "spectral_energyband_low": {
        "dmean": 0.0040597259067,
        "dmean2": 0.00670303823426,
        "dvar": 4.52112981293e-05,
        "dvar2": 0.000125132050016,
        "max": 0.0803880318999,
        "mean": 0.0095715560019,
        "median": 0.00848567020148,
        "min": 1.51964465317e-11,
        "var": 6.03449261689e-05
    },
    "spectral_energyband_middle_high": {
        "dmean": 0.00201566447504,
        "dmean2": 0.00311074452475,
        "dvar": 1.20924169096e-05,
        "dvar2": 2.91897504212e-05,
        "max": 0.0574360415339,
        "mean": 0.00582837685943,
        "median": 0.00269644451328,
        "min": 1.05063180378e-11,
        "var": 6.52539238217e-05
    },
    "spectral_energyband_middle_low": {
        "dmean": 0.00212969980203,
        "dmean2": 0.00345702283084,
        "dvar": 1.33304283736e-05,
        "dvar2": 3.39848156727e-05,
        "max": 0.0543141625822,
        "mean": 0.00475934846327,
        "median": 0.00369498087093,
        "min": 3.69366776748e-12,
        "var": 2.03509553103e-05
    },
    "spectral_entropy": {
        "dmean": 0.157738089561,
        "dmean2": 0.220548003912,
        "dvar": 0.0364891812205,
        "dvar2": 0.0614477992058,
        "max": 9.82528972626,
        "mean": 7.73108816147,
        "median": 7.83697652817,
        "min": 5.98717784882,
        "var": 0.201394826174
    },
    "spectral_flux": {
        "dmean": 0.0173386204988,
        "dmean2": 0.0269271023571,
        "dvar": 0.000374371418729,
        "dvar2": 0.000792965525761,
        "max": 0.26279142499,
        "mean": 0.0712141990662,
        "median": 0.0629097744823,
        "min": 1.42191865962e-05,
        "var": 0.00148876931053
    },
    "spectral_kurtosis": {
        "dmean": 1.18442845345,
        "dmean2": 1.88867282867,
        "dvar": 2.98641610146,
        "dvar2": 6.84342384338,
        "max": 43.4819831848,
        "mean": 4.27737426758,
        "median": 3.56623363495,
        "min": -1.34192037582,
        "var": 13.2298755646
    },
    "spectral_rms": {
        "dmean": 0.000604049535468,
        "dmean2": 0.000955495808739,
        "dvar": 4.37733945091e-07,
        "dvar2": 1.13483906716e-06,
        "max": 0.00935479812324,
        "mean": 0.00415366562083,
        "median": 0.00404081773013,
        "min": 2.36860458358e-07,
        "var": 2.40517829297e-06
    },
    "spectral_rolloff": {
        "dmean": 675.064453125,
        "dmean2": 1102.91430664,
        "dvar": 1627780.125,
        "dvar2": 3336057.5,
        "max": 12101.6601562,
        "mean": 1898.70068359,
        "median": 1658.05664062,
        "min": 86.1328125,
        "var": 3045231.75
    },
    "spectral_skewness": {
        "dmean": 0.196219980717,
        "dmean2": 0.295743376017,
        "dvar": 0.0541525632143,
        "dvar2": 0.101244822145,
        "max": 5.63350200653,
        "mean": 1.48907935619,
        "median": 1.37866067886,
        "min": -0.160699158907,
        "var": 0.338672071695
    },
    "spectral_spread": {
        "dmean": 658904.5,
        "dmean2": 906338.9375,
        "dvar": 1.66535312179e+12,
        "dvar2": 2.07663857664e+12,
        "max": 39766084,
        "mean": 5204780,
        "median": 4647056,
        "min": 1717615.875,
        "var": 4.99559012762e+12
    },
    "spectral_strongpeak": {
        "dmean": 0.623124420643,
        "dmean2": 1.07863044739,
        "dvar": 2.35410380363,
        "dvar2": 5.85311985016,
        "max": 17.4289360046,
        "mean": 0.920770347118,
        "median": 0.214254528284,
        "min": 0,
        "var": 4.38521289825
    },
    "zerocrossingrate": {
        "dmean": 0.0129334060475,
        "dmean2": 0.0147554734722,
        "dvar": 0.0003112735576,
        "dvar2": 0.000335228280164,
        "max": 0.3955078125,
        "mean": 0.0717577040195,
        "median": 0.0703125,
        "min": 0.0048828125,
        "var": 0.00148420897312
    },
    "barkbands": {
        "dmean": [0.000194644526346, 0.00318150362, 0.0011508828029, 0.000729976571165, 0.000837335071992, 0.000343941734172, 0.000242859357968, 0.000397822528612, 0.000379258068278, 0.000502737180796, 0.000216033615288, 0.000533229089342, 0.000197297646082, 0.000313609401928, 0.000270340038696, 0.000445193465566, 0.000598148268182, 0.000254506390775, 0.00016158746439, 0.000132252578624, 8.56701517478e-05, 6.79506119923e-05, 6.43050589133e-05, 6.72086534905e-05, 4.97861474287e-05, 3.02520766127e-05, 4.30987302025e-06],
        "dmean2": [0.000328680005623, 0.00529866991565, 0.00185071106534, 0.00118473439943, 0.00141113239806, 0.000550125201698, 0.000397776137106, 0.00064540328458, 0.000560100597795, 0.000788697332609, 0.000319844548358, 0.000909540278371, 0.000315320619848, 0.000491106067784, 0.000427177263191, 0.000705111131538, 0.000927254732233, 0.000436943373643, 0.000269142561592, 0.000213413062738, 0.000140986318002, 0.00010521011427, 9.20460151974e-05, 9.64889768511e-05, 7.04345438862e-05, 4.33433851867e-05, 6.59343049847e-06],
        "dvar": [8.69001581805e-08, 3.113297862e-05, 2.86980002784e-06, 3.37022470376e-06, 3.05520052279e-06, 5.00061673847e-07, 3.55603816615e-07, 7.49483263007e-07, 1.06789548227e-06, 4.07455672757e-06, 4.51812411484e-07, 5.15147576152e-06, 6.08921538969e-07, 1.00794591162e-06, 6.84716326305e-07, 1.74361241534e-06, 3.08116136694e-06, 2.41607153839e-07, 5.54269554698e-08, 3.9807350305e-08, 1.88163227222e-08, 1.18426513041e-08, 2.49356055804e-08, 2.91793238461e-08, 1.30963355716e-08, 6.39059338781e-09, 2.69064881486e-10],
        "dvar2": [2.45788555731e-07, 8.95581688383e-05, 7.6844034993e-06, 8.46455441206e-06, 8.59226747707e-06, 1.25283952457e-06, 8.93951892067e-07, 1.9812462142e-06, 2.25227654482e-06, 1.02916383184e-05, 9.79524884315e-07, 1.36379012474e-05, 1.55638952037e-06, 2.4380042305e-06, 1.46204979501e-06, 4.30524141848e-06, 7.39540610084e-06, 6.0921450995e-07, 1.37253962862e-07, 9.89171198285e-08, 4.93085181574e-08, 2.73188192068e-08, 5.03942061414e-08, 5.44149472148e-08, 2.68136819415e-08, 1.3009904265e-08, 6.24358842405e-10],
        "max": [0.00279175466858, 0.0696085318923, 0.0166844781488, 0.0471734851599, 0.0217784419656, 0.00976179726422, 0.00917073804885, 0.00982320681214, 0.0259802676737, 0.0390364080667, 0.0130964657292, 0.0368620790541, 0.0144978612661, 0.0184076651931, 0.0184980146587, 0.0275796037167, 0.0347438007593, 0.0068761408329, 0.00341276777908, 0.00222647492774, 0.00161946646404, 0.00133840797935, 0.00253399903886, 0.00242239912041, 0.00181203882676, 0.000949626322836, 0.000227192271268],
        "mean": [0.000293011835311, 0.00638358248398, 0.00212679756805, 0.00122959632427, 0.00120298692491, 0.000521088310052, 0.00032180105336, 0.00053873565048, 0.00061582721537, 0.000831634970382, 0.000298830651445, 0.000788918405306, 0.000249802949838, 0.000477152847452, 0.000445095356554, 0.00069706060458, 0.0011811387958, 0.000432404718595, 0.000375366886146, 0.000323311367538, 0.000226874544751, 0.00016209979367, 0.000116035676911, 0.000140435367939, 0.000112312060082, 5.32810663572e-05, 4.39833638666e-06],
        "median": [0.000196897017304, 0.0053780162707, 0.00150548818056, 0.000795932719484, 0.000748054822907, 0.0002045778092, 0.000118288531667, 0.000187167504919, 0.000138260438689, 0.00017157982802, 5.98401165917e-05, 8.53965684655e-05, 6.31015573163e-05, 7.97828397481e-05, 0.000155169254867, 0.000194094172912, 0.000187215860933, 0.000184250267921, 0.000236855907133, 0.000144003468449, 9.37668519327e-05, 7.81894850661e-05, 4.84691590827e-05, 5.64891925023e-05, 4.86072494823e-05, 1.66385598277e-05, 4.13442620584e-07],
        "min": [3.03983878e-12, 5.03637105978e-12, 8.964129352e-13, 1.80246036196e-13, 2.02768710026e-13, 5.90422621818e-13, 1.62798404315e-13, 1.19813393148e-12, 4.31334004972e-13, 1.94762839211e-13, 2.73955202057e-13, 4.69517328662e-13, 3.15586505496e-13, 2.50668951741e-13, 1.14568456718e-12, 1.41077351624e-12, 1.13598692085e-12, 2.24788438731e-12, 1.81881094387e-12, 1.485676057e-12, 1.26457156378e-12, 1.26902373158e-12, 1.17679488116e-12, 1.6445370456e-12, 2.07440683554e-12, 2.8454725555e-12, 3.48478212432e-12],
        "var": [1.26036724168e-07, 3.49424226442e-05, 4.43279077444e-06, 3.85451539842e-06, 2.6473348953e-06, 8.29235716537e-07, 4.22724326654e-07, 9.65645426731e-07, 3.2687539715e-06, 7.52861024012e-06, 7.25181337202e-07, 1.04360387922e-05, 7.58453211347e-07, 2.74362560049e-06, 1.31990884711e-06, 3.09756228489e-06, 1.14722288345e-05, 5.1921568911e-07, 1.63930764074e-07, 1.39708703273e-07, 6.79132341475e-08, 4.03664373039e-08, 5.09869515497e-08, 6.59921255419e-08, 3.19090247558e-08, 1.10545954612e-08, 2.97734531474e-10]
    },
    "erbbands": {
        "dmean": [0.104404166341, 0.727337598801, 1.32120239735, 1.95650613308, 2.52728772163, 2.78533482552, 2.71927952766, 3.02707219124, 3.43554449081, 5.65535163879, 7.74491930008, 7.86668205261, 16.808052063, 11.2101802826, 12.9035272598, 19.5113735199, 7.46590042114, 15.6114826202, 12.780090332, 17.4831695557, 27.8216514587, 25.0474014282, 15.5038576126, 8.71713829041, 7.1645116806, 6.1662735939, 4.26103258133, 2.72988700867, 2.40626096725, 2.03833508492, 1.93402123451, 1.78605425358, 0.968159377575, 0.679979503155, 0.29974925518, 0.132414519787, 0.0597889497876, 0.0141411582008, 0.000384495506296, 1.42319513543e-05],
        "dmean2": [0.171775102615, 1.20288288593, 2.11570930481, 3.14418435097, 4.24998664856, 4.74862003326, 4.35428953171, 4.99483633041, 5.57463645935, 9.27480697632, 12.4115924835, 11.5404014587, 25.9512310028, 17.0630302429, 20.9352302551, 32.7144432068, 12.1050386429, 25.1075458527, 20.7578678131, 27.3476467133, 43.6399993896, 38.6316337585, 25.8908481598, 14.5871191025, 11.6218938828, 10.0598869324, 6.94226789474, 4.46971464157, 3.83226799965, 3.09748315811, 2.79102540016, 2.56160879135, 1.41258323193, 0.977243602276, 0.440555006266, 0.193681016564, 0.0874668359756, 0.0206653047353, 0.000559623411391, 2.1505071345e-05],
        "dvar": [0.0339952744544, 1.510191679, 4.00396299362, 19.4381084442, 24.8069324493, 37.6180114746, 22.0263710022, 63.5305290222, 76.8205566406, 163.975723267, 450.646392822, 449.698394775, 4824.56933594, 1818.19055176, 1744.87341309, 7671.88134766, 463.359130859, 2512.44067383, 2795.09228516, 3482.0859375, 4942.06054688, 3830.48339844, 1118.77478027, 136.245422363, 139.770996094, 90.1364593506, 44.2692527771, 18.9360904694, 15.5313501358, 15.1880893707, 24.5392837524, 23.4073123932, 5.80995750427, 2.73390173912, 0.437702745199, 0.0947266668081, 0.026419326663, 0.00220676651224, 1.99924511435e-06, 8.71377858758e-10],
        "dvar2": [0.0981021821499, 4.28888130188, 10.4680614471, 47.4737625122, 66.8142166138, 105.732887268, 50.8468360901, 170.148208618, 183.405807495, 433.882324219, 1197.23352051, 939.212402344, 12589.3466797, 4375.52880859, 4458.69775391, 19674.0585938, 1240.95947266, 6548.57861328, 6493.74951172, 7634.10986328, 11887.6826172, 8931.35253906, 2768.00073242, 364.353271484, 330.789886475, 227.996292114, 117.678794861, 48.7819595337, 37.1387786865, 31.1235542297, 50.1718101501, 47.8695640564, 11.0064144135, 5.79218149185, 0.918145596981, 0.20778156817, 0.0542973726988, 0.00453908508644, 4.33603827332e-06, 1.8505802446e-09],
        "max": [2.12915945053, 14.7349777222, 21.2913722992, 115.552726746, 63.1140060425, 68.6583633423, 66.013420105, 118.950592041, 122.050003052, 143.624404907, 378.748321533, 602.524597168, 1544.21679688, 1017.50787354, 651.027404785, 1915.25634766, 371.102111816, 943.73638916, 1129.18359375, 1714.74755859, 1201.5324707, 1178.09094238, 645.708435059, 144.181716919, 195.205734253, 124.913902283, 93.6258392334, 49.4685249329, 46.8120994568, 56.5594482422, 83.4995269775, 72.9081115723, 35.9403953552, 29.6882019043, 8.33219146729, 3.63441634178, 1.84254586697, 0.591394484043, 0.020848557353, 0.000395184935769],
        "mean": [0.174793601036, 1.44089138508, 2.66298317909, 3.72175598145, 3.7538356781, 3.77236008644, 4.33540630341, 4.17814016342, 4.96036148071, 7.30927276611, 10.9260988235, 13.6960268021, 25.5412654877, 18.9555568695, 20.1158542633, 29.8370742798, 12.252986908, 26.871963501, 21.0354862213, 28.8161563873, 50.8550491333, 53.8179550171, 28.650724411, 19.650352478, 18.0450496674, 14.851984024, 10.5617828369, 7.66137695312, 5.62930345535, 4.20424747467, 3.49958205223, 3.30666828156, 2.05029845238, 1.44620144367, 0.664362728596, 0.261311173439, 0.0954233333468, 0.0178433395922, 0.000475134031149, 3.84380327887e-05],
        "median": [0.12404192239, 1.22843015194, 2.17965626717, 2.66363096237, 2.28143906593, 2.09024047852, 1.96053302288, 1.29397690296, 1.65478134155, 2.74562239647, 4.41209697723, 3.97037434578, 5.39230632782, 4.78412675858, 3.5948882103, 4.011323452, 3.35793733597, 4.40580797195, 6.76049375534, 9.63263511658, 10.7304849625, 10.5621948242, 9.9464931488, 14.4057760239, 7.88470602036, 6.82858657837, 4.96138191223, 2.99429631233, 2.7765519619, 2.09148645401, 1.4049860239, 1.36694061756, 0.837245643139, 0.669794082642, 0.2690718472, 0.0897357687354, 0.0264368541539, 0.00344365742058, 9.57082083914e-05, 2.9804494261e-05],
        "min": [4.19227180748e-10, 2.95522106786e-10, 7.24051318901e-10, 1.1265498534e-09, 4.78914241597e-10, 9.16330178402e-10, 1.22883436759e-09, 5.93583404651e-09, 4.00079391838e-09, 4.370555029e-09, 3.28092504276e-08, 3.17835358032e-08, 1.2846231634e-08, 1.70611613726e-08, 1.69743277212e-08, 1.56913291249e-08, 1.68170206649e-08, 1.24295400639e-08, 5.29957553397e-08, 4.27770139311e-08, 8.46737364668e-08, 7.67404841895e-08, 1.3611320071e-07, 8.52875388091e-08, 9.06380392962e-08, 6.76391422871e-08, 6.06560703886e-08, 3.95026908961e-08, 4.98388139647e-08, 3.39594272702e-08, 3.87915193301e-08, 2.81815317749e-08, 3.19272039917e-08, 1.56414809993e-08, 1.83834618639e-08, 9.89460069434e-09, 6.58875753956e-09, 2.08665507095e-09, 4.8426668231e-10, 4.97308652592e-11],
        "var": [0.0405787006021, 1.68879508972, 5.51754426956, 26.3702449799, 24.7541904449, 32.1448860168, 41.6144180298, 91.3841247559, 105.83240509, 197.902206421, 508.685455322, 1628.48474121, 5566.49853516, 4350.7890625, 3257.41308594, 18058.6894531, 955.342834473, 8291.83496094, 4002.265625, 5532.46386719, 13250.5771484, 16286.0693359, 2794.30517578, 414.315795898, 437.233947754, 291.879119873, 155.003997803, 75.2025375366, 47.7742614746, 39.7435951233, 48.3582344055, 43.3046379089, 13.8734922409, 5.70962524414, 1.15597987175, 0.19557338953, 0.0426990203559, 0.0030301627703, 2.45490582529e-06, 1.44315914774e-09]
    },
    "gfcc": {
        "mean": [-11.0709867477, 69.7829284668, -101.189903259, 46.5713539124, -42.6218490601, 23.3133049011, -34.7956619263, 24.911277771, -26.1211242676, 3.09572482109, -20.8240432739, -0.933216094971, -10.7882652283],
        "cov": [[8701.37988281, -785.95703125, -863.848876953, 715.692749023, -172.410705566, 112.616096497, -82.5050125122, -14.0343780518, 21.1331634521, 158.182281494, -139.155654907, 248.038070679, -31.7841758728], [-785.95703125, 1071.93188477, -163.852264404, -437.41583252, 99.3917999268, -33.141784668, 101.742294312, 4.00046062469, 4.85007047653, -48.6080856323, 89.5392303467, -142.094955444, 54.3295516968], [-863.848876953, -163.852264404, 1069.7298584, 66.5795898438, 49.589012146, 134.49609375, 45.4452438354, 26.8751049042, 6.94774341583, 36.1398925781, -6.38095664978, -28.5626907349, -51.9821624756], [715.692749023, -437.41583252, 66.5795898438, 753.324951172, 36.9493141174, -30.149061203, -59.9823074341, 19.7106590271, 97.4942092896, 38.5232009888, -55.0181846619, 74.2834243774, 28.5799427032], [-172.410705566, 99.3917999268, 49.589012146, 36.9493141174, 297.427429199, 80.8032073975, 54.5371589661, 29.9126052856, -2.34133338928, 22.4100570679, 11.4772605896, -40.8334655762, 16.914888382], [112.616096497, -33.141784668, 134.49609375, -30.149061203, 80.8032073975, 274.890197754, 125.509780884, -42.2270202637, -42.9491081238, 32.4227027893, 14.8304014206, -22.49467659, 0.113330937922], [-82.5050125122, 101.742294312, 45.4452438354, -59.9823074341, 54.5371589661, 125.509780884, 162.89125061, -1.3223246336, -24.2496814728, 11.058930397, 4.30339241028, -27.9185886383, -2.39252305031], [-14.0343780518, 4.00046062469, 26.8751049042, 19.7106590271, 29.9126052856, -42.2270202637, -1.3223246336, 142.934387207, 44.5678329468, -17.0171947479, -8.01723384857, -25.6418437958, 16.1290168762], [21.1331634521, 4.85007047653, 6.94774341583, 97.4942092896, -2.34133338928, -42.9491081238, -24.2496814728, 44.5678329468, 126.092628479, 26.6742362976, -23.7274341583, 5.01188564301, 11.3104972839], [158.182281494, -48.6080856323, 36.1398925781, 38.5232009888, 22.4100570679, 32.4227027893, 11.058930397, -17.0171947479, 26.6742362976, 103.458084106, 18.1166210175, 9.19401741028, -11.8448991776], [-139.155654907, 89.5392303467, -6.38095664978, -55.0181846619, 11.4772605896, 14.8304014206, 4.30339241028, -8.01723384857, -23.7274341583, 18.1166210175, 96.9982910156, 1.75162398815, -4.412753582], [248.038070679, -142.094955444, -28.5626907349, 74.2834243774, -40.8334655762, -22.49467659, -27.9185886383, -25.6418437958, 5.01188564301, 9.19401741028, 1.75162398815, 99.5472488403, 8.73735523224], [-31.7841758728, 54.3295516968, -51.9821624756, 28.5799427032, 16.914888382, 0.113330937922, -2.39252305031, 16.1290168762, 11.3104972839, -11.8448991776, -4.412753582, 8.73735523224, 75.4442062378]],
        "icov": [[0.000180956660188, -0.00011105791782, 0.000204911804758, -0.000205308824661, 0.000162005817401, -0.000408369960496, 0.000275016005617, -0.000396297167754, 0.000328102236381, -0.000399387761718, 0.000439068011474, -0.000470758939628, 0.000401218014304], [-0.00011105791782, 0.00265491893515, -4.1985687858e-05, 0.00132790475618, -0.000871976953931, 0.00206662877463, -0.00235557951964, 0.00220911577344, -0.0024143459741, 0.00160062953364, -0.0028621905949, 0.00334988627583, -0.00278733647428], [0.000204911804758, -4.1985687858e-05, 0.00131927826442, -0.000312862277497, 0.000162521158927, -0.00111052033026, 0.000469073129352, -0.000858782848809, 0.000271618919214, -0.00054828467546, 0.000532150734216, -0.000314423436066, 0.00124852429144], [-0.000205308824661, 0.00132790475618, -0.000312862277497, 0.00253805588, -0.000970322522335, 0.00115454150364, -0.000759729417041, 0.00129666074645, -0.00234766979702, 0.000713228713721, -0.000830688513815, 0.000646527158096, -0.00196480820887], [0.000162005817401, -0.000871976953931, 0.000162521158927, -0.000970322522335, 0.00458240741864, -0.00177419639658, 0.000399339187425, -0.00190377235413, 0.00144195393659, -0.00165502273012, 0.00071311998181, 0.00028132883017, 0.000103796279291], [-0.000408369960496, 0.00206662877463, -0.00111052033026, 0.00115454150364, -0.00177419639658, 0.00927364639938, -0.00679325545207, 0.00433311285451, -0.00101864652243, 0.000471732550068, -0.00304812705144, 0.00377933005802, -0.00400995928794], [0.000275016005617, -0.00235557951964, 0.000469073129352, -0.000759729417041, 0.000399339187425, -0.00679325545207, 0.0125205740333, -0.00362568465061, 0.00291591044515, -0.00209461525083, 0.0036012835335, -0.0024412360508, 0.00324339559302], [-0.000396297167754, 0.00220911577344, -0.000858782848809, 0.00129666074645, -0.00190377235413, 0.00433311285451, -0.00362568465061, 0.0121532911435, -0.00590497301891, 0.00406187167391, -0.00370897469111, 0.0056191412732, -0.0044783144258], [0.000328102236381, -0.0024143459741, 0.000271618919214, -0.00234766979702, 0.00144195393659, -0.00101864652243, 0.00291591044515, -0.00590497301891, 0.0144995218143, -0.0064042378217, 0.0056213461794, -0.00314505747519, 0.00150028604548], [-0.000399387761718, 0.00160062953364, -0.00054828467546, 0.000713228713721, -0.00165502273012, 0.000471732550068, -0.00209461525083, 0.00406187167391, -0.0064042378217, 0.0145478146151, -0.00543124973774, 0.0015323680127, 0.000215679770918], [0.000439068011474, -0.0028621905949, 0.000532150734216, -0.000830688513815, 0.00071311998181, -0.00304812705144, 0.0036012835335, -0.00370897469111, 0.0056213461794, -0.00543124973774, 0.0157013945282, -0.00511299911886, 0.00349436164834], [-0.000470758939628, 0.00334988627583, -0.000314423436066, 0.000646527158096, 0.00028132883017, 0.00377933005802, -0.0024412360508, 0.0056191412732, -0.00314505747519, 0.0015323680127, -0.00511299911886, 0.0177989993244, -0.00606802292168], [0.000401218014304, -0.00278733647428, 0.00124852429144, -0.00196480820887, 0.000103796279291, -0.00400995928794, 0.00324339559302, -0.0044783144258, 0.00150028604548, 0.000215679770918, 0.00349436164834, -0.00606802292168, 0.0187947582453]]
    },
    "melbands": {
        "dmean": [0.000882071617525, 0.000756198132876, 0.000326434412273, 0.000198959838599, 9.75244765868e-05, 6.66984997224e-05, 5.16941981914e-05, 6.79721051711e-05, 6.2198327214e-05, 5.42126508662e-05, 8.51152799441e-05, 4.7570651077e-05, 3.25489127135e-05, 7.05005513737e-05, 2.29132565437e-05, 2.33326281887e-05, 3.05789180857e-05, 2.12719896808e-05, 2.08675719477e-05, 3.22108462569e-05, 3.93717382394e-05, 3.24964530591e-05, 1.96544442588e-05, 1.0994240256e-05, 7.74496675149e-06, 6.14674354438e-06, 5.71031614527e-06, 4.31131820733e-06, 3.12256429424e-06, 2.49932622864e-06, 1.6131581333e-06, 1.62822129823e-06, 1.3534605614e-06, 1.11302369987e-06, 1.12762290883e-06, 1.24401344692e-06, 1.10305620638e-06, 7.2819716479e-07, 6.84659028138e-07, 5.9062733726e-07],
        "dmean2": [0.0014666026691, 0.00122547580395, 0.00052248587599, 0.000338113546604, 0.000155183821335, 0.00010843884229, 8.4231251094e-05, 0.00011121834541, 9.96351227514e-05, 7.81791168265e-05, 0.000130416839966, 7.31847976567e-05, 5.06127980771e-05, 0.000121412667795, 3.89532069676e-05, 3.67597058357e-05, 4.87499964947e-05, 3.45610169461e-05, 3.15766774293e-05, 5.03289556946e-05, 6.08576810919e-05, 5.086566307e-05, 3.20489016303e-05, 1.82999610843e-05, 1.30202170112e-05, 1.00936858871e-05, 9.49158129515e-06, 7.17703142072e-06, 5.13272243552e-06, 4.09032054449e-06, 2.71531735052e-06, 2.67405403065e-06, 2.14345482163e-06, 1.69757231561e-06, 1.69377210568e-06, 1.86355555343e-06, 1.61853461123e-06, 1.06982599846e-06, 1.02041428818e-06, 8.6921249931e-07],
        "dvar": [2.53854000221e-06, 1.32830086841e-06, 4.64939063249e-07, 1.91836932117e-07, 2.78286620414e-08, 2.67863669023e-08, 1.67759299785e-08, 2.38404265218e-08, 3.68148640462e-08, 2.32979857628e-08, 1.19944104426e-07, 3.47171145165e-08, 1.06069668604e-08, 9.93816655637e-08, 1.22282139969e-08, 7.06533009875e-09, 1.00320631802e-08, 9.05092889525e-09, 3.7895921956e-09, 1.04095096987e-08, 1.10190825353e-08, 8.57729887116e-09, 3.72288000428e-09, 3.72767872125e-10, 1.1315374332e-10, 1.0222812874e-10, 7.92835172514e-11, 5.09445229058e-11, 2.78919266156e-11, 1.70016205975e-11, 6.2355520053e-12, 7.13651490333e-12, 5.59802074487e-12, 5.25307965529e-12, 8.01824318747e-12, 1.42759953164e-11, 7.75878927078e-12, 3.18313387801e-12, 3.1216932251e-12, 1.94878141402e-12],
        "dvar2": [7.38949802326e-06, 3.49445508618e-06, 1.13933197099e-06, 5.41094323125e-07, 6.76860949511e-08, 7.04235816329e-08, 4.05061086894e-08, 6.27022060939e-08, 9.69762652403e-08, 4.80542858838e-08, 3.08861018539e-07, 8.28601187663e-08, 2.4200105031e-08, 2.70170659178e-07, 2.92664683599e-08, 1.70638987385e-08, 2.52017162694e-08, 2.20214548818e-08, 8.22068280115e-09, 2.41309869864e-08, 2.54812935196e-08, 2.02207157685e-08, 9.13381548173e-09, 9.38366384595e-10, 3.07085329387e-10, 2.5147672833e-10, 1.96918287232e-10, 1.33494423848e-10, 7.42493358463e-11, 4.55820416134e-11, 1.66577654448e-11, 1.841294478e-11, 1.24215464303e-11, 1.1272063144e-11, 1.6671044753e-11, 3.31449312441e-11, 1.53363294286e-11, 6.30156257037e-12, 6.64613026072e-12, 4.30013013045e-12],
        "max": [0.0197995491326, 0.011828889139, 0.0171929169446, 0.0056755556725, 0.00207860209048, 0.00237347371876, 0.00185966887511, 0.00187646516133, 0.00366588472389, 0.0044801896438, 0.00772317079827, 0.00468199560419, 0.00185582181439, 0.00428032828495, 0.00250783772208, 0.00154463062063, 0.00215864204802, 0.00177260267083, 0.00129113439471, 0.00238463538699, 0.00164322904311, 0.00186162476894, 0.00162183609791, 0.000309283001116, 0.00014085228031, 0.000183938100236, 0.000118648713396, 9.65254730545e-05, 8.3876780991e-05, 4.87187935505e-05, 2.5605859264e-05, 2.80404237856e-05, 3.25278633682e-05, 3.34031319653e-05, 5.47846248082e-05, 6.79823133396e-05, 3.86696883652e-05, 2.64313130174e-05, 4.04744860134e-05, 2.49196327786e-05],
        "mean": [0.00170677725691, 0.00162882450968, 0.000636947457679, 0.000275970000075, 0.000152793596499, 9.45052306633e-05, 7.36226720619e-05, 8.8852684712e-05, 8.52041484904e-05, 9.24919586396e-05, 0.000129767024191, 7.89528057794e-05, 4.96115389979e-05, 0.000102102407254, 3.40305741702e-05, 3.40504084306e-05, 5.02659895574e-05, 3.07053305733e-05, 3.33885109285e-05, 4.59650655102e-05, 6.81225428707e-05, 6.6720022005e-05, 3.33235038852e-05, 1.84158197953e-05, 1.5709822037e-05, 1.33694375108e-05, 1.29548452605e-05, 8.93381638889e-06, 6.52394055578e-06, 5.91893922319e-06, 3.98849033445e-06, 3.34950891556e-06, 2.77473395727e-06, 2.06015261028e-06, 1.96444511857e-06, 2.03460990633e-06, 2.02496948987e-06, 1.40519955494e-06, 1.38238374348e-06, 1.16175192488e-06],
        "median": [0.00139323552139, 0.00146584841423, 0.0004708248307, 0.000162341297255, 7.26744838175e-05, 3.16685072903e-05, 2.47126736213e-05, 3.10442737828e-05, 3.44802574546e-05, 2.12730010389e-05, 2.65750059043e-05, 1.66702247952e-05, 9.38755965763e-06, 1.09883221739e-05, 8.59250940266e-06, 6.41468204776e-06, 7.51694551582e-06, 8.7499147412e-06, 1.17114395835e-05, 1.3762344679e-05, 1.15859238576e-05, 1.02166677607e-05, 8.02491013019e-06, 8.52940684126e-06, 1.07015794129e-05, 6.68125494485e-06, 4.13157613366e-06, 4.44592978965e-06, 3.23890139953e-06, 2.06440972761e-06, 1.53245468937e-06, 1.59105843522e-06, 1.29824093165e-06, 9.36129424645e-07, 7.70313818066e-07, 7.55312044021e-07, 8.14772647573e-07, 5.44235206235e-07, 6.01412239121e-07, 5.1784451216e-07],
        "min": [3.54300182942e-12, 3.39038964004e-13, 1.721346183e-13, 4.96908287087e-14, 4.2523954193e-14, 1.30794328276e-13, 5.49192344433e-14, 8.08730591718e-14, 2.54523751251e-13, 6.13676861064e-14, 5.77776623203e-14, 6.33557401962e-14, 4.5750943046e-14, 5.25751893464e-14, 2.91406303385e-14, 3.50845315799e-14, 1.90743840671e-14, 7.60990459558e-14, 7.73913742878e-14, 7.45322586201e-14, 9.21848385929e-14, 7.23033625701e-14, 7.08301554344e-14, 1.18172087241e-13, 5.34562459131e-14, 8.172181329e-14, 5.85520062882e-14, 3.8086392628e-14, 3.63188483194e-14, 2.99137274738e-14, 2.14022593051e-14, 3.10862379132e-14, 2.0305214419e-14, 1.66819276491e-14, 2.7741213325e-14, 1.3189131387e-14, 1.77716575586e-14, 1.98598411073e-14, 2.17801359494e-14, 9.83746267227e-15],
        "var": [2.85735904981e-06, 1.73613364041e-06, 6.29909152394e-07, 1.62110239899e-07, 4.5553932182e-08, 3.97939814434e-08, 2.25818368449e-08, 3.00763289829e-08, 3.79519988769e-08, 8.6116081377e-08, 1.47623367752e-07, 9.09357140699e-08, 1.939114469e-08, 1.6846105666e-07, 2.69593307678e-08, 1.2896888002e-08, 3.28463372057e-08, 1.08854774084e-08, 7.17157622177e-09, 1.63494071614e-08, 3.19276054483e-08, 3.42622712424e-08, 7.19568626906e-09, 7.63076102306e-10, 2.90390211877e-10, 2.44418818518e-10, 2.59066185171e-10, 1.17927001497e-10, 7.12571390782e-11, 5.13706403804e-11, 2.1345439305e-11, 1.82329863013e-11, 1.46832025705e-11, 1.15266433551e-11, 1.53233797179e-11, 2.12342140399e-11, 1.54436602395e-11, 6.99982910177e-12, 6.27700192171e-12, 3.78635491016e-12]
    },
    "mfcc": {
        "mean": [-658.43560791, 99.2321243286, 6.70062589645, 31.3478469849, 19.8386821747, 4.36833238602, 11.4885807037, 11.4172430038, 8.91077136993, 8.87019729614, -1.92974376678, -0.572105109692, -1.09031295776],
        "cov": [[7546.69140625, -1014.92523193, -871.193969727, 566.237731934, -142.080062866, 129.830947876, -286.31628418, 22.6301860809, 173.626739502, -329.218902588, 66.2764511108, 207.586151123, 152.112411499], [-1014.92523193, 1397.66455078, -173.275512695, -446.931030273, -34.1650924683, -108.606788635, 189.853729248, -28.1201534271, -69.487953186, 162.618881226, 18.987657547, -120.191917419, -96.4420013428], [-871.193969727, -173.275512695, 841.532714844, 69.5268554688, 69.2402954102, 98.8047027588, 36.7690391541, 31.2775230408, 6.11710834503, 73.3756637573, 14.7204246521, -7.96834659576, -13.7218008041], [566.237731934, -446.931030273, 69.5268554688, 536.956542969, 133.325271606, 8.40677261353, -124.668441772, 13.3586521149, 88.1262130737, -44.9776000977, -2.53918004036, 78.5204162598, 52.5613441467], [-142.080062866, -34.1650924683, 69.2402954102, 133.325271606, 252.535171509, 11.4215679169, 41.3856620789, 13.3145303726, 30.454536438, 71.4873046875, -20.9789886475, -4.68686532974, 21.3856964111], [129.830947876, -108.606788635, 98.8047027588, 8.40677261353, 11.4215679169, 309.720581055, 95.8742828369, -5.40462589264, 22.0557613373, -0.753370463848, 48.6009750366, -26.524438858, 7.4398188591], [-286.31628418, 189.853729248, 36.7690391541, -124.668441772, 41.3856620789, 95.8742828369, 260.427093506, 23.4506950378, -26.1805038452, 76.7252349854, 2.44863986969, -56.0900115967, -19.1298389435], [22.6301860809, -28.1201534271, 31.2775230408, 13.3586521149, 13.3145303726, -5.40462589264, 23.4506950378, 94.327293396, 30.4169406891, 6.15580797195, -15.3154392242, -4.12728357315, 1.66233968735], [173.626739502, -69.487953186, 6.11710834503, 88.1262130737, 30.454536438, 22.0557613373, -26.1805038452, 30.4169406891, 155.861495972, 10.3378810883, 14.2094488144, 1.50912868977, -0.293604433537], [-329.218902588, 162.618881226, 73.3756637573, -44.9776000977, 71.4873046875, -0.753370463848, 76.7252349854, 6.15580797195, 10.3378810883, 179.812057495, 7.42847681046, -43.1084022522, -15.8925476074], [66.2764511108, 18.987657547, 14.7204246521, -2.53918004036, -20.9789886475, 48.6009750366, 2.44863986969, -15.3154392242, 14.2094488144, 7.42847681046, 100.410140991, 14.6301641464, -0.804338574409], [207.586151123, -120.191917419, -7.96834659576, 78.5204162598, -4.68686532974, -26.524438858, -56.0900115967, -4.12728357315, 1.50912868977, -43.1084022522, 14.6301641464, 109.261802673, 35.2621650696], [152.112411499, -96.4420013428, -13.7218008041, 52.5613441467, 21.3856964111, 7.4398188591, -19.1298389435, 1.66233968735, -0.293604433537, -15.8925476074, -0.804338574409, 35.2621650696, 75.1811294556]],
