{
"lowlevel": {
    "average_loudness": 0.952182948589,
    "barkbands_crest": {
        "dmean": 2.24600243568,
        "dmean2": 3.65286374092,
        "dvar": 4.93035554886,
        "dvar2": 13.1513309479,
        "max": 21.6902866364,
        "mean": 8.64994812012,
        "median": 7.79153776169,
        "min": 2.59674715996,
        "var": 13.3785429001
    },
    "barkbands_flatness_db": {
        "dmean": 0.0174642503262,
        "dmean2": 0.0272601377219,
        "dvar": 0.000257335806964,
        "dvar2": 0.000626687600743,
        "max": 0.278771996498,
        "mean": 0.151208400726,
        "median": 0.145031109452,
        "min": 0.0736433491111,
        "var": 0.00131311023142
    },
    "barkbands_kurtosis": {
        "dmean": 1.81212365627,
        "dmean2": 2.77630329132,
        "dvar": 7.08579683304,
        "dvar2": 16.1195545197,
        "max": 40.4271354675,
        "mean": 2.66070842743,
        "median": 1.23698663712,
        "min": -1.86862766743,
        "var": 23.5817184448
    },
    "barkbands_skewness": {
        "dmean": 0.416925162077,
        "dmean2": 0.621232569218,
        "dvar": 0.18805116415,
        "dvar2": 0.366231590509,
        "max": 5.18160390854,
        "mean": 1.43595838547,
        "median": 1.33658778667,
        "min": -1.94543731213,
        "var": 0.839987695217
    },
    "barkbands_spread": {
        "dmean": 6.06527090073,
        "dmean2": 9.1824131012,
        "dvar": 49.6327629089,
        "dvar2": 91.0807876587,
        "max": 91.2203521729,
        "mean": 28.4040565491,
        "median": 24.9423923492,
        "min": 2.9941341877,
        "var": 251.928497314
    },
    "dissonance": {
        "dmean": 0.0156672950834,
        "dmean2": 0.0260552503169,
        "dvar": 0.000257890031207,
        "dvar2": 0.000689634995069,
        "max": 0.499999940395,
        "mean": 0.465936839581,
        "median": 0.472265928984,
        "min": 0.318318039179,
        "var": 0.000596554076765
    },
    "dynamic_complexity": 2.77565097809,
    "erbbands_crest": {
        "dmean": 2.10691380501,
        "dmean2": 3.3960416317,
        "dvar": 4.02870368958,
        "dvar2": 9.80032920837,
        "max": 21.9420490265,
        "mean": 7.64911317825,
        "median": 6.69349575043,
        "min": 2.52005648613,
        "var": 11.7881803513
    },
    "erbbands_flatness_db": {
        "dmean": 0.0131100332364,
        "dmean2": 0.0184889174998,
        "dvar": 0.000133030844154,
        "dvar2": 0.000246118259383,
        "max": 0.266272693872,
        "mean": 0.166371375322,
        "median": 0.163662195206,
        "min": 0.0918273553252,
        "var": 0.000842169218231
    },
    "erbbands_kurtosis": {
        "dmean": 0.638856291771,
        "dmean2": 0.992371916771,
        "dvar": 0.614445149899,
        "dvar2": 1.36438763142,
        "max": 9.69172096252,
        "mean": -0.0394280068576,
        "median": -0.529532194138,
        "min": -1.68277454376,
        "var": 2.23554682732
    },
    "erbbands_skewness": {
        "dmean": 0.309144586325,
        "dmean2": 0.453278005123,
        "dvar": 0.0834703147411,
        "dvar2": 0.158863395452,
        "max": 2.80596733093,
        "mean": 0.109954632819,
        "median": 0.050804246217,
        "min": -2.25769972801,
        "var": 0.607920348644
    },
    "erbbands_spread": {
        "dmean": 8.38002681732,
        "dmean2": 12.4105968475,
        "dvar": 65.6451568604,
        "dvar2": 141.691970825,
        "max": 112.197059631,
        "mean": 48.1164321899,
        "median": 45.5996208191,
        "min": 8.44206619263,
        "var": 313.438232422
    },
    "hfc": {
        "dmean": 6.90580654144,
        "dmean2": 9.67315578461,
        "dvar": 104.098304749,
        "dvar2": 204.424255371,
        "max": 168.968521118,
        "mean": 25.5082683563,
        "median": 19.7688961029,
        "min": 1.20242467852e-16,
        "var": 450.900238037
    },
    "melbands_crest": {
        "dmean": 2.93898391724,
        "dmean2": 4.83202219009,
        "dvar": 7.36657714844,
        "dvar2": 19.701379776,
        "max": 28.8214187622,
        "mean": 12.3797874451,
        "median": 11.567150116,
        "min": 1.91367423534,
        "var": 18.4660224915
    },
    "melbands_flatness_db": {
        "dmean": 0.0221641566604,
        "dmean2": 0.0332986339927,
        "dvar": 0.000465530989459,
        "dvar2": 0.000939236371778,
        "max": 0.347332686186,
        "mean": 0.175017520785,
        "median": 0.169592529535,
        "min": 0.00483527546749,
        "var": 0.00274372333661
    },
    "melbands_kurtosis": {
        "dmean": 5.3022108078,
        "dmean2": 8.14726924896,
        "dvar": 60.1028862,
        "dvar2": 132.783615112,
        "max": 114.485397339,
        "mean": 12.2721948624,
        "median": 8.32128715515,
        "min": -1.52210307121,
        "var": 167.773452759
    },
    "melbands_skewness": {
        "dmean": 0.590906858444,
        "dmean2": 0.901865303516,
        "dvar": 0.383846729994,
        "dvar2": 0.793116211891,
        "max": 9.0384721756,
        "mean": 2.77736473083,
        "median": 2.52895760536,
        "min": -0.120337039232,
        "var": 1.62162435055
    },
    "melbands_spread": {
        "dmean": 8.0582113266,
        "dmean2": 12.0089616776,
        "dvar": 153.81060791,
        "dvar2": 268.712982178,
        "max": 181.381622314,
        "mean": 28.2354869843,
        "median": 22.939239502,
        "min": 2.65668559074,
        "var": 551.085693359
    },
    "pitch_salience": {
        "dmean": 0.0598308108747,
        "dmean2": 0.0971010178328,
        "dvar": 0.00250922702253,
        "dvar2": 0.00706139905378,
        "max": 0.804003238678,
        "mean": 0.572007477283,
        "median": 0.575908839703,
        "min": 0.288295894861,
        "var": 0.00715786963701
    },
    "silence_rate_20dB": {
        "dmean": 0,
        "dmean2": 0,
        "dvar": 0,
        "dvar2": 0,
        "max": 1,
        "mean": 1,
        "median": 1,
        "min": 1,
        "var": 0
    },
    "silence_rate_30dB": {
        "dmean": 0.00290697673336,
        "dmean2": 0.0058181816712,
        "dvar": 0.00289851194248,
        "dvar2": 0.00723878759891,
        "max": 1,
        "mean": 0.997821331024,
        "median": 1,
        "min": 0,
        "var": 0.00217391713522
    },
    "silence_rate_60dB": {
        "dmean": 0.00436046533287,
        "dmean2": 0.00872727297246,
        "dvar": 0.00434150965884,
        "dvar2": 0.0101057812572,
        "max": 1,
        "mean": 0.0457516349852,
        "median": 0,
        "min": 0,
        "var": 0.0436581559479
    },
    "spectral_centroid": {
        "dmean": 270.319580078,
        "dmean2": 405.357177734,
        "dvar": 145501.75,
        "dvar2": 221903.34375,
        "max": 10430.0195312,
        "mean": 1446.24633789,
        "median": 1346.55932617,
        "min": 281.912017822,
        "var": 458601.75
    },
    "spectral_complexity": {
        "dmean": 3.64389538765,
        "dmean2": 5.55345439911,
        "dvar": 19.6508274078,
        "dvar2": 36.7577819824,
        "max": 55,
        "mean": 20.9179382324,
        "median": 20,
        "min": 0,
        "var": 107.243499756
    },
    "spectral_decrease": {
        "dmean": 2.19343809782e-09,
        "dmean2": 3.41005623739e-09,
        "dvar": 8.82962198905e-18,
        "dvar2": 2.09475102518e-17,
        "max": 4.60403995357e-29,
        "mean": -6.93120449924e-09,
        "median": -6.27779339624e-09,
        "min": -3.95921269103e-08,
        "var": 2.1277366719e-17
    },
    "spectral_energy": {
        "dmean": 0.00862933974713,
        "dmean2": 0.0133611867204,
        "dvar": 0.00013420401956,
        "dvar2": 0.000317911850289,
        "max": 0.152837693691,
        "mean": 0.0284736212343,
        "median": 0.0258235465735,
        "min": 1.07325908997e-20,
        "var": 0.000336998113198
    },
    "spectral_energyband_high": {
        "dmean": 0.000668624532409,
        "dmean2": 0.000921138387639,
        "dvar": 1.59771411745e-06,
        "dvar2": 2.80997005575e-06,
        "max": 0.0203495640308,
        "mean": 0.00172402325552,
        "median": 0.000743787328247,
        "min": 8.0088927455e-21,
        "var": 6.6495235842e-06
    },
    "spectral_energyband_low": {
        "dmean": 0.00443324120715,
        "dmean2": 0.00724595086649,
        "dvar": 6.23783271294e-05,
        "dvar2": 0.00014607567573,
        "max": 0.10836815834,
        "mean": 0.00927598867565,
        "median": 0.00678827427328,
        "min": 6.47522842534e-23,
        "var": 9.53773560468e-05
    },
    "spectral_energyband_middle_high": {
        "dmean": 0.00134656194132,
        "dmean2": 0.00200433423743,
        "dvar": 4.18406898461e-06,
        "dvar2": 9.34761465032e-06,
        "max": 0.0292694773525,
        "mean": 0.00451556500047,
        "median": 0.00341439992189,
        "min": 1.37111457028e-21,
        "var": 1.61588195624e-05
    },
    "spectral_energyband_middle_low": {
        "dmean": 0.00557714235038,
        "dmean2": 0.00874629989266,
        "dvar": 6.1785831349e-05,
        "dvar2": 0.000157917631441,
        "max": 0.09559071064,
        "mean": 0.0147626483813,
        "median": 0.0117819067091,
        "min": 3.37338354846e-22,
        "var": 0.000149270010297
    },
    "spectral_entropy": {
        "dmean": 0.134090512991,
        "dmean2": 0.182669013739,
        "dvar": 0.0207510199398,
        "dvar2": 0.032784961164,
        "max": 9.80801010132,
        "mean": 7.64675521851,
        "median": 7.67405653,
        "min": 6.38344526291,
        "var": 0.136077791452
    },
    "spectral_flux": {
        "dmean": 0.0221528932452,
        "dmean2": 0.0350144952536,
        "dvar": 0.00061285024276,
        "dvar2": 0.00131406239234,
        "max": 0.244664639235,
        "mean": 0.082296282053,
        "median": 0.0776136666536,
        "min": 1.0359822028e-10,
        "var": 0.00186321348883
    },
    "spectral_kurtosis": {
        "dmean": 1.09044706821,
        "dmean2": 1.83294713497,
        "dvar": 1.60183763504,
        "dvar2": 4.39902639389,
        "max": 15.0398445129,
        "mean": 1.88456904888,
        "median": 1.52103090286,
        "min": -1.29006278515,
        "var": 3.58263969421
    },
    "spectral_rms": {
        "dmean": 0.000729716208298,
        "dmean2": 0.00111075432505,
        "dvar": 6.81215681198e-07,
        "dvar2": 1.54209817538e-06,
        "max": 0.0122110582888,
        "mean": 0.00496266782284,
        "median": 0.00501933274791,
        "min": 3.23586470119e-12,
        "var": 3.15111265081e-06
    },
    "spectral_rolloff": {
        "dmean": 562.416015625,
        "dmean2": 924.67590332,
        "dvar": 1185372.75,
        "dvar2": 2038519.625,
        "max": 18346.2890625,
        "mean": 1824.25634766,
        "median": 1248.92578125,
        "min": 150.732421875,
        "var": 3525951.75
    },
    "spectral_skewness": {
        "dmean": 0.188419654965,
        "dmean2": 0.287282735109,
        "dvar": 0.0344879887998,
        "dvar2": 0.0748734846711,
        "max": 2.66039991379,
        "mean": 1.07496678829,
        "median": 1.05403459072,
        "min": -0.22808803618,
        "var": 0.188890263438
    },
    "spectral_spread": {
        "dmean": 470692.40625,
        "dmean2": 629516.4375,
        "dvar": 1.1465237463e+12,
        "dvar2": 1.2126739497e+12,
        "max": 40356368,
        "mean": 4712218.5,
        "median": 4486375.5,
        "min": 2214120.5,
        "var": 2.49137804083e+12
    },
    "spectral_strongpeak": {
        "dmean": 0.40687969327,
        "dmean2": 0.688206970692,
        "dvar": 0.383934944868,
        "dvar2": 0.990987837315,
        "max": 6.96462774277,
        "mean": 0.744554877281,
        "median": 0.351781070232,
        "min": 1.80235315561e-09,
        "var": 0.803425550461
    },
    "zerocrossingrate": {
        "dmean": 0.0111942738295,
        "dmean2": 0.0121079543605,
        "dvar": 0.000336612865794,
        "dvar2": 0.000295988895232,
        "max": 0.51513671875,
        "mean": 0.0695508271456,
        "median": 0.05859375,
        "min": 0.01513671875,
        "var": 0.00198244350031
    },
    "barkbands": {
        "dmean": [9.36336655286e-05, 0.00292863673531, 0.00147449306678, 0.00209088041447, 0.00264072255231, 0.000799817207735, 0.00111148040742, 0.000828752759844, 0.00105534575414, 0.000298412283882, 0.000258324434981, 0.000284987268969, 0.000216677392018, 0.00025390603696, 0.000340144702932, 0.00031527937972, 0.000274530961178, 0.000155038491357, 0.000137012117193, 0.000158227150678, 0.000141205542604, 0.000188843929209, 0.000214486790355, 0.000174800909008, 3.93595582864e-05, 3.62770364859e-08, 1.43195533209e-09],
        "dmean2": [0.00014008715516, 0.00482439668849, 0.00256358762272, 0.00348103954457, 0.00432696379721, 0.00126207259018, 0.00167620799039, 0.00134157715365, 0.00164232531097, 0.000480404589325, 0.00038796607987, 0.00044162850827, 0.000328486203216, 0.000381483376259, 0.000528761185706, 0.000501470640302, 0.000436271482613, 0.000257930660155, 0.000222747461521, 0.000244500639383, 0.00022063558572, 0.000268541480182, 0.000310369709041, 0.000247976946412, 5.78307226533e-05, 5.65106965666e-08, 2.71231059834e-09],
        "dvar": [4.74509178616e-08, 3.84302293241e-05, 5.75765261601e-06, 1.24244224935e-05, 3.10253781208e-05, 2.22599101107e-06, 7.1082681643e-06, 4.5450478865e-06, 5.74491741645e-06, 6.0478805608e-07, 4.30399467177e-07, 4.63519228333e-07, 3.27544512402e-07, 2.31386493965e-07, 3.79239367021e-07, 2.71064436674e-07, 1.64526809954e-07, 6.68294362072e-08, 4.78682231631e-08, 8.76297718833e-08, 5.88082009756e-08, 2.39273447278e-07, 2.85883345441e-07, 1.19227777873e-07, 6.98154556389e-09, 7.18525089552e-15, 1.70061021664e-17],
        "dvar2": [1.08894376183e-07, 9.48074302869e-05, 1.55514662765e-05, 2.98684826703e-05, 8.65922265803e-05, 5.26108487975e-06, 1.52183756654e-05, 1.15857992569e-05, 1.40385272971e-05, 1.47036803355e-06, 8.89823525085e-07, 1.00618046872e-06, 6.67497374707e-07, 5.05348793922e-07, 9.59283624979e-07, 6.71304064781e-07, 4.0120534095e-07, 1.85418613796e-07, 1.24027693005e-07, 1.88269297041e-07, 1.39471580951e-07, 4.61498103732e-07, 5.83113660468e-07, 2.37458337438e-07, 1.41805962528e-08, 1.56999962347e-14, 5.08023428762e-17],
        "max": [0.0032014909666, 0.077489823103, 0.0264558643103, 0.0606854334474, 0.0806366279721, 0.0282242707908, 0.0383401289582, 0.0451450794935, 0.0349604003131, 0.0169184561819, 0.0129350330681, 0.013600198552, 0.0152090499178, 0.0059923119843, 0.0113594830036, 0.00601663952693, 0.00682403938845, 0.00335027417168, 0.0031144535169, 0.00460317032412, 0.00346510228701, 0.00975083839148, 0.00944800395519, 0.00624989531934, 0.00165245658718, 1.76697676579e-06, 6.93344262004e-08],
        "mean": [0.000114507209219, 0.0051527870819, 0.00229893578216, 0.00299527519383, 0.00445496384054, 0.00163814413827, 0.00201784423552, 0.00158410379663, 0.00191181502305, 0.000502164650243, 0.000405185652198, 0.000461342278868, 0.000363224651664, 0.000455133704236, 0.00054878660012, 0.000622695893981, 0.000533909944352, 0.000285294430796, 0.000263151538093, 0.000308985530864, 0.000294175930321, 0.000395149923861, 0.000417493778514, 0.000376913056243, 7.1616464993e-05, 5.42683622484e-08, 1.04949149371e-09],
        "median": [1.91456256289e-05, 0.00354591431096, 0.00126477051526, 0.00167994073126, 0.00257722637616, 0.00112237606663, 0.000686514307745, 0.000468315847684, 0.00102660094853, 0.000182586649316, 0.000108288928459, 0.000203237228561, 0.000145166442962, 0.000209942008951, 0.000261091743596, 0.0003564345825, 0.000313506287057, 0.000176109751919, 0.00015983422054, 0.000160656549269, 0.000160749361385, 0.000120533841255, 0.000110623841465, 0.000132309374749, 1.92335646716e-05, 1.36130084982e-08, 3.26336790923e-10],
        "min": [1.45855427329e-23, 3.95404411839e-23, 1.56619276608e-23, 8.42537210023e-24, 7.39641412098e-23, 4.70020492944e-23, 1.1252553028e-22, 3.5493363859e-23, 4.5905709341e-23, 5.8910390597e-23, 3.8191454326e-23, 1.05526579624e-22, 1.35718646738e-22, 1.52416749509e-22, 8.40430383426e-23, 1.87947448577e-22, 1.05854922465e-22, 1.55411480075e-22, 2.62644485744e-22, 2.77124892251e-22, 4.07020218274e-22, 4.62257142382e-22, 8.36594083424e-22, 7.21277159365e-22, 1.22906881732e-21, 1.86545121469e-21, 2.56934374773e-21],
        "var": [6.63293135972e-08, 4.64116674266e-05, 7.671579624e-06, 1.97549234144e-05, 4.42463933723e-05, 4.06769322581e-06, 1.86648867384e-05, 1.70135535882e-05, 9.27936343942e-06, 1.16118383175e-06, 1.19328137771e-06, 9.62730268839e-07, 7.19469937849e-07, 4.72156244768e-07, 7.91578429471e-07, 6.10032884651e-07, 4.66548272016e-07, 1.11202005826e-07, 8.66356799634e-08, 2.33807639916e-07, 1.46343452911e-07, 8.14628322132e-07, 7.77590116741e-07, 4.55458462056e-07, 2.43010926937e-08, 1.72385214691e-14, 9.8716205795e-18]
    },
    "erbbands": {
        "dmean": [0.0896152704954, 0.684843361378, 1.4876639843, 4.70114040375, 7.76434659958, 9.89492607117, 6.66587638855, 6.40174484253, 12.490316391, 16.9569702148, 21.1675205231, 22.6339130402, 10.8959445953, 8.50741767883, 8.3433380127, 10.5368299484, 9.76960849762, 10.6591339111, 12.2231845856, 16.5295886993, 14.4916296005, 15.0390300751, 9.23473834991, 7.59367752075, 6.78011894226, 7.49622774124, 6.25147771835, 5.13422870636, 6.14916944504, 7.6854724884, 5.88266324997, 4.30339717865, 2.56982970238, 0.823513031006, 0.044402346015, 0.00199824338779, 0.000123536156025, 1.96937762666e-05, 7.81521794124e-06, 1.0570912309e-05],
        "dmean2": [0.139502048492, 1.16025936604, 2.60748767853, 7.85435724258, 12.8025045395, 15.9773435593, 10.6208839417, 10.1812438965, 19.0262393951, 27.2414951324, 33.7763366699, 34.8663253784, 17.1808605194, 12.8854856491, 12.6279535294, 16.2338943481, 14.9111700058, 16.3367843628, 18.468038559, 25.4550685883, 22.8848571777, 24.27866745, 15.230512619, 12.3701591492, 10.9479913712, 11.7250318527, 9.84128665924, 7.88971042633, 8.98756122589, 11.1793584824, 8.48454761505, 6.27563858032, 3.58379340172, 1.16146945953, 0.0673931762576, 0.00298535614274, 0.0001734069956, 2.70684904535e-05, 1.09202655949e-05, 1.6051608327e-05],
        "dvar": [0.045232526958, 1.94138371944, 6.99174261093, 54.5024642944, 239.789123535, 444.018615723, 135.00541687, 166.624526978, 743.14239502, 1947.56689453, 1961.80065918, 3240.7722168, 782.774230957, 361.551574707, 487.984741211, 643.32220459, 761.35736084, 493.866516113, 634.116638184, 812.682128906, 615.650817871, 450.560516357, 225.717575073, 157.522796631, 122.230697632, 225.811935425, 131.754074097, 82.0697021484, 253.665786743, 486.028533936, 179.275054932, 68.6626281738, 26.1215076447, 2.94614601135, 0.0169406179339, 3.04403165501e-05, 7.24244628714e-08, 1.4634399248e-09, 1.21122528673e-10, 1.84218446053e-10],
        "dvar2": [0.101230204105, 5.15917730331, 18.9656105042, 136.00428772, 643.446899414, 1217.51086426, 330.739624023, 378.173828125, 1514.0090332, 4753.31005859, 4989.14648438, 7693.28271484, 1897.55175781, 731.478393555, 873.503540039, 1294.6361084, 1496.44238281, 1185.86340332, 1468.8605957, 1887.08740234, 1527.62438965, 1081.48291016, 619.666442871, 417.837005615, 296.897735596, 493.916351318, 301.596191406, 190.010162354, 526.024658203, 927.579833984, 375.112976074, 140.126983643, 52.3054618835, 5.32601976395, 0.0330982469022, 5.80785817874e-05, 1.25166977227e-07, 2.45562037371e-09, 2.23016410894e-10, 4.22049478699e-10],
        "max": [3.02805614471, 14.2227334976, 32.9481697083, 114.191223145, 225.476654053, 280.789337158, 136.283920288, 268.570861816, 444.782928467, 634.341369629, 754.944335938, 857.664794922, 570.483703613, 451.350372314, 529.013427734, 696.871826172, 763.001403809, 265.841583252, 675.15814209, 443.86114502, 340.417816162, 314.085540771, 164.853042603, 161.821166992, 120.07950592, 228.81842041, 163.696548462, 152.460510254, 325.844421387, 434.523040771, 189.176116943, 146.215408325, 80.1263504028, 40.1157493591, 2.59763503075, 0.114814333618, 0.0059650731273, 0.000754615641199, 0.000166014535353, 0.000176666348125],
        "mean": [0.138370931149, 1.18371546268, 2.56036114693, 7.39845514297, 11.9920759201, 16.662273407, 12.8887472153, 13.2182092667, 22.8747158051, 32.3467636108, 44.3907165527, 38.6520614624, 19.2812023163, 15.2653074265, 14.3113555908, 18.2282810211, 18.0077533722, 19.3735733032, 24.8562316895, 32.6659049988, 33.3443336487, 30.8850421906, 18.6110553741, 14.1724071503, 13.2396211624, 14.6813964844, 13.0010499954, 11.0266475677, 12.860329628, 15.0925159454, 11.3202495575, 8.95656871796, 5.41215848923, 1.62179040909, 0.0704448670149, 0.00341393961571, 0.000271447410341, 4.8166137276e-05, 2.66948300123e-05, 3.7847985368e-05],
        "median": [0.0743633955717, 0.843251466751, 1.61474919319, 4.66872739792, 7.44324111938, 7.62149143219, 8.7407617569, 8.22054004669, 10.4085874557, 8.6632194519, 21.5986690521, 18.0933647156, 6.95037460327, 5.54522323608, 3.82358717918, 8.69021129608, 8.2297372818, 9.64371395111, 14.6421928406, 16.6181221008, 20.2704353333, 19.1505470276, 11.611779213, 8.38625907898, 8.28709030151, 7.58205842972, 6.96463441849, 5.33529615402, 4.12677335739, 3.81239748001, 3.22834205627, 3.1692647934, 1.75836527348, 0.458251267672, 0.0143661405891, 0.000803611706942, 9.06195200514e-05, 1.83320462384e-05, 2.06747390621e-05, 3.55481242877e-05],
        "min": [1.26681398148e-21, 8.58028471729e-21, 1.28880507082e-20, 3.69908352156e-20, 8.99575459764e-20, 3.28870467939e-19, 3.72835350141e-19, 3.25696653477e-19, 9.22313620827e-19, 1.99899051769e-18, 7.06147441927e-19, 6.80515803081e-19, 2.03792135963e-18, 1.72374958098e-18, 2.87250068917e-18, 3.07368321506e-18, 6.2284106914e-18, 6.46603155725e-18, 7.68521843876e-18, 8.34409757516e-18, 7.61128503561e-18, 5.78802469636e-18, 7.78021351467e-18, 1.40643269621e-17, 1.10243298503e-17, 1.60191284575e-17, 1.23580965495e-17, 1.72697957652e-17, 1.64451413622e-17, 1.79461151776e-17, 2.52654674955e-17, 1.50031389071e-17, 1.28912119728e-17, 1.204386966e-17, 9.58274429418e-18, 5.56029566987e-18, 3.54041904851e-18, 1.80424966082e-18, 3.65456097745e-19, 3.27358504564e-20],
        "var": [0.0582858100533, 2.10162758827, 8.67986679077, 87.7465591431, 282.788818359, 866.15612793, 227.026626587, 322.355804443, 1575.00793457, 4905.01806641, 6283.53027344, 5198.69677734, 1454.03027344, 1099.2833252, 1542.78283691, 1635.31323242, 1717.21435547, 876.359375, 1347.37231445, 2272.54150391, 1606.90270996, 1349.02319336, 441.725860596, 265.878417969, 242.169250488, 558.733093262, 330.189056396, 247.02520752, 825.467346191, 1403.1105957, 488.863555908, 246.119842529, 102.591949463, 12.0311489105, 0.0400567315519, 8.01138739916e-05, 2.8340150493e-07, 6.66315225217e-09, 5.72056291226e-10, 5.61800439502e-10]
    },
    "gfcc": {
        "mean": [-4.03085231781, 119.015090942, -139.120071411, 69.3583374023, -78.1293563843, 21.8211746216, -43.5673942566, -0.380661100149, 1.66772973537, -18.7269134521, 0.666394293308, -24.0635986328, 3.90548872948],
        "cov": [[6171.3984375, -816.256530762, -212.388397217, 218.486312866, -455.037109375, 269.37890625, -203.620361328, 65.6307830811, -256.891143799, 40.2743759155, 56.8809967041, 17.9911556244, -6.84372997284], [-816.256530762, 882.473022461, -136.304763794, -130.46144104, 293.793762207, -158.134124756, 178.665969849, -39.7298088074, 136.929626465, -50.6005477905, 64.352394104, -77.8365707397, 46.2702865601], [-212.388397217, -136.304763794, 392.984283447, 81.9716339111, -51.2622909546, 97.8376541138, -36.8218841553, 41.9908065796, 1.64734613895, 31.2367706299, -18.2595005035, 32.5956268311, 2.71597504616], [218.486312866, -130.46144104, 81.9716339111, 329.111724854, 114.899925232, 30.8582897186, -4.18378591537, -12.97615242, 11.0874319077, 56.5086936951, -4.50079679489, 13.1138343811, 1.80271577835], [-455.037109375, 293.793762207, -51.2622909546, 114.899925232, 321.554779053, -25.6897830963, 54.1371841431, -10.8640174866, 66.1240386963, 32.919757843, 26.4809436798, -37.519657135, 21.4950370789], [269.37890625, -158.134124756, 97.8376541138, 30.8582897186, -25.6897830963, 172.928131104, 12.74888134, 23.5281543732, -34.9774894714, 18.6993045807, -3.21745538712, 25.6162815094, -10.5078668594], [-203.620361328, 178.665969849, -36.8218841553, -4.18378591537, 54.1371841431, 12.74888134, 172.630218506, 9.03686904907, 15.5126428604, -18.7179946899, 10.2044382095, -0.986686527729, 10.4391584396], [65.6307830811, -39.7298088074, 41.9908065796, -12.97615242, -10.8640174866, 23.5281543732, 9.03686904907, 100.201957703, 21.5708389282, 14.2622079849, -7.25261163712, -8.99982643127, 12.0667638779], [-256.891143799, 136.929626465, 1.64734613895, 11.0874319077, 66.1240386963, -34.9774894714, 15.5126428604, 21.5708389282, 127.610031128, 26.4078140259, 4.18362092972, -22.6124725342, -2.24777770042], [40.2743759155, -50.6005477905, 31.2367706299, 56.5086936951, 32.919757843, 18.6993045807, -18.7179946899, 14.2622079849, 26.4078140259, 89.4016036987, 23.7010097504, -4.79132270813, 0.482577115297], [56.8809967041, 64.352394104, -18.2595005035, -4.50079679489, 26.4809436798, -3.21745538712, 10.2044382095, -7.25261163712, 4.18362092972, 23.7010097504, 74.392364502, 16.9061088562, -2.20526027679], [17.9911556244, -77.8365707397, 32.5956268311, 13.1138343811, -37.519657135, 25.6162815094, -0.986686527729, -8.99982643127, -22.6124725342, -4.79132270813, 16.9061088562, 77.227897644, 15.1383962631], [-6.84372997284, 46.2702865601, 2.71597504616, 1.80271577835, 21.4950370789, -10.5078668594, 10.4391584396, 12.0667638779, -2.24777770042, 0.482577115297, -2.20526027679, 15.1383962631, 52.7201690674]],
        "icov": [[0.000331428513164, -0.000284707843093, 0.00062581646489, -0.000826050643809, 0.000999090960249, -0.000882559572347, 0.000623956148047, -0.000469015474664, 0.00037571467692, 0.00010677708633, -0.000633695279248, 0.000595408433583, -0.00049298472004], [-0.000284707843093, 0.00702559342608, -0.00220329873264, 0.00432990118861, -0.00555680552498, 0.0036670092959, -0.00513700349256, 0.004473795183, -0.0047197737731, 0.00474645663053, -0.00539326900616, 0.00498427543789, -0.00514936214313], [0.00062581646489, -0.00220329873264, 0.0051211793907, -0.00331143592484, 0.00369099108502, -0.00408387184143, 0.0030484914314, -0.00284086144529, 0.000950425339397, -0.00121177348774, 0.000880702282302, -0.00109888741281, -3.88839043808e-06], [-0.000826050643809, 0.00432990118861, -0.00331143592484, 0.0085993045941, -0.00713714910671, 0.00395924411714, -0.00410886248574, 0.00407693441957, -0.00243727094494, -0.00069093919592, 0.000780805828981, -0.000731614476535, -0.000306161149638], [0.000999090960249, -0.00555680552498, 0.00369099108502, -0.00713714910671, 0.0117480829358, -0.00530569627881, 0.00407534232363, -0.00291788531467, 0.00183853181079, -0.0025944635272, -0.000449549697805, 0.00173904898111, -0.00134198681917], [-0.000882559572347, 0.0036670092959, -0.00408387184143, 0.00395924411714, -0.00530569627881, 0.0123626878485, -0.00529585732147, 0.000786514952779, 0.00044482992962, -0.000982368947007, 0.000891858479008, -0.00241479906254, 0.002996630501], [0.000623956148047, -0.00513700349256, 0.0030484914314, -0.00410886248574, 0.00407534232363, -0.00529585732147, 0.011312478222, -0.00439504999667, 0.0024886385072, -0.000202150535188, 0.00132116361056, -0.00240526767448, 0.00147569016553], [-0.000469015474664, 0.004473795183, -0.00284086144529, 0.00407693441957, -0.00291788531467, 0.000786514952779, -0.00439504999667, 0.0159719567746, -0.00583057384938, 0.00126851547975, -0.00229008006863, 0.00557020539418, -0.00737486639991], [0.00037571467692, -0.0047197737731, 0.000950425339397, -0.00243727094494, 0.00183853181079, 0.00044482992962, 0.0024886385072, -0.00583057384938, 0.0144920200109, -0.00662953779101, 0.00452063139528, -0.003099714173, 0.00616402970627], [0.00010677708633, 0.00474645663053, -0.00121177348774, -0.00069093919592, -0.0025944635272, -0.000982368947007, -0.000202150535188, 0.00126851547975, -0.00662953779101, 0.0211580526084, -0.0118501922116, 0.0078749647364, -0.00668743578717], [-0.000633695279248, -0.00539326900616, 0.000880702282302, 0.000780805828981, -0.000449549697805, 0.000891858479008, 0.00132116361056, -0.00229008006863, 0.00452063139528, -0.0118501922116, 0.025577571243, -0.0136228818446, 0.0104855913669], [0.000595408433583, 0.00498427543789, -0.00109888741281, -0.000731614476535, 0.00173904898111, -0.00241479906254, -0.00240526767448, 0.00557020539418, -0.003099714173, 0.0078749647364, -0.0136228818446, 0.0260852649808, -0.0144689427689], [-0.00049298472004, -0.00514936214313, -3.88839043808e-06, -0.000306161149638, -0.00134198681917, 0.002996630501, 0.00147569016553, -0.00737486639991, 0.00616402970627, -0.00668743578717, 0.0104855913669, -0.0144689427689, 0.0308916643262]]
    },
    "melbands": {
        "dmean": [0.000805353280157, 0.000781465321779, 0.000830337812658, 0.000675002171192, 0.000249602977419, 0.000147209662828, 0.000202998606255, 0.000187950354302, 0.000195147920749, 0.000136746573844, 5.48148309463e-05, 3.63182407455e-05, 2.97448077617e-05, 2.70384407486e-05, 2.99428920698e-05, 2.41805610131e-05, 2.1922041924e-05, 2.00924550882e-05, 3.17087542498e-05, 2.50698885793e-05, 1.75171699084e-05, 1.77141846507e-05, 1.07472369564e-05, 6.67857557346e-06, 6.78261994835e-06, 4.99286352351e-06, 5.68736368223e-06, 5.31829755346e-06, 4.30254431194e-06, 3.62944433618e-06, 3.13226291837e-06, 3.35359504788e-06, 4.92812660013e-06, 4.52443237009e-06, 3.63813887816e-06, 3.047547807e-06, 2.67032532975e-06, 1.99837541004e-06, 1.44409500535e-06, 4.74747849921e-07],
        "dmean2": [0.0013000065228, 0.001351141138, 0.00137259531766, 0.00111080310307, 0.000395126087824, 0.000233480081079, 0.000304760789732, 0.000301417108858, 0.000311870506266, 0.000211419930565, 8.74837714946e-05, 5.57713574381e-05, 4.58097638329e-05, 4.15430404246e-05, 4.6237193601e-05, 3.64244624507e-05, 3.35689946951e-05, 2.99709190585e-05, 4.91586106364e-05, 4.04003330914e-05, 2.76538321486e-05, 2.8604605177e-05, 1.76188441401e-05, 1.11310946522e-05, 1.11071522042e-05, 8.0460395111e-06, 9.09287791728e-06, 8.40548727865e-06, 6.80062294123e-06, 5.87142039876e-06, 4.76148943562e-06, 4.94492724101e-06, 7.47869989937e-06, 6.85523309585e-06, 5.33984939466e-06, 4.41497923021e-06, 4.04017873734e-06, 2.83940789814e-06, 2.07241464523e-06, 6.98414339695e-07],
        "dvar": [3.22483197124e-06, 1.97737813323e-06, 1.72819648014e-06, 2.15090017264e-06, 1.74360053506e-07, 8.11317519833e-08, 2.02700988439e-07, 2.14021085299e-07, 1.57513085242e-07, 1.17520073672e-07, 2.05878976089e-08, 5.90249094046e-09, 5.72516789532e-09, 5.63448088187e-09, 3.86220389004e-09, 5.08495601181e-09, 2.02170125085e-09, 1.75074077458e-09, 2.62929145123e-09, 1.87083992742e-09, 1.03153408038e-09, 6.53737397549e-10, 2.78088302386e-10, 1.27368823821e-10, 1.23222390624e-10, 7.5441701497e-11, 8.54743012479e-11, 1.24493637621e-10, 6.90651286162e-11, 3.61046227637e-11, 3.23333304575e-11, 6.7393597647e-11, 2.08935480028e-10, 1.88210710905e-10, 7.87294396343e-11, 3.48059567279e-11, 2.84158981068e-11, 1.59473562827e-11, 9.28224771352e-12, 1.25018376727e-12],
        "dvar2": [7.63238404033e-06, 5.34561831955e-06, 4.28465773439e-06, 6.02377758696e-06, 4.20152900915e-07, 1.88206414009e-07, 4.13029511037e-07, 5.39615712114e-07, 4.16946505766e-07, 2.7651151413e-07, 4.97128311849e-08, 1.21086047855e-08, 1.20422862793e-08, 1.16265743699e-08, 8.90721363334e-09, 1.09018216676e-08, 4.85350115653e-09, 3.91691168389e-09, 6.30928731482e-09, 4.64999194705e-09, 2.58404742048e-09, 1.5728216507e-09, 7.48685280438e-10, 3.4831601492e-10, 3.30506705337e-10, 1.9053619793e-10, 1.99909172549e-10, 2.77150136174e-10, 1.58408702822e-10, 8.61550344955e-11, 7.75596184499e-11, 1.49498038948e-10, 4.6524284425e-10, 3.98555966008e-10, 1.73717595864e-10, 7.53813053644e-11, 6.02167829489e-11, 3.21783363844e-11, 1.92365255669e-11, 2.22038858654e-12],
        "max": [0.0243178140372, 0.014664570801, 0.0209206510335, 0.0216503646225, 0.00596452690661, 0.00553179718554, 0.00621639704332, 0.00695575168356, 0.00654760794714, 0.0050928699784, 0.00294942478649, 0.00166426110081, 0.00147628388368, 0.00167642242741, 0.0010519225616, 0.00188867840916, 0.000535936676897, 0.00104925711639, 0.00103910942562, 0.000491235870868, 0.00051618454745, 0.000373633723939, 0.000207876699278, 0.000121758785099, 0.000143842073157, 0.000107809180918, 0.000140462492709, 0.000165042511071, 0.000124546160805, 7.86381351645e-05, 7.86781165516e-05, 0.000145124315168, 0.000303090288071, 0.000285150483251, 0.000128335959744, 9.85916485661e-05, 8.40070279082e-05, 7.27111982997e-05, 5.59247564524e-05, 2.63887650362e-05],
        "mean": [0.00136129732709, 0.00145396776497, 0.00135965016671, 0.00111430312973, 0.000489249709062, 0.000306011817884, 0.000371402071323, 0.000356345204636, 0.000397143536247, 0.000227665746934, 9.2644666438e-05, 6.2412385887e-05, 4.78295769426e-05, 4.37932321802e-05, 5.0124948757e-05, 3.67733227904e-05, 3.73813272745e-05, 3.7610407162e-05, 5.01591421198e-05, 4.39640134573e-05, 3.64358711522e-05, 3.41784689226e-05, 2.13753464777e-05, 1.20917129607e-05, 1.14765753096e-05, 9.18121531868e-06, 9.96713060886e-06, 9.70343717199e-06, 8.24535254651e-06, 6.99621841704e-06, 6.16345414528e-06, 6.69045221002e-06, 8.85329973244e-06, 8.21447974886e-06, 6.54405403111e-06, 5.81921312914e-06, 5.3998455769e-06, 4.04681395594e-06, 2.86498629976e-06, 7.88669694884e-07],
        "median": [0.000886080728378, 0.00107849983033, 0.000904204847757, 0.00062400160823, 0.000311329349643, 0.000200495982426, 0.000152743421495, 7.72468047217e-05, 0.00020347321697, 9.86003215075e-05, 3.13972814183e-05, 2.28432509175e-05, 1.27953617266e-05, 1.48894932863e-05, 2.45631545113e-05, 1.2191049791e-05, 1.73008720594e-05, 1.79011858563e-05, 2.41529833147e-05, 2.18890272663e-05, 2.08086057683e-05, 2.05654760066e-05, 1.24128682728e-05, 7.40288987799e-06, 6.33576519249e-06, 5.56441318622e-06, 5.89368937653e-06, 4.39989526058e-06, 3.98048268835e-06, 3.76829393645e-06, 2.68519852398e-06, 2.13815906136e-06, 2.20028482545e-06, 1.8473746195e-06, 1.77356662334e-06, 1.8629269789e-06, 1.88861213246e-06, 1.34574702315e-06, 8.41805729124e-07, 1.71460257548e-07],
        "min": [1.18811437452e-23, 8.69116931591e-24, 6.17309138543e-24, 1.59807173967e-23, 1.31376682163e-23, 7.31670303973e-24, 1.80505574611e-23, 1.94059198927e-23, 5.73500813133e-24, 4.84344503043e-24, 1.05062041525e-23, 7.20488516185e-24, 7.38799871062e-24, 1.2915356958e-23, 6.84826244585e-24, 1.47357623596e-23, 1.19038629393e-23, 1.39824017729e-23, 7.6271103396e-24, 1.34302748699e-23, 7.9521320766e-24, 6.34208905715e-24, 4.91623440945e-24, 8.19728006923e-24, 1.223332123e-23, 8.0875155963e-24, 7.06091173576e-24, 1.21019340797e-23, 4.41152514659e-24, 1.37552303425e-23, 8.58046373192e-24, 8.10161332953e-24, 1.11747282709e-23, 1.07277533711e-23, 1.80340907786e-23, 7.98282902101e-24, 9.85994721081e-24, 9.27181748495e-24, 8.21396211079e-24, 1.08634666347e-23],
        "var": [3.96885661758e-06, 2.31150056607e-06, 2.83554913949e-06, 2.96284724755e-06, 3.60452560244e-07, 1.51662916892e-07, 4.92441358801e-07, 6.26154758265e-07, 3.89820428381e-07, 1.95558783389e-07, 3.71302775193e-08, 1.70808771571e-08, 1.53951127402e-08, 1.30289192768e-08, 7.00444280355e-09, 9.70236513353e-09, 3.50732731746e-09, 3.92082322165e-09, 6.0018705561e-09, 3.7667335917e-09, 2.36144082066e-09, 1.77116865618e-09, 6.7274102955e-10, 2.03525696296e-10, 1.9440539456e-10, 1.24021209968e-10, 1.81639425723e-10, 2.92968038718e-10, 1.66779617894e-10, 8.60801707692e-11, 9.24944495995e-11, 2.09663814088e-10, 5.33164679073e-10, 4.48577425205e-10, 1.84803727876e-10, 1.12563694477e-10, 9.19559567381e-11, 5.78545406027e-11, 3.47203446549e-11, 4.11745767689e-12]
    },
    "mfcc": {
        "mean": [-618.747497559, 106.158416748, 13.089214325, 26.9022274017, 9.76361179352, 5.6963968277, -12.4537248611, 4.36561822891, 1.1023144722, 8.34135246277, -4.78142881393, 4.60946893692, -5.18176794052],
        "cov": [[5357.90039062, -817.330200195, -3.62631654739, -86.4027786255, -143.658752441, 18.7144908905, 66.9403762817, -30.6957187653, -172.404205322, -5.95690011978, -97.6833648682, -12.2038583755, 4.70299720764], [-817.330200195, 936.891967773, -272.51574707, 13.7479305267, 25.2623004913, -44.3514976501, 33.5134658813, 14.7321014404, 58.6819419861, 62.5580711365, 17.6428852081, 43.8616676331, -11.9328155518], [-3.62631654739, -272.51574707, 462.969573975, -57.2010536194, -15.0061616898, 23.3084640503, -16.1494293213, 34.521068573, -6.80312824249, -20.2138519287, 16.9197502136, -28.1413097382, 23.4873352051], [-86.4027786255, 13.7479305267, -57.2010536194, 307.185516357, 109.101997375, 69.0621871948, 13.4659366608, -24.7890968323, 38.7738189697, 19.1860618591, 29.6131954193, 20.0134315491, 7.54766130447], [-143.658752441, 25.2623004913, -15.0061616898, 109.101997375, 221.351364136, 45.5961341858, -0.636234462261, -35.6396980286, 32.6867294312, 33.0049514771, 25.7176628113, 26.2104969025, 1.19743108749], [18.7144908905, -44.3514976501, 23.3084640503, 69.0621871948, 45.5961341858, 160.249755859, 49.3004455566, 13.8453969955, 2.13821554184, -8.63485813141, 40.9678230286, -6.46075296402, 4.52730417252], [66.9403762817, 33.5134658813, -16.1494293213, 13.4659366608, -0.636234462261, 49.3004455566, 145.784820557, 27.9612064362, 18.6250038147, -12.8084487915, 16.014799118, 4.03429222107, -7.51303052902], [-30.6957187653, 14.7321014404, 34.521068573, -24.7890968323, -35.6396980286, 13.8453969955, 27.9612064362, 101.424034119, 14.8085260391, -11.5185108185, -5.83412885666, -8.81318950653, 10.4455347061], [-172.404205322, 58.6819419861, -6.80312824249, 38.7738189697, 32.6867294312, 2.13821554184, 18.6250038147, 14.8085260391, 118.795417786, 29.7916183472, 5.40521430969, 6.22720336914, 3.61789298058], [-5.95690011978, 62.5580711365, -20.2138519287, 19.1860618591, 33.0049514771, -8.63485813141, -12.8084487915, -11.5185108185, 29.7916183472, 105.084030151, 27.7672100067, 16.2996845245, -9.25191783905], [-97.6833648682, 17.6428852081, 16.9197502136, 29.6131954193, 25.7176628113, 40.9678230286, 16.014799118, -5.83412885666, 5.40521430969, 27.7672100067, 88.0037612915, 12.9458303452, -0.104228131473], [-12.2038583755, 43.8616676331, -28.1413097382, 20.0134315491, 26.2104969025, -6.46075296402, 4.03429222107, -8.81318950653, 6.22720336914, 16.2996845245, 12.9458303452, 79.2935562134, 7.99223852158], [4.70299720764, -11.9328155518, 23.4873352051, 7.54766130447, 1.19743108749, 4.52730417252, -7.51303052902, 10.4455347061, 3.61789298058, -9.25191783905, -0.104228131473, 7.99223852158, 75.3787307739]],
