{
"lowlevel": {
    "average_loudness": 0.873304486275,
    "barkbands_crest": {
        "dmean": 2.47487568855,
        "dmean2": 4.06505680084,
        "dvar": 5.43250703812,
        "dvar2": 12.8539094925,
        "max": 23.7738876343,
        "mean": 10.9052848816,
        "median": 9.95306968689,
        "min": 2.46221065521,
        "var": 21.1251239777
    },
    "barkbands_flatness_db": {
        "dmean": 0.0291066337377,
        "dmean2": 0.0442271493375,
        "dvar": 0.00119960983284,
        "dvar2": 0.00224717287347,
        "max": 0.610327482224,
        "mean": 0.230948314071,
        "median": 0.217271760106,
        "min": 0.0932473242283,
        "var": 0.00702789844945
    },
    "barkbands_kurtosis": {
        "dmean": 6.53726005554,
        "dmean2": 10.6888694763,
        "dvar": 317.882751465,
        "dvar2": 836.417297363,
        "max": 326.944885254,
        "mean": 10.607626915,
        "median": 4.49098968506,
        "min": -1.71878492832,
        "var": 399.085723877
    },
    "barkbands_skewness": {
        "dmean": 0.663093388081,
        "dmean2": 1.03525042534,
        "dvar": 0.938736975193,
        "dvar2": 2.15374588966,
        "max": 15.2700576782,
        "mean": 1.8798750639,
        "median": 1.58518636227,
        "min": -1.34323441982,
        "var": 2.54250359535
    },
    "barkbands_spread": {
        "dmean": 3.69082856178,
        "dmean2": 5.61945199966,
        "dvar": 36.8337516785,
        "dvar2": 77.6437683105,
        "max": 71.705657959,
        "mean": 11.1663532257,
        "median": 8.92882347107,
        "min": 0.349356025457,
        "var": 84.7520751953
    },
    "dissonance": {
        "dmean": 0.0327897928655,
        "dmean2": 0.0537953525782,
        "dvar": 0.00100232346449,
        "dvar2": 0.00254937703721,
        "max": 0.498828947544,
        "mean": 0.43383795023,
        "median": 0.44659614563,
        "min": 0.165965437889,
        "var": 0.00226640934125
    },
    "dynamic_complexity": 5.10490465164,
    "erbbands_crest": {
        "dmean": 2.79402923584,
        "dmean2": 4.52862644196,
        "dvar": 6.97612571716,
        "dvar2": 17.0253429413,
        "max": 27.4172992706,
        "mean": 10.6911592484,
        "median": 9.96610641479,
        "min": 3.4334127903,
        "var": 17.937253952
    },
    "erbbands_flatness_db": {
        "dmean": 0.0187771916389,
        "dmean2": 0.0273719709367,
        "dvar": 0.000362157385098,
        "dvar2": 0.000706941005774,
        "max": 0.432527035475,
        "mean": 0.235129266977,
        "median": 0.232140466571,
        "min": 0.102932833135,
        "var": 0.00225719623268
    },
    "erbbands_kurtosis": {
        "dmean": 2.16196680069,
        "dmean2": 3.30464887619,
        "dvar": 10.5454483032,
        "dvar2": 22.4758548737,
        "max": 51.6523132324,
        "mean": 3.53017520905,
        "median": 1.55527544022,
        "min": -1.82932901382,
        "var": 33.5988616943
    },
    "erbbands_skewness": {
        "dmean": 0.46544739604,
        "dmean2": 0.709997475147,
        "dvar": 0.24311080575,
        "dvar2": 0.534497022629,
        "max": 5.67957830429,
        "mean": 1.10674929619,
        "median": 0.983281314373,
        "min": -1.70256817341,
        "var": 1.00192904472
    },
    "erbbands_spread": {
        "dmean": 7.15521669388,
        "dmean2": 10.6294021606,
        "dvar": 89.6460418701,
        "dvar2": 198.368911743,
        "max": 142.757919312,
        "mean": 26.3157043457,
        "median": 21.283164978,
        "min": 1.61936748028,
        "var": 353.394897461
    },
    "hfc": {
        "dmean": 7.95375537872,
        "dmean2": 13.2137956619,
        "dvar": 610.294067383,
        "dvar2": 1684.95251465,
        "max": 224.432754517,
        "mean": 11.2786903381,
        "median": 3.78694033623,
        "min": 1.05823091872e-05,
        "var": 510.734405518
    },
    "melbands_crest": {
        "dmean": 3.14517807961,
        "dmean2": 5.04591321945,
        "dvar": 9.43272209167,
        "dvar2": 21.6753540039,
        "max": 36.4482002258,
        "mean": 14.1678676605,
        "median": 12.0277643204,
        "min": 3.85936069489,
        "var": 48.0988388062
    },
    "melbands_flatness_db": {
        "dmean": 0.0356845632195,
        "dmean2": 0.0509153604507,
        "dvar": 0.00185518374201,
        "dvar2": 0.0032480971422,
        "max": 0.721483647823,
        "mean": 0.269578456879,
        "median": 0.250975072384,
        "min": 0.0456550456583,
        "var": 0.0123404804617
    },
    "melbands_kurtosis": {
        "dmean": 10.8724136353,
        "dmean2": 17.3162651062,
        "dvar": 944.607543945,
        "dvar2": 2301.94824219,
        "max": 479.640930176,
        "mean": 19.0493125916,
        "median": 6.93636131287,
        "min": -1.49742257595,
        "var": 1561.51611328
    },
    "melbands_skewness": {
        "dmean": 0.761108696461,
        "dmean2": 1.13748657703,
        "dvar": 1.12094759941,
        "dvar2": 2.35289573669,
        "max": 18.5807189941,
        "mean": 2.36039304733,
        "median": 1.78753447533,
        "min": -0.726551890373,
        "var": 4.46330070496
    },
    "melbands_spread": {
        "dmean": 4.88435792923,
        "dmean2": 7.2386302948,
        "dvar": 86.1839447021,
        "dvar2": 178.710113525,
        "max": 169.531295776,
        "mean": 14.1275291443,
        "median": 11.0344171524,
        "min": 0.217030078173,
        "var": 191.800979614
    },
    "pitch_salience": {
        "dmean": 0.0747601091862,
        "dmean2": 0.121593646705,
        "dvar": 0.00459997123107,
        "dvar2": 0.0108890878037,
        "max": 0.857407093048,
        "mean": 0.544534683228,
        "median": 0.567035853863,
        "min": 0.14943960309,
        "var": 0.0186656154692
    },
    "silence_rate_20dB": {
        "dmean": 0.00310077518225,
        "dmean2": 0.00620636157691,
        "dvar": 0.0030911420472,
        "dvar2": 0.00927090644836,
        "max": 1,
        "mean": 0.998450815678,
        "median": 1,
        "min": 0,
        "var": 0.00154677475803
    },
    "silence_rate_30dB": {
        "dmean": 0.037209302187,
        "dmean2": 0.074476338923,
        "dvar": 0.0358249470592,
        "dvar2": 0.0751357451081,
        "max": 1,
        "mean": 0.931061208248,
        "median": 1,
        "min": 0,
        "var": 0.0641865953803
    },
    "silence_rate_60dB": {
        "dmean": 0.0620155036449,
        "dmean2": 0.124127231538,
        "dvar": 0.0581690408289,
        "dvar2": 0.125788912177,
        "max": 1,
        "mean": 0.243222311139,
        "median": 0,
        "min": 0,
        "var": 0.184065803885
    },
    "spectral_centroid": {
        "dmean": 226.853057861,
        "dmean2": 332.758270264,
        "dvar": 118936.929688,
        "dvar2": 250033.828125,
        "max": 4094.95727539,
        "mean": 889.793762207,
        "median": 748.322021484,
        "min": 120.508216858,
        "var": 324456.09375
    },
    "spectral_complexity": {
        "dmean": 2.91472864151,
        "dmean2": 4.28859567642,
        "dvar": 26.2020015717,
        "dvar2": 50.7547111511,
        "max": 56,
        "mean": 10.9403562546,
        "median": 9,
        "min": 0,
        "var": 70.1862869263
    },
    "spectral_decrease": {
        "dmean": 4.06357347771e-09,
        "dmean2": 6.63115740096e-09,
        "dvar": 1.47351399986e-16,
        "dvar2": 3.77636351704e-16,
        "max": -6.92776304395e-15,
        "mean": -6.82057121892e-09,
        "median": -1.88334392526e-09,
        "min": -1.07677855965e-07,
        "var": 2.08656110993e-16
    },
    "spectral_energy": {
        "dmean": 0.0160195995122,
        "dmean2": 0.0261824894696,
        "dvar": 0.00217968272045,
        "dvar2": 0.00559337902814,
        "max": 0.410030186176,
        "mean": 0.0267654173076,
        "median": 0.0074630244635,
        "min": 2.71068802959e-08,
        "var": 0.00306082819588
    },
    "spectral_energyband_high": {
        "dmean": 0.000432109867688,
        "dmean2": 0.000786906050052,
        "dvar": 3.52528400072e-06,
        "dvar2": 9.98996256385e-06,
        "max": 0.0209574904293,
        "mean": 0.00035602846765,
        "median": 3.48782450601e-05,
        "min": 1.87589818679e-10,
        "var": 2.16480816562e-06
    },
    "spectral_energyband_low": {
        "dmean": 0.0111095318571,
        "dmean2": 0.0183821227401,
        "dvar": 0.00196251738816,
        "dvar2": 0.00510141067207,
        "max": 0.397077530622,
        "mean": 0.0162518341094,
        "median": 0.000514079350978,
        "min": 4.77752370998e-09,
        "var": 0.00267610605806
    },
    "spectral_energyband_middle_high": {
        "dmean": 0.00257238070481,
        "dmean2": 0.00416431948543,
        "dvar": 6.70712906867e-05,
        "dvar2": 0.000180660688784,
        "max": 0.069614879787,
        "mean": 0.00360958115198,
        "median": 0.000651662179735,
        "min": 2.65118971221e-09,
        "var": 7.23223201931e-05
    },
    "spectral_energyband_middle_low": {
        "dmean": 0.0040647899732,
        "dmean2": 0.00646240497008,
        "dvar": 0.000121610857605,
        "dvar2": 0.000273782847216,
        "max": 0.189280331135,
        "mean": 0.00761406170204,
        "median": 0.00425711134449,
        "min": 2.23166640723e-08,
        "var": 0.000160067196703
    },
    "spectral_entropy": {
        "dmean": 0.256000071764,
        "dmean2": 0.365394830704,
        "dvar": 0.0834546163678,
        "dvar2": 0.159366473556,
        "max": 8.50636482239,
        "mean": 6.94477701187,
        "median": 6.98092269897,
        "min": 4.76106405258,
        "var": 0.384733349085
    },
    "spectral_flux": {
        "dmean": 0.0334296114743,
        "dmean2": 0.0529474429786,
        "dvar": 0.00461045792326,
        "dvar2": 0.010476465337,
        "max": 0.599074959755,
        "mean": 0.0721831545234,
        "median": 0.0439972095191,
        "min": 0.000164641678566,
        "var": 0.00743479095399
    },
    "spectral_kurtosis": {
        "dmean": 3.74592685699,
        "dmean2": 6.11926698685,
        "dvar": 27.3931617737,
        "dvar2": 67.0654907227,
        "max": 103.326133728,
        "mean": 6.87104845047,
        "median": 4.6738781929,
        "min": -0.814541339874,
        "var": 66.2778244019
    },
    "spectral_rms": {
        "dmean": 0.00103479309473,
        "dmean2": 0.00157796952408,
        "dvar": 4.57884289062e-06,
        "dvar2": 1.05441895357e-05,
        "max": 0.0200007352978,
        "mean": 0.00383852398954,
        "median": 0.0026983327698,
        "min": 5.14254179507e-06,
        "var": 1.13782934932e-05
    },
    "spectral_rolloff": {
        "dmean": 316.6875,
        "dmean2": 519.98828125,
        "dvar": 513560.40625,
        "dvar2": 1036295.9375,
        "max": 9216.2109375,
        "mean": 966.458740234,
        "median": 732.12890625,
        "min": 64.599609375,
        "var": 1023520.125
    },
    "spectral_skewness": {
        "dmean": 0.445725411177,
        "dmean2": 0.671241462231,
        "dvar": 0.237750202417,
        "dvar2": 0.528801321983,
        "max": 8.64070606232,
        "mean": 1.90873682499,
        "median": 1.76277959347,
        "min": -0.0288060251623,
        "var": 0.931507766247
    },
    "spectral_spread": {
        "dmean": 433889.34375,
        "dmean2": 645561.625,
        "dvar": 329934995456,
        "dvar2": 509247324160,
        "max": 16437847,
        "mean": 3596530.75,
        "median": 3421538,
        "min": 801374.1875,
        "var": 1.3572594729e+12
    },
    "spectral_strongpeak": {
        "dmean": 0.347919613123,
        "dmean2": 0.568465590477,
        "dvar": 0.26659911871,
        "dvar2": 0.603821158409,
        "max": 6.4009604454,
        "mean": 0.729596793652,
        "median": 0.440896987915,
        "min": 0.000381034915335,
        "var": 0.690291166306
    },
    "zerocrossingrate": {
        "dmean": 0.00739613594487,
        "dmean2": 0.00849094241858,
        "dvar": 0.000120581593364,
        "dvar2": 0.000136822869536,
        "max": 0.279296875,
        "mean": 0.0381143055856,
        "median": 0.0341796875,
        "min": 0.00146484375,
        "var": 0.000652332091704
    },
    "barkbands": {
        "dmean": [0.00128625240177, 0.00710789067671, 0.00361260841601, 0.00152465712745, 0.00107159325853, 0.000635674165096, 0.000502501090523, 0.000617164070718, 0.000958944670856, 0.000804557290394, 0.000512260710821, 0.000401905999752, 0.000287822651444, 0.000261322624283, 0.000289402087219, 0.00016494722513, 0.000119719894428, 0.000136722825118, 0.000166208177689, 0.000171710635186, 0.000161514559295, 0.000118732437841, 3.19265200233e-05, 2.66654424195e-05, 5.43575742995e-06, 9.81429071345e-09, 7.68729702116e-09],
        "dmean2": [0.0018456208054, 0.0121355503798, 0.00627855677158, 0.002562784357, 0.00182695349213, 0.000993236899376, 0.000810729339719, 0.000999170239083, 0.00153528735973, 0.00133144389838, 0.000862569373567, 0.000661655096337, 0.000477817782667, 0.000430420128396, 0.000510432000738, 0.000279775616946, 0.000212242914131, 0.000233531041886, 0.000270688702585, 0.000302132510114, 0.000297314400086, 0.000217356689973, 5.68414143345e-05, 4.34142602899e-05, 9.20418915484e-06, 1.76158234666e-08, 1.49388679205e-08],
        "dvar": [3.5977227526e-05, 0.000918286736123, 0.000261304579908, 8.63084351295e-05, 5.93324693909e-06, 1.2393494444e-06, 9.12722214252e-07, 2.02906130653e-06, 7.48649199522e-06, 5.34931496077e-06, 2.47049206337e-06, 1.89818217677e-06, 9.52404775489e-07, 8.61192518187e-07, 1.61493358064e-06, 4.07233841315e-07, 3.61249021807e-07, 2.47373094453e-07, 3.20726030623e-07, 5.40614109923e-07, 6.15952046701e-07, 2.94719285421e-07, 1.56373136662e-08, 9.88005233182e-09, 5.20158027761e-10, 3.5563618497e-15, 5.35729407952e-15],
        "dvar2": [6.78530341247e-05, 0.00252881878987, 0.000709981191903, 0.000188530844753, 1.61175430549e-05, 3.00016836263e-06, 2.37499398281e-06, 4.92994831802e-06, 1.8863735022e-05, 1.40654501593e-05, 6.33638273939e-06, 4.88921068609e-06, 2.52794302469e-06, 2.26964584726e-06, 4.60391675006e-06, 1.1034084082e-06, 1.03374054561e-06, 6.53832728403e-07, 7.71235363572e-07, 1.53462906383e-06, 1.75888158083e-06, 8.42171004933e-07, 4.38458620522e-08, 2.39068302932e-08, 1.28984734005e-09, 1.02403615169e-14, 1.59448361903e-14],
        "max": [0.0892154425383, 0.328030258417, 0.139329880476, 0.179044693708, 0.0358402915299, 0.0161172673106, 0.014284950681, 0.0230421777815, 0.0340326651931, 0.0338312387466, 0.0231126304716, 0.0307365842164, 0.0114702852443, 0.0119562437758, 0.0165630728006, 0.00840061157942, 0.0102589763701, 0.00626521976665, 0.0106738489121, 0.00957203377038, 0.00989309512079, 0.00545589765534, 0.00112865050323, 0.00182034936734, 0.000323733722325, 1.16202716072e-06, 1.43909699091e-06],
        "mean": [0.00184291892219, 0.010349759832, 0.00311227538623, 0.00148755847476, 0.00144514045678, 0.00123599730432, 0.000929987581912, 0.000932015886065, 0.00134552456439, 0.00113321957178, 0.000564181129448, 0.000512356928084, 0.000311496551149, 0.000287813396426, 0.000254033948295, 0.000155260495376, 0.000101534009445, 0.00012837772374, 0.000200618844246, 0.000157010916155, 0.000116939692816, 8.83706161403e-05, 3.23210624629e-05, 3.38859281328e-05, 6.81201299813e-06, 8.36013835936e-09, 4.33622382445e-09],
        "median": [8.0010304373e-06, 0.000192808322026, 5.4222306062e-05, 9.29845773499e-05, 0.000623341242317, 0.000583152286708, 0.000489897734951, 0.00025270570768, 0.000125419974211, 9.20824240893e-05, 0.000101940917375, 6.19569618721e-05, 2.52792087849e-05, 2.11206406675e-05, 1.36270355142e-05, 8.51962067827e-06, 4.86347926199e-06, 1.02586527646e-05, 1.70608473127e-05, 1.17081135613e-05, 7.40619316275e-06, 6.73574731991e-06, 5.13287795911e-06, 4.39958012066e-06, 3.53238505113e-07, 5.96301563682e-10, 1.42099249034e-10],
        "min": [3.90001975159e-10, 1.92371424346e-10, 1.37468592065e-09, 8.14301248653e-09, 8.24154522405e-09, 1.45535095086e-09, 6.78116618413e-10, 2.42844433451e-09, 8.27309776241e-10, 4.39842433309e-11, 3.160272391e-11, 1.65490465776e-09, 8.8282031685e-10, 1.27590238722e-11, 9.00006544985e-12, 5.65321617643e-12, 1.00582797299e-11, 1.37668886707e-11, 1.58831524322e-11, 7.49721552201e-12, 5.1146108182e-11, 6.57444515495e-11, 2.8426297774e-11, 1.74030945904e-11, 8.8439472759e-12, 5.62863384374e-12, 6.73509468682e-12],
        "var": [5.94036282564e-05, 0.0011999909766, 0.000197267916519, 9.11924871616e-05, 6.08687059866e-06, 2.93907464766e-06, 1.91348453882e-06, 4.10278744312e-06, 1.08180020106e-05, 9.03818272491e-06, 2.61271088675e-06, 3.28292640006e-06, 8.87351689016e-07, 8.65535923822e-07, 1.0948600675e-06, 3.37531616879e-07, 2.27265346098e-07, 2.14203240034e-07, 4.65561953433e-07, 3.86813979958e-07, 3.6255224245e-07, 1.73141913251e-07, 1.09308082585e-08, 1.26317143412e-08, 7.1122119305e-10, 2.24399420046e-15, 2.74074641325e-15]
    },
    "erbbands": {
        "dmean": [0.253157705069, 1.58655822277, 3.83612060547, 5.46655511856, 3.05001997948, 4.40910148621, 4.43080234528, 5.5775885582, 7.26512908936, 8.20083618164, 16.3725776672, 23.0195617676, 18.4203968048, 25.7396526337, 21.0426712036, 13.8256340027, 12.1950597763, 15.5965967178, 12.2004652023, 13.6065330505, 7.96944332123, 7.12545585632, 6.9858956337, 7.45546483994, 8.64702987671, 8.09575653076, 6.16851329803, 7.21503353119, 4.50490570068, 1.99391520023, 0.809157073498, 0.571521401405, 0.419424325228, 0.127669259906, 0.00615171529353, 0.000317650905345, 3.55509146175e-05, 9.01521434571e-06, 9.74254817265e-06, 1.8652946892e-05],
        "dmean2": [0.380009025335, 2.85522961617, 6.78472137451, 8.8757648468, 5.34747314453, 7.479388237, 7.3827047348, 8.80664253235, 11.9695997238, 12.9796037674, 26.3415317535, 37.3004493713, 28.4027824402, 42.882610321, 35.543258667, 22.4850177765, 20.2105865479, 25.9152164459, 20.7155380249, 23.1534118652, 13.5453920364, 12.5968875885, 12.005645752, 12.6631565094, 13.7819814682, 14.2477359772, 11.3177061081, 13.3072710037, 8.24681282043, 3.63762116432, 1.42006194592, 0.9486759305, 0.684219419956, 0.213576242328, 0.01040943712, 0.000538919470273, 6.09872113273e-05, 1.6142927052e-05, 1.63145123224e-05, 3.06397414533e-05],
        "dvar": [1.23466444016, 53.3517189026, 318.688201904, 837.348754883, 135.234939575, 105.157615662, 79.3029022217, 89.5083847046, 228.676986694, 248.471893311, 1680.48291016, 5191.28808594, 2125.42358398, 7338.57666016, 4426.40429688, 2136.48144531, 1653.7434082, 3030.98144531, 2172.16674805, 3109.44238281, 1003.79193115, 1280.48193359, 714.637145996, 686.225708008, 890.430419922, 1180.02331543, 924.084411621, 1201.80847168, 428.046173096, 78.5890655518, 9.67504024506, 3.78803825378, 3.07157635689, 0.293420732021, 0.000897887686733, 2.11103906622e-06, 2.52487240004e-08, 2.61766719412e-09, 7.88326903756e-10, 2.72100231236e-09],
        "dvar2": [2.50286960602, 160.250183105, 897.671569824, 1916.09228516, 347.129699707, 279.783294678, 209.394485474, 219.045410156, 622.729614258, 557.249389648, 4136.23974609, 13325.7685547, 5073.17480469, 19659.5605469, 11968.5898438, 5563.22509766, 4335.79248047, 8106.44628906, 6007.33691406, 8612.58105469, 2734.40527344, 3636.81225586, 1896.0657959, 1782.73718262, 2157.80810547, 3371.15283203, 2645.01586914, 3422.46118164, 1221.69506836, 225.347213745, 26.7615032196, 9.25036239624, 7.80250406265, 0.723715424538, 0.0021763490513, 5.18697697771e-06, 6.97291682172e-08, 7.58207541196e-09, 2.10663642086e-09, 7.00458535619e-09],
        "max": [16.3062534332, 69.6625900269, 157.216796875, 585.409362793, 197.512573242, 189.550460815, 131.080230713, 108.359710693, 249.587158203, 269.444854736, 559.784790039, 1051.76452637, 640.842773438, 976.067443848, 691.711608887, 828.438659668, 484.384002686, 563.34387207, 510.10345459, 786.869934082, 429.224273682, 612.293273926, 279.274627686, 378.981109619, 655.948791504, 386.227752686, 411.2605896, 359.261230469, 204.722290039, 105.702674866, 30.8134613037, 29.2147254944, 32.2133636475, 7.27141046524, 0.452666401863, 0.0213485080749, 0.00283667072654, 0.00095641205553, 0.00031558109913, 0.000443724129582],
        "mean": [0.454796254635, 1.68401300907, 3.38211536407, 5.254093647, 3.61379003525, 5.51904201508, 6.78617191315, 10.774105072, 13.6225643158, 14.8211746216, 24.3379135132, 30.1390266418, 31.6925296783, 33.5526313782, 25.3425750732, 18.6662750244, 14.1511306763, 16.7044467926, 12.2383127213, 12.4869499207, 7.85081720352, 6.23171663284, 6.64949274063, 8.17314243317, 10.886844635, 7.34982252121, 4.68937301636, 5.07220554352, 3.31342816353, 1.71965146065, 0.834918320179, 0.706605255604, 0.5270601511, 0.163557395339, 0.00737652741373, 0.000382797967177, 4.12406261603e-05, 8.86830821401e-06, 1.47539685713e-05, 3.06688998535e-05],
        "median": [0.00546743813902, 0.0404983535409, 0.0797736868262, 0.244548037648, 0.937410116196, 2.24634599686, 3.07051753998, 5.03343963623, 6.70255756378, 7.73962068558, 4.7685842514, 3.13528823853, 3.39184546471, 3.69280123711, 4.42402935028, 2.77331638336, 1.51993870735, 1.40095210075, 0.648072779179, 0.839855372906, 0.466390997171, 0.32084980607, 0.488066762686, 0.608692884445, 1.03044903278, 0.584979951382, 0.291338860989, 0.291419625282, 0.232020929456, 0.220120206475, 0.129503175616, 0.101717792451, 0.0600772798061, 0.0107860825956, 0.000348716421286, 3.53895520675e-05, 7.65910681366e-06, 1.66669349255e-06, 4.33032164437e-06, 8.91342551768e-06],
        "min": [5.50277912126e-09, 6.82276208863e-08, 1.22998551433e-06, 1.51008134708e-05, 4.38101742475e-05, 1.44981804624e-05, 1.24188036352e-05, 8.42654299049e-06, 7.89988007455e-06, 3.24938046106e-05, 4.10851171182e-05, 2.01574748644e-05, 5.72765065954e-06, 1.45983290167e-06, 2.52194440691e-05, 5.87745016674e-05, 4.18478848587e-05, 3.42987982549e-06, 9.3769023124e-07, 3.47291148728e-07, 4.23641438374e-07, 4.89117610414e-07, 6.11321809174e-07, 1.19168078072e-06, 3.73408227006e-07, 3.6718569163e-07, 8.12969744857e-07, 2.78317816083e-06, 2.98407940136e-06, 1.19944081689e-06, 8.19496051463e-07, 3.73694149403e-07, 3.0900952197e-07, 1.69963641383e-07, 3.23505737754e-08, 1.85844655221e-08, 9.88829729209e-09, 5.32595256786e-09, 9.20758413958e-10, 1.14953380148e-10],
        "var": [2.56908392906, 41.4196815491, 226.395797729, 825.843322754, 139.632202148, 109.439460754, 107.036148071, 216.975982666, 404.168243408, 580.09564209, 3218.97314453, 6622.27832031, 5522.78369141, 8479.90527344, 4681.90380859, 3317.19604492, 1599.15136719, 2882.27563477, 1910.52746582, 2195.87866211, 862.313293457, 825.451293945, 601.012817383, 743.159667969, 1399.86035156, 828.43347168, 555.226867676, 705.125793457, 251.476547241, 47.0274505615, 7.20954036713, 4.62076568604, 3.6010620594, 0.398019105196, 0.00109103310388, 2.50155267167e-06, 1.99893825936e-08, 1.55155466253e-09, 8.54360970859e-10, 3.72849573438e-09]
    },
    "gfcc": {
        "mean": [-117.558502197, 150.133972168, -134.093719482, 38.0148849487, -90.8111419678, 9.07010364532, -24.0238361359, -10.7923336029, -2.78843307495, -18.1237602234, 15.7403478622, -18.0156116486, 7.47460460663],
        "cov": [[8872.11914062, -1473.1003418, -1822.69726562, 453.05657959, 66.1144638062, 233.787811279, 6.29835224152, 522.134521484, -349.215270996, -95.9413604736, -220.894760132, -222.690719604, 37.6898422241], [-1473.1003418, 900.757751465, 706.780639648, -69.0638122559, 276.225036621, -10.8257598877, 216.678314209, -133.666381836, 140.143829346, -43.7070999146, 94.9256744385, 29.8066806793, -43.7739906311], [-1822.69726562, 706.780639648, 2116.01416016, 456.62286377, 330.020599365, 168.402114868, 245.548721313, -17.45677948, 136.927307129, 69.9572296143, 60.3583030701, 38.7423210144, -112.443687439], [453.05657959, -69.0638122559, 456.62286377, 650.12902832, 275.167114258, 1.348559618, 16.5719795227, 83.6000137329, 77.6094207764, 32.301574707, -44.6860084534, -12.2623910904, -31.011472702], [66.1144638062, 276.225036621, 330.020599365, 275.167114258, 592.390686035, 71.2843551636, 82.2872314453, 28.6142978668, 151.713821411, 51.9676170349, -8.91077899933, 1.28439879417, -0.016715798527], [233.787811279, -10.8257598877, 168.402114868, 1.348559618, 71.2843551636, 299.019226074, 64.2880325317, 40.3891639709, -19.6362686157, 31.7090301514, -11.5141820908, -17.4473171234, -10.8760643005], [6.29835224152, 216.678314209, 245.548721313, 16.5719795227, 82.2872314453, 64.2880325317, 273.91595459, 43.6380767822, 15.6429948807, -18.1750946045, 45.0043411255, 16.0171413422, -28.1112651825], [522.134521484, -133.666381836, -17.45677948, 83.6000137329, 28.6142978668, 40.3891639709, 43.6380767822, 183.850830078, -4.63360548019, 14.6713676453, 21.5653648376, -18.4401874542, 5.25688791275], [-349.215270996, 140.143829346, 136.927307129, 77.6094207764, 151.713821411, -19.6362686157, 15.6429948807, -4.63360548019, 186.35546875, 65.3285751343, 6.25626707077, 28.3606700897, 36.3960876465], [-95.9413604736, -43.7070999146, 69.9572296143, 32.301574707, 51.9676170349, 31.7090301514, -18.1750946045, 14.6713676453, 65.3285751343, 138.102020264, 56.199672699, 17.5316467285, 29.6585483551], [-220.894760132, 94.9256744385, 60.3583030701, -44.6860084534, -8.91077899933, -11.5141820908, 45.0043411255, 21.5653648376, 6.25626707077, 56.199672699, 161.273223877, 52.0336952209, 3.68573236465], [-222.690719604, 29.8066806793, 38.7423210144, -12.2623910904, 1.28439879417, -17.4473171234, 16.0171413422, -18.4401874542, 28.3606700897, 17.5316467285, 52.0336952209, 105.531700134, 31.9548053741], [37.6898422241, -43.7739906311, -112.443687439, -31.011472702, -0.016715798527, -10.8760643005, -28.1112651825, 5.25688791275, 36.3960876465, 29.6585483551, 3.68573236465, 31.9548053741, 96.473197937]],
        "icov": [[0.000253230595263, 0.000263103429461, 0.000216939792153, -0.000229482087889, -0.000183564727195, -0.000154284047312, -0.000301396445138, -0.000240836918238, 0.000298628641758, 0.000150801162818, -7.46719115341e-06, 0.000275701313512, -0.00014264867059], [0.000263103429461, 0.00596558814868, -0.00144003820606, 0.00190186547115, -0.00247364398092, 0.000501576112583, -0.00236743618734, 0.00382069195621, -0.00368065526709, 0.00597337493673, -0.00508047267795, 0.00347671750933, -0.00071022612974], [0.000216939792153, -0.00144003820606, 0.00143184978515, -0.0013482858194, 0.000538246531505, -0.000728022539988, -0.000146436097566, -0.000897458521649, 0.00100815866608, -0.00170090037864, 0.00120185501873, -0.000908283051103, 0.000819059612695], [-0.000229482087889, 0.00190186547115, -0.0013482858194, 0.00366522767581, -0.00169017736334, 0.00115120783448, 1.52571765284e-05, 0.00016939463967, -0.0015537054278, 0.00135169620626, -0.000490219041239, 0.000342193612596, 0.000760020047892], [-0.000183564727195, -0.00247364398092, 0.000538246531505, -0.00169017736334, 0.0038311725948, -0.000898381404113, 0.000511267979164, -0.001139585278, -0.000663199578412, -0.00219714641571, 0.00179790740367, -0.000998160103336, 0.000331413175445], [-0.000154284047312, 0.000501576112583, -0.000728022539988, 0.00115120783448, -0.000898381404113, 0.00469424016774, -0.000968392356299, -0.000409556436352, 0.00123816682026, -0.00178928871173, 0.00122566940263, 0.000135240436066, 6.9908957812e-05], [-0.000301396445138, -0.00236743618734, -0.000146436097566, 1.52571765284e-05, 0.000511267979164, -0.000968392356299, 0.00635297736153, -0.00251965527423, 0.000233484752243, 4.1907911509e-05, 0.000165481949807, -0.00203479500487, 0.00132386526093], [-0.000240836918238, 0.00382069195621, -0.000897458521649, 0.00016939463967, -0.001139585278, -0.000409556436352, -0.00251965527423, 0.0103585328907, -0.00291550066322, 0.00407473323867, -0.00564070977271, 0.00436067068949, -0.00189053744543], [0.000298628641758, -0.00368065526709, 0.00100815866608, -0.0015537054278, -0.000663199578412, 0.00123816682026, 0.000233484752243, -0.00291550066322, 0.0128336539492, -0.00829846225679, 0.0057013113983, -0.00345604121685, -0.00210835109465], [0.000150801162818, 0.00597337493673, -0.00170090037864, 0.00135169620626, -0.00219714641571, -0.00178928871173, 4.1907911509e-05, 0.00407473323867, -0.00829846225679, 0.0190803296864, -0.0111006395891, 0.00541642354801, -0.00341350981034], [-7.46719115341e-06, -0.00508047267795, 0.00120185501873, -0.000490219041239, 0.00179790740367, 0.00122566940263, 0.000165481949807, -0.00564070977271, 0.0057013113983, -0.0111006395891, 0.0157181546092, -0.00819849036634, 0.00281180837192], [0.000275701313512, 0.00347671750933, -0.000908283051103, 0.000342193612596, -0.000998160103336, 0.000135240436066, -0.00203479500487, 0.00436067068949, -0.00345604121685, 0.00541642354801, -0.00819849036634, 0.016371095553, -0.00576496636495], [-0.00014264867059, -0.00071022612974, 0.000819059612695, 0.000760020047892, 0.000331413175445, 6.9908957812e-05, 0.00132386526093, -0.00189053744543, -0.00210835109465, -0.00341350981034, 0.00281180837192, -0.00576496636495, 0.0154416402802]]
    },
    "melbands": {
        "dmean": [0.00200941646472, 0.00203999970108, 0.000843824353069, 0.000248679629294, 0.000163504271768, 0.00012578580936, 0.000106450592284, 9.71901317826e-05, 0.000140568256029, 0.000140447635204, 9.28337976802e-05, 0.000108838830783, 7.20588068361e-05, 5.56319646421e-05, 2.24399009312e-05, 3.06619695039e-05, 2.85940950562e-05, 1.80421884579e-05, 2.31991289183e-05, 1.30152893689e-05, 9.04827356862e-06, 7.53828953748e-06, 6.76359741192e-06, 6.09732978774e-06, 6.15037060925e-06, 7.04255808159e-06, 5.50495633433e-06, 5.70794463783e-06, 4.11560949942e-06, 3.45559124071e-06, 4.53646134702e-06, 2.82191035694e-06, 1.70453017745e-06, 8.7274128191e-07, 4.70356667392e-07, 3.89726181993e-07, 3.52565166395e-07, 3.15603529089e-07, 2.38617786863e-07, 7.19050845532e-08],
        "dmean2": [0.00328182592057, 0.00363225839101, 0.00137079681735, 0.000423776829848, 0.000275382510154, 0.000198714784347, 0.000175153312739, 0.000155277055455, 0.000228897348279, 0.000225629308261, 0.000144065124914, 0.000181400711881, 0.000120069242257, 9.05230263015e-05, 3.61460588465e-05, 5.18747583556e-05, 4.73482468806e-05, 3.00880656141e-05, 4.13476445829e-05, 2.17853612412e-05, 1.50687055793e-05, 1.3516531908e-05, 1.16801766126e-05, 1.04765194919e-05, 1.04585569716e-05, 1.13662208605e-05, 9.25041786104e-06, 1.02054373201e-05, 7.54200209485e-06, 6.27989493296e-06, 8.42753252073e-06, 5.1829538279e-06, 3.12476936415e-06, 1.58066143285e-06, 8.30809256058e-07, 6.75097510339e-07, 5.68259167721e-07, 5.11168821049e-07, 4.00728310979e-07, 1.19992975556e-07],
        "dvar": [7.45593497413e-05, 9.06670102268e-05, 1.72466061485e-05, 3.96723152107e-07, 1.1188941329e-07, 4.72869210455e-08, 4.51102870613e-08, 3.3165644453e-08, 1.37951460033e-07, 1.79658258048e-07, 5.29700656671e-08, 1.30965688072e-07, 4.99449441804e-08, 3.94543420157e-08, 4.51057458051e-09, 1.19285852307e-08, 1.00361496891e-08, 4.36904556977e-09, 1.18391954018e-08, 2.40133113394e-09, 1.42777256684e-09, 1.52436030465e-09, 8.46640146879e-10, 4.7435044781e-10, 4.70631145166e-10, 6.09440331534e-10, 4.36233188461e-10, 6.98695212797e-10, 4.39016489828e-10, 2.77133177518e-10, 5.07391739735e-10, 1.72838784951e-10, 6.09407038721e-11, 1.37450207466e-11, 3.17751749392e-12, 2.12517113282e-12, 1.31506437684e-12, 1.62869359926e-12, 1.04200253027e-12, 1.19076962375e-13],
        "dvar2": [0.000177579509909, 0.00026119715767, 3.84325139748e-05, 1.09782365598e-06, 3.04497575598e-07, 1.16074723167e-07, 1.21260711694e-07, 7.48799990902e-08, 3.43369578104e-07, 4.59292863297e-07, 1.25756201896e-07, 3.50356827994e-07, 1.30258982267e-07, 9.93313946651e-08, 1.17605569727e-08, 3.22511048978e-08, 2.66046598085e-08, 1.17734035854e-08, 3.39797132654e-08, 6.53162812725e-09, 3.84120379948e-09, 4.35856550851e-09, 2.34760899609e-09, 1.24338350727e-09, 1.24257548695e-09, 1.42859957197e-09, 1.23295007537e-09, 2.00628913483e-09, 1.26192389871e-09, 7.85032483464e-10, 1.45274869912e-09, 4.93008189828e-10, 1.75066725006e-10, 3.93803774312e-11, 8.85868635392e-12, 5.57192443226e-12, 3.06548688343e-12, 4.07362121466e-12, 2.7162660142e-12, 2.96754482966e-13],
        "max": [0.112595275044, 0.0826625227928, 0.0796710401773, 0.00992599874735, 0.0042696162127, 0.00300853466615, 0.00345359742641, 0.00257160468027, 0.00422824686393, 0.0067443465814, 0.00347090978175, 0.00411337940022, 0.00333254272118, 0.00454950146377, 0.000937531527597, 0.00112134392839, 0.00105919642374, 0.000725679798052, 0.00146372336894, 0.000549879565369, 0.000562685832847, 0.000633950170595, 0.000445664831204, 0.00029052287573, 0.000317095633363, 0.000501239206642, 0.000284170062514, 0.000283264555037, 0.000299069593893, 0.000235489802435, 0.000233718892559, 0.000134974747198, 9.65420840657e-05, 4.17308183387e-05, 1.84562813956e-05, 1.97516365006e-05, 1.78281425178e-05, 2.21164409595e-05, 1.78535337909e-05, 5.99674376645e-06],
        "mean": [0.0034184854012, 0.00196200213395, 0.000842990470119, 0.00031306486926, 0.000245459523285, 0.000247327290708, 0.000204764393857, 0.000168524478795, 0.000202833107323, 0.000188906153198, 0.000159281655215, 0.00014192800154, 8.35163882584e-05, 6.88825093675e-05, 3.08367489197e-05, 3.19186146953e-05, 3.02229909721e-05, 1.8621354684e-05, 1.90917344298e-05, 1.24227917695e-05, 8.78898663359e-06, 6.38310621071e-06, 5.89004002904e-06, 5.9474932641e-06, 6.40434882371e-06, 8.4913954197e-06, 6.41317456029e-06, 4.61769332105e-06, 3.03017168335e-06, 2.56592215919e-06, 3.10243854074e-06, 2.01747184292e-06, 1.33932917379e-06, 7.89763703324e-07, 4.68039814905e-07, 4.17709941303e-07, 4.46987570513e-07, 3.89027775327e-07, 2.88252067548e-07, 8.49422434612e-08],
        "median": [5.30380530108e-05, 5.19312852703e-05, 6.39061036054e-05, 0.000117031333502, 0.00011822272063, 0.000113987218356, 0.000105205603177, 8.15474195406e-05, 3.17304293276e-05, 1.82195362868e-05, 1.56531568791e-05, 1.26732120407e-05, 1.51758194988e-05, 7.84111034591e-06, 4.64246613774e-06, 2.46268746196e-06, 2.16123930841e-06, 7.50996377974e-07, 9.93368530544e-07, 8.80565153238e-07, 3.19288488981e-07, 2.95688636243e-07, 2.95639097203e-07, 4.89457988806e-07, 3.7594250557e-07, 6.70318740958e-07, 6.38333062852e-07, 2.68451202601e-07, 1.55002979341e-07, 1.65636933502e-07, 1.59784676157e-07, 1.14011790231e-07, 1.31880625531e-07, 1.05155805841e-07, 6.93022101927e-08, 6.38407442466e-08, 6.1255775563e-08, 4.23661354887e-08, 2.28079013453e-08, 2.95360580438e-09],
        "min": [6.99166766149e-11, 3.96660732038e-10, 3.73878705773e-09, 2.253618403e-09, 3.73652581098e-10, 2.1470385192e-10, 1.12505608996e-10, 4.3977435582e-10, 3.0255986605e-10, 1.10463513336e-10, 2.36675627013e-11, 3.01492858457e-12, 3.63914974544e-11, 2.26831359251e-10, 1.07812654637e-10, 5.21471268944e-11, 2.47744945218e-12, 1.53678513058e-12, 5.12235436359e-13, 4.01166892674e-13, 5.99375529677e-13, 5.54919879579e-13, 5.88867062751e-13, 5.05157439316e-13, 1.10874428128e-12, 2.92144292698e-13, 2.26057738609e-13, 2.35804323116e-13, 3.38494342148e-13, 8.62034673244e-13, 1.89127771603e-12, 1.66580031019e-12, 1.17232048721e-12, 5.25872043394e-13, 5.00733623402e-13, 3.38362720004e-13, 1.859724126e-13, 2.35851784066e-13, 1.56310186149e-13, 1.44334116057e-13],
        "var": [0.000131457287353, 6.49939684081e-05, 1.79509934242e-05, 3.9207728264e-07, 1.31901089162e-07, 1.13324681195e-07, 8.64600266937e-08, 7.42102272966e-08, 2.4008002697e-07, 2.46052650255e-07, 1.45757567793e-07, 1.59026285473e-07, 5.39340128114e-08, 6.71379325468e-08, 5.62171154073e-09, 1.02962385284e-08, 9.83029124768e-09, 4.40457492701e-09, 7.47766737419e-09, 1.88191018324e-09, 1.27464405697e-09, 9.55831858107e-10, 5.98997629275e-10, 4.46822912004e-10, 4.89079277077e-10, 9.78226943893e-10, 4.51750331587e-10, 4.43100917069e-10, 2.61309973659e-10, 1.67215491453e-10, 2.92576962657e-10, 1.01453505319e-10, 3.56080963326e-11, 8.44761587071e-12, 2.29507081742e-12, 1.92657174936e-12, 1.88236318893e-12, 1.98739700911e-12, 1.18254744105e-12, 1.45747536219e-13]
    },
    "mfcc": {
        "mean": [-740.101257324, 147.792892456, 19.2929534912, 14.6762485504, -20.4350376129, 0.244813710451, -4.0283164978, 1.17692828178, -11.3190736771, 4.40672016144, -4.07971858978, 1.17530095577, 1.16333758831],
        "cov": [[9911.05566406, -1727.6550293, -2249.66821289, -73.3123474121, -257.320892334, -214.184066772, 176.144470215, 210.045928955, 85.1963882446, 169.534042358, -67.1452026367, -233.934005737, -373.635284424], [-1727.6550293, 1088.64624023, 491.178985596, 40.1597175598, 104.535057068, 164.008056641, 108.808830261, 96.2211685181, -4.13556337357, 6.19706535339, 77.3141174316, 69.3978652954, 71.3633956909], [-2249.66821289, 491.178985596, 1560.76147461, 325.811584473, 193.527252197, 226.918777466, 145.924835205, 95.3556289673, 50.119594574, -29.917963028, 111.773971558, 160.345413208, 63.5616416931], [-73.3123474121, 40.1597175598, 325.811584473, 706.338562012, 319.209716797, 108.689002991, 6.95705413818, 86.0311279297, 91.8938446045, 52.3311882019, 24.3485927582, 117.492080688, 40.4378890991], [-257.320892334, 104.535057068, 193.527252197, 319.209716797, 489.470153809, 174.653884888, 14.4799823761, 13.3977518082, 106.839630127, 60.7230300903, 40.1216392517, 84.3515472412, 41.7585372925], [-214.184066772, 164.008056641, 226.918777466, 108.689002991, 174.653884888, 280.46307373, 61.0835571289, 42.8327407837, 92.0026092529, 10.2913665771, 39.6903991699, 65.8807067871, 16.9420433044], [176.144470215, 108.808830261, 145.924835205, 6.95705413818, 14.4799823761, 61.0835571289, 250.475479126, 105.780982971, 6.52227401733, 21.0977401733, 72.9989852905, 26.7867488861, -4.60073328018], [210.045928955, 96.2211685181, 95.3556289673, 86.0311279297, 13.3977518082, 42.8327407837, 105.780982971, 189.220123291, 47.156414032, -1.42103648186, 23.872051239, 18.918088913, 3.73171973228], [85.1963882446, -4.13556337357, 50.119594574, 91.8938446045, 106.839630127, 92.0026092529, 6.52227401733, 47.156414032, 160.633621216, 47.1363105774, 7.15918636322, 20.7083950043, 7.94423437119], [169.534042358, 6.19706535339, -29.917963028, 52.3311882019, 60.7230300903, 10.2913665771, 21.0977401733, -1.42103648186, 47.1363105774, 161.97668457, 10.6272239685, -4.4843249321, -2.81624531746], [-67.1452026367, 77.3141174316, 111.773971558, 24.3485927582, 40.1216392517, 39.6903991699, 72.9989852905, 23.872051239, 7.15918636322, 10.6272239685, 136.252578735, 32.0715522766, -6.96739959717], [-233.934005737, 69.3978652954, 160.345413208, 117.492080688, 84.3515472412, 65.8807067871, 26.7867488861, 18.918088913, 20.7083950043, -4.4843249321, 32.0715522766, 164.186706543, 71.5463638306], [-373.635284424, 71.3633956909, 63.5616416931, 40.4378890991, 41.7585372925, 16.9420433044, -4.60073328018, 3.73171973228, 7.94423437119, -2.81624531746, -6.96739959717, 71.5463638306, 117.463302612]],
