{
"lowlevel": {
    "average_loudness": 0.686628043652,
    "barkbands_crest": {
        "dmean": 2.26372599602,
        "dmean2": 3.63050699234,
        "dvar": 5.03363227844,
        "dvar2": 12.5497961044,
        "max": 26.087184906,
        "mean": 12.0095453262,
        "median": 11.2454957962,
        "min": 3.14021348953,
        "var": 20.2601203918
    },
    "barkbands_flatness_db": {
        "dmean": 0.0232712533325,
        "dmean2": 0.0353795625269,
        "dvar": 0.000569633732084,
        "dvar2": 0.00130475696642,
        "max": 0.413168132305,
        "mean": 0.211281731725,
        "median": 0.206964075565,
        "min": 0.0782151445746,
        "var": 0.00303070363589
    },
    "barkbands_kurtosis": {
        "dmean": 3.71896195412,
        "dmean2": 5.99873113632,
        "dvar": 73.0571746826,
        "dvar2": 177.653533936,
        "max": 126.980422974,
        "mean": 6.29070186615,
        "median": 2.30976819992,
        "min": -1.91529226303,
        "var": 162.897232056
    },
    "barkbands_skewness": {
        "dmean": 0.540180027485,
        "dmean2": 0.829922914505,
        "dvar": 0.530139863491,
        "dvar2": 1.25007724762,
        "max": 9.99743843079,
        "mean": 1.32163250446,
        "median": 1.17232966423,
        "min": -2.91279006004,
        "var": 2.39505195618
    },
    "barkbands_spread": {
        "dmean": 3.87584686279,
        "dmean2": 6.00272083282,
        "dvar": 35.3803100586,
        "dvar2": 69.6178283691,
        "max": 99.3438796997,
        "mean": 15.3990907669,
        "median": 12.5594987869,
        "min": 0.599386572838,
        "var": 145.293563843
    },
    "dissonance": {
        "dmean": 0.0323344767094,
        "dmean2": 0.0544966310263,
        "dvar": 0.000917775148991,
        "dvar2": 0.00241363956593,
        "max": 0.499999970198,
        "mean": 0.435581624508,
        "median": 0.442957222462,
        "min": 0.239269956946,
        "var": 0.0017855806509
    },
    "dynamic_complexity": 3.77293372154,
    "erbbands_crest": {
        "dmean": 2.91404771805,
        "dmean2": 4.51416301727,
        "dvar": 7.68081092834,
        "dvar2": 18.1904754639,
        "max": 32.5836181641,
        "mean": 12.9781246185,
        "median": 11.7951135635,
        "min": 2.7226293087,
        "var": 39.0549507141
    },
    "erbbands_flatness_db": {
        "dmean": 0.0216285008937,
        "dmean2": 0.0299227871001,
        "dvar": 0.000473924796097,
        "dvar2": 0.0009000027203,
        "max": 0.386149913073,
        "mean": 0.214602485299,
        "median": 0.213653594255,
        "min": 0.101062901318,
        "var": 0.00237232958898
    },
    "erbbands_kurtosis": {
        "dmean": 1.9241194725,
        "dmean2": 2.99896216393,
        "dvar": 9.55121994019,
        "dvar2": 22.6650867462,
        "max": 69.9665603638,
        "mean": 3.46460390091,
        "median": 1.50675106049,
        "min": -1.81581771374,
        "var": 33.6741142273
    },
    "erbbands_skewness": {
        "dmean": 0.430351793766,
        "dmean2": 0.652852892876,
        "dvar": 0.176632091403,
        "dvar2": 0.383741557598,
        "max": 6.84973812103,
        "mean": 0.763828456402,
        "median": 0.685537457466,
        "min": -3.87531065941,
        "var": 0.980326890945
    },
    "erbbands_spread": {
        "dmean": 7.64738988876,
        "dmean2": 11.5193328857,
        "dvar": 110.949440002,
        "dvar2": 231.072738647,
        "max": 169.510574341,
        "mean": 26.9214515686,
        "median": 21.6605548859,
        "min": 1.51871037483,
        "var": 411.144287109
    },
    "hfc": {
        "dmean": 3.83061981201,
        "dmean2": 5.62093687057,
        "dvar": 35.6477012634,
        "dvar2": 71.8639984131,
        "max": 125.585647583,
        "mean": 17.0267906189,
        "median": 7.00170707703,
        "min": 0.00014177171397,
        "var": 470.906005859
    },
    "melbands_crest": {
        "dmean": 2.64139890671,
        "dmean2": 4.21991968155,
        "dvar": 6.22547769547,
        "dvar2": 15.3505163193,
        "max": 33.3263168335,
        "mean": 14.4216604233,
        "median": 13.698225975,
        "min": 4.4767203331,
        "var": 21.8067932129
    },
    "melbands_flatness_db": {
        "dmean": 0.0264167990535,
        "dmean2": 0.0383231416345,
        "dvar": 0.000879450119101,
        "dvar2": 0.0019170762971,
        "max": 0.530380427837,
        "mean": 0.250127136707,
        "median": 0.238961681724,
        "min": 0.0746287629008,
        "var": 0.00594673631713
    },
    "melbands_kurtosis": {
        "dmean": 7.34109830856,
        "dmean2": 11.8358106613,
        "dvar": 302.287475586,
        "dvar2": 760.998840332,
        "max": 290.052978516,
        "mean": 12.5663423538,
        "median": 4.99996614456,
        "min": -1.82008397579,
        "var": 488.057495117
    },
    "melbands_skewness": {
        "dmean": 0.686430990696,
        "dmean2": 1.05152964592,
        "dvar": 0.930514216423,
        "dvar2": 2.24439549446,
        "max": 12.6896867752,
        "mean": 2.01587367058,
        "median": 1.78865361214,
        "min": -2.29994010925,
        "var": 3.49341750145
    },
    "melbands_spread": {
        "dmean": 4.25882959366,
        "dmean2": 6.63677453995,
        "dvar": 37.8938217163,
        "dvar2": 79.3248214722,
        "max": 145.662765503,
        "mean": 19.2497615814,
        "median": 16.0220489502,
        "min": 0.888080716133,
        "var": 204.47303772
    },
    "pitch_salience": {
        "dmean": 0.0592279285192,
        "dmean2": 0.0958057120442,
        "dvar": 0.00339966407046,
        "dvar2": 0.00898585654795,
        "max": 0.793019831181,
        "mean": 0.486360579729,
        "median": 0.49019920826,
        "min": 0.109614960849,
        "var": 0.0112388478592
    },
    "silence_rate_20dB": {
        "dmean": 0,
        "dmean2": 0,
        "dvar": 0,
        "dvar2": 0,
        "max": 1,
        "mean": 1,
        "median": 1,
        "min": 1,
        "var": 0
    },
    "silence_rate_30dB": {
        "dmean": 0.00232198135927,
        "dmean2": 0.00464576063678,
        "dvar": 0.00231648935005,
        "dvar2": 0.00694664055482,
        "max": 1,
        "mean": 0.998839437962,
        "median": 1,
        "min": 0,
        "var": 0.00115925492719
    },
    "silence_rate_60dB": {
        "dmean": 0.011609907262,
        "dmean2": 0.0232288036495,
        "dvar": 0.0114753060043,
        "dvar2": 0.0257860980928,
        "max": 1,
        "mean": 0.0499032884836,
        "median": 0,
        "min": 0,
        "var": 0.0474126711488
    },
    "spectral_centroid": {
        "dmean": 161.608703613,
        "dmean2": 250.192749023,
        "dvar": 48608.1640625,
        "dvar2": 107109.007812,
        "max": 3350.24389648,
        "mean": 973.317138672,
        "median": 881.639709473,
        "min": 213.536605835,
        "var": 298292.6875
    },
    "spectral_complexity": {
        "dmean": 2.0851392746,
        "dmean2": 3.43089437485,
        "dvar": 6.76752758026,
        "dvar2": 16.1578235626,
        "max": 41,
        "mean": 11.5249519348,
        "median": 11,
        "min": 0,
        "var": 27.0145816803
    },
    "spectral_decrease": {
        "dmean": 1.78649839366e-09,
        "dmean2": 2.9771753951e-09,
        "dvar": 2.14263469104e-17,
        "dvar2": 6.04575854152e-17,
        "max": -2.8345908452e-14,
        "mean": -5.49074830047e-09,
        "median": -4.07550571069e-09,
        "min": -5.45953788844e-08,
        "var": 2.70196710749e-17
    },
    "spectral_energy": {
        "dmean": 0.00704059423879,
        "dmean2": 0.0116741331294,
        "dvar": 0.000312739342917,
        "dvar2": 0.000880065490492,
        "max": 0.209558039904,
        "mean": 0.0222676917911,
        "median": 0.0162558015436,
        "min": 1.19843122093e-07,
        "var": 0.00044206174789
    },
    "spectral_energyband_high": {
        "dmean": 0.000156481561135,
        "dmean2": 0.00022618524963,
        "dvar": 1.07811786165e-07,
        "dvar2": 2.10177276472e-07,
        "max": 0.00572866341099,
        "mean": 0.000361664686352,
        "median": 0.000109637330752,
        "min": 4.54463267019e-09,
        "var": 4.17695559918e-07
    },
    "spectral_energyband_low": {
        "dmean": 0.00392820313573,
        "dmean2": 0.00703866872936,
        "dvar": 0.000291612726869,
        "dvar2": 0.000837163126562,
        "max": 0.18830370903,
        "mean": 0.00627243937925,
        "median": 0.00393494125456,
        "min": 7.38393068911e-10,
        "var": 0.000181159193744
    },
    "spectral_energyband_middle_high": {
        "dmean": 0.00197659968399,
        "dmean2": 0.00279100239277,
        "dvar": 1.52748816618e-05,
        "dvar2": 3.04956956825e-05,
        "max": 0.0833583474159,
        "mean": 0.00888216868043,
        "median": 0.00184941838961,
        "min": 4.01747577428e-08,
        "var": 0.000229850731557
    },
    "spectral_energyband_middle_low": {
        "dmean": 0.00258169299923,
        "dmean2": 0.00413918262348,
        "dvar": 1.27350995172e-05,
        "dvar2": 3.31874471158e-05,
        "max": 0.0616957731545,
        "mean": 0.00726286647841,
        "median": 0.00544803356752,
        "min": 6.24809857186e-08,
        "var": 3.64354127669e-05
    },
    "spectral_entropy": {
        "dmean": 0.23348583281,
        "dmean2": 0.32569244504,
        "dvar": 0.0678747519851,
        "dvar2": 0.129613131285,
        "max": 8.34505748749,
        "mean": 7.05295276642,
        "median": 7.05669403076,
        "min": 5.06679582596,
        "var": 0.33473315835
    },
    "spectral_flux": {
        "dmean": 0.022862592712,
        "dmean2": 0.0368867442012,
        "dvar": 0.00142151117325,
        "dvar2": 0.00288541708142,
        "max": 0.395286828279,
        "mean": 0.0605697669089,
        "median": 0.0476211234927,
        "min": 0.000886709254701,
        "var": 0.00239366479218
    },
    "spectral_kurtosis": {
        "dmean": 3.24731183052,
        "dmean2": 5.17716312408,
        "dvar": 18.4198589325,
        "dvar2": 45.7260055542,
        "max": 58.0618591309,
        "mean": 6.90270042419,
        "median": 4.43499183655,
        "min": -1.44034421444,
        "var": 49.2774009705
    },
    "spectral_rms": {
        "dmean": 0.000634611875284,
        "dmean2": 0.00101282924879,
        "dvar": 1.29281852423e-06,
        "dvar2": 3.43540409631e-06,
        "max": 0.0142984921113,
        "mean": 0.00426313607022,
        "median": 0.00398237630725,
        "min": 1.08129606815e-05,
        "var": 3.55024735654e-06
    },
    "spectral_rolloff": {
        "dmean": 260.673950195,
        "dmean2": 447.513244629,
        "dvar": 494368.78125,
        "dvar2": 1076172.25,
        "max": 9625.34179688,
        "mean": 1029.88623047,
        "median": 839.794921875,
        "min": 86.1328125,
        "var": 1109130.125
    },
    "spectral_skewness": {
        "dmean": 0.366069346666,
        "dmean2": 0.552158415318,
        "dvar": 0.171243041754,
        "dvar2": 0.372765958309,
        "max": 5.91104221344,
        "mean": 1.9610657692,
        "median": 1.77792227268,
        "min": -0.0628572329879,
        "var": 0.703357875347
    },
    "spectral_spread": {
        "dmean": 595813.5625,
        "dmean2": 796052,
        "dvar": 515888578560,
        "dvar2": 781540851712,
        "max": 14847245,
        "mean": 4113949,
        "median": 3988764,
        "min": 1144109.125,
        "var": 2.52669801267e+12
    },
    "spectral_strongpeak": {
        "dmean": 0.616383612156,
        "dmean2": 1.01238691807,
        "dvar": 1.23388421535,
        "dvar2": 2.78465127945,
        "max": 16.7929382324,
        "mean": 1.92725932598,
        "median": 0.555046737194,
        "min": 0.00212476402521,
        "var": 8.69790744781
    },
    "zerocrossingrate": {
        "dmean": 0.00686201453209,
        "dmean2": 0.00794652663171,
        "dvar": 9.0906949481e-05,
        "dvar2": 9.31224494707e-05,
        "max": 0.29638671875,
        "mean": 0.0444607920945,
        "median": 0.0390625,
        "min": 0.00390625,
        "var": 0.000853233621456
    },
    "barkbands": {
        "dmean": [0.000124890910229, 0.00289358990267, 0.000983891775832, 0.000606882560533, 0.00147075473797, 0.000460233248305, 0.000530720222741, 0.000239998742472, 0.000314222037559, 0.000620342325419, 0.00026022689417, 0.000882939493749, 0.000506424112245, 0.000497852859553, 7.549374277e-05, 7.64576470829e-05, 7.78687826823e-05, 6.63730170345e-05, 0.000108770713268, 3.96022660425e-05, 4.53579159512e-05, 2.78509614873e-05, 3.58364886779e-05, 4.59843467979e-05, 2.68917283393e-05, 3.7280493359e-08, 8.2875339924e-10],
        "dmean2": [0.000221775175305, 0.00524813309312, 0.00177803949919, 0.000981774181128, 0.00237226416357, 0.000693796318956, 0.000823706854135, 0.000377982010832, 0.000505063566379, 0.000948534638155, 0.000414415844716, 0.00125486007892, 0.000681617646478, 0.000700518663507, 0.000120253222121, 0.000123490070109, 0.000113015070383, 0.000106671082904, 0.000159553383128, 6.34420212009e-05, 7.19614035916e-05, 4.17418596044e-05, 5.44833819731e-05, 6.61990197841e-05, 3.79722878279e-05, 5.59092399044e-08, 1.54212576042e-09],
        "dvar": [3.05329706407e-07, 0.000183725001989, 1.37854221975e-05, 1.99222472475e-06, 4.33810373579e-06, 1.060548243e-06, 2.63291963165e-06, 4.80676021652e-07, 4.97724670367e-07, 3.42706562151e-06, 1.61727223258e-06, 7.24868823454e-06, 3.84090390071e-06, 5.74474233872e-06, 8.36899758383e-08, 1.17145091849e-07, 1.31332356545e-07, 5.06811161927e-08, 9.53123162617e-08, 9.93258986171e-09, 1.80757826485e-08, 4.89227502953e-09, 9.96858240399e-09, 1.291688978e-08, 1.01806909569e-08, 2.25056959017e-14, 1.87549369301e-18],
        "dvar2": [8.49089303756e-07, 0.00053299148567, 4.02634323109e-05, 5.31426167072e-06, 1.15522825581e-05, 2.22497465074e-06, 6.48466175335e-06, 1.22082576581e-06, 1.30998000714e-06, 6.90183742336e-06, 3.69005374523e-06, 1.43244042192e-05, 6.04213300903e-06, 1.0622078662e-05, 1.90518434806e-07, 2.50246870337e-07, 1.95003821091e-07, 1.01195617219e-07, 1.78129226924e-07, 2.29880363634e-08, 4.79374051565e-08, 1.04042809923e-08, 2.05353263283e-08, 2.45996076842e-08, 1.86580741968e-08, 4.60938490881e-14, 6.04126397294e-18],
        "max": [0.00856281723827, 0.15717728436, 0.0460276938975, 0.0197098534554, 0.030711941421, 0.0205108467489, 0.0495019592345, 0.0157723389566, 0.0145878829062, 0.0658208280802, 0.0385378673673, 0.0576937943697, 0.0716897696257, 0.0638312846422, 0.00845810119063, 0.0104521419853, 0.0210802741349, 0.00840435642749, 0.0071565490216, 0.00224822806194, 0.00351483025588, 0.00142719771247, 0.00304327183403, 0.00254709157161, 0.00258197472431, 2.95781455861e-06, 1.42764315925e-08],
        "mean": [0.000141844968311, 0.00433848239481, 0.00136518443469, 0.00109701324254, 0.00322887557559, 0.000888628826942, 0.000906971690711, 0.000400545890443, 0.000610222748946, 0.00144370284397, 0.000607974536251, 0.00328748580068, 0.00143658928573, 0.00137522164732, 0.000128772808239, 0.00011208246724, 0.000149279134348, 0.000104020102299, 0.000251774006756, 6.84102997184e-05, 7.38207163522e-05, 4.10706161347e-05, 6.59147844999e-05, 8.90400042408e-05, 5.47303570784e-05, 5.47661684891e-08, 6.73954059227e-10],
        "median": [2.26823831326e-05, 0.00262388167903, 0.000701617216691, 0.000386895495467, 0.00183677417226, 0.000366150139598, 0.000329291302478, 0.000142796488944, 0.000204523079447, 0.000213865103433, 5.74374098505e-05, 0.000142428034451, 9.17816796573e-05, 8.19448468974e-05, 3.70577727153e-05, 3.13422096951e-05, 2.52704194281e-05, 2.12703689613e-05, 2.99546281894e-05, 2.23876413656e-05, 2.42269707087e-05, 1.12487705337e-05, 1.43567904161e-05, 2.16338667087e-05, 6.70718327456e-06, 5.13855402673e-09, 2.43231407238e-10],
        "min": [3.53698390021e-11, 3.46801420914e-10, 2.88828655437e-10, 3.29663296661e-10, 1.15739489104e-08, 9.5127772326e-09, 4.97233754171e-10, 6.33325747401e-09, 1.07967601526e-09, 5.72469804894e-09, 7.7032263901e-10, 4.33654445686e-09, 9.04483044017e-10, 7.11263159481e-10, 6.57542909011e-10, 3.06457553778e-10, 1.79374326503e-09, 1.44429712634e-09, 5.06343633688e-09, 5.58049773058e-10, 4.05217609467e-10, 2.02524982895e-10, 7.42941708154e-10, 2.02197703025e-10, 7.54501627842e-10, 5.58268969247e-12, 5.64064203332e-12],
        "var": [2.10022022884e-07, 0.000108999614895, 9.01619932847e-06, 2.91735932478e-06, 1.40443571581e-05, 3.08463290821e-06, 4.73008321933e-06, 8.30075748581e-07, 1.22788037515e-06, 2.01530601771e-05, 7.8813309301e-06, 8.60454019858e-05, 3.3422747947e-05, 3.1790095818e-05, 1.53401444436e-07, 2.36433578493e-07, 9.23948846321e-07, 8.89913067681e-08, 4.83513701965e-07, 1.94345251003e-08, 2.63935096001e-08, 8.42602698725e-09, 3.00290992072e-08, 4.45345129663e-08, 3.58943736956e-08, 4.51648911142e-14, 1.44376352269e-18]
    },
    "erbbands": {
        "dmean": [0.071816675365, 0.683023393154, 1.26447594166, 1.43540358543, 3.81865119934, 4.8944683075, 6.17873287201, 3.08540439606, 7.85633945465, 4.89139890671, 5.63481140137, 6.27214574814, 14.4093885422, 14.9937324524, 19.7906112671, 31.1708946228, 20.8413677216, 21.0089244843, 12.8392410278, 2.848716259, 4.35891199112, 4.59881258011, 3.54619932175, 5.42553806305, 3.28434324265, 1.71893930435, 2.19304895401, 1.20494127274, 0.885692119598, 1.13624203205, 1.14566218853, 0.632892787457, 0.915714204311, 0.544017612934, 0.0352802723646, 0.00153925165068, 7.57979214541e-05, 9.49185687205e-06, 4.75623755847e-06, 8.22886067908e-06],
        "dmean2": [0.130762264132, 1.24166369438, 2.30016613007, 2.45510339737, 6.0356798172, 7.88793230057, 9.85818099976, 4.68211174011, 12.1747522354, 7.86206293106, 8.82531452179, 10.1185626984, 21.2556781769, 22.2202453613, 27.9577198029, 42.1203269958, 26.5640144348, 30.3312530518, 17.6596794128, 4.39301347733, 6.92775535583, 6.65096855164, 5.66299247742, 8.00524616241, 4.985850811, 2.65678977966, 3.50022029877, 1.86579453945, 1.38373482227, 1.66751730442, 1.73873102665, 0.940943658352, 1.30843448639, 0.760029911995, 0.0496677495539, 0.00214810739271, 0.000106109073386, 1.31686902023e-05, 7.38553217161e-06, 1.34842757689e-05],
        "dvar": [0.107791006565, 10.3802576065, 28.1623096466, 11.3332576752, 61.4683036804, 59.7543106079, 207.779006958, 41.9059486389, 659.725402832, 352.924255371, 263.203643799, 228.010528564, 1687.05529785, 1498.09509277, 4172.94775391, 9739.58105469, 6240.15136719, 13223.7382812, 3361.55737305, 84.506401062, 315.810699463, 515.056091309, 97.7144241333, 231.256866455, 107.26424408, 15.4637155533, 43.1348953247, 10.2225570679, 4.69180059433, 12.0770158768, 10.5442457199, 2.04831242561, 6.84016561508, 3.54050922394, 0.0163368862122, 3.00622014038e-05, 6.26425062933e-08, 8.05193911546e-10, 9.21075229976e-11, 3.74314607088e-10],
        "dvar2": [0.310143023729, 30.2416858673, 82.0818099976, 32.0566825867, 163.66986084, 153.163116455, 532.181640625, 106.192207336, 1564.20349121, 1003.49835205, 625.391601562, 601.443786621, 2802.4609375, 3321.14941406, 8929.83789062, 19380.0390625, 8243.47070312, 25228.0058594, 5755.49609375, 202.071289062, 613.590881348, 745.866638184, 230.799682617, 435.464141846, 222.083847046, 36.9831466675, 117.416786194, 25.1870803833, 10.9699716568, 24.6245422363, 21.8352203369, 4.29536104202, 12.8329601288, 5.87879514694, 0.0297787822783, 5.31564510311e-05, 1.03078534153e-07, 1.28601640448e-09, 2.20536464091e-10, 1.04502639875e-09],
        "max": [3.75430202484, 38.148109436, 57.3431625366, 46.8196678162, 115.876174927, 131.252441406, 258.676635742, 177.258834839, 882.97088623, 591.432373047, 435.989562988, 429.317596436, 1674.34448242, 1071.84814453, 1758.52648926, 2640.52075195, 3688.12329102, 3546.84814453, 2288.49194336, 315.501068115, 700.87713623, 1268.81079102, 226.917495728, 319.813720703, 353.272979736, 66.4695281982, 151.030685425, 77.0361480713, 46.3201522827, 88.8023223877, 104.746780396, 20.4740200043, 61.3647994995, 48.8383255005, 3.64723801613, 0.15658287704, 0.00691959680989, 0.000759826041758, 0.000149156810949, 0.000230222431128],
        "mean": [0.116132877767, 0.98350673914, 1.78291654587, 2.62928557396, 7.8798122406, 9.76139831543, 11.805478096, 6.2165312767, 13.4888782501, 8.84679889679, 10.2088403702, 12.2831392288, 33.1048927307, 37.1877632141, 72.4422302246, 105.449790955, 66.9220733643, 64.633644104, 31.0676612854, 6.16093921661, 7.14591550827, 9.37276935577, 6.22213459015, 11.4334859848, 7.67634344101, 3.32099509239, 3.7822933197, 1.97686886787, 1.36772048473, 1.68837606907, 2.07297492027, 1.18846952915, 1.87735903263, 1.21001386642, 0.0714476257563, 0.00318025960587, 0.000176759698661, 2.40330227825e-05, 1.59957853612e-05, 2.73249042948e-05],
        "median": [0.0700770393014, 0.583095490932, 0.973328769207, 1.22137999535, 3.12068939209, 5.48863887787, 4.79811429977, 3.14637041092, 4.64577293396, 3.87455606461, 3.89337491989, 4.94120597839, 9.55681324005, 8.35984992981, 5.57750701904, 7.21434736252, 7.11896657944, 5.25057029724, 4.5576171875, 2.16620612144, 2.0223197937, 1.90099048615, 1.52171850204, 1.59627497196, 1.36167526245, 1.12790572643, 1.1998809576, 0.645324885845, 0.422436147928, 0.356086671352, 0.432745546103, 0.426097273827, 0.339920401573, 0.148814797401, 0.0101923616603, 0.000463088159449, 3.12578158628e-05, 4.97397331856e-06, 9.18277146411e-06, 1.92011175386e-05],
        "min": [4.04745925664e-09, 9.97683642368e-08, 3.49045365056e-07, 7.07811295797e-07, 5.10650670549e-06, 3.5517517972e-05, 5.41274021089e-05, 6.12063449807e-05, 2.06953627639e-05, 8.65855981829e-05, 0.000163996286574, 3.48149078491e-05, 0.000124797268654, 0.00046477210708, 4.70152772323e-05, 0.000212881685002, 3.99979144277e-05, 5.82532811677e-05, 4.68122925668e-05, 6.30096474197e-05, 2.85434161924e-05, 9.99483308988e-05, 7.57348825573e-05, 0.000102547448478, 8.45287067932e-05, 3.05415524053e-05, 2.68148032774e-05, 7.85805241321e-06, 9.06905643205e-06, 1.76946559804e-05, 1.74643919308e-05, 5.96578183831e-06, 6.47858269076e-06, 1.30244161483e-05, 6.53143160889e-07, 4.73680970003e-08, 9.18516374071e-09, 3.42624617566e-09, 8.99246899166e-10, 2.59566979022e-10],
        "var": [0.0669645443559, 6.06264591217, 17.1309680939, 15.5681877136, 147.525054932, 152.600769043, 591.225708008, 93.8852920532, 1293.13183594, 346.681518555, 544.358520508, 526.794616699, 9636.95507812, 7949.17431641, 40038.0039062, 81304.3828125, 68683.8984375, 92299.7265625, 15371.3457031, 339.252380371, 937.318969727, 3550.29394531, 207.326858521, 996.623779297, 377.508789062, 36.2199363708, 69.7434539795, 16.6090583801, 7.48657989502, 22.2861785889, 31.850976944, 4.86439228058, 26.106180191, 14.9599752426, 0.057773180306, 0.000109089887701, 2.64117801407e-07, 3.76000564017e-09, 3.16839415815e-10, 6.52536025214e-10]
    },
    "gfcc": {
        "mean": [-62.6553993225, 139.333007812, -127.700469971, 41.9630241394, -69.8104324341, 30.2447471619, -33.3558349609, -0.740767896175, -16.902507782, -17.3622512817, 9.49399662018, -19.3290882111, 9.14820957184],
        "cov": [[5570.33007812, -1693.08654785, -774.633361816, 382.131866455, -154.233001709, 688.786682129, -141.208114624, 227.360916138, -429.106658936, 340.821044922, 261.16809082, 90.0546722412, -238.575012207], [-1693.08654785, 1502.85192871, 358.104400635, -262.954864502, 388.100585938, -350.512481689, 209.382492065, -136.466094971, 299.581207275, -148.375137329, -7.5792798996, -51.6938667297, 131.909713745], [-774.633361816, 358.104400635, 757.455993652, 149.780227661, 15.6096820831, -77.3326873779, -4.08237266541, 32.6713676453, 133.524597168, -26.3764400482, -89.6913452148, 12.8503818512, 49.5931243896], [382.131866455, -262.954864502, 149.780227661, 388.22064209, -42.4277114868, 27.0298042297, -29.0075378418, 77.1851272583, 53.4601593018, 34.6892089844, -38.4847564697, 31.2469272614, -2.91455388069], [-154.233001709, 388.100585938, 15.6096820831, -42.4277114868, 336.571289062, 16.4616546631, 74.4666519165, -36.1582832336, 29.0815086365, -2.98517990112, 97.3762817383, -9.74319839478, -4.08163976669], [688.786682129, -350.512481689, -77.3326873779, 27.0298042297, 16.4616546631, 346.184692383, 78.193862915, 53.0469169617, -79.4445953369, 92.2229003906, 67.2035293579, 20.512670517, -48.595287323], [-141.208114624, 209.382492065, -4.08237266541, -29.0075378418, 74.4666519165, 78.193862915, 229.452575684, 44.348613739, 45.0794448853, 0.0607276372612, 34.5734977722, -3.3965742588, 22.7270698547], [227.360916138, -136.466094971, 32.6713676453, 77.1851272583, -36.1582832336, 53.0469169617, 44.348613739, 176.70715332, 41.4498634338, 40.5611457825, 3.09021544456, 22.5205478668, 11.2858543396], [-429.106658936, 299.581207275, 133.524597168, 53.4601593018, 29.0815086365, -79.4445953369, 45.0794448853, 41.4498634338, 275.096588135, 10.9136781693, -86.951965332, -0.0445330552757, 52.5603408813], [340.821044922, -148.375137329, -26.3764400482, 34.6892089844, -2.98517990112, 92.2229003906, 0.0607276372612, 40.5611457825, 10.9136781693, 137.226867676, 52.5547294617, 17.9541530609, -9.07434368134], [261.16809082, -7.5792798996, -89.6913452148, -38.4847564697, 97.3762817383, 67.2035293579, 34.5734977722, 3.09021544456, -86.951965332, 52.5547294617, 173.271560669, 39.4121742249, -19.9022274017], [90.0546722412, -51.6938667297, 12.8503818512, 31.2469272614, -9.74319839478, 20.512670517, -3.3965742588, 22.5205478668, -0.0445330552757, 17.9541530609, 39.4121742249, 81.4300460815, 33.9575080872], [-238.575012207, 131.909713745, 49.5931243896, -2.91455388069, -4.08163976669, -48.595287323, 22.7270698547, 11.2858543396, 52.5603408813, -9.07434368134, -19.9022274017, 33.9575080872, 98.5559921265]],
        "icov": [[0.00043346604798, -0.000431741180364, 0.000567403214518, -0.000678660871927, 0.000309291179292, -0.000817511056084, 0.000660057237837, -0.000581493135542, 0.000669289380312, -0.0005598924472, 0.000142534539918, -0.000339552614605, 0.000582945998758], [-0.000431741180364, 0.00860363151878, -0.00384091353044, 0.00514373276383, -0.00603865180165, 0.00677190767601, -0.00648655183613, 0.00471468549222, -0.00660731969401, 0.00337972538546, -0.00345375970937, 0.00334559404291, -0.00444598169997], [0.000567403214518, -0.00384091353044, 0.00367812346667, -0.00320817180909, 0.0023490767926, -0.00329793454148, 0.00322646019049, -0.00252151768655, 0.00294231856242, -0.00172066723462, 0.00220698979683, -0.00198733992875, 0.00198731129058], [-0.000678660871927, 0.00514373276383, -0.00320817180909, 0.00689931260422, -0.00377872399986, 0.00445147696882, -0.00381258432753, 0.00199988484383, -0.00440425425768, 0.00170605222229, -0.000763550866395, 0.000322295789374, -0.00177972565871], [0.000309291179292, -0.00603865180165, 0.0023490767926, -0.00377872399986, 0.00922633707523, -0.00548745319247, 0.00423476332799, -0.00200180104002, 0.00240014865994, -0.000473561842227, -0.00271684792824, 0.000536270381417, 0.0024092446547], [-0.000817511056084, 0.00677190767601, -0.00329793454148, 0.00445147696882, -0.00548745319247, 0.0112990075722, -0.00816346518695, 0.00348226749338, -0.00317473267205, -0.000803199305665, -0.000345488195308, -9.79349715635e-05, -0.000840649241582], [0.000660057237837, -0.00648655183613, 0.00322646019049, -0.00381258432753, 0.00423476332799, -0.00816346518695, 0.0121655734256, -0.00534574268386, 0.00297534000129, 2.52724603342e-05, -0.000618288002443, 0.000724618614186, 0.000541269138921], [-0.000581493135542, 0.00471468549222, -0.00252151768655, 0.00199988484383, -0.00200180104002, 0.00348226749338, -0.00534574268386, 0.0105236852542, -0.00500216986984, 0.00109238433652, -0.002581034787, 0.00123402744066, -0.00290629500523], [0.000669289380312, -0.00660731969401, 0.00294231856242, -0.00440425425768, 0.00240014865994, -0.00317473267205, 0.00297534000129, -0.00500216986984, 0.012777838856, -0.00691037997603, 0.00870426837355, -0.00520348874852, 0.00337330880575], [-0.0005598924472, 0.00337972538546, -0.00172066723462, 0.00170605222229, -0.000473561842227, -0.000803199305665, 2.52724603342e-05, 0.00109238433652, -0.00691037997603, 0.0146801564842, -0.00836229603738, 0.00459422497079, -0.0037437484134], [0.000142534539918, -0.00345375970937, 0.00220698979683, -0.000763550866395, -0.00271684792824, -0.000345488195308, -0.000618288002443, -0.002581034787, 0.00870426837355, -0.00836229603738, 0.0185062475502, -0.0117121608928, 0.00635035149753], [-0.000339552614605, 0.00334559404291, -0.00198733992875, 0.000322295789374, 0.000536270381417, -9.79349715635e-05, 0.000724618614186, 0.00123402744066, -0.00520348874852, 0.00459422497079, -0.0117121608928, 0.0245022475719, -0.0122340591624], [0.000582945998758, -0.00444598169997, 0.00198731129058, -0.00177972565871, 0.0024092446547, -0.000840649241582, 0.000541269138921, -0.00290629500523, 0.00337330880575, -0.0037437484134, 0.00635035149753, -0.0122340591624, 0.0197028201073]]
    },
    "melbands": {
        "dmean": [0.000734986038879, 0.000759554910474, 0.000318741600495, 0.000304276996758, 0.000220313944737, 7.59212634875e-05, 0.000112497538794, 5.02652110299e-05, 4.59771727037e-05, 4.16917464463e-05, 7.92844002717e-05, 7.06923892722e-05, 5.27922311448e-05, 0.000108764957986, 6.17291952949e-05, 4.37378475908e-05, 4.05829487136e-05, 2.75079728453e-05, 3.79673724638e-06, 4.1808707465e-06, 5.49529886484e-06, 5.31462774234e-06, 3.48186449628e-06, 3.43047668139e-06, 4.85901318825e-06, 4.29232250099e-06, 1.31987110308e-06, 1.17220281481e-06, 1.67225414316e-06, 1.08412393729e-06, 5.96379948092e-07, 4.86494798224e-07, 6.36629692963e-07, 6.40524660867e-07, 7.59877252676e-07, 4.8229355798e-07, 4.00942070655e-07, 6.23355788321e-07, 7.95711457613e-07, 3.86017291021e-07],
        "dmean2": [0.00132863328326, 0.00139599002432, 0.000526183634065, 0.00048225489445, 0.000356823322363, 0.000114841190225, 0.000173623775481, 8.07076939964e-05, 7.16593494872e-05, 6.75171104376e-05, 0.000117362942547, 0.000105738814455, 7.37585723982e-05, 0.000150407722685, 8.62577144289e-05, 5.63303801755e-05, 5.84276604059e-05, 3.76767166017e-05, 5.97991356699e-06, 6.69591963742e-06, 8.82903805177e-06, 7.61804631111e-06, 5.51090624867e-06, 5.52282335775e-06, 7.18708088243e-06, 6.28168618277e-06, 2.12199279304e-06, 1.80852964604e-06, 2.69940142061e-06, 1.65645110428e-06, 9.35689570269e-07, 7.88502575233e-07, 9.56634607974e-07, 9.63803472587e-07, 1.18115622172e-06, 7.4186857546e-07, 6.04089677836e-07, 9.0165445954e-07, 1.12640816496e-06, 5.31518310254e-07],
        "dvar": [1.16489836728e-05, 1.16192304631e-05, 4.88671446419e-07, 2.26073467502e-07, 2.00691474106e-07, 2.48599025809e-08, 1.22094007793e-07, 3.38456622728e-08, 1.67480358471e-08, 9.29700227914e-09, 5.2619437696e-08, 3.6155448413e-08, 3.09085770311e-08, 1.26532356148e-07, 4.56273809846e-08, 3.25234914555e-08, 4.74199772782e-08, 1.74123382379e-08, 1.15357660924e-10, 5.3628235186e-10, 5.14542075614e-10, 8.36519797875e-10, 1.55810961355e-10, 1.46690576353e-10, 2.0088818109e-10, 2.21595991556e-10, 1.17645294548e-11, 7.64258361458e-12, 2.82871521345e-11, 2.03372284291e-11, 1.79390920521e-12, 1.37496394478e-12, 2.7259988971e-12, 4.16849063947e-12, 5.85958061586e-12, 1.46711440739e-12, 8.86467440252e-13, 3.21601079101e-12, 7.28883793599e-12, 1.93102977185e-12],
        "dvar2": [3.36124976457e-05, 3.37788042089e-05, 1.33096250465e-06, 5.68052882954e-07, 5.41912299923e-07, 5.66380933265e-08, 2.86260274152e-07, 9.56401322583e-08, 3.79620921365e-08, 2.54473278005e-08, 8.88450841785e-08, 8.05810387305e-08, 6.00859877409e-08, 2.43670797317e-07, 8.36227869172e-08, 4.62199629681e-08, 9.04023309545e-08, 2.88656085701e-08, 2.4518509445e-10, 1.24965027215e-09, 9.48690903613e-10, 1.00235386657e-09, 3.61418062145e-10, 2.767092111e-10, 3.80503295538e-10, 4.34123736959e-10, 2.91699893407e-11, 1.79477040868e-11, 7.59999632671e-11, 4.88341346527e-11, 4.57500270307e-12, 3.39177796092e-12, 5.57298695039e-12, 9.10495463746e-12, 1.31475949919e-11, 3.30606939394e-12, 1.95695564788e-12, 6.88192471759e-12, 1.27609346701e-11, 3.29831843261e-12],
        "max": [0.0387138575315, 0.0365103855729, 0.00860277563334, 0.00820118375123, 0.00741819152609, 0.00494894850999, 0.0116542791948, 0.00581349665299, 0.00366496527568, 0.00251758191735, 0.00914599001408, 0.00597688974813, 0.00573214003816, 0.00862800702453, 0.00838260166347, 0.00535441422835, 0.00633814139292, 0.00536358030513, 0.000328799942508, 0.000822116388008, 0.000787402386777, 0.00181458971929, 0.000543321715668, 0.000507474469487, 0.00030636874726, 0.000495082058478, 8.19356573629e-05, 6.66322957841e-05, 0.000122364217532, 0.000168991202372, 1.84990985872e-05, 2.53317466559e-05, 3.34804972226e-05, 5.04169584019e-05, 8.12084035715e-05, 2.84768975689e-05, 1.17808349387e-05, 3.95786228182e-05, 6.63047321723e-05, 3.93421360059e-05],
        "mean": [0.00113785651047, 0.00110100500751, 0.000609812967014, 0.000667946587782, 0.000419904186856, 0.000148547391291, 0.000195820073714, 9.06998320716e-05, 8.28316551633e-05, 7.91457350715e-05, 0.000179831957212, 0.000166817218997, 0.000166438956512, 0.000420462281909, 0.000173836247995, 0.000131597960717, 0.000115814094897, 6.44601750537e-05, 7.0570877142e-06, 7.17039347364e-06, 8.01262376626e-06, 1.06906372821e-05, 5.69698568142e-06, 5.12584620083e-06, 9.83578684099e-06, 9.99096300802e-06, 2.13690873352e-06, 2.06603499464e-06, 2.67015593636e-06, 1.74450337909e-06, 8.7096009338e-07, 7.24035373878e-07, 8.68303914103e-07, 9.33138721848e-07, 1.29632098833e-06, 8.58321925534e-07, 6.57928069359e-07, 1.14427518838e-06, 1.70519672338e-06, 7.71603367866e-07],
        "median": [0.000676307827234, 0.000651747337542, 0.000295484875096, 0.000343135907315, 0.000192699226318, 7.15159621905e-05, 7.32229091227e-05, 3.92033725802e-05, 2.78342176898e-05, 2.72861598205e-05, 4.77384819533e-05, 2.82628789137e-05, 1.27677303681e-05, 1.37822698889e-05, 1.48307126437e-05, 8.71551037562e-06, 6.8247809395e-06, 6.44141482553e-06, 2.2894578251e-06, 1.93524033421e-06, 1.99574901671e-06, 1.43456691148e-06, 1.62730680131e-06, 1.01477075987e-06, 1.18195475807e-06, 1.13825126391e-06, 6.10880078966e-07, 6.3550487539e-07, 7.86512373452e-07, 4.29531098689e-07, 2.89821940669e-07, 2.17785370182e-07, 1.92188167603e-07, 1.77624229991e-07, 2.5124018066e-07, 2.57323421238e-07, 2.37279465409e-07, 2.4991854275e-07, 2.0309721549e-07, 9.28746786144e-08],
        "min": [6.93073307079e-11, 1.70279734757e-10, 1.98345784241e-10, 1.25047316946e-09, 1.7457270074e-09, 1.50554568812e-09, 2.42246389615e-10, 9.36300814658e-10, 1.24510424193e-09, 1.23103735539e-10, 4.17990725365e-10, 2.08574091332e-09, 8.63547983121e-11, 4.90880225357e-10, 2.46240111634e-10, 1.15313002202e-10, 9.24496590393e-11, 7.31589164249e-11, 3.90960631924e-11, 2.2326416757e-11, 2.45283134082e-11, 1.12882175829e-10, 5.56927455542e-11, 1.04374120458e-10, 3.31977015322e-11, 7.18474862937e-11, 2.28248669965e-11, 1.55049219991e-11, 1.90106680398e-11, 5.40305820917e-12, 4.40615079145e-12, 5.61397065987e-12, 3.4628333187e-12, 1.42947528814e-11, 1.22706610498e-11, 6.0409724098e-12, 2.32634809853e-12, 1.27340325784e-12, 1.50902658425e-11, 6.1932334261e-12],
        "var": [7.06755645297e-06, 6.89007947585e-06, 6.90637477874e-07, 8.3409332774e-07, 5.30081706529e-07, 6.01042984272e-08, 2.52430737646e-07, 3.42642287876e-08, 3.69313006843e-08, 2.13479669497e-08, 3.00780214957e-07, 1.89910764448e-07, 2.6033549716e-07, 1.5796962316e-06, 3.58473926099e-07, 2.90554368121e-07, 2.87967395707e-07, 8.52942960705e-08, 4.25700086293e-10, 9.51468348553e-10, 1.44370970734e-09, 6.36578390001e-09, 3.29174715263e-10, 2.6969382283e-10, 8.72430516718e-10, 8.21914258875e-10, 2.20391864481e-11, 1.67304173987e-11, 4.40811519231e-11, 2.70355959842e-11, 2.55734799656e-12, 1.99342213743e-12, 4.94815039637e-12, 7.25281076516e-12, 1.49038021507e-11, 3.76174395453e-12, 1.56586950437e-12, 9.08474337424e-12, 3.00832345146e-11, 6.89101857174e-12]
    },
    "mfcc": {
        "mean": [-692.383666992, 141.106307983, 16.5595035553, 9.84792423248, 5.84545135498, 6.45850992203, 11.5279922485, 4.08266019821, -5.33770418167, -0.0535043329, -2.39761543274, 0.111342020333, -5.5137295723],
        "cov": [[5959.63916016, -1968.83361816, -486.421203613, -242.440185547, -34.3741760254, 113.399757385, 426.216186523, 5.619597435, -261.297607422, 15.5932779312, 87.3611068726, 151.774414062, 223.44770813], [-1968.83361816, 1781.07714844, -42.7198638916, 92.7120895386, 111.166252136, -4.77992534637, -84.5003509521, 26.4297599792, 107.69203186, 22.2851524353, -25.150226593, -10.356631279, -30.1011142731], [-486.421203613, -42.7198638916, 598.898620605, 139.317230225, 43.0335731506, 11.6998691559, -94.3206176758, 32.9207954407, 111.40096283, -3.28907465935, 53.8464164734, -10.9568157196, -32.7817955017], [-242.440185547, 92.7120895386, 139.317230225, 304.750518799, 72.2881164551, -23.5692596436, -84.9226150513, 25.9181842804, 71.3725357056, 5.25919628143, -7.35595560074, 13.8707752228, 1.02539074421], [-34.3741760254, 111.166252136, 43.0335731506, 72.2881164551, 203.675811768, 32.9933662415, 11.2366828918, 4.43717050552, -6.75114965439, -11.4666795731, 30.5794067383, 15.0370597839, 32.4432411194], [113.399757385, -4.77992534637, 11.6998691559, -23.5692596436, 32.9933662415, 199.181976318, 57.8459510803, 28.3446502686, 13.4890117645, 38.8657951355, 31.619436264, 5.35133838654, 6.41072177887], [426.216186523, -84.5003509521, -94.3206176758, -84.9226150513, 11.2366828918, 57.8459510803, 339.075805664, 35.1587181091, -109.752998352, -10.4533748627, 34.6386489868, 25.6077613831, 47.7522926331], [5.619597435, 26.4297599792, 32.9207954407, 25.9181842804, 4.43717050552, 28.3446502686, 35.1587181091, 129.237197876, 50.6971626282, 38.0377731323, 9.76602745056, 3.20319008827, 10.9275493622], [-261.297607422, 107.69203186, 111.40096283, 71.3725357056, -6.75114965439, 13.4890117645, -109.752998352, 50.6971626282, 191.455276489, 77.4587402344, 7.30710935593, 7.34546661377, -14.5964479446], [15.5932779312, 22.2851524353, -3.28907465935, 5.25919628143, -11.4666795731, 38.8657951355, -10.4533748627, 38.0377731323, 77.4587402344, 145.915145874, 47.3895149231, 2.31070041656, 4.90034198761], [87.3611068726, -25.150226593, 53.8464164734, -7.35595560074, 30.5794067383, 31.619436264, 34.6386489868, 9.76602745056, 7.30710935593, 47.3895149231, 116.325393677, 23.9633998871, 12.7866210938], [151.774414062, -10.356631279, -10.9568157196, 13.8707752228, 15.0370597839, 5.35133838654, 25.6077613831, 3.20319008827, 7.34546661377, 2.31070041656, 23.9633998871, 88.2467346191, 37.3677520752], [223.44770813, -30.1011142731, -32.7817955017, 1.02539074421, 32.4432411194, 6.41072177887, 47.7522926331, 10.9275493622, -14.5964479446, 4.90034198761, 12.7866210938, 37.3677520752, 109.416702271]],
