{
"lowlevel": {
    "average_loudness": 0.83205974102,
    "barkbands_crest": {
        "dmean": 1.78736376762,
        "dmean2": 2.84324264526,
        "dvar": 3.16767573357,
        "dvar2": 7.83891201019,
        "max": 21.4469604492,
        "mean": 8.0878610611,
        "median": 7.72307157516,
        "min": 3.27215147018,
        "var": 7.00602388382
    },
    "barkbands_flatness_db": {
        "dmean": 0.019273404032,
        "dmean2": 0.0255184546113,
        "dvar": 0.000416561000748,
        "dvar2": 0.000733325665351,
        "max": 0.355699568987,
        "mean": 0.147537663579,
        "median": 0.138285458088,
        "min": 0.0378364212811,
        "var": 0.00340209598653
    },
    "barkbands_kurtosis": {
        "dmean": 1.46508717537,
        "dmean2": 2.22511911392,
        "dvar": 2.52946782112,
        "dvar2": 5.8014831543,
        "max": 14.2112483978,
        "mean": 1.87816989422,
        "median": 1.5119638443,
        "min": -1.7774002552,
        "var": 6.30924272537
    },
    "barkbands_skewness": {
        "dmean": 0.432121485472,
        "dmean2": 0.614262282848,
        "dvar": 0.141868442297,
        "dvar2": 0.28536593914,
        "max": 3.20378804207,
        "mean": 0.973779261112,
        "median": 1.01093840599,
        "min": -1.77293539047,
        "var": 0.527254462242
    },
    "barkbands_spread": {
        "dmean": 4.88554048538,
        "dmean2": 6.85265350342,
        "dvar": 43.6832733154,
        "dvar2": 74.3730621338,
        "max": 100.565452576,
        "mean": 20.1336784363,
        "median": 16.5806121826,
        "min": 4.00658273697,
        "var": 159.18182373
    },
    "dissonance": {
        "dmean": 0.0340878143907,
        "dmean2": 0.0572596564889,
        "dvar": 0.000990212894976,
        "dvar2": 0.00268000178039,
        "max": 0.499857544899,
        "mean": 0.419701963663,
        "median": 0.428429692984,
        "min": 0.217998608947,
        "var": 0.00232481351122
    },
    "dynamic_complexity": 3.59224009514,
    "erbbands_crest": {
        "dmean": 2.50757861137,
        "dmean2": 3.96923708916,
        "dvar": 5.18335151672,
        "dvar2": 11.7093458176,
        "max": 27.7075958252,
        "mean": 10.7372770309,
        "median": 10.2651414871,
        "min": 2.80089998245,
        "var": 15.3169937134
    },
    "erbbands_flatness_db": {
        "dmean": 0.0234860703349,
        "dmean2": 0.0302377305925,
        "dvar": 0.000557654711884,
        "dvar2": 0.000872751174029,
        "max": 0.397086083889,
        "mean": 0.181931704283,
        "median": 0.174916818738,
        "min": 0.0513339601457,
        "var": 0.00361262750812
    },
    "erbbands_kurtosis": {
        "dmean": 1.58010709286,
        "dmean2": 2.33139920235,
        "dvar": 3.13402509689,
        "dvar2": 6.29746055603,
        "max": 20.0452728271,
        "mean": 2.59033608437,
        "median": 1.88956165314,
        "min": -1.63121712208,
        "var": 8.84509181976
    },
    "erbbands_skewness": {
        "dmean": 0.441013246775,
        "dmean2": 0.654654502869,
        "dvar": 0.174393743277,
        "dvar2": 0.352974146605,
        "max": 3.05284047127,
        "mean": 0.540122926235,
        "median": 0.628999590874,
        "min": -3.02703261375,
        "var": 0.819455385208
    },
    "erbbands_spread": {
        "dmean": 6.77771043777,
        "dmean2": 9.35966110229,
        "dvar": 61.0262565613,
        "dvar2": 102.666473389,
        "max": 112.316513062,
        "mean": 24.8979473114,
        "median": 20.8385887146,
        "min": 3.17170715332,
        "var": 253.734848022
    },
    "hfc": {
        "dmean": 6.03450727463,
        "dmean2": 7.89910173416,
        "dvar": 66.750213623,
        "dvar2": 111.214866638,
        "max": 168.969406128,
        "mean": 20.9104537964,
        "median": 15.5248403549,
        "min": 8.03937564342e-06,
        "var": 353.032745361
    },
    "melbands_crest": {
        "dmean": 2.34014081955,
        "dmean2": 3.64365291595,
        "dvar": 5.26118803024,
        "dvar2": 13.3688821793,
        "max": 27.273651123,
        "mean": 11.4524278641,
        "median": 10.6331243515,
        "min": 4.17687129974,
        "var": 16.947052002
    },
    "melbands_flatness_db": {
        "dmean": 0.0225467067212,
        "dmean2": 0.029657099396,
        "dvar": 0.000585397763643,
        "dvar2": 0.00102915253956,
        "max": 0.454766392708,
        "mean": 0.221471965313,
        "median": 0.211608186364,
        "min": 0.0679552257061,
        "var": 0.00533841038123
    },
    "melbands_kurtosis": {
        "dmean": 2.53526592255,
        "dmean2": 3.79261660576,
        "dvar": 7.91738080978,
        "dvar2": 17.5351028442,
        "max": 37.4052429199,
        "mean": 4.00643777847,
        "median": 2.83330869675,
        "min": -1.67193543911,
        "var": 19.0704460144
    },
    "melbands_skewness": {
        "dmean": 0.484708189964,
        "dmean2": 0.685424268246,
        "dvar": 0.199925467372,
        "dvar2": 0.389312148094,
        "max": 5.35833263397,
        "mean": 1.38666653633,
        "median": 1.34863483906,
        "min": -1.26779532433,
        "var": 0.781372070312
    },
    "melbands_spread": {
        "dmean": 5.42030382156,
        "dmean2": 8.07224655151,
        "dvar": 46.5100135803,
        "dvar2": 98.1122207642,
        "max": 125.796615601,
        "mean": 22.3093166351,
        "median": 20.038236618,
        "min": 5.00606536865,
        "var": 124.617378235
    },
    "pitch_salience": {
        "dmean": 0.0518851913512,
        "dmean2": 0.0830078870058,
        "dvar": 0.00252180080861,
        "dvar2": 0.00594950374216,
        "max": 0.828351080418,
        "mean": 0.548163473606,
        "median": 0.542106509209,
        "min": 0.242075800896,
        "var": 0.01067034062
    },
    "silence_rate_20dB": {
        "dmean": 0,
        "dmean2": 0,
        "dvar": 0,
        "dvar2": 0,
        "max": 1,
        "mean": 1,
        "median": 1,
        "min": 1,
        "var": 0
    },
    "silence_rate_30dB": {
        "dmean": 0.00154798757285,
        "dmean2": 0.00309837330133,
        "dvar": 0.00154558825307,
        "dvar2": 0.00463794404641,
        "max": 1,
        "mean": 0.999226629734,
        "median": 1,
        "min": 0,
        "var": 0.000772796513047
    },
    "silence_rate_60dB": {
        "dmean": 0.0030959751457,
        "dmean2": 0.00619674660265,
        "dvar": 0.00308634410612,
        "dvar2": 0.00615856004879,
        "max": 1,
        "mean": 0.0734725445509,
        "median": 0,
        "min": 0,
        "var": 0.0680738985538
    },
    "spectral_centroid": {
        "dmean": 167.321502686,
        "dmean2": 240.282699585,
        "dvar": 49072.890625,
        "dvar2": 98814.875,
        "max": 3637.00390625,
        "mean": 958.354003906,
        "median": 856.727966309,
        "min": 314.986053467,
        "var": 161525.421875
    },
    "spectral_complexity": {
        "dmean": 2.08049535751,
        "dmean2": 3.07823395729,
        "dvar": 6.29694223404,
        "dvar2": 11.0682277679,
        "max": 48,
        "mean": 14.6163959503,
        "median": 14,
        "min": 0,
        "var": 43.617816925
    },
    "spectral_decrease": {
        "dmean": 1.37167555092e-09,
        "dmean2": 2.07478056957e-09,
        "dvar": 3.48662873405e-18,
        "dvar2": 7.83092299494e-18,
        "max": -2.45510848047e-15,
        "mean": -5.85042680967e-09,
        "median": -5.07552266882e-09,
        "min": -3.36169883042e-08,
        "var": 1.66425959919e-17
    },
    "spectral_energy": {
        "dmean": 0.00554872257635,
        "dmean2": 0.00830637756735,
        "dvar": 5.55452315893e-05,
        "dvar2": 0.00012249367137,
        "max": 0.138047099113,
        "mean": 0.0239775069058,
        "median": 0.0206354539841,
        "min": 9.99535210155e-09,
        "var": 0.000280427659163
    },
    "spectral_energyband_high": {
        "dmean": 0.000369480461814,
        "dmean2": 0.000459037255496,
        "dvar": 6.74343993978e-07,
        "dvar2": 1.02252386114e-06,
        "max": 0.0169173963368,
        "mean": 0.000755487999413,
        "median": 0.000210054626223,
        "min": 8.2328852069e-11,
        "var": 1.97642839339e-06
    },
    "spectral_energyband_low": {
        "dmean": 0.00123483408242,
        "dmean2": 0.00205781543627,
        "dvar": 4.13328780269e-06,
        "dvar2": 1.10789596874e-05,
        "max": 0.0298816151917,
        "mean": 0.00417222036049,
        "median": 0.00409761769697,
        "min": 1.99845340276e-09,
        "var": 8.75850491866e-06
    },
    "spectral_energyband_middle_high": {
        "dmean": 0.00228774477728,
        "dmean2": 0.00332547561266,
        "dvar": 7.50521166992e-06,
        "dvar2": 1.41610471474e-05,
        "max": 0.0454149320722,
        "mean": 0.00655038096011,
        "median": 0.00471676047891,
        "min": 3.23485704889e-09,
        "var": 4.70625709568e-05
    },
    "spectral_energyband_middle_low": {
        "dmean": 0.0041496604681,
        "dmean2": 0.00628457637504,
        "dvar": 4.70685736218e-05,
        "dvar2": 0.000110228334961,
        "max": 0.108164571226,
        "mean": 0.0133890192956,
        "median": 0.010402334854,
        "min": 4.92273199981e-09,
        "var": 0.000150145366206
    },
    "spectral_entropy": {
        "dmean": 0.214330613613,
        "dmean2": 0.265586972237,
        "dvar": 0.0538599938154,
        "dvar2": 0.0838833078742,
        "max": 8.60048007965,
        "mean": 7.19050598145,
        "median": 7.26478099823,
        "min": 5.53302764893,
        "var": 0.435025066137
    },
    "spectral_flux": {
        "dmean": 0.019297439605,
        "dmean2": 0.0311788823456,
        "dvar": 0.000487215525936,
        "dvar2": 0.00121719471645,
        "max": 0.322895407677,
        "mean": 0.0641888231039,
        "median": 0.054310631007,
        "min": 9.99767580652e-05,
        "var": 0.0016247171443
    },
    "spectral_kurtosis": {
        "dmean": 3.66569399834,
        "dmean2": 5.30242538452,
        "dvar": 55.5450973511,
        "dvar2": 139.929656982,
        "max": 124.837135315,
        "mean": 9.61285305023,
        "median": 5.51854419708,
        "min": -0.819106340408,
        "var": 137.107666016
    },
    "spectral_rms": {
        "dmean": 0.000524944451172,
        "dmean2": 0.000770409009419,
        "dvar": 3.35639327886e-07,
        "dvar2": 6.90057049724e-07,
        "max": 0.011605175212,
        "mean": 0.0045008934103,
        "median": 0.00448688631877,
        "min": 3.12274937642e-06,
        "var": 3.13465739055e-06
    },
    "spectral_rolloff": {
        "dmean": 414.114013672,
        "dmean2": 690.397644043,
        "dvar": 1102624.75,
        "dvar2": 2230037,
        "max": 14018.1152344,
        "mean": 1438.04541016,
        "median": 1119.7265625,
        "min": 215.33203125,
        "var": 2230262
    },
    "spectral_skewness": {
        "dmean": 0.389458805323,
        "dmean2": 0.521424770355,
        "dvar": 0.258944898844,
        "dvar2": 0.539291679859,
        "max": 8.93553924561,
        "mean": 2.4137032032,
        "median": 2.12165284157,
        "min": 0.352824538946,
        "var": 1.31235170364
    },
    "spectral_spread": {
        "dmean": 839937.0625,
        "dmean2": 1047292.5,
        "dvar": 953457901568,
        "dvar2": 1.31535457485e+12,
        "max": 14363810,
        "mean": 5270581.5,
        "median": 5180442.5,
        "min": 759993.1875,
        "var": 5.33342191616e+12
    },
    "spectral_strongpeak": {
        "dmean": 0.660187780857,
        "dmean2": 1.07928013802,
        "dvar": 0.79039901495,
        "dvar2": 1.68798661232,
        "max": 8.53718948364,
        "mean": 1.3489177227,
        "median": 0.85293340683,
        "min": 4.81413990201e-05,
        "var": 1.89678966999
    },
    "zerocrossingrate": {
        "dmean": 0.0124965226278,
        "dmean2": 0.0133220218122,
        "dvar": 0.000244907831075,
        "dvar2": 0.000247131305514,
        "max": 0.365234375,
        "mean": 0.0631162971258,
        "median": 0.0517578125,
        "min": 0.0185546875,
        "var": 0.00148067297414
    },
    "barkbands": {
        "dmean": [1.07395908344e-05, 0.000651075039059, 0.000635974574834, 0.000599626160692, 0.0012675881153, 0.000638921745121, 0.000986497150734, 0.00139985175338, 0.0012996221194, 0.000759819580708, 0.000556258135475, 0.000737064925488, 0.000691845780239, 0.000476161018014, 0.000258766813204, 6.28986890661e-05, 4.7991219617e-05, 6.01819483563e-05, 4.99709058204e-05, 3.64431980415e-05, 6.7421773565e-05, 9.25570857362e-05, 8.17353575258e-05, 5.05165735376e-05, 5.32513404323e-05, 7.62295530876e-05, 7.15161650078e-06],
        "dmean2": [1.71640822373e-05, 0.00105828419328, 0.00105770339724, 0.00101816467941, 0.00203194329515, 0.00102186680306, 0.00147995178122, 0.00208219280466, 0.00195520394482, 0.00105480954517, 0.000767103338148, 0.00106573000085, 0.00106219516601, 0.000750829291064, 0.000436140631791, 8.86322886799e-05, 7.56142253522e-05, 9.46436775848e-05, 7.50730832806e-05, 5.50451477466e-05, 9.48524902924e-05, 0.000129664986162, 0.000117389099614, 6.96343122399e-05, 7.1676207881e-05, 9.75032380666e-05, 1.08344929686e-05],
        "dvar": [4.48219017457e-10, 1.18008324534e-06, 1.56805799634e-06, 1.42959527238e-06, 5.76251341045e-06, 2.31530680139e-06, 6.48664081382e-06, 1.30816915771e-05, 1.57940976351e-05, 1.80343727152e-06, 8.43516431814e-07, 1.89549496099e-06, 2.25267194764e-06, 7.04252329342e-07, 4.35273790345e-07, 7.51185993408e-08, 1.08177955482e-08, 2.80212155701e-08, 1.75924625978e-08, 1.16645342274e-08, 2.80024767818e-08, 5.53902381739e-08, 5.31683070903e-08, 1.75098975319e-08, 5.75912331158e-08, 3.33781642325e-08, 6.36161345824e-10],
        "dvar2": [1.02011921133e-09, 2.98378085972e-06, 4.79852997159e-06, 4.07777588407e-06, 1.4768012079e-05, 5.7677402765e-06, 1.43430761455e-05, 2.71615390375e-05, 4.01140132453e-05, 3.66725976164e-06, 1.59582918968e-06, 3.88393709727e-06, 4.67584186481e-06, 1.58738453138e-06, 1.22392998492e-06, 1.13130859347e-07, 2.75555134266e-08, 6.77736764487e-08, 4.17472456604e-08, 2.8118341433e-08, 5.08758475348e-08, 1.06147240331e-07, 1.03703001741e-07, 3.31369101048e-08, 1.06482318074e-07, 5.40263513926e-08, 1.53666945835e-09],
        "max": [0.000434391200542, 0.0194957014173, 0.0184392426163, 0.0127994790673, 0.0320669449866, 0.0193307027221, 0.0465894863009, 0.0709907561541, 0.0877766087651, 0.0221338476986, 0.0154221700504, 0.0261438712478, 0.0247729141265, 0.015677658841, 0.015696965158, 0.0108615607023, 0.0014036729699, 0.00260470993817, 0.00207050866447, 0.00186619209126, 0.00274905003607, 0.00343093089759, 0.00434255367145, 0.00334653584287, 0.00820555724204, 0.00285145943053, 0.000522260146681],
        "mean": [2.77489270957e-05, 0.00208029919304, 0.00157704472076, 0.00100816250779, 0.00271994597279, 0.0013844264904, 0.002086968394, 0.00267696985975, 0.00262035103515, 0.00199780403636, 0.00104439118877, 0.00127830612473, 0.00119775987696, 0.000706478022039, 0.000396718416596, 0.000106355233584, 8.68031274877e-05, 0.000104044469481, 7.92231148807e-05, 5.65473528695e-05, 0.000112028879812, 0.000161061077961, 0.000143491488416, 0.000100767276308, 9.45944120758e-05, 0.000120486678497, 8.74079159985e-06],
        "median": [8.76425565366e-06, 0.00189888849854, 0.00121618795674, 0.000706811086275, 0.0014006246347, 0.00061623530928, 0.000592378084548, 0.000852261669934, 0.000824642309453, 0.000652150425594, 0.000524685077835, 0.000634363444988, 0.000417706381995, 0.000436652975623, 0.000253183883615, 3.0843384593e-05, 2.55222275882e-05, 2.03230029001e-05, 1.73916341737e-05, 5.62262857784e-06, 1.55402158271e-05, 2.95359659503e-05, 3.82049038308e-05, 2.76953378489e-05, 2.66791103058e-05, 1.88749709196e-05, 2.91443910783e-07],
        "min": [1.24349263525e-11, 4.16635545508e-11, 5.68526115075e-10, 4.66500560403e-10, 7.48636375114e-10, 5.94822857636e-10, 4.39012881603e-10, 9.89382326066e-11, 1.27074767375e-10, 1.89231894043e-11, 5.13687259396e-10, 2.36444391843e-10, 7.05719815919e-10, 6.21844187254e-10, 1.38536807026e-10, 6.47289296815e-12, 3.44000557206e-11, 2.60489416495e-12, 2.14772665798e-12, 2.77299776023e-12, 3.70803604835e-12, 4.8080688736e-12, 9.18651526377e-12, 6.3618476806e-12, 1.63348848337e-11, 2.63096575776e-11, 1.45912570221e-11],
        "var": [2.43541209421e-09, 3.33292609866e-06, 2.29029546972e-06, 1.5812829588e-06, 1.2349141798e-05, 5.43595888303e-06, 1.49425441123e-05, 3.01572017634e-05, 2.57141200564e-05, 1.04522760012e-05, 2.18406557906e-06, 4.80755898025e-06, 6.0051379478e-06, 1.01629518667e-06, 3.90087393498e-07, 1.81490506179e-07, 2.22647980053e-08, 5.10149753552e-08, 3.20943307486e-08, 1.85741431125e-08, 5.88986175387e-08, 1.14355735548e-07, 1.1227588459e-07, 3.83188023534e-08, 1.1802214317e-07, 7.00294435774e-08, 7.62618412864e-10]
    },
    "erbbands": {
        "dmean": [0.012826167047, 0.172286510468, 0.650435388088, 1.33163022995, 3.89362764359, 3.62133598328, 5.205930233, 5.56968355179, 12.3623399734, 15.9373579025, 35.8562545776, 28.2326087952, 26.0693454742, 22.4228973389, 19.5790023804, 29.086233139, 29.0142040253, 29.2369022369, 18.5096092224, 6.13147926331, 2.69108438492, 2.68674015999, 3.40776395798, 2.03178882599, 2.73532390594, 1.33789336681, 2.10361909866, 3.09133458138, 3.28053426743, 3.1312277317, 2.25356149673, 1.3790204525, 0.723163545132, 0.610380589962, 0.366949439049, 0.265378713608, 0.151823788881, 0.033297855407, 0.000674346869346, 2.25406038226e-05],
        "dmean2": [0.0203300975263, 0.280602872372, 1.08166027069, 2.30856990814, 6.45559167862, 5.6866941452, 8.67914676666, 8.77346229553, 19.2459945679, 24.0351905823, 52.6084060669, 42.3312606812, 35.1680717468, 31.1563014984, 27.3220653534, 42.2683525085, 45.3492507935, 45.5858345032, 31.1332836151, 9.58599662781, 4.12734937668, 4.1655664444, 5.50334835052, 3.02294778824, 4.05785226822, 1.97887563705, 3.01905083656, 4.23795318604, 4.53215456009, 4.56624031067, 3.30366015434, 1.92416775227, 1.00976026058, 0.827440261841, 0.493160694838, 0.351636379957, 0.197322383523, 0.0447055473924, 0.000904908229131, 2.93481516564e-05],
        "dvar": [0.000639993057121, 0.0859013870358, 1.53895902634, 6.33551931381, 89.0568618774, 54.708404541, 87.7384109497, 224.608825684, 1127.33764648, 1787.63647461, 9316.50195312, 8861.83984375, 1598.79040527, 1483.57165527, 601.702087402, 3121.97192383, 4452.88525391, 2237.265625, 2674.51611328, 336.922393799, 32.0561294556, 37.5643730164, 95.4900741577, 34.0887527466, 58.8581123352, 14.0623703003, 33.8304634094, 54.2818107605, 67.0088500977, 74.4468383789, 46.790512085, 15.2099294662, 3.66905140877, 10.6511354446, 1.45074617863, 0.398294776678, 0.143471077085, 0.00950443744659, 3.94219114241e-06, 2.52579646087e-09],
        "dvar2": [0.0014700263273, 0.222900137305, 4.72441530228, 18.2274093628, 235.375869751, 129.911224365, 224.896224976, 564.317749023, 2688.57446289, 3522.09790039, 19349.6582031, 22886.4726562, 3038.29223633, 3210.57470703, 1072.14916992, 6777.703125, 9992.85546875, 4903.33398438, 7185.26123047, 656.326538086, 65.1522979736, 95.6826477051, 236.192337036, 68.2802352905, 142.204849243, 32.4052429199, 72.0009841919, 94.13230896, 128.144470215, 149.2421875, 94.4120864868, 27.7390823364, 7.62189912796, 18.6198616028, 2.65623617172, 0.671000063419, 0.231619700789, 0.0173633415252, 7.39630286262e-06, 4.32014957141e-09],
        "max": [0.33593544364, 5.35564613342, 15.752620697, 34.0217857361, 152.864944458, 162.110229492, 133.98260498, 200.721694946, 501.908782959, 994.43963623, 1904.60229492, 2000.43652344, 601.761535645, 859.960327148, 358.731872559, 988.28692627, 1204.50109863, 615.199157715, 1421.36767578, 583.504089355, 146.050598145, 83.8202972412, 157.774688721, 112.745727539, 135.295700073, 84.6100311279, 133.504638672, 106.677680969, 115.911262512, 138.179748535, 137.347503662, 108.266708374, 52.5759544373, 115.199981689, 36.3316497803, 12.5597257614, 5.93357944489, 1.72370028496, 0.035151373595, 0.00083726644516],
        "mean": [0.0372448675334, 0.544463038445, 1.84271001816, 2.71965098381, 6.92670345306, 8.12991714478, 9.84438514709, 11.988653183, 24.6396694183, 36.3130302429, 71.7386398315, 57.4642105103, 70.7778625488, 55.2221984863, 40.8904151917, 51.2296676636, 52.195728302, 49.2378692627, 28.4495487213, 10.3578414917, 5.28006649017, 5.12885808945, 6.19861650467, 3.67228293419, 4.58253717422, 2.37475013733, 3.18124938011, 5.1750087738, 5.68424272537, 5.29332208633, 3.90207004547, 2.69214558601, 1.3830627203, 1.07597112656, 0.641892135143, 0.434348165989, 0.233114793897, 0.0491300933063, 0.00100380508229, 5.72181379539e-05],
        "median": [0.0225902181119, 0.471066087484, 1.31387710571, 2.1696972847, 3.3112385273, 3.75752902031, 4.53534698486, 4.92122793198, 8.28690433502, 14.753698349, 23.6370830536, 23.5241851807, 37.0325279236, 28.9398612976, 29.1526947021, 24.9805469513, 20.4688148499, 28.1139793396, 21.1969547272, 5.10844326019, 1.89941191673, 1.56523549557, 1.21418917179, 0.887109875679, 0.756058573723, 0.254157632589, 0.463999688625, 0.695672631264, 0.990498661995, 1.29946637154, 1.01323008537, 0.739249408245, 0.399019300938, 0.260709136724, 0.194560781121, 0.0901663005352, 0.0302632562816, 0.0033625792712, 8.33137164591e-05, 3.22104315273e-05],
        "min": [1.05803743544e-09, 1.62691247141e-08, 4.17570760192e-07, 1.45442413668e-06, 2.13658654502e-06, 1.2033249277e-06, 3.68036444343e-06, 4.101347713e-06, 2.28263274948e-06, 7.99539429863e-06, 3.0450844406e-06, 2.99304701912e-06, 1.47971832121e-06, 2.10010093724e-05, 1.10010587377e-05, 9.06835066417e-06, 2.1376159566e-05, 3.64871375496e-05, 2.08079891308e-05, 3.51114545083e-06, 6.09386859196e-07, 2.00168756237e-06, 4.99580323776e-07, 1.11870420483e-07, 9.70356524022e-08, 1.38020723739e-07, 1.33870159402e-07, 1.83913925866e-07, 1.94754065319e-07, 2.0435815884e-07, 2.60395665919e-07, 1.29134264171e-07, 1.12932269758e-07, 1.79923617338e-07, 1.06428160507e-07, 9.60406723038e-08, 5.9472316849e-08, 8.04318656122e-09, 2.06037698014e-09, 1.97221600162e-10],
        "var": [0.00224715913646, 0.225947916508, 2.96296882629, 7.42901086807, 114.397354126, 155.122634888, 193.591964722, 476.453735352, 2282.21801758, 4300.88818359, 22531.140625, 14327.3349609, 7778.88085938, 9470.70214844, 1831.13146973, 7979.55224609, 10210.8720703, 4639.93164062, 2164.15087891, 650.826721191, 101.8829422, 75.7803344727, 171.962585449, 68.2373504639, 115.201629639, 28.1394824982, 57.3461685181, 119.880622864, 142.531234741, 133.652877808, 94.5959014893, 33.7061729431, 7.59402275085, 22.4996261597, 3.03199744225, 0.867456018925, 0.292114466429, 0.0171596650034, 6.99443353369e-06, 5.65914159978e-09]
    },
    "gfcc": {
        "mean": [-15.3889226913, 99.1654968262, -97.437286377, -8.91709423065, -61.2941932678, 37.3980484009, -38.2026672363, 2.55897307396, -24.2701663971, 5.61873865128, -22.5681362152, 2.6195795536, -20.2082290649],
        "cov": [[9055.25976562, -1888.43676758, -250.614700317, 584.908447266, -882.545288086, -621.627197266, 219.495956421, 363.245422363, -18.3647422791, 115.865661621, -70.4400177002, 135.510116577, -363.831420898], [-1888.43676758, 1976.16833496, -81.4237442017, -504.96875, 484.942565918, 252.708709717, -26.6328239441, -99.7411270142, 164.741409302, -211.769226074, 105.95426178, -183.079101562, 136.630828857], [-250.614700317, -81.4237442017, 480.820831299, -35.2935180664, 116.328392029, 142.216247559, 35.8871421814, 24.5308170319, -11.9437360764, 75.1490631104, -51.7803077698, 34.8681526184, 11.1026964188], [584.908447266, -504.96875, -35.2935180664, 492.942443848, -160.158279419, -114.547851562, 6.16246175766, 18.2143802643, -23.1098079681, 40.6318435669, -28.283208847, 13.210981369, -7.46176576614], [-882.545288086, 484.942565918, 116.328392029, -160.158279419, 471.231903076, 198.665100098, -29.1504364014, -91.3316955566, 8.93506622314, -14.2558851242, 28.9800128937, -12.5162639618, 71.7465515137], [-621.627197266, 252.708709717, 142.216247559, -114.547851562, 198.665100098, 386.075195312, 58.4694862366, -48.5125274658, -16.3183708191, -12.5593795776, 15.8303499222, -32.65467453, 73.2432632446], [219.495956421, -26.6328239441, 35.8871421814, 6.16246175766, -29.1504364014, 58.4694862366, 247.621490479, 62.2175178528, -25.6696834564, -15.8790979385, -29.8525390625, -16.0055351257, -1.83486604691], [363.245422363, -99.7411270142, 24.5308170319, 18.2143802643, -91.3316955566, -48.5125274658, 62.2175178528, 158.001251221, 29.5904216766, -6.77267169952, -6.67659091949, -1.39048337936, -37.3336372375], [-18.3647422791, 164.741409302, -11.9437360764, -23.1098079681, 8.93506622314, -16.3183708191, -25.6696834564, 29.5904216766, 125.356086731, -0.858981788158, 13.8628568649, -7.12882518768, -19.9008350372], [115.865661621, -211.769226074, 75.1490631104, 40.6318435669, -14.2558851242, -12.5593795776, -15.8790979385, -6.77267169952, -0.858981788158, 116.312210083, 11.8999652863, 30.3689689636, -10.0275831223], [-70.4400177002, 105.95426178, -51.7803077698, -28.283208847, 28.9800128937, 15.8303499222, -29.8525390625, -6.67659091949, 13.8628568649, 11.8999652863, 81.9195632935, 12.6447267532, -1.19970071316], [135.510116577, -183.079101562, 34.8681526184, 13.210981369, -12.5162639618, -32.65467453, -16.0055351257, -1.39048337936, -7.12882518768, 30.3689689636, 12.6447267532, 91.3566894531, -5.72525501251], [-363.831420898, 136.630828857, 11.1026964188, -7.46176576614, 71.7465515137, 73.2432632446, -1.83486604691, -37.3336372375, -19.9008350372, -10.0275831223, -1.19970071316, -5.72525501251, 111.016075134]],
        "icov": [[0.000168037891854, 0.000107219580968, 6.21795697953e-05, -3.94212001993e-05, 7.33989654691e-05, 8.20552668301e-05, -0.000134132307721, -0.000133671754156, -6.37832999928e-05, 2.75860384136e-05, -5.51017874386e-05, -2.94114252029e-05, 0.000250085897278], [0.000107219580968, 0.00241943937726, -0.000666984939016, 0.00138260761742, -0.00104066182394, 0.000886862457264, -0.000705554441083, 0.00126855436247, -0.00291389878839, 0.0033581268508, -0.00355470879003, 0.00383575633168, -0.0020238943398], [6.21795697953e-05, -0.000666984939016, 0.00403570290655, -0.000283533561742, -0.000604849657975, -0.0018075928092, 0.000461071496829, -0.00214494368993, 0.00111043697689, -0.00373999867588, 0.00474023353308, -0.00285770045593, 0.00123684189748], [-3.94212001993e-05, 0.00138260761742, -0.000283533561742, 0.00331953517161, -4.04884158343e-05, 0.000903144362383, -0.000401662138756, 0.000852314638905, -0.0014124258887, 0.00102278066333, -0.00139116868377, 0.00233903294429, -0.00192425388377], [7.33989654691e-05, -0.00104066182394, -0.000604849657975, -4.04884158343e-05, 0.0040783053264, -0.00115491112228, 0.00036558395368, 0.000988991232589, 0.000600402825512, -0.000712287204806, 0.000237731379457, -0.00148104934487, 1.3466908058e-05], [8.20552668301e-05, 0.000886862457264, -0.0018075928092, 0.000903144362383, -0.00115491112228, 0.00505388528109, -0.00170216080733, 0.00164800195489, -0.000959681987297, 0.00196236744523, -0.00361555302516, 0.00320578995161, -0.00251147453673], [-0.000134132307721, -0.000705554441083, 0.000461071496829, -0.000401662138756, 0.00036558395368, -0.00170216080733, 0.00566403241828, -0.00287994532846, 0.00220548105426, -0.000840105407406, 0.0028681952972, -0.000846067268867, 0.000674341456033], [-0.000133671754156, 0.00126855436247, -0.00214494368993, 0.000852314638905, 0.000988991232589, 0.00164800195489, -0.00287994532846, 0.0106117976829, -0.00410038279369, 0.00367518258281, -0.00394688267261, 0.00280734570697, -0.000233861428569], [-6.37832999928e-05, -0.00291389878839, 0.00111043697689, -0.0014124258887, 0.000600402825512, -0.000959681987297, 0.00220548105426, -0.00410038279369, 0.0128824105486, -0.00440293410793, 0.00345297344029, -0.0036700097844, 0.00383352325298], [2.75860384136e-05, 0.0033581268508, -0.00373999867588, 0.00102278066333, -0.000712287204806, 0.00196236744523, -0.000840105407406, 0.00367518258281, -0.00440293410793, 0.0166672542691, -0.00873994547874, 0.00365596916527, -0.00240176473744], [-5.51017874386e-05, -0.00355470879003, 0.00474023353308, -0.00139116868377, 0.000237731379457, -0.00361555302516, 0.0028681952972, -0.00394688267261, 0.00345297344029, -0.00873994547874, 0.022775311023, -0.009182844311, 0.00418066279963], [-2.94114252029e-05, 0.00383575633168, -0.00285770045593, 0.00233903294429, -0.00148104934487, 0.00320578995161, -0.000846067268867, 0.00280734570697, -0.0036700097844, 0.00365596916527, -0.009182844311, 0.0197846125811, -0.00400850642473], [0.000250085897278, -0.0020238943398, 0.00123684189748, -0.00192425388377, 1.3466908058e-05, -0.00251147453673, 0.000674341456033, -0.000233861428569, 0.00383352325298, -0.00240176473744, 0.00418066279963, -0.00400850642473, 0.0139546087012]]
    },
    "melbands": {
        "dmean": [0.00014792298316, 0.000291827920591, 0.00029205539613, 0.000277150364127, 0.000176451445441, 0.0001296261471, 0.000193633561139, 0.000196289649466, 0.000294213183224, 0.000174761633389, 0.000132367189508, 9.08600559342e-05, 7.44170538383e-05, 8.47844421514e-05, 5.05247007823e-05, 8.88835784281e-05, 4.84901720483e-05, 3.14848548442e-05, 1.25923561427e-05, 5.79868265049e-06, 2.9475431802e-06, 2.71121939477e-06, 3.72075828636e-06, 2.73502837445e-06, 1.62248522884e-06, 1.98910038307e-06, 2.03780518859e-06, 6.73380043281e-07, 1.21775860862e-06, 1.75318518814e-06, 1.94725612346e-06, 1.91186427401e-06, 1.92940638044e-06, 1.77683818947e-06, 1.45078524838e-06, 1.0254634617e-06, 8.10314872979e-07, 5.10678887622e-07, 5.50723939341e-07, 5.30268550847e-07],
        "dmean2": [0.000236648033024, 0.000483792857267, 0.000496137596201, 0.000445622979896, 0.000289583083941, 0.000204130075872, 0.000298741768347, 0.000298070750432, 0.000435733963968, 0.00025940060732, 0.000179005539394, 0.000127860257635, 0.000101762925624, 0.00012219180644, 7.49591199565e-05, 0.000137254566653, 7.66638404457e-05, 5.29429125891e-05, 2.07249158848e-05, 8.39382846607e-06, 4.5877991397e-06, 4.17789124185e-06, 6.04159822615e-06, 4.19951402364e-06, 2.48567812378e-06, 2.98046370517e-06, 3.18800471177e-06, 1.03853665223e-06, 1.8594720359e-06, 2.49733034252e-06, 2.73744012702e-06, 2.73953037322e-06, 2.80037079392e-06, 2.62461935563e-06, 2.17826209337e-06, 1.50234336616e-06, 1.14060162559e-06, 7.29324199256e-07, 8.18990827156e-07, 7.11376969775e-07],
        "dvar": [6.60389147811e-08, 2.65938581379e-07, 3.46293177245e-07, 3.16971380698e-07, 1.06991230098e-07, 1.20431195683e-07, 2.54327147786e-07, 2.18076351644e-07, 6.43178168502e-07, 2.85127413235e-07, 4.30752464808e-08, 2.59281698334e-08, 1.0346106194e-08, 1.79229768804e-08, 2.29320509249e-08, 3.69307109338e-08, 8.08105227179e-09, 9.14500475346e-09, 5.37715150184e-10, 6.24800433613e-10, 3.13915247963e-11, 3.45514970801e-11, 1.16117095106e-10, 5.49153465756e-11, 2.56231112716e-11, 2.98003809129e-11, 4.46780702712e-11, 3.15530154088e-12, 1.32208454254e-11, 1.75368487093e-11, 2.28212067299e-11, 2.45016663208e-11, 2.2614073808e-11, 2.48043374035e-11, 2.05729634717e-11, 8.11686568652e-12, 5.13228739021e-12, 1.23745393273e-12, 7.29993929888e-12, 8.33869084893e-12],
        "dvar2": [1.61776000596e-07, 7.7055329939e-07, 9.63133402365e-07, 8.19527997464e-07, 2.80599579128e-07, 3.00140925447e-07, 5.99171869453e-07, 4.56181055597e-07, 1.37010999879e-06, 7.24972608168e-07, 8.10289222386e-08, 5.7063115122e-08, 1.87864532819e-08, 3.71434438762e-08, 5.00072019349e-08, 7.76164696958e-08, 1.90826305868e-08, 2.40009523367e-08, 1.26626165109e-09, 8.95216567542e-10, 7.4663678018e-11, 8.42404201951e-11, 3.17899317981e-10, 1.23676471842e-10, 5.26441217008e-11, 7.20996942705e-11, 1.05641294323e-10, 7.77678442476e-12, 2.94351175378e-11, 3.59703412889e-11, 4.18844021965e-11, 4.88409451771e-11, 4.55861667858e-11, 5.15594754391e-11, 4.32402620654e-11, 1.43561924501e-11, 9.81396301031e-12, 2.42675671225e-12, 1.80661232502e-11, 1.26158909708e-11],
        "max": [0.00413951696828, 0.00722688436508, 0.00747026503086, 0.0077996160835, 0.0049618431367, 0.00462700612843, 0.00890800915658, 0.00927216187119, 0.0135842934251, 0.0107271485031, 0.00296454993077, 0.00332303554751, 0.0012104450725, 0.00279980315827, 0.00355975306593, 0.00327192968689, 0.00141627539415, 0.0026910463348, 0.000345841777744, 0.00096128025325, 6.94972477504e-05, 6.56146366964e-05, 0.000165202131029, 0.000114731614303, 0.0001037631082, 7.43489363231e-05, 0.000132414555992, 3.41111372109e-05, 8.86237830855e-05, 5.78607978241e-05, 6.78652359056e-05, 7.19951131032e-05, 7.23755802028e-05, 8.20511995698e-05, 9.31470422074e-05, 6.43546882202e-05, 6.07884212513e-05, 2.09773770621e-05, 8.3792147052e-05, 0.00010371186363],
        "mean": [0.000453842862044, 0.000913871976081, 0.000589568400756, 0.000571233162191, 0.000342413812177, 0.000271197059192, 0.000397150870413, 0.000414655485656, 0.000581353437155, 0.000355106865754, 0.000350670394255, 0.000221676382353, 0.000145631929627, 0.000146616803249, 8.50528813316e-05, 0.000154669935, 7.56323133828e-05, 4.55593981314e-05, 2.10859489016e-05, 9.18230398383e-06, 5.31276691618e-06, 4.77661978948e-06, 6.4444416239e-06, 4.63062315248e-06, 2.69189217761e-06, 3.08977791974e-06, 3.33268917529e-06, 1.05134620298e-06, 1.63795345998e-06, 2.7167504868e-06, 3.05518256027e-06, 3.12490374199e-06, 3.25655742017e-06, 2.83696840597e-06, 2.33059495258e-06, 1.92342167793e-06, 1.51211838784e-06, 9.56976009547e-07, 9.00045847629e-07, 9.05344563762e-07],
        "median": [0.000384899874916, 0.00077946507372, 0.000447207072284, 0.000275989354122, 0.000170032464666, 0.000107474537799, 0.000133056164486, 0.000175013890839, 0.000178415095434, 0.00013918786135, 0.000176289322553, 9.83895879472e-05, 8.55905309436e-05, 7.72586063249e-05, 3.61900674761e-05, 5.88632974541e-05, 3.97276962758e-05, 3.38351565006e-05, 1.25278993437e-05, 2.58101931649e-06, 1.96272753783e-06, 1.47499883951e-06, 1.25828285036e-06, 8.67016865413e-07, 6.45542456823e-07, 6.41952624392e-07, 3.29172223701e-07, 9.67204911717e-08, 2.05490351846e-07, 3.83614946031e-07, 3.62884378546e-07, 4.74676369322e-07, 6.88909153723e-07, 7.09829521384e-07, 5.90567537984e-07, 4.82157531678e-07, 4.0723375605e-07, 2.72987819017e-07, 2.36893939132e-07, 2.07943386954e-07],
        "min": [1.07966387566e-11, 1.38142927653e-10, 2.2638238506e-10, 2.50956283532e-10, 1.03383517025e-10, 9.49310838272e-11, 5.01911186224e-11, 5.24380955325e-11, 2.13733631488e-11, 1.72886722299e-11, 4.97501085467e-12, 7.0023209453e-11, 4.8214234688e-11, 3.09817206612e-11, 2.2577757372e-11, 1.16955986562e-10, 5.20798612569e-11, 4.06034789124e-11, 7.98877717451e-12, 4.77909975049e-13, 6.22581955607e-13, 1.89356646682e-12, 1.38267500747e-12, 1.16398210515e-13, 7.95684658027e-14, 7.81555064265e-14, 4.84122324748e-14, 1.11151430941e-13, 8.26507577114e-14, 8.69799837624e-14, 1.14840279755e-13, 1.120573835e-13, 8.29389318726e-14, 1.34118153324e-13, 1.73842914348e-13, 9.74098189263e-14, 6.97575338964e-14, 6.38907058769e-14, 1.14665181104e-13, 1.71641536704e-13],
        "var": [1.93126084014e-07, 5.88100249388e-07, 4.12673813344e-07, 6.5049175646e-07, 2.3462058607e-07, 2.50559565984e-07, 5.44529768831e-07, 4.73313320981e-07, 1.53146834236e-06, 4.82514792566e-07, 2.04585006713e-07, 1.7966111443e-07, 2.97664737303e-08, 4.23761434831e-08, 5.55471082464e-08, 9.44533411484e-08, 1.27900365854e-08, 7.29739246808e-09, 1.02070862873e-09, 1.57573487591e-09, 7.46779860172e-11, 6.94043295058e-11, 1.76708606081e-10, 1.10046784185e-10, 4.51021685277e-11, 5.02862265717e-11, 8.03673377847e-11, 5.62723218717e-12, 1.93509600704e-11, 3.34627395238e-11, 4.56328655418e-11, 4.79546957699e-11, 4.46269930732e-11, 4.16785460311e-11, 3.69836210268e-11, 2.09202377643e-11, 1.02553278369e-11, 2.73708811692e-12, 1.04095516928e-11, 1.93569379275e-11]
    },
    "mfcc": {
        "mean": [-671.761352539, 147.772109985, 16.6629238129, -22.9386291504, -0.787664234638, 19.3471717834, -1.41652297974, 6.32162332535, -4.60376501083, 1.691370368, 7.65359735489, -5.16312885284, -7.58234167099],
        "cov": [[8525.62890625, -1840.67028809, -76.5186538696, 659.189758301, -788.28326416, -627.210754395, -383.146362305, 134.065979004, -87.2676773071, 25.8700332642, 98.5511169434, 220.15914917, -22.7095718384], [-1840.67028809, 2181.39794922, -177.443283081, -580.036254883, 399.074432373, 207.676086426, 102.304954529, 110.259750366, 6.05792140961, 49.176651001, 59.498336792, -111.91809845, 32.8324966431], [-76.5186538696, -177.443283081, 358.599487305, 14.1053552628, -23.0742378235, 51.6591644287, 51.1543579102, 19.9654636383, 77.0008239746, 22.8686084747, 31.4256420135, -1.16672229767, -19.3569736481], [659.189758301, -580.036254883, 14.1053552628, 448.756958008, -114.672927856, -117.515914917, -76.8280639648, -47.120223999, 22.7663078308, -1.53727281094, -41.2628555298, 47.9399719238, 2.96488285065], [-788.28326416, 399.074432373, -23.0742378235, -114.672927856, 396.321075439, 160.287338257, 17.614233017, -41.7817230225, -14.3321342468, -18.1342201233, 0.068569406867, -27.7528152466, 26.9886779785], [-627.210754395, 207.676086426, 51.6591644287, -117.515914917, 160.287338257, 328.38269043, 148.921920776, -23.1008815765, 26.5235671997, -16.5238437653, -22.133769989, -24.4637031555, -8.29866218567], [-383.146362305, 102.304954529, 51.1543579102, -76.8280639648, 17.614233017, 148.921920776, 271.92565918, 43.2122421265, 44.9792747498, 13.0987987518, -12.7997331619, -32.7829170227, -33.7706832886], [134.065979004, 110.259750366, 19.9654636383, -47.120223999, -41.7817230225, -23.1008815765, 43.2122421265, 178.715270996, 20.6549186707, 35.609703064, 40.3751525879, -12.026720047, -24.5136909485], [-87.2676773071, 6.05792140961, 77.0008239746, 22.7663078308, -14.3321342468, 26.5235671997, 44.9792747498, 20.6549186707, 120.874298096, 26.4356098175, -2.97180747986, -9.6264257431, -15.5789203644], [25.8700332642, 49.176651001, 22.8686084747, -1.53727281094, -18.1342201233, -16.5238437653, 13.0987987518, 35.609703064, 26.4356098175, 94.2546081543, 26.5668506622, -4.79912900925, -7.21319437027], [98.5511169434, 59.498336792, 31.4256420135, -41.2628555298, 0.068569406867, -22.133769989, -12.7997331619, 40.3751525879, -2.97180747986, 26.5668506622, 96.2203674316, 22.8839569092, -0.0588836185634], [220.15914917, -111.91809845, -1.16672229767, 47.9399719238, -27.7528152466, -24.4637031555, -32.7829170227, -12.026720047, -9.6264257431, -4.79912900925, 22.8839569092, 95.4260864258, 22.8512401581], [-22.7095718384, 32.8324966431, -19.3569736481, 2.96488285065, 26.9886779785, -8.29866218567, -33.7706832886, -24.5136909485, -15.5789203644, -7.21319437027, -0.0588836185634, 22.8512401581, 78.6034164429]],
