{
"lowlevel": {
    "average_loudness": 0.869191050529,
    "barkbands_crest": {
        "dmean": 1.78595578671,
        "dmean2": 2.90280508995,
        "dvar": 3.18945455551,
        "dvar2": 8.26091480255,
        "max": 20.875038147,
        "mean": 7.99844360352,
        "median": 7.21454381943,
        "min": 2.96850442886,
        "var": 10.4686422348
    },
    "barkbands_flatness_db": {
        "dmean": 0.0219138283283,
        "dmean2": 0.0305680092424,
        "dvar": 0.000441632873844,
        "dvar2": 0.000799019006081,
        "max": 0.353245049715,
        "mean": 0.161338225007,
        "median": 0.165356814861,
        "min": 0.0303686056286,
        "var": 0.00250537577085
    },
    "barkbands_kurtosis": {
        "dmean": 1.83223724365,
        "dmean2": 2.86183452606,
        "dvar": 10.4543848038,
        "dvar2": 26.1433773041,
        "max": 70.0814819336,
        "mean": 2.49741601944,
        "median": 0.358456373215,
        "min": -1.79169869423,
        "var": 30.6463317871
    },
    "barkbands_skewness": {
        "dmean": 0.402945935726,
        "dmean2": 0.602988839149,
        "dvar": 0.17355966568,
        "dvar2": 0.38552749157,
        "max": 7.25450277328,
        "mean": 1.25329458714,
        "median": 1.04638576508,
        "min": -1.71222710609,
        "var": 1.05638659
    },
    "barkbands_spread": {
        "dmean": 4.64653968811,
        "dmean2": 6.55668497086,
        "dvar": 45.1614456177,
        "dvar2": 65.8574676514,
        "max": 94.0797042847,
        "mean": 20.1688213348,
        "median": 18.2058143616,
        "min": 2.00181031227,
        "var": 178.539138794
    },
    "dissonance": {
        "dmean": 0.0200210884213,
        "dmean2": 0.0326159149408,
        "dvar": 0.000301797583234,
        "dvar2": 0.000789548212197,
        "max": 0.498891949654,
        "mean": 0.452056139708,
        "median": 0.456945121288,
        "min": 0.289250969887,
        "var": 0.000792262726463
    },
    "dynamic_complexity": 3.56458210945,
    "erbbands_crest": {
        "dmean": 2.18905854225,
        "dmean2": 3.41945362091,
        "dvar": 3.8421652317,
        "dvar2": 9.34055519104,
        "max": 22.4775238037,
        "mean": 8.75422000885,
        "median": 8.08069324493,
        "min": 2.88247203827,
        "var": 11.3109722137
    },
    "erbbands_flatness_db": {
        "dmean": 0.0201001167297,
        "dmean2": 0.0264758430421,
        "dvar": 0.000398719479563,
        "dvar2": 0.000700414297171,
        "max": 0.343284636736,
        "mean": 0.200864076614,
        "median": 0.202441185713,
        "min": 0.0667267143726,
        "var": 0.00304676732048
    },
    "erbbands_kurtosis": {
        "dmean": 0.545405328274,
        "dmean2": 0.836057960987,
        "dvar": 0.397925257683,
        "dvar2": 0.908211827278,
        "max": 9.57793807983,
        "mean": -0.261280626059,
        "median": -0.473944664001,
        "min": -1.76179563999,
        "var": 0.910145998001
    },
    "erbbands_skewness": {
        "dmean": 0.306010216475,
        "dmean2": 0.453900098801,
        "dvar": 0.075572989881,
        "dvar2": 0.155485391617,
        "max": 2.2329916954,
        "mean": 0.0407988913357,
        "median": -0.0187191460282,
        "min": -1.67394244671,
        "var": 0.372416853905
    },
    "erbbands_spread": {
        "dmean": 5.72010183334,
        "dmean2": 8.48630046844,
        "dvar": 42.1187362671,
        "dvar2": 88.8962249756,
        "max": 115.248100281,
        "mean": 32.4444885254,
        "median": 29.4178676605,
        "min": 10.460316658,
        "var": 189.131439209
    },
    "hfc": {
        "dmean": 6.75013303757,
        "dmean2": 9.36764907837,
        "dvar": 278.469848633,
        "dvar2": 542.518493652,
        "max": 292.001312256,
        "mean": 20.6329460144,
        "median": 14.7102327347,
        "min": 1.1966795452e-16,
        "var": 794.300170898
    },
    "melbands_crest": {
        "dmean": 2.32841229439,
        "dmean2": 3.79310441017,
        "dvar": 4.85361909866,
        "dvar2": 11.9697751999,
        "max": 29.9567680359,
        "mean": 12.880771637,
        "median": 12.1972541809,
        "min": 2.97781157494,
        "var": 26.6576557159
    },
    "melbands_flatness_db": {
        "dmean": 0.0258201472461,
        "dmean2": 0.0357968583703,
        "dvar": 0.000691500317771,
        "dvar2": 0.00119644543156,
        "max": 0.450504601002,
        "mean": 0.225147426128,
        "median": 0.227367118001,
        "min": 0.00767340231687,
        "var": 0.00395463034511
    },
    "melbands_kurtosis": {
        "dmean": 3.57551264763,
        "dmean2": 5.59213542938,
        "dvar": 38.2858276367,
        "dvar2": 97.7518997192,
        "max": 132.77166748,
        "mean": 7.72218036652,
        "median": 4.13664484024,
        "min": -1.44280362129,
        "var": 119.642883301
    },
    "melbands_skewness": {
        "dmean": 0.46488699317,
        "dmean2": 0.697659790516,
        "dvar": 0.243809580803,
        "dvar2": 0.605434477329,
        "max": 8.74834918976,
        "mean": 2.11272525787,
        "median": 1.9024566412,
        "min": -0.280081629753,
        "var": 1.57230329514
    },
    "melbands_spread": {
        "dmean": 6.15703105927,
        "dmean2": 8.8614692688,
        "dvar": 105.183959961,
        "dvar2": 186.504760742,
        "max": 143.415786743,
        "mean": 23.7801303864,
        "median": 21.9745922089,
        "min": 1.59140217304,
        "var": 255.885803223
    },
    "pitch_salience": {
        "dmean": 0.059240616858,
        "dmean2": 0.0952539145947,
        "dvar": 0.00290467753075,
        "dvar2": 0.00773543072864,
        "max": 0.843689918518,
        "mean": 0.559128403664,
        "median": 0.557932198048,
        "min": 0.177164435387,
        "var": 0.0119851194322
    },
    "silence_rate_20dB": {
        "dmean": 0,
        "dmean2": 0,
        "dvar": 0,
        "dvar2": 0,
        "max": 1,
        "mean": 1,
        "median": 1,
        "min": 1,
        "var": 0
    },
    "silence_rate_30dB": {
        "dmean": 0.0108191650361,
        "dmean2": 0.0216550659388,
        "dvar": 0.0107021285221,
        "dvar2": 0.0242798160762,
        "max": 1,
        "mean": 0.9907335639,
        "median": 1,
        "min": 0,
        "var": 0.00918052811176
    },
    "silence_rate_60dB": {
        "dmean": 0.0108191650361,
        "dmean2": 0.0216550659388,
        "dvar": 0.010702312924,
        "dvar2": 0.0242799576372,
        "max": 1,
        "mean": 0.0694980695844,
        "median": 0,
        "min": 0,
        "var": 0.0646675899625
    },
    "spectral_centroid": {
        "dmean": 219.343780518,
        "dmean2": 311.596374512,
        "dvar": 143480.09375,
        "dvar2": 187940.84375,
        "max": 10956.5,
        "mean": 1218.82250977,
        "median": 1193.43603516,
        "min": 242.774475098,
        "var": 361508.75
    },
    "spectral_complexity": {
        "dmean": 2.77279758453,
        "dmean2": 4.3449344635,
        "dvar": 8.09674549103,
        "dvar2": 16.8415927887,
        "max": 54,
        "mean": 18.4509658813,
        "median": 19,
        "min": 0,
        "var": 54.4869918823
    },
    "spectral_decrease": {
        "dmean": 1.7285941567e-09,
        "dmean2": 2.69316036139e-09,
        "dvar": 8.75140296315e-18,
        "dvar2": 2.27996933747e-17,
        "max": 1.60496995757e-29,
        "mean": -6.63717791838e-09,
        "median": -5.34752908621e-09,
        "min": -3.97815789199e-08,
        "var": 3.48128489914e-17
    },
    "spectral_energy": {
        "dmean": 0.00685762800276,
        "dmean2": 0.010632334277,
        "dvar": 0.000128661835333,
        "dvar2": 0.000335741613526,
        "max": 0.158823251724,
        "mean": 0.0269217062742,
        "median": 0.0222395472229,
        "min": 1.079365767e-20,
        "var": 0.000540766806807
    },
    "spectral_energyband_high": {
        "dmean": 0.000441588432295,
        "dmean2": 0.000590017647482,
        "dvar": 3.68550786334e-06,
        "dvar2": 6.81706751493e-06,
        "max": 0.0320632010698,
        "mean": 0.000699050840922,
        "median": 8.04795054137e-05,
        "min": 7.28128561477e-21,
        "var": 8.47501542012e-06
    },
    "spectral_energyband_low": {
        "dmean": 0.00317740882747,
        "dmean2": 0.00530074257404,
        "dvar": 5.73548459215e-05,
        "dvar2": 0.000158369410201,
        "max": 0.12130073458,
        "mean": 0.00875504594296,
        "median": 0.00460929423571,
        "min": 1.46235803436e-22,
        "var": 0.000158515234943
    },
    "spectral_energyband_middle_high": {
        "dmean": 0.00172555819154,
        "dmean2": 0.00252307532355,
        "dvar": 5.62293917028e-06,
        "dvar2": 1.02966332634e-05,
        "max": 0.0358590707183,
        "mean": 0.00543317850679,
        "median": 0.00385802262463,
        "min": 1.64121287019e-21,
        "var": 2.53568778135e-05
    },
    "spectral_energyband_middle_low": {
        "dmean": 0.00436170259491,
        "dmean2": 0.00671172747388,
        "dvar": 6.87386345817e-05,
        "dvar2": 0.000174244632944,
        "max": 0.121960557997,
        "mean": 0.0137600684538,
        "median": 0.00843414478004,
        "min": 4.3699905313e-22,
        "var": 0.000239567525568
    },
    "spectral_entropy": {
        "dmean": 0.193567380309,
        "dmean2": 0.257289409637,
        "dvar": 0.0388982854784,
        "dvar2": 0.0602798238397,
        "max": 9.81191730499,
        "mean": 7.25062608719,
        "median": 7.17913722992,
        "min": 5.84967327118,
        "var": 0.177174732089
    },
    "spectral_flux": {
        "dmean": 0.0183212030679,
        "dmean2": 0.0286392364651,
        "dvar": 0.000441702111857,
        "dvar2": 0.00109544908628,
        "max": 0.278280466795,
        "mean": 0.0640511661768,
        "median": 0.0543571896851,
        "min": 1.03892526526e-10,
        "var": 0.00165754999034
    },
    "spectral_kurtosis": {
        "dmean": 3.52848148346,
        "dmean2": 6.03393173218,
        "dvar": 13.9464988708,
        "dvar2": 43.1763267517,
        "max": 32.9621009827,
        "mean": 7.61436128616,
        "median": 6.97366809845,
        "min": -1.15672957897,
        "var": 19.8825073242
    },
    "spectral_rms": {
        "dmean": 0.000568471674342,
        "dmean2": 0.00086149177514,
        "dvar": 5.20005471571e-07,
        "dvar2": 1.29017621475e-06,
        "max": 0.0124478721991,
        "mean": 0.00463609956205,
        "median": 0.0046580163762,
        "min": 3.24505743457e-12,
        "var": 4.77168350699e-06
    },
    "spectral_rolloff": {
        "dmean": 443.909545898,
        "dmean2": 662.766906738,
        "dvar": 1275605.625,
        "dvar2": 1847798.75,
        "max": 19358.3496094,
        "mean": 1585.85766602,
        "median": 1184.32617188,
        "min": 129.19921875,
        "var": 2645853.25
    },
    "spectral_skewness": {
        "dmean": 0.345264554024,
        "dmean2": 0.570980906487,
        "dvar": 0.108989782631,
        "dvar2": 0.314014703035,
        "max": 3.96798491478,
        "mean": 1.74921214581,
        "median": 1.76280963421,
        "min": -0.00307528837584,
        "var": 0.275133162737
    },
    "spectral_spread": {
        "dmean": 569987.4375,
        "dmean2": 726493.6875,
        "dvar": 1.51249446502e+12,
        "dvar2": 1.67176922726e+12,
        "max": 40563944,
        "mean": 3331930.25,
        "median": 2765076.75,
        "min": 1380771.75,
        "var": 4.14087302349e+12
    },
    "spectral_strongpeak": {
        "dmean": 0.519247233868,
        "dmean2": 0.870074868202,
        "dvar": 0.97672110796,
        "dvar2": 2.36618947983,
        "max": 11.3663644791,
        "mean": 1.03801131248,
        "median": 0.54592436552,
        "min": 0,
        "var": 1.85119318962
    },
    "zerocrossingrate": {
        "dmean": 0.0102833388373,
        "dmean2": 0.0106968712062,
        "dvar": 0.000526907795575,
        "dvar2": 0.000492653925903,
        "max": 0.50537109375,
        "mean": 0.0541867762804,
        "median": 0.0458984375,
        "min": 0.0078125,
        "var": 0.00165391608607
    },
    "barkbands": {
        "dmean": [2.3828662961e-05, 0.000787229044363, 0.00215625297278, 0.00182314612903, 0.00162329780869, 0.00133389560506, 0.000813808757812, 0.000625514250714, 0.00047762109898, 0.000301909341943, 0.000212772938539, 0.000564414134715, 0.000186466771993, 0.000261586363195, 0.000293700111797, 0.0003584032238, 0.000468268728582, 0.000149028608575, 0.000120040516776, 9.33657211135e-05, 5.36305560672e-05, 5.60558764846e-05, 6.98538788129e-05, 0.000105231702037, 0.000133795896545, 3.52471797669e-05, 1.78805623818e-06],
        "dmean2": [4.12399749621e-05, 0.00128749478608, 0.00352073321119, 0.00306046451442, 0.00258967746049, 0.00214955583215, 0.00119890575297, 0.000896091514733, 0.000679051852785, 0.000450462219305, 0.000330649287207, 0.000833663274534, 0.000270576914772, 0.000387911044527, 0.000470144557767, 0.000548212323338, 0.00069183652522, 0.000232689635595, 0.000190840000869, 0.000150163410581, 8.27053372632e-05, 7.54064749344e-05, 9.82025449048e-05, 0.00014888838632, 0.000198856374482, 5.01888353028e-05, 2.70871396424e-06],
        "dvar": [5.27573096321e-09, 4.13498173657e-06, 3.39915277436e-05, 1.33847142934e-05, 1.57287377078e-05, 1.50630858116e-05, 4.38500501332e-06, 1.20915535717e-06, 8.13310464309e-07, 2.6001129072e-07, 1.47101829384e-07, 1.23634129068e-06, 2.00751458124e-07, 2.72561777592e-07, 2.73771917136e-07, 7.32180069463e-07, 7.60085015372e-07, 5.47989245092e-08, 8.28265029895e-08, 1.17855748272e-07, 4.62972629123e-08, 4.87364495427e-08, 9.51282856931e-08, 2.99729720155e-07, 6.13943484495e-07, 1.98685263797e-08, 7.99525445849e-11],
        "dvar2": [1.4675945792e-08, 1.21679722724e-05, 8.94508266356e-05, 3.76526659238e-05, 3.792831194e-05, 4.22176963184e-05, 9.73089663603e-06, 2.45342653216e-06, 1.48643778175e-06, 4.97579264902e-07, 3.31773975404e-07, 2.46281615546e-06, 3.61149858463e-07, 5.74336866066e-07, 6.48871377962e-07, 1.61054595083e-06, 1.35824632252e-06, 1.34051077794e-07, 1.98062323875e-07, 3.15575846344e-07, 1.02958324533e-07, 8.11118354704e-08, 1.87981285649e-07, 6.20429830178e-07, 1.44260388879e-06, 4.22464516703e-08, 1.77675735236e-10],
        "max": [0.0014597143745, 0.0253556706011, 0.0845004618168, 0.0395263023674, 0.0531580932438, 0.0632653981447, 0.0333148166537, 0.0258852485567, 0.0219584684819, 0.0137992054224, 0.00910013727844, 0.0159968174994, 0.00982589647174, 0.00964804831892, 0.00757451541722, 0.0142510896549, 0.0156535822898, 0.00299371918663, 0.00592953385785, 0.00797882303596, 0.00378595944494, 0.00460649095476, 0.00572935398668, 0.00846885144711, 0.0141487708315, 0.00245888880454, 0.000273548386758],
        "mean": [2.89989475277e-05, 0.00245897332206, 0.00466826558113, 0.00318411667831, 0.0032979445532, 0.00269543402828, 0.00162974419072, 0.00151169905439, 0.00112646631896, 0.000648051616736, 0.000388481217669, 0.00117366563063, 0.000319129467243, 0.000447852653451, 0.000510906160343, 0.000645672436804, 0.000958604214247, 0.000276244420093, 0.00019035875448, 0.000133697103593, 7.67781457398e-05, 8.20280329208e-05, 0.000100488621683, 0.00015096477, 0.000168673228472, 4.63021569885e-05, 2.19875937546e-06],
        "median": [5.60925946047e-06, 0.00076107296627, 0.00143468030728, 0.000911943556275, 0.0013900117483, 0.000828827032819, 0.000697940587997, 0.000640789919998, 0.000640514423139, 0.000395064067561, 0.000235411542235, 0.000308318703901, 8.31790748634e-05, 0.000211568985833, 0.000249759614235, 0.0003274595947, 0.000393707246985, 0.000170478844666, 9.55844006967e-05, 4.79988484585e-05, 1.85961398529e-05, 6.39077779852e-06, 3.86496776628e-06, 2.06124354918e-06, 1.27934606553e-06, 3.71859755433e-07, 1.09075086741e-08],
        "min": [1.6157237646e-23, 8.42301561493e-23, 2.43462323092e-23, 6.26910979932e-23, 7.3065111146e-23, 3.01502480203e-23, 1.11076323377e-22, 1.14737887533e-22, 3.97949971316e-23, 3.77431383627e-23, 7.45438593119e-23, 1.27662963257e-22, 9.33500193024e-23, 1.03753687314e-22, 2.32585426889e-22, 1.20358792851e-22, 2.19133013427e-22, 2.55608906698e-22, 2.51849637386e-22, 2.59973667776e-22, 3.82646158108e-22, 7.21291800623e-22, 6.60602623348e-22, 7.84180650268e-22, 7.95408627439e-22, 1.50849319494e-21, 2.63723596975e-21],
        "var": [4.90971174827e-09, 1.04017981357e-05, 7.41066833143e-05, 2.72751021839e-05, 3.14904355037e-05, 3.49641049979e-05, 8.4920984591e-06, 5.04565741721e-06, 3.01948193737e-06, 9.85586325442e-07, 3.42932310105e-07, 4.32996284871e-06, 6.40206906155e-07, 5.22517552781e-07, 5.73305158014e-07, 1.30527371311e-06, 2.8041895348e-06, 1.0580089338e-07, 1.11926553359e-07, 1.20523651503e-07, 7.61914265013e-08, 1.14775318139e-07, 2.15674219817e-07, 5.74181058255e-07, 1.01807461306e-06, 4.52157884467e-08, 1.68637270814e-10]
    },
    "erbbands": {
        "dmean": [0.0114705599844, 0.231319367886, 1.76918959618, 4.55505514145, 7.05264520645, 4.30472183228, 4.88050699234, 12.407204628, 12.772892952, 11.1833543777, 15.846203804, 10.534198761, 10.9645195007, 6.48059797287, 9.04990577698, 28.2723197937, 9.49986362457, 12.9447164536, 12.0494337082, 19.2702407837, 24.0726966858, 16.3177127838, 7.74031829834, 6.56382989883, 5.6960477829, 4.42048358917, 2.74439072609, 1.93823623657, 1.72804248333, 2.25515532494, 2.01031804085, 1.63742113113, 2.29995942116, 1.69991755486, 0.792920470238, 0.235640391707, 0.0444106347859, 0.00643002474681, 0.000188258505659, 1.38745936056e-05],
        "dmean2": [0.0179544761777, 0.37662422657, 2.88670825958, 7.7392745018, 11.3884086609, 6.94150161743, 7.56766700745, 20.1899204254, 19.6727371216, 15.3966999054, 22.3081989288, 14.6254482269, 16.0628223419, 10.1241340637, 14.0727977753, 41.5739212036, 13.6686878204, 19.3623771667, 18.9053134918, 29.2582836151, 36.0947914124, 24.4818763733, 12.0015487671, 10.5191478729, 8.8490858078, 7.0585603714, 4.29220438004, 2.8124434948, 2.39259886742, 3.06716227531, 2.86289548874, 2.31005191803, 3.30003094673, 2.54328131676, 1.15044176579, 0.333933115005, 0.0635479539633, 0.00900346972048, 0.000261473585851, 2.03526888072e-05],
        "dvar": [0.000892121344805, 0.347680389881, 23.0839176178, 88.8155822754, 331.863464355, 84.4278259277, 127.668708801, 1600.2623291, 2102.25, 374.718170166, 861.14654541, 631.409851074, 413.960357666, 74.5731887817, 234.573104858, 3031.92358398, 506.492126465, 646.578796387, 441.589111328, 1158.51306152, 1974.3203125, 641.736938477, 142.014663696, 225.714691162, 208.267456055, 138.223052979, 163.141799927, 78.707824707, 40.8005752563, 87.7713394165, 84.0035476685, 63.1976547241, 160.711502075, 104.907531738, 19.4185085297, 0.967229127884, 0.0299493446946, 0.000751759565901, 6.41800227186e-07, 1.12357434467e-09],
        "dvar2": [0.00219010910951, 1.03571891785, 60.2720069885, 251.652908325, 802.776245117, 222.105300903, 304.769287109, 4641.67578125, 4973.98291016, 691.689453125, 1782.20605469, 1087.75500488, 781.341186523, 179.286209106, 581.224914551, 5996.78173828, 900.099365234, 1320.20019531, 1020.33935547, 2516.16113281, 4004.56005859, 1240.11474609, 345.818237305, 605.406616211, 451.868713379, 343.616027832, 428.01574707, 164.605789185, 70.7418823242, 140.615707397, 170.011001587, 126.258049011, 346.288909912, 247.649673462, 44.3628921509, 2.12398576736, 0.063112065196, 0.00157828931697, 1.22017661397e-06, 2.40526865092e-09],
        "max": [0.377704381943, 6.98044872284, 68.6627807617, 116.210029602, 242.425415039, 123.654891968, 206.070236206, 703.437072754, 864.115234375, 335.060577393, 704.256469727, 676.392822266, 544.153076172, 113.879829407, 326.842803955, 801.618164062, 492.409606934, 444.88973999, 349.616729736, 429.969024658, 593.161132812, 379.888031006, 210.772445679, 301.898742676, 283.4269104, 205.601379395, 319.828460693, 193.512207031, 143.536056519, 222.718048096, 168.156280518, 122.922225952, 208.261566162, 182.498825073, 81.4856872559, 16.2794075012, 3.41820859909, 0.764683127403, 0.0241152867675, 0.000676091818605],
        "mean": [0.039121247828, 0.71884560585, 4.71799945831, 8.57895565033, 13.3596448898, 8.88321495056, 10.7438907623, 23.7400722504, 23.0607509613, 28.4610042572, 38.6481323242, 25.8749523163, 25.5161552429, 15.5403957367, 19.3574943542, 59.4132843018, 18.4281826019, 23.7803478241, 21.016368866, 34.1274795532, 52.7919464111, 35.7602272034, 15.3547611237, 11.3799209595, 9.34448623657, 6.63993644714, 3.99941372871, 2.69696307182, 2.47410941124, 3.48204445839, 2.78549003601, 2.39893078804, 3.12939310074, 2.08566737175, 1.01169061661, 0.30000475049, 0.0592241249979, 0.00875872280449, 0.000270866323262, 4.15943723056e-05],
        "median": [0.00971581693739, 0.198453709483, 1.3962264061, 3.19713163376, 3.30632805824, 5.19254207611, 6.16214418411, 5.86764097214, 8.35478973389, 13.4609146118, 17.6533756256, 13.1000556946, 15.7480478287, 11.4508619308, 12.46571064, 16.214887619, 7.50174045563, 12.1038379669, 11.7864084244, 14.5125255585, 25.3313407898, 20.1986751556, 10.1898803711, 7.24650621414, 4.21280860901, 2.41551494598, 1.34764099121, 0.475267410278, 0.242814093828, 0.180616945028, 0.0928304493427, 0.0477575697005, 0.0313124284148, 0.0154609885067, 0.00753490906209, 0.00260609062389, 0.000516076397616, 6.23506057309e-05, 1.66390673257e-05, 2.80970270978e-05],
        "min": [2.55616944244e-21, 1.86604886076e-20, 3.02929696188e-20, 1.18569956009e-19, 3.24760879559e-19, 1.81396662903e-19, 1.3428182523e-19, 2.98847456468e-19, 9.09376826239e-19, 3.29772198204e-18, 1.21814711549e-18, 9.87228066963e-19, 8.59695014481e-19, 2.35059418361e-18, 3.88963857311e-18, 4.28567031652e-18, 4.69616200422e-18, 5.25857657836e-18, 1.15995603473e-17, 8.24531814796e-18, 7.49788353672e-18, 1.08786277757e-17, 1.24344196775e-17, 1.62636628989e-17, 1.16238380983e-17, 1.19189877213e-17, 1.44416420898e-17, 1.64548921673e-17, 2.18630188645e-17, 2.77875544181e-17, 1.84605305288e-17, 1.31033333419e-17, 1.48020165586e-17, 9.15173108266e-18, 6.05065164572e-18, 4.67335787551e-18, 2.85763211766e-18, 1.6681937529e-18, 3.16886301074e-19, 3.76559207398e-20],
        "var": [0.00576768629253, 0.855699419975, 56.6318702698, 186.747238159, 731.719421387, 150.700134277, 280.744171143, 3360.85913086, 3345.95629883, 1454.45080566, 3492.3984375, 2251.40380859, 1469.33093262, 230.612167358, 592.105529785, 10769.3310547, 1643.76635742, 1314.56066895, 917.776611328, 2626.36669922, 5862.62255859, 2200.3659668, 294.662017822, 258.627532959, 317.525299072, 191.036224365, 193.549255371, 124.603981018, 90.1846542358, 249.250961304, 177.070480347, 132.811309814, 278.111450195, 163.129318237, 35.3246994019, 1.96242916584, 0.0711551383138, 0.00199693371542, 1.83439294688e-06, 3.51225404316e-09]
    },
    "gfcc": {
        "mean": [-36.3488845825, 134.191558838, -142.469192505, 23.0179309845, -45.0428161621, -5.84900474548, -38.6607017517, 6.62776231766, -19.731590271, -9.39593696594, -18.9113025665, -7.96285057068, -11.1105117798],
        "cov": [[9382.20019531, -1737.98449707, 594.772338867, 196.092163086, -423.559417725, 892.075805664, -395.919311523, 212.133651733, -322.203979492, 455.531585693, -110.121307373, 129.174057007, -311.634674072], [-1737.98449707, 2199.9465332, -922.245483398, 48.0148658752, 618.67578125, -600.304504395, 516.548706055, -268.821746826, 326.070373535, -288.142242432, 206.747024536, -199.130279541, 222.832351685], [594.772338867, -922.245483398, 1428.67895508, 137.041061401, -175.238388062, 490.440093994, -349.003509521, 234.561599731, -176.647994995, 174.364440918, -105.696281433, 134.832336426, -123.728431702], [196.092163086, 48.0148658752, 137.041061401, 267.465057373, 80.5497817993, 47.7873268127, 49.5438499451, 14.5459728241, 62.2890815735, -0.128136992455, 33.198474884, -31.1571521759, 12.8592529297], [-423.559417725, 618.67578125, -175.238388062, 80.5497817993, 361.00793457, -129.332962036, 196.205703735, -35.1261291504, 96.744140625, -53.48021698, 54.8819389343, -54.7678604126, 66.5944290161], [892.075805664, -600.304504395, 490.440093994, 47.7873268127, -129.332962036, 363.312591553, -135.69644165, 109.619346619, -94.2705001831, 123.657180786, -34.9291305542, 49.5022964478, -98.5133514404], [-395.919311523, 516.548706055, -349.003509521, 49.5438499451, 196.205703735, -135.69644165, 273.538665771, -56.7690467834, 109.191833496, -70.6929550171, 55.7210693359, -58.8690910339, 57.5302772522], [212.133651733, -268.821746826, 234.561599731, 14.5459728241, -35.1261291504, 109.619346619, -56.7690467834, 130.829406738, -36.5474281311, 50.352394104, -36.007144928, 36.8194236755, -30.1426353455], [-322.203979492, 326.070373535, -176.647994995, 62.2890815735, 96.744140625, -94.2705001831, 109.191833496, -36.5474281311, 135.528503418, -30.4732246399, 39.824760437, -49.176738739, 39.1481323242], [455.531585693, -288.142242432, 174.364440918, -0.128136992455, -53.48021698, 123.657180786, -70.6929550171, 50.352394104, -30.4732246399, 146.056793213, 4.10817670822, 12.1815376282, -62.7542076111], [-110.121307373, 206.747024536, -105.696281433, 33.198474884, 54.8819389343, -34.9291305542, 55.7210693359, -36.007144928, 39.824760437, 4.10817670822, 101.658920288, -8.93245410919, 4.1392326355], [129.174057007, -199.130279541, 134.832336426, -31.1571521759, -54.7678604126, 49.5022964478, -58.8690910339, 36.8194236755, -49.176738739, 12.1815376282, -8.93245410919, 90.9368591309, -6.71475791931], [-311.634674072, 222.832351685, -123.728431702, 12.8592529297, 66.5944290161, -98.5133514404, 57.5302772522, -30.1426353455, 39.1481323242, -62.7542076111, 4.1392326355, -6.71475791931, 86.8357009888]],
        "icov": [[0.000184244854609, -0.000137937822728, 0.00029650668148, -0.00040996397729, 6.85165941832e-05, -0.000556488346774, 0.000202064533369, 4.51164960396e-05, 0.000336600554874, -0.000465047778562, 0.000445791869424, -0.000387403269997, 0.000157256043167], [-0.000137937822728, 0.00300213810988, -0.000933557457756, 0.00190595968161, -0.00252622179687, 0.00211922754534, -0.00116094422992, 0.00115955492947, -0.00203063595109, 0.00281599606387, -0.00372548121959, 0.00300046685152, -0.000937993056141], [0.00029650668148, -0.000933557457756, 0.00280224415474, -0.00220495788381, -0.000160695461091, -0.00299791037105, 0.00256945705041, -0.00122961681336, 0.00110995827708, -0.00133133493364, 0.00243103713728, -0.002618401777, 0.000591202639043], [-0.00040996397729, 0.00190595968161, -0.00220495788381, 0.00776520231739, -0.00187360739801, 0.000873616721947, -0.00159694894683, 0.000107560110337, -0.00423199264333, 0.00336746172979, -0.00490633491427, 0.00462057860568, -0.00219791918062], [6.85165941832e-05, -0.00252622179687, -0.000160695461091, -0.00187360739801, 0.00764999911189, -0.000262704445049, -0.00272652460262, -0.00165823323186, 0.00188703730237, -0.00282610952854, 0.00168831914198, -0.000899910926819, -0.001200215891], [-0.000556488346774, 0.00211922754534, -0.00299791037105, 0.000873616721947, -0.000262704445049, 0.010567358695, -0.00276575982571, -0.000748461694457, 9.85922961263e-05, 0.000325674016494, -0.00321081792936, 0.00265444861725, 0.00247539370321], [0.000202064533369, -0.00116094422992, 0.00256945705041, -0.00159694894683, -0.00272652460262, -0.00276575982571, 0.0105606373399, -0.00120814482216, -0.00203585089184, 0.000726080848835, 0.000731884909328, -0.00108906719834, 0.000462630414404], [4.51164960396e-05, 0.00115955492947, -0.00122961681336, 0.000107560110337, -0.00165823323186, -0.000748461694457, -0.00120814482216, 0.0137316891924, -0.0013635820942, -0.00158329342958, 0.00287157297134, -0.00280259712599, 0.000524900970049], [0.000336600554874, -0.00203063595109, 0.00110995827708, -0.00423199264333, 0.00188703730237, 9.85922961263e-05, -0.00203585089184, -0.0013635820942, 0.0166186541319, -0.00383992050774, 0.00055437599076, 0.00170509819873, -0.00199453439564], [-0.000465047778562, 0.00281599606387, -0.00133133493364, 0.00336746172979, -0.00282610952854, 0.000325674016494, 0.000726080848835, -0.00158329342958, -0.00383992050774, 0.0157728679478, -0.00692766951397, 0.00461429636925, 0.00403223233297], [0.000445791869424, -0.00372548121959, 0.00243103713728, -0.00490633491427, 0.00168831914198, -0.00321081792936, 0.000731884909328, 0.00287157297134, 0.00055437599076, -0.00692766951397, 0.0197751224041, -0.00853042583913, 0.00406624889001], [-0.000387403269997, 0.00300046685152, -0.002618401777, 0.00462057860568, -0.000899910926819, 0.00265444861725, -0.00108906719834, -0.00280259712599, 0.00170509819873, 0.00461429636925, -0.00853042583913, 0.0210889708251, -0.00545145757496], [0.000157256043167, -0.000937993056141, 0.000591202639043, -0.00219791918062, -0.001200215891, 0.00247539370321, 0.000462630414404, 0.000524900970049, -0.00199453439564, 0.00403223233297, 0.00406624889001, -0.00545145757496, 0.0224575027823]]
    },
    "melbands": {
        "dmean": [0.000157080052304, 0.000707184663042, 0.000856127240695, 0.000405194499763, 0.000160147450515, 0.000280707638012, 0.000185305703781, 0.000111634479254, 0.000129443986225, 6.47016277071e-05, 5.4504336731e-05, 2.75042839348e-05, 3.03747019643e-05, 6.77947318763e-05, 3.66624044545e-05, 1.92763436644e-05, 2.63317197096e-05, 1.93844698515e-05, 2.0292467525e-05, 2.98947670672e-05, 3.3676991734e-05, 2.29056058743e-05, 6.89474882165e-06, 9.34412582865e-06, 5.20359390066e-06, 5.27355132363e-06, 3.04912532556e-06, 3.21872130371e-06, 1.96697192223e-06, 1.37068263939e-06, 1.08763197204e-06, 1.01986427126e-06, 1.13194585083e-06, 1.30205000914e-06, 1.22316691886e-06, 1.09404618343e-06, 1.07187145204e-06, 1.59059891303e-06, 1.90222874608e-06, 1.34597587476e-06],
        "dmean2": [0.000250918965321, 0.00116348371375, 0.00144373427611, 0.000657672877423, 0.00025028118398, 0.000454110559076, 0.000284601992462, 0.000154548775754, 0.000184036747669, 9.04637345229e-05, 8.00170237198e-05, 4.34881985711e-05, 4.6883669711e-05, 9.96507369564e-05, 5.37561354577e-05, 2.79085525108e-05, 3.95822571591e-05, 3.04776112898e-05, 3.23244894389e-05, 4.56829220639e-05, 5.04853596794e-05, 3.42120220012e-05, 1.09179718493e-05, 1.46006705108e-05, 8.53117217048e-06, 8.39016865939e-06, 4.68361668027e-06, 5.21136007592e-06, 3.18831871482e-06, 2.11653036786e-06, 1.57043768922e-06, 1.4967675952e-06, 1.51226777234e-06, 1.82861549547e-06, 1.78607251655e-06, 1.59708338288e-06, 1.52826828526e-06, 2.2294932478e-06, 2.90978982775e-06, 2.08499045584e-06],
        "dvar": [1.67746065927e-07, 3.45224043485e-06, 2.92604772767e-06, 9.86035161077e-07, 1.21079182236e-07, 7.76040792516e-07, 3.78205271545e-07, 3.3747486583e-08, 5.26326537909e-08, 1.98642187144e-08, 1.00697121752e-08, 1.39688971501e-09, 3.24413740316e-09, 1.79776229459e-08, 3.8418490611e-09, 2.14203565996e-09, 3.13860759604e-09, 1.13851095218e-09, 1.42972744754e-09, 5.42424061223e-09, 3.81807829797e-09, 1.48495882257e-09, 2.2793358867e-10, 2.22498741653e-10, 2.03674827004e-10, 1.46983217264e-10, 1.06809443234e-10, 6.7997975306e-11, 1.35682576285e-10, 2.82412981889e-11, 2.41454148342e-11, 1.42999830727e-11, 2.12922457443e-11, 2.87284588479e-11, 2.80902887756e-11, 3.06203569445e-11, 2.62181890781e-11, 7.08409927941e-11, 1.25367827231e-10, 7.47402417733e-11],
        "dvar2": [4.73045645322e-07, 9.22093749978e-06, 8.0536783571e-06, 2.45169644586e-06, 2.88061102083e-07, 2.190298801e-06, 8.91881995813e-07, 6.31621475122e-08, 1.11607199926e-07, 3.52101174883e-08, 1.9069066326e-08, 3.45976425287e-09, 7.11845693502e-09, 3.59905598657e-08, 7.66285701559e-09, 3.83207776622e-09, 6.48571418793e-09, 2.58464694092e-09, 3.47227202546e-09, 1.16091989355e-08, 7.37386729455e-09, 2.81155543291e-09, 5.5834203927e-10, 5.18456000353e-10, 5.547097226e-10, 3.27063098826e-10, 2.47219578142e-10, 1.77535444679e-10, 3.80365294816e-10, 5.88678411573e-11, 4.91886982534e-11, 2.74290590241e-11, 3.54310678019e-11, 4.98118490899e-11, 5.67261862483e-11, 7.02873176328e-11, 5.31928771863e-11, 1.49993448217e-10, 2.95989843746e-10, 1.90774757103e-10],
        "max": [0.00539223197848, 0.0276154112071, 0.0174738802016, 0.0125919189304, 0.00603717751801, 0.0140957375988, 0.0118098948151, 0.00299022952095, 0.00522275222465, 0.00381013308652, 0.00269423378631, 0.000470095663331, 0.00140697765164, 0.00193049991503, 0.000787576369476, 0.00126397900749, 0.00101006578188, 0.000476962886751, 0.00052190705901, 0.00118345825467, 0.00103656644933, 0.000633392948657, 0.000388355372706, 0.000202405950404, 0.000288684910629, 0.000240581211983, 0.000191622457351, 0.000140449119499, 0.000303782260744, 9.81098273769e-05, 0.000103190403024, 7.92940554675e-05, 9.83675563475e-05, 0.000133967681904, 9.48902743403e-05, 9.44036582951e-05, 8.15702369437e-05, 0.000139935757034, 0.000152033302584, 0.000160642943229],
        "mean": [0.000499641930219, 0.00196667085402, 0.00169883656781, 0.000797923188657, 0.000367341010133, 0.000544020440429, 0.000355263182428, 0.000294177560136, 0.00030717588379, 0.000151352651301, 0.000124460741063, 6.07268812018e-05, 5.61519591429e-05, 0.000142017903272, 7.62173513067e-05, 3.38338286383e-05, 4.60754672531e-05, 3.17270460073e-05, 3.57456810889e-05, 4.97967230331e-05, 7.20681200619e-05, 4.73368781968e-05, 1.24335365399e-05, 1.60823819897e-05, 7.8046850831e-06, 8.09882203612e-06, 4.44855186288e-06, 4.49384606327e-06, 2.59793455371e-06, 1.89634283743e-06, 1.43243562434e-06, 1.35700690862e-06, 1.66682184499e-06, 1.96086853066e-06, 1.65328401636e-06, 1.36988262511e-06, 1.51855272179e-06, 2.16628927774e-06, 2.30554360314e-06, 1.55077361796e-06],
        "median": [0.000154150591698, 0.000574078294449, 0.000655687355902, 0.000305574154481, 0.000225773517741, 0.000136624046718, 0.000139158888487, 0.000154339490109, 0.000148368926602, 8.17276377347e-05, 7.63229108998e-05, 4.2261712224e-05, 3.46005399479e-05, 3.81343488698e-05, 2.85101978079e-05, 1.01406667454e-05, 2.19275043492e-05, 1.55405414262e-05, 1.6979254724e-05, 1.56931855599e-05, 3.13490272674e-05, 2.28043372772e-05, 8.22479887574e-06, 8.7433572844e-06, 4.37068683823e-06, 3.2407776871e-06, 1.70719613379e-06, 1.43506042605e-06, 7.66400660268e-07, 4.48852489399e-07, 1.87669755292e-07, 1.33184201445e-07, 1.11623542409e-07, 9.44608515852e-08, 5.63222961603e-08, 3.26819886709e-08, 2.54745788908e-08, 2.17281623804e-08, 1.72510272733e-08, 1.0852451382e-08],
        "min": [2.56095472949e-23, 1.89587824876e-23, 2.84733222179e-23, 1.88908946958e-23, 4.79584043025e-24, 6.42078227118e-24, 1.70003043395e-23, 3.61221238658e-23, 8.04260180066e-24, 5.97925997797e-24, 4.20842817338e-24, 9.21129528744e-24, 1.22564190773e-23, 1.47007748008e-23, 8.52345433202e-24, 9.6150753195e-24, 9.96666273634e-24, 1.73915051955e-23, 1.41816207059e-23, 9.28287968142e-24, 9.02323873624e-24, 1.10775074752e-23, 1.07357500541e-23, 1.39937014165e-23, 1.33170039102e-23, 8.83751326902e-24, 8.57679789529e-24, 7.53092137398e-24, 8.77158185228e-24, 8.36340865384e-24, 1.01817267295e-23, 1.13611794902e-23, 1.53704041133e-23, 1.40980645588e-23, 1.11688047144e-23, 7.9281483385e-24, 7.92528004025e-24, 1.07087568117e-23, 9.85102756055e-24, 6.76462346837e-24],
        "var": [5.51980861019e-07, 8.92588286661e-06, 6.48630339128e-06, 1.94135941456e-06, 2.71556956477e-07, 1.67782002336e-06, 6.48388549962e-07, 1.34245198069e-07, 2.04389294822e-07, 6.91542183517e-08, 3.54792035751e-08, 4.0213836705e-09, 7.75394326524e-09, 6.208288994e-08, 1.33551480985e-08, 6.83160994441e-09, 6.0553007053e-09, 2.28152852166e-09, 2.7250093293e-09, 9.78819247877e-09, 1.3318507186e-08, 5.25820142983e-09, 3.14746256835e-10, 4.36290004124e-10, 2.00916422388e-10, 2.28550997572e-10, 1.33918501288e-10, 8.96947724427e-11, 1.21333762482e-10, 4.566876044e-11, 3.87749068964e-11, 2.67190783387e-11, 5.40006060701e-11, 7.83410489258e-11, 5.94533450249e-11, 5.08110220565e-11, 5.38425241892e-11, 1.26107374543e-10, 1.83469711645e-10, 1.01746264192e-10]
    },
    "mfcc": {
        "mean": [-671.092956543, 161.797225952, -29.6013336182, 26.5825080872, 6.65231800079, -7.61515665054, -7.68591547012, 3.67269277573, 1.51561617851, -1.54753553867, -6.36542606354, -1.41403114796, 0.108179748058],
        "cov": [[6657.91503906, -1025.74755859, 355.239227295, -257.005371094, -11.5451850891, 380.206451416, 94.9973831177, -42.7131576538, -120.445358276, 92.9096298218, 149.347564697, 132.418273926, 77.5206756592], [-1025.74755859, 1706.16052246, -878.691467285, 397.595123291, -3.70951867104, -44.5764884949, 56.0751419067, 41.2069816589, 85.6826553345, -14.7188205719, -33.4192314148, 34.8645172119, 49.1761779785], [355.239227295, -878.691467285, 1312.59570312, -217.180953979, 291.603424072, 84.4445953369, 30.9855670929, 17.342256546, -51.6372184753, 45.7582817078, 90.3004226685, -56.1405639648, -91.0860290527], [-257.005371094, 397.595123291, -217.180953979, 335.022735596, 52.4264755249, 24.9014987946, 37.7519836426, 35.1893882751, 66.0063018799, 34.5866699219, -1.65055859089, 35.6741981506, 54.4625320435], [-11.5451850891, -3.70951867104, 291.603424072, 52.4264755249, 226.877059937, 37.10987854, 44.91198349, 20.2520141602, 15.3121557236, 35.3949127197, 24.2868156433, -15.6869220734, -5.42250537872], [380.206451416, -44.5764884949, 84.4445953369, 24.9014987946, 37.10987854, 164.19367981, 52.2743797302, 9.46005344391, -7.54566764832, 48.1237640381, 60.1476593018, 45.9684715271, 16.2087020874], [94.9973831177, 56.0751419067, 30.9855670929, 37.7519836426, 44.91198349, 52.2743797302, 109.118988037, 34.1273269653, 13.2895774841, 16.0623016357, 23.2653541565, 28.9263916016, 19.2183628082], [-42.7131576538, 41.2069816589, 17.342256546, 35.1893882751, 20.2520141602, 9.46005344391, 34.1273269653, 101.832107544, 32.7690544128, -3.35647439957, -7.67986631393, 8.87132549286, 13.7975530624], [-120.445358276, 85.6826553345, -51.6372184753, 66.0063018799, 15.3121557236, -7.54566764832, 13.2895774841, 32.7690544128, 107.897529602, 26.4142341614, -23.4624252319, -3.28424787521, 13.3801708221], [92.9096298218, -14.7188205719, 45.7582817078, 34.5866699219, 35.3949127197, 48.1237640381, 16.0623016357, -3.35647439957, 26.4142341614, 99.6462554932, 43.9477005005, 9.73376655579, 4.82127285004], [149.347564697, -33.4192314148, 90.3004226685, -1.65055859089, 24.2868156433, 60.1476593018, 23.2653541565, -7.67986631393, -23.4624252319, 43.9477005005, 106.926116943, 46.6098442078, -3.06486225128], [132.418273926, 34.8645172119, -56.1405639648, 35.6741981506, -15.6869220734, 45.9684715271, 28.9263916016, 8.87132549286, -3.28424787521, 9.73376655579, 46.6098442078, 103.07068634, 51.2549133301], [77.5206756592, 49.1761779785, -91.0860290527, 54.4625320435, -5.42250537872, 16.2087020874, 19.2183628082, 13.7975530624, 13.3801708221, 4.82127285004, -3.06486225128, 51.2549133301, 96.6532821655]],
