{
"lowlevel": {
    "average_loudness": 0.900193214417,
    "barkbands_crest": {
        "dmean": 2.16368436813,
        "dmean2": 3.26987957954,
        "dvar": 5.29535865784,
        "dvar2": 11.6582727432,
        "max": 26.7803936005,
        "mean": 16.006319046,
        "median": 15.2051830292,
        "min": 4.78196048737,
        "var": 29.7686634064
    },
    "barkbands_flatness_db": {
        "dmean": 0.0259738974273,
        "dmean2": 0.0382101945579,
        "dvar": 0.000647965760436,
        "dvar2": 0.00134884892032,
        "max": 0.576100766659,
        "mean": 0.329961597919,
        "median": 0.32537484169,
        "min": 0.136509478092,
        "var": 0.0046452046372
    },
    "barkbands_kurtosis": {
        "dmean": 10.5027008057,
        "dmean2": 15.5757865906,
        "dvar": 1463.4831543,
        "dvar2": 1979.60900879,
        "max": 1331.02038574,
        "mean": 23.0781707764,
        "median": 11.2022171021,
        "min": -1.84536969662,
        "var": 4002.21069336
    },
    "barkbands_skewness": {
        "dmean": 0.763954460621,
        "dmean2": 1.12660682201,
        "dvar": 1.18328893185,
        "dvar2": 2.1610648632,
        "max": 29.7386779785,
        "mean": 2.97859883308,
        "median": 2.55900192261,
        "min": -2.49048495293,
        "var": 6.4755320549
    },
    "barkbands_spread": {
        "dmean": 1.98651337624,
        "dmean2": 2.94992017746,
        "dvar": 31.3346233368,
        "dvar2": 67.0910949707,
        "max": 74.3767471313,
        "mean": 5.99083614349,
        "median": 3.72513866425,
        "min": 0.0665998309851,
        "var": 76.0397720337
    },
    "dissonance": {
        "dmean": 0.0368609949946,
        "dmean2": 0.0606837458909,
        "dvar": 0.00111576716881,
        "dvar2": 0.00283035170287,
        "max": 0.498023211956,
        "mean": 0.364671379328,
        "median": 0.365906953812,
        "min": 0.126582220197,
        "var": 0.00391185469925
    },
    "dynamic_complexity": 4.20840549469,
    "erbbands_crest": {
        "dmean": 2.33431005478,
        "dmean2": 3.53496956825,
        "dvar": 5.39947891235,
        "dvar2": 12.7785453796,
        "max": 28.5554485321,
        "mean": 14.6292238235,
        "median": 13.6600589752,
        "min": 3.71235990524,
        "var": 25.9495258331
    },
    "erbbands_flatness_db": {
        "dmean": 0.0184043310583,
        "dmean2": 0.0253741890192,
        "dvar": 0.000383791339118,
        "dvar2": 0.00069681025343,
        "max": 0.471030235291,
        "mean": 0.304689049721,
        "median": 0.307900190353,
        "min": 0.145135089755,
        "var": 0.0028014651034
    },
    "erbbands_kurtosis": {
        "dmean": 2.36091113091,
        "dmean2": 3.44959378242,
        "dvar": 22.5432167053,
        "dvar2": 37.7501907349,
        "max": 112.110847473,
        "mean": 4.63926506042,
        "median": 2.44474172592,
        "min": -1.79555392265,
        "var": 74.1719360352
    },
    "erbbands_skewness": {
        "dmean": 0.439932525158,
        "dmean2": 0.634929001331,
        "dvar": 0.28076890111,
        "dvar2": 0.520268201828,
        "max": 8.42843723297,
        "mean": 1.40651535988,
        "median": 1.33558440208,
        "min": -3.08117079735,
        "var": 1.64487218857
    },
    "erbbands_spread": {
        "dmean": 4.88103723526,
        "dmean2": 7.35884237289,
        "dvar": 79.6841888428,
        "dvar2": 166.450057983,
        "max": 122.267089844,
        "mean": 19.5267944336,
        "median": 14.5685024261,
        "min": 1.34895944595,
        "var": 264.921813965
    },
    "hfc": {
        "dmean": 2.6678981781,
        "dmean2": 3.47271704674,
        "dvar": 26.6483802795,
        "dvar2": 41.7409172058,
        "max": 106.275009155,
        "mean": 10.0702972412,
        "median": 4.54254627228,
        "min": 0.000193110434338,
        "var": 174.461837769
    },
    "melbands_crest": {
        "dmean": 2.80922055244,
        "dmean2": 4.32083511353,
        "dvar": 8.49408912659,
        "dvar2": 18.8352661133,
        "max": 34.210308075,
        "mean": 19.8596153259,
        "median": 19.33527565,
        "min": 5.88879442215,
        "var": 41.2870903015
    },
    "melbands_flatness_db": {
        "dmean": 0.0258975550532,
        "dmean2": 0.0354293733835,
        "dvar": 0.000817386666313,
        "dvar2": 0.00157165282872,
        "max": 0.663940370083,
        "mean": 0.366083085537,
        "median": 0.355858504772,
        "min": 0.0585473515093,
        "var": 0.00868231896311
    },
    "melbands_kurtosis": {
        "dmean": 11.5516386032,
        "dmean2": 17.8626098633,
        "dvar": 412.148040771,
        "dvar2": 924.339355469,
        "max": 372.163269043,
        "mean": 30.3866977692,
        "median": 15.0024309158,
        "min": -1.80299377441,
        "var": 2514.61791992
    },
    "melbands_skewness": {
        "dmean": 0.749560236931,
        "dmean2": 1.12398564816,
        "dvar": 0.899896860123,
        "dvar2": 1.98650586605,
        "max": 16.2706546783,
        "mean": 3.35135221481,
        "median": 2.77485132217,
        "min": -0.535470962524,
        "var": 7.43851613998
    },
    "melbands_spread": {
        "dmean": 2.90598392487,
        "dmean2": 4.22094774246,
        "dvar": 135.174804688,
        "dvar2": 222.687942505,
        "max": 196.360137939,
        "mean": 8.57766437531,
        "median": 4.76130199432,
        "min": 0.216992452741,
        "var": 328.619262695
    },
    "pitch_salience": {
        "dmean": 0.061807744205,
        "dmean2": 0.0928197428584,
        "dvar": 0.00425169663504,
        "dvar2": 0.00961793959141,
        "max": 0.86272507906,
        "mean": 0.475138127804,
        "median": 0.490970283747,
        "min": 0.0566669180989,
        "var": 0.0229102317244
    },
    "silence_rate_20dB": {
        "dmean": 0,
        "dmean2": 0,
        "dvar": 0,
        "dvar2": 0,
        "max": 1,
        "mean": 1,
        "median": 1,
        "min": 1,
        "var": 0
    },
    "silence_rate_30dB": {
        "dmean": 0.0015564202331,
        "dmean2": 0.00311526469886,
        "dvar": 0.00155396445189,
        "dvar2": 0.0046630455181,
        "max": 1,
        "mean": 0.999222397804,
        "median": 1,
        "min": 0,
        "var": 0.00077699276153
    },
    "silence_rate_60dB": {
        "dmean": 0.04124513641,
        "dmean2": 0.0817757025361,
        "dvar": 0.0395441427827,
        "dvar2": 0.0828777551651,
        "max": 1,
        "mean": 0.129082426429,
        "median": 0,
        "min": 0,
        "var": 0.11242056638
    },
    "spectral_centroid": {
        "dmean": 89.1605987549,
        "dmean2": 124.445091248,
        "dvar": 63663.5195312,
        "dvar2": 96013.4921875,
        "max": 4519.51904297,
        "mean": 526.445251465,
        "median": 406.940979004,
        "min": 190.625732422,
        "var": 233540.078125
    },
    "spectral_complexity": {
        "dmean": 1.129961133,
        "dmean2": 1.77336454391,
        "dvar": 2.14887475967,
        "dvar2": 3.93229055405,
        "max": 33,
        "mean": 6.85925340652,
        "median": 6,
        "min": 0,
        "var": 12.1551971436
    },
    "spectral_decrease": {
        "dmean": 1.37168287839e-09,
        "dmean2": 1.79906833875e-09,
        "dvar": 4.03550649746e-18,
        "dvar2": 6.77037405207e-18,
        "max": -1.78066125755e-13,
        "mean": -4.98747709798e-09,
        "median": -3.23550608528e-09,
        "min": -3.04930587447e-08,
        "var": 2.31327047088e-17
    },
    "spectral_energy": {
        "dmean": 0.00538127217442,
        "dmean2": 0.00706637371331,
        "dvar": 6.14039890934e-05,
        "dvar2": 0.000103324244265,
        "max": 0.117732070386,
        "mean": 0.0197373144329,
        "median": 0.0126483207569,
        "min": 6.89579167101e-07,
        "var": 0.000363629078493
    },
    "spectral_energyband_high": {
        "dmean": 9.26768989302e-05,
        "dmean2": 0.000117637508083,
        "dvar": 3.13663235829e-07,
        "dvar2": 4.94645689741e-07,
        "max": 0.016020283103,
        "mean": 0.000173418666236,
        "median": 9.30414717004e-06,
        "min": 1.37374456255e-09,
        "var": 7.1613021646e-07
    },
    "spectral_energyband_low": {
        "dmean": 0.000422575307311,
        "dmean2": 0.000633497955278,
        "dvar": 1.79735059191e-06,
        "dvar2": 3.37354163094e-06,
        "max": 0.0255266260356,
        "mean": 0.000656272226479,
        "median": 0.000110082917672,
        "min": 8.73877326057e-08,
        "var": 3.24137090502e-06
    },
    "spectral_energyband_middle_high": {
        "dmean": 0.000825600116514,
        "dmean2": 0.00110848597251,
        "dvar": 4.56090310763e-06,
        "dvar2": 8.40798747959e-06,
        "max": 0.0588047914207,
        "mean": 0.00268346071243,
        "median": 0.000355939526344,
        "min": 5.78377665761e-08,
        "var": 3.92967267544e-05
    },
    "spectral_energyband_middle_low": {
        "dmean": 0.00491307955235,
        "dmean2": 0.00634897407144,
        "dvar": 5.47153358639e-05,
        "dvar2": 9.18791556614e-05,
        "max": 0.116661041975,
        "mean": 0.0166355744004,
        "median": 0.0113551151007,
        "min": 3.62157948075e-07,
        "var": 0.000263606722001
    },
    "spectral_entropy": {
        "dmean": 0.221247851849,
        "dmean2": 0.305498152971,
        "dvar": 0.0677533522248,
        "dvar2": 0.124013856053,
        "max": 8.950922966,
        "mean": 5.95896339417,
        "median": 5.95333480835,
        "min": 3.87849617004,
        "var": 0.534714698792
    },
    "spectral_flux": {
        "dmean": 0.0179294589907,
        "dmean2": 0.0286343768239,
        "dvar": 0.000507036282215,
        "dvar2": 0.00118874199688,
        "max": 0.223548546433,
        "mean": 0.0430575683713,
        "median": 0.0336617007852,
        "min": 0.00275070383213,
        "var": 0.00127715943381
    },
    "spectral_kurtosis": {
        "dmean": 10.5927753448,
        "dmean2": 17.4533805847,
        "dvar": 219.588638306,
        "dvar2": 484.228820801,
        "max": 281.235809326,
        "mean": 26.8295402527,
        "median": 14.6504850388,
        "min": -0.93058347702,
        "var": 1154.38708496
    },
    "spectral_rms": {
        "dmean": 0.000580417690799,
        "dmean2": 0.00076985853957,
        "dvar": 5.31193677489e-07,
        "dvar2": 8.68230472406e-07,
        "max": 0.0107173016295,
        "mean": 0.0038959456142,
        "median": 0.00351280672476,
        "min": 2.59376211034e-05,
        "var": 4.07750758313e-06
    },
    "spectral_rolloff": {
        "dmean": 155.926818848,
        "dmean2": 252.66229248,
        "dvar": 370771.875,
        "dvar2": 656338.125,
        "max": 8677.88085938,
        "mean": 676.402770996,
        "median": 452.197265625,
        "min": 172.265625,
        "var": 958258.375
    },
    "spectral_skewness": {
        "dmean": 0.758953154087,
        "dmean2": 1.23842775822,
        "dvar": 0.676790237427,
        "dvar2": 1.54216778278,
        "max": 14.3410711288,
        "mean": 3.46886205673,
        "median": 2.94906330109,
        "min": -0.0480413623154,
        "var": 4.58621168137
    },
    "spectral_spread": {
        "dmean": 458434.4375,
        "dmean2": 695808.875,
        "dvar": 590133198848,
        "dvar2": 703015813120,
        "max": 33951168,
        "mean": 2670120.5,
        "median": 2417801,
        "min": 411200.25,
        "var": 2.43814183731e+12
    },
    "spectral_strongpeak": {
        "dmean": 0.377142906189,
        "dmean2": 0.578551113605,
        "dvar": 0.462851434946,
        "dvar2": 0.997519135475,
        "max": 9.39462184906,
        "mean": 1.23417723179,
        "median": 0.802471160889,
        "min": 0,
        "var": 1.8950381279
    },
    "zerocrossingrate": {
        "dmean": 0.00483303423971,
        "dmean2": 0.00521860085428,
        "dvar": 0.000130590648041,
        "dvar2": 0.00010990685405,
        "max": 0.271484375,
        "mean": 0.0257748719305,
        "median": 0.019775390625,
        "min": 0.00244140625,
        "var": 0.000707599567249
    },
    "barkbands": {
        "dmean": [2.8851994216e-07, 4.07899678976e-05, 0.000137547191116, 0.000704799313098, 0.00344151514582, 0.000400626799092, 0.00119450199418, 0.000407115265261, 0.000443361204816, 0.000185467506526, 0.000250481942203, 8.54197787703e-05, 0.000236619613133, 0.000180725866812, 6.69537839713e-05, 1.98380494112e-05, 2.3174292437e-05, 3.73649090761e-05, 2.40132903855e-05, 2.34180188272e-05, 2.24285322474e-05, 2.332844997e-05, 2.6806636015e-05, 2.16461467062e-05, 1.94588164959e-06, 3.01094837951e-09, 2.10564965464e-09],
        "dmean2": [4.94940934459e-07, 6.90843662596e-05, 0.000233551487327, 0.00101679528598, 0.00469689257443, 0.000545337446965, 0.00157346739434, 0.000548400334083, 0.000551429518964, 0.000243989430601, 0.000373262242647, 0.000118833057059, 0.000327276386088, 0.000248847034527, 0.000106521423731, 2.58954787569e-05, 3.43633546436e-05, 5.61258057132e-05, 3.77966825909e-05, 3.19356222462e-05, 3.15777724609e-05, 3.11171315843e-05, 3.86227111449e-05, 3.13189848384e-05, 2.60280557995e-06, 4.16314449581e-09, 2.71420685927e-09],
        "dvar": [4.69434994349e-12, 1.56383226368e-08, 1.43533853247e-07, 5.48630669073e-06, 3.26402587234e-05, 2.19536855184e-06, 1.35994869197e-05, 2.2477697712e-06, 2.79339542431e-06, 2.72574965265e-07, 2.48370747613e-06, 1.16532177685e-07, 8.61494868332e-07, 6.85099564635e-07, 1.32604384362e-07, 7.41904004897e-09, 8.31122548561e-09, 1.67026783515e-08, 3.4240375868e-08, 2.81105325683e-08, 2.94149860025e-08, 1.76979284561e-08, 2.53897347591e-08, 2.08301838001e-08, 1.65341199065e-10, 1.50617228159e-15, 2.41817445584e-15],
        "dvar2": [1.20906921627e-11, 4.06107218964e-08, 3.86329418234e-07, 1.11465142254e-05, 6.195010792e-05, 3.757383638e-06, 2.10855268961e-05, 4.13187080994e-06, 3.8415328163e-06, 4.43239372316e-07, 5.40294786333e-06, 2.53833860597e-07, 1.76153321263e-06, 1.02555111425e-06, 3.2282241591e-07, 9.77285896653e-09, 1.65403815089e-08, 3.54793705526e-08, 8.31398310197e-08, 5.31006598692e-08, 6.19040108063e-08, 3.14575885341e-08, 5.14092413084e-08, 4.01387723059e-08, 2.95986318788e-10, 1.6007929557e-15, 2.42424831735e-15],
        "max": [4.56692141597e-05, 0.00268243951723, 0.00516221905127, 0.0523790195584, 0.111923217773, 0.0382906869054, 0.077280305326, 0.0306049641222, 0.0423958003521, 0.0152125395834, 0.056274317205, 0.0103170555085, 0.028629893437, 0.0208627842367, 0.00732210464776, 0.00258807768114, 0.00231419736519, 0.0024969629012, 0.0051635093987, 0.00459145382047, 0.00491128023714, 0.00410240609199, 0.00332808727399, 0.00329469447024, 0.000303916691337, 1.35312643579e-06, 1.76381070105e-06],
        "mean": [2.14063064163e-07, 5.3362971812e-05, 0.000225766387302, 0.00103340263013, 0.00920713599771, 0.0010817394359, 0.00315249362029, 0.000949863519054, 0.0011550631607, 0.000520555884577, 0.00058162532514, 0.000221914611757, 0.000673167698551, 0.000393092719605, 0.000109228851215, 3.55026095349e-05, 4.60692499473e-05, 7.31624531909e-05, 3.27503257722e-05, 3.5754936107e-05, 3.25479340972e-05, 3.82142898161e-05, 4.29782048741e-05, 3.88083535654e-05, 2.89087847705e-06, 3.65399333013e-09, 1.98661420647e-09],
        "median": [4.07948732573e-08, 4.00756016461e-06, 2.55421637121e-05, 0.000132801214932, 0.00569873489439, 0.000260650005657, 0.000656975607853, 3.48007342836e-05, 7.30368265067e-05, 6.16523539065e-05, 8.69665745995e-06, 2.53604030149e-05, 3.71459391317e-05, 6.42904660708e-06, 4.03086869483e-06, 3.07002324007e-06, 4.07683728554e-06, 8.42803365231e-06, 3.03232036458e-06, 1.59817250278e-06, 1.29954082695e-06, 2.15583304453e-06, 1.86795250556e-06, 4.88166620016e-07, 3.88064087531e-08, 3.50635631641e-10, 2.27371968475e-10],
        "min": [1.35393113387e-10, 5.30303667645e-09, 3.93827264134e-08, 7.90595393596e-08, 1.63897951211e-07, 8.05246074265e-08, 2.42377566906e-08, 1.0015798857e-08, 2.5834601125e-09, 1.59224136098e-08, 2.00580938525e-08, 7.95370969087e-09, 7.80750397666e-09, 2.88152546268e-09, 1.22689602922e-09, 9.34366140015e-10, 7.46314010591e-10, 3.31034144541e-10, 4.35676383859e-10, 3.45188377882e-10, 2.8932159446e-10, 2.13432396756e-10, 1.73353539856e-10, 1.57650809074e-10, 1.40988512531e-10, 8.33020024488e-12, 1.20868766385e-11],
        "var": [2.62401255238e-12, 2.75731721899e-08, 2.31115649285e-07, 1.02183557829e-05, 0.000130598782562, 8.62681099534e-06, 5.66673734284e-05, 9.20486763789e-06, 1.10855926323e-05, 2.28772159971e-06, 1.50119958562e-05, 4.692341804e-07, 6.345676411e-06, 3.07947675537e-06, 2.83044045091e-07, 2.29201866375e-08, 2.60586077161e-08, 5.17474489925e-08, 3.51374183083e-08, 5.83180224112e-08, 4.63335396717e-08, 3.29080407369e-08, 4.43346479528e-08, 4.86710867165e-08, 4.05188549379e-10, 1.61186886439e-15, 2.41655217599e-15]
    },
    "erbbands": {
        "dmean": [0.000277860817732, 0.0132869305089, 0.128478854895, 1.27837526798, 7.44488620758, 14.1267328262, 4.48872756958, 3.76412677765, 15.4168624878, 13.0072364807, 9.74861621857, 8.63140010834, 4.84573173523, 7.86600589752, 7.68172740936, 3.28486967087, 11.6881513596, 8.36143302917, 7.5931353569, 1.42248868942, 0.953979611397, 1.10903704166, 2.22776198387, 0.864962518215, 1.28903889656, 1.04835927486, 0.943973064423, 0.824491798878, 0.718209505081, 0.873540282249, 0.797717213631, 0.638893485069, 0.240878328681, 0.0434040129185, 0.00248433765955, 0.000129380146973, 1.32762970679e-05, 3.08485664391e-06, 3.08936614601e-06, 6.1440182435e-06],
        "dmean2": [0.00045161115122, 0.0225726943463, 0.213850811124, 1.85233199596, 10.9073448181, 18.7468013763, 6.06559944153, 4.97959423065, 20.1478118896, 17.3490161896, 12.3243293762, 10.6101970673, 6.50030040741, 10.6915788651, 11.2254991531, 4.46779584885, 16.0683307648, 10.9819431305, 10.834227562, 2.11933112144, 1.18279409409, 1.63996255398, 3.2587594986, 1.39093744755, 1.900406003, 1.44377589226, 1.35906541348, 1.13588881493, 0.956875801086, 1.20946764946, 1.17699670792, 0.901714861393, 0.352948486805, 0.0545636042953, 0.00350349303335, 0.000175211229362, 1.71327719727e-05, 3.99542659579e-06, 4.09825543102e-06, 8.13617043605e-06],
        "dvar": [6.13247038928e-07, 0.00153720192611, 0.11351685226, 17.0102157593, 186.70539856, 685.532897949, 135.211029053, 261.691314697, 2638.10961914, 1629.14746094, 1601.95410156, 762.439453125, 199.007553101, 879.207885742, 1708.08654785, 160.14390564, 2395.37597656, 1267.91455078, 1528.25219727, 34.149848938, 17.0563011169, 15.4927148819, 64.121421814, 13.8315877914, 134.922622681, 58.5541725159, 52.7797966003, 32.1546554565, 17.5999450684, 19.9509887695, 25.4063796997, 19.2627124786, 2.67732286453, 0.0747941359878, 0.000347367604263, 8.09583411865e-07, 9.15951137159e-09, 9.52737555515e-10, 6.91681018017e-11, 7.8157258443e-11],
        "dvar2": [1.45753813285e-06, 0.00410330388695, 0.303229808807, 31.8816719055, 386.39440918, 1349.89941406, 189.048278809, 413.23928833, 4116.43359375, 3065.98461914, 2022.15307617, 1001.5513916, 374.026397705, 1606.94714355, 3574.86254883, 353.947387695, 5050.59667969, 1742.19213867, 3114.56689453, 79.6124954224, 18.0220184326, 29.2739143372, 132.730865479, 33.7917747498, 297.875091553, 114.84954071, 109.562171936, 59.7776908875, 33.9178123474, 33.0695495605, 51.7864646912, 36.7913398743, 5.9686589241, 0.115450933576, 0.000719484407455, 1.65232802374e-06, 1.2448308162e-08, 1.05199227107e-09, 9.08529293464e-11, 1.34655148143e-10],
        "max": [0.0154703129083, 0.781186521053, 4.23947572708, 90.1205596924, 238.3462677, 603.79876709, 352.138702393, 467.63104248, 1115.2701416, 703.99230957, 1109.94152832, 631.338867188, 298.337249756, 913.730529785, 1328.76062012, 406.704681396, 1536.13232422, 1256.10253906, 698.247131348, 144.860839844, 174.229049683, 79.4385986328, 166.929443359, 74.1234359741, 324.105712891, 210.183792114, 218.499984741, 165.771621704, 123.211250305, 116.509643555, 98.7685012817, 105.198051453, 32.389541626, 6.74612045288, 0.403622061014, 0.018296033144, 0.00265115057118, 0.00103524501901, 0.000257718726061, 0.000129384585307],
        "mean": [0.000418921321398, 0.0200038682669, 0.236277461052, 2.05545020103, 16.6002674103, 37.355255127, 14.8588571548, 9.67995357513, 40.1593132019, 34.6072845459, 24.3343200684, 24.8444766998, 13.105342865, 21.4596652985, 19.7563476562, 9.49101543427, 33.9289207458, 19.0151290894, 14.6608896255, 3.36491727829, 2.03131937981, 2.71513128281, 4.62637281418, 1.64431214333, 1.93858385086, 1.62629210949, 1.36570990086, 1.25753593445, 1.15762090683, 1.55823135376, 1.22135555744, 1.09565472603, 0.402894347906, 0.0713480561972, 0.00345867942087, 0.000197441870114, 2.58745367319e-05, 5.79857078264e-06, 1.07751657197e-05, 2.27199761866e-05],
        "median": [9.97250899673e-05, 0.00253588682972, 0.0412981286645, 0.607460737228, 8.31837940216, 20.2884883881, 6.97997093201, 2.58857584, 8.74820327759, 6.84930419922, 2.09953904152, 2.30232977867, 1.4670586586, 2.16205501556, 0.895309090614, 1.11359858513, 1.92088890076, 0.45800703764, 0.271768987179, 0.193656846881, 0.214477449656, 0.318516552448, 0.54224383831, 0.251931250095, 0.153221011162, 0.0989550799131, 0.0548897609115, 0.0617579296231, 0.0626339390874, 0.0736069232225, 0.0435593053699, 0.0153348911554, 0.0062646586448, 0.00129605759867, 5.50927798031e-05, 1.29730306071e-05, 5.88057355344e-06, 1.14397016659e-06, 6.45546242595e-06, 1.45009289554e-05],
        "min": [1.2956035107e-06, 1.70428902493e-05, 8.163437451e-05, 0.00019823970797, 0.000379010045435, 0.000578981183935, 0.00069301656913, 0.000624826992862, 0.000422226730734, 0.000270289630862, 0.00019469766994, 6.45659383736e-05, 0.000234516162891, 0.00080368242925, 0.000623027910478, 0.000351570313796, 0.000381425081287, 0.000151551299496, 8.83180182427e-05, 7.60127804824e-05, 5.24481365574e-05, 4.26606311521e-05, 2.62052508333e-05, 2.57554911514e-05, 1.69569502759e-05, 1.61059451784e-05, 1.25530095829e-05, 9.81063931249e-06, 7.59604608902e-06, 6.17445812168e-06, 4.95745689477e-06, 3.66417134501e-06, 2.49508366323e-06, 1.62566766448e-06, 9.76218757387e-07, 1.76769077598e-07, 7.65716592355e-08, 1.89852933374e-08, 1.98119103345e-08, 2.69498157124e-09],
        "var": [1.08663220999e-06, 0.00280922022648, 0.222486451268, 31.2612628937, 565.612426758, 2826.578125, 768.364257812, 924.969116211, 10881.9404297, 6888.40527344, 6615.46582031, 4300.11816406, 1010.66436768, 5935.48339844, 9802.86035156, 698.518005371, 17759.3847656, 6554.51806641, 4878.08105469, 167.717529297, 69.4813156128, 64.8892364502, 204.881057739, 28.2324371338, 174.3800354, 109.513778687, 78.3219833374, 60.9464607239, 30.9757766724, 43.3610076904, 43.2551879883, 41.1544494629, 5.37314510345, 0.212510436773, 0.000629027257673, 1.50749474415e-06, 1.43085783222e-08, 1.15254117361e-09, 1.7059884061e-10, 4.81476636338e-10]
    },
    "gfcc": {
        "mean": [-157.464950562, 167.235778809, -132.384887695, 12.3764333725, -86.9684295654, -18.1961669922, -42.0688705444, -38.3231048584, -17.3921031952, -39.1792144775, 1.96886146069, -21.7781181335, -9.50315570831],
        "cov": [[6952.34619141, -2284.71704102, -1718.60546875, 507.712249756, -1026.2800293, 416.623504639, -635.917907715, 125.007743835, 407.80557251, -88.3067779541, 88.3528060913, -185.616531372, -230.243942261], [-2284.71704102, 1884.03796387, 780.486816406, -813.985961914, 685.278869629, -230.365158081, 468.91708374, 12.2348365784, -78.6926956177, -41.7390670776, 36.8187026978, 100.367607117, -60.7789573669], [-1718.60546875, 780.486816406, 1234.92871094, 167.834243774, 449.836761475, -43.0194206238, 206.239715576, 0.279475748539, -124.88684082, 28.8718204498, -102.501556396, 26.8677501678, 70.3367919922], [507.712249756, -813.985961914, 167.834243774, 1189.57202148, -103.61113739, 17.9405117035, -144.407821655, -23.5217914581, 14.342341423, 61.6244850159, -106.180458069, -24.7667140961, 142.0962677], [-1026.2800293, 685.278869629, 449.836761475, -103.61113739, 529.648193359, -100.47253418, 105.122764587, -14.4091835022, -67.5217132568, 40.0022468567, -52.9161720276, 57.7741317749, 35.1451225281], [416.623504639, -230.365158081, -43.0194206238, 17.9405117035, -100.47253418, 328.816314697, -28.3695068359, -6.03033590317, 33.329044342, 40.1733894348, 25.0634918213, -116.599662781, -34.5857582092], [-635.917907715, 468.91708374, 206.239715576, -144.407821655, 105.122764587, -28.3695068359, 312.386230469, 61.3869361877, -76.7585525513, -49.1359786987, 14.0524940491, 37.0641098022, -40.4537467957], [125.007743835, 12.2348365784, 0.279475748539, -23.5217914581, -14.4091835022, -6.03033590317, 61.3869361877, 179.851882935, 10.9157361984, -34.8828239441, -9.10798168182, 17.4610900879, -8.92896461487], [407.80557251, -78.6926956177, -124.88684082, 14.342341423, -67.5217132568, 33.329044342, -76.7585525513, 10.9157361984, 145.600280762, 20.8086738586, -0.861357271671, -28.910068512, -18.2846183777], [-88.3067779541, -41.7390670776, 28.8718204498, 61.6244850159, 40.0022468567, 40.1733894348, -49.1359786987, -34.8828239441, 20.8086738586, 145.371490479, 17.5124416351, -50.2759513855, 9.15466594696], [88.3528060913, 36.8187026978, -102.501556396, -106.180458069, -52.9161720276, 25.0634918213, 14.0524940491, -9.10798168182, -0.861357271671, 17.5124416351, 122.107528687, -3.7947371006, -62.3483886719], [-185.616531372, 100.367607117, 26.8677501678, -24.7667140961, 57.7741317749, -116.599662781, 37.0641098022, 17.4610900879, -28.910068512, -50.2759513855, -3.7947371006, 127.087631226, 24.6950531006], [-230.243942261, -60.7789573669, 70.3367919922, 142.0962677, 35.1451225281, -34.5857582092, -40.4537467957, -8.92896461487, -18.2846183777, 9.15466594696, -62.3483886719, 24.6950531006, 128.731323242]],
        "icov": [[0.000400327669922, 0.000330289592966, 0.000247387419222, -6.90416563884e-05, -0.000117044321087, -0.000170429455466, 0.000217476786929, -0.000242183203227, -0.000573197612539, 0.000460120470962, 4.39748328063e-06, 3.4287066228e-05, 0.000732119544409], [0.000330289592966, 0.00815540272743, -0.00271772081032, 0.00414470396936, -0.0064703617245, 0.00401864107698, -0.00767215853557, 0.00225755688734, -0.00747611094266, 0.00328050856479, -0.00586049398407, 0.00397570477799, -0.00295336125419], [0.000247387419222, -0.00271772081032, 0.00270457309671, -0.00191845663358, 0.00119621434715, -0.00182894687168, 0.00229357369244, -0.000991376116872, 0.00271897250786, -0.000858242041431, 0.00273491069674, -0.00114766031038, 0.00162524497136], [-6.90416563884e-05, 0.00414470396936, -0.00191845663358, 0.00340732862242, -0.00277704116888, 0.00224585481919, -0.00386684574187, 0.00132503535133, -0.00359225133434, 0.000915149867069, -0.00249502435327, 0.00197946629487, -0.00280463206582], [-0.000117044321087, -0.0064703617245, 0.00119621434715, -0.00277704116888, 0.00876793731004, -0.0028251146432, 0.00598748400807, -0.00160520127974, 0.00621973676607, -0.00440737931058, 0.00618176395074, -0.00465631857514, 0.00284909503534], [-0.000170429455466, 0.00401864107698, -0.00182894687168, 0.00224585481919, -0.0028251146432, 0.0069620446302, -0.00431945361197, 0.00121289107483, -0.00368762784638, 0.00143446028233, -0.00391502957791, 0.00621205428615, -0.00223232503049], [0.000217476786929, -0.00767215853557, 0.00229357369244, -0.00386684574187, 0.00598748400807, -0.00431945361197, 0.0131630739197, -0.0041641453281, 0.00871433503926, -0.00168646371458, 0.00543928146362, -0.00443912576884, 0.00567796966061], [-0.000242183203227, 0.00225755688734, -0.000991376116872, 0.00132503535133, -0.00160520127974, 0.00121289107483, -0.0041641453281, 0.00738042080775, -0.00315655698068, 0.00144906283822, -0.00107378815301, 0.000485894852318, -0.00148544996046], [-0.000573197612539, -0.00747611094266, 0.00271897250786, -0.00359225133434, 0.00621973676607, -0.00368762784638, 0.00871433503926, -0.00315655698068, 0.0162753704935, -0.0045986562036, 0.00695791142061, -0.00328952237032, 0.0043950737454], [0.000460120470962, 0.00328050856479, -0.000858242041431, 0.000915149867069, -0.00440737931058, 0.00143446028233, -0.00168646371458, 0.00144906283822, -0.0045986562036, 0.0121654262766, -0.00609332555905, 0.00615502335131, -0.00266046868637], [4.39748328063e-06, -0.00586049398407, 0.00273491069674, -0.00249502435327, 0.00618176395074, -0.00391502957791, 0.00543928146362, -0.00107378815301, 0.00695791142061, -0.00609332555905, 0.0180603899062, -0.00626247003675, 0.00876607373357], [3.4287066228e-05, 0.00397570477799, -0.00114766031038, 0.00197946629487, -0.00465631857514, 0.00621205428615, -0.00443912576884, 0.000485894852318, -0.00328952237032, 0.00615502335131, -0.00626247003675, 0.0169678889215, -0.00523366313428], [0.000732119544409, -0.00295336125419, 0.00162524497136, -0.00280463206582, 0.00284909503534, -0.00223232503049, 0.00567796966061, -0.00148544996046, 0.0043950737454, -0.00266046868637, 0.00876607373357, -0.00523366313428, 0.0162577703595]]
    },
    "melbands": {
        "dmean": [6.40562348053e-06, 4.65956654807e-05, 0.000343978725141, 0.000888672308065, 0.000223765644478, 8.00772104412e-05, 0.000242716123466, 0.00012828366016, 8.6802217993e-05, 5.13976810907e-05, 2.51883520832e-05, 3.3378808439e-05, 3.4808221244e-05, 8.26479117677e-06, 1.95970478671e-05, 2.33250375459e-05, 1.57753129315e-05, 1.55574689416e-05, 2.37194444708e-06, 1.33818093673e-06, 1.08507003915e-06, 9.55758423515e-07, 2.63296010417e-06, 1.46037541526e-06, 6.54042821679e-07, 1.01951877696e-06, 9.25114989059e-07, 7.51686286549e-07, 5.97368455146e-07, 5.78647984639e-07, 5.10027291512e-07, 4.20363846843e-07, 4.98169697494e-07, 4.86235478547e-07, 5.12871849878e-07, 3.82977361824e-07, 4.2381029175e-07, 2.17938065816e-07, 7.26649531657e-08, 2.4671180654e-08],
        "dmean2": [1.07570558612e-05, 7.95988453319e-05, 0.000507900549565, 0.00120701245032, 0.000300745770801, 0.000108037827886, 0.000319084094372, 0.000171422085259, 0.000105586521386, 6.48807836114e-05, 3.41394588759e-05, 4.51027990493e-05, 5.12969236297e-05, 1.16701676234e-05, 2.69824577117e-05, 3.27669804392e-05, 2.02082210308e-05, 2.23846855079e-05, 3.56812370228e-06, 1.92875791072e-06, 1.36827634378e-06, 1.39941778343e-06, 3.76586604034e-06, 2.19317007577e-06, 1.06746153961e-06, 1.64755567766e-06, 1.2367340787e-06, 1.10365908768e-06, 8.64061064476e-07, 7.95140238097e-07, 7.12505539013e-07, 5.75173658035e-07, 6.74572333992e-07, 6.89319790581e-07, 7.85926999924e-07, 5.46885189578e-07, 6.04385945735e-07, 3.26352250113e-07, 9.56699253152e-08, 3.30369545054e-08],
        "dvar": [3.72110342539e-10, 1.55270853952e-08, 7.86294606314e-07, 2.42075134338e-06, 2.32752029206e-07, 1.05273556983e-07, 6.2174666482e-07, 1.50626902951e-07, 1.52188974312e-07, 2.57010839277e-08, 5.25872723145e-09, 1.40685534333e-08, 4.32795594918e-08, 5.8363480715e-10, 4.66277638722e-09, 9.83103376484e-09, 5.53161561001e-09, 6.74557076863e-09, 8.97959484547e-11, 3.31725931446e-11, 2.13905785446e-11, 9.82557611662e-12, 9.24375298528e-11, 2.77385354269e-11, 8.01343106455e-12, 6.58240684182e-11, 6.24312060382e-11, 3.41924266678e-11, 2.15811240406e-11, 2.29674734092e-11, 1.18365135401e-11, 6.60899416791e-12, 6.94205283536e-12, 5.41837755219e-12, 1.03161541809e-11, 6.46588858844e-12, 8.71164598792e-12, 2.38604405331e-12, 1.87771605448e-13, 2.61874957076e-14],
        "dvar2": [9.2525204165e-10, 4.35611191563e-08, 1.62788444413e-06, 4.52796575701e-06, 3.73468566295e-07, 1.75317097728e-07, 9.6805456451e-07, 2.85062128569e-07, 1.67583962707e-07, 3.75743383074e-08, 9.93129933846e-09, 2.46836062701e-08, 9.36645889738e-08, 1.09872233534e-09, 9.72497637974e-09, 1.96365554928e-08, 7.44561523547e-09, 1.32674493614e-08, 2.19404314161e-10, 6.01727903615e-11, 2.39628299842e-11, 1.90220669077e-11, 1.76861289503e-10, 6.33267605021e-11, 2.10272476514e-11, 1.6041259987e-10, 1.08704538426e-10, 8.08199895896e-11, 4.48764914118e-11, 5.03593278189e-11, 2.19435233872e-11, 1.38685226497e-11, 1.24447960617e-11, 8.75198177819e-12, 2.2487114601e-11, 1.37151167159e-11, 1.68053800043e-11, 5.66893363849e-12, 2.9526676785e-13, 4.69474109653e-14],
        "max": [0.000423808232881, 0.00154637079686, 0.017532242462, 0.030711652711, 0.0134354224429, 0.0090147908777, 0.0164548475295, 0.0062043168582, 0.0117488829419, 0.00325275328942, 0.00144322309643, 0.00334839639254, 0.00716126337647, 0.000726756057702, 0.00159017520491, 0.00333699560724, 0.00267541012727, 0.00144890986849, 0.000193975691218, 0.000161659918376, 0.000191786122741, 5.60318439966e-05, 0.000170745232026, 0.000126904735225, 5.53669560759e-05, 0.0002259418834, 0.000234338105656, 0.000166538273334, 0.00014917239605, 0.000142515986226, 0.000100286393717, 7.51090337872e-05, 7.11629472789e-05, 5.21154797752e-05, 5.59111249459e-05, 5.55806800548e-05, 7.04583653715e-05, 3.14599092235e-05, 1.17238259918e-05, 3.9139204091e-06],
        "mean": [8.33140438772e-06, 8.02146678325e-05, 0.000580166233703, 0.00228591240011, 0.00070470519131, 0.000203777992283, 0.000634590280242, 0.000334870419465, 0.000218721281271, 0.000140976335388, 6.50611982564e-05, 8.93788965186e-05, 8.35359678604e-05, 2.40451863647e-05, 4.85726995976e-05, 6.49548019283e-05, 3.1912313716e-05, 2.8526150345e-05, 4.61300487586e-06, 2.9485986488e-06, 2.14383021557e-06, 2.12060672311e-06, 5.29582985109e-06, 2.79689720628e-06, 1.1271359881e-06, 1.36591665978e-06, 1.3786980162e-06, 1.02057799722e-06, 8.44644603148e-07, 7.99639281013e-07, 7.21638173218e-07, 5.83693463341e-07, 8.62124522882e-07, 8.58096598222e-07, 7.44450062484e-07, 5.5875665339e-07, 7.3233979947e-07, 3.39262214766e-07, 1.13525921108e-07, 3.386112013e-08],
        "median": [6.85405552758e-07, 8.87903388502e-06, 0.000182167277671, 0.00133142794948, 0.000388891843613, 4.91740065627e-05, 0.000147425977048, 5.55453952984e-05, 1.53653472807e-05, 9.93557114271e-06, 6.65744437356e-06, 9.61363730312e-06, 2.28035969485e-06, 2.94695087177e-06, 3.74764022126e-06, 2.73722480415e-06, 6.34113689557e-07, 4.10799231076e-07, 2.47959974331e-07, 2.13618847056e-07, 2.17672095459e-07, 1.93257221781e-07, 5.52149458599e-07, 3.56412556357e-07, 1.51437546947e-07, 1.07049388021e-07, 7.2436876053e-08, 3.28432925301e-08, 2.3309784325e-08, 2.98526074971e-08, 3.28621574397e-08, 2.81543801606e-08, 2.75073510636e-08, 4.22093435759e-08, 2.40325199741e-08, 1.12123608176e-08, 6.17373974166e-09, 4.06118916274e-09, 2.27500196459e-09, 3.17224579938e-10],
        "min": [1.10931452912e-09, 1.15762244235e-08, 3.93415291455e-08, 3.49641240405e-08, 2.51993625966e-08, 1.41733140779e-08, 6.07564576427e-09, 2.74105271814e-09, 1.43163159105e-09, 3.02872699143e-10, 1.21082599502e-09, 3.23376969646e-09, 2.49068077274e-09, 9.04750885322e-10, 1.07990949516e-09, 5.86708737149e-10, 2.6137414455e-10, 1.69025557439e-10, 9.94818810662e-11, 6.57537427284e-11, 6.37933178504e-11, 3.96223366617e-11, 3.40673322885e-11, 1.94444425838e-11, 2.17043518574e-11, 1.17671801123e-11, 1.30557604658e-11, 9.95562139672e-12, 8.26443774526e-12, 6.2582933627e-12, 5.37431167277e-12, 4.14628748002e-12, 4.01470263284e-12, 3.1291319362e-12, 2.9137935554e-12, 2.55656823836e-12, 2.09772151906e-12, 1.7860183818e-12, 1.55806530872e-12, 1.00347800815e-12],
        "var": [6.73933076012e-10, 2.86054522292e-08, 1.58194848154e-06, 9.32326474867e-06, 1.35959783165e-06, 4.03429254447e-07, 2.53562302532e-06, 6.36803008547e-07, 6.28101645361e-07, 1.3082183159e-07, 2.65603201655e-08, 9.41536058008e-08, 2.56715537716e-07, 5.0915582861e-09, 2.45890277029e-08, 6.92091859378e-08, 2.68531117342e-08, 2.15009858806e-08, 3.06342007317e-10, 1.46113329769e-10, 7.8200092235e-11, 4.0112368288e-11, 3.0099492343e-10, 7.60501939201e-11, 1.50565636348e-11, 6.66080662848e-11, 1.35698743908e-10, 4.36064899467e-11, 2.90880149828e-11, 3.66545821473e-11, 1.99259428402e-11, 1.01320080798e-11, 1.36081684116e-11, 1.26469243064e-11, 1.59507598102e-11, 1.11396343538e-11, 1.9182053515e-11, 4.21638201784e-12, 5.25228569404e-13, 5.93259572327e-14]
    },
    "mfcc": {
        "mean": [-786.686340332, 171.473754883, 11.3033027649, 4.59588432312, -18.261095047, -7.8073759079, -20.6975975037, -6.61490535736, -31.8139648438, -19.7772426605, -10.4130706787, -9.05515861511, -18.2368011475],
        "cov": [[7311.50097656, -2390.05712891, -1394.50073242, -248.3800354, -481.125488281, 75.3007507324, -988.612182617, 256.003204346, -552.075805664, 457.034484863, 92.0680236816, -27.6934432983, -298.326690674], [-2390.05712891, 2344.07788086, 319.19909668, -404.922729492, 137.743591309, -155.485183716, 471.577636719, 158.397277832, 147.499511719, -140.04876709, 112.378791809, 99.9321899414, 217.34223938], [-1394.50073242, 319.19909668, 872.04473877, 324.56729126, 188.278106689, 130.147491455, 268.435546875, -11.2447652817, 216.32711792, 12.5999317169, -53.6814804077, 52.8779907227, 89.8104858398], [-248.3800354, -404.922729492, 324.56729126, 887.151489258, 171.298873901, 93.7601928711, 37.097869873, -63.1348571777, 198.580795288, -104.299514771, -107.665550232, 47.8763198853, 44.5587997437], [-481.125488281, 137.743591309, 188.278106689, 171.298873901, 349.505340576, 106.010467529, 42.2789649963, -82.3987884521, 135.061462402, -2.92743110657, -49.5404624939, 56.8296890259, 31.4221630096], [75.3007507324, -155.485183716, 130.147491455, 93.7601928711, 106.010467529, 289.558197021, 43.3488121033, -82.2448806763, 27.8363990784, 74.137260437, -4.07720565796, 36.1506767273, -26.2689361572], [-988.612182617, 471.577636719, 268.435546875, 37.097869873, 42.2789649963, 43.3488121033, 399.939666748, 53.40782547, 93.8313140869, -19.626707077, 47.7657852173, 35.06016922, 89.1031570435], [256.003204346, 158.397277832, -11.2447652817, -63.1348571777, -82.3987884521, -82.2448806763, 53.40782547, 277.933349609, 0.210026845336, -9.7000837326, 27.1204090118, -11.9660625458, 49.3615074158], [-552.075805664, 147.499511719, 216.32711792, 198.580795288, 135.061462402, 27.8363990784, 93.8313140869, 0.210026845336, 299.377563477, -53.9404373169, -47.530254364, 47.4371566772, 23.2846126556], [457.034484863, -140.04876709, 12.5999317169, -104.299514771, -2.92743110657, 74.137260437, -19.626707077, -9.7000837326, -53.9404373169, 246.267776489, 51.4789276123, -8.14191436768, -17.3677062988], [92.0680236816, 112.378791809, -53.6814804077, -107.665550232, -49.5404624939, -4.07720565796, 47.7657852173, 27.1204090118, -47.530254364, 51.4789276123, 155.30128479, 26.7899074554, -6.99488401413], [-27.6934432983, 99.9321899414, 52.8779907227, 47.8763198853, 56.8296890259, 36.1506767273, 35.06016922, -11.9660625458, 47.4371566772, -8.14191436768, 26.7899074554, 124.547325134, 26.0807418823], [-298.326690674, 217.34223938, 89.8104858398, 44.5587997437, 31.4221630096, -26.2689361572, 89.1031570435, 49.3615074158, 23.2846126556, -17.3677062988, -6.99488401413, 26.0807418823, 153.425933838]],
