{
"lowlevel": {
    "average_loudness": 0.929435372353,
    "barkbands_crest": {
        "dmean": 2.07390904427,
        "dmean2": 3.44793868065,
        "dvar": 4.05010557175,
        "dvar2": 10.6966075897,
        "max": 22.1968383789,
        "mean": 9.10546302795,
        "median": 8.56306362152,
        "min": 2.61263823509,
        "var": 9.00053119659
    },
    "barkbands_flatness_db": {
        "dmean": 0.0209611617029,
        "dmean2": 0.0337771587074,
        "dvar": 0.000442445103545,
        "dvar2": 0.00110734067857,
        "max": 0.334012210369,
        "mean": 0.179669350386,
        "median": 0.173016682267,
        "min": 0.0660785660148,
        "var": 0.00177655275911
    },
    "barkbands_kurtosis": {
        "dmean": 2.63881397247,
        "dmean2": 4.34787845612,
        "dvar": 20.4037265778,
        "dvar2": 54.7843322754,
        "max": 61.4980239868,
        "mean": 4.96027612686,
        "median": 3.52902650833,
        "min": -1.83729875088,
        "var": 33.8048820496
    },
    "barkbands_skewness": {
        "dmean": 0.447531998158,
        "dmean2": 0.723286867142,
        "dvar": 0.290374517441,
        "dvar2": 0.730896234512,
        "max": 6.89151954651,
        "mean": 1.85480999947,
        "median": 1.81807231903,
        "min": -0.882938802242,
        "var": 0.86306142807
    },
    "barkbands_spread": {
        "dmean": 4.08290672302,
        "dmean2": 6.37993907928,
        "dvar": 23.7239608765,
        "dvar2": 49.45287323,
        "max": 84.2273178101,
        "mean": 17.6877727509,
        "median": 16.1001338959,
        "min": 2.19050717354,
        "var": 101.202461243
    },
    "dissonance": {
        "dmean": 0.0174891259521,
        "dmean2": 0.0291565302759,
        "dvar": 0.000266700692009,
        "dvar2": 0.000730410858523,
        "max": 0.499671578407,
        "mean": 0.457006305456,
        "median": 0.46270403266,
        "min": 0.309182137251,
        "var": 0.000714532507118
    },
    "dynamic_complexity": 1.99922394753,
    "erbbands_crest": {
        "dmean": 1.99515450001,
        "dmean2": 3.17623305321,
        "dvar": 3.39173173904,
        "dvar2": 8.33585262299,
        "max": 30.0420780182,
        "mean": 8.06714916229,
        "median": 7.16338348389,
        "min": 2.52260112762,
        "var": 13.1782255173
    },
    "erbbands_flatness_db": {
        "dmean": 0.0128903063014,
        "dmean2": 0.0186661612242,
        "dvar": 0.000161446630955,
        "dvar2": 0.000299495703075,
        "max": 0.307624936104,
        "mean": 0.182737320662,
        "median": 0.179893180728,
        "min": 0.106219045818,
        "var": 0.000965578714386
    },
    "erbbands_kurtosis": {
        "dmean": 0.566248416901,
        "dmean2": 0.90677934885,
        "dvar": 0.49853515625,
        "dvar2": 1.16329562664,
        "max": 10.8189306259,
        "mean": -0.142099827528,
        "median": -0.499617815018,
        "min": -1.65919983387,
        "var": 1.6785056591
    },
    "erbbands_skewness": {
        "dmean": 0.275852203369,
        "dmean2": 0.429872184992,
        "dvar": 0.0615392588079,
        "dvar2": 0.136558175087,
        "max": 2.86630272865,
        "mean": 0.409872174263,
        "median": 0.417897373438,
        "min": -1.92148566246,
        "var": 0.370981544256
    },
    "erbbands_spread": {
        "dmean": 6.97864294052,
        "dmean2": 10.6966371536,
        "dvar": 52.2196083069,
        "dvar2": 114.00353241,
        "max": 114.270820618,
        "mean": 44.2574424744,
        "median": 43.3335914612,
        "min": 6.87715959549,
        "var": 282.234741211
    },
    "hfc": {
        "dmean": 4.82807636261,
        "dmean2": 7.26594114304,
        "dvar": 58.2071723938,
        "dvar2": 122.499465942,
        "max": 134.162490845,
        "mean": 20.995973587,
        "median": 17.443479538,
        "min": 0.000317266298225,
        "var": 240.560638428
    },
    "melbands_crest": {
        "dmean": 2.72754478455,
        "dmean2": 4.48403024673,
        "dvar": 7.80368900299,
        "dvar2": 20.7586631775,
        "max": 29.6087684631,
        "mean": 12.7235651016,
        "median": 11.9680538177,
        "min": 4.80270338058,
        "var": 17.1239414215
    },
    "melbands_flatness_db": {
        "dmean": 0.024136332795,
        "dmean2": 0.0367538072169,
        "dvar": 0.000705130456481,
        "dvar2": 0.00160498474725,
        "max": 0.42717602849,
        "mean": 0.215448647738,
        "median": 0.206132203341,
        "min": 0.0652611106634,
        "var": 0.00345446611755
    },
    "melbands_kurtosis": {
        "dmean": 6.73324489594,
        "dmean2": 11.1668539047,
        "dvar": 148.868652344,
        "dvar2": 397.956085205,
        "max": 183.052047729,
        "mean": 15.5693855286,
        "median": 12.6642189026,
        "min": -1.28955054283,
        "var": 212.538955688
    },
    "melbands_skewness": {
        "dmean": 0.642678618431,
        "dmean2": 1.03259718418,
        "dvar": 0.648911952972,
        "dvar2": 1.6376928091,
        "max": 11.4580783844,
        "mean": 2.99432444572,
        "median": 2.9579782486,
        "min": -0.257686167955,
        "var": 1.83353197575
    },
    "melbands_spread": {
        "dmean": 4.39036273956,
        "dmean2": 6.96832418442,
        "dvar": 39.9228057861,
        "dvar2": 86.80128479,
        "max": 135.79359436,
        "mean": 16.7144908905,
        "median": 14.8398303986,
        "min": 1.47739136219,
        "var": 123.826568604
    },
    "pitch_salience": {
        "dmean": 0.0638793632388,
        "dmean2": 0.104204714298,
        "dvar": 0.00402505416423,
        "dvar2": 0.010380490683,
        "max": 0.817110598087,
        "mean": 0.563935756683,
        "median": 0.570257484913,
        "min": 0.136268109083,
        "var": 0.00970848463476
    },
    "silence_rate_20dB": {
        "dmean": 0,
        "dmean2": 0,
        "dvar": 0,
        "dvar2": 0,
        "max": 1,
        "mean": 1,
        "median": 1,
        "min": 1,
        "var": 0
    },
    "silence_rate_30dB": {
        "dmean": 0.0154918665066,
        "dmean2": 0.0309957377613,
        "dvar": 0.0152520155534,
        "dvar2": 0.0439835637808,
        "max": 1,
        "mean": 0.991482794285,
        "median": 1,
        "min": 0,
        "var": 0.00844462774694
    },
    "silence_rate_60dB": {
        "dmean": 0.000774593325332,
        "dmean2": 0.00154978688806,
        "dvar": 0.00077398942085,
        "dvar2": 0.00154736766126,
        "max": 1,
        "mean": 0.00851722806692,
        "median": 0,
        "min": 0,
        "var": 0.00844462122768
    },
    "spectral_centroid": {
        "dmean": 176.310699463,
        "dmean2": 281.790618896,
        "dvar": 35674.9882812,
        "dvar2": 79677.8671875,
        "max": 3647.00927734,
        "mean": 1010.2635498,
        "median": 955.967712402,
        "min": 280.708770752,
        "var": 177331.953125
    },
    "spectral_complexity": {
        "dmean": 3.15414404869,
        "dmean2": 5.04688119888,
        "dvar": 10.5579433441,
        "dvar2": 23.2612304688,
        "max": 55,
        "mean": 20.7471923828,
        "median": 20,
        "min": 0,
        "var": 70.3251800537
    },
    "spectral_decrease": {
        "dmean": 3.32901795019e-09,
        "dmean2": 5.51483703148e-09,
        "dvar": 3.47859788563e-17,
        "dvar2": 9.20845251163e-17,
        "max": -8.29521794679e-14,
        "mean": -9.52990841796e-09,
        "median": -8.24905654895e-09,
        "min": -5.65499682637e-08,
        "var": 4.17032601852e-17
    },
    "spectral_energy": {
        "dmean": 0.0128766410053,
        "dmean2": 0.02130253613,
        "dvar": 0.00050788972294,
        "dvar2": 0.00134215899743,
        "max": 0.216141983867,
        "mean": 0.0378725491464,
        "median": 0.032878741622,
        "min": 3.41857116837e-07,
        "var": 0.000631395145319
    },
    "spectral_energyband_high": {
        "dmean": 0.000299224077025,
        "dmean2": 0.000421416421887,
        "dvar": 6.14882878835e-07,
        "dvar2": 1.10966027478e-06,
        "max": 0.0176886562258,
        "mean": 0.000759077665862,
        "median": 0.000367891130736,
        "min": 6.47829434541e-09,
        "var": 1.95839970729e-06
    },
    "spectral_energyband_low": {
        "dmean": 0.00934660434723,
        "dmean2": 0.0158346686512,
        "dvar": 0.000496143882629,
        "dvar2": 0.00132284115534,
        "max": 0.184881731868,
        "mean": 0.0146386194974,
        "median": 0.00916152633727,
        "min": 1.01609863634e-07,
        "var": 0.000415161979618
    },
    "spectral_energyband_middle_high": {
        "dmean": 0.00121656164993,
        "dmean2": 0.0018780073151,
        "dvar": 3.25370751852e-06,
        "dvar2": 7.47590001993e-06,
        "max": 0.0312483869493,
        "mean": 0.00497847609222,
        "median": 0.0033959671855,
        "min": 1.03902806359e-07,
        "var": 2.3367078029e-05
    },
    "spectral_energyband_middle_low": {
        "dmean": 0.00558221898973,
        "dmean2": 0.00919604673982,
        "dvar": 4.44731558673e-05,
        "dvar2": 0.000118625946925,
        "max": 0.0771808624268,
        "mean": 0.0192247014493,
        "median": 0.0173332262784,
        "min": 1.3636176277e-07,
        "var": 0.000130408865516
    },
    "spectral_entropy": {
        "dmean": 0.141451776028,
        "dmean2": 0.208200782537,
        "dvar": 0.0241967253387,
        "dvar2": 0.0438611358404,
        "max": 8.3687543869,
        "mean": 7.38781833649,
        "median": 7.46352386475,
        "min": 5.95510673523,
        "var": 0.158775642514
    },
    "spectral_flux": {
        "dmean": 0.0277637857944,
        "dmean2": 0.0432497859001,
        "dvar": 0.00160369405057,
        "dvar2": 0.00334190833382,
        "max": 0.39367082715,
        "mean": 0.0880221053958,
        "median": 0.0760808885098,
        "min": 0.000584685476497,
        "var": 0.00296731526032
    },
    "spectral_kurtosis": {
        "dmean": 2.11638569832,
        "dmean2": 3.67341637611,
        "dvar": 5.78661632538,
        "dvar2": 17.17045784,
        "max": 31.7038002014,
        "mean": 3.70015025139,
        "median": 2.74579048157,
        "min": -1.02257728577,
        "var": 11.769575119
    },
    "spectral_rms": {
        "dmean": 0.000910835864488,
        "dmean2": 0.00146302592475,
        "dvar": 1.66272604929e-06,
        "dvar2": 4.15619842897e-06,
        "max": 0.0145213715732,
        "mean": 0.00579382153228,
        "median": 0.00566364033148,
        "min": 1.82625062735e-05,
        "var": 3.38030508829e-06
    },
    "spectral_rolloff": {
        "dmean": 315.810028076,
        "dmean2": 535.468566895,
        "dvar": 373540.125,
        "dvar2": 852336.375,
        "max": 8462.54882812,
        "mean": 942.45703125,
        "median": 645.99609375,
        "min": 107.666015625,
        "var": 838104.9375
    },
    "spectral_skewness": {
        "dmean": 0.25077226758,
        "dmean2": 0.414339214563,
        "dvar": 0.0587164573371,
        "dvar2": 0.155620247126,
        "max": 3.69710898399,
        "mean": 1.36516916752,
        "median": 1.30754709244,
        "min": -0.0563558116555,
        "var": 0.22600838542
    },
    "spectral_spread": {
        "dmean": 366069.78125,
        "dmean2": 525107.75,
        "dvar": 182923608064,
        "dvar2": 319430721536,
        "max": 13930454,
        "mean": 3855422.75,
        "median": 3833177,
        "min": 1658646.875,
        "var": 849385816064
    },
    "spectral_strongpeak": {
        "dmean": 0.450238764286,
        "dmean2": 0.769165635109,
        "dvar": 0.529459297657,
        "dvar2": 1.25302243233,
        "max": 7.53973340988,
        "mean": 0.915881574154,
        "median": 0.520448923111,
        "min": 0.000773926440161,
        "var": 1.14640688896
    },
    "zerocrossingrate": {
        "dmean": 0.00712187122554,
        "dmean2": 0.00870601087809,
        "dvar": 7.22233162378e-05,
        "dvar2": 8.44752939884e-05,
        "max": 0.21435546875,
        "mean": 0.0453600622714,
        "median": 0.0419921875,
        "min": 0.00537109375,
        "var": 0.00052961113397
    },
    "barkbands": {
        "dmean": [2.22141698032e-05, 0.00513425003737, 0.00458644656464, 0.00176326639485, 0.00273835333064, 0.00228039198555, 0.000606139714364, 0.000508191995323, 0.00111568719149, 0.000308209477225, 0.000427520513767, 0.000248518161243, 0.000251018733252, 0.000283161934931, 0.000262060697423, 0.000232237929595, 0.000200144771952, 0.000159070812515, 0.000117258692626, 6.73314934829e-05, 8.92992829904e-05, 9.62500271271e-05, 8.60713917064e-05, 6.20168284513e-05, 1.47404734889e-05, 1.3857672343e-08, 1.75312409034e-09],
        "dmean2": [3.87474210584e-05, 0.00866808462888, 0.00805100239813, 0.00296370289288, 0.00447575375438, 0.00401717005298, 0.00094450218603, 0.000770737591665, 0.00172652781475, 0.000474442436825, 0.000658833887428, 0.000376754818717, 0.000384333368856, 0.000445983256213, 0.000420648604631, 0.00037904936471, 0.000332989933668, 0.000262176588876, 0.000192538835108, 0.000108881817141, 0.00014345945965, 0.000146945836605, 0.000122755620396, 8.87753776624e-05, 2.16338830796e-05, 2.19499423082e-08, 3.28046412257e-09],
        "dvar": [1.12741527225e-09, 0.000160002164193, 0.000119590535178, 7.55306882638e-06, 1.60973522725e-05, 1.00857960206e-05, 1.00533873137e-06, 1.26969791836e-06, 7.7575477917e-06, 5.89241892612e-07, 9.43798681874e-07, 3.40869092952e-07, 5.93733943788e-07, 3.8800928337e-07, 3.32637000611e-07, 1.81778688102e-07, 9.5224450547e-08, 9.73834133333e-08, 2.93501951631e-08, 2.30997105888e-08, 3.39337091759e-08, 6.69431017286e-08, 5.83290002965e-08, 4.83317137423e-08, 2.255186482e-09, 2.30520842452e-15, 6.59941815333e-18],
        "dvar2": [3.18773452079e-09, 0.000417915609432, 0.000338862184435, 2.14743813558e-05, 4.18220333813e-05, 2.87351231236e-05, 2.53285088547e-06, 2.58893987848e-06, 1.91072012967e-05, 1.47597177147e-06, 2.14915462493e-06, 6.99987253938e-07, 1.2918618495e-06, 9.58995656219e-07, 8.38698099415e-07, 4.72860421041e-07, 2.34169647229e-07, 2.50726543527e-07, 7.38830010505e-08, 5.33657846802e-08, 8.32391648942e-08, 1.58236488801e-07, 1.035978201e-07, 9.60218571322e-08, 4.62144855717e-09, 5.66439519191e-15, 2.16913821961e-17],
        "max": [0.000533226062544, 0.0976251810789, 0.101794019341, 0.0396608375013, 0.0604743883014, 0.0423980168998, 0.018846783787, 0.0211673472077, 0.0484051480889, 0.0136466808617, 0.0208593886346, 0.0156205072999, 0.0164280310273, 0.0152260409668, 0.0102289859205, 0.0118773970753, 0.00586923118681, 0.00964601989836, 0.00259554036893, 0.00361568829976, 0.00392138352618, 0.00607557967305, 0.00631282571703, 0.00733583653346, 0.00116520700976, 1.39331564242e-06, 2.83399295142e-08],
        "mean": [2.74593894574e-05, 0.00713651813567, 0.00580330193043, 0.00315350899473, 0.00692170392722, 0.0039512552321, 0.0012546419166, 0.00114541477524, 0.00266017252579, 0.000570864416659, 0.000909879396204, 0.00045961359865, 0.00047125419951, 0.000563750043511, 0.000545373477507, 0.000456375535578, 0.000424990896136, 0.000329592672642, 0.00025524161174, 0.000145457801409, 0.00018366331642, 0.000184277974768, 0.000179578011739, 0.000115215778351, 2.33768987528e-05, 1.87736368673e-08, 1.37218603147e-09],
        "median": [1.49667448568e-05, 0.00443166680634, 0.00264269835316, 0.00174090173095, 0.00510259019211, 0.00297568133101, 0.000838408945128, 0.000404981663451, 0.000910116010346, 0.00015770625032, 0.000316108344123, 0.000181171824806, 0.000133967623697, 0.000184631950106, 0.000176472385647, 0.000291898351861, 0.000292469892884, 0.000225424970267, 0.000162728218129, 9.07375433599e-05, 0.000104692291643, 7.6423297287e-05, 6.37506891508e-05, 4.02969599236e-05, 7.94046718511e-06, 6.70534605618e-09, 5.56639012661e-10],
        "min": [1.14684404195e-08, 3.20462518744e-08, 5.6061814746e-08, 6.3646319326e-09, 1.67127982564e-08, 5.57006210045e-08, 3.10950127869e-08, 6.26858476238e-09, 1.31686181959e-08, 1.84676913761e-08, 3.24153326403e-09, 8.4160651781e-09, 5.28646237896e-09, 3.63752139521e-09, 5.76683056863e-09, 1.71910414792e-08, 1.2568323271e-08, 1.0906209269e-08, 1.9653576544e-08, 3.47695428005e-09, 1.81671810928e-09, 1.36243494264e-09, 8.51352932596e-10, 2.48836506955e-10, 5.51072729116e-11, 9.56107241989e-12, 1.17049659895e-11],
        "var": [1.29151411787e-09, 0.000129098829348, 9.35999996727e-05, 1.48425579027e-05, 4.30583568232e-05, 1.47147311509e-05, 1.95880375031e-06, 5.05841899212e-06, 2.74211051874e-05, 1.7937204575e-06, 3.5859518448e-06, 1.20358072309e-06, 1.52187442382e-06, 1.36168978315e-06, 1.04476396245e-06, 3.33533279218e-07, 2.08752666708e-07, 1.44892354115e-07, 7.50277635575e-08, 4.82978350647e-08, 7.12026704264e-08, 1.3750765504e-07, 1.89650180005e-07, 1.13423709536e-07, 4.4876173888e-09, 3.08952429951e-15, 4.98747475004e-18]
    },
    "erbbands": {
        "dmean": [0.0677591785789, 1.44236981869, 5.10043334961, 5.29579162598, 6.04555082321, 12.5620937347, 16.3261260986, 14.8736381531, 7.6604590416, 10.5491333008, 16.6791114807, 19.5764217377, 16.2557678223, 13.8639335632, 10.9559164047, 9.13644599915, 9.49023151398, 13.4951047897, 11.4077634811, 12.0573530197, 14.1549243927, 12.1009235382, 8.16162109375, 6.48300504684, 4.76212024689, 3.06511187553, 3.21897816658, 3.72712039948, 3.38161158562, 3.393055439, 2.22165083885, 1.49015080929, 0.925003647804, 0.316371321678, 0.015151033178, 0.000703654775862, 4.83446456201e-05, 8.00984707894e-06, 7.07426852387e-06, 1.45321801028e-05],
        "dmean2": [0.109975397587, 2.44962024689, 8.9753074646, 9.0001707077, 9.96094989777, 20.1581001282, 27.6301841736, 26.5481376648, 12.8045578003, 15.8014879227, 25.3479614258, 30.5399684906, 23.9299697876, 21.2958908081, 16.8081245422, 13.8003559113, 14.4485816956, 20.8263072968, 17.8864517212, 19.3353939056, 23.0764369965, 20.1493759155, 13.4666719437, 10.5511713028, 7.82198047638, 4.97644805908, 5.23605585098, 5.99156188965, 5.25769615173, 5.06899499893, 3.16302227974, 2.15858888626, 1.34635388851, 0.463470607996, 0.0231301728636, 0.00105515541509, 6.85095947119e-05, 1.12258439913e-05, 1.10620831038e-05, 2.38088923652e-05],
        "dvar": [0.020542005077, 13.1409854889, 168.526412964, 82.4119567871, 80.6746902466, 418.133850098, 419.993377686, 781.687683105, 364.349731445, 298.151550293, 1227.22753906, 2919.47607422, 1778.43103027, 1359.38598633, 557.997375488, 473.413970947, 590.155212402, 1026.63745117, 745.822814941, 694.763244629, 658.84564209, 333.02734375, 265.471679688, 97.3365097046, 84.9646530151, 43.8439331055, 48.864566803, 61.8202171326, 71.2627105713, 102.149642944, 42.2177276611, 27.9183254242, 9.72861003876, 1.03526759148, 0.00439144251868, 8.03779494163e-06, 2.49602987168e-08, 5.5939419763e-10, 1.38909939107e-10, 6.1000043905e-10],
        "dvar2": [0.0499795749784, 34.6181259155, 474.658660889, 231.132217407, 228.95866394, 1057.24035645, 1070.01171875, 2245.74169922, 999.234191895, 654.211181641, 2683.28076172, 7670.51123047, 3451.1159668, 3267.12939453, 1214.57910156, 960.02557373, 1294.18884277, 2304.5703125, 1768.10205078, 1769.5736084, 1704.27490234, 803.937805176, 673.418457031, 241.403106689, 220.997161865, 99.9128036499, 117.927780151, 150.672210693, 169.097702026, 218.291381836, 71.7138366699, 57.8240127563, 17.4975318909, 2.01426792145, 0.0103785870597, 1.8159069441e-05, 4.8283908427e-08, 9.78929382001e-10, 3.26493165836e-10, 1.60079804967e-09],
        "max": [1.47324478626, 26.9870738983, 118.434898376, 112.576416016, 121.692070007, 351.296356201, 325.678131104, 347.528320312, 393.846191406, 342.182250977, 775.391174316, 1065.68359375, 979.88671875, 930.837402344, 462.977813721, 436.683868408, 671.922790527, 855.755554199, 576.847839355, 497.767730713, 636.209533691, 352.293548584, 520.514099121, 175.910202026, 187.795547485, 158.021881104, 153.23487854, 138.307098389, 179.116882324, 254.436050415, 190.73588562, 168.813446045, 100.595306396, 26.2425174713, 2.21276712418, 0.0928098261356, 0.00487722503021, 0.000676808820572, 0.000186620294699, 0.000235172134126],
        "mean": [0.114714331925, 1.94769430161, 6.61244344711, 9.03851318359, 13.2301740646, 30.4721260071, 36.2594566345, 22.5714530945, 14.1495218277, 22.7961139679, 40.2173156738, 45.4496269226, 35.0982398987, 31.2426509857, 24.1157531738, 18.2569656372, 21.0670547485, 30.5107192993, 24.4220657349, 26.1058235168, 29.3285369873, 27.0721092224, 18.635181427, 15.423576355, 9.97325229645, 6.82478380203, 6.86439657211, 7.29351711273, 6.43087482452, 6.88493204117, 4.53795909882, 2.90327787399, 1.66302132607, 0.523657381535, 0.0204205717891, 0.00103189353831, 9.77124800556e-05, 1.87992900464e-05, 2.29515080719e-05, 4.47449565399e-05],
        "median": [0.060374815017, 1.13312923908, 3.01737308502, 5.50583600998, 9.89734840393, 19.3120918274, 27.7818107605, 15.4630632401, 8.26727199554, 13.5075597763, 17.2412624359, 15.3377637863, 9.80246543884, 10.4625921249, 10.0935544968, 7.67495965958, 7.58468341827, 9.04780864716, 8.60076808929, 12.286781311, 19.1253299713, 19.1457633972, 13.2356004715, 10.1849822998, 6.30115461349, 4.2455163002, 4.19444704056, 3.78861045837, 2.6911611557, 2.58827400208, 1.55737555027, 0.966372430325, 0.596188306808, 0.184487342834, 0.00559498323128, 0.000328818918206, 4.61437884951e-05, 9.6545818451e-06, 1.90821592696e-05, 3.89835659007e-05],
        "min": [9.84981170404e-07, 7.59778913562e-06, 5.79126208322e-05, 4.39868817921e-05, 1.80495353561e-05, 8.82842359715e-05, 8.31736761029e-05, 0.000570502656046, 0.0005621596938, 0.000286154885544, 0.000236499836319, 0.000240656212554, 0.000645147520117, 0.000222168921027, 0.000239124157815, 0.000285900488961, 0.000225123585551, 0.000185234574019, 0.000258637155639, 0.00043136277236, 0.00107648875564, 0.000727586331777, 0.00073542498285, 0.00125634833239, 0.000448279432021, 0.000200696973479, 0.000106784595118, 4.38600982307e-05, 4.60259361716e-05, 5.05410680489e-05, 1.94875956367e-05, 8.50854121381e-06, 2.73971522802e-06, 9.36750382152e-07, 1.10966297484e-07, 3.78139795032e-08, 1.95236129485e-08, 6.96568092096e-09, 1.9129400286e-09, 5.82715042885e-10],
        "var": [0.0231403298676, 10.3396711349, 128.08215332, 105.874542236, 149.152008057, 1171.10803223, 1023.18719482, 749.38848877, 407.14440918, 890.170715332, 4678.20703125, 9844.08496094, 6117.64941406, 4861.89550781, 1906.65661621, 1449.45898438, 1874.41137695, 4889.10791016, 1904.3470459, 1810.4263916, 1323.59790039, 780.918518066, 412.11932373, 252.834197998, 154.483581543, 101.160614014, 98.80027771, 124.750701904, 141.815628052, 253.595504761, 143.476699829, 67.7381362915, 24.6296787262, 2.24640321732, 0.0053397975862, 1.11753697638e-05, 5.34001713959e-08, 1.50310952574e-09, 2.83902235054e-10, 8.33187741023e-10]
    },
    "gfcc": {
        "mean": [-5.77869749069, 146.349807739, -141.362518311, 65.1216888428, -70.8328552246, 11.1109886169, -36.2002754211, -6.14139556885, -1.32101714611, -27.1922645569, 2.57213354111, -17.5753993988, 7.40186262131],
        "cov": [[2943.09350586, -937.647460938, -164.570220947, 150.723770142, -378.873687744, 621.130493164, -228.481430054, -1.09278535843, -84.9568557739, 91.1588745117, -99.6913299561, -91.5783309937, -27.7102909088], [-937.647460938, 775.459655762, 19.1232376099, -167.359817505, 333.002044678, -277.793701172, 220.932876587, -32.3328819275, 89.0468597412, -64.1082382202, 49.8226280212, -3.99532675743, 10.2993907928], [-164.570220947, 19.1232376099, 311.426025391, 105.530822754, 18.747713089, -17.4687538147, -24.3845844269, 69.388343811, -9.3109664917, -3.54008746147, 10.3636636734, 10.7735242844, 13.9648017883], [150.723770142, -167.359817505, 105.530822754, 273.506896973, -10.4491024017, -0.788697659969, -27.7896652222, 3.05400514603, 7.44970273972, 3.28714680672, 19.4884243011, 14.25644207, -20.8600521088], [-378.873687744, 333.002044678, 18.747713089, -10.4491024017, 271.157409668, -97.4545898438, 93.5795898438, -5.85019731522, 31.3729667664, -25.4509048462, 20.1445865631, -11.8173189163, -5.83890104294], [621.130493164, -277.793701172, -17.4687538147, -0.788697659969, -97.4545898438, 273.4296875, -45.9148178101, 9.92972278595, -38.772277832, 22.3000831604, -29.5170631409, -21.9936103821, -1.37471163273], [-228.481430054, 220.932876587, -24.3845844269, -27.7896652222, 93.5795898438, -45.9148178101, 176.512985229, -9.65178871155, 27.6311969757, -24.3857212067, 15.4915342331, 5.08947944641, -8.97123527527], [-1.09278535843, -32.3328819275, 69.388343811, 3.05400514603, -5.85019731522, 9.92972278595, -9.65178871155, 95.6408843994, 12.0105714798, 6.19293355942, -14.3617801666, -6.32061481476, 15.706817627], [-84.9568557739, 89.0468597412, -9.3109664917, 7.44970273972, 31.3729667664, -38.772277832, 27.6311969757, 12.0105714798, 108.483757019, 19.2489700317, -1.13692772388, -11.6315555573, -4.49955463409], [91.1588745117, -64.1082382202, -3.54008746147, 3.28714680672, -25.4509048462, 22.3000831604, -24.3857212067, 6.19293355942, 19.2489700317, 65.8435974121, 10.7331914902, -3.14332699776, -0.0634476915002], [-99.6913299561, 49.8226280212, 10.3636636734, 19.4884243011, 20.1445865631, -29.5170631409, 15.4915342331, -14.3617801666, -1.13692772388, 10.7331914902, 66.6783447266, 30.161491394, -10.3001804352], [-91.5783309937, -3.99532675743, 10.7735242844, 14.25644207, -11.8173189163, -21.9936103821, 5.08947944641, -6.32061481476, -11.6315555573, -3.14332699776, 30.161491394, 62.8746261597, 22.7248077393], [-27.7102909088, 10.2993907928, 13.9648017883, -20.8600521088, -5.83890104294, -1.37471163273, -8.97123527527, 15.706817627, -4.49955463409, -0.0634476915002, -10.3001804352, 22.7248077393, 68.5666122437]],
        "icov": [[0.000885126821231, -0.000341118808137, 0.0007428615354, -0.000974444090389, 0.000647725129966, -0.00180450582411, 0.000519898720086, -0.000236423729802, 0.000330086215399, -0.000517209293321, 0.000365226529539, 0.000660506892018, -4.05018108722e-05], [-0.000341118808137, 0.018170395866, -0.00659648515284, 0.0123233105987, -0.0116288252175, 0.0100810267031, -0.00968947540969, 0.00832584407181, -0.00931328907609, 0.00990429986268, -0.0114076398313, 0.00870865955949, -0.00693972967565], [0.0007428615354, -0.00659648515284, 0.00765818404034, -0.0068187424913, 0.00398891745135, -0.00447294954211, 0.00426476774737, -0.00670051574707, 0.00446731504053, -0.00335943931714, 0.00313416449353, -0.00233687390573, 0.00153517117724], [-0.000974444090389, 0.0123233105987, -0.0068187424913, 0.0137121705338, -0.00816705543548, 0.00791286677122, -0.00605528661981, 0.0066175153479, -0.00750160124153, 0.00726981647313, -0.00807393528521, 0.00352636561729, -0.00239664129913], [0.000647725129966, -0.0116288252175, 0.00398891745135, -0.00816705543548, 0.0131523450837, -0.00591045152396, 0.00410759588704, -0.00495611224324, 0.00541612971574, -0.00500913755968, 0.00501609174535, -0.00182694057003, 0.00309552601539], [-0.00180450582411, 0.0100810267031, -0.00447294954211, 0.00791286677122, -0.00591045152396, 0.013402659446, -0.00620653200895, 0.00427829427645, -0.00344171049073, 0.00425075180829, -0.00528085464612, 0.00490161916241, -0.00359166227281], [0.000519898720086, -0.00968947540969, 0.00426476774737, -0.00605528661981, 0.00410759588704, -0.00620653200895, 0.0132278045639, -0.00458530057222, 0.00295207998715, -0.00254026055336, 0.00491613149643, -0.00582935009152, 0.00482310075313], [-0.000236423729802, 0.00832584407181, -0.00670051574707, 0.0066175153479, -0.00495611224324, 0.00427829427645, -0.00458530057222, 0.0180713012815, -0.00626818230376, 0.00352136138827, -0.00291289412417, 0.00500436173752, -0.00554835330695], [0.000330086215399, -0.00931328907609, 0.00446731504053, -0.00750160124153, 0.00541612971574, -0.00344171049073, 0.00295207998715, -0.00626818230376, 0.0169463735074, -0.010228453204, 0.0073288558051, -0.00240799109451, 0.0035562608391], [-0.000517209293321, 0.00990429986268, -0.00335943931714, 0.00726981647313, -0.00500913755968, 0.00425075180829, -0.00254026055336, 0.00352136138827, -0.010228453204, 0.0259906444699, -0.0139051992446, 0.00803948473185, -0.0056817275472], [0.000365226529539, -0.0114076398313, 0.00313416449353, -0.00807393528521, 0.00501609174535, -0.00528085464612, 0.00491613149643, -0.00291289412417, 0.0073288558051, -0.0139051992446, 0.034110121429, -0.0208607390523, 0.0129042025656], [0.000660506892018, 0.00870865955949, -0.00233687390573, 0.00352636561729, -0.00182694057003, 0.00490161916241, -0.00582935009152, 0.00500436173752, -0.00240799109451, 0.00803948473185, -0.0208607390523, 0.0352698192, -0.016432473436], [-4.05018108722e-05, -0.00693972967565, 0.00153517117724, -0.00239664129913, 0.00309552601539, -0.00359166227281, 0.00482310075313, -0.00554835330695, 0.0035562608391, -0.0056817275472, 0.0129042025656, -0.016432473436, 0.0242750048637]]
    },
    "melbands": {
        "dmean": [0.00104308011942, 0.00241142557934, 0.00090815074509, 0.000608982925769, 0.000538958585821, 0.00036244885996, 0.000114110705908, 0.000109669992526, 0.000161439937074, 0.000129832536913, 8.26123068691e-05, 5.54617399757e-05, 4.89165868203e-05, 2.2287678803e-05, 2.92999557132e-05, 2.57141091424e-05, 2.5799150535e-05, 1.97698191187e-05, 2.10651851376e-05, 1.28701894937e-05, 1.77519195859e-05, 1.44953846757e-05, 9.53743619903e-06, 8.15855219116e-06, 5.75680587644e-06, 4.61695071863e-06, 2.90246953227e-06, 1.99781857191e-06, 2.03641479857e-06, 2.46401850745e-06, 2.16887497118e-06, 1.95095799427e-06, 2.08975188798e-06, 1.98716224986e-06, 1.38776647418e-06, 1.18549439776e-06, 9.20431375562e-07, 7.04400974882e-07, 5.38505560144e-07, 1.79780911935e-07],
        "dmean2": [0.00173279817682, 0.00419698329642, 0.00153721531387, 0.000987292034552, 0.000903908279724, 0.00064457685221, 0.000187543017091, 0.000164476019563, 0.000245788105531, 0.000202574112336, 0.000121758828755, 8.52429730003e-05, 7.59356626077e-05, 3.39658618032e-05, 4.43306853413e-05, 3.97330040869e-05, 3.9974856918e-05, 3.10030627588e-05, 3.38792779075e-05, 2.09441204788e-05, 2.88937590085e-05, 2.43893555307e-05, 1.5751027604e-05, 1.35213722388e-05, 9.49107652559e-06, 7.62448780733e-06, 4.82842096972e-06, 3.2396305869e-06, 3.29896261064e-06, 4.05516129831e-06, 3.53558016286e-06, 3.09714687319e-06, 3.18133538713e-06, 2.99623980027e-06, 2.04493767342e-06, 1.7399436274e-06, 1.36410358209e-06, 1.0362402918e-06, 7.96967583483e-07, 2.73968566944e-07],
        "dvar": [5.96465270064e-06, 3.82824982808e-05, 2.24140489991e-06, 8.01703265552e-07, 4.7628759603e-07, 3.78421248115e-07, 6.48129017122e-08, 3.30545226745e-08, 1.21651069662e-07, 1.33325471552e-07, 4.55732909188e-08, 2.12269384292e-08, 1.134001959e-08, 3.7272025466e-09, 5.27998489375e-09, 6.44887254708e-09, 3.56493190523e-09, 2.64154942364e-09, 2.56576959679e-09, 7.04453717582e-10, 1.03721620182e-09, 4.84703110981e-10, 3.48825773822e-10, 1.72874325965e-10, 7.4973686981e-11, 4.78591194453e-11, 5.72745809113e-11, 1.59112046455e-11, 1.98045121969e-11, 2.53345001228e-11, 2.30353462e-11, 2.47861765834e-11, 3.23927586143e-11, 3.46437427357e-11, 1.68569637415e-11, 1.51293214068e-11, 1.07132375887e-11, 5.96459210148e-12, 2.92685168636e-12, 3.93029277743e-13],
        "dvar2": [1.51904378072e-05, 0.00010512429435, 6.26310838925e-06, 2.15408840631e-06, 1.16059584343e-06, 1.08868755433e-06, 1.78357879577e-07, 7.32485361254e-08, 2.8404627983e-07, 3.41332878406e-07, 8.87369822067e-08, 5.1646093624e-08, 2.61290544756e-08, 6.8251941876e-09, 1.0870148337e-08, 1.4553610761e-08, 8.18615397691e-09, 6.22240037274e-09, 6.48785603019e-09, 1.86914173028e-09, 2.67185584768e-09, 1.22709398198e-09, 8.52320214406e-10, 4.38113045842e-10, 1.89937954254e-10, 1.23579133038e-10, 1.45023382192e-10, 3.53631984806e-11, 4.77015614508e-11, 6.5672342564e-11, 5.53631723799e-11, 6.18809795072e-11, 7.47752623709e-11, 7.36959451797e-11, 3.18819588785e-11, 3.08754827261e-11, 2.33466371236e-11, 1.05616349e-11, 5.68981623969e-12, 8.385369764e-13],
        "max": [0.0208208337426, 0.054493136704, 0.0174279995263, 0.0144039429724, 0.0100924037397, 0.00778392376378, 0.00503998110071, 0.00321734929457, 0.00876053515822, 0.00682018790394, 0.004910253454, 0.00347928656265, 0.00215720920824, 0.00228942348622, 0.00228112749755, 0.00167339737527, 0.00154591549654, 0.00100696459413, 0.00104451691732, 0.00066754798172, 0.000735234119929, 0.000442560820375, 0.000621043203864, 0.000262302230112, 0.00013788061915, 0.000110374981887, 0.00018823017308, 8.79370345501e-05, 8.72166929184e-05, 0.000107750180177, 8.16164756543e-05, 9.44845523918e-05, 0.000126188664581, 0.000145401470945, 0.000110987624794, 0.000109579297714, 0.000111359113362, 7.83374562161e-05, 4.79675982206e-05, 1.72870550159e-05],
        "mean": [0.00154716428369, 0.00326394010335, 0.00169396947604, 0.0015281974338, 0.00131941423751, 0.000576703459956, 0.000215451218537, 0.000233688930166, 0.000382270227419, 0.000297240738291, 0.000172924730578, 0.000119770120364, 0.000104586470115, 4.23553392466e-05, 5.3795385611e-05, 5.16689033248e-05, 5.55789702048e-05, 3.72146205336e-05, 4.31848093285e-05, 2.62291014224e-05, 3.40910883097e-05, 2.87933034997e-05, 1.92404731933e-05, 1.58960137924e-05, 1.20503245853e-05, 9.01480780158e-06, 5.14480007041e-06, 4.27586519436e-06, 4.102550065e-06, 4.61351828562e-06, 3.98641577704e-06, 3.42297653333e-06, 3.80850747206e-06, 3.87956515624e-06, 2.63687888946e-06, 2.18427203436e-06, 1.64051550655e-06, 1.21481582482e-06, 9.29027351049e-07, 2.51203118751e-07],
        "median": [0.00097009941237, 0.00172528997064, 0.00112186325714, 0.00114214944188, 0.000979515374638, 0.000412151654018, 0.000134981120937, 0.00012311770115, 0.000153920787852, 8.90323790372e-05, 4.4396991143e-05, 3.81276295229e-05, 3.98101510655e-05, 1.68168335222e-05, 2.06961485674e-05, 1.31956312543e-05, 1.62071355589e-05, 1.23227018776e-05, 1.31791912281e-05, 1.58137008839e-05, 2.12694012589e-05, 1.91342896869e-05, 1.37884890137e-05, 1.01622708826e-05, 7.6602336776e-06, 5.68193217987e-06, 2.89729223368e-06, 2.6422890187e-06, 2.52987206295e-06, 2.60061415247e-06, 1.91426852325e-06, 1.41988414271e-06, 1.48982996961e-06, 1.41929024267e-06, 9.02438841877e-07, 6.61385115563e-07, 5.44091051324e-07, 4.10323536926e-07, 3.34661280021e-07, 7.25544992974e-08],
        "min": [8.80551986882e-09, 2.35635475576e-08, 6.93826818221e-09, 3.69887520613e-09, 3.19907744739e-09, 1.24160983717e-08, 8.8807512455e-09, 2.52665266487e-09, 2.10967798786e-09, 1.57616730778e-09, 3.37327676903e-09, 1.0615581747e-09, 5.8250360091e-10, 8.4606738282e-10, 9.36759558812e-10, 3.67805952362e-10, 3.13076509162e-10, 3.95954852239e-10, 4.56450460762e-10, 8.70478022996e-10, 1.25256871542e-09, 7.5902978347e-10, 5.19652931796e-10, 7.20327575365e-10, 1.13810239011e-09, 2.69289701649e-10, 2.20223297931e-10, 1.21733137459e-10, 7.68960589648e-11, 2.59212443177e-11, 2.52178018051e-11, 2.16197233727e-11, 3.40457453896e-11, 2.51011416513e-11, 1.11243878692e-11, 8.06163642786e-12, 4.08821631062e-12, 1.96493884531e-12, 1.41392258145e-12, 5.09674876088e-13],
        "var": [5.25062296219e-06, 2.92246695608e-05, 3.08132530336e-06, 1.97067470253e-06, 1.3204401057e-06, 3.99134222562e-07, 7.91361074448e-08, 1.11865510632e-07, 4.60228875454e-07, 4.22135201461e-07, 1.57756545605e-07, 7.41278967098e-08, 4.00516988464e-08, 1.44746259423e-08, 1.67877463042e-08, 2.00333811762e-08, 1.56424082576e-08, 5.7242428575e-09, 8.05627387024e-09, 1.38876865563e-09, 1.91773708025e-09, 1.02517672129e-09, 5.1501108933e-10, 3.42825490218e-10, 1.72011724309e-10, 1.04497743791e-10, 8.1867311541e-11, 3.96942166636e-11, 3.74708632178e-11, 4.59276505715e-11, 4.41288949826e-11, 4.11788970978e-11, 7.12267120284e-11, 8.37308555823e-11, 4.99623398209e-11, 4.26780069618e-11, 2.23507098246e-11, 1.46059154355e-11, 7.15064509341e-12, 6.1843097917e-13]
    },
    "mfcc": {
        "mean": [-622.22467041, 135.333282471, 5.31178092957, 35.2132987976, 5.96524763107, 4.6837553978, -10.5224304199, 10.1623363495, -2.10219359398, -1.06328141689, -6.10290575027, -0.240302339196, -6.44018030167],
        "cov": [[3287.50244141, -1191.4309082, 128.689086914, -455.611938477, -46.870223999, 322.638946533, -24.567987442, -33.9269714355, -26.8234462738, 58.253036499, 69.1092758179, -83.9881134033, -129.462432861], [-1191.4309082, 1023.40789795, -258.503112793, 148.467437744, 26.4372882843, -95.0749206543, 62.3335342407, 42.461265564, 51.3165359497, 13.9387722015, -5.89443016052, 31.8950481415, 34.5178947449], [128.689086914, -258.503112793, 334.444641113, 9.98095035553, 29.1760845184, -19.960231781, -0.904620707035, 6.16289138794, 10.3299264908, -7.75145626068, -18.8667259216, 15.1694087982, 31.2963008881], [-455.611938477, 148.467437744, 9.98095035553, 334.072753906, 48.9028015137, -46.7463302612, -2.2523150444, 24.7871417999, -11.981631279, -3.77912259102, -19.0617733002, 61.6023368835, 56.1667175293], [-46.870223999, 26.4372882843, 29.1760845184, 48.9028015137, 156.852081299, -7.83507204056, 8.518201828, -4.53277873993, 17.0326347351, 8.09205055237, -5.99144506454, 4.53354406357, 12.460313797], [322.638946533, -95.0749206543, -19.960231781, -46.7463302612, -7.83507204056, 149.221847534, 21.7010173798, 13.0587768555, -14.8607292175, 18.511384964, 15.7712602615, -6.90237045288, -18.102766037], [-24.567987442, 62.3335342407, -0.904620707035, -2.2523150444, 8.518201828, 21.7010173798, 121.414260864, 30.1138782501, 2.45259237289, -20.2352962494, -5.74373817444, 3.30959177017, 3.19207239151], [-33.9269714355, 42.461265564, 6.16289138794, 24.7871417999, -4.53277873993, 13.0587768555, 30.1138782501, 81.0777740479, 13.913394928, 2.51860427856, -3.63071155548, 5.92676353455, 4.84390830994], [-26.8234462738, 51.3165359497, 10.3299264908, -11.981631279, 17.0326347351, -14.8607292175, 2.45259237289, 13.913394928, 97.5902175903, 34.6550140381, -15.4284076691, -10.3612976074, -1.82393813133], [58.253036499, 13.9387722015, -7.75145626068, -3.77912259102, 8.09205055237, 18.511384964, -20.2352962494, 2.51860427856, 34.6550140381, 90.0701217651, 21.9241046906, -1.65250492096, -7.22947502136], [69.1092758179, -5.89443016052, -18.8667259216, -19.0617733002, -5.99144506454, 15.7712602615, -5.74373817444, -3.63071155548, -15.4284076691, 21.9241046906, 66.3129425049, 9.5705871582, -10.8241376877], [-83.9881134033, 31.8950481415, 15.1694087982, 61.6023368835, 4.53354406357, -6.90237045288, 3.30959177017, 5.92676353455, -10.3612976074, -1.65250492096, 9.5705871582, 75.6171112061, 31.1762676239], [-129.462432861, 34.5178947449, 31.2963008881, 56.1667175293, 12.460313797, -18.102766037, 3.19207239151, 4.84390830994, -1.82393813133, -7.22947502136, -10.8241376877, 31.1762676239, 70.450012207]],
