{
"lowlevel": {
    "average_loudness": 0.69416898489,
    "barkbands_crest": {
        "dmean": 2.01555037498,
        "dmean2": 3.22528862953,
        "dvar": 3.17145323753,
        "dvar2": 8.60875034332,
        "max": 20.5656909943,
        "mean": 8.89586162567,
        "median": 8.2666387558,
        "min": 3.34608674049,
        "var": 11.2708730698
    },
    "barkbands_flatness_db": {
        "dmean": 0.0174459517002,
        "dmean2": 0.0267993230373,
        "dvar": 0.000305030000163,
        "dvar2": 0.000609378854278,
        "max": 0.33428606391,
        "mean": 0.218232616782,
        "median": 0.223876997828,
        "min": 0.0553207062185,
        "var": 0.00184280262329
    },
    "barkbands_kurtosis": {
        "dmean": 1.46890687943,
        "dmean2": 2.36005425453,
        "dvar": 3.85194826126,
        "dvar2": 9.50154018402,
        "max": 35.3955383301,
        "mean": 2.71963357925,
        "median": 1.34082555771,
        "min": -1.82445669174,
        "var": 20.0274047852
    },
    "barkbands_skewness": {
        "dmean": 0.355625480413,
        "dmean2": 0.571645438671,
        "dvar": 0.116453647614,
        "dvar2": 0.278673321009,
        "max": 4.78393650055,
        "mean": 1.21322643757,
        "median": 1.07718813419,
        "min": -1.32524657249,
        "var": 0.797582387924
    },
    "barkbands_spread": {
        "dmean": 2.69005227089,
        "dmean2": 4.05042695999,
        "dvar": 30.0709323883,
        "dvar2": 51.5688972473,
        "max": 90.3059692383,
        "mean": 12.4181842804,
        "median": 9.85950469971,
        "min": 2.0794172287,
        "var": 126.398513794
    },
    "dissonance": {
        "dmean": 0.0253590121865,
        "dmean2": 0.0430056340992,
        "dvar": 0.000548057258129,
        "dvar2": 0.00148487673141,
        "max": 0.499873131514,
        "mean": 0.43896701932,
        "median": 0.448485702276,
        "min": 0.26831176877,
        "var": 0.00167950347532
    },
    "dynamic_complexity": 5.38853979111,
    "erbbands_crest": {
        "dmean": 2.00452661514,
        "dmean2": 3.05988097191,
        "dvar": 3.70650219917,
        "dvar2": 8.93497371674,
        "max": 27.4106521606,
        "mean": 9.61257648468,
        "median": 8.62370872498,
        "min": 3.00317668915,
        "var": 17.0192146301
    },
    "erbbands_flatness_db": {
        "dmean": 0.0138377891853,
        "dmean2": 0.020054332912,
        "dvar": 0.000271042285021,
        "dvar2": 0.000451690226328,
        "max": 0.339754104614,
        "mean": 0.255203455687,
        "median": 0.266499906778,
        "min": 0.0814429298043,
        "var": 0.00220171664841
    },
    "erbbands_kurtosis": {
        "dmean": 0.575467646122,
        "dmean2": 0.874252617359,
        "dvar": 0.544823169708,
        "dvar2": 1.22461998463,
        "max": 13.4599246979,
        "mean": 0.314625650644,
        "median": -0.139993667603,
        "min": -1.54712975025,
        "var": 2.71558189392
    },
    "erbbands_skewness": {
        "dmean": 0.261122018099,
        "dmean2": 0.39619037509,
        "dvar": 0.0631880238652,
        "dvar2": 0.134304061532,
        "max": 3.12725377083,
        "mean": 0.308386415243,
        "median": 0.271776080132,
        "min": -1.97364032269,
        "var": 0.427309900522
    },
    "erbbands_spread": {
        "dmean": 4.02911663055,
        "dmean2": 6.01004266739,
        "dvar": 35.7222137451,
        "dvar2": 68.5808105469,
        "max": 112.408493042,
        "mean": 22.8579406738,
        "median": 20.6432476044,
        "min": 4.85589551926,
        "var": 177.67640686
    },
    "hfc": {
        "dmean": 3.12259054184,
        "dmean2": 4.26944494247,
        "dvar": 74.6711807251,
        "dvar2": 120.185745239,
        "max": 282.468200684,
        "mean": 12.9847860336,
        "median": 6.1543469429,
        "min": 1.32944239795e-06,
        "var": 409.298431396
    },
    "melbands_crest": {
        "dmean": 2.858304739,
        "dmean2": 4.73454761505,
        "dvar": 6.74050426483,
        "dvar2": 19.5875854492,
        "max": 26.9449100494,
        "mean": 12.1513576508,
        "median": 11.3642988205,
        "min": 3.98250460625,
        "var": 18.1949958801
    },
    "melbands_flatness_db": {
        "dmean": 0.0206443499774,
        "dmean2": 0.0309586003423,
        "dvar": 0.000434430112364,
        "dvar2": 0.000802966416813,
        "max": 0.445159494877,
        "mean": 0.298111587763,
        "median": 0.307931065559,
        "min": 0.0374987125397,
        "var": 0.00374699011445
    },
    "melbands_kurtosis": {
        "dmean": 2.37172794342,
        "dmean2": 3.84182929993,
        "dvar": 9.90498638153,
        "dvar2": 25.2742404938,
        "max": 47.4159622192,
        "mean": 5.40867471695,
        "median": 3.19170713425,
        "min": -1.4028493166,
        "var": 38.6664772034
    },
    "melbands_skewness": {
        "dmean": 0.416605144739,
        "dmean2": 0.670401990414,
        "dvar": 0.159166097641,
        "dvar2": 0.423575758934,
        "max": 5.84185266495,
        "mean": 1.71306812763,
        "median": 1.59839975834,
        "min": -0.720432400703,
        "var": 0.974881470203
    },
    "melbands_spread": {
        "dmean": 3.88696789742,
        "dmean2": 5.70437431335,
        "dvar": 69.582359314,
        "dvar2": 95.3855895996,
        "max": 194.789474487,
        "mean": 16.1936511993,
        "median": 13.2069864273,
        "min": 3.11147236824,
        "var": 258.029693604
    },
    "pitch_salience": {
        "dmean": 0.0595837533474,
        "dmean2": 0.0985511466861,
        "dvar": 0.00261133234017,
        "dvar2": 0.007122206036,
        "max": 0.855477869511,
        "mean": 0.612540781498,
        "median": 0.614190280437,
        "min": 0.300158768892,
        "var": 0.00858278106898
    },
    "silence_rate_20dB": {
        "dmean": 0,
        "dmean2": 0,
        "dvar": 0,
        "dvar2": 0,
        "max": 1,
        "mean": 1,
        "median": 1,
        "min": 1,
        "var": 0
    },
    "silence_rate_30dB": {
        "dmean": 0,
        "dmean2": 0,
        "dvar": 0,
        "dvar2": 0,
        "max": 1,
        "mean": 1,
        "median": 1,
        "min": 1,
        "var": 0
    },
    "silence_rate_60dB": {
        "dmean": 0.0263157896698,
        "dmean2": 0.0526723451912,
        "dvar": 0.0256232246757,
        "dvar2": 0.0560947582126,
        "max": 1,
        "mean": 0.153132244945,
        "median": 0,
        "min": 0,
        "var": 0.129684537649
    },
    "spectral_centroid": {
        "dmean": 114.378662109,
        "dmean2": 171.246002197,
        "dvar": 41845.3203125,
        "dvar2": 60922.0195312,
        "max": 4013.45605469,
        "mean": 746.59173584,
        "median": 655.898193359,
        "min": 283.480377197,
        "var": 196432.5
    },
    "spectral_complexity": {
        "dmean": 1.85913312435,
        "dmean2": 3.01626634598,
        "dvar": 3.39810347557,
        "dvar2": 7.26155376434,
        "max": 43,
        "mean": 14.6550655365,
        "median": 15,
        "min": 0,
        "var": 39.9026031494
    },
    "spectral_decrease": {
        "dmean": 1.11701481398e-09,
        "dmean2": 1.75118552992e-09,
        "dvar": 2.24024229283e-18,
        "dvar2": 5.49500961285e-18,
        "max": -9.52024269253e-16,
        "mean": -4.98449992392e-09,
        "median": -3.01827918214e-09,
        "min": -2.28342749153e-08,
        "var": 2.29516398358e-17
    },
    "spectral_energy": {
        "dmean": 0.00442505627871,
        "dmean2": 0.00692335795611,
        "dvar": 3.42533967341e-05,
        "dvar2": 8.4111263277e-05,
        "max": 0.0907271057367,
        "mean": 0.0199903994799,
        "median": 0.0121734859422,
        "min": 3.7137464215e-09,
        "var": 0.00036430277396
    },
    "spectral_energyband_high": {
        "dmean": 0.000167992242496,
        "dmean2": 0.000211237798794,
        "dvar": 1.10196708647e-06,
        "dvar2": 1.81124084975e-06,
        "max": 0.0319065749645,
        "mean": 0.000312523829052,
        "median": 3.37672372552e-06,
        "min": 3.96970546712e-11,
        "var": 3.92440551877e-06
    },
    "spectral_energyband_low": {
        "dmean": 0.00107739423402,
        "dmean2": 0.00187164754607,
        "dvar": 2.225532171e-06,
        "dvar2": 7.48809952711e-06,
        "max": 0.0150814363733,
        "mean": 0.00199284520932,
        "median": 0.00133906886913,
        "min": 4.79892403593e-10,
        "var": 3.61707043339e-06
    },
    "spectral_energyband_middle_high": {
        "dmean": 0.000825902505312,
        "dmean2": 0.00111552828457,
        "dvar": 2.7888393106e-06,
        "dvar2": 4.05049831897e-06,
        "max": 0.0475890673697,
        "mean": 0.00375143089332,
        "median": 0.00198092637584,
        "min": 1.67066929735e-10,
        "var": 3.60646918125e-05
    },
    "spectral_energyband_middle_low": {
        "dmean": 0.00402770237997,
        "dmean2": 0.00632797274739,
        "dvar": 3.09599017783e-05,
        "dvar2": 7.66599332565e-05,
        "max": 0.0861340239644,
        "mean": 0.0150317028165,
        "median": 0.00795419979841,
        "min": 1.09780429192e-09,
        "var": 0.000250809825957
    },
    "spectral_entropy": {
        "dmean": 0.134146943688,
        "dmean2": 0.197994694114,
        "dvar": 0.0240556616336,
        "dvar2": 0.0392000041902,
        "max": 8.66044139862,
        "mean": 6.73446655273,
        "median": 6.6402130127,
        "min": 5.82239484787,
        "var": 0.18509657681
    },
    "spectral_flux": {
        "dmean": 0.0124833872542,
        "dmean2": 0.0199681501836,
        "dvar": 0.00019063113723,
        "dvar2": 0.000471097184345,
        "max": 0.194008857012,
        "mean": 0.0502568148077,
        "median": 0.0437978319824,
        "min": 0.000106764302473,
        "var": 0.000941503152717
    },
    "spectral_kurtosis": {
        "dmean": 9.72425270081,
        "dmean2": 16.984254837,
        "dvar": 83.8471450806,
        "dvar2": 256.173217773,
        "max": 71.2542190552,
        "mean": 21.955663681,
        "median": 19.5070934296,
        "min": -1.02317857742,
        "var": 185.127059937
    },
    "spectral_rms": {
        "dmean": 0.000465528137283,
        "dmean2": 0.000722294615116,
        "dvar": 2.48206589504e-07,
        "dvar2": 6.11929237948e-07,
        "max": 0.00940820109099,
        "mean": 0.00387037778273,
        "median": 0.00344624021091,
        "min": 1.9034619072e-06,
        "var": 4.52303811471e-06
    },
    "spectral_rolloff": {
        "dmean": 239.631454468,
        "dmean2": 384.527770996,
        "dvar": 521508.34375,
        "dvar2": 876714.0625,
        "max": 10400.5371094,
        "mean": 1097.50830078,
        "median": 882.861328125,
        "min": 193.798828125,
        "var": 1778753.75
    },
    "spectral_skewness": {
        "dmean": 0.666734516621,
        "dmean2": 1.13961112499,
        "dvar": 0.339564323425,
        "dvar2": 1.04277598858,
        "max": 6.24601459503,
        "mean": 2.99150967598,
        "median": 3.0021648407,
        "min": 0.125989899039,
        "var": 0.94405657053
    },
    "spectral_spread": {
        "dmean": 321829.625,
        "dmean2": 458459.125,
        "dvar": 361478062080,
        "dvar2": 454405750784,
        "max": 12633948,
        "mean": 2144253.5,
        "median": 1626429.5,
        "min": 879925.4375,
        "var": 2.73279300403e+12
    },
    "spectral_strongpeak": {
        "dmean": 0.343231618404,
        "dmean2": 0.563048183918,
        "dvar": 0.314313620329,
        "dvar2": 0.814044058323,
        "max": 10.0420236588,
        "mean": 1.0117739439,
        "median": 0.562119364738,
        "min": 9.73881906248e-05,
        "var": 1.35455465317
    },
    "zerocrossingrate": {
        "dmean": 0.00576867256314,
        "dmean2": 0.00602881750092,
        "dvar": 0.000158612703672,
        "dvar2": 9.76106384769e-05,
        "max": 0.318359375,
        "mean": 0.038103684783,
        "median": 0.03076171875,
        "min": 0.00830078125,
        "var": 0.00120791397057
    },
    "barkbands": {
        "dmean": [2.10516009247e-06, 0.000357178796548, 0.000353294366505, 0.00143266364466, 0.00167377165053, 0.000963829632383, 0.000863877125084, 0.000884878681973, 0.000508389610332, 0.000417717179516, 0.000277833867585, 0.000300093030091, 0.000193623316591, 7.07042272552e-05, 7.72308994783e-05, 6.15770113654e-05, 5.13812337886e-05, 2.80273216049e-05, 3.93100890506e-05, 3.92426445615e-05, 2.49289878411e-05, 1.9331684598e-05, 3.13826021738e-05, 5.04049785377e-05, 3.9476180973e-05, 6.68840993967e-06, 1.67771531778e-07],
        "dmean2": [3.7175630041e-06, 0.000560160551686, 0.000572123914026, 0.00254263821989, 0.0025450263638, 0.00139255449176, 0.00122026947793, 0.00139869435225, 0.000729110441171, 0.000538798398338, 0.000435057358118, 0.000447201775387, 0.00029492462636, 0.000101047786302, 0.000124829573906, 0.000103490951005, 7.48420206946e-05, 4.24774298153e-05, 5.26343392266e-05, 5.93354961893e-05, 3.4326712921e-05, 2.86984122795e-05, 4.73211694043e-05, 6.06193425483e-05, 4.7628149332e-05, 8.45555769047e-06, 2.70723916174e-07],
        "dvar": [3.09196862558e-10, 1.66372146282e-07, 2.08594514106e-07, 6.12305666436e-06, 7.77160948928e-06, 3.00293959299e-06, 3.4229854009e-06, 3.22449068335e-06, 1.66911263477e-06, 1.58598481903e-06, 4.52006332807e-07, 8.84742007656e-07, 2.03410280619e-07, 2.38469120006e-08, 1.48445264969e-08, 1.4854293795e-08, 1.70633605023e-08, 4.55244997255e-09, 1.10241749951e-07, 5.3121755883e-08, 3.77018771758e-08, 2.44274023231e-08, 5.191537511e-08, 8.54132480299e-08, 8.92952627396e-08, 3.84519660557e-09, 2.28120929265e-12],
        "dvar2": [8.37927005559e-10, 4.13270015542e-07, 5.24872348251e-07, 2.05615415325e-05, 1.68063252204e-05, 6.15591579844e-06, 6.72677197144e-06, 7.2139259828e-06, 3.1421834592e-06, 2.82024279841e-06, 1.01390492091e-06, 1.71681415395e-06, 4.50467638302e-07, 4.14308622965e-08, 3.37387220384e-08, 4.00867357087e-08, 3.7161115074e-08, 1.01820161191e-08, 1.43784390616e-07, 1.12690834442e-07, 8.23199783895e-08, 5.48456426941e-08, 1.21179482448e-07, 1.13042261773e-07, 1.49910036384e-07, 5.84338177845e-09, 5.44360953883e-12],
        "max": [0.000457909045508, 0.00400700373575, 0.00604372192174, 0.0233200807124, 0.0524263307452, 0.0289010070264, 0.0328719466925, 0.0295929573476, 0.0276339761913, 0.0384248644114, 0.0158960744739, 0.027758397162, 0.00898270495236, 0.00349782663397, 0.00193074159324, 0.0018323387485, 0.0032171192579, 0.00133194448426, 0.0127459596843, 0.00522343441844, 0.00559900095686, 0.0036195453722, 0.00538110267371, 0.00993545819074, 0.00967406760901, 0.00236693047918, 3.80758465326e-05],
        "mean": [2.41333327722e-06, 0.000533635611646, 0.000635914911982, 0.00214417744428, 0.00389582011849, 0.00284622656181, 0.00237429328263, 0.00185729423538, 0.00129093741998, 0.00140317727346, 0.000566842732951, 0.000836895487737, 0.000438189104898, 0.000175484732608, 0.000240472640144, 0.000147223167005, 0.000119887161418, 6.55701078358e-05, 7.14619891369e-05, 5.46454975847e-05, 3.77391370421e-05, 2.75326638075e-05, 4.60656556243e-05, 9.24632768147e-05, 7.18072988093e-05, 1.41039863593e-05, 1.53534088554e-07],
        "median": [4.19989959255e-07, 0.000370791618479, 0.000405454600696, 0.00103270122781, 0.00145949539728, 0.000827137148008, 0.000874661782291, 0.000484988064272, 0.000254636746831, 0.000475160195492, 0.000193486921489, 0.000198009220185, 0.000212468745303, 8.17778563942e-05, 0.000159576855367, 7.51867701183e-05, 3.75106137653e-05, 2.67568848358e-05, 1.32592394948e-05, 2.54179667536e-06, 2.99788723623e-07, 2.04418398653e-07, 4.91742468967e-07, 1.22988339513e-07, 5.94367435269e-08, 1.64257887292e-08, 6.1521880923e-09],
        "min": [1.38454317455e-11, 1.64574104344e-10, 6.0420765613e-11, 5.13348363818e-10, 2.79290812699e-10, 8.64563490244e-11, 1.10593527392e-10, 4.60744636888e-11, 4.88625528927e-11, 7.06884412116e-11, 1.20570567419e-11, 2.08580062944e-11, 3.23571065775e-11, 4.23280074185e-12, 9.42409345006e-12, 1.2334907401e-11, 4.25756261843e-12, 3.55918484789e-12, 1.58731166232e-12, 3.75962412244e-12, 2.1745582765e-12, 3.29632762058e-12, 2.49216142514e-12, 6.25097629908e-12, 5.80131472375e-12, 7.76449737838e-12, 1.10794507249e-11],
        "var": [4.83674822416e-10, 3.19858230569e-07, 4.80183871332e-07, 8.93512969924e-06, 4.44549878011e-05, 1.92287625396e-05, 1.59559567692e-05, 1.27028151837e-05, 9.62105241342e-06, 1.56490768859e-05, 1.37467782224e-06, 5.84925373914e-06, 5.97636642397e-07, 1.02978525263e-07, 6.17339779296e-08, 4.09960527747e-08, 5.99840248583e-08, 1.38753168955e-08, 2.93012845987e-07, 9.26687562242e-08, 6.97611639566e-08, 4.22611421413e-08, 8.25442754149e-08, 3.70683324036e-07, 3.04827864284e-07, 1.90307574144e-08, 2.23188893582e-12]
    },
    "erbbands": {
        "dmean": [0.00247387168929, 0.103235274553, 0.407853454351, 2.57629823685, 7.04477977753, 3.87725329399, 4.64820098877, 8.64297008514, 10.0382738113, 20.8645267487, 14.3623209, 12.9674835205, 10.5648927689, 9.89137744904, 9.83143520355, 13.6896314621, 10.0947265625, 3.90133118629, 3.52341485023, 3.52477526665, 3.21141171455, 2.96299099922, 1.63266944885, 1.16409683228, 2.31708550453, 1.80227994919, 1.23424601555, 0.905650258064, 0.714603304863, 0.638913393021, 0.970980882645, 1.09002268314, 0.940173923969, 0.618119359016, 0.150299608707, 0.0433586239815, 0.00912287179381, 0.000965088023804, 2.29250963457e-05, 6.15730095888e-06],
        "dmean2": [0.00406337017193, 0.160794839263, 0.650524020195, 4.62652444839, 11.6088666916, 5.71422052383, 6.84178256989, 12.5059747696, 13.6970844269, 31.6229629517, 22.3374214172, 18.8499279022, 14.9994449615, 12.7870016098, 15.2357997894, 20.1571006775, 15.0250959396, 5.65021038055, 5.25170516968, 5.82332515717, 5.35924863815, 4.34246015549, 2.39659452438, 1.47294807434, 3.56736588478, 2.58180117607, 1.82154607773, 1.23999297619, 1.02209842205, 0.90398222208, 1.47469460964, 1.52744030952, 1.27938175201, 0.75791400671, 0.16970294714, 0.0552401542664, 0.0120725119486, 0.00136240001302, 3.03148044623e-05, 9.29370435188e-06],
        "dvar": [2.9394752346e-05, 0.0132684605196, 0.226351067424, 20.1397132874, 140.458374023, 62.0023956299, 80.0162811279, 252.211669922, 535.468811035, 2898.52490234, 1217.01550293, 1093.59020996, 1694.99267578, 637.793151855, 449.634613037, 1836.56225586, 565.628417969, 77.3467636108, 42.8300170898, 24.8409023285, 48.9231796265, 62.2372550964, 15.0868034363, 53.6030693054, 413.46005249, 104.098670959, 78.0847854614, 56.6488380432, 33.3117218018, 18.0981674194, 53.6857643127, 41.9692993164, 43.5271224976, 21.810792923, 1.05377471447, 0.172068580985, 0.00802833866328, 6.25767715974e-05, 2.76121614462e-08, 1.49607715105e-10],
        "dvar2": [7.7729804616e-05, 0.0326149016619, 0.582751214504, 70.5592651367, 365.246002197, 139.699356079, 171.65927124, 492.173522949, 921.682800293, 6318.49365234, 2356.97338867, 2158.40527344, 3943.80004883, 751.225952148, 1001.54083252, 3628.97705078, 1192.66625977, 138.332778931, 86.655380249, 60.8794059753, 129.427719116, 140.723587036, 34.4102058411, 60.5722923279, 631.586120605, 200.003417969, 182.21661377, 119.201309204, 73.8996124268, 37.315574646, 130.964553833, 86.0852508545, 83.8952713013, 40.4673461914, 1.12242209911, 0.24049501121, 0.0159125812352, 0.000134144574986, 5.49711494102e-08, 2.72955408276e-10],
        "max": [0.149315461516, 1.1700745821, 6.14347505569, 45.2047653198, 222.063537598, 153.981735229, 150.162155151, 252.637069702, 422.19934082, 1028.36437988, 846.353271484, 704.384521484, 1443.1427002, 1133.38562012, 334.374328613, 1351.69262695, 496.207397461, 202.727416992, 150.722854614, 59.4847145081, 112.985778809, 209.192138672, 73.63230896, 313.568145752, 633.588378906, 259.604095459, 231.937820435, 218.125305176, 133.748703003, 120.079490662, 181.697921753, 152.166641235, 218.710128784, 147.342208862, 34.1668014526, 14.9728813171, 3.83419346809, 0.240033790469, 0.00526708643883, 0.000408311694628],
        "mean": [0.00396935641766, 0.15998570621, 0.75992923975, 4.02187776566, 14.2182350159, 9.17501544952, 11.2236213684, 25.677564621, 31.7958621979, 50.3477783203, 32.192401886, 36.8144416809, 38.5232925415, 33.3027839661, 24.6947650909, 40.103767395, 25.1735553741, 10.3660354614, 11.0963478088, 10.5071821213, 7.83957099915, 7.01050043106, 4.05914783478, 2.7642056942, 4.133644104, 2.64276337624, 1.72517597675, 1.37299180031, 1.01311123371, 0.924924850464, 1.42918479443, 1.75475084782, 1.65580415726, 1.08556342125, 0.318716347218, 0.0992226153612, 0.0178015362471, 0.00150493206456, 4.76289642393e-05, 2.58943055087e-05],
        "median": [0.00252156239003, 0.112916000187, 0.529209971428, 2.09485983849, 4.90905809402, 3.60021448135, 5.10158824921, 6.18913125992, 12.3578462601, 11.7299785614, 11.0795621872, 7.04596185684, 7.52931451797, 15.5486383438, 9.39948940277, 9.84021568298, 12.0282154083, 5.13253688812, 6.27451372147, 7.63105154037, 4.12004947662, 2.41233801842, 1.51892518997, 0.981634140015, 0.47471627593, 0.133647993207, 0.036737319082, 0.00852794758976, 0.00660346494988, 0.00662181852385, 0.0160940177739, 0.00622492702678, 0.000994911766611, 0.000778239860665, 0.000293016142678, 0.000110716173367, 3.09257338813e-05, 2.08659675991e-05, 6.9374495979e-06, 1.47116634253e-05],
        "min": [3.44744344183e-09, 4.06852471713e-08, 9.23355614191e-08, 9.65155777521e-07, 7.00444331869e-07, 9.06609500362e-07, 1.88281217106e-06, 4.72601811907e-07, 1.68328870132e-06, 6.54510131426e-07, 1.58099589953e-06, 9.74291992861e-07, 1.11473320885e-06, 2.44194666266e-06, 7.37587583899e-07, 7.68257677919e-07, 1.563374326e-06, 3.16948842283e-07, 1.88724030181e-07, 1.06558854895e-06, 3.93642665131e-07, 2.5183075536e-07, 1.78279989882e-07, 1.37592550686e-07, 9.44118880852e-08, 1.97408951408e-07, 1.18092714274e-07, 8.5519559434e-08, 8.49910932743e-08, 1.21017691868e-07, 7.79833726483e-08, 1.20154339811e-07, 9.88948869463e-08, 6.35956141082e-08, 4.55270381394e-08, 2.79544778437e-08, 1.52835930578e-08, 6.58518217733e-09, 1.49049783627e-09, 1.6243179024e-10],
        "var": [4.7157631343e-05, 0.0267703626305, 0.551066815853, 27.6714572906, 668.38092041, 219.758743286, 305.273956299, 1610.6809082, 3081.82788086, 13940.6894531, 4371.05859375, 7996.11425781, 18712.296875, 8026.13916016, 1994.71582031, 13554.7363281, 1880.33349609, 314.37677002, 188.072387695, 98.3345794678, 121.515991211, 208.010482788, 49.0269508362, 159.499893188, 994.804321289, 217.822860718, 122.92855835, 110.479248047, 59.3319358826, 38.3254508972, 77.9178619385, 115.770195007, 142.635696411, 68.5084838867, 5.49982595444, 0.851910889149, 0.0322699062526, 0.000158345806994, 8.99027909895e-08, 1.11939668646e-09]
    },
    "gfcc": {
        "mean": [-106.783340454, 179.772979736, -137.020767212, -11.4109487534, -38.9049530029, -3.75002574921, -44.435459137, -0.880558311939, -19.4130306244, -17.6090373993, -5.2419719696, -12.8644199371, -12.8931703568],
        "cov": [[10893.5800781, -2052.95849609, -120.809135437, 805.080993652, -1440.00927734, 368.496002197, -453.297973633, 309.390136719, -212.273406982, -9.76791477203, 135.598892212, -127.289863586, -93.5315856934], [-2052.95849609, 1881.77819824, -397.16293335, -573.883422852, 914.508789062, -453.362335205, 367.793701172, -149.776153564, 159.49017334, -157.537750244, 41.868347168, -26.0201320648, 69.3554534912], [-120.809135437, -397.16293335, 422.367248535, 108.78503418, -168.681411743, 158.034561157, -129.27734375, 32.6389579773, -50.5540847778, 71.1909866333, -46.6960906982, 24.75141716, -14.873468399], [805.080993652, -573.883422852, 108.78503418, 465.466918945, -274.126861572, 89.6338882446, -101.588127136, -11.0225324631, -38.7211723328, 37.8138237, 18.6132259369, -27.5924568176, 45.5141181946], [-1440.00927734, 914.508789062, -168.681411743, -274.126861572, 774.978637695, -268.213439941, 244.624084473, -43.8633232117, 12.2356204987, 51.6184692383, -64.8906478882, 5.01757717133, 72.9742202759], [368.496002197, -453.362335205, 158.034561157, 89.6338882446, -268.213439941, 250.648681641, -73.3962631226, 64.9423141479, -9.81599617004, 22.9595603943, -12.7120304108, 20.2631778717, -33.1470336914], [-453.297973633, 367.793701172, -129.27734375, -101.588127136, 244.624084473, -73.3962631226, 229.470993042, 5.07487678528, 41.4196510315, 5.75236606598, -30.9267883301, 11.4104375839, 16.1902866364], [309.390136719, -149.776153564, 32.6389579773, -11.0225324631, -43.8633232117, 64.9423141479, 5.07487678528, 153.137664795, -18.0375614166, 15.6165523529, 2.77362918854, 12.099366188, -34.164390564], [-212.273406982, 159.49017334, -50.5540847778, -38.7211723328, 12.2356204987, -9.81599617004, 41.4196510315, -18.0375614166, 106.943634033, -25.2426528931, 14.7328948975, 13.1321487427, -10.8408842087], [-9.76791477203, -157.537750244, 71.1909866333, 37.8138237, 51.6184692383, 22.9595603943, 5.75236606598, 15.6165523529, -25.2426528931, 144.479095459, -48.8963813782, 21.0537071228, 15.5713253021], [135.598892212, 41.868347168, -46.6960906982, 18.6132259369, -64.8906478882, -12.7120304108, -30.9267883301, 2.77362918854, 14.7328948975, -48.8963813782, 94.0907592773, -11.8990697861, -12.055147171], [-127.289863586, -26.0201320648, 24.75141716, -27.5924568176, 5.01757717133, 20.2631778717, 11.4104375839, 12.099366188, 13.1321487427, 21.0537071228, -11.8990697861, 74.6129074097, -3.99607944489], [-93.5315856934, 69.3554534912, -14.873468399, 45.5141181946, 72.9742202759, -33.1470336914, 16.1902866364, -34.164390564, -10.8408842087, 15.5713253021, -12.055147171, -3.99607944489, 91.4359970093]],
        "icov": [[0.000160804571351, -9.88707906799e-05, 0.000294472672977, -0.000192855091882, 0.000385867897421, 5.18268607266e-05, 0.000139374489663, -0.000362425751518, 0.000296841171803, -0.000207123084692, 0.000189918428077, 0.000106604777102, 3.42821585946e-05], [-9.88707906799e-05, 0.00612269621342, -0.00150414404925, 0.0039340746589, -0.00468074297532, 0.00275007472374, -0.00311368494295, 0.00264201918617, -0.00486614136025, 0.00496083498001, -0.00479916855693, 0.002085871296, -0.00264045177028], [0.000294472672977, -0.00150414404925, 0.00501423655078, -0.00167136220261, 0.00114059157204, -0.00258799828589, 0.00311228097416, -0.00114200485405, 0.00215348880738, -0.00219110562466, 0.00309402565472, -0.00116870936472, 0.00124877190683], [-0.000192855091882, 0.0039340746589, -0.00167136220261, 0.0063126347959, -0.00156594568398, 0.00192742794752, -0.0025033087004, 0.00222700112499, -0.0028430824168, 0.00175713177305, -0.00413494650275, 0.00264288135804, -0.00443756906316], [0.000385867897421, -0.00468074297532, 0.00114059157204, -0.00156594568398, 0.00826993677765, 0.00132393522654, -0.000135418391437, -0.00284426822327, 0.00460949959233, -0.00558261340484, 0.00456550111994, -0.000883283209987, -0.000188295089174], [5.18268607266e-05, 0.00275007472374, -0.00258799828589, 0.00192742794752, 0.00132393522654, 0.0104578183964, -0.00243220082484, -0.00150606373791, -0.00282549043186, 0.00138982920907, -0.000375681178411, 0.000274957128568, -0.00142010336276], [0.000139374489663, -0.00311368494295, 0.00311228097416, -0.0025033087004, -0.000135418391437, -0.00243220082484, 0.0104623651132, -0.00295387511142, -0.000122843659483, -0.00208297069184, 0.00523573393002, -0.00173390854616, 0.0014814803144], [-0.000362425751518, 0.00264201918617, -0.00114200485405, 0.00222700112499, -0.00284426822327, -0.00150606373791, -0.00295387511142, 0.0104467868805, -0.000204735508305, 0.00149198481813, -0.00409541744739, -8.58079729369e-05, 0.00165931577794], [0.000296841171803, -0.00486614136025, 0.00215348880738, -0.0028430824168, 0.00460949959233, -0.00282549043186, -0.000122843659483, -0.000204735508305, 0.0162594560534, -0.00308435223997, 0.00193797377869, -0.00393982930109, 0.00353869027458], [-0.000207123084692, 0.00496083498001, -0.00219110562466, 0.00175713177305, -0.00558261340484, 0.00138982920907, -0.00208297069184, 0.00149198481813, -0.00308435223997, 0.0143980383873, -0.000156496636919, -0.000834487495013, -0.00219497620128], [0.000189918428077, -0.00479916855693, 0.00309402565472, -0.00413494650275, 0.00456550111994, -0.000375681178411, 0.00523573393002, -0.00409541744739, 0.00193797377869, -0.000156496636919, 0.0196166597307, -0.00125742761884, 0.00294665433466], [0.000106604777102, 0.002085871296, -0.00116870936472, 0.00264288135804, -0.000883283209987, 0.000274957128568, -0.00173390854616, -8.58079729369e-05, -0.00393982930109, -0.000834487495013, -0.00125742761884, 0.0165798217058, -0.00166538730264], [3.42821585946e-05, -0.00264045177028, 0.00124877190683, -0.00443756906316, -0.000188295089174, -0.00142010336276, 0.0014814803144, 0.00165931577794, 0.00353869027458, -0.00219497620128, 0.00294665433466, -0.00166538730264, 0.0164887215942]]
    },
    "melbands": {
        "dmean": [5.83884357184e-05, 0.000183497715625, 0.000568598916288, 0.000395360344555, 0.000162856798852, 0.000198031004402, 0.000153711618623, 0.000224596456974, 0.000110769993626, 7.73736537667e-05, 5.32931626367e-05, 4.24447680416e-05, 4.13484485762e-05, 3.20495491906e-05, 2.94114342978e-05, 1.60905510711e-05, 7.35178673494e-06, 5.73975285079e-06, 5.53270047021e-06, 4.71356133858e-06, 3.88761691283e-06, 3.09427628054e-06, 2.5951326279e-06, 1.05852313936e-06, 9.25725544221e-07, 1.89208992651e-06, 1.69565100805e-06, 1.09998620701e-06, 8.59076749293e-07, 5.22392269886e-07, 5.64543881865e-07, 4.57572866708e-07, 3.13036338184e-07, 3.89617213159e-07, 5.19627008089e-07, 7.37135621875e-07, 6.93366018822e-07, 7.10251867986e-07, 7.46259729567e-07, 4.57135996612e-07],
        "dmean2": [9.29719462874e-05, 0.000285488640657, 0.0010018828325, 0.000612653850112, 0.000233239901718, 0.000281932792859, 0.000211971317185, 0.00034245144343, 0.000169019622263, 0.000111299406854, 7.54248467274e-05, 5.44951508346e-05, 6.46261469228e-05, 4.82047180412e-05, 4.29558022006e-05, 2.43350241362e-05, 1.06318584585e-05, 8.78702667251e-06, 9.12415998755e-06, 7.90604826761e-06, 6.52584594718e-06, 4.63658852823e-06, 3.75821332455e-06, 1.61463583481e-06, 1.23033510135e-06, 2.80991253021e-06, 2.60742763203e-06, 1.57527369993e-06, 1.27144801354e-06, 6.94278980973e-07, 7.92075354639e-07, 6.87797410137e-07, 4.4320967163e-07, 5.60515502457e-07, 7.68346069435e-07, 1.12681732389e-06, 9.61773480412e-07, 9.24510004552e-07, 1.09286543193e-06, 5.3218445828e-07],
        "dvar": [5.3462989591e-09, 4.26206341331e-08, 8.68720974267e-07, 4.70937635555e-07, 9.48945384494e-08, 1.30861764092e-07, 1.15166265857e-07, 3.04259089035e-07, 7.62351461958e-08, 4.05846058982e-08, 4.2864368055e-08, 1.19739373972e-08, 8.82350015274e-09, 1.14452767264e-08, 7.72472130706e-09, 1.3021951295e-09, 2.89052448643e-10, 1.38735828381e-10, 8.16196693565e-11, 5.20180842845e-11, 7.81892606216e-11, 7.46819411868e-11, 4.67607064181e-11, 5.79638897644e-12, 3.53934867525e-11, 3.38492150975e-10, 1.53289006488e-10, 3.83214709965e-11, 3.14431293502e-11, 2.04026084222e-11, 2.41077054153e-11, 1.60716249337e-11, 4.3890390454e-12, 6.97840700156e-12, 1.4629982989e-11, 2.73038397447e-11, 1.69320182875e-11, 2.4718973396e-11, 3.39598557608e-11, 1.0661904519e-11],
        "dvar2": [1.37019906532e-08, 1.03086328807e-07, 2.85870964944e-06, 1.06895015506e-06, 1.86459445217e-07, 2.52567701864e-07, 2.04992616659e-07, 6.78213211813e-07, 1.42705843587e-07, 7.67238361732e-08, 9.88228094911e-08, 1.38084201851e-08, 1.97079970121e-08, 2.22224958435e-08, 1.38788580628e-08, 2.99178770646e-09, 5.43035505451e-10, 2.72662836753e-10, 1.89656290672e-10, 1.48864184868e-10, 2.04808295323e-10, 1.72640887697e-10, 1.04187609928e-10, 1.35885504238e-11, 4.15393934527e-11, 5.65539504116e-10, 3.15835302356e-10, 7.48313425114e-11, 7.31436786139e-11, 4.57721464897e-11, 5.15098623477e-11, 3.77947048658e-11, 9.31089667172e-12, 1.50526015263e-11, 3.59593362032e-11, 6.89935122922e-11, 3.45102418864e-11, 4.79121603503e-11, 8.31468574547e-11, 1.57045713239e-11],
        "max": [0.00119822728448, 0.00270652351901, 0.0104547012597, 0.0131612960249, 0.00527267111465, 0.00644677272066, 0.00672938022763, 0.0103491991758, 0.00722813745961, 0.00439084414393, 0.0072305011563, 0.00491360621527, 0.00187639740761, 0.00350486044772, 0.00263492087834, 0.000746712554246, 0.000388700660551, 0.000299428153085, 0.000149577739649, 0.000122801604448, 0.000149814179167, 0.000242726731813, 0.000123741483549, 4.85966775159e-05, 0.000240041947109, 0.000661124591716, 0.000322452135151, 0.000144619538332, 0.000132738830871, 0.0001377058652, 0.000135132999276, 9.63892016443e-05, 5.90901327087e-05, 7.88529869169e-05, 9.65884610196e-05, 0.000114211172331, 0.000107427746116, 0.000161484567798, 0.000167936901562, 0.000100352976006],
        "mean": [8.85240297066e-05, 0.000330898881657, 0.00103810732253, 0.000886750174686, 0.000401627854444, 0.000598628190346, 0.00048022554256, 0.000521210022271, 0.000244842172833, 0.000213444436667, 0.000185381912161, 0.000136138958624, 8.72755408636e-05, 8.98841535673e-05, 8.05441377452e-05, 3.84176601074e-05, 1.68188889802e-05, 1.61950865731e-05, 1.71465544554e-05, 1.12115658339e-05, 8.57547820488e-06, 7.0156838774e-06, 5.69625126445e-06, 2.57941769632e-06, 2.05841229217e-06, 3.08819221573e-06, 2.57509964285e-06, 1.53132100422e-06, 1.13664691526e-06, 7.85140855442e-07, 8.07949163573e-07, 6.24536767191e-07, 4.23044951958e-07, 5.3974184766e-07, 7.45501552046e-07, 1.00926445157e-06, 1.10050041258e-06, 1.21189100355e-06, 1.09659470127e-06, 8.46501450269e-07],
        "median": [6.04462402407e-05, 0.000233587532421, 0.000528578646481, 0.000346867425833, 0.000164072655025, 0.000148762497702, 0.000194398060557, 0.00010895745072, 8.54508907651e-05, 3.8848251279e-05, 3.57976314262e-05, 6.2153187173e-05, 3.11096955556e-05, 2.25705844059e-05, 3.04731893266e-05, 1.87479799933e-05, 7.5829252637e-06, 8.24131166155e-06, 1.20560080177e-05, 7.23847779227e-06, 4.22790071752e-06, 1.91850176634e-06, 1.60059585141e-06, 9.85625774774e-07, 6.95669768902e-07, 4.45354430667e-07, 1.31426318717e-07, 6.39195860686e-08, 2.07778061423e-08, 5.35317701278e-09, 2.86176415898e-09, 2.50558707116e-09, 3.56595108997e-09, 3.0253268779e-09, 7.97627297544e-09, 6.67479316263e-09, 1.77694814418e-09, 4.02075622796e-10, 6.70465183372e-10, 4.67836880347e-10],
        "min": [4.16863175923e-11, 4.80981296458e-11, 2.05199426895e-10, 4.06205000192e-11, 6.66850394349e-11, 1.09269503168e-11, 2.51350537606e-11, 5.96913057177e-12, 1.4199886926e-11, 5.52897875053e-12, 5.51195113857e-12, 1.0363040287e-11, 1.96606403033e-12, 2.77175244562e-12, 2.91809588646e-12, 2.31316615168e-12, 4.74830678249e-13, 2.3229050519e-13, 8.92496363272e-13, 1.24318708539e-12, 3.57917038021e-13, 2.94132963428e-13, 1.45071102483e-13, 1.4245942208e-13, 1.07010639228e-13, 5.87232424688e-14, 9.86524636938e-14, 1.32400356954e-13, 8.47410181848e-14, 3.72451804912e-14, 5.62244918862e-14, 4.38107971396e-14, 6.47098612758e-14, 6.1209182525e-14, 3.44428837935e-14, 6.71573799176e-14, 7.21931330905e-14, 6.68884435687e-14, 5.6381179429e-14, 5.4608149735e-14],
        "var": [9.85016068711e-09, 1.02370101729e-07, 1.93894220502e-06, 2.50039624916e-06, 4.17351714077e-07, 8.90411456567e-07, 6.42230986614e-07, 1.41824909861e-06, 2.61598557927e-07, 2.76226558071e-07, 4.56564293927e-07, 1.4754368749e-07, 2.81697083437e-08, 7.64731424852e-08, 3.04611944557e-08, 4.28872182212e-09, 1.03021979836e-09, 5.30887334094e-10, 3.07601777383e-10, 1.56194890355e-10, 1.70388703147e-10, 2.45107822927e-10, 1.38852179754e-10, 1.79078991219e-11, 9.54900603034e-11, 7.44426409405e-10, 2.8089797155e-10, 7.78205555552e-11, 5.19878827487e-11, 3.24955826136e-11, 4.36486784217e-11, 2.53309907772e-11, 8.03612992123e-12, 1.38494537019e-11, 2.10898989245e-11, 3.82689574474e-11, 4.93886043174e-11, 7.67731295204e-11, 7.52426523865e-11, 4.16639743539e-11]
    },
    "mfcc": {
        "mean": [-741.617248535, 209.557449341, -23.1500835419, -5.66731929779, 17.1023674011, -10.8183965683, -6.45552444458, 5.08412790298, -15.2285366058, 1.9848908186, -7.11511039734, -4.84472799301, 2.29306459427],
        "cov": [[7978.39697266, -906.791320801, 71.7917022705, 137.222564697, -356.541625977, -337.959594727, -159.496994019, 118.036193848, -494.926849365, 309.468353271, -254.666122437, 28.4794158936, 211.403686523], [-906.791320801, 2316.13793945, -911.159423828, -132.011047363, 271.071777344, -127.80871582, 60.2138404846, 164.530410767, 28.3247318268, 21.6378517151, 45.2478523254, -80.2632522583, 28.9285354614], [71.7917022705, -911.159423828, 686.476013184, -24.2752418518, -110.304000854, 84.9896087646, -69.2590713501, -49.6036376953, -39.909778595, 2.93297171593, -29.2474937439, 0.250835895538, 24.3136768341], [137.222564697, -132.011047363, -24.2752418518, 290.129608154, 40.6435279846, 14.9814729691, 46.5304069519, -86.5800857544, 37.0461502075, -14.4941558838, -53.8815917969, 20.2104377747, -24.3158092499], [-356.541625977, 271.071777344, -110.304000854, 40.6435279846, 202.633956909, -0.218261197209, 56.0139808655, -44.128616333, 52.7025871277, -7.38517808914, 1.47178661823, -13.6712465286, -28.1003627777], [-337.959594727, -127.80871582, 84.9896087646, 14.9814729691, -0.218261197209, 153.722747803, 7.55314874649, -57.388671875, 93.1287994385, -44.0034179688, 24.2382698059, 22.4247703552, -33.06690979], [-159.496994019, 60.2138404846, -69.2590713501, 46.5304069519, 56.0139808655, 7.55314874649, 142.481964111, -18.5706520081, 69.5469512939, 1.34177541733, 8.9237165451, -1.95600271225, -28.8906135559], [118.036193848, 164.530410767, -49.6036376953, -86.5800857544, -44.128616333, -57.388671875, -18.5706520081, 205.237670898, -45.901927948, 32.8432197571, 47.7924232483, -5.14744329453, 43.8839759827], [-494.926849365, 28.3247318268, -39.909778595, 37.0461502075, 52.7025871277, 93.1287994385, 69.5469512939, -45.901927948, 221.28553772, -57.1237831116, 49.6797409058, 31.7232151031, -68.3698806763], [309.468353271, 21.6378517151, 2.93297171593, -14.4941558838, -7.38517808914, -44.0034179688, 1.34177541733, 32.8432197571, -57.1237831116, 112.802764893, -18.0344581604, -13.1647424698, 39.8203430176], [-254.666122437, 45.2478523254, -29.2474937439, -53.8815917969, 1.47178661823, 24.2382698059, 8.9237165451, 47.7924232483, 49.6797409058, -18.0344581604, 126.159355164, 13.5689821243, -6.64726209641], [28.4794158936, -80.2632522583, 0.250835895538, 20.2104377747, -13.6712465286, 22.4247703552, -1.95600271225, -5.14744329453, 31.7232151031, -13.1647424698, 13.5689821243, 81.1499176025, -11.2245635986], [211.403686523, 28.9285354614, 24.3136768341, -24.3158092499, -28.1003627777, -33.06690979, -28.8906135559, 43.8839759827, -68.3698806763, 39.8203430176, -6.64726209641, -11.2245635986, 92.2779159546]],
