{
"lowlevel": {
    "average_loudness": 0.679775416851,
    "barkbands_crest": {
        "dmean": 2.07741475105,
        "dmean2": 3.395652771,
        "dvar": 4.23187160492,
        "dvar2": 11.0491552353,
        "max": 23.6883220673,
        "mean": 8.30110359192,
        "median": 7.49606323242,
        "min": 3.24157500267,
        "var": 11.5786418915
    },
    "barkbands_flatness_db": {
        "dmean": 0.0161582566798,
        "dmean2": 0.0249807722867,
        "dvar": 0.000242121270276,
        "dvar2": 0.000523158232681,
        "max": 0.36936417222,
        "mean": 0.23207052052,
        "median": 0.23697181046,
        "min": 0.0265748016536,
        "var": 0.00397137133405
    },
    "barkbands_kurtosis": {
        "dmean": 0.728892624378,
        "dmean2": 1.18989038467,
        "dvar": 1.26634526253,
        "dvar2": 3.04725384712,
        "max": 17.1317768097,
        "mean": -0.0630582645535,
        "median": -0.437162160873,
        "min": -1.75617814064,
        "var": 2.15444779396
    },
    "barkbands_skewness": {
        "dmean": 0.338366091251,
        "dmean2": 0.537573873997,
        "dvar": 0.123670965433,
        "dvar2": 0.286927938461,
        "max": 3.95813465118,
        "mean": 0.142451584339,
        "median": 0.0411874577403,
        "min": -2.61171007156,
        "var": 0.42963629961
    },
    "barkbands_spread": {
        "dmean": 2.2953608036,
        "dmean2": 3.65287256241,
        "dvar": 6.29149770737,
        "dvar2": 14.4161338806,
        "max": 60.4366378784,
        "mean": 12.5091409683,
        "median": 10.9850625992,
        "min": 1.68340790272,
        "var": 50.73620224
    },
    "dissonance": {
        "dmean": 0.0221939608455,
        "dmean2": 0.0374490953982,
        "dvar": 0.000430027663242,
        "dvar2": 0.00119016889948,
        "max": 0.499992609024,
        "mean": 0.45499637723,
        "median": 0.46322247386,
        "min": 0.252522140741,
        "var": 0.00115319946781
    },
    "dynamic_complexity": 4.63677883148,
    "erbbands_crest": {
        "dmean": 2.78910470009,
        "dmean2": 4.61295795441,
        "dvar": 6.31523275375,
        "dvar2": 16.3224430084,
        "max": 28.0331382751,
        "mean": 10.7912044525,
        "median": 9.99275016785,
        "min": 2.72236442566,
        "var": 15.7380990982
    },
    "erbbands_flatness_db": {
        "dmean": 0.0154071999714,
        "dmean2": 0.0233762096614,
        "dvar": 0.000241846093559,
        "dvar2": 0.000470854865853,
        "max": 0.454578191042,
        "mean": 0.313839912415,
        "median": 0.324187159538,
        "min": 0.0838120877743,
        "var": 0.00502294814214
    },
    "erbbands_kurtosis": {
        "dmean": 0.817773997784,
        "dmean2": 1.34321117401,
        "dvar": 1.02120196819,
        "dvar2": 2.6364364624,
        "max": 16.1206283569,
        "mean": 0.456364035606,
        "median": 0.161254405975,
        "min": -1.71944701672,
        "var": 1.96486699581
    },
    "erbbands_skewness": {
        "dmean": 0.334148496389,
        "dmean2": 0.525521636009,
        "dvar": 0.0802686810493,
        "dvar2": 0.195227757096,
        "max": 2.21509981155,
        "mean": -0.242957830429,
        "median": -0.279891818762,
        "min": -2.37554311752,
        "var": 0.344589322805
    },
    "erbbands_spread": {
        "dmean": 2.61208033562,
        "dmean2": 4.19610977173,
        "dvar": 7.6931886673,
        "dvar2": 17.334104538,
        "max": 57.432926178,
        "mean": 13.93754673,
        "median": 12.6984834671,
        "min": 2.03499960899,
        "var": 47.309513092
    },
    "hfc": {
        "dmean": 4.33272838593,
        "dmean2": 6.70645809174,
        "dvar": 27.8450984955,
        "dvar2": 67.380027771,
        "max": 90.1753921509,
        "mean": 21.6310405731,
        "median": 17.554145813,
        "min": 1.17971149004e-16,
        "var": 323.754333496
    },
    "melbands_crest": {
        "dmean": 2.56448507309,
        "dmean2": 4.16740751266,
        "dvar": 6.01303291321,
        "dvar2": 14.2341594696,
        "max": 31.6283340454,
        "mean": 10.6752328873,
        "median": 9.38101768494,
        "min": 1.35875499249,
        "var": 24.2546253204
    },
    "melbands_flatness_db": {
        "dmean": 0.0175423249602,
        "dmean2": 0.0258489698172,
        "dvar": 0.000377996911993,
        "dvar2": 0.000726323749404,
        "max": 0.44564050436,
        "mean": 0.260571330786,
        "median": 0.256088525057,
        "min": 0.000337202596711,
        "var": 0.00444265501574
    },
    "melbands_kurtosis": {
        "dmean": 1.03754818439,
        "dmean2": 1.69987213612,
        "dvar": 4.65274858475,
        "dvar2": 11.2976789474,
        "max": 30.4691314697,
        "mean": 0.507761955261,
        "median": -0.257309675217,
        "min": -1.70460963249,
        "var": 7.36956214905
    },
    "melbands_skewness": {
        "dmean": 0.368825852871,
        "dmean2": 0.589051008224,
        "dvar": 0.174460962415,
        "dvar2": 0.401797473431,
        "max": 5.07790851593,
        "mean": 0.539784908295,
        "median": 0.406209349632,
        "min": -2.33678078651,
        "var": 0.608265638351
    },
    "melbands_spread": {
        "dmean": 4.22607707977,
        "dmean2": 6.74315786362,
        "dvar": 23.3869609833,
        "dvar2": 51.402256012,
        "max": 136.920547485,
        "mean": 22.3090190887,
        "median": 20.7145290375,
        "min": 3.19154143333,
        "var": 107.893386841
    },
    "pitch_salience": {
        "dmean": 0.058585241437,
        "dmean2": 0.0964461490512,
        "dvar": 0.00279036862776,
        "dvar2": 0.0070972959511,
        "max": 0.99302893877,
        "mean": 0.624665796757,
        "median": 0.633563280106,
        "min": 0.184850364923,
        "var": 0.00901805516332
    },
    "silence_rate_20dB": {
        "dmean": 0,
        "dmean2": 0,
        "dvar": 0,
        "dvar2": 0,
        "max": 1,
        "mean": 1,
        "median": 1,
        "min": 1,
        "var": 0
    },
    "silence_rate_30dB": {
        "dmean": 0.00540958251804,
        "dmean2": 0.0108233476058,
        "dvar": 0.00538037531078,
        "dvar2": 0.0137985609472,
        "max": 1,
        "mean": 0.996137499809,
        "median": 1,
        "min": 0,
        "var": 0.00384759041481
    },
    "silence_rate_60dB": {
        "dmean": 0.0355486869812,
        "dmean2": 0.0711248517036,
        "dvar": 0.0342860743403,
        "dvar2": 0.0823049470782,
        "max": 1,
        "mean": 0.158748552203,
        "median": 0,
        "min": 0,
        "var": 0.133551508188
    },
    "spectral_centroid": {
        "dmean": 132.068862915,
        "dmean2": 194.516326904,
        "dvar": 65832.84375,
        "dvar2": 67530.7578125,
        "max": 11265.671875,
        "mean": 1231.81018066,
        "median": 1137.27587891,
        "min": 432.617950439,
        "var": 238566.46875
    },
    "spectral_complexity": {
        "dmean": 2.33539414406,
        "dmean2": 3.84770011902,
        "dvar": 4.61853837967,
        "dvar2": 10.4809770584,
        "max": 43,
        "mean": 18.3213596344,
        "median": 19,
        "min": 0,
        "var": 59.7075500488
    },
    "spectral_decrease": {
        "dmean": 1.18453769016e-09,
        "dmean2": 1.83721249325e-09,
        "dvar": 5.36148942709e-18,
        "dvar2": 1.19776298637e-17,
        "max": 1.72842558785e-28,
        "mean": -5.57117374456e-09,
        "median": -4.16690593141e-09,
        "min": -4.57297879564e-08,
        "var": 2.71503970446e-17
    },
    "spectral_energy": {
        "dmean": 0.00479875411838,
        "dmean2": 0.00743421958759,
        "dvar": 7.9502700828e-05,
        "dvar2": 0.000177041554707,
        "max": 0.176212385297,
        "mean": 0.0229888819158,
        "median": 0.0173886884004,
        "min": 1.00479818127e-20,
        "var": 0.000445857003797
    },
    "spectral_energyband_high": {
        "dmean": 2.12512240978e-05,
        "dmean2": 3.27278939949e-05,
        "dvar": 4.1653631655e-09,
        "dvar2": 8.72985150835e-09,
        "max": 0.00273606064729,
        "mean": 6.20298960712e-05,
        "median": 1.85636054084e-05,
        "min": 7.46591006567e-21,
        "var": 2.74284825963e-08
    },
    "spectral_energyband_low": {
        "dmean": 0.00161086942535,
        "dmean2": 0.00263393344358,
        "dvar": 7.07918370608e-05,
        "dvar2": 0.000167747813975,
        "max": 0.143128484488,
        "mean": 0.00245829275809,
        "median": 1.72579766513e-05,
        "min": 5.14532190402e-23,
        "var": 8.36589897517e-05
    },
    "spectral_energyband_middle_high": {
        "dmean": 0.0028782193549,
        "dmean2": 0.00453293556347,
        "dvar": 1.25866199596e-05,
        "dvar2": 3.18916791002e-05,
        "max": 0.0498771034181,
        "mean": 0.0111543843523,
        "median": 0.00838865246624,
        "min": 1.37854889643e-21,
        "var": 9.48509114096e-05
    },
    "spectral_energyband_middle_low": {
        "dmean": 0.00260976143181,
        "dmean2": 0.0039680195041,
        "dvar": 1.85164535651e-05,
        "dvar2": 4.3451836973e-05,
        "max": 0.0765584185719,
        "mean": 0.00975698418915,
        "median": 0.0073105613701,
        "min": 1.47240042301e-22,
        "var": 9.87560924841e-05
    },
    "spectral_entropy": {
        "dmean": 0.110855855048,
        "dmean2": 0.16692134738,
        "dvar": 0.013240181841,
        "dvar2": 0.0242212433368,
        "max": 9.80262851715,
        "mean": 7.02357625961,
        "median": 7.05515670776,
        "min": 5.77742290497,
        "var": 0.158785194159
    },
    "spectral_flux": {
        "dmean": 0.0146187450737,
        "dmean2": 0.023678176105,
        "dvar": 0.000388057640521,
        "dvar2": 0.000974991009571,
        "max": 0.354278475046,
        "mean": 0.0672233328223,
        "median": 0.0604321286082,
        "min": 1.00239622158e-10,
        "var": 0.00169013428967
    },
    "spectral_kurtosis": {
        "dmean": 10.6572437286,
        "dmean2": 18.916311264,
        "dvar": 142.400436401,
        "dvar2": 445.940673828,
        "max": 109.950721741,
        "mean": 21.0320587158,
        "median": 15.2428512573,
        "min": -1.21015846729,
        "var": 303.104797363
    },
    "spectral_rms": {
        "dmean": 0.000457395857666,
        "dmean2": 0.000686570187099,
        "dvar": 3.24657776218e-07,
        "dvar2": 6.6313498337e-07,
        "max": 0.0131116174161,
        "mean": 0.00418750336394,
        "median": 0.00411880714819,
        "min": 3.13095990107e-12,
        "var": 4.89301146445e-06
    },
    "spectral_rolloff": {
        "dmean": 198.648498535,
        "dmean2": 332.662414551,
        "dvar": 263030.84375,
        "dvar2": 497379.40625,
        "max": 19466.015625,
        "mean": 1663.5769043,
        "median": 1614.99023438,
        "min": 86.1328125,
        "var": 695519.6875
    },
    "spectral_skewness": {
        "dmean": 0.714527070522,
        "dmean2": 1.25985825062,
        "dvar": 0.520886838436,
        "dvar2": 1.6406058073,
        "max": 7.19937992096,
        "mean": 2.60150694847,
        "median": 2.47898745537,
        "min": 0.00620015710592,
        "var": 1.07387006283
    },
    "spectral_spread": {
        "dmean": 224723.21875,
        "dmean2": 334889.53125,
        "dvar": 770749235200,
        "dvar2": 658052808704,
        "max": 40611492,
        "mean": 1786483.5,
        "median": 1659442.375,
        "min": 551265.625,
        "var": 1.78220485837e+12
    },
    "spectral_strongpeak": {
        "dmean": 0.83359926939,
        "dmean2": 1.39340221882,
        "dvar": 1.12750005722,
        "dvar2": 2.92726230621,
        "max": 10.8928890228,
        "mean": 1.87404119968,
        "median": 1.3987019062,
        "min": 0,
        "var": 3.00303983688
    },
    "zerocrossingrate": {
        "dmean": 0.00463320035487,
        "dmean2": 0.00582351349294,
        "dvar": 0.000156190013513,
        "dvar2": 0.000297154299915,
        "max": 0.5166015625,
        "mean": 0.055039614439,
        "median": 0.05224609375,
        "min": 0.01220703125,
        "var": 0.000549642019905
    },
    "barkbands": {
        "dmean": [2.60301785602e-05, 0.00146318657789, 0.000345288397511, 0.000161389936693, 0.00030441978015, 0.000537376501597, 0.000967121042777, 0.000979610485956, 0.00121019477956, 0.00107617396861, 0.000830930366646, 0.000641475664452, 0.00107179244515, 0.000728812359739, 0.0011279694736, 0.000311484647682, 0.000173863576492, 5.69229887333e-05, 3.15113102261e-05, 1.85502194654e-05, 8.95351331565e-06, 4.00509634346e-06, 2.30834211834e-06, 1.95917300516e-06, 1.05573360543e-06, 5.79031393499e-07, 9.96582261159e-10],
        "dmean2": [4.59457878605e-05, 0.00243521365337, 0.000594290031586, 0.000272617588053, 0.000466830038931, 0.000866610731464, 0.00153367477469, 0.0013655978255, 0.00188396521844, 0.00169038353488, 0.00136980193201, 0.00103612639941, 0.0017613787204, 0.0011870986782, 0.00186785834376, 0.000505842559505, 0.000263548281509, 9.2847913038e-05, 4.9032682e-05, 2.93905304716e-05, 1.46413703987e-05, 6.55149460727e-06, 3.46697834175e-06, 2.85173337033e-06, 1.4338153278e-06, 7.12734674835e-07, 1.81547887834e-09],
        "dvar": [2.99711402363e-08, 6.19825295871e-05, 3.89721253669e-06, 4.33190905369e-07, 2.88979350671e-07, 1.83935992482e-06, 3.1924241739e-06, 5.58481133339e-06, 5.78169147047e-06, 3.46548722518e-06, 1.69652321347e-06, 1.1163004956e-06, 3.12241809297e-06, 2.02305477615e-06, 3.21230186273e-06, 3.22427808896e-07, 1.36994628974e-07, 3.42136772247e-08, 3.88541421259e-09, 3.61406105043e-09, 5.74373493212e-10, 2.44197828625e-10, 9.71909011604e-11, 7.04366495685e-11, 1.88927866407e-11, 5.21956132829e-12, 2.70183761237e-18],
        "dvar2": [8.1394759377e-08, 0.000164894256159, 1.08098683995e-05, 1.21650100482e-06, 7.06109688053e-07, 5.31458363184e-06, 8.29191412777e-06, 1.32009799927e-05, 1.38545447044e-05, 8.11917652754e-06, 4.35771107732e-06, 2.7166511245e-06, 8.26845280244e-06, 5.1909269132e-06, 8.64762023411e-06, 7.49361333874e-07, 2.73565632369e-07, 9.4237655901e-08, 8.92889406856e-09, 8.09973865756e-09, 1.37970579406e-09, 6.18035345124e-10, 2.06785435997e-10, 1.38947034434e-10, 3.93898524909e-11, 8.7930192641e-12, 8.13738927599e-18],
        "max": [0.00418816693127, 0.130149334669, 0.0385678112507, 0.0157424882054, 0.0100839817896, 0.0235394723713, 0.0260621346533, 0.0595501363277, 0.0457830876112, 0.0250288452953, 0.0282042156905, 0.0190910864621, 0.0251254271716, 0.0324289239943, 0.0288836676627, 0.0118790213019, 0.00941366981715, 0.00624614488333, 0.00111027027015, 0.00167684385087, 0.00062857370358, 0.000477469264297, 0.000511681486387, 0.000412412569858, 0.000149107974721, 6.34053649264e-05, 2.28745022923e-08],
        "mean": [2.50736920862e-05, 0.00150238757487, 0.000724465062376, 0.00032511309837, 0.000789305195212, 0.00107034272514, 0.00193291087635, 0.00252673006617, 0.0026530509349, 0.00206965534016, 0.00136541796383, 0.00112667167559, 0.00201559951529, 0.00135828240309, 0.00201071891934, 0.000757982372306, 0.000451086525572, 0.000124534402858, 7.39211609471e-05, 4.09491876781e-05, 2.03155286727e-05, 9.0717439889e-06, 5.87093700233e-06, 5.34736864211e-06, 2.73043428933e-06, 1.3750875496e-06, 9.66922319989e-10],
        "median": [7.51245323727e-08, 1.96569521904e-06, 5.07398999616e-06, 2.93170633086e-05, 0.000366178544937, 0.000444056233391, 0.000858534127474, 0.000515944440849, 0.000654465518892, 0.000745590135921, 0.000722772732843, 0.000633346906397, 0.000723103876226, 0.000565185793675, 0.000849392730743, 0.000262255809503, 0.000109404623799, 6.28020716249e-05, 3.87642285204e-05, 1.88424128282e-05, 5.27447764398e-06, 9.12821349175e-07, 3.83123079928e-07, 1.91683668049e-07, 4.52530244388e-08, 1.24006005464e-08, 2.9942734403e-10],
        "min": [5.99834498846e-25, 2.87244671311e-23, 1.24103005964e-23, 1.83777966861e-24, 2.2313555482e-23, 6.68360745341e-24, 3.43530243998e-23, 2.05815734993e-23, 4.74776314461e-23, 3.00562063341e-23, 4.69467753885e-23, 9.84257144497e-23, 7.24815434028e-23, 4.38332455252e-23, 7.1764462529e-23, 1.48375434024e-22, 1.08569033119e-22, 1.43621998023e-22, 2.23549826702e-22, 2.4325582455e-22, 3.25407824463e-22, 4.32082064176e-22, 4.95232588449e-22, 6.97794701348e-22, 1.14447788668e-21, 1.76537185215e-21, 2.4508418451e-21],
        "var": [2.56601015991e-08, 5.10279751325e-05, 5.51967696083e-06, 1.04588923477e-06, 1.142646056e-06, 3.30398756887e-06, 7.48373122406e-06, 2.74193789664e-05, 2.20820766117e-05, 9.5039504231e-06, 4.60374394606e-06, 2.50089146903e-06, 8.34992624732e-06, 5.16270938533e-06, 8.29992404761e-06, 2.10781763599e-06, 9.97401684799e-07, 5.51750112265e-08, 1.5150780186e-08, 9.56546486464e-09, 2.19521001377e-09, 8.46175574054e-10, 6.13406936356e-10, 4.35214947414e-10, 9.00351182498e-11, 2.17609697623e-11, 2.90298663744e-18]
    },
    "erbbands": {
        "dmean": [0.0396183505654, 0.338717252016, 0.411064714193, 0.486908763647, 0.520323395729, 1.25248372555, 2.30245351791, 5.57512521744, 11.7916316986, 17.0685882568, 18.0976314545, 34.6609573364, 17.7211322784, 36.4444618225, 38.5935058594, 28.6106243134, 46.9212303162, 36.6480407715, 69.0881118774, 20.136133194, 15.9485368729, 6.45506668091, 3.07227373123, 2.46236395836, 1.29522407055, 0.886485934258, 0.483540505171, 0.268846303225, 0.147660523653, 0.103798039258, 0.0608906820416, 0.045667540282, 0.0306586250663, 0.0140350218862, 0.00653681764379, 0.0029517300427, 0.000991845619865, 0.000146380014485, 4.50389507023e-06, 5.62348850508e-06],
        "dmean2": [0.0670685023069, 0.563688337803, 0.69539052248, 0.826031267643, 0.838886618614, 1.89005160332, 3.58102440834, 9.06430721283, 18.5890789032, 26.006855011, 24.507648468, 53.8756752014, 27.7618026733, 57.3119735718, 63.4848403931, 46.3046531677, 76.2616043091, 59.4384117126, 113.220321655, 32.8450965881, 25.3221282959, 9.93235206604, 4.9067363739, 3.94338011742, 2.01150798798, 1.38267016411, 0.794753134251, 0.442539840937, 0.239135056734, 0.161003351212, 0.0934292674065, 0.0696106404066, 0.0443802773952, 0.01884958148, 0.00845200568438, 0.00365999364294, 0.00129790743813, 0.000202090843231, 6.33972285868e-06, 8.70588610269e-06],
        "dvar": [0.049880374223, 3.15900468826, 4.83540678024, 5.43705034256, 1.39178168774, 5.12897920609, 32.0086555481, 189.685562134, 539.108520508, 1825.16674805, 1221.83325195, 5122.01611328, 1084.1192627, 4307.51953125, 4044.56103516, 2082.08056641, 5874.0703125, 5301.58642578, 11933.9726562, 1447.51501465, 869.132995605, 144.891586304, 50.4958114624, 60.0499725342, 7.88510274887, 8.10758781433, 1.67369496822, 0.690826058388, 0.301438987255, 0.181007251143, 0.068311624229, 0.0479579344392, 0.0140382610261, 0.00312332203612, 0.000711743079592, 0.000155560410349, 1.44723053381e-05, 2.76168407254e-07, 1.00619970689e-10, 9.71182648191e-11],
        "dvar2": [0.13776320219, 8.29008293152, 12.2196865082, 15.0652484894, 3.577886343, 11.950343132, 86.0968933105, 559.317382812, 1393.51879883, 4291.86914062, 2346.93066406, 12511.7724609, 2514.1652832, 10213.6074219, 10162.2011719, 5305.92382812, 15730.9736328, 13675.2871094, 32163.3203125, 3838.9543457, 1928.52783203, 300.232299805, 126.742256165, 157.960861206, 18.4166679382, 18.1714401245, 3.91629123688, 1.64594686031, 0.717985808849, 0.454653084278, 0.1331897825, 0.103676505387, 0.0285744294524, 0.00606239726767, 0.00143752316944, 0.000278613530099, 2.61323366431e-05, 5.37635855835e-07, 1.90176985271e-10, 2.14324932801e-10],
        "max": [3.5252635479, 29.3762550354, 47.0132789612, 42.8711357117, 24.6399345398, 35.7094230652, 89.481803894, 228.384643555, 386.137237549, 864.856140137, 950.879516602, 1346.72705078, 554.861633301, 939.427490234, 1413.45678711, 621.047912598, 941.8984375, 1657.3614502, 1795.32775879, 1130.46740723, 742.406433105, 346.593383789, 192.459869385, 268.112915039, 60.4156494141, 78.142868042, 32.9742393494, 23.9584236145, 16.8390617371, 15.2098970413, 14.0486497879, 11.7546472549, 3.93781232834, 1.96184074879, 0.867496609688, 0.34785297513, 0.125924840569, 0.0121692232788, 0.000243682574364, 0.000198410474695],
        "mean": [0.0383195579052, 0.360099762678, 0.78812712431, 1.12261021137, 1.27467751503, 3.07289218903, 5.21417474747, 10.6716403961, 25.4694347382, 36.4805908203, 55.9229011536, 76.4560089111, 41.7438392639, 69.14112854, 68.6741027832, 54.5640525818, 90.4993438721, 81.4806137085, 128.226806641, 49.7007522583, 39.7001266479, 18.2842998505, 8.38167572021, 5.5193696022, 3.0993885994, 1.92691552639, 1.08624100685, 0.606894433498, 0.341306835413, 0.241049543023, 0.163838967681, 0.119479879737, 0.0779203698039, 0.0365451350808, 0.0169940534979, 0.00689335120842, 0.00231868866831, 0.000297028804198, 1.80463430297e-05, 2.77049766737e-05],
        "median": [3.41925770044e-05, 0.000593820295762, 0.00619637453929, 0.0780353099108, 0.527309060097, 1.14017963409, 2.08741807938, 4.38889551163, 11.8792352676, 12.8758306503, 17.2863063812, 21.9135150909, 18.9959430695, 24.983543396, 39.288520813, 33.2775726318, 34.881690979, 37.1512184143, 54.2358932495, 28.671453476, 12.6586112976, 6.25319719315, 3.87035727501, 2.9139893055, 1.66526412964, 0.918096184731, 0.431171745062, 0.110764995217, 0.0387452803552, 0.0171729456633, 0.0105755627155, 0.00612160237506, 0.00200100662187, 0.000724621640984, 0.000237833141, 8.24864691822e-05, 3.1532257708e-05, 5.90234367337e-06, 1.04491400634e-05, 2.09325316973e-05],
        "min": [9.53850721786e-22, 5.16654223713e-21, 1.50521135182e-20, 8.46092756322e-21, 9.45469136515e-21, 6.37112666988e-20, 1.46838685422e-19, 5.76798081765e-20, 2.97619170806e-19, 7.18743283006e-19, 5.03635274904e-19, 1.3624720378e-18, 5.97948340396e-19, 1.4664739732e-18, 2.46575530246e-18, 4.46833826555e-18, 3.92894909095e-18, 2.52552241044e-18, 3.76452461033e-18, 5.59591406705e-18, 6.70813036534e-18, 6.78000739749e-18, 8.83149472596e-18, 1.26798325847e-17, 1.09598180343e-17, 1.0746761124e-17, 1.26983027006e-17, 1.06738112386e-17, 1.4909224129e-17, 1.34167173344e-17, 1.62484361582e-17, 1.61470701372e-17, 1.1116562143e-17, 1.33038270331e-17, 7.96038337825e-18, 5.15914574642e-18, 3.2508212549e-18, 1.28741387581e-18, 3.23189598287e-19, 3.71017323476e-20],
        "var": [0.0368333682418, 2.72239136696, 6.90863990784, 11.6203556061, 3.72312879562, 21.0603809357, 75.4333114624, 321.915130615, 1408.22253418, 4802.15771484, 13697.4179688, 18259.0429688, 3466.81884766, 11748.7832031, 11373.1855469, 4394.16162109, 15346.3017578, 16105.96875, 31696.0546875, 4668.51855469, 4153.56542969, 1164.21704102, 260.342376709, 96.5371017456, 29.1321659088, 20.1876945496, 5.85548210144, 2.50761938095, 1.09585309029, 0.76696819067, 0.52129805088, 0.286443352699, 0.0734179541469, 0.0164994355291, 0.00317885610275, 0.000579901330639, 6.09696580796e-05, 9.56386429607e-07, 5.63396163056e-10, 6.23578078063e-10]
    },
    "gfcc": {
        "mean": [-104.423194885, 152.534622192, -198.867645264, -30.5398082733, -45.6729316711, -13.1246738434, -33.8941497803, -10.9130554199, -14.1978635788, -4.47088432312, -6.27027750015, -12.8493824005, -2.22980666161],
        "cov": [[13469.4199219, -1185.09716797, 1540.78076172, 1750.42614746, -308.144958496, 1512.6953125, -140.338150024, 1006.94848633, 267.747619629, 593.151428223, -451.174560547, 282.314910889, -282.058258057], [-1185.09716797, 1404.13989258, -191.938919067, -608.229736328, 383.673919678, -291.707000732, 126.190834045, -239.670211792, 82.3387680054, -123.751052856, 122.301200867, -94.21824646, 77.4315872192], [1540.78076172, -191.938919067, 1215.60986328, 602.736450195, 140.408294678, 707.438049316, 26.9759559631, 350.397155762, 58.0969696045, 229.587417603, -156.9478302, 191.404434204, -71.1581420898], [1750.42614746, -608.229736328, 602.736450195, 891.023498535, -52.0202636719, 461.066619873, 29.6247653961, 262.697845459, 9.2103099823, 148.862869263, -134.059570312, 70.376121521, -65.0945892334], [-308.144958496, 383.673919678, 140.408294678, -52.0202636719, 389.500762939, 137.338760376, 57.7981109619, 52.1124305725, 96.6690063477, 55.723815918, 2.49698328972, 49.9641532898, 25.9341068268], [1512.6953125, -291.707000732, 707.438049316, 461.066619873, 137.338760376, 672.617797852, 65.2691345215, 267.004699707, 45.9987716675, 206.032089233, -117.587799072, 137.2631073, -58.2612724304], [-140.338150024, 126.190834045, 26.9759559631, 29.6247653961, 57.7981109619, 65.2691345215, 174.125793457, 3.54455208778, 15.1428470612, 26.2725734711, 21.3669528961, -30.1420898438, -15.6881036758], [1006.94848633, -239.670211792, 350.397155762, 262.697845459, 52.1124305725, 267.004699707, 3.54455208778, 245.52583313, 76.0791931152, 106.913124084, -66.6883850098, 92.7578125, -31.4582996368], [267.747619629, 82.3387680054, 58.0969696045, 9.2103099823, 96.6690063477, 45.9987716675, 15.1428470612, 76.0791931152, 143.438644409, 66.6999664307, -16.2854976654, 28.1503372192, 8.2193479538], [593.151428223, -123.751052856, 229.587417603, 148.862869263, 55.723815918, 206.032089233, 26.2725734711, 106.913124084, 66.6999664307, 154.741577148, -22.8753471375, 57.1178512573, -16.2705802917], [-451.174560547, 122.301200867, -156.9478302, -134.059570312, 2.49698328972, -117.587799072, 21.3669528961, -66.6883850098, -16.2854976654, -22.8753471375, 93.7996749878, -12.0057516098, 7.35037088394], [282.314910889, -94.21824646, 191.404434204, 70.376121521, 49.9641532898, 137.2631073, -30.1420898438, 92.7578125, 28.1503372192, 57.1178512573, -12.0057516098, 129.667098999, 25.1485729218], [-282.058258057, 77.4315872192, -71.1581420898, -65.0945892334, 25.9341068268, -58.2612724304, -15.6881036758, -31.4582996368, 8.2193479538, -16.2705802917, 7.35037088394, 25.1485729218, 80.5535812378]],
        "icov": [[0.000224025876378, -0.000617390556727, 0.000559306005016, -0.000407880404964, 0.000807102420367, -0.000560848449823, 0.000588822877035, -0.000914030126296, 0.000177699839696, -0.000644818122964, 0.000524249277078, -0.000274815305602, 0.000524177215993], [-0.000617390556727, 0.00487110298127, -0.00356753147207, 0.00250349426642, -0.00471147801727, 0.00224653934129, -0.00298607908189, 0.00487062521279, -0.00301580573432, 0.0043472526595, -0.00346964248456, 0.00304207019508, -0.00295756803825], [0.000559306005016, -0.00356753147207, 0.00526303937659, -0.00232455320656, 0.00323333614506, -0.00326256849803, 0.00235359091312, -0.00429550325498, 0.00258909584954, -0.00362853053957, 0.00388191221282, -0.00374477240257, 0.00335641251877], [-0.000407880404964, 0.00250349426642, -0.00232455320656, 0.00371554819867, -0.00183555146214, 0.000682883663103, -0.00192745053209, 0.00110885151662, -0.000630666210782, 0.00173916935455, -0.00087148649618, 0.00255164620467, -0.00204453151673], [0.000807102420367, -0.00471147801727, 0.00323333614506, -0.00183555146214, 0.00890696886927, -0.00412484491244, 0.00245889509097, -0.00471269432455, -0.000268824049272, -0.00315735931508, 0.00220542517491, -0.0027283700183, 0.00155562721193], [-0.000560848449823, 0.00224653934129, -0.00326256849803, 0.000682883663103, -0.00412484491244, 0.00863396003842, -0.00400497205555, 0.00167661486194, 0.00220463448204, -0.00221523176879, 0.0024916222319, -0.00178006885108, 0.000649871188216], [0.000588822877035, -0.00298607908189, 0.00235359091312, -0.00192745053209, 0.00245889509097, -0.00400497205555, 0.0103748794645, -0.00358725804836, 0.000562407250982, -0.00272473413497, -0.00234890775755, 0.0030491980724, 0.00103962642606], [-0.000914030126296, 0.00487062521279, -0.00429550325498, 0.00110885151662, -0.00471269432455, 0.00167661486194, -0.00358725804836, 0.0182143766433, -0.00782283209264, 0.0047539784573, -0.0010732980445, -0.00329167582095, 0.00124769262038], [0.000177699839696, -0.00301580573432, 0.00258909584954, -0.000630666210782, -0.000268824049272, 0.00220463448204, 0.000562407250982, -0.00782283209264, 0.0162106603384, -0.00941912643611, 0.00559025770053, -0.00149814260658, 0.000435228692368], [-0.000644818122964, 0.0043472526595, -0.00362853053957, 0.00173916935455, -0.00315735931508, -0.00221523176879, -0.00272473413497, 0.0047539784573, -0.00941912643611, 0.0194152966142, -0.00752599118277, 0.00177952472586, -0.00248243613169], [0.000524249277078, -0.00346964248456, 0.00388191221282, -0.00087148649618, 0.00220542517491, 0.0024916222319, -0.00234890775755, -0.0010732980445, 0.00559025770053, -0.00752599118277, 0.0232119895518, -0.00925168115646, 0.00679093366489], [-0.000274815305602, 0.00304207019508, -0.00374477240257, 0.00255164620467, -0.0027283700183, -0.00178006885108, 0.0030491980724, -0.00329167582095, -0.00149814260658, 0.00177952472586, -0.00925168115646, 0.0216013789177, -0.0116205569357], [0.000524177215993, -0.00295756803825, 0.00335641251877, -0.00204453151673, 0.00155562721193, 0.000649871188216, 0.00103962642606, 0.00124769262038, 0.000435228692368, -0.00248243613169, 0.00679093366489, -0.0116205569357, 0.0215265527368]]
    },
    "melbands": {
        "dmean": [0.000398424017476, 0.000269822543487, 7.99817498773e-05, 6.14613090875e-05, 7.71319901105e-05, 0.000118337273307, 0.000188275720575, 0.000195756423636, 0.000146624530316, 0.000215061620111, 8.93312389962e-05, 0.000157436399604, 0.000113411588245, 8.93614342203e-05, 7.1870010288e-05, 0.000118364667287, 7.10578970029e-05, 0.000112379930215, 4.93841689604e-05, 2.63470719801e-05, 1.82928888535e-05, 8.83981192601e-06, 3.98971769755e-06, 2.86957310891e-06, 2.10817552215e-06, 1.15780892429e-06, 8.25490133138e-07, 6.04373667557e-07, 3.68281433794e-07, 2.2873881278e-07, 1.47003916595e-07, 9.39185724746e-08, 7.76272202074e-08, 5.47468523848e-08, 3.92373173952e-08, 3.5577389923e-08, 2.86334742583e-08, 2.58007037957e-08, 1.7422648213e-08, 1.13427915949e-08],
        "dmean2": [0.000665805360768, 0.00045813395991, 0.000136386239319, 9.54723000177e-05, 0.000119108743093, 0.000189925864106, 0.00029884694959, 0.000293719873298, 0.00020076178771, 0.000336294557201, 0.000139667754411, 0.000247376126936, 0.00018647647812, 0.000144135876326, 0.000119378426461, 0.000193273619516, 0.000115286085929, 0.000183746218681, 8.09304547147e-05, 4.31937587564e-05, 2.86902049993e-05, 1.34767151394e-05, 6.48955665383e-06, 4.64276581624e-06, 3.43045621776e-06, 1.79887797458e-06, 1.30428031753e-06, 9.71863414634e-07, 6.07472713909e-07, 3.73879572635e-07, 2.42223393343e-07, 1.52232118467e-07, 1.27106744685e-07, 8.36570848151e-08, 6.16218969185e-08, 5.83093040518e-08, 4.28557633825e-08, 3.88723293554e-08, 2.54710119663e-08, 1.54544661513e-08],
        "dvar": [4.8153096941e-06, 1.93754044631e-06, 1.35067836027e-07, 1.11699280936e-08, 3.044937813e-08, 8.54477306689e-08, 1.29878145572e-07, 2.61444824901e-07, 7.10978937946e-08, 1.87407238172e-07, 2.74600804318e-08, 8.47116155001e-08, 3.2302658326e-08, 1.93649718483e-08, 1.27958914575e-08, 4.05285938143e-08, 2.24603891041e-08, 3.10811394399e-08, 5.98451244116e-09, 2.62025934283e-09, 1.19134058174e-09, 3.20698190226e-10, 6.30827612369e-11, 8.78086700573e-11, 4.21819211505e-11, 5.02557587559e-12, 6.30011537731e-12, 4.94635972806e-12, 9.38986301907e-13, 4.51708603248e-13, 2.18699624382e-13, 1.19771651364e-13, 1.05082426322e-13, 4.79005940815e-14, 2.66398214659e-14, 2.93543841849e-14, 1.87521574874e-14, 1.02034469741e-14, 4.52242367836e-15, 2.12581616366e-15],
        "dvar2": [1.30990620164e-05, 4.42053078586e-06, 3.76273135316e-07, 2.69032796041e-08, 8.19673502406e-08, 2.47505710149e-07, 3.42716020896e-07, 6.23469020411e-07, 1.34271303409e-07, 4.62852739247e-07, 6.30486454156e-08, 1.99060778527e-07, 8.26927788466e-08, 4.6257287778e-08, 3.45584503236e-08, 1.06291565771e-07, 5.75883412068e-08, 8.35338411775e-08, 1.53697605754e-08, 6.49854481338e-09, 2.57626320277e-09, 6.72944810987e-10, 1.38187836174e-10, 2.36302644119e-10, 1.10503189932e-10, 1.18377477959e-11, 1.50019077022e-11, 1.20970724757e-11, 2.34011529772e-12, 1.14327492785e-12, 5.28248072455e-13, 2.86678179025e-13, 2.90540486635e-13, 1.14325920692e-13, 5.50501925132e-14, 7.22042461628e-14, 3.70440271069e-14, 2.33005024915e-14, 9.95143773158e-15, 4.30750516162e-15],
        "max": [0.0356568023562, 0.0246711242944, 0.00724048074335, 0.00163066666573, 0.00261969375424, 0.0049061505124, 0.00586594734341, 0.0119043989107, 0.00730228004977, 0.00748182460666, 0.00274275592528, 0.00416741566733, 0.00390282296576, 0.00234399898909, 0.00143794878386, 0.00317585235462, 0.00374211580493, 0.00277710636146, 0.00139384553768, 0.00125655601732, 0.000781997630838, 0.000447386293672, 0.000332555617206, 0.000303973967675, 0.000220990041271, 4.61595700472e-05, 7.08086445229e-05, 7.04268823029e-05, 2.52073368756e-05, 1.70106013684e-05, 1.29075469886e-05, 9.93597677734e-06, 1.04589789771e-05, 8.28543488751e-06, 8.74367287906e-06, 7.17384364179e-06, 7.81318340159e-06, 2.96443386105e-06, 2.0904521989e-06, 1.60377919656e-06],
        "mean": [0.000398039584979, 0.000445956189651, 0.00019024660287, 0.000156190435519, 0.000179882204975, 0.000228112476179, 0.000394568924094, 0.000424824567745, 0.000455637898995, 0.000449461425887, 0.00019689691544, 0.000285118934698, 0.000193803600268, 0.000168769722222, 0.000134205431095, 0.000215532447328, 0.000137187336804, 0.000205749776796, 9.58302189247e-05, 6.2628510932e-05, 4.26768492616e-05, 2.18706845772e-05, 1.04387236206e-05, 6.16532088316e-06, 4.2576789383e-06, 2.45726823778e-06, 1.7814528519e-06, 1.14883823699e-06, 7.38228209229e-07, 4.66572231517e-07, 3.03259128032e-07, 1.92789727294e-07, 1.62489314448e-07, 1.21388467278e-07, 9.58463246548e-08, 8.22347985263e-08, 6.86815866402e-08, 5.87287019016e-08, 4.06060571834e-08, 2.77328542353e-08],
        "median": [4.20741287144e-07, 1.89498814507e-06, 2.42378773692e-05, 5.90961717535e-05, 7.08804436726e-05, 9.49797322392e-05, 0.000181117138709, 0.000136909919092, 0.000125275197206, 0.000120995064208, 8.22023503133e-05, 8.8684464572e-05, 0.000108257219836, 9.92998247966e-05, 6.65396291879e-05, 7.96345048002e-05, 5.32331359864e-05, 8.35584360175e-05, 4.83173207613e-05, 2.4238770493e-05, 1.26252025439e-05, 6.42876148049e-06, 3.62069226867e-06, 2.83108261101e-06, 2.08185451811e-06, 1.25874066725e-06, 7.73314638991e-07, 5.15946339874e-07, 2.90315341545e-07, 9.75839000716e-08, 4.03608950705e-08, 2.20579217114e-08, 1.32930511043e-08, 7.50375406255e-09, 6.08191319529e-09, 5.26693400005e-09, 3.15938986084e-09, 1.54214041537e-09, 7.96997912111e-10, 5.04324526585e-10],
        "min": [1.07798024136e-23, 6.92086604812e-24, 2.19837390484e-24, 1.54959379158e-24, 6.17473694928e-24, 1.19396523752e-24, 5.08189874942e-24, 7.36788512412e-24, 4.74597495471e-24, 7.74724596686e-24, 2.62684173336e-24, 5.66356021029e-24, 6.27139134283e-24, 1.23127224467e-23, 9.3722513111e-24, 6.60934369336e-24, 3.78147416894e-24, 6.1023794716e-24, 6.573295511e-24, 7.57610338233e-24, 7.0489352495e-24, 5.91810905832e-24, 8.23682014438e-24, 6.21564175379e-24, 9.68227916887e-24, 7.82950207116e-24, 8.24421887081e-24, 6.20440916336e-24, 6.76763533931e-24, 6.48325492728e-24, 6.33517942448e-24, 7.74144152831e-24, 8.25409146504e-24, 7.09834318572e-24, 9.41581536573e-24, 8.76999308642e-24, 8.9951899979e-24, 6.68679208488e-24, 9.68650273016e-24, 1.16201357041e-23],
        "var": [3.74355408894e-06, 2.55797294813e-06, 2.69205116865e-07, 4.66946161737e-08, 7.79143931595e-08, 1.52877035475e-07, 3.19512309943e-07, 6.95338769674e-07, 8.23548248263e-07, 6.18552803644e-07, 8.47809502602e-08, 2.25465612402e-07, 9.05000092644e-08, 5.07413417949e-08, 2.7337652142e-08, 1.04990604655e-07, 6.20006943564e-08, 8.02919402076e-08, 1.70518514864e-08, 1.84899153766e-08, 5.3695852209e-09, 1.95278548887e-09, 6.67066901716e-10, 1.7250348372e-10, 6.51575807198e-11, 1.79782091991e-11, 1.59855774451e-11, 9.4876042786e-12, 2.55921759479e-12, 1.43535378895e-12, 7.0560685116e-13, 3.48477458912e-13, 3.42103325919e-13, 2.04636763264e-13, 1.74039317571e-13, 1.52963254042e-13, 9.64891144414e-14, 4.25263496022e-14, 1.93084243527e-14, 9.84665552084e-15]
    },
    "mfcc": {
        "mean": [-719.659057617, 182.354019165, -77.5813140869, -22.1726474762, -9.35123634338, -10.2125740051, -11.244348526, -13.503991127, -7.9500079155, 0.898459732533, -5.86460828781, -4.00457859039, -2.54134893417],
        "cov": [[8561.56347656, -0.834361732006, 602.792480469, 1139.21850586, 266.542205811, 710.615722656, 97.4719390869, 470.462371826, 615.524719238, 430.712860107, 339.721893311, 301.693237305, 18.5017261505], [-0.834361732006, 1336.99243164, -247.524200439, -321.954559326, 102.967285156, -91.8279571533, -26.2682552338, -64.6339416504, -33.1574440002, -17.7158336639, 29.7773914337, -42.1137580872, 29.4002876282], [602.792480469, -247.524200439, 962.845947266, 173.281692505, 282.345428467, 375.47833252, 150.316574097, 220.332397461, 212.463775635, 67.9265518188, 109.873878479, 66.76612854, 29.0944499969], [1139.21850586, -321.954559326, 173.281692505, 570.341796875, 14.6674461365, 118.99471283, 63.2587890625, 82.0013961792, 123.852737427, 97.4385681152, 26.6983318329, 67.4321746826, -8.90429496765], [266.542205811, 102.967285156, 282.345428467, 14.6674461365, 381.247497559, 199.090301514, 26.2160625458, 140.600891113, 153.825271606, 36.0210876465, 64.4077148438, 61.9772262573, 45.2435493469], [710.615722656, -91.8279571533, 375.47833252, 118.99471283, 199.090301514, 382.68069458, 142.986434937, 130.416427612, 178.87828064, 85.9852600098, 115.211929321, 62.021232605, 12.8460292816], [97.4719390869, -26.2682552338, 150.316574097, 63.2587890625, 26.2160625458, 142.986434937, 192.47164917, 54.0680923462, 29.6598453522, 34.1533966064, 43.1132469177, 9.94820594788, -4.16411018372], [470.462371826, -64.6339416504, 220.332397461, 82.0013961792, 140.600891113, 130.416427612, 54.0680923462, 170.875656128, 120.354560852, 35.2035217285, 63.8672828674, 47.6193313599, 25.2196903229], [615.524719238, -33.1574440002, 212.463775635, 123.852737427, 153.825271606, 178.87828064, 29.6598453522, 120.354560852, 209.263885498, 89.6482772827, 72.3811416626, 61.3173980713, 30.0550251007], [430.712860107, -17.7158336639, 67.9265518188, 97.4385681152, 36.0210876465, 85.9852600098, 34.1533966064, 35.2035217285, 89.6482772827, 113.144790649, 67.2151489258, 28.872838974, 8.60123920441], [339.721893311, 29.7773914337, 109.873878479, 26.6983318329, 64.4077148438, 115.211929321, 43.1132469177, 63.8672828674, 72.3811416626, 67.2151489258, 132.05506897, 55.5407028198, 14.5965633392], [301.693237305, -42.1137580872, 66.76612854, 67.4321746826, 61.9772262573, 62.021232605, 9.94820594788, 47.6193313599, 61.3173980713, 28.872838974, 55.5407028198, 90.880569458, 34.9701538086], [18.5017261505, 29.4002876282, 29.0944499969, -8.90429496765, 45.2435493469, 12.8460292816, -4.16411018372, 25.2196903229, 30.0550251007, 8.60123920441, 14.5965633392, 34.9701538086, 65.5430221558]],
