{
"lowlevel": {
    "average_loudness": 0.500328242779,
    "barkbands_crest": {
        "dmean": 1.91326594353,
        "dmean2": 2.99319386482,
        "dvar": 3.38211989403,
        "dvar2": 8.06889915466,
        "max": 25.4631061554,
        "mean": 10.8963842392,
        "median": 10.1809339523,
        "min": 4.08385038376,
        "var": 14.8941240311
    },
    "barkbands_flatness_db": {
        "dmean": 0.0186308920383,
        "dmean2": 0.028365412727,
        "dvar": 0.000327514397213,
        "dvar2": 0.000682187266648,
        "max": 0.3933134377,
        "mean": 0.26492446661,
        "median": 0.268634259701,
        "min": 0.104218497872,
        "var": 0.00272879423574
    },
    "barkbands_kurtosis": {
        "dmean": 1.68622970581,
        "dmean2": 2.51463890076,
        "dvar": 7.70428085327,
        "dvar2": 17.3219013214,
        "max": 84.8240814209,
        "mean": 3.51379323006,
        "median": 2.12477779388,
        "min": -1.8559731245,
        "var": 30.2270927429
    },
    "barkbands_skewness": {
        "dmean": 0.363627165556,
        "dmean2": 0.534932672977,
        "dvar": 0.144751727581,
        "dvar2": 0.28905248642,
        "max": 7.8146147728,
        "mean": 1.20029771328,
        "median": 1.14949536324,
        "min": -3.23617005348,
        "var": 0.970846414566
    },
    "barkbands_spread": {
        "dmean": 2.19451618195,
        "dmean2": 3.08514809608,
        "dvar": 18.8337402344,
        "dvar2": 30.7180233002,
        "max": 82.0569534302,
        "mean": 9.45217323303,
        "median": 7.02860641479,
        "min": 1.00818300247,
        "var": 92.8464508057
    },
    "dissonance": {
        "dmean": 0.0307047590613,
        "dmean2": 0.051294952631,
        "dvar": 0.000796659733169,
        "dvar2": 0.00218519917689,
        "max": 0.499627053738,
        "mean": 0.41068610549,
        "median": 0.414678305387,
        "min": 0.243643566966,
        "var": 0.00214815814979
    },
    "dynamic_complexity": 4.4694108963,
    "erbbands_crest": {
        "dmean": 2.06489825249,
        "dmean2": 3.19101238251,
        "dvar": 5.09023618698,
        "dvar2": 11.3967208862,
        "max": 32.2358436584,
        "mean": 10.7850904465,
        "median": 9.84033584595,
        "min": 3.66484427452,
        "var": 19.0279827118
    },
    "erbbands_flatness_db": {
        "dmean": 0.0142858428881,
        "dmean2": 0.0205425843596,
        "dvar": 0.000273065146757,
        "dvar2": 0.000494513020385,
        "max": 0.445545524359,
        "mean": 0.292535632849,
        "median": 0.298169970512,
        "min": 0.134357154369,
        "var": 0.0024035749957
    },
    "erbbands_kurtosis": {
        "dmean": 1.00623953342,
        "dmean2": 1.51024246216,
        "dvar": 2.91160964966,
        "dvar2": 6.82388782501,
        "max": 26.235452652,
        "mean": 1.18231642246,
        "median": 0.271820783615,
        "min": -1.85607147217,
        "var": 8.88479423523
    },
    "erbbands_skewness": {
        "dmean": 0.307425439358,
        "dmean2": 0.444498866796,
        "dvar": 0.123717270792,
        "dvar2": 0.246051043272,
        "max": 3.95479345322,
        "mean": 0.538216292858,
        "median": 0.54628354311,
        "min": -4.1184463501,
        "var": 0.716837346554
    },
    "erbbands_spread": {
        "dmean": 3.62668466568,
        "dmean2": 5.21077919006,
        "dvar": 38.8159713745,
        "dvar2": 75.6277084351,
        "max": 98.0771179199,
        "mean": 18.336145401,
        "median": 15.4663543701,
        "min": 2.39128613472,
        "var": 163.839736938
    },
    "hfc": {
        "dmean": 3.76324343681,
        "dmean2": 5.11888313293,
        "dvar": 86.0900878906,
        "dvar2": 183.11227417,
        "max": 175.593200684,
        "mean": 13.2008342743,
        "median": 5.46079587936,
        "min": 4.86168755742e-05,
        "var": 417.56930542
    },
    "melbands_crest": {
        "dmean": 2.27339410782,
        "dmean2": 3.5863776207,
        "dvar": 5.05496883392,
        "dvar2": 12.5050039291,
        "max": 32.972278595,
        "mean": 13.2112865448,
        "median": 12.4002046585,
        "min": 3.89374446869,
        "var": 19.5042591095
    },
    "melbands_flatness_db": {
        "dmean": 0.0193255618215,
        "dmean2": 0.0267110392451,
        "dvar": 0.000497857865412,
        "dvar2": 0.000876716454513,
        "max": 0.505495846272,
        "mean": 0.315118551254,
        "median": 0.3247179389,
        "min": 0.0596241913736,
        "var": 0.00614574365318
    },
    "melbands_kurtosis": {
        "dmean": 2.34805798531,
        "dmean2": 3.48143815994,
        "dvar": 12.0637283325,
        "dvar2": 26.1066932678,
        "max": 104.900749207,
        "mean": 5.65240859985,
        "median": 3.68920946121,
        "min": -1.85519838333,
        "var": 48.7094841003
    },
    "melbands_skewness": {
        "dmean": 0.394876807928,
        "dmean2": 0.587303161621,
        "dvar": 0.165760368109,
        "dvar2": 0.33524531126,
        "max": 7.27504253387,
        "mean": 1.59830033779,
        "median": 1.51908266544,
        "min": -1.91801571846,
        "var": 1.04065537453
    },
    "melbands_spread": {
        "dmean": 3.42669725418,
        "dmean2": 4.94116353989,
        "dvar": 78.0916519165,
        "dvar2": 141.262969971,
        "max": 193.926467896,
        "mean": 13.9439487457,
        "median": 9.49286746979,
        "min": 1.33182454109,
        "var": 362.893890381
    },
    "pitch_salience": {
        "dmean": 0.0489661805332,
        "dmean2": 0.077328287065,
        "dvar": 0.00219073682092,
        "dvar2": 0.00526208570227,
        "max": 0.824814021587,
        "mean": 0.571083724499,
        "median": 0.580654025078,
        "min": 0.154113575816,
        "var": 0.00927782338113
    },
    "silence_rate_20dB": {
        "dmean": 0,
        "dmean2": 0,
        "dvar": 0,
        "dvar2": 0,
        "max": 1,
        "mean": 1,
        "median": 1,
        "min": 1,
        "var": 0
    },
    "silence_rate_30dB": {
        "dmean": 0,
        "dmean2": 0,
        "dvar": 0,
        "dvar2": 0,
        "max": 1,
        "mean": 1,
        "median": 1,
        "min": 1,
        "var": 0
    },
    "silence_rate_60dB": {
        "dmean": 0.0348566994071,
        "dmean2": 0.0697404071689,
        "dvar": 0.033642154187,
        "dvar2": 0.0718511044979,
        "max": 1,
        "mean": 0.183120399714,
        "median": 0,
        "min": 0,
        "var": 0.149591043591
    },
    "spectral_centroid": {
        "dmean": 105.749465942,
        "dmean2": 141.588928223,
        "dvar": 64400.8632812,
        "dvar2": 96777.2890625,
        "max": 5020.23632812,
        "mean": 717.294311523,
        "median": 518.289916992,
        "min": 259.862365723,
        "var": 393691.6875
    },
    "spectral_complexity": {
        "dmean": 1.61502707005,
        "dmean2": 2.51762890816,
        "dvar": 2.97033977509,
        "dvar2": 6.10472822189,
        "max": 43,
        "mean": 11.5799455643,
        "median": 11,
        "min": 0,
        "var": 25.5738201141
    },
    "spectral_decrease": {
        "dmean": 9.5894547858e-10,
        "dmean2": 1.33902622323e-09,
        "dvar": 2.65515774245e-18,
        "dvar2": 5.24459515806e-18,
        "max": -4.18123279327e-14,
        "mean": -4.36789582281e-09,
        "median": -3.15509840476e-09,
        "min": -2.43816860035e-08,
        "var": 1.82298083492e-17
    },
    "spectral_energy": {
        "dmean": 0.00390809029341,
        "dmean2": 0.00546538503841,
        "dvar": 4.4676449761e-05,
        "dvar2": 8.89584116521e-05,
        "max": 0.100591599941,
        "mean": 0.0176827870309,
        "median": 0.0126241715625,
        "min": 1.62219322419e-07,
        "var": 0.000309692753945
    },
    "spectral_energyband_high": {
        "dmean": 0.000214434519876,
        "dmean2": 0.000297773920465,
        "dvar": 1.65707592714e-06,
        "dvar2": 3.53906011696e-06,
        "max": 0.0306802745908,
        "mean": 0.000361871294444,
        "median": 2.9576099223e-06,
        "min": 4.43061309863e-10,
        "var": 3.68079417967e-06
    },
    "spectral_energyband_low": {
        "dmean": 0.000736401299946,
        "dmean2": 0.00117276550736,
        "dvar": 1.79538324119e-06,
        "dvar2": 4.7980488489e-06,
        "max": 0.021010234952,
        "mean": 0.00184021075256,
        "median": 0.000579519371968,
        "min": 7.8814572646e-08,
        "var": 7.91705679148e-06
    },
    "spectral_energyband_middle_high": {
        "dmean": 0.00153150036931,
        "dmean2": 0.0020470386371,
        "dvar": 1.98472298507e-05,
        "dvar2": 3.54358926415e-05,
        "max": 0.09297824651,
        "mean": 0.00495549757034,
        "median": 0.000992982997559,
        "min": 3.02484237658e-09,
        "var": 0.000135464011692
    },
    "spectral_energyband_middle_low": {
        "dmean": 0.00283022341318,
        "dmean2": 0.00392938312143,
        "dvar": 2.58244017459e-05,
        "dvar2": 5.19526656717e-05,
        "max": 0.0821805670857,
        "mean": 0.0113319540396,
        "median": 0.00836236868054,
        "min": 1.11231223343e-07,
        "var": 0.000116631337733
    },
    "spectral_entropy": {
        "dmean": 0.141802415252,
        "dmean2": 0.198153078556,
        "dvar": 0.0310662146658,
        "dvar2": 0.0533979870379,
        "max": 8.22758197784,
        "mean": 6.44827365875,
        "median": 6.37125301361,
        "min": 5.29682254791,
        "var": 0.293362617493
    },
    "spectral_flux": {
        "dmean": 0.0152181098238,
        "dmean2": 0.0242485720664,
        "dvar": 0.000538146996405,
        "dvar2": 0.00129411264788,
        "max": 0.29150468111,
        "mean": 0.0446515269578,
        "median": 0.0305566340685,
        "min": 0.000402764591854,
        "var": 0.00154992716853
    },
    "spectral_kurtosis": {
        "dmean": 12.3817548752,
        "dmean2": 21.4673042297,
        "dvar": 203.564315796,
        "dvar2": 593.794067383,
        "max": 121.055778503,
        "mean": 28.1376399994,
        "median": 19.9489917755,
        "min": -1.1419634819,
        "var": 637.038452148
    },
    "spectral_rms": {
        "dmean": 0.000423637160566,
        "dmean2": 0.000583370681852,
        "dvar": 3.38127932764e-07,
        "dvar2": 5.96312816015e-07,
        "max": 0.00990646984428,
        "mean": 0.00367659982294,
        "median": 0.00350945373066,
        "min": 1.25802525872e-05,
        "var": 3.73408647647e-06
    },
    "spectral_rolloff": {
        "dmean": 190.645477295,
        "dmean2": 314.989776611,
        "dvar": 289109.40625,
        "dvar2": 547307.625,
        "max": 7192.08984375,
        "mean": 972.745361328,
        "median": 689.0625,
        "min": 150.732421875,
        "var": 1010894.125
    },
    "spectral_skewness": {
        "dmean": 0.8073387146,
        "dmean2": 1.35856592655,
        "dvar": 0.606617093086,
        "dvar2": 1.76517224312,
        "max": 8.63262081146,
        "mean": 3.4877603054,
        "median": 3.33027648926,
        "min": -0.697209119797,
        "var": 2.89233350754
    },
    "spectral_spread": {
        "dmean": 335216.6875,
        "dmean2": 512782.84375,
        "dvar": 199639416832,
        "dvar2": 332490113024,
        "max": 9204270,
        "mean": 2096931.375,
        "median": 1782896.5,
        "min": 599818.875,
        "var": 1.50647734272e+12
    },
    "spectral_strongpeak": {
        "dmean": 0.464560002089,
        "dmean2": 0.739662408829,
        "dvar": 0.974381804466,
        "dvar2": 2.10266327858,
        "max": 16.5393486023,
        "mean": 1.32629799843,
        "median": 0.732894182205,
        "min": 0.000696836155839,
        "var": 3.46431183815
    },
    "zerocrossingrate": {
        "dmean": 0.0049696136266,
        "dmean2": 0.00531812245026,
        "dvar": 9.05095730559e-05,
        "dvar2": 7.20759562682e-05,
        "max": 0.25830078125,
        "mean": 0.0348299741745,
        "median": 0.02587890625,
        "min": 0.00830078125,
        "var": 0.000921586470213
    },
    "barkbands": {
        "dmean": [2.1168236799e-06, 7.19080344425e-05, 0.000612680101767, 0.000259111839114, 0.000786438293289, 0.000850947864819, 0.000440908072051, 0.000714287743904, 0.000749398663174, 0.00061237369664, 0.000413052708609, 0.000240927096456, 0.000312242336804, 0.000528026954271, 0.000215098989429, 5.43792266399e-05, 5.09481942572e-05, 5.51737030037e-05, 7.0274945756e-06, 2.62077210209e-05, 9.38880839385e-05, 8.4166022134e-05, 2.91647065751e-05, 1.29649470182e-05, 1.9161182081e-06, 2.40537456619e-09, 6.75897449121e-10],
        "dmean2": [3.55341921932e-06, 0.000121495802887, 0.000988100888208, 0.000375901494408, 0.00109325500671, 0.0012456108816, 0.000629448913969, 0.00107616651803, 0.00109114323277, 0.000881471554749, 0.000549610354938, 0.000373604212655, 0.000442011747509, 0.000733753840905, 0.000311624637106, 7.40246250643e-05, 7.51771440264e-05, 7.95505402493e-05, 1.03562415461e-05, 4.22254270234e-05, 0.000142880860949, 0.000118020034279, 4.02179903176e-05, 1.66281552083e-05, 2.73127170658e-06, 3.76580011618e-09, 1.23997689894e-09],
        "dvar": [7.80653406501e-12, 1.47506939996e-08, 1.3495159692e-06, 6.74780608279e-07, 1.9311082724e-06, 4.22563653046e-06, 1.79993196525e-06, 3.34666265189e-06, 8.05873696663e-06, 8.53347410157e-06, 2.1895214104e-06, 4.08276127928e-06, 1.55496456955e-06, 6.47691558697e-06, 1.26144789192e-06, 1.29754624822e-07, 3.50028415141e-08, 6.01163847591e-08, 1.06643005537e-09, 1.60222999313e-08, 4.8261279062e-07, 2.89766148853e-07, 2.55503564972e-08, 3.73857167446e-09, 8.44133235534e-11, 1.24752071263e-16, 2.70523091404e-18],
        "dvar2": [2.05621162458e-11, 3.88053642553e-08, 3.7706877265e-06, 1.07440530428e-06, 3.50766390511e-06, 8.23808204586e-06, 3.31772798745e-06, 7.43850387153e-06, 1.75617515197e-05, 1.56948135555e-05, 3.95315237256e-06, 1.0204091268e-05, 3.38547738465e-06, 1.02709318526e-05, 2.47959155786e-06, 1.45563689102e-07, 7.42905470474e-08, 1.22749199249e-07, 2.52192933203e-09, 4.18759036336e-08, 1.20251490898e-06, 5.79671564083e-07, 4.93355578612e-08, 6.41569686266e-09, 1.63073513026e-10, 3.19048009185e-16, 8.19379885786e-18],
        "max": [3.0978993891e-05, 0.00235418300144, 0.01887543872, 0.0265721101314, 0.0327662862837, 0.0614278502762, 0.0443220958114, 0.0367908552289, 0.0523710474372, 0.0845216438174, 0.0371703878045, 0.0700099989772, 0.0550563074648, 0.0767259895802, 0.0373158790171, 0.0226695183665, 0.00495665939525, 0.00622494285926, 0.00108917267062, 0.00278634112328, 0.0178956836462, 0.014589311555, 0.00396668259054, 0.00173564278521, 0.000178359550773, 3.37221848667e-07, 4.36929781245e-08],
        "mean": [2.77163985629e-06, 0.000146569655044, 0.00132434756961, 0.000771106220782, 0.00252459850162, 0.00260431319475, 0.00130388827529, 0.00185846886598, 0.00146750488784, 0.00168046273757, 0.000886300345883, 0.000384701357689, 0.000606028013863, 0.00108008622192, 0.000359034864232, 0.000114996939374, 9.87530584098e-05, 8.18293483462e-05, 1.15041957542e-05, 3.90551103919e-05, 0.00012916327978, 0.000132814893732, 4.98377885378e-05, 2.18469158426e-05, 2.82099563265e-06, 2.92754664954e-09, 5.41931444165e-10],
        "median": [1.55418774739e-06, 6.30855283816e-05, 0.000367971428204, 0.000110203807708, 0.00123767904006, 0.00086963706417, 0.000466735771624, 0.000742416421417, 0.000210530604818, 0.000203097995836, 0.000182343559572, 7.12969485903e-05, 8.71513257152e-05, 5.2752217016e-05, 3.90210734622e-05, 1.07874484456e-05, 7.05052843841e-06, 3.30262832904e-06, 1.4575169871e-06, 1.10292876343e-06, 4.87851366415e-07, 1.94333637182e-07, 3.50735433585e-07, 3.04371837956e-07, 1.81203105853e-08, 2.74748307438e-10, 1.3969207735e-10],
        "min": [2.53098264569e-10, 3.26475868562e-09, 4.330118486e-08, 4.44006111877e-08, 9.57587875661e-09, 1.42971954276e-08, 2.85333410233e-08, 1.15057483541e-08, 2.88385648695e-09, 6.56968979218e-10, 3.43825273807e-10, 6.43541997469e-10, 1.32657398955e-10, 4.76378658743e-10, 4.9859733009e-10, 6.93153937026e-11, 8.54368797931e-11, 7.03070310304e-11, 3.7364410177e-11, 3.89175011661e-11, 8.00704502701e-11, 4.96504504177e-11, 1.03579353428e-10, 1.42076642118e-10, 3.52176586504e-11, 7.33794622287e-12, 1.07094073193e-11],
        "var": [1.23795054069e-11, 4.3839349928e-08, 5.01792510477e-06, 4.04398952014e-06, 1.02619196696e-05, 1.8876620743e-05, 6.52528933642e-06, 9.37948607316e-06, 1.87252753676e-05, 5.75171397941e-05, 8.44432270242e-06, 4.12058352595e-06, 6.41126371193e-06, 2.53074649663e-05, 2.4919909265e-06, 7.85370218637e-07, 1.09068579945e-07, 1.00581083018e-07, 1.5481973481e-09, 2.63888413343e-08, 7.45979718886e-07, 6.29348505754e-07, 6.05702439316e-08, 1.06160404911e-08, 1.91051410803e-10, 2.02685825734e-16, 1.85133422886e-18]
    },
    "erbbands": {
        "dmean": [0.000824400398415, 0.0286852475256, 0.506773412228, 0.821752548218, 1.07441270351, 3.17017459869, 6.18840837479, 7.45095682144, 6.09420251846, 12.3700580597, 12.4818849564, 17.7047767639, 21.2497558594, 12.9456663132, 14.6664333344, 10.8411283493, 15.2619838715, 24.0923728943, 18.0343513489, 7.04435682297, 2.11278986931, 2.67165184021, 3.17078566551, 0.945165932178, 0.428688049316, 1.30705332756, 2.23661375046, 4.65160703659, 3.31029343605, 1.34975397587, 0.80543923378, 0.400064557791, 0.165619969368, 0.0425051897764, 0.00160398124717, 8.62130618771e-05, 9.54244205786e-06, 2.39771588895e-06, 2.53696498476e-06, 4.77903267893e-06],
        "dmean2": [0.0014116022503, 0.0476687178016, 0.826061964035, 1.25410664082, 1.54586517811, 4.307908535, 9.03468513489, 10.7488327026, 8.37445259094, 18.1877841949, 18.6880912781, 25.6799716949, 29.9359283447, 17.3863830566, 19.8528423309, 16.2692375183, 21.5359840393, 32.596206665, 25.9790287018, 9.87778377533, 2.97790980339, 3.91006731987, 4.63684368134, 1.34329354763, 0.650239348412, 2.07377195358, 3.45043969154, 7.09816455841, 4.49366474152, 1.85778713226, 1.10490238667, 0.516977310181, 0.214736312628, 0.0574678629637, 0.0020886331331, 0.000109961467388, 1.23481540868e-05, 3.20204867421e-06, 3.48829962604e-06, 6.67663971399e-06],
        "dvar": [1.34157073717e-06, 0.00209647719748, 0.853252828121, 2.87047147751, 8.30262947083, 36.9859848022, 129.21812439, 426.910736084, 359.304290771, 936.355529785, 1677.54003906, 5152.98046875, 10494.8886719, 4256.69482422, 2214.82250977, 7729.02734375, 4254.53076172, 16623.0546875, 6007.54589844, 1221.32299805, 101.644485474, 105.555786133, 204.664672852, 23.6409263611, 5.847905159, 39.4494285583, 203.197692871, 1381.38415527, 425.886474609, 61.2981529236, 20.7816066742, 4.20530033112, 0.638976991177, 0.0400811880827, 6.1847102188e-05, 1.573719004e-07, 1.44171874439e-09, 8.93790944034e-11, 2.69776839756e-11, 6.84442294507e-11],
        "dvar2": [3.72846670871e-06, 0.00551431579515, 2.42166948318, 6.05079507828, 13.9215574265, 63.9429359436, 283.010986328, 833.617858887, 644.083129883, 2044.80505371, 3895.66650391, 11253.9609375, 18819.6367188, 7155.80371094, 4086.98144531, 18675.9941406, 9291.67578125, 24209.7871094, 10864.7841797, 2600.25708008, 167.349227905, 227.048751831, 429.144287109, 49.4538002014, 15.1453332901, 101.929389954, 527.812988281, 3452.92553711, 834.863037109, 110.641082764, 38.5793914795, 7.54393720627, 1.23557460308, 0.0727578699589, 0.000113066525955, 2.73514984883e-07, 2.35850050601e-09, 1.55504845112e-10, 5.53857237851e-11, 1.40666478465e-10],
        "max": [0.021126691252, 0.877997756004, 14.0517063141, 41.1239280701, 82.3465499878, 148.782669067, 183.649475098, 792.616516113, 674.335998535, 855.851745605, 1092.85974121, 1393.30651855, 3016.20776367, 3072.62451172, 1174.89355469, 2967.90405273, 2928.72973633, 4519.09375, 2217.29345703, 1013.20532227, 533.924194336, 238.094619751, 386.049865723, 184.946777344, 74.0428848267, 135.998138428, 390.002807617, 1067.0567627, 551.703735352, 216.46496582, 125.441894531, 61.8144760132, 16.5794696808, 4.20657253265, 0.197091117501, 0.00946918781847, 0.00083506363444, 0.000223337978241, 0.000107751118776, 0.000124761500047],
        "mean": [0.00157057389151, 0.063151717186, 1.07351958752, 2.37332725525, 3.22530198097, 9.9354352951, 17.4798946381, 23.3107643127, 19.4254570007, 34.9579582214, 29.42345047, 36.7672080994, 50.0266494751, 38.8925895691, 32.8910179138, 19.8496589661, 31.0514450073, 46.9854202271, 34.6425552368, 12.858083725, 4.72377586365, 5.29599571228, 5.08029031754, 1.52645838261, 0.702821791172, 1.98101055622, 3.42351961136, 6.40677404404, 5.20777320862, 2.35658502579, 1.3552737236, 0.693272590637, 0.258055984974, 0.0672044306993, 0.00242047104985, 0.000145327212522, 2.15785148612e-05, 5.4111665122e-06, 1.02019494079e-05, 2.10240032175e-05],
        "median": [0.000971168861724, 0.0282845497131, 0.359572470188, 0.540488123894, 1.21835517883, 4.32199144363, 9.12021446228, 7.33555364609, 7.6039147377, 15.3647251129, 10.442612648, 6.8767375946, 8.02946376801, 5.23616361618, 9.08787822723, 4.16219043732, 5.11251068115, 3.33159852028, 2.9025785923, 1.20772993565, 0.580604732037, 0.385970532894, 0.22141893208, 0.116228766739, 0.0648149400949, 0.0500556789339, 0.0317505598068, 0.014035211876, 0.00897723063827, 0.00812869053334, 0.00979268085212, 0.00964406970888, 0.00322421849705, 0.000575340643991, 3.10677278321e-05, 1.12844290925e-05, 5.51500670554e-06, 1.08885433292e-06, 6.41014185021e-06, 1.45648145917e-05],
        "min": [8.491570469e-08, 1.39469079841e-06, 3.26689223584e-05, 0.000131560853333, 5.24356328242e-05, 5.30427241756e-05, 5.74802324991e-05, 0.000137256196467, 0.000284640089376, 0.000527731259353, 0.00011836491467, 8.35300088511e-05, 1.95090451598e-05, 2.53852358583e-05, 2.02471655939e-05, 2.21172449528e-05, 1.14037420644e-05, 2.67679915851e-05, 2.43266149482e-05, 1.27254525069e-05, 3.48911135006e-06, 5.17265971212e-06, 4.45424893769e-06, 2.28754515774e-06, 2.30630189435e-06, 1.4522300944e-06, 2.3666789275e-06, 3.50139634975e-06, 2.13565863305e-06, 2.56258567788e-06, 2.57269471149e-06, 3.30851162289e-06, 2.13265798266e-06, 6.42477004931e-07, 1.00714437679e-07, 3.6248906099e-08, 1.307180586e-08, 5.34375788064e-09, 1.89615834145e-09, 3.4676411742e-10],
        "var": [3.0101646189e-06, 0.0076192249544, 2.95097875595, 17.6434688568, 46.5929107666, 192.861785889, 472.668701172, 1836.16162109, 1399.70263672, 2994.62719727, 4183.13769531, 11619.5849609, 47559.8828125, 38035.8242188, 8095.31005859, 8496.86035156, 15670.4746094, 49228.734375, 15537.7705078, 2840.85986328, 498.655151367, 320.266387939, 341.326782227, 37.7086486816, 7.4858622551, 68.409828186, 432.389892578, 1861.09619141, 949.251159668, 164.54208374, 47.077709198, 11.3195581436, 1.46561384201, 0.103876970708, 0.000153418222908, 4.30934989026e-07, 4.56147741801e-09, 2.76213607542e-10, 1.38927383486e-10, 4.61468696589e-10]
    },
    "gfcc": {
        "mean": [-133.910736084, 190.651611328, -143.978057861, -1.76932752132, -70.1930541992, 0.943152487278, -33.2401809692, -26.1296615601, -2.35504126549, -23.0969963074, 5.31696081161, -23.4144611359, 0.211179867387],
        "cov": [[6621.82470703, -2297.42944336, -1240.07397461, 863.532714844, -629.176086426, 315.662261963, -188.101379395, 181.767150879, 33.3078384399, -81.8671035767, -194.196868896, -59.5694122314, 55.9135971069], [-2297.42944336, 1993.43188477, 498.528167725, -998.04107666, 771.940979004, -367.833343506, 134.846496582, -161.941986084, -13.2984952927, -19.636926651, 77.0860977173, 41.446723938, -101.190483093], [-1240.07397461, 498.528167725, 648.031799316, -59.227142334, 33.9256858826, 2.90607786179, 5.47946310043, -62.7980308533, -52.8014564514, 10.4266166687, 18.5851764679, 28.1866950989, -41.5800971985], [863.532714844, -998.04107666, -59.227142334, 841.964050293, -397.432006836, 266.258575439, -43.0392951965, 69.9939422607, 16.7648563385, -8.92254257202, -55.1096038818, -38.2620162964, 29.3678340912], [-629.176086426, 771.940979004, 33.9256858826, -397.432006836, 519.076293945, -115.228721619, 70.7601776123, -33.1219787598, -14.1435661316, -25.1868686676, -9.9066362381, 2.153840065, -44.4270439148], [315.662261963, -367.833343506, 2.90607786179, 266.258575439, -115.228721619, 314.399749756, 52.3622932434, 12.5457849503, -1.29271888733, -13.0394964218, -45.23828125, -35.6572036743, -4.47104072571], [-188.101379395, 134.846496582, 5.47946310043, -43.0392951965, 70.7601776123, 52.3622932434, 225.047775269, -18.4388751984, -34.1506996155, 17.9810733795, -30.0773353577, 8.30867385864, -53.0016403198], [181.767150879, -161.941986084, -62.7980308533, 69.9939422607, -33.1219787598, 12.5457849503, -18.4388751984, 118.688217163, 5.5673623085, -9.76210212708, 14.3311481476, -21.1643619537, 19.4545211792], [33.3078384399, -13.2984952927, -52.8014564514, 16.7648563385, -14.1435661316, -1.29271888733, -34.1506996155, 5.5673623085, 123.587272644, 16.0861167908, -15.6861095428, 3.01105904579, 3.27579522133], [-81.8671035767, -19.636926651, 10.4266166687, -8.92254257202, -25.1868686676, -13.0394964218, 17.9810733795, -9.76210212708, 16.0861167908, 110.223999023, 11.3130025864, 9.6645860672, 8.05240535736], [-194.196868896, 77.0860977173, 18.5851764679, -55.1096038818, -9.9066362381, -45.23828125, -30.0773353577, 14.3311481476, -15.6861095428, 11.3130025864, 104.139984131, 12.1881628036, 19.1613750458], [-59.5694122314, 41.446723938, 28.1866950989, -38.2620162964, 2.153840065, -35.6572036743, 8.30867385864, -21.1643619537, 3.01105904579, 9.6645860672, 12.1881628036, 82.6224517822, 11.0027208328], [55.9135971069, -101.190483093, -41.5800971985, 29.3678340912, -44.4270439148, -4.47104072571, -53.0016403198, 19.4545211792, 3.27579522133, 8.05240535736, 19.1613750458, 11.0027208328, 83.7487792969]],
        "icov": [[0.000365685875295, 0.000203870979021, 0.000588191731367, 1.46944366861e-05, 8.95993653103e-05, -0.000131489810883, 0.000416373630287, -8.98807411431e-05, 0.000349686481059, 6.98166186339e-05, 0.000504787196405, -0.000321108294884, 0.000520261703059], [0.000203870979021, 0.00839458312839, -0.00542553793639, 0.00420311186463, -0.0070830732584, 0.00388407474384, -0.00437738001347, 0.00474594859406, -0.00539133418351, 0.00351114128716, -0.00499802734703, 0.00391717068851, -0.00108148704749], [0.000588191731367, -0.00542553793639, 0.00675021111965, -0.00284545356408, 0.00501614110544, -0.00328973075375, 0.00441216956824, -0.00280043925159, 0.00530443200842, -0.00266709295101, 0.00412941351533, -0.00407214695588, 0.00296834763139], [1.46944366861e-05, 0.00420311186463, -0.00284545356408, 0.00467996532097, -0.00206944462843, 0.000529090815689, -0.00186557532288, 0.0014484084677, -0.00268577900715, 0.00184065056965, -0.00154769711662, 0.00206666858867, -0.000561182037927], [8.95993653103e-05, -0.0070830732584, 0.00501614110544, -0.00206944462843, 0.00951860938221, -0.00316898245364, 0.00335403205827, -0.00431646220386, 0.00481384852901, -0.00209183408879, 0.00550053967163, -0.00308763724752, 0.00176367803942], [-0.000131489810883, 0.00388407474384, -0.00328973075375, 0.000529090815689, -0.00316898245364, 0.00710036652163, -0.00420448044315, 0.00275168032385, -0.00321096554399, 0.00244779116474, -0.0019401103491, 0.00395875331014, -0.0018261235673], [0.000416373630287, -0.00437738001347, 0.00441216956824, -0.00186557532288, 0.00335403205827, -0.00420448044315, 0.00997512135655, -0.0032189108897, 0.00591716170311, -0.00403555296361, 0.00492960726842, -0.00481314305216, 0.00555422808975], [-8.98807411431e-05, 0.00474594859406, -0.00280043925159, 0.0014484084677, -0.00431646220386, 0.00275168032385, -0.0032189108897, 0.0131933344528, -0.00393660413101, 0.00308204325847, -0.00536440080032, 0.00514973327518, -0.00294028455392], [0.000349686481059, -0.00539133418351, 0.00530443200842, -0.00268577900715, 0.00481384852901, -0.00321096554399, 0.00591716170311, -0.00393660413101, 0.0137692382559, -0.00447446480393, 0.00613157777116, -0.00448685092852, 0.00294746039435], [6.98166186339e-05, 0.00351114128716, -0.00266709295101, 0.00184065056965, -0.00209183408879, 0.00244779116474, -0.00403555296361, 0.00308204325847, -0.00447446480393, 0.0119118737057, -0.00349120586179, 0.00196888111532, -0.00245296140201], [0.000504787196405, -0.00499802734703, 0.00412941351533, -0.00154769711662, 0.00550053967163, -0.0019401103491, 0.00492960726842, -0.00536440080032, 0.00613157777116, -0.00349120586179, 0.0162809174508, -0.00436717271805, 0.000341820472386], [-0.000321108294884, 0.00391717068851, -0.00407214695588, 0.00206666858867, -0.00308763724752, 0.00395875331014, -0.00481314305216, 0.00514973327518, -0.00448685092852, 0.00196888111532, -0.00436717271805, 0.0170515011996, -0.004722841084], [0.000520261703059, -0.00108148704749, 0.00296834763139, -0.000561182037927, 0.00176367803942, -0.0018261235673, 0.00555422808975, -0.00294028455392, 0.00294746039435, -0.00245296140201, 0.000341820472386, -0.004722841084, 0.0176559668034]]
    },
    "melbands": {
        "dmean": [1.22093897517e-05, 0.000188608319149, 0.000146713326103, 0.000129234875203, 0.000216693675611, 0.000163147342391, 8.93286269275e-05, 0.000145415833686, 0.000109033702756, 0.000110240674985, 0.000104439546703, 5.30535871803e-05, 5.76883176109e-05, 2.26247138926e-05, 4.00642747991e-05, 2.69846677838e-05, 5.23291855643e-05, 3.75436429749e-05, 1.46354323078e-05, 5.92897822571e-06, 2.4449295779e-06, 3.07696859636e-06, 3.02710645883e-06, 2.79649748336e-06, 5.94741550231e-07, 2.34049693404e-07, 5.20856985986e-07, 9.64522655522e-07, 1.20789638913e-06, 2.04042453333e-06, 3.0849655559e-06, 2.03406239052e-06, 1.35506809329e-06, 5.79929121614e-07, 5.04072772856e-07, 4.0656436795e-07, 2.098049805e-07, 1.30878916593e-07, 7.47884953967e-08, 2.25116689734e-08],
        "dmean2": [2.07439788937e-05, 0.000306484726025, 0.000217624139623, 0.000179219961865, 0.000308982474962, 0.000235698433244, 0.000123693782371, 0.000215060164919, 0.00016302872973, 0.000161586256581, 0.000147061640746, 7.16972572263e-05, 7.62595809647e-05, 3.53988070856e-05, 5.79695515626e-05, 3.8139976823e-05, 7.19033851055e-05, 5.50528966414e-05, 2.1379757527e-05, 8.18794524093e-06, 3.57313297172e-06, 4.56285670225e-06, 4.47117963631e-06, 4.1006360334e-06, 8.75992441252e-07, 3.46659788875e-07, 8.18033981886e-07, 1.55272027769e-06, 1.92430684365e-06, 3.10759787681e-06, 4.87589431941e-06, 2.91731703328e-06, 1.92123138731e-06, 8.44819908252e-07, 6.88572811214e-07, 5.68695554648e-07, 2.70405337233e-07, 1.77640529841e-07, 9.9603667536e-08, 3.14658450407e-08],
        "dvar": [3.96206151221e-10, 1.16962070251e-07, 1.10096287642e-07, 5.18583824771e-08, 1.38989292964e-07, 1.82217959832e-07, 7.95227776962e-08, 1.21939891073e-07, 1.4711056906e-07, 1.81921237186e-07, 2.56784289832e-07, 7.86620191207e-08, 4.2639420883e-08, 2.35992754227e-08, 5.99602998363e-08, 1.22479217879e-08, 8.4771485831e-08, 2.87627344164e-08, 6.04813221727e-09, 1.66339275687e-09, 1.12185351286e-10, 1.6877003961e-10, 1.4059386988e-10, 1.65869123991e-10, 1.18575626748e-11, 1.55816375427e-12, 8.22362924285e-12, 2.13255767212e-11, 6.45341349803e-11, 2.2069555905e-10, 6.55574816655e-10, 1.74688957744e-10, 7.11496347949e-11, 1.01227611363e-11, 8.21049565142e-12, 5.17568106428e-12, 1.10104709638e-12, 4.53420016377e-13, 1.08036904347e-13, 1.33535362469e-14],
        "dvar2": [1.06109643294e-09, 3.28705937136e-07, 2.00647463089e-07, 9.45803506625e-08, 2.85836335934e-07, 3.52313037411e-07, 1.44030494198e-07, 2.66624908818e-07, 3.4433134033e-07, 3.92100929503e-07, 4.57332305359e-07, 1.33615003506e-07, 7.35723801881e-08, 6.09379071648e-08, 1.38737519251e-07, 2.123314502e-08, 1.23037779076e-07, 5.81462735738e-08, 1.38170435093e-08, 2.11455697396e-09, 2.22613080747e-10, 3.69951513868e-10, 2.928815801e-10, 3.30036248331e-10, 2.64546648476e-11, 3.86052387974e-12, 2.20259574468e-11, 5.56053293688e-11, 1.80222378687e-10, 5.44070566377e-10, 1.67000357987e-09, 3.43420319959e-10, 1.46549564151e-10, 1.84353643462e-11, 1.55166123006e-11, 1.08494662907e-11, 1.98375235509e-12, 9.38651500276e-13, 1.98795366562e-13, 2.66818190534e-14],
        "max": [0.000416099908762, 0.00527322851121, 0.00893651787192, 0.00482041109353, 0.00629789941013, 0.0152129391208, 0.0102804303169, 0.00906820967793, 0.00908690318465, 0.00765053555369, 0.0154559332877, 0.0133586572483, 0.00559351034462, 0.00528113171458, 0.00833228044212, 0.00411273352802, 0.0100962687284, 0.00366017827764, 0.00187303207349, 0.00233683991246, 0.000274646299658, 0.000362032587873, 0.000261192821199, 0.000285884918412, 0.000140522475704, 4.39133655163e-05, 6.90128799761e-05, 0.000100405515695, 0.000247639371082, 0.000377440999728, 0.000739616749343, 0.000386256055208, 0.000260703091044, 7.48795137042e-05, 7.50607359805e-05, 5.85000998399e-05, 3.19203609251e-05, 1.49605557453e-05, 5.97837970417e-06, 2.72414445135e-06],
        "mean": [2.44866314461e-05, 0.000410398817621, 0.000445495097665, 0.000419053190853, 0.000651733425912, 0.000510524667334, 0.000277445709798, 0.000403084413847, 0.000240348264924, 0.000220398447709, 0.000247098854743, 0.000157192131155, 0.000124980972032, 4.16831935581e-05, 7.19707240933e-05, 5.24379829585e-05, 9.99785552267e-05, 6.65623738314e-05, 2.35098741541e-05, 1.17934059745e-05, 4.25698499384e-06, 5.70101747144e-06, 4.89849981022e-06, 4.21265303885e-06, 8.59881595261e-07, 3.66328862356e-07, 7.47445824345e-07, 1.38620282542e-06, 1.80094150437e-06, 2.89764352601e-06, 4.07823108617e-06, 3.15548027174e-06, 2.04148045668e-06, 1.0363862657e-06, 8.11424968106e-07, 6.19318768713e-07, 3.45178278849e-07, 1.92468192495e-07, 1.17335176242e-07, 3.17635731051e-08],
        "median": [1.18142688734e-05, 0.000136240094434, 0.000110467277409, 0.000204612864763, 0.000343160325428, 0.000156623995281, 9.9368429801e-05, 0.000174654385773, 6.51832888252e-05, 3.55186239176e-05, 3.29554059135e-05, 1.70054045157e-05, 2.63785241259e-05, 1.32966652018e-05, 1.07889882202e-05, 7.91380534793e-06, 5.38691301699e-06, 4.34207822764e-06, 2.45858268499e-06, 8.53856420235e-07, 5.26811675172e-07, 3.98546973202e-07, 2.30538745427e-07, 1.31062947162e-07, 7.94686911831e-08, 4.51552892855e-08, 3.24486464365e-08, 2.87294330548e-08, 1.93239610979e-08, 9.7615666661e-09, 6.46263620396e-09, 3.94351395983e-09, 3.02760350124e-09, 4.08708977773e-09, 5.05997377331e-09, 6.52823572977e-09, 4.42366587805e-09, 1.99683847235e-09, 1.01021813137e-09, 1.67470509682e-10],
        "min": [8.01285038321e-10, 1.21515082441e-08, 1.99310026261e-08, 3.20676152299e-09, 2.03517735997e-09, 2.98357583084e-09, 4.85873119516e-09, 5.30503729834e-09, 6.39945763048e-10, 5.01457486646e-10, 7.97663671226e-11, 1.06831987701e-10, 5.65906349559e-11, 5.53829516969e-11, 6.25287044365e-11, 1.00798622921e-11, 5.69549060692e-11, 3.2435814451e-11, 3.47174303195e-11, 7.27486994256e-12, 3.11804878791e-12, 5.00589760616e-12, 4.92415656861e-12, 3.31908675891e-12, 1.6112058519e-12, 1.7381391465e-12, 1.66435300871e-12, 7.78633722168e-13, 1.11127329127e-12, 2.16358072951e-12, 1.88079825152e-12, 1.31268216783e-12, 6.48405862422e-13, 1.87992286668e-12, 1.27556298857e-12, 1.93431967492e-12, 1.9403875208e-12, 1.54861832993e-12, 1.14369462251e-12, 3.16001402562e-13],
        "var": [1.04450947891e-09, 4.21603147061e-07, 6.95122309935e-07, 2.81994744e-07, 6.03671878707e-07, 8.06498405836e-07, 3.03966402271e-07, 4.00532627509e-07, 3.54363947963e-07, 4.07958140158e-07, 1.21234677408e-06, 7.43989176044e-07, 1.67482482993e-07, 2.30785595079e-08, 9.19987002135e-08, 5.0732680279e-08, 2.6201843184e-07, 6.90916621693e-08, 1.11391829094e-08, 8.04474709071e-09, 2.42749986779e-10, 4.56375270907e-10, 2.7747373843e-10, 3.10756032018e-10, 1.50491147322e-11, 2.06226832486e-12, 1.00869260861e-11, 3.45946951641e-11, 1.21400320352e-10, 3.69496655495e-10, 7.97283572496e-10, 3.69554831181e-10, 1.5024913258e-10, 2.8324500731e-11, 1.78834256431e-11, 9.9612141452e-12, 2.88760833821e-12, 9.11667334506e-13, 2.75008070786e-13, 2.96939461409e-14]
    },
    "mfcc": {
        "mean": [-760.54498291, 202.800750732, -4.08446931839, -12.057264328, -6.05798053741, 1.24518930912, -12.0010023117, -8.99844741821, -12.5128631592, -0.768890917301, -8.26978111267, 0.375461190939, -8.1893863678],
        "cov": [[6876.16894531, -2584.60791016, -882.655029297, 409.377655029, -467.904327393, 229.578674316, -430.37789917, 287.090118408, 14.7672138214, 190.820007324, -221.545043945, 215.307678223, -468.910675049], [-2584.60791016, 2815.2019043, -227.201858521, -486.588256836, 422.776855469, -281.848602295, 220.255249023, -166.661682129, -79.7245330811, -91.2911300659, 40.7145233154, -125.915161133, 324.216156006], [-882.655029297, -227.201858521, 750.25982666, 64.258140564, -44.5671577454, 110.421257019, 30.4814682007, -7.53905582428, 3.7570950985, -83.4717712402, 70.4059906006, -14.217209816, 22.3522758484], [409.377655029, -486.588256836, 64.258140564, 286.936920166, -53.7250061035, 40.7749633789, -31.6015720367, 33.6238746643, 14.9912176132, 5.94930028915, 1.88599145412, 14.5365333557, -64.0332260132], [-467.904327393, 422.776855469, -44.5671577454, -53.7250061035, 280.792358398, -53.8702850342, 17.436498642, -9.79884910583, -0.585578203201, 18.2864952087, -28.8637313843, -34.4967727661, 40.754776001], [229.578674316, -281.848602295, 110.421257019, 40.7749633789, -53.8702850342, 274.948394775, 25.9753761292, 59.6696853638, 70.1432189941, -27.6843357086, 51.8812446594, -12.5768651962, -29.7751312256], [-430.37789917, 220.255249023, 30.4814682007, -31.6015720367, 17.436498642, 25.9753761292, 244.983612061, 13.0879268646, 11.2635240555, -18.4904880524, 30.7499485016, -3.10811305046, 27.8512153625], [287.090118408, -166.661682129, -7.53905582428, 33.6238746643, -9.79884910583, 59.6696853638, 13.0879268646, 150.589996338, 18.7608451843, 14.2715463638, -10.710351944, 1.07384777069, -37.7112007141], [14.7672138214, -79.7245330811, 3.7570950985, 14.9912176132, -0.585578203201, 70.1432189941, 11.2635240555, 18.7608451843, 131.931365967, -13.4095420837, 35.0783653259, -8.33938026428, 4.4680685997], [190.820007324, -91.2911300659, -83.4717712402, 5.94930028915, 18.2864952087, -27.6843357086, -18.4904880524, 14.2715463638, -13.4095420837, 138.188796997, -33.5157699585, 16.7551822662, -44.0365524292], [-221.545043945, 40.7145233154, 70.4059906006, 1.88599145412, -28.8637313843, 51.8812446594, 30.7499485016, -10.710351944, 35.0783653259, -33.5157699585, 133.256729126, -12.9579343796, 32.0470581055], [215.307678223, -125.915161133, -14.217209816, 14.5365333557, -34.4967727661, -12.5768651962, -3.10811305046, 1.07384777069, -8.33938026428, 16.7551822662, -12.9579343796, 83.415512085, -13.7766504288], [-468.910675049, 324.216156006, 22.3522758484, -64.0332260132, 40.754776001, -29.7751312256, 27.8512153625, -37.7112007141, 4.4680685997, -44.0365524292, 32.0470581055, -13.7766504288, 142.315383911]],
