{
"lowlevel": {
    "average_loudness": 0.976758182049,
    "barkbands_crest": {
        "dmean": 2.21213436127,
        "dmean2": 3.59935188293,
        "dvar": 5.45528697968,
        "dvar2": 13.0885448456,
        "max": 20.8291168213,
        "mean": 7.63262844086,
        "median": 6.82406711578,
        "min": 2.13155508041,
        "var": 10.6458759308
    },
    "barkbands_flatness_db": {
        "dmean": 0.0155445002019,
        "dmean2": 0.0246956180781,
        "dvar": 0.000244624301558,
        "dvar2": 0.000631887582131,
        "max": 0.218143925071,
        "mean": 0.0875593721867,
        "median": 0.0844178050756,
        "min": 0.0274755675346,
        "var": 0.000606413581409
    },
    "barkbands_kurtosis": {
        "dmean": 0.886428594589,
        "dmean2": 1.49819970131,
        "dvar": 2.65887260437,
        "dvar2": 7.26594305038,
        "max": 12.8422784805,
        "mean": -0.0623048841953,
        "median": -0.487458229065,
        "min": -1.81237018108,
        "var": 2.68160963058
    },
    "barkbands_skewness": {
        "dmean": 0.365042388439,
        "dmean2": 0.57657045126,
        "dvar": 0.210605993867,
        "dvar2": 0.535687744617,
        "max": 3.65402364731,
        "mean": 0.737627923489,
        "median": 0.669549942017,
        "min": -0.858999073505,
        "var": 0.331101775169
    },
    "barkbands_spread": {
        "dmean": 6.39071559906,
        "dmean2": 9.88938617706,
        "dvar": 52.1187934875,
        "dvar2": 109.15801239,
        "max": 103.239974976,
        "mean": 38.3524665833,
        "median": 37.0612106323,
        "min": 8.46668624878,
        "var": 183.470352173
    },
    "dissonance": {
        "dmean": 0.0118122613057,
        "dmean2": 0.0198636371642,
        "dvar": 0.000133484936669,
        "dvar2": 0.000330753333401,
        "max": 0.499946802855,
        "mean": 0.476861059666,
        "median": 0.482233256102,
        "min": 0.318348616362,
        "var": 0.000336508150212
    },
    "dynamic_complexity": 2.26528120041,
    "erbbands_crest": {
        "dmean": 2.57686758041,
        "dmean2": 4.19308137894,
        "dvar": 6.17833995819,
        "dvar2": 15.9058761597,
        "max": 24.6919555664,
        "mean": 8.70970821381,
        "median": 7.23022413254,
        "min": 2.67875862122,
        "var": 20.8248271942
    },
    "erbbands_flatness_db": {
        "dmean": 0.0127148078755,
        "dmean2": 0.0196773931384,
        "dvar": 0.000125096499687,
        "dvar2": 0.000301934051095,
        "max": 0.254596531391,
        "mean": 0.133002951741,
        "median": 0.131180435419,
        "min": 0.0655145272613,
        "var": 0.000514550541993
    },
    "erbbands_kurtosis": {
        "dmean": 0.555452227592,
        "dmean2": 0.865739107132,
        "dvar": 0.317570060492,
        "dvar2": 0.724742054939,
        "max": 6.34382343292,
        "mean": 0.0271377377212,
        "median": -0.149747133255,
        "min": -1.59632253647,
        "var": 0.803412854671
    },
    "erbbands_skewness": {
        "dmean": 0.293115258217,
        "dmean2": 0.442493289709,
        "dvar": 0.0672390162945,
        "dvar2": 0.157654121518,
        "max": 2.12278223038,
        "mean": 0.025911198929,
        "median": -0.0309814680368,
        "min": -1.95165836811,
        "var": 0.365975856781
    },
    "erbbands_spread": {
        "dmean": 6.74322271347,
        "dmean2": 10.584856987,
        "dvar": 43.4672775269,
        "dvar2": 112.072357178,
        "max": 95.3603897095,
        "mean": 39.9655189514,
        "median": 38.0499420166,
        "min": 10.0217523575,
        "var": 137.371124268
    },
    "hfc": {
        "dmean": 10.9202699661,
        "dmean2": 17.019536972,
        "dvar": 292.135284424,
        "dvar2": 675.849243164,
        "max": 190.998718262,
        "mean": 41.3178863525,
        "median": 38.9756851196,
        "min": 3.35405814234e-09,
        "var": 706.107666016
    },
    "melbands_crest": {
        "dmean": 2.78032565117,
        "dmean2": 4.45440864563,
        "dvar": 7.36801052094,
        "dvar2": 17.3317108154,
        "max": 26.967880249,
        "mean": 12.0626726151,
        "median": 11.4548568726,
        "min": 4.13714599609,
        "var": 17.1509914398
    },
    "melbands_flatness_db": {
        "dmean": 0.0196864996105,
        "dmean2": 0.0308393519372,
        "dvar": 0.00057047244627,
        "dvar2": 0.00140124000609,
        "max": 0.284414887428,
        "mean": 0.12177503854,
        "median": 0.117791846395,
        "min": 0.0424808301032,
        "var": 0.00120206584688
    },
    "melbands_kurtosis": {
        "dmean": 3.56800603867,
        "dmean2": 6.02070760727,
        "dvar": 56.5350379944,
        "dvar2": 156.266204834,
        "max": 77.872177124,
        "mean": 4.93773555756,
        "median": 3.20877361298,
        "min": -0.935854434967,
        "var": 46.3513374329
    },
    "melbands_skewness": {
        "dmean": 0.565445005894,
        "dmean2": 0.892538309097,
        "dvar": 0.64208227396,
        "dvar2": 1.68381404877,
        "max": 8.39189910889,
        "mean": 1.90397536755,
        "median": 1.70133948326,
        "min": 0.36021193862,
        "var": 0.88935738802
    },
    "melbands_spread": {
        "dmean": 9.80949306488,
        "dmean2": 15.2073297501,
        "dvar": 154.685928345,
        "dvar2": 367.069030762,
        "max": 156.690597534,
        "mean": 42.6000938416,
        "median": 40.4436569214,
        "min": 5.94659471512,
        "var": 336.287109375
    },
    "pitch_salience": {
        "dmean": 0.0601081214845,
        "dmean2": 0.097012668848,
        "dvar": 0.00340088224038,
        "dvar2": 0.00845003686845,
        "max": 0.865686058998,
        "mean": 0.566445410252,
        "median": 0.566548585892,
        "min": 0.243885859847,
        "var": 0.00785023719072
    },
    "silence_rate_20dB": {
        "dmean": 0,
        "dmean2": 0,
        "dvar": 0,
        "dvar2": 0,
        "max": 1,
        "mean": 1,
        "median": 1,
        "min": 1,
        "var": 0
    },
    "silence_rate_30dB": {
        "dmean": 0,
        "dmean2": 0,
        "dvar": 0,
        "dvar2": 0,
        "max": 1,
        "mean": 1,
        "median": 1,
        "min": 1,
        "var": 0
    },
    "silence_rate_60dB": {
        "dmean": 0.00414364645258,
        "dmean2": 0.00829301960766,
        "dvar": 0.0041264728643,
        "dvar2": 0.0096063092351,
        "max": 1,
        "mean": 0.0559006221592,
        "median": 0,
        "min": 0,
        "var": 0.0527751483023
    },
    "spectral_centroid": {
        "dmean": 238.34312439,
        "dmean2": 374.470031738,
        "dvar": 52342.9882812,
        "dvar2": 124981.078125,
        "max": 3789.52270508,
        "mean": 2042.46789551,
        "median": 2030.96472168,
        "min": 608.08404541,
        "var": 188402.390625
    },
    "spectral_complexity": {
        "dmean": 4.33563518524,
        "dmean2": 6.64270925522,
        "dvar": 14.3527612686,
        "dvar2": 30.7244262695,
        "max": 57,
        "mean": 34.0062103271,
        "median": 36,
        "min": 0,
        "var": 127.612747192
    },
    "spectral_decrease": {
        "dmean": 2.29810259711e-09,
        "dmean2": 3.87339094132e-09,
        "dvar": 2.05262668705e-17,
        "dvar2": 5.65477210354e-17,
        "max": -1.27017501826e-18,
        "mean": -7.39575733988e-09,
        "median": -7.11164283018e-09,
        "min": -3.81284159801e-08,
        "var": 2.07373914869e-17
    },
    "spectral_energy": {
        "dmean": 0.00922344997525,
        "dmean2": 0.01553975977,
        "dvar": 0.000301847059745,
        "dvar2": 0.000830074539408,
        "max": 0.148304343224,
        "mean": 0.0316608957946,
        "median": 0.0310189910233,
        "min": 5.09815193533e-12,
        "var": 0.000328580266796
    },
    "spectral_energyband_high": {
        "dmean": 0.0010215069633,
        "dmean2": 0.00160379428416,
        "dvar": 3.72651243197e-06,
        "dvar2": 8.12902726466e-06,
        "max": 0.0218639802188,
        "mean": 0.00267410092056,
        "median": 0.00199403986335,
        "min": 9.38118804644e-14,
        "var": 8.17994168756e-06
    },
    "spectral_energyband_low": {
        "dmean": 0.00660748686641,
        "dmean2": 0.011412085034,
        "dvar": 0.000291547214147,
        "dvar2": 0.000805346062407,
        "max": 0.134676992893,
        "mean": 0.0102038290352,
        "median": 0.00747162755579,
        "min": 8.16300802994e-13,
        "var": 0.000209346137126
    },
    "spectral_energyband_middle_high": {
        "dmean": 0.00250643119216,
        "dmean2": 0.00382893625647,
        "dvar": 8.00831548986e-06,
        "dvar2": 1.86663855857e-05,
        "max": 0.0355867482722,
        "mean": 0.00972236320376,
        "median": 0.00879807025194,
        "min": 7.7565037726e-13,
        "var": 3.61197635357e-05
    },
    "spectral_energyband_middle_low": {
        "dmean": 0.0033762305975,
        "dmean2": 0.00547954812646,
        "dvar": 1.84848031495e-05,
        "dvar2": 4.70633312943e-05,
        "max": 0.0425181649625,
        "mean": 0.0101558072492,
        "median": 0.00845434889197,
        "min": 3.60285260827e-12,
        "var": 4.92371582368e-05
    },
    "spectral_entropy": {
        "dmean": 0.0827163904905,
        "dmean2": 0.126535624266,
        "dvar": 0.00702905794606,
        "dvar2": 0.0142773827538,
        "max": 8.74976062775,
        "mean": 8.02628707886,
        "median": 8.02683925629,
        "min": 6.66304731369,
        "var": 0.0404919758439
    },
    "spectral_flux": {
        "dmean": 0.0234343521297,
        "dmean2": 0.0356324724853,
        "dvar": 0.00102903635707,
        "dvar2": 0.00182255043183,
        "max": 0.331582725048,
        "mean": 0.0950757563114,
        "median": 0.0886360183358,
        "min": 0.000303357315715,
        "var": 0.00240293401293
    },
    "spectral_kurtosis": {
        "dmean": 0.662074148655,
        "dmean2": 1.12619709969,
        "dvar": 0.431705236435,
        "dvar2": 1.16089868546,
        "max": 13.9150123596,
        "mean": 2.36552929878,
        "median": 2.31106710434,
        "min": -0.45546746254,
        "var": 1.09482204914
    },
    "spectral_rms": {
        "dmean": 0.00069645838812,
        "dmean2": 0.00114126538392,
        "dvar": 1.12307293421e-06,
        "dvar2": 2.99085513689e-06,
        "max": 0.0120285972953,
        "mean": 0.005299476441,
        "median": 0.00550113013014,
        "min": 7.05252176658e-08,
        "var": 2.80431981992e-06
    },
    "spectral_rolloff": {
        "dmean": 717.333007812,
        "dmean2": 1150.38232422,
        "dvar": 1085294,
        "dvar2": 2181274.5,
        "max": 10917.3339844,
        "mean": 2634.06665039,
        "median": 2325.5859375,
        "min": 129.19921875,
        "var": 2833563
    },
    "spectral_skewness": {
        "dmean": 0.11839428544,
        "dmean2": 0.191436260939,
        "dvar": 0.0127188498154,
        "dvar2": 0.0303293168545,
        "max": 2.88607573509,
        "mean": 1.17772400379,
        "median": 1.18992304802,
        "min": 0.435594290495,
        "var": 0.0370549857616
    },
    "spectral_spread": {
        "dmean": 456860.65625,
        "dmean2": 689880.5625,
        "dvar": 342505062400,
        "dvar2": 596069515264,
        "max": 11953298,
        "mean": 5123068,
        "median": 4927943.5,
        "min": 2774436,
        "var": 1.1634320343e+12
    },
    "spectral_strongpeak": {
        "dmean": 0.649313509464,
        "dmean2": 1.12988376617,
        "dvar": 1.09540450573,
        "dvar2": 2.59361982346,
        "max": 10.5836610794,
        "mean": 1.13725864887,
        "median": 0.446167528629,
        "min": 1.25937037865e-06,
        "var": 1.93022382259
    },
    "zerocrossingrate": {
        "dmean": 0.0126612540334,
        "dmean2": 0.0149669842795,
        "dvar": 0.000351181428414,
        "dvar2": 0.000402664591093,
        "max": 0.46240234375,
        "mean": 0.0953860282898,
        "median": 0.08935546875,
        "min": 0.02294921875,
        "var": 0.00140677578747
    },
    "barkbands": {
        "dmean": [0.000170955361682, 0.00441421335563, 0.00232689827681, 0.000940528057981, 0.00105289195199, 0.0010028120596, 0.000686082581524, 0.00043595515308, 0.00146728940308, 0.000977771473117, 0.000636734126601, 0.000372654612875, 0.000467557896627, 0.000313614931656, 0.000644847808871, 0.000630440423265, 0.000393156107748, 0.000277740939055, 0.00032515465864, 0.000374345981982, 0.000235846295254, 0.000215857871808, 0.000232006699662, 0.000298409693642, 0.000150444218889, 4.2435265641e-05, 1.13839314508e-06],
        "dmean2": [0.000265888957074, 0.00756299914792, 0.00416857842356, 0.00165163807105, 0.0017843907699, 0.00160546437837, 0.0011907776352, 0.000736463698559, 0.00226675160229, 0.00152718450408, 0.000961118901614, 0.000615694560111, 0.000762808602303, 0.000521857989952, 0.00104576942977, 0.00103430938907, 0.000656688993331, 0.000456045585452, 0.000527129508555, 0.000614669988863, 0.00039357386413, 0.000351706577931, 0.000374351948267, 0.000482135219499, 0.00022712329519, 6.84709884808e-05, 2.11133192352e-06],
        "dvar": [1.68231167663e-07, 0.000155429966981, 2.51825731539e-05, 1.85435908406e-06, 2.12757640838e-06, 2.81995471596e-06, 4.60289129478e-06, 9.07715445919e-07, 6.35494188828e-06, 3.17313060805e-06, 1.74175704615e-06, 3.82002809829e-07, 5.71886573653e-07, 4.59996925883e-07, 1.04183413896e-06, 7.55241273964e-07, 3.20056415148e-07, 1.06180273463e-07, 1.72569770029e-07, 2.82066423551e-07, 1.12483661496e-07, 1.79038721626e-07, 2.34965753521e-07, 6.36447794022e-07, 2.30727891903e-07, 1.98606038282e-08, 1.92317307912e-11],
        "dvar2": [3.81235452096e-07, 0.00042255569133, 7.3888557381e-05, 5.36125344297e-06, 5.76868978897e-06, 6.74362354403e-06, 1.25642600324e-05, 2.32474849327e-06, 1.51315189214e-05, 7.26065445633e-06, 3.55172937816e-06, 9.8356736089e-07, 1.53744088038e-06, 1.21682728604e-06, 2.60223623627e-06, 1.7159560457e-06, 8.35061030102e-07, 2.69260112873e-07, 4.24951053901e-07, 7.27791757527e-07, 2.87507020857e-07, 4.26039093782e-07, 4.62467824036e-07, 1.50863991166e-06, 5.38593610599e-07, 4.69146570481e-08, 5.76662918805e-11],
        "max": [0.00518502108753, 0.0981531366706, 0.0361786484718, 0.0123538710177, 0.0164745785296, 0.0224012527615, 0.0304956287146, 0.0112619670108, 0.0290670152754, 0.0218228213489, 0.0233197510242, 0.00838280469179, 0.00986301060766, 0.00903833284974, 0.0135555546731, 0.0171470604837, 0.00933082401752, 0.00398853234947, 0.00476892152801, 0.00545445550233, 0.00366606726311, 0.0068087731488, 0.00802858546376, 0.0101990690455, 0.00919937901199, 0.00224060961045, 5.78484105063e-05],
        "mean": [0.000166780824657, 0.00537967216223, 0.0037971471902, 0.0015021309955, 0.00199332903139, 0.00193241401576, 0.000702990742866, 0.00067130906973, 0.00289264204912, 0.00196403847076, 0.00112218188588, 0.000605924928095, 0.000833956932183, 0.000473470747238, 0.00107795314398, 0.0012531823013, 0.000842559849843, 0.000610867864452, 0.000704746402334, 0.000820283545181, 0.000506747048348, 0.000428600091254, 0.00043953457498, 0.000593111210037, 0.000282267283183, 6.23177256784e-05, 7.85195879871e-07],
        "median": [2.33614882745e-05, 0.00269223796204, 0.0026390706189, 0.00108973239549, 0.00151158228982, 0.00108575460035, 0.000276786420727, 0.000339809223078, 0.000991911278106, 0.000670704699587, 0.000425591570092, 0.000410500739235, 0.000588416703977, 0.000245844974415, 0.000591809686739, 0.000886602967512, 0.000693671987392, 0.000515286403242, 0.000594029610511, 0.000695174443536, 0.000407198822359, 0.000309594091959, 0.000256880040979, 0.000330643204506, 0.000153437547851, 2.16073021875e-05, 3.27803419964e-08],
        "min": [1.40913485307e-13, 2.18230151289e-13, 2.89506591443e-13, 5.48067992899e-13, 1.86538653447e-12, 5.87721603156e-13, 1.61447122489e-13, 2.31583415639e-13, 1.61032062793e-13, 1.18750509101e-13, 3.39693415541e-14, 1.06299998914e-13, 1.66502174461e-13, 3.56590570873e-14, 7.83766565646e-14, 6.8435450991e-14, 5.62064704133e-14, 3.90451356685e-14, 6.32667746317e-14, 4.54176762388e-14, 1.61843957425e-14, 9.79931993162e-15, 9.51719866788e-15, 8.94141277539e-15, 2.09562168373e-14, 5.7168201786e-15, 9.32312309087e-15],
        "var": [1.8814857583e-07, 0.000112771260319, 1.92545885511e-05, 2.18705736188e-06, 3.20601725434e-06, 6.33541003481e-06, 3.29916747432e-06, 1.10528424102e-06, 2.39757191594e-05, 1.08441963675e-05, 4.88645218866e-06, 4.72143625529e-07, 7.97408858944e-07, 6.17090506694e-07, 2.03591457648e-06, 1.87576688404e-06, 5.45990303635e-07, 2.13942698224e-07, 2.9271495805e-07, 3.90344780499e-07, 1.64428527683e-07, 2.55080323086e-07, 5.12169833655e-07, 1.16863236599e-06, 3.33241331418e-07, 3.03520408806e-08, 1.35274682081e-11]
    },
    "erbbands": {
        "dmean": [0.107817582786, 1.07357978821, 2.7189822197, 2.95844578743, 3.20975041389, 3.85891294479, 3.92328119278, 11.0641460419, 10.2402629852, 9.31090927124, 9.58296585083, 38.9951591492, 24.4450798035, 34.7725410461, 21.4961566925, 16.0853176117, 20.1404380798, 14.9759178162, 32.1664466858, 26.6356334686, 31.3952980042, 17.7215805054, 15.6626520157, 14.6753482819, 18.4143123627, 17.7912578583, 11.0029859543, 9.05747795105, 7.73070001602, 7.57357597351, 6.63873720169, 6.65415382385, 4.70813035965, 2.10181212425, 0.920244932175, 0.289154678583, 0.0625234171748, 0.00658437889069, 0.000158092094352, 1.83693118743e-05],
        "dmean2": [0.171460032463, 1.9181804657, 4.90073156357, 5.25166368484, 5.35654640198, 6.72341632843, 6.46652269363, 17.7461509705, 17.6361160278, 15.6680021286, 16.0741653442, 59.8598937988, 37.8522605896, 53.0198478699, 33.4594192505, 26.4607048035, 32.5323600769, 24.3839931488, 53.1090545654, 42.7370796204, 52.0919837952, 29.2857608795, 25.67004776, 24.1617298126, 29.4649410248, 29.3111877441, 17.5606307983, 15.6854228973, 12.7596511841, 12.1008205414, 10.7990159988, 10.929274559, 7.52211856842, 3.17370629311, 1.42292904854, 0.463028848171, 0.10364856571, 0.0112423673272, 0.000269034208031, 3.02348835248e-05],
        "dvar": [0.0876907706261, 9.80430316925, 42.0960121155, 24.3829689026, 20.8599720001, 27.8285160065, 45.8114356995, 338.511505127, 1039.36486816, 541.174438477, 530.830566406, 5005.96923828, 2202.42138672, 5397.14941406, 1211.77868652, 629.739624023, 906.091308594, 721.776184082, 3062.66674805, 2259.45849609, 1676.00720215, 434.126373291, 364.632507324, 318.011138916, 632.429016113, 583.770690918, 239.438278198, 216.751571655, 227.335067749, 248.101303101, 201.90397644, 296.039581299, 181.45640564, 35.8472595215, 10.4141798019, 1.00756669044, 0.0452410914004, 0.000574356061406, 2.82000854668e-07, 1.16739096168e-09],
        "dvar2": [0.209463909268, 27.8712253571, 122.83921814, 71.6452255249, 57.4523277283, 77.9054412842, 121.022354126, 828.633789062, 2865.2355957, 1414.86218262, 1488.91467285, 11859.890625, 5306.79248047, 11759.5605469, 2706.78588867, 1605.15795898, 2389.03881836, 1844.67883301, 8151.59375, 5407.83691406, 4091.66650391, 1121.59057617, 922.042663574, 830.197937012, 1595.76281738, 1511.82043457, 588.308166504, 592.224304199, 555.908813477, 532.251098633, 421.149993896, 714.683898926, 424.820495605, 81.3943252563, 24.440290451, 2.41577124596, 0.107290774584, 0.00144734350033, 7.21866683762e-07, 2.91698465382e-09],
        "max": [2.14794015884, 24.867723465, 48.1528778076, 52.6200370789, 46.1695976257, 52.3547019958, 117.323577881, 236.830078125, 455.843994141, 358.423126221, 324.732879639, 872.187744141, 577.556884766, 862.380065918, 451.816070557, 337.238861084, 323.750549316, 339.990325928, 783.581420898, 655.588684082, 664.2421875, 264.36819458, 257.036010742, 221.050140381, 260.718963623, 274.996154785, 212.585327148, 163.546401978, 249.37020874, 265.114776611, 261.344360352, 252.195022583, 191.741790771, 104.930557251, 57.1134567261, 17.7768764496, 3.82068800926, 0.404117047787, 0.00826360564679, 0.000405573518947],
        "mean": [0.118484020233, 1.33484530449, 4.14342308044, 5.22101593018, 5.64471101761, 6.58978176117, 8.53111362457, 20.0071487427, 11.9671192169, 13.144654274, 15.3767938614, 79.8326721191, 46.928565979, 73.525894165, 39.8139839172, 29.4543304443, 38.0171089172, 28.1048278809, 55.0347557068, 50.4474372864, 68.1620330811, 43.6449279785, 35.2759437561, 33.3926429749, 38.5515975952, 38.4301605225, 25.2240142822, 17.2653961182, 14.7739400864, 14.9835653305, 12.5058097839, 13.0414009094, 8.89359951019, 4.03235340118, 1.5819029808, 0.454161584377, 0.084985807538, 0.00722222868353, 0.000206300188438, 5.5156822782e-05],
        "median": [0.0461843311787, 0.687785506248, 2.91567873955, 4.06796503067, 4.10265493393, 4.8223824501, 5.81092119217, 10.414358139, 5.39096498489, 6.52345848083, 7.53401660919, 25.9977912903, 25.5406303406, 18.8248233795, 22.5161647797, 21.7943382263, 28.326215744, 19.3551807404, 31.5818767548, 31.2132396698, 52.8972816467, 37.8113975525, 29.4567680359, 29.2382793427, 30.7909469604, 32.6582870483, 20.6689682007, 13.1015167236, 10.6944665909, 9.09830760956, 7.61497020721, 7.52546644211, 4.59049272537, 2.21395587921, 0.790807008743, 0.188453063369, 0.0235020816326, 0.0012176532764, 6.85753984726e-05, 4.81986862724e-05],
        "min": [7.41521861275e-12, 4.85504136893e-11, 2.69405386888e-10, 1.18750420608e-09, 3.594833764e-09, 6.87207402095e-09, 7.46639905458e-09, 3.71502761887e-09, 1.70434477642e-09, 4.29887903053e-09, 4.64073179884e-09, 3.60698981794e-09, 4.31837143822e-09, 2.19045093175e-09, 2.78255529729e-09, 4.05087385857e-09, 7.14841297267e-09, 3.74529784963e-09, 4.2462899863e-09, 3.50706375052e-09, 2.97872326804e-09, 3.3926546017e-09, 1.80478343381e-09, 3.78818798552e-09, 2.11196327093e-09, 2.4959070366e-09, 6.49237830164e-10, 6.51844689337e-10, 3.32011335091e-10, 2.58798316111e-10, 3.10648756718e-10, 2.53469911726e-10, 1.1597196814e-10, 1.23649424033e-10, 2.35861691289e-10, 2.86626417045e-11, 9.6570754865e-12, 3.7766040295e-12, 1.6428858057e-12, 1.57094484448e-13],
        "var": [0.0802353844047, 6.30544567108, 28.4374370575, 23.3226585388, 30.5258655548, 38.4336624146, 85.7017440796, 759.257507324, 738.055236816, 526.232727051, 585.792724609, 19998.734375, 3768.18530273, 18368.28125, 2786.14746094, 875.597839355, 1457.67333984, 1134.46276855, 5187.85595703, 4080.19921875, 3923.02856445, 980.127441406, 751.248718262, 553.002746582, 956.218017578, 829.473693848, 380.473846436, 248.641601562, 298.50604248, 460.962554932, 402.865203857, 498.653564453, 338.59777832, 60.3148498535, 13.3565425873, 1.38247311115, 0.071726821363, 0.000753878557589, 3.62189808811e-07, 1.91082949463e-09]
    },
    "gfcc": {
        "mean": [52.2388572693, 68.0563812256, -129.817276001, 50.3486022949, -65.2238082886, 29.8508434296, -41.9337463379, 18.5731315613, -27.4752655029, -0.0766176134348, -18.8790836334, -4.11355113983, -6.01732826233],
        "cov": [[6336.40966797, -542.481506348, -85.4642944336, 77.6682281494, -80.8084716797, 129.279190063, -125.453361511, 50.5172386169, -118.549667358, 9.62471103668, -6.19693660736, 152.983276367, 36.3922386169], [-542.481506348, 400.71685791, -152.732223511, -0.0326039008796, 22.555721283, -23.1605644226, 88.3643798828, -8.22172927856, 24.7472057343, -29.8687839508, 11.3425512314, -54.9255752563, 48.7835197449], [-85.4642944336, -152.732223511, 264.077911377, 39.8931274414, 15.794547081, -14.0088863373, -42.8087463379, 7.1467833519, 11.53992939, 37.870010376, 10.5096330643, 41.088558197, -55.5470314026], [77.6682281494, -0.0326039008796, 39.8931274414, 132.971740723, 50.396736145, 3.86579561234, -15.3972005844, -1.03287410736, 14.4730863571, 15.5486936569, 35.916103363, 22.2227401733, 17.5449371338], [-80.8084716797, 22.555721283, 15.794547081, 50.396736145, 111.179298401, 27.5271682739, 15.8687543869, 3.33818292618, -17.586561203, 7.80326461792, 20.4796161652, 20.9147624969, 20.0411510468], [129.279190063, -23.1605644226, -14.0088863373, 3.86579561234, 27.5271682739, 100.637779236, 36.4351921082, 2.62742209435, -7.40155553818, -19.5791130066, -7.67405653, -1.36670994759, 13.4964933395], [-125.453361511, 88.3643798828, -42.8087463379, -15.3972005844, 15.8687543869, 36.4351921082, 114.288017273, 29.5134449005, 13.0530166626, -20.910200119, -19.1443500519, -27.4887771606, 5.73046112061], [50.5172386169, -8.22172927856, 7.1467833519, -1.03287410736, 3.33818292618, 2.62742209435, 29.5134449005, 67.1906967163, 27.488653183, 5.65587615967, -5.87368202209, -6.90806150436, 1.91437745094], [-118.549667358, 24.7472057343, 11.53992939, 14.4730863571, -17.586561203, -7.40155553818, 13.0530166626, 27.488653183, 87.5651245117, 25.0322990417, -2.18910241127, -12.1095113754, -4.85067605972], [9.62471103668, -29.8687839508, 37.870010376, 15.5486936569, 7.80326461792, -19.5791130066, -20.910200119, 5.65587615967, 25.0322990417, 60.8154067993, 31.6877040863, 16.021686554, -8.44184970856], [-6.19693660736, 11.3425512314, 10.5096330643, 35.916103363, 20.4796161652, -7.67405653, -19.1443500519, -5.87368202209, -2.18910241127, 31.6877040863, 77.901725769, 37.0370101929, 14.9209251404], [152.983276367, -54.9255752563, 41.088558197, 22.2227401733, 20.9147624969, -1.36670994759, -27.4887771606, -6.90806150436, -12.1095113754, 16.021686554, 37.0370101929, 63.7854537964, 14.338801384], [36.3922386169, 48.7835197449, -55.5470314026, 17.5449371338, 20.0411510468, 13.4964933395, 5.73046112061, 1.91437745094, -4.85067605972, -8.44184970856, 14.9209251404, 14.338801384, 64.1533126831]],
        "icov": [[0.000236672960455, 0.000149167492054, 0.000421673117671, -0.000482803734485, 0.00054359465139, -0.000434626272181, 0.000161462216056, -0.000528082891833, 0.000556491839234, -0.000466976111056, 0.000551641744096, -0.000864116358571, 0.000217875698581], [0.000149167492054, 0.00653104530647, 0.00144898344297, 0.000538574939128, -0.00251288199797, 0.00443069357425, -0.0045142932795, 0.003727681702, -0.00318746082485, 0.00376293156296, -0.00463999435306, 0.00549651542678, -0.00369394989684], [0.000421673117671, 0.00144898344297, 0.00799622479826, -0.00284287612885, -0.000188207544852, -0.000378910423024, 0.000756461522542, -0.00184919382446, 0.000147333877976, -0.0020545378793, 0.00259646261111, -0.00628834590316, 0.00702847307548], [-0.000482803734485, 0.000538574939128, -0.00284287612885, 0.0129944030195, -0.00676646269858, 0.00176827260293, 0.00104499491863, 0.00274018663913, -0.00586560275406, 0.00451949983835, -0.00667402427644, 0.00442591588944, -0.0038699998986], [0.00054359465139, -0.00251288199797, -0.000188207544852, -0.00676646269858, 0.0170499738306, -0.00574753526598, -0.00110337708611, -0.0039523113519, 0.00827796943486, -0.0076209101826, 0.00452446751297, -0.00662169372663, -0.000559846113902], [-0.000434626272181, 0.00443069357425, -0.000378910423024, 0.00176827260293, -0.00574753526598, 0.016903206706, -0.00717318244278, 0.00505393464118, -0.00400717090815, 0.00708320457488, -0.00417797639966, 0.00514310132712, -0.00475368183106], [0.000161462216056, -0.0045142932795, 0.000756461522542, 0.00104499491863, -0.00110337708611, -0.00717318244278, 0.0176123734564, -0.00829913839698, 0.000265393755399, 0.00097381247906, 0.00262057245709, -0.000833254889585, 0.00396352121606], [-0.000528082891833, 0.003727681702, -0.00184919382446, 0.00274018663913, -0.0039523113519, 0.00505393464118, -0.00829913839698, 0.0234698429704, -0.00873850658536, 0.00245795981027, -0.00336973858066, 0.00601508002728, -0.0055711241439], [0.000556491839234, -0.00318746082485, 0.000147333877976, -0.00586560275406, 0.00827796943486, -0.00400717090815, 0.000265393755399, -0.00873850658536, 0.0218078233302, -0.013574263081, 0.00720899691805, -0.00264904112555, 0.00111202080734], [-0.000466976111056, 0.00376293156296, -0.0020545378793, 0.00451949983835, -0.0076209101826, 0.00708320457488, 0.00097381247906, 0.00245795981027, -0.013574263081, 0.0348828658462, -0.016712045297, 0.00550971040502, 0.00133809249382], [0.000551641744096, -0.00463999435306, 0.00259646261111, -0.00667402427644, 0.00452446751297, -0.00417797639966, 0.00262057245709, -0.00336973858066, 0.00720899691805, -0.016712045297, 0.0302020441741, -0.0178808439523, 0.00193883420434], [-0.000864116358571, 0.00549651542678, -0.00628834590316, 0.00442591588944, -0.00662169372663, 0.00514310132712, -0.000833254889585, 0.00601508002728, -0.00264904112555, 0.00550971040502, -0.0178808439523, 0.0391002856195, -0.0135188857093], [0.000217875698581, -0.00369394989684, 0.00702847307548, -0.0038699998986, -0.000559846113902, -0.00475368183106, 0.00396352121606, -0.0055711241439, 0.00111202080734, 0.00133809249382, 0.00193883420434, -0.0135188857093, 0.0292349755764]]
    },
    "melbands": {
        "dmean": [0.00109276024159, 0.00142938562203, 0.000489518046379, 0.000255079532508, 0.000142048957059, 0.000228307631915, 0.000152046661242, 0.000100415476481, 8.50231517688e-05, 0.000257201027125, 0.000120227850857, 0.000146426420542, 7.31251275283e-05, 4.54763685411e-05, 3.79947014153e-05, 5.2346225857e-05, 2.86145750579e-05, 5.16828913533e-05, 3.89963024645e-05, 4.77520407003e-05, 3.98495139962e-05, 2.36054147535e-05, 1.82195326488e-05, 1.17408362712e-05, 1.32453596962e-05, 1.3951857909e-05, 1.57135928021e-05, 1.14429549285e-05, 8.38153482619e-06, 5.28691816726e-06, 5.6551225498e-06, 4.32260276284e-06, 4.8739225349e-06, 4.3296822696e-06, 4.07505467592e-06, 3.76032357963e-06, 4.6369195843e-06, 3.75366221306e-06, 2.65166113422e-06, 1.64274001691e-06],
        "dmean2": [0.00181154999882, 0.00257657119073, 0.00087084871484, 0.000435574969742, 0.000236940410105, 0.000365078944014, 0.000261351844529, 0.000169375955011, 0.000143581055454, 0.000393776863348, 0.000186451376067, 0.000224526738748, 0.000112247726065, 7.34406130505e-05, 6.28542838967e-05, 8.5096427938e-05, 4.6658275096e-05, 8.57068371261e-05, 6.22641018708e-05, 7.89262267062e-05, 6.7669316195e-05, 3.94215821871e-05, 3.02823009406e-05, 1.93479409063e-05, 2.20815873035e-05, 2.28339722526e-05, 2.60319429799e-05, 1.90156315512e-05, 1.34890897243e-05, 8.79902199813e-06, 9.97210008791e-06, 7.20264870324e-06, 7.86377859185e-06, 6.95189874023e-06, 6.66917503622e-06, 6.14189684711e-06, 7.67476649344e-06, 6.14595228399e-06, 4.10547545471e-06, 2.53211987911e-06],
        "dvar": [9.31779140956e-06, 1.40086413012e-05, 6.19494244347e-07, 1.38226866397e-07, 4.64897524921e-08, 1.42548216786e-07, 2.21084789587e-07, 5.71949918537e-08, 4.41050467259e-08, 2.10617031371e-07, 5.42914122548e-08, 9.33155419602e-08, 1.57751411933e-08, 5.22188292607e-09, 4.13925960174e-09, 8.2011313296e-09, 3.31380367591e-09, 8.96265284211e-09, 5.15969089676e-09, 5.83969672618e-09, 3.072817778e-09, 8.734509227e-10, 5.05387842686e-10, 2.02178732089e-10, 2.55328480581e-10, 3.14819809111e-10, 6.15996753606e-10, 2.10072098605e-10, 1.40664133119e-10, 4.92431685706e-11, 9.70381414112e-11, 7.03527028301e-11, 8.98684113237e-11, 8.44613684547e-11, 6.46785541791e-11, 8.39063402092e-11, 1.50309806268e-10, 1.15109276277e-10, 6.16785303387e-11, 2.71853008854e-11],
        "dvar2": [2.43797694566e-05, 4.04861239076e-05, 1.8211051156e-06, 3.72610884369e-07, 1.24737482565e-07, 3.44805982877e-07, 6.06787523338e-07, 1.47238480963e-07, 1.23124948459e-07, 4.92232516081e-07, 1.30225075168e-07, 2.05318528401e-07, 3.41581944951e-08, 1.33085125142e-08, 1.09616262733e-08, 2.24507719082e-08, 8.29408808301e-09, 2.41978259652e-08, 1.23133894192e-08, 1.28588473203e-08, 7.9231741168e-09, 2.31824959229e-09, 1.34332966972e-09, 5.28322108284e-10, 6.75138667194e-10, 7.84272147225e-10, 1.61478164173e-09, 5.47680900631e-10, 3.52982226781e-10, 1.24028592952e-10, 2.68746969123e-10, 1.74285558208e-10, 2.14409739963e-10, 1.75317219075e-10, 1.37555980495e-10, 1.83301665513e-10, 3.79939912865e-10, 2.79809619919e-10, 1.42934247771e-10, 6.59138715831e-11],
        "max": [0.0230356343091, 0.0287059713155, 0.00800201948732, 0.00419493205845, 0.00380140380003, 0.00494251027703, 0.00680938828737, 0.00391953065991, 0.00285584735684, 0.00579237518832, 0.00280347350053, 0.0033357294742, 0.00193873431999, 0.00108072231524, 0.00109534582589, 0.00119228695985, 0.000755174667574, 0.00144723791163, 0.0014376656618, 0.00140313489828, 0.000727861770429, 0.000407687126426, 0.000270801363513, 0.000193469997612, 0.000189454833162, 0.000223725655815, 0.000276587699773, 0.000195743908989, 0.000165622594068, 0.000110941713501, 0.000111473964353, 0.000140715928865, 0.000142553617479, 0.000156301772222, 0.000121873759781, 0.000178738337127, 0.000210119818803, 0.000140231379191, 0.000165304722032, 0.000117777191917],
        "mean": [0.00129011529498, 0.00212228810415, 0.00093197543174, 0.000441830838099, 0.000312756194035, 0.000418486975832, 0.000171679930645, 0.000147042403114, 0.000128586485516, 0.000522674992681, 0.000218187167775, 0.000301870022668, 0.000130424872623, 8.27761905384e-05, 7.01726967236e-05, 8.67418275448e-05, 4.58303038613e-05, 8.40342181618e-05, 6.53773895465e-05, 8.47764167702e-05, 7.98344262876e-05, 4.88703481096e-05, 3.59565601684e-05, 2.59284552158e-05, 2.68827752734e-05, 2.71841563517e-05, 2.98630529869e-05, 2.39006421907e-05, 1.71791725734e-05, 1.14998465506e-05, 9.27372821025e-06, 7.64492324379e-06, 9.21914215724e-06, 7.92703758634e-06, 7.01511362422e-06, 7.29197745386e-06, 8.33584090287e-06, 6.64848494125e-06, 4.6944942369e-06, 2.96515941045e-06],
        "median": [0.000659628829453, 0.00146390451118, 0.000779786962084, 0.000324045104207, 0.000231175290537, 0.000224657036597, 7.29876337573e-05, 7.14535854058e-05, 5.70282973058e-05, 0.000169822931639, 0.00011179849389, 6.77240241203e-05, 6.17888581473e-05, 5.49136930204e-05, 5.31608748133e-05, 5.69045514567e-05, 2.47460411629e-05, 4.48896680609e-05, 3.31586343236e-05, 5.19634522789e-05, 6.00743514951e-05, 4.07320658269e-05, 2.83839926851e-05, 2.2145533876e-05, 2.26322554226e-05, 2.18018922169e-05, 2.33793489315e-05, 2.0116520318e-05, 1.37284141601e-05, 9.45137981034e-06, 6.63037326376e-06, 5.33250795343e-06, 6.20519995209e-06, 4.24496147389e-06, 4.08120058637e-06, 4.41247311755e-06, 4.63287187813e-06, 3.26149938701e-06, 2.3164564027e-06, 1.65976814515e-06],
        "min": [6.98123267637e-14, 1.14163656285e-13, 2.66123413454e-13, 3.85240721702e-13, 2.81200654125e-13, 8.64268441428e-14, 2.7715710857e-14, 4.96429510184e-14, 3.55866798161e-14, 2.24775422206e-14, 2.163489521e-14, 9.32111054059e-15, 6.4605282353e-15, 1.4041044091e-14, 7.86969417448e-15, 1.87757778482e-14, 4.76064661257e-15, 6.22339966765e-15, 5.00347317086e-15, 4.97034486526e-15, 3.2937646954e-15, 3.59878718893e-15, 2.65181981225e-15, 1.19923718766e-15, 3.39398732778e-15, 2.12375829711e-15, 1.47652432849e-15, 1.5571221604e-15, 3.63069132017e-16, 4.23847848798e-16, 3.11279843556e-16, 1.68941541893e-16, 2.22453721839e-16, 9.09100676128e-17, 1.45616967678e-16, 2.62254132434e-16, 1.08561651898e-16, 6.21956043787e-17, 1.16901968431e-16, 7.5606266751e-17],
        "var": [7.31711725166e-06, 8.94828099263e-06, 6.03253056397e-07, 1.78299018216e-07, 9.12918949325e-08, 3.13612503078e-07, 1.58884006396e-07, 6.127343255e-08, 5.27998160749e-08, 8.72038754096e-07, 9.19785563269e-08, 3.27369548359e-07, 3.970530571e-08, 8.01629695957e-09, 5.04253128142e-09, 1.0735736744e-08, 5.15309261928e-09, 1.34416726638e-08, 1.06988755633e-08, 1.33804771707e-08, 5.89096860182e-09, 1.53653822998e-09, 9.7878760652e-10, 3.61365687374e-10, 4.15796508335e-10, 5.05320951749e-10, 7.18876069783e-10, 3.13116088613e-10, 2.04783065505e-10, 9.09260791659e-11, 9.6981450648e-11, 8.86313522575e-11, 1.30884886262e-10, 1.64588981333e-10, 1.25346608093e-10, 1.62380053847e-10, 2.21982432436e-10, 2.04346359278e-10, 1.05263235628e-10, 3.54965952465e-11]
    },
    "mfcc": {
        "mean": [-578.605224609, 83.9166259766, -0.527195334435, 20.8296165466, 8.05209445953, 5.82183694839, 4.77742052078, 7.79697608948, 4.38595724106, 5.39317274094, -7.29672622681, -1.13829696178, -1.76862919331],
        "cov": [[5321.56835938, -274.21572876, -129.756866455, -54.0124969482, 24.9132118225, -3.09363436699, 67.8614654541, 40.1985054016, -26.556684494, -47.697353363, -147.917526245, 12.2621746063, 89.1105270386], [-274.21572876, 289.581787109, -97.9912948608, 14.8039684296, -52.0559463501, -3.16303038597, 24.4658412933, 4.79858160019, 28.5983848572, 18.042755127, 7.15197086334, -18.9254951477, -29.4151802063], [-129.756866455, -97.9912948608, 190.816390991, 20.1195983887, 30.7525138855, -3.1557636261, -44.0120277405, -5.52778768539, -27.3628730774, -3.9859726429, 30.4879283905, 30.9813499451, 11.2536792755], [-54.0124969482, 14.8039684296, 20.1195983887, 130.588287354, 44.147983551, -2.90616369247, -4.18306541443, -11.5353288651, -8.91557502747, -1.09698021412, 3.97575926781, 36.0939826965, 24.3465442657], [24.9132118225, -52.0559463501, 30.7525138855, 44.147983551, 105.494522095, 19.4138889313, 6.96404981613, -6.92442703247, -18.6768054962, -15.7033720016, -14.8948936462, 24.6841659546, 26.4513626099], [-3.09363436699, -3.16303038597, -3.1557636261, -2.90616369247, 19.4138889313, 81.6971130371, 27.6119861603, 16.9438915253, 3.66921544075, -0.389068007469, -2.94380140305, -18.8327465057, 0.207879707217], [67.8614654541, 24.4658412933, -44.0120277405, -4.18306541443, 6.96404981613, 27.6119861603, 102.576622009, 31.2330970764, 4.5546631813, -6.95534324646, -19.5239295959, -11.8055477142, 2.35538077354], [40.1985054016, 4.79858160019, -5.52778768539, -11.5353288651, -6.92442703247, 16.9438915253, 31.2330970764, 69.2007369995, 33.3527641296, 12.4411096573, -6.94765472412, -12.0048074722, -0.45893278718], [-26.556684494, 28.5983848572, -27.3628730774, -8.91557502747, -18.6768054962, 3.66921544075, 4.5546631813, 33.3527641296, 73.7730407715, 39.1394271851, 4.2238407135, -17.6951122284, -13.7783308029], [-47.697353363, 18.042755127, -3.9859726429, -1.09698021412, -15.7033720016, -0.389068007469, -6.95534324646, 12.4411096573, 39.1394271851, 66.7158813477, 26.4519729614, -9.42820072174, -12.5263404846], [-147.917526245, 7.15197086334, 30.4879283905, 3.97575926781, -14.8948936462, -2.94380140305, -19.5239295959, -6.94765472412, 4.2238407135, 26.4519729614, 63.578414917, 17.4424495697, -2.07907223701], [12.2621746063, -18.9254951477, 30.9813499451, 36.0939826965, 24.6841659546, -18.8327465057, -11.8055477142, -12.0048074722, -17.6951122284, -9.42820072174, 17.4424495697, 74.5288772583, 31.8064136505], [89.1105270386, -29.4151802063, 11.2536792755, 24.3465442657, 26.4513626099, 0.207879707217, 2.35538077354, -0.45893278718, -13.7783308029, -12.5263404846, -2.07907223701, 31.8064136505, 57.6602859497]],
