{
"lowlevel": {
    "average_loudness": 0.969732880592,
    "barkbands_crest": {
        "dmean": 2.19046568871,
        "dmean2": 3.58850550652,
        "dvar": 4.9770565033,
        "dvar2": 13.3081598282,
        "max": 23.083688736,
        "mean": 9.94960594177,
        "median": 9.53526878357,
        "min": 3.07039165497,
        "var": 10.2663240433
    },
    "barkbands_flatness_db": {
        "dmean": 0.0198790673167,
        "dmean2": 0.0322637222707,
        "dvar": 0.000397261232138,
        "dvar2": 0.00102835486177,
        "max": 0.378556251526,
        "mean": 0.181432843208,
        "median": 0.181712403893,
        "min": 0.0853807255626,
        "var": 0.00193122366909
    },
    "barkbands_kurtosis": {
        "dmean": 2.54071950912,
        "dmean2": 4.0354886055,
        "dvar": 13.6801729202,
        "dvar2": 36.2667121887,
        "max": 50.2601356506,
        "mean": 5.35461759567,
        "median": 4.18091964722,
        "min": -1.86477792263,
        "var": 31.7181968689
    },
    "barkbands_skewness": {
        "dmean": 0.445925921202,
        "dmean2": 0.703745484352,
        "dvar": 0.232383444905,
        "dvar2": 0.61519163847,
        "max": 6.7671713829,
        "mean": 2.03822588921,
        "median": 2.02843475342,
        "min": -0.226303592324,
        "var": 0.768677532673
    },
    "barkbands_spread": {
        "dmean": 5.04559659958,
        "dmean2": 7.79161787033,
        "dvar": 57.9110450745,
        "dvar2": 119.727912903,
        "max": 89.6542129517,
        "mean": 20.3932285309,
        "median": 16.0191326141,
        "min": 2.66857147217,
        "var": 196.760070801
    },
    "dissonance": {
        "dmean": 0.0152993248776,
        "dmean2": 0.0257235001773,
        "dvar": 0.000184901815373,
        "dvar2": 0.000510630197823,
        "max": 0.499999970198,
        "mean": 0.463981926441,
        "median": 0.467512130737,
        "min": 0.356574118137,
        "var": 0.00051305978559
    },
    "dynamic_complexity": 1.49693095684,
    "erbbands_crest": {
        "dmean": 1.9709457159,
        "dmean2": 3.09545755386,
        "dvar": 3.93797039986,
        "dvar2": 9.80477714539,
        "max": 24.1968173981,
        "mean": 7.45576524734,
        "median": 6.59019899368,
        "min": 2.58518147469,
        "var": 11.4465847015
    },
    "erbbands_flatness_db": {
        "dmean": 0.0127493133768,
        "dmean2": 0.0181309022009,
        "dvar": 0.000163809323567,
        "dvar2": 0.000311783369398,
        "max": 0.261396259069,
        "mean": 0.172162383795,
        "median": 0.171977087855,
        "min": 0.0964626967907,
        "var": 0.000717334041838
    },
    "erbbands_kurtosis": {
        "dmean": 0.511760056019,
        "dmean2": 0.793015658855,
        "dvar": 0.44159001112,
        "dvar2": 1.04468250275,
        "max": 6.19822597504,
        "mean": -0.218169808388,
        "median": -0.513520240784,
        "min": -1.68672549725,
        "var": 1.1277320385
    },
    "erbbands_skewness": {
        "dmean": 0.275615215302,
        "dmean2": 0.418908059597,
        "dvar": 0.0785354524851,
        "dvar2": 0.177590459585,
        "max": 2.06389713287,
        "mean": 0.255208611488,
        "median": 0.233392462134,
        "min": -2.70769381523,
        "var": 0.374427199364
    },
    "erbbands_spread": {
        "dmean": 7.81300258636,
        "dmean2": 11.8340578079,
        "dvar": 78.0334091187,
        "dvar2": 166.863891602,
        "max": 126.483520508,
        "mean": 45.4633827209,
        "median": 42.6479187012,
        "min": 13.3357725143,
        "var": 274.454956055
    },
    "hfc": {
        "dmean": 6.03026723862,
        "dmean2": 9.10464954376,
        "dvar": 134.180526733,
        "dvar2": 309.619659424,
        "max": 186.022476196,
        "mean": 23.9081020355,
        "median": 17.8381729126,
        "min": 0.000775896944106,
        "var": 348.096893311
    },
    "melbands_crest": {
        "dmean": 2.56913042068,
        "dmean2": 4.08630800247,
        "dvar": 5.64554357529,
        "dvar2": 15.0760946274,
        "max": 28.1395568848,
        "mean": 16.4095668793,
        "median": 16.394575119,
        "min": 5.71607780457,
        "var": 18.8370666504
    },
    "melbands_flatness_db": {
        "dmean": 0.0243680030107,
        "dmean2": 0.0376565419137,
        "dvar": 0.000669531757012,
        "dvar2": 0.0016193393385,
        "max": 0.468688756227,
        "mean": 0.229194134474,
        "median": 0.230871662498,
        "min": 0.0717487409711,
        "var": 0.0039269789122
    },
    "melbands_kurtosis": {
        "dmean": 7.22676944733,
        "dmean2": 11.5371227264,
        "dvar": 134.742630005,
        "dvar2": 345.207763672,
        "max": 248.777938843,
        "mean": 17.7944107056,
        "median": 14.947637558,
        "min": -0.457942247391,
        "var": 237.663330078
    },
    "melbands_skewness": {
        "dmean": 0.689009964466,
        "dmean2": 1.08724164963,
        "dvar": 0.562125205994,
        "dvar2": 1.45561099052,
        "max": 13.2867746353,
        "mean": 3.39159178734,
        "median": 3.29129076004,
        "min": 0.519028365612,
        "var": 1.58197069168
    },
    "melbands_spread": {
        "dmean": 4.87881040573,
        "dmean2": 7.79322576523,
        "dvar": 54.2465362549,
        "dvar2": 128.898880005,
        "max": 111.62991333,
        "mean": 16.7145252228,
        "median": 12.9465017319,
        "min": 2.27352023125,
        "var": 151.922042847
    },
    "pitch_salience": {
        "dmean": 0.0620927475393,
        "dmean2": 0.101819701493,
        "dvar": 0.00339587545022,
        "dvar2": 0.00934842508286,
        "max": 0.801475942135,
        "mean": 0.501544177532,
        "median": 0.503982305527,
        "min": 0.182865634561,
        "var": 0.00984680466354
    },
    "silence_rate_20dB": {
        "dmean": 0,
        "dmean2": 0,
        "dvar": 0,
        "dvar2": 0,
        "max": 1,
        "mean": 1,
        "median": 1,
        "min": 1,
        "var": 0
    },
    "silence_rate_30dB": {
        "dmean": 0.00464396271855,
        "dmean2": 0.00929511990398,
        "dvar": 0.00462229829282,
        "dvar2": 0.0107582509518,
        "max": 1,
        "mean": 0.996133029461,
        "median": 1,
        "min": 0,
        "var": 0.00385195948184
    },
    "silence_rate_60dB": {
        "dmean": 0.00154798757285,
        "dmean2": 0.00309837330133,
        "dvar": 0.0015455794055,
        "dvar2": 0.00308882840909,
        "max": 1,
        "mean": 0.0146945090964,
        "median": 0,
        "min": 0,
        "var": 0.0144781889394
    },
    "spectral_centroid": {
        "dmean": 213.143859863,
        "dmean2": 330.370300293,
        "dvar": 72491.1484375,
        "dvar2": 165970.171875,
        "max": 3871.48925781,
        "mean": 1155.74328613,
        "median": 1028.66992188,
        "min": 277.528076172,
        "var": 320410.5
    },
    "spectral_complexity": {
        "dmean": 3.75541806221,
        "dmean2": 5.84043359756,
        "dvar": 21.4603404999,
        "dvar2": 47.4307632446,
        "max": 63,
        "mean": 22.7726211548,
        "median": 19,
        "min": 0,
        "var": 138.228286743
    },
    "spectral_decrease": {
        "dmean": 2.98265434573e-09,
        "dmean2": 4.90834839439e-09,
        "dvar": 1.58552490889e-17,
        "dvar2": 4.35910021483e-17,
        "max": -2.34542338893e-13,
        "mean": -1.1859372151e-08,
        "median": -1.11537081793e-08,
        "min": -3.90815166895e-08,
        "var": 2.58574227573e-17
    },
    "spectral_energy": {
        "dmean": 0.0115388967097,
        "dmean2": 0.0189345609397,
        "dvar": 0.000232896476518,
        "dvar2": 0.000639348989353,
        "max": 0.152458772063,
        "mean": 0.0469285957515,
        "median": 0.044043328613,
        "min": 9.92899231278e-07,
        "var": 0.000391594250686
    },
    "spectral_energyband_high": {
        "dmean": 0.00062748772325,
        "dmean2": 0.000936042168178,
        "dvar": 2.52286076829e-06,
        "dvar2": 5.68201176065e-06,
        "max": 0.0275385323912,
        "mean": 0.00120466353837,
        "median": 0.000390417320887,
        "min": 4.7302449957e-08,
        "var": 4.56578254671e-06
    },
    "spectral_energyband_low": {
        "dmean": 0.00977329351008,
        "dmean2": 0.0163500290364,
        "dvar": 0.000220812929911,
        "dvar2": 0.00061661755899,
        "max": 0.1329510957,
        "mean": 0.0273072049022,
        "median": 0.0244458280504,
        "min": 3.45338264651e-07,
        "var": 0.000300787360175
    },
    "spectral_energyband_middle_high": {
        "dmean": 0.00121438247152,
        "dmean2": 0.00187449506484,
        "dvar": 2.55903023572e-06,
        "dvar2": 6.4954751906e-06,
        "max": 0.031096810475,
        "mean": 0.00506564602256,
        "median": 0.00361057487316,
        "min": 1.43681077702e-07,
        "var": 2.36889518419e-05
    },
    "spectral_energyband_middle_low": {
        "dmean": 0.004420154728,
        "dmean2": 0.00717015191913,
        "dvar": 3.9823793486e-05,
        "dvar2": 0.000107580519398,
        "max": 0.0742640569806,
        "mean": 0.015190240927,
        "median": 0.0141368974,
        "min": 2.51414320473e-07,
        "var": 7.0739966759e-05
    },
    "spectral_entropy": {
        "dmean": 0.154243588448,
        "dmean2": 0.212774008512,
        "dvar": 0.0348511077464,
        "dvar2": 0.0687485635281,
        "max": 8.42392349243,
        "mean": 7.51290369034,
        "median": 7.52276468277,
        "min": 6.22018003464,
        "var": 0.176438435912
    },
    "spectral_flux": {
        "dmean": 0.0246011801064,
        "dmean2": 0.0381434187293,
        "dvar": 0.000805026036687,
        "dvar2": 0.00166320928838,
        "max": 0.285594552755,
        "mean": 0.0896211415529,
        "median": 0.0781847685575,
        "min": 0.000996443326585,
        "var": 0.00214144401252
    },
    "spectral_kurtosis": {
        "dmean": 1.80268526077,
        "dmean2": 3.05018091202,
        "dvar": 5.45257949829,
        "dvar2": 14.1520290375,
        "max": 33.3381385803,
        "mean": 3.126932621,
        "median": 2.29419851303,
        "min": -1.20424175262,
        "var": 11.8154773712
    },
    "spectral_rms": {
        "dmean": 0.000776842178311,
        "dmean2": 0.00125075946562,
        "dvar": 7.73062595272e-07,
        "dvar2": 2.09702488974e-06,
        "max": 0.0121959112585,
        "mean": 0.00660420814529,
        "median": 0.00655508227646,
        "min": 3.11236581183e-05,
        "var": 2.16836338041e-06
    },
    "spectral_rolloff": {
        "dmean": 388.346496582,
        "dmean2": 659.740600586,
        "dvar": 723038.5,
        "dvar2": 1604499.75,
        "max": 8807.08007812,
        "mean": 966.99420166,
        "median": 516.796875,
        "min": 86.1328125,
        "var": 1485387.75
    },
    "spectral_skewness": {
        "dmean": 0.254017680883,
        "dmean2": 0.401745587587,
        "dvar": 0.0819997638464,
        "dvar2": 0.1945656389,
        "max": 4.1160402298,
        "mean": 1.28407537937,
        "median": 1.24643886089,
        "min": -0.405481338501,
        "var": 0.328874945641
    },
    "spectral_spread": {
        "dmean": 432140.34375,
        "dmean2": 583030.3125,
        "dvar": 276191903744,
        "dvar2": 429922320384,
        "max": 11016407,
        "mean": 4107190.25,
        "median": 3924011,
        "min": 1477612.625,
        "var": 1.4729936896e+12
    },
    "spectral_strongpeak": {
        "dmean": 0.269279301167,
        "dmean2": 0.471653670073,
        "dvar": 0.155130207539,
        "dvar2": 0.374966293573,
        "max": 3.70187735558,
        "mean": 0.541132569313,
        "median": 0.425307095051,
        "min": 0,
        "var": 0.228550940752
    },
    "zerocrossingrate": {
        "dmean": 0.00783895514905,
        "dmean2": 0.00896190851927,
        "dvar": 0.000104201528302,
        "dvar2": 0.00011298773461,
        "max": 0.2216796875,
        "mean": 0.0437542311847,
        "median": 0.0361328125,
        "min": 0.0078125,
        "var": 0.000741696450859
    },
    "barkbands": {
        "dmean": [0.000577650323976, 0.00743468571454, 0.00364730530418, 0.00162435683887, 0.00233783340082, 0.00129636703059, 0.00126490765251, 0.000518592540175, 0.000418454903411, 0.000396982213715, 0.000249665463343, 0.000246434705332, 0.00025981280487, 0.000380727491574, 0.000200425536605, 0.000193988787942, 0.000228588862228, 0.000134612273541, 0.000136462054797, 0.000126231912873, 0.000164962169947, 0.000187751735211, 0.000181433191756, 0.000114174436021, 2.33933624258e-05, 1.77742123242e-08, 1.86054316398e-09],
        "dmean2": [0.000772090104874, 0.0125362286344, 0.00587586965412, 0.00267022429034, 0.00388261280023, 0.0020315758884, 0.00195187679492, 0.000808520242572, 0.000626305234618, 0.000558271363843, 0.00039462101995, 0.000392589165131, 0.000414579262724, 0.000611186609603, 0.000326226960169, 0.00031070940895, 0.000337497185683, 0.000216579690459, 0.000229759418289, 0.000204449359444, 0.000268221192528, 0.000283656729152, 0.000277310115052, 0.000169774706592, 3.0685456295e-05, 2.58433416889e-08, 3.43842931905e-09],
        "dvar": [8.90414582955e-07, 0.000172442931216, 2.63005204033e-05, 5.11446978635e-06, 2.1172569177e-05, 3.34076298714e-06, 4.03782132707e-06, 7.15992086953e-07, 6.94576272053e-07, 3.22171501921e-07, 2.84522002403e-07, 2.60734964286e-07, 2.07478663583e-07, 2.78565437384e-07, 1.03290247466e-07, 8.75964119018e-08, 8.73127135037e-08, 4.76918735615e-08, 5.4306994457e-08, 6.75096814007e-08, 1.25676194784e-07, 2.55411578109e-07, 4.82484381337e-07, 1.56589806011e-07, 8.50455439405e-09, 5.43226327162e-15, 4.95427751052e-18],
        "dvar2": [1.29786121761e-06, 0.000477338820929, 7.56449517212e-05, 1.43676597872e-05, 5.83878791076e-05, 8.4288767539e-06, 9.39305118663e-06, 1.79202970685e-06, 1.46439685977e-06, 6.52256346712e-07, 7.0966535759e-07, 6.08692516835e-07, 5.23821427123e-07, 7.10398239789e-07, 2.70307282335e-07, 2.4012990707e-07, 2.12918251918e-07, 1.23555722098e-07, 1.52806308051e-07, 1.78022034447e-07, 3.12277876446e-07, 5.43256248875e-07, 1.20003460324e-06, 3.28154953877e-07, 1.46865852813e-08, 1.01970569575e-14, 1.54097147217e-17],
        "max": [0.0100488392636, 0.11977621913, 0.0565571337938, 0.0204232949764, 0.0449070371687, 0.0231824927032, 0.0249469280243, 0.0138754826039, 0.0201330259442, 0.00907453428954, 0.00779785215855, 0.0104411197826, 0.00642032315955, 0.00575833627954, 0.00312286010012, 0.00400255434215, 0.00450489902869, 0.00272931857035, 0.00324326264672, 0.0038755426649, 0.00477012153715, 0.0124620925635, 0.012402295135, 0.00703569268808, 0.00170524872374, 1.55559075665e-06, 2.04411865212e-08],
        "mean": [0.000908055342734, 0.0147132072598, 0.0101230498403, 0.00267524947412, 0.0041839662008, 0.00288451672532, 0.00291077094153, 0.0010735928081, 0.000922313309275, 0.000888354610652, 0.000491495302413, 0.000530011835508, 0.000521826732438, 0.000722181575838, 0.000395796727389, 0.000421400240157, 0.000606885005254, 0.000293094490189, 0.000323816580931, 0.000245983130299, 0.000293445016723, 0.000330199254677, 0.000259601511061, 0.000176642221049, 3.31343326252e-05, 2.47417002441e-08, 1.50771783947e-09],
        "median": [0.000386979925679, 0.0113599654287, 0.00913347862661, 0.00169630162418, 0.00261691422202, 0.00168423890136, 0.00157473876607, 0.000685316161253, 0.000472203886602, 0.000551617355086, 0.000126816041302, 0.000163715245435, 0.000211055055843, 0.000439771509264, 0.000239574394072, 0.000228698234423, 0.000353852228727, 0.000144318299135, 0.00014770051348, 9.63911297731e-05, 9.24899795791e-05, 0.000118710093375, 7.22172408132e-05, 3.38895479217e-05, 4.89153580929e-06, 4.52214754532e-09, 7.08314240594e-10],
        "min": [1.03525863437e-07, 4.88099125562e-08, 1.42844456263e-07, 6.88877079824e-08, 3.16749293461e-08, 8.26459345404e-09, 1.83368538131e-08, 1.41211708993e-09, 6.33870023137e-09, 6.05242966856e-09, 5.77322278872e-09, 9.22985510243e-09, 4.06901756733e-09, 4.04609714622e-08, 9.53813206195e-09, 9.10902642204e-09, 1.68888423246e-08, 7.98216071018e-09, 1.12054721058e-08, 8.3144815477e-09, 2.26270167047e-08, 1.05072661682e-08, 6.64398580597e-09, 2.77934009141e-09, 2.94546026458e-10, 6.7625427827e-12, 7.95298028822e-12],
        "var": [2.16120611185e-06, 0.00020093342755, 4.57088281109e-05, 8.33597823657e-06, 2.53276975855e-05, 1.23502322822e-05, 1.31979713842e-05, 1.62935907611e-06, 2.44622469836e-06, 1.18351056244e-06, 1.02138221791e-06, 9.96871790448e-07, 6.15137309978e-07, 6.64579715703e-07, 1.95790292423e-07, 2.76801443988e-07, 4.47106771162e-07, 1.4265968673e-07, 1.97074228936e-07, 1.41444900237e-07, 2.25274277454e-07, 4.38474899056e-07, 5.94679988808e-07, 3.2955296092e-07, 1.9081785041e-08, 1.0825752763e-14, 4.22533410828e-18]
    },
    "erbbands": {
        "dmean": [0.211497157812, 1.7855604887, 4.04604625702, 4.64994001389, 7.16905784607, 7.65442705154, 9.27671432495, 10.1693439484, 16.8157501221, 16.5145626068, 10.902677536, 9.03357982635, 13.9614744186, 8.17639923096, 10.1573562622, 10.46367836, 11.6689310074, 15.6412220001, 13.2543306351, 9.95787143707, 11.3295879364, 10.4854030609, 7.82345056534, 7.28851127625, 6.36865139008, 5.65250444412, 6.11932373047, 7.09011793137, 6.65557289124, 5.94429397583, 5.17267274857, 2.96312189102, 1.68415403366, 0.505959272385, 0.0297094788402, 0.00135881651659, 8.70590811246e-05, 1.45256190081e-05, 8.02238992037e-06, 1.35402769956e-05],
        "dmean2": [0.340112805367, 3.02350568771, 6.65591812134, 7.71605873108, 12.3184432983, 12.258146286, 14.2040510178, 15.9373378754, 26.3074054718, 26.1118106842, 16.6398162842, 13.2867231369, 19.6280250549, 12.7188997269, 16.3085460663, 16.5344371796, 18.6217403412, 24.8471794128, 21.6446456909, 15.9915838242, 17.8076953888, 15.783208847, 12.328660965, 11.9617462158, 10.4719705582, 9.14095592499, 9.95314216614, 11.3675107956, 10.0809850693, 9.15626049042, 7.94364595413, 4.65532112122, 2.52173304558, 0.67446410656, 0.0416653081775, 0.00189364189282, 0.000119791693578, 2.06384356716e-05, 1.23434838315e-05, 2.19531775656e-05],
        "dvar": [0.115892075002, 11.0754137039, 35.0364990234, 44.5862770081, 298.996917725, 178.380401611, 210.845367432, 228.079315186, 752.909606934, 970.266357422, 417.319366455, 433.772796631, 345.71182251, 245.070114136, 561.257202148, 523.152770996, 456.135742188, 554.580810547, 422.51348877, 255.798278809, 231.691665649, 192.055114746, 149.422546387, 155.344512939, 122.177864075, 140.827926636, 170.216964722, 219.736968994, 238.597595215, 467.007629395, 405.400238037, 95.6996994019, 40.4292526245, 3.63310813904, 0.0127268927172, 2.56138882833e-05, 8.57524824482e-08, 1.9795958206e-09, 1.76339817748e-10, 3.00723057567e-10],
        "dvar2": [0.289461106062, 30.1857357025, 97.7909240723, 129.320861816, 853.702819824, 458.749694824, 521.868469238, 536.508544922, 1775.07092285, 2285.60717773, 1107.42895508, 818.03717041, 706.288269043, 553.504577637, 1440.68151855, 1215.46850586, 1132.00427246, 1378.10180664, 1091.18615723, 634.350280762, 654.116882324, 502.134887695, 384.575927734, 444.134918213, 331.395355225, 373.705352783, 438.332092285, 510.105102539, 470.875061035, 1120.95178223, 1020.40460205, 216.022705078, 81.8394165039, 5.97702884674, 0.0239585768431, 4.7528934374e-05, 1.52252411567e-07, 3.70190123e-09, 3.93974908253e-10, 8.14625034096e-10],
        "max": [3.01733255386, 31.59557724, 54.6627159119, 72.0546798706, 186.181762695, 197.683074951, 235.744659424, 176.005447388, 380.334564209, 480.255371094, 389.678161621, 562.070495605, 346.137176514, 305.652252197, 359.025939941, 550.989685059, 320.533752441, 310.558959961, 323.375152588, 261.280029297, 204.028442383, 187.314971924, 164.106323242, 187.732757568, 146.94354248, 205.432952881, 179.607772827, 256.527770996, 293.772369385, 552.451965332, 357.470703125, 138.745498657, 125.495407104, 33.0273399353, 2.26027989388, 0.0988286286592, 0.00500731542706, 0.000627273402642, 0.000153721281094, 0.000174207525561],
        "mean": [0.36676082015, 3.48110079765, 11.8556671143, 10.258728981, 10.3934803009, 14.5234069824, 20.8210964203, 21.5729370117, 38.8532981873, 35.7530593872, 25.1593437195, 22.0798816681, 32.7942237854, 17.9232616425, 22.6777019501, 24.3509712219, 25.4905929565, 31.1994152069, 27.7578754425, 21.7372074127, 28.074131012, 28.8140277863, 19.473449707, 16.7511730194, 14.920838356, 11.189157486, 10.9787635803, 12.2724065781, 11.81457901, 9.515666008, 7.18381738663, 4.37779378891, 2.56755018234, 0.768627882004, 0.0453244745731, 0.00214882497676, 0.000159488758072, 2.81107531919e-05, 2.94725286949e-05, 5.5668369896e-05],
        "median": [0.226094722748, 2.72810530663, 10.8179187775, 7.6450843811, 5.58367872238, 8.15245914459, 12.9057712555, 12.4624481201, 22.2823581696, 17.2505931854, 15.1753969193, 11.5658779144, 22.3241710663, 9.46865272522, 7.27011728287, 8.59886837006, 10.1650381088, 18.1488647461, 17.6193199158, 12.3238296509, 18.8329467773, 16.9902267456, 9.36050605774, 8.24720573425, 7.0126824379, 4.498711586, 3.59022665024, 3.79625892639, 4.30482435226, 2.97608280182, 1.92444717884, 0.940544009209, 0.417957931757, 0.117176786065, 0.00781285762787, 0.000418649957282, 4.72135179734e-05, 9.24965934246e-06, 2.39718174271e-05, 5.10782592755e-05],
        "min": [3.83782116842e-06, 5.65298023503e-06, 0.000108264423034, 0.000287471310003, 0.00013328177738, 7.493517478e-05, 3.53119539795e-05, 0.000138633942697, 0.000673893839121, 9.55735958996e-05, 6.67874046485e-05, 0.000130787855596, 0.000215638297959, 0.000135675596539, 0.000410033593653, 0.000282553082798, 0.00038496174966, 0.00232087168843, 0.000547633331735, 0.000937061209697, 0.000484455464175, 0.00104940903839, 0.00080742535647, 0.000317666592309, 0.000647171807941, 0.000438471033704, 0.000609106209595, 0.000898996833712, 0.000339673541021, 0.000409826403484, 0.000158434762852, 6.44085084787e-05, 4.1477913328e-05, 1.16678011182e-05, 3.73536408915e-07, 5.10338828974e-08, 1.37593456628e-08, 4.65298866104e-09, 1.882152878e-09, 1.44548062408e-09],
        "var": [0.179620310664, 11.8038358688, 60.0470848083, 74.8557891846, 265.63760376, 328.935638428, 580.313049316, 744.409667969, 2591.75390625, 2669.27685547, 1032.11230469, 1696.8404541, 1285.67663574, 769.31640625, 2102.35913086, 2141.48291016, 1477.19140625, 1288.44091797, 850.168212891, 615.211914062, 868.92980957, 954.684082031, 556.141601562, 489.377655029, 415.567962646, 278.399200439, 317.84979248, 405.744354248, 476.541137695, 610.688781738, 489.685821533, 164.953430176, 88.8591156006, 9.33235645294, 0.0312955714762, 6.43873790978e-05, 2.25209760174e-07, 4.90467932934e-09, 3.98699462334e-10, 5.50385348408e-10]
    },
    "gfcc": {
        "mean": [5.56040287018, 144.494232178, -135.206542969, 68.7411117554, -66.3486251831, 22.2828865051, -29.9703807831, -4.00012207031, 6.89482212067, -16.3659572601, 4.99602222443, -17.8777332306, 3.43331170082],
        "cov": [[2647.5925293, -740.063537598, -285.606872559, 245.164550781, -281.537353516, 193.599731445, -29.8865528107, 76.307472229, -209.002685547, 46.5701522827, -54.940196991, -6.9386177063, -17.6778469086], [-740.063537598, 804.64050293, 45.0215988159, -272.579620361, 273.338867188, -212.16607666, 87.059135437, -61.6749420166, 169.028442383, -67.3472747803, 72.1729202271, -6.32315206528, 16.921667099], [-285.606872559, 45.0215988159, 465.154205322, -37.1167144775, -72.2684173584, 35.1467704773, -128.350830078, 5.89541912079, 76.1044692993, 47.6289863586, -2.74734473228, 8.05993747711, 22.3574714661], [245.164550781, -272.579620361, -37.1167144775, 198.109573364, -47.5671043396, 45.1905136108, -6.40976333618, -8.23952674866, -48.4491691589, 19.6342124939, -31.5030288696, -9.07642841339, 7.77213573456], [-281.537353516, 273.338867188, -72.2684173584, -47.5671043396, 230.72857666, -72.6577224731, 48.246421814, -13.7152423859, 51.1943855286, -29.0426006317, 13.876531601, -17.7562274933, 20.6210174561], [193.599731445, -212.16607666, 35.1467704773, 45.1905136108, -72.6577224731, 135.695114136, 1.80202007294, 6.96547937393, -49.1288948059, 18.1559829712, -9.96870040894, -0.842399656773, -9.21416759491], [-29.8865528107, 87.059135437, -128.350830078, -6.40976333618, 48.246421814, 1.80202007294, 171.466049194, 0.455414295197, -9.53081130981, -35.7316322327, 18.1497745514, 2.97904896736, -17.5409564972], [76.307472229, -61.6749420166, 5.89541912079, -8.23952674866, -13.7152423859, 6.96547937393, 0.455414295197, 121.901100159, 28.1190319061, -0.115720875561, -2.79055356979, 12.7799396515, -6.99621534348], [-209.002685547, 169.028442383, 76.1044692993, -48.4491691589, 51.1943855286, -49.1288948059, -9.53081130981, 28.1190319061, 142.625289917, 5.63666343689, -1.56903910637, 11.6618700027, 7.27725887299], [46.5701522827, -67.3472747803, 47.6289863586, 19.6342124939, -29.0426006317, 18.1559829712, -35.7316322327, -0.115720875561, 5.63666343689, 76.8902587891, 7.31825208664, -15.0425424576, 14.6182336807], [-54.940196991, 72.1729202271, -2.74734473228, -31.5030288696, 13.876531601, -9.96870040894, 18.1497745514, -2.79055356979, -1.56903910637, 7.31825208664, 81.9271087646, 3.86682915688, -19.582901001], [-6.9386177063, -6.32315206528, 8.05993747711, -9.07642841339, -17.7562274933, -0.842399656773, 2.97904896736, 12.7799396515, 11.6618700027, -15.0425424576, 3.86682915688, 58.0227737427, 10.0966415405], [-17.6778469086, 16.921667099, 22.3574714661, 7.77213573456, 20.6210174561, -9.21416759491, -17.5409564972, -6.99621534348, 7.27725887299, 14.6182336807, -19.582901001, 10.0966415405, 58.1860847473]],
        "icov": [[0.000598554790486, -0.000385921157431, 0.000641457270831, -0.000645424646791, 0.000746787991375, -0.000803484639619, 0.000497378117871, -0.000615448981989, 0.000397655327106, -0.000245271483436, 0.000157825197675, 3.37131823471e-05, -0.000122982339235], [-0.000385921157431, 0.0232960917056, -0.00634354958311, 0.0198074541986, -0.011078286916, 0.0187560673803, -0.0114007713273, 0.0125395441428, -0.0116504905745, 0.0105550419539, -0.00974841043353, 0.00830629933625, -0.00805030576885], [0.000641457270831, -0.00634354958311, 0.00581499282271, -0.00496013090014, 0.00465960754082, -0.00732840737328, 0.00562633713707, -0.00325675494969, 0.000720918935258, -0.00276046083309, 0.00169246573932, -0.00149189447984, 0.000392428977648], [-0.000645424646791, 0.0198074541986, -0.00496013090014, 0.0235050022602, -0.00908998306841, 0.014998478815, -0.00983581412584, 0.0111350091174, -0.00878986623138, 0.00728400330991, -0.00597350252792, 0.00724488869309, -0.00721817044541], [0.000746787991375, -0.011078286916, 0.00465960754082, -0.00908998306841, 0.0135532198474, -0.00793483201414, 0.00460059707984, -0.00573651585728, 0.00256916484796, -0.00137561466545, 0.00208940310404, 0.00120332022198, -0.00197148835286], [-0.000803484639619, 0.0187560673803, -0.00732840737328, 0.014998478815, -0.00793483201414, 0.0267722532153, -0.0116604492068, 0.00932484772056, -0.00548362033442, 0.00566050456837, -0.00583153311163, 0.00544959958643, -0.0038731538225], [0.000497378117871, -0.0114007713273, 0.00562633713707, -0.00983581412584, 0.00460059707984, -0.0116604492068, 0.0144011713564, -0.00621791323647, 0.00465216487646, -0.00232026167214, 0.00271690357476, -0.00411144085228, 0.0043643610552], [-0.000615448981989, 0.0125395441428, -0.00325675494969, 0.0111350091174, -0.00573651585728, 0.00932484772056, -0.00621791323647, 0.0162111576647, -0.0089216530323, 0.00543379457667, -0.00469178333879, 0.00261166761629, -0.00276686064899], [0.000397655327106, -0.0116504905745, 0.000720918935258, -0.00878986623138, 0.00256916484796, -0.00548362033442, 0.00465216487646, -0.0089216530323, 0.0180386938155, -0.00924412254244, 0.00798828713596, -0.00805606134236, 0.00710972165689], [-0.000245271483436, 0.0105550419539, -0.00276046083309, 0.00728400330991, -0.00137561466545, 0.00566050456837, -0.00232026167214, 0.00543379457667, -0.00924412254244, 0.0261245872825, -0.0114109870046, 0.012916887179, -0.0132076451555], [0.000157825197675, -0.00974841043353, 0.00169246573932, -0.00597350252792, 0.00208940310404, -0.00583153311163, 0.00271690357476, -0.00469178333879, 0.00798828713596, -0.0114109870046, 0.0213447213173, -0.00887595117092, 0.0122131528333], [3.37131823471e-05, 0.00830629933625, -0.00149189447984, 0.00724488869309, 0.00120332022198, 0.00544959958643, -0.00411144085228, 0.00261166761629, -0.00805606134236, 0.012916887179, -0.00887595117092, 0.0274369586259, -0.0132745616138], [-0.000122982339235, -0.00805030576885, 0.000392428977648, -0.00721817044541, -0.00197148835286, -0.0038731538225, 0.0043643610552, -0.00276686064899, 0.00710972165689, -0.0132076451555, 0.0122131528333, -0.0132745616138, 0.0302146431059]]
    },
    "melbands": {
        "dmean": [0.00190902757458, 0.00211466941983, 0.000819330511149, 0.000523788155988, 0.000314803357469, 0.000240082867094, 0.000257378211245, 0.000158368202392, 8.89747025212e-05, 5.67553397559e-05, 6.99818992871e-05, 3.38762001775e-05, 3.44730688084e-05, 3.00770625472e-05, 2.83330646198e-05, 2.132775262e-05, 3.43440406141e-05, 2.62534358626e-05, 1.33759940582e-05, 1.37787155836e-05, 1.43973029481e-05, 1.26172262753e-05, 1.07094674604e-05, 6.48264176561e-06, 6.43622524876e-06, 5.00537680637e-06, 4.90236288897e-06, 3.85400835512e-06, 3.8020887132e-06, 4.37194876213e-06, 4.33336390415e-06, 3.92445099351e-06, 3.84547911381e-06, 3.35824620379e-06, 3.37938945449e-06, 2.32421734836e-06, 1.69623683632e-06, 1.30663840991e-06, 8.42969029691e-07, 2.96765335861e-07],
        "dmean2": [0.00316031556576, 0.00350333889946, 0.00136169465259, 0.000881845247932, 0.000486675242428, 0.000374885392375, 0.000399150245357, 0.000251824007137, 0.000135245907586, 8.38331106934e-05, 9.88702449831e-05, 5.21946421941e-05, 5.52204546693e-05, 4.77478897665e-05, 4.49451472377e-05, 3.44117797795e-05, 5.46046248928e-05, 4.26457772846e-05, 2.14775391214e-05, 2.2368521968e-05, 2.29818342632e-05, 1.93434461835e-05, 1.66544432432e-05, 1.06792804218e-05, 1.07398618638e-05, 8.2168244262e-06, 8.08631375548e-06, 6.37282028038e-06, 6.2363969846e-06, 7.1118129199e-06, 6.91705099598e-06, 5.98500218985e-06, 6.0699385358e-06, 5.14787780048e-06, 5.28625923835e-06, 3.71545866074e-06, 2.67338100457e-06, 1.97526424017e-06, 1.24071368646e-06, 3.96741512532e-07],
        "dvar": [1.02748481368e-05, 1.1389489373e-05, 1.40072620525e-06, 1.33575690597e-06, 2.08455404049e-07, 1.13733150897e-07, 1.68111512266e-07, 8.66839826585e-08, 3.18830579715e-08, 1.51266998927e-08, 8.77522587928e-09, 4.34112301662e-09, 5.14758680126e-09, 4.23688906181e-09, 2.95968871633e-09, 1.20732690512e-09, 2.72145217473e-09, 1.59219804008e-09, 4.49365933353e-10, 5.57974721982e-10, 3.91641385988e-10, 3.09597320003e-10, 2.67401517595e-10, 1.04880527874e-10, 1.30633892592e-10, 7.22641807505e-11, 9.04979702288e-11, 7.82196321603e-11, 6.79141673454e-11, 7.20855666825e-11, 9.01203625614e-11, 8.1972803545e-11, 1.36376410165e-10, 1.59622023932e-10, 1.90118989996e-10, 7.52379894498e-11, 3.54380830236e-11, 2.41799063411e-11, 1.1710995021e-11, 1.3361531933e-12],
        "dvar2": [2.76772188954e-05, 3.15856159432e-05, 4.02720343118e-06, 3.73415946342e-06, 4.98336760302e-07, 2.75555549933e-07, 3.89448757687e-07, 2.05498352557e-07, 8.29464923413e-08, 2.99463103204e-08, 1.80744468281e-08, 9.50059586557e-09, 1.32260034036e-08, 1.0084396429e-08, 7.27013160784e-09, 3.06811309692e-09, 6.81868961294e-09, 4.17198409153e-09, 1.14551035324e-09, 1.36018996066e-09, 1.07924569281e-09, 8.05313371544e-10, 6.72596256468e-10, 2.80182571588e-10, 3.76088604703e-10, 1.98563707143e-10, 2.52771997777e-10, 2.09972539356e-10, 1.78689923969e-10, 1.75525358137e-10, 2.10303899295e-10, 1.54170162747e-10, 3.21517812374e-10, 3.97633537208e-10, 4.94946472696e-10, 1.85238394068e-10, 7.73668629162e-11, 5.15240523857e-11, 2.20792949895e-11, 2.33801541495e-12],
        "max": [0.0295374784619, 0.0295181199908, 0.011164248921, 0.0114497244358, 0.0068898005411, 0.00414336379617, 0.00570175005123, 0.00507370568812, 0.00366021529771, 0.00300764734857, 0.0017200128641, 0.00135400879662, 0.0010490649147, 0.0011113982182, 0.000844680471346, 0.000480390153825, 0.000701872166246, 0.00062306196196, 0.00024699702044, 0.000393503403757, 0.000265060487436, 0.000200514521566, 0.00018509493384, 0.000142141958349, 0.000159919160069, 0.000117474330182, 0.000146039805259, 0.000161695454153, 0.000121124867292, 0.00012849867926, 0.000164288139786, 0.000213542341953, 0.000319515966112, 0.000282695982605, 0.000230799181736, 0.000152183813043, 0.000103529069747, 9.79617907433e-05, 5.03980190842e-05, 2.25093353947e-05],
        "mean": [0.00363933155313, 0.00583223532885, 0.00183756370097, 0.000870927469805, 0.000735243200324, 0.000515835010447, 0.000600744271651, 0.000337895675329, 0.000195943721337, 0.000134421468829, 0.000161407486303, 6.8380846642e-05, 7.18536321074e-05, 6.70774825267e-05, 6.27511471976e-05, 4.38630559074e-05, 6.39903373667e-05, 5.08488301421e-05, 2.63919610006e-05, 2.97422684525e-05, 3.42255043506e-05, 3.1324892916e-05, 2.57758965745e-05, 1.31875258376e-05, 1.35712516567e-05, 1.17415038403e-05, 9.60592660704e-06, 6.79843651596e-06, 6.40751568426e-06, 7.25913514543e-06, 7.13033250577e-06, 6.77044272379e-06, 6.13536576566e-06, 4.99618772665e-06, 4.42582631877e-06, 3.22413620779e-06, 2.41689531322e-06, 1.90415312318e-06, 1.26793372601e-06, 4.32011489693e-07],
        "median": [0.00254153972492, 0.00532448664308, 0.00144313136116, 0.000491318292916, 0.000487316254294, 0.000296182988677, 0.000356061180355, 0.000175603126991, 0.000110753127956, 7.03214827809e-05, 0.000106142768345, 3.43063329638e-05, 2.17831493501e-05, 1.92610059457e-05, 1.99201076612e-05, 2.09814879781e-05, 3.52962451871e-05, 3.1019855669e-05, 1.58336642926e-05, 1.61833941092e-05, 2.21646241698e-05, 1.88654285012e-05, 1.11958152047e-05, 6.30071417618e-06, 6.10719916949e-06, 5.40479186384e-06, 3.77807214136e-06, 2.47389903052e-06, 2.07487005355e-06, 2.16954049392e-06, 2.25309054258e-06, 2.466262913e-06, 2.17352862819e-06, 1.4249560536e-06, 1.16822093332e-06, 8.09879054486e-07, 4.63794066263e-07, 2.97445723163e-07, 1.73807208625e-07, 6.3401230932e-08],
        "min": [3.3510044517e-08, 4.11688176882e-08, 4.26780282226e-08, 8.01944022299e-09, 1.23423871123e-09, 2.8224234061e-09, 9.25952914343e-09, 9.5326335714e-10, 3.24946375363e-10, 8.84048612093e-10, 1.10593934011e-09, 5.13714681905e-10, 1.1233758368e-09, 1.29608168642e-09, 4.57324400571e-10, 6.34318486625e-10, 4.50381465456e-09, 6.02198901856e-10, 7.79279973884e-10, 8.75320704807e-10, 5.09280839722e-10, 8.96066443268e-10, 1.50566004109e-09, 2.80552164833e-10, 2.31453481381e-10, 4.63795390981e-10, 3.64878044445e-10, 2.63081167962e-10, 2.15538795145e-10, 7.93081156303e-10, 3.73329561709e-10, 1.64928251611e-10, 1.79550790902e-10, 2.08402725632e-10, 9.00485588873e-11, 5.25303377186e-11, 3.48727574595e-11, 3.32075200671e-11, 1.68242243054e-11, 2.21325800569e-12],
        "var": [1.35958644023e-05, 1.53461623995e-05, 2.17338038055e-06, 1.35839843551e-06, 6.38907408756e-07, 4.07609888953e-07, 5.76216791615e-07, 2.26749435228e-07, 7.25002493596e-08, 5.45776437377e-08, 3.21467830133e-08, 1.37942901546e-08, 1.97112637323e-08, 1.82692225792e-08, 1.09525473135e-08, 3.36385608257e-09, 5.9440781186e-09, 3.07784864262e-09, 9.34018196119e-10, 1.52184731483e-09, 1.35511302179e-09, 1.18952980799e-09, 1.04614394925e-09, 3.00751701321e-10, 3.59510032855e-10, 2.49366027827e-10, 2.09699466125e-10, 1.21104751227e-10, 1.16665302419e-10, 1.44480788444e-10, 1.51141044125e-10, 1.67273736529e-10, 1.93024901618e-10, 1.94557814304e-10, 2.03624242467e-10, 1.02433651838e-10, 6.16886680627e-11, 4.957132968e-11, 2.6377186893e-11, 3.19562128495e-12]
    },
    "mfcc": {
        "mean": [-613.517456055, 133.815475464, 8.73986721039, 34.4200248718, 7.68915653229, 16.8912696838, -10.4485197067, 10.7223901749, 0.634823799133, 7.32249069214, 3.04250359535, 4.27748250961, -1.83335518837],
        "cov": [[3060.7199707, -1021.10528564, -187.939682007, 7.03120470047, -226.540008545, 55.4448394775, 172.82800293, -5.79249429703, -14.4659280777, -59.6594657898, -13.0518798828, 5.17160987854, -62.7743873596], [-1021.10528564, 1118.48815918, -161.578277588, -12.0110683441, 107.247398376, -76.341506958, -110.078231812, 45.0458755493, -14.2041063309, 44.9907913208, 33.8222579956, -10.1160411835, 32.6883430481], [-187.939682007, -161.578277588, 516.44543457, -83.1832885742, 36.1845283508, 7.89020395279, -90.214515686, -59.2874107361, -4.64667797089, 10.1060304642, -3.53497552872, 3.89129042625, 7.44062328339], [7.03120470047, -12.0110683441, -83.1832885742, 144.280105591, 12.2058601379, 8.51000404358, -1.85155904293, -8.6598777771, 20.5893630981, 5.43042564392, -6.70882177353, -16.9952449799, -11.3967971802], [-226.540008545, 107.247398376, 36.1845283508, 12.2058601379, 166.864425659, -24.8806648254, -63.3294792175, -31.0486469269, 21.3898277283, 21.2936573029, -1.97624754906, -12.7297821045, -1.50875508785], [55.4448394775, -76.341506958, 7.89020395279, 8.51000404358, -24.8806648254, 126.487243652, 34.7616577148, -27.1580467224, -9.67137241364, 4.44644069672, -15.9308452606, -22.3465862274, -22.582069397], [172.82800293, -110.078231812, -90.214515686, -1.85155904293, -63.3294792175, 34.7616577148, 163.882858276, 13.8537139893, -31.1114120483, -4.86272668839, -8.14980792999, 12.2885227203, -12.8985719681], [-5.79249429703, 45.0458755493, -59.2874107361, -8.6598777771, -31.0486469269, -27.1580467224, 13.8537139893, 131.615264893, 15.8355607986, -19.4919948578, 18.0418796539, 33.9089393616, 11.9317789078], [-14.4659280777, -14.2041063309, -4.64667797089, 20.5893630981, 21.3898277283, -9.67137241364, -31.1114120483, 15.8355607986, 128.660140991, -18.2182540894, 8.06346225739, -9.05301094055, 2.11237955093], [-59.6594657898, 44.9907913208, 10.1060304642, 5.43042564392, 21.2936573029, 4.44644069672, -4.86272668839, -19.4919948578, -18.2182540894, 104.691612244, 11.4872322083, -9.49282169342, 1.00494766235], [-13.0518798828, 33.8222579956, -3.53497552872, -6.70882177353, -1.97624754906, -15.9308452606, -8.14980792999, 18.0418796539, 8.06346225739, 11.4872322083, 68.0990982056, 5.85282897949, 0.948078989983], [5.17160987854, -10.1160411835, 3.89129042625, -16.9952449799, -12.7297821045, -22.3465862274, 12.2885227203, 33.9089393616, -9.05301094055, -9.49282169342, 5.85282897949, 76.6987075806, 13.6236953735], [-62.7743873596, 32.6883430481, 7.44062328339, -11.3967971802, -1.50875508785, -22.582069397, -12.8985719681, 11.9317789078, 2.11237955093, 1.00494766235, 0.948078989983, 13.6236953735, 61.5985565186]],
