{
"lowlevel": {
    "average_loudness": 0.940755963326,
    "barkbands_crest": {
        "dmean": 2.53069162369,
        "dmean2": 4.28193473816,
        "dvar": 6.32603263855,
        "dvar2": 17.8143215179,
        "max": 22.551984787,
        "mean": 10.6960401535,
        "median": 10.1080884933,
        "min": 2.29337620735,
        "var": 14.5299816132
    },
    "barkbands_flatness_db": {
        "dmean": 0.0208903197199,
        "dmean2": 0.0329205617309,
        "dvar": 0.000396032148274,
        "dvar2": 0.000920039601624,
        "max": 0.378786474466,
        "mean": 0.20376855135,
        "median": 0.199536904693,
        "min": 0.0225866436958,
        "var": 0.00226771947928
    },
    "barkbands_kurtosis": {
        "dmean": 3.39283418655,
        "dmean2": 5.43630599976,
        "dvar": 30.6174869537,
        "dvar2": 72.3287506104,
        "max": 84.2382125854,
        "mean": 7.37910461426,
        "median": 5.10223388672,
        "min": -1.89983391762,
        "var": 77.6351089478
    },
    "barkbands_skewness": {
        "dmean": 0.498592078686,
        "dmean2": 0.776596665382,
        "dvar": 0.310199648142,
        "dvar2": 0.741641104221,
        "max": 7.86097574234,
        "mean": 1.88917410374,
        "median": 1.81387650967,
        "min": -1.75424742699,
        "var": 1.42034423351
    },
    "barkbands_spread": {
        "dmean": 3.47296071053,
        "dmean2": 5.36015987396,
        "dvar": 26.8576831818,
        "dvar2": 53.7739906311,
        "max": 88.8057098389,
        "mean": 15.7462978363,
        "median": 11.4670133591,
        "min": 1.03491353989,
        "var": 156.60710144
    },
    "dissonance": {
        "dmean": 0.021126748994,
        "dmean2": 0.0352680049837,
        "dvar": 0.000467663106974,
        "dvar2": 0.00127630413044,
        "max": 0.499227106571,
        "mean": 0.440060406923,
        "median": 0.454427689314,
        "min": 0.236762911081,
        "var": 0.00224876496941
    },
    "dynamic_complexity": 2.3486828804,
    "erbbands_crest": {
        "dmean": 2.12915730476,
        "dmean2": 3.33762097359,
        "dvar": 3.87819218636,
        "dvar2": 8.63473415375,
        "max": 28.3402919769,
        "mean": 11.2507038116,
        "median": 9.89651966095,
        "min": 2.84468698502,
        "var": 28.4577217102
    },
    "erbbands_flatness_db": {
        "dmean": 0.0142673514783,
        "dmean2": 0.0194349270314,
        "dvar": 0.000203051793505,
        "dvar2": 0.000376296637114,
        "max": 0.329350590706,
        "mean": 0.198994100094,
        "median": 0.197506219149,
        "min": 0.10187985003,
        "var": 0.00167324149515
    },
    "erbbands_kurtosis": {
        "dmean": 1.1147993803,
        "dmean2": 1.71126329899,
        "dvar": 2.4672961235,
        "dvar2": 5.82907104492,
        "max": 22.3357467651,
        "mean": 1.84598779678,
        "median": 0.631902456284,
        "min": -1.77224087715,
        "var": 13.3368301392
    },
    "erbbands_skewness": {
        "dmean": 0.309675604105,
        "dmean2": 0.467966347933,
        "dvar": 0.0937671810389,
        "dvar2": 0.19016328454,
        "max": 3.91005039215,
        "mean": 0.771969377995,
        "median": 0.836493909359,
        "min": -3.14977312088,
        "var": 1.05049431324
    },
    "erbbands_spread": {
        "dmean": 6.44733047485,
        "dmean2": 9.33878993988,
        "dvar": 63.7120323181,
        "dvar2": 127.246894836,
        "max": 128.705245972,
        "mean": 36.8364067078,
        "median": 33.7698020935,
        "min": 4.62805986404,
        "var": 411.57208252
    },
    "hfc": {
        "dmean": 3.36814808846,
        "dmean2": 5.27774095535,
        "dvar": 22.5120410919,
        "dvar2": 48.8703193665,
        "max": 85.5964126587,
        "mean": 19.1754074097,
        "median": 15.1160230637,
        "min": 1.1202604974e-16,
        "var": 213.679672241
    },
    "melbands_crest": {
        "dmean": 3.30137562752,
        "dmean2": 5.56139039993,
        "dvar": 11.2237510681,
        "dvar2": 30.0601272583,
        "max": 33.7503242493,
        "mean": 13.7204818726,
        "median": 12.9799928665,
        "min": 3.31342434883,
        "var": 20.9194717407
    },
    "melbands_flatness_db": {
        "dmean": 0.0235065408051,
        "dmean2": 0.0357026308775,
        "dvar": 0.000582922832109,
        "dvar2": 0.00124621333089,
        "max": 0.475052446127,
        "mean": 0.246347367764,
        "median": 0.242767333984,
        "min": 0.0105404257774,
        "var": 0.00401411578059
    },
    "melbands_kurtosis": {
        "dmean": 7.16079282761,
        "dmean2": 11.2449207306,
        "dvar": 140.652496338,
        "dvar2": 336.381652832,
        "max": 173.393814087,
        "mean": 17.2528743744,
        "median": 10.8999862671,
        "min": -1.32979428768,
        "var": 370.472106934
    },
    "melbands_skewness": {
        "dmean": 0.64329957962,
        "dmean2": 0.988813757896,
        "dvar": 0.552656650543,
        "dvar2": 1.33033382893,
        "max": 10.715959549,
        "mean": 2.77554821968,
        "median": 2.51732945442,
        "min": -0.57806044817,
        "var": 2.70724773407
    },
    "melbands_spread": {
        "dmean": 3.74514555931,
        "dmean2": 5.81154489517,
        "dvar": 37.1439781189,
        "dvar2": 79.41771698,
        "max": 129.187057495,
        "mean": 15.5189352036,
        "median": 11.3828401566,
        "min": 1.22917997837,
        "var": 177.704879761
    },
    "pitch_salience": {
        "dmean": 0.0652858391404,
        "dmean2": 0.10917327553,
        "dvar": 0.0038036853075,
        "dvar2": 0.0102153122425,
        "max": 0.828765690327,
        "mean": 0.537757277489,
        "median": 0.534755766392,
        "min": 0.19688603282,
        "var": 0.00818676594645
    },
    "silence_rate_20dB": {
        "dmean": 0,
        "dmean2": 0,
        "dvar": 0,
        "dvar2": 0,
        "max": 1,
        "mean": 1,
        "median": 1,
        "min": 1,
        "var": 0
    },
    "silence_rate_30dB": {
        "dmean": 0.0123743228614,
        "dmean2": 0.0247582197189,
        "dvar": 0.0122211007401,
        "dvar2": 0.0334294140339,
        "max": 1,
        "mean": 0.992269039154,
        "median": 1,
        "min": 0,
        "var": 0.00767120579258
    },
    "silence_rate_60dB": {
        "dmean": 0.00270688324235,
        "dmean2": 0.00541586056352,
        "dvar": 0.00269950088114,
        "dvar2": 0.00538674928248,
        "max": 1,
        "mean": 0.00541167380288,
        "median": 0,
        "min": 0,
        "var": 0.00538254249841
    },
    "spectral_centroid": {
        "dmean": 154.153198242,
        "dmean2": 236.856140137,
        "dvar": 61704.484375,
        "dvar2": 88213.578125,
        "max": 10427.3720703,
        "mean": 974.090087891,
        "median": 776.673034668,
        "min": 220.710693359,
        "var": 374008.6875
    },
    "spectral_complexity": {
        "dmean": 2.46906423569,
        "dmean2": 3.97485494614,
        "dvar": 6.67519426346,
        "dvar2": 15.001701355,
        "max": 54,
        "mean": 16.3262462616,
        "median": 13,
        "min": 0,
        "var": 87.5958175659
    },
    "spectral_decrease": {
        "dmean": 3.24668048002e-09,
        "dmean2": 5.42584466245e-09,
        "dvar": 2.74495088628e-17,
        "dvar2": 7.05024035529e-17,
        "max": -2.81177285752e-29,
        "mean": -9.84663639514e-09,
        "median": -9.3482732666e-09,
        "min": -4.68885801297e-08,
        "var": 3.76572948161e-17
    },
    "spectral_energy": {
        "dmean": 0.012453475967,
        "dmean2": 0.0208048466593,
        "dvar": 0.000398037373088,
        "dvar2": 0.00102257111575,
        "max": 0.180044874549,
        "mean": 0.0389027297497,
        "median": 0.0370444767177,
        "min": 1.02672000231e-20,
        "var": 0.000567476556171
    },
    "spectral_energyband_high": {
        "dmean": 0.00015684455866,
        "dmean2": 0.000212838873267,
        "dvar": 2.39872292696e-07,
        "dvar2": 4.06060252089e-07,
        "max": 0.0120083624497,
        "mean": 0.000466686266009,
        "median": 0.000228625838645,
        "min": 7.58175897228e-21,
        "var": 1.14032150123e-06
    },
    "spectral_energyband_low": {
        "dmean": 0.00925140175968,
        "dmean2": 0.0156386271119,
        "dvar": 0.000359899830073,
        "dvar2": 0.000943057646509,
        "max": 0.149275243282,
        "mean": 0.0144403334707,
        "median": 0.00900881271809,
        "min": 4.02558559834e-23,
        "var": 0.000327899848344
    },
    "spectral_energyband_middle_high": {
        "dmean": 0.000862935557961,
        "dmean2": 0.00130451563746,
        "dvar": 2.56226235251e-06,
        "dvar2": 5.78984099775e-06,
        "max": 0.0385037623346,
        "mean": 0.00448114844039,
        "median": 0.00176380644552,
        "min": 1.34711047957e-21,
        "var": 4.39304822066e-05
    },
    "spectral_energyband_middle_low": {
        "dmean": 0.00564614124596,
        "dmean2": 0.00944371335208,
        "dvar": 4.97819455632e-05,
        "dvar2": 0.000134872680064,
        "max": 0.0958077982068,
        "mean": 0.0205942243338,
        "median": 0.0197034962475,
        "min": 3.61593644114e-22,
        "var": 0.00016086146934
    },
    "spectral_entropy": {
        "dmean": 0.158144935966,
        "dmean2": 0.217773392797,
        "dvar": 0.0293516032398,
        "dvar2": 0.0481599718332,
        "max": 9.79219150543,
        "mean": 7.15656995773,
        "median": 7.27543735504,
        "min": 5.48918485641,
        "var": 0.246263429523
    },
    "spectral_flux": {
        "dmean": 0.0273660253733,
        "dmean2": 0.042633228004,
        "dvar": 0.00152509415057,
        "dvar2": 0.0028504722286,
        "max": 0.360744804144,
        "mean": 0.0859743431211,
        "median": 0.0711238235235,
        "min": 1.01327189694e-10,
        "var": 0.00289937411435
    },
    "spectral_kurtosis": {
        "dmean": 2.36818027496,
        "dmean2": 3.94394874573,
        "dvar": 8.56933689117,
        "dvar2": 23.6479225159,
        "max": 34.3860359192,
        "mean": 4.39085388184,
        "median": 3.187915802,
        "min": -1.18151569366,
        "var": 18.3954772949
    },
    "spectral_rms": {
        "dmean": 0.000906328787096,
        "dmean2": 0.00148267811164,
        "dvar": 1.48952960899e-06,
        "dvar2": 3.64796096619e-06,
        "max": 0.0132534345612,
        "mean": 0.00588374771178,
        "median": 0.00601173425093,
        "min": 3.16492990669e-12,
        "var": 3.33540856445e-06
    },
    "spectral_rolloff": {
        "dmean": 216.639190674,
        "dmean2": 363.373809814,
        "dvar": 346419.6875,
        "dvar2": 690627.9375,
        "max": 18410.8886719,
        "mean": 844.737243652,
        "median": 581.396484375,
        "min": 43.06640625,
        "var": 929333.75
    },
    "spectral_skewness": {
        "dmean": 0.275441557169,
        "dmean2": 0.426723569632,
        "dvar": 0.0778371840715,
        "dvar2": 0.189621701837,
        "max": 4.51931381226,
        "mean": 1.48901748657,
        "median": 1.33449816704,
        "min": -0.420448958874,
        "var": 0.442237615585
    },
    "spectral_spread": {
        "dmean": 398708.03125,
        "dmean2": 535526.25,
        "dvar": 623857893376,
        "dvar2": 600571904000,
        "max": 39989376,
        "mean": 3793305.25,
        "median": 3514970,
        "min": 1523421.25,
        "var": 1.65635371827e+12
    },
    "spectral_strongpeak": {
        "dmean": 0.496507436037,
        "dmean2": 0.881396472454,
        "dvar": 0.807520210743,
        "dvar2": 2.07649993896,
        "max": 9.42781448364,
        "mean": 1.13387727737,
        "median": 0.61164945364,
        "min": 0,
        "var": 1.93120920658
    },
    "zerocrossingrate": {
        "dmean": 0.00639769295231,
        "dmean2": 0.00768141029403,
        "dvar": 0.000124339741888,
        "dvar2": 0.000134473812068,
        "max": 0.517578125,
        "mean": 0.0394556559622,
        "median": 0.0341796875,
        "min": 0.00439453125,
        "var": 0.000607325870078
    },
    "barkbands": {
        "dmean": [0.00154696463142, 0.00729343248531, 0.00185742403846, 0.00146628345829, 0.00386248202994, 0.00112365267705, 0.000723737233784, 0.00102863379288, 0.000348985020537, 0.000302283558995, 8.62790402607e-05, 0.000237427564571, 0.000123007775983, 0.000307559443172, 0.000132191999, 0.000191971994354, 0.00024906345061, 0.00010087476403, 0.000128910673084, 6.05372806604e-05, 5.5785436416e-05, 4.71065141028e-05, 4.79800910398e-05, 2.7204017897e-05, 7.08292054696e-06, 1.08494280227e-08, 4.69681138426e-09],
        "dmean2": [0.00235343910754, 0.0128076933324, 0.00331160030328, 0.00247544050217, 0.00651040673256, 0.00186165689956, 0.00112731382251, 0.00159569759853, 0.00050755974371, 0.000460889161332, 0.000139836862218, 0.000354913878255, 0.000196010092623, 0.00046876698616, 0.00020134706574, 0.000304736633552, 0.000403986079618, 0.000164252167451, 0.000213288702071, 9.71990448306e-05, 8.65559850354e-05, 6.70627559884e-05, 7.32303888071e-05, 3.83829683415e-05, 1.08993654067e-05, 1.51830352735e-08, 5.29181631848e-09],
        "dvar": [1.60937379405e-05, 0.000272521661827, 1.11239951366e-05, 5.09232904733e-06, 2.73920977634e-05, 2.15148270399e-06, 2.10698703995e-06, 3.97826943299e-06, 5.64282061077e-07, 4.81270660657e-07, 9.50378122866e-08, 4.35469416971e-07, 8.62835207727e-08, 9.45120348206e-07, 1.02947780078e-07, 2.14239378238e-07, 2.64878764256e-07, 3.26881242074e-08, 5.98367577709e-08, 1.75997687535e-08, 3.29028679857e-08, 2.54243683884e-08, 3.14375121491e-08, 5.22094500965e-09, 3.8212305542e-10, 9.62419756384e-15, 1.08988567886e-14],
        "dvar2": [3.54186377081e-05, 0.000753679720219, 3.27986272168e-05, 1.41131113196e-05, 7.6923337474e-05, 5.5958989833e-06, 5.02978627992e-06, 8.86247471499e-06, 1.07192170162e-06, 1.00563499927e-06, 2.18118742623e-07, 9.89252498584e-07, 2.05882997761e-07, 2.12413647205e-06, 2.24821476991e-07, 4.9900927479e-07, 7.19056401977e-07, 7.96220760435e-08, 1.65631689697e-07, 3.92589889486e-08, 7.72726309606e-08, 4.45290453399e-08, 7.08792740056e-08, 1.01558450538e-08, 9.59932022759e-10, 4.74340017473e-15, 4.28153724903e-15],
        "max": [0.068266235292, 0.129616111517, 0.0484026744962, 0.0297411419451, 0.0763063654304, 0.0239489860833, 0.0254372339696, 0.0417782515287, 0.0157608166337, 0.0172151215374, 0.0100185908377, 0.0141184562817, 0.0066802254878, 0.0249951258302, 0.00761130964383, 0.0117249116302, 0.00931114982814, 0.00356555217877, 0.00442727981135, 0.00337689486332, 0.00647050933912, 0.00417376821861, 0.00504505448043, 0.00290097342804, 0.000554693629965, 6.60790738038e-06, 7.19006857253e-06],
        "mean": [0.00156790856272, 0.00942818261683, 0.0025506883394, 0.00243564299308, 0.00861086696386, 0.00258278031833, 0.00165656080935, 0.00388820655644, 0.00101575406734, 0.000820277957246, 0.000144638077472, 0.000592345313635, 0.000234303064644, 0.000889483955689, 0.000297674851026, 0.000467223784653, 0.000571104174014, 0.000229657292948, 0.000365315034287, 0.000132370099891, 0.000131912980578, 0.00010453529103, 0.000108374675619, 6.51220252621e-05, 1.18088901218e-05, 1.54794488338e-08, 5.25249177485e-09],
        "median": [0.000193164858501, 0.005794769153, 0.00147720181849, 0.00133665278554, 0.00573132792488, 0.00191431934945, 0.000785052834544, 0.00108083174564, 0.000186425604625, 0.000213532111957, 5.1193870604e-05, 0.000128243395011, 8.57165287016e-05, 0.000120474949654, 6.83378020767e-05, 7.78213798185e-05, 9.17719080462e-05, 9.18428922887e-05, 8.58288403833e-05, 6.93102847436e-05, 6.25396714895e-05, 3.85180101148e-05, 4.15164067817e-05, 2.38619413722e-05, 2.47311641033e-06, 3.35524652506e-09, 4.95293750458e-10],
        "min": [1.70062349958e-23, 1.02438463703e-23, 8.82226064342e-24, 4.11173835997e-23, 5.3210914733e-23, 2.14521477725e-23, 1.04994152155e-23, 2.97500778158e-23, 2.04039554711e-22, 5.36054398489e-23, 4.57307210595e-23, 1.81881600465e-22, 9.07992407208e-23, 1.45607933264e-22, 1.4669070481e-22, 1.31903084312e-22, 1.18203725832e-22, 2.50386622262e-22, 1.09725869238e-22, 2.33443783284e-22, 4.48360972572e-22, 8.05685983043e-22, 3.76438567468e-22, 9.98884203401e-22, 1.14903404435e-21, 1.59236468443e-21, 2.30092545649e-21],
        "var": [1.8877306502e-05, 0.000200285983738, 1.14161721285e-05, 1.00462239061e-05, 7.45989018469e-05, 5.8803570937e-06, 5.58600549994e-06, 4.07196203014e-05, 4.1261196202e-06, 2.97625774692e-06, 2.3042306907e-07, 1.99567170966e-06, 2.39133839841e-07, 7.38351673135e-06, 4.28207101777e-07, 1.33291609927e-06, 8.45427848617e-07, 1.17368209374e-07, 3.21849910279e-07, 4.06950348975e-08, 7.65183045814e-08, 9.75576952555e-08, 1.03594146594e-07, 2.857433401e-08, 8.68623339922e-10, 1.97876857586e-14, 2.2402225745e-14]
    },
    "erbbands": {
        "dmean": [0.296400487423, 1.37541127205, 2.10968327522, 3.46814155579, 8.65528488159, 15.1284618378, 13.2109165192, 8.05724143982, 10.721113205, 12.9453334808, 23.2312469482, 8.48061656952, 11.1341266632, 6.45642995834, 4.51066827774, 10.5882825851, 4.61071443558, 16.8363265991, 6.98707485199, 8.51609325409, 9.96626853943, 11.0550680161, 6.4104886055, 4.76249742508, 6.96312046051, 2.51381707191, 2.35099101067, 2.14184808731, 1.74928534031, 1.62092792988, 1.25365054607, 0.758109927177, 0.360201686621, 0.149528875947, 0.00626800116152, 0.000305408932036, 2.70372929663e-05, 5.70592692384e-06, 6.36203685644e-06, 1.36748176374e-05],
        "dmean2": [0.508262217045, 2.48448443413, 3.79851317406, 5.99814653397, 14.5137891769, 25.6181945801, 21.8500385284, 13.5816249847, 17.2287120819, 20.3389167786, 35.4228477478, 12.0433492661, 16.7393035889, 10.1144514084, 7.14675712585, 16.0922260284, 7.26628541946, 25.6419811249, 10.4402894974, 13.3169755936, 15.8453559875, 18.0943145752, 10.4315519333, 7.90899562836, 11.5603103638, 3.99929428101, 3.64885997772, 3.1794397831, 2.51013350487, 2.39593958855, 1.87499022484, 1.09343528748, 0.505572855473, 0.228092297912, 0.0096749374643, 0.000456683221273, 3.57801509381e-05, 6.92209368935e-06, 1.00058960015e-05, 2.27802756854e-05],
        "dvar": [0.464830011129, 10.0544157028, 17.087934494, 26.7300453186, 169.872390747, 556.335205078, 410.61416626, 146.62890625, 389.117980957, 777.933227539, 2211.15600586, 363.913848877, 644.236206055, 215.547897339, 240.046264648, 912.057800293, 103.477294922, 2456.19775391, 382.07208252, 447.831878662, 397.803375244, 486.509277344, 125.822807312, 94.2214508057, 189.680908203, 30.192483902, 35.5812492371, 56.9993476868, 35.7170257568, 45.6057167053, 16.202589035, 5.41345691681, 0.790253520012, 0.148209273815, 0.000356600648956, 8.65262620664e-07, 3.34813101688e-08, 4.1341579049e-09, 2.84629014802e-10, 4.67730298936e-10],
        "dvar2": [1.22951507568, 28.8343334198, 49.7948760986, 75.5450210571, 468.239227295, 1572.78930664, 1049.48986816, 394.565643311, 949.77947998, 1829.16113281, 4639.98632812, 708.745361328, 1402.88342285, 468.765777588, 576.513366699, 2160.81591797, 246.914703369, 5646.77783203, 878.282104492, 1024.55883789, 985.241210938, 1311.77954102, 313.377960205, 261.815948486, 525.169616699, 66.5128097534, 74.9212036133, 139.340164185, 65.0520019531, 98.8359375, 32.7319221497, 11.4663972855, 1.51107287407, 0.352355897427, 0.000954337476287, 1.97349299924e-06, 1.71089240553e-08, 1.70240532782e-09, 2.82202872182e-10, 1.20038035067e-09],
        "max": [5.16853094101, 29.1505146027, 53.7754440308, 78.6283416748, 202.628082275, 312.208648682, 284.580444336, 199.966903687, 331.847747803, 510.658599854, 1027.58862305, 459.138793945, 666.600769043, 446.619476318, 597.78302002, 630.590759277, 276.16796875, 1311.5534668, 546.035766602, 452.563262939, 392.069824219, 457.591156006, 205.850021362, 215.366790771, 218.282287598, 162.974380493, 199.379577637, 241.518310547, 134.291931152, 197.942245483, 102.877220154, 90.4011230469, 30.3857955933, 10.1028738022, 0.591110944748, 0.0269815642387, 0.0122581347823, 0.00441781291738, 0.0010177383665, 0.000197868299438],
        "mean": [0.323673009872, 1.90104556084, 2.99865889549, 6.3539648056, 16.9457759857, 31.5549564362, 30.2093429565, 16.2437171936, 23.1614284515, 37.4607582092, 91.1362075806, 28.7377986908, 29.7405471802, 17.1906204224, 9.96221160889, 27.4791164398, 11.5028829575, 50.611000061, 18.3453006744, 23.0996170044, 25.5848617554, 27.6976566315, 16.0162220001, 13.4940719604, 18.1170310974, 6.1947722435, 5.48992538452, 4.60651874542, 3.80863571167, 3.78186869621, 2.84084606171, 1.72406113148, 0.848668396473, 0.281398236752, 0.0112674217671, 0.000598308281042, 6.70089575578e-05, 1.4436706806e-05, 2.20400397666e-05, 4.50608204119e-05],
        "median": [0.152952104807, 1.22250986099, 1.90216779709, 4.01342344284, 10.1524133682, 16.9536495209, 18.0849323273, 12.3231735229, 14.43222332, 11.4074201584, 28.3778800964, 8.5012550354, 8.4749584198, 4.6386089325, 3.76916599274, 5.98587369919, 4.49478721619, 7.99015617371, 4.69649887085, 3.57634282112, 5.29159164429, 4.79496622086, 6.23330593109, 3.67321276665, 5.14458465576, 3.41147255898, 2.67476344109, 2.23982214928, 1.38357508183, 1.29545557499, 1.09567654133, 0.614075958729, 0.308709979057, 0.0697008296847, 0.00219227746129, 0.000158423761604, 3.17473677569e-05, 6.88004047333e-06, 1.98863508558e-05, 4.29175997851e-05],
        "min": [4.00139508401e-22, 2.14887810845e-21, 9.63769538215e-21, 6.83436655372e-20, 2.80014596022e-19, 7.39087169786e-20, 8.14854199709e-20, 2.28999472514e-19, 2.19579487999e-19, 2.19006174287e-19, 8.67464308384e-19, 4.63919076672e-18, 2.57375221003e-18, 2.26112777612e-18, 3.10178398803e-18, 7.03764189825e-18, 3.87240674659e-18, 5.55596537937e-18, 9.00000382444e-18, 6.98487852852e-18, 7.49990433895e-18, 7.96431000462e-18, 1.22002977856e-17, 9.77848748715e-18, 6.71771780223e-18, 1.05008436366e-17, 1.72173425882e-17, 1.8510483966e-17, 2.8009146178e-17, 1.91839214811e-17, 1.13358634398e-17, 1.75699630659e-17, 1.81606957547e-17, 1.26204021392e-17, 7.88313132648e-18, 4.76845552181e-18, 3.37501167053e-18, 1.36608216419e-18, 3.38876018779e-19, 3.04596303564e-20],
        "var": [0.370449304581, 6.9383559227, 14.3396244049, 53.3699455261, 408.654907227, 1619.62878418, 1167.63549805, 266.119384766, 866.736877441, 3592.46264648, 27626.5292969, 2570.52807617, 3213.18286133, 1161.95751953, 797.245788574, 4608.14941406, 416.368041992, 21504.6269531, 1424.26062012, 2723.85571289, 2003.43408203, 1719.24182129, 497.302368164, 432.028015137, 787.43762207, 79.4875488281, 95.6183166504, 132.745697021, 131.252685547, 143.30770874, 64.8541488647, 23.4898662567, 4.24839735031, 0.430079847574, 0.000879218685441, 2.26551264859e-06, 7.49244648546e-08, 8.78539552218e-09, 6.03321226311e-10, 7.20600912274e-10]
    },
    "gfcc": {
        "mean": [-23.6081008911, 151.32409668, -130.535476685, 65.6818008423, -72.1969528198, 10.0367507935, -31.7305736542, -5.97423028946, 2.26086902618, -20.6552848816, 10.2803602219, -22.0738735199, 4.46248817444],
        "cov": [[3335.7734375, -468.27923584, -794.19342041, 192.256317139, -7.37949705124, 167.85609436, -141.843505859, 126.230010986, -84.0706939697, -87.0037307739, -47.830657959, 24.4428577423, -3.78108239174], [-468.27923584, 744.148132324, 34.298828125, -298.493438721, 126.334007263, -205.191192627, 147.214401245, -111.924507141, 118.550949097, -37.2511825562, 101.124824524, -74.768661499, -28.1329936981], [-794.19342041, 34.298828125, 672.119873047, 64.3199920654, -148.385147095, 39.4780578613, -13.377081871, -9.23235225677, -13.3650398254, 85.7779541016, 2.8270983696, -3.49461841583, -5.50735378265], [192.256317139, -298.493438721, 64.3199920654, 424.245361328, 91.5479049683, 22.0571670532, -93.8532028198, 13.9393520355, -9.9792766571, 7.4330945015, -43.3654785156, 48.9725341797, 48.4165802002], [-7.37949705124, 126.334007263, -148.385147095, 91.5479049683, 290.149108887, -39.525806427, 13.8684940338, -31.3732967377, 38.861869812, -40.2251701355, 9.34212779999, 9.87809181213, 38.3125991821], [167.85609436, -205.191192627, 39.4780578613, 22.0571670532, -39.525806427, 228.772766113, 33.6458091736, 38.1446113586, -60.5048217773, 27.783996582, -20.5991001129, 16.262928009, -0.509004771709], [-141.843505859, 147.214401245, -13.377081871, -93.8532028198, 13.8684940338, 33.6458091736, 186.450653076, -0.498792558908, 26.2316646576, 4.32972335815, 38.1027870178, -3.31786608696, -30.5910453796], [126.230010986, -111.924507141, -9.23235225677, 13.9393520355, -31.3732967377, 38.1446113586, -0.498792558908, 110.420753479, 12.1181774139, 14.5482225418, -23.1915054321, 2.9029071331, -0.94770181179], [-84.0706939697, 118.550949097, -13.3650398254, -9.9792766571, 38.861869812, -60.5048217773, 26.2316646576, 12.1181774139, 105.797058105, 12.8818531036, 12.1159934998, -12.3410625458, -0.253056913614], [-87.0037307739, -37.2511825562, 85.7779541016, 7.4330945015, -40.2251701355, 27.783996582, 4.32972335815, 14.5482225418, 12.8818531036, 69.7970504761, 19.3352394104, 0.508531689644, -2.61029624939], [-47.830657959, 101.124824524, 2.8270983696, -43.3654785156, 9.34212779999, -20.5991001129, 38.1027870178, -23.1915054321, 12.1159934998, 19.3352394104, 68.9551925659, 13.641951561, -10.4681892395], [24.4428577423, -74.768661499, -3.49461841583, 48.9725341797, 9.87809181213, 16.262928009, -3.31786608696, 2.9029071331, -12.3410625458, 0.508531689644, 13.641951561, 72.0350570679, 26.2741317749], [-3.78108239174, -28.1329936981, -5.50735378265, 48.4165802002, 38.3125991821, -0.509004771709, -30.5910453796, -0.94770181179, -0.253056913614, -2.61029624939, -10.4681892395, 26.2741317749, 63.6042098999]],
        "icov": [[0.000684836006258, -0.000976904644631, 0.00128142733593, -0.00114237354137, 0.00104796560481, -0.00118266325444, 0.000987364444882, -0.000896874349564, 0.000472087704111, 6.20977007202e-05, -0.000177390058525, -0.000269743177341, 0.0004966246197], [-0.000976904644631, 0.0124215474352, -0.00543383602053, 0.00787661038339, -0.00635437713936, 0.0067045125179, -0.00566425127909, 0.00561177870259, -0.00657027261332, 0.00764190405607, -0.00925856363028, 0.00874174106866, -0.0046369866468], [0.00128142733593, -0.00543383602053, 0.00562997395173, -0.0047430768609, 0.00459659658372, -0.0037584323436, 0.00291561870836, -0.00224346597679, 0.00293453363702, -0.00461203977466, 0.00316528766416, -0.00288218585774, 0.00187464884948], [-0.00114237354137, 0.00787661038339, -0.0047430768609, 0.00923597533256, -0.00637829536572, 0.00470124138519, -0.00254832021892, 0.00381706142798, -0.0040542348288, 0.00270076887682, -0.00224551698193, 0.00222220644355, -0.00250719883479], [0.00104796560481, -0.00635437713936, 0.00459659658372, -0.00637829536572, 0.00971665605903, -0.00443929154426, 0.00235958723351, -0.00193043216132, 0.00105288962368, -2.15056043089e-05, 0.00132910441607, -0.00218655704521, -0.00115210271906], [-0.00118266325444, 0.0067045125179, -0.0037584323436, 0.00470124138519, -0.00443929154426, 0.011748992838, -0.00643547065556, 0.00174518744461, 0.0017750026891, -0.00137538171839, -0.000167822305229, 0.00285261124372, -0.00256541511044], [0.000987364444882, -0.00566425127909, 0.00291561870836, -0.00254832021892, 0.00235958723351, -0.00643547065556, 0.0114190308377, -0.00313575728796, -0.000126262035337, -0.000880974985193, -0.000342171639204, -0.00451125530526, 0.00548872211948], [-0.000896874349564, 0.00561177870259, -0.00224346597679, 0.00381706142798, -0.00193043216132, 0.00174518744461, -0.00313575728796, 0.0149096809328, -0.00617659464478, 0.000112068104499, 0.00173167616595, 0.00159147370141, -0.00117264548317], [0.000472087704111, -0.00657027261332, 0.00293453363702, -0.0040542348288, 0.00105288962368, 0.0017750026891, -0.000126262035337, -0.00617659464478, 0.018756011501, -0.00992664881051, 0.00593053922057, -0.00276020518504, 0.00147293065675], [6.20977007202e-05, 0.00764190405607, -0.00461203977466, 0.00270076887682, -2.15056043089e-05, -0.00137538171839, -0.000880974985193, 0.000112068104499, -0.00992664881051, 0.0312305446714, -0.0189193151891, 0.00974692869931, -0.00538944918662], [-0.000177390058525, -0.00925856363028, 0.00316528766416, -0.00224551698193, 0.00132910441607, -0.000167822305229, -0.000342171639204, 0.00173167616595, 0.00593053922057, -0.0189193151891, 0.0359989367425, -0.0171153303236, 0.00917907059193], [-0.000269743177341, 0.00874174106866, -0.00288218585774, 0.00222220644355, -0.00218655704521, 0.00285261124372, -0.00451125530526, 0.00159147370141, -0.00276020518504, 0.00974692869931, -0.0171153303236, 0.0282142236829, -0.0129795093089], [0.0004966246197, -0.0046369866468, 0.00187464884948, -0.00250719883479, -0.00115210271906, -0.00256541511044, 0.00548872211948, -0.00117264548317, 0.00147293065675, -0.00538944918662, 0.00917907059193, -0.0129795093089, 0.025724504143]]
    },
    "melbands": {
        "dmean": [0.00229101162404, 0.00129940279294, 0.000673211121466, 0.000877220591065, 0.000499493209645, 0.000190319464309, 0.000160912779393, 0.000151856715092, 0.000176780347829, 4.94193627674e-05, 5.55855222046e-05, 2.797083107e-05, 1.29294730868e-05, 2.81153788819e-05, 1.55216530402e-05, 1.33781177283e-05, 3.66517670045e-05, 1.25572732941e-05, 8.65548008733e-06, 1.57934555318e-05, 1.40076790558e-05, 1.35326845339e-05, 1.01704699773e-05, 4.42344571638e-06, 4.43703856945e-06, 6.31667626294e-06, 3.49584956894e-06, 1.47458592892e-06, 1.5737442709e-06, 1.474067858e-06, 1.29054103581e-06, 1.12720306333e-06, 9.52010395849e-07, 1.05047661236e-06, 8.50670801356e-07, 5.64478170872e-07, 4.75846917425e-07, 2.91220374038e-07, 2.22976311193e-07, 9.49433882624e-08],
        "dmean2": [0.00392514467239, 0.00234565557912, 0.00113894068636, 0.0014861227246, 0.000829590950161, 0.000316772318911, 0.000256902101682, 0.000241741057835, 0.000267042370979, 7.11331667844e-05, 8.39902204461e-05, 4.39825926151e-05, 2.07296488952e-05, 4.31758235209e-05, 2.37210479099e-05, 2.12782088056e-05, 5.55038641323e-05, 1.85535336641e-05, 1.3278692677e-05, 2.45853934757e-05, 2.25273270189e-05, 2.22678190767e-05, 1.6628380763e-05, 7.17289822205e-06, 7.42063366488e-06, 1.05396720755e-05, 5.76574257138e-06, 2.34078197536e-06, 2.48903893407e-06, 2.33993773691e-06, 1.89219315416e-06, 1.6828016669e-06, 1.38659754612e-06, 1.60854040132e-06, 1.2882660485e-06, 8.20930210921e-07, 7.1598572049e-07, 4.24734025728e-07, 3.31072214976e-07, 1.49221975221e-07],
        "dvar": [2.62148478214e-05, 7.66909852246e-06, 9.05590184175e-07, 1.66504264598e-06, 5.53605502773e-07, 7.46975246102e-08, 8.82353603515e-08, 1.02449497774e-07, 1.19596876402e-07, 1.32463888747e-08, 1.61270818921e-08, 4.19204804203e-09, 1.79433545799e-09, 7.89174681159e-09, 1.24380516997e-09, 1.03665431794e-09, 1.26539365652e-08, 1.54425505716e-09, 4.7629900024e-10, 2.15486184452e-09, 8.10200961876e-10, 7.6162443019e-10, 3.3484412465e-10, 5.5639291785e-11, 8.66586385984e-11, 1.668493399e-10, 5.01564761946e-11, 1.25836953704e-11, 1.29673537533e-11, 2.82790683231e-11, 1.81348148304e-11, 1.44802937002e-11, 1.17616498138e-11, 2.10898624953e-11, 8.04867457405e-12, 2.45381406166e-12, 2.74614922816e-12, 5.67984841018e-13, 2.99050253961e-13, 7.34511193187e-14],
        "dvar2": [6.94679474691e-05, 2.21759328269e-05, 2.54135852629e-06, 4.71274370284e-06, 1.4232458625e-06, 1.98466665324e-07, 2.12573525005e-07, 2.44407090122e-07, 2.47710289614e-07, 2.60436099353e-08, 3.51467015491e-08, 9.09789577008e-09, 4.20951673519e-09, 1.87391737683e-08, 2.88790880099e-09, 2.42823183783e-09, 2.88168369167e-08, 3.5342302418e-09, 1.04613884222e-09, 4.92742291414e-09, 2.14950213184e-09, 2.04513139757e-09, 8.95385321442e-10, 1.357942786e-10, 2.41624914521e-10, 4.58354021404e-10, 1.34899813542e-10, 2.62883412955e-11, 2.78830465661e-11, 6.88312531971e-11, 4.24279049394e-11, 2.99306690543e-11, 2.2865884533e-11, 5.09383542291e-11, 1.6566142555e-11, 4.98379809644e-12, 7.09400290247e-12, 1.23688136556e-12, 6.68068627762e-13, 1.85604786748e-13],
        "max": [0.0378110520542, 0.0248939171433, 0.0121992630884, 0.0213752519339, 0.0128445634618, 0.00449307402596, 0.00546740368009, 0.00665763625875, 0.00769786071032, 0.0030687241815, 0.00330706406385, 0.00199838797562, 0.00149108131882, 0.00207080575638, 0.000717959308531, 0.00077445799252, 0.00290259975009, 0.00121232005768, 0.000425847101724, 0.00115531566553, 0.000537833897397, 0.000458539376268, 0.000261881388724, 0.000165722085512, 0.00019704020815, 0.000197829634999, 0.000121978591778, 9.82609271887e-05, 9.8610020359e-05, 0.000199906673515, 0.00011403910321, 8.1570869952e-05, 0.000106689374661, 0.00013642795966, 6.90561937517e-05, 4.46519334218e-05, 6.29585410934e-05, 2.47786483669e-05, 1.71273059095e-05, 7.26129883333e-06],
        "mean": [0.00287175783888, 0.00194863602519, 0.00134436006192, 0.00179579854012, 0.00116862461437, 0.000399639247917, 0.000352076051058, 0.000458399474155, 0.000681842328049, 0.000148941806401, 0.000145777390571, 7.03181431163e-05, 2.35314819292e-05, 6.79500662955e-05, 3.86974461435e-05, 2.63764341071e-05, 0.000108723434096, 2.85401820292e-05, 2.00483536901e-05, 4.00015924242e-05, 2.93333650916e-05, 3.08027592837e-05, 2.13708008232e-05, 9.73324222286e-06, 1.03704869616e-05, 1.55939451361e-05, 8.24838207336e-06, 3.03867363982e-06, 3.34875903718e-06, 3.18473053085e-06, 2.48600417763e-06, 2.19122966882e-06, 1.93403434423e-06, 2.21233926823e-06, 1.75686102466e-06, 1.22623828247e-06, 9.69764528236e-07, 6.27802478448e-07, 4.38309939454e-07, 1.52582316559e-07],
        "median": [0.00163054070435, 0.00129906204529, 0.000932771887165, 0.00115421612281, 0.000737832277082, 0.000311705545755, 0.000216163549339, 0.000143755285535, 0.000208682264201, 3.45114931406e-05, 3.74980700144e-05, 1.64904558915e-05, 9.06659079192e-06, 1.46099946505e-05, 1.13277019409e-05, 8.8878778115e-06, 1.44595214806e-05, 7.13527469998e-06, 4.33418881585e-06, 4.83511075799e-06, 6.28272618997e-06, 4.70999202662e-06, 5.79928428124e-06, 4.71677230962e-06, 2.54723590842e-06, 3.43313581652e-06, 3.52608299181e-06, 1.56028227138e-06, 1.76089099568e-06, 1.19668015941e-06, 1.14755323466e-06, 7.27097983599e-07, 6.58968588141e-07, 7.28114400772e-07, 6.53106894788e-07, 4.20085768837e-07, 3.47406512446e-07, 2.18502819394e-07, 1.28720017756e-07, 2.4623471262e-08],
        "min": [4.44877870841e-24, 4.17327692587e-24, 2.03117499375e-23, 1.29561276562e-23, 2.46193824973e-24, 4.94848895971e-24, 2.93911725307e-24, 2.90600974696e-24, 6.34110179773e-24, 3.37269402092e-23, 1.31669546774e-23, 9.33321295148e-24, 7.56170588195e-24, 1.92056154871e-23, 1.22500868908e-23, 1.00400843874e-23, 1.06482338253e-23, 1.53359103814e-23, 1.25951267622e-23, 5.59546060935e-24, 9.89300284932e-24, 7.39616420985e-24, 9.4421948744e-24, 1.20506778423e-23, 7.49080700809e-24, 4.31016638103e-24, 5.13504667519e-24, 7.8798156197e-24, 9.25040070023e-24, 1.14244792669e-23, 1.02710549718e-23, 1.49595401103e-23, 1.7468797787e-23, 7.60838435943e-24, 5.55806229156e-24, 8.53070554146e-24, 1.17477781317e-23, 1.36028523924e-23, 1.15768485396e-23, 1.06124668718e-23],
        "var": [2.13931016333e-05, 5.69088570046e-06, 1.88155831893e-06, 3.82117423214e-06, 1.70399960098e-06, 1.53759387445e-07, 2.03399892484e-07, 4.80161077121e-07, 1.54241513428e-06, 8.42714769078e-08, 8.07480802223e-08, 2.16833218047e-08, 5.02671904101e-09, 2.84964105646e-08, 6.2531420042e-09, 3.39831451868e-09, 1.09676498994e-07, 4.31533564438e-09, 1.98507210669e-09, 1.25362822345e-08, 2.34030994584e-09, 2.35140640292e-09, 1.03517083794e-09, 1.8570404936e-10, 2.98533281429e-10, 6.68560151684e-10, 1.40577230412e-10, 2.90525017238e-11, 3.38252099941e-11, 5.2030570824e-11, 4.56333131005e-11, 4.40384083367e-11, 3.84250305185e-11, 5.2593193689e-11, 2.72893201092e-11, 1.1000792291e-11, 8.25103006752e-12, 2.53047561204e-12, 9.6826778366e-13, 1.64852167832e-13]
    },
    "mfcc": {
        "mean": [-644.577575684, 140.630065918, 14.9876670837, 38.4877052307, 4.09794473648, 5.49386024475, -8.24991607666, 5.98126983643, -7.61501455307, 8.09094142914, -1.00158691406, 5.51680898666, -4.67143440247],
        "cov": [[3338.64160156, -786.04864502, -740.815673828, -50.8478240967, 109.365226746, -30.0532894135, 0.466314435005, 161.784408569, 12.3877162933, -38.2610740662, -61.0409355164, -34.5416870117, -30.8572750092], [-786.04864502, 1019.53839111, -102.589820862, -100.913475037, -123.325393677, -63.507358551, -23.1188755035, -30.1012611389, -100.087944031, 124.352256775, 40.4092407227, 5.50053739548, -15.9333734512], [-740.815673828, -102.589820862, 727.961791992, -26.8891201019, -74.5845565796, 29.0233135223, 28.2238464355, -81.7970046997, 21.1914405823, -42.3373374939, 70.4491348267, 31.7820930481, 11.6875295639], [-50.8478240967, -100.913475037, -26.8891201019, 331.053863525, 143.475662231, 19.4374313354, -56.0272674561, -4.5566740036, 21.0417671204, -25.2316169739, -61.177154541, 7.55704164505, 40.4501342773], [109.365226746, -123.325393677, -74.5845565796, 143.475662231, 241.731048584, 26.1621208191, -28.5483951569, -12.0787038803, 42.6163444519, -37.0088920593, -64.8093643188, -26.9205703735, 27.5062713623], [-30.0532894135, -63.507358551, 29.0233135223, 19.4374313354, 26.1621208191, 145.937332153, 58.1272010803, 15.7882633209, 5.89143896103, -4.79181241989, -6.17172527313, -2.05313587189, -2.21317076683], [0.466314435005, -23.1188755035, 28.2238464355, -56.0272674561, -28.5483951569, 58.1272010803, 128.354019165, 32.6489868164, 2.74474644661, -12.3441810608, 30.2969150543, 6.52266693115, -14.388051033], [161.784408569, -30.1012611389, -81.7970046997, -4.5566740036, -12.0787038803, 15.7882633209, 32.6489868164, 95.7046432495, 18.613451004, 7.27646160126, 7.43337535858, 9.18634223938, -2.465269804], [12.3877162933, -100.087944031, 21.1914405823, 21.0417671204, 42.6163444519, 5.89143896103, 2.74474644661, 18.613451004, 96.5385818481, 2.40516018867, -2.43341851234, -7.14697742462, 10.466714859], [-38.2610740662, 124.352256775, -42.3373374939, -25.2316169739, -37.0088920593, -4.79181241989, -12.3441810608, 7.27646160126, 2.40516018867, 119.601844788, 36.8325958252, -10.5584869385, -19.6319084167], [-61.0409355164, 40.4092407227, 70.4491348267, -61.177154541, -64.8093643188, -6.17172527313, 30.2969150543, 7.43337535858, -2.43341851234, 36.8325958252, 102.023468018, 19.9444789886, -13.7636508942], [-34.5416870117, 5.50053739548, 31.7820930481, 7.55704164505, -26.9205703735, -2.05313587189, 6.52266693115, 9.18634223938, -7.14697742462, -10.5584869385, 19.9444789886, 65.8714981079, 22.4745674133], [-30.8572750092, -15.9333734512, 11.6875295639, 40.4501342773, 27.5062713623, -2.21317076683, -14.388051033, -2.465269804, 10.466714859, -19.6319084167, -13.7636508942, 22.4745674133, 68.8157653809]],
