{
"lowlevel": {
    "average_loudness": 0.20635676384,
    "barkbands_crest": {
        "dmean": 2.46249222755,
        "dmean2": 3.78674554825,
        "dvar": 4.76819133759,
        "dvar2": 10.9103784561,
        "max": 23.0302829742,
        "mean": 10.9921541214,
        "median": 10.2130146027,
        "min": 3.11392378807,
        "var": 16.055765152
    },
    "barkbands_flatness_db": {
        "dmean": 0.0188665762544,
        "dmean2": 0.0272287763655,
        "dvar": 0.000328402034938,
        "dvar2": 0.000616648991127,
        "max": 0.390791445971,
        "mean": 0.21480974555,
        "median": 0.207572758198,
        "min": 0.0209113266319,
        "var": 0.00331833423115
    },
    "barkbands_kurtosis": {
        "dmean": 2.35989284515,
        "dmean2": 3.50320625305,
        "dvar": 10.477807045,
        "dvar2": 23.5311374664,
        "max": 58.5264549255,
        "mean": 4.58662509918,
        "median": 2.84458351135,
        "min": -1.83138096333,
        "var": 45.0107955933
    },
    "barkbands_skewness": {
        "dmean": 0.433587700129,
        "dmean2": 0.62704628706,
        "dvar": 0.166978240013,
        "dvar2": 0.359369754791,
        "max": 6.10889053345,
        "mean": 1.59834635258,
        "median": 1.49607956409,
        "min": -2.13594317436,
        "var": 1.00660872459
    },
    "barkbands_spread": {
        "dmean": 2.66835713387,
        "dmean2": 3.71472644806,
        "dvar": 10.622926712,
        "dvar2": 17.9900627136,
        "max": 56.1214447021,
        "mean": 11.676908493,
        "median": 9.53872203827,
        "min": 1.97946155071,
        "var": 53.3218841553
    },
    "dissonance": {
        "dmean": 0.0286776833236,
        "dmean2": 0.0467892251909,
        "dvar": 0.000689633830916,
        "dvar2": 0.00180235598236,
        "max": 0.499580025673,
        "mean": 0.422168195248,
        "median": 0.433642506599,
        "min": 0.229386240244,
        "var": 0.00252344622277
    },
    "dynamic_complexity": 9.16277313232,
    "erbbands_crest": {
        "dmean": 2.75370430946,
        "dmean2": 4.24285507202,
        "dvar": 6.47232913971,
        "dvar2": 14.5527763367,
        "max": 27.5781612396,
        "mean": 11.7547283173,
        "median": 11.1038370132,
        "min": 2.5004427433,
        "var": 19.3593730927
    },
    "erbbands_flatness_db": {
        "dmean": 0.0171393025666,
        "dmean2": 0.023515664041,
        "dvar": 0.000325031636748,
        "dvar2": 0.00052686186973,
        "max": 0.427190154791,
        "mean": 0.266126215458,
        "median": 0.252691686153,
        "min": 0.0871085748076,
        "var": 0.00440157670528
    },
    "erbbands_kurtosis": {
        "dmean": 1.19259238243,
        "dmean2": 1.77841448784,
        "dvar": 2.66364622116,
        "dvar2": 6.12166690826,
        "max": 23.0710582733,
        "mean": 1.09454572201,
        "median": 0.185811519623,
        "min": -1.80769813061,
        "var": 9.17932796478
    },
    "erbbands_skewness": {
        "dmean": 0.386347204447,
        "dmean2": 0.54100227356,
        "dvar": 0.127537488937,
        "dvar2": 0.264037102461,
        "max": 4.52832794189,
        "mean": 0.740729987621,
        "median": 0.819804251194,
        "min": -4.39628505707,
        "var": 1.00040388107
    },
    "erbbands_spread": {
        "dmean": 4.55370807648,
        "dmean2": 6.59324598312,
        "dvar": 23.5674648285,
        "dvar2": 49.03358078,
        "max": 84.8552932739,
        "mean": 23.791103363,
        "median": 22.5613670349,
        "min": 3.84574818611,
        "var": 99.8664245605
    },
    "hfc": {
        "dmean": 1.34930455685,
        "dmean2": 1.59334969521,
        "dvar": 8.87333679199,
        "dvar2": 12.9401025772,
        "max": 123.936889648,
        "mean": 6.91741228104,
        "median": 0.579911828041,
        "min": 1.27324341292e-07,
        "var": 273.985870361
    },
    "melbands_crest": {
        "dmean": 2.86820459366,
        "dmean2": 4.38809680939,
        "dvar": 6.01633644104,
        "dvar2": 14.1230745316,
        "max": 29.8086833954,
        "mean": 13.7825050354,
        "median": 12.9544067383,
        "min": 2.25287175179,
        "var": 21.2174472809
    },
    "melbands_flatness_db": {
        "dmean": 0.0185063686222,
        "dmean2": 0.0261052232236,
        "dvar": 0.000332579220412,
        "dvar2": 0.000645700783934,
        "max": 0.412895262241,
        "mean": 0.25678384304,
        "median": 0.255787551403,
        "min": 0.00431144284084,
        "var": 0.00244664214551
    },
    "melbands_kurtosis": {
        "dmean": 3.381067276,
        "dmean2": 5.21709775925,
        "dvar": 21.4517593384,
        "dvar2": 51.5761947632,
        "max": 80.1024932861,
        "mean": 7.99033308029,
        "median": 5.66855049133,
        "min": -1.83751773834,
        "var": 74.2977294922
    },
    "melbands_skewness": {
        "dmean": 0.453122735023,
        "dmean2": 0.694643557072,
        "dvar": 0.199978500605,
        "dvar2": 0.457054287195,
        "max": 6.01626491547,
        "mean": 1.97026371956,
        "median": 1.86770164967,
        "min": -0.753034889698,
        "var": 0.771416068077
    },
    "melbands_spread": {
        "dmean": 3.970723629,
        "dmean2": 5.48613739014,
        "dvar": 31.2786922455,
        "dvar2": 52.1040611267,
        "max": 133.904296875,
        "mean": 15.7919006348,
        "median": 11.7747077942,
        "min": 2.13782286644,
        "var": 138.898223877
    },
    "pitch_salience": {
        "dmean": 0.0607212036848,
        "dmean2": 0.0917608588934,
        "dvar": 0.00316887302324,
        "dvar2": 0.00720904720947,
        "max": 0.962861061096,
        "mean": 0.640925884247,
        "median": 0.65471470356,
        "min": 0.243353232741,
        "var": 0.0118706803769
    },
    "silence_rate_20dB": {
        "dmean": 0,
        "dmean2": 0,
        "dvar": 0,
        "dvar2": 0,
        "max": 1,
        "mean": 1,
        "median": 1,
        "min": 1,
        "var": 0
    },
    "silence_rate_30dB": {
        "dmean": 0,
        "dmean2": 0,
        "dvar": 0,
        "dvar2": 0,
        "max": 1,
        "mean": 1,
        "median": 1,
        "min": 1,
        "var": 0
    },
    "silence_rate_60dB": {
        "dmean": 0.0557275526226,
        "dmean2": 0.111541442573,
        "dvar": 0.0526217184961,
        "dvar2": 0.105296857655,
        "max": 1,
        "mean": 0.672080457211,
        "median": 1,
        "min": 0,
        "var": 0.220388576388
    },
    "spectral_centroid": {
        "dmean": 154.181777954,
        "dmean2": 204.688110352,
        "dvar": 99222.140625,
        "dvar2": 118054.617188,
        "max": 10947.0185547,
        "mean": 1013.11724854,
        "median": 859.651855469,
        "min": 337.141479492,
        "var": 301249.40625
    },
    "spectral_complexity": {
        "dmean": 1.26160991192,
        "dmean2": 1.76762199402,
        "dvar": 2.88355255127,
        "dvar2": 4.03897190094,
        "max": 31,
        "mean": 5.76875495911,
        "median": 4,
        "min": 0,
        "var": 27.5357723236
    },
    "spectral_decrease": {
        "dmean": 3.54041324035e-10,
        "dmean2": 4.30657287609e-10,
        "dvar": 5.86443136954e-19,
        "dvar2": 9.72122094617e-19,
        "max": -8.52188386773e-22,
        "mean": -1.63394275887e-09,
        "median": -2.36057812186e-10,
        "min": -1.89763920133e-08,
        "var": 1.10397154097e-17
    },
    "spectral_energy": {
        "dmean": 0.00144917319994,
        "dmean2": 0.00175202195533,
        "dvar": 9.73875830823e-06,
        "dvar2": 1.59263272508e-05,
        "max": 0.0828626453876,
        "mean": 0.00679430644959,
        "median": 0.000956270319875,
        "min": 1.15519130719e-11,
        "var": 0.000196057604626
    },
    "spectral_energyband_high": {
        "dmean": 8.07858157259e-07,
        "dmean2": 1.17942511224e-06,
        "dvar": 2.57328403377e-12,
        "dvar2": 4.57326971431e-12,
        "max": 4.86440694658e-05,
        "mean": 2.89608738058e-06,
        "median": 1.7894371922e-06,
        "min": 8.38557261823e-12,
        "var": 1.28118626819e-11
    },
    "spectral_energyband_low": {
        "dmean": 2.49124641414e-05,
        "dmean2": 3.99200835091e-05,
        "dvar": 1.91402804717e-09,
        "dvar2": 4.62033433735e-09,
        "max": 0.000553431513254,
        "mean": 4.30381587648e-05,
        "median": 1.63338499988e-05,
        "min": 8.25608773513e-14,
        "var": 4.33321556415e-09
    },
    "spectral_energyband_middle_high": {
        "dmean": 0.000557868333999,
        "dmean2": 0.000649727648124,
        "dvar": 2.01720536097e-06,
        "dvar2": 2.91491892312e-06,
        "max": 0.0490507930517,
        "mean": 0.00249476032332,
        "median": 0.000135564376251,
        "min": 1.6783331452e-12,
        "var": 4.63603282697e-05
    },
    "spectral_energyband_middle_low": {
        "dmean": 0.00114176631905,
        "dmean2": 0.00148870388512,
        "dvar": 6.75958335705e-06,
        "dvar2": 1.24259167933e-05,
        "max": 0.0609404034913,
        "mean": 0.00433338526636,
        "median": 0.000729190476704,
        "min": 3.8040667079e-13,
        "var": 6.86646089889e-05
    },
    "spectral_entropy": {
        "dmean": 0.14811834693,
        "dmean2": 0.213126793504,
        "dvar": 0.0241373497993,
        "dvar2": 0.0396243520081,
        "max": 9.80784893036,
        "mean": 6.88893175125,
        "median": 6.94045114517,
        "min": 5.70809412003,
        "var": 0.210418954492
    },
    "spectral_flux": {
        "dmean": 0.0119203906506,
        "dmean2": 0.0192514043301,
        "dvar": 0.000473283347674,
        "dvar2": 0.00129562185612,
        "max": 0.244871631265,
        "mean": 0.0312796197832,
        "median": 0.0164381023496,
        "min": 1.81224550033e-05,
        "var": 0.00138557667378
    },
    "spectral_kurtosis": {
        "dmean": 5.25750732422,
        "dmean2": 9.2752571106,
        "dvar": 32.7799835205,
        "dvar2": 100.495178223,
        "max": 45.4826469421,
        "mean": 10.9525785446,
        "median": 8.0908536911,
        "min": -1.2084788084,
        "var": 65.3224105835
    },
    "spectral_rms": {
        "dmean": 0.000266552873654,
        "dmean2": 0.000309361552354,
        "dvar": 1.58019929586e-07,
        "dvar2": 2.06339734632e-07,
        "max": 0.00899119582027,
        "mean": 0.00178472592961,
        "median": 0.000965891638771,
        "min": 1.06161003544e-07,
        "var": 3.44335194313e-06
    },
    "spectral_rolloff": {
        "dmean": 247.1978302,
        "dmean2": 386.896209717,
        "dvar": 317782.28125,
        "dvar2": 408639.46875,
        "max": 18755.4199219,
        "mean": 1255.48706055,
        "median": 904.39453125,
        "min": 258.3984375,
        "var": 1018484.3125
    },
    "spectral_skewness": {
        "dmean": 0.45714572072,
        "dmean2": 0.784987866879,
        "dvar": 0.204274788499,
        "dvar2": 0.612644791603,
        "max": 4.77564907074,
        "mean": 2.01604104042,
        "median": 1.93139135838,
        "min": 0.0392002761364,
        "var": 0.403093159199
    },
    "spectral_spread": {
        "dmean": 289357.5,
        "dmean2": 420840.5625,
        "dvar": 1.14920849408e+12,
        "dvar2": 1.11594569728e+12,
        "max": 41429796,
        "mean": 2623401.75,
        "median": 2525367.25,
        "min": 1147412.5,
        "var": 2.0074683433e+12
    },
    "spectral_strongpeak": {
        "dmean": 0.24114574492,
        "dmean2": 0.355007380247,
        "dvar": 0.203084111214,
        "dvar2": 0.510466814041,
        "max": 9.67338275909,
        "mean": 0.764717042446,
        "median": 0.250904470682,
        "min": 4.4219843403e-05,
        "var": 1.2602738142
    },
    "zerocrossingrate": {
        "dmean": 0.00530609022826,
        "dmean2": 0.00636316323653,
        "dvar": 0.00013952088193,
        "dvar2": 0.000234430655837,
        "max": 0.49462890625,
        "mean": 0.0411576144397,
        "median": 0.03662109375,
        "min": 0.013671875,
        "var": 0.000529852637555
    },
    "barkbands": {
        "dmean": [1.62968404993e-07, 4.8984602472e-06, 1.31764527396e-05, 2.56528164755e-05, 6.23807500233e-05, 0.000162672600709, 0.00056528596906, 0.000490541220643, 0.00031494180439, 0.00021355462377, 0.000131997905555, 0.000153756787768, 3.50575865014e-05, 3.45735898009e-05, 5.60466178285e-05, 0.00012377803796, 0.000184085802175, 0.000114811948151, 6.71345105729e-06, 8.95606319773e-07, 4.3079705847e-07, 1.71303639718e-07, 7.82419959933e-08, 3.95107626616e-08, 1.39298323987e-08, 1.35413558144e-09, 2.62082633373e-10],
        "dmean2": [2.85625219476e-07, 7.29991643311e-06, 2.2743082809e-05, 3.9890903281e-05, 9.25990243559e-05, 0.000228553297347, 0.000763189047575, 0.000560202286579, 0.000371726579033, 0.000301405758364, 0.000186717661563, 0.000195757078473, 4.85751697852e-05, 4.6479573939e-05, 7.79504844104e-05, 0.00016527918342, 0.000259429914877, 0.000163371048984, 9.60779470915e-06, 1.3768556073e-06, 6.51134143936e-07, 2.75771725455e-07, 1.27815013684e-07, 6.53289120578e-08, 2.27225367411e-08, 2.24465379617e-09, 4.83137418961e-10],
        "dvar": [5.25776118606e-14, 1.28432833812e-10, 5.58246615601e-10, 1.92736537841e-09, 7.98586530237e-09, 1.93252631675e-07, 4.3466934585e-06, 2.20848846766e-06, 1.14368060622e-06, 7.53775736939e-07, 2.26812431947e-07, 3.39539809602e-07, 1.31962414329e-08, 2.96590272342e-08, 3.83541163274e-08, 1.17223642349e-07, 4.95860206229e-07, 2.0125534661e-07, 8.80239936496e-10, 1.03774376245e-11, 6.04863002133e-13, 7.46861204609e-14, 6.14266980448e-15, 1.46474474717e-15, 1.83180178971e-16, 1.55271561707e-18, 4.91395276585e-19],
        "dvar2": [1.42064962225e-13, 2.1001736461e-10, 1.54004520247e-09, 4.64315519366e-09, 1.55726578299e-08, 3.05136410361e-07, 8.62722026795e-06, 2.8118067803e-06, 1.34333663482e-06, 1.33165417537e-06, 4.67916152047e-07, 5.92409719502e-07, 2.16399680397e-08, 5.15868734396e-08, 8.11832236991e-08, 2.04114570579e-07, 1.14354895686e-06, 4.09132638879e-07, 1.52362911177e-09, 2.21132157724e-11, 1.25557008367e-12, 1.60132635776e-13, 1.56624963921e-14, 4.09978515438e-15, 4.85870380523e-16, 4.40041805187e-18, 1.53967335696e-18],
        "max": [2.22457811105e-06, 0.00022979498317, 0.000294098223094, 0.000533861806616, 0.00171478360426, 0.00868983473629, 0.058953538537, 0.0474250242114, 0.0402827598155, 0.023056467995, 0.0126207694411, 0.0110012069345, 0.00280647235923, 0.00516285281628, 0.00371562386863, 0.00723437126726, 0.024064719677, 0.0108063938096, 0.000749054946937, 7.81842027209e-05, 1.55520592671e-05, 7.23281118553e-06, 1.2410147292e-06, 6.35232993318e-07, 2.67225772177e-07, 1.57662345401e-08, 1.10440474543e-08],
        "mean": [1.60947507766e-07, 7.26683629182e-06, 1.67962825799e-05, 4.67464342364e-05, 0.000181077135494, 0.000363268045476, 0.000989999389276, 0.00116457021795, 0.00141679635271, 0.000438410061179, 0.000388120883144, 0.000297375459922, 6.19215570623e-05, 5.81917302043e-05, 0.000103518068499, 0.000293237622827, 0.000668676337227, 0.000282567052636, 1.17280105769e-05, 1.80476627065e-06, 1.13196495022e-06, 4.9302974503e-07, 2.60811816588e-07, 1.41753346838e-07, 5.13695823656e-08, 4.311087487e-09, 3.91656262977e-10],
        "median": [7.23149113924e-08, 2.02515980163e-06, 7.18335058991e-06, 1.42689068525e-05, 8.79940344021e-05, 0.000131990163936, 0.000100828874565, 4.36937625636e-05, 2.95680856652e-05, 1.43841070894e-05, 1.11191029646e-05, 7.21207197785e-06, 3.49289007318e-06, 4.26862425229e-06, 5.85724183111e-06, 8.71305019245e-06, 9.02091233002e-06, 5.32350713911e-06, 1.47098012349e-06, 8.34898287394e-07, 5.99693578351e-07, 3.52029758233e-07, 2.28692641713e-07, 1.29657891534e-07, 4.70679744069e-08, 4.1781960114e-09, 2.1974816411e-10],
        "min": [1.05158242547e-14, 1.47350529131e-14, 3.87070712667e-14, 5.61117246959e-14, 3.97447442253e-14, 2.8875793629e-14, 1.0858706241e-13, 1.78134891278e-14, 9.58938467912e-14, 5.62899573687e-14, 1.01395922095e-13, 1.02470197041e-13, 8.17757116905e-14, 1.51008844101e-13, 1.51392570355e-13, 1.55002868722e-13, 1.94452052659e-13, 2.44455389091e-13, 3.00350266576e-13, 3.412875451e-13, 4.86450235562e-13, 5.67719916217e-13, 7.08632751003e-13, 9.12825912948e-13, 1.31929092217e-12, 1.81947946293e-12, 2.62000469063e-12],
        "var": [5.88707752794e-14, 3.39768269075e-10, 8.28123236651e-10, 5.39608890904e-09, 5.7643518403e-08, 5.51879054456e-07, 9.09503251023e-06, 1.64447483257e-05, 2.73115128948e-05, 4.39877931058e-06, 1.97866438612e-06, 1.21308005419e-06, 4.05001365777e-08, 6.31431618103e-08, 1.09623279343e-07, 6.16683337284e-07, 6.33431955066e-06, 8.53733183703e-07, 2.26885932264e-09, 1.9525806319e-11, 2.37787242154e-12, 2.37740518461e-13, 2.30654356021e-14, 5.95354555856e-15, 6.58880830466e-16, 4.23144655942e-18, 4.36275631178e-19]
    },
    "erbbands": {
        "dmean": [4.70728991786e-05, 0.00149864470586, 0.0117973089218, 0.0509714595973, 0.136063724756, 0.270079702139, 0.435813039541, 1.65851855278, 5.36857652664, 10.0709190369, 8.76005744934, 9.96366500854, 8.81634902954, 5.10301351547, 5.02275133133, 5.27610397339, 1.4399548769, 1.34209167957, 2.38228678703, 3.54069137573, 7.10718154907, 10.4894552231, 5.82620668411, 1.23146319389, 0.13976085186, 0.0420433059335, 0.0223009474576, 0.0149395857006, 0.00675366073847, 0.00373376789503, 0.0021722917445, 0.00112149654888, 0.000564151559956, 0.000226896663662, 6.7247194238e-05, 1.18250009109e-05, 1.61907348684e-06, 3.46963986431e-07, 7.82537824762e-07, 1.71887677425e-06],
        "dmean2": [7.64182914281e-05, 0.00225031096488, 0.0196529235691, 0.0803244262934, 0.201801687479, 0.369664430618, 0.660199165344, 2.27242398262, 7.43097496033, 13.3851919174, 10.0408439636, 10.3037471771, 10.1850624084, 5.78583955765, 6.08239555359, 6.33033514023, 1.93132781982, 1.7192773819, 3.26055312157, 4.45419788361, 9.55605697632, 13.7805309296, 7.77886629105, 1.62193930149, 0.193340748549, 0.0645620971918, 0.0342179536819, 0.0224321000278, 0.0108192479238, 0.00613985816017, 0.00363507913426, 0.00188608083408, 0.000928911089431, 0.000371751491912, 0.000109197346319, 1.90149421542e-05, 2.46054446507e-06, 4.88166165269e-07, 9.37912716381e-07, 2.06950289794e-06],
        "dvar": [5.24472465457e-09, 1.19527867355e-05, 0.000451450789114, 0.0081812152639, 0.0361711531878, 0.256581068039, 0.651032269001, 24.1190490723, 389.718231201, 932.639587402, 668.788269043, 1417.88171387, 1105.00744629, 576.25970459, 404.414611816, 305.44909668, 16.7670974731, 35.0962333679, 93.0410461426, 108.128601074, 383.563262939, 1888.07348633, 277.740783691, 21.7003707886, 0.212965875864, 0.0178463663906, 0.00155542662833, 0.000830681703519, 0.000115494491183, 1.51384238052e-05, 4.62490925202e-06, 1.16716375942e-06, 3.05102389575e-07, 4.97394871957e-08, 4.07872224883e-09, 1.15725366789e-10, 3.50150182286e-12, 4.6355269883e-13, 2.799928258e-12, 1.35727123984e-11],
        "dvar2": [1.17213883044e-08, 1.95483862626e-05, 0.00108986406121, 0.0204345602542, 0.0815370827913, 0.420829802752, 1.49611437321, 37.0651359558, 804.373168945, 1717.07421875, 851.638916016, 1232.41833496, 1506.97729492, 676.913269043, 466.514526367, 371.185028076, 30.4686813354, 59.9824142456, 195.440292358, 164.917755127, 749.325073242, 3214.94555664, 490.768829346, 41.3837966919, 0.380973905325, 0.0365414246917, 0.00335619854741, 0.00159277161583, 0.000246235635132, 3.82133584935e-05, 1.23226300275e-05, 3.25605128637e-06, 8.31352394925e-07, 1.31917929025e-07, 1.06244097964e-08, 2.97497637636e-10, 7.79741549106e-12, 9.71793175444e-13, 4.32614014056e-12, 2.17618284504e-11],
        "max": [0.00117227621377, 0.0684385970235, 0.30590826273, 1.32240378857, 2.98341870308, 9.88519382477, 16.8052959442, 102.764183044, 514.846191406, 634.133972168, 814.83215332, 1111.05664062, 826.602722168, 843.738220215, 698.176513672, 556.907287598, 88.4123687744, 180.762573242, 181.089035034, 287.357208252, 441.873626709, 1739.50317383, 612.93347168, 127.120063782, 12.6162233353, 3.18397521973, 0.853328168392, 0.634121239185, 0.283329308033, 0.0610925108194, 0.0325478315353, 0.0195627901703, 0.0102767068893, 0.00482879253104, 0.0011753711151, 0.000248740048846, 6.5539868956e-05, 2.68502080871e-05, 5.40623841516e-05, 0.00010690248746],
        "mean": [6.81511301082e-05, 0.00228286162019, 0.0169392805547, 0.0931110754609, 0.34721750021, 0.729681193829, 0.984999060631, 3.75436496735, 9.85120868683, 22.4219913483, 22.6554145813, 31.8762989044, 24.7432136536, 15.5921106339, 14.4645662308, 11.6423044205, 3.43606090546, 2.9007973671, 4.55596590042, 8.60877799988, 18.9713592529, 39.5910758972, 21.0584487915, 3.21489048004, 0.336663454771, 0.0955055877566, 0.0544257648289, 0.0384561754763, 0.0194406658411, 0.0112898014486, 0.00696130748838, 0.00379073549993, 0.00197192374617, 0.000827087031212, 0.000249314121902, 4.89997619297e-05, 7.12649989509e-06, 1.58512057169e-06, 3.87722411688e-06, 8.22008678369e-06],
        "median": [3.41174782079e-05, 0.000735134410206, 0.00779124163091, 0.0362808890641, 0.155577987432, 0.233860895038, 0.409294605255, 1.33296811581, 2.0024740696, 1.77138984203, 1.19663655758, 0.777086853981, 0.672256112099, 0.40675675869, 0.445623189211, 0.358387410641, 0.201280385256, 0.256846398115, 0.252394139767, 0.490137189627, 0.533279836178, 0.543304502964, 0.362081974745, 0.139924317598, 0.0728425756097, 0.0408473685384, 0.029377060011, 0.0196302123368, 0.0132110808045, 0.0095478463918, 0.00613864697516, 0.00342919607647, 0.0017833072925, 0.000754287349992, 0.000225181312999, 4.31449661846e-05, 5.36075367563e-06, 5.27007841811e-07, 5.24941867752e-07, 1.07839218799e-06],
        "min": [1.90368798199e-13, 4.72790903649e-12, 3.61802185433e-11, 1.25612950597e-10, 2.1037876996e-10, 7.3918815513e-11, 1.22880997044e-10, 3.09337833126e-10, 1.1405206779e-09, 1.41729872283e-09, 6.06793504332e-10, 1.75775805022e-09, 2.69087174765e-09, 2.76684852807e-09, 3.54155726967e-09, 4.27886437393e-09, 4.52320980671e-09, 7.64605179171e-09, 5.58690915753e-09, 7.43709893669e-09, 1.01159658428e-08, 1.13979519156e-08, 1.24904904197e-08, 1.40919764746e-08, 1.58671813466e-08, 1.68971698855e-08, 1.83874426796e-08, 1.94624121264e-08, 2.01338554717e-08, 2.03215826389e-08, 1.9776857485e-08, 1.84692456884e-08, 1.62906097501e-08, 1.33816620007e-08, 9.98006566277e-09, 6.5164020846e-09, 3.52056850339e-09, 1.42931699809e-09, 3.62238655738e-10, 3.85289994353e-11],
        "var": [1.12383400364e-08, 3.16389341606e-05, 0.000876160338521, 0.0186372455209, 0.221250206232, 1.66985297203, 2.04795455933, 68.6300430298, 760.33026123, 3478.91381836, 5227.98974609, 15985.0830078, 7709.12548828, 5408.22753906, 2860.89208984, 1888.86132812, 71.1236953735, 108.039512634, 256.649536133, 576.128173828, 2142.61523438, 24126.125, 4640.19873047, 78.6277236938, 0.801660358906, 0.0480541177094, 0.00574284838513, 0.00302876462229, 0.000410308915889, 5.75771482545e-05, 1.61376974575e-05, 4.4638682084e-06, 1.23555287246e-06, 1.92246560005e-07, 1.76141536912e-08, 8.41174185862e-10, 6.35088856504e-11, 1.01442673706e-11, 6.77814124272e-11, 2.97110336334e-10]
    },
    "gfcc": {
        "mean": [-213.456176758, 142.037322998, -164.84942627, 5.1824760437, -72.2201843262, -22.0104942322, -50.960811615, -0.797009408474, -9.3775434494, -19.776922226, -8.79198741913, -8.92373561859, -4.15149068832],
        "cov": [[7774.61865234, 1137.11657715, -2078.42626953, -1191.3626709, 511.71484375, -707.932373047, -21.9548358917, 66.8367385864, 452.305786133, -695.466003418, 66.1981506348, -46.1742286682, 39.5053825378], [1137.11657715, 374.850799561, -178.806533813, -186.547866821, 45.6341819763, -55.7514572144, -1.55100798607, -25.39868927, 77.3392715454, -79.6647796631, 36.5167694092, -26.3301239014, -3.73666143417], [-2078.42626953, -178.806533813, 1099.92883301, 655.637390137, -352.552307129, 392.618804932, 33.8080062866, -67.7476806641, -193.853103638, 330.756988525, 11.4427890778, -23.5041503906, 14.0853204727], [-1191.3626709, -186.547866821, 655.637390137, 802.942443848, -89.4636077881, 238.798156738, -73.5978775024, -63.8705863953, -145.036987305, 293.284790039, 31.3968868256, -44.1018409729, 8.47741317749], [511.71484375, 45.6341819763, -352.552307129, -89.4636077881, 312.206268311, -116.158355713, -91.9367599487, -0.54480856657, 120.12991333, -47.2900009155, 5.58004999161, -4.39876174927, -36.2617034912], [-707.932373047, -55.7514572144, 392.618804932, 238.798156738, -116.158355713, 289.785308838, 80.0194549561, -18.5123443604, -104.883758545, 140.43548584, 13.3166799545, -5.37899017334, -0.618096530437], [-21.9548358917, -1.55100798607, 33.8080062866, -73.5978775024, -91.9367599487, 80.0194549561, 205.301544189, 101.241546631, -57.23695755, -48.4693756104, 12.6975755692, 39.8376960754, 2.17660331726], [66.8367385864, -25.39868927, -67.7476806641, -63.8705863953, -0.54480856657, -18.5123443604, 101.241546631, 119.541816711, 16.0596218109, -55.7434387207, -4.95872879028, 33.586151123, -7.50268411636], [452.305786133, 77.3392715454, -193.853103638, -145.036987305, 120.12991333, -104.883758545, -57.23695755, 16.0596218109, 142.939315796, -21.4269523621, -2.7487552166, -17.7721157074, -16.8386135101], [-695.466003418, -79.6647796631, 330.756988525, 293.284790039, -47.2900009155, 140.43548584, -48.4693756104, -55.7434387207, -21.4269523621, 236.725814819, 47.0620269775, -48.018825531, -26.5914402008], [66.1981506348, 36.5167694092, 11.4427890778, 31.3968868256, 5.58004999161, 13.3166799545, 12.6975755692, -4.95872879028, -2.7487552166, 47.0620269775, 75.3358154297, 12.3034534454, -20.2468204498], [-46.1742286682, -26.3301239014, -23.5041503906, -44.1018409729, -4.39876174927, -5.37899017334, 39.8376960754, 33.586151123, -17.7721157074, -48.018825531, 12.3034534454, 73.0155715942, 17.1633281708], [39.5053825378, -3.73666143417, 14.0853204727, 8.47741317749, -36.2617034912, -0.618096530437, 2.17660331726, -7.50268411636, -16.8386135101, -26.5914402008, -20.2468204498, 17.1633281708, 72.8725967407]],
        "icov": [[0.000698121322785, -0.00140752585139, 0.00176831334829, -0.00104077602737, 0.00119023548905, -0.000457157904748, -0.000399170385208, 0.000578990438953, -0.00153271027375, 0.000916085671633, -0.000378231081413, 0.000200285940082, -0.000183569412911], [-0.00140752585139, 0.00884687993675, -0.00419991416857, 0.00175943190698, -0.00167367095128, -0.00131655228324, -0.000205308228033, 0.00241822516546, -0.00286771613173, 0.00567885721102, -0.00726168695837, 0.00521439872682, -0.000601205392741], [0.00176831334829, -0.00419991416857, 0.0102266408503, -0.0057304459624, 0.00815930217505, -0.00369238341227, -0.00164115813095, 0.00360905518755, -0.00627056835219, -0.00100394512992, 0.0035864287056, -0.0044154310599, 0.00218646321446], [-0.00104077602737, 0.00175943190698, -0.0057304459624, 0.00766133330762, -0.00592478504404, 0.00125472433865, 0.00539131602272, -0.0075915157795, 0.0104603590444, -0.00505584990606, -0.0014359614579, 0.00336087867618, -0.00362774403766], [0.00119023548905, -0.00167367095128, 0.00815930217505, -0.00592478504404, 0.0131404669955, -0.00433233845979, 0.000558544648811, 0.0041578989476, -0.0116143925115, 0.00381270679645, 0.000173548862222, -0.00407417304814, 0.00500982115045], [-0.000457157904748, -0.00131655228324, -0.00369238341227, 0.00125472433865, -0.00433233845979, 0.0130478851497, -0.00773633783683, 0.00326012354344, 0.00655267527327, -0.00910288188607, 0.00716777937487, -0.00343407690525, 0.000262402172666], [-0.000399170385208, -0.000205308228033, -0.00164115813095, 0.00539131602272, 0.000558544648811, -0.00773633783683, 0.0244851317257, -0.0222352463752, 0.0112191792578, 0.00223054899834, -0.00844232086092, 0.00507024629042, -0.00304580829106], [0.000578990438953, 0.00241822516546, 0.00360905518755, -0.0075915157795, 0.0041578989476, 0.00326012354344, -0.0222352463752, 0.0342656411231, -0.01911759004, 0.00549053028226, 0.00542081333697, -0.00904515665025, 0.00750680454075], [-0.00153271027375, -0.00286771613173, -0.00627056835219, 0.0104603590444, -0.0116143925115, 0.00655267527327, 0.0112191792578, -0.01911759004, 0.0342308431864, -0.0160412788391, 0.00554951094091, 0.00262584467418, -0.00436856457964], [0.000916085671633, 0.00567885721102, -0.00100394512992, -0.00505584990606, 0.00381270679645, -0.00910288188607, 0.00223054899834, 0.00549053028226, -0.0160412788391, 0.0303007364273, -0.0216615293175, 0.0145516460761, 0.000799944915343], [-0.000378231081413, -0.00726168695837, 0.0035864287056, -0.0014359614579, 0.000173548862222, 0.00716777937487, -0.00844232086092, 0.00542081333697, 0.00554951094091, -0.0216615293175, 0.0372980311513, -0.0212152767926, 0.00900147482753], [0.000200285940082, 0.00521439872682, -0.0044154310599, 0.00336087867618, -0.00407417304814, -0.00343407690525, 0.00507024629042, -0.00904515665025, 0.00262584467418, 0.0145516460761, -0.0212152767926, 0.0334284976125, -0.0103688631207], [-0.000183569412911, -0.000601205392741, 0.00218646321446, -0.00362774403766, 0.00500982115045, 0.000262402172666, -0.00304580829106, 0.00750680454075, -0.00436856457964, 0.000799944915343, 0.00900147482753, -0.0103688631207, 0.0213752016425]]
    },
    "melbands": {
        "dmean": [8.41017879338e-07, 4.71442308481e-06, 1.05471144707e-05, 1.44763653225e-05, 1.40078973345e-05, 3.65831765521e-05, 9.43786581047e-05, 0.000112621615699, 6.27457120572e-05, 5.94471894146e-05, 4.60515730083e-05, 2.23156675929e-05, 1.71277224581e-05, 1.9137882191e-05, 7.7040922406e-06, 2.73959585684e-06, 2.6657635317e-06, 4.03991316489e-06, 3.9628275772e-06, 6.71826819598e-06, 9.00072427612e-06, 1.35760574267e-05, 9.71139525063e-06, 3.49414472112e-06, 8.31168790683e-07, 1.29903597212e-07, 4.99835977052e-08, 2.59980659223e-08, 1.58995039357e-08, 1.24138379576e-08, 9.00533159154e-09, 4.59134419373e-09, 3.04201064338e-09, 2.09827422104e-09, 1.55253332412e-09, 1.00206287712e-09, 7.04976299559e-10, 4.8946902087e-10, 3.21609155973e-10, 1.95242530476e-10],
        "dmean2": [1.28766487251e-06, 7.7145459727e-06, 1.63785152836e-05, 2.05284904951e-05, 2.1228011974e-05, 5.11738835485e-05, 0.000128563537146, 0.000144731035107, 7.38593444112e-05, 6.30676440778e-05, 5.13149643666e-05, 2.44248822128e-05, 2.07010889426e-05, 2.31607846217e-05, 9.51798938331e-06, 3.57695762432e-06, 3.56283476322e-06, 5.75319245399e-06, 5.33963429916e-06, 8.41787550598e-06, 1.25062406369e-05, 1.88850535778e-05, 1.27398216136e-05, 4.67354766442e-06, 1.14261865747e-06, 1.96156960897e-07, 7.49667279365e-08, 4.08240445893e-08, 2.5390784586e-08, 1.88885938002e-08, 1.37366473751e-08, 7.39738892364e-09, 4.99041696855e-09, 3.50150775041e-09, 2.61867838525e-09, 1.69884750711e-09, 1.19315579639e-09, 8.17971523848e-10, 5.37669020417e-10, 3.28823912543e-10],
        "dvar": [3.07592384723e-12, 7.73949584976e-11, 2.62786542526e-10, 5.1322746053e-10, 5.92892457352e-10, 1.09506190782e-08, 1.30175592972e-07, 1.06912764863e-07, 3.34618057707e-08, 4.83105750959e-08, 3.06876906109e-08, 1.00166781536e-08, 3.85054876872e-09, 5.49702594554e-09, 5.68768976361e-10, 7.81210582335e-11, 1.7986158396e-10, 3.42821548927e-10, 2.20298251863e-10, 3.97768984417e-10, 6.66662502979e-10, 3.76291620086e-09, 1.24018739722e-09, 9.6512055292e-11, 1.43845005351e-11, 2.1121228681e-13, 3.75777832245e-14, 5.63089165071e-15, 7.85290651086e-16, 4.58614766104e-16, 3.34075670688e-16, 6.64186922781e-17, 1.3639191696e-17, 4.55937528223e-18, 2.24464165292e-18, 1.04532540748e-18, 4.85159937429e-19, 2.30056971228e-19, 1.00014698669e-19, 3.69546557573e-20],
        "dvar2": [5.43187500188e-12, 1.71918326797e-10, 6.36572072832e-10, 9.08308595005e-10, 1.33609212583e-09, 1.77341963337e-08, 2.69040071998e-07, 1.80613653811e-07, 4.28731077307e-08, 4.38930705116e-08, 3.72297037643e-08, 1.11265823222e-08, 4.89249485369e-09, 7.34811411718e-09, 8.5912843506e-10, 1.30810889898e-10, 3.24936577645e-10, 7.55399909291e-10, 4.71667871427e-10, 5.81011738721e-10, 1.42312572837e-09, 7.47560235936e-09, 2.34833175128e-09, 1.68564065484e-10, 2.82376032279e-11, 3.9185492416e-13, 7.74138172728e-14, 1.16655596722e-14, 1.67264951347e-15, 1.08270239477e-15, 6.77732236922e-16, 1.4811124148e-16, 3.58799913909e-17, 1.1672616939e-17, 6.1809962851e-18, 2.79616866904e-18, 1.38168971818e-18, 6.11699287501e-19, 2.78634729513e-19, 9.99436839214e-20],
        "max": [3.48412831954e-05, 0.000126565399114, 0.000201123388251, 0.000336637662258, 0.000545493152458, 0.00206782179885, 0.0101582668722, 0.00661255838349, 0.00532846711576, 0.00772263295949, 0.00404610671103, 0.00375722208992, 0.00205578329042, 0.00149943702854, 0.000634226889815, 0.000227706157602, 0.00040767545579, 0.000405544793466, 0.000345511041814, 0.000571664073505, 0.000517407665029, 0.00194662006106, 0.00113523681648, 0.000209269026527, 0.000108349770017, 1.12374536911e-05, 4.4550192797e-06, 2.14352849071e-06, 4.98884617173e-07, 4.19135631091e-07, 3.81392339932e-07, 2.31615317148e-07, 6.69104096573e-08, 3.23255235912e-08, 2.0208611673e-08, 1.62333737563e-08, 9.38193611688e-09, 8.1448039424e-09, 4.73192862671e-09, 3.35711192179e-09],
        "mean": [1.23921927297e-06, 6.70837698635e-06, 2.26353095059e-05, 3.92423171434e-05, 3.40968472301e-05, 8.26253308333e-05, 0.000169604929397, 0.000264063302893, 0.000160152063472, 0.000220010304474, 0.000118781244964, 5.95657656959e-05, 5.21297006344e-05, 3.69098015653e-05, 1.60092258739e-05, 5.55053065909e-06, 5.04618401465e-06, 6.77042635289e-06, 8.39823587739e-06, 1.58566308528e-05, 2.21773498197e-05, 4.11191613239e-05, 3.255775664e-05, 1.00679144452e-05, 1.6591587837e-06, 2.38552416931e-07, 8.82454145312e-08, 5.06951138846e-08, 3.32122382929e-08, 2.83217520547e-08, 1.98304697108e-08, 1.1289034596e-08, 7.87548071202e-09, 5.56737544954e-09, 4.18271595137e-09, 3.00363334205e-09, 2.02178918052e-09, 1.46124889966e-09, 9.84818115946e-10, 5.88838644511e-10],
        "median": [4.42950863544e-07, 2.73084447144e-06, 9.98799532681e-06, 1.65051897056e-05, 1.40253041536e-05, 2.94955007121e-05, 2.97291317111e-05, 1.59721057571e-05, 7.01109411239e-06, 4.37841708845e-06, 3.09966299028e-06, 1.40114696023e-06, 1.62404933235e-06, 1.00999875485e-06, 5.1056031225e-07, 4.09432630022e-07, 4.06648865692e-07, 3.1784196608e-07, 5.13162262905e-07, 6.30075135177e-07, 5.63708681511e-07, 5.67329379919e-07, 3.71041608105e-07, 2.27793890417e-07, 9.3420467806e-08, 4.83635993476e-08, 3.38511796372e-08, 2.33021584251e-08, 1.83987385327e-08, 1.43275702413e-08, 1.00269206271e-08, 7.50649498116e-09, 6.15187900621e-09, 4.72805927743e-09, 3.64830610167e-09, 2.64945021478e-09, 1.79051773408e-09, 1.31112498636e-09, 8.93641993738e-10, 5.37256628075e-10],
        "min": [3.37666486874e-15, 1.46508171805e-14, 2.55409164955e-14, 1.04545270214e-14, 3.50145780934e-15, 6.53249088395e-15, 1.94177864705e-14, 1.27421122902e-14, 6.04779830274e-15, 1.23761864336e-14, 1.28667608116e-14, 9.83411519806e-15, 1.27536022921e-14, 8.45478387686e-15, 1.5103945926e-14, 7.22108293028e-15, 1.56774516058e-14, 6.74738864838e-15, 1.49996592295e-14, 9.5944412964e-15, 1.07200142521e-14, 1.2220864308e-14, 1.08535794894e-14, 1.15647144706e-14, 1.12923315447e-14, 1.11837834254e-14, 1.11389203254e-14, 1.12239048351e-14, 1.14671489806e-14, 1.12443318816e-14, 1.09842893787e-14, 1.17802852027e-14, 1.09638877431e-14, 1.12955985507e-14, 1.12533002665e-14, 1.14218970924e-14, 1.12691965338e-14, 1.12171632998e-14, 1.12295791088e-14, 1.12631173783e-14],
        "var": [7.83280384997e-12, 1.63583785406e-10, 8.65604810052e-10, 3.15504911086e-09, 2.2007646816e-09, 3.14289572145e-08, 2.49267401387e-07, 5.25732275491e-07, 2.57178243146e-07, 7.67557821746e-07, 1.90732777128e-07, 9.55379491074e-08, 3.55385871842e-08, 2.02681516015e-08, 2.81695644588e-09, 3.03130381907e-10, 4.27042706752e-10, 7.08823777451e-10, 6.16990625257e-10, 2.1190911248e-09, 3.05356384622e-09, 2.80146679188e-08, 1.58590545141e-08, 7.61836760343e-10, 3.393564596e-11, 6.33297776199e-13, 7.51083968783e-14, 1.53288856895e-14, 2.10245774783e-15, 1.59530862912e-15, 9.39726515529e-16, 1.73718979769e-16, 4.27853910974e-17, 1.31562340236e-17, 6.43078952725e-18, 3.04292884668e-18, 1.3652026644e-18, 7.61854799158e-19, 2.88963888919e-19, 1.04499129113e-19]
    },
    "mfcc": {
        "mean": [-836.673461914, 162.861404419, -33.8365898132, 8.57705116272, -7.0126657486, -25.3650245667, -29.0369262695, -2.24881672859, -5.56400632858, -13.735042572, -6.77452945709, 1.02444529533, -2.86030626297],
        "cov": [[5696.01367188, 1768.38195801, -2522.10693359, -611.937866211, 6.49063587189, -654.577148438, -625.995605469, 493.922637939, 178.533584595, -450.966827393, -26.6164913177, 261.209106445, -193.882278442], [1768.38195801, 809.793518066, -580.139892578, -275.660949707, -46.6623649597, -167.079467773, -182.935913086, 129.466033936, 43.1431083679, -126.661849976, -7.75938749313, 86.1888046265, -18.772195816], [-2522.10693359, -580.139892578, 1504.09423828, 366.598480225, -106.83165741, 367.108398438, 368.217773438, -246.441970825, -109.731933594, 259.464019775, 10.5727958679, -142.70741272, 125.537742615], [-611.937866211, -275.660949707, 366.598480225, 399.875396729, 131.179046631, 119.177314758, 86.435798645, -136.054244995, -53.8064308167, 109.708480835, 32.972328186, -61.7035675049, 28.5464992523], [6.49063587189, -46.6623649597, -106.83165741, 131.179046631, 286.666595459, 81.8024520874, -110.050178528, -107.059768677, -17.6125850677, 22.4168720245, 39.1691055298, 10.1413078308, 4.30613517761], [-654.577148438, -167.079467773, 367.108398438, 119.177314758, 81.8024520874, 245.360321045, 124.832237244, -132.349212646, -49.8736076355, 106.70022583, 28.0936889648, -33.700176239, 43.6872596741], [-625.995605469, -182.935913086, 368.217773438, 86.435798645, -110.050178528, 124.832237244, 266.476257324, 25.4505214691, -35.8978652954, 72.7403564453, 21.1847419739, -27.2031974792, 29.4197654724], [493.922637939, 129.466033936, -246.441970825, -136.054244995, -107.059768677, -132.349212646, 25.4505214691, 242.513198853, 79.9248504639, -102.970985413, -16.7906837463, 50.3154983521, -32.8715400696], [178.533584595, 43.1431083679, -109.731933594, -53.8064308167, -17.6125850677, -49.8736076355, -35.8978652954, 79.9248504639, 94.8216094971, -12.7877607346, -27.3361854553, 10.9707994461, -14.1107826233], [-450.966827393, -126.661849976, 259.464019775, 109.708480835, 22.4168720245, 106.70022583, 72.7403564453, -102.970985413, -12.7877607346, 157.743286133, 54.0132369995, -39.2271385193, 27.8394546509], [-26.6164913177, -7.75938749313, 10.5727958679, 32.972328186, 39.1691055298, 28.0936889648, 21.1847419739, -16.7906837463, -27.3361854553, 54.0132369995, 115.453041077, 48.4269866943, 6.49346876144], [261.209106445, 86.1888046265, -142.70741272, -61.7035675049, 10.1413078308, -33.700176239, -27.2031974792, 50.3154983521, 10.9707994461, -39.2271385193, 48.4269866943, 103.82093811, 19.4769058228], [-193.882278442, -18.772195816, 125.537742615, 28.5464992523, 4.30613517761, 43.6872596741, 29.4197654724, -32.8715400696, -14.1107826233, 27.8394546509, 6.49346876144, 19.4769058228, 74.3455123901]],
