{
"lowlevel": {
    "average_loudness": 0.960261642933,
    "barkbands_crest": {
        "dmean": 2.19776773453,
        "dmean2": 3.70811009407,
        "dvar": 5.70328617096,
        "dvar2": 16.2064437866,
        "max": 24.4284172058,
        "mean": 9.686419487,
        "median": 9.13828659058,
        "min": 3.02493476868,
        "var": 12.4466199875
    },
    "barkbands_flatness_db": {
        "dmean": 0.0221925210208,
        "dmean2": 0.0334478057921,
        "dvar": 0.000675719347782,
        "dvar2": 0.00153586443048,
        "max": 0.400110244751,
        "mean": 0.160860970616,
        "median": 0.148920625448,
        "min": 0.0285366419703,
        "var": 0.00444302568212
    },
    "barkbands_kurtosis": {
        "dmean": 4.59677886963,
        "dmean2": 7.5179066658,
        "dvar": 92.9558181763,
        "dvar2": 256.146728516,
        "max": 148.588500977,
        "mean": 8.54222106934,
        "median": 3.43756008148,
        "min": -1.87911748886,
        "var": 175.331420898
    },
    "barkbands_skewness": {
        "dmean": 0.581813097,
        "dmean2": 0.926526963711,
        "dvar": 0.56859844923,
        "dvar2": 1.45823991299,
        "max": 11.2584991455,
        "mean": 2.22466230392,
        "median": 1.91158223152,
        "min": -1.93299078941,
        "var": 1.8517935276
    },
    "barkbands_spread": {
        "dmean": 5.45816087723,
        "dmean2": 8.434466362,
        "dvar": 53.8298988342,
        "dvar2": 110.782043457,
        "max": 101.184890747,
        "mean": 22.1894130707,
        "median": 21.0920848846,
        "min": 1.1121186018,
        "var": 213.928161621
    },
    "dissonance": {
        "dmean": 0.0171847362071,
        "dmean2": 0.0285473745316,
        "dvar": 0.000308473419864,
        "dvar2": 0.000814765749965,
        "max": 0.4996560812,
        "mean": 0.460048437119,
        "median": 0.469127595425,
        "min": 0.285497874022,
        "var": 0.00106975168455
    },
    "dynamic_complexity": 2.24532294273,
    "erbbands_crest": {
        "dmean": 2.21012115479,
        "dmean2": 3.60623431206,
        "dvar": 5.07412910461,
        "dvar2": 13.0715808868,
        "max": 26.7185993195,
        "mean": 8.34694957733,
        "median": 7.44421768188,
        "min": 2.25576376915,
        "var": 16.1088829041
    },
    "erbbands_flatness_db": {
        "dmean": 0.0153234601021,
        "dmean2": 0.0208064969629,
        "dvar": 0.000306374218781,
        "dvar2": 0.000528063450474,
        "max": 0.290242671967,
        "mean": 0.134314998984,
        "median": 0.123028621078,
        "min": 0.0461162738502,
        "var": 0.00157445133664
    },
    "erbbands_kurtosis": {
        "dmean": 0.748338282108,
        "dmean2": 1.16522014141,
        "dvar": 1.45758450031,
        "dvar2": 3.15977835655,
        "max": 17.6887702942,
        "mean": 0.20059902966,
        "median": -0.423033475876,
        "min": -1.90250194073,
        "var": 3.76087379456
    },
    "erbbands_skewness": {
        "dmean": 0.318826705217,
        "dmean2": 0.487655699253,
        "dvar": 0.116420775652,
        "dvar2": 0.252130955458,
        "max": 3.76449108124,
        "mean": 0.39032381773,
        "median": 0.220723479986,
        "min": -1.63195264339,
        "var": 0.575486719608
    },
    "erbbands_spread": {
        "dmean": 9.2408208847,
        "dmean2": 13.9934015274,
        "dvar": 121.330421448,
        "dvar2": 244.116088867,
        "max": 175.393585205,
        "mean": 49.1716423035,
        "median": 47.936832428,
        "min": 8.66533851624,
        "var": 397.948181152
    },
    "hfc": {
        "dmean": 5.53172588348,
        "dmean2": 8.0567445755,
        "dvar": 54.7920951843,
        "dvar2": 107.085281372,
        "max": 96.7550964355,
        "mean": 26.5264511108,
        "median": 20.6965694427,
        "min": 1.13642863583e-16,
        "var": 398.652709961
    },
    "melbands_crest": {
        "dmean": 2.89464473724,
        "dmean2": 4.85276794434,
        "dvar": 6.68747282028,
        "dvar2": 17.8534355164,
        "max": 29.7711029053,
        "mean": 15.6493053436,
        "median": 15.2021875381,
        "min": 1.66124904156,
        "var": 20.8637962341
    },
    "melbands_flatness_db": {
        "dmean": 0.0272853448987,
        "dmean2": 0.0404106304049,
        "dvar": 0.00101340585388,
        "dvar2": 0.00223123910837,
        "max": 0.515612900257,
        "mean": 0.224165797234,
        "median": 0.2110170573,
        "min": 0.00324643380009,
        "var": 0.00728668179363
    },
    "melbands_kurtosis": {
        "dmean": 11.7832193375,
        "dmean2": 19.2807044983,
        "dvar": 466.917938232,
        "dvar2": 1265.65356445,
        "max": 335.505249023,
        "mean": 26.006319046,
        "median": 14.4893627167,
        "min": -1.33722949028,
        "var": 1017.88885498
    },
    "melbands_skewness": {
        "dmean": 0.844454228878,
        "dmean2": 1.35012638569,
        "dvar": 1.02936756611,
        "dvar2": 2.51345920563,
        "max": 13.9030742645,
        "mean": 3.70239448547,
        "median": 3.21830248833,
        "min": -0.0576368421316,
        "var": 3.51570224762
    },
    "melbands_spread": {
        "dmean": 4.85619115829,
        "dmean2": 7.54469251633,
        "dvar": 40.2064056396,
        "dvar2": 80.8858261108,
        "max": 147.352706909,
        "mean": 17.7032051086,
        "median": 15.0533075333,
        "min": 0.904149889946,
        "var": 174.400161743
    },
    "pitch_salience": {
        "dmean": 0.0659597739577,
        "dmean2": 0.110260136425,
        "dvar": 0.00453116372228,
        "dvar2": 0.012442804873,
        "max": 0.98804807663,
        "mean": 0.531221032143,
        "median": 0.5323959589,
        "min": 0.178258284926,
        "var": 0.0126341488212
    },
    "silence_rate_20dB": {
        "dmean": 0,
        "dmean2": 0,
        "dvar": 0,
        "dvar2": 0,
        "max": 1,
        "mean": 1,
        "median": 1,
        "min": 1,
        "var": 0
    },
    "silence_rate_30dB": {
        "dmean": 0.0162287484854,
        "dmean2": 0.0324700437486,
        "dvar": 0.0159652456641,
        "dvar2": 0.0437844879925,
        "max": 1,
        "mean": 0.989957511425,
        "median": 1,
        "min": 0,
        "var": 0.00994180887938
    },
    "silence_rate_60dB": {
        "dmean": 0.00154559500515,
        "dmean2": 0.00309238489717,
        "dvar": 0.00154320150614,
        "dvar2": 0.00385589292273,
        "max": 1,
        "mean": 0.0336037091911,
        "median": 0,
        "min": 0,
        "var": 0.0324744395912
    },
    "spectral_centroid": {
        "dmean": 212.429016113,
        "dmean2": 334.418518066,
        "dvar": 102367.8125,
        "dvar2": 139944.796875,
        "max": 11770.3271484,
        "mean": 1196.43432617,
        "median": 1171.87963867,
        "min": 177.676879883,
        "var": 470651.5625
    },
    "spectral_complexity": {
        "dmean": 3.4095826149,
        "dmean2": 5.38693475723,
        "dvar": 16.9481220245,
        "dvar2": 33.5783462524,
        "max": 57,
        "mean": 23.1676330566,
        "median": 18,
        "min": 0,
        "var": 210.949035645
    },
    "spectral_decrease": {
        "dmean": 3.15446357924e-09,
        "dmean2": 5.18114751102e-09,
        "dvar": 2.37994635677e-17,
        "dvar2": 5.99890769337e-17,
        "max": -4.46774159048e-29,
        "mean": -1.04033821557e-08,
        "median": -9.51438039465e-09,
        "min": -4.35610516547e-08,
        "var": 3.58591067348e-17
    },
    "spectral_energy": {
        "dmean": 0.0120905973017,
        "dmean2": 0.0198171250522,
        "dvar": 0.000342763029039,
        "dvar2": 0.000860886008013,
        "max": 0.167401835322,
        "mean": 0.0416708178818,
        "median": 0.0382505729795,
        "min": 1.06474567279e-20,
        "var": 0.000552052166313
    },
    "spectral_energyband_high": {
        "dmean": 0.000454931810964,
        "dmean2": 0.000638238096144,
        "dvar": 4.77123649034e-07,
        "dvar2": 9.05051763311e-07,
        "max": 0.00900894217193,
        "mean": 0.00141609855928,
        "median": 0.000861388689373,
        "min": 7.73796282212e-21,
        "var": 2.47180651058e-06
    },
    "spectral_energyband_low": {
        "dmean": 0.0102974241599,
        "dmean2": 0.0170808583498,
        "dvar": 0.000354451593012,
        "dvar2": 0.00091789837461,
        "max": 0.14847445488,
        "mean": 0.0209828279912,
        "median": 0.0165694765747,
        "min": 6.64075290027e-23,
        "var": 0.000376471201889
    },
    "spectral_energyband_middle_high": {
        "dmean": 0.00164467678405,
        "dmean2": 0.00253917323425,
        "dvar": 5.23151857124e-06,
        "dvar2": 1.26855511553e-05,
        "max": 0.0318235121667,
        "mean": 0.00585648370907,
        "median": 0.00404828134924,
        "min": 1.56515496592e-21,
        "var": 3.25707078446e-05
    },
    "spectral_energyband_middle_low": {
        "dmean": 0.00503446534276,
        "dmean2": 0.00845813751221,
        "dvar": 4.12639674323e-05,
        "dvar2": 0.00010996585479,
        "max": 0.0767069160938,
        "mean": 0.0163115672767,
        "median": 0.0146898832172,
        "min": 2.85006130187e-22,
        "var": 0.000101362449641
    },
    "spectral_entropy": {
        "dmean": 0.177538484335,
        "dmean2": 0.241833150387,
        "dvar": 0.0571159347892,
        "dvar2": 0.0974991470575,
        "max": 9.80982208252,
        "mean": 7.53599071503,
        "median": 7.74311161041,
        "min": 5.46085548401,
        "var": 0.356740385294
    },
    "spectral_flux": {
        "dmean": 0.0274850744754,
        "dmean2": 0.041998423636,
        "dvar": 0.00135847262572,
        "dvar2": 0.00262431660667,
        "max": 0.332265734673,
        "mean": 0.0897113904357,
        "median": 0.0812170356512,
        "min": 1.03186514888e-10,
        "var": 0.00309732719325
    },
    "spectral_kurtosis": {
        "dmean": 1.58101654053,
        "dmean2": 2.41453480721,
        "dvar": 8.51758861542,
        "dvar2": 18.3991241455,
        "max": 55.0251617432,
        "mean": 4.1587433815,
        "median": 2.74651432037,
        "min": -1.20653629303,
        "var": 19.6651287079
    },
    "spectral_rms": {
        "dmean": 0.000841535395011,
        "dmean2": 0.00135031365789,
        "dvar": 1.21916912121e-06,
        "dvar2": 2.95182076115e-06,
        "max": 0.0127796269953,
        "mean": 0.00609192531556,
        "median": 0.00610881624743,
        "min": 3.22300519606e-12,
        "var": 3.54285225512e-06
    },
    "spectral_rolloff": {
        "dmean": 415.812438965,
        "dmean2": 685.849853516,
        "dvar": 770788.9375,
        "dvar2": 1560520.625,
        "max": 18518.5546875,
        "mean": 1080.48681641,
        "median": 667.529296875,
        "min": 86.1328125,
        "var": 1681092
    },
    "spectral_skewness": {
        "dmean": 0.221012145281,
        "dmean2": 0.322375208139,
        "dvar": 0.0902556926012,
        "dvar2": 0.176414102316,
        "max": 5.66172075272,
        "mean": 1.53898501396,
        "median": 1.32514572144,
        "min": -0.0847930237651,
        "var": 0.399478524923
    },
    "spectral_spread": {
        "dmean": 666882.75,
        "dmean2": 920310.625,
        "dvar": 1.49349911757e+12,
        "dvar2": 2.01371838054e+12,
        "max": 40246000,
        "mean": 5271720,
        "median": 5109076.5,
        "min": 1331561.125,
        "var": 3.46925327974e+12
    },
    "spectral_strongpeak": {
        "dmean": 0.321606963873,
        "dmean2": 0.575124740601,
        "dvar": 0.454346418381,
        "dvar2": 1.18386673927,
        "max": 7.96201324463,
        "mean": 0.701939642429,
        "median": 0.507551014423,
        "min": 0,
        "var": 0.658874392509
    },
    "zerocrossingrate": {
        "dmean": 0.0104110697284,
        "dmean2": 0.0125218564644,
        "dvar": 0.000264959468041,
        "dvar2": 0.000374611699954,
        "max": 0.50341796875,
        "mean": 0.0544334575534,
        "median": 0.05126953125,
        "min": 0.0048828125,
        "var": 0.00114841538016
    },
    "barkbands": {
        "dmean": [0.000135715454235, 0.00692204385996, 0.00428933883086, 0.00246975687332, 0.0023401256185, 0.00117738137487, 0.000606762594543, 0.000556138111278, 0.000753913016524, 0.000425676465966, 0.000394870672608, 0.000444668985438, 0.000437520444393, 0.00040155206807, 0.000186438643141, 0.000214420841075, 0.000195792599698, 0.00019372193492, 0.000176392510184, 0.000183885582373, 0.000117597199278, 0.000109072097985, 9.86908999039e-05, 9.37733639148e-05, 7.74726649979e-05, 4.67003919766e-05, 9.060759254e-09],
        "dmean2": [0.000214942599996, 0.0118838045746, 0.00719800358638, 0.00429520476609, 0.00404309062287, 0.00188881205395, 0.000997114693746, 0.000900961691514, 0.00117123208474, 0.000690135057084, 0.000625782413408, 0.000702708668541, 0.000702721299604, 0.000637571618427, 0.00030454742955, 0.000355782394763, 0.000325720320689, 0.000321818923112, 0.000295285106404, 0.000300757121295, 0.000187029028893, 0.000167985403095, 0.000144913647091, 0.000136725997436, 0.000110333057819, 6.95987473591e-05, 1.52420458477e-08],
        "dvar": [1.19381439845e-07, 0.000245281145908, 4.66764577141e-05, 8.49990465213e-06, 1.6853777197e-05, 4.43776616521e-06, 2.02191881726e-06, 1.76683136033e-06, 1.8577834453e-06, 1.03746117475e-06, 9.76983301371e-07, 9.78272964858e-07, 8.85670601747e-07, 6.4996487481e-07, 2.01141347134e-07, 2.14216399286e-07, 1.16795327187e-07, 1.10602329073e-07, 6.39889634613e-08, 8.20387597855e-08, 3.52722793195e-08, 2.86864842991e-08, 2.41458550931e-08, 3.87145071556e-08, 4.13115337494e-08, 1.0732620126e-08, 7.43672216618e-16],
        "dvar2": [2.84457172484e-07, 0.00066402903758, 0.000130857210024, 2.41734942392e-05, 4.61348390672e-05, 1.15091970656e-05, 5.74808200327e-06, 4.60669252789e-06, 4.31802163803e-06, 2.78577158497e-06, 2.41023121816e-06, 2.41238399212e-06, 2.26240013035e-06, 1.57096349085e-06, 5.05222544689e-07, 5.27357542524e-07, 2.90362862643e-07, 2.91353273951e-07, 1.75489446974e-07, 2.08124646406e-07, 8.39870324398e-08, 7.12362222544e-08, 4.96301595376e-08, 7.7483377936e-08, 7.75378765638e-08, 2.38835315969e-08, 2.01663425203e-15],
        "max": [0.00373544311151, 0.124540783465, 0.0745129734278, 0.0427260957658, 0.0447903312743, 0.031543046236, 0.0239285081625, 0.0197063237429, 0.0244823843241, 0.0185587964952, 0.0189575329423, 0.0168445892632, 0.0148076480255, 0.0147982845083, 0.00945078488439, 0.0102693475783, 0.00567874219269, 0.00523316720501, 0.0049598175101, 0.00426020333543, 0.00311577203684, 0.00315334554762, 0.0024736719206, 0.00372215197422, 0.00348594668321, 0.00180431909394, 4.07107734191e-07],
        "mean": [0.000130395943415, 0.0101424846798, 0.00787747837603, 0.00583379156888, 0.00431436114013, 0.00263690832071, 0.00112610682845, 0.000878352555446, 0.00143598555587, 0.000766734243371, 0.000765658565797, 0.000754165230319, 0.000723070988897, 0.000747120415326, 0.000286608701572, 0.000383252743632, 0.000362141407095, 0.000418437673943, 0.000417108851252, 0.00042352618766, 0.000300311716273, 0.000264590868028, 0.000248462398304, 0.000220148271183, 0.000149552477524, 6.40372454654e-05, 8.68142624455e-09],
        "median": [1.89478796528e-05, 0.00679059606045, 0.00547777395695, 0.00365399057046, 0.0033628216479, 0.00135611102451, 0.000417116651079, 0.000251016317634, 0.000606522080489, 0.000217812528717, 0.000220251153223, 0.000234593549976, 0.000258812156972, 0.000255739636486, 0.000123465622892, 0.000217913155211, 0.000212405779166, 0.000178800240974, 0.000248624506639, 0.000241080153501, 0.000161501535331, 0.000121502162074, 0.000103346988908, 0.000108575462946, 7.00660602888e-05, 2.12712147913e-05, 2.20444285048e-09],
        "min": [7.36320717895e-24, 2.12735117982e-23, 1.42721882487e-23, 2.07759156942e-23, 2.79387711359e-23, 7.56832332054e-23, 3.31648641924e-23, 3.82766292157e-23, 4.22610836064e-23, 5.55239243269e-23, 6.23824766744e-23, 8.68280391933e-23, 6.87401149688e-23, 8.92038105608e-23, 1.19844607002e-22, 1.20320750822e-22, 1.78080300644e-22, 1.0388545864e-22, 2.94987808102e-22, 3.23062017189e-22, 3.51486960145e-22, 6.8611713657e-22, 4.75244241506e-22, 8.18450080656e-22, 1.06195006081e-21, 1.70065466274e-21, 2.11477124652e-21],
        "var": [1.16623276369e-07, 0.000199417205295, 6.48440473014e-05, 3.9279111661e-05, 1.93092801055e-05, 1.27982630147e-05, 4.62802563561e-06, 2.86959061668e-06, 4.62744128527e-06, 2.35797574533e-06, 3.17970193464e-06, 2.2738674943e-06, 1.77204697138e-06, 1.83077099791e-06, 2.73208428325e-07, 3.76949202519e-07, 2.37238637624e-07, 2.97533830462e-07, 1.99940600965e-07, 2.58750816329e-07, 1.35915044552e-07, 1.14130543238e-07, 1.03240985538e-07, 1.04771650911e-07, 8.75468089134e-08, 1.43981031542e-08, 6.00889143249e-16]
    },
    "erbbands": {
        "dmean": [0.138130664825, 1.7916765213, 4.90807151794, 6.00893306732, 8.17422580719, 8.50439071655, 7.3151640892, 11.1048574448, 9.26925086975, 9.08538246155, 13.4684000015, 17.5152816772, 11.2550888062, 13.7416028976, 13.1781930923, 15.5503530502, 19.5744400024, 16.9020614624, 13.3088340759, 10.4749250412, 10.7693843842, 11.2553510666, 10.6970720291, 8.44947338104, 9.88673210144, 8.76202774048, 5.78943395615, 4.05222034454, 4.04396438599, 3.80956053734, 2.56232595444, 2.17386317253, 1.47485756874, 0.91040623188, 0.548380196095, 0.251357644796, 0.0756635069847, 0.00789476186037, 0.000149121129652, 1.72583095264e-05],
        "dmean2": [0.231281057, 3.11053967476, 8.30436706543, 10.4548244476, 14.4320878983, 14.375626564, 12.1366329193, 17.7206439972, 14.8170814514, 15.0487909317, 21.382516861, 27.3275661469, 18.1169605255, 21.9919567108, 20.7742462158, 24.8845272064, 31.4075431824, 26.4615020752, 21.2402648926, 16.7771682739, 17.9967460632, 18.6040458679, 17.6421928406, 13.9214162827, 16.3594932556, 14.3162670135, 9.37464618683, 6.33105754852, 6.33327627182, 5.7397274971, 3.81369161606, 3.31857991219, 2.14878606796, 1.32473671436, 0.797398507595, 0.374673932791, 0.113579444587, 0.0116714639589, 0.000218507062527, 2.63367201114e-05],
        "dvar": [0.123521596193, 15.4948348999, 68.3966293335, 58.8204154968, 93.3350753784, 374.90020752, 190.316711426, 423.792877197, 471.550628662, 671.944458008, 727.651611328, 1048.67248535, 591.023010254, 927.009277344, 705.675720215, 1252.22131348, 1969.95825195, 1028.05395508, 812.296569824, 676.061218262, 539.721923828, 416.323181152, 365.382568359, 150.519073486, 224.385910034, 210.082351685, 94.9608230591, 39.0279121399, 42.412361145, 33.8669700623, 16.9945163727, 18.1257553101, 11.1313486099, 5.99522256851, 2.04309463501, 0.348901748657, 0.0264036953449, 0.000302642525639, 9.98349349857e-08, 5.27879684409e-10],
        "dvar2": [0.317187219858, 42.8564682007, 188.500930786, 166.607574463, 287.724914551, 983.783630371, 510.323455811, 1101.91894531, 1329.48120117, 1781.08044434, 1829.73583984, 2468.50512695, 1599.89074707, 2345.35302734, 1675.55773926, 3116.16992188, 4985.79150391, 2412.13989258, 2004.0345459, 1425.79052734, 1376.23828125, 1022.36419678, 947.104858398, 407.215637207, 589.811462402, 529.609802246, 240.359268188, 95.7070541382, 108.721115112, 73.1302642822, 34.9546966553, 38.8037834167, 21.3894405365, 11.4014616013, 4.06715583801, 0.770122766495, 0.0571328289807, 0.000622832565568, 2.03954385825e-07, 1.20666432402e-09],
        "max": [2.86164951324, 31.6402339935, 76.5883026123, 78.3512954712, 125.300506592, 210.418212891, 170.638412476, 373.048828125, 406.320556641, 714.962219238, 468.922729492, 593.520446777, 450.619689941, 641.795349121, 582.038818359, 729.248168945, 764.481750488, 502.041442871, 483.406280518, 865.515319824, 524.319335938, 399.094207764, 346.014465332, 149.212997437, 337.224609375, 210.820480347, 188.615692139, 91.1016616821, 121.57926178, 91.3619232178, 73.9402008057, 63.8593482971, 62.2359886169, 39.6206092834, 27.967540741, 11.9029960632, 1.94174838066, 0.211913242936, 0.00365634332411, 0.000247976713581],
        "mean": [0.162394449115, 2.71855735779, 9.06783771515, 14.7905607224, 17.4715557098, 13.8878126144, 13.4584102631, 26.0673999786, 20.7589874268, 14.8197631836, 24.0739555359, 33.0696678162, 22.7537441254, 26.9975643158, 29.3399620056, 28.4870204926, 34.8439102173, 32.188659668, 24.9365997314, 18.6026592255, 20.1142597198, 22.3925132751, 23.0891838074, 21.0047531128, 22.985584259, 20.4063472748, 14.4798622131, 9.7726020813, 9.41683483124, 9.41881465912, 6.50525045395, 4.96030044556, 3.32640194893, 1.87123930454, 0.962015986443, 0.36254426837, 0.100792147219, 0.0103132259101, 0.00022447766969, 5.99108643655e-05],
        "median": [0.0775973424315, 1.87348747253, 6.24815225601, 11.5171108246, 13.6374282837, 9.15371417999, 7.87632703781, 12.5330705643, 9.2151594162, 6.16738605499, 9.30903816223, 13.980802536, 10.1039028168, 9.59460163116, 10.8236541748, 11.518078804, 13.6047744751, 13.4258680344, 10.7299880981, 9.96711730957, 12.2927675247, 13.1324195862, 11.8156404495, 9.62732601166, 15.2858715057, 11.3689775467, 6.97032022476, 5.01495838165, 4.42136192322, 4.34522724152, 2.71131539345, 2.1896033287, 1.7701472044, 0.894210636616, 0.423703342676, 0.134086802602, 0.0304984115064, 0.00264792726375, 8.49939096952e-05, 5.37189444003e-05],
        "min": [7.38762355993e-22, 4.56258810666e-21, 1.52580330231e-20, 5.64377254009e-20, 9.19136730287e-20, 8.54694319937e-20, 2.04786319171e-19, 6.78317467205e-19, 4.37494481811e-19, 9.69808160251e-19, 5.98971562813e-19, 8.02818954441e-19, 1.61234065678e-18, 1.96718521634e-18, 2.67040640345e-18, 3.90861492354e-18, 2.89881847434e-18, 3.96168352292e-18, 5.02823448831e-18, 4.77299839773e-18, 6.85809283372e-18, 1.05464502397e-17, 6.88785396498e-18, 1.20323313176e-17, 1.33538714602e-17, 1.46665839312e-17, 1.6662848682e-17, 1.66351844536e-17, 2.20215480289e-17, 1.67329075712e-17, 1.56887789906e-17, 1.38474385511e-17, 1.61378057143e-17, 1.35527761374e-17, 6.65416096627e-18, 5.66215014101e-18, 3.18505253799e-18, 1.34311187556e-18, 3.03897445806e-19, 2.76584284484e-20],
        "var": [0.101981766522, 12.4177646637, 80.833770752, 144.392150879, 204.823104858, 358.880706787, 297.337371826, 1448.45349121, 1246.34069824, 968.393981934, 1463.54589844, 2450.81738281, 1419.29675293, 2331.26538086, 2873.52954102, 2590.50073242, 4042.74267578, 2613.28369141, 2068.68603516, 1194.11694336, 1012.309021, 954.306762695, 909.250305176, 571.077514648, 613.918334961, 623.317565918, 333.973510742, 138.510269165, 151.65234375, 142.354034424, 72.2042922974, 50.7824935913, 27.2200927734, 13.2687206268, 3.7756383419, 0.486446946859, 0.0365517027676, 0.000432877335697, 1.49867702248e-07, 1.26524823951e-09]
    },
    "gfcc": {
        "mean": [19.2403373718, 95.1293945312, -97.1040115356, 48.0038032532, -54.4554176331, 21.1480102539, -39.5487289429, 10.6875715256, -30.7620010376, 1.62249147892, -15.8334331512, -5.69405221939, -15.5948619843],
        "cov": [[10932.7109375, -1827.07666016, -1033.11071777, 123.129554749, -814.327941895, 525.779296875, 5.34022855759, 438.20401001, -193.440536499, 156.248580933, -294.472839355, 426.531677246, -194.615142822], [-1827.07666016, 1215.55908203, 20.5929889679, -110.497741699, 234.279418945, -232.95904541, 82.3794937134, -163.036605835, 75.9936218262, -88.2674789429, 179.571899414, -201.770751953, 75.736946106], [-1033.11071777, 20.5929889679, 686.84777832, -42.2143135071, 99.2269363403, -46.2008056641, -143.787109375, -39.2771492004, -37.367603302, 56.7816238403, -21.3424911499, -16.5311565399, -48.9387893677], [123.129554749, -110.497741699, -42.2143135071, 291.524017334, 35.9776191711, 2.61768531799, -0.785225391388, 11.9876832962, 50.6951179504, -21.0228652954, 8.43107223511, 30.4620513916, 71.3884429932], [-814.327941895, 234.279418945, 99.2269363403, 35.9776191711, 230.118835449, -54.6864356995, -2.29071784019, -38.3816299438, 35.4860992432, -5.78805446625, 5.59744739532, -50.657699585, 25.1034049988], [525.779296875, -232.95904541, -46.2008056641, 2.61768531799, -54.6864356995, 171.357955933, 61.2804412842, 46.2351455688, -34.0801277161, 3.01333236694, -20.6515293121, 28.0015239716, -29.3663005829], [5.34022855759, 82.3794937134, -143.787109375, -0.785225391388, -2.29071784019, 61.2804412842, 255.180938721, 15.5275535583, -1.69858181477, -56.8058700562, 16.5662250519, 24.1077861786, -10.5149717331], [438.20401001, -163.036605835, -39.2771492004, 11.9876832962, -38.3816299438, 46.2351455688, 15.5275535583, 128.824050903, 11.5105447769, -1.02194452286, -28.6197471619, 13.7595758438, -3.31031227112], [-193.440536499, 75.9936218262, -37.367603302, 50.6951179504, 35.4860992432, -34.0801277161, -1.69858181477, 11.5105447769, 97.97996521, 8.27175426483, -0.330753237009, -22.3159008026, 21.0930538177], [156.248580933, -88.2674789429, 56.7816238403, -21.0228652954, -5.78805446625, 3.01333236694, -56.8058700562, -1.02194452286, 8.27175426483, 94.3485107422, 0.20376676321, -4.27580738068, -33.9943466187], [-294.472839355, 179.571899414, -21.3424911499, 8.43107223511, 5.59744739532, -20.6515293121, 16.5662250519, -28.6197471619, -0.330753237009, 0.20376676321, 107.934745789, -11.7678833008, 18.5405826569], [426.531677246, -201.770751953, -16.5311565399, 30.4620513916, -50.657699585, 28.0015239716, 24.1077861786, 13.7595758438, -22.3159008026, -4.27580738068, -11.7678833008, 127.842300415, 16.1455211639], [-194.615142822, 75.736946106, -48.9387893677, 71.3884429932, 25.1034049988, -29.3663005829, -10.5149717331, -3.31031227112, 21.0930538177, -33.9943466187, 18.5405826569, 16.1455211639, 98.8222503662]],
        "icov": [[0.000272553501418, -0.00048990373034, 0.000501765229274, -0.000580243940931, 0.00061047001509, -0.000544944312423, 0.000504040857777, -0.000732766697183, 0.000750742969103, -0.000807471747976, 0.00104399072006, -0.00103872839827, 0.000827763346024], [-0.00048990373034, 0.00575155531988, -0.00135003274772, 0.00388658046722, -0.00306066684425, 0.00442355964333, -0.00324284052476, 0.00392319448292, -0.0037391744554, 0.00474987225607, -0.00745729031041, 0.00697918888181, -0.00427969591692], [0.000501765229274, -0.00135003274772, 0.00300368480384, -0.00134266377427, 0.000108806794742, -0.00105749804061, 0.0022460881155, -0.0015337880468, 0.00256717181765, -0.00208478234708, 0.00253067165613, -0.0028543677181, 0.00305239623412], [-0.000580243940931, 0.00388658046722, -0.00134266377427, 0.00766434986144, -0.00307922367938, 0.00198147934861, -0.00200351770036, 0.00303578213789, -0.00542031507939, 0.00418683933094, -0.00583149679005, 0.00388273806311, -0.00600649928674], [0.00061047001509, -0.00306066684425, 0.000108806794742, -0.00307922367938, 0.00849597435445, -0.00166404235642, 0.00066627888009, -0.00129965413362, 0.0014059857931, -0.00353620061651, 0.00545526947826, -0.00186697975732, 0.000965867831837], [-0.000544944312423, 0.00442355964333, -0.00105749804061, 0.00198147934861, -0.00166404235642, 0.0123359672725, -0.00485853711143, 0.000874491932336, 0.000312533666147, 0.00216855877079, -0.00480792718008, 0.00560796353966, -0.00215256889351], [0.000504040857777, -0.00324284052476, 0.0022460881155, -0.00200351770036, 0.00066627888009, -0.00485853711143, 0.00855117477477, -0.00270367925987, 0.00108986813575, 0.00143699953333, 0.00265341484919, -0.00630528014153, 0.00603786343709], [-0.000732766697183, 0.00392319448292, -0.0015337880468, 0.00303578213789, -0.00129965413362, 0.000874491932336, -0.00270367925987, 0.0131340576336, -0.00566295301542, 0.0041117630899, -0.00363528798334, 0.00545534025878, -0.00424618925899], [0.000750742969103, -0.0037391744554, 0.00256717181765, -0.00542031507939, 0.0014059857931, 0.000312533666147, 0.00108986813575, -0.00566295301542, 0.0184447430074, -0.00799501594156, 0.00704496959224, -0.00249024387449, 0.0015909941867], [-0.000807471747976, 0.00474987225607, -0.00208478234708, 0.00418683933094, -0.00353620061651, 0.00216855877079, 0.00143699953333, 0.0041117630899, -0.00799501594156, 0.0210209544748, -0.00938683375716, 0.00445936899632, 0.00251603475772], [0.00104399072006, -0.00745729031041, 0.00253067165613, -0.00583149679005, 0.00545526947826, -0.00480792718008, 0.00265341484919, -0.00363528798334, 0.00704496959224, -0.00938683375716, 0.0215442329645, -0.0079233571887, 0.00310287368484], [-0.00103872839827, 0.00697918888181, -0.0028543677181, 0.00388273806311, -0.00186697975732, 0.00560796353966, -0.00630528014153, 0.00545534025878, -0.00249024387449, 0.00445936899632, -0.0079233571887, 0.0198462363333, -0.00965064950287], [0.000827763346024, -0.00427969591692, 0.00305239623412, -0.00600649928674, 0.000965867831837, -0.00215256889351, 0.00603786343709, -0.00424618925899, 0.0015909941867, 0.00251603475772, 0.00310287368484, -0.00965064950287, 0.0220156032592]]
    },
    "melbands": {
        "dmean": [0.001582874218, 0.00248097698204, 0.00106390169822, 0.000562331813853, 0.00028154705069, 0.000239536908339, 0.000135887356009, 0.000107401923742, 0.000121944009152, 0.000102569450974, 6.06685389357e-05, 5.95869205426e-05, 4.94961823279e-05, 4.84571464767e-05, 5.2146595408e-05, 3.98323645641e-05, 3.35369441018e-05, 2.67035775323e-05, 1.50494879563e-05, 1.48920898937e-05, 1.28543197206e-05, 1.19912483569e-05, 1.17023264465e-05, 9.75390776148e-06, 7.43312011764e-06, 7.52200094212e-06, 7.90642025095e-06, 5.67040524402e-06, 4.24967811341e-06, 3.17015269502e-06, 2.31693434216e-06, 2.24918153435e-06, 2.62186927102e-06, 2.32117372434e-06, 1.70530324795e-06, 1.37485119467e-06, 1.45498995607e-06, 1.09990082819e-06, 1.04040316273e-06, 7.29170153591e-07],
        "dmean2": [0.00269783544354, 0.00422773277387, 0.00186324270908, 0.000975023314822, 0.000468322832603, 0.000382858037483, 0.00021821379778, 0.000176320128958, 0.000192420979147, 0.000160132549354, 9.72157940851e-05, 9.54604474828e-05, 7.83494324423e-05, 7.62004128774e-05, 8.38960186229e-05, 6.38969504507e-05, 5.28684104211e-05, 4.29201900261e-05, 2.44942093559e-05, 2.43186514126e-05, 2.16241460294e-05, 1.98375146283e-05, 1.94848598767e-05, 1.62362321134e-05, 1.23353420349e-05, 1.26263985294e-05, 1.28645260702e-05, 9.38602534006e-06, 7.0070241236e-06, 5.15328338224e-06, 3.67458596884e-06, 3.57410976903e-06, 4.12905274061e-06, 3.56643977284e-06, 2.59224816546e-06, 2.0968507215e-06, 2.26282759286e-06, 1.64317737017e-06, 1.54071665293e-06, 1.06978768599e-06],
        "dvar": [1.44268533404e-05, 1.98950165213e-05, 1.57509214205e-06, 8.72160228482e-07, 3.03305881744e-07, 1.89766012682e-07, 9.43182243418e-08, 8.26468351534e-08, 5.23276533215e-08, 3.2731346522e-08, 1.81375110486e-08, 1.61422182288e-08, 1.33156374815e-08, 1.32154642785e-08, 1.48272265577e-08, 8.02783350906e-09, 4.23825996521e-09, 3.79226872127e-09, 1.32769362171e-09, 1.23781740413e-09, 7.94602217358e-10, 5.27350385582e-10, 3.82934739473e-10, 2.70500455368e-10, 1.19900422924e-10, 1.1941808653e-10, 1.61234248175e-10, 9.25434590071e-11, 6.1565169629e-11, 3.00835745204e-11, 1.29543251126e-11, 1.29320989681e-11, 1.88690122555e-11, 1.37093903937e-11, 7.98852737433e-12, 7.09285841866e-12, 9.02062105568e-12, 6.27454858904e-12, 6.23115361392e-12, 3.88492927064e-12],
        "dvar2": [3.83325532312e-05, 5.41688132216e-05, 4.48269793196e-06, 2.40258918893e-06, 8.15276507637e-07, 4.90748277571e-07, 2.66969237828e-07, 2.17026737914e-07, 1.25248575955e-07, 7.73315917968e-08, 4.92775207306e-08, 4.11938074762e-08, 3.16928954192e-08, 3.36903163145e-08, 3.62520538033e-08, 2.10292512293e-08, 9.9795132158e-09, 9.31351529232e-09, 3.15788084571e-09, 2.75561817809e-09, 2.02910932501e-09, 1.28590538218e-09, 9.94312077118e-10, 7.34261762503e-10, 3.2950339679e-10, 3.22904203376e-10, 4.04541677934e-10, 2.35541669502e-10, 1.54576448863e-10, 7.4440328901e-11, 3.26212008794e-11, 3.35088831682e-11, 4.8158251692e-11, 2.99762159539e-11, 1.74372669082e-11, 1.59808832834e-11, 2.03918843616e-11, 1.28444182373e-11, 1.27259669816e-11, 7.47796009143e-12],
        "max": [0.0316557139158, 0.0360400229692, 0.0142354723066, 0.0100052142516, 0.00607127463445, 0.00727259833366, 0.00566084450111, 0.00742218550295, 0.00313053932041, 0.00321153644472, 0.00250695971772, 0.00237116776407, 0.00278044166043, 0.0022808322683, 0.00237333681434, 0.00161141564604, 0.000849814910907, 0.00116575951688, 0.000843204150442, 0.000974427966867, 0.000637044548057, 0.00046290885075, 0.000290778058115, 0.000220100948354, 0.000129459003801, 0.000215412481339, 0.000261286826571, 0.000165220437339, 0.000158220354933, 8.72034288477e-05, 4.66116543976e-05, 5.02599177707e-05, 9.06811255845e-05, 6.86288185534e-05, 5.81881613471e-05, 4.29325809819e-05, 4.48386635981e-05, 5.44417780475e-05, 3.87787731597e-05, 3.8355927245e-05],
        "mean": [0.00215081986971, 0.00454663485289, 0.00278870644979, 0.00108301767614, 0.000512090162374, 0.000564659188967, 0.000294606608804, 0.000170801198692, 0.000219804642256, 0.000192232560948, 0.000114551679872, 0.000113740890811, 0.000104518992885, 8.32808436826e-05, 8.27672047308e-05, 6.92941030138e-05, 6.02059699304e-05, 4.73211512144e-05, 2.3323818823e-05, 2.55146042036e-05, 2.16805383388e-05, 2.14872015931e-05, 2.27989967243e-05, 2.00478625629e-05, 1.64188859344e-05, 1.58222374012e-05, 1.72774180101e-05, 1.20939139379e-05, 9.37607819651e-06, 7.23018683857e-06, 5.01854083268e-06, 4.96003622175e-06, 5.63766116102e-06, 5.23438393429e-06, 3.93517757402e-06, 3.05616913465e-06, 3.00028113998e-06, 2.3363247692e-06, 2.04559910344e-06, 1.4122401808e-06],
        "median": [0.00134503678419, 0.00328133022413, 0.002199516166, 0.000813900260255, 0.00032894598553, 0.000287397473585, 0.000135041540489, 5.84423869441e-05, 8.69912764756e-05, 8.13609149191e-05, 4.10423599533e-05, 3.66306994692e-05, 3.34306932928e-05, 2.90067764581e-05, 2.87215752905e-05, 2.36388914345e-05, 2.24176328629e-05, 1.59788978635e-05, 1.03311258499e-05, 1.24119360407e-05, 1.23631698443e-05, 1.17888776003e-05, 1.33433313749e-05, 7.91388720245e-06, 6.9391062425e-06, 1.05067265395e-05, 1.0524481695e-05, 6.38457231616e-06, 4.49177696282e-06, 3.63361436939e-06, 2.45435921897e-06, 2.20176275434e-06, 2.34263825405e-06, 2.34273534261e-06, 1.59908063324e-06, 1.20284232707e-06, 1.33482308229e-06, 1.18806462979e-06, 1.03906563709e-06, 6.50882611808e-07],
        "min": [8.32114543085e-24, 7.62004135703e-24, 1.12006336742e-23, 5.4852101981e-24, 6.78362239441e-24, 1.6734885777e-23, 6.12928712265e-24, 1.10371280521e-23, 4.02941078486e-24, 5.88346623167e-24, 8.29091233665e-24, 7.97819604091e-24, 8.3597412395e-24, 9.7371531223e-24, 8.67362820482e-24, 6.36421147795e-24, 7.93755234935e-24, 7.56535988566e-24, 7.95149073269e-24, 7.10888710058e-24, 6.70527194045e-24, 9.85602105008e-24, 8.97548504134e-24, 5.25991112914e-24, 9.61299272671e-24, 8.67290639709e-24, 1.17024588616e-23, 6.90790269687e-24, 1.14959445429e-23, 8.88033737212e-24, 1.01882616532e-23, 1.16830449947e-23, 1.33313248911e-23, 6.42045331619e-24, 7.82727827227e-24, 9.24017075201e-24, 8.73984597807e-24, 1.0857266188e-23, 9.90362328369e-24, 9.68715117382e-24],
        "var": [1.15128168545e-05, 2.05602100323e-05, 4.63485730506e-06, 1.09513314328e-06, 3.96293671656e-07, 6.1870105128e-07, 2.32126851074e-07, 1.19681189403e-07, 1.19599235404e-07, 7.76892505883e-08, 4.24831938517e-08, 3.99790529571e-08, 5.43610205739e-08, 3.11090246896e-08, 2.79090972555e-08, 1.81398096544e-08, 1.01976089795e-08, 1.04362367637e-08, 2.05039407675e-09, 2.12196504812e-09, 1.30047006497e-09, 1.05495479019e-09, 8.3804230222e-10, 7.10039360641e-10, 3.78022446679e-10, 2.9114594069e-10, 4.39965203158e-10, 2.41745706786e-10, 1.74648115414e-10, 8.55627582674e-11, 3.94532427561e-11, 4.20855954253e-11, 6.20286599862e-11, 4.69824179561e-11, 2.84099879039e-11, 2.04995482395e-11, 2.08797493184e-11, 1.45437672322e-11, 1.27130294139e-11, 8.53860124966e-12]
    },
    "mfcc": {
        "mean": [-624.597351074, 118.581596375, 19.1468772888, 31.1475868225, 12.5227451324, 9.41636276245, 8.79575920105, 4.50620365143, -4.41417169571, 3.8231921196, 0.821893870831, -2.09002375603, -1.85884451866],
        "cov": [[8860.59863281, -1714.35388184, -602.099121094, -394.806762695, -657.935058594, 5.80614805222, -43.7185249329, 407.341949463, 174.070831299, -34.045665741, -95.3640670776, 112.27494812, 13.3235330582], [-1714.35388184, 1263.45666504, 2.23604440689, 61.650062561, 108.946868896, -48.0104904175, 39.4430198669, -142.507003784, -128.695755005, 42.5374336243, 87.6469726562, -42.4142570496, 5.5111989975], [-602.099121094, 2.23604440689, 429.713531494, 14.648352623, 105.025764465, -0.359585702419, -17.4047908783, -66.7327804565, -39.8316345215, -28.2118530273, 1.18149626255, 7.78587627411, 5.48150968552], [-394.806762695, 61.650062561, 14.648352623, 256.645629883, 102.441070557, 16.4937438965, -35.2941703796, -12.7649717331, 33.0967216492, -12.2435388565, -30.8916454315, 7.31322050095, 28.448469162], [-657.935058594, 108.946868896, 105.025764465, 102.441070557, 263.069213867, -15.578168869, -57.4893302917, -100.808700562, 9.2014913559, 11.3682804108, -6.58140325546, -13.4436826706, 8.76099777222], [5.80614805222, -48.0104904175, -0.359585702419, 16.4937438965, -15.578168869, 127.717483521, 33.6745834351, 17.7984333038, -5.62466859818, -0.207294866443, 15.3047504425, -4.03913211823, -19.5547771454], [-43.7185249329, 39.4430198669, -17.4047908783, -35.2941703796, -57.4893302917, 33.6745834351, 146.824508667, 68.9647140503, -12.8029184341, -2.64543676376, 15.8475522995, 0.537740528584, -10.1182422638], [407.341949463, -142.507003784, -66.7327804565, -12.7649717331, -100.808700562, 17.7984333038, 68.9647140503, 172.983306885, 53.5466957092, -12.6666479111, -20.6369609833, 9.15846252441, -5.65751409531], [174.070831299, -128.695755005, -39.8316345215, 33.0967216492, 9.2014913559, -5.62466859818, -12.8029184341, 53.5466957092, 120.374435425, 16.5190639496, -21.6057071686, 1.05063700676, -8.15978717804], [-34.045665741, 42.5374336243, -28.2118530273, -12.2435388565, 11.3682804108, -0.207294866443, -2.64543676376, -12.6666479111, 16.5190639496, 78.3389968872, 41.8058052063, -3.06213879585, -17.8862857819], [-95.3640670776, 87.6469726562, 1.18149626255, -30.8916454315, -6.58140325546, 15.3047504425, 15.8475522995, -20.6369609833, -21.6057071686, 41.8058052063, 94.5044631958, 17.0279216766, -21.1512260437], [112.27494812, -42.4142570496, 7.78587627411, 7.31322050095, -13.4436826706, -4.03913211823, 0.537740528584, 9.15846252441, 1.05063700676, -3.06213879585, 17.0279216766, 61.4148101807, 20.8454475403], [13.3235330582, 5.5111989975, 5.48150968552, 28.448469162, 8.76099777222, -19.5547771454, -10.1182422638, -5.65751409531, -8.15978717804, -17.8862857819, -21.1512260437, 20.8454475403, 83.9693222046]],
