{
"lowlevel": {
    "average_loudness": 0.962126016617,
    "barkbands_crest": {
        "dmean": 2.62960147858,
        "dmean2": 4.25132322311,
        "dvar": 5.90108633041,
        "dvar2": 16.3296661377,
        "max": 25.4332103729,
        "mean": 10.1432304382,
        "median": 9.42380428314,
        "min": 2.18577075005,
        "var": 16.4184322357
    },
    "barkbands_flatness_db": {
        "dmean": 0.0240730941296,
        "dmean2": 0.0395784005523,
        "dvar": 0.000594798184466,
        "dvar2": 0.00148627709132,
        "max": 0.399744480848,
        "mean": 0.186383485794,
        "median": 0.182494968176,
        "min": 0.0743219405413,
        "var": 0.00220497022383
    },
    "barkbands_kurtosis": {
        "dmean": 3.39842319489,
        "dmean2": 5.7097401619,
        "dvar": 45.0485992432,
        "dvar2": 124.513237,
        "max": 81.4239959717,
        "mean": 4.46246814728,
        "median": 1.7416267395,
        "min": -1.89831531048,
        "var": 69.0000991821
    },
    "barkbands_skewness": {
        "dmean": 0.578764081001,
        "dmean2": 0.927146017551,
        "dvar": 0.476573854685,
        "dvar2": 1.17378783226,
        "max": 7.6463675499,
        "mean": 1.44023430347,
        "median": 1.31973195076,
        "min": -2.00537323952,
        "var": 1.60816121101
    },
    "barkbands_spread": {
        "dmean": 4.7850022316,
        "dmean2": 7.52568054199,
        "dvar": 53.443359375,
        "dvar2": 105.134773254,
        "max": 101.095909119,
        "mean": 18.7380599976,
        "median": 15.8363695145,
        "min": 1.0113427639,
        "var": 198.779052734
    },
    "dissonance": {
        "dmean": 0.0199314560741,
        "dmean2": 0.033641397953,
        "dvar": 0.000313281285344,
        "dvar2": 0.000839684857056,
        "max": 0.499951422215,
        "mean": 0.458910286427,
        "median": 0.462643355131,
        "min": 0.276557803154,
        "var": 0.000643252162263
    },
    "dynamic_complexity": 2.33706879616,
    "erbbands_crest": {
        "dmean": 2.44448709488,
        "dmean2": 3.9441947937,
        "dvar": 5.32681083679,
        "dvar2": 12.446310997,
        "max": 29.247220993,
        "mean": 9.51540565491,
        "median": 8.686460495,
        "min": 2.73812437057,
        "var": 15.8716154099
    },
    "erbbands_flatness_db": {
        "dmean": 0.0137786082923,
        "dmean2": 0.0204427335411,
        "dvar": 0.00017057050718,
        "dvar2": 0.000333736650646,
        "max": 0.351028889418,
        "mean": 0.203679040074,
        "median": 0.201805323362,
        "min": 0.1043317765,
        "var": 0.00122138857841
    },
    "erbbands_kurtosis": {
        "dmean": 0.753495037556,
        "dmean2": 1.20511543751,
        "dvar": 0.819453001022,
        "dvar2": 1.90307629108,
        "max": 21.0801582336,
        "mean": 0.550677955151,
        "median": 0.147363424301,
        "min": -1.72557008266,
        "var": 2.98852276802
    },
    "erbbands_skewness": {
        "dmean": 0.317489653826,
        "dmean2": 0.480649888515,
        "dvar": 0.0972196683288,
        "dvar2": 0.19893682003,
        "max": 3.1406083107,
        "mean": 0.386673241854,
        "median": 0.447949916124,
        "min": -3.25321125984,
        "var": 0.449024140835
    },
    "erbbands_spread": {
        "dmean": 6.66706705093,
        "dmean2": 10.5772476196,
        "dvar": 71.3136672974,
        "dvar2": 162.996276855,
        "max": 130.84576416,
        "mean": 33.4968757629,
        "median": 31.2551670074,
        "min": 3.47101068497,
        "var": 278.138244629
    },
    "hfc": {
        "dmean": 5.88740634918,
        "dmean2": 8.28319835663,
        "dvar": 78.3955383301,
        "dvar2": 127.558479309,
        "max": 147.223007202,
        "mean": 23.4944095612,
        "median": 16.6129970551,
        "min": 0.000298689468764,
        "var": 448.211242676
    },
    "melbands_crest": {
        "dmean": 3.55335044861,
        "dmean2": 5.92784881592,
        "dvar": 12.0006561279,
        "dvar2": 33.2799987793,
        "max": 30.1843662262,
        "mean": 13.8321466446,
        "median": 13.0557460785,
        "min": 3.90350055695,
        "var": 29.3480262756
    },
    "melbands_flatness_db": {
        "dmean": 0.0287052355707,
        "dmean2": 0.0445552766323,
        "dvar": 0.000969227869064,
        "dvar2": 0.00218615308404,
        "max": 0.483588814735,
        "mean": 0.218216374516,
        "median": 0.211147636175,
        "min": 0.0437082201242,
        "var": 0.0050980374217
    },
    "melbands_kurtosis": {
        "dmean": 7.53745937347,
        "dmean2": 12.8132753372,
        "dvar": 204.731414795,
        "dvar2": 571.029174805,
        "max": 178.363418579,
        "mean": 11.7283420563,
        "median": 6.1373052597,
        "min": -1.8032283783,
        "var": 302.448028564
    },
    "melbands_skewness": {
        "dmean": 0.758217990398,
        "dmean2": 1.23433661461,
        "dvar": 0.857289016247,
        "dvar2": 2.17936515808,
        "max": 9.94764041901,
        "mean": 2.34075713158,
        "median": 2.0794904232,
        "min": -1.39283013344,
        "var": 2.57791733742
    },
    "melbands_spread": {
        "dmean": 6.76543045044,
        "dmean2": 10.3619165421,
        "dvar": 167.754806519,
        "dvar2": 322.169433594,
        "max": 237.648330688,
        "mean": 22.2783412933,
        "median": 18.0008888245,
        "min": 0.771760880947,
        "var": 427.337310791
    },
    "pitch_salience": {
        "dmean": 0.0787638500333,
        "dmean2": 0.127608254552,
        "dvar": 0.00525901839137,
        "dvar2": 0.0147378090769,
        "max": 0.823045134544,
        "mean": 0.534808635712,
        "median": 0.541621506214,
        "min": 0.12842464447,
        "var": 0.0128885889426
    },
    "silence_rate_20dB": {
        "dmean": 0,
        "dmean2": 0,
        "dvar": 0,
        "dvar2": 0,
        "max": 1,
        "mean": 1,
        "median": 1,
        "min": 1,
        "var": 0
    },
    "silence_rate_30dB": {
        "dmean": 0.0441518202424,
        "dmean2": 0.0883378535509,
        "dvar": 0.042204041034,
        "dvar2": 0.120054684579,
        "max": 1,
        "mean": 0.972125411034,
        "median": 1,
        "min": 0,
        "var": 0.0270980652422
    },
    "silence_rate_60dB": {
        "dmean": 0.00464755995199,
        "dmean2": 0.00929872132838,
        "dvar": 0.00462592113763,
        "dvar2": 0.0115367742255,
        "max": 1,
        "mean": 0.0123886950314,
        "median": 0,
        "min": 0,
        "var": 0.0122349252924
    },
    "spectral_centroid": {
        "dmean": 211.662780762,
        "dmean2": 321.404388428,
        "dvar": 80641.9921875,
        "dvar2": 154481.046875,
        "max": 4628.99804688,
        "mean": 1127.92431641,
        "median": 1004.59429932,
        "min": 197.136978149,
        "var": 384471.875
    },
    "spectral_complexity": {
        "dmean": 3.05344700813,
        "dmean2": 4.46648597717,
        "dvar": 9.27132129669,
        "dvar2": 16.251121521,
        "max": 55,
        "mean": 18.0507164001,
        "median": 17,
        "min": 0,
        "var": 49.7373657227
    },
    "spectral_decrease": {
        "dmean": 3.77804676432e-09,
        "dmean2": 6.25860252512e-09,
        "dvar": 3.85188133502e-17,
        "dvar2": 9.8877160253e-17,
        "max": -4.12845376375e-13,
        "mean": -9.25701204579e-09,
        "median": -7.26784055161e-09,
        "min": -6.36882333538e-08,
        "var": 6.11273833357e-17
    },
    "spectral_energy": {
        "dmean": 0.0146139217541,
        "dmean2": 0.0240970924497,
        "dvar": 0.00055651954608,
        "dvar2": 0.00142959668301,
        "max": 0.242953985929,
        "mean": 0.0370691120625,
        "median": 0.0296063330024,
        "min": 1.58526063387e-06,
        "var": 0.000906819768716
    },
    "spectral_energyband_high": {
        "dmean": 0.000355461845174,
        "dmean2": 0.0004776136484,
        "dvar": 1.04188086425e-06,
        "dvar2": 1.50933124132e-06,
        "max": 0.0183935053647,
        "mean": 0.000874819350429,
        "median": 0.000200746071641,
        "min": 3.40591621573e-09,
        "var": 4.10170468967e-06
    },
    "spectral_energyband_low": {
        "dmean": 0.011900683865,
        "dmean2": 0.0205273404717,
        "dvar": 0.000530511664692,
        "dvar2": 0.00138333928771,
        "max": 0.224919453263,
        "mean": 0.015864469111,
        "median": 0.00488955713809,
        "min": 5.21975209722e-07,
        "var": 0.000699533848092
    },
    "spectral_energyband_middle_high": {
        "dmean": 0.00208713649772,
        "dmean2": 0.00294463522732,
        "dvar": 1.07926143755e-05,
        "dvar2": 2.18112036237e-05,
        "max": 0.0823572650552,
        "mean": 0.0078158704564,
        "median": 0.00367526616901,
        "min": 7.82095455065e-08,
        "var": 9.99569892883e-05
    },
    "spectral_energyband_middle_low": {
        "dmean": 0.00431425124407,
        "dmean2": 0.00718948198482,
        "dvar": 3.04359182337e-05,
        "dvar2": 8.4244478785e-05,
        "max": 0.0583576522768,
        "mean": 0.0132992984727,
        "median": 0.0117483455688,
        "min": 2.60596124235e-07,
        "var": 7.67684468883e-05
    },
    "spectral_entropy": {
        "dmean": 0.158574581146,
        "dmean2": 0.227239072323,
        "dvar": 0.0253663547337,
        "dvar2": 0.0490156039596,
        "max": 8.59896564484,
        "mean": 7.27717208862,
        "median": 7.20167016983,
        "min": 5.94508647919,
        "var": 0.17252895236
    },
    "spectral_flux": {
        "dmean": 0.0314095728099,
        "dmean2": 0.0499431863427,
        "dvar": 0.00169704330619,
        "dvar2": 0.00364630180411,
        "max": 0.426764935255,
        "mean": 0.0940951853991,
        "median": 0.0727370902896,
        "min": 0.00125907128677,
        "var": 0.003706387477
    },
    "spectral_kurtosis": {
        "dmean": 2.26626133919,
        "dmean2": 3.83853578568,
        "dvar": 5.22612094879,
        "dvar2": 15.0554628372,
        "max": 30.7226333618,
        "mean": 4.60951280594,
        "median": 3.949426651,
        "min": -1.37997341156,
        "var": 12.3096246719
    },
    "spectral_rms": {
        "dmean": 0.00105142628308,
        "dmean2": 0.00168228405528,
        "dvar": 1.97658914658e-06,
        "dvar2": 4.73139925816e-06,
        "max": 0.015395722352,
        "mean": 0.00558183342218,
        "median": 0.00537440506741,
        "min": 3.93267800973e-05,
        "var": 5.00808891957e-06
    },
    "spectral_rolloff": {
        "dmean": 404.821166992,
        "dmean2": 673.494384766,
        "dvar": 971698,
        "dvar2": 1987544.5,
        "max": 9862.20703125,
        "mean": 1326.00109863,
        "median": 947.4609375,
        "min": 86.1328125,
        "var": 2209226
    },
    "spectral_skewness": {
        "dmean": 0.262002050877,
        "dmean2": 0.417823702097,
        "dvar": 0.0561776533723,
        "dvar2": 0.137084245682,
        "max": 3.9627225399,
        "mean": 1.55209648609,
        "median": 1.56133341789,
        "min": -0.276485979557,
        "var": 0.293056666851
    },
    "spectral_spread": {
        "dmean": 356749.8125,
        "dmean2": 519965.96875,
        "dvar": 268269240320,
        "dvar2": 395537252352,
        "max": 11310297,
        "mean": 3603155,
        "median": 3300923.25,
        "min": 1723935.5,
        "var": 1.66641546035e+12
    },
    "spectral_strongpeak": {
        "dmean": 0.630004405975,
        "dmean2": 1.0750824213,
        "dvar": 1.35802364349,
        "dvar2": 3.46912264824,
        "max": 13.7299289703,
        "mean": 1.42033135891,
        "median": 0.707904815674,
        "min": 0,
        "var": 4.08148097992
    },
    "zerocrossingrate": {
        "dmean": 0.00966085866094,
        "dmean2": 0.011094068177,
        "dvar": 0.000236746491282,
        "dvar2": 0.000234618870309,
        "max": 0.32568359375,
        "mean": 0.0502871088684,
        "median": 0.04248046875,
        "min": 0.00439453125,
        "var": 0.00148693984374
    },
    "barkbands": {
        "dmean": [0.000189479833352, 0.00783063098788, 0.00564497662708, 0.00120862235781, 0.00186305947136, 0.000990800908767, 0.000825526658446, 0.000752210791688, 0.000697624171153, 0.000731381995138, 0.000706181337591, 0.00049811595818, 0.00025816631387, 0.000556539918762, 0.000309962633764, 0.000186026169104, 0.000116731665912, 0.000171741339727, 6.87367064529e-05, 0.000105452571006, 4.93603256473e-05, 7.47154190321e-05, 9.75259681582e-05, 0.000118900228699, 2.88752507913e-05, 2.63602739636e-08, 3.08212810829e-09],
        "dmean2": [0.000321378902299, 0.013429036364, 0.0103748794645, 0.0022427928634, 0.00300611765124, 0.0016056454042, 0.00139869132545, 0.00113651237916, 0.0011133441003, 0.001136872801, 0.00104365451261, 0.000785775249824, 0.000372856622562, 0.00086604867829, 0.000456704496173, 0.000281643209746, 0.000180730159627, 0.000255594961345, 0.000105064536911, 0.000160634575877, 7.25816425984e-05, 0.000107570296677, 0.000140492018545, 0.000162980388268, 4.10505126638e-05, 3.84030016676e-08, 5.76755354587e-09],
        "dvar": [2.63135376599e-07, 0.000219397654291, 0.000155561894644, 7.754921171e-06, 7.12832934369e-06, 2.72117199529e-06, 2.15117597691e-06, 2.29221086556e-06, 2.21921891352e-06, 1.67801806583e-06, 2.19815797209e-06, 9.3643177479e-07, 4.33201307715e-07, 2.44776379077e-06, 4.83835151499e-07, 2.38973314026e-07, 6.98539182054e-08, 1.85962377941e-07, 1.37817419699e-08, 4.16380601109e-08, 1.62106754686e-08, 5.67633406945e-08, 8.6101216823e-08, 2.47214501314e-07, 3.01442710793e-08, 3.53175605081e-14, 2.04026983292e-16],
        "dvar2": [6.96325116678e-07, 0.000605967012234, 0.000460616924101, 2.40184945142e-05, 1.60337604029e-05, 6.24210360911e-06, 5.88877537666e-06, 4.58317390439e-06, 5.31999512532e-06, 3.83719634556e-06, 3.87685395253e-06, 2.41429893322e-06, 7.05578884208e-07, 5.58011288376e-06, 9.96096446215e-07, 5.38502206382e-07, 1.41259263842e-07, 3.37852952725e-07, 3.25599565087e-08, 9.27608567736e-08, 3.17663477745e-08, 1.16400009631e-07, 1.41374883356e-07, 4.05758640909e-07, 5.8226873989e-08, 7.35512657181e-14, 6.36737430462e-16],
        "max": [0.00695772375911, 0.134597972035, 0.104257807136, 0.0317339450121, 0.0543875135481, 0.0358257740736, 0.0279299095273, 0.0296956729144, 0.0402369387448, 0.018656520173, 0.0693931281567, 0.0186483301222, 0.0244336389005, 0.0422480478883, 0.013225809671, 0.0115572931245, 0.00823146477342, 0.0183766465634, 0.00193166930694, 0.00453396933153, 0.00313256098889, 0.00656981021166, 0.0092037236318, 0.00880270637572, 0.00602336600423, 8.2294063759e-06, 2.61902812326e-07],
        "mean": [0.000211382212001, 0.0101401302963, 0.00500135170296, 0.0011745900847, 0.00457142153755, 0.00250261602923, 0.00156455754768, 0.00155976926908, 0.00135128491092, 0.00141135510057, 0.00162980298046, 0.00122412457131, 0.000466075405711, 0.00147650833242, 0.000626606866717, 0.000341040489729, 0.000247685355134, 0.000437573355157, 0.000143729484989, 0.000290499301627, 9.49942841544e-05, 0.000140764808748, 0.000215315230889, 0.000207636112464, 3.82625548809e-05, 3.17987556286e-08, 2.2206374517e-09],
        "median": [4.39385003119e-05, 0.00356658757664, 0.000583813351113, 0.000318062113365, 0.00238498602994, 0.00135891209356, 0.000838365755044, 0.000557061808649, 0.000603158143349, 0.000561090768315, 0.000449181650765, 0.000310212752083, 0.000161922973348, 0.000166779267602, 0.000206907963729, 8.92631796887e-05, 0.000104790924524, 0.000129748237669, 6.23563100817e-05, 7.31302061467e-05, 3.24167558574e-05, 2.96762300422e-05, 3.95492534153e-05, 1.75288350874e-05, 1.94981112145e-06, 2.75651435011e-09, 4.71068850594e-10],
        "min": [9.81468906147e-10, 3.29779027197e-07, 1.53041227691e-07, 5.34180841782e-08, 6.97107793712e-08, 9.83434311763e-09, 1.05252873084e-08, 9.96937998821e-09, 4.50256898432e-09, 2.10937507461e-08, 3.46082131841e-08, 2.35701969054e-09, 1.32819888421e-09, 2.93724289335e-09, 1.42242639889e-09, 3.4862340792e-10, 4.36269576021e-10, 1.65260924945e-08, 7.47060302508e-10, 7.15790371419e-10, 7.5819700518e-10, 1.33160274474e-10, 1.69063985034e-09, 2.14194287307e-10, 7.96000331621e-12, 4.40600247259e-12, 5.28057762447e-12],
        "var": [2.48862534136e-07, 0.000276047911029, 0.000122552461107, 6.19903175902e-06, 3.50570408045e-05, 1.06768857222e-05, 4.01595070798e-06, 8.39241965878e-06, 4.86381304654e-06, 4.31796206612e-06, 1.66192403412e-05, 4.48249920737e-06, 1.50607286287e-06, 1.71172032424e-05, 1.45594719925e-06, 6.81774395161e-07, 2.53376811088e-07, 1.13555665848e-06, 3.77101478932e-08, 2.74406687595e-07, 4.22225916452e-08, 1.47317848587e-07, 3.29384164388e-07, 7.0094313287e-07, 4.9165382876e-08, 4.79254968501e-14, 1.19183650198e-16]
    },
    "erbbands": {
        "dmean": [0.137021437287, 2.13180160522, 7.10396194458, 3.92238855362, 4.63856077194, 7.95230102539, 8.93977165222, 7.76551389694, 11.535785675, 10.7823972702, 19.9469337463, 15.5545358658, 18.7191619873, 28.1522827148, 20.049905777, 20.7031726837, 11.9097595215, 27.3805885315, 17.564491272, 13.0690917969, 7.52312040329, 6.28666210175, 10.0202045441, 4.82677602768, 3.4647333622, 4.57100248337, 3.05782175064, 1.70898473263, 2.4232237339, 3.60891652107, 2.44250249863, 2.40211510658, 1.97467553616, 0.625811100006, 0.0237900018692, 0.0011363363592, 8.73284952831e-05, 1.46184447658e-05, 9.37278673518e-06, 1.67252183019e-05],
        "dmean2": [0.23314845562, 3.65407180786, 12.9091873169, 7.36023235321, 8.31015110016, 12.5489902496, 14.2173118591, 12.529458046, 19.5358505249, 17.5002288818, 29.780090332, 25.0075206757, 29.5379447937, 43.5355148315, 29.0126972198, 32.0638999939, 17.1838665009, 42.2427711487, 26.0833091736, 19.6396083832, 11.6991357803, 9.44827079773, 14.8563814163, 7.35395622253, 5.18491220474, 6.87144422531, 4.52691268921, 2.53253293037, 3.40151548386, 5.15998506546, 3.42398786545, 3.23787951469, 2.80436730385, 0.838599681854, 0.034339684993, 0.00161852815654, 0.000117762858281, 1.96554883587e-05, 1.43247343658e-05, 2.70905129582e-05],
        "dvar": [0.0863221809268, 16.1164455414, 221.856704712, 99.5785751343, 61.8020019531, 157.189575195, 223.403579712, 289.06817627, 506.940643311, 308.418365479, 1790.72424316, 1088.54382324, 917.30645752, 2923.7434082, 3213.1015625, 1669.49401855, 765.494262695, 5163.60351562, 2502.92260742, 753.391723633, 351.001403809, 277.766906738, 732.691589355, 74.5612640381, 32.657497406, 91.0436096191, 49.0659103394, 20.2615528107, 68.7403411865, 117.981300354, 53.3059806824, 85.5980072021, 81.1694030762, 12.4154443741, 0.0253175701946, 5.36915504199e-05, 1.87900454307e-07, 3.76568731753e-09, 2.72787237243e-10, 6.53715581667e-10],
        "dvar2": [0.247064948082, 44.3551521301, 640.08984375, 293.927703857, 195.450485229, 350.005340576, 506.680877686, 630.323730469, 1422.34912109, 743.481933594, 3598.30371094, 2735.10449219, 2173.75634766, 6680.96533203, 4143.94287109, 4200.15722656, 1218.27856445, 12283.0449219, 5173.72314453, 1634.8951416, 816.489440918, 537.777038574, 1307.82507324, 172.418411255, 70.9354324341, 206.699783325, 102.890655518, 39.003452301, 134.226821899, 209.728271484, 88.282989502, 145.499969482, 146.121887207, 22.0280132294, 0.0439590923488, 9.13050753297e-05, 2.99279861338e-07, 5.84750958765e-09, 5.08538988697e-10, 1.66621982878e-09],
        "max": [3.08083128929, 38.3854980469, 117.16355896, 109.399398804, 99.0659179688, 333.735992432, 295.258453369, 386.11529541, 547.327026367, 353.768951416, 820.769165039, 755.748291016, 440.672668457, 1118.11584473, 3290.48779297, 918.712341309, 1150.19641113, 1637.0065918, 1694.64660645, 667.550476074, 411.996368408, 578.391906738, 1181.99902344, 180.151809692, 89.3310623169, 218.420150757, 169.904266357, 106.893890381, 291.659881592, 224.683319092, 214.180633545, 173.015960693, 150.90045166, 119.168930054, 4.98507595062, 0.230170875788, 0.0128571689129, 0.00158291042317, 0.000321727246046, 0.000263640424237],
        "mean": [0.186960369349, 2.61667132378, 6.76879549026, 4.02136659622, 6.41219615936, 19.5693206787, 20.6398143768, 19.0537128448, 26.1320590973, 20.2574806213, 43.4392929077, 30.5157241821, 39.3300666809, 61.5928726196, 45.8271827698, 56.4954528809, 25.9590530396, 67.7539596558, 46.0785675049, 30.3653945923, 15.7517976761, 15.079492569, 25.8396568298, 11.3112382889, 8.19660663605, 11.6435422897, 7.67108201981, 3.41801261902, 4.50142097473, 7.70483541489, 5.20746660233, 4.42150211334, 3.17741441727, 0.914155602455, 0.0329612344503, 0.00167275837157, 0.00015264817921, 2.81816955976e-05, 2.49625882134e-05, 4.48259343102e-05],
        "median": [0.0767739638686, 0.828469455242, 1.0162447691, 0.967034518719, 3.21673059464, 8.86195087433, 9.67166233063, 9.39386367798, 11.1072950363, 11.5919055939, 15.8410959244, 16.7109165192, 16.7760353088, 22.9384918213, 14.0384349823, 13.7144393921, 10.5414714813, 10.2496738434, 10.5469074249, 10.7079849243, 5.91608858109, 6.01767492294, 7.4209985733, 4.60132360458, 2.99248242378, 3.41740489006, 2.30160713196, 0.916081368923, 1.00767767429, 1.47906005383, 0.975025177002, 0.483431100845, 0.240520179272, 0.0536628030241, 0.00165605125949, 0.00012769123714, 2.97042170132e-05, 6.8894537435e-06, 1.84351574717e-05, 3.72182294086e-05],
        "min": [7.51706011215e-06, 8.00116613391e-05, 0.000194172316696, 0.000181834839168, 0.000499093090184, 8.88110007509e-05, 6.8342895247e-05, 7.17837756383e-05, 9.08787624212e-05, 0.000300166313536, 0.00012701821106, 0.000102808844531, 0.000460675713839, 0.00155194161925, 0.000570836593397, 8.25286479085e-05, 5.52362835151e-05, 0.000176063302206, 8.09859120636e-05, 4.33394379797e-05, 2.30432178796e-05, 0.000128845320432, 0.00111029855907, 8.19167398731e-05, 4.54795263067e-05, 2.63520360022e-05, 5.1163155149e-05, 1.44113055285e-05, 7.05704724169e-06, 7.12699766154e-05, 1.91662456928e-05, 7.78277899371e-06, 9.67110509009e-07, 1.3098926388e-07, 4.29346371789e-08, 1.5398452291e-08, 1.05317052856e-08, 2.92772273092e-09, 1.42915157486e-09, 1.82576320729e-09],
        "var": [0.0947712138295, 19.718038559, 193.90184021, 77.2061767578, 76.5984725952, 784.040283203, 808.367919922, 954.542480469, 1479.08972168, 727.885192871, 6352.109375, 1919.74414062, 3164.16357422, 9611.13183594, 29841.4960938, 9873.69335938, 2955.86499023, 25652.078125, 17662.8574219, 2354.61767578, 882.009094238, 1184.6751709, 4424.21435547, 300.590026855, 133.42489624, 369.076873779, 256.751373291, 57.3238601685, 159.915252686, 426.334503174, 195.860183716, 263.039154053, 192.631454468, 23.6383953094, 0.0412198454142, 9.21558239497e-05, 4.13287068568e-07, 9.66400381941e-09, 7.55610962688e-10, 1.17688492285e-09]
    },
    "gfcc": {
        "mean": [-19.8163070679, 147.124542236, -151.151550293, 49.1186523438, -73.2335205078, 19.2634506226, -26.7514209747, -7.45582580566, 1.1665366888, -22.6929931641, 12.2049818039, -17.555437088, 7.16577672958],
        "cov": [[2668.77563477, -739.137329102, -244.236923218, 83.8225097656, -173.548950195, 289.179473877, -54.25598526, 164.95803833, 20.4167003632, 139.215530396, 28.8962554932, 5.76823759079, -20.7681617737], [-739.137329102, 1098.23461914, 123.602394104, -109.19078064, 463.110900879, -203.635314941, 229.163970947, -114.933624268, 94.8192520142, -84.688911438, 63.167098999, -59.3490943909, 16.5513114929], [-244.236923218, 123.602394104, 720.94732666, 215.215026855, 55.9882545471, 82.3355178833, 4.26791095734, 33.6765060425, -4.08524036407, 16.8487052917, -63.0639343262, -29.0263118744, 11.7105922699], [83.8225097656, -109.19078064, 215.215026855, 263.219482422, 18.2028484344, 24.7174110413, 19.0039310455, 53.3325424194, 25.4522743225, 28.4462604523, -27.7728710175, 21.358215332, -0.341156899929], [-173.548950195, 463.110900879, 55.9882545471, 18.2028484344, 367.69744873, -25.3238334656, 151.039718628, -7.66938638687, 73.7707290649, -16.5956916809, 23.2813892365, -31.7949810028, -11.8172883987], [289.179473877, -203.635314941, 82.3355178833, 24.7174110413, -25.3238334656, 225.80531311, 23.1531486511, 41.8488845825, -13.6941566467, 34.3999595642, -11.3278455734, 0.135503679514, -17.277551651], [-54.25598526, 229.163970947, 4.26791095734, 19.0039310455, 151.039718628, 23.1531486511, 212.16847229, 1.83152008057, 17.9845695496, 7.78895521164, 34.7105331421, -5.17530202866, -27.6719226837], [164.95803833, -114.933624268, 33.6765060425, 53.3325424194, -7.66938638687, 41.8488845825, 1.83152008057, 131.050338745, 32.7482528687, 28.2327861786, 9.70956325531, 6.66759681702, 4.22659730911], [20.4167003632, 94.8192520142, -4.08524036407, 25.4522743225, 73.7707290649, -13.6941566467, 17.9845695496, 32.7482528687, 124.496185303, 7.12899637222, -2.08345651627, 19.5345077515, -6.47745275497], [139.215530396, -84.688911438, 16.8487052917, 28.4462604523, -16.5956916809, 34.3999595642, 7.78895521164, 28.2327861786, 7.12899637222, 96.7926254272, 28.4552249908, -7.12206745148, 11.0401449203], [28.8962554932, 63.167098999, -63.0639343262, -27.7728710175, 23.2813892365, -11.3278455734, 34.7105331421, 9.70956325531, -2.08345651627, 28.4552249908, 97.9960708618, 32.6345672607, 11.0277681351], [5.76823759079, -59.3490943909, -29.0263118744, 21.358215332, -31.7949810028, 0.135503679514, -5.17530202866, 6.66759681702, 19.5345077515, -7.12206745148, 32.6345672607, 100.706367493, 29.4698638916], [-20.7681617737, 16.5513114929, 11.7105922699, -0.341156899929, -11.8172883987, -17.277551651, -27.6719226837, 4.22659730911, -6.47745275497, 11.0401449203, 11.0277681351, 29.4698638916, 76.9440383911]],
        "icov": [[0.00056890421547, 0.00039247769746, 0.000239654429606, -0.000205668358831, -0.000113259964564, -0.000511557387654, -3.10320319841e-05, -6.6647407948e-05, -0.000430938322097, -7.05813317836e-06, -0.000518515938893, 0.000619940110482, -0.000306410132907], [0.00039247769746, 0.00902928970754, -0.00351625308394, 0.00433952501044, -0.00555155845359, 0.00517881335691, -0.00582459429279, 0.00525642186403, -0.00654822355136, 0.00664827227592, -0.00715126749128, 0.00691277487203, -0.0064830109477], [0.000239654429606, -0.00351625308394, 0.00376399396919, -0.00374960852787, 0.00182165310252, -0.00330587569624, 0.00272403121926, -0.00205099908635, 0.00275162118487, -0.00251712370664, 0.0030994086992, -0.00153409864288, 0.00159750506282], [-0.000205668358831, 0.00433952501044, -0.00374960852787, 0.00900760479271, -0.00329152797349, 0.00418668426573, -0.00360973598436, 0.000461054645712, -0.00236624036916, 0.000396877760068, 0.000171404215507, -0.00089903944172, -0.00120367726777], [-0.000113259964564, -0.00555155845359, 0.00182165310252, -0.00329152797349, 0.00908003840595, -0.00332853104919, 0.000124387690448, -0.00213374150917, 6.53457163935e-06, -0.00141967867967, 0.00176206277683, -0.000195507658646, 0.00170743104536], [-0.000511557387654, 0.00517881335691, -0.00330587569624, 0.00418668426573, -0.00332853104919, 0.00988806411624, -0.00457458524033, 0.00129948626272, -0.0017812831793, 0.0012677233899, -0.00132944411598, 0.00110200466588, -0.00130120513495], [-3.10320319841e-05, -0.00582459429279, 0.00272403121926, -0.00360973598436, 0.000124387690448, -0.00457458524033, 0.0117862494662, -0.00339613459073, 0.0054386225529, -0.00517924735323, 0.00270948372781, -0.00538266729563, 0.0071054007858], [-6.6647407948e-05, 0.00525642186403, -0.00205099908635, 0.000461054645712, -0.00213374150917, 0.00129948626272, -0.00339613459073, 0.013517729938, -0.00741180451587, 0.00404516002163, -0.00681971898302, 0.00619119685143, -0.00543251959607], [-0.000430938322097, -0.00654822355136, 0.00275162118487, -0.00236624036916, 6.53457163935e-06, -0.0017812831793, 0.0054386225529, -0.00741180451587, 0.0175077263266, -0.00849071703851, 0.00972658861428, -0.0113978814334, 0.00849061273038], [-7.05813317836e-06, 0.00664827227592, -0.00251712370664, 0.000396877760068, -0.00141967867967, 0.0012677233899, -0.00517924735323, 0.00404516002163, -0.00849071703851, 0.0216169320047, -0.0133942915127, 0.0124934250489, -0.00974714942276], [-0.000518515938893, -0.00715126749128, 0.0030994086992, 0.000171404215507, 0.00176206277683, -0.00132944411598, 0.00270948372781, -0.00681971898302, 0.00972658861428, -0.0133942915127, 0.0244483761489, -0.0150578096509, 0.00725241284817], [0.000619940110482, 0.00691277487203, -0.00153409864288, -0.00089903944172, -0.000195507658646, 0.00110200466588, -0.00538266729563, 0.00619119685143, -0.0113978814334, 0.0124934250489, -0.0150578096509, 0.0248178169131, -0.0132479527965], [-0.000306410132907, -0.0064830109477, 0.00159750506282, -0.00120367726777, 0.00170743104536, -0.00130120513495, 0.0071054007858, -0.00543251959607, 0.00849061273038, -0.00974714942276, 0.00725241284817, -0.0132479527965, 0.0230315700173]]
    },
    "melbands": {
        "dmean": [0.00168505031615, 0.00332415080629, 0.000746878213249, 0.000409745814977, 0.000318787089782, 0.000181437062565, 0.000173784967046, 0.000120215998322, 0.000172088388354, 9.62894773693e-05, 9.56515359576e-05, 0.000113892077934, 7.19861272955e-05, 5.55811529921e-05, 4.62020470877e-05, 2.53858652286e-05, 5.94561824983e-05, 2.94376168313e-05, 2.52388945228e-05, 1.69552840816e-05, 7.6090705079e-06, 7.62248191677e-06, 6.89843454893e-06, 9.16142289498e-06, 3.78486902264e-06, 2.71043677458e-06, 3.12662223223e-06, 3.53314248969e-06, 2.60034198618e-06, 1.2004219343e-06, 9.81732227956e-07, 1.32017032684e-06, 1.74352760496e-06, 2.41083716901e-06, 1.54552890308e-06, 1.46738682361e-06, 1.60176875852e-06, 1.50964649492e-06, 1.24205303109e-06, 3.08317282816e-07],
        "dmean2": [0.00288738356903, 0.00593441398814, 0.00140173360705, 0.000671256450005, 0.000505574804265, 0.000293497578241, 0.000292650802294, 0.000191796338186, 0.000256629369687, 0.000156375783263, 0.000152043503476, 0.000176842135261, 0.000104601254861, 8.49351781653e-05, 7.17248767614e-05, 3.65842497558e-05, 9.26068241824e-05, 4.42568707513e-05, 3.73233451683e-05, 2.56469102169e-05, 1.21879475046e-05, 1.16541186799e-05, 1.04764612843e-05, 1.36228927659e-05, 5.90060562899e-06, 4.16953707827e-06, 4.72364808957e-06, 5.43497571925e-06, 4.01703255193e-06, 1.80009351425e-06, 1.48766480379e-06, 1.87294494935e-06, 2.59843500316e-06, 3.46476963387e-06, 2.23328925131e-06, 2.12316558645e-06, 2.17861997953e-06, 2.16993726099e-06, 1.72143631971e-06, 4.38738709363e-07],
        "dvar": [1.11601821118e-05, 4.47748789156e-05, 3.06343235934e-06, 3.21733097053e-07, 2.71967536492e-07, 1.27802849192e-07, 9.95164910478e-08, 3.75190296609e-08, 1.28405815758e-07, 4.56346747058e-08, 2.45432758561e-08, 4.91933853652e-08, 2.75786185e-08, 1.36902791326e-08, 8.65412808082e-09, 6.65879751338e-09, 2.7257948787e-08, 1.09997273512e-08, 3.16190140737e-09, 2.03002059607e-09, 3.60113217024e-10, 4.4181255876e-10, 2.26156426919e-10, 7.93103416274e-10, 4.67460514741e-11, 2.24969036455e-11, 3.75527907381e-11, 6.42120662198e-11, 4.02020743084e-11, 1.01935031596e-11, 7.02563658292e-12, 2.34652974135e-11, 3.23714909045e-11, 5.18544339412e-11, 1.91981361364e-11, 2.82217825498e-11, 4.07485781229e-11, 4.76472576671e-11, 3.83206938404e-11, 4.57725047101e-12],
        "dvar2": [3.14366916427e-05, 0.000123438527226, 9.32477541937e-06, 7.85422855643e-07, 5.89267074247e-07, 2.87948068944e-07, 2.74622266261e-07, 8.63164899556e-08, 2.65873325134e-07, 1.16141521289e-07, 5.82954555739e-08, 1.11696799365e-07, 4.10717966304e-08, 3.00457436708e-08, 2.08131929469e-08, 1.0037378928e-08, 6.47434248435e-08, 2.25742393667e-08, 6.24971496777e-09, 4.44987069415e-09, 8.38320302066e-10, 8.48364933859e-10, 5.0644255456e-10, 1.38188382959e-09, 1.12681079745e-10, 5.10897851802e-11, 8.3537940454e-11, 1.53257587177e-10, 9.4260398098e-11, 1.87091054454e-11, 1.43468709135e-11, 4.95419573421e-11, 6.583591311e-11, 9.47202941082e-11, 3.48457512844e-11, 5.34469760116e-11, 7.04952138331e-11, 9.37804625623e-11, 7.56291140824e-11, 7.9676543141e-12],
        "max": [0.0309765227139, 0.0608431398869, 0.0185036584735, 0.01335863024, 0.00888876151294, 0.00799617450684, 0.00708427280188, 0.00422436185181, 0.00724593922496, 0.00531738530844, 0.00215427298099, 0.00428972113878, 0.00917723868042, 0.00410270458087, 0.00187866855413, 0.00328366295435, 0.00375892198645, 0.0039375028573, 0.0014121098211, 0.00117680849507, 0.000473521475215, 0.000745949859265, 0.000345395790646, 0.00126936403103, 0.00013819981541, 7.42427873774e-05, 0.000120319935377, 0.000186333199963, 0.00016614854394, 0.000101693782199, 6.5574015025e-05, 0.000173647262272, 0.000116325929412, 0.000167967184098, 0.000149468673044, 0.000105624043499, 0.000135484689963, 0.000130545740831, 0.00013972693705, 8.15422099549e-05],
        "mean": [0.00228606374003, 0.00365350302309, 0.000775508524384, 0.000912782154046, 0.000791281170677, 0.000459988164948, 0.000385195395211, 0.000223334107432, 0.000367420696421, 0.000179318885785, 0.000191643237486, 0.000239264874835, 0.000160779440193, 0.000138077986776, 0.000106448540464, 4.70767263323e-05, 0.000146203354234, 7.91022830526e-05, 5.11496000399e-05, 3.38289901265e-05, 1.3735997527e-05, 1.63326858456e-05, 1.64293178386e-05, 2.33858409047e-05, 7.33859133106e-06, 5.32247895535e-06, 6.90320439389e-06, 8.33576086734e-06, 6.47451906843e-06, 2.14021633838e-06, 1.78703965048e-06, 2.27142550102e-06, 3.16072737405e-06, 4.91321497975e-06, 3.07324148707e-06, 2.57986334873e-06, 2.74908961728e-06, 2.31006720242e-06, 1.78881612101e-06, 4.02555542678e-07],
        "median": [0.000916456338018, 0.000785697659012, 0.00021398194076, 0.000463729578769, 0.000393389869714, 0.000230318459217, 0.00018174359866, 0.000112479028758, 0.000127725739731, 9.36514261412e-05, 7.53557615099e-05, 8.33574958961e-05, 4.7599663958e-05, 3.34865471814e-05, 3.105264841e-05, 1.34466909003e-05, 1.8355458451e-05, 1.15582379294e-05, 1.66830686794e-05, 9.85701808531e-06, 5.62589139008e-06, 5.82063466936e-06, 5.85181123824e-06, 5.824559139e-06, 3.11475423587e-06, 2.11069595935e-06, 2.03266927201e-06, 2.1804617063e-06, 1.65171729805e-06, 6.03175635661e-07, 4.28875267744e-07, 4.92341314384e-07, 6.10625988884e-07, 8.31861768802e-07, 5.60090313684e-07, 3.13896549642e-07, 2.50998908768e-07, 1.7042812317e-07, 1.05498138225e-07, 1.81093398055e-08],
        "min": [8.08155036225e-08, 1.07150476936e-07, 3.76279771785e-08, 2.0441827786e-08, 1.81575332547e-09, 1.66658364886e-09, 1.60255775317e-09, 3.2496403346e-09, 8.13498157726e-10, 6.85814460777e-10, 2.07260320018e-09, 5.91475490808e-09, 2.99656655045e-09, 4.10244699323e-10, 7.66366137217e-11, 1.41497868977e-10, 3.70301955765e-10, 1.12781436967e-10, 1.09342083998e-10, 2.62315100197e-11, 2.34224219881e-11, 1.54780268463e-11, 8.91965890037e-10, 6.02584537823e-10, 1.63737599868e-11, 3.99208166524e-11, 1.36536016868e-11, 1.97209991393e-11, 3.42439826495e-11, 2.50270724284e-11, 3.56555583669e-12, 2.37583628986e-12, 4.16847502696e-12, 6.11968808961e-11, 8.49271347692e-12, 3.54286999044e-12, 5.4811953587e-12, 4.97071893195e-13, 8.71132864195e-14, 8.34938129919e-14],
        "var": [1.3621411199e-05, 4.63770375063e-05, 2.46577974394e-06, 1.33691935389e-06, 1.22505343825e-06, 4.84037400383e-07, 2.78810830423e-07, 1.04638921528e-07, 4.3382820536e-07, 7.42046211144e-08, 8.08710751699e-08, 1.47717045706e-07, 2.3709526431e-07, 8.02469912742e-08, 3.68198591616e-08, 2.50417677705e-08, 1.36811209472e-07, 8.77687114098e-08, 1.12296838495e-08, 6.24714191488e-09, 7.05643432575e-10, 1.77174341864e-09, 7.69360852804e-10, 5.31103738766e-09, 1.17699419655e-10, 6.10541686652e-11, 1.39352099304e-10, 2.3566570917e-10, 2.4937604759e-10, 2.57164584766e-11, 1.79569970005e-11, 4.27652496748e-11, 8.6376253372e-11, 1.79670237022e-10, 6.51460968504e-11, 7.46037329136e-11, 1.17929110921e-10, 1.03435149335e-10, 7.42906083873e-11, 7.34635963173e-12]
    },
    "mfcc": {
        "mean": [-636.708007812, 141.952285767, -2.78335261345, 17.8735980988, -2.9046497345, 8.7121515274, -4.46417951584, 11.4131526947, -8.08623886108, 8.57761096954, -6.50869655609, 1.68514740467, -0.893955945969],
        "cov": [[2866.07910156, -897.469299316, -176.734802246, -251.383010864, -91.075012207, 10.8509988785, -6.86411476135, 44.549156189, -10.8792104721, 139.487304688, 36.7476081848, -2.21744298935, 75.3014526367], [-897.469299316, 1266.06188965, -223.389450073, 201.144836426, 125.900177002, 66.0222091675, 89.5107650757, 42.0548362732, 7.18149328232, 27.6310596466, 20.0484771729, 4.14875268936, 6.8440747261], [-176.734802246, -223.389450073, 637.890563965, 68.4236450195, 86.6390151978, 60.4698257446, 10.7956781387, -37.1286354065, 86.5341186523, -41.5235977173, 7.27451562881, 56.7519607544, -24.6530685425], [-251.383010864, 201.144836426, 68.4236450195, 310.352783203, 67.344329834, 27.0149650574, 27.5347290039, 27.9472942352, 52.1069374084, 1.14523601532, 15.4779911041, 35.2670173645, 27.0602035522], [-91.075012207, 125.900177002, 86.6390151978, 67.344329834, 187.415420532, 26.190032959, 5.85926818848, 20.0428218842, 53.8884391785, 23.7305908203, 26.3421287537, 5.41726207733, -4.64911794662], [10.8509988785, 66.0222091675, 60.4698257446, 27.0149650574, 26.190032959, 161.028366089, 61.9838485718, 31.9731864929, 28.2861251831, 14.2179937363, 26.8930358887, 1.47711718082, -1.61425435543], [-6.86411476135, 89.5107650757, 10.7956781387, 27.5347290039, 5.85926818848, 61.9838485718, 188.814346313, 7.94599628448, 15.3654146194, 15.2823781967, 39.3373565674, 17.5739002228, 10.5043764114], [44.549156189, 42.0548362732, -37.1286354065, 27.9472942352, 20.0428218842, 31.9731864929, 7.94599628448, 139.346405029, 20.9802532196, 16.9965801239, 9.61222743988, 8.12039661407, 19.7236804962], [-10.8792104721, 7.18149328232, 86.5341186523, 52.1069374084, 53.8884391785, 28.2861251831, 15.3654146194, 20.9802532196, 113.973953247, 14.9809513092, 27.6470737457, 8.045337677, -2.48955154419], [139.487304688, 27.6310596466, -41.5235977173, 1.14523601532, 23.7305908203, 14.2179937363, 15.2823781967, 16.9965801239, 14.9809513092, 103.039489746, 35.7157516479, 2.59931182861, 6.27269935608], [36.7476081848, 20.0484771729, 7.27451562881, 15.4779911041, 26.3421287537, 26.8930358887, 39.3373565674, 9.61222743988, 27.6470737457, 35.7157516479, 89.6950073242, 20.7115535736, 1.87112247944], [-2.21744298935, 4.14875268936, 56.7519607544, 35.2670173645, 5.41726207733, 1.47711718082, 17.5739002228, 8.12039661407, 8.045337677, 2.59931182861, 20.7115535736, 76.5081176758, 19.069890976], [75.3014526367, 6.8440747261, -24.6530685425, 27.0602035522, -4.64911794662, -1.61425435543, 10.5043764114, 19.7236804962, -2.48955154419, 6.27269935608, 1.87112247944, 19.069890976, 81.7514038086]],
