{
"lowlevel": {
    "average_loudness": 0.564717829227,
    "barkbands_crest": {
        "dmean": 1.94248867035,
        "dmean2": 2.95728683472,
        "dvar": 4.18504047394,
        "dvar2": 8.69045352936,
        "max": 26.1939277649,
        "mean": 13.8228025436,
        "median": 13.0922260284,
        "min": 3.391269207,
        "var": 24.6154232025
    },
    "barkbands_flatness_db": {
        "dmean": 0.0230799131095,
        "dmean2": 0.0322736874223,
        "dvar": 0.000538359163329,
        "dvar2": 0.00104151119012,
        "max": 0.486970722675,
        "mean": 0.29363656044,
        "median": 0.294659048319,
        "min": 0.0607748888433,
        "var": 0.00703104306012
    },
    "barkbands_kurtosis": {
        "dmean": 7.59600877762,
        "dmean2": 11.9460687637,
        "dvar": 231.495574951,
        "dvar2": 505.078643799,
        "max": 285.750213623,
        "mean": 18.2890281677,
        "median": 8.9323682785,
        "min": -1.91743099689,
        "var": 834.329040527
    },
    "barkbands_skewness": {
        "dmean": 0.634035110474,
        "dmean2": 0.926279842854,
        "dvar": 0.685584664345,
        "dvar2": 1.32637286186,
        "max": 14.0419769287,
        "mean": 2.39733505249,
        "median": 1.94334506989,
        "min": -3.85217547417,
        "var": 4.46659994125
    },
    "barkbands_spread": {
        "dmean": 2.68426942825,
        "dmean2": 3.94440507889,
        "dvar": 60.7063980103,
        "dvar2": 121.892120361,
        "max": 93.6494598389,
        "mean": 7.14098310471,
        "median": 3.22499608994,
        "min": 0.54311311245,
        "var": 166.933990479
    },
    "dissonance": {
        "dmean": 0.0331544391811,
        "dmean2": 0.0547078102827,
        "dvar": 0.00110100046732,
        "dvar2": 0.00272332667373,
        "max": 0.499249070883,
        "mean": 0.375059604645,
        "median": 0.390302270651,
        "min": 0.124757915735,
        "var": 0.00489955022931
    },
    "dynamic_complexity": 7.36258935928,
    "erbbands_crest": {
        "dmean": 2.48239946365,
        "dmean2": 3.76748228073,
        "dvar": 6.8948392868,
        "dvar2": 16.2935028076,
        "max": 31.0724983215,
        "mean": 15.0932359695,
        "median": 14.9944210052,
        "min": 2.81818962097,
        "var": 30.6863536835
    },
    "erbbands_flatness_db": {
        "dmean": 0.0206201598048,
        "dmean2": 0.0290002636611,
        "dvar": 0.00047125844867,
        "dvar2": 0.000926983600948,
        "max": 0.418057799339,
        "mean": 0.259422928095,
        "median": 0.258200258017,
        "min": 0.0417620390654,
        "var": 0.00409158412367
    },
    "erbbands_kurtosis": {
        "dmean": 3.27572870255,
        "dmean2": 4.96159696579,
        "dvar": 30.1154060364,
        "dvar2": 62.433795929,
        "max": 88.6383895874,
        "mean": 6.9380197525,
        "median": 4.17714262009,
        "min": -1.78935217857,
        "var": 82.9756546021
    },
    "erbbands_skewness": {
        "dmean": 0.488784193993,
        "dmean2": 0.693400502205,
        "dvar": 0.344522476196,
        "dvar2": 0.656845629215,
        "max": 8.2043094635,
        "mean": 1.69479060173,
        "median": 1.52566158772,
        "min": -4.33403587341,
        "var": 1.8760484457
    },
    "erbbands_spread": {
        "dmean": 5.77401542664,
        "dmean2": 8.52656745911,
        "dvar": 126.961418152,
        "dvar2": 261.005889893,
        "max": 131.53213501,
        "mean": 19.0884914398,
        "median": 12.4937858582,
        "min": 2.46755385399,
        "var": 382.685974121
    },
    "hfc": {
        "dmean": 2.91433262825,
        "dmean2": 3.56433606148,
        "dvar": 120.219749451,
        "dvar2": 146.561416626,
        "max": 311.788116455,
        "mean": 8.06982707977,
        "median": 1.6400988102,
        "min": 1.23805842816e-16,
        "var": 527.755737305
    },
    "melbands_crest": {
        "dmean": 2.63802409172,
        "dmean2": 4.08530330658,
        "dvar": 7.94106912613,
        "dvar2": 18.9678211212,
        "max": 33.1608123779,
        "mean": 17.0454235077,
        "median": 16.1123390198,
        "min": 1.91019570827,
        "var": 27.2044696808
    },
    "melbands_flatness_db": {
        "dmean": 0.025230685249,
        "dmean2": 0.033870857209,
        "dvar": 0.000695742724929,
        "dvar2": 0.00123305304442,
        "max": 0.633338809013,
        "mean": 0.37019276619,
        "median": 0.368792802095,
        "min": 0.00121785036754,
        "var": 0.0123594291508
    },
    "melbands_kurtosis": {
        "dmean": 9.38940429688,
        "dmean2": 14.0991067886,
        "dvar": 298.612670898,
        "dvar2": 632.719543457,
        "max": 248.238174438,
        "mean": 22.8946285248,
        "median": 11.3963766098,
        "min": -1.90675079823,
        "var": 1059.27404785
    },
    "melbands_skewness": {
        "dmean": 0.650871872902,
        "dmean2": 0.944929182529,
        "dvar": 0.75055706501,
        "dvar2": 1.56984937191,
        "max": 12.7040958405,
        "mean": 2.62951755524,
        "median": 2.10959768295,
        "min": -0.93368601799,
        "var": 3.59621858597
    },
    "melbands_spread": {
        "dmean": 3.18248701096,
        "dmean2": 4.15136623383,
        "dvar": 135.885986328,
        "dvar2": 180.164413452,
        "max": 233.79196167,
        "mean": 8.42488098145,
        "median": 3.68534064293,
        "min": 0.68831384182,
        "var": 413.919158936
    },
    "pitch_salience": {
        "dmean": 0.0542401261628,
        "dmean2": 0.0838890373707,
        "dvar": 0.00324499886483,
        "dvar2": 0.00703544495627,
        "max": 0.961107313633,
        "mean": 0.506054461002,
        "median": 0.513223230839,
        "min": 0.0969446748495,
        "var": 0.0157633740455
    },
    "silence_rate_20dB": {
        "dmean": 0,
        "dmean2": 0,
        "dvar": 0,
        "dvar2": 0,
        "max": 1,
        "mean": 1,
        "median": 1,
        "min": 1,
        "var": 0
    },
    "silence_rate_30dB": {
        "dmean": 0.00463678501546,
        "dmean2": 0.00928074214607,
        "dvar": 0.00461525749415,
        "dvar2": 0.0138348666951,
        "max": 1,
        "mean": 0.997683405876,
        "median": 1,
        "min": 0,
        "var": 0.00231127231382
    },
    "silence_rate_60dB": {
        "dmean": 0.040185470134,
        "dmean2": 0.080433100462,
        "dvar": 0.0385704636574,
        "dvar2": 0.0878849849105,
        "max": 1,
        "mean": 0.379150569439,
        "median": 0,
        "min": 0,
        "var": 0.235396102071
    },
    "spectral_centroid": {
        "dmean": 113.649810791,
        "dmean2": 145.593475342,
        "dvar": 145671.34375,
        "dvar2": 159433.71875,
        "max": 11027.8417969,
        "mean": 544.385375977,
        "median": 351.400756836,
        "min": 202.332336426,
        "var": 426213.5
    },
    "spectral_complexity": {
        "dmean": 0.990726411343,
        "dmean2": 1.60556840897,
        "dvar": 1.98289692402,
        "dvar2": 4.20944738388,
        "max": 25,
        "mean": 6.53590726852,
        "median": 6,
        "min": 0,
        "var": 16.4711685181
    },
    "spectral_decrease": {
        "dmean": 1.0381748794e-09,
        "dmean2": 1.44835554661e-09,
        "dvar": 3.99859728494e-18,
        "dvar2": 8.31699003931e-18,
        "max": 6.32931177095e-29,
        "mean": -3.58686036428e-09,
        "median": -1.45841183574e-09,
        "min": -3.35495222714e-08,
        "var": 2.47788966982e-17
    },
    "spectral_energy": {
        "dmean": 0.00406018272042,
        "dmean2": 0.00568205164745,
        "dvar": 5.92139913351e-05,
        "dvar2": 0.000124160942505,
        "max": 0.130168691278,
        "mean": 0.0142695950344,
        "median": 0.00568806100637,
        "min": 1.0990678521e-20,
        "var": 0.00038817684981
    },
    "spectral_energyband_high": {
        "dmean": 0.000227825163165,
        "dmean2": 0.000240657420363,
        "dvar": 2.11719975596e-06,
        "dvar2": 2.27531927521e-06,
        "max": 0.0456544496119,
        "mean": 0.000387832405977,
        "median": 5.90767831454e-06,
        "min": 8.22346210393e-21,
        "var": 7.91656839283e-06
    },
    "spectral_energyband_low": {
        "dmean": 0.000406779552577,
        "dmean2": 0.000603841093834,
        "dvar": 6.08788411682e-07,
        "dvar2": 1.32403590669e-06,
        "max": 0.0115169845521,
        "mean": 0.00144660251681,
        "median": 0.000735404086299,
        "min": 4.12042939834e-23,
        "var": 3.36338985107e-06
    },
    "spectral_energyband_middle_high": {
        "dmean": 0.000285649846774,
        "dmean2": 0.000402148027206,
        "dvar": 2.61665763901e-06,
        "dvar2": 5.63853427593e-06,
        "max": 0.0530691817403,
        "mean": 0.000688554777298,
        "median": 5.85555026191e-05,
        "min": 1.52461463407e-21,
        "var": 7.35460207579e-06
    },
    "spectral_energyband_middle_low": {
        "dmean": 0.00384278828278,
        "dmean2": 0.00540693011135,
        "dvar": 5.91670068388e-05,
        "dvar2": 0.000124683690956,
        "max": 0.128270179033,
        "mean": 0.0119241112843,
        "median": 0.00355429947376,
        "min": 1.86463519173e-22,
        "var": 0.000322119478369
    },
    "spectral_entropy": {
        "dmean": 0.219380095601,
        "dmean2": 0.30610498786,
        "dvar": 0.0666335374117,
        "dvar2": 0.121034108102,
        "max": 9.81275749207,
        "mean": 6.08283042908,
        "median": 6.00538778305,
        "min": 4.48367834091,
        "var": 0.675556719303
    },
    "spectral_flux": {
        "dmean": 0.0131212892011,
        "dmean2": 0.0208253711462,
        "dvar": 0.000388448068406,
        "dvar2": 0.000940054305829,
        "max": 0.33785238862,
        "mean": 0.0352718681097,
        "median": 0.0219346918166,
        "min": 1.04836438142e-10,
        "var": 0.00150966004003
    },
    "spectral_kurtosis": {
        "dmean": 9.39762496948,
        "dmean2": 14.8946714401,
        "dvar": 183.053756714,
        "dvar2": 436.611938477,
        "max": 217.883621216,
        "mean": 31.4923686981,
        "median": 14.1631450653,
        "min": -1.18332862854,
        "var": 1483.04589844
    },
    "spectral_rms": {
        "dmean": 0.000425206118962,
        "dmean2": 0.000588429335039,
        "dvar": 3.62303580914e-07,
        "dvar2": 7.15943087926e-07,
        "max": 0.0112691549584,
        "mean": 0.0030192125123,
        "median": 0.00235570105724,
        "min": 3.27454014425e-12,
        "var": 4.80590779262e-06
    },
    "spectral_rolloff": {
        "dmean": 227.346328735,
        "dmean2": 361.700195312,
        "dvar": 1032238,
        "dvar2": 1594918.25,
        "max": 18733.8867188,
        "mean": 725.673583984,
        "median": 344.53125,
        "min": 172.265625,
        "var": 2258404
    },
    "spectral_skewness": {
        "dmean": 0.641899943352,
        "dmean2": 0.983979165554,
        "dvar": 0.50883191824,
        "dvar2": 1.18857860565,
        "max": 12.7909326553,
        "mean": 3.93911838531,
        "median": 3.13848185539,
        "min": -0.0578673630953,
        "var": 6.15891313553
    },
    "spectral_spread": {
        "dmean": 565009.875,
        "dmean2": 843184.125,
        "dvar": 1.17060599808e+12,
        "dvar2": 1.54689653965e+12,
        "max": 40498332,
        "mean": 3210890.5,
        "median": 3071987.25,
        "min": 408170.625,
        "var": 4.41803656397e+12
    },
    "spectral_strongpeak": {
        "dmean": 0.232273414731,
        "dmean2": 0.356407254934,
        "dvar": 0.258906692266,
        "dvar2": 0.575070619583,
        "max": 10.1350059509,
        "mean": 0.77449208498,
        "median": 0.426576465368,
        "min": 0,
        "var": 0.91079723835
    },
    "zerocrossingrate": {
        "dmean": 0.00641067232937,
        "dmean2": 0.00645188335329,
        "dvar": 0.000310581584927,
        "dvar2": 0.000214617626625,
        "max": 0.50634765625,
        "mean": 0.0280925743282,
        "median": 0.0166015625,
        "min": 0.00439453125,
        "var": 0.00189748522826
    },
    "barkbands": {
        "dmean": [3.14678845825e-06, 0.000171071354998, 0.000238191103563, 0.000147857426782, 0.00236798846163, 0.00143006409053, 0.000273105833912, 0.000373607152142, 0.000412895693444, 4.77922403661e-05, 4.71928506158e-05, 3.8400037738e-05, 5.68670911889e-05, 9.80735494522e-05, 3.68585569959e-05, 5.46869450773e-05, 3.31570481649e-05, 3.70536472474e-05, 1.63138629432e-05, 2.45539758907e-05, 3.48065768776e-05, 4.99566740473e-05, 4.29088213423e-05, 7.55246364861e-05, 2.43157392106e-05, 5.28058217242e-06, 1.63338000903e-07],
        "dmean2": [5.39201619176e-06, 0.000260272383457, 0.000356626173016, 0.00023663660977, 0.00335398782045, 0.00210192170925, 0.000424309342634, 0.000547459581867, 0.000588098540902, 7.07813596819e-05, 7.44501157897e-05, 6.14796153968e-05, 8.07947362773e-05, 0.000135105976369, 5.81282038183e-05, 8.24177259346e-05, 4.52699023299e-05, 5.28695345565e-05, 2.6012867238e-05, 3.56643286068e-05, 5.03065057273e-05, 5.07477707288e-05, 5.40567380085e-05, 8.59074789332e-05, 3.57687604264e-05, 7.69356756791e-06, 2.59493390331e-07],
        "dvar": [2.68901412248e-09, 1.31678106641e-07, 2.36219307226e-07, 1.10985020285e-07, 3.57194912795e-05, 1.10800792754e-05, 1.41144153076e-06, 7.5534012467e-06, 5.03866885992e-06, 4.26877484472e-08, 7.33041218837e-08, 1.30636223616e-07, 3.30023254946e-07, 1.44119906054e-06, 9.9108582674e-08, 2.18737142177e-07, 3.50859856724e-08, 3.30015481609e-08, 6.15158812778e-09, 2.62614339164e-08, 3.70244421788e-08, 1.68818729662e-07, 9.08130104449e-08, 3.48168697428e-07, 3.27968301406e-08, 1.44614042963e-09, 1.27644227653e-12],
        "dvar2": [6.43912123621e-09, 3.02374985495e-07, 5.15863234796e-07, 2.74234508879e-07, 7.46513105696e-05, 2.46032286668e-05, 2.59478656517e-06, 1.51210861077e-05, 9.65288290899e-06, 9.4221128677e-08, 1.88187669892e-07, 3.2933465377e-07, 6.59926342905e-07, 3.29460294779e-06, 2.4726830361e-07, 6.30612703389e-07, 5.23979508671e-08, 5.8802562819e-08, 1.38245335179e-08, 5.43369544914e-08, 7.83772051705e-08, 2.30904632303e-07, 1.14447693988e-07, 4.66108673436e-07, 6.30292689152e-08, 2.79944156745e-09, 2.51109419716e-12],
        "max": [0.00161421135999, 0.00530014373362, 0.00975249521434, 0.005085171666, 0.097424723208, 0.0507873035967, 0.0333188213408, 0.0746189281344, 0.0607001185417, 0.00336818094365, 0.0065387072973, 0.011012820527, 0.018277965486, 0.0399098359048, 0.00771521031857, 0.0138202700764, 0.00714726559818, 0.00491230748594, 0.00133699655998, 0.0045273238793, 0.00479821115732, 0.0176853574812, 0.00975251104683, 0.0184303708375, 0.00391492946073, 0.000823026406579, 3.18298880302e-05],
        "mean": [3.66389463125e-06, 0.000571604818106, 0.000702109246049, 0.000332287803758, 0.0061418293044, 0.00313467509113, 0.000589178642258, 0.000695412687492, 0.00101171247661, 8.5186547949e-05, 8.58415369294e-05, 5.18051856488e-05, 8.54871104821e-05, 0.000109489752504, 4.76512541354e-05, 7.41949261283e-05, 6.46406770102e-05, 6.05310306128e-05, 2.29878496611e-05, 3.16857767757e-05, 5.47191921214e-05, 7.97973698354e-05, 7.13984409231e-05, 0.000113813126518, 4.01767756557e-05, 7.55129349272e-06, 1.63543873555e-07],
        "median": [3.638097823e-08, 0.000125130347442, 0.000266772636678, 0.000164677883731, 0.00111003848724, 0.000593916629441, 0.000149530082126, 0.000122539000586, 5.90016206843e-05, 1.09980273919e-05, 5.80808546147e-06, 5.25617724634e-06, 3.38920585818e-06, 1.69196721345e-06, 1.34250319661e-06, 1.08519463993e-06, 9.65337790149e-07, 1.49560742102e-06, 9.95739355858e-07, 6.40127097995e-07, 7.76916692757e-07, 1.85282104326e-07, 8.34031368413e-07, 8.02376575848e-07, 3.24363412574e-07, 3.29781038033e-08, 1.92459626014e-09],
        "min": [3.48744362146e-24, 3.8183707712e-23, 1.08792034237e-24, 5.55554385312e-24, 1.3562298631e-23, 3.57878046142e-23, 1.8792563184e-23, 1.41965159775e-23, 9.66112523261e-23, 7.02726886919e-23, 1.19627550346e-22, 8.09060351342e-23, 1.24072573288e-22, 6.61381487808e-23, 1.06860966244e-22, 1.84593843097e-22, 2.08001630696e-22, 1.34036631205e-22, 2.94287653027e-22, 3.49735057847e-22, 4.60568147007e-22, 6.18220926065e-22, 6.49293664872e-22, 7.19530709673e-22, 1.36831536362e-21, 1.91427587346e-21, 2.51374937497e-21],
        "var": [3.34298855265e-09, 8.10916617411e-07, 1.55585792072e-06, 2.11374384662e-07, 0.000162843978615, 3.80941819458e-05, 4.09484073316e-06, 1.02600261016e-05, 2.30145305977e-05, 8.06122955055e-08, 1.22081146969e-07, 1.2258593074e-07, 5.20238188528e-07, 1.65437666055e-06, 1.0090450786e-07, 3.35329275458e-07, 1.43371536865e-07, 9.31118577796e-08, 9.58696322328e-09, 3.5133240317e-08, 9.60785442317e-08, 5.91423258811e-07, 3.11011802978e-07, 8.69779398727e-07, 8.47027123996e-08, 3.1458076144e-09, 1.93242991053e-12]
    },
    "erbbands": {
        "dmean": [0.00158290925901, 0.0498482808471, 0.244926318526, 0.36405223608, 1.89385581017, 9.94165706635, 17.9092826843, 9.39448165894, 3.63664221764, 4.98230886459, 8.50753498077, 11.6613121033, 2.60356664658, 1.7647922039, 1.77084219456, 1.4066491127, 2.89055752754, 1.80117988586, 4.67700195312, 2.81736803055, 1.73125267029, 1.40069830418, 2.01579809189, 1.12060523033, 0.853479981422, 1.17309260368, 1.49283361435, 1.41053831577, 2.10826063156, 1.12376642227, 1.29170906544, 1.87471437454, 0.958547890186, 0.33842664957, 0.163819417357, 0.0337220430374, 0.00801776628941, 0.000873742275871, 2.8628975997e-05, 5.66895550946e-06],
        "dmean2": [0.00252638454549, 0.0756674706936, 0.366279959679, 0.5751516819, 2.590457201, 14.023900032, 26.9182624817, 12.8558311462, 5.18879699707, 7.17181062698, 12.3670959473, 15.3426008224, 3.4813876152, 2.6490957737, 2.72169876099, 2.22328925133, 4.14695215225, 2.56002736092, 6.48408889771, 3.70464229584, 2.51670718193, 1.73364162445, 2.73594546318, 1.60405433178, 1.30579090118, 1.66643822193, 2.02319741249, 2.08678817749, 2.40470671654, 1.34623193741, 1.57021987438, 2.1697716713, 1.15084385872, 0.469436198473, 0.252734214067, 0.0477491393685, 0.0119979120791, 0.00126447994262, 4.27673367085e-05, 7.62524723541e-06],
        "dvar": [1.17721692732e-05, 0.0110896099359, 0.256051331758, 0.538680374622, 30.7843265533, 796.460754395, 2308.43701172, 766.16607666, 195.140258789, 880.583679199, 1996.18859863, 4227.34716797, 101.857887268, 67.119644165, 160.438049316, 115.900802612, 967.242553711, 220.74105835, 3673.22827148, 493.980957031, 217.085250854, 45.6565628052, 136.602050781, 20.713350296, 27.1203384399, 65.02759552, 50.3316383362, 97.7576675415, 388.577911377, 88.8640670776, 77.8757019043, 212.140960693, 52.472366333, 5.65674543381, 1.75951433182, 0.0635657683015, 0.00325504271314, 3.87706968468e-05, 2.72317102201e-08, 1.70401387445e-10],
        "dvar2": [2.78121478914e-05, 0.0249405857176, 0.540150165558, 1.31495153904, 55.8555755615, 1563.14086914, 5633.67382812, 1463.77990723, 316.64956665, 1663.60864258, 3371.66479492, 7709.02246094, 194.776123047, 175.000732422, 397.642028809, 254.575744629, 1913.51062012, 463.641082764, 8832.72265625, 743.336608887, 562.671264648, 53.9556274414, 218.577972412, 34.1575698853, 64.9366073608, 133.536636353, 92.1137771606, 207.246765137, 661.630249023, 105.028991699, 94.9332885742, 281.900390625, 68.7428131104, 9.40549564362, 3.84463906288, 0.122027806938, 0.00644718436524, 6.73270697007e-05, 4.74458516919e-08, 2.70346356412e-10],
        "max": [0.0661608278751, 1.55153691769, 10.064324379, 8.88987922668, 175.672302246, 556.165222168, 951.426025391, 609.811462402, 434.558135986, 730.792663574, 1434.3638916, 1949.31164551, 258.720245361, 200.040771484, 366.572113037, 329.380584717, 996.131835938, 457.629852295, 2004.31213379, 836.072143555, 528.756164551, 268.051300049, 349.250610352, 121.88432312, 99.3955459595, 227.22984314, 195.619918823, 272.468017578, 812.583312988, 356.235687256, 257.045532227, 427.341217041, 218.278091431, 54.4440498352, 28.7296714783, 5.86461305618, 1.20028173923, 0.168295070529, 0.00403414992616, 0.000315476761898],
        "mean": [0.00682709738612, 0.169437110424, 0.770167171955, 1.06568074226, 5.16220092773, 24.753660202, 39.4849433899, 19.7314949036, 8.61768341064, 8.99599647522, 18.9272842407, 26.9347362518, 5.53565692902, 3.84311056137, 3.02428865433, 2.23235821724, 4.40338563919, 2.46775341034, 5.60243844986, 4.78590297699, 3.08126425743, 3.06740307808, 3.50960564613, 2.0156416893, 1.14585936069, 1.53079307079, 2.27004504204, 2.29798674583, 3.22747349739, 1.79057443142, 2.12188720703, 2.78714227676, 1.50474023819, 0.571572422981, 0.240286037326, 0.0489009805024, 0.0115757156163, 0.00122225913219, 4.27831655543e-05, 1.85879980563e-05],
        "median": [0.00102004001383, 0.041391775012, 0.290864735842, 0.621002972126, 1.18948626518, 4.25221204758, 10.5234107971, 2.51510810852, 2.80833768845, 2.2877035141, 4.27214622498, 1.64281761646, 0.88345938921, 0.696439564228, 0.229815453291, 0.253861933947, 0.165356516838, 0.114816896617, 0.0876725763083, 0.061828609556, 0.060783084482, 0.0586730577052, 0.070992603898, 0.0887091457844, 0.0399722829461, 0.0322364531457, 0.049237921834, 0.0168242286891, 0.00827042106539, 0.0105421850458, 0.0259881056845, 0.0231221951544, 0.00894673261791, 0.00484980549663, 0.00163972179871, 0.000297743099509, 4.07879924751e-05, 6.34030266156e-06, 3.48226967617e-06, 6.65999414196e-06],
        "min": [1.68774177965e-21, 6.1497150576e-21, 2.11158874182e-21, 7.03229213349e-21, 3.80846781781e-20, 4.06234085692e-20, 2.17178854765e-19, 2.35737918428e-19, 1.75798795655e-19, 3.88714400318e-19, 4.34474858985e-19, 2.8900609064e-18, 1.96400470689e-18, 4.34511399688e-18, 2.36209881836e-18, 3.28005237018e-18, 5.42005877754e-18, 3.25493792601e-18, 4.84713197859e-18, 7.26113203769e-18, 1.30332595635e-17, 1.15456281713e-17, 6.43489358386e-18, 1.28263419876e-17, 1.53004044581e-17, 1.886609222e-17, 1.45866749753e-17, 2.03954532197e-17, 2.32835394391e-17, 1.67348547543e-17, 2.23462445435e-17, 1.39744819127e-17, 1.29881385154e-17, 1.46104349112e-17, 9.66040828189e-18, 6.44906236057e-18, 4.22542054866e-18, 1.44357782064e-18, 3.38636705088e-19, 3.65221695439e-20],
        "var": [0.000144882986206, 0.0645442828536, 1.72786390781, 1.50573480129, 182.473892212, 3409.47094727, 6585.83691406, 2667.31811523, 689.047607422, 1411.75024414, 4617.35253906, 18155.0800781, 351.104797363, 149.998840332, 206.431030273, 143.923461914, 1537.56506348, 304.601654053, 3981.5769043, 1356.16821289, 397.72756958, 248.225296021, 380.776245117, 64.8452911377, 34.2794837952, 85.1890411377, 124.631706238, 259.562225342, 1062.08605957, 273.915100098, 261.411651611, 525.0703125, 145.023742676, 17.1852226257, 3.40216493607, 0.135361179709, 0.00725723989308, 9.08365327632e-05, 5.93295972351e-08, 9.62259050219e-10]
    },
    "gfcc": {
        "mean": [-184.29246521, 152.038925171, -73.1439285278, 14.3886594772, -73.2203674316, -9.52162647247, -47.0851249695, -0.61772364378, -23.8256244659, -12.5057420731, -8.96049213409, -12.5838384628, -2.25539159775],
        "cov": [[18165.8652344, -2620.18701172, -2385.03662109, 907.544128418, -1291.94885254, 421.877075195, -757.35168457, 454.188751221, -484.23449707, 98.4856491089, 0.980011403561, 8.15446949005, 176.952301025], [-2620.18701172, 2763.25390625, 820.842346191, -860.361877441, 697.562072754, -143.575012207, 400.040222168, -289.585998535, 290.332458496, -89.5053405762, 191.8490448, -210.860900879, 49.0686569214], [-2385.03662109, 820.842346191, 1483.68774414, -62.8757858276, 275.510925293, 39.4555778503, 264.848602295, -114.178977966, 105.058868408, 42.5625534058, 0.566233694553, 10.1448535919, -32.1338005066], [907.544128418, -860.361877441, -62.8757858276, 682.959655762, -175.518341064, 94.3762283325, -65.3210067749, 136.439605713, -58.4643669128, 27.2676715851, -54.4749946594, 74.5248641968, 30.0192832947], [-1291.94885254, 697.562072754, 275.510925293, -175.518341064, 476.527618408, -16.0132579803, 107.808952332, -27.4941043854, 133.411621094, 13.1091985703, 27.2401733398, -14.5952730179, -0.871513664722], [421.877075195, -143.575012207, 39.4555778503, 94.3762283325, -16.0132579803, 236.312698364, 47.8377914429, -4.76879405975, 19.7411403656, 45.1475982666, -2.13844919205, 4.5273809433, 16.0917072296], [-757.35168457, 400.040222168, 264.848602295, -65.3210067749, 107.808952332, 47.8377914429, 267.467437744, -57.5310935974, 37.8290138245, 45.1686401367, -1.76359117031, -20.4630222321, -1.91573321819], [454.188751221, -289.585998535, -114.178977966, 136.439605713, -27.4941043854, -4.76879405975, -57.5310935974, 222.050521851, -24.0740127563, -10.0105895996, 21.5830821991, 44.0198860168, 12.1920623779], [-484.23449707, 290.332458496, 105.058868408, -58.4643669128, 133.411621094, 19.7411403656, 37.8290138245, -24.0740127563, 173.021087646, 32.9679756165, 1.21894574165, -9.92136383057, 40.8492393494], [98.4856491089, -89.5053405762, 42.5625534058, 27.2676715851, 13.1091985703, 45.1475982666, 45.1686401367, -10.0105895996, 32.9679756165, 138.491622925, -11.0345821381, 5.08672189713, 1.73786354065], [0.980011403561, 191.8490448, 0.566233694553, -54.4749946594, 27.2401733398, -2.13844919205, -1.76359117031, 21.5830821991, 1.21894574165, -11.0345821381, 152.977630615, 1.17807734013, 23.7233276367], [8.15446949005, -210.860900879, 10.1448535919, 74.5248641968, -14.5952730179, 4.5273809433, -20.4630222321, 44.0198860168, -9.92136383057, 5.08672189713, 1.17807734013, 99.4561004639, -11.5595998764], [176.952301025, 49.0686569214, -32.1338005066, 30.0192832947, -0.871513664722, 16.0917072296, -1.91573321819, 12.1920623779, 40.8492393494, 1.73786354065, 23.7233276367, -11.5595998764, 108.212402344]],
        "icov": [[0.000105029859697, -0.000163571341545, 0.000139047115226, -0.000115473972983, 0.000234122708207, -0.000269730720902, 0.000300269020954, -0.000160835988936, 0.0002816648921, -0.000296515616355, 0.000135639595101, -7.31847903808e-05, -9.79385586106e-05], [-0.000163571341545, 0.00262497668155, -0.000766859448049, 0.00156057742424, -0.00186179939192, 0.00142654811498, -0.00244317692704, 0.00115774688311, -0.00211340421811, 0.00255408021621, -0.00232736952603, 0.00277146347798, -0.000421217730036], [0.000139047115226, -0.000766859448049, 0.00122572225519, -0.000638253695797, 0.000325982837239, -0.000558021769393, 0.000115201080916, -5.22287846252e-05, 0.00049881770974, -0.000775475695264, 0.000566680682823, -0.001041312702, 0.000343609543052], [-0.000115473972983, 0.00156057742424, -0.000638253695797, 0.00317583233118, -0.000599426683038, 8.24620001367e-05, -0.00117886404041, -0.000427920633228, -0.000743391632568, 0.00118284020573, -0.000400905089919, 0.000593163131271, -0.0011662193574], [0.000234122708207, -0.00186179939192, 0.000325982837239, -0.000599426683038, 0.00477770296857, -0.000946007377934, 0.00115964876022, -0.00145577534568, -0.000660580117255, -0.00166840082966, 0.00123277807143, -0.00181395898107, 0.000900298531633], [-0.000269730720902, 0.00142654811498, -0.000558021769393, 8.24620001367e-05, -0.000946007377934, 0.00614468706772, -0.00251545244828, 0.00114560581278, -0.00200415984727, 0.000560677319299, -0.00160840910394, 0.00136068847496, -0.000243830538238], [0.000300269020954, -0.00244317692704, 0.000115201080916, -0.00117886404041, 0.00115964876022, -0.00251545244828, 0.00783975142986, -0.000659465848003, 0.0027016478125, -0.00388581538573, 0.00230599660426, -0.00171064038295, -7.11485627107e-05], [-0.000160835988936, 0.00115774688311, -5.22287846252e-05, -0.000427920633228, -0.00145577534568, 0.00114560581278, -0.000659465848003, 0.00661816308275, -0.000629793328699, 0.00143745704554, -0.00207691104151, -0.00070725340629, -0.000503759016283], [0.0002816648921, -0.00211340421811, 0.00049881770974, -0.000743391632568, -0.000660580117255, -0.00200415984727, 0.0027016478125, -0.000629793328699, 0.0111254760996, -0.00407678214833, 0.00280575524084, -0.00231756013818, -0.00373339699581], [-0.000296515616355, 0.00255408021621, -0.000775475695264, 0.00118284020573, -0.00166840082966, 0.000560677319299, -0.00388581538573, 0.00143745704554, -0.00407678214833, 0.0111678568646, -0.00196673371829, 0.00202345685102, 0.000447673810413], [0.000135639595101, -0.00232736952603, 0.000566680682823, -0.000400905089919, 0.00123277807143, -0.00160840910394, 0.00230599660426, -0.00207691104151, 0.00280575524084, -0.00196673371829, 0.00952536333352, -0.00299646286294, -0.00179893139284], [-7.31847903808e-05, 0.00277146347798, -0.001041312702, 0.000593163131271, -0.00181395898107, 0.00136068847496, -0.00171064038295, -0.00070725340629, -0.00231756013818, 0.00202345685102, -0.00299646286294, 0.0150869488716, 0.00133255391847], [-9.79385586106e-05, -0.000421217730036, 0.000343609543052, -0.0011662193574, 0.000900298531633, -0.000243830538238, -7.11485627107e-05, -0.000503759016283, -0.00373339699581, 0.000447673810413, -0.00179893139284, 0.00133255391847, 0.0120556633919]]
    },
    "melbands": {
        "dmean": [3.01378549921e-05, 0.000107162239146, 8.51680524647e-05, 0.000382784026442, 0.000607778492849, 0.000211446924368, 5.75540361751e-05, 6.50112415315e-05, 7.28938248358e-05, 7.04131743987e-05, 1.00177367131e-05, 7.14766338206e-06, 5.97302368988e-06, 5.34690752829e-06, 4.42043801741e-06, 5.29497174284e-06, 3.55522251994e-06, 1.01471823655e-05, 2.56753673966e-06, 4.07668085245e-06, 1.92396692e-06, 1.37744859785e-06, 2.11759765989e-06, 1.88186538708e-06, 8.57826648826e-07, 6.12476071638e-07, 6.32365811271e-07, 8.75858120253e-07, 9.59451881499e-07, 8.85596477929e-07, 9.44931571212e-07, 1.33518915391e-06, 7.88614840985e-07, 5.86525516155e-07, 7.48606908019e-07, 8.47015769523e-07, 1.35425625558e-06, 7.69897951614e-07, 3.68551752672e-07, 2.87759348794e-07],
        "dmean2": [4.69501101179e-05, 0.000158808703418, 0.000129012725665, 0.00052925827913, 0.000898007478099, 0.000299047096632, 8.67518319865e-05, 9.48837478063e-05, 0.000102027872344, 9.2737362138e-05, 1.37887618621e-05, 1.0740169273e-05, 9.73201986199e-06, 8.76686408446e-06, 6.2894318944e-06, 7.8399098129e-06, 4.83560961584e-06, 1.42430799315e-05, 3.50259506376e-06, 5.79936022405e-06, 2.60749538938e-06, 1.8358455236e-06, 2.68689427685e-06, 2.71868339041e-06, 1.28044632675e-06, 9.88112446976e-07, 1.00674651549e-06, 1.27874125155e-06, 1.31304852857e-06, 1.35439552196e-06, 1.31798333314e-06, 1.46189734096e-06, 9.9564113043e-07, 7.61273838634e-07, 9.18617558909e-07, 1.1587528661e-06, 1.55148711656e-06, 9.44892008192e-07, 5.19459888437e-07, 4.26609290116e-07],
        "dvar": [4.0815018032e-09, 4.62356837261e-08, 2.92504775956e-08, 1.35234824938e-06, 2.36984260482e-06, 3.35562504006e-07, 5.05866815104e-08, 1.94131857256e-07, 1.14610998025e-07, 1.54297879362e-07, 1.43241563055e-09, 1.13117748501e-09, 1.3545251587e-09, 2.96558244628e-09, 9.57487200637e-10, 3.54314111384e-09, 8.9529406111e-10, 1.81091888152e-08, 3.53204021586e-10, 1.07707243124e-09, 1.88701679282e-10, 4.19290539788e-11, 1.76496151028e-10, 1.05900538339e-10, 1.41368297277e-11, 1.18558279513e-11, 1.92504085589e-11, 4.03259786674e-11, 1.85470666603e-11, 2.67839604662e-11, 4.65559292506e-11, 1.39607936323e-10, 5.73386685354e-11, 2.25903046269e-11, 2.56236473012e-11, 4.56757097422e-11, 1.20055312913e-10, 3.5665626702e-11, 7.2521025643e-12, 4.18606121988e-12],
        "dvar2": [9.65851487678e-09, 9.71455804688e-08, 6.26688390071e-08, 2.42339115175e-06, 5.80590358368e-06, 6.60762111693e-07, 8.56939621485e-08, 4.16812952153e-07, 1.86424827575e-07, 2.83298902559e-07, 2.65559529922e-09, 2.91329715907e-09, 3.1668407896e-09, 7.94410670579e-09, 2.0931600897e-09, 6.85771750497e-09, 1.75790060286e-09, 4.31023146064e-08, 5.64347457654e-10, 2.35793229386e-09, 3.74790559698e-10, 6.56537671451e-11, 2.14854203873e-10, 1.69318337129e-10, 2.4241322491e-11, 2.96932582688e-11, 4.37734154479e-11, 8.87275600214e-11, 3.38562580748e-11, 6.49000922448e-11, 1.0039443582e-10, 2.03398589638e-10, 1.06018221979e-10, 3.10573546047e-11, 3.89205924434e-11, 6.29620452997e-11, 1.82328832588e-10, 4.62336315066e-11, 1.18370825294e-11, 9.01834162903e-12],
        "max": [0.000969974789768, 0.00369581137784, 0.00275794719346, 0.0268700849265, 0.0302442535758, 0.0119713870808, 0.00716639682651, 0.0114903869107, 0.0121896369383, 0.0118857091293, 0.00125463132281, 0.000800694338977, 0.000801737245638, 0.00161020294763, 0.000871665950399, 0.00192058400717, 0.000879622180946, 0.00445036543533, 0.000559535517823, 0.00121755397413, 0.000535428291187, 0.000198555993848, 0.000542649126146, 0.000301400432363, 9.52986738412e-05, 5.65645204915e-05, 8.41403307277e-05, 0.000177209862159, 9.2838294222e-05, 0.000119062940939, 0.000163399119629, 0.000493457017001, 0.000306089583319, 0.000154223598656, 0.000148741484736, 0.000155173620442, 0.000319454469718, 0.000176657238626, 6.78014039295e-05, 4.0573606384e-05],
        "mean": [0.000113339701784, 0.000349036825355, 0.000238505424932, 0.00101084262133, 0.00140542443842, 0.00045290318667, 0.000127438790514, 0.000108396430733, 0.000167643913301, 0.00015403747966, 2.07451885217e-05, 1.47973232743e-05, 1.15067732622e-05, 6.87831425239e-06, 6.86575913278e-06, 7.85622069088e-06, 4.39707082478e-06, 1.14034055514e-05, 4.17633646066e-06, 6.24950371275e-06, 3.36669722856e-06, 2.90848538498e-06, 3.71086844098e-06, 3.14199360218e-06, 1.45740193602e-06, 7.91612421835e-07, 8.25702500151e-07, 1.04957325675e-06, 1.42175565543e-06, 1.22555388771e-06, 1.38938571581e-06, 2.07373750527e-06, 1.18700359053e-06, 9.02894043975e-07, 1.11950680548e-06, 1.52252539465e-06, 1.83382769592e-06, 1.20407617032e-06, 6.06520245583e-07, 4.28814360021e-07],
        "median": [2.12797858694e-05, 0.000136868373374, 0.000118145821034, 0.000185629964108, 0.000336900295224, 6.02347499807e-05, 3.81861791539e-05, 2.40402368945e-05, 3.17909980367e-05, 8.20715195005e-06, 3.69046324522e-06, 2.5794870453e-06, 7.48334286982e-07, 6.37684479443e-07, 4.2948721557e-07, 3.47669669054e-07, 1.59884777418e-07, 1.4216388422e-07, 8.93950371506e-08, 8.59089652749e-08, 5.50050955894e-08, 5.00192776087e-08, 5.41357358941e-08, 7.19089428003e-08, 6.05984240565e-08, 2.85610148865e-08, 1.58965995922e-08, 1.81644512764e-08, 3.07825729351e-08, 1.85708124434e-08, 4.68057459457e-09, 3.76291797721e-09, 2.3742947608e-09, 6.14687545308e-09, 1.36816780127e-08, 1.66869718043e-08, 1.00936325964e-08, 5.30080113137e-09, 3.86023657484e-09, 3.46676265472e-09],
        "min": [1.24919713659e-23, 3.40875711274e-24, 2.69719649041e-24, 2.32857145294e-24, 6.48214026682e-24, 5.86708790156e-24, 3.05310804831e-24, 4.06464644049e-24, 3.81616196066e-24, 1.80298388183e-23, 9.36347286694e-24, 1.78159817823e-23, 1.20587794438e-23, 4.9259117606e-24, 1.18708309666e-23, 1.36434203533e-23, 4.48567925497e-24, 8.15498686952e-24, 7.39596620576e-24, 1.16236224693e-23, 1.51051275458e-23, 1.38988519367e-23, 4.12357158909e-24, 7.9938525633e-24, 1.06233515746e-23, 1.12138108067e-23, 1.00850257931e-23, 1.38157801502e-23, 6.13467740922e-24, 1.27653684675e-23, 1.13144505256e-23, 1.36060946107e-23, 1.11119775413e-23, 7.71186082209e-24, 1.33409442609e-23, 1.14397366257e-23, 7.42861321432e-24, 9.10695344437e-24, 1.00937845158e-23, 1.30575830572e-23],
        "var": [3.41331229947e-08, 2.78741595139e-07, 9.73764144874e-08, 6.63635091769e-06, 7.38729977456e-06, 1.20238530599e-06, 1.70081207784e-07, 2.54709419778e-07, 3.72330589471e-07, 6.06757964761e-07, 6.00312155541e-09, 2.39480191233e-09, 2.38299646682e-09, 2.40693132092e-09, 1.69028413488e-09, 5.36713873345e-09, 1.20993104424e-09, 1.96125817808e-08, 7.86148535159e-10, 2.44296893825e-09, 4.42288983216e-10, 1.92159052559e-10, 6.68396782366e-10, 2.85441642545e-10, 3.65286551007e-11, 1.3976607198e-11, 2.61901091092e-11, 4.55598545002e-11, 4.23348994749e-11, 5.18799898874e-11, 1.10591348579e-10, 4.28808544228e-10, 1.48213705198e-10, 6.30477475783e-11, 7.46268186136e-11, 1.40216907529e-10, 2.49042092504e-10, 9.73150102168e-11, 2.06934382824e-11, 9.74052175723e-12]
    },
    "mfcc": {
        "mean": [-826.862243652, 170.488311768, 49.9084815979, 18.889289856, 0.378369152546, -14.540974617, -8.7500743866, -6.83434915543, -9.88996601105, -2.65341925621, -9.32249832153, -2.27728033066, -12.050983429],
        "cov": [[13024.7822266, -1719.86779785, -1899.64294434, -33.2472114563, -188.067779541, -590.656616211, -53.0184326172, -75.0700454712, -235.313339233, 88.1941680908, -470.127563477, 360.929107666, -127.057090759], [-1719.86779785, 2519.67358398, 443.827606201, -277.414428711, 103.875793457, 109.210166931, 108.691131592, -19.4878959656, -8.73662853241, 58.1891975403, 153.432662964, -50.5584411621, 9.80247497559], [-1899.64294434, 443.827606201, 1220.88122559, 202.930984497, -5.22046136856, 245.106170654, 102.049255371, 13.9428129196, 87.2944641113, -4.35000658035, 132.132644653, -78.5438156128, 19.3062496185], [-33.2472114563, -277.414428711, 202.930984497, 372.729003906, 53.8470535278, 3.73194026947, 27.0241260529, 53.1547889709, 69.5407562256, 7.97846889496, -4.52368211746, -1.8627910614, 8.6485490799], [-188.067779541, 103.875793457, -5.22046136856, 53.8470535278, 288.926544189, -9.88644695282, -9.59919166565, 45.1219139099, 24.9409103394, 17.9165668488, 19.8760948181, 30.9857692719, 4.1813082695], [-590.656616211, 109.210166931, 245.106170654, 3.73194026947, -9.88644695282, 345.628997803, 25.1683063507, -22.3254451752, 78.8865356445, 67.6759490967, 31.3896255493, -46.8398361206, 64.4021453857], [-53.0184326172, 108.691131592, 102.049255371, 27.0241260529, -9.59919166565, 25.1683063507, 187.420394897, 31.999628067, -11.6172018051, 12.6400403976, 29.3285198212, 8.40554618835, 29.2944145203], [-75.0700454712, -19.4878959656, 13.9428129196, 53.1547889709, 45.1219139099, -22.3254451752, 31.999628067, 148.695373535, 21.9222812653, -28.2193183899, 16.1475887299, 19.97407341, 7.73545885086], [-235.313339233, -8.73662853241, 87.2944641113, 69.5407562256, 24.9409103394, 78.8865356445, -11.6172018051, 21.9222812653, 147.668640137, 55.9143829346, -9.34206867218, 1.63636767864, 12.2879829407], [88.1941680908, 58.1891975403, -4.35000658035, 7.97846889496, 17.9165668488, 67.6759490967, 12.6400403976, -28.2193183899, 55.9143829346, 141.201934814, 1.13376259804, -5.01110172272, 31.0340061188], [-470.127563477, 153.432662964, 132.132644653, -4.52368211746, 19.8760948181, 31.3896255493, 29.3285198212, 16.1475887299, -9.34206867218, 1.13376259804, 139.495925903, -4.19351005554, 24.9422245026], [360.929107666, -50.5584411621, -78.5438156128, -1.8627910614, 30.9857692719, -46.8398361206, 8.40554618835, 19.97407341, 1.63636767864, -5.01110172272, -4.19351005554, 125.875831604, 6.15786600113], [-127.057090759, 9.80247497559, 19.3062496185, 8.6485490799, 4.1813082695, 64.4021453857, 29.2944145203, 7.73545885086, 12.2879829407, 31.0340061188, 24.9422245026, 6.15786600113, 93.9075241089]],
