{
"lowlevel": {
    "average_loudness": 0.816413938999,
    "barkbands_crest": {
        "dmean": 1.90553355217,
        "dmean2": 2.89792490005,
        "dvar": 5.50551795959,
        "dvar2": 11.6269617081,
        "max": 26.4989013672,
        "mean": 17.0339736938,
        "median": 17.9766483307,
        "min": 2.14957475662,
        "var": 35.5673942566
    },
    "barkbands_flatness_db": {
        "dmean": 0.0286814514548,
        "dmean2": 0.0398361980915,
        "dvar": 0.000991456327029,
        "dvar2": 0.00158392277081,
        "max": 0.524702012539,
        "mean": 0.266512900591,
        "median": 0.265978455544,
        "min": 0.040060441941,
        "var": 0.00761996023357
    },
    "barkbands_kurtosis": {
        "dmean": 10.21230793,
        "dmean2": 15.4561395645,
        "dvar": 463.605010986,
        "dvar2": 920.045776367,
        "max": 377.196838379,
        "mean": 20.6461791992,
        "median": 8.47520446777,
        "min": -1.93382263184,
        "var": 1233.44628906
    },
    "barkbands_skewness": {
        "dmean": 0.846096754074,
        "dmean2": 1.25570595264,
        "dvar": 1.2661793232,
        "dvar2": 2.40086126328,
        "max": 17.6347122192,
        "mean": 3.17600131035,
        "median": 2.68841505051,
        "min": -2.15191841125,
        "var": 5.3683142662
    },
    "barkbands_spread": {
        "dmean": 3.09373521805,
        "dmean2": 4.55064678192,
        "dvar": 42.883026123,
        "dvar2": 86.923034668,
        "max": 85.908531189,
        "mean": 10.3322839737,
        "median": 7.4764995575,
        "min": 0.348560005426,
        "var": 136.096008301
    },
    "dissonance": {
        "dmean": 0.0362667702138,
        "dmean2": 0.0588050447404,
        "dvar": 0.00120862328913,
        "dvar2": 0.00315840053372,
        "max": 0.49991902709,
        "mean": 0.418914169073,
        "median": 0.428335785866,
        "min": 0.151476681232,
        "var": 0.00312649621628
    },
    "dynamic_complexity": 3.10425019264,
    "erbbands_crest": {
        "dmean": 2.66672992706,
        "dmean2": 4.09403371811,
        "dvar": 7.98078870773,
        "dvar2": 17.1140823364,
        "max": 29.5173835754,
        "mean": 10.8799829483,
        "median": 10.0440387726,
        "min": 2.74746894836,
        "var": 24.5072193146
    },
    "erbbands_flatness_db": {
        "dmean": 0.0238205567002,
        "dmean2": 0.0346512384713,
        "dvar": 0.00072031840682,
        "dvar2": 0.00129805202596,
        "max": 0.402619957924,
        "mean": 0.19180573523,
        "median": 0.186880618334,
        "min": 0.0311277899891,
        "var": 0.00330425566062
    },
    "erbbands_kurtosis": {
        "dmean": 1.29844474792,
        "dmean2": 2.03800797462,
        "dvar": 2.78986406326,
        "dvar2": 6.40467262268,
        "max": 17.6938610077,
        "mean": 1.76199924946,
        "median": 1.05118465424,
        "min": -1.79305374622,
        "var": 7.54769802094
    },
    "erbbands_skewness": {
        "dmean": 0.3949868083,
        "dmean2": 0.575147032738,
        "dvar": 0.182333305478,
        "dvar2": 0.320988833904,
        "max": 3.40034461021,
        "mean": 0.451734989882,
        "median": 0.453741014004,
        "min": -3.4539475441,
        "var": 0.643403530121
    },
    "erbbands_spread": {
        "dmean": 8.3487443924,
        "dmean2": 12.594408989,
        "dvar": 164.176452637,
        "dvar2": 373.311981201,
        "max": 140.752838135,
        "mean": 31.6011276245,
        "median": 26.0791053772,
        "min": 2.96304488182,
        "var": 481.401092529
    },
    "hfc": {
        "dmean": 4.73588943481,
        "dmean2": 6.70440483093,
        "dvar": 72.8693847656,
        "dvar2": 146.848831177,
        "max": 125.718589783,
        "mean": 18.8873157501,
        "median": 16.3082695007,
        "min": 1.25149435594e-16,
        "var": 201.474731445
    },
    "melbands_crest": {
        "dmean": 2.31194376945,
        "dmean2": 3.54875826836,
        "dvar": 7.27962589264,
        "dvar2": 15.7432518005,
        "max": 36.7023696899,
        "mean": 23.2527122498,
        "median": 25.0897941589,
        "min": 2.02851080894,
        "var": 55.0719108582
    },
    "melbands_flatness_db": {
        "dmean": 0.0347043611109,
        "dmean2": 0.0472902841866,
        "dvar": 0.00152577599511,
        "dvar2": 0.00222143554129,
        "max": 0.672436952591,
        "mean": 0.351012051105,
        "median": 0.355070471764,
        "min": 0.00855841767043,
        "var": 0.0126530015841
    },
    "melbands_kurtosis": {
        "dmean": 17.9716701508,
        "dmean2": 28.1202945709,
        "dvar": 1492.28356934,
        "dvar2": 3417.82885742,
        "max": 565.11340332,
        "mean": 37.5201454163,
        "median": 17.2600898743,
        "min": -1.76040291786,
        "var": 3266.66552734
    },
    "melbands_skewness": {
        "dmean": 0.971272587776,
        "dmean2": 1.45824897289,
        "dvar": 1.69108259678,
        "dvar2": 3.46549510956,
        "max": 17.9423236847,
        "mean": 4.11849832535,
        "median": 3.55806207657,
        "min": -0.131897047162,
        "var": 6.99403953552
    },
    "melbands_spread": {
        "dmean": 3.78583526611,
        "dmean2": 5.49553155899,
        "dvar": 135.492843628,
        "dvar2": 237.76210022,
        "max": 238.849945068,
        "mean": 10.687997818,
        "median": 6.75741910934,
        "min": 0.430053532124,
        "var": 275.105651855
    },
    "pitch_salience": {
        "dmean": 0.0641264766455,
        "dmean2": 0.100309193134,
        "dvar": 0.00534263253212,
        "dvar2": 0.0123981069773,
        "max": 0.97599285841,
        "mean": 0.377931684256,
        "median": 0.347022294998,
        "min": 0.0636716857553,
        "var": 0.0280052181333
    },
    "silence_rate_20dB": {
        "dmean": 0.0138996141031,
        "dmean2": 0.0278207100928,
        "dvar": 0.0137059874833,
        "dvar2": 0.0316838547587,
        "max": 1,
        "mean": 0.982253074646,
        "median": 1,
        "min": 0,
        "var": 0.0174317490309
    },
    "silence_rate_30dB": {
        "dmean": 0.0463320463896,
        "dmean2": 0.0927357003093,
        "dvar": 0.0441857725382,
        "dvar2": 0.0964993685484,
        "max": 1,
        "mean": 0.559413552284,
        "median": 1,
        "min": 0,
        "var": 0.246472775936
    },
    "silence_rate_60dB": {
        "dmean": 0.0061776060611,
        "dmean2": 0.0123647600412,
        "dvar": 0.00613942742348,
        "dvar2": 0.0168486032635,
        "max": 1,
        "mean": 0.0378086417913,
        "median": 0,
        "min": 0,
        "var": 0.0363782793283
    },
    "spectral_centroid": {
        "dmean": 175.999740601,
        "dmean2": 249.921295166,
        "dvar": 166802.859375,
        "dvar2": 232968.578125,
        "max": 11052.2226562,
        "mean": 743.868591309,
        "median": 592.179931641,
        "min": 168.84526062,
        "var": 380344.46875
    },
    "spectral_complexity": {
        "dmean": 2.4849421978,
        "dmean2": 3.68778991699,
        "dvar": 13.494594574,
        "dvar2": 26.1314125061,
        "max": 51,
        "mean": 13.3325614929,
        "median": 12,
        "min": 0,
        "var": 68.4657669067
    },
    "spectral_decrease": {
        "dmean": 4.60827775939e-09,
        "dmean2": 6.64645094517e-09,
        "dvar": 7.85761164653e-17,
        "dvar2": 1.55106833652e-16,
        "max": 6.90740853271e-29,
        "mean": -2.63472443862e-08,
        "median": -2.21787921362e-08,
        "min": -1.65351522696e-07,
        "var": 5.22068492342e-16
    },
    "spectral_energy": {
        "dmean": 0.0176535323262,
        "dmean2": 0.0254358053207,
        "dvar": 0.00114037818275,
        "dvar2": 0.00225022668019,
        "max": 0.630340635777,
        "mean": 0.101153805852,
        "median": 0.0854492336512,
        "min": 1.10907269854e-20,
        "var": 0.00755896838382
    },
    "spectral_energyband_high": {
        "dmean": 0.000240281253355,
        "dmean2": 0.000351534486981,
        "dvar": 7.12006567483e-07,
        "dvar2": 1.44078342146e-06,
        "max": 0.0155321499333,
        "mean": 0.00038677273551,
        "median": 6.94120171829e-05,
        "min": 7.99631701525e-21,
        "var": 1.09964571493e-06
    },
    "spectral_energyband_low": {
        "dmean": 0.0152066200972,
        "dmean2": 0.0219971183687,
        "dvar": 0.00109253916889,
        "dvar2": 0.00228280923329,
        "max": 0.590689778328,
        "mean": 0.0812063738704,
        "median": 0.0623291432858,
        "min": 9.03321593343e-23,
        "var": 0.00657101674005
    },
    "spectral_energyband_middle_high": {
        "dmean": 0.00105143943802,
        "dmean2": 0.00144506280776,
        "dvar": 2.54751375905e-06,
        "dvar2": 4.73271893497e-06,
        "max": 0.0265261083841,
        "mean": 0.00339576345868,
        "median": 0.00221698405221,
        "min": 1.52831836758e-21,
        "var": 1.35002937895e-05
    },
    "spectral_energyband_middle_low": {
        "dmean": 0.0062962770462,
        "dmean2": 0.00957848969847,
        "dvar": 0.000111329325591,
        "dvar2": 0.000268535834039,
        "max": 0.153674378991,
        "mean": 0.0174140073359,
        "median": 0.0143441399559,
        "min": 2.44301008452e-22,
        "var": 0.000232510195929
    },
    "spectral_entropy": {
        "dmean": 0.25043156743,
        "dmean2": 0.350771039724,
        "dvar": 0.0699665173888,
        "dvar2": 0.120947435498,
        "max": 9.79986667633,
        "mean": 6.87552595139,
        "median": 6.81938457489,
        "min": 5.01063108444,
        "var": 0.405187249184
    },
    "spectral_flux": {
        "dmean": 0.0328905805945,
        "dmean2": 0.0507008694112,
        "dvar": 0.00243054726161,
        "dvar2": 0.00454954663292,
        "max": 0.681949555874,
        "mean": 0.0889217928052,
        "median": 0.07103253901,
        "min": 1.05312522591e-10,
        "var": 0.00604000873864
    },
    "spectral_kurtosis": {
        "dmean": 7.27274274826,
        "dmean2": 11.547039032,
        "dvar": 251.333404541,
        "dvar2": 553.700561523,
        "max": 175.720153809,
        "mean": 12.3613862991,
        "median": 7.19479084015,
        "min": -1.13297176361,
        "var": 349.608917236
    },
    "spectral_rms": {
        "dmean": 0.00083463138435,
        "dmean2": 0.00120211904868,
        "dvar": 1.66016661751e-06,
        "dvar2": 3.01380509882e-06,
        "max": 0.0247985180467,
        "mean": 0.00889582931995,
        "median": 0.0091304499656,
        "min": 3.28941041072e-12,
        "var": 1.95507800527e-05
    },
    "spectral_rolloff": {
        "dmean": 227.137542725,
        "dmean2": 354.415374756,
        "dvar": 765428.75,
        "dvar2": 987841.375,
        "max": 19466.015625,
        "mean": 654.75201416,
        "median": 301.46484375,
        "min": 64.599609375,
        "var": 1686709.75
    },
    "spectral_skewness": {
        "dmean": 0.579614043236,
        "dmean2": 0.870589137077,
        "dvar": 0.655607998371,
        "dvar2": 1.43443548679,
        "max": 10.8826160431,
        "mean": 2.53975963593,
        "median": 2.36775541306,
        "min": -0.166631639004,
        "var": 1.70287036896
    },
    "spectral_spread": {
        "dmean": 814768,
        "dmean2": 1203573,
        "dvar": 1.36051110707e+12,
        "dvar2": 1.94820282778e+12,
        "max": 39128264,
        "mean": 4237219,
        "median": 4084366,
        "min": 520196.90625,
        "var": 4.71313416192e+12
    },
    "spectral_strongpeak": {
        "dmean": 0.205206468701,
        "dmean2": 0.343265771866,
        "dvar": 0.213776051998,
        "dvar2": 0.602397084236,
        "max": 7.61145496368,
        "mean": 0.727468192577,
        "median": 0.596814393997,
        "min": 0,
        "var": 0.433859229088
    },
    "zerocrossingrate": {
        "dmean": 0.00681482255459,
        "dmean2": 0.00791098643094,
        "dvar": 0.000486672419356,
        "dvar2": 0.000491557002533,
        "max": 0.5087890625,
        "mean": 0.0252060126513,
        "median": 0.015625,
        "min": 0.00146484375,
        "var": 0.00128241383936
    },
    "barkbands": {
        "dmean": [0.000710925844032, 0.0141428532079, 0.00436610588804, 0.00199929461814, 0.00315835257061, 0.0010634958744, 0.00131471641362, 0.00103237270378, 0.00099226878956, 0.000326790555846, 0.000384015002055, 0.000215954511077, 0.000194543943508, 0.000251064629992, 0.000181167109986, 9.83033751254e-05, 6.64621184114e-05, 5.16103100381e-05, 4.97081782669e-05, 3.92672045564e-05, 6.76257986925e-05, 5.34085047548e-05, 4.6513046982e-05, 5.48092320969e-05, 2.44088132604e-05, 8.98166490515e-06, 4.8762047733e-09],
        "dmean2": [0.00101639737841, 0.0215466730297, 0.0076736533083, 0.00337483966723, 0.00510878255591, 0.00163831224199, 0.00186257751193, 0.00156533438712, 0.00137111451477, 0.000481579976622, 0.000568086863495, 0.000327260757331, 0.000307486654492, 0.000369463174138, 0.000279586412944, 0.000151422238559, 0.000102571633761, 8.33740123198e-05, 7.80319460318e-05, 6.23033338343e-05, 0.000109823668026, 8.22493457235e-05, 6.81464443915e-05, 7.95454179752e-05, 3.61117017746e-05, 1.22853580251e-05, 8.81500472616e-09],
        "dvar": [3.70621978618e-06, 0.00126052019186, 0.000293545192108, 2.87467973976e-05, 2.22032758757e-05, 4.39399445895e-06, 8.92907155503e-06, 6.27193458058e-06, 5.4929109865e-06, 4.70086064297e-07, 7.00658347341e-07, 2.89921160856e-07, 3.02942623875e-07, 5.64014783322e-07, 1.57044567572e-07, 7.78618272079e-08, 2.47877380843e-08, 2.02510133107e-08, 1.35537883139e-08, 1.25265655626e-08, 1.5390446606e-07, 2.8542947561e-08, 2.6620964988e-08, 6.15039041918e-08, 1.11148734661e-08, 2.09044714872e-09, 1.82678034017e-16],
        "dvar2": [5.8476725826e-06, 0.00302143581212, 0.000805045769084, 8.38879786897e-05, 5.45926450286e-05, 1.0410163668e-05, 1.70255243575e-05, 1.25060187202e-05, 8.14580107544e-06, 9.27312157728e-07, 1.23339373204e-06, 6.26132361958e-07, 5.42870168374e-07, 1.13291707748e-06, 3.425125783e-07, 1.56971637466e-07, 5.41566969048e-08, 4.8512305284e-08, 3.35398588902e-08, 3.10180254814e-08, 4.01142187911e-07, 6.18382358653e-08, 5.33738671038e-08, 1.26210451867e-07, 2.03340757565e-08, 3.72915920366e-09, 4.75458175079e-16],
        "max": [0.0453967303038, 0.536560416222, 0.201438337564, 0.0716780722141, 0.0567535199225, 0.0310152154416, 0.0543962940574, 0.0313893333077, 0.0448837354779, 0.0158636346459, 0.0224456042051, 0.0089523633942, 0.0131859704852, 0.0153972068802, 0.00488979183137, 0.00517340423539, 0.00280342064798, 0.00153717934154, 0.0013000362087, 0.00133221480064, 0.00925819855183, 0.00329621415585, 0.00350684230216, 0.0058043138124, 0.00260965758935, 0.00116537360009, 2.07709177857e-07],
        "mean": [0.00560550903901, 0.0704782530665, 0.00403110031039, 0.00243411608972, 0.00548590952531, 0.00201566005126, 0.00246598361991, 0.00180141907185, 0.00286121363752, 0.000695709255524, 0.000780651054811, 0.000515649269801, 0.000327984424075, 0.000503287476022, 0.000289398973109, 0.000152896725922, 0.00011340931087, 9.10739909159e-05, 8.78464416019e-05, 5.65032132727e-05, 7.57749512559e-05, 8.57043414726e-05, 7.24088822608e-05, 7.83466748544e-05, 3.63718245353e-05, 1.16523397082e-05, 4.13413969724e-09],
        "median": [0.000788261531852, 0.051981844008, 0.000724829500541, 0.000889820395969, 0.00323849264532, 0.000757976435125, 0.000699630589224, 0.000408958643675, 0.000832950056065, 0.0001952463208, 0.000248879776336, 9.07300855033e-05, 7.57036032155e-05, 7.21377437003e-05, 5.27594820596e-05, 2.73376226687e-05, 2.09098070627e-05, 1.41748623719e-05, 1.56159912876e-05, 6.29369151284e-06, 9.25893073145e-06, 1.17429917736e-05, 1.11904937512e-05, 1.45391722981e-05, 7.5148373071e-06, 1.80540132533e-06, 1.16973974951e-09],
        "min": [1.51923679889e-22, 2.0398922223e-23, 9.44051440345e-25, 8.92091243278e-24, 6.56296869066e-23, 1.20058500325e-23, 5.55909396385e-23, 2.99882854102e-23, 6.88102478588e-23, 5.0610513645e-23, 4.3483849564e-23, 1.00755384786e-22, 1.12385441205e-22, 1.27039990334e-22, 1.19276235875e-22, 1.86942250457e-22, 1.49563521656e-22, 2.91312877487e-22, 2.79610346839e-22, 2.2266496458e-22, 3.9519253011e-22, 7.85761906176e-22, 6.18720041515e-22, 6.30404068642e-22, 1.29780467875e-21, 1.86527289426e-21, 2.48766087393e-21],
        "var": [0.000102257872641, 0.00554161844775, 0.000209811361856, 2.54294609476e-05, 4.36853842984e-05, 1.2104356756e-05, 2.29833076446e-05, 1.38858486025e-05, 2.82131259155e-05, 1.92131778931e-06, 2.85043688564e-06, 1.44268994973e-06, 5.46134003798e-07, 1.39488474815e-06, 2.92346896913e-07, 1.45557876863e-07, 6.30771594956e-08, 4.2487496188e-08, 3.24692948084e-08, 1.91409696981e-08, 1.19441750712e-07, 5.64206281695e-08, 4.67280685257e-08, 7.97590615775e-08, 1.87723969702e-08, 3.03440073068e-09, 1.58139132193e-16]
    },
    "erbbands": {
        "dmean": [0.458823800087, 3.27311444283, 4.85623502731, 6.04387617111, 7.92171430588, 12.4714841843, 8.60457897186, 8.84136295319, 13.5337839127, 24.1924228668, 23.7323455811, 25.3192596436, 15.0204601288, 10.2723588943, 12.5338172913, 9.38593578339, 9.03087711334, 9.72597789764, 10.4068374634, 8.41850280762, 4.07430362701, 3.4378194809, 3.03472113609, 2.36582517624, 2.36178517342, 1.61986660957, 2.31773757935, 2.57730746269, 1.91670787334, 1.54378807545, 1.30772233009, 1.2964707613, 0.796231746674, 0.35161498189, 0.14432092011, 0.055396001786, 0.0139960553497, 0.00093494768953, 2.65486978606e-05, 2.0134360966e-05],
        "dmean2": [0.611707806587, 5.22591400146, 8.47640895844, 10.496547699, 13.1158151627, 19.9999198914, 13.5559301376, 13.9494342804, 20.0505714417, 34.7427520752, 34.3160743713, 35.7228469849, 20.3290615082, 14.9489383698, 18.5776691437, 13.7062702179, 14.0679111481, 14.5868520737, 15.8203954697, 12.1554880142, 6.07152605057, 5.22645902634, 4.84088468552, 3.65007519722, 3.74122190475, 2.57937264442, 3.75685811043, 4.24741458893, 3.00930905342, 2.29712891579, 1.89677584171, 1.91711556911, 1.1722921133, 0.526064634323, 0.204947069287, 0.0778336599469, 0.019661270082, 0.00134491850622, 3.76925236196e-05, 2.8981563446e-05],
        "dvar": [0.93926769495, 78.5386810303, 267.527862549, 470.5262146, 157.841705322, 403.370666504, 320.665527344, 324.253417969, 978.747680664, 3716.23754883, 3960.20458984, 4325.22412109, 1039.39440918, 460.086547852, 677.851623535, 537.694702148, 652.754516602, 1002.57556152, 543.155822754, 466.398345947, 117.991020203, 76.3296966553, 63.1031608582, 35.7629699707, 33.1000823975, 19.0742073059, 94.4976196289, 253.93170166, 41.7199172974, 18.1132411957, 27.5941390991, 29.9695472717, 15.1777791977, 2.15722966194, 0.406094104052, 0.0671150311828, 0.0063641667366, 2.32303100347e-05, 1.08886109018e-08, 1.38520850346e-09],
        "dvar2": [1.63421559334, 204.689071655, 661.859375, 1374.86096191, 400.128082275, 1000.43951416, 714.995239258, 833.695129395, 2007.22277832, 6776.92285156, 7670.52246094, 7322.73095703, 1556.92480469, 941.518554688, 1383.76464844, 1102.20861816, 1249.37854004, 2195.53759766, 1191.44165039, 844.712219238, 236.109863281, 170.740325928, 152.641860962, 80.3189544678, 76.8114089966, 45.2516784668, 231.967208862, 680.749450684, 98.1905517578, 36.5952568054, 56.6792831421, 66.1644210815, 29.0152320862, 4.12884140015, 0.7365218997, 0.111191742122, 0.0124450270087, 4.51421437901e-05, 2.06727559515e-08, 2.73817191143e-09],
        "max": [13.3910007477, 139.942077637, 204.110153198, 317.232421875, 140.394561768, 287.375488281, 327.08404541, 300.008605957, 484.819854736, 1467.50549316, 907.217956543, 1292.53491211, 619.994384766, 541.442443848, 523.34161377, 418.404388428, 555.89074707, 784.985168457, 379.44744873, 386.376983643, 202.791503906, 164.441589355, 87.7501068115, 76.3446273804, 61.6725997925, 44.7494659424, 201.786193848, 365.316436768, 113.599052429, 83.9209823608, 124.770515442, 122.750442505, 93.7736968994, 34.7649688721, 14.7668628693, 6.02349042892, 2.1726307869, 0.123516798019, 0.00271932850592, 0.000685746548697],
        "mean": [2.95633435249, 12.1063747406, 6.84805250168, 7.03488731384, 12.2488794327, 21.0926780701, 17.2653160095, 15.7392606735, 23.9167346954, 45.2637367249, 46.6396408081, 65.3364562988, 43.2241744995, 21.6210250854, 26.7509288788, 24.5803985596, 16.8249359131, 20.9355659485, 20.3569297791, 14.3110170364, 7.48685646057, 6.17018508911, 5.3393907547, 4.53335666656, 3.9786260128, 2.597884655, 2.73615050316, 3.05209136009, 2.97178554535, 2.62681484222, 2.05596423149, 1.84033787251, 1.13702559471, 0.512716531754, 0.202813982964, 0.0732120200992, 0.0175225287676, 0.00130773172714, 7.51690604375e-05, 0.000112970956252],
        "median": [2.44880628586, 6.68320798874, 1.77162647247, 2.75876164436, 6.56042289734, 11.1952943802, 6.10922908783, 6.81589221954, 8.39385795593, 14.9217815399, 13.6433095932, 22.7623996735, 11.1692743301, 10.2264509201, 10.5210971832, 6.01439714432, 5.50812530518, 4.28000545502, 4.23575687408, 2.575101614, 1.79391312599, 1.31821036339, 1.0096654892, 0.748863697052, 0.707730174065, 0.334283769131, 0.302385926247, 0.358853459358, 0.379150867462, 0.444021642208, 0.295939862728, 0.220912083983, 0.238884568214, 0.0949305817485, 0.0447199679911, 0.0148539822549, 0.00186533783562, 0.000144495134009, 5.93624718022e-05, 9.54999995884e-05],
        "min": [1.92643397444e-21, 1.12885596689e-21, 1.20239941174e-21, 1.40829034095e-20, 5.56733846655e-20, 2.88034939241e-19, 1.98380903926e-19, 1.24935938003e-19, 3.79168839446e-19, 1.35980251917e-18, 8.55998137528e-19, 1.19998739911e-18, 8.56389704151e-19, 2.61911024533e-18, 4.07569713547e-18, 2.22543100358e-18, 2.88280963435e-18, 6.05295451654e-18, 7.66521886591e-18, 1.18087766581e-17, 6.43598877099e-18, 8.14133492751e-18, 1.65346753917e-17, 1.47298467045e-17, 1.19200109438e-17, 9.61636753172e-18, 1.57213732155e-17, 2.05509582117e-17, 2.2080335755e-17, 2.43173927821e-17, 1.77736314763e-17, 1.21591455501e-17, 1.2521535858e-17, 1.13195357217e-17, 1.1170618396e-17, 5.60107236535e-18, 3.99927185073e-18, 1.2909258779e-18, 3.39602593549e-19, 4.01921469708e-20],
        "var": [8.59107780457, 257.24621582, 280.870056152, 334.255004883, 264.778533936, 856.561340332, 1224.15100098, 683.784423828, 2432.59960938, 9308.81347656, 9275.96972656, 15576.2451172, 6975.82470703, 1700.28088379, 2066.10546875, 3503.31103516, 1188.13366699, 1885.99072266, 1824.81982422, 932.823852539, 231.340759277, 205.656738281, 136.49256897, 102.499328613, 65.3657150269, 35.1984901428, 90.3882141113, 192.15020752, 69.8870010376, 43.5638198853, 42.8100700378, 36.8867835999, 21.0059585571, 3.66648459435, 0.629604876041, 0.106523655355, 0.00809186697006, 3.10759060085e-05, 1.5801468578e-08, 8.81244144324e-09]
    },
    "gfcc": {
        "mean": [-36.2789382935, 137.071258545, -84.6192016602, 22.3296794891, -56.2527503967, 25.9290599823, -28.1309566498, 10.9592227936, -8.83189964294, -0.465639948845, -8.240193367, -3.79800486565, -2.50279712677],
        "cov": [[9521.20117188, -713.110046387, -891.500793457, 418.449462891, -522.144958496, 265.254089355, -202.554656982, 91.9747619629, -170.251358032, 76.7646484375, -197.999252319, -27.5534267426, -193.121704102], [-713.110046387, 2430.83154297, 140.665405273, -581.262756348, 808.920532227, -111.566894531, 617.096740723, -138.363479614, 368.250671387, -5.88038253784, 503.503753662, -12.0680742264, 220.909225464], [-891.500793457, 140.665405273, 1104.68835449, 176.03163147, 37.43983078, 181.615570068, 209.62739563, 188.635955811, 127.136245728, 53.8826980591, 165.54083252, 118.387763977, 139.282669067], [418.449462891, -581.262756348, 176.03163147, 685.101379395, 27.2103004456, 20.3320827484, -92.8616638184, 107.723213196, 75.0011062622, 52.8531265259, -34.9029388428, 81.6114730835, 41.9629974365], [-522.144958496, 808.920532227, 37.43983078, 27.2103004456, 628.480712891, -18.9609203339, 250.970275879, 14.3847312927, 244.987808228, 65.6744308472, 235.561706543, 51.9755554199, 127.867927551], [265.254089355, -111.566894531, 181.615570068, 20.3320827484, -18.9609203339, 367.601104736, 160.317108154, 61.4437141418, 45.3547096252, 80.4985427856, 22.2600879669, -10.8081054688, 17.3547534943], [-202.554656982, 617.096740723, 209.62739563, -92.8616638184, 250.970275879, 160.317108154, 474.868530273, 55.4781608582, 100.627548218, 64.9385681152, 213.729919434, 40.7469406128, 68.136390686], [91.9747619629, -138.363479614, 188.635955811, 107.723213196, 14.3847312927, 61.4437141418, 55.4781608582, 248.971313477, 55.2078323364, 12.9910831451, 63.119228363, 85.8687438965, 26.0479812622], [-170.251358032, 368.250671387, 127.136245728, 75.0011062622, 244.987808228, 45.3547096252, 100.627548218, 55.2078323364, 281.046386719, 46.2417297363, 112.485107422, 11.2704296112, 86.5561065674], [76.7646484375, -5.88038253784, 53.8826980591, 52.8531265259, 65.6744308472, 80.4985427856, 64.9385681152, 12.9910831451, 46.2417297363, 130.604980469, 22.8500080109, -1.51130890846, 26.8830718994], [-197.999252319, 503.503753662, 165.54083252, -34.9029388428, 235.561706543, 22.2600879669, 213.729919434, 63.119228363, 112.485107422, 22.8500080109, 232.291625977, 72.888923645, 68.6985015869], [-27.5534267426, -12.0680742264, 118.387763977, 81.6114730835, 51.9755554199, -10.8081054688, 40.7469406128, 85.8687438965, 11.2704296112, -1.51130890846, 72.888923645, 131.993469238, 36.9825210571], [-193.121704102, 220.909225464, 139.282669067, 41.9629974365, 127.867927551, 17.3547534943, 68.136390686, 26.0479812622, 86.5561065674, 26.8830718994, 68.6985015869, 36.9825210571, 138.614776611]],
        "icov": [[0.000167182122823, -0.000310513045406, 0.000258062616922, -0.000355307915015, 0.000369184650481, -0.000329867762048, 0.000189543148736, -0.000258100684732, 0.000156482128659, -0.000236183273955, 7.96418680693e-05, -0.000181284543942, 0.000189098675037], [-0.000310513045406, 0.00364012364298, -0.000742626085412, 0.00262768263929, -0.0020965274889, 0.00221640593372, -0.00223239371553, 0.00229936791584, -0.00201180996373, 0.00186257180758, -0.00311655504629, 0.00199969508685, -0.00205530552194], [0.000258062616922, -0.000742626085412, 0.00184145267121, -0.000992396846414, 0.00138800614513, -0.000992468441837, 0.000169383900356, -0.000917660421692, 0.000109788452392, -0.000460696726805, -0.00044106299174, -0.000726830330677, -0.000640487414785], [-0.000355307915015, 0.00262768263929, -0.000992396846414, 0.00405910937116, -0.00203270814382, 0.00169353594538, -0.00106947694439, 0.0012901420705, -0.00199535535648, 0.000622118008323, -0.000821836409159, 1.06900615719e-05, -0.00143826229032], [0.000369184650481, -0.0020965274889, 0.00138800614513, -0.00203270814382, 0.00563519820571, -0.000580785737839, 0.000226373158512, -0.000621608807705, -0.00109167792834, -0.00202911696397, -0.00092084472999, -0.00141883245669, -0.000133667039336], [-0.000329867762048, 0.00221640593372, -0.000992468441837, 0.00169353594538, -0.000580785737839, 0.00582104641944, -0.00321652600542, 0.000721293792594, -0.00187665736303, -0.000708505627699, -0.000645115331281, 0.00204227841459, -0.00117067771498], [0.000189543148736, -0.00223239371553, 0.000169383900356, -0.00106947694439, 0.000226373158512, -0.00321652600542, 0.00636489223689, -0.00149120786227, 0.0021841658745, -0.00174555671401, -0.00173529912718, -0.000620880629867, 0.00132116512395], [-0.000258100684732, 0.00229936791584, -0.000917660421692, 0.0012901420705, -0.000621608807705, 0.000721293792594, -0.00149120786227, 0.00771134672686, -0.00263522751629, 0.00140114256646, -0.0025111308787, -0.00230508414097, -0.000492207473144], [0.000156482128659, -0.00201180996373, 0.000109788452392, -0.00199535535648, -0.00109167792834, -0.00187665736303, 0.0021841658745, -0.00263522751629, 0.00814254675061, -0.00124017673079, -7.55059154471e-05, 0.00183255656157, -0.000713958172128], [-0.000236183273955, 0.00186257180758, -0.000460696726805, 0.000622118008323, -0.00202911696397, -0.000708505627699, -0.00174555671401, 0.00140114256646, -0.00124017673079, 0.011009177193, -0.0009724838892, 0.00179852650035, -0.0018261965597], [7.96418680693e-05, -0.00311655504629, -0.00044106299174, -0.000821836409159, -0.00092084472999, -0.000645115331281, -0.00173529912718, -0.0025111308787, -7.55059154471e-05, -0.0009724838892, 0.0161401685327, -0.00635104160756, 0.00195589358918], [-0.000181284543942, 0.00199969508685, -0.000726830330677, 1.06900615719e-05, -0.00141883245669, 0.00204227841459, -0.000620880629867, -0.00230508414097, 0.00183255656157, 0.00179852650035, -0.00635104160756, 0.0150763187557, -0.00328875216655], [0.000189098675037, -0.00205530552194, -0.000640487414785, -0.00143826229032, -0.000133667039336, -0.00117067771498, 0.00132116512395, -0.000492207473144, -0.000713958172128, -0.0018261965597, 0.00195589358918, -0.00328875216655, 0.0122532276437]]
    },
    "melbands": {
        "dmean": [0.00395859731361, 0.00294986995868, 0.00104482891038, 0.000753677682951, 0.000353708426701, 0.00019739966956, 0.000224175673793, 0.000249145872658, 0.00020006064733, 0.000146946593304, 7.48478269088e-05, 4.09380481869e-05, 5.38181375305e-05, 2.45627543336e-05, 2.24597442866e-05, 1.70414296008e-05, 2.05701089726e-05, 1.9563938622e-05, 1.19928281492e-05, 9.31480553845e-06, 4.41860493083e-06, 3.80302276426e-06, 3.67492111764e-06, 2.4280946036e-06, 1.95175789486e-06, 2.07639595828e-06, 1.49787013015e-06, 1.05623666968e-06, 1.27103680825e-06, 1.96817632059e-06, 1.36067023959e-06, 1.09400536985e-06, 1.10858013613e-06, 8.07063713637e-07, 7.48277216189e-07, 8.04459205028e-07, 8.54953952967e-07, 6.70014401294e-07, 3.59397631655e-07, 2.92815201419e-07],
        "dmean2": [0.00562894996256, 0.00475638639182, 0.00178284069989, 0.0012079590233, 0.000555790495127, 0.000307880109176, 0.000329201226123, 0.000364675739547, 0.000294207362458, 0.000207235309063, 0.000103467769804, 6.01484971412e-05, 7.94614679762e-05, 3.74022238248e-05, 3.26271438098e-05, 2.66759798251e-05, 3.07128575514e-05, 2.9630440622e-05, 1.77194287971e-05, 1.35757836688e-05, 6.72192345519e-06, 5.78453818889e-06, 6.08242180533e-06, 3.86315423384e-06, 3.01418481286e-06, 3.36923790201e-06, 2.3971608698e-06, 1.73102762346e-06, 2.11571682485e-06, 3.21483048538e-06, 2.28139310821e-06, 1.77809806701e-06, 1.65511244177e-06, 1.2096094224e-06, 1.08133451704e-06, 1.18434820706e-06, 1.28561339352e-06, 9.99392113954e-07, 5.28429040969e-07, 4.54838669839e-07],
        "dvar": [8.03569419077e-05, 6.41836013529e-05, 1.07912901512e-05, 1.36902303893e-06, 3.64894589211e-07, 1.52626157046e-07, 2.59076301745e-07, 3.55998452051e-07, 2.65622759343e-07, 1.49161081708e-07, 2.95973041631e-08, 7.40531858057e-09, 1.37769866626e-08, 3.05636249642e-09, 3.29379967745e-09, 1.56961177389e-09, 5.32132338193e-09, 2.24752771949e-09, 6.43292474845e-10, 6.96996960148e-10, 1.43283149234e-10, 9.55973425421e-11, 7.80295481007e-11, 5.30409847987e-11, 2.39826335874e-11, 2.85694454205e-11, 1.39753911568e-11, 9.89177923599e-12, 1.98850415301e-11, 1.83116008468e-10, 5.89590667954e-11, 1.35103291402e-11, 1.24029666745e-11, 5.03969912677e-12, 8.41023518189e-12, 1.12731039781e-11, 1.41389157327e-11, 1.11381164708e-11, 2.54839487186e-12, 1.42927520947e-12],
        "dvar2": [0.000164354540175, 0.000158336508321, 3.12926822517e-05, 3.44825684806e-06, 8.71412225933e-07, 3.85667220826e-07, 5.27119084381e-07, 6.89292733114e-07, 5.36297307008e-07, 2.49510975436e-07, 4.5661920467e-08, 1.50475791827e-08, 2.57624979128e-08, 6.68504451795e-09, 5.12646813888e-09, 3.25475446594e-09, 1.14811093965e-08, 4.47920855962e-09, 1.33325728235e-09, 1.2041379005e-09, 3.06931507987e-10, 1.99638305887e-10, 2.04059727449e-10, 1.21446575019e-10, 5.57124034406e-11, 7.52854376063e-11, 3.33489416637e-11, 2.49888495313e-11, 5.17814541245e-11, 4.71431171878e-10, 1.59074337036e-10, 3.28846047615e-11, 2.58591186658e-11, 1.08746345262e-11, 1.73540262022e-11, 2.42431959924e-11, 3.19016896233e-11, 2.15228460054e-11, 4.93244247529e-12, 2.89277781416e-12],
        "max": [0.125896126032, 0.124446757138, 0.0472966022789, 0.0143960947171, 0.0089791174978, 0.00625360943377, 0.00784141011536, 0.0134571315721, 0.00734639167786, 0.00704964529723, 0.00310529232956, 0.00218041287735, 0.0028525646776, 0.000926487264223, 0.00170829810668, 0.000631128845271, 0.0018062578747, 0.000893595512025, 0.000415958580561, 0.000529127544723, 0.000200887327082, 0.000230791265494, 8.88972499524e-05, 0.000100557597762, 6.43647945253e-05, 5.68890573049e-05, 4.7036959586e-05, 3.46151209669e-05, 4.75312408525e-05, 0.000328805937897, 0.000161256422871, 5.42883499293e-05, 7.8173543443e-05, 4.64145668957e-05, 6.59979996271e-05, 7.83542636782e-05, 8.06723401183e-05, 8.04010269349e-05, 3.54904186679e-05, 2.76259252132e-05],
        "mean": [0.0229505542666, 0.00766235683113, 0.00132710090838, 0.00124442065135, 0.000694129441399, 0.000355980009772, 0.000406389997806, 0.000459285336547, 0.000395381648559, 0.000405003549531, 0.00020680045418, 8.03525545052e-05, 0.000109903965495, 5.82181237405e-05, 4.88392288389e-05, 3.29651738866e-05, 4.08897722082e-05, 3.72448994312e-05, 1.96099590539e-05, 1.50517853399e-05, 7.60655848353e-06, 6.56655220155e-06, 5.5494051594e-06, 4.31171793025e-06, 3.54582016371e-06, 3.29452245751e-06, 2.30092450693e-06, 1.55162888404e-06, 1.53673670411e-06, 2.00888575819e-06, 1.67644964222e-06, 1.60580975717e-06, 1.80058248134e-06, 1.31051899643e-06, 1.18097625545e-06, 1.09889037958e-06, 1.1719827171e-06, 9.21830576317e-07, 4.94339360557e-07, 4.11089956742e-07],
        "median": [0.0182332284749, 0.00310370884836, 0.000622169463895, 0.000723014120013, 0.000294189027045, 0.00015431464999, 0.000137303228257, 0.000158747046953, 0.0001118832879, 0.000124289130326, 4.53208267572e-05, 3.07955124299e-05, 3.70732304873e-05, 1.32627810672e-05, 1.1428702237e-05, 7.80363552622e-06, 6.44165629637e-06, 5.46742148799e-06, 3.40129827237e-06, 2.36906680584e-06, 1.64914013112e-06, 1.20062952647e-06, 1.15324291983e-06, 5.79454592753e-07, 5.10757217853e-07, 6.07017568655e-07, 3.45778971678e-07, 1.54697005428e-07, 1.3766543816e-07, 2.26478704235e-07, 1.43989566936e-07, 1.73963371708e-07, 2.71643983751e-07, 2.26567777872e-07, 1.66280770486e-07, 1.09695719175e-07, 1.4522413494e-07, 1.89738798895e-07, 8.65508766879e-08, 6.90271235726e-08],
        "min": [1.97346824081e-23, 7.7346051611e-25, 3.37644773665e-24, 1.16209229873e-23, 1.00201009629e-23, 2.96099433813e-24, 7.04051415934e-24, 1.29803038764e-23, 8.08667151513e-24, 7.95287991674e-24, 4.14004458252e-24, 1.04239393707e-23, 1.04744879998e-23, 1.2290743993e-23, 3.56934986595e-24, 1.05368750645e-23, 1.09821720571e-23, 1.29998897149e-23, 1.19964097341e-23, 1.60941271959e-23, 5.55854349671e-24, 7.66095405016e-24, 1.16507348297e-23, 1.63469618492e-23, 1.14369393249e-23, 1.02379141363e-23, 5.79271606756e-24, 6.92043217462e-24, 9.5486768971e-24, 1.01683744698e-23, 1.29908470023e-23, 1.28190323083e-23, 1.46211487587e-23, 1.21558858547e-23, 1.04422969528e-23, 9.45143322446e-24, 6.08375643778e-24, 8.53498274529e-24, 9.48217513393e-24, 9.18742356758e-24],
        "var": [0.000521829293575, 0.00014106008166, 8.33616832097e-06, 2.41923999056e-06, 1.25792030303e-06, 3.42205936477e-07, 6.32915543974e-07, 8.26777238672e-07, 6.18528815721e-07, 6.03453599979e-07, 1.79789395816e-07, 2.65446473691e-08, 4.8770978367e-08, 1.76734449298e-08, 1.14931593131e-08, 3.02176883515e-09, 9.34595867363e-09, 8.31362712006e-09, 1.32947708398e-09, 1.44510647893e-09, 2.51364040693e-10, 2.91030727295e-10, 1.30578922675e-10, 1.22576726547e-10, 6.62946572638e-11, 4.83236055338e-11, 2.55567147306e-11, 1.48176956816e-11, 2.08343498703e-11, 1.3700232615e-10, 4.93166167626e-11, 2.10449747906e-11, 2.512549023e-11, 1.10330555456e-11, 1.38888102408e-11, 1.47049074306e-11, 1.65306431738e-11, 1.49944744121e-11, 3.75639970518e-12, 2.41951207333e-12]
    },
    "mfcc": {
        "mean": [-687.669372559, 166.279602051, 32.5063896179, 10.3849105835, 7.50205993652, 10.7706985474, 0.395340800285, 10.8246135712, 5.03872156143, 8.50827217102, 5.47635269165, -0.71023106575, 0.372696608305],
        "cov": [[7060.8671875, -1041.88220215, -593.54876709, 110.646141052, -185.019592285, 109.766159058, -195.26776123, 17.1464729309, -70.8395385742, 48.6598434448, 27.8433513641, -116.703918457, -145.769332886], [-1041.88220215, 2813.53564453, -172.588409424, -212.037338257, 116.682250977, 140.847457886, 370.974151611, 142.899871826, 50.7596054077, 5.19453668594, 302.647857666, 233.196090698, 167.510055542], [-593.54876709, -172.588409424, 1008.65899658, 64.8769454956, -4.4047203064, 42.1604576111, 104.514274597, 148.900665283, 107.458351135, 28.8032417297, 22.8943538666, 74.6071243286, 47.8066978455], [110.646141052, -212.037338257, 64.8769454956, 556.105285645, 211.957885742, -5.64127445221, -4.03823900223, 64.8084716797, 55.6946601868, 50.1473464966, -67.9660644531, 102.69140625, 127.587646484], [-185.019592285, 116.682250977, -4.4047203064, 211.957885742, 363.911529541, 26.1821727753, -45.4913864136, 58.0879478455, 60.0470542908, 109.732070923, -23.9033107758, 62.87840271, 90.861869812], [109.766159058, 140.847457886, 42.1604576111, -5.64127445221, 26.1821727753, 328.545257568, 121.772789001, -12.597322464, 79.0824356079, 76.0079574585, 110.825698853, 51.1812744141, -5.79835367203], [-195.26776123, 370.974151611, 104.514274597, -4.03823900223, -45.4913864136, 121.772789001, 326.962646484, 117.973693848, 46.8464736938, 12.5800151825, 130.193527222, 101.42615509, 62.6256752014], [17.1464729309, 142.899871826, 148.900665283, 64.8084716797, 58.0879478455, -12.597322464, 117.973693848, 253.264312744, 31.0935897827, 28.0280323029, 98.4143371582, 59.260219574, 75.3769760132], [-70.8395385742, 50.7596054077, 107.458351135, 55.6946601868, 60.0470542908, 79.0824356079, 46.8464736938, 31.0935897827, 160.287734985, 80.7317428589, 16.2742195129, 48.5097084045, 50.8895568848], [48.6598434448, 5.19453668594, 28.8032417297, 50.1473464966, 109.732070923, 76.0079574585, 12.5800151825, 28.0280323029, 80.7317428589, 174.677200317, 40.1999664307, 6.11384773254, 37.8695869446], [27.8433513641, 302.647857666, 22.8943538666, -67.9660644531, -23.9033107758, 110.825698853, 130.193527222, 98.4143371582, 16.2742195129, 40.1999664307, 224.73210144, 70.3364181519, 4.64499330521], [-116.703918457, 233.196090698, 74.6071243286, 102.69140625, 62.87840271, 51.1812744141, 101.42615509, 59.260219574, 48.5097084045, 6.11384773254, 70.3364181519, 148.001449585, 71.4552459717], [-145.769332886, 167.510055542, 47.8066978455, 127.587646484, 90.861869812, -5.79835367203, 62.6256752014, 75.3769760132, 50.8895568848, 37.8695869446, 4.64499330521, 71.4552459717, 145.090744019]],
