{
"lowlevel": {
    "average_loudness": 0.966364681721,
    "barkbands_crest": {
        "dmean": 2.93874526024,
        "dmean2": 4.73583745956,
        "dvar": 9.06995868683,
        "dvar2": 20.9459133148,
        "max": 25.8104419708,
        "mean": 12.1917896271,
        "median": 11.1043787003,
        "min": 3.56045031548,
        "var": 21.5047569275
    },
    "barkbands_flatness_db": {
        "dmean": 0.0282551683486,
        "dmean2": 0.0422285012901,
        "dvar": 0.00080561748473,
        "dvar2": 0.00174382037949,
        "max": 0.451627671719,
        "mean": 0.194713309407,
        "median": 0.18775729835,
        "min": 0.0303253158927,
        "var": 0.00483142444864
    },
    "barkbands_kurtosis": {
        "dmean": 8.93462085724,
        "dmean2": 14.0304145813,
        "dvar": 269.953613281,
        "dvar2": 654.450317383,
        "max": 273.222747803,
        "mean": 16.1603775024,
        "median": 9.33155727386,
        "min": -1.81664562225,
        "var": 473.572418213
    },
    "barkbands_skewness": {
        "dmean": 0.858376026154,
        "dmean2": 1.28302335739,
        "dvar": 1.0268201828,
        "dvar2": 2.20542836189,
        "max": 13.0928945541,
        "mean": 2.83171248436,
        "median": 2.56072664261,
        "min": -1.97982978821,
        "var": 3.07973217964
    },
    "barkbands_spread": {
        "dmean": 5.01672744751,
        "dmean2": 7.50866127014,
        "dvar": 60.9812088013,
        "dvar2": 115.421592712,
        "max": 88.4303283691,
        "mean": 12.9671468735,
        "median": 9.44212150574,
        "min": 0.574055969715,
        "var": 155.172332764
    },
    "dissonance": {
        "dmean": 0.021314330399,
        "dmean2": 0.0362234525383,
        "dvar": 0.000374856201233,
        "dvar2": 0.001000129967,
        "max": 0.499975800514,
        "mean": 0.453116357327,
        "median": 0.460759103298,
        "min": 0.322817504406,
        "var": 0.000999644165859
    },
    "dynamic_complexity": 4.19720888138,
    "erbbands_crest": {
        "dmean": 3.4359164238,
        "dmean2": 5.73393821716,
        "dvar": 10.8213348389,
        "dvar2": 26.5033245087,
        "max": 26.7562904358,
        "mean": 11.1479234695,
        "median": 10.0997562408,
        "min": 2.77750349045,
        "var": 25.7309322357
    },
    "erbbands_flatness_db": {
        "dmean": 0.0209042243659,
        "dmean2": 0.0307540111244,
        "dvar": 0.000423019228037,
        "dvar2": 0.000840272754431,
        "max": 0.299570530653,
        "mean": 0.16277526319,
        "median": 0.160465404391,
        "min": 0.052107565105,
        "var": 0.00223855790682
    },
    "erbbands_kurtosis": {
        "dmean": 1.58170187473,
        "dmean2": 2.52901625633,
        "dvar": 4.57558393478,
        "dvar2": 11.1038007736,
        "max": 27.4710845947,
        "mean": 1.68988931179,
        "median": 0.524851560593,
        "min": -1.77205848694,
        "var": 14.2237691879
    },
    "erbbands_skewness": {
        "dmean": 0.48426502943,
        "dmean2": 0.736514508724,
        "dvar": 0.247260406613,
        "dvar2": 0.531450510025,
        "max": 4.78130722046,
        "mean": 0.987472176552,
        "median": 0.938358843327,
        "min": -3.79797434807,
        "var": 1.08546769619
    },
    "erbbands_spread": {
        "dmean": 10.9341678619,
        "dmean2": 16.5465316772,
        "dvar": 143.351333618,
        "dvar2": 275.496490479,
        "max": 139.490814209,
        "mean": 44.2945137024,
        "median": 40.0322875977,
        "min": 5.97505140305,
        "var": 533.455871582
    },
    "hfc": {
        "dmean": 4.27728509903,
        "dmean2": 6.05498075485,
        "dvar": 43.1935501099,
        "dvar2": 90.8989562988,
        "max": 99.3177566528,
        "mean": 11.8330135345,
        "median": 8.55516052246,
        "min": 2.94549433733e-08,
        "var": 130.651123047
    },
    "melbands_crest": {
        "dmean": 3.48526620865,
        "dmean2": 5.56423854828,
        "dvar": 10.9955997467,
        "dvar2": 27.116230011,
        "max": 34.0361061096,
        "mean": 16.337223053,
        "median": 15.4281148911,
        "min": 4.50499343872,
        "var": 27.3226146698
    },
    "melbands_flatness_db": {
        "dmean": 0.0327981896698,
        "dmean2": 0.047511164099,
        "dvar": 0.00113644346129,
        "dvar2": 0.00233589229174,
        "max": 0.589943706989,
        "mean": 0.279727429152,
        "median": 0.268007278442,
        "min": 0.0581837818027,
        "var": 0.00774707458913
    },
    "melbands_kurtosis": {
        "dmean": 18.5084037781,
        "dmean2": 29.3052387238,
        "dvar": 925.092712402,
        "dvar2": 2193.31274414,
        "max": 351.897094727,
        "mean": 38.6139526367,
        "median": 25.9898757935,
        "min": -1.67894816399,
        "var": 1769.10253906
    },
    "melbands_skewness": {
        "dmean": 1.09474813938,
        "dmean2": 1.66967988014,
        "dvar": 1.51138544083,
        "dvar2": 3.25897574425,
        "max": 13.3513002396,
        "mean": 4.14308738708,
        "median": 3.87996792793,
        "min": -0.254476159811,
        "var": 4.8166103363
    },
    "melbands_spread": {
        "dmean": 4.71514511108,
        "dmean2": 6.83158254623,
        "dvar": 92.7960281372,
        "dvar2": 170.569412231,
        "max": 155.822860718,
        "mean": 11.0406484604,
        "median": 7.48034572601,
        "min": 0.476479053497,
        "var": 210.61164856
    },
    "pitch_salience": {
        "dmean": 0.0766004547477,
        "dmean2": 0.123149812222,
        "dvar": 0.00601533427835,
        "dvar2": 0.0150655293837,
        "max": 0.785289883614,
        "mean": 0.516681849957,
        "median": 0.521859645844,
        "min": 0.0789771527052,
        "var": 0.0148945888504
    },
    "silence_rate_20dB": {
        "dmean": 0,
        "dmean2": 0,
        "dvar": 0,
        "dvar2": 0,
        "max": 1,
        "mean": 1,
        "median": 1,
        "min": 1,
        "var": 0
    },
    "silence_rate_30dB": {
        "dmean": 0.0535433068871,
        "dmean2": 0.10717099905,
        "dvar": 0.0506772808731,
        "dvar2": 0.138239309192,
        "max": 1,
        "mean": 0.966955125332,
        "median": 1,
        "min": 0,
        "var": 0.0319528616965
    },
    "silence_rate_60dB": {
        "dmean": 0.0236220471561,
        "dmean2": 0.0472813248634,
        "dvar": 0.0230645183474,
        "dvar2": 0.0529259219766,
        "max": 1,
        "mean": 0.0653029084206,
        "median": 0,
        "min": 0,
        "var": 0.0610387325287
    },
    "spectral_centroid": {
        "dmean": 236.76109314,
        "dmean2": 352.75668335,
        "dvar": 204180.578125,
        "dvar2": 308697.40625,
        "max": 11356.7382812,
        "mean": 827.565002441,
        "median": 626.934509277,
        "min": 154.974807739,
        "var": 490960.46875
    },
    "spectral_complexity": {
        "dmean": 2.50236225128,
        "dmean2": 3.90701341629,
        "dvar": 11.031083107,
        "dvar2": 22.420091629,
        "max": 46,
        "mean": 10.5082616806,
        "median": 9,
        "min": 0,
        "var": 47.7715682983
    },
    "spectral_decrease": {
        "dmean": 3.35604299906e-09,
        "dmean2": 5.01094854499e-09,
        "dvar": 3.72490811838e-17,
        "dvar2": 8.17937233167e-17,
        "max": -2.01993111188e-19,
        "mean": -8.07325850616e-09,
        "median": -6.19518170097e-09,
        "min": -4.69020058347e-08,
        "var": 6.15792423258e-17
    },
    "spectral_energy": {
        "dmean": 0.0129296937957,
        "dmean2": 0.0192869417369,
        "dvar": 0.000544555659872,
        "dvar2": 0.00119273248129,
        "max": 0.181544274092,
        "mean": 0.0315436311066,
        "median": 0.0240052975714,
        "min": 3.43402021229e-12,
        "var": 0.000916832475923
    },
    "spectral_energyband_high": {
        "dmean": 0.000241900706897,
        "dmean2": 0.000349260022631,
        "dvar": 4.83544226881e-07,
        "dvar2": 9.9974420209e-07,
        "max": 0.0184420794249,
        "mean": 0.000444356439402,
        "median": 0.00015892542433,
        "min": 1.93410326817e-12,
        "var": 8.95281914381e-07
    },
    "spectral_energyband_low": {
        "dmean": 0.00743956910446,
        "dmean2": 0.0112848831341,
        "dvar": 0.000342237704899,
        "dvar2": 0.000784864358138,
        "max": 0.162354230881,
        "mean": 0.014755519107,
        "median": 0.00923157483339,
        "min": 6.21243182765e-13,
        "var": 0.000453199492767
    },
    "spectral_energyband_middle_high": {
        "dmean": 0.000926554843318,
        "dmean2": 0.00144350144546,
        "dvar": 3.48065827893e-06,
        "dvar2": 8.68476126925e-06,
        "max": 0.023315275088,
        "mean": 0.00201625749469,
        "median": 0.000747389800381,
        "min": 4.32787323774e-13,
        "var": 9.50283902057e-06
    },
    "spectral_energyband_middle_low": {
        "dmean": 0.00758517254144,
        "dmean2": 0.0116138849407,
        "dvar": 0.000261481181951,
        "dvar2": 0.000568571442273,
        "max": 0.177310228348,
        "mean": 0.0163223594427,
        "median": 0.00991610530764,
        "min": 2.33344647858e-13,
        "var": 0.000420441559982
    },
    "spectral_entropy": {
        "dmean": 0.232123047113,
        "dmean2": 0.340545266867,
        "dvar": 0.0632675215602,
        "dvar2": 0.122450679541,
        "max": 9.80155467987,
        "mean": 7.17258787155,
        "median": 7.22371149063,
        "min": 4.97890520096,
        "var": 0.36194601655
    },
    "spectral_flux": {
        "dmean": 0.0316922329366,
        "dmean2": 0.0507586076856,
        "dvar": 0.00205624522641,
        "dvar2": 0.00499046919867,
        "max": 0.365424633026,
        "mean": 0.0774462521076,
        "median": 0.0596085451543,
        "min": 2.71284552582e-05,
        "var": 0.00385939399712
    },
    "spectral_kurtosis": {
        "dmean": 2.19182181358,
        "dmean2": 3.71035385132,
        "dvar": 13.9698953629,
        "dvar2": 37.5790252686,
        "max": 50.6443939209,
        "mean": 5.26547002792,
        "median": 3.60340547562,
        "min": -1.16283893585,
        "var": 36.4418334961
    },
    "spectral_rms": {
        "dmean": 0.000987925450318,
        "dmean2": 0.00141611753497,
        "dvar": 1.94911490325e-06,
        "dvar2": 3.7332094962e-06,
        "max": 0.0133085073903,
        "mean": 0.00496623152867,
        "median": 0.00483940122649,
        "min": 5.78814614016e-08,
        "var": 6.11078439761e-06
    },
    "spectral_rolloff": {
        "dmean": 324.692901611,
        "dmean2": 527.606201172,
        "dvar": 866744.9375,
        "dvar2": 1575747.625,
        "max": 17291.1621094,
        "mean": 676.728271484,
        "median": 322.998046875,
        "min": 64.599609375,
        "var": 1261847.75
    },
    "spectral_skewness": {
        "dmean": 0.278669893742,
        "dmean2": 0.437513411045,
        "dvar": 0.111508518457,
        "dvar2": 0.264729589224,
        "max": 5.69910430908,
        "mean": 1.66310167313,
        "median": 1.55223333836,
        "min": -0.033667627722,
        "var": 0.626012027264
    },
    "spectral_spread": {
        "dmean": 638683.6875,
        "dmean2": 887904.8125,
        "dvar": 1.61556319437e+12,
        "dvar2": 2.12332720947e+12,
        "max": 40557892,
        "mean": 4590524,
        "median": 4279002,
        "min": 1489899.75,
        "var": 3.47425420083e+12
    },
    "spectral_strongpeak": {
        "dmean": 0.393639057875,
        "dmean2": 0.658867895603,
        "dvar": 0.343109816313,
        "dvar2": 0.861993610859,
        "max": 5.30315208435,
        "mean": 0.758070588112,
        "median": 0.497981905937,
        "min": 0,
        "var": 0.569414436817
    },
    "zerocrossingrate": {
        "dmean": 0.00953917019069,
        "dmean2": 0.0112874154001,
        "dvar": 0.000302668660879,
        "dvar2": 0.000328190304572,
        "max": 0.47412109375,
        "mean": 0.0363160632551,
        "median": 0.0302734375,
        "min": 0.00244140625,
        "var": 0.000911701412406
    },
    "barkbands": {
        "dmean": [0.000740050687455, 0.00497882254422, 0.00232854438946, 0.00125426752493, 0.00503542646766, 0.00195082323626, 0.000744869408663, 0.000472938438179, 0.000513497972861, 0.000590560783166, 0.000151904532686, 0.000158785493113, 7.28610757506e-05, 0.0001706789335, 9.57560914685e-05, 5.75095873501e-05, 6.07694455539e-05, 9.04743283172e-05, 7.79653782956e-05, 0.00011018828809, 7.43810742279e-05, 4.59695147583e-05, 3.61450038326e-05, 2.79795640381e-05, 2.0297615265e-05, 1.17327481348e-05, 1.59929925303e-06],
        "dmean2": [0.00120110530406, 0.00750497262925, 0.00394748989493, 0.0020754893776, 0.00771397864446, 0.00301444041543, 0.00124768167734, 0.000694538815878, 0.000818363623694, 0.000938944576774, 0.000246691983193, 0.000256781844655, 0.000119803517009, 0.000262204528553, 0.000157344140462, 9.73083660938e-05, 0.000104086298961, 0.000148682971485, 0.000126897037262, 0.000172393716639, 0.000113732909085, 6.70579174766e-05, 5.50170298084e-05, 4.26629594585e-05, 3.05309004034e-05, 1.77036163223e-05, 2.57722422248e-06],
        "dvar": [3.96078621634e-06, 0.00022839588928, 2.44053153438e-05, 5.66919106859e-06, 0.000238745415118, 1.88320027519e-05, 4.21188269684e-06, 1.94971585188e-06, 2.41520183408e-06, 3.02090415971e-06, 4.51259069223e-07, 3.05451038685e-07, 3.10531298453e-08, 2.78720222013e-07, 5.30774642016e-08, 1.07975566266e-07, 3.37666534733e-08, 1.13263126877e-07, 5.29393631155e-08, 1.14243313476e-07, 8.77202239735e-08, 1.58666075833e-08, 6.69983624135e-09, 6.05894046046e-09, 3.25470583817e-09, 1.63005409171e-09, 4.1462531325e-11],
        "dvar2": [9.80965523922e-06, 0.000524642528035, 6.36357654002e-05, 1.41735818033e-05, 0.000531666795723, 4.30430809502e-05, 1.08742542579e-05, 3.87239106203e-06, 5.70616703044e-06, 7.10177801011e-06, 9.93923663373e-07, 7.09471919436e-07, 8.20439964855e-08, 5.963980243e-07, 1.22779354683e-07, 3.12414556447e-07, 9.48276905888e-08, 3.10378169388e-07, 1.30783959662e-07, 2.63838074943e-07, 2.06676688208e-07, 3.14720622896e-08, 1.51212518062e-08, 1.30783535113e-08, 7.17221348978e-09, 3.55490126225e-09, 9.99607965846e-11],
        "max": [0.02758705616, 0.13063082099, 0.0611249357462, 0.0272440575063, 0.171064049006, 0.0485072135925, 0.0236109308898, 0.0233551114798, 0.0234570745379, 0.0260563138872, 0.0134049812332, 0.0108395516872, 0.00325073418207, 0.0112017551437, 0.00316226505674, 0.00797951407731, 0.0040484094061, 0.00814979709685, 0.00348786823452, 0.008416027762, 0.00821517687291, 0.00293265515938, 0.0010668062605, 0.00156201038044, 0.00103118270636, 0.000501327973325, 9.22821855056e-05],
        "mean": [0.000961331301369, 0.00773749733344, 0.00438555656001, 0.00295178615488, 0.0070045418106, 0.00327495555393, 0.00104345858563, 0.000746967212763, 0.000710668275133, 0.000822715344839, 0.000227507174714, 0.00023076031357, 0.000105258470285, 0.000248146970989, 0.000136767659569, 7.45795332477e-05, 9.1802154202e-05, 0.000130551823531, 0.00012947981304, 0.000188743550098, 0.000120144322864, 7.3246374086e-05, 6.32814189885e-05, 4.05603714171e-05, 2.89524778054e-05, 1.30431953949e-05, 1.35708489779e-06],
        "median": [0.000160196053912, 0.00399441830814, 0.00187946297228, 0.00120102951769, 0.00258050276898, 0.000532190722879, 0.000127021005028, 0.000104947343061, 9.50170942815e-05, 9.46262080106e-05, 3.28220667143e-05, 6.64521649014e-05, 3.15298166242e-05, 4.21867625846e-05, 3.13454729621e-05, 2.19182729779e-05, 4.71356906928e-05, 5.17747248523e-05, 4.37167400378e-05, 4.25967555202e-05, 4.19299612986e-05, 1.48892986545e-05, 2.14982883335e-05, 1.13197647806e-05, 7.180245575e-06, 1.00087379451e-06, 3.25282307756e-08],
        "min": [2.31600288535e-14, 3.39504140946e-13, 2.23725877234e-13, 5.97245506089e-14, 1.86710015667e-14, 1.01376006656e-13, 2.00951909057e-14, 1.44768891292e-14, 1.41724764994e-14, 8.39090658121e-15, 2.84588365785e-14, 1.44407259046e-14, 1.51786084922e-14, 3.52397283446e-14, 2.24441640403e-14, 5.37614284959e-14, 3.45084712487e-14, 8.05238579808e-14, 1.08992825073e-13, 4.12995003051e-14, 8.12267462492e-14, 1.62024541461e-13, 1.95293339334e-13, 2.03780772096e-13, 3.62803239057e-13, 4.26013987542e-13, 5.87612478207e-13],
        "var": [5.22522441315e-06, 0.000268045172561, 3.62686259905e-05, 1.82307321666e-05, 0.000283116154606, 3.87377658626e-05, 7.1303088589e-06, 4.83925168737e-06, 4.26814904131e-06, 5.41022563993e-06, 8.70666724495e-07, 4.54365874702e-07, 4.9227473653e-08, 5.8408949144e-07, 9.24240026734e-08, 7.48503268255e-08, 2.96332629546e-08, 9.9322313929e-08, 9.1874326813e-08, 2.12376633613e-07, 1.23434972465e-07, 4.00705246761e-08, 1.37816931201e-08, 8.53046433491e-09, 4.20166790249e-09, 1.81124404364e-09, 3.71099158347e-11]
    },
    "erbbands": {
        "dmean": [0.176800280809, 1.08808636665, 2.52229070663, 3.85775399208, 6.66276311874, 24.6335811615, 15.385102272, 14.8203077316, 15.8428936005, 8.1510591507, 9.14005184174, 13.0942373276, 21.8174228668, 6.83006048203, 6.05673599243, 6.99018669128, 3.33670186996, 8.2981300354, 5.58184957504, 3.5647008419, 3.12525963783, 3.3042049408, 4.59321117401, 4.30378437042, 3.97769212723, 5.09670448303, 4.02294635773, 2.43765926361, 1.69576191902, 1.3426810503, 0.956206440926, 0.666372776031, 0.454496890306, 0.270716905594, 0.122223161161, 0.0516843497753, 0.0208231955767, 0.00571109168231, 0.00015303089458, 1.6744601453e-05],
        "dmean2": [0.264886319637, 1.75215911865, 4.34455060959, 6.25780963898, 10.6302938461, 38.4021453857, 23.4634952545, 23.259929657, 25.6647853851, 12.609998703, 13.5726613998, 20.1741104126, 33.888130188, 10.7053289413, 9.32364273071, 11.2541828156, 5.49612855911, 12.5428352356, 8.86982250214, 5.64527702332, 5.2484960556, 5.61048078537, 7.65801000595, 6.86216306686, 6.35750961304, 8.01420021057, 6.18999147415, 3.65205931664, 2.51288104057, 1.99095582962, 1.44339954853, 1.00270652771, 0.704369187355, 0.414539754391, 0.187460437417, 0.077552780509, 0.0317994020879, 0.00881545431912, 0.000239789529587, 2.44130751526e-05],
        "dvar": [0.333901137114, 10.7036314011, 32.961566925, 59.8962554932, 280.964813232, 7406.97851562, 1213.17431641, 1336.19995117, 2124.37915039, 579.339538574, 583.734741211, 1818.79528809, 4116.76025391, 491.0730896, 812.776794434, 465.299560547, 53.9704666138, 663.423095703, 202.946426392, 84.0756759644, 340.737365723, 122.90045166, 373.805419922, 169.894180298, 128.081161499, 258.19543457, 377.520233154, 49.1433067322, 23.1724052429, 9.25120067596, 5.08956384659, 2.12896156311, 2.62096118927, 0.672666728497, 0.142116546631, 0.0339200645685, 0.00534257944673, 0.000397472438635, 3.10412531235e-07, 7.83645148772e-10],
        "dvar2": [0.750763297081, 27.2201652527, 89.8466644287, 146.736068726, 589.828308105, 17307.0214844, 2671.54003906, 3176.69311523, 5246.55419922, 1205.75793457, 1311.66027832, 4225.99316406, 9211.5625, 1131.31433105, 1869.52722168, 1124.02526855, 141.249908447, 1369.67480469, 490.719207764, 189.426330566, 987.933288574, 351.01184082, 1037.98535156, 444.335205078, 305.805786133, 589.068237305, 943.512878418, 96.8144302368, 47.1470756531, 19.4986152649, 11.2737197876, 4.84057664871, 5.77952718735, 1.37860357761, 0.337552845478, 0.0764920413494, 0.0116961477324, 0.000890363939106, 7.18689875612e-07, 1.64238334044e-09],
        "max": [5.08877849579, 28.7229328156, 64.1003189087, 87.8648376465, 209.700073242, 969.204956055, 517.45916748, 508.455291748, 597.374511719, 369.289642334, 453.907073975, 727.157409668, 972.044555664, 524.979431152, 839.463562012, 367.004943848, 133.478988647, 592.156188965, 230.880828857, 159.739837646, 448.031890869, 253.651062012, 468.167510986, 235.542999268, 224.627197266, 402.400909424, 543.265625, 158.806259155, 114.327651978, 42.8451690674, 32.3303985596, 19.7634849548, 40.3117828369, 19.4487628937, 4.88690567017, 2.39679265022, 0.872889697552, 0.262573927641, 0.00805096700788, 0.00023323779169],
        "mean": [0.215375065804, 1.77032780647, 4.44094800949, 9.82431697845, 12.3793668747, 29.0223064423, 23.9268608093, 24.636888504, 24.7655410767, 12.8688316345, 14.3821668625, 18.5099029541, 30.4931125641, 10.5285100937, 9.26739692688, 10.546664238, 5.63752889633, 12.3724241257, 8.59194564819, 5.23791980743, 4.45044136047, 5.21025085449, 6.76487445831, 7.14840888977, 6.93897914886, 9.01918029785, 6.16217374802, 4.15209913254, 2.66915774345, 2.34202480316, 1.61472189426, 1.01648020744, 0.607502281666, 0.40467235446, 0.160407915711, 0.0616452619433, 0.0219092462212, 0.00538713810965, 0.000153481872985, 3.93163427361e-05],
        "median": [0.065366409719, 1.04276561737, 2.26123023033, 3.87472295761, 5.52719211578, 7.92951202393, 6.34536361694, 4.43761396408, 2.83397459984, 2.29537653923, 2.75349211693, 2.91223335266, 3.88061118126, 2.0037984848, 1.88782691956, 3.27572345734, 1.92506623268, 2.35269999504, 2.01036691666, 1.50616896152, 1.51912617683, 2.98848581314, 2.88602781296, 2.21658921242, 2.34864497185, 1.99954736233, 1.7863407135, 1.312292099, 0.523746669292, 0.725484192371, 0.515606701374, 0.31569647789, 0.142265841365, 0.108883924782, 0.0343194939196, 0.00660555856302, 0.00108460604679, 0.00020911025058, 2.26457450481e-05, 2.94370565825e-05],
        "min": [7.97789785623e-12, 8.27288446081e-11, 2.55849369468e-10, 2.41082348529e-10, 1.33579189376e-10, 3.56391513523e-11, 1.5016826671e-10, 1.11514431023e-09, 4.66053140524e-10, 3.69246105913e-10, 2.72112776756e-10, 3.22456228385e-10, 3.58337221007e-10, 5.18849574416e-10, 1.10441866763e-09, 4.695704936e-10, 6.88741286226e-10, 1.95737159814e-09, 8.51996195816e-10, 2.26075691501e-09, 2.48752729526e-09, 2.4431792145e-09, 4.34097779944e-09, 4.45437020602e-09, 5.24106313904e-09, 1.64186153562e-09, 3.55227713911e-09, 3.37040595433e-09, 6.24717744202e-09, 5.70968650138e-09, 4.95753216256e-09, 4.63340565915e-09, 3.25536175794e-09, 3.54628748589e-09, 2.93043900257e-09, 1.50603529647e-09, 5.23555088172e-10, 4.08882927516e-10, 8.25343543509e-11, 7.88594103213e-12],
        "var": [0.375844419003, 11.0090932846, 36.9441833496, 177.850860596, 426.979797363, 7970.3125, 2364.10498047, 2681.22558594, 4447.81689453, 1388.89782715, 1224.00793457, 3097.10351562, 7553.02685547, 913.302124023, 1540.93371582, 755.045898438, 97.8241271973, 1464.7935791, 365.195953369, 132.466186523, 226.458007812, 101.172782898, 297.6690979, 229.386291504, 288.903320312, 493.364440918, 385.992218018, 121.505691528, 56.7241287231, 21.7674160004, 10.1997232437, 3.89687848091, 3.05157542229, 0.908082187176, 0.155820742249, 0.0362871214747, 0.00582431349903, 0.000408663559938, 2.99727872743e-07, 1.38333344779e-09]
    },
    "gfcc": {
        "mean": [-54.3554229736, 115.199783325, -93.3027267456, 48.2032737732, -56.8136138916, 11.0136156082, -34.8079376221, 0.267017573118, -26.4340419769, -3.86471605301, -12.2405319214, -6.25267982483, -7.75124311447],
        "cov": [[11378.8066406, -1263.08105469, -897.575500488, 51.3671073914, -847.958679199, 130.167984009, -269.169281006, 356.790527344, -245.807769775, 55.2644271851, -172.975570679, 83.0819549561, -76.7199935913], [-1263.08105469, 1276.06591797, -20.9538917542, -69.3719558716, 307.061798096, -127.288101196, 201.792892456, -73.9850387573, 224.02204895, -97.275642395, 212.070419312, -153.425338745, 111.469734192], [-897.575500488, -20.9538917542, 978.565185547, 34.0283508301, 256.561859131, 255.417984009, 32.0189056396, -47.6038665771, -0.455731928349, 75.1571960449, -63.0513153076, 149.874481201, -69.1648025513], [51.3671073914, -69.3719558716, 34.0283508301, 359.583282471, 29.4107398987, -0.208238497376, 42.9124336243, 18.6090641022, 47.5948867798, 14.593120575, 28.0161113739, -26.5931339264, 12.8602571487], [-847.958679199, 307.061798096, 256.561859131, 29.4107398987, 342.513397217, 53.4102554321, 85.5147171021, -25.9678878784, 82.4939498901, 29.2740097046, 38.9740753174, -8.55148220062, -4.19504117966], [130.167984009, -127.288101196, 255.417984009, -0.208238497376, 53.4102554321, 268.689727783, 34.4988479614, 9.21448707581, -24.0077362061, 27.2594890594, -29.6427955627, 75.1933822632, -31.8703403473], [-269.169281006, 201.792892456, 32.0189056396, 42.9124336243, 85.5147171021, 34.4988479614, 184.601715088, 42.5621070862, 68.3426895142, 11.909163475, 60.6004905701, -13.3856010437, 21.0379829407], [356.790527344, -73.9850387573, -47.6038665771, 18.6090641022, -25.9678878784, 9.21448707581, 42.5621070862, 141.031478882, 28.8145484924, 39.7288513184, 19.4645862579, 15.3255462646, 15.3856487274], [-245.807769775, 224.02204895, -0.455731928349, 47.5948867798, 82.4939498901, -24.0077362061, 68.3426895142, 28.8145484924, 134.332870483, 25.9023075104, 68.8436355591, -27.5597229004, 35.0909461975], [55.2644271851, -97.275642395, 75.1571960449, 14.593120575, 29.2740097046, 27.2594890594, 11.909163475, 39.7288513184, 25.9023075104, 115.568832397, 27.8404197693, 35.4737091064, -5.41333293915], [-172.975570679, 212.070419312, -63.0513153076, 28.0161113739, 38.9740753174, -29.6427955627, 60.6004905701, 19.4645862579, 68.8436355591, 27.8404197693, 133.01222229, -10.4103326797, 41.0317649841], [83.0819549561, -153.425338745, 149.874481201, -26.5931339264, -8.55148220062, 75.1933822632, -13.3856010437, 15.3255462646, -27.5597229004, 35.4737091064, -10.4103326797, 124.608032227, -1.3361620903], [-76.7199935913, 111.469734192, -69.1648025513, 12.8602571487, -4.19504117966, -31.8703403473, 21.0379829407, 15.3856487274, 35.0909461975, -5.41333293915, 41.0317649841, -1.3361620903, 93.8322143555]],
        "icov": [[0.000131625813083, -7.03303085174e-05, 0.000141715514474, -9.91985943983e-05, 0.000230875448324, -0.000205192845897, 0.000173240303411, -0.000309611583361, 8.04254596005e-05, -0.00014254875714, 0.000157813352416, -9.64277569437e-05, 0.000153095825226], [-7.03303085174e-05, 0.00351788802072, -0.000797723245341, 0.00177420326509, -0.00172238657251, 0.000934679643251, -0.00152567331679, 0.00152602570597, -0.00265843071975, 0.00377666112036, -0.0039273314178, 0.00267247180454, -0.00176800927147], [0.000141715514474, -0.000797723245341, 0.00251582730561, -0.000787283759564, -0.000820894667413, -0.00139160011895, 0.000389631139114, 0.00026045757113, 0.000155497895321, -0.00149705074728, 0.00215234607458, -0.00282352766953, 0.00126053846907], [-9.91985943983e-05, 0.00177420326509, -0.000787283759564, 0.00395387178287, -0.000698021962307, 0.000507206597831, -0.00113761052489, 0.000684422149789, -0.00199760706164, 0.00168859038968, -0.00219595548697, 0.00236229924485, -0.00118873966858], [0.000230875448324, -0.00172238657251, -0.000820894667413, -0.000698021962307, 0.00622881297022, -0.000881486630533, -0.000379507167963, 0.000161966920132, -0.000910384464078, -0.00245894235559, 0.00152604631148, 0.000102486017568, 0.00129583594389], [-0.000205192845897, 0.000934679643251, -0.00139160011895, 0.000507206597831, -0.000881486630533, 0.00631669117138, -0.00220821565017, 0.000396332936361, 0.000271533499472, 0.00103334255982, -0.000466907338705, -0.00135837250855, 0.000305660767481], [0.000173240303411, -0.00152567331679, 0.000389631139114, -0.00113761052489, -0.000379507167963, -0.00220821565017, 0.00938058178872, -0.00346777657978, -0.000618990452494, -0.00020142327412, -0.000934493960813, -0.000114657981612, 0.000722505326848], [-0.000309611583361, 0.00152602570597, 0.00026045757113, 0.000684422149789, 0.000161966920132, 0.000396332936361, -0.00346777657978, 0.011074651964, -0.00311084394343, -0.00157261360437, -0.000450041319709, -0.000339552585501, -0.00159976736177], [8.04254596005e-05, -0.00265843071975, 0.000155497895321, -0.00199760706164, -0.000910384464078, 0.000271533499472, -0.000618990452494, -0.00311084394343, 0.0163613613695, -0.00462189875543, -0.00102515716571, 0.000981102348305, -0.00161044497509], [-0.00014254875714, 0.00377666112036, -0.00149705074728, 0.00168859038968, -0.00245894235559, 0.00103334255982, -0.00020142327412, -0.00157261360437, -0.00462189875543, 0.0163791682571, -0.00716187153012, 6.53489269098e-06, 0.000411349348724], [0.000157813352416, -0.0039273314178, 0.00215234607458, -0.00219595548697, 0.00152604631148, -0.000466907338705, -0.000934493960813, -0.000450041319709, -0.00102515716571, -0.00716187153012, 0.0173398405313, -0.00440458254889, -0.000800011330284], [-9.64277569437e-05, 0.00267247180454, -0.00282352766953, 0.00236229924485, 0.000102486017568, -0.00135837250855, -0.000114657981612, -0.000339552585501, 0.000981102348305, 6.53489269098e-06, -0.00440458254889, 0.0159379485995, -0.00424758763984], [0.000153095825226, -0.00176800927147, 0.00126053846907, -0.00118873966858, 0.00129583594389, 0.000305660767481, 0.000722505326848, -0.00159976736177, -0.00161044497509, 0.000411349348724, -0.000800011330284, -0.00424758763984, 0.0151523407549]]
    },
    "melbands": {
        "dmean": [0.00146181450691, 0.00133473135065, 0.000640769372694, 0.00117638614029, 0.000634607567918, 0.000354097923264, 0.000219895126065, 9.18603400351e-05, 7.90792473708e-05, 8.11198115116e-05, 0.000108554500912, 2.78746283584e-05, 2.01002767426e-05, 2.02009505301e-05, 1.17915860756e-05, 6.75193768984e-06, 1.81048126251e-05, 9.90986973193e-06, 6.73438626109e-06, 4.22657649324e-06, 3.93657592213e-06, 3.39278130923e-06, 4.41137899543e-06, 4.18203990193e-06, 3.73033731194e-06, 2.85872920358e-06, 3.27362340613e-06, 3.70050474885e-06, 2.99765997624e-06, 1.81914765562e-06, 1.34415017783e-06, 1.05207709566e-06, 8.37624270389e-07, 7.55562325594e-07, 5.68919915622e-07, 5.51127698145e-07, 3.74277220772e-07, 3.30466122023e-07, 2.8326201118e-07, 2.35043984276e-07],
        "dmean2": [0.00216558459215, 0.00225928262807, 0.00104332517367, 0.00180910364725, 0.000982740195468, 0.000554693106096, 0.000355844123987, 0.000139251031214, 0.000118982352433, 0.000125855585793, 0.000168815764482, 4.37097551185e-05, 3.16607001878e-05, 3.22565610986e-05, 1.85456137842e-05, 1.09166503535e-05, 2.72423258139e-05, 1.56528840307e-05, 1.09051807158e-05, 7.03122714185e-06, 6.61562626192e-06, 5.81391304877e-06, 7.41267876947e-06, 6.85249688104e-06, 6.10420511293e-06, 4.63194510303e-06, 5.298034921e-06, 5.91812431594e-06, 4.61914032712e-06, 2.89423292088e-06, 2.042113465e-06, 1.60453032549e-06, 1.27357998281e-06, 1.14932299766e-06, 8.62538797719e-07, 8.52538391882e-07, 5.71031478103e-07, 5.3267012845e-07, 4.38531969849e-07, 3.61355887435e-07],
        "dvar": [2.08842811844e-05, 1.1087619896e-05, 1.43726617807e-06, 1.62727228599e-05, 2.05650394491e-06, 7.45837439808e-07, 3.99032813903e-07, 8.20668688561e-08, 4.3018502538e-08, 6.61118235712e-08, 1.04173565774e-07, 8.77700223612e-09, 8.04272382027e-09, 6.13982908959e-09, 7.34355409815e-10, 2.17731402352e-10, 3.40679529032e-09, 7.70683239448e-10, 2.77657508096e-10, 3.64901275862e-10, 4.17777784589e-10, 1.23253254825e-10, 2.45616166294e-10, 2.49247456008e-10, 1.50741627514e-10, 6.53287632324e-11, 7.80228034958e-11, 1.71391942305e-10, 1.89799551076e-10, 5.17370382647e-11, 1.37856271537e-11, 1.1225079026e-11, 4.79957826954e-12, 2.71013766984e-12, 1.81767133896e-12, 1.88807173021e-12, 7.79894757715e-13, 1.12660802996e-12, 1.62517612215e-12, 4.34469490549e-13],
        "dvar2": [4.67713325634e-05, 2.99552502838e-05, 3.55746328751e-06, 3.65643536497e-05, 4.64160211777e-06, 1.7618073116e-06, 9.88454303297e-07, 1.62607165066e-07, 9.78301315513e-08, 1.50857033532e-07, 2.34970983115e-07, 2.07295798305e-08, 1.75281780201e-08, 1.54901531602e-08, 1.81152204348e-09, 5.60057833443e-10, 6.99367319612e-09, 1.89186333266e-09, 6.13908202052e-10, 1.02087138742e-09, 1.19437537638e-09, 3.49514805986e-10, 6.77460310072e-10, 6.76258549159e-10, 4.03855698883e-10, 1.59997418092e-10, 1.9139871632e-10, 3.95194293956e-10, 4.62486937636e-10, 1.3089500317e-10, 2.62123378558e-11, 2.49378018236e-11, 1.02856126394e-11, 5.96581724993e-12, 4.13820974016e-12, 4.36562981945e-12, 1.89711072372e-12, 2.48873079263e-12, 3.49758113097e-12, 1.04212786404e-12],
        "max": [0.0377399139106, 0.0338721387088, 0.0136791802943, 0.045187138021, 0.0169588793069, 0.0107982093468, 0.00807489641011, 0.00492897676304, 0.00325636635534, 0.0043066944927, 0.00487748673186, 0.00240231887437, 0.00222726841457, 0.00164372997824, 0.000384918559575, 0.000186552118976, 0.00135876820423, 0.000446448277216, 0.000240114604821, 0.000443970755441, 0.000481254275655, 0.000261095323367, 0.000316486519296, 0.000391180597944, 0.000247183023021, 0.000156761656399, 0.000158126043971, 0.000348845991539, 0.000385570834624, 0.000188891543075, 8.39134445414e-05, 8.98523649084e-05, 3.01268937619e-05, 2.11666429095e-05, 1.86396664503e-05, 1.91713897948e-05, 1.34550855364e-05, 2.21152058657e-05, 3.58617253369e-05, 1.36102626129e-05],
        "mean": [0.00210433173925, 0.00241531431675, 0.00161893642507, 0.00153981312178, 0.000943660852499, 0.000597782491241, 0.000341474398738, 0.000143385768752, 0.000121373697766, 0.000110865352326, 0.00014915112115, 3.99533564632e-05, 3.0929055356e-05, 2.82794972009e-05, 1.88664653251e-05, 9.64288301475e-06, 2.5956574973e-05, 1.4166173969e-05, 9.39216624829e-06, 5.30865281689e-06, 5.24807501279e-06, 5.16242789672e-06, 6.02994396104e-06, 6.08808159086e-06, 5.8097357396e-06, 4.53520169685e-06, 5.56756458536e-06, 6.13711654296e-06, 4.31647640653e-06, 2.78714855995e-06, 2.21932327804e-06, 1.52642951434e-06, 1.31028423311e-06, 1.28708200009e-06, 9.2395930551e-07, 8.39732592794e-07, 5.26047244875e-07, 4.22643182674e-07, 3.76330802965e-07, 3.43840127925e-07],
        "median": [0.00095379864797, 0.00150091317482, 0.000801280082669, 0.000470888626296, 0.000246122421231, 9.74013964878e-05, 3.56967611879e-05, 1.98691068363e-05, 2.02944611374e-05, 1.56468449859e-05, 1.70708808582e-05, 7.31373529561e-06, 5.00719306729e-06, 7.02421175447e-06, 6.70665212965e-06, 3.19961759487e-06, 4.03958347306e-06, 3.08804601445e-06, 2.18999139179e-06, 1.5375132989e-06, 1.70897715179e-06, 2.86655972559e-06, 2.78918514596e-06, 2.22946073336e-06, 1.60863510246e-06, 1.68810890955e-06, 1.41011014421e-06, 1.14087742986e-06, 1.04906052911e-06, 1.00036811546e-06, 5.9517316231e-07, 2.50473675578e-07, 2.99438539741e-07, 4.52347364899e-07, 2.83503453602e-07, 2.47874652359e-07, 1.48342849116e-07, 8.5595658561e-08, 9.25424714637e-08, 8.95347369578e-08],
        "min": [8.43281743263e-14, 1.29981271514e-13, 4.02357692249e-14, 5.4580308609e-15, 4.49411499022e-15, 2.32956760978e-14, 6.72789842026e-15, 3.8857475519e-15, 2.05744705229e-15, 2.09289940454e-15, 1.69024545828e-15, 1.77657431511e-15, 4.3771164468e-15, 1.96338764338e-15, 8.43749741672e-16, 1.58081123671e-15, 4.17860284067e-15, 1.10595757846e-15, 2.31809412499e-15, 3.80177270551e-15, 2.51855887152e-15, 2.48846675552e-15, 2.36582400805e-15, 4.72162126359e-15, 3.19139462273e-15, 5.31812261736e-15, 2.39750452259e-15, 5.60234791094e-16, 2.2498889145e-15, 1.57634462022e-15, 2.29149369056e-15, 4.01355000057e-15, 2.23825512872e-15, 3.71894812986e-15, 2.75543565863e-15, 2.48335745278e-15, 3.20229127808e-15, 2.70022139244e-15, 1.45196037302e-15, 3.65362367842e-15],
        "var": [2.47118987318e-05, 1.13125024654e-05, 3.70171710529e-06, 1.83593820111e-05, 3.34394303536e-06, 1.56016540132e-06, 8.29359578347e-07, 2.12375454112e-07, 8.91821869686e-08, 1.11342700393e-07, 1.88824330394e-07, 1.52983012924e-08, 1.77956014369e-08, 8.50928483231e-09, 1.35502875587e-09, 3.30985239216e-10, 7.43604999798e-09, 1.20365595269e-09, 4.65168070729e-10, 2.93365970405e-10, 2.948035982e-10, 1.0020931307e-10, 2.07243014416e-10, 2.2143863132e-10, 1.75707171035e-10, 1.28651339582e-10, 2.04769007306e-10, 2.66515393088e-10, 1.94117971697e-10, 7.06590203015e-11, 3.67128723255e-11, 2.26760780292e-11, 1.0465060242e-11, 5.83425668887e-12, 3.43779670529e-12, 3.24729045736e-12, 1.14629464774e-12, 1.34562998765e-12, 1.79385401932e-12, 5.34136645504e-13]
    },
    "mfcc": {
        "mean": [-698.602111816, 134.275909424, 23.5267238617, 38.1724967957, 7.67861890793, 10.2983980179, 5.14266061783, 2.03850650787, -4.7538228035, 0.46314945817, -3.53778600693, -2.68003869057, -5.73652076721],
        "cov": [[9146.35253906, -1082.79907227, -537.338012695, -149.738830566, -585.132629395, -387.615142822, -148.051849365, 29.8929309845, -90.4557647705, 40.841884613, -126.178565979, -96.417350769, -159.826721191], [-1082.79907227, 1283.55993652, -34.9579124451, 28.6605014801, 162.663543701, 61.9289245605, 59.9653663635, 40.6835365295, 5.6624584198, 73.0637054443, 52.4944458008, 13.2270717621, 43.2258071899], [-537.338012695, -34.9579124451, 590.106018066, -3.82879328728, 131.408401489, 215.335144043, 52.9721717834, 62.3158035278, 50.8169708252, -103.515640259, 76.2513809204, 33.5116920471, 39.0547637939], [-149.738830566, 28.6605014801, -3.82879328728, 320.102508545, 50.2422370911, -1.1530957222, 5.21169471741, -3.64985918999, 21.2878608704, 65.037940979, 2.86242437363, 43.6087913513, 47.997303009], [-585.132629395, 162.663543701, 131.408401489, 50.2422370911, 223.304458618, 108.676673889, 25.1878929138, 13.0273685455, 28.1338367462, 4.44347429276, 34.3562164307, 26.4501171112, 26.8662490845], [-387.615142822, 61.9289245605, 215.335144043, -1.1530957222, 108.676673889, 243.855117798, 52.6979751587, 48.9156951904, 20.5844593048, -31.1115493774, 55.5251159668, -3.97106981277, 23.2781505585], [-148.051849365, 59.9653663635, 52.9721717834, 5.21169471741, 25.1878929138, 52.6979751587, 120.460494995, 43.1443214417, 19.0717811584, 27.6004714966, 31.1656303406, 14.6001911163, 10.7837123871], [29.8929309845, 40.6835365295, 62.3158035278, -3.64985918999, 13.0273685455, 48.9156951904, 43.1443214417, 110.810997009, 31.7536811829, 1.13073241711, 23.6193027496, 7.71383190155, 10.2233819962], [-90.4557647705, 5.6624584198, 50.8169708252, 21.2878608704, 28.1338367462, 20.5844593048, 19.0717811584, 31.7536811829, 79.8915634155, 26.6246948242, 10.4527292252, 8.46976470947, 5.4152302742], [40.841884613, 73.0637054443, -103.515640259, 65.037940979, 4.44347429276, -31.1115493774, 27.6004714966, 1.13073241711, 26.6246948242, 158.701187134, 15.2721748352, 11.3513345718, 15.5015697479], [-126.178565979, 52.4944458008, 76.2513809204, 2.86242437363, 34.3562164307, 55.5251159668, 31.1656303406, 23.6193027496, 10.4527292252, 15.2721748352, 92.8459854126, 20.0933666229, 24.988615036], [-96.417350769, 13.2270717621, 33.5116920471, 43.6087913513, 26.4501171112, -3.97106981277, 14.6001911163, 7.71383190155, 8.46976470947, 11.3513345718, 20.0933666229, 96.461769104, 43.1356773376], [-159.826721191, 43.2258071899, 39.0547637939, 47.997303009, 26.8662490845, 23.2781505585, 10.7837123871, 10.2233819962, 5.4152302742, 15.5015697479, 24.988615036, 43.1356773376, 84.2941894531]],
