{
"lowlevel": {
    "average_loudness": 0.963282585144,
    "barkbands_crest": {
        "dmean": 3.37869906425,
        "dmean2": 5.52388906479,
        "dvar": 8.88216209412,
        "dvar2": 23.0776977539,
        "max": 25.7954730988,
        "mean": 11.9762773514,
        "median": 11.468542099,
        "min": 2.45125365257,
        "var": 25.0394535065
    },
    "barkbands_flatness_db": {
        "dmean": 0.0346293263137,
        "dmean2": 0.0494913458824,
        "dvar": 0.00126927124802,
        "dvar2": 0.00242259306833,
        "max": 0.445766150951,
        "mean": 0.163717567921,
        "median": 0.15653565526,
        "min": 0.0213130544871,
        "var": 0.00599918467924
    },
    "barkbands_kurtosis": {
        "dmean": 7.84177780151,
        "dmean2": 12.0779237747,
        "dvar": 260.882232666,
        "dvar2": 610.036376953,
        "max": 263.618133545,
        "mean": 11.7154417038,
        "median": 4.69792604446,
        "min": -1.91070950031,
        "var": 436.110443115
    },
    "barkbands_skewness": {
        "dmean": 0.859529852867,
        "dmean2": 1.29030036926,
        "dvar": 1.03363668919,
        "dvar2": 2.20226836205,
        "max": 12.5922622681,
        "mean": 2.34948372841,
        "median": 2.00384712219,
        "min": -4.10577821732,
        "var": 3.11898231506
    },
    "barkbands_spread": {
        "dmean": 7.25441503525,
        "dmean2": 11.0701313019,
        "dvar": 112.981826782,
        "dvar2": 245.945968628,
        "max": 111.38961792,
        "mean": 17.9679737091,
        "median": 13.8732204437,
        "min": 0.691990733147,
        "var": 227.473556519
    },
    "dissonance": {
        "dmean": 0.0275350864977,
        "dmean2": 0.0444197282195,
        "dvar": 0.000751107465476,
        "dvar2": 0.00197121221572,
        "max": 0.499999910593,
        "mean": 0.446414530277,
        "median": 0.457899838686,
        "min": 0.1861666888,
        "var": 0.00194643822033
    },
    "dynamic_complexity": 3.34792327881,
    "erbbands_crest": {
        "dmean": 2.95722603798,
        "dmean2": 4.77190876007,
        "dvar": 8.42719364166,
        "dvar2": 20.7246322632,
        "max": 31.0645103455,
        "mean": 10.0112142563,
        "median": 8.95381832123,
        "min": 2.409532547,
        "var": 24.3667392731
    },
    "erbbands_flatness_db": {
        "dmean": 0.0275554452091,
        "dmean2": 0.0356876440346,
        "dvar": 0.000726561178453,
        "dvar2": 0.00121831381693,
        "max": 0.319930195808,
        "mean": 0.14921335876,
        "median": 0.145205795765,
        "min": 0.0395703390241,
        "var": 0.00252993148752
    },
    "erbbands_kurtosis": {
        "dmean": 1.75158011913,
        "dmean2": 2.69311666489,
        "dvar": 6.41992855072,
        "dvar2": 14.0796804428,
        "max": 30.6196517944,
        "mean": 2.07502555847,
        "median": 0.506385326385,
        "min": -1.7777992487,
        "var": 16.3494815826
    },
    "erbbands_skewness": {
        "dmean": 0.508597910404,
        "dmean2": 0.759491562843,
        "dvar": 0.321999788284,
        "dvar2": 0.698003828526,
        "max": 4.91165113449,
        "mean": 0.821747243404,
        "median": 0.739933490753,
        "min": -4.04385280609,
        "var": 1.0363701582
    },
    "erbbands_spread": {
        "dmean": 11.8553171158,
        "dmean2": 17.4696578979,
        "dvar": 227.820602417,
        "dvar2": 478.633850098,
        "max": 148.652008057,
        "mean": 38.0524291992,
        "median": 33.5787620544,
        "min": 3.72827458382,
        "var": 467.85736084
    },
    "hfc": {
        "dmean": 11.5466442108,
        "dmean2": 16.7382564545,
        "dvar": 501.155273438,
        "dvar2": 1190.83422852,
        "max": 225.345581055,
        "mean": 20.8378391266,
        "median": 13.2001066208,
        "min": 1.16026043719e-16,
        "var": 749.926025391
    },
    "melbands_crest": {
        "dmean": 3.91939759254,
        "dmean2": 6.43758153915,
        "dvar": 11.4504575729,
        "dvar2": 28.5543327332,
        "max": 31.952337265,
        "mean": 15.7546129227,
        "median": 15.5319681168,
        "min": 2.0564558506,
        "var": 34.2695198059
    },
    "melbands_flatness_db": {
        "dmean": 0.0395410768688,
        "dmean2": 0.0564423501492,
        "dvar": 0.00183536671102,
        "dvar2": 0.00334509252571,
        "max": 0.587867200375,
        "mean": 0.250452756882,
        "median": 0.242872610688,
        "min": 0.00660531781614,
        "var": 0.0106089590117
    },
    "melbands_kurtosis": {
        "dmean": 15.9475784302,
        "dmean2": 24.5470638275,
        "dvar": 1287.18933105,
        "dvar2": 2832.24194336,
        "max": 547.155395508,
        "mean": 25.5388660431,
        "median": 11.9094314575,
        "min": -1.17988073826,
        "var": 2028.96520996
    },
    "melbands_skewness": {
        "dmean": 1.04433047771,
        "dmean2": 1.55406141281,
        "dvar": 1.50963056087,
        "dvar2": 3.10968279839,
        "max": 17.976776123,
        "mean": 3.24575734138,
        "median": 2.74739027023,
        "min": -1.49429094791,
        "var": 4.5253162384
    },
    "melbands_spread": {
        "dmean": 6.55119228363,
        "dmean2": 10.1509895325,
        "dvar": 119.690429688,
        "dvar2": 253.203445435,
        "max": 155.462051392,
        "mean": 16.6004734039,
        "median": 11.9184570312,
        "min": 0.554999828339,
        "var": 272.197021484
    },
    "pitch_salience": {
        "dmean": 0.0898490250111,
        "dmean2": 0.143441841006,
        "dvar": 0.0062283873558,
        "dvar2": 0.015634668991,
        "max": 0.837768614292,
        "mean": 0.532278180122,
        "median": 0.531961262226,
        "min": 0.12249790132,
        "var": 0.0202502310276
    },
    "silence_rate_20dB": {
        "dmean": 0,
        "dmean2": 0,
        "dvar": 0,
        "dvar2": 0,
        "max": 1,
        "mean": 1,
        "median": 1,
        "min": 1,
        "var": 0
    },
    "silence_rate_30dB": {
        "dmean": 0.0402476787567,
        "dmean2": 0.0805577039719,
        "dvar": 0.0386281274259,
        "dvar2": 0.0973069891334,
        "max": 1,
        "mean": 0.968290805817,
        "median": 1,
        "min": 0,
        "var": 0.0307039637119
    },
    "silence_rate_60dB": {
        "dmean": 0.0216718260199,
        "dmean2": 0.0433772280812,
        "dvar": 0.0212017875165,
        "dvar2": 0.0492408126593,
        "max": 1,
        "mean": 0.0742459371686,
        "median": 0,
        "min": 0,
        "var": 0.0687350854278
    },
    "spectral_centroid": {
        "dmean": 299.731048584,
        "dmean2": 455.314208984,
        "dvar": 276668.40625,
        "dvar2": 509514.71875,
        "max": 10746.5214844,
        "mean": 1069.51489258,
        "median": 925.772583008,
        "min": 189.818832397,
        "var": 530873.6875
    },
    "spectral_complexity": {
        "dmean": 4.55108356476,
        "dmean2": 6.88458538055,
        "dvar": 45.5196266174,
        "dvar2": 88.532951355,
        "max": 59,
        "mean": 16.2869300842,
        "median": 13,
        "min": 0,
        "var": 135.397232056
    },
    "spectral_decrease": {
        "dmean": 4.05045197382e-09,
        "dmean2": 6.4587823978e-09,
        "dvar": 3.51444425379e-17,
        "dvar2": 8.4656330719e-17,
        "max": 1.87663366097e-29,
        "mean": -9.07790820293e-09,
        "median": -6.99286140105e-09,
        "min": -5.45016192177e-08,
        "var": 6.61908933548e-17
    },
    "spectral_energy": {
        "dmean": 0.0160639453679,
        "dmean2": 0.0255117695779,
        "dvar": 0.000540626293514,
        "dvar2": 0.00130061188247,
        "max": 0.208490714431,
        "mean": 0.0361521616578,
        "median": 0.0287232715636,
        "min": 1.04530676683e-20,
        "var": 0.00101640122011
    },
    "spectral_energyband_high": {
        "dmean": 0.00109628040809,
        "dmean2": 0.00168559362646,
        "dvar": 7.31426371203e-06,
        "dvar2": 1.78804821189e-05,
        "max": 0.0326209925115,
        "mean": 0.00124189327471,
        "median": 0.000298808212392,
        "min": 7.77640006341e-21,
        "var": 8.90997307579e-06
    },
    "spectral_energyband_low": {
        "dmean": 0.0117232203484,
        "dmean2": 0.0190407056361,
        "dvar": 0.000431290623965,
        "dvar2": 0.00108932657167,
        "max": 0.203151509166,
        "mean": 0.019451867789,
        "median": 0.0109945908189,
        "min": 5.92245150095e-23,
        "var": 0.000683647755068
    },
    "spectral_energyband_middle_high": {
        "dmean": 0.00164942420088,
        "dmean2": 0.00261778361164,
        "dvar": 1.46215397763e-05,
        "dvar2": 3.53798859578e-05,
        "max": 0.0723029077053,
        "mean": 0.00382519094273,
        "median": 0.00181170192081,
        "min": 1.53768422912e-21,
        "var": 2.71234694083e-05
    },
    "spectral_energyband_middle_low": {
        "dmean": 0.00558590935543,
        "dmean2": 0.00869356375188,
        "dvar": 9.80431213975e-05,
        "dvar2": 0.000227080658078,
        "max": 0.126878917217,
        "mean": 0.0124945761636,
        "median": 0.00818471517414,
        "min": 2.09635595133e-22,
        "var": 0.000187302022823
    },
    "spectral_entropy": {
        "dmean": 0.272229373455,
        "dmean2": 0.360871851444,
        "dvar": 0.100809067488,
        "dvar2": 0.164203748107,
        "max": 9.81007003784,
        "mean": 7.39962244034,
        "median": 7.4583940506,
        "min": 5.34553766251,
        "var": 0.397486001253
    },
    "spectral_flux": {
        "dmean": 0.0354451052845,
        "dmean2": 0.0553021878004,
        "dvar": 0.00182104308624,
        "dvar2": 0.00419461773708,
        "max": 0.374173611403,
        "mean": 0.0982324704528,
        "median": 0.0854110941291,
        "min": 1.02240244049e-10,
        "var": 0.00386060448363
    },
    "spectral_kurtosis": {
        "dmean": 2.24616622925,
        "dmean2": 3.34244060516,
        "dvar": 11.8352489471,
        "dvar2": 22.0929260254,
        "max": 47.2406044006,
        "mean": 5.44607210159,
        "median": 4.00516700745,
        "min": -1.25730919838,
        "var": 29.4744873047
    },
    "spectral_rms": {
        "dmean": 0.00118629238568,
        "dmean2": 0.00181988847908,
        "dvar": 1.99540613721e-06,
        "dvar2": 4.50164998256e-06,
        "max": 0.0142620326951,
        "mean": 0.00535933161154,
        "median": 0.005293647293,
        "min": 3.19344876064e-12,
        "var": 6.54795530863e-06
    },
    "spectral_rolloff": {
        "dmean": 500.013946533,
        "dmean2": 854.123657227,
        "dvar": 1379436.625,
        "dvar2": 2783322.5,
        "max": 18647.7539062,
        "mean": 1087.73400879,
        "median": 602.9296875,
        "min": 64.599609375,
        "var": 2103402.75
    },
    "spectral_skewness": {
        "dmean": 0.344665944576,
        "dmean2": 0.491234898567,
        "dvar": 0.170525476336,
        "dvar2": 0.315122395754,
        "max": 5.74089097977,
        "mean": 1.77489972115,
        "median": 1.61064255238,
        "min": -0.152185752988,
        "var": 0.593910098076
    },
    "spectral_spread": {
        "dmean": 1023676.9375,
        "dmean2": 1331725.25,
        "dvar": 1.81660418048e+12,
        "dvar2": 2.60668915712e+12,
        "max": 40777380,
        "mean": 5172698,
        "median": 4950618.5,
        "min": 1203138.75,
        "var": 4.93453049856e+12
    },
    "spectral_strongpeak": {
        "dmean": 0.355014115572,
        "dmean2": 0.597384810448,
        "dvar": 0.334419637918,
        "dvar2": 0.801399052143,
        "max": 5.73538589478,
        "mean": 0.668260157108,
        "median": 0.349050879478,
        "min": 0,
        "var": 0.651580154896
    },
    "zerocrossingrate": {
        "dmean": 0.0138702867553,
        "dmean2": 0.0152963269502,
        "dvar": 0.000431557913544,
        "dvar2": 0.000410994514823,
        "max": 0.51123046875,
        "mean": 0.0518790334463,
        "median": 0.04150390625,
        "min": 0.00390625,
        "var": 0.00165351456963
    },
    "barkbands": {
        "dmean": [0.000668395892717, 0.0103627387434, 0.00213344977237, 0.00137192418333, 0.00233667343855, 0.000765373697504, 0.00140762375668, 0.00131531246006, 0.000893800519407, 0.000758049136493, 0.0003137824242, 0.000338046316756, 0.000257300242083, 0.000215443273191, 0.000152924782014, 0.000151635860675, 0.000137322305818, 0.000186915742233, 0.00013099933858, 0.000223727416596, 0.000263210153207, 0.000239162647631, 0.000191422237549, 0.000188854814041, 7.58591850172e-05, 8.11283025541e-05, 1.36863118314e-05],
        "dmean2": [0.001079848269, 0.0172324776649, 0.00364336348139, 0.00224437029101, 0.00380812119693, 0.00124326534569, 0.00216811592691, 0.00207728357054, 0.00147498527076, 0.00123564945534, 0.000503231072798, 0.000509651144966, 0.000417952629505, 0.000351286493242, 0.000253807578702, 0.000248922093306, 0.000227017371799, 0.00031400489388, 0.000215438893065, 0.00038242797018, 0.000442953867605, 0.000395862967707, 0.000303110427922, 0.000277297600405, 0.000109651111416, 0.000111244378786, 2.12433860725e-05],
        "dvar": [1.53571943429e-06, 0.000364638312021, 1.41484306369e-05, 8.37237894302e-06, 1.85642747965e-05, 2.5660447136e-06, 1.72666841536e-05, 1.49751822391e-05, 4.38460938312e-06, 9.4850320238e-06, 6.8113075713e-07, 5.24832898918e-07, 3.08713055119e-07, 3.00797694308e-07, 1.21919399021e-07, 8.30415629594e-08, 7.5123772092e-08, 2.63670443701e-07, 7.33742098191e-08, 3.18118281939e-07, 5.0467821211e-07, 4.99728059822e-07, 4.41515595639e-07, 5.90325782923e-07, 2.95147923879e-08, 2.04349781541e-08, 9.87870230063e-10],
        "dvar2": [3.89316983274e-06, 0.000949938374106, 3.97388939746e-05, 2.07552493521e-05, 4.39620343968e-05, 6.72302940075e-06, 4.05735409004e-05, 3.55767188012e-05, 1.14633303383e-05, 2.53755897575e-05, 1.70758062268e-06, 1.03035040411e-06, 7.07437038727e-07, 6.36055972336e-07, 3.14549339464e-07, 2.08129137036e-07, 1.89176134313e-07, 7.21621972843e-07, 1.78928203809e-07, 8.65916092607e-07, 1.36348455726e-06, 1.30165608425e-06, 1.08778556296e-06, 1.0324545201e-06, 5.47693410624e-08, 4.17241530215e-08, 2.38403563557e-09],
        "max": [0.0114747332409, 0.191250964999, 0.0373776890337, 0.0397768840194, 0.0622876361012, 0.0222587939352, 0.1098774001, 0.0636959522963, 0.0355034135282, 0.0704328715801, 0.0140147702768, 0.0157794989645, 0.010672240518, 0.00894853286445, 0.00679964292794, 0.00364934117533, 0.00281034689397, 0.00725283706561, 0.00273956451565, 0.00455039227381, 0.0070633306168, 0.00896619725972, 0.0148585028946, 0.0210437476635, 0.00393437920138, 0.0011757009197, 0.000290624506306],
        "mean": [0.000864418747369, 0.0146645298228, 0.00316312536597, 0.00191406009253, 0.00383826252073, 0.00119813159108, 0.00232910551131, 0.00178598321509, 0.00121487188153, 0.00102771213278, 0.000425543286838, 0.000531921337824, 0.000434975198004, 0.000356319331331, 0.000215050269617, 0.000220646921662, 0.000196752836928, 0.000253581092693, 0.000175534980372, 0.000219929148443, 0.000266448099865, 0.000230557110626, 0.000201525908778, 0.000224673116463, 9.49079694692e-05, 9.04862245079e-05, 1.31202841658e-05],
        "median": [0.00031276550726, 0.00661260541528, 0.00168324250262, 0.000744957418647, 0.00203670538031, 0.000595244404394, 0.000501255562995, 0.000423969613621, 0.000436046073446, 0.000243204878643, 7.85093652667e-05, 0.000109540837002, 0.000109248860099, 6.56737029203e-05, 8.79330764292e-05, 9.16501812753e-05, 7.29180610506e-05, 7.1398106229e-05, 5.89911069255e-05, 5.68261821172e-05, 5.85815614613e-05, 2.85626265395e-05, 2.00761242013e-05, 2.33206046687e-05, 1.64456705534e-05, 1.31854349092e-05, 1.02202773178e-06],
        "min": [5.71829114323e-23, 2.32003329582e-23, 5.31313675771e-24, 3.60664326525e-24, 1.12443673339e-23, 6.59004870782e-23, 2.87855028771e-23, 3.92642073384e-23, 5.18429163274e-23, 9.30233867114e-23, 6.28988397794e-23, 1.55732199365e-22, 7.97326897347e-23, 7.38414260074e-23, 1.44919667901e-22, 1.84175948765e-22, 2.29054662182e-22, 2.00806058037e-22, 1.94245701423e-22, 2.69671734418e-22, 3.94298428849e-22, 4.22458314542e-22, 7.00641466852e-22, 9.30712686751e-22, 1.22395841229e-21, 1.75677288963e-21, 2.37506798124e-21],
        "var": [1.98896691472e-06, 0.000488355290145, 1.83030751941e-05, 1.37399583764e-05, 3.00307747239e-05, 3.37946926265e-06, 3.21203478961e-05, 1.90196951735e-05, 5.09778283231e-06, 9.5061977845e-06, 9.14657334761e-07, 1.39959161061e-06, 7.68729876199e-07, 7.93739729943e-07, 1.38903303082e-07, 1.24442308902e-07, 9.88752901776e-08, 2.60076092218e-07, 8.74393322192e-08, 2.4145586508e-07, 3.91210306816e-07, 4.54041355624e-07, 5.30118882125e-07, 1.09507584511e-06, 5.75737750808e-08, 2.90906037037e-08, 9.90498683073e-10]
    },
    "erbbands": {
        "dmean": [0.362219691277, 2.23441457748, 2.83730721474, 3.01984977722, 6.28588199615, 8.78827762604, 7.9449095726, 6.51921892166, 14.9298810959, 27.3775424957, 25.6772232056, 20.9794807434, 20.2425479889, 21.2432956696, 11.0635967255, 11.0871200562, 11.0808906555, 10.6091432571, 8.11076068878, 8.32369232178, 8.07995796204, 7.30467939377, 9.85911941528, 7.45335531235, 7.59681940079, 10.7820720673, 10.5583992004, 10.0654373169, 8.13173770905, 7.48871421814, 5.3492937088, 5.45803260803, 2.2681851387, 1.08629751205, 0.441358864307, 0.244351908565, 0.161877825856, 0.0510789491236, 0.00145039567724, 4.57651731267e-05],
        "dmean2": [0.587398052216, 3.7752790451, 4.76498842239, 4.98223304749, 10.1916980743, 14.2193536758, 13.3891048431, 10.4075937271, 22.4795913696, 41.4242973328, 41.0668716431, 34.3331832886, 34.1477851868, 33.2132606506, 17.5262641907, 16.948600769, 17.392993927, 16.8050823212, 13.0124568939, 13.6682519913, 13.2735900879, 12.0746927261, 16.722032547, 12.4192180634, 12.5787296295, 18.5490188599, 17.8629817963, 16.86460495, 13.4073820114, 12.2994422913, 8.4515209198, 8.07778453827, 3.27007770538, 1.57674312592, 0.615865767002, 0.347862273455, 0.225741192698, 0.0716376677155, 0.0021324721165, 6.43892999506e-05],
        "dvar": [0.396341472864, 18.7560596466, 27.4923992157, 32.060798645, 161.311920166, 313.833496094, 248.382263184, 190.738235474, 1735.52185059, 6139.27880859, 7666.71044922, 2644.31860352, 6495.58496094, 5435.6328125, 519.721984863, 649.165100098, 527.829223633, 787.969360352, 336.986633301, 236.412155151, 226.343338013, 214.344528198, 712.280212402, 336.799438477, 286.760314941, 766.253295898, 835.383239746, 730.824035645, 602.983764648, 806.344604492, 265.855804443, 565.94342041, 49.3045654297, 6.5173535347, 0.795294582844, 0.210893064737, 0.0844380557537, 0.00928002037108, 9.5897103165e-06, 5.60297852559e-09],
        "dvar2": [0.970515072346, 51.0641174316, 75.7521820068, 80.1931915283, 404.966705322, 721.136108398, 650.681762695, 497.363250732, 4014.17358398, 12638.1259766, 20192.375, 6947.23388672, 17665.2226562, 13367.7490234, 1185.73498535, 1192.96594238, 1154.77905273, 1638.86682129, 777.254089355, 594.534545898, 580.126037598, 535.038269043, 1923.9987793, 889.650146484, 730.817626953, 2100.88525391, 2267.95483398, 1965.14990234, 1602.71008301, 2117.0769043, 619.434082031, 1079.28991699, 93.2401504517, 12.234629631, 1.49906146526, 0.435707062483, 0.176006793976, 0.0199079010636, 2.27203709073e-05, 1.21300809397e-08],
        "max": [6.25932216644, 43.0956916809, 48.6027984619, 81.4208221436, 190.884262085, 256.627868652, 166.790878296, 225.534851074, 952.050598145, 1574.9465332, 1719.88537598, 979.985046387, 1602.98632812, 1727.3560791, 348.86038208, 591.016601562, 304.469909668, 519.809326172, 346.762756348, 183.241973877, 199.664093018, 159.180908203, 392.826568604, 222.490371704, 156.365402222, 249.428710938, 241.073913574, 285.948455811, 287.747924805, 667.431762695, 277.407318115, 611.594482422, 192.496765137, 56.4180717468, 20.6318950653, 3.64437532425, 2.2055118084, 0.787296891212, 0.0258584935218, 0.000708958134055],
        "mean": [0.513230383396, 2.86080431938, 4.34706544876, 4.79896259308, 9.82470226288, 13.2595424652, 11.6162405014, 10.3854293823, 24.8910961151, 42.4381790161, 35.5076293945, 28.103477478, 28.9688110352, 30.7309856415, 19.5058193207, 19.4377212524, 20.8145847321, 19.1939239502, 13.1036396027, 12.0441923141, 12.2341299057, 11.1392145157, 13.7320232391, 10.5581769943, 9.27826118469, 10.5949773788, 9.99125289917, 10.6592826843, 7.87216091156, 7.23581457138, 5.65839719772, 6.11061573029, 2.72587132454, 1.31564497948, 0.542396664619, 0.279662966728, 0.172930717468, 0.0558750294149, 0.00149557436816, 7.58944443078e-05],
        "median": [0.193215787411, 1.34573817253, 2.40870141983, 2.53139877319, 4.54658126831, 6.68343400955, 6.19123029709, 4.98488950729, 6.96778106689, 9.67306995392, 11.0890674591, 10.8241968155, 9.12053775787, 8.24668502808, 5.43647909164, 4.90744924545, 5.15517902374, 3.9685254097, 4.17832946777, 5.49721002579, 5.08066415787, 4.67757892609, 4.33073663712, 3.14240694046, 3.16168546677, 2.79960584641, 2.17785525322, 2.379748106, 1.17484784126, 0.746667981148, 0.538314640522, 0.506378948689, 0.353537380695, 0.181706741452, 0.105677843094, 0.0481589175761, 0.0231377333403, 0.00665035936981, 0.00017939521058, 4.42395248683e-05],
        "min": [1.41816491049e-21, 3.15213510038e-21, 6.38135794086e-21, 1.11730298408e-20, 2.59907063177e-20, 3.33386647901e-20, 2.24414074336e-19, 6.44649406817e-19, 3.47749262758e-19, 5.95198016558e-19, 9.91374413181e-19, 1.03780643911e-18, 1.56895286231e-18, 4.79463165229e-18, 3.28803941938e-18, 5.89999972229e-18, 4.11268203502e-18, 3.63468992779e-18, 5.89738748592e-18, 8.30829637107e-18, 1.00351839651e-17, 1.43532760393e-17, 1.05147096652e-17, 1.11366419524e-17, 1.07674389849e-17, 1.27852766061e-17, 1.40412287707e-17, 1.66170013694e-17, 1.16962420445e-17, 2.31216817e-17, 1.8946876333e-17, 1.8511711502e-17, 1.57148649584e-17, 1.1923199725e-17, 9.10829913742e-18, 6.58386012678e-18, 3.25720584846e-18, 1.26401862315e-18, 3.24735185262e-19, 3.61464776806e-20],
        "var": [0.636614322662, 20.3680610657, 34.3892822266, 54.1885108948, 276.672698975, 449.560699463, 299.848052979, 264.460723877, 3410.27612305, 11628.2998047, 7709.89306641, 2924.1706543, 5824.23974609, 6263.24023438, 1262.6875, 1753.51928711, 1410.1661377, 2213.04443359, 661.190063477, 331.8699646, 355.571166992, 295.047271729, 724.133239746, 373.376556396, 277.561889648, 567.42401123, 618.481262207, 593.656921387, 516.090332031, 687.654724121, 387.6902771, 1002.05004883, 88.5927047729, 12.8405065536, 1.49939632416, 0.29071611166, 0.115199491382, 0.0121913170442, 1.04393220681e-05, 8.42025915659e-09]
    },
    "gfcc": {
        "mean": [-17.4369297028, 93.1780548096, -86.6315994263, 25.319770813, -58.2427368164, 9.50130271912, -30.358625412, 10.3981285095, -22.0680103302, 5.56643629074, -19.3245735168, 2.14116358757, -12.0928077698],
        "cov": [[11652.1582031, -1642.65014648, -1157.46252441, 177.633895874, -11.9394578934, 407.792266846, 47.9115333557, 281.704437256, -145.034072876, 259.808654785, -113.928741455, 242.975662231, -129.905456543], [-1642.65014648, 1866.55883789, 165.098098755, 53.790222168, 387.476257324, -68.1837692261, 338.817230225, -32.4316902161, 159.205734253, -85.4798202515, 132.810409546, -80.7057342529, 176.081848145], [-1157.46252441, 165.098098755, 2004.71337891, 247.104156494, 171.282836914, 297.552368164, 159.665161133, 148.871261597, 146.072906494, 16.7515640259, 8.05098819733, 59.8724899292, -65.8254852295], [177.633895874, 53.790222168, 247.104156494, 437.444854736, 132.846328735, 101.447616577, 89.0798416138, 43.003326416, 60.0144882202, 22.4283561707, 39.0016441345, -11.572555542, 13.4218988419], [-11.9394578934, 387.476257324, 171.282836914, 132.846328735, 609.553283691, 93.2866287231, 252.539215088, 58.4628829956, 38.8999443054, 75.9648742676, 19.1087245941, 71.5413818359, 33.593711853], [407.792266846, -68.1837692261, 297.552368164, 101.447616577, 93.2866287231, 377.906097412, 120.192230225, 42.6153526306, 18.4390640259, 8.44820594788, 24.6844558716, 39.0335502625, -0.993357479572], [47.9115333557, 338.817230225, 159.665161133, 89.0798416138, 252.539215088, 120.192230225, 306.472473145, 66.758934021, 41.8352851868, 30.9835071564, 41.6837158203, 47.0756645203, 33.3337364197], [281.704437256, -32.4316902161, 148.871261597, 43.003326416, 58.4628829956, 42.6153526306, 66.758934021, 140.218536377, 55.0961074829, 25.5485687256, -2.98651862144, 24.6130867004, -1.03817105293], [-145.034072876, 159.205734253, 146.072906494, 60.0144882202, 38.8999443054, 18.4390640259, 41.8352851868, 55.0961074829, 138.777145386, 24.9303245544, 2.80437517166, -19.4052200317, 12.8585529327], [259.808654785, -85.4798202515, 16.7515640259, 22.4283561707, 75.9648742676, 8.44820594788, 30.9835071564, 25.5485687256, 24.9303245544, 106.89705658, 16.4220924377, 16.8592185974, -19.7742137909], [-113.928741455, 132.810409546, 8.05098819733, 39.0016441345, 19.1087245941, 24.6844558716, 41.6837158203, -2.98651862144, 2.80437517166, 16.4220924377, 94.4978027344, 17.7048606873, 21.3346767426], [242.975662231, -80.7057342529, 59.8724899292, -11.572555542, 71.5413818359, 39.0335502625, 47.0756645203, 24.6130867004, -19.4052200317, 16.8592185974, 17.7048606873, 102.279289246, 12.3149404526], [-129.905456543, 176.081848145, -65.8254852295, 13.4218988419, 33.593711853, -0.993357479572, 33.3337364197, -1.03817105293, 12.8585529327, -19.7742137909, 21.3346767426, 12.3149404526, 83.5241928101]],
        "icov": [[0.000138493196573, -1.23377012642e-05, 0.000149940286065, -0.000145932848682, 0.000105059363705, -0.000211539227166, 2.35677216551e-05, -0.000320392893627, 0.000165284232935, -0.000321816653013, 0.000320453080349, -0.000364078208804, 0.000195059823454], [-1.23377012642e-05, 0.00189351616427, -0.000288045528578, 0.000772038067225, -0.00115670391824, 0.000981934252195, -0.00169400312006, 0.0012719334336, -0.00182961195242, 0.00238230684772, -0.00259221461602, 0.00264616846107, -0.00207565166056], [0.000149940286065, -0.000288045528578, 0.000901511288248, -0.000498315726873, 0.000212707454921, -0.000726319849491, 0.000250784389209, -0.000767922785599, -0.000273006560747, -0.000186931865755, 0.000682044832502, -0.00128222897183, 0.00143979687709], [-0.000145932848682, 0.000772038067225, -0.000498315726873, 0.00338261341676, -0.00111304561142, 0.000132938061142, -0.000660928664729, 0.000471014238428, -0.00134054501541, 0.00122510525398, -0.00249266903847, 0.00268488819711, -0.0013346998021], [0.000105059363705, -0.00115670391824, 0.000212707454921, -0.00111304561142, 0.00370633741841, -0.00057920650579, -0.00110153248534, -0.000553555204533, 0.00136369129177, -0.00333884521388, 0.00302946032025, -0.00292437360622, 0.000540495151654], [-0.000211539227166, 0.000981934252195, -0.000726319849491, 0.000132938061142, -0.00057920650579, 0.00426469277591, -0.0020035430789, 0.0010356286075, -0.000918588368222, 0.00196530832909, -0.00202272110619, 0.00113322201651, -0.00094042281853], [2.35677216551e-05, -0.00169400312006, 0.000250784389209, -0.000660928664729, -0.00110153248534, -0.0020035430789, 0.00775757851079, -0.00279774214141, 0.00118215358816, -0.00171407067683, 0.00045637236326, -0.0026554458309, 0.000887339585461], [-0.000320392893627, 0.0012719334336, -0.000767922785599, 0.000471014238428, -0.000553555204533, 0.0010356286075, -0.00279774214141, 0.0118102114648, -0.00516547355801, 0.00125910656061, -0.000631967792287, -0.000243969698204, -0.00107161002234], [0.000165284232935, -0.00182961195242, -0.000273006560747, -0.00134054501541, 0.00136369129177, -0.000918588368222, 0.00118215358816, -0.00516547355801, 0.0129963709041, -0.00551285455003, 0.00326179037802, 0.00123406760395, -0.0013020314509], [-0.000321816653013, 0.00238230684772, -0.000186931865755, 0.00122510525398, -0.00333884521388, 0.00196530832909, -0.00171407067683, 0.00125910656061, -0.00551285455003, 0.0167135838419, -0.00695579219609, 0.00206866371445, 0.0024763434194], [0.000320453080349, -0.00259221461602, 0.000682044832502, -0.00249266903847, 0.00302946032025, -0.00202272110619, 0.00045637236326, -0.000631967792287, 0.00326179037802, -0.00695579219609, 0.0176007132977, -0.0061418293044, -0.000270370190265], [-0.000364078208804, 0.00264616846107, -0.00128222897183, 0.00268488819711, -0.00292437360622, 0.00113322201651, -0.0026554458309, -0.000243969698204, 0.00123406760395, 0.00206866371445, -0.0061418293044, 0.0183790270239, -0.00618160422891], [0.000195059823454, -0.00207565166056, 0.00143979687709, -0.0013346998021, 0.000540495151654, -0.00094042281853, 0.000887339585461, -0.00107161002234, -0.0013020314509, 0.0024763434194, -0.000270370190265, -0.00618160422891, 0.0191721152514]]
    },
    "melbands": {
        "dmean": [0.00303099420853, 0.00188612740021, 0.000598054903094, 0.000529007986188, 0.000306040077703, 0.000145209633047, 0.000244543683948, 0.000295048259431, 0.000193377112737, 0.000132379980641, 0.000104496990389, 9.39356250456e-05, 3.89521774196e-05, 4.07498300774e-05, 2.89243707812e-05, 2.4625178412e-05, 2.01657458092e-05, 1.45225694723e-05, 1.12645038826e-05, 1.07881842268e-05, 9.9075050457e-06, 7.19851732356e-06, 1.1370349057e-05, 7.60843977332e-06, 6.19996444584e-06, 5.21061974723e-06, 6.58698991174e-06, 7.48585989641e-06, 6.40135840513e-06, 6.83383586875e-06, 5.64349556953e-06, 4.47266893389e-06, 5.04601803186e-06, 3.77499827664e-06, 2.87462967208e-06, 3.82459438697e-06, 3.05603475681e-06, 1.6747205791e-06, 1.25508427118e-06, 8.1809156427e-07],
        "dmean2": [0.00500260107219, 0.00316359708086, 0.000976469716989, 0.00085471663624, 0.000508384720888, 0.000232752252487, 0.000373247487005, 0.000449995946838, 0.000311978481477, 0.000218755303649, 0.000177524867468, 0.000147865328472, 6.19151323917e-05, 6.43488310743e-05, 4.30286745541e-05, 3.83837214031e-05, 3.2472958992e-05, 2.37059684878e-05, 1.86180186574e-05, 1.79006565304e-05, 1.63836557476e-05, 1.19135884233e-05, 1.95051925402e-05, 1.2504498045e-05, 1.04220907815e-05, 8.52523862704e-06, 1.11096269393e-05, 1.30007265398e-05, 1.08956446638e-05, 1.16944493129e-05, 9.47502667259e-06, 7.62105082686e-06, 8.33302874526e-06, 6.29486612524e-06, 4.69933047498e-06, 6.01571991865e-06, 4.48080982096e-06, 2.42717374022e-06, 1.86745330666e-06, 1.18363129786e-06],
        "dvar": [2.91552441922e-05, 1.30791104311e-05, 1.25028475395e-06, 1.03379477423e-06, 3.59082235946e-07, 9.65146327303e-08, 5.29443809683e-07, 6.6111221031e-07, 4.31140506407e-07, 1.06977921632e-07, 1.77348994157e-07, 1.21268215025e-07, 9.21702447698e-09, 7.77845698963e-09, 5.90350213159e-09, 3.09413272781e-09, 2.81719003681e-09, 1.1444801773e-09, 7.5290162993e-10, 4.31528923706e-10, 3.15724529854e-10, 1.96989591306e-10, 6.88295531681e-10, 4.57500703988e-10, 2.25064564208e-10, 1.23795973472e-10, 2.55529764015e-10, 3.79835773945e-10, 3.08504166657e-10, 3.6685116056e-10, 2.32496383257e-10, 2.01258981702e-10, 2.28528015955e-10, 2.69421651655e-10, 7.36368466203e-11, 2.77019823747e-10, 1.65710459243e-10, 3.38655874177e-11, 1.00345686621e-11, 3.96058706664e-12],
        "dvar2": [7.47872254578e-05, 3.47846034856e-05, 3.11566031996e-06, 2.34353774431e-06, 9.38480070545e-07, 2.53244479609e-07, 1.24104985844e-06, 1.33066748731e-06, 1.14043200483e-06, 2.83929182388e-07, 4.84468728246e-07, 3.05355001728e-07, 2.18576481359e-08, 1.79503718556e-08, 1.08258193521e-08, 6.63327437422e-09, 6.14958040046e-09, 2.68507571732e-09, 2.01328997917e-09, 1.06212638684e-09, 8.25815527072e-10, 4.90043061685e-10, 1.84682114046e-09, 1.24837828963e-09, 5.99086058539e-10, 3.13587850131e-10, 6.6996841408e-10, 1.05275621554e-09, 8.38602964848e-10, 9.9983565871e-10, 6.17908058054e-10, 5.40428368723e-10, 5.80547776519e-10, 7.30046356701e-10, 1.90288645951e-10, 5.70258118504e-10, 3.16748571816e-10, 6.50003939562e-11, 2.23959097795e-11, 7.90586866806e-12],
        "max": [0.0552155189216, 0.0348589792848, 0.01484435983, 0.0168962720782, 0.00608945358545, 0.00482303556055, 0.0188179574907, 0.016370177269, 0.0126808583736, 0.00604638550431, 0.00791240483522, 0.00852012448013, 0.0016561615048, 0.00119755358901, 0.00241940864362, 0.00114944437519, 0.000898403930478, 0.000615672848653, 0.000517911394127, 0.000255587365245, 0.000206057884498, 0.000146025398863, 0.000331396586262, 0.000308886985295, 0.000185683064046, 0.000101320372778, 0.00013698413386, 0.000199805566808, 0.000134781483212, 0.000204006937565, 0.000144068224472, 0.000169050385011, 0.000246583105763, 0.000404045043979, 0.000138828283525, 0.000390953500755, 0.000311538169626, 0.000172228581505, 6.73938484397e-05, 5.1997420087e-05],
        "mean": [0.00427197478712, 0.00285368016921, 0.00100210949313, 0.000868085538968, 0.00045307984692, 0.000226668373216, 0.000413093832321, 0.000465041055577, 0.000261265173322, 0.000172477812157, 0.000145322803291, 0.000130792454001, 6.27805420663e-05, 6.06868343311e-05, 4.91249120387e-05, 4.22047378379e-05, 3.43016727129e-05, 2.16914140765e-05, 1.57820013555e-05, 1.50076039063e-05, 1.42809622048e-05, 1.04701239252e-05, 1.43691977428e-05, 1.05490926217e-05, 8.35114587971e-06, 6.47362458039e-06, 6.90706565365e-06, 7.04747071723e-06, 5.87906833971e-06, 6.76296440361e-06, 5.82012080486e-06, 4.21583763455e-06, 4.74435182696e-06, 3.6263597849e-06, 2.90346406473e-06, 4.09816357205e-06, 3.49098854713e-06, 2.01378634301e-06, 1.39430358104e-06, 9.84355551736e-07],
        "median": [0.00187633244786, 0.00153660180513, 0.000562308065128, 0.000445217068773, 0.000252207333688, 0.000107981650217, 0.000108323270979, 0.000115052818728, 8.31965880934e-05, 5.92563046666e-05, 4.08740197599e-05, 3.07718873955e-05, 1.4898390873e-05, 1.37720671773e-05, 1.01438199636e-05, 1.02124849946e-05, 5.95594156039e-06, 5.77916944167e-06, 6.98416943123e-06, 6.44485680823e-06, 5.26989288119e-06, 3.88418084185e-06, 4.66283518108e-06, 2.97690507978e-06, 2.30100317822e-06, 2.04064622267e-06, 1.91148615158e-06, 1.63932497799e-06, 1.16978503684e-06, 1.44380919664e-06, 1.31663296088e-06, 5.63914852592e-07, 4.12148580153e-07, 3.66519770978e-07, 2.73498130809e-07, 2.81969562366e-07, 3.16352355867e-07, 2.58086430449e-07, 1.81021704293e-07, 1.4401074111e-07],
        "min": [1.28821443362e-23, 3.28908316633e-24, 2.24712333942e-24, 1.82344488267e-24, 6.84567340436e-24, 1.34816896682e-23, 5.5469290976e-24, 6.98500359516e-24, 7.27443981673e-24, 7.2276674648e-24, 7.5538172729e-24, 1.93316517939e-23, 8.65585990179e-24, 1.94242940409e-23, 1.04747104586e-23, 6.37199477407e-24, 7.30878287624e-24, 8.72527098398e-24, 1.08692481962e-23, 1.2704443951e-23, 1.04510154435e-23, 1.47366837492e-23, 9.87237334779e-24, 1.08201132059e-23, 8.3410783682e-24, 8.13976816494e-24, 7.72973483248e-24, 8.51527226671e-24, 8.32599061453e-24, 7.40961034398e-24, 1.12491904295e-23, 6.27842088235e-24, 8.07779209678e-24, 1.4490920445e-23, 9.71479522653e-24, 1.19758662184e-23, 1.11886832203e-23, 1.08529085203e-23, 1.05114816319e-23, 1.01158032014e-23],
        "var": [4.20459582529e-05, 1.59301398526e-05, 2.25002941079e-06, 1.84662019365e-06, 4.27333418429e-07, 1.31697134975e-07, 9.87100179373e-07, 1.22932203794e-06, 4.23779624725e-07, 1.14280915398e-07, 1.59627518315e-07, 1.33487233711e-07, 1.62982818352e-08, 1.71948428829e-08, 1.62260178627e-08, 8.12007883155e-09, 7.42037720158e-09, 2.19168860838e-09, 7.80201181438e-10, 5.87778825611e-10, 4.99833008316e-10, 2.7087088128e-10, 7.09641734264e-10, 4.61494870097e-10, 2.46401260506e-10, 1.30897501172e-10, 2.14258361053e-10, 2.72186911898e-10, 2.26130794645e-10, 2.74143902024e-10, 1.92096283325e-10, 1.61776772534e-10, 2.16407836096e-10, 2.09070649682e-10, 8.18691919813e-11, 4.34710767383e-10, 3.13428782928e-10, 5.88415635661e-11, 1.41820583055e-11, 7.69363392439e-12]
    },
    "mfcc": {
        "mean": [-671.370910645, 130.835769653, 21.5936050415, 23.2219085693, -0.80007827282, 2.92729735374, 0.673637926579, 2.21887683868, 3.88255047798, 2.87827038765, -0.551160931587, 2.54225850105, -3.53671479225],
        "cov": [[10024.3662109, -1507.67370605, -1355.16040039, -214.292037964, -236.451522827, 64.1944580078, 90.0205078125, 83.4828033447, 37.8543624878, -8.13035106659, 47.9207801819, 149.309753418, -50.498664856], [-1507.67370605, 1815.16931152, 19.3711414337, 260.05456543, 117.528045654, 87.9678573608, 191.659179688, 106.041252136, 162.006271362, 28.866060257, 31.6628112793, 81.4126052856, 24.7196140289], [-1355.16040039, 19.3711414337, 1663.92565918, 79.9494476318, 213.841629028, 152.987075806, 16.7393856049, 192.385406494, 30.0601596832, 157.923126221, 95.8054199219, -117.657157898, 168.576293945], [-214.292037964, 260.05456543, 79.9494476318, 450.232147217, 145.412277222, 65.8828277588, 104.709724426, 48.538143158, 92.8555984497, 45.3646507263, 27.7520618439, 105.691444397, 11.5584974289], [-236.451522827, 117.528045654, 213.841629028, 145.412277222, 274.923217773, 130.22706604, 91.7972106934, 76.1503829956, 69.4781265259, 47.5423049927, 41.4906082153, 38.9717178345, 11.6756219864], [64.1944580078, 87.9678573608, 152.987075806, 65.8828277588, 130.22706604, 275.216949463, 158.563751221, 97.5040512085, 47.5216522217, 49.7121620178, 59.3316459656, 13.1660518646, 13.4261894226], [90.0205078125, 191.659179688, 16.7393856049, 104.709724426, 91.7972106934, 158.563751221, 261.664611816, 111.861854553, 55.7495880127, 17.5372371674, 38.6295967102, 51.8095626831, 11.8272151947], [83.4828033447, 106.041252136, 192.385406494, 48.538143158, 76.1503829956, 97.5040512085, 111.861854553, 182.613098145, 75.3498535156, 38.5738639832, 35.1221351624, 1.46021533012, 30.4626102448], [37.8543624878, 162.006271362, 30.0601596832, 92.8555984497, 69.4781265259, 47.5216522217, 55.7495880127, 75.3498535156, 146.678024292, 53.73387146, 25.3437099457, 31.2783470154, 16.2496261597], [-8.13035106659, 28.866060257, 157.923126221, 45.3646507263, 47.5423049927, 49.7121620178, 17.5372371674, 38.5738639832, 53.73387146, 121.997123718, 54.3628158569, 6.57420158386, 21.8936843872], [47.9207801819, 31.6628112793, 95.8054199219, 27.7520618439, 41.4906082153, 59.3316459656, 38.6295967102, 35.1221351624, 25.3437099457, 54.3628158569, 99.6349639893, 23.8718223572, 6.08416557312], [149.309753418, 81.4126052856, -117.657157898, 105.691444397, 38.9717178345, 13.1660518646, 51.8095626831, 1.46021533012, 31.2783470154, 6.57420158386, 23.8718223572, 125.774940491, 0.488971203566], [-50.498664856, 24.7196140289, 168.576293945, 11.5584974289, 11.6756219864, 13.4261894226, 11.8272151947, 30.4626102448, 16.2496261597, 21.8936843872, 6.08416557312, 0.488971203566, 107.266540527]],
