{
"lowlevel": {
    "average_loudness": 0.85223531723,
    "barkbands_crest": {
        "dmean": 1.8741736412,
        "dmean2": 2.99139142036,
        "dvar": 2.95638513565,
        "dvar2": 7.44720363617,
        "max": 23.7705593109,
        "mean": 8.13255119324,
        "median": 7.42941522598,
        "min": 2.56981945038,
        "var": 9.80442237854
    },
    "barkbands_flatness_db": {
        "dmean": 0.0158129520714,
        "dmean2": 0.0256653372198,
        "dvar": 0.000167843056261,
        "dvar2": 0.000403950136388,
        "max": 0.30605623126,
        "mean": 0.190320834517,
        "median": 0.189710795879,
        "min": 0.0993273332715,
        "var": 0.000818617991172
    },
    "barkbands_kurtosis": {
        "dmean": 1.03431940079,
        "dmean2": 1.63170838356,
        "dvar": 1.51151800156,
        "dvar2": 3.71523499489,
        "max": 27.7973060608,
        "mean": 1.07767140865,
        "median": 0.598309278488,
        "min": -1.89333665371,
        "var": 5.15165615082
    },
    "barkbands_skewness": {
        "dmean": 0.310935884714,
        "dmean2": 0.475885659456,
        "dvar": 0.085754096508,
        "dvar2": 0.198376312852,
        "max": 4.5941734314,
        "mean": 1.04744780064,
        "median": 1.05990076065,
        "min": -1.98504960537,
        "var": 0.448617935181
    },
    "barkbands_spread": {
        "dmean": 3.42240643501,
        "dmean2": 5.05755472183,
        "dvar": 15.606423378,
        "dvar2": 28.8422088623,
        "max": 71.5329818726,
        "mean": 18.9909420013,
        "median": 17.2322978973,
        "min": 2.6116938591,
        "var": 85.7090148926
    },
    "dissonance": {
        "dmean": 0.0167916528881,
        "dmean2": 0.0281168911606,
        "dvar": 0.00023170656641,
        "dvar2": 0.00063238007715,
        "max": 0.499033153057,
        "mean": 0.460655301809,
        "median": 0.465382218361,
        "min": 0.324984073639,
        "var": 0.000551816367079
    },
    "dynamic_complexity": 2.94358778,
    "erbbands_crest": {
        "dmean": 2.21185231209,
        "dmean2": 3.50126290321,
        "dvar": 4.33302307129,
        "dvar2": 11.1197519302,
        "max": 27.7824954987,
        "mean": 9.08574295044,
        "median": 8.13297080994,
        "min": 3.04881381989,
        "var": 15.174487114
    },
    "erbbands_flatness_db": {
        "dmean": 0.0121072651818,
        "dmean2": 0.0173379350454,
        "dvar": 0.000125034159282,
        "dvar2": 0.000249802134931,
        "max": 0.359913080931,
        "mean": 0.24472463131,
        "median": 0.243514224887,
        "min": 0.139795035124,
        "var": 0.000895373173989
    },
    "erbbands_kurtosis": {
        "dmean": 0.57229590416,
        "dmean2": 0.877632558346,
        "dvar": 0.685719311237,
        "dvar2": 1.70327675343,
        "max": 22.6265354156,
        "mean": -0.156472086906,
        "median": -0.525885343552,
        "min": -1.75635635853,
        "var": 1.74303305149
    },
    "erbbands_skewness": {
        "dmean": 0.29100254178,
        "dmean2": 0.435129493475,
        "dvar": 0.0753809660673,
        "dvar2": 0.163927614689,
        "max": 3.1710422039,
        "mean": 0.285048395395,
        "median": 0.344859033823,
        "min": -4.32849693298,
        "var": 0.472896575928
    },
    "erbbands_spread": {
        "dmean": 4.50194120407,
        "dmean2": 6.57392644882,
        "dvar": 21.9079227448,
        "dvar2": 48.6777153015,
        "max": 88.8536300659,
        "mean": 30.6176681519,
        "median": 30.0101737976,
        "min": 6.98355197906,
        "var": 106.401847839
    },
    "hfc": {
        "dmean": 3.9734890461,
        "dmean2": 5.41436433792,
        "dvar": 49.6184692383,
        "dvar2": 97.2049942017,
        "max": 135.183151245,
        "mean": 16.9651679993,
        "median": 11.4043960571,
        "min": 0.000152895969222,
        "var": 242.739349365
    },
    "melbands_crest": {
        "dmean": 2.23003578186,
        "dmean2": 3.66749358177,
        "dvar": 4.2738699913,
        "dvar2": 11.3662691116,
        "max": 26.4518146515,
        "mean": 10.3461427689,
        "median": 9.38526821136,
        "min": 3.85761070251,
        "var": 14.0010433197
    },
    "melbands_flatness_db": {
        "dmean": 0.0168937388808,
        "dmean2": 0.0243885349482,
        "dvar": 0.000244378199568,
        "dvar2": 0.000498748733662,
        "max": 0.360024094582,
        "mean": 0.192657038569,
        "median": 0.193402051926,
        "min": 0.069657087326,
        "var": 0.00181857426651
    },
    "melbands_kurtosis": {
        "dmean": 1.89256358147,
        "dmean2": 2.99597549438,
        "dvar": 5.26303434372,
        "dvar2": 13.3897666931,
        "max": 39.1829681396,
        "mean": 4.28766345978,
        "median": 3.42961788177,
        "min": -1.83317124844,
        "var": 16.2765483856
    },
    "melbands_skewness": {
        "dmean": 0.344270944595,
        "dmean2": 0.530643463135,
        "dvar": 0.104071669281,
        "dvar2": 0.254286140203,
        "max": 5.36576461792,
        "mean": 1.68039691448,
        "median": 1.64565467834,
        "min": -0.556448757648,
        "var": 0.496383577585
    },
    "melbands_spread": {
        "dmean": 5.77237796783,
        "dmean2": 8.58098316193,
        "dvar": 60.7277603149,
        "dvar2": 116.875328064,
        "max": 155.781829834,
        "mean": 26.0277194977,
        "median": 21.7157840729,
        "min": 2.97941994667,
        "var": 283.041870117
    },
    "pitch_salience": {
        "dmean": 0.050494465977,
        "dmean2": 0.0814976394176,
        "dvar": 0.00188044994138,
        "dvar2": 0.0046891332604,
        "max": 0.82582706213,
        "mean": 0.596810460091,
        "median": 0.60486638546,
        "min": 0.236780107021,
        "var": 0.00979381147772
    },
    "silence_rate_20dB": {
        "dmean": 0,
        "dmean2": 0,
        "dvar": 0,
        "dvar2": 0,
        "max": 1,
        "mean": 1,
        "median": 1,
        "min": 1,
        "var": 0
    },
    "silence_rate_30dB": {
        "dmean": 0,
        "dmean2": 0,
        "dvar": 0,
        "dvar2": 0,
        "max": 1,
        "mean": 1,
        "median": 1,
        "min": 1,
        "var": 0
    },
    "silence_rate_60dB": {
        "dmean": 0.00852052681148,
        "dmean2": 0.0170476567,
        "dvar": 0.00844782497734,
        "dvar2": 0.0175312887877,
        "max": 1,
        "mean": 0.0379403792322,
        "median": 0,
        "min": 0,
        "var": 0.0365013107657
    },
    "spectral_centroid": {
        "dmean": 205.122940063,
        "dmean2": 303.977294922,
        "dvar": 50595.0625,
        "dvar2": 94639.5078125,
        "max": 4358.95117188,
        "mean": 1466.2199707,
        "median": 1354.73779297,
        "min": 464.12097168,
        "var": 334521.40625
    },
    "spectral_complexity": {
        "dmean": 2.49419045448,
        "dmean2": 3.8992638588,
        "dvar": 6.37464284897,
        "dvar2": 13.6295719147,
        "max": 43,
        "mean": 19.0085163116,
        "median": 19,
        "min": 0,
        "var": 38.4714012146
    },
    "spectral_decrease": {
        "dmean": 8.03921262893e-10,
        "dmean2": 1.18545029348e-09,
        "dvar": 1.23825525579e-18,
        "dvar2": 2.62380552928e-18,
        "max": -3.74876250376e-14,
        "mean": -3.85700982264e-09,
        "median": -2.91745072545e-09,
        "min": -1.85800725916e-08,
        "var": 7.83033238799e-18
    },
    "spectral_energy": {
        "dmean": 0.003323469311,
        "dmean2": 0.00486829970032,
        "dvar": 2.16282915062e-05,
        "dvar2": 4.48368118668e-05,
        "max": 0.0750432610512,
        "mean": 0.0160960573703,
        "median": 0.0121806217358,
        "min": 1.55355081688e-07,
        "var": 0.000138168717967
    },
    "spectral_energyband_high": {
        "dmean": 0.000230149482377,
        "dmean2": 0.000316361518344,
        "dvar": 4.58585844854e-07,
        "dvar2": 9.41539269661e-07,
        "max": 0.0122619569302,
        "mean": 0.000477224792121,
        "median": 0.000129518361064,
        "min": 5.09795361481e-09,
        "var": 1.26757493035e-06
    },
    "spectral_energyband_low": {
        "dmean": 0.000433347478975,
        "dmean2": 0.000740290677641,
        "dvar": 5.59047634852e-07,
        "dvar2": 1.62858020758e-06,
        "max": 0.0118492227048,
        "mean": 0.000839316169731,
        "median": 0.000548835552763,
        "min": 1.87647266614e-08,
        "var": 8.72126236118e-07
    },
    "spectral_energyband_middle_high": {
        "dmean": 0.00133763789199,
        "dmean2": 0.0018528632354,
        "dvar": 4.94003415952e-06,
        "dvar2": 9.87818475551e-06,
        "max": 0.045325499028,
        "mean": 0.00525825563818,
        "median": 0.00347543205135,
        "min": 4.80008068848e-08,
        "var": 2.82352866634e-05
    },
    "spectral_energyband_middle_low": {
        "dmean": 0.00267792423256,
        "dmean2": 0.0040784436278,
        "dvar": 1.33567382363e-05,
        "dvar2": 3.03221131617e-05,
        "max": 0.0648735836148,
        "mean": 0.00996519625187,
        "median": 0.00739251216874,
        "min": 8.51401011914e-08,
        "var": 6.59653087496e-05
    },
    "spectral_entropy": {
        "dmean": 0.1213760674,
        "dmean2": 0.174794077873,
        "dvar": 0.0147897852585,
        "dvar2": 0.0295134689659,
        "max": 8.30620956421,
        "mean": 7.21993017197,
        "median": 7.217274189,
        "min": 6.23421907425,
        "var": 0.0801235511899
    },
    "spectral_flux": {
        "dmean": 0.0124954916537,
        "dmean2": 0.0197313241661,
        "dvar": 0.000244267983362,
        "dvar2": 0.000571875018068,
        "max": 0.224813222885,
        "mean": 0.0522596910596,
        "median": 0.045831438154,
        "min": 0.0003941510804,
        "var": 0.000755801971536
    },
    "spectral_kurtosis": {
        "dmean": 3.02767515182,
        "dmean2": 5.38525485992,
        "dvar": 8.13872528076,
        "dvar2": 24.406129837,
        "max": 33.6647720337,
        "mean": 4.60042095184,
        "median": 3.65829372406,
        "min": -0.716092824936,
        "var": 14.0494232178
    },
    "spectral_rms": {
        "dmean": 0.000391392939491,
        "dmean2": 0.000564883055631,
        "dvar": 2.04204852139e-07,
        "dvar2": 3.97256201268e-07,
        "max": 0.00855645630509,
        "mean": 0.00371118937619,
        "median": 0.00344724999741,
        "min": 1.23112113215e-05,
        "var": 1.93050595954e-06
    },
    "spectral_rolloff": {
        "dmean": 349.28692627,
        "dmean2": 567.840759277,
        "dvar": 260813.21875,
        "dvar2": 522750.65625,
        "max": 7579.6875,
        "mean": 1753.06750488,
        "median": 1485.79101562,
        "min": 409.130859375,
        "var": 991240.75
    },
    "spectral_skewness": {
        "dmean": 0.31132119894,
        "dmean2": 0.531473875046,
        "dvar": 0.0746318399906,
        "dvar2": 0.210738927126,
        "max": 4.60383081436,
        "mean": 1.2232208252,
        "median": 1.17687678337,
        "min": -0.361519634724,
        "var": 0.239796549082
    },
    "spectral_spread": {
        "dmean": 234108.53125,
        "dmean2": 348155.65625,
        "dvar": 209372348416,
        "dvar2": 240319578112,
        "max": 23668072,
        "mean": 2810074,
        "median": 2721073.5,
        "min": 1437104.75,
        "var": 463374974976
    },
    "spectral_strongpeak": {
        "dmean": 0.610024571419,
        "dmean2": 1.00279843807,
        "dvar": 1.06527400017,
        "dvar2": 2.51538276672,
        "max": 13.3333053589,
        "mean": 1.44916379452,
        "median": 0.928881585598,
        "min": 0.000637335586362,
        "var": 2.71001243591
    },
    "zerocrossingrate": {
        "dmean": 0.00691555254161,
        "dmean2": 0.00762483058497,
        "dvar": 6.51637237752e-05,
        "dvar2": 6.28473353572e-05,
        "max": 0.22412109375,
        "mean": 0.0597423352301,
        "median": 0.0546875,
        "min": 0.0126953125,
        "var": 0.000624540029094
    },
    "barkbands": {
        "dmean": [1.79607798145e-06, 2.96892831102e-05, 0.00029796367744, 0.000315166485962, 0.000724777812138, 0.000817796506453, 0.00123769405764, 0.000517852720805, 0.000759820570238, 0.000503392831888, 0.000179879090865, 0.000211592428968, 0.000120389864605, 0.000228833770962, 0.000203074363526, 0.000102429141407, 0.000306796981022, 0.000285277201328, 0.000205975098652, 0.000140481424751, 8.12850121292e-05, 6.92433022778e-05, 4.91588725708e-05, 1.45821122715e-05, 3.11502276418e-07, 8.76128281035e-10, 6.95487611946e-10],
        "dmean2": [3.13957525577e-06, 5.03917799506e-05, 0.000504356634337, 0.000541470304597, 0.00113818014506, 0.00132760952692, 0.00198206421919, 0.00072795432061, 0.0010642784182, 0.000683035119437, 0.00027129080263, 0.000315761077218, 0.000172144675162, 0.000310359464493, 0.00030538594001, 0.000165980891325, 0.000446279213065, 0.000430309126386, 0.000309864466544, 0.000216983724385, 0.000119248812553, 9.95978116407e-05, 7.16751601431e-05, 2.09313711821e-05, 4.56668345805e-07, 1.57738522244e-09, 1.3060988957e-09],
        "dvar": [5.01884228621e-11, 5.34958477516e-09, 3.21254361779e-07, 1.87047930922e-07, 1.90569733149e-06, 1.45354204051e-06, 7.07103254172e-06, 1.76502601335e-06, 2.28829048865e-06, 8.72576379152e-07, 3.99363983661e-07, 1.13507262256e-07, 6.89848178581e-08, 2.85639202957e-07, 8.76013643847e-07, 3.23030633353e-08, 7.57702594001e-07, 3.29193596826e-07, 2.60831086507e-07, 1.51961771166e-07, 9.0494815197e-08, 6.10071424489e-08, 3.58159830682e-08, 4.807904741e-09, 1.87953016866e-12, 4.14219956159e-18, 1.26954108771e-18],
        "dvar2": [1.44766282295e-10, 1.32845929812e-08, 9.29175939746e-07, 5.74457942548e-07, 4.99203133586e-06, 3.84949589716e-06, 1.62070773513e-05, 3.49726428794e-06, 5.2193618103e-06, 1.70940438693e-06, 1.02608203179e-06, 2.50055791184e-07, 1.36142148222e-07, 4.17638375438e-07, 1.8101753767e-06, 7.75874013925e-08, 1.50790162934e-06, 6.6930056164e-07, 5.4555727047e-07, 3.61041429642e-07, 1.91448947362e-07, 1.37235176112e-07, 8.26507502438e-08, 1.01112416218e-08, 3.83723174763e-12, 1.03973740953e-17, 4.13646140968e-18],
        "max": [0.000179071997991, 0.00138418318238, 0.00876766070724, 0.00518007669598, 0.0265645310283, 0.022232035175, 0.0582187622786, 0.0273146219552, 0.0309180244803, 0.0148984594271, 0.0186948198825, 0.00863297749311, 0.00813494343311, 0.0173017773777, 0.0320160277188, 0.00333916326053, 0.0162980947644, 0.0137547524646, 0.0108250845224, 0.0103571070358, 0.00902057159692, 0.00489650387317, 0.00366640812717, 0.00193052378017, 5.90671807004e-05, 6.5096095625e-08, 1.65885367664e-08],
        "mean": [1.73951661964e-06, 4.32574670413e-05, 0.000529085169546, 0.000501848408021, 0.00134095398244, 0.00217632716522, 0.00258764694445, 0.00125639443286, 0.00171381421387, 0.00123843562324, 0.000322725361912, 0.000482886505779, 0.000274828227703, 0.000524477043655, 0.000470306316856, 0.000199290720047, 0.000718770606909, 0.000657128577586, 0.000433535809861, 0.000256635627011, 0.000159684743267, 0.000111612665933, 7.21582982806e-05, 2.20795645873e-05, 4.3112027015e-07, 8.82793116386e-10, 5.4568122243e-10],
        "median": [2.99342445942e-07, 1.86965316971e-05, 0.000279575295281, 0.000336322322255, 0.000793105107732, 0.00134060066193, 0.00109432137106, 0.000453469692729, 0.000801418849733, 0.000510129728355, 0.000112503948912, 0.000252432451816, 0.000129594045575, 0.000199545203941, 9.43217746681e-05, 0.000115785900562, 0.000194119333173, 0.000248255208135, 0.000139842843055, 8.85477929842e-05, 4.13003544963e-05, 2.10945490835e-05, 1.34111687657e-05, 2.63271158474e-06, 4.65996627952e-08, 3.18739756811e-10, 2.02362668289e-10],
        "min": [1.3913344088e-10, 2.89703683265e-09, 1.24498731324e-08, 5.52739898296e-09, 8.58740101251e-09, 2.86879213718e-08, 2.61634127696e-08, 9.0745837511e-09, 4.18052303885e-09, 2.78211302884e-08, 3.82427156609e-09, 2.47092857286e-09, 1.60703172991e-09, 1.94417881794e-09, 9.95498017353e-10, 8.58355886368e-10, 4.24666790622e-09, 3.18186921255e-09, 2.00397454186e-09, 1.09375963842e-09, 8.67603933141e-10, 1.0903914438e-09, 7.01451730034e-10, 5.43833644784e-10, 2.54266594758e-12, 2.1445852906e-12, 2.86874755721e-12],
        "var": [4.32804174444e-11, 6.8928396324e-09, 4.94360904213e-07, 3.14604079676e-07, 3.07184950543e-06, 6.039478194e-06, 2.84357629425e-05, 7.30330884835e-06, 7.8421935541e-06, 4.04807724408e-06, 6.47568299428e-07, 4.29612072139e-07, 2.80555838117e-07, 1.58911723247e-06, 3.54871690433e-06, 6.97597357657e-08, 2.73972409559e-06, 1.50060191118e-06, 7.68494260228e-07, 2.77835596307e-07, 2.56515306774e-07, 9.92938282707e-08, 5.25994217071e-08, 9.02795083135e-09, 5.51028016618e-12, 6.42589758111e-18, 9.59967606093e-19]
    },
    "erbbands": {
        "dmean": [0.000234319712035, 0.0126073155552, 0.236357197165, 0.731042683125, 1.37279951572, 3.46828603745, 3.23225784302, 7.1296544075, 16.8758163452, 14.2926282883, 12.7298212051, 12.7971792221, 19.6783447266, 17.5325069427, 5.51951599121, 8.5293970108, 6.4638133049, 11.825545311, 10.8898010254, 5.67987918854, 9.62671756744, 13.4210929871, 13.5481081009, 13.4746990204, 8.41597652435, 6.65759801865, 3.77625060081, 3.02763962746, 2.73493456841, 2.07610845566, 1.05290412903, 0.534046053886, 0.0914473161101, 0.00920254830271, 0.000464375218144, 3.56138953066e-05, 6.98856729286e-06, 2.25657231567e-06, 2.30135947277e-06, 4.18452918893e-06],
        "dmean2": [0.00039752657176, 0.021262768656, 0.400757789612, 1.26639592648, 2.25571727753, 5.43453121185, 4.66508817673, 11.6152124405, 28.7531242371, 20.5581188202, 17.7897033691, 18.4792079926, 26.3960132599, 24.0362796783, 8.20390796661, 12.6223602295, 8.97284030914, 16.0811309814, 16.1667404175, 8.8101568222, 14.904955864, 19.582862854, 20.1601829529, 20.2496013641, 12.637878418, 10.1857566833, 5.53284072876, 4.42566871643, 3.89808225632, 2.95220708847, 1.54711818695, 0.754168570042, 0.124375425279, 0.0128266541287, 0.000622559629846, 4.69494370918e-05, 9.47062017076e-06, 3.11889743898e-06, 3.24582470057e-06, 6.05270633969e-06],
        "dvar": [2.04742718779e-07, 0.000804971379694, 0.213865742087, 1.21989965439, 4.14574718475, 49.1373176575, 46.9269142151, 117.838111877, 683.10736084, 2079.96948242, 1142.99194336, 1116.73486328, 1395.48681641, 1908.09020996, 87.0163497925, 174.50642395, 171.547851562, 838.418640137, 1799.35705566, 270.650085449, 548.47467041, 1371.61254883, 842.248352051, 1013.84643555, 435.604187012, 441.815704346, 213.049087524, 141.442520142, 118.318687439, 53.6411437988, 14.8888158798, 6.18525886536, 0.203270167112, 0.00127211248036, 3.45448961525e-06, 1.56591699607e-08, 4.02262251287e-10, 3.51848029878e-11, 1.54639322181e-11, 3.72933593729e-11],
        "dvar2": [5.30929980869e-07, 0.00199959869497, 0.596995174885, 3.7368786335, 11.5204133987, 126.775802612, 101.397544861, 315.368927002, 1748.18481445, 4768.92773438, 2300.99951172, 2849.6953125, 2591.52807617, 4448.63232422, 202.110015869, 376.0652771, 323.300567627, 1223.73352051, 3599.95263672, 585.989379883, 1065.80285645, 3022.26367188, 1809.64233398, 1987.20007324, 958.521911621, 1036.05725098, 511.190734863, 314.911315918, 258.837554932, 118.961204529, 33.6409111023, 13.0898275375, 0.373364090919, 0.0022852527909, 5.87858949075e-06, 2.77117599978e-08, 7.64763752326e-10, 6.84277010055e-11, 3.05485046981e-11, 7.51793002851e-11],
        "max": [0.00724711129442, 0.529227554798, 7.09004831314, 14.6611700058, 30.3027038574, 106.555374146, 147.733566284, 197.492492676, 543.934692383, 1264.35681152, 748.162475586, 835.759216309, 888.369018555, 1031.84899902, 225.106994629, 289.20501709, 461.287658691, 970.863647461, 1399.03942871, 509.734710693, 545.993530273, 951.008972168, 759.875488281, 622.311584473, 354.70324707, 596.163208008, 486.445068359, 316.568115234, 224.557128906, 126.701339722, 65.6797332764, 66.544708252, 13.3045377731, 1.14439880848, 0.0732606649399, 0.00383083871566, 0.000414062466007, 0.000104152924905, 6.86733328621e-05, 0.000104242863017],
        "mean": [0.000416098569985, 0.0218873452395, 0.441218674183, 1.34082484245, 2.3948867321, 5.54534101486, 8.87584114075, 19.1600551605, 34.3472251892, 32.3201599121, 31.2047920227, 32.1279754639, 47.3897705078, 38.9483718872, 13.1610679626, 20.2807292938, 17.1754608154, 27.5685997009, 25.7940826416, 13.6079015732, 20.8330974579, 33.8323936462, 33.1267089844, 30.6755943298, 17.8423080444, 12.6200809479, 7.05217027664, 5.73524475098, 4.30778121948, 3.17373180389, 1.62415599823, 0.819741904736, 0.149433851242, 0.0149391358718, 0.000772526138462, 7.27847145754e-05, 1.8489003196e-05, 6.14318923908e-06, 1.03011416286e-05, 2.00735357794e-05],
        "median": [0.000260427594185, 0.0115248179063, 0.24600070715, 0.947226464748, 1.60864520073, 2.86870098114, 5.04784727097, 11.550526619, 17.501663208, 11.4647665024, 11.38697052, 15.3947353363, 21.2196674347, 14.4620275497, 7.96864175797, 11.468079567, 9.78021430969, 11.6301202774, 6.67242145538, 5.70679235458, 8.83191108704, 11.9396734238, 14.1276302338, 10.80809021, 6.19637537003, 4.15907430649, 2.05813646317, 1.4129524231, 0.754218995571, 0.654771625996, 0.31528699398, 0.104001775384, 0.0217320136726, 0.00211090431549, 0.000121576507809, 2.45883729804e-05, 9.71657118498e-06, 3.23663130075e-06, 7.48581624066e-06, 1.51181347974e-05],
        "min": [3.23730553475e-08, 1.01550256204e-06, 1.1068736967e-05, 1.97879908228e-05, 3.04188106384e-05, 2.31471076404e-05, 5.56738305022e-05, 0.000291436619591, 0.000461744202767, 0.000241778529016, 0.000181438212167, 0.000108973312308, 0.000388663640479, 0.000915018667001, 9.03307809494e-05, 0.000121962861158, 8.73126191436e-05, 0.000116097005957, 3.79149169021e-05, 9.05075939954e-05, 6.01552928856e-05, 0.000223701659706, 0.000156355235958, 0.000161280244356, 6.29438363831e-05, 5.42729794688e-05, 3.6540968722e-05, 3.80810597562e-05, 4.45968835265e-05, 2.58868949459e-05, 1.79348608071e-05, 1.21399853015e-05, 3.8145558392e-06, 1.65886163472e-07, 2.49437803745e-08, 7.38521954702e-09, 4.75971262404e-09, 1.79834191982e-09, 5.63743884907e-10, 2.427495982e-10],
        "var": [2.79015921478e-07, 0.00119841145352, 0.337456822395, 1.87250733376, 6.30519914627, 68.7922744751, 207.63835144, 494.825408936, 2757.88696289, 8088.13574219, 4740.03320312, 3385.95922852, 6094.671875, 5500.82324219, 252.268661499, 663.992858887, 820.693603516, 4608.04394531, 7259.828125, 958.24041748, 1902.2479248, 4319.39648438, 3509.77856445, 3191.48730469, 1171.55932617, 812.018859863, 527.473266602, 322.194763184, 184.857803345, 81.8739395142, 23.1675205231, 11.9015932083, 0.417392045259, 0.00390558619983, 1.23132167573e-05, 4.85975384379e-08, 1.05909581105e-09, 9.40399841332e-11, 7.07356742624e-11, 2.24023785633e-10]
    },
    "gfcc": {
        "mean": [-63.8206710815, 148.476898193, -193.360275269, 37.062122345, -83.1942596436, -20.7531204224, -27.3080348969, -23.0264129639, -4.29426145554, -33.964138031, 2.19373607635, -19.9790115356, -8.34249210358],
        "cov": [[2959.84570312, -840.559753418, -265.610839844, 409.148376465, -257.262969971, 76.225440979, -16.9037208557, 15.4317054749, 63.37758255, 27.3337097168, -9.86234951019, -36.0816383362, -75.1394958496], [-840.559753418, 710.226501465, 47.0791320801, -297.208526611, 269.95791626, -116.029182434, 72.7399520874, -5.75588703156, 0.621718287468, -33.638458252, 6.24114179611, -9.59280395508, 12.548248291], [-265.610839844, 47.0791320801, 262.508544922, 89.6385498047, -37.4969520569, 48.8824691772, -38.8521728516, 12.5677814484, -28.7184047699, 9.8289680481, 7.52557086945, -11.5183553696, 13.0578994751], [409.148376465, -297.208526611, 89.6385498047, 325.511749268, -84.645324707, 63.935459137, -55.6007385254, -19.2447071075, -0.0639859512448, 18.9999446869, -13.4561977386, 8.17104053497, -3.06156730652], [-257.262969971, 269.95791626, -37.4969520569, -84.645324707, 209.55531311, -60.6942710876, 17.8020992279, 0.360564082861, 21.0523223877, -2.28818702698, -15.3450174332, 7.8698925972, 0.104140795767], [76.225440979, -116.029182434, 48.8824691772, 63.935459137, -60.6942710876, 172.05809021, 7.53544521332, -15.6568565369, -24.2040081024, 7.56084346771, -7.32900476456, -15.2422294617, 12.3817558289], [-16.9037208557, 72.7399520874, -38.8521728516, -55.6007385254, 17.8020992279, 7.53544521332, 110.386581421, 19.8981552124, -7.56428956985, 3.45597910881, 0.66327303648, -15.2801561356, -10.8072862625], [15.4317054749, -5.75588703156, 12.5677814484, -19.2447071075, 0.360564082861, -15.6568565369, 19.8981552124, 91.9025421143, 18.9781093597, -13.5192079544, 13.9427194595, -15.2949867249, -19.5033874512], [63.37758255, 0.621718287468, -28.7184047699, -0.0639859512448, 21.0523223877, -24.2040081024, -7.56428956985, 18.9781093597, 72.7348556519, 16.5075969696, -5.97921895981, 2.75876688957, -25.3059024811], [27.3337097168, -33.638458252, 9.8289680481, 18.9999446869, -2.28818702698, 7.56084346771, 3.45597910881, -13.5192079544, 16.5075969696, 80.4572143555, 11.1240367889, -18.4346122742, 3.33764433861], [-9.86234951019, 6.24114179611, 7.52557086945, -13.4561977386, -15.3450174332, -7.32900476456, 0.66327303648, 13.9427194595, -5.97921895981, 11.1240367889, 62.5343437195, 8.16671085358, -17.7222518921], [-36.0816383362, -9.59280395508, -11.5183553696, 8.17104053497, 7.8698925972, -15.2422294617, -15.2801561356, -15.2949867249, 2.75876688957, -18.4346122742, 8.16671085358, 68.2842025757, 19.7002506256], [-75.1394958496, 12.548248291, 13.0578994751, -3.06156730652, 0.104140795767, 12.3817558289, -10.8072862625, -19.5033874512, -25.3059024811, 3.33764433861, -17.7222518921, 19.7002506256, 74.7547836304]],
        "icov": [[0.000653322553262, 0.000576739781536, 0.00065958785126, -0.000635208503809, -1.27599951156e-05, 0.000138040195452, -0.000363429950085, 0.000202790542971, -0.00062814692501, 0.000543188012671, -0.000531910918653, 0.000904748216271, -0.000205257398193], [0.000576739781536, 0.015112102963, -0.0107293697074, 0.00852870941162, -0.0149243324995, 0.00518293632194, -0.0100999437273, 0.0133652994409, -0.0109090553597, 0.0139843998477, -0.0116638019681, 0.0113016003743, -0.00860514678061], [0.00065958785126, -0.0107293697074, 0.0145069798455, -0.00869117677212, 0.0112752104178, -0.00475435657427, 0.00924897473305, -0.0122003173456, 0.01007800363, -0.0110845109448, 0.00793668627739, -0.00679833441973, 0.00607950938866], [-0.000635208503809, 0.00852870941162, -0.00869117677212, 0.0108128758147, -0.00789214204997, 0.00192980386782, -0.00390133145265, 0.00773724354804, -0.00511277560145, 0.0057736095041, -0.00367995607667, 0.00328429951333, -0.0026896186173], [-1.27599951156e-05, -0.0149243324995, 0.0112752104178, -0.00789214204997, 0.0213534943759, -0.00352761964314, 0.00921505130827, -0.0129887508228, 0.00944561325014, -0.0142573183402, 0.0135356830433, -0.0117519712076, 0.0088376570493], [0.000138040195452, 0.00518293632194, -0.00475435657427, 0.00192980386782, -0.00352761964314, 0.00939231738448, -0.00526632973924, 0.00615067221224, -0.00321786268614, 0.00517606874928, -0.0037571627181, 0.00566879054531, -0.00423417659476], [-0.000363429950085, -0.0100999437273, 0.00924897473305, -0.00390133145265, 0.00921505130827, -0.00526632973924, 0.0191401392221, -0.0132472841069, 0.0124192489311, -0.0129278143868, 0.0106000639498, -0.00843151193112, 0.00924133136868], [0.000202790542971, 0.0133652994409, -0.0122003173456, 0.00773724354804, -0.0129887508228, 0.00615067221224, -0.0132472841069, 0.0289421100169, -0.0186405330896, 0.0202188584954, -0.017572440207, 0.01680810377, -0.0107648270205], [-0.00062814692501, -0.0109090553597, 0.01007800363, -0.00511277560145, 0.00944561325014, -0.00321786268614, 0.0124192489311, -0.0186405330896, 0.0345051176846, -0.0221013296396, 0.0194928385317, -0.0178343430161, 0.0186705347151], [0.000543188012671, 0.0139843998477, -0.0110845109448, 0.0057736095041, -0.0142573183402, 0.00517606874928, -0.0129278143868, 0.0202188584954, -0.0221013296396, 0.0344180613756, -0.0219111535698, 0.0218438375741, -0.0170295983553], [-0.000531910918653, -0.0116638019681, 0.00793668627739, -0.00367995607667, 0.0135356830433, -0.0037571627181, 0.0106000639498, -0.017572440207, 0.0194928385317, -0.0219111535698, 0.035818465054, -0.0205487851053, 0.0189212225378], [0.000904748216271, 0.0113016003743, -0.00679833441973, 0.00328429951333, -0.0117519712076, 0.00566879054531, -0.00843151193112, 0.01680810377, -0.0178343430161, 0.0218438375741, -0.0205487851053, 0.0340148545802, -0.0182700194418], [-0.000205257398193, -0.00860514678061, 0.00607950938866, -0.0026896186173, 0.0088376570493, -0.00423417659476, 0.00924133136868, -0.0107648270205, 0.0186705347151, -0.0170295983553, 0.0189212225378, -0.0182700194418, 0.0290406830609]]
    },
    "melbands": {
        "dmean": [4.51272080682e-06, 8.8246903033e-05, 0.000133801353513, 0.000162211668794, 0.000119285919936, 0.000171930587385, 0.00025574650499, 0.000139917596243, 0.000100766352261, 9.5566319942e-05, 9.73701971816e-05, 7.32984772185e-05, 2.08898345591e-05, 2.52343670581e-05, 1.52183329192e-05, 1.61192656378e-05, 2.18645946006e-05, 1.59959527082e-05, 1.42849403346e-05, 5.50104414287e-06, 1.55829075084e-05, 1.60781437444e-05, 1.37036504384e-05, 1.4610004655e-05, 1.19201004054e-05, 5.97644611844e-06, 6.76906438457e-06, 4.08060668633e-06, 2.56209045801e-06, 1.93746132027e-06, 1.85896567473e-06, 1.7882780412e-06, 1.13103806143e-06, 1.27861983401e-06, 6.74599220929e-07, 4.62507983912e-07, 2.72646957455e-07, 7.16157941838e-08, 1.74725691693e-08, 3.87735887841e-09],
        "dmean2": [7.65727145335e-06, 0.000149428029545, 0.000226303454838, 0.000257548119407, 0.000175030247192, 0.000282513792627, 0.000427469087299, 0.000198371926672, 0.00014131986245, 0.000135713373311, 0.000130859247292, 0.000100671437394, 3.10929171974e-05, 3.83982878702e-05, 2.11714796023e-05, 2.24609048018e-05, 2.98233517242e-05, 2.37995736825e-05, 2.17861779674e-05, 8.63986224431e-06, 2.40719691647e-05, 2.36612868321e-05, 2.06512086152e-05, 2.17596807488e-05, 1.81129344128e-05, 9.01821476873e-06, 1.05375183921e-05, 6.27652525509e-06, 3.85514886148e-06, 2.91896867566e-06, 2.80946119346e-06, 2.63829087999e-06, 1.56538055762e-06, 1.89982642951e-06, 1.0462811133e-06, 6.64399124162e-07, 3.86452825296e-07, 1.00105530976e-07, 2.51001868179e-08, 5.59807533662e-09],
        "dvar": [1.12824513621e-10, 2.98634112994e-08, 3.40320127634e-08, 8.98915004655e-08, 5.67143132457e-08, 6.78955345279e-08, 1.8062711149e-07, 1.69502285985e-07, 6.62700259113e-08, 4.69236525191e-08, 3.4677327676e-08, 3.14412318403e-08, 2.57556287409e-09, 1.94047111712e-09, 5.90163640179e-10, 1.05050723676e-09, 2.81934364743e-09, 2.97144397976e-09, 4.34440661223e-09, 1.39748740358e-10, 1.73718051055e-09, 2.17010409642e-09, 9.11926867353e-10, 1.07351960654e-09, 9.21574594415e-10, 1.85015225362e-10, 3.13325976276e-10, 1.81595058435e-10, 1.02103998867e-10, 6.56540585786e-11, 6.30556371006e-11, 6.22039919573e-11, 1.83065142906e-11, 2.59127250907e-11, 8.10034418014e-12, 3.66778222377e-12, 2.14982849231e-12, 1.3961088416e-13, 4.76847700865e-15, 3.19458555466e-16],
        "dvar2": [2.83072398855e-10, 8.30157915743e-08, 1.00152448113e-07, 2.41542522872e-07, 1.296912302e-07, 1.86520367151e-07, 4.27904666367e-07, 3.86875683489e-07, 1.34936527729e-07, 1.14513987626e-07, 6.49726814572e-08, 7.15603079016e-08, 6.33070351697e-09, 4.40566472193e-09, 1.15382303711e-09, 1.82682213801e-09, 4.19470014279e-09, 5.88434945215e-09, 9.289270686e-09, 2.97139118866e-10, 3.29254179476e-09, 4.52727411115e-09, 2.00376093495e-09, 2.23888418915e-09, 1.82146431271e-09, 3.91109727937e-10, 7.72870878407e-10, 4.23248797121e-10, 2.50521270395e-10, 1.2808869243e-10, 1.43239350936e-10, 1.43432890565e-10, 3.66981028899e-11, 6.13725389953e-11, 1.98452140138e-11, 7.10180568866e-12, 4.89518712024e-12, 2.56382209299e-13, 1.00944634799e-14, 5.54274908458e-16],
        "max": [0.00020406866679, 0.00267608044669, 0.00250592804514, 0.00509133422747, 0.00551170250401, 0.00432165712118, 0.00921146199107, 0.011156632565, 0.00583962537348, 0.00500461505726, 0.00436400622129, 0.00399655196816, 0.00153106858488, 0.00132247270085, 0.000624953536317, 0.000742580916267, 0.00175142276566, 0.00173023785464, 0.00229888525791, 0.000301092048176, 0.000989510328509, 0.000857090111822, 0.000725336838514, 0.000734936795197, 0.000646922271699, 0.000235645857174, 0.000369422370568, 0.000332746712957, 0.000286222581053, 0.000225628959015, 0.000209416364669, 0.000174866130692, 0.000108341926534, 9.82377096079e-05, 5.81133390369e-05, 4.23061974288e-05, 4.36867921962e-05, 1.02532449091e-05, 2.12243503483e-06, 8.50910566896e-07],
        "mean": [6.73150589137e-06, 0.000161898569786, 0.000255170132732, 0.000281311251456, 0.000298718863633, 0.000449804239906, 0.000537705549505, 0.000317930796882, 0.000242726513534, 0.000222701113671, 0.000229636731092, 0.000157621732797, 4.36385089415e-05, 5.68479517824e-05, 3.71468304365e-05, 4.09393978771e-05, 4.89180711156e-05, 3.58115066774e-05, 3.34632059094e-05, 1.10500604933e-05, 3.1688647141e-05, 3.76198149752e-05, 3.04416153085e-05, 3.22833802784e-05, 2.51747478615e-05, 1.1981537682e-05, 1.23518220789e-05, 7.15671831131e-06, 4.3879945224e-06, 3.58878651241e-06, 3.22998289448e-06, 2.61004106505e-06, 1.83470910997e-06, 1.77886738584e-06, 9.80273057394e-07, 7.08569189101e-07, 3.98404552016e-07, 1.12288077503e-07, 2.58924490737e-08, 5.57114532285e-09],
        "median": [3.24312304656e-06, 8.85020272108e-05, 0.000180472081411, 0.000175576817128, 0.000173650492798, 0.000261301145656, 0.000260454631643, 0.000107267100248, 8.86197158252e-05, 0.000104094404378, 9.66954248725e-05, 5.29920653207e-05, 2.1195914087e-05, 2.73930563708e-05, 2.27033724514e-05, 2.06888071261e-05, 1.83368138096e-05, 8.58565999806e-06, 7.60269085731e-06, 5.93552567807e-06, 1.07076830318e-05, 9.57543579716e-06, 1.39037274494e-05, 9.99377334665e-06, 8.35269838717e-06, 4.31385615229e-06, 3.9523210944e-06, 2.0331003725e-06, 1.15221200758e-06, 9.14216002457e-07, 6.77259663462e-07, 4.32826738006e-07, 3.24077120695e-07, 3.36609190299e-07, 1.95886570964e-07, 8.70588223734e-08, 4.39921308271e-08, 1.53767238942e-08, 3.59326191024e-09, 5.66080793352e-10],
        "min": [5.15589182459e-10, 4.36021041494e-09, 3.68876773571e-09, 2.17201101549e-09, 1.57691637526e-09, 6.76607747607e-09, 6.49728937319e-09, 2.27394147956e-09, 1.36857725153e-09, 6.14429895851e-10, 2.06338990338e-09, 4.02883859607e-09, 3.58627738617e-10, 2.23229393304e-10, 2.10594319761e-10, 2.44073095068e-10, 2.00646027571e-10, 6.0755227238e-11, 7.81178940978e-11, 9.98192570267e-11, 7.52731696418e-11, 2.05586062063e-10, 2.37376868162e-10, 1.31197788744e-10, 1.32267724551e-10, 2.89767602274e-11, 2.71044887923e-11, 3.49349021933e-11, 2.18113548056e-11, 2.13872669574e-11, 2.11303925746e-11, 2.88937970772e-11, 1.49124098486e-11, 1.40840525006e-11, 9.58044234223e-12, 7.92241446057e-12, 7.32662975428e-12, 1.24940064804e-12, 1.33532006524e-13, 2.30622931098e-14],
        "var": [1.42501246914e-10, 4.72098165005e-08, 6.22047409138e-08, 1.25747192214e-07, 1.94585140889e-07, 2.91130845653e-07, 7.59679721796e-07, 6.59503086808e-07, 2.79838985762e-07, 1.46537061596e-07, 1.51827507011e-07, 9.61279340572e-08, 5.38442490594e-09, 7.03710822947e-09, 2.62387400696e-09, 5.22739007636e-09, 1.52130859021e-08, 1.18552829775e-08, 1.72406142696e-08, 3.4188335496e-10, 6.08169337113e-09, 7.29377935826e-09, 3.21633497613e-09, 4.03701161389e-09, 2.54685028622e-09, 5.0638615523e-10, 6.47353448624e-10, 3.14199583018e-10, 2.2142690459e-10, 1.60782734349e-10, 1.2668334437e-10, 8.83537132346e-11, 3.22702420341e-11, 3.46983553001e-11, 1.03173034352e-11, 7.97592374091e-12, 3.50419042741e-12, 2.80738729789e-13, 9.59559072011e-15, 1.12334472965e-15]
    },
    "mfcc": {
        "mean": [-670.27520752, 145.937103271, -44.9916534424, 30.0165348053, -30.0707569122, -7.34312868118, -22.9618034363, 5.44805145264, -21.2469558716, -2.62780857086, -8.43799495697, -3.27570819855, -11.9694671631],
        "cov": [[3063.60351562, -961.683288574, -134.748031616, 249.174377441, -232.052719116, 179.701049805, -174.014022827, 141.052154541, -141.381469727, 197.43951416, -20.5620288849, 61.5214653015, -115.251731873], [-961.683288574, 983.030212402, -234.552871704, -124.618461609, 100.520980835, -136.170043945, 95.8090744019, -31.9036026001, 68.039604187, -47.7985496521, 45.8766593933, -61.0677452087, 62.2557678223], [-134.748031616, -234.552871704, 374.268981934, 23.550775528, 18.6236915588, 45.7782058716, 20.8270549774, -15.4712991714, -9.30976772308, -3.82030749321, -30.1869678497, 38.8716964722, -19.9168434143], [249.174377441, -124.618461609, 23.550775528, 201.837387085, 29.9889621735, 13.5315847397, -42.9675559998, 1.19276237488, -10.0196380615, -2.8673055172, -5.56485462189, 10.5126171112, 5.73484230042], [-232.052719116, 100.520980835, 18.6236915588, 29.9889621735, 148.157562256, -7.51865911484, -13.9439268112, -11.2116279602, 20.7802028656, -40.1928253174, 1.03525722027, 7.19147491455, 19.311384201], [179.701049805, -136.170043945, 45.7782058716, 13.5315847397, -7.51865911484, 157.746017456, 5.46689939499, -18.633228302, 11.4421358109, -2.55680656433, -16.994556427, -1.24009132385, 4.75022411346], [-174.014022827, 95.8090744019, 20.8270549774, -42.9675559998, -13.9439268112, 5.46689939499, 122.649543762, -3.64785647392, 13.2574567795, 15.8476047516, 6.19888401031, -10.3475189209, -6.59967136383], [141.052154541, -31.9036026001, -15.4712991714, 1.19276237488, -11.2116279602, -18.633228302, -3.64785647392, 113.156440735, -20.7842006683, 11.8239431381, 8.46175098419, -0.89198744297, -9.14352607727], [-141.381469727, 68.039604187, -9.30976772308, -10.0196380615, 20.7802028656, 11.4421358109, 13.2574567795, -20.7842006683, 105.679946899, -14.137462616, -9.25409221649, 1.76903390884, 2.49697113037], [197.43951416, -47.7985496521, -3.82030749321, -2.8673055172, -40.1928253174, -2.55680656433, 15.8476047516, 11.8239431381, -14.137462616, 118.243804932, 30.9340572357, -7.34365701675, -18.5801906586], [-20.5620288849, 45.8766593933, -30.1869678497, -5.56485462189, 1.03525722027, -16.994556427, 6.19888401031, 8.46175098419, -9.25409221649, 30.9340572357, 93.4244995117, 5.26040649414, -14.0442228317], [61.5214653015, -61.0677452087, 38.8716964722, 10.5126171112, 7.19147491455, -1.24009132385, -10.3475189209, -0.89198744297, 1.76903390884, -7.34365701675, 5.26040649414, 95.2451553345, -5.54970788956], [-115.251731873, 62.2557678223, -19.9168434143, 5.73484230042, 19.311384201, 4.75022411346, -6.59967136383, -9.14352607727, 2.49697113037, -18.5801906586, -14.0442228317, -5.54970788956, 101.206413269]],
