{
"lowlevel": {
    "average_loudness": 0.938876450062,
    "barkbands_crest": {
        "dmean": 2.15071511269,
        "dmean2": 3.44041419029,
        "dvar": 3.49650382996,
        "dvar2": 8.59003257751,
        "max": 21.6265220642,
        "mean": 9.78737354279,
        "median": 9.20114803314,
        "min": 3.4499566555,
        "var": 11.2582969666
    },
    "barkbands_flatness_db": {
        "dmean": 0.0201020017266,
        "dmean2": 0.029618198052,
        "dvar": 0.000430859363405,
        "dvar2": 0.000829245138448,
        "max": 0.354609936476,
        "mean": 0.169281542301,
        "median": 0.160825937986,
        "min": 0.0576488375664,
        "var": 0.00249639805406
    },
    "barkbands_kurtosis": {
        "dmean": 3.3908059597,
        "dmean2": 5.26316642761,
        "dvar": 28.2782154083,
        "dvar2": 77.2748336792,
        "max": 104.659210205,
        "mean": 8.29485702515,
        "median": 5.62962532043,
        "min": -1.81022512913,
        "var": 85.2956085205
    },
    "barkbands_skewness": {
        "dmean": 0.454712718725,
        "dmean2": 0.688860237598,
        "dvar": 0.204829916358,
        "dvar2": 0.485145866871,
        "max": 8.93223190308,
        "mean": 2.11579632759,
        "median": 1.9758156538,
        "min": -0.730408787727,
        "var": 1.05944216251
    },
    "barkbands_spread": {
        "dmean": 3.20282864571,
        "dmean2": 4.81943941116,
        "dvar": 21.7587852478,
        "dvar2": 39.9364280701,
        "max": 88.8402099609,
        "mean": 13.1082830429,
        "median": 11.0953960419,
        "min": 1.4365260601,
        "var": 85.2991790771
    },
    "dissonance": {
        "dmean": 0.0218426603824,
        "dmean2": 0.0360735356808,
        "dvar": 0.000405165861594,
        "dvar2": 0.00105980178341,
        "max": 0.499477028847,
        "mean": 0.448665082455,
        "median": 0.454843908548,
        "min": 0.336501479149,
        "var": 0.000946674961597
    },
    "dynamic_complexity": 4.48827314377,
    "erbbands_crest": {
        "dmean": 2.42669320107,
        "dmean2": 3.80742430687,
        "dvar": 4.84188175201,
        "dvar2": 11.0636415482,
        "max": 23.7313232422,
        "mean": 8.89547729492,
        "median": 8.14326953888,
        "min": 2.52208447456,
        "var": 12.4453058243
    },
    "erbbands_flatness_db": {
        "dmean": 0.0171416644007,
        "dmean2": 0.0239670258015,
        "dvar": 0.000267058552708,
        "dvar2": 0.000461972784251,
        "max": 0.262687325478,
        "mean": 0.158847615123,
        "median": 0.158735111356,
        "min": 0.0365752838552,
        "var": 0.0013703770237
    },
    "erbbands_kurtosis": {
        "dmean": 0.966119527817,
        "dmean2": 1.49360728264,
        "dvar": 1.30491113663,
        "dvar2": 2.83014583588,
        "max": 17.0830440521,
        "mean": 0.990377187729,
        "median": 0.412690639496,
        "min": -1.60903477669,
        "var": 4.57561206818
    },
    "erbbands_skewness": {
        "dmean": 0.313150137663,
        "dmean2": 0.481352776289,
        "dvar": 0.0807748734951,
        "dvar2": 0.169403225183,
        "max": 3.39649987221,
        "mean": 0.850958287716,
        "median": 0.839786469936,
        "min": -2.00612854958,
        "var": 0.403877943754
    },
    "erbbands_spread": {
        "dmean": 7.08772277832,
        "dmean2": 10.3954267502,
        "dvar": 71.0842285156,
        "dvar2": 135.562850952,
        "max": 121.226753235,
        "mean": 35.764415741,
        "median": 33.5636901855,
        "min": 8.39424419403,
        "var": 271.913848877
    },
    "hfc": {
        "dmean": 3.68550348282,
        "dmean2": 5.26217603683,
        "dvar": 48.1135902405,
        "dvar2": 105.936653137,
        "max": 108.009170532,
        "mean": 15.6007041931,
        "median": 10.3004512787,
        "min": 1.99360738407e-06,
        "var": 243.520980835
    },
    "melbands_crest": {
        "dmean": 2.88854503632,
        "dmean2": 4.67531013489,
        "dvar": 6.29920339584,
        "dvar2": 16.4499416351,
        "max": 33.4383811951,
        "mean": 14.2283525467,
        "median": 13.0606117249,
        "min": 5.21673154831,
        "var": 28.0025100708
    },
    "melbands_flatness_db": {
        "dmean": 0.0228574927896,
        "dmean2": 0.0338990353048,
        "dvar": 0.000574464094825,
        "dvar2": 0.00117535935715,
        "max": 0.487088114023,
        "mean": 0.253371149302,
        "median": 0.242496088147,
        "min": 0.0508063659072,
        "var": 0.00457684695721
    },
    "melbands_kurtosis": {
        "dmean": 6.94846057892,
        "dmean2": 10.8245992661,
        "dvar": 146.327835083,
        "dvar2": 383.430786133,
        "max": 225.881469727,
        "mean": 17.3512840271,
        "median": 11.3133888245,
        "min": -0.408606290817,
        "var": 384.525970459
    },
    "melbands_skewness": {
        "dmean": 0.612243175507,
        "dmean2": 0.905300498009,
        "dvar": 0.415126025677,
        "dvar2": 0.946792304516,
        "max": 12.1658391953,
        "mean": 2.85824012756,
        "median": 2.60953259468,
        "min": 0.309508174658,
        "var": 2.10217833519
    },
    "melbands_spread": {
        "dmean": 2.98435902596,
        "dmean2": 4.57172870636,
        "dvar": 19.6861419678,
        "dvar2": 32.8296546936,
        "max": 135.666503906,
        "mean": 12.4956417084,
        "median": 10.6285791397,
        "min": 1.10500884056,
        "var": 97.1443023682
    },
    "pitch_salience": {
        "dmean": 0.058241892606,
        "dmean2": 0.0914866551757,
        "dvar": 0.00264139124192,
        "dvar2": 0.00713315792382,
        "max": 0.791204810143,
        "mean": 0.561781585217,
        "median": 0.574088275433,
        "min": 0.168582126498,
        "var": 0.00803957134485
    },
    "silence_rate_20dB": {
        "dmean": 0,
        "dmean2": 0,
        "dvar": 0,
        "dvar2": 0,
        "max": 1,
        "mean": 1,
        "median": 1,
        "min": 1,
        "var": 0
    },
    "silence_rate_30dB": {
        "dmean": 0.0030959751457,
        "dmean2": 0.00619674660265,
        "dvar": 0.00308635481633,
        "dvar2": 0.00770735135302,
        "max": 1,
        "mean": 0.997679829597,
        "median": 1,
        "min": 0,
        "var": 0.0023148751352
    },
    "silence_rate_60dB": {
        "dmean": 0.0061919502914,
        "dmean2": 0.0123934932053,
        "dvar": 0.00615363195539,
        "dvar2": 0.015338242054,
        "max": 1,
        "mean": 0.0665119886398,
        "median": 0,
        "min": 0,
        "var": 0.0620892234147
    },
    "spectral_centroid": {
        "dmean": 165.34564209,
        "dmean2": 255.605316162,
        "dvar": 138756.796875,
        "dvar2": 204602.984375,
        "max": 10984.7011719,
        "mean": 806.940734863,
        "median": 707.372497559,
        "min": 198.497406006,
        "var": 269947.875
    },
    "spectral_complexity": {
        "dmean": 2.45975232124,
        "dmean2": 3.84972882271,
        "dvar": 8.69419765472,
        "dvar2": 18.2423667908,
        "max": 43,
        "mean": 14.6566123962,
        "median": 14,
        "min": 0,
        "var": 58.5486984253
    },
    "spectral_decrease": {
        "dmean": 1.94333527048e-09,
        "dmean2": 3.05186365068e-09,
        "dvar": 6.7299555258e-18,
        "dvar2": 1.63271622458e-17,
        "max": -1.59208926865e-15,
        "mean": -7.9602644476e-09,
        "median": -7.6787429748e-09,
        "min": -3.13932631002e-08,
        "var": 3.06875371492e-17
    },
    "spectral_energy": {
        "dmean": 0.00757936295122,
        "dmean2": 0.0118759674951,
        "dvar": 0.000103112884972,
        "dvar2": 0.000250031036558,
        "max": 0.122907839715,
        "mean": 0.0314588956535,
        "median": 0.0300815738738,
        "min": 6.18974160815e-09,
        "var": 0.000480075570522
    },
    "spectral_energyband_high": {
        "dmean": 0.000175382258021,
        "dmean2": 0.000250813609455,
        "dvar": 3.04462162148e-07,
        "dvar2": 5.78144693009e-07,
        "max": 0.0141027560458,
        "mean": 0.000378061900847,
        "median": 0.000119784956041,
        "min": 8.4447483728e-11,
        "var": 9.36125047701e-07
    },
    "spectral_energyband_low": {
        "dmean": 0.00460778176785,
        "dmean2": 0.00728407222778,
        "dvar": 5.20657704328e-05,
        "dvar2": 0.000140608477523,
        "max": 0.078056178987,
        "mean": 0.0117098502815,
        "median": 0.00843924470246,
        "min": 4.12089740109e-09,
        "var": 0.000134307396365
    },
    "spectral_energyband_middle_high": {
        "dmean": 0.000983522390015,
        "dmean2": 0.00136731227394,
        "dvar": 2.98745294458e-06,
        "dvar2": 6.03885700912e-06,
        "max": 0.0397482141852,
        "mean": 0.0034658620134,
        "median": 0.00153523974586,
        "min": 1.09593112363e-10,
        "var": 2.58435047726e-05
    },
    "spectral_energyband_middle_low": {
        "dmean": 0.00501209590584,
        "dmean2": 0.00782168470323,
        "dvar": 4.24761419708e-05,
        "dvar2": 0.000102708800114,
        "max": 0.0758258327842,
        "mean": 0.0175596922636,
        "median": 0.0145882619545,
        "min": 2.65273736311e-09,
        "var": 0.000203171584872
    },
    "spectral_entropy": {
        "dmean": 0.180254608393,
        "dmean2": 0.261854410172,
        "dvar": 0.0420169495046,
        "dvar2": 0.0770492553711,
        "max": 9.79518795013,
        "mean": 7.22217416763,
        "median": 7.21697759628,
        "min": 5.76909923553,
        "var": 0.178979024291
    },
    "spectral_flux": {
        "dmean": 0.0184987895191,
        "dmean2": 0.0295381732285,
        "dvar": 0.00048199336743,
        "dvar2": 0.00105933949817,
        "max": 0.250462710857,
        "mean": 0.0731855332851,
        "median": 0.0691555738449,
        "min": 7.86749078543e-05,
        "var": 0.00174785451964
    },
    "spectral_kurtosis": {
        "dmean": 2.13665485382,
        "dmean2": 3.47474360466,
        "dvar": 6.1330537796,
        "dvar2": 15.0503768921,
        "max": 39.7659950256,
        "mean": 6.55664587021,
        "median": 5.7803144455,
        "min": -1.18622541428,
        "var": 16.0019855499
    },
    "spectral_rms": {
        "dmean": 0.0006288063596,
        "dmean2": 0.000966456136666,
        "dvar": 5.01004763009e-07,
        "dvar2": 1.16010210149e-06,
        "max": 0.0109503464773,
        "mean": 0.00511474302039,
        "median": 0.0054173679091,
        "min": 2.45739147431e-06,
        "var": 4.53099937658e-06
    },
    "spectral_rolloff": {
        "dmean": 178.515136719,
        "dmean2": 302.381256104,
        "dvar": 213989.296875,
        "dvar2": 451007.6875,
        "max": 8505.61523438,
        "mean": 685.414550781,
        "median": 581.396484375,
        "min": 64.599609375,
        "var": 594127.9375
    },
    "spectral_skewness": {
        "dmean": 0.277593135834,
        "dmean2": 0.434879928827,
        "dvar": 0.0886972844601,
        "dvar2": 0.201519623399,
        "max": 4.96932983398,
        "mean": 2.0101108551,
        "median": 1.96452021599,
        "min": 0.0232912730426,
        "var": 0.331085830927
    },
    "spectral_spread": {
        "dmean": 572921.375,
        "dmean2": 800316.9375,
        "dvar": 1.46335766938e+12,
        "dvar2": 1.8139587543e+12,
        "max": 41153204,
        "mean": 4316350,
        "median": 4044463.25,
        "min": 1569479.625,
        "var": 3.01634997453e+12
    },
    "spectral_strongpeak": {
        "dmean": 0.370592087507,
        "dmean2": 0.627111256123,
        "dvar": 0.346977859735,
        "dvar2": 0.829290390015,
        "max": 6.70127058029,
        "mean": 0.699899375439,
        "median": 0.304167896509,
        "min": 5.59396867175e-05,
        "var": 0.831960320473
    },
    "zerocrossingrate": {
        "dmean": 0.00624486012384,
        "dmean2": 0.00774971535429,
        "dvar": 6.2183738919e-05,
        "dvar2": 6.68444554321e-05,
        "max": 0.251953125,
        "mean": 0.0362041853368,
        "median": 0.0322265625,
        "min": 0.00146484375,
        "var": 0.000494537118357
    },
    "barkbands": {
        "dmean": [0.000283153844066, 0.00295488815755, 0.00172308110632, 0.00194318103604, 0.00205989787355, 0.00107613531873, 0.000932174094487, 0.00137915671803, 0.000785627344158, 0.000407814106438, 0.000103392354504, 0.000253370264545, 0.00026501933462, 0.000174508866621, 0.000126457292936, 0.000130315354909, 0.000141168056871, 0.000111102919618, 7.98862820375e-05, 6.21443323325e-05, 3.85468229069e-05, 3.33540338033e-05, 3.91930807382e-05, 3.98546071665e-05, 2.42661899392e-05, 1.22697756524e-05, 5.60252090054e-07],
        "dmean2": [0.000428124883911, 0.00456728646532, 0.00288441427983, 0.00331855216064, 0.00321719632484, 0.00155470496975, 0.0013189088786, 0.00211431342177, 0.00116981833708, 0.000621726911049, 0.000162483294844, 0.000372779992176, 0.000402849313105, 0.000256435538176, 0.0002014440106, 0.000204515512451, 0.000220272006118, 0.000177898182301, 0.00012213519949, 9.77394083748e-05, 6.29099013167e-05, 5.28401105839e-05, 5.80376872676e-05, 5.5111326219e-05, 3.53139657818e-05, 1.75371351361e-05, 9.35151490467e-07],
        "dvar": [2.95793739724e-07, 2.33955179283e-05, 1.45593257912e-05, 1.0393257071e-05, 1.05602512122e-05, 2.81144048131e-06, 2.61184686678e-06, 7.42999509384e-06, 2.75611569123e-06, 1.70981979863e-06, 7.00838000967e-08, 2.91219834025e-07, 5.40143162198e-07, 2.66376133595e-07, 9.03134704799e-08, 9.06658286226e-08, 7.36659302447e-08, 5.51680123806e-08, 2.72052389505e-08, 1.02157734716e-07, 1.45070346846e-08, 1.97263041457e-08, 1.49045948916e-08, 1.741083544e-08, 6.06329164654e-09, 2.12852424575e-09, 1.12210856926e-11],
        "dvar2": [6.41031022042e-07, 6.51435184409e-05, 3.79810662707e-05, 3.02749904222e-05, 2.52638219536e-05, 6.3265188146e-06, 5.67133793083e-06, 1.8839027689e-05, 5.31578280061e-06, 3.96729546992e-06, 1.61621429129e-07, 6.06155367677e-07, 1.29124430259e-06, 5.0078131153e-07, 2.07689126341e-07, 2.09819475572e-07, 1.78803816198e-07, 1.35554842018e-07, 6.45945732458e-08, 2.44327281962e-07, 3.39239107916e-08, 4.91131366687e-08, 2.93249016181e-08, 2.41978490578e-08, 1.22010455073e-08, 3.00662006403e-09, 2.70495917332e-11],
        "max": [0.0159261450171, 0.0574094839394, 0.0423985123634, 0.0329491272569, 0.0488280542195, 0.0276235379279, 0.0209924802184, 0.0364834219217, 0.0284272413701, 0.0368093587458, 0.00632173148915, 0.0111899161711, 0.0148358391598, 0.0129847424105, 0.00552310142666, 0.00680041732267, 0.00528185768053, 0.00333395460621, 0.00242695049383, 0.00952639244497, 0.00299858441576, 0.00395343219861, 0.00300852349028, 0.00388025911525, 0.00168847339228, 0.00167987286113, 8.7185522716e-05],
        "mean": [0.00162581168115, 0.00651857769117, 0.00211881427094, 0.00290640699677, 0.00492129707709, 0.00294232578017, 0.00197169417515, 0.00250505562872, 0.00185818702448, 0.000996199669316, 0.000189368336578, 0.000489418685902, 0.000467988138553, 0.000304115907056, 0.000230715537327, 0.000264708942268, 0.000319429615047, 0.000228681063163, 0.000168879312696, 8.01924179541e-05, 5.56794911972e-05, 6.04160159128e-05, 8.33751037135e-05, 8.52974699228e-05, 4.3517753511e-05, 2.20932397497e-05, 6.77174853081e-07],
        "median": [0.000777241657488, 0.00425129244104, 0.000961567042395, 0.0015171271516, 0.00291723408736, 0.00146075640805, 0.000883991539013, 0.000968134845607, 0.000349792651832, 0.000178160087671, 7.30603715056e-05, 0.000151370215463, 7.70682017901e-05, 0.000100786739495, 7.44369754102e-05, 9.75324437604e-05, 0.000107141459011, 7.6960408478e-05, 5.81690874242e-05, 2.32090606005e-05, 1.55944035214e-05, 1.65375931829e-05, 2.25854000746e-05, 1.68305032275e-05, 7.63119624025e-06, 4.5794226935e-06, 1.89110842541e-08],
        "min": [8.03781874392e-10, 1.67185087996e-09, 2.66270672178e-10, 1.08389019982e-09, 5.08790898301e-10, 4.04037137081e-10, 3.54067719588e-10, 4.21088303115e-11, 1.70504044911e-11, 2.11977241316e-11, 7.24225106968e-12, 2.64380791565e-11, 4.66068156291e-12, 2.11399665134e-11, 8.97033315683e-12, 2.73248763026e-12, 6.74028151001e-12, 6.34690824203e-12, 3.40773438114e-12, 6.57388206371e-12, 2.21537631989e-11, 7.77500720056e-12, 5.79364334286e-12, 6.82178619149e-12, 1.13293766729e-11, 1.26508343731e-11, 1.6108083617e-11],
        "var": [3.71420082956e-06, 5.36217121407e-05, 1.34865531436e-05, 1.4532844034e-05, 3.51855123881e-05, 1.56707283168e-05, 8.44527221489e-06, 1.60578747455e-05, 1.34073352456e-05, 8.70859184943e-06, 1.23974288613e-07, 1.10637813577e-06, 1.49993275045e-06, 5.16676379902e-07, 2.35477045862e-07, 3.4346626876e-07, 2.68875794518e-07, 1.76509587391e-07, 8.03175908004e-08, 1.15264086276e-07, 2.99255660252e-08, 3.61639571622e-08, 4.1474482515e-08, 6.6553617728e-08, 1.71629732648e-08, 8.72620642411e-09, 2.61187217687e-11]
    },
    "erbbands": {
        "dmean": [0.111428134143, 0.61485350132, 1.86725008488, 4.40229272842, 6.28926086426, 8.36358165741, 8.64239597321, 8.97138977051, 13.4430627823, 12.7878761292, 34.6274185181, 18.8374137878, 16.6983089447, 8.81827354431, 4.79286146164, 10.3783130646, 11.8521595001, 9.90491485596, 6.29990625381, 7.41018342972, 5.82718801498, 7.55623912811, 6.13152694702, 3.60927891731, 4.43494844437, 2.33590745926, 1.54626309872, 1.50998175144, 1.21389245987, 1.14295554161, 1.09578132629, 1.14964830875, 0.486763179302, 0.292403012514, 0.172486707568, 0.0731794238091, 0.0212205201387, 0.00277232122608, 6.01856590947e-05, 9.67208143265e-06],
        "dmean2": [0.172084212303, 0.971179306507, 3.11590361595, 7.51636457443, 10.2317066193, 13.1590471268, 12.5681371689, 13.0999803543, 19.923948288, 19.0164451599, 52.8851890564, 27.6651821136, 24.7088451385, 12.7464599609, 7.2709774971, 15.2669324875, 17.6215801239, 14.7258663177, 10.1572628021, 11.4517498016, 9.32209587097, 11.8491735458, 9.8603105545, 5.47818946838, 6.7563662529, 3.67822647095, 2.58499598503, 2.42619109154, 1.85390388966, 1.74094009399, 1.62210071087, 1.61819076538, 0.686294019222, 0.43536221981, 0.245784908533, 0.10756033659, 0.0283217485994, 0.00394306937233, 8.71003503562e-05, 1.48685039676e-05],
        "dvar": [0.0342912711203, 1.16553974152, 17.2147941589, 56.7740058899, 77.6995544434, 219.503387451, 190.235702515, 225.597793579, 535.960571289, 630.141418457, 4643.80664062, 1406.33605957, 2753.15087891, 653.484436035, 82.3985061646, 555.285705566, 890.87512207, 903.414978027, 195.403060913, 493.033752441, 124.265441895, 196.507843018, 183.088699341, 41.2044525146, 200.495437622, 82.5450820923, 23.4784317017, 36.8342437744, 25.4266700745, 11.6917896271, 12.1644182205, 11.8482484818, 4.27645349503, 1.00602626801, 0.326996028423, 0.080298088491, 0.0061013023369, 0.00014086154988, 6.85232279807e-08, 2.08588687989e-10],
        "dvar2": [0.0978976041079, 3.10915231705, 45.1246986389, 162.078109741, 200.693267822, 533.712097168, 484.643585205, 501.763793945, 1185.2109375, 1449.02368164, 11313.9990234, 2724.24804688, 6175.27148438, 1252.58361816, 174.666137695, 1080.63110352, 2103.55102539, 1712.10131836, 502.724914551, 1106.85131836, 330.332855225, 497.614013672, 463.759674072, 97.3262481689, 388.843841553, 203.128005981, 60.6663322449, 90.5960769653, 56.3092803955, 26.7703113556, 21.7554073334, 20.5432243347, 7.52589797974, 2.12673807144, 0.623920023441, 0.147484004498, 0.00876536499709, 0.000185260156286, 1.02681099179e-07, 4.56224058532e-10],
        "max": [3.15666913986, 13.065615654, 41.9928474426, 82.9451599121, 109.366874695, 211.852340698, 189.182373047, 235.430709839, 392.757720947, 512.039306641, 833.895751953, 660.250549316, 1502.07641602, 927.069335938, 165.658660889, 568.577697754, 672.507324219, 713.380737305, 291.335235596, 634.1953125, 229.353713989, 192.771026611, 212.849212646, 100.480819702, 427.140960693, 205.04309082, 73.1860198975, 156.685684204, 147.377227783, 69.5116043091, 83.639213562, 98.5887680054, 63.3738861084, 18.4883556366, 15.9857282639, 8.73741340637, 2.89479279518, 0.473572343588, 0.0101854577661, 0.000350450718543],
        "mean": [0.271548360586, 1.12233555317, 2.49149918556, 6.8372631073, 12.9498004913, 17.3920307159, 19.5558872223, 22.8242835999, 30.0997257233, 29.603937149, 61.7157287598, 45.2584381104, 40.4940261841, 21.1311836243, 11.2046699524, 20.5102996826, 22.6271858215, 18.6892910004, 12.5050878525, 14.6185922623, 13.6614675522, 17.7877368927, 13.8585014343, 8.25309944153, 8.79034519196, 3.40102124214, 2.15787172318, 2.23362398148, 2.10346865654, 2.27681040764, 2.37978982925, 2.47751736641, 0.923945307732, 0.476669073105, 0.320188701153, 0.130104705691, 0.0348812304437, 0.00453996611759, 0.000113261827209, 4.00762655772e-05],
        "median": [0.157379865646, 0.632354795933, 1.32865440845, 3.71842598915, 8.57361412048, 7.94139575958, 11.2258577347, 10.0576057434, 15.1829128265, 11.3393363953, 23.8819007874, 10.0526504517, 5.98830795288, 5.47783041, 4.29949474335, 6.60241174698, 4.59643650055, 5.41543912888, 5.04506254196, 4.42428398132, 5.34610080719, 6.30767154694, 4.39144611359, 3.26403665543, 2.75175404549, 1.22546136379, 0.666837990284, 0.60440737009, 0.582469642162, 0.71316421032, 0.610725998878, 0.53337174654, 0.178181141615, 0.080856949091, 0.0552080385387, 0.0273347608745, 0.00585980853066, 0.000508912024088, 3.32540766976e-05, 3.69658664567e-05],
        "min": [1.01460273072e-07, 1.82739412935e-07, 6.61365504584e-07, 1.85834937838e-06, 3.28348778567e-06, 1.0041742371e-06, 1.06142033474e-06, 4.1949892875e-06, 4.79982145407e-06, 3.68608493773e-06, 1.19625087791e-06, 3.82471540661e-07, 6.53882011648e-07, 5.79080051466e-07, 3.59164403108e-07, 1.17913236863e-06, 3.38951451795e-07, 1.19587275549e-06, 6.06237904321e-07, 2.38831745492e-07, 2.11311359521e-07, 3.63881099474e-07, 2.7604531283e-07, 2.98659614373e-07, 2.70686513204e-07, 2.94592865657e-07, 9.14939562335e-07, 5.88464331486e-07, 2.38238811789e-07, 2.56193004589e-07, 1.65133414498e-07, 1.0708220799e-07, 1.67477992363e-07, 1.32675168629e-07, 5.78844883137e-08, 3.97566317645e-08, 2.66015529604e-08, 1.09787929858e-08, 2.00476302226e-09, 2.14009421295e-10],
        "var": [0.103833638132, 1.92792510986, 16.3228816986, 76.3316650391, 194.144760132, 685.321655273, 608.282958984, 1117.33093262, 1966.68603516, 2331.73120117, 9474.60253906, 7636.22900391, 12668.3759766, 4063.59057617, 357.065643311, 1993.59228516, 2988.77709961, 2146.31152344, 569.455322266, 1616.96130371, 531.416625977, 742.179626465, 589.56262207, 164.501541138, 409.97088623, 99.866317749, 31.3719615936, 71.5115737915, 53.9990997314, 26.3599891663, 37.7829704285, 41.0477752686, 12.900762558, 2.38989186287, 0.973715960979, 0.240771010518, 0.0255015250295, 0.000670209119562, 3.07045610271e-07, 1.05546882345e-09]
    },
    "gfcc": {
        "mean": [-27.7901687622, 120.511169434, -98.9800033569, 30.2007236481, -58.0455322266, 10.8282356262, -45.5613555908, 12.6110744476, -17.4895248413, -0.926323652267, -12.860045433, -0.582715511322, -14.6336784363],
        "cov": [[9560.71386719, -999.751464844, -1088.85852051, -132.642425537, -569.420837402, 105.636741638, -155.190261841, 243.277664185, -65.3255462646, -190.906860352, -84.8386383057, 136.044250488, -328.705505371], [-999.751464844, 909.465087891, -85.5903549194, -42.0165023804, 208.875991821, -89.0774612427, 171.947296143, -88.8565826416, 83.1656494141, -114.129013062, 131.870056152, -67.8897476196, 74.6483917236], [-1088.85852051, -85.5903549194, 933.764343262, 108.435951233, 257.012359619, 168.53553772, -39.5651092529, 61.8741416931, 49.6842575073, 200.553970337, -37.5197410583, 71.2608947754, 36.8100852966], [-132.642425537, -42.0165023804, 108.435951233, 291.36340332, 67.5763015747, 38.9457855225, 12.9458837509, -8.29808425903, 59.1385040283, 59.897277832, 17.0458984375, -4.8757185936, 94.0106964111], [-569.420837402, 208.875991821, 257.012359619, 67.5763015747, 300.585449219, 49.2323989868, 19.4038696289, 11.4329090118, 49.6309509277, 70.1986465454, 14.3586597443, 26.0544281006, 39.4146614075], [105.636741638, -89.0774612427, 168.53553772, 38.9457855225, 49.2323989868, 183.597396851, 32.3821144104, 61.5023880005, 13.4853496552, 37.7479019165, 32.4489173889, 16.6367282867, -15.5820703506], [-155.190261841, 171.947296143, -39.5651092529, 12.9458837509, 19.4038696289, 32.3821144104, 237.741867065, 20.4592208862, -6.52217578888, -18.0309734344, 52.6342086792, -30.3709888458, 0.678978681564], [243.277664185, -88.8565826416, 61.8741416931, -8.29808425903, 11.4329090118, 61.5023880005, 20.4592208862, 110.808174133, 20.1317672729, 29.9596443176, 5.86116838455, 24.3241348267, -15.3620567322], [-65.3255462646, 83.1656494141, 49.6842575073, 59.1385040283, 49.6309509277, 13.4853496552, -6.52217578888, 20.1317672729, 125.209594727, 15.6645040512, 28.2720165253, 15.7735376358, 25.2742710114], [-190.906860352, -114.129013062, 200.553970337, 59.897277832, 70.1986465454, 37.7479019165, -18.0309734344, 29.9596443176, 15.6645040512, 140.823501587, -18.40143013, 10.9976491928, 25.5279445648], [-84.8386383057, 131.870056152, -37.5197410583, 17.0458984375, 14.3586597443, 32.4489173889, 52.6342086792, 5.86116838455, 28.2720165253, -18.40143013, 106.597930908, 5.49181032181, 12.1001348495], [136.044250488, -67.8897476196, 71.2608947754, -4.8757185936, 26.0544281006, 16.6367282867, -30.3709888458, 24.3241348267, 15.7735376358, 10.9976491928, 5.49181032181, 96.069190979, 10.7161836624], [-328.705505371, 74.6483917236, 36.8100852966, 94.0106964111, 39.4146614075, -15.5820703506, 0.678978681564, -15.3620567322, 25.2742710114, 25.5279445648, 12.1001348495, 10.7161836624, 125.160675049]],
        "icov": [[0.00018021404685, -2.814711479e-05, 0.000296482583508, -0.000218596396735, 0.000177995301783, -0.000261894077994, 0.000124398749904, -0.000341163831763, 2.38957291003e-05, -4.97494729643e-05, 0.000287530507194, -0.000448380131274, 0.000451781175798], [-2.814711479e-05, 0.00531881675124, -0.000617359706666, 0.00299280602485, -0.00454788794741, 0.0028003861662, -0.00247928290628, 0.00239262240939, -0.00310633261688, 0.00458788964897, -0.004663689062, 0.00440452899784, -0.00345933949575], [0.000296482583508, -0.000617359706666, 0.00273436051793, -0.000619629514404, -0.000330484763253, -0.00231100944802, 0.000581523636356, -0.000336772704031, 0.00015057969722, -0.00257433857769, 0.00204540439881, -0.00212190742604, 0.00105854531284], [-0.000218596396735, 0.00299280602485, -0.000619629514404, 0.007476399187, -0.0027454670053, 0.000208640587516, -0.00181461102329, 0.00309663056396, -0.00373973581009, 0.00112571346108, -0.00258461548947, 0.00392458587885, -0.00607259338722], [0.000177995301783, -0.00454788794741, -0.000330484763253, -0.0027454670053, 0.00887270458043, -0.00269385171123, 0.00151204923168, -0.00152266956866, 0.00141608179547, -0.00478672981262, 0.00377904321067, -0.0046422961168, 0.00273717194796], [-0.000261894077994, 0.0028003861662, -0.00231100944802, 0.000208640587516, -0.00269385171123, 0.0111566632986, -0.00172060786281, -0.00252166506834, -0.000329767266521, 0.0027926187031, -0.00614491384476, 0.00306113343686, -6.8946967076e-05], [0.000124398749904, -0.00247928290628, 0.000581523636356, -0.00181461102329, 0.00151204923168, -0.00172060786281, 0.00664775213227, -0.00299505260773, 0.00265593570657, -0.00132032751571, -0.000250806973781, -0.000161202638992, 0.00167433777824], [-0.000341163831763, 0.00239262240939, -0.000336772704031, 0.00309663056396, -0.00152266956866, -0.00252166506834, -0.00299505260773, 0.0151846650988, -0.00412892270833, -0.000957951822784, -0.00112863292452, -0.000359919533366, -0.00133524346165], [2.38957291003e-05, -0.00310633261688, 0.00015057969722, -0.00373973581009, 0.00141608179547, -0.000329767266521, 0.00265593570657, -0.00412892270833, 0.0123751303181, -0.00204023602419, -0.00035685749026, -0.00295966863632, 0.00187702581752], [-4.97494729643e-05, 0.00458788964897, -0.00257433857769, 0.00112571346108, -0.00478672981262, 0.0027926187031, -0.00132032751571, -0.000957951822784, -0.00204023602419, 0.0158347114921, -0.00281293177977, 0.005069531966, -0.00419051665813], [0.000287530507194, -0.004663689062, 0.00204540439881, -0.00258461548947, 0.00377904321067, -0.00614491384476, -0.000250806973781, -0.00112863292452, -0.00035685749026, -0.00281293177977, 0.0177243445069, -0.00598680507392, 0.00222903979011], [-0.000448380131274, 0.00440452899784, -0.00212190742604, 0.00392458587885, -0.0046422961168, 0.00306113343686, -0.000161202638992, -0.000359919533366, -0.00295966863632, 0.005069531966, -0.00598680507392, 0.0175816044211, -0.00569144915789], [0.000451781175798, -0.00345933949575, 0.00105854531284, -0.00607259338722, 0.00273717194796, -6.8946967076e-05, 0.00167433777824, -0.00133524346165, 0.00187702581752, -0.00419051665813, 0.00222903979011, -0.00569144915789, 0.0151933226734]]
    },
    "melbands": {
        "dmean": [0.000854929734487, 0.000862512504682, 0.000778723042458, 0.00051188893849, 0.000294572062558, 0.00019962467195, 0.000204742827918, 0.000156652880833, 0.000273986690445, 0.00011150570208, 8.16881802166e-05, 3.81741228921e-05, 1.48655517478e-05, 3.02290845866e-05, 2.26870688493e-05, 2.76831651718e-05, 1.76762841875e-05, 1.01573568827e-05, 8.75414843904e-06, 9.67783307715e-06, 7.85765860201e-06, 8.29209602671e-06, 8.28518659546e-06, 4.71970042781e-06, 3.02387365991e-06, 3.13312693834e-06, 3.13978080158e-06, 1.38827510909e-06, 9.89137561191e-07, 9.95889536171e-07, 8.84985865923e-07, 6.82429572407e-07, 8.00567363513e-07, 6.69553685384e-07, 6.49385185625e-07, 7.76838703587e-07, 6.99886072653e-07, 3.80053080562e-07, 2.64644512527e-07, 2.48022388405e-07],
        "dmean2": [0.00130500295199, 0.00139945547562, 0.00132243393455, 0.000809770775959, 0.000434064801084, 0.000291663745884, 0.000302589556668, 0.000242477530264, 0.000410189968534, 0.000165703750099, 0.000121931814647, 5.50062286493e-05, 2.35497536778e-05, 4.47248785349e-05, 3.34809119522e-05, 4.21950353484e-05, 2.60038013948e-05, 1.65236288012e-05, 1.38262457767e-05, 1.49157740452e-05, 1.25168062368e-05, 1.3051921087e-05, 1.34051124405e-05, 7.47284639147e-06, 4.7091880333e-06, 4.91403352498e-06, 4.74371154269e-06, 2.31200624512e-06, 1.67026530562e-06, 1.65286871834e-06, 1.43460727031e-06, 1.08558310785e-06, 1.29214879507e-06, 1.01762293525e-06, 9.98320388135e-07, 1.12983570943e-06, 1.02713636352e-06, 5.45997579593e-07, 3.8964000737e-07, 3.76115650624e-07],
        "dvar": [1.97682174985e-06, 3.03937440549e-06, 1.54926772211e-06, 6.80591597302e-07, 2.01909358566e-07, 1.0900181735e-07, 1.19851648606e-07, 9.8497544343e-08, 2.7617500109e-07, 5.53202319509e-08, 6.64808652573e-08, 1.21280558929e-08, 8.75700956193e-10, 4.33118163556e-09, 2.31198171718e-09, 7.08329483956e-09, 2.70799782598e-09, 5.09497444234e-10, 4.40953357161e-10, 7.27329529937e-10, 2.27838206635e-10, 2.45237607999e-10, 3.518087488e-10, 8.7371804236e-11, 3.17861778565e-11, 4.50566771393e-11, 3.0493318981e-10, 4.75130247646e-11, 1.1591701557e-11, 8.51296550614e-12, 1.72878933391e-11, 1.05289596486e-11, 7.91365497438e-12, 4.48650188181e-12, 4.0542972625e-12, 5.12799178121e-12, 5.03387262429e-12, 2.87986149684e-12, 1.10313190874e-12, 6.25589857695e-13],
        "dvar2": [5.52500750928e-06, 7.94540028437e-06, 4.45242631031e-06, 1.60222612067e-06, 5.25969539922e-07, 2.46209538091e-07, 2.67315840574e-07, 2.42240531634e-07, 6.58763497086e-07, 1.04192139361e-07, 1.53739847519e-07, 2.32550121382e-08, 1.94509230944e-09, 9.10459707626e-09, 4.49095205468e-09, 1.65837814592e-08, 5.09886000088e-09, 1.3230236906e-09, 9.75713398965e-10, 1.51973833518e-09, 5.90169857428e-10, 6.0494709242e-10, 8.78087380585e-10, 2.07615480363e-10, 7.48749742763e-11, 9.41638780838e-11, 6.29698293508e-10, 1.3433083812e-10, 3.14890440112e-11, 2.0606278836e-11, 4.61197781354e-11, 2.22508921011e-11, 2.23743888e-11, 1.03147551264e-11, 7.62094293921e-12, 9.14961943016e-12, 9.74477876864e-12, 5.6477717468e-12, 1.89202126188e-12, 1.40569164381e-12],
        "max": [0.0215161256492, 0.0192058775574, 0.0128360977396, 0.0129183446988, 0.00493948860094, 0.00600051507354, 0.00510747311637, 0.0048032971099, 0.00664534326643, 0.00420357566327, 0.00724468287081, 0.00387719040737, 0.000520329631399, 0.0011981644202, 0.00095379864797, 0.00202223332599, 0.0012364879949, 0.00045249494724, 0.000444501405582, 0.00071931007551, 0.00029335115687, 0.000260097964201, 0.000310180010274, 0.000203870964469, 7.95454325271e-05, 9.557971498e-05, 0.000589796341956, 0.00017302291235, 6.19813799858e-05, 5.99410777795e-05, 0.000111107969133, 9.95661539491e-05, 6.46649859846e-05, 5.45660695934e-05, 4.50977277069e-05, 5.66201197216e-05, 6.32135124761e-05, 4.941856605e-05, 2.78143616015e-05, 1.29286499941e-05],
        "mean": [0.00215685996227, 0.00138044683263, 0.00132813595701, 0.00114637357183, 0.000674739363603, 0.000529652810656, 0.000458633410744, 0.00034775750828, 0.000490260252263, 0.000270022981567, 0.000194862819626, 8.64070243551e-05, 3.1069816032e-05, 5.85495326959e-05, 4.3312444177e-05, 5.08852863277e-05, 3.11292533297e-05, 1.90448008652e-05, 1.68751739693e-05, 1.81900304597e-05, 1.65422716236e-05, 1.82884450624e-05, 1.68957976712e-05, 9.7118636404e-06, 6.22538937023e-06, 6.50729725749e-06, 5.13399891133e-06, 1.63931531461e-06, 1.25845735965e-06, 1.39847065839e-06, 1.23247809825e-06, 1.1154453432e-06, 1.28781334752e-06, 1.28242834307e-06, 1.28841531932e-06, 1.62694345818e-06, 1.45098488247e-06, 6.84400788487e-07, 4.19347628622e-07, 3.85731510733e-07],
        "median": [0.00136576709338, 0.000864835164975, 0.000857128296047, 0.000634775438812, 0.000432844506577, 0.000231366138905, 0.000236118416069, 0.000123569479911, 0.000195232161786, 4.43908684247e-05, 2.63590191025e-05, 2.16392800212e-05, 1.184318171e-05, 1.77476340468e-05, 1.20661570691e-05, 9.40178415476e-06, 9.14999418455e-06, 7.38754533813e-06, 5.91218895352e-06, 5.47485160496e-06, 6.27236750006e-06, 6.04045362707e-06, 4.21162667408e-06, 3.35486333825e-06, 2.40536905949e-06, 2.01852299142e-06, 1.59026171787e-06, 4.70880564762e-07, 3.64091533811e-07, 3.45242852973e-07, 3.02180581002e-07, 3.09563745304e-07, 3.2513082715e-07, 3.69567686676e-07, 3.04296577269e-07, 3.87824002246e-07, 2.67719769909e-07, 1.05835454178e-07, 5.36894440017e-08, 6.08908479194e-08],
        "min": [7.1217781672e-10, 3.20705212387e-10, 5.46643841304e-10, 1.50168932844e-10, 3.0076437868e-11, 8.58143139881e-11, 8.31635454945e-11, 3.33888854065e-11, 8.1284501699e-12, 2.23523933737e-12, 3.23385871033e-12, 2.34425413109e-12, 1.01616751038e-12, 2.58643822505e-12, 1.8486709559e-12, 8.01275061926e-13, 2.39189267351e-12, 9.71796861732e-13, 3.96224719701e-13, 2.01113431464e-13, 2.72848096113e-13, 4.01176027077e-13, 2.67564318141e-13, 3.22972253325e-13, 2.36339295573e-13, 1.04957526231e-13, 2.96803244959e-13, 1.55326950304e-13, 4.50784944312e-13, 4.63350115654e-13, 1.93717112663e-13, 1.15589002671e-13, 1.71078117493e-13, 1.28133533514e-13, 1.10249984597e-13, 5.81201075765e-14, 6.51874997666e-14, 1.22367841229e-13, 1.33701182721e-13, 1.01128097053e-13],
        "var": [5.84521603741e-06, 3.44385875906e-06, 2.22410403694e-06, 2.37751851273e-06, 5.83804762755e-07, 6.10939423495e-07, 4.20026935899e-07, 3.2227740121e-07, 5.64970207506e-07, 2.97078003086e-07, 2.99918610835e-07, 7.38936734024e-08, 2.56719645542e-09, 1.67117324423e-08, 8.00339439166e-09, 2.08777564126e-08, 6.17234796607e-09, 1.45401390927e-09, 1.31938682202e-09, 2.587893011e-09, 8.17650336327e-10, 8.77469763516e-10, 9.52157352963e-10, 3.38802097488e-10, 9.9220416605e-11, 1.40911851632e-10, 4.25361995626e-10, 3.5992472891e-11, 1.21055162422e-11, 1.64183874829e-11, 2.85709893244e-11, 2.04166284573e-11, 1.15159097536e-11, 8.58414641453e-12, 1.13554851286e-11, 1.68237680731e-11, 1.56410405461e-11, 7.58056031142e-12, 3.21647331165e-12, 1.33220377004e-12]
    },
    "mfcc": {
        "mean": [-675.503662109, 149.684631348, 14.9638366699, 23.1421852112, 10.9232501984, -0.434475064278, -10.0094461441, 8.37002468109, -7.23882102966, 4.73486948013, 1.52237558365, 2.68959546089, -2.17243266106],
        "cov": [[9153.59082031, -717.608337402, -906.957885742, -369.409393311, -514.233459473, -291.794830322, -303.29977417, 412.744567871, -357.600219727, 77.5255508423, -23.8483924866, 6.15744447708, -175.708404541], [-717.608337402, 919.746032715, -116.926712036, 31.4413089752, 57.0366744995, 8.64005088806, 65.4374084473, 68.3006286621, -24.8978099823, -13.9895343781, 47.0155487061, 1.01450848579, -0.504979670048], [-906.957885742, -116.926712036, 592.741027832, 44.4157142639, 217.723251343, 116.047431946, 65.9238739014, -64.5187759399, 117.09563446, 39.6059303284, 12.9969043732, 57.4262886047, 68.681678772], [-369.409393311, 31.4413089752, 44.4157142639, 245.935760498, 71.6278839111, 60.2245178223, 12.2998971939, -73.7331848145, 97.1989974976, -15.1433200836, -19.6933021545, -6.91908740997, 67.8850402832], [-514.233459473, 57.0366744995, 217.723251343, 71.6278839111, 352.989685059, 84.0581741333, -19.0695152283, -50.1477546692, 87.3603134155, -2.68051409721, 17.9306583405, 27.0345039368, 69.8920135498], [-291.794830322, 8.64005088806, 116.047431946, 60.2245178223, 84.0581741333, 126.598312378, 60.0047531128, -15.9514541626, 50.3693695068, 16.2515392303, 20.4083080292, 22.4304332733, 25.7985992432], [-303.29977417, 65.4374084473, 65.9238739014, 12.2998971939, -19.0695152283, 60.0047531128, 218.402862549, 8.5594997406, 34.6054763794, 17.9819660187, 43.818775177, 18.9852619171, 11.842467308], [412.744567871, 68.3006286621, -64.5187759399, -73.7331848145, -50.1477546692, -15.9514541626, 8.5594997406, 194.510116577, -62.1053352356, 32.2741355896, 26.7531890869, 30.3483734131, -48.0465164185], [-357.600219727, -24.8978099823, 117.09563446, 97.1989974976, 87.3603134155, 50.3693695068, 34.6054763794, -62.1053352356, 151.450866699, 5.44008874893, 2.15013957024, -2.14399909973, 56.9326248169], [77.5255508423, -13.9895343781, 39.6059303284, -15.1433200836, -2.68051409721, 16.2515392303, 17.9819660187, 32.2741355896, 5.44008874893, 98.2775878906, 32.2340164185, 20.7319221497, -7.71176052094], [-23.8483924866, 47.0155487061, 12.9969043732, -19.6933021545, 17.9306583405, 20.4083080292, 43.818775177, 26.7531890869, 2.15013957024, 32.2340164185, 89.549987793, 31.4641838074, -11.4627246857], [6.15744447708, 1.01450848579, 57.4262886047, -6.91908740997, 27.0345039368, 22.4304332733, 18.9852619171, 30.3483734131, -2.14399909973, 20.7319221497, 31.4641838074, 73.1705169678, 6.32875347137], [-175.708404541, -0.504979670048, 68.681678772, 67.8850402832, 69.8920135498, 25.7985992432, 11.842467308, -48.0465164185, 56.9326248169, -7.71176052094, -11.4627246857, 6.32875347137, 89.3566513062]],
