{
"lowlevel": {
    "average_loudness": 0.933227300644,
    "barkbands_crest": {
        "dmean": 1.59696257114,
        "dmean2": 2.55100917816,
        "dvar": 2.25343084335,
        "dvar2": 6.1899189949,
        "max": 21.7201919556,
        "mean": 10.5099611282,
        "median": 9.96593666077,
        "min": 2.55853962898,
        "var": 10.0695638657
    },
    "barkbands_flatness_db": {
        "dmean": 0.0169889498502,
        "dmean2": 0.0275573842227,
        "dvar": 0.000243333764956,
        "dvar2": 0.000587629212532,
        "max": 0.390788406134,
        "mean": 0.25082603097,
        "median": 0.24801568687,
        "min": 0.0295393783599,
        "var": 0.00171708140988
    },
    "barkbands_kurtosis": {
        "dmean": 1.36226594448,
        "dmean2": 2.11024284363,
        "dvar": 4.99322652817,
        "dvar2": 12.6152887344,
        "max": 45.3803863525,
        "mean": 3.69908618927,
        "median": 3.08133172989,
        "min": -1.79447448254,
        "var": 16.1661586761
    },
    "barkbands_skewness": {
        "dmean": 0.262691378593,
        "dmean2": 0.392380058765,
        "dvar": 0.0869487822056,
        "dvar2": 0.190909966826,
        "max": 5.74187517166,
        "mean": 1.3016217947,
        "median": 1.36819756031,
        "min": -1.86239039898,
        "var": 0.947656929493
    },
    "barkbands_spread": {
        "dmean": 1.5123860836,
        "dmean2": 2.37017345428,
        "dvar": 8.55175495148,
        "dvar2": 17.5622062683,
        "max": 75.4623641968,
        "mean": 9.55707931519,
        "median": 8.84177780151,
        "min": 1.77222955227,
        "var": 26.9825057983
    },
    "dissonance": {
        "dmean": 0.0263665225357,
        "dmean2": 0.0442657470703,
        "dvar": 0.000597131904215,
        "dvar2": 0.00159737362992,
        "max": 0.499218016863,
        "mean": 0.416815936565,
        "median": 0.423205822706,
        "min": 0.257802754641,
        "var": 0.00179835432209
    },
    "dynamic_complexity": 3.94316315651,
    "erbbands_crest": {
        "dmean": 1.84284830093,
        "dmean2": 2.77665090561,
        "dvar": 3.43151450157,
        "dvar2": 7.93764352798,
        "max": 27.9077072144,
        "mean": 10.3848619461,
        "median": 9.78096485138,
        "min": 3.18899440765,
        "var": 15.5091724396
    },
    "erbbands_flatness_db": {
        "dmean": 0.01147833094,
        "dmean2": 0.0169984232634,
        "dvar": 0.000140894408105,
        "dvar2": 0.000287078117253,
        "max": 0.380133122206,
        "mean": 0.245510771871,
        "median": 0.251906692982,
        "min": 0.0795070827007,
        "var": 0.00149711570702
    },
    "erbbands_kurtosis": {
        "dmean": 0.759729743004,
        "dmean2": 1.14768266678,
        "dvar": 0.78219050169,
        "dvar2": 1.83884489536,
        "max": 12.6330404282,
        "mean": 1.24319458008,
        "median": 0.641034841537,
        "min": -1.52938508987,
        "var": 4.29028224945
    },
    "erbbands_skewness": {
        "dmean": 0.246620327234,
        "dmean2": 0.366695076227,
        "dvar": 0.0578573122621,
        "dvar2": 0.122409954667,
        "max": 2.6056098938,
        "mean": 0.68004244566,
        "median": 0.670933127403,
        "min": -2.06885552406,
        "var": 0.292308419943
    },
    "erbbands_spread": {
        "dmean": 3.0873131752,
        "dmean2": 4.57163095474,
        "dvar": 16.1471309662,
        "dvar2": 34.8987007141,
        "max": 86.1282119751,
        "mean": 21.3460063934,
        "median": 20.1183986664,
        "min": 4.36241579056,
        "var": 109.488632202
    },
    "hfc": {
        "dmean": 2.14413881302,
        "dmean2": 2.98664426804,
        "dvar": 13.9536266327,
        "dvar2": 29.2278308868,
        "max": 94.0736999512,
        "mean": 14.6005535126,
        "median": 10.0173473358,
        "min": 1.19289039625e-16,
        "var": 170.238342285
    },
    "melbands_crest": {
        "dmean": 1.89425909519,
        "dmean2": 3.06932830811,
        "dvar": 3.43495059013,
        "dvar2": 9.86995887756,
        "max": 28.5152797699,
        "mean": 13.2910614014,
        "median": 12.3605422974,
        "min": 2.34714055061,
        "var": 16.6848316193
    },
    "melbands_flatness_db": {
        "dmean": 0.016823220998,
        "dmean2": 0.0251515787095,
        "dvar": 0.000372146110749,
        "dvar2": 0.000729489256628,
        "max": 0.498953014612,
        "mean": 0.318725079298,
        "median": 0.313229620457,
        "min": 0.00727656204253,
        "var": 0.00356953614391
    },
    "melbands_kurtosis": {
        "dmean": 2.432254076,
        "dmean2": 3.74301457405,
        "dvar": 19.0325241089,
        "dvar2": 45.7612762451,
        "max": 92.7151641846,
        "mean": 7.36632728577,
        "median": 5.86460018158,
        "min": -1.53021562099,
        "var": 63.923324585
    },
    "melbands_skewness": {
        "dmean": 0.337791383266,
        "dmean2": 0.508323729038,
        "dvar": 0.134426429868,
        "dvar2": 0.307215601206,
        "max": 7.88790464401,
        "mean": 1.85670876503,
        "median": 1.82669913769,
        "min": -0.697514414787,
        "var": 1.36674964428
    },
    "melbands_spread": {
        "dmean": 1.85936653614,
        "dmean2": 2.65012335777,
        "dvar": 17.7758541107,
        "dvar2": 17.4860630035,
        "max": 137.878356934,
        "mean": 11.7028541565,
        "median": 9.86802101135,
        "min": 1.5492503643,
        "var": 88.857170105
    },
    "pitch_salience": {
        "dmean": 0.0469715632498,
        "dmean2": 0.0753852054477,
        "dvar": 0.00180403934792,
        "dvar2": 0.00467966450378,
        "max": 0.826641440392,
        "mean": 0.533432364464,
        "median": 0.537348270416,
        "min": 0.210702121258,
        "var": 0.00717143528163
    },
    "silence_rate_20dB": {
        "dmean": 0,
        "dmean2": 0,
        "dvar": 0,
        "dvar2": 0,
        "max": 1,
        "mean": 1,
        "median": 1,
        "min": 1,
        "var": 0
    },
    "silence_rate_30dB": {
        "dmean": 0,
        "dmean2": 0,
        "dvar": 0,
        "dvar2": 0,
        "max": 1,
        "mean": 1,
        "median": 1,
        "min": 1,
        "var": 0
    },
    "silence_rate_60dB": {
        "dmean": 0.00464396271855,
        "dmean2": 0.00929511990398,
        "dvar": 0.00462239980698,
        "dvar2": 0.0107578691095,
        "max": 1,
        "mean": 0.0711523592472,
        "median": 0,
        "min": 0,
        "var": 0.0660891458392
    },
    "spectral_centroid": {
        "dmean": 72.0396652222,
        "dmean2": 103.42061615,
        "dvar": 55054.7617188,
        "dvar2": 47323.1523438,
        "max": 10449.7890625,
        "mean": 596.224304199,
        "median": 540.213928223,
        "min": 236.314666748,
        "var": 155080.25
    },
    "spectral_complexity": {
        "dmean": 1.61919510365,
        "dmean2": 2.65685510635,
        "dvar": 2.18316149712,
        "dvar2": 5.54687261581,
        "max": 27,
        "mean": 13.8236656189,
        "median": 15,
        "min": 0,
        "var": 23.3347396851
    },
    "spectral_decrease": {
        "dmean": 1.48661050137e-09,
        "dmean2": 2.30680008428e-09,
        "dvar": 3.32133281865e-18,
        "dvar2": 8.26791754947e-18,
        "max": 9.37438094858e-29,
        "mean": -9.40968103436e-09,
        "median": -9.44248679247e-09,
        "min": -2.87691506173e-08,
        "var": 2.66763547248e-17
    },
    "spectral_energy": {
        "dmean": 0.00576452771202,
        "dmean2": 0.00892481207848,
        "dvar": 4.98688714288e-05,
        "dvar2": 0.000123850171803,
        "max": 0.117114186287,
        "mean": 0.0368385799229,
        "median": 0.0367432385683,
        "min": 1.04660586045e-20,
        "var": 0.000417145754909
    },
    "spectral_energyband_high": {
        "dmean": 3.56811506208e-05,
        "dmean2": 4.29031279054e-05,
        "dvar": 6.4556068935e-08,
        "dvar2": 6.08207741948e-08,
        "max": 0.0104688117281,
        "mean": 8.1197853433e-05,
        "median": 2.37857275351e-05,
        "min": 7.6256811319e-21,
        "var": 2.48983042184e-07
    },
    "spectral_energyband_low": {
        "dmean": 0.00316020729952,
        "dmean2": 0.00511349271983,
        "dvar": 2.40440149355e-05,
        "dvar2": 6.05271306995e-05,
        "max": 0.0722561776638,
        "mean": 0.0139629356563,
        "median": 0.0131450593472,
        "min": 9.81986424158e-23,
        "var": 9.17251309147e-05
    },
    "spectral_energyband_middle_high": {
        "dmean": 0.00102802214678,
        "dmean2": 0.00137467752211,
        "dvar": 8.73104363563e-06,
        "dvar2": 2.22432972805e-05,
        "max": 0.0750172138214,
        "mean": 0.00469455262646,
        "median": 0.00188767339569,
        "min": 1.41707580281e-21,
        "var": 4.70068553113e-05
    },
    "spectral_energyband_middle_low": {
        "dmean": 0.00390464044176,
        "dmean2": 0.00607848167419,
        "dvar": 1.98675897991e-05,
        "dvar2": 4.95976310049e-05,
        "max": 0.0624958015978,
        "mean": 0.0191133115441,
        "median": 0.017693310976,
        "min": 3.59526449889e-22,
        "var": 0.000162261756486
    },
    "spectral_entropy": {
        "dmean": 0.122248105705,
        "dmean2": 0.181854471564,
        "dvar": 0.0178791433573,
        "dvar2": 0.0354854911566,
        "max": 9.79831123352,
        "mean": 6.56193971634,
        "median": 6.5231795311,
        "min": 5.76315021515,
        "var": 0.115367658436
    },
    "spectral_flux": {
        "dmean": 0.0149632049724,
        "dmean2": 0.0245333854109,
        "dvar": 0.000379789707949,
        "dvar2": 0.000917145574931,
        "max": 0.271992772818,
        "mean": 0.0554590672255,
        "median": 0.0496385581791,
        "min": 1.02303755745e-10,
        "var": 0.00111841561738
    },
    "spectral_kurtosis": {
        "dmean": 8.07769393921,
        "dmean2": 14.1778354645,
        "dvar": 69.8259506226,
        "dvar2": 212.686386108,
        "max": 65.6257171631,
        "mean": 16.7119941711,
        "median": 13.5678710938,
        "min": -1.22726225853,
        "var": 140.414413452
    },
    "spectral_rms": {
        "dmean": 0.0004506004625,
        "dmean2": 0.000690752523951,
        "dvar": 2.53470432199e-07,
        "dvar2": 6.08614641351e-07,
        "max": 0.0106891412288,
        "mean": 0.00563896587119,
        "median": 0.00598724139854,
        "min": 3.19543263377e-12,
        "var": 4.14220676248e-06
    },
    "spectral_rolloff": {
        "dmean": 88.1990966797,
        "dmean2": 133.335174561,
        "dvar": 167881.984375,
        "dvar2": 147583.96875,
        "max": 19164.5507812,
        "mean": 614.071411133,
        "median": 495.263671875,
        "min": 107.666015625,
        "var": 545439.875
    },
    "spectral_skewness": {
        "dmean": 0.581113040447,
        "dmean2": 1.00664615631,
        "dvar": 0.287679642439,
        "dvar2": 0.87399148941,
        "max": 5.86517047882,
        "mean": 2.81959891319,
        "median": 2.70275354385,
        "min": -0.0922636985779,
        "var": 0.72967249155
    },
    "spectral_spread": {
        "dmean": 311051.75,
        "dmean2": 471417.0625,
        "dvar": 1.13338600653e+12,
        "dvar2": 1.23483324416e+12,
        "max": 41679104,
        "mean": 2226429.25,
        "median": 2116892.5,
        "min": 822769.4375,
        "var": 1.96222268211e+12
    },
    "spectral_strongpeak": {
        "dmean": 0.383473068476,
        "dmean2": 0.674241304398,
        "dvar": 0.461663782597,
        "dvar2": 1.11188530922,
        "max": 8.88358211517,
        "mean": 1.10639715195,
        "median": 0.38311585784,
        "min": 0,
        "var": 2.00005936623
    },
    "zerocrossingrate": {
        "dmean": 0.00369687867351,
        "dmean2": 0.00452577322721,
        "dvar": 0.000215922627831,
        "dvar2": 0.000210703481571,
        "max": 0.5009765625,
        "mean": 0.0251546036452,
        "median": 0.0224609375,
        "min": 0.00439453125,
        "var": 0.000686808896717
    },
    "barkbands": {
        "dmean": [0.000150647290866, 0.0023750688415, 0.000900169659872, 0.00141188164707, 0.00179241073783, 0.00104604591615, 0.000953520881012, 0.000758219452109, 0.000800723733846, 0.000326141307596, 0.000591149437241, 0.000260612810962, 0.000138553543366, 0.000171197243617, 0.000133583380375, 4.34083158325e-05, 4.88772384415e-05, 2.84235375148e-05, 9.60915895121e-06, 1.15408747661e-05, 1.78601148946e-05, 5.92858441451e-06, 7.77836248744e-06, 7.01110138834e-06, 8.20952834601e-07, 2.24254548264e-09, 1.49515488879e-09],
        "dmean2": [0.000252245197771, 0.00372980465181, 0.00146394385956, 0.00231017661281, 0.00285573489964, 0.00159653590526, 0.00142864149529, 0.00100625073537, 0.00104144483339, 0.000472736428492, 0.000778608315159, 0.000366505002603, 0.000202394017833, 0.000253052014159, 0.000207006174605, 6.7474640673e-05, 7.79094189056e-05, 4.58335089206e-05, 1.49671050167e-05, 1.75162640517e-05, 2.36752566707e-05, 8.97143490874e-06, 1.15611192086e-05, 1.12659445222e-05, 1.19290496059e-06, 4.00276389811e-09, 2.77441603025e-09],
        "dvar": [2.11013315266e-07, 1.74267406692e-05, 1.56376120231e-06, 5.81971653446e-06, 6.64473009238e-06, 2.54584278991e-06, 4.30307454735e-06, 3.08634207613e-06, 3.8224598029e-06, 6.61762953769e-07, 6.47495107842e-06, 6.67290407819e-07, 1.64961562632e-07, 1.74574608991e-07, 1.9345655744e-07, 6.98147761824e-09, 6.33560270913e-09, 3.32102345624e-09, 3.02213504222e-10, 1.9158252762e-09, 2.46895535128e-08, 1.40661837733e-09, 2.71618016967e-09, 3.54475426789e-09, 5.67135748086e-11, 2.19838520849e-16, 3.76194256605e-18],
        "dvar2": [5.23648850503e-07, 4.82586256112e-05, 3.90810509998e-06, 1.7824679162e-05, 1.78870704985e-05, 5.86701708016e-06, 9.60670695349e-06, 5.59845284442e-06, 6.38529627395e-06, 1.31984972995e-06, 1.68471578945e-05, 1.06341019546e-06, 3.59102955372e-07, 3.66277873809e-07, 4.40490964593e-07, 1.51568553264e-08, 1.62725459774e-08, 8.43111358506e-09, 7.22468418424e-10, 4.05115097024e-09, 3.0523306549e-08, 2.16548046161e-09, 4.88681717314e-09, 8.600789414e-09, 1.25942312135e-10, 6.03234736299e-16, 1.18914467428e-17],
        "max": [0.00754379620776, 0.050807826221, 0.0194409247488, 0.0294610075653, 0.0250762440264, 0.0293018110096, 0.037632599473, 0.0369253531098, 0.0404779538512, 0.0123610068113, 0.061019744724, 0.0306059625, 0.00870938133448, 0.0098911691457, 0.0110078491271, 0.00249206204899, 0.00101470050868, 0.000921615457628, 0.000424200465204, 0.00127437117044, 0.00580173451453, 0.00123679405078, 0.00201251730323, 0.002153147012, 0.000280959706288, 4.44335256589e-07, 1.12254463502e-08],
        "mean": [0.00051061360864, 0.010602501221, 0.00185802590568, 0.00240942602977, 0.00472624786198, 0.00335084507242, 0.00258598895743, 0.00253049330786, 0.00345820165239, 0.00088439474348, 0.00186564377509, 0.000716798822396, 0.000283889443381, 0.000403034995543, 0.000269044801826, 9.57990050665e-05, 0.000108596883365, 5.87092908972e-05, 2.23904153245e-05, 2.49856911978e-05, 3.06364927383e-05, 1.18496373034e-05, 1.61318348546e-05, 1.32952081913e-05, 1.09231223178e-06, 2.03746974847e-09, 1.17687093404e-09],
        "median": [6.74837792758e-05, 0.0100499419495, 0.00127190514468, 0.00134912622161, 0.00319046992809, 0.00215175771154, 0.000670407665893, 0.00087255728431, 0.000653276103549, 0.000236578620388, 0.000201136703254, 0.000191262210137, 0.000124949059682, 0.000152236345457, 0.000160605413839, 4.96870015922e-05, 4.69546903332e-05, 2.6242212698e-05, 1.53516775754e-05, 8.79160143086e-06, 4.34342655353e-06, 2.52286213254e-06, 4.06244998885e-06, 2.11553560803e-06, 5.33455022378e-08, 7.28514859549e-10, 4.88468598903e-10],
        "min": [2.0912835126e-23, 4.59634160939e-23, 3.49574212263e-23, 1.32869798641e-23, 5.59888158355e-23, 2.92261321797e-23, 5.06255935101e-23, 6.60219905903e-23, 1.25815678209e-22, 1.73310961207e-22, 1.68544979162e-22, 2.11468617576e-23, 4.98560691634e-23, 9.88121237646e-23, 5.46070028978e-23, 1.01378023232e-22, 1.4969841056e-22, 2.78221572992e-22, 2.08821389705e-22, 3.0876795856e-22, 3.28938765875e-22, 4.05839047374e-22, 6.8991785579e-22, 7.59560011116e-22, 1.10930322263e-21, 1.54556778946e-21, 2.85625122202e-21],
        "var": [7.27047165583e-07, 5.86301575822e-05, 4.76156446894e-06, 9.29655652726e-06, 2.09872086998e-05, 1.43396509884e-05, 2.24026462092e-05, 1.78721948032e-05, 4.21952572651e-05, 3.68991527466e-06, 2.17715623876e-05, 4.18777062805e-06, 4.63757459102e-07, 7.00067573689e-07, 2.56109387919e-07, 2.76680971467e-08, 1.94570297651e-08, 7.70687691443e-09, 7.8032130757e-10, 8.7595317666e-09, 7.34171976546e-08, 4.03753075418e-09, 6.83308920557e-09, 6.31417274022e-09, 8.90403445419e-11, 1.6663902841e-16, 3.01765930615e-18]
    },
    "erbbands": {
        "dmean": [0.0736674442887, 0.534431695938, 0.996853411198, 2.56752896309, 5.60096645355, 7.10264492035, 6.75178146362, 10.1824407578, 8.37902164459, 17.0177574158, 18.0068759918, 14.3387737274, 10.0455913544, 22.0970134735, 11.788025856, 8.85525417328, 5.90430307388, 8.3138217926, 6.92798089981, 4.03813266754, 2.2974691391, 3.08327388763, 1.71895122528, 0.740736365318, 0.446673840284, 0.481499314308, 0.855940580368, 0.455384850502, 0.191380560398, 0.252392083406, 0.206889405847, 0.175595104694, 0.0892602577806, 0.0211233459413, 0.00115385313984, 5.71737728023e-05, 6.24830499873e-06, 1.50550863509e-06, 2.72475631391e-06, 6.38918845652e-06],
        "dmean2": [0.119200758636, 0.840991914272, 1.64782738686, 4.11076164246, 9.10611438751, 11.2408218384, 9.64524555206, 16.4359607697, 12.0145168304, 25.9511756897, 22.8789424896, 18.4338130951, 13.5292329788, 29.0247077942, 15.4686422348, 12.7403011322, 8.36209011078, 12.2783784866, 10.3303909302, 6.47590875626, 3.64479112625, 4.91789293289, 2.7811524868, 1.18646919727, 0.704514801502, 0.741615772247, 1.08607625961, 0.568038880825, 0.283476293087, 0.38615244627, 0.294801741838, 0.264455378056, 0.142849639058, 0.0318958908319, 0.00172481918707, 8.60421787365e-05, 9.68756012298e-06, 2.43632371166e-06, 4.13593716075e-06, 9.85108181339e-06],
        "dvar": [0.0325662046671, 0.67213088274, 1.55978167057, 15.2245702744, 77.2413253784, 159.289505005, 98.7717437744, 333.153717041, 400.854309082, 1594.46252441, 1698.74536133, 1704.13696289, 698.628845215, 8688.2890625, 2249.34814453, 941.592224121, 228.573486328, 477.242126465, 742.92401123, 41.6190605164, 12.7740774155, 25.4164562225, 13.2299003601, 2.56732273102, 0.905867755413, 3.86286902428, 40.8210639954, 19.576002121, 1.9535998106, 1.70175385475, 2.03309822083, 1.45181119442, 0.897349834442, 0.0492671057582, 5.49111937289e-05, 1.3895665063e-07, 1.01423125454e-09, 3.1852853688e-11, 1.21194217856e-11, 6.072874148e-11],
        "dvar2": [0.0854395180941, 1.96422839165, 4.00072669983, 45.9008750916, 220.012496948, 406.274688721, 198.383758545, 833.441711426, 817.513061523, 3606.82226562, 3137.67895508, 3161.73095703, 1144.9309082, 22931.1425781, 3763.06616211, 2120.10205078, 447.998168945, 902.021179199, 1667.95019531, 98.9772949219, 30.0412750244, 64.6730575562, 33.4999351501, 6.35271310806, 2.07017397881, 8.51337528229, 49.9607048035, 27.3479156494, 2.72090554237, 3.92273807526, 3.47673654556, 2.5269985199, 2.21711659431, 0.116366706789, 0.000122967394418, 3.06127134309e-07, 2.1525001781e-09, 6.11668493633e-11, 2.80973005279e-11, 1.50225790141e-10],
        "max": [2.26507329941, 9.54584789276, 17.8758640289, 49.8275222778, 99.635307312, 121.528877258, 225.630844116, 359.048034668, 410.490325928, 790.88067627, 1040.9432373, 1216.46557617, 824.926208496, 2363.65014648, 1735.22045898, 841.640136719, 418.273010254, 536.518249512, 760.521362305, 103.6588974, 73.7302780151, 64.5036468506, 66.3608779907, 35.6366462708, 26.4198284149, 48.9814147949, 240.953887939, 169.77130127, 45.6098403931, 43.5983276367, 56.8192558289, 43.1272735596, 33.5543861389, 7.99858808517, 0.255629509687, 0.013402396813, 0.00123119738419, 0.000225433366722, 7.09095766069e-05, 0.00013677404786],
        "mean": [0.357793360949, 2.12109446526, 2.59364771843, 5.18100500107, 10.9483642578, 18.5447616577, 24.1565151215, 27.6171474457, 25.1220111847, 48.4505310059, 83.4000930786, 60.5601005554, 33.8092727661, 73.816078186, 36.5278320312, 24.4864959717, 16.3202571869, 21.758436203, 15.0758466721, 10.1830158234, 5.35392045975, 7.19939613342, 3.68149399757, 1.76772844791, 1.20901226997, 1.04645299911, 1.46204292774, 0.773093760014, 0.37301081419, 0.536769151688, 0.425667583942, 0.400366514921, 0.134155139327, 0.0286962743849, 0.00154643610585, 9.76649971562e-05, 1.93774449144e-05, 3.98839392801e-06, 1.79171838681e-05, 4.13244670199e-05],
        "median": [0.267712533474, 2.01421260834, 2.16011619568, 3.23283481598, 6.49597501755, 9.2918214798, 17.614906311, 17.7428188324, 10.1270017624, 15.298915863, 21.4768428802, 13.7010593414, 13.6855449677, 12.5415782928, 6.97234725952, 7.68238687515, 7.82953453064, 7.89118432999, 8.0740737915, 6.40370512009, 3.35361170769, 3.09451651573, 1.709872365, 1.12656676769, 0.724776983261, 0.346503376961, 0.266020774841, 0.118439629674, 0.0784804746509, 0.155227437615, 0.105366319418, 0.0666215121746, 0.022401297465, 0.0039455043152, 0.000164916898939, 3.6622845073e-05, 1.54069275595e-05, 2.82897758552e-06, 1.72977033799e-05, 4.07256593462e-05],
        "min": [8.87618010671e-22, 1.19067503532e-20, 4.13552953902e-20, 4.08029164556e-20, 1.11978541449e-19, 2.11668513567e-19, 2.45503224999e-19, 2.05000106586e-19, 5.32729440095e-19, 1.33520826821e-18, 1.54129576833e-18, 3.26220780962e-18, 2.30528888107e-18, 7.76816976495e-18, 6.04864655991e-18, 1.50128131979e-18, 2.57483230112e-18, 4.29304504527e-18, 3.08199121034e-18, 3.92471847571e-18, 6.13068674665e-18, 9.059439233e-18, 1.61219337728e-17, 9.45062287084e-18, 1.25052337825e-17, 1.35690782129e-17, 1.29803522643e-17, 1.31377051779e-17, 1.70161557196e-17, 1.75499783823e-17, 1.98863202439e-17, 1.43009353589e-17, 1.26768257831e-17, 1.07218092208e-17, 9.48875424272e-18, 5.4815464212e-18, 3.28867055819e-18, 1.5345176436e-18, 3.55451994471e-19, 4.04467441161e-20],
        "var": [0.12493211776, 2.05038762093, 4.99337768555, 31.3835468292, 152.634094238, 507.05279541, 665.634887695, 1414.45324707, 1622.51525879, 9087.46191406, 19642.8515625, 14762.1582031, 4577.82714844, 26123.4238281, 15235.7109375, 3261.41186523, 946.52166748, 2336.72875977, 1008.40045166, 148.238220215, 43.4126586914, 88.2300033569, 30.5479621887, 5.956158638, 4.69788551331, 14.5418405533, 117.136238098, 55.83020401, 6.0772690773, 3.38526558876, 5.30239677429, 4.55899238586, 1.26922857761, 0.0690608769655, 8.75720361364e-05, 2.30677969171e-07, 1.97781435674e-09, 7.72500605151e-11, 1.05498165759e-10, 5.35699651305e-10]
    },
    "gfcc": {
        "mean": [-84.2447738647, 198.889694214, -130.866546631, 27.0221271515, -50.1457252502, 8.62606048584, -22.4664649963, -9.9674949646, 9.35763072968, -22.5147609711, 10.793211937, -16.5624656677, 4.70107984543],
        "cov": [[12673.046875, 520.017578125, -1112.43164062, 513.7109375, -493.040405273, 409.648803711, 201.334014893, 89.8411254883, 342.511932373, -269.721405029, 262.798217773, -143.509109497, 199.134246826], [520.017578125, 833.213317871, 32.461353302, -240.112792969, 377.034332275, -208.76763916, 143.921737671, -65.8795166016, 52.6455001831, -3.34888720512, 16.7284183502, 54.4724578857, -46.3631515503], [-1112.43164062, 32.461353302, 353.923583984, 39.9611053467, 104.636054993, -54.4166488647, -57.5279655457, -4.093937397, -29.3435230255, 86.0036087036, -19.8969097137, 16.8181304932, 5.43169593811], [513.7109375, -240.112792969, 39.9611053467, 364.612579346, -105.393295288, 35.7156715393, -76.7089080811, -28.2520313263, 9.27524089813, 45.8889846802, -3.32644295692, -36.2384986877, 66.8959274292], [-493.040405273, 377.034332275, 104.636054993, -105.393295288, 418.234863281, -174.097473145, 44.8022842407, -46.9065933228, -15.9314422607, 81.4675750732, -66.1804351807, 38.3869934082, -24.8088817596], [409.648803711, -208.76763916, -54.4166488647, 35.7156715393, -174.097473145, 226.031341553, 23.8664646149, 57.0790214539, 2.55866622925, -76.0474624634, 39.14635849, -27.7155685425, 8.2961473465], [201.334014893, 143.921737671, -57.5279655457, -76.7089080811, 44.8022842407, 23.8664646149, 182.339385986, 8.25918102264, 28.2030105591, -55.3730545044, 22.1753978729, 29.2337970734, -28.2592735291], [89.8411254883, -65.8795166016, -4.093937397, -28.2520313263, -46.9065933228, 57.0790214539, 8.25918102264, 106.620101929, 22.1824188232, -12.1789274216, 18.7186584473, -12.041226387, 7.26957607269], [342.511932373, 52.6455001831, -29.3435230255, 9.27524089813, -15.9314422607, 2.55866622925, 28.2030105591, 22.1824188232, 89.3670578003, -10.1856546402, 24.3285636902, 4.99140501022, -3.04521250725], [-269.721405029, -3.34888720512, 86.0036087036, 45.8889846802, 81.4675750732, -76.0474624634, -55.3730545044, -12.1789274216, -10.1856546402, 140.16368103, -14.4785318375, -2.57710146904, 17.8013381958], [262.798217773, 16.7284183502, -19.8969097137, -3.32644295692, -66.1804351807, 39.14635849, 22.1753978729, 18.7186584473, 24.3285636902, -14.4785318375, 85.6323165894, 13.0144367218, -3.25417232513], [-143.509109497, 54.4724578857, 16.8181304932, -36.2384986877, 38.3869934082, -27.7155685425, 29.2337970734, -12.041226387, 4.99140501022, -2.57710146904, 13.0144367218, 64.4991912842, 1.64484798908], [199.134246826, -46.3631515503, 5.43169593811, 66.8959274292, -24.8088817596, 8.2961473465, -28.2592735291, 7.26957607269, -3.04521250725, 17.8013381958, -3.25417232513, 1.64484798908, 67.2537765503]],
        "icov": [[0.0002319507621, -0.000722671742551, 0.000782793213148, -0.000658889359329, 0.000313364085741, -0.000587711401749, 0.000202599941986, -0.000371689500753, -0.000100264333014, -0.000259266671492, 0.000112349145638, -6.8110814027e-05, -0.000208235913306], [-0.000722671742551, 0.00680125597864, -0.00311192916706, 0.00421379506588, -0.00460749631748, 0.00444795424119, -0.00228112377226, 0.00388681795448, -0.00243997434154, 0.00348158902489, -0.00486876815557, 0.00360378506593, -0.00209432304837], [0.000782793213148, -0.00311192916706, 0.00656766025349, -0.0033042053692, 0.000656677526422, -0.00268438342027, 0.00199513975531, -0.00272836280055, 0.00114722934086, -0.00277310563251, 0.00105092860758, -0.00259163836017, 0.000899913604371], [-0.000658889359329, 0.00421379506588, -0.0033042053692, 0.00761136086658, -0.00152755703311, 0.00199905782938, -0.00107440154534, 0.00522260880098, -0.00286362459883, 0.000625110289548, -0.00212230184115, 0.00413986062631, -0.00477330386639], [0.000313364085741, -0.00460749631748, 0.000656677526422, -0.00152755703311, 0.00846497062594, -0.000545405608136, -0.000671248300932, -0.0021088225767, 0.00207033101469, -0.0045764115639, 0.00672091450542, -0.00355848483741, 0.00221531651914], [-0.000587711401749, 0.00444795424119, -0.00268438342027, 0.00199905782938, -0.000545405608136, 0.0119770327583, -0.00321714067832, -0.000866511836648, 0.000878449296579, 0.00531453778967, -0.00460284436122, 0.00464057317004, -0.00160503620282], [0.000202599941986, -0.00228112377226, 0.00199513975531, -0.00107440154534, -0.000671248300932, -0.00321714067832, 0.00950803887099, -0.00149242009502, -0.000925238244236, 0.00126486388035, 0.000301872496493, -0.00432736007497, 0.00278459163383], [-0.000371689500753, 0.00388681795448, -0.00272836280055, 0.00522260880098, -0.0021088225767, -0.000866511836648, -0.00149242009502, 0.0158554818481, -0.00549530982971, 0.000839662563521, -0.00366689334624, 0.00538118323311, -0.00498651526868], [-0.000100264333014, -0.00243997434154, 0.00114722934086, -0.00286362459883, 0.00207033101469, 0.000878449296579, -0.000925238244236, -0.00549530982971, 0.0160013437271, -0.000948011875153, -0.00058254331816, -0.0027731298469, 0.00324621913023], [-0.000259266671492, 0.00348158902489, -0.00277310563251, 0.000625110289548, -0.0045764115639, 0.00531453778967, 0.00126486388035, 0.000839662563521, -0.000948011875153, 0.0142323309556, -0.00502169178799, 0.00388685707003, -0.00328115723096], [0.000112349145638, -0.00486876815557, 0.00105092860758, -0.00212230184115, 0.00672091450542, -0.00460284436122, 0.000301872496493, -0.00366689334624, -0.00058254331816, -0.00502169178799, 0.0212385039777, -0.00845814216882, 0.004444623366], [-6.8110814027e-05, 0.00360378506593, -0.00259163836017, 0.00413986062631, -0.00355848483741, 0.00464057317004, -0.00432736007497, 0.00538118323311, -0.0027731298469, 0.00388685707003, -0.00845814216882, 0.0246608350426, -0.00767433876172], [-0.000208235913306, -0.00209432304837, 0.000899913604371, -0.00477330386639, 0.00221531651914, -0.00160503620282, 0.00278459163383, -0.00498651526868, 0.00324621913023, -0.00328115723096, 0.004444623366, -0.00767433876172, 0.0228595435619]]
    },
    "melbands": {
        "dmean": [0.000658097444102, 0.000555532227736, 0.000550171593204, 0.000439099996584, 0.000244747177931, 0.000210931975744, 0.000149660030729, 0.000178504895302, 0.000149815008626, 9.44324492593e-05, 5.13092491019e-05, 8.71495140018e-05, 5.31076875632e-05, 2.77728067886e-05, 2.23490715143e-05, 1.45544154293e-05, 1.68612241396e-05, 1.22054570966e-05, 9.59278077062e-06, 3.4893071188e-06, 2.56671819443e-06, 3.93260233977e-06, 1.59516650911e-06, 1.1975888583e-06, 6.30823876691e-07, 3.59292783969e-07, 5.10918141572e-07, 2.83809612256e-07, 4.96239294989e-07, 5.23008793607e-07, 2.32689814084e-07, 1.46258287259e-07, 1.42084189747e-07, 1.46801596657e-07, 1.11648624568e-07, 1.51002467419e-07, 1.08505815888e-07, 7.2551898711e-08, 4.01499100633e-08, 1.03076915892e-08],
        "dmean2": [0.00105008890387, 0.000900718965568, 0.000889689952601, 0.000708101433702, 0.00035746753565, 0.000334611017024, 0.000218429122469, 0.000266616261797, 0.0001919024362, 0.00012182417413, 6.87722058501e-05, 0.000115235801786, 7.25772333681e-05, 3.74901028408e-05, 3.27974485117e-05, 2.07360226341e-05, 2.44871898758e-05, 1.78585360118e-05, 1.54146437126e-05, 5.43945816389e-06, 4.05970013162e-06, 6.30053364148e-06, 2.52004792856e-06, 1.93014034267e-06, 1.01893431292e-06, 5.74349598992e-07, 8.31234785892e-07, 4.32490168123e-07, 6.88383636316e-07, 6.49548269394e-07, 3.11041731038e-07, 2.39336912955e-07, 2.25922917707e-07, 2.21600870987e-07, 1.67159853959e-07, 2.25670717668e-07, 1.7732028823e-07, 1.18577425212e-07, 6.1635688553e-08, 1.54784558504e-08],
        "dvar": [1.8127631165e-06, 4.63870691192e-07, 7.31118632302e-07, 4.08390548046e-07, 1.13590012063e-07, 1.29057539766e-07, 1.04063765605e-07, 1.58659148042e-07, 1.31349025878e-07, 6.59748735643e-08, 1.85673982855e-08, 1.22203303476e-07, 4.74675978523e-08, 1.19824417055e-08, 2.3272872518e-09, 2.30200791762e-09, 1.96497995653e-09, 2.11896256097e-09, 4.57244409002e-10, 5.97310048644e-11, 1.48387517551e-11, 4.35981424574e-11, 8.26797831588e-12, 5.96104025516e-12, 2.06539386288e-12, 2.49816389363e-13, 3.85291147945e-12, 1.45139076538e-12, 1.11606791517e-11, 2.62408966084e-11, 5.03435617846e-12, 1.38933103303e-12, 1.31595082054e-12, 3.34466531077e-13, 4.41619099146e-13, 1.48858182725e-12, 7.33182666055e-13, 6.59617054987e-13, 1.79446138938e-13, 8.78412129818e-15],
        "dvar2": [4.92766503157e-06, 1.17742308703e-06, 2.15459522224e-06, 1.14134218165e-06, 2.4038729407e-07, 3.15034327514e-07, 2.10208327189e-07, 3.50081961642e-07, 2.36720410385e-07, 1.1423281876e-07, 2.98291027434e-08, 3.20722307379e-07, 1.12299360921e-07, 1.65450320111e-08, 5.08079489592e-09, 4.41985736899e-09, 3.61815244432e-09, 4.69514693791e-09, 1.08093889395e-09, 1.2971944352e-10, 3.6147963095e-11, 1.14374121285e-10, 2.00984957843e-11, 1.47711894799e-11, 5.25287278952e-12, 5.93485872426e-13, 8.37817835941e-12, 3.21163386684e-12, 1.78306501508e-11, 3.08297623541e-11, 9.80308282467e-12, 3.76354936799e-12, 3.28689072487e-12, 6.74551777283e-13, 7.74598809573e-13, 2.52236686399e-12, 1.82934288377e-12, 1.70917360126e-12, 4.10042551129e-13, 2.07817483789e-14],
        "max": [0.0162573177367, 0.00969762727618, 0.0100703658536, 0.00650524999946, 0.00706955138594, 0.00709088286385, 0.00556871434674, 0.00731846736744, 0.00860117375851, 0.00693311961368, 0.0040538366884, 0.00878648180515, 0.0053065805696, 0.00403800560161, 0.00139115401544, 0.00114894716535, 0.000936578726396, 0.00135306257289, 0.000443683267804, 0.000246647192398, 4.39909454144e-05, 8.25741881272e-05, 4.9268186558e-05, 3.86107167287e-05, 3.36261036864e-05, 7.07959452484e-06, 6.49209105177e-05, 2.59091357293e-05, 0.000112041532702, 0.000202054798137, 9.02285828488e-05, 3.43206229445e-05, 3.86119754694e-05, 1.5516194253e-05, 2.49537570198e-05, 4.59608527308e-05, 2.98242121062e-05, 2.75702404906e-05, 1.54690878844e-05, 3.28154919771e-06],
        "mean": [0.00307554705068, 0.00190276943613, 0.00110363599379, 0.00102142954711, 0.00085917202523, 0.000612316653132, 0.000428924016887, 0.0005174910184, 0.000752091000322, 0.000367294560419, 0.000161847914569, 0.0002871840843, 0.000161222415045, 7.38922535675e-05, 6.09831804468e-05, 2.95398585877e-05, 4.21613731305e-05, 2.32729671552e-05, 1.95089814952e-05, 8.48754280014e-06, 5.02840293848e-06, 8.55167763802e-06, 3.48043499798e-06, 2.42456985688e-06, 1.3546732589e-06, 8.7316260533e-07, 1.05406877537e-06, 5.45615421288e-07, 8.66424329615e-07, 7.97585073542e-07, 3.4393596593e-07, 1.92588217374e-07, 2.41119607836e-07, 3.16823019375e-07, 2.16414576926e-07, 3.1503924447e-07, 2.03007076038e-07, 1.00742248321e-07, 5.39401980859e-08, 1.30756285799e-08],
        "median": [0.00279780942947, 0.00169638870284, 0.000724755809642, 0.000614684890024, 0.00064928131178, 0.000400585355237, 0.000159621369676, 0.000159795352374, 0.000146740028867, 8.30966164358e-05, 4.78881738672e-05, 5.00633432239e-05, 2.51614237641e-05, 1.86684392247e-05, 2.06266668101e-05, 1.21158982438e-05, 1.26493678181e-05, 1.09669317681e-05, 1.28667215904e-05, 4.24487052442e-06, 2.90020216198e-06, 3.2290188301e-06, 1.64361131283e-06, 1.26698967051e-06, 8.13573478808e-07, 5.7891219285e-07, 3.16096162578e-07, 1.70869213889e-07, 1.80760679314e-07, 8.78976251784e-08, 5.29701118523e-08, 3.12122949708e-08, 5.48433369829e-08, 9.04976431571e-08, 4.98878023336e-08, 5.28748422823e-08, 2.66498574319e-08, 1.19100507234e-08, 6.03357364071e-09, 4.32924918137e-10],
        "min": [1.1774318568e-23, 2.07323642613e-23, 9.73136288326e-24, 1.07455871496e-23, 9.28438246145e-24, 5.21980741287e-24, 8.67361084988e-24, 1.52407027587e-23, 1.36809086012e-23, 1.97638008419e-23, 1.11539622964e-23, 3.15746152708e-23, 2.20749313691e-23, 4.9072630888e-24, 5.08416435794e-24, 5.30084827695e-24, 8.42384565438e-24, 5.41670591152e-24, 4.03970423639e-24, 6.58387610789e-24, 6.80047088563e-24, 7.67212116513e-24, 1.41059673673e-23, 1.3765753747e-23, 6.47356377106e-24, 1.00301289628e-23, 8.82425015062e-24, 9.19571686228e-24, 8.31314717013e-24, 7.37810955031e-24, 7.53411231634e-24, 9.00409071549e-24, 8.79869342388e-24, 1.07743221969e-23, 1.29958294478e-23, 8.6472597402e-24, 8.17864875237e-24, 8.9019142956e-24, 8.96514544146e-24, 8.80768091617e-24],
        "var": [6.07751508142e-06, 1.77127662937e-06, 1.34144659114e-06, 1.10799464892e-06, 6.7615945909e-07, 5.94030552747e-07, 4.71510020361e-07, 8.8053542413e-07, 1.969200639e-06, 5.73552142669e-07, 1.27436237563e-07, 3.68917483229e-07, 1.89343239754e-07, 7.82345281891e-08, 1.3355837325e-08, 7.43305061945e-09, 1.03904591597e-08, 2.9773277177e-09, 7.31074700777e-10, 2.3995383458e-10, 3.78682397939e-11, 1.38166922348e-10, 2.23430822455e-11, 1.21482450835e-11, 4.2240221737e-12, 9.14984667894e-13, 2.00648716392e-11, 3.62003157485e-12, 2.95408870976e-11, 6.68597677222e-11, 1.13354828996e-11, 2.00196022954e-12, 1.70062108926e-12, 9.07027491309e-13, 1.17178825237e-12, 3.66451573947e-12, 1.42175225586e-12, 7.87835454426e-13, 2.81679492014e-13, 1.1510478951e-14]
    },
    "mfcc": {
        "mean": [-710.237060547, 203.528778076, -1.47697925568, 16.5078907013, 7.52771234512, 7.72188806534, -6.24554347992, 10.6721420288, -5.64496564865, 10.5477666855, -3.15125107765, 2.95858311653, -2.33713197708],
        "cov": [[8202.15429688, 645.77947998, -632.247680664, 155.498199463, -310.482696533, 238.057037354, -249.322143555, 427.798858643, -131.185424805, 324.096221924, -242.072952271, 299.652038574, -106.394615173], [645.77947998, 1534.48486328, -294.97744751, 3.74908614159, 199.502182007, -50.9812545776, 71.4443511963, 15.8278102875, 7.27941465378, -4.04679918289, 98.9475708008, -32.6180953979, 34.9877738953], [-632.247680664, -294.97744751, 345.37902832, 3.69301700592, -17.5191860199, 0.902062356472, -7.79480075836, -21.8604183197, -13.9491796494, 2.54117417336, -6.94458913803, -4.42297267914, 25.5617408752], [155.498199463, 3.74908614159, 3.69301700592, 271.33203125, 74.5657806396, 45.16588974, -39.2708702087, -117.634429932, 35.4814186096, -10.3641986847, 8.3496131897, -29.3112602234, 32.4906654358], [-310.482696533, 199.502182007, -17.5191860199, 74.5657806396, 192.638198853, -10.2464199066, 12.3988370895, -93.2255172729, 39.6385612488, -24.5588111877, 43.4898948669, -55.4962463379, 33.3698539734], [238.057037354, -50.9812545776, 0.902062356472, 45.16588974, -10.2464199066, 107.418067932, 3.86726093292, 8.87577915192, -5.43448400497, 1.06885838509, -7.27662134171, -10.1014070511, -6.18694972992], [-249.322143555, 71.4443511963, -7.79480075836, -39.2708702087, 12.3988370895, 3.86726093292, 115.74030304, 19.9180450439, 11.3257226944, -18.0882091522, 25.9703578949, -14.0812749863, -3.15607452393], [427.798858643, 15.8278102875, -21.8604183197, -117.634429932, -93.2255172729, 8.87577915192, 19.9180450439, 228.345993042, -29.4521007538, 41.2371139526, -42.9402046204, 69.5724487305, -57.6785697937], [-131.185424805, 7.27941465378, -13.9491796494, 35.4814186096, 39.6385612488, -5.43448400497, 11.3257226944, -29.4521007538, 87.6555023193, 1.93194973469, 12.4113931656, -25.8615970612, 6.59540700912], [324.096221924, -4.04679918289, 2.54117417336, -10.3641986847, -24.5588111877, 1.06885838509, -18.0882091522, 41.2371139526, 1.93194973469, 90.051864624, -11.2355632782, 27.8143768311, -14.7671318054], [-242.072952271, 98.9475708008, -6.94458913803, 8.3496131897, 43.4898948669, -7.27662134171, 25.9703578949, -42.9402046204, 12.4113931656, -11.2355632782, 96.914390564, -15.707449913, 21.9875850677], [299.652038574, -32.6180953979, -4.42297267914, -29.3112602234, -55.4962463379, -10.1014070511, -14.0812749863, 69.5724487305, -25.8615970612, 27.8143768311, -15.707449913, 115.682106018, -32.6711616516], [-106.394615173, 34.9877738953, 25.5617408752, 32.4906654358, 33.3698539734, -6.18694972992, -3.15607452393, -57.6785697937, 6.59540700912, -14.7671318054, 21.9875850677, -32.6711616516, 101.304847717]],
