{
"lowlevel": {
    "average_loudness": 0.918990850449,
    "barkbands_crest": {
        "dmean": 2.69885373116,
        "dmean2": 4.22740268707,
        "dvar": 6.09187650681,
        "dvar2": 14.7882289886,
        "max": 25.6969890594,
        "mean": 13.6555271149,
        "median": 13.0214090347,
        "min": 3.58143520355,
        "var": 22.36926651
    },
    "barkbands_flatness_db": {
        "dmean": 0.0240908786654,
        "dmean2": 0.0354739427567,
        "dvar": 0.000531568017323,
        "dvar2": 0.00102487776894,
        "max": 0.460143655539,
        "mean": 0.285216808319,
        "median": 0.285456687212,
        "min": 0.0937345996499,
        "var": 0.00337487948127
    },
    "barkbands_kurtosis": {
        "dmean": 8.51339817047,
        "dmean2": 12.9655380249,
        "dvar": 138.41796875,
        "dvar2": 352.385192871,
        "max": 189.081604004,
        "mean": 19.6490879059,
        "median": 12.9949550629,
        "min": -1.89687609673,
        "var": 468.940368652
    },
    "barkbands_skewness": {
        "dmean": 0.784504711628,
        "dmean2": 1.19020044804,
        "dvar": 0.658470034599,
        "dvar2": 1.69759213924,
        "max": 9.52242565155,
        "mean": 2.58814668655,
        "median": 2.32418656349,
        "min": -1.24299299717,
        "var": 2.68519210815
    },
    "barkbands_spread": {
        "dmean": 2.4094555378,
        "dmean2": 3.27179980278,
        "dvar": 33.2242927551,
        "dvar2": 51.4023513794,
        "max": 80.8553771973,
        "mean": 6.32314157486,
        "median": 3.48059511185,
        "min": 0.248355075717,
        "var": 115.329658508
    },
    "dissonance": {
        "dmean": 0.0349606089294,
        "dmean2": 0.057810805738,
        "dvar": 0.000877305981703,
        "dvar2": 0.00223653647117,
        "max": 0.499928444624,
        "mean": 0.408445179462,
        "median": 0.412589460611,
        "min": 0.215648442507,
        "var": 0.00271574826911
    },
    "dynamic_complexity": 4.09661769867,
    "erbbands_crest": {
        "dmean": 2.99656510353,
        "dmean2": 4.62545537949,
        "dvar": 8.04361248016,
        "dvar2": 17.9961776733,
        "max": 32.2097969055,
        "mean": 14.8488950729,
        "median": 14.0191698074,
        "min": 3.4345741272,
        "var": 34.3016242981
    },
    "erbbands_flatness_db": {
        "dmean": 0.0193070173264,
        "dmean2": 0.026413526386,
        "dvar": 0.00035335693974,
        "dvar2": 0.000595498946495,
        "max": 0.422434359789,
        "mean": 0.268097519875,
        "median": 0.270698189735,
        "min": 0.107928462327,
        "var": 0.00271253148094
    },
    "erbbands_kurtosis": {
        "dmean": 4.17190742493,
        "dmean2": 6.07652425766,
        "dvar": 26.5042705536,
        "dvar2": 53.5106010437,
        "max": 82.8587799072,
        "mean": 10.106464386,
        "median": 7.13917160034,
        "min": -1.84372103214,
        "var": 122.280136108
    },
    "erbbands_skewness": {
        "dmean": 0.580161988735,
        "dmean2": 0.82225549221,
        "dvar": 0.310109108686,
        "dvar2": 0.616409122944,
        "max": 7.25918388367,
        "mean": 2.19267129898,
        "median": 2.11752867699,
        "min": -2.48629117012,
        "var": 1.98583865166
    },
    "erbbands_spread": {
        "dmean": 6.48657274246,
        "dmean2": 9.18468093872,
        "dvar": 124.717140198,
        "dvar2": 215.364532471,
        "max": 137.984481812,
        "mean": 19.5374298096,
        "median": 11.7217216492,
        "min": 1.23402142525,
        "var": 463.515777588
    },
    "hfc": {
        "dmean": 2.36188101768,
        "dmean2": 3.0027961731,
        "dvar": 18.000377655,
        "dvar2": 25.783082962,
        "max": 118.11466217,
        "mean": 8.72611427307,
        "median": 4.94447374344,
        "min": 8.79690051079e-05,
        "var": 149.952224731
    },
    "melbands_crest": {
        "dmean": 3.22124934196,
        "dmean2": 4.94029808044,
        "dvar": 8.3425655365,
        "dvar2": 20.3384170532,
        "max": 33.7388687134,
        "mean": 17.4455223083,
        "median": 16.9360427856,
        "min": 5.12758350372,
        "var": 31.5503978729
    },
    "melbands_flatness_db": {
        "dmean": 0.0258819758892,
        "dmean2": 0.0352650992572,
        "dvar": 0.000759345886763,
        "dvar2": 0.00131415657233,
        "max": 0.551770329475,
        "mean": 0.333029299974,
        "median": 0.33475497365,
        "min": 0.048563439399,
        "var": 0.00574907101691
    },
    "melbands_kurtosis": {
        "dmean": 10.3399190903,
        "dmean2": 15.5561857224,
        "dvar": 202.43800354,
        "dvar2": 464.187103271,
        "max": 216.395965576,
        "mean": 23.9729614258,
        "median": 15.5611896515,
        "min": -1.42827987671,
        "var": 606.038757324
    },
    "melbands_skewness": {
        "dmean": 0.799357950687,
        "dmean2": 1.23717212677,
        "dvar": 0.776564598083,
        "dvar2": 1.6181794405,
        "max": 11.9008636475,
        "mean": 2.59669160843,
        "median": 2.25693202019,
        "min": -0.782993137836,
        "var": 2.99004936218
    },
    "melbands_spread": {
        "dmean": 2.50443816185,
        "dmean2": 3.53507709503,
        "dvar": 54.7153892517,
        "dvar2": 80.6897583008,
        "max": 169.187606812,
        "mean": 6.75063228607,
        "median": 4.03802204132,
        "min": 0.506420910358,
        "var": 154.109451294
    },
    "pitch_salience": {
        "dmean": 0.0734766125679,
        "dmean2": 0.115381710231,
        "dvar": 0.00447084242478,
        "dvar2": 0.010784807615,
        "max": 0.828874766827,
        "mean": 0.544132351875,
        "median": 0.553586661816,
        "min": 0.159612461925,
        "var": 0.0158099420369
    },
    "silence_rate_20dB": {
        "dmean": 0,
        "dmean2": 0,
        "dvar": 0,
        "dvar2": 0,
        "max": 1,
        "mean": 1,
        "median": 1,
        "min": 1,
        "var": 0
    },
    "silence_rate_30dB": {
        "dmean": 0.00620155036449,
        "dmean2": 0.0124127231538,
        "dvar": 0.00616313936189,
        "dvar2": 0.0122587857768,
        "max": 1,
        "mean": 0.987606525421,
        "median": 1,
        "min": 0,
        "var": 0.0122398687527
    },
    "silence_rate_60dB": {
        "dmean": 0.0325581394136,
        "dmean2": 0.0651667937636,
        "dvar": 0.0314984805882,
        "dvar2": 0.0655753090978,
        "max": 1,
        "mean": 0.11541441083,
        "median": 0,
        "min": 0,
        "var": 0.102094441652
    },
    "spectral_centroid": {
        "dmean": 100.782859802,
        "dmean2": 135.077270508,
        "dvar": 50588.2070312,
        "dvar2": 73621.5546875,
        "max": 4153.61523438,
        "mean": 520.126281738,
        "median": 400.091918945,
        "min": 185.104568481,
        "var": 189132.96875
    },
    "spectral_complexity": {
        "dmean": 1.5193798542,
        "dmean2": 2.43056631088,
        "dvar": 1.78605818748,
        "dvar2": 4.19242525101,
        "max": 20,
        "mean": 7.76065063477,
        "median": 7,
        "min": 0,
        "var": 10.367939949
    },
    "spectral_decrease": {
        "dmean": 1.47375767146e-09,
        "dmean2": 1.96650651318e-09,
        "dvar": 4.50380735663e-18,
        "dvar2": 7.86376371962e-18,
        "max": -8.45243742619e-14,
        "mean": -5.46865441819e-09,
        "median": -3.63159391448e-09,
        "min": -4.74708379272e-08,
        "var": 3.1849007917e-17
    },
    "spectral_energy": {
        "dmean": 0.00574265699834,
        "dmean2": 0.00766103807837,
        "dvar": 6.95182243362e-05,
        "dvar2": 0.000120488097309,
        "max": 0.189879149199,
        "mean": 0.0214314647019,
        "median": 0.0142132109031,
        "min": 3.26992932287e-07,
        "var": 0.000496701220982
    },
    "spectral_energyband_high": {
        "dmean": 6.29741189186e-05,
        "dmean2": 7.8522010881e-05,
        "dvar": 5.79485366359e-08,
        "dvar2": 6.91943995434e-08,
        "max": 0.00672561209649,
        "mean": 0.000130475382321,
        "median": 1.15740622277e-05,
        "min": 6.15835049622e-10,
        "var": 2.423390697e-07
    },
    "spectral_energyband_low": {
        "dmean": 0.00149394932669,
        "dmean2": 0.00226971902885,
        "dvar": 1.2048399185e-05,
        "dvar2": 2.42661299126e-05,
        "max": 0.0614263005555,
        "mean": 0.00354756321758,
        "median": 0.000983869307674,
        "min": 1.0259790173e-07,
        "var": 4.76796158182e-05
    },
    "spectral_energyband_middle_high": {
        "dmean": 0.000266692601144,
        "dmean2": 0.000358597317245,
        "dvar": 5.115989552e-07,
        "dvar2": 6.78551259625e-07,
        "max": 0.0251760967076,
        "mean": 0.000735242269002,
        "median": 0.000251335062785,
        "min": 3.30702043527e-09,
        "var": 3.17974991049e-06
    },
    "spectral_energyband_middle_low": {
        "dmean": 0.00513126794249,
        "dmean2": 0.00677243480459,
        "dvar": 6.02686195634e-05,
        "dvar2": 0.00010460140038,
        "max": 0.185975775123,
        "mean": 0.0174959208816,
        "median": 0.010702191852,
        "min": 2.24407813221e-07,
        "var": 0.000411397311836
    },
    "spectral_entropy": {
        "dmean": 0.223724961281,
        "dmean2": 0.306023657322,
        "dvar": 0.0519718676805,
        "dvar2": 0.0871892273426,
        "max": 8.42043209076,
        "mean": 6.48536872864,
        "median": 6.43056535721,
        "min": 4.73528337479,
        "var": 0.38549593091
    },
    "spectral_flux": {
        "dmean": 0.0189223624766,
        "dmean2": 0.0304912775755,
        "dvar": 0.000484654563479,
        "dvar2": 0.00119574472774,
        "max": 0.234560728073,
        "mean": 0.0520471669734,
        "median": 0.0443960539997,
        "min": 0.000571832933929,
        "var": 0.00109931186307
    },
    "spectral_kurtosis": {
        "dmean": 6.21916055679,
        "dmean2": 10.3922147751,
        "dvar": 51.8579216003,
        "dvar2": 151.144714355,
        "max": 83.983581543,
        "mean": 12.8421010971,
        "median": 9.92586231232,
        "min": -1.09707331657,
        "var": 138.753097534
    },
    "spectral_rms": {
        "dmean": 0.000601645733695,
        "dmean2": 0.000792751030531,
        "dvar": 4.69515981649e-07,
        "dvar2": 7.94227958067e-07,
        "max": 0.0136105818674,
        "mean": 0.00406061951071,
        "median": 0.00372378132306,
        "min": 1.78610607691e-05,
        "var": 4.42015107183e-06
    },
    "spectral_rolloff": {
        "dmean": 152.734924316,
        "dmean2": 256.14239502,
        "dvar": 436566.375,
        "dvar2": 749467.1875,
        "max": 8074.95117188,
        "mean": 618.67565918,
        "median": 409.130859375,
        "min": 107.666015625,
        "var": 1090384.625
    },
    "spectral_skewness": {
        "dmean": 0.55376291275,
        "dmean2": 0.864585220814,
        "dvar": 0.268920958042,
        "dvar2": 0.712413609028,
        "max": 7.42532157898,
        "mean": 2.56047415733,
        "median": 2.50263881683,
        "min": -0.165295556188,
        "var": 1.32962429523
    },
    "spectral_spread": {
        "dmean": 443195.03125,
        "dmean2": 645658.0625,
        "dvar": 231128203264,
        "dvar2": 339414253568,
        "max": 9771515,
        "mean": 3076117.5,
        "median": 2786349.75,
        "min": 795231.0625,
        "var": 1.53496898765e+12
    },
    "spectral_strongpeak": {
        "dmean": 0.352720886469,
        "dmean2": 0.514907479286,
        "dvar": 0.258218407631,
        "dvar2": 0.433725446463,
        "max": 10.5252532959,
        "mean": 1.10694360733,
        "median": 0.677853524685,
        "min": 0.00167002924718,
        "var": 1.60561811924
    },
    "zerocrossingrate": {
        "dmean": 0.00521173980087,
        "dmean2": 0.00554648088291,
        "dvar": 0.000113867165055,
        "dvar2": 8.28351185191e-05,
        "max": 0.24365234375,
        "mean": 0.0253180060536,
        "median": 0.01904296875,
        "min": 0.00390625,
        "var": 0.000726310943719
    },
    "barkbands": {
        "dmean": [3.64760398952e-06, 0.000845522561576, 0.000656626652926, 0.000541562505532, 0.00173394952435, 0.00178896635771, 0.00194381445181, 0.000993221648969, 0.00056378118461, 0.000138072689879, 6.58082208247e-05, 8.02931317594e-05, 4.78262045362e-05, 1.69106951944e-05, 2.36589094129e-05, 1.94321874005e-05, 1.48063118104e-05, 1.52242482727e-05, 6.96863571648e-06, 1.04513374026e-05, 2.30432342505e-05, 1.25021279018e-05, 1.82728999789e-05, 1.15498623927e-05, 2.05845799428e-06, 2.14791073816e-09, 1.00643882117e-09],
        "dmean2": [6.77056277709e-06, 0.00134475913364, 0.000997535418719, 0.000837427855004, 0.0025727157481, 0.00242446106859, 0.00282731768675, 0.00128909037448, 0.000726858619601, 0.000207550328923, 0.000102184865682, 0.000115669019578, 6.30951981293e-05, 2.45376522798e-05, 3.66149361071e-05, 3.02997195831e-05, 2.33970349655e-05, 2.2479247491e-05, 1.05246035673e-05, 1.66401296156e-05, 3.12458141707e-05, 1.77236270247e-05, 2.31226586038e-05, 1.53035998665e-05, 2.60391652773e-06, 3.50116402537e-09, 1.84894277666e-09],
        "dvar": [1.51360923795e-09, 4.72983265354e-06, 2.87854072667e-06, 7.83977782248e-07, 8.2226088125e-06, 1.03055335785e-05, 3.03593897115e-05, 1.63597615028e-05, 1.17901035992e-05, 9.55196952646e-08, 4.10115674754e-08, 2.34022948575e-07, 1.20921910707e-07, 4.11847445037e-09, 3.3798730481e-09, 4.61890881098e-09, 9.66513535872e-10, 1.89142013163e-09, 1.85673629249e-10, 2.2420947321e-09, 1.00660315638e-08, 1.96966443156e-09, 5.16438269926e-09, 2.21201013062e-09, 1.25079765989e-10, 5.29293683382e-17, 2.38483780661e-18],
        "dvar2": [4.4928896159e-09, 1.12619190986e-05, 5.20643334312e-06, 1.78669517936e-06, 1.93317027879e-05, 1.79123580892e-05, 6.30840731901e-05, 2.21031696128e-05, 1.51303156599e-05, 2.03007488153e-07, 9.98150611053e-08, 3.87726231565e-07, 1.4627842404e-07, 7.85077691745e-09, 6.99247459934e-09, 1.16304033071e-08, 2.25118768071e-09, 3.89679666313e-09, 3.95050381297e-10, 5.37254596367e-09, 1.4002369042e-08, 3.42035844092e-09, 7.90383225535e-09, 2.91989477041e-09, 1.86407014824e-10, 1.27955708688e-16, 7.35097377839e-18],
        "max": [0.000990662490949, 0.0304145626724, 0.0336448699236, 0.0130047183484, 0.0373985543847, 0.0533232800663, 0.0940982922912, 0.158508211374, 0.10747499764, 0.00676222424954, 0.00371994590387, 0.0134288910776, 0.0137745337561, 0.00191451678984, 0.00171947956551, 0.00148139428347, 0.00053173454944, 0.000907789799385, 0.000221470952965, 0.00118162063882, 0.00347732659429, 0.00120280764531, 0.00175182404928, 0.00131614867132, 0.000337736710208, 1.7115736739e-07, 1.49384664638e-08],
        "mean": [2.78475567939e-06, 0.00176062644459, 0.00137350370642, 0.00111916521564, 0.00427406746894, 0.00420360499993, 0.00401185126975, 0.0025470147375, 0.00122153339908, 0.000278135499684, 0.000107931293314, 0.000148650840856, 7.9126759374e-05, 3.08460621454e-05, 3.97709118261e-05, 3.17373778671e-05, 2.61286386376e-05, 2.77166709566e-05, 1.24399111883e-05, 1.52162883751e-05, 3.77123506041e-05, 2.34731269302e-05, 3.33565476467e-05, 2.15350046346e-05, 3.53001382791e-06, 2.77938227988e-09, 7.91720689008e-10],
        "median": [2.7575833883e-07, 0.000145043726661, 0.000269508862402, 0.000427791062975, 0.00231042411178, 0.0016417063307, 0.000493190251291, 0.000274071964668, 0.000167308287928, 7.58637179388e-05, 3.12257834594e-05, 1.72957552422e-05, 6.61417243464e-06, 6.47571869195e-06, 1.34127667479e-05, 9.77091167442e-06, 7.30035344532e-06, 6.74747707308e-06, 3.70511975234e-06, 3.56209079655e-06, 3.83851511288e-06, 1.55805264512e-06, 1.3987072407e-06, 7.69578605286e-07, 8.90417197752e-08, 5.65480551273e-10, 2.5095428513e-10],
        "min": [3.63227947719e-10, 8.83750885805e-08, 5.08988495795e-09, 5.24594501172e-09, 1.21003694176e-07, 4.64402418743e-08, 2.94178317262e-08, 1.39040450264e-08, 8.33230462405e-09, 1.06779685094e-09, 9.20755249822e-10, 5.81768577756e-10, 1.34247696293e-10, 1.39691605505e-10, 9.3931494527e-11, 5.3226152652e-11, 7.96425633776e-11, 1.0322107058e-10, 1.1890850804e-10, 2.14222972694e-10, 1.91028651231e-10, 8.23742810074e-11, 1.08036725399e-10, 2.83955931685e-11, 1.05986625726e-11, 4.88445135033e-12, 9.56441523203e-12],
        "var": [7.94054766384e-10, 1.5105917555e-05, 1.06712768684e-05, 2.64590244115e-06, 3.04295845126e-05, 4.39797113359e-05, 0.00011072660709, 0.000130215019453, 5.15029132657e-05, 3.40450668546e-07, 7.18803150335e-08, 7.11015957222e-07, 3.39702353358e-07, 1.30572033186e-08, 8.13022982271e-09, 8.71426131255e-09, 2.32843855308e-09, 4.43654224469e-09, 4.4293316237e-10, 3.94972587969e-09, 2.86905716962e-08, 5.98152949394e-09, 2.0294562475e-08, 1.01602690705e-08, 4.43074410494e-10, 1.20651756819e-16, 2.02424971847e-18]
    },
    "erbbands": {
        "dmean": [0.00824270024896, 0.239635258913, 0.807116985321, 1.09064233303, 3.74139308929, 5.79285812378, 11.4112863541, 15.8311214447, 31.3153648376, 15.4927778244, 23.4415817261, 10.97016716, 4.40714836121, 3.09681272507, 2.49575161934, 3.13139605522, 2.1215839386, 1.01853060722, 1.2244374752, 0.734147250652, 1.12644863129, 0.771488130093, 0.938160717487, 0.354683697224, 0.337913095951, 0.490493804216, 0.916144490242, 0.798651337624, 0.438980221748, 0.541322886944, 0.512507259846, 0.344395399094, 0.126997932792, 0.0416887439787, 0.00333740352653, 0.00014925134019, 9.96371272777e-06, 1.83730583103e-06, 2.82793303086e-06, 6.37805487713e-06],
        "dmean2": [0.0131672248244, 0.378726571798, 1.19164443016, 1.70750021935, 5.71592855453, 8.86550998688, 16.6911373138, 20.8872680664, 44.9185066223, 21.0021381378, 28.6249275208, 12.8572750092, 6.28485918045, 4.84560966492, 3.98788619041, 4.2320098877, 2.78609585762, 1.43929195404, 1.86601114273, 1.12818682194, 1.78215157986, 1.20955860615, 1.39657318592, 0.534148991108, 0.52596282959, 0.777624368668, 1.25828170776, 1.15379333496, 0.616470217705, 0.749883830547, 0.663367807865, 0.474430143833, 0.156421661377, 0.0519808344543, 0.00375734874979, 0.000169162798556, 1.19835940495e-05, 2.40200711232e-06, 3.75692457055e-06, 8.54492463986e-06],
        "dvar": [0.00043916440336, 0.388655215502, 4.88580131531, 2.97376060486, 46.2141151428, 120.115409851, 538.001159668, 1154.57751465, 7641.09082031, 1768.37365723, 12857.2314453, 3180.65942383, 106.333198547, 41.5237503052, 107.584739685, 306.740112305, 158.268005371, 15.2678508759, 11.3634262085, 2.50344777107, 19.1993370056, 2.43375349045, 7.74529075623, 0.483366727829, 0.589063107967, 5.90757799149, 17.6461830139, 11.2720108032, 2.34397101402, 4.3889169693, 4.33985853195, 1.90049731731, 0.305565744638, 0.0463734604418, 0.000432446249761, 7.65216327636e-07, 1.55851764827e-09, 2.8658297957e-11, 1.64657384949e-11, 8.71812969039e-11],
        "dvar2": [0.00105156737845, 0.897924900055, 8.62843227386, 7.67458105087, 106.91608429, 288.407806396, 1279.87780762, 1721.15917969, 16436.0761719, 2991.47485352, 15511.7763672, 3415.11376953, 193.209655762, 94.1632843018, 285.363739014, 425.510803223, 173.452331543, 26.4583492279, 20.1517658234, 6.30794143677, 49.6180038452, 5.4697432518, 15.8713102341, 0.950573861599, 1.35415112972, 13.3606958389, 25.0518398285, 19.8037109375, 3.47991228104, 7.17846536636, 6.99070501328, 3.03731846809, 0.388538688421, 0.0663551688194, 0.000558632367756, 9.74832573775e-07, 1.78335168854e-09, 3.10552694671e-11, 2.73702571024e-11, 1.49730228216e-10],
        "max": [0.280404835939, 9.10518169403, 44.3438606262, 23.7025489807, 137.103164673, 148.836700439, 456.487213135, 685.882202148, 1293.71484375, 730.780456543, 4542.54882812, 2006.82873535, 253.22718811, 127.318611145, 219.349197388, 564.244384766, 462.376434326, 116.897705078, 115.994743347, 33.9456825256, 99.6150360107, 21.2540206909, 58.1247177124, 13.9963331223, 13.1343479156, 67.8101501465, 160.692779541, 85.6768035889, 41.6269416809, 44.6995277405, 54.7340698242, 37.0533866882, 15.8796005249, 6.656062603, 0.528006911278, 0.0227457173169, 0.00115421961527, 0.00015523575712, 9.5230898296e-05, 0.000217373351916],
        "mean": [0.0163662135601, 0.511630296707, 1.86742961407, 2.37078046799, 8.95712089539, 12.9136657715, 26.9332466125, 38.0962104797, 66.1706314087, 34.2813835144, 65.9243469238, 25.1449813843, 9.85471534729, 5.99968481064, 4.27785253525, 6.21429395676, 4.18550014496, 2.00534796715, 2.20541810989, 1.4614521265, 1.9058816433, 1.47584962845, 1.72987139225, 0.699777781963, 0.611504554749, 0.74230670929, 1.42968630791, 1.2932895422, 0.831619679928, 1.04339778423, 0.928564548492, 0.619082152843, 0.25137668848, 0.0746134892106, 0.00570278754458, 0.000272474979283, 2.35532152146e-05, 4.17322416979e-06, 1.08888971226e-05, 2.42074565904e-05],
        "median": [0.00148364715278, 0.0438397787511, 0.307487905025, 1.38564956188, 4.05335712433, 5.9424533844, 11.2659082413, 13.6156253815, 12.0309247971, 6.69281768799, 6.07320976257, 4.23679351807, 2.802536726, 2.31922006607, 1.11598026752, 0.652024209499, 0.370621025562, 0.349852800369, 0.669554114342, 0.592524886131, 0.585080385208, 0.417417675257, 0.417308926582, 0.234328582883, 0.1753988415, 0.159156426787, 0.184410870075, 0.123126149178, 0.0532547272742, 0.0524556674063, 0.0389486700296, 0.0218928717077, 0.00981236901134, 0.00230701267719, 8.44810492708e-05, 1.78675254574e-05, 7.437349268e-06, 1.34109632199e-06, 7.54359462007e-06, 1.64912980836e-05],
        "min": [2.74523904409e-06, 1.83182619367e-05, 1.36344260682e-05, 1.4147123693e-05, 3.20343388012e-05, 0.000465695426101, 0.000857033068314, 0.000257429346675, 0.000571542070247, 0.000108253741928, 0.000436278874986, 0.000200333670364, 3.3235133742e-05, 3.65895648429e-05, 3.32170202455e-05, 2.1412548449e-05, 7.29243902242e-06, 8.06181287771e-06, 4.10656002714e-06, 4.26210135629e-06, 3.03346359942e-06, 4.55715098724e-06, 5.0247344916e-06, 7.05043385096e-06, 4.93694051329e-06, 7.98917153588e-06, 1.32529075927e-05, 4.98996587339e-06, 3.14750718644e-06, 2.62096318693e-06, 2.87348257189e-06, 1.03096522253e-06, 4.6957185873e-07, 1.79305288839e-07, 4.79589559177e-08, 1.66745266483e-08, 7.26929316741e-09, 5.54288126509e-09, 1.63993807423e-09, 4.95817664703e-10],
        "var": [0.00112209410872, 1.31319272518, 20.3763237, 8.19531345367, 175.952438354, 368.868896484, 1811.0526123, 4902.03271484, 29043.2773438, 5756.83544922, 110407.289062, 15453.5146484, 469.340057373, 117.278923035, 153.926742554, 1188.30371094, 597.976379395, 57.7153434753, 32.5458145142, 5.92700910568, 32.0489196777, 6.72738981247, 18.1075706482, 1.2979477644, 1.22075915337, 11.2315559387, 49.1466407776, 28.7846508026, 7.72768115997, 15.279665947, 16.891450882, 7.88636541367, 1.46410381794, 0.176631942391, 0.00142648059409, 2.64382538262e-06, 6.81159129101e-09, 1.48382583998e-10, 1.25184862476e-10, 6.32069563355e-10]
    },
    "gfcc": {
        "mean": [-131.068984985, 170.878936768, -115.904556274, 37.9224739075, -87.1765823364, -14.6794366837, -35.332069397, -19.1569423676, 0.172413602471, -27.5088844299, 2.24540281296, -20.2605628967, 6.90034914017],
        "cov": [[5071.66113281, -934.881713867, -716.438293457, -207.342468262, -366.07913208, 468.641815186, -360.434417725, 243.746505737, 105.774505615, 20.1339035034, 49.6017951965, -93.3196029663, -259.081970215], [-934.881713867, 1212.1920166, 357.252838135, -322.527770996, 466.47567749, -207.070007324, 335.785400391, -37.2809181213, 94.8091659546, -46.727268219, 47.6514091492, 22.4028930664, 51.6172790527], [-716.438293457, 357.252838135, 662.799682617, 213.64074707, 198.97177124, 11.1823673248, 177.09336853, -9.7690410614, 1.15136277676, 61.2969970703, -8.45959091187, 59.3822059631, 91.9128265381], [-207.342468262, -322.527770996, 213.64074707, 730.932495117, 13.9458246231, 149.915084839, 71.5938949585, -26.5343532562, 17.0607357025, 45.9817085266, -53.7477645874, 38.3022460938, 82.7219543457], [-366.07913208, 466.47567749, 198.97177124, 13.9458246231, 333.257904053, -5.4384021759, 175.722488403, 15.6188077927, 48.369720459, 2.33903241158, -2.64079189301, 26.3352375031, 32.0433044434], [468.641815186, -207.070007324, 11.1823673248, 149.915084839, -5.4384021759, 290.46383667, 46.689163208, 107.112037659, 17.1970119476, 36.0787086487, 0.461929827929, -16.4419288635, -36.2859344482], [-360.434417725, 335.785400391, 177.09336853, 71.5938949585, 175.722488403, 46.689163208, 261.562164307, 28.2664299011, 45.9463272095, -2.85708284378, -21.5009288788, 4.93280792236, 5.22442817688], [243.746505737, -37.2809181213, -9.7690410614, -26.5343532562, 15.6188077927, 107.112037659, 28.2664299011, 145.183395386, 32.8707504272, 20.8387851715, 1.67804265022, -26.0443077087, -31.2357807159], [105.774505615, 94.8091659546, 1.15136277676, 17.0607357025, 48.369720459, 17.1970119476, 45.9463272095, 32.8707504272, 110.462173462, 26.6458415985, 22.1357383728, 6.82859373093, -16.6041107178], [20.1339035034, -46.727268219, 61.2969970703, 45.9817085266, 2.33903241158, 36.0787086487, -2.85708284378, 20.8387851715, 26.6458415985, 80.2143859863, 31.6238193512, 13.6903581619, 3.87673974037], [49.6017951965, 47.6514091492, -8.45959091187, -53.7477645874, -2.64079189301, 0.461929827929, -21.5009288788, 1.67804265022, 22.1357383728, 31.6238193512, 100.835998535, 17.7254657745, -4.11173200607], [-93.3196029663, 22.4028930664, 59.3822059631, 38.3022460938, 26.3352375031, -16.4419288635, 4.93280792236, -26.0443077087, 6.82859373093, 13.6903581619, 17.7254657745, 75.1238174438, 43.8357009888], [-259.081970215, 51.6172790527, 91.9128265381, 82.7219543457, 32.0433044434, -36.2859344482, 5.22442817688, -31.2357807159, -16.6041107178, 3.87673974037, -4.11173200607, 43.8357009888, 99.0404815674]],
        "icov": [[0.000351459369995, 3.86993415304e-05, 0.000130226369947, 0.000126755519887, 2.19671692321e-05, -0.000632551556919, 0.00050892168656, -5.25167997694e-05, -0.00050081446534, 0.000221663503908, 8.72496457305e-05, -0.000177297217306, 0.000379685399821], [3.86993415304e-05, 0.00934025552124, -0.00305058178492, 0.00487384246662, -0.00719267129898, 0.00328126829118, -0.00668835779652, 0.00308370264247, -0.00572000769898, 0.00605964846909, -0.00561505369842, 0.0056401877664, -0.00507741281763], [0.000130226369947, -0.00305058178492, 0.00375621626154, -0.00200493284501, 0.00149549974594, -0.000882807769813, 0.000996656948701, -0.00121640914585, 0.00308221764863, -0.00425919424742, 0.00202924734913, -0.00250057899393, 0.000750202918425], [0.000126755519887, 0.00487384246662, -0.00200493284501, 0.00495086377487, -0.00321202375926, -0.000373765738914, -0.00350666791201, 0.00333224609494, -0.00432166736573, 0.00241840817034, -0.00133278022986, 0.00315396860242, -0.00461531337351], [2.19671692321e-05, -0.00719267129898, 0.00149549974594, -0.00321202375926, 0.0109839588404, -0.0023745095823, 0.00231231213547, -0.00269492762163, 0.00283042015508, -0.00385005096905, 0.00420400127769, -0.00494910310954, 0.00269566266797], [-0.000632551556919, 0.00328126829118, -0.000882807769813, -0.000373765738914, -0.0023745095823, 0.00909628160298, -0.00445006042719, -0.00373503309675, 0.000931015762035, 0.000402233126806, -0.00304592843167, 0.00129156175535, 0.000366541702533], [0.00050892168656, -0.00668835779652, 0.000996656948701, -0.00350666791201, 0.00231231213547, -0.00445006042719, 0.013066331856, -0.00227754702792, 0.00111786474008, -0.00181709835306, 0.0052453908138, -0.00385892041959, 0.00521926023066], [-5.25167997694e-05, 0.00308370264247, -0.00121640914585, 0.00333224609494, -0.00269492762163, -0.00373503309675, -0.00227754702792, 0.0132553679869, -0.00502553582191, 0.000160637297085, -0.000521064095665, 0.00535484123975, -0.00283522391692], [-0.00050081446534, -0.00572000769898, 0.00308221764863, -0.00432166736573, 0.00283042015508, 0.000931015762035, 0.00111786474008, -0.00502553582191, 0.0176566559821, -0.00787109881639, 0.00114171765745, -0.00572404172271, 0.00605075573549], [0.000221663503908, 0.00605964846909, -0.00425919424742, 0.00241840817034, -0.00385005096905, 0.000402233126806, -0.00181709835306, 0.000160637297085, -0.00787109881639, 0.0234024506062, -0.00865907315165, 0.00229337834753, -0.00271619413979], [8.72496457305e-05, -0.00561505369842, 0.00202924734913, -0.00133278022986, 0.00420400127769, -0.00304592843167, 0.0052453908138, -0.000521064095665, 0.00114171765745, -0.00865907315165, 0.016972957179, -0.00640061590821, 0.00353542692028], [-0.000177297217306, 0.0056401877664, -0.00250057899393, 0.00315396860242, -0.00494910310954, 0.00129156175535, -0.00385892041959, 0.00535484123975, -0.00572404172271, 0.00229337834753, -0.00640061590821, 0.0244552884251, -0.0118893217295], [0.000379685399821, -0.00507741281763, 0.000750202918425, -0.00461531337351, 0.00269566266797, 0.000366541702533, 0.00521926023066, -0.00283522391692, 0.00605075573549, -0.00271619413979, 0.00353542692028, -0.0118893217295, 0.0215173792094]]
    },
    "melbands": {
        "dmean": [0.00015507954231, 0.000387285166653, 0.000258217507508, 0.000318423873978, 0.000376831856556, 0.000370025256416, 0.000441324111307, 0.000171761523234, 0.000207603370654, 5.79379084229e-05, 2.1826079319e-05, 1.330212217e-05, 8.57512441144e-06, 6.18359126747e-06, 1.05438875835e-05, 2.84562611341e-06, 1.8731052478e-06, 1.899216727e-06, 1.47529624428e-06, 1.09893198896e-06, 1.38750601764e-06, 8.20168338578e-07, 1.02028650417e-06, 6.49696232813e-07, 2.82175363964e-07, 2.80204602632e-07, 2.30637795084e-07, 3.88423501363e-07, 5.48671323486e-07, 6.45423540391e-07, 4.07290826843e-07, 2.49327655411e-07, 2.65399449972e-07, 3.36482855801e-07, 3.21924488844e-07, 2.79173974604e-07, 1.89973064835e-07, 1.03913286864e-07, 5.64591395857e-08, 2.83013310565e-08],
        "dmean2": [0.000248029245995, 0.00058150535915, 0.000400831049774, 0.000471110572107, 0.000556699640583, 0.000491136976052, 0.000630540132988, 0.0002250225225, 0.000243993927143, 7.21425240044e-05, 3.20523286064e-05, 2.09979480132e-05, 1.34150059239e-05, 9.76543378783e-06, 1.27275052364e-05, 4.20691594627e-06, 2.68442659035e-06, 2.90434491035e-06, 2.30778255172e-06, 1.67571101883e-06, 2.21501932174e-06, 1.31005685944e-06, 1.56040789534e-06, 1.01218847703e-06, 4.37006463017e-07, 4.46551013056e-07, 3.73092149175e-07, 6.41562451165e-07, 8.09179880434e-07, 9.13970893635e-07, 6.09018513842e-07, 3.60644264674e-07, 3.62608005844e-07, 4.68556351052e-07, 4.31846757465e-07, 4.05426874295e-07, 2.57345249111e-07, 1.33204025587e-07, 7.13956183063e-08, 3.75651900697e-08],
        "dvar": [1.54861567125e-07, 1.06214554307e-06, 1.44981015637e-07, 3.20261989373e-07, 5.2091957059e-07, 4.97475525663e-07, 1.49355992107e-06, 2.25745750981e-07, 1.00956924598e-06, 9.25015797293e-08, 2.63110844223e-09, 8.47458103692e-10, 9.98218285808e-10, 5.91013127327e-10, 6.55987486553e-09, 2.01189079285e-10, 5.82612291744e-11, 2.70022268434e-11, 1.09480220029e-11, 6.53363474434e-12, 2.95317832688e-11, 2.58229874116e-12, 8.01413969909e-12, 4.57792007427e-12, 2.97354724394e-13, 3.76198556898e-13, 4.25545395363e-13, 4.49318056719e-12, 8.05446421365e-12, 7.61761053542e-12, 2.82808455473e-12, 7.46052633734e-13, 9.41766955219e-13, 1.79521545199e-12, 2.01602081383e-12, 1.35230108361e-12, 5.63117749045e-13, 2.01257427065e-13, 7.3022818803e-14, 2.7652081742e-14],
        "dvar2": [3.77397043394e-07, 2.01642183129e-06, 3.4081236322e-07, 7.36800529921e-07, 1.24138659885e-06, 7.83299810792e-07, 3.10511586576e-06, 3.48071978351e-07, 1.21337859582e-06, 1.04471844509e-07, 4.97425878265e-09, 1.95327554131e-09, 2.5781714541e-09, 1.22071452946e-09, 7.25286408709e-09, 4.07770511801e-10, 1.00982243401e-10, 4.81347114945e-11, 2.74449386828e-11, 1.36666528788e-11, 7.65062527219e-11, 6.08734937457e-12, 1.8161879986e-11, 9.53026633305e-12, 6.27082749876e-13, 8.47607303355e-13, 1.0925917289e-12, 1.0841314825e-11, 1.30038748866e-11, 1.34105469785e-11, 5.4390741043e-12, 1.13005254026e-12, 1.80130335561e-12, 2.94132058119e-12, 3.82187987855e-12, 3.00279180861e-12, 7.2236043102e-13, 2.81204936723e-13, 9.16602473718e-14, 4.45259809383e-14],
        "max": [0.00539320986718, 0.0195338819176, 0.00549541413784, 0.00878743641078, 0.0148416636512, 0.0132537176833, 0.0191878508776, 0.0083983829245, 0.0387523658574, 0.0109074795619, 0.00127221189905, 0.000607976457104, 0.00058400753187, 0.000528316188138, 0.00300335488282, 0.000379671750125, 0.000233685350395, 0.00017325184308, 5.78321851208e-05, 8.55207254062e-05, 0.00012731597235, 1.85062763194e-05, 4.59759758087e-05, 5.2458497521e-05, 9.924276128e-06, 1.09433503894e-05, 1.43012239278e-05, 5.67355382373e-05, 0.000101151999843, 8.07160467957e-05, 4.11940854974e-05, 2.41895813815e-05, 2.5873832783e-05, 2.47619136644e-05, 4.13882808061e-05, 2.66140486929e-05, 2.03622003028e-05, 1.20258637253e-05, 8.03841612651e-06, 4.61690297016e-06],
        "mean": [0.000313138269121, 0.000899028265849, 0.000607896945439, 0.000790879596025, 0.000906572444364, 0.000882543507032, 0.000929514470045, 0.000363587227184, 0.000556336599402, 0.000124436599435, 4.61509771412e-05, 2.47410553129e-05, 1.41319924296e-05, 1.1096880371e-05, 2.08718774957e-05, 5.36176685273e-06, 3.39431585417e-06, 3.39568964591e-06, 2.49106255978e-06, 1.93850110008e-06, 2.24802124649e-06, 1.445368639e-06, 1.78212349056e-06, 1.16568253361e-06, 4.91294372296e-07, 4.72575180765e-07, 3.60602086857e-07, 5.30300894752e-07, 8.30254350603e-07, 9.95711843643e-07, 6.33984427623e-07, 4.34928580262e-07, 4.85486225443e-07, 6.17609259734e-07, 5.45319494449e-07, 4.53570066838e-07, 3.50078238398e-07, 2.0039809101e-07, 9.77906751132e-08, 4.823869304e-08],
        "median": [2.71068038273e-05, 0.00013760048023, 0.000398253963795, 0.00035658699926, 0.000405145750847, 0.000323891988955, 0.000161361967912, 5.60080334253e-05, 4.47416423413e-05, 2.29826655413e-05, 1.31681599669e-05, 9.10952985578e-06, 3.9281685531e-06, 2.10285247704e-06, 1.19253968478e-06, 6.16542024545e-07, 5.93526351622e-07, 9.76844489742e-07, 9.21285334243e-07, 6.48635989364e-07, 6.63838704895e-07, 4.26147948929e-07, 3.26552964225e-07, 3.24113045735e-07, 1.70146293499e-07, 1.28872855498e-07, 1.04088030639e-07, 1.02143829395e-07, 1.20964244843e-07, 9.07725166144e-08, 6.1102994664e-08, 2.89852373214e-08, 2.54759431328e-08, 2.61811070601e-08, 2.30771135534e-08, 1.59847353132e-08, 1.11606190956e-08, 7.04910352312e-09, 3.90850463106e-09, 8.14892320289e-10],
        "min": [2.50606326802e-08, 1.37333939776e-08, 2.07372208294e-09, 1.392115756e-08, 3.13547481312e-08, 6.85416701174e-09, 7.71301245095e-09, 9.6097985125e-10, 3.73572106582e-09, 1.00682251425e-09, 1.38350622625e-10, 1.58124235927e-10, 1.30848457069e-10, 6.9583838691e-11, 3.63690362548e-11, 1.05147869578e-11, 1.4710149765e-11, 5.18739001407e-12, 8.7059656359e-12, 3.46498892946e-12, 3.91121813756e-12, 5.92522992476e-12, 2.77604024837e-12, 4.93230196269e-12, 6.00613352456e-12, 3.73433011944e-12, 2.82312064351e-12, 6.21487713723e-12, 1.00655482213e-11, 5.35918488406e-12, 1.98326186203e-12, 2.10613753e-12, 1.01889070098e-12, 1.59727103505e-12, 1.5196179818e-12, 1.63119626313e-12, 2.99846952823e-13, 3.4565186542e-13, 2.45348500631e-13, 1.26074403196e-13],
        "var": [4.27189718266e-07, 4.40401981905e-06, 4.53807444956e-07, 1.41785221786e-06, 1.86544718872e-06, 2.17240176426e-06, 5.65488699067e-06, 8.16508759272e-07, 7.95400592324e-06, 4.04897008366e-07, 1.01507628969e-08, 2.19410800639e-09, 1.43719280921e-09, 1.60775603941e-09, 2.53633647418e-08, 7.82547027178e-10, 1.95869542807e-10, 7.98063629071e-11, 2.36379076035e-11, 2.19133496071e-11, 4.5640605878e-11, 6.02377306022e-12, 1.91956086443e-11, 8.20791004608e-12, 6.85491648254e-13, 7.60651632827e-13, 5.64478368562e-13, 7.65092936922e-12, 1.95249320184e-11, 1.86619712739e-11, 6.76743990707e-12, 2.25548290982e-12, 2.5737582638e-12, 6.1489155781e-12, 6.53146937576e-12, 3.97513142195e-12, 2.58938053291e-12, 8.90319935831e-13, 2.91816646802e-13, 8.91952053124e-14]
    },
    "mfcc": {
        "mean": [-759.42779541, 171.794387817, 26.8418979645, 29.861907959, -12.4669895172, -7.95899581909, -21.1736297607, -3.96898984909, -6.58534383774, -3.66394758224, -13.6219921112, -1.15807664394, -7.26626634598],
        "cov": [[5135.52490234, -999.894958496, -568.937805176, -626.586486816, -103.528038025, -10.0991325378, -307.274841309, 175.281524658, -177.467391968, 79.7217025757, 175.570419312, 211.129379272, -99.5484237671], [-999.894958496, 1689.27233887, -84.8008117676, -51.6243934631, 71.708694458, -103.950050354, 175.954299927, 38.3430023193, 95.5026931763, 20.2996902466, 30.3132076263, -26.2832298279, 84.2975158691], [-568.937805176, -84.8008117676, 506.122131348, 254.610809326, 59.3494567871, 149.286331177, 94.406288147, 13.0692424774, 71.4425735474, 30.4156608582, -8.11268806458, 11.3233966827, 22.5103054047], [-626.586486816, -51.6243934631, 254.610809326, 507.507232666, 77.7741394043, 193.485992432, 54.8788833618, 23.4872455597, 94.3759536743, 25.3715019226, -42.752204895, -30.6268196106, 15.2008495331], [-103.528038025, 71.708694458, 59.3494567871, 77.7741394043, 157.805297852, 54.6686820984, 48.7117767334, 23.4886436462, 41.1177902222, 29.2375240326, 12.7356472015, 17.3985404968, 27.5759449005], [-10.0991325378, -103.950050354, 149.286331177, 193.485992432, 54.6686820984, 233.964508057, 76.1366729736, 76.1549530029, 65.1286849976, 43.603302002, 17.9502067566, 20.9367771149, 11.4999866486], [-307.274841309, 175.954299927, 94.406288147, 54.8788833618, 48.7117767334, 76.1366729736, 184.682098389, 66.9518203735, 71.3940582275, 43.2553062439, 20.6305541992, 10.0143623352, 24.942773819], [175.281524658, 38.3430023193, 13.0692424774, 23.4872455597, 23.4886436462, 76.1549530029, 66.9518203735, 142.082244873, 71.2897567749, 47.5968856812, 45.9087142944, 29.5528926849, 12.9320611954], [-177.467391968, 95.5026931763, 71.4425735474, 94.3759536743, 41.1177902222, 65.1286849976, 71.3940582275, 71.2897567749, 143.915481567, 37.8718643188, 22.7646522522, -7.32913780212, 20.3216705322], [79.7217025757, 20.2996902466, 30.4156608582, 25.3715019226, 29.2375240326, 43.603302002, 43.2553062439, 47.5968856812, 37.8718643188, 118.280548096, 53.3912963867, 35.8560218811, 3.02666020393], [175.570419312, 30.3132076263, -8.11268806458, -42.752204895, 12.7356472015, 17.9502067566, 20.6305541992, 45.9087142944, 22.7646522522, 53.3912963867, 107.625656128, 49.9666671753, 9.90599822998], [211.129379272, -26.2832298279, 11.3233966827, -30.6268196106, 17.3985404968, 20.9367771149, 10.0143623352, 29.5528926849, -7.32913780212, 35.8560218811, 49.9666671753, 92.593132019, 16.1344299316], [-99.5484237671, 84.2975158691, 22.5103054047, 15.2008495331, 27.5759449005, 11.4999866486, 24.942773819, 12.9320611954, 20.3216705322, 3.02666020393, 9.90599822998, 16.1344299316, 60.8951568604]],
