{
"lowlevel": {
    "average_loudness": 0.620768904686,
    "barkbands_crest": {
        "dmean": 1.69261527061,
        "dmean2": 2.6855199337,
        "dvar": 3.4432823658,
        "dvar2": 8.19021129608,
        "max": 25.9358234406,
        "mean": 12.3593196869,
        "median": 11.7000455856,
        "min": 3.68264722824,
        "var": 17.2964515686
    },
    "barkbands_flatness_db": {
        "dmean": 0.0169442500919,
        "dmean2": 0.0241099894047,
        "dvar": 0.000364197534509,
        "dvar2": 0.000673078699037,
        "max": 0.393123358488,
        "mean": 0.18828971684,
        "median": 0.179956421256,
        "min": 0.0558826513588,
        "var": 0.00339141767472
    },
    "barkbands_kurtosis": {
        "dmean": 4.90926361084,
        "dmean2": 7.45875120163,
        "dvar": 143.673217773,
        "dvar2": 340.924438477,
        "max": 262.380767822,
        "mean": 14.5214118958,
        "median": 8.41087627411,
        "min": -1.93571317196,
        "var": 600.388793945
    },
    "barkbands_skewness": {
        "dmean": 0.527528166771,
        "dmean2": 0.751861870289,
        "dvar": 0.572429537773,
        "dvar2": 1.08457839489,
        "max": 14.3593320847,
        "mean": 2.46496081352,
        "median": 2.34008169174,
        "min": -2.99439454079,
        "var": 3.90953755379
    },
    "barkbands_spread": {
        "dmean": 4.84701395035,
        "dmean2": 7.25954437256,
        "dvar": 113.638183594,
        "dvar2": 227.756652832,
        "max": 118.378677368,
        "mean": 18.3803443909,
        "median": 11.6482229233,
        "min": 0.766578197479,
        "var": 420.501495361
    },
    "dissonance": {
        "dmean": 0.0263197924942,
        "dmean2": 0.0445914827287,
        "dvar": 0.000738356378861,
        "dvar2": 0.00176390109118,
        "max": 0.495992422104,
        "mean": 0.424900650978,
        "median": 0.433323979378,
        "min": 0.225932538509,
        "var": 0.00207529705949
    },
    "dynamic_complexity": 5.42486667633,
    "erbbands_crest": {
        "dmean": 2.08512806892,
        "dmean2": 3.03273153305,
        "dvar": 6.12007808685,
        "dvar2": 13.3193035126,
        "max": 32.219997406,
        "mean": 13.1644334793,
        "median": 11.6593446732,
        "min": 2.97923398018,
        "var": 36.6753425598
    },
    "erbbands_flatness_db": {
        "dmean": 0.0152630824596,
        "dmean2": 0.0200766436756,
        "dvar": 0.000308698130539,
        "dvar2": 0.000530637917109,
        "max": 0.324353575706,
        "mean": 0.168829575181,
        "median": 0.168015539646,
        "min": 0.0493956059217,
        "var": 0.00258876336738
    },
    "erbbands_kurtosis": {
        "dmean": 2.01497125626,
        "dmean2": 2.89710044861,
        "dvar": 10.1775846481,
        "dvar2": 22.0981178284,
        "max": 60.0414772034,
        "mean": 5.5058836937,
        "median": 3.07240009308,
        "min": -1.76596486568,
        "var": 61.7327346802
    },
    "erbbands_skewness": {
        "dmean": 0.377813130617,
        "dmean2": 0.530368089676,
        "dvar": 0.251180261374,
        "dvar2": 0.438927739859,
        "max": 6.70454406738,
        "mean": 1.36676990986,
        "median": 1.32695043087,
        "min": -4.07583093643,
        "var": 2.0594022274
    },
    "erbbands_spread": {
        "dmean": 8.40167427063,
        "dmean2": 11.7200746536,
        "dvar": 198.74822998,
        "dvar2": 417.824920654,
        "max": 174.288818359,
        "mean": 34.5754508972,
        "median": 26.2197151184,
        "min": 3.33410644531,
        "var": 751.1015625
    },
    "hfc": {
        "dmean": 6.84184122086,
        "dmean2": 9.47036361694,
        "dvar": 535.45501709,
        "dvar2": 989.386779785,
        "max": 423.387420654,
        "mean": 23.8731594086,
        "median": 8.62453937531,
        "min": 1.18722136356e-16,
        "var": 1579.18811035
    },
    "melbands_crest": {
        "dmean": 1.90707492828,
        "dmean2": 3.06093430519,
        "dvar": 4.7378411293,
        "dvar2": 11.4211673737,
        "max": 32.5943260193,
        "mean": 15.0686159134,
        "median": 14.4165897369,
        "min": 1.72828233242,
        "var": 22.1974964142
    },
    "melbands_flatness_db": {
        "dmean": 0.0184855181724,
        "dmean2": 0.0255543943495,
        "dvar": 0.000558496103622,
        "dvar2": 0.000807949865703,
        "max": 0.543896138668,
        "mean": 0.267831593752,
        "median": 0.258110433817,
        "min": 0.00153774046339,
        "var": 0.00603847531602
    },
    "melbands_kurtosis": {
        "dmean": 8.90937900543,
        "dmean2": 12.9952068329,
        "dvar": 339.130523682,
        "dvar2": 715.391662598,
        "max": 268.266693115,
        "mean": 25.6674251556,
        "median": 14.7124156952,
        "min": -1.77946591377,
        "var": 1301.81787109
    },
    "melbands_skewness": {
        "dmean": 0.613551259041,
        "dmean2": 0.862130582333,
        "dvar": 0.743035256863,
        "dvar2": 1.38285815716,
        "max": 13.2685394287,
        "mean": 3.01665759087,
        "median": 2.72820019722,
        "min": -1.26932728291,
        "var": 4.60294532776
    },
    "melbands_spread": {
        "dmean": 4.83562231064,
        "dmean2": 6.67122793198,
        "dvar": 258.488677979,
        "dvar2": 403.62121582,
        "max": 278.00112915,
        "mean": 18.0782661438,
        "median": 9.20626068115,
        "min": 0.735677242279,
        "var": 919.177490234
    },
    "pitch_salience": {
        "dmean": 0.0436924472451,
        "dmean2": 0.0676577463746,
        "dvar": 0.00256876368076,
        "dvar2": 0.00533515634015,
        "max": 0.963837623596,
        "mean": 0.49886032939,
        "median": 0.479458481073,
        "min": 0.116227805614,
        "var": 0.0179883148521
    },
    "silence_rate_20dB": {
        "dmean": 0,
        "dmean2": 0,
        "dvar": 0,
        "dvar2": 0,
        "max": 1,
        "mean": 1,
        "median": 1,
        "min": 1,
        "var": 0
    },
    "silence_rate_30dB": {
        "dmean": 0.00154559500515,
        "dmean2": 0.00309358071536,
        "dvar": 0.00154320441652,
        "dvar2": 0.00463078822941,
        "max": 1,
        "mean": 0.999227821827,
        "median": 1,
        "min": 0,
        "var": 0.000771604420152
    },
    "silence_rate_60dB": {
        "dmean": 0.0185471400619,
        "dmean2": 0.0371229685843,
        "dvar": 0.0182027332485,
        "dvar2": 0.0434782579541,
        "max": 1,
        "mean": 0.157528951764,
        "median": 0,
        "min": 0,
        "var": 0.132715791464
    },
    "spectral_centroid": {
        "dmean": 168.397033691,
        "dmean2": 231.001693726,
        "dvar": 217838.390625,
        "dvar2": 297608.90625,
        "max": 11014.2226562,
        "mean": 913.748046875,
        "median": 624.946777344,
        "min": 218.630661011,
        "var": 714407.3125
    },
    "spectral_complexity": {
        "dmean": 1.22720241547,
        "dmean2": 1.95978343487,
        "dvar": 2.41514444351,
        "dvar2": 5.22653913498,
        "max": 27,
        "mean": 9.32200813293,
        "median": 9,
        "min": 0,
        "var": 25.2531089783
    },
    "spectral_decrease": {
        "dmean": 8.74732619671e-10,
        "dmean2": 1.26486532359e-09,
        "dvar": 2.36674012878e-18,
        "dvar2": 4.65482944338e-18,
        "max": 4.00539382023e-29,
        "mean": -5.60111201864e-09,
        "median": -3.67112673594e-09,
        "min": -2.71952114161e-08,
        "var": 2.94719522256e-17
    },
    "spectral_energy": {
        "dmean": 0.00375732197426,
        "dmean2": 0.00540669774637,
        "dvar": 3.94535964006e-05,
        "dvar2": 7.84661824582e-05,
        "max": 0.106868743896,
        "mean": 0.0233052410185,
        "median": 0.0165520962328,
        "min": 1.06172751368e-20,
        "var": 0.000479868904222
    },
    "spectral_energyband_high": {
        "dmean": 0.000551319739316,
        "dmean2": 0.000778117915615,
        "dvar": 4.91906712341e-06,
        "dvar2": 8.92358184501e-06,
        "max": 0.0390270315111,
        "mean": 0.00127529725432,
        "median": 0.000239334476646,
        "min": 7.85379718844e-21,
        "var": 1.22029159684e-05
    },
    "spectral_energyband_low": {
        "dmean": 0.00102099648211,
        "dmean2": 0.00159589212853,
        "dvar": 6.60236673866e-06,
        "dvar2": 1.20393897305e-05,
        "max": 0.0518356859684,
        "mean": 0.00710582360625,
        "median": 0.00158889277373,
        "min": 2.94566184036e-23,
        "var": 0.000112544592412
    },
    "spectral_energyband_middle_high": {
        "dmean": 0.000958597462159,
        "dmean2": 0.00113220163621,
        "dvar": 7.21997048458e-06,
        "dvar2": 1.06324268927e-05,
        "max": 0.0554308742285,
        "mean": 0.00470398832113,
        "median": 0.000458563241409,
        "min": 1.45419098896e-21,
        "var": 9.673635941e-05
    },
    "spectral_energyband_middle_low": {
        "dmean": 0.00268938927911,
        "dmean2": 0.00395936658606,
        "dvar": 2.63172478299e-05,
        "dvar2": 5.85924899497e-05,
        "max": 0.0720742344856,
        "mean": 0.0109268417582,
        "median": 0.00578093575314,
        "min": 3.3812522151e-22,
        "var": 0.000137610768434
    },
    "spectral_entropy": {
        "dmean": 0.193786978722,
        "dmean2": 0.262803703547,
        "dvar": 0.0622461549938,
        "dvar2": 0.0961234867573,
        "max": 9.79174995422,
        "mean": 6.97959470749,
        "median": 6.91246032715,
        "min": 5.34530878067,
        "var": 0.497731178999
    },
    "spectral_flux": {
        "dmean": 0.0152282305062,
        "dmean2": 0.0233947150409,
        "dvar": 0.000427968800068,
        "dvar2": 0.000924357853364,
        "max": 0.217758178711,
        "mean": 0.0447871163487,
        "median": 0.0346677489579,
        "min": 1.03040159738e-10,
        "var": 0.00148976652417
    },
    "spectral_kurtosis": {
        "dmean": 1.84156107903,
        "dmean2": 2.64515972137,
        "dvar": 6.12844800949,
        "dvar2": 13.1733675003,
        "max": 47.1089019775,
        "mean": 6.57779788971,
        "median": 4.77119207382,
        "min": -1.34533143044,
        "var": 45.1959457397
    },
    "spectral_rms": {
        "dmean": 0.000364356412319,
        "dmean2": 0.000524805800524,
        "dvar": 2.84416955765e-07,
        "dvar2": 5.41251381492e-07,
        "max": 0.0102108856663,
        "mean": 0.00416152831167,
        "median": 0.00401850556955,
        "min": 3.21843398286e-12,
        "var": 5.41848385183e-06
    },
    "spectral_rolloff": {
        "dmean": 411.426483154,
        "dmean2": 664.201293945,
        "dvar": 2743227.25,
        "dvar2": 4759808.5,
        "max": 18647.7539062,
        "mean": 1466.96789551,
        "median": 559.86328125,
        "min": 129.19921875,
        "var": 7847061.5
    },
    "spectral_skewness": {
        "dmean": 0.244141891599,
        "dmean2": 0.329640835524,
        "dvar": 0.0838531255722,
        "dvar2": 0.14204993844,
        "max": 5.95339250565,
        "mean": 2.11076641083,
        "median": 2.01093006134,
        "min": -0.427783846855,
        "var": 0.805167198181
    },
    "spectral_spread": {
        "dmean": 869730.125,
        "dmean2": 1141387.625,
        "dvar": 2.13785588531e+12,
        "dvar2": 2.83603369984e+12,
        "max": 41243376,
        "mean": 6663396.5,
        "median": 6057934.5,
        "min": 1748924.5,
        "var": 1.15934515692e+13
    },
    "spectral_strongpeak": {
        "dmean": 0.389588981867,
        "dmean2": 0.644900739193,
        "dvar": 1.05281376839,
        "dvar2": 2.41251373291,
        "max": 15.0569829941,
        "mean": 1.34481322765,
        "median": 0.592091441154,
        "min": 4.40848246797e-09,
        "var": 4.69886445999
    },
    "zerocrossingrate": {
        "dmean": 0.0135390507057,
        "dmean2": 0.0139853116125,
        "dvar": 0.000889503222425,
        "dvar2": 0.000714430410881,
        "max": 0.51806640625,
        "mean": 0.066439807415,
        "median": 0.04638671875,
        "min": 0.0029296875,
        "var": 0.00566270621493
    },
    "barkbands": {
        "dmean": [1.08187668957e-05, 0.000560341170058, 0.000441556505393, 0.000527927477378, 0.00127243378665, 0.000822789326776, 0.000291556440061, 0.000106630264781, 0.000602734391578, 0.000463292613858, 0.000173722262844, 0.000238509528572, 0.000110875647806, 0.000243413698627, 0.000146742953802, 6.19434213149e-05, 6.7703978857e-05, 5.02150287502e-05, 7.81323542469e-05, 6.05144341534e-05, 3.61747079296e-05, 2.3625414542e-05, 5.86513342569e-05, 0.000134238376631, 0.000255156948697, 0.000117828894872, 1.15844677566e-05],
        "dmean2": [1.89486581803e-05, 0.000849554897286, 0.000731060281396, 0.000827051291708, 0.00204378878698, 0.00129442557227, 0.000428715313319, 0.000144159130286, 0.00068657216616, 0.000602881365921, 0.000180062503205, 0.000301664375002, 0.000149149622303, 0.00029332988197, 0.000188494217582, 7.7063930803e-05, 8.12103535281e-05, 6.87167412252e-05, 0.000106440806121, 7.95283704065e-05, 5.42104753549e-05, 3.52800561814e-05, 8.06330281193e-05, 0.000185438751942, 0.000371515401639, 0.000170482962858, 1.66308618645e-05],
        "dvar": [2.88513124502e-09, 2.36322898672e-06, 1.57545935053e-06, 2.75962656815e-06, 1.34756428452e-05, 4.9001523621e-06, 4.36852502617e-07, 4.13538884914e-07, 4.74390935779e-06, 3.88147918784e-06, 8.04404407972e-07, 1.00839861261e-06, 1.6503219058e-07, 1.18519722037e-06, 4.14969662188e-07, 1.41604871828e-07, 2.87124436227e-07, 3.14281862757e-08, 6.31517593774e-08, 2.0063088968e-08, 8.81345663117e-09, 8.76383143833e-09, 6.54552465562e-08, 4.38790522139e-07, 1.34818128572e-06, 2.09178608657e-07, 2.13342077338e-09],
        "dvar2": [8.0136945968e-09, 4.26139786214e-06, 3.94589824282e-06, 6.33020681562e-06, 3.41249469784e-05, 1.22473256852e-05, 1.10175278678e-06, 5.22067011843e-07, 6.63196806272e-06, 6.51422124065e-06, 9.42119868341e-07, 1.44810178426e-06, 2.46638876433e-07, 1.42194494401e-06, 7.15989187938e-07, 1.79342208639e-07, 3.21738497178e-07, 6.23083877827e-08, 1.06136567979e-07, 3.25680034052e-08, 1.86074675668e-08, 1.78647034943e-08, 1.16309735176e-07, 7.63832190387e-07, 3.0010107821e-06, 3.88058737144e-07, 3.85414811177e-09],
        "max": [0.000911913462915, 0.0422723293304, 0.0223229695112, 0.0220842342824, 0.0686842128634, 0.0409777462482, 0.0128287095577, 0.0260030329227, 0.064023733139, 0.0422980450094, 0.0292292367667, 0.045244384557, 0.0107913073152, 0.0367416776717, 0.0138144725934, 0.0173136889935, 0.0257661789656, 0.00544798281044, 0.00667881034315, 0.00436671916395, 0.00222484604456, 0.00181081867777, 0.0043730023317, 0.0136548914015, 0.0266853328794, 0.00786352064461, 0.000988621963188],
        "mean": [3.79466764571e-05, 0.00441377749667, 0.00208073924296, 0.00108412164263, 0.00399675127119, 0.0022822660394, 0.000979957869276, 0.00031517809839, 0.00195463513955, 0.00120755867101, 0.000485124968691, 0.0009706428973, 0.000227504759096, 0.000796264852397, 0.000385338033084, 0.000170461673406, 0.00021308218129, 0.000136980233947, 0.000219220790314, 0.000158590613864, 7.72461935412e-05, 3.68696564692e-05, 9.71851404756e-05, 0.000241047528107, 0.00050621223636, 0.000210459329537, 2.00933027372e-05],
        "median": [2.98303149293e-07, 0.000593474309426, 0.000489917816594, 0.000419892428908, 0.00120467296802, 0.000652121729217, 0.000443256954895, 7.85056690802e-05, 0.000163432516274, 3.78782970074e-05, 2.35722418438e-05, 3.11820549541e-05, 4.03989615734e-05, 3.15391007462e-05, 1.66553199961e-05, 1.2778301425e-05, 1.31983060783e-05, 8.17716409074e-06, 1.42237249747e-05, 2.46265790338e-05, 1.49313973452e-05, 5.2737709666e-06, 7.5776729318e-06, 2.38957454712e-05, 5.54845755687e-05, 2.17220767809e-05, 1.55189513862e-06],
        "min": [1.44400259004e-24, 1.40526293261e-23, 1.13321509866e-23, 7.05896798249e-24, 2.20795682935e-23, 7.20867027425e-23, 9.69376261707e-23, 4.35772065189e-23, 7.59276160029e-23, 7.90722364522e-23, 5.07204587671e-23, 1.01826998683e-22, 7.36864116841e-23, 1.42927522747e-22, 1.06855791316e-22, 1.64721326178e-22, 6.63172517607e-23, 2.15670885929e-22, 3.19604256825e-22, 2.54145765357e-22, 4.86938971897e-22, 5.25130189565e-22, 5.34469444402e-22, 1.25217746887e-21, 1.02463131068e-21, 1.42344172099e-21, 2.85475680392e-21],
        "var": [6.99163127393e-09, 5.72069729969e-05, 1.09157317638e-05, 4.65782068204e-06, 6.01143983658e-05, 1.72887721419e-05, 1.67978407717e-06, 1.73889054622e-06, 2.97390361084e-05, 1.39538597068e-05, 6.39880363451e-06, 1.78708905878e-05, 5.41798613085e-07, 1.13424639494e-05, 2.22152652896e-06, 1.0344765542e-06, 2.86312683784e-06, 2.42098678882e-07, 4.93676452606e-07, 1.37667115041e-07, 2.83193308803e-08, 1.6815009829e-08, 1.58581173082e-07, 1.05787739813e-06, 2.30416935665e-06, 5.55412441372e-07, 6.85126932964e-09]
    },
    "erbbands": {
        "dmean": [0.0107870651409, 0.144599840045, 0.457141250372, 1.25385832787, 2.3361017704, 6.11144733429, 5.51848506927, 6.12177610397, 4.15872478485, 3.66015410423, 3.27261257172, 11.0732288361, 18.6259727478, 10.5799465179, 6.328789711, 9.00829219818, 4.40416002274, 7.09259319305, 11.3527879715, 4.8432970047, 3.24630737305, 4.3008852005, 2.1945605278, 3.73737335205, 3.21836209297, 2.64492678642, 2.18836140633, 0.669881105423, 0.740157425404, 1.19918203354, 1.81563556194, 2.30652546883, 2.77848434448, 3.03176259995, 1.70973193645, 0.744137346745, 0.200735718012, 0.0327606610954, 0.00124093773775, 3.1237002986e-05],
        "dmean2": [0.0152558516711, 0.22096028924, 0.765294730663, 1.977257967, 3.74661898613, 10.0703010559, 8.84232902527, 9.0079908371, 6.13676166534, 4.89515829086, 3.88858699799, 12.8183460236, 22.8126716614, 12.9335031509, 7.01129293442, 10.7669868469, 5.6156835556, 8.83219623566, 15.605047226, 6.19512414932, 3.82457399368, 4.93654727936, 2.83255767822, 5.02794408798, 4.2741985321, 3.43304991722, 3.19429850578, 1.01091444492, 1.09527075291, 1.64165258408, 2.47970604897, 3.29673671722, 3.88924431801, 4.56053829193, 2.4423365593, 1.09959232807, 0.296283990145, 0.0461294017732, 0.00181585270911, 4.48404571216e-05],
        "dvar": [0.00194572319742, 0.1332821697, 1.3727260828, 15.5797748566, 61.7220573425, 354.239013672, 214.344818115, 313.018920898, 111.32938385, 59.7893714905, 310.500335693, 1662.26391602, 5599.64550781, 2230.76098633, 594.432556152, 1547.98901367, 178.034805298, 768.245422363, 2807.66992188, 348.925292969, 495.203063965, 1445.70092773, 69.5311050415, 116.268943787, 147.46395874, 47.1058731079, 32.5184593201, 4.62308359146, 7.32639980316, 35.9742126465, 58.52501297, 125.86000061, 192.748214722, 150.743057251, 61.1116943359, 12.4074487686, 0.660797953606, 0.0141137121245, 2.3305452487e-05, 1.21767111949e-08],
        "dvar2": [0.00347473961301, 0.251717329025, 3.37531805038, 35.6736946106, 136.914779663, 975.257141113, 573.661010742, 632.140441895, 282.351226807, 118.069656372, 425.862731934, 2317.03125, 10232.2050781, 4027.734375, 811.676025391, 2367.98193359, 248.681259155, 1060.18005371, 4545.48925781, 534.686157227, 606.47277832, 1544.20068359, 84.6679992676, 190.940078735, 226.407363892, 64.502494812, 63.3177986145, 10.3297138214, 14.2990694046, 62.9338798523, 108.960662842, 211.142974854, 377.988433838, 341.598327637, 125.946357727, 27.4854240417, 1.24099946022, 0.0246504843235, 4.15772301494e-05, 2.10808810408e-08],
        "max": [1.0829461813, 10.3022603989, 24.5570392609, 56.1132583618, 160.557434082, 381.287445068, 217.599349976, 428.598907471, 225.074661255, 121.97039032, 670.892272949, 1264.71105957, 1887.66247559, 998.968322754, 592.140625, 2206.12011719, 495.166564941, 895.756652832, 1533.00854492, 496.504974365, 1076.72155762, 1827.54431152, 378.307403564, 233.65171814, 432.902526855, 277.050842285, 142.718490601, 45.3438796997, 59.3639602661, 96.9492340088, 143.555923462, 230.112533569, 260.34576416, 234.537384033, 165.58605957, 77.8474197388, 18.4098548889, 2.61989045143, 0.0948667228222, 0.00194616126828],
        "mean": [0.13170658052, 1.00116360188, 2.12697434425, 3.41434931755, 6.7923874855, 17.9031085968, 14.5167045593, 18.6927070618, 13.2606716156, 12.8249168396, 9.95164012909, 33.2968254089, 56.9847259521, 28.8903865814, 19.4569187164, 35.1598625183, 14.6066389084, 20.5530281067, 37.966178894, 14.885222435, 10.535074234, 14.3319664001, 7.05827188492, 10.8808288574, 9.8129196167, 7.56229496002, 5.54495859146, 1.34261453152, 1.22786784172, 1.80212426186, 3.03113079071, 3.94531059265, 4.99556350708, 6.06154251099, 3.16489315033, 1.20276522636, 0.351544290781, 0.061589833349, 0.00230500474572, 8.43116649776e-05],
        "median": [0.00664390437305, 0.172780558467, 0.57071429491, 1.36560380459, 2.52370548248, 5.05213737488, 5.68415546417, 5.73808813095, 6.0703420639, 6.3059463501, 2.98995518684, 4.84056806564, 2.55470132828, 1.79218423367, 1.82622528076, 1.78275227547, 2.49010372162, 1.30718028545, 1.54316973686, 0.947413027287, 0.735257565975, 0.7169739604, 0.540191829205, 0.726917624474, 0.807359695435, 1.06555843353, 1.05888557434, 0.420662403107, 0.229488179088, 0.144189327955, 0.249773144722, 0.378926426172, 0.526588261127, 0.656726956367, 0.340604960918, 0.113389886916, 0.0318733640015, 0.00719995331019, 0.000269720854703, 3.54553740181e-05],
        "min": [2.28927990053e-22, 3.81006660284e-21, 1.24895394844e-20, 1.95091726849e-20, 4.6614309392e-20, 9.30606623456e-20, 9.55850043176e-20, 7.92812550571e-19, 1.00170103935e-18, 1.67458537749e-18, 1.1832204481e-18, 1.82002337472e-18, 2.25268557079e-18, 2.31839307634e-18, 1.77911122842e-18, 4.88130156893e-18, 3.8132972472e-18, 5.53939777888e-18, 5.29018190879e-18, 8.55771862272e-18, 8.84257481026e-18, 4.52708959574e-18, 7.08770204174e-18, 1.64539442183e-17, 1.75227327072e-17, 1.11814172389e-17, 1.69138649107e-17, 2.00411800351e-17, 1.89418007528e-17, 1.51080221e-17, 1.53762172156e-17, 2.06524119139e-17, 2.35216715026e-17, 1.18512920872e-17, 7.85250413712e-18, 5.9373659521e-18, 2.35421289199e-18, 1.15855723095e-18, 4.2309779099e-19, 4.00485406616e-20],
        "var": [0.0487062558532, 3.04623651505, 10.4917459488, 29.367269516, 264.867431641, 1412.55932617, 560.154907227, 1262.22021484, 395.492126465, 302.516326904, 1408.42321777, 8188.92431641, 22944.7695312, 8731.30273438, 4271.61230469, 25896.78125, 2115.58129883, 4147.07226562, 23732.8261719, 2363.42578125, 4197.67822266, 14043.6259766, 872.194702148, 819.653930664, 1466.50842285, 420.954406738, 138.87461853, 8.58408737183, 13.9244861603, 84.6981658936, 139.343688965, 291.919006348, 407.696105957, 285.402160645, 109.012176514, 21.7232341766, 1.76741337776, 0.0469696708024, 7.57388042985e-05, 3.80795484034e-08]
    },
    "gfcc": {
        "mean": [-56.2285842896, 85.7255783081, -70.6753082275, 10.0489368439, -61.326965332, 10.228386879, -46.8824005127, 10.8126001358, -38.686416626, 9.29136657715, -15.569767952, -6.50699710846, -9.26943492889],
        "cov": [[15824.5068359, -2727.85864258, -1087.27783203, 477.791381836, 490.524475098, 568.001831055, -212.282943726, 892.504516602, -864.776550293, 131.013397217, -79.2857208252, -64.6065216064, 270.280639648], [-2727.85864258, 1946.73400879, -208.118484497, -97.609916687, 115.485168457, -154.528457642, 278.612304688, -260.974609375, 303.512084961, 9.45954704285, 119.796333313, -79.3613204956, -16.7883625031], [-1087.27783203, -208.118484497, 1054.7199707, 107.59437561, -79.661605835, 79.7832107544, -7.79505395889, -20.0708904266, 169.930389404, 33.0757255554, -9.79543018341, 154.832275391, -51.6930236816], [477.791381836, -97.609916687, 107.59437561, 361.632080078, 107.440505981, 61.9047355652, 14.1046028137, 41.3750038147, 101.495315552, 36.5773696899, 26.1698246002, 38.4336280823, 3.86788702011], [490.524475098, 115.485168457, -79.661605835, 107.440505981, 494.429962158, 183.324615479, 171.093490601, 205.29586792, -1.10214233398, 73.4108200073, 95.3600463867, 44.7848701477, 165.030715942], [568.001831055, -154.528457642, 79.7832107544, 61.9047355652, 183.324615479, 319.173583984, 145.775177002, 130.931381226, -9.94344043732, 62.4072418213, 78.551902771, 22.7186813354, 65.2522735596], [-212.282943726, 278.612304688, -7.79505395889, 14.1046028137, 171.093490601, 145.775177002, 280.117584229, 100.853294373, 44.7788200378, 49.8348197937, 79.2927474976, 2.45295190811, 64.6563568115], [892.504516602, -260.974609375, -20.0708904266, 41.3750038147, 205.29586792, 130.931381226, 100.853294373, 351.311096191, -41.4310531616, 15.6210336685, 47.7585220337, 30.7549514771, 131.181106567], [-864.776550293, 303.512084961, 169.930389404, 101.495315552, -1.10214233398, -9.94344043732, 44.7788200378, -41.4310531616, 276.587219238, 20.7707023621, 20.101316452, 25.5003833771, -69.5550842285], [131.013397217, 9.45954704285, 33.0757255554, 36.5773696899, 73.4108200073, 62.4072418213, 49.8348197937, 15.6210336685, 20.7707023621, 124.713935852, 46.5271339417, 11.3989753723, 17.8149929047], [-79.2857208252, 119.796333313, -9.79543018341, 26.1698246002, 95.3600463867, 78.551902771, 79.2927474976, 47.7585220337, 20.101316452, 46.5271339417, 116.56539917, 14.8227710724, 30.4385166168], [-64.6065216064, -79.3613204956, 154.832275391, 38.4336280823, 44.7848701477, 22.7186813354, 2.45295190811, 30.7549514771, 25.5003833771, 11.3989753723, 14.8227710724, 103.499404907, 32.1954689026], [270.280639648, -16.7883625031, -51.6930236816, 3.86788702011, 165.030715942, 65.2522735596, 64.6563568115, 131.181106567, -69.5550842285, 17.8149929047, 30.4385166168, 32.1954689026, 199.032913208]],
        "icov": [[0.0001304843463, 5.50152253709e-05, 0.00015048457135, -0.000226016942179, 2.66476774868e-07, -0.000191758066649, 0.000139623996802, -0.000266636605375, 0.000311128125759, -0.000197500543436, 0.000226562478929, -3.73225811927e-05, 0.000161745207151], [5.50152253709e-05, 0.00164548237808, 0.000199145884835, 0.000579176936299, -0.000779217516538, 0.00134444003925, -0.00169028376695, 0.00164818787016, -0.00166626600549, 0.000691226799972, -0.00148152653128, 0.00118212471716, -0.000836152466945], [0.00015048457135, 0.000199145884835, 0.00171367928851, -0.000289064279059, 0.000525379262399, -0.000796335167252, 3.69889348804e-05, -0.000183050549822, -0.000485219294205, -0.000481900235172, 0.000740762741771, -0.00224170158617, 0.00032011923031], [-0.000226016942179, 0.000579176936299, -0.000289064279059, 0.00422867853194, -0.00113045203034, 0.000410049513448, -0.000101282857941, 0.000984727987088, -0.00261355494149, 0.000249479926424, -0.000966244493611, 0.000162345764693, -0.000428873638157], [2.66476774868e-07, -0.000779217516538, 0.000525379262399, -0.00113045203034, 0.00470984075218, -0.0015714437468, -0.000106153907836, -0.00171166227665, 0.000505753967445, -0.00122285622638, 0.000106758408947, -0.00165361072868, -0.00159771356266], [-0.000191758066649, 0.00134444003925, -0.000796335167252, 0.000410049513448, -0.0015714437468, 0.00702373124659, -0.00350030255504, 0.00106124021113, -0.000814958708361, 9.72360430751e-05, -0.00315476232208, 0.00164745328948, -0.000480615883134], [0.000139623996802, -0.00169028376695, 3.69889348804e-05, -0.000101282857941, -0.000106153907836, -0.00350030255504, 0.00822544936091, -0.00257187569514, 0.000609590555541, -0.00133530120365, 0.000118780131743, 6.13474694546e-05, 0.000242483787588], [-0.000266636605375, 0.00164818787016, -0.000183050549822, 0.000984727987088, -0.00171166227665, 0.00106124021113, -0.00257187569514, 0.00696305558085, -0.00226040370762, 0.00212847534567, -0.00233423383906, 0.00111105362885, -0.00305125652812], [0.000311128125759, -0.00166626600549, -0.000485219294205, -0.00261355494149, 0.000505753967445, -0.000814958708361, 0.000609590555541, -0.00226040370762, 0.00829787086695, -0.00146010925528, 0.00157982972451, -0.00200399314053, 0.00361440097913], [-0.000197500543436, 0.000691226799972, -0.000481900235172, 0.000249479926424, -0.00122285622638, 9.72360430751e-05, -0.00133530120365, 0.00212847534567, -0.00146010925528, 0.0109281949699, -0.00398385012522, 0.000923459767364, -0.000819056702312], [0.000226562478929, -0.00148152653128, 0.000740762741771, -0.000966244493611, 0.000106758408947, -0.00315476232208, 0.000118780131743, -0.00233423383906, 0.00157982972451, -0.00398385012522, 0.0147845372558, -0.00289138872176, 0.00133954687044], [-3.73225811927e-05, 0.00118212471716, -0.00224170158617, 0.000162345764693, -0.00165361072868, 0.00164745328948, 6.13474694546e-05, 0.00111105362885, -0.00200399314053, 0.000923459767364, -0.00289138872176, 0.0156721025705, -0.00323210097849], [0.000161745207151, -0.000836152466945, 0.00032011923031, -0.000428873638157, -0.00159771356266, -0.000480615883134, 0.000242483787588, -0.00305125652812, 0.00361440097913, -0.000819056702312, 0.00133954687044, -0.00323210097849, 0.00989460106939]]
    },
    "melbands": {
        "dmean": [0.000122752477182, 0.00021578099404, 0.000219976922381, 0.000315246492391, 0.000196510431124, 0.000140585136251, 6.2299091951e-05, 3.51128255716e-05, 3.27077032125e-05, 8.07925389381e-05, 9.42303231568e-05, 4.63550750283e-05, 2.19037447096e-05, 2.76769151242e-05, 2.03984764084e-05, 7.51107063479e-06, 1.6201980543e-05, 2.24999912461e-05, 1.17941071949e-05, 4.03131753046e-06, 3.50739173882e-06, 4.9442855925e-06, 1.89903119008e-06, 3.1113447676e-06, 3.32702620653e-06, 3.18903516927e-06, 1.86401393876e-06, 1.95908364731e-06, 1.72269039922e-06, 7.30205385935e-07, 3.382392606e-07, 4.09446442973e-07, 5.25571579146e-07, 7.58872374718e-07, 9.84632720247e-07, 1.32075058445e-06, 1.56469639023e-06, 1.91595518118e-06, 2.3244424483e-06, 2.85329497274e-06],
        "dmean2": [0.000176639136043, 0.00035768354428, 0.000344752945239, 0.000508482451551, 0.000315761659294, 0.000211841776036, 9.15559576242e-05, 4.60108822153e-05, 3.98536831199e-05, 9.22092585824e-05, 0.000117296316603, 5.64897272852e-05, 2.40269564529e-05, 3.25014880218e-05, 2.57573719864e-05, 9.30882742978e-06, 1.99053411052e-05, 3.05621797452e-05, 1.4306758203e-05, 5.3257322179e-06, 4.11457995142e-06, 6.08455093243e-06, 2.47895991379e-06, 3.97222947868e-06, 4.46415106126e-06, 4.18543095293e-06, 2.54280757872e-06, 2.59672583525e-06, 2.50302241511e-06, 1.11650058443e-06, 5.150063771e-07, 6.29026487786e-07, 7.72684529693e-07, 1.02774856714e-06, 1.35780737764e-06, 1.97533040591e-06, 2.20451806854e-06, 2.68185590357e-06, 3.45891726283e-06, 4.30223826697e-06],
        "dvar": [1.68161520264e-07, 2.55138331795e-07, 4.53551535884e-07, 9.21121454667e-07, 2.00935303951e-07, 1.49402126226e-07, 2.24415721561e-08, 7.01188440644e-09, 2.44854359011e-08, 9.20042069197e-08, 1.38877297218e-07, 4.23335002608e-08, 8.87678108796e-09, 2.12522746068e-08, 7.64223084815e-09, 7.4881362222e-10, 4.36817249039e-09, 1.26424595237e-08, 3.25278537439e-09, 3.88375887006e-10, 5.71055036591e-10, 2.1298083297e-09, 8.74751174273e-11, 1.34314767641e-10, 9.59543833279e-11, 1.56244614469e-10, 3.12434557392e-11, 2.27438571448e-11, 2.1738468664e-11, 4.05035423603e-12, 1.81951047111e-12, 2.30562010456e-12, 5.95495484521e-12, 1.60077576195e-11, 1.70515077752e-11, 3.4943197641e-11, 5.98619626091e-11, 9.6970785568e-11, 9.00712907037e-11, 1.34622327175e-10],
        "dvar2": [2.82043089328e-07, 5.62909576729e-07, 1.00817658222e-06, 2.41559973801e-06, 5.19128548149e-07, 3.24621709069e-07, 5.61549065026e-08, 1.21604841752e-08, 3.67814436686e-08, 1.28817987388e-07, 2.50759455867e-07, 7.70281474161e-08, 1.0588396826e-08, 2.26582788088e-08, 9.3851992844e-09, 1.01941377562e-09, 5.85060311309e-09, 1.9315001154e-08, 4.74975747622e-09, 5.49990164522e-10, 6.56391385689e-10, 2.38967157173e-09, 1.09638534362e-10, 2.05476302639e-10, 1.60221044765e-10, 2.45826525802e-10, 5.4820686185e-11, 3.42624956184e-11, 4.21110576965e-11, 9.50988073012e-12, 4.32258525848e-12, 4.54424779056e-12, 1.26638430645e-11, 2.89916961965e-11, 3.35496908033e-11, 6.7675934301e-11, 1.03421965436e-10, 1.85470916403e-10, 1.94936441988e-10, 3.18672865873e-10],
        "max": [0.011018444784, 0.00955200847238, 0.00852575339377, 0.0179057046771, 0.00628536334261, 0.00863166805357, 0.00305292196572, 0.00209000636823, 0.00458451546729, 0.0100137116387, 0.00917047727853, 0.00430891243741, 0.00275115971453, 0.00699603464454, 0.00425815535709, 0.000960517092608, 0.00211561890319, 0.00354952109046, 0.00153768225573, 0.000780910719186, 0.00110190082341, 0.00201548915356, 0.000509528326802, 0.000407567014918, 0.000217303735553, 0.000474282045616, 0.000176817877218, 0.000157186048455, 0.000113547306682, 3.68557375623e-05, 3.12938755087e-05, 3.99573800678e-05, 5.65677146369e-05, 6.98302101227e-05, 7.70230544731e-05, 0.000116525188787, 0.000178591930307, 0.000188933729078, 0.000180006943992, 0.000224910821998],
        "mean": [0.00124951219186, 0.00119449035265, 0.000644957472105, 0.00094449595781, 0.000587558140978, 0.000422329467256, 0.00020017051429, 0.000121948236483, 9.33518604143e-05, 0.000246491050348, 0.00029252859531, 0.000124749334645, 6.34799216641e-05, 9.87677631201e-05, 7.61922274251e-05, 1.80205915967e-05, 4.24349345849e-05, 7.21706237528e-05, 3.49159017787e-05, 1.0184938219e-05, 1.00028510133e-05, 1.62535652635e-05, 5.10576592205e-06, 8.7120806711e-06, 8.55403504829e-06, 9.53116978053e-06, 4.64027880298e-06, 5.19615969097e-06, 4.19372327087e-06, 1.3870408111e-06, 5.63804917419e-07, 6.89856676672e-07, 7.23224445665e-07, 1.08339986582e-06, 1.56095973125e-06, 2.18331524593e-06, 2.4764678983e-06, 3.22975870404e-06, 4.22461198468e-06, 5.45941611563e-06],
        "median": [0.000117445197247, 0.000299420556985, 0.000268318748567, 0.000265772687271, 0.00023467601568, 0.000131567110657, 9.58395903581e-05, 6.04428059887e-05, 1.59942392202e-05, 2.26387346629e-05, 8.557003639e-06, 5.5485897974e-06, 4.84729162054e-06, 2.64662776317e-06, 7.18081491868e-06, 2.88217302113e-06, 2.3074735509e-06, 2.90262755698e-06, 1.06862444227e-06, 8.89971886409e-07, 7.11754410077e-07, 6.79366507939e-07, 5.76770275984e-07, 4.18407552161e-07, 5.39118332199e-07, 5.24675215274e-07, 5.94223365624e-07, 6.93413085173e-07, 7.50675326344e-07, 2.89136153242e-07, 1.36525997618e-07, 1.35657444389e-07, 5.54128263275e-08, 6.01646306109e-08, 1.14213094093e-07, 1.8109331279e-07, 1.99805228362e-07, 2.63860357563e-07, 4.07798978586e-07, 5.15100339271e-07],
        "min": [3.17383532124e-24, 6.31821812616e-24, 4.1520277741e-24, 5.10081247848e-24, 3.59556134725e-24, 1.71443030091e-23, 1.69636570173e-23, 1.58632875623e-23, 9.316547476e-24, 1.1734249956e-23, 1.19287720112e-23, 9.9470989859e-24, 5.88251486542e-24, 8.69328898516e-24, 1.42155038595e-23, 5.37530294134e-24, 1.17783512249e-23, 9.86696255084e-24, 8.68190887774e-24, 1.04226819264e-23, 1.0909720705e-23, 3.86509066388e-24, 6.28704115989e-24, 7.64040816788e-24, 1.36695900249e-23, 1.5205623692e-23, 9.32546791511e-24, 6.58305805914e-24, 1.00008851001e-23, 1.11242758829e-23, 1.16082026052e-23, 9.67732512239e-24, 1.16650976202e-23, 7.09221294762e-24, 8.88576394629e-24, 9.41774018633e-24, 1.38432798413e-23, 1.68428555914e-23, 1.457391019e-23, 8.42164788789e-24],
        "var": [4.5706074161e-06, 3.1309455153e-06, 1.09875406906e-06, 3.52391975866e-06, 8.88095883056e-07, 6.06996252372e-07, 8.11945852774e-08, 3.21744551002e-08, 1.12738618441e-07, 5.00240048495e-07, 5.99399129442e-07, 1.56451804401e-07, 7.12957941573e-08, 2.47923111374e-07, 1.44604058505e-07, 2.84388224081e-09, 2.07520312046e-08, 1.16298096486e-07, 2.28657182078e-08, 2.09141237661e-09, 4.64102800635e-09, 2.03791881148e-08, 7.97469812408e-10, 1.20414667126e-09, 5.11093833921e-10, 1.51444368157e-09, 2.06338821029e-10, 1.70214828343e-10, 8.8669446785e-11, 8.50000712177e-12, 2.81084075286e-12, 4.24598680868e-12, 1.04236697399e-11, 3.59976007336e-11, 3.88860749156e-11, 7.07037900449e-11, 1.34574670851e-10, 2.11588163657e-10, 1.730296878e-10, 2.34612634875e-10]
    },
    "mfcc": {
        "mean": [-719.289489746, 131.059783936, 35.94556427, 11.6829004288, 9.21549987793, -7.84363937378, 10.9979114532, -14.9284095764, -5.32479476929, 2.14092683792, -6.07598018646, -1.44444966316, -5.56054925919],
        "cov": [[11360.9443359, -1311.24645996, -1100.01525879, -109.575660706, 662.709899902, -408.837799072, 1061.45153809, -0.451112240553, 202.230010986, 278.30368042, -56.6419715881, -326.984344482, -131.71472168], [-1311.24645996, 1432.3236084, -210.384735107, 75.2392044067, -191.374938965, 126.961585999, -83.9278793335, -84.4574584961, -31.9555492401, -11.4038791656, 75.9695892334, 78.976348877, -7.11509561539], [-1100.01525879, -210.384735107, 915.789306641, 3.37944316864, -49.0979042053, 141.187469482, -257.45501709, 69.0291366577, -11.6123743057, -44.7379455566, 33.2593307495, 116.389541626, 17.4422206879], [-109.575660706, 75.2392044067, 3.37944316864, 271.131713867, 94.9373092651, 28.613401413, -4.04224300385, 50.4570465088, 65.3097381592, 16.4645080566, 20.2682094574, 52.790813446, 23.5833511353], [662.709899902, -191.374938965, -49.0979042053, 94.9373092651, 336.023254395, -37.4709129333, 170.145584106, 85.0800857544, 95.1313934326, 66.5074539185, -33.2085266113, -4.38830661774, 32.5585174561], [-408.837799072, 126.961585999, 141.187469482, 28.613401413, -37.4709129333, 315.601226807, -21.6348018646, 21.754032135, -21.731218338, 18.1036300659, 114.785888672, 22.7354125977, 18.5903987885], [1061.45153809, -83.9278793335, -257.45501709, -4.04224300385, 170.145584106, -21.6348018646, 518.95526123, 59.156879425, 97.1204528809, 98.1965332031, -3.72313404083, -72.2635574341, 10.6569356918], [-0.451112240553, -84.4574584961, 69.0291366577, 50.4570465088, 85.0800857544, 21.754032135, 59.156879425, 186.331466675, 66.9559020996, 44.1991767883, 38.1961593628, 22.3692436218, 23.7666721344], [202.230010986, -31.9555492401, -11.6123743057, 65.3097381592, 95.1313934326, -21.731218338, 97.1204528809, 66.9559020996, 177.03163147, 43.1031303406, -12.6617965698, -6.90899038315, 25.398815155], [278.30368042, -11.4038791656, -44.7379455566, 16.4645080566, 66.5074539185, 18.1036300659, 98.1965332031, 44.1991767883, 43.1031303406, 150.633285522, 22.917755127, -0.683220386505, 34.6468696594], [-56.6419715881, 75.9695892334, 33.2593307495, 20.2682094574, -33.2085266113, 114.785888672, -3.72313404083, 38.1961593628, -12.6617965698, 22.917755127, 198.345016479, 34.8059310913, 11.535990715], [-326.984344482, 78.976348877, 116.389541626, 52.790813446, -4.38830661774, 22.7354125977, -72.2635574341, 22.3692436218, -6.90899038315, -0.683220386505, 34.8059310913, 139.072021484, 18.0880126953], [-131.71472168, -7.11509561539, 17.4422206879, 23.5833511353, 32.5585174561, 18.5903987885, 10.6569356918, 23.7666721344, 25.398815155, 34.6468696594, 11.535990715, 18.0880126953, 80.8541870117]],
