{
"lowlevel": {
    "average_loudness": 0.936958730221,
    "barkbands_crest": {
        "dmean": 2.04525852203,
        "dmean2": 3.18438005447,
        "dvar": 4.36625576019,
        "dvar2": 9.90897083282,
        "max": 25.5225448608,
        "mean": 12.5418806076,
        "median": 11.9142904282,
        "min": 3.97073698044,
        "var": 20.418340683
    },
    "barkbands_flatness_db": {
        "dmean": 0.0232924968004,
        "dmean2": 0.0349680408835,
        "dvar": 0.000660376506858,
        "dvar2": 0.00137899722904,
        "max": 0.447986572981,
        "mean": 0.278374493122,
        "median": 0.283621788025,
        "min": 0.0845784842968,
        "var": 0.00291840429418
    },
    "barkbands_kurtosis": {
        "dmean": 3.43068146706,
        "dmean2": 5.2002286911,
        "dvar": 39.3931884766,
        "dvar2": 78.590423584,
        "max": 128.402633667,
        "mean": 7.78529310226,
        "median": 4.98204183578,
        "min": -1.8344950676,
        "var": 107.379699707
    },
    "barkbands_skewness": {
        "dmean": 0.503136873245,
        "dmean2": 0.729855239391,
        "dvar": 0.37925195694,
        "dvar2": 0.727899909019,
        "max": 9.88593006134,
        "mean": 1.99701368809,
        "median": 1.89803433418,
        "min": -2.11875772476,
        "var": 1.75700318813
    },
    "barkbands_spread": {
        "dmean": 2.87799239159,
        "dmean2": 4.50264692307,
        "dvar": 49.5835418701,
        "dvar2": 104.487693787,
        "max": 66.0427322388,
        "mean": 8.77051353455,
        "median": 5.59824705124,
        "min": 0.54919230938,
        "var": 127.387229919
    },
    "dissonance": {
        "dmean": 0.0312624201179,
        "dmean2": 0.0509106889367,
        "dvar": 0.000838762382045,
        "dvar2": 0.00225772894919,
        "max": 0.499670952559,
        "mean": 0.410911649466,
        "median": 0.418737024069,
        "min": 0.187376841903,
        "var": 0.00253424327821
    },
    "dynamic_complexity": 4.0498213768,
    "erbbands_crest": {
        "dmean": 2.27805876732,
        "dmean2": 3.51811861992,
        "dvar": 5.53417873383,
        "dvar2": 12.7691001892,
        "max": 27.8240795135,
        "mean": 12.2545852661,
        "median": 11.0999279022,
        "min": 3.5035431385,
        "var": 25.8437976837
    },
    "erbbands_flatness_db": {
        "dmean": 0.0171391740441,
        "dmean2": 0.0237253196537,
        "dvar": 0.00047133420594,
        "dvar2": 0.000940682424698,
        "max": 0.39389526844,
        "mean": 0.295141786337,
        "median": 0.301742464304,
        "min": 0.110628649592,
        "var": 0.00205900031142
    },
    "erbbands_kurtosis": {
        "dmean": 1.22074377537,
        "dmean2": 1.88026535511,
        "dvar": 2.2124414444,
        "dvar2": 4.8882818222,
        "max": 18.9951019287,
        "mean": 1.90671765804,
        "median": 0.935322761536,
        "min": -1.80090892315,
        "var": 9.17866134644
    },
    "erbbands_skewness": {
        "dmean": 0.352960407734,
        "dmean2": 0.517113924026,
        "dvar": 0.15755790472,
        "dvar2": 0.30203294754,
        "max": 4.08336162567,
        "mean": 0.895906686783,
        "median": 0.862783372402,
        "min": -2.51938700676,
        "var": 0.774376511574
    },
    "erbbands_spread": {
        "dmean": 5.2071595192,
        "dmean2": 8.12308597565,
        "dvar": 105.948616028,
        "dvar2": 243.366836548,
        "max": 107.828033447,
        "mean": 20.6459026337,
        "median": 16.6827087402,
        "min": 3.89694023132,
        "var": 252.061965942
    },
    "hfc": {
        "dmean": 4.16804933548,
        "dmean2": 6.10062980652,
        "dvar": 108.582382202,
        "dvar2": 212.851928711,
        "max": 157.20602417,
        "mean": 14.4448156357,
        "median": 10.2825708389,
        "min": 1.19665148724e-16,
        "var": 300.739379883
    },
    "melbands_crest": {
        "dmean": 2.49975252151,
        "dmean2": 3.73749613762,
        "dvar": 6.0483880043,
        "dvar2": 14.0458974838,
        "max": 32.3758201599,
        "mean": 16.3561973572,
        "median": 15.7257013321,
        "min": 2.40953397751,
        "var": 30.5318546295
    },
    "melbands_flatness_db": {
        "dmean": 0.0255120806396,
        "dmean2": 0.0349092371762,
        "dvar": 0.00118802150246,
        "dvar2": 0.002125157509,
        "max": 0.529262542725,
        "mean": 0.307962238789,
        "median": 0.315931499004,
        "min": 0.00783849600703,
        "var": 0.00576607417315
    },
    "melbands_kurtosis": {
        "dmean": 4.70588111877,
        "dmean2": 7.06561183929,
        "dvar": 54.0284385681,
        "dvar2": 114.136436462,
        "max": 145.880599976,
        "mean": 11.6369752884,
        "median": 7.45772457123,
        "min": -1.73724257946,
        "var": 206.388442993
    },
    "melbands_skewness": {
        "dmean": 0.533814907074,
        "dmean2": 0.767588317394,
        "dvar": 0.349442929029,
        "dvar2": 0.728896200657,
        "max": 8.94390106201,
        "mean": 2.3501522541,
        "median": 2.19134902954,
        "min": -0.2882989645,
        "var": 1.98720419407
    },
    "melbands_spread": {
        "dmean": 4.71129369736,
        "dmean2": 7.01725816727,
        "dvar": 209.939865112,
        "dvar2": 338.673309326,
        "max": 176.555480957,
        "mean": 13.6149129868,
        "median": 7.66637372971,
        "min": 0.802924871445,
        "var": 651.862243652
    },
    "pitch_salience": {
        "dmean": 0.052733913064,
        "dmean2": 0.0806577280164,
        "dvar": 0.0028344320599,
        "dvar2": 0.00622322363779,
        "max": 0.866654872894,
        "mean": 0.541945874691,
        "median": 0.554302632809,
        "min": 0.153121992946,
        "var": 0.0172488000244
    },
    "silence_rate_20dB": {
        "dmean": 0,
        "dmean2": 0,
        "dvar": 0,
        "dvar2": 0,
        "max": 1,
        "mean": 1,
        "median": 1,
        "min": 1,
        "var": 0
    },
    "silence_rate_30dB": {
        "dmean": 0,
        "dmean2": 0,
        "dvar": 0,
        "dvar2": 0,
        "max": 1,
        "mean": 1,
        "median": 1,
        "min": 1,
        "var": 0
    },
    "silence_rate_60dB": {
        "dmean": 0.0154798757285,
        "dmean2": 0.0309837330133,
        "dvar": 0.0152404122055,
        "dvar2": 0.0300239641219,
        "max": 1,
        "mean": 0.116782672703,
        "median": 0,
        "min": 0,
        "var": 0.103146180511
    },
    "spectral_centroid": {
        "dmean": 148.469299316,
        "dmean2": 216.831604004,
        "dvar": 186388.53125,
        "dvar2": 281670.03125,
        "max": 10963.3808594,
        "mean": 701.156311035,
        "median": 531.624816895,
        "min": 219.9894104,
        "var": 469176.03125
    },
    "spectral_complexity": {
        "dmean": 1.84984517097,
        "dmean2": 2.93261027336,
        "dvar": 3.95110082626,
        "dvar2": 8.61597251892,
        "max": 30,
        "mean": 11.9249811172,
        "median": 12,
        "min": 0,
        "var": 23.285194397
    },
    "spectral_decrease": {
        "dmean": 1.35975497528e-09,
        "dmean2": 1.96521066087e-09,
        "dvar": 4.04515059622e-18,
        "dvar2": 8.9740394522e-18,
        "max": 1.25688595583e-29,
        "mean": -5.93436988439e-09,
        "median": -4.925391206e-09,
        "min": -2.75340834577e-08,
        "var": 2.25783630039e-17
    },
    "spectral_energy": {
        "dmean": 0.00541839376092,
        "dmean2": 0.00787966977805,
        "dvar": 6.1795435613e-05,
        "dvar2": 0.000138238232466,
        "max": 0.106647312641,
        "mean": 0.0237078834325,
        "median": 0.0199769604951,
        "min": 1.08065500553e-20,
        "var": 0.000348357396433
    },
    "spectral_energyband_high": {
        "dmean": 0.000296635873383,
        "dmean2": 0.000441122072516,
        "dvar": 2.16306307266e-06,
        "dvar2": 4.11865494243e-06,
        "max": 0.0216443911195,
        "mean": 0.000435509660747,
        "median": 1.84016953426e-05,
        "min": 8.04140885995e-21,
        "var": 4.55409963251e-06
    },
    "spectral_energyband_low": {
        "dmean": 0.000115381291835,
        "dmean2": 0.000167909107404,
        "dvar": 1.35203450213e-07,
        "dvar2": 2.11575240883e-07,
        "max": 0.0109786177054,
        "mean": 0.000263281486696,
        "median": 0.000112052526674,
        "min": 3.24114357636e-23,
        "var": 3.91652775988e-07
    },
    "spectral_energyband_middle_high": {
        "dmean": 0.000951963709667,
        "dmean2": 0.0013079646742,
        "dvar": 4.32842489317e-06,
        "dvar2": 8.10905203252e-06,
        "max": 0.0374423637986,
        "mean": 0.00303000072017,
        "median": 0.00153369805776,
        "min": 1.52242813884e-21,
        "var": 1.86439938261e-05
    },
    "spectral_energyband_middle_low": {
        "dmean": 0.00505537772551,
        "dmean2": 0.00733176013455,
        "dvar": 5.70615229663e-05,
        "dvar2": 0.000126965212985,
        "max": 0.105404883623,
        "mean": 0.0204617362469,
        "median": 0.0170914828777,
        "min": 2.08893043519e-22,
        "var": 0.000292323500616
    },
    "spectral_entropy": {
        "dmean": 0.201838210225,
        "dmean2": 0.278801620007,
        "dvar": 0.0774885863066,
        "dvar2": 0.14001750946,
        "max": 9.79168128967,
        "mean": 6.49934577942,
        "median": 6.41885900497,
        "min": 4.90565490723,
        "var": 0.369749903679
    },
    "spectral_flux": {
        "dmean": 0.0200624819845,
        "dmean2": 0.0309166684747,
        "dvar": 0.000612335803453,
        "dvar2": 0.00136113457847,
        "max": 0.256577014923,
        "mean": 0.0539642721415,
        "median": 0.0435537323356,
        "min": 1.03954560238e-10,
        "var": 0.00175531813875
    },
    "spectral_kurtosis": {
        "dmean": 9.441822052,
        "dmean2": 15.6569471359,
        "dvar": 115.740409851,
        "dvar2": 303.796203613,
        "max": 90.0301742554,
        "mean": 19.9865570068,
        "median": 14.0740833282,
        "min": -1.31726145744,
        "var": 327.111236572
    },
    "spectral_rms": {
        "dmean": 0.000518973742146,
        "dmean2": 0.000734828412533,
        "dvar": 4.36311324847e-07,
        "dvar2": 9.08328445348e-07,
        "max": 0.0102003021166,
        "mean": 0.00434187427163,
        "median": 0.00441471626982,
        "min": 3.24699490385e-12,
        "var": 4.2777642193e-06
    },
    "spectral_rolloff": {
        "dmean": 300.830749512,
        "dmean2": 493.612121582,
        "dvar": 1050217.875,
        "dvar2": 1887835,
        "max": 18518.5546875,
        "mean": 1070.88452148,
        "median": 689.0625,
        "min": 215.33203125,
        "var": 2608130.75
    },
    "spectral_skewness": {
        "dmean": 0.716152369976,
        "dmean2": 1.14741885662,
        "dvar": 0.502759754658,
        "dvar2": 1.23362958431,
        "max": 7.54884815216,
        "mean": 2.97579908371,
        "median": 2.77690839767,
        "min": -0.251362264156,
        "var": 2.11043834686
    },
    "spectral_spread": {
        "dmean": 485014.25,
        "dmean2": 690178.5625,
        "dvar": 1.41831307264e+12,
        "dvar2": 1.63337365094e+12,
        "max": 39936624,
        "mean": 2576191.75,
        "median": 2249181.25,
        "min": 697297.25,
        "var": 3.4524847145e+12
    },
    "spectral_strongpeak": {
        "dmean": 0.449646323919,
        "dmean2": 0.739101171494,
        "dvar": 0.735249996185,
        "dvar2": 2.07038450241,
        "max": 10.9118099213,
        "mean": 1.34100997448,
        "median": 0.957085669041,
        "min": 1.07180120335e-09,
        "var": 1.5944455862
    },
    "zerocrossingrate": {
        "dmean": 0.00764810200781,
        "dmean2": 0.00835524499416,
        "dvar": 0.000461467891,
        "dvar2": 0.000457680143882,
        "max": 0.50048828125,
        "mean": 0.0376089848578,
        "median": 0.02685546875,
        "min": 0.0087890625,
        "var": 0.00199920544401
    },
    "barkbands": {
        "dmean": [2.50418793257e-07, 1.18070884128e-05, 4.15090944443e-05, 0.000226433738135, 0.00305314175785, 0.00177113630343, 0.000632823968772, 0.0010751435766, 0.000779591850005, 0.000632673152722, 0.000258986576227, 0.000178610804141, 0.000175220135134, 0.000111543529783, 0.000111816283606, 5.08502489538e-05, 4.32438282587e-05, 5.44189788343e-05, 1.62992892001e-05, 4.14519126934e-05, 4.28527455369e-05, 6.18357153144e-05, 0.000113830930786, 7.97805405455e-05, 8.2339911387e-06, 7.8669497583e-09, 9.60385215798e-10],
        "dmean2": [4.40479823283e-07, 1.86400939128e-05, 6.76037234371e-05, 0.000361335929483, 0.00460262037814, 0.00278580118902, 0.00092604215024, 0.00149178039283, 0.00114118412603, 0.000898300146218, 0.000388243148336, 0.000283199333353, 0.000265028356807, 0.00017264111375, 0.000179065667908, 7.66727971495e-05, 6.6177402914e-05, 8.52649609442e-05, 2.75926740869e-05, 6.18960839347e-05, 6.52639646432e-05, 9.39601377468e-05, 0.000174168322701, 0.000113513626275, 1.15774255391e-05, 1.22304157912e-08, 1.7307342226e-09],
        "dvar": [7.65270984603e-13, 3.74178743545e-10, 4.5290395434e-08, 3.51131120624e-07, 3.60342710337e-05, 1.08903559521e-05, 2.39957375925e-06, 5.4435677157e-06, 4.41887004854e-06, 3.51396943188e-06, 9.79833089332e-07, 2.29541996077e-07, 1.70011617229e-07, 1.11678467363e-07, 5.65540574371e-08, 1.38213787082e-08, 1.73402607828e-08, 3.09566807744e-08, 2.58477195203e-09, 5.34837951705e-08, 4.69403609316e-08, 8.21782251137e-08, 4.16487978327e-07, 2.13851706121e-07, 2.1762578406e-09, 1.85581403557e-15, 1.87469794526e-18],
        "dvar2": [2.16027781601e-12, 8.92355189741e-10, 8.55842259284e-08, 8.63555783326e-07, 8.03254151833e-05, 2.90410553134e-05, 5.56302029509e-06, 1.10341688924e-05, 8.22318997962e-06, 5.93492359258e-06, 2.2100134629e-06, 5.04147692482e-07, 3.6350061805e-07, 2.43680005951e-07, 1.40617487432e-07, 3.13455252865e-08, 3.70943915584e-08, 7.2562755804e-08, 7.18127513011e-09, 1.01055405821e-07, 1.08253153996e-07, 1.79219100005e-07, 9.76265823738e-07, 3.69946917544e-07, 3.98808053248e-09, 4.22648730724e-15, 5.71552355644e-18],
        "max": [1.76262310561e-05, 0.000283678411506, 0.00538585614413, 0.0133173447102, 0.0995291247964, 0.0399008020759, 0.0213191881776, 0.0330096818507, 0.0399100333452, 0.0322735905647, 0.0268138386309, 0.00738770281896, 0.00735358474776, 0.00656242854893, 0.00387097382918, 0.00226311734878, 0.00345462863334, 0.00436119316146, 0.000615972210653, 0.00653213635087, 0.00451911380515, 0.00495026493445, 0.0120129557326, 0.00767615763471, 0.000899931124877, 9.40968618579e-07, 1.18542340388e-08],
        "mean": [2.19679535007e-07, 2.5742505386e-05, 6.59640136291e-05, 0.000498844019603, 0.00800785981119, 0.00505350343883, 0.00124221562874, 0.00268504489213, 0.00228998390958, 0.00145263364539, 0.000704469857737, 0.000310473900754, 0.000307534442982, 0.000163457458257, 0.00018341653049, 8.65958136274e-05, 7.04355479684e-05, 8.20903660497e-05, 2.12722734432e-05, 5.43026253581e-05, 4.96397660754e-05, 8.06344833109e-05, 0.000143572397064, 0.000116306291602, 1.16671253636e-05, 8.91713192175e-09, 8.14523726245e-10],
        "median": [5.78673322593e-08, 7.301824553e-06, 2.57535903074e-05, 0.00018195839948, 0.00394506100565, 0.0026366491802, 0.000536046514753, 0.00082039879635, 0.000284116802504, 0.000481547554955, 0.000147918530274, 0.000123143487144, 0.000150836785906, 5.53508434677e-05, 6.1501552409e-05, 3.41865998053e-05, 1.73737171281e-05, 1.47873852256e-05, 5.38014774065e-06, 3.68382757188e-06, 2.56907651419e-06, 4.22048151449e-06, 4.28326939073e-06, 6.00651446803e-07, 9.0184400392e-08, 5.29705668217e-10, 2.40874681312e-10],
        "min": [3.07392999246e-23, 5.81773439674e-24, 1.53287901228e-23, 6.88637626048e-24, 4.2229207315e-23, 4.36241090329e-23, 1.30477656832e-23, 6.51289621802e-23, 2.97199338629e-23, 5.98148922001e-23, 4.52125909061e-23, 2.05863842886e-22, 4.73578508062e-23, 1.4139854623e-22, 1.56987068806e-22, 8.63270557205e-23, 7.48007376661e-23, 2.46763642871e-22, 1.55546697145e-22, 6.04294110587e-22, 4.10058582315e-22, 5.39214373327e-22, 7.20231369618e-22, 8.13154085057e-22, 1.28590133567e-21, 1.96668087528e-21, 2.28054058388e-21],
        "var": [5.11051650217e-13, 1.47710277343e-09, 5.95946048065e-08, 1.225224878e-06, 0.000132227723952, 3.99168202421e-05, 4.0772988541e-06, 1.86969100469e-05, 3.58132165275e-05, 1.02754620457e-05, 3.6943242776e-06, 3.44585458834e-07, 2.81470875052e-07, 1.50541296762e-07, 1.29025153228e-07, 2.64652353366e-08, 4.65940637184e-08, 5.08823454481e-08, 2.39496955601e-09, 8.94790659345e-08, 5.36519841887e-08, 1.24243797472e-07, 6.53097799841e-07, 4.98961355788e-07, 5.29396970705e-09, 3.04539134186e-15, 1.76048208705e-18]
    },
    "erbbands": {
        "dmean": [0.000131157416035, 0.00354648637585, 0.0330506265163, 0.378250092268, 2.82603931427, 12.3938360214, 20.5245018005, 11.6200914383, 8.88450431824, 11.8045396805, 24.2320652008, 20.6755161285, 18.1436805725, 14.8044633865, 11.547419548, 6.6597533226, 7.82755899429, 6.27740097046, 6.78628158569, 2.93018817902, 2.49709200859, 1.93929195404, 3.0080242157, 1.22772157192, 0.871998429298, 2.03939461708, 1.61025238037, 1.99537491798, 2.14453125, 2.47819805145, 3.4173104763, 2.06821990013, 1.17259514332, 0.194826975465, 0.013208867982, 0.000625021173619, 4.42982345703e-05, 8.20499190013e-06, 4.47806360171e-06, 6.80141056364e-06],
        "dmean2": [0.00021669488342, 0.00550570571795, 0.0521909222007, 0.575330853462, 4.31404066086, 18.9378738403, 30.6168518066, 18.5935688019, 12.7945451736, 17.0963916779, 34.087677002, 28.3487148285, 25.6356697083, 19.1385440826, 16.4842185974, 10.046245575, 11.6868219376, 9.52760696411, 10.9231081009, 4.6174120903, 3.71372008324, 2.90231990814, 4.64220666885, 2.02961230278, 1.44411087036, 3.03577613831, 2.48021245003, 2.95692873001, 3.25177240372, 3.75939297676, 5.27158212662, 3.11576128006, 1.69810938835, 0.276836723089, 0.016313765198, 0.000768906378653, 6.18245976511e-05, 1.20398544823e-05, 6.60821433485e-06, 9.95273057924e-06],
        "dvar": [4.48268053788e-08, 3.38718673447e-05, 0.0152406711131, 0.886191368103, 45.1354637146, 816.529968262, 1463.61547852, 700.288513184, 531.150268555, 607.13659668, 3679.95703125, 3199.86743164, 2242.67236328, 2600.34545898, 893.550598145, 291.246704102, 322.160736084, 332.467132568, 229.841918945, 63.6977081299, 36.7698478699, 27.6281318665, 85.2564620972, 14.4988794327, 10.4259462357, 123.717597961, 80.8503952026, 110.521537781, 88.5650787354, 139.206420898, 384.089355469, 133.412887573, 54.5468521118, 1.22379231453, 0.00613120244816, 1.29211321109e-05, 5.78252858929e-08, 1.82094284096e-09, 1.59139715294e-10, 1.04939758272e-10],
        "dvar2": [1.19552879596e-07, 7.75924345362e-05, 0.0273764040321, 1.97685599327, 104.228103638, 1880.57995605, 3101.09301758, 2198.93066406, 1238.1706543, 1328.8215332, 7599.23925781, 5469.97949219, 4179.1640625, 3592.25024414, 1589.76721191, 654.380493164, 672.464294434, 728.942077637, 562.527404785, 163.548080444, 77.7134017944, 60.6424942017, 202.454467773, 37.6463851929, 26.0303878784, 208.742355347, 186.611297607, 250.540863037, 190.677429199, 298.501617432, 889.689941406, 237.1512146, 108.309440613, 2.12251520157, 0.00926596112549, 1.96896271518e-05, 9.56378940487e-08, 3.16318415905e-09, 3.01230901334e-10, 2.35217234579e-10],
        "max": [0.00310136307962, 0.0809807553887, 3.29763197899, 23.6917152405, 80.4456253052, 437.241271973, 531.724853516, 452.516815186, 324.02432251, 375.519805908, 900.211364746, 1141.45568848, 1023.71942139, 1259.93518066, 646.397583008, 360.391143799, 318.971435547, 361.113891602, 249.455917358, 147.161010742, 133.789123535, 100.597343445, 192.273956299, 87.7785186768, 70.3182678223, 302.59463501, 220.21295166, 203.656478882, 120.586418152, 198.613128662, 335.547302246, 198.850280762, 132.152572632, 20.93227005, 1.88608562946, 0.0856467783451, 0.0045615863055, 0.000730402534828, 0.000209624384297, 0.000117698342365],
        "mean": [0.000258488667896, 0.00824626814574, 0.0681392177939, 0.899526298046, 5.19436597824, 30.7602291107, 60.3966674805, 34.7429084778, 19.2719650269, 29.8538646698, 58.9412574768, 67.111831665, 45.8807983398, 32.7211074829, 34.9230575562, 15.297829628, 14.2653951645, 10.6165132523, 11.1048364639, 5.53502845764, 4.63365459442, 3.30958461761, 4.77084732056, 2.06300568581, 1.22504115105, 2.64969396591, 1.957706213, 2.32343387604, 2.78976726532, 3.33569049835, 4.20019054413, 3.00505208969, 1.6015638113, 0.294658571482, 0.0176751241088, 0.000876127160154, 7.38234375603e-05, 1.37963015732e-05, 1.48690824062e-05, 2.82174405584e-05],
        "median": [0.000130637679831, 0.00324410106987, 0.0375089198351, 0.369685381651, 1.7123926878, 12.7618227005, 26.7873859406, 20.421459198, 9.18794536591, 15.9074583054, 16.5145359039, 9.88229179382, 18.7084751129, 9.81586074829, 8.05132198334, 7.12141466141, 7.01291227341, 4.02280855179, 3.34057116508, 2.51649284363, 1.79881203175, 0.982337117195, 0.981300413609, 0.516312301159, 0.26973721385, 0.184562861919, 0.100771136582, 0.12467122823, 0.139611542225, 0.161597669125, 0.10035892576, 0.0241482723504, 0.00757459225133, 0.00223590293899, 9.70628898358e-05, 2.34705985349e-05, 1.06741963464e-05, 2.22040262088e-06, 1.10046757982e-05, 2.45509654633e-05],
        "min": [3.02239295221e-22, 1.27141355805e-21, 1.39438417469e-20, 1.73554318611e-20, 3.70352218565e-20, 1.75829052371e-19, 4.171817694e-19, 2.22677331092e-19, 2.29802690738e-19, 7.68569127588e-19, 1.10456725577e-18, 7.62026387437e-19, 1.14475313749e-18, 1.70681150698e-18, 3.84307285412e-18, 8.1650063551e-18, 3.15347781323e-18, 6.62704019553e-18, 9.31327614757e-18, 5.07424061962e-18, 5.28756140061e-18, 4.79948348018e-18, 1.32635433373e-17, 8.22763798954e-18, 1.55096861162e-17, 2.34177296412e-17, 2.16534394214e-17, 1.49567985948e-17, 1.64316765162e-17, 2.57600983408e-17, 2.21271210905e-17, 1.55010685486e-17, 1.28676853018e-17, 1.4588633739e-17, 9.56060480509e-18, 6.55526697455e-18, 3.96164050953e-18, 1.28761550109e-18, 3.12889777944e-19, 3.39264121583e-20],
        "var": [1.05535669093e-07, 0.000124237398268, 0.0253749378026, 3.52950572968, 81.7832946777, 2480.56079102, 7566.18310547, 2041.90869141, 944.767883301, 1734.76489258, 12378.1953125, 29172.0273438, 7440.21875, 9859.7890625, 7389.90966797, 551.132080078, 563.812011719, 513.223144531, 513.848815918, 90.8774108887, 94.9746627808, 65.0268249512, 141.705978394, 26.9972476959, 13.7997045517, 218.953720093, 96.1280441284, 128.277801514, 145.706283569, 238.084884644, 597.021118164, 320.78704834, 103.265769958, 3.19732451439, 0.0150265339762, 3.30711627612e-05, 1.52090137817e-07, 4.55690729595e-09, 4.2096701125e-10, 4.97032470737e-10]
    },
    "gfcc": {
        "mean": [-121.567588806, 164.86050415, -160.629562378, -5.45998764038, -92.0050582886, -15.7936964035, -45.3312225342, -35.9719696045, -7.07330417633, -34.9092216492, -0.147480517626, -15.1289453506, 1.12804973125],
        "cov": [[9484.80859375, -933.454040527, -732.580322266, 722.000793457, -814.904968262, 18.5012531281, 170.076461792, 145.177505493, 49.653137207, -49.1537475586, -55.6926879883, -96.2517852783, -77.8192672729], [-933.454040527, 2072.40258789, -23.414937973, -772.973754883, 1025.46850586, -323.373626709, 115.0938797, -165.550888062, 130.698730469, -114.083435059, 16.4337863922, -7.21653842926, -65.6133575439], [-732.580322266, -23.414937973, 472.478363037, 55.0109634399, 47.819316864, 139.847808838, -106.928421021, 33.5259857178, -78.5138015747, 13.7821884155, 13.3758068085, -33.200302124, 14.8739099503], [722.000793457, -772.973754883, 55.0109634399, 653.637817383, -337.464630127, 85.2403030396, 4.58070850372, 116.206459045, -9.86771011353, 33.1683158875, -11.4711523056, 21.3674030304, 13.158162117], [-814.904968262, 1025.46850586, 47.819316864, -337.464630127, 692.238769531, -142.169189453, 22.6381645203, -33.3504333496, 42.3757209778, -10.4521198273, 30.2628707886, 6.13816022873, -13.7003040314], [18.5012531281, -323.373626709, 139.847808838, 85.2403030396, -142.169189453, 324.327728271, -48.1657447815, 50.3786621094, -58.0833435059, 42.6497421265, 17.7379512787, -53.2495155334, 15.9117679596], [170.076461792, 115.0938797, -106.928421021, 4.58070850372, 22.6381645203, -48.1657447815, 216.786880493, -8.04457473755, 45.9823493958, 11.9378509521, -32.3177833557, 41.353603363, -23.632314682], [145.177505493, -165.550888062, 33.5259857178, 116.206459045, -33.3504333496, 50.3786621094, -8.04457473755, 148.311569214, 2.27809548378, 14.8185405731, 22.7360076904, -20.188993454, 9.88899803162], [49.653137207, 130.698730469, -78.5138015747, -9.86771011353, 42.3757209778, -58.0833435059, 45.9823493958, 2.27809548378, 120.012023926, -5.59294891357, -16.6122646332, 27.840423584, -19.1384830475], [-49.1537475586, -114.083435059, 13.7821884155, 33.1683158875, -10.4521198273, 42.6497421265, 11.9378509521, 14.8185405731, -5.59294891357, 115.766838074, 14.0694494247, -16.5605583191, 27.1966152191], [-55.6926879883, 16.4337863922, 13.3758068085, -11.4711523056, 30.2628707886, 17.7379512787, -32.3177833557, 22.7360076904, -16.6122646332, 14.0694494247, 82.4003753662, 2.01623225212, 15.5697574615], [-96.2517852783, -7.21653842926, -33.200302124, 21.3674030304, 6.13816022873, -53.2495155334, 41.353603363, -20.188993454, 27.840423584, -16.5605583191, 2.01623225212, 102.355514526, 1.38828754425], [-77.8192672729, -65.6133575439, 14.8739099503, 13.158162117, -13.7003040314, 15.9117679596, -23.632314682, 9.88899803162, -19.1384830475, 27.1966152191, 15.5697574615, 1.38828754425, 68.4611206055]],
        "icov": [[0.00015882619482, -0.000231818325119, 0.000313241558615, -0.00025592194288, 0.000345830136212, -6.73791510053e-05, 6.629928248e-05, -0.000179986760486, 0.000196766734007, -6.81306919432e-05, 5.2352748753e-05, 0.000102468628029, 0.000141333570355], [-0.000231818325119, 0.00554195884615, -0.0014705559006, 0.00252316659316, -0.00626518623903, 0.00132542883512, -0.0030546458438, 0.00328413862735, -0.00385189265944, 0.00445460481569, -0.00227755378, 0.00393785024062, -0.000616499688476], [0.000313241558615, -0.0014705559006, 0.00393554568291, -0.00137284689117, 0.000937084492762, -0.00159885874018, 0.00201695645228, -0.00124050816521, 0.00258922530338, -0.00113037566189, 0.00142579036765, -0.00111774995457, 0.000661336467601], [-0.00025592194288, 0.00252316659316, -0.00137284689117, 0.00389048387296, -0.00171039451379, 0.000812972779386, -0.00140198017471, -0.000366174266674, -0.00180709070992, 0.00123302661814, -0.000457391375676, 0.000402003992349, -0.000183603260666], [0.000345830136212, -0.00626518623903, 0.000937084492762, -0.00171039451379, 0.00953872129321, -0.000433922279626, 0.00295114540495, -0.00414397800341, 0.00360122974962, -0.00522975996137, 0.00152225210331, -0.00413168407977, 0.000962570426054], [-6.73791510053e-05, 0.00132542883512, -0.00159885874018, 0.000812972779386, -0.000433922279626, 0.00500138429925, -0.000898104452062, -4.45434052381e-05, -0.000205593081773, -7.02887846273e-05, -0.00129137281328, 0.00239311694168, 4.75870838272e-05], [6.629928248e-05, -0.0030546458438, 0.00201695645228, -0.00140198017471, 0.00295114540495, -0.000898104452062, 0.0082836067304, -0.0024457690306, 0.00178992480505, -0.00445079896599, 0.00394206447527, -0.00499752769247, 0.00246438244358], [-0.000179986760486, 0.00328413862735, -0.00124050816521, -0.000366174266674, -0.00414397800341, -4.45434052381e-05, -0.0024457690306, 0.0112761240453, -0.00401193881407, 0.00326102529652, -0.00436098081991, 0.00489953998476, -0.00153373577632], [0.000196766734007, -0.00385189265944, 0.00258922530338, -0.00180709070992, 0.00360122974962, -0.000205593081773, 0.00178992480505, -0.00401193881407, 0.0140713863075, -0.004035981372, 0.00383864343166, -0.00530428579077, 0.0030541899614], [-6.81306919432e-05, 0.00445460481569, -0.00113037566189, 0.00123302661814, -0.00522975996137, -7.02887846273e-05, -0.00445079896599, 0.00326102529652, -0.004035981372, 0.014682658948, -0.00380028411746, 0.00596119975671, -0.0050548533909], [5.2352748753e-05, -0.00227755378, 0.00142579036765, -0.000457391375676, 0.00152225210331, -0.00129137281328, 0.00394206447527, -0.00436098081991, 0.00383864343166, -0.00380028411746, 0.0164927002043, -0.00474205100909, -0.000821585883386], [0.000102468628029, 0.00393785024062, -0.00111774995457, 0.000402003992349, -0.00413168407977, 0.00239311694168, -0.00499752769247, 0.00489953998476, -0.00530428579077, 0.00596119975671, -0.00474205100909, 0.016715252772, -0.00287121953443], [0.000141333570355, -0.000616499688476, 0.000661336467601, -0.000183603260666, 0.000962570426054, 4.75870838272e-05, 0.00246438244358, -0.00153373577632, 0.0030541899614, -0.0050548533909, -0.000821585883386, -0.00287121953443, 0.0184289850295]]
    },
    "melbands": {
        "dmean": [2.21102618525e-06, 1.24443649838e-05, 0.000110310618766, 0.000494091480505, 0.000709844694939, 0.000267767522018, 0.000134221409098, 0.000146876685903, 0.000194755819393, 0.000127819090267, 9.31054601097e-05, 6.35540200165e-05, 3.45889311575e-05, 2.62740686594e-05, 1.63493059517e-05, 1.52424263433e-05, 1.21473431136e-05, 1.10128330562e-05, 5.39530083188e-06, 4.28604289482e-06, 3.13099803861e-06, 2.43325348492e-06, 2.05865694625e-06, 3.18615798278e-06, 8.85451811428e-07, 5.65120046758e-07, 9.2562561349e-07, 1.53221435539e-06, 1.13716419037e-06, 9.25573829136e-07, 1.29035674945e-06, 1.23305744637e-06, 1.22228493638e-06, 1.50780726926e-06, 2.00212798518e-06, 1.87228363302e-06, 1.17671197586e-06, 1.06457832771e-06, 3.53708969669e-07, 1.0647028148e-07],
        "dmean2": [3.55741713065e-06, 2.00061240321e-05, 0.000172729603946, 0.000761716684792, 0.0010389998788, 0.000426909973612, 0.000192587220226, 0.000209120800719, 0.000279175437754, 0.000174008120666, 0.000133472960442, 8.13377992017e-05, 5.22291884408e-05, 3.95284514525e-05, 2.43533686444e-05, 2.3771506676e-05, 1.85354929272e-05, 1.77292095032e-05, 8.67179733177e-06, 6.68992970532e-06, 4.76131617688e-06, 3.69002259504e-06, 3.25313430949e-06, 5.03825549458e-06, 1.46694537762e-06, 9.79122887657e-07, 1.47811340412e-06, 2.30031105275e-06, 1.75796492385e-06, 1.4706638467e-06, 1.92743550542e-06, 1.82921223768e-06, 1.93081609723e-06, 2.34928234022e-06, 3.12596830554e-06, 2.94116807709e-06, 1.66848997196e-06, 1.60193940246e-06, 5.44662725588e-07, 1.36722704269e-07],
        "dvar": [1.27168041722e-11, 2.62306820709e-09, 7.42019352629e-08, 1.15451052807e-06, 1.76076446223e-06, 3.14959834213e-07, 1.17816632894e-07, 8.43079774882e-08, 2.38938326902e-07, 1.25545753349e-07, 5.81019641288e-08, 5.03350143788e-08, 1.20253655922e-08, 4.03766353685e-09, 2.00291894181e-09, 1.22333632113e-09, 1.23045718059e-09, 6.30243635058e-10, 1.50340101479e-10, 1.19043275237e-10, 8.33006025269e-11, 5.35044300531e-11, 3.28731833421e-11, 1.40562630979e-10, 7.01479326015e-12, 3.28999132625e-12, 2.57957787075e-11, 7.42378172824e-11, 3.98854872741e-11, 2.55173382424e-11, 4.91651233614e-11, 2.98836302925e-11, 3.72074593358e-11, 5.56329218804e-11, 1.30618571514e-10, 1.41547676358e-10, 4.42045809679e-11, 4.9145822828e-11, 4.26862278163e-12, 3.90724101294e-13],
        "dvar2": [3.15776675641e-11, 4.97134733379e-09, 1.78991996336e-07, 2.65104540631e-06, 3.76570301341e-06, 9.60830334407e-07, 2.72651277555e-07, 1.75000863578e-07, 4.96941197525e-07, 2.00751159696e-07, 1.08615338945e-07, 6.75550211326e-08, 2.26839897977e-08, 7.90472665102e-09, 3.89574150716e-09, 2.88490786815e-09, 2.62225574588e-09, 1.51390955327e-09, 3.73819725175e-10, 2.91907109595e-10, 1.84641843481e-10, 1.18334717025e-10, 8.31961860515e-11, 3.25030086179e-10, 1.88833948478e-11, 9.19662002802e-12, 5.27897274505e-11, 1.33966393534e-10, 9.30381466313e-11, 6.20548473718e-11, 1.13768446053e-10, 6.71218705617e-11, 8.12882816614e-11, 1.30480390381e-10, 3.03481018094e-10, 3.39158007234e-10, 7.54369830491e-11, 1.02036656902e-10, 8.58637466683e-12, 6.34493651196e-13],
        "max": [5.32062258571e-05, 0.00128936814144, 0.00472244992852, 0.0167118757963, 0.0196856074035, 0.00905186124146, 0.00476647494361, 0.00407891953364, 0.00669425027445, 0.00774390203878, 0.00497984141111, 0.00549893267453, 0.00257665081881, 0.000998366973363, 0.000903655483853, 0.00062031444395, 0.000677688105498, 0.000432862958405, 0.000182171890629, 0.000225746960496, 0.000217262699152, 0.000146853344631, 0.000116206603707, 0.000338409736287, 4.77602261526e-05, 1.92485968e-05, 0.000133809953695, 0.000237724612816, 0.000136522590765, 0.000110670596769, 0.000139177383971, 8.15251623862e-05, 0.000125895370729, 0.000137675422593, 0.000180658957106, 0.000276389851933, 0.000112506917503, 0.000128437532112, 4.19900316047e-05, 1.48934568642e-05],
        "mean": [4.52459653388e-06, 2.36779687839e-05, 0.00023207711638, 0.00111213175114, 0.00213040434755, 0.000778511690442, 0.000280715787085, 0.00036662389175, 0.00044555120985, 0.000416759488871, 0.00021530246886, 0.000131419787067, 9.71847039182e-05, 6.20215942035e-05, 3.07514201268e-05, 2.69891297648e-05, 1.87570331036e-05, 1.75289551407e-05, 8.84636847331e-06, 7.63862954045e-06, 5.07991899212e-06, 3.70273255612e-06, 3.35036156685e-06, 4.54865175925e-06, 1.32322975332e-06, 6.63808350509e-07, 1.22682206438e-06, 1.92023162526e-06, 1.297793915e-06, 1.02873389096e-06, 1.44896876009e-06, 1.53249925461e-06, 1.63092261118e-06, 1.95092593458e-06, 2.42730811806e-06, 2.30720524996e-06, 1.72159229805e-06, 1.39283031331e-06, 4.92852564093e-07, 1.48049650761e-07],
        "median": [1.44398381963e-06, 1.18657189887e-05, 9.73819260253e-05, 0.000367391679902, 0.000956639472861, 0.000448587321443, 0.000123655569041, 0.000176948058652, 0.00010191842739, 5.33729471499e-05, 8.65532856551e-05, 3.09761708195e-05, 2.07937264349e-05, 2.34142025874e-05, 1.43440629472e-05, 1.3634703464e-05, 6.16371062279e-06, 5.06810329171e-06, 3.61151182915e-06, 3.32605191034e-06, 1.46856280026e-06, 9.44608530062e-07, 8.86217321749e-07, 7.24733411062e-07, 2.92195522889e-07, 1.48919994558e-07, 1.29491326106e-07, 9.8748436983e-08, 5.28596544314e-08, 4.52547475049e-08, 6.90242103474e-08, 7.09826153411e-08, 8.20797296797e-08, 8.67550724593e-08, 6.01329546157e-08, 2.53028211716e-08, 6.35370156488e-09, 4.05626376931e-09, 3.80477160888e-09, 7.75862651903e-10],
        "min": [3.43397265715e-24, 5.51000172977e-24, 4.13399756925e-24, 6.13183553781e-24, 1.35722761437e-23, 5.85787124517e-24, 3.49538271761e-24, 1.03665394846e-23, 8.52796819412e-24, 4.63217151394e-24, 5.95603867394e-24, 7.10910877049e-24, 8.29147952765e-24, 2.30085387841e-23, 1.40193173078e-23, 4.47200671777e-24, 1.33690971289e-23, 1.57542654075e-23, 8.90281754134e-24, 5.75603482433e-24, 5.96502103864e-24, 4.35633959311e-24, 8.3905975338e-24, 1.21281999924e-23, 5.74101017953e-24, 7.0153849952e-24, 1.79099082949e-23, 1.52841831941e-23, 1.53036459704e-23, 1.17301510348e-23, 7.17372673382e-24, 9.08017161663e-24, 1.0574166886e-23, 1.4502076516e-23, 1.4628270595e-23, 7.41730094894e-24, 1.04655060295e-23, 8.82784104546e-24, 1.03812296524e-23, 1.27827762611e-23],
        "var": [4.47082995625e-11, 3.51613405059e-09, 2.13662602278e-07, 2.83520262201e-06, 8.58421026351e-06, 9.17058969208e-07, 2.09152005937e-07, 2.65265327926e-07, 7.55061194013e-07, 1.29582849695e-06, 1.78236305715e-07, 1.89808901041e-07, 6.39805080027e-08, 1.36744278123e-08, 3.46637296644e-09, 1.88640658649e-09, 1.90833815417e-09, 1.35151623226e-09, 2.46418274674e-10, 1.98819974373e-10, 2.03467256932e-10, 1.19000198584e-10, 5.00850159957e-11, 2.26154775462e-10, 1.17774253891e-11, 2.74373340887e-12, 4.22328838567e-11, 1.19200038728e-10, 4.66783209307e-11, 2.60660625029e-11, 5.44773184896e-11, 4.63827067032e-11, 5.43594197433e-11, 8.70178859524e-11, 1.93005236793e-10, 2.18355181159e-10, 1.07499606439e-10, 8.46551856393e-11, 8.64436300319e-12, 9.98657862135e-13]
    },
    "mfcc": {
        "mean": [-742.053771973, 176.725158691, -14.7207260132, -12.8558073044, -23.1119556427, -8.08249092102, -33.4856147766, -8.79828453064, -22.9143218994, -15.1555767059, -13.3073749542, -13.4616765976, -9.01312160492],
        "cov": [[7822.51220703, -996.426879883, -412.570526123, 632.82232666, -865.959655762, 121.49446106, -320.855743408, 325.941162109, -158.075942993, 226.169281006, 106.776824951, -69.0073928833, -91.4711837769], [-996.426879883, 2714.55932617, -680.770874023, -294.489044189, 538.713684082, -65.4286270142, 73.2964096069, -49.5545730591, 30.6646499634, -115.057128906, 87.2157592773, -86.1732025146, 77.013885498], [-412.570526123, -680.770874023, 630.572509766, -40.8101158142, 26.9101161957, 56.3531036377, 81.6142883301, -27.2583198547, 23.4545078278, 11.9282064438, -51.5405731201, 50.0111274719, -31.9759998322], [632.82232666, -294.489044189, -40.8101158142, 466.158538818, -101.239608765, -7.553647995, -53.2439575195, 107.530693054, 33.1866188049, 12.0190572739, 2.00620079041, 66.4300460815, 14.6413116455], [-865.959655762, 538.713684082, 26.9101161957, -101.239608765, 477.586486816, -36.3053894043, 123.956489563, -59.3936347961, 44.5858345032, -7.6230931282, -6.18498134613, 50.4030952454, 32.1042137146], [121.49446106, -65.4286270142, 56.3531036377, -7.553647995, -36.3053894043, 172.451812744, 26.7691287994, 8.19766616821, 31.561214447, 3.98936247826, 13.7149057388, 9.0500421524, 9.86152553558], [-320.855743408, 73.2964096069, 81.6142883301, -53.2439575195, 123.956489563, 26.7691287994, 205.492263794, -35.2213935852, 27.3276557922, 40.4519920349, -14.175994873, 16.2589130402, 38.7520904541], [325.941162109, -49.5545730591, -27.2583198547, 107.530693054, -59.3936347961, 8.19766616821, -35.2213935852, 181.532028198, 5.805103302, -13.2306365967, 44.6867828369, -8.08532810211, 20.6992397308], [-158.075942993, 30.6646499634, 23.4545078278, 33.1866188049, 44.5858345032, 31.561214447, 27.3276557922, 5.805103302, 130.590881348, 8.01375102997, 17.3558063507, 30.176607132, 17.1291217804], [226.169281006, -115.057128906, 11.9282064438, 12.0190572739, -7.6230931282, 3.98936247826, 40.4519920349, -13.2306365967, 8.01375102997, 172.099197388, -10.4240379333, 5.96659088135, 28.3861312866], [106.776824951, 87.2157592773, -51.5405731201, 2.00620079041, -6.18498134613, 13.7149057388, -14.175994873, 44.6867828369, 17.3558063507, -10.4240379333, 103.449295044, -12.9036121368, 0.902254104614], [-69.0073928833, -86.1732025146, 50.0111274719, 66.4300460815, 50.4030952454, 9.0500421524, 16.2589130402, -8.08532810211, 30.176607132, 5.96659088135, -12.9036121368, 122.529800415, 1.06249690056], [-91.4711837769, 77.013885498, -31.9759998322, 14.6413116455, 32.1042137146, 9.86152553558, 38.7520904541, 20.6992397308, 17.1291217804, 28.3861312866, 0.902254104614, 1.06249690056, 111.650054932]],
