{
"lowlevel": {
    "average_loudness": 0.95687276125,
    "barkbands_crest": {
        "dmean": 2.99569058418,
        "dmean2": 5.31185054779,
        "dvar": 6.11215305328,
        "dvar2": 19.9151191711,
        "max": 24.3667964935,
        "mean": 12.902097702,
        "median": 12.5575761795,
        "min": 4.41288948059,
        "var": 15.6631832123
    },
    "barkbands_flatness_db": {
        "dmean": 0.0263824351132,
        "dmean2": 0.046115566045,
        "dvar": 0.000457048503449,
        "dvar2": 0.00135581742506,
        "max": 0.435803234577,
        "mean": 0.347950786352,
        "median": 0.347489148378,
        "min": 0.218559712172,
        "var": 0.000869937997777
    },
    "barkbands_kurtosis": {
        "dmean": 3.50219035149,
        "dmean2": 5.96531152725,
        "dvar": 13.8562803268,
        "dvar2": 37.3205909729,
        "max": 49.800037384,
        "mean": 4.87020730972,
        "median": 3.71605300903,
        "min": -1.51793527603,
        "var": 20.8927955627
    },
    "barkbands_skewness": {
        "dmean": 0.644500136375,
        "dmean2": 1.08121168613,
        "dvar": 0.285139620304,
        "dvar2": 0.771596968174,
        "max": 6.35728263855,
        "mean": 1.86594426632,
        "median": 1.78197896481,
        "min": -0.751760840416,
        "var": 0.651293337345
    },
    "barkbands_spread": {
        "dmean": 1.71798467636,
        "dmean2": 2.90082335472,
        "dvar": 2.40531563759,
        "dvar2": 7.01290798187,
        "max": 20.558391571,
        "mean": 5.56202316284,
        "median": 5.25038194656,
        "min": 1.34664428234,
        "var": 4.9312171936
    },
    "dissonance": {
        "dmean": 0.0475666187704,
        "dmean2": 0.0817262604833,
        "dvar": 0.00130808423273,
        "dvar2": 0.00387394684367,
        "max": 0.495844691992,
        "mean": 0.389927506447,
        "median": 0.394817084074,
        "min": 0.230412855744,
        "var": 0.00246480922215
    },
    "dynamic_complexity": 0.845249295235,
    "erbbands_crest": {
        "dmean": 3.56291413307,
        "dmean2": 6.03085422516,
        "dvar": 8.66077041626,
        "dvar2": 22.8974075317,
        "max": 27.4607410431,
        "mean": 11.4724655151,
        "median": 10.7028007507,
        "min": 3.79211497307,
        "var": 14.7209300995
    },
    "erbbands_flatness_db": {
        "dmean": 0.0167707800865,
        "dmean2": 0.0273382421583,
        "dvar": 0.000172377724084,
        "dvar2": 0.000473955093184,
        "max": 0.375660479069,
        "mean": 0.296158879995,
        "median": 0.295408159494,
        "min": 0.215809956193,
        "var": 0.000438527902588
    },
    "erbbands_kurtosis": {
        "dmean": 0.771348118782,
        "dmean2": 1.30408811569,
        "dvar": 0.699789047241,
        "dvar2": 1.91620802879,
        "max": 11.4855470657,
        "mean": -0.15075340867,
        "median": -0.328323364258,
        "min": -1.71315252781,
        "var": 0.797029614449
    },
    "erbbands_skewness": {
        "dmean": 0.440285503864,
        "dmean2": 0.728871285915,
        "dvar": 0.122980810702,
        "dvar2": 0.342765510082,
        "max": 2.56436800957,
        "mean": 0.0534897781909,
        "median": 0.0597283765674,
        "min": -2.37348675728,
        "var": 0.264708966017
    },
    "erbbands_spread": {
        "dmean": 4.09329605103,
        "dmean2": 6.74851322174,
        "dvar": 11.4049463272,
        "dvar2": 31.016708374,
        "max": 42.8087882996,
        "mean": 17.222650528,
        "median": 16.9172019958,
        "min": 4.16626548767,
        "var": 20.5107116699
    },
    "hfc": {
        "dmean": 4.53057146072,
        "dmean2": 7.57916784286,
        "dvar": 13.8655395508,
        "dvar2": 40.0840187073,
        "max": 43.8632850647,
        "mean": 18.6879348755,
        "median": 18.4077949524,
        "min": 0.000350404676283,
        "var": 29.3089580536
    },
    "melbands_crest": {
        "dmean": 4.30637359619,
        "dmean2": 7.30115652084,
        "dvar": 11.1907958984,
        "dvar2": 32.0645751953,
        "max": 35.3305664062,
        "mean": 18.7885169983,
        "median": 18.2890071869,
        "min": 6.4701962471,
        "var": 31.7248058319
    },
    "melbands_flatness_db": {
        "dmean": 0.0287606585771,
        "dmean2": 0.0488181635737,
        "dvar": 0.000551776203793,
        "dvar2": 0.00158475025091,
        "max": 0.559819638729,
        "mean": 0.459051251411,
        "median": 0.459327667952,
        "min": 0.282475352287,
        "var": 0.00125555181876
    },
    "melbands_kurtosis": {
        "dmean": 6.5093870163,
        "dmean2": 11.0604381561,
        "dvar": 42.0170173645,
        "dvar2": 112.414161682,
        "max": 76.8370361328,
        "mean": 10.5734558105,
        "median": 8.73129749298,
        "min": -1.09525859356,
        "var": 63.3447189331
    },
    "melbands_skewness": {
        "dmean": 0.813539683819,
        "dmean2": 1.35942137241,
        "dvar": 0.428766727448,
        "dvar2": 1.17183899879,
        "max": 6.87749814987,
        "mean": 2.69386458397,
        "median": 2.60349392891,
        "min": -0.286051183939,
        "var": 0.909831345081
    },
    "melbands_spread": {
        "dmean": 2.19090747833,
        "dmean2": 3.6832036972,
        "dvar": 3.9909350872,
        "dvar2": 11.5025606155,
        "max": 20.5104007721,
        "mean": 5.80844020844,
        "median": 5.26711273193,
        "min": 1.20219814777,
        "var": 7.62695026398
    },
    "pitch_salience": {
        "dmean": 0.0863695815206,
        "dmean2": 0.148649916053,
        "dvar": 0.00464788358659,
        "dvar2": 0.0141422571614,
        "max": 0.846645951271,
        "mean": 0.4740216434,
        "median": 0.481380045414,
        "min": 0.157420098782,
        "var": 0.0111076263711
    },
    "silence_rate_20dB": {
        "dmean": 0,
        "dmean2": 0,
        "dvar": 0,
        "dvar2": 0,
        "max": 1,
        "mean": 1,
        "median": 1,
        "min": 1,
        "var": 0
    },
    "silence_rate_30dB": {
        "dmean": 0.165634676814,
        "dmean2": 0.331397593021,
        "dvar": 0.138200417161,
        "dvar2": 0.295126348734,
        "max": 1,
        "mean": 0.477369427681,
        "median": 0,
        "min": 0,
        "var": 0.249485433102
    },
    "silence_rate_60dB": {
        "dmean": 0.00154798757285,
        "dmean2": 0.00309717375785,
        "dvar": 0.00154557928909,
        "dvar2": 0.00463611306623,
        "max": 1,
        "mean": 0.00580270774662,
        "median": 0,
        "min": 0,
        "var": 0.00576921924949
    },
    "spectral_centroid": {
        "dmean": 65.6923980713,
        "dmean2": 111.573669434,
        "dvar": 3686.07885742,
        "dvar2": 11049.1533203,
        "max": 1144.85876465,
        "mean": 377.144714355,
        "median": 368.111328125,
        "min": 203.777191162,
        "var": 6224.2890625
    },
    "spectral_complexity": {
        "dmean": 1.68034052849,
        "dmean2": 2.93224930763,
        "dvar": 2.8111538887,
        "dvar2": 7.94077634811,
        "max": 35,
        "mean": 12.2332687378,
        "median": 12,
        "min": 0,
        "var": 4.6438202858
    },
    "spectral_decrease": {
        "dmean": 9.75958336369e-09,
        "dmean2": 1.67297553588e-08,
        "dvar": 6.91694383917e-17,
        "dvar2": 1.99607350662e-16,
        "max": -6.27207107865e-13,
        "mean": -2.91047062007e-08,
        "median": -2.73142664042e-08,
        "min": -8.98535148508e-08,
        "var": 1.59276075402e-16
    },
    "spectral_energy": {
        "dmean": 0.0371100567281,
        "dmean2": 0.0635874345899,
        "dvar": 0.000997247057967,
        "dvar2": 0.00288240658119,
        "max": 0.341164112091,
        "mean": 0.111542776227,
        "median": 0.104772806168,
        "min": 2.40423992182e-06,
        "var": 0.0022894195281
    },
    "spectral_energyband_high": {
        "dmean": 7.36825484182e-07,
        "dmean2": 1.37143172196e-06,
        "dvar": 2.56165835072e-11,
        "dvar2": 7.89965731718e-11,
        "max": 9.79329561233e-05,
        "mean": 1.8229906118e-06,
        "median": 1.51792505676e-06,
        "min": 1.62031388307e-10,
        "var": 1.3434238097e-11
    },
    "spectral_energyband_low": {
        "dmean": 0.0357498712838,
        "dmean2": 0.0610040128231,
        "dvar": 0.000933133938815,
        "dvar2": 0.00265586772002,
        "max": 0.272699326277,
        "mean": 0.0761282742023,
        "median": 0.0667138695717,
        "min": 1.74959734522e-06,
        "var": 0.00234134634957
    },
    "spectral_energyband_middle_high": {
        "dmean": 0.00191371690016,
        "dmean2": 0.00313040520996,
        "dvar": 4.78143192595e-06,
        "dvar2": 1.24217331177e-05,
        "max": 0.0271115731448,
        "mean": 0.00367534393445,
        "median": 0.00278615066782,
        "min": 4.67032990059e-08,
        "var": 8.65360561875e-06
    },
    "spectral_energyband_middle_low": {
        "dmean": 0.0118247363716,
        "dmean2": 0.0209666863084,
        "dvar": 0.000151271815412,
        "dvar2": 0.00053971336456,
        "max": 0.123018629849,
        "mean": 0.0320591963828,
        "median": 0.0297912247479,
        "min": 4.15090141814e-07,
        "var": 0.000225216790568
    },
    "spectral_entropy": {
        "dmean": 0.155890524387,
        "dmean2": 0.268964529037,
        "dvar": 0.0202712994069,
        "dvar2": 0.0636783242226,
        "max": 7.52067804337,
        "mean": 6.08150053024,
        "median": 6.08242177963,
        "min": 5.45419073105,
        "var": 0.0340691544116
    },
    "spectral_flux": {
        "dmean": 0.0410258099437,
        "dmean2": 0.0695279836655,
        "dvar": 0.00126075197477,
        "dvar2": 0.00373706128448,
        "max": 0.400604873896,
        "mean": 0.157053545117,
        "median": 0.15213342011,
        "min": 0.0016364119947,
        "var": 0.00247889361344
    },
    "spectral_kurtosis": {
        "dmean": 20.5714607239,
        "dmean2": 35.9500770569,
        "dvar": 214.748764038,
        "dvar2": 661.398986816,
        "max": 113.477523804,
        "mean": 48.1569366455,
        "median": 48.205493927,
        "min": 0.678231477737,
        "var": 355.262207031
    },
    "spectral_rms": {
        "dmean": 0.00174878223334,
        "dmean2": 0.00298939691857,
        "dvar": 1.9076726403e-06,
        "dvar2": 5.60536773264e-06,
        "max": 0.0182439871132,
        "mean": 0.0101696262136,
        "median": 0.0101102609187,
        "min": 4.84313932247e-05,
        "var": 5.40085511602e-06
    },
    "spectral_rolloff": {
        "dmean": 134.998046875,
        "dmean2": 241.533905029,
        "dvar": 22789.7128906,
        "dvar2": 60020.5585938,
        "max": 1055.12695312,
        "mean": 324.338745117,
        "median": 301.46484375,
        "min": 43.06640625,
        "var": 32193.9804688
    },
    "spectral_skewness": {
        "dmean": 1.15095281601,
        "dmean2": 2.01573777199,
        "dvar": 0.668922305107,
        "dvar2": 2.06068634987,
        "max": 8.22680187225,
        "mean": 4.85170316696,
        "median": 4.81155061722,
        "min": 0.722360432148,
        "var": 1.15175890923
    },
    "spectral_spread": {
        "dmean": 211737.5625,
        "dmean2": 370083.6875,
        "dvar": 32673662976,
        "dvar2": 99251609600,
        "max": 2558025.5,
        "mean": 1136819.5,
        "median": 1102451.125,
        "min": 686639.0625,
        "var": 41992146944
    },
    "spectral_strongpeak": {
        "dmean": 0.363970071077,
        "dmean2": 0.639640808105,
        "dvar": 0.183275952935,
        "dvar2": 0.52663141489,
        "max": 4.63912725449,
        "mean": 0.634293675423,
        "median": 0.551397383213,
        "min": 0,
        "var": 0.218159392476
    },
    "zerocrossingrate": {
        "dmean": 0.002470506588,
        "dmean2": 0.0034105964005,
        "dvar": 3.66752101399e-06,
        "dvar2": 7.04515423422e-06,
        "max": 0.03076171875,
        "mean": 0.0126768015325,
        "median": 0.0126953125,
        "min": 0.001953125,
        "var": 1.84251330211e-05
    },
    "barkbands": {
        "dmean": [0.0075800139457, 0.0270473379642, 0.00936529692262, 0.00501452432945, 0.00640040077269, 0.00397358229384, 0.000330718205078, 0.00149686366785, 0.00195930874906, 0.00107830693014, 0.000750540115405, 0.000403929268941, 0.000226390431635, 8.26975956443e-05, 6.48827990517e-05, 2.73533096333e-05, 1.41680066008e-05, 5.56116492589e-06, 2.39621272158e-06, 6.24308086117e-07, 3.32041281581e-07, 1.65845861488e-07, 8.0046589801e-08, 4.68604213211e-08, 1.60455400078e-08, 3.54400087055e-09, 3.78303477433e-09],
        "dmean2": [0.012717728503, 0.0471819974482, 0.0160573795438, 0.00868553202599, 0.011949878186, 0.00620904797688, 0.000552171317395, 0.00242705224082, 0.00317428051494, 0.00173211388756, 0.00124293158296, 0.000706413702574, 0.000387134001357, 0.000142838893225, 0.000114328489872, 4.84584379592e-05, 2.52748232015e-05, 1.02839403553e-05, 4.5209367272e-06, 1.16935257211e-06, 6.18050023604e-07, 3.02937309016e-07, 1.41073414284e-07, 8.06696860423e-08, 2.71800733032e-08, 6.44183018039e-09, 6.87674406308e-09],
        "dvar": [0.000134252913995, 0.000582362117711, 8.86567868292e-05, 3.16480036417e-05, 7.83141804277e-05, 1.85083099495e-05, 7.86411533227e-07, 5.42844372831e-06, 8.57410486788e-06, 3.75157105736e-06, 1.58039188136e-06, 2.94066097695e-07, 1.14935488682e-07, 1.21048522317e-08, 1.29295116835e-08, 6.76240219377e-09, 5.23064702662e-09, 1.46432443948e-09, 5.21567788958e-10, 1.6119413096e-11, 4.85511067114e-12, 8.60312526513e-13, 8.37212108451e-14, 4.8673977514e-15, 2.45881832596e-16, 1.86470101261e-17, 2.12614153681e-17],
        "dvar2": [0.0003344558354, 0.00168896315154, 0.000227686206927, 0.00010379259038, 0.000293455668725, 4.74469597975e-05, 2.29911279348e-06, 1.30470525619e-05, 2.06715994864e-05, 9.41179951042e-06, 4.07333300245e-06, 8.51459219575e-07, 3.17000598216e-07, 3.3391980736e-08, 3.74652557866e-08, 1.97237035593e-08, 1.54738302172e-08, 4.38540004311e-09, 1.57747370721e-09, 4.99567054391e-11, 1.49117315718e-11, 2.6397898624e-12, 2.56583708273e-13, 1.42490372664e-14, 6.79997732418e-16, 5.75412972999e-17, 6.56104640277e-17],
        "max": [0.155712723732, 0.224024087191, 0.0680584460497, 0.0852638185024, 0.0803496539593, 0.0518668964505, 0.0215941425413, 0.0284645538777, 0.0318287797272, 0.0255775004625, 0.0196949988604, 0.00495296018198, 0.00486866943538, 0.00147483882029, 0.00209183013067, 0.0022690820042, 0.00218176376075, 0.000975664763246, 0.000634893949609, 7.4599236541e-05, 4.38867828052e-05, 1.84986438398e-05, 5.71238388147e-06, 1.98576412913e-06, 2.18657163487e-07, 2.98476408034e-08, 3.18431325752e-08],
        "mean": [0.00995815824717, 0.0547724179924, 0.0111009515822, 0.00682851392776, 0.0114525537938, 0.00805203989148, 0.000599111837801, 0.0022786706686, 0.00278752623126, 0.00149662233889, 0.0010250461055, 0.000550370139536, 0.000330937735271, 0.000130475542392, 9.73806163529e-05, 4.4351509132e-05, 2.42477944994e-05, 8.50660671858e-06, 2.81145116787e-06, 8.72386692663e-07, 5.39827510693e-07, 3.62397599929e-07, 2.66739760946e-07, 2.16478269977e-07, 4.4730899873e-08, 2.9621531894e-09, 3.14327519568e-09],
        "median": [0.00479592429474, 0.0459903739393, 0.00748904235661, 0.00478680431843, 0.00890698842704, 0.00650750240311, 0.000432669039583, 0.00106312113348, 0.0012174914591, 0.000419482879806, 0.000377111224225, 0.000312490563374, 0.000199636255275, 8.73117751325e-05, 6.13338343101e-05, 2.93677403533e-05, 1.85983262782e-05, 6.39631571175e-06, 1.78095808678e-06, 6.20629805326e-07, 4.15399853182e-07, 3.06189463117e-07, 2.44055456733e-07, 2.07559367027e-07, 4.11905176634e-08, 1.31339361609e-09, 1.38912825687e-09],
        "min": [2.04966966066e-07, 9.70248038357e-07, 2.42688230401e-07, 5.50198606675e-08, 6.20083824288e-08, 8.89714328878e-08, 7.37623739866e-09, 6.32344665519e-08, 1.1537557576e-08, 8.14106737579e-09, 1.79006820478e-09, 7.96555088556e-09, 2.90943313885e-09, 3.94316712615e-09, 1.40125966386e-10, 1.72928574238e-10, 2.50074044805e-10, 6.42838907106e-11, 2.50133351531e-11, 1.8030328966e-11, 2.25155710049e-11, 3.17329114374e-11, 1.57455853911e-11, 2.83022008607e-11, 1.7533124258e-11, 1.43607634465e-11, 1.62458987235e-11],
        "var": [0.000235704967054, 0.00156165682711, 0.000112045701826, 4.7410150728e-05, 9.3624672445e-05, 4.13581474277e-05, 6.10874167251e-07, 9.34190484259e-06, 1.39809362736e-05, 6.44546480544e-06, 2.38162442656e-06, 4.04808275789e-07, 1.53855125973e-07, 1.76615699843e-08, 1.29610873145e-08, 4.96629937174e-09, 2.89749779725e-09, 7.69617147789e-10, 2.69050143276e-10, 8.47691535022e-12, 2.53482109434e-12, 4.57482088236e-13, 4.91728138513e-14, 6.11050076369e-15, 4.82929376251e-16, 1.66910125275e-17, 1.90235956804e-17]
    },
    "erbbands": {
        "dmean": [1.04345297813, 5.85454750061, 13.0672826767, 8.5592508316, 27.1482620239, 16.3150882721, 17.2324981689, 42.0829620361, 6.51268529892, 7.54659080505, 40.173789978, 58.129699707, 13.1252164841, 43.1842498779, 36.2073745728, 18.6987438202, 10.1000852585, 6.01652574539, 4.24675750732, 1.38768815994, 1.01058208942, 0.692728638649, 0.342174142599, 0.175232112408, 0.0844557583332, 0.0297974925488, 0.0177425313741, 0.0104658016935, 0.00622630584985, 0.00418709730729, 0.00216790777631, 0.00130527676083, 0.000700433447491, 0.000296277896268, 4.26655424235e-05, 1.98856996576e-05, 1.10486225822e-05, 2.45789260589e-06, 1.62295746122e-05, 4.0067199734e-05],
        "dmean2": [1.84177815914, 10.1274328232, 22.0361747742, 14.921541214, 50.6397781372, 29.1887588501, 27.2083263397, 64.9820709229, 10.3747205734, 12.4232091904, 65.1649475098, 93.9957809448, 20.9528923035, 70.0611495972, 60.2028770447, 32.8277397156, 17.3209972382, 10.323592186, 7.45814752579, 2.4512989521, 1.80696594715, 1.24720180035, 0.628925800323, 0.328010350466, 0.160413041711, 0.0558830983937, 0.0330494865775, 0.0192697383463, 0.011328401044, 0.00762230250984, 0.00378222507425, 0.00226421747357, 0.00119596265722, 0.000497633591294, 7.22898330423e-05, 3.38631580235e-05, 1.86107354239e-05, 4.36313075625e-06, 2.76844220934e-05, 6.86135463184e-05],
        "dvar": [1.57336199284, 26.7802886963, 153.791412354, 107.971244812, 1496.51171875, 425.133087158, 545.222045898, 2171.50463867, 135.832839966, 208.302703857, 4073.703125, 6930.12402344, 252.068695068, 5545.19042969, 4030.73950195, 711.318664551, 215.953948975, 53.2044296265, 40.9641799927, 18.499502182, 18.2386856079, 16.3892402649, 5.61617422104, 2.00227379799, 0.715542554855, 0.038804858923, 0.0155601175502, 0.00400249566883, 0.0012204288505, 0.000423201738158, 4.74163643958e-05, 5.62603509024e-06, 6.15432838913e-07, 9.66557038851e-08, 1.6142737147e-09, 3.29995919479e-10, 9.13428499505e-11, 7.50746340095e-12, 1.8874266039e-10, 1.15890064212e-09],
        "dvar2": [4.54932546616, 77.0504608154, 377.29901123, 335.759216309, 5775.13671875, 1394.15588379, 1423.95349121, 5429.70263672, 383.526550293, 582.695068359, 9780.9296875, 16782.7167969, 574.252258301, 14052.8808594, 10379.9785156, 2092.24487305, 592.075134277, 148.815628052, 117.164718628, 54.4793167114, 53.8787994385, 48.4562721252, 16.7781848907, 6.04347848892, 2.1767385006, 0.11978866905, 0.0481917262077, 0.0122306896374, 0.00372548121959, 0.00130430667195, 0.000145293641253, 1.66960908246e-05, 1.73433011241e-06, 2.60840664623e-07, 4.48607551107e-09, 9.20144405114e-10, 2.51338005963e-10, 2.27355512888e-11, 5.455003671e-10, 3.35476602054e-09],
        "max": [11.6346530914, 51.9873924255, 86.8999481201, 168.509109497, 347.759765625, 201.773574829, 347.679138184, 656.742675781, 254.744216919, 331.963592529, 779.504333496, 891.320983887, 206.751098633, 987.359680176, 1029.32214355, 251.257080078, 206.301956177, 92.8686981201, 119.615898132, 118.738624573, 127.577308655, 121.543373108, 63.5218200684, 34.0504837036, 23.6874656677, 3.72755050659, 2.78155469894, 1.39888465405, 0.788889348507, 0.487479627132, 0.140054777265, 0.0661577433348, 0.0189099404961, 0.00553587125614, 0.000477281777421, 0.000201161426958, 0.000112025554699, 2.34118469962e-05, 0.000149642961333, 0.000367969478248],
        "mean": [2.18856859207, 9.63045501709, 16.5811576843, 14.0373039246, 40.2950363159, 33.2797737122, 35.6944580078, 83.9134140015, 15.7354192734, 15.011633873, 60.0641021729, 82.2972564697, 22.0394229889, 60.354434967, 51.2318496704, 26.4137115479, 15.9580116272, 10.3037643433, 6.86675453186, 2.71568059921, 1.88108098507, 1.25197136402, 0.57296538353, 0.240479931235, 0.0984705463052, 0.0422834083438, 0.026454700157, 0.0184853598475, 0.0131811527535, 0.0103822303936, 0.00731187174097, 0.00534208398312, 0.00316064967774, 0.00103485595901, 0.000123474907014, 6.0612521338e-05, 3.49429901689e-05, 4.95290078106e-06, 5.04068921146e-05, 0.000121599099657],
        "median": [1.26974475384, 8.38597202301, 12.4095182419, 10.7473363876, 30.894985199, 25.8079967499, 28.9467067719, 63.9104194641, 13.2336301804, 11.3641214371, 27.5999660492, 40.0325965881, 15.2908668518, 21.0016307831, 21.148973465, 14.9589014053, 10.2009601593, 7.55699825287, 4.82916402817, 2.21736192703, 1.41545712948, 0.925095140934, 0.427724093199, 0.165045768023, 0.0616902709007, 0.0299930032343, 0.0194817241281, 0.0146007109433, 0.0110073518008, 0.00907791685313, 0.00680556660518, 0.00509960390627, 0.00302580883726, 0.000961271231063, 0.000113062938908, 5.5791802879e-05, 3.25070432154e-05, 4.11182372773e-06, 4.74465086882e-05, 0.000114460221084],
        "min": [3.35569675372e-05, 0.000196578897885, 0.000450140738394, 0.000144759993418, 0.000229434008361, 0.000204747862881, 0.000763504533097, 0.000742161355447, 0.000219462177483, 0.000285708811134, 0.00157049531117, 0.000353010575054, 0.000106649837107, 0.000331995193847, 9.98027462629e-05, 0.000388818327338, 0.000113545269414, 0.00028595115873, 2.47863426921e-05, 8.40327811602e-06, 1.05894014268e-05, 1.12663046821e-05, 4.23878145739e-06, 1.77691242698e-06, 1.28071371819e-06, 8.46453133363e-07, 7.84758469763e-07, 1.13051021344e-06, 8.49433661188e-07, 7.45512409139e-07, 4.25857791697e-07, 4.94949404128e-07, 4.72840270049e-07, 2.86016813789e-07, 8.70324754487e-08, 4.34763691715e-08, 3.22544941866e-08, 1.0556781227e-08, 3.12674486302e-09, 2.88299628615e-09],
        "var": [4.79297924042, 44.6706161499, 202.120285034, 185.645965576, 1461.84399414, 766.321655273, 822.342346191, 5460.66162109, 160.940490723, 235.477905273, 6643.43457031, 11105.8554688, 441.169647217, 9233.82324219, 6056.23730469, 928.678649902, 279.728240967, 81.4179229736, 45.6978378296, 11.9181098938, 10.8728294373, 9.07633399963, 2.97604131699, 1.03947496414, 0.368714570999, 0.0203285459429, 0.00810261443257, 0.0021096887067, 0.000649195339065, 0.000228454635362, 2.87660714093e-05, 5.12339238412e-06, 1.16616274681e-06, 1.99546718704e-07, 3.22232596162e-09, 7.56669782387e-10, 2.38210007275e-10, 8.69292485217e-12, 4.42846648241e-10, 2.65456101545e-09]
    },
    "gfcc": {
        "mean": [-81.0907516479, 242.223266602, -92.9466323853, -5.42155981064, -23.0031986237, 11.8418893814, -14.589140892, -12.6376686096, 3.90737986565, -22.3220043182, 6.95876216888, -10.1948566437, 6.00988435745],
        "cov": [[933.603515625, 36.2097892761, -59.0818328857, 5.960978508, 20.5599269867, -13.2522974014, 5.01023674011, -14.3487882614, 1.35100519657, -12.2145929337, 5.05140018463, 0.907521128654, 20.1081523895], [36.2097892761, 44.5220298767, 0.320396780968, -28.0443172455, -4.3230843544, -8.14981651306, -8.62735939026, -8.37534809113, -1.78417444229, -8.12104225159, -0.67924952507, -1.97796916962, 0.141062900424], [-59.0818328857, 0.320396780968, 178.925369263, 21.0967788696, 11.2295303345, 4.79834794998, 30.3916320801, 29.5811634064, 14.5474691391, 24.6179924011, 0.201946482062, 3.39471650124, -7.37675952911], [5.960978508, -28.0443172455, 21.0967788696, 78.2578735352, 24.235042572, -8.87012290955, -4.78289079666, -9.62458324432, -0.0593926273286, 2.61724901199, 2.42381072044, -7.47200870514, -4.62393951416], [20.5599269867, -4.3230843544, 11.2295303345, 24.235042572, 76.0662536621, 28.7020397186, 10.9612865448, -1.58310580254, 3.94025707245, 10.2333011627, 10.4212112427, 12.0271854401, 0.268883943558], [-13.2522974014, -8.14981651306, 4.79834794998, -8.87012290955, 28.7020397186, 56.5496940613, 34.3564224243, 9.32957267761, 1.59793663025, 1.96321451664, 2.46563625336, 2.15393829346, -0.850388467312], [5.01023674011, -8.62735939026, 30.3916320801, -4.78289079666, 10.9612865448, 34.3564224243, 69.0434875488, 37.5331878662, 11.4435358047, 6.02030897141, -1.90468251705, 5.30058479309, 1.03009080887], [-14.3487882614, -8.37534809113, 29.5811634064, -9.62458324432, -1.58310580254, 9.32957267761, 37.5331878662, 51.2234649658, 27.9450378418, 10.6410236359, -4.25540685654, 0.541039168835, 1.14166688919], [1.35100519657, -1.78417444229, 14.5474691391, -0.0593926273286, 3.94025707245, 1.59793663025, 11.4435358047, 27.9450378418, 44.1454772949, 27.7445278168, 6.44082784653, -0.893379867077, -0.840108752251], [-12.2145929337, -8.12104225159, 24.6179924011, 2.61724901199, 10.2333011627, 1.96321451664, 6.02030897141, 10.6410236359, 27.7445278168, 49.2106971741, 28.8109912872, 12.103012085, -1.56674492359], [5.05140018463, -0.67924952507, 0.201946482062, 2.42381072044, 10.4212112427, 2.46563625336, -1.90468251705, -4.25540685654, 6.44082784653, 28.8109912872, 47.1920852661, 31.0856685638, 7.86673545837], [0.907521128654, -1.97796916962, 3.39471650124, -7.47200870514, 12.0271854401, 2.15393829346, 5.30058479309, 0.541039168835, -0.893379867077, 12.103012085, 31.0856685638, 49.2807502747, 24.7895622253], [20.1081523895, 0.141062900424, -7.37675952911, -4.62393951416, 0.268883943558, -0.850388467312, 1.03009080887, 1.14166688919, -0.840108752251, -1.56674492359, 7.86673545837, 24.7895622253, 35.8501930237]],
        "icov": [[0.00122146774083, -0.00100059155375, 0.000453117652796, -0.000191962753888, -0.00067792768823, 0.00104878342245, -0.00128790165763, 0.000766803976148, -0.000530154735316, 0.00043764867587, -0.000698931573424, 0.00100711570121, -0.00110647582915], [-0.00100059155375, 0.0657834634185, -0.0127349132672, 0.0429259389639, -0.0204439852387, 0.0321064405143, -0.0189710166305, 0.0397986061871, -0.0349707119167, 0.0449649170041, -0.0376163162291, 0.0319561287761, -0.00928590260446], [0.000453117652796, -0.0127349132672, 0.0102013284341, -0.0112370587885, 0.00419482961297, -0.00600752886385, 0.00281554530375, -0.012532517314, 0.0111822606996, -0.0159137733281, 0.0126205394045, -0.00979489833117, 0.00416007963941], [-0.000191962753888, 0.0429259389639, -0.0112370587885, 0.0476242676377, -0.0235798526555, 0.0321670025587, -0.0193112622947, 0.0345095098019, -0.0271428134292, 0.0352797433734, -0.0339087694883, 0.0332852043211, -0.010504568927], [-0.00067792768823, -0.0204439852387, 0.00419482961297, -0.0235798526555, 0.030502025038, -0.0273290574551, 0.0123090529814, -0.0133589310572, 0.010296870023, -0.0194306317717, 0.0199568271637, -0.0244589522481, 0.00940295308828], [0.00104878342245, 0.0321064405143, -0.00600752886385, 0.0321670025587, -0.0273290574551, 0.057639490813, -0.0352875106037, 0.0325410217047, -0.0215514916927, 0.0296244751662, -0.0304730329663, 0.0307568255812, -0.010043178685], [-0.00128790165763, -0.0189710166305, 0.00281554530375, -0.0193112622947, 0.0123090529814, -0.0352875106037, 0.0500509403646, -0.0460022948682, 0.0250626727939, -0.021740462631, 0.0203196052462, -0.0211349241436, 0.00777579005808], [0.000766803976148, 0.0397986061871, -0.012532517314, 0.0345095098019, -0.0133589310572, 0.0325410217047, -0.0460022948682, 0.0907912701368, -0.0626176297665, 0.0421271882951, -0.0230918452144, 0.0207310821861, -0.00830609165132], [-0.000530154735316, -0.0349707119167, 0.0111822606996, -0.0271428134292, 0.010296870023, -0.0215514916927, 0.0250626727939, -0.0626176297665, 0.0863025188446, -0.0643504336476, 0.0304796192795, -0.0121361156926, 0.000834253907669], [0.00043764867587, 0.0449649170041, -0.0159137733281, 0.0352797433734, -0.0194306317717, 0.0296244751662, -0.021740462631, 0.0421271882951, -0.0643504336476, 0.0978994071484, -0.0676006451249, 0.0331907570362, -0.00436130119488], [-0.000698931573424, -0.0376163162291, 0.0126205394045, -0.0339087694883, 0.0199568271637, -0.0304730329663, 0.0203196052462, -0.0230918452144, 0.0304796192795, -0.0676006451249, 0.0960867628455, -0.0670318678021, 0.0210686158389], [0.00100711570121, 0.0319561287761, -0.00979489833117, 0.0332852043211, -0.0244589522481, 0.0307568255812, -0.0211349241436, 0.0207310821861, -0.0121361156926, 0.0331907570362, -0.0670318678021, 0.0899198651314, -0.0438551716506], [-0.00110647582915, -0.00928590260446, 0.00416007963941, -0.010504568927, 0.00940295308828, -0.010043178685, 0.00777579005808, -0.00830609165132, 0.000834253907669, -0.00436130119488, 0.0210686158389, -0.0438551716506, 0.0533150732517]]
    },
    "melbands": {
        "dmean": [0.0081520806998, 0.00703477719799, 0.00218326342292, 0.00164802360814, 0.000573689234443, 0.000851865799632, 8.58242274262e-05, 0.000109834603791, 0.000340429134667, 0.000346176966559, 5.85516609135e-05, 0.000184080316103, 0.00010806487262, 6.63067621645e-05, 2.46417348535e-05, 2.82182954834e-05, 9.13036910788e-06, 7.06137416273e-06, 2.78433731182e-06, 2.5133751933e-06, 1.00053478036e-06, 8.76045362475e-07, 4.38670582525e-07, 2.46913430146e-07, 1.41697412914e-07, 8.13588485471e-08, 3.58158587233e-08, 1.72335035131e-08, 1.26552217594e-08, 8.0275439629e-09, 5.96301541478e-09, 3.91715060388e-09, 3.16842574399e-09, 2.24729168607e-09, 1.49748624612e-09, 1.07094499935e-09, 8.69786576096e-10, 6.31783958482e-10, 4.00210364848e-10, 2.54482518391e-10],
        "dmean2": [0.0143571281806, 0.0117685087025, 0.00388088030741, 0.00307105178945, 0.000914445903618, 0.00132388749626, 0.000137322218507, 0.000179859125637, 0.000556677172426, 0.00055918074213, 9.23844418139e-05, 0.000298092665616, 0.000179028982529, 0.000114377435239, 4.34837384091e-05, 4.8429807066e-05, 1.55568250193e-05, 1.24263797261e-05, 4.90805814479e-06, 4.41347401647e-06, 1.79754886176e-06, 1.57261195e-06, 7.88482111602e-07, 4.57694198985e-07, 2.64119137228e-07, 1.54497712401e-07, 6.72673436952e-08, 3.20060422609e-08, 2.35546728788e-08, 1.48493271013e-08, 1.09605275966e-08, 7.12681735848e-09, 5.72953418043e-09, 4.04717503955e-09, 2.62006927265e-09, 1.86747772801e-09, 1.49899159751e-09, 1.0815902618e-09, 6.70635380562e-10, 4.22356288832e-10],
        "dvar": [7.12454711902e-05, 3.68679211533e-05, 5.68082668906e-06, 5.19497916684e-06, 6.24422398232e-07, 8.88043928171e-07, 3.17076533918e-08, 2.91375261696e-08, 2.45796485387e-07, 2.73791329164e-07, 5.64029756234e-09, 1.07614127387e-07, 3.10876693277e-08, 8.1851254663e-09, 1.1339531536e-09, 2.03341965488e-09, 1.45828793485e-10, 1.07424236173e-10, 3.84744666682e-11, 4.01114141901e-11, 2.33690271995e-11, 2.07899374799e-11, 7.48867114153e-12, 2.96057752966e-12, 1.21502287398e-12, 6.9839571409e-13, 7.89014985075e-14, 1.02868051805e-14, 8.1902673459e-15, 2.17722174619e-15, 1.14454511729e-15, 4.52031520159e-16, 2.06262435589e-16, 9.12647229548e-17, 1.89539603078e-17, 3.43453372625e-18, 1.89739557447e-18, 4.26088333248e-19, 1.43652204757e-19, 7.31221328395e-20],
        "dvar2": [0.000204386975383, 9.51181064011e-05, 1.97935205506e-05, 1.98113411898e-05, 1.69633904079e-06, 2.24266136684e-06, 9.11941100412e-08, 7.81086200163e-08, 5.91088792135e-07, 6.54882740037e-07, 1.2965321261e-08, 2.71839525112e-07, 7.98451509354e-08, 2.17521112233e-08, 3.32781646684e-09, 5.63524471531e-09, 4.00007832413e-10, 3.05080655183e-10, 1.13457562789e-10, 1.15841100601e-10, 6.93155324805e-11, 6.14054640469e-11, 2.22609031902e-11, 8.89735507492e-12, 3.66701374127e-12, 2.11776212886e-12, 2.42602758629e-13, 3.14857664138e-14, 2.54197975603e-14, 6.62665045449e-15, 3.5049880309e-15, 1.37470800361e-15, 6.37756781674e-16, 2.80551949919e-16, 5.80652268825e-17, 1.01816884049e-17, 5.62332145587e-18, 1.20946264963e-18, 4.01854241896e-19, 1.94590801134e-19],
        "max": [0.0778722912073, 0.0444506444037, 0.0296889301389, 0.0213627908379, 0.0118000432849, 0.0126640470698, 0.00402831286192, 0.00331955729052, 0.00599967455491, 0.00610565626994, 0.000831505923998, 0.00432945182547, 0.00267263012938, 0.00137477356475, 0.000295885460218, 0.000666717940476, 0.000186646764632, 0.000192124105524, 0.000149078507093, 0.000162509866641, 0.000146973965457, 0.000136782793561, 7.89342593635e-05, 4.09288113588e-05, 2.7625623261e-05, 2.39702676481e-05, 7.12104247214e-06, 1.8450132302e-06, 2.21852451432e-06, 1.05062144939e-06, 7.09406037913e-07, 5.01593433455e-07, 3.14564289283e-07, 2.23191051418e-07, 8.85901414449e-08, 4.3537546901e-08, 3.90374452763e-08, 1.35275293189e-08, 7.16609793727e-09, 3.56111895528e-09],
        "mean": [0.0172142591327, 0.0101801436394, 0.00344170257449, 0.00291987881064, 0.00126364442986, 0.00170211936347, 0.000193761166884, 0.000200483307708, 0.00049844395835, 0.000484912248794, 9.3538335932e-05, 0.000251013028901, 0.000151941538206, 9.04814442038e-05, 3.6119188735e-05, 3.99029959226e-05, 1.5155530491e-05, 1.09492575575e-05, 4.57724217995e-06, 3.88927492168e-06, 1.80265567451e-06, 1.46320064687e-06, 7.21350659205e-07, 3.52734900844e-07, 1.78733870371e-07, 8.63419913344e-08, 4.31173710069e-08, 2.42196893652e-08, 1.74181664647e-08, 1.25275620988e-08, 1.00999066888e-08, 7.47873052376e-09, 6.63749588625e-09, 5.32300203915e-09, 4.27693658267e-09, 3.61649754588e-09, 3.08976977337e-09, 2.35025554574e-09, 1.54705981359e-09, 5.44872424957e-10],
        "median": [0.012286552228, 0.00852452870458, 0.00274732615799, 0.00225572101772, 0.0010688387556, 0.00132872560062, 0.000156553302077, 0.000143325698446, 0.000263136607828, 0.000201279719477, 5.94390148763e-05, 6.93571200827e-05, 6.10903589404e-05, 5.43806090718e-05, 2.24135637836e-05, 2.27564869419e-05, 1.01166197055e-05, 7.70280075812e-06, 3.36077869179e-06, 2.50985772254e-06, 1.44670764257e-06, 1.08405060928e-06, 5.197033488e-07, 2.56764053574e-07, 1.18496657819e-07, 5.13872429053e-08, 2.83299392834e-08, 1.71727982945e-08, 1.23328414148e-08, 9.62352864065e-09, 7.9493291949e-09, 6.16064443903e-09, 5.64575364237e-09, 4.6659009989e-09, 3.940189508e-09, 3.41392092373e-09, 2.95524649196e-09, 2.23485541184e-09, 1.47568735009e-09, 4.64095623043e-10],
        "min": [2.92615965236e-07, 2.73974734455e-07, 3.10965475592e-08, 1.52788857122e-08, 2.67446775837e-08, 1.61130362386e-08, 2.78195355641e-09, 4.98405805516e-09, 1.18764100776e-08, 1.53171053618e-09, 4.95059104821e-10, 1.41971001621e-09, 1.81798243126e-10, 8.98168095453e-10, 4.69676075809e-10, 4.36679886695e-10, 4.92316576395e-10, 2.68722596258e-11, 9.55250028384e-12, 1.72529542736e-11, 1.14944095908e-11, 1.35297545736e-11, 6.60137396136e-12, 2.28856907383e-12, 1.30056729275e-12, 9.97970586378e-13, 5.80716030818e-13, 6.21124516837e-13, 4.69588994426e-13, 5.36977255196e-13, 7.57092901826e-13, 4.94717602387e-13, 4.94958783161e-13, 3.65747173216e-13, 2.82758191861e-13, 1.65143953742e-13, 3.78371406472e-13, 3.6225823773e-13, 2.69078514895e-13, 2.27623258783e-13],
        "var": [0.000205967342481, 5.12662481924e-05, 7.87379485701e-06, 6.32140063317e-06, 8.40947620873e-07, 2.13717339648e-06, 3.17514547987e-08, 4.10259097805e-08, 3.92782425251e-07, 4.44721251824e-07, 1.02095052412e-08, 1.82488733458e-07, 4.84514046661e-08, 1.14752536362e-08, 1.51602230769e-09, 2.63645527632e-09, 2.40793746054e-10, 1.20713203322e-10, 2.80204193182e-11, 3.42619405069e-11, 1.284331929e-11, 1.16391202232e-11, 4.06385688989e-12, 1.55423287088e-12, 6.30865422836e-13, 3.59522253548e-13, 4.1031637994e-14, 5.43600800428e-15, 4.26491803909e-15, 1.14175901416e-15, 6.08859935041e-16, 2.41036804138e-16, 1.11607827222e-16, 5.0255712149e-17, 1.15498881515e-17, 3.02986559685e-18, 1.8308187021e-18, 7.63858385698e-19, 3.23843070971e-19, 1.26750940288e-19]
    },
    "mfcc": {
        "mean": [-735.235229492, 272.21762085, 7.68763160706, 5.85063171387, 20.0387382507, 16.4247875214, 2.81283140182, 12.7128534317, 1.19246578217, 0.492684036493, 0.271570235491, 3.30646729469, -2.63133955002],
        "cov": [[609.891662598, 167.258377075, -157.872314453, 19.2900848389, -4.36706256866, 6.56922721863, -15.9543571472, 6.479637146, -15.0037307739, -5.2439031601, -22.3982715607, -12.4887800217, -9.64944171906], [167.258377075, 149.21496582, -11.9536085129, -27.9843597412, 2.83758497238, -7.32824230194, -7.47085666656, 3.25779056549, -0.715139567852, -3.73882365227, -2.56263804436, -0.376622229815, -0.434942513704], [-157.872314453, -11.9536085129, 129.029403687, 20.2064228058, -14.5364093781, -6.29176807404, 4.58284473419, 3.28071784973, 9.67973327637, 14.7984819412, 16.9335918427, 12.4581012726, 2.76024055481], [19.2900848389, -27.9843597412, 20.2064228058, 79.7077407837, 17.8433628082, -0.282120794058, -3.29071855545, -6.94656658173, -6.71967840195, 1.62355744839, 3.3866174221, -0.386815845966, 0.100334309042], [-4.36706256866, 2.83758497238, -14.5364093781, 17.8433628082, 56.7844848633, 21.8308792114, -1.50303471088, -6.08760547638, -8.52660560608, -5.12912988663, -0.614711642265, -0.56788790226, 0.657184720039], [6.56922721863, -7.32824230194, -6.29176807404, -0.282120794058, 21.8308792114, 48.1226654053, 24.6818561554, 4.54618883133, -0.667616248131, 0.922791182995, 3.06492209435, 2.93765377998, 3.05354380608], [-15.9543571472, -7.47085666656, 4.58284473419, -3.29071855545, -1.50303471088, 24.6818561554, 46.6553115845, 24.9469337463, 6.68813276291, 0.808703422546, 0.0205519516021, 3.27249765396, 3.64154267311], [6.479637146, 3.25779056549, 3.28071784973, -6.94656658173, -6.08760547638, 4.54618883133, 24.9469337463, 45.4282989502, 25.8723182678, 5.81160306931, -2.79092407227, -2.11867284775, 0.946149706841], [-15.0037307739, -0.715139567852, 9.67973327637, -6.71967840195, -8.52660560608, -0.667616248131, 6.68813276291, 25.8723182678, 45.9805145264, 25.3374195099, 2.40214157104, -4.15491533279, -5.18884181976], [-5.2439031601, -3.73882365227, 14.7984819412, 1.62355744839, -5.12912988663, 0.922791182995, 0.808703422546, 5.81160306931, 25.3374195099, 44.5840110779, 24.6423206329, 6.02289438248, -4.2243142128], [-22.3982715607, -2.56263804436, 16.9335918427, 3.3866174221, -0.614711642265, 3.06492209435, 0.0205519516021, -2.79092407227, 2.40214157104, 24.6423206329, 42.8413887024, 24.256855011, 2.50758647919], [-12.4887800217, -0.376622229815, 12.4581012726, -0.386815845966, -0.56788790226, 2.93765377998, 3.27249765396, -2.11867284775, -4.15491533279, 6.02289438248, 24.256855011, 41.1527862549, 20.390712738], [-9.64944171906, -0.434942513704, 2.76024055481, 0.100334309042, 0.657184720039, 3.05354380608, 3.64154267311, 0.946149706841, -5.18884181976, -4.2243142128, 2.50758647919, 20.390712738, 35.5368309021]],
