{
"lowlevel": {
    "average_loudness": 0.754102885723,
    "barkbands_crest": {
        "dmean": 1.38067543507,
        "dmean2": 2.09570336342,
        "dvar": 2.11776995659,
        "dvar2": 5.12849712372,
        "max": 23.117401123,
        "mean": 10.2622032166,
        "median": 9.89097881317,
        "min": 3.5477707386,
        "var": 12.1316413879
    },
    "barkbands_flatness_db": {
        "dmean": 0.0169815775007,
        "dmean2": 0.0245277453214,
        "dvar": 0.000357109645847,
        "dvar2": 0.000724341429304,
        "max": 0.41528531909,
        "mean": 0.246130302548,
        "median": 0.242143213749,
        "min": 0.0756492316723,
        "var": 0.00281653134152
    },
    "barkbands_kurtosis": {
        "dmean": 2.13985490799,
        "dmean2": 3.14914655685,
        "dvar": 18.9048461914,
        "dvar2": 38.7591972351,
        "max": 117.039360046,
        "mean": 5.46900701523,
        "median": 3.35087585449,
        "min": -1.84978652,
        "var": 66.9794158936
    },
    "barkbands_skewness": {
        "dmean": 0.355162829161,
        "dmean2": 0.525094985962,
        "dvar": 0.216986849904,
        "dvar2": 0.444484293461,
        "max": 7.94627714157,
        "mean": 1.76116037369,
        "median": 1.64686977863,
        "min": -3.3331823349,
        "var": 1.12705790997
    },
    "barkbands_spread": {
        "dmean": 2.41012072563,
        "dmean2": 3.59293079376,
        "dvar": 32.9073028564,
        "dvar2": 73.1063613892,
        "max": 90.1114578247,
        "mean": 10.4860620499,
        "median": 8.53160572052,
        "min": 0.956860661507,
        "var": 91.0507507324
    },
    "dissonance": {
        "dmean": 0.0224295221269,
        "dmean2": 0.0371732711792,
        "dvar": 0.000468350597657,
        "dvar2": 0.00111804169137,
        "max": 0.500000059605,
        "mean": 0.429652810097,
        "median": 0.432989090681,
        "min": 0.154479578137,
        "var": 0.00138089538086
    },
    "dynamic_complexity": 6.67876958847,
    "erbbands_crest": {
        "dmean": 1.6831073761,
        "dmean2": 2.66059684753,
        "dvar": 3.65019440651,
        "dvar2": 8.92590522766,
        "max": 25.0482997894,
        "mean": 9.64114189148,
        "median": 8.87191009521,
        "min": 3.35491466522,
        "var": 13.1428136826
    },
    "erbbands_flatness_db": {
        "dmean": 0.0129083124921,
        "dmean2": 0.0175974443555,
        "dvar": 0.000231086349231,
        "dvar2": 0.000434306304669,
        "max": 0.343687802553,
        "mean": 0.252729922533,
        "median": 0.255071431398,
        "min": 0.101151898503,
        "var": 0.00164525909349
    },
    "erbbands_kurtosis": {
        "dmean": 0.818801939487,
        "dmean2": 1.25830900669,
        "dvar": 4.40255403519,
        "dvar2": 10.2127933502,
        "max": 34.0082931519,
        "mean": 0.562616944313,
        "median": -0.034113407135,
        "min": -1.53821539879,
        "var": 7.07011699677
    },
    "erbbands_skewness": {
        "dmean": 0.285018831491,
        "dmean2": 0.420605182648,
        "dvar": 0.174979820848,
        "dvar2": 0.355841159821,
        "max": 3.88333725929,
        "mean": 0.472491413355,
        "median": 0.414834171534,
        "min": -4.96904468536,
        "var": 0.60730868578
    },
    "erbbands_spread": {
        "dmean": 4.04822778702,
        "dmean2": 6.28188180923,
        "dvar": 51.4548683167,
        "dvar2": 118.527076721,
        "max": 103.267440796,
        "mean": 25.0400619507,
        "median": 22.7956485748,
        "min": 6.80877351761,
        "var": 129.43586731
    },
    "hfc": {
        "dmean": 3.10467219353,
        "dmean2": 4.19556331635,
        "dvar": 138.374511719,
        "dvar2": 203.123687744,
        "max": 321.093383789,
        "mean": 10.2734107971,
        "median": 2.78319072723,
        "min": 1.21526993316e-16,
        "var": 420.017303467
    },
    "melbands_crest": {
        "dmean": 1.91173243523,
        "dmean2": 2.97161245346,
        "dvar": 4.64219093323,
        "dvar2": 11.2923345566,
        "max": 28.740354538,
        "mean": 15.2599935532,
        "median": 14.845905304,
        "min": 2.81821274757,
        "var": 25.7985210419
    },
    "melbands_flatness_db": {
        "dmean": 0.0197110008448,
        "dmean2": 0.0260256994516,
        "dvar": 0.000640901736915,
        "dvar2": 0.00105261860881,
        "max": 0.525410592556,
        "mean": 0.308997780085,
        "median": 0.30246552825,
        "min": 0.0061053475365,
        "var": 0.00602264050394
    },
    "melbands_kurtosis": {
        "dmean": 3.61875844002,
        "dmean2": 5.50405406952,
        "dvar": 47.7908782959,
        "dvar2": 89.5250854492,
        "max": 153.085021973,
        "mean": 10.855629921,
        "median": 7.1683216095,
        "min": -1.89438283443,
        "var": 208.773223877
    },
    "melbands_skewness": {
        "dmean": 0.406388700008,
        "dmean2": 0.617049336433,
        "dvar": 0.271957606077,
        "dvar2": 0.59651529789,
        "max": 9.53024578094,
        "mean": 2.41947412491,
        "median": 2.23279929161,
        "min": -1.36873030663,
        "var": 1.47331619263
    },
    "melbands_spread": {
        "dmean": 3.77299165726,
        "dmean2": 5.55022192001,
        "dvar": 161.690139771,
        "dvar2": 281.525360107,
        "max": 207.769470215,
        "mean": 13.2720022202,
        "median": 9.85244464874,
        "min": 0.847266554832,
        "var": 349.051544189
    },
    "pitch_salience": {
        "dmean": 0.043566070497,
        "dmean2": 0.0663483440876,
        "dvar": 0.0020449932199,
        "dvar2": 0.00478437263519,
        "max": 0.811498880386,
        "mean": 0.535118877888,
        "median": 0.534197866917,
        "min": 0.237228184938,
        "var": 0.0106032993644
    },
    "silence_rate_20dB": {
        "dmean": 0,
        "dmean2": 0,
        "dvar": 0,
        "dvar2": 0,
        "max": 1,
        "mean": 1,
        "median": 1,
        "min": 1,
        "var": 0
    },
    "silence_rate_30dB": {
        "dmean": 0.0061919502914,
        "dmean2": 0.0123934932053,
        "dvar": 0.00615354580805,
        "dvar2": 0.0137892309576,
        "max": 1,
        "mean": 0.993812859058,
        "median": 1,
        "min": 0,
        "var": 0.00614885753021
    },
    "silence_rate_60dB": {
        "dmean": 0.0433436520398,
        "dmean2": 0.0867544561625,
        "dvar": 0.041464548558,
        "dvar2": 0.0854237824678,
        "max": 1,
        "mean": 0.346481055021,
        "median": 0,
        "min": 0,
        "var": 0.226435542107
    },
    "spectral_centroid": {
        "dmean": 126.972114563,
        "dmean2": 173.091552734,
        "dvar": 158809.625,
        "dvar2": 205582.21875,
        "max": 10923.4550781,
        "mean": 676.063659668,
        "median": 534.487060547,
        "min": 173.676986694,
        "var": 357460.5625
    },
    "spectral_complexity": {
        "dmean": 1.56191945076,
        "dmean2": 2.36870646477,
        "dvar": 5.13471269608,
        "dvar2": 8.7547712326,
        "max": 40,
        "mean": 10.586233139,
        "median": 8,
        "min": 0,
        "var": 55.6779975891
    },
    "spectral_decrease": {
        "dmean": 9.31292931661e-10,
        "dmean2": 1.31506638912e-09,
        "dvar": 3.72142395092e-18,
        "dvar2": 8.13673332176e-18,
        "max": 4.24696862984e-29,
        "mean": -4.35288960432e-09,
        "median": -1.87097826121e-09,
        "min": -3.28419424989e-08,
        "var": 3.05913790573e-17
    },
    "spectral_energy": {
        "dmean": 0.00377054931596,
        "dmean2": 0.005301553756,
        "dvar": 6.04820270382e-05,
        "dvar2": 0.000128193598357,
        "max": 0.132788032293,
        "mean": 0.0173606537282,
        "median": 0.00743922451511,
        "min": 1.08625648846e-20,
        "var": 0.000490024103783
    },
    "spectral_energyband_high": {
        "dmean": 0.000182036950719,
        "dmean2": 0.00025848383666,
        "dvar": 1.85602584679e-06,
        "dvar2": 2.8492677302e-06,
        "max": 0.0393690094352,
        "mean": 0.000260493194219,
        "median": 1.14542208394e-05,
        "min": 7.79579357137e-21,
        "var": 3.50184814124e-06
    },
    "spectral_energyband_low": {
        "dmean": 0.00121927505825,
        "dmean2": 0.00204540137202,
        "dvar": 1.08119893412e-05,
        "dvar2": 3.32190211338e-05,
        "max": 0.0425851084292,
        "mean": 0.00322944484651,
        "median": 0.00113492936362,
        "min": 1.18994732439e-22,
        "var": 2.55098602793e-05
    },
    "spectral_energyband_middle_high": {
        "dmean": 0.000894323748071,
        "dmean2": 0.00121290155221,
        "dvar": 6.91817422194e-06,
        "dvar2": 1.22732317323e-05,
        "max": 0.0628651157022,
        "mean": 0.00286243669689,
        "median": 0.000588289578445,
        "min": 1.57148554313e-21,
        "var": 3.25630062434e-05
    },
    "spectral_energyband_middle_low": {
        "dmean": 0.00272914255038,
        "dmean2": 0.00378591311164,
        "dvar": 3.23075619235e-05,
        "dvar2": 7.88441175246e-05,
        "max": 0.0984536036849,
        "mean": 0.0124145047739,
        "median": 0.00421844981611,
        "min": 2.12533642907e-22,
        "var": 0.000264475820586
    },
    "spectral_entropy": {
        "dmean": 0.14117744565,
        "dmean2": 0.195359632373,
        "dvar": 0.0377371646464,
        "dvar2": 0.0585795603693,
        "max": 9.78696346283,
        "mean": 6.62226724625,
        "median": 6.62368440628,
        "min": 5.27445077896,
        "var": 0.282003372908
    },
    "spectral_flux": {
        "dmean": 0.0118208220229,
        "dmean2": 0.01846120134,
        "dvar": 0.000398499134462,
        "dvar2": 0.000904543383513,
        "max": 0.267797976732,
        "mean": 0.0354771055281,
        "median": 0.0212684106082,
        "min": 1.04223629727e-10,
        "var": 0.00140724459197
    },
    "spectral_kurtosis": {
        "dmean": 7.46750974655,
        "dmean2": 12.4168338776,
        "dvar": 84.4255065918,
        "dvar2": 243.172393799,
        "max": 91.5924682617,
        "mean": 17.7588825226,
        "median": 10.8837299347,
        "min": -1.40648829937,
        "var": 322.731842041
    },
    "spectral_rms": {
        "dmean": 0.000370945461327,
        "dmean2": 0.000502848473843,
        "dvar": 3.56151701908e-07,
        "dvar2": 6.51597474643e-07,
        "max": 0.0113819725811,
        "mean": 0.00336400861852,
        "median": 0.00269402679987,
        "min": 3.25539920541e-12,
        "var": 5.62064087717e-06
    },
    "spectral_rolloff": {
        "dmean": 204.714935303,
        "dmean2": 339.459747314,
        "dvar": 658330.6875,
        "dvar2": 1087827.25,
        "max": 18884.6191406,
        "mean": 848.938232422,
        "median": 602.9296875,
        "min": 129.19921875,
        "var": 1273690.125
    },
    "spectral_skewness": {
        "dmean": 0.56896853447,
        "dmean2": 0.917045712471,
        "dvar": 0.334417164326,
        "dvar2": 0.914755105972,
        "max": 7.71848344803,
        "mean": 2.73857593536,
        "median": 2.41234326363,
        "min": -0.20846106112,
        "var": 1.84566986561
    },
    "spectral_spread": {
        "dmean": 385126.03125,
        "dmean2": 519272.65625,
        "dvar": 1.3959420969e+12,
        "dvar2": 1.32953931776e+12,
        "max": 40852280,
        "mean": 2522954.5,
        "median": 2304716,
        "min": 740291,
        "var": 3.13714252186e+12
    },
    "spectral_strongpeak": {
        "dmean": 0.222084537148,
        "dmean2": 0.385971546173,
        "dvar": 0.392504423857,
        "dvar2": 1.13130533695,
        "max": 11.4622917175,
        "mean": 0.593996763229,
        "median": 0.3778000772,
        "min": 2.44410802708e-09,
        "var": 0.500469923019
    },
    "zerocrossingrate": {
        "dmean": 0.00566247524694,
        "dmean2": 0.00607760762796,
        "dvar": 0.000277011509752,
        "dvar2": 0.000232344653341,
        "max": 0.5029296875,
        "mean": 0.0311861801893,
        "median": 0.02490234375,
        "min": 0.00439453125,
        "var": 0.000989324762486
    },
    "barkbands": {
        "dmean": [4.52627364211e-06, 0.000223347626161, 0.000575158977881, 0.001023285673, 0.00103463430423, 0.000574989244342, 0.000358456280082, 0.000578842009418, 0.000413068686612, 0.000177010253537, 0.000169827326317, 0.00022067737882, 0.000316742400173, 0.00026110073668, 9.26194625208e-05, 4.31106054748e-05, 3.48123721778e-05, 5.43014939467e-05, 5.3890482377e-05, 7.62583076721e-05, 4.02229270549e-05, 1.99362020794e-05, 3.23982021655e-05, 5.23967974004e-05, 1.59043629537e-05, 1.87224955539e-08, 7.1688976977e-10],
        "dmean2": [7.54427128413e-06, 0.000363361526979, 0.000966628314927, 0.00166139542125, 0.00150065228809, 0.000846632407047, 0.000488628284074, 0.000797007465735, 0.00055812014034, 0.000258714455413, 0.000242958572926, 0.000325242057443, 0.000468309386633, 0.000391296460293, 0.000154897541506, 6.03565604251e-05, 5.2305556892e-05, 8.85586705408e-05, 9.61938349064e-05, 0.000114673079224, 6.1084938352e-05, 2.71135722869e-05, 4.35298679804e-05, 5.84902445553e-05, 2.1925128749e-05, 2.88293158235e-08, 1.32989130819e-09],
        "dvar": [1.93445759411e-10, 7.5071898209e-07, 2.69937208941e-06, 8.38939013192e-06, 1.01870600702e-05, 2.15042291529e-06, 9.0604783054e-07, 3.28569672092e-06, 2.13277303374e-06, 2.56172512536e-07, 2.30608392826e-07, 1.27239400172e-06, 1.2280138435e-06, 6.49010985398e-07, 1.10727462754e-07, 2.55748417999e-08, 1.40525360237e-08, 3.05711473914e-08, 4.28184193879e-07, 4.03279670991e-07, 1.21031774825e-07, 3.63439305318e-08, 1.09465219111e-07, 3.92782425251e-07, 3.38171766145e-08, 5.55565589735e-14, 2.34177002763e-18],
        "dvar2": [5.08845465763e-10, 1.62420224115e-06, 7.83679388405e-06, 2.7998987207e-05, 2.66747028945e-05, 4.45099340141e-06, 1.62103458479e-06, 6.75539786243e-06, 3.54682265424e-06, 5.67709093957e-07, 4.24538512789e-07, 2.75694446827e-06, 3.13413056574e-06, 1.27782470827e-06, 2.87001427068e-07, 4.9957630921e-08, 2.87920922659e-08, 7.23746467202e-08, 1.26592658489e-06, 9.43963982536e-07, 2.96519147014e-07, 7.24800912622e-08, 2.24405596327e-07, 5.21892843608e-07, 4.63496370173e-08, 9.37406416054e-14, 7.75446007348e-18],
        "max": [0.000305306282826, 0.0157877020538, 0.0240957904607, 0.0344628766179, 0.0796768218279, 0.034617844969, 0.0185586102307, 0.0330419167876, 0.0305029433221, 0.00802811514586, 0.00738845206797, 0.0360158979893, 0.0199292078614, 0.016766263172, 0.00760012352839, 0.0037879217416, 0.00256011541933, 0.00285675772466, 0.018138691783, 0.0183284915984, 0.00955071020871, 0.00463464716449, 0.00976357515901, 0.0239792261273, 0.00611017784104, 8.53994424688e-06, 1.31459794162e-08],
        "mean": [5.35416029379e-06, 0.00071081815986, 0.00124544266146, 0.00283578014933, 0.00382409244776, 0.00192798685748, 0.00100072054192, 0.00151312840171, 0.000992224318907, 0.000481924565975, 0.000377502583433, 0.000446763966465, 0.000659338955302, 0.00055985833751, 0.000152472799527, 9.6132462204e-05, 7.30774772819e-05, 9.74302820396e-05, 6.4313702751e-05, 9.99110270641e-05, 4.46030062449e-05, 2.12579707295e-05, 3.94530397898e-05, 7.03096666257e-05, 2.07339544431e-05, 2.28151488813e-08, 5.83622539185e-10],
        "median": [1.31884553412e-06, 0.000144459467265, 0.000386280356906, 0.000273859215667, 0.0013016682351, 0.000539691594895, 0.000170403131051, 0.000147501399624, 8.34834791021e-05, 0.000105940613139, 6.97242867318e-05, 7.05401107552e-05, 5.41308836546e-05, 6.66479609208e-05, 1.88902740774e-05, 1.10904920803e-05, 6.53486040392e-06, 1.24736743601e-05, 4.01724128096e-06, 6.04171327723e-06, 1.51580741203e-06, 3.44716170275e-07, 6.02309683018e-07, 7.35911044103e-07, 2.01498977503e-07, 4.85694484631e-10, 1.37871422612e-10],
        "min": [2.5694810537e-23, 7.97529476827e-23, 1.39346583332e-23, 5.3335611554e-24, 2.54163347489e-23, 4.91418944532e-23, 4.94745949623e-23, 9.63966569163e-24, 5.24245560946e-23, 6.02652939116e-23, 1.02837693586e-22, 7.03774683528e-23, 9.66325452597e-23, 1.03147242605e-22, 1.33604360673e-22, 1.11026379015e-22, 2.30092676915e-22, 2.68707784257e-22, 2.52370159366e-22, 3.01241165295e-22, 4.3364928467e-22, 4.52215914935e-22, 8.24271798406e-22, 8.99784189582e-22, 1.29082564526e-21, 1.56877176064e-21, 2.4154627083e-21],
        "var": [3.23787052725e-10, 2.05320384339e-06, 4.75360093333e-06, 2.6068491934e-05, 4.10648717661e-05, 1.26008262669e-05, 4.38667939306e-06, 1.18407506307e-05, 9.42973474594e-06, 9.17183001548e-07, 9.00665099834e-07, 2.22195785682e-06, 3.74082105736e-06, 2.14126453102e-06, 1.70093315432e-07, 8.47078140964e-08, 3.62090020189e-08, 5.75997738395e-08, 3.76012053493e-07, 4.16176987983e-07, 1.02190199414e-07, 4.60053577456e-08, 1.52266835585e-07, 8.47059482112e-07, 7.7530231124e-08, 1.14550865538e-13, 1.66871570387e-18]
    },
    "erbbands": {
        "dmean": [0.0021468794439, 0.0688564255834, 0.536228239536, 2.19160914421, 3.01333189011, 3.6991481781, 4.92469120026, 4.819190979, 4.12244081497, 10.5165252686, 9.77942085266, 10.2406702042, 8.09777832031, 3.10130143166, 7.10056638718, 9.65360641479, 13.6109972, 14.9866218567, 5.44123601913, 4.61802148819, 1.95649898052, 1.75807702541, 3.06422376633, 1.76478564739, 3.4465842247, 3.17563319206, 2.9296438694, 0.718613564968, 0.519046962261, 0.894618332386, 0.973649740219, 1.19523012638, 0.732920348644, 0.343467712402, 0.0252787619829, 0.00112108222675, 5.7402656239e-05, 7.69014604884e-06, 3.41851023222e-06, 4.8517772484e-06],
        "dmean2": [0.00370222539641, 0.114635109901, 0.908472299576, 3.64579725266, 4.55848026276, 5.18588447571, 7.44023323059, 7.18982458115, 5.48289632797, 15.3419160843, 13.2497959137, 13.7625083923, 11.0582828522, 4.31450986862, 10.0527582169, 14.0859537125, 19.9834728241, 21.812795639, 8.35146808624, 7.54017972946, 2.9275829792, 2.64042210579, 4.91349411011, 2.82329630852, 6.09480142593, 4.64849567413, 4.75804948807, 1.10693192482, 0.751949191093, 1.26707267761, 1.28923332691, 1.64543914795, 0.938197433949, 0.476131856441, 0.0359391011298, 0.00154938350897, 6.75689516356e-05, 9.50712728809e-06, 4.54700966657e-06, 6.73256545269e-06],
        "dvar": [7.08042571205e-05, 0.0686100125313, 2.46718239784, 41.2964553833, 43.0231132507, 134.08782959, 342.935791016, 164.789962769, 195.176986694, 829.678222656, 1135.92150879, 1155.15258789, 676.538635254, 53.3285102844, 378.067504883, 2092.6171875, 2385.43115234, 2094.44140625, 252.448379517, 404.572570801, 56.7145843506, 37.0470275879, 107.471481323, 73.1458740234, 1944.22485352, 640.449279785, 790.974914551, 37.4923591614, 20.4126644135, 94.7788772583, 97.906578064, 234.18460083, 82.0535964966, 15.79347229, 0.102871663868, 0.000189969403436, 3.91401783872e-07, 6.30078433872e-09, 3.44885869863e-10, 1.35289168757e-10],
        "dvar2": [0.000193309053429, 0.14847497642, 6.57079982758, 142.480300903, 121.17653656, 311.9581604, 947.936401367, 356.705108643, 338.19241333, 1599.89343262, 2221.73510742, 1977.05822754, 1295.94970703, 96.3472442627, 723.788574219, 4601.69677734, 5820.16552734, 3663.61889648, 569.802368164, 1071.70581055, 122.226753235, 78.7367553711, 250.158035278, 172.243530273, 5667.90625, 1438.91040039, 2199.51098633, 75.0900268555, 35.1182060242, 208.400192261, 177.305923462, 403.343933105, 99.565574646, 22.33228302, 0.218365073204, 0.000384457962355, 5.75783360546e-07, 7.72504282764e-09, 4.14206030586e-10, 2.29929200679e-10],
        "max": [0.146895647049, 4.58334589005, 24.2687702179, 69.3786849976, 112.666877747, 269.479125977, 553.534484863, 271.101074219, 351.680450439, 529.939025879, 599.283874512, 792.050354004, 456.060974121, 114.580688477, 441.745819092, 1383.70776367, 971.930786133, 934.038085938, 284.152008057, 500.34664917, 179.437133789, 143.419296265, 190.337661743, 225.420898438, 1080.09082031, 769.501586914, 743.469726562, 138.828369141, 109.075935364, 261.221069336, 303.543426514, 512.878051758, 331.425720215, 131.040725708, 10.9621582031, 0.479265660048, 0.0230230558664, 0.00285262125544, 0.00063963024877, 0.000275595113635],
        "mean": [0.00477414298803, 0.221371039748, 1.35790085793, 5.63051939011, 9.10141563416, 14.1031475067, 16.2418575287, 16.9454193115, 13.5262231827, 31.3538646698, 24.6208209991, 26.4609699249, 20.3145656586, 8.6363401413, 18.324962616, 21.059053421, 30.0573062897, 33.5709838867, 11.1326007843, 7.68730115891, 4.63324546814, 3.99076914787, 5.85343503952, 3.1548833847, 3.86261200905, 4.49261474609, 3.51422286034, 0.885431468487, 0.629132390022, 0.940812528133, 1.23853993416, 1.46643733978, 1.13743054867, 0.457384616137, 0.0248901098967, 0.00115447083954, 7.48639649828e-05, 1.14521672003e-05, 1.08843169073e-05, 2.05754095077e-05],
        "median": [0.00151065690443, 0.0542267411947, 0.483695358038, 0.98302936554, 1.74508213997, 4.49966335297, 3.85708141327, 4.12158489227, 2.86028075218, 3.83251047134, 3.24421715736, 2.76809048653, 4.42300462723, 2.10441946983, 3.27114248276, 3.50392389297, 2.79639077187, 4.02325963974, 1.53926610947, 0.950418293476, 0.632768571377, 0.366361558437, 0.606973946095, 0.466369450092, 0.195500016212, 0.285323292017, 0.162312820554, 0.0369472317398, 0.0167024787515, 0.0138428416103, 0.0164486896247, 0.0188154671341, 0.00835699308664, 0.0048397439532, 0.000178782574949, 2.01145485335e-05, 5.32227568328e-06, 9.78700199994e-07, 3.77609330826e-06, 8.5630972535e-06],
        "min": [3.7157320662e-21, 1.2452597469e-20, 1.75803797513e-20, 1.88010559974e-20, 2.1363466049e-20, 8.54657872291e-20, 3.76318685248e-19, 3.94256691367e-19, 4.66518801939e-19, 6.67222183456e-19, 2.80156250702e-19, 1.09805672396e-18, 1.8655871712e-18, 2.97737374916e-18, 3.58458553014e-18, 3.19304000078e-18, 4.72778056955e-18, 4.8822627528e-18, 6.04082928953e-18, 7.36446674854e-18, 7.57224872815e-18, 1.37354300244e-17, 1.26592597757e-17, 1.60740284348e-17, 1.23990436442e-17, 1.2701721438e-17, 2.00003189672e-17, 1.65972929641e-17, 1.57131378053e-17, 2.17879257541e-17, 2.32146104787e-17, 2.06586769798e-17, 1.20045802352e-17, 1.30217964945e-17, 1.06545495108e-17, 4.96229619938e-18, 3.1978175892e-18, 1.365816846e-18, 3.49160924021e-19, 3.57893876876e-20],
        "var": [0.000117477437016, 0.184482440352, 4.91884708405, 103.724624634, 244.57913208, 683.729248047, 1200.41870117, 1086.19897461, 887.608581543, 3986.9230957, 3963.43066406, 6192.40820312, 1918.48547363, 265.178619385, 1828.91784668, 3958.36816406, 7546.72314453, 7589.91650391, 651.998962402, 573.508911133, 169.810333252, 91.7227706909, 217.938369751, 108.894561768, 1959.65405273, 761.317321777, 528.255432129, 44.6385307312, 30.7847614288, 108.582839966, 149.384262085, 357.191345215, 218.304138184, 36.9184112549, 0.134689763188, 0.00027104630135, 8.14261682081e-07, 1.50167398516e-08, 9.2851598632e-10, 7.78081044039e-10]
    },
    "gfcc": {
        "mean": [-148.510971069, 182.301376343, -136.812927246, 16.4289779663, -58.7509536743, 1.53769636154, -37.0109291077, -15.4690351486, -16.5416927338, -22.7260093689, 8.11699867249, -29.4927368164, 2.3697271347],
        "cov": [[13889.5205078, -1484.05566406, -1894.0645752, 891.408569336, -995.498840332, -135.536331177, -340.793334961, 23.5932235718, -320.392547607, -34.6884384155, 172.685455322, -702.234863281, -99.6020278931], [-1484.05566406, 1705.52026367, 200.178283691, -637.222045898, 764.420288086, -174.423812866, 325.938110352, -189.485290527, 224.099533081, -112.936798096, 13.1652231216, 119.386268616, -69.4688720703], [-1894.0645752, 200.178283691, 762.847106934, -7.72643232346, 149.890823364, 214.620162964, 19.0067176819, 48.7501373291, 66.2605895996, 11.3338441849, -45.6015625, 106.292602539, 30.0872764587], [891.408569336, -637.222045898, -7.72643232346, 585.060974121, -222.960693359, 98.6314163208, -10.6805868149, 69.2287063599, -40.2161140442, 37.4509506226, -29.8962249756, -50.0748138428, 36.9812774658], [-995.498840332, 764.420288086, 149.890823364, -222.960693359, 558.636535645, -52.2343673706, 151.759490967, -29.5648040771, 119.092941284, -18.8206958771, -13.0779676437, 86.3744659424, -5.1547203064], [-135.536331177, -174.423812866, 214.620162964, 98.6314163208, -52.2343673706, 277.991424561, 32.3738975525, 47.1885910034, 22.6432094574, 44.6122360229, -4.58984231949, 16.0170536041, 14.2274198532], [-340.793334961, 325.938110352, 19.0067176819, -10.6805868149, 151.759490967, 32.3738975525, 312.227081299, -71.4108047485, 37.9566841125, 2.09384512901, -15.7153348923, 31.8152179718, -45.8817062378], [23.5932235718, -189.485290527, 48.7501373291, 69.2287063599, -29.5648040771, 47.1885910034, -71.4108047485, 171.395095825, -6.01237726212, 25.0324897766, 10.7499074936, 6.79759168625, 42.2868919373], [-320.392547607, 224.099533081, 66.2605895996, -40.2161140442, 119.092941284, 22.6432094574, 37.9566841125, -6.01237726212, 174.23626709, 5.05637407303, 9.9418888092, 77.6099472046, -9.46861076355], [-34.6884384155, -112.936798096, 11.3338441849, 37.4509506226, -18.8206958771, 44.6122360229, 2.09384512901, 25.0324897766, 5.05637407303, 92.5788803101, 15.0971002579, 2.07927322388, 15.5067949295], [172.685455322, 13.1652231216, -45.6015625, -29.8962249756, -13.0779676437, -4.58984231949, -15.7153348923, 10.7499074936, 9.9418888092, 15.0971002579, 89.4644775391, 24.1530952454, 4.02642393112], [-702.234863281, 119.386268616, 106.292602539, -50.0748138428, 86.3744659424, 16.0170536041, 31.8152179718, 6.79759168625, 77.6099472046, 2.07927322388, 24.1530952454, 156.932449341, 17.185836792], [-99.6020278931, -69.4688720703, 30.0872764587, 36.9812774658, -5.1547203064, 14.2274198532, -45.8817062378, 42.2868919373, -9.46861076355, 15.5067949295, 4.02642393112, 17.185836792, 79.4580459595]],
        "icov": [[0.000181608178536, -0.000275367376162, 0.000492862076499, -0.000410508859204, 0.000191557075595, -0.000361855345545, 0.000335298507707, -9.55955474637e-05, 9.90763655864e-05, 5.57377134101e-05, -0.000252109166468, 0.000387454725569, 0.000242942158366], [-0.000275367376162, 0.00609402451664, -0.00234062853269, 0.0041834898293, -0.00446756882593, 0.0028801355511, -0.00422958377749, 0.00230265851133, -0.00404188362882, 0.0040510003455, -0.00250752572902, 0.0025520704221, -0.00224849092774], [0.000492862076499, -0.00234062853269, 0.00399779621512, -0.00206850888208, 0.000970050750766, -0.00351702142507, 0.00251801102422, -0.000946282059886, 0.00166841933969, -0.000736243557185, 0.00146542151924, -0.00119825650472, 0.00119804125279], [-0.000410508859204, 0.0041834898293, -0.00206850888208, 0.00557666970417, -0.00198918441311, 0.00192550558131, -0.00379734113812, 0.000808314944152, -0.00302096782252, 0.00214248546399, -0.000304327986669, 0.00162186974194, -0.00287944823503], [0.000191557075595, -0.00446756882593, 0.000970050750766, -0.00198918441311, 0.00660091638565, -0.000811562524177, 0.00133053842001, -0.00223335134797, 0.00124157627579, -0.00286048860289, 0.00233922759071, -0.00173761893529, 0.000386578903999], [-0.000361855345545, 0.0028801355511, -0.00351702142507, 0.00192550558131, -0.000811562524177, 0.00777931092307, -0.0036059783306, 1.00231018223e-05, -0.00286720250733, -0.000227604366955, -0.00116339197848, 0.00134057132527, -0.001561333891], [0.000335298507707, -0.00422958377749, 0.00251801102422, -0.00379734113812, 0.00133053842001, -0.0036059783306, 0.00809021573514, 0.000181048148079, 0.00342017970979, -0.00322553399019, 0.0020844633691, -0.00265723979101, 0.00434968806803], [-9.55955474637e-05, 0.00230265851133, -0.000946282059886, 0.000808314944152, -0.00223335134797, 1.00231018223e-05, 0.000181048148079, 0.00875244103372, -0.00122360535897, 0.000594740966335, -0.00173489912413, 0.000741931784432, -0.00315909087658], [9.90763655864e-05, -0.00404188362882, 0.00166841933969, -0.00302096782252, 0.00124157627579, -0.00286720250733, 0.00342017970979, -0.00122360535897, 0.0113345086575, -0.0033932805527, 0.0017491672188, -0.00584986805916, 0.00377426994964], [5.57377134101e-05, 0.0040510003455, -0.000736243557185, 0.00214248546399, -0.00286048860289, -0.000227604366955, -0.00322553399019, 0.000594740966335, -0.0033932805527, 0.0158269945532, -0.00440762192011, 0.00309143937193, -0.00336904148571], [-0.000252109166468, -0.00250752572902, 0.00146542151924, -0.000304327986669, 0.00233922759071, -0.00116339197848, 0.0020844633691, -0.00173489912413, 0.0017491672188, -0.00440762192011, 0.0154216224328, -0.00511145172641, 0.000958135176916], [0.000387454725569, 0.0025520704221, -0.00119825650472, 0.00162186974194, -0.00173761893529, 0.00134057132527, -0.00265723979101, 0.000741931784432, -0.00584986805916, 0.00309143937193, -0.00511145172641, 0.0128624774516, -0.00368959875777], [0.000242942158366, -0.00224849092774, 0.00119804125279, -0.00287944823503, 0.000386578903999, -0.001561333891, 0.00434968806803, -0.00315909087658, 0.00377426994964, -0.00336904148571, 0.000958135176916, -0.00368959875777, 0.0181647315621]]
    },
    "melbands": {
        "dmean": [3.84395971196e-05, 0.000214569125092, 0.000401706522098, 0.000197321700398, 0.000187076002476, 0.000108512744191, 6.40722864773e-05, 0.000119970929518, 7.76426095399e-05, 6.22720981482e-05, 3.93674563384e-05, 1.20771774164e-05, 2.57081246673e-05, 2.15123254748e-05, 3.33549251081e-05, 2.71623539447e-05, 2.95723493764e-05, 9.62990452535e-06, 5.68614223084e-06, 5.14647081218e-06, 2.20034189624e-06, 1.84063810593e-06, 2.77822164207e-06, 2.54303222391e-06, 1.33745515996e-06, 2.3400630198e-06, 2.43051340476e-06, 2.16507942241e-06, 2.41166458181e-06, 7.84694066169e-07, 3.43281897131e-07, 2.388694611e-07, 4.94789958339e-07, 4.8840195177e-07, 5.73918384816e-07, 6.77888692735e-07, 7.32193427666e-07, 5.49101457636e-07, 4.59793710661e-07, 2.51308364341e-07],
        "dmean2": [6.17718469584e-05, 0.000360786681995, 0.000651681912132, 0.000284527573967, 0.000276603735983, 0.000160235213116, 8.44251990202e-05, 0.00017380801728, 0.000105255268863, 8.41849177959e-05, 5.4213207477e-05, 1.70979074028e-05, 3.69397930626e-05, 3.14043281833e-05, 5.28924028913e-05, 3.92131405533e-05, 4.34680732724e-05, 1.49059742398e-05, 9.51420497586e-06, 8.04984847491e-06, 3.42931411978e-06, 2.74832700597e-06, 4.43258204541e-06, 4.06665185437e-06, 2.04652155844e-06, 4.1640382733e-06, 3.79353809876e-06, 3.20474987348e-06, 4.05209266319e-06, 1.22594030927e-06, 4.84026088543e-07, 3.60131281241e-07, 6.82628183313e-07, 6.93610672897e-07, 8.26797588616e-07, 9.65037315837e-07, 9.962857348e-07, 6.91517129781e-07, 6.74512307342e-07, 3.17686726703e-07],
        "dvar": [2.19185665173e-08, 4.27960685556e-07, 1.07707444386e-06, 1.62624800737e-07, 5.36143772933e-07, 8.42851903826e-08, 4.00931945421e-08, 1.16048447296e-07, 7.01709126361e-08, 4.33712976644e-08, 1.63163100808e-08, 8.01922028781e-10, 5.09794606529e-09, 3.7668326236e-09, 4.34173976771e-08, 7.05532832157e-09, 8.19392909079e-09, 9.34080035542e-10, 4.63709820542e-10, 3.8794620294e-10, 7.77327091583e-11, 4.69781262502e-11, 7.4360281821e-11, 7.52164233675e-11, 3.04711984811e-11, 1.03408137608e-09, 1.16433451769e-09, 1.71351932643e-10, 5.69617630841e-10, 5.03617460235e-11, 8.18826777216e-12, 3.71725003209e-12, 2.70788252932e-11, 2.79519185575e-11, 4.09236325383e-11, 5.91985627185e-11, 9.28218057972e-11, 4.66914666652e-11, 2.67148941857e-11, 8.37877857374e-12],
        "dvar2": [5.0038345023e-08, 1.08283734335e-06, 3.61014826922e-06, 3.76495961518e-07, 1.48164372149e-06, 1.73676809823e-07, 6.66127704108e-08, 2.32829989955e-07, 1.3585432157e-07, 7.36040917104e-08, 3.1409271628e-08, 1.52340784432e-09, 9.65649693541e-09, 7.38062277961e-09, 1.13661819512e-07, 1.597036281e-08, 1.47002676698e-08, 2.14267958931e-09, 1.19868692749e-09, 9.52800616183e-10, 1.80408535333e-10, 1.00115672697e-10, 1.61960458933e-10, 1.8436670246e-10, 6.38784511398e-11, 3.04065506107e-09, 2.92750979014e-09, 3.80208226014e-10, 1.63825020216e-09, 1.13748371833e-10, 1.81746145911e-11, 6.26809541771e-12, 5.77163004889e-11, 6.20566445453e-11, 9.0419276233e-11, 1.1193207472e-10, 1.46810452684e-10, 5.52330681192e-11, 4.2676681633e-11, 1.35141776242e-11],
        "max": [0.00269853137434, 0.0102340262383, 0.0117860911414, 0.00791035871953, 0.0208124667406, 0.00646742060781, 0.0048578097485, 0.00668201548979, 0.00489498861134, 0.004223278258, 0.00227067642845, 0.000502006674651, 0.00114781665616, 0.00119502423331, 0.00609698332846, 0.00167102389969, 0.00184845505282, 0.000635759439319, 0.000511305523105, 0.000446945428848, 0.000222002607188, 0.000161455580383, 0.000159487957717, 0.000138673160109, 0.000131612279802, 0.000912987743504, 0.00106936995871, 0.000364827428712, 0.000617297715507, 0.00017618041602, 6.74690527376e-05, 4.27649683843e-05, 0.000126303435536, 0.000145722282468, 0.000194331601961, 0.00023252129904, 0.000325903558405, 0.00025221996475, 0.000181755123776, 9.82802594081e-05],
        "mean": [0.000112248053483, 0.000564926420338, 0.00114487297833, 0.0007313513197, 0.000666072708555, 0.000374272902263, 0.000206098295166, 0.00035176955862, 0.000192027058802, 0.000155538073159, 9.62129051914e-05, 3.12564880005e-05, 5.98569749855e-05, 5.22611226188e-05, 6.52714807075e-05, 6.01007523073e-05, 6.43326857244e-05, 1.86017750821e-05, 9.21541686694e-06, 9.84768939816e-06, 4.53754046248e-06, 3.75491367777e-06, 5.62585091757e-06, 4.38793176727e-06, 2.30269552048e-06, 2.47908201345e-06, 2.82329506263e-06, 3.16262594424e-06, 2.89755166705e-06, 8.41055566525e-07, 3.77951664632e-07, 2.99184193864e-07, 4.95650056109e-07, 5.1366646403e-07, 6.68719678742e-07, 8.55684959333e-07, 9.0528101282e-07, 8.4735506789e-07, 6.17575835804e-07, 2.92433327331e-07],
        "median": [2.51277597272e-05, 0.000200090536964, 0.000208547222428, 0.000272307166597, 0.000158155889949, 9.45579085965e-05, 4.27612903877e-05, 3.99600357923e-05, 2.20318543143e-05, 1.62597898452e-05, 2.05222313525e-05, 6.45862382953e-06, 1.09440079541e-05, 8.7154458015e-06, 7.26726011635e-06, 5.48891603103e-06, 7.44846147427e-06, 2.36058303926e-06, 1.0424220136e-06, 1.01417924725e-06, 5.98118617745e-07, 3.20939022913e-07, 4.09813537772e-07, 5.56207851332e-07, 2.74742063766e-07, 1.07906515723e-07, 1.22870034147e-07, 1.80526001259e-07, 1.21380722362e-07, 1.99548466639e-08, 1.00183239482e-08, 6.4557492685e-09, 4.36068336995e-09, 5.31863442177e-09, 6.99804036941e-09, 1.10767572892e-08, 6.77739242505e-09, 4.22824220081e-09, 6.48672848769e-09, 1.9428261222e-09],
        "min": [2.86343823712e-23, 1.16291910384e-23, 3.20132613771e-24, 2.89936043839e-24, 1.12967429648e-23, 8.82048255094e-24, 8.0403874681e-24, 6.23796888399e-24, 2.48361358361e-24, 7.83869387843e-24, 9.17040310469e-24, 1.12190693535e-23, 1.18469560913e-23, 7.62564069173e-24, 1.19425305343e-23, 8.74631542635e-24, 9.15640397907e-24, 8.54774888132e-24, 1.26251807849e-23, 7.41038184994e-24, 9.28920082385e-24, 1.68153038354e-23, 8.31206406411e-24, 1.19487798904e-23, 1.35102322335e-23, 8.6250698718e-24, 9.70836364357e-24, 7.46363390535e-24, 1.39167701233e-23, 9.16018341167e-24, 9.63749869073e-24, 8.21709704403e-24, 9.95181795183e-24, 1.36383495554e-23, 1.41616309705e-23, 1.22283293182e-23, 1.21883774577e-23, 7.58830469395e-24, 9.06566052028e-24, 1.16195637799e-23],
        "var": [5.5133611454e-08, 9.11913105028e-07, 3.51279777533e-06, 1.04199909856e-06, 1.89709112419e-06, 5.14205737545e-07, 1.99771235998e-07, 5.2879732948e-07, 2.69213899173e-07, 2.0503119913e-07, 4.38810374703e-08, 3.89918541899e-09, 2.01228775865e-08, 1.53013264281e-08, 6.3382643134e-08, 2.44161970642e-08, 2.93591071454e-08, 2.14156026246e-09, 6.6311844904e-10, 9.5578811532e-10, 1.70124400678e-10, 9.44323577667e-11, 2.12744585837e-10, 1.21293280975e-10, 5.33467645059e-11, 8.78458528142e-10, 1.21518406448e-09, 2.22848628439e-10, 3.52665230352e-10, 4.7877545678e-11, 9.41148027567e-12, 5.91140114289e-12, 3.11227363325e-11, 3.24430586562e-11, 4.81946288433e-11, 8.50113660023e-11, 1.51244169966e-10, 1.25318644351e-10, 6.1303101484e-11, 1.66237908855e-11]
    },
    "mfcc": {
        "mean": [-771.04498291, 186.820083618, -0.96709305048, 4.75771570206, 7.11277389526, -3.36459469795, 3.38311910629, -9.35713386536, -13.3474617004, -0.715343236923, -9.10931873322, 0.531189739704, -8.90818881989],
        "cov": [[11404.2353516, -378.930908203, -1898.06115723, 430.118225098, -392.733154297, -639.214904785, 123.132461548, -384.935119629, -548.595581055, 524.524169922, -415.30645752, 307.226776123, -326.413665771], [-378.930908203, 1848.55944824, -298.830108643, -220.624221802, 208.645492554, 91.5447692871, 60.7836265564, 71.273727417, 47.6476860046, -72.0288467407, 88.181930542, 17.404510498, 67.7835006714], [-1898.06115723, -298.830108643, 928.512756348, -109.314170837, 113.238319397, 216.489578247, -17.0874080658, 110.141777039, 152.291610718, -71.1254196167, 59.9637680054, 5.93994379044, 82.3514022827], [430.118225098, -220.624221802, -109.314170837, 357.757385254, -21.5078868866, -11.6650705338, 55.3997192383, -12.8938465118, 37.0215110779, 12.14311409, -37.08436203, 26.4288539886, -16.332359314], [-392.733154297, 208.645492554, 113.238319397, -21.5078868866, 333.478942871, -0.703371703625, -29.8023834229, 44.0856399536, 93.0473480225, -12.7592973709, -3.76791381836, 31.8454551697, 94.9786148071], [-639.214904785, 91.5447692871, 216.489578247, -11.6650705338, -0.703371703625, 320.793518066, 42.2190742493, 74.0012893677, 87.3326416016, -9.27000999451, 98.7260818481, -11.2101707458, 8.90813922882], [123.132461548, 60.7836265564, -17.0874080658, 55.3997192383, -29.8023834229, 42.2190742493, 202.23550415, 8.81967258453, 16.7337265015, 28.7892627716, 13.7088470459, 1.2096619606, -11.8591547012], [-384.935119629, 71.273727417, 110.141777039, -12.8938465118, 44.0856399536, 74.0012893677, 8.81967258453, 147.664779663, 51.276889801, -12.1317939758, 47.0312461853, -8.99312210083, 53.8140907288], [-548.595581055, 47.6476860046, 152.291610718, 37.0215110779, 93.0473480225, 87.3326416016, 16.7337265015, 51.276889801, 183.81930542, -21.9006347656, 20.8663368225, 30.403055191, 28.9399909973], [524.524169922, -72.0288467407, -71.1254196167, 12.14311409, -12.7592973709, -9.27000999451, 28.7892627716, -12.1317939758, -21.9006347656, 127.698913574, -21.9042415619, 27.9967346191, -7.02088212967], [-415.30645752, 88.181930542, 59.9637680054, -37.08436203, -3.76791381836, 98.7260818481, 13.7088470459, 47.0312461853, 20.8663368225, -21.9042415619, 161.543670654, -44.5468292236, 6.99534034729], [307.226776123, 17.404510498, 5.93994379044, 26.4288539886, 31.8454551697, -11.2101707458, 1.2096619606, -8.99312210083, 30.403055191, 27.9967346191, -44.5468292236, 145.591171265, 2.82453799248], [-326.413665771, 67.7835006714, 82.3514022827, -16.332359314, 94.9786148071, 8.90813922882, -11.8591547012, 53.8140907288, 28.9399909973, -7.02088212967, 6.99534034729, 2.82453799248, 146.111602783]],
