{
"lowlevel": {
    "average_loudness": 0.938645064831,
    "barkbands_crest": {
        "dmean": 2.67795538902,
        "dmean2": 4.36395835876,
        "dvar": 6.15702009201,
        "dvar2": 16.0087985992,
        "max": 24.9016780853,
        "mean": 10.8406095505,
        "median": 9.8639087677,
        "min": 3.19211316109,
        "var": 16.2899665833
    },
    "barkbands_flatness_db": {
        "dmean": 0.0206068530679,
        "dmean2": 0.0325222089887,
        "dvar": 0.00038088450674,
        "dvar2": 0.000808589684311,
        "max": 0.320276796818,
        "mean": 0.188669472933,
        "median": 0.187346369028,
        "min": 0.0783013105392,
        "var": 0.00190176989418
    },
    "barkbands_kurtosis": {
        "dmean": 3.58654689789,
        "dmean2": 5.61905574799,
        "dvar": 25.1006546021,
        "dvar2": 57.7253684998,
        "max": 80.260269165,
        "mean": 7.18089151382,
        "median": 4.77839279175,
        "min": -1.90179371834,
        "var": 67.8903198242
    },
    "barkbands_skewness": {
        "dmean": 0.54765444994,
        "dmean2": 0.832816302776,
        "dvar": 0.320646971464,
        "dvar2": 0.697924911976,
        "max": 8.0914068222,
        "mean": 2.153444767,
        "median": 2.06147742271,
        "min": -1.44578897953,
        "var": 1.31502425671
    },
    "barkbands_spread": {
        "dmean": 5.38053846359,
        "dmean2": 8.2308921814,
        "dvar": 70.2079925537,
        "dvar2": 122.612174988,
        "max": 98.1229248047,
        "mean": 18.8259296417,
        "median": 14.4420394897,
        "min": 2.31934952736,
        "var": 247.665130615
    },
    "dissonance": {
        "dmean": 0.0186687260866,
        "dmean2": 0.0303832646459,
        "dvar": 0.000281527696643,
        "dvar2": 0.000724123907275,
        "max": 0.499999940395,
        "mean": 0.456594586372,
        "median": 0.462179094553,
        "min": 0.276850938797,
        "var": 0.000843309040647
    },
    "dynamic_complexity": 3.03836584091,
    "erbbands_crest": {
        "dmean": 2.58101296425,
        "dmean2": 4.10415840149,
        "dvar": 5.55851078033,
        "dvar2": 12.6218519211,
        "max": 25.9745597839,
        "mean": 9.24341392517,
        "median": 8.28545475006,
        "min": 2.74173927307,
        "var": 18.3654499054
    },
    "erbbands_flatness_db": {
        "dmean": 0.0147499805316,
        "dmean2": 0.0208839084953,
        "dvar": 0.000178961607162,
        "dvar2": 0.000339799880749,
        "max": 0.275334924459,
        "mean": 0.181580364704,
        "median": 0.184798628092,
        "min": 0.0935358181596,
        "var": 0.00102752563544
    },
    "erbbands_kurtosis": {
        "dmean": 0.865151762962,
        "dmean2": 1.28798830509,
        "dvar": 1.76165473461,
        "dvar2": 3.44920086861,
        "max": 20.4099121094,
        "mean": 0.292478710413,
        "median": -0.356270313263,
        "min": -1.6795232296,
        "var": 4.53654241562
    },
    "erbbands_skewness": {
        "dmean": 0.375284314156,
        "dmean2": 0.538857638836,
        "dvar": 0.138138011098,
        "dvar2": 0.235701054335,
        "max": 3.69501686096,
        "mean": 0.446596264839,
        "median": 0.472761303186,
        "min": -3.5223171711,
        "var": 0.757898151875
    },
    "erbbands_spread": {
        "dmean": 9.26267147064,
        "dmean2": 13.868721962,
        "dvar": 101.955169678,
        "dvar2": 225.935531616,
        "max": 112.636955261,
        "mean": 44.7802124023,
        "median": 41.5150032043,
        "min": 10.3155708313,
        "var": 316.824523926
    },
    "hfc": {
        "dmean": 5.82033491135,
        "dmean2": 8.05903816223,
        "dvar": 114.558647156,
        "dvar2": 216.216720581,
        "max": 146.811889648,
        "mean": 17.5541496277,
        "median": 11.4707927704,
        "min": 0.000126388811623,
        "var": 400.705596924
    },
    "melbands_crest": {
        "dmean": 3.12488555908,
        "dmean2": 5.18898105621,
        "dvar": 7.95258998871,
        "dvar2": 21.5952205658,
        "max": 32.3321838379,
        "mean": 14.6987409592,
        "median": 13.9696483612,
        "min": 5.70731639862,
        "var": 21.3456554413
    },
    "melbands_flatness_db": {
        "dmean": 0.025279507041,
        "dmean2": 0.0381686091423,
        "dvar": 0.000689434935339,
        "dvar2": 0.00139638676774,
        "max": 0.424092024565,
        "mean": 0.232177481055,
        "median": 0.232900008559,
        "min": 0.0459853410721,
        "var": 0.00401622848585
    },
    "melbands_kurtosis": {
        "dmean": 9.02420806885,
        "dmean2": 14.0291633606,
        "dvar": 187.296936035,
        "dvar2": 452.25668335,
        "max": 203.486968994,
        "mean": 20.4301967621,
        "median": 14.6359424591,
        "min": -1.69456076622,
        "var": 404.428771973
    },
    "melbands_skewness": {
        "dmean": 0.77419936657,
        "dmean2": 1.19835209846,
        "dvar": 0.703577578068,
        "dvar2": 1.60620307922,
        "max": 11.7385454178,
        "mean": 3.35862231255,
        "median": 3.07723665237,
        "min": 0.299696326256,
        "var": 2.56194257736
    },
    "melbands_spread": {
        "dmean": 6.02270364761,
        "dmean2": 8.98929977417,
        "dvar": 146.644989014,
        "dvar2": 251.472702026,
        "max": 198.581329346,
        "mean": 17.5177936554,
        "median": 12.5848350525,
        "min": 1.42477190495,
        "var": 413.451843262
    },
    "pitch_salience": {
        "dmean": 0.0713251754642,
        "dmean2": 0.117008298635,
        "dvar": 0.00426806975156,
        "dvar2": 0.0107510853559,
        "max": 0.819845020771,
        "mean": 0.524553000927,
        "median": 0.527763307095,
        "min": 0.160074725747,
        "var": 0.0100016416982
    },
    "silence_rate_20dB": {
        "dmean": 0,
        "dmean2": 0,
        "dvar": 0,
        "dvar2": 0,
        "max": 1,
        "mean": 1,
        "median": 1,
        "min": 1,
        "var": 0
    },
    "silence_rate_30dB": {
        "dmean": 0.0341085270047,
        "dmean2": 0.0682699754834,
        "dvar": 0.0329452157021,
        "dvar2": 0.0899866744876,
        "max": 1,
        "mean": 0.979085981846,
        "median": 1,
        "min": 0,
        "var": 0.0204765610397
    },
    "silence_rate_60dB": {
        "dmean": 0.00930232554674,
        "dmean2": 0.0186190847307,
        "dvar": 0.00921592023224,
        "dvar2": 0.0198244564235,
        "max": 1,
        "mean": 0.0247869864106,
        "median": 0,
        "min": 0,
        "var": 0.0241723675281
    },
    "spectral_centroid": {
        "dmean": 262.164520264,
        "dmean2": 385.207427979,
        "dvar": 124787.421875,
        "dvar2": 219252.921875,
        "max": 4545.27148438,
        "mean": 1111.45202637,
        "median": 932.629516602,
        "min": 262.390228271,
        "var": 480899.03125
    },
    "spectral_complexity": {
        "dmean": 3.33488368988,
        "dmean2": 5.17300224304,
        "dvar": 19.827375412,
        "dvar2": 40.4130821228,
        "max": 58,
        "mean": 15.4113092422,
        "median": 14,
        "min": 0,
        "var": 68.6820602417
    },
    "spectral_decrease": {
        "dmean": 2.65831401336e-09,
        "dmean2": 4.06181266399e-09,
        "dvar": 2.21461876036e-17,
        "dvar2": 4.89252285296e-17,
        "max": -9.52013871924e-14,
        "mean": -7.55127693708e-09,
        "median": -6.20496720671e-09,
        "min": -5.7996938807e-08,
        "var": 4.04205280483e-17
    },
    "spectral_energy": {
        "dmean": 0.0103573640808,
        "dmean2": 0.0158239584416,
        "dvar": 0.000328200228978,
        "dvar2": 0.000724965881091,
        "max": 0.222089260817,
        "mean": 0.0300925299525,
        "median": 0.025241183117,
        "min": 3.70775779857e-07,
        "var": 0.000617944519036
    },
    "spectral_energyband_high": {
        "dmean": 0.000505336967763,
        "dmean2": 0.000667578075081,
        "dvar": 2.06805725611e-06,
        "dvar2": 3.19356718137e-06,
        "max": 0.0230801608413,
        "mean": 0.000955514726229,
        "median": 0.000215164778638,
        "min": 1.93323579367e-09,
        "var": 6.22585957899e-06
    },
    "spectral_energyband_low": {
        "dmean": 0.00687744608149,
        "dmean2": 0.0109563283622,
        "dvar": 0.000270522286883,
        "dvar2": 0.000621356244665,
        "max": 0.210162192583,
        "mean": 0.0127879204229,
        "median": 0.0084806792438,
        "min": 1.11162911764e-07,
        "var": 0.00031852137181
    },
    "spectral_energyband_middle_high": {
        "dmean": 0.00107447546907,
        "dmean2": 0.00159383646678,
        "dvar": 3.79782659365e-06,
        "dvar2": 8.12394227978e-06,
        "max": 0.0308721214533,
        "mean": 0.00335962255485,
        "median": 0.00174529908691,
        "min": 1.45294913878e-08,
        "var": 2.1595373255e-05
    },
    "spectral_energyband_middle_low": {
        "dmean": 0.00556628778577,
        "dmean2": 0.00866161938757,
        "dvar": 5.76518177695e-05,
        "dvar2": 0.00013094235328,
        "max": 0.0716679915786,
        "mean": 0.0145254079252,
        "median": 0.0117737464607,
        "min": 2.65608548489e-07,
        "var": 0.000162816533702
    },
    "spectral_entropy": {
        "dmean": 0.159994870424,
        "dmean2": 0.231422111392,
        "dvar": 0.0279282983392,
        "dvar2": 0.0502984784544,
        "max": 8.46741771698,
        "mean": 7.38153171539,
        "median": 7.33871793747,
        "min": 6.13996267319,
        "var": 0.167825564742
    },
    "spectral_flux": {
        "dmean": 0.0273561459035,
        "dmean2": 0.043116800487,
        "dvar": 0.00120005896315,
        "dvar2": 0.00260722730309,
        "max": 0.376892000437,
        "mean": 0.0838982313871,
        "median": 0.0703802034259,
        "min": 0.000608913600445,
        "var": 0.0028339966666
    },
    "spectral_kurtosis": {
        "dmean": 1.8971323967,
        "dmean2": 3.21009731293,
        "dvar": 4.33510684967,
        "dvar2": 11.7788505554,
        "max": 21.0272502899,
        "mean": 3.28705596924,
        "median": 2.50278377533,
        "min": -1.16749989986,
        "var": 9.51708984375
    },
    "spectral_rms": {
        "dmean": 0.000841994711664,
        "dmean2": 0.00126266095322,
        "dvar": 1.2566379155e-06,
        "dvar2": 2.50825337389e-06,
        "max": 0.0147197972983,
        "mean": 0.00502501614392,
        "median": 0.00496241310611,
        "min": 1.9019265892e-05,
        "var": 4.10775237469e-06
    },
    "spectral_rolloff": {
        "dmean": 381.471160889,
        "dmean2": 653.196228027,
        "dvar": 770370.5625,
        "dvar2": 1544081.75,
        "max": 8247.21679688,
        "mean": 969.845092773,
        "median": 516.796875,
        "min": 64.599609375,
        "var": 1802572.375
    },
    "spectral_skewness": {
        "dmean": 0.267345517874,
        "dmean2": 0.423333019018,
        "dvar": 0.0734385177493,
        "dvar2": 0.170575723052,
        "max": 3.37655878067,
        "mean": 1.29476201534,
        "median": 1.28984892368,
        "min": -0.321773439646,
        "var": 0.271269083023
    },
    "spectral_spread": {
        "dmean": 415931.4375,
        "dmean2": 590916.75,
        "dvar": 260359946240,
        "dvar2": 458496180224,
        "max": 10072200,
        "mean": 4050271.5,
        "median": 3864487,
        "min": 1980367,
        "var": 1.2077685801e+12
    },
    "spectral_strongpeak": {
        "dmean": 0.359960049391,
        "dmean2": 0.579406797886,
        "dvar": 0.30227920413,
        "dvar2": 0.641999661922,
        "max": 7.97859048843,
        "mean": 0.768540024757,
        "median": 0.420308232307,
        "min": 0,
        "var": 0.814426541328
    },
    "zerocrossingrate": {
        "dmean": 0.0092561468482,
        "dmean2": 0.0104751288891,
        "dvar": 0.000186951088835,
        "dvar2": 0.000167352045537,
        "max": 0.25537109375,
        "mean": 0.0449630990624,
        "median": 0.03564453125,
        "min": 0.00537109375,
        "var": 0.00113642821088
    },
    "barkbands": {
        "dmean": [0.00035677413689, 0.00419387361035, 0.00281258812174, 0.0019945949316, 0.00243286299519, 0.001774556702, 0.000921562779695, 0.00102185644209, 0.000366569292964, 0.000287266942905, 0.000187855548575, 0.000248499884037, 0.000235341271036, 0.000223083043238, 9.88638348645e-05, 0.000128190687974, 0.000212206141441, 9.54913339228e-05, 0.000148100312799, 0.000137995099067, 0.000144664678373, 0.000160273251822, 0.000144057456055, 7.87106837379e-05, 1.823837556e-05, 1.54707855415e-08, 1.51325396658e-09],
        "dmean2": [0.000591619696934, 0.00656899064779, 0.0047419690527, 0.00325489370152, 0.00393693847582, 0.00271011982113, 0.00138291239273, 0.00148903450463, 0.000557088933419, 0.000413896545069, 0.000281980086584, 0.000389426277252, 0.000366060470697, 0.000348675588612, 0.000154762747115, 0.000200457754545, 0.000328468246153, 0.000153589106048, 0.000235706102103, 0.000219316585572, 0.000225623458391, 0.000229072189541, 0.000202386509045, 0.000103492115159, 2.72300567303e-05, 2.37542945314e-08, 2.83265744194e-09],
        "dvar": [5.54301777811e-07, 0.000102849648101, 5.7337081671e-05, 1.57776466949e-05, 1.91171784536e-05, 7.9439696492e-06, 5.03512728756e-06, 6.42506529402e-06, 1.36583980748e-06, 7.46296734633e-07, 2.0231361475e-07, 3.36034588599e-07, 4.76997456644e-07, 4.45453935072e-07, 4.69654715118e-08, 1.05500028269e-07, 2.26541217785e-07, 2.89834893863e-08, 7.53078666094e-08, 1.28752702722e-07, 1.83433286338e-07, 4.03889117706e-07, 2.72288474434e-07, 8.60822524373e-08, 7.10197411991e-09, 6.88490825901e-15, 5.31814036534e-17],
        "dvar2": [1.31768024403e-06, 0.000239806453465, 0.000153022745508, 3.86699030059e-05, 4.71154162369e-05, 1.70920011442e-05, 9.49429067987e-06, 1.26433287733e-05, 2.99872021969e-06, 1.2566777059e-06, 4.20128401402e-07, 8.14678116967e-07, 1.17562456126e-06, 9.63622028394e-07, 1.07995440146e-07, 2.47748346283e-07, 5.33093043487e-07, 7.07991105742e-08, 1.84934492609e-07, 3.19633244317e-07, 4.02788288056e-07, 8.95798109468e-07, 4.84144095481e-07, 1.606050688e-07, 1.56259396533e-08, 1.50195543394e-14, 1.53101125807e-16],
        "max": [0.00968716852367, 0.113811470568, 0.102050103247, 0.0377935245633, 0.0473209768534, 0.0318482145667, 0.0354017317295, 0.0558778643608, 0.0206840317696, 0.0174103043973, 0.0115933585912, 0.0127644808963, 0.0106139741838, 0.0128122754395, 0.00348209613003, 0.00719580892473, 0.00937355775386, 0.00202626548707, 0.0039089275524, 0.00561150209978, 0.0087371962145, 0.0163599457592, 0.00977710913867, 0.00632305582985, 0.00179313228, 2.09154404729e-06, 1.92757283912e-07],
        "mean": [0.000534067337867, 0.00735444156453, 0.00342187401839, 0.0028050406836, 0.00441253883764, 0.00329288234934, 0.00143674248829, 0.00181470543612, 0.000637637625914, 0.000607401831076, 0.000360081525287, 0.000429415784311, 0.000412422872614, 0.000332150579197, 0.000170525163412, 0.000219852561713, 0.000370050925994, 0.000166248675669, 0.000252373254625, 0.000191501967493, 0.000203044008231, 0.000260259577772, 0.000253223930486, 0.00013003910135, 2.3991406124e-05, 1.9501905868e-08, 1.15435994097e-09],
        "median": [0.000263073306996, 0.00491366442293, 0.00151028181426, 0.000915402721148, 0.002064461587, 0.00148029346019, 0.000386305211578, 0.000338225829182, 0.000209491539863, 8.23410227895e-05, 0.000156197143951, 0.000147331011249, 8.04140945547e-05, 8.49444913911e-05, 7.11534521542e-05, 6.71483721817e-05, 0.000157047892571, 6.69040309731e-05, 0.000109776716272, 4.46157937404e-05, 4.31489424955e-05, 5.79057996219e-05, 4.747983985e-05, 2.34753315453e-05, 2.8345609735e-06, 3.20347903759e-09, 3.69515473775e-10],
        "min": [3.16662873701e-09, 1.82127273263e-08, 6.75685640772e-08, 3.63933025938e-08, 5.31793027392e-08, 1.43384369267e-07, 2.32370211961e-08, 6.57827126105e-09, 2.24025020756e-09, 9.81304815184e-10, 7.90122545169e-09, 3.08189540554e-09, 9.29383167647e-11, 6.65352994922e-10, 4.45684905648e-10, 2.87317225567e-10, 3.85654674862e-10, 3.23567173055e-10, 3.59729745991e-10, 3.63449687013e-10, 1.51247944724e-10, 7.91552046131e-10, 9.45116540585e-10, 1.42847183734e-11, 9.35151348719e-12, 5.52496199832e-12, 8.96353390817e-12],
        "var": [7.7256709119e-07, 0.000120757176774, 4.58941613033e-05, 2.04648385989e-05, 4.0024122427e-05, 2.01149050554e-05, 1.16784276543e-05, 1.95977991098e-05, 2.58101226791e-06, 3.93624259232e-06, 7.08261836735e-07, 8.92198102065e-07, 1.15358102448e-06, 8.3176996668e-07, 9.22952096971e-08, 3.08123105697e-07, 4.81489905724e-07, 6.46937579063e-08, 1.3043360525e-07, 1.71145785544e-07, 3.33271941599e-07, 6.60418550069e-07, 6.87431281676e-07, 1.61144512845e-07, 8.73571526228e-09, 8.11790616824e-15, 3.11581963003e-17]
    },
    "erbbands": {
        "dmean": [0.13375236094, 0.954958498478, 2.68150258064, 5.61586952209, 6.34935092926, 9.15622615814, 12.0082855225, 15.6527347565, 12.5661029816, 16.7006263733, 21.5391120911, 7.08353233337, 9.90407085419, 8.88265419006, 6.8297624588, 9.75287628174, 9.03461837769, 11.7356548309, 6.33798122406, 5.43600702286, 8.16363048553, 11.2384757996, 5.85847425461, 4.87426042557, 8.55432891846, 6.12343883514, 5.79003238678, 5.39517307281, 4.76979923248, 5.78497695923, 3.92624568939, 2.12761449814, 1.16671955585, 0.39293974638, 0.0204823799431, 0.000966355320998, 6.4308893343e-05, 1.08780313894e-05, 7.04468766344e-06, 1.21750672406e-05],
        "dmean2": [0.220796883106, 1.50273227692, 4.41030406952, 9.32989215851, 10.2324542999, 14.5470962524, 18.2366542816, 23.7726669312, 18.9014205933, 25.7297897339, 30.5916671753, 10.579826355, 14.0287437439, 12.9153432846, 10.1305904388, 15.3778820038, 14.0872240067, 17.7342090607, 9.86031246185, 8.54535388947, 12.6133813858, 17.5369815826, 9.17392539978, 7.83069705963, 13.4195766449, 9.71173477173, 9.48976898193, 7.8842458725, 6.5901761055, 8.09087371826, 5.45283794403, 2.80759310722, 1.62960290909, 0.567344963551, 0.0315255522728, 0.00146319426131, 8.91408490133e-05, 1.42797916851e-05, 1.00031356851e-05, 1.83621159522e-05],
        "dvar": [0.0994254425168, 5.54007863998, 46.6401481628, 180.089523315, 125.439125061, 421.909973145, 659.58001709, 737.39276123, 706.009277344, 2050.47875977, 3407.2109375, 393.80657959, 583.003112793, 821.789733887, 212.523422241, 581.733032227, 505.021362305, 1346.59326172, 343.892669678, 119.015197754, 470.899902344, 511.206542969, 111.025390625, 88.8216171265, 251.419265747, 257.519775391, 325.83203125, 248.079940796, 184.356948853, 630.704650879, 206.16696167, 67.7395095825, 16.329410553, 3.30098032951, 0.0139406900853, 2.85567875835e-05, 7.36326200013e-08, 1.40190870024e-09, 1.57218738028e-10, 4.15422057864e-10],
        "dvar2": [0.255383640528, 12.3369445801, 117.104759216, 464.527893066, 324.199554443, 1022.08050537, 1386.91333008, 1640.06689453, 1243.08300781, 4328.40087891, 7230.17675781, 855.881286621, 931.092590332, 1623.99523926, 502.42010498, 1361.20349121, 1101.13916016, 2781.94189453, 848.806518555, 251.093170166, 1080.77502441, 1178.73547363, 260.682281494, 222.357208252, 592.315307617, 643.019714355, 811.17980957, 458.291351318, 308.418457031, 1285.81677246, 386.539794922, 117.484977722, 33.032661438, 7.22143173218, 0.0315490588546, 6.37547200313e-05, 1.54126240659e-07, 2.63215227392e-09, 3.06439373876e-10, 9.13563058536e-10],
        "max": [3.68274307251, 26.3411407471, 99.4505157471, 129.385162354, 124.728813171, 262.314208984, 372.062286377, 367.299316406, 548.207946777, 834.738830566, 1171.72155762, 397.551116943, 513.30480957, 669.001708984, 361.230407715, 565.71282959, 515.473266602, 819.031616211, 340.607940674, 231.870635986, 495.930786133, 383.335571289, 112.397903442, 129.152099609, 262.148498535, 232.621887207, 248.6302948, 346.798522949, 268.432189941, 645.05078125, 272.594482422, 164.873062134, 91.1619949341, 36.5553665161, 2.4171640873, 0.109621293843, 0.00510993693024, 0.000752259104047, 0.000198862064281, 0.00024329253938],
        "mean": [0.22135604918, 1.59874820709, 3.77014899254, 7.56878089905, 10.2515163422, 14.714302063, 23.1473445892, 28.8981113434, 22.0776901245, 28.5233135223, 37.3068389893, 13.8137331009, 18.7666435242, 19.2566604614, 14.3553133011, 18.0602416992, 17.987323761, 20.1552448273, 10.6304807663, 9.81239509583, 14.6170434952, 20.7626438141, 11.1215248108, 8.68730545044, 14.6759357452, 8.96366691589, 7.71407651901, 8.15636539459, 8.15423679352, 10.0180482864, 6.60717916489, 3.49887037277, 1.89048218727, 0.559956967831, 0.0243949126452, 0.00123373814858, 0.000108483451186, 2.08076926356e-05, 2.00057820621e-05, 3.63252111129e-05],
        "median": [0.142313286662, 0.963227629662, 2.1754963398, 2.67945623398, 4.21752595901, 5.37407636642, 6.89567661285, 11.1515989304, 7.70582866669, 7.73080015182, 7.34337472916, 4.24349403381, 5.40741109848, 4.77223443985, 6.83513498306, 5.89583778381, 4.45867586136, 4.6864900589, 3.50502943993, 4.59762716293, 4.58761692047, 9.09504795074, 4.96635341644, 4.30785608292, 5.68361234665, 2.44994902611, 1.492421031, 1.75113260746, 1.82918894291, 1.9120234251, 1.2291932106, 0.635595262051, 0.295155197382, 0.0712554827332, 0.00221467670053, 0.000147254308104, 2.74541689578e-05, 6.04525075687e-06, 1.48916842591e-05, 3.07367408823e-05],
        "min": [5.5718095382e-07, 5.03145338371e-06, 5.47285490029e-05, 0.00012742447143, 0.000141795942909, 0.000204527415917, 0.000186829303857, 0.00161246117204, 0.000757962989155, 0.00026263835025, 7.99557310529e-05, 4.48047358077e-05, 5.45908078493e-05, 0.000118227522762, 0.000282107415842, 0.000107813772047, 8.90029241418e-06, 1.72776581167e-05, 3.7326826714e-05, 1.96106957446e-05, 2.03171766771e-05, 1.60280396813e-05, 1.57162357937e-05, 1.82836683962e-05, 2.44436996581e-05, 1.49423894982e-05, 4.53349957752e-06, 6.80018501953e-06, 2.04221305466e-05, 3.99641576223e-05, 2.33901846514e-05, 4.02473278882e-06, 2.65981725533e-07, 1.35020201242e-07, 4.76748063249e-08, 1.78087251612e-08, 1.11395985769e-08, 5.12396747254e-09, 1.29133570503e-09, 5.54346291093e-10],
        "var": [0.106502644718, 6.56103086472, 42.3824996948, 179.45526123, 226.927352905, 811.551635742, 1701.29748535, 2006.06811523, 1896.45874023, 5441.67919922, 9035.22753906, 995.575317383, 2070.91674805, 3114.44799805, 635.939025879, 1786.11425781, 1702.79333496, 3332.79785156, 500.457885742, 266.430541992, 1312.46520996, 1393.88085938, 260.429321289, 146.636764526, 503.160644531, 359.020935059, 483.754119873, 532.066101074, 489.864532471, 1180.82373047, 482.994537354, 135.966400146, 29.7648506165, 4.18647289276, 0.0147668272257, 3.16420700983e-05, 1.08292375955e-07, 2.85940826572e-09, 4.10626588287e-10, 8.63194571377e-10]
    },
    "gfcc": {
        "mean": [-35.4610176086, 141.700439453, -134.243774414, 68.3377685547, -70.9626464844, 18.0196495056, -30.1046581268, -5.51123332977, 0.670551776886, -22.5790920258, 12.1942577362, -13.9775686264, 4.54371833801],
        "cov": [[4541.38964844, -1081.78076172, -293.992889404, 244.852890015, -650.616455078, 175.351119995, -236.077468872, 53.1644935608, -112.071388245, 148.893432617, -22.973651886, -97.8894805908, -130.413833618], [-1081.78076172, 1026.50537109, -80.7787704468, -284.556335449, 380.494445801, -254.782943726, 135.234848022, -96.5519256592, 148.260147095, -124.545158386, 109.230628967, -19.4003067017, -17.3289413452], [-293.992889404, -80.7787704468, 461.905822754, 180.70954895, 47.2880554199, 111.788833618, -38.4439239502, 30.3672904968, -17.5401649475, 27.227602005, -39.1058616638, 41.2197914124, 35.7600364685], [244.852890015, -284.556335449, 180.70954895, 311.424530029, -9.47625637054, 42.5315475464, -40.7367744446, -2.4384496212, -17.5323543549, 34.4583587646, -53.5762672424, 41.1321678162, 53.3998184204], [-650.616455078, 380.494445801, 47.2880554199, -9.47625637054, 327.669128418, -48.2471389771, 50.6557998657, -3.2369453907, 64.5012359619, -29.2332363129, 16.4020233154, 8.16455173492, 62.8889884949], [175.351119995, -254.782943726, 111.788833618, 42.5315475464, -48.2471389771, 252.214630127, 56.7587623596, 97.6487884521, -44.7462348938, 60.6680107117, -21.9126701355, -7.71759557724, 15.0905647278], [-236.077468872, 135.234848022, -38.4439239502, -40.7367744446, 50.6557998657, 56.7587623596, 238.786972046, 52.8191795349, 12.5552253723, -16.46667099, 26.3620033264, -9.28708553314, -22.758436203], [53.1644935608, -96.5519256592, 30.3672904968, -2.4384496212, -3.2369453907, 97.6487884521, 52.8191795349, 131.49659729, 5.04294157028, 34.4151725769, -3.96211743355, -5.08312129974, 11.0262718201], [-112.071388245, 148.260147095, -17.5401649475, -17.5323543549, 64.5012359619, -44.7462348938, 12.5552253723, 5.04294157028, 113.574790955, 17.527633667, 21.3480148315, 6.25568771362, -5.41599798203], [148.893432617, -124.545158386, 27.227602005, 34.4583587646, -29.2332363129, 60.6680107117, -16.46667099, 34.4151725769, 17.527633667, 120.146339417, 15.9677705765, -9.41365623474, 15.5510854721], [-22.973651886, 109.230628967, -39.1058616638, -53.5762672424, 16.4020233154, -21.9126701355, 26.3620033264, -3.96211743355, 21.3480148315, 15.9677705765, 72.9494018555, 1.92045271397, -29.1441497803], [-97.8894805908, -19.4003067017, 41.2197914124, 41.1321678162, 8.16455173492, -7.71759557724, -9.28708553314, -5.08312129974, 6.25568771362, -9.41365623474, 1.92045271397, 82.9038085938, 50.8058738708], [-130.413833618, -17.3289413452, 35.7600364685, 53.3998184204, 62.8889884949, 15.0905647278, -22.758436203, 11.0262718201, -5.41599798203, 15.5510854721, -29.1441497803, 50.8058738708, 132.532913208]],
        "icov": [[0.00044405128574, -0.000285236572381, 0.000653912778944, -0.00095320912078, 0.000880624924321, -0.000600067258347, 0.000660286168568, -0.000379005912691, 1.8602475393e-05, 6.19469574303e-05, -0.000394927803427, 0.000442761811428, 0.000139567942824], [-0.000285236572381, 0.011253060773, -0.00496608950198, 0.00918535515666, -0.00770900305361, 0.0070274877362, -0.00580473709852, 0.00574393151328, -0.00670536560938, 0.00567672261968, -0.00783643126488, 0.00543413450941, -0.0045335884206], [0.000653912778944, -0.00496608950198, 0.00642174109817, -0.00652519892901, 0.00284157623537, -0.00533887371421, 0.00419293809682, -0.00299915089272, 0.00315248197876, -0.00243488652632, 0.00357916741632, -0.00373328500427, 0.00375231634825], [-0.00095320912078, 0.00918535515666, -0.00652519892901, 0.013954131864, -0.00737693486735, 0.00696154078469, -0.0059750364162, 0.00595656223595, -0.0046794526279, 0.00180567684583, -0.00158343650401, 0.00124057708308, -0.00363934761845], [0.000880624924321, -0.00770900305361, 0.00284157623537, -0.00737693486735, 0.0118877533823, -0.00476301461458, 0.00353289139457, -0.00401149922982, 0.00108831503894, -0.000641631195322, 0.0012673252495, 0.00114165979903, -0.00213323533535], [-0.000600067258347, 0.0070274877362, -0.00533887371421, 0.00696154078469, -0.00476301461458, 0.0133732603863, -0.00627196300775, -0.00032295298297, -0.000677335076034, -0.000454541906947, -0.0020676876884, 0.00296049541794, -0.00291266664863], [0.000660286168568, -0.00580473709852, 0.00419293809682, -0.0059750364162, 0.00353289139457, -0.00627196300775, 0.00958727393299, -0.00505204172805, 0.00280751846731, -0.000495308602694, 0.00112901278771, -0.00236672908068, 0.003599609714], [-0.000379005912691, 0.00574393151328, -0.00299915089272, 0.00595656223595, -0.00401149922982, -0.00032295298297, -0.00505204172805, 0.0151182115078, -0.00541360257193, 0.00138996285386, -0.00269629247487, 0.0029313727282, -0.00349867786281], [1.8602475393e-05, -0.00670536560938, 0.00315248197876, -0.0046794526279, 0.00108831503894, -0.000677335076034, 0.00280751846731, -0.00541360257193, 0.0172702670097, -0.00858563836664, 0.00620136130601, -0.00744789140299, 0.00660156644881], [6.19469574303e-05, 0.00567672261968, -0.00243488652632, 0.00180567684583, -0.000641631195322, -0.000454541906947, -0.000495308602694, 0.00138996285386, -0.00858563836664, 0.0186864454299, -0.0134141026065, 0.0100244618952, -0.00844791717827], [-0.000394927803427, -0.00783643126488, 0.00357916741632, -0.00158343650401, 0.0012673252495, -0.0020676876884, 0.00112901278771, -0.00269629247487, 0.00620136130601, -0.0134141026065, 0.0310056582093, -0.0138848014176, 0.0122795365751], [0.000442761811428, 0.00543413450941, -0.00373328500427, 0.00124057708308, 0.00114165979903, 0.00296049541794, -0.00236672908068, 0.0029313727282, -0.00744789140299, 0.0100244618952, -0.0138848014176, 0.0260094031692, -0.0143799213693], [0.000139567942824, -0.0045335884206, 0.00375231634825, -0.00363934761845, -0.00213323533535, -0.00291266664863, 0.003599609714, -0.00349867786281, 0.00660156644881, -0.00844791717827, 0.0122795365751, -0.0143799213693, 0.0192706547678]]
    },
    "melbands": {
        "dmean": [0.0011726875091, 0.00130065262783, 0.000958210381214, 0.000528459844645, 0.000405594037147, 0.000340925413184, 0.000195171116502, 0.000189760990907, 0.000154567474965, 4.50196966995e-05, 5.14188031957e-05, 3.67894936062e-05, 2.58655654761e-05, 2.8794458558e-05, 2.15143772948e-05, 2.47683492489e-05, 2.18591121666e-05, 1.17367799248e-05, 6.8788617682e-06, 8.13399128674e-06, 1.05711815195e-05, 1.30793669086e-05, 8.17409545562e-06, 4.43227190772e-06, 4.0569138946e-06, 6.38715755485e-06, 5.87916883887e-06, 3.98570409743e-06, 3.8930897972e-06, 3.54473218067e-06, 3.04423906528e-06, 2.47604430115e-06, 3.94461994802e-06, 3.03287970382e-06, 2.2794376946e-06, 2.16344369619e-06, 1.08057554371e-06, 9.50679577727e-07, 5.69818951135e-07, 2.54257685128e-07],
        "dmean2": [0.00185186811723, 0.00209143408574, 0.00155862327665, 0.000855350052007, 0.000635814853013, 0.000518419197761, 0.000297181220958, 0.000292797980364, 0.000227108394029, 6.7203080107e-05, 7.26933867554e-05, 5.4043957789e-05, 3.8363305066e-05, 4.52229542134e-05, 3.22991800203e-05, 3.79223783966e-05, 3.33442258125e-05, 1.8763492335e-05, 1.09005641207e-05, 1.27390185298e-05, 1.70882685779e-05, 2.04981806746e-05, 1.26728855321e-05, 7.2603420449e-06, 6.61884178044e-06, 9.94572928903e-06, 9.32136026677e-06, 6.45921863907e-06, 6.46135549687e-06, 5.60940043215e-06, 4.35932406617e-06, 3.53469749825e-06, 5.77468199481e-06, 4.40504936705e-06, 3.22486289406e-06, 3.24298412124e-06, 1.45049625644e-06, 1.37467657169e-06, 8.42303222726e-07, 3.88734548551e-07],
        "dvar": [8.05973650131e-06, 1.02978692667e-05, 3.98948259317e-06, 9.97666347757e-07, 6.82875906932e-07, 3.16447398063e-07, 1.63961516364e-07, 2.20275410356e-07, 1.92155965806e-07, 1.50377239549e-08, 1.60238471381e-08, 1.50174574998e-08, 3.26145999097e-09, 5.60281199213e-09, 2.42295739028e-09, 5.4862816512e-09, 4.5072248156e-09, 1.51334134113e-09, 1.71126765536e-10, 4.45767311952e-10, 7.82929776566e-10, 7.7514838992e-10, 2.60818922015e-10, 8.84795986478e-11, 6.74001202072e-11, 1.23590693235e-10, 1.71601857724e-10, 1.20373433443e-10, 1.51708701157e-10, 1.14289473718e-10, 7.99893276615e-11, 4.37506558759e-11, 3.52582907315e-10, 1.28276930744e-10, 6.32467758721e-11, 8.88388321241e-11, 1.68515323223e-11, 1.00483241519e-11, 5.1295855584e-12, 2.03817843679e-12],
        "dvar2": [1.94335843844e-05, 2.39606906689e-05, 1.02230414996e-05, 2.47630737249e-06, 1.51091273892e-06, 6.99708266438e-07, 3.00049720181e-07, 4.57990068981e-07, 4.21946083407e-07, 3.05775600395e-08, 2.47026292755e-08, 2.89298984768e-08, 6.78282807698e-09, 1.39584859227e-08, 5.1264672507e-09, 1.1627376395e-08, 9.7941219579e-09, 3.79621756252e-09, 3.81891157586e-10, 9.94797022535e-10, 1.84977111406e-09, 1.86812854075e-09, 5.56390544748e-10, 2.25979665536e-10, 1.69678437967e-10, 3.04902464388e-10, 4.07240130507e-10, 2.97415120309e-10, 3.90714266496e-10, 2.50685611158e-10, 1.45279829833e-10, 7.80016398694e-11, 8.22769297137e-10, 2.26234864176e-10, 1.13122525236e-10, 1.91715698872e-10, 2.90220989602e-11, 2.01128419475e-11, 1.21618323051e-11, 4.45084984493e-12],
        "max": [0.0312135796994, 0.046519048512, 0.0189676582813, 0.0133084570989, 0.0112084317952, 0.00732168462127, 0.00830616615713, 0.00804487429559, 0.00770774390548, 0.0022595662158, 0.00270532770082, 0.00265288236551, 0.00170832523145, 0.00176601402927, 0.00101816153619, 0.00121697282884, 0.00138707517181, 0.000770180195104, 0.000215461463085, 0.000435232243035, 0.000544053211343, 0.000467304547783, 0.000328427529894, 0.00016208049783, 0.000121766977827, 0.000140975331306, 0.000265096750809, 0.000179346621735, 0.000147583254147, 0.000179289258085, 0.000212027225643, 0.000156368521857, 0.000505493197124, 0.000227311218623, 0.000172910426045, 0.000165526886121, 9.68418680714e-05, 6.79905569996e-05, 5.27564334334e-05, 3.36405282724e-05],
        "mean": [0.00203307950869, 0.00208296836354, 0.00140238786116, 0.000836138555314, 0.000817585794721, 0.000636903045233, 0.000329148024321, 0.000339631253155, 0.000265168579062, 8.28941556392e-05, 9.55778086791e-05, 8.08889817563e-05, 5.25449504494e-05, 4.73412219435e-05, 3.99244818254e-05, 4.39470532001e-05, 3.54428775609e-05, 1.74653359863e-05, 1.23817399071e-05, 1.30609714688e-05, 1.78163063538e-05, 2.28429216804e-05, 1.42769704325e-05, 7.44573344491e-06, 6.4659070631e-06, 1.07276136987e-05, 9.15719101613e-06, 5.21170568391e-06, 4.76148579764e-06, 4.73184900329e-06, 4.65379707748e-06, 4.13997395299e-06, 5.85040788792e-06, 5.3545445553e-06, 3.81579320674e-06, 3.17095896207e-06, 1.7636884877e-06, 1.49066772792e-06, 8.74957152064e-07, 3.05418666358e-07],
        "median": [0.00138782360591, 0.00127121736296, 0.000564525602385, 0.000366004620446, 0.000247024931014, 0.000267626339337, 0.000110811073682, 8.4071609308e-05, 4.97916262248e-05, 2.73156929325e-05, 2.50788889389e-05, 1.65330238815e-05, 2.44199472945e-05, 1.46091060742e-05, 1.31152037284e-05, 8.15936255094e-06, 8.14733539301e-06, 5.14236899107e-06, 5.12356518811e-06, 5.02998818774e-06, 4.9965301514e-06, 9.422171388e-06, 6.29130408925e-06, 3.02563626065e-06, 3.09491088046e-06, 4.2013239181e-06, 2.81782149614e-06, 1.03258230411e-06, 8.13179269699e-07, 8.50766241456e-07, 9.95501977741e-07, 9.68680296864e-07, 1.13996395612e-06, 9.38018047236e-07, 6.50923198009e-07, 5.81625556606e-07, 2.99431690109e-07, 2.18735934254e-07, 1.32226233518e-07, 2.69335913572e-08],
        "min": [5.08198194638e-09, 2.16323403635e-08, 2.20983125132e-08, 1.28032633384e-08, 7.21568493844e-09, 3.3682393763e-08, 1.06334168137e-08, 2.44286657569e-09, 4.90231633066e-10, 2.95276691986e-10, 2.57777160728e-10, 3.90483312351e-10, 1.15252996036e-09, 4.58668408809e-10, 5.402896186e-11, 7.78196430906e-12, 3.85246209933e-11, 7.11006392651e-11, 3.0607700402e-11, 2.17767037042e-11, 2.71047403272e-11, 2.00763641822e-11, 1.06830499308e-11, 1.56967390474e-11, 1.48321910309e-11, 1.48193506078e-11, 2.2985868417e-11, 5.68138027943e-12, 3.35585639138e-12, 2.01513805642e-12, 3.73291805453e-12, 7.05005498425e-12, 2.46712147239e-11, 2.06356286225e-11, 1.40167270152e-11, 8.85301987968e-12, 2.63617713813e-13, 1.14654176452e-13, 1.09293386244e-13, 1.1690384175e-13],
        "var": [9.17545457924e-06, 1.09528891699e-05, 4.42768896391e-06, 1.62624940003e-06, 1.88660544609e-06, 8.68019412792e-07, 4.02032924285e-07, 6.61710487293e-07, 4.7368340006e-07, 3.71957824541e-08, 5.89078226199e-08, 6.36879278204e-08, 1.25878951707e-08, 1.31009070259e-08, 8.23359069813e-09, 1.36583349075e-08, 1.06809654454e-08, 1.88317184069e-09, 4.09812905833e-10, 9.10066855209e-10, 2.03575467594e-09, 1.83399306852e-09, 5.89920334804e-10, 1.55896781595e-10, 9.73205127597e-11, 2.41722697414e-10, 2.97183583298e-10, 1.59906560215e-10, 1.95231608657e-10, 1.94845167778e-10, 1.77504302923e-10, 1.18892520828e-10, 4.58163978978e-10, 3.14220927056e-10, 1.61849617042e-10, 1.41156308864e-10, 3.32558529326e-11, 1.91495552054e-11, 6.57551920899e-12, 2.30084766344e-12]
    },
    "mfcc": {
        "mean": [-654.162780762, 130.51776123, 12.8448019028, 33.8580207825, 4.63935422897, 10.1805734634, -5.26918458939, 13.4156599045, -7.55563926697, 1.33952307701, -1.95049393177, 4.50247621536, 2.1957514286],
        "cov": [[4844.640625, -1295.70874023, 59.7038345337, -139.698806763, -381.89251709, -13.5922021866, -173.17024231, -118.884254456, -216.199050903, 120.688446045, 113.949623108, 13.0398817062, -165.549880981], [-1295.70874023, 1294.02416992, -384.491943359, 14.0336856842, 116.251274109, -78.8180160522, -19.8806877136, 78.3778610229, -57.9297485352, 2.7386341095, 46.7266998291, 1.51437282562, 28.0728931427], [59.7038345337, -384.491943359, 473.807647705, 34.5980300903, 47.5707626343, 75.9323425293, 32.961769104, -7.69818973541, 49.7858734131, -37.0442962646, -4.45088672638, 10.0240068436, 25.8974018097], [-139.698806763, 14.0336856842, 34.5980300903, 262.213867188, 74.1476593018, 39.1654968262, -40.9030952454, -3.44136548042, 26.9806556702, -46.3090744019, -50.729183197, -12.8892354965, 44.0413589478], [-381.89251709, 116.251274109, 47.5707626343, 74.1476593018, 261.190887451, 24.305513382, -28.8878002167, -34.8844223022, 64.9971694946, -37.1604118347, -32.3072776794, -21.0088405609, 42.8364906311], [-13.5922021866, -78.8180160522, 75.9323425293, 39.1654968262, 24.305513382, 115.801589966, 41.964176178, 1.75143802166, 39.934513092, 3.91738581657, -5.42010879517, 5.0826997757, 10.0913801193], [-173.17024231, -19.8806877136, 32.961769104, -40.9030952454, -28.8878002167, 41.964176178, 205.373672485, 52.0442466736, 60.9221229553, 32.1030006409, 13.6025495529, 29.4052715302, -13.0257053375], [-118.884254456, 78.3778610229, -7.69818973541, -3.44136548042, -34.8844223022, 1.75143802166, 52.0442466736, 147.322433472, 12.969288826, 10.5513105392, 13.019698143, 6.94759941101, 0.364845961332], [-216.199050903, -57.9297485352, 49.7858734131, 26.9806556702, 64.9971694946, 39.934513092, 60.9221229553, 12.969288826, 174.199508667, -1.16575622559, -30.982000351, 9.32758998871, 21.8764419556], [120.688446045, 2.7386341095, -37.0442962646, -46.3090744019, -37.1604118347, 3.91738581657, 32.1030006409, 10.5513105392, -1.16575622559, 119.86819458, 53.1533432007, 23.890127182, -12.3931455612], [113.949623108, 46.7266998291, -4.45088672638, -50.729183197, -32.3072776794, -5.42010879517, 13.6025495529, 13.019698143, -30.982000351, 53.1533432007, 127.851768494, 19.5943412781, -3.71807360649], [13.0398817062, 1.51437282562, 10.0240068436, -12.8892354965, -21.0088405609, 5.0826997757, 29.4052715302, 6.94759941101, 9.32758998871, 23.890127182, 19.5943412781, 82.7221679688, 5.42013835907], [-165.549880981, 28.0728931427, 25.8974018097, 44.0413589478, 42.8364906311, 10.0913801193, -13.0257053375, 0.364845961332, 21.8764419556, -12.3931455612, -3.71807360649, 5.42013835907, 78.5089035034]],
