{
"lowlevel": {
    "average_loudness": 0.940706968307,
    "barkbands_crest": {
        "dmean": 2.96689891815,
        "dmean2": 4.4774684906,
        "dvar": 7.39898920059,
        "dvar2": 16.1508846283,
        "max": 25.1233673096,
        "mean": 12.6068000793,
        "median": 11.4760427475,
        "min": 2.94051480293,
        "var": 30.8856334686
    },
    "barkbands_flatness_db": {
        "dmean": 0.0248911026865,
        "dmean2": 0.0358413010836,
        "dvar": 0.00058583880309,
        "dvar2": 0.00112527015153,
        "max": 0.41821706295,
        "mean": 0.140466600657,
        "median": 0.125633239746,
        "min": 0.0335952788591,
        "var": 0.0037742590066
    },
    "barkbands_kurtosis": {
        "dmean": 8.59043979645,
        "dmean2": 12.7417392731,
        "dvar": 484.918670654,
        "dvar2": 1030.4083252,
        "max": 370.325531006,
        "mean": 13.9599075317,
        "median": 4.25924825668,
        "min": -1.91377639771,
        "var": 983.514038086
    },
    "barkbands_skewness": {
        "dmean": 0.832988739014,
        "dmean2": 1.19117152691,
        "dvar": 1.1958283186,
        "dvar2": 2.34731602669,
        "max": 17.3798522949,
        "mean": 2.6843225956,
        "median": 2.10089755058,
        "min": -2.36565446854,
        "var": 4.87517213821
    },
    "barkbands_spread": {
        "dmean": 9.02512741089,
        "dmean2": 14.0243253708,
        "dvar": 126.028991699,
        "dvar2": 264.981140137,
        "max": 108.332275391,
        "mean": 30.6477851868,
        "median": 25.823261261,
        "min": 0.420640736818,
        "var": 475.81161499
    },
    "dissonance": {
        "dmean": 0.0184468254447,
        "dmean2": 0.0304383821785,
        "dvar": 0.000280402891804,
        "dvar2": 0.000788218167145,
        "max": 0.49909928441,
        "mean": 0.459649056196,
        "median": 0.463642120361,
        "min": 0.320913434029,
        "var": 0.000573499884922
    },
    "dynamic_complexity": 4.72514629364,
    "erbbands_crest": {
        "dmean": 2.24696969986,
        "dmean2": 3.62551140785,
        "dvar": 4.4607629776,
        "dvar2": 10.0642585754,
        "max": 28.2741680145,
        "mean": 7.72267961502,
        "median": 6.73786401749,
        "min": 2.6572663784,
        "var": 13.7432174683
    },
    "erbbands_flatness_db": {
        "dmean": 0.0134119009599,
        "dmean2": 0.0200582463294,
        "dvar": 0.000160273440997,
        "dvar2": 0.000313806347549,
        "max": 0.231550469995,
        "mean": 0.103741452098,
        "median": 0.0999029874802,
        "min": 0.0334470979869,
        "var": 0.000752998399548
    },
    "erbbands_kurtosis": {
        "dmean": 0.959562599659,
        "dmean2": 1.49040317535,
        "dvar": 2.17992782593,
        "dvar2": 4.46478748322,
        "max": 25.9022102356,
        "mean": 0.324937105179,
        "median": -0.383036375046,
        "min": -1.82274603844,
        "var": 5.61954069138
    },
    "erbbands_skewness": {
        "dmean": 0.383664548397,
        "dmean2": 0.580843985081,
        "dvar": 0.161342650652,
        "dvar2": 0.331149458885,
        "max": 4.87784385681,
        "mean": 0.538618564606,
        "median": 0.591544449329,
        "min": -3.2086288929,
        "var": 0.663184285164
    },
    "erbbands_spread": {
        "dmean": 13.3466930389,
        "dmean2": 20.7008495331,
        "dvar": 192.778106689,
        "dvar2": 425.309265137,
        "max": 175.191009521,
        "mean": 69.298866272,
        "median": 68.402557373,
        "min": 9.26673412323,
        "var": 837.092224121
    },
    "hfc": {
        "dmean": 10.7969532013,
        "dmean2": 16.0643177032,
        "dvar": 636.878845215,
        "dvar2": 1564.3104248,
        "max": 337.24017334,
        "mean": 31.1020851135,
        "median": 22.272146225,
        "min": 1.14304793361e-16,
        "var": 1213.69128418
    },
    "melbands_crest": {
        "dmean": 3.66460585594,
        "dmean2": 5.4817442894,
        "dvar": 12.0824699402,
        "dvar2": 23.7281169891,
        "max": 37.182434082,
        "mean": 18.3154010773,
        "median": 17.1122589111,
        "min": 2.3157351017,
        "var": 58.9193840027
    },
    "melbands_flatness_db": {
        "dmean": 0.0308005101979,
        "dmean2": 0.0441003553569,
        "dvar": 0.000972397450823,
        "dvar2": 0.00169553724118,
        "max": 0.531087338924,
        "mean": 0.219346940517,
        "median": 0.204666882753,
        "min": 0.00591986672953,
        "var": 0.0064814472571
    },
    "melbands_kurtosis": {
        "dmean": 27.5198116302,
        "dmean2": 39.1656684875,
        "dvar": 3500.39794922,
        "dvar2": 7802.14306641,
        "max": 1172.57019043,
        "mean": 52.5752716064,
        "median": 23.1243114471,
        "min": -1.85282850266,
        "var": 8056.98242188
    },
    "melbands_skewness": {
        "dmean": 1.28826832771,
        "dmean2": 1.7940735817,
        "dvar": 2.20516729355,
        "dvar2": 4.00575971603,
        "max": 26.5215988159,
        "mean": 4.94872331619,
        "median": 4.12147331238,
        "min": -0.153588697314,
        "var": 10.9924478531
    },
    "melbands_spread": {
        "dmean": 7.13676691055,
        "dmean2": 10.7647638321,
        "dvar": 126.828681946,
        "dvar2": 233.746536255,
        "max": 223.080703735,
        "mean": 20.1341571808,
        "median": 15.5538673401,
        "min": 0.318528056145,
        "var": 356.737548828
    },
    "pitch_salience": {
        "dmean": 0.0845275074244,
        "dmean2": 0.127505213022,
        "dvar": 0.0071643316187,
        "dvar2": 0.0149630699307,
        "max": 0.801054239273,
        "mean": 0.473523497581,
        "median": 0.498391389847,
        "min": 0.0593753941357,
        "var": 0.0238244794309
    },
    "silence_rate_20dB": {
        "dmean": 0.00154798757285,
        "dmean2": 0.00309837330133,
        "dvar": 0.00154558150098,
        "dvar2": 0.00463790819049,
        "max": 1,
        "mean": 0.999226629734,
        "median": 1,
        "min": 0,
        "var": 0.000772795407102
    },
    "silence_rate_30dB": {
        "dmean": 0.0665634647012,
        "dmean2": 0.133230060339,
        "dvar": 0.0621327012777,
        "dvar2": 0.130971476436,
        "max": 1,
        "mean": 0.88553750515,
        "median": 1,
        "min": 0,
        "var": 0.101361267269
    },
    "silence_rate_60dB": {
        "dmean": 0.00928792543709,
        "dmean2": 0.018590239808,
        "dvar": 0.00920165330172,
        "dvar2": 0.0213428400457,
        "max": 1,
        "mean": 0.0773395225406,
        "median": 0,
        "min": 0,
        "var": 0.0713581964374
    },
    "spectral_centroid": {
        "dmean": 282.720855713,
        "dmean2": 427.091156006,
        "dvar": 156282.125,
        "dvar2": 233956.6875,
        "max": 10710.6269531,
        "mean": 1210.25415039,
        "median": 1088.44396973,
        "min": 185.321563721,
        "var": 473303.96875
    },
    "spectral_complexity": {
        "dmean": 2.80650162697,
        "dmean2": 4.09295129776,
        "dvar": 13.2412033081,
        "dvar2": 23.1005935669,
        "max": 57,
        "mean": 13.669760704,
        "median": 12,
        "min": 0,
        "var": 70.0511016846
    },
    "spectral_decrease": {
        "dmean": 5.6586881847e-09,
        "dmean2": 8.74576500109e-09,
        "dvar": 1.00170910436e-16,
        "dvar2": 2.38327251619e-16,
        "max": 2.49228801267e-29,
        "mean": -1.15000764467e-08,
        "median": -6.13944761696e-09,
        "min": -1.01943420816e-07,
        "var": 2.29419032583e-16
    },
    "spectral_energy": {
        "dmean": 0.0219968818128,
        "dmean2": 0.0339622609317,
        "dvar": 0.00148073316086,
        "dvar2": 0.00353014259599,
        "max": 0.391041904688,
        "mean": 0.0462249703705,
        "median": 0.0257212836295,
        "min": 1.02737245718e-20,
        "var": 0.00340130901895
    },
    "spectral_energyband_high": {
        "dmean": 0.00101227790583,
        "dmean2": 0.00149975786917,
        "dvar": 8.01705573394e-06,
        "dvar2": 1.96185683308e-05,
        "max": 0.0337390005589,
        "mean": 0.00245918985456,
        "median": 0.00136860786006,
        "min": 7.46489466916e-21,
        "var": 1.32395734909e-05
    },
    "spectral_energyband_low": {
        "dmean": 0.0182613767684,
        "dmean2": 0.0277977790684,
        "dvar": 0.00136811903212,
        "dvar2": 0.00322494283319,
        "max": 0.366361021996,
        "mean": 0.029968932271,
        "median": 0.0094092329964,
        "min": 5.20710075695e-23,
        "var": 0.00284003466368
    },
    "spectral_energyband_middle_high": {
        "dmean": 0.00131705927197,
        "dmean2": 0.00200050487183,
        "dvar": 7.88431134424e-06,
        "dvar2": 1.63226413861e-05,
        "max": 0.0450870208442,
        "mean": 0.00343856681138,
        "median": 0.0015272264136,
        "min": 1.33660148916e-21,
        "var": 2.90214084089e-05
    },
    "spectral_energyband_middle_low": {
        "dmean": 0.00665413122624,
        "dmean2": 0.0114936186001,
        "dvar": 0.000229522062,
        "dvar2": 0.000640825601295,
        "max": 0.138000071049,
        "mean": 0.0112983006984,
        "median": 0.00683264946565,
        "min": 3.37337269373e-22,
        "var": 0.000238188382355
    },
    "spectral_entropy": {
        "dmean": 0.180714055896,
        "dmean2": 0.282620042562,
        "dvar": 0.0402095019817,
        "dvar2": 0.0847341790795,
        "max": 9.81196022034,
        "mean": 7.88943862915,
        "median": 7.91932153702,
        "min": 6.23327493668,
        "var": 0.139896228909
    },
    "spectral_flux": {
        "dmean": 0.0364278256893,
        "dmean2": 0.0574079416692,
        "dvar": 0.00300766038708,
        "dvar2": 0.00592801626772,
        "max": 0.52908217907,
        "mean": 0.0955412387848,
        "median": 0.071819357574,
        "min": 1.01359386162e-10,
        "var": 0.00635215919465
    },
    "spectral_kurtosis": {
        "dmean": 0.694430828094,
        "dmean2": 1.08951592445,
        "dvar": 0.93177241087,
        "dvar2": 2.2666041851,
        "max": 15.3062515259,
        "mean": 1.63867735863,
        "median": 1.35350704193,
        "min": -1.1712346077,
        "var": 2.59124016762
    },
    "spectral_rms": {
        "dmean": 0.00129809160717,
        "dmean2": 0.00190134416334,
        "dvar": 3.03075330521e-06,
        "dvar2": 6.54898803987e-06,
        "max": 0.0195321347564,
        "mean": 0.00571696134284,
        "median": 0.00500938482583,
        "min": 3.16593517895e-12,
        "var": 1.24139223772e-05
    },
    "spectral_rolloff": {
        "dmean": 930.845275879,
        "dmean2": 1571.34106445,
        "dvar": 3310518,
        "dvar2": 6946157.5,
        "max": 19336.8164062,
        "mean": 1945.61791992,
        "median": 775.1953125,
        "min": 43.06640625,
        "var": 7907203.5
    },
    "spectral_skewness": {
        "dmean": 0.174563407898,
        "dmean2": 0.268741607666,
        "dvar": 0.0432064458728,
        "dvar2": 0.0983183458447,
        "max": 3.1374900341,
        "mean": 1.29604923725,
        "median": 1.30406022072,
        "min": -0.0985668301582,
        "var": 0.158932551742
    },
    "spectral_spread": {
        "dmean": 885597.9375,
        "dmean2": 1330631.25,
        "dvar": 1.55954367693e+12,
        "dvar2": 2.54580228096e+12,
        "max": 39414636,
        "mean": 8568032,
        "median": 8420845,
        "min": 2841315.75,
        "var": 4.86173835264e+12
    },
    "spectral_strongpeak": {
        "dmean": 0.330278545618,
        "dmean2": 0.5539752841,
        "dvar": 0.352668583393,
        "dvar2": 0.865593850613,
        "max": 7.7184176445,
        "mean": 0.623173654079,
        "median": 0.43570509553,
        "min": 0,
        "var": 0.489338517189
    },
    "zerocrossingrate": {
        "dmean": 0.0182145535946,
        "dmean2": 0.0200131013989,
        "dvar": 0.000558544008527,
        "dvar2": 0.000589084986132,
        "max": 0.505859375,
        "mean": 0.0889245867729,
        "median": 0.0771484375,
        "min": 0.00390625,
        "var": 0.00357912969775
    },
    "barkbands": {
        "dmean": [0.00106573221274, 0.0144553277642, 0.00439227558672, 0.00231137429364, 0.00346086453646, 0.000843922956847, 0.000717483693734, 0.000496604188811, 0.000450025399914, 0.000460207142169, 0.000535279803444, 0.000200730268261, 0.000176455883775, 0.000219145731535, 0.000158129550982, 0.000118336072774, 8.78763312357e-05, 8.76516496646e-05, 8.00828711363e-05, 0.000119221607747, 0.000118023439427, 0.000218050146941, 0.000229533659876, 0.000269283220405, 0.000185270153452, 0.000143165219924, 6.94049549566e-06],
        "dmean2": [0.00109088176396, 0.0206358227879, 0.0076860380359, 0.00436055334285, 0.00585222849622, 0.00130312528927, 0.0011588135967, 0.00080996111501, 0.000669986533467, 0.000715383386705, 0.000793859711848, 0.000316641177051, 0.00028305023443, 0.000335651100613, 0.000265395385213, 0.000204142401344, 0.000139484283864, 0.000147273909533, 0.000128818079247, 0.000195231856196, 0.000188572666957, 0.000340802012943, 0.000366097257938, 0.000419675809098, 0.000276503269561, 0.00021325344278, 1.06664783743e-05],
        "dvar": [5.56240229344e-06, 0.00104556628503, 0.000174369255546, 8.77053025761e-05, 4.21286895289e-05, 3.04867694467e-06, 2.34995513892e-06, 1.82637927537e-06, 8.80580444118e-07, 1.45299475207e-06, 2.70649206868e-06, 2.88611005317e-07, 7.60190175697e-07, 7.22453137314e-07, 2.14330341919e-07, 9.12085340588e-08, 5.2238668502e-08, 6.4744263284e-08, 4.16239522849e-08, 2.18168693777e-07, 1.85384621432e-07, 5.56408963348e-07, 3.53146702992e-07, 3.9732739765e-07, 1.54948239128e-07, 6.61357759668e-08, 2.62087240799e-10],
        "dvar2": [6.83366488374e-06, 0.00220934138633, 0.000486654695123, 0.000254366663285, 0.000113088215585, 6.29828491583e-06, 6.01919191467e-06, 4.37816242993e-06, 2.03952004085e-06, 3.636321253e-06, 4.7485673349e-06, 6.92721982887e-07, 1.83041117907e-06, 1.56239298121e-06, 5.74068110382e-07, 2.5049598662e-07, 1.31936516823e-07, 1.76452786604e-07, 1.04143715873e-07, 5.46896785636e-07, 5.12789654294e-07, 1.35600384965e-06, 8.62026581672e-07, 9.61175942393e-07, 3.3282469758e-07, 1.501678355e-07, 5.63119550989e-10],
        "max": [0.0311142671853, 0.340169727802, 0.127516746521, 0.0922292023897, 0.0751391500235, 0.0352146700025, 0.0176693778485, 0.0289403796196, 0.0165773574263, 0.0224850401282, 0.036019269377, 0.0147276641801, 0.0180433019996, 0.0291101746261, 0.0118008004501, 0.00443390849978, 0.00278366473503, 0.00338485627435, 0.00255773332901, 0.00848289951682, 0.00547815160826, 0.00843612942845, 0.00627300515771, 0.010078064166, 0.00882638711482, 0.00335108721629, 0.000214176703594],
        "mean": [0.00204451335594, 0.0227153804153, 0.00432011019439, 0.00167554663494, 0.00539564620703, 0.00153650343418, 0.00102646334562, 0.000743377080653, 0.00083523709327, 0.000773298495915, 0.000924785214011, 0.000327237910824, 0.000236258449149, 0.000328309775796, 0.00023504019191, 0.000165021992871, 0.000136218106491, 0.000146768928971, 0.000140900418046, 0.000178406538907, 0.00017974547518, 0.000339494465152, 0.000433163600974, 0.000626029679552, 0.000432157656178, 0.000319924321957, 9.43593022384e-06],
        "median": [9.19357262319e-05, 0.00518712215126, 0.000840945343953, 0.000189755286556, 0.00247959792614, 0.00058430962963, 0.000470177415991, 0.000238679887843, 0.000295921665384, 0.00019384767802, 0.000200035283342, 0.000103810336441, 4.81653041788e-05, 7.20949101378e-05, 4.96061293234e-05, 5.50915247004e-05, 4.77618632431e-05, 6.20264036115e-05, 6.56076445011e-05, 5.21476758877e-05, 4.70639497507e-05, 0.000107622901851, 0.000194626234588, 0.000380217272323, 0.000240077177295, 0.000142616467201, 1.07521827886e-06],
        "min": [4.04646327551e-23, 2.97426435906e-23, 9.70234542372e-24, 1.00774393178e-23, 4.52607177322e-23, 9.98566513337e-23, 1.02809300904e-22, 1.92502019055e-23, 5.62093308575e-23, 6.14623556254e-23, 6.56074094747e-23, 1.85827154547e-22, 8.41585275791e-23, 6.18935406853e-23, 1.77891579872e-22, 7.04983407762e-23, 9.66432611462e-23, 1.91458333989e-22, 2.41991375182e-22, 5.50292151382e-22, 4.80472786342e-22, 5.92334423906e-22, 5.18147066614e-22, 7.87607007657e-22, 9.55480950178e-22, 1.34784355223e-21, 2.51634299816e-21],
        "var": [2.18991008296e-05, 0.00200005015358, 0.000125841994304, 4.95795175084e-05, 7.30156898499e-05, 1.0783090147e-05, 2.79481741927e-06, 2.6070547392e-06, 2.44541206484e-06, 2.93688367492e-06, 6.46388207315e-06, 6.06736364261e-07, 1.13947987757e-06, 1.47304808706e-06, 2.82874879076e-07, 1.15776195742e-07, 7.06256599869e-08, 7.27398372646e-08, 5.59932331612e-08, 2.69538872999e-07, 2.25843692192e-07, 7.10076506039e-07, 5.28499128905e-07, 7.5275971767e-07, 3.54261061375e-07, 1.83867570058e-07, 5.52013101895e-10]
    },
    "erbbands": {
        "dmean": [0.59293782711, 2.74875974655, 4.6115398407, 7.25846719742, 9.18486404419, 13.3592662811, 9.46569728851, 5.26660633087, 9.42097663879, 10.6378946304, 11.1404027939, 8.79671859741, 10.0783452988, 20.8225307465, 12.4645786285, 7.24926662445, 7.38066291809, 10.1085977554, 7.86018228531, 6.77641391754, 6.38756465912, 5.08937883377, 4.59891271591, 4.77190876007, 3.92971253395, 4.98461103439, 4.42844247818, 5.75757265091, 8.25265789032, 6.40241956711, 6.9088306427, 5.71750020981, 4.58999204636, 2.46614146233, 1.24628376961, 0.797897934914, 0.247382193804, 0.0342699699104, 0.00071652722545, 4.40820331278e-05],
        "dmean2": [0.710796356201, 4.43479776382, 7.82552194595, 13.4484910965, 16.4830474854, 22.13788414, 14.5430612564, 8.64232349396, 15.253911972, 17.3015384674, 17.2713890076, 12.9872264862, 15.0412712097, 31.0087013245, 18.9490451813, 11.4426679611, 11.9522237778, 14.9446496964, 11.9347629547, 11.5126256943, 10.9012184143, 8.36128616333, 7.62002182007, 7.90540647507, 6.2650680542, 8.146443367, 7.0235991478, 9.23393344879, 13.0202608109, 10.0995569229, 11.0143127441, 9.01342010498, 7.43861341476, 3.80517888069, 1.85776221752, 1.2088136673, 0.364328056574, 0.0477205142379, 0.00100834202021, 6.3291452534e-05],
        "dvar": [1.88620781898, 38.2702903748, 144.399871826, 814.523620605, 547.731201172, 707.208862305, 465.408325195, 107.705764771, 414.150787354, 683.597351074, 546.74041748, 353.584259033, 404.579193115, 5150.59326172, 1273.39550781, 332.736419678, 1330.65270996, 2347.77099609, 625.536010742, 234.350326538, 308.907836914, 192.729980469, 225.656951904, 143.985748291, 167.947036743, 394.983734131, 212.126480103, 446.414581299, 865.256774902, 359.339355469, 297.523834229, 156.925292969, 130.254455566, 37.3843612671, 6.21048879623, 1.76511001587, 0.216464206576, 0.00485474616289, 2.13359226109e-06, 4.82148010406e-09],
        "dvar2": [3.17702102661, 97.8176269531, 397.206115723, 2338.29272461, 1594.25891113, 1816.56408691, 892.809753418, 253.246246338, 1083.66125488, 1639.94775391, 1349.51428223, 693.869262695, 884.807983398, 9553.39160156, 2897.90771484, 831.04095459, 2887.70166016, 4830.99951172, 1404.6809082, 666.32019043, 845.12322998, 506.742218018, 619.864074707, 381.225006104, 422.892333984, 973.294128418, 557.362243652, 1176.62768555, 2173.29443359, 895.870178223, 723.777770996, 368.209686279, 322.842285156, 92.8934020996, 12.6181678772, 4.24526977539, 0.488167017698, 0.00980376824737, 4.28961311627e-06, 1.09030517947e-08],
        "max": [15.3201971054, 62.7100868225, 134.030426025, 258.563201904, 219.056030273, 388.770812988, 604.805725098, 169.242721558, 194.639297485, 392.492797852, 355.733459473, 480.304840088, 313.828308105, 1520.84350586, 736.550109863, 430.250030518, 789.024963379, 1717.45239258, 767.123657227, 191.318206787, 298.882446289, 164.417922974, 206.942932129, 171.115142822, 190.362792969, 384.37890625, 185.499069214, 282.253112793, 346.3956604, 222.894256592, 188.568359375, 158.339004517, 174.603134155, 135.140609741, 48.9548301697, 15.9337463379, 6.44547939301, 0.849982559681, 0.0187878236175, 0.00088426109869],
        "mean": [0.952915430069, 3.83498597145, 5.51732969284, 5.62548446655, 10.5928020477, 20.5278606415, 19.4819717407, 8.87958526611, 13.4303703308, 15.806268692, 18.5311775208, 17.0102348328, 18.4001541138, 39.5156059265, 21.2866344452, 12.7223129272, 11.395989418, 16.0296993256, 13.2050447464, 10.8365306854, 9.69211864471, 8.07790565491, 7.52624988556, 8.56662273407, 6.36642313004, 7.54404973984, 7.66767883301, 8.81896400452, 12.4456300735, 11.2119073868, 12.9090356827, 12.0020132065, 10.6070585251, 5.44236040115, 2.81842422485, 1.72847771645, 0.503204643726, 0.0618733800948, 0.00134307786357, 0.000107825151645],
        "median": [0.110295623541, 1.06723690033, 1.77262318134, 0.934287369251, 4.26950359344, 7.58077573776, 6.3952960968, 4.28758478165, 6.90151977539, 4.88939094543, 8.1384267807, 6.53519773483, 5.62496900558, 9.04245853424, 6.00201511383, 4.50312900543, 2.78974413872, 3.30605387688, 3.41467404366, 3.40530157089, 3.168643713, 3.03776836395, 3.01523590088, 4.2091550827, 2.73528790474, 2.30613613129, 2.17618989944, 2.23636293411, 3.59427881241, 4.05298042297, 5.9825797081, 7.05849123001, 6.25895833969, 3.0565533638, 1.40273046494, 0.805094778538, 0.210776314139, 0.0180246252567, 0.000440912670456, 7.20888128853e-05],
        "min": [9.6135047921e-22, 6.54913343354e-21, 8.47246527873e-21, 2.89145894503e-20, 1.30090281346e-19, 6.97134766316e-20, 3.57870748131e-19, 1.13145507177e-18, 1.12905262908e-18, 1.34009949057e-18, 7.4020825801e-19, 1.41019456888e-18, 1.03850364897e-18, 2.76648260442e-18, 4.52166039579e-18, 6.38223857479e-18, 4.08982620751e-18, 4.05581957176e-18, 4.74574031501e-18, 8.94808500612e-18, 4.92934504608e-18, 4.96325324734e-18, 8.86689971054e-18, 1.5309591126e-17, 1.08336076437e-17, 2.86440767814e-17, 2.15866975265e-17, 1.82803490846e-17, 1.98818898646e-17, 1.91409428309e-17, 1.71269797237e-17, 1.87146155975e-17, 1.0847980734e-17, 9.00512655398e-18, 7.2563575512e-18, 4.61656861773e-18, 2.58537968111e-18, 1.12325657453e-18, 3.28947550832e-19, 3.98192112992e-20],
        "var": [4.61951637268, 51.4241600037, 125.593589783, 476.169219971, 402.19329834, 1453.7121582, 1995.45922852, 223.668579102, 453.90713501, 981.346862793, 915.834899902, 1316.75256348, 1161.60046387, 12584.5986328, 2088.52978516, 741.590637207, 2309.10058594, 4907.59814453, 1108.39526367, 345.928039551, 406.092132568, 240.96572876, 222.653564453, 190.05456543, 181.013336182, 470.749237061, 339.819244385, 606.815063477, 1046.82958984, 542.369812012, 435.642822266, 271.220428467, 242.481445312, 66.4109954834, 15.1149568558, 5.15321397781, 0.528875112534, 0.0133041199297, 5.82708071306e-06, 1.2972424912e-08]
    },
    "gfcc": {
        "mean": [4.14131975174, 56.7778244019, -68.0876083374, 30.7817192078, -65.611946106, 30.2843017578, -43.8427658081, 20.3071060181, -26.4101982117, 5.04220819473, -17.0388469696, 8.46173667908, -11.2659931183],
        "cov": [[15243.8447266, -847.799133301, -229.845199585, 13.4605236053, -351.38458252, 321.334289551, -365.263946533, -19.9455738068, -260.264190674, 31.5295028687, -363.435272217, 29.1850204468, -119.445411682], [-847.799133301, 902.025756836, -82.4418792725, 52.6311073303, 159.674499512, 15.9900350571, 93.8764038086, 64.7466125488, 68.3237609863, -41.8145942688, 121.728355408, -83.6731491089, 71.2634887695], [-229.845199585, -82.4418792725, 574.995239258, 256.75479126, 64.2677688599, 7.82495594025, -4.1713924408, 36.9147262573, 121.417572021, 25.468000412, 39.5471000671, 107.264732361, -7.16897726059], [13.4605236053, 52.6311073303, 256.75479126, 475.789031982, 111.477142334, -18.5030422211, 30.985748291, 64.6880874634, 162.467559814, 20.8786334991, 50.8923492432, 72.5165863037, 33.9993667603], [-351.38458252, 159.674499512, 64.2677688599, 111.477142334, 290.394287109, 59.0905227661, 99.8449478149, 74.1151657104, 99.0970840454, 33.7409248352, 47.9025306702, 40.6132545471, 55.8630867004], [321.334289551, 15.9900350571, 7.82495594025, -18.5030422211, 59.0905227661, 207.707580566, 80.2513122559, 17.6438331604, 13.580622673, 35.7496376038, 31.2514610291, -9.82853126526, 25.5382671356], [-365.263946533, 93.8764038086, -4.1713924408, 30.985748291, 99.8449478149, 80.2513122559, 218.977401733, 48.9947624207, 41.8686256409, 51.1946105957, 34.8151016235, 1.12781047821, 16.2249069214], [-19.9455738068, 64.7466125488, 36.9147262573, 64.6880874634, 74.1151657104, 17.6438331604, 48.9947624207, 126.453346252, 74.886100769, 9.24722003937, 35.589931488, 27.4306907654, 29.166639328], [-260.264190674, 68.3237609863, 121.417572021, 162.467559814, 99.0970840454, 13.580622673, 41.8686256409, 74.886100769, 188.351928711, 48.2957000732, 29.5546989441, 56.9083480835, 28.0760936737], [31.5295028687, -41.8145942688, 25.468000412, 20.8786334991, 33.7409248352, 35.7496376038, 51.1946105957, 9.24722003937, 48.2957000732, 101.892417908, 30.2974643707, 14.0824289322, 8.59977912903], [-363.435272217, 121.728355408, 39.5471000671, 50.8923492432, 47.9025306702, 31.2514610291, 34.8151016235, 35.589931488, 29.5546989441, 30.2974643707, 121.037879944, 15.1638641357, 33.6653175354], [29.1850204468, -83.6731491089, 107.264732361, 72.5165863037, 40.6132545471, -9.82853126526, 1.12781047821, 27.4306907654, 56.9083480835, 14.0824289322, 15.1638641357, 135.146102905, 22.3597698212], [-119.445411682, 71.2634887695, -7.16897726059, 33.9993667603, 55.8630867004, 25.5382671356, 16.2249069214, 29.166639328, 28.0760936737, 8.59977912903, 33.6653175354, 22.3597698212, 98.1390686035]],
        "icov": [[9.87580642686e-05, -3.1055387808e-05, 8.05569652584e-05, -0.000183174823178, 8.78932987689e-05, -0.00033368988079, 0.000292505079415, -0.00030230358243, 0.000340158614563, -0.000330498936819, 0.000423675170168, -0.00017353327712, 0.000116230301501], [-3.1055387808e-05, 0.00203337706625, 0.000207464210689, 0.000285288726445, -0.000799336703494, 0.000624666805379, -0.000793505460024, 0.000603176944423, -0.00154927407857, 0.00235924939625, -0.00236565852538, 0.00191235914826, -0.000741352094337], [8.05569652584e-05, 0.000207464210689, 0.00279425363988, -0.00127804116346, -5.05682291987e-05, -0.000726736092474, 0.000622993567958, 7.19098898116e-06, -0.000411717221141, -1.48948811329e-05, -0.000388151034713, -0.00146057375241, 0.00129206059501], [-0.000183174823178, 0.000285288726445, -0.00127804116346, 0.00408016471192, -0.000605136272497, 0.00143941584975, -0.000956760311965, 0.00100190041121, -0.00327984872274, 0.00180711306166, -0.00178018712904, 0.000668611610308, -0.000868403702043], [8.78932987689e-05, -0.000799336703494, -5.05682291987e-05, -0.000605136272497, 0.00572852091864, -0.00108321662992, -0.00109300960321, -0.00132465502247, -0.000574306177441, -0.000783594034147, 0.000910308794118, -0.00123332603835, -0.00130948773585], [-0.00033368988079, 0.000624666805379, -0.000726736092474, 0.00143941584975, -0.00108321662992, 0.00745795015246, -0.00292439875193, 0.00133893394377, -0.00139705021866, 0.000652278598864, -0.0025999667123, 0.00200566789135, -0.00187266455032], [0.000292505079415, -0.000793505460024, 0.000622993567958, -0.000956760311965, -0.00109300960321, -0.00292439875193, 0.00795933976769, -0.00292205903679, 0.00211399421096, -0.0042971293442, 0.00185797223821, -0.000802415772341, 0.00156213180162], [-0.00030230358243, 0.000603176944423, 7.19098898116e-06, 0.00100190041121, -0.00132465502247, 0.00133893394377, -0.00292205903679, 0.0134138083085, -0.00599642889574, 0.00449528777972, -0.00413372693583, 0.000481165712699, -0.00162039150018], [0.000340158614563, -0.00154927407857, -0.000411717221141, -0.00327984872274, -0.000574306177441, -0.00139705021866, 0.00211399421096, -0.00599642889574, 0.0138287125155, -0.00729495193809, 0.00452102022246, -0.00335580203682, 0.000665050698444], [-0.000330498936819, 0.00235924939625, -1.48948811329e-05, 0.00180711306166, -0.000783594034147, 0.000652278598864, -0.0042971293442, 0.00449528777972, -0.00729495193809, 0.0175304878503, -0.00673694908619, 0.00209877174348, -0.000708173494786], [0.000423675170168, -0.00236565852538, -0.000388151034713, -0.00178018712904, 0.000910308794118, -0.0025999667123, 0.00185797223821, -0.00413372693583, 0.00452102022246, -0.00673694908619, 0.0150721957907, -0.00259653711691, -0.0013801578898], [-0.00017353327712, 0.00191235914826, -0.00146057375241, 0.000668611610308, -0.00123332603835, 0.00200566789135, -0.000802415772341, 0.000481165712699, -0.00335580203682, 0.00209877174348, -0.00259653711691, 0.0117940083146, -0.00278869876638], [0.000116230301501, -0.000741352094337, 0.00129206059501, -0.000868403702043, -0.00130948773585, -0.00187266455032, 0.00156213180162, -0.00162039150018, 0.000665050698444, -0.000708173494786, -0.0013801578898, -0.00278869876638, 0.0137012843043]]
    },
    "melbands": {
        "dmean": [0.00446210149676, 0.00268280808814, 0.00124196242541, 0.00084462686209, 0.000361934042303, 0.000131343564135, 0.000139955212944, 0.000116230934509, 9.94121655822e-05, 5.30095494469e-05, 5.30422585143e-05, 8.46992479637e-05, 5.0032074796e-05, 2.53489561146e-05, 1.86759207281e-05, 1.97073641175e-05, 2.05655251193e-05, 1.39422018037e-05, 1.33789490064e-05, 7.98042674433e-06, 7.35556386644e-06, 5.78711706112e-06, 4.33646619058e-06, 4.16819602833e-06, 4.11512110077e-06, 2.97084807244e-06, 3.3059998259e-06, 3.62627179129e-06, 3.14947533298e-06, 2.81197094409e-06, 3.61207344213e-06, 4.81170309286e-06, 4.54982819065e-06, 3.62496120943e-06, 4.44820216217e-06, 3.76735874852e-06, 3.80487267648e-06, 3.65066853192e-06, 3.10343830279e-06, 1.97420831682e-06],
        "dmean2": [0.00597829278558, 0.00454751821235, 0.00229129893705, 0.00146369624417, 0.000569518946577, 0.000212097234908, 0.000226985226618, 0.000190200647921, 0.000152506429004, 7.75831067585e-05, 7.91486527305e-05, 0.000125976832351, 7.53796339268e-05, 3.97373514716e-05, 3.09444330924e-05, 3.28547030222e-05, 3.05052944896e-05, 2.13037328649e-05, 2.25915446208e-05, 1.38518698805e-05, 1.240390975e-05, 9.5039158623e-06, 7.22936647435e-06, 7.10365611667e-06, 6.88749105393e-06, 4.77071807836e-06, 5.47590570932e-06, 5.91792468185e-06, 5.06425158164e-06, 4.60493311039e-06, 5.7972392824e-06, 7.46586783862e-06, 7.52009009375e-06, 5.74403202336e-06, 7.1100275818e-06, 6.17797786617e-06, 6.03184753345e-06, 6.05808236287e-06, 4.87682063977e-06, 3.13908253702e-06],
        "dvar": [0.000105062623334, 3.58007418981e-05, 2.15426898649e-05, 2.78238280771e-06, 5.88962393522e-07, 6.6646741459e-08, 8.88805260502e-08, 8.95848799587e-08, 4.32993374488e-08, 1.34473676638e-08, 1.18765832724e-08, 7.84946649901e-08, 1.91812095096e-08, 6.04530514536e-09, 2.21207741014e-09, 1.30767503492e-08, 1.11507683087e-08, 2.01355332408e-09, 7.90476295531e-10, 4.03187289111e-10, 4.17940793085e-10, 2.15776535528e-10, 2.25163068746e-10, 1.41076123006e-10, 1.01582312007e-10, 5.20185873543e-11, 1.96360858129e-10, 1.89775847814e-10, 9.7286546874e-11, 1.08698057499e-10, 1.70918224018e-10, 2.52074444651e-10, 2.86843715447e-10, 9.41020247835e-11, 1.11386365409e-10, 9.34504279515e-11, 5.99020971714e-11, 7.79196360212e-11, 4.87972717789e-11, 2.42221867564e-11],
        "dvar2": [0.000205029573408, 9.84274884104e-05, 6.16328179603e-05, 7.6719397839e-06, 1.19313870073e-06, 1.50778944885e-07, 2.29220916026e-07, 2.13485705558e-07, 1.05418145324e-07, 2.48481963894e-08, 2.55214107625e-08, 1.50810421928e-07, 3.93710983815e-08, 1.43153151555e-08, 5.69626479319e-09, 3.44137980335e-08, 2.27185950052e-08, 4.28238200456e-09, 2.17526130442e-09, 1.11464215635e-09, 1.12881082259e-09, 5.64940039194e-10, 6.15387296676e-10, 3.82037845803e-10, 2.7013477566e-10, 1.28286561929e-10, 5.03856845135e-10, 4.60997656715e-10, 2.52572074366e-10, 2.97715435638e-10, 4.4001688404e-10, 6.06907468725e-10, 7.44343198189e-10, 2.38783437467e-10, 2.75935857497e-10, 2.22358700896e-10, 1.44485340359e-10, 1.87621099212e-10, 1.26012811297e-10, 6.09991432365e-11],
        "max": [0.106016114354, 0.0723129063845, 0.0426402688026, 0.0193787999451, 0.0206169709563, 0.00467667542398, 0.00312967295758, 0.00515101617202, 0.00357891013846, 0.00317136361264, 0.00176918134093, 0.00564643042162, 0.00242240540683, 0.00196917913854, 0.000705445592757, 0.00237503787503, 0.00381690054201, 0.00126846809871, 0.000338599493261, 0.000211293649045, 0.000389932509279, 0.000149740968482, 0.000213240302401, 0.000164054334164, 0.000146762642544, 9.24595951801e-05, 0.000231881771469, 0.000281713932054, 0.000120014497952, 0.000138035917189, 0.000198372814339, 0.000181920928298, 0.000192275678273, 0.000126474813442, 0.00013965924154, 0.000127488645376, 0.000109053704364, 0.000158246213687, 0.000104508966615, 0.00010922572983],
        "mean": [0.00718387169763, 0.00365902972408, 0.00107026787009, 0.00118808296975, 0.000727908161934, 0.000226742806262, 0.000201736940653, 0.000170200801222, 0.000165484743775, 0.000100721823401, 9.28848967305e-05, 0.000160369003424, 8.62137021613e-05, 4.01812212658e-05, 2.80192198261e-05, 2.49352724495e-05, 3.16035293508e-05, 2.09070549317e-05, 2.05322321563e-05, 1.08429994725e-05, 1.08671965791e-05, 8.65706715558e-06, 6.37815355731e-06, 6.8642880251e-06, 7.04652075001e-06, 5.13380064149e-06, 4.05453920393e-06, 5.45509101357e-06, 5.49846163267e-06, 3.91755565943e-06, 5.43446731172e-06, 7.32996613806e-06, 6.21378649157e-06, 6.38877645542e-06, 7.88902980275e-06, 6.62498860038e-06, 7.75549324317e-06, 7.70962196839e-06, 6.4110531639e-06, 3.95621691496e-06],
        "median": [0.00129057862796, 0.00138247478753, 0.000265150680207, 0.000528995122295, 0.00023713245173, 0.000105342507595, 9.76091032499e-05, 5.0292324886e-05, 6.96786737535e-05, 3.42195344274e-05, 2.56542407442e-05, 3.65560081264e-05, 2.1678275516e-05, 1.21558705359e-05, 8.07960532256e-06, 4.41746487923e-06, 5.77680111746e-06, 5.14799285156e-06, 4.50973811894e-06, 3.98765996579e-06, 2.94424989988e-06, 3.03303659166e-06, 2.15494151234e-06, 2.9420368719e-06, 3.38902941621e-06, 2.3335564947e-06, 1.42686155868e-06, 1.42182216223e-06, 1.46942886659e-06, 9.45244323702e-07, 1.32128093355e-06, 1.79263861355e-06, 1.72281886535e-06, 2.320546173e-06, 3.0715120829e-06, 3.70480665879e-06, 4.50749166703e-06, 4.14844407715e-06, 3.44307773048e-06, 2.16440434997e-06],
        "min": [9.99987930248e-24, 6.23747742365e-24, 8.09287827273e-24, 7.0100136413e-24, 1.02862492217e-23, 2.34557787411e-23, 1.85673702168e-23, 1.16393854879e-23, 7.35176159608e-24, 8.06741620929e-24, 4.72139483776e-24, 1.10231360262e-23, 1.1053683087e-23, 1.79325722687e-23, 1.61241717523e-23, 8.00498812384e-24, 6.80830269669e-24, 5.88061647165e-24, 1.38424531151e-23, 6.98978330338e-24, 5.85564113539e-24, 4.56260975931e-24, 5.79959493466e-24, 1.09479938695e-23, 1.28907381869e-23, 7.29078895899e-24, 7.36474861316e-24, 2.39236032346e-23, 1.33135960311e-23, 1.06790585652e-23, 1.1666851258e-23, 1.00576057769e-23, 1.33267384538e-23, 8.87928187623e-24, 1.00265727778e-23, 9.57295961349e-24, 1.16821930249e-23, 6.3136581157e-24, 8.98391875328e-24, 7.00805568853e-24],
        "var": [0.000224963252549, 4.01169090765e-05, 1.28875954033e-05, 3.83056840292e-06, 2.3325658276e-06, 1.65796564033e-07, 1.02659640788e-07, 1.29790450387e-07, 7.84356188888e-08, 5.29576489328e-08, 3.43772761369e-08, 1.88720477468e-07, 3.94536527892e-08, 1.06351789597e-08, 3.94110699631e-09, 1.63155267074e-08, 2.26002008219e-08, 3.28191473997e-09, 1.51412948846e-09, 4.42367364961e-10, 5.81731551819e-10, 2.80320461288e-10, 2.09705489085e-10, 1.60737950727e-10, 1.33231703447e-10, 7.64953309029e-11, 1.71730130116e-10, 2.64920807513e-10, 1.91701376995e-10, 1.19655715891e-10, 2.30956573311e-10, 3.48901824099e-10, 2.91789536977e-10, 1.57092019948e-10, 1.71576808317e-10, 1.17265905319e-10, 1.10789460939e-10, 1.38860312138e-10, 9.82327899579e-11, 3.74746102205e-11]
    },
    "mfcc": {
        "mean": [-651.001708984, 94.8226165771, 46.332485199, 9.60236167908, 12.5254917145, 4.07101964951, 3.57126951218, 10.385061264, -0.168602630496, 3.90781116486, -2.26875567436, -1.66937470436, -0.621393501759],
        "cov": [[10511.9628906, -174.238952637, 97.5027694702, -211.243515015, 33.612247467, 28.1913394928, -91.6199569702, -29.0660247803, 51.8631706238, -32.3145027161, -98.3904800415, -149.691619873, -165.020004272], [-174.238952637, 804.931945801, -101.006408691, -35.6021957397, 63.8323020935, -30.1117362976, 126.964683533, 38.0051002502, 9.51829433441, 59.8135261536, 19.6633663177, 0.74692440033, 8.57803344727], [97.5027694702, -101.006408691, 497.346405029, 171.008346558, 86.1260604858, 38.7881088257, -83.250579834, 55.9456329346, -17.0428600311, -14.0367174149, 21.6765594482, 72.0947036743, 27.2755813599], [-211.243515015, -35.6021957397, 171.008346558, 451.452362061, 133.904876709, 25.5279941559, -80.3603897095, 95.5137939453, 91.6748199463, -40.3702926636, 53.015625, 150.561950684, 55.4888076782], [33.612247467, 63.8323020935, 86.1260604858, 133.904876709, 254.285217285, 21.1379680634, -20.5881767273, 68.1363220215, 42.2479362488, 22.4987068176, 0.207222923636, 54.6389579773, 31.6431217194], [28.1913394928, -30.1117362976, 38.7881088257, 25.5279941559, 21.1379680634, 195.747421265, 44.4242897034, 28.2048358917, 48.1802177429, 26.4191684723, 52.0431747437, 20.7962055206, 3.43236470222], [-91.6199569702, 126.964683533, -83.250579834, -80.3603897095, -20.5881767273, 44.4242897034, 223.346313477, -2.5504565239, -6.36339712143, 70.3948974609, -5.5394153595, -17.7102870941, 12.4596042633], [-29.0660247803, 38.0051002502, 55.9456329346, 95.5137939453, 68.1363220215, 28.2048358917, -2.5504565239, 159.053894043, 60.0414276123, -8.16850376129, 38.2192077637, 47.2648468018, 22.0197544098], [51.8631706238, 9.51829433441, -17.0428600311, 91.6748199463, 42.2479362488, 48.1802177429, -6.36339712143, 60.0414276123, 134.628356934, 32.2526779175, 34.561756134, 36.992931366, 11.504152298], [-32.3145027161, 59.8135261536, -14.0367174149, -40.3702926636, 22.4987068176, 26.4191684723, 70.3948974609, -8.16850376129, 32.2526779175, 126.815803528, 17.8883743286, -7.48357152939, 21.7326602936], [-98.3904800415, 19.6633663177, 21.6765594482, 53.015625, 0.207222923636, 52.0431747437, -5.5394153595, 38.2192077637, 34.561756134, 17.8883743286, 100.732307434, 54.0158004761, 8.28896427155], [-149.691619873, 0.74692440033, 72.0947036743, 150.561950684, 54.6389579773, 20.7962055206, -17.7102870941, 47.2648468018, 36.992931366, -7.48357152939, 54.0158004761, 155.153991699, 48.4312362671], [-165.020004272, 8.57803344727, 27.2755813599, 55.4888076782, 31.6431217194, 3.43236470222, 12.4596042633, 22.0197544098, 11.504152298, 21.7326602936, 8.28896427155, 48.4312362671, 89.2037200928]],
