{
"lowlevel": {
    "average_loudness": 0.971700847149,
    "barkbands_crest": {
        "dmean": 1.87918293476,
        "dmean2": 3.13682675362,
        "dvar": 3.25190258026,
        "dvar2": 8.45993709564,
        "max": 23.978395462,
        "mean": 12.4897441864,
        "median": 12.2822093964,
        "min": 2.75291800499,
        "var": 18.7181053162
    },
    "barkbands_flatness_db": {
        "dmean": 0.0159892849624,
        "dmean2": 0.0251882504672,
        "dvar": 0.00025331613142,
        "dvar2": 0.000598745478783,
        "max": 0.262845098972,
        "mean": 0.146494209766,
        "median": 0.142728239298,
        "min": 0.0200276449323,
        "var": 0.00218218518421
    },
    "barkbands_kurtosis": {
        "dmean": 2.25030326843,
        "dmean2": 3.57067418098,
        "dvar": 9.88499641418,
        "dvar2": 23.5439739227,
        "max": 45.0361671448,
        "mean": 5.25905227661,
        "median": 2.9334564209,
        "min": -1.86058163643,
        "var": 45.9185943604
    },
    "barkbands_skewness": {
        "dmean": 0.409161508083,
        "dmean2": 0.654377639294,
        "dvar": 0.183593317866,
        "dvar2": 0.43320441246,
        "max": 6.45575761795,
        "mean": 2.09102606773,
        "median": 1.95129060745,
        "min": -0.796930670738,
        "var": 1.21703052521
    },
    "barkbands_spread": {
        "dmean": 4.69251585007,
        "dmean2": 7.29735898972,
        "dvar": 34.6265945435,
        "dvar2": 69.750831604,
        "max": 78.8903656006,
        "mean": 24.2708568573,
        "median": 22.2889404297,
        "min": 3.77840852737,
        "var": 178.374526978
    },
    "dissonance": {
        "dmean": 0.00935822445899,
        "dmean2": 0.0158186666667,
        "dvar": 7.60899783927e-05,
        "dvar2": 0.00021571983234,
        "max": 0.499945342541,
        "mean": 0.478104293346,
        "median": 0.480542093515,
        "min": 0.414744913578,
        "var": 0.00017031581956
    },
    "dynamic_complexity": 2.1313586235,
    "erbbands_crest": {
        "dmean": 1.404327631,
        "dmean2": 2.21502423286,
        "dvar": 2.22888469696,
        "dvar2": 5.37627744675,
        "max": 20.8032073975,
        "mean": 6.11028766632,
        "median": 5.54362440109,
        "min": 2.17340326309,
        "var": 6.13253593445
    },
    "erbbands_flatness_db": {
        "dmean": 0.00924663618207,
        "dmean2": 0.0135549521074,
        "dvar": 9.23077823245e-05,
        "dvar2": 0.000171866326127,
        "max": 0.238197371364,
        "mean": 0.143132328987,
        "median": 0.142845764756,
        "min": 0.0588716194034,
        "var": 0.000634703261312
    },
    "erbbands_kurtosis": {
        "dmean": 0.419190019369,
        "dmean2": 0.637563467026,
        "dvar": 0.6643242836,
        "dvar2": 1.24552285671,
        "max": 15.5235157013,
        "mean": -0.563608765602,
        "median": -0.785871267319,
        "min": -1.71531713009,
        "var": 1.37113749981
    },
    "erbbands_skewness": {
        "dmean": 0.224754616618,
        "dmean2": 0.334016054869,
        "dvar": 0.0529903620481,
        "dvar2": 0.100090257823,
        "max": 1.72032630444,
        "mean": -0.276437699795,
        "median": -0.301607877016,
        "min": -3.29517769814,
        "var": 0.324685305357
    },
    "erbbands_spread": {
        "dmean": 5.83027029037,
        "dmean2": 9.14591503143,
        "dvar": 34.6952705383,
        "dvar2": 83.3994598389,
        "max": 106.792411804,
        "mean": 52.2141342163,
        "median": 51.3273277283,
        "min": 11.6971216202,
        "var": 166.79725647
    },
    "hfc": {
        "dmean": 3.85910511017,
        "dmean2": 5.50701093674,
        "dvar": 43.7346611023,
        "dvar2": 73.1920776367,
        "max": 97.9076766968,
        "mean": 20.4130306244,
        "median": 16.0415859222,
        "min": 2.91503425842e-07,
        "var": 231.368011475
    },
    "melbands_crest": {
        "dmean": 2.33383846283,
        "dmean2": 3.94279575348,
        "dvar": 5.26399707794,
        "dvar2": 13.408829689,
        "max": 30.811964035,
        "mean": 19.0503406525,
        "median": 19.4933166504,
        "min": 5.3597536087,
        "var": 32.5295753479
    },
    "melbands_flatness_db": {
        "dmean": 0.0198661796749,
        "dmean2": 0.0310264192522,
        "dvar": 0.000399506679969,
        "dvar2": 0.000949173641857,
        "max": 0.366578757763,
        "mean": 0.219239979982,
        "median": 0.217279523611,
        "min": 0.0546359419823,
        "var": 0.00349884107709
    },
    "melbands_kurtosis": {
        "dmean": 7.04976844788,
        "dmean2": 11.3700399399,
        "dvar": 92.3235702515,
        "dvar2": 223.995117188,
        "max": 154.092132568,
        "mean": 23.3240013123,
        "median": 16.9357471466,
        "min": -1.46275210381,
        "var": 439.355285645
    },
    "melbands_skewness": {
        "dmean": 0.616101801395,
        "dmean2": 0.995561122894,
        "dvar": 0.414691656828,
        "dvar2": 1.04958891869,
        "max": 10.6777410507,
        "mean": 4.02295064926,
        "median": 3.78319883347,
        "min": 0.397939413786,
        "var": 2.76191997528
    },
    "melbands_spread": {
        "dmean": 4.96753978729,
        "dmean2": 7.85679626465,
        "dvar": 45.8356056213,
        "dvar2": 105.488571167,
        "max": 117.629776001,
        "mean": 19.3247470856,
        "median": 15.8484373093,
        "min": 2.5040166378,
        "var": 193.398727417
    },
    "pitch_salience": {
        "dmean": 0.0568401515484,
        "dmean2": 0.0933227837086,
        "dvar": 0.00283713149838,
        "dvar2": 0.0070885992609,
        "max": 0.786151707172,
        "mean": 0.467636972666,
        "median": 0.479507297277,
        "min": 0.113515630364,
        "var": 0.014417976141
    },
    "silence_rate_20dB": {
        "dmean": 0,
        "dmean2": 0,
        "dvar": 0,
        "dvar2": 0,
        "max": 1,
        "mean": 1,
        "median": 1,
        "min": 1,
        "var": 0
    },
    "silence_rate_30dB": {
        "dmean": 0,
        "dmean2": 0,
        "dvar": 0,
        "dvar2": 0,
        "max": 1,
        "mean": 1,
        "median": 1,
        "min": 1,
        "var": 0
    },
    "silence_rate_60dB": {
        "dmean": 0.0030959751457,
        "dmean2": 0.00619674660265,
        "dvar": 0.00308637158014,
        "dvar2": 0.00770751619712,
        "max": 1,
        "mean": 0.0317092016339,
        "median": 0,
        "min": 0,
        "var": 0.0307034477592
    },
    "spectral_centroid": {
        "dmean": 228.409713745,
        "dmean2": 348.502044678,
        "dvar": 121218.351562,
        "dvar2": 178008,
        "max": 10956.1035156,
        "mean": 1652.21118164,
        "median": 1667.75927734,
        "min": 372.65322876,
        "var": 398712.9375
    },
    "spectral_complexity": {
        "dmean": 3.63622283936,
        "dmean2": 5.68396568298,
        "dvar": 14.9791145325,
        "dvar2": 28.0256614685,
        "max": 57,
        "mean": 24.4617176056,
        "median": 25,
        "min": 0,
        "var": 107.269081116
    },
    "spectral_decrease": {
        "dmean": 1.91083016077e-09,
        "dmean2": 3.23270055169e-09,
        "dvar": 5.81673448106e-18,
        "dvar2": 1.63228906851e-17,
        "max": -5.45711936412e-18,
        "mean": -8.86660078692e-09,
        "median": -8.63269189466e-09,
        "min": -2.97800593074e-08,
        "var": 1.38878330892e-17
    },
    "spectral_energy": {
        "dmean": 0.0073765181005,
        "dmean2": 0.0124190421775,
        "dvar": 8.58971980051e-05,
        "dvar2": 0.000238326771068,
        "max": 0.115606993437,
        "mean": 0.0353161096573,
        "median": 0.0343615040183,
        "min": 4.70366003091e-11,
        "var": 0.000214078856516
    },
    "spectral_energyband_high": {
        "dmean": 0.000318450503983,
        "dmean2": 0.000463022355689,
        "dvar": 5.49274830064e-07,
        "dvar2": 9.90436546999e-07,
        "max": 0.00975298415869,
        "mean": 0.000985164893791,
        "median": 0.000616504054051,
        "min": 1.6922692414e-11,
        "var": 1.75453919837e-06
    },
    "spectral_energyband_low": {
        "dmean": 0.00634570186958,
        "dmean2": 0.0109431147575,
        "dvar": 7.12277833372e-05,
        "dvar2": 0.000210384940146,
        "max": 0.0930290967226,
        "mean": 0.0207760427147,
        "median": 0.0190040655434,
        "min": 6.81219056858e-12,
        "var": 0.0001745873451
    },
    "spectral_energyband_middle_high": {
        "dmean": 0.00101079291198,
        "dmean2": 0.00148603133857,
        "dvar": 2.11232554648e-06,
        "dvar2": 4.53341544926e-06,
        "max": 0.0211989600211,
        "mean": 0.00477127498016,
        "median": 0.00388421583921,
        "min": 1.22962855176e-11,
        "var": 1.39423600558e-05
    },
    "spectral_energyband_middle_low": {
        "dmean": 0.00263627571985,
        "dmean2": 0.0041233994998,
        "dvar": 2.13223702303e-05,
        "dvar2": 5.39459906577e-05,
        "max": 0.0677853599191,
        "mean": 0.00991385430098,
        "median": 0.00827118009329,
        "min": 1.0074028417e-11,
        "var": 5.08820885443e-05
    },
    "spectral_entropy": {
        "dmean": 0.0943121537566,
        "dmean2": 0.138142853975,
        "dvar": 0.0136505942792,
        "dvar2": 0.0206118859351,
        "max": 9.81444835663,
        "mean": 7.63357591629,
        "median": 7.66700553894,
        "min": 6.62778520584,
        "var": 0.0891857743263
    },
    "spectral_flux": {
        "dmean": 0.0157191175967,
        "dmean2": 0.0231844261289,
        "dvar": 0.000363235187251,
        "dvar2": 0.000712352863047,
        "max": 0.271775782108,
        "mean": 0.0660782977939,
        "median": 0.0597224123776,
        "min": 1.92480129044e-05,
        "var": 0.00125750410371
    },
    "spectral_kurtosis": {
        "dmean": 1.20104074478,
        "dmean2": 2.08038210869,
        "dvar": 1.34266257286,
        "dvar2": 4.02070522308,
        "max": 10.2088041306,
        "mean": 2.64974021912,
        "median": 2.38758659363,
        "min": -1.22772836685,
        "var": 1.97075164318
    },
    "spectral_rms": {
        "dmean": 0.000580222462304,
        "dmean2": 0.00096758978907,
        "dvar": 4.11085608221e-07,
        "dvar2": 1.14789474992e-06,
        "max": 0.0106201367453,
        "mean": 0.00569572858512,
        "median": 0.00578994117677,
        "min": 2.14218033534e-07,
        "var": 2.01342550099e-06
    },
    "spectral_rolloff": {
        "dmean": 392.830291748,
        "dmean2": 643.494384766,
        "dvar": 549789,
        "dvar2": 1039695,
        "max": 15719.2382812,
        "mean": 1190.10388184,
        "median": 645.99609375,
        "min": 86.1328125,
        "var": 1690337.875
    },
    "spectral_skewness": {
        "dmean": 0.170542925596,
        "dmean2": 0.28318798542,
        "dvar": 0.0240796208382,
        "dvar2": 0.0580765418708,
        "max": 2.06442165375,
        "mean": 0.934148013592,
        "median": 0.928165018559,
        "min": -0.00483673857525,
        "var": 0.0618482790887
    },
    "spectral_spread": {
        "dmean": 319901.0625,
        "dmean2": 467058.75,
        "dvar": 1.22486823322e+12,
        "dvar2": 1.30565511578e+12,
        "max": 41715792,
        "mean": 3843827.25,
        "median": 3631737,
        "min": 2503723.5,
        "var": 1.81971019366e+12
    },
    "spectral_strongpeak": {
        "dmean": 0.183158963919,
        "dmean2": 0.322129487991,
        "dvar": 0.15937179327,
        "dvar2": 0.434795767069,
        "max": 5.73354959488,
        "mean": 0.59416872263,
        "median": 0.568916618824,
        "min": 7.876456948e-06,
        "var": 0.140240043402
    },
    "zerocrossingrate": {
        "dmean": 0.00708612473682,
        "dmean2": 0.00829888973385,
        "dvar": 0.000142011616845,
        "dvar2": 0.000144013683894,
        "max": 0.4130859375,
        "mean": 0.0472277104855,
        "median": 0.04150390625,
        "min": 0.0048828125,
        "var": 0.000812151411083
    },
    "barkbands": {
        "dmean": [0.000141522163176, 0.00474820192903, 0.00220690364949, 0.000861481064931, 0.00169117876794, 0.00044896727195, 0.000602893123869, 0.00030132959364, 0.0002760172938, 0.000206218086532, 0.000150956679136, 0.000247391435551, 0.000130461383378, 0.000193749976461, 0.000148588194861, 0.000155297282618, 0.000287179951556, 0.000221258873353, 0.000286689726636, 0.000182554431376, 0.000142399832839, 7.56830559112e-05, 5.87092945352e-05, 5.14031416969e-05, 1.98995276151e-05, 5.40124028703e-06, 5.54444341105e-07],
        "dmean2": [0.000229416065849, 0.008300117217, 0.00370698445477, 0.00145379011519, 0.00275512645021, 0.000708170293365, 0.000911238021217, 0.000464201293653, 0.000409945874708, 0.00029848315171, 0.00023243749456, 0.000358359975507, 0.000204754716833, 0.000317230820656, 0.000241166810156, 0.000239081564359, 0.000452170701465, 0.000345145555912, 0.000446548860054, 0.000306910398649, 0.000224913557759, 0.000113444977615, 8.54235404404e-05, 7.32423868612e-05, 2.97765800497e-05, 7.87948101788e-06, 9.36692629239e-07],
        "dvar": [8.34370652569e-08, 4.3616968469e-05, 1.19598807942e-05, 3.17969852404e-06, 1.23739782794e-05, 8.02166539415e-07, 1.03452771327e-06, 2.19663704115e-07, 1.91436498653e-07, 1.86871233154e-07, 1.00687564952e-07, 1.52717475999e-07, 6.71557316423e-08, 1.32472351311e-07, 1.0714779819e-07, 7.27503959297e-08, 3.81192052146e-07, 1.78218826363e-07, 2.21246708065e-07, 1.05065481648e-07, 6.39201971353e-08, 3.4139038263e-08, 3.46284885211e-08, 4.79457291647e-08, 5.77735459473e-09, 2.91216356585e-10, 5.44874518768e-12],
        "dvar2": [1.98320989853e-07, 0.000132220651722, 3.31579358317e-05, 9.05372326088e-06, 3.33121643052e-05, 1.97044619199e-06, 2.32664910982e-06, 4.89634771839e-07, 4.49789069989e-07, 4.19197107249e-07, 1.93311947783e-07, 3.49495024921e-07, 1.8409205893e-07, 3.40014480571e-07, 2.90226211064e-07, 1.73279218529e-07, 1.01923615148e-06, 4.01207870482e-07, 4.50999010582e-07, 2.77122580883e-07, 1.49161095919e-07, 6.51882317015e-08, 7.20093638051e-08, 9.16594729006e-08, 1.28135688726e-08, 6.32627117358e-10, 1.39635768226e-11],
        "max": [0.00298660504632, 0.0696656182408, 0.0506030991673, 0.0314925014973, 0.0503982380033, 0.0161511860788, 0.0161282420158, 0.00725984433666, 0.00767674390227, 0.00957143586129, 0.00712021905929, 0.00935262069106, 0.00450867181644, 0.0066374912858, 0.00626712478697, 0.0046231332235, 0.0108969062567, 0.00833979994059, 0.00896567106247, 0.00616696383804, 0.00294931279495, 0.00295318895951, 0.00314138503745, 0.00427766749635, 0.00144782639109, 0.000278431660263, 4.71805833513e-05],
        "mean": [0.000144355217344, 0.0124792736024, 0.00709091732278, 0.0018844823353, 0.00426276912913, 0.000995290232822, 0.00138654245529, 0.000644680170808, 0.000629043614026, 0.000432045315392, 0.000340088416124, 0.000715365284123, 0.000281783897663, 0.00037309480831, 0.000252164376434, 0.000334046460921, 0.000646817032248, 0.000522981863469, 0.000667970685754, 0.000440606236225, 0.000363910541637, 0.000180896779057, 0.000108948959678, 9.47758380789e-05, 3.34124451911e-05, 9.18427031138e-06, 6.91750813075e-07],
        "median": [4.78550027765e-05, 0.00747383479029, 0.00415772944689, 0.000500106078107, 0.00319815403782, 0.000570730597246, 0.000776039902121, 0.000362097489415, 0.000398381467676, 0.000206959695788, 0.000197080415091, 0.000445614859927, 0.00017012032913, 0.00021170025866, 0.000153958942974, 0.000198894835194, 0.000311017065542, 0.000298846745864, 0.00040051410906, 0.000336970580975, 0.000244427268626, 0.00011048946908, 3.70218403987e-05, 1.90516057046e-05, 5.75824196858e-06, 1.96164069166e-06, 1.43223445548e-07],
        "min": [2.13905363691e-13, 4.08101287139e-12, 6.39606911271e-13, 2.19624925885e-12, 1.28380899661e-12, 1.07577846371e-12, 2.52540436479e-12, 3.14628423141e-13, 1.51478374115e-12, 7.80568914626e-13, 5.28334645998e-13, 1.03546077962e-12, 7.6296884392e-13, 4.03074844552e-13, 3.90120905415e-13, 7.54524318459e-13, 2.70581213685e-12, 1.34880420635e-12, 1.70414767367e-12, 2.08826922768e-12, 1.28642311647e-12, 1.53710323549e-12, 1.21606153966e-12, 2.52155002607e-12, 1.84287047428e-12, 3.49395751047e-12, 4.86765922708e-12],
        "var": [8.97252689924e-08, 0.000141530879773, 5.18443666806e-05, 1.39719286381e-05, 1.91278868442e-05, 1.85295596111e-06, 3.23066228702e-06, 6.39161271465e-07, 6.16060901848e-07, 7.14707766747e-07, 3.96421484083e-07, 6.39848110495e-07, 1.20671330706e-07, 3.19698017393e-07, 1.19632517226e-07, 1.5154417099e-07, 1.16310400244e-06, 4.19065344204e-07, 6.24756921752e-07, 1.88071624052e-07, 1.56248148642e-07, 8.0814814396e-08, 7.03208726804e-08, 1.3127490206e-07, 1.33061295315e-08, 6.09972461429e-10, 7.66806063091e-12]
    },
    "erbbands": {
        "dmean": [0.118524938822, 1.16833150387, 2.74234700203, 2.39334964752, 5.58838558197, 4.91666173935, 4.49539279938, 3.09320926666, 9.18973827362, 6.43650913239, 6.42219161987, 5.39600515366, 6.26614046097, 4.77278327942, 5.24269390106, 9.3478269577, 6.60522460938, 6.32677698135, 8.6832742691, 7.41048717499, 7.02035951614, 18.081911087, 10.6183872223, 13.6974334717, 12.4082155228, 7.65725135803, 6.71577644348, 4.55300951004, 2.90385246277, 2.07027840614, 1.62276434898, 1.24331641197, 0.798244059086, 0.31814545393, 0.0939608812332, 0.0298649519682, 0.00846537481993, 0.00198601838201, 4.92631770612e-05, 9.14019710763e-06],
        "dmean2": [0.208546847105, 2.04667258263, 4.63694953918, 4.04532670975, 9.07797908783, 7.99285316467, 7.11446523666, 4.85035657883, 13.7395658493, 10.1526498795, 9.56017875671, 8.23995113373, 9.18531608582, 7.3693151474, 8.18496704102, 13.7465353012, 9.86742305756, 10.147187233, 13.967663765, 11.5974521637, 10.8133468628, 28.1823959351, 16.9126548767, 21.1303424835, 20.1581668854, 12.85414505, 10.717748642, 7.20031547546, 4.42414522171, 3.08808636665, 2.31745266914, 1.76735234261, 1.19003033638, 0.470191448927, 0.138535127044, 0.0441558510065, 0.0121640916914, 0.00288434699178, 7.39424940548e-05, 1.45551375681e-05],
        "dvar": [0.0394519716501, 2.56071829796, 17.2988643646, 14.3553085327, 188.30267334, 70.44896698, 77.940612793, 25.5540008545, 260.597839355, 179.848083496, 89.6327056885, 74.8304214478, 150.640426636, 63.1361427307, 143.486328125, 276.227172852, 136.649475098, 132.225418091, 413.813964844, 175.317428589, 182.539672852, 1704.17749023, 324.921234131, 969.075866699, 306.4765625, 265.439727783, 122.478385925, 89.2695999146, 49.1860580444, 31.1556720734, 26.3830184937, 24.1221179962, 12.3784379959, 1.72032177448, 0.0986943468451, 0.00909350160509, 0.00078272173414, 4.8052665079e-05, 3.00892679661e-08, 1.39626948892e-10],
        "dvar2": [0.118880964816, 7.62455463409, 48.4188308716, 41.5151519775, 522.194396973, 181.510437012, 204.941329956, 58.0920257568, 582.223266602, 420.845336914, 203.325546265, 183.425949097, 318.19909668, 145.741851807, 273.939849854, 647.361877441, 351.713775635, 296.963134766, 1129.09716797, 439.782440186, 468.203369141, 4477.82666016, 766.161621094, 2036.41882324, 691.311706543, 704.377441406, 286.067596436, 211.877197266, 99.5975189209, 61.7101707458, 50.4374198914, 42.8609237671, 26.1377048492, 3.7911400795, 0.207921981812, 0.0202919505537, 0.00170451810118, 9.69991597231e-05, 6.41371116217e-08, 3.33937322239e-10],
        "max": [1.76227104664, 18.844417572, 59.5082015991, 63.2438468933, 186.362564087, 104.83757019, 145.903945923, 108.963447571, 292.907714844, 224.221801758, 124.016433716, 128.034973145, 270.667266846, 149.420074463, 318.169952393, 433.431762695, 226.908828735, 196.5418396, 421.703186035, 182.435348511, 288.02645874, 767.658691406, 306.86630249, 760.615539551, 270.020507812, 336.025543213, 150.651626587, 124.321586609, 115.256141663, 85.7177047729, 90.0379638672, 95.1920471191, 64.6027450562, 27.0053100586, 5.81462001801, 1.45338892937, 0.441852241755, 0.120978564024, 0.00322640920058, 0.00015227534459],
        "mean": [0.204969510436, 3.3480052948, 9.52620029449, 6.30018520355, 12.6402540207, 11.665309906, 10.0074081421, 7.88525056839, 20.7416687012, 13.8970375061, 14.8744926453, 12.4357700348, 14.2290067673, 12.0396766663, 12.5502853394, 26.4750881195, 18.2115077972, 13.3186721802, 17.4951324463, 16.751832962, 17.1029605865, 40.5642356873, 29.3093757629, 34.0259132385, 31.7492179871, 19.7013702393, 17.0521354675, 11.3585758209, 6.82250070572, 4.41118192673, 2.96204519272, 2.28807544708, 1.3534321785, 0.514124333858, 0.166210383177, 0.0508607290685, 0.0137688387185, 0.0032065352425, 9.50209796429e-05, 4.41197844339e-05],
        "median": [0.0803045481443, 2.27164340019, 6.48375463486, 4.25319719315, 9.57578659058, 8.53766727448, 6.33472633362, 4.99759626389, 11.4393720627, 7.75360631943, 9.28365421295, 8.25154018402, 7.66853952408, 7.47386550903, 7.5994477272, 16.4063148499, 11.3807401657, 8.23912620544, 10.8028240204, 11.3704576492, 10.9370985031, 20.050989151, 18.2174034119, 16.2567806244, 23.3484764099, 15.1875896454, 11.8090114594, 7.37435865402, 4.2555475235, 2.10621118546, 0.869562745094, 0.458490163088, 0.259581059217, 0.0798082500696, 0.0320156849921, 0.00976230017841, 0.00319553702138, 0.000680129451212, 3.73937728e-05, 4.199907562e-05],
        "min": [1.3457160386e-10, 8.24436519054e-10, 8.03359767598e-10, 6.96942548117e-09, 4.53447857041e-09, 3.64853369739e-09, 1.04653592459e-08, 1.04951700663e-08, 3.46550912411e-08, 2.22418972129e-08, 1.050845988e-08, 3.27019407109e-08, 2.84065375666e-08, 2.33581936016e-08, 2.08701056437e-08, 4.42099548081e-08, 3.63671084358e-08, 2.2941081923e-08, 2.99545277471e-08, 2.91561850219e-08, 3.60085685713e-08, 1.51057292896e-07, 1.08384760722e-07, 6.94881947538e-08, 9.68877174046e-08, 8.89739837362e-08, 4.47748931265e-08, 5.72058347359e-08, 5.81019179435e-08, 3.51625892847e-08, 3.55503324556e-08, 3.75680535569e-08, 5.43330926916e-08, 2.02524468307e-08, 1.37406628298e-08, 7.11583236779e-09, 6.7133707482e-09, 3.65788044299e-09, 6.40783814898e-10, 7.30339955179e-11],
        "var": [0.0703301951289, 8.90825080872, 72.2462768555, 56.979095459, 213.291793823, 139.475082397, 150.236907959, 113.740707397, 817.106445312, 393.775970459, 278.459442139, 211.922439575, 584.362548828, 220.853530884, 636.353942871, 997.590270996, 366.518981934, 346.84753418, 612.688903809, 322.23348999, 364.857299805, 4945.77050781, 987.779663086, 2494.49487305, 867.522338867, 416.474029541, 320.86831665, 187.170883179, 109.810661316, 70.0823364258, 59.8378715515, 70.3915176392, 27.2162666321, 3.86471843719, 0.244183927774, 0.0188304279, 0.00146860815585, 0.000103327074612, 6.15176389829e-08, 4.24052432058e-10]
    },
    "gfcc": {
        "mean": [6.87898635864, 111.650100708, -125.829780579, 62.7834663391, -47.302734375, 5.45444011688, -21.6831760406, 5.23365831375, -20.154750824, 0.178622081876, -11.5911149979, -2.79920768738, -12.7756748199],
        "cov": [[6935.73388672, -727.669677734, -45.4870872498, 25.5816135406, -259.913391113, 372.611450195, -306.016937256, 137.28263855, -180.889831543, 162.156341553, -92.8655471802, 102.812438965, -113.399589539], [-727.669677734, 868.646484375, -114.330238342, 21.0448455811, 159.376174927, -287.30255127, 182.090072632, -194.1590271, 78.0614471436, -106.315452576, 26.0543212891, -67.4352111816, 51.9112815857], [-45.4870872498, -114.330238342, 205.245529175, 6.53537464142, -15.413974762, 71.6011428833, -21.7675437927, 13.6073503494, 12.3132314682, 23.6759567261, 2.50422072411, 19.0196666718, -4.92367553711], [25.5816135406, 21.0448455811, 6.53537464142, 130.055358887, 53.5876731873, -36.0186767578, 20.5876979828, -0.303501278162, 14.3135223389, -14.3887834549, 7.20999097824, -3.34700918198, 4.47640800476], [-259.913391113, 159.376174927, -15.413974762, 53.5876731873, 139.117279053, -41.5139579773, 65.4580917358, -24.5921421051, 29.4418773651, -10.2660274506, 3.07580518723, -17.965423584, 2.64820480347], [372.611450195, -287.30255127, 71.6011428833, -36.0186767578, -41.5139579773, 222.006439209, -23.5220947266, 65.4597473145, -21.7454357147, 66.4467010498, 13.5591678619, 24.6021404266, -9.29750156403], [-306.016937256, 182.090072632, -21.7675437927, 20.5876979828, 65.4580917358, -23.5220947266, 126.292098999, -14.2546606064, 31.9148311615, -1.4028750658, 18.1701011658, -2.42524504662, 14.0645360947], [137.28263855, -194.1590271, 13.6073503494, -0.303501278162, -24.5921421051, 65.4597473145, -14.2546606064, 114.369682312, 6.8197722435, 51.5816802979, 19.202167511, 28.0798187256, -1.09452915192], [-180.889831543, 78.0614471436, 12.3132314682, 14.3135223389, 29.4418773651, -21.7454357147, 31.9148311615, 6.8197722435, 68.7921295166, 15.6110668182, 14.2450294495, -6.33589935303, 3.7408413887], [162.156341553, -106.315452576, 23.6759567261, -14.3887834549, -10.2660274506, 66.4467010498, -1.4028750658, 51.5816802979, 15.6110668182, 92.4514160156, 38.6233329773, 30.0597305298, -4.7087059021], [-92.8655471802, 26.0543212891, 2.50422072411, 7.20999097824, 3.07580518723, 13.5591678619, 18.1701011658, 19.202167511, 14.2450294495, 38.6233329773, 68.9919509888, 23.9673690796, 18.7376708984], [102.812438965, -67.4352111816, 19.0196666718, -3.34700918198, -17.965423584, 24.6021404266, -2.42524504662, 28.0798187256, -6.33589935303, 30.0597305298, 23.9673690796, 56.2585067749, 13.0919675827], [-113.399589539, 51.9112815857, -4.92367553711, 4.47640800476, 2.64820480347, -9.29750156403, 14.0645360947, -1.09452915192, 3.7408413887, -4.7087059021, 18.7376708984, 13.0919675827, 48.7356719971]],
        "icov": [[0.000266163115157, -0.000689579930622, 0.000327886111336, -0.00083310023183, 0.000542764901184, -0.000925966829527, 0.000938795332331, -0.000444950681413, 0.000503120070789, -0.000756625842769, 0.00115703837946, -0.000813112186734, 0.000638267956674], [-0.000689579930622, 0.00980627164245, -0.000471362669487, 0.00584736838937, -0.00415893224999, 0.00857472792268, -0.00887564569712, 0.00912097748369, -0.00460317032412, 0.00387836736627, -0.00870065391064, 0.00590964546427, -0.00552070140839], [0.000327886111336, -0.000471362669487, 0.00670576374978, -0.00196656957269, 0.000829842349049, -0.00346266198903, 0.00222492078319, 0.00134579103906, -0.00270722969435, -0.000442099408247, 0.00198222626932, -0.00352699449286, 0.00115600728896], [-0.00083310023183, 0.00584736838937, -0.00196656957269, 0.0143947079778, -0.00704332767054, 0.00704194791615, -0.00533656449988, 0.00290487986058, -0.00313295400701, 0.00599049963057, -0.00836390815675, 0.00383355934173, -0.00335109257139], [0.000542764901184, -0.00415893224999, 0.000829842349049, -0.00704332767054, 0.0141716543585, -0.00353521015495, -0.000860252883285, -0.00188596500084, 0.000444434204837, -0.00385948666371, 0.00528489518911, -0.000511175778229, 0.00288343592547], [-0.000925966829527, 0.00857472792268, -0.00346266198903, 0.00704194791615, -0.00353521015495, 0.0160284545273, -0.00917342491448, 0.00473073404282, 0.000143086144817, -0.000771467981394, -0.00777334487066, 0.00767068564892, -0.00543861323968], [0.000938795332331, -0.00887564569712, 0.00222492078319, -0.00533656449988, -0.000860252883285, -0.00917342491448, 0.0206302255392, -0.0068121147342, 0.000199840244022, -0.00272897398099, 0.00647616013885, -0.00756200030446, 0.00380587670952], [-0.000444950681413, 0.00912097748369, 0.00134579103906, 0.00290487986058, -0.00188596500084, 0.00473073404282, -0.0068121147342, 0.0225652381778, -0.00704548507929, -0.00170247396454, -0.00641762884334, 0.00122448196635, -0.0048890253529], [0.000503120070789, -0.00460317032412, -0.00270722969435, -0.00313295400701, 0.000444434204837, 0.000143086144817, 0.000199840244022, -0.00704548507929, 0.0243093837053, -0.00855843070894, 0.00288786133751, 0.00372741115279, 0.00107084948104], [-0.000756625842769, 0.00387836736627, -0.000442099408247, 0.00599049963057, -0.00385948666371, -0.000771467981394, -0.00272897398099, -0.00170247396454, -0.00855843070894, 0.0281720664352, -0.015420938842, -0.0041792197153, 0.00475581781939], [0.00115703837946, -0.00870065391064, 0.00198222626932, -0.00836390815675, 0.00528489518911, -0.00777334487066, 0.00647616013885, -0.00641762884334, 0.00288786133751, -0.015420938842, 0.0339180342853, -0.0103704966605, -0.00282128504477], [-0.000813112186734, 0.00590964546427, -0.00352699449286, 0.00383355934173, -0.000511175778229, 0.00767068564892, -0.00756200030446, 0.00122448196635, 0.00372741115279, -0.0041792197153, -0.0103704966605, 0.0328780002892, -0.0107289627194], [0.000638267956674, -0.00552070140839, 0.00115600728896, -0.00335109257139, 0.00288343592547, -0.00543861323968, 0.00380587670952, -0.0048890253529, 0.00107084948104, 0.00475581781939, -0.00282128504477, -0.0107289627194, 0.0302508100867]]
    },
    "melbands": {
        "dmean": [0.00118709390517, 0.00143626681529, 0.000457390444353, 0.00042458740063, 0.00015142414486, 8.02893046057e-05, 0.000127782579511, 7.06304272171e-05, 5.65178379475e-05, 3.44159452652e-05, 3.32204072038e-05, 2.10823600355e-05, 1.80897495738e-05, 1.44605746755e-05, 3.96301256842e-05, 9.82107121672e-06, 1.35716754812e-05, 1.70560069819e-05, 1.36570970426e-05, 1.26552822621e-05, 7.59519798521e-06, 2.12440954783e-05, 1.07261521407e-05, 1.19261276268e-05, 1.2308379155e-05, 1.20665508803e-05, 8.67011476657e-06, 5.17275248058e-06, 4.49562821814e-06, 4.15585600422e-06, 2.52689414992e-06, 1.90086882412e-06, 1.5069363144e-06, 1.11435122108e-06, 9.8525993053e-07, 9.39197889238e-07, 7.80145683166e-07, 6.30720080608e-07, 4.53011153922e-07, 2.22360469593e-07],
        "dmean2": [0.0020895563066, 0.00245731067844, 0.00076772167813, 0.000687019783072, 0.000239373475779, 0.000124795071315, 0.000192801671801, 0.000110385437438, 8.37920015329e-05, 5.21701585967e-05, 4.86723802169e-05, 3.22547130054e-05, 2.80061776721e-05, 2.22059370572e-05, 5.752263678e-05, 1.56935293489e-05, 2.19851517613e-05, 2.76177634078e-05, 2.20041220018e-05, 1.96222426894e-05, 1.1892439943e-05, 3.29217036779e-05, 1.71797237272e-05, 1.92419956875e-05, 1.90845275938e-05, 1.95174325199e-05, 1.42796397995e-05, 8.79641083884e-06, 7.2320176514e-06, 6.73159956932e-06, 4.01164516006e-06, 2.98900044982e-06, 2.32137176681e-06, 1.6817384676e-06, 1.43936597397e-06, 1.41577095292e-06, 1.10843143375e-06, 9.83714016911e-07, 6.70486997478e-07, 3.32456494334e-07],
        "dvar": [3.17248918691e-06, 4.07705692851e-06, 6.52560174785e-07, 8.0141893477e-07, 7.40835517377e-08, 1.69051546095e-08, 4.7754614485e-08, 1.83436039691e-08, 7.22740445269e-09, 3.02712788169e-09, 4.29104263233e-09, 1.39669675825e-09, 1.8254406875e-09, 4.95636531817e-10, 5.68101521381e-09, 4.47618303534e-10, 5.75378855672e-10, 1.52083790006e-09, 6.87120305098e-10, 4.42133302192e-10, 3.03855551831e-10, 2.61091970266e-09, 3.47245565635e-10, 5.19144671696e-10, 8.31152036085e-10, 2.86067114441e-10, 1.588853632e-10, 1.23675999997e-10, 6.26261889569e-11, 5.0541994201e-11, 3.02825056697e-11, 1.89537101292e-11, 1.60296238089e-11, 9.54504270761e-12, 9.21363940004e-12, 1.08643450139e-11, 1.07903451799e-11, 7.71254587972e-12, 4.59892540716e-12, 6.51784724283e-13],
        "dvar2": [9.66858442553e-06, 1.17336840049e-05, 1.85981764389e-06, 2.16570651901e-06, 1.89953354379e-07, 3.88234191462e-08, 1.07942398131e-07, 4.29449578121e-08, 1.62925832825e-08, 7.36181160477e-09, 9.169693449e-09, 3.23603210894e-09, 3.3476492689e-09, 1.15336484807e-09, 1.41098190909e-08, 1.05741204681e-09, 1.34293942633e-09, 4.05908462398e-09, 1.75345238329e-09, 1.02910857613e-09, 7.75022712673e-10, 7.03394809065e-09, 8.24305457225e-10, 1.21958376731e-09, 1.78785786176e-09, 6.64619526081e-10, 4.1943123974e-10, 3.32665561764e-10, 1.52974521939e-10, 1.21906554296e-10, 7.35068256263e-11, 4.02223393481e-11, 3.40069743199e-11, 2.07283044895e-11, 1.86125021645e-11, 2.10247461802e-11, 2.03686425365e-11, 1.73828850619e-11, 9.86879848675e-12, 1.45280022821e-12],
        "max": [0.0170198958367, 0.0265372786671, 0.0122229531407, 0.0129961427301, 0.00399282202125, 0.00211208709516, 0.003811015049, 0.00202031317167, 0.00125690363348, 0.00107911613304, 0.00138431752566, 0.000829385884572, 0.0010108393617, 0.00059870298719, 0.0014204691397, 0.00031135205063, 0.000436043279478, 0.000718688941561, 0.00043237846694, 0.000245893053943, 0.00036158922012, 0.000841462227982, 0.000315575394779, 0.000382232596166, 0.000676356023178, 0.000255288003245, 0.000201464732527, 0.000212688610191, 0.000108030537376, 9.72586421994e-05, 8.37825136841e-05, 7.68564786995e-05, 6.86741113896e-05, 4.31594162364e-05, 5.16347863595e-05, 6.19281418039e-05, 5.91185489611e-05, 4.08833366237e-05, 4.85014097649e-05, 1.47009222928e-05],
        "mean": [0.00272788922302, 0.00493233138695, 0.00125873566139, 0.00103195593692, 0.000348614237737, 0.000199896065169, 0.000290388445137, 0.000147378174006, 0.000124115991639, 7.71479317336e-05, 7.28112790966e-05, 5.07260592713e-05, 4.14787100453e-05, 3.92359543184e-05, 0.000103291116829, 1.8943561372e-05, 2.66761380772e-05, 3.09234237648e-05, 2.31074391195e-05, 2.62039648078e-05, 1.52004304255e-05, 4.37489070464e-05, 2.77829549304e-05, 2.68984113063e-05, 2.73327459581e-05, 2.64954742306e-05, 1.8724012989e-05, 1.16046730909e-05, 1.05830358734e-05, 9.42860515352e-06, 5.59391128263e-06, 4.0382201405e-06, 2.97867427435e-06, 2.20828951569e-06, 1.70991802406e-06, 1.52779523432e-06, 1.36390701755e-06, 1.01674129382e-06, 6.92793321377e-07, 3.42279179222e-07],
        "median": [0.00134456972592, 0.00451687956229, 0.000994340982288, 0.000762689800467, 0.000217672655708, 0.000126436905703, 0.000164142300491, 7.80999325798e-05, 7.46908117435e-05, 5.16533000336e-05, 3.69926638086e-05, 2.95609825116e-05, 2.45387236646e-05, 2.87121183646e-05, 5.44336871826e-05, 9.55030282057e-06, 1.57773811225e-05, 1.66368663486e-05, 1.37841834658e-05, 1.4989032934e-05, 9.01990733837e-06, 2.06238273677e-05, 1.51930607899e-05, 1.6094516468e-05, 1.19131027532e-05, 1.70713774423e-05, 1.4733509488e-05, 8.26287487143e-06, 7.00137934473e-06, 6.39843847239e-06, 3.45932130585e-06, 2.49718982559e-06, 1.46105173826e-06, 9.83271547739e-07, 5.26400185663e-07, 2.50518013445e-07, 2.73260639005e-07, 2.05788907692e-07, 9.67344817582e-08, 4.79215991334e-08],
        "min": [1.18371902991e-12, 6.58352983674e-13, 1.14644806235e-12, 1.99744653326e-13, 3.61779806416e-13, 2.30957885195e-13, 5.38577591813e-13, 1.96234806291e-13, 8.77699334653e-14, 2.28307552985e-13, 1.49875215862e-13, 1.01889450924e-13, 6.20645028426e-14, 9.62627601329e-14, 1.31080069759e-13, 6.23073641293e-14, 3.39884743343e-14, 5.1373269923e-14, 2.37782680373e-14, 6.20285276593e-14, 2.8929678477e-14, 1.48322285985e-13, 1.64109570659e-13, 5.21543901545e-14, 5.44735223183e-14, 7.45974394994e-14, 5.13072725039e-14, 6.17122387805e-14, 2.45283834747e-14, 2.73581731678e-14, 3.43471893993e-14, 3.19070738255e-14, 2.56316252538e-14, 1.74821213685e-14, 1.82324892217e-14, 2.47835707848e-14, 2.07244161068e-14, 4.27636306357e-14, 2.2751786078e-14, 1.57190832751e-14],
        "var": [8.55031521496e-06, 1.31156120915e-05, 1.62458684372e-06, 1.23654444906e-06, 1.67794709682e-07, 5.72531497767e-08, 1.48834871538e-07, 4.30113757943e-08, 2.07744257352e-08, 9.46564782112e-09, 1.66487534869e-08, 5.01167018996e-09, 7.11665837372e-09, 1.86759274712e-09, 1.63156652633e-08, 8.84454676164e-10, 1.56770418869e-09, 2.52645437904e-09, 9.91148163543e-10, 9.47884215563e-10, 4.49670745084e-10, 6.92260604396e-09, 1.43461209579e-09, 1.06243713827e-09, 1.96473437519e-09, 7.82636899732e-10, 3.10366121692e-10, 1.78430895059e-10, 1.44533315871e-10, 1.07005924954e-10, 5.63748388249e-11, 3.80100430297e-11, 3.19387467862e-11, 1.91257530646e-11, 1.9093844561e-11, 2.50322228224e-11, 2.82311205663e-11, 1.43902086427e-11, 9.74523586827e-12, 1.43360215192e-12]
    },
    "mfcc": {
        "mean": [-626.211425781, 124.913017273, -8.93892669678, 55.6380348206, -0.14754922688, 12.3390359879, 6.41881465912, 8.43121528625, 0.206683024764, 3.57450008392, 1.61217021942, 3.72371101379, -0.568604886532],
        "cov": [[5217.42724609, -501.595581055, 28.6862297058, -255.815216064, 14.9115228653, 12.7531290054, -25.8584594727, -21.7366638184, -38.3241958618, -30.2077083588, -20.754901886, 88.6211929321, -16.8124485016], [-501.595581055, 843.483276367, -207.824020386, 281.644714355, -102.156234741, 56.3002204895, -35.4408035278, -4.54865837097, -14.6393480301, 0.0935059562325, -20.8192081451, -66.2369003296, 6.11573696136], [28.6862297058, -207.824020386, 240.360290527, -119.298751831, 38.5224761963, 9.13657855988, 2.61049056053, -1.597905159, -0.988809764385, 8.0277223587, 3.73096489906, 18.5308094025, 13.1337690353], [-255.815216064, 281.644714355, -119.298751831, 299.519165039, -11.6584300995, 3.96590232849, -22.9574127197, 21.7202644348, 2.67050671577, -5.57635688782, -8.70386981964, -17.7138633728, -1.83997750282], [14.9115228653, -102.156234741, 38.5224761963, -11.6584300995, 90.776473999, 3.83683729172, 6.69366312027, -1.95314526558, 6.44540929794, 14.5054426193, 5.4071393013, 10.7259016037, -6.80848646164], [12.7531290054, 56.3002204895, 9.13657855988, 3.96590232849, 3.83683729172, 111.225028992, 23.7504920959, 12.7857246399, 2.29979681969, 27.9078044891, -0.537821471691, -8.94214057922, 13.1169166565], [-25.8584594727, -35.4408035278, 2.61049056053, -22.9574127197, 6.69366312027, 23.7504920959, 81.8893356323, 13.3440418243, 10.739405632, 3.77549123764, 14.788690567, 20.3735370636, 9.8281288147], [-21.7366638184, -4.54865837097, -1.597905159, 21.7202644348, -1.95314526558, 12.7857246399, 13.3440418243, 54.5035476685, 15.5894775391, 10.8949995041, -3.52013635635, -3.64786720276, 12.3059110641], [-38.3241958618, -14.6393480301, -0.988809764385, 2.67050671577, 6.44540929794, 2.29979681969, 10.739405632, 15.5894775391, 44.5637016296, 16.4037342072, 5.3961725235, 2.93449449539, 3.87499046326], [-30.2077083588, 0.0935059562325, 8.0277223587, -5.57635688782, 14.5054426193, 27.9078044891, 3.77549123764, 10.8949995041, 16.4037342072, 65.0380020142, 22.4257621765, 1.85461163521, 8.51609230042], [-20.754901886, -20.8192081451, 3.73096489906, -8.70386981964, 5.4071393013, -0.537821471691, 14.788690567, -3.52013635635, 5.3961725235, 22.4257621765, 58.5752296448, 35.7205886841, 6.75911188126], [88.6211929321, -66.2369003296, 18.5308094025, -17.7138633728, 10.7259016037, -8.94214057922, 20.3735370636, -3.64786720276, 2.93449449539, 1.85461163521, 35.7205886841, 77.5634918213, 22.527639389], [-16.8124485016, 6.11573696136, 13.1337690353, -1.83997750282, -6.80848646164, 13.1169166565, 9.8281288147, 12.3059110641, 3.87499046326, 8.51609230042, 6.75911188126, 22.527639389, 55.9277229309]],
