{
"lowlevel": {
    "average_loudness": 0.90031760931,
    "barkbands_crest": {
        "dmean": 2.08994460106,
        "dmean2": 3.44006109238,
        "dvar": 4.36337280273,
        "dvar2": 11.5359477997,
        "max": 22.5914268494,
        "mean": 8.35629367828,
        "median": 7.80223751068,
        "min": 2.59930086136,
        "var": 9.46006965637
    },
    "barkbands_flatness_db": {
        "dmean": 0.0211168825626,
        "dmean2": 0.0318821705878,
        "dvar": 0.00050156051293,
        "dvar2": 0.00109913235065,
        "max": 0.305568307638,
        "mean": 0.134741678834,
        "median": 0.119351446629,
        "min": 0.0357977710664,
        "var": 0.00294672278687
    },
    "barkbands_kurtosis": {
        "dmean": 3.06140136719,
        "dmean2": 4.71318435669,
        "dvar": 19.734998703,
        "dvar2": 46.6585998535,
        "max": 57.0609664917,
        "mean": 6.61738967896,
        "median": 3.38176059723,
        "min": -1.88526105881,
        "var": 81.6346893311
    },
    "barkbands_skewness": {
        "dmean": 0.491141527891,
        "dmean2": 0.736551582813,
        "dvar": 0.26089066267,
        "dvar2": 0.596300542355,
        "max": 6.19767045975,
        "mean": 1.93269252777,
        "median": 1.76915025711,
        "min": -1.88225281239,
        "var": 1.57211124897
    },
    "barkbands_spread": {
        "dmean": 5.95805168152,
        "dmean2": 9.33496761322,
        "dvar": 69.3387298584,
        "dvar2": 165.84034729,
        "max": 101.281768799,
        "mean": 21.5152645111,
        "median": 19.623216629,
        "min": 1.80098605156,
        "var": 204.784667969
    },
    "dissonance": {
        "dmean": 0.017618522048,
        "dmean2": 0.0287945549935,
        "dvar": 0.000294342200505,
        "dvar2": 0.00076967390487,
        "max": 0.499999970198,
        "mean": 0.45837906003,
        "median": 0.466846287251,
        "min": 0.274984419346,
        "var": 0.00104462914169
    },
    "dynamic_complexity": 4.85217761993,
    "erbbands_crest": {
        "dmean": 2.03270483017,
        "dmean2": 3.24438047409,
        "dvar": 3.93755984306,
        "dvar2": 9.57596969604,
        "max": 21.8556957245,
        "mean": 7.83416032791,
        "median": 6.97398900986,
        "min": 2.33900094032,
        "var": 11.8877105713
    },
    "erbbands_flatness_db": {
        "dmean": 0.0185492318124,
        "dmean2": 0.0251725930721,
        "dvar": 0.000413459347328,
        "dvar2": 0.000733227701858,
        "max": 0.306347727776,
        "mean": 0.142006039619,
        "median": 0.141795158386,
        "min": 0.043892737478,
        "var": 0.00186623842455
    },
    "erbbands_kurtosis": {
        "dmean": 0.820353329182,
        "dmean2": 1.24533259869,
        "dvar": 2.6456849575,
        "dvar2": 5.14677047729,
        "max": 44.4626350403,
        "mean": 0.395172327757,
        "median": -0.531150221825,
        "min": -1.77020788193,
        "var": 11.9331760406
    },
    "erbbands_skewness": {
        "dmean": 0.33067008853,
        "dmean2": 0.488824218512,
        "dvar": 0.0918136462569,
        "dvar2": 0.20284371078,
        "max": 5.5790514946,
        "mean": 0.526344776154,
        "median": 0.504163086414,
        "min": -2.57472610474,
        "var": 0.666647136211
    },
    "erbbands_spread": {
        "dmean": 9.77872848511,
        "dmean2": 14.4368534088,
        "dvar": 147.414932251,
        "dvar2": 315.275543213,
        "max": 150.980758667,
        "mean": 48.651008606,
        "median": 46.3056259155,
        "min": 4.93252038956,
        "var": 529.731262207
    },
    "hfc": {
        "dmean": 5.38350820541,
        "dmean2": 7.4460067749,
        "dvar": 90.2739105225,
        "dvar2": 175.21697998,
        "max": 162.198226929,
        "mean": 15.7632846832,
        "median": 7.95634460449,
        "min": 1.18843407651e-16,
        "var": 412.479858398
    },
    "melbands_crest": {
        "dmean": 2.79646325111,
        "dmean2": 4.5787358284,
        "dvar": 9.25447750092,
        "dvar2": 21.7169380188,
        "max": 29.352394104,
        "mean": 12.5594301224,
        "median": 11.6951656342,
        "min": 2.0096976757,
        "var": 20.2961864471
    },
    "melbands_flatness_db": {
        "dmean": 0.0241363011301,
        "dmean2": 0.035663921386,
        "dvar": 0.000729032442905,
        "dvar2": 0.00159805465955,
        "max": 0.408570766449,
        "mean": 0.206707492471,
        "median": 0.194086939096,
        "min": 0.00676063355058,
        "var": 0.00564698548988
    },
    "melbands_kurtosis": {
        "dmean": 8.04641532898,
        "dmean2": 12.4302511215,
        "dvar": 156.668945312,
        "dvar2": 373.161773682,
        "max": 194.326934814,
        "mean": 20.84466362,
        "median": 12.0854511261,
        "min": -1.77229940891,
        "var": 580.014099121
    },
    "melbands_skewness": {
        "dmean": 0.69800645113,
        "dmean2": 1.04855108261,
        "dvar": 0.639656543732,
        "dvar2": 1.42101109028,
        "max": 11.7838020325,
        "mean": 3.24114322662,
        "median": 2.85990524292,
        "min": 0.00294653442688,
        "var": 3.45519351959
    },
    "melbands_spread": {
        "dmean": 5.6195063591,
        "dmean2": 8.38285732269,
        "dvar": 74.6125030518,
        "dvar2": 161.198150635,
        "max": 179.972244263,
        "mean": 20.2954616547,
        "median": 14.972032547,
        "min": 1.59369778633,
        "var": 319.875610352
    },
    "pitch_salience": {
        "dmean": 0.068083666265,
        "dmean2": 0.11084716022,
        "dvar": 0.00429851887748,
        "dvar2": 0.0119238635525,
        "max": 0.868394732475,
        "mean": 0.60057079792,
        "median": 0.604193687439,
        "min": 0.228898599744,
        "var": 0.00872199144214
    },
    "silence_rate_20dB": {
        "dmean": 0,
        "dmean2": 0,
        "dvar": 0,
        "dvar2": 0,
        "max": 1,
        "mean": 1,
        "median": 1,
        "min": 1,
        "var": 0
    },
    "silence_rate_30dB": {
        "dmean": 0.00427046278492,
        "dmean2": 0.00854700896889,
        "dvar": 0.00425211898983,
        "dvar2": 0.0113233076409,
        "max": 1,
        "mean": 0.997155070305,
        "median": 1,
        "min": 0,
        "var": 0.00283686816692
    },
    "silence_rate_60dB": {
        "dmean": 0.0469750873744,
        "dmean2": 0.0940170958638,
        "dvar": 0.0447679758072,
        "dvar2": 0.0951500013471,
        "max": 1,
        "mean": 0.130156472325,
        "median": 0,
        "min": 0,
        "var": 0.113214440644
    },
    "spectral_centroid": {
        "dmean": 235.40536499,
        "dmean2": 350.238769531,
        "dvar": 127593.304688,
        "dvar2": 205142.921875,
        "max": 11025.9150391,
        "mean": 1209.77282715,
        "median": 1027.20532227,
        "min": 247.757644653,
        "var": 536530.6875
    },
    "spectral_complexity": {
        "dmean": 3.20854091644,
        "dmean2": 4.66239309311,
        "dvar": 22.5180416107,
        "dvar2": 40.9887008667,
        "max": 52,
        "mean": 14.4608821869,
        "median": 11,
        "min": 0,
        "var": 105.978218079
    },
    "spectral_decrease": {
        "dmean": 2.06056971486e-09,
        "dmean2": 3.15909387538e-09,
        "dvar": 1.83698533356e-17,
        "dvar2": 4.23901509659e-17,
        "max": -1.96513300072e-29,
        "mean": -4.57232296469e-09,
        "median": -3.10437564544e-09,
        "min": -5.00640737755e-08,
        "var": 2.49693599973e-17
    },
    "spectral_energy": {
        "dmean": 0.00817688275129,
        "dmean2": 0.0124656930566,
        "dvar": 0.000283917033812,
        "dvar2": 0.000649476714898,
        "max": 0.195915520191,
        "mean": 0.0186868160963,
        "median": 0.0128400297835,
        "min": 1.08536177631e-20,
        "var": 0.000407938088756
    },
    "spectral_energyband_high": {
        "dmean": 0.00038663574378,
        "dmean2": 0.000532362551894,
        "dvar": 5.89812486851e-07,
        "dvar2": 9.88333908936e-07,
        "max": 0.0200906675309,
        "mean": 0.000904284301214,
        "median": 0.000320071645547,
        "min": 8.11072481814e-21,
        "var": 3.20624167216e-06
    },
    "spectral_energyband_low": {
        "dmean": 0.00432579685003,
        "dmean2": 0.00686926580966,
        "dvar": 0.00011008734873,
        "dvar2": 0.000279693951597,
        "max": 0.127855032682,
        "mean": 0.00645954022184,
        "median": 0.00417288392782,
        "min": 4.08793811092e-23,
        "var": 0.000101751909824
    },
    "spectral_energyband_middle_high": {
        "dmean": 0.000943344319239,
        "dmean2": 0.00128880655393,
        "dvar": 2.35415905081e-06,
        "dvar2": 4.72845385957e-06,
        "max": 0.0330349691212,
        "mean": 0.00305868848227,
        "median": 0.00100005359855,
        "min": 1.33957911722e-21,
        "var": 1.96168530238e-05
    },
    "spectral_energyband_middle_low": {
        "dmean": 0.00545611651614,
        "dmean2": 0.00863320194185,
        "dvar": 0.00014993865625,
        "dvar2": 0.000342991261277,
        "max": 0.132102385163,
        "mean": 0.0103053757921,
        "median": 0.00656481925398,
        "min": 4.14554963257e-22,
        "var": 0.000178556656465
    },
    "spectral_entropy": {
        "dmean": 0.199427708983,
        "dmean2": 0.28182464838,
        "dvar": 0.0614166967571,
        "dvar2": 0.118372164667,
        "max": 10.0007686615,
        "mean": 7.45501565933,
        "median": 7.51423931122,
        "min": 5.50256347656,
        "var": 0.275591433048
    },
    "spectral_flux": {
        "dmean": 0.0239837449044,
        "dmean2": 0.0359650477767,
        "dvar": 0.00132308783941,
        "dvar2": 0.00273154489696,
        "max": 0.355737775564,
        "mean": 0.0655216947198,
        "median": 0.0507353283465,
        "min": 0.000310143339448,
        "var": 0.00280735827982
    },
    "spectral_kurtosis": {
        "dmean": 1.63031077385,
        "dmean2": 2.65796518326,
        "dvar": 3.93183803558,
        "dvar2": 10.0772237778,
        "max": 24.779542923,
        "mean": 4.2453918457,
        "median": 3.37428689003,
        "min": -1.20002150536,
        "var": 10.6611909866
    },
    "spectral_rms": {
        "dmean": 0.000773996405769,
        "dmean2": 0.00110906385817,
        "dvar": 1.5413327219e-06,
        "dvar2": 3.13858072332e-06,
        "max": 0.0138252340257,
        "mean": 0.00378206907772,
        "median": 0.00353933032602,
        "min": 3.25405826417e-12,
        "var": 3.92697347706e-06
    },
    "spectral_rolloff": {
        "dmean": 474.849212646,
        "dmean2": 779.767456055,
        "dvar": 1088064.375,
        "dvar2": 2273315.75,
        "max": 18863.0859375,
        "mean": 1361.33911133,
        "median": 710.595703125,
        "min": 107.666015625,
        "var": 2400635
    },
    "spectral_skewness": {
        "dmean": 0.231717467308,
        "dmean2": 0.370156347752,
        "dvar": 0.0566646046937,
        "dvar2": 0.131124719977,
        "max": 4.10456943512,
        "mean": 1.54400348663,
        "median": 1.44051241875,
        "min": -2.88071823888e-05,
        "var": 0.273035436869
    },
    "spectral_spread": {
        "dmean": 822716.9375,
        "dmean2": 1135414.375,
        "dvar": 1.94248874394e+12,
        "dvar2": 3.06819026125e+12,
        "max": 40597144,
        "mean": 5084316,
        "median": 4708658,
        "min": 1927624.625,
        "var": 4.10952951398e+12
    },
    "spectral_strongpeak": {
        "dmean": 0.386154145002,
        "dmean2": 0.643504500389,
        "dvar": 0.551443815231,
        "dvar2": 1.41813969612,
        "max": 10.5830211639,
        "mean": 0.66524875164,
        "median": 0.24826438725,
        "min": 0,
        "var": 1.02026498318
    },
    "zerocrossingrate": {
        "dmean": 0.011222127825,
        "dmean2": 0.0138419391587,
        "dvar": 0.000296487793094,
        "dvar2": 0.000380379351554,
        "max": 0.49560546875,
        "mean": 0.0598936341703,
        "median": 0.054931640625,
        "min": 0.00634765625,
        "var": 0.00150530808605
    },
    "barkbands": {
        "dmean": [0.00015994705609, 0.00129382836167, 0.00162331433967, 0.00276931724511, 0.00153963221237, 0.0012407025788, 0.000520468631294, 0.000381845311495, 0.000732340733521, 0.000347940862412, 0.000163574019098, 0.000105856554001, 0.00015561383043, 0.000165845878655, 0.000142054152093, 0.000168630460394, 0.00012660039647, 8.34459424368e-05, 0.000130208718474, 0.000113464142487, 9.92477071122e-05, 7.24635028746e-05, 7.09639134584e-05, 6.32379887975e-05, 5.63180365134e-05, 5.2947209042e-05, 1.91714411812e-06],
        "dmean2": [0.000199774513021, 0.00207464303821, 0.0026858872734, 0.00447048665956, 0.00256887171417, 0.00211520446464, 0.000847675197292, 0.000590745883528, 0.00107045099139, 0.000541138346307, 0.000257219653577, 0.000167887352291, 0.000245450413786, 0.000238436434302, 0.000211985272472, 0.000253709557001, 0.000192878578673, 0.000128084750031, 0.000183704381925, 0.000165482473676, 0.00015111042012, 0.000102281206637, 0.000107369000034, 9.21820974327e-05, 8.5796797066e-05, 8.48869167385e-05, 3.21599213748e-06],
        "dvar": [1.95265755565e-07, 1.57572376338e-05, 1.59357186931e-05, 6.90684901201e-05, 1.1836747035e-05, 6.98990288583e-06, 1.80268784788e-06, 6.36221727746e-07, 2.19012440539e-06, 6.72518694955e-07, 1.17693829793e-07, 6.67668658139e-08, 1.63279082699e-07, 2.92841775718e-07, 1.24567662851e-07, 1.89050922472e-07, 9.68807256641e-08, 2.62576396182e-08, 5.78585925837e-08, 5.91076876333e-08, 4.47324772779e-08, 3.63304550888e-08, 5.87986086487e-08, 2.88847950003e-08, 1.99996712524e-08, 1.48628096497e-08, 2.70691247195e-11],
        "dvar2": [2.6461481184e-07, 4.13485759054e-05, 4.29679312219e-05, 0.000166458892636, 3.1532777939e-05, 1.98741709028e-05, 4.9032764764e-06, 1.49285619955e-06, 4.75396973343e-06, 1.53300220518e-06, 2.71529870588e-07, 1.53477614617e-07, 4.08248894246e-07, 5.20766036516e-07, 2.61433768856e-07, 4.43917372195e-07, 1.9881757396e-07, 5.65643993866e-08, 1.0595294242e-07, 1.22613812437e-07, 1.02206527686e-07, 6.90374406531e-08, 1.50508782326e-07, 5.24472021368e-08, 3.88736438595e-08, 3.60243035402e-08, 6.82898945725e-11],
        "max": [0.00503143668175, 0.0370485186577, 0.048187546432, 0.0690955668688, 0.0401573628187, 0.0360148027539, 0.0260566659272, 0.0156102096662, 0.0217148717493, 0.0136638972908, 0.00633977586403, 0.00434614112601, 0.00673206755891, 0.0257197320461, 0.00644769985229, 0.00843034591526, 0.00698502222076, 0.00298002408817, 0.00498180510476, 0.00808062870055, 0.00553335854784, 0.0047025824897, 0.00706188753247, 0.00397894065827, 0.0031340487767, 0.00149858859368, 5.57532366656e-05],
        "mean": [0.000248502532486, 0.00207457505167, 0.00230563268997, 0.00280923396349, 0.00231930217706, 0.00196915608831, 0.000838408770505, 0.000623902189545, 0.00138675572816, 0.000638319063, 0.00035994744394, 0.000165362784173, 0.000226516174735, 0.000362218474038, 0.000258376065176, 0.000288591021672, 0.000260383618297, 0.000178568036063, 0.000359990255674, 0.00025223675766, 0.000237116750213, 0.000128662431962, 0.000123870835523, 0.000117857525765, 9.62719641393e-05, 5.56003287784e-05, 1.44669718338e-06],
        "median": [5.56342019991e-05, 0.00120371556841, 0.00159599073231, 0.00102391885594, 0.0014846296981, 0.00103056384251, 0.000275775295449, 0.000198807596462, 0.000281072570942, 0.000122588171507, 7.7800345025e-05, 5.460750981e-05, 4.75094420835e-05, 3.72975628125e-05, 5.9594072809e-05, 4.71979474241e-05, 5.12806655024e-05, 3.68747932953e-05, 5.82401153224e-05, 6.37998018647e-05, 5.33408965566e-05, 1.99706664716e-05, 2.82610199065e-05, 3.08060552925e-05, 2.03312192752e-05, 6.14933469478e-06, 3.19518065339e-08],
        "min": [8.39382870807e-24, 2.54907337986e-23, 8.01178337167e-24, 8.74976590395e-24, 4.26002054433e-23, 4.60514845254e-23, 9.71015136015e-23, 3.43751819249e-23, 1.36306581616e-22, 8.33320727186e-23, 6.55092373127e-23, 8.6667199921e-23, 7.57749051534e-23, 1.65547093152e-22, 8.42237505988e-23, 1.55857811265e-22, 1.32990803593e-22, 1.67497296149e-22, 1.78760248257e-22, 3.84180486257e-22, 3.53010080159e-22, 7.88162618169e-22, 5.99792630448e-22, 1.19812244772e-21, 1.14500951582e-21, 1.75387008344e-21, 2.40274844145e-21],
        "var": [4.17659805407e-07, 1.57080885401e-05, 1.27612856886e-05, 5.91390635236e-05, 1.08239628389e-05, 8.00936140877e-06, 2.42284295382e-06, 1.10819962629e-06, 6.93519041306e-06, 2.07595371648e-06, 4.57730237713e-07, 1.28327897642e-07, 3.01103284528e-07, 2.11198130273e-06, 3.86229515925e-07, 4.66729488835e-07, 3.81836656516e-07, 9.41108382335e-08, 3.93387892927e-07, 2.16559882915e-07, 1.83347424354e-07, 1.32040483436e-07, 1.17813570455e-07, 8.69332126285e-08, 5.59924835386e-08, 1.83056716452e-08, 2.14118722752e-11]
    },
    "erbbands": {
        "dmean": [0.0322503559291, 0.338022977114, 1.49169075489, 6.86856031418, 5.7915096283, 5.19148683548, 6.61672544479, 11.4388780594, 9.0324420929, 7.83673381805, 7.41035079956, 19.2597885132, 12.4866046906, 6.08926916122, 6.60608863831, 4.1155667305, 7.34384441376, 6.37586116791, 7.03568029404, 8.989402771, 7.54262256622, 5.45602464676, 4.65370130539, 4.93976163864, 6.87669754028, 5.22247123718, 4.60613822937, 3.46257376671, 2.70753979683, 2.43208122253, 1.86760485172, 1.39725410938, 1.0863173008, 0.668491542339, 0.400430321693, 0.219668075442, 0.103208817542, 0.0149560337886, 0.000297346734442, 1.81173491001e-05],
        "dmean2": [0.0444112308323, 0.575555443764, 2.48496317863, 11.0460796356, 9.49266147614, 8.66771697998, 10.955121994, 19.6802539825, 14.6999397278, 12.038895607, 11.2340965271, 27.7384929657, 19.697561264, 8.82180500031, 10.0930185318, 6.42009496689, 11.6064901352, 9.83005142212, 9.68274021149, 12.7631616592, 11.3954267502, 7.95130062103, 7.13725233078, 6.97755002975, 9.75425434113, 7.33762979507, 6.79755878448, 5.17576885223, 3.79229950905, 3.49593806267, 2.7753367424, 2.13432979584, 1.54987287521, 1.02131485939, 0.623826026917, 0.347482323647, 0.167023733258, 0.0243737101555, 0.000481864000903, 2.72933684755e-05],
        "dvar": [0.00646503083408, 1.3193281889, 15.1103868484, 390.899414062, 218.595855713, 107.412818909, 205.746063232, 568.944824219, 720.029907227, 259.519714355, 184.709472656, 1616.57104492, 991.561950684, 186.698135376, 192.927047729, 93.9430847168, 376.08795166, 237.07711792, 388.127929688, 603.466552734, 392.388122559, 162.083633423, 72.675491333, 84.485710144, 157.354827881, 173.890945435, 73.0683746338, 61.9711303711, 54.0469970703, 63.5252151489, 28.0618019104, 12.9453639984, 9.27501964569, 4.00532388687, 0.761381983757, 0.209705024958, 0.0643855705857, 0.00145239860285, 5.50941422262e-07, 1.44889966691e-09],
        "dvar2": [0.00982406921685, 3.63615918159, 41.2690391541, 939.767822266, 535.936035156, 293.470123291, 551.059936523, 1646.31726074, 2023.32177734, 581.90246582, 441.690704346, 3444.1081543, 2413.71533203, 331.469451904, 428.107727051, 213.238555908, 945.425476074, 514.873291016, 633.741333008, 1181.74108887, 917.862609863, 292.754058838, 159.332839966, 156.871398926, 314.830718994, 333.100097656, 160.180831909, 140.444763184, 106.686477661, 131.764480591, 65.469909668, 26.7362995148, 17.0088634491, 7.64746856689, 1.63208460808, 0.499430418015, 0.159316390753, 0.00356204411946, 1.34237939164e-06, 3.30157101658e-09],
        "max": [0.80927491188, 9.22768592834, 49.5642585754, 194.538452148, 143.880462646, 93.9781188965, 215.887939453, 323.715911865, 605.370666504, 243.119598389, 194.693496704, 674.877685547, 516.670227051, 454.791992188, 242.495880127, 179.54498291, 341.193664551, 476.581665039, 898.626220703, 561.334411621, 448.702362061, 447.31262207, 148.109588623, 203.599533081, 238.577850342, 502.633361816, 241.747436523, 160.905914307, 171.216369629, 266.359191895, 144.729492188, 78.1134033203, 73.7529830933, 51.1598167419, 15.9589490891, 5.35983800888, 3.01193118095, 0.404246717691, 0.00831053685397, 0.000473627645988],
        "mean": [0.0597775653005, 0.465465605259, 2.23116517067, 7.50215244293, 6.89461040497, 8.15011882782, 10.5441179276, 17.1489677429, 15.4748287201, 12.7589025497, 15.4520692825, 36.8450737, 21.5492172241, 13.4807128906, 14.4405460358, 7.87537431717, 11.2334184647, 12.9600343704, 15.3965606689, 17.3749790192, 16.4885807037, 12.8498620987, 10.8494186401, 13.0793094635, 18.5641918182, 12.136507988, 11.909277916, 7.31956529617, 4.93364191055, 4.08584833145, 3.40444087982, 2.45890665054, 1.95879161358, 1.18383777142, 0.631128072739, 0.269163072109, 0.100891143084, 0.0127693060786, 0.000270112766884, 3.30052316713e-05],
        "median": [0.0225162692368, 0.31794282794, 1.57713103294, 3.30486726761, 2.98868203163, 5.42432117462, 6.40116977692, 8.76519775391, 5.09744644165, 4.52567434311, 5.67299604416, 7.62598133087, 4.87562179565, 3.10500144958, 4.0584526062, 2.63543653488, 2.70352506638, 2.08334779739, 3.07669782639, 2.63371706009, 2.81767988205, 2.25843310356, 2.50087881088, 2.68588685989, 3.29157447815, 2.97041344643, 2.79918837547, 1.5403547287, 0.769272565842, 0.745694994926, 0.850906133652, 0.738847613335, 0.438747882843, 0.257544338703, 0.124621942639, 0.0421160496771, 0.00874673388898, 0.000795363390353, 3.14392455039e-05, 1.89751644939e-05],
        "min": [1.03212399991e-21, 4.4742078164e-21, 1.21579483031e-20, 1.8488893867e-20, 1.74359608018e-20, 1.11270927209e-19, 5.34472206248e-19, 4.03643821302e-19, 1.54200941841e-18, 6.70211510793e-19, 1.2756257249e-18, 2.87379853555e-18, 3.3654982663e-18, 2.2937596377e-18, 2.53911278111e-18, 4.29533550839e-18, 3.06141674696e-18, 7.9666914576e-18, 5.59455666366e-18, 5.46676180852e-18, 8.88845686448e-18, 6.83703571046e-18, 6.59305589365e-18, 8.16955667565e-18, 1.48971869968e-17, 1.794200409e-17, 1.35303843583e-17, 1.71191148904e-17, 2.86968509044e-17, 2.06404988587e-17, 1.86960735169e-17, 2.44300531272e-17, 1.93978436224e-17, 1.33989627297e-17, 8.19763449436e-18, 5.38192740567e-18, 3.50730328628e-18, 1.16730911203e-18, 2.89931380043e-19, 4.13632537724e-20],
        "var": [0.0152145754546, 0.938901782036, 11.6732568741, 339.015838623, 191.894577026, 111.143318176, 208.741134644, 647.061767578, 1109.65820312, 494.647583008, 521.848693848, 5077.640625, 2242.47485352, 1080.1673584, 704.804504395, 247.003204346, 699.074401855, 1225.29431152, 2663.71435547, 1851.22619629, 1471.93212891, 1035.39770508, 357.928619385, 534.853637695, 987.741088867, 605.251281738, 391.327697754, 226.67376709, 194.65246582, 158.892074585, 75.5497894287, 34.0233268738, 26.5365123749, 9.5843296051, 2.28240275383, 0.364426106215, 0.0701927244663, 0.00132665666752, 5.19042373526e-07, 2.03863148585e-09]
    },
    "gfcc": {
        "mean": [-33.5807914734, 94.4317779541, -102.87991333, 39.0328521729, -62.9963378906, 7.5175538063, -41.1497955322, 10.056854248, -28.869966507, 3.53328680992, -17.2602806091, -2.52710008621, -9.68604946136],
        "cov": [[10162.6738281, -1973.26953125, -592.304870605, -137.009735107, -744.444641113, 211.345901489, -253.743743896, 505.361694336, -425.742034912, 114.824714661, -427.365692139, -160.559204102, -35.7091712952], [-1973.26953125, 1533.61828613, -99.0871963501, 15.8407754898, 349.029937744, -152.31036377, 272.983795166, -145.546646118, 208.370513916, -161.402587891, 182.738922119, -97.2007904053, 124.100097656], [-592.304870605, -99.0871963501, 838.613769531, 68.8977661133, 99.0479660034, 134.568466187, -50.8317565918, -54.3986282349, -18.2992687225, 44.56016922, -43.3701438904, 99.2077865601, -135.637207031], [-137.009735107, 15.8407754898, 68.8977661133, 342.301300049, 189.199371338, 13.764954567, -17.2427177429, -11.7452497482, 26.3651199341, -53.4753341675, -21.0585536957, -2.39035439491, -8.29869174957], [-744.444641113, 349.029937744, 99.0479660034, 189.199371338, 406.586791992, 1.26596105099, 84.1955566406, -54.9583473206, 48.2756767273, -53.8573379517, -9.87491321564, -7.34509754181, -18.101606369], [211.345901489, -152.31036377, 134.568466187, 13.764954567, 1.26596105099, 169.086807251, 17.388671875, -1.26852309704, -30.7771511078, 36.6369552612, -29.2636985779, -2.30681347847, -40.0871009827], [-253.743743896, 272.983795166, -50.8317565918, -17.2427177429, 84.1955566406, 17.388671875, 176.398422241, 9.85219192505, 37.7045936584, -5.12201213837, 34.0530433655, -42.5364608765, 10.2190208435], [505.361694336, -145.546646118, -54.3986282349, -11.7452497482, -54.9583473206, -1.26852309704, 9.85219192505, 203.865386963, 22.7918491364, 16.795167923, -20.995803833, -17.966753006, 36.4612464905], [-425.742034912, 208.370513916, -18.2992687225, 26.3651199341, 48.2756767273, -30.7771511078, 37.7045936584, 22.7918491364, 110.719619751, -18.1373538971, 21.7936687469, -11.2683143616, 27.9615707397], [114.824714661, -161.402587891, 44.56016922, -53.4753341675, -53.8573379517, 36.6369552612, -5.12201213837, 16.795167923, -18.1373538971, 111.311698914, 14.7280654907, 3.40022945404, -26.9151992798], [-427.365692139, 182.738922119, -43.3701438904, -21.0585536957, -9.87491321564, -29.2636985779, 34.0530433655, -20.995803833, 21.7936687469, 14.7280654907, 110.475852966, 1.37328481674, 20.3628578186], [-160.559204102, -97.2007904053, 99.2077865601, -2.39035439491, -7.34509754181, -2.30681347847, -42.5364608765, -17.966753006, -11.2683143616, 3.40022945404, 1.37328481674, 102.475997925, -11.3046007156], [-35.7091712952, 124.100097656, -135.637207031, -8.29869174957, -18.101606369, -40.0871009827, 10.2190208435, 36.4612464905, 27.9615707397, -26.9151992798, 20.3628578186, -11.3046007156, 116.542129517]],
        "icov": [[0.000205847492907, -1.08550693767e-05, 0.000163599426742, -0.000134297748446, 0.000286563532427, -0.000123567646369, 2.43074737227e-05, -0.000416230177507, 0.000643964798655, -6.65103943902e-05, 0.000615479424596, 0.000184255797649, 0.000126037746668], [-1.08550693767e-05, 0.003411028767, -0.000887346803211, 0.00149900431279, -0.00193142169155, 0.00143849861342, -0.00244842655957, 0.00225305277854, -0.00315819075331, 0.00350572564639, -0.00379804475233, 0.00271173100919, -0.00236292160116], [0.000163599426742, -0.000887346803211, 0.00230404781178, -0.000482042436488, 0.000223627517698, -0.00175804249011, 0.00120906706434, -0.00088222179329, 0.000669352535624, -0.0012027118355, 0.00155405374244, -0.00215451931581, 0.00232338649221], [-0.000134297748446, 0.00149900431279, -0.000482042436488, 0.00539393723011, -0.0034178304486, -0.000373330083676, 0.00106637249701, 0.000642010825686, -0.0023906105198, 0.00321856839582, -0.00259568006732, 0.00167876738124, -0.000834679696709], [0.000286563532427, -0.00193142169155, 0.000223627517698, -0.0034178304486, 0.0061185406521, -0.000117495874292, -0.00146095757373, -0.00059619685635, 0.00184085569344, -0.00159615289886, 0.00414842367172, -0.00156708213035, 0.00169879570603], [-0.000123567646369, 0.00143849861342, -0.00175804249011, -0.000373330083676, -0.000117495874292, 0.00937218870968, -0.003598585492, 0.0014360579662, 0.000330621405737, -0.00103530939668, 0.000431369320722, 0.00180254736915, -0.000789508165326], [2.43074737227e-05, -0.00244842655957, 0.00120906706434, 0.00106637249701, -0.00146095757373, -0.003598585492, 0.0112101761624, -0.00267463922501, 0.000405859667808, -0.00150484254118, -0.000526137067936, 0.000915408658329, 0.00222265929915], [-0.000416230177507, 0.00225305277854, -0.00088222179329, 0.000642010825686, -0.00059619685635, 0.0014360579662, -0.00267463922501, 0.00854104943573, -0.00483813649043, 0.00056835624855, -0.00121659657452, 0.00176961463876, -0.00386773352511], [0.000643964798655, -0.00315819075331, 0.000669352535624, -0.0023906105198, 0.00184085569344, 0.000330621405737, 0.000405859667808, -0.00483813649043, 0.0168297998607, -0.00268260273151, 0.00366789917462, -0.0012713825563, 0.000625170359854], [-6.65103943902e-05, 0.00350572564639, -0.0012027118355, 0.00321856839582, -0.00159615289886, -0.00103530939668, -0.00150484254118, 0.00056835624855, -0.00268260273151, 0.0161350145936, -0.00749549083412, 0.00311284093186, 0.000407638261095], [0.000615479424596, -0.00379804475233, 0.00155405374244, -0.00259568006732, 0.00414842367172, 0.000431369320722, -0.000526137067936, -0.00121659657452, 0.00366789917462, -0.00749549083412, 0.0184078477323, -0.00382570154034, 0.000877761282027], [0.000184255797649, 0.00271173100919, -0.00215451931581, 0.00167876738124, -0.00156708213035, 0.00180254736915, 0.000915408658329, 0.00176961463876, -0.0012713825563, 0.00311284093186, -0.00382570154034, 0.0149129908532, -0.00233745877631], [0.000126037746668, -0.00236292160116, 0.00232338649221, -0.000834679696709, 0.00169879570603, -0.000789508165326, 0.00222265929915, -0.00386773352511, 0.000625170359854, 0.000407638261095, 0.000877761282027, -0.00233745877631, 0.0143515001982]]
    },
    "melbands": {
        "dmean": [0.000306305009872, 0.0006526397774, 0.00110239291098, 0.000381028745323, 0.000227969678235, 0.0002523122821, 0.000125520076836, 8.76291815075e-05, 7.8024189861e-05, 0.000110284992843, 6.18182966718e-05, 2.5164359613e-05, 2.38421234826e-05, 1.28031051645e-05, 1.43031802509e-05, 1.31622273329e-05, 1.37276492751e-05, 1.33014609673e-05, 1.02685999082e-05, 1.19612896015e-05, 1.01241867014e-05, 6.20282162345e-06, 6.20866421741e-06, 3.90321383748e-06, 4.36789878222e-06, 5.82185703024e-06, 4.12578538089e-06, 3.81303675567e-06, 3.10638733936e-06, 2.86310796582e-06, 1.95490360966e-06, 1.62468234066e-06, 1.50954974742e-06, 1.50232517626e-06, 1.19421702038e-06, 9.22728645492e-07, 8.92047921752e-07, 8.11014274404e-07, 6.89249645802e-07, 5.6341087884e-07],
        "dmean2": [0.000464172364445, 0.00109260156751, 0.00175337353721, 0.000637478486169, 0.000375026516849, 0.000431498308899, 0.00020447364659, 0.000133109337185, 0.000115716487926, 0.000160031500855, 9.72433554125e-05, 3.60926205758e-05, 3.62628452422e-05, 2.02952596737e-05, 2.17980141315e-05, 2.11359147215e-05, 2.09410991374e-05, 1.8331418687e-05, 1.51086114784e-05, 1.75872464752e-05, 1.50460100485e-05, 9.14479733183e-06, 9.68280528468e-06, 6.11894802205e-06, 6.31056127531e-06, 8.48896524985e-06, 5.98838778387e-06, 5.41911231267e-06, 4.7099870244e-06, 4.35487208961e-06, 2.95665654448e-06, 2.35675315707e-06, 2.17285560211e-06, 2.29277816288e-06, 1.78147911356e-06, 1.4137352764e-06, 1.40114957503e-06, 1.16333751521e-06, 1.03038166799e-06, 8.66900791152e-07],
        "dvar": [7.15260853212e-07, 3.37105825565e-06, 9.3011494755e-06, 7.6072575439e-07, 2.16392905372e-07, 2.89937815978e-07, 1.3295716883e-07, 3.36980683358e-08, 2.00544238993e-08, 5.29340873356e-08, 2.46530156289e-08, 3.31296656775e-09, 2.53664911298e-09, 1.0152575447e-09, 1.17571219427e-09, 1.18608800559e-09, 1.36915845328e-09, 2.01822425439e-09, 6.77408018568e-10, 9.59916812704e-10, 8.4499784947e-10, 2.10353276464e-10, 1.72072855964e-10, 5.61959333234e-11, 6.93296947629e-11, 1.2451466247e-10, 6.55006535122e-11, 1.28474758609e-10, 3.01699845662e-11, 4.90977536405e-11, 2.11153577262e-11, 2.00169967407e-11, 1.92976537527e-11, 3.64952235099e-11, 1.16190173802e-11, 5.14031829255e-12, 5.61971649771e-12, 5.30606635019e-12, 3.86735522079e-12, 3.25713696465e-12],
        "dvar2": [1.64532309554e-06, 9.22085200727e-06, 2.21778227569e-05, 1.9867991341e-06, 5.75675016989e-07, 8.34719969589e-07, 3.70740849576e-07, 7.61839800134e-08, 4.51477930596e-08, 1.15800304457e-07, 5.94269593535e-08, 5.87022341847e-09, 5.65608804237e-09, 2.46061704345e-09, 2.69154765142e-09, 3.08229464174e-09, 2.84062262601e-09, 3.16269987977e-09, 1.3259223719e-09, 2.10746997631e-09, 1.84075688026e-09, 4.12659212357e-10, 3.52283563432e-10, 1.31837665784e-10, 1.32773597672e-10, 2.6199425962e-10, 1.5001143383e-10, 2.30519131561e-10, 6.98841470803e-11, 1.16440246334e-10, 4.8312506773e-11, 4.31924288002e-11, 3.97919509842e-11, 9.27170284992e-11, 2.78149222405e-11, 1.20559222327e-11, 1.1429504912e-11, 1.01654171192e-11, 6.91087118088e-12, 6.852042371e-12],
        "max": [0.00873145088553, 0.0216020308435, 0.0286934692413, 0.00993590895087, 0.00692505855113, 0.0082755452022, 0.00828751176596, 0.00295967934653, 0.00218113255687, 0.00382922496647, 0.00259037106298, 0.00196954282001, 0.00101775990333, 0.000588807684835, 0.00065508269472, 0.000435784517322, 0.00127756025176, 0.00217829365283, 0.000481062364997, 0.000752986525185, 0.000661236932501, 0.000413432833739, 0.000314894365147, 0.000112421468657, 0.000184140211786, 0.00020432639576, 0.000189904341823, 0.000458764261566, 0.000103984057205, 0.000218234039494, 8.74003962963e-05, 0.000100349127024, 0.000116768394946, 0.000181231473107, 8.20426648716e-05, 5.66583184991e-05, 5.54317812202e-05, 5.10037498316e-05, 5.80505693506e-05, 4.93147344969e-05],
        "mean": [0.000541106623132, 0.00100326619577, 0.00124214915559, 0.000526552146766, 0.000385735242162, 0.000396248418838, 0.00021576686413, 0.000138772811624, 0.000163481163327, 0.000207864271943, 9.98466857709e-05, 5.23544949829e-05, 5.17180669704e-05, 2.25083767873e-05, 2.47251009569e-05, 1.81976265594e-05, 2.77228773484e-05, 2.86008871626e-05, 1.99200894713e-05, 2.05814812944e-05, 2.06835411518e-05, 1.31510878418e-05, 1.24133639474e-05, 8.45064641908e-06, 1.03310649138e-05, 1.47173950609e-05, 9.68384301814e-06, 7.8462444435e-06, 7.54912935008e-06, 6.3570655584e-06, 3.53394352715e-06, 2.8300246413e-06, 2.35553989114e-06, 2.30067098528e-06, 2.10558641811e-06, 1.50667381149e-06, 1.50272171595e-06, 1.42091312227e-06, 1.13984458494e-06, 9.63535740084e-07],
        "median": [0.00026233290555, 0.000798185588792, 0.000569431460463, 0.000321339146467, 0.000258457148448, 0.00019785593031, 6.73756876495e-05, 4.6954213758e-05, 4.90684615215e-05, 4.35776310042e-05, 1.79632443178e-05, 1.09993743536e-05, 1.26286067825e-05, 7.84546682553e-06, 6.52864764561e-06, 4.22303583036e-06, 3.82163489121e-06, 4.4791813707e-06, 4.16266993852e-06, 3.21821107718e-06, 3.08149174089e-06, 2.01304146685e-06, 2.96529128718e-06, 1.74834644895e-06, 1.99052919925e-06, 2.34789376918e-06, 2.09494442061e-06, 1.79086919161e-06, 1.87501723303e-06, 1.25501117054e-06, 5.83222742989e-07, 3.37941628459e-07, 3.75118247575e-07, 4.0400590251e-07, 4.72470617296e-07, 4.29533372426e-07, 4.17038506839e-07, 2.79994708308e-07, 2.12362763818e-07, 2.03826914458e-07],
        "min": [7.64738012056e-24, 5.9389152647e-24, 3.15055366935e-24, 2.46142667344e-24, 1.70889896602e-23, 9.97870706465e-24, 2.11456248237e-23, 5.79253817943e-24, 1.2101506517e-23, 1.97150618597e-23, 1.62378229429e-23, 8.60973283808e-24, 8.24933778923e-24, 1.05064976087e-23, 9.59024513364e-24, 6.7168571517e-24, 1.64188617875e-23, 9.80500304876e-24, 6.67158126891e-24, 9.12966553869e-24, 1.04526483856e-23, 7.59557878036e-24, 5.36445689276e-24, 7.76141864188e-24, 6.23393583262e-24, 7.04622077913e-24, 1.43013271928e-23, 1.18288351674e-23, 8.89105483638e-24, 6.36871074612e-24, 1.11960551255e-23, 1.4507095249e-23, 1.83219129907e-23, 9.03629517308e-24, 1.08161373469e-23, 1.21223214009e-23, 1.54365422116e-23, 1.3621609927e-23, 1.23555244617e-23, 1.06577167222e-23],
        "var": [1.08922529307e-06, 2.5290260055e-06, 8.28332031233e-06, 6.66784387704e-07, 2.36101456608e-07, 3.58752515695e-07, 2.04238759238e-07, 6.24359373091e-08, 6.91329589131e-08, 1.57730895012e-07, 5.47969598585e-08, 1.96135268027e-08, 9.9052002156e-09, 2.00062966194e-09, 3.2968225927e-09, 1.63220614802e-09, 7.48163309083e-09, 1.4111920521e-08, 2.32744978845e-09, 2.36851982471e-09, 3.0597857581e-09, 1.06337827432e-09, 8.29566637606e-10, 1.97152905113e-10, 3.82049475389e-10, 6.68423649763e-10, 2.66840632923e-10, 3.77293057907e-10, 1.44117912049e-10, 1.62846638951e-10, 6.16128398301e-11, 6.88006318583e-11, 5.17381693044e-11, 5.84771675527e-11, 3.22126596231e-11, 1.15707929349e-11, 1.40244777597e-11, 1.44104242428e-11, 9.48228041225e-12, 6.7105696e-12]
    },
    "mfcc": {
        "mean": [-678.43939209, 121.344779968, 13.6917495728, 30.7110652924, 3.12104725838, -1.21802198887, 0.373253285885, -2.40617799759, -2.61663460732, 3.12512016296, -6.84298229218, -0.492717534304, -2.2322576046],
        "cov": [[9205.29003906, -1625.09399414, -416.606719971, -443.286956787, -505.719390869, -524.510314941, 138.508972168, -127.926513672, 171.551864624, 246.036361694, -192.317504883, -222.453353882, -282.561309814], [-1625.09399414, 1339.77929688, -146.363525391, 153.427825928, 39.5173988342, 79.8787612915, 58.2668495178, 66.9708328247, 11.3724136353, 30.9360961914, -2.22400212288, 50.6327400208, 26.9901542664], [-416.606719971, -146.363525391, 647.779907227, -59.9085121155, 79.7504425049, 107.481391907, -30.4909801483, 16.5265464783, -35.1608886719, -61.6898918152, 49.8736152649, 21.9661884308, 58.5623626709], [-443.286956787, 153.427825928, -59.9085121155, 335.857574463, 185.477386475, 65.2158050537, 7.99205350876, 63.5576019287, 24.7157974243, -30.204120636, 8.60559558868, 8.72415161133, 5.6760187149], [-505.719390869, 39.5173988342, 79.7504425049, 185.477386475, 263.001281738, 91.4917678833, 1.29030203819, 54.5128936768, 29.4797992706, -32.0263900757, 13.443860054, -11.0732650757, 11.4804782867], [-524.510314941, 79.8787612915, 107.481391907, 65.2158050537, 91.4917678833, 280.797088623, 35.5265464783, 13.0398769379, -43.5130767822, -40.3730773926, 65.0457077026, -36.1470527649, -11.6485624313], [138.508972168, 58.2668495178, -30.4909801483, 7.99205350876, 1.29030203819, 35.5265464783, 148.255111694, 5.82652139664, 13.632516861, 47.2595176697, 9.69639968872, 20.5171909332, -23.9383640289], [-127.926513672, 66.9708328247, 16.5265464783, 63.5576019287, 54.5128936768, 13.0398769379, 5.82652139664, 115.764404297, 46.7923316956, -17.3992424011, 4.51095962524, -1.40886271, 14.212723732], [171.551864624, 11.3724136353, -35.1608886719, 24.7157974243, 29.4797992706, -43.5130767822, 13.632516861, 46.7923316956, 134.463851929, 48.8861808777, -24.0129566193, -2.36579179764, -0.461146354675], [246.036361694, 30.9360961914, -61.6898918152, -30.204120636, -32.0263900757, -40.3730773926, 47.2595176697, -17.3992424011, 48.8861808777, 126.509475708, 2.72679066658, 7.67871522903, -13.6629590988], [-192.317504883, -2.22400212288, 49.8736152649, 8.60559558868, 13.443860054, 65.0457077026, 9.69639968872, 4.51095962524, -24.0129566193, 2.72679066658, 81.1639785767, 11.8100662231, 5.54357004166], [-222.453353882, 50.6327400208, 21.9661884308, 8.72415161133, -11.0732650757, -36.1470527649, 20.5171909332, -1.40886271, -2.36579179764, 7.67871522903, 11.8100662231, 104.239524841, 35.6469192505], [-282.561309814, 26.9901542664, 58.5623626709, 5.6760187149, 11.4804782867, -11.6485624313, -23.9383640289, 14.212723732, -0.461146354675, -13.6629590988, 5.54357004166, 35.6469192505, 77.4256362915]],
