{
"lowlevel": {
    "average_loudness": 0.973333179951,
    "barkbands_crest": {
        "dmean": 2.37961602211,
        "dmean2": 3.89393568039,
        "dvar": 6.70063734055,
        "dvar2": 17.1682853699,
        "max": 25.399438858,
        "mean": 9.08692646027,
        "median": 8.23599624634,
        "min": 2.74120378494,
        "var": 13.6166534424
    },
    "barkbands_flatness_db": {
        "dmean": 0.0186299234629,
        "dmean2": 0.0291021130979,
        "dvar": 0.00039409645251,
        "dvar2": 0.000992392422631,
        "max": 0.322828769684,
        "mean": 0.149237424135,
        "median": 0.143795907497,
        "min": 0.0286006126553,
        "var": 0.00132544070948
    },
    "barkbands_kurtosis": {
        "dmean": 2.18637084961,
        "dmean2": 3.5327231884,
        "dvar": 27.2115592957,
        "dvar2": 75.634262085,
        "max": 89.9843139648,
        "mean": 2.42630267143,
        "median": 1.06163692474,
        "min": -1.88633465767,
        "var": 28.2484970093
    },
    "barkbands_skewness": {
        "dmean": 0.465664893389,
        "dmean2": 0.702342808247,
        "dvar": 0.380839973688,
        "dvar2": 0.963113307953,
        "max": 8.34639167786,
        "mean": 1.38922655582,
        "median": 1.33521044254,
        "min": -1.6462854147,
        "var": 0.894807398319
    },
    "barkbands_spread": {
        "dmean": 6.37937498093,
        "dmean2": 9.32087898254,
        "dvar": 57.487739563,
        "dvar2": 104.245506287,
        "max": 100.650184631,
        "mean": 29.0544223785,
        "median": 25.3027133942,
        "min": 2.24348044395,
        "var": 283.440063477
    },
    "dissonance": {
        "dmean": 0.0145215205848,
        "dmean2": 0.0243848711252,
        "dvar": 0.000193978834432,
        "dvar2": 0.000536796287633,
        "max": 0.500000059605,
        "mean": 0.46888551116,
        "median": 0.472566723824,
        "min": 0.371358752251,
        "var": 0.000391677924199
    },
    "dynamic_complexity": 1.77852904797,
    "erbbands_crest": {
        "dmean": 2.30348515511,
        "dmean2": 3.71161842346,
        "dvar": 4.6929564476,
        "dvar2": 11.3453378677,
        "max": 30.0555553436,
        "mean": 7.61786317825,
        "median": 6.69601869583,
        "min": 2.37861204147,
        "var": 13.1314554214
    },
    "erbbands_flatness_db": {
        "dmean": 0.0135457292199,
        "dmean2": 0.0186661053449,
        "dvar": 0.000153962668264,
        "dvar2": 0.000269300042419,
        "max": 0.300453782082,
        "mean": 0.166682779789,
        "median": 0.164083153009,
        "min": 0.0992428511381,
        "var": 0.000834789127111
    },
    "erbbands_kurtosis": {
        "dmean": 0.618706583977,
        "dmean2": 0.946924805641,
        "dvar": 0.741044998169,
        "dvar2": 1.61599457264,
        "max": 12.1907501221,
        "mean": -0.179363369942,
        "median": -0.611906766891,
        "min": -1.66363835335,
        "var": 1.85109496117
    },
    "erbbands_skewness": {
        "dmean": 0.305332094431,
        "dmean2": 0.446040719748,
        "dvar": 0.0769269987941,
        "dvar2": 0.153191655874,
        "max": 3.0293431282,
        "mean": 0.0647355765104,
        "median": 0.083833694458,
        "min": -3.04512739182,
        "var": 0.441527187824
    },
    "erbbands_spread": {
        "dmean": 7.93046569824,
        "dmean2": 11.7127313614,
        "dvar": 57.0701713562,
        "dvar2": 125.440185547,
        "max": 111.435844421,
        "mean": 45.6236381531,
        "median": 44.8706207275,
        "min": 4.97196531296,
        "var": 219.754684448
    },
    "hfc": {
        "dmean": 8.2551984787,
        "dmean2": 11.281121254,
        "dvar": 181.195983887,
        "dvar2": 300.131469727,
        "max": 190.984039307,
        "mean": 27.8020095825,
        "median": 20.1906204224,
        "min": 1.1486644238e-16,
        "var": 651.202453613
    },
    "melbands_crest": {
        "dmean": 2.7914018631,
        "dmean2": 4.56687307358,
        "dvar": 7.83180379868,
        "dvar2": 19.8084640503,
        "max": 30.4467697144,
        "mean": 12.4485149384,
        "median": 11.7142753601,
        "min": 1.96225726604,
        "var": 16.0936660767
    },
    "melbands_flatness_db": {
        "dmean": 0.0225702226162,
        "dmean2": 0.0324449166656,
        "dvar": 0.000648464192636,
        "dvar2": 0.00148112233728,
        "max": 0.384714484215,
        "mean": 0.173006221652,
        "median": 0.169599205256,
        "min": 0.00581528060138,
        "var": 0.00273005571216
    },
    "melbands_kurtosis": {
        "dmean": 6.20161390305,
        "dmean2": 10.060965538,
        "dvar": 218.961013794,
        "dvar2": 606.607666016,
        "max": 204.918136597,
        "mean": 11.412402153,
        "median": 8.12631320953,
        "min": -1.48229396343,
        "var": 205.758407593
    },
    "melbands_skewness": {
        "dmean": 0.641169846058,
        "dmean2": 0.988387644291,
        "dvar": 0.82548815012,
        "dvar2": 2.09406876564,
        "max": 11.2783603668,
        "mean": 2.69031310081,
        "median": 2.57062768936,
        "min": -0.765769839287,
        "var": 1.54837787151
    },
    "melbands_spread": {
        "dmean": 8.20628929138,
        "dmean2": 11.8995771408,
        "dvar": 138.461547852,
        "dvar2": 252.050857544,
        "max": 187.411361694,
        "mean": 28.9086322784,
        "median": 23.2337913513,
        "min": 1.44097864628,
        "var": 514.453186035
    },
    "pitch_salience": {
        "dmean": 0.0628216788173,
        "dmean2": 0.101650692523,
        "dvar": 0.00412643654272,
        "dvar2": 0.0108541101217,
        "max": 0.844485878944,
        "mean": 0.555772721767,
        "median": 0.560880422592,
        "min": 0.109147921205,
        "var": 0.00805148016661
    },
    "silence_rate_20dB": {
        "dmean": 0,
        "dmean2": 0,
        "dvar": 0,
        "dvar2": 0,
        "max": 1,
        "mean": 1,
        "median": 1,
        "min": 1,
        "var": 0
    },
    "silence_rate_30dB": {
        "dmean": 0.0255121756345,
        "dmean2": 0.0510440841317,
        "dvar": 0.0248618759215,
        "dvar2": 0.0662290304899,
        "max": 1,
        "mean": 0.983384847641,
        "median": 1,
        "min": 0,
        "var": 0.0163388960063
    },
    "silence_rate_60dB": {
        "dmean": 0.000386548112147,
        "dmean2": 0.00077339517884,
        "dvar": 0.00038642808795,
        "dvar2": 0.000772794999648,
        "max": 1,
        "mean": 0.00115919625387,
        "median": 0,
        "min": 0,
        "var": 0.00115793920122
    },
    "spectral_centroid": {
        "dmean": 267.36630249,
        "dmean2": 387.162536621,
        "dvar": 95948.5546875,
        "dvar2": 144913.84375,
        "max": 10741.0175781,
        "mean": 1557.68237305,
        "median": 1427.42980957,
        "min": 356.703338623,
        "var": 483042.96875
    },
    "spectral_complexity": {
        "dmean": 3.93776583672,
        "dmean2": 5.83797359467,
        "dvar": 16.5995445251,
        "dvar2": 32.2743225098,
        "max": 62,
        "mean": 23.9091968536,
        "median": 23,
        "min": 0,
        "var": 87.7760314941
    },
    "spectral_decrease": {
        "dmean": 2.59200327868e-09,
        "dmean2": 4.25560431339e-09,
        "dvar": 3.66116194078e-17,
        "dvar2": 9.65531533086e-17,
        "max": -5.09064390869e-29,
        "mean": -7.66981678169e-09,
        "median": -6.50411102754e-09,
        "min": -6.01065224259e-08,
        "var": 3.4283708171e-17
    },
    "spectral_energy": {
        "dmean": 0.0102504510432,
        "dmean2": 0.0166597142816,
        "dvar": 0.000527603202499,
        "dvar2": 0.00138715934008,
        "max": 0.228807345033,
        "mean": 0.0314693488181,
        "median": 0.0270535554737,
        "min": 1.06108499468e-20,
        "var": 0.00051608204376
    },
    "spectral_energyband_high": {
        "dmean": 0.000804574345239,
        "dmean2": 0.0010683350265,
        "dvar": 3.10302743856e-06,
        "dvar2": 4.94358937431e-06,
        "max": 0.0276149716228,
        "mean": 0.00181932025589,
        "median": 0.000689825392328,
        "min": 7.45302656607e-21,
        "var": 9.83260633802e-06
    },
    "spectral_energyband_low": {
        "dmean": 0.00720170885324,
        "dmean2": 0.012264139019,
        "dvar": 0.000549102202058,
        "dvar2": 0.00146374059841,
        "max": 0.215051949024,
        "mean": 0.0117156971246,
        "median": 0.00779452268034,
        "min": 4.43386055983e-23,
        "var": 0.000406798702898
    },
    "spectral_energyband_middle_high": {
        "dmean": 0.00191492517479,
        "dmean2": 0.00275899609551,
        "dvar": 8.50511605677e-06,
        "dvar2": 1.69448994711e-05,
        "max": 0.0590114295483,
        "mean": 0.00590053992346,
        "median": 0.00421657133847,
        "min": 1.72656767062e-21,
        "var": 3.27356210619e-05
    },
    "spectral_energyband_middle_low": {
        "dmean": 0.00414706440642,
        "dmean2": 0.00660176947713,
        "dvar": 2.22125963774e-05,
        "dvar2": 5.46339651919e-05,
        "max": 0.0646746084094,
        "mean": 0.0127530340105,
        "median": 0.0103827621788,
        "min": 3.11295544631e-22,
        "var": 6.62005477352e-05
    },
    "spectral_entropy": {
        "dmean": 0.12281549722,
        "dmean2": 0.163561537862,
        "dvar": 0.0150389363989,
        "dvar2": 0.0217396933585,
        "max": 9.80524539948,
        "mean": 7.65711116791,
        "median": 7.66663265228,
        "min": 6.4763379097,
        "var": 0.112501576543
    },
    "spectral_flux": {
        "dmean": 0.0236339606345,
        "dmean2": 0.0366940759122,
        "dvar": 0.0013978764182,
        "dvar2": 0.00286945234984,
        "max": 0.410952985287,
        "mean": 0.088409692049,
        "median": 0.0773685723543,
        "min": 1.03008983288e-10,
        "var": 0.0026716098655
    },
    "spectral_kurtosis": {
        "dmean": 1.14817106724,
        "dmean2": 1.92902004719,
        "dvar": 1.39527571201,
        "dvar2": 3.9307551384,
        "max": 14.1435260773,
        "mean": 1.99487197399,
        "median": 1.62835073471,
        "min": -1.26289510727,
        "var": 2.92129302025
    },
    "spectral_rms": {
        "dmean": 0.000763598363847,
        "dmean2": 0.00119005260058,
        "dvar": 1.52451423219e-06,
        "dvar2": 3.70077941625e-06,
        "max": 0.0149407722056,
        "mean": 0.00531925726682,
        "median": 0.00513748079538,
        "min": 3.21745993563e-12,
        "var": 2.40725466938e-06
    },
    "spectral_rolloff": {
        "dmean": 597.769592285,
        "dmean2": 920.357116699,
        "dvar": 951186.5625,
        "dvar2": 1535949.375,
        "max": 19164.5507812,
        "mean": 1817.53710938,
        "median": 1291.9921875,
        "min": 64.599609375,
        "var": 3488399.25
    },
    "spectral_skewness": {
        "dmean": 0.173088312149,
        "dmean2": 0.267795324326,
        "dvar": 0.0248511210084,
        "dvar2": 0.0567382834852,
        "max": 2.65984463692,
        "mean": 1.04909825325,
        "median": 1.04039800167,
        "min": -0.155061528087,
        "var": 0.12646497786
    },
    "spectral_spread": {
        "dmean": 423585.84375,
        "dmean2": 553971.0625,
        "dvar": 695858561024,
        "dvar2": 707198976000,
        "max": 41267388,
        "mean": 4344640,
        "median": 4181699.5,
        "min": 2161620.25,
        "var": 1.6960290816e+12
    },
    "spectral_strongpeak": {
        "dmean": 0.424503862858,
        "dmean2": 0.719077527523,
        "dvar": 0.583668351173,
        "dvar2": 1.41135728359,
        "max": 10.895778656,
        "mean": 0.74840259552,
        "median": 0.331230610609,
        "min": 0,
        "var": 0.999900221825
    },
    "zerocrossingrate": {
        "dmean": 0.0116122979671,
        "dmean2": 0.01247099787,
        "dvar": 0.000253810459981,
        "dvar2": 0.000230865989579,
        "max": 0.50146484375,
        "mean": 0.0696304515004,
        "median": 0.05908203125,
        "min": 0.0078125,
        "var": 0.00179902277887
    },
    "barkbands": {
        "dmean": [0.000290396739729, 0.00617501465604, 0.00126693490893, 0.000817540450953, 0.00235529290512, 0.00131053396035, 0.000882333726622, 0.000587101094425, 0.000689556880388, 0.000445871817647, 0.000487926619826, 0.000296404847177, 0.000367372093024, 0.000334625277901, 0.000477657711599, 0.000335814082064, 0.000259301828919, 0.000220460555283, 0.000183612777619, 0.000264385569608, 0.000215135878534, 0.000177469613845, 0.000179871625733, 0.000220028116019, 6.36237746221e-05, 5.49316467868e-08, 2.47469755799e-09],
        "dmean2": [0.000470232102089, 0.0107099097222, 0.00222339271568, 0.00138678017538, 0.00383386365138, 0.00203662691638, 0.00144006474875, 0.000914680364076, 0.00106451730244, 0.000680818338878, 0.000733935798053, 0.000446339778136, 0.000563215231523, 0.000505933654495, 0.000752965395804, 0.000539647764526, 0.000414170499425, 0.00035396774183, 0.000286757916911, 0.000404430786148, 0.000323320156895, 0.000256466213614, 0.000252774334513, 0.000302500324324, 8.84088440216e-05, 8.09891034237e-08, 4.55336524041e-09],
        "dvar": [7.71361726493e-07, 0.000478232570458, 8.90929823072e-06, 1.5692830857e-06, 9.08088350116e-06, 5.37439655091e-06, 2.36694836531e-06, 1.94295580513e-06, 3.34877495334e-06, 1.79413393653e-06, 1.35289064929e-06, 4.66836951318e-07, 1.57963268066e-06, 4.7093439548e-07, 1.07823314011e-06, 4.11633294561e-07, 1.6441302364e-07, 2.8324205914e-07, 1.22013531723e-07, 2.30818685054e-07, 2.79934823766e-07, 1.97787016987e-07, 2.04494881473e-07, 3.58922420673e-07, 4.64940690392e-08, 3.95856511091e-14, 4.25869160578e-16],
        "dvar2": [1.85623935067e-06, 0.00130642589647, 2.41196557909e-05, 4.27611348641e-06, 2.29721244978e-05, 1.2036895896e-05, 5.99933036938e-06, 4.35005131294e-06, 7.79831043474e-06, 3.70570842279e-06, 2.77760409517e-06, 1.0753025208e-06, 4.05671380577e-06, 1.02540639091e-06, 2.1949326765e-06, 9.93748699329e-07, 3.88959932707e-07, 7.43628390865e-07, 2.56957122247e-07, 5.13080465225e-07, 5.80849359721e-07, 3.88881318258e-07, 3.81812895967e-07, 6.32515877896e-07, 8.95286973446e-08, 8.51710127664e-14, 1.18028704892e-15],
        "max": [0.0146734658629, 0.205843389034, 0.0571823120117, 0.018040953204, 0.0406426042318, 0.0377867072821, 0.0234284959733, 0.0273245833814, 0.0410135574639, 0.0284463688731, 0.0255573932081, 0.0170474033803, 0.0453923530877, 0.00997573230416, 0.0255218856037, 0.0133569361642, 0.00617662863806, 0.0166614931077, 0.00806081481278, 0.00762165570632, 0.010066726245, 0.00741003546864, 0.00808387435973, 0.00968023575842, 0.00522162299603, 3.56469013241e-06, 6.36237700746e-07],
        "mean": [0.000329944334226, 0.00843634176999, 0.00235255784355, 0.00130163296126, 0.00477797165513, 0.00265201041475, 0.00159868190531, 0.00103984912857, 0.00117292290088, 0.000699308060575, 0.000910964387003, 0.000463015458081, 0.000535731145646, 0.000491245416924, 0.000754627399147, 0.000574980047531, 0.000502520008013, 0.000405216560466, 0.000386015221011, 0.00051951414207, 0.00038447859697, 0.000330393377226, 0.000339301128406, 0.000410714477766, 9.9392804259e-05, 7.44819175225e-08, 1.72019309908e-09],
        "median": [5.9473910369e-05, 0.00519006699324, 0.00153249572031, 0.000864510599058, 0.003128512064, 0.0011807626579, 0.00107640516944, 0.000428938219557, 0.000443707802333, 0.000217441964196, 0.00040633714525, 0.00020132312784, 0.000171655527083, 0.00017938867677, 0.000407171493862, 0.000294887577184, 0.000323508633301, 0.000248488096986, 0.000221102527576, 0.000263151741819, 0.000158686641953, 0.000100247576484, 0.000107083586045, 0.000112227717182, 1.64782941283e-05, 1.06765032371e-08, 3.57615548285e-10],
        "min": [1.0618341519e-23, 1.96117573687e-23, 1.44174680284e-23, 5.73841522158e-24, 1.98124625157e-23, 4.23683876222e-23, 1.19837753378e-22, 2.58171171095e-23, 6.68002113396e-23, 1.29370638858e-22, 2.18441895543e-23, 1.24132450986e-22, 8.63781991507e-23, 2.13281104392e-22, 1.73868692178e-22, 1.66082521447e-22, 1.40550438715e-22, 1.8855776186e-22, 2.54288088486e-22, 4.17118521385e-22, 5.44194925538e-22, 4.80025167732e-22, 6.62889789859e-22, 9.00990730249e-22, 1.18709182462e-21, 1.56065868595e-21, 2.12934848728e-21],
        "var": [7.4552372098e-07, 0.000325217901263, 8.8973374659e-06, 2.11385304283e-06, 2.30810219364e-05, 1.66479039763e-05, 3.68268047168e-06, 4.69621227239e-06, 7.10528456693e-06, 3.64594689017e-06, 3.23697076965e-06, 8.82570304839e-07, 2.97491897072e-06, 8.60846114392e-07, 1.84908515166e-06, 9.19525234622e-07, 3.67575268001e-07, 3.92318611375e-07, 3.48352813262e-07, 5.07654874582e-07, 5.53238862722e-07, 4.55133516652e-07, 5.15448391525e-07, 9.64837454376e-07, 9.94713786895e-08, 6.62664638874e-14, 2.58840774945e-16]
    },
    "erbbands": {
        "dmean": [0.193629160523, 1.34786534309, 1.70353376865, 1.90609800816, 3.97810411453, 11.42445755, 12.2031269073, 9.56308555603, 9.42465114594, 13.8811683655, 12.9205055237, 17.4062404633, 11.8890695572, 19.5642147064, 15.3191509247, 12.6622543335, 15.9791822433, 17.1554775238, 22.4005432129, 17.013917923, 14.5845880508, 12.9906711578, 12.7971954346, 9.66434383392, 10.4410991669, 12.2962236404, 9.60782241821, 7.91715574265, 6.23898696899, 5.96673154831, 5.1227273941, 4.51508998871, 3.8089659214, 1.35353553295, 0.0790508463979, 0.0035860480275, 0.000208004013984, 3.0236218663e-05, 1.08078284029e-05, 1.32387785925e-05],
        "dmean2": [0.334308236837, 2.38779830933, 3.0142929554, 3.22430729866, 6.60028982162, 18.6642818451, 19.0418319702, 14.5839948654, 15.5235404968, 21.9633903503, 20.0218200684, 26.7255802155, 18.1554870605, 29.0670013428, 23.1682739258, 19.1046638489, 24.1110401154, 25.7746524811, 35.2760009766, 26.334394455, 22.8333244324, 20.5071201324, 20.5465087891, 15.1195030212, 15.729929924, 19.0339565277, 14.8473424911, 11.7378225327, 9.11473369598, 8.47355747223, 7.12755966187, 6.21825695038, 5.35019302368, 1.82097613811, 0.111250191927, 0.00499467318878, 0.000276208418654, 3.96944633394e-05, 1.51178146552e-05, 2.05977303267e-05],
        "dvar": [0.458739340305, 23.0918483734, 20.8099994659, 9.16594409943, 36.5749588013, 248.019226074, 382.463195801, 352.138031006, 215.041915894, 786.169189453, 1075.71594238, 2298.5300293, 1446.29870605, 2970.4296875, 1392.44555664, 698.345581055, 3239.13964844, 1160.13439941, 3766.6706543, 903.745239258, 761.051574707, 474.010620117, 1141.15222168, 383.166412354, 353.948913574, 549.531494141, 459.863983154, 450.243621826, 229.836883545, 238.55696106, 166.290374756, 142.673614502, 116.322982788, 19.0431137085, 0.0867725983262, 0.000168836049852, 4.23618075729e-07, 7.25597981699e-09, 4.48480919069e-10, 6.49110099005e-10],
        "dvar2": [1.20644688606, 64.9196014404, 58.267375946, 25.1937503815, 96.7529754639, 636.266235352, 913.590270996, 762.156311035, 542.427246094, 1887.49267578, 2462.55371094, 5209.27978516, 3315.55444336, 6053.24462891, 2997.15991211, 1606.81616211, 8222.29589844, 2475.30541992, 7176.89941406, 1877.24975586, 1708.5949707, 1129.95910645, 3063.25219727, 839.48638916, 786.006225586, 1214.71911621, 967.441223145, 989.470825195, 443.566162109, 467.647613525, 313.687011719, 278.630706787, 210.371932983, 34.1196250916, 0.159659817815, 0.000305055727949, 7.21847754903e-07, 1.20033138984e-08, 7.91868237648e-10, 1.63647340123e-09],
        "max": [7.16505622864, 44.5565071106, 52.2298812866, 47.7480545044, 71.9712295532, 234.367736816, 276.970825195, 483.575866699, 265.129577637, 585.105285645, 670.986328125, 1264.11303711, 766.773925781, 1258.19335938, 1151.97912598, 683.225646973, 2109.84472656, 529.149047852, 2022.41223145, 907.719604492, 913.540405273, 378.383605957, 1143.58789062, 552.457580566, 348.988128662, 371.969329834, 362.300689697, 449.099273682, 277.04788208, 299.727935791, 267.739685059, 221.031448364, 209.780136108, 93.6158981323, 5.64385890961, 0.245985120535, 0.0124472314492, 0.00170236290433, 0.00039146564086, 0.000250667304499],
        "mean": [0.24728384614, 1.83800303936, 3.02960658073, 3.64351511002, 7.00052165985, 20.413520813, 23.6836299896, 20.1033535004, 18.2741947174, 27.064863205, 22.4311180115, 31.2520885468, 19.5216274261, 35.3577346802, 27.7577800751, 21.6211986542, 24.7815856934, 28.5993289948, 36.1780509949, 32.6619224548, 28.7110099792, 26.6771640778, 23.4806518555, 20.7668838501, 22.0865039825, 23.6494979858, 17.5511360168, 13.9189214706, 11.7299890518, 10.9224891663, 9.56581020355, 8.41751003265, 6.75246238708, 2.24185347557, 0.115609124303, 0.00542956450954, 0.000366905791452, 5.90329364059e-05, 3.01224554278e-05, 4.18198324041e-05],
        "median": [0.148019611835, 1.17285990715, 2.11258673668, 2.69562196732, 4.85512447357, 12.3446531296, 11.9876346588, 9.14777755737, 13.9984340668, 16.818447113, 9.53429317474, 11.9999580383, 6.68579769135, 13.2036848068, 12.1209373474, 10.3793468475, 9.01955604553, 11.3206567764, 18.6013526917, 19.1957321167, 17.271238327, 17.3029403687, 14.5860929489, 12.4044027328, 12.3131847382, 11.8230161667, 7.79502630234, 5.45952892303, 3.76516866684, 3.10200476646, 3.0917224884, 2.48241853714, 1.71804380417, 0.435350716114, 0.0133358417079, 0.000738903996535, 8.54192767292e-05, 1.74833658093e-05, 1.97041299543e-05, 3.55023221346e-05],
        "min": [9.76700475492e-22, 2.89491545331e-21, 1.68698493766e-20, 1.59137190614e-20, 1.58228277448e-20, 1.12466280742e-19, 1.29650402206e-19, 3.92686211426e-19, 1.14895697276e-18, 1.7003852442e-18, 9.3441392902e-19, 1.005018137e-18, 3.19925316115e-18, 3.11673238247e-18, 2.49976379937e-18, 4.32466650573e-18, 4.48235318667e-18, 7.7139480758e-18, 1.17278304177e-17, 1.09285812129e-17, 6.908580216e-18, 7.43408144171e-18, 1.15838538418e-17, 9.03581909061e-18, 1.62733409121e-17, 2.06392547791e-17, 1.76325095007e-17, 2.26429608466e-17, 1.84960926777e-17, 1.32545080434e-17, 2.0913734813e-17, 1.99807429108e-17, 1.49034140124e-17, 1.16664412085e-17, 9.47276235994e-18, 5.69977982784e-18, 3.16103369454e-18, 1.07172560051e-18, 2.58930227497e-19, 3.3376950974e-20],
        "var": [0.338282108307, 14.6921415329, 15.9876899719, 12.2915210724, 53.2003898621, 538.79296875, 1066.89135742, 1284.8145752, 340.731048584, 1808.95300293, 1984.27294922, 5567.796875, 2690.93554688, 6523.01220703, 2852.27099609, 1432.953125, 6013.20800781, 2654.37817383, 5817.66894531, 2408.7199707, 1841.60766602, 1045.30627441, 1302.21740723, 1023.40753174, 933.699462891, 1144.62243652, 936.280212402, 774.698852539, 537.050231934, 599.290649414, 408.426300049, 362.572692871, 285.044036865, 45.3743286133, 0.186271741986, 0.000373853661586, 1.07791208848e-06, 1.99276044555e-08, 1.22712084938e-09, 8.34061264499e-10]
    },
    "gfcc": {
        "mean": [11.8169603348, 122.82219696, -144.268585205, 70.7703857422, -74.3579788208, 21.0189495087, -36.6724624634, -0.941890001297, -3.60381340981, -15.7652187347, 8.67752838135, -18.1957530975, 10.2903308868],
        "cov": [[2497.84960938, -773.141540527, -28.6754512787, 152.848999023, -268.731262207, 358.583190918, -195.100448608, 169.63848877, -126.234970093, 47.6309318542, -53.2799110413, -1.5519733429, -31.6169700623], [-773.141540527, 1005.20446777, -212.15586853, -148.203933716, 277.869445801, -247.43359375, 194.539932251, -158.16456604, 153.943206787, -99.240737915, 77.470123291, -36.4781494141, 38.4810180664], [-28.6754512787, -212.15586853, 338.424530029, 113.610809326, -32.4598121643, 76.7161560059, -65.5126037598, 63.6614494324, -44.3849029541, 58.7093582153, -19.2754611969, 9.56182765961, 7.28447580338], [152.848999023, -148.203933716, 113.610809326, 223.458404541, 18.0386714935, 3.16572117805, -7.43812799454, 11.8386182785, 0.0580869615078, 23.6459922791, -8.35144710541, 12.562502861, -8.53606510162], [-268.731262207, 277.869445801, -32.4598121643, 18.0386714935, 217.949356079, -10.8743238449, 58.853679657, -39.8858108521, 50.7299919128, -7.69553422928, 25.7545204163, -27.9403076172, 13.1479845047], [358.583190918, -247.43359375, 76.7161560059, 3.16572117805, -10.8743238449, 243.116882324, -1.68552160263, 63.8764724731, -55.024269104, 42.7071075439, -16.0245113373, -14.4501581192, -21.3085613251], [-195.100448608, 194.539932251, -65.5126037598, -7.43812799454, 58.853679657, -1.68552160263, 187.117553711, -27.9112758636, 26.5550022125, -20.4581604004, 16.0878543854, 3.28341269493, -17.0352573395], [169.63848877, -158.16456604, 63.6614494324, 11.8386182785, -39.8858108521, 63.8764724731, -27.9112758636, 117.277786255, 6.02898788452, 20.5115890503, -17.3814907074, -1.65694475174, -1.35076522827], [-126.234970093, 153.943206787, -44.3849029541, 0.0580869615078, 50.7299919128, -55.024269104, 26.5550022125, 6.02898788452, 114.265136719, 3.11955428123, 5.3233962059, -10.9040117264, 2.54887032509], [47.6309318542, -99.240737915, 58.7093582153, 23.6459922791, -7.69553422928, 42.7071075439, -20.4581604004, 20.5115890503, 3.11955428123, 79.8230056763, 9.90512275696, -10.7347955704, -6.32651996613], [-53.2799110413, 77.470123291, -19.2754611969, -8.35144710541, 25.7545204163, -16.0245113373, 16.0878543854, -17.3814907074, 5.3233962059, 9.90512275696, 63.3217658997, 20.6591510773, 2.40922403336], [-1.5519733429, -36.4781494141, 9.56182765961, 12.562502861, -27.9403076172, -14.4501581192, 3.28341269493, -1.65694475174, -10.9040117264, -10.7347955704, 20.6591510773, 69.4021759033, 18.3405838013], [-31.6169700623, 38.4810180664, 7.28447580338, -8.53606510162, 13.1479845047, -21.3085613251, -17.0352573395, -1.35076522827, 2.54887032509, -6.32651996613, 2.40922403336, 18.3405838013, 52.5437965393]],
        "icov": [[0.00105818500742, -0.000808853423223, 0.0015923413448, -0.00210324372165, 0.00194667000324, -0.00237721973099, 0.00150152144488, -0.000973378133494, 0.000598984479439, -0.000125655453303, -1.65711280715e-05, 0.000143960118294, -0.000416389753809], [-0.000808853423223, 0.00733162183315, -0.00308396341279, 0.00589346047491, -0.00612042704597, 0.00581800471991, -0.00533338775858, 0.00423171790317, -0.00484253512695, 0.00519004324451, -0.0051288488321, 0.00457733357325, -0.00270329229534], [0.0015923413448, -0.00308396341279, 0.00788111705333, -0.00639549596235, 0.00388165097684, -0.00494773685932, 0.00418312149122, -0.00418099621311, 0.00395508436486, -0.00431638723239, 0.00261687766761, -0.00188815267757, -0.000816436542664], [-0.00210324372165, 0.00589346047491, -0.00639549596235, 0.0130404364318, -0.00842733215541, 0.00823106803, -0.00564340827987, 0.00414102291688, -0.00401437934488, 0.00210687355138, -0.00113043375313, -0.000160227311426, 0.00170318910386], [0.00194667000324, -0.00612042704597, 0.00388165097684, -0.00842733215541, 0.0148172136396, -0.00901324022561, 0.00397630175576, -0.00140993879177, 0.000577340077143, -0.00127054913901, -0.00115318666212, 0.00284208497033, -0.00348364165984], [-0.00237721973099, 0.00581800471991, -0.00494773685932, 0.00823106803, -0.00901324022561, 0.0148294074461, -0.00681317551062, 0.000301507941913, 0.000510660931468, -0.00028629519511, -0.000974673894234, 0.00185163202696, 0.00173906458076], [0.00150152144488, -0.00533338775858, 0.00418312149122, -0.00564340827987, 0.00397630175576, -0.00681317551062, 0.0117207635194, -0.00259066093713, 0.00221249880269, -0.00194473750889, 0.00277468934655, -0.00471803313121, 0.00446626963094], [-0.000973378133494, 0.00423171790317, -0.00418099621311, 0.00414102291688, -0.00140993879177, 0.000301507941913, -0.00259066093713, 0.0158018954098, -0.00758497510105, 0.00331552000716, -0.00167614966631, 0.00248173065484, -0.00241334643215], [0.000598984479439, -0.00484253512695, 0.00395508436486, -0.00401437934488, 0.000577340077143, 0.000510660931468, 0.00221249880269, -0.00758497510105, 0.0169991608709, -0.00726459361613, 0.00489397905767, -0.00282920361497, 0.0023552144412], [-0.000125655453303, 0.00519004324451, -0.00431638723239, 0.00210687355138, -0.00127054913901, -0.00028629519511, -0.00194473750889, 0.00331552000716, -0.00726459361613, 0.0230005290359, -0.011498933658, 0.0091213285923, -0.00281416904181], [-1.65711280715e-05, -0.0051288488321, 0.00261687766761, -0.00113043375313, -0.00115318666212, -0.000974673894234, 0.00277468934655, -0.00167614966631, 0.00489397905767, -0.011498933658, 0.0276609901339, -0.0145568372682, 0.006140420679], [0.000143960118294, 0.00457733357325, -0.00188815267757, -0.000160227311426, 0.00284208497033, 0.00185163202696, -0.00471803313121, 0.00248173065484, -0.00282920361497, 0.0091213285923, -0.0145568372682, 0.0274229310453, -0.0121251130477], [-0.000416389753809, -0.00270329229534, -0.000816436542664, 0.00170318910386, -0.00348364165984, 0.00173906458076, 0.00446626963094, -0.00241334643215, 0.0023552144412, -0.00281416904181, 0.006140420679, -0.0121251130477, 0.0276114661247]]
    },
    "melbands": {
        "dmean": [0.0017305581132, 0.00119014352094, 0.000364184903447, 0.000521852751262, 0.000433958222857, 0.000217126769712, 0.00015977093426, 0.000142576056533, 0.000108520442154, 0.00011025868298, 5.83936125622e-05, 7.82793867984e-05, 5.38654749107e-05, 3.90800960304e-05, 2.67319064733e-05, 4.05840328312e-05, 3.40552214766e-05, 3.53332907252e-05, 3.53139766958e-05, 2.80363037746e-05, 1.58881302923e-05, 1.54459557962e-05, 1.33479079523e-05, 9.61180012382e-06, 8.58914791024e-06, 7.45573424865e-06, 9.71330155153e-06, 8.64625235408e-06, 6.52478411212e-06, 5.56089480597e-06, 4.76936565974e-06, 3.63830963579e-06, 3.9480896703e-06, 3.36740572493e-06, 3.11024086841e-06, 2.87231569018e-06, 2.97421456708e-06, 2.95166000797e-06, 2.21763616537e-06, 8.32088289826e-07],
        "dmean2": [0.00297127570957, 0.00210765074007, 0.000616124016233, 0.000850449840073, 0.000687296094839, 0.000334931421094, 0.00026314239949, 0.000224267918384, 0.000168355254573, 0.00016884537763, 8.94727563718e-05, 0.000116247210826, 8.15476159914e-05, 5.9152222093e-05, 4.18079616793e-05, 6.36536351521e-05, 5.1330338465e-05, 5.6232100178e-05, 5.55820042791e-05, 4.49881481472e-05, 2.5367950002e-05, 2.44509064942e-05, 2.16216940316e-05, 1.53847140609e-05, 1.37005044962e-05, 1.1641041965e-05, 1.50775913426e-05, 1.34741485454e-05, 1.00798524727e-05, 8.4101993707e-06, 7.27891483621e-06, 5.42857560504e-06, 5.92442574998e-06, 4.91754053655e-06, 4.38856250184e-06, 4.22410994361e-06, 4.14908481616e-06, 4.1918219722e-06, 3.09679057864e-06, 1.17240642794e-06],
        "dvar": [3.75929885195e-05, 1.38566829264e-05, 3.1269775036e-07, 4.87397414872e-07, 3.6921511537e-07, 1.60286319328e-07, 6.44313331577e-08, 8.14817582295e-08, 8.01587631827e-08, 9.11795225988e-08, 3.8033419969e-08, 4.84265250122e-08, 1.82650037317e-08, 7.99392640971e-09, 4.97418861656e-09, 2.42280240315e-08, 4.77369344054e-09, 1.20991270336e-08, 4.57311211122e-09, 2.94645841059e-09, 1.02521890977e-09, 7.32796379133e-10, 5.18051990195e-10, 8.81221706717e-10, 3.16342757545e-10, 1.95608446107e-10, 3.5702482637e-10, 2.6645691209e-10, 1.93824498118e-10, 2.01164973568e-10, 1.68033545411e-10, 6.84938147866e-11, 1.13775981692e-10, 7.82178696812e-11, 6.34007013556e-11, 4.9416585407e-11, 6.7912300783e-11, 7.02706781652e-11, 4.19255463679e-11, 8.76334248223e-12],
        "dvar2": [0.000101008794445, 3.89264641854e-05, 8.40597238039e-07, 1.25142605611e-06, 8.97297240954e-07, 3.49987629988e-07, 1.65314602896e-07, 1.93720339325e-07, 1.89253199778e-07, 2.01709326575e-07, 8.77723849158e-08, 9.83867920468e-08, 3.93762498163e-08, 1.82991559683e-08, 1.09269064907e-08, 6.50847340466e-08, 9.93862947496e-09, 2.33800268035e-08, 1.09106350621e-08, 6.78742306803e-09, 2.30994223749e-09, 1.74676317855e-09, 1.34239330762e-09, 2.28912377942e-09, 7.27517268651e-10, 4.27315849372e-10, 8.52237835858e-10, 6.01244720677e-10, 4.28387519902e-10, 4.41499198311e-10, 3.87619436548e-10, 1.38283134943e-10, 2.40739095325e-10, 1.57822227509e-10, 1.20622872801e-10, 1.01168129429e-10, 1.3439858948e-10, 1.3269538246e-10, 8.04658423226e-11, 1.58401486372e-11],
        "max": [0.0619493164122, 0.0376496575773, 0.00732444273308, 0.0101113226265, 0.00832620076835, 0.00936470273882, 0.00413571158424, 0.00678386026993, 0.00546576734632, 0.00815672334284, 0.0037915178109, 0.0050434297882, 0.00383601267822, 0.00242885062471, 0.00130642042495, 0.0059309550561, 0.00119749398436, 0.00386459939182, 0.00140399485826, 0.000875262601767, 0.00108143349644, 0.000500923662912, 0.000536801759154, 0.000939008023124, 0.000532448291779, 0.000289685238386, 0.000349220499629, 0.000240277862758, 0.000227654658374, 0.000297914783005, 0.000247076473897, 0.000128909843625, 0.000197159664822, 0.000144853736856, 0.000171692838194, 9.01846942725e-05, 0.000162186159287, 0.000150263454998, 0.000142779943417, 5.45460679859e-05],
        "mean": [0.00230624713004, 0.00194490805734, 0.000708316336386, 0.000969705637544, 0.000886364199687, 0.000449807615951, 0.000308109709295, 0.000283242989099, 0.000175029315869, 0.000194660911802, 8.88703434612e-05, 0.000136723814649, 9.71536937868e-05, 6.46834814688e-05, 4.3319487304e-05, 5.94368611928e-05, 5.18893102708e-05, 5.22504597029e-05, 5.5284363043e-05, 4.69441147288e-05, 2.94679066428e-05, 2.92798322334e-05, 2.37001258938e-05, 1.72047166416e-05, 1.67506586877e-05, 1.47733644553e-05, 1.74703473022e-05, 1.53987421072e-05, 1.13756314022e-05, 8.97361405805e-06, 7.81349808676e-06, 6.50523998047e-06, 6.55807798466e-06, 5.87981458011e-06, 5.49695096197e-06, 5.204865829e-06, 5.17545595358e-06, 5.0604144235e-06, 3.68118594452e-06, 1.2397088085e-06],
        "median": [0.00139029836282, 0.00136302714236, 0.000541161396541, 0.000639045378193, 0.000504323514178, 0.000206974160392, 0.000231845828239, 0.000171925625182, 6.75919800415e-05, 7.04939084244e-05, 2.60615051957e-05, 4.83603944303e-05, 4.39864670625e-05, 3.13183409162e-05, 1.82823787327e-05, 1.92285260709e-05, 1.84515411092e-05, 2.33252758335e-05, 2.90268981189e-05, 2.21886366489e-05, 1.7361711798e-05, 1.83671108971e-05, 1.46941511048e-05, 9.96479502646e-06, 9.5389686976e-06, 8.16704596218e-06, 8.28563224786e-06, 7.40565064916e-06, 5.05306888954e-06, 3.49184210791e-06, 2.97185306408e-06, 2.21328423322e-06, 1.70776809227e-06, 1.65064818702e-06, 1.71049805431e-06, 1.65203084634e-06, 1.40148745231e-06, 1.29813429339e-06, 8.62518618305e-07, 1.4791129388e-07],
        "min": [6.9704846102e-24, 6.98920349062e-24, 2.81304426421e-24, 4.11230231663e-24, 5.1045299855e-24, 8.76541848203e-24, 2.08696465692e-23, 1.5244886877e-23, 8.74889973468e-24, 7.15437992012e-24, 1.65947998575e-23, 1.3756730756e-23, 5.96190069932e-24, 1.13278185625e-23, 1.14131575352e-23, 1.0330319725e-23, 1.42337723003e-23, 2.09364520438e-23, 1.1833902021e-23, 1.6229774984e-23, 6.77196066365e-24, 7.89543033246e-24, 8.32447994589e-24, 9.96597090533e-24, 6.93471529017e-24, 9.4334456181e-24, 1.58420182946e-23, 1.27738061238e-23, 9.02163892633e-24, 1.60212916685e-23, 1.14817631904e-23, 1.20972734894e-23, 6.86272147738e-24, 7.03577073871e-24, 1.23274307583e-23, 1.31552653365e-23, 1.17078799137e-23, 1.12743590367e-23, 8.31246717203e-24, 1.01518991098e-23],
        "var": [2.65817652689e-05, 9.22354502109e-06, 4.36773461843e-07, 1.02449075712e-06, 1.0925616607e-06, 5.57279633995e-07, 1.01774141115e-07, 2.19727709805e-07, 1.35724988581e-07, 2.31955752383e-07, 6.8779030471e-08, 1.05152338392e-07, 3.73876822835e-08, 1.48081564788e-08, 9.33740640363e-09, 4.45805561355e-08, 1.00762331812e-08, 1.74594134705e-08, 7.97911958728e-09, 7.19529635873e-09, 2.17643858491e-09, 1.46098511067e-09, 8.17789946872e-10, 1.10963471744e-09, 7.54980911122e-10, 5.02410890668e-10, 6.91661727892e-10, 5.14145115371e-10, 3.70886293899e-10, 3.4698324769e-10, 2.62269650442e-10, 1.53193568941e-10, 2.32221242236e-10, 1.87212551017e-10, 1.47358208968e-10, 1.20341278609e-10, 1.58928134542e-10, 1.5987328128e-10, 9.73483932354e-11, 1.92801451887e-11]
    },
    "mfcc": {
        "mean": [-602.138549805, 109.735351562, 6.07128047943, 31.8428325653, 6.82508230209, 7.24325752258, -3.23792648315, 3.49388599396, -2.15940499306, 5.74359130859, -7.13158559799, 4.25857019424, -0.501889765263],
        "cov": [[2047.61462402, -869.088989258, 159.530578613, -240.361419678, 20.7836780548, 17.7933864594, 42.5403594971, 47.7744865417, -26.2963047028, 52.7451324463, -8.27668571472, -29.6183776855, 19.7124881744], [-869.088989258, 1039.51647949, -363.060302734, 97.4811706543, -22.9539718628, 13.2798519135, -29.9659290314, 12.4877567291, -2.81054806709, -5.41565322876, 5.64364433289, 31.1472301483, -34.8375205994], [159.530578613, -363.060302734, 374.874603271, -8.43920707703, 47.0154418945, -14.1147985458, 27.0038948059, -26.1368198395, 25.7318019867, -10.6593866348, 8.12884235382, -0.214198380709, 13.6056451797], [-240.361419678, 97.4811706543, -8.43920707703, 268.809539795, 9.35204982758, 5.67964839935, -38.789932251, 0.587750732899, 3.28757357597, -13.1576480865, -10.0099191666, 11.2093305588, 22.9055347443], [20.7836780548, -22.9539718628, 47.0154418945, 9.35204982758, 180.453536987, 8.51185417175, 0.0431892871857, -28.092092514, 20.8587913513, 29.2920951843, -11.4734020233, 10.9682655334, 4.11055898666], [17.7933864594, 13.2798519135, -14.1147985458, 5.67964839935, 8.51185417175, 138.495162964, 64.9803466797, 9.27980422974, 3.2695183754, 6.80845117569, 29.841342926, -2.66982340813, -5.54508066177], [42.5403594971, -29.9659290314, 27.0038948059, -38.789932251, 0.0431892871857, 64.9803466797, 137.483596802, 18.6511592865, 2.76228570938, -4.15216016769, 20.2997703552, 2.74950861931, -2.83694076538], [47.7744865417, 12.4877567291, -26.1368198395, 0.587750732899, -28.092092514, 9.27980422974, 18.6511592865, 101.180961609, 14.239783287, -2.05458855629, 1.78731966019, -0.693354487419, 7.88804578781], [-26.2963047028, -2.81054806709, 25.7318019867, 3.28757357597, 20.8587913513, 3.2695183754, 2.76228570938, 14.239783287, 84.9497528076, 27.4642925262, 8.49275112152, -3.74869847298, 3.73938798904], [52.7451324463, -5.41565322876, -10.6593866348, -13.1576480865, 29.2920951843, 6.80845117569, -4.15216016769, -2.05458855629, 27.4642925262, 90.8438415527, 22.5363636017, 0.175586909056, -11.0909471512], [-8.27668571472, 5.64364433289, 8.12884235382, -10.0099191666, -11.4734020233, 29.841342926, 20.2997703552, 1.78731966019, 8.49275112152, 22.5363636017, 82.5486831665, 11.6322059631, -9.85603618622], [-29.6183776855, 31.1472301483, -0.214198380709, 11.2093305588, 10.9682655334, -2.66982340813, 2.74950861931, -0.693354487419, -3.74869847298, 0.175586909056, 11.6322059631, 61.0986289978, 14.961066246], [19.7124881744, -34.8375205994, 13.6056451797, 22.9055347443, 4.11055898666, -5.54508066177, -2.83694076538, 7.88804578781, 3.73938798904, -11.0909471512, -9.85603618622, 14.961066246, 66.3627243042]],
