{
"lowlevel": {
    "average_loudness": 0.92046636343,
    "barkbands_crest": {
        "dmean": 2.20414590836,
        "dmean2": 3.63706016541,
        "dvar": 3.7479186058,
        "dvar2": 9.86575508118,
        "max": 23.3767051697,
        "mean": 10.969751358,
        "median": 10.3561878204,
        "min": 3.56136727333,
        "var": 14.4712553024
    },
    "barkbands_flatness_db": {
        "dmean": 0.0187310390174,
        "dmean2": 0.0294718928635,
        "dvar": 0.000300902553136,
        "dvar2": 0.000674273818731,
        "max": 0.434113621712,
        "mean": 0.239485085011,
        "median": 0.227952793241,
        "min": 0.104902751744,
        "var": 0.00298726069741
    },
    "barkbands_kurtosis": {
        "dmean": 2.28851246834,
        "dmean2": 3.58417987823,
        "dvar": 12.1092758179,
        "dvar2": 28.4876537323,
        "max": 41.268913269,
        "mean": 4.69989871979,
        "median": 2.41197967529,
        "min": -1.77045023441,
        "var": 44.8069496155
    },
    "barkbands_skewness": {
        "dmean": 0.40665486455,
        "dmean2": 0.61849629879,
        "dvar": 0.175799995661,
        "dvar2": 0.403345793486,
        "max": 5.61078166962,
        "mean": 1.29717600346,
        "median": 1.17295622826,
        "min": -1.17289733887,
        "var": 1.04808270931
    },
    "barkbands_spread": {
        "dmean": 2.38862943649,
        "dmean2": 3.68054747581,
        "dvar": 9.84511470795,
        "dvar2": 20.2004394531,
        "max": 70.6447372437,
        "mean": 12.2889709473,
        "median": 10.6163778305,
        "min": 0.816672801971,
        "var": 72.2154922485
    },
    "dissonance": {
        "dmean": 0.0305801127106,
        "dmean2": 0.0522202439606,
        "dvar": 0.000697817769833,
        "dvar2": 0.00192694598809,
        "max": 0.496562451124,
        "mean": 0.421119898558,
        "median": 0.43013048172,
        "min": 0.248203113675,
        "var": 0.00224713748321
    },
    "dynamic_complexity": 4.12382888794,
    "erbbands_crest": {
        "dmean": 2.7119076252,
        "dmean2": 4.46179819107,
        "dvar": 6.10322809219,
        "dvar2": 14.8467826843,
        "max": 26.5947036743,
        "mean": 11.5735845566,
        "median": 10.9874725342,
        "min": 3.39578700066,
        "var": 19.3000888824
    },
    "erbbands_flatness_db": {
        "dmean": 0.0158911999315,
        "dmean2": 0.0233292896301,
        "dvar": 0.000277039362118,
        "dvar2": 0.000543660076801,
        "max": 0.367652982473,
        "mean": 0.25643903017,
        "median": 0.257742285728,
        "min": 0.119021981955,
        "var": 0.00155902747065
    },
    "erbbands_kurtosis": {
        "dmean": 1.28624975681,
        "dmean2": 2.0489461422,
        "dvar": 4.85916376114,
        "dvar2": 12.372130394,
        "max": 28.2856445312,
        "mean": 1.59311270714,
        "median": 0.0503406524658,
        "min": -1.72671484947,
        "var": 17.8820590973
    },
    "erbbands_skewness": {
        "dmean": 0.3554251194,
        "dmean2": 0.546991705894,
        "dvar": 0.134527847171,
        "dvar2": 0.321041971445,
        "max": 4.33174180984,
        "mean": 0.705413997173,
        "median": 0.597494423389,
        "min": -2.17532992363,
        "var": 1.0473562479
    },
    "erbbands_spread": {
        "dmean": 4.41187047958,
        "dmean2": 6.64244842529,
        "dvar": 38.7110137939,
        "dvar2": 86.5931243896,
        "max": 107.21711731,
        "mean": 23.1983070374,
        "median": 22.2024726868,
        "min": 2.90598273277,
        "var": 154.002670288
    },
    "hfc": {
        "dmean": 3.84885072708,
        "dmean2": 5.11117553711,
        "dvar": 36.6089630127,
        "dvar2": 59.460193634,
        "max": 112.649833679,
        "mean": 15.3235006332,
        "median": 7.03748512268,
        "min": 0.186697527766,
        "var": 274.056762695
    },
    "melbands_crest": {
        "dmean": 2.76805615425,
        "dmean2": 4.48635387421,
        "dvar": 5.68034124374,
        "dvar2": 15.3149642944,
        "max": 27.8093261719,
        "mean": 13.2661542892,
        "median": 12.3050022125,
        "min": 5.01172637939,
        "var": 19.6619777679
    },
    "melbands_flatness_db": {
        "dmean": 0.0193271674216,
        "dmean2": 0.0283757820725,
        "dvar": 0.000405373459216,
        "dvar2": 0.00081775378203,
        "max": 0.547532379627,
        "mean": 0.293010115623,
        "median": 0.277720808983,
        "min": 0.111097767949,
        "var": 0.00597988255322
    },
    "melbands_kurtosis": {
        "dmean": 3.74616909027,
        "dmean2": 5.77246618271,
        "dvar": 32.4189834595,
        "dvar2": 69.7345733643,
        "max": 92.8738632202,
        "mean": 8.48022556305,
        "median": 5.23861217499,
        "min": -1.43084573746,
        "var": 107.299751282
    },
    "melbands_skewness": {
        "dmean": 0.464620381594,
        "dmean2": 0.709723234177,
        "dvar": 0.255355715752,
        "dvar2": 0.559867203236,
        "max": 7.35366439819,
        "mean": 1.82502639294,
        "median": 1.64740824699,
        "min": -0.352579712868,
        "var": 1.37214696407
    },
    "melbands_spread": {
        "dmean": 3.17480826378,
        "dmean2": 4.74837827682,
        "dvar": 16.2140388489,
        "dvar2": 35.6322135925,
        "max": 60.2877311707,
        "mean": 15.7798986435,
        "median": 12.4802122116,
        "min": 1.19074070454,
        "var": 147.995437622
    },
    "pitch_salience": {
        "dmean": 0.0620640479028,
        "dmean2": 0.100231543183,
        "dvar": 0.00287993997335,
        "dvar2": 0.00743402820081,
        "max": 0.818533301353,
        "mean": 0.543007254601,
        "median": 0.54664003849,
        "min": 0.158153548837,
        "var": 0.0106025002897
    },
    "silence_rate_20dB": {
        "dmean": 0,
        "dmean2": 0,
        "dvar": 0,
        "dvar2": 0,
        "max": 1,
        "mean": 1,
        "median": 1,
        "min": 1,
        "var": 0
    },
    "silence_rate_30dB": {
        "dmean": 0.00156006240286,
        "dmean2": 0.00312256044708,
        "dvar": 0.00155760196503,
        "dvar2": 0.00311282346956,
        "max": 1,
        "mean": 0.998441159725,
        "median": 1,
        "min": 0,
        "var": 0.00155639194418
    },
    "silence_rate_60dB": {
        "dmean": 0.0312012471259,
        "dmean2": 0.062451209873,
        "dvar": 0.030227471143,
        "dvar2": 0.0694792047143,
        "max": 1,
        "mean": 0.0802805945277,
        "median": 0,
        "min": 0,
        "var": 0.073836363852
    },
    "spectral_centroid": {
        "dmean": 105.995391846,
        "dmean2": 155.312515259,
        "dvar": 18573.0507812,
        "dvar2": 37303.28125,
        "max": 2489.21435547,
        "mean": 809.519226074,
        "median": 711.039672852,
        "min": 203.189743042,
        "var": 181702.09375
    },
    "spectral_complexity": {
        "dmean": 2.01248049736,
        "dmean2": 3.03512883186,
        "dvar": 4.53961992264,
        "dvar2": 8.82228946686,
        "max": 38,
        "mean": 12.9376459122,
        "median": 12,
        "min": 2,
        "var": 42.4543991089
    },
    "spectral_decrease": {
        "dmean": 1.31055333252e-09,
        "dmean2": 1.87504700655e-09,
        "dvar": 3.01629652609e-18,
        "dvar2": 5.43661686545e-18,
        "max": -1.80247164416e-10,
        "mean": -5.62421442751e-09,
        "median": -4.54780257897e-09,
        "min": -3.22123092644e-08,
        "var": 1.97197773537e-17
    },
    "spectral_energy": {
        "dmean": 0.00525070820004,
        "dmean2": 0.00747962016612,
        "dvar": 4.92806866532e-05,
        "dvar2": 8.76250924193e-05,
        "max": 0.131794467568,
        "mean": 0.0226169805974,
        "median": 0.0181108098477,
        "min": 0.00070598925231,
        "var": 0.000327003188431
    },
    "spectral_energyband_high": {
        "dmean": 2.60804117715e-05,
        "dmean2": 3.63979015674e-05,
        "dvar": 5.18285148132e-09,
        "dvar2": 8.46574099711e-09,
        "max": 0.00176109583117,
        "mean": 7.20287498552e-05,
        "median": 1.74642882484e-05,
        "min": 9.2157790732e-08,
        "var": 3.05360892128e-08
    },
    "spectral_energyband_low": {
        "dmean": 0.00145349558443,
        "dmean2": 0.00231564370915,
        "dvar": 6.94286018188e-06,
        "dvar2": 1.7605649191e-05,
        "max": 0.0783660784364,
        "mean": 0.00504308799282,
        "median": 0.00289330235682,
        "min": 3.24361935782e-05,
        "var": 3.59396944987e-05
    },
    "spectral_energyband_middle_high": {
        "dmean": 0.00166733423248,
        "dmean2": 0.00219482393004,
        "dvar": 8.2491478679e-06,
        "dvar2": 1.41539658216e-05,
        "max": 0.048235796392,
        "mean": 0.00523514440283,
        "median": 0.00120636273641,
        "min": 4.9724717428e-06,
        "var": 4.95708627568e-05
    },
    "spectral_energyband_middle_low": {
        "dmean": 0.00389848533086,
        "dmean2": 0.00574058108032,
        "dvar": 3.08412563754e-05,
        "dvar2": 5.65847803955e-05,
        "max": 0.0943469926715,
        "mean": 0.0129134664312,
        "median": 0.0103805987164,
        "min": 0.000169462859049,
        "var": 0.000128323270474
    },
    "spectral_entropy": {
        "dmean": 0.154253959656,
        "dmean2": 0.23259845376,
        "dvar": 0.0281378682703,
        "dvar2": 0.0573786199093,
        "max": 8.33498191833,
        "mean": 6.60645961761,
        "median": 6.6977648735,
        "min": 5.04516744614,
        "var": 0.267675757408
    },
    "spectral_flux": {
        "dmean": 0.0219392664731,
        "dmean2": 0.0352896116674,
        "dvar": 0.000569457828533,
        "dvar2": 0.00152801070362,
        "max": 0.296737670898,
        "mean": 0.0663288608193,
        "median": 0.0585868880153,
        "min": 0.00627516815439,
        "var": 0.00185635511298
    },
    "spectral_kurtosis": {
        "dmean": 7.18982028961,
        "dmean2": 12.657450676,
        "dvar": 55.3076019287,
        "dvar2": 158.797576904,
        "max": 99.2411117554,
        "mean": 16.001329422,
        "median": 11.1127634048,
        "min": -0.776837348938,
        "var": 218.843475342
    },
    "spectral_rms": {
        "dmean": 0.000524456787389,
        "dmean2": 0.000751613057218,
        "dvar": 3.14927660838e-07,
        "dvar2": 5.20086928191e-07,
        "max": 0.0113393105567,
        "mean": 0.00430541159585,
        "median": 0.00420346064493,
        "min": 0.000829921686091,
        "var": 3.5287848732e-06
    },
    "spectral_rolloff": {
        "dmean": 170.467529297,
        "dmean2": 280.300262451,
        "dvar": 112589.828125,
        "dvar2": 208699.859375,
        "max": 7902.68554688,
        "mean": 913.342163086,
        "median": 602.9296875,
        "min": 86.1328125,
        "var": 544925.25
    },
    "spectral_skewness": {
        "dmean": 0.559689760208,
        "dmean2": 0.972481012344,
        "dvar": 0.258866369724,
        "dvar2": 0.726463854313,
        "max": 7.97329998016,
        "mean": 2.63767981529,
        "median": 2.30485391617,
        "min": 0.433328509331,
        "var": 1.46599662304
    },
    "spectral_spread": {
        "dmean": 338207.3125,
        "dmean2": 529659.4375,
        "dvar": 258267103232,
        "dvar2": 472709234688,
        "max": 8800216,
        "mean": 2327742,
        "median": 2122950,
        "min": 899290.125,
        "var": 858101710848
    },
    "spectral_strongpeak": {
        "dmean": 0.653449475765,
        "dmean2": 1.09347760677,
        "dvar": 1.12977325916,
        "dvar2": 3.00671577454,
        "max": 8.59118938446,
        "mean": 1.37506759167,
        "median": 0.704244613647,
        "min": 0.0316788181663,
        "var": 2.38433933258
    },
    "zerocrossingrate": {
        "dmean": 0.00397595018148,
        "dmean2": 0.00487861968577,
        "dvar": 2.25796011364e-05,
        "dvar2": 2.77821036434e-05,
        "max": 0.166015625,
        "mean": 0.0320971645415,
        "median": 0.02978515625,
        "min": 0.0048828125,
        "var": 0.000314252421958
    },
    "barkbands": {
        "dmean": [3.36590164807e-05, 0.00102947978303, 0.00063264957862, 0.000289505056571, 0.000842970330268, 0.00128774438053, 0.000960247765761, 0.00155097793322, 0.00114313920494, 0.000398743257392, 0.000166173354955, 0.000431575695984, 0.000391902809497, 0.000563693698496, 0.000129565843963, 0.000207925622817, 0.000325842644088, 0.000115236107376, 3.94465059799e-05, 1.01385594462e-05, 2.31758281188e-06, 8.6721020125e-06, 9.0440380518e-06, 8.04197588877e-06, 1.20114009405e-06, 1.24745396235e-08, 1.28508022001e-08],
        "dmean2": [5.70677766518e-05, 0.00171074748505, 0.000929069530685, 0.000494650215842, 0.0013538725907, 0.00208492274396, 0.00149459717795, 0.00228750519454, 0.00167060515378, 0.00056459766347, 0.000254027458141, 0.000623083091341, 0.000583739310969, 0.000824003363959, 0.000191292652744, 0.000314484641422, 0.000481741764816, 0.000157525253599, 5.57343082619e-05, 1.5865871319e-05, 3.4042191146e-06, 1.27715311464e-05, 1.3053812836e-05, 1.15149969133e-05, 1.82398161996e-06, 1.3734267057e-08, 1.36690951891e-08],
        "dvar": [2.39931541302e-09, 3.58426677849e-06, 1.47896037106e-06, 2.66689710315e-07, 1.80423751317e-06, 3.63399271919e-06, 6.19654656475e-06, 1.29765139718e-05, 1.46964939631e-05, 2.16209605242e-06, 2.45972842094e-07, 1.82012172445e-06, 1.281807954e-06, 1.94529025066e-06, 1.56551564601e-07, 4.22763775987e-07, 5.4388414128e-07, 5.10559239331e-08, 7.81571074526e-09, 4.74321859567e-10, 4.23003541916e-11, 5.25486432146e-10, 5.78761760739e-10, 1.07129860538e-09, 4.65654251269e-11, 1.45795918741e-13, 1.7619353242e-13],
        "dvar2": [7.08990599563e-09, 1.10069122456e-05, 2.63620859187e-06, 7.19156957985e-07, 4.30712498201e-06, 7.45134957469e-06, 1.44436644405e-05, 2.68186558969e-05, 2.71263725153e-05, 3.48931371263e-06, 5.26138478563e-07, 3.57280896424e-06, 2.84331440525e-06, 4.19358229919e-06, 3.15619587354e-07, 8.31908607779e-07, 1.1805310578e-06, 8.20174506089e-08, 1.40389442294e-08, 1.1378549214e-09, 7.80797787536e-11, 1.01701935762e-09, 1.21691046129e-09, 1.69420955043e-09, 8.86047069049e-11, 1.45871663815e-13, 1.76272164183e-13],
        "max": [0.000412471679738, 0.0453851334751, 0.0336981229484, 0.0080076251179, 0.0229357257485, 0.0259457118809, 0.0496214404702, 0.0516671389341, 0.0775046497583, 0.037188347429, 0.0124310767278, 0.0214775204659, 0.0207919068635, 0.0241882018745, 0.00795601215214, 0.0159624181688, 0.0104103134945, 0.00385266821831, 0.00176701461896, 0.000338505516993, 0.000185082273674, 0.000445567537099, 0.000546913302969, 0.000925059313886, 0.000187482975889, 1.36806966111e-05, 1.50381611093e-05],
        "mean": [6.10906135989e-05, 0.00303757353686, 0.00156087055802, 0.000593038450461, 0.00196605687961, 0.00326743605547, 0.0017486064462, 0.00292582041584, 0.00184270390309, 0.000757837318815, 0.000303155597067, 0.000803761242423, 0.000619690399617, 0.001294260961, 0.000229320154176, 0.000419590272941, 0.000704619975295, 0.000319752114592, 7.89564364823e-05, 1.91033905139e-05, 4.32377237303e-06, 1.88960930245e-05, 2.18206314457e-05, 1.69752256625e-05, 1.70067710314e-06, 1.27287433926e-08, 1.26562458291e-08],
        "median": [3.26339177263e-05, 0.00163330871146, 0.000722135358956, 0.000254136219155, 0.00122258812189, 0.00182860228233, 0.000384858460166, 0.00029029257712, 0.000169837134308, 0.000139672818477, 9.05705965124e-05, 7.48163001845e-05, 0.000119579199236, 6.8206943979e-05, 6.43104649498e-05, 6.8894449214e-05, 7.8925586422e-05, 3.89283668483e-05, 1.51959793584e-05, 6.34312436887e-06, 1.31568583583e-06, 3.0757607874e-06, 3.11369535666e-06, 1.99408168555e-06, 1.86655597645e-07, 5.89314375077e-10, 2.79198358877e-10],
        "min": [1.92411739874e-08, 1.33952089527e-05, 1.83472081972e-06, 8.50542107855e-08, 3.15362885885e-05, 5.37544110557e-05, 8.13081157958e-07, 6.99633119439e-07, 5.51995356091e-07, 1.11648682832e-06, 8.47835011086e-08, 1.26406447976e-07, 5.62118493974e-08, 7.02279479015e-08, 4.538052778e-08, 2.65244395337e-08, 5.65256748075e-08, 4.1410370244e-08, 1.29821930983e-08, 3.16438253378e-08, 1.54445451983e-08, 1.43533869235e-08, 9.77639302846e-09, 9.33855925922e-09, 3.70090680324e-10, 1.57027637421e-11, 2.25456389669e-11],
        "var": [5.11627495925e-09, 1.42142007462e-05, 7.08915786163e-06, 7.04555759512e-07, 4.93065817864e-06, 1.51676686073e-05, 1.33579997055e-05, 3.94521121052e-05, 3.07001646433e-05, 7.32707894713e-06, 4.3931078153e-07, 5.36067545909e-06, 2.71255817097e-06, 9.13282747206e-06, 3.02085680914e-07, 9.03059856228e-07, 1.72387285602e-06, 2.62581323796e-07, 2.85240613351e-08, 9.89395232409e-10, 1.5976393819e-10, 2.30226882003e-09, 3.24805893293e-09, 4.87366724755e-09, 1.21512730433e-10, 1.45815935823e-13, 1.76151939714e-13]
    },
    "erbbands": {
        "dmean": [0.0255594141781, 0.266819775105, 0.721654832363, 0.757738530636, 2.14058566093, 2.56206417084, 8.39247608185, 9.74498939514, 14.3778562546, 13.3489265442, 43.7782478333, 19.9900608063, 15.7419528961, 5.21974277496, 6.30278682709, 20.6973953247, 16.7035751343, 24.1060905457, 15.2245473862, 4.95820045471, 14.8877744675, 12.7727451324, 6.20945262909, 3.5303041935, 1.05195450783, 0.486874192953, 0.151050627232, 0.100537635386, 0.269374996424, 0.397834718227, 0.214703828096, 0.184349626303, 0.132222577929, 0.0265285354108, 0.00117734202649, 9.82185738394e-05, 2.62577032117e-05, 8.77581987879e-06, 4.36950313087e-06, 6.1915347942e-06],
        "dmean2": [0.0434996336699, 0.435202300549, 1.0666590929, 1.2286888361, 3.3872654438, 4.21400737762, 14.1872282028, 15.5663909912, 21.9302616119, 20.1339988708, 62.9769477844, 28.6454524994, 21.7126522064, 7.68667984009, 9.26718139648, 28.8236942291, 24.2811698914, 33.8004875183, 22.8657264709, 7.18218278885, 20.8523082733, 18.0580501556, 8.78675746918, 4.74340867996, 1.53802776337, 0.761042654514, 0.232077270746, 0.143874749541, 0.395895808935, 0.560958206654, 0.316582709551, 0.270945370197, 0.189767897129, 0.0401686243713, 0.00165568233933, 0.000123254110804, 2.91726719297e-05, 9.5304030765e-06, 5.44846261619e-06, 8.68866209203e-06],
        "dvar": [0.00167946494184, 0.244343221188, 2.03360962868, 1.72688758373, 21.0473175049, 13.7954397202, 116.697494507, 377.120910645, 819.106933594, 1628.08630371, 9676.84667969, 4186.72900391, 3011.71484375, 144.900772095, 629.919433594, 4245.80957031, 2438.43701172, 3591.88183594, 1871.24487305, 117.493186951, 1547.87109375, 791.061889648, 152.457901001, 45.3802604675, 6.98054122925, 1.28943967819, 0.173632189631, 0.0964116379619, 0.656440079212, 1.00979578495, 0.374785661697, 0.530665814877, 0.325889497995, 0.0193376783282, 6.16039542365e-05, 2.33756190937e-06, 5.04664342316e-07, 6.60955237208e-08, 3.49186413118e-09, 9.31783469826e-11],
        "dvar2": [0.00536196026951, 0.71924072504, 3.58184981346, 4.54184865952, 50.4651107788, 33.5573768616, 336.147216797, 760.932250977, 1728.77966309, 3118.62597656, 19235.4316406, 8026.79394531, 4588.66845703, 259.918457031, 1490.02185059, 8445.58984375, 5359.42919922, 7111.34130859, 4627.97070312, 222.805603027, 2802.17675781, 1565.24121094, 264.44329834, 77.6823654175, 14.4040899277, 3.12857532501, 0.412857800722, 0.182585164905, 1.39386427402, 1.82581162453, 0.747782886028, 1.07433617115, 0.515716016293, 0.0351834595203, 0.000115875329357, 2.43802901423e-06, 5.04998979522e-07, 6.61068284558e-08, 3.4798453008e-09, 1.38752370704e-10],
        "max": [0.492366880178, 12.9812898636, 46.9493789673, 17.6885566711, 71.7770385742, 64.5647735596, 140.249664307, 309.589599609, 391.388824463, 902.018981934, 1196.84240723, 1311.6315918, 1292.4152832, 226.389877319, 568.056640625, 1077.34216309, 1012.18145752, 1163.28869629, 798.869506836, 246.259490967, 1011.83026123, 418.657653809, 175.981216431, 126.435836792, 70.2080001831, 20.1516399384, 8.00269985199, 8.59472846985, 12.7342805862, 29.4771900177, 14.9803619385, 16.9944229126, 17.2191638947, 3.85118174553, 0.250229388475, 0.0535582825541, 0.0254574976861, 0.0092145241797, 0.00213444489054, 0.00023433372553],
        "mean": [0.0691407099366, 0.750170052052, 1.79963481426, 2.15693211555, 3.60237312317, 6.3988776207, 20.2837982178, 22.6171321869, 25.5224494934, 28.1051712036, 85.8675003052, 36.8127975464, 34.5400009155, 11.5270118713, 11.7472677231, 38.6735267639, 30.2904090881, 48.9368515015, 41.4512405396, 13.0219488144, 35.6378936768, 32.552734375, 18.3761119843, 9.65964794159, 2.29087352753, 0.93434882164, 0.296788692474, 0.190041050315, 0.54535484314, 1.03664171696, 0.497274547815, 0.381942212582, 0.251357614994, 0.0443751886487, 0.00164809043054, 0.000142746430356, 3.81780155294e-05, 1.17940235214e-05, 1.38075474752e-05, 2.65418893832e-05],
        "median": [0.044392362237, 0.383001804352, 0.885670423508, 1.03937709332, 1.4980173111, 3.9626019001, 11.4252176285, 12.3770017624, 9.84459495544, 6.6473941803, 8.59932136536, 4.91674995422, 7.05873346329, 3.61102604866, 2.90485787392, 3.78693938255, 6.13740444183, 5.05148601532, 2.84766697884, 3.73664784431, 5.12018251419, 4.29487466812, 2.15597105026, 2.00022935867, 0.772576749325, 0.297849178314, 0.0964539274573, 0.0526589713991, 0.110807180405, 0.123072311282, 0.0675784274936, 0.0479702763259, 0.0358310900629, 0.00667617935687, 0.000221963287913, 3.10503455694e-05, 1.03110905911e-05, 2.26650422519e-06, 9.46195723373e-06, 2.07052307815e-05],
        "min": [0.000183402546099, 0.00346421310678, 0.0107390871271, 0.006604608614, 0.0299654658884, 0.0608807578683, 0.224880129099, 0.275029838085, 0.133730366826, 0.058239582926, 0.020740378648, 0.0423085018992, 0.0699374303222, 0.0227807778865, 0.00564601644874, 0.00566312856972, 0.00253775669262, 0.00530613586307, 0.00316553772427, 0.0038509464357, 0.00531448749825, 0.00344312516972, 0.00270443456247, 0.00118294602726, 0.000877125363331, 0.00128655636217, 0.000907669542357, 0.000429318228271, 0.000472885440104, 0.000478706293507, 0.000291678996291, 0.000210502301343, 0.000164559591212, 3.03814013023e-05, 3.79512721338e-06, 7.79527681516e-07, 3.92950738615e-07, 5.71105047698e-08, 3.97753638026e-07, 8.08047332157e-07],
        "var": [0.00553752761334, 0.992666482925, 10.3680372238, 8.030377388, 41.7365379333, 48.3830451965, 513.654541016, 1107.8692627, 1773.44250488, 4070.17724609, 30314.4746094, 8895.63476562, 12755.7021484, 492.87890625, 842.77532959, 12547.1484375, 5479.50244141, 10840.7197266, 10818.3447266, 452.78137207, 4796.42578125, 3051.84790039, 881.168945312, 245.83215332, 19.8227863312, 2.45041489601, 0.407670021057, 0.301129966974, 2.00040602684, 8.2867603302, 1.79080593586, 2.17379236221, 1.1828148365, 0.0672741308808, 0.000125752194435, 2.49825666288e-06, 5.05766877268e-07, 6.61326353679e-08, 3.60720409098e-09, 4.90522733543e-10]
    },
    "gfcc": {
        "mean": [-93.4892883301, 181.008956909, -140.688766479, 31.442243576, -53.1599693298, 4.06691503525, -38.9563369751, -6.69476079941, 10.9883680344, -25.0868167877, 16.2168045044, -13.3931493759, 3.45367956161],
        "cov": [[6166.09765625, -1361.88452148, -1963.07470703, 201.586700439, -127.645889282, 309.040679932, -205.083389282, 598.393188477, 551.438354492, -143.255966187, 81.4616165161, -140.059188843, -710.66583252], [-1361.88452148, 793.094482422, 453.818206787, -195.766387939, 241.728286743, -146.735824585, 233.55708313, -162.116546631, -127.715202332, -22.4025936127, -14.6004104614, 47.5041122437, 107.965789795], [-1963.07470703, 453.818206787, 1140.22790527, 51.1728553772, -61.1483650208, -79.7019577026, 42.4028892517, -174.168060303, -264.768707275, 41.9919090271, -61.6791954041, 21.1112632751, 270.381866455], [201.586700439, -195.766387939, 51.1728553772, 268.989959717, 7.75549983978, 53.155456543, -109.406929016, -1.6871458292, 20.6090049744, 42.907119751, -27.5948677063, -54.9965400696, 26.7566242218], [-127.645889282, 241.728286743, -61.1483650208, 7.75549983978, 309.510467529, 22.8446102142, 61.3064842224, -43.9765129089, 59.8285751343, 41.3222236633, -6.93189287186, -7.62033891678, -4.43640089035], [309.040679932, -146.735824585, -79.7019577026, 53.155456543, 22.8446102142, 228.775650024, 33.0561332703, 47.3289337158, 65.1464691162, 33.3576698303, 15.3377037048, 2.7990090847, -39.4818687439], [-205.083389282, 233.55708313, 42.4028892517, -109.406929016, 61.3064842224, 33.0561332703, 269.425262451, 35.9890899658, -45.8337364197, -65.077507019, -5.26502609253, 62.3953399658, -28.4719314575], [598.393188477, -162.116546631, -174.168060303, -1.6871458292, -43.9765129089, 47.3289337158, 35.9890899658, 188.186157227, 45.6375427246, -51.3678207397, 34.1043777466, -5.36511230469, -78.1590194702], [551.438354492, -127.715202332, -264.768707275, 20.6090049744, 59.8285751343, 65.1464691162, -45.8337364197, 45.6375427246, 222.470870972, 48.0688743591, 19.5929889679, -16.195394516, -101.667686462], [-143.255966187, -22.4025936127, 41.9919090271, 42.907119751, 41.3222236633, 33.3576698303, -65.077507019, -51.3678207397, 48.0688743591, 140.664840698, 18.7355747223, -19.7388076782, 52.8548278809], [81.4616165161, -14.6004104614, -61.6791954041, -27.5948677063, -6.93189287186, 15.3377037048, -5.26502609253, 34.1043777466, 19.5929889679, 18.7355747223, 80.5156173706, 25.339925766, -15.3955640793], [-140.059188843, 47.5041122437, 21.1112632751, -54.9965400696, -7.62033891678, 2.7990090847, 62.3953399658, -5.36511230469, -16.195394516, -19.7388076782, 25.339925766, 95.5374755859, 20.0184860229], [-710.66583252, 107.965789795, 270.381866455, 26.7566242218, -4.43640089035, -39.4818687439, -28.4719314575, -78.1590194702, -101.667686462, 52.8548278809, -15.3955640793, 20.0184860229, 181.426315308]],
        "icov": [[0.000732842308935, -0.000379931356292, 0.000958104094025, -0.000752282736357, 0.000482528412249, -0.000377719901735, 0.000864409725182, -0.00148219894618, 0.000469359511044, -0.000652958813589, 0.00107201654464, -0.00070248474367, 0.00182823336218], [-0.000379931356292, 0.0142664657906, -0.00553882680833, 0.00699639087543, -0.0100296884775, 0.00636711344123, -0.0102608855814, 0.00918684527278, -0.00372429541312, 0.00718318810686, -0.00992168020457, 0.00840897392482, -0.00521704973653], [0.000958104094025, -0.00553882680833, 0.0047598676756, -0.00381415314041, 0.00462794210762, -0.00261464621872, 0.00376587430947, -0.00411803508177, 0.00271072215401, -0.00355344708078, 0.00490688439459, -0.00337552465498, 0.00222214078531], [-0.000752282736357, 0.00699639087543, -0.00381415314041, 0.00967701338232, -0.00584982708097, 0.00145930692088, -0.00277404207736, 0.00418779579923, -0.00192470126785, 0.00366778112948, -0.00328719732352, 0.00558463297784, -0.00435210950673], [0.000482528412249, -0.0100296884775, 0.00462794210762, -0.00584982708097, 0.0116863250732, -0.00425413250923, 0.00469419686124, -0.00481949141249, 0.00082496117102, -0.00556155573577, 0.00640876498073, -0.00430162018165, 0.00294579868205], [-0.000377719901735, 0.00636711344123, -0.00261464621872, 0.00145930692088, -0.00425413250923, 0.00898353010416, -0.00655488064513, 0.003333308734, -0.00247620604932, 0.000768127210904, -0.00468785408884, 0.0028934108559, -0.001657355926], [0.000864409725182, -0.0102608855814, 0.00376587430947, -0.00277404207736, 0.00469419686124, -0.00655488064513, 0.0160576496273, -0.0103051522747, 0.00578095391393, -0.00525823840871, 0.0111783994362, -0.011312299408, 0.00802596565336], [-0.00148219894618, 0.00918684527278, -0.00411803508177, 0.00418779579923, -0.00481949141249, 0.003333308734, -0.0103051522747, 0.0179650317878, -0.00541147822514, 0.0101197455078, -0.0134970098734, 0.0101126125082, -0.00726553797722], [0.000469359511044, -0.00372429541312, 0.00271072215401, -0.00192470126785, 0.00082496117102, -0.00247620604932, 0.00578095391393, -0.00541147822514, 0.0123968031257, -0.0086428001523, 0.0061961277388, -0.00633104052395, 0.00904529821128], [-0.000652958813589, 0.00718318810686, -0.00355344708078, 0.00366778112948, -0.00556155573577, 0.000768127210904, -0.00525823840871, 0.0101197455078, -0.0086428001523, 0.0208450239152, -0.0131056476384, 0.0106770768762, -0.0117182247341], [0.00107201654464, -0.00992168020457, 0.00490688439459, -0.00328719732352, 0.00640876498073, -0.00468785408884, 0.0111783994362, -0.0134970098734, 0.0061961277388, -0.0131056476384, 0.0281927902251, -0.0150481676683, 0.00969485379755], [-0.00070248474367, 0.00840897392482, -0.00337552465498, 0.00558463297784, -0.00430162018165, 0.0028934108559, -0.011312299408, 0.0101126125082, -0.00633104052395, 0.0106770768762, -0.0150481676683, 0.0241835769266, -0.0110468380153], [0.00182823336218, -0.00521704973653, 0.00222214078531, -0.00435210950673, 0.00294579868205, -0.001657355926, 0.00802596565336, -0.00726553797722, 0.00904529821128, -0.0117182247341, 0.00969485379755, -0.0110468380153, 0.0214732121676]]
    },
    "melbands": {
        "dmean": [0.000246514100581, 0.000363026541891, 0.000158562863362, 0.000171540465089, 0.000238257038291, 0.00023321446497, 0.000219510446186, 0.000174770248123, 0.000377232761821, 0.000118290263345, 7.86254095146e-05, 2.11357455555e-05, 2.16838689084e-05, 3.75823838112e-05, 5.32045851287e-05, 3.78544209525e-05, 5.33020574949e-05, 3.28637361235e-05, 8.36417984829e-06, 8.76309059095e-06, 2.25300427701e-05, 1.84221225936e-05, 5.60014723305e-06, 5.74019122723e-06, 3.00867077385e-06, 9.94403535515e-07, 5.12227245508e-07, 3.29430719148e-07, 1.26503607589e-07, 5.12785156559e-08, 6.33654124726e-08, 1.50875237637e-07, 1.95660064151e-07, 2.36724218894e-07, 1.40628444001e-07, 9.98359652726e-08, 1.31498566702e-07, 1.12308548239e-07, 5.65509630235e-08, 1.24285639558e-08],
        "dmean2": [0.000413986272179, 0.000556378392503, 0.000256559724221, 0.000280236185063, 0.000397205410991, 0.000375797302695, 0.000334554119036, 0.000255084596574, 0.000537147396244, 0.000169778882992, 0.000106580162537, 3.16370715154e-05, 3.24352149619e-05, 5.53921345272e-05, 7.64480209909e-05, 5.43389396626e-05, 7.46487858123e-05, 5.00307723996e-05, 1.26379427456e-05, 1.23304707813e-05, 3.22470950778e-05, 2.67256200459e-05, 8.50046035339e-06, 8.16726242192e-06, 4.04111096941e-06, 1.50403411681e-06, 7.91587638105e-07, 5.27901988789e-07, 1.97657044509e-07, 7.63503464896e-08, 9.28718577597e-08, 2.29555581654e-07, 2.80720200863e-07, 3.40387288134e-07, 2.09866925616e-07, 1.5200306791e-07, 1.94311354562e-07, 1.6575677364e-07, 8.49314290008e-08, 1.85312956091e-08],
        "dvar": [1.86814872905e-07, 4.70376193107e-07, 6.79804230685e-08, 1.10001096232e-07, 8.78331718468e-08, 1.80613724865e-07, 1.92318069026e-07, 2.02391035486e-07, 7.96939332304e-07, 1.3603272464e-07, 7.40074455052e-08, 2.56944088228e-09, 5.81965631241e-09, 1.5066044412e-08, 4.1140765461e-08, 1.03810604557e-08, 1.88416340308e-08, 9.50866052563e-09, 5.04512043253e-10, 2.9652794109e-10, 3.62339136473e-09, 1.71974057217e-09, 1.39109140873e-10, 1.36701108766e-10, 3.36567648751e-11, 6.35911202168e-12, 1.27960554479e-12, 7.53759793297e-13, 1.692001167e-13, 2.42131720219e-14, 4.15752366345e-14, 2.5301139764e-13, 3.10287711323e-13, 3.8507548929e-13, 1.72306721842e-13, 9.87856985882e-14, 2.99160354692e-13, 2.21103856252e-13, 9.54260406588e-14, 4.89247246774e-15],
        "dvar2": [5.92918411257e-07, 1.03412571661e-06, 1.74005037934e-07, 2.55763382029e-07, 2.49031415933e-07, 3.58043592996e-07, 4.12888283563e-07, 3.78546843649e-07, 1.57328759087e-06, 2.61505419985e-07, 1.11753031717e-07, 4.73750727537e-09, 1.28158434975e-08, 3.02749398884e-08, 9.4514518878e-08, 2.02981524922e-08, 3.70104622505e-08, 2.42169289066e-08, 9.95785121027e-10, 6.17095541333e-10, 6.55714949005e-09, 3.4377685143e-09, 2.94501006914e-10, 2.41163616854e-10, 6.17095194388e-11, 1.27481272066e-11, 2.9834145137e-12, 1.78437993548e-12, 4.30455990947e-13, 4.52800469374e-14, 8.7950839374e-14, 5.6140850432e-13, 5.33343063724e-13, 7.79781295958e-13, 3.67426304226e-13, 1.96446157952e-13, 6.12244142103e-13, 3.84186036933e-13, 1.7835064751e-13, 1.11324117242e-14],
        "max": [0.00817388296127, 0.0227226093411, 0.00319319916889, 0.00616155704483, 0.00428412295878, 0.00618055090308, 0.0065361042507, 0.0115084378049, 0.0136007191613, 0.0071531124413, 0.00667298864573, 0.00102426146623, 0.00179388630204, 0.00240459409542, 0.00483797583729, 0.00191532634199, 0.00268185534514, 0.0019096613396, 0.000442223710706, 0.000361641432391, 0.00138642336242, 0.000626063905656, 0.000183478798135, 0.000233949132962, 0.000112764952064, 5.2929870435e-05, 2.70864184131e-05, 1.23518257169e-05, 9.46363888943e-06, 4.85407463202e-06, 5.38496669833e-06, 1.05133194666e-05, 1.17364943435e-05, 1.99071437237e-05, 9.64677929005e-06, 8.0657291619e-06, 1.22600731629e-05, 1.32627847051e-05, 1.00405131889e-05, 2.11725978261e-06],
        "mean": [0.000760081049521, 0.000993660301901, 0.000402868026868, 0.000341838225722, 0.000608245725743, 0.000558542611543, 0.0003968392557, 0.000337190402206, 0.000721018936019, 0.000200298731215, 0.000166987272678, 4.15323665948e-05, 3.84281192964e-05, 7.55979708629e-05, 8.36806502775e-05, 6.80746452417e-05, 9.94362417259e-05, 8.66022019181e-05, 1.64625034813e-05, 1.98603465833e-05, 4.99615089211e-05, 4.2189778469e-05, 1.45874628288e-05, 1.5993235138e-05, 7.16775957699e-06, 1.88756541775e-06, 9.29880854983e-07, 5.49136586869e-07, 2.12692398804e-07, 8.9053138197e-08, 1.07553951523e-07, 2.71052869039e-07, 4.50540539987e-07, 6.03281080203e-07, 2.9302754001e-07, 1.93299882767e-07, 2.56130363141e-07, 2.07804504271e-07, 9.10203539206e-08, 1.66481104458e-08],
        "median": [0.000427134509664, 0.000529104960151, 0.000216158150579, 0.000181807874469, 0.000367364496924, 0.000308997405227, 0.000134203233756, 6.54679897707e-05, 5.0245456805e-05, 2.34399758483e-05, 2.93610501103e-05, 1.29641039166e-05, 1.1018517398e-05, 7.42394149711e-06, 1.02519406937e-05, 1.15741140689e-05, 8.17751970317e-06, 3.65743471775e-06, 5.26101393916e-06, 5.1708261708e-06, 6.456612482e-06, 4.62593743578e-06, 1.844038934e-06, 1.90245202702e-06, 1.1476962527e-06, 4.49937829217e-07, 3.04978982513e-07, 1.45984259348e-07, 5.63492221772e-08, 2.70353108789e-08, 2.53170266973e-08, 5.47668790318e-08, 6.63879404783e-08, 5.82996548815e-08, 2.80825638299e-08, 3.54216957987e-08, 2.0562739067e-08, 2.6131425912e-08, 1.35447528749e-08, 1.59686786017e-09],
        "min": [2.68657822744e-06, 6.13941301708e-06, 6.82103973304e-07, 2.88255182568e-06, 1.33549956445e-05, 8.08236654848e-06, 1.71269107341e-06, 3.43301479688e-07, 1.07352605028e-07, 2.28557624382e-07, 2.26236593903e-07, 7.50186472942e-08, 1.2269407712e-08, 1.31589850128e-08, 9.23376664019e-09, 6.67670896348e-09, 1.00084696086e-08, 3.61314489439e-09, 2.99932589876e-09, 3.82352371986e-09, 7.19817716544e-09, 2.97816415973e-09, 3.00879854365e-09, 1.57928270461e-09, 7.04847957778e-10, 1.54289359067e-10, 9.07674713169e-10, 7.00050961644e-10, 4.75279260392e-10, 2.41932474054e-10, 1.57387949895e-10, 2.28052035589e-10, 7.70565347641e-11, 7.72709396468e-11, 9.26902825327e-12, 1.08257118547e-10, 9.27072862922e-11, 1.70788955894e-11, 6.00156452313e-11, 3.10528013893e-12],
        "var": [7.70005442519e-07, 2.23753613682e-06, 2.28264994462e-07, 2.52576398907e-07, 4.03288709094e-07, 5.71186205889e-07, 4.26168469403e-07, 5.62389288916e-07, 2.3342354325e-06, 2.78431457446e-07, 3.16501797215e-07, 6.92899515542e-09, 9.04078323316e-09, 4.26310258206e-08, 6.2416432911e-08, 3.16329575867e-08, 5.3051326887e-08, 5.65789086693e-08, 1.11890341437e-09, 1.15965193004e-09, 1.05404058814e-08, 5.73502534351e-09, 6.23615270534e-10, 6.42969233411e-10, 1.6276145709e-10, 1.82628964035e-11, 3.0137999301e-12, 1.2548977699e-12, 2.93872863327e-13, 8.85578773941e-14, 1.07069314894e-13, 5.92398038176e-13, 1.55782570004e-12, 3.00064053466e-12, 7.32405726778e-13, 3.5580308773e-13, 1.17322525393e-12, 7.25859856162e-13, 2.8820262149e-13, 1.27732246573e-14]
    },
    "mfcc": {
        "mean": [-721.087341309, 186.820251465, -8.01361465454, 15.5461759567, 19.2834911346, -2.66548728943, -16.721408844, 10.078742981, -11.1361875534, 2.18146538734, 0.61526030302, 4.67367839813, 0.680880248547],
        "cov": [[7205.27148438, -1612.78222656, -1887.12561035, -288.072601318, 23.8153057098, -173.735229492, -614.237548828, 862.514038086, -335.463348389, 474.258148193, 632.065490723, 234.152694702, -43.1798210144], [-1612.78222656, 1031.37573242, 207.046798706, 48.8789329529, -62.2174530029, 13.175444603, 255.017089844, -82.3199157715, 82.5288543701, -166.121124268, -79.534538269, -64.5916137695, 73.9836959839], [-1887.12561035, 207.046798706, 1031.9810791, 137.965454102, -49.0868148804, 22.4964008331, 182.143539429, -261.109313965, 99.3716888428, -151.760696411, -199.841323853, -63.6264572144, -24.3188552856], [-288.072601318, 48.8789329529, 137.965454102, 214.209243774, 61.3349876404, 0.868027806282, 16.6045417786, -100.213722229, 40.3324584961, -17.8560962677, -60.9041366577, -45.8544921875, -39.0461006165], [23.8153057098, -62.2174530029, -49.0868148804, 61.3349876404, 247.195983887, 98.4478912354, -65.8826217651, -105.451515198, 28.1318588257, 65.3562927246, 2.48582482338, 24.8608970642, -42.3849830627], [-173.735229492, 13.175444603, 22.4964008331, 0.868027806282, 98.4478912354, 237.501754761, 7.59107780457, -70.3645629883, 68.3426742554, 15.6288442612, -10.0440483093, 53.4150848389, 2.01988244057], [-614.237548828, 255.017089844, 182.143539429, 16.6045417786, -65.8826217651, 7.59107780457, 258.751312256, 7.27279663086, 61.0665817261, -88.9923629761, -47.6913566589, -21.851474762, 41.2985649109], [862.514038086, -82.3199157715, -261.109313965, -100.213722229, -105.451515198, -70.3645629883, 7.27279663086, 372.119384766, -45.4393081665, 20.9045028687, 140.491394043, 28.3584709167, 37.1674423218], [-335.463348389, 82.5288543701, 99.3716888428, 40.3324584961, 28.1318588257, 68.3426742554, 61.0665817261, -45.4393081665, 122.799995422, -15.0486927032, -36.8739395142, 2.63829636574, -9.12672328949], [474.258148193, -166.121124268, -151.760696411, -17.8560962677, 65.3562927246, 15.6288442612, -88.9923629761, 20.9045028687, -15.0486927032, 155.876968384, 64.4409332275, 29.2703666687, -24.0450248718], [632.065490723, -79.534538269, -199.841323853, -60.9041366577, 2.48582482338, -10.0440483093, -47.6913566589, 140.491394043, -36.8739395142, 64.4409332275, 172.395019531, 39.2714309692, 17.421087265], [234.152694702, -64.5916137695, -63.6264572144, -45.8544921875, 24.8608970642, 53.4150848389, -21.851474762, 28.3584709167, 2.63829636574, 29.2703666687, 39.2714309692, 117.610717773, 12.080953598], [-43.1798210144, 73.9836959839, -24.3188552856, -39.0461006165, -42.3849830627, 2.01988244057, 41.2985649109, 37.1674423218, -9.12672328949, -24.0450248718, 17.421087265, 12.080953598, 97.3601760864]],
