{
"lowlevel": {
    "average_loudness": 0.699872970581,
    "barkbands_crest": {
        "dmean": 1.98360729218,
        "dmean2": 3.01701498032,
        "dvar": 3.7043774128,
        "dvar2": 8.41659069061,
        "max": 24.8744850159,
        "mean": 11.5583953857,
        "median": 10.6844530106,
        "min": 3.1314740181,
        "var": 19.4351940155
    },
    "barkbands_flatness_db": {
        "dmean": 0.0157307330519,
        "dmean2": 0.0228042211384,
        "dvar": 0.00023335077276,
        "dvar2": 0.00047870335402,
        "max": 0.329884052277,
        "mean": 0.177639245987,
        "median": 0.17387111485,
        "min": 0.050822827965,
        "var": 0.0022360640578
    },
    "barkbands_kurtosis": {
        "dmean": 2.65030860901,
        "dmean2": 3.94237375259,
        "dvar": 11.4850006104,
        "dvar2": 23.1783885956,
        "max": 87.3175048828,
        "mean": 7.25387620926,
        "median": 5.17067909241,
        "min": -1.88825893402,
        "var": 64.6922225952
    },
    "barkbands_skewness": {
        "dmean": 0.434057354927,
        "dmean2": 0.620585024357,
        "dvar": 0.245557501912,
        "dvar2": 0.451835930347,
        "max": 7.47276926041,
        "mean": 2.00003361702,
        "median": 1.89414012432,
        "min": -3.80071473122,
        "var": 1.2740008831
    },
    "barkbands_spread": {
        "dmean": 3.49652838707,
        "dmean2": 4.89307785034,
        "dvar": 44.5702400208,
        "dvar2": 83.9352035522,
        "max": 82.3002090454,
        "mean": 13.1808366776,
        "median": 10.225227356,
        "min": 1.11664581299,
        "var": 139.876083374
    },
    "dissonance": {
        "dmean": 0.0292225033045,
        "dmean2": 0.0495444014668,
        "dvar": 0.000682304613292,
        "dvar2": 0.00178224453703,
        "max": 0.498698323965,
        "mean": 0.425059705973,
        "median": 0.42940312624,
        "min": 0.257962852716,
        "var": 0.00171528814826
    },
    "dynamic_complexity": 6.72490406036,
    "erbbands_crest": {
        "dmean": 2.1694123745,
        "dmean2": 3.3347890377,
        "dvar": 3.87795495987,
        "dvar2": 8.33125114441,
        "max": 31.278755188,
        "mean": 10.9605617523,
        "median": 10.2707605362,
        "min": 3.1163547039,
        "var": 19.8534297943
    },
    "erbbands_flatness_db": {
        "dmean": 0.0136852264404,
        "dmean2": 0.0192262548953,
        "dvar": 0.000190247650607,
        "dvar2": 0.000356486125384,
        "max": 0.31843611598,
        "mean": 0.201625332236,
        "median": 0.206025660038,
        "min": 0.0819258540869,
        "var": 0.00194290594663
    },
    "erbbands_kurtosis": {
        "dmean": 1.30004274845,
        "dmean2": 1.93880319595,
        "dvar": 3.01851439476,
        "dvar2": 5.66648721695,
        "max": 40.4771995544,
        "mean": 2.41815924644,
        "median": 1.65912246704,
        "min": -1.86849534512,
        "var": 13.2539863586
    },
    "erbbands_skewness": {
        "dmean": 0.351110845804,
        "dmean2": 0.504863858223,
        "dvar": 0.120859101415,
        "dvar2": 0.227864012122,
        "max": 5.41551542282,
        "mean": 1.14246594906,
        "median": 1.15297472477,
        "min": -3.09429240227,
        "var": 0.755680322647
    },
    "erbbands_spread": {
        "dmean": 5.72635650635,
        "dmean2": 8.28681468964,
        "dvar": 69.8019332886,
        "dvar2": 141.809356689,
        "max": 123.103401184,
        "mean": 28.0444507599,
        "median": 23.862285614,
        "min": 4.39104986191,
        "var": 283.746551514
    },
    "hfc": {
        "dmean": 4.51457166672,
        "dmean2": 6.33343935013,
        "dvar": 280.475036621,
        "dvar2": 665.91583252,
        "max": 436.359802246,
        "mean": 14.327082634,
        "median": 6.37011098862,
        "min": 1.13726666905e-16,
        "var": 552.460632324
    },
    "melbands_crest": {
        "dmean": 2.454185009,
        "dmean2": 3.76824688911,
        "dvar": 5.45665788651,
        "dvar2": 12.1796684265,
        "max": 32.8267936707,
        "mean": 14.6435241699,
        "median": 13.8818311691,
        "min": 2.47557067871,
        "var": 23.1969108582
    },
    "melbands_flatness_db": {
        "dmean": 0.0172341559082,
        "dmean2": 0.023847617209,
        "dvar": 0.000385872874176,
        "dvar2": 0.000603984168265,
        "max": 0.456751257181,
        "mean": 0.234077811241,
        "median": 0.225438117981,
        "min": 0.00495382305235,
        "var": 0.00480957981199
    },
    "melbands_kurtosis": {
        "dmean": 4.78279352188,
        "dmean2": 7.25709724426,
        "dvar": 45.6961975098,
        "dvar2": 106.010177612,
        "max": 116.237945557,
        "mean": 13.5041923523,
        "median": 8.87547397614,
        "min": -1.86820352077,
        "var": 208.216629028
    },
    "melbands_skewness": {
        "dmean": 0.502634704113,
        "dmean2": 0.757557332516,
        "dvar": 0.316815197468,
        "dvar2": 0.714877426624,
        "max": 8.87470722198,
        "mean": 2.49440193176,
        "median": 2.20319271088,
        "min": -0.724908649921,
        "var": 1.74714291096
    },
    "melbands_spread": {
        "dmean": 4.98033618927,
        "dmean2": 6.81551027298,
        "dvar": 190.623382568,
        "dvar2": 290.313842773,
        "max": 229.659057617,
        "mean": 15.7869529724,
        "median": 11.0417785645,
        "min": 1.26984703541,
        "var": 522.880371094
    },
    "pitch_salience": {
        "dmean": 0.0539087839425,
        "dmean2": 0.082577496767,
        "dvar": 0.00235850759782,
        "dvar2": 0.00551267294213,
        "max": 0.906438529491,
        "mean": 0.549529731274,
        "median": 0.554381549358,
        "min": 0.201545596123,
        "var": 0.0107758119702
    },
    "silence_rate_20dB": {
        "dmean": 0,
        "dmean2": 0,
        "dvar": 0,
        "dvar2": 0,
        "max": 1,
        "mean": 1,
        "median": 1,
        "min": 1,
        "var": 0
    },
    "silence_rate_30dB": {
        "dmean": 0.00154559500515,
        "dmean2": 0.00309358071536,
        "dvar": 0.00154320476577,
        "dvar2": 0.00308400113136,
        "max": 1,
        "mean": 0.998455584049,
        "median": 1,
        "min": 0,
        "var": 0.00154201604892
    },
    "silence_rate_60dB": {
        "dmean": 0.0231839250773,
        "dmean2": 0.0464037135243,
        "dvar": 0.0226466357708,
        "dvar2": 0.048890221864,
        "max": 1,
        "mean": 0.346718132496,
        "median": 0,
        "min": 0,
        "var": 0.226503610611
    },
    "spectral_centroid": {
        "dmean": 150.835037231,
        "dmean2": 201.522003174,
        "dvar": 159800.78125,
        "dvar2": 196879.84375,
        "max": 10874.6728516,
        "mean": 878.916320801,
        "median": 734.198791504,
        "min": 263.581420898,
        "var": 418467.625
    },
    "spectral_complexity": {
        "dmean": 1.59196293354,
        "dmean2": 2.55375099182,
        "dvar": 4.60012245178,
        "dvar2": 8.29970169067,
        "max": 49,
        "mean": 9.86486530304,
        "median": 9,
        "min": 0,
        "var": 40.7608413696
    },
    "spectral_decrease": {
        "dmean": 8.74156191877e-10,
        "dmean2": 1.20136256498e-09,
        "dvar": 2.87468878869e-18,
        "dvar2": 5.26221824101e-18,
        "max": -3.04139114044e-30,
        "mean": -3.64887831061e-09,
        "median": -2.14142237276e-09,
        "min": -3.04071079427e-08,
        "var": 1.88177716373e-17
    },
    "spectral_energy": {
        "dmean": 0.00356631516479,
        "dmean2": 0.00492894789204,
        "dvar": 4.82043797092e-05,
        "dvar2": 8.88219947228e-05,
        "max": 0.123387783766,
        "mean": 0.0150712197646,
        "median": 0.00889824610204,
        "min": 1.03268281131e-20,
        "var": 0.000318174046697
    },
    "spectral_energyband_high": {
        "dmean": 0.000296559155686,
        "dmean2": 0.000424969533924,
        "dvar": 3.33637558469e-06,
        "dvar2": 8.25326424092e-06,
        "max": 0.0492864847183,
        "mean": 0.000587060116231,
        "median": 6.18843696429e-05,
        "min": 7.74924850604e-21,
        "var": 3.68439077647e-06
    },
    "spectral_energyband_low": {
        "dmean": 8.46340117278e-05,
        "dmean2": 0.000134264337248,
        "dvar": 6.50212186315e-08,
        "dvar2": 1.3536816823e-07,
        "max": 0.00610749702901,
        "mean": 0.000267345836619,
        "median": 8.95404882613e-05,
        "min": 1.25742333078e-22,
        "var": 3.55029925458e-07
    },
    "spectral_energyband_middle_high": {
        "dmean": 0.000970770139247,
        "dmean2": 0.00134116096888,
        "dvar": 5.99312488703e-06,
        "dvar2": 1.05475073724e-05,
        "max": 0.0573021024466,
        "mean": 0.00315568805672,
        "median": 0.000904418586288,
        "min": 1.32756187525e-21,
        "var": 3.92103356717e-05
    },
    "spectral_energyband_middle_low": {
        "dmean": 0.00304772146046,
        "dmean2": 0.00426370510831,
        "dvar": 3.512098192e-05,
        "dvar2": 6.87973588356e-05,
        "max": 0.116291798651,
        "mean": 0.0111973453313,
        "median": 0.00669882073998,
        "min": 2.09333568692e-22,
        "var": 0.000185814802535
    },
    "spectral_entropy": {
        "dmean": 0.14513027668,
        "dmean2": 0.195161730051,
        "dvar": 0.0312333293259,
        "dvar2": 0.0440771616995,
        "max": 9.80164337158,
        "mean": 7.08935880661,
        "median": 7.09418582916,
        "min": 5.54872131348,
        "var": 0.329666614532
    },
    "spectral_flux": {
        "dmean": 0.0126816658303,
        "dmean2": 0.0195923037827,
        "dvar": 0.000325277855154,
        "dvar2": 0.000700893811882,
        "max": 0.230880528688,
        "mean": 0.0421867333353,
        "median": 0.0330808945,
        "min": 1.01621003279e-10,
        "var": 0.00139145331923
    },
    "spectral_kurtosis": {
        "dmean": 2.75260090828,
        "dmean2": 4.59242725372,
        "dvar": 23.1796169281,
        "dvar2": 70.3643264771,
        "max": 82.4016113281,
        "mean": 9.18456077576,
        "median": 5.25619029999,
        "min": -1.22161448002,
        "var": 143.043197632
    },
    "spectral_rms": {
        "dmean": 0.000380951212719,
        "dmean2": 0.000513739592861,
        "dvar": 3.22992093515e-07,
        "dvar2": 5.34596608759e-07,
        "max": 0.0109717054293,
        "mean": 0.00317603256553,
        "median": 0.00294639030471,
        "min": 3.17410681072e-12,
        "var": 4.61644503957e-06
    },
    "spectral_rolloff": {
        "dmean": 422.1434021,
        "dmean2": 635.155517578,
        "dvar": 1952673.375,
        "dvar2": 2834993.75,
        "max": 18949.21875,
        "mean": 1366.00158691,
        "median": 818.26171875,
        "min": 236.865234375,
        "var": 4557661
    },
    "spectral_skewness": {
        "dmean": 0.275097101927,
        "dmean2": 0.429800838232,
        "dvar": 0.108376130462,
        "dvar2": 0.289891511202,
        "max": 6.99020147324,
        "mean": 2.21904587746,
        "median": 1.93560147285,
        "min": -0.00698572024703,
        "var": 1.07323074341
    },
    "spectral_spread": {
        "dmean": 597099.375,
        "dmean2": 790902.375,
        "dvar": 1.61176551424e+12,
        "dvar2": 1.80982500557e+12,
        "max": 40506916,
        "mean": 5103717.5,
        "median": 4935255,
        "min": 851208.75,
        "var": 7.21267143475e+12
    },
    "spectral_strongpeak": {
        "dmean": 0.356275260448,
        "dmean2": 0.554848015308,
        "dvar": 0.402481853962,
        "dvar2": 0.8264310956,
        "max": 9.97109699249,
        "mean": 1.15996336937,
        "median": 0.764296889305,
        "min": 0,
        "var": 1.60979866982
    },
    "zerocrossingrate": {
        "dmean": 0.0117368623614,
        "dmean2": 0.0120318084955,
        "dvar": 0.000783543509897,
        "dvar2": 0.000712960783858,
        "max": 0.509765625,
        "mean": 0.0566821023822,
        "median": 0.04248046875,
        "min": 0.01025390625,
        "var": 0.00322911981493
    },
    "barkbands": {
        "dmean": [4.07037134664e-07, 3.33079660777e-05, 4.86261633341e-05, 3.50076661562e-05, 0.00047576444922, 0.00113498908468, 0.000960229837801, 0.000421351578552, 0.00124470458832, 0.000407419545809, 0.000165735094924, 0.000269054115051, 0.000222265720367, 0.000163591757882, 0.000195950182388, 6.22429943178e-05, 5.54005637241e-05, 7.81196795288e-05, 2.26419360843e-05, 3.82068210456e-05, 2.89472063741e-05, 3.41690611094e-05, 4.97863002238e-05, 8.70504445629e-05, 9.73354908638e-05, 3.63243125321e-05, 2.22921698878e-06],
        "dmean2": [7.19564184237e-07, 5.43636524526e-05, 7.89195037214e-05, 5.83189903409e-05, 0.000690461311024, 0.00166893610731, 0.00140574399848, 0.000593772798311, 0.0017068645684, 0.000591509277001, 0.000245297444053, 0.000378205964807, 0.000347314722603, 0.000243921662332, 0.000293022516416, 9.56822041189e-05, 8.458247612e-05, 0.000123649457237, 3.71875648852e-05, 5.4597032431e-05, 4.41763550043e-05, 5.17767111887e-05, 7.77354944148e-05, 0.000132647488499, 0.000143377998029, 5.16092768521e-05, 3.38666745847e-06],
        "dvar": [5.66253803829e-13, 1.35529427681e-08, 2.20376374926e-08, 1.00480974652e-08, 1.33368007482e-06, 8.64129924594e-06, 1.05937187982e-05, 1.24322275497e-06, 1.36400567499e-05, 2.23908114094e-06, 2.80484698578e-07, 1.00704130546e-06, 5.39952338841e-07, 4.41978102117e-07, 8.94683410024e-07, 5.00020860272e-08, 5.44489751064e-08, 2.93866179391e-07, 3.47645716658e-08, 1.96017158061e-08, 5.86461634811e-09, 4.34109388436e-08, 1.13629944565e-07, 5.60303817565e-07, 2.35774422208e-07, 2.45913245323e-08, 9.2324828338e-11],
        "dvar2": [1.72127102068e-12, 3.10287440186e-08, 4.56948079375e-08, 2.54112624276e-08, 2.68226040134e-06, 1.88466965483e-05, 2.43241720455e-05, 2.66552115136e-06, 2.31847207033e-05, 4.39281620856e-06, 5.05633522607e-07, 1.97100712285e-06, 1.26868928874e-06, 8.83448592504e-07, 1.73048113083e-06, 1.13490557396e-07, 1.1634455177e-07, 7.62078400385e-07, 8.54590354038e-08, 3.7871245695e-08, 1.27021113627e-08, 1.1293995783e-07, 2.92501880494e-07, 1.44800094404e-06, 5.69997155253e-07, 4.88449281022e-08, 1.92898849671e-10],
        "max": [9.95976279228e-06, 0.00254520005547, 0.00387365743518, 0.00284261233173, 0.0251265913248, 0.0503312759101, 0.0688657611609, 0.026766737923, 0.1068476215, 0.0461774580181, 0.0113018294796, 0.0292415674776, 0.0137163912877, 0.0149136679247, 0.0278431773186, 0.00441504176706, 0.00554406456649, 0.0145009057596, 0.00471968669444, 0.00305540836416, 0.00121159362607, 0.00555730052292, 0.008932874538, 0.0212658196688, 0.0102739091963, 0.00257281213999, 0.00016605212295],
        "mean": [4.11402396594e-07, 6.15388780716e-05, 0.000143898651004, 0.00010649565229, 0.00151978316717, 0.00304107693955, 0.00261032907292, 0.000862115237396, 0.00294614909217, 0.000926023814827, 0.000358448276529, 0.000567883427721, 0.000378433789592, 0.000285811023787, 0.000300733285258, 0.00010611613834, 9.66112929746e-05, 0.000116144401545, 3.0684605008e-05, 7.9151490354e-05, 6.95235357853e-05, 5.560554564e-05, 7.04749036231e-05, 0.000123824866023, 0.000151880696649, 5.91261923546e-05, 2.95253607874e-06],
        "median": [1.63736544323e-07, 8.34903403302e-06, 3.40749247698e-05, 3.29303438775e-05, 0.000317335361615, 0.000964537495747, 0.000352376606315, 0.000169122475199, 0.000279903790215, 0.000118262869364, 5.15407264174e-05, 7.79740803409e-05, 6.73729882692e-05, 2.28586359299e-05, 4.28187049692e-05, 1.72688560269e-05, 3.13037417072e-05, 3.36377343046e-05, 1.1423721844e-05, 1.18912339531e-05, 6.90356955602e-06, 5.73202260057e-06, 6.76432728142e-06, 8.87201167643e-06, 1.24663802126e-05, 4.27589839092e-06, 9.68140270174e-08],
        "min": [1.951766204e-23, 7.77703445904e-23, 2.31786440165e-23, 1.58330095031e-23, 2.64232794068e-23, 5.20049420464e-23, 3.46001303451e-23, 2.9604015486e-23, 4.81896572991e-23, 4.30547597186e-23, 5.57985930723e-23, 1.19061425895e-22, 9.669756002e-23, 1.31851486498e-22, 9.50303498285e-23, 1.08229116111e-22, 1.14316648431e-22, 1.52655288425e-22, 2.94767356188e-22, 2.87936578056e-22, 5.65747665698e-22, 6.66097336165e-22, 4.76580534014e-22, 8.43467194989e-22, 1.33295379633e-21, 1.56455416946e-21, 2.41685473856e-21],
        "var": [5.40765457586e-13, 4.38174474482e-08, 1.4742995802e-07, 3.79763278602e-08, 1.06079278339e-05, 2.72719735221e-05, 3.17237354466e-05, 3.87333557228e-06, 6.93454276188e-05, 1.05554963739e-05, 8.8829796141e-07, 2.76440550806e-06, 1.09782683921e-06, 1.29391526116e-06, 1.4976338889e-06, 1.07303584684e-07, 9.29867809418e-08, 2.44829749363e-07, 3.03278184788e-08, 6.73225670766e-08, 2.0245295218e-08, 4.04493860628e-08, 9.6104187719e-08, 4.43441876996e-07, 3.29211815142e-07, 4.5558795847e-08, 1.56697432807e-10]
    },
    "erbbands": {
        "dmean": [0.000291045842459, 0.00974331609905, 0.0503841899335, 0.0819890722632, 0.51589435339, 1.63972425461, 5.51872825623, 11.4266223907, 14.5889549255, 8.1924905777, 12.5738916397, 28.1491107941, 18.156829834, 10.398311615, 5.66320133209, 8.39624595642, 9.06402206421, 6.87134647369, 9.18978881836, 7.20612955093, 2.65026068687, 3.21278810501, 4.57045316696, 1.83321726322, 1.13660228252, 1.73828458786, 1.38715291023, 1.21397411823, 1.30617892742, 1.0859041214, 1.57416772842, 1.77370655537, 1.41203331947, 0.984807252884, 0.802548885345, 0.246514350176, 0.0524218603969, 0.00800838693976, 0.000252669880865, 1.07438136183e-05],
        "dmean2": [0.00048652823898, 0.0157287456095, 0.0801036059856, 0.130398392677, 0.711863458157, 2.49412250519, 8.07975101471, 16.8133621216, 21.8314380646, 11.5858612061, 16.563419342, 36.3544082642, 27.4957256317, 15.1461868286, 7.80092000961, 11.7764091492, 13.8799514771, 10.2655696869, 13.1106872559, 10.527182579, 3.9517261982, 4.79376077652, 6.90934562683, 3.07334709167, 1.80203175545, 2.50681877136, 2.11258482933, 1.8581264019, 1.97694158554, 1.69286179543, 2.49622368813, 2.84535694122, 2.07430362701, 1.48075389862, 1.18070268631, 0.357473880053, 0.0744706019759, 0.0117773059756, 0.000374489143724, 1.5150728359e-05],
        "dvar": [5.81943083944e-07, 0.00127547781449, 0.0340578779578, 0.0279026068747, 3.67506361008, 17.357252121, 145.89125061, 993.065795898, 2521.64941406, 668.641296387, 893.654724121, 8825.83496094, 2956.55493164, 913.882446289, 319.979003906, 938.982788086, 766.662597656, 484.139282227, 1233.01257324, 1028.47631836, 73.5923309326, 162.173339844, 691.249572754, 388.241607666, 46.6246604919, 41.4002952576, 15.171377182, 13.3966169357, 49.5931892395, 55.2355270386, 146.333786011, 394.052886963, 76.0221099854, 29.1905918121, 15.7969961166, 1.27646780014, 0.0472462326288, 0.00132534478325, 1.29061004372e-06, 1.4178874741e-09],
        "dvar2": [1.39192650295e-06, 0.00284289615229, 0.069033652544, 0.0605902336538, 5.05756187439, 33.3690109253, 288.079345703, 2053.59790039, 6123.41455078, 1277.77050781, 1605.27526855, 12784.6933594, 6690.79589844, 1729.15161133, 613.679260254, 1765.96057129, 1714.29345703, 998.42364502, 2246.18920898, 2056.4206543, 158.838165283, 310.134307861, 1639.12512207, 1065.06066895, 99.503616333, 79.2739562988, 31.196264267, 30.5738964081, 128.987564087, 139.413314819, 389.853546143, 1091.01501465, 175.275268555, 72.2458648682, 38.3424415588, 2.70002985001, 0.0918713510036, 0.00285264244303, 2.72561874226e-06, 3.0382771854e-09],
        "max": [0.0140405371785, 0.811070919037, 4.78234243393, 3.92073082924, 82.542350769, 103.341293335, 262.852172852, 499.39352417, 1081.3046875, 464.478607178, 767.171325684, 3056.45532227, 1172.3692627, 701.051696777, 552.310058594, 731.663024902, 488.077758789, 424.876800537, 831.24041748, 859.024047852, 130.707778931, 300.03717041, 662.085327148, 547.816589355, 158.791046143, 135.514846802, 80.0901794434, 58.6898193359, 174.600296021, 202.975906372, 322.364715576, 547.367980957, 243.267364502, 138.184631348, 85.2377166748, 17.5678863525, 4.31902885437, 0.655816137791, 0.0179269276559, 0.00069807068212],
        "mean": [0.000488653371576, 0.0199357233942, 0.145801350474, 0.325761109591, 1.75213015079, 5.61042928696, 15.2043123245, 28.6156311035, 38.7649421692, 21.738155365, 30.2554092407, 64.1810836792, 42.3825759888, 25.6308708191, 13.5179042816, 18.1169967651, 17.4435272217, 13.9820747375, 17.504901886, 11.4234523773, 5.1203827858, 6.10773897171, 7.16669416428, 2.67554211617, 1.80427575111, 3.6502468586, 3.28429961205, 2.67467617989, 2.18014669418, 1.53930735588, 2.16990685463, 2.29089450836, 2.20481848717, 1.57989442348, 1.13360345364, 0.384454131126, 0.0857106596231, 0.0127009917051, 0.000378082680982, 3.05255707644e-05],
        "median": [0.000152583816089, 0.00308440183289, 0.0319469049573, 0.0978215634823, 0.298304498196, 1.42269933224, 6.43966579437, 6.79872131348, 6.15678119659, 5.32197666168, 6.93555641174, 6.35092592239, 6.46601819992, 5.17612314224, 2.41310811043, 2.96049356461, 3.97570323944, 2.14321208, 1.96317923069, 1.76097929478, 1.38635075092, 2.06310558319, 1.88532578945, 1.01867294312, 0.57743024826, 0.438298374414, 0.346256881952, 0.294093668461, 0.216188907623, 0.173046693206, 0.194452449679, 0.143995866179, 0.166472271085, 0.113248974085, 0.0774936378002, 0.0291608851403, 0.00588624784723, 0.000708364415914, 2.66040897259e-05, 1.45107615026e-05],
        "min": [2.64820944146e-21, 1.60353501543e-20, 2.21131097883e-20, 6.06283257817e-20, 5.4287236754e-20, 1.15938048246e-19, 1.47544205861e-19, 5.67373470209e-19, 4.0898053212e-19, 5.37978056178e-19, 8.24694676318e-19, 1.27793965927e-18, 6.63828106307e-19, 2.67608665272e-18, 2.06410307358e-18, 5.15112416243e-18, 5.20171080638e-18, 4.95945400679e-18, 7.32479268482e-18, 5.55368897832e-18, 5.0371138586e-18, 7.28466119022e-18, 7.8798325302e-18, 1.18888129998e-17, 1.58912413717e-17, 1.29037487221e-17, 2.03463203456e-17, 2.22939369502e-17, 2.28765798127e-17, 1.87845454465e-17, 1.27471402711e-17, 1.94415981681e-17, 1.35495898377e-17, 1.33640805233e-17, 9.95775241515e-18, 6.58000836026e-18, 2.55619344038e-18, 1.26056452371e-18, 3.32343773482e-19, 3.5090717338e-20],
        "var": [1.35502261855e-06, 0.00473630288616, 0.214557692409, 0.243882104754, 43.4171295166, 171.504821777, 506.552978516, 3360.15356445, 6705.59521484, 2310.45214844, 3898.3371582, 43938.9921875, 11520.7265625, 4108.07666016, 1190.84436035, 2478.7722168, 1669.00024414, 1609.21276855, 3474.90307617, 1638.67553711, 166.226074219, 329.264404297, 722.218261719, 261.333679199, 57.7395629883, 148.612823486, 60.4613342285, 35.1699523926, 49.7970352173, 48.1130447388, 112.299942017, 260.104888916, 79.0227584839, 34.1130828857, 22.339515686, 2.07250761986, 0.0942474529147, 0.00241871597245, 2.2134208848e-06, 2.97547764205e-09]
    },
    "gfcc": {
        "mean": [-94.957862854, 86.8727111816, -122.335662842, -13.9892673492, -82.8711853027, -5.30360794067, -56.2679786682, 2.61460781097, -31.0157241821, 2.51757454872, -17.8087902069, 2.22847104073, -8.77405929565],
        "cov": [[16518.6835938, -4401.46289062, -694.092834473, -450.135040283, -1858.67175293, 702.319580078, -837.369567871, 606.914245605, -191.339157104, 599.176086426, -197.617507935, 350.346130371, 115.841796875], [-4401.46289062, 2735.12084961, 26.0262336731, -18.5429286957, 892.886413574, -337.816253662, 302.540924072, -256.532440186, 108.669075012, -365.659942627, 48.7479667664, -195.225799561, -56.6142120361], [-694.092834473, 26.0262336731, 974.683044434, 131.466552734, 152.816009521, 245.373748779, -23.0971012115, 17.9504184723, -94.7040481567, -6.09657144547, -118.420463562, 0.653289914131, -11.0365905762], [-450.135040283, -18.5429286957, 131.466552734, 399.034698486, 57.6707954407, 12.9026460648, 29.3877696991, -12.9748840332, 21.3528900146, -7.14450645447, -40.9801635742, -40.6402130127, 1.62008988857], [-1858.67175293, 892.886413574, 152.816009521, 57.6707954407, 499.383300781, -78.4956207275, 122.278167725, -80.6664962769, 50.8233375549, -121.285835266, -22.5917396545, -82.505821228, -34.5574302673], [702.319580078, -337.816253662, 245.373748779, 12.9026460648, -78.4956207275, 346.226226807, 17.6008281708, 61.8640060425, -41.632938385, 89.87059021, -36.2378349304, -3.73995804787, 13.8174085617], [-837.369567871, 302.540924072, -23.0971012115, 29.3877696991, 122.278167725, 17.6008281708, 173.217880249, -25.0757026672, 25.5677185059, -16.6625595093, 2.08268022537, -39.0631065369, -14.5475711823], [606.914245605, -256.532440186, 17.9504184723, -12.9748840332, -80.6664962769, 61.8640060425, -25.0757026672, 115.828559875, 5.04239797592, 48.6816749573, -9.72834205627, 16.1984958649, 6.00085783005], [-191.339157104, 108.669075012, -94.7040481567, 21.3528900146, 50.8233375549, -41.632938385, 25.5677185059, 5.04239797592, 126.708206177, 13.1180915833, 12.9343891144, -21.8996086121, 10.4964647293], [599.176086426, -365.659942627, -6.09657144547, -7.14450645447, -121.285835266, 89.87059021, -16.6625595093, 48.6816749573, 13.1180915833, 156.393966675, 22.8890209198, 20.7108573914, 10.5368146896], [-197.617507935, 48.7479667664, -118.420463562, -40.9801635742, -22.5917396545, -36.2378349304, 2.08268022537, -9.72834205627, 12.9343891144, 22.8890209198, 130.193511963, 42.700466156, 2.92261600494], [350.346130371, -195.225799561, 0.653289914131, -40.6402130127, -82.505821228, -3.73995804787, -39.0631065369, 16.1984958649, -21.8996086121, 20.7108573914, 42.700466156, 95.8714370728, 15.7955198288], [115.841796875, -56.6142120361, -11.0365905762, 1.62008988857, -34.5574302673, 13.8174085617, -14.5475711823, 6.00085783005, 10.4964647293, 10.5368146896, 2.92261600494, 15.7955198288, 62.6161079407]],
        "icov": [[0.00018293998437, 1.85079716175e-05, 0.000273416982964, 5.78250110266e-05, 0.00024861341808, -0.000395732058678, 0.000617222394794, -0.000295651349006, -1.86761280929e-05, -0.000113537855214, 0.00058091635583, -0.000381741556339, 0.000212671788177], [1.85079716175e-05, 0.00158185546752, -0.00023846453405, 0.000567066075746, -0.00166655285284, 0.000615413417108, -0.00101372704376, 0.000747520825826, -0.000212043392821, 0.00170033343602, -0.00150487117935, 0.00180926756002, -0.00066017860081], [0.000273416982964, -0.00023846453405, 0.00239463592879, -0.000548854353838, -0.000603218213655, -0.00212838407606, 0.0020269730594, -0.000544292328414, 0.0010035673622, -0.000591320509557, 0.00247795437463, -0.00229128100909, 0.000768294965383], [5.78250110266e-05, 0.000567066075746, -0.000548854353838, 0.00306780915707, -0.000303059146972, 0.000432495085988, -0.000626425084192, 0.00046561320778, -0.000682396173943, 0.000426311424235, -4.3183179514e-05, 0.00153421470895, -0.000565586669836], [0.00024861341808, -0.00166655285284, -0.000603218213655, -0.000303059146972, 0.00641652010381, -0.00034314012737, -0.000129592692247, -0.000228579796385, -0.00163044640794, 0.000175683540874, 0.00156042003073, -0.000333842093823, 0.00179865479004], [-0.000395732058678, 0.000615413417108, -0.00212838407606, 0.000432495085988, -0.00034314012737, 0.00645549595356, -0.00360567751341, -0.000604552100413, 0.00129094044678, -0.00140888814349, -0.00177471362986, 0.00323969987221, -0.00220519397408], [0.000617222394794, -0.00101372704376, 0.0020269730594, -0.000626425084192, -0.000129592692247, -0.00360567751341, 0.0110016968101, -0.000647708831821, -0.000433632580098, -0.00162117718719, 0.00247638998553, -0.00148363597691, 0.00226144120097], [-0.000295651349006, 0.000747520825826, -0.000544292328414, 0.00046561320778, -0.000228579796385, -0.000604552100413, -0.000647708831821, 0.0123890833929, -0.00201562140137, -0.000708602950908, 1.29867812575e-05, -0.000132079570903, 0.000274142541457], [-1.86761280929e-05, -0.000212043392821, 0.0010035673622, -0.000682396173943, -0.00163044640794, 0.00129094044678, -0.000433632580098, -0.00201562140137, 0.0110831316561, -0.00276145990938, -0.000522252288647, 0.00199450785294, -0.00292686163448], [-0.000113537855214, 0.00170033343602, -0.000591320509557, 0.000426311424235, 0.000175683540874, -0.00140888814349, -0.00162117718719, -0.000708602950908, -0.00276145990938, 0.0123658087105, -0.00423043314368, 0.00224151229486, -0.000254687736742], [0.00058091635583, -0.00150487117935, 0.00247795437463, -4.3183179514e-05, 0.00156042003073, -0.00177471362986, 0.00247638998553, 1.29867812575e-05, -0.000522252288647, -0.00423043314368, 0.014843496494, -0.00912740919739, 0.00223852368072], [-0.000381741556339, 0.00180926756002, -0.00229128100909, 0.00153421470895, -0.000333842093823, 0.00323969987221, -0.00148363597691, -0.000132079570903, 0.00199450785294, 0.00224151229486, -0.00912740919739, 0.0202480535954, -0.00472593447194], [0.000212671788177, -0.00066017860081, 0.000768294965383, -0.000565586669836, 0.00179865479004, -0.00220519397408, 0.00226144120097, 0.000274142541457, -0.00292686163448, -0.000254687736742, 0.00223852368072, -0.00472593447194, 0.0187296178192]]
    },
    "melbands": {
        "dmean": [5.73217857891e-06, 2.17188135139e-05, 2.14915562537e-05, 7.41533731343e-05, 0.000167335907463, 0.000251531484537, 0.000212789993384, 8.67239432409e-05, 0.00012366392184, 0.000181744195288, 9.35542338993e-05, 4.67024547106e-05, 1.78602986125e-05, 2.66388160526e-05, 2.33017926803e-05, 2.32134461839e-05, 1.24167681861e-05, 1.53561086336e-05, 1.77776546479e-05, 5.54467078473e-06, 2.69102110906e-06, 3.62714445146e-06, 4.34013281847e-06, 3.31389219355e-06, 1.44980037931e-06, 7.52727146391e-07, 1.01050932244e-06, 1.37005588385e-06, 1.08149765765e-06, 7.10496067313e-07, 7.98872690666e-07, 8.23307061637e-07, 5.81572976444e-07, 6.71637451433e-07, 9.74084514382e-07, 9.24805306113e-07, 1.16524006444e-06, 1.06131778921e-06, 8.21794401418e-07, 8.84265944023e-07],
        "dmean2": [9.43135728448e-06, 3.42923121934e-05, 3.27211237163e-05, 0.000108250940684, 0.000246681593126, 0.000365859974409, 0.000316754478263, 0.000123856720165, 0.000152990920469, 0.000245269824518, 0.00014149407798, 6.77556090523e-05, 2.53464422713e-05, 3.63519939128e-05, 3.52144161297e-05, 3.68163928215e-05, 1.867130959e-05, 2.21301597776e-05, 2.58783929894e-05, 8.67283051775e-06, 3.98785095967e-06, 5.56358827453e-06, 6.43538078293e-06, 5.32948388354e-06, 2.44920965997e-06, 1.21711593692e-06, 1.63743618486e-06, 2.03434569812e-06, 1.61327636761e-06, 1.0821087244e-06, 1.23240317862e-06, 1.23505901684e-06, 9.3937649126e-07, 1.04897787878e-06, 1.55138889113e-06, 1.49755840084e-06, 1.86898148513e-06, 1.54767917593e-06, 1.26325494421e-06, 1.34080255521e-06],
        "dvar": [3.21586368646e-10, 6.28488860954e-09, 4.49737447283e-09, 3.86011258513e-08, 1.3045988112e-07, 4.45483692602e-07, 5.13468080499e-07, 6.61691430537e-08, 1.20122265912e-07, 3.3587349435e-07, 8.17326224478e-08, 2.06969072991e-08, 2.17603202124e-09, 1.50071262084e-08, 9.64181356977e-09, 6.20508178173e-09, 1.77427317283e-09, 4.07201872221e-09, 9.32601107451e-09, 4.89259854852e-10, 6.9298886074e-11, 1.46673326262e-10, 7.59225293745e-10, 5.30010202393e-10, 2.60207577707e-10, 3.44980016775e-11, 1.96658401369e-11, 3.04547220775e-11, 1.08906746468e-11, 3.51918255821e-12, 5.96676224054e-12, 1.28518619358e-11, 2.6859755739e-11, 1.47498263603e-11, 4.18012326142e-11, 9.71371871827e-11, 1.60751051359e-10, 4.55688403678e-11, 1.25271156295e-11, 2.71952686065e-11],
        "dvar2": [7.42841954615e-10, 1.29369919222e-08, 7.71053620952e-09, 7.23363839938e-08, 2.68384468427e-07, 9.59384692578e-07, 1.22934477531e-06, 1.29592194753e-07, 1.76713541578e-07, 5.68588120586e-07, 1.8179511585e-07, 3.98136492663e-08, 4.03220923317e-09, 2.99772757728e-08, 1.90958768798e-08, 1.43883749359e-08, 3.63577545848e-09, 7.51399298338e-09, 1.76809606955e-08, 1.13937181911e-09, 1.46882159213e-10, 3.24847315714e-10, 1.66543812075e-09, 1.40967304496e-09, 7.17866321942e-10, 7.71329042304e-11, 3.9225553361e-11, 6.02128000238e-11, 2.2752156062e-11, 7.88027369053e-12, 1.4141388581e-11, 3.20058493597e-11, 7.23072782205e-11, 3.55519849671e-11, 1.08650526076e-10, 2.69270855613e-10, 4.46057690784e-10, 1.02828065507e-10, 2.75914100595e-11, 6.93145402186e-11],
        "max": [0.000372633920051, 0.00194827711675, 0.00268273754045, 0.00546365370974, 0.00772012909874, 0.010584349744, 0.0154400160536, 0.00411509722471, 0.0114104039967, 0.0166076216847, 0.00634311232716, 0.00394283281639, 0.000887721776962, 0.00422274274752, 0.00233491952531, 0.00182816770393, 0.00082786695566, 0.00180112628732, 0.00292214821093, 0.000421097211074, 0.000126881874166, 0.000279274448985, 0.000557453546207, 0.000632386363577, 0.000445618381491, 0.000126279235701, 9.56560033956e-05, 0.000122924247989, 7.81475682743e-05, 2.77223716694e-05, 4.52522872365e-05, 7.67683013692e-05, 0.000145718018757, 9.79125034064e-05, 0.000162953263498, 0.000272070727078, 0.000347507768311, 0.000186189281521, 8.94787081052e-05, 0.000132279950776],
        "mean": [1.01137184174e-05, 5.97889884375e-05, 7.87998287706e-05, 0.000255382357864, 0.000476783810882, 0.000643949199002, 0.000580630556215, 0.000211409002077, 0.000287024740828, 0.000418116687797, 0.000211026257602, 0.00011228013318, 4.2139141442e-05, 5.4356714827e-05, 4.41913180111e-05, 4.14158093918e-05, 2.33203336393e-05, 2.84291836579e-05, 2.55455706792e-05, 9.2264945124e-06, 4.68447115054e-06, 6.45613818051e-06, 6.31194416201e-06, 5.25581162947e-06, 1.85786802831e-06, 1.00329282304e-06, 1.69015527263e-06, 2.73353180091e-06, 2.27341615755e-06, 1.52245615936e-06, 1.5917177052e-06, 1.38113625781e-06, 7.70575240949e-07, 9.27792996208e-07, 1.30443322632e-06, 1.21472203318e-06, 1.44133957747e-06, 1.54080112225e-06, 1.45958142639e-06, 1.28971294089e-06],
        "median": [1.86358545307e-06, 1.26268814711e-05, 2.12915801967e-05, 5.10624740855e-05, 0.000184795702808, 0.000174563087057, 9.25084386836e-05, 4.04372149205e-05, 4.97429064126e-05, 3.38772697432e-05, 2.68319163297e-05, 1.86855286302e-05, 6.96361394148e-06, 7.91509501141e-06, 6.37838638795e-06, 7.96336917119e-06, 2.54664610111e-06, 2.19559251491e-06, 3.68869268641e-06, 9.75733541964e-07, 1.48130277466e-06, 2.12271470446e-06, 1.56243356741e-06, 1.34183972023e-06, 7.39822667128e-07, 3.17660152405e-07, 4.13865478777e-07, 2.26946241355e-07, 2.32749144402e-07, 1.34084046977e-07, 1.79598700356e-07, 1.31749132493e-07, 5.77990704187e-08, 9.59553432267e-08, 1.14032729925e-07, 8.28387243246e-08, 7.49541229084e-08, 9.45546645426e-08, 1.03880687163e-07, 9.01024961308e-08],
        "min": [2.42779958409e-23, 1.54915889256e-23, 9.279048184e-24, 6.20410624078e-24, 5.70288137654e-24, 1.16036485112e-23, 6.61787404076e-24, 6.49401577889e-24, 6.76014668274e-24, 7.61424086279e-24, 3.14534442636e-24, 1.07067878148e-23, 6.66153512528e-24, 1.15003463868e-23, 1.25419512263e-23, 9.65377920209e-24, 9.09866251625e-24, 1.39605881911e-23, 5.71430684346e-24, 7.92406282787e-24, 5.42451090132e-24, 7.73251714489e-24, 5.32608669833e-24, 9.06175092564e-24, 9.15382045961e-24, 1.27403166118e-23, 9.47403330053e-24, 8.18714793976e-24, 1.50632989852e-23, 1.03273867402e-23, 1.41525622256e-23, 1.21017352867e-23, 1.34894362823e-23, 8.86543500076e-24, 6.40771557915e-24, 1.02351365571e-23, 1.28025774587e-23, 8.84095743573e-24, 1.08078842842e-23, 1.11339670391e-23],
        "var": [9.60816759488e-10, 3.54704603467e-08, 4.44439294256e-08, 4.48492357918e-07, 5.03144121922e-07, 1.43155796195e-06, 1.3973442492e-06, 2.19401243839e-07, 4.91708533445e-07, 1.70476619132e-06, 3.25586910321e-07, 9.33457968699e-08, 8.49213144249e-09, 3.9153974285e-08, 1.99014600355e-08, 1.33937554381e-08, 5.50486234374e-09, 1.22531425006e-08, 1.46110554766e-08, 9.72505964647e-10, 1.47060197353e-10, 2.91761170779e-10, 8.96242136061e-10, 4.37499619865e-10, 1.70356673213e-10, 3.54173947115e-11, 3.47632513054e-11, 1.0291135305e-10, 3.68862718148e-11, 1.01751506526e-11, 1.47052335586e-11, 1.62667587733e-11, 1.97698506871e-11, 1.44756854073e-11, 3.49272347155e-11, 6.386803586e-11, 1.0616658247e-10, 4.77548695033e-11, 1.77621008179e-11, 2.96353705465e-11]
    },
    "mfcc": {
        "mean": [-737.95123291, 128.888336182, 2.41376829147, -12.2940587997, -14.4518327713, -18.4826164246, -15.8682231903, -13.3846511841, -9.63938808441, -11.9097318649, -6.93815231323, -1.14120197296, -8.40776157379],
        "cov": [[12612.7412109, -2510.62158203, -609.742980957, -975.300537109, -700.184448242, -488.929779053, -358.844512939, -395.046936035, 112.162773132, 72.3965530396, 55.8693351746, 123.511184692, -176.318130493], [-2510.62158203, 1842.46362305, -115.118217468, 213.831451416, 217.112518311, 66.79662323, 80.3105163574, 146.469787598, -68.1236953735, -62.5314064026, -18.4429302216, -43.2311706543, -7.84193944931], [-609.742980957, -115.118217468, 782.4140625, -7.25845241547, 248.625457764, 220.686676025, 103.972084045, 36.1528625488, 140.280517578, -8.21506595612, -29.1204299927, -46.7650337219, -20.7480335236], [-975.300537109, 213.831451416, -7.25845241547, 410.429199219, 79.335067749, 13.6848478317, -3.92937159538, 40.1870040894, 2.46889805794, -20.2701435089, -9.10505390167, 2.08595752716, -11.4043331146], [-700.184448242, 217.112518311, 248.625457764, 79.335067749, 288.580383301, 107.435714722, 38.7348861694, 47.7648048401, 67.1092910767, 16.5615596771, -36.8084716797, -16.2835903168, -1.91963994503], [-488.929779053, 66.79662323, 220.686676025, 13.6848478317, 107.435714722, 246.020507812, 91.3107833862, 29.1880455017, 79.123664856, 49.0240821838, -0.87260979414, -24.9893245697, -3.37158417702], [-358.844512939, 80.3105163574, 103.972084045, -3.92937159538, 38.7348861694, 91.3107833862, 145.276229858, 37.2844848633, 11.7112979889, 6.95796871185, 6.7200293541, -10.7262058258, 19.8244686127], [-395.046936035, 146.469787598, 36.1528625488, 40.1870040894, 47.7648048401, 29.1880455017, 37.2844848633, 110.096260071, 13.2352247238, -15.5850200653, -0.664649069309, -3.57952523232, 7.31383180618], [112.162773132, -68.1236953735, 140.280517578, 2.46889805794, 67.1092910767, 79.123664856, 11.7112979889, 13.2352247238, 168.913772583, 43.2005882263, 10.3781995773, -7.11132383347, -39.8989753723], [72.3965530396, -62.5314064026, -8.21506595612, -20.2701435089, 16.5615596771, 49.0240821838, 6.95796871185, -15.5850200653, 43.2005882263, 129.668716431, 14.1522197723, -6.41143703461, 7.04821395874], [55.8693351746, -18.4429302216, -29.1204299927, -9.10505390167, -36.8084716797, -0.87260979414, 6.7200293541, -0.664649069309, 10.3781995773, 14.1522197723, 112.737236023, 25.8216075897, 0.722914218903], [123.511184692, -43.2311706543, -46.7650337219, 2.08595752716, -16.2835903168, -24.9893245697, -10.7262058258, -3.57952523232, -7.11132383347, -6.41143703461, 25.8216075897, 89.7184371948, 24.3303813934], [-176.318130493, -7.84193944931, -20.7480335236, -11.4043331146, -1.91963994503, -3.37158417702, 19.8244686127, 7.31383180618, -39.8989753723, 7.04821395874, 0.722914218903, 24.3303813934, 90.1348876953]],
