{
"lowlevel": {
    "average_loudness": 0.398614376783,
    "barkbands_crest": {
        "dmean": 2.02420735359,
        "dmean2": 3.16385269165,
        "dvar": 3.67772936821,
        "dvar2": 8.68385219574,
        "max": 25.0144691467,
        "mean": 10.4821567535,
        "median": 9.82769584656,
        "min": 2.81259655952,
        "var": 14.209444046
    },
    "barkbands_flatness_db": {
        "dmean": 0.0168425627053,
        "dmean2": 0.0252199620008,
        "dvar": 0.000330150505761,
        "dvar2": 0.00066964328289,
        "max": 0.354413986206,
        "mean": 0.199664592743,
        "median": 0.19783872366,
        "min": 0.0271210409701,
        "var": 0.00206681736745
    },
    "barkbands_kurtosis": {
        "dmean": 2.05649828911,
        "dmean2": 3.16067004204,
        "dvar": 12.6087579727,
        "dvar2": 28.7570419312,
        "max": 91.9988250732,
        "mean": 4.20774316788,
        "median": 2.57891130447,
        "min": -1.84860992432,
        "var": 35.0146484375
    },
    "barkbands_skewness": {
        "dmean": 0.410500586033,
        "dmean2": 0.615579724312,
        "dvar": 0.223795369267,
        "dvar2": 0.444294899702,
        "max": 8.84081745148,
        "mean": 1.38962543011,
        "median": 1.35002350807,
        "min": -2.19809031487,
        "var": 1.18706572056
    },
    "barkbands_spread": {
        "dmean": 3.10486793518,
        "dmean2": 4.72380113602,
        "dvar": 50.2021789551,
        "dvar2": 106.071922302,
        "max": 96.5908889771,
        "mean": 12.2650184631,
        "median": 9.62242126465,
        "min": 0.92972445488,
        "var": 134.291976929
    },
    "dissonance": {
        "dmean": 0.0269768573344,
        "dmean2": 0.0456729121506,
        "dvar": 0.000614247808699,
        "dvar2": 0.0017079655081,
        "max": 0.499050140381,
        "mean": 0.423401266336,
        "median": 0.429883599281,
        "min": 0.244650498033,
        "var": 0.00165558059234
    },
    "dynamic_complexity": 5.50970411301,
    "erbbands_crest": {
        "dmean": 2.37157773972,
        "dmean2": 3.68198347092,
        "dvar": 4.87205123901,
        "dvar2": 11.8220453262,
        "max": 28.6771736145,
        "mean": 10.728266716,
        "median": 9.84689807892,
        "min": 2.59354710579,
        "var": 18.6939182281
    },
    "erbbands_flatness_db": {
        "dmean": 0.0147544546053,
        "dmean2": 0.0217426382005,
        "dvar": 0.000309033901431,
        "dvar2": 0.000616134726442,
        "max": 0.362176060677,
        "mean": 0.225199714303,
        "median": 0.229997441173,
        "min": 0.0460604690015,
        "var": 0.00232359347865
    },
    "erbbands_kurtosis": {
        "dmean": 0.871094763279,
        "dmean2": 1.37423956394,
        "dvar": 1.3557280302,
        "dvar2": 3.33365750313,
        "max": 32.9657020569,
        "mean": 1.03236067295,
        "median": 0.299038648605,
        "min": -1.62993252277,
        "var": 5.8212647438
    },
    "erbbands_skewness": {
        "dmean": 0.315338999033,
        "dmean2": 0.482263892889,
        "dvar": 0.116508834064,
        "dvar2": 0.246567621827,
        "max": 3.86862277985,
        "mean": 0.580550134182,
        "median": 0.58034080267,
        "min": -3.00698304176,
        "var": 0.491217404604
    },
    "erbbands_spread": {
        "dmean": 4.79077768326,
        "dmean2": 7.37161636353,
        "dvar": 61.7477111816,
        "dvar2": 133.488845825,
        "max": 121.919815063,
        "mean": 24.5680274963,
        "median": 20.4379901886,
        "min": 2.81789922714,
        "var": 238.25012207
    },
    "hfc": {
        "dmean": 3.81307506561,
        "dmean2": 5.47263002396,
        "dvar": 121.144165039,
        "dvar2": 255.069839478,
        "max": 246.660598755,
        "mean": 13.0042009354,
        "median": 4.17216300964,
        "min": 1.15303299622e-16,
        "var": 476.171447754
    },
    "melbands_crest": {
        "dmean": 2.55559182167,
        "dmean2": 3.95128464699,
        "dvar": 6.00416564941,
        "dvar2": 14.0907001495,
        "max": 32.3220176697,
        "mean": 13.3710441589,
        "median": 12.5169668198,
        "min": 1.24577724934,
        "var": 25.3728904724
    },
    "melbands_flatness_db": {
        "dmean": 0.0190818123519,
        "dmean2": 0.0272740907967,
        "dvar": 0.000528768403456,
        "dvar2": 0.000920969236176,
        "max": 0.501302361488,
        "mean": 0.259128242731,
        "median": 0.257204264402,
        "min": 0.000129783409648,
        "var": 0.00457190256566
    },
    "melbands_kurtosis": {
        "dmean": 3.20864582062,
        "dmean2": 4.90211296082,
        "dvar": 30.3758926392,
        "dvar2": 66.6723251343,
        "max": 153.535903931,
        "mean": 7.47457551956,
        "median": 4.77338838577,
        "min": -1.83329880238,
        "var": 85.879524231
    },
    "melbands_skewness": {
        "dmean": 0.450222849846,
        "dmean2": 0.681028366089,
        "dvar": 0.253445446491,
        "dvar2": 0.532140791416,
        "max": 9.87307834625,
        "mean": 1.84450876713,
        "median": 1.71984446049,
        "min": -1.78916072845,
        "var": 1.4655251503
    },
    "melbands_spread": {
        "dmean": 4.56661844254,
        "dmean2": 6.81108045578,
        "dvar": 150.139465332,
        "dvar2": 270.950073242,
        "max": 220.889511108,
        "mean": 16.6845111847,
        "median": 12.5511302948,
        "min": 1.27704036236,
        "var": 441.594238281
    },
    "pitch_salience": {
        "dmean": 0.0567521713674,
        "dmean2": 0.0892993584275,
        "dvar": 0.00292364321649,
        "dvar2": 0.00661019422114,
        "max": 0.992208361626,
        "mean": 0.56557393074,
        "median": 0.57155752182,
        "min": 0.165547981858,
        "var": 0.0106333335862
    },
    "silence_rate_20dB": {
        "dmean": 0,
        "dmean2": 0,
        "dvar": 0,
        "dvar2": 0,
        "max": 1,
        "mean": 1,
        "median": 1,
        "min": 1,
        "var": 0
    },
    "silence_rate_30dB": {
        "dmean": 0,
        "dmean2": 0,
        "dvar": 0,
        "dvar2": 0,
        "max": 1,
        "mean": 1,
        "median": 1,
        "min": 1,
        "var": 0
    },
    "silence_rate_60dB": {
        "dmean": 0.040185470134,
        "dmean2": 0.0804020091891,
        "dvar": 0.0385711938143,
        "dvar2": 0.0824438035488,
        "max": 1,
        "mean": 0.210505992174,
        "median": 0,
        "min": 0,
        "var": 0.166191831231
    },
    "spectral_centroid": {
        "dmean": 144.23638916,
        "dmean2": 205.842437744,
        "dvar": 128559.492188,
        "dvar2": 168182,
        "max": 11623.9960938,
        "mean": 838.57611084,
        "median": 707.080566406,
        "min": 241.498840332,
        "var": 375270.875
    },
    "spectral_complexity": {
        "dmean": 1.63523960114,
        "dmean2": 2.57750296593,
        "dvar": 3.17525339127,
        "dvar2": 6.65604257584,
        "max": 36,
        "mean": 11.0081110001,
        "median": 10,
        "min": 0,
        "var": 29.0594615936
    },
    "spectral_decrease": {
        "dmean": 8.52716397493e-10,
        "dmean2": 1.23007004582e-09,
        "dvar": 2.28516791947e-18,
        "dvar2": 4.52356042966e-18,
        "max": 4.34132490768e-25,
        "mean": -3.54863760599e-09,
        "median": -1.88562898629e-09,
        "min": -2.51153569053e-08,
        "var": 1.7194932611e-17
    },
    "spectral_energy": {
        "dmean": 0.00346601917408,
        "dmean2": 0.00499849719927,
        "dvar": 3.69860608771e-05,
        "dvar2": 7.42653282941e-05,
        "max": 0.0977986380458,
        "mean": 0.0145729109645,
        "median": 0.00765892444178,
        "min": 1.03347129861e-20,
        "var": 0.000291551608825
    },
    "spectral_energyband_high": {
        "dmean": 0.000250268698437,
        "dmean2": 0.00035489918082,
        "dvar": 1.67965413311e-06,
        "dvar2": 3.51996254722e-06,
        "max": 0.0300604533404,
        "mean": 0.000446431367891,
        "median": 1.42933140523e-05,
        "min": 7.61876076441e-21,
        "var": 3.60980016012e-06
    },
    "spectral_energyband_low": {
        "dmean": 0.000308943359414,
        "dmean2": 0.000431143678725,
        "dvar": 3.69867649397e-07,
        "dvar2": 6.80410778386e-07,
        "max": 0.0161329079419,
        "mean": 0.00106962828431,
        "median": 0.000496832246426,
        "min": 3.53287696089e-23,
        "var": 2.82752284875e-06
    },
    "spectral_energyband_middle_high": {
        "dmean": 0.00127934920602,
        "dmean2": 0.00180458032992,
        "dvar": 1.35878281071e-05,
        "dvar2": 2.91917640425e-05,
        "max": 0.0754427909851,
        "mean": 0.00429042242467,
        "median": 0.00111998058856,
        "min": 1.31893999159e-21,
        "var": 7.80859481893e-05
    },
    "spectral_energyband_middle_low": {
        "dmean": 0.00271771242842,
        "dmean2": 0.00400708382949,
        "dvar": 2.47050775215e-05,
        "dvar2": 4.94899177284e-05,
        "max": 0.0965000241995,
        "mean": 0.00922296196222,
        "median": 0.0046970276162,
        "min": 3.34888417931e-22,
        "var": 0.000122940575238
    },
    "spectral_entropy": {
        "dmean": 0.154513910413,
        "dmean2": 0.222989782691,
        "dvar": 0.0399323441088,
        "dvar2": 0.0646906495094,
        "max": 9.81583786011,
        "mean": 6.87904214859,
        "median": 6.83606624603,
        "min": 5.5258641243,
        "var": 0.249083384871
    },
    "spectral_flux": {
        "dmean": 0.0142440032214,
        "dmean2": 0.0232681632042,
        "dvar": 0.000396354822442,
        "dvar2": 0.00101217278279,
        "max": 0.239118009806,
        "mean": 0.0434919893742,
        "median": 0.0339942798018,
        "min": 1.01659791696e-10,
        "var": 0.00116635346785
    },
    "spectral_kurtosis": {
        "dmean": 4.83103752136,
        "dmean2": 8.37836647034,
        "dvar": 38.0192604065,
        "dvar2": 112.147483826,
        "max": 126.924835205,
        "mean": 12.9773292542,
        "median": 9.72929573059,
        "min": -1.25225687027,
        "var": 176.992004395
    },
    "spectral_rms": {
        "dmean": 0.00040290976176,
        "dmean2": 0.000578196137212,
        "dvar": 2.82222373471e-07,
        "dvar2": 5.2181655974e-07,
        "max": 0.00976797379553,
        "mean": 0.003238318488,
        "median": 0.00273351813667,
        "min": 3.17531829823e-12,
        "var": 3.73076409232e-06
    },
    "spectral_rolloff": {
        "dmean": 295.109588623,
        "dmean2": 495.340606689,
        "dvar": 1115946,
        "dvar2": 2062522.625,
        "max": 18949.21875,
        "mean": 1190.62756348,
        "median": 839.794921875,
        "min": 193.798828125,
        "var": 3071661.75
    },
    "spectral_skewness": {
        "dmean": 0.400072276592,
        "dmean2": 0.671435534954,
        "dvar": 0.170518085361,
        "dvar2": 0.461703836918,
        "max": 8.33673858643,
        "mean": 2.42296600342,
        "median": 2.31948328018,
        "min": -0.071165509522,
        "var": 0.892790973186
    },
    "spectral_spread": {
        "dmean": 455527.3125,
        "dmean2": 647332.625,
        "dvar": 1.3537878999e+12,
        "dvar2": 1.68254098637e+12,
        "max": 41213164,
        "mean": 3244231.5,
        "median": 2480917,
        "min": 665169.0625,
        "var": 4.8819297321e+12
    },
    "spectral_strongpeak": {
        "dmean": 0.421497136354,
        "dmean2": 0.679367184639,
        "dvar": 0.631515085697,
        "dvar2": 1.47975349426,
        "max": 14.9921150208,
        "mean": 1.19729590416,
        "median": 0.593402087688,
        "min": 0,
        "var": 3.21643400192
    },
    "zerocrossingrate": {
        "dmean": 0.00792589131743,
        "dmean2": 0.00919448491186,
        "dvar": 0.000421129283495,
        "dvar2": 0.000457584887045,
        "max": 0.529296875,
        "mean": 0.0439626649022,
        "median": 0.03369140625,
        "min": 0.0048828125,
        "var": 0.00221889233217
    },
    "barkbands": {
        "dmean": [9.98175801215e-06, 0.000104748542071, 0.000144549630932, 0.000349182868376, 0.000532834266778, 0.00144576281309, 0.000771146849729, 0.000316992343869, 0.000430994550698, 0.000422015436925, 0.000163165866979, 0.000430048326962, 0.000366448366549, 0.000192828825675, 0.000138592964504, 6.19493876002e-05, 7.15486894478e-05, 6.19619677309e-05, 3.72555186914e-05, 5.21448055224e-05, 3.03730630549e-05, 5.03532246512e-05, 7.09232408553e-05, 5.69702133362e-05, 4.8281326599e-05, 1.56582354975e-05, 1.29026123119e-09],
        "dmean2": [1.7974882212e-05, 0.000134665955557, 0.000220470305067, 0.000525842711795, 0.00077921099728, 0.00221251463518, 0.00112146243919, 0.000469859747682, 0.000578260514885, 0.00057513959473, 0.000255099235801, 0.000627694360446, 0.000564026122447, 0.000291090022074, 0.000197330358787, 9.7871554317e-05, 0.000111195207865, 9.09013469936e-05, 5.24036331626e-05, 7.66480079619e-05, 4.47103157057e-05, 7.1811125963e-05, 0.00011189666111, 8.26372634037e-05, 6.99179072399e-05, 2.35507086472e-05, 2.08368655663e-09],
        "dvar": [2.35240327218e-10, 7.18185120263e-08, 9.56418588771e-08, 7.9052978208e-07, 1.1153512105e-06, 1.25876940729e-05, 5.15220335728e-06, 1.2203137203e-06, 1.66574432114e-06, 1.62791207003e-06, 2.31575697285e-07, 4.77938192489e-06, 4.67349036626e-06, 1.2984995692e-06, 8.63200966705e-07, 6.30812309055e-08, 1.04751308072e-07, 5.80733647837e-08, 1.88581736893e-08, 6.1660145434e-08, 2.59729162622e-08, 8.8922256225e-08, 3.70896600543e-07, 9.9597897929e-08, 6.92155666115e-08, 7.94787702318e-09, 2.8641290837e-17],
        "dvar2": [7.04715286126e-10, 1.13212109909e-07, 1.95079920218e-07, 1.43555962495e-06, 2.41987459049e-06, 2.56578532571e-05, 1.06665647763e-05, 2.58310728896e-06, 2.66678830485e-06, 2.52916584031e-06, 5.28649252374e-07, 1.13902260637e-05, 1.14337099149e-05, 2.17203137254e-06, 1.28744363792e-06, 1.3792812581e-07, 2.3862489229e-07, 1.21130511843e-07, 3.50778535108e-08, 1.31010267523e-07, 5.28564996216e-08, 1.61680191013e-07, 9.48391118527e-07, 2.0596210959e-07, 1.34886590786e-07, 1.89924254101e-08, 5.42724019418e-17],
        "max": [0.000273268495221, 0.0101242084056, 0.00788831524551, 0.0291761159897, 0.0197571590543, 0.0906068533659, 0.0509538277984, 0.0276457984, 0.0404186174273, 0.0310318954289, 0.00940251071006, 0.0713555365801, 0.0600072219968, 0.0428781993687, 0.0456815510988, 0.00654647592455, 0.00677804322913, 0.00746072642505, 0.006581841968, 0.00769757572562, 0.00421973597258, 0.0115107605234, 0.0195252392441, 0.00865336414427, 0.00490625342354, 0.00164607109036, 1.85746330317e-07],
        "mean": [9.36859851208e-06, 0.00039777791244, 0.000375971983885, 0.000807224249002, 0.00132416328415, 0.00315649947152, 0.00175482174382, 0.000582335400395, 0.0011570006609, 0.00114263570867, 0.000369913643226, 0.00118246534839, 0.000871676078532, 0.000299748498946, 0.000216940999962, 9.95645386865e-05, 0.000124751328258, 0.000115980183182, 7.37248192308e-05, 9.59122044151e-05, 4.4226530008e-05, 7.70724582253e-05, 9.35562202358e-05, 0.000103337210021, 7.48459860915e-05, 2.14070769289e-05, 1.38811473427e-09],
        "median": [3.66838753507e-06, 8.65366746439e-05, 0.000169946084497, 0.000170220460859, 0.000679911405314, 0.0010387954535, 0.000486476026708, 0.000154278299306, 0.000123505291413, 0.000173823544174, 6.08381233178e-05, 0.00013337416749, 6.23286396149e-05, 6.67783169774e-05, 5.49643009435e-05, 3.63719118468e-05, 2.40852859861e-05, 1.95947159227e-05, 1.39872545333e-05, 9.00833038031e-06, 2.75780553238e-06, 1.41073189752e-06, 9.38030666475e-07, 6.38836240796e-07, 3.13931138862e-07, 1.3154060241e-07, 2.18525059159e-10],
        "min": [2.36799122681e-24, 8.01028611368e-24, 9.81378938152e-24, 8.56840678184e-24, 4.75682336987e-23, 9.92516234184e-24, 2.19962219834e-23, 3.55836852772e-23, 4.45327442671e-23, 2.25393606052e-23, 8.28789194602e-23, 1.13713441207e-22, 5.86800684563e-23, 8.34495877499e-23, 3.75490817355e-23, 1.57669124256e-22, 5.83521168898e-23, 1.9318179943e-22, 1.59168565821e-22, 2.43715307628e-22, 3.59409471283e-22, 4.09175184319e-22, 6.08045301964e-22, 7.48608400319e-22, 9.90810811571e-22, 1.64234095391e-21, 2.30124190962e-21],
        "var": [2.58538745967e-10, 1.01660407381e-06, 4.1421901642e-07, 3.98891324949e-06, 4.01353281632e-06, 4.38338611275e-05, 2.06191270991e-05, 2.94049573313e-06, 1.22710525829e-05, 1.12345496746e-05, 1.00249292245e-06, 2.74684607575e-05, 2.02884348255e-05, 2.48135961556e-06, 2.20036235987e-06, 8.58866897602e-08, 2.24335224175e-07, 1.38128470439e-07, 7.41023669093e-08, 1.45946970065e-07, 4.87803468729e-08, 2.15783373392e-07, 3.9704491428e-07, 2.61290466597e-07, 1.48441301917e-07, 1.15103793163e-08, 4.44983431797e-17]
    },
    "erbbands": {
        "dmean": [0.00141861091834, 0.0302598141134, 0.147116854787, 0.57423377037, 2.11501860619, 1.28121089935, 3.65995883942, 13.9640569687, 15.7344884872, 5.70806837082, 7.23024177551, 7.97865962982, 13.7401981354, 10.465959549, 10.5092430115, 17.3100070953, 17.080160141, 10.5646286011, 6.75155305862, 5.06533288956, 3.28063726425, 3.17150449753, 3.7457985878, 1.39899671078, 2.35890364647, 2.65631246567, 1.10426807404, 1.42163252831, 1.70602011681, 2.02602601051, 1.9872739315, 1.33694386482, 0.946134567261, 0.607443392277, 0.329233139753, 0.0987339839339, 0.0246667154133, 0.00195264338981, 4.08176092606e-05, 6.14035025137e-06],
        "dmean2": [0.00168421422131, 0.0396664477885, 0.221197158098, 0.846532642841, 3.11182308197, 1.87338721752, 5.30404663086, 21.4822368622, 23.6821460724, 8.42516231537, 10.444978714, 10.1610469818, 18.005903244, 14.1567440033, 14.9632911682, 24.8855381012, 26.458902359, 16.0348930359, 9.83574867249, 7.61670446396, 4.91024065018, 4.73865938187, 5.31688499451, 2.12258148193, 3.21663117409, 3.80999207497, 1.58783853054, 2.07602572441, 2.49426627159, 3.23640704155, 3.15556550026, 2.00699210167, 1.40529584885, 0.896202504635, 0.464793115854, 0.149410367012, 0.0364450030029, 0.00290179951116, 5.92876094743e-05, 9.02045485418e-06],
        "dvar": [2.0611923901e-05, 0.00536904018372, 0.109907537699, 2.0159971714, 22.0134029388, 6.1003241539, 227.793899536, 1214.65563965, 1745.24462891, 521.128967285, 510.680114746, 658.503723145, 1852.83520508, 1074.87902832, 1590.48999023, 5961.66015625, 11005.6162109, 3618.39599609, 1948.58630371, 897.704589844, 116.15713501, 177.862869263, 197.764892578, 23.2006626129, 90.3657226562, 154.722686768, 39.5961341858, 61.6261940002, 103.047599792, 204.377578735, 342.992828369, 59.6496200562, 29.4078235626, 13.3463191986, 3.33361053467, 0.319806873798, 0.0214490946382, 0.00016123522073, 5.84252539682e-08, 2.67036226465e-10],
        "dvar2": [2.09743648156e-05, 0.00923263560981, 0.23135560751, 3.39091491699, 45.7338981628, 13.983499527, 348.876434326, 2594.64697266, 3540.71630859, 1244.58886719, 989.854003906, 1066.38757324, 2819.00610352, 1753.21313477, 3145.49267578, 12673.7460938, 26388.3847656, 5953.26123047, 2639.50732422, 2080.37548828, 190.791137695, 388.16607666, 404.210754395, 57.5739860535, 155.795974731, 284.785491943, 72.105430603, 122.948997498, 180.929931641, 484.195678711, 880.617919922, 140.65322876, 58.6281890869, 29.2277584076, 6.3661532402, 0.754971146584, 0.0514459945261, 0.000392836693209, 1.37595449701e-07, 6.00363259107e-10],
        "max": [0.217739522457, 2.56873631477, 9.01822662354, 49.7109184265, 85.0132904053, 58.9846763611, 707.693603516, 621.402893066, 836.809020996, 855.133178711, 629.041320801, 767.206604004, 1251.55883789, 1152.59765625, 1947.14343262, 2700.04467773, 3243.43212891, 2467.03027344, 2182.56420898, 917.291687012, 382.359375, 317.315124512, 409.347015381, 178.141418457, 443.357849121, 449.399108887, 251.674407959, 181.808654785, 390.976837158, 337.656433105, 614.023193359, 157.607284546, 149.573272705, 97.972328186, 38.3408508301, 10.9788236618, 3.73664212227, 0.389176100492, 0.00682751927525, 0.000291760457912],
        "mean": [0.00599620072171, 0.112638473511, 0.429376602173, 1.5301220417, 4.67448425293, 3.39849972725, 8.8841753006, 29.0131950378, 35.7503471375, 12.7582740784, 14.3802251816, 21.7359771729, 39.154499054, 30.757232666, 28.2205734253, 43.4980583191, 41.4527854919, 18.655670166, 11.3101148605, 8.12887477875, 6.74460172653, 6.54900407791, 7.07014751434, 3.11191272736, 4.78569889069, 5.04351139069, 1.70661485195, 2.18240952492, 2.60821986198, 2.97079563141, 2.6121609211, 2.1816341877, 1.63393259048, 0.926924228668, 0.495206147432, 0.136878982186, 0.0335803441703, 0.00276511837728, 6.6588370828e-05, 2.14501324081e-05],
        "median": [0.000705866608769, 0.03041690588, 0.205037474632, 0.506532073021, 1.41692602634, 1.82350301743, 3.84620189667, 8.79280567169, 10.0126008987, 5.27538633347, 4.38671779633, 3.10533905029, 5.84024477005, 5.12109088898, 4.84240102768, 6.97975349426, 3.75734376907, 4.27195644379, 2.95485091209, 2.49349045753, 2.12794971466, 1.38681006432, 1.0873824358, 0.863986372948, 0.702694892883, 0.492975026369, 0.170737937093, 0.0916344597936, 0.0532409772277, 0.0314937122166, 0.0255058389157, 0.0161352287978, 0.00844047032297, 0.00338200014085, 0.00231071282178, 0.000795975327492, 0.000208860423299, 2.42065525526e-05, 4.79697337141e-06, 9.13198982744e-06],
        "min": [5.29102564918e-22, 9.70504799807e-22, 1.18758490181e-20, 3.08389088231e-20, 1.2875254935e-19, 1.29213935186e-19, 2.60287760129e-20, 2.10312829166e-19, 3.34462544922e-19, 6.58231867571e-19, 8.57189070815e-19, 9.95220389439e-19, 9.89071438958e-19, 8.46500346337e-19, 4.3840200234e-18, 3.16642050148e-18, 3.50673790833e-18, 4.87208512254e-18, 2.76149201699e-18, 4.56014083789e-18, 8.30434079338e-18, 4.03730437452e-18, 9.80235164783e-18, 6.6176380471e-18, 8.34763459946e-18, 1.08086383697e-17, 1.25797420762e-17, 1.48658864824e-17, 1.54829665281e-17, 1.72607646073e-17, 1.56501380755e-17, 1.58079310491e-17, 1.22797402116e-17, 1.05223346161e-17, 8.15775777139e-18, 4.98153642042e-18, 3.40025474128e-18, 1.18298397784e-18, 2.98095264948e-19, 3.49280632566e-20],
        "var": [0.000361298938515, 0.0677032247186, 0.468230187893, 11.5279474258, 72.7049179077, 33.8450584412, 745.276550293, 3481.29052734, 6965.25585938, 915.590454102, 1313.54223633, 3641.7265625, 13453.0009766, 9219.65039062, 9785, 25877.8242188, 44623.703125, 7563.1796875, 5017.19238281, 1229.89709473, 467.14755249, 430.88494873, 457.260955811, 66.694694519, 315.914794922, 463.171447754, 82.2967453003, 123.972938538, 249.326309204, 368.0519104, 330.065338135, 111.290313721, 73.733581543, 24.9205532074, 6.87069749832, 0.476274609566, 0.0302554201335, 0.000241423695115, 9.51567429297e-08, 9.41283717637e-10]
    },
    "gfcc": {
        "mean": [-102.561965942, 139.467483521, -132.999343872, 1.64556086063, -59.6719970703, -2.68433976173, -42.5165023804, -3.67868757248, -27.7833442688, -4.40003633499, -8.81957530975, -4.59348011017, -9.71745491028],
        "cov": [[14057.6660156, -4128.46777344, -480.147277832, 548.950073242, -1551.12475586, 728.184265137, -734.74005127, 636.664794922, -548.49432373, 307.767547607, -103.132728577, 383.289764404, -357.390075684], [-4128.46777344, 2827.56762695, -355.786254883, -272.364654541, 899.929504395, -501.096221924, 480.145996094, -318.640899658, 267.987548828, -198.45262146, 138.163894653, -247.133071899, 236.232467651], [-480.147277832, -355.786254883, 648.63067627, 154.04598999, -83.9582519531, 172.162628174, -95.7292404175, 36.0037231445, 36.508934021, 39.772480011, -79.397026062, 43.8701171875, -70.3777008057], [548.950073242, -272.364654541, 154.04598999, 364.113586426, -53.8388595581, 44.2484855652, -72.6463470459, -7.26252269745, 39.6306686401, 34.4819908142, -35.9873313904, 29.8922195435, -23.3082256317], [-1551.12475586, 899.929504395, -83.9582519531, -53.8388595581, 431.03515625, -115.091133118, 183.7237854, -71.5666275024, 110.348350525, -30.0714263916, 44.7178230286, -63.2362823486, 99.7702255249], [728.184265137, -501.096221924, 172.162628174, 44.2484855652, -115.091133118, 283.924591064, -9.4799041748, 112.617729187, -22.2856655121, 54.7097129822, -6.02681112289, 57.1047210693, -45.8726501465], [-734.74005127, 480.145996094, -95.7292404175, -72.6463470459, 183.7237854, -9.4799041748, 245.475891113, -4.93540048599, 53.0073661804, -9.74263858795, 49.6581001282, -20.6373081207, 54.5389289856], [636.664794922, -318.640899658, 36.0037231445, -7.26252269745, -71.5666275024, 112.617729187, -4.93540048599, 154.964202881, -7.43006658554, 43.5420341492, 8.83335876465, 40.6233901978, -7.78115272522], [-548.49432373, 267.987548828, 36.508934021, 39.6306686401, 110.348350525, -22.2856655121, 53.0073661804, -7.43006658554, 130.287124634, 21.2672271729, 20.0442085266, -12.1795663834, 36.6885490417], [307.767547607, -198.45262146, 39.772480011, 34.4819908142, -30.0714263916, 54.7097129822, -9.74263858795, 43.5420341492, 21.2672271729, 106.204872131, 18.8973484039, 34.4317588806, 4.32746601105], [-103.132728577, 138.163894653, -79.397026062, -35.9873313904, 44.7178230286, -6.02681112289, 49.6581001282, 8.83335876465, 20.0442085266, 18.8973484039, 106.802513123, 15.9819660187, 29.7248897552], [383.289764404, -247.133071899, 43.8701171875, 29.8922195435, -63.2362823486, 57.1047210693, -20.6373081207, 40.6233901978, -12.1795663834, 34.4317588806, 15.9819660187, 100.595756531, 7.55428171158], [-357.390075684, 236.232467651, -70.3777008057, -23.3082256317, 99.7702255249, -45.8726501465, 54.5389289856, -7.78115272522, 36.6885490417, 4.32746601105, 29.7248897552, 7.55428171158, 119.080833435]],
        "icov": [[0.000248458120041, -0.000168784798007, 0.00058145087678, -0.000479372945847, 0.000593533797655, -0.000455679284642, 0.000418361945776, -0.000677545496728, 0.000518796150573, -0.000434356479673, 0.000281883752905, -0.000331675197231, 0.000228246935876], [-0.000168784798007, 0.00340113090351, -0.000845168018714, 0.00135085871443, -0.0037599154748, 0.00252853776328, -0.00252991891466, 0.00267482944764, -0.00276308506727, 0.00318306544796, -0.00224269670434, 0.00256746052764, -0.000898517260794], [0.00058145087678, -0.000845168018714, 0.00392171228305, -0.00157007144298, 0.00149011029862, -0.00291772931814, 0.00211804942228, -0.00138119747862, 0.000101774799987, -0.00142718385905, 0.00248441426083, -0.00195852993056, 0.00152399705257], [-0.000479372945847, 0.00135085871443, -0.00157007144298, 0.00481002498418, -0.0020134979859, 0.00116989947855, -0.000685540086124, 0.00294219027273, -0.00345914205536, 0.0011214883998, -0.000273705780273, 0.000412340712501, -0.000393936265027], [0.000593533797655, -0.0037599154748, 0.00149011029862, -0.0020134979859, 0.0101426551118, -0.00255114585161, 0.000577954517212, -0.00283371447586, 0.00135550484993, -0.0034274563659, 0.00227652303874, -0.00141419586726, -0.000975322618615], [-0.000455679284642, 0.00252853776328, -0.00291772931814, 0.00116989947855, -0.00255114585161, 0.00935366656631, -0.00408186903223, -0.00092586199753, -0.00120639044326, 0.00146668287925, -0.00225673918612, 0.00117047107778, 0.000478015746921], [0.000418361945776, -0.00252991891466, 0.00211804942228, -0.000685540086124, 0.000577954517212, -0.00408186903223, 0.00948912184685, -0.00276454817504, 0.00126429891679, -0.00194662658032, 0.000659168872517, -0.00210553663783, 0.00045898402459], [-0.000677545496728, 0.00267482944764, -0.00138119747862, 0.00294219027273, -0.00283371447586, -0.00092586199753, -0.00276454817504, 0.0136782675982, -0.00400344515219, 0.00121371028945, -0.00199041794986, 0.00108448183164, -0.00178534467705], [0.000518796150573, -0.00276308506727, 0.000101774799987, -0.00345914205536, 0.00135550484993, -0.00120639044326, 0.00126429891679, -0.00400344515219, 0.0154800573364, -0.00580395013094, 0.000479495531181, -0.000533793820068, -0.000663834973238], [-0.000434356479673, 0.00318306544796, -0.00142718385905, 0.0011214883998, -0.0034274563659, 0.00146668287925, -0.00194662658032, 0.00121371028945, -0.00580395013094, 0.0162447076291, -0.00430436851457, 0.000427611230407, -0.00158945587464], [0.000281883752905, -0.00224269670434, 0.00248441426083, -0.000273705780273, 0.00227652303874, -0.00225673918612, 0.000659168872517, -0.00199041794986, 0.000479495531181, -0.00430436851457, 0.0143838543445, -0.00470484886318, 0.000217804597924], [-0.000331675197231, 0.00256746052764, -0.00195852993056, 0.000412340712501, -0.00141419586726, 0.00117047107778, -0.00210553663783, 0.00108448183164, -0.000533793820068, 0.000427611230407, -0.00470484886318, 0.016674330458, -0.00422905338928], [0.000228246935876, -0.000898517260794, 0.00152399705257, -0.000393936265027, -0.000975322618615, 0.000478015746921, 0.00045898402459, -0.00178534467705, -0.000663834973238, -0.00158945587464, 0.000217804597924, -0.00422905338928, 0.0128393778577]]
    },
    "melbands": {
        "dmean": [2.14062456507e-05, 6.26837718301e-05, 0.000150262843817, 0.000126179511426, 0.000106864048576, 0.00031388583011, 0.000222531452891, 6.25795946689e-05, 5.64297006349e-05, 5.78579492867e-05, 6.98989751982e-05, 4.45036093879e-05, 3.11954463541e-05, 5.83183209528e-05, 3.8281421439e-05, 3.24795073539e-05, 1.90834307432e-05, 1.11078888949e-05, 9.57113934419e-06, 4.27604209108e-06, 4.41209476776e-06, 3.17895978696e-06, 5.08281846123e-06, 2.4513126391e-06, 1.12445866307e-06, 1.52420568611e-06, 2.15804152504e-06, 1.69107704551e-06, 7.69744588069e-07, 6.71089310345e-07, 9.44113480728e-07, 1.00147462945e-06, 1.02157093806e-06, 1.27522662297e-06, 1.24201505969e-06, 9.56946905717e-07, 8.11531322142e-07, 7.09384266884e-07, 6.56580766645e-07, 5.04434183313e-07],
        "dmean2": [2.60851502389e-05, 9.14790143725e-05, 0.000223403971177, 0.000185726064956, 0.000154200344696, 0.000479610200273, 0.000335606600856, 9.22506296774e-05, 8.08290278655e-05, 7.47453450458e-05, 9.1586894996e-05, 6.04925917287e-05, 4.52756175946e-05, 8.53069650475e-05, 5.57568891963e-05, 5.0242371799e-05, 2.91804735753e-05, 1.64133252838e-05, 1.36895878313e-05, 6.55291614748e-06, 6.55041185382e-06, 4.7230664677e-06, 7.49891796659e-06, 3.53538575837e-06, 1.77212075414e-06, 2.23032884605e-06, 3.07137520394e-06, 2.49476170211e-06, 1.12934219487e-06, 1.00119734725e-06, 1.36373819259e-06, 1.49527068061e-06, 1.51114409164e-06, 2.08632104659e-06, 1.99114765564e-06, 1.47308173837e-06, 1.24033681459e-06, 1.04503283183e-06, 9.65554022514e-07, 7.40596874493e-07],
        "dvar": [3.57900775683e-09, 1.85690876009e-08, 1.12205420066e-07, 7.12175065587e-08, 1.62780608548e-07, 5.80971459385e-07, 3.37156080832e-07, 5.65494957527e-08, 3.01777447476e-08, 3.22500284256e-08, 4.55801760779e-08, 1.97448564165e-08, 9.31979293739e-09, 1.04550643698e-07, 2.94064665951e-08, 4.55198616578e-08, 1.22251551105e-08, 4.71404293378e-09, 4.11890788143e-09, 4.1290096342e-10, 2.56478394078e-10, 1.71424513473e-10, 4.97585417314e-10, 5.67305508126e-11, 1.81286687051e-11, 2.92495819232e-11, 9.59024387681e-11, 7.85599849062e-11, 2.39716822781e-11, 1.55127646839e-11, 2.86711591968e-11, 3.42791420249e-11, 4.4485280043e-11, 8.91665283276e-11, 1.47701489928e-10, 5.33339414299e-11, 1.83553519606e-11, 1.44691975415e-11, 1.84683223575e-11, 1.05882134657e-11],
        "dvar2": [4.50046355738e-09, 3.90272880679e-08, 2.1124266425e-07, 1.57014838464e-07, 2.54335304817e-07, 1.23597089896e-06, 6.93752724601e-07, 1.34098797844e-07, 5.74937217834e-08, 5.00992065611e-08, 6.91788031304e-08, 3.32393952363e-08, 1.75026606541e-08, 2.52634748676e-07, 6.0996569573e-08, 1.11600591879e-07, 2.11878425915e-08, 7.2093651049e-09, 6.76862832449e-09, 1.01262886965e-09, 3.78087033903e-10, 3.71290720391e-10, 1.03268382734e-09, 1.0936553746e-10, 4.90898190153e-11, 5.46867030826e-11, 2.10945400037e-10, 1.57135776613e-10, 4.75439895786e-11, 3.42562471445e-11, 5.89202575618e-11, 6.53264664585e-11, 8.15521955522e-11, 2.30274452284e-10, 3.82069681448e-10, 1.33795668988e-10, 4.19480457314e-11, 2.91817681131e-11, 4.017352076e-11, 2.49105493177e-11],
        "max": [0.0026305145584, 0.0035136686638, 0.00947301834822, 0.00495022675022, 0.0184172727168, 0.0122292265296, 0.0121911661699, 0.00780103774741, 0.00524844741449, 0.00495654484257, 0.00607545347884, 0.00512394914404, 0.00391664216295, 0.0106020513922, 0.00519440229982, 0.00627266336232, 0.00420957431197, 0.00277880206704, 0.00298584043048, 0.000597701990046, 0.000613791402429, 0.000314397242619, 0.000553906254936, 0.000173251479282, 0.000147755854414, 0.000224618110224, 0.000302023487166, 0.000303664419334, 0.000203569230507, 0.00010959469364, 0.000134734858875, 0.000211543097976, 0.000270194315817, 0.000215101361391, 0.00041386479279, 0.000190999955521, 8.76759149833e-05, 0.00011059868848, 0.000135131034767, 0.000101365520095],
        "mean": [8.68397910381e-05, 0.000197558983928, 0.00037458553561, 0.000305731926346, 0.00026238974533, 0.000662319536787, 0.000516209634952, 0.000128844054416, 0.000117160685477, 0.000153741813847, 0.000195499189431, 0.000125489736092, 7.26748767192e-05, 0.000157445916557, 9.53674971242e-05, 6.49013745715e-05, 3.16506448144e-05, 1.68742790265e-05, 1.4834358808e-05, 6.77548723615e-06, 8.75572368386e-06, 5.96324207436e-06, 9.10999369808e-06, 4.35729134551e-06, 2.14024066736e-06, 3.08802327709e-06, 3.99485088565e-06, 3.0156027151e-06, 1.02642320599e-06, 9.29641316816e-07, 1.36730147915e-06, 1.44263390212e-06, 1.55878842634e-06, 1.68411736468e-06, 1.55057443862e-06, 1.31803085424e-06, 1.36391622618e-06, 1.18702416785e-06, 9.76404749053e-07, 7.17073874057e-07],
        "median": [1.47618975461e-05, 8.74516408658e-05, 0.00012076607527, 0.000124288344523, 0.000119818942039, 0.000202413997613, 0.000149008788867, 5.2599079936e-05, 3.15479483106e-05, 1.69264258147e-05, 2.65732996922e-05, 1.9648567104e-05, 1.31176093419e-05, 1.5558418454e-05, 9.12919495022e-06, 7.01300359651e-06, 6.76688523527e-06, 4.22331413574e-06, 3.65623191101e-06, 2.45117189479e-06, 2.28381145462e-06, 1.31222634536e-06, 1.01004945918e-06, 9.42436770401e-07, 5.57918383493e-07, 5.50804088562e-07, 3.43716124007e-07, 2.98971542634e-07, 9.10712145696e-08, 4.79084683036e-08, 4.65663667626e-08, 3.02588425427e-08, 1.91157916163e-08, 1.60410600358e-08, 1.518892212e-08, 9.88941373237e-09, 9.31813826099e-09, 6.06835914851e-09, 3.96920452062e-09, 2.30296981485e-09],
        "min": [4.04508939536e-24, 4.74886691878e-24, 7.47942611181e-24, 1.29508959307e-23, 9.85276226568e-25, 5.112781865e-24, 4.84113721785e-24, 5.63050733279e-24, 6.72083537725e-24, 6.61350611792e-24, 4.97071629901e-24, 2.57032832976e-24, 1.33553788378e-23, 9.4039611529e-24, 7.68745267682e-24, 6.56882030309e-24, 8.75410621665e-24, 4.52346766449e-24, 2.62763887731e-24, 1.14023351524e-23, 7.59195869766e-24, 3.8830557877e-24, 5.2368322145e-24, 9.39033200304e-24, 3.80791126445e-24, 6.51528583548e-24, 5.11390125862e-24, 7.94559005312e-24, 8.98281277029e-24, 6.6009770346e-24, 7.20521806116e-24, 9.26597754767e-24, 7.43722915313e-24, 1.08900796462e-23, 8.17188032581e-24, 9.79505945705e-24, 8.36267974637e-24, 8.54707677182e-24, 8.87214820707e-24, 8.69345859026e-24],
        "var": [6.04615379984e-08, 9.60617825285e-08, 5.34366222382e-07, 2.78033212453e-07, 5.56819259145e-07, 1.83934935194e-06, 1.43045235745e-06, 9.92910713649e-08, 8.82157351612e-08, 1.98476044488e-07, 3.33479164283e-07, 1.78363848136e-07, 4.34400035942e-08, 5.57446753646e-07, 1.94553166466e-07, 9.64831130545e-08, 2.4313584035e-08, 1.01903889771e-08, 1.01006847331e-08, 4.68874439274e-10, 1.19448972935e-09, 5.08021846812e-10, 1.01352726212e-09, 1.37137828871e-10, 3.9268130414e-11, 1.08897238449e-10, 2.06707193029e-10, 2.03996930459e-10, 3.91466095651e-11, 2.73902428516e-11, 5.23692721133e-11, 7.42175002011e-11, 1.06049981297e-10, 1.31326158281e-10, 1.35434399806e-10, 5.98087482317e-11, 4.18432545557e-11, 3.75765356331e-11, 3.32484699495e-11, 1.6535252334e-11]
    },
    "mfcc": {
        "mean": [-737.150756836, 168.023345947, -13.0505485535, 4.85482311249, -2.20518827438, -6.95515727997, -4.72536468506, -5.88479185104, -13.7625198364, -3.89582228661, -7.90881252289, -3.25543117523, -0.222157686949],
        "cov": [[8970.48144531, -2133.70947266, -183.782089233, -348.869384766, -348.979248047, -288.784179688, -132.70475769, 149.199020386, -366.722595215, 110.439743042, -12.4049510956, 22.2038154602, -27.8480796814], [-2133.70947266, 2134.03979492, -656.872070312, 212.154632568, 119.50227356, 22.5459213257, 155.430587769, -39.0395889282, 101.009460449, 4.97634267807, -57.9276580811, 24.2898216248, 58.6273841858], [-183.782089233, -656.872070312, 781.320617676, -61.5616798401, 67.0294036865, 89.2557144165, -89.9403533936, 34.9015464783, 12.4306726456, 5.55618238449, 88.6683883667, -54.160446167, -29.5362071991], [-348.869384766, 212.154632568, -61.5616798401, 307.679229736, 70.5637512207, 65.5119934082, -38.5593070984, -15.7215080261, 28.835521698, -21.4888496399, 8.58455944061, -16.4777297974, 18.0223808289], [-348.979248047, 119.50227356, 67.0294036865, 70.5637512207, 178.916595459, 33.7017936707, -9.82995796204, -10.8774662018, 47.7570152283, 14.1548976898, 14.9450645447, 12.5005874634, 2.76938962936], [-288.784179688, 22.5459213257, 89.2557144165, 65.5119934082, 33.7017936707, 172.792694092, 10.0889587402, 22.0982875824, 39.5852775574, -2.14746570587, 41.2644004822, -7.59819793701, 24.3080024719], [-132.70475769, 155.430587769, -89.9403533936, -38.5593070984, -9.82995796204, 10.0889587402, 166.475402832, 31.792011261, 41.7022819519, 22.8444633484, -5.20969629288, 44.7388191223, 21.1951122284], [149.199020386, -39.0395889282, 34.9015464783, -15.7215080261, -10.8774662018, 22.0982875824, 31.792011261, 120.018379211, 5.32824611664, 24.0293941498, 21.3276538849, -11.2992353439, 16.4589805603], [-366.722595215, 101.009460449, 12.4306726456, 28.835521698, 47.7570152283, 39.5852775574, 41.7022819519, 5.32824611664, 154.912628174, 8.59911632538, 5.59997749329, 28.7674369812, 6.21872329712], [110.439743042, 4.97634267807, 5.55618238449, -21.4888496399, 14.1548976898, -2.14746570587, 22.8444633484, 24.0293941498, 8.59911632538, 120.359954834, 27.1153278351, 0.971473097801, 1.53241050243], [-12.4049510956, -57.9276580811, 88.6683883667, 8.58455944061, 14.9450645447, 41.2644004822, -5.20969629288, 21.3276538849, 5.59997749329, 27.1153278351, 104.642883301, -3.19307518005, 6.37878465652], [22.2038154602, 24.2898216248, -54.160446167, -16.4777297974, 12.5005874634, -7.59819793701, 44.7388191223, -11.2992353439, 28.7674369812, 0.971473097801, -3.19307518005, 106.536720276, 15.9735393524], [-27.8480796814, 58.6273841858, -29.5362071991, 18.0223808289, 2.76938962936, 24.3080024719, 21.1951122284, 16.4589805603, 6.21872329712, 1.53241050243, 6.37878465652, 15.9735393524, 115.406578064]],
