{
"lowlevel": {
    "average_loudness": 0.958093702793,
    "barkbands_crest": {
        "dmean": 1.95377469063,
        "dmean2": 3.16260647774,
        "dvar": 4.96642303467,
        "dvar2": 12.7853012085,
        "max": 22.5710868835,
        "mean": 9.66117954254,
        "median": 8.38752651215,
        "min": 3.4007294178,
        "var": 19.4109020233
    },
    "barkbands_flatness_db": {
        "dmean": 0.0166437830776,
        "dmean2": 0.0253138635308,
        "dvar": 0.000306966627249,
        "dvar2": 0.000624675943982,
        "max": 0.412011653185,
        "mean": 0.126382693648,
        "median": 0.094431720674,
        "min": 0.0346695743501,
        "var": 0.00674902787432
    },
    "barkbands_kurtosis": {
        "dmean": 2.78187966347,
        "dmean2": 4.50666952133,
        "dvar": 33.3392944336,
        "dvar2": 80.0276107788,
        "max": 151.269989014,
        "mean": 9.60981369019,
        "median": 0.920042991638,
        "min": -1.89297246933,
        "var": 588.457763672
    },
    "barkbands_skewness": {
        "dmean": 0.443584233522,
        "dmean2": 0.71344602108,
        "dvar": 0.220163017511,
        "dvar2": 0.529292404652,
        "max": 9.04149341583,
        "mean": 1.99726557732,
        "median": 1.33894252777,
        "min": -1.64489424229,
        "var": 3.56625103951
    },
    "barkbands_spread": {
        "dmean": 6.08297872543,
        "dmean2": 9.4740228653,
        "dvar": 57.8108062744,
        "dvar2": 139.788131714,
        "max": 103.312385559,
        "mean": 32.094329834,
        "median": 32.9663963318,
        "min": 0.597669243813,
        "var": 344.114837646
    },
    "dissonance": {
        "dmean": 0.0121837323532,
        "dmean2": 0.0206968393177,
        "dvar": 0.000161304560606,
        "dvar2": 0.00042801789823,
        "max": 0.499282836914,
        "mean": 0.471227705479,
        "median": 0.478054076433,
        "min": 0.316475450993,
        "var": 0.000563305860851
    },
    "dynamic_complexity": 3.86723303795,
    "erbbands_crest": {
        "dmean": 2.04387617111,
        "dmean2": 3.33045721054,
        "dvar": 4.01637935638,
        "dvar2": 10.0899047852,
        "max": 29.35987854,
        "mean": 8.26551055908,
        "median": 7.47897720337,
        "min": 2.17101168633,
        "var": 17.1941623688
    },
    "erbbands_flatness_db": {
        "dmean": 0.0127784283832,
        "dmean2": 0.0181914586574,
        "dvar": 0.000185384560609,
        "dvar2": 0.000313278462272,
        "max": 0.247283518314,
        "mean": 0.124139465392,
        "median": 0.113044373691,
        "min": 0.0544704459608,
        "var": 0.00169515889138
    },
    "erbbands_kurtosis": {
        "dmean": 0.638028740883,
        "dmean2": 1.02259421349,
        "dvar": 0.87477606535,
        "dvar2": 2.21718764305,
        "max": 15.8861236572,
        "mean": 0.183196365833,
        "median": -0.370484113693,
        "min": -1.52110481262,
        "var": 2.71102166176
    },
    "erbbands_skewness": {
        "dmean": 0.245383694768,
        "dmean2": 0.377194464207,
        "dvar": 0.0539097972214,
        "dvar2": 0.130613207817,
        "max": 3.66942334175,
        "mean": 0.0541103333235,
        "median": -0.0281523335725,
        "min": -2.56743502617,
        "var": 0.6279322505
    },
    "erbbands_spread": {
        "dmean": 9.50078868866,
        "dmean2": 14.7730531693,
        "dvar": 107.954719543,
        "dvar2": 252.63671875,
        "max": 138.195175171,
        "mean": 51.2201957703,
        "median": 49.7963104248,
        "min": 8.84756183624,
        "var": 348.034210205
    },
    "hfc": {
        "dmean": 9.514752388,
        "dmean2": 14.2995691299,
        "dvar": 356.705078125,
        "dvar2": 789.281005859,
        "max": 232.114562988,
        "mean": 35.0468788147,
        "median": 29.790763855,
        "min": 1.57148951985e-06,
        "var": 1105.6394043
    },
    "melbands_crest": {
        "dmean": 2.71603918076,
        "dmean2": 4.44598436356,
        "dvar": 7.2758307457,
        "dvar2": 20.8368473053,
        "max": 32.0325241089,
        "mean": 16.2571411133,
        "median": 15.4536209106,
        "min": 4.57185411453,
        "var": 31.6649665833
    },
    "melbands_flatness_db": {
        "dmean": 0.0207756496966,
        "dmean2": 0.0321448221803,
        "dvar": 0.000480306276586,
        "dvar2": 0.00110403029248,
        "max": 0.519169926643,
        "mean": 0.193359315395,
        "median": 0.161127075553,
        "min": 0.038322608918,
        "var": 0.00926977954805
    },
    "melbands_kurtosis": {
        "dmean": 7.60802125931,
        "dmean2": 12.1342039108,
        "dvar": 104.755615234,
        "dvar2": 241.467025757,
        "max": 210.882293701,
        "mean": 26.5431900024,
        "median": 10.3168544769,
        "min": -0.983740568161,
        "var": 1679.43212891
    },
    "melbands_skewness": {
        "dmean": 0.722735881805,
        "dmean2": 1.15433645248,
        "dvar": 0.569965004921,
        "dvar2": 1.34388113022,
        "max": 11.439160347,
        "mean": 3.64571976662,
        "median": 3.00277042389,
        "min": -0.415050923824,
        "var": 4.15927600861
    },
    "melbands_spread": {
        "dmean": 7.33904409409,
        "dmean2": 11.8688192368,
        "dvar": 125.698348999,
        "dvar2": 314.753295898,
        "max": 180.007644653,
        "mean": 26.5568599701,
        "median": 24.2862987518,
        "min": 0.499810218811,
        "var": 387.995178223
    },
    "pitch_salience": {
        "dmean": 0.0599886476994,
        "dmean2": 0.0966373756528,
        "dvar": 0.00345608149655,
        "dvar2": 0.00906721781939,
        "max": 0.846644759178,
        "mean": 0.49601790309,
        "median": 0.515992224216,
        "min": 0.139669984579,
        "var": 0.0201242640615
    },
    "silence_rate_20dB": {
        "dmean": 0,
        "dmean2": 0,
        "dvar": 0,
        "dvar2": 0,
        "max": 1,
        "mean": 1,
        "median": 1,
        "min": 1,
        "var": 0
    },
    "silence_rate_30dB": {
        "dmean": 0.0123839005828,
        "dmean2": 0.0247869864106,
        "dvar": 0.0122306896374,
        "dvar2": 0.0365658961236,
        "max": 1,
        "mean": 0.993812859058,
        "median": 1,
        "min": 0,
        "var": 0.0061487830244
    },
    "silence_rate_60dB": {
        "dmean": 0.0030959751457,
        "dmean2": 0.00619674660265,
        "dvar": 0.00308634340763,
        "dvar2": 0.007707728073,
        "max": 1,
        "mean": 0.0850734710693,
        "median": 0,
        "min": 0,
        "var": 0.077835008502
    },
    "spectral_centroid": {
        "dmean": 196.784637451,
        "dmean2": 317.530151367,
        "dvar": 50121.8867188,
        "dvar2": 120326.664062,
        "max": 4035.96850586,
        "mean": 1474.53356934,
        "median": 1553.31640625,
        "min": 154.289840698,
        "var": 467342.90625
    },
    "spectral_complexity": {
        "dmean": 3.36068105698,
        "dmean2": 5.41285848618,
        "dvar": 16.7244701385,
        "dvar2": 38.284286499,
        "max": 59,
        "mean": 22.9845314026,
        "median": 26,
        "min": 0,
        "var": 181.041122437
    },
    "spectral_decrease": {
        "dmean": 2.5924962177e-09,
        "dmean2": 4.37264224828e-09,
        "dvar": 2.25863585317e-17,
        "dvar2": 6.21308129757e-17,
        "max": -1.38716881118e-15,
        "mean": -8.2906312926e-09,
        "median": -7.83863995935e-09,
        "min": -4.38938272396e-08,
        "var": 3.66513968691e-17
    },
    "spectral_energy": {
        "dmean": 0.0102575719357,
        "dmean2": 0.0172534976155,
        "dvar": 0.000352658506017,
        "dvar2": 0.000960447709076,
        "max": 0.171904623508,
        "mean": 0.0344695970416,
        "median": 0.0331581756473,
        "min": 5.37803757084e-09,
        "var": 0.000606401532423
    },
    "spectral_energyband_high": {
        "dmean": 0.000923789397348,
        "dmean2": 0.00139327440411,
        "dvar": 4.19385423811e-06,
        "dvar2": 8.83344182512e-06,
        "max": 0.0264737028629,
        "mean": 0.00253795739263,
        "median": 0.00155888719019,
        "min": 4.10714830201e-11,
        "var": 1.19015212476e-05
    },
    "spectral_energyband_low": {
        "dmean": 0.00750376703218,
        "dmean2": 0.0124406544492,
        "dvar": 0.000232880120166,
        "dvar2": 0.00063774822047,
        "max": 0.139648199081,
        "mean": 0.0164017081261,
        "median": 0.0131717054173,
        "min": 1.21174170697e-09,
        "var": 0.000292025855742
    },
    "spectral_energyband_middle_high": {
        "dmean": 0.00147770578042,
        "dmean2": 0.00233895448036,
        "dvar": 3.89489605368e-06,
        "dvar2": 9.187339856e-06,
        "max": 0.0326866805553,
        "mean": 0.00582405319437,
        "median": 0.00549691310152,
        "min": 2.34106900532e-10,
        "var": 2.25105777645e-05
    },
    "spectral_energyband_middle_low": {
        "dmean": 0.00456479052082,
        "dmean2": 0.00782090984285,
        "dvar": 8.89337898116e-05,
        "dvar2": 0.000244931696216,
        "max": 0.101353444159,
        "mean": 0.0115314153954,
        "median": 0.00979305431247,
        "min": 6.22701945563e-10,
        "var": 0.00012862632866
    },
    "spectral_entropy": {
        "dmean": 0.116639107466,
        "dmean2": 0.168902024627,
        "dvar": 0.025937596336,
        "dvar2": 0.0494343042374,
        "max": 8.82268238068,
        "mean": 7.75927305222,
        "median": 7.95953798294,
        "min": 5.52118682861,
        "var": 0.3875233531
    },
    "spectral_flux": {
        "dmean": 0.0213054418564,
        "dmean2": 0.0350703522563,
        "dvar": 0.000955571886152,
        "dvar2": 0.00206640851684,
        "max": 0.310296982527,
        "mean": 0.0825393721461,
        "median": 0.0795654281974,
        "min": 0.000108804779302,
        "var": 0.00337607390247
    },
    "spectral_kurtosis": {
        "dmean": 0.928741633892,
        "dmean2": 1.49721467495,
        "dvar": 1.97622275352,
        "dvar2": 4.96234464645,
        "max": 20.3462257385,
        "mean": 2.96581220627,
        "median": 2.10648155212,
        "min": -0.950989961624,
        "var": 7.57422924042
    },
    "spectral_rms": {
        "dmean": 0.000718607043382,
        "dmean2": 0.00118489738088,
        "dvar": 1.19613036986e-06,
        "dvar2": 3.11535268338e-06,
        "max": 0.0129503598437,
        "mean": 0.0053755575791,
        "median": 0.00568765681237,
        "min": 2.29060378842e-06,
        "var": 4.73224008601e-06
    },
    "spectral_rolloff": {
        "dmean": 589.047302246,
        "dmean2": 987.091796875,
        "dvar": 985039.4375,
        "dvar2": 2319369,
        "max": 10465.1367188,
        "mean": 1838.73571777,
        "median": 1571.92382812,
        "min": 107.666015625,
        "var": 2880758
    },
    "spectral_skewness": {
        "dmean": 0.142583623528,
        "dmean2": 0.229316487908,
        "dvar": 0.0294728111476,
        "dvar2": 0.0739193186164,
        "max": 3.31875777245,
        "mean": 1.3447239399,
        "median": 1.26138353348,
        "min": 0.275961458683,
        "var": 0.192378297448
    },
    "spectral_spread": {
        "dmean": 563459.4375,
        "dmean2": 769021.5,
        "dvar": 582410043392,
        "dvar2": 979545751552,
        "max": 12644463,
        "mean": 5758028,
        "median": 5720815,
        "min": 2567051.25,
        "var": 2.32137634611e+12
    },
    "spectral_strongpeak": {
        "dmean": 0.421614408493,
        "dmean2": 0.755874335766,
        "dvar": 1.00573682785,
        "dvar2": 2.81019258499,
        "max": 13.4311800003,
        "mean": 0.647461533546,
        "median": 0.36170321703,
        "min": 9.11496608751e-05,
        "var": 1.13357150555
    },
    "zerocrossingrate": {
        "dmean": 0.0111628202721,
        "dmean2": 0.0140013042837,
        "dvar": 0.000167055608472,
        "dvar2": 0.000220642032218,
        "max": 0.26904296875,
        "mean": 0.0761193856597,
        "median": 0.07666015625,
        "min": 0.00537109375,
        "var": 0.0018413758371
    },
    "barkbands": {
        "dmean": [0.000104643251689, 0.00423823809251, 0.00412606587633, 0.00221183942631, 0.0021075992845, 0.000849821546581, 0.00065587030258, 0.000587060116231, 0.000410941720475, 0.000158811511938, 0.000222962436965, 0.000416876602685, 0.000209106176044, 0.000235462895944, 0.000308484828565, 0.00047132812324, 0.000399287266191, 0.000170290717506, 0.000174481057911, 0.000142254400998, 0.000179189417395, 0.000210545869777, 0.000255930062849, 0.000188386256923, 0.000154976529302, 0.00011456052016, 2.88823662231e-06],
        "dmean2": [0.000176293964614, 0.00676864758134, 0.00697634695098, 0.00389868090861, 0.00368581758812, 0.00139285589103, 0.00102099648211, 0.000932469672989, 0.000601035717409, 0.000254054029938, 0.00035743182525, 0.000645073712803, 0.000330729788402, 0.000383150676498, 0.000484854099341, 0.000762320705689, 0.000661310506985, 0.00027663828223, 0.000291536969598, 0.000240313180257, 0.000297931896057, 0.000345712469425, 0.000397143914597, 0.000279538013274, 0.000239097018493, 0.000169873266714, 4.86577391712e-06],
        "dvar": [8.81243948925e-08, 0.000101057899883, 8.93834076123e-05, 2.37021777139e-05, 2.83049193968e-05, 3.32904573952e-06, 1.58496186486e-06, 1.97393342205e-06, 1.11789631774e-06, 1.60230470669e-07, 3.43363723232e-07, 6.37703237771e-07, 2.66407624849e-07, 1.9496590653e-07, 3.32962969196e-07, 1.34871379487e-06, 5.20270077686e-07, 1.18466196852e-07, 6.741814218e-08, 1.02552895953e-07, 1.20659791492e-07, 1.58953753271e-07, 3.78960379521e-07, 3.15514256499e-07, 2.39547091496e-07, 4.57283455546e-08, 4.26791553487e-11],
        "dvar2": [2.15757808064e-07, 0.000252603320405, 0.000253772508586, 6.62915772409e-05, 8.34469756228e-05, 9.23180323298e-06, 3.77713195121e-06, 4.77220237372e-06, 1.98866769097e-06, 3.71048827219e-07, 9.577909168e-07, 1.39213625516e-06, 6.49459309443e-07, 4.78626077438e-07, 7.81534538419e-07, 2.96197822536e-06, 1.40234112678e-06, 2.82513923366e-07, 1.68592279692e-07, 2.81593770524e-07, 3.10793353719e-07, 3.76989049755e-07, 7.32611340482e-07, 5.87151987474e-07, 5.72896226458e-07, 1.06146536893e-07, 1.0687088714e-10],
        "max": [0.00300871860236, 0.0907660275698, 0.101868160069, 0.0502465218306, 0.0700302273035, 0.0233494825661, 0.0177215971053, 0.0180399175733, 0.0220140516758, 0.0100833950564, 0.0130983972922, 0.0113015407696, 0.0117624169216, 0.00636189058423, 0.00911369547248, 0.02787306346, 0.01047579851, 0.00783748272806, 0.00317620439455, 0.00611518416554, 0.00464387750253, 0.00777695374563, 0.0120954820886, 0.0101789543405, 0.00753222219646, 0.00204141810536, 9.45002248045e-05],
        "mean": [0.000107592386485, 0.00659932009876, 0.00789972674102, 0.00319206924178, 0.00316053302959, 0.00178216316272, 0.00137038191315, 0.0011410912266, 0.000839752668981, 0.000259512336925, 0.000452143838629, 0.000883311906364, 0.000358528719516, 0.000435649883002, 0.000672477355693, 0.00101236067712, 0.000812408106867, 0.000362458551535, 0.000443724857178, 0.000286591181066, 0.000418915878981, 0.000526408548467, 0.000583821849432, 0.000416402413975, 0.000303953769617, 0.000145269645145, 3.0471228456e-06],
        "median": [2.61616842181e-05, 0.00400426331908, 0.00693306233734, 0.00160091428552, 0.00170455605257, 0.000791441416368, 0.000574538484216, 0.000341731822118, 0.000249716627877, 0.000110827248136, 0.00030459582922, 0.000454425549833, 0.000141734868521, 0.000235788334976, 0.000248974654824, 0.000336818862706, 0.00037592870649, 0.000265275884885, 0.000318684207741, 0.000160145646078, 0.000285093614366, 0.000340577418683, 0.000312635325827, 0.000170989413164, 0.000141452954267, 4.6502402256e-05, 6.32902072084e-07],
        "min": [2.22048195803e-11, 5.21964804712e-10, 6.41708630678e-10, 1.03803875218e-10, 1.43423911636e-10, 6.92531934576e-11, 1.17317183745e-10, 4.51376644395e-11, 5.00442950968e-11, 8.31462051987e-11, 2.63537681261e-11, 2.40016773817e-11, 5.29608345026e-12, 2.20590021943e-11, 1.76251201134e-11, 1.18152215442e-11, 1.95534005654e-11, 1.79819908963e-11, 5.26644266391e-12, 1.10891721153e-11, 4.97461880716e-12, 2.44238310132e-12, 3.60072345204e-12, 3.78057437786e-12, 6.34112944445e-12, 8.32136963502e-12, 1.03475214508e-11],
        "var": [8.47128092119e-08, 0.000119704949611, 7.38441885915e-05, 2.22500639211e-05, 2.61628119915e-05, 8.78157607076e-06, 4.72317560707e-06, 4.82149835079e-06, 4.09744598073e-06, 3.56865712092e-07, 4.24698527013e-07, 1.9031665488e-06, 5.46391731859e-07, 4.69001804504e-07, 1.32639524963e-06, 4.5209367272e-06, 1.466203571e-06, 2.56341706972e-07, 2.29451657674e-07, 1.52839760403e-07, 2.40932735096e-07, 4.09918072819e-07, 9.43245481722e-07, 1.06719323867e-06, 3.82310361147e-07, 6.22232931846e-08, 4.38846702033e-11]
    },
    "erbbands": {
        "dmean": [0.0839098319411, 1.10383939743, 4.11579561234, 6.10391283035, 7.44889211655, 7.59208631516, 6.33039665222, 7.89652442932, 6.38941812515, 12.9868650436, 12.6983890533, 7.68815135956, 5.18061113358, 6.42878055573, 9.70248699188, 12.9804992676, 9.30936145782, 10.2033815384, 14.0077037811, 15.2751197815, 30.127948761, 23.9680957794, 9.50508975983, 7.96608924866, 8.66710567474, 6.39816713333, 6.45811271667, 7.72574186325, 7.62805128098, 6.93884086609, 7.68572616577, 5.09030723572, 2.85340237617, 1.74458754063, 1.25716006756, 0.857442557812, 0.107044115663, 0.013307929039, 0.000314521603286, 2.35808311118e-05],
        "dmean2": [0.13276809454, 1.77558970451, 6.85581874847, 10.6266021729, 13.2132616043, 13.2378454208, 10.6125802994, 12.8707370758, 9.81704044342, 20.2434329987, 19.4763431549, 11.5625038147, 8.22190380096, 9.9521894455, 15.3656082153, 20.1997737885, 14.2539625168, 16.4442634583, 22.8053226471, 24.2269859314, 49.3987388611, 39.9681396484, 15.4874658585, 13.3884344101, 14.5630130768, 10.718462944, 10.5536527634, 13.1684818268, 12.558057785, 10.9887990952, 11.7289457321, 7.64524173737, 4.35476493835, 2.68567848206, 1.99283993244, 1.28840959072, 0.167219504714, 0.0212408304214, 0.000495121930726, 3.70872476196e-05],
        "dvar": [0.045446831733, 6.30539512634, 77.9894561768, 196.091018677, 291.928436279, 356.841827393, 209.162445068, 341.304870605, 175.445663452, 716.221191406, 930.09197998, 384.209716797, 143.217437744, 161.819122314, 647.086364746, 697.356689453, 535.045593262, 326.645446777, 865.034423828, 774.774353027, 6016.29931641, 2027.96459961, 424.77331543, 173.564956665, 174.488693237, 201.771286011, 126.524864197, 274.872375488, 208.227142334, 213.924438477, 322.435852051, 251.096817017, 70.0038604736, 35.249004364, 14.3290996552, 2.84348011017, 0.0433730147779, 0.000736755086109, 4.06998424296e-07, 2.03658534481e-09],
        "dvar2": [0.1139446944, 15.8421163559, 219.683044434, 559.719238281, 844.446533203, 1032.52868652, 596.678710938, 909.909301758, 391.514678955, 1608.78649902, 1997.20837402, 794.822998047, 360.301940918, 397.424163818, 1701.5135498, 1530.84240723, 1292.67492676, 795.632385254, 2211.34643555, 1784.27612305, 13413.5371094, 5485.85107422, 986.180480957, 404.463012695, 470.954925537, 547.52520752, 316.276733398, 730.758178711, 516.298522949, 471.333129883, 586.380126953, 476.462493896, 142.39831543, 82.6570892334, 35.7106285095, 6.7094874382, 0.0996325388551, 0.00168940948788, 9.43383668073e-07, 4.91023355309e-09],
        "max": [2.24516892433, 22.8406009674, 93.6333618164, 144.28125, 181.94631958, 248.153167725, 159.256088257, 288.023864746, 252.676422119, 385.940246582, 454.480682373, 325.82421875, 255.636642456, 265.411529541, 442.807891846, 408.320556641, 563.300415039, 311.218139648, 328.447570801, 527.226318359, 1917.25280762, 706.784973145, 540.521850586, 217.357452393, 134.211013794, 252.392028809, 145.050872803, 215.866836548, 282.549926758, 256.042907715, 391.860534668, 337.045410156, 149.686096191, 123.129341125, 52.0704536438, 17.6374282837, 2.02312302589, 0.295515120029, 0.00637765834108, 0.000486730335979],
        "mean": [0.111558482051, 1.81014430523, 7.9988489151, 11.0458335876, 10.4539146423, 10.7485551834, 9.99782848358, 16.7854347229, 14.5711221695, 28.6066417694, 28.4569587708, 15.2390880585, 9.76874160767, 14.5101099014, 20.723651886, 28.5806808472, 18.957988739, 21.0478649139, 27.9440898895, 36.7541236877, 67.6021270752, 51.3761177063, 21.8189792633, 20.4331436157, 21.0202541351, 13.1564855576, 15.2483968735, 17.1257667542, 18.6642112732, 17.8787460327, 16.5473747253, 10.8801937103, 5.81554889679, 3.44538235664, 2.26504993439, 1.05884492397, 0.158186197281, 0.0177330356091, 0.000450258841738, 6.57749187667e-05],
        "median": [0.0481800884008, 1.14337337017, 6.34144687653, 8.93852710724, 5.593272686, 4.94401311874, 4.25880050659, 6.73159790039, 6.84353303909, 12.02435112, 7.73431444168, 5.04628133774, 5.09898614883, 10.3324403763, 13.5961389542, 14.2422895432, 7.85227012634, 11.298157692, 12.2576990128, 15.9286260605, 21.5884857178, 25.560798645, 15.6688079834, 15.7422170639, 14.5271234512, 7.93103742599, 10.5309534073, 10.3416719437, 11.8620643616, 11.4924755096, 8.41565418243, 4.62673425674, 2.347635746, 1.65550208092, 0.859139502048, 0.313537597656, 0.0619335137308, 0.00616753473878, 0.000180583578185, 5.28667696926e-05],
        "min": [9.56866497148e-09, 1.41058436043e-07, 7.03000694102e-07, 4.85451494114e-07, 6.26125711278e-07, 2.93368771054e-07, 2.77880047861e-07, 6.7467323106e-07, 8.16843112261e-07, 2.63594438366e-06, 6.77975322105e-07, 9.49353932356e-07, 2.6309455734e-06, 1.45367459936e-06, 1.15858301797e-06, 9.00467227893e-07, 3.64125014585e-07, 5.17070191108e-07, 1.12439727218e-06, 1.13792975753e-06, 4.67465696374e-07, 1.46217450947e-06, 8.60161321725e-07, 4.44161884161e-07, 4.63964994424e-07, 4.1709969878e-07, 2.91535656061e-07, 1.02051025408e-07, 6.67645352337e-08, 1.31436365791e-07, 9.99521319045e-08, 7.97837458322e-08, 6.38978860934e-08, 9.41136804045e-08, 3.324980824e-08, 2.96951832013e-08, 1.68944289669e-08, 5.74848790791e-09, 1.24207777397e-09, 1.57215018781e-10],
        "var": [0.0526057444513, 7.61285448074, 75.5196151733, 155.102752686, 282.19934082, 343.86529541, 258.378082275, 998.171203613, 565.752441406, 2273.90478516, 3378.0078125, 1083.86083984, 303.758178711, 337.640594482, 1036.69335938, 1979.6763916, 1196.18383789, 1012.20111084, 1881.56811523, 3341.71606445, 20709.4433594, 5670.64208984, 920.132446289, 473.517486572, 509.735198975, 301.045501709, 298.230804443, 449.133026123, 526.240966797, 577.777282715, 833.826293945, 806.52520752, 178.187866211, 56.806640625, 21.5193405151, 3.69059634209, 0.0647359788418, 0.000961942248978, 5.40609107702e-07, 3.58146068358e-09]
    },
    "gfcc": {
        "mean": [16.7678203583, 74.5846405029, -101.760238647, 50.4159317017, -55.242767334, 25.3651733398, -41.5828666687, 11.3296117783, -23.9096813202, 0.57690936327, -21.1981639862, 0.673567771912, -18.0175457001],
        "cov": [[13446.3828125, -2729.87670898, -450.353515625, 174.836029053, -890.498657227, 157.140182495, -1026.07116699, 180.476470947, -91.1336593628, 639.250915527, -335.684661865, 806.291381836, -76.9659423828], [-2729.87670898, 1503.5090332, -117.351234436, -0.183428689837, 290.95602417, -79.7078018188, 401.027801514, -83.8672027588, 219.081436157, -294.599487305, 209.092132568, -338.688018799, 77.1675262451], [-450.353515625, -117.351234436, 341.200836182, 32.8103218079, 118.734725952, 4.62727642059, 10.869843483, -6.80784320831, -69.7589950562, 14.0351667404, -40.0655136108, -1.98414516449, -6.56886672974], [174.836029053, -0.183428689837, 32.8103218079, 199.599945068, 94.8648147583, 0.634164571762, -6.82192564011, -13.3434352875, 44.5402107239, -34.8839988708, 2.9306473732, -16.4545211792, 50.1479644775], [-890.498657227, 290.95602417, 118.734725952, 94.8648147583, 302.042388916, -16.5006008148, 91.4604873657, -21.1177425385, 63.1529006958, -68.757774353, 13.7322273254, -89.2869873047, 43.4088859558], [157.140182495, -79.7078018188, 4.62727642059, 0.634164571762, -16.5006008148, 131.809265137, 57.2273406982, 33.5567474365, 1.98222744465, 9.76432514191, 14.4833307266, -6.21624326706, -25.4014911652], [-1026.07116699, 401.027801514, 10.869843483, -6.82192564011, 91.4604873657, 57.2273406982, 240.011978149, 13.1381702423, 47.7318840027, -90.5635070801, 72.6024703979, -128.963653564, -11.145778656], [180.476470947, -83.8672027588, -6.80784320831, -13.3434352875, -21.1177425385, 33.5567474365, 13.1381702423, 78.1429824829, 31.683303833, 30.7148113251, -5.12632465363, 21.8283195496, -10.0522928238], [-91.1336593628, 219.081436157, -69.7589950562, 44.5402107239, 63.1529006958, 1.98222744465, 47.7318840027, 31.683303833, 165.194061279, -12.4783191681, 36.2000770569, -54.1136817932, 26.8068275452], [639.250915527, -294.599487305, 14.0351667404, -34.8839988708, -68.757774353, 9.76432514191, -90.5635070801, 30.7148113251, -12.4783191681, 141.490127563, -24.8770675659, 90.7602996826, -21.9848937988], [-335.684661865, 209.092132568, -40.0655136108, 2.9306473732, 13.7322273254, 14.4833307266, 72.6024703979, -5.12632465363, 36.2000770569, -24.8770675659, 89.2621154785, -23.3965396881, 9.24530792236], [806.291381836, -338.688018799, -1.98414516449, -16.4545211792, -89.2869873047, -6.21624326706, -128.963653564, 21.8283195496, -54.1136817932, 90.7602996826, -23.3965396881, 169.931411743, 3.48001146317], [-76.9659423828, 77.1675262451, -6.56886672974, 50.1479644775, 43.4088859558, -25.4014911652, -11.145778656, -10.0522928238, 26.8068275452, -21.9848937988, 9.24530792236, 3.48001146317, 63.4201202393]],
        "icov": [[0.000178197253263, 5.05616662849e-05, 0.000191573635675, -0.000366336782463, 0.000256309518591, -0.000303828244796, 0.00035036195186, 3.83007791243e-05, -0.000225645897444, -0.000151611253386, 0.000309082563035, -0.000346916203853, 0.000251568999374], [5.05616662849e-05, 0.00557242706418, 0.000651947455481, 0.0033427986782, -0.0015150179388, 0.00391044374555, -0.00422711716965, 0.00360389752313, -0.00398960150778, 0.004073752556, -0.00565207190812, 0.00271259713918, -0.00308950454928], [0.000191573635675, 0.000651947455481, 0.00509793171659, -0.00082748598652, -0.00247734552249, 0.000221052192501, -0.000908403249923, -0.000410975102568, 0.00256827985868, -0.00162692158483, 0.00110868806951, 0.000271783297649, 0.000354879390216], [-0.000366336782463, 0.0033427986782, -0.00082748598652, 0.0106393322349, -0.0029407448601, 0.000825795636047, -0.00132230587769, 0.00319379195571, -0.00386269111186, 0.00470406375825, -0.00417974404991, 0.00231067254208, -0.00664715049788], [0.000256309518591, -0.0015150179388, -0.00247734552249, -0.0029407448601, 0.00760618504137, -0.000691047695, -0.00058839697158, 0.000913266208954, -0.00188640377019, -0.000868586066645, 0.00340926740319, -0.000785324082244, -0.00117604841944], [-0.000303828244796, 0.00391044374555, 0.000221052192501, 0.000825795636047, -0.000691047695, 0.0143740391359, -0.00743630202487, -0.000941130332649, -0.00133597687818, 0.00171096983831, -0.00502589112148, 0.00191040325444, 0.000802877941169], [0.00035036195186, -0.00422711716965, -0.000908403249923, -0.00132230587769, -0.00058839697158, -0.00743630202487, 0.0187838599086, -0.00877876300365, 0.00413907226175, 0.000827487616334, -0.00432370742783, 0.00475910538808, 0.00476059503853], [3.83007791243e-05, 0.00360389752313, -0.000410975102568, 0.00319379195571, 0.000913266208954, -0.000941130332649, -0.00877876300365, 0.024852393195, -0.0105752479285, 0.000503696966916, 0.003143385984, -0.00528633734211, -0.00103583699092], [-0.000225645897444, -0.00398960150778, 0.00256827985868, -0.00386269111186, -0.00188640377019, -0.00133597687818, 0.00413907226175, -0.0105752479285, 0.0164246503264, -0.00638564489782, -0.000703234807588, 0.00481162173674, -0.00160938454792], [-0.000151611253386, 0.004073752556, -0.00162692158483, 0.00470406375825, -0.000868586066645, 0.00171096983831, 0.000827487616334, 0.000503696966916, -0.00638564489782, 0.0183817669749, -0.00515929609537, -0.00316745298915, 0.00247330637649], [0.000309082563035, -0.00565207190812, 0.00110868806951, -0.00417974404991, 0.00340926740319, -0.00502589112148, -0.00432370742783, 0.003143385984, -0.000703234807588, -0.00515929609537, 0.0265840683132, -0.00903366040438, 0.00119311525486], [-0.000346916203853, 0.00271259713918, 0.000271783297649, 0.00231067254208, -0.000785324082244, 0.00191040325444, 0.00475910538808, -0.00528633734211, 0.00481162173674, -0.00316745298915, -0.00903366040438, 0.0192375853658, -0.00708990404382], [0.000251568999374, -0.00308950454928, 0.000354879390216, -0.00664715049788, -0.00117604841944, 0.000802877941169, 0.00476059503853, -0.00103583699092, -0.00160938454792, 0.00247330637649, 0.00119311525486, -0.00708990404382, 0.0286769755185]]
    },
    "melbands": {
        "dmean": [0.000981621560641, 0.00177178345621, 0.0010760956211, 0.000508843688294, 0.000237553118495, 0.000169397884747, 0.000106002800749, 0.000138463292387, 0.000102824575151, 4.77991561638e-05, 2.73776804534e-05, 2.57448809862e-05, 3.16764380841e-05, 4.09848507843e-05, 3.95534734707e-05, 2.0257970391e-05, 1.97339413717e-05, 2.50799639616e-05, 2.41966608883e-05, 2.19985649892e-05, 3.81771460525e-05, 3.09623828798e-05, 1.08311014628e-05, 8.04641877039e-06, 7.11275060894e-06, 8.17508498585e-06, 5.65069967706e-06, 4.5018050514e-06, 4.01123679694e-06, 5.55457472728e-06, 4.80940616399e-06, 4.51916366728e-06, 4.50065772384e-06, 4.31921534982e-06, 4.78480023958e-06, 4.48669015896e-06, 2.87718398795e-06, 2.17265301217e-06, 1.7904546894e-06, 1.49068807787e-06],
        "dmean2": [0.0015570129035, 0.0029465300031, 0.00189687835518, 0.000891168834642, 0.000404525373597, 0.000274440040812, 0.000163817356224, 0.000217521446757, 0.000153829460032, 7.21653632354e-05, 4.34201501776e-05, 4.03751510021e-05, 5.14089442731e-05, 6.42979139229e-05, 6.01949541306e-05, 3.13751515932e-05, 3.18752972817e-05, 4.12871231674e-05, 3.74182236555e-05, 3.45656117133e-05, 6.28709385637e-05, 5.15670144523e-05, 1.77970741788e-05, 1.34377050927e-05, 1.19409514809e-05, 1.35512545967e-05, 9.69414759311e-06, 7.54402299208e-06, 6.58931412545e-06, 9.230082469e-06, 8.24472226668e-06, 7.55385008233e-06, 7.31355703465e-06, 6.99612473909e-06, 7.47253989175e-06, 7.02650004314e-06, 4.47084221378e-06, 3.29961017087e-06, 2.77141316474e-06, 2.34186586567e-06],
        "dvar": [5.98136239205e-06, 1.32829309223e-05, 5.60498210689e-06, 1.6937252667e-06, 2.89365516437e-07, 1.40893490652e-07, 3.94051937747e-08, 7.96953472104e-08, 6.22181630661e-08, 1.36794406913e-08, 3.90486531998e-09, 2.86584955767e-09, 8.12079647972e-09, 6.57317444919e-09, 8.47179748575e-09, 2.09166062248e-09, 1.23084753501e-09, 3.01377789391e-09, 2.37196351449e-09, 1.99697391956e-09, 9.54601375724e-09, 3.53565599021e-09, 4.27360868915e-10, 3.00711427981e-10, 1.32777344675e-10, 1.61708785251e-10, 1.00612969345e-10, 1.04255021283e-10, 5.58782950466e-11, 9.08239455866e-11, 1.04122273303e-10, 7.56965601312e-11, 6.90348403443e-11, 9.34872318448e-11, 1.08147213407e-10, 1.72449068914e-10, 8.28618770821e-11, 4.09305957183e-11, 2.39667886232e-11, 3.42720157809e-11],
        "dvar2": [1.48850758706e-05, 3.63018807548e-05, 1.58556722454e-05, 4.99139650856e-06, 8.29610598885e-07, 3.79472140821e-07, 9.17912004184e-08, 1.85397681207e-07, 1.21811467579e-07, 2.85727050908e-08, 9.75138725323e-09, 6.90793644509e-09, 2.28505836475e-08, 1.61410618205e-08, 1.70602039162e-08, 4.82279727265e-09, 3.038583829e-09, 7.7220443373e-09, 5.37367172981e-09, 4.2339101114e-09, 2.15772377743e-08, 9.71915525838e-09, 9.95731053166e-10, 7.0123645779e-10, 3.16474041417e-10, 4.29190322171e-10, 2.77728506859e-10, 2.83885942531e-10, 1.43238657047e-10, 2.32525360078e-10, 2.85281381851e-10, 1.93236690538e-10, 1.58851404253e-10, 2.20860302269e-10, 2.07407299668e-10, 3.59971441544e-10, 1.54983803569e-10, 8.49375986212e-11, 5.34661655227e-11, 8.49855255614e-11],
        "max": [0.0238736793399, 0.0387495569885, 0.0229316167533, 0.0174867343158, 0.00587144913152, 0.00560842268169, 0.00329462811351, 0.00373214506544, 0.00473290123045, 0.00187087361701, 0.00126415246632, 0.00120506610256, 0.0019288364565, 0.00132361415308, 0.0015422218712, 0.00078149989713, 0.000609818496741, 0.000641930499114, 0.000942084006965, 0.000903925218154, 0.00229477300309, 0.000931172107812, 0.000530938326847, 0.000307773298118, 0.000195985354367, 0.000165442950674, 0.000151629385073, 0.000180396076757, 0.000120432814583, 0.000115273163829, 0.000127067163703, 0.000176829023985, 0.000134705289383, 0.000160593524924, 0.000213073755731, 0.000254352315096, 0.000222396192839, 0.000118349693366, 8.28744887258e-05, 0.000135904963827],
        "mean": [0.00142950552981, 0.00371940177865, 0.00195624260232, 0.000756821071263, 0.000376401934773, 0.000364544684999, 0.000241921981797, 0.000302203174215, 0.000231326543144, 8.93358228495e-05, 4.81194074382e-05, 5.61676679354e-05, 6.48691420793e-05, 8.40526772663e-05, 7.13094777893e-05, 3.61746861017e-05, 3.77617361664e-05, 4.26369333582e-05, 5.13104532729e-05, 4.93224906677e-05, 8.00013076514e-05, 5.91509815422e-05, 2.29479246627e-05, 1.63668846653e-05, 1.60345534823e-05, 1.85797252925e-05, 1.08897993414e-05, 8.02508748166e-06, 8.48622676131e-06, 1.13765590868e-05, 9.2353011496e-06, 1.02585636341e-05, 1.06182287709e-05, 9.78432035481e-06, 9.7705033113e-06, 8.47499632073e-06, 5.93861022935e-06, 4.13290308643e-06, 3.26906570081e-06, 2.76852665593e-06],
        "median": [0.000782768242061, 0.00287599535659, 0.0015048161149, 0.000412126246374, 0.000154044522787, 0.00015502946917, 0.000113946116471, 0.00011602952145, 5.15455940331e-05, 3.14354547299e-05, 2.26523698075e-05, 3.96571194869e-05, 4.61279378214e-05, 4.37267335656e-05, 1.93259020307e-05, 1.44481928146e-05, 1.96258479264e-05, 1.76458943315e-05, 1.73323060153e-05, 1.84225027624e-05, 2.39627152041e-05, 2.59010103036e-05, 1.51148915393e-05, 1.12701063699e-05, 1.19407195598e-05, 1.20314452943e-05, 6.94121945344e-06, 4.15278600485e-06, 5.50336244487e-06, 7.6482519944e-06, 5.35542540092e-06, 6.15883982391e-06, 6.62177399136e-06, 5.7045253925e-06, 4.95371932629e-06, 3.59717478204e-06, 2.36231380768e-06, 1.63762024386e-06, 1.40677434501e-06, 1.3226866713e-06],
        "min": [1.14624865155e-10, 3.14438863835e-10, 1.25819035746e-10, 3.27579421922e-11, 9.7990695419e-12, 1.44628441168e-11, 1.61645384578e-11, 2.52100302439e-11, 4.5543369423e-12, 6.66315266851e-12, 1.40569118845e-11, 6.9090458181e-12, 3.68290294095e-12, 2.29061496333e-12, 2.44575974057e-12, 3.0842440147e-13, 1.17427562899e-12, 2.07564629547e-12, 1.65077185862e-12, 1.2627837144e-12, 2.80953184979e-13, 1.6786489733e-12, 1.08914732701e-12, 5.35343741993e-13, 3.37108298091e-13, 2.17375623794e-13, 4.88169346526e-13, 2.15457141603e-13, 1.8174527096e-13, 1.35500619514e-13, 3.25105034853e-14, 2.89064765505e-14, 6.25397154311e-14, 7.51002043756e-14, 5.18150823083e-14, 5.39828327439e-14, 4.67022050915e-14, 4.40454489829e-14, 4.73812917341e-14, 9.21117701428e-14],
        "var": [6.91835020916e-06, 1.56793448696e-05, 4.73441377835e-06, 1.52931545472e-06, 3.48033296405e-07, 4.18767569954e-07, 1.24880742192e-07, 2.41672154289e-07, 2.78431599554e-07, 3.51983651115e-08, 8.34957880613e-09, 6.07896266658e-09, 9.61412816025e-09, 1.88904625276e-08, 2.55027750029e-08, 5.49707124264e-09, 3.50639073332e-09, 5.49871659317e-09, 9.89299664411e-09, 7.53519024954e-09, 3.12677634895e-08, 8.91141027637e-09, 1.00177188767e-09, 6.58784915508e-10, 3.21065118936e-10, 4.89072893295e-10, 1.76697226295e-10, 1.38429503971e-10, 1.10813212773e-10, 1.79024697844e-10, 1.51025650319e-10, 1.69009972684e-10, 1.80907205882e-10, 2.04693081929e-10, 2.74019890112e-10, 3.63833851935e-10, 2.93775531679e-10, 9.78743752711e-11, 4.92801181806e-11, 4.43842358699e-11]
    },
    "mfcc": {
        "mean": [-626.352600098, 98.097946167, 16.2334041595, 28.4283409119, 13.1030654907, 13.8561534882, -0.683611035347, 10.5005102158, 0.474878430367, -0.918605625629, -0.173245847225, 0.866174519062, 3.43529009819],
        "cov": [[12688.3486328, -2193.78735352, -197.602737427, -344.785736084, -175.722183228, -164.000015259, -844.350891113, -279.007568359, -96.3222503662, -230.708114624, -173.208175659, 160.374603271, 241.852554321], [-2193.78735352, 1176.01953125, -104.209777832, 140.123916626, 14.1329965591, 43.2970123291, 169.970413208, 131.247573853, 33.9804382324, 91.0755157471, 103.060806274, -19.4073905945, -20.6791419983], [-197.602737427, -104.209777832, 185.683425903, 1.85718941689, 7.12489509583, 16.3391056061, 47.8192901611, -2.5860016346, -8.60348033905, -3.33304142952, -11.653878212, -2.85573792458, -19.6980361938], [-344.785736084, 140.123916626, 1.85718941689, 208.964813232, 121.131103516, 31.3696517944, 15.5490036011, 11.7102851868, 37.797088623, 19.4152526855, -30.9610290527, -26.4919338226, 3.00347471237], [-175.722183228, 14.1329965591, 7.12489509583, 121.131103516, 194.049713135, 40.1342506409, -12.4347219467, 0.396135300398, 47.1965713501, 25.9287796021, -31.0036830902, -21.1389198303, 3.76359677315], [-164.000015259, 43.2970123291, 16.3391056061, 31.3696517944, 40.1342506409, 88.4993057251, 56.6283683777, 24.4556865692, 9.9202747345, 32.8468208313, 20.5334339142, 0.0190751515329, -14.0929794312], [-844.350891113, 169.970413208, 47.8192901611, 15.5490036011, -12.4347219467, 56.6283683777, 186.969299316, 64.5098114014, -5.55499458313, 25.8443870544, 34.4619750977, -3.44901537895, -43.7986335754], [-279.007568359, 131.247573853, -2.5860016346, 11.7102851868, 0.396135300398, 24.4556865692, 64.5098114014, 114.548919678, 32.8135795593, 26.7161769867, 38.0504112244, 16.9179000854, 14.0437669754], [-96.3222503662, 33.9804382324, -8.60348033905, 37.797088623, 47.1965713501, 9.9202747345, -5.55499458313, 32.8135795593, 86.8795623779, 47.642250061, 12.053442955, 6.64822053909, 20.8088779449], [-230.708114624, 91.0755157471, -3.33304142952, 19.4152526855, 25.9287796021, 32.8468208313, 25.8443870544, 26.7161769867, 47.642250061, 107.498817444, 50.9187469482, 0.526486158371, -5.23385620117], [-173.208175659, 103.060806274, -11.653878212, -30.9610290527, -31.0036830902, 20.5334339142, 34.4619750977, 38.0504112244, 12.053442955, 50.9187469482, 93.9515914917, 35.1846046448, 3.50112652779], [160.374603271, -19.4073905945, -2.85573792458, -26.4919338226, -21.1389198303, 0.0190751515329, -3.44901537895, 16.9179000854, 6.64822053909, 0.526486158371, 35.1846046448, 74.8788528442, 38.6221923828], [241.852554321, -20.6791419983, -19.6980361938, 3.00347471237, 3.76359677315, -14.0929794312, -43.7986335754, 14.0437669754, 20.8088779449, -5.23385620117, 3.50112652779, 38.6221923828, 88.6920318604]],
