{
"lowlevel": {
    "average_loudness": 0.935884177685,
    "barkbands_crest": {
        "dmean": 2.2451736927,
        "dmean2": 3.78723359108,
        "dvar": 4.34759140015,
        "dvar2": 11.6916370392,
        "max": 23.6622657776,
        "mean": 8.34692764282,
        "median": 7.31794643402,
        "min": 2.34824371338,
        "var": 15.6548194885
    },
    "barkbands_flatness_db": {
        "dmean": 0.0184869430959,
        "dmean2": 0.03021947667,
        "dvar": 0.000382886850275,
        "dvar2": 0.000950112880673,
        "max": 0.422684639692,
        "mean": 0.13843549788,
        "median": 0.115545317531,
        "min": 0.0401486232877,
        "var": 0.00559230707586
    },
    "barkbands_kurtosis": {
        "dmean": 2.14358878136,
        "dmean2": 3.63483572006,
        "dvar": 20.5710983276,
        "dvar2": 59.8227310181,
        "max": 73.1562194824,
        "mean": 2.60609722137,
        "median": -0.316950321198,
        "min": -1.90506947041,
        "var": 61.7448043823
    },
    "barkbands_skewness": {
        "dmean": 0.491247624159,
        "dmean2": 0.81428360939,
        "dvar": 0.250571161509,
        "dvar2": 0.665233492851,
        "max": 7.49159860611,
        "mean": 1.13885712624,
        "median": 0.796779096127,
        "min": -1.9371393919,
        "var": 1.69536554813
    },
    "barkbands_spread": {
        "dmean": 5.72383260727,
        "dmean2": 9.02709770203,
        "dvar": 46.247505188,
        "dvar2": 96.9351806641,
        "max": 98.5852966309,
        "mean": 29.0708618164,
        "median": 28.9239635468,
        "min": 1.1785030365,
        "var": 258.002960205
    },
    "dissonance": {
        "dmean": 0.0118813989684,
        "dmean2": 0.0203396528959,
        "dvar": 0.00016037626483,
        "dvar2": 0.000468655023724,
        "max": 0.500000119209,
        "mean": 0.479586333036,
        "median": 0.483802467585,
        "min": 0.368173062801,
        "var": 0.000272333505563
    },
    "dynamic_complexity": 3.09712743759,
    "erbbands_crest": {
        "dmean": 2.26656508446,
        "dmean2": 3.76821804047,
        "dvar": 4.21869850159,
        "dvar2": 10.8157815933,
        "max": 27.6023368835,
        "mean": 7.81741571426,
        "median": 7.08794498444,
        "min": 2.6018640995,
        "var": 10.3626298904
    },
    "erbbands_flatness_db": {
        "dmean": 0.0144790634513,
        "dmean2": 0.0218681395054,
        "dvar": 0.000228220102144,
        "dvar2": 0.000434144661995,
        "max": 0.333789259195,
        "mean": 0.163520812988,
        "median": 0.157020106912,
        "min": 0.0423512905836,
        "var": 0.00222200830467
    },
    "erbbands_kurtosis": {
        "dmean": 0.74251639843,
        "dmean2": 1.20385038853,
        "dvar": 0.699687421322,
        "dvar2": 1.81640136242,
        "max": 18.194021225,
        "mean": 0.184643998742,
        "median": -0.091370344162,
        "min": -1.69593346119,
        "var": 1.6645219326
    },
    "erbbands_skewness": {
        "dmean": 0.306661039591,
        "dmean2": 0.489251077175,
        "dvar": 0.0758988782763,
        "dvar2": 0.180635541677,
        "max": 3.27151799202,
        "mean": -0.350926607847,
        "median": -0.40752351284,
        "min": -2.93187332153,
        "var": 0.432763487101
    },
    "erbbands_spread": {
        "dmean": 7.02105855942,
        "dmean2": 11.005821228,
        "dvar": 47.6079559326,
        "dvar2": 110.42427063,
        "max": 108.538757324,
        "mean": 35.750328064,
        "median": 32.514503479,
        "min": 4.90628528595,
        "var": 236.411834717
    },
    "hfc": {
        "dmean": 4.75123310089,
        "dmean2": 7.53706502914,
        "dvar": 35.8749198914,
        "dvar2": 82.8452529907,
        "max": 103.433235168,
        "mean": 26.2686061859,
        "median": 23.524887085,
        "min": 1.10921333488e-16,
        "var": 433.14831543
    },
    "melbands_crest": {
        "dmean": 3.28723192215,
        "dmean2": 5.59649848938,
        "dvar": 9.09107494354,
        "dvar2": 24.5210723877,
        "max": 28.9094524384,
        "mean": 12.7358388901,
        "median": 11.8246488571,
        "min": 2.18112635612,
        "var": 24.8398475647
    },
    "melbands_flatness_db": {
        "dmean": 0.0251115337014,
        "dmean2": 0.0409209094942,
        "dvar": 0.000695546797942,
        "dvar2": 0.00167486723512,
        "max": 0.577961325645,
        "mean": 0.190823912621,
        "median": 0.157617166638,
        "min": 0.00467633642256,
        "var": 0.0112375887111
    },
    "melbands_kurtosis": {
        "dmean": 5.67487955093,
        "dmean2": 9.62245941162,
        "dvar": 104.344787598,
        "dvar2": 301.50592041,
        "max": 186.98147583,
        "mean": 10.4078617096,
        "median": 3.90539693832,
        "min": -1.5311934948,
        "var": 318.390167236
    },
    "melbands_skewness": {
        "dmean": 0.677893519402,
        "dmean2": 1.12352526188,
        "dvar": 0.471315085888,
        "dvar2": 1.27428936958,
        "max": 10.9119853973,
        "mean": 2.40355277061,
        "median": 2.0476975441,
        "min": -1.28579127789,
        "var": 2.78030657768
    },
    "melbands_spread": {
        "dmean": 8.58855819702,
        "dmean2": 13.8930606842,
        "dvar": 90.1672363281,
        "dvar2": 205.861663818,
        "max": 142.531173706,
        "mean": 33.5493392944,
        "median": 32.9005088806,
        "min": 1.00331282616,
        "var": 429.138275146
    },
    "pitch_salience": {
        "dmean": 0.0688042193651,
        "dmean2": 0.117378272116,
        "dvar": 0.00376561842859,
        "dvar2": 0.0108256386593,
        "max": 0.843630552292,
        "mean": 0.598547458649,
        "median": 0.617262840271,
        "min": 0.18283213675,
        "var": 0.00876383110881
    },
    "silence_rate_20dB": {
        "dmean": 0,
        "dmean2": 0,
        "dvar": 0,
        "dvar2": 0,
        "max": 1,
        "mean": 1,
        "median": 1,
        "min": 1,
        "var": 0
    },
    "silence_rate_30dB": {
        "dmean": 0,
        "dmean2": 0,
        "dvar": 0,
        "dvar2": 0,
        "max": 1,
        "mean": 1,
        "median": 1,
        "min": 1,
        "var": 0
    },
    "silence_rate_60dB": {
        "dmean": 0.00231839250773,
        "dmean2": 0.00463857734576,
        "dvar": 0.00231311889365,
        "dvar2": 0.00539010995999,
        "max": 1,
        "mean": 0.0432599447668,
        "median": 0,
        "min": 0,
        "var": 0.0413900502026
    },
    "spectral_centroid": {
        "dmean": 233.140167236,
        "dmean2": 364.448730469,
        "dvar": 138607.25,
        "dvar2": 205953.453125,
        "max": 11328.4755859,
        "mean": 1604.51977539,
        "median": 1692.12304688,
        "min": 141.149612427,
        "var": 544237.625
    },
    "spectral_complexity": {
        "dmean": 3.04095816612,
        "dmean2": 5.03053712845,
        "dvar": 7.6776304245,
        "dvar2": 19.2936458588,
        "max": 52,
        "mean": 26.1676330566,
        "median": 30,
        "min": 0,
        "var": 159.26385498
    },
    "spectral_decrease": {
        "dmean": 1.64803448666e-09,
        "dmean2": 2.76466938232e-09,
        "dvar": 3.24473672111e-18,
        "dvar2": 8.84064168917e-18,
        "max": 7.53953184238e-29,
        "mean": -6.06423755656e-09,
        "median": -5.81428905022e-09,
        "min": -1.78887589186e-08,
        "var": 8.42474768489e-18
    },
    "spectral_energy": {
        "dmean": 0.00639821216464,
        "dmean2": 0.0107184583321,
        "dvar": 4.78668989672e-05,
        "dvar2": 0.000130152868223,
        "max": 0.0743601694703,
        "mean": 0.0252704843879,
        "median": 0.0243630502373,
        "min": 9.94189186021e-21,
        "var": 0.000148528080899
    },
    "spectral_energyband_high": {
        "dmean": 0.000332760479068,
        "dmean2": 0.0004702033184,
        "dvar": 4.76384002468e-07,
        "dvar2": 8.67364065016e-07,
        "max": 0.0116330105811,
        "mean": 0.000988411717117,
        "median": 0.000447373749921,
        "min": 7.16549729268e-21,
        "var": 2.36366349782e-06
    },
    "spectral_energyband_low": {
        "dmean": 0.00451187649742,
        "dmean2": 0.0076913703233,
        "dvar": 3.35778022418e-05,
        "dvar2": 9.53285416472e-05,
        "max": 0.0628819540143,
        "mean": 0.0085258083418,
        "median": 0.00682484963909,
        "min": 4.81427011426e-23,
        "var": 4.77084722661e-05
    },
    "spectral_energyband_middle_high": {
        "dmean": 0.0019339940045,
        "dmean2": 0.00309387757443,
        "dvar": 8.78840364749e-06,
        "dvar2": 2.14931860683e-05,
        "max": 0.065482057631,
        "mean": 0.00837235338986,
        "median": 0.00659207813442,
        "min": 1.39627542138e-21,
        "var": 7.32703992981e-05
    },
    "spectral_energyband_middle_low": {
        "dmean": 0.00340509810485,
        "dmean2": 0.00568466121331,
        "dvar": 2.16224379983e-05,
        "dvar2": 5.64773690712e-05,
        "max": 0.0501126758754,
        "mean": 0.00870040524751,
        "median": 0.00767524261028,
        "min": 2.97741980268e-22,
        "var": 4.0106857341e-05
    },
    "spectral_entropy": {
        "dmean": 0.119842492044,
        "dmean2": 0.179877713323,
        "dvar": 0.0240198671818,
        "dvar2": 0.0486069992185,
        "max": 9.80385112762,
        "mean": 7.65686178207,
        "median": 7.74828577042,
        "min": 5.50289583206,
        "var": 0.248279929161
    },
    "spectral_flux": {
        "dmean": 0.0172911006957,
        "dmean2": 0.0281244758517,
        "dvar": 0.000325180677464,
        "dvar2": 0.000798185588792,
        "max": 0.24016906321,
        "mean": 0.0861424207687,
        "median": 0.086634285748,
        "min": 6.58532325892e-11,
        "var": 0.0012627991382
    },
    "spectral_kurtosis": {
        "dmean": 3.04225420952,
        "dmean2": 5.29301977158,
        "dvar": 59.3525238037,
        "dvar2": 185.868179321,
        "max": 145.708755493,
        "mean": 7.19539690018,
        "median": 4.26667165756,
        "min": -1.2355941534,
        "var": 155.424224854
    },
    "spectral_rms": {
        "dmean": 0.000613627315033,
        "dmean2": 0.0010196713265,
        "dvar": 3.67327288586e-07,
        "dvar2": 9.99486246656e-07,
        "max": 0.00851742364466,
        "mean": 0.00477220816538,
        "median": 0.00487532839179,
        "min": 3.1143870035e-12,
        "var": 1.88018771041e-06
    },
    "spectral_rolloff": {
        "dmean": 476.436004639,
        "dmean2": 796.271179199,
        "dvar": 808656.125,
        "dvar2": 1614038.5,
        "max": 19272.2167969,
        "mean": 1983.97570801,
        "median": 2131.78710938,
        "min": 86.1328125,
        "var": 2534858.5
    },
    "spectral_skewness": {
        "dmean": 0.273749291897,
        "dmean2": 0.457779020071,
        "dvar": 0.206506431103,
        "dvar2": 0.628571033478,
        "max": 9.20569515228,
        "mean": 1.61845529079,
        "median": 1.43770706654,
        "min": -0.0485927127302,
        "var": 0.767180800438
    },
    "spectral_spread": {
        "dmean": 447222.59375,
        "dmean2": 616604.375,
        "dvar": 973002899456,
        "dvar2": 1.25540682957e+12,
        "max": 41943424,
        "mean": 3895245,
        "median": 3562981.5,
        "min": 556945.6875,
        "var": 4.35809707622e+12
    },
    "spectral_strongpeak": {
        "dmean": 0.532442331314,
        "dmean2": 0.923448741436,
        "dvar": 0.886704206467,
        "dvar2": 2.33967065811,
        "max": 11.5384721756,
        "mean": 0.741792798042,
        "median": 0.288869738579,
        "min": 0,
        "var": 1.48115611076
    },
    "zerocrossingrate": {
        "dmean": 0.00896697957069,
        "dmean2": 0.0107125546783,
        "dvar": 0.00024188493262,
        "dvar2": 0.000374265073333,
        "max": 0.5244140625,
        "mean": 0.0685562714934,
        "median": 0.0673828125,
        "min": 0.0048828125,
        "var": 0.00170562241692
    },
    "barkbands": {
        "dmean": [8.87070928002e-05, 0.00258721713908, 0.00218543200754, 0.00166278041434, 0.00156478572171, 0.000378249009373, 0.000552749494091, 0.000613273994531, 0.000660824473016, 0.000667181040626, 0.000395601149648, 0.000298897764878, 0.00039988028584, 0.000507704156917, 0.000525481067598, 0.000715751026291, 0.000512886676006, 0.00028167819255, 0.000136246002512, 0.000133491907036, 6.77502976032e-05, 0.000105590690509, 9.87590901786e-05, 6.8509070843e-05, 3.63393701264e-05, 1.27610983327e-05, 7.88300802412e-09],
        "dmean2": [0.000149253450218, 0.00443895766512, 0.00378321064636, 0.00279133254662, 0.00270498706959, 0.000605334702414, 0.000866308400873, 0.000975264993031, 0.00109934655484, 0.00104346428998, 0.000617486075498, 0.000491202750709, 0.000669276050758, 0.000867773604114, 0.000889121613, 0.0012227242114, 0.00086761417333, 0.00046188707347, 0.000224442308536, 0.000221432215767, 0.000107656480395, 0.000162704483955, 0.000147074853885, 0.000101992787677, 5.05984207848e-05, 1.78150039574e-05, 1.40825031636e-08],
        "dvar": [1.00333483743e-08, 1.09685597636e-05, 1.16492738016e-05, 7.54963457439e-06, 6.57439659335e-06, 4.75627757623e-07, 1.09935524506e-06, 1.60540650995e-06, 1.36867038236e-06, 5.1403053476e-06, 3.24980692312e-06, 8.83125210294e-07, 1.33933713187e-06, 6.13735267052e-07, 7.45400654978e-07, 1.74631065875e-06, 4.81765312088e-07, 2.26850644935e-07, 5.48260672417e-08, 4.53033521808e-08, 1.67499294434e-08, 6.94895305742e-08, 5.62728352804e-08, 2.6312665824e-08, 1.15554792401e-08, 1.23065269086e-09, 6.20022399918e-16],
        "dvar2": [2.81837486682e-08, 3.10178511427e-05, 3.25335277012e-05, 1.85778335435e-05, 1.90489809029e-05, 1.1684353467e-06, 2.74533203992e-06, 3.97173062083e-06, 3.55761380888e-06, 1.16840174087e-05, 6.49202775094e-06, 2.58944874076e-06, 3.28110922965e-06, 1.74298247657e-06, 1.95899201572e-06, 4.89986996399e-06, 1.36760695568e-06, 5.51051925868e-07, 1.43385832985e-07, 1.1053893445e-07, 4.02210424966e-08, 1.4551991967e-07, 1.06306032421e-07, 5.47200009748e-08, 2.16682440879e-08, 2.28956409387e-09, 1.74514071068e-15],
        "max": [0.00118981592823, 0.0326870828867, 0.0459263399243, 0.03060220927, 0.0288816429675, 0.0148029746488, 0.0147536695004, 0.022857485339, 0.0181006919593, 0.0486613623798, 0.0586734116077, 0.0272170379758, 0.0232750885189, 0.0109578473493, 0.0149703342468, 0.0261931084096, 0.00887682009488, 0.0103283636272, 0.00432048877701, 0.00453979801387, 0.00251905294135, 0.00515752099454, 0.00536516821012, 0.00252280570567, 0.00172158679925, 0.000743025972042, 5.47562422071e-07],
        "mean": [0.000240069086431, 0.00428061094135, 0.00301403086632, 0.00210123090073, 0.00251517444849, 0.000668453285471, 0.000849789299536, 0.000940409605391, 0.00111519009806, 0.00101463973988, 0.000700840668287, 0.000467378471512, 0.000666993495543, 0.000881857529748, 0.00100764574017, 0.0014982058201, 0.00111494155135, 0.000644567306153, 0.000325066706864, 0.000348567147739, 0.000168875179952, 0.000225572410272, 0.000221693044296, 0.000146426493302, 8.43391026137e-05, 2.79137020698e-05, 6.63171428883e-09],
        "median": [0.000182854593731, 0.00351010193117, 0.00154495378956, 0.0010836024303, 0.00162960903253, 0.000362609833246, 0.000354460004019, 0.000497982138768, 0.000530752178747, 0.000295020086924, 0.000164649900398, 0.000231325262575, 0.000269749754807, 0.000533987011295, 0.000665454601403, 0.00107333471533, 0.000793179788161, 0.000419414660428, 0.000220453061047, 0.000252720725257, 8.2050144556e-05, 7.59282556828e-05, 6.88270229148e-05, 4.26771766797e-05, 1.5324971173e-05, 4.27082113674e-06, 8.98115692927e-10],
        "min": [1.86219704355e-23, 1.17116206921e-23, 1.11767627432e-23, 8.83662974481e-24, 5.58046389023e-23, 3.91598441961e-23, 3.13145404521e-23, 1.71354314794e-23, 4.73502020109e-23, 4.19500515287e-23, 1.10611039016e-23, 6.83777627561e-23, 4.91797503104e-23, 5.58726765776e-23, 9.59524272525e-23, 1.56500650861e-22, 1.4981015113e-22, 1.33531911687e-22, 2.44846168135e-22, 3.25989814485e-22, 3.76263831622e-22, 4.50218645341e-22, 4.78390849885e-22, 9.09485083502e-22, 9.2107096371e-22, 1.31004911267e-21, 2.3626350285e-21],
        "var": [4.32807389927e-08, 1.3258085346e-05, 1.70494859049e-05, 9.43894883676e-06, 8.5121318989e-06, 9.81023049462e-07, 2.19862818085e-06, 2.520957878e-06, 2.65029916591e-06, 8.42340432428e-06, 9.49206605583e-06, 9.85879182736e-07, 2.33562650465e-06, 1.25418603147e-06, 1.73143735083e-06, 3.28980695485e-06, 1.38553900797e-06, 7.26054622646e-07, 1.74202796188e-07, 1.57005743517e-07, 6.26730667364e-08, 2.02011790407e-07, 2.27559652899e-07, 8.54551842622e-08, 4.80189932262e-08, 5.23926546592e-09, 5.20088658707e-16]
    },
    "erbbands": {
        "dmean": [0.061135545373, 0.663805544376, 2.30740141869, 3.91872835159, 5.77775621414, 5.22797584534, 3.81776857376, 3.45295143127, 6.90785980225, 10.6778860092, 9.57788467407, 16.6175460815, 21.2323474884, 13.1164798737, 18.0700035095, 10.0675649643, 17.2977848053, 20.5930175781, 27.3460960388, 27.4478187561, 40.774230957, 23.3815975189, 14.6508951187, 8.82764053345, 8.02501678467, 5.90054988861, 3.09856009483, 2.74196910858, 3.62775206566, 3.90114831924, 2.56134295464, 1.87495493889, 0.961545944214, 0.548964083195, 0.195668831468, 0.0668138116598, 0.023555053398, 0.00212048273534, 4.15001413785e-05, 8.25591541798e-06],
        "dmean2": [0.100785404444, 1.14410221577, 4.01943206787, 6.69378614426, 10.076086998, 8.8648891449, 6.21175670624, 5.51256895065, 10.6716346741, 17.5047359467, 15.6730365753, 27.3459606171, 34.2171669006, 20.6208229065, 27.664182663, 16.5912666321, 28.9368782043, 35.3207054138, 46.493183136, 46.4277877808, 69.7713623047, 39.363155365, 24.1088562012, 14.7364463806, 13.3424530029, 9.66566371918, 5.11795473099, 4.26739692688, 5.51988363266, 6.17298650742, 3.75672912598, 2.88452625275, 1.4004585743, 0.786144673824, 0.27580589056, 0.0937018170953, 0.0339420214295, 0.00309305824339, 5.9237023379e-05, 1.33751827889e-05],
        "dvar": [0.00555575825274, 0.777636826038, 12.7544651031, 32.8979225159, 125.717903137, 55.5423164368, 34.5396385193, 59.0051078796, 167.854019165, 358.281188965, 668.623901367, 840.59777832, 4596.65966797, 3345.72070312, 5648.57519531, 441.39364624, 2561.77905273, 1356.22216797, 1752.74902344, 4372.72705078, 3548.01123047, 980.512817383, 782.934326172, 141.663589478, 222.103622437, 96.7718048096, 35.2214164734, 33.7269515991, 77.2561035156, 100.803688049, 41.7324256897, 23.9557704926, 5.90268468857, 2.60893058777, 0.354952901602, 0.035687290132, 0.00442520435899, 4.75274719065e-05, 1.49642698233e-08, 8.73850852789e-11],
        "dvar2": [0.0160173010081, 2.21488809586, 35.8158874512, 87.1930618286, 349.69241333, 153.615631104, 88.2569503784, 141.934997559, 403.373718262, 842.008117676, 1561.49279785, 2221.62841797, 11477.1875, 7857.71777344, 10885.3115234, 1113.91540527, 5977.84912109, 3865.93359375, 4727.78808594, 12225.8896484, 9771.24902344, 2770.56713867, 1863.43994141, 375.390716553, 571.442626953, 225.552764893, 98.2573471069, 70.0704956055, 156.743392944, 234.620269775, 77.1841659546, 52.4104652405, 11.9781837463, 5.23692512512, 0.666636943817, 0.0639454498887, 0.00895265769213, 0.000100470802863, 3.00995921521e-08, 2.08575462457e-10],
        "max": [0.766631424427, 8.28418636322, 47.4925079346, 56.0883789062, 119.256767273, 92.7275924683, 103.926040649, 180.391967773, 207.684661865, 459.677429199, 567.561523438, 411.945953369, 1607.80993652, 1958.87194824, 2333.36938477, 480.723175049, 1241.22119141, 593.581481934, 644.178833008, 1474.11938477, 1018.62854004, 413.776275635, 641.538696289, 194.373565674, 280.898651123, 216.49130249, 125.173065186, 149.775817871, 207.614852905, 200.400497437, 156.614883423, 108.268554688, 41.1102638245, 27.6102237701, 14.0521183014, 4.41291093826, 1.39830434322, 0.178134575486, 0.00290818861686, 0.00014713886776],
        "mean": [0.118368700147, 0.9909684062, 3.25096178055, 5.47027444839, 7.46409845352, 8.61012840271, 7.20385503769, 6.0011806488, 11.1742229462, 17.5751342773, 16.0725669861, 28.8088092804, 34.7966194153, 22.7678184509, 32.863609314, 19.1251411438, 30.8492183685, 39.3172187805, 55.3989372253, 55.9814949036, 91.452003479, 58.6801490784, 35.783870697, 22.8228282928, 19.8235301971, 15.7352046967, 7.66165733337, 6.55226135254, 7.87582588196, 8.15276241302, 5.82065725327, 3.75193285942, 2.14569878578, 1.20071768761, 0.458772659302, 0.156482622027, 0.0471269749105, 0.00419744709507, 0.000100635268609, 3.66884523828e-05],
        "median": [0.0997387096286, 0.762967467308, 1.89570069313, 3.2395427227, 4.30460929871, 5.30926179886, 4.3504524231, 3.36069130898, 4.82160329819, 9.96877861023, 9.45006370544, 13.4957618713, 10.1773986816, 8.7105588913, 9.3836107254, 10.1605319977, 13.6985826492, 23.3912372589, 39.8588104248, 39.8355369568, 69.5358123779, 45.7304534912, 22.3445682526, 17.5915813446, 13.0931873322, 11.2776498795, 4.60677576065, 3.01946043968, 2.73405265808, 2.67372727394, 1.7626234293, 1.00443089008, 0.617001235485, 0.24567194283, 0.081080570817, 0.027543110773, 0.00631100824103, 0.000552204204723, 2.90595326078e-05, 3.27808302245e-05],
        "min": [4.52087879655e-22, 1.84801539445e-21, 1.68724003887e-20, 2.88686421522e-20, 9.99643957485e-20, 2.79328423855e-19, 9.43378744478e-20, 4.07643058618e-19, 6.16371151902e-19, 4.94783718567e-19, 4.43574052518e-19, 1.43892978938e-18, 1.45175067529e-18, 6.89072728024e-19, 1.26675400604e-18, 2.18143181923e-18, 2.21200048557e-18, 2.31940906092e-18, 5.4430531578e-18, 7.2764191626e-18, 9.0113122106e-18, 7.9627962641e-18, 7.20133763275e-18, 9.6461278358e-18, 1.09266985498e-17, 1.42070784835e-17, 1.16965960778e-17, 1.34851499865e-17, 1.50753550833e-17, 1.16574787066e-17, 1.34442748565e-17, 1.96669436737e-17, 1.49915947744e-17, 9.59419991848e-18, 6.71370969857e-18, 4.99361284378e-18, 2.46341934441e-18, 1.11292467509e-18, 3.08722312771e-19, 3.59221566383e-20],
        "var": [0.00938835833222, 0.836199939251, 16.0372219086, 44.3419380188, 115.968559265, 99.1775665283, 82.9807128906, 111.928817749, 367.456970215, 666.3671875, 884.875732422, 1780.94995117, 8098.75878906, 6361.44433594, 17023.8964844, 900.320007324, 4826.85693359, 2896.13378906, 4063.17700195, 6881.04882812, 10114.4902344, 3367.01318359, 2494.97827148, 572.983581543, 639.134033203, 348.397521973, 108.1954422, 115.612060547, 234.534042358, 263.184509277, 171.308776855, 65.1305465698, 20.9794483185, 9.44635486603, 1.52007484436, 0.169737070799, 0.0149008100852, 0.000136037764605, 5.1517904609e-08, 5.12399456198e-10]
    },
    "gfcc": {
        "mean": [-1.05731153488, 106.534507751, -129.682785034, 42.8228340149, -42.7527809143, 19.4162578583, -39.6799240112, 12.1684770584, -14.5380878448, -1.92206549644, -18.3065166473, -4.64969301224, -9.15382671356],
        "cov": [[10852.6162109, -3122.68701172, -1298.36303711, 744.407043457, -1216.29882812, 335.69631958, -760.94921875, 501.885192871, -210.356140137, 278.542541504, -344.215332031, 225.718917847, -445.995849609], [-3122.68701172, 2731.91723633, 29.2206764221, -515.828857422, 988.363098145, -402.312683105, 517.822021484, -291.768249512, 139.246337891, -278.681762695, 272.033874512, -277.614532471, 257.435638428], [-1298.36303711, 29.2206764221, 729.50579834, -26.7028656006, 15.6941699982, 138.069534302, 42.0958633423, -48.5386199951, -33.2186088562, 10.3920021057, -49.3531913757, 27.0422344208, 4.33791780472], [744.407043457, -515.828857422, -26.7028656006, 461.236968994, -226.52784729, 22.7453022003, -97.142868042, -21.9717006683, 0.158575579524, 47.2742843628, -57.3168525696, 23.1777057648, -25.7043056488], [-1216.29882812, 988.363098145, 15.6941699982, -226.52784729, 504.870666504, -147.438415527, 215.755706787, -89.3408889771, 39.009552002, -104.814567566, 92.316192627, -99.7054595947, 96.1143417358], [335.69631958, -402.312683105, 138.069534302, 22.7453022003, -147.438415527, 193.47694397, -27.5027656555, 46.9183387756, -43.079082489, 25.0966758728, -44.9736785889, 46.6430206299, -40.5679740906], [-760.94921875, 517.822021484, 42.0958633423, -97.142868042, 215.755706787, -27.5027656555, 243.908660889, -46.0523223877, 8.52582263947, -65.4536514282, 57.1705513, -64.7556838989, 53.1109733582], [501.885192871, -291.768249512, -48.5386199951, -21.9717006683, -89.3408889771, 46.9183387756, -46.0523223877, 124.530982971, 1.8466398716, 39.2109603882, -23.814371109, 27.9599723816, -37.9897041321], [-210.356140137, 139.246337891, -33.2186088562, 0.158575579524, 39.009552002, -43.079082489, 8.52582263947, 1.8466398716, 87.1382522583, 3.42384934425, 12.950097084, -12.9556369781, 19.8683624268], [278.542541504, -278.681762695, 10.3920021057, 47.2742843628, -104.814567566, 25.0966758728, -65.4536514282, 39.2109603882, 3.42384934425, 95.4546508789, -13.2001142502, 30.8122501373, -30.4641017914], [-344.215332031, 272.033874512, -49.3531913757, -57.3168525696, 92.316192627, -44.9736785889, 57.1705513, -23.814371109, 12.950097084, -13.2001142502, 94.7275314331, -13.2017564774, 28.8205871582], [225.718917847, -277.614532471, 27.0422344208, 23.1777057648, -99.7054595947, 46.6430206299, -64.7556838989, 27.9599723816, -12.9556369781, 30.8122501373, -13.2017564774, 82.9133148193, -3.20619082451], [-445.995849609, 257.435638428, 4.33791780472, -25.7043056488, 96.1143417358, -40.5679740906, 53.1109733582, -37.9897041321, 19.8683624268, -30.4641017914, 28.8205871582, -3.20619082451, 94.1167373657]],
        "icov": [[0.000284985930193, -0.000235273459111, 0.000630018766969, -0.000402918230975, 9.65774743236e-05, -0.000530504679773, 0.000357302400516, -0.000645642459858, 0.000679092248902, -0.000225961426622, 0.00070023565786, -0.000419523275923, 0.00062018452445], [-0.000235273459111, 0.00414060847834, -0.00135253183544, 0.00226007541642, -0.00230584410019, 0.00300546269864, -0.00148437125608, 0.00348807312548, -0.00322500872426, 0.00304317497648, -0.00422955770046, 0.00510066421703, -0.00273041334003], [0.000630018766969, -0.00135253183544, 0.00355562660843, -0.00109986227471, 4.30866530223e-05, -0.00349865155295, 0.000673448550515, -0.000427090330049, 0.00197515403852, -0.00216733408161, 0.00365989422426, -0.00264008250087, 0.00178713758942], [-0.000402918230975, 0.00226007541642, -0.00109986227471, 0.00484936591238, 0.000688375730533, 0.00244530360214, -0.00128845556173, 0.00438920920715, -0.00282199447975, 0.000910508504603, -0.00148809642997, 0.00352400168777, -0.00240017194301], [9.65774743236e-05, -0.00230584410019, 4.30866530223e-05, 0.000688375730533, 0.00765580870211, 0.00133423169609, -0.00166958139744, -0.00115824700333, 0.00121304916684, 0.000124127764138, 0.00123576028273, -0.000323753629345, -0.000423097953899], [-0.000530504679773, 0.00300546269864, -0.00349865155295, 0.00244530360214, 0.00133423169609, 0.0133041590452, -0.00406233966351, 0.000645030580927, -0.000486921373522, 0.00348913948983, -0.00228098174557, 0.000919432961382, -0.00101880007423], [0.000357302400516, -0.00148437125608, 0.000673448550515, -0.00128845556173, -0.00166958139744, -0.00406233966351, 0.00952140334994, -0.00226853811182, 0.00205196789466, 0.00057499203831, -0.00108617963269, 0.00258002267219, -0.000790861318819], [-0.000645642459858, 0.00348807312548, -0.000427090330049, 0.00438920920715, -0.00115824700333, 0.000645030580927, -0.00226853811182, 0.0169541779906, -0.00593547476456, -0.000822723377496, -0.00180586113129, 0.00218790350482, -0.000183264477528], [0.000679092248902, -0.00322500872426, 0.00197515403852, -0.00282199447975, 0.00121304916684, -0.000486921373522, 0.00205196789466, -0.00593547476456, 0.0174915250391, -0.00434638373554, 0.00363143160939, -0.00224320194684, -0.000112663234177], [-0.000225961426622, 0.00304317497648, -0.00216733408161, 0.000910508504603, 0.000124127764138, 0.00348913948983, 0.00057499203831, -0.000822723377496, -0.00434638373554, 0.0187441352755, -0.00588349532336, 0.00160807173233, 0.000515635823831], [0.00070023565786, -0.00422955770046, 0.00365989422426, -0.00148809642997, 0.00123576028273, -0.00228098174557, -0.00108617963269, -0.00180586113129, 0.00363143160939, -0.00588349532336, 0.0209295861423, -0.00812908448279, 0.00259397714399], [-0.000419523275923, 0.00510066421703, -0.00264008250087, 0.00352400168777, -0.000323753629345, 0.000919432961382, 0.00258002267219, 0.00218790350482, -0.00224320194684, 0.00160807173233, -0.00812908448279, 0.0278882887214, -0.0102680921555], [0.00062018452445, -0.00273041334003, 0.00178713758942, -0.00240017194301, -0.000423097953899, -0.00101880007423, -0.000790861318819, -0.000183264477528, -0.000112663234177, 0.000515635823831, 0.00259397714399, -0.0102680921555, 0.0197063777596]]
    },
    "melbands": {
        "dmean": [0.000610165938269, 0.00106451101601, 0.000712627195753, 0.000383144215448, 0.00015489141515, 7.3501287261e-05, 0.000111036482849, 0.000127796272864, 7.62678246247e-05, 0.000108029897092, 0.000107325555291, 5.50856966584e-05, 5.73790966882e-05, 3.86048959626e-05, 3.05769317492e-05, 3.79309967684e-05, 4.4381707994e-05, 4.71135499538e-05, 3.99696800741e-05, 3.91901266994e-05, 5.54439502594e-05, 3.14222379529e-05, 1.68267779372e-05, 1.48263734445e-05, 7.47070180296e-06, 5.45132343177e-06, 7.00798500475e-06, 3.60921535503e-06, 2.28041085393e-06, 1.65731421475e-06, 1.77663241629e-06, 2.11657675209e-06, 2.42387955041e-06, 2.25456756198e-06, 1.61518300956e-06, 1.62177161656e-06, 1.04042146631e-06, 7.01222120369e-07, 6.79786126057e-07, 4.31383710975e-07],
        "dmean2": [0.00103314267471, 0.00184518063907, 0.0012164338259, 0.000665450468659, 0.000253344711382, 0.000117181443784, 0.000172894942807, 0.000207817574847, 0.000124974816572, 0.000178439193405, 0.000172700121766, 8.66910413606e-05, 8.97972859093e-05, 6.17940386292e-05, 5.10610843776e-05, 6.24529347988e-05, 7.60245020501e-05, 7.96761669335e-05, 6.82545651216e-05, 6.66369305691e-05, 9.54105853452e-05, 5.29964308953e-05, 2.79714349745e-05, 2.4940169169e-05, 1.261547186e-05, 8.92494517757e-06, 1.1604748579e-05, 5.94279254074e-06, 3.83378892366e-06, 2.68374355983e-06, 2.83052918348e-06, 3.30664306603e-06, 3.79936659556e-06, 3.58697820957e-06, 2.43121803578e-06, 2.49584559242e-06, 1.64092125488e-06, 1.05082858681e-06, 1.00303293493e-06, 6.23501307473e-07],
        "dvar": [5.77607636387e-07, 2.40316217059e-06, 1.18280831884e-06, 4.55470257066e-07, 5.1677709223e-08, 2.36463950642e-08, 4.44562466839e-08, 5.42530997905e-08, 4.9457433704e-08, 3.50376758718e-08, 1.20252607871e-07, 5.87311923539e-08, 6.29780601002e-08, 1.70317200343e-08, 6.03680572198e-09, 1.25730217349e-08, 5.70193625649e-09, 4.98091168311e-09, 5.07544584138e-09, 9.40513800174e-09, 6.86515821968e-09, 1.89262427952e-09, 8.46196168691e-10, 7.67918117983e-10, 1.04922022459e-10, 1.27589883103e-10, 1.3370664298e-10, 3.33285170295e-11, 1.90073599221e-11, 1.03325759407e-11, 1.63465213587e-11, 2.62304709203e-11, 3.88781298821e-11, 3.09207590088e-11, 1.65209443348e-11, 2.122483439e-11, 7.15782858332e-12, 2.99926186317e-12, 3.90177126719e-12, 1.60458907446e-12],
        "dvar2": [1.62307469509e-06, 6.79274808135e-06, 3.03424167214e-06, 1.30138175791e-06, 1.33794173962e-07, 5.72032412549e-08, 1.07888190826e-07, 1.29985721742e-07, 1.13315479666e-07, 9.33426633765e-08, 2.9815379321e-07, 1.31530441649e-07, 1.22919033174e-07, 4.19936867502e-08, 1.48657992582e-08, 3.07141441169e-08, 1.66672080582e-08, 1.34001245655e-08, 1.41223281958e-08, 2.67770179363e-08, 1.87488620185e-08, 5.51993828424e-09, 2.0653896371e-09, 1.93869142961e-09, 2.87564166923e-10, 3.38195277338e-10, 3.34514665967e-10, 8.19686471476e-11, 5.50788130382e-11, 2.5865120809e-11, 3.44566805643e-11, 5.55364712551e-11, 8.94920387795e-11, 7.37259142625e-11, 3.3573938768e-11, 4.65185112652e-11, 1.64921930279e-11, 6.34665193663e-12, 8.54383144094e-12, 3.29884882432e-12],
        "max": [0.00750889349729, 0.018806906417, 0.0107592092827, 0.00756207294762, 0.00477524939924, 0.00354412035085, 0.00304749258794, 0.00538349058479, 0.0055801300332, 0.00266733393073, 0.00836380850524, 0.00806776247919, 0.00725651858374, 0.00455400394276, 0.00173709844239, 0.00213389564306, 0.00135407445487, 0.00111162720714, 0.00132598297205, 0.00229475600645, 0.00158155546524, 0.000591603922658, 0.000679986493196, 0.000668266613502, 0.000128900646814, 0.000227095282753, 0.000214893952943, 0.000108093721792, 9.29473608267e-05, 6.35869146208e-05, 0.000105121507659, 0.000124751852127, 0.000105079736386, 0.000117977018817, 9.69432585407e-05, 0.000127628532937, 3.63412909792e-05, 3.16197947541e-05, 3.83926999348e-05, 1.99770292966e-05],
        "mean": [0.00113380048424, 0.00159534660634, 0.00104342564009, 0.000583984248806, 0.000293950346531, 0.000126783226733, 0.000175705426955, 0.000206797543797, 0.000127270774101, 0.000182713221875, 0.00017113245849, 8.8221662736e-05, 0.000105106359115, 6.46217959002e-05, 5.20700959896e-05, 6.50765869068e-05, 7.72173370933e-05, 8.94477998372e-05, 7.62415438658e-05, 7.6158765296e-05, 0.000117022864288, 6.66720879963e-05, 3.51962844434e-05, 3.14401222568e-05, 1.67630969372e-05, 1.18349889817e-05, 1.67807047546e-05, 8.6013596956e-06, 4.92689969178e-06, 3.66451217815e-06, 3.8135565319e-06, 4.30920135841e-06, 4.65530001748e-06, 4.46830290457e-06, 3.43520355273e-06, 2.98612371807e-06, 1.96354540094e-06, 1.46908678289e-06, 1.36886137625e-06, 8.92915409167e-07],
        "median": [0.000948629458435, 0.00109066232108, 0.000653071096167, 0.0003601211356, 0.000186988661881, 6.92686298862e-05, 7.34392160666e-05, 0.00011809058924, 7.27255901438e-05, 8.38975320221e-05, 4.64699005533e-05, 3.29890535795e-05, 2.66355054919e-05, 2.78197530861e-05, 2.50590328505e-05, 2.6560475817e-05, 4.41595766461e-05, 6.30699214526e-05, 5.05719217472e-05, 5.28651835339e-05, 8.58059793245e-05, 4.79927075503e-05, 2.14031533687e-05, 1.91133694898e-05, 1.3067296095e-05, 7.22345021131e-06, 1.06289844553e-05, 5.97204780206e-06, 2.94457640848e-06, 1.70959890511e-06, 1.69657334936e-06, 1.39986445902e-06, 1.40579766139e-06, 1.48331082528e-06, 1.07211144496e-06, 6.87209535499e-07, 5.36888819624e-07, 4.11454237792e-07, 3.20979893331e-07, 1.44221431242e-07],
        "min": [3.73475506512e-24, 7.86273520338e-24, 6.97907136115e-24, 1.42038003191e-23, 5.10913811648e-24, 9.4152166203e-24, 8.79447144031e-24, 5.06325599408e-24, 4.41695566506e-24, 8.65319276307e-24, 7.29207322454e-24, 2.92672109281e-24, 2.63423612106e-24, 8.22373373083e-24, 4.53300775384e-24, 5.21860045568e-24, 3.9185643892e-24, 8.54741440429e-24, 6.92867103792e-24, 1.14350689357e-23, 1.07568781157e-23, 8.82963728174e-24, 5.33230055568e-24, 7.01786517389e-24, 7.30162475238e-24, 8.51775244539e-24, 8.67861301688e-24, 8.44542021127e-24, 6.50887752391e-24, 8.76354572624e-24, 5.85713484352e-24, 7.17422134961e-24, 8.6205157778e-24, 5.67455693131e-24, 7.40188187369e-24, 9.07295985024e-24, 1.0310027856e-23, 1.19900507263e-23, 7.78337185201e-24, 8.11290666225e-24],
        "var": [8.425275837e-07, 2.82955056718e-06, 1.53390874402e-06, 5.0627085102e-07, 1.33959943582e-07, 4.59171154432e-08, 9.43567073364e-08, 9.79232055442e-08, 6.18075333136e-08, 7.31457063807e-08, 2.12082056805e-07, 1.06727668481e-07, 1.97322975737e-07, 2.79860863373e-08, 1.1168157954e-08, 2.17952109693e-08, 1.14739702184e-08, 1.0611609369e-08, 1.01244621575e-08, 1.26299353198e-08, 1.80202643918e-08, 5.05446884347e-09, 2.40093100956e-09, 2.18647855377e-09, 3.04013342278e-10, 3.08572306595e-10, 4.35154912104e-10, 1.03129393914e-10, 4.71950950542e-11, 3.14309585303e-11, 4.65853328135e-11, 7.43378136825e-11, 9.0577025047e-11, 8.13317746484e-11, 6.00475710821e-11, 5.91415041939e-11, 1.55350957792e-11, 9.43472643761e-12, 1.19780322813e-11, 5.52963317496e-12]
    },
    "mfcc": {
        "mean": [-633.321044922, 124.845802307, -12.9612016678, 24.908996582, 19.172668457, 9.56594944, -4.31377077103, 9.57776832581, 4.83721542358, 8.57834911346, -1.43128800392, -1.64840972424, -0.464515924454],
        "cov": [[9121.328125, -2783.92529297, -848.404174805, 95.8113250732, -416.125518799, -319.454589844, -439.344909668, -34.332157135, -170.307495117, 114.84928894, 1.70097208023, 68.7087402344, 45.5013465881], [-2783.92529297, 2364.65136719, -237.79725647, -46.8261032104, 282.8359375, 52.8783454895, 277.818206787, 46.4180908203, 45.752494812, 16.3575878143, -28.380569458, -21.5215091705, 1.73404347897], [-848.404174805, -237.79725647, 701.848266602, -62.002456665, 0.121928170323, 141.233596802, 20.6613578796, 17.0739517212, 33.3297843933, -43.9318466187, 20.8259487152, -24.648223877, -54.8358879089], [95.8113250732, -46.8261032104, -62.002456665, 330.234344482, 0.398762106895, 29.6854114532, -35.6219367981, -54.8398551941, 9.97225379944, -8.26502799988, -23.7099132538, 24.107624054, -0.821312367916], [-416.125518799, 282.8359375, 0.121928170323, 0.398762106895, 139.652328491, 8.02458572388, 13.9997091293, 0.586579620838, 13.6746282578, -8.76388931274, -9.1188659668, -9.29383468628, 5.10412406921], [-319.454589844, 52.8783454895, 141.233596802, 29.6854114532, 8.02458572388, 128.310882568, 50.9483184814, 8.97606658936, 18.601442337, -21.9618434906, -8.18015480042, -6.48016309738, -22.8022899628], [-439.344909668, 277.818206787, 20.6613578796, -35.6219367981, 13.9997091293, 50.9483184814, 171.151977539, 43.332359314, 8.37794589996, -1.95371925831, 5.03158140182, -8.87481975555, -13.4884262085], [-34.332157135, 46.4180908203, 17.0739517212, -54.8398551941, 0.586579620838, 8.97606658936, 43.332359314, 85.805557251, 12.6466016769, 5.43611097336, 3.11010789871, -13.2584342957, -7.90242052078], [-170.307495117, 45.752494812, 33.3297843933, 9.97225379944, 13.6746282578, 18.601442337, 8.37794589996, 12.6466016769, 85.3869476318, 6.61422252655, -0.4664914608, -6.91830253601, -6.80494356155], [114.84928894, 16.3575878143, -43.9318466187, -8.26502799988, -8.76388931274, -21.9618434906, -1.95371925831, 5.43611097336, 6.61422252655, 63.9764823914, 16.1532592773, 7.65586519241, 2.29159760475], [1.70097208023, -28.380569458, 20.8259487152, -23.7099132538, -9.1188659668, -8.18015480042, 5.03158140182, 3.11010789871, -0.4664914608, 16.1532592773, 55.5148925781, 16.7927188873, 2.16359734535], [68.7087402344, -21.5215091705, -24.648223877, 24.107624054, -9.29383468628, -6.48016309738, -8.87481975555, -13.2584342957, -6.91830253601, 7.65586519241, 16.7927188873, 52.5051307678, 20.6923046112], [45.5013465881, 1.73404347897, -54.8358879089, -0.821312367916, 5.10412406921, -22.8022899628, -13.4884262085, -7.90242052078, -6.80494356155, 2.29159760475, 2.16359734535, 20.6923046112, 53.0713386536]],
