{
"lowlevel": {
    "average_loudness": 0.134872555733,
    "barkbands_crest": {
        "dmean": 2.31787872314,
        "dmean2": 3.56629347801,
        "dvar": 4.8233423233,
        "dvar2": 10.5079965591,
        "max": 26.3377628326,
        "mean": 13.2402505875,
        "median": 12.50248909,
        "min": 3.95238447189,
        "var": 23.6987686157
    },
    "barkbands_flatness_db": {
        "dmean": 0.0224356241524,
        "dmean2": 0.0334316566586,
        "dvar": 0.000630577385891,
        "dvar2": 0.00121617841069,
        "max": 0.438389658928,
        "mean": 0.2067348212,
        "median": 0.200208738446,
        "min": 0.0349030122161,
        "var": 0.00351790594868
    },
    "barkbands_kurtosis": {
        "dmean": 7.34987211227,
        "dmean2": 11.3013677597,
        "dvar": 297.631195068,
        "dvar2": 674.60723877,
        "max": 427.467498779,
        "mean": 15.1411790848,
        "median": 6.37784099579,
        "min": -1.95755457878,
        "var": 747.568664551
    },
    "barkbands_skewness": {
        "dmean": 0.719601511955,
        "dmean2": 1.05419313908,
        "dvar": 0.881224930286,
        "dvar2": 1.76738369465,
        "max": 18.7378025055,
        "mean": 2.42161393166,
        "median": 2.17338204384,
        "min": -4.0866189003,
        "var": 4.56991529465
    },
    "barkbands_spread": {
        "dmean": 4.66271781921,
        "dmean2": 7.12212753296,
        "dvar": 98.4934921265,
        "dvar2": 204.342910767,
        "max": 107.916740417,
        "mean": 14.8276376724,
        "median": 9.48339176178,
        "min": 0.22708709538,
        "var": 269.906158447
    },
    "dissonance": {
        "dmean": 0.0245785247535,
        "dmean2": 0.0407588779926,
        "dvar": 0.000541876943316,
        "dvar2": 0.0014912916813,
        "max": 0.499220341444,
        "mean": 0.444692105055,
        "median": 0.452502697706,
        "min": 0.246110528708,
        "var": 0.00138785387389
    },
    "dynamic_complexity": 6.51129245758,
    "erbbands_crest": {
        "dmean": 2.64337873459,
        "dmean2": 4.26449728012,
        "dvar": 5.92492818832,
        "dvar2": 14.158288002,
        "max": 26.6598529816,
        "mean": 11.1196928024,
        "median": 10.2893390656,
        "min": 2.76134252548,
        "var": 20.2124214172
    },
    "erbbands_flatness_db": {
        "dmean": 0.0179765038192,
        "dmean2": 0.0258525107056,
        "dvar": 0.000343124032952,
        "dvar2": 0.000663926242851,
        "max": 0.323963195086,
        "mean": 0.180836752057,
        "median": 0.178702026606,
        "min": 0.0559489391744,
        "var": 0.00215825717896
    },
    "erbbands_kurtosis": {
        "dmean": 1.73967003822,
        "dmean2": 2.71491479874,
        "dvar": 11.1008243561,
        "dvar2": 25.2294006348,
        "max": 75.5018692017,
        "mean": 2.06658744812,
        "median": 0.500790119171,
        "min": -1.75545418262,
        "var": 24.4420528412
    },
    "erbbands_skewness": {
        "dmean": 0.460161060095,
        "dmean2": 0.68488240242,
        "dvar": 0.32248044014,
        "dvar2": 0.592385828495,
        "max": 7.48989915848,
        "mean": 0.534638226032,
        "median": 0.629770636559,
        "min": -5.06750249863,
        "var": 1.7154327631
    },
    "erbbands_spread": {
        "dmean": 8.48434352875,
        "dmean2": 13.3095378876,
        "dvar": 150.588302612,
        "dvar2": 365.087554932,
        "max": 151.482376099,
        "mean": 33.5184898376,
        "median": 30.8334846497,
        "min": 3.15023303032,
        "var": 352.759460449
    },
    "hfc": {
        "dmean": 4.06960678101,
        "dmean2": 5.3560256958,
        "dvar": 187.7396698,
        "dvar2": 279.908477783,
        "max": 348.768737793,
        "mean": 11.7022666931,
        "median": 2.55875563622,
        "min": 1.16426055029e-16,
        "var": 796.931884766
    },
    "melbands_crest": {
        "dmean": 2.83819031715,
        "dmean2": 4.33543205261,
        "dvar": 7.64658689499,
        "dvar2": 16.9576740265,
        "max": 34.0885047913,
        "mean": 17.2917804718,
        "median": 16.990070343,
        "min": 1.29137444496,
        "var": 37.5958557129
    },
    "melbands_flatness_db": {
        "dmean": 0.0264838859439,
        "dmean2": 0.0378680452704,
        "dvar": 0.00104268407449,
        "dvar2": 0.0018311914755,
        "max": 0.548754751682,
        "mean": 0.27704384923,
        "median": 0.268346726894,
        "min": 0.000373729766579,
        "var": 0.00687334686518
    },
    "melbands_kurtosis": {
        "dmean": 13.3902902603,
        "dmean2": 20.6245803833,
        "dvar": 764.077392578,
        "dvar2": 1759.90222168,
        "max": 483.643218994,
        "mean": 28.936712265,
        "median": 13.7226028442,
        "min": -1.81617438793,
        "var": 1949.03076172
    },
    "melbands_skewness": {
        "dmean": 0.876383244991,
        "dmean2": 1.32196688652,
        "dvar": 1.25203025341,
        "dvar2": 2.69490528107,
        "max": 17.0988178253,
        "mean": 3.37652158737,
        "median": 2.98762536049,
        "min": -1.44051015377,
        "var": 5.79638814926
    },
    "melbands_spread": {
        "dmean": 6.48566389084,
        "dmean2": 9.32489395142,
        "dvar": 306.416381836,
        "dvar2": 540.867919922,
        "max": 236.11630249,
        "mean": 18.5693264008,
        "median": 9.29895877838,
        "min": 0.249695807695,
        "var": 926.858642578
    },
    "pitch_salience": {
        "dmean": 0.0660446807742,
        "dmean2": 0.102692864835,
        "dvar": 0.00380650768057,
        "dvar2": 0.00891401618719,
        "max": 0.98916387558,
        "mean": 0.490962654352,
        "median": 0.494738966227,
        "min": 0.0572856962681,
        "var": 0.0180943068117
    },
    "silence_rate_20dB": {
        "dmean": 0,
        "dmean2": 0,
        "dvar": 0,
        "dvar2": 0,
        "max": 1,
        "mean": 1,
        "median": 1,
        "min": 1,
        "var": 0
    },
    "silence_rate_30dB": {
        "dmean": 0.00772797549143,
        "dmean2": 0.0154619254172,
        "dvar": 0.00766826281324,
        "dvar2": 0.0190892163664,
        "max": 1,
        "mean": 0.985322535038,
        "median": 1,
        "min": 0,
        "var": 0.0144614614546
    },
    "silence_rate_60dB": {
        "dmean": 0.0525502301753,
        "dmean2": 0.105141088367,
        "dvar": 0.0497889146209,
        "dvar2": 0.107999183238,
        "max": 1,
        "mean": 0.297798365355,
        "median": 0,
        "min": 0,
        "var": 0.209112927318
    },
    "spectral_centroid": {
        "dmean": 217.879302979,
        "dmean2": 312.139312744,
        "dvar": 225241.375,
        "dvar2": 322536.28125,
        "max": 11071.5791016,
        "mean": 977.689819336,
        "median": 715.79876709,
        "min": 156.314865112,
        "var": 778127.875
    },
    "spectral_complexity": {
        "dmean": 1.65301394463,
        "dmean2": 2.61847710609,
        "dvar": 3.60680937767,
        "dvar2": 7.13347768784,
        "max": 32,
        "mean": 8.15179634094,
        "median": 6,
        "min": 0,
        "var": 34.8665466309
    },
    "spectral_decrease": {
        "dmean": 1.14493825532e-09,
        "dmean2": 1.62426827544e-09,
        "dvar": 4.45867431446e-18,
        "dvar2": 8.36810235654e-18,
        "max": 8.58764037185e-29,
        "mean": -3.97016153286e-09,
        "median": -1.81992332315e-09,
        "min": -4.97396932531e-08,
        "var": 3.15500284477e-17
    },
    "spectral_energy": {
        "dmean": 0.00460629537702,
        "dmean2": 0.0065171639435,
        "dvar": 6.8891349656e-05,
        "dvar2": 0.000130841974169,
        "max": 0.1904065907,
        "mean": 0.0160457342863,
        "median": 0.00741108786315,
        "min": 1.04686621232e-20,
        "var": 0.000507954275236
    },
    "spectral_energyband_high": {
        "dmean": 0.000321674539009,
        "dmean2": 0.000411948276451,
        "dvar": 3.37858818966e-06,
        "dvar2": 5.0699068197e-06,
        "max": 0.046223115176,
        "mean": 0.000549033575226,
        "median": 1.71586943907e-05,
        "min": 7.72548079592e-21,
        "var": 1.02841995613e-05
    },
    "spectral_energyband_low": {
        "dmean": 0.00193025101908,
        "dmean2": 0.00287063862197,
        "dvar": 1.87903242477e-05,
        "dvar2": 3.69988592865e-05,
        "max": 0.144513607025,
        "mean": 0.00526670506224,
        "median": 0.00172551791184,
        "min": 3.06156696435e-23,
        "var": 9.89188774838e-05
    },
    "spectral_energyband_middle_high": {
        "dmean": 0.000976660754532,
        "dmean2": 0.00141400634311,
        "dvar": 1.04257551357e-05,
        "dvar2": 2.28023873206e-05,
        "max": 0.141513988376,
        "mean": 0.00344441598281,
        "median": 0.000355944328476,
        "min": 1.30376942645e-21,
        "var": 0.000146154532558
    },
    "spectral_energyband_middle_low": {
        "dmean": 0.00295018451288,
        "dmean2": 0.004175436683,
        "dvar": 4.88641417178e-05,
        "dvar2": 8.91636591405e-05,
        "max": 0.157173216343,
        "mean": 0.00860153604299,
        "median": 0.00244197878055,
        "min": 2.91870204561e-22,
        "var": 0.000241889836616
    },
    "spectral_entropy": {
        "dmean": 0.203649997711,
        "dmean2": 0.288917481899,
        "dvar": 0.0603541992605,
        "dvar2": 0.103023864329,
        "max": 9.80208396912,
        "mean": 7.04178190231,
        "median": 7.02044630051,
        "min": 4.56549119949,
        "var": 0.312749058008
    },
    "spectral_flux": {
        "dmean": 0.0149241779,
        "dmean2": 0.0244711805135,
        "dvar": 0.000466051191324,
        "dvar2": 0.00121598923579,
        "max": 0.350088238716,
        "mean": 0.0441676937044,
        "median": 0.0343181118369,
        "min": 1.02316481676e-10,
        "var": 0.00132703280542
    },
    "spectral_kurtosis": {
        "dmean": 2.18356132507,
        "dmean2": 3.62875914574,
        "dvar": 5.44198608398,
        "dvar2": 14.0545215607,
        "max": 34.430809021,
        "mean": 7.68468761444,
        "median": 7.32252883911,
        "min": -1.21256995201,
        "var": 18.1407966614
    },
    "spectral_rms": {
        "dmean": 0.000515559106134,
        "dmean2": 0.000719147210475,
        "dvar": 4.82836981064e-07,
        "dvar2": 8.66023185608e-07,
        "max": 0.0136294728145,
        "mean": 0.00325253768824,
        "median": 0.00268892711028,
        "min": 3.19582988545e-12,
        "var": 5.07536287842e-06
    },
    "spectral_rolloff": {
        "dmean": 327.160552979,
        "dmean2": 544.599182129,
        "dvar": 1134191.25,
        "dvar2": 2045048.75,
        "max": 18992.2851562,
        "mean": 1110.27026367,
        "median": 473.73046875,
        "min": 64.599609375,
        "var": 3062774.75
    },
    "spectral_skewness": {
        "dmean": 0.277659118176,
        "dmean2": 0.438318967819,
        "dvar": 0.0855403766036,
        "dvar2": 0.182577580214,
        "max": 4.71521520615,
        "mean": 2.07439875603,
        "median": 2.12185168266,
        "min": -0.149982467294,
        "var": 0.418245136738
    },
    "spectral_spread": {
        "dmean": 512859.4375,
        "dmean2": 747863.0625,
        "dvar": 1.19229238477e+12,
        "dvar2": 1.46500222976e+12,
        "max": 40923604,
        "mean": 4130105.75,
        "median": 3761743,
        "min": 2004689.625,
        "var": 3.01097313894e+12
    },
    "spectral_strongpeak": {
        "dmean": 0.292022645473,
        "dmean2": 0.486282885075,
        "dvar": 0.510973274708,
        "dvar2": 1.2634550333,
        "max": 10.7565288544,
        "mean": 0.769637405872,
        "median": 0.324178785086,
        "min": 0,
        "var": 1.8052508831
    },
    "zerocrossingrate": {
        "dmean": 0.00975204072893,
        "dmean2": 0.0108812917024,
        "dvar": 0.000450522114988,
        "dvar2": 0.000497248431202,
        "max": 0.5087890625,
        "mean": 0.0426264442503,
        "median": 0.03125,
        "min": 0.0029296875,
        "var": 0.00229614414275
    },
    "barkbands": {
        "dmean": [5.67024071643e-05, 0.000942227081396, 0.000708116218448, 0.00109873048496, 0.00110186543316, 0.000265088572633, 0.00044357412844, 0.000440232863184, 0.000453781627584, 0.000346811662894, 0.000281818705844, 0.000177477078978, 0.000222446979024, 0.000119999625895, 0.000122737968923, 6.6426997364e-05, 6.76601557643e-05, 6.1012666265e-05, 5.71422206121e-05, 6.90010128892e-05, 3.34044634656e-05, 8.11758582131e-05, 0.000102309677459, 7.3326882557e-05, 2.86203467113e-05, 6.19845604888e-06, 1.16447851362e-09],
        "dmean2": [8.72798846103e-05, 0.00147683091927, 0.00106557516847, 0.00154118682258, 0.00163115654141, 0.000392125512008, 0.000682126265019, 0.000633632065728, 0.000654004630633, 0.000533279613592, 0.000474055064842, 0.00027638519532, 0.000334673502948, 0.000183798299986, 0.000183714771993, 0.000102406018414, 9.49651512201e-05, 8.68045244715e-05, 8.55474136188e-05, 0.000107148531242, 5.01505419379e-05, 0.000116732393508, 0.000139740572195, 0.000102440040791, 3.55587108061e-05, 8.1548887465e-06, 2.03166816704e-09],
        "dvar": [1.38030813446e-07, 4.5994379434e-06, 4.44291254098e-06, 1.6505297026e-05, 1.06695360955e-05, 1.02645185507e-06, 2.61136938207e-06, 3.63029789696e-06, 3.92964875573e-06, 4.86420367452e-06, 2.81151528725e-06, 5.13095983479e-07, 1.04408684365e-06, 1.83365855833e-07, 2.4058962822e-07, 1.35992735295e-07, 1.02522136558e-07, 5.14012512554e-08, 4.21625578895e-08, 2.17693639115e-07, 4.63124756322e-08, 2.21746830675e-07, 3.84468222592e-07, 2.86177083808e-07, 2.86459815868e-08, 9.29535837191e-10, 1.73308813991e-17],
        "dvar2": [2.61927738165e-07, 1.07690530058e-05, 8.73713452165e-06, 2.61677378148e-05, 2.11469505302e-05, 1.88824162706e-06, 5.28911868969e-06, 7.16419754099e-06, 8.56476526678e-06, 1.23401860037e-05, 7.3475030149e-06, 1.04311766336e-06, 2.69680822385e-06, 4.13108523389e-07, 5.22415007254e-07, 3.09903242623e-07, 1.53339598796e-07, 7.71637260755e-08, 9.75977414441e-08, 4.96595021104e-07, 9.17415121648e-08, 4.06437806078e-07, 6.03194735049e-07, 5.02731040797e-07, 4.44113048559e-08, 1.48216028339e-09, 4.78103942047e-17],
        "max": [0.0138200670481, 0.0326809808612, 0.060776181519, 0.150822579861, 0.0922717601061, 0.0312896929681, 0.0475966744125, 0.0791330933571, 0.058073438704, 0.103765644133, 0.0604387186468, 0.0275271944702, 0.0400850065053, 0.010704850778, 0.0109280990437, 0.00901638157666, 0.0141076026484, 0.00857020169497, 0.00571201741695, 0.0151054719463, 0.00870489142835, 0.015523750335, 0.013940542005, 0.0160915162414, 0.00416183797643, 0.00101923034526, 1.03155429088e-07],
        "mean": [7.26825237507e-05, 0.00233053369448, 0.00146942795254, 0.0024327673018, 0.00270123500377, 0.000476235552924, 0.000824896327686, 0.000722353172023, 0.000913150899578, 0.00107764778659, 0.000608673668467, 0.000357620068826, 0.000480326183606, 0.000217936103581, 0.000240054287133, 0.000117543982924, 0.000161948788445, 0.000129594336613, 0.000116814349894, 9.25887579797e-05, 4.40442163381e-05, 0.000123641482787, 0.000168105267221, 0.00011242533219, 4.32839078712e-05, 1.0206575098e-05, 1.12543019348e-09],
        "median": [1.35447198772e-05, 0.000672384689096, 0.000193659041543, 0.000183333351742, 0.000540909124538, 0.000131390552269, 0.000139496085467, 4.72344436275e-05, 3.29234680976e-05, 2.73881705652e-05, 9.27638666326e-06, 1.85710432561e-05, 1.59298397193e-05, 9.25444874156e-06, 2.12806062336e-05, 1.23440449897e-05, 1.43600564115e-05, 1.10142627818e-05, 1.19986052596e-05, 4.70929762741e-06, 2.3273566967e-06, 2.41229167841e-06, 2.2504611934e-06, 1.68137069068e-06, 1.66698384874e-06, 8.02193540039e-07, 3.1086122565e-10],
        "min": [3.18645398959e-25, 2.2727595439e-23, 2.05927840016e-24, 3.49247852618e-24, 4.01233841493e-23, 3.36687317407e-23, 9.89165626375e-24, 2.59964236155e-23, 4.05079759287e-23, 4.39773009928e-23, 7.35460764845e-23, 8.87756799703e-23, 4.29695406528e-23, 8.04812051378e-23, 8.95015014228e-23, 1.62542605954e-22, 1.39410869184e-22, 1.82180635546e-22, 1.36484409796e-22, 3.31857727929e-22, 2.91560087562e-22, 3.78665452384e-22, 7.39715299966e-22, 8.68347994157e-22, 1.13920329761e-21, 1.54752739568e-21, 2.59793762051e-21],
        "var": [1.90278257151e-07, 1.42013523146e-05, 2.23548468057e-05, 8.00301859272e-05, 5.15959800396e-05, 2.30486693908e-06, 8.45698650664e-06, 9.01283601706e-06, 1.33581279442e-05, 4.88912119181e-05, 1.3006869267e-05, 2.37848053075e-06, 6.18567855781e-06, 6.21465915174e-07, 6.83190762629e-07, 2.50549163638e-07, 6.04309661867e-07, 2.31952981267e-07, 1.26934253331e-07, 2.7975482908e-07, 7.57187947897e-08, 6.05584830282e-07, 1.19607420856e-06, 6.4699571567e-07, 7.1168180682e-08, 2.66027000428e-09, 1.43350118914e-17]
    },
    "erbbands": {
        "dmean": [0.0234959814698, 0.228508755565, 0.691039383411, 2.44912219048, 3.64434623718, 3.80102157593, 2.37241339684, 2.5226829052, 5.33419132233, 7.90959405899, 8.95119380951, 8.70805454254, 12.9321556091, 8.00042533875, 10.1402359009, 6.23678302765, 9.4634103775, 5.50966358185, 6.43767213821, 5.77066373825, 3.32769632339, 3.37885427475, 3.38433837891, 2.73527669907, 2.86019206047, 2.98847365379, 2.02375936508, 1.31186413765, 2.51850581169, 3.92025852203, 2.72211742401, 1.98416221142, 0.895152747631, 0.419621884823, 0.159790039062, 0.0448855981231, 0.00877082068473, 0.0007594054332, 1.78031405085e-05, 6.42781515126e-06],
        "dmean2": [0.0380714274943, 0.352814167738, 1.03750324249, 3.49158835411, 5.33512592316, 5.62445116043, 3.60841464996, 3.61607503891, 8.11403179169, 11.9194927216, 12.7572526932, 12.8066892624, 20.1251888275, 12.8085165024, 16.6543121338, 9.43041706085, 14.2568807602, 8.11513996124, 9.77193450928, 8.30075073242, 4.70009994507, 4.69721603394, 4.72143554688, 3.787576437, 4.39049768448, 4.78424406052, 3.14813637733, 1.94472455978, 3.57367515564, 5.60662794113, 3.83022236824, 2.79991650581, 1.17532598972, 0.553939819336, 0.20899772644, 0.0619783401489, 0.0120336255059, 0.00112627458293, 2.48272863246e-05, 8.8110955403e-06],
        "dvar": [0.00345153384842, 0.287094801664, 3.35228538513, 75.3953933716, 124.009101868, 158.016326904, 43.1370239258, 141.041442871, 405.395568848, 1223.82910156, 1036.35144043, 1037.61218262, 8268.1015625, 1501.57958984, 2963.50415039, 686.188781738, 2656.91015625, 308.710601807, 727.121643066, 735.585998535, 267.116027832, 204.797012329, 135.262008667, 95.4063720703, 100.00629425, 366.248260498, 261.970092773, 86.0355453491, 217.322860718, 638.375305176, 285.429107666, 216.010726929, 39.7770500183, 8.08578491211, 0.817306876183, 0.0593580380082, 0.00171676056925, 7.6180308497e-06, 4.41932712647e-09, 1.7978166178e-10],
        "dvar2": [0.00898984167725, 0.654296934605, 6.89447784424, 126.223884583, 237.329452515, 309.910186768, 88.4905776978, 245.815856934, 808.795349121, 2660.18310547, 1758.17370605, 2325.41870117, 22029.8144531, 4119.57666016, 7491.73779297, 1365.48474121, 6987.046875, 647.99230957, 1706.83825684, 1466.21594238, 539.564453125, 352.266876221, 210.138092041, 149.132751465, 225.116546631, 867.377197266, 677.424865723, 152.471588135, 448.048034668, 1261.10510254, 441.146026611, 378.28729248, 61.8751373291, 13.790222168, 1.12112700939, 0.0941408798099, 0.0027746274136, 1.40266756716e-05, 6.5112453207e-09, 2.92133095492e-10],
        "max": [1.05293285847, 8.62106800079, 43.6250648499, 355.561859131, 273.237213135, 351.989044189, 152.167282104, 403.088562012, 823.19708252, 1202.76330566, 1320.03869629, 1027.97351074, 3125.49145508, 922.459899902, 1499.22265625, 1065.27563477, 2155.3359375, 557.055908203, 835.171936035, 589.699401855, 638.775756836, 541.129760742, 332.71661377, 439.073669434, 227.723220825, 601.446533203, 618.110107422, 390.972137451, 368.613342285, 847.67565918, 431.499267578, 370.193054199, 240.569290161, 86.2080612183, 27.0029640198, 7.77620172501, 1.14491856098, 0.0650555118918, 0.00153239676729, 0.000291340082185],
        "mean": [0.0499771237373, 0.583737850189, 1.51259219646, 5.86367177963, 7.88441705704, 9.32323455811, 6.00386571884, 4.1693944931, 10.2558002472, 13.3888988495, 17.5461711884, 18.9015789032, 40.2177505493, 20.1257686615, 22.8619346619, 13.4750204086, 22.2914466858, 11.7472057343, 12.9940662384, 10.8215322495, 7.37183237076, 8.25278377533, 7.90032815933, 6.58282804489, 5.50961112976, 4.21616411209, 2.45220851898, 1.84145736694, 3.69117164612, 6.0104598999, 4.44587898254, 3.1786339283, 1.31971514225, 0.584145903587, 0.262008041143, 0.0734459236264, 0.0143332052976, 0.00114675040822, 3.57583194273e-05, 2.13454950426e-05],
        "median": [0.0189772211015, 0.147662371397, 0.344507575035, 0.574989318848, 1.50282144547, 1.72384440899, 1.5456289053, 1.17186701298, 2.22689032555, 1.53068220615, 1.33439338207, 0.894872546196, 0.66365903616, 0.83794683218, 0.69982790947, 0.673508763313, 0.719981372356, 0.623895466328, 1.06455302238, 0.866880297661, 0.927190244198, 0.841469109058, 0.907680988312, 0.654072403908, 0.527374386787, 0.240082010627, 0.108245320618, 0.096513569355, 0.0847853273153, 0.0816068351269, 0.0632358938456, 0.0343288034201, 0.0291155744344, 0.0189472045749, 0.0105419112369, 0.00454911403358, 0.00121780636255, 0.000152301276103, 8.89998773346e-06, 9.31967679207e-06],
        "min": [9.87757553836e-22, 3.88138346569e-21, 3.38934994172e-21, 2.92130982538e-20, 6.41803750413e-20, 1.71016063203e-19, 1.10873906364e-19, 4.00382299846e-19, 1.24059837412e-19, 4.21253695212e-19, 7.217898409e-19, 8.43370656791e-19, 1.81040181663e-18, 1.72370243169e-18, 1.69009914988e-18, 3.65490415401e-18, 2.5737577935e-18, 3.82797970307e-18, 4.70844811786e-18, 5.97750571851e-18, 6.89684086875e-18, 9.59393935659e-18, 8.85218003154e-18, 9.13421553319e-18, 1.16131054298e-17, 1.50884344631e-17, 1.75007015788e-17, 1.09658680333e-17, 1.52613036306e-17, 1.76806878083e-17, 2.00511641051e-17, 1.66923360165e-17, 1.26869240041e-17, 1.06985844707e-17, 8.82002338522e-18, 6.15157429789e-18, 2.82021336188e-18, 1.50528652832e-18, 3.42120427936e-19, 3.44648453447e-20],
        "var": [0.00625299243256, 0.955169141293, 13.6480751038, 392.966461182, 463.889526367, 652.629394531, 279.765289307, 269.133148193, 1751.54187012, 2207.39233398, 4799.60498047, 4301.19824219, 57172.40625, 7455.62451172, 13595.5517578, 3204.98779297, 17119.2226562, 1517.39587402, 1859.40539551, 1719.03088379, 901.347595215, 1092.77050781, 649.003234863, 601.161987305, 235.575927734, 491.927398682, 286.134399414, 159.832290649, 507.990142822, 1716.39123535, 826.182189941, 522.834716797, 91.1965866089, 15.9936828613, 2.50952768326, 0.167857393622, 0.00471324287355, 1.62849428307e-05, 1.30812995991e-08, 1.04932462719e-09]
    },
    "gfcc": {
        "mean": [-106.877967834, 109.641090393, -97.7366943359, 29.8586597443, -46.6251220703, 7.84218931198, -42.8308486938, 10.955616951, -25.8394565582, 2.21625971794, -15.1315364838, 0.299420595169, -14.2834787369],
        "cov": [[9887.68261719, -679.649169922, -911.684020996, 188.133453369, -794.959838867, 192.522140503, -139.452590942, 216.632339478, -6.11880397797, -225.385101318, 193.402862549, -297.623504639, -358.233856201], [-679.649169922, 1390.33508301, -34.0902404785, -412.054931641, 425.340118408, -144.486999512, 119.633766174, 29.7760543823, 49.9257087708, -143.096496582, 11.1391572952, -63.1963882446, 15.4884080887], [-911.684020996, -34.0902404785, 1178.64233398, 601.374755859, 161.44418335, 37.8339614868, -18.661491394, -92.9237976074, 20.0059299469, 152.823577881, 14.5410861969, 4.89973258972, -18.0665836334], [188.133453369, -412.054931641, 601.374755859, 763.202636719, 39.1132049561, 76.8076248169, -39.1148872375, -54.8152351379, 58.9823226929, 128.494354248, 44.4903068542, 26.4213619232, -4.53870153427], [-794.959838867, 425.340118408, 161.44418335, 39.1132049561, 519.677368164, 41.9071502686, 30.9360847473, 41.9852371216, 65.6083374023, 16.2561969757, -37.1210632324, 57.850227356, 79.3255691528], [192.522140503, -144.486999512, 37.8339614868, 76.8076248169, 41.9071502686, 302.865905762, 183.758865356, 59.0921134949, 6.82525253296, 54.5266990662, 24.9503078461, -3.29149031639, 31.8872585297], [-139.452590942, 119.633766174, -18.661491394, -39.1148872375, 30.9360847473, 183.758865356, 394.111694336, 145.827041626, -20.2682476044, 8.80776405334, 46.8739509583, 25.4359874725, 30.791425705], [216.632339478, 29.7760543823, -92.9237976074, -54.8152351379, 41.9852371216, 59.0921134949, 145.827041626, 194.483276367, 43.189289093, -1.26068413258, 7.27195739746, 28.0505104065, 17.2672233582], [-6.11880397797, 49.9257087708, 20.0059299469, 58.9823226929, 65.6083374023, 6.82525253296, -20.2682476044, 43.189289093, 140.94329834, 42.1578483582, -3.63493061066, -14.7698163986, 9.54032707214], [-225.385101318, -143.096496582, 152.823577881, 128.494354248, 16.2561969757, 54.5266990662, 8.80776405334, -1.26068413258, 42.1578483582, 184.806793213, 36.5476264954, 26.2315406799, 14.0095939636], [193.402862549, 11.1391572952, 14.5410861969, 44.4903068542, -37.1210632324, 24.9503078461, 46.8739509583, 7.27195739746, -3.63493061066, 36.5476264954, 133.892272949, 19.8192577362, -24.0883789062], [-297.623504639, -63.1963882446, 4.89973258972, 26.4213619232, 57.850227356, -3.29149031639, 25.4359874725, 28.0505104065, -14.7698163986, 26.2315406799, 19.8192577362, 149.771896362, 56.2962760925], [-358.233856201, 15.4884080887, -18.0665836334, -4.53870153427, 79.3255691528, 31.8872585297, 30.791425705, 17.2672233582, 9.54032707214, 14.0095939636, -24.0883789062, 56.2962760925, 112.10987854]],
        "icov": [[0.000196387438336, -0.00016035331646, 0.000247718417086, -0.000360429752618, 0.000314581819111, -0.000411843851907, 0.000452127307653, -0.000559895765036, 0.000230139674386, 0.000152205888298, -0.000126118233311, 0.000139523253893, 0.000395858107368], [-0.00016035331646, 0.00273389718495, -0.000845157133881, 0.00201539532281, -0.00262037874199, 0.00241681467742, -0.00221720151603, 0.00168222142383, -0.00166825950146, 0.00141619937494, -0.00189214397687, 0.00175362091977, -0.000750283768866], [0.000247718417086, -0.000845157133881, 0.00218851445243, -0.00215656240471, 0.000348870700691, -0.000606796122156, 0.000554504862521, -0.000441174808657, 0.00125122512691, -0.00107711250894, 0.000763889460359, 5.17664921063e-05, 0.00118134310469], [-0.000360429752618, 0.00201539532281, -0.00215656240471, 0.00438660290092, -0.00173648970667, 0.00128665415104, -0.00154941936489, 0.00212945672683, -0.00254169339314, 0.000658845237922, -0.00161483476404, 0.000200169029995, -0.000953310634941], [0.000314581819111, -0.00262037874199, 0.000348870700691, -0.00173648970667, 0.0052528642118, -0.00292094377801, 0.00245158700272, -0.00215107668191, 0.000323169253534, -0.000586047070101, 0.00204017525539, -0.00234816456214, -0.000211621605558], [-0.000411843851907, 0.00241681467742, -0.000606796122156, 0.00128665415104, -0.00292094377801, 0.00797018781304, -0.00495915301144, 0.00220437068492, -0.00115796783939, -0.000545135815628, -0.00137544050813, 0.00279440521263, -0.00240531982854], [0.000452127307653, -0.00221720151603, 0.000554504862521, -0.00154941936489, 0.00245158700272, -0.00495915301144, 0.0078017343767, -0.00586079107597, 0.00338247953914, -0.000298710539937, -0.000512920494657, -0.00068539212225, 0.000196875320398], [-0.000559895765036, 0.00168222142383, -0.000441174808657, 0.00212945672683, -0.00215107668191, 0.00220437068492, -0.00586079107597, 0.0115188490599, -0.00534706935287, 0.000803109898698, 0.000333954434609, -0.00177455914672, 4.17496667069e-05], [0.000230139674386, -0.00166825950146, 0.00125122512691, -0.00254169339314, 0.000323169253534, -0.00115796783939, 0.00338247953914, -0.00534706935287, 0.0118963913992, -0.00330317555927, 0.000713952991646, 0.00229784473777, -0.000540211622138], [0.000152205888298, 0.00141619937494, -0.00107711250894, 0.000658845237922, -0.000586047070101, -0.000545135815628, -0.000298710539937, 0.000803109898698, -0.00330317555927, 0.00879572611302, -0.00300266477279, -0.000293036049698, -0.000644196814392], [-0.000126118233311, -0.00189214397687, 0.000763889460359, -0.00161483476404, 0.00204017525539, -0.00137544050813, -0.000512920494657, 0.000333954434609, 0.000713952991646, -0.00300266477279, 0.0113064898178, -0.00384663650766, 0.00362864765339], [0.000139523253893, 0.00175362091977, 5.17664921063e-05, 0.000200169029995, -0.00234816456214, 0.00279440521263, -0.00068539212225, -0.00177455914672, 0.00229784473777, -0.000293036049698, -0.00384663650766, 0.0118946796283, -0.00541011989117], [0.000395858107368, -0.000750283768866, 0.00118134310469, -0.000953310634941, -0.000211621605558, -0.00240531982854, 0.000196875320398, 4.17496667069e-05, -0.000540211622138, -0.000644196814392, 0.00362864765339, -0.00541011989117, 0.0148363923654]]
    },
    "melbands": {
        "dmean": [0.000243750939262, 0.000339313963195, 0.000435782189015, 0.000287754170131, 9.35217758524e-05, 5.5450542277e-05, 8.38527848828e-05, 9.0182191343e-05, 7.19734453014e-05, 5.89060109633e-05, 6.67076310492e-05, 3.5386368836e-05, 3.68652472389e-05, 2.25438598136e-05, 1.71153460542e-05, 2.10364178201e-05, 1.0076032595e-05, 1.27205576064e-05, 8.89531838766e-06, 5.2614800552e-06, 4.19215257352e-06, 3.59122941518e-06, 3.71876626559e-06, 3.24465850099e-06, 2.24165933105e-06, 2.40160284193e-06, 2.08220922104e-06, 2.1019191081e-06, 1.58806130912e-06, 8.1786828332e-07, 7.91698425928e-07, 1.27275700379e-06, 2.04481534638e-06, 2.2716994863e-06, 1.72816942268e-06, 1.39269923238e-06, 1.28021713408e-06, 6.84310521137e-07, 4.51678317859e-07, 3.40003850852e-07],
        "dmean2": [0.000385609426303, 0.00051045184955, 0.000621393730398, 0.000416385650169, 0.000142932811286, 8.02435242804e-05, 0.000127321021864, 0.000135417401907, 0.000102712416265, 8.67904600454e-05, 0.000103841171949, 5.5767421145e-05, 6.1674239987e-05, 3.56527089025e-05, 2.52865629591e-05, 3.17609228659e-05, 1.49252427946e-05, 1.93840587599e-05, 1.30209264171e-05, 7.69270900491e-06, 5.79981906412e-06, 5.20120784131e-06, 4.93120478495e-06, 4.70904706162e-06, 3.12051383844e-06, 3.71406508748e-06, 3.25292899106e-06, 3.44429486177e-06, 2.50741641139e-06, 1.2622884924e-06, 1.21124901398e-06, 1.93508162738e-06, 2.97962833429e-06, 3.30339071297e-06, 2.53973166764e-06, 1.87488683423e-06, 1.8985343786e-06, 9.24172240957e-07, 6.1038633703e-07, 4.57684336652e-07],
        "dvar": [3.06962732566e-07, 6.23268363142e-07, 2.05299352274e-06, 8.27002907045e-07, 5.71174147979e-08, 5.61803012999e-08, 9.25934955376e-08, 1.68141340851e-07, 6.99603432963e-08, 6.02887766377e-08, 2.12092459151e-07, 2.77478182653e-08, 4.6150589128e-08, 1.05447490739e-08, 6.76226674656e-09, 8.18460410557e-09, 1.0803308248e-09, 2.87249846131e-09, 1.39272837707e-09, 7.85056353259e-10, 6.01439342773e-10, 2.50467535601e-10, 2.02210276301e-10, 1.52040116608e-10, 6.60021551302e-11, 8.38085711941e-11, 9.93818638495e-11, 2.07875772151e-10, 2.72749545172e-10, 3.53471384107e-11, 3.15455508937e-11, 5.97489419052e-11, 1.69049774179e-10, 2.20974502585e-10, 1.13047675387e-10, 8.7627655132e-11, 1.08510145314e-10, 2.27052873031e-11, 1.03391661552e-11, 5.61071675231e-12],
        "dvar2": [7.39950394291e-07, 1.33101593747e-06, 3.39181769959e-06, 1.59661112775e-06, 1.1533099098e-07, 9.94041755575e-08, 1.83791371455e-07, 3.63895537703e-07, 1.12633131266e-07, 1.40638377388e-07, 5.62183970487e-07, 6.86164227659e-08, 1.14079725222e-07, 2.18120188578e-08, 1.63741464831e-08, 2.11948147921e-08, 2.31250329996e-09, 6.69157129707e-09, 2.65072763739e-09, 1.61547808464e-09, 1.16267906414e-09, 4.63483001978e-10, 2.52719650762e-10, 2.50429343929e-10, 1.05162885344e-10, 2.07912284611e-10, 2.1086576929e-10, 4.78181882979e-10, 7.08462843946e-10, 7.12770051314e-11, 5.79137363066e-11, 1.29660379655e-10, 3.29141658373e-10, 4.30582847155e-10, 1.98900423909e-10, 1.29181262909e-10, 2.33677688311e-10, 3.43275893822e-11, 1.91122239562e-11, 1.01966855098e-11],
        "max": [0.00771908881143, 0.0165434535593, 0.0526814907789, 0.0264938697219, 0.00587826175615, 0.00779488822445, 0.0114744249731, 0.016375310719, 0.0134372720495, 0.00796602293849, 0.0165453422815, 0.00500748306513, 0.00794576946646, 0.00419803475961, 0.00320857670158, 0.00301231024787, 0.00092032039538, 0.00155215838458, 0.000990438158624, 0.000766993034631, 0.00107775314245, 0.000518396496773, 0.000674964278005, 0.000360137521056, 0.000374627008568, 0.000267270719633, 0.000270110729616, 0.000409680127632, 0.000676398980431, 0.000251551391557, 0.000206776312552, 0.000187775323866, 0.000528238364495, 0.000413410394685, 0.000271432771115, 0.000285339570837, 0.00030984217301, 0.00017660818412, 0.000124155980302, 6.55981057207e-05],
        "mean": [0.000572807504795, 0.000813825114165, 0.00103201461025, 0.0006843151059, 0.000239573288127, 9.17259967537e-05, 0.000160210765898, 0.000149926869199, 0.000146926060552, 0.000119564705528, 0.000206331140362, 8.32964287838e-05, 8.31198776723e-05, 4.59541042801e-05, 3.76771567971e-05, 4.39426403318e-05, 1.94300610019e-05, 2.24573577725e-05, 1.76819958142e-05, 9.27501059778e-06, 8.4080884335e-06, 7.83731320553e-06, 8.77048114489e-06, 6.70072085995e-06, 5.13334816787e-06, 4.53581787951e-06, 3.32516651724e-06, 2.68682242677e-06, 1.75557727289e-06, 9.92478135231e-07, 1.08219455797e-06, 1.77392007572e-06, 3.04140849039e-06, 3.45116427525e-06, 2.64131585936e-06, 2.18170271182e-06, 1.85684086773e-06, 9.96747303361e-07, 5.89317778577e-07, 4.5055821829e-07],
        "median": [0.000190789112821, 0.000200349284569, 0.000130434520543, 0.000140537827974, 5.7387889683e-05, 2.47035586654e-05, 3.24982938764e-05, 1.49459037857e-05, 9.77049967332e-06, 4.48288983534e-06, 3.29018666889e-06, 3.56863824891e-06, 1.94131257558e-06, 2.34976005231e-06, 1.47260413996e-06, 1.29311945329e-06, 9.00270265447e-07, 1.57428280545e-06, 1.21705488709e-06, 1.10921678242e-06, 8.95407595181e-07, 7.1613220598e-07, 8.52330458656e-07, 5.55631913812e-07, 4.80263167901e-07, 4.58493730093e-07, 2.08066794016e-07, 1.14030321186e-07, 6.74953852808e-08, 4.22653307908e-08, 5.79545620383e-08, 4.34398366167e-08, 4.40482423869e-08, 4.32034177322e-08, 3.84733276348e-08, 2.33331984845e-08, 1.81498620577e-08, 1.91645419534e-08, 1.91450251208e-08, 1.40558942263e-08],
        "min": [7.39193907084e-24, 2.48910504159e-24, 5.56014606764e-24, 1.02129080345e-23, 4.84714478808e-24, 8.03671216514e-24, 1.69480533486e-24, 5.18619996615e-24, 6.04842532999e-24, 5.54949092339e-24, 8.4441383123e-24, 6.43521369258e-24, 7.21462917176e-24, 8.6770731604e-24, 6.71805543142e-24, 5.64271022213e-24, 5.98328080201e-24, 7.52654398482e-24, 7.7164693475e-24, 8.76026722032e-24, 6.67957716304e-24, 1.07938914694e-23, 5.0930516649e-24, 9.30871250948e-24, 7.30724933064e-24, 5.65647505607e-24, 9.08637758537e-24, 9.27770002072e-24, 9.47170379428e-24, 7.10812427208e-24, 5.87542537246e-24, 8.47431303079e-24, 6.68629983568e-24, 1.1199103284e-23, 1.1503867073e-23, 1.1504439786e-23, 9.73968221036e-24, 9.49562757895e-24, 7.82834796766e-24, 8.0218295153e-24],
        "var": [8.19416811737e-07, 2.44100988311e-06, 1.02849426185e-05, 3.94194876208e-06, 3.6956643612e-07, 1.11195809893e-07, 3.77116180061e-07, 3.19253075531e-07, 4.21019308305e-07, 2.09345344615e-07, 1.53341159148e-06, 1.33791232315e-07, 2.23137419653e-07, 4.6446945845e-08, 3.8909199418e-08, 4.33473239525e-08, 4.3836467789e-09, 6.74027278436e-09, 4.91245755185e-09, 1.36783195881e-09, 1.77694592374e-09, 1.01879682468e-09, 1.28834642954e-09, 5.77974779148e-10, 4.16823270344e-10, 1.99364275089e-10, 1.71436462248e-10, 2.6918273166e-10, 2.52758286523e-10, 5.13198025742e-11, 5.6833236034e-11, 1.1580835596e-10, 4.49777132205e-10, 5.9061500135e-10, 2.92600776941e-10, 2.47667664155e-10, 1.96178101541e-10, 5.4100151442e-11, 1.82554631134e-11, 1.00365661962e-11]
    },
    "mfcc": {
        "mean": [-757.82800293, 143.691955566, 9.13770198822, 27.1636257172, 14.2972307205, 0.834343373775, -0.0683186873794, 3.56743788719, -5.09707260132, 0.650350809097, 1.70506000519, -4.37232112885, 0.82644712925],
        "cov": [[8401.77636719, -840.220825195, -545.55078125, -428.391998291, -444.290374756, -324.957611084, -92.9295120239, 283.910552979, -461.551086426, 345.595672607, 273.098999023, -175.397369385, -151.886138916], [-840.220825195, 1861.58215332, -436.368438721, -154.266067505, 160.073104858, -154.406433105, 89.2794494629, 105.089332581, 90.4879837036, -67.1156692505, 24.7074260712, -18.2517414093, -53.6070556641], [-545.55078125, -436.368438721, 945.346679688, 456.625976562, 126.493843079, 223.157577515, 34.0655708313, -110.199623108, -23.4589729309, 52.0264396667, 0.352077186108, 85.3626556396, 31.3935623169], [-428.391998291, -154.266067505, 456.625976562, 581.94140625, 243.56300354, 129.172897339, -33.7943229675, -62.9621696472, 26.8819732666, -31.9196109772, 16.38829422, 74.0009536743, 53.8717651367], [-444.290374756, 160.073104858, 126.493843079, 243.56300354, 452.299560547, 95.8114242554, -108.279327393, -69.9744796753, 44.8982048035, -8.88122463226, -14.6826610565, -3.63891410828, 3.89955258369], [-324.957611084, -154.406433105, 223.157577515, 129.172897339, 95.8114242554, 281.835235596, 105.901199341, -23.1022758484, 57.8593101501, 38.5202178955, 1.37437272072, 44.5348777771, 31.7728328705], [-92.9295120239, 89.2794494629, 34.0655708313, -33.7943229675, -108.279327393, 105.901199341, 320.548400879, 130.841842651, 73.5998916626, 16.950843811, 28.1005268097, 85.1189651489, 27.3534526825], [283.910552979, 105.089332581, -110.199623108, -62.9621696472, -69.9744796753, -23.1022758484, 130.841842651, 233.878738403, 79.8128433228, 12.5628643036, 24.0876121521, 12.9493875504, 7.40955686569], [-461.551086426, 90.4879837036, -23.4589729309, 26.8819732666, 44.8982048035, 57.8593101501, 73.5998916626, 79.8128433228, 245.492492676, 27.6328887939, -10.0102138519, 19.9258842468, 18.5256118774], [345.595672607, -67.1156692505, 52.0264396667, -31.9196109772, -8.88122463226, 38.5202178955, 16.950843811, 12.5628643036, 27.6328887939, 198.597686768, 50.3241539001, -27.8178348541, -16.252450943], [273.098999023, 24.7074260712, 0.352077186108, 16.38829422, -14.6826610565, 1.37437272072, 28.1005268097, 24.0876121521, -10.0102138519, 50.3241539001, 153.334716797, 37.2118453979, -3.27281785011], [-175.397369385, -18.2517414093, 85.3626556396, 74.0009536743, -3.63891410828, 44.5348777771, 85.1189651489, 12.9493875504, 19.9258842468, -27.8178348541, 37.2118453979, 152.477645874, 51.9392089844], [-151.886138916, -53.6070556641, 31.3935623169, 53.8717651367, 3.89955258369, 31.7728328705, 27.3534526825, 7.40955686569, 18.5256118774, -16.252450943, -3.27281785011, 51.9392089844, 125.42048645]],
