{
"lowlevel": {
    "average_loudness": 0.341296941042,
    "barkbands_crest": {
        "dmean": 1.99846208096,
        "dmean2": 3.11814045906,
        "dvar": 4.22497177124,
        "dvar2": 10.0236721039,
        "max": 25.9347515106,
        "mean": 11.3386640549,
        "median": 9.54091453552,
        "min": 2.54107785225,
        "var": 28.7315101624
    },
    "barkbands_flatness_db": {
        "dmean": 0.0177227836102,
        "dmean2": 0.0266626682132,
        "dvar": 0.000275548925856,
        "dvar2": 0.000634736032225,
        "max": 0.380121052265,
        "mean": 0.18874886632,
        "median": 0.17625708878,
        "min": 0.0487199872732,
        "var": 0.00392017979175
    },
    "barkbands_kurtosis": {
        "dmean": 1.86165106297,
        "dmean2": 2.97907423973,
        "dvar": 15.8575620651,
        "dvar2": 35.6814308167,
        "max": 88.4466094971,
        "mean": 3.06431508064,
        "median": 1.12042665482,
        "min": -1.6372191906,
        "var": 57.0055770874
    },
    "barkbands_skewness": {
        "dmean": 0.3697296381,
        "dmean2": 0.573480427265,
        "dvar": 0.177087843418,
        "dvar2": 0.387606441975,
        "max": 8.31665039062,
        "mean": 1.59114909172,
        "median": 1.39731585979,
        "min": -0.63388466835,
        "var": 1.14547491074
    },
    "barkbands_spread": {
        "dmean": 3.19721078873,
        "dmean2": 5.05396080017,
        "dvar": 14.4611673355,
        "dvar2": 32.918586731,
        "max": 56.0056724548,
        "mean": 19.9407844543,
        "median": 16.1528301239,
        "min": 0.734939515591,
        "var": 142.286849976
    },
    "dissonance": {
        "dmean": 0.0153125664219,
        "dmean2": 0.0255106501281,
        "dvar": 0.00020493453485,
        "dvar2": 0.000590951472986,
        "max": 0.499999731779,
        "mean": 0.463122576475,
        "median": 0.470492511988,
        "min": 0.350914597511,
        "var": 0.000645258172881
    },
    "dynamic_complexity": 8.99904060364,
    "erbbands_crest": {
        "dmean": 1.83762395382,
        "dmean2": 2.89727139473,
        "dvar": 2.93666625023,
        "dvar2": 6.78832626343,
        "max": 25.3217697144,
        "mean": 8.59898281097,
        "median": 7.34568548203,
        "min": 2.88952922821,
        "var": 19.6669406891
    },
    "erbbands_flatness_db": {
        "dmean": 0.0125380801037,
        "dmean2": 0.0186465717852,
        "dvar": 0.000174696760951,
        "dvar2": 0.000355277879862,
        "max": 0.368710130453,
        "mean": 0.219643011689,
        "median": 0.233490645885,
        "min": 0.0892116874456,
        "var": 0.004021034576
    },
    "erbbands_kurtosis": {
        "dmean": 0.496351957321,
        "dmean2": 0.792109370232,
        "dvar": 0.815874874592,
        "dvar2": 1.86972475052,
        "max": 19.4961719513,
        "mean": -0.328786045313,
        "median": -0.775213956833,
        "min": -1.70408797264,
        "var": 2.76878452301
    },
    "erbbands_skewness": {
        "dmean": 0.251523554325,
        "dmean2": 0.395139932632,
        "dvar": 0.0564482361078,
        "dvar2": 0.127082780004,
        "max": 4.1702413559,
        "mean": 0.17233261466,
        "median": -0.00049448478967,
        "min": -1.33468580246,
        "var": 0.485889732838
    },
    "erbbands_spread": {
        "dmean": 4.23399782181,
        "dmean2": 6.68349599838,
        "dvar": 17.9315891266,
        "dvar2": 42.5709381104,
        "max": 80.0231323242,
        "mean": 36.4893188477,
        "median": 30.115064621,
        "min": 5.09929990768,
        "var": 269.930145264
    },
    "hfc": {
        "dmean": 2.1145761013,
        "dmean2": 3.47082519531,
        "dvar": 36.4084014893,
        "dvar2": 99.4367980957,
        "max": 129.546386719,
        "mean": 13.1961174011,
        "median": 1.29516816139,
        "min": 1.18644356917e-06,
        "var": 328.23223877
    },
    "melbands_crest": {
        "dmean": 2.23703217506,
        "dmean2": 3.55397939682,
        "dvar": 4.17601394653,
        "dvar2": 10.6376590729,
        "max": 26.1513881683,
        "mean": 14.5562057495,
        "median": 14.011841774,
        "min": 4.48281002045,
        "var": 23.1230506897
    },
    "melbands_flatness_db": {
        "dmean": 0.0177346244454,
        "dmean2": 0.0264872480184,
        "dvar": 0.000334378535626,
        "dvar2": 0.000728220271412,
        "max": 0.436370015144,
        "mean": 0.219672128558,
        "median": 0.204340472817,
        "min": 0.0380200110376,
        "var": 0.00467755878344
    },
    "melbands_kurtosis": {
        "dmean": 3.75019264221,
        "dmean2": 5.9019575119,
        "dvar": 45.3259277344,
        "dvar2": 107.735183716,
        "max": 105.598579407,
        "mean": 10.1352949142,
        "median": 7.3007478714,
        "min": -0.901717424393,
        "var": 134.872894287
    },
    "melbands_skewness": {
        "dmean": 0.449851483107,
        "dmean2": 0.689961850643,
        "dvar": 0.266422152519,
        "dvar2": 0.61182975769,
        "max": 8.51270103455,
        "mean": 2.63427495956,
        "median": 2.56786298752,
        "min": -0.438709318638,
        "var": 1.58066320419
    },
    "melbands_spread": {
        "dmean": 3.85413432121,
        "dmean2": 6.07708024979,
        "dvar": 21.7805976868,
        "dvar2": 47.6590881348,
        "max": 96.5926055908,
        "mean": 19.6645793915,
        "median": 19.3296489716,
        "min": 0.964283287525,
        "var": 108.950660706
    },
    "pitch_salience": {
        "dmean": 0.0539615079761,
        "dmean2": 0.0845057666302,
        "dvar": 0.00270615424961,
        "dvar2": 0.0060734115541,
        "max": 0.840881586075,
        "mean": 0.531645059586,
        "median": 0.54484975338,
        "min": 0.151571750641,
        "var": 0.0155651615933
    },
    "silence_rate_20dB": {
        "dmean": 0,
        "dmean2": 0,
        "dvar": 0,
        "dvar2": 0,
        "max": 1,
        "mean": 1,
        "median": 1,
        "min": 1,
        "var": 0
    },
    "silence_rate_30dB": {
        "dmean": 0.00928792543709,
        "dmean2": 0.018590239808,
        "dvar": 0.00920159369707,
        "dvar2": 0.0228920988739,
        "max": 1,
        "mean": 0.993039429188,
        "median": 1,
        "min": 0,
        "var": 0.00691214576364
    },
    "silence_rate_60dB": {
        "dmean": 0.0232198145241,
        "dmean2": 0.0464756004512,
        "dvar": 0.022681126371,
        "dvar2": 0.0458641201258,
        "max": 1,
        "mean": 0.55761796236,
        "median": 1,
        "min": 0,
        "var": 0.246683329344
    },
    "spectral_centroid": {
        "dmean": 165.945556641,
        "dmean2": 254.604522705,
        "dvar": 105350.390625,
        "dvar2": 141233.046875,
        "max": 11127.6542969,
        "mean": 1330.62524414,
        "median": 1204.81555176,
        "min": 353.444671631,
        "var": 506899.4375
    },
    "spectral_complexity": {
        "dmean": 1.87925696373,
        "dmean2": 2.98838114738,
        "dvar": 6.81359148026,
        "dvar2": 13.4816398621,
        "max": 55,
        "mean": 14.6457853317,
        "median": 5,
        "min": 0,
        "var": 246.129623413
    },
    "spectral_decrease": {
        "dmean": 1.0077999546e-09,
        "dmean2": 1.58711477294e-09,
        "dvar": 7.84175078916e-18,
        "dvar2": 1.77543896009e-17,
        "max": -1.22645195921e-16,
        "mean": -4.49432580041e-09,
        "median": -5.56773072091e-10,
        "min": -5.07040454067e-08,
        "var": 4.08861678674e-17
    },
    "spectral_energy": {
        "dmean": 0.00390556361526,
        "dmean2": 0.00616581272334,
        "dvar": 0.000116543975309,
        "dvar2": 0.000264373782557,
        "max": 0.196102410555,
        "mean": 0.0181595571339,
        "median": 0.00220256717876,
        "min": 5.70505476194e-10,
        "var": 0.00065647700103
    },
    "spectral_energyband_high": {
        "dmean": 0.000213492487092,
        "dmean2": 0.000357940909453,
        "dvar": 4.77781725294e-07,
        "dvar2": 1.37457595883e-06,
        "max": 0.0145635195076,
        "mean": 0.000857390637975,
        "median": 5.47114677829e-06,
        "min": 6.1682957353e-11,
        "var": 1.76079367975e-06
    },
    "spectral_energyband_low": {
        "dmean": 0.00256303348579,
        "dmean2": 0.00396916875616,
        "dvar": 0.000100399687653,
        "dvar2": 0.000229192184634,
        "max": 0.175286337733,
        "mean": 0.00798782892525,
        "median": 1.04705623016e-05,
        "min": 1.60420149387e-11,
        "var": 0.000231373574934
    },
    "spectral_energyband_middle_high": {
        "dmean": 0.000592558586504,
        "dmean2": 0.000924103835132,
        "dvar": 1.73994055785e-06,
        "dvar2": 4.09778976973e-06,
        "max": 0.0212108306587,
        "mean": 0.00298479804769,
        "median": 0.000378429132979,
        "min": 1.50885831607e-10,
        "var": 1.72181316884e-05
    },
    "spectral_energyband_middle_low": {
        "dmean": 0.00203206785955,
        "dmean2": 0.00333589594811,
        "dvar": 1.67627731571e-05,
        "dvar2": 4.86746539536e-05,
        "max": 0.070686981082,
        "mean": 0.00683123571798,
        "median": 0.00167713814881,
        "min": 3.27578686399e-10,
        "var": 8.49057978485e-05
    },
    "spectral_entropy": {
        "dmean": 0.114395268261,
        "dmean2": 0.168595999479,
        "dvar": 0.0158271621913,
        "dvar2": 0.0285071060061,
        "max": 9.79857826233,
        "mean": 7.33201551437,
        "median": 7.40902423859,
        "min": 5.62795066833,
        "var": 0.269654750824
    },
    "spectral_flux": {
        "dmean": 0.0103614078835,
        "dmean2": 0.0167487002909,
        "dvar": 0.000476061133668,
        "dvar2": 0.00111427914817,
        "max": 0.315151751041,
        "mean": 0.0393461883068,
        "median": 0.0175731983036,
        "min": 2.38852571783e-05,
        "var": 0.00193491054233
    },
    "spectral_kurtosis": {
        "dmean": 3.42681860924,
        "dmean2": 6.26672506332,
        "dvar": 18.0078372955,
        "dvar2": 60.3345527649,
        "max": 33.5871276855,
        "mean": 6.86682033539,
        "median": 4.15606355667,
        "min": -1.23997604847,
        "var": 49.7928771973
    },
    "spectral_rms": {
        "dmean": 0.00032609506161,
        "dmean2": 0.000502548122313,
        "dvar": 3.81902452773e-07,
        "dvar2": 8.4051396243e-07,
        "max": 0.0138318268582,
        "mean": 0.00308491615579,
        "median": 0.00146589428186,
        "min": 7.46050034195e-07,
        "var": 8.19994420453e-06
    },
    "spectral_rolloff": {
        "dmean": 341.764038086,
        "dmean2": 569.036621094,
        "dvar": 351481.53125,
        "dvar2": 718584.4375,
        "max": 12230.859375,
        "mean": 1369.26513672,
        "median": 1248.92578125,
        "min": 86.1328125,
        "var": 983649.1875
    },
    "spectral_skewness": {
        "dmean": 0.322999060154,
        "dmean2": 0.577353477478,
        "dvar": 0.121800735593,
        "dvar2": 0.383859604597,
        "max": 4.15553188324,
        "mean": 1.51084136963,
        "median": 1.46164059639,
        "min": -0.0213307626545,
        "var": 0.740207254887
    },
    "spectral_spread": {
        "dmean": 310409.96875,
        "dmean2": 477919.375,
        "dvar": 1.22102625075e+12,
        "dvar2": 1.30657694515e+12,
        "max": 41107504,
        "mean": 3205379.25,
        "median": 2876670,
        "min": 1638843.5,
        "var": 2.44859351859e+12
    },
    "spectral_strongpeak": {
        "dmean": 0.157108902931,
        "dmean2": 0.270017415285,
        "dvar": 0.0969036221504,
        "dvar2": 0.257866770029,
        "max": 4.16028165817,
        "mean": 0.439365983009,
        "median": 0.326637625694,
        "min": 5.01032627653e-05,
        "var": 0.187785461545
    },
    "zerocrossingrate": {
        "dmean": 0.0059051043354,
        "dmean2": 0.00707572838292,
        "dvar": 8.17485924927e-05,
        "dvar2": 9.10379167181e-05,
        "max": 0.3056640625,
        "mean": 0.0509043596685,
        "median": 0.048828125,
        "min": 0.0146484375,
        "var": 0.000673079572152
    },
    "barkbands": {
        "dmean": [2.53083053394e-05, 0.00212985393591, 0.000699728378095, 0.000486344506498, 0.000641335966066, 0.00110376824159, 0.000451113126474, 7.75287262513e-05, 0.000132807617774, 0.000132130997372, 0.00015003621229, 0.000288657582132, 9.96559756459e-05, 9.53277558438e-05, 0.000135586742545, 7.7500117186e-05, 8.48494892125e-05, 6.8815134e-05, 0.000146496851812, 0.000130909364088, 9.91829147097e-05, 7.70295737311e-05, 2.51262645179e-05, 1.4446242858e-05, 7.12925202606e-06, 2.04835191653e-06, 1.1334796568e-07],
        "dmean2": [3.39440157404e-05, 0.00331692164764, 0.00121543079149, 0.000808019016404, 0.00106067978777, 0.00169324188028, 0.000745287223253, 0.000130247528432, 0.000208180092159, 0.000193435073015, 0.000239971894189, 0.000442305812612, 0.000156724563567, 0.000148608261952, 0.000220783869736, 0.000124218277051, 0.000141755212098, 0.000115402923257, 0.000245243572863, 0.000225031952141, 0.000169230363099, 0.000135424634209, 4.30509899161e-05, 2.39158944169e-05, 1.16106884889e-05, 3.55068073077e-06, 1.98772312388e-07],
        "dvar": [1.71808380856e-08, 8.1107893493e-05, 6.46504031465e-06, 1.89799470718e-06, 3.66490576198e-06, 4.3260261009e-06, 1.98337556867e-06, 1.29021074713e-07, 1.29652818259e-07, 9.86458559282e-08, 1.64861091889e-07, 5.63095795769e-07, 6.1851999078e-08, 4.78263117998e-08, 1.05487060864e-07, 2.62761243874e-08, 2.93798603224e-08, 1.9507346849e-08, 9.05095873804e-08, 6.87425156798e-08, 7.15912307214e-08, 9.19600253724e-08, 4.7077204357e-09, 2.18706919242e-09, 5.85130666142e-10, 9.0388342644e-11, 7.65058480977e-13],
        "dvar2": [3.47297088865e-08, 0.000182935153134, 1.8335720597e-05, 5.09313531438e-06, 9.8881946542e-06, 1.07974437924e-05, 5.9005278672e-06, 3.55851938139e-07, 3.00547895904e-07, 2.32446524251e-07, 3.55329547119e-07, 1.31081765176e-06, 1.47919536175e-07, 1.24420751035e-07, 2.84172841702e-07, 6.87676546818e-08, 7.88411895769e-08, 5.30000043852e-08, 2.55523076476e-07, 2.00344302925e-07, 2.05270325182e-07, 2.71680505648e-07, 1.30514292707e-08, 5.99545657565e-09, 1.53884405218e-09, 2.30594821016e-10, 2.03100231945e-12],
        "max": [0.00212943740189, 0.135555610061, 0.0409658700228, 0.0187960080802, 0.0268546752632, 0.025097284466, 0.0175629742444, 0.00785158202052, 0.00610008882359, 0.00505173206329, 0.00976303685457, 0.0117578059435, 0.00489909248427, 0.00374241336249, 0.00449471874163, 0.0023292878177, 0.00180080591235, 0.00157833704725, 0.00387413916178, 0.00349972140975, 0.00502502592281, 0.00622566230595, 0.00109548063483, 0.000814950733911, 0.000308655784465, 0.000120628588775, 2.10987454921e-05],
        "mean": [2.6479265216e-05, 0.00547500792891, 0.00204031937756, 0.00112208607607, 0.00131162349135, 0.00292286532931, 0.000950282905251, 0.000116135430289, 0.000295834295684, 0.000313864962664, 0.000288179900963, 0.000632177456282, 0.00018326791178, 0.000179482245585, 0.000271026365226, 0.000177481517312, 0.000198596229893, 0.000180414805072, 0.000456435460364, 0.000388459040551, 0.000346375047229, 0.000176227957127, 6.26359833404e-05, 3.12281335937e-05, 1.13716469059e-05, 1.62250353242e-06, 8.50818437925e-08],
        "median": [1.78444938825e-08, 1.95255006474e-06, 4.79685286336e-06, 1.41664504554e-05, 0.000337910139933, 0.00067405460868, 6.11519426457e-05, 2.16836397158e-05, 5.74365622015e-05, 3.40032675012e-05, 3.7407327909e-05, 8.8369291916e-05, 3.05967660097e-05, 6.87289430061e-05, 3.00698193314e-05, 3.12498959829e-05, 1.28650053739e-05, 4.66095070806e-06, 7.67232086218e-06, 4.50553352493e-06, 1.71384033365e-06, 6.5302663188e-07, 2.2900900376e-07, 1.64444003303e-07, 5.57563559767e-08, 3.4479714639e-09, 1.12715628497e-10],
        "min": [2.21408221618e-11, 4.37293474001e-12, 1.48159425267e-12, 3.86964548946e-12, 1.63803387521e-10, 7.74742214826e-11, 1.36556608035e-11, 5.3570893381e-12, 5.07876518618e-11, 1.77247400784e-11, 2.44288183432e-12, 7.23014773052e-11, 1.22021481461e-11, 1.02733941146e-11, 7.36950951652e-12, 6.83359792364e-12, 3.74125947236e-12, 1.11513584825e-11, 1.5658870034e-11, 2.69082867967e-12, 5.41803234222e-12, 5.06655568194e-12, 5.19868870175e-12, 4.47576004037e-12, 1.26723648936e-11, 1.03310042812e-11, 1.61384881153e-11],
        "var": [2.38133406327e-08, 0.000149520274135, 1.43996330735e-05, 7.09456253389e-06, 5.92380956732e-06, 1.9317267288e-05, 6.49866024105e-06, 1.08015875355e-07, 3.82512070018e-07, 3.76179315253e-07, 4.35691504208e-07, 1.67192172285e-06, 1.17176377046e-07, 8.75307293313e-08, 2.16474589365e-07, 7.85632892075e-08, 9.89438859733e-08, 8.62241336108e-08, 5.07470701905e-07, 3.49634490249e-07, 2.94333631246e-07, 1.1391908572e-07, 1.31898243438e-08, 4.79818940136e-09, 7.84069975612e-10, 7.36149752267e-11, 6.20583445743e-13]
    },
    "erbbands": {
        "dmean": [0.0447832718492, 0.548812270164, 0.998073160648, 0.99569362402, 2.13746261597, 2.19211292267, 5.35196304321, 9.1785402298, 8.15663146973, 3.48250961304, 1.87084841728, 3.13191699982, 3.5136551857, 5.03468942642, 5.06049060822, 13.1635923386, 4.93928575516, 4.69322633743, 6.06401777267, 5.37641477585, 4.33597135544, 4.0896024704, 3.86326646805, 5.25283241272, 7.83690929413, 5.52703762054, 4.83045578003, 4.30945634842, 3.1808617115, 1.35273957253, 0.622769296169, 0.387753874063, 0.19740588963, 0.0899715125561, 0.0500627271831, 0.0144292367622, 0.00261656963266, 0.000538913882338, 1.35241916723e-05, 4.70752684123e-06],
        "dmean2": [0.0676570683718, 0.885616600513, 1.71424388885, 1.69757843018, 3.53690958023, 3.59090352058, 8.36542892456, 14.2623195648, 12.6700057983, 5.92228031158, 3.13729023933, 4.88462495804, 5.38843679428, 7.68296527863, 7.93469429016, 20.3078079224, 7.76051616669, 7.27068090439, 9.79466056824, 8.85486030579, 6.9398598671, 6.84013795853, 6.49584388733, 8.80025672913, 13.1270666122, 9.44825935364, 8.23088741302, 7.28185653687, 5.70912313461, 2.26640033722, 1.0558167696, 0.655855596066, 0.324203133583, 0.148056000471, 0.0813990905881, 0.0246494524181, 0.00443319696933, 0.000927573128138, 2.29111610679e-05, 7.46211071601e-06],
        "dvar": [0.0500921942294, 5.25198411942, 13.5087661743, 9.83804893494, 28.3931827545, 51.9642868042, 174.12840271, 349.359832764, 586.018920898, 223.568328857, 52.6489028931, 84.1561126709, 84.3165740967, 222.671295166, 110.729499817, 1326.12536621, 137.588592529, 99.9906768799, 220.090652466, 136.40423584, 88.9358062744, 71.2623062134, 65.3783798218, 110.877937317, 271.834381104, 129.850830078, 138.586593628, 133.717269897, 158.106765747, 18.9328098297, 2.95087361336, 1.56108498573, 0.412926733494, 0.0736658871174, 0.0380674265325, 0.00410329736769, 0.000164785698871, 1.28493793454e-05, 5.92785198705e-09, 1.58079188628e-10],
        "dvar2": [0.0940768048167, 13.0004482269, 38.1548843384, 27.6679649353, 78.3305053711, 136.094802856, 465.195281982, 902.00958252, 1573.02111816, 697.950805664, 143.343597412, 199.919662476, 199.42124939, 476.579498291, 256.422729492, 3023.55932617, 332.217681885, 247.367523193, 571.877380371, 349.890533447, 226.636688232, 186.942276001, 184.215835571, 298.993804932, 772.129760742, 374.186889648, 396.873901367, 381.304138184, 467.168182373, 54.9988327026, 8.16075801849, 4.33025121689, 1.13226163387, 0.198268592358, 0.0978108718991, 0.0108069609851, 0.000396580173401, 3.27072848449e-05, 1.52124091102e-08, 3.66777358485e-10],
        "max": [3.15191292763, 35.9186820984, 67.8374862671, 51.5586280823, 68.0313644409, 104.441238403, 176.433013916, 243.320465088, 317.70526123, 252.406204224, 135.411895752, 157.814682007, 163.728302002, 409.032592773, 170.746841431, 570.808227539, 236.678894043, 174.715301514, 214.544830322, 144.581954956, 123.434906006, 116.973640442, 88.4674987793, 149.691574097, 235.867416382, 176.699203491, 205.042221069, 195.680740356, 248.642913818, 87.7037582397, 22.4769954681, 20.4462909698, 11.502790451, 3.52097606659, 2.87299466133, 0.882793068886, 0.205045640469, 0.0823386013508, 0.00168132164981, 0.000221291717025],
        "mean": [0.0752468928695, 1.465955019, 3.27101492882, 2.44248151779, 4.62597942352, 3.67938876152, 12.6513404846, 23.06133461, 20.4536895752, 6.81174945831, 3.27307987213, 7.05691766739, 8.81776618958, 11.8610420227, 12.1649513245, 28.4928607941, 10.6380748749, 9.56591510773, 12.0650272369, 12.0221824646, 11.1895103455, 10.9133749008, 9.90714550018, 16.138507843, 23.3520889282, 17.4690361023, 16.1447162628, 12.9229698181, 7.21111106873, 3.57426857948, 1.52763438225, 0.851301431656, 0.404819846153, 0.169759973884, 0.0620550699532, 0.0126062855124, 0.00212451512925, 0.000417001836468, 2.0676649001e-05, 2.24188333959e-05],
        "median": [3.08793642034e-05, 0.000586247071624, 0.00475984858349, 0.0274803414941, 0.233028799295, 1.41662681103, 2.68688774109, 6.19942426682, 1.7833738327, 1.09153103828, 0.497525840998, 1.0059261322, 1.65897107124, 1.10173928738, 2.24627900124, 2.92866539955, 2.13748598099, 3.97143268585, 1.02717089653, 2.46185493469, 1.14322507381, 0.774260103703, 0.341931253672, 0.384803414345, 0.286533683538, 0.247868821025, 0.0843393877149, 0.0664591342211, 0.0261860080063, 0.0111879017204, 0.00591042870656, 0.0044852909632, 0.00199821637943, 0.000812782440335, 0.00028496934101, 4.76876120956e-05, 4.25732969234e-06, 5.64085610222e-07, 1.28703231894e-06, 2.68032636086e-06],
        "min": [3.16230985842e-10, 3.18445964043e-10, 1.24738341878e-09, 8.83605189017e-09, 1.23389341411e-07, 7.08911443326e-07, 5.98183987677e-07, 8.29651867207e-07, 4.13323931525e-07, 1.22806866898e-07, 1.14840005949e-07, 8.63322782152e-07, 1.36553694574e-06, 2.65748099082e-07, 1.12646898742e-06, 2.26375254897e-06, 6.78693254486e-07, 6.5819909878e-07, 3.59658002935e-07, 5.08634059315e-07, 2.06903735034e-07, 2.20408594487e-07, 5.75997376018e-07, 8.46130546961e-07, 5.11527616709e-07, 1.3944064392e-07, 2.1781276871e-07, 2.04219844591e-07, 1.65629373328e-07, 1.80396540372e-07, 1.36655103233e-07, 7.7928582698e-08, 9.8010971783e-08, 1.18773186841e-07, 7.75716770818e-08, 3.33078311598e-08, 2.14249116226e-08, 7.15789783001e-09, 2.05860883895e-09, 2.26527074876e-10],
        "var": [0.0771883130074, 9.23504161835, 32.0746078491, 24.9342288971, 74.0966720581, 58.8926506042, 613.891601562, 1377.66223145, 2414.16870117, 535.597412109, 56.1484985352, 255.634017944, 316.468353271, 702.1328125, 399.293518066, 3881.79785156, 316.505462646, 216.708358765, 452.117279053, 337.959960938, 326.10635376, 274.43081665, 259.982543945, 611.341918945, 1456.09619141, 702.024963379, 615.737426758, 450.565826416, 189.389144897, 40.3570556641, 8.29950141907, 3.43791460991, 0.804665505886, 0.131364539266, 0.0399177633226, 0.00316935335286, 0.000156329158926, 1.11729259515e-05, 5.40316325015e-09, 9.71716929143e-10]
    },
    "gfcc": {
        "mean": [-134.525558472, 130.150009155, -168.177246094, 31.1106891632, -69.3355026245, -4.37572145462, -38.6538200378, -19.6156406403, -23.2789669037, -9.68221569061, 0.990044116974, -7.06650352478, 6.2944483757],
        "cov": [[22253.3984375, -2201.03466797, 2242.76342773, 4920.92773438, 229.11517334, 2505.13476562, 1537.01208496, 1612.52099609, 197.361206055, 650.865234375, -99.419670105, 178.355361938, -43.4198951721], [-2201.03466797, 1153.76574707, -499.269866943, -521.164550781, 116.841461182, -557.889099121, -205.29335022, -483.76171875, 114.464141846, -222.943649292, 185.325393677, -134.011795044, 135.871353149], [2242.76342773, -499.269866943, 618.487365723, 601.829528809, 50.5700302124, 414.640869141, 186.375137329, 295.284210205, -21.4766979218, 127.466346741, -85.4265823364, 78.6458740234, -66.8229293823], [4920.92773438, -521.164550781, 601.829528809, 1567.72229004, 131.763641357, 729.615600586, 519.979919434, 438.647918701, 76.7219772339, 124.276603699, -23.7917346954, -3.66347455978, 0.240518793464], [229.11517334, 116.841461182, 50.5700302124, 131.763641357, 145.038040161, 12.1480398178, 33.1281547546, -33.6301879883, 15.7215471268, -13.5696802139, 6.95030212402, -13.1428098679, 4.55650138855], [2505.13476562, -557.889099121, 414.640869141, 729.615600586, 12.1480398178, 561.71282959, 270.667480469, 353.669494629, -21.4255313873, 106.18460083, -92.4610519409, 34.6200714111, -44.4222297668], [1537.01208496, -205.29335022, 186.375137329, 519.979919434, 33.1281547546, 270.667480469, 253.299179077, 185.832138062, 41.9873466492, 47.8795547485, -11.173614502, 8.34777450562, -9.23804759979], [1612.52099609, -483.76171875, 295.284210205, 438.647918701, -33.6301879883, 353.669494629, 185.832138062, 338.66317749, -1.29946565628, 118.002662659, -78.509185791, 50.2162666321, -51.0066642761], [197.361206055, 114.464141846, -21.4766979218, 76.7219772339, 15.7215471268, -21.4255313873, 41.9873466492, -1.29946565628, 103.700134277, 12.0441656113, 53.4284858704, -9.14882278442, 20.9656829834], [650.865234375, -222.943649292, 127.466346741, 124.276603699, -13.5696802139, 106.18460083, 47.8795547485, 118.002662659, 12.0441656113, 116.455444336, -8.62961387634, 38.851978302, -38.4997024536], [-99.419670105, 185.325393677, -85.4265823364, -23.7917346954, 6.95030212402, -92.4610519409, -11.173614502, -78.509185791, 53.4284858704, -8.62961387634, 111.872505188, -8.02891540527, 37.5730667114], [178.355361938, -134.011795044, 78.6458740234, -3.66347455978, -13.1428098679, 34.6200714111, 8.34777450562, 50.2162666321, -9.14882278442, 38.851978302, -8.02891540527, 73.5618438721, -4.89063501358], [-43.4198951721, 135.871353149, -66.8229293823, 0.240518793464, 4.55650138855, -44.4222297668, -9.23804759979, -51.0066642761, 20.9656829834, -38.4997024536, 37.5730667114, -4.89063501358, 81.0648193359]],
        "icov": [[0.000179283655598, -9.38075609156e-05, -3.61238817277e-05, -0.00061216467293, 0.000242729016463, -0.000143153549288, 0.000295505975373, 2.99724088109e-05, 3.6640016333e-05, -0.000383982784115, 1.40173578984e-05, -0.00033398924279, -3.27445632138e-05], [-9.38075609156e-05, 0.005485243164, -0.000321509636706, 0.00109960907139, -0.00331500661559, 0.00198950828053, -0.000632556737401, 0.00191138288938, -0.00363770825788, 0.00400266237557, -0.00275673158467, 0.00481060286984, -0.00269540143199], [-3.61238817277e-05, -0.000321509636706, 0.00500128790736, -0.00152445433196, -0.00123431510292, -0.00170366477687, 0.00238890340552, -0.000824443530291, 6.76576455589e-05, -0.000645878724754, 0.0011082283454, -0.0044158580713, 0.00243166578002], [-0.00061216467293, 0.00109960907139, -0.00152445433196, 0.00617504818365, -0.0027531562373, -0.00160274177324, -0.0054491115734, 0.00014493749768, -0.000687054591253, 0.00117069028784, -0.00213188072667, 0.00509265903383, -0.0026701441966], [0.000242729016463, -0.00331500661559, -0.00123431510292, -0.0027531562373, 0.0121199181303, -0.000596201804001, -0.000280758045847, 0.00333964824677, 0.000878427817952, -0.00271840579808, 0.00360074220225, -0.0031521236524, 0.00236101821065], [-0.000143153549288, 0.00198950828053, -0.00170366477687, -0.00160274177324, -0.000596201804001, 0.0115657057613, -0.0026531748008, -0.00470758089796, 0.00246995128691, 0.00163224060088, 0.000703808153048, 0.00308651267551, -0.00170753558632], [0.000295505975373, -0.000632556737401, 0.00238890340552, -0.0054491115734, -0.000280758045847, -0.0026531748008, 0.0172424018383, -0.00395898101851, -0.00395581824705, 0.0026927231811, -0.00068697379902, -0.00450038863346, 0.00358848366886], [2.99724088109e-05, 0.00191138288938, -0.000824443530291, 0.00014493749768, 0.00333964824677, -0.00470758089796, -0.00395898101851, 0.0165370777249, -0.00406159367412, -0.00527475215495, 0.00501186354086, -0.000935857067816, -0.00051499705296], [3.6640016333e-05, -0.00363770825788, 6.76576455589e-05, -0.000687054591253, 0.000878427817952, 0.00246995128691, -0.00395581824705, -0.00406159367412, 0.0192908700556, -0.00568570429459, -0.00456435605884, 0.000225228650379, -0.00108804798219], [-0.000383982784115, 0.00400266237557, -0.000645878724754, 0.00117069028784, -0.00271840579808, 0.00163224060088, 0.0026927231811, -0.00527475215495, -0.00568570429459, 0.0231246408075, -0.00683138193563, -0.00224964087829, 0.00606837496161], [1.40173578984e-05, -0.00275673158467, 0.0011082283454, -0.00213188072667, 0.00360074220225, 0.000703808153048, -0.00068697379902, 0.00501186354086, -0.00456435605884, -0.00683138193563, 0.0199947226793, -0.00434092013165, -0.00278686638921], [-0.00033398924279, 0.00481060286984, -0.0044158580713, 0.00509265903383, -0.0031521236524, 0.00308651267551, -0.00450038863346, -0.000935857067816, 0.000225228650379, -0.00224964087829, -0.00434092013165, 0.0274473503232, -0.00858897343278], [-3.27445632138e-05, -0.00269540143199, 0.00243166578002, -0.0026701441966, 0.00236101821065, -0.00170753558632, 0.00358848366886, -0.00051499705296, -0.00108804798219, 0.00606837496161, -0.00278686638921, -0.00858897343278, 0.0218017995358]]
    },
    "melbands": {
        "dmean": [0.0004941575462, 0.000587401504163, 0.00020560984558, 0.000156715512276, 0.000158110327902, 0.0002110953792, 0.000117802614113, 3.27531633957e-05, 1.66420231835e-05, 2.04340958589e-05, 1.79206708708e-05, 2.06411241379e-05, 1.87678906514e-05, 3.38197751262e-05, 2.00387839868e-05, 9.28772988118e-06, 9.55775976763e-06, 9.30020996748e-06, 9.65165236266e-06, 6.09098651694e-06, 5.9356239035e-06, 5.25828545506e-06, 4.29753617937e-06, 2.60006936514e-06, 5.02894999954e-06, 8.00822090241e-06, 4.0984559746e-06, 4.39210998593e-06, 4.12000827055e-06, 2.77022809314e-06, 2.65385688181e-06, 2.20660717787e-06, 1.15097543585e-06, 7.09852088221e-07, 4.0536576762e-07, 2.99844259644e-07, 2.42093221914e-07, 1.65679395536e-07, 9.79401093559e-08, 7.5887591322e-08],
        "dmean2": [0.000763020361774, 0.000984739512205, 0.000346496904967, 0.00025631027529, 0.000247754884185, 0.000326878856868, 0.000183933909284, 5.58780084248e-05, 2.7503911042e-05, 3.20490689774e-05, 2.74338253803e-05, 3.15028191835e-05, 2.98255745292e-05, 5.17635016877e-05, 3.10410359816e-05, 1.45963904288e-05, 1.48558774526e-05, 1.49317284013e-05, 1.57764188771e-05, 9.82961591944e-06, 9.46975978877e-06, 8.77965612744e-06, 7.14116595191e-06, 4.32484603152e-06, 8.32050955069e-06, 1.32049781314e-05, 6.71732186674e-06, 7.51430161472e-06, 7.00009741195e-06, 4.73327463624e-06, 4.50181096312e-06, 3.94933340431e-06, 1.95375491785e-06, 1.19390654163e-06, 6.87458509674e-07, 5.02555224102e-07, 4.09422398207e-07, 2.76341296512e-07, 1.60812803074e-07, 1.25949028984e-07],
        "dvar": [5.09326673637e-06, 5.20707044416e-06, 3.32182963803e-07, 2.3239363145e-07, 1.39556050271e-07, 1.78796668138e-07, 1.13568709992e-07, 1.94634885986e-08, 3.40338135452e-09, 3.61582119801e-09, 2.17157958282e-09, 3.40732131399e-09, 1.73891478994e-09, 7.65295204985e-09, 2.06255190704e-09, 4.5176712371e-10, 4.42260200684e-10, 5.01453378821e-10, 6.18331275071e-10, 1.52074727811e-10, 1.74435896283e-10, 1.13030584892e-10, 7.66389729456e-11, 3.14833749349e-11, 1.02497947629e-10, 3.05483416341e-10, 6.79209397059e-11, 8.33523736143e-11, 7.98870414265e-11, 4.42167621961e-11, 5.85632375927e-11, 7.84312337299e-11, 1.22412375375e-11, 4.26696612071e-12, 1.12002085124e-12, 7.40408006173e-13, 6.58444490338e-13, 2.90621259696e-13, 8.45111198904e-14, 5.04787624732e-14],
        "dvar2": [1.04681512312e-05, 1.4080168512e-05, 9.28727615701e-07, 6.19334798557e-07, 3.81115853543e-07, 4.5321445441e-07, 3.06617238266e-07, 5.97058402718e-08, 8.97852814319e-09, 8.62873417162e-09, 5.16588993804e-09, 7.37524130656e-09, 3.93214660832e-09, 1.81317769687e-08, 4.7124455449e-09, 1.08741415872e-09, 1.1214209561e-09, 1.28120569709e-09, 1.64881863718e-09, 3.97513300054e-10, 4.56203963495e-10, 2.97017771489e-10, 2.04724640018e-10, 8.56136342375e-11, 2.68811861659e-10, 8.6214163586e-10, 1.77438841398e-10, 2.44490483414e-10, 2.30529761946e-10, 1.28771687757e-10, 1.65372063266e-10, 2.31552763075e-10, 3.5545184851e-11, 1.23829340878e-11, 3.15878703402e-12, 2.06481229684e-12, 1.83458348339e-12, 7.95258932491e-13, 2.24693473463e-13, 1.38290109073e-13],
        "max": [0.0312647670507, 0.0427688509226, 0.00840578228235, 0.00663301255554, 0.00462130643427, 0.00559818046167, 0.0041996287182, 0.00224395934492, 0.00091877306113, 0.00105337111745, 0.000811190751847, 0.00152035162318, 0.000712396111339, 0.00141706469003, 0.000688829750288, 0.000356543139787, 0.00033808479202, 0.000312002084684, 0.000381726276828, 0.000182912306627, 0.000159780553076, 0.000114627655421, 0.000112638117571, 6.86088242219e-05, 0.000138522591442, 0.000231519748922, 9.11453753361e-05, 0.00011481558613, 0.000108212101622, 0.00011643844482, 0.00012951005192, 0.000175619279617, 6.50449801469e-05, 3.71431196982e-05, 1.62711003213e-05, 1.29582613226e-05, 1.32075865622e-05, 9.97743700282e-06, 3.78747881769e-06, 2.9870848266e-06],
        "mean": [0.00110997061711, 0.00190084683709, 0.00053109874716, 0.000286321504973, 0.000371341971913, 0.000549280201085, 0.000294301309623, 5.8718946093e-05, 2.70655600616e-05, 4.61265444756e-05, 4.30835279985e-05, 4.68790458399e-05, 3.7713572965e-05, 7.26492507965e-05, 4.38155984739e-05, 1.78935752047e-05, 1.74774904735e-05, 1.77636338776e-05, 1.88890917343e-05, 1.37595843626e-05, 1.32739987748e-05, 1.21002158266e-05, 1.02610329122e-05, 6.62269121676e-06, 1.27879648062e-05, 2.06529857678e-05, 1.13827227324e-05, 1.1806450857e-05, 1.12222542157e-05, 8.2464021034e-06, 6.90264596415e-06, 4.2910164666e-06, 2.77123717751e-06, 1.65466383351e-06, 9.04000728497e-07, 6.14844623215e-07, 4.78471406495e-07, 3.12743878794e-07, 1.83904560913e-07, 1.28729936932e-07],
        "median": [4.0696306769e-07, 1.82381506875e-06, 8.52038283483e-06, 6.3468774897e-05, 9.31839822442e-05, 0.000134417481604, 2.08798137464e-05, 9.58470536716e-06, 4.01125453209e-06, 7.23093035049e-06, 7.86643795436e-06, 4.3765103328e-06, 6.56733982396e-06, 9.09416121431e-06, 6.12366420683e-06, 5.33964293936e-06, 6.6889460868e-06, 1.14345539259e-06, 2.56661064668e-06, 2.68746362053e-06, 1.19846879443e-06, 7.71846771386e-07, 5.27039503595e-07, 1.88255782518e-07, 3.16492986485e-07, 2.85148928469e-07, 1.47163675024e-07, 1.43884662407e-07, 4.75224730678e-08, 4.43617445001e-08, 3.21918491863e-08, 1.54197543623e-08, 8.56825366213e-09, 5.10188824521e-09, 3.50182505215e-09, 3.0849078847e-09, 2.46432096951e-09, 1.61043078872e-09, 8.05541522375e-10, 5.98722960099e-10],
        "min": [3.31702699162e-12, 4.9863157223e-13, 3.05783913815e-12, 2.86008230987e-11, 2.66378013397e-11, 1.71614181199e-11, 5.74625937111e-12, 1.26647043547e-12, 6.99696702487e-13, 7.11731324918e-12, 6.74513569998e-12, 8.62178872133e-13, 1.8744342016e-12, 8.685570492e-12, 3.18595128578e-12, 1.05622357648e-12, 1.1386261942e-12, 5.09839783239e-13, 5.09494356427e-13, 6.55092841952e-13, 1.61278393526e-13, 2.05548292688e-13, 2.60483312437e-13, 7.41994736052e-13, 6.79510213288e-13, 5.48153807501e-13, 1.23107063823e-13, 8.81898924005e-14, 1.43071332234e-13, 1.11794234081e-13, 1.29077317953e-13, 8.47112432826e-14, 1.10585192804e-13, 1.01797097227e-13, 8.12099478918e-14, 6.39245804185e-14, 3.82443778252e-14, 4.90501295993e-14, 1.20247141779e-13, 8.6146625315e-14],
        "var": [8.78202718013e-06, 1.10076180135e-05, 1.02043952666e-06, 3.26643544213e-07, 4.60179961692e-07, 7.90227204561e-07, 4.98749614053e-07, 4.30386002392e-08, 3.98377553168e-09, 1.10629185812e-08, 7.80632802844e-09, 1.0757973179e-08, 5.00604180331e-09, 2.16347046944e-08, 6.69842403767e-09, 9.19512577191e-10, 8.55010395817e-10, 1.03204633728e-09, 1.14400933171e-09, 4.42447023463e-10, 5.36058530898e-10, 3.68201691359e-10, 3.125301129e-10, 1.11448038298e-10, 4.4739656424e-10, 1.28984845027e-09, 3.26071281087e-10, 3.33118116425e-10, 3.18090553897e-10, 1.65293820298e-10, 1.49982873343e-10, 7.85405213088e-11, 2.42244922039e-11, 9.07180407184e-12, 3.02858671301e-12, 1.58431612014e-12, 1.25709870031e-12, 5.33169970847e-13, 1.49115447637e-13, 8.14543812716e-14]
    },
    "mfcc": {
        "mean": [-747.641662598, 135.161911011, -28.0482406616, 17.2535095215, -9.63442516327, 2.31788873672, -4.52207946777, -13.094499588, -12.8517932892, -13.1732711792, -11.6711835861, -4.01295471191, -0.620470821857],
        "cov": [[19758.5332031, -2660.51098633, 1737.43884277, 3424.73999023, 231.603744507, 2094.14233398, 1380.66589355, 1671.46618652, 1101.65905762, 1058.44848633, 480.61227417, 398.164276123, 599.629516602], [-2660.51098633, 1352.6619873, -605.398620605, -534.590026855, 10.5695667267, -452.436004639, -344.090545654, -473.944702148, -314.713897705, -300.18069458, -138.120483398, -113.082977295, -110.362892151], [1737.43884277, -605.398620605, 537.154541016, 361.717529297, 84.1300430298, 289.771057129, 203.855438232, 280.80670166, 176.842224121, 160.158676147, 85.9105529785, 60.465171814, 71.2451400757], [3424.73999023, -534.590026855, 361.717529297, 810.723815918, 81.3256912231, 445.522979736, 290.524597168, 333.737030029, 225.525802612, 216.745452881, 98.6061172485, 65.0028457642, 126.960609436], [231.603744507, 10.5695667267, 84.1300430298, 81.3256912231, 135.202987671, 64.6155548096, 27.4749774933, 12.2924728394, 6.35718584061, 9.39502811432, 0.339485734701, -11.3875875473, 8.45785140991], [2094.14233398, -452.436004639, 289.771057129, 445.522979736, 64.6155548096, 355.835784912, 219.227096558, 249.126434326, 163.379226685, 150.998336792, 66.9208068848, 43.9877052307, 66.1327590942], [1380.66589355, -344.090545654, 203.855438232, 290.524597168, 27.4749774933, 219.227096558, 204.5284729, 197.927566528, 125.428886414, 109.496963501, 47.2284202576, 35.9835548401, 43.2443161011], [1671.46618652, -473.944702148, 280.80670166, 333.737030029, 12.2924728394, 249.126434326, 197.927566528, 290.900726318, 187.058029175, 141.386810303, 65.6588592529, 50.4212837219, 56.9891586304], [1101.65905762, -314.713897705, 176.842224121, 225.525802612, 6.35718584061, 163.379226685, 125.428886414, 187.058029175, 173.407089233, 112.247703552, 48.0421485901, 36.1827087402, 41.6039199829], [1058.44848633, -300.18069458, 160.158676147, 216.745452881, 9.39502811432, 150.998336792, 109.496963501, 141.386810303, 112.247703552, 141.542999268, 60.7867088318, 37.6974868774, 47.2922134399], [480.61227417, -138.120483398, 85.9105529785, 98.6061172485, 0.339485734701, 66.9208068848, 47.2284202576, 65.6588592529, 48.0421485901, 60.7867088318, 71.8174209595, 44.0476646423, 32.3224372864], [398.164276123, -113.082977295, 60.465171814, 65.0028457642, -11.3875875473, 43.9877052307, 35.9835548401, 50.4212837219, 36.1827087402, 37.6974868774, 44.0476646423, 79.4905319214, 44.4482192993], [599.629516602, -110.362892151, 71.2451400757, 126.960609436, 8.45785140991, 66.1327590942, 43.2443161011, 56.9891586304, 41.6039199829, 47.2922134399, 32.3224372864, 44.4482192993, 84.0783996582]],
