{
"lowlevel": {
    "average_loudness": 0.725605249405,
    "barkbands_crest": {
        "dmean": 2.2507994175,
        "dmean2": 3.4074985981,
        "dvar": 3.98425865173,
        "dvar2": 8.92383384705,
        "max": 25.469997406,
        "mean": 12.8539915085,
        "median": 12.0441226959,
        "min": 3.83905029297,
        "var": 21.2148189545
    },
    "barkbands_flatness_db": {
        "dmean": 0.0174848046154,
        "dmean2": 0.0252274554223,
        "dvar": 0.000273862155154,
        "dvar2": 0.000517557549756,
        "max": 0.414614021778,
        "mean": 0.2191529423,
        "median": 0.21257288754,
        "min": 0.0363773368299,
        "var": 0.00339222839102
    },
    "barkbands_kurtosis": {
        "dmean": 3.75779056549,
        "dmean2": 5.73032331467,
        "dvar": 38.0793113708,
        "dvar2": 80.2558670044,
        "max": 116.572883606,
        "mean": 10.3677272797,
        "median": 5.55514717102,
        "min": -1.66148877144,
        "var": 197.539703369
    },
    "barkbands_skewness": {
        "dmean": 0.47897824645,
        "dmean2": 0.706979751587,
        "dvar": 0.251605987549,
        "dvar2": 0.507127344608,
        "max": 9.39867401123,
        "mean": 1.94736099243,
        "median": 1.66929721832,
        "min": -1.76888072491,
        "var": 2.18411445618
    },
    "barkbands_spread": {
        "dmean": 1.95498216152,
        "dmean2": 2.66013884544,
        "dvar": 17.0528793335,
        "dvar2": 20.0481433868,
        "max": 85.8554229736,
        "mean": 8.01504707336,
        "median": 5.81352901459,
        "min": 0.672094225883,
        "var": 83.2002029419
    },
    "dissonance": {
        "dmean": 0.0342319346964,
        "dmean2": 0.0576821230352,
        "dvar": 0.000841771485284,
        "dvar2": 0.00233572116122,
        "max": 0.49855914712,
        "mean": 0.405688375235,
        "median": 0.409311681986,
        "min": 0.201937407255,
        "var": 0.00189763307571
    },
    "dynamic_complexity": 7.26727962494,
    "erbbands_crest": {
        "dmean": 2.48503923416,
        "dmean2": 3.81154608727,
        "dvar": 5.60293579102,
        "dvar2": 12.7946386337,
        "max": 30.9817066193,
        "mean": 12.3661909103,
        "median": 11.3043556213,
        "min": 2.69664764404,
        "var": 24.3264751434
    },
    "erbbands_flatness_db": {
        "dmean": 0.0154891116545,
        "dmean2": 0.0222335662693,
        "dvar": 0.000245927018113,
        "dvar2": 0.000411425251514,
        "max": 0.349781215191,
        "mean": 0.224623888731,
        "median": 0.228668928146,
        "min": 0.0588708333671,
        "var": 0.0024241139181
    },
    "erbbands_kurtosis": {
        "dmean": 1.54795134068,
        "dmean2": 2.36950397491,
        "dvar": 4.47179079056,
        "dvar2": 9.88972377777,
        "max": 33.4723014832,
        "mean": 2.84475159645,
        "median": 2.01659011841,
        "min": -1.70325779915,
        "var": 13.1593542099
    },
    "erbbands_skewness": {
        "dmean": 0.347144007683,
        "dmean2": 0.519224524498,
        "dvar": 0.104804292321,
        "dvar2": 0.215425387025,
        "max": 4.92139053345,
        "mean": 1.15017402172,
        "median": 1.09097731113,
        "min": -1.44457066059,
        "var": 0.64653211832
    },
    "erbbands_spread": {
        "dmean": 4.43790912628,
        "dmean2": 6.41939544678,
        "dvar": 39.1858177185,
        "dvar2": 65.4651107788,
        "max": 133.103439331,
        "mean": 20.9032402039,
        "median": 16.9411239624,
        "min": 3.00007653236,
        "var": 233.054763794
    },
    "hfc": {
        "dmean": 2.43878626823,
        "dmean2": 3.46309781075,
        "dvar": 17.1801147461,
        "dvar2": 35.1764678955,
        "max": 101.582580566,
        "mean": 11.5440196991,
        "median": 3.08448243141,
        "min": 1.26758229094e-16,
        "var": 251.552108765
    },
    "melbands_crest": {
        "dmean": 2.65951681137,
        "dmean2": 4.13699579239,
        "dvar": 5.83098077774,
        "dvar2": 13.4512252808,
        "max": 29.282661438,
        "mean": 15.1834897995,
        "median": 15.0126314163,
        "min": 2.5099003315,
        "var": 25.4841976166
    },
    "melbands_flatness_db": {
        "dmean": 0.0196045562625,
        "dmean2": 0.0275095105171,
        "dvar": 0.000369889516151,
        "dvar2": 0.000621600949671,
        "max": 0.559750497341,
        "mean": 0.304074794054,
        "median": 0.283305615187,
        "min": 0.00771924573928,
        "var": 0.00774534838274
    },
    "melbands_kurtosis": {
        "dmean": 5.37408924103,
        "dmean2": 8.25131893158,
        "dvar": 96.5208892822,
        "dvar2": 220.612869263,
        "max": 218.023178101,
        "mean": 14.7171821594,
        "median": 7.32385540009,
        "min": -1.17715144157,
        "var": 425.669281006
    },
    "melbands_skewness": {
        "dmean": 0.515194892883,
        "dmean2": 0.763476908207,
        "dvar": 0.295612454414,
        "dvar2": 0.627381145954,
        "max": 11.4409513474,
        "mean": 2.13855433464,
        "median": 1.81193578243,
        "min": -1.14198613167,
        "var": 2.69590401649
    },
    "melbands_spread": {
        "dmean": 2.3132557869,
        "dmean2": 3.18088841438,
        "dvar": 23.7701931,
        "dvar2": 28.4382343292,
        "max": 128.991378784,
        "mean": 9.67127513885,
        "median": 7.95723581314,
        "min": 0.824062108994,
        "var": 78.5580673218
    },
    "pitch_salience": {
        "dmean": 0.0557574927807,
        "dmean2": 0.0841121077538,
        "dvar": 0.00232549780048,
        "dvar2": 0.00538814580068,
        "max": 0.792934060097,
        "mean": 0.511906266212,
        "median": 0.514141738415,
        "min": 0.153478831053,
        "var": 0.0122089702636
    },
    "silence_rate_20dB": {
        "dmean": 0,
        "dmean2": 0,
        "dvar": 0,
        "dvar2": 0,
        "max": 1,
        "mean": 1,
        "median": 1,
        "min": 1,
        "var": 0
    },
    "silence_rate_30dB": {
        "dmean": 0,
        "dmean2": 0,
        "dvar": 0,
        "dvar2": 0,
        "max": 1,
        "mean": 1,
        "median": 1,
        "min": 1,
        "var": 0
    },
    "silence_rate_60dB": {
        "dmean": 0.0526315793395,
        "dmean2": 0.105344690382,
        "dvar": 0.0498610511422,
        "dvar2": 0.106641195714,
        "max": 1,
        "mean": 0.290796607733,
        "median": 0,
        "min": 0,
        "var": 0.206235289574
    },
    "spectral_centroid": {
        "dmean": 89.7419662476,
        "dmean2": 119.5233078,
        "dvar": 96463.34375,
        "dvar2": 97504.40625,
        "max": 10948.1738281,
        "mean": 634.890380859,
        "median": 596.641113281,
        "min": 184.612136841,
        "var": 185239.390625
    },
    "spectral_complexity": {
        "dmean": 1.29411768913,
        "dmean2": 2.13477921486,
        "dvar": 1.92897570133,
        "dvar2": 4.72386837006,
        "max": 25,
        "mean": 8.95901012421,
        "median": 7,
        "min": 0,
        "var": 34.0731697083
    },
    "spectral_decrease": {
        "dmean": 9.50217238227e-10,
        "dmean2": 1.42170097917e-09,
        "dvar": 1.98134468727e-18,
        "dvar2": 4.35615230857e-18,
        "max": 2.82057495922e-29,
        "mean": -4.26709956258e-09,
        "median": -1.83115222985e-09,
        "min": -2.88361867717e-08,
        "var": 2.36060306902e-17
    },
    "spectral_energy": {
        "dmean": 0.00377735449001,
        "dmean2": 0.00564624648541,
        "dvar": 3.16773330269e-05,
        "dvar2": 6.93311885698e-05,
        "max": 0.118048250675,
        "mean": 0.017152082175,
        "median": 0.00728640751913,
        "min": 1.13908861112e-20,
        "var": 0.000388674641727
    },
    "spectral_energyband_high": {
        "dmean": 3.304184429e-05,
        "dmean2": 4.20092692366e-05,
        "dvar": 1.90083966345e-08,
        "dvar2": 2.91391426543e-08,
        "max": 0.00342497415841,
        "mean": 8.0953395809e-05,
        "median": 1.59356495715e-05,
        "min": 8.36826879433e-21,
        "var": 6.7645807178e-08
    },
    "spectral_energyband_low": {
        "dmean": 0.000447704544058,
        "dmean2": 0.000709491374437,
        "dvar": 2.72658894573e-06,
        "dvar2": 7.67597612139e-06,
        "max": 0.0401666238904,
        "mean": 0.00122637650929,
        "median": 0.000615136639681,
        "min": 8.54415751316e-23,
        "var": 6.30982049188e-06
    },
    "spectral_energyband_middle_high": {
        "dmean": 0.00137896300294,
        "dmean2": 0.00196212809533,
        "dvar": 1.10263081297e-05,
        "dvar2": 2.28145327128e-05,
        "max": 0.0997566431761,
        "mean": 0.00507380533963,
        "median": 0.000581893255003,
        "min": 1.69232752275e-21,
        "var": 0.000119011543575
    },
    "spectral_energyband_middle_low": {
        "dmean": 0.00311321252957,
        "dmean2": 0.00467915460467,
        "dvar": 2.23294500756e-05,
        "dvar2": 4.7742127208e-05,
        "max": 0.0626973211765,
        "mean": 0.011051828973,
        "median": 0.00490288576111,
        "min": 3.37838480038e-22,
        "var": 0.000168007449247
    },
    "spectral_entropy": {
        "dmean": 0.162855759263,
        "dmean2": 0.225672483444,
        "dvar": 0.0325890518725,
        "dvar2": 0.0482123754919,
        "max": 9.81210327148,
        "mean": 6.58968114853,
        "median": 6.55835390091,
        "min": 5.28715229034,
        "var": 0.28237387538
    },
    "spectral_flux": {
        "dmean": 0.0118920328096,
        "dmean2": 0.0197684299201,
        "dvar": 0.000218017667066,
        "dvar2": 0.000538931693882,
        "max": 0.209871396422,
        "mean": 0.043959852308,
        "median": 0.0316062904894,
        "min": 1.06728091642e-10,
        "var": 0.00121029606089
    },
    "spectral_kurtosis": {
        "dmean": 4.41166734695,
        "dmean2": 7.36462783813,
        "dvar": 21.6971740723,
        "dvar2": 60.643409729,
        "max": 62.6144943237,
        "mean": 14.2750329971,
        "median": 12.9781589508,
        "min": -1.19970321655,
        "var": 75.5558624268
    },
    "spectral_rms": {
        "dmean": 0.000403911515605,
        "dmean2": 0.000586393405683,
        "dvar": 2.19149995928e-07,
        "dvar2": 4.48529476671e-07,
        "max": 0.0107316831127,
        "mean": 0.00344822090119,
        "median": 0.00266621261835,
        "min": 3.3336256932e-12,
        "var": 4.84350994157e-06
    },
    "spectral_rolloff": {
        "dmean": 199.465057373,
        "dmean2": 314.206878662,
        "dvar": 824342.8125,
        "dvar2": 1175456.625,
        "max": 18453.9550781,
        "mean": 865.694519043,
        "median": 667.529296875,
        "min": 86.1328125,
        "var": 1644082.875
    },
    "spectral_skewness": {
        "dmean": 0.372698426247,
        "dmean2": 0.596055209637,
        "dvar": 0.11445363611,
        "dvar2": 0.280717551708,
        "max": 6.65880632401,
        "mean": 2.88820934296,
        "median": 2.88678407669,
        "min": 0.0286053996533,
        "var": 0.71967369318
    },
    "spectral_spread": {
        "dmean": 436942.875,
        "dmean2": 586767.9375,
        "dvar": 1.2141583401e+12,
        "dvar2": 1.12890504806e+12,
        "max": 40595848,
        "mean": 3279297.75,
        "median": 2758861.5,
        "min": 1170747.625,
        "var": 4.22083769139e+12
    },
    "spectral_strongpeak": {
        "dmean": 0.379255205393,
        "dmean2": 0.600398898125,
        "dvar": 0.316666781902,
        "dvar2": 0.744451403618,
        "max": 9.48036575317,
        "mean": 1.24581098557,
        "median": 0.697587609291,
        "min": 0,
        "var": 2.17726802826
    },
    "zerocrossingrate": {
        "dmean": 0.00545121403411,
        "dmean2": 0.00579923810437,
        "dvar": 0.000337957957527,
        "dvar2": 0.000269096286502,
        "max": 0.51220703125,
        "mean": 0.033172160387,
        "median": 0.02978515625,
        "min": 0.0029296875,
        "var": 0.00108879280742
    },
    "barkbands": {
        "dmean": [1.19176465887e-05, 0.000311495765345, 0.000159243922099, 8.91664967639e-05, 0.000884399050847, 0.000876429548953, 0.00105735240504, 0.00115670391824, 0.000856787140947, 0.00085526984185, 0.000382690952392, 0.000462799100205, 0.000186528035556, 0.000207341727219, 0.00011146030738, 3.55008960469e-05, 1.70591083588e-05, 2.49779623118e-05, 1.37233282658e-05, 1.36725193443e-05, 4.31437456427e-06, 6.71628731652e-06, 1.03631082311e-05, 6.69996870784e-06, 4.85475766254e-06, 1.92731431525e-06, 1.64200955055e-07],
        "dmean2": [2.00257672986e-05, 0.00049181614304, 0.000259144959273, 0.000145329875522, 0.00131781050004, 0.00130032096058, 0.00175061228219, 0.00172043894418, 0.00125652109273, 0.00131443142891, 0.000615139608271, 0.000686074898113, 0.000268133124337, 0.000313249096507, 0.000176207569893, 5.70611700823e-05, 2.60125998466e-05, 3.99824166379e-05, 2.17405013245e-05, 2.04058160307e-05, 6.62093361825e-06, 1.00708966784e-05, 1.386654003e-05, 8.91531817615e-06, 5.97873076913e-06, 2.5764172733e-06, 2.29721194955e-07],
        "dvar": [7.6392686621e-10, 2.03813624466e-06, 1.34403364882e-07, 1.91565892038e-08, 2.70339069175e-06, 3.74441583517e-06, 6.65319112159e-06, 7.2228267527e-06, 5.10336440129e-06, 7.50958179196e-06, 2.35094444179e-06, 1.91679077943e-06, 1.89624245195e-07, 2.77701815321e-07, 2.05035490808e-07, 1.16596723387e-08, 2.71679834185e-09, 3.26588556199e-09, 3.72401398607e-09, 3.91757692952e-09, 1.52055118496e-10, 1.98209670899e-09, 2.56609022919e-09, 6.50767550958e-10, 5.05537889328e-10, 1.44600692531e-10, 1.17823199114e-12],
        "dvar2": [2.0708037507e-09, 5.55141787117e-06, 4.10757024838e-07, 5.00772650014e-08, 5.45398916074e-06, 8.05435138318e-06, 1.91565140994e-05, 1.52976044774e-05, 1.00284005384e-05, 1.73657190317e-05, 6.51865730106e-06, 3.39428515872e-06, 3.81059237498e-07, 5.89477167523e-07, 5.08008213274e-07, 2.77069425181e-08, 4.42552483548e-09, 8.78738593002e-09, 9.53560874706e-09, 8.27475332699e-09, 3.21479287635e-10, 4.18114387557e-09, 4.75872807826e-09, 1.00206409837e-09, 6.14847284197e-10, 2.87654261522e-10, 2.15430125995e-12],
        "max": [0.000820900488179, 0.0348548218608, 0.00797792244703, 0.00400111731142, 0.0340028814971, 0.0410949513316, 0.0381281897426, 0.0465643890202, 0.0407418273389, 0.0819003582001, 0.0281429700553, 0.0339482724667, 0.00801272969693, 0.0103720258921, 0.00995571445674, 0.00227817217819, 0.00163448322564, 0.00100360263605, 0.00171725603286, 0.0014325149823, 0.000215655221837, 0.00119153829291, 0.00128167960793, 0.000634056923445, 0.000612990814261, 0.000317723141052, 3.48358007614e-05],
        "mean": [4.06067592849e-05, 0.000698430405464, 0.000334164709784, 0.000227933953283, 0.0019088848494, 0.0022011322435, 0.00208772113547, 0.00226295087487, 0.00213039456867, 0.00220231758431, 0.000638963480014, 0.00115705130156, 0.000403119629482, 0.000385445891879, 0.000192313513253, 6.912961544e-05, 3.90064706153e-05, 5.18729866599e-05, 2.64164573309e-05, 2.56467646977e-05, 8.26189352665e-06, 1.08918211481e-05, 2.07690554817e-05, 1.43796523844e-05, 1.06514216895e-05, 3.3757789879e-06, 2.71264639196e-07],
        "median": [2.69922429652e-06, 0.000152093649376, 0.000146241261973, 0.000118046933494, 0.000690546177793, 0.000798005843535, 0.000188848964171, 0.000149375249748, 0.000148934588651, 4.51309388154e-05, 2.12108298001e-05, 6.40986472717e-05, 4.54860928585e-05, 4.05126738769e-05, 1.87081241165e-05, 1.34056808747e-05, 8.34542515804e-06, 7.6004530456e-06, 4.87323814014e-06, 2.922880185e-06, 2.55213058153e-06, 7.11767881967e-07, 2.79563482763e-06, 2.34478079619e-06, 9.24277628656e-07, 2.18585782363e-07, 9.31139538807e-08],
        "min": [5.21543791232e-24, 3.69744470531e-23, 2.42940554712e-23, 2.88180134127e-23, 1.20768956345e-23, 2.5600240314e-23, 5.57108591179e-23, 9.29495935069e-23, 5.22025674804e-23, 1.13816232938e-22, 1.87014270302e-22, 2.007212902e-22, 8.66483619226e-23, 7.37581222958e-23, 1.63237018121e-22, 8.31700974867e-23, 2.3489102119e-22, 2.2157504911e-22, 2.01383403245e-22, 3.50813992373e-22, 3.54147579719e-22, 5.27257614898e-22, 6.40826877575e-22, 8.6484297787e-22, 1.30690134308e-21, 1.83398422214e-21, 2.91437257501e-21],
        "var": [1.08527888898e-08, 3.83526321457e-06, 3.79360528768e-07, 1.13746985164e-07, 1.01636342151e-05, 1.37278138936e-05, 2.10621419683e-05, 2.13166968024e-05, 2.73111654678e-05, 4.62219977635e-05, 5.36702100362e-06, 1.09408892968e-05, 6.25146469702e-07, 7.86170517131e-07, 3.57228884695e-07, 3.49447937253e-08, 1.39712978964e-08, 1.00621706522e-08, 4.46255521425e-09, 5.66232882804e-09, 3.2909136527e-10, 4.63972593678e-09, 7.41923988912e-09, 2.06419148441e-09, 2.45423326106e-09, 3.17967374652e-10, 2.5530864315e-12]
    },
    "erbbands": {
        "dmean": [0.00698491372168, 0.077896758914, 0.184845238924, 0.259205400944, 1.00520336628, 3.69660305977, 4.80346870422, 9.42679786682, 17.8771324158, 9.91485214233, 27.2840709686, 17.9719657898, 25.3722572327, 19.2662010193, 16.9627056122, 15.7684440613, 9.10523700714, 7.7657957077, 9.49042224884, 2.66355872154, 1.81307685375, 0.844593465328, 1.20509243011, 0.874360859394, 0.635511100292, 0.680005609989, 0.252374351025, 0.156310260296, 0.221187531948, 0.221532836556, 0.322450250387, 0.181220620871, 0.106692425907, 0.0635600984097, 0.0362642593682, 0.0116089535877, 0.00257392483763, 0.000621667539235, 1.53814580699e-05, 4.5527453949e-06],
        "dmean2": [0.00996669474989, 0.124343201518, 0.290712207556, 0.418374329805, 1.46289372444, 5.51098823547, 7.43334627151, 14.0039920807, 29.7479152679, 15.1163482666, 40.3977012634, 25.9087409973, 38.935344696, 28.8287143707, 26.4913978577, 23.2291259766, 13.514169693, 11.5618982315, 14.4743490219, 4.36635828018, 2.84540343285, 1.3057012558, 1.87479972839, 1.31986927986, 1.01306080818, 1.03160130978, 0.386335104704, 0.236887693405, 0.318237513304, 0.315009891987, 0.432639539242, 0.248570591211, 0.138737633824, 0.0830492675304, 0.048859026283, 0.015871675685, 0.00367170525715, 0.000880582607351, 2.22219478019e-05, 6.73873910273e-06],
        "dvar": [0.000726712401956, 0.134529605508, 0.308005899191, 0.164047092199, 6.51550769806, 58.7709541321, 99.888092041, 447.021636963, 1852.97827148, 579.315612793, 3741.89599609, 2910.11206055, 5684.81591797, 3508.13085938, 3033.89599609, 2275.90893555, 418.436187744, 467.271179199, 924.085449219, 60.9240150452, 39.5315628052, 4.04524898529, 7.66040945053, 3.3499007225, 24.034116745, 9.32121753693, 0.523284733295, 0.513121545315, 1.91065943241, 2.63799452782, 2.29209280014, 0.51277756691, 0.142417266965, 0.0823595002294, 0.0297374110669, 0.0035325596109, 0.000445388141088, 2.57355823123e-05, 1.19272316468e-08, 4.51632030385e-11],
        "dvar2": [0.00158200110309, 0.378249973059, 0.932249546051, 0.455727815628, 12.6775913239, 120.520309448, 247.837799072, 939.790283203, 5558.61865234, 1189.16625977, 8183.27734375, 5097.00634766, 13767.2177734, 6382.65380859, 8657.40234375, 4500.17871094, 933.883605957, 936.488647461, 2060.03393555, 166.746414185, 94.4795608521, 8.20667552948, 20.5893554688, 7.53208875656, 64.0006027222, 20.9270324707, 1.05238389969, 1.24188387394, 3.7158331871, 5.29110097885, 3.99129152298, 0.903752624989, 0.176671370864, 0.124851219356, 0.0537091754377, 0.00634844880551, 0.00100583233871, 4.64208533231e-05, 1.92145925837e-08, 9.73374644775e-11],
        "max": [0.872267603874, 8.58517169952, 13.5966920853, 10.3532485962, 40.0591163635, 176.867935181, 191.957214355, 462.497589111, 643.920776367, 585.961669922, 807.06854248, 1295.65917969, 1687.95751953, 1686.03942871, 1316.7208252, 1136.0255127, 294.761535645, 581.722412109, 668.305786133, 139.500534058, 148.938201904, 53.0850257874, 43.8436164856, 34.6665000916, 141.802932739, 78.4252853394, 14.0014419556, 13.1491117477, 39.632358551, 40.4216117859, 40.5442276001, 18.8857212067, 9.83248329163, 7.2975358963, 4.49395799637, 1.33733761311, 0.601918518543, 0.115120589733, 0.00289924070239, 0.000138964998769],
        "mean": [0.0150040993467, 0.17202629149, 0.406587451696, 0.706217944622, 2.01221394539, 7.70287513733, 9.92918205261, 23.5270271301, 35.2517662048, 24.3877334595, 53.4235496521, 45.6923179626, 69.1961517334, 48.7215042114, 34.5348358154, 40.8752365112, 23.8734416962, 16.3499011993, 18.9179801941, 5.15288305283, 3.62139463425, 2.17347455025, 2.64616703987, 2.12933135033, 1.20565891266, 1.24914848804, 0.559676885605, 0.276125878096, 0.372964590788, 0.37730011344, 0.666581451893, 0.376049220562, 0.230231359601, 0.12762235105, 0.0711391568184, 0.0216381493956, 0.00459215743467, 0.00106601661537, 3.42861421814e-05, 2.06825043279e-05],
        "median": [0.00251260306686, 0.0425447411835, 0.181080698967, 0.366243422031, 0.696357607841, 2.20693993568, 2.980946064, 9.6222038269, 6.38981962204, 3.40053844452, 4.31543111801, 4.99710464478, 4.52603340149, 2.06266212463, 3.40668725967, 3.01692461967, 1.841817379, 2.75448346138, 1.17319262028, 0.84913122654, 0.870210587978, 0.50278544426, 0.478147149086, 0.378204375505, 0.198178827763, 0.13516408205, 0.170911312103, 0.048554584384, 0.0292552039027, 0.0337905958295, 0.0885809659958, 0.0595145449042, 0.0340225100517, 0.0132955554873, 0.00560061493888, 0.00162463251036, 0.000276424689218, 0.000178242495167, 8.55553116708e-06, 8.80485549715e-06],
        "min": [1.56760964862e-21, 6.74275630088e-21, 1.75314500794e-20, 8.34942151638e-20, 3.60471416901e-20, 5.13238525161e-20, 9.10801076158e-20, 2.60329998039e-19, 3.13384948938e-19, 2.51449154338e-18, 1.07195814166e-18, 1.23281643987e-18, 4.16396806018e-18, 5.85405314799e-18, 4.60711352974e-18, 8.79130119281e-18, 4.24706083425e-18, 4.03955678733e-18, 8.98470181029e-18, 5.6283722207e-18, 5.49393014215e-18, 1.31223758667e-17, 1.23946041659e-17, 9.30628150831e-18, 1.34393771201e-17, 1.6903698861e-17, 1.40338867156e-17, 1.74117895891e-17, 1.61190932345e-17, 1.61631339847e-17, 1.82504415424e-17, 1.56082876996e-17, 1.85892100536e-17, 1.55452002886e-17, 8.53149451576e-18, 7.34508756115e-18, 3.25534138336e-18, 1.81263189556e-18, 3.79887478453e-19, 3.54282393397e-20],
        "var": [0.00181557517499, 0.239903613925, 0.852317273617, 0.93467772007, 16.2894058228, 230.324005127, 313.538238525, 1563.85095215, 5268.734375, 3111.48681641, 10599.7861328, 14785.4433594, 30675.3964844, 19435.3066406, 9518.23632812, 12951.9951172, 2033.13452148, 1629.77062988, 2303.88061523, 138.230636597, 115.31980896, 29.2152938843, 23.4733409882, 15.1149082184, 19.5723838806, 12.5188179016, 1.38726484776, 0.943735420704, 4.89084768295, 6.14622306824, 7.37706327438, 1.35685515404, 0.575078248978, 0.331888020039, 0.110730350018, 0.010104758665, 0.000739698240068, 4.98870649608e-05, 2.66124402515e-08, 5.41353961658e-10]
    },
    "gfcc": {
        "mean": [-119.717193604, 134.078918457, -107.686607361, -3.93947196007, -61.3638954163, 3.07190108299, -40.472869873, 1.00830554962, -21.3630981445, -1.46595752239, -4.28262138367, -4.96034288406, -9.48843288422],
        "cov": [[13827.2402344, -1083.12988281, -3219.86230469, -1328.30407715, -1824.36804199, 308.28793335, -856.097717285, 480.658416748, -374.968841553, -235.361068726, 441.194763184, -506.267089844, 17.7824707031], [-1083.12988281, 1090.76623535, 363.854522705, 92.3380126953, 531.775878906, -186.057052612, 284.176727295, -136.145141602, 99.9070358276, -57.7570457458, 21.440404892, -31.0378055573, 20.8727321625], [-3219.86230469, 363.854522705, 1502.31628418, 683.726806641, 625.886291504, -1.91381001472, 297.377960205, -107.239402771, 161.791488647, 171.283966064, -161.68888855, 169.467849731, -31.1256732941], [-1328.30407715, 92.3380126953, 683.726806641, 592.427246094, 315.497344971, 52.6309204102, 159.589813232, -61.1416473389, 111.990219116, 121.701721191, -117.111747742, 94.3833847046, -0.271287798882], [-1824.36804199, 531.775878906, 625.886291504, 315.497344971, 616.824157715, -70.5071640015, 272.392669678, -59.6726837158, 94.9748840332, 68.3356628418, -58.9428939819, 76.7165145874, -8.05830478668], [308.28793335, -186.057052612, -1.91381001472, 52.6309204102, -70.5071640015, 218.327972412, 58.9825363159, 33.1493148804, -6.65254640579, 41.6969909668, 5.59204769135, 12.5646476746, -31.0153217316], [-856.097717285, 284.176727295, 297.377960205, 159.589813232, 272.392669678, 58.9825363159, 397.99105835, -5.37062263489, 54.3427047729, 57.9583969116, 0.51298636198, 66.5791320801, -28.7162284851], [480.658416748, -136.145141602, -107.239402771, -61.1416473389, -59.6726837158, 33.1493148804, -5.37062263489, 150.878387451, 7.64396286011, 1.48490202427, 32.9702682495, -8.68296051025, 2.75978922844], [-374.968841553, 99.9070358276, 161.791488647, 111.990219116, 94.9748840332, -6.65254640579, 54.3427047729, 7.64396286011, 99.9929504395, 54.2046852112, -8.9492816925, 26.7361831665, 4.05604028702], [-235.361068726, -57.7570457458, 171.283966064, 121.701721191, 68.3356628418, 41.6969909668, 57.9583969116, 1.48490202427, 54.2046852112, 168.311477661, 8.53727626801, 67.0587310791, -16.7606925964], [441.194763184, 21.440404892, -161.68888855, -117.111747742, -58.9428939819, 5.59204769135, 0.51298636198, 32.9702682495, -8.9492816925, 8.53727626801, 128.539642334, -11.792224884, 2.11494636536], [-506.267089844, -31.0378055573, 169.467849731, 94.3833847046, 76.7165145874, 12.5646476746, 66.5791320801, -8.68296051025, 26.7361831665, 67.0587310791, -11.792224884, 132.323181152, 23.2785491943], [17.7824707031, 20.8727321625, -31.1256732941, -0.271287798882, -8.05830478668, -31.0153217316, -28.7162284851, 2.75978922844, 4.05604028702, -16.7606925964, 2.11494636536, 23.2785491943, 83.8918380737]],
        "icov": [[0.000229214652791, -0.000404544844059, 0.000378701806767, -0.000294732133625, 0.000523167371284, -0.000283250701614, 0.000259686959907, -0.000684377795551, 0.000578365521505, -0.000454848806839, -1.57850104188e-06, 0.0001534827461, 8.71726369951e-05], [-0.000404544844059, 0.00454785255715, -0.000777326582465, 0.00161781418137, -0.00371321709827, 0.00177795055788, -0.00216860487126, 0.0043577356264, -0.0043755765073, 0.00281229498796, -0.00201451103203, 0.00230520986952, -0.00172943121288], [0.000378701806767, -0.000777326582465, 0.00258523668163, -0.00188424868975, -7.50404506107e-05, -0.000361225480447, 0.00053795077838, -0.000989024410956, 0.000647603883408, -0.000871730677318, 0.00060926110018, -0.000793737417553, 0.00114155223127], [-0.000294732133625, 0.00161781418137, -0.00188424868975, 0.00550889829174, -0.00208290107548, -0.000872782780789, -0.000784973381087, 0.00253508496098, -0.00365096121095, -6.81555829942e-05, 0.00168929051142, 0.000864810892381, -0.002015826758], [0.000523167371284, -0.00371321709827, -7.50404506107e-05, -0.00208290107548, 0.00741472840309, 0.000416045368183, -0.00030874327058, -0.00362855102867, 0.00328088505194, -0.00243485346437, 0.00139957375359, -0.00124568468891, 0.00132341263816], [-0.000283250701614, 0.00177795055788, -0.000361225480447, -0.000872782780789, 0.000416045368183, 0.00765446154401, -0.00266127265058, 0.000466652418254, -3.49238798663e-05, 4.28821767855e-05, -0.000806068943348, 0.000502151495311, 0.00131562876049], [0.000259686959907, -0.00216860487126, 0.00053795077838, -0.000784973381087, -0.00030874327058, -0.00266127265058, 0.00559748150408, -0.00226674973965, 0.00134154944681, -0.000704790232703, -0.00015773063933, -0.00248307408765, 0.00214592856355], [-0.000684377795551, 0.0043577356264, -0.000989024410956, 0.00253508496098, -0.00362855102867, 0.000466652418254, -0.00226674973965, 0.0124812740833, -0.0067218397744, 0.00310615287162, -0.00266207195818, 0.00180592853576, -0.00214887340553], [0.000578365521505, -0.0043755765073, 0.000647603883408, -0.00365096121095, 0.00328088505194, -3.49238798663e-05, 0.00134154944681, -0.0067218397744, 0.0201904959977, -0.00677357008681, 0.00126007106155, -0.000584342749789, -2.19700887101e-05], [-0.000454848806839, 0.00281229498796, -0.000871730677318, -6.81555829942e-05, -0.00243485346437, 4.28821767855e-05, -0.000704790232703, 0.00310615287162, -0.00677357008681, 0.0124638965353, -0.00365325505845, -0.00365120987408, 0.0024344807025], [-1.57850104188e-06, -0.00201451103203, 0.00060926110018, 0.00168929051142, 0.00139957375359, -0.000806068943348, -0.00015773063933, -0.00266207195818, 0.00126007106155, -0.00365325505845, 0.012071236968, -0.000562336645089, -0.000336006720318], [0.0001534827461, 0.00230520986952, -0.000793737417553, 0.000864810892381, -0.00124568468891, 0.000502151495311, -0.00248307408765, 0.00180592853576, -0.000584342749789, -0.00365120987408, -0.000562336645089, 0.0141642047092, -0.00635852152482], [8.71726369951e-05, -0.00172943121288, 0.00114155223127, -0.002015826758, 0.00132341263816, 0.00131562876049, 0.00214592856355, -0.00214887340553, -2.19700887101e-05, 0.0024344807025, -0.000336006720318, -0.00635852152482, 0.0164280049503]]
    },
    "melbands": {
        "dmean": [7.45172728784e-05, 9.94751826511e-05, 5.02633702126e-05, 0.000171478750417, 0.00017011971795, 0.000201477465453, 0.000252911791904, 0.000135402369779, 0.0002064700966, 0.000118852665764, 0.000132985165692, 9.08577640075e-05, 6.24061794952e-05, 4.90268612339e-05, 3.66813437722e-05, 1.59504415933e-05, 1.47577220559e-05, 1.82467538252e-05, 5.01462909597e-06, 2.73918521998e-06, 2.06733238883e-06, 8.96498875136e-07, 9.73136252469e-07, 1.4992214119e-06, 6.93200149726e-07, 5.80876360345e-07, 5.06223898356e-07, 4.5398209636e-07, 2.14692093436e-07, 6.8030708178e-08, 1.10838747958e-07, 1.24448249039e-07, 1.57277241897e-07, 1.17395693167e-07, 1.92949698885e-07, 1.99046496618e-07, 8.75019381397e-08, 8.12594436184e-08, 7.70810828499e-08, 5.02216117582e-08],
        "dmean2": [0.000114461137855, 0.000156050606165, 7.90094272816e-05, 0.00025221821852, 0.000264112459263, 0.000298964121612, 0.000421431701398, 0.000202969356906, 0.000304479210172, 0.000172188447323, 0.000204420735827, 0.000136219372507, 9.75338698481e-05, 7.23903576727e-05, 5.56051563763e-05, 2.3041951863e-05, 2.23249626288e-05, 2.76266746368e-05, 7.9857345554e-06, 4.5732513172e-06, 3.1873739772e-06, 1.3933027958e-06, 1.44707280469e-06, 2.43706926994e-06, 1.07752896383e-06, 9.63326897363e-07, 7.73765293616e-07, 7.10989070285e-07, 3.3878959016e-07, 1.04128858425e-07, 1.70845012804e-07, 1.75101590116e-07, 2.40475685587e-07, 1.61517988317e-07, 2.59352731291e-07, 2.8107047001e-07, 1.21404312381e-07, 1.12294749499e-07, 1.01075912085e-07, 6.72515270139e-08],
        "dvar": [1.05581555943e-07, 1.36928832717e-07, 6.45653086551e-09, 1.45306060517e-07, 1.03194544465e-07, 1.85633666661e-07, 3.64418809795e-07, 1.12152825693e-07, 2.06093432098e-07, 1.19022040224e-07, 1.58697773145e-07, 8.0355974319e-08, 5.19479144145e-08, 2.86488770485e-08, 1.09175157803e-08, 1.15776943588e-09, 1.60315249964e-09, 2.97018099005e-09, 2.57619842126e-10, 6.85055762117e-11, 5.16814195606e-11, 4.32021692726e-12, 8.41815506192e-12, 1.49426079149e-11, 2.31433969211e-12, 1.42679756898e-11, 1.08134941973e-11, 3.54914405157e-12, 3.9066964724e-13, 4.84172807912e-14, 3.10434485193e-13, 6.03100956762e-13, 1.44952593765e-12, 6.97548139042e-13, 9.69951441214e-13, 5.00868552362e-13, 1.2317043544e-13, 7.76124160057e-14, 1.13068978009e-13, 5.33740566121e-14],
        "dvar2": [2.68932808467e-07, 4.04646641528e-07, 1.62662097125e-08, 2.92637736266e-07, 2.43612163331e-07, 3.90187921084e-07, 1.07928622128e-06, 2.29554856901e-07, 4.58570241335e-07, 2.14792891029e-07, 3.86349228165e-07, 1.49805188698e-07, 1.47903193692e-07, 4.37406377785e-08, 2.65436099767e-08, 2.51832066311e-09, 3.29585692072e-09, 6.43056985439e-09, 6.47390752118e-10, 1.83110915319e-10, 1.19298307344e-10, 9.54472959003e-12, 1.6529876426e-11, 4.17255847929e-11, 5.47586238506e-12, 4.01779130799e-11, 2.57490972988e-11, 8.29921981832e-12, 8.61297632607e-13, 1.02365368244e-13, 8.04365688639e-13, 1.18975055502e-12, 3.28351365195e-12, 1.40542839953e-12, 1.78590063744e-12, 9.13886479513e-13, 2.09188189774e-13, 1.24919646567e-13, 1.93414091709e-13, 8.93142845923e-14],
        "max": [0.00911935046315, 0.00908144004643, 0.00193367898464, 0.00638844491914, 0.00645984429866, 0.00950363464653, 0.00925195869058, 0.00677032023668, 0.00649546645582, 0.0081640612334, 0.00978597532958, 0.0074637462385, 0.00424150237814, 0.00520227057859, 0.00293745822273, 0.000622952007689, 0.00104308535811, 0.00122034689412, 0.000335618562531, 0.000140029296745, 0.000160265510203, 6.10040369793e-05, 8.46355032991e-05, 6.85721533955e-05, 2.63553556579e-05, 0.000101968296804, 9.53546841629e-05, 5.17572079843e-05, 1.19723199532e-05, 4.68704593004e-06, 1.1183411516e-05, 2.46916915785e-05, 3.31749979523e-05, 2.1694582756e-05, 3.05731700792e-05, 1.61350671988e-05, 9.520788808e-06, 7.29977091396e-06, 9.98664290819e-06, 5.21640140505e-06],
        "mean": [0.00017011827731, 0.000228774282732, 0.000127472318127, 0.000354845629772, 0.000363409693819, 0.000505656411406, 0.000507919059601, 0.000307390058879, 0.000409424683312, 0.000292719574645, 0.000362826191122, 0.000225677780691, 0.000112301961053, 0.000115633447422, 9.53266498982e-05, 3.5141936678e-05, 2.88809424092e-05, 3.54517287633e-05, 9.03913496586e-06, 4.92169874633e-06, 3.9430947254e-06, 2.01457555704e-06, 2.16403986997e-06, 2.97803308058e-06, 1.5643183815e-06, 1.03856064015e-06, 8.14284589978e-07, 8.11740790141e-07, 4.43278253215e-07, 1.25048174482e-07, 1.68535166267e-07, 2.03347966021e-07, 2.26020887339e-07, 1.93208350652e-07, 3.67123703882e-07, 3.97396945573e-07, 1.67502307136e-07, 1.58547436513e-07, 1.46540841683e-07, 9.39709963177e-08],
        "median": [3.30460206897e-05, 9.51949914452e-05, 7.22443655832e-05, 0.000104383783764, 0.000118150019262, 0.000205541058676, 9.21911632759e-05, 3.66365238733e-05, 3.15651923302e-05, 2.10653633985e-05, 1.73992593773e-05, 7.22723098079e-06, 7.72182011133e-06, 8.89072634891e-06, 2.19972434934e-06, 5.3806465985e-06, 3.86183091905e-06, 1.35070047236e-06, 1.39386327191e-06, 6.22982724963e-07, 8.6720319814e-07, 4.01086310831e-07, 3.98858162498e-07, 4.5027556439e-07, 2.59638625266e-07, 1.68966224123e-07, 9.3597023465e-08, 8.66719602755e-08, 1.16295765906e-07, 3.14877475205e-08, 1.73127379099e-08, 1.27229347058e-08, 1.34216984193e-08, 1.46088563469e-08, 4.13519671838e-08, 5.80825947338e-08, 2.38514203943e-08, 2.45144686772e-08, 1.46487746377e-08, 8.32689295294e-09],
        "min": [1.25660272611e-23, 9.21553935911e-24, 1.27933501527e-23, 2.51826962368e-24, 3.20538956024e-24, 5.39862127527e-24, 6.18629139495e-24, 2.79228803218e-23, 6.01109130436e-24, 8.76434089804e-24, 2.07064202039e-23, 2.1946752516e-23, 1.87183818599e-23, 2.03191668078e-23, 1.50354490398e-23, 9.85541599377e-24, 6.97412914758e-24, 1.34487484145e-23, 1.14341854115e-23, 5.37150181507e-24, 7.0377665568e-24, 1.37694992586e-23, 1.39962825693e-23, 8.46131891396e-24, 7.37524598522e-24, 7.51699245698e-24, 1.17313729803e-23, 1.11076427507e-23, 9.23594797959e-24, 7.59759589769e-24, 1.13963563756e-23, 9.27475362524e-24, 9.05252361963e-24, 8.90942898459e-24, 1.02903867972e-23, 1.09877627143e-23, 8.76600933885e-24, 1.23987713942e-23, 1.55445057151e-23, 1.21616697828e-23],
        "var": [2.21673658984e-07, 3.07578375214e-07, 2.63852761861e-08, 4.53396808098e-07, 3.92614936118e-07, 6.81584424456e-07, 1.05741310108e-06, 4.92807203045e-07, 6.09566313869e-07, 5.89605690493e-07, 8.92941272923e-07, 4.54826931673e-07, 1.31544524606e-07, 1.51064355691e-07, 7.30390254944e-08, 4.89874540932e-09, 5.21428766831e-09, 8.07540789793e-09, 4.67896443812e-10, 1.69369615555e-10, 1.7643503325e-10, 2.79120997149e-11, 3.66059994816e-11, 3.5325142117e-11, 9.12957470039e-12, 1.12129186144e-11, 1.06631786734e-11, 4.83541331975e-12, 1.05337776262e-12, 1.02390772456e-13, 4.89568238379e-13, 1.38764607444e-12, 2.73655967678e-12, 1.54889968039e-12, 2.92256236573e-12, 1.44436318374e-12, 3.00366041718e-13, 2.46638430165e-13, 3.86358940717e-13, 2.00961900658e-13]
    },
    "mfcc": {
        "mean": [-767.533813477, 172.289535522, 7.8950252533, -2.664457798, 0.276926547289, -7.7245593071, -3.13155984879, -4.58126401901, -13.5950775146, 4.24272823334, -4.99329805374, 3.48677515984, -5.95959949493],
        "cov": [[11715.1064453, -532.401367188, -2291.51147461, -1958.98583984, -1073.17211914, -1290.98010254, -247.650177002, -192.886306763, -1027.61730957, 617.972595215, -516.690002441, -141.034545898, 80.3004837036], [-532.401367188, 1328.78381348, -3.86420559883, 214.687789917, 178.881072998, 59.9395027161, 131.499588013, 39.5389823914, 66.3975067139, 9.0814704895, 21.3434505463, 58.8839988708, -57.3728637695], [-2291.51147461, -3.86420559883, 954.59362793, 485.360443115, 270.72064209, 405.339385986, 44.8699226379, 38.467880249, 251.592559814, -102.018516541, 183.319580078, 84.2160415649, -26.3251628876], [-1958.98583984, 214.687789917, 485.360443115, 612.304870605, 301.658355713, 317.29977417, 23.4230766296, 34.5984153748, 267.592895508, -118.474189758, 124.56022644, 65.3374938965, -0.230673447251], [-1073.17211914, 178.881072998, 270.72064209, 301.658355713, 327.950531006, 126.072998047, 3.34905719757, -3.17472457886, 129.179077148, -36.939201355, 22.1420307159, 60.8212928772, -0.426554948092], [-1290.98010254, 59.9395027161, 405.339385986, 317.29977417, 126.072998047, 412.205871582, 85.9768295288, 45.6704444885, 181.379760742, -92.9332885742, 182.495635986, 27.8029556274, 21.0092449188], [-247.650177002, 131.499588013, 44.8699226379, 23.4230766296, 3.34905719757, 85.9768295288, 203.472229004, 76.1805877686, 20.3067016602, 37.3592948914, 65.5309753418, 11.6756677628, -0.39699202776], [-192.886306763, 39.5389823914, 38.467880249, 34.5984153748, -3.17472457886, 45.6704444885, 76.1805877686, 129.985351562, 50.2531089783, 8.83819580078, 38.4716873169, -2.55502533913, -9.74722385406], [-1027.61730957, 66.3975067139, 251.592559814, 267.592895508, 129.179077148, 181.379760742, 20.3067016602, 50.2531089783, 223.087173462, -68.855178833, 77.9373092651, 32.2914886475, -1.10822272301], [617.972595215, 9.0814704895, -102.018516541, -118.474189758, -36.939201355, -92.9332885742, 37.3592948914, 8.83819580078, -68.855178833, 175.832427979, -8.82958984375, 0.788224518299, 1.31564366817], [-516.690002441, 21.3434505463, 183.319580078, 124.56022644, 22.1420307159, 182.495635986, 65.5309753418, 38.4716873169, 77.9373092651, -8.82958984375, 200.502990723, 22.0929031372, 19.1557884216], [-141.034545898, 58.8839988708, 84.2160415649, 65.3374938965, 60.8212928772, 27.8029556274, 11.6756677628, -2.55502533913, 32.2914886475, 0.788224518299, 22.0929031372, 107.95917511, 14.7825317383], [80.3004837036, -57.3728637695, -26.3251628876, -0.230673447251, -0.426554948092, 21.0092449188, -0.39699202776, -9.74722385406, -1.10822272301, 1.31564366817, 19.1557884216, 14.7825317383, 121.25151062]],
