{
"lowlevel": {
    "average_loudness": 0.472598135471,
    "barkbands_crest": {
        "dmean": 2.38362526894,
        "dmean2": 3.73069596291,
        "dvar": 5.25550794601,
        "dvar2": 12.6623182297,
        "max": 26.149433136,
        "mean": 15.5330667496,
        "median": 15.8499240875,
        "min": 4.5674533844,
        "var": 22.023853302
    },
    "barkbands_flatness_db": {
        "dmean": 0.0261627640575,
        "dmean2": 0.0383959263563,
        "dvar": 0.000751588435378,
        "dvar2": 0.00158363010269,
        "max": 0.488377720118,
        "mean": 0.247629016638,
        "median": 0.242824330926,
        "min": 0.0369310602546,
        "var": 0.00456204405054
    },
    "barkbands_kurtosis": {
        "dmean": 11.8120098114,
        "dmean2": 17.8284225464,
        "dvar": 285.111907959,
        "dvar2": 613.505310059,
        "max": 241.813705444,
        "mean": 35.1983604431,
        "median": 26.6324615479,
        "min": -1.96762228012,
        "var": 1150.34130859
    },
    "barkbands_skewness": {
        "dmean": 0.845002174377,
        "dmean2": 1.27256667614,
        "dvar": 0.833610057831,
        "dvar2": 1.80025267601,
        "max": 12.3763723373,
        "mean": 4.12922286987,
        "median": 4.25328445435,
        "min": -3.71296238899,
        "var": 5.31546211243
    },
    "barkbands_spread": {
        "dmean": 3.43496966362,
        "dmean2": 5.22718954086,
        "dvar": 68.2094802856,
        "dvar2": 141.641677856,
        "max": 95.0932312012,
        "mean": 9.44151878357,
        "median": 4.13373231888,
        "min": 0.294363647699,
        "var": 228.922103882
    },
    "dissonance": {
        "dmean": 0.0307016484439,
        "dmean2": 0.049872636795,
        "dvar": 0.000904411717784,
        "dvar2": 0.00233505689539,
        "max": 0.500000238419,
        "mean": 0.412162870169,
        "median": 0.424323499203,
        "min": 0.157125353813,
        "var": 0.0033607124351
    },
    "dynamic_complexity": 6.39680862427,
    "erbbands_crest": {
        "dmean": 2.678160429,
        "dmean2": 4.20807361603,
        "dvar": 7.07271146774,
        "dvar2": 15.5292482376,
        "max": 28.165304184,
        "mean": 14.3590803146,
        "median": 13.681599617,
        "min": 3.90139484406,
        "var": 25.945684433
    },
    "erbbands_flatness_db": {
        "dmean": 0.0210159327835,
        "dmean2": 0.0303007047623,
        "dvar": 0.000472864456242,
        "dvar2": 0.00100691779517,
        "max": 0.401269078255,
        "mean": 0.216527462006,
        "median": 0.212785869837,
        "min": 0.0680645927787,
        "var": 0.00228090793826
    },
    "erbbands_kurtosis": {
        "dmean": 2.95364165306,
        "dmean2": 4.35288953781,
        "dvar": 19.6159744263,
        "dvar2": 40.1513214111,
        "max": 74.9968490601,
        "mean": 5.74085378647,
        "median": 3.66855382919,
        "min": -1.88345563412,
        "var": 59.3789100647
    },
    "erbbands_skewness": {
        "dmean": 0.526546955109,
        "dmean2": 0.750498116016,
        "dvar": 0.366738587618,
        "dvar2": 0.670631885529,
        "max": 7.31008720398,
        "mean": 1.68372988701,
        "median": 1.74695682526,
        "min": -5.95229673386,
        "var": 2.21140122414
    },
    "erbbands_spread": {
        "dmean": 9.32118225098,
        "dmean2": 13.8726425171,
        "dvar": 188.447662354,
        "dvar2": 438.257537842,
        "max": 141.373397827,
        "mean": 31.6930923462,
        "median": 24.6605262756,
        "min": 2.43196845055,
        "var": 548.19732666
    },
    "hfc": {
        "dmean": 3.30286884308,
        "dmean2": 4.01085186005,
        "dvar": 154.882553101,
        "dvar2": 197.893630981,
        "max": 415.87979126,
        "mean": 12.7993745804,
        "median": 2.06179523468,
        "min": 3.00277093856e-07,
        "var": 1006.902771
    },
    "melbands_crest": {
        "dmean": 3.00492453575,
        "dmean2": 4.75967693329,
        "dvar": 8.62148189545,
        "dvar2": 21.7626724243,
        "max": 33.6902198792,
        "mean": 19.9476642609,
        "median": 19.75963974,
        "min": 5.70637130737,
        "var": 33.2924079895
    },
    "melbands_flatness_db": {
        "dmean": 0.0305779911578,
        "dmean2": 0.0442996323109,
        "dvar": 0.00108341511805,
        "dvar2": 0.00216677226126,
        "max": 0.623307108879,
        "mean": 0.331526845694,
        "median": 0.331707328558,
        "min": 0.0766788199544,
        "var": 0.00845907814801
    },
    "melbands_kurtosis": {
        "dmean": 19.4288597107,
        "dmean2": 30.4482383728,
        "dvar": 759.538208008,
        "dvar2": 1848.08544922,
        "max": 457.971954346,
        "mean": 55.0532417297,
        "median": 46.6051063538,
        "min": -1.93894290924,
        "var": 2177.94287109
    },
    "melbands_skewness": {
        "dmean": 1.02553296089,
        "dmean2": 1.54836475849,
        "dvar": 1.27696359158,
        "dvar2": 3.09591460228,
        "max": 15.3457670212,
        "mean": 5.02678394318,
        "median": 5.12046289444,
        "min": -0.703121364117,
        "var": 6.50162601471
    },
    "melbands_spread": {
        "dmean": 4.53764295578,
        "dmean2": 6.70917654037,
        "dvar": 256.531188965,
        "dvar2": 526.759460449,
        "max": 272.722503662,
        "mean": 11.5382003784,
        "median": 3.65040898323,
        "min": 0.390430986881,
        "var": 879.681762695
    },
    "pitch_salience": {
        "dmean": 0.0693481713533,
        "dmean2": 0.109726957977,
        "dvar": 0.00442785397172,
        "dvar2": 0.0102299619466,
        "max": 0.830688774586,
        "mean": 0.489122718573,
        "median": 0.505266368389,
        "min": 0.0899255648255,
        "var": 0.0229787379503
    },
    "silence_rate_20dB": {
        "dmean": 0,
        "dmean2": 0,
        "dvar": 0,
        "dvar2": 0,
        "max": 1,
        "mean": 1,
        "median": 1,
        "min": 1,
        "var": 0
    },
    "silence_rate_30dB": {
        "dmean": 0.00154798757285,
        "dmean2": 0.00309837330133,
        "dvar": 0.00154558022041,
        "dvar2": 0.0030887152534,
        "max": 1,
        "mean": 0.997679829597,
        "median": 1,
        "min": 0,
        "var": 0.00231489469297
    },
    "silence_rate_60dB": {
        "dmean": 0.0433436520398,
        "dmean2": 0.0867544561625,
        "dvar": 0.0414643138647,
        "dvar2": 0.0838742181659,
        "max": 1,
        "mean": 0.330239742994,
        "median": 0,
        "min": 0,
        "var": 0.221179366112
    },
    "spectral_centroid": {
        "dmean": 154.507598877,
        "dmean2": 222.739807129,
        "dvar": 194894.71875,
        "dvar2": 300595.875,
        "max": 10963.5634766,
        "mean": 642.474060059,
        "median": 400.048950195,
        "min": 184.273620605,
        "var": 587785.875
    },
    "spectral_complexity": {
        "dmean": 1.14860677719,
        "dmean2": 1.87296664715,
        "dvar": 1.78906178474,
        "dvar2": 3.74062657356,
        "max": 31,
        "mean": 5.96133041382,
        "median": 4,
        "min": 0,
        "var": 19.9908618927
    },
    "spectral_decrease": {
        "dmean": 9.72401048571e-10,
        "dmean2": 1.39641143093e-09,
        "dvar": 2.1524929055e-18,
        "dvar2": 4.08061844653e-18,
        "max": -1.13559895713e-17,
        "mean": -3.84548659582e-09,
        "median": -1.94830174216e-09,
        "min": -2.93332913515e-08,
        "var": 2.01494480511e-17
    },
    "spectral_energy": {
        "dmean": 0.003836219199,
        "dmean2": 0.00547203514725,
        "dvar": 3.25771325151e-05,
        "dvar2": 6.1901861045e-05,
        "max": 0.119507648051,
        "mean": 0.015674656257,
        "median": 0.00759483035654,
        "min": 7.0096137228e-11,
        "var": 0.000336273922585
    },
    "spectral_energyband_high": {
        "dmean": 0.000279671163298,
        "dmean2": 0.000332868919941,
        "dvar": 2.48560058935e-06,
        "dvar2": 2.94869391837e-06,
        "max": 0.0555261932313,
        "mean": 0.000726141501218,
        "median": 1.130365672e-05,
        "min": 1.97496012599e-11,
        "var": 1.29875925268e-05
    },
    "spectral_energyband_low": {
        "dmean": 0.000344867294189,
        "dmean2": 0.000498723995406,
        "dvar": 5.32771480266e-07,
        "dvar2": 9.5020078561e-07,
        "max": 0.0173855274916,
        "mean": 0.000834530685097,
        "median": 0.0002513564541,
        "min": 2.9012608288e-12,
        "var": 1.84230498235e-06
    },
    "spectral_energyband_middle_high": {
        "dmean": 0.00056824029889,
        "dmean2": 0.000672684051096,
        "dvar": 2.94647929877e-06,
        "dvar2": 3.99522514272e-06,
        "max": 0.0497753247619,
        "mean": 0.00219336547889,
        "median": 9.51544352574e-05,
        "min": 2.6609858414e-11,
        "var": 3.59060832125e-05
    },
    "spectral_energyband_middle_low": {
        "dmean": 0.00357319577597,
        "dmean2": 0.00516880955547,
        "dvar": 2.90716288873e-05,
        "dvar2": 5.80809064559e-05,
        "max": 0.0914122983813,
        "mean": 0.0124929687008,
        "median": 0.00653980765492,
        "min": 1.70284324835e-11,
        "var": 0.000210710437386
    },
    "spectral_entropy": {
        "dmean": 0.3057513237,
        "dmean2": 0.434093654156,
        "dvar": 0.111657768488,
        "dvar2": 0.211959421635,
        "max": 9.79930877686,
        "mean": 6.36443901062,
        "median": 6.34294033051,
        "min": 4.08033704758,
        "var": 0.708117544651
    },
    "spectral_flux": {
        "dmean": 0.0158792864531,
        "dmean2": 0.0241312589496,
        "dvar": 0.000377447577193,
        "dvar2": 0.00081714062253,
        "max": 0.317552447319,
        "mean": 0.0455186553299,
        "median": 0.0301673486829,
        "min": 1.6792137103e-05,
        "var": 0.00190932676196
    },
    "spectral_kurtosis": {
        "dmean": 4.35763311386,
        "dmean2": 6.74264144897,
        "dvar": 40.8690261841,
        "dvar2": 95.106590271,
        "max": 122.661361694,
        "mean": 11.5630435944,
        "median": 7.86072635651,
        "min": -1.22584164143,
        "var": 145.42137146
    },
    "spectral_rms": {
        "dmean": 0.000456673209555,
        "dmean2": 0.000661000667606,
        "dvar": 2.61321730477e-07,
        "dvar2": 5.3936940958e-07,
        "max": 0.0107978153974,
        "mean": 0.0032729129307,
        "median": 0.00272205634974,
        "min": 2.61508063204e-07,
        "var": 4.58041222373e-06
    },
    "spectral_rolloff": {
        "dmean": 250.997528076,
        "dmean2": 402.840881348,
        "dvar": 1127110.5,
        "dvar2": 2020525.875,
        "max": 12424.6582031,
        "mean": 890.554992676,
        "median": 301.46484375,
        "min": 172.265625,
        "var": 3724428.5
    },
    "spectral_skewness": {
        "dmean": 0.472077846527,
        "dmean2": 0.696435034275,
        "dvar": 0.302543252707,
        "dvar2": 0.616052389145,
        "max": 9.44116973877,
        "mean": 2.54096245766,
        "median": 2.40055918694,
        "min": -0.470628798008,
        "var": 1.5962433815
    },
    "spectral_spread": {
        "dmean": 656599.1875,
        "dmean2": 928566.9375,
        "dvar": 1.4036902871e+12,
        "dvar2": 1.79052661965e+12,
        "max": 40288852,
        "mean": 4371408.5,
        "median": 3897312.5,
        "min": 911429,
        "var": 4.84114432e+12
    },
    "spectral_strongpeak": {
        "dmean": 0.302164375782,
        "dmean2": 0.495929509401,
        "dvar": 0.434002101421,
        "dvar2": 1.12807643414,
        "max": 9.51126098633,
        "mean": 0.863063097,
        "median": 0.419433772564,
        "min": 4.14673559135e-05,
        "var": 1.49199712276
    },
    "zerocrossingrate": {
        "dmean": 0.00837409868836,
        "dmean2": 0.00919451378286,
        "dvar": 0.000397054274799,
        "dvar2": 0.000334272219334,
        "max": 0.4326171875,
        "mean": 0.0383910648525,
        "median": 0.021484375,
        "min": 0.00732421875,
        "var": 0.00298382132314
    },
    "barkbands": {
        "dmean": [2.1605674192e-06, 3.06758811348e-05, 0.00012787245214, 0.000977595918812, 0.00229349453002, 0.000769003352616, 0.00037811184302, 0.000412165070884, 0.000362149701687, 0.000265242473688, 0.000133591936901, 0.000150991822011, 0.000102980346128, 0.000121162483993, 6.11133582424e-05, 6.21494473307e-05, 8.63716704771e-05, 3.37601122737e-05, 1.60932777362e-05, 3.8957768993e-05, 3.32098170475e-05, 6.93917754688e-05, 7.95909218141e-05, 7.04444755684e-05, 6.00073108217e-05, 2.09057161555e-05, 8.11349536889e-07],
        "dmean2": [3.6567475945e-06, 5.02299917571e-05, 0.000182526811841, 0.00148744659964, 0.00361686409451, 0.00102152850013, 0.000503109535202, 0.000585426518228, 0.000471738458145, 0.000354869291186, 0.000185173150385, 0.000194309526705, 0.000147337181261, 0.000173802487552, 8.54276295286e-05, 8.52213706821e-05, 0.000113671885629, 5.20729117852e-05, 2.51773271884e-05, 5.71212076466e-05, 4.80331764265e-05, 0.000107097534055, 0.000109517888632, 8.63724053488e-05, 8.3746665041e-05, 2.93282300845e-05, 1.20332742881e-06],
        "dvar": [3.71684176492e-11, 3.56959906078e-09, 1.09529267434e-07, 3.44666841556e-06, 1.56177356985e-05, 5.67146753383e-06, 1.80950780759e-06, 5.2858717936e-06, 5.02573175254e-06, 1.27693942886e-06, 3.53297195943e-07, 8.95223649877e-07, 8.20565276172e-07, 6.202180316e-07, 1.33794571866e-07, 9.27250312088e-08, 2.00869408218e-07, 1.95355465138e-08, 3.24094528992e-09, 1.61426854106e-08, 2.98364071227e-08, 1.61586754643e-07, 3.87666347024e-07, 1.94191002834e-07, 1.37860212135e-07, 1.56436303911e-08, 2.08026859627e-11],
        "dvar2": [7.76862116303e-11, 8.96246987736e-09, 1.66134483948e-07, 7.41795474823e-06, 3.62028404197e-05, 9.20487491385e-06, 3.44045815837e-06, 8.83291068021e-06, 7.97228040028e-06, 2.50380821853e-06, 6.31554314623e-07, 1.4465018694e-06, 1.88177875771e-06, 1.24834980397e-06, 2.41567789772e-07, 1.83638960038e-07, 3.22360733662e-07, 4.45304415564e-08, 7.13256387286e-09, 3.44584663026e-08, 6.15936883719e-08, 3.27174745962e-07, 5.42077088994e-07, 2.21392568278e-07, 2.91993330848e-07, 2.50357441445e-08, 4.55597122528e-11],
        "max": [0.000206425436772, 0.000935726624448, 0.00673924293369, 0.0292609352618, 0.0507803075016, 0.0649218931794, 0.0263880081475, 0.0590498968959, 0.0570177361369, 0.0194819364697, 0.0152265597135, 0.0299534164369, 0.0265142600983, 0.0225695632398, 0.0123752579093, 0.0068207369186, 0.0122544029728, 0.00340508902445, 0.00110004504677, 0.00258914241567, 0.00559967197478, 0.0095571083948, 0.0234015379101, 0.0175065118819, 0.0101436171681, 0.00368112511933, 0.000113165064249],
        "mean": [2.45760929829e-06, 4.62320531369e-05, 0.000253506615991, 0.00206666183658, 0.0055892621167, 0.00215237238444, 0.000830348872114, 0.0009439017158, 0.000837520405184, 0.000552419514861, 0.000323072832543, 0.000294633384328, 0.000192616687855, 0.000301039894111, 0.00011353023001, 0.000115114016808, 0.000174608518137, 7.40761679481e-05, 2.98790637316e-05, 8.83348475327e-05, 6.68590873829e-05, 0.000144095523865, 0.000161400603247, 0.000141885160701, 0.000127175080706, 5.02236325701e-05, 1.46460365613e-06],
        "median": [9.97839947559e-07, 1.70295861608e-05, 5.54559665034e-05, 0.000688714440912, 0.002400778234, 0.000232496429817, 1.48939125211e-05, 1.78276441147e-05, 2.6594278097e-05, 1.56019959832e-05, 9.03820910025e-06, 6.15538283455e-06, 2.74466765404e-06, 1.53986991336e-06, 2.78586321656e-06, 5.33402044312e-06, 8.17023828859e-06, 4.48793844043e-06, 2.40161830334e-06, 3.21175821227e-06, 1.89485513147e-06, 2.02150113182e-06, 9.45655870055e-07, 4.54745872958e-07, 3.28647615788e-07, 2.88636783807e-07, 3.22640225647e-08],
        "min": [4.36685496791e-12, 8.67199270293e-13, 1.57361889361e-13, 4.90577522182e-13, 4.32498221264e-12, 3.79115011953e-12, 3.67052715262e-13, 5.47717947386e-12, 2.07688814063e-12, 1.00147936818e-11, 7.92597975099e-13, 2.28655202411e-12, 1.18424606059e-12, 6.64522148246e-13, 4.899877162e-13, 1.056094448e-12, 5.12103597375e-13, 5.60182488504e-13, 8.32791626458e-13, 1.7296563487e-12, 1.65249194536e-12, 1.42195489324e-12, 1.81102355334e-12, 2.12497077226e-12, 2.29947766557e-12, 4.39565397969e-12, 5.10715992066e-12],
        "var": [6.6498043183e-11, 7.70064989553e-09, 3.56561173476e-07, 1.08484327939e-05, 5.91761454416e-05, 3.75542113034e-05, 6.69184601065e-06, 1.64201028383e-05, 1.50438172568e-05, 3.48626031155e-06, 2.27580358114e-06, 3.18738193528e-06, 1.11123131319e-06, 3.74906358047e-06, 5.03119281348e-07, 2.64101402081e-07, 7.06899925262e-07, 7.87002392144e-08, 7.20306037039e-09, 6.9974603889e-08, 8.98763872215e-08, 4.8253281193e-07, 1.43596469115e-06, 8.06772504802e-07, 5.44175350115e-07, 7.70367805103e-08, 8.19791179385e-11]
    },
    "erbbands": {
        "dmean": [0.000425624253694, 0.00987469125539, 0.112792022526, 1.40579295158, 6.87832784653, 7.97974538803, 8.43512248993, 4.83202028275, 5.67099428177, 5.69664382935, 9.9801158905, 8.87971305847, 5.04262828827, 7.6818356514, 3.41537666321, 5.81024551392, 3.9913122654, 4.57337331772, 5.36578464508, 2.51131296158, 2.76948475838, 4.39490127563, 2.01184034348, 0.579487979412, 1.25332260132, 1.79232895374, 0.859855175018, 1.76884591579, 1.96240890026, 3.72095251083, 1.72275078297, 1.25828123093, 1.3105148077, 0.827038347721, 0.389900028706, 0.157459944487, 0.0255518853664, 0.00391099276021, 8.46465554787e-05, 7.2324478424e-06],
        "dmean2": [0.000738023605663, 0.0155112044886, 0.162945777178, 2.10752367973, 11.1079149246, 11.8760108948, 11.8545379639, 5.88395357132, 7.59436702728, 8.0108423233, 12.4011049271, 10.8651456833, 7.30813741684, 9.53121566772, 4.81725025177, 6.99408149719, 5.22488832474, 6.33635663986, 7.32831954956, 3.12570428848, 3.61159276962, 5.7691283226, 2.93295788765, 0.855591475964, 1.81671786308, 2.67791986465, 1.31527507305, 2.62829518318, 2.94231176376, 5.14835977554, 2.47914385796, 1.54805517197, 1.70254969597, 1.18870699406, 0.55084168911, 0.224828794599, 0.0353641733527, 0.00523498374969, 0.00011313471623, 9.74612521532e-06],
        "dvar": [7.42198551507e-07, 0.000364294392057, 0.0599950067699, 6.81856632233, 125.649452209, 266.164031982, 658.696472168, 366.554962158, 501.987915039, 821.866027832, 2245.91333008, 2275.46972656, 673.368774414, 1182.97595215, 193.686187744, 1666.77246094, 746.75958252, 923.195556641, 1291.04638672, 103.050590515, 189.487884521, 482.849456787, 72.4010314941, 3.03389573097, 18.5875015259, 30.394159317, 15.6513566971, 107.004501343, 143.079803467, 655.04888916, 190.242111206, 93.8328170776, 63.471157074, 26.2974185944, 6.93289136887, 1.02213990688, 0.017020214349, 0.00043557814206, 2.10862296512e-07, 4.62046928495e-10],
        "dvar2": [2.22430185204e-06, 0.000836870807689, 0.0972230732441, 13.6406812668, 332.342987061, 547.533813477, 1120.10327148, 479.378112793, 1005.59796143, 1516.27661133, 3674.26757812, 3332.42749023, 1492.62756348, 2097.86621094, 365.077514648, 1657.0501709, 1282.26635742, 1524.26879883, 2760.83203125, 168.669448853, 246.605484009, 787.474487305, 154.142944336, 6.38972234726, 32.5451965332, 66.8395767212, 35.6807060242, 254.440643311, 297.498565674, 1169.60888672, 268.361816406, 112.487609863, 84.084022522, 60.1083297729, 15.1536216736, 1.7333304882, 0.0286843832582, 0.000765319913626, 3.51948102661e-07, 7.71922359366e-10],
        "max": [0.0190721210092, 0.300167888403, 4.95245456696, 51.3066940308, 178.776031494, 230.901794434, 633.759399414, 592.242553711, 430.841796875, 927.28894043, 1266.30822754, 978.205200195, 652.228210449, 798.731811523, 433.141906738, 1404.32299805, 876.403442383, 1359.55065918, 1247.34301758, 337.061798096, 541.044555664, 646.356140137, 226.892349243, 51.4803581238, 103.499076843, 99.3023071289, 88.8396224976, 324.134765625, 344.656005859, 959.591369629, 488.516174316, 361.990264893, 283.237213135, 130.369186401, 69.8669204712, 28.4930000305, 3.82460904121, 0.698128640652, 0.0145350545645, 0.000688402040396],
        "mean": [0.000633624847978, 0.0182116553187, 0.275085270405, 3.21821117401, 14.1850404739, 17.8377819061, 25.335767746, 12.9499578476, 11.4707574844, 11.6730976105, 25.2424602509, 22.8886508942, 9.454870224, 22.5876464844, 10.989233017, 13.2029151917, 9.74701786041, 12.6633329391, 12.7696266174, 5.64753007889, 6.36872434616, 9.15151405334, 4.94108104706, 1.55949914455, 2.93710017204, 4.2320766449, 1.86813497543, 3.2740983963, 4.18918800354, 7.27249193192, 3.80217766762, 2.60668253899, 2.65333175659, 1.65930521488, 0.746598243713, 0.335676372051, 0.0640700533986, 0.00918716844171, 0.000215621461393, 2.78797724604e-05],
        "median": [0.000383150298148, 0.00691316835582, 0.0956661850214, 1.23557496071, 7.46827173233, 7.35846090317, 3.49787998199, 1.49208128452, 0.306529045105, 0.36936339736, 0.440347701311, 0.888544440269, 0.420029252768, 0.65201061964, 0.323638349771, 0.31797632575, 0.14441126585, 0.110792808235, 0.144562199712, 0.169443562627, 0.390694260597, 0.429438561201, 0.319141417742, 0.117518916726, 0.17149271071, 0.162017539144, 0.0778897628188, 0.102450042963, 0.0807333290577, 0.0404468588531, 0.0235444754362, 0.0103281615302, 0.00725879566744, 0.00419777724892, 0.00188487931155, 0.00115458574146, 0.000542049121577, 0.000127463266836, 7.61364526625e-06, 8.85742429091e-06],
        "min": [6.28490454124e-11, 9.43163949718e-11, 1.72589137426e-10, 8.47961978412e-10, 3.02186187184e-09, 1.28030626101e-08, 5.26010133228e-08, 1.65083005044e-08, 6.17293371974e-09, 2.07148644904e-08, 1.49693505591e-07, 4.92613594361e-08, 1.13532699686e-07, 2.94673839107e-07, 8.42432825721e-08, 9.65976454381e-08, 5.42847082841e-08, 4.07974098948e-08, 3.00455873514e-08, 3.25071844998e-08, 6.48966747008e-08, 3.29090852347e-08, 3.01449105677e-08, 3.92102563751e-08, 5.7641557305e-08, 7.00613895788e-08, 8.62786606604e-08, 5.192842778e-08, 5.19163947388e-08, 5.1155872427e-08, 4.80035033945e-08, 3.92379249092e-08, 3.97611721326e-08, 2.94540676293e-08, 1.46334491191e-08, 1.64261617641e-08, 7.86705278699e-09, 2.63702149006e-09, 7.53158257982e-10, 8.24562293444e-11],
        "var": [8.77266586485e-07, 0.00104416452814, 0.235201895237, 23.6695308685, 338.965332031, 869.394836426, 4134.49169922, 2365.91186523, 1405.78735352, 2040.71289062, 9437.17773438, 9576.20507812, 1075.15539551, 6716.33105469, 2025.73120117, 6679.03613281, 2081.21044922, 7219.20019531, 6363.49902344, 545.955627441, 974.936767578, 1710.07189941, 347.646606445, 20.1497383118, 77.1837844849, 161.816833496, 54.1579551697, 224.913787842, 385.77456665, 2263.41601562, 685.284790039, 332.81036377, 267.851379395, 92.5218582153, 21.2746829987, 4.02876758575, 0.101635865867, 0.00258130789734, 1.31672038606e-06, 3.57712082177e-09]
    },
    "gfcc": {
        "mean": [-135.073959351, 101.707328796, -81.1915054321, 20.8856391907, -65.9127197266, -10.5630788803, -52.8121376038, -8.97162723541, -42.9076499939, -19.842338562, -32.9126472473, 0.707170367241, -11.851688385],
        "cov": [[12785.5615234, -2643.85302734, -1274.11901855, 9.78855133057, -1450.42553711, 536.041870117, -797.204711914, 158.945587158, 121.163406372, 407.706939697, 38.4744644165, -163.844802856, -226.65423584], [-2643.85302734, 2153.87060547, 289.328369141, -397.979217529, 683.531677246, -258.148620605, 380.271148682, -131.547744751, 17.8672142029, -262.899902344, -3.73412847519, -16.4287586212, 32.8084526062], [-1274.11901855, 289.328369141, 743.630004883, 157.059143066, 147.923065186, -27.614282608, 90.9668273926, -44.3156852722, -20.2116413116, -86.0812072754, -42.1868591309, 25.6822395325, 6.44646978378], [9.78855133057, -397.979217529, 157.059143066, 891.733154297, 91.5131912231, -282.68270874, -32.24792099, 28.15325737, -16.2518672943, -0.697131931782, -5.87143135071, 91.3423156738, 82.115234375], [-1450.42553711, 683.531677246, 147.923065186, 91.5131912231, 582.843383789, -156.101318359, 96.6651535034, -35.8375015259, -29.003742218, -98.694480896, -52.3506813049, 19.0335559845, 58.8537635803], [536.041870117, -258.148620605, -27.614282608, -282.68270874, -156.101318359, 476.908294678, 14.8384532928, -51.6737747192, 11.0293178558, 48.8974914551, -9.43007087708, -77.8636932373, -51.9181365967], [-797.204711914, 380.271148682, 90.9668273926, -32.24792099, 96.6651535034, 14.8384532928, 255.963546753, -56.0479698181, -33.6580085754, -59.3989562988, -42.8224601746, -11.3432750702, 1.30305600166], [158.945587158, -131.547744751, -44.3156852722, 28.15325737, -35.8375015259, -51.6737747192, -56.0479698181, 164.45765686, 13.008936882, 5.39560556412, 19.1141338348, -5.76078796387, 9.35472679138], [121.163406372, 17.8672142029, -20.2116413116, -16.2518672943, -29.003742218, 11.0293178558, -33.6580085754, 13.008936882, 94.1396560669, 8.06935596466, -10.1525259018, -6.69898271561, -3.96887469292], [407.706939697, -262.899902344, -86.0812072754, -0.697131931782, -98.694480896, 48.8974914551, -59.3989562988, 5.39560556412, 8.06935596466, 117.649658203, 23.3217601776, -12.9612808228, -17.6597919464], [38.4744644165, -3.73412847519, -42.1868591309, -5.87143135071, -52.3506813049, -9.43007087708, -42.8224601746, 19.1141338348, -10.1525259018, 23.3217601776, 129.25189209, 27.4916820526, -14.7858667374], [-163.844802856, -16.4287586212, 25.6822395325, 91.3423156738, 19.0335559845, -77.8636932373, -11.3432750702, -5.76078796387, -6.69898271561, -12.9612808228, 27.4916820526, 123.552642822, 28.9560508728], [-226.65423584, 32.8084526062, 6.44646978378, 82.115234375, 58.8537635803, -51.9181365967, 1.30305600166, 9.35472679138, -3.96887469292, -17.6597919464, -14.7858667374, 28.9560508728, 98.2565155029]],
        "icov": [[0.000169098115293, -0.000128190076794, 0.000250529759796, -0.000215282241697, 0.000400965509471, -0.000222326139919, 0.000542567286175, -4.02016848966e-05, 0.000232623249758, -3.69492117898e-05, 0.000406789535191, 9.03638738237e-06, 0.000296644429909], [-0.000128190076794, 0.00297163031064, -0.00073397991946, 0.00213361345232, -0.00268231169321, 0.00226132804528, -0.00340531766415, 0.00158219679724, -0.00323542696424, 0.00249885604717, -0.00343067781068, 0.00147467793431, -0.000959261960816], [0.000250529759796, -0.00073397991946, 0.00210615224205, -0.00106669927482, 0.000819471722934, -0.000987253733911, 0.0011518378742, -0.000159155708388, 0.00100959092379, 0.00045917314128, 0.0014386769617, -0.000530202523805, 0.00105970038567], [-0.000215282241697, 0.00213361345232, -0.00106669927482, 0.00320739275776, -0.00209109787829, 0.00254663778469, -0.00261217122898, 0.00107115355786, -0.00221059587784, 0.00100252404809, -0.00242096371949, 0.000511315418407, -0.00171282642987], [0.000400965509471, -0.00268231169321, 0.000819471722934, -0.00209109787829, 0.00528562115505, -0.0015650318237, 0.00341956107877, -0.000875623663887, 0.00342823937535, -0.00100089027546, 0.00393852218986, -0.000857417413499, 0.00036340628867], [-0.000222326139919, 0.00226132804528, -0.000987253733911, 0.00254663778469, -0.0015650318237, 0.00503318896517, -0.00309221562929, 0.00212738104165, -0.00262087257579, 0.000872008269653, -0.00264098728076, 0.00231011863798, -0.000923387822695], [0.000542567286175, -0.00340531766415, 0.0011518378742, -0.00261217122898, 0.00341956107877, -0.00309221562929, 0.0101502165198, -0.000475852168165, 0.0055234846659, -0.000673623930197, 0.00560582289472, -0.00109283905476, 0.00199231971055], [-4.02016848966e-05, 0.00158219679724, -0.000159155708388, 0.00107115355786, -0.000875623663887, 0.00212738104165, -0.000475852168165, 0.00805411487818, -0.00226558605209, 0.00205719168298, -0.00267514004372, 0.00222121109255, -0.00139662937727], [0.000232623249758, -0.00323542696424, 0.00100959092379, -0.00221059587784, 0.00342823937535, -0.00262087257579, 0.0055234846659, -0.00226558605209, 0.0151998251677, -0.00253682374023, 0.00558142689988, -0.00152256933507, 0.00154891365673], [-3.69492117898e-05, 0.00249885604717, 0.00045917314128, 0.00100252404809, -0.00100089027546, 0.000872008269653, -0.000673623930197, 0.00205719168298, -0.00253682374023, 0.0141403991729, -0.00380220566876, 0.00231283251196, 0.00027102974127], [0.000406789535191, -0.00343067781068, 0.0014386769617, -0.00242096371949, 0.00393852218986, -0.00264098728076, 0.00560582289472, -0.00267514004372, 0.00558142689988, -0.00380220566876, 0.0139515521005, -0.00429163174704, 0.0033447984606], [9.03638738237e-06, 0.00147467793431, -0.000530202523805, 0.000511315418407, -0.000857417413499, 0.00231011863798, -0.00109283905476, 0.00222121109255, -0.00152256933507, 0.00231283251196, -0.00429163174704, 0.0114409253001, -0.0029900954105], [0.000296644429909, -0.000959261960816, 0.00105970038567, -0.00171282642987, 0.00036340628867, -0.000923387822695, 0.00199231971055, -0.00139662937727, 0.00154891365673, 0.00027102974127, 0.0033447984606, -0.0029900954105, 0.0134407058358]]
    },
    "melbands": {
        "dmean": [5.6829053392e-06, 4.05725040764e-05, 0.000413902773289, 0.000558353727683, 0.000278026709566, 0.000113757647341, 8.24259404908e-05, 6.8658584496e-05, 8.71160154929e-05, 5.06334981765e-05, 2.72369979939e-05, 3.3118405554e-05, 1.37588749567e-05, 1.6583744582e-05, 1.61373409355e-05, 7.05558750269e-06, 1.00994411696e-05, 1.0791510249e-05, 3.23465314978e-06, 4.22352241003e-06, 3.93210984839e-06, 5.95378787693e-06, 2.17128399527e-06, 1.80327924681e-06, 4.18847008632e-07, 7.00550572219e-07, 1.61364778251e-06, 1.15165335046e-06, 5.39791017218e-07, 7.87168175975e-07, 1.11480767373e-06, 9.42144879446e-07, 1.90815012502e-06, 2.20761990022e-06, 9.80201434686e-07, 9.44502460243e-07, 7.96796825853e-07, 1.00966758509e-06, 1.00439342532e-06, 6.15254009517e-07],
        "dmean2": [9.47748503677e-06, 5.8799105318e-05, 0.000644074520096, 0.000872350297868, 0.000385161547456, 0.000135798371048, 0.000107441293949, 9.9476230389e-05, 0.000105535815237, 6.20062637608e-05, 3.84890154237e-05, 4.34371104348e-05, 1.92623665498e-05, 2.11465485336e-05, 1.86150682566e-05, 1.02253688965e-05, 1.402660655e-05, 1.4793669834e-05, 4.91553964821e-06, 5.68371024201e-06, 5.13569602845e-06, 8.07979995443e-06, 3.08632752422e-06, 2.69418183052e-06, 6.36758159089e-07, 1.110018502e-06, 2.30161708714e-06, 1.73505986822e-06, 8.9185118668e-07, 1.23239692584e-06, 1.69216411905e-06, 1.40380586799e-06, 2.97946985484e-06, 3.07580353365e-06, 1.45910314586e-06, 1.38552422868e-06, 9.46926661527e-07, 1.23999461721e-06, 1.56493217673e-06, 8.94326490197e-07],
        "dvar": [1.16409645812e-10, 9.01189700642e-09, 5.03982221289e-07, 9.03833438315e-07, 5.45572163446e-07, 1.53111670897e-07, 9.70372369125e-08, 1.45710444599e-07, 1.85021079346e-07, 7.3639931486e-08, 1.99841192483e-08, 2.35684964878e-08, 3.65117869272e-09, 1.10571782841e-08, 1.89092528302e-08, 8.57680704236e-10, 4.37392477792e-09, 5.87542503538e-09, 3.25630966636e-10, 6.2402782941e-10, 4.9975701355e-10, 1.13271059199e-09, 4.58462746933e-11, 7.56127174761e-11, 1.58516461676e-12, 6.20278437988e-12, 3.58836189929e-11, 1.37004409553e-11, 7.19591096779e-12, 1.98181176331e-11, 3.54758201981e-11, 3.87619242259e-11, 1.276474898e-10, 2.73512296145e-10, 5.7649714863e-11, 7.19250076164e-11, 2.6306373746e-11, 3.69495753438e-11, 4.64807289879e-11, 1.30922954769e-11],
        "dvar2": [3.16887904805e-10, 1.45396601425e-08, 1.19199751225e-06, 2.18223431148e-06, 8.96355402347e-07, 2.0138186585e-07, 1.91576262409e-07, 2.64642210368e-07, 3.04147334873e-07, 1.09693665706e-07, 4.28898516702e-08, 4.52456774269e-08, 7.48147499507e-09, 1.44082585862e-08, 2.19009290703e-08, 1.95109906009e-09, 7.62194041215e-09, 1.25333565748e-08, 8.01369026693e-10, 1.3033684132e-09, 5.88303794569e-10, 1.95821603377e-09, 9.17190629002e-11, 1.67195465806e-10, 3.6228832434e-12, 1.29357748471e-11, 6.4738471528e-11, 2.96856844662e-11, 2.03547179112e-11, 4.92380476669e-11, 8.00349370111e-11, 8.13703548985e-11, 2.83126272427e-10, 4.60913612832e-10, 8.2544811264e-11, 1.35943353796e-10, 2.98076043015e-11, 5.17064134564e-11, 1.11081803478e-10, 2.92483745556e-11],
        "max": [0.000176496105269, 0.00186791678425, 0.0105150770396, 0.0146510899067, 0.0189347453415, 0.0123435948044, 0.00624577794224, 0.0124488659203, 0.0127371512353, 0.00585897266865, 0.00325874169357, 0.0030470918864, 0.00191311433446, 0.00401909463108, 0.004982910119, 0.000578333216254, 0.00280442205258, 0.00264427461661, 0.000460580165964, 0.000669681001455, 0.000922090548556, 0.000958451477345, 0.000193509564269, 0.000259152264334, 2.35736697505e-05, 5.75999765715e-05, 0.000175066656084, 6.56880947645e-05, 5.59837390028e-05, 0.000131918597617, 0.000180422895937, 0.000191697792616, 0.000306475150865, 0.000619010825176, 0.000268432922894, 0.000304706540192, 0.000200984912226, 0.00023045692069, 0.000178504677024, 0.000100380006188],
        "mean": [8.31310535432e-06, 8.55994949234e-05, 0.000911954848561, 0.00120891490951, 0.000849877134897, 0.000306726666167, 0.00017483663396, 0.000139017007314, 0.000209008532693, 0.000126324914163, 4.26996994065e-05, 9.36211290536e-05, 3.90835048165e-05, 3.31743794959e-05, 3.12073752866e-05, 1.60671934282e-05, 2.46455692832e-05, 2.45865121542e-05, 5.57810471946e-06, 8.47394039738e-06, 7.83496398071e-06, 1.11877461677e-05, 4.82690711578e-06, 3.74666205971e-06, 8.61577916567e-07, 1.3149433471e-06, 3.46021670339e-06, 2.55337386079e-06, 9.38675214002e-07, 1.47219725477e-06, 1.96741734726e-06, 1.84245175205e-06, 3.74014007321e-06, 4.11586142945e-06, 2.09228483072e-06, 1.81868017535e-06, 1.51021902184e-06, 1.8787739009e-06, 1.83229485629e-06, 1.23146833175e-06],
        "median": [3.82088364859e-06, 2.22203198064e-05, 0.000399366253987, 0.000593623088207, 0.000159400326083, 3.09239403578e-05, 3.25263090417e-06, 3.90885315937e-06, 2.96033681479e-06, 4.82523455503e-06, 1.66735867424e-06, 2.52543213719e-06, 9.83657400866e-07, 8.94406525731e-07, 4.17640592332e-07, 2.66297178086e-07, 1.76467906954e-07, 1.86550337844e-07, 2.06473117714e-07, 1.77490832698e-07, 4.59265464769e-07, 4.18824214421e-07, 4.62318439531e-07, 1.68566458569e-07, 6.91434678401e-08, 1.10215907512e-07, 1.11539812053e-07, 9.42623827882e-08, 3.17845518794e-08, 3.66046712941e-08, 5.42603402209e-08, 4.80823025839e-08, 2.23838139135e-08, 2.0051654559e-08, 1.29149162476e-08, 7.04461911027e-09, 5.10867392833e-09, 4.68191707625e-09, 4.40078773423e-09, 2.89415713617e-09],
        "min": [6.14866285057e-13, 9.64210333213e-14, 2.25546035841e-13, 3.87930139401e-13, 1.66072169037e-12, 4.42691808775e-13, 7.65116526451e-14, 3.9432527881e-13, 1.19892897693e-12, 2.25361762129e-13, 6.74020572428e-13, 1.37241205813e-12, 1.67318253436e-13, 2.42987785925e-13, 1.72939272495e-13, 1.10240050595e-13, 6.9327031095e-14, 5.58261593962e-14, 2.96832159275e-14, 5.16838193066e-14, 8.46277597153e-14, 3.70235051926e-14, 2.42877363322e-14, 2.56973126589e-14, 3.30835585435e-14, 3.05480060735e-14, 5.5789442212e-14, 4.27469949086e-14, 5.44065118478e-14, 4.20896295789e-14, 2.66064077102e-14, 3.0855445152e-14, 2.71424948625e-14, 2.79933445402e-14, 2.63168037574e-14, 2.74422699869e-14, 2.30004597047e-14, 2.94534023364e-14, 2.42535585528e-14, 2.59858764552e-14],
        "var": [2.03100564145e-10, 3.23220810117e-08, 1.56680687269e-06, 2.8526112601e-06, 3.73223679162e-06, 1.10641917672e-06, 3.18641099284e-07, 3.40778228747e-07, 6.67997142045e-07, 3.15345090485e-07, 2.79705396622e-08, 1.13655261202e-07, 3.04897227466e-08, 4.13702387903e-08, 4.90585065904e-08, 3.88739174184e-09, 3.28991553999e-08, 2.80764549387e-08, 5.58917467863e-10, 1.95230853706e-09, 2.48360820798e-09, 3.18076298633e-09, 2.35532510162e-10, 2.68294497729e-10, 5.18873399108e-12, 1.3989442417e-11, 1.31608182685e-10, 6.33841867881e-11, 1.61037589513e-11, 4.35336003357e-11, 8.30953986175e-11, 9.0986052026e-11, 3.46071032942e-10, 9.28736532124e-10, 2.03502423246e-10, 1.90818583157e-10, 9.80121539484e-11, 1.385924292e-10, 1.25395985262e-10, 5.07904586444e-11]
    },
    "mfcc": {
        "mean": [-794.661621094, 139.211486816, 28.3923587799, 26.4537715912, 2.26321816444, -6.47687721252, -10.8349409103, -0.628345727921, -10.1737937927, -22.595205307, -19.6571311951, -15.1973867416, -11.6741676331],
        "cov": [[11864.5839844, -2902.54345703, -311.861175537, -1156.14306641, -453.817199707, -278.052337646, -527.085083008, -326.510467529, -389.762298584, 445.621429443, 99.7185058594, -197.884094238, 297.224761963], [-2902.54345703, 2611.43432617, -168.459518433, -30.3229942322, 115.243217468, 59.6669273376, 180.115768433, 199.961364746, 84.7385253906, -104.005935669, -38.0903053284, -57.3973846436, -93.7207489014], [-311.861175537, -168.459518433, 626.28137207, 27.1287269592, -33.1985702515, 55.9255409241, 4.84961032867, 35.7599754333, -2.90521359444, -9.92306423187, -7.00990915298, 23.89610672, 10.8903684616], [-1156.14306641, -30.3229942322, 27.1287269592, 1166.52490234, 175.090286255, -133.836837769, 11.382686615, 26.2522678375, 102.071266174, -221.44342041, -95.7751846313, 136.073623657, -60.6652488708], [-453.817199707, 115.243217468, -33.1985702515, 175.090286255, 313.325836182, -8.12011623383, 9.04031658173, 6.37330102921, 42.8616943359, -25.196937561, -29.539516449, 35.3658409119, -37.1889953613], [-278.052337646, 59.6669273376, 55.9255409241, -133.836837769, -8.12011623383, 320.315460205, 55.0717697144, 7.94702243805, 18.8014659882, 32.4972572327, 22.8452949524, -64.2517318726, -41.7763748169], [-527.085083008, 180.115768433, 4.84961032867, 11.382686615, 9.04031658173, 55.0717697144, 190.548202515, 40.382648468, 10.8267059326, -3.18373703957, 3.76003694534, -2.45873427391, -21.9896316528], [-326.510467529, 199.961364746, 35.7599754333, 26.2522678375, 6.37330102921, 7.94702243805, 40.382648468, 135.758651733, 20.2545890808, -31.1420040131, -7.77839756012, 2.33904409409, 0.966226696968], [-389.762298584, 84.7385253906, -2.90521359444, 102.071266174, 42.8616943359, 18.8014659882, 10.8267059326, 20.2545890808, 175.165802002, -10.1298103333, -46.3330001831, 9.34133052826, -38.7262649536], [445.621429443, -104.005935669, -9.92306423187, -221.44342041, -25.196937561, 32.4972572327, -3.18373703957, -31.1420040131, -10.1298103333, 207.248184204, 30.466588974, -62.5401191711, 2.55855512619], [99.7185058594, -38.0903053284, -7.00990915298, -95.7751846313, -29.539516449, 22.8452949524, 3.76003694534, -7.77839756012, -46.3330001831, 30.466588974, 102.042823792, -4.65675020218, -6.92058467865], [-197.884094238, -57.3973846436, 23.89610672, 136.073623657, 35.3658409119, -64.2517318726, -2.45873427391, 2.33904409409, 9.34133052826, -62.5401191711, -4.65675020218, 149.381576538, 16.9189929962], [297.224761963, -93.7207489014, 10.8903684616, -60.6652488708, -37.1889953613, -41.7763748169, -21.9896316528, 0.966226696968, -38.7262649536, 2.55855512619, -6.92058467865, 16.9189929962, 129.159194946]],
