{
"lowlevel": {
    "average_loudness": 0.201742872596,
    "barkbands_crest": {
        "dmean": 1.43492543697,
        "dmean2": 2.18464565277,
        "dvar": 2.68476366997,
        "dvar2": 5.61440181732,
        "max": 24.6560935974,
        "mean": 12.7062005997,
        "median": 12.2375135422,
        "min": 3.1717312336,
        "var": 17.3855705261
    },
    "barkbands_flatness_db": {
        "dmean": 0.0134730702266,
        "dmean2": 0.0199644453824,
        "dvar": 0.000261915265583,
        "dvar2": 0.000420148251578,
        "max": 0.400473862886,
        "mean": 0.261799842119,
        "median": 0.270773440599,
        "min": 0.0445951335132,
        "var": 0.00386598496698
    },
    "barkbands_kurtosis": {
        "dmean": 2.1256685257,
        "dmean2": 3.21411824226,
        "dvar": 12.8366937637,
        "dvar2": 28.0135707855,
        "max": 52.1190986633,
        "mean": 7.35112380981,
        "median": 5.29730319977,
        "min": -1.8439874649,
        "var": 57.5254821777
    },
    "barkbands_skewness": {
        "dmean": 0.350387513638,
        "dmean2": 0.531464219093,
        "dvar": 0.176476433873,
        "dvar2": 0.358812659979,
        "max": 6.17323112488,
        "mean": 1.84691059589,
        "median": 1.77158033848,
        "min": -1.97306060791,
        "var": 1.28508853912
    },
    "barkbands_spread": {
        "dmean": 1.32972157001,
        "dmean2": 1.82680702209,
        "dvar": 10.9204673767,
        "dvar2": 16.5304107666,
        "max": 70.6813430786,
        "mean": 7.53178405762,
        "median": 4.81452655792,
        "min": 0.987423241138,
        "var": 77.4567184448
    },
    "dissonance": {
        "dmean": 0.0332839041948,
        "dmean2": 0.0559648908675,
        "dvar": 0.000900414364878,
        "dvar2": 0.00260647758842,
        "max": 0.499228417873,
        "mean": 0.37082144618,
        "median": 0.374154955149,
        "min": 0.188242197037,
        "var": 0.00419971020892
    },
    "dynamic_complexity": 6.1655330658,
    "erbbands_crest": {
        "dmean": 1.57327675819,
        "dmean2": 2.38215899467,
        "dvar": 2.86684417725,
        "dvar2": 6.68655347824,
        "max": 26.3541107178,
        "mean": 12.9524612427,
        "median": 12.4479064941,
        "min": 3.34735417366,
        "var": 16.4277229309
    },
    "erbbands_flatness_db": {
        "dmean": 0.0111010149121,
        "dmean2": 0.0160332899541,
        "dvar": 0.00021302967798,
        "dvar2": 0.000344625586877,
        "max": 0.401373744011,
        "mean": 0.282038480043,
        "median": 0.294371753931,
        "min": 0.0720075666904,
        "var": 0.00396159011871
    },
    "erbbands_kurtosis": {
        "dmean": 0.86634594202,
        "dmean2": 1.33038830757,
        "dvar": 1.57815873623,
        "dvar2": 3.37789392471,
        "max": 17.8144931793,
        "mean": 1.99598121643,
        "median": 1.13146924973,
        "min": -1.77932798862,
        "var": 8.66205692291
    },
    "erbbands_skewness": {
        "dmean": 0.221020311117,
        "dmean2": 0.316806286573,
        "dvar": 0.0659199878573,
        "dvar2": 0.114138424397,
        "max": 3.64106416702,
        "mean": 1.07807803154,
        "median": 1.01879835129,
        "min": -2.62489700317,
        "var": 0.573174834251
    },
    "erbbands_spread": {
        "dmean": 2.76063346863,
        "dmean2": 3.91872739792,
        "dvar": 31.2951908112,
        "dvar2": 50.3378372192,
        "max": 99.7949905396,
        "mean": 18.4710674286,
        "median": 13.4355487823,
        "min": 2.55736327171,
        "var": 191.815002441
    },
    "hfc": {
        "dmean": 1.37942194939,
        "dmean2": 1.62938189507,
        "dvar": 20.6249828339,
        "dvar2": 28.5403652191,
        "max": 176.080001831,
        "mean": 8.30195999146,
        "median": 1.73353409767,
        "min": 1.23138738196e-16,
        "var": 554.176879883
    },
    "melbands_crest": {
        "dmean": 1.75428771973,
        "dmean2": 2.82080984116,
        "dvar": 4.08352470398,
        "dvar2": 8.77481174469,
        "max": 29.4443874359,
        "mean": 15.3132286072,
        "median": 14.7747087479,
        "min": 1.95316374302,
        "var": 22.8435688019
    },
    "melbands_flatness_db": {
        "dmean": 0.0147885773331,
        "dmean2": 0.0208957288414,
        "dvar": 0.000385343242669,
        "dvar2": 0.000562783970963,
        "max": 0.549565851688,
        "mean": 0.355118483305,
        "median": 0.375581264496,
        "min": 0.0063751176931,
        "var": 0.00727261556312
    },
    "melbands_kurtosis": {
        "dmean": 2.54135942459,
        "dmean2": 3.82203722,
        "dvar": 16.8847198486,
        "dvar2": 37.7943534851,
        "max": 68.5294799805,
        "mean": 9.56268882751,
        "median": 6.99684906006,
        "min": -1.76261031628,
        "var": 82.28175354
    },
    "melbands_skewness": {
        "dmean": 0.353264302015,
        "dmean2": 0.52739584446,
        "dvar": 0.17422761023,
        "dvar2": 0.363165557384,
        "max": 6.63824939728,
        "mean": 2.01277542114,
        "median": 1.88068306446,
        "min": -0.6843765378,
        "var": 1.26235842705
    },
    "melbands_spread": {
        "dmean": 1.82405042648,
        "dmean2": 2.22247862816,
        "dvar": 46.8651390076,
        "dvar2": 43.0639572144,
        "max": 165.587524414,
        "mean": 9.82278633118,
        "median": 6.42749786377,
        "min": 1.35727822781,
        "var": 221.733306885
    },
    "pitch_salience": {
        "dmean": 0.0441630035639,
        "dmean2": 0.0676414370537,
        "dvar": 0.00254291109741,
        "dvar2": 0.00567030906677,
        "max": 0.92775952816,
        "mean": 0.529843568802,
        "median": 0.53467053175,
        "min": 0.209518685937,
        "var": 0.0135890683159
    },
    "silence_rate_20dB": {
        "dmean": 0,
        "dmean2": 0,
        "dvar": 0,
        "dvar2": 0,
        "max": 1,
        "mean": 1,
        "median": 1,
        "min": 1,
        "var": 0
    },
    "silence_rate_30dB": {
        "dmean": 0.00309119001031,
        "dmean2": 0.00618716143072,
        "dvar": 0.00308162113652,
        "dvar2": 0.00614892598242,
        "max": 1,
        "mean": 0.976061761379,
        "median": 1,
        "min": 0,
        "var": 0.0233651604503
    },
    "silence_rate_60dB": {
        "dmean": 0.0649149939418,
        "dmean2": 0.129930391908,
        "dvar": 0.060700930655,
        "dvar2": 0.125422090292,
        "max": 1,
        "mean": 0.44324323535,
        "median": 0,
        "min": 0,
        "var": 0.246780946851
    },
    "spectral_centroid": {
        "dmean": 71.454750061,
        "dmean2": 87.0940933228,
        "dvar": 101736.179688,
        "dvar2": 107448.539062,
        "max": 11198.5986328,
        "mean": 671.011169434,
        "median": 484.199798584,
        "min": 238.164245605,
        "var": 329808.125
    },
    "spectral_complexity": {
        "dmean": 0.931993842125,
        "dmean2": 1.5204949379,
        "dvar": 1.36941480637,
        "dvar2": 2.66259741783,
        "max": 27,
        "mean": 7.18532800674,
        "median": 6,
        "min": 0,
        "var": 20.637462616
    },
    "spectral_decrease": {
        "dmean": 4.64632610164e-10,
        "dmean2": 5.71193647936e-10,
        "dvar": 1.07403405481e-18,
        "dvar2": 1.38183106266e-18,
        "max": 5.67917439592e-29,
        "mean": -2.90772406153e-09,
        "median": -9.2833513099e-10,
        "min": -4.01861903754e-08,
        "var": 2.98587915109e-17
    },
    "spectral_energy": {
        "dmean": 0.00185952079482,
        "dmean2": 0.00227643968537,
        "dvar": 1.81615068868e-05,
        "dvar2": 2.32790571317e-05,
        "max": 0.165781825781,
        "mean": 0.0117274196818,
        "median": 0.00376587011851,
        "min": 1.09547002033e-20,
        "var": 0.000512797036208
    },
    "spectral_energyband_high": {
        "dmean": 3.46077067661e-05,
        "dmean2": 4.65758166683e-05,
        "dvar": 2.10350403762e-08,
        "dvar2": 3.7594940494e-08,
        "max": 0.00398993957788,
        "mean": 9.91581837297e-05,
        "median": 2.09317619237e-07,
        "min": 8.02223830302e-21,
        "var": 1.39277062772e-07
    },
    "spectral_energyband_low": {
        "dmean": 0.000244070673943,
        "dmean2": 0.000383529724786,
        "dvar": 5.80301275477e-07,
        "dvar2": 1.31085641897e-06,
        "max": 0.0136926332489,
        "mean": 0.000564682413824,
        "median": 6.02361324127e-05,
        "min": 6.79695556366e-23,
        "var": 1.81085033546e-06
    },
    "spectral_energyband_middle_high": {
        "dmean": 0.00045487988973,
        "dmean2": 0.000567339302506,
        "dvar": 3.68454379895e-06,
        "dvar2": 6.46310218144e-06,
        "max": 0.0853866934776,
        "mean": 0.00217404798605,
        "median": 0.00024095606932,
        "min": 1.45785473668e-21,
        "var": 7.19008385204e-05
    },
    "spectral_energyband_middle_low": {
        "dmean": 0.00148768688086,
        "dmean2": 0.00183869735338,
        "dvar": 9.75014881988e-06,
        "dvar2": 1.37082533911e-05,
        "max": 0.123502574861,
        "mean": 0.00915618613362,
        "median": 0.00309193762951,
        "min": 3.64600150796e-22,
        "var": 0.000241870060563
    },
    "spectral_entropy": {
        "dmean": 0.133730605245,
        "dmean2": 0.194724828005,
        "dvar": 0.0345147661865,
        "dvar2": 0.0558854155242,
        "max": 9.80485057831,
        "mean": 5.99629545212,
        "median": 5.84342241287,
        "min": 4.7600274086,
        "var": 0.466366201639
    },
    "spectral_flux": {
        "dmean": 0.00869522057474,
        "dmean2": 0.0141687560827,
        "dvar": 0.000197593748453,
        "dvar2": 0.000472782849101,
        "max": 0.21266181767,
        "mean": 0.0237933192402,
        "median": 0.0143818110228,
        "min": 1.04664700518e-10,
        "var": 0.000719907227904
    },
    "spectral_kurtosis": {
        "dmean": 9.34911632538,
        "dmean2": 16.0968570709,
        "dvar": 126.424880981,
        "dvar2": 351.174591064,
        "max": 133.960296631,
        "mean": 39.2898139954,
        "median": 33.8892059326,
        "min": -1.21428382397,
        "var": 971.14855957
    },
    "spectral_rms": {
        "dmean": 0.000238408742007,
        "dmean2": 0.000301245687297,
        "dvar": 1.13570806093e-07,
        "dvar2": 1.53705855155e-07,
        "max": 0.0127176400274,
        "mean": 0.00262849754654,
        "median": 0.00191677326802,
        "min": 3.26917616242e-12,
        "var": 4.53238817499e-06
    },
    "spectral_rolloff": {
        "dmean": 130.446853638,
        "dmean2": 184.072525024,
        "dvar": 441052.875,
        "dvar2": 468658.78125,
        "max": 18927.6855469,
        "mean": 817.627319336,
        "median": 581.396484375,
        "min": 172.265625,
        "var": 1328774.125
    },
    "spectral_skewness": {
        "dmean": 0.596179068089,
        "dmean2": 1.00550794601,
        "dvar": 0.377966791391,
        "dvar2": 1.0146971941,
        "max": 9.85491085052,
        "mean": 4.42486953735,
        "median": 4.56545495987,
        "min": -0.0153058618307,
        "var": 4.74749708176
    },
    "spectral_spread": {
        "dmean": 328830.9375,
        "dmean2": 489536.34375,
        "dvar": 954521092096,
        "dvar2": 911428550656,
        "max": 41152812,
        "mean": 2374600,
        "median": 1876544.75,
        "min": 691568.625,
        "var": 3.37106331238e+12
    },
    "spectral_strongpeak": {
        "dmean": 0.173285365105,
        "dmean2": 0.271634757519,
        "dvar": 0.151968806982,
        "dvar2": 0.32612606883,
        "max": 11.7493896484,
        "mean": 0.788627743721,
        "median": 0.551450848579,
        "min": 3.38137029487e-09,
        "var": 1.09876346588
    },
    "zerocrossingrate": {
        "dmean": 0.00437830574811,
        "dmean2": 0.00472118519247,
        "dvar": 0.000354101066478,
        "dvar2": 0.000363168859622,
        "max": 0.5078125,
        "mean": 0.0312070157379,
        "median": 0.0234375,
        "min": 0.00634765625,
        "var": 0.00121256511193
    },
    "barkbands": {
        "dmean": [9.55849009188e-06, 9.50507674133e-05, 8.18675107439e-05, 0.000195397224161, 0.000515471969265, 0.000436953589087, 0.000700795964804, 0.000230404373724, 0.000162003168953, 4.72712818009e-05, 9.05525375856e-05, 0.000140991498483, 8.61349326442e-05, 5.77696882829e-05, 0.000117061113997, 1.05918024929e-05, 2.16875396291e-05, 6.17917612544e-05, 4.02422883781e-05, 7.7336349932e-05, 3.57926955985e-06, 3.52447364094e-06, 4.93182142236e-06, 5.67212373426e-06, 3.22614164361e-06, 1.79262497113e-06, 1.01716672418e-07],
        "dmean2": [1.70285748027e-05, 0.000161521253176, 0.000126452825498, 0.000269912707154, 0.00071451626718, 0.000612750358414, 0.000836597057059, 0.000327683723299, 0.000207679870073, 6.68406937621e-05, 0.000118670061056, 0.000152208624058, 0.000121625620523, 7.23383127479e-05, 0.000157356640557, 1.47770006151e-05, 2.86184858851e-05, 8.15133316792e-05, 5.4701074987e-05, 0.000110430693894, 4.8022620831e-06, 4.45588921139e-06, 6.85757322572e-06, 8.36623075884e-06, 4.31529360867e-06, 2.35724587583e-06, 1.40211597e-07],
        "dvar": [8.99987806502e-10, 1.84174652418e-07, 6.2954413238e-08, 4.3128403604e-07, 1.63688991961e-06, 8.4618557139e-07, 6.32918181509e-06, 4.49769828492e-07, 2.44244489522e-07, 1.38111468928e-08, 9.65371356187e-08, 1.66399547652e-06, 5.82839106755e-07, 6.28620568932e-08, 7.61189767218e-07, 2.33388597337e-09, 1.09569198159e-08, 8.19770136218e-08, 8.82995649931e-08, 1.52765522898e-07, 7.38818617396e-10, 1.33249322687e-09, 7.75746189507e-10, 7.89185827799e-10, 2.55908377822e-10, 1.18877158117e-10, 3.99130760994e-13],
        "dvar2": [2.6168671674e-09, 4.38531429836e-07, 1.37679720069e-07, 7.03964758486e-07, 3.0524529393e-06, 1.43564136579e-06, 8.44959686219e-06, 8.36004971916e-07, 3.88350088087e-07, 2.72750799724e-08, 1.60275348549e-07, 2.90533080261e-06, 1.03401748675e-06, 9.32714172563e-08, 1.40315148656e-06, 3.83296994144e-09, 1.75662577817e-08, 1.44647344769e-07, 1.57589155947e-07, 3.05303387904e-07, 1.45327760936e-09, 1.6070660358e-09, 1.51675649818e-09, 1.49752843459e-09, 4.71485961384e-10, 2.36343056237e-10, 6.36072195349e-13],
        "max": [0.000463870615931, 0.0102867260575, 0.00421055126935, 0.0192692186683, 0.037140801549, 0.0202737953514, 0.0992212146521, 0.0188118889928, 0.0183168798685, 0.00324013875797, 0.0155162857845, 0.0594055876136, 0.0239136070013, 0.00707860058174, 0.0359657257795, 0.00250709382817, 0.00312098162249, 0.00784396287054, 0.0116164851934, 0.0136510645971, 0.000998367904685, 0.00142971856985, 0.000890658353455, 0.000940359663218, 0.000520820321981, 0.000372458976926, 2.43992981268e-05],
        "mean": [1.04148275568e-05, 0.000160916591994, 0.000176225585165, 0.000570129486732, 0.00229225563817, 0.00162795791402, 0.00309102609754, 0.000743095239159, 0.000732616637833, 0.000156830647029, 0.000341294653481, 0.000480217626318, 0.000129611478769, 0.000134843692649, 0.000397627358325, 4.01736506319e-05, 5.14651765116e-05, 0.00017157329421, 0.000139330295497, 0.000227688040468, 6.84145516061e-06, 7.40626410334e-06, 1.11339077193e-05, 1.47634509631e-05, 7.89409386925e-06, 3.92077390643e-06, 1.8646863964e-07],
        "median": [2.47175603363e-06, 1.54198769451e-05, 1.75385703187e-05, 3.17081612593e-05, 0.000298154744087, 0.000743746757507, 0.00052981369663, 0.000127077204525, 7.57263769628e-05, 5.79825064051e-05, 3.35710246873e-05, 7.66784614825e-06, 7.59293561714e-06, 1.23747340695e-05, 7.41783469493e-06, 3.35712570632e-06, 5.0416083468e-06, 1.09990196506e-06, 3.01580257656e-07, 1.17398016641e-07, 1.69744893697e-08, 1.51248329416e-08, 1.8466192131e-08, 2.1031649311e-08, 2.15212487831e-08, 2.39962805182e-08, 3.91985288672e-09],
        "min": [1.65256104452e-23, 2.29645187678e-23, 1.59628291868e-23, 4.42877240699e-23, 9.73360766585e-23, 8.04419703518e-23, 3.69310470816e-23, 5.58048597833e-23, 2.66714913352e-23, 4.41915051276e-23, 2.6107421078e-23, 1.18532674518e-22, 2.69902542497e-23, 1.01801426968e-22, 1.8133337369e-22, 8.34560437876e-23, 1.81495134352e-22, 2.20704323376e-22, 3.23685002734e-22, 3.82877187068e-22, 5.32235390319e-22, 5.27613750887e-22, 5.72768956895e-22, 9.49231253299e-22, 1.11040091311e-21, 1.71723603934e-21, 2.6028051826e-21],
        "var": [9.03594643553e-10, 4.11955880963e-07, 2.07115235185e-07, 2.1185053356e-06, 2.04244024644e-05, 5.15033480042e-06, 9.97650131467e-05, 4.76239165437e-06, 4.48815853815e-06, 1.19361999396e-07, 1.88325134332e-06, 1.53397595568e-05, 9.91017827801e-07, 2.18565546106e-07, 8.21049889055e-06, 3.51659039666e-08, 5.05812423057e-08, 4.59002023945e-07, 8.63462446432e-07, 9.30064743443e-07, 2.88433033013e-09, 4.4775134711e-09, 2.72574918192e-09, 3.76235620436e-09, 1.35869182571e-09, 4.12355954937e-10, 1.65661971988e-12]
    },
    "erbbands": {
        "dmean": [0.00196348247118, 0.0248542595655, 0.0805456265807, 0.384727716446, 1.44412362576, 1.70869791508, 1.63160693645, 4.03033781052, 7.0506734848, 12.0308790207, 4.56607913971, 4.06920862198, 2.48763346672, 1.74307155609, 2.85623264313, 5.40289783478, 4.75222730637, 3.22507429123, 2.53770661354, 6.58278226852, 0.878249585629, 0.812028586864, 3.04050254822, 1.29441535473, 3.10178995132, 3.23855566978, 0.330900937319, 0.131297394633, 0.119445458055, 0.148449957371, 0.147306516767, 0.115527525544, 0.0937998443842, 0.0363415516913, 0.0238171499223, 0.011760821566, 0.00207440950908, 0.000304774934193, 1.0921194189e-05, 2.34799972532e-06],
        "dmean2": [0.00336644682102, 0.0425198636949, 0.127374336123, 0.564781665802, 1.86768996716, 2.51189517975, 2.28015732765, 5.85670804977, 8.84791660309, 14.7935533524, 5.89927005768, 5.05506706238, 3.09544849396, 2.43044137955, 3.70231962204, 5.9231543541, 6.96368837357, 4.21184253693, 3.17546439171, 9.21534061432, 1.12887108326, 1.02513027191, 3.74872970581, 1.70236599445, 4.08043909073, 4.68181991577, 0.455026119947, 0.165759578347, 0.157984480262, 0.161067143083, 0.213568851352, 0.167370259762, 0.133866280317, 0.0498164184391, 0.0307772923261, 0.0158582404256, 0.00291556632146, 0.000444384029834, 1.52015354615e-05, 2.88160708806e-06],
        "dvar": [9.11112074391e-05, 0.011418688111, 0.0527607351542, 1.68246948719, 21.7179603577, 14.484875679, 16.7291488647, 88.8900146484, 412.651947021, 2678.93823242, 219.080032349, 129.95715332, 68.7835769653, 23.0660705566, 100.226028442, 2371.09985352, 1417.68359375, 285.765228271, 133.793380737, 3311.39208984, 21.1813182831, 11.9162387848, 203.963241577, 55.8905906677, 438.340576172, 235.200271606, 1.9225744009, 1.00892663002, 1.44486522675, 1.55873346329, 0.663204789162, 0.358283996582, 0.226952061057, 0.0261366982013, 0.0218708775938, 0.00589341158047, 0.000145118436194, 3.62934611076e-06, 4.8782582418e-09, 2.9092794146e-11],
        "dvar2": [0.000203228380997, 0.0279775187373, 0.126804932952, 3.33993625641, 34.3118362427, 31.9908924103, 33.0578460693, 166.464324951, 571.003479004, 3782.99658203, 315.479522705, 198.193099976, 98.5360565186, 39.5719604492, 177.223342896, 4015.59423828, 2571.10083008, 544.872070312, 227.616882324, 6180.40087891, 29.3544712067, 19.3908939362, 325.878692627, 104.561592102, 718.003417969, 431.518127441, 3.2525370121, 1.80884718895, 2.04187822342, 1.85300886631, 1.26274836063, 0.641854643822, 0.419758558273, 0.0460652112961, 0.043963894248, 0.0118568809703, 0.000264628761215, 6.20693799647e-06, 9.81463088578e-09, 3.82795600773e-11],
        "max": [0.239377573133, 2.50468158722, 3.14019846916, 29.4821243286, 143.834838867, 83.1557312012, 71.2282867432, 245.379592896, 642.390991211, 2135.76806641, 524.570617676, 382.054840088, 353.409515381, 242.54208374, 442.706542969, 2340.49633789, 1045.97045898, 404.843902588, 370.146179199, 2328.85913086, 271.032806396, 154.163696289, 381.864776611, 216.163879395, 1048.87695312, 555.927062988, 43.5269012451, 32.6148757935, 44.0311393738, 52.9112358093, 23.2083358765, 19.3610076904, 15.7240352631, 4.79218292236, 5.04859447479, 2.56235718727, 0.405151635408, 0.0664041638374, 0.00268396106549, 0.000203735675314],
        "mean": [0.00292095914483, 0.0432740300894, 0.17378218472, 1.18688106537, 6.67887306213, 7.02610111237, 5.54339647293, 14.2415370941, 28.3856449127, 51.0036201477, 17.7373142242, 16.5044708252, 11.5417451859, 6.91767024994, 10.4006490707, 20.1083011627, 10.3762598038, 7.5197687149, 8.15361404419, 22.9609851837, 3.8468132019, 2.98713541031, 9.21840953827, 4.24762868881, 11.6603107452, 11.6677474976, 1.02920019627, 0.252653390169, 0.2308075279, 0.32234609127, 0.336329221725, 0.297888725996, 0.242005854845, 0.0938735455275, 0.0524312742054, 0.0260722283274, 0.00447472790256, 0.000715621223208, 2.77160124824e-05, 1.44669538713e-05],
        "median": [0.000401716009947, 0.00439795013517, 0.0232377145439, 0.135750710964, 0.764731287956, 0.907521903515, 2.62871956825, 6.59310102463, 6.44827747345, 5.23659181595, 3.12226510048, 2.09824538231, 2.20559406281, 1.70912539959, 1.40005195141, 0.549766838551, 0.471838831902, 0.647702276707, 0.333567082882, 0.418320953846, 0.260958194733, 0.212458088994, 0.0886359363794, 0.0235181767493, 0.0158309228718, 0.0067715481855, 0.00179239048157, 0.000802794413175, 0.000568208342884, 0.000611834460869, 0.000510882469825, 0.000436436122982, 0.000355154043064, 0.00025106020621, 0.000158437018399, 9.89125474007e-05, 4.6679899242e-05, 1.23856407299e-05, 2.58091836258e-06, 4.60680075776e-06],
        "min": [1.08238360298e-21, 4.08997232445e-21, 2.21662432179e-20, 7.93167268882e-20, 2.69640174328e-19, 2.81096961854e-19, 2.9257975387e-19, 8.68160587665e-19, 5.03662830358e-19, 1.21019832339e-18, 8.85137332364e-19, 7.47542144718e-19, 1.35806492289e-18, 8.82715554326e-19, 3.03027443087e-18, 3.63291314384e-18, 1.46595843289e-18, 4.7175086407e-18, 9.4360711095e-18, 5.60595273096e-18, 6.04383112798e-18, 9.20638952318e-18, 1.04251011894e-17, 1.33760762965e-17, 1.87222190417e-17, 1.76003636077e-17, 1.87389595229e-17, 2.27258989379e-17, 2.02149541382e-17, 1.61332727646e-17, 1.68535452461e-17, 2.2483056908e-17, 1.32485167743e-17, 1.0455106339e-17, 9.06276615342e-18, 6.19436807329e-18, 3.02707282831e-18, 1.35973189862e-18, 3.64402373043e-19, 3.86634655e-20],
        "var": [0.000159779534442, 0.0265358965844, 0.150943145156, 8.05321788788, 292.12487793, 162.936462402, 66.9881973267, 414.088226318, 3180.6315918, 43465.265625, 3194.44067383, 1472.84838867, 1406.85864258, 454.954284668, 1573.53125, 25487.25, 3935.17529297, 788.018493652, 1250.73828125, 32694.8378906, 484.90222168, 171.448272705, 1245.19372559, 333.076904297, 5256.33691406, 2380.73632812, 14.4707593918, 3.53865718842, 4.19589042664, 5.35650491714, 2.44934010506, 1.63978695869, 1.02019166946, 0.148974388838, 0.0923310518265, 0.0187434963882, 0.000621670507826, 1.82662479347e-05, 2.02176995145e-08, 8.10731815015e-10]
    },
    "gfcc": {
        "mean": [-183.137817383, 156.005279541, -107.663696289, -29.9085998535, -59.1457519531, -15.9491662979, -54.9823417664, 4.20877838135, -22.6774921417, -5.2637553215, -7.50877904892, -3.99580335617, -7.62615680695],
        "cov": [[14001.0664062, -2596.26782227, -1833.88830566, 1979.15380859, -929.480895996, -554.455383301, -622.726257324, 636.931518555, -954.708374023, -287.296325684, 124.148330688, -1318.9173584, -835.80871582], [-2596.26782227, 2399.82006836, 516.788024902, -1004.48291016, 766.87097168, 166.3334198, 258.576446533, -187.280944824, 556.407348633, -74.2261276245, 6.30382919312, 421.650878906, 335.278076172], [-1833.88830566, 516.788024902, 842.558166504, -102.464050293, 150.978607178, 247.117630005, 158.991592407, -105.75025177, 227.244247437, 82.8758926392, -54.8120536804, 250.807159424, 113.822341919], [1979.15380859, -1004.48291016, -102.464050293, 877.046264648, -284.432952881, -94.3552780151, -101.568054199, 121.47908783, -281.044952393, -7.36666679382, -21.4836158752, -352.131134033, -245.663833618], [-929.480895996, 766.87097168, 150.978607178, -284.432952881, 387.61138916, 49.734413147, 77.9637451172, -20.1547203064, 202.236572266, -28.2029075623, -14.154838562, 130.729476929, 106.02091217], [-554.455383301, 166.3334198, 247.117630005, -94.3552780151, 49.734413147, 215.143188477, 118.066001892, -38.2355384827, 64.3706283569, 73.9239883423, 19.5387382507, 86.1851654053, 36.3049278259], [-622.726257324, 258.576446533, 158.991592407, -101.568054199, 77.9637451172, 118.066001892, 225.253112793, -20.6831569672, 41.5570716858, 58.8330802917, 31.9708652496, 77.5068511963, 25.7499542236], [636.931518555, -187.280944824, -105.75025177, 121.47908783, -20.1547203064, -38.2355384827, -20.6831569672, 133.710891724, -43.4495429993, 3.15478491783, 14.5456399918, -83.8294906616, -65.7355270386], [-954.708374023, 556.407348633, 227.244247437, -281.044952393, 202.236572266, 64.3706283569, 41.5570716858, -43.4495429993, 333.941497803, 18.3668212891, -33.6475639343, 246.527648926, 167.331390381], [-287.296325684, -74.2261276245, 82.8758926392, -7.36666679382, -28.2029075623, 73.9239883423, 58.8330802917, 3.15478491783, 18.3668212891, 126.856369019, 18.5794429779, 24.9474925995, 5.93297529221], [124.148330688, 6.30382919312, -54.8120536804, -21.4836158752, -14.154838562, 19.5387382507, 31.9708652496, 14.5456399918, -33.6475639343, 18.5794429779, 94.62840271, -15.7859487534, -35.2483253479], [-1318.9173584, 421.650878906, 250.807159424, -352.131134033, 130.729476929, 86.1851654053, 77.5068511963, -83.8294906616, 246.527648926, 24.9474925995, -15.7859487534, 364.16116333, 196.557266235], [-835.80871582, 335.278076172, 113.822341919, -245.663833618, 106.02091217, 36.3049278259, 25.7499542236, -65.7355270386, 167.331390381, 5.93297529221, -35.2483253479, 196.557266235, 198.891021729]],
        "icov": [[0.000216829095734, -0.000309388327878, 0.000504504947457, -0.000546764873434, 0.000517718901392, -0.00048620000598, 0.000327254791046, -0.000576177088078, -2.58745039901e-05, 0.000215144289541, 5.33520615136e-05, -8.6276922957e-05, 0.000158714596182], [-0.000309388327878, 0.00351072452031, -0.0020442022942, 0.00298393517733, -0.00384497223422, 0.00186309078708, -0.00222762743942, 0.00246371026151, -0.00223362958059, 0.00198247237131, -0.00196779076941, 0.00287765054964, -0.00092314358335], [0.000504504947457, -0.0020442022942, 0.0045497957617, -0.00313298194669, 0.00193387642503, -0.00400028843433, 0.00113103853073, -0.000735280802473, 0.000109510765469, -0.000848013267387, 0.00259677856229, -0.00295749120414, 0.00171859341208], [-0.000546764873434, 0.00298393517733, -0.00313298194669, 0.00575820868835, -0.00218692771159, 0.00269973860122, -0.00204562977888, 0.0012994670542, -0.00143009889871, 0.00122795370407, -0.000430519576184, 0.00398339470848, 9.83710051514e-05], [0.000517718901392, -0.00384497223422, 0.00193387642503, -0.00218692771159, 0.0096331089735, -0.00223095412366, 0.000880025152583, -0.00420738896355, -0.000700680422597, 0.000627533183433, 0.00210831523873, -0.000956065603532, 0.000506249489263], [-0.00048620000598, 0.00186309078708, -0.00400028843433, 0.00269973860122, -0.00223095412366, 0.0115394592285, -0.00385362561792, 0.00259459135123, -0.000672201626003, -0.00257569714449, -0.00273366970941, 0.00190319097601, -0.000843570625875], [0.000327254791046, -0.00222762743942, 0.00113103853073, -0.00204562977888, 0.000880025152583, -0.00385362561792, 0.00893941707909, -0.00186910433695, 0.00285069737583, -0.00287739816122, -0.000442541902885, -0.00303272600286, 0.0010218488751], [-0.000576177088078, 0.00246371026151, -0.000735280802473, 0.0012994670542, -0.00420738896355, 0.00259459135123, -0.00186910433695, 0.0132215600461, -0.00264754565433, -0.00103518075775, -0.00183413363993, 0.00195557647385, 0.00183305528481], [-2.58745039901e-05, -0.00223362958059, 0.000109510765469, -0.00143009889871, -0.000700680422597, -0.000672201626003, 0.00285069737583, -0.00264754565433, 0.01079481747, -0.00320656341501, 0.00223860307597, -0.00580585096031, -0.00177221547347], [0.000215144289541, 0.00198247237131, -0.000848013267387, 0.00122795370407, 0.000627533183433, -0.00257569714449, -0.00287739816122, -0.00103518075775, -0.00320656341501, 0.0135148121044, -0.002646549372, 0.00279490510002, -0.00120628636796], [5.33520615136e-05, -0.00196779076941, 0.00259677856229, -0.000430519576184, 0.00210831523873, -0.00273366970941, -0.000442541902885, -0.00183413363993, 0.00223860307597, -0.002646549372, 0.0158333666623, -0.00331824459136, 0.00463067973033], [-8.6276922957e-05, 0.00287765054964, -0.00295749120414, 0.00398339470848, -0.000956065603532, 0.00190319097601, -0.00303272600286, 0.00195557647385, -0.00580585096031, 0.00279490510002, -0.00331824459136, 0.012637144886, -0.00567534286529], [0.000158714596182, -0.00092314358335, 0.00171859341208, 9.83710051514e-05, 0.000506249489263, -0.000843570625875, 0.0010218488751, 0.00183305528481, -0.00177221547347, -0.00120628636796, 0.00463067973033, -0.00567534286529, 0.0147030837834]]
    },
    "melbands": {
        "dmean": [2.20620895561e-05, 3.99838245357e-05, 8.91332310857e-05, 0.000122933168313, 5.84313929721e-05, 9.33061674004e-05, 0.000117737203254, 0.000112319357868, 3.43553074345e-05, 2.39612363657e-05, 1.23890558825e-05, 6.6744050855e-06, 1.32855439006e-05, 6.88096542945e-06, 1.86527395272e-05, 1.04658356577e-05, 6.05107425145e-06, 4.08035157307e-06, 8.39906442707e-06, 4.77951016364e-06, 8.3832975406e-07, 7.63890341204e-07, 1.59935314059e-06, 4.0249083213e-06, 7.32410057935e-07, 1.32079492232e-06, 3.66144899999e-06, 1.94578615265e-06, 2.08456185646e-07, 1.04268430334e-07, 5.99638738663e-08, 5.87894746218e-08, 8.94622544934e-08, 8.26960970812e-08, 8.68474998583e-08, 7.98466146534e-08, 8.35337061744e-08, 8.2341735208e-08, 4.90639990858e-08, 2.73369789028e-08],
        "dmean2": [3.78429176635e-05, 6.54538816889e-05, 0.000123494624859, 0.00017072285118, 8.11886566225e-05, 0.00013379334996, 0.000143856275827, 0.000140124393511, 4.35711117461e-05, 3.00084029732e-05, 1.54917452164e-05, 9.40695917961e-06, 1.70187777258e-05, 8.67340804689e-06, 2.10615580727e-05, 1.48089829963e-05, 7.68422341935e-06, 5.35531444257e-06, 1.03994962046e-05, 7.05497177478e-06, 1.18531966109e-06, 1.00632291833e-06, 2.2832691684e-06, 4.80238986711e-06, 1.05374545001e-06, 1.74018248345e-06, 5.03275714436e-06, 2.8675365229e-06, 2.89893563377e-07, 1.45471858559e-07, 8.12733418343e-08, 7.86354235061e-08, 1.20133449855e-07, 9.5625047436e-08, 1.22841768757e-07, 1.13441203098e-07, 1.2362608004e-07, 1.22106030176e-07, 6.72686297776e-08, 3.82494604878e-08],
        "dvar": [1.1036275005e-08, 1.49570489327e-08, 6.72157440818e-08, 1.0004607276e-07, 1.52873020909e-08, 4.18917629474e-08, 1.13260320234e-07, 2.11303046171e-07, 1.28681127975e-08, 5.57346524488e-09, 1.85333270952e-09, 3.31841415457e-10, 2.05450367829e-09, 2.59737542585e-09, 2.95223916424e-08, 1.02961701387e-08, 1.07756048529e-09, 3.48200940303e-10, 4.15445144952e-09, 1.78907266779e-09, 1.5088480812e-11, 8.17639012052e-12, 7.03681071745e-11, 4.09133754653e-10, 3.02852153078e-11, 8.99365859564e-11, 4.51388010303e-10, 7.65613752951e-11, 9.30609213821e-13, 8.83101859868e-13, 2.47881034275e-13, 3.50037517418e-13, 8.47284970049e-13, 3.69157422729e-13, 1.94709604885e-13, 2.8975986107e-13, 1.47701065246e-13, 1.63564108546e-13, 5.0153928726e-14, 1.68928845928e-14],
        "dvar2": [2.51260008355e-08, 3.75965960586e-08, 1.1374150688e-07, 1.95691228555e-07, 3.0403654705e-08, 7.92874743638e-08, 1.57740061013e-07, 3.06460776756e-07, 1.80345427481e-08, 8.93410589953e-09, 2.54899878982e-09, 5.88171400473e-10, 3.43474537701e-09, 4.16730738806e-09, 5.41293943002e-08, 1.93454940955e-08, 1.90503524067e-09, 5.8442128914e-10, 6.91196344604e-09, 3.67326902229e-09, 2.64661226962e-11, 1.31064239323e-11, 1.50229703677e-10, 6.09433448151e-10, 5.72400078724e-11, 1.68407163215e-10, 7.80487230401e-10, 1.49050161102e-10, 1.86990895858e-12, 2.07208360713e-12, 4.03406718837e-13, 5.24434553943e-13, 1.13366792082e-12, 5.01423501244e-13, 3.4410465471e-13, 6.20745100287e-13, 2.9472529018e-13, 3.55141941246e-13, 8.13618988263e-14, 3.21635791189e-14],
        "max": [0.00261881528422, 0.00202731462196, 0.00739690847695, 0.00933155231178, 0.00196909927763, 0.00483646336943, 0.00967984832823, 0.0187788233161, 0.00403415132314, 0.00255243503489, 0.00180932658259, 0.000860163243487, 0.00211383006535, 0.0026088678278, 0.00727688474581, 0.0032345650252, 0.000918565958273, 0.000585816625971, 0.00265534059145, 0.00184596795589, 0.000191040351638, 0.000111256405944, 0.000319622369716, 0.000632257957477, 0.000177125039045, 0.000419997377321, 0.00102555181365, 0.000235911269556, 2.54950718954e-05, 3.31546980306e-05, 1.49932557179e-05, 2.00616632355e-05, 3.53495925083e-05, 2.52288591582e-05, 1.46109932757e-05, 1.82604690053e-05, 1.14706226668e-05, 1.16941700981e-05, 7.34830064175e-06, 3.199208777e-06],
        "mean": [3.74150076823e-05, 7.91313359514e-05, 0.000345206499333, 0.000561906199437, 0.000201389018912, 0.000337050412782, 0.000497338420246, 0.000462799333036, 0.000124749887618, 0.000104229802673, 5.58077954338e-05, 2.44798338827e-05, 4.79875743622e-05, 2.5107363399e-05, 5.69328949496e-05, 1.54036297317e-05, 1.31771157612e-05, 1.15664297482e-05, 2.75816000794e-05, 1.66148656717e-05, 3.03516776512e-06, 2.37533367908e-06, 5.57046587346e-06, 1.0336428204e-05, 2.16212765736e-06, 4.68776261187e-06, 1.2903949937e-05, 6.30926115264e-06, 5.16553200214e-07, 1.68448295312e-07, 1.14983983224e-07, 1.08203728644e-07, 1.76213092118e-07, 1.77669363666e-07, 1.97488091658e-07, 1.63440503798e-07, 2.04343493238e-07, 1.95552743776e-07, 1.19494828255e-07, 6.35526617998e-08],
        "median": [4.29840929428e-06, 8.81355390447e-06, 4.39621944679e-05, 5.77809150855e-05, 9.6055548056e-05, 0.000145619618706, 0.000107085652417, 4.7906927648e-05, 2.13453768083e-05, 1.15281955004e-05, 8.04159935797e-06, 5.57055500394e-06, 5.08800576426e-06, 1.03332467916e-06, 1.00560316696e-06, 9.38640141612e-07, 1.14790861971e-06, 4.2749138629e-07, 4.7170419748e-07, 4.90153240662e-07, 2.55542488503e-07, 2.5609094223e-07, 7.99053836431e-08, 4.58554758609e-08, 1.29937136606e-08, 9.99313076733e-09, 7.89118104194e-09, 3.39108319203e-09, 9.44011424586e-10, 3.28695237695e-10, 3.18560788859e-10, 2.84977624831e-10, 2.81700190952e-10, 3.4901592727e-10, 2.93550850294e-10, 2.36445696356e-10, 2.77754513833e-10, 2.45164499812e-10, 2.24633839307e-10, 2.08888323305e-10],
        "min": [8.76472191785e-24, 8.32999723906e-24, 1.92094398848e-23, 2.14817127015e-23, 1.02887010014e-23, 1.76383429282e-23, 8.56362155159e-24, 1.36623372378e-23, 6.73724605066e-24, 4.31563989242e-24, 6.88198703841e-24, 3.37267658709e-24, 6.73291599315e-24, 1.57925377832e-23, 3.77195656212e-24, 3.23664087664e-24, 9.3225664847e-24, 1.31863456673e-23, 1.36119242928e-23, 5.06481438879e-24, 7.98325027273e-24, 9.85725719512e-24, 8.39089572323e-24, 1.17810199414e-23, 1.01814585168e-23, 1.45239263853e-23, 1.09629080738e-23, 1.2594135164e-23, 1.21422732709e-23, 1.00613236784e-23, 1.43921550597e-23, 1.21169042931e-23, 9.04002648517e-24, 8.74703328978e-24, 8.51060694332e-24, 1.03428941679e-23, 1.67294568363e-23, 9.63711372661e-24, 7.48959768432e-24, 9.32465065521e-24],
        "var": [2.41996129802e-08, 3.7131236752e-08, 6.38376434381e-07, 1.26133477352e-06, 7.49605106876e-08, 2.34891516016e-07, 1.26385498334e-06, 3.38041263603e-06, 1.76747050773e-07, 8.33527806776e-08, 3.6658597935e-08, 5.39978373126e-09, 3.48543025552e-08, 3.18831006041e-08, 2.1929334082e-07, 1.53558143978e-08, 2.90787927071e-09, 2.14813411503e-09, 4.29921129808e-08, 1.64151092719e-08, 1.90593651972e-10, 8.28625917881e-11, 7.14326375828e-10, 2.15594142539e-09, 1.02440320116e-10, 9.33601085329e-10, 5.11627806787e-09, 5.76521663742e-10, 5.86783269543e-12, 2.35220523614e-12, 8.83028622011e-13, 9.85649062368e-13, 2.62757502388e-12, 1.19910060613e-12, 7.89243399368e-13, 7.69405155907e-13, 6.73103554231e-13, 6.83962055829e-13, 2.47468657979e-13, 7.98021384759e-14]
    },
    "mfcc": {
        "mean": [-826.195373535, 190.723983765, 8.28105258942, -11.8334388733, 2.94422411919, -25.2109737396, -17.34998703, -10.0344905853, -15.8324337006, 0.878677845001, -11.8179550171, -5.14240026474, 3.07899308205],
        "cov": [[10202.6621094, -1547.07885742, -1568.1595459, 866.002502441, 390.33480835, -1521.59606934, 509.943145752, 52.7907028198, -1335.93676758, 1099.05944824, -267.356689453, -487.680358887, -65.6387557983], [-1547.07885742, 2149.9074707, 183.93548584, -479.910125732, 235.081726074, 344.525756836, -186.910858154, 160.036773682, 449.031829834, -300.485321045, 41.2825317383, 189.608551025, 96.6370697021], [-1568.1595459, 183.93548584, 791.050354004, -28.0045223236, -108.944831848, 451.36138916, -50.3975906372, 25.6623592377, 308.449188232, -199.416519165, 52.6495552063, 146.653305054, 56.1897888184], [866.002502441, -479.910125732, -28.0045223236, 463.530029297, 74.9881744385, -160.02520752, 84.7340545654, 4.16932344437, -170.438903809, 179.117050171, -7.57035017014, -113.511398315, -34.0158729553], [390.33480835, 235.081726074, -108.944831848, 74.9881744385, 257.675628662, -66.9854888916, -78.7427062988, 49.7890663147, 20.1939907074, 39.3110237122, -40.919834137, -13.4875841141, 20.4688110352], [-1521.59606934, 344.525756836, 451.36138916, -160.02520752, -66.9854888916, 458.190216064, -58.1929931641, 14.5581436157, 322.172698975, -214.786270142, 58.3526191711, 142.578033447, 46.948600769], [509.943145752, -186.910858154, -50.3975906372, 84.7340545654, -78.7427062988, -58.1929931641, 335.182342529, -12.1813097, -184.999389648, 150.654953003, 83.2157516479, -43.8083992004, -50.013130188], [52.7907028198, 160.036773682, 25.6623592377, 4.16932344437, 49.7890663147, 14.5581436157, -12.1813097, 130.598632812, 41.1615829468, -30.7902088165, 6.25576400757, 21.6666088104, 40.5176048279], [-1335.93676758, 449.031829834, 308.449188232, -170.438903809, 20.1939907074, 322.172698975, -184.999389648, 41.1615829468, 437.222869873, -228.904464722, -6.71661710739, 150.389831543, 60.5194473267], [1099.05944824, -300.485321045, -199.416519165, 179.117050171, 39.3110237122, -214.786270142, 150.654953003, -30.7902088165, -228.904464722, 290.417266846, 31.7727470398, -105.94732666, -41.2466316223], [-267.356689453, 41.2825317383, 52.6495552063, -7.57035017014, -40.919834137, 58.3526191711, 83.2157516479, 6.25576400757, -6.71661710739, 31.7727470398, 126.301864624, 20.0076236725, -14.8434238434], [-487.680358887, 189.608551025, 146.653305054, -113.511398315, -13.4875841141, 142.578033447, -43.8083992004, 21.6666088104, 150.389831543, -105.94732666, 20.0076236725, 144.743408203, 61.1180686951], [-65.6387557983, 96.6370697021, 56.1897888184, -34.0158729553, 20.4688110352, 46.948600769, -50.013130188, 40.5176048279, 60.5194473267, -41.2466316223, -14.8434238434, 61.1180686951, 103.514442444]],
