{
"lowlevel": {
    "average_loudness": 0.934907019138,
    "barkbands_crest": {
        "dmean": 1.59114122391,
        "dmean2": 2.55312085152,
        "dvar": 2.95680570602,
        "dvar2": 7.1081905365,
        "max": 23.0098800659,
        "mean": 12.844874382,
        "median": 12.2345199585,
        "min": 3.98842763901,
        "var": 17.2710990906
    },
    "barkbands_flatness_db": {
        "dmean": 0.0163677502424,
        "dmean2": 0.0241583958268,
        "dvar": 0.000272046454484,
        "dvar2": 0.000582718581427,
        "max": 0.293424397707,
        "mean": 0.185443207622,
        "median": 0.184346735477,
        "min": 0.0463827848434,
        "var": 0.00142338452861
    },
    "barkbands_kurtosis": {
        "dmean": 2.61268234253,
        "dmean2": 4.06800699234,
        "dvar": 9.69536495209,
        "dvar2": 23.9162254333,
        "max": 50.2067947388,
        "mean": 8.45515918732,
        "median": 7.3117313385,
        "min": -1.83373427391,
        "var": 38.3935012817
    },
    "barkbands_skewness": {
        "dmean": 0.378937125206,
        "dmean2": 0.572637557983,
        "dvar": 0.163123697042,
        "dvar2": 0.366116315126,
        "max": 6.29749727249,
        "mean": 2.5864584446,
        "median": 2.55121302605,
        "min": -2.18755483627,
        "var": 0.893044710159
    },
    "barkbands_spread": {
        "dmean": 3.38538908958,
        "dmean2": 4.99239444733,
        "dvar": 33.6727790833,
        "dvar2": 59.1333427429,
        "max": 89.7389526367,
        "mean": 14.9368524551,
        "median": 12.0015211105,
        "min": 2.47587871552,
        "var": 146.173065186
    },
    "dissonance": {
        "dmean": 0.0149934021756,
        "dmean2": 0.0245646554977,
        "dvar": 0.000191146449652,
        "dvar2": 0.000491046579555,
        "max": 0.498615831137,
        "mean": 0.461169242859,
        "median": 0.465906649828,
        "min": 0.346826016903,
        "var": 0.000552173121832
    },
    "dynamic_complexity": 2.81495070457,
    "erbbands_crest": {
        "dmean": 1.75772738457,
        "dmean2": 2.75865077972,
        "dvar": 3.48721408844,
        "dvar2": 8.69352054596,
        "max": 24.4294624329,
        "mean": 7.38623762131,
        "median": 6.46431112289,
        "min": 2.7727432251,
        "var": 10.1723489761
    },
    "erbbands_flatness_db": {
        "dmean": 0.0119383102283,
        "dmean2": 0.0163823440671,
        "dvar": 0.000157264817972,
        "dvar2": 0.000317144818837,
        "max": 0.226369425654,
        "mean": 0.140697225928,
        "median": 0.140741765499,
        "min": 0.0385795086622,
        "var": 0.000676219293382
    },
    "erbbands_kurtosis": {
        "dmean": 0.471729874611,
        "dmean2": 0.726009726524,
        "dvar": 0.541322290897,
        "dvar2": 1.2929803133,
        "max": 10.7384805679,
        "mean": -0.322507709265,
        "median": -0.717861413956,
        "min": -1.68412768841,
        "var": 1.4770822525
    },
    "erbbands_skewness": {
        "dmean": 0.246866077185,
        "dmean2": 0.365661799908,
        "dvar": 0.0688707903028,
        "dvar2": 0.132169619203,
        "max": 2.67790794373,
        "mean": 0.25615978241,
        "median": 0.228579729795,
        "min": -2.39136624336,
        "var": 0.367099374533
    },
    "erbbands_spread": {
        "dmean": 5.78486347198,
        "dmean2": 8.50365829468,
        "dvar": 33.1207618713,
        "dvar2": 70.419380188,
        "max": 119.008102417,
        "mean": 47.7972831726,
        "median": 48.363193512,
        "min": 11.1793384552,
        "var": 178.886657715
    },
    "hfc": {
        "dmean": 3.56232571602,
        "dmean2": 5.2260222435,
        "dvar": 36.3125953674,
        "dvar2": 76.1039886475,
        "max": 82.1984024048,
        "mean": 16.1607265472,
        "median": 12.8336038589,
        "min": 1.21245871022e-16,
        "var": 149.844192505
    },
    "melbands_crest": {
        "dmean": 1.88947808743,
        "dmean2": 3.03098034859,
        "dvar": 3.92359805107,
        "dvar2": 9.76051807404,
        "max": 31.1687736511,
        "mean": 17.2019367218,
        "median": 17.2327136993,
        "min": 1.53331422806,
        "var": 21.1059169769
    },
    "melbands_flatness_db": {
        "dmean": 0.0185799766332,
        "dmean2": 0.026457965374,
        "dvar": 0.00039020908298,
        "dvar2": 0.000777849985752,
        "max": 0.386094927788,
        "mean": 0.255556046963,
        "median": 0.255564302206,
        "min": 0.00155365583487,
        "var": 0.00226065446623
    },
    "melbands_kurtosis": {
        "dmean": 6.67233753204,
        "dmean2": 10.2539997101,
        "dvar": 59.1711082458,
        "dvar2": 140.739593506,
        "max": 132.909713745,
        "mean": 26.078912735,
        "median": 22.6247806549,
        "min": -1.37148749828,
        "var": 313.094940186
    },
    "melbands_skewness": {
        "dmean": 0.556971848011,
        "dmean2": 0.83302128315,
        "dvar": 0.324455201626,
        "dvar2": 0.716300070286,
        "max": 9.7648897171,
        "mean": 4.17150068283,
        "median": 4.0888299942,
        "min": -0.158406466246,
        "var": 2.29659461975
    },
    "melbands_spread": {
        "dmean": 2.82803583145,
        "dmean2": 4.18140077591,
        "dvar": 39.0816192627,
        "dvar2": 69.8439407349,
        "max": 162.016891479,
        "mean": 11.4648590088,
        "median": 9.03363323212,
        "min": 1.72296214104,
        "var": 124.125541687
    },
    "pitch_salience": {
        "dmean": 0.0516022108495,
        "dmean2": 0.0851119980216,
        "dvar": 0.00255266716704,
        "dvar2": 0.0063886041753,
        "max": 0.985159575939,
        "mean": 0.462916880846,
        "median": 0.471058964729,
        "min": 0.11369497329,
        "var": 0.0113693093881
    },
    "silence_rate_20dB": {
        "dmean": 0,
        "dmean2": 0,
        "dvar": 0,
        "dvar2": 0,
        "max": 1,
        "mean": 1,
        "median": 1,
        "min": 1,
        "var": 0
    },
    "silence_rate_30dB": {
        "dmean": 0.020092735067,
        "dmean2": 0.0402010045946,
        "dvar": 0.0196893196553,
        "dvar2": 0.0439972467721,
        "max": 1,
        "mean": 0.981460034847,
        "median": 1,
        "min": 0,
        "var": 0.0181959662586
    },
    "silence_rate_60dB": {
        "dmean": 0.000772797502577,
        "dmean2": 0.00154619244859,
        "dvar": 0.000772199244238,
        "dvar2": 0.00154379545711,
        "max": 1,
        "mean": 0.0336037091911,
        "median": 0,
        "min": 0,
        "var": 0.0324744395912
    },
    "spectral_centroid": {
        "dmean": 176.219650269,
        "dmean2": 255.272903442,
        "dvar": 101211.921875,
        "dvar2": 114833.054688,
        "max": 11081.6523438,
        "mean": 927.297424316,
        "median": 789.053955078,
        "min": 281.635498047,
        "var": 336584.21875
    },
    "spectral_complexity": {
        "dmean": 2.36630606651,
        "dmean2": 3.70776963234,
        "dvar": 6.26382780075,
        "dvar2": 13.4228076935,
        "max": 45,
        "mean": 16.8702201843,
        "median": 16,
        "min": 0,
        "var": 33.5003738403
    },
    "spectral_decrease": {
        "dmean": 2.1751715984e-09,
        "dmean2": 3.53575191347e-09,
        "dvar": 2.02273320689e-17,
        "dvar2": 5.3465824744e-17,
        "max": 1.2718819686e-28,
        "mean": -1.04686588287e-08,
        "median": -9.09176911534e-09,
        "min": -7.04572897803e-08,
        "var": 4.05197963392e-17
    },
    "spectral_energy": {
        "dmean": 0.00842721201479,
        "dmean2": 0.0136909279972,
        "dvar": 0.000297320802929,
        "dvar2": 0.000784295261838,
        "max": 0.269430398941,
        "mean": 0.0409769378603,
        "median": 0.0356220528483,
        "min": 1.09754459577e-20,
        "var": 0.000608959293459
    },
    "spectral_energyband_high": {
        "dmean": 0.000210349404369,
        "dmean2": 0.00029241736047,
        "dvar": 3.51289713763e-07,
        "dvar2": 6.46908972612e-07,
        "max": 0.0116539262235,
        "mean": 0.000485270778881,
        "median": 0.00017943129933,
        "min": 7.97133923037e-21,
        "var": 1.25728854528e-06
    },
    "spectral_energyband_low": {
        "dmean": 0.00540531612933,
        "dmean2": 0.00924786459655,
        "dvar": 0.000235116676777,
        "dvar2": 0.000656183809042,
        "max": 0.251260578632,
        "mean": 0.0223387945443,
        "median": 0.0209007672966,
        "min": 7.97266439047e-23,
        "var": 0.000278472027276
    },
    "spectral_energyband_middle_high": {
        "dmean": 0.000756181718316,
        "dmean2": 0.00110868527554,
        "dvar": 1.67081464042e-06,
        "dvar2": 3.56260329681e-06,
        "max": 0.0312299821526,
        "mean": 0.00302380230278,
        "median": 0.00221026805229,
        "min": 1.39438932438e-21,
        "var": 6.66592404741e-06
    },
    "spectral_energyband_middle_low": {
        "dmean": 0.00523820891976,
        "dmean2": 0.00825041718781,
        "dvar": 7.02614634065e-05,
        "dvar2": 0.000163326374604,
        "max": 0.124469488859,
        "mean": 0.0173586960882,
        "median": 0.0136528043076,
        "min": 2.88614215884e-22,
        "var": 0.000215421270696
    },
    "spectral_entropy": {
        "dmean": 0.157361194491,
        "dmean2": 0.216545373201,
        "dvar": 0.0292484723032,
        "dvar2": 0.049498938024,
        "max": 9.80398750305,
        "mean": 7.22538948059,
        "median": 7.19479036331,
        "min": 6.26214694977,
        "var": 0.168030828238
    },
    "spectral_flux": {
        "dmean": 0.0198456496,
        "dmean2": 0.0313292592764,
        "dvar": 0.000929517380428,
        "dvar2": 0.00209540454671,
        "max": 0.433302640915,
        "mean": 0.0638282075524,
        "median": 0.0518600679934,
        "min": 1.04763760167e-10,
        "var": 0.00225411728024
    },
    "spectral_kurtosis": {
        "dmean": 1.54808211327,
        "dmean2": 2.51990509033,
        "dvar": 2.36205291748,
        "dvar2": 6.16697025299,
        "max": 19.0035266876,
        "mean": 5.41491651535,
        "median": 5.22019004822,
        "min": -1.21309900284,
        "var": 6.58673620224
    },
    "spectral_rms": {
        "dmean": 0.000575313228182,
        "dmean2": 0.00091886887094,
        "dvar": 8.14724103293e-07,
        "dvar2": 2.03354420591e-06,
        "max": 0.0162129253149,
        "mean": 0.00603349180892,
        "median": 0.00589518621564,
        "min": 3.27227004174e-12,
        "var": 3.57449653166e-06
    },
    "spectral_rolloff": {
        "dmean": 194.172027588,
        "dmean2": 304.345825195,
        "dvar": 454947.96875,
        "dvar2": 750204.875,
        "max": 18970.7519531,
        "mean": 627.761657715,
        "median": 366.064453125,
        "min": 86.1328125,
        "var": 1286272.375
    },
    "spectral_skewness": {
        "dmean": 0.19477212429,
        "dmean2": 0.300442844629,
        "dvar": 0.0331563092768,
        "dvar2": 0.0704136043787,
        "max": 3.0971031189,
        "mean": 1.8005181551,
        "median": 1.8288731575,
        "min": 0.0387725308537,
        "var": 0.166288003325
    },
    "spectral_spread": {
        "dmean": 488320.9375,
        "dmean2": 680880.5625,
        "dvar": 1.08130965914e+12,
        "dvar2": 1.24628343194e+12,
        "max": 41627448,
        "mean": 4494773,
        "median": 4296922.5,
        "min": 2401979.75,
        "var": 2.39770350387e+12
    },
    "spectral_strongpeak": {
        "dmean": 0.199685782194,
        "dmean2": 0.351331651211,
        "dvar": 0.157243460417,
        "dvar2": 0.391915082932,
        "max": 5.31319999695,
        "mean": 0.624646306038,
        "median": 0.530576825142,
        "min": 0,
        "var": 0.209635317326
    },
    "zerocrossingrate": {
        "dmean": 0.00661481497809,
        "dmean2": 0.00810675229877,
        "dvar": 0.000218224347918,
        "dvar2": 0.000287992414087,
        "max": 0.515625,
        "mean": 0.0353848300874,
        "median": 0.0302734375,
        "min": 0.00341796875,
        "var": 0.000811962236185
    },
    "barkbands": {
        "dmean": [3.70592424588e-05, 0.00223424960859, 0.00311101460829, 0.00223229778931, 0.00255797384307, 0.0013362999307, 0.000780739937909, 0.0005270599504, 0.000683964579366, 0.000156081805471, 0.000197571163881, 0.000122834069771, 0.000164485376445, 0.000169404811459, 0.000151833854034, 8.57294508023e-05, 0.000106267951196, 0.000130746673676, 9.65701328823e-05, 7.57902962505e-05, 4.32319175161e-05, 4.90597594762e-05, 6.56662596157e-05, 3.72080576199e-05, 2.52409809036e-05, 1.22703449961e-05, 3.64836916233e-09],
        "dmean2": [6.54165269225e-05, 0.00383254513144, 0.00542371347547, 0.00373251107521, 0.00409325957298, 0.002034581732, 0.00120256224182, 0.000768911268096, 0.000989201944321, 0.000236095584114, 0.000290362746455, 0.000191512299352, 0.000250709039392, 0.000259772554273, 0.000228481163504, 0.000134444679134, 0.000167719816091, 0.000216452113818, 0.000157219270477, 0.00012324268755, 6.88107320457e-05, 7.23481352907e-05, 9.36805081437e-05, 5.47010931768e-05, 3.83226433769e-05, 1.96004239115e-05, 6.34320418413e-09],
        "dvar": [1.27819150819e-08, 3.50351037923e-05, 8.99980441318e-05, 1.78344253072e-05, 2.50564298767e-05, 6.33488480162e-06, 5.30433226231e-06, 2.92365302812e-06, 2.58805926023e-06, 2.13662076476e-07, 1.43535984876e-07, 1.48677912648e-07, 1.49186305975e-07, 1.33660947199e-07, 6.77935005911e-08, 3.95268457964e-08, 3.08994998477e-08, 6.11222432667e-08, 5.55596741947e-08, 1.40501299484e-07, 7.17655908034e-08, 2.22513598658e-08, 3.69482080487e-08, 1.04475645912e-08, 4.28210933379e-09, 1.22718313289e-09, 2.32971224065e-16],
        "dvar2": [3.52928388736e-08, 9.08570145839e-05, 0.00026774732396, 4.97896253364e-05, 5.94004595769e-05, 1.51831445692e-05, 1.31718197736e-05, 5.92705146119e-06, 5.21849233337e-06, 4.77822652556e-07, 3.64625549309e-07, 3.12167713901e-07, 3.71369509367e-07, 2.79559458249e-07, 1.43760871651e-07, 9.41399846965e-08, 7.96195607222e-08, 1.63265369224e-07, 1.22003370961e-07, 3.60318779258e-07, 2.00229365532e-07, 4.56069955135e-08, 6.51987264177e-08, 1.8470776908e-08, 9.43296019074e-09, 3.19519477543e-09, 6.68366699503e-16],
        "max": [0.0019812961109, 0.098605223, 0.157789945602, 0.0603890530765, 0.0835377052426, 0.0344391018152, 0.0440598390996, 0.037208288908, 0.0412596464157, 0.0129999546334, 0.00910360086709, 0.011657198891, 0.0124637354165, 0.00919452495873, 0.00639079976827, 0.00428206194192, 0.00266362726688, 0.00611452898011, 0.00658183638006, 0.010839345865, 0.00855751987547, 0.0034334633965, 0.00391864031553, 0.00208731507882, 0.00113470572978, 0.000456978741568, 4.29452626349e-07],
        "mean": [4.05190039601e-05, 0.0100519582629, 0.0100560262799, 0.00486719049513, 0.00550061790273, 0.00294512347318, 0.00144280807581, 0.000882385415025, 0.0016406289069, 0.000297335354844, 0.00042094787932, 0.000218778033741, 0.000347099179635, 0.000334979093168, 0.000439950148575, 0.00017715508875, 0.000280706502963, 0.000269296870101, 0.000197259578272, 0.000130215019453, 6.7756503995e-05, 9.73940550466e-05, 0.000128209168906, 7.70055776229e-05, 4.71689090773e-05, 1.84513028216e-05, 3.35053074174e-09],
        "median": [1.99923269975e-05, 0.00515411840752, 0.00622687023133, 0.00266594626009, 0.00336108938791, 0.00114087632392, 0.000228158402024, 8.2246864622e-05, 0.000698072894011, 5.40458568139e-05, 0.000210092432098, 0.000108067157271, 0.000243547270657, 0.000166047160747, 0.000389157969039, 8.93280666787e-05, 0.000183229523827, 0.00016973206948, 0.000111080102215, 5.32062986167e-05, 1.83350130101e-05, 3.18563179462e-05, 3.09619463223e-05, 2.27163291129e-05, 1.90442842722e-05, 5.77021000936e-06, 1.07672570859e-09],
        "min": [3.96873586388e-23, 1.78537808414e-23, 4.41488719288e-23, 3.00477099077e-24, 5.97523071313e-23, 3.00094079498e-23, 2.49657784206e-23, 1.90190987924e-23, 7.98511513991e-23, 2.80842433977e-23, 1.96695650959e-23, 4.97624471512e-23, 1.15245926578e-22, 3.75164418267e-23, 7.48035523219e-23, 8.422916534e-23, 1.80588701618e-22, 2.8946631188e-22, 2.2831724763e-22, 2.55898475449e-22, 2.84369841292e-22, 4.24147107967e-22, 5.93056944764e-22, 9.46818575863e-22, 9.70670599437e-22, 1.61896865874e-21, 2.65411723971e-21],
        "var": [9.99088634046e-09, 0.000101944504422, 0.000130981614348, 3.84977793146e-05, 4.54599867226e-05, 1.83363390533e-05, 1.07279756776e-05, 6.62345382807e-06, 9.45921601669e-06, 7.09734592874e-07, 3.41769180068e-07, 2.72093387821e-07, 2.12991366766e-07, 3.58763571739e-07, 2.07964660603e-07, 9.30995724957e-08, 1.00640789924e-07, 1.11672591174e-07, 9.68164499682e-08, 2.32181164961e-07, 8.5145664741e-08, 6.23869453875e-08, 1.12144896036e-07, 3.82553864142e-08, 9.97533611269e-09, 1.49724155296e-09, 1.48428005332e-16]
    },
    "erbbands": {
        "dmean": [0.034211460501, 0.624330878258, 2.83504414558, 5.8635725975, 9.51410007477, 8.11930274963, 6.37061738968, 11.9159889221, 11.2241611481, 11.2444934845, 13.2420186996, 15.46621418, 6.86265087128, 4.6760134697, 6.63386058807, 4.42410755157, 7.68527650833, 6.90546369553, 7.25965023041, 6.62975311279, 4.20639276505, 4.94079637527, 6.3847284317, 5.13390874863, 4.51732397079, 3.06739783287, 2.41475367546, 1.1019796133, 1.45046722889, 2.47521209717, 1.68684399128, 1.02643883228, 0.539185225964, 0.320821076632, 0.159762829542, 0.0647894740105, 0.0206994265318, 0.00256695435382, 4.77315661556e-05, 1.05785293272e-05],
        "dmean2": [0.0570602752268, 1.08010601997, 4.90888786316, 10.0122365952, 15.2412652969, 13.221075058, 10.4724731445, 17.6262531281, 17.15325737, 16.7433643341, 18.9138641357, 22.4388847351, 9.84349918365, 7.10551929474, 9.55536937714, 6.95527219772, 11.6443595886, 10.5033588409, 10.898598671, 9.98379898071, 6.60309886932, 7.5941567421, 10.4282941818, 8.37079811096, 7.29352807999, 4.7890253067, 3.87478709221, 1.66616094112, 2.14576649666, 3.68122768402, 2.39563274384, 1.47257947922, 0.796187579632, 0.476856797934, 0.25056669116, 0.104517765343, 0.0329314135015, 0.00413253903389, 7.60802868172e-05, 1.68931874214e-05],
        "dvar": [0.00861650705338, 2.94091439247, 80.5290145874, 183.169586182, 329.267883301, 219.475219727, 170.779830933, 531.19921875, 1402.71862793, 1045.65454102, 1662.28588867, 1140.59619141, 286.727172852, 138.602172852, 176.975997925, 217.294815063, 288.024658203, 178.96661377, 285.044158936, 118.865341187, 62.7459907532, 92.6349563599, 159.000717163, 111.829864502, 286.023925781, 196.799057007, 273.66394043, 14.4977674484, 28.0515422821, 42.4452438354, 26.0417423248, 10.3382368088, 1.88559710979, 0.720343291759, 0.188214704394, 0.0313522033393, 0.00381374219432, 6.27093395451e-05, 1.93800850923e-08, 3.97563176824e-10],
        "dvar2": [0.0220465473831, 7.89081382751, 237.991088867, 520.701660156, 783.385070801, 537.739685059, 460.001739502, 1183.70129395, 3613.99487305, 2214.5793457, 3431.13256836, 2521.62573242, 566.506225586, 333.740325928, 381.061859131, 478.470031738, 737.340515137, 369.072906494, 593.659912109, 280.184326172, 143.121261597, 219.142028809, 414.893493652, 292.596221924, 733.480163574, 486.993865967, 772.429748535, 32.0700073242, 58.5142288208, 85.3077011108, 44.2157249451, 18.377243042, 3.54250979424, 1.5134421587, 0.443223148584, 0.0802501365542, 0.00993852689862, 0.000157687929459, 4.85674540585e-08, 1.0368064185e-09],
        "max": [1.40615189075, 25.9287548065, 159.776428223, 200.322891235, 314.873260498, 264.788452148, 194.75390625, 385.793518066, 817.1796875, 854.653930664, 866.008544922, 851.607116699, 368.689697266, 303.599914551, 348.601837158, 433.130523682, 564.721618652, 294.08770752, 398.59274292, 264.874206543, 155.559036255, 172.793197632, 333.559265137, 270.051879883, 415.393981934, 352.083190918, 504.486541748, 139.189147949, 133.401931763, 156.053375244, 98.8158416748, 78.859375, 24.105342865, 15.9586515427, 9.47796726227, 2.7389690876, 1.03371489048, 0.12877830863, 0.00221144035459, 0.00029495896888],
        "mean": [0.1586817801, 2.80162715912, 10.6511468887, 14.3904972076, 21.2956809998, 16.75522995, 13.4438123703, 26.6313037872, 21.2515563965, 21.2875537872, 26.019990921, 36.0705986023, 16.302438736, 10.3468084335, 15.2135448456, 9.17436504364, 17.5129852295, 15.0784053802, 18.2379741669, 19.159368515, 9.65210914612, 13.0625801086, 15.81620121, 12.5905895233, 8.84488201141, 5.60189533234, 3.54192137718, 2.09303092957, 2.88724637032, 4.80216598511, 3.33609318733, 1.97659945488, 1.10769248009, 0.596365213394, 0.29140651226, 0.106991045177, 0.0283370241523, 0.00329006509855, 8.3457234723e-05, 4.96865395689e-05],
        "median": [0.117643378675, 1.50917887688, 8.4509973526, 10.2687864304, 14.0107736588, 9.65693855286, 6.04815912247, 10.2636899948, 3.81664061546, 4.35023117065, 4.62228059769, 16.1696853638, 6.69291067123, 4.2214512825, 8.70166492462, 4.8749256134, 12.9007921219, 7.87367200851, 13.1533021927, 15.5569858551, 5.78096103668, 7.8523888588, 10.4610624313, 8.5041179657, 4.78905439377, 2.39873719215, 0.866717517376, 0.687693536282, 0.920123577118, 1.49959349632, 0.77982622385, 0.436789423227, 0.400376439095, 0.227955296636, 0.103276960552, 0.0369746387005, 0.00686551816761, 0.000621615094133, 3.64374900528e-05, 4.33700333815e-05],
        "min": [3.68447141441e-22, 5.50324473222e-21, 4.80983424968e-20, 5.57925374478e-20, 1.28629196041e-19, 1.49790143396e-19, 2.32824588311e-19, 1.64356987853e-19, 3.81788494597e-19, 3.55198308517e-19, 1.03133333722e-18, 2.21756844506e-18, 1.02788037515e-18, 1.56953023437e-18, 1.23267126967e-18, 2.44818557266e-18, 4.85762435107e-18, 2.85894816202e-18, 3.24982615662e-18, 3.52101545929e-18, 5.92896717376e-18, 1.050692755e-17, 1.39867341119e-17, 1.01294974442e-17, 1.48630509072e-17, 1.2196374468e-17, 1.12058670435e-17, 1.30786800509e-17, 1.55433209343e-17, 1.94958545988e-17, 1.81411428594e-17, 1.77401935272e-17, 1.40574100778e-17, 8.41762317827e-18, 8.7550913615e-18, 4.23825136073e-18, 3.31225533861e-18, 1.4986314467e-18, 3.46563111609e-19, 3.82390669158e-20],
        "var": [0.0233463533223, 7.28132295609, 112.244064331, 265.081756592, 573.499938965, 470.566589355, 374.944488525, 1746.60754395, 2585.02075195, 2706.4309082, 4527.49121094, 3710.8425293, 1148.19482422, 381.328033447, 430.823303223, 395.737670898, 418.819244385, 556.635253906, 699.617431641, 398.648254395, 177.851593018, 305.209197998, 348.645446777, 187.293060303, 367.776184082, 376.753417969, 285.606781006, 39.3217277527, 72.9084243774, 115.356277466, 82.2929229736, 36.7019004822, 5.93245792389, 1.84146225452, 0.393247753382, 0.044490609318, 0.00434305006638, 7.33474007575e-05, 2.4463691517e-08, 8.66597404947e-10]
    },
    "gfcc": {
        "mean": [-0.621398925781, 113.60433197, -102.526649475, 43.9206428528, -43.5720710754, 21.1421279907, -44.3098831177, 12.2023925781, -23.5239543915, -5.29119682312, -15.3179636002, -5.02998971939, -15.3272743225],
        "cov": [[6555.19726562, -420.375488281, -16.0655670166, -76.578704834, -485.756286621, 43.4057312012, -208.301345825, 150.28994751, -27.4337539673, 156.91859436, -123.630760193, 120.547813416, -257.750183105], [-420.375488281, 761.510131836, -190.467575073, -113.691184998, 132.267608643, -144.42288208, 3.58289766312, -45.0962524414, 46.7089271545, -124.552490234, 74.9895172119, -95.5836334229, 45.9716072083], [-16.0655670166, -190.467575073, 199.425842285, -2.65595197678, -21.1447200775, 21.4881324768, -20.0694026947, 19.4576072693, -4.10960292816, 59.4491386414, -8.02217483521, 74.3787155151, -28.4604969025], [-76.578704834, -113.691184998, -2.65595197678, 209.87612915, 53.4948120117, 56.757686615, 26.8268203735, -41.9414367676, -18.5667591095, 4.32857608795, 10.5417585373, -17.4568996429, 66.5550460815], [-485.756286621, 132.267608643, -21.1447200775, 53.4948120117, 233.755233765, 12.0239276886, 41.2849121094, -14.8315448761, -30.6812896729, -32.8301963806, 10.0255241394, -23.5907516479, 51.152885437], [43.4057312012, -144.42288208, 21.4881324768, 56.757686615, 12.0239276886, 122.517204285, 54.499874115, 2.95341300964, -5.25720834732, 26.9194564819, -8.02080726624, 12.4548492432, 22.452671051], [-208.301345825, 3.58289766312, -20.0694026947, 26.8268203735, 41.2849121094, 54.499874115, 127.952529907, 11.0763044357, 0.95185136795, 1.75621175766, 9.51467895508, -6.09726810455, 26.4847068787], [150.28994751, -45.0962524414, 19.4576072693, -41.9414367676, -14.8315448761, 2.95341300964, 11.0763044357, 92.1788253784, 25.0015583038, 9.45000934601, 5.71142578125, 26.1244411469, -22.2968425751], [-27.4337539673, 46.7089271545, -4.10960292816, -18.5667591095, -30.6812896729, -5.25720834732, 0.95185136795, 25.0015583038, 98.8455581665, 16.8607826233, 23.4256057739, 8.19495677948, -8.6111946106], [156.91859436, -124.552490234, 59.4491386414, 4.32857608795, -32.8301963806, 26.9194564819, 1.75621175766, 9.45000934601, 16.8607826233, 102.0440979, 15.0630931854, 43.6260299683, -5.84698057175], [-123.630760193, 74.9895172119, -8.02217483521, 10.5417585373, 10.0255241394, -8.02080726624, 9.51467895508, 5.71142578125, 23.4256057739, 15.0630931854, 93.5340423584, 29.5596961975, 23.6265106201], [120.547813416, -95.5836334229, 74.3787155151, -17.4568996429, -23.5907516479, 12.4548492432, -6.09726810455, 26.1244411469, 8.19495677948, 43.6260299683, 29.5596961975, 116.21900177, -0.0799602642655], [-257.750183105, 45.9716072083, -28.4604969025, 66.5550460815, 51.152885437, 22.452671051, 26.4847068787, -22.2968425751, -8.6111946106, -5.84698057175, 23.6265106201, -0.0799602642655, 96.7621688843]],
        "icov": [[0.000272038159892, -0.000394794071326, 0.000429161824286, -0.00060132535873, 0.000580287189223, -0.000511432474013, 0.000502626004163, -0.000721827382222, 0.000585343223065, -0.00064173276769, 0.000592432683334, -0.00056111777667, 0.000828239019029], [-0.000394794071326, 0.00563745899126, 0.000984765472822, 0.00482106814161, -0.00337743922137, 0.00433687726036, -0.001577312476, 0.00411305762827, -0.00382221373729, 0.00397808337584, -0.00455698184669, 0.00291507435031, -0.00358241284266], [0.000429161824286, 0.000984765472822, 0.00949338823557, -0.000685421051458, -0.000585758010857, -0.000267319614068, 0.00167831673753, -0.000611976196524, 0.000682105484884, -0.00309558259323, 0.00167959230021, -0.004989575129, 0.00316975661553], [-0.00060132535873, 0.00482106814161, -0.000685421051458, 0.0119331013411, -0.0037890211679, 0.000930347014219, -0.00127517990768, 0.00611625798047, -0.00333421677351, 0.00355363148265, -0.00513260858133, 0.00471069570631, -0.00758100161329], [0.000580287189223, -0.00337743922137, -0.000585758010857, -0.0037890211679, 0.00804231222719, -0.00244087562896, 6.60664591123e-05, -0.00339350476861, 0.00409475900233, -0.00140354561154, 0.00238548009656, -0.00128164456692, 0.000795111001935], [-0.000511432474013, 0.00433687726036, -0.000267319614068, 0.000930347014219, -0.00244087562896, 0.0165154691786, -0.00665041524917, 0.0026743314229, -0.0029292977415, 0.000709135143552, -0.000815900100861, 0.00133765896317, -0.00426418799907], [0.000502626004163, -0.001577312476, 0.00167831673753, -0.00127517990768, 6.60664591123e-05, -0.00665041524917, 0.0121558671817, -0.0037237489596, 0.00148803205229, -0.00180489965715, 0.000516096653882, -0.000441542797489, 0.000678966171108], [-0.000721827382222, 0.00411305762827, -0.000611976196524, 0.00611625798047, -0.00339350476861, 0.0026743314229, -0.0037237489596, 0.0179694890976, -0.00637309066951, 0.00437311595306, -0.00391527637839, 3.45133776136e-05, -0.00127732125111], [0.000585343223065, -0.00382221373729, 0.000682105484884, -0.00333421677351, 0.00409475900233, -0.0029292977415, 0.00148803205229, -0.00637309066951, 0.0153948925436, -0.00499024195597, 0.000300052430248, -0.00131853495259, 0.00350245903246], [-0.00064173276769, 0.00397808337584, -0.00309558259323, 0.00355363148265, -0.00140354561154, 0.000709135143552, -0.00180489965715, 0.00437311595306, -0.00499024195597, 0.0177003107965, -0.00547630572692, 0.000112137517135, -0.00291230343282], [0.000592432683334, -0.00455698184669, 0.00167959230021, -0.00513260858133, 0.00238548009656, -0.000815900100861, 0.000516096653882, -0.00391527637839, 0.000300052430248, -0.00547630572692, 0.018672849983, -0.00744367903098, 0.000782505085226], [-0.00056111777667, 0.00291507435031, -0.004989575129, 0.00471069570631, -0.00128164456692, 0.00133765896317, -0.000441542797489, 3.45133776136e-05, -0.00131853495259, 0.000112137517135, -0.00744367903098, 0.0169908087701, -0.00537035800517], [0.000828239019029, -0.00358241284266, 0.00316975661553, -0.00758100161329, 0.000795111001935, -0.00426418799907, 0.000678966171108, -0.00127732125111, 0.00350245903246, -0.00291230343282, 0.000782505085226, -0.00537035800517, 0.0204186979681]]
    },
    "melbands": {
        "dmean": [0.000457477901364, 0.00124355556909, 0.00104973930866, 0.000659708573949, 0.0002236712171, 0.000266577204457, 0.000165819394169, 0.000118846626719, 0.000117725874588, 9.02497486095e-05, 3.46191991412e-05, 1.91857034224e-05, 2.83853696601e-05, 1.39169587783e-05, 1.73294592969e-05, 1.498139045e-05, 1.28940255308e-05, 1.24490043163e-05, 1.40647762237e-05, 6.56021666146e-06, 5.18653132531e-06, 4.67540075988e-06, 7.48790898797e-06, 7.55859446144e-06, 4.17140108766e-06, 3.72277008864e-06, 3.74672299586e-06, 1.857298912e-06, 1.61946127264e-06, 1.08666074539e-06, 5.51387586256e-07, 7.61828857776e-07, 1.24734390283e-06, 1.48173955949e-06, 1.08958772671e-06, 8.21108756099e-07, 6.10195911577e-07, 4.05361021194e-07, 3.64695296184e-07, 2.55501078072e-07],
        "dmean2": [0.000781165785156, 0.00215833890252, 0.00175704003777, 0.00105913809966, 0.00036693023867, 0.00039822110557, 0.00025073310826, 0.000174308530404, 0.000169703736901, 0.000131245353259, 4.99323687109e-05, 2.97890055663e-05, 4.1148843593e-05, 2.15402196773e-05, 2.6453180908e-05, 2.2628757506e-05, 1.98124562303e-05, 1.89321362996e-05, 2.14526644413e-05, 1.00334491435e-05, 8.28691736388e-06, 7.20068874216e-06, 1.17858107842e-05, 1.27136672745e-05, 6.8093736445e-06, 6.00817293162e-06, 6.26677410764e-06, 2.9461266422e-06, 2.63816332335e-06, 1.74838135081e-06, 8.18155967863e-07, 1.13899363896e-06, 1.87946534425e-06, 2.2439805889e-06, 1.57652607413e-06, 1.14291447062e-06, 9.10643223051e-07, 6.07254776241e-07, 5.55252768208e-07, 3.87404014646e-07],
        "dvar": [1.46480238072e-06, 1.47208529597e-05, 4.29994815931e-06, 1.65396374996e-06, 1.61193526083e-07, 2.65289742174e-07, 2.60863487256e-07, 1.14442016752e-07, 1.15849807969e-07, 3.66588537304e-08, 7.51473905325e-09, 2.64034971664e-09, 2.91072344005e-09, 2.6291937516e-09, 2.38460251545e-09, 9.37604327511e-10, 6.68300081941e-10, 1.11770148692e-09, 4.29353191889e-10, 2.79550549376e-10, 7.93183643766e-11, 1.01036103095e-10, 1.9941859275e-10, 1.52348134108e-10, 8.09657133005e-11, 1.00309593964e-10, 4.47510306589e-10, 7.09093755935e-11, 1.10910725049e-10, 3.56000298685e-11, 3.18615554946e-12, 8.3028653397e-12, 1.33238324887e-11, 1.63449462298e-11, 1.01199595579e-11, 8.18377917516e-12, 3.18740324932e-12, 1.06234584931e-12, 9.42812017693e-13, 4.71000625654e-13],
        "dvar2": [3.73315174329e-06, 4.2705971282e-05, 1.19321130114e-05, 3.88287571695e-06, 4.3209740852e-07, 6.08620041476e-07, 6.61187357309e-07, 2.36600882886e-07, 2.35702486862e-07, 8.06818221122e-08, 1.51655790148e-08, 6.36783470398e-09, 6.94845425642e-09, 5.79484060736e-09, 6.18722673096e-09, 2.20267271089e-09, 1.39022737766e-09, 2.36340991222e-09, 1.01576458356e-09, 6.76640243835e-10, 1.83779644281e-10, 2.40740483104e-10, 4.84809969947e-10, 4.21498586034e-10, 2.13155576523e-10, 2.04633185397e-10, 1.21397303321e-09, 1.8268168922e-10, 3.11350334403e-10, 9.86392079128e-11, 6.61798177023e-12, 1.78575227522e-11, 2.85874084821e-11, 3.42007359933e-11, 1.89023293545e-11, 1.36459003819e-11, 6.5544822174e-12, 2.05146533441e-12, 2.00573043417e-12, 1.02654310833e-12],
        "max": [0.0211538150907, 0.0671245157719, 0.0299340747297, 0.0211085993797, 0.00573426485062, 0.00796238332987, 0.0106303729117, 0.00811487063766, 0.00820132903755, 0.00455599697307, 0.00189653434791, 0.00116399535909, 0.00135259574745, 0.00172555318568, 0.00154513295274, 0.000726034864783, 0.000524456612766, 0.000904399144929, 0.000538018764928, 0.000382925732993, 0.000157611066243, 0.000198618727154, 0.000487108685775, 0.000291933363769, 0.000221266120207, 0.000338004436344, 0.000656792311929, 0.000236750740441, 0.000312494521495, 0.00017994546215, 5.88280890952e-05, 6.99119336787e-05, 7.22947224858e-05, 0.000109238913865, 5.7762976212e-05, 6.9108158641e-05, 4.66010860691e-05, 1.96777054953e-05, 2.12432660192e-05, 1.24936696011e-05],
        "mean": [0.00219234963879, 0.00510729895905, 0.00283164554276, 0.00146258878522, 0.000496070249937, 0.000594854180235, 0.000314171367791, 0.000219676861889, 0.000243291418883, 0.000210743703065, 7.64029027778e-05, 3.97003313992e-05, 6.25045868219e-05, 2.30598543567e-05, 3.57496428478e-05, 3.37681631208e-05, 2.67949981207e-05, 2.52307199844e-05, 4.19149801019e-05, 1.33279809233e-05, 1.0668930372e-05, 1.11570761874e-05, 1.81299583346e-05, 1.48177050505e-05, 9.7532347354e-06, 7.51564857637e-06, 5.88306875215e-06, 3.20066328641e-06, 2.22999392463e-06, 1.6724118268e-06, 9.8802024695e-07, 1.39675091759e-06, 2.36184473579e-06, 2.76644004771e-06, 2.04212074095e-06, 1.47040702814e-06, 1.10173846224e-06, 7.96651477231e-07, 6.54966811453e-07, 4.42133710976e-07],
        "median": [0.00137601036113, 0.00459450855851, 0.0021920253057, 0.000927954213694, 0.000253819598584, 0.000235691040871, 5.37545420229e-05, 3.65281084669e-05, 5.08869234181e-05, 9.79759424808e-05, 2.80874428427e-05, 1.4335936612e-05, 3.37169694831e-05, 1.14211015898e-05, 2.1838615794e-05, 2.3865055482e-05, 1.34230458571e-05, 1.33890880534e-05, 3.79455632356e-05, 6.11353516433e-06, 6.46145826977e-06, 6.00190878686e-06, 1.15144048323e-05, 9.57429892878e-06, 6.32013870927e-06, 4.47312550023e-06, 2.42185865318e-06, 1.27181624521e-06, 4.83702876863e-07, 4.36644342017e-07, 3.18188881465e-07, 4.48303978828e-07, 6.70801682645e-07, 8.09769801435e-07, 4.76870411603e-07, 2.32709098213e-07, 2.53094157188e-07, 2.70318878393e-07, 2.38319188384e-07, 1.56409413421e-07],
        "min": [5.16471691712e-24, 1.87098353409e-23, 1.0452362818e-23, 1.31895792082e-23, 7.74386412015e-24, 4.36987605181e-24, 5.46218019283e-24, 3.71798585442e-24, 9.43208088873e-24, 1.35498062297e-23, 4.60887211267e-24, 5.86138285949e-24, 3.72329646604e-24, 4.97617206103e-24, 1.01219918152e-23, 7.96165836089e-24, 4.15615154448e-24, 5.17486916254e-24, 4.28973843346e-24, 5.01127597688e-24, 6.76244857886e-24, 1.02355767415e-23, 9.89907471171e-24, 1.48496943847e-23, 7.21707227398e-24, 9.3490564339e-24, 9.1435881448e-24, 8.01925861761e-24, 7.22473369109e-24, 6.20018323549e-24, 7.49401372767e-24, 8.37455210299e-24, 9.92078495268e-24, 1.15976397576e-23, 9.72228309424e-24, 1.06805368905e-23, 1.10509425842e-23, 8.37500964232e-24, 9.19371867761e-24, 5.82903088491e-24],
        "var": [4.5120195864e-06, 1.85580302059e-05, 7.92273749539e-06, 3.0812186651e-06, 3.88670969187e-07, 8.10770359294e-07, 5.014634894e-07, 2.91162109534e-07, 3.80074880013e-07, 1.17017208368e-07, 2.88634929291e-08, 6.74634659248e-09, 6.9816481485e-09, 4.22844559367e-09, 3.0663707129e-09, 1.80082426748e-09, 1.95490734711e-09, 2.50615417308e-09, 1.40721334585e-09, 6.7317162955e-10, 2.1105334147e-10, 3.05498210063e-10, 5.37545286061e-10, 2.80979184364e-10, 1.31245070367e-10, 1.67169875165e-10, 5.17606624229e-10, 1.37130223843e-10, 1.18616644285e-10, 4.64158642077e-11, 9.01621919486e-12, 1.9628017961e-11, 3.60846422187e-11, 3.96119907708e-11, 2.86826291884e-11, 2.69455152635e-11, 1.01239416156e-11, 3.03256746971e-12, 2.43340720837e-12, 1.07396470189e-12]
    },
    "mfcc": {
        "mean": [-645.104980469, 138.263061523, 9.53998184204, 29.3567142487, 24.0445175171, 6.97670984268, 3.2321498394, 11.7407045364, -5.87388372421, 4.08877229691, 6.31082201004, -9.0439414978, -4.16569280624],
        "cov": [[4286.26269531, -164.818435669, 180.060562134, -173.689300537, -206.484924316, -135.222793579, -234.216796875, 26.0153808594, -130.525238037, 163.505340576, -26.6854114532, 34.5076026917, 68.9508590698], [-164.818435669, 799.80682373, -219.351242065, -2.68575286865, 58.0893058777, -119.669723511, -29.2933044434, 19.4196395874, -29.5095806122, -59.2013130188, 61.0403556824, -34.9993400574, -1.87044584751], [180.060562134, -219.351242065, 211.555419922, -31.2316856384, -50.6362876892, 18.3589878082, -44.2802047729, -2.20837116241, -17.6029415131, 23.4579200745, -18.3699607849, 46.4183998108, 29.418340683], [-173.689300537, -2.68575286865, -31.2316856384, 144.670623779, 60.5496101379, 38.3292198181, 45.4652633667, -17.216966629, 16.4060287476, -34.811378479, -5.54331159592, -0.797824025154, -7.27006912231], [-206.484924316, 58.0893058777, -50.6362876892, 60.5496101379, 148.671615601, 9.09852981567, 23.8015785217, -0.410562634468, 11.0815229416, -28.5371131897, -3.55949568748, -5.07212257385, -16.5020008087], [-135.222793579, -119.669723511, 18.3589878082, 38.3292198181, 9.09852981567, 154.204956055, 68.9542312622, -14.3971061707, 38.3522834778, -9.03582286835, -3.74271416664, 1.92266440392, -0.35129699111], [-234.216796875, -29.2933044434, -44.2802047729, 45.4652633667, 23.8015785217, 68.9542312622, 158.582824707, 8.4712677002, 40.8733100891, -17.4606971741, -3.17030382156, -12.3419389725, -7.5680565834], [26.0153808594, 19.4196395874, -2.20837116241, -17.216966629, -0.410562634468, -14.3971061707, 8.4712677002, 99.0700683594, 11.6174259186, 6.01995515823, 15.6516828537, 4.18241739273, -0.171475350857], [-130.525238037, -29.5095806122, -17.6029415131, 16.4060287476, 11.0815229416, 38.3522834778, 40.8733100891, 11.6174259186, 89.8427429199, -1.16201043129, 7.28031396866, -9.78795051575, -13.3333129883], [163.505340576, -59.2013130188, 23.4579200745, -34.811378479, -28.5371131897, -9.03582286835, -17.4606971741, 6.01995515823, -1.16201043129, 100.584365845, 12.7738904953, -8.76101016998, 4.29777288437], [-26.6854114532, 61.0403556824, -18.3699607849, -5.54331159592, -3.55949568748, -3.74271416664, -3.17030382156, 15.6516828537, 7.28031396866, 12.7738904953, 80.7850265503, 10.5526180267, -0.892144739628], [34.5076026917, -34.9993400574, 46.4183998108, -0.797824025154, -5.07212257385, 1.92266440392, -12.3419389725, 4.18241739273, -9.78795051575, -8.76101016998, 10.5526180267, 93.6769714355, 31.9415931702], [68.9508590698, -1.87044584751, 29.418340683, -7.27006912231, -16.5020008087, -0.35129699111, -7.5680565834, -0.171475350857, -13.3333129883, 4.29777288437, -0.892144739628, 31.9415931702, 81.0961608887]],
