{
"lowlevel": {
    "average_loudness": 0.966954410076,
    "barkbands_crest": {
        "dmean": 2.65937876701,
        "dmean2": 4.43248224258,
        "dvar": 6.39817428589,
        "dvar2": 16.5167865753,
        "max": 22.6711177826,
        "mean": 10.385471344,
        "median": 9.82311916351,
        "min": 3.56028604507,
        "var": 11.8879175186
    },
    "barkbands_flatness_db": {
        "dmean": 0.0231913048774,
        "dmean2": 0.0371530391276,
        "dvar": 0.000527842203155,
        "dvar2": 0.00120001344476,
        "max": 0.471995443106,
        "mean": 0.224457785487,
        "median": 0.219446331263,
        "min": 0.0803672149777,
        "var": 0.0036209509708
    },
    "barkbands_kurtosis": {
        "dmean": 3.4565474987,
        "dmean2": 5.64955997467,
        "dvar": 37.9358024597,
        "dvar2": 96.5101165771,
        "max": 93.2582550049,
        "mean": 5.58229494095,
        "median": 3.60888671875,
        "min": -1.89224529266,
        "var": 50.6727600098
    },
    "barkbands_skewness": {
        "dmean": 0.545829534531,
        "dmean2": 0.851005017757,
        "dvar": 0.435253798962,
        "dvar2": 1.04729044437,
        "max": 8.40652751923,
        "mean": 1.82205581665,
        "median": 1.74052989483,
        "min": -1.06999862194,
        "var": 1.09117686749
    },
    "barkbands_spread": {
        "dmean": 3.04723310471,
        "dmean2": 4.70296382904,
        "dvar": 15.2582044601,
        "dvar2": 29.1365032196,
        "max": 87.0773773193,
        "mean": 12.4049539566,
        "median": 10.6244840622,
        "min": 1.16250443459,
        "var": 72.2075576782
    },
    "dissonance": {
        "dmean": 0.0232975818217,
        "dmean2": 0.0387162528932,
        "dvar": 0.000476400222396,
        "dvar2": 0.00124472263269,
        "max": 0.499999880791,
        "mean": 0.442930728197,
        "median": 0.451884269714,
        "min": 0.18994627893,
        "var": 0.00152968231123
    },
    "dynamic_complexity": 2.26549887657,
    "erbbands_crest": {
        "dmean": 2.06181001663,
        "dmean2": 3.30948758125,
        "dvar": 3.74805641174,
        "dvar2": 9.04197978973,
        "max": 29.4738121033,
        "mean": 8.60227394104,
        "median": 7.83409643173,
        "min": 3.01375770569,
        "var": 12.2924070358
    },
    "erbbands_flatness_db": {
        "dmean": 0.0145783796906,
        "dmean2": 0.0202003773302,
        "dvar": 0.000279031286482,
        "dvar2": 0.000487147073727,
        "max": 0.408009171486,
        "mean": 0.212049663067,
        "median": 0.211674690247,
        "min": 0.111328467727,
        "var": 0.00204565236345
    },
    "erbbands_kurtosis": {
        "dmean": 0.74945884943,
        "dmean2": 1.14993727207,
        "dvar": 1.16521167755,
        "dvar2": 2.7904279232,
        "max": 23.5331058502,
        "mean": 0.464621603489,
        "median": -0.283065080643,
        "min": -1.6665956974,
        "var": 4.37076568604
    },
    "erbbands_skewness": {
        "dmean": 0.292845934629,
        "dmean2": 0.448889642954,
        "dvar": 0.0722637176514,
        "dvar2": 0.160183995962,
        "max": 3.63754415512,
        "mean": 0.478810280561,
        "median": 0.432868748903,
        "min": -1.8648352623,
        "var": 0.414083808661
    },
    "erbbands_spread": {
        "dmean": 5.89022016525,
        "dmean2": 8.45927429199,
        "dvar": 50.3201751709,
        "dvar2": 100.058555603,
        "max": 134.348220825,
        "mean": 31.9100704193,
        "median": 30.423538208,
        "min": 4.72968769073,
        "var": 246.540527344
    },
    "hfc": {
        "dmean": 3.6238181591,
        "dmean2": 5.17359161377,
        "dvar": 24.4288063049,
        "dvar2": 51.1671257019,
        "max": 88.1734619141,
        "mean": 16.1449813843,
        "median": 12.6588525772,
        "min": 0.000197411398403,
        "var": 160.356521606
    },
    "melbands_crest": {
        "dmean": 3.47261500359,
        "dmean2": 5.5829911232,
        "dvar": 11.0231342316,
        "dvar2": 26.4987239838,
        "max": 34.2279205322,
        "mean": 14.7430953979,
        "median": 13.8994293213,
        "min": 5.40767335892,
        "var": 25.4009819031
    },
    "melbands_flatness_db": {
        "dmean": 0.0268281642348,
        "dmean2": 0.0411825850606,
        "dvar": 0.000798498222139,
        "dvar2": 0.00165428267792,
        "max": 0.606447398663,
        "mean": 0.282972723246,
        "median": 0.278507053852,
        "min": 0.0670462995768,
        "var": 0.00623574340716
    },
    "melbands_kurtosis": {
        "dmean": 7.26485109329,
        "dmean2": 11.6938009262,
        "dvar": 156.311264038,
        "dvar2": 387.195007324,
        "max": 195.978897095,
        "mean": 13.9865026474,
        "median": 9.77848052979,
        "min": -1.48922228813,
        "var": 227.210220337
    },
    "melbands_skewness": {
        "dmean": 0.712610125542,
        "dmean2": 1.10873436928,
        "dvar": 0.705714166164,
        "dvar2": 1.67595672607,
        "max": 10.1576662064,
        "mean": 2.74302172661,
        "median": 2.58059501648,
        "min": -0.606091082096,
        "var": 1.9074870348
    },
    "melbands_spread": {
        "dmean": 3.36770558357,
        "dmean2": 5.34551239014,
        "dvar": 19.3392715454,
        "dvar2": 47.006439209,
        "max": 89.7127990723,
        "mean": 12.1921024323,
        "median": 10.1059684753,
        "min": 1.03065609932,
        "var": 72.1779785156
    },
    "pitch_salience": {
        "dmean": 0.0726344883442,
        "dmean2": 0.119996845722,
        "dvar": 0.00435474002734,
        "dvar2": 0.0114126605913,
        "max": 0.797095954418,
        "mean": 0.527774333954,
        "median": 0.532131552696,
        "min": 0.185329556465,
        "var": 0.0114311929792
    },
    "silence_rate_20dB": {
        "dmean": 0,
        "dmean2": 0,
        "dvar": 0,
        "dvar2": 0,
        "max": 1,
        "mean": 1,
        "median": 1,
        "min": 1,
        "var": 0
    },
    "silence_rate_30dB": {
        "dmean": 0.0441176481545,
        "dmean2": 0.088269457221,
        "dvar": 0.0421706438065,
        "dvar2": 0.117645040154,
        "max": 1,
        "mean": 0.974081218243,
        "median": 1,
        "min": 0,
        "var": 0.0252466555685
    },
    "silence_rate_60dB": {
        "dmean": 0.00232198135927,
        "dmean2": 0.00464576063678,
        "dvar": 0.00231657386757,
        "dvar2": 0.00462422845885,
        "max": 1,
        "mean": 0.0127659570426,
        "median": 0,
        "min": 0,
        "var": 0.012603091076
    },
    "spectral_centroid": {
        "dmean": 124.714164734,
        "dmean2": 191.947738647,
        "dvar": 23319.8652344,
        "dvar2": 49721.6367188,
        "max": 2874.40209961,
        "mean": 746.924743652,
        "median": 674.573547363,
        "min": 207.613082886,
        "var": 141024.171875
    },
    "spectral_complexity": {
        "dmean": 2.35603713989,
        "dmean2": 3.7220287323,
        "dvar": 7.69364643097,
        "dvar2": 17.5634307861,
        "max": 45,
        "mean": 15.9957447052,
        "median": 16,
        "min": 0,
        "var": 43.663646698
    },
    "spectral_decrease": {
        "dmean": 4.10755296443e-09,
        "dmean2": 6.49025766464e-09,
        "dvar": 3.21528512083e-17,
        "dvar2": 7.42275750456e-17,
        "max": -1.78969903133e-13,
        "mean": -1.08195603588e-08,
        "median": -9.10864184078e-09,
        "min": -4.46670327392e-08,
        "var": 5.29874099475e-17
    },
    "spectral_energy": {
        "dmean": 0.0157156735659,
        "dmean2": 0.0248030107468,
        "dvar": 0.000465907418402,
        "dvar2": 0.0010734598618,
        "max": 0.172034725547,
        "mean": 0.042299952358,
        "median": 0.0357741415501,
        "min": 6.93378694905e-07,
        "var": 0.000786133867223
    },
    "spectral_energyband_high": {
        "dmean": 0.000133134657517,
        "dmean2": 0.000174477114342,
        "dvar": 1.23222164916e-07,
        "dvar2": 2.22994941623e-07,
        "max": 0.00797659158707,
        "mean": 0.000296679034363,
        "median": 5.93897057115e-05,
        "min": 2.3475099642e-10,
        "var": 5.60287389817e-07
    },
    "spectral_energyband_low": {
        "dmean": 0.0127965835854,
        "dmean2": 0.0208375845104,
        "dvar": 0.000430175248766,
        "dvar2": 0.00103608006611,
        "max": 0.154459938407,
        "mean": 0.020199296996,
        "median": 0.0122173465788,
        "min": 1.78790415362e-07,
        "var": 0.000541506975424
    },
    "spectral_energyband_middle_high": {
        "dmean": 0.00133007881232,
        "dmean2": 0.0019930282142,
        "dvar": 9.48198976403e-06,
        "dvar2": 2.22726885113e-05,
        "max": 0.064043700695,
        "mean": 0.00453056721017,
        "median": 0.00260253157467,
        "min": 1.6693999072e-08,
        "var": 4.50995285064e-05
    },
    "spectral_energyband_middle_low": {
        "dmean": 0.00631466088817,
        "dmean2": 0.00974921602756,
        "dvar": 9.54794159043e-05,
        "dvar2": 0.000215013889829,
        "max": 0.104547560215,
        "mean": 0.0190915483981,
        "median": 0.0155174368992,
        "min": 5.27001532191e-07,
        "var": 0.000199864545721
    },
    "spectral_entropy": {
        "dmean": 0.154164925218,
        "dmean2": 0.214268490672,
        "dvar": 0.0388280674815,
        "dvar2": 0.0680802538991,
        "max": 8.31950473785,
        "mean": 6.94707679749,
        "median": 6.96661472321,
        "min": 4.88698768616,
        "var": 0.325689315796
    },
    "spectral_flux": {
        "dmean": 0.0335426703095,
        "dmean2": 0.0542938560247,
        "dvar": 0.00186026375741,
        "dvar2": 0.00421579414979,
        "max": 0.363120824099,
        "mean": 0.0938450247049,
        "median": 0.0798701569438,
        "min": 0.000853704230394,
        "var": 0.00335796293803
    },
    "spectral_kurtosis": {
        "dmean": 4.71652317047,
        "dmean2": 7.72222661972,
        "dvar": 81.3978271484,
        "dvar2": 171.265197754,
        "max": 221.645843506,
        "mean": 10.5270605087,
        "median": 6.51648426056,
        "min": -1.11312532425,
        "var": 351.404602051
    },
    "spectral_rms": {
        "dmean": 0.00109669426456,
        "dmean2": 0.0017066213768,
        "dvar": 1.67469875123e-06,
        "dvar2": 3.6544561226e-06,
        "max": 0.0129552604631,
        "mean": 0.00609120260924,
        "median": 0.00590775767341,
        "min": 2.60089782387e-05,
        "var": 4.16544935433e-06
    },
    "spectral_rolloff": {
        "dmean": 211.898071289,
        "dmean2": 356.312438965,
        "dvar": 174518.046875,
        "dvar2": 412004.40625,
        "max": 6782.95898438,
        "mean": 669.041809082,
        "median": 538.330078125,
        "min": 64.599609375,
        "var": 368801.0625
    },
    "spectral_skewness": {
        "dmean": 0.403235465288,
        "dmean2": 0.639764487743,
        "dvar": 0.27804762125,
        "dvar2": 0.566212177277,
        "max": 12.1421079636,
        "mean": 2.09478282928,
        "median": 1.85408747196,
        "min": -0.104143939912,
        "var": 1.52065515518
    },
    "spectral_spread": {
        "dmean": 330223.3125,
        "dmean2": 448258.375,
        "dvar": 162675523584,
        "dvar2": 238630256640,
        "max": 9607349,
        "mean": 3069426.5,
        "median": 2714599,
        "min": 415454.28125,
        "var": 1.36286712627e+12
    },
    "spectral_strongpeak": {
        "dmean": 0.393810331821,
        "dmean2": 0.668162286282,
        "dvar": 0.471918970346,
        "dvar2": 1.13595104218,
        "max": 8.83546638489,
        "mean": 0.783532857895,
        "median": 0.475979179144,
        "min": 0,
        "var": 1.25199651718
    },
    "zerocrossingrate": {
        "dmean": 0.00527699012309,
        "dmean2": 0.00629548216239,
        "dvar": 4.60433730041e-05,
        "dvar2": 4.87695579068e-05,
        "max": 0.20458984375,
        "mean": 0.0305210724473,
        "median": 0.0263671875,
        "min": 0.001953125,
        "var": 0.000365796964616
    },
    "barkbands": {
        "dmean": [0.00103082961868, 0.0099684484303, 0.00264060357586, 0.00269867526367, 0.00293342559598, 0.00154281442519, 0.000466118974146, 0.000758655369282, 0.000762111565564, 0.000604543078225, 0.000434951478383, 0.000303083448671, 0.00031640229281, 0.000365179905202, 0.000177465568413, 0.000193818967091, 0.000118531359476, 5.05571042595e-05, 7.88848046795e-05, 4.06682920584e-05, 3.91481553379e-05, 3.50548725692e-05, 2.81389147858e-05, 2.53572288784e-05, 6.46506532576e-06, 6.19763218523e-09, 1.55283974568e-09],
        "dmean2": [0.00153743440751, 0.0165123809129, 0.0044547826983, 0.00452262815088, 0.00464147469029, 0.00237708026543, 0.000687707215548, 0.00116958725266, 0.00114059005864, 0.000896915385965, 0.000673436792567, 0.000457854650449, 0.000508253637236, 0.000593924254645, 0.000288279959932, 0.000327066227328, 0.000198065317818, 8.32248260849e-05, 0.000127537510707, 6.46856497042e-05, 5.89784613112e-05, 4.92462495458e-05, 3.79345110559e-05, 3.22038104059e-05, 8.21461708256e-06, 9.22439635787e-09, 2.86654877613e-09],
        "dvar": [6.68222946842e-06, 0.000308326416416, 1.98887319129e-05, 4.54019063909e-05, 2.95007157547e-05, 3.65459550267e-06, 7.22534252873e-07, 1.17404090361e-06, 2.42333680944e-06, 5.52048322788e-06, 1.76061575985e-06, 1.52987433921e-06, 2.99056921449e-07, 1.61725358794e-06, 1.02213206787e-07, 1.49027854945e-07, 5.60482540379e-08, 7.04092562032e-09, 2.21553868585e-08, 6.54080833939e-09, 9.29869248267e-09, 1.24586119199e-08, 9.91229587299e-09, 7.94833798778e-09, 4.31556207436e-10, 2.69611116507e-16, 3.94628555582e-18],
        "dvar2": [1.38074974529e-05, 0.000768550555222, 5.28158634552e-05, 0.000112121138955, 6.80213634041e-05, 8.52415178088e-06, 1.78480865998e-06, 2.59301009464e-06, 4.99940369991e-06, 1.31534461616e-05, 3.89781826016e-06, 3.23686481352e-06, 7.54694383431e-07, 4.22899393016e-06, 2.2169120939e-07, 3.90359417679e-07, 1.49008542394e-07, 1.88296613857e-08, 5.48933165589e-08, 1.7311080569e-08, 2.2865808802e-08, 2.77436384977e-08, 1.96523135543e-08, 1.39854492431e-08, 6.46910525148e-10, 5.25894593105e-16, 1.22665805953e-17],
        "max": [0.0259089171886, 0.137817531824, 0.048623573035, 0.0824766904116, 0.070787101984, 0.0357682034373, 0.0188720785081, 0.0211215894669, 0.0414322577417, 0.0495945103467, 0.034595683217, 0.0363104455173, 0.0114401839674, 0.0271600279957, 0.00774609902874, 0.00797315686941, 0.00578632205725, 0.0015767988516, 0.00492916675285, 0.0016400211025, 0.00204479531385, 0.0027604161296, 0.00289746094495, 0.00329852569848, 0.000601961743087, 3.58315787707e-07, 1.76020833464e-08],
        "mean": [0.00112966296729, 0.0120552713051, 0.00546021666378, 0.00400894181803, 0.00643227389082, 0.00370913161896, 0.00102095701732, 0.00168745883275, 0.00157365563791, 0.00100633082911, 0.000934671843424, 0.000636458978988, 0.000501515809447, 0.000700563832652, 0.000303187960526, 0.000333673728164, 0.000205365256988, 0.000101893136161, 0.000164423821843, 7.89461628301e-05, 7.78636313044e-05, 6.5315158281e-05, 5.13527047588e-05, 4.86260469188e-05, 1.2160753613e-05, 9.56818713149e-09, 1.26712307313e-09],
        "median": [0.000162976924912, 0.00632295245305, 0.00302532478236, 0.00113516580313, 0.00438683386892, 0.00258769514039, 0.000568149087485, 0.00112072622869, 0.000877676182427, 0.000207228251384, 0.000251282704994, 9.11019815248e-05, 0.000276568869594, 0.000179814669536, 0.000184287811862, 0.000182305608178, 0.000120139498904, 5.63243411307e-05, 9.59044700721e-05, 3.55481170118e-05, 1.74519955181e-05, 9.00756640476e-06, 4.23505207436e-06, 3.35873914992e-06, 9.84397388493e-07, 2.03401806509e-09, 5.53333934228e-10],
        "min": [1.16239728953e-09, 1.9203104884e-08, 5.88873394491e-09, 1.69215539358e-08, 1.32026784172e-07, 4.7768065059e-08, 4.89266938075e-09, 5.64028468375e-09, 1.88179480887e-08, 3.53710616352e-09, 3.67937325052e-09, 1.66575614413e-10, 7.24143300879e-10, 1.57702539916e-09, 2.79997969255e-10, 4.35435298929e-11, 6.09032685395e-11, 2.61620603653e-11, 3.59357231472e-11, 4.26379868912e-11, 6.42010056229e-11, 3.70995699439e-11, 2.4266422205e-11, 1.59276324768e-11, 1.12154105447e-11, 3.94802853604e-12, 5.0052687689e-12],
        "var": [8.55001508171e-06, 0.000311629206408, 4.13027992181e-05, 5.57147905056e-05, 5.58441606699e-05, 1.26298336909e-05, 1.86294073501e-06, 3.69169629266e-06, 5.8272376009e-06, 9.86159102467e-06, 8.85377357918e-06, 5.81832500757e-06, 4.7357715971e-07, 4.84252450406e-06, 2.24339260058e-07, 2.65781721964e-07, 1.04972677661e-07, 1.92075582106e-08, 7.1572053173e-08, 1.81267996169e-08, 3.20514956798e-08, 3.60549705647e-08, 2.97425870599e-08, 2.66017625705e-08, 1.4459347053e-09, 6.70121010616e-16, 3.3719961836e-18]
    },
    "erbbands": {
        "dmean": [0.329467743635, 2.1314868927, 3.7014734745, 5.69993591309, 10.4366188049, 8.69581699371, 13.8611440659, 11.9727258682, 6.36885118484, 13.9207286835, 11.3645191193, 19.8129997253, 20.6521682739, 11.2168426514, 17.2172718048, 13.6896257401, 15.2702293396, 17.571647644, 7.18108510971, 14.0326366425, 7.65388727188, 4.40648317337, 2.56076145172, 4.34388637543, 3.06789898872, 2.02241110802, 1.89927899837, 1.43483066559, 1.25549352169, 1.11115705967, 0.72890406847, 0.567997097969, 0.410136163235, 0.14018574357, 0.0104169175029, 0.000458921480458, 2.76054415735e-05, 4.27808072345e-06, 7.36258152756e-06, 1.71504143509e-05],
        "dmean2": [0.524364888668, 3.69983506203, 6.33906698227, 9.36927223206, 17.1946716309, 13.6784152985, 21.0348548889, 19.2285308838, 9.04913043976, 21.4971218109, 17.4894752502, 29.3362731934, 31.1863117218, 16.5955619812, 25.7327384949, 20.8498325348, 24.4350585938, 28.457616806, 11.2815437317, 22.916852951, 12.6900606155, 7.27608633041, 4.21123600006, 7.22663450241, 4.86407470703, 3.24210214615, 2.97933244705, 2.13457417488, 1.7402920723, 1.62038934231, 0.9719825387, 0.769401490688, 0.509477674961, 0.175686180592, 0.0138753466308, 0.000599879072979, 3.48065586877e-05, 5.54089729121e-06, 1.12433272079e-05, 2.69471656793e-05],
        "dvar": [0.60988432169, 12.3120632172, 34.571018219, 180.499862671, 571.518676758, 207.371932983, 305.578857422, 247.795135498, 128.442382812, 497.355407715, 350.651763916, 1839.56604004, 7405.73828125, 2044.34765625, 2381.94995117, 2468.25244141, 553.344787598, 4241.67089844, 536.461608887, 446.451568604, 205.026123047, 50.9291000366, 14.8257665634, 39.6113014221, 72.3605957031, 13.9846696854, 28.3888874054, 12.7804460526, 14.7268705368, 22.0875282288, 5.65623474121, 4.66962766647, 1.84297823906, 0.20645570755, 0.000897946534678, 1.71801013948e-06, 5.3145670087e-09, 1.17402310096e-10, 9.45272957131e-11, 5.45630374216e-10],
        "dvar2": [1.38285887241, 34.1482849121, 96.8957061768, 436.524536133, 1406.50720215, 496.175231934, 744.023132324, 667.459838867, 295.812133789, 1256.96594238, 643.225097656, 3728.35620117, 17729.4472656, 4524.69042969, 4892.41552734, 5107.23974609, 1334.30908203, 10434.8984375, 1376.25292969, 1126.82641602, 463.127288818, 131.253723145, 37.7500915527, 111.275978088, 179.045730591, 35.9081230164, 83.9314498901, 28.6817798615, 33.1423377991, 55.0810470581, 10.0493764877, 9.85424518585, 2.68016862869, 0.313222438097, 0.0014239117736, 2.6519662697e-06, 7.5153048229e-09, 1.66168759308e-10, 2.11743803047e-10, 1.25389709726e-09],
        "max": [6.37663555145, 27.6868782043, 58.5703659058, 178.06439209, 270.718078613, 220.608078003, 203.393814087, 250.186828613, 227.508865356, 445.214141846, 592.83013916, 1311.08447266, 1876.48706055, 1277.32885742, 1276.99157715, 1459.54187012, 399.626953125, 1510.25720215, 641.40045166, 348.687988281, 496.370788574, 150.933822632, 78.3749923706, 92.396736145, 298.722869873, 84.2129745483, 132.7865448, 71.6351394653, 87.5138320923, 126.261459351, 77.2009124756, 76.7291793823, 45.9842033386, 12.919380188, 0.853480517864, 0.0365309566259, 0.00197235262021, 0.000322826963384, 0.000105050705315, 0.000191640443518],
        "mean": [0.349041819572, 2.63235878944, 7.00887775421, 9.23813247681, 18.1445007324, 20.3563671112, 30.7186470032, 27.5575428009, 16.1715106964, 29.5743045807, 28.2952003479, 41.9301376343, 37.1475372314, 22.0419979095, 37.6840438843, 31.2760181427, 26.4038257599, 35.500164032, 14.5312347412, 25.8392772675, 14.5755081177, 8.68221950531, 5.7040476799, 8.94928741455, 6.38042926788, 4.11745405197, 3.56249761581, 2.829880476, 2.34639430046, 1.87834203243, 1.35201466084, 1.03086698055, 0.811026155949, 0.27812281251, 0.019852405414, 0.000911200768314, 6.52752059978e-05, 1.05301187432e-05, 2.19752128032e-05, 4.79209593323e-05],
        "median": [0.11261485517, 1.51042997837, 4.24970436096, 4.19377088547, 9.7947063446, 12.6837873459, 23.2846736908, 18.3117980957, 8.9232339859, 20.0146808624, 18.6976089478, 24.3070907593, 7.93862056732, 7.02761650085, 12.1798610687, 7.41954374313, 15.2048912048, 8.34411907196, 6.79275083542, 17.2513942719, 8.9682674408, 5.64228200912, 3.91267681122, 6.23518276215, 2.5925784111, 1.99764955044, 1.0239880085, 0.507350564003, 0.332970291376, 0.177700340748, 0.125262901187, 0.0746608451009, 0.0488777011633, 0.0227178819478, 0.00178111949936, 0.000106325926026, 2.13185539906e-05, 3.78566892323e-06, 1.83572865353e-05, 4.0733077185e-05],
        "min": [2.65750742301e-07, 6.49507592243e-06, 8.23667232908e-06, 3.07892951241e-05, 0.000144381789141, 0.000556487590075, 0.00135401217267, 0.000210326732486, 4.92443032272e-05, 9.89423933788e-05, 0.000286718423013, 0.000551264092792, 0.000222344431677, 0.000142262782902, 0.000239367233007, 1.99281839741e-05, 3.59289442713e-05, 7.5701806054e-05, 4.2396462959e-05, 7.88917441241e-06, 2.11558199226e-06, 2.6913662623e-06, 2.45650812758e-06, 1.86068325547e-06, 1.21407219922e-06, 1.80685401574e-06, 3.00235274153e-06, 2.55272311733e-06, 1.20840218187e-06, 6.08564221238e-07, 6.74163004533e-07, 3.72364979739e-07, 3.03563808757e-07, 1.61320244274e-07, 4.59027909017e-08, 1.92511553365e-08, 7.01407110171e-09, 2.74308731285e-09, 1.05359798663e-09, 8.50148285103e-10],
        "var": [0.632026791573, 11.0787620544, 61.3519477844, 232.639480591, 757.235473633, 543.561340332, 726.051086426, 736.883239746, 417.734436035, 1055.07580566, 1358.16430664, 4233.73632812, 14522.8769531, 3727.61474609, 9730.20703125, 10495.6435547, 1091.23046875, 13965.9199219, 906.535583496, 977.938110352, 478.946166992, 123.894416809, 44.2871208191, 96.108253479, 221.504562378, 43.2757568359, 72.6770782471, 46.2432479858, 42.553894043, 45.4896125793, 18.461397171, 12.743221283, 7.11215019226, 0.724223911762, 0.00298259197734, 5.99777877142e-06, 2.14406004062e-08, 5.08717179493e-10, 2.07679290432e-10, 9.62775748015e-10]
    },
    "gfcc": {
        "mean": [-38.6829528809, 173.040542603, -130.403259277, 46.2406272888, -57.0423545837, 8.96723747253, -28.8778800964, -4.5407075882, -3.99036550522, -16.6949386597, 6.9914560318, -21.0715942383, 8.66596317291],
        "cov": [[4591.03027344, -1339.984375, -895.860473633, 608.154968262, -394.713592529, 461.408416748, -245.227935791, 113.201454163, -198.336090088, 56.4294166565, -59.4094200134, -120.214569092, -38.9606590271], [-1339.984375, 1049.29382324, 152.915100098, -432.602935791, 437.796539307, -289.354644775, 216.989242554, -97.2811737061, 150.318634033, -64.1624603271, 64.7541732788, 0.215007156134, -10.8206796646], [-895.860473633, 152.915100098, 729.712463379, 33.5487098694, -96.7020721436, -61.5477104187, 30.9613647461, 23.5454330444, 22.0025024414, -31.6959781647, -28.5945968628, 44.1407852173, -0.497044414282], [608.154968262, -432.602935791, 33.5487098694, 424.679901123, -116.063011169, 84.5919876099, -63.6905288696, 45.8921585083, -0.432794302702, -3.46757268906, -20.3968715668, -13.7660617828, -22.4622383118], [-394.713592529, 437.796539307, -96.7020721436, -116.063011169, 372.817749023, -64.150932312, 111.772140503, -44.0865287781, 97.5123214722, -13.1752595901, 44.0488548279, -7.50568628311, -15.3799781799], [461.408416748, -289.354644775, -61.5477104187, 84.5919876099, -64.150932312, 205.441894531, -26.6699943542, 10.5295066833, -48.7250289917, 29.0294418335, -12.7476596832, -8.57952976227, 3.02526783943], [-245.227935791, 216.989242554, 30.9613647461, -63.6905288696, 111.772140503, -26.6699943542, 166.705307007, 12.1093292236, 30.5965042114, -5.15832185745, 27.2917861938, 6.3567032814, 14.512556076], [113.201454163, -97.2811737061, 23.5454330444, 45.8921585083, -44.0865287781, 10.5295066833, 12.1093292236, 98.7580108643, 4.95294380188, 10.0145120621, -7.60003709793, 12.7974596024, 21.1972084045], [-198.336090088, 150.318634033, 22.0025024414, -0.432794302702, 97.5123214722, -48.7250289917, 30.5965042114, 4.95294380188, 119.12890625, 6.36457538605, 17.2534065247, 11.3506278992, -5.24166345596], [56.4294166565, -64.1624603271, -31.6959781647, -3.46757268906, -13.1752595901, 29.0294418335, -5.15832185745, 10.0145120621, 6.36457538605, 72.0323867798, 24.8093662262, 4.83070039749, 14.0860385895], [-59.4094200134, 64.7541732788, -28.5945968628, -20.3968715668, 44.0488548279, -12.7476596832, 27.2917861938, -7.60003709793, 17.2534065247, 24.8093662262, 65.7128753662, 19.8264560699, 5.49230670929], [-120.214569092, 0.215007156134, 44.1407852173, -13.7660617828, -7.50568628311, -8.57952976227, 6.3567032814, 12.7974596024, 11.3506278992, 4.83070039749, 19.8264560699, 62.1841430664, 32.6844177246], [-38.9606590271, -10.8206796646, -0.497044414282, -22.4622383118, -15.3799781799, 3.02526783943, 14.512556076, 21.1972084045, -5.24166345596, 14.0860385895, 5.49230670929, 32.6844177246, 71.4773635864]],
        "icov": [[0.000561225984711, -0.000496332533658, 0.000834634469356, -0.000857633713167, 0.000696448027156, -0.000961663608905, 0.000297449587379, -0.000631374365184, 0.000377420132281, -6.22353618382e-05, 0.000110287197458, 0.000118472758913, 0.000261758919805], [-0.000496332533658, 0.0238145459443, -0.00730576785281, 0.0159285869449, -0.0147096328437, 0.0155386263505, -0.0086625861004, 0.00886514876038, -0.00993337761611, 0.0130376117304, -0.0107894390821, 0.0141476700082, -0.0053414828144], [0.000834634469356, -0.00730576785281, 0.00483493227512, -0.00568471523002, 0.00579795287922, -0.00500621972606, 0.00182876863983, -0.00305307726376, 0.002772053238, -0.00360963167623, 0.00444609019905, -0.00569976773113, 0.00276899291202], [-0.000857633713167, 0.0159285869449, -0.00568471523002, 0.0143790896982, -0.00936143565923, 0.00953085813671, -0.0049856659025, 0.00488460203633, -0.00823299400508, 0.00987536273897, -0.00807757303119, 0.0100623527542, -0.0029613438528], [0.000696448027156, -0.0147096328437, 0.00579795287922, -0.00936143565923, 0.0148881236091, -0.0101571371779, 0.00275548896752, -0.00392460729927, 0.00222997367382, -0.00610118405893, 0.00480999797583, -0.00735978316516, 0.00385072990321], [-0.000961663608905, 0.0155386263505, -0.00500621972606, 0.00953085813671, -0.0101571371779, 0.0177117697895, -0.00635278131813, 0.00659758783877, -0.00379053666256, 0.00446788873523, -0.00450565712526, 0.00769382761791, -0.00314382859506], [0.000297449587379, -0.0086625861004, 0.00182876863983, -0.0049856659025, 0.00275548896752, -0.00635278131813, 0.012467995286, -0.00608151219785, 0.00362073793076, -0.00257421517745, -9.36729775276e-05, -0.00244086934254, -0.000673326372635], [-0.000631374365184, 0.00886514876038, -0.00305307726376, 0.00488460203633, -0.00392460729927, 0.00659758783877, -0.00608151219785, 0.0168705265969, -0.00539751397446, 0.00258578802459, -0.000827838026453, 0.00306119630113, -0.00462191132829], [0.000377420132281, -0.00993337761611, 0.002772053238, -0.00823299400508, 0.00222997367382, -0.00379053666256, 0.00362073793076, -0.00539751397446, 0.0176846273243, -0.00914661958814, 0.00564031442627, -0.00923571549356, 0.00452895183116], [-6.22353618382e-05, 0.0130376117304, -0.00360963167623, 0.00987536273897, -0.00610118405893, 0.00446788873523, -0.00257421517745, 0.00258578802459, -0.00914661958814, 0.0280993431807, -0.0165644437075, 0.0129484739155, -0.00758441863582], [0.000110287197458, -0.0107894390821, 0.00444609019905, -0.00807757303119, 0.00480999797583, -0.00450565712526, -9.36729775276e-05, -0.000827838026453, 0.00564031442627, -0.0165644437075, 0.0307611972094, -0.017684943974, 0.00681050959975], [0.000118472758913, 0.0141476700082, -0.00569976773113, 0.0100623527542, -0.00735978316516, 0.00769382761791, -0.00244086934254, 0.00306119630113, -0.00923571549356, 0.0129484739155, -0.017684943974, 0.0369224250317, -0.0157462675124], [0.000261758919805, -0.0053414828144, 0.00276899291202, -0.0029613438528, 0.00385072990321, -0.00314382859506, -0.000673326372635, -0.00462191132829, 0.00452895183116, -0.00758441863582, 0.00681050959975, -0.0157462675124, 0.0233858916909]]
    },
    "melbands": {
        "dmean": [0.00276817125268, 0.00224907230586, 0.00112731847912, 0.000652917195112, 0.000474500906421, 0.000267652590992, 9.458373097e-05, 0.000165381177794, 9.97623283183e-05, 0.000116841838462, 0.000101858320704, 4.56297238998e-05, 6.25077445875e-05, 4.37091257481e-05, 3.68618239008e-05, 2.2639753297e-05, 3.95221140934e-05, 1.46064721775e-05, 1.24621301438e-05, 2.17110318772e-05, 7.81027483754e-06, 5.25451150679e-06, 4.36272739535e-06, 2.38896268456e-06, 3.88916896554e-06, 3.01446402773e-06, 1.52851737312e-06, 1.38134430472e-06, 1.26083341456e-06, 1.02277829228e-06, 8.39665403873e-07, 7.56575445848e-07, 6.79234005929e-07, 6.32195735761e-07, 4.41166463361e-07, 4.20570160031e-07, 3.45403378788e-07, 3.08988660436e-07, 2.2833646085e-07, 9.23888947568e-08],
        "dmean2": [0.00447264127433, 0.00389660033397, 0.00185687677003, 0.0010600653477, 0.000721112359315, 0.000422175304266, 0.000134422341944, 0.000256280938629, 0.000151076514157, 0.000173904947587, 0.00015437194088, 6.74166585668e-05, 9.47041189647e-05, 6.31663278909e-05, 5.85476591368e-05, 3.60239864676e-05, 6.41338847345e-05, 2.27858618018e-05, 1.99358073587e-05, 3.64932566299e-05, 1.27939711092e-05, 8.69162522577e-06, 7.26782809579e-06, 3.96069617636e-06, 6.49474850434e-06, 4.8344395509e-06, 2.46422359851e-06, 2.25011558541e-06, 1.99695023184e-06, 1.57430940817e-06, 1.27054397581e-06, 1.07269249838e-06, 1.00252918855e-06, 9.25196673052e-07, 5.94756613737e-07, 5.94409527821e-07, 4.9351706366e-07, 3.89779017951e-07, 2.93721825528e-07, 1.20861542996e-07],
        "dvar": [3.09929309878e-05, 1.20841523312e-05, 5.93274626226e-06, 1.99035866899e-06, 3.4425303852e-07, 1.17152055168e-07, 2.9204407781e-08, 6.60231691541e-08, 2.84046208776e-08, 6.60706405142e-08, 1.85820141496e-07, 3.91907626351e-08, 3.85130078939e-08, 2.92423667503e-08, 3.97486621395e-09, 1.71028635698e-09, 2.21649507637e-08, 2.99139535365e-09, 5.07026698404e-10, 1.37902966824e-09, 3.56492724229e-10, 1.1528027144e-10, 3.24453519607e-11, 1.58331472933e-11, 3.23308706196e-11, 5.92928761645e-11, 1.25291409192e-11, 6.57916776614e-12, 1.45069711452e-11, 5.95850105367e-12, 4.43869507122e-12, 5.47779833646e-12, 6.05745922172e-12, 8.32245904137e-12, 2.11762183309e-12, 2.47012610019e-12, 2.05737271837e-12, 1.03027460695e-12, 6.22176843466e-13, 7.76954997735e-14],
        "dvar2": [7.22165350453e-05, 3.45891239704e-05, 1.43840479723e-05, 4.78405399917e-06, 8.47717615216e-07, 2.98384861708e-07, 6.78996343595e-08, 1.6417227755e-07, 5.27408552387e-08, 1.34993541678e-07, 4.45890549372e-07, 8.93533140811e-08, 8.09602056506e-08, 5.62472664001e-08, 9.61098844954e-09, 4.28131574637e-09, 5.56154482467e-08, 7.77425324117e-09, 1.08940634291e-09, 3.77188591472e-09, 7.63551444294e-10, 3.00728192348e-10, 8.91506313216e-11, 4.16771062106e-11, 9.24014614823e-11, 1.47078543788e-10, 3.2345529033e-11, 1.71730876047e-11, 4.38844932615e-11, 1.52342617687e-11, 1.00293037764e-11, 1.30015677044e-11, 1.41173331705e-11, 2.16151263555e-11, 3.93498818599e-12, 4.99612070465e-12, 4.77599080076e-12, 1.54476832801e-12, 9.63983450356e-13, 1.32462996735e-13],
        "max": [0.0431524738669, 0.0280195698142, 0.0295554567128, 0.018121002242, 0.00708000501618, 0.00594084849581, 0.00344226160087, 0.00483325077221, 0.00480259768665, 0.00812633149326, 0.009082804434, 0.00545083219185, 0.00555884931237, 0.00541987083852, 0.00102917477489, 0.000912598450668, 0.00341886724345, 0.00158657087013, 0.00050033419393, 0.000620278180577, 0.000788464560173, 0.000222922113608, 0.000108868996904, 6.63211903884e-05, 7.23361517885e-05, 0.00028376528644, 8.37224943098e-05, 6.04634078627e-05, 0.000103580401628, 5.25301657035e-05, 4.38163297076e-05, 5.46004121134e-05, 6.65958286845e-05, 8.17405962152e-05, 4.71994899272e-05, 3.69674417016e-05, 5.04776980961e-05, 3.53035138687e-05, 2.45139945036e-05, 6.70195777275e-06],
        "mean": [0.00321070849895, 0.0036971445661, 0.00196480448358, 0.00137088366318, 0.00110011559445, 0.000632757146377, 0.000228935969062, 0.000350605288986, 0.000243880946073, 0.000242899768637, 0.00017583456065, 8.02123904577e-05, 0.00013542304805, 9.20068632695e-05, 6.58859862597e-05, 3.79672419513e-05, 7.51962943468e-05, 2.43106296693e-05, 2.17445704038e-05, 3.83521291951e-05, 1.35877362482e-05, 9.47647913563e-06, 7.4275658335e-06, 4.73112731925e-06, 7.53601216275e-06, 5.73278748561e-06, 2.91885885417e-06, 2.63413835455e-06, 2.20562787945e-06, 1.9427807274e-06, 1.54699148425e-06, 1.37315657867e-06, 1.13518490252e-06, 1.0131423096e-06, 7.59591102906e-07, 7.57270811391e-07, 5.76819445541e-07, 5.89079604651e-07, 4.36938364601e-07, 1.72209922766e-07],
        "median": [0.00147155788727, 0.00239163124934, 0.00103041774128, 0.000848850235343, 0.000877115991898, 0.00042401193059, 0.000123333811644, 0.00023366874666, 0.000160766663612, 0.000140148884384, 2.81197753793e-05, 2.42353780777e-05, 3.72849281121e-05, 1.85689586942e-05, 3.29762406182e-05, 2.12963223021e-05, 1.56145433721e-05, 1.02014628283e-05, 1.31924207381e-05, 2.24052928388e-05, 6.77708567309e-06, 4.63218384539e-06, 5.27824659002e-06, 2.46683794103e-06, 5.21982428836e-06, 2.4234036573e-06, 1.02144065295e-06, 1.27892019464e-06, 6.1972008325e-07, 4.43425733465e-07, 2.58968952949e-07, 1.91828760876e-07, 1.2079692624e-07, 8.12220690705e-08, 7.0257236473e-08, 5.42674882809e-08, 3.89297412084e-08, 3.34719558737e-08, 2.91528525764e-08, 1.44173437633e-08],
        "min": [3.77449005384e-09, 8.36725888576e-09, 7.93183119185e-09, 2.28332606156e-08, 5.49613261569e-08, 4.987163571e-09, 7.66774421734e-10, 9.19933240695e-10, 1.63375935003e-09, 3.68650532323e-09, 6.733779645e-10, 4.89949081306e-10, 6.64901245173e-10, 2.96803484567e-11, 8.37989122537e-11, 5.14671083529e-11, 1.56109208893e-10, 8.91730023156e-11, 1.98193683687e-11, 3.80993804214e-12, 1.79595260105e-12, 2.06609404065e-12, 4.38154070317e-12, 1.15194952102e-12, 1.55424620656e-12, 1.27747855697e-12, 5.31483385947e-13, 1.28083665635e-12, 2.50808119932e-12, 5.58278466858e-13, 1.52152509342e-12, 8.77918994013e-13, 2.30843013975e-13, 3.84268978399e-13, 4.42606969955e-13, 2.24249506226e-13, 2.50745902991e-13, 1.77624015214e-13, 2.32446738723e-13, 9.29405004021e-14],
        "var": [3.24810534948e-05, 1.55172801897e-05, 7.96810672909e-06, 3.23692302118e-06, 8.55445932757e-07, 3.84790553198e-07, 9.3683496516e-08, 1.48807103528e-07, 9.65621040905e-08, 1.45897629977e-07, 3.58033361181e-07, 5.94053943814e-08, 1.92271883748e-07, 1.12552200449e-07, 1.04851105576e-08, 2.86897239299e-09, 6.83311398575e-08, 3.6613287957e-09, 1.26562915703e-09, 2.57186760777e-09, 7.83964393403e-10, 2.36857589098e-10, 7.0989332468e-11, 4.0103604465e-11, 6.72639305366e-11, 1.64342608966e-10, 3.5490412692e-11, 1.78313405708e-11, 3.29561829215e-11, 1.86638569183e-11, 1.47600646982e-11, 1.44403187324e-11, 1.39640738209e-11, 1.50708334701e-11, 5.80952950677e-12, 7.19127318458e-12, 4.40323125184e-12, 3.815918935e-12, 2.09432449681e-12, 2.47530701448e-13]
    },
    "mfcc": {
        "mean": [-665.962768555, 173.305084229, 2.39300298691, 30.5962677002, 7.92311239243, 5.81840753555, -0.0149125950411, 1.51023352146, -0.786570906639, 3.62403512001, -0.536339342594, 0.695773303509, -1.61331152916],
        "cov": [[5188.62646484, -1674.85913086, -628.562683105, -52.507976532, -86.3502426147, 95.0289306641, 28.5656223297, -34.7075843811, -62.3064041138, 50.6356468201, -45.5054588318, -8.20112800598, 4.72435331345], [-1674.85913086, 1502.11682129, -249.332702637, -24.3019657135, 65.5573425293, -30.3768482208, 32.0580863953, 15.6572008133, 18.6456871033, 19.221200943, 28.2537975311, 38.3473129272, 50.8897972107], [-628.562683105, -249.332702637, 784.394165039, 53.5929756165, -53.7671127319, -47.2351264954, -32.8398513794, 27.6012592316, 29.2234668732, -61.6000671387, -8.11031341553, -5.82920980453, -49.3640365601], [-52.507976532, -24.3019657135, 53.5929756165, 251.670516968, 34.7138442993, -12.0478134155, -15.6290969849, 43.1549835205, 15.9911775589, 23.2108535767, 3.76775240898, 22.4849033356, 21.2796936035], [-86.3502426147, 65.5573425293, -53.7671127319, 34.7138442993, 140.763549805, 49.3591003418, -27.0455112457, 17.1637897491, -1.50881302357, 19.4907169342, 9.03450107574, 11.3024482727, 16.2414245605], [95.0289306641, -30.3768482208, -47.2351264954, -12.0478134155, 49.3591003418, 138.24407959, 24.3941020966, 4.96745681763, -15.5571699142, 30.8244190216, 4.77893447876, 2.40917062759, 5.69519090652], [28.5656223297, 32.0580863953, -32.8398513794, -15.6290969849, -27.0455112457, 24.3941020966, 125.836303711, 11.793419838, 15.4162244797, -5.50192451477, 8.29791545868, -5.19406747818, -5.10457754135], [-34.7075843811, 15.6572008133, 27.6012592316, 43.1549835205, 17.1637897491, 4.96745681763, 11.793419838, 88.3436279297, 28.8644790649, 5.36678934097, -6.88456296921, 7.77901506424, 12.2571802139], [-62.3064041138, 18.6456871033, 29.2234668732, 15.9911775589, -1.50881302357, -15.5571699142, 15.4162244797, 28.8644790649, 88.4605407715, 5.10440301895, -3.85313892365, -4.61821269989, 10.4434967041], [50.6356468201, 19.221200943, -61.6000671387, 23.2108535767, 19.4907169342, 30.8244190216, -5.50192451477, 5.36678934097, 5.10440301895, 76.6420059204, 18.332485199, -0.292008668184, 6.1191277504], [-45.5054588318, 28.2537975311, -8.11031341553, 3.76775240898, 9.03450107574, 4.77893447876, 8.29791545868, -6.88456296921, -3.85313892365, 18.332485199, 58.6867752075, 14.4842300415, -4.79977989197], [-8.20112800598, 38.3473129272, -5.82920980453, 22.4849033356, 11.3024482727, 2.40917062759, -5.19406747818, 7.77901506424, -4.61821269989, -0.292008668184, 14.4842300415, 60.0355682373, 24.1603984833], [4.72435331345, 50.8897972107, -49.3640365601, 21.2796936035, 16.2414245605, 5.69519090652, -5.10457754135, 12.2571802139, 10.4434967041, 6.1191277504, -4.79977989197, 24.1603984833, 66.4494171143]],
