{
"lowlevel": {
    "average_loudness": 0.219367668033,
    "barkbands_crest": {
        "dmean": 2.67613983154,
        "dmean2": 4.31123828888,
        "dvar": 6.18415784836,
        "dvar2": 15.3655643463,
        "max": 26.8585510254,
        "mean": 14.3114919662,
        "median": 13.5965499878,
        "min": 4.25779008865,
        "var": 27.9590492249
    },
    "barkbands_flatness_db": {
        "dmean": 0.0222087968141,
        "dmean2": 0.0343824997544,
        "dvar": 0.000459812610643,
        "dvar2": 0.000967565982137,
        "max": 0.513492524624,
        "mean": 0.320386767387,
        "median": 0.31867057085,
        "min": 0.0972277075052,
        "var": 0.00331152509898
    },
    "barkbands_kurtosis": {
        "dmean": 6.00291776657,
        "dmean2": 8.87879562378,
        "dvar": 220.717514038,
        "dvar2": 484.665252686,
        "max": 390.864440918,
        "mean": 13.4382543564,
        "median": 4.49755811691,
        "min": -1.73610794544,
        "var": 908.2578125
    },
    "barkbands_skewness": {
        "dmean": 0.634048342705,
        "dmean2": 0.942219316959,
        "dvar": 0.539597809315,
        "dvar2": 1.14665985107,
        "max": 19.1283569336,
        "mean": 2.20911431313,
        "median": 1.64127767086,
        "min": -1.50975930691,
        "var": 4.26940011978
    },
    "barkbands_spread": {
        "dmean": 2.02275276184,
        "dmean2": 2.9694173336,
        "dvar": 6.34867954254,
        "dvar2": 13.6735715866,
        "max": 36.0415420532,
        "mean": 7.40086269379,
        "median": 5.82421112061,
        "min": 0.254773706198,
        "var": 31.9130992889
    },
    "dissonance": {
        "dmean": 0.0427416786551,
        "dmean2": 0.0727306753397,
        "dvar": 0.00151567242574,
        "dvar2": 0.00417800713331,
        "max": 0.499978452921,
        "mean": 0.383754402399,
        "median": 0.389895528555,
        "min": 0.149404764175,
        "var": 0.00366153428331
    },
    "dynamic_complexity": 7.02126455307,
    "erbbands_crest": {
        "dmean": 3.10355615616,
        "dmean2": 4.87940311432,
        "dvar": 8.00561714172,
        "dvar2": 19.0948123932,
        "max": 32.3138084412,
        "mean": 15.166800499,
        "median": 14.2197780609,
        "min": 4.23912525177,
        "var": 36.47448349
    },
    "erbbands_flatness_db": {
        "dmean": 0.0164946317673,
        "dmean2": 0.0242801457644,
        "dvar": 0.000304716610117,
        "dvar2": 0.000582139415201,
        "max": 0.508432686329,
        "mean": 0.339444875717,
        "median": 0.340103656054,
        "min": 0.14169293642,
        "var": 0.0023332410492
    },
    "erbbands_kurtosis": {
        "dmean": 2.56800436974,
        "dmean2": 3.71982288361,
        "dvar": 29.4436397552,
        "dvar2": 48.3769760132,
        "max": 137.172134399,
        "mean": 4.78819608688,
        "median": 1.52377128601,
        "min": -1.8520488739,
        "var": 136.142303467
    },
    "erbbands_skewness": {
        "dmean": 0.464577406645,
        "dmean2": 0.681646585464,
        "dvar": 0.237240299582,
        "dvar2": 0.447402358055,
        "max": 10.1170082092,
        "mean": 1.35454428196,
        "median": 1.08174920082,
        "min": -1.78686749935,
        "var": 1.89410603046
    },
    "erbbands_spread": {
        "dmean": 4.04872941971,
        "dmean2": 5.92984104156,
        "dvar": 20.7304286957,
        "dvar2": 41.521736145,
        "max": 60.7084274292,
        "mean": 17.3499259949,
        "median": 14.4962034225,
        "min": 0.961450219154,
        "var": 127.914894104
    },
    "hfc": {
        "dmean": 2.84421849251,
        "dmean2": 3.74205851555,
        "dvar": 36.009021759,
        "dvar2": 58.7240791321,
        "max": 124.194770813,
        "mean": 9.22987651825,
        "median": 2.7255396843,
        "min": 3.15913785016e-05,
        "var": 268.913299561
    },
    "melbands_crest": {
        "dmean": 3.30700159073,
        "dmean2": 5.16508865356,
        "dvar": 8.98608016968,
        "dvar2": 22.5414886475,
        "max": 35.1052589417,
        "mean": 17.4444580078,
        "median": 16.3528709412,
        "min": 5.01128911972,
        "var": 46.7381362915
    },
    "melbands_flatness_db": {
        "dmean": 0.0226018223912,
        "dmean2": 0.0334411263466,
        "dvar": 0.000464655575342,
        "dvar2": 0.000943087507039,
        "max": 0.550778329372,
        "mean": 0.348364055157,
        "median": 0.34625428915,
        "min": 0.126905784011,
        "var": 0.00373524753377
    },
    "melbands_kurtosis": {
        "dmean": 8.13873767853,
        "dmean2": 11.7149305344,
        "dvar": 350.232788086,
        "dvar2": 597.415588379,
        "max": 562.742126465,
        "mean": 19.8583202362,
        "median": 6.56326675415,
        "min": -1.29132378101,
        "var": 2068.38256836
    },
    "melbands_skewness": {
        "dmean": 0.672309041023,
        "dmean2": 0.998006701469,
        "dvar": 0.520515680313,
        "dvar2": 1.035135746,
        "max": 16.2166595459,
        "mean": 2.46554803848,
        "median": 1.85567510128,
        "min": -1.19284653664,
        "var": 4.85369205475
    },
    "melbands_spread": {
        "dmean": 2.79415154457,
        "dmean2": 4.08421611786,
        "dvar": 12.400177002,
        "dvar2": 27.3208713531,
        "max": 53.2786712646,
        "mean": 10.0667533875,
        "median": 7.8451499939,
        "min": 0.237499713898,
        "var": 62.200756073
    },
    "pitch_salience": {
        "dmean": 0.0627157390118,
        "dmean2": 0.0996055826545,
        "dvar": 0.0036462014541,
        "dvar2": 0.00808104127645,
        "max": 0.832655608654,
        "mean": 0.478165328503,
        "median": 0.496104538441,
        "min": 0.0435834974051,
        "var": 0.0212960708886
    },
    "silence_rate_20dB": {
        "dmean": 0,
        "dmean2": 0,
        "dvar": 0,
        "dvar2": 0,
        "max": 1,
        "mean": 1,
        "median": 1,
        "min": 1,
        "var": 0
    },
    "silence_rate_30dB": {
        "dmean": 0.0030959751457,
        "dmean2": 0.0061943475157,
        "dvar": 0.00308634410612,
        "dvar2": 0.00770439486951,
        "max": 1,
        "mean": 0.990715682507,
        "median": 1,
        "min": 0,
        "var": 0.00919778551906
    },
    "silence_rate_60dB": {
        "dmean": 0.0642414838076,
        "dmean2": 0.128532707691,
        "dvar": 0.0601136051118,
        "dvar2": 0.128272429109,
        "max": 1,
        "mean": 0.392263054848,
        "median": 0,
        "min": 0,
        "var": 0.238392904401
    },
    "spectral_centroid": {
        "dmean": 141.113311768,
        "dmean2": 198.403564453,
        "dvar": 32517.1757812,
        "dvar2": 63786.4570312,
        "max": 2733.54321289,
        "mean": 840.745727539,
        "median": 713.823486328,
        "min": 278.83404541,
        "var": 202258.546875
    },
    "spectral_complexity": {
        "dmean": 1.11687302589,
        "dmean2": 1.71738290787,
        "dvar": 1.54902744293,
        "dvar2": 3.13498330116,
        "max": 21,
        "mean": 6.82398462296,
        "median": 7,
        "min": 0,
        "var": 19.5624084473
    },
    "spectral_decrease": {
        "dmean": 9.26759002873e-10,
        "dmean2": 1.30950217336e-09,
        "dvar": 3.22216089424e-18,
        "dvar2": 6.36770459783e-18,
        "max": -1.09213573718e-14,
        "mean": -2.97673419247e-09,
        "median": -1.17204401739e-09,
        "min": -4.63705873699e-08,
        "var": 2.25789999329e-17
    },
    "spectral_energy": {
        "dmean": 0.00373512553051,
        "dmean2": 0.00525393662974,
        "dvar": 5.25248178747e-05,
        "dvar2": 0.000102279169369,
        "max": 0.185058951378,
        "mean": 0.0120720397681,
        "median": 0.0047124736011,
        "min": 4.40851941619e-08,
        "var": 0.00037485890789
    },
    "spectral_energyband_high": {
        "dmean": 3.86600049751e-06,
        "dmean2": 5.42480529475e-06,
        "dvar": 1.80650508441e-10,
        "dvar2": 3.4890815237e-10,
        "max": 0.000335896009346,
        "mean": 7.34553441362e-06,
        "median": 6.29285864306e-07,
        "min": 1.28252977682e-10,
        "var": 5.98191218781e-10
    },
    "spectral_energyband_low": {
        "dmean": 3.25121727656e-05,
        "dmean2": 4.80667113152e-05,
        "dvar": 4.85416951079e-09,
        "dvar2": 9.15020059722e-09,
        "max": 0.00155378878117,
        "mean": 9.21524551813e-05,
        "median": 2.15126692638e-05,
        "min": 1.04862327155e-10,
        "var": 3.26497833214e-08
    },
    "spectral_energyband_middle_high": {
        "dmean": 0.0011853860924,
        "dmean2": 0.00159936095588,
        "dvar": 7.58739224693e-06,
        "dvar2": 1.38947389132e-05,
        "max": 0.0611103363335,
        "mean": 0.00314815016463,
        "median": 0.000542972062249,
        "min": 8.68848992752e-09,
        "var": 3.70136185666e-05
    },
    "spectral_energyband_middle_low": {
        "dmean": 0.00311796739697,
        "dmean2": 0.004573459737,
        "dvar": 4.27800077887e-05,
        "dvar2": 9.45722640608e-05,
        "max": 0.169664129615,
        "mean": 0.00886855367571,
        "median": 0.00338642625138,
        "min": 3.39677832528e-08,
        "var": 0.000237712592934
    },
    "spectral_entropy": {
        "dmean": 0.18854290247,
        "dmean2": 0.291384279728,
        "dvar": 0.0317565947771,
        "dvar2": 0.0651952698827,
        "max": 8.03694629669,
        "mean": 6.12207365036,
        "median": 6.14611673355,
        "min": 4.11947584152,
        "var": 0.243770092726
    },
    "spectral_flux": {
        "dmean": 0.0185820348561,
        "dmean2": 0.0310080442578,
        "dvar": 0.000605545355938,
        "dvar2": 0.00178886414506,
        "max": 0.300638228655,
        "mean": 0.0446596965194,
        "median": 0.0316051393747,
        "min": 0.000209964739042,
        "var": 0.00179305672646
    },
    "spectral_kurtosis": {
        "dmean": 9.93878078461,
        "dmean2": 17.201839447,
        "dvar": 87.0645904541,
        "dvar2": 241.18737793,
        "max": 102.763626099,
        "mean": 18.1059913635,
        "median": 14.6699104309,
        "min": 0.111647605896,
        "var": 208.713470459
    },
    "spectral_rms": {
        "dmean": 0.000463144562673,
        "dmean2": 0.000633622345049,
        "dvar": 3.66525767959e-07,
        "dvar2": 6.32416004009e-07,
        "max": 0.0134367151186,
        "mean": 0.00271032564342,
        "median": 0.00214418629184,
        "min": 6.55819667372e-06,
        "var": 4.43174303655e-06
    },
    "spectral_rolloff": {
        "dmean": 188.189407349,
        "dmean2": 322.391296387,
        "dvar": 150137,
        "dvar2": 332271,
        "max": 3380.71289062,
        "mean": 907.597473145,
        "median": 732.12890625,
        "min": 236.865234375,
        "var": 369536.1875
    },
    "spectral_skewness": {
        "dmean": 0.764579713345,
        "dmean2": 1.2989205122,
        "dvar": 0.425818443298,
        "dvar2": 1.14237236977,
        "max": 7.88257837296,
        "mean": 2.6516315937,
        "median": 2.46796250343,
        "min": 0.378123342991,
        "var": 1.48567974567
    },
    "spectral_spread": {
        "dmean": 260701.46875,
        "dmean2": 426187.78125,
        "dvar": 61646684160,
        "dvar2": 157767565312,
        "max": 5640515.5,
        "mean": 2055649.5,
        "median": 1970484,
        "min": 773414.875,
        "var": 377254772736
    },
    "spectral_strongpeak": {
        "dmean": 0.435829997063,
        "dmean2": 0.690951406956,
        "dvar": 0.495447933674,
        "dvar2": 1.12726891041,
        "max": 15.4401273727,
        "mean": 1.20889592171,
        "median": 0.711696565151,
        "min": 0.00114554876927,
        "var": 1.92552554607
    },
    "zerocrossingrate": {
        "dmean": 0.0042388252914,
        "dmean2": 0.00497733056545,
        "dvar": 2.21653062908e-05,
        "dvar2": 2.88302471745e-05,
        "max": 0.10107421875,
        "mean": 0.0334813594818,
        "median": 0.0302734375,
        "min": 0.01171875,
        "var": 0.000234454288147
    },
    "barkbands": {
        "dmean": [3.83378795377e-09, 3.98590191253e-06, 2.47172574745e-05, 3.63628205378e-05, 0.000279509171378, 0.000815247767605, 0.000988708343357, 0.00145771005191, 0.000537178188097, 0.00026149401674, 0.000293761055218, 0.00040427519707, 0.000198329522391, 0.000155710586114, 0.000138486924698, 1.14408858281e-05, 2.80275035038e-05, 0.0002233209525, 0.00014739666949, 1.94364815798e-06, 1.61869991189e-06, 1.48681635892e-06, 5.8552734572e-07, 2.54806487021e-08, 2.74285327784e-09, 4.20879414653e-10, 4.47127418424e-10],
        "dmean2": [6.98534519117e-09, 6.31323791822e-06, 3.53202303813e-05, 5.33363490831e-05, 0.000405876256991, 0.00125841994304, 0.00146926136222, 0.00214614137076, 0.000815497885924, 0.000373388815206, 0.000445458077593, 0.000554762373213, 0.000290198920993, 0.000196319626411, 0.000181955634616, 1.57355862029e-05, 4.20883552579e-05, 0.000310850911774, 0.000212347120396, 2.96681764667e-06, 2.30895102504e-06, 2.11471206057e-06, 8.85870576894e-07, 3.81637121905e-08, 4.36395986014e-09, 7.85898512934e-10, 8.35450264525e-10],
        "dvar": [1.0531244013e-16, 1.03783995287e-10, 3.37527450434e-09, 9.78304548482e-09, 3.55380308292e-07, 2.67420273303e-06, 9.29644920689e-06, 2.87277125608e-05, 6.53650613458e-06, 8.95924188171e-07, 2.54370706898e-06, 2.95286736218e-06, 5.38907556802e-07, 5.8747679077e-07, 9.0579112566e-07, 3.27116178589e-09, 2.42808049222e-08, 6.00970679443e-07, 2.04685576932e-07, 4.22357010477e-11, 3.66805960605e-11, 5.76441533395e-11, 1.40002020393e-11, 6.48385848728e-15, 2.56208193236e-17, 1.33726805133e-18, 1.50074851208e-18],
        "dvar2": [3.18926433487e-16, 2.37396408087e-10, 6.01799987621e-09, 1.82729387177e-08, 7.24828680632e-07, 6.19615730102e-06, 2.32224174397e-05, 5.9646947193e-05, 1.34661213451e-05, 1.78640527793e-06, 4.75887554785e-06, 6.09261724094e-06, 1.10506232431e-06, 8.73268788837e-07, 1.49871539179e-06, 5.38877520384e-09, 5.53681722693e-08, 1.13006888114e-06, 4.21805253836e-07, 9.62621163336e-11, 7.25085061437e-11, 1.0342991047e-10, 3.18332755989e-11, 1.17363004758e-14, 5.98316810067e-17, 4.42811454032e-18, 4.96505319236e-18],
        "max": [2.19922810629e-07, 0.00020220677834, 0.00141035288107, 0.00265982397832, 0.0106956679374, 0.0264572668821, 0.0744527205825, 0.0991146117449, 0.0648532658815, 0.0319789238274, 0.0438854657114, 0.0456421971321, 0.0158022884279, 0.0240279436111, 0.0415656007826, 0.00191015843302, 0.00385735440068, 0.0182479582727, 0.0116481604055, 0.000138022151077, 0.000198397581698, 0.000258309941273, 0.000147242448293, 2.8080867196e-06, 1.3020017775e-07, 2.47764120331e-08, 2.62519499472e-08],
        "mean": [3.47989237426e-09, 6.45291675028e-06, 7.12020046194e-05, 8.12541256892e-05, 0.000783140829299, 0.00186618056614, 0.00211655069143, 0.00296548404731, 0.00100349693093, 0.000578405859414, 0.000397193216486, 0.000651093898341, 0.000387659063563, 0.000251856050454, 0.000228609802434, 1.93145078811e-05, 3.26357949234e-05, 0.000350728223566, 0.000271940341918, 2.90246020995e-06, 2.77491835732e-06, 2.22192034016e-06, 8.94084507763e-07, 6.03414420652e-08, 7.25338455965e-09, 3.67946756397e-10, 3.97142818631e-10],
        "median": [1.12380404982e-09, 1.49754828271e-06, 9.85074166238e-06, 2.21689097089e-05, 0.0002493247448, 0.00073736126069, 0.00011708119564, 0.000155803994858, 0.000146467747982, 3.78142794943e-05, 1.25573978949e-05, 3.02825137624e-05, 1.38112536661e-05, 5.99061195317e-06, 2.72693250736e-06, 9.18415310025e-07, 2.07693324228e-06, 2.03643758141e-05, 1.31432616399e-05, 3.02469203461e-07, 2.15973614104e-07, 1.37794046395e-07, 6.3986547616e-08, 2.84129573203e-08, 4.94089791303e-09, 8.53566869963e-11, 9.65255861352e-11],
        "min": [8.81744113487e-13, 4.28323036761e-11, 2.2523524712e-11, 8.29965887683e-11, 1.05920627824e-09, 1.29407764504e-08, 3.46342377e-09, 8.12028999597e-10, 2.77610001653e-09, 1.7508992034e-09, 8.06900241068e-11, 8.54569026654e-10, 6.54163168079e-10, 2.80036133171e-10, 5.0700200982e-11, 6.76253358867e-11, 4.44268094535e-11, 2.32261640476e-11, 3.11285025534e-11, 1.67782229082e-11, 1.53122098334e-11, 1.49505338665e-11, 2.32979087411e-11, 2.17151643889e-11, 1.27437609077e-11, 9.91685986801e-12, 1.29991989395e-11],
        "var": [7.34231452086e-17, 2.37584563134e-10, 2.45765345852e-08, 3.325529363e-08, 1.91464687305e-06, 9.52217669692e-06, 3.2250838558e-05, 9.57600568654e-05, 1.2665097529e-05, 4.14055875808e-06, 4.48653054264e-06, 7.73997453507e-06, 2.10983444049e-06, 1.81382688424e-06, 3.71943428945e-06, 9.02292462968e-09, 2.88007981908e-08, 1.4463100797e-06, 6.02589864229e-07, 7.43199113362e-11, 1.05257233485e-10, 1.16209972201e-10, 2.771928867e-11, 1.92188590888e-14, 7.26960203629e-17, 1.1110808895e-18, 1.24789914776e-18]
    },
    "erbbands": {
        "dmean": [2.3721038815e-05, 0.00154873402789, 0.0216410066932, 0.0620598569512, 0.369517862797, 0.987357199192, 2.42226815224, 9.46819782257, 15.3592662811, 16.1610374451, 33.0557479858, 9.44701957703, 6.54667758942, 9.19245910645, 11.1996469498, 13.2802791595, 10.3703689575, 5.13018226624, 9.59012031555, 3.91641736031, 0.817820668221, 1.85915827751, 11.4254074097, 10.5400772095, 2.76384162903, 0.138811334968, 0.0795853808522, 0.0543012171984, 0.046244956553, 0.0485268011689, 0.00794643815607, 0.000919579993933, 0.000322257372318, 6.28835041425e-05, 7.84451458458e-06, 3.31167598233e-06, 1.78325763045e-06, 6.05467562309e-07, 1.92814218281e-06, 4.33357126894e-06],
        "dmean2": [3.60764825018e-05, 0.00242200307548, 0.0315785519779, 0.092905677855, 0.534205973148, 1.47801220417, 3.56348228455, 14.5688581467, 22.4753322601, 23.3586387634, 50.1329917908, 14.3812522888, 9.38852024078, 14.1220026016, 15.7662706375, 17.4069843292, 14.8373231888, 6.93110656738, 12.1236886978, 5.5311832428, 1.10409474373, 2.53337669373, 15.5401449203, 14.6722106934, 3.87286424637, 0.19320397079, 0.114184699953, 0.0792036876082, 0.0680942833424, 0.066968627274, 0.0113725271076, 0.00134460499976, 0.000474524364108, 9.48792148847e-05, 1.17495301311e-05, 4.850559435e-06, 2.55644704339e-06, 8.56830581597e-07, 2.65889570983e-06, 6.05188188274e-06],
        "dvar": [2.75129452554e-09, 1.32565810418e-05, 0.00249663856812, 0.0197489392012, 1.24817597866, 5.08269882202, 19.191827774, 383.170959473, 2178.22216797, 2171.03222656, 17495.90625, 1336.88146973, 283.864593506, 1550.95495605, 2978.36962891, 2931.06860352, 1464.6751709, 373.509979248, 1890.0032959, 1332.35327148, 12.9345722198, 69.7011032104, 2261.46118164, 885.690795898, 101.114471436, 0.162100747228, 0.085051573813, 0.076551027596, 0.0687446445227, 0.0630323514342, 0.0025511814747, 8.8058586698e-06, 1.07510436465e-06, 1.76398859963e-08, 2.36753505689e-10, 4.93349666675e-11, 1.3697459833e-11, 1.73921098877e-12, 1.42246188786e-11, 7.10948383498e-11],
        "dvar2": [5.89710014154e-09, 3.08037961076e-05, 0.00488466024399, 0.0389476679265, 2.73816728592, 11.0289516449, 44.8100814819, 946.079956055, 5300.47509766, 4449.03662109, 40158.0976562, 3013.07250977, 582.617004395, 4033.3046875, 6431.63476562, 5018.44824219, 3111.06982422, 763.02557373, 2778.40673828, 2227.03222656, 21.4780368805, 124.029434204, 4187.79345703, 1638.08532715, 196.964401245, 0.33354011178, 0.198298469186, 0.154505133629, 0.162593409419, 0.10347238183, 0.0053676222451, 1.5755324057e-05, 2.11882297663e-06, 3.36113679111e-08, 5.32098698436e-10, 1.12101251892e-10, 2.91036379024e-11, 3.48725952629e-12, 2.61826966358e-11, 1.353033241e-10],
        "max": [0.00104061630554, 0.0672663971782, 1.08332455158, 3.52931952477, 27.1537494659, 45.1235084534, 88.1154708862, 303.291992188, 1330.49414062, 966.228027344, 2454.26318359, 945.864318848, 476.886413574, 1602.61608887, 1851.22546387, 1100.43945312, 860.809082031, 457.362762451, 1452.4029541, 1486.70507812, 126.573959351, 273.234863281, 1119.48620605, 491.986602783, 245.126113892, 9.56715869904, 6.8671708107, 10.5194940567, 8.7553653717, 11.1030025482, 2.08237266541, 0.0843253806233, 0.035412799567, 0.00381428492256, 0.000437644484919, 0.000195000175154, 0.000100528392068, 3.59250043402e-05, 9.19915255508e-05, 0.000211690392462],
        "mean": [5.40869659744e-05, 0.00321168173105, 0.0600756593049, 0.167451813817, 0.908091127872, 2.61858129501, 6.0626077652, 20.8064746857, 32.6035270691, 33.7924728394, 64.7857437134, 20.1364841461, 15.7268438339, 25.8871707916, 18.3610229492, 21.2301673889, 19.3099002838, 8.9309387207, 16.2857456207, 5.82937812805, 1.51557719707, 3.10398960114, 16.8372478485, 21.9830513, 4.66017484665, 0.26064273715, 0.140595734119, 0.0873992294073, 0.0665740966797, 0.0857170969248, 0.013335977681, 0.0021284581162, 0.000745401601307, 0.000185425233212, 2.37044441747e-05, 9.99853273242e-06, 5.52421215616e-06, 1.74747219717e-06, 6.38271512798e-06, 1.41347227327e-05],
        "median": [1.80197584996e-05, 0.000819663226139, 0.0106145674363, 0.0602632835507, 0.222281470895, 0.689751982689, 2.59897518158, 7.94696474075, 5.13705682755, 4.47787570953, 4.0878200531, 3.28042292595, 4.13890266418, 1.44749426842, 1.62242627144, 1.59219002724, 0.921359062195, 0.789170444012, 0.317693650723, 0.109379127622, 0.0759159624577, 0.227191090584, 1.1773853302, 1.6112306118, 0.252824783325, 0.0242014173418, 0.0114870909601, 0.00725645106286, 0.00521819619462, 0.00330492621288, 0.00167308584787, 0.000841488072183, 0.000357394805178, 0.000114710106573, 1.21021685118e-05, 3.67221218767e-06, 1.96261862584e-06, 5.13372924615e-07, 2.41694283432e-06, 5.46979708815e-06],
        "min": [7.60876195383e-10, 1.47295748931e-08, 3.81269202876e-08, 1.43842754596e-07, 1.60657953074e-06, 4.63017522634e-06, 1.94427211682e-05, 0.000165670979186, 9.41316611716e-05, 4.45971381851e-05, 1.67472735484e-05, 7.50068502384e-05, 0.000215257881791, 1.52049378812e-05, 2.71774733847e-05, 2.18606382987e-05, 2.59451280726e-05, 1.91257695406e-05, 1.09356697067e-05, 2.35766810874e-06, 3.32250237989e-06, 2.78517654806e-06, 1.5876183852e-06, 1.72587465386e-06, 7.54224572574e-07, 7.70194162669e-07, 6.571978588e-07, 5.80620451274e-07, 5.85688724186e-07, 3.7605406078e-07, 8.08735649116e-07, 4.74441378628e-07, 3.48049042032e-07, 1.93643614921e-07, 7.47389492517e-08, 4.25847090924e-08, 1.77689756242e-08, 5.46096323717e-09, 1.83193249459e-09, 2.5411089899e-10],
        "var": [9.12273456777e-09, 3.74635928893e-05, 0.0154955396429, 0.0867959111929, 4.22468662262, 26.1322917938, 82.7819595337, 1239.03173828, 7282.17773438, 6704.56396484, 48115.6445312, 3685.45117188, 1229.71240234, 10772.6542969, 6184.30615234, 7083.98242188, 5016.65332031, 852.972717285, 6419.04101562, 3078.01757812, 42.1638679504, 145.389175415, 4264.69433594, 2978.9675293, 220.756408691, 0.43923547864, 0.207555413246, 0.168409317732, 0.0972286313772, 0.212878718972, 0.00530128134415, 2.94317451335e-05, 2.72087504527e-06, 6.30413836689e-08, 1.14723264222e-09, 2.85105911102e-10, 8.8185146685e-11, 1.04784696545e-11, 1.08195105653e-10, 5.21001242149e-10]
    },
    "gfcc": {
        "mean": [-213.792098999, 174.304290771, -168.20249939, -7.75884914398, -79.1078948975, -44.2098808289, -29.6708011627, -19.6092128754, -15.2232246399, -29.6391105652, 13.2764797211, -13.5893106461, -14.3062381744],
        "cov": [[9216.58691406, 610.088562012, -1941.13684082, -585.18157959, 948.207458496, -880.478027344, 553.277282715, 178.681762695, 83.8163452148, -70.6929016113, 229.765884399, 26.3391628265, -911.280883789], [610.088562012, 639.019104004, 212.05657959, -231.012329102, 168.615203857, 43.6648979187, 56.4316329956, -2.65131092072, 0.764002859592, -37.9825439453, -29.1240787506, -57.3035316467, -25.0883293152], [-1941.13684082, 212.05657959, 935.473083496, 146.16444397, -254.188705444, 170.227874756, -138.495819092, -87.258972168, -6.35730457306, -12.2425794601, -94.2571334839, -18.9648990631, 273.596282959], [-585.18157959, -231.012329102, 146.16444397, 511.326446533, -29.8332462311, 20.5413761139, -109.592041016, -19.071554184, 30.418800354, -4.55253362656, -52.7993583679, -16.3305702209, 47.666431427], [948.207458496, 168.615203857, -254.188705444, -29.8332462311, 326.32421875, -53.5566635132, -5.57520484924, 34.5776062012, 43.2619819641, 3.81979441643, -6.971347332, -27.8199100494, -122.291465759], [-880.478027344, 43.6648979187, 170.227874756, 20.5413761139, -53.5566635132, 296.738189697, 46.4348869324, -30.5359420776, -37.4546470642, 20.3401012421, -39.7061386108, -44.7864303589, 66.6578140259], [553.277282715, 56.4316329956, -138.495819092, -109.592041016, -5.57520484924, 46.4348869324, 254.175292969, 77.64503479, -116.200645447, -61.6956520081, 85.6857528687, 45.6236228943, -85.6057434082], [178.681762695, -2.65131092072, -87.258972168, -19.071554184, 34.5776062012, -30.5359420776, 77.64503479, 129.554946899, 14.239780426, -34.2884407043, 16.5350723267, 20.6189632416, -38.1664047241], [83.8163452148, 0.764002859592, -6.35730457306, 30.418800354, 43.2619819641, -37.4546470642, -116.200645447, 14.239780426, 203.839752197, 98.126083374, -97.24609375, -71.3314056396, 4.92249679565], [-70.6929016113, -37.9825439453, -12.2425794601, -4.55253362656, 3.81979441643, 20.3401012421, -61.6956520081, -34.2884407043, 98.126083374, 132.510437012, -12.0540952682, -53.3697395325, -11.6386184692], [229.765884399, -29.1240787506, -94.2571334839, -52.7993583679, -6.971347332, -39.7061386108, 85.6857528687, 16.5350723267, -97.24609375, -12.0540952682, 171.653366089, 84.9174957275, -62.6722793579], [26.3391628265, -57.3035316467, -18.9648990631, -16.3305702209, -27.8199100494, -44.7864303589, 45.6236228943, 20.6189632416, -71.3314056396, -53.3697395325, 84.9174957275, 114.844909668, 17.4188461304], [-911.280883789, -25.0883293152, 273.596282959, 47.666431427, -122.291465759, 66.6578140259, -85.6057434082, -38.1664047241, 4.92249679565, -11.6386184692, -62.6722793579, 17.4188461304, 196.518447876]],
        "icov": [[0.000955903786235, -0.00115958368406, 0.00126244174317, -0.000436513160821, -0.000666105072014, 0.00253371801227, -0.00316670723259, 0.00264990795404, -0.00180692819413, 0.000390352099203, 0.000460409122752, -0.000437240028987, 0.000748120131902], [-0.00115958368406, 0.00810539908707, -0.00565545028076, 0.00375622557476, -0.00515198288485, -0.00245653279126, -0.000433801062172, 0.000405294587836, -0.00227543897927, 0.00538160139695, -0.00399815896526, 0.0060447845608, -0.00129802839365], [0.00126244174317, -0.00565545028076, 0.00636828877032, -0.00278730643913, 0.00360458809882, 0.00228891591541, -0.000997406896204, 0.0015674973838, 1.06865154521e-05, -0.0019878691528, 0.00185067998245, -0.00270805601031, -0.00100895797368], [-0.000436513160821, 0.00375622557476, -0.00278730643913, 0.00407928368077, -0.00223695370369, -0.00136673822999, 0.00104755803477, -0.000108038955659, -0.000998034025542, 0.00305822468363, -0.00132340507116, 0.00233706808649, 0.000430272979429], [-0.000666105072014, -0.00515198288485, 0.00360458809882, -0.00223695370369, 0.0107754832134, -0.00320291728713, 0.00821885745972, -0.00595972174779, 0.00478837592527, -0.0040655634366, 0.00354811409488, -0.00499962037429, 0.00320631149225], [0.00253371801227, -0.00245653279126, 0.00228891591541, -0.00136673822999, -0.00320291728713, 0.012880356051, -0.0122258961201, 0.00779176922515, -0.00242369272746, -0.00196822499856, 0.00221764249727, 0.00219462998211, -0.00113730761223], [-0.00316670723259, -0.000433801062172, -0.000997406896204, 0.00104755803477, 0.00821885745972, -0.0122258961201, 0.025635631755, -0.0180712286383, 0.0147917093709, -0.00521577894688, 0.00192789931316, -0.00443689711392, 0.00364238792099], [0.00264990795404, 0.000405294587836, 0.0015674973838, -0.000108038955659, -0.00595972174779, 0.00779176922515, -0.0180712286383, 0.0249068010598, -0.017758436501, 0.0123380543664, -0.00467982282862, 0.00226174830459, 0.000279796513496], [-0.00180692819413, -0.00227543897927, 1.06865154521e-05, -0.000998034025542, 0.00478837592527, -0.00242369272746, 0.0147917093709, -0.017758436501, 0.0289981272072, -0.0215956270695, 0.0140384398401, -0.00594426505268, 0.00135272217449], [0.000390352099203, 0.00538160139695, -0.0019878691528, 0.00305822468363, -0.0040655634366, -0.00196822499856, -0.00521577894688, 0.0123380543664, -0.0215956270695, 0.0303523242474, -0.01639011316, 0.0138191394508, -0.00132867181674], [0.000460409122752, -0.00399815896526, 0.00185067998245, -0.00132340507116, 0.00354811409488, 0.00221764249727, 0.00192789931316, -0.00467982282862, 0.0140384398401, -0.01639011316, 0.0245184935629, -0.0185604915023, 0.00889776833355], [-0.000437240028987, 0.0060447845608, -0.00270805601031, 0.00233706808649, -0.00499962037429, 0.00219462998211, -0.00443689711392, 0.00226174830459, -0.00594426505268, 0.0138191394508, -0.0185604915023, 0.0308455862105, -0.0110875507817], [0.000748120131902, -0.00129802839365, -0.00100895797368, 0.000430272979429, 0.00320631149225, -0.00113730761223, 0.00364238792099, 0.000279796513496, 0.00135272217449, -0.00132867181674, 0.00889776833355, -0.0110875507817, 0.0174221601337]]
    },
    "melbands": {
        "dmean": [5.85750228765e-07, 8.15050952951e-06, 1.90666160051e-05, 4.42118398496e-05, 7.806350186e-05, 0.000193840023712, 0.000231478188653, 0.000211733407923, 0.000249404343776, 5.43680980627e-05, 3.45520347764e-05, 3.68434521079e-05, 3.74962255592e-05, 4.75655397167e-05, 2.90532589133e-05, 1.81623254321e-05, 1.03404063339e-05, 1.82649037015e-05, 1.19904516396e-05, 7.88714601185e-07, 9.59641397458e-07, 1.4188416344e-06, 6.79582763041e-06, 1.22298833958e-05, 1.05250446722e-05, 4.83391568196e-06, 1.63023997857e-07, 4.72603680635e-08, 5.98671832108e-08, 3.86526863849e-08, 2.61444697003e-08, 2.44557778473e-08, 3.59534197969e-08, 2.31323813438e-08, 5.59484814033e-09, 7.09014735811e-10, 4.54478343848e-10, 2.61766108789e-10, 1.13354818587e-10, 3.78327612294e-11],
        "dmean2": [9.22101037304e-07, 1.18668576761e-05, 2.75289112324e-05, 6.44298852421e-05, 0.000113471091026, 0.000296535057714, 0.000341122940881, 0.000309513474349, 0.000385284220101, 8.22397487354e-05, 4.92230938107e-05, 5.69149779039e-05, 5.3066698456e-05, 6.24832609901e-05, 4.28346465924e-05, 2.66748029389e-05, 1.42664512168e-05, 2.32890233747e-05, 1.66978261404e-05, 1.15958255265e-06, 1.36676499096e-06, 2.04983530239e-06, 9.70814562606e-06, 1.70106231963e-05, 1.5118023839e-05, 7.0940986916e-06, 2.58654011986e-07, 7.19572241792e-08, 9.15770286269e-08, 5.52476961957e-08, 3.97273112185e-08, 3.80619162854e-08, 5.12117601659e-08, 3.30558656003e-08, 9.00646135449e-09, 1.06099273811e-09, 6.869689817e-10, 3.97893107351e-10, 1.76340539393e-10, 5.97774468813e-11],
        "dvar": [2.1917131738e-12, 3.46041917343e-10, 2.73950595542e-09, 1.24488437336e-08, 1.98728606904e-08, 1.55101773203e-07, 4.66512290132e-07, 4.5250982339e-07, 1.07017422124e-06, 4.18441601369e-08, 8.17006462484e-09, 2.23572147462e-08, 2.82783645389e-08, 4.76645176661e-08, 1.46623495567e-08, 6.12656592125e-09, 2.17458984153e-09, 7.24145943209e-09, 1.16875069622e-08, 1.5991957758e-11, 2.07017094439e-11, 8.51095097176e-11, 8.99377905483e-10, 2.78681966392e-09, 9.49403777817e-10, 3.65435126604e-10, 3.92913295216e-13, 2.6798858678e-14, 6.61487059789e-14, 2.73622202912e-14, 1.93217617334e-14, 2.10812812519e-14, 3.75690520089e-14, 1.5077003502e-14, 2.22062096155e-15, 4.99095139016e-18, 2.28587784723e-18, 8.28791598495e-19, 8.53228465419e-20, 4.79785152068e-21],
        "dvar2": [4.89061091971e-12, 6.77342792965e-10, 5.71292790852e-09, 2.60500687688e-08, 4.52819683971e-08, 3.70759011048e-07, 1.15961768188e-06, 8.48536103604e-07, 2.57764213529e-06, 8.80992914176e-08, 1.68502776177e-08, 5.89500182002e-08, 5.48250866927e-08, 9.16319677913e-08, 2.89629316086e-08, 1.24989556483e-08, 4.38439240469e-09, 1.02361150667e-08, 1.96748146664e-08, 3.51891953076e-11, 3.64244988338e-11, 1.49844595065e-10, 1.71728764542e-09, 5.80669867745e-09, 1.79810100143e-09, 7.65787044887e-10, 9.93725718032e-13, 5.93076003347e-14, 1.68479013835e-13, 5.22365083046e-14, 3.88383613735e-14, 5.23482183979e-14, 6.6021474854e-14, 2.60307488726e-14, 5.26030796003e-15, 1.10476133302e-17, 4.45155518452e-18, 1.92152215819e-18, 1.65585079644e-19, 1.10264241941e-20],
        "max": [3.01151194435e-05, 0.000405137485359, 0.00127278023865, 0.00264475075528, 0.00258458871394, 0.00618354044855, 0.0172388367355, 0.015221378766, 0.0182646457106, 0.00508217141032, 0.00239747390151, 0.00598031608388, 0.00434225145727, 0.00570980971679, 0.00299948803149, 0.00217885291204, 0.00121597328689, 0.00230033951811, 0.0043545239605, 9.88716492429e-05, 0.00014025971177, 0.000320759223541, 0.000853209581692, 0.0013211426558, 0.000473866733955, 0.000450679624919, 1.27707080537e-05, 4.3108684622e-06, 5.84006329518e-06, 6.44692909191e-06, 4.45625892098e-06, 4.29681176684e-06, 6.2212152443e-06, 5.43510941498e-06, 1.67067037182e-06, 7.17741670542e-08, 5.84065098508e-08, 2.64985366982e-08, 9.66403046476e-09, 1.68260616551e-09],
        "mean": [9.70417659119e-07, 2.22722646868e-05, 4.94794912811e-05, 0.000114366870548, 0.000198820082005, 0.000439905415988, 0.00049679359654, 0.000455241795862, 0.000488167483127, 0.000112294968858, 7.79554466135e-05, 0.000106539351691, 5.32156191184e-05, 7.76013403083e-05, 4.44615507149e-05, 3.49787151208e-05, 1.52550837811e-05, 2.82849887299e-05, 1.88904596143e-05, 9.87216594694e-07, 1.57090335051e-06, 1.87246007499e-06, 1.02370086097e-05, 1.67635171238e-05, 1.92571551452e-05, 6.57805003357e-06, 2.15871878595e-07, 7.14066246132e-08, 8.89152431682e-08, 7.13662942076e-08, 3.69472878958e-08, 3.08173717656e-08, 5.66829427839e-08, 4.20510062327e-08, 7.6689561368e-09, 1.5130275921e-09, 9.78979342037e-10, 5.40102573776e-10, 2.79943457304e-10, 9.29198940014e-11],
        "median": [2.43210422468e-07, 3.88943135476e-06, 1.60135277838e-05, 2.9959861422e-05, 7.98318651505e-05, 0.000170729283127, 7.47324884287e-05, 4.85750570078e-05, 2.57888696069e-05, 1.90363516595e-05, 1.66318677657e-05, 3.5991738514e-06, 3.00920419249e-06, 3.27290581481e-06, 1.00760132682e-06, 1.62605817877e-06, 7.25834638615e-07, 3.47419017999e-07, 1.82630984114e-07, 6.3913326187e-08, 7.06631837488e-08, 1.13887530517e-07, 4.13895037354e-07, 1.07089158519e-06, 1.24023154058e-06, 2.15989757635e-07, 1.63557238864e-08, 8.42709013682e-09, 6.9004535419e-09, 5.0060506851e-09, 3.67233310428e-09, 2.96109603504e-09, 2.383495179e-09, 1.59718605008e-09, 9.89730741807e-10, 6.60380139461e-10, 4.37618996596e-10, 2.59779031619e-10, 1.64312813355e-10, 6.5544417116e-11],
        "min": [1.27554468723e-11, 1.9662452222e-11, 4.91886219256e-11, 2.54984588999e-10, 5.7290611144e-10, 4.35988667391e-09, 1.36551225882e-09, 4.05344341425e-10, 8.450399408e-11, 3.92200660837e-10, 1.0704180875e-09, 2.45104752467e-11, 3.75973557842e-11, 1.12461338853e-10, 1.51095282119e-11, 8.55030490854e-11, 2.49542921049e-11, 8.60411047965e-12, 1.75640936257e-12, 2.96678415342e-12, 2.90583746301e-12, 2.90941186074e-12, 1.59204724057e-12, 1.42318633007e-12, 1.44660422963e-12, 1.05035435644e-12, 2.27946296821e-13, 3.57927798728e-13, 3.83469677453e-13, 3.66666170083e-13, 3.59023737389e-13, 3.32218275242e-13, 2.21814632092e-13, 1.96356101409e-13, 4.66412715741e-13, 3.71479783783e-13, 2.62413463355e-13, 2.67081983699e-13, 2.07104393856e-13, 1.5437434317e-13],
        "var": [5.26153686592e-12, 2.13056683407e-09, 9.62450297237e-09, 5.83954324895e-08, 9.08435424662e-08, 5.3873560546e-07, 1.52088421146e-06, 1.59420642376e-06, 2.99274893223e-06, 1.0101057768e-07, 3.58353133834e-08, 1.74908237227e-07, 5.20264116233e-08, 1.31690526928e-07, 3.13794608076e-08, 2.04622079281e-08, 4.82530326806e-09, 1.95143421422e-08, 3.44059216673e-08, 2.23205585959e-11, 5.54960140342e-11, 1.44507017463e-10, 2.03265404508e-09, 4.32848379361e-09, 2.51590615008e-09, 6.13208039901e-10, 5.48056771407e-13, 5.0507808927e-14, 1.08161038719e-13, 9.77082455743e-14, 3.34562394878e-14, 2.3788544241e-14, 8.77552560783e-14, 5.83896673416e-14, 2.76852316469e-15, 1.28450131084e-17, 6.28837797709e-18, 1.69624510183e-18, 2.08962327569e-19, 1.07413312261e-20]
    },
    "mfcc": {
        "mean": [-837.691711426, 185.031448364, -21.1697616577, 5.73056268692, -25.3813762665, -38.8202362061, -13.809217453, -6.40939617157, -31.1911201477, -16.3534393311, 9.60119533539, -12.0627536774, -14.5579586029],
        "cov": [[7763.68115234, 1627.8737793, -2600.2199707, 641.57824707, -519.709655762, -209.722976685, -107.392356873, 490.143615723, -462.475952148, 44.3595085144, 854.812866211, -169.358062744, -71.6281433105], [1627.8737793, 1103.40942383, -285.485351562, -157.15145874, -14.0211582184, -56.7386627197, 70.0653686523, 68.6974258423, -20.6481304169, 5.48627519608, 129.270492554, 7.35333442688, -63.6106758118], [-2600.2199707, -285.485351562, 1238.15856934, -189.298812866, 127.322731018, 107.362068176, 39.0296592712, -177.998397827, 193.141998291, -4.73734903336, -348.659576416, 51.2381668091, 28.0366897583], [641.57824707, -157.15145874, -189.298812866, 402.835296631, 19.6945819855, -50.4080085754, -77.6735534668, 69.3778305054, -72.5144729614, -7.95611572266, 77.6322097778, -78.1607284546, 5.18518161774], [-519.709655762, -14.0211582184, 127.322731018, 19.6945819855, 309.498504639, 50.0555076599, -77.5752410889, -68.9086837769, 87.1112976074, 22.3229732513, -46.2027168274, 11.585515976, -43.305141449], [-209.722976685, -56.7386627197, 107.362068176, -50.4080085754, 50.0555076599, 189.455749512, 28.7265377045, -56.7937355042, 60.1561698914, 48.5711669922, -33.0856933594, 30.3564910889, 16.883354187], [-107.392356873, 70.0653686523, 39.0296592712, -77.6735534668, -77.5752410889, 28.7265377045, 273.293640137, 111.998268127, -77.8229522705, -47.2641029358, -7.67355060577, 1.57875370979, 30.8967056274], [490.143615723, 68.6974258423, -177.998397827, 69.3778305054, -68.9086837769, -56.7937355042, 111.998268127, 194.277786255, -49.548992157, -52.3358650208, 62.0991516113, -22.4516048431, 0.335873544216], [-462.475952148, -20.6481304169, 193.141998291, -72.5144729614, 87.1112976074, 60.1561698914, -77.8229522705, -49.548992157, 219.029708862, 79.6477890015, -83.1526107788, 29.1615104675, -11.9325265884], [44.3595085144, 5.48627519608, -4.73734903336, -7.95611572266, 22.3229732513, 48.5711669922, -47.2641029358, -52.3358650208, 79.6477890015, 131.342803955, 31.9593086243, -5.81795597076, 4.27188396454], [854.812866211, 129.270492554, -348.659576416, 77.6322097778, -46.2027168274, -33.0856933594, -7.67355060577, 62.0991516113, -83.1526107788, 31.9593086243, 219.326263428, 31.570306778, -24.1907024384], [-169.358062744, 7.35333442688, 51.2381668091, -78.1607284546, 11.585515976, 30.3564910889, 1.57875370979, -22.4516048431, 29.1615104675, -5.81795597076, 31.570306778, 121.087013245, 22.8719425201], [-71.6281433105, -63.6106758118, 28.0366897583, 5.18518161774, -43.305141449, 16.883354187, 30.8967056274, 0.335873544216, -11.9325265884, 4.27188396454, -24.1907024384, 22.8719425201, 105.770217896]],
