{
"lowlevel": {
    "average_loudness": 0.852033793926,
    "barkbands_crest": {
        "dmean": 2.41559481621,
        "dmean2": 3.90740919113,
        "dvar": 5.27307033539,
        "dvar2": 13.1111879349,
        "max": 24.473947525,
        "mean": 10.0577573776,
        "median": 9.20389556885,
        "min": 2.78537487984,
        "var": 16.0226097107
    },
    "barkbands_flatness_db": {
        "dmean": 0.0188146363944,
        "dmean2": 0.0291749052703,
        "dvar": 0.0003041344753,
        "dvar2": 0.000606528890785,
        "max": 0.36837926507,
        "mean": 0.216416314244,
        "median": 0.211211815476,
        "min": 0.0970227271318,
        "var": 0.00197632657364
    },
    "barkbands_kurtosis": {
        "dmean": 1.57567977905,
        "dmean2": 2.48097133636,
        "dvar": 6.04918241501,
        "dvar2": 14.8040218353,
        "max": 46.8902587891,
        "mean": 2.45218801498,
        "median": 1.4161863327,
        "min": -1.73482477665,
        "var": 15.6723632812
    },
    "barkbands_skewness": {
        "dmean": 0.388427048922,
        "dmean2": 0.599714279175,
        "dvar": 0.152866899967,
        "dvar2": 0.359746485949,
        "max": 6.31749868393,
        "mean": 0.948262512684,
        "median": 0.910630464554,
        "min": -3.11664605141,
        "var": 0.806008219719
    },
    "barkbands_spread": {
        "dmean": 2.74235868454,
        "dmean2": 4.22663450241,
        "dvar": 9.7181596756,
        "dvar2": 20.7664909363,
        "max": 59.8383140564,
        "mean": 12.7767362595,
        "median": 11.6493759155,
        "min": 1.20163679123,
        "var": 42.1542243958
    },
    "dissonance": {
        "dmean": 0.0256805066019,
        "dmean2": 0.042999047786,
        "dvar": 0.000611739349551,
        "dvar2": 0.00162712996826,
        "max": 0.499761551619,
        "mean": 0.445710062981,
        "median": 0.454374343157,
        "min": 0.262279510498,
        "var": 0.00143847323488
    },
    "dynamic_complexity": 3.05576682091,
    "erbbands_crest": {
        "dmean": 2.83835291862,
        "dmean2": 4.52922153473,
        "dvar": 7.08297300339,
        "dvar2": 16.7248687744,
        "max": 31.929693222,
        "mean": 11.3202886581,
        "median": 10.0003805161,
        "min": 3.15741991997,
        "var": 26.4366111755
    },
    "erbbands_flatness_db": {
        "dmean": 0.0164622049779,
        "dmean2": 0.0234905872494,
        "dvar": 0.000289520714432,
        "dvar2": 0.000488103949465,
        "max": 0.428078383207,
        "mean": 0.264384865761,
        "median": 0.260607600212,
        "min": 0.125427648425,
        "var": 0.00299295899458
    },
    "erbbands_kurtosis": {
        "dmean": 1.06168520451,
        "dmean2": 1.62448132038,
        "dvar": 3.03604102135,
        "dvar2": 6.49365234375,
        "max": 36.5951576233,
        "mean": 1.11170184612,
        "median": 0.168248653412,
        "min": -1.71288645267,
        "var": 9.75130081177
    },
    "erbbands_skewness": {
        "dmean": 0.342327803373,
        "dmean2": 0.530946612358,
        "dvar": 0.100399807096,
        "dvar2": 0.22826898098,
        "max": 3.73011183739,
        "mean": 0.561116635799,
        "median": 0.55577725172,
        "min": -2.64578509331,
        "var": 0.64226859808
    },
    "erbbands_spread": {
        "dmean": 4.20939397812,
        "dmean2": 6.38525390625,
        "dvar": 21.1047019958,
        "dvar2": 44.0700187683,
        "max": 78.2107009888,
        "mean": 22.0058841705,
        "median": 20.4743537903,
        "min": 1.69768249989,
        "var": 127.900558472
    },
    "hfc": {
        "dmean": 4.19281244278,
        "dmean2": 6.14886951447,
        "dvar": 41.5873641968,
        "dvar2": 82.5912094116,
        "max": 117.692520142,
        "mean": 17.3148021698,
        "median": 11.5321121216,
        "min": 0.000146228034282,
        "var": 282.229553223
    },
    "melbands_crest": {
        "dmean": 2.94250559807,
        "dmean2": 4.74371433258,
        "dvar": 7.71214008331,
        "dvar2": 19.1491222382,
        "max": 32.7261619568,
        "mean": 12.7193374634,
        "median": 11.7842731476,
        "min": 4.13749170303,
        "var": 22.3008270264
    },
    "melbands_flatness_db": {
        "dmean": 0.0193744953722,
        "dmean2": 0.0280842464417,
        "dvar": 0.000379123957828,
        "dvar2": 0.000700119591784,
        "max": 0.425241053104,
        "mean": 0.229625239968,
        "median": 0.223041042686,
        "min": 0.0687053874135,
        "var": 0.00331038958393
    },
    "melbands_kurtosis": {
        "dmean": 2.51016497612,
        "dmean2": 3.98932242393,
        "dvar": 26.1589050293,
        "dvar2": 67.1802749634,
        "max": 134.140106201,
        "mean": 4.85817575455,
        "median": 2.80306100845,
        "min": -1.74013090134,
        "var": 50.2860527039
    },
    "melbands_skewness": {
        "dmean": 0.444485455751,
        "dmean2": 0.686879038811,
        "dvar": 0.225810050964,
        "dvar2": 0.51638764143,
        "max": 9.4477148056,
        "mean": 1.32752466202,
        "median": 1.22399258614,
        "min": -2.10600066185,
        "var": 1.17416262627
    },
    "melbands_spread": {
        "dmean": 4.27674818039,
        "dmean2": 6.61517620087,
        "dvar": 23.0293674469,
        "dvar2": 50.7874069214,
        "max": 82.1684875488,
        "mean": 18.9226226807,
        "median": 15.8074607849,
        "min": 2.1338429451,
        "var": 126.992637634
    },
    "pitch_salience": {
        "dmean": 0.0645359605551,
        "dmean2": 0.10460101068,
        "dvar": 0.00339424354024,
        "dvar2": 0.00850540399551,
        "max": 0.842720687389,
        "mean": 0.557969689369,
        "median": 0.563173830509,
        "min": 0.180894687772,
        "var": 0.010854546912
    },
    "silence_rate_20dB": {
        "dmean": 0,
        "dmean2": 0,
        "dvar": 0,
        "dvar2": 0,
        "max": 1,
        "mean": 1,
        "median": 1,
        "min": 1,
        "var": 0
    },
    "silence_rate_30dB": {
        "dmean": 0,
        "dmean2": 0,
        "dvar": 0,
        "dvar2": 0,
        "max": 1,
        "mean": 1,
        "median": 1,
        "min": 1,
        "var": 0
    },
    "silence_rate_60dB": {
        "dmean": 0.0185758508742,
        "dmean2": 0.0371660850942,
        "dvar": 0.0182299800217,
        "dvar2": 0.0396558828652,
        "max": 1,
        "mean": 0.0700193420053,
        "median": 0,
        "min": 0,
        "var": 0.0651148706675
    },
    "spectral_centroid": {
        "dmean": 156.015197754,
        "dmean2": 234.23991394,
        "dvar": 31675.6816406,
        "dvar2": 65615.0234375,
        "max": 3175.70581055,
        "mean": 1159.56201172,
        "median": 992.216369629,
        "min": 329.45803833,
        "var": 287344.5625
    },
    "spectral_complexity": {
        "dmean": 2.34055733681,
        "dmean2": 3.7158343792,
        "dvar": 5.41110658646,
        "dvar2": 12.3881874084,
        "max": 45,
        "mean": 15.0340423584,
        "median": 14,
        "min": 0,
        "var": 38.2169837952
    },
    "spectral_decrease": {
        "dmean": 9.70593050376e-10,
        "dmean2": 1.49724443954e-09,
        "dvar": 1.28681758199e-18,
        "dvar2": 2.6230070932e-18,
        "max": -4.9331632529e-14,
        "mean": -4.39789404894e-09,
        "median": -4.12698986096e-09,
        "min": -1.57475099627e-08,
        "var": 7.3467832814e-18
    },
    "spectral_energy": {
        "dmean": 0.00397934578359,
        "dmean2": 0.00612249365076,
        "dvar": 2.23599126912e-05,
        "dvar2": 4.51299492852e-05,
        "max": 0.0641761049628,
        "mean": 0.0181691441685,
        "median": 0.0168542861938,
        "min": 1.99452159677e-07,
        "var": 0.000132909975946
    },
    "spectral_energyband_high": {
        "dmean": 7.71962440922e-05,
        "dmean2": 0.000114939910418,
        "dvar": 6.49066080882e-08,
        "dvar2": 1.54348668957e-07,
        "max": 0.00525904679671,
        "mean": 0.00014637777349,
        "median": 6.13022348261e-05,
        "min": 9.85426809597e-11,
        "var": 8.71108198908e-08
    },
    "spectral_energyband_low": {
        "dmean": 0.000641034159344,
        "dmean2": 0.00101908773649,
        "dvar": 1.86417048553e-06,
        "dvar2": 4.46832837042e-06,
        "max": 0.0200493037701,
        "mean": 0.00123676005751,
        "median": 0.000464694225229,
        "min": 4.69423877547e-09,
        "var": 3.76231514565e-06
    },
    "spectral_energyband_middle_high": {
        "dmean": 0.00214995606802,
        "dmean2": 0.00321689527482,
        "dvar": 1.49426177813e-05,
        "dvar2": 3.00164047076e-05,
        "max": 0.0575891844928,
        "mean": 0.00711889797822,
        "median": 0.00342067983001,
        "min": 5.62283020145e-08,
        "var": 8.07114702184e-05
    },
    "spectral_energyband_middle_low": {
        "dmean": 0.00284061371349,
        "dmean2": 0.00451420620084,
        "dvar": 1.16551409519e-05,
        "dvar2": 2.74028952845e-05,
        "max": 0.0477827712893,
        "mean": 0.0100356554613,
        "median": 0.00900759082288,
        "min": 3.21962367877e-08,
        "var": 4.74006810691e-05
    },
    "spectral_entropy": {
        "dmean": 0.149822890759,
        "dmean2": 0.222410991788,
        "dvar": 0.0227271430194,
        "dvar2": 0.0449469834566,
        "max": 8.17436313629,
        "mean": 7.03192615509,
        "median": 7.07152700424,
        "min": 5.76008653641,
        "var": 0.151328220963
    },
    "spectral_flux": {
        "dmean": 0.0190016329288,
        "dmean2": 0.0300376620144,
        "dvar": 0.000403049692977,
        "dvar2": 0.0010319367284,
        "max": 0.242634385824,
        "mean": 0.0614787936211,
        "median": 0.0555737428367,
        "min": 0.000446600664873,
        "var": 0.00111439835746
    },
    "spectral_kurtosis": {
        "dmean": 4.4370303154,
        "dmean2": 7.57222986221,
        "dvar": 28.9492340088,
        "dvar2": 81.3704528809,
        "max": 69.0700759888,
        "mean": 8.48309707642,
        "median": 5.80485057831,
        "min": 0.0704843997955,
        "var": 77.8951416016
    },
    "spectral_rms": {
        "dmean": 0.000459235656308,
        "dmean2": 0.000699068768881,
        "dvar": 2.42408248141e-07,
        "dvar2": 4.70734221381e-07,
        "max": 0.0079127009958,
        "mean": 0.00396441621706,
        "median": 0.00405502226204,
        "min": 1.39494613904e-05,
        "var": 2.00939075512e-06
    },
    "spectral_rolloff": {
        "dmean": 243.156784058,
        "dmean2": 412.725189209,
        "dvar": 136226.359375,
        "dvar2": 297411,
        "max": 5275.63476562,
        "mean": 1323.51379395,
        "median": 1055.12695312,
        "min": 129.19921875,
        "var": 569993.1875
    },
    "spectral_skewness": {
        "dmean": 0.386161923409,
        "dmean2": 0.647979021072,
        "dvar": 0.146285861731,
        "dvar2": 0.399620205164,
        "max": 6.16148519516,
        "mean": 1.78950297832,
        "median": 1.60959434509,
        "min": 0.434087008238,
        "var": 0.612881720066
    },
    "spectral_spread": {
        "dmean": 261317,
        "dmean2": 386564.25,
        "dvar": 90874396672,
        "dvar2": 149200961536,
        "max": 7266116.5,
        "mean": 2648331,
        "median": 2549735.75,
        "min": 832058.125,
        "var": 647135297536
    },
    "spectral_strongpeak": {
        "dmean": 0.747731208801,
        "dmean2": 1.22540962696,
        "dvar": 1.49230158329,
        "dvar2": 3.50702261925,
        "max": 16.5502281189,
        "mean": 1.80464041233,
        "median": 1.08338141441,
        "min": 0.00238208379596,
        "var": 4.21654319763
    },
    "zerocrossingrate": {
        "dmean": 0.00520669575781,
        "dmean2": 0.0062514366582,
        "dvar": 3.16820587614e-05,
        "dvar2": 4.3949814426e-05,
        "max": 0.146484375,
        "mean": 0.0480147637427,
        "median": 0.0439453125,
        "min": 0.0068359375,
        "var": 0.000363183906302
    },
    "barkbands": {
        "dmean": [1.29730699427e-06, 0.000300265819533, 0.000355334050255, 0.000226706586545, 0.000560826738365, 0.000800581183285, 0.0007648106548, 0.000896276498679, 0.00117481255438, 0.000553627149202, 0.000864459725562, 0.000495591550134, 0.000274656165857, 0.000615515280515, 0.0002568057389, 0.000150354506331, 0.000258642423432, 0.000394773698645, 0.000186732126167, 3.36894627253e-05, 4.62388343294e-05, 9.32714101509e-06, 7.11171696821e-06, 7.04301010046e-06, 6.58751446281e-07, 9.74859304392e-10, 6.16823314648e-10],
        "dmean2": [2.24847826757e-06, 0.000477246096125, 0.000570434785914, 0.000368683977285, 0.000822956615593, 0.00130709155928, 0.00119102920871, 0.00137951306533, 0.00183151883539, 0.000866918941028, 0.00130464765243, 0.000762421521358, 0.000422652810812, 0.00100024370477, 0.000412619847339, 0.000233215207118, 0.000407103274483, 0.000606553978287, 0.000285289715976, 5.31425030204e-05, 7.13569970685e-05, 1.36152611958e-05, 1.04069731606e-05, 1.00228189694e-05, 9.94419451672e-07, 1.66605995666e-09, 1.13598452867e-09],
        "dvar": [5.68689409799e-12, 5.2778960935e-07, 7.95375342477e-07, 2.07105699701e-07, 1.1330931784e-06, 2.05941478271e-06, 2.37162657868e-06, 4.39594077761e-06, 4.61201580038e-06, 1.89052809674e-06, 8.36675371829e-06, 2.29999523071e-06, 6.50122217394e-07, 2.48140304393e-06, 5.41665372111e-07, 2.2564762503e-07, 4.36123116287e-07, 1.86351633147e-06, 1.86407675073e-07, 1.26399193334e-08, 2.85909340647e-08, 9.9559815947e-10, 4.26661650454e-10, 8.80782280444e-10, 2.76770776436e-11, 2.31130591693e-17, 8.18444758104e-19],
        "dvar2": [1.60002913696e-11, 1.26267593714e-06, 1.97771464627e-06, 5.30404804522e-07, 2.19854860006e-06, 5.4896581787e-06, 6.06804633208e-06, 1.00906800071e-05, 9.97749430098e-06, 4.26159431299e-06, 1.66135123436e-05, 4.84366091769e-06, 1.43374131767e-06, 6.44177634967e-06, 1.47587240917e-06, 4.65596883714e-07, 1.04231685327e-06, 4.29647889177e-06, 4.08868856994e-07, 3.2081036494e-08, 7.06468483713e-08, 2.41229725084e-09, 8.26114343599e-10, 1.84783621737e-09, 5.10545945798e-11, 4.33802464544e-17, 2.57855544106e-18],
        "max": [3.65069354302e-05, 0.0126781994477, 0.0142548307776, 0.00641831150278, 0.0228456761688, 0.0229553785175, 0.0239809006453, 0.03860918805, 0.0386492796242, 0.0255776513368, 0.0510835237801, 0.0365229845047, 0.0157679803669, 0.037631586194, 0.0221529547125, 0.015954490751, 0.0128104267642, 0.0298707094043, 0.00652470719069, 0.00297440239228, 0.00379881123081, 0.000891449511983, 0.000434850400779, 0.000658706005197, 0.000245961215114, 2.12065046412e-07, 8.75372307974e-09],
        "mean": [1.44963655657e-06, 0.000576113292482, 0.000507121323608, 0.000383532285923, 0.00137638940942, 0.00170483929105, 0.00146139157005, 0.00174925359897, 0.00258363294415, 0.00115101516712, 0.00174655579031, 0.0009517610888, 0.000515241001267, 0.00103405804839, 0.000423298799433, 0.000273664365523, 0.000515912950505, 0.000691350607667, 0.000351994793164, 5.34639584657e-05, 7.40299292374e-05, 1.76507128344e-05, 1.38120767588e-05, 1.06304078145e-05, 1.0099163319e-06, 1.24041799054e-09, 5.1534138068e-10],
        "median": [5.99266172685e-07, 0.00015641511709, 0.000124429134303, 0.000104782535345, 0.00053457840113, 0.000850431621075, 0.000734683882911, 0.000565644702874, 0.000966674764641, 0.000323531916365, 0.000363549566828, 0.000283399625914, 9.69775865087e-05, 0.000276363542071, 0.000111075147288, 7.31301115593e-05, 8.23525551823e-05, 5.70811680518e-05, 5.30405886821e-05, 1.90714163182e-05, 3.04695968225e-05, 7.06693936081e-06, 4.94296818943e-06, 3.0157909805e-06, 2.20083819613e-07, 4.93251217648e-10, 1.83373302654e-10],
        "min": [2.33344472217e-11, 2.66856003961e-09, 9.74361258343e-10, 1.56926666106e-10, 3.7247444018e-10, 2.63864069483e-10, 8.69761596078e-09, 5.76202774383e-09, 1.51727608255e-09, 7.38452854421e-10, 1.04435571302e-08, 1.52452961366e-09, 7.44528327878e-10, 9.61670965083e-10, 9.01318042423e-09, 2.92467028373e-09, 8.91717255591e-10, 2.64851873072e-11, 1.26553267865e-09, 1.73354212929e-11, 4.06479398751e-11, 8.33671586625e-12, 8.30260339646e-12, 1.56717971933e-11, 9.42034297791e-12, 5.06194652167e-12, 6.97710812736e-12],
        "var": [6.54228103983e-12, 1.15758382435e-06, 1.31820866045e-06, 5.01852184698e-07, 5.22391928826e-06, 5.25350787939e-06, 4.70659142593e-06, 1.08512567749e-05, 1.65155379364e-05, 6.88465797793e-06, 2.77826729871e-05, 7.03402474755e-06, 2.35978018281e-06, 4.474022262e-06, 1.58280181495e-06, 8.5767692326e-07, 1.17655372378e-06, 4.41142992713e-06, 4.96999518873e-07, 1.36230946524e-08, 3.33440333122e-08, 1.55232837695e-09, 8.04813604649e-10, 1.24537713475e-09, 5.49051568099e-11, 4.54962174747e-17, 6.79653363895e-19]
    },
    "erbbands": {
        "dmean": [0.00437671784312, 0.0834221765399, 0.353910207748, 0.568404376507, 1.07622408867, 2.37700819969, 4.07765483856, 6.82152414322, 9.66243171692, 15.1101427078, 18.6086273193, 27.4183559418, 25.6311950684, 12.8585014343, 37.6863555908, 21.0922966003, 13.1633720398, 34.25831604, 14.6631574631, 7.41612911224, 8.23305702209, 15.0360603333, 17.1001529694, 17.0438022614, 3.45051288605, 1.58027470112, 2.43819189072, 1.05208671093, 0.352395802736, 0.22165119648, 0.216526776552, 0.177907735109, 0.0907019078732, 0.0158225875348, 0.000901802850422, 4.51027262898e-05, 4.98618328493e-06, 1.3921981008e-06, 2.27181408263e-06, 4.76824016005e-06],
        "dmean2": [0.00684901280329, 0.132441401482, 0.560665726662, 0.93129837513, 1.75958287716, 3.42469358444, 6.21789550781, 11.1998386383, 15.6073818207, 23.6227684021, 28.7256031036, 41.5817375183, 40.3877563477, 19.8439292908, 56.7633934021, 32.1253204346, 20.6532840729, 55.5160064697, 23.1696739197, 11.3431539536, 12.7781009674, 23.6266918182, 25.8337421417, 25.9219169617, 5.29543209076, 2.48586750031, 3.77784800529, 1.64135813713, 0.517560184002, 0.327108591795, 0.317514240742, 0.256720036268, 0.13051250577, 0.0224694050848, 0.00128924264573, 6.37377379462e-05, 7.10271160642e-06, 2.01451916837e-06, 3.41447298524e-06, 7.29437670088e-06],
        "dvar": [0.000108791522507, 0.0394732244313, 0.731919586658, 1.61974966526, 2.88284945488, 28.1090393066, 67.7934417725, 177.496551514, 407.456604004, 1141.27026367, 1892.36206055, 3148.45483398, 4118.34619141, 938.931884766, 17809.75, 4338.98242188, 1308.32592773, 7696.73925781, 1552.26745605, 430.944610596, 415.485015869, 1786.72351074, 3402.34838867, 2645.67773438, 52.5941963196, 26.2835903168, 88.4509506226, 18.0819625854, 1.3453630209, 0.536084115505, 0.38838621974, 0.431767702103, 0.18814574182, 0.0120581360534, 3.20297767757e-05, 6.88626045076e-08, 2.85907963971e-10, 9.73579029895e-12, 8.37104604384e-12, 3.36980721105e-11],
        "dvar2": [0.000251184654189, 0.094190761447, 1.75124955177, 4.21163606644, 7.88586425781, 56.2149009705, 150.453231812, 466.577758789, 1093.67077637, 2692.58300781, 4441.77685547, 6111.54052734, 9525.30566406, 1870.6114502, 36441.8984375, 9118.34082031, 2938.83789062, 20018.9492188, 4157.84863281, 908.127441406, 959.023010254, 4350.06445312, 7842.33447266, 5938.50195312, 111.833007812, 66.8757324219, 216.00239563, 46.3863372803, 3.18824052811, 1.31347477436, 0.719992339611, 0.876917779446, 0.395796746016, 0.0202534124255, 5.59625477763e-05, 1.18650618219e-07, 5.00277153037e-10, 1.83209419857e-11, 1.65040377198e-11, 6.72702310522e-11],
        "max": [0.208995565772, 3.28205180168, 13.1097984314, 21.3972492218, 24.520608902, 104.311569214, 166.780838013, 269.91494751, 357.6847229, 787.885925293, 1041.29138184, 1178.51306152, 1154.86657715, 838.574951172, 2467.81274414, 1349.82629395, 733.729858398, 2230.35644531, 950.638305664, 576.590026855, 401.781005859, 780.234375, 1328.99511719, 1208.08459473, 145.035583496, 126.148582458, 243.720916748, 131.817306519, 31.8052864075, 18.2170352936, 15.1648168564, 12.9577693939, 10.3738965988, 5.22465181351, 0.263878852129, 0.0120655531064, 0.000667023879942, 8.47435076139e-05, 4.51677879028e-05, 8.1551297626e-05],
        "mean": [0.00848144479096, 0.160550296307, 0.565608501434, 0.927388310432, 2.04886102676, 5.57185745239, 9.62028884888, 13.9080257416, 19.0499629974, 30.6314620972, 39.8539543152, 60.1185379028, 56.9007720947, 27.980424881, 76.869644165, 44.1081237793, 29.0558357239, 59.4298477173, 27.0746002197, 15.2398195267, 16.7809238434, 31.4416828156, 32.7717437744, 31.7687339783, 7.59171247482, 2.74944710732, 3.82480955124, 1.74948585033, 0.692993998528, 0.417342782021, 0.421339303255, 0.286978423595, 0.134586304426, 0.0259459596127, 0.00145046657417, 8.73971730471e-05, 1.50060432134e-05, 4.43214821644e-06, 1.04590435512e-05, 2.19404573727e-05],
        "median": [0.00209269183688, 0.0452240630984, 0.173926666379, 0.363039016724, 1.08354103565, 1.60050547123, 3.24772977829, 7.30617237091, 10.536687851, 11.7180957794, 15.836353302, 23.1902179718, 16.5454082489, 13.2175016403, 16.0324440002, 12.9037437439, 7.89074850082, 17.1091365814, 9.20905399323, 5.10804080963, 5.8314499855, 4.67811059952, 3.2306895256, 3.54729676247, 2.11188292503, 1.03872072697, 1.601521492, 0.63108509779, 0.282492756844, 0.161954775453, 0.153785005212, 0.0853448212147, 0.0373295433819, 0.00613188790157, 0.000357882323442, 3.38613172062e-05, 9.52809841692e-06, 2.49341428571e-06, 9.11537244974e-06, 1.97372173716e-05],
        "min": [3.01878557707e-08, 8.46451087e-07, 1.65606525115e-06, 4.89180706609e-07, 4.67640660418e-07, 1.54478561853e-06, 1.83183567515e-06, 4.00740236728e-06, 3.46920896845e-05, 0.000511047255713, 0.000143447003211, 4.31738408224e-05, 5.03177980136e-05, 0.000723367615137, 0.00016457035963, 7.90107151261e-05, 0.000102612757473, 5.82247121201e-05, 0.000395216338802, 0.00056576001225, 0.000208871933864, 5.21912479599e-05, 6.9167649599e-06, 8.74437246239e-05, 1.0842654774e-05, 1.10656117158e-06, 2.43184877036e-06, 5.70492204588e-07, 2.72967525916e-07, 2.80539040887e-07, 2.24907310553e-07, 2.63681641854e-07, 2.8882919878e-07, 1.35356927444e-07, 5.92576547831e-08, 2.16020623611e-08, 1.01619352932e-08, 3.9235539262e-09, 1.09969067186e-09, 3.30093924417e-10],
        "var": [0.000324343447573, 0.0839179828763, 1.35802483559, 2.53243350983, 7.63688564301, 115.157577515, 259.281494141, 416.559051514, 707.115966797, 2565.95385742, 5725.58154297, 10121.1230469, 14641.5644531, 2573.25268555, 55581.2226562, 14186.203125, 5333.18896484, 13787.6289062, 3906.47387695, 1459.51391602, 1121.24621582, 5012.76269531, 8768.63671875, 5073.04882812, 178.735183716, 30.4154319763, 100.202674866, 19.3138103485, 2.41588616371, 0.750726282597, 0.759219288826, 0.620106875896, 0.281156748533, 0.027013130486, 6.94624031894e-05, 1.52468800252e-07, 6.98149260625e-10, 3.16729698024e-11, 5.43747442905e-11, 2.11246659054e-10]
    },
    "gfcc": {
        "mean": [-77.2279510498, 154.470916748, -180.848449707, 22.9020290375, -72.3874359131, -3.26741194725, -24.8032588959, -9.82651042938, -1.68280518055, -21.9153633118, 8.61281013489, -21.3594760895, 2.97495722771],
        "cov": [[3388.16186523, -764.666992188, -603.866271973, 265.710144043, -182.676559448, 65.1278839111, -66.3112258911, 32.5644226074, -59.66664505, -113.123878479, 131.047180176, 34.9812393188, -171.36100769], [-764.666992188, 945.56262207, 523.390319824, -285.835723877, 191.467514038, -52.4345779419, 80.4252090454, -90.471534729, 28.9234619141, 37.4459953308, -45.7154083252, -17.9102172852, 106.81917572], [-603.866271973, 523.390319824, 936.883972168, 318.359130859, -91.2326507568, 238.146865845, 2.26810336113, -35.4734535217, -46.5166130066, 78.7601852417, -28.0843257904, -89.8658294678, 136.282470703], [265.710144043, -285.835723877, 318.359130859, 716.60534668, -140.368118286, 187.157455444, -51.3475341797, 43.8440971375, -49.1385879517, 24.7487335205, 59.8805389404, -32.4063339233, -5.42231845856], [-182.676559448, 191.467514038, -91.2326507568, -140.368118286, 290.781005859, -32.880607605, 52.0641822815, 10.7064971924, 50.5994377136, 5.56770563126, -8.5077123642, 33.6316337585, 4.94882583618], [65.1278839111, -52.4345779419, 238.146865845, 187.157455444, -32.880607605, 289.478515625, 78.2442550659, 51.2244415283, -15.0181159973, 35.9818611145, -0.790811598301, -41.1043968201, 51.8391075134], [-66.3112258911, 80.4252090454, 2.26810336113, -51.3475341797, 52.0641822815, 78.2442550659, 299.502746582, 117.678131104, 7.69497394562, -4.00259160995, 9.44313240051, 16.3416557312, -6.33805990219], [32.5644226074, -90.471534729, -35.4734535217, 43.8440971375, 10.7064971924, 51.2244415283, 117.678131104, 150.701690674, 37.4011230469, 4.4298377037, 20.0364093781, 6.00551700592, -31.2854652405], [-59.66664505, 28.9234619141, -46.5166130066, -49.1385879517, 50.5994377136, -15.0181159973, 7.69497394562, 37.4011230469, 98.6692352295, 46.9378852844, -2.71173882484, -2.58904337883, -1.2560852766], [-113.123878479, 37.4459953308, 78.7601852417, 24.7487335205, 5.56770563126, 35.9818611145, -4.00259160995, 4.4298377037, 46.9378852844, 107.111106873, 17.1782341003, -26.3108463287, 23.5823173523], [131.047180176, -45.7154083252, -28.0843257904, 59.8805389404, -8.5077123642, -0.790811598301, 9.44313240051, 20.0364093781, -2.71173882484, 17.1782341003, 91.9020309448, 49.1434059143, -33.5208015442], [34.9812393188, -17.9102172852, -89.8658294678, -32.4063339233, 33.6316337585, -41.1043968201, 16.3416557312, 6.00551700592, -2.58904337883, -26.3108463287, 49.1434059143, 101.367706299, 7.68588113785], [-171.36100769, 106.81917572, 136.282470703, -5.42231845856, 4.94882583618, 51.8391075134, -6.33805990219, -31.2854652405, -1.2560852766, 23.5823173523, -33.5208015442, 7.68588113785, 129.810409546]],
        "icov": [[0.000457352376543, -0.000268749688985, 0.000700335542206, -0.00030870368937, 0.000371327972971, -0.000571136770304, 0.000163349526701, 0.000116978771985, -6.80080702296e-05, 0.000540633685887, -0.00069146277383, 0.000400674907723, 2.56877010543e-05], [-0.000268749688985, 0.0105084758252, -0.00997502915561, 0.00535354577005, -0.00608081929386, 0.00634916871786, -0.00461950944737, 0.00574505608529, -0.00539020542055, 0.00480332132429, -0.00631112139672, 0.00415354687721, -0.00225109513849], [0.000700335542206, -0.00997502915561, 0.0118109099567, -0.00585292652249, 0.00602183863521, -0.00698687275872, 0.00409621559083, -0.00461231637746, 0.00545343616977, -0.00440057599917, 0.00465950556099, -0.00190773082431, 0.000305928464513], [-0.00030870368937, 0.00535354577005, -0.00585292652249, 0.00519762001932, -0.00273079611361, 0.00227945623919, -0.00119811482728, 0.00150251784362, -0.00189066119492, 0.00244300020859, -0.00450298981741, 0.00228269933723, -0.000713648507372], [0.000371327972971, -0.00608081929386, 0.00602183863521, -0.00273079611361, 0.00804748013616, -0.00410111807287, 0.0018543722108, -0.00231298385188, 0.00078062020475, -0.0026831435971, 0.00456677749753, -0.00426252279431, 0.00184856192209], [-0.000571136770304, 0.00634916871786, -0.00698687275872, 0.00227945623919, -0.00410111807287, 0.0105242058635, -0.0041719651781, 0.00152708450332, -0.00190999347251, 0.00199650856666, -0.00453694770113, 0.00505749182776, -0.00428244937211], [0.000163349526701, -0.00461950944737, 0.00409621559083, -0.00119811482728, 0.0018543722108, -0.0041719651781, 0.0080893766135, -0.00765901664272, 0.00477064028382, -0.00267030741088, 0.0032232508529, -0.00301797455177, 0.00135320518166], [0.000116978771985, 0.00574505608529, -0.00461231637746, 0.00150251784362, -0.00231298385188, 0.00152708450332, -0.00765901664272, 0.017361164093, -0.0103078307584, 0.00554912071675, -0.00527441082522, 0.00261746579781, 0.000995701178908], [-6.80080702296e-05, -0.00539020542055, 0.00545343616977, -0.00189066119492, 0.00078062020475, -0.00190999347251, 0.00477064028382, -0.0103078307584, 0.0230298861861, -0.0141680184752, 0.00950253661722, -0.00578500889242, 0.0026161391288], [0.000540633685887, 0.00480332132429, -0.00440057599917, 0.00244300020859, -0.0026831435971, 0.00199650856666, -0.00267030741088, 0.00554912071675, -0.0141680184752, 0.0247853491455, -0.0186529271305, 0.0150912422687, -0.00835491158068], [-0.00069146277383, -0.00631112139672, 0.00465950556099, -0.00450298981741, 0.00456677749753, -0.00453694770113, 0.0032232508529, -0.00527441082522, 0.00950253661722, -0.0186529271305, 0.0367123708129, -0.0252193920314, 0.0141785079613], [0.000400674907723, 0.00415354687721, -0.00190773082431, 0.00228269933723, -0.00426252279431, 0.00505749182776, -0.00301797455177, 0.00261746579781, -0.00578500889242, 0.0150912422687, -0.0252193920314, 0.0302974209189, -0.0132682807744], [2.56877010543e-05, -0.00225109513849, 0.000305928464513, -0.000713648507372, 0.00184856192209, -0.00428244937211, 0.00135320518166, 0.000995701178908, 0.0026161391288, -0.00835491158068, 0.0141785079613, -0.0132682807744, 0.0171746257693]]
    },
    "melbands": {
        "dmean": [6.30977592664e-05, 0.000156795882504, 0.000109867898573, 0.000112878704385, 0.000135896654683, 0.000155681831529, 0.000151982807438, 0.000171112493263, 0.000153912420501, 0.000180525166797, 0.000125500795548, 4.86437929794e-05, 0.000118210438814, 6.97447321727e-05, 4.3158634071e-05, 3.23446911352e-05, 7.24992059986e-05, 2.27795189858e-05, 1.80282477231e-05, 1.01822752185e-05, 1.07998084786e-05, 1.48417075252e-05, 2.21375485125e-05, 1.70288458321e-05, 1.49627712744e-05, 3.80755955121e-06, 1.23784650441e-06, 1.09556697225e-06, 1.70249495568e-06, 1.11174563244e-06, 4.93263769386e-07, 2.08264594903e-07, 1.66902083265e-07, 1.2080441536e-07, 1.42890868915e-07, 1.11195213037e-07, 1.14630097414e-07, 8.04969175761e-08, 2.69900457539e-08, 8.73864269835e-09],
        "dmean2": [0.000100111064967, 0.000247980700806, 0.000178179005161, 0.000173015869223, 0.000201267641387, 0.000255597260548, 0.000242625144892, 0.000267158262432, 0.000240588065935, 0.000274830934359, 0.000197479719645, 7.57109228289e-05, 0.000179663911695, 0.000105945815449, 6.54100076645e-05, 5.03467199451e-05, 0.000116944072943, 3.57229437213e-05, 2.85881396849e-05, 1.50391006173e-05, 1.71693100128e-05, 2.35936313402e-05, 3.45037115039e-05, 2.71778426395e-05, 2.28787648666e-05, 5.86022724747e-06, 1.95254256141e-06, 1.75309071437e-06, 2.68316125585e-06, 1.75490652055e-06, 7.87681301517e-07, 3.07415660927e-07, 2.52215528462e-07, 1.83225097317e-07, 2.1450843235e-07, 1.64591170915e-07, 1.67099287296e-07, 1.18248806302e-07, 4.02123490062e-08, 1.27212329559e-08],
        "dvar": [2.36989627922e-08, 1.25263852624e-07, 4.20139834034e-08, 4.26874002812e-08, 6.85784939947e-08, 8.1949949049e-08, 9.48271150492e-08, 1.51474097265e-07, 1.15937346834e-07, 1.34647279992e-07, 9.92740467609e-08, 1.66352460695e-08, 1.67353562119e-07, 3.19654773762e-08, 2.57202792397e-08, 9.59714352433e-09, 3.50359705692e-08, 4.50723636192e-09, 2.83793277767e-09, 1.7477003178e-09, 7.45772998911e-10, 1.52502055428e-09, 1.10539781772e-08, 2.61305310723e-09, 2.12918549458e-09, 7.76840675121e-11, 1.04368761897e-11, 1.69189731669e-11, 5.47093377545e-11, 1.23409407693e-11, 5.35898929399e-12, 5.41441511851e-13, 2.56769215265e-13, 1.69197392642e-13, 1.62981702244e-13, 1.20709662426e-13, 2.02723593663e-13, 1.50949606005e-13, 2.69783873111e-14, 5.16439587831e-15],
        "dvar2": [5.61289752454e-08, 2.95519697602e-07, 1.05963472663e-07, 1.01262820351e-07, 1.34668582064e-07, 2.18590571421e-07, 2.53835196418e-07, 3.52068724396e-07, 2.76745396377e-07, 2.64092363977e-07, 2.28373465916e-07, 3.41549686311e-08, 3.4184037645e-07, 6.69588615665e-08, 5.5635570817e-08, 2.16128555053e-08, 8.93198830454e-08, 1.12647731143e-08, 7.19319936948e-09, 3.0890521252e-09, 1.72055658609e-09, 3.74179309759e-09, 2.54125005483e-08, 6.70964972471e-09, 4.75081707307e-09, 1.74492392757e-10, 2.48808855463e-11, 4.37845870671e-11, 1.35555178193e-10, 3.11494961769e-11, 1.38482923046e-11, 1.30703152294e-12, 6.24565286642e-13, 4.14793335313e-13, 3.15716718177e-13, 2.4441752333e-13, 4.24818871487e-13, 3.38843509457e-13, 4.77436625933e-14, 9.0100580195e-15],
        "max": [0.00292869377881, 0.0051353033632, 0.00299228262156, 0.00417764764279, 0.00503406254575, 0.00533055374399, 0.00495178299025, 0.00926468800753, 0.00758181558922, 0.0077370852232, 0.00560794444755, 0.00380446366034, 0.00698565505445, 0.00313077680767, 0.00514906225726, 0.00214188126847, 0.00439740810543, 0.00180254748557, 0.00160957709886, 0.00162480736617, 0.000489958620165, 0.000700273260009, 0.00265351333655, 0.000901450577658, 0.0010944736423, 0.000163849937962, 7.5706615462e-05, 0.000121005148685, 0.000205047224881, 7.98768742243e-05, 7.95668747742e-05, 2.27237105719e-05, 1.33048115458e-05, 9.71150802798e-06, 9.81274115475e-06, 7.28123632143e-06, 8.9170944193e-06, 1.03149404822e-05, 6.73433896736e-06, 3.46439628629e-06],
        "mean": [0.000122166689835, 0.000276740029221, 0.000197888773982, 0.00025407699286, 0.000339105230523, 0.000320699735312, 0.000302032596665, 0.000339349033311, 0.000324683438521, 0.000398424250307, 0.000267383933533, 9.25497952267e-05, 0.000239897533902, 0.000143400640809, 8.02984213806e-05, 6.37898992863e-05, 0.000118129290058, 3.84493323509e-05, 2.96031103062e-05, 2.03610597964e-05, 1.94228650798e-05, 2.93738685286e-05, 3.84101331292e-05, 2.73080877378e-05, 2.6777106541e-05, 7.73910051066e-06, 2.16612625081e-06, 1.60880676958e-06, 2.52447580351e-06, 1.72741943061e-06, 7.84792121067e-07, 3.754857687e-07, 3.05435719383e-07, 2.01217758899e-07, 2.58778754869e-07, 2.03297275903e-07, 1.64272165648e-07, 1.11770702915e-07, 4.33472919781e-08, 1.33301227834e-08],
        "median": [3.28249843733e-05, 9.03624750208e-05, 8.92302487046e-05, 0.000106734674773, 0.000113826004963, 0.000167602556758, 0.000168101061718, 0.000124622398289, 0.000119655393064, 0.000131510620122, 6.77268617437e-05, 3.77312644559e-05, 4.77634093841e-05, 3.98357733502e-05, 1.74709693965e-05, 1.14194244816e-05, 2.95580884995e-05, 1.11463195935e-05, 8.03575858299e-06, 4.22320499638e-06, 6.42429540676e-06, 4.7830371841e-06, 2.48745709541e-06, 2.73199589174e-06, 2.81490292764e-06, 1.33768139676e-06, 9.99929170575e-07, 4.68624136829e-07, 9.76456249191e-07, 6.97731024957e-07, 2.4263999876e-07, 1.41009920185e-07, 1.24745326957e-07, 6.65743655759e-08, 9.4522881966e-08, 6.77942821881e-08, 4.32269970929e-08, 3.02972829047e-08, 1.00392121283e-08, 2.76771450203e-09],
        "min": [4.89530804781e-10, 1.03101127635e-09, 9.25618956482e-11, 6.54753196105e-11, 7.37235550385e-11, 6.84356737946e-11, 7.21440462925e-10, 5.91847015841e-09, 7.54997175889e-10, 2.13403780758e-10, 7.69136698775e-11, 1.13798903634e-09, 8.38189073704e-10, 2.17659196222e-10, 7.75742248216e-11, 9.4061120004e-11, 7.38247796228e-11, 4.58419302518e-10, 8.31121171885e-10, 2.77866427784e-11, 2.95409918749e-10, 6.6196804982e-11, 2.45806196578e-12, 2.29990180546e-12, 9.04843422411e-11, 8.92047199996e-12, 1.91306454185e-12, 2.44166422107e-13, 1.30814966064e-12, 9.90367293383e-13, 2.31023479427e-13, 1.2412763688e-13, 2.10658720285e-13, 1.28949748015e-13, 1.02891856819e-13, 1.85670475847e-13, 1.4824101148e-13, 2.30048646148e-13, 1.42687131641e-13, 1.03282027299e-13],
        "var": [5.82163686147e-08, 2.4222683237e-07, 9.13090474342e-08, 1.44211099951e-07, 3.23061271956e-07, 1.96955994625e-07, 1.74965464339e-07, 3.36881981866e-07, 3.68007846419e-07, 4.69354290544e-07, 3.49464045257e-07, 3.87072169872e-08, 5.34142145625e-07, 1.0670105155e-07, 6.23524769594e-08, 3.74994577612e-08, 6.16373441176e-08, 9.3336458562e-09, 8.57984261415e-09, 7.99974753107e-09, 1.4545118443e-09, 4.07632771982e-09, 2.41699407155e-08, 4.61621807446e-09, 3.83936438197e-09, 2.6381546947e-10, 1.5525919092e-11, 1.6909907502e-11, 5.81521428233e-11, 1.55605476421e-11, 5.3965720781e-12, 8.28595818261e-13, 4.32579129852e-13, 2.20847523754e-13, 3.05196433447e-13, 1.94834626948e-13, 2.72431735374e-13, 1.93093235628e-13, 5.85784675974e-14, 1.05838181304e-14]
    },
    "mfcc": {
        "mean": [-691.545043945, 159.308609009, -36.6272315979, 11.9487476349, -17.0908145905, -5.60517501831, -9.4587469101, 2.25830984116, -8.14212703705, 2.8575425148, -4.69854450226, 5.2137594223, -9.27346611023],
        "cov": [[3622.34057617, -986.198791504, -604.81652832, 100.275672913, -141.061279297, -70.1018676758, -81.5970840454, 225.396835327, -309.956787109, -66.7499237061, 121.078018188, 194.536712646, -204.582382202], [-986.198791504, 1381.61633301, 61.5293045044, -199.805877686, 62.4294815063, -10.7849388123, 22.9394683838, -128.138626099, 131.814437866, -8.9771900177, -57.9650001526, -122.20249939, 70.2302474976], [-604.81652832, 61.5293045044, 1118.0958252, 205.897949219, 80.656578064, 231.262908936, 154.084579468, -96.3642425537, 84.0553817749, 87.9076080322, -131.189910889, -25.9240283966, 122.684585571], [100.275672913, -199.805877686, 205.897949219, 319.449523926, 48.2400016785, 44.449180603, 37.9721260071, 34.7553634644, -34.2725334167, 1.7363409996, 12.2566041946, 30.3655967712, 16.5182991028], [-141.061279297, 62.4294815063, 80.656578064, 48.2400016785, 228.699981689, 67.8478775024, -29.719871521, -53.5522384644, 9.27369213104, 15.4498538971, -12.6187648773, -28.6174564362, 5.58616399765], [-70.1018676758, -10.7849388123, 231.262908936, 44.449180603, 67.8478775024, 179.463363647, 82.3141479492, -20.5487861633, 52.081905365, 41.7592201233, -44.1433906555, -3.99507904053, 28.0559844971], [-81.5970840454, 22.9394683838, 154.084579468, 37.9721260071, -29.719871521, 82.3141479492, 212.550308228, 97.4069976807, 70.2942962646, 29.9967498779, 3.343729496, 38.2844009399, 48.5380630493], [225.396835327, -128.138626099, -96.3642425537, 34.7553634644, -53.5522384644, -20.5487861633, 97.4069976807, 207.107559204, 13.1933927536, -19.7937450409, 55.3271102905, 56.9500541687, 1.31429159641], [-309.956787109, 131.814437866, 84.0553817749, -34.2725334167, 9.27369213104, 52.081905365, 70.2942962646, 13.1933927536, 178.363525391, 83.1468582153, -29.16954422, -20.7754917145, 34.0459938049], [-66.7499237061, -8.9771900177, 87.9076080322, 1.7363409996, 15.4498538971, 41.7592201233, 29.9967498779, -19.7937450409, 83.1468582153, 132.039108276, 21.3683719635, -5.01073122025, 3.51507425308], [121.078018188, -57.9650001526, -131.189910889, 12.2566041946, -12.6187648773, -44.1433906555, 3.343729496, 55.3271102905, -29.16954422, 21.3683719635, 145.131362915, 64.5388717651, -22.512960434], [194.536712646, -122.20249939, -25.9240283966, 30.3655967712, -28.6174564362, -3.99507904053, 38.2844009399, 56.9500541687, -20.7754917145, -5.01073122025, 64.5388717651, 126.151786804, 33.9157752991], [-204.582382202, 70.2302474976, 122.684585571, 16.5182991028, 5.58616399765, 28.0559844971, 48.5380630493, 1.31429159641, 34.0459938049, 3.51507425308, -22.512960434, 33.9157752991, 114.278938293]],
