{
"lowlevel": {
    "average_loudness": 0.975420296192,
    "barkbands_crest": {
        "dmean": 2.85862207413,
        "dmean2": 4.70872545242,
        "dvar": 6.70278501511,
        "dvar2": 17.1982135773,
        "max": 23.2675952911,
        "mean": 8.84077072144,
        "median": 8.2164850235,
        "min": 2.80168509483,
        "var": 11.715508461
    },
    "barkbands_flatness_db": {
        "dmean": 0.023096261546,
        "dmean2": 0.0366616733372,
        "dvar": 0.000414455163991,
        "dvar2": 0.00103648391087,
        "max": 0.23992305994,
        "mean": 0.117677100003,
        "median": 0.114628784359,
        "min": 0.0367962680757,
        "var": 0.00102653773502
    },
    "barkbands_kurtosis": {
        "dmean": 2.53353786469,
        "dmean2": 4.33657073975,
        "dvar": 19.2619781494,
        "dvar2": 50.0959091187,
        "max": 39.7473640442,
        "mean": 2.10456156731,
        "median": 0.649562597275,
        "min": -1.75254118443,
        "var": 20.1455879211
    },
    "barkbands_skewness": {
        "dmean": 0.608716785908,
        "dmean2": 0.998596251011,
        "dvar": 0.441193580627,
        "dvar2": 1.08999228477,
        "max": 5.9108376503,
        "mean": 1.35823106766,
        "median": 1.18843626976,
        "min": -1.1326020956,
        "var": 0.913113594055
    },
    "barkbands_spread": {
        "dmean": 6.80919837952,
        "dmean2": 11.1612377167,
        "dvar": 53.729434967,
        "dvar2": 130.513671875,
        "max": 82.2388916016,
        "mean": 25.8904132843,
        "median": 24.3381404877,
        "min": 4.48841428757,
        "var": 120.820648193
    },
    "dissonance": {
        "dmean": 0.0130648240447,
        "dmean2": 0.022132134065,
        "dvar": 0.000150848994963,
        "dvar2": 0.000401261611842,
        "max": 0.499757856131,
        "mean": 0.473543584347,
        "median": 0.47773951292,
        "min": 0.378614932299,
        "var": 0.000311881682137
    },
    "dynamic_complexity": 3.05690026283,
    "erbbands_crest": {
        "dmean": 2.19963502884,
        "dmean2": 3.5790719986,
        "dvar": 4.31953477859,
        "dvar2": 10.7482767105,
        "max": 27.1846828461,
        "mean": 7.62032318115,
        "median": 6.85610580444,
        "min": 2.63893437386,
        "var": 11.6910514832
    },
    "erbbands_flatness_db": {
        "dmean": 0.0146079724655,
        "dmean2": 0.0209746100008,
        "dvar": 0.000173712425749,
        "dvar2": 0.000328144611558,
        "max": 0.254925191402,
        "mean": 0.140415370464,
        "median": 0.138984397054,
        "min": 0.0752779468894,
        "var": 0.000818707456347
    },
    "erbbands_kurtosis": {
        "dmean": 0.6892567873,
        "dmean2": 1.1073294878,
        "dvar": 0.525869905949,
        "dvar2": 1.34733331203,
        "max": 9.98771190643,
        "mean": 0.0965829566121,
        "median": -0.14940571785,
        "min": -1.66331171989,
        "var": 1.40187287331
    },
    "erbbands_skewness": {
        "dmean": 0.287336707115,
        "dmean2": 0.461051851511,
        "dvar": 0.0674438178539,
        "dvar2": 0.172688826919,
        "max": 1.55179190636,
        "mean": -0.0940077900887,
        "median": -0.0998165681958,
        "min": -1.72614371777,
        "var": 0.242878317833
    },
    "erbbands_spread": {
        "dmean": 9.18427371979,
        "dmean2": 14.8079309464,
        "dvar": 92.4751205444,
        "dvar2": 237.708724976,
        "max": 108.238433838,
        "mean": 40.6182136536,
        "median": 38.3695068359,
        "min": 7.73542642593,
        "var": 283.63494873
    },
    "hfc": {
        "dmean": 7.69830036163,
        "dmean2": 11.6260232925,
        "dvar": 150.066940308,
        "dvar2": 369.696838379,
        "max": 124.983665466,
        "mean": 25.6495666504,
        "median": 21.6137866974,
        "min": 8.0936406448e-06,
        "var": 354.34286499
    },
    "melbands_crest": {
        "dmean": 3.92650318146,
        "dmean2": 6.44365215302,
        "dvar": 11.0057449341,
        "dvar2": 28.5196151733,
        "max": 30.2531147003,
        "mean": 13.6874799728,
        "median": 12.8178939819,
        "min": 4.46073818207,
        "var": 26.9441680908
    },
    "melbands_flatness_db": {
        "dmean": 0.030504796654,
        "dmean2": 0.049712240696,
        "dvar": 0.000797955610324,
        "dvar2": 0.00193000631407,
        "max": 0.359486550093,
        "mean": 0.179966270924,
        "median": 0.174265548587,
        "min": 0.0472811423242,
        "var": 0.00240828259848
    },
    "melbands_kurtosis": {
        "dmean": 8.14123821259,
        "dmean2": 13.5806980133,
        "dvar": 186.920272827,
        "dvar2": 471.410736084,
        "max": 128.510040283,
        "mean": 11.1814393997,
        "median": 5.98601531982,
        "min": -1.41400980949,
        "var": 230.57673645
    },
    "melbands_skewness": {
        "dmean": 0.928733408451,
        "dmean2": 1.50233435631,
        "dvar": 1.07719123363,
        "dvar2": 2.61807847023,
        "max": 10.2307834625,
        "mean": 2.66821050644,
        "median": 2.32825279236,
        "min": -0.20102006197,
        "var": 2.53451132774
    },
    "melbands_spread": {
        "dmean": 8.49687957764,
        "dmean2": 14.0602655411,
        "dvar": 88.1717605591,
        "dvar2": 215.40864563,
        "max": 154.111495972,
        "mean": 25.8780841827,
        "median": 24.8890953064,
        "min": 2.53037405014,
        "var": 193.172180176
    },
    "pitch_salience": {
        "dmean": 0.0786117836833,
        "dmean2": 0.130142405629,
        "dvar": 0.0045957788825,
        "dvar2": 0.0120788794011,
        "max": 0.788239598274,
        "mean": 0.547406256199,
        "median": 0.559163630009,
        "min": 0.197132244706,
        "var": 0.00944417994469
    },
    "silence_rate_20dB": {
        "dmean": 0,
        "dmean2": 0,
        "dvar": 0,
        "dvar2": 0,
        "max": 1,
        "mean": 1,
        "median": 1,
        "min": 1,
        "var": 0
    },
    "silence_rate_30dB": {
        "dmean": 0.0356037169695,
        "dmean2": 0.0712625905871,
        "dvar": 0.0343358963728,
        "dvar2": 0.0987186133862,
        "max": 1,
        "mean": 0.980665147305,
        "median": 1,
        "min": 0,
        "var": 0.0189610477537
    },
    "silence_rate_60dB": {
        "dmean": 0.0061919502914,
        "dmean2": 0.0123934932053,
        "dvar": 0.00615364639089,
        "dvar2": 0.0153382383287,
        "max": 1,
        "mean": 0.0603248253465,
        "median": 0,
        "min": 0,
        "var": 0.0566858351231
    },
    "spectral_centroid": {
        "dmean": 308.339569092,
        "dmean2": 517.123535156,
        "dvar": 108397.359375,
        "dvar2": 283905.84375,
        "max": 3806.82324219,
        "mean": 1460.37207031,
        "median": 1376.14697266,
        "min": 563.511352539,
        "var": 213705.703125
    },
    "spectral_complexity": {
        "dmean": 4.39783287048,
        "dmean2": 6.9357085228,
        "dvar": 23.7225608826,
        "dvar2": 54.9817848206,
        "max": 57,
        "mean": 24.059551239,
        "median": 24,
        "min": 0,
        "var": 105.624168396
    },
    "spectral_decrease": {
        "dmean": 4.0455554462e-09,
        "dmean2": 6.78682265942e-09,
        "dvar": 4.38572748962e-17,
        "dvar2": 1.05438343637e-16,
        "max": -4.40953366824e-15,
        "mean": -8.95986929095e-09,
        "median": -7.67997487827e-09,
        "min": -5.42138849369e-08,
        "var": 5.03791771272e-17
    },
    "spectral_energy": {
        "dmean": 0.0156640540808,
        "dmean2": 0.0261707995087,
        "dvar": 0.000654035713524,
        "dvar2": 0.00156970927492,
        "max": 0.214229553938,
        "mean": 0.03614314273,
        "median": 0.0312776900828,
        "min": 1.78333969814e-08,
        "var": 0.000773732434027
    },
    "spectral_energyband_high": {
        "dmean": 0.000670849753078,
        "dmean2": 0.00106199609581,
        "dvar": 2.01869784178e-06,
        "dvar2": 4.88029581902e-06,
        "max": 0.0173018462956,
        "mean": 0.00117714330554,
        "median": 0.000584826571867,
        "min": 3.61519425507e-10,
        "var": 3.01095224131e-06
    },
    "spectral_energyband_low": {
        "dmean": 0.0101816039532,
        "dmean2": 0.0165907554328,
        "dvar": 0.000321000727126,
        "dvar2": 0.000665563624352,
        "max": 0.145695760846,
        "mean": 0.0149470195174,
        "median": 0.00882245413959,
        "min": 9.97448967865e-09,
        "var": 0.000418412906583
    },
    "spectral_energyband_middle_high": {
        "dmean": 0.00200161873363,
        "dmean2": 0.00307198846713,
        "dvar": 6.78275227983e-06,
        "dvar2": 1.60359686561e-05,
        "max": 0.0507872290909,
        "mean": 0.00779644679278,
        "median": 0.00648159906268,
        "min": 1.4172184537e-09,
        "var": 3.40993865393e-05
    },
    "spectral_energyband_middle_low": {
        "dmean": 0.00826682243496,
        "dmean2": 0.0145517922938,
        "dvar": 0.000350531481672,
        "dvar2": 0.000997155206278,
        "max": 0.182407259941,
        "mean": 0.0138008464128,
        "median": 0.0102595183998,
        "min": 2.64056798649e-09,
        "var": 0.000275213649729
    },
    "spectral_entropy": {
        "dmean": 0.12323474139,
        "dmean2": 0.186842679977,
        "dvar": 0.0105530796573,
        "dvar2": 0.0226930566132,
        "max": 8.59144592285,
        "mean": 7.76947832108,
        "median": 7.754945755,
        "min": 7.04638814926,
        "var": 0.0554182864726
    },
    "spectral_flux": {
        "dmean": 0.0321752130985,
        "dmean2": 0.0536096580327,
        "dvar": 0.00193963956553,
        "dvar2": 0.00360321532935,
        "max": 0.394842773676,
        "mean": 0.103409700096,
        "median": 0.0901732593775,
        "min": 0.000133541747346,
        "var": 0.00377290998586
    },
    "spectral_kurtosis": {
        "dmean": 1.16793835163,
        "dmean2": 2.00871920586,
        "dvar": 1.31034398079,
        "dvar2": 3.78864049911,
        "max": 11.1279268265,
        "mean": 3.30500912666,
        "median": 3.06236505508,
        "min": -0.0919845104218,
        "var": 2.50209450722
    },
    "spectral_rms": {
        "dmean": 0.00111607566942,
        "dmean2": 0.00182969809975,
        "dvar": 2.08369647225e-06,
        "dvar2": 4.71636803923e-06,
        "max": 0.0144569855183,
        "mean": 0.00553074991331,
        "median": 0.00552402203903,
        "min": 4.17114324591e-06,
        "var": 4.67238896817e-06
    },
    "spectral_rolloff": {
        "dmean": 576.130004883,
        "dmean2": 975.916625977,
        "dvar": 689580.375,
        "dvar2": 1599429.375,
        "max": 8333.34960938,
        "mean": 1455.8293457,
        "median": 1335.05859375,
        "min": 64.599609375,
        "var": 1164425.5
    },
    "spectral_skewness": {
        "dmean": 0.19678619504,
        "dmean2": 0.328543096781,
        "dvar": 0.0448663830757,
        "dvar2": 0.121825106442,
        "max": 2.31066060066,
        "mean": 1.30794358253,
        "median": 1.30327773094,
        "min": 0.173637539148,
        "var": 0.0990515723825
    },
    "spectral_spread": {
        "dmean": 439823.0625,
        "dmean2": 637527.625,
        "dvar": 190536712192,
        "dvar2": 373216411648,
        "max": 9798566,
        "mean": 4390060.5,
        "median": 4207388.5,
        "min": 2604393.5,
        "var": 911315828736
    },
    "spectral_strongpeak": {
        "dmean": 0.61450612545,
        "dmean2": 1.07107102871,
        "dvar": 0.923077583313,
        "dvar2": 2.35647964478,
        "max": 8.06870937347,
        "mean": 0.872541308403,
        "median": 0.437794953585,
        "min": 0.000300163927022,
        "var": 1.29186403751
    },
    "zerocrossingrate": {
        "dmean": 0.0100010735914,
        "dmean2": 0.0124891828746,
        "dvar": 0.000108955478936,
        "dvar2": 0.000159380579134,
        "max": 0.205078125,
        "mean": 0.0606696046889,
        "median": 0.05712890625,
        "min": 0.01025390625,
        "var": 0.000663300743327
    },
    "barkbands": {
        "dmean": [0.000285354297375, 0.00670103402808, 0.00403254199773, 0.0039650821127, 0.00417726347223, 0.000617847428657, 0.000445862067863, 0.000939457851928, 0.000537754560355, 0.000773181091063, 0.000282221968519, 0.000592035241425, 0.000817365129478, 0.000468565529445, 0.000296628131764, 0.000199720016099, 0.000254321756074, 0.000262101879343, 0.000160716721439, 0.000192722844076, 0.000257203559158, 0.000151822547195, 0.000102235484519, 7.08768566255e-05, 4.496535621e-05, 2.86233680526e-05, 7.66459038459e-07],
        "dmean2": [0.000491184357088, 0.0108599280939, 0.00707467459142, 0.00728994561359, 0.00724513921887, 0.000964845705312, 0.000725194055121, 0.0014524392318, 0.000813971098978, 0.00118206720799, 0.000439679744886, 0.000936885830015, 0.00129272870254, 0.000759717891924, 0.000449830055004, 0.000322595005855, 0.000412709166994, 0.000424094352638, 0.00026206462644, 0.000332623749273, 0.000450318359071, 0.000241539397393, 0.000159898205311, 0.000101005578472, 6.26693290542e-05, 4.31185362686e-05, 1.31197271003e-06],
        "dvar": [5.64009894788e-07, 0.000187096462469, 5.46194860362e-05, 9.26845677895e-05, 8.76492849784e-05, 8.79400147369e-07, 1.73547596205e-06, 5.06124160893e-06, 1.18770446988e-06, 1.63898641858e-06, 4.6078113769e-07, 9.55027758209e-07, 2.76782907349e-06, 4.70261539931e-07, 1.65191792689e-07, 6.89624641836e-08, 9.86103572131e-08, 1.42966712247e-07, 6.29067073987e-08, 1.54422451715e-07, 3.72665539317e-07, 1.2793381643e-07, 4.49969128624e-08, 2.87200005999e-08, 1.3047627867e-08, 4.72767291981e-09, 2.42378057728e-12],
        "dvar2": [1.47455818933e-06, 0.00041019776836, 0.000153525339556, 0.000268629868515, 0.000247134536039, 2.03284503186e-06, 3.84927216146e-06, 1.29588597702e-05, 2.65763742391e-06, 3.55289171239e-06, 1.05777382942e-06, 2.25478083848e-06, 6.67147241984e-06, 1.14761928671e-06, 3.43651606727e-07, 1.67725076494e-07, 2.53243598536e-07, 3.74438087647e-07, 1.51263932935e-07, 4.1165705511e-07, 1.02514934497e-06, 3.07805635202e-07, 1.07081206124e-07, 5.65602960023e-08, 2.71565898657e-08, 1.21743921611e-08, 6.64929439634e-12],
        "max": [0.0060740429908, 0.117339089513, 0.0613971948624, 0.0917751938105, 0.0806163400412, 0.0148028433323, 0.0289934128523, 0.0242508463562, 0.0200845450163, 0.0164028219879, 0.0139039121568, 0.0162489116192, 0.0317525528371, 0.010679951869, 0.00656162388623, 0.0029202606529, 0.00417462363839, 0.00677664158866, 0.00508188921958, 0.00348931620829, 0.00504734087735, 0.00658046035096, 0.00276515237056, 0.00399754289538, 0.00213954760693, 0.000636516138911, 1.65538440342e-05],
        "mean": [0.000284352427116, 0.00863243546337, 0.00449685752392, 0.00373410107568, 0.00529934978113, 0.00100563885644, 0.000750127248466, 0.00172526633833, 0.0011323132785, 0.00144491670653, 0.000500813999679, 0.00111111346632, 0.00145491852891, 0.000914151023608, 0.000604778178968, 0.000410763721447, 0.000474486121675, 0.000530122721102, 0.000331153947627, 0.000280079460936, 0.000331837043632, 0.000275374652119, 0.000179846116225, 0.000124443584355, 7.37512891646e-05, 3.9431379264e-05, 6.93870049417e-07],
        "median": [3.60113517672e-05, 0.00407358957455, 0.00249693077058, 0.00185041781515, 0.00307405856438, 0.000612214789726, 0.000250698882155, 0.00027848710306, 0.000313283642754, 0.000727733946405, 0.000175613939064, 0.000517341308296, 0.00062991597224, 0.000526412099134, 0.000397087453166, 0.000311500974931, 0.000382420112146, 0.000306323636323, 0.000205075702979, 0.000139665819006, 0.000156336900545, 0.000141611715662, 8.20041095722e-05, 4.42242599092e-05, 1.97319004656e-05, 1.29786421894e-05, 1.68647005694e-07],
        "min": [1.7069551328e-10, 9.52459888737e-10, 1.88337789808e-09, 1.73547187732e-09, 3.12429915272e-10, 4.91375863609e-11, 6.25245688557e-11, 3.98889289654e-11, 1.92362202556e-11, 5.49705350683e-11, 1.33987848594e-10, 3.53625906335e-10, 7.37164287945e-11, 4.48683173948e-11, 4.42324961381e-11, 9.86354886656e-11, 2.55644921898e-10, 8.84547227131e-11, 1.57341029094e-10, 1.0611426321e-10, 1.14649310878e-10, 6.35934915838e-11, 2.10494850716e-11, 1.55242901867e-11, 1.25516784466e-11, 6.52512722674e-12, 7.32990838165e-12],
        "var": [5.41582778624e-07, 0.000219912719331, 4.4066880946e-05, 5.69195726712e-05, 7.03677360434e-05, 1.5262804709e-06, 3.16387968269e-06, 1.12650386654e-05, 4.20268906964e-06, 4.4020794121e-06, 1.05305764464e-06, 2.84334896605e-06, 6.34784646536e-06, 1.37792426358e-06, 4.72122508199e-07, 1.50599746007e-07, 1.75456520424e-07, 4.038870145e-07, 1.45542273344e-07, 1.61798340059e-07, 2.99812825233e-07, 1.85750764103e-07, 7.54015943016e-08, 8.29156903137e-08, 3.16756718632e-08, 6.73367006598e-09, 2.05475849009e-12]
    },
    "erbbands": {
        "dmean": [0.222264438868, 1.51916027069, 4.4371304512, 8.1185092926, 18.8309803009, 9.91288757324, 8.52495193481, 5.07238149643, 4.67778635025, 11.8616008759, 19.5931835175, 9.61491203308, 18.7161140442, 21.3652381897, 14.1030139923, 20.3223381042, 36.6561050415, 23.1694641113, 17.3916435242, 15.4673910141, 11.6630048752, 14.1384801865, 14.5558347702, 8.39895629883, 8.62102603912, 9.66984367371, 8.96689128876, 9.84924793243, 5.9473490715, 4.53339099884, 2.46045994759, 1.75536561012, 1.04595005512, 0.547508239746, 0.322408825159, 0.167757943273, 0.0439090393484, 0.00431000301614, 9.57715092227e-05, 1.98905145226e-05],
        "dmean2": [0.369520038366, 2.47064375877, 7.67664146423, 14.7774829865, 34.8486442566, 16.4590682983, 13.406876564, 7.85328197479, 7.49263906479, 18.6003608704, 30.9762153625, 14.7150220871, 28.2527236938, 32.947681427, 21.2003250122, 31.8865222931, 58.3824501038, 37.0439567566, 26.7988834381, 23.9804058075, 18.7505092621, 22.9882850647, 23.8015766144, 13.7046012878, 14.3006572723, 16.7054405212, 15.3832798004, 17.1677894592, 9.61238002777, 7.12931919098, 3.75267243385, 2.68027877808, 1.42776167393, 0.762786209583, 0.453549325466, 0.24858763814, 0.0667094886303, 0.00661733094603, 0.000144383579027, 3.20121071127e-05],
        "dvar": [0.336408078671, 8.1004743576, 67.3988876343, 304.154968262, 2757.94116211, 298.868011475, 168.358093262, 77.9776000977, 77.4225234985, 1057.72314453, 2408.42114258, 397.762054443, 1014.35314941, 1653.49645996, 721.227966309, 1265.17578125, 6053.75244141, 1341.29858398, 657.307800293, 513.584838867, 247.866729736, 334.365722656, 492.245025635, 126.856338501, 216.316848755, 389.360961914, 371.081542969, 565.598266602, 180.676315308, 98.6859588623, 28.0067844391, 16.2451953888, 7.64355564117, 2.26203393936, 0.598758995533, 0.150739312172, 0.0117734745145, 8.12858415884e-05, 4.06120896912e-08, 1.1602924177e-09],
        "dvar2": [0.858752071857, 17.9016437531, 187.319244385, 868.21484375, 8048.17333984, 785.278686523, 379.77545166, 169.645690918, 176.74937439, 2513.82763672, 6311.81933594, 920.111083984, 2108.90039062, 3724.80786133, 1564.2121582, 3021.52075195, 14814.6708984, 2999.9675293, 1550.45617676, 1088.13989258, 628.707458496, 880.921691895, 1276.48156738, 313.100708008, 532.526794434, 1056.14086914, 954.843505859, 1566.91027832, 443.407958984, 238.847412109, 64.2487869263, 36.3911018372, 14.3573026657, 4.66802406311, 1.21667206287, 0.365807384253, 0.0306305680424, 0.000195602435269, 1.01285870358e-07, 2.84511192383e-09],
        "max": [5.00896692276, 22.3123664856, 73.6659622192, 167.074081421, 469.798522949, 185.240844727, 172.757980347, 170.200088501, 117.159156799, 573.271789551, 613.035766602, 404.670593262, 561.967773438, 681.638183594, 673.048095703, 735.307434082, 1675.328125, 511.445068359, 344.215606689, 530.96105957, 207.592315674, 266.609558105, 435.196746826, 143.613555908, 306.682373047, 205.742263794, 147.001953125, 230.042785645, 231.13053894, 165.870498657, 68.6268997192, 71.6946868896, 73.7210693359, 32.6929512024, 13.3348350525, 4.82375764847, 1.05599761009, 0.0884816348553, 0.00202325452119, 0.000312396412482],
        "mean": [0.211178407073, 2.04218173027, 5.38828802109, 8.77243232727, 18.1237831116, 13.8622512817, 14.1530342102, 8.21618747711, 8.49105834961, 20.579158783, 36.9237136841, 21.214887619, 40.003074646, 41.7926521301, 28.929889679, 42.4802742004, 67.7139968872, 49.5174331665, 35.8778305054, 32.3366241455, 24.1488075256, 27.7941017151, 30.8676261902, 19.1843738556, 16.0084323883, 14.1208047867, 12.4172267914, 12.8561515808, 10.3742322922, 7.81881952286, 4.54988908768, 3.27294015884, 1.68607199192, 0.871857047081, 0.51223307848, 0.245548203588, 0.0555569678545, 0.00552291795611, 0.00014069583267, 4.91628379677e-05],
        "median": [0.0602347142994, 1.02374267578, 3.03379034996, 4.99303483963, 8.0744562149, 7.7537112236, 7.65808105469, 4.8392367363, 4.43796539307, 6.48981809616, 7.14370203018, 7.68931388855, 19.2419586182, 20.7103729248, 14.9429779053, 22.7126522064, 28.6650772095, 30.9876174927, 22.5857791901, 21.8485374451, 19.5661067963, 22.6935920715, 19.6352329254, 13.3109359741, 9.29770851135, 6.98332977295, 6.09873771667, 5.7989616394, 5.45964336395, 3.77189540863, 2.03672909737, 1.30951571465, 0.458879381418, 0.213839426637, 0.138013094664, 0.0694957077503, 0.0179994348437, 0.00211278512143, 6.92071917001e-05, 4.1164290451e-05],
        "min": [8.63886562286e-09, 3.82686096145e-07, 3.9178357838e-06, 5.11631969857e-06, 3.21108473145e-06, 9.71170948105e-07, 1.93939683868e-07, 5.38010283435e-07, 1.20050879104e-06, 7.75863213676e-07, 7.08805259819e-07, 5.71381519876e-07, 1.19979222291e-06, 2.38704910771e-06, 9.92207787931e-06, 1.32840477818e-05, 4.17119008489e-06, 2.034431418e-06, 4.25698135587e-06, 3.56207283403e-06, 9.46975978877e-06, 1.05447643364e-05, 3.75260765395e-06, 5.52040637558e-06, 9.83808149613e-06, 5.97334383201e-06, 4.92548679176e-06, 4.5784440772e-06, 2.08338519769e-06, 1.61091634254e-06, 6.97955613305e-07, 3.40757537742e-07, 2.57916667579e-07, 1.53962005811e-07, 6.60922054863e-08, 3.0224430958e-08, 1.25131398576e-08, 4.64879690298e-09, 9.4381102933e-10, 1.42111766799e-10],
        "var": [0.285733520985, 10.054356575, 59.2794494629, 199.420227051, 1726.85961914, 357.420593262, 359.246948242, 137.785827637, 167.810638428, 1758.71118164, 5247.77246094, 1301.46459961, 3277.27954102, 4317.28125, 2185.41650391, 4363.69580078, 13607.7646484, 3743.4284668, 1726.43579102, 1593.80554199, 450.832763672, 559.351318359, 1396.37084961, 358.204498291, 399.844726562, 398.675720215, 374.802337646, 456.484771729, 244.525253296, 148.980377197, 51.4495544434, 34.1315116882, 24.8691997528, 5.1314535141, 1.42874324322, 0.278196156025, 0.0139894746244, 0.00010582125833, 5.32451593926e-08, 1.50574352986e-09]
    },
    "gfcc": {
        "mean": [24.2229270935, 92.2613296509, -124.533447266, 44.6790809631, -49.5107460022, 24.331735611, -33.0628509521, 3.49681758881, -26.2996845245, -1.12263464928, -22.50299263, 2.73425936699, -15.5881958008],
        "cov": [[7153.48046875, -423.617126465, 75.3042984009, -317.025756836, -268.679077148, 137.433990479, -197.593215942, 158.146942139, -90.3408432007, 192.214920044, -91.1645050049, -37.6493682861, -165.750091553], [-423.617126465, 632.300720215, -197.449890137, -62.1176528931, 149.838241577, -46.6237297058, 155.873550415, -64.3377914429, 159.184539795, -77.9527282715, 76.3345870972, -1.80060839653, 51.5173912048], [75.3042984009, -197.449890137, 321.873809814, 82.8172454834, 68.0157928467, 8.79834461212, -30.6478538513, 18.4962978363, -49.7260551453, 33.0179214478, -63.6530647278, 37.2460136414, -1.04092431068], [-317.025756836, -62.1176528931, 82.8172454834, 286.86026001, 56.5377082825, -16.7609863281, 22.8959960938, -36.1345481873, -14.7118110657, -23.9157390594, -0.916602611542, -23.8362903595, 57.8274459839], [-268.679077148, 149.838241577, 68.0157928467, 56.5377082825, 268.035797119, 14.3232011795, 111.05431366, -31.9639968872, 39.3674240112, -20.6415576935, -11.7794475555, 49.91065979, 18.4908866882], [137.433990479, -46.6237297058, 8.79834461212, -16.7609863281, 14.3232011795, 126.303527832, 27.8786907196, 24.6782398224, 4.78276729584, 18.8287467957, 14.4984312057, 0.271439105272, 4.68060112], [-197.593215942, 155.873550415, -30.6478538513, 22.8959960938, 111.05431366, 27.8786907196, 161.455932617, -3.54435753822, 58.5434570312, -25.975561142, 1.34216046333, 14.0775184631, 17.793548584], [158.146942139, -64.3377914429, 18.4962978363, -36.1345481873, -31.9639968872, 24.6782398224, -3.54435753822, 105.311630249, 23.988779068, 31.9879455566, 6.61151027679, -0.349614024162, -12.9974403381], [-90.3408432007, 159.184539795, -49.7260551453, -14.7118110657, 39.3674240112, 4.78276729584, 58.5434570312, 23.988779068, 129.513839722, 18.987411499, 31.4774093628, -8.28453063965, 9.03470993042], [192.214920044, -77.9527282715, 33.0179214478, -23.9157390594, -20.6415576935, 18.8287467957, -25.975561142, 31.9879455566, 18.987411499, 84.9744949341, 16.410276413, 7.93276023865, -16.6239624023], [-91.1645050049, 76.3345870972, -63.6530647278, -0.916602611542, -11.7794475555, 14.4984312057, 1.34216046333, 6.61151027679, 31.4774093628, 16.410276413, 86.2753067017, 15.6093931198, 8.24646759033], [-37.6493682861, -1.80060839653, 37.2460136414, -23.8362903595, 49.91065979, 0.271439105272, 14.0775184631, -0.349614024162, -8.28453063965, 7.93276023865, 15.6093931198, 82.1960601807, 9.70570468903], [-165.750091553, 51.5173912048, -1.04092431068, 57.8274459839, 18.4908866882, 4.68060112, 17.793548584, -12.9974403381, 9.03470993042, -16.6239624023, 8.24646759033, 9.70570468903, 74.5593643188]],
        "icov": [[0.000172619867953, -0.000158053531777, 4.26569895353e-05, -2.82493347186e-05, 0.000151588144945, -0.000282264867565, 0.000166868601809, -0.000164651180967, 0.000170167098986, -0.000402954756282, 0.000443143508164, -0.000134081928991, 0.000285035552224], [-0.000158053531777, 0.00850850064307, -9.12316318136e-05, 0.00546631962061, -0.00395657354966, 0.00507391802967, -0.00391987804323, 0.00411448301747, -0.00591629790142, 0.0062436289154, -0.00890730880201, 0.00599764147773, -0.0058423941955], [4.26569895353e-05, -9.12316318136e-05, 0.00652471836656, -0.00283199502155, -0.00149399472866, -0.0012487192871, 0.00247850129381, -0.00185367325321, 0.000662376114633, -0.00282356818207, 0.00596564123407, -0.00421179039404, 0.00115833280142], [-2.82493347186e-05, 0.00546631962061, -0.00283199502155, 0.00995937827975, -0.00362878688611, 0.00501579698175, -0.00409362278879, 0.00361895025708, -0.00169945787638, 0.00403963821009, -0.00944272428751, 0.00941565260291, -0.00848550722003], [0.000151588144945, -0.00395657354966, -0.00149399472866, -0.00362878688611, 0.00936569552869, -0.00326791591942, -0.00187956134323, 0.000578320526984, 0.000187134268344, -0.00183016632218, 0.00549522181973, -0.00708607211709, 0.00418011611328], [-0.000282264867565, 0.00507391802967, -0.0012487192871, 0.00501579698175, -0.00326791591942, 0.0134216351435, -0.00571764400229, 0.0006496575661, -0.000482482020743, 0.00142614508513, -0.00912797264755, 0.00719718076289, -0.00614620978013], [0.000166868601809, -0.00391987804323, 0.00247850129381, -0.00409362278879, -0.00187956134323, -0.00571764400229, 0.0144226886332, -0.00292498804629, -0.00230342941359, 0.000496545806527, 0.00759305153042, -0.00577309494838, 0.00346373813227], [-0.000164651180967, 0.00411448301747, -0.00185367325321, 0.00361895025708, 0.000578320526984, 0.0006496575661, -0.00292498804629, 0.0148466713727, -0.00583820184693, 0.00100073160138, -0.00460768118501, 0.00252076261677, -0.00182765081991], [0.000170167098986, -0.00591629790142, 0.000662376114633, -0.00169945787638, 0.000187134268344, -0.000482482020743, -0.00230342941359, -0.00583820184693, 0.0184210259467, -0.00928464252502, 0.00111926882528, 0.00187771895435, 0.000638873549178], [-0.000402954756282, 0.0062436289154, -0.00282356818207, 0.00403963821009, -0.00183016632218, 0.00142614508513, 0.000496545806527, 0.00100073160138, -0.00928464252502, 0.0232751555741, -0.00992730353028, 0.00223127845675, -0.000840003311168], [0.000443143508164, -0.00890730880201, 0.00596564123407, -0.00944272428751, 0.00549522181973, -0.00912797264755, 0.00759305153042, -0.00460768118501, 0.00111926882528, -0.00992730353028, 0.0303551424295, -0.0156362019479, 0.00747059145942], [-0.000134081928991, 0.00599764147773, -0.00421179039404, 0.00941565260291, -0.00708607211709, 0.00719718076289, -0.00577309494838, 0.00252076261677, 0.00187771895435, 0.00223127845675, -0.0156362019479, 0.0262898169458, -0.0101038422436], [0.000285035552224, -0.0058423941955, 0.00115833280142, -0.00848550722003, 0.00418011611328, -0.00614620978013, 0.00346373813227, -0.00182765081991, 0.000638873549178, -0.000840003311168, 0.00747059145942, -0.0101038422436, 0.0231082998216]]
    },
    "melbands": {
        "dmean": [0.00187473010737, 0.00212873402052, 0.001815357944, 0.00101794570219, 0.000333844625857, 0.000109570763016, 7.84468429629e-05, 0.000156643582159, 0.000136370174005, 6.98565854691e-05, 0.000100112018117, 9.69559841906e-05, 4.19185744249e-05, 7.12501787348e-05, 6.83921243763e-05, 8.13379592728e-05, 4.20907126681e-05, 3.26261688315e-05, 2.19523135456e-05, 1.63620134117e-05, 1.5293377146e-05, 1.65010314959e-05, 1.40164365803e-05, 1.30843354782e-05, 6.7375162871e-06, 7.08293646312e-06, 6.44468809696e-06, 6.65214110995e-06, 5.04890294906e-06, 7.56023928261e-06, 4.94859250466e-06, 3.44472459801e-06, 3.10167820317e-06, 2.48949686465e-06, 1.45497733683e-06, 1.34790377615e-06, 1.03329352896e-06, 8.1120657569e-07, 6.11061068412e-07, 4.35812694377e-07],
        "dmean2": [0.00303764687851, 0.00351878348738, 0.00333441188559, 0.0018094193656, 0.000527726893779, 0.000169417195139, 0.00012469253852, 0.000243323825998, 0.000216568281758, 0.000105582541437, 0.00015122203331, 0.000149497966049, 6.32584778941e-05, 0.000111706292955, 0.000108555032057, 0.000128501502331, 6.76954296068e-05, 5.13469312864e-05, 3.36787161359e-05, 2.58235413639e-05, 2.49018103204e-05, 2.67317100224e-05, 2.30399964494e-05, 2.14357733057e-05, 1.09177681225e-05, 1.15771299534e-05, 1.10542832772e-05, 1.15286256914e-05, 8.56633960211e-06, 1.35380669235e-05, 8.53359324537e-06, 5.59336103834e-06, 4.91187711305e-06, 4.09768836107e-06, 2.26721795116e-06, 2.10388247979e-06, 1.57917395427e-06, 1.10847611268e-06, 8.55253972532e-07, 6.33387969629e-07],
        "dvar": [1.86518791452e-05, 1.51336198542e-05, 1.84153159353e-05, 6.54389896226e-06, 2.42819908181e-07, 3.5137521337e-08, 2.84327867917e-08, 1.36430443831e-07, 1.1538203637e-07, 2.12994599735e-08, 2.69958828625e-08, 3.31396350362e-08, 7.45977946082e-09, 1.44451650641e-08, 2.21918945442e-08, 2.69930655605e-08, 4.41878533763e-09, 2.63556598767e-09, 8.27001855885e-10, 5.18413367789e-10, 4.33885871676e-10, 4.69495442523e-10, 4.05824623906e-10, 3.56048218686e-10, 8.96373669734e-11, 1.29536978366e-10, 1.62398705594e-10, 1.73685621441e-10, 1.10796899433e-10, 3.8327546692e-10, 1.22479859588e-10, 5.85048051671e-11, 5.12268769071e-11, 2.87605390892e-11, 9.77594307588e-12, 8.59057009556e-12, 6.25984984334e-12, 4.98678355554e-12, 3.27650124914e-12, 1.37850657538e-12],
        "dvar2": [4.38107454102e-05, 3.93598857045e-05, 5.32592421223e-05, 1.86556699191e-05, 5.76650563744e-07, 7.74190880293e-08, 6.28432204053e-08, 3.28831475827e-07, 3.04918131633e-07, 4.79413131416e-08, 5.61451827252e-08, 7.41862606901e-08, 1.58321213917e-08, 3.43825021787e-08, 5.39838787006e-08, 5.97379425926e-08, 1.0414230367e-08, 6.37894359556e-09, 1.77685499647e-09, 1.15963749714e-09, 1.1108785003e-09, 1.21878185322e-09, 1.04078956564e-09, 9.31748012079e-10, 2.26124258207e-10, 3.277962346e-10, 4.47872683385e-10, 4.67593297415e-10, 2.62635996284e-10, 1.07999786891e-09, 3.28618826595e-10, 1.44500258981e-10, 1.24402710355e-10, 7.16473963491e-11, 2.27211791048e-11, 1.96664837193e-11, 1.42592743169e-11, 9.16209382668e-12, 6.96697560754e-12, 2.93782663127e-12],
        "max": [0.0388288870454, 0.0369748137891, 0.0394074879587, 0.0226438138634, 0.00613461388275, 0.00346439215355, 0.00301437475719, 0.00505115138367, 0.0045926081948, 0.00277064600959, 0.00279122591019, 0.00281548453495, 0.00196443288587, 0.00191969692241, 0.00246967189014, 0.00302214059047, 0.000832005636767, 0.000608661677688, 0.000430780113675, 0.000534541381057, 0.000275870610494, 0.000282880529994, 0.000409839733038, 0.000240228662733, 0.000125792692415, 0.000218963366933, 0.000138054660056, 0.000153738234076, 0.000104984072095, 0.000142250719364, 0.000112634734251, 0.000128682062495, 0.000128998988657, 7.76086890255e-05, 4.36558802903e-05, 3.89771157643e-05, 5.25559771631e-05, 6.74050461384e-05, 5.11242433276e-05, 1.70022904058e-05],
        "mean": [0.00214841146953, 0.00287389219739, 0.00190695701167, 0.00114504375961, 0.000542510999367, 0.000177400463144, 0.000140044357977, 0.000282287423033, 0.000256647239439, 0.000146361169755, 0.000210373487789, 0.000184622287634, 8.19282067823e-05, 0.00012780544057, 0.000121118231618, 0.000150853593368, 8.28125630505e-05, 6.04445849604e-05, 4.40257790615e-05, 3.28657879436e-05, 2.76832288364e-05, 2.85134174192e-05, 2.85222104139e-05, 2.47468506132e-05, 1.4307451238e-05, 1.30652570078e-05, 9.46545060287e-06, 9.2641230367e-06, 7.3801702456e-06, 8.42590543471e-06, 6.84572933096e-06, 5.70315614823e-06, 5.43763326277e-06, 3.9600204218e-06, 2.57396050074e-06, 2.45349019679e-06, 1.79255539479e-06, 1.22076255593e-06, 9.17406111967e-07, 6.6735327664e-07],
        "median": [0.000861839216668, 0.00167818681803, 0.00107668177225, 0.000576450256631, 0.000303525710478, 0.00010199360986, 6.73101822031e-05, 7.6635631558e-05, 5.26208532392e-05, 4.16410402977e-05, 0.000100507975731, 8.687825175e-05, 3.7416088162e-05, 5.52498349862e-05, 4.08976557082e-05, 6.73636750435e-05, 5.19706045452e-05, 3.30133043462e-05, 2.92955428449e-05, 2.22311045945e-05, 2.15171567106e-05, 2.21497539314e-05, 1.84767341125e-05, 1.48084600369e-05, 9.14796873985e-06, 7.57476163926e-06, 4.5916176532e-06, 4.45628165835e-06, 3.64293327948e-06, 3.57862018063e-06, 3.11710573442e-06, 2.9450798138e-06, 2.62509411186e-06, 1.79829271474e-06, 1.14516069516e-06, 9.39832943914e-07, 7.11115831109e-07, 3.05869406247e-07, 2.03969904078e-07, 1.65416153664e-07],
        "min": [1.57363400088e-10, 2.1583712595e-09, 8.04340760663e-10, 9.08373584685e-11, 1.45888023884e-11, 1.29270101568e-11, 1.62811344268e-11, 8.78484437972e-12, 6.02912771791e-12, 3.40040582497e-12, 6.52948702051e-12, 8.76657166998e-12, 2.77374737762e-11, 4.06198651104e-11, 2.28899121879e-11, 4.55373065644e-12, 3.59793748614e-12, 7.22721925708e-12, 3.53388412283e-12, 6.30566302298e-12, 1.38722696524e-11, 1.42693461214e-11, 3.47683687396e-12, 4.25923792763e-12, 4.16864980035e-12, 7.10171114623e-12, 4.2583159221e-12, 3.61088676321e-12, 3.63182726081e-12, 2.422922106e-12, 2.31334461136e-12, 8.66032343495e-13, 1.1423184447e-12, 5.6026575523e-13, 3.79139238451e-13, 2.96019122843e-13, 1.78330508455e-13, 1.9379764178e-13, 1.08505577841e-13, 1.29964723879e-13],
        "var": [1.89463298739e-05, 1.58472066687e-05, 1.14139284051e-05, 4.7814401114e-06, 4.86136798372e-07, 6.22013516249e-08, 5.96832450128e-08, 2.52812270674e-07, 2.41292042347e-07, 7.32982385898e-08, 8.6320952164e-08, 8.65676241801e-08, 2.24859686426e-08, 3.71441331026e-08, 4.68204461868e-08, 7.75380257778e-08, 1.1401244393e-08, 6.62938015594e-09, 2.29545604746e-09, 1.57854762595e-09, 7.18428816437e-10, 7.45162709315e-10, 1.08678699373e-09, 7.91943566281e-10, 2.32989072479e-10, 2.61206639651e-10, 1.76163805765e-10, 1.80940235017e-10, 1.37018243973e-10, 2.6285540411e-10, 1.16000840877e-10, 7.62996055226e-11, 7.71800401367e-11, 3.9127288215e-11, 1.74332943914e-11, 1.62165558759e-11, 1.23139293901e-11, 1.57526075517e-11, 7.41204320143e-12, 2.77523511984e-12]
    },
    "mfcc": {
        "mean": [-613.398620605, 115.586547852, -8.25712013245, 27.9178028107, 5.32720756531, 21.469669342, 1.13000607491, 12.0960130692, -1.22163712978, 0.490790337324, -1.02539181709, -1.73054969311, -7.42823505402],
        "cov": [[6184.47851562, -1.99421012402, -41.1049537659, -245.441589355, -170.221572876, -66.9099960327, -79.9051742554, -84.9336395264, -69.2774810791, 83.5019607544, 122.726211548, 68.236289978, -43.9650802612], [-1.99421012402, 661.520141602, -246.032684326, -21.1541233063, -24.6135215759, 61.101234436, -41.3228721619, 106.140083313, 21.2158241272, 21.3971500397, 16.4678783417, 56.2416000366, 0.0891933366656], [-41.1049537659, -246.032684326, 258.536743164, 24.8326950073, 46.2505607605, -30.4823913574, 13.2548055649, -54.4666213989, 17.9767608643, -11.7109375, -12.0234899521, -17.4166202545, -0.720411002636], [-245.441589355, -21.1541233063, 24.8326950073, 277.7109375, 59.4983787537, 59.1682891846, 24.5118618011, 13.875087738, 33.1873245239, -3.99896478653, -61.7710189819, -37.7784957886, 1.42656755447], [-170.221572876, -24.6135215759, 46.2505607605, 59.4983787537, 129.299591064, 35.9761428833, 25.4519691467, 1.13940012455, 17.7008647919, -1.06608855724, -13.3077020645, -13.1684389114, 8.96121025085], [-66.9099960327, 61.101234436, -30.4823913574, 59.1682891846, 35.9761428833, 145.004211426, 43.5837860107, 32.9543418884, 28.6327342987, 5.1344909668, -30.2329788208, 7.9709610939, 11.2587490082], [-79.9051742554, -41.3228721619, 13.2548055649, 24.5118618011, 25.4519691467, 43.5837860107, 89.7207641602, 28.0077877045, 17.7655773163, -11.5992736816, -15.3411092758, -10.1905269623, 8.78153610229], [-84.9336395264, 106.140083313, -54.4666213989, 13.875087738, 1.13940012455, 32.9543418884, 28.0077877045, 103.356910706, 25.2248077393, 10.3075389862, -1.60755074024, 12.0782766342, 0.232952013612], [-69.2774810791, 21.2158241272, 17.9767608643, 33.1873245239, 17.7008647919, 28.6327342987, 17.7655773163, 25.2248077393, 97.5671844482, 27.5683631897, -8.1328754425, -2.52100467682, 1.24542438984], [83.5019607544, 21.3971500397, -11.7109375, -3.99896478653, -1.06608855724, 5.1344909668, -11.5992736816, 10.3075389862, 27.5683631897, 77.657951355, 33.8233566284, 11.2823991776, -6.55415153503], [122.726211548, 16.4678783417, -12.0234899521, -61.7710189819, -13.3077020645, -30.2329788208, -15.3411092758, -1.60755074024, -8.1328754425, 33.8233566284, 98.1267700195, 45.9489364624, -3.28414654732], [68.236289978, 56.2416000366, -17.4166202545, -37.7784957886, -13.1684389114, 7.9709610939, -10.1905269623, 12.0782766342, -2.52100467682, 11.2823991776, 45.9489364624, 86.8932037354, 23.0945224762], [-43.9650802612, 0.0891933366656, -0.720411002636, 1.42656755447, 8.96121025085, 11.2587490082, 8.78153610229, 0.232952013612, 1.24542438984, -6.55415153503, -3.28414654732, 23.0945224762, 63.1033287048]],
