{
"lowlevel": {
    "average_loudness": 0.972416102886,
    "barkbands_crest": {
        "dmean": 2.48439192772,
        "dmean2": 4.08966732025,
        "dvar": 6.77819633484,
        "dvar2": 18.1450881958,
        "max": 21.5008239746,
        "mean": 8.0252790451,
        "median": 7.1669511795,
        "min": 2.80009794235,
        "var": 12.4766798019
    },
    "barkbands_flatness_db": {
        "dmean": 0.0175004340708,
        "dmean2": 0.0275377798826,
        "dvar": 0.000324573629769,
        "dvar2": 0.000751865911298,
        "max": 0.275096029043,
        "mean": 0.0955474749207,
        "median": 0.0850156992674,
        "min": 0.0304774306715,
        "var": 0.00151903822552
    },
    "barkbands_kurtosis": {
        "dmean": 2.28536367416,
        "dmean2": 3.75039339066,
        "dvar": 12.0555515289,
        "dvar2": 30.3567028046,
        "max": 44.2896270752,
        "mean": 2.87181305885,
        "median": 0.958909988403,
        "min": -1.87373328209,
        "var": 26.1865997314
    },
    "barkbands_skewness": {
        "dmean": 0.486846059561,
        "dmean2": 0.773526370525,
        "dvar": 0.293442159891,
        "dvar2": 0.730327486992,
        "max": 5.68561506271,
        "mean": 1.53118383884,
        "median": 1.34622955322,
        "min": -1.7443716526,
        "var": 0.817235171795
    },
    "barkbands_spread": {
        "dmean": 6.45147895813,
        "dmean2": 9.87475299835,
        "dvar": 64.0010910034,
        "dvar2": 130.762207031,
        "max": 101.535629272,
        "mean": 27.5133895874,
        "median": 26.7729091644,
        "min": 3.01594948769,
        "var": 194.260742188
    },
    "dissonance": {
        "dmean": 0.0129194865003,
        "dmean2": 0.0219969674945,
        "dvar": 0.000114912683784,
        "dvar2": 0.000323004787788,
        "max": 0.499999970198,
        "mean": 0.475743114948,
        "median": 0.478876590729,
        "min": 0.371530294418,
        "var": 0.000280511012534
    },
    "dynamic_complexity": 2.1232316494,
    "erbbands_crest": {
        "dmean": 2.31617999077,
        "dmean2": 3.765604496,
        "dvar": 5.01741886139,
        "dvar2": 12.2079162598,
        "max": 23.1038722992,
        "mean": 7.17645931244,
        "median": 6.21759366989,
        "min": 2.38160896301,
        "var": 12.2476997375
    },
    "erbbands_flatness_db": {
        "dmean": 0.0116630932316,
        "dmean2": 0.0175218936056,
        "dvar": 0.000120226373838,
        "dvar2": 0.000259965134319,
        "max": 0.225316092372,
        "mean": 0.123589769006,
        "median": 0.122277505696,
        "min": 0.0533372759819,
        "var": 0.000451103260275
    },
    "erbbands_kurtosis": {
        "dmean": 0.502118766308,
        "dmean2": 0.811602473259,
        "dvar": 0.459996879101,
        "dvar2": 1.20806896687,
        "max": 7.03552150726,
        "mean": -0.496739417315,
        "median": -0.694986820221,
        "min": -1.79758942127,
        "var": 0.894462704659
    },
    "erbbands_skewness": {
        "dmean": 0.315969258547,
        "dmean2": 0.477381378412,
        "dvar": 0.0890082940459,
        "dvar2": 0.196537137032,
        "max": 2.3754658699,
        "mean": 0.0873914659023,
        "median": 0.0216602683067,
        "min": -2.43999195099,
        "var": 0.348145723343
    },
    "erbbands_spread": {
        "dmean": 7.75419855118,
        "dmean2": 12.1698131561,
        "dvar": 71.4230880737,
        "dvar2": 179.56211853,
        "max": 135.605987549,
        "mean": 48.5286407471,
        "median": 46.385345459,
        "min": 15.8401069641,
        "var": 248.642593384
    },
    "hfc": {
        "dmean": 5.8447060585,
        "dmean2": 8.60352802277,
        "dvar": 84.0421981812,
        "dvar2": 179.996154785,
        "max": 124.51700592,
        "mean": 25.5346813202,
        "median": 24.6603164673,
        "min": 1.13416758725e-16,
        "var": 250.016052246
    },
    "melbands_crest": {
        "dmean": 3.20582604408,
        "dmean2": 5.19580507278,
        "dvar": 8.94969749451,
        "dvar2": 22.3755435944,
        "max": 28.6790733337,
        "mean": 12.5096654892,
        "median": 11.7515678406,
        "min": 2.57442378998,
        "var": 18.0358390808
    },
    "melbands_flatness_db": {
        "dmean": 0.0235096756369,
        "dmean2": 0.0372432880104,
        "dvar": 0.000612872361671,
        "dvar2": 0.00139855733141,
        "max": 0.379006892443,
        "mean": 0.167580023408,
        "median": 0.156289026141,
        "min": 0.00874011218548,
        "var": 0.00267027248628
    },
    "melbands_kurtosis": {
        "dmean": 6.38375282288,
        "dmean2": 10.4203958511,
        "dvar": 121.051795959,
        "dvar2": 324.407012939,
        "max": 139.82749939,
        "mean": 12.4350833893,
        "median": 7.96091365814,
        "min": -1.04539167881,
        "var": 200.248916626
    },
    "melbands_skewness": {
        "dmean": 0.682785153389,
        "dmean2": 1.08320307732,
        "dvar": 0.684560835361,
        "dvar2": 1.76063501835,
        "max": 10.2561130524,
        "mean": 2.82016062737,
        "median": 2.55803251266,
        "min": 0.0218871198595,
        "var": 1.63894844055
    },
    "melbands_spread": {
        "dmean": 7.48971652985,
        "dmean2": 11.8303852081,
        "dvar": 101.760185242,
        "dvar2": 236.633422852,
        "max": 123.905586243,
        "mean": 25.7193927765,
        "median": 24.2940769196,
        "min": 2.45627355576,
        "var": 223.497756958
    },
    "pitch_salience": {
        "dmean": 0.0651970505714,
        "dmean2": 0.107214383781,
        "dvar": 0.00353713007644,
        "dvar2": 0.00938422977924,
        "max": 0.824944734573,
        "mean": 0.60906046629,
        "median": 0.615092754364,
        "min": 0.297981262207,
        "var": 0.00649713538587
    },
    "silence_rate_20dB": {
        "dmean": 0,
        "dmean2": 0,
        "dvar": 0,
        "dvar2": 0,
        "max": 1,
        "mean": 1,
        "median": 1,
        "min": 1,
        "var": 0
    },
    "silence_rate_30dB": {
        "dmean": 0.00154798757285,
        "dmean2": 0.00309837330133,
        "dvar": 0.00154558254872,
        "dvar2": 0.00463791424409,
        "max": 1,
        "mean": 0.999226629734,
        "median": 1,
        "min": 0,
        "var": 0.000772795581724
    },
    "silence_rate_60dB": {
        "dmean": 0.0030959751457,
        "dmean2": 0.00619674660265,
        "dvar": 0.00308637158014,
        "dvar2": 0.00770751619712,
        "max": 1,
        "mean": 0.0317092016339,
        "median": 0,
        "min": 0,
        "var": 0.0307034514844
    },
    "spectral_centroid": {
        "dmean": 280.676940918,
        "dmean2": 438.843048096,
        "dvar": 139640.140625,
        "dvar2": 255793.59375,
        "max": 11110.859375,
        "mean": 1519.9317627,
        "median": 1557.99560547,
        "min": 306.595550537,
        "var": 327711.59375
    },
    "spectral_complexity": {
        "dmean": 3.80650162697,
        "dmean2": 6.14407444,
        "dvar": 12.6838855743,
        "dvar2": 30.5229797363,
        "max": 51,
        "mean": 28.1353435516,
        "median": 31,
        "min": 0,
        "var": 118.975502014
    },
    "spectral_decrease": {
        "dmean": 2.89729351621e-09,
        "dmean2": 4.77277772859e-09,
        "dvar": 2.04468757296e-17,
        "dvar2": 5.0964079847e-17,
        "max": 3.95661362586e-29,
        "mean": -7.99481725267e-09,
        "median": -7.06190483868e-09,
        "min": -3.66737218371e-08,
        "var": 2.63268030872e-17
    },
    "spectral_energy": {
        "dmean": 0.0112288659438,
        "dmean2": 0.0184799358249,
        "dvar": 0.000300314160995,
        "dvar2": 0.000748186779674,
        "max": 0.141348645091,
        "mean": 0.0324903354049,
        "median": 0.0290049649775,
        "min": 1.01379086238e-20,
        "var": 0.000396499963244
    },
    "spectral_energyband_high": {
        "dmean": 0.000468391983304,
        "dmean2": 0.000673790287692,
        "dvar": 1.32258810481e-06,
        "dvar2": 2.65763674179e-06,
        "max": 0.0156256891787,
        "mean": 0.0012936918065,
        "median": 0.000962843594607,
        "min": 7.27984370326e-21,
        "var": 2.86593626697e-06
    },
    "spectral_energyband_low": {
        "dmean": 0.00655479636043,
        "dmean2": 0.0109442071989,
        "dvar": 0.000224472707487,
        "dvar2": 0.000554526981432,
        "max": 0.121479891241,
        "mean": 0.0106216007844,
        "median": 0.00723104737699,
        "min": 5.99639869112e-23,
        "var": 0.000212443614146
    },
    "spectral_energyband_middle_high": {
        "dmean": 0.0012872396037,
        "dmean2": 0.00199955306016,
        "dvar": 2.35949073613e-06,
        "dvar2": 5.48848538529e-06,
        "max": 0.0249676387757,
        "mean": 0.00557431252673,
        "median": 0.00554232718423,
        "min": 1.58661400203e-21,
        "var": 1.169056668e-05
    },
    "spectral_energyband_middle_low": {
        "dmean": 0.00694479653612,
        "dmean2": 0.011424517259,
        "dvar": 0.00012025929027,
        "dvar2": 0.000316161254887,
        "max": 0.0980777218938,
        "mean": 0.0168132297695,
        "median": 0.013661515899,
        "min": 2.82249736588e-22,
        "var": 0.000167352205608
    },
    "spectral_entropy": {
        "dmean": 0.110788740218,
        "dmean2": 0.161884665489,
        "dvar": 0.017194993794,
        "dvar2": 0.0316538438201,
        "max": 9.80035495758,
        "mean": 7.82427692413,
        "median": 7.86204576492,
        "min": 6.56465387344,
        "var": 0.0822233334184
    },
    "spectral_flux": {
        "dmean": 0.0245916303247,
        "dmean2": 0.0392698086798,
        "dvar": 0.00106779276393,
        "dvar2": 0.00202673254535,
        "max": 0.304526001215,
        "mean": 0.0947847664356,
        "median": 0.0839581415057,
        "min": 1.00687180815e-10,
        "var": 0.0022698440589
    },
    "spectral_kurtosis": {
        "dmean": 0.880075097084,
        "dmean2": 1.44024550915,
        "dvar": 0.945011496544,
        "dvar2": 2.40802192688,
        "max": 14.5081424713,
        "mean": 3.50885677338,
        "median": 3.42744970322,
        "min": -1.20864903927,
        "var": 2.5427210331
    },
    "spectral_rms": {
        "dmean": 0.000870162330102,
        "dmean2": 0.00139917770866,
        "dvar": 1.23583481582e-06,
        "dvar2": 2.94291521641e-06,
        "max": 0.0117431310937,
        "mean": 0.00536579592153,
        "median": 0.00531954178587,
        "min": 3.1449391702e-12,
        "var": 2.90609705189e-06
    },
    "spectral_rolloff": {
        "dmean": 633.646362305,
        "dmean2": 1013.96240234,
        "dvar": 1337166.125,
        "dvar2": 2442900.75,
        "max": 18884.6191406,
        "mean": 1677.39306641,
        "median": 1421.19140625,
        "min": 129.19921875,
        "var": 2556018.25
    },
    "spectral_skewness": {
        "dmean": 0.146082267165,
        "dmean2": 0.23190779984,
        "dvar": 0.0217813178897,
        "dvar2": 0.048179499805,
        "max": 2.87105774879,
        "mean": 1.33717656136,
        "median": 1.3318567276,
        "min": 0.0104191591963,
        "var": 0.0820509120822
    },
    "spectral_spread": {
        "dmean": 427076.8125,
        "dmean2": 573828.8125,
        "dvar": 1.22645695693e+12,
        "dvar2": 1.49737242624e+12,
        "max": 40622800,
        "mean": 4816394.5,
        "median": 4579123.5,
        "min": 2632005,
        "var": 2.47972836147e+12
    },
    "spectral_strongpeak": {
        "dmean": 0.440337985754,
        "dmean2": 0.746870100498,
        "dvar": 0.331547230482,
        "dvar2": 0.810916960239,
        "max": 5.44850873947,
        "mean": 0.70419728756,
        "median": 0.438560068607,
        "min": 1.05325415056e-09,
        "var": 0.510052084923
    },
    "zerocrossingrate": {
        "dmean": 0.0112709067762,
        "dmean2": 0.0131219439209,
        "dvar": 0.000373243965441,
        "dvar2": 0.000413683796069,
        "max": 0.50439453125,
        "mean": 0.0693453773856,
        "median": 0.0654296875,
        "min": 0.00927734375,
        "var": 0.0012721682433
    },
    "barkbands": {
        "dmean": [0.000320880528307, 0.00396729446948, 0.00253725145012, 0.002221633913, 0.00366585771553, 0.0017979699187, 0.00129424978513, 0.00100845610723, 0.000780998729169, 0.000473023887025, 0.000213344406802, 0.000282979308395, 0.000319038226735, 0.000287177768769, 0.000272603792837, 0.000255199236562, 0.000300690793665, 0.000199940754101, 0.000188444420928, 0.000162849595654, 0.000124334997963, 0.000100732242572, 0.000127207516925, 8.91867603059e-05, 6.47269844194e-05, 2.39428791247e-05, 8.26930090625e-07],
        "dmean2": [0.000517748354468, 0.00673150038347, 0.00431273411959, 0.00360423885286, 0.00634789094329, 0.00279590068385, 0.00209249043837, 0.00159815687221, 0.00121054728515, 0.000774432555772, 0.00033647698001, 0.000452609383501, 0.000512221246026, 0.000462080090074, 0.000446375255706, 0.000419222458731, 0.000505693955347, 0.000330582057359, 0.000313752389047, 0.0002709395485, 0.000211264094105, 0.000156117035658, 0.000190907274373, 0.000131748485728, 8.91714371392e-05, 3.32198105752e-05, 1.34370986871e-06],
        "dvar": [3.21101140344e-07, 0.00012372880883, 2.57406409219e-05, 8.39328458824e-06, 6.53840615996e-05, 9.87437670119e-06, 6.55689291307e-06, 3.96337827624e-06, 2.54501128438e-06, 6.86112230142e-07, 1.75919566914e-07, 1.53086361365e-07, 3.28092625068e-07, 2.25304489732e-07, 2.02106548386e-07, 1.29317029973e-07, 1.11865134045e-07, 4.57165185708e-08, 3.94551022964e-08, 2.86079888667e-08, 2.86641110847e-08, 4.04014457445e-08, 2.6700868716e-07, 9.9450005564e-08, 4.35605862492e-08, 2.13212780764e-09, 1.32887591989e-12],
        "dvar2": [7.37100890547e-07, 0.000310395669658, 7.03954938217e-05, 2.30031273531e-05, 0.000179145092261, 2.35334464378e-05, 1.57245067385e-05, 9.51644324232e-06, 6.37432231088e-06, 1.55692691806e-06, 3.64266185215e-07, 3.96473211595e-07, 8.35676132738e-07, 5.96365680394e-07, 5.19200455074e-07, 3.42871857129e-07, 3.0010556884e-07, 1.24552613556e-07, 1.049317504e-07, 7.59138032436e-08, 7.32336502551e-08, 8.11067550899e-08, 6.38283211174e-07, 2.08938516266e-07, 7.01647735468e-08, 4.00176736193e-09, 3.39540158142e-12],
        "max": [0.00689907418564, 0.0771558135748, 0.0487319976091, 0.0247576870024, 0.0748678967357, 0.0472427271307, 0.0351051278412, 0.0330653227866, 0.0387822277844, 0.0134278936312, 0.0115325655788, 0.00434771925211, 0.0110272318125, 0.00596831552684, 0.00570318941027, 0.00503830984235, 0.0034505224321, 0.00212892796844, 0.00223420374095, 0.00199726247229, 0.00205045216717, 0.00378236337565, 0.0072116679512, 0.00582381477579, 0.00386467925273, 0.000898606784176, 1.17870013128e-05],
        "mean": [0.000429616076872, 0.0047777062282, 0.00366050912999, 0.00379990343936, 0.00504423864186, 0.00335214892402, 0.00183428800665, 0.0013960293727, 0.00128344423138, 0.00074561976362, 0.000340725004207, 0.000578803010285, 0.000665969622787, 0.000479598791571, 0.000501737173181, 0.000493530358654, 0.000626524910331, 0.000452876149211, 0.000470515427878, 0.000453539949376, 0.000307899783365, 0.000240972702159, 0.000195947868633, 0.000162944605108, 0.000140359712532, 5.35762592335e-05, 1.34053732381e-06],
        "median": [0.000183169177035, 0.00234497501515, 0.00232334760949, 0.00268191331998, 0.00314049609005, 0.00132119748741, 0.000882153923158, 0.000633981951978, 0.000640992424451, 0.000439452851424, 0.000200460315682, 0.000437761802459, 0.000423007557401, 0.000269826152362, 0.000276477716397, 0.000363354949513, 0.000517336651683, 0.000416252383729, 0.000445273064543, 0.000441600219347, 0.000288035545964, 0.00017753271095, 8.44129244797e-05, 7.07322687958e-05, 6.29395653959e-05, 3.67149295926e-05, 9.83191739579e-07],
        "min": [1.55176008251e-23, 2.57996990607e-23, 1.78515972745e-23, 9.65792466615e-24, 5.96545846201e-24, 4.43711981755e-23, 5.08720178797e-23, 4.05370249426e-23, 1.19068897986e-22, 7.02353156177e-23, 2.72860644674e-23, 3.601535312e-23, 1.0086530782e-22, 2.24661779791e-22, 1.1811259662e-22, 3.45989167615e-22, 1.09689935046e-22, 1.20161981521e-22, 2.5110480123e-22, 4.07146335045e-22, 2.86709615358e-22, 4.29272154253e-22, 5.32971138797e-22, 8.01433101374e-22, 1.14745430305e-21, 1.69481552694e-21, 2.42338857683e-21],
        "var": [5.06219407725e-07, 0.000102966019767, 2.6375239031e-05, 1.36124035635e-05, 5.47401286894e-05, 3.22244923154e-05, 8.98999587662e-06, 5.85806037634e-06, 4.09380572819e-06, 1.12930024443e-06, 3.11854563506e-07, 3.32691229232e-07, 6.58508554352e-07, 3.93973436985e-07, 4.91606613195e-07, 2.71101129101e-07, 2.60296815213e-07, 1.01858880441e-07, 9.11055622055e-08, 7.94473606902e-08, 5.15532043721e-08, 8.05681636962e-08, 2.81307080741e-07, 1.99779108812e-07, 1.47731157085e-07, 6.3916556492e-09, 2.08438041133e-12]
    },
    "erbbands": {
        "dmean": [0.133416771889, 0.88849490881, 2.52178430557, 5.22543621063, 12.2218923569, 11.0241861343, 9.00720882416, 18.6826858521, 18.5254383087, 20.9360923767, 20.0125713348, 16.8734302521, 12.6355619431, 10.449971199, 8.5838727951, 12.0114908218, 12.5275936127, 11.6721429825, 14.832400322, 13.3637571335, 11.8057518005, 18.8261108398, 10.3051986694, 9.23075962067, 9.12795257568, 7.56207609177, 5.64973020554, 4.46618556976, 3.59042239189, 3.6247689724, 3.61286354065, 2.57218003273, 1.2042028904, 0.892747461796, 0.368504971266, 0.152274549007, 0.033646505326, 0.00390038616024, 9.62171034189e-05, 1.53966593643e-05],
        "dmean2": [0.229047611356, 1.54426348209, 4.3273768425, 8.56711673737, 21.2177886963, 18.89635849, 14.699889183, 28.5090618134, 29.2029380798, 33.7806587219, 31.1490459442, 26.1074962616, 20.3198757172, 17.2201347351, 13.3277769089, 18.9319114685, 19.9107151031, 18.798576355, 23.9754829407, 21.9910106659, 19.3884925842, 31.7421875, 16.8655853271, 15.4100580215, 15.3589677811, 12.6311101913, 9.4319601059, 7.4772439003, 5.57283306122, 5.61287069321, 5.46619462967, 3.91090369225, 1.70986938477, 1.26584923267, 0.509442031384, 0.212195575237, 0.0468926951289, 0.00553635973483, 0.00013721382129, 2.45110259129e-05],
        "dvar": [0.128169983625, 6.91903209686, 34.6477851868, 42.8597221375, 524.819335938, 698.250793457, 225.038848877, 1371.17175293, 1458.0065918, 1616.49133301, 2080.85205078, 946.992736816, 449.926605225, 329.898254395, 313.462371826, 311.371398926, 464.594329834, 563.137329102, 520.779724121, 474.631835938, 255.096862793, 492.401702881, 118.777305603, 91.9782104492, 103.070732117, 73.9741516113, 57.2621498108, 40.0441856384, 39.3509902954, 135.951477051, 215.691131592, 87.9306564331, 18.4398021698, 9.53343391418, 1.07951486111, 0.105672366917, 0.00348651269451, 3.06566398649e-05, 2.11104076442e-08, 5.20920417912e-10],
        "dvar2": [0.329379141331, 18.1315765381, 96.21484375, 114.010223389, 1475.28515625, 1904.78430176, 494.479675293, 3280.66235352, 3504.37695312, 4068.66772461, 5111.72216797, 2251.91064453, 927.774719238, 813.979553223, 629.372314453, 790.882568359, 1164.24328613, 1508.3145752, 1308.11791992, 1227.4708252, 688.539550781, 1324.11962891, 320.521331787, 250.511795044, 275.366638184, 199.25289917, 150.75201416, 97.9852676392, 76.6696395874, 307.878173828, 514.658813477, 201.803924561, 36.4513015747, 16.5181674957, 1.58330333233, 0.17868322134, 0.00702539877966, 6.46030384814e-05, 4.54389201821e-08, 1.24437560256e-09],
        "max": [3.10386252403, 20.3856124878, 61.8764953613, 61.9976119995, 200.28112793, 262.482086182, 385.038269043, 583.964416504, 532.753967285, 537.180419922, 889.169616699, 611.289855957, 289.928375244, 296.241027832, 533.975280762, 271.213043213, 447.296905518, 343.555450439, 304.479187012, 297.145629883, 295.50479126, 230.300949097, 102.206542969, 142.845077515, 116.070724487, 108.16116333, 101.829650879, 91.3601989746, 117.255828857, 194.803573608, 198.063842773, 123.441047668, 100.910179138, 55.268371582, 17.9578437805, 6.52958393097, 1.02501940727, 0.102501668036, 0.00245296861976, 0.000334439973813],
        "mean": [0.169170483947, 0.977529406548, 3.47992277145, 9.37887477875, 17.0921440125, 14.6231393814, 15.4527673721, 36.0902709961, 27.7750377655, 28.7839813232, 30.7412109375, 28.9476089478, 22.026638031, 18.869468689, 15.5030441284, 26.953502655, 27.8783531189, 21.2811813354, 28.5437355042, 27.2736797333, 26.3114910126, 38.6381263733, 26.2123279572, 23.8044471741, 24.3833522797, 20.7619819641, 14.2900276184, 11.0891199112, 8.77152252197, 6.79298591614, 5.50255537033, 4.13575363159, 2.31515336037, 1.78103208542, 0.855130195618, 0.335812270641, 0.0762714669108, 0.00863798242062, 0.000224104180234, 4.90018792334e-05],
        "median": [0.0761414989829, 0.456867367029, 2.1098613739, 7.0973815918, 10.9904718399, 8.57992076874, 8.77133655548, 12.4390630722, 14.5909137726, 12.9819431305, 14.3468818665, 14.5402011871, 13.6234025955, 12.7930440903, 10.3794603348, 20.1828327179, 19.0353050232, 12.5888690948, 16.5303192139, 18.0260486603, 21.4476776123, 31.3200893402, 24.4035053253, 22.9255046844, 23.6006813049, 19.7097129822, 13.8293514252, 9.82840251923, 6.61508893967, 3.78684353828, 2.37439656258, 1.68044602871, 0.941746711731, 0.699981868267, 0.433426976204, 0.209290757775, 0.0547245331109, 0.00647221924737, 0.000168923739693, 4.3755673687e-05],
        "min": [4.42989296813e-22, 6.81068285413e-21, 1.82886434573e-20, 3.42113629546e-20, 1.88857240723e-20, 2.12002125847e-20, 8.61383949271e-20, 5.2402201998e-19, 5.95915233848e-19, 1.12833411932e-18, 9.00433969842e-19, 2.52345301135e-18, 2.40902684246e-18, 2.03639583178e-18, 1.02537867079e-18, 2.33388616921e-18, 4.81250495738e-18, 9.31902257129e-18, 8.87219201209e-18, 8.49773644778e-18, 1.88011254547e-17, 7.61417685904e-18, 6.70213289231e-18, 8.18130925779e-18, 1.71775039155e-17, 1.96353751528e-17, 1.29051764359e-17, 1.07435243662e-17, 1.30170732932e-17, 1.9458873008e-17, 1.42248562492e-17, 1.65277039135e-17, 1.5677550841e-17, 1.24485578485e-17, 7.99491734165e-18, 5.37979121173e-18, 3.088849158e-18, 1.29276511399e-18, 3.36694174817e-19, 3.61209481728e-20],
        "var": [0.111039116979, 5.12413835526, 29.0365829468, 68.5273513794, 467.056518555, 570.280639648, 538.563842773, 4793.43505859, 2082.39599609, 2204.171875, 3353.25146484, 1845.96398926, 809.87298584, 566.490966797, 592.53894043, 767.450561523, 994.11932373, 987.910400391, 1290.87817383, 1060.26794434, 585.161132812, 1063.68103027, 324.211151123, 232.901000977, 232.841842651, 176.652862549, 102.18132782, 78.8795928955, 89.3921508789, 173.528900146, 227.495697021, 130.906311035, 45.1565589905, 29.277223587, 4.03876304626, 0.341508775949, 0.0101349055767, 8.83378306753e-05, 5.68447617866e-08, 9.28793042476e-10]
    },
    "gfcc": {
        "mean": [37.4794883728, 82.5410232544, -111.078582764, 43.8708763123, -56.4519996643, 8.97622871399, -41.6115074158, 11.8514986038, -30.0799674988, 6.99178123474, -21.1787853241, 2.02933311462, -15.9445133209],
        "cov": [[8027.00244141, -396.415588379, -538.997497559, -103.725204468, -326.128875732, 151.719940186, -30.6240196228, 116.228874207, -53.4054260254, 112.445068359, -155.553985596, 32.3837394714, -74.8611373901], [-396.415588379, 549.044067383, -64.9857559204, -12.1667423248, 131.738418579, -118.187774658, 65.2356491089, -36.180934906, 27.8921127319, -22.4962406158, 52.2663154602, -35.1177635193, 29.4964694977], [-538.997497559, -64.9857559204, 348.284210205, 86.7883529663, -22.3956203461, 24.8082561493, -49.0450820923, -19.3855342865, -4.41159582138, -5.25816679001, 29.6430072784, 29.0983448029, 6.71110916138], [-103.725204468, -12.1667423248, 86.7883529663, 162.048614502, 37.6699752808, 5.89030885696, -22.2614746094, -14.3830738068, 22.1050930023, -6.33893728256, 14.5541038513, 11.2658395767, 22.7744846344], [-326.128875732, 131.738418579, -22.3956203461, 37.6699752808, 175.059326172, 2.96154093742, 50.8045005798, 8.57941246033, 16.030166626, 11.1027126312, 4.98248291016, -0.573992550373, 19.3955345154], [151.719940186, -118.187774658, 24.8082561493, 5.89030885696, 2.96154093742, 132.360015869, 32.0889778137, 24.4270381927, -3.65756177902, 5.27339267731, -10.8125171661, -0.738708019257, -0.524073898792], [-30.6240196228, 65.2356491089, -49.0450820923, -22.2614746094, 50.8045005798, 32.0889778137, 106.301094055, 34.7046203613, 5.23840093613, -0.655035376549, -1.04836857319, -5.45253944397, -3.62444758415], [116.228874207, -36.180934906, -19.3855342865, -14.3830738068, 8.57941246033, 24.4270381927, 34.7046203613, 72.8796768188, 25.353843689, 9.07065582275, -14.078499794, -5.38797998428, -6.0258398056], [-53.4054260254, 27.8921127319, -4.41159582138, 22.1050930023, 16.030166626, -3.65756177902, 5.23840093613, 25.353843689, 69.0669631958, 20.1229400635, 5.62844133377, -15.7663192749, 3.01094126701], [112.445068359, -22.4962406158, -5.25816679001, -6.33893728256, 11.1027126312, 5.27339267731, -0.655035376549, 9.07065582275, 20.1229400635, 58.8726158142, 20.0958690643, 13.2582588196, -5.33294248581], [-155.553985596, 52.2663154602, 29.6430072784, 14.5541038513, 4.98248291016, -10.8125171661, -1.04836857319, -14.078499794, 5.62844133377, 20.0958690643, 73.6655654907, 34.1222686768, 5.47276163101], [32.3837394714, -35.1177635193, 29.0983448029, 11.2658395767, -0.573992550373, -0.738708019257, -5.45253944397, -5.38797998428, -15.7663192749, 13.2582588196, 34.1222686768, 67.8267440796, 19.7996253967], [-74.8611373901, 29.4964694977, 6.71110916138, 22.7744846344, 19.3955345154, -0.524073898792, -3.62444758415, -6.0258398056, 3.01094126701, -5.33294248581, 5.47276163101, 19.7996253967, 58.8578224182]],
        "icov": [[0.000216495522182, -0.000363051367458, 0.000451142812381, -0.000443574856035, 0.000710738415364, -0.000533842889126, 0.000322701846017, -0.000434404995758, 0.000407496874686, -0.000829568307381, 0.000925331085455, -0.000739304115996, 0.00038058203063], [-0.000363051367458, 0.00614537950605, -0.000952531991061, 0.00249288254417, -0.00440071197227, 0.00564005970955, -0.00425905035809, 0.00350778759457, -0.00221343408339, 0.00435440894216, -0.00737617956474, 0.00679120328277, -0.00389116071165], [0.000451142812381, -0.000952531991061, 0.00476840045303, -0.002790001221, 0.00191322213504, -0.00240476289764, 0.00240292423405, -0.00121480296366, 0.00116232328583, -0.00098082923796, 0.000867255788762, -0.00265204138122, 0.00162191782147], [-0.000443574856035, 0.00249288254417, -0.002790001221, 0.010793116875, -0.00507310265675, 0.00137430755422, 0.000376299809432, 0.00374423875473, -0.00600583571941, 0.00580425187945, -0.00409022159874, 0.00157982681412, -0.00289915245958], [0.000710738415364, -0.00440071197227, 0.00191322213504, -0.00507310265675, 0.012313162908, -0.003431069199, -0.00171130720992, -0.00221429904923, 0.00248913909309, -0.00725928833708, 0.0068896394223, -0.00445952313021, 0.000508497527335], [-0.000533842889126, 0.00564005970955, -0.00240476289764, 0.00137430755422, -0.003431069199, 0.0147820757702, -0.00742332870141, 0.00100834260229, 0.000307490787236, 0.00188873079605, -0.00560069875792, 0.00748456688598, -0.00469631981105], [0.000322701846017, -0.00425905035809, 0.00240292423405, 0.000376299809432, -0.00171130720992, -0.00742332870141, 0.0190781541169, -0.00886713899672, 0.00236130389385, 0.000558352097869, 0.00161479052622, -0.00429208995774, 0.00411360664293], [-0.000434404995758, 0.00350778759457, -0.00121480296366, 0.00374423875473, -0.00221429904923, 0.00100834260229, -0.00886713899672, 0.0249513015151, -0.0121728321537, 0.00260658469051, 0.00206913053989, -0.00125886348542, 0.000216382672079], [0.000407496874686, -0.00221343408339, 0.00116232328583, -0.00600583571941, 0.00248913909309, 0.000307490787236, 0.00236130389385, -0.0121728321537, 0.0272096600384, -0.0116957956925, -0.00210213940591, 0.00906855799258, -0.00340627436526], [-0.000829568307381, 0.00435440894216, -0.00098082923796, 0.00580425187945, -0.00725928833708, 0.00188873079605, 0.000558352097869, 0.00260658469051, -0.0116957956925, 0.0298480633646, -0.0111507335678, -0.00123642396647, 0.00209435354918], [0.000925331085455, -0.00737617956474, 0.000867255788762, -0.00409022159874, 0.0068896394223, -0.00560069875792, 0.00161479052622, 0.00206913053989, -0.00210213940591, -0.0111507335678, 0.0324812605977, -0.0204434040934, 0.00730243325233], [-0.000739304115996, 0.00679120328277, -0.00265204138122, 0.00157982681412, -0.00445952313021, 0.00748456688598, -0.00429208995774, -0.00125886348542, 0.00906855799258, -0.00123642396647, -0.0204434040934, 0.0358824059367, -0.0142554230988], [0.00038058203063, -0.00389116071165, 0.00162191782147, -0.00289915245958, 0.000508497527335, -0.00469631981105, 0.00411360664293, 0.000216382672079, -0.00340627436526, 0.00209435354918, 0.00730243325233, -0.0142554230988, 0.0249076578766]]
    },
    "melbands": {
        "dmean": [0.00112639635336, 0.00125186156947, 0.00101357989479, 0.000923714309465, 0.000316093268339, 0.000393103982788, 0.000268535601208, 0.000234509119764, 0.0001604246645, 0.00010524524987, 6.77873395034e-05, 5.00482674397e-05, 2.95732170343e-05, 2.69255469902e-05, 4.93341249239e-05, 2.54829355981e-05, 2.20937818085e-05, 2.69454576483e-05, 2.09216377698e-05, 2.00369522645e-05, 1.38288023663e-05, 2.15416494029e-05, 1.13892601803e-05, 1.11182844194e-05, 8.10743767943e-06, 8.30373119243e-06, 7.50409253669e-06, 5.23096923644e-06, 3.8763705561e-06, 3.41781151292e-06, 2.6848467769e-06, 2.28396788771e-06, 2.13167186303e-06, 2.16585476664e-06, 2.18606987801e-06, 2.04872071663e-06, 1.46248817146e-06, 8.2741416918e-07, 8.92256650786e-07, 7.48534148443e-07],
        "dmean2": [0.00191077089403, 0.0021458058618, 0.00168212375138, 0.00160675542429, 0.000517940148711, 0.000603133812547, 0.000425260863267, 0.000376282085199, 0.000250822282396, 0.000163796532433, 0.000109095490188, 8.2456637756e-05, 4.64361983177e-05, 4.38837159891e-05, 7.6906690083e-05, 4.25881626143e-05, 3.53374271072e-05, 4.36130030721e-05, 3.4973876609e-05, 3.31436640408e-05, 2.28266126214e-05, 3.62366299669e-05, 1.91891485883e-05, 1.83586962521e-05, 1.37159167934e-05, 1.39385110742e-05, 1.2624059309e-05, 8.89530474524e-06, 6.39865220364e-06, 5.81507629249e-06, 4.48015453003e-06, 3.62944842891e-06, 3.29998965753e-06, 3.40546330335e-06, 3.32430067829e-06, 3.13346436087e-06, 2.254113042e-06, 1.21958896671e-06, 1.27601049371e-06, 1.07018877316e-06],
        "dvar": [9.53025846684e-06, 1.0198083146e-05, 1.59104229169e-06, 4.56964789919e-06, 2.86890838197e-07, 5.33505215117e-07, 3.01373546563e-07, 1.85331685998e-07, 1.47360367464e-07, 3.2854746479e-08, 1.29009274374e-08, 7.71263941601e-09, 3.37158034824e-09, 1.96440108624e-09, 6.81692524651e-09, 2.4872128801e-09, 1.86032411698e-09, 1.74911385376e-09, 1.14636256043e-09, 9.04726349393e-10, 3.43663625335e-10, 6.25874518878e-10, 1.73954517457e-10, 1.73029215955e-10, 7.36770366938e-11, 8.38440913919e-11, 5.7736079806e-11, 3.92636548274e-11, 2.44246445985e-11, 1.97842037891e-11, 1.39824306647e-11, 1.23021974552e-11, 2.32816578516e-11, 5.89695514641e-11, 7.5305664482e-11, 6.59673288217e-11, 2.75041794895e-11, 8.11737309314e-12, 1.16868936403e-11, 6.18585608084e-12],
        "dvar2": [2.38701959461e-05, 2.76458231383e-05, 4.32736896983e-06, 1.26093746076e-05, 6.96217341556e-07, 1.27741486722e-06, 7.3220911645e-07, 4.65154329277e-07, 3.70763444835e-07, 7.91495224917e-08, 2.68744084764e-08, 1.87540649677e-08, 6.81387435364e-09, 5.12500930583e-09, 1.66607740937e-08, 6.5514389469e-09, 4.89801577075e-09, 4.33771418784e-09, 2.92800605983e-09, 2.33683294937e-09, 9.39551214607e-10, 1.68983060878e-09, 4.72695493858e-10, 4.57659188324e-10, 1.99532931844e-10, 2.24237822755e-10, 1.54387586049e-10, 1.06943932876e-10, 6.48625944621e-11, 5.21859569447e-11, 3.36911887278e-11, 2.55830443635e-11, 5.04875898033e-11, 1.39746159089e-10, 1.80610595923e-10, 1.58777893611e-10, 6.40882208414e-11, 1.65366158267e-11, 2.29656328676e-11, 1.07390736928e-11],
        "max": [0.0246923044324, 0.0320872142911, 0.0112674217671, 0.0202825311571, 0.0111043369398, 0.0113449990749, 0.00779763329774, 0.00515168718994, 0.00737804733217, 0.00330531457439, 0.00142719596624, 0.0013245845912, 0.00165178382304, 0.000597895937972, 0.00166280812118, 0.000676178431604, 0.000621546059847, 0.000480327784317, 0.000444795005023, 0.000313664029818, 0.000305771449348, 0.000257591658738, 0.000157053713338, 0.000149188635987, 0.00012347867596, 0.000104418810224, 7.80173140811e-05, 8.12915459392e-05, 7.17680231901e-05, 4.60807386844e-05, 5.99334453e-05, 6.17778714513e-05, 8.97094942047e-05, 0.000126336657559, 0.000124404381495, 0.0001146134382, 8.11594873085e-05, 6.44420651952e-05, 8.19105989649e-05, 4.71522798762e-05],
        "mean": [0.00141373847146, 0.00165670574643, 0.00188632588834, 0.00121647876222, 0.000551306526177, 0.000752469350118, 0.000400437129429, 0.000315253389999, 0.000245331844781, 0.000176097848453, 0.000112823989184, 8.46407638164e-05, 4.95322274219e-05, 4.7619221732e-05, 0.000109328437247, 4.30288382631e-05, 3.74319133698e-05, 4.69270416943e-05, 3.77894939447e-05, 3.67570719391e-05, 2.78888346656e-05, 4.10527864005e-05, 2.63660058408e-05, 2.29213819694e-05, 1.86093238881e-05, 1.83589327207e-05, 1.80625065695e-05, 1.24634425447e-05, 8.87274654815e-06, 7.71506893216e-06, 5.98667656959e-06, 5.15965075465e-06, 4.1597809286e-06, 3.60795183951e-06, 3.20916410601e-06, 2.9700011055e-06, 2.29100805882e-06, 1.51389792791e-06, 1.66118627476e-06, 1.4527716985e-06],
        "median": [0.00067048415076, 0.000981755321845, 0.00151300581638, 0.00073163502384, 0.000332102645189, 0.000280206644675, 0.000218095025048, 0.000145311452798, 0.000107423154986, 8.59258507262e-05, 6.75126066199e-05, 5.33699931111e-05, 3.1212108297e-05, 3.13763448503e-05, 5.06473734276e-05, 2.50226876233e-05, 2.05670276046e-05, 2.58289092017e-05, 2.16441021621e-05, 2.49195545621e-05, 2.23175302381e-05, 3.24782195094e-05, 2.28501812671e-05, 2.0322684577e-05, 1.72106319951e-05, 1.68568312802e-05, 1.72978434421e-05, 1.14687672976e-05, 8.21675712359e-06, 7.02802617525e-06, 5.14312523592e-06, 3.94496373701e-06, 2.58998579739e-06, 1.757028258e-06, 1.38613438594e-06, 1.17260708521e-06, 9.07023888885e-07, 6.22756033408e-07, 6.32375872556e-07, 5.68596306039e-07],
        "min": [7.0192835458e-24, 1.04866940446e-23, 5.45159328505e-24, 1.32881657193e-24, 2.66173995373e-24, 1.14062029375e-23, 8.62053155501e-24, 1.19638739549e-23, 8.12519001541e-24, 1.68655384979e-23, 1.20222599171e-23, 8.78788918492e-24, 3.49259488317e-24, 3.26486454489e-24, 1.06222400696e-23, 1.07482913648e-23, 1.74915296029e-23, 1.61822524253e-23, 7.72851525352e-24, 1.38190476121e-23, 2.46518370238e-23, 6.73742591094e-24, 6.93386253153e-24, 5.79154066482e-24, 6.1530953392e-24, 1.10614691442e-23, 1.39027173551e-23, 1.3135174627e-23, 8.22623205331e-24, 6.77391072781e-24, 5.91923200182e-24, 6.33325420944e-24, 1.07655240313e-23, 1.03215057821e-23, 7.35331722978e-24, 8.89258364881e-24, 1.00941884126e-23, 9.68901288556e-24, 1.27705276179e-23, 9.43147031039e-24],
        "var": [8.25372535473e-06, 7.93949948275e-06, 2.43900535679e-06, 3.68923701899e-06, 5.726272434e-07, 1.81379425612e-06, 4.06813711606e-07, 2.50311785521e-07, 2.35744153088e-07, 6.62361330228e-08, 2.27484360238e-08, 1.29292772044e-08, 6.23089624341e-09, 3.21743387488e-09, 1.89210904722e-08, 3.94336518994e-09, 3.31489391492e-09, 3.73903175088e-09, 2.52152809743e-09, 1.86268733771e-09, 6.90960677563e-10, 1.28891597395e-09, 4.02738620231e-10, 3.18094495189e-10, 1.62511878954e-10, 1.60613050637e-10, 1.37857100735e-10, 7.57925527894e-11, 4.31536230361e-11, 3.43058012553e-11, 2.72921667904e-11, 2.81726603851e-11, 3.80730794114e-11, 6.60458215895e-11, 7.76768926958e-11, 7.41819800032e-11, 4.27991392327e-11, 1.87865834e-11, 2.81750716508e-11, 1.95708501488e-11]
    },
    "mfcc": {
        "mean": [-604.015563965, 109.899856567, 1.92393994331, 35.2134895325, 4.8127374649, 2.93217658997, -0.415421754122, 0.672573208809, -1.50449097157, -0.324665933847, -1.0883705616, -0.505673885345, -0.832695424557],
        "cov": [[5866.01123047, -205.636245728, -328.241821289, -121.741737366, -264.017700195, -59.9585494995, -34.9309082031, 17.3587474823, 79.3820114136, 22.87799263, 30.8074111938, 18.6521453857, -65.8067474365], [-205.636245728, 573.330688477, -153.759643555, 94.6713943481, 0.580804169178, -22.0589580536, 35.1369590759, -12.3067474365, -12.5051870346, 8.09001255035, 7.6950712204, 4.12516498566, 15.8427171707], [-328.241821289, -153.759643555, 372.674530029, 3.76750326157, 44.2873382568, 14.0188779831, -30.2643375397, -5.49574279785, -44.0546073914, -40.8994255066, -8.210896492, 1.32706618309, 26.3521404266], [-121.741737366, 94.6713943481, 3.76750326157, 172.787460327, 61.0873756409, 8.82027244568, -13.9108181, -5.90627861023, -6.29894161224, -9.26634120941, -14.4281196594, 1.84378039837, 28.3942050934], [-264.017700195, 0.580804169178, 44.2873382568, 61.0873756409, 113.643081665, 33.7703170776, -4.15740585327, -2.64312934875, 6.22736501694, 5.9522151947, -13.1858158112, -0.58392226696, 17.7735118866], [-59.9585494995, -22.0589580536, 14.0188779831, 8.82027244568, 33.7703170776, 81.9902801514, 34.5680236816, 7.02381181717, 9.02514457703, -1.4582426548, 5.95346879959, 3.04022097588, -9.96816921234], [-34.9309082031, 35.1369590759, -30.2643375397, -13.9108181, -4.15740585327, 34.5680236816, 85.8563537598, 34.5643005371, 13.3811206818, -4.95509576797, 10.5289087296, 8.21285820007, -10.6600446701], [17.3587474823, -12.3067474365, -5.49574279785, -5.90627861023, -2.64312934875, 7.02381181717, 34.5643005371, 66.8061599731, 24.8913631439, 13.392663002, 0.425307899714, -1.33518111706, 0.450981318951], [79.3820114136, -12.5051870346, -44.0546073914, -6.29894161224, 6.22736501694, 9.02514457703, 13.3811206818, 24.8913631439, 81.8081741333, 37.0221099854, -0.386144459248, -11.0881242752, -19.9764842987], [22.87799263, 8.09001255035, -40.8994255066, -9.26634120941, 5.9522151947, -1.4582426548, -4.95509576797, 13.392663002, 37.0221099854, 83.501625061, 20.7691936493, -7.76564407349, -10.793047905], [30.8074111938, 7.6950712204, -8.210896492, -14.4281196594, -13.1858158112, 5.95346879959, 10.5289087296, 0.425307899714, -0.386144459248, 20.7691936493, 59.1488304138, 24.9973220825, -1.11137366295], [18.6521453857, 4.12516498566, 1.32706618309, 1.84378039837, -0.58392226696, 3.04022097588, 8.21285820007, -1.33518111706, -11.0881242752, -7.76564407349, 24.9973220825, 53.2182922363, 21.5478191376], [-65.8067474365, 15.8427171707, 26.3521404266, 28.3942050934, 17.7735118866, -9.96816921234, -10.6600446701, 0.450981318951, -19.9764842987, -10.793047905, -1.11137366295, 21.5478191376, 65.719367981]],
