{
"lowlevel": {
    "average_loudness": 0.968881130219,
    "barkbands_crest": {
        "dmean": 2.84872102737,
        "dmean2": 4.81278944016,
        "dvar": 6.57292079926,
        "dvar2": 18.2754268646,
        "max": 24.2718086243,
        "mean": 10.2760181427,
        "median": 9.34474086761,
        "min": 2.79447507858,
        "var": 17.4554424286
    },
    "barkbands_flatness_db": {
        "dmean": 0.0193913746625,
        "dmean2": 0.0324373282492,
        "dvar": 0.000317614525557,
        "dvar2": 0.000847650342621,
        "max": 0.34232789278,
        "mean": 0.191946834326,
        "median": 0.18059912324,
        "min": 0.103604860604,
        "var": 0.00156405987218
    },
    "barkbands_kurtosis": {
        "dmean": 1.7925388813,
        "dmean2": 2.98726582527,
        "dvar": 6.00530481339,
        "dvar2": 14.3017034531,
        "max": 37.9942512512,
        "mean": 1.29398417473,
        "median": 0.39293885231,
        "min": -1.89660060406,
        "var": 13.0117835999
    },
    "barkbands_skewness": {
        "dmean": 0.603078722954,
        "dmean2": 0.958571732044,
        "dvar": 0.355662584305,
        "dvar2": 0.855502605438,
        "max": 4.01054668427,
        "mean": -0.907177269459,
        "median": -0.97565895319,
        "min": -4.46513986588,
        "var": 0.876424968243
    },
    "barkbands_spread": {
        "dmean": 6.46905326843,
        "dmean2": 10.5365562439,
        "dvar": 44.7846336365,
        "dvar2": 106.597198486,
        "max": 62.3375549316,
        "mean": 23.2555427551,
        "median": 20.0770778656,
        "min": 1.6965367794,
        "var": 177.649719238
    },
    "dissonance": {
        "dmean": 0.0101132448763,
        "dmean2": 0.0175788272172,
        "dvar": 0.000270549964625,
        "dvar2": 0.000774052692577,
        "max": 0.499983668327,
        "mean": 0.486145317554,
        "median": 0.492959797382,
        "min": 0.318554878235,
        "var": 0.000365648360457
    },
    "dynamic_complexity": 1.95933127403,
    "erbbands_crest": {
        "dmean": 3.27955698967,
        "dmean2": 5.33259820938,
        "dvar": 7.28274345398,
        "dvar2": 19.8497123718,
        "max": 29.2860279083,
        "mean": 14.3876161575,
        "median": 13.4886217117,
        "min": 4.27388191223,
        "var": 28.259853363
    },
    "erbbands_flatness_db": {
        "dmean": 0.0198466684669,
        "dmean2": 0.0319471992552,
        "dvar": 0.000408598367358,
        "dvar2": 0.000962715188507,
        "max": 0.412056177855,
        "mean": 0.28803986311,
        "median": 0.281428158283,
        "min": 0.147940173745,
        "var": 0.00158173043747
    },
    "erbbands_kurtosis": {
        "dmean": 3.38870286942,
        "dmean2": 5.56785202026,
        "dvar": 18.032749176,
        "dvar2": 47.3264694214,
        "max": 56.9250106812,
        "mean": 6.3144030571,
        "median": 4.36489868164,
        "min": -1.32761335373,
        "var": 46.7445716858
    },
    "erbbands_skewness": {
        "dmean": 0.533991932869,
        "dmean2": 0.857258141041,
        "dvar": 0.281766146421,
        "dvar2": 0.689698517323,
        "max": 3.81292104721,
        "mean": -0.88147431612,
        "median": -0.944842934608,
        "min": -4.23169660568,
        "var": 0.94856852293
    },
    "erbbands_spread": {
        "dmean": 3.06811618805,
        "dmean2": 4.96827030182,
        "dvar": 17.5446472168,
        "dvar2": 43.3266410828,
        "max": 73.0959777832,
        "mean": 10.5602273941,
        "median": 10.0145816803,
        "min": 1.01814055443,
        "var": 38.1040306091
    },
    "hfc": {
        "dmean": 7.16563844681,
        "dmean2": 11.4597663879,
        "dvar": 57.6841621399,
        "dvar2": 125.86580658,
        "max": 89.9133911133,
        "mean": 26.9559516907,
        "median": 26.4117946625,
        "min": 0.000127524719574,
        "var": 261.763671875
    },
    "melbands_crest": {
        "dmean": 3.62400603294,
        "dmean2": 5.96676301956,
        "dvar": 10.5618314743,
        "dvar2": 26.3095836639,
        "max": 32.0031394958,
        "mean": 12.1249284744,
        "median": 11.1292943954,
        "min": 3.25377488136,
        "var": 29.0834617615
    },
    "melbands_flatness_db": {
        "dmean": 0.0232976190746,
        "dmean2": 0.0367214083672,
        "dvar": 0.000564820074942,
        "dvar2": 0.00125394831412,
        "max": 0.41805562377,
        "mean": 0.185906291008,
        "median": 0.167505472898,
        "min": 0.0456757992506,
        "var": 0.00440112361684
    },
    "melbands_kurtosis": {
        "dmean": 1.59714472294,
        "dmean2": 2.72497224808,
        "dvar": 11.6399383545,
        "dvar2": 30.9143657684,
        "max": 53.5933265686,
        "mean": 0.213820666075,
        "median": -0.751266717911,
        "min": -1.85939717293,
        "var": 11.4402666092
    },
    "melbands_skewness": {
        "dmean": 0.64784014225,
        "dmean2": 1.02496778965,
        "dvar": 0.492000609636,
        "dvar2": 1.13601851463,
        "max": 6.49746608734,
        "mean": -0.0356533750892,
        "median": -0.193067759275,
        "min": -3.59577941895,
        "var": 1.18828332424
    },
    "melbands_spread": {
        "dmean": 11.5706005096,
        "dmean2": 18.7534503937,
        "dvar": 126.135787964,
        "dvar2": 309.866394043,
        "max": 119.023551941,
        "mean": 50.9327774048,
        "median": 48.6397018433,
        "min": 4.02642631531,
        "var": 596.426940918
    },
    "pitch_salience": {
        "dmean": 0.0743228122592,
        "dmean2": 0.123152911663,
        "dvar": 0.00439151516184,
        "dvar2": 0.0114325862378,
        "max": 0.802909553051,
        "mean": 0.603685557842,
        "median": 0.619466245174,
        "min": 0.22815939784,
        "var": 0.0105379158631
    },
    "silence_rate_20dB": {
        "dmean": 0,
        "dmean2": 0,
        "dvar": 0,
        "dvar2": 0,
        "max": 1,
        "mean": 1,
        "median": 1,
        "min": 1,
        "var": 0
    },
    "silence_rate_30dB": {
        "dmean": 0,
        "dmean2": 0,
        "dvar": 0,
        "dvar2": 0,
        "max": 1,
        "mean": 1,
        "median": 1,
        "min": 1,
        "var": 0
    },
    "silence_rate_60dB": {
        "dmean": 0.0108359130099,
        "dmean2": 0.0216802172363,
        "dvar": 0.0107189901173,
        "dvar2": 0.023532435298,
        "max": 1,
        "mean": 0.0468085110188,
        "median": 0,
        "min": 0,
        "var": 0.0446163937449
    },
    "spectral_centroid": {
        "dmean": 132.085342407,
        "dmean2": 207.596740723,
        "dvar": 34032.859375,
        "dvar2": 73340.640625,
        "max": 3519.08178711,
        "mean": 2122.00756836,
        "median": 2497.41723633,
        "min": 554.199951172,
        "var": 511874.96875
    },
    "spectral_complexity": {
        "dmean": 3.64009284973,
        "dmean2": 5.69879961014,
        "dvar": 13.8820495605,
        "dvar2": 29.0102748871,
        "max": 58,
        "mean": 25.687040329,
        "median": 28,
        "min": 0,
        "var": 142.941162109
    },
    "spectral_decrease": {
        "dmean": 1.27782240344e-09,
        "dmean2": 2.11807327233e-09,
        "dvar": 2.45104203411e-18,
        "dvar2": 5.7568387465e-18,
        "max": -2.46589163341e-14,
        "mean": -3.99593869105e-09,
        "median": -3.79163900277e-09,
        "min": -1.57685402513e-08,
        "var": 5.09307883089e-18
    },
    "spectral_energy": {
        "dmean": 0.00533816544339,
        "dmean2": 0.00884316116571,
        "dvar": 3.92443689634e-05,
        "dvar2": 9.16548233363e-05,
        "max": 0.0671750530601,
        "mean": 0.0175265725702,
        "median": 0.0173221509904,
        "min": 1.0463539013e-07,
        "var": 9.0011912107e-05
    },
    "spectral_energyband_high": {
        "dmean": 0.000162642492796,
        "dmean2": 0.000250281649642,
        "dvar": 1.42081631793e-07,
        "dvar2": 2.65832824198e-07,
        "max": 0.00655578449368,
        "mean": 0.000424108409788,
        "median": 0.000355269323336,
        "min": 2.01473185357e-10,
        "var": 2.99984492358e-07
    },
    "spectral_energyband_low": {
        "dmean": 0.00261604576372,
        "dmean2": 0.00427904631943,
        "dvar": 2.62375106104e-05,
        "dvar2": 6.22978695901e-05,
        "max": 0.0461578704417,
        "mean": 0.00346684549004,
        "median": 0.00118746736553,
        "min": 1.26852164328e-08,
        "var": 3.40200931532e-05
    },
    "spectral_energyband_middle_high": {
        "dmean": 0.00370372226462,
        "dmean2": 0.00603742990643,
        "dvar": 1.8957809516e-05,
        "dvar2": 4.07509505749e-05,
        "max": 0.065551713109,
        "mean": 0.0124381445348,
        "median": 0.0121918907389,
        "min": 7.95356811523e-08,
        "var": 5.18383712915e-05
    },
    "spectral_energyband_middle_low": {
        "dmean": 0.000529574928805,
        "dmean2": 0.000878279970493,
        "dvar": 6.60083856019e-07,
        "dvar2": 1.64567995853e-06,
        "max": 0.0198525898159,
        "mean": 0.00133641634602,
        "median": 0.00104084308259,
        "min": 1.13851017502e-08,
        "var": 1.8008678353e-06
    },
    "spectral_entropy": {
        "dmean": 0.127350330353,
        "dmean2": 0.198589712381,
        "dvar": 0.0167881231755,
        "dvar2": 0.0383416190743,
        "max": 8.16391181946,
        "mean": 7.38734579086,
        "median": 7.49492502213,
        "min": 6.18971300125,
        "var": 0.10413607955
    },
    "spectral_flux": {
        "dmean": 0.0171997975558,
        "dmean2": 0.0284964591265,
        "dvar": 0.000347608147422,
        "dvar2": 0.000829417083878,
        "max": 0.192480638623,
        "mean": 0.0747765079141,
        "median": 0.073202945292,
        "min": 0.000323473941535,
        "var": 0.000817284395453
    },
    "spectral_kurtosis": {
        "dmean": 5.71381664276,
        "dmean2": 10.0272436142,
        "dvar": 31.4308605194,
        "dvar2": 95.7442016602,
        "max": 45.9982719421,
        "mean": 9.64281845093,
        "median": 7.38719272614,
        "min": 0.0463855266571,
        "var": 59.1620521545
    },
    "spectral_rms": {
        "dmean": 0.000613793323282,
        "dmean2": 0.00100575527176,
        "dvar": 4.00617295782e-07,
        "dvar2": 9.17911961551e-07,
        "max": 0.0080954702571,
        "mean": 0.00395837984979,
        "median": 0.00411091931164,
        "min": 1.01036284832e-05,
        "var": 1.4303413991e-06
    },
    "spectral_rolloff": {
        "dmean": 183.906082153,
        "dmean2": 303.157104492,
        "dvar": 100420.28125,
        "dvar2": 216822.1875,
        "max": 4866.50390625,
        "mean": 2305.21020508,
        "median": 2777.78320312,
        "min": 150.732421875,
        "var": 721522.75
    },
    "spectral_skewness": {
        "dmean": 0.490378886461,
        "dmean2": 0.844875812531,
        "dvar": 0.196312382817,
        "dvar2": 0.576845288277,
        "max": 4.85076856613,
        "mean": 1.53198313713,
        "median": 1.23166441917,
        "min": 0.169954299927,
        "var": 0.790668189526
    },
    "spectral_spread": {
        "dmean": 235779.078125,
        "dmean2": 376994.3125,
        "dvar": 65169920000,
        "dvar2": 135265148928,
        "max": 5210617.5,
        "mean": 1979627.25,
        "median": 1906763.5,
        "min": 1002728.75,
        "var": 190879744000
    },
    "spectral_strongpeak": {
        "dmean": 1.39281833172,
        "dmean2": 2.40618395805,
        "dvar": 2.45650887489,
        "dvar2": 6.23293924332,
        "max": 19.7128410339,
        "mean": 2.17003679276,
        "median": 1.86499583721,
        "min": 0,
        "var": 3.97668123245
    },
    "zerocrossingrate": {
        "dmean": 0.00637505576015,
        "dmean2": 0.00777242425829,
        "dvar": 4.90670827276e-05,
        "dvar2": 6.42520899419e-05,
        "max": 0.15380859375,
        "mean": 0.0810616761446,
        "median": 0.08740234375,
        "min": 0.02099609375,
        "var": 0.000772328930907
    },
    "barkbands": {
        "dmean": [0.000149398692884, 0.002164010657, 0.00055789045291, 0.000199970192625, 0.000132059460157, 0.000128678948386, 0.000158446186106, 8.59840001795e-05, 8.61662192619e-05, 8.6210326117e-05, 0.000258138665231, 0.0021094630938, 0.000621969287749, 0.000205970995012, 0.00038910395233, 0.000586163077969, 0.000636257755104, 0.00107607094105, 0.000283333472908, 0.000132142755319, 7.77820532676e-05, 3.35059557983e-05, 1.24579419207e-05, 5.21302672496e-06, 5.51555103812e-07, 1.00666630587e-09, 7.56903040244e-10],
        "dmean2": [0.000245550036198, 0.00352917681448, 0.00101175892632, 0.000358784018317, 0.000235573199461, 0.00021636672318, 0.000243108268478, 0.000138035597047, 0.000139022100484, 0.000141723940033, 0.000441928277723, 0.00345560582355, 0.00111119030043, 0.000317507743603, 0.000618551566731, 0.00101223401725, 0.00106155162212, 0.00170768471435, 0.000466375029646, 0.000211246020626, 0.000122170400573, 5.24063907505e-05, 1.75196164491e-05, 7.6708929555e-06, 8.01460203093e-07, 1.72660263864e-09, 1.41016298638e-09],
        "dvar": [9.35277526537e-08, 2.00276299438e-05, 1.48892343077e-06, 1.28475463157e-07, 9.33882020604e-08, 6.36894128547e-08, 1.36201123269e-07, 3.86814384967e-08, 1.59582356218e-08, 1.37481528384e-08, 1.47035933651e-07, 1.1366488252e-05, 3.40108181263e-06, 1.92375466668e-07, 1.63243328188e-06, 1.02287151549e-06, 8.13267888589e-07, 2.61458512796e-06, 1.31293163008e-07, 1.03178990685e-07, 2.31538201945e-08, 3.8227359056e-09, 8.16667566905e-10, 3.78668985057e-10, 4.18830334997e-12, 3.20014858416e-18, 1.13079291369e-18],
        "dvar2": [2.27139679509e-07, 4.65439588879e-05, 4.27168379247e-06, 3.66775765315e-07, 2.69917791229e-07, 1.61672048193e-07, 2.85398073174e-07, 9.8572961349e-08, 4.02766566765e-08, 3.46039179533e-08, 4.14287057993e-07, 2.72525358014e-05, 9.62429294304e-06, 4.73237662391e-07, 3.73030206902e-06, 2.70316377282e-06, 2.24077916755e-06, 6.96434926795e-06, 3.35063589318e-07, 2.32466504713e-07, 4.63941809414e-08, 8.27923241076e-09, 1.45879575086e-09, 8.83791151374e-10, 8.8738478371e-12, 8.05123510647e-18, 3.67784807625e-18],
        "max": [0.00406384607777, 0.0445861183107, 0.0117726568133, 0.00502227107063, 0.00337309506722, 0.00643996335566, 0.0119636794552, 0.00466617848724, 0.00250241789035, 0.00175473769195, 0.00861062668264, 0.043889220804, 0.0312203429639, 0.00850092433393, 0.0413271635771, 0.0226938575506, 0.0156282763928, 0.0173986963928, 0.00327809993178, 0.00491738179699, 0.00245175696909, 0.000797689950559, 0.000419471529312, 0.000297442777082, 2.84322195512e-05, 2.36357529104e-08, 8.98469476596e-09],
        "mean": [0.00030633751885, 0.00253852969036, 0.000506916781887, 0.000250908138696, 0.000199736183276, 0.000241493413341, 0.000275624595815, 0.000142106597195, 0.000181682335096, 0.000196209017304, 0.000648813438602, 0.00392276141793, 0.000842772482429, 0.000352355884388, 0.000723403296433, 0.00113193737343, 0.0013084502425, 0.0024797776714, 0.00068815035047, 0.000294844154269, 0.000181910610991, 7.63248390285e-05, 2.74068697763e-05, 7.3890614658e-06, 7.43344628518e-07, 1.09797648751e-09, 6.13364858904e-10],
        "median": [2.98105987895e-05, 0.000580174091738, 0.000164911150932, 0.0001637013047, 0.000124950995087, 0.000115725473734, 8.3358536358e-05, 7.08583684172e-05, 0.000114579852379, 0.000115423586976, 0.00032402924262, 0.00225560413674, 0.000328322639689, 0.000195419153897, 0.000302235857816, 0.000725850928575, 0.000966890656855, 0.00188182329293, 0.000566821021494, 0.000264633534243, 0.000147367041791, 5.639826486e-05, 1.77095389517e-05, 2.85227292807e-06, 2.77201053223e-07, 5.38587285881e-10, 2.33523145265e-10],
        "min": [9.8838459639e-10, 3.32994920527e-09, 4.14750278566e-09, 4.84732920469e-09, 2.02732330923e-10, 1.89587368027e-09, 1.44904832577e-09, 4.36806812942e-10, 4.92746399239e-10, 1.01309938216e-09, 2.64241806214e-09, 1.1595397531e-08, 2.2682393741e-09, 3.23257287604e-09, 1.55707731153e-08, 7.137682001e-09, 1.21788756857e-09, 1.1072773809e-09, 2.15863604769e-10, 9.95884694155e-11, 7.41153111106e-11, 2.56873879806e-11, 9.45017935433e-12, 1.11598126573e-11, 4.07799792199e-12, 2.10683944249e-12, 2.72373269772e-12],
        "var": [3.72358584855e-07, 2.47424450208e-05, 1.15245063625e-06, 1.0511405435e-07, 7.37278398333e-08, 1.58047853915e-07, 5.35958236014e-07, 5.66860158813e-08, 4.04113400521e-08, 5.19969667323e-08, 8.4998038119e-07, 2.40539047809e-05, 3.05679054691e-06, 2.84085416524e-07, 3.64584434465e-06, 2.34805452237e-06, 1.99845749194e-06, 7.52574715079e-06, 4.69471700626e-07, 1.55383688138e-07, 5.24492023146e-08, 8.80028583339e-09, 1.68106106813e-09, 3.94211857602e-10, 4.95422192853e-12, 3.73843492022e-18, 9.49815515038e-19]
    },
    "erbbands": {
        "dmean": [0.0629154741764, 0.511702477932, 0.778693854809, 0.59782999754, 0.477565705776, 0.476085364819, 0.416039943695, 1.25901162624, 2.74910616875, 1.27378475666, 2.07589817047, 1.89407789707, 2.09939742088, 4.28230190277, 19.8701305389, 84.9127044678, 33.3745880127, 10.4134464264, 15.3789300919, 18.2770709991, 42.2186584473, 28.5712413788, 68.5468826294, 13.9315195084, 13.7569389343, 5.99521923065, 4.41005325317, 2.25980901718, 1.08402740955, 0.707895338535, 0.326160043478, 0.178924739361, 0.04087337479, 0.0120424348861, 0.000827951589599, 4.32590095443e-05, 5.88380271438e-06, 2.03204467653e-06, 3.29526574205e-06, 6.63537866785e-06],
        "dmean2": [0.10276351124, 0.854433596134, 1.39460670948, 1.06598973274, 0.867302179337, 0.836337566376, 0.725299239159, 2.09232234955, 4.33146619797, 1.9500310421, 3.35086297989, 3.08568716049, 3.38445305824, 6.96854972839, 33.7530136108, 136.973983765, 56.9830856323, 16.6253623962, 24.8557128906, 29.1837501526, 73.4368972778, 47.4326400757, 109.268913269, 22.3290462494, 22.6737861633, 9.63644886017, 7.00332546234, 3.54697179794, 1.65144109726, 1.02284765244, 0.473828285933, 0.264219671488, 0.0586989670992, 0.0171257704496, 0.00121355068404, 6.23134328634e-05, 8.65928723215e-06, 3.10380573865e-06, 5.35967956239e-06, 1.09358215923e-05],
        "dvar": [0.0202944166958, 1.08241546154, 2.69297194481, 1.18249440193, 0.71738743782, 1.48815524578, 0.609420895576, 6.06517076492, 53.4909286499, 11.689163208, 14.8488492966, 9.03238201141, 7.98242950439, 37.293888092, 912.289550781, 18792.515625, 7029.53271484, 576.967773438, 1549.28259277, 3595.49267578, 4337.51904297, 1423.98718262, 11200.3330078, 359.308929443, 342.288146973, 190.361282349, 84.8730545044, 20.6138591766, 5.03848028183, 1.83073115349, 0.742298901081, 0.431209653616, 0.0175501890481, 0.00197998643853, 9.55243831413e-06, 2.20555165242e-08, 1.31760213851e-10, 8.7076908184e-12, 1.30242787041e-11, 5.48707225489e-11],
        "dvar2": [0.05009900406, 2.57329106331, 7.8018746376, 3.3106482029, 2.07192897797, 4.31104326248, 1.79391980171, 14.7648019791, 116.991775513, 27.6540050507, 35.5676651001, 24.1976985931, 18.5965499878, 94.3519897461, 2501.92285156, 43301.2695312, 17664.1835938, 1399.74865723, 3777.21606445, 8088.27392578, 11865.046875, 3850.00976562, 30174.6210938, 888.439025879, 833.287353516, 414.217773438, 176.407623291, 42.7167129517, 10.1316270828, 3.45946264267, 1.57010388374, 1.01686012745, 0.0328083261847, 0.00408348115161, 2.08033143281e-05, 4.73006203094e-08, 2.58725041391e-10, 1.64636498878e-11, 2.90963017568e-11, 1.26980467807e-10],
        "max": [1.5792235136, 9.75258636475, 14.6086215973, 11.9450263977, 8.23980712891, 14.4007396698, 9.69759082794, 68.4667205811, 244.73210144, 80.7774276733, 61.057888031, 71.1258621216, 38.4216270447, 95.042388916, 429.166137695, 1853.77319336, 1420.1965332, 314.926818848, 1151.90686035, 1623.2923584, 1195.97888184, 790.951171875, 1114.71557617, 193.137008667, 216.200515747, 205.03326416, 156.208251953, 66.2430114746, 30.5426692963, 19.7099246979, 12.7021245956, 9.71246051788, 1.75923371315, 0.583601474762, 0.0512437224388, 0.00236771535128, 0.000172403350007, 4.75783344882e-05, 3.91986759496e-05, 8.2842016127e-05],
        "mean": [0.0775808766484, 0.545202851295, 0.740386724472, 0.746253669262, 0.602451741695, 0.728274345398, 0.834490954876, 2.43609905243, 4.81162166595, 2.26143431664, 3.72751069069, 3.94316482544, 4.87438154221, 11.2355318069, 51.6014862061, 161.963394165, 55.0448379517, 18.5354499817, 30.259765625, 37.6388397217, 82.9000320435, 80.2929916382, 154.362136841, 38.1643753052, 33.1524124146, 14.0639324188, 9.90825271606, 5.17357730865, 2.63629674911, 1.58997821808, 0.668611645699, 0.272604644299, 0.0692932531238, 0.0173909589648, 0.00112864619587, 8.14997474663e-05, 1.91816416191e-05, 7.53139784138e-06, 1.22733126773e-05, 2.31127378356e-05],
        "median": [0.0204705409706, 0.109587319195, 0.221957370639, 0.488331854343, 0.408405065536, 0.390948712826, 0.439308106899, 1.01118195057, 1.33480131626, 1.10307240486, 1.99433767796, 2.51227545738, 3.2922372818, 6.59322977066, 29.2519245148, 90.9289550781, 22.371761322, 11.8121366501, 16.9178676605, 18.0516204834, 59.8498802185, 71.7727508545, 114.315353394, 35.8972473145, 27.2260456085, 12.6123371124, 8.09433364868, 4.01033735275, 1.99897253513, 1.06592392921, 0.398377656937, 0.116401657462, 0.0318156592548, 0.00688714394346, 0.000407770043239, 5.16057771165e-05, 1.76131270564e-05, 7.36010952096e-06, 1.23887330119e-05, 2.33054051932e-05],
        "min": [6.6373587515e-08, 8.81117898643e-07, 3.82150983569e-06, 1.84561831702e-05, 5.17390662935e-06, 4.9884533837e-07, 2.45271121457e-06, 2.0269117158e-05, 2.63353358605e-05, 1.54399313033e-05, 1.5163606804e-05, 1.25931092043e-05, 3.12568445224e-05, 4.77523426525e-05, 0.000259816646576, 0.000381335965358, 0.000132259345264, 0.000175509805558, 0.0003219191276, 0.00093643204309, 0.000404802209232, 0.000107311250758, 5.26294461451e-05, 4.14327296312e-05, 9.15308828553e-06, 3.84812983611e-06, 5.51958783035e-06, 1.7212299781e-06, 7.15635167126e-07, 7.37599123113e-07, 3.38918709986e-07, 2.05981322665e-07, 1.76450797085e-07, 6.64473986944e-08, 1.91101090508e-08, 7.34126359703e-09, 4.31446878224e-09, 1.70925296139e-09, 5.20647525093e-10, 1.79734616079e-10],
        "var": [0.0231016520411, 1.26595234871, 2.21342206001, 0.944785714149, 0.539005994797, 1.20985746384, 1.21796572208, 18.4446468353, 201.411056519, 18.4089164734, 31.2521457672, 20.0595932007, 23.3473834991, 141.259674072, 3403.37255859, 42696.3515625, 9843.15332031, 690.554382324, 3371.56103516, 7974.43164062, 9062.45214844, 5987.70605469, 30250.0917969, 1374.82336426, 1129.53747559, 317.218444824, 163.397186279, 44.6502685547, 11.2310409546, 4.36273860931, 1.21038508415, 0.457003802061, 0.024905141443, 0.00243417336605, 1.11810459202e-05, 2.74050666604e-08, 2.77289968764e-10, 3.13585338252e-11, 4.35507775676e-11, 1.4826914696e-10]
    },
    "gfcc": {
        "mean": [-67.0746994019, 128.707885742, -198.870864868, 54.9127655029, -34.5195426941, 15.9530057907, -9.20876407623, -9.66948223114, -2.52069616318, -22.7707157135, 14.0185899734, -5.24416875839, -0.759643435478],
        "cov": [[3324.11450195, -1184.51513672, -572.612670898, 1146.23217773, -88.6234970093, -269.144714355, 24.6748008728, 335.437255859, 184.539642334, 11.5381259918, -69.3437652588, 97.5622177124, 67.6916275024], [-1184.51513672, 1217.02404785, 542.891784668, -901.269714355, 81.7872390747, 189.990463257, 92.2244873047, -184.601226807, -111.90562439, -17.2515201569, 125.164871216, 11.0540246964, -7.5173997879], [-572.612670898, 542.891784668, 455.870300293, -324.948669434, 9.89641284943, 207.493789673, 77.9894943237, -67.3567810059, -79.6592254639, 8.65858459473, 83.3468017578, -3.32944583893, 12.2241010666], [1146.23217773, -901.269714355, -324.948669434, 1076.06066895, 25.1654853821, -213.023605347, -13.9047956467, 251.436294556, 190.893768311, 16.848985672, -122.595214844, 3.03669118881, 22.2954349518], [-88.6234970093, 81.7872390747, 9.89641284943, 25.1654853821, 244.11289978, 67.1776275635, 15.8987579346, 27.7561950684, 60.8254165649, 12.8355531693, -15.4284105301, -0.897760510445, 4.06510972977], [-269.144714355, 189.990463257, 207.493789673, -213.023605347, 67.1776275635, 294.362457275, 96.1856994629, -44.602016449, -82.2701950073, 4.60194301605, 52.7071342468, -11.1442089081, 17.1867828369], [24.6748008728, 92.2244873047, 77.9894943237, -13.9047956467, 15.8987579346, 96.1856994629, 141.822906494, 39.4730148315, -21.2962245941, -21.5504646301, 20.924905777, 13.1622619629, 1.29649543762], [335.437255859, -184.601226807, -67.3567810059, 251.436294556, 27.7561950684, -44.602016449, 39.4730148315, 148.98248291, 105.2110672, 15.7742824554, -27.4674835205, 6.10262966156, 1.7613325119], [184.539642334, -111.90562439, -79.6592254639, 190.893768311, 60.8254165649, -82.2701950073, -21.2962245941, 105.2110672, 157.979324341, 54.5829696655, -26.9734325409, -5.21169281006, -4.06183099747], [11.5381259918, -17.2515201569, 8.65858459473, 16.848985672, 12.8355531693, 4.60194301605, -21.5504646301, 15.7742824554, 54.5829696655, 83.4565963745, 30.6703357697, -6.86216402054, -3.54478549957], [-69.3437652588, 125.164871216, 83.3468017578, -122.595214844, -15.4284105301, 52.7071342468, 20.924905777, -27.4674835205, -26.9734325409, 30.6703357697, 82.3461227417, 37.1965446472, 4.0402097702], [97.5622177124, 11.0540246964, -3.32944583893, 3.03669118881, -0.897760510445, -11.1442089081, 13.1622619629, 6.10262966156, -5.21169281006, -6.86216402054, 37.1965446472, 64.0316162109, 26.2103881836], [67.6916275024, -7.5173997879, 12.2241010666, 22.2954349518, 4.06510972977, 17.1867828369, 1.29649543762, 1.7613325119, -4.06183099747, -3.54478549957, 4.0402097702, 26.2103881836, 47.6925201416]],
        "icov": [[0.000619877595454, -0.000108306914626, 0.000686089915689, -0.000522470800206, 0.000285848160274, -0.000157314323587, 3.83985825465e-05, -0.000866163172759, 0.000414988404373, 2.48441374424e-05, -0.000724832585547, -0.000107954598207, -0.000607298570685], [-0.000108306914626, 0.0114000337198, -0.0105445431545, 0.00770945241675, -0.00579390255734, 0.00975959561765, -0.00858517922461, 0.00633219303563, -0.00688881240785, 0.00501088704914, -0.00406983215362, 0.00407329620793, -0.00408244226128], [0.000686089915689, -0.0105445431545, 0.0145417256281, -0.007018473465, 0.00561106856912, -0.0103819267824, 0.00703344633803, -0.00641629705206, 0.00558725837618, -0.00227287854068, -0.00252093072049, 0.000866016605869, 0.000271302560577], [-0.000522470800206, 0.00770945241675, -0.007018473465, 0.00764670688659, -0.004163260106, 0.00722022680566, -0.00566527945921, 0.00149848149158, -0.00361817260273, 0.00160356715787, 0.000358696677722, 0.00196335534565, -0.00326580530964], [0.000285848160274, -0.00579390255734, 0.00561106856912, -0.004163260106, 0.00955871399492, -0.00901383440942, 0.00456032855436, -0.000795327476226, -0.00218625320122, -0.00191252853256, 0.0063223191537, -0.00718663772568, 0.00461368309334], [-0.000157314323587, 0.00975959561765, -0.0103819267824, 0.00722022680566, -0.00901383440942, 0.0189149323851, -0.0121006676927, 0.0035477487836, 0.000331319723045, 0.00201562745497, -0.00928949937224, 0.0131577346474, -0.0110689206049], [3.83985825465e-05, -0.00858517922461, 0.00703344633803, -0.00566527945921, 0.00456032855436, -0.0121006676927, 0.0214405301958, -0.0134984403849, 0.0075623486191, 0.00158024008851, 7.70047481637e-05, -0.00520630041137, 0.0069418111816], [-0.000866163172759, 0.00633219303563, -0.00641629705206, 0.00149848149158, -0.000795327476226, 0.0035477487836, -0.0134984403849, 0.0307919029146, -0.0217255745083, 0.00616163900122, 0.000955669558607, -0.0016504280502, 0.000624326639809], [0.000414988404373, -0.00688881240785, 0.00558725837618, -0.00361817260273, -0.00218625320122, 0.000331319723045, 0.0075623486191, -0.0217255745083, 0.0343400239944, -0.022334009409, 0.0123031456023, -0.00640824483708, 0.00299242278561], [2.48441374424e-05, 0.00501088704914, -0.00227287854068, 0.00160356715787, -0.00191252853256, 0.00201562745497, 0.00158024008851, 0.00616163900122, -0.022334009409, 0.0427940152586, -0.038148008287, 0.0277382470667, -0.0109802512452], [-0.000724832585547, -0.00406983215362, -0.00252093072049, 0.000358696677722, 0.0063223191537, -0.00928949937224, 7.70047481637e-05, 0.000955669558607, 0.0123031456023, -0.038148008287, 0.0696003884077, -0.0539817512035, 0.0256201848388], [-0.000107954598207, 0.00407329620793, 0.000866016605869, 0.00196335534565, -0.00718663772568, 0.0131577346474, -0.00520630041137, -0.0016504280502, -0.00640824483708, 0.0277382470667, -0.0539817512035, 0.0664644613862, -0.0347090996802], [-0.000607298570685, -0.00408244226128, 0.000271302560577, -0.00326580530964, 0.00461368309334, -0.0110689206049, 0.0069418111816, 0.000624326639809, 0.00299242278561, -0.0109802512452, 0.0256201848388, -0.0347090996802, 0.0423705913126]]
    },
    "melbands": {
        "dmean": [0.000582618056796, 0.000504011230078, 0.000100677920273, 3.18362872349e-05, 1.60099170898e-05, 3.14658536809e-05, 3.82292128052e-05, 1.37021079354e-05, 1.81301293196e-05, 1.18565194498e-05, 1.07397354441e-05, 1.63125896506e-05, 4.56899178971e-05, 0.000211454957025, 0.000194241831196, 3.50747031916e-05, 2.02101437026e-05, 2.41946218011e-05, 3.1413637771e-05, 2.12651739275e-05, 6.48823843221e-05, 3.37106721418e-05, 6.18046615273e-05, 4.18921845267e-05, 1.01347723103e-05, 1.51009735418e-05, 6.67659969622e-06, 3.97110306949e-06, 2.99295834338e-06, 2.19134221879e-06, 1.36490552904e-06, 7.16504587217e-07, 5.18380602443e-07, 3.57219505531e-07, 2.0000736356e-07, 1.61212113881e-07, 9.23083973703e-08, 3.2030808228e-08, 1.51598147369e-08, 8.32889224256e-09],
        "dmean2": [0.000937206845265, 0.000870426825713, 0.000180736198672, 5.68372706766e-05, 2.80686126644e-05, 5.20092216902e-05, 6.01443243795e-05, 2.12469840335e-05, 2.94498258882e-05, 1.92231727851e-05, 1.74379001692e-05, 2.64594145847e-05, 7.97617758508e-05, 0.000343727355357, 0.000328504072968, 6.06726825936e-05, 3.23532185575e-05, 3.95095448766e-05, 5.07562981511e-05, 3.40368424077e-05, 0.000113560119644, 5.74145960854e-05, 9.8443684692e-05, 6.57573182252e-05, 1.6505300664e-05, 2.52241807175e-05, 1.08586173155e-05, 6.44503006697e-06, 4.73893624076e-06, 3.56925579581e-06, 2.24158384299e-06, 1.13097553367e-06, 7.76307558681e-07, 5.15033548254e-07, 2.97782605685e-07, 2.39987571149e-07, 1.38821420137e-07, 4.70872443259e-08, 2.22447624765e-08, 1.2121639692e-08],
        "dvar": [1.58817385909e-06, 9.94185711534e-07, 3.24817044373e-08, 4.89059992503e-09, 1.12176268274e-09, 4.76141082117e-09, 9.0641298911e-09, 1.66925839817e-09, 1.226193036e-09, 3.2192409849e-10, 1.96365548821e-10, 5.34890631787e-10, 4.2141095058e-09, 1.13154747794e-07, 1.86629179666e-07, 8.55415915879e-09, 2.4912092389e-09, 3.7100646999e-09, 1.62274726989e-08, 2.4101300955e-09, 1.03165946896e-08, 2.25947793808e-09, 8.43324698963e-09, 3.74494169009e-09, 2.09635628301e-10, 3.76982861594e-10, 1.44653747314e-10, 7.64523028218e-11, 4.36388078451e-11, 1.52125968073e-11, 6.5651117355e-12, 2.01745803223e-12, 1.07192347446e-12, 4.49912757874e-13, 2.69208077055e-13, 1.97359001971e-13, 1.4152496178e-13, 9.75069092309e-15, 2.51765212275e-15, 1.02018141063e-15],
        "dvar2": [3.72165845874e-06, 2.68922190116e-06, 9.14128790441e-08, 1.40093847634e-08, 3.31180682878e-09, 1.13550848724e-08, 1.98593426148e-08, 4.09895895004e-09, 2.91535084962e-09, 8.48925374441e-10, 4.60839533201e-10, 1.34926014805e-09, 1.19956213851e-08, 2.78647291907e-07, 4.37340418102e-07, 2.29962999754e-08, 6.27762108962e-09, 9.55828660665e-09, 3.83798663961e-08, 5.98757665671e-09, 2.82002705632e-08, 6.29361052162e-09, 2.29691075049e-08, 9.91185267196e-09, 5.02949515369e-10, 1.04076514074e-09, 3.2922661819e-10, 1.6345572118e-10, 9.05514760396e-11, 3.12430741001e-11, 1.53221029614e-11, 4.48870411326e-12, 2.16657789799e-12, 8.55301831963e-13, 6.04864357386e-13, 4.31012945603e-13, 3.36098228242e-13, 1.80665605496e-14, 4.78731078624e-15, 2.28271864098e-15],
        "max": [0.012825999409, 0.00809982698411, 0.00193643022794, 0.000796380569227, 0.000430236599641, 0.0020872510504, 0.00311190867797, 0.00104271247983, 0.000617201672867, 0.000405164377298, 0.000183198833838, 0.00035350388498, 0.00138451298699, 0.00488732708618, 0.00564848212525, 0.00148392771371, 0.000746451260056, 0.0020065032877, 0.00441394932568, 0.00142093829345, 0.00187588180415, 0.000903294072486, 0.000937938748393, 0.000643100880552, 0.000137945491588, 0.00017199627473, 0.000211159174796, 0.000126592713059, 0.000112905690912, 6.65219995426e-05, 3.38033496519e-05, 1.91228409676e-05, 1.48422304846e-05, 9.26932625589e-06, 7.45295847082e-06, 5.73167972107e-06, 5.61694696444e-06, 1.33885123432e-06, 7.95025300704e-07, 4.49841593309e-07],
        "mean": [0.000735642039217, 0.000518007553183, 0.000124964280985, 4.61624767922e-05, 3.04239256366e-05, 5.93019685766e-05, 6.70426379656e-05, 2.35864135902e-05, 3.18659513141e-05, 2.49077947956e-05, 2.39158162003e-05, 3.76142816094e-05, 0.000113302987302, 0.000417271745391, 0.000306047149934, 5.45350849279e-05, 3.12505399052e-05, 4.47099519079e-05, 5.62640598218e-05, 4.37320559286e-05, 0.000116646406241, 7.40343166399e-05, 0.000146746548126, 9.03813561308e-05, 2.34343060583e-05, 3.14222670568e-05, 1.41988384712e-05, 7.97180564405e-06, 6.32473393125e-06, 4.52517406302e-06, 2.66930624093e-06, 1.5929381334e-06, 1.09877134946e-06, 7.73431224843e-07, 3.91031534264e-07, 2.75146732065e-07, 1.22046841966e-07, 5.25047134659e-08, 2.40418192021e-08, 1.04384163535e-08],
        "median": [0.000199197471375, 0.000134321438964, 8.29055716167e-05, 3.14741737384e-05, 1.72925192601e-05, 2.27999389608e-05, 2.02571409318e-05, 1.19667856779e-05, 1.67381003848e-05, 1.5694722606e-05, 1.57364920597e-05, 2.17992892431e-05, 5.88846523897e-05, 0.000246054609306, 0.000108090003778, 2.7995374694e-05, 1.76278626896e-05, 2.6077586881e-05, 1.8792849005e-05, 2.64961217908e-05, 7.56341250963e-05, 5.79228144488e-05, 0.000111122019007, 6.89454027452e-05, 1.79315957212e-05, 2.38921056734e-05, 1.22100673252e-05, 6.48690729577e-06, 5.01305385114e-06, 3.18255547427e-06, 1.95734583031e-06, 1.17697516089e-06, 7.45174702388e-07, 5.01325587265e-07, 2.33396164617e-07, 1.3040749991e-07, 4.39297629384e-08, 2.31533228146e-08, 1.07468967059e-08, 3.36748584573e-09],
        "min": [8.25382595604e-10, 1.74914704942e-09, 2.82111556338e-09, 1.19130566523e-10, 6.90716234208e-11, 4.64505406361e-10, 4.01548183593e-10, 1.4200116083e-10, 1.41074957272e-10, 7.25836959981e-11, 1.53011853188e-10, 1.60644247904e-10, 5.96036886513e-10, 1.36405287066e-09, 5.27557386665e-10, 2.37258823699e-10, 2.54206655725e-10, 4.1727779565e-10, 1.17200760208e-09, 7.48310524656e-10, 5.02917152367e-10, 9.52204010085e-11, 5.5556753642e-11, 4.82974736593e-11, 3.2606511241e-11, 8.33101469755e-12, 2.61098217699e-12, 2.59341419867e-12, 4.48799114192e-12, 1.11897904137e-12, 1.04547750665e-12, 3.44999311237e-13, 5.01653894206e-13, 3.16659052495e-13, 2.01298708063e-13, 1.34034669756e-13, 1.24176507293e-13, 1.31034370637e-13, 1.06431505861e-13, 3.88031315792e-14],
        "var": [1.95757024812e-06, 9.91769297798e-07, 2.5307457463e-08, 3.69588359916e-09, 1.58320057064e-09, 1.47434455755e-08, 3.35596226364e-08, 2.28598096008e-09, 2.59749111109e-09, 7.50152884255e-10, 5.82786596759e-10, 1.78465031642e-09, 2.27793499619e-08, 2.54000639188e-07, 3.12022820026e-07, 8.70377281359e-09, 2.71626277026e-09, 6.18527939977e-09, 3.1137595613e-08, 5.34313482348e-09, 1.96035951916e-08, 5.90102899878e-09, 2.58434393885e-08, 1.00565564765e-08, 6.00099248071e-10, 1.08691222689e-09, 2.77872669319e-10, 1.20441115414e-10, 7.53291179434e-11, 3.43503697708e-11, 1.20231593778e-11, 4.12994508384e-12, 2.22748382239e-12, 1.04904464022e-12, 4.20676514457e-13, 2.75416435535e-13, 1.39400928409e-13, 1.39011709994e-14, 3.48095241223e-15, 1.12438319204e-15]
    },
    "mfcc": {
        "mean": [-672.537719727, 126.839630127, -68.2156829834, 33.1658058167, 2.02140855789, 21.3670024872, 7.83812856674, 22.0550060272, -5.75869894028, -5.99811553955, -0.46321991086, 14.1817083359, 7.12637281418],
        "cov": [[3975.06958008, -1945.32641602, -593.892822266, 1245.89575195, -78.3587493896, -152.220046997, -317.922607422, 286.093139648, 131.646591187, 222.044525146, -50.4468345642, 4.07537698746, -35.6043205261], [-1945.32641602, 2031.88793945, 421.342193604, -1029.91809082, -17.1751003265, 109.663459778, 287.080047607, -132.517974854, -126.01448822, -212.199951172, 48.4374923706, 38.7100830078, 48.0650100708], [-593.892822266, 421.342193604, 447.362335205, -254.927566528, -56.1040611267, 67.2211380005, 166.166152954, -22.6001300812, -32.1558799744, -49.0339355469, -6.1902756691, 18.3386383057, 25.710401535], [1245.89575195, -1029.91809082, -254.927566528, 856.418945312, 70.4327774048, -116.644821167, -226.578384399, 126.723258972, 128.732299805, 150.096176147, 0.383833348751, -7.65651893616, -18.8995056152], [-78.3587493896, -17.1751003265, -56.1040611267, 70.4327774048, 193.044448853, 57.5281524658, -25.3037433624, 3.23204731941, 55.0291099548, 48.7164039612, 27.1830673218, 9.31042861938, 5.71876907349], [-152.220046997, 109.663459778, 67.2211380005, -116.644821167, 57.5281524658, 145.598632812, 115.385726929, 4.03675413132, 0.401798933744, 0.0634389445186, 2.60883378983, 4.90029144287, 5.64983177185], [-317.922607422, 287.080047607, 166.166152954, -226.578384399, -25.3037433624, 115.385726929, 215.477020264, 40.7450561523, -21.357749939, -44.2688522339, -4.73625230789, 3.81337761879, 9.50123405457], [286.093139648, -132.517974854, -22.6001300812, 126.723258972, 3.23204731941, 4.03675413132, 40.7450561523, 139.656692505, 61.5968170166, 25.9289188385, 0.770921051502, 3.35542941093, -2.87558984756], [131.646591187, -126.01448822, -32.1558799744, 128.732299805, 55.0291099548, 0.401798933744, -21.357749939, 61.5968170166, 107.314147949, 76.5191345215, 16.1361904144, -0.110336527228, -2.38129496574], [222.044525146, -212.199951172, -49.0339355469, 150.096176147, 48.7164039612, 0.0634389445186, -44.2688522339, 25.9289188385, 76.5191345215, 112.003868103, 38.2270431519, 8.10737609863, -0.665261685848], [-50.4468345642, 48.4374923706, -6.1902756691, 0.383833348751, 27.1830673218, 2.60883378983, -4.73625230789, 0.770921051502, 16.1361904144, 38.2270431519, 68.7674713135, 37.9536552429, 12.2984800339], [4.07537698746, 38.7100830078, 18.3386383057, -7.65651893616, 9.31042861938, 4.90029144287, 3.81337761879, 3.35542941093, -0.110336527228, 8.10737609863, 37.9536552429, 64.7885360718, 27.6963443756], [-35.6043205261, 48.0650100708, 25.710401535, -18.8995056152, 5.71876907349, 5.64983177185, 9.50123405457, -2.87558984756, -2.38129496574, -0.665261685848, 12.2984800339, 27.6963443756, 49.2980766296]],
