{
"lowlevel": {
    "average_loudness": 0.954956710339,
    "barkbands_crest": {
        "dmean": 2.91469550133,
        "dmean2": 4.56652164459,
        "dvar": 8.16093635559,
        "dvar2": 18.6269550323,
        "max": 26.8774547577,
        "mean": 12.5290250778,
        "median": 11.6486692429,
        "min": 3.37665939331,
        "var": 23.0431442261
    },
    "barkbands_flatness_db": {
        "dmean": 0.0294789969921,
        "dmean2": 0.0442067012191,
        "dvar": 0.000917958794162,
        "dvar2": 0.00193803780712,
        "max": 0.45516499877,
        "mean": 0.214267656207,
        "median": 0.210357710719,
        "min": 0.0745970159769,
        "var": 0.00315664196387
    },
    "barkbands_kurtosis": {
        "dmean": 5.86956882477,
        "dmean2": 8.98983383179,
        "dvar": 257.751495361,
        "dvar2": 461.518249512,
        "max": 641.485534668,
        "mean": 8.14389038086,
        "median": 4.031498909,
        "min": -1.930996418,
        "var": 429.064208984
    },
    "barkbands_skewness": {
        "dmean": 0.835729956627,
        "dmean2": 1.19231772423,
        "dvar": 1.09758269787,
        "dvar2": 2.01600933075,
        "max": 12.0067682266,
        "mean": 1.77395033836,
        "median": 1.67805433273,
        "min": -21.0562286377,
        "var": 3.47484636307
    },
    "barkbands_spread": {
        "dmean": 8.17925262451,
        "dmean2": 12.3527755737,
        "dvar": 142.700439453,
        "dvar2": 292.170562744,
        "max": 106.140640259,
        "mean": 22.1011123657,
        "median": 14.9971427917,
        "min": 0.173282980919,
        "var": 383.140869141
    },
    "dissonance": {
        "dmean": 0.0309515111148,
        "dmean2": 0.049986038357,
        "dvar": 0.000897770631127,
        "dvar2": 0.00229456275702,
        "max": 0.5,
        "mean": 0.431163936853,
        "median": 0.4405785501,
        "min": 0.193652033806,
        "var": 0.00229039718397
    },
    "dynamic_complexity": 2.71917271614,
    "erbbands_crest": {
        "dmean": 3.2859082222,
        "dmean2": 5.22381067276,
        "dvar": 9.62603664398,
        "dvar2": 21.9867687225,
        "max": 34.7117156982,
        "mean": 12.278429985,
        "median": 11.2260437012,
        "min": 2.84901022911,
        "var": 29.0965137482
    },
    "erbbands_flatness_db": {
        "dmean": 0.0220015700907,
        "dmean2": 0.0316112861037,
        "dvar": 0.000528854026925,
        "dvar2": 0.00103221251629,
        "max": 0.549167990685,
        "mean": 0.204823121428,
        "median": 0.198785379529,
        "min": 0.0924737975001,
        "var": 0.00294500472955
    },
    "erbbands_kurtosis": {
        "dmean": 2.02574539185,
        "dmean2": 3.182087183,
        "dvar": 24.0121059418,
        "dvar2": 52.156578064,
        "max": 164.176223755,
        "mean": 2.22955465317,
        "median": 0.832407712936,
        "min": -1.84324884415,
        "var": 41.3336791992
    },
    "erbbands_skewness": {
        "dmean": 0.555959761143,
        "dmean2": 0.823032200336,
        "dvar": 0.40904840827,
        "dvar2": 0.791263282299,
        "max": 5.00079536438,
        "mean": 0.634408056736,
        "median": 0.757717788219,
        "min": -7.40142869949,
        "var": 1.37872135639
    },
    "erbbands_spread": {
        "dmean": 12.5901174545,
        "dmean2": 19.3227920532,
        "dvar": 233.979568481,
        "dvar2": 517.083129883,
        "max": 147.04196167,
        "mean": 42.1752700806,
        "median": 35.7906036377,
        "min": 0.203067883849,
        "var": 748.648925781
    },
    "hfc": {
        "dmean": 10.549788475,
        "dmean2": 16.0626430511,
        "dvar": 301.239807129,
        "dvar2": 733.744628906,
        "max": 168.11428833,
        "mean": 25.7999591827,
        "median": 19.5468997955,
        "min": 6.30957038084e-06,
        "var": 515.297912598
    },
    "melbands_crest": {
        "dmean": 3.58606505394,
        "dmean2": 5.55070161819,
        "dvar": 12.0037765503,
        "dvar2": 26.601984024,
        "max": 35.3920593262,
        "mean": 16.8610439301,
        "median": 15.869055748,
        "min": 3.30054736137,
        "var": 41.8027305603
    },
    "melbands_flatness_db": {
        "dmean": 0.0359945483506,
        "dmean2": 0.0504187643528,
        "dvar": 0.00148689688649,
        "dvar2": 0.0027800204698,
        "max": 0.551977992058,
        "mean": 0.239571616054,
        "median": 0.23976431787,
        "min": 0.038793515414,
        "var": 0.00611711898819
    },
    "melbands_kurtosis": {
        "dmean": 13.200003624,
        "dmean2": 20.7384986877,
        "dvar": 625.498840332,
        "dvar2": 1485.21582031,
        "max": 359.27520752,
        "mean": 21.7073497772,
        "median": 11.3508310318,
        "min": -1.85952782631,
        "var": 991.67565918
    },
    "melbands_skewness": {
        "dmean": 1.08357322216,
        "dmean2": 1.60012471676,
        "dvar": 1.64955818653,
        "dvar2": 3.39891910553,
        "max": 15.1843862534,
        "mean": 3.06467914581,
        "median": 2.64695930481,
        "min": -8.83572769165,
        "var": 5.3716840744
    },
    "melbands_spread": {
        "dmean": 11.770108223,
        "dmean2": 17.6308689117,
        "dvar": 601.771606445,
        "dvar2": 1146.10864258,
        "max": 277.351196289,
        "mean": 26.2252922058,
        "median": 15.4957532883,
        "min": 0.643144369125,
        "var": 1282.38110352
    },
    "pitch_salience": {
        "dmean": 0.0778241083026,
        "dmean2": 0.11845292151,
        "dvar": 0.00633809063584,
        "dvar2": 0.0139047121629,
        "max": 0.832609653473,
        "mean": 0.491210192442,
        "median": 0.493244469166,
        "min": 0.0458042472601,
        "var": 0.0203087497503
    },
    "silence_rate_20dB": {
        "dmean": 0,
        "dmean2": 0,
        "dvar": 0,
        "dvar2": 0,
        "max": 1,
        "mean": 1,
        "median": 1,
        "min": 1,
        "var": 0
    },
    "silence_rate_30dB": {
        "dmean": 0.0395042598248,
        "dmean2": 0.0790391340852,
        "dvar": 0.0379447937012,
        "dvar2": 0.078214392066,
        "max": 1,
        "mean": 0.917537748814,
        "median": 1,
        "min": 0,
        "var": 0.0756635516882
    },
    "silence_rate_60dB": {
        "dmean": 0.0240123942494,
        "dmean2": 0.0480433925986,
        "dvar": 0.0234353858978,
        "dvar2": 0.0558095388114,
        "max": 1,
        "mean": 0.0398761145771,
        "median": 0,
        "min": 0,
        "var": 0.0382849276066
    },
    "spectral_centroid": {
        "dmean": 357.786651611,
        "dmean2": 514.465637207,
        "dvar": 323390.09375,
        "dvar2": 532862.5,
        "max": 7772.64111328,
        "mean": 1257.28259277,
        "median": 954.466491699,
        "min": 203.153091431,
        "var": 927772.625
    },
    "spectral_complexity": {
        "dmean": 3.24244761467,
        "dmean2": 4.97869062424,
        "dvar": 21.3979911804,
        "dvar2": 48.9392662048,
        "max": 48,
        "mean": 12.580332756,
        "median": 11,
        "min": 0,
        "var": 48.4447746277
    },
    "spectral_decrease": {
        "dmean": 3.7688616672e-09,
        "dmean2": 5.92545612577e-09,
        "dvar": 4.75084170328e-17,
        "dvar2": 1.06747234533e-16,
        "max": -8.22597634913e-16,
        "mean": -1.03088995118e-08,
        "median": -7.13109171713e-09,
        "min": -7.606654151e-08,
        "var": 1.30705362923e-16
    },
    "spectral_energy": {
        "dmean": 0.0148344002664,
        "dmean2": 0.0233682449907,
        "dvar": 0.000699761381838,
        "dvar2": 0.00158182205632,
        "max": 0.289702475071,
        "mean": 0.0412483252585,
        "median": 0.0288358721882,
        "min": 3.67696939563e-09,
        "var": 0.00190961535554
    },
    "spectral_energyband_high": {
        "dmean": 0.000901180843357,
        "dmean2": 0.00131736218464,
        "dvar": 2.79722644336e-06,
        "dvar2": 5.63813773624e-06,
        "max": 0.0218185260892,
        "mean": 0.0014391222503,
        "median": 0.000427867285907,
        "min": 5.2257420613e-11,
        "var": 5.75086914978e-06
    },
    "spectral_energyband_low": {
        "dmean": 0.00962766259909,
        "dmean2": 0.0149689074606,
        "dvar": 0.000570544041693,
        "dvar2": 0.00126054370776,
        "max": 0.27278137207,
        "mean": 0.0204022731632,
        "median": 0.00550154130906,
        "min": 2.36385910846e-11,
        "var": 0.0015383005375
    },
    "spectral_energyband_middle_high": {
        "dmean": 0.00271102110855,
        "dmean2": 0.00438352162018,
        "dvar": 5.2454382967e-05,
        "dvar2": 0.000147800616105,
        "max": 0.0775504633784,
        "mean": 0.00494068162516,
        "median": 0.00207833945751,
        "min": 3.50406326177e-09,
        "var": 5.96556710661e-05
    },
    "spectral_energyband_middle_low": {
        "dmean": 0.00684185000136,
        "dmean2": 0.0107878558338,
        "dvar": 0.000138063187478,
        "dvar2": 0.000342407729477,
        "max": 0.120730243623,
        "mean": 0.0155273759738,
        "median": 0.011828863062,
        "min": 6.82703338306e-11,
        "var": 0.000223539871513
    },
    "spectral_entropy": {
        "dmean": 0.279221147299,
        "dmean2": 0.390905231237,
        "dvar": 0.0908857285976,
        "dvar2": 0.164643034339,
        "max": 8.64360237122,
        "mean": 7.26267385483,
        "median": 7.21251106262,
        "min": 4.34558963776,
        "var": 0.385801583529
    },
    "spectral_flux": {
        "dmean": 0.039879232645,
        "dmean2": 0.0652398094535,
        "dvar": 0.00248276162893,
        "dvar2": 0.00568125583231,
        "max": 0.430200964212,
        "mean": 0.100624889135,
        "median": 0.0789876803756,
        "min": 6.06380199315e-05,
        "var": 0.00524254329503
    },
    "spectral_kurtosis": {
        "dmean": 1.9708533287,
        "dmean2": 3.02842950821,
        "dvar": 9.11961746216,
        "dvar2": 20.986656189,
        "max": 56.5188293457,
        "mean": 3.56635332108,
        "median": 2.80823278427,
        "min": -1.65967667103,
        "var": 19.8901691437
    },
    "spectral_rms": {
        "dmean": 0.00103498005774,
        "dmean2": 0.00157719070558,
        "dvar": 2.16102239392e-06,
        "dvar2": 4.37605285697e-06,
        "max": 0.0168117973953,
        "mean": 0.00565771199763,
        "median": 0.00530401337892,
        "min": 1.89401350781e-06,
        "var": 8.23253776616e-06
    },
    "spectral_rolloff": {
        "dmean": 793.460571289,
        "dmean2": 1309.32666016,
        "dvar": 2803770.75,
        "dvar2": 5135326.5,
        "max": 10142.1386719,
        "mean": 1882.34338379,
        "median": 775.1953125,
        "min": 64.599609375,
        "var": 6807243.5
    },
    "spectral_skewness": {
        "dmean": 0.348071604967,
        "dmean2": 0.492072820663,
        "dvar": 0.143156588078,
        "dvar2": 0.268029004335,
        "max": 5.8134727478,
        "mean": 1.48686683178,
        "median": 1.53655207157,
        "min": -1.18162596226,
        "var": 0.61268645525
    },
    "spectral_spread": {
        "dmean": 900576.375,
        "dmean2": 1261285.75,
        "dvar": 1.05529868288e+12,
        "dvar2": 1.96406188442e+12,
        "max": 16112667,
        "mean": 5738562.5,
        "median": 5225138.5,
        "min": 1193414.125,
        "var": 5.53016465818e+12
    },
    "spectral_strongpeak": {
        "dmean": 0.594100773335,
        "dmean2": 0.994685947895,
        "dvar": 0.807533681393,
        "dvar2": 1.88440537453,
        "max": 8.76375675201,
        "mean": 1.23612844944,
        "median": 0.720001339912,
        "min": 0,
        "var": 1.75983631611
    },
    "zerocrossingrate": {
        "dmean": 0.01943972148,
        "dmean2": 0.0201534722,
        "dvar": 0.000761837465689,
        "dvar2": 0.000684558181092,
        "max": 0.392578125,
        "mean": 0.0734410509467,
        "median": 0.048828125,
        "min": 0.00341796875,
        "var": 0.00469655636698
    },
    "barkbands": {
        "dmean": [0.00094112707302, 0.00765547156334, 0.00279363873415, 0.00185844895896, 0.00163009110838, 0.00236224732362, 0.00119531911332, 0.000883316562977, 0.00147513917182, 0.00124626536854, 0.000902246800251, 0.000424078374635, 0.000243792368565, 0.000221724316361, 0.000232861522818, 0.000162482087035, 0.000155545771122, 8.42874433147e-05, 0.000140307034599, 0.000117732357467, 0.000101103018096, 0.000163020507898, 0.000188448495464, 0.000373172340915, 0.000136133414344, 1.42247529311e-07, 6.54932064137e-09],
        "dmean2": [0.0014783712104, 0.0114782555029, 0.00457432633266, 0.00331905274652, 0.00268920557573, 0.00370805198327, 0.00187515467405, 0.0014806361869, 0.00223035784438, 0.00193541473709, 0.001599769108, 0.000652335060295, 0.00039763134555, 0.000364507170161, 0.000373886956368, 0.000253442121902, 0.000241236048169, 0.000136589791509, 0.000218235945795, 0.000185854471056, 0.000159754490596, 0.000261686480371, 0.000281058048131, 0.000556722981855, 0.000200542679522, 2.25959254863e-07, 1.20288463634e-08],
        "dvar": [8.39229960548e-06, 0.000392405956518, 8.21413632366e-05, 5.20038593095e-05, 8.45731938171e-06, 1.39635449159e-05, 1.35968302857e-05, 8.66309437697e-06, 1.0684992958e-05, 8.40728807816e-06, 1.33727762659e-05, 1.31650313051e-06, 4.0620574282e-07, 2.8725267498e-07, 1.96801835273e-07, 1.90954239088e-07, 1.27733059685e-07, 5.99101923626e-08, 1.13189337014e-07, 1.29475779431e-07, 7.28136129169e-08, 1.8165096094e-07, 1.72432251588e-07, 5.93823301642e-07, 8.52627195513e-08, 8.30080768661e-14, 2.12264317824e-15],
        "dvar2": [2.27305954468e-05, 0.000855829508509, 0.000178911970579, 0.000146884820424, 2.22207854677e-05, 3.11312724079e-05, 3.36841476383e-05, 2.31202029681e-05, 2.16171338252e-05, 1.80942643055e-05, 3.83333972422e-05, 2.92485401587e-06, 9.73569740381e-07, 7.02978354639e-07, 4.5321544917e-07, 4.09522584732e-07, 3.08457401843e-07, 1.48132357936e-07, 2.78569416423e-07, 3.12488651844e-07, 1.62771357282e-07, 4.44766214969e-07, 3.67503986354e-07, 1.18853120057e-06, 1.76131109697e-07, 2.03784227991e-13, 6.11417773371e-15],
        "max": [0.0375968515873, 0.263434678316, 0.096460185945, 0.0708944573998, 0.0418131090701, 0.0473844595253, 0.0795850306749, 0.036064516753, 0.0739716291428, 0.0374088548124, 0.0462757050991, 0.0201022196561, 0.0156470928341, 0.00731647200882, 0.00985567271709, 0.0177197735757, 0.00590360770002, 0.00457244878635, 0.00479466747493, 0.00815228931606, 0.00523712020367, 0.00642462354153, 0.00681104091927, 0.0119910584763, 0.00383881526068, 3.17361218549e-06, 1.31996273467e-06],
        "mean": [0.00130980880931, 0.0151051925495, 0.0031640380621, 0.00146219914313, 0.0027311341837, 0.00485295290127, 0.00199414370582, 0.00106422824319, 0.0028078800533, 0.00192890327889, 0.000817371881567, 0.000622317078523, 0.000329578120727, 0.000265382055659, 0.000407661718782, 0.000260018801782, 0.000259866792476, 0.000108514919702, 0.000230882316828, 0.000171535662957, 0.00011912563059, 0.000174466898898, 0.000244522700086, 0.000599553342909, 0.000216855769395, 1.81709381764e-07, 4.28868629498e-09],
        "median": [1.49523984874e-05, 0.0031510675326, 0.000430525804404, 0.000160269730259, 0.00120180379599, 0.00299658626318, 0.000277201412246, 0.00015854879166, 0.000371854926925, 0.000192326289834, 7.03436817275e-05, 6.3906511059e-05, 0.000102376237919, 6.87561550876e-05, 0.000196877328563, 5.23636335856e-05, 6.13783631707e-05, 2.42592941504e-05, 6.35180113022e-05, 5.61878732697e-05, 3.30591028614e-05, 1.28404481075e-05, 3.08074450004e-05, 0.000170021376107, 5.74891600991e-05, 4.16140650827e-08, 4.6748310778e-10],
        "min": [4.54126666827e-11, 5.33429463795e-12, 2.29977441171e-13, 1.49280273472e-12, 3.33807439155e-12, 3.20622890217e-12, 5.97225437507e-12, 1.00874135434e-11, 4.34383501391e-11, 3.60235929628e-12, 5.01118868623e-10, 1.36533677159e-12, 8.86457053595e-12, 1.13646612954e-10, 3.08309600072e-10, 3.81934978436e-12, 1.10197406755e-11, 5.35325993603e-12, 5.81009979711e-12, 4.56329895746e-12, 9.18613882878e-12, 9.60363386038e-12, 7.77716866601e-12, 8.16966199552e-12, 6.74982118809e-12, 3.78386471461e-12, 5.35075326061e-12],
        "var": [1.27195025925e-05, 0.000990505213849, 8.52466910146e-05, 3.28628302668e-05, 1.42182752825e-05, 3.4413067624e-05, 2.54256938206e-05, 9.02513238543e-06, 3.38031713909e-05, 2.34671952057e-05, 9.25328458834e-06, 2.88613114208e-06, 7.73102271978e-07, 3.51531838305e-07, 5.21302922607e-07, 6.07184517776e-07, 2.75281166751e-07, 7.71467867366e-08, 2.4019541911e-07, 1.69154574792e-07, 9.16409348406e-08, 1.9416467012e-07, 2.99802877635e-07, 1.35273955948e-06, 1.79950959023e-07, 1.2544644685e-13, 1.21034231899e-15]
    },
    "erbbands": {
        "dmean": [0.312570929527, 1.52887248993, 3.32444524765, 5.32757568359, 3.959223032, 5.92834234238, 15.195394516, 20.0007400513, 20.9100227356, 10.5131158829, 23.3689136505, 30.8164539337, 39.1410751343, 42.7024688721, 29.6994152069, 15.2935304642, 10.7553596497, 10.2461071014, 13.5029678345, 8.0306892395, 10.0585336685, 6.85202693939, 4.05110788345, 6.33354616165, 6.653008461, 5.2768573761, 3.70792770386, 4.82208633423, 5.36609983444, 5.90504217148, 5.35056829453, 6.67344093323, 6.69631719589, 2.90459823608, 0.235391676426, 0.0100601874292, 0.000479262671433, 6.07078945905e-05, 1.80606930371e-05, 1.93338109966e-05],
        "dmean2": [0.442337453365, 2.39230656624, 5.21531534195, 9.29496383667, 6.86852693558, 9.77467250824, 23.8400974274, 30.802532196, 32.7791633606, 16.6781997681, 38.1203155518, 46.2806472778, 55.3108711243, 70.9446105957, 50.1798706055, 22.9531841278, 17.2357654572, 16.9334049225, 21.3714847565, 12.697687149, 15.3179473877, 10.7081480026, 6.35257816315, 9.81485462189, 10.3327980042, 8.26307201385, 5.85539102554, 7.62999582291, 8.55272197723, 9.35879421234, 7.92034626007, 9.86860847473, 10.1627845764, 4.21791362762, 0.348020464182, 0.014790147543, 0.000697771843988, 8.82245076355e-05, 2.70090931735e-05, 3.02915868815e-05],
        "dvar": [0.82251894474, 17.1967964172, 112.763069153, 392.735015869, 142.914154053, 124.122772217, 560.331787109, 1300.52844238, 4165.73242188, 711.215942383, 5451.25292969, 4666.73046875, 8514.89941406, 16229.5263672, 12046.5712891, 1510.91882324, 771.097290039, 574.989440918, 877.654724121, 282.934539795, 760.750793457, 259.264556885, 100.325805664, 302.670349121, 265.8543396, 275.487579346, 96.2959213257, 189.409667969, 217.691879272, 216.064102173, 153.619247437, 203.118774414, 193.078613281, 36.0980491638, 0.280312895775, 0.000498772773426, 9.7272925359e-07, 1.42837039974e-08, 7.77498010418e-10, 8.90783113938e-10],
        "dvar2": [1.6975082159, 37.8619041443, 241.595291138, 1059.16394043, 391.978820801, 324.608947754, 1372.59606934, 2862.22631836, 10423.9570312, 1610.10766602, 14549.5136719, 9967.35546875, 16115.0048828, 43505.3476562, 33459.2382812, 3336.98876953, 1743.19970703, 1520.5045166, 1992.54052734, 625.790344238, 1554.21191406, 640.225830078, 241.541259766, 761.568847656, 641.102600098, 647.89263916, 221.138000488, 455.334838867, 531.008789062, 532.266845703, 320.991027832, 394.500305176, 402.357757568, 73.4006500244, 0.597371578217, 0.00105599139351, 1.94559038391e-06, 2.81317813489e-08, 1.66406222135e-09, 2.05621231153e-09],
        "max": [11.3886489868, 50.8559150696, 114.345687866, 222.450378418, 156.939102173, 162.810440063, 359.598266602, 476.048950195, 1399.25354004, 504.904754639, 896.469238281, 1125.5604248, 1496.43481445, 1289.36352539, 1370.39074707, 707.823913574, 863.099731445, 331.829956055, 624.255981445, 361.521453857, 1186.375, 265.965423584, 163.547439575, 297.357391357, 233.746047974, 437.773101807, 235.337478638, 271.194610596, 232.562652588, 225.92791748, 232.24055481, 224.896484375, 194.371261597, 75.2339553833, 7.69668769836, 0.30408424139, 0.0116161471233, 0.00143488380127, 0.000340085360222, 0.00031568313716],
        "mean": [0.545554339886, 2.87726807594, 4.20055007935, 4.7979183197, 4.37284898758, 9.58503437042, 29.6582107544, 39.4713516235, 36.6116447449, 15.8564605713, 30.7781925201, 54.7080383301, 71.9988098145, 56.8556442261, 34.7230148315, 22.5872802734, 15.8234853745, 13.6987714767, 22.9330596924, 13.6174840927, 18.9002914429, 11.8294773102, 6.09131336212, 9.40025901794, 11.3058366776, 8.36613464355, 4.99420785904, 5.05433607101, 5.65865325928, 6.9393954277, 7.04650688171, 9.86187171936, 11.0199546814, 4.7284579277, 0.332147330046, 0.0145824709907, 0.000781486975029, 0.000103526159364, 4.16101756855e-05, 5.36140250915e-05],
        "median": [0.0525739789009, 0.674043059349, 0.862581670284, 0.677340388298, 1.05073523521, 3.70813512802, 16.0899944305, 17.5129470825, 8.10719299316, 4.1747674942, 6.28420448303, 10.4022579193, 9.60039234161, 8.5784406662, 5.5425786972, 3.7709646225, 5.22129774094, 4.7062125206, 9.09801006317, 5.96456050873, 5.05740880966, 3.23874282837, 1.59280955791, 2.19954919815, 3.60283589363, 2.76661062241, 1.94828033447, 0.884031713009, 0.453767389059, 0.494395852089, 0.949687242508, 2.25501251221, 3.26770162582, 1.33418774605, 0.0668252781034, 0.00314378365874, 0.000223646275117, 3.22892265103e-05, 2.67184368568e-05, 4.10952925449e-05],
        "min": [4.79039974355e-10, 4.28282936893e-10, 3.31499605544e-10, 2.60712540445e-09, 4.92266405416e-09, 1.05481428037e-08, 2.32130705768e-08, 3.70104942249e-08, 4.0645929289e-08, 1.54001838837e-07, 4.6561825684e-07, 1.11018800908e-06, 2.61267558699e-07, 6.91303648637e-06, 1.43112702062e-05, 5.64404217585e-07, 5.89084493186e-07, 1.02493786471e-05, 0.000176080138772, 1.97763547476e-05, 8.5364484903e-07, 5.92252263232e-07, 4.24416612077e-07, 2.62859174427e-07, 2.94321097272e-07, 2.37707951101e-07, 3.19187648756e-07, 4.1294393327e-07, 2.67635869022e-07, 3.45786475009e-07, 2.17241549194e-07, 1.28595189608e-07, 1.62209801147e-07, 9.96314213353e-08, 3.69118673405e-08, 1.36883793189e-08, 7.61183560627e-09, 2.23339635674e-09, 7.3000050449e-10, 9.12220507465e-11],
        "var": [1.85886120796, 34.1028060913, 127.550308228, 277.274658203, 119.743888855, 214.435470581, 1425.15649414, 3039.55932617, 6910.30273438, 1364.8314209, 6043.82177734, 12348.2783203, 29354.4902344, 21522.9140625, 10775.5791016, 3193.80004883, 1750.62927246, 639.904296875, 2108.15673828, 512.374511719, 2574.69580078, 527.551147461, 177.15864563, 482.842376709, 572.344177246, 389.035339355, 128.968658447, 200.085449219, 228.141036987, 260.062194824, 268.624267578, 430.600799561, 427.304443359, 80.2096252441, 0.530896902084, 0.0009699446382, 2.18566947296e-06, 3.35553913544e-08, 1.80808634731e-09, 2.36003194765e-09]
    },
    "gfcc": {
        "mean": [-30.2480583191, 100.057449341, -124.091781616, 36.242931366, -83.9688873291, 26.5563411713, -51.5194168091, 9.26054096222, -13.607542038, -9.94121932983, 9.58198928833, -20.5149307251, 18.5501785278],
        "cov": [[5879.08398438, 571.102050781, 563.45098877, 587.574523926, -213.015930176, 314.299438477, 414.910858154, 428.688903809, -23.6657123566, 44.3711891174, 151.021148682, 18.3669929504, -67.2313919067], [571.102050781, 2662.82226562, 307.9012146, 85.6183700562, 903.061096191, -187.035140991, 565.642150879, 150.289520264, 129.207550049, -115.727043152, 302.638153076, -193.155136108, 239.694442749], [563.45098877, 307.9012146, 1130.01379395, 444.72277832, 139.707015991, 313.97567749, 16.5846252441, 22.6233406067, 75.5067520142, 55.5061073303, -20.46667099, 39.2364997864, -65.4576721191], [587.574523926, 85.6183700562, 444.72277832, 750.213134766, 273.697814941, 124.226196289, 105.44695282, 55.9888458252, 152.209701538, -20.4222297668, -9.14141559601, 116.15020752, -65.2585906982], [-213.015930176, 903.061096191, 139.707015991, 273.697814941, 785.161193848, 81.1854019165, 258.62789917, 189.213989258, 187.758285522, 3.03379154205, 165.584838867, 5.13258457184, 115.998100281], [314.299438477, -187.035140991, 313.97567749, 124.226196289, 81.1854019165, 497.201019287, 184.302078247, 27.0413703918, 100.972114563, 133.727661133, 15.3585796356, 53.0480117798, -65.0227508545], [414.910858154, 565.642150879, 16.5846252441, 105.44695282, 258.62789917, 184.302078247, 508.40222168, 141.454620361, 111.424125671, 51.3781509399, 142.548233032, 6.1079916954, 46.7702331543], [428.688903809, 150.289520264, 22.6233406067, 55.9888458252, 189.213989258, 27.0413703918, 141.454620361, 346.182189941, 70.1000823975, 36.6239776611, 119.431221008, 33.1160850525, 69.0253219604], [-23.6657123566, 129.207550049, 75.5067520142, 152.209701538, 187.758285522, 100.972114563, 111.424125671, 70.1000823975, 241.400177002, 46.1948509216, 34.2703132629, 73.6837539673, 18.9385757446], [44.3711891174, -115.727043152, 55.5061073303, -20.4222297668, 3.03379154205, 133.727661133, 51.3781509399, 36.6239776611, 46.1948509216, 200.568908691, 61.8761672974, 8.3691368103, 23.4252872467], [151.021148682, 302.638153076, -20.46667099, -9.14141559601, 165.584838867, 15.3585796356, 142.548233032, 119.431221008, 34.2703132629, 61.8761672974, 205.708770752, 14.3411884308, 56.410369873], [18.3669929504, -193.155136108, 39.2364997864, 116.15020752, 5.13258457184, 53.0480117798, 6.1079916954, 33.1160850525, 73.6837539673, 8.3691368103, 14.3411884308, 181.009353638, 31.8498802185], [-67.2313919067, 239.694442749, -65.4576721191, -65.2585906982, 115.998100281, -65.0227508545, 46.7702331543, 69.0253219604, 18.9385757446, 23.4252872467, 56.410369873, 31.8498802185, 172.618515015]],
        "icov": [[0.000374045746867, -0.000521792564541, 0.000314448348945, -0.000713110144716, 0.00099255843088, -0.0007555555203, 0.000367097003618, -0.000803893781267, 0.000290670781396, -4.64811491838e-05, -6.87560750521e-05, 1.46469037645e-05, -1.55399829964e-05], [-0.000521792564541, 0.00275525939651, -0.00181274965871, 0.00182909157593, -0.0029639233835, 0.00292986421846, -0.00266099954024, 0.00225851288997, -0.00101187604014, 0.00139572354965, -0.0011293462012, 0.00175255152863, -0.00114449369721], [0.000314448348945, -0.00181274965871, 0.00269220070913, -0.00216255197302, 0.00202509341761, -0.00305493664928, 0.00236695981584, -0.00151901482604, 0.000774921616539, -0.000747261394281, 0.000512395694386, -0.000489426543936, 0.000236703446717], [-0.000713110144716, 0.00182909157593, -0.00216255197302, 0.00458266865462, -0.00370189733803, 0.00321546127088, -0.00230065430515, 0.00192008796148, -0.00106501136906, 0.000300434679957, 0.000750310777221, -0.00150789145846, 0.00175837415736], [0.00099255843088, -0.0029639233835, 0.00202509341761, -0.00370189733803, 0.00677540199831, -0.00428500166163, 0.00270569976419, -0.00329678063281, -0.000410146516515, 0.000377513264539, -0.0011144297896, 0.000748710008338, -0.00149145966861], [-0.0007555555203, 0.00292986421846, -0.00305493664928, 0.00321546127088, -0.00428500166163, 0.00798659678549, -0.00467017060146, 0.00278319860809, -0.00111121521331, -0.00172453257255, 0.000768110097852, -0.000642035913188, 0.00195828592405], [0.000367097003618, -0.00266099954024, 0.00236695981584, -0.00230065430515, 0.00270569976419, -0.00467017060146, 0.00627816654742, -0.00239787250757, 0.000118581905554, -0.000335251359502, -0.000885106856003, -0.000345409469446, -6.83430189383e-05], [-0.000803893781267, 0.00225851288997, -0.00151901482604, 0.00192008796148, -0.00329678063281, 0.00278319860809, -0.00239787250757, 0.0063613280654, -0.00132916402072, 0.000822569068987, -0.00209081172943, 0.000688029977027, -0.00133906607516], [0.000290670781396, -0.00101187604014, 0.000774921616539, -0.00106501136906, -0.000410146516515, -0.00111121521331, 0.000118581905554, -0.00132916402072, 0.00733641302213, -0.00225192541257, 0.00173326325603, -0.00326627795584, 0.00130284891929], [-4.64811491838e-05, 0.00139572354965, -0.000747261394281, 0.000300434679957, 0.000377513264539, -0.00172453257255, -0.000335251359502, 0.000822569068987, -0.00225192541257, 0.00919324997813, -0.00415503559634, 0.00325744156726, -0.0035110458266], [-6.87560750521e-05, -0.0011293462012, 0.000512395694386, 0.000750310777221, -0.0011144297896, 0.000768110097852, -0.000885106856003, -0.00209081172943, 0.00173326325603, -0.00415503559634, 0.0100075583905, -0.00319963670336, 0.00182713440154], [1.46469037645e-05, 0.00175255152863, -0.000489426543936, -0.00150789145846, 0.000748710008338, -0.000642035913188, -0.000345409469446, 0.000688029977027, -0.00326627795584, 0.00325744156726, -0.00319963670336, 0.0108585879207, -0.00515161454678], [-1.55399829964e-05, -0.00114449369721, 0.000236703446717, 0.00175837415736, -0.00149145966861, 0.00195828592405, -6.83430189383e-05, -0.00133906607516, 0.00130284891929, -0.0035110458266, 0.00182713440154, -0.00515161454678, 0.0111116394401]]
    },
    "melbands": {
        "dmean": [0.00238922331482, 0.00172378588468, 0.00085603754269, 0.000307457376039, 0.000460761832073, 0.00044734228868, 0.000299243314657, 0.000125138059957, 0.000199789326871, 0.000208135927096, 0.000196803550352, 0.000174319124199, 0.000118225812912, 5.29916906089e-05, 2.8814873076e-05, 2.31878711929e-05, 1.93157648027e-05, 2.34442504734e-05, 1.43302841025e-05, 9.63763977779e-06, 1.32582572405e-05, 8.57649956743e-06, 4.66017490908e-06, 4.08529467677e-06, 5.51337097932e-06, 6.23102778263e-06, 4.35908077634e-06, 3.50394930138e-06, 2.37515155277e-06, 2.43823251367e-06, 3.06111883219e-06, 3.16304226544e-06, 3.08236258206e-06, 3.42682847077e-06, 2.89100626105e-06, 3.6664594063e-06, 4.57254600406e-06, 4.97417204315e-06, 4.26677434007e-06, 2.02076944333e-06],
        "dmean2": [0.00350743276067, 0.00255287438631, 0.00146807509009, 0.000520822184626, 0.000725854188204, 0.00069475901546, 0.000468657613965, 0.000203531439183, 0.000323738524457, 0.000309906114126, 0.000278074498056, 0.000288293813355, 0.000203341900487, 8.11330246506e-05, 4.59376969957e-05, 3.82533144148e-05, 3.19579667121e-05, 3.70975540136e-05, 2.23473798542e-05, 1.50427131302e-05, 2.02468854695e-05, 1.35189302455e-05, 7.27950873625e-06, 6.61983131067e-06, 8.61650823936e-06, 9.51111542236e-06, 6.85818167767e-06, 5.57097791898e-06, 3.78344861929e-06, 3.85392149838e-06, 4.93946299684e-06, 5.15222063768e-06, 4.84319616589e-06, 5.50254435439e-06, 4.36230175183e-06, 5.39072152606e-06, 6.8999497671e-06, 7.66139328334e-06, 6.26735800324e-06, 3.02537819152e-06],
        "dvar": [4.22526609327e-05, 2.47393927566e-05, 9.29591260501e-06, 5.10133702392e-07, 4.70472457437e-07, 6.34424054624e-07, 7.83293046425e-07, 1.09798236281e-07, 3.50336165411e-07, 2.03810429866e-07, 2.10762010511e-07, 2.61680753511e-07, 2.14894683381e-07, 2.15945412663e-08, 7.28794447014e-09, 3.7191028035e-09, 2.10690420666e-09, 3.16148152102e-09, 8.75908401365e-10, 7.32490346156e-10, 1.31829758221e-09, 4.29401098012e-10, 1.35387909217e-10, 1.47413692364e-10, 2.28287513893e-10, 2.41362957398e-10, 1.57134236178e-10, 1.24670093693e-10, 4.02169686442e-11, 4.09434361415e-11, 8.4222961938e-11, 8.37665700693e-11, 6.56792467635e-11, 7.78764344678e-11, 5.12992530399e-11, 6.79043696272e-11, 1.04570963e-10, 1.13561479664e-10, 7.69511607213e-11, 1.98266680851e-11],
        "dvar2": [9.40167592489e-05, 4.75981978525e-05, 2.48169799306e-05, 1.33220305543e-06, 1.16827175134e-06, 1.3994198298e-06, 1.94473045667e-06, 2.74146685797e-07, 9.35484820275e-07, 4.17746349513e-07, 3.92598650478e-07, 6.82148822762e-07, 6.10117979249e-07, 4.93275038593e-08, 1.50704533297e-08, 9.52687972955e-09, 5.49833423236e-09, 7.1571779614e-09, 1.84293436067e-09, 1.61087398975e-09, 2.68241340251e-09, 1.05568243036e-09, 3.03424424475e-10, 3.78481190833e-10, 5.73813940807e-10, 5.6550497618e-10, 3.98859639761e-10, 2.79620632204e-10, 9.49434281194e-11, 9.29578011788e-11, 2.11964307217e-10, 2.09847597632e-10, 1.61480870342e-10, 1.95479271659e-10, 1.06409152323e-10, 1.37906380759e-10, 2.12990555748e-10, 2.46166920181e-10, 1.57380247723e-10, 4.25392152059e-11],
        "max": [0.0802966728806, 0.0579269379377, 0.0330756232142, 0.00955666881055, 0.0105181578547, 0.0113011524081, 0.0189143400639, 0.00525426818058, 0.00715307425708, 0.00920424424112, 0.0075440206565, 0.00554727623239, 0.00590407568961, 0.00270346482284, 0.00189005292486, 0.00130737153813, 0.000531463942025, 0.00100497610401, 0.00081401807256, 0.000900389160961, 0.00132556597237, 0.000362312508514, 0.000276707753073, 0.000257769512245, 0.000247290066909, 0.000248411175562, 0.000225139272516, 0.000327093759552, 0.000149871018948, 0.000127016828628, 0.000174583648914, 0.000151458501932, 0.000169067265233, 0.000108701780846, 0.000151601372636, 0.00016165386478, 0.000181000985322, 0.00014411052689, 0.000161990494234, 4.9536160077e-05],
        "mean": [0.00449218833819, 0.00283018429764, 0.000793994520791, 0.000456396024674, 0.000911145820282, 0.000891221396159, 0.000527631782461, 0.000162727417774, 0.000258740212303, 0.000385906721931, 0.000359780708095, 0.000233442275203, 0.000119696363981, 7.96155072749e-05, 4.03492958867e-05, 3.10409413942e-05, 2.3142711143e-05, 3.64114821423e-05, 2.35941297433e-05, 1.52090306074e-05, 2.4129765734e-05, 1.36098151415e-05, 6.888894859e-06, 5.3740450312e-06, 7.58727355787e-06, 9.79173000815e-06, 6.60909927319e-06, 5.29040926267e-06, 3.11799271913e-06, 2.79437858808e-06, 2.99967950923e-06, 3.14411227009e-06, 3.40872065863e-06, 3.98289876102e-06, 3.63803792425e-06, 4.97038490721e-06, 6.52032895232e-06, 7.87624412624e-06, 6.97114182913e-06, 2.98140912491e-06],
        "median": [0.000752023537643, 0.000764629570767, 0.00014059273235, 0.000117742427392, 0.000578236533329, 0.000449698709417, 0.00010562283569, 3.71662536054e-05, 4.32277520304e-05, 5.29243552592e-05, 3.61879465345e-05, 2.59991884377e-05, 1.44747609738e-05, 8.46468537929e-06, 8.85932513484e-06, 1.06662555481e-05, 6.71803218211e-06, 1.26462146e-05, 1.08760586954e-05, 4.44041734227e-06, 5.05113939653e-06, 3.19150490213e-06, 1.28139026856e-06, 1.3399915133e-06, 1.56026339937e-06, 2.67366181106e-06, 2.05179208024e-06, 1.64465780017e-06, 1.18663820103e-06, 6.85785380483e-07, 3.84372867757e-07, 2.37609569353e-07, 2.07154513987e-07, 2.78370805518e-07, 4.57996662817e-07, 7.9659560015e-07, 1.53885684995e-06, 2.30566888604e-06, 2.02156593332e-06, 6.92595449436e-07],
        "min": [5.15229482342e-12, 2.60409532479e-13, 5.59345809687e-13, 4.41073176247e-13, 8.41560328368e-13, 7.08899844208e-13, 7.99987355006e-13, 1.5966867585e-12, 5.16619733104e-12, 6.28986836573e-12, 4.04298068548e-13, 2.3078117542e-11, 6.95642918269e-11, 1.08635691588e-12, 1.84484263803e-13, 1.86506084014e-12, 5.45068200644e-12, 9.17489764718e-11, 2.00129270794e-11, 2.09936506113e-13, 3.25467951201e-13, 5.00452381359e-13, 5.93501268097e-13, 3.32634907032e-13, 1.72673751382e-13, 2.83648186319e-13, 1.55656046321e-13, 1.49184917891e-13, 1.67646373671e-13, 1.94255554567e-13, 2.75044906555e-13, 1.31293779559e-13, 2.08220037891e-13, 1.70805698144e-13, 1.45060992298e-13, 6.7866515901e-14, 7.70119780663e-14, 1.08340806216e-13, 1.08952065848e-13, 7.68735999878e-14],
        "var": [9.9384044006e-05, 3.95150455006e-05, 6.79199092701e-06, 7.71573070324e-07, 1.18094635582e-06, 1.45899116433e-06, 1.40681993344e-06, 1.52490457594e-07, 3.98817832092e-07, 6.3048901211e-07, 7.41946337257e-07, 4.01815924533e-07, 1.62678787774e-07, 4.78421071648e-08, 1.36452165123e-08, 5.33473487607e-09, 2.25713003843e-09, 6.47725739711e-09, 1.89999305178e-09, 1.39723843606e-09, 3.98524191425e-09, 7.79444953025e-10, 3.37671307582e-10, 1.79467940509e-10, 3.52932183478e-10, 5.24582099981e-10, 2.23529014742e-10, 1.77666312218e-10, 5.30727614634e-11, 5.16485604285e-11, 7.94231555523e-11, 8.00479404983e-11, 7.36155095216e-11, 9.16489939495e-11, 8.68073599114e-11, 1.24393412237e-10, 2.06457032026e-10, 2.32110136666e-10, 1.75776518341e-10, 3.77907982685e-11]
    },
    "mfcc": {
        "mean": [-661.899414062, 106.807609558, 24.4422626495, -0.836026549339, 11.4955883026, -10.5029592514, 3.12755322456, -8.92686367035, -1.68841040134, 8.10422134399, -10.9167928696, -1.21061003208, -1.6790920496],
        "cov": [[5395.17333984, 191.247116089, 316.396209717, 347.174865723, -115.65802002, 64.536239624, 245.014160156, 437.049102783, 76.6602783203, 146.589508057, 166.644226074, 21.8524208069, 63.2388572693], [191.247116089, 2674.4206543, -233.526596069, 406.09979248, 346.96762085, -76.0450286865, 561.709411621, 49.3849716187, 177.763534546, 222.800765991, -67.9187927246, 161.629470825, 35.8633041382], [316.396209717, -233.526596069, 1082.85339355, 79.2544021606, 92.1672210693, 332.094848633, -64.9231109619, 84.8367614746, 15.9634380341, -70.4878921509, 136.351303101, 14.7600383759, -72.4065856934], [347.174865723, 406.09979248, 79.2544021606, 677.918212891, 260.586425781, 48.5575714111, 88.8993377686, 196.290084839, 120.66254425, -34.7294654846, 57.2069015503, 104.717414856, 13.2996120453], [-115.65802002, 346.96762085, 92.1672210693, 260.586425781, 523.582336426, 35.3625831604, 92.7113876343, 120.040016174, 92.8144302368, 80.7992630005, 44.555316925, 87.7063522339, 42.1839981079], [64.536239624, -76.0450286865, 332.094848633, 48.5575714111, 35.3625831604, 569.118774414, 20.2320365906, 125.198417664, 102.473999023, 18.2064189911, 165.798660278, 30.2848415375, 48.2130775452], [245.014160156, 561.709411621, -64.9231109619, 88.8993377686, 92.7113876343, 20.2320365906, 437.846496582, 81.0919799805, 62.6596336365, 182.421081543, 44.5872535706, 103.460983276, 61.7231178284], [437.049102783, 49.3849716187, 84.8367614746, 196.290084839, 120.040016174, 125.198417664, 81.0919799805, 351.399414062, 106.955329895, 32.5061035156, 89.7488479614, 107.911453247, 97.8215942383], [76.6602783203, 177.763534546, 15.9634380341, 120.66254425, 92.8144302368, 102.473999023, 62.6596336365, 106.955329895, 231.960540771, 37.9053344727, 45.4474487305, 72.8902435303, 57.1627922058], [146.589508057, 222.800765991, -70.4878921509, -34.7294654846, 80.7992630005, 18.2064189911, 182.421081543, 32.5061035156, 37.9053344727, 284.430023193, 46.3050308228, 20.8598041534, 63.5231971741], [166.644226074, -67.9187927246, 136.351303101, 57.2069015503, 44.555316925, 165.798660278, 44.5872535706, 89.7488479614, 45.4474487305, 46.3050308228, 199.320251465, 56.7200202942, 28.1951847076], [21.8524208069, 161.629470825, 14.7600383759, 104.717414856, 87.7063522339, 30.2848415375, 103.460983276, 107.911453247, 72.8902435303, 20.8598041534, 56.7200202942, 208.944229126, 84.5991134644], [63.2388572693, 35.8633041382, -72.4065856934, 13.2996120453, 42.1839981079, 48.2130775452, 61.7231178284, 97.8215942383, 57.1627922058, 63.5231971741, 28.1951847076, 84.5991134644, 179.462112427]],
