{
"lowlevel": {
    "average_loudness": 0.167260020971,
    "barkbands_crest": {
        "dmean": 2.31466817856,
        "dmean2": 3.69240617752,
        "dvar": 5.18680095673,
        "dvar2": 13.3473138809,
        "max": 25.6866054535,
        "mean": 13.4209623337,
        "median": 12.9796276093,
        "min": 4.41507720947,
        "var": 18.5134067535
    },
    "barkbands_flatness_db": {
        "dmean": 0.0221316367388,
        "dmean2": 0.0330678075552,
        "dvar": 0.000462237803731,
        "dvar2": 0.000928915804252,
        "max": 0.395591080189,
        "mean": 0.230739220977,
        "median": 0.229633867741,
        "min": 0.045547246933,
        "var": 0.00245048850775
    },
    "barkbands_kurtosis": {
        "dmean": 6.81183004379,
        "dmean2": 10.4206104279,
        "dvar": 114.294021606,
        "dvar2": 262.89263916,
        "max": 246.248275757,
        "mean": 18.065612793,
        "median": 12.3898010254,
        "min": -1.94470643997,
        "var": 359.688964844
    },
    "barkbands_skewness": {
        "dmean": 0.654459536076,
        "dmean2": 0.994294524193,
        "dvar": 0.548897385597,
        "dvar2": 1.18104553223,
        "max": 13.1531820297,
        "mean": 2.9637799263,
        "median": 2.72521495819,
        "min": -3.18163299561,
        "var": 3.05221867561
    },
    "barkbands_spread": {
        "dmean": 2.94915151596,
        "dmean2": 4.38247871399,
        "dvar": 59.0750999451,
        "dvar2": 117.01726532,
        "max": 105.212921143,
        "mean": 8.52663326263,
        "median": 5.65944004059,
        "min": 0.480800539255,
        "var": 137.979537964
    },
    "dissonance": {
        "dmean": 0.0310196597129,
        "dmean2": 0.0515388734639,
        "dvar": 0.000763662101235,
        "dvar2": 0.00204539997503,
        "max": 0.499745458364,
        "mean": 0.408802717924,
        "median": 0.415832638741,
        "min": 0.220665857196,
        "var": 0.0020474831108
    },
    "dynamic_complexity": 7.32857751846,
    "erbbands_crest": {
        "dmean": 2.5559258461,
        "dmean2": 3.92916321754,
        "dvar": 6.30646657944,
        "dvar2": 14.8007993698,
        "max": 29.5058460236,
        "mean": 12.8421125412,
        "median": 12.1508226395,
        "min": 2.45883202553,
        "var": 26.3415145874
    },
    "erbbands_flatness_db": {
        "dmean": 0.0178984999657,
        "dmean2": 0.0261371135712,
        "dvar": 0.000342174200341,
        "dvar2": 0.00070448697079,
        "max": 0.343480408192,
        "mean": 0.204883441329,
        "median": 0.204874545336,
        "min": 0.0401155538857,
        "var": 0.00177486392204
    },
    "erbbands_kurtosis": {
        "dmean": 1.99975430965,
        "dmean2": 3.07449555397,
        "dvar": 9.00081539154,
        "dvar2": 20.5401306152,
        "max": 50.080493927,
        "mean": 3.84646177292,
        "median": 2.58618307114,
        "min": -1.85853397846,
        "var": 26.3280220032
    },
    "erbbands_skewness": {
        "dmean": 0.420126527548,
        "dmean2": 0.620964884758,
        "dvar": 0.232794597745,
        "dvar2": 0.446326613426,
        "max": 6.18039226532,
        "mean": 1.46336781979,
        "median": 1.41151893139,
        "min": -4.3836145401,
        "var": 1.12355935574
    },
    "erbbands_spread": {
        "dmean": 6.96671628952,
        "dmean2": 10.4677696228,
        "dvar": 120.713859558,
        "dvar2": 249.615310669,
        "max": 151.513534546,
        "mean": 28.7783107758,
        "median": 24.951713562,
        "min": 3.08699154854,
        "var": 354.034484863
    },
    "hfc": {
        "dmean": 1.88336026669,
        "dmean2": 2.44784832001,
        "dvar": 20.9882564545,
        "dvar2": 34.5545196533,
        "max": 124.364212036,
        "mean": 7.92588663101,
        "median": 1.92078471184,
        "min": 1.13928776907e-16,
        "var": 175.182571411
    },
    "melbands_crest": {
        "dmean": 2.96619915962,
        "dmean2": 4.61291122437,
        "dvar": 7.49387931824,
        "dvar2": 18.6940498352,
        "max": 33.6007461548,
        "mean": 18.1140079498,
        "median": 17.6292114258,
        "min": 2.08957982063,
        "var": 31.6789474487
    },
    "melbands_flatness_db": {
        "dmean": 0.0249875970185,
        "dmean2": 0.0358030609787,
        "dvar": 0.000691187917255,
        "dvar2": 0.00125152571127,
        "max": 0.532461047173,
        "mean": 0.307568848133,
        "median": 0.301655977964,
        "min": 0.00583424139768,
        "var": 0.00449419207871
    },
    "melbands_kurtosis": {
        "dmean": 11.8921785355,
        "dmean2": 18.5192279816,
        "dvar": 323.069915771,
        "dvar2": 750.042907715,
        "max": 331.190643311,
        "mean": 33.2113189697,
        "median": 21.8446674347,
        "min": -1.78813076019,
        "var": 1336.75109863
    },
    "melbands_skewness": {
        "dmean": 0.783445119858,
        "dmean2": 1.18459141254,
        "dvar": 0.814398527145,
        "dvar2": 1.83747386932,
        "max": 13.9740352631,
        "mean": 3.68723750114,
        "median": 3.29266619682,
        "min": -1.46938371658,
        "var": 5.18648576736
    },
    "melbands_spread": {
        "dmean": 3.29463815689,
        "dmean2": 4.81458711624,
        "dvar": 154.197738647,
        "dvar2": 273.618133545,
        "max": 252.160247803,
        "mean": 9.33850955963,
        "median": 5.80469942093,
        "min": 0.59032791853,
        "var": 399.183410645
    },
    "pitch_salience": {
        "dmean": 0.0656143575907,
        "dmean2": 0.103646330535,
        "dvar": 0.00378868635744,
        "dvar2": 0.00934270117432,
        "max": 0.905951917171,
        "mean": 0.524490833282,
        "median": 0.526878714561,
        "min": 0.150875598192,
        "var": 0.0136774536222
    },
    "silence_rate_20dB": {
        "dmean": 0,
        "dmean2": 0,
        "dvar": 0,
        "dvar2": 0,
        "max": 1,
        "mean": 1,
        "median": 1,
        "min": 1,
        "var": 0
    },
    "silence_rate_30dB": {
        "dmean": 0.000772797502577,
        "dmean2": 0.00154619244859,
        "dvar": 0.000772200291976,
        "dvar2": 0.00231689750217,
        "max": 1,
        "mean": 0.999613761902,
        "median": 1,
        "min": 0,
        "var": 0.000386102445191
    },
    "silence_rate_60dB": {
        "dmean": 0.0548686236143,
        "dmean2": 0.109779670835,
        "dvar": 0.0518590807915,
        "dvar2": 0.115511059761,
        "max": 1,
        "mean": 0.387794524431,
        "median": 0,
        "min": 0,
        "var": 0.237412333488
    },
    "spectral_centroid": {
        "dmean": 121.036659241,
        "dmean2": 166.811325073,
        "dvar": 125429.03125,
        "dvar2": 148945.25,
        "max": 11252.9384766,
        "mean": 598.917602539,
        "median": 470.90057373,
        "min": 150.984298706,
        "var": 344992.125
    },
    "spectral_complexity": {
        "dmean": 1.0726429224,
        "dmean2": 1.71008884907,
        "dvar": 1.48857295513,
        "dvar2": 2.98670268059,
        "max": 23,
        "mean": 6.25183486938,
        "median": 5,
        "min": 0,
        "var": 14.6794977188
    },
    "spectral_decrease": {
        "dmean": 8.19112444539e-10,
        "dmean2": 1.17971399316e-09,
        "dvar": 2.49560928475e-18,
        "dvar2": 5.02308652977e-18,
        "max": -3.68009973873e-29,
        "mean": -3.33990346491e-09,
        "median": -1.42766698463e-09,
        "min": -3.81429039464e-08,
        "var": 1.98356206898e-17
    },
    "spectral_energy": {
        "dmean": 0.00322059867904,
        "dmean2": 0.00462946668267,
        "dvar": 3.7824291212e-05,
        "dvar2": 7.52892810851e-05,
        "max": 0.148457586765,
        "mean": 0.0133244786412,
        "median": 0.00580609496683,
        "min": 1.08972935456e-20,
        "var": 0.000316667923471
    },
    "spectral_energyband_high": {
        "dmean": 8.43944289954e-05,
        "dmean2": 0.00010816208669,
        "dvar": 1.91002598626e-07,
        "dvar2": 3.12844093742e-07,
        "max": 0.0136099494994,
        "mean": 0.000172867716174,
        "median": 2.03819381568e-05,
        "min": 8.10448622842e-21,
        "var": 5.42182817753e-07
    },
    "spectral_energyband_low": {
        "dmean": 0.000795509200543,
        "dmean2": 0.00122751004528,
        "dvar": 1.29046175061e-05,
        "dvar2": 3.07296431856e-05,
        "max": 0.0911353155971,
        "mean": 0.00136702461168,
        "median": 0.000435116875451,
        "min": 5.16312996564e-23,
        "var": 1.88978156075e-05
    },
    "spectral_energyband_middle_high": {
        "dmean": 0.000628405017778,
        "dmean2": 0.000806299853139,
        "dvar": 3.07426785184e-06,
        "dvar2": 5.48984098714e-06,
        "max": 0.0594155341387,
        "mean": 0.0026725740172,
        "median": 0.000157519069035,
        "min": 1.40961582922e-21,
        "var": 4.54085493402e-05
    },
    "spectral_energyband_middle_low": {
        "dmean": 0.00247697345912,
        "dmean2": 0.00361304427497,
        "dvar": 1.99441274162e-05,
        "dvar2": 3.58554934792e-05,
        "max": 0.0824697241187,
        "mean": 0.00939914118499,
        "median": 0.0037883236073,
        "min": 2.43689963105e-22,
        "var": 0.000152493114001
    },
    "spectral_entropy": {
        "dmean": 0.223308891058,
        "dmean2": 0.325776129961,
        "dvar": 0.0598340556026,
        "dvar2": 0.109855897725,
        "max": 9.80633354187,
        "mean": 6.58953762054,
        "median": 6.54671764374,
        "min": 5.07281112671,
        "var": 0.29536870122
    },
    "spectral_flux": {
        "dmean": 0.0148187046871,
        "dmean2": 0.0229866914451,
        "dvar": 0.000343502179021,
        "dvar2": 0.000789756246377,
        "max": 0.277715176344,
        "mean": 0.0379936024547,
        "median": 0.0282144360244,
        "min": 1.05100185499e-10,
        "var": 0.00123745400924
    },
    "spectral_kurtosis": {
        "dmean": 3.29585719109,
        "dmean2": 5.29436254501,
        "dvar": 17.8885936737,
        "dvar2": 43.3762931824,
        "max": 79.9624176025,
        "mean": 9.33380794525,
        "median": 7.43231201172,
        "min": -1.16578757763,
        "var": 55.5668525696
    },
    "spectral_rms": {
        "dmean": 0.000409833533922,
        "dmean2": 0.000577461905777,
        "dvar": 2.89979453783e-07,
        "dvar2": 5.23832568433e-07,
        "max": 0.0120348110795,
        "mean": 0.00291643803939,
        "median": 0.002380017424,
        "min": 3.26059903903e-12,
        "var": 4.49388244306e-06
    },
    "spectral_rolloff": {
        "dmean": 225.332672119,
        "dmean2": 387.851196289,
        "dvar": 1225973.375,
        "dvar2": 2372948.75,
        "max": 18497.0214844,
        "mean": 741.954467773,
        "median": 366.064453125,
        "min": 129.19921875,
        "var": 2600543.25
    },
    "spectral_skewness": {
        "dmean": 0.345860302448,
        "dmean2": 0.528381645679,
        "dvar": 0.13520719111,
        "dvar2": 0.280308097601,
        "max": 7.27762985229,
        "mean": 2.35277605057,
        "median": 2.28125166893,
        "min": -0.485526293516,
        "var": 0.63173609972
    },
    "spectral_spread": {
        "dmean": 569120.8125,
        "dmean2": 801029.4375,
        "dvar": 1.31347709952e+12,
        "dvar2": 1.69290262118e+12,
        "max": 39697984,
        "mean": 4334333,
        "median": 3911282.25,
        "min": 987604.6875,
        "var": 4.94845086925e+12
    },
    "spectral_strongpeak": {
        "dmean": 0.259862244129,
        "dmean2": 0.405843526125,
        "dvar": 0.209422051907,
        "dvar2": 0.451461315155,
        "max": 7.3438167572,
        "mean": 0.86478549242,
        "median": 0.340046286583,
        "min": 0,
        "var": 1.21604657173
    },
    "zerocrossingrate": {
        "dmean": 0.00764307333156,
        "dmean2": 0.00882643368095,
        "dvar": 0.000433890440036,
        "dvar2": 0.000543360831216,
        "max": 0.4970703125,
        "mean": 0.0342400372028,
        "median": 0.02587890625,
        "min": 0.00439453125,
        "var": 0.00193954550195
    },
    "barkbands": {
        "dmean": [6.43643725198e-05, 0.00052781496197, 0.000228665594477, 0.000292196345981, 0.00126518507022, 0.000825735274702, 0.00042560705333, 0.000381186051527, 0.000220020810957, 0.000484680756927, 6.04189881415e-05, 9.75489747361e-05, 7.05502898199e-05, 6.56796255498e-05, 4.29077081208e-05, 1.85784811038e-05, 1.61301213666e-05, 3.38889985869e-05, 2.15597465285e-05, 2.05221185752e-05, 1.48123453982e-05, 1.18729731184e-05, 1.11855142677e-05, 2.00337053684e-05, 2.06575787161e-05, 9.91528031591e-06, 1.83305970403e-09],
        "dmean2": [0.000107599116745, 0.000843490008265, 0.000319639162626, 0.000453247164842, 0.00193109281827, 0.0011113206856, 0.000623518251814, 0.000563550915103, 0.000283581408439, 0.00065937981708, 8.45870454214e-05, 0.000128462386783, 0.00010158092482, 9.69399261521e-05, 5.90536401432e-05, 2.89857889584e-05, 2.3478307412e-05, 4.91604150739e-05, 3.17431149597e-05, 2.89876552415e-05, 2.13624498429e-05, 1.74746819539e-05, 1.59631563292e-05, 2.89412546408e-05, 2.79944088106e-05, 1.36138432936e-05, 3.11868308955e-09],
        "dvar": [6.97722981613e-08, 9.85056158243e-06, 2.73525500916e-07, 3.12706163186e-07, 5.84501958656e-06, 8.02955219115e-06, 2.43123349719e-06, 1.61407615451e-06, 2.08865731111e-06, 2.5049771466e-06, 1.71585952558e-07, 2.85891758267e-07, 5.82571360042e-08, 1.18616149791e-07, 3.09023526768e-08, 7.11502678996e-09, 1.82273496296e-09, 1.40868285925e-08, 1.5162244793e-08, 1.57828594638e-08, 8.12727751764e-09, 7.77349296044e-09, 4.75333106209e-09, 2.45254980769e-08, 1.31747404097e-08, 4.89625584521e-09, 4.70866177861e-17],
        "dvar2": [1.81007933975e-07, 2.35323950619e-05, 5.51698292384e-07, 8.15286682609e-07, 1.3126083104e-05, 1.39993471748e-05, 4.51686446468e-06, 3.39600137522e-06, 3.53273367182e-06, 4.92238496008e-06, 3.57643244797e-07, 4.63217730839e-07, 1.18008664174e-07, 2.61030663751e-07, 5.66393545398e-08, 1.6098761435e-08, 3.80670872602e-09, 2.71424376308e-08, 3.64855736734e-08, 2.67047592928e-08, 1.62258810832e-08, 1.84955482041e-08, 7.89817899971e-09, 5.48670939793e-08, 2.04192449615e-08, 1.02425312676e-08, 1.08784944342e-16],
        "max": [0.00526323728263, 0.0786345601082, 0.00986338220537, 0.00709435716271, 0.0540186315775, 0.073682025075, 0.037947524339, 0.0270891208202, 0.0465107709169, 0.0491867363453, 0.0134987225756, 0.0190473105758, 0.00711466558278, 0.0105188414454, 0.0046490826644, 0.00282040354796, 0.000872026081197, 0.00652378238738, 0.00468228477985, 0.00529407244176, 0.00408999342471, 0.00330097950064, 0.00218199356459, 0.00716462591663, 0.00441520474851, 0.00256369099952, 1.55824054104e-07],
        "mean": [6.88577492838e-05, 0.000662341306452, 0.000440040719695, 0.000545571558177, 0.00289194099605, 0.00200793263502, 0.00235118228011, 0.00104505743366, 0.000400115997763, 0.00182692112867, 9.12571194931e-05, 0.000266894698143, 0.000176434070454, 0.000102364254417, 7.51302432036e-05, 3.35095610353e-05, 3.6629360693e-05, 7.95400992502e-05, 3.91671492252e-05, 3.52077040588e-05, 2.44666443905e-05, 1.69937757164e-05, 1.99209225684e-05, 3.05782377836e-05, 3.92393121729e-05, 1.71784413396e-05, 2.13315098918e-09],
        "median": [9.20428647078e-06, 4.0378770791e-05, 0.000162833326613, 0.000297220423818, 0.00124259153381, 0.000289994379273, 5.61306223972e-05, 5.62393979635e-05, 1.05280378193e-05, 1.49460111061e-05, 6.69714245305e-06, 1.66406098288e-05, 1.22289839055e-05, 4.17972387368e-06, 5.28697819391e-06, 3.63432786799e-06, 4.32698834629e-06, 4.61217723569e-06, 3.45112175637e-06, 3.12205042974e-06, 4.19831849285e-06, 1.38992106713e-06, 1.51714073127e-06, 1.29705142626e-06, 1.90446610304e-06, 6.45294221613e-07, 2.74215622431e-10],
        "min": [2.05933811693e-23, 2.04710067548e-23, 5.26850655756e-24, 1.17310590137e-23, 3.87970470658e-23, 2.52689171561e-23, 2.940932777e-23, 6.37694203635e-23, 1.58269226523e-23, 7.02179354342e-23, 3.79354626514e-23, 6.47660041223e-23, 6.01083105915e-23, 1.82325293703e-22, 6.35709177162e-23, 6.15373857638e-23, 2.22376834712e-22, 1.47435099203e-22, 1.48409840982e-22, 3.65980165131e-22, 5.99813330158e-22, 5.14502806911e-22, 6.79541192064e-22, 8.50349848614e-22, 8.7016643845e-22, 1.81432777737e-21, 2.32417577483e-21],
        "var": [9.38676976148e-08, 1.26560053104e-05, 7.8455940411e-07, 5.6392281067e-07, 2.10366360989e-05, 3.55657866749e-05, 5.01854592585e-05, 8.44481019158e-06, 4.85743066747e-06, 2.86557351501e-05, 3.21550686522e-07, 1.34395804707e-06, 2.99206931231e-07, 2.61073466845e-07, 9.79604664053e-08, 2.36671926501e-08, 7.58228413389e-09, 1.03015722175e-07, 2.64774904224e-08, 3.63352867794e-08, 1.24196546381e-08, 1.22054428786e-08, 1.27547181705e-08, 4.38224105892e-08, 4.38712461914e-08, 9.36434307874e-09, 6.59576350395e-17]
    },
    "erbbands": {
        "dmean": [0.0186667162925, 0.113412104547, 0.222885489464, 0.57976692915, 2.00450611115, 3.76913690567, 8.88862705231, 6.86708116531, 7.12486028671, 6.33911418915, 7.90903234482, 4.52904891968, 9.91266441345, 15.9398784637, 3.60100412369, 2.8639895916, 2.94374418259, 3.08782482147, 2.41237878799, 1.69041192532, 0.93430429697, 0.914678990841, 1.15173447132, 1.86271333694, 0.794819831848, 0.800920963287, 0.904398024082, 0.36549398303, 0.465983092785, 0.326995909214, 0.337415546179, 0.282477408648, 0.386437892914, 0.263767451048, 0.149176329374, 0.0546494573355, 0.0158657468855, 0.00205947179347, 3.71985188394e-05, 4.85052350996e-06],
        "dmean2": [0.0316950753331, 0.168942511082, 0.29741448164, 0.908634245396, 3.22098255157, 5.75911951065, 13.1887264252, 8.68641757965, 10.5064907074, 8.60928916931, 11.2157945633, 5.83369541168, 12.4430446625, 19.6801834106, 4.83266735077, 3.66451406479, 4.09257364273, 4.40204572678, 3.3586807251, 2.2236468792, 1.42364227772, 1.29961943626, 1.70318818092, 2.61256027222, 1.14827859402, 1.08110451698, 1.27315020561, 0.520741641521, 0.691273331642, 0.463504612446, 0.489166259766, 0.405954897404, 0.554344832897, 0.336447358131, 0.220264643431, 0.077787719667, 0.0218488425016, 0.00307271070778, 5.44332506252e-05, 6.82684276399e-06],
        "dvar": [0.0130702303723, 0.414008408785, 0.285742968321, 1.57765328884, 15.0658311844, 62.3591766357, 499.169158936, 805.34753418, 790.691711426, 344.513519287, 708.078918457, 659.536682129, 1864.17614746, 3714.53857422, 367.643157959, 264.018981934, 105.029655457, 329.141876221, 79.6873931885, 68.5403213501, 14.9826879501, 6.17538261414, 11.6556301117, 40.7851219177, 59.3106765747, 33.4231414795, 25.8180599213, 4.51540374756, 17.73645401, 4.14198684692, 4.66206502914, 3.34334278107, 10.4256448746, 2.53341817856, 0.731751322746, 0.186226606369, 0.0109768686816, 0.00011029712914, 3.60123024734e-08, 1.37544059475e-10],
        "dvar2": [0.0360004454851, 0.901902675629, 0.479772508144, 4.3019361496, 38.2901573181, 135.555374146, 1102.21350098, 1182.43664551, 1441.45324707, 677.620483398, 1393.40625, 1187.0234375, 2753.12182617, 5512.81396484, 762.760070801, 394.015899658, 220.218734741, 692.786376953, 146.243362427, 123.297569275, 32.5214195251, 12.3221120834, 24.3514785767, 74.021484375, 143.117614746, 54.9684410095, 46.8641242981, 8.4564743042, 43.1966362, 7.95134830475, 8.82490158081, 6.56659555435, 23.2333087921, 2.98226380348, 1.37405824661, 0.418327778578, 0.0209388341755, 0.000221978887566, 7.04693192688e-08, 2.62809912721e-10],
        "max": [2.73179340363, 15.6695051193, 10.7077827454, 21.7616271973, 47.056224823, 208.706298828, 477.24230957, 954.441162109, 681.639587402, 396.791503906, 676.487854004, 748.226867676, 1545.76196289, 1954.85705566, 685.819396973, 667.306884766, 251.744674683, 635.348937988, 304.909790039, 239.97416687, 181.225997925, 52.4959526062, 147.936401367, 253.760772705, 360.063995361, 251.176452637, 239.226119995, 72.2711181641, 179.512878418, 57.345741272, 67.8181610107, 61.7438659668, 157.875732422, 78.6064376831, 26.2267665863, 16.3101940155, 2.81402659416, 0.281925886869, 0.00534145627171, 0.000310184404952],
        "mean": [0.0208581238985, 0.147343248129, 0.447936713696, 1.20215141773, 3.36895537376, 8.75850009918, 20.9872093201, 17.1784915924, 39.8131904602, 18.6391525269, 20.2324638367, 9.12381458282, 26.722120285, 51.9183082581, 10.4097356796, 7.5995759964, 7.86391782761, 5.30824041367, 4.79951095581, 2.81037902832, 2.04980969429, 2.15242671967, 2.82537317276, 4.18792247772, 1.50669956207, 1.50678157806, 1.70331776142, 0.617240488529, 0.64310413599, 0.528165102005, 0.578314304352, 0.5152952075, 0.576504468918, 0.472465574741, 0.270402938128, 0.0893748924136, 0.0283371917903, 0.00361568201333, 7.32619810151e-05, 1.83742286026e-05],
        "median": [0.000623322848696, 0.0145381977782, 0.15530192852, 0.714959084988, 1.67383658886, 3.46837186813, 3.08967804909, 3.02474284172, 1.23107397556, 1.74364233017, 1.57631194592, 0.483148306608, 0.422419756651, 0.549856424332, 0.588052749634, 0.719976246357, 0.505682468414, 0.291525572538, 0.35224789381, 0.197735875845, 0.288865357637, 0.234673440456, 0.231955051422, 0.319981217384, 0.143703252077, 0.142478197813, 0.195010632277, 0.122645162046, 0.0645190626383, 0.0322455205023, 0.0426355041564, 0.0293195750564, 0.0218163989484, 0.0206977725029, 0.0110627757385, 0.00311554083601, 0.000990018364973, 0.000144209509017, 7.78669982537e-06, 7.20456228009e-06],
        "min": [9.22856288467e-22, 3.76992208984e-21, 8.94883649324e-21, 3.96993896638e-20, 4.15418116936e-20, 1.44906068394e-19, 2.06766447386e-19, 1.10902857685e-19, 2.501622681e-19, 9.69995413262e-19, 1.51540573894e-18, 3.72362306228e-19, 6.98713776557e-19, 3.46266262336e-18, 1.93169978845e-18, 2.74700001945e-18, 2.75814090153e-18, 9.05148920013e-18, 4.04949577598e-18, 3.25881636911e-18, 5.35365478592e-18, 1.26391228908e-17, 8.52500611103e-18, 9.07045231567e-18, 7.95645261598e-18, 1.81272627687e-17, 2.12000418753e-17, 2.58699131846e-17, 1.87780256089e-17, 1.72126458567e-17, 1.85874316153e-17, 1.45974233602e-17, 1.39982600466e-17, 7.58662678155e-18, 7.5228180691e-18, 5.36106756498e-18, 3.70260848712e-18, 1.31245108199e-18, 3.45965344369e-19, 2.98561794813e-20],
        "var": [0.014738866128, 0.549900233746, 0.948081433773, 2.45091867447, 23.6231937408, 200.257400513, 1828.08532715, 3527.56347656, 14022.7148438, 1641.21826172, 3461.74658203, 1692.51916504, 8259.03222656, 28639.9257812, 1394.2277832, 1034.52294922, 549.796142578, 642.891174316, 354.560882568, 153.803283691, 77.932258606, 26.9925804138, 65.556427002, 227.381011963, 76.9590606689, 78.314491272, 51.4649429321, 7.9911775589, 23.0237789154, 9.61107444763, 10.9079303741, 7.62811994553, 19.2257575989, 8.66181373596, 1.93745136261, 0.327791839838, 0.0219839382917, 0.000235359795624, 8.12666272054e-08, 7.24418802722e-10]
    },
    "gfcc": {
        "mean": [-140.807846069, 118.309036255, -89.9734573364, 18.5123806, -64.1245880127, -5.8066534996, -46.861366272, -3.77283287048, -37.453754425, -2.65181779861, -15.5279083252, -2.34615540504, -11.9619760513],
        "cov": [[13262.9101562, -2019.80895996, -1289.4831543, -1354.68457031, -1363.85754395, -157.723876953, -578.419433594, 730.430908203, -453.169525146, 120.786140442, -25.8579959869, -32.4194221497, 149.566925049], [-2019.80895996, 1773.41210938, -143.189819336, 112.42326355, 591.348449707, -68.9876174927, 434.731689453, -234.686248779, 238.718841553, -29.1603775024, 131.863967896, -113.586128235, -13.6943378448], [-1289.4831543, -143.189819336, 924.583190918, 301.557342529, 107.943283081, 148.235366821, -131.152618408, 96.3665924072, 91.5047073364, 41.8171844482, -84.6349258423, 37.4766082764, 57.4584922791], [-1354.68457031, 112.42326355, 301.557342529, 680.99407959, 236.975219727, 20.3204975128, 8.3917798996, -120.626220703, 107.4246521, -59.5208969116, -51.8718605042, 48.8255577087, 11.7018089294], [-1363.85754395, 591.348449707, 107.943283081, 236.975219727, 471.013000488, -48.0441856384, 83.2038040161, -51.2620391846, 119.50592041, -38.8775138855, -4.992852211, -10.9695949554, 31.1320362091], [-157.723876953, -68.9876174927, 148.235366821, 20.3204975128, -48.0441856384, 290.162719727, 74.8288650513, -1.07684195042, 23.5124282837, 74.3652191162, 2.92560124397, -25.7660255432, -26.779088974], [-578.419433594, 434.731689453, -131.152618408, 8.3917798996, 83.2038040161, 74.8288650513, 369.393463135, -80.1173782349, 59.7590065002, 27.8948478699, 92.8515167236, -18.0077228546, -77.134437561], [730.430908203, -234.686248779, 96.3665924072, -120.626220703, -51.2620391846, -1.07684195042, -80.1173782349, 288.129943848, 22.0127639771, 40.0215187073, -31.6168460846, -7.90760993958, 88.9238815308], [-453.169525146, 238.718841553, 91.5047073364, 107.4246521, 119.50592041, 23.5124282837, 59.7590065002, 22.0127639771, 162, 21.7838859558, -8.69214630127, -16.2328033447, 21.6151657104], [120.786140442, -29.1603775024, 41.8171844482, -59.5208969116, -38.8775138855, 74.3652191162, 27.8948478699, 40.0215187073, 21.7838859558, 106.523422241, 12.5152263641, -25.2289943695, 7.54092264175], [-25.8579959869, 131.863967896, -84.6349258423, -51.8718605042, -4.992852211, 2.92560124397, 92.8515167236, -31.6168460846, -8.69214630127, 12.5152263641, 124.524490356, 24.8465747833, -25.1051597595], [-32.4194221497, -113.586128235, 37.4766082764, 48.8255577087, -10.9695949554, -25.7660255432, -18.0077228546, -7.90760993958, -16.2328033447, -25.2289943695, 24.8465747833, 117.546318054, -2.11218905449], [149.566925049, -13.6943378448, 57.4584922791, 11.7018089294, 31.1320362091, -26.779088974, -77.134437561, 88.9238815308, 21.6151657104, 7.54092264175, -25.1051597595, -2.11218905449, 138.415496826]],
        "icov": [[0.000168067170307, -2.60961678578e-05, 0.000265055161435, 1.7591386495e-05, 0.00033349354635, -4.67551399197e-05, 0.00021543361072, -0.000402256759116, 9.04543412616e-05, -7.63186908443e-05, 2.47680691245e-05, -5.31205223524e-05, -7.56460894991e-06], [-2.60961678578e-05, 0.00248675211333, -0.000268199510174, 0.000961824785918, -0.00228882953525, 0.000753049738705, -0.00178161053918, 0.00199669809081, -0.00208332133479, 0.000918894715142, -0.00161711242981, 0.00212266901508, -0.00129649741575], [0.000265055161435, -0.000268199510174, 0.0022573156748, -0.000755366170779, 0.000344234518707, -0.00114843144547, 0.00132323836442, -0.00148352526594, -9.51218135015e-06, -0.000877824379131, 0.000596703845076, -0.00101830426138, 0.000346731423633], [1.7591386495e-05, 0.000961824785918, -0.000755366170779, 0.00307599361986, -0.00147761660628, 2.85902060568e-05, -0.000771678227466, 0.00209269137122, -0.0019653683994, 0.00148589396849, 0.000359347643098, -0.000258423300693, -0.00101972697303], [0.00033349354635, -0.00228882953525, 0.000344234518707, -0.00147761660628, 0.0061310371384, 0.000111748820927, 0.0011080239201, -0.0020152523648, 0.00033317762427, 0.000157406466315, 0.0012792495545, -0.00117364921607, 0.000103513149952], [-4.67551399197e-05, 0.000753049738705, -0.00114843144547, 2.85902060568e-05, 0.000111748820927, 0.00553198577836, -0.001907808939, 0.00101199920755, -0.000464918877697, -0.00253462838009, -6.31135626463e-05, 0.00147577596363, 0.000152926484589], [0.00021543361072, -0.00178161053918, 0.00132323836442, -0.000771678227466, 0.0011080239201, -0.001907808939, 0.0065317125991, -0.00172006036155, -0.000157896211022, -0.00122800830286, -0.00178525969386, -0.00104774604551, 0.0029852874577], [-0.000402256759116, 0.00199669809081, -0.00148352526594, 0.00209269137122, -0.0020152523648, 0.00101199920755, -0.00172006036155, 0.00813231337816, -0.00309685454704, -1.76887351699e-05, -0.000380643905373, 0.0013161865063, -0.00402726931497], [9.04543412616e-05, -0.00208332133479, -9.51218135015e-06, -0.0019653683994, 0.00033317762427, -0.000464918877697, -0.000157896211022, -0.00309685454704, 0.0114750545472, -0.00296413875185, 0.00211569294333, -0.000964726204984, 0.000341457314789], [-7.63186908443e-05, 0.000918894715142, -0.000877824379131, 0.00148589396849, 0.000157406466315, -0.00253462838009, -0.00122800830286, -1.76887351699e-05, -0.00296413875185, 0.0148124080151, -0.00261667673476, 0.00309430412017, -0.00155806390103], [2.47680691245e-05, -0.00161711242981, 0.000596703845076, 0.000359347643098, 0.0012792495545, -6.31135626463e-05, -0.00178525969386, -0.000380643905373, 0.00211569294333, -0.00261667673476, 0.0131457783282, -0.00512618524954, 0.000603166350629], [-5.31205223524e-05, 0.00212266901508, -0.00101830426138, -0.000258423300693, -0.00117364921607, 0.00147577596363, -0.00104774604551, 0.0013161865063, -0.000964726204984, 0.00309430412017, -0.00512618524954, 0.0127156861126, -0.000921636470594], [-7.56460894991e-06, -0.00129649741575, 0.000346731423633, -0.00101972697303, 0.000103513149952, 0.000152926484589, 0.0029852874577, -0.00402726931497, 0.000341457314789, -0.00155806390103, 0.000603166350629, -0.000921636470594, 0.0114308930933]]
    },
    "melbands": {
        "dmean": [0.000156771988259, 0.000123738820548, 0.00013835603022, 0.000184201722732, 0.000295390811516, 0.000154251785716, 0.000103515463707, 7.94156221673e-05, 5.82766551815e-05, 2.92868990073e-05, 5.65700938751e-05, 6.99751471984e-05, 1.05268272819e-05, 1.29215432025e-05, 5.71490454604e-06, 6.17133991909e-06, 6.39601375951e-06, 4.64440017822e-06, 3.10390350933e-06, 1.5388779957e-06, 1.03997695078e-06, 1.0020520449e-06, 9.172952673e-07, 1.60707622854e-06, 1.64572543326e-06, 7.08376092007e-07, 4.72214992442e-07, 6.53769518522e-07, 7.9189896951e-07, 2.58561470901e-07, 2.08097404197e-07, 2.9280158742e-07, 2.12774736497e-07, 1.74691251686e-07, 2.06256387969e-07, 2.08539745472e-07, 1.60518666803e-07, 2.45955760647e-07, 3.09882153715e-07, 2.16163215327e-07],
        "dmean2": [0.000257722567767, 0.000170258674189, 0.00021555199055, 0.000284403155092, 0.000439189403551, 0.000194534004549, 0.000152336026076, 0.000109598426207, 8.16176543594e-05, 3.76923926524e-05, 7.05311103957e-05, 8.92983080121e-05, 1.38389395943e-05, 1.58167040354e-05, 8.09319044492e-06, 8.70385429153e-06, 9.22425988392e-06, 6.46092348688e-06, 4.17912133344e-06, 2.32731326832e-06, 1.60809963745e-06, 1.46144532209e-06, 1.37926485877e-06, 2.3878058073e-06, 2.30865384765e-06, 1.04874629869e-06, 6.85938346123e-07, 9.44798955516e-07, 1.14479712465e-06, 3.59551592055e-07, 3.26727871425e-07, 4.47291370165e-07, 3.16754807272e-07, 2.55207311284e-07, 3.07335625394e-07, 3.00059781466e-07, 2.36109286789e-07, 3.48614577206e-07, 4.34304467944e-07, 3.00131404174e-07],
        "dvar": [8.96321978416e-07, 1.88959475622e-07, 6.61549037773e-08, 1.06049981241e-07, 5.02978025452e-07, 3.6265399217e-07, 1.58085924795e-07, 5.00636438971e-08, 3.89285865765e-08, 2.99539735238e-08, 5.05820345609e-08, 6.94724917594e-08, 3.02963765186e-09, 4.94428364917e-09, 6.01826255497e-10, 5.25645804661e-10, 1.55376589372e-09, 3.44625383786e-10, 2.13529555149e-10, 5.62004158489e-11, 1.78147566143e-11, 7.47200998991e-12, 6.74834450473e-12, 3.90556129104e-11, 3.28395019511e-11, 2.20303445625e-11, 2.44907739921e-11, 2.69128955233e-11, 2.21637656145e-11, 1.76931917468e-12, 1.85166899175e-12, 6.74356404051e-12, 2.2269464918e-12, 1.15276733471e-12, 1.76227164372e-12, 1.71716287023e-12, 1.0780506262e-12, 3.51739015518e-12, 7.22750852222e-12, 1.71621278387e-12],
        "dvar2": [2.24881432587e-06, 3.62749233318e-07, 1.71094129087e-07, 2.48543756243e-07, 1.10079758997e-06, 5.5014749023e-07, 2.93775741511e-07, 9.8141455851e-08, 7.09535967758e-08, 5.03304171673e-08, 7.78060780249e-08, 1.08978611024e-07, 5.33515809309e-09, 6.8846124357e-09, 1.17761400631e-09, 8.86977602477e-10, 3.44118089579e-09, 6.34203078942e-10, 3.62613605809e-10, 1.13958530112e-10, 3.89061248496e-11, 1.50010750349e-11, 1.54565891336e-11, 7.72302916063e-11, 5.93284588124e-11, 5.29699201168e-11, 5.15114409461e-11, 5.57510496102e-11, 4.39272333785e-11, 2.78109154629e-12, 4.21244896603e-12, 1.62875893328e-11, 4.84301097489e-12, 2.02045867016e-12, 3.61047715162e-12, 3.38711242213e-12, 2.04197357807e-12, 7.50231387431e-12, 1.50329974163e-11, 2.515924101e-12],
        "max": [0.0237811747938, 0.0100261354819, 0.00337542570196, 0.00637899851426, 0.0161486845464, 0.0183153562248, 0.00899922288954, 0.00549038965255, 0.00517233787104, 0.00470397993922, 0.00753969559446, 0.00825569964945, 0.00195441883989, 0.00257414346561, 0.000776661210693, 0.000765912118368, 0.00135145441163, 0.00058866746258, 0.000368948094547, 0.00020492420299, 0.0001896617905, 5.6214936194e-05, 4.37481830886e-05, 0.000350185408024, 0.000199327987502, 0.00019585818518, 0.000253315200098, 0.000229363606195, 0.000211987498915, 5.94472658122e-05, 3.11785588565e-05, 0.000111512650619, 4.28634484706e-05, 3.07272712234e-05, 4.2990410293e-05, 4.57212263427e-05, 3.25132641592e-05, 9.04644475668e-05, 0.000134125977638, 5.73189427087e-05],
        "mean": [0.000192366787815, 0.000220122732571, 0.000271179509582, 0.000376551412046, 0.000719091622159, 0.000376153824618, 0.000580165477004, 0.000210789832636, 0.000143614335684, 5.35626531928e-05, 0.000149711529957, 0.000238460736, 2.34967646975e-05, 3.46738634107e-05, 1.43191737152e-05, 1.47156806634e-05, 9.68648964772e-06, 8.48701347422e-06, 5.0590315368e-06, 2.57160991168e-06, 2.12544227907e-06, 2.16660168917e-06, 2.00721751753e-06, 3.8549896999e-06, 3.45302964888e-06, 1.31930426051e-06, 7.53277049625e-07, 1.06433390101e-06, 1.42811620663e-06, 4.38163425542e-07, 3.14157318826e-07, 3.75925992557e-07, 3.05978602455e-07, 2.9119513556e-07, 3.20582699942e-07, 3.63490443078e-07, 2.8659377449e-07, 3.58775849918e-07, 4.60282137738e-07, 3.88368988524e-07],
        "median": [8.78878563526e-06, 6.30743961665e-05, 0.00015645280655, 0.000206421071198, 0.000123205856653, 6.29006826784e-05, 1.59262162924e-05, 1.76963621925e-05, 9.36458854994e-06, 1.56082705871e-06, 2.0051163574e-06, 2.30335376727e-06, 1.46966635839e-06, 2.23264873966e-06, 1.07302525976e-06, 9.02902343114e-07, 4.42543296231e-07, 5.70490215068e-07, 2.8280177844e-07, 2.27709449518e-07, 3.12396906565e-07, 2.55219617884e-07, 1.62152375083e-07, 2.38800339503e-07, 2.24049443887e-07, 1.11329391927e-07, 8.25207919775e-08, 7.83175551078e-08, 1.23864083434e-07, 8.53977581983e-08, 5.35304955918e-08, 3.39720678255e-08, 1.77487695652e-08, 1.52635131201e-08, 2.17368540945e-08, 1.95743545817e-08, 1.42705385286e-08, 1.08403419574e-08, 1.17157430424e-08, 1.71368945701e-08],
        "min": [8.1790778927e-24, 5.21585364201e-24, 6.55493201242e-24, 7.02706723635e-24, 8.87954614463e-24, 3.05581048855e-24, 4.06938986111e-24, 1.12670873168e-23, 1.08927964831e-23, 1.8654365403e-24, 3.14595618799e-24, 1.39762439246e-23, 6.22819450295e-24, 5.83272630382e-24, 8.7310699005e-24, 3.75693546719e-24, 1.80755706627e-23, 6.36682970729e-24, 4.50105928161e-24, 4.72242627339e-24, 6.19639433657e-24, 1.36969887419e-23, 6.63573464051e-24, 8.28978189898e-24, 6.63848460963e-24, 4.32342792171e-24, 7.24116093058e-24, 1.26327396501e-23, 1.15304153979e-23, 1.29952117697e-23, 1.5546695593e-23, 1.06973088622e-23, 9.47068931915e-24, 9.20823214054e-24, 1.05379250383e-23, 1.08541186329e-23, 7.55202813636e-24, 8.93952008381e-24, 7.5664224813e-24, 6.52428871056e-24],
        "var": [1.14301701615e-06, 3.62102440477e-07, 1.2028201013e-07, 2.46840016871e-07, 1.9519268335e-06, 1.63666163644e-06, 2.9682200875e-06, 2.19777149368e-07, 1.80078572498e-07, 7.6304282004e-08, 2.35516182556e-07, 5.92800063259e-07, 9.58300194753e-09, 2.41036595128e-08, 2.60677435193e-09, 2.29881336189e-09, 2.69701949662e-09, 1.3650143238e-09, 5.30337107563e-10, 1.28911367692e-10, 8.12438935571e-11, 2.90244599188e-11, 2.32628586533e-11, 2.67844857404e-10, 1.60081753409e-10, 3.56760454512e-11, 4.2527734806e-11, 4.51487632003e-11, 4.08323756751e-11, 3.4060417247e-12, 2.58252013524e-12, 8.74236447124e-12, 4.01404473896e-12, 2.87950674589e-12, 3.5713578362e-12, 3.85934773722e-12, 2.5353989741e-12, 7.02094719168e-12, 1.36882657986e-11, 5.35382198644e-12]
    },
    "mfcc": {
        "mean": [-792.344726562, 150.829208374, 23.9383563995, 22.7115192413, 2.61292743683, -5.81231880188, -1.01683402061, -10.1821660995, -12.8454837799, -12.5126409531, -7.80669546127, -2.28034615517, -6.8379149437],
        "cov": [[10007.8515625, -678.344299316, -1131.2487793, -973.717834473, -790.007629395, -1050.89282227, -119.993431091, -270.171936035, -175.528305054, 165.492233276, -329.195831299, 64.3171081543, -406.18359375], [-678.344299316, 1385.18005371, -274.862060547, 34.8270301819, 45.3473815918, 111.062561035, 122.796211243, 30.1569232941, 30.615152359, 109.332763672, 119.119117737, 15.7908754349, 18.6431236267], [-1131.2487793, -274.862060547, 821.636413574, 103.677490234, 201.376220703, 133.636642456, -38.1086425781, 38.8286437988, 128.60383606, 3.81760430336, 84.5908660889, -2.64416718483, 10.7444353104], [-973.717834473, 34.8270301819, 103.677490234, 491.080657959, 228.642456055, 102.823135376, -49.9732322693, 65.2677078247, 89.1354675293, -104.742080688, 17.2149925232, 12.5914335251, 33.5563583374], [-790.007629395, 45.3473815918, 201.376220703, 228.642456055, 441.493286133, -4.68589401245, -75.3758544922, 7.21387147903, 166.164413452, -40.4134140015, -3.75519299507, 4.019926548, -44.8049430847], [-1050.89282227, 111.062561035, 133.636642456, 102.823135376, -4.68589401245, 412.339538574, 62.9345550537, 46.4777145386, -23.2095565796, 1.4740653038, 114.678031921, -37.9586410522, 113.227790833], [-119.993431091, 122.796211243, -38.1086425781, -49.9732322693, -75.3758544922, 62.9345550537, 176.800262451, 26.8608970642, -44.4494934082, 65.9188079834, 15.0682945251, -0.149299964309, 45.9304618835], [-270.171936035, 30.1569232941, 38.8286437988, 65.2677078247, 7.21387147903, 46.4777145386, 26.8608970642, 146.251144409, 8.19902324677, 3.73794007301, 28.3479709625, 21.8219814301, 46.4486427307], [-175.528305054, 30.615152359, 128.60383606, 89.1354675293, 166.164413452, -23.2095565796, -44.4494934082, 8.19902324677, 242.988815308, 51.050075531, 24.7963619232, 1.50262308121, -55.7382507324], [165.492233276, 109.332763672, 3.81760430336, -104.742080688, -40.4134140015, 1.4740653038, 65.9188079834, 3.73794007301, 51.050075531, 249.635360718, 50.036075592, -56.1969299316, -4.10892820358], [-329.195831299, 119.119117737, 84.5908660889, 17.2149925232, -3.75519299507, 114.678031921, 15.0682945251, 28.3479709625, 24.7963619232, 50.036075592, 132.53527832, -6.93644714355, 24.1930065155], [64.3171081543, 15.7908754349, -2.64416718483, 12.5914335251, 4.019926548, -37.9586410522, -0.149299964309, 21.8219814301, 1.50262308121, -56.1969299316, -6.93644714355, 137.760620117, -5.18645858765], [-406.18359375, 18.6431236267, 10.7444353104, 33.5563583374, -44.8049430847, 113.227790833, 45.9304618835, 46.4486427307, -55.7382507324, -4.10892820358, 24.1930065155, -5.18645858765, 169.074157715]],
