{
"lowlevel": {
    "average_loudness": 0.969108402729,
    "barkbands_crest": {
        "dmean": 1.55889689922,
        "dmean2": 2.49084377289,
        "dvar": 2.45683312416,
        "dvar2": 6.15632247925,
        "max": 20.2644290924,
        "mean": 9.96261024475,
        "median": 9.46976470947,
        "min": 3.30045008659,
        "var": 11.0864925385
    },
    "barkbands_flatness_db": {
        "dmean": 0.0165787059814,
        "dmean2": 0.0260440614074,
        "dvar": 0.000236704581766,
        "dvar2": 0.000536573003046,
        "max": 0.323137134314,
        "mean": 0.215321645141,
        "median": 0.21672514081,
        "min": 0.100545719266,
        "var": 0.00140078261029
    },
    "barkbands_kurtosis": {
        "dmean": 1.35599720478,
        "dmean2": 2.16601324081,
        "dvar": 3.69154715538,
        "dvar2": 9.58659934998,
        "max": 27.6595535278,
        "mean": 2.83575534821,
        "median": 2.124168396,
        "min": -1.75084173679,
        "var": 9.37460231781
    },
    "barkbands_skewness": {
        "dmean": 0.294918984175,
        "dmean2": 0.457809656858,
        "dvar": 0.121833577752,
        "dvar2": 0.308717727661,
        "max": 4.46385145187,
        "mean": 1.45034015179,
        "median": 1.40868186951,
        "min": -0.697645008564,
        "var": 0.458878368139
    },
    "barkbands_spread": {
        "dmean": 2.60797119141,
        "dmean2": 3.93618083,
        "dvar": 14.4961194992,
        "dvar2": 27.736831665,
        "max": 85.7152328491,
        "mean": 14.0922899246,
        "median": 12.0218372345,
        "min": 3.8443171978,
        "var": 62.288394928
    },
    "dissonance": {
        "dmean": 0.0207987334579,
        "dmean2": 0.0347664728761,
        "dvar": 0.0003636716865,
        "dvar2": 0.000935765216127,
        "max": 0.499551087618,
        "mean": 0.442869573832,
        "median": 0.447783052921,
        "min": 0.292283773422,
        "var": 0.000936222146265
    },
    "dynamic_complexity": 1.78319561481,
    "erbbands_crest": {
        "dmean": 1.99246430397,
        "dmean2": 3.06642246246,
        "dvar": 3.61990261078,
        "dvar2": 8.58338069916,
        "max": 27.7357997894,
        "mean": 10.0465641022,
        "median": 9.2079744339,
        "min": 3.27634000778,
        "var": 16.3596897125
    },
    "erbbands_flatness_db": {
        "dmean": 0.0121855987236,
        "dmean2": 0.0173674710095,
        "dvar": 0.000173403313966,
        "dvar2": 0.000308125774609,
        "max": 0.326847583055,
        "mean": 0.224401548505,
        "median": 0.225557342172,
        "min": 0.118913307786,
        "var": 0.000975164817646
    },
    "erbbands_kurtosis": {
        "dmean": 0.527379870415,
        "dmean2": 0.815064370632,
        "dvar": 0.435366094112,
        "dvar2": 1.0977139473,
        "max": 7.39062690735,
        "mean": 0.173990860581,
        "median": -0.117498397827,
        "min": -1.6719943285,
        "var": 1.57153975964
    },
    "erbbands_skewness": {
        "dmean": 0.252919763327,
        "dmean2": 0.383259952068,
        "dvar": 0.0538201630116,
        "dvar2": 0.12348908931,
        "max": 2.35057020187,
        "mean": 0.342527598143,
        "median": 0.354663997889,
        "min": -2.60030841827,
        "var": 0.385760486126
    },
    "erbbands_spread": {
        "dmean": 4.05472946167,
        "dmean2": 5.89980363846,
        "dvar": 32.9633178711,
        "dvar2": 61.7582817078,
        "max": 95.2375259399,
        "mean": 28.0053672791,
        "median": 25.2196960449,
        "min": 5.73890447617,
        "var": 144.456344604
    },
    "hfc": {
        "dmean": 3.55755519867,
        "dmean2": 5.25903701782,
        "dvar": 29.6501274109,
        "dvar2": 54.9695854187,
        "max": 110.898071289,
        "mean": 18.7196502686,
        "median": 16.3044128418,
        "min": 8.69968935149e-05,
        "var": 144.797576904
    },
    "melbands_crest": {
        "dmean": 2.05732321739,
        "dmean2": 3.36764621735,
        "dvar": 4.88426017761,
        "dvar2": 12.7334403992,
        "max": 26.4810009003,
        "mean": 14.0916566849,
        "median": 13.3039445877,
        "min": 4.99689435959,
        "var": 20.4803466797
    },
    "melbands_flatness_db": {
        "dmean": 0.0175543297082,
        "dmean2": 0.0252311937511,
        "dvar": 0.000384734739782,
        "dvar2": 0.000771883002017,
        "max": 0.413011163473,
        "mean": 0.263902157545,
        "median": 0.264580190182,
        "min": 0.060293700546,
        "var": 0.00279988581315
    },
    "melbands_kurtosis": {
        "dmean": 2.80680060387,
        "dmean2": 4.43292284012,
        "dvar": 23.16381073,
        "dvar2": 61.2087097168,
        "max": 68.8610305786,
        "mean": 7.69167661667,
        "median": 5.87030220032,
        "min": -1.34391963482,
        "var": 49.9378814697
    },
    "melbands_skewness": {
        "dmean": 0.383960694075,
        "dmean2": 0.590092241764,
        "dvar": 0.239080801606,
        "dvar2": 0.605208754539,
        "max": 7.20960140228,
        "mean": 2.17479991913,
        "median": 2.06397771835,
        "min": -0.379367083311,
        "var": 0.912380933762
    },
    "melbands_spread": {
        "dmean": 2.97923994064,
        "dmean2": 4.56540441513,
        "dvar": 17.7872085571,
        "dvar2": 35.1974945068,
        "max": 113.213768005,
        "mean": 14.9466381073,
        "median": 13.1716117859,
        "min": 2.92528057098,
        "var": 71.2374038696
    },
    "pitch_salience": {
        "dmean": 0.0461311489344,
        "dmean2": 0.0749121382833,
        "dvar": 0.00203395704739,
        "dvar2": 0.00540156662464,
        "max": 0.815020263195,
        "mean": 0.510007739067,
        "median": 0.512409806252,
        "min": 0.240134507418,
        "var": 0.00923884753138
    },
    "silence_rate_20dB": {
        "dmean": 0,
        "dmean2": 0,
        "dvar": 0,
        "dvar2": 0,
        "max": 1,
        "mean": 1,
        "median": 1,
        "min": 1,
        "var": 0
    },
    "silence_rate_30dB": {
        "dmean": 0.000773993786424,
        "dmean2": 0.00154858687893,
        "dvar": 0.000773394538555,
        "dvar2": 0.00232048123144,
        "max": 1,
        "mean": 0.999613165855,
        "median": 1,
        "min": 0,
        "var": 0.00038669994683
    },
    "silence_rate_60dB": {
        "dmean": 0.000773993786424,
        "dmean2": 0.00154858687893,
        "dvar": 0.000773391802795,
        "dvar2": 0.00154617498629,
        "max": 1,
        "mean": 0.0119922626764,
        "median": 0,
        "min": 0,
        "var": 0.0118476981297
    },
    "spectral_centroid": {
        "dmean": 122.115989685,
        "dmean2": 183.424850464,
        "dvar": 28579.0585938,
        "dvar2": 58046.1523438,
        "max": 3255.6550293,
        "mean": 836.955322266,
        "median": 760.47265625,
        "min": 330.202178955,
        "var": 129665.421875
    },
    "spectral_complexity": {
        "dmean": 2.24380803108,
        "dmean2": 3.48974061012,
        "dvar": 7.08453845978,
        "dvar2": 13.3300895691,
        "max": 53,
        "mean": 18.1160545349,
        "median": 18,
        "min": 0,
        "var": 31.5571479797
    },
    "spectral_decrease": {
        "dmean": 2.03595584836e-09,
        "dmean2": 3.36269390111e-09,
        "dvar": 1.18756906065e-17,
        "dvar2": 3.26761984557e-17,
        "max": -4.9531132505e-14,
        "mean": -9.97152316273e-09,
        "median": -9.55929824187e-09,
        "min": -3.80966369562e-08,
        "var": 2.07918348605e-17
    },
    "spectral_energy": {
        "dmean": 0.00791638623923,
        "dmean2": 0.0130161195993,
        "dvar": 0.000175323963049,
        "dvar2": 0.000481243740069,
        "max": 0.149157822132,
        "mean": 0.039332780987,
        "median": 0.0376626998186,
        "min": 1.94832466605e-07,
        "var": 0.000318502483424
    },
    "spectral_energyband_high": {
        "dmean": 0.000130695785629,
        "dmean2": 0.00017560487322,
        "dvar": 2.62989260591e-07,
        "dvar2": 4.07591642215e-07,
        "max": 0.0135878613219,
        "mean": 0.000245401344728,
        "median": 6.10708739259e-05,
        "min": 3.62851110269e-10,
        "var": 7.93147989953e-07
    },
    "spectral_energyband_low": {
        "dmean": 0.00437827687711,
        "dmean2": 0.00748616456985,
        "dvar": 8.67589042173e-05,
        "dvar2": 0.000245745584834,
        "max": 0.0975797995925,
        "mean": 0.0150002129376,
        "median": 0.012395103462,
        "min": 5.43291847066e-08,
        "var": 0.000141319309478
    },
    "spectral_energyband_middle_high": {
        "dmean": 0.00126746285241,
        "dmean2": 0.00187540741172,
        "dvar": 3.10230939249e-06,
        "dvar2": 6.6572133619e-06,
        "max": 0.0433547869325,
        "mean": 0.00564831728116,
        "median": 0.00431971205398,
        "min": 1.90473414818e-08,
        "var": 2.26301981456e-05
    },
    "spectral_energyband_middle_low": {
        "dmean": 0.00512925395742,
        "dmean2": 0.0081745237112,
        "dvar": 8.64732064656e-05,
        "dvar2": 0.000226139425649,
        "max": 0.131308302283,
        "mean": 0.0195026490837,
        "median": 0.0169184505939,
        "min": 1.28999872118e-07,
        "var": 0.000168271100847
    },
    "spectral_entropy": {
        "dmean": 0.127055704594,
        "dmean2": 0.179618626833,
        "dvar": 0.0203480999917,
        "dvar2": 0.0368296615779,
        "max": 8.37617301941,
        "mean": 6.99135875702,
        "median": 6.95157384872,
        "min": 6.17846727371,
        "var": 0.112295359373
    },
    "spectral_flux": {
        "dmean": 0.0209174156189,
        "dmean2": 0.0328708179295,
        "dvar": 0.000934818701353,
        "dvar2": 0.00200047297403,
        "max": 0.333464086056,
        "mean": 0.0663554891944,
        "median": 0.0541359260678,
        "min": 0.000441398296971,
        "var": 0.00185737980064
    },
    "spectral_kurtosis": {
        "dmean": 4.26918840408,
        "dmean2": 7.35819244385,
        "dvar": 16.7613792419,
        "dvar2": 48.7187728882,
        "max": 39.2677536011,
        "mean": 8.47360038757,
        "median": 7.14074516296,
        "min": -1.0784239769,
        "var": 34.6695785522
    },
    "spectral_rms": {
        "dmean": 0.000581919623073,
        "dmean2": 0.000935686693992,
        "dvar": 7.01789701907e-07,
        "dvar2": 1.85459316526e-06,
        "max": 0.0120631596074,
        "mean": 0.00602616043761,
        "median": 0.00606169132516,
        "min": 1.37869665195e-05,
        "var": 2.05883725357e-06
    },
    "spectral_rolloff": {
        "dmean": 200.581634521,
        "dmean2": 338.129302979,
        "dvar": 166930.90625,
        "dvar2": 351053.4375,
        "max": 7644.28710938,
        "mean": 845.792480469,
        "median": 602.9296875,
        "min": 150.732421875,
        "var": 459132.25
    },
    "spectral_skewness": {
        "dmean": 0.386635005474,
        "dmean2": 0.644631326199,
        "dvar": 0.116384878755,
        "dvar2": 0.317469120026,
        "max": 4.67433357239,
        "mean": 1.97753560543,
        "median": 1.9271042347,
        "min": 0.0288580209017,
        "var": 0.402388423681
    },
    "spectral_spread": {
        "dmean": 308620.34375,
        "dmean2": 455147.59375,
        "dvar": 173590446080,
        "dvar2": 299464491008,
        "max": 9363058,
        "mean": 2805524.75,
        "median": 2643176.25,
        "min": 1449447.125,
        "var": 742380273664
    },
    "spectral_strongpeak": {
        "dmean": 0.367230832577,
        "dmean2": 0.624157488346,
        "dvar": 0.44143652916,
        "dvar2": 1.05342566967,
        "max": 9.46778392792,
        "mean": 0.987846255302,
        "median": 0.578116774559,
        "min": 0.000308819668135,
        "var": 1.05585384369
    },
    "zerocrossingrate": {
        "dmean": 0.00457366835326,
        "dmean2": 0.00540304090828,
        "dvar": 3.75789495592e-05,
        "dvar2": 3.74362534785e-05,
        "max": 0.18603515625,
        "mean": 0.0327618792653,
        "median": 0.02978515625,
        "min": 0.00634765625,
        "var": 0.000297933263937
    },
    "barkbands": {
        "dmean": [6.19636994088e-05, 0.00242699030787, 0.00200240011327, 0.00185627560131, 0.00196891324595, 0.00181496923324, 0.00104385206942, 0.00119263492525, 0.000338181998814, 0.000461368239485, 0.000218446206418, 0.000407638231991, 0.000232341932133, 0.000195448767045, 0.000337489065714, 9.81658959063e-05, 0.000238585853367, 7.81945855124e-05, 8.69598516147e-05, 4.56810994365e-05, 3.80936617148e-05, 2.7473863156e-05, 3.5148976167e-05, 1.76294797711e-05, 4.11043311033e-06, 4.318285729e-09, 1.75242342859e-09],
        "dmean2": [0.000105010032712, 0.0041427006945, 0.00340919010341, 0.00318044913001, 0.00314256176353, 0.00277467933483, 0.00157190836035, 0.00175015302375, 0.000489685160574, 0.000697685230989, 0.00031803175807, 0.000561345543247, 0.000348941714037, 0.000285255402559, 0.00052389287157, 0.000150482665049, 0.000377738528186, 0.000120708304166, 0.000125356236822, 6.72029418638e-05, 5.3437986935e-05, 4.06803301303e-05, 4.86208737129e-05, 2.50680423051e-05, 5.7189790823e-06, 7.05471681073e-09, 3.25493121345e-09],
        "dvar": [3.32718350649e-08, 2.96120324492e-05, 1.99524220079e-05, 2.67105588136e-05, 1.69850591192e-05, 7.45136321711e-06, 3.66939434571e-06, 5.60120179216e-06, 5.53772565581e-07, 8.10237509086e-07, 3.55199716751e-07, 8.71813085723e-07, 1.92680488453e-07, 1.9657051098e-07, 4.18460501805e-07, 4.40766250165e-08, 4.00416723778e-07, 5.2289728103e-08, 8.4496335262e-08, 1.80476522615e-08, 1.61324233972e-08, 2.29484982128e-08, 3.45921797873e-08, 1.20709460205e-08, 6.24602425336e-10, 3.80132266632e-16, 4.31569614558e-18],
        "dvar2": [8.36984384023e-08, 8.88016438694e-05, 5.52047458768e-05, 7.13629851816e-05, 4.4563672418e-05, 1.83569081855e-05, 7.80784648668e-06, 1.18501830002e-05, 1.05637855086e-06, 1.85500994121e-06, 7.99395763806e-07, 1.59770013397e-06, 4.1634203285e-07, 4.09661453205e-07, 1.00789804947e-06, 8.86929569788e-08, 1.11061058305e-06, 1.1599680505e-07, 1.49346888634e-07, 3.41686785532e-08, 3.24644027216e-08, 5.06912058995e-08, 5.07375155223e-08, 1.91584206277e-08, 1.14740583701e-09, 7.30664543406e-16, 1.35279143969e-17],
        "max": [0.00311394804157, 0.0704190433025, 0.052837792784, 0.0573546923697, 0.0559873841703, 0.0482470914721, 0.0266363881528, 0.041573535651, 0.014926710166, 0.0333214625716, 0.017464093864, 0.0393744669855, 0.0144318453968, 0.00951923336834, 0.0138473343104, 0.00822405423969, 0.0137818260118, 0.00591717753559, 0.00820654351264, 0.00287198578008, 0.00237281387672, 0.00443679187447, 0.00660682795569, 0.0041443342343, 0.00078255723929, 5.51154926143e-07, 2.2934735e-08],
        "mean": [6.29464338999e-05, 0.00906791724265, 0.00486087333411, 0.00222895108163, 0.00464854342863, 0.00538018904626, 0.00275564007461, 0.00349883153103, 0.000874005432706, 0.00106810068246, 0.000532675359864, 0.00114680442493, 0.000524306320585, 0.000442404154455, 0.000876541540492, 0.000211736871279, 0.000499769346789, 0.000165937221027, 0.000201671078685, 8.62072556629e-05, 6.17655241513e-05, 4.39596515207e-05, 5.70892771066e-05, 2.99406638078e-05, 5.98337328483e-06, 5.41162625822e-09, 1.40242983893e-09],
        "median": [1.9708304535e-05, 0.00649484526366, 0.00313904229552, 0.00100969604682, 0.00289244088344, 0.00390225881711, 0.0013323094463, 0.00190860684961, 0.000364811450709, 0.000618277932517, 0.000165998775628, 0.000643423001748, 0.000311611802317, 0.000199626389076, 0.000281963322777, 0.000107709325675, 0.000156557041919, 7.40877876524e-05, 5.88759685343e-05, 2.89213639917e-05, 1.47681103044e-05, 9.07190405997e-06, 7.34489458409e-06, 4.24041445513e-06, 7.99771555648e-07, 1.56239454707e-09, 6.31887431268e-10],
        "min": [9.74757913275e-11, 2.34576944536e-08, 2.3076225375e-08, 1.10646727336e-08, 1.61539279731e-08, 2.81607626107e-08, 4.12743546008e-08, 3.88007226348e-09, 5.903892486e-09, 1.99844918392e-09, 2.08323602813e-09, 5.65610358549e-09, 8.98094765223e-10, 2.5386090452e-10, 1.03508324134e-09, 2.56122900666e-10, 4.78135531168e-10, 3.79979103737e-10, 4.20969814563e-10, 1.68581648641e-10, 4.68226533934e-11, 5.30632378315e-11, 5.83406586929e-11, 6.14433434687e-11, 2.26868992342e-11, 3.25260825218e-12, 3.98102124183e-12],
        "var": [3.05492129371e-08, 6.89633016009e-05, 3.07200680254e-05, 2.10322614294e-05, 3.27040470438e-05, 3.0420420444e-05, 1.59972878464e-05, 2.74406957033e-05, 2.62810431195e-06, 4.07093784816e-06, 1.26488168917e-06, 5.88621287534e-06, 7.2836991194e-07, 7.71949316913e-07, 2.50281254921e-06, 1.50182032144e-07, 1.14280567232e-06, 1.0296484021e-07, 2.89406187903e-07, 4.47173320595e-08, 3.16351531637e-08, 4.3064027011e-08, 1.09824490835e-07, 3.90533507755e-08, 1.31305144535e-09, 7.21706428835e-16, 3.76098386372e-18]
    },
    "erbbands": {
        "dmean": [0.0356949679554, 0.668525397778, 2.26327610016, 3.91755485535, 7.34815073013, 6.03183937073, 12.1497077942, 16.4263286591, 15.5991344452, 15.930062294, 26.6058616638, 6.91461801529, 8.44180297852, 16.5234336853, 9.95094776154, 15.3182077408, 11.0033006668, 9.71597194672, 19.0183258057, 7.81167221069, 6.37941122055, 10.2301387787, 7.23888540268, 2.80848932266, 4.9360871315, 2.20264291763, 1.85967183113, 1.26916849613, 0.950639009476, 1.04718017578, 1.00896775723, 0.493038624525, 0.233383372426, 0.0882005691528, 0.00651586661115, 0.000292099517537, 1.88437534234e-05, 3.47588820659e-06, 4.17318779e-06, 8.93350352271e-06],
        "dmean2": [0.0610771179199, 1.14349281788, 3.88280272484, 6.71429872513, 12.6189365387, 9.60806655884, 17.8609104156, 25.1636600494, 24.9712467194, 22.6936511993, 39.0565948486, 9.85935878754, 12.2921543121, 24.932559967, 13.9036579132, 20.7666721344, 16.6157360077, 14.0203990936, 29.4266319275, 12.2128419876, 9.80668830872, 15.7299003601, 11.4098367691, 4.17513084412, 7.17076253891, 3.23449039459, 2.66813802719, 1.7480918169, 1.36398088932, 1.46737039089, 1.4265948534, 0.685840904713, 0.331036955118, 0.119632542133, 0.00912388041615, 0.000405151251471, 2.63467300101e-05, 5.07182357978e-06, 6.61829199089e-06, 1.45721569424e-05],
        "dvar": [0.00692722899839, 2.20335912704, 25.2345809937, 93.8686294556, 469.318695068, 139.045394897, 360.489624023, 790.829711914, 728.965148926, 1242.26000977, 2889.59960938, 227.123916626, 290.423278809, 1028.50756836, 715.906005859, 696.611328125, 439.822937012, 587.877929688, 1356.99060059, 287.044586182, 177.33493042, 727.125244141, 339.537506104, 100.236717224, 281.777679443, 39.1128501892, 40.2004928589, 17.8323154449, 29.1847038269, 40.5454063416, 32.0164642334, 8.21352291107, 2.20498466492, 0.298158615828, 0.00147276732605, 2.88090541289e-06, 8.73102301568e-09, 1.93426649697e-10, 4.97121753484e-11, 2.13528722481e-10],
        "dvar2": [0.0201835054904, 6.6196398735, 71.063041687, 253.37739563, 1269.40185547, 340.21081543, 725.114196777, 1850.46826172, 1788.15405273, 2396.30322266, 6166.73144531, 436.412658691, 567.506103516, 2338.2578125, 1498.84985352, 1344.9597168, 988.80682373, 1269.4276123, 3267.40234375, 654.575561523, 368.558319092, 1792.38195801, 888.282409668, 195.792449951, 521.40447998, 72.5543060303, 76.9375534058, 34.3893661499, 65.0881271362, 69.9375457764, 50.6373519897, 13.323431015, 3.31797552109, 0.514456450939, 0.00288723851554, 5.4551633184e-06, 1.4468078291e-08, 2.90648782819e-10, 1.17363410657e-10, 5.7931004438e-10],
        "max": [1.09717082977, 19.3459262848, 52.672290802, 101.873710632, 278.887512207, 257.371490479, 292.910003662, 555.294616699, 430.749145508, 589.19543457, 1068.94177246, 329.770599365, 405.962768555, 1073.98010254, 952.336303711, 788.343383789, 585.449951172, 516.369873047, 827.028991699, 466.03692627, 562.59765625, 976.029602051, 385.37399292, 273.316040039, 417.473236084, 151.68963623, 119.200843811, 89.3071670532, 200.209213257, 246.531707764, 184.280319214, 111.298881531, 53.8236045837, 19.2466125488, 1.10773169994, 0.050962805748, 0.00321409502067, 0.000495160929859, 0.000140344796819, 0.000169645383721],
        "mean": [0.125471770763, 2.47972917557, 6.54172039032, 5.96485471725, 9.64511966705, 14.146821022, 35.3432350159, 46.110080719, 40.2577934265, 49.7301330566, 77.9946899414, 21.288898468, 23.8871917725, 39.5299797058, 29.7712669373, 44.9793510437, 27.5696201324, 24.8165683746, 50.8160552979, 18.9262695312, 14.2858381271, 22.5852432251, 15.9751281738, 6.30647420883, 11.6104402542, 4.46331548691, 3.01347327232, 2.14644050598, 1.55833077431, 1.69699716568, 1.57541441917, 0.839168548584, 0.381058484316, 0.130717501044, 0.00940699502826, 0.000453651533462, 4.12613044318e-05, 7.94446623331e-06, 2.0414516257e-05, 4.49096369266e-05],
        "median": [0.0792016685009, 1.8104916811, 4.41286659241, 3.66550302505, 4.22920370102, 6.72449874878, 21.3190574646, 30.8129711151, 27.2103748322, 19.4230213165, 46.2484741211, 10.4188661575, 12.8696022034, 24.2680721283, 13.8694286346, 27.7596073151, 17.8868312836, 11.7170257568, 17.1069774628, 9.93524265289, 8.09806251526, 8.03352832794, 6.38676929474, 3.05354619026, 3.10960173607, 1.6602461338, 0.715830922127, 0.550790250301, 0.338512837887, 0.270147174597, 0.205715656281, 0.1181621328, 0.0541266351938, 0.0189306456596, 0.00141540227924, 9.08723741304e-05, 2.00827071239e-05, 4.29447663919e-06, 1.93131763808e-05, 4.31618354924e-05],
        "min": [2.08851858474e-07, 6.9434145189e-06, 2.75904621958e-05, 3.45039115928e-05, 2.22850503633e-05, 4.59212969872e-05, 0.000146599588334, 0.000168590049725, 0.000524105969816, 0.000360349717084, 0.000115388844279, 0.000150750754983, 5.95202873228e-05, 6.60054938635e-05, 0.000133971552714, 0.000176032262971, 7.13505141903e-05, 2.57926858467e-05, 4.43016979261e-05, 8.07655014796e-05, 2.03481031349e-05, 2.01021121029e-05, 2.61839104496e-05, 1.30260259539e-05, 2.54295846389e-05, 7.9808432929e-06, 1.74250692453e-06, 1.78839047749e-06, 2.0286158815e-06, 1.62369224199e-06, 2.04130196835e-06, 2.43091767516e-06, 6.52773962884e-07, 4.2095820163e-07, 7.9007023146e-08, 1.3595245818e-08, 5.8423670346e-09, 2.20971951848e-09, 6.32717933602e-10, 2.7559268756e-10],
        "var": [0.0188866388053, 5.04132032394, 43.6911125183, 77.8341064453, 366.755187988, 415.277282715, 1714.02612305, 3303.07617188, 2340.07861328, 6849.2578125, 14004.3896484, 1141.46936035, 1338.91687012, 4510.84472656, 4686.28759766, 3835.23510742, 1424.79504395, 2382.50292969, 8635.74316406, 813.579589844, 570.169616699, 2237.43994141, 806.524597168, 200.183425903, 981.756469727, 103.501548767, 78.8561782837, 38.1303329468, 50.0342903137, 98.2240219116, 88.0088043213, 27.0290641785, 6.93550682068, 0.675504803658, 0.00287836440839, 5.97922053203e-06, 2.26141292359e-08, 5.86612980413e-10, 1.17609921801e-10, 4.1094111447e-10]
    },
    "gfcc": {
        "mean": [-28.7396640778, 177.452651978, -146.112640381, 38.3552627563, -57.9658737183, 8.19218444824, -27.4620857239, -7.70056056976, 1.26788473129, -16.7373943329, 13.3219461441, -17.3752212524, 3.43967723846],
        "cov": [[2370.02880859, -680.728393555, -222.721237183, 303.292144775, -322.743530273, 96.5836410522, -241.895385742, 39.2503700256, -95.1222763062, -0.265716850758, -25.0529327393, -17.2908115387, 45.5417633057], [-680.728393555, 631.012451172, 44.6875457764, -218.85395813, 336.128173828, -124.102104187, 170.836425781, -64.6970291138, 95.3033294678, -14.5305051804, 33.9002342224, 14.3909292221, 0.61322426796], [-222.721237183, 44.6875457764, 278.540313721, 29.7794971466, -21.5485343933, 78.7401046753, 1.2578895092, 2.70319008827, 9.96768569946, 14.1590890884, -8.56849956512, -11.6394987106, -2.07811164856], [303.292144775, -218.85395813, 29.7794971466, 244.324417114, -37.4784584045, 32.422794342, -58.8340797424, -4.23825311661, -23.0022392273, -4.49100542068, -18.7546596527, 16.5805053711, 29.2997837067], [-322.743530273, 336.128173828, -21.5485343933, -37.4784584045, 346.298919678, -71.3362503052, 79.0862503052, -23.4866714478, 71.143119812, 6.4398393631, 20.5837192535, 34.7507247925, 28.3643360138], [96.5836410522, -124.102104187, 78.7401046753, 32.422794342, -71.3362503052, 150.117019653, 1.14050686359, 31.2903785706, 0.817676365376, 24.8546352386, -4.64350938797, -19.8671131134, 3.52410531044], [-241.895385742, 170.836425781, 1.2578895092, -58.8340797424, 79.0862503052, 1.14050686359, 192.06578064, 22.0877475739, 26.355266571, 18.0544033051, 22.8151874542, 2.3805744648, -14.6166028976], [39.2503700256, -64.6970291138, 2.70319008827, -4.23825311661, -23.4866714478, 31.2903785706, 22.0877475739, 112.410057068, 10.504527092, 11.7964010239, 18.2083969116, -5.03056287766, -9.01290512085], [-95.1222763062, 95.3033294678, 9.96768569946, -23.0022392273, 71.143119812, 0.817676365376, 26.355266571, 10.504527092, 95.5832519531, 25.6693019867, 7.87643146515, 9.42404556274, -3.04702186584], [-0.265716850758, -14.5305051804, 14.1590890884, -4.49100542068, 6.4398393631, 24.8546352386, 18.0544033051, 11.7964010239, 25.6693019867, 89.2552642822, 23.0985412598, -13.6515474319, 4.06077289581], [-25.0529327393, 33.9002342224, -8.56849956512, -18.7546596527, 20.5837192535, -4.64350938797, 22.8151874542, 18.2083969116, 7.87643146515, 23.0985412598, 63.4170074463, 21.3134670258, -4.77166938782], [-17.2908115387, 14.3909292221, -11.6394987106, 16.5805053711, 34.7507247925, -19.8671131134, 2.3805744648, -5.03056287766, 9.42404556274, -13.6515474319, 21.3134670258, 79.0783691406, 31.2507762909], [45.5417633057, 0.61322426796, -2.07811164856, 29.2997837067, 28.3643360138, 3.52410531044, -14.6166028976, -9.01290512085, -3.04702186584, 4.06077289581, -4.77166938782, 31.2507762909, 73.0938720703]],
        "icov": [[0.00074396940181, -0.000144921985338, 0.00090974685736, -0.000861750741024, 0.000531409634277, -0.000544307928067, 0.000606921967119, -0.000229093857342, 6.11626819591e-05, -0.00010497263429, -0.000197337300051, 0.000241102519794, -0.000285459303996], [-0.000144921985338, 0.0254267659038, -0.0110515169799, 0.0160954780877, -0.0149559760466, 0.0130597902462, -0.0123185226694, 0.0125985285267, -0.0116916289553, 0.0138628380373, -0.0122764809057, 0.0124081382528, -0.00998890493065], [0.00090974685736, -0.0110515169799, 0.0100787421688, -0.00817762874067, 0.00681779161096, -0.00860028062016, 0.0059344060719, -0.00511418050155, 0.00468654651195, -0.00616522785276, 0.00542082311586, -0.00511189457029, 0.00449284072965], [-0.000861750741024, 0.0160954780877, -0.00817762874067, 0.0159646272659, -0.00999485142529, 0.00778402108699, -0.00709442095831, 0.00790095515549, -0.00625076284632, 0.00818243715912, -0.00589582370594, 0.00581196835265, -0.00675615435466], [0.000531409634277, -0.0149559760466, 0.00681779161096, -0.00999485142529, 0.0137560581788, -0.00584464054555, 0.00582860223949, -0.00651485053822, 0.0034908070229, -0.00733797997236, 0.00573820061982, -0.00660120882094, 0.00305067445152], [-0.000544307928067, 0.0130597902462, -0.00860028062016, 0.00778402108699, -0.00584464054555, 0.0171590931714, -0.00757698575035, 0.00452779093757, -0.00705914385617, 0.00562076969072, -0.00596245424822, 0.00825679954141, -0.00717722205445], [0.000606921967119, -0.0123185226694, 0.0059344060719, -0.00709442095831, 0.00582860223949, -0.00757698575035, 0.0130493389443, -0.00733120925725, 0.00596132827923, -0.00763176148757, 0.0052034324035, -0.00652858801186, 0.00635016150773], [-0.000229093857342, 0.0125985285267, -0.00511418050155, 0.00790095515549, -0.00651485053822, 0.00452779093757, -0.00733120925725, 0.0168566200882, -0.00752382306382, 0.00770707847551, -0.00961496401578, 0.00726882042363, -0.00483038323], [6.11626819591e-05, -0.0116916289553, 0.00468654651195, -0.00625076284632, 0.0034908070229, -0.00705914385617, 0.00596132827923, -0.00752382306382, 0.0204503946006, -0.0116031263024, 0.00909836776555, -0.0100032947958, 0.00831684656441], [-0.00010497263429, 0.0138628380373, -0.00616522785276, 0.00818243715912, -0.00733797997236, 0.00562076969072, -0.00763176148757, 0.00770707847551, -0.0116031263024, 0.0242800712585, -0.0154250282794, 0.0140026519075, -0.0103316772729], [-0.000197337300051, -0.0122764809057, 0.00542082311586, -0.00589582370594, 0.00573820061982, -0.00596245424822, 0.0052034324035, -0.00961496401578, 0.00909836776555, -0.0154250282794, 0.0308997146785, -0.0170682221651, 0.0112099060789], [0.000241102519794, 0.0124081382528, -0.00511189457029, 0.00581196835265, -0.00660120882094, 0.00825679954141, -0.00652858801186, 0.00726882042363, -0.0100032947958, 0.0140026519075, -0.0170682221651, 0.0284115448594, -0.0154314143583], [-0.000285459303996, -0.00998890493065, 0.00449284072965, -0.00675615435466, 0.00305067445152, -0.00717722205445, 0.00635016150773, -0.00483038323, 0.00831684656441, -0.0103316772729, 0.0112099060789, -0.0154314143583, 0.0248651634902]]
    },
    "melbands": {
        "dmean": [0.000495295797009, 0.00107238825876, 0.000813551887404, 0.000434547371697, 0.00037843073369, 0.000353044131771, 0.000238855209318, 0.00019576503837, 0.0001857157622, 4.43967364845e-05, 4.48468636023e-05, 7.22411496099e-05, 3.39826765412e-05, 4.79575028294e-05, 2.75260863418e-05, 2.41464877035e-05, 1.70759994944e-05, 2.96578582493e-05, 1.76478897629e-05, 7.14273892299e-06, 8.07799096947e-06, 9.05968772713e-06, 1.48999242811e-05, 3.39002940564e-06, 2.2350538984e-06, 3.84692475563e-06, 2.57026295003e-06, 1.50192852288e-06, 1.3202509308e-06, 9.52033985868e-07, 7.11724851499e-07, 5.65377774819e-07, 5.31984937879e-07, 6.54328687233e-07, 6.83644941546e-07, 3.79132757189e-07, 2.83732958906e-07, 1.86165507898e-07, 1.2245226344e-07, 5.83603316784e-08],
        "dmean2": [0.000847842602525, 0.00183552806266, 0.00138657458592, 0.000727176782675, 0.000554455735255, 0.000542759778909, 0.000378104654374, 0.000280433683656, 0.000272175035207, 6.35693140794e-05, 6.58701828797e-05, 0.000109394946776, 4.80062590213e-05, 6.56129486742e-05, 4.09217864217e-05, 3.49341898982e-05, 2.48747364822e-05, 4.59666989627e-05, 2.72599172604e-05, 1.12669713417e-05, 1.26693239508e-05, 1.3741485418e-05, 2.40586614382e-05, 5.18566366736e-06, 3.36872653861e-06, 5.71192549614e-06, 3.75271224584e-06, 2.29786269301e-06, 1.97636063604e-06, 1.3589539094e-06, 9.9901262729e-07, 8.04407079613e-07, 8.32457715205e-07, 9.3737384077e-07, 9.81688117463e-07, 5.28867360572e-07, 4.05077088317e-07, 2.7272983516e-07, 1.63746065596e-07, 8.31499917808e-08],
        "dvar": [1.26154532154e-06, 5.55850238015e-06, 4.65123093818e-06, 1.25557187403e-06, 3.62962282452e-07, 3.54439976036e-07, 1.59848468684e-07, 1.45510981042e-07, 1.38966541385e-07, 9.57489021403e-09, 7.99367860793e-09, 1.99617318231e-08, 7.28299420771e-09, 1.3549930955e-08, 2.56259236053e-09, 2.19333173845e-09, 2.01470351513e-09, 3.07896130813e-09, 1.07118036663e-09, 2.39333441954e-10, 2.73092159997e-10, 5.37526523292e-10, 1.78102910198e-09, 1.47020964847e-10, 6.78825676226e-11, 1.67692776332e-10, 8.1644031813e-11, 1.91100052449e-11, 2.20949560731e-11, 9.72328641213e-12, 6.11220102309e-12, 8.34672175126e-12, 1.11303943492e-11, 1.58119611154e-11, 1.48088086932e-11, 4.61897664214e-12, 3.0677160031e-12, 1.56122380648e-12, 5.61954454324e-13, 1.30955169668e-13],
        "dvar2": [3.73636089535e-06, 1.60276558745e-05, 1.24953285194e-05, 3.43031456396e-06, 7.20869934412e-07, 8.51073821195e-07, 3.86333368851e-07, 2.9242465871e-07, 2.91940750685e-07, 1.80755144186e-08, 1.58642432524e-08, 4.55372735075e-08, 1.66911053867e-08, 2.36694113198e-08, 6.21976647963e-09, 4.12711909092e-09, 4.36503677648e-09, 7.406037561e-09, 2.50942910895e-09, 5.20709697582e-10, 5.62956070649e-10, 1.12660614171e-09, 5.13311260164e-09, 3.31989019609e-10, 1.32733879443e-10, 3.13248066375e-10, 1.54038073963e-10, 4.08184284983e-11, 4.34220506773e-11, 2.09248035565e-11, 1.23154368648e-11, 1.79567870989e-11, 2.52993823807e-11, 2.6450534471e-11, 2.40289298875e-11, 7.28576574072e-12, 5.28476134382e-12, 2.58772994352e-12, 9.02245617627e-13, 2.47335436637e-13],
        "max": [0.0142604289576, 0.0240186341107, 0.0235484521836, 0.0147353913635, 0.0102036930621, 0.0113404002041, 0.00612218398601, 0.00606610393152, 0.00757667608559, 0.00189855636563, 0.00199040072039, 0.00496066920459, 0.00254891463555, 0.0051320749335, 0.00105925474782, 0.00199706736021, 0.00107810867485, 0.00119467067998, 0.000662766396999, 0.000337016041158, 0.000682499376126, 0.00104690436274, 0.000905103283003, 0.000372797745513, 0.000232562233577, 0.000430753047112, 0.000266447430477, 0.000105066479591, 9.69929606072e-05, 5.48953612451e-05, 6.19578786427e-05, 0.000106554231024, 0.0001026405007, 0.000150907944771, 0.000128109721118, 8.45651666168e-05, 6.71527013765e-05, 4.73285035696e-05, 2.92681615974e-05, 1.124091159e-05],
        "mean": [0.00187789357733, 0.00354195316322, 0.00120577367488, 0.000762923620641, 0.00113583810162, 0.00100587063935, 0.000629460206255, 0.000595643068664, 0.000549549178686, 0.000118020529044, 0.000122880112031, 0.000167192003573, 9.14997654036e-05, 0.000135834794492, 7.11196626071e-05, 6.00029998168e-05, 3.88854241464e-05, 7.60546827223e-05, 4.44885627076e-05, 1.57814647537e-05, 1.65000219567e-05, 1.93701871467e-05, 3.02480511891e-05, 6.88987302055e-06, 4.20572359872e-06, 8.94015283848e-06, 5.51792891201e-06, 2.5836018267e-06, 1.98188354261e-06, 1.45706553667e-06, 1.17287117973e-06, 8.86308555437e-07, 8.00959185199e-07, 1.01914633888e-06, 1.01881425962e-06, 6.41498729692e-07, 4.62100729237e-07, 2.9168444371e-07, 1.78782954663e-07, 8.40505762767e-08],
        "median": [0.00126435316633, 0.00277574406937, 0.000751712126657, 0.000415541173425, 0.000700501084793, 0.000698464282323, 0.000419415882789, 0.000244750350248, 0.000328784051817, 5.04795680172e-05, 6.50244110147e-05, 9.90620537777e-05, 3.22350861097e-05, 7.54559441702e-05, 4.57082569483e-05, 3.16068981192e-05, 1.60854960995e-05, 2.50096472882e-05, 1.74016313395e-05, 7.60041393733e-06, 8.92374919204e-06, 6.90898650646e-06, 8.54009158502e-06, 3.29428303303e-06, 1.76930723228e-06, 2.54759038398e-06, 1.28192232296e-06, 9.48181252625e-07, 4.04739836313e-07, 3.35954695174e-07, 2.91378569273e-07, 1.82165706519e-07, 1.4882891719e-07, 1.3325760051e-07, 1.20419826999e-07, 8.74999557254e-08, 5.99031366733e-08, 3.75426978394e-08, 2.27266916397e-08, 1.19559837586e-08],
        "min": [4.22428403368e-09, 1.31096831169e-08, 5.5441442548e-09, 1.81707704439e-09, 6.09410033547e-09, 4.04908728768e-09, 8.4079161411e-09, 3.72332675802e-09, 6.63580079774e-10, 6.17822293325e-10, 2.80215600723e-10, 2.51436427234e-10, 3.06403735717e-10, 7.73519470698e-10, 4.57274107468e-10, 1.05252070948e-10, 2.22209525086e-11, 6.43363626263e-11, 6.51847256727e-11, 4.06165968914e-11, 2.37052825286e-11, 2.06926004109e-11, 2.70772623073e-11, 1.79278588502e-11, 9.09642153268e-12, 1.33874951055e-11, 1.9353177047e-11, 2.25046630636e-12, 5.92856547275e-13, 1.51273037065e-12, 7.58218791572e-13, 1.1516710979e-12, 1.02753873119e-12, 8.42285280151e-13, 1.08802290094e-12, 1.96232244863e-12, 8.28377622573e-13, 3.82744210674e-13, 2.82492968904e-13, 3.554184128e-13],
        "var": [3.15541751661e-06, 9.85253518593e-06, 3.66892390957e-06, 1.37710435411e-06, 1.70781572706e-06, 1.42124463309e-06, 5.43071394077e-07, 7.85511417689e-07, 7.07799017619e-07, 4.75349715146e-08, 3.73190651715e-08, 9.19011853284e-08, 3.60396263943e-08, 1.03609323787e-07, 6.670324737e-09, 1.20302088291e-08, 7.18586656845e-09, 1.8682676739e-08, 5.09936404214e-09, 7.76264608149e-10, 8.28404012054e-10, 1.76219150383e-09, 4.68401983866e-09, 2.10858080996e-10, 1.25482096935e-10, 5.39831401802e-10, 2.72492306497e-10, 3.99106754589e-11, 3.91596408078e-11, 1.79611447243e-11, 1.22484982226e-11, 1.48690625784e-11, 1.99148388752e-11, 3.90842705422e-11, 3.77643472049e-11, 1.56525521711e-11, 8.93162020038e-12, 4.7004908646e-12, 1.39539595156e-12, 2.55951645512e-13]
    },
    "mfcc": {
        "mean": [-651.945068359, 180.264297485, -10.9681596756, 23.0618209839, 3.01297283173, 6.42991113663, -4.81157159805, 5.10367012024, -7.06678771973, 4.58841276169, -0.28236618638, 7.16824293137, 3.69055390358],
        "cov": [[2568.95507812, -900.32800293, -6.70254278183, 22.1381797791, -72.7532806396, -66.8931732178, -109.709136963, -38.1469688416, -108.350776672, -14.2755584717, -66.2919311523, -93.5523376465, -95.6349182129], [-900.32800293, 952.570983887, -254.030700684, 6.27765989304, 79.1927871704, 33.2560539246, 52.1319122314, 27.8280467987, 50.6136360168, 14.2718400955, 46.2188568115, 40.2005462646, 28.7033004761], [-6.70254278183, -254.030700684, 373.58303833, -56.2481002808, -30.217924118, 23.3697357178, -5.40308189392, -4.70055484772, -1.28426933289, 13.7725429535, -16.9765357971, 21.8120822906, 21.0005588531], [22.1381797791, 6.27765989304, -56.2481002808, 183.768692017, 51.6865310669, 23.372095108, -0.366151064634, -3.70621037483, 13.364361763, -34.1676254272, -23.2099132538, -0.540318369865, 4.93586444855], [-72.7532806396, 79.1927871704, -30.217924118, 51.6865310669, 174.143249512, 26.4614753723, -28.826253891, -3.59199237823, 14.6951026917, -3.90624284744, -15.3553161621, -5.77298688889, -5.57235765457], [-66.8931732178, 33.2560539246, 23.3697357178, 23.372095108, 26.4614753723, 117.957962036, 10.9179449081, -13.890750885, 25.8697566986, 6.11741018295, -4.51101589203, 9.76641368866, -3.29668569565], [-109.709136963, 52.1319122314, -5.40308189392, -0.366151064634, -28.826253891, 10.9179449081, 121.341438293, 20.20454216, 18.6684322357, 14.8421220779, 23.4668178558, 19.3756198883, 5.21378660202], [-38.1469688416, 27.8280467987, -4.70055484772, -3.70621037483, -3.59199237823, -13.890750885, 20.20454216, 91.1511230469, 15.1908407211, -1.22049069405, 2.24197983742, 16.8780231476, 5.90792512894], [-108.350776672, 50.6136360168, -1.28426933289, 13.364361763, 14.6951026917, 25.8697566986, 18.6684322357, 15.1908407211, 92.5453186035, 13.6241264343, 0.973626792431, 12.814496994, 7.74802589417], [-14.2755584717, 14.2718400955, 13.7725429535, -34.1676254272, -3.90624284744, 6.11741018295, 14.8421220779, -1.22049069405, 13.6241264343, 107.663108826, 46.1312904358, -10.3653287888, -7.57688331604], [-66.2919311523, 46.2188568115, -16.9765357971, -23.2099132538, -15.3553161621, -4.51101589203, 23.4668178558, 2.24197983742, 0.973626792431, 46.1312904358, 103.406646729, 13.4228467941, -2.73368048668], [-93.5523376465, 40.2005462646, 21.8120822906, -0.540318369865, -5.77298688889, 9.76641368866, 19.3756198883, 16.8780231476, 12.814496994, -10.3653287888, 13.4228467941, 93.0194320679, 17.9396629333], [-95.6349182129, 28.7033004761, 21.0005588531, 4.93586444855, -5.57235765457, -3.29668569565, 5.21378660202, 5.90792512894, 7.74802589417, -7.57688331604, -2.73368048668, 17.9396629333, 75.7979202271]],
