{
"lowlevel": {
    "average_loudness": 0.926537632942,
    "barkbands_crest": {
        "dmean": 2.4010219574,
        "dmean2": 3.95914053917,
        "dvar": 4.36025524139,
        "dvar2": 11.8463916779,
        "max": 20.2554283142,
        "mean": 9.18682861328,
        "median": 8.75716495514,
        "min": 2.69327044487,
        "var": 11.1533765793
    },
    "barkbands_flatness_db": {
        "dmean": 0.0178088061512,
        "dmean2": 0.0270062517375,
        "dvar": 0.000247257819865,
        "dvar2": 0.000517096312251,
        "max": 0.27497780323,
        "mean": 0.153973713517,
        "median": 0.152559131384,
        "min": 0.0411733388901,
        "var": 0.00134897523094
    },
    "barkbands_kurtosis": {
        "dmean": 1.50165271759,
        "dmean2": 2.42106866837,
        "dvar": 3.0779030323,
        "dvar2": 7.26378250122,
        "max": 19.5054836273,
        "mean": 2.18661832809,
        "median": 1.10944795609,
        "min": -1.79066264629,
        "var": 11.8973140717
    },
    "barkbands_skewness": {
        "dmean": 0.382117778063,
        "dmean2": 0.600751101971,
        "dvar": 0.118674524128,
        "dvar2": 0.26890963316,
        "max": 3.88950228691,
        "mean": 1.36686265469,
        "median": 1.3270367384,
        "min": -1.59964287281,
        "var": 0.704429030418
    },
    "barkbands_spread": {
        "dmean": 4.40871763229,
        "dmean2": 6.62318372726,
        "dvar": 24.4323596954,
        "dvar2": 44.0074691772,
        "max": 92.13230896,
        "mean": 22.4452438354,
        "median": 20.4017162323,
        "min": 4.33558416367,
        "var": 122.920051575
    },
    "dissonance": {
        "dmean": 0.0130831291899,
        "dmean2": 0.0217158030719,
        "dvar": 0.000158556169481,
        "dvar2": 0.000393200578401,
        "max": 0.49998447299,
        "mean": 0.472533196211,
        "median": 0.476605772972,
        "min": 0.254985719919,
        "var": 0.000362438819138
    },
    "dynamic_complexity": 3.80481648445,
    "erbbands_crest": {
        "dmean": 1.77819252014,
        "dmean2": 2.91456317902,
        "dvar": 3.04497647285,
        "dvar2": 7.81474685669,
        "max": 20.6086845398,
        "mean": 6.89934444427,
        "median": 6.10049057007,
        "min": 2.48216128349,
        "var": 9.04276371002
    },
    "erbbands_flatness_db": {
        "dmean": 0.0132336672395,
        "dmean2": 0.0180946048349,
        "dvar": 0.000163248885656,
        "dvar2": 0.000289515999611,
        "max": 0.28430980444,
        "mean": 0.184752881527,
        "median": 0.182076796889,
        "min": 0.0847207829356,
        "var": 0.00103307061363
    },
    "erbbands_kurtosis": {
        "dmean": 0.413434237242,
        "dmean2": 0.647610783577,
        "dvar": 0.242191374302,
        "dvar2": 0.529481172562,
        "max": 8.20924758911,
        "mean": -0.406656801701,
        "median": -0.69472193718,
        "min": -1.72439062595,
        "var": 1.03147864342
    },
    "erbbands_skewness": {
        "dmean": 0.245998010039,
        "dmean2": 0.386582821608,
        "dvar": 0.0442226044834,
        "dvar2": 0.101497977972,
        "max": 1.94154453278,
        "mean": 0.0653336793184,
        "median": 0.0363559685647,
        "min": -2.21136784554,
        "var": 0.250450760126
    },
    "erbbands_spread": {
        "dmean": 6.39816379547,
        "dmean2": 9.7457151413,
        "dvar": 37.2750473022,
        "dvar2": 79.693145752,
        "max": 88.4516143799,
        "mean": 41.523853302,
        "median": 41.7938613892,
        "min": 7.71270751953,
        "var": 203.930831909
    },
    "hfc": {
        "dmean": 4.87653303146,
        "dmean2": 6.8191280365,
        "dvar": 70.6202316284,
        "dvar2": 136.325012207,
        "max": 91.3037109375,
        "mean": 16.8996982574,
        "median": 10.6924247742,
        "min": 1.2115056658e-16,
        "var": 294.792358398
    },
    "melbands_crest": {
        "dmean": 2.73525691032,
        "dmean2": 4.58095359802,
        "dvar": 5.41595983505,
        "dvar2": 13.2744150162,
        "max": 26.1616535187,
        "mean": 11.9149208069,
        "median": 11.5475521088,
        "min": 2.31599545479,
        "var": 14.7245988846
    },
    "melbands_flatness_db": {
        "dmean": 0.0220706555992,
        "dmean2": 0.0326797142625,
        "dvar": 0.000445247540483,
        "dvar2": 0.000802957685664,
        "max": 0.355013519526,
        "mean": 0.180325865746,
        "median": 0.175708204508,
        "min": 0.00525636225939,
        "var": 0.00333917234093
    },
    "melbands_kurtosis": {
        "dmean": 4.09100866318,
        "dmean2": 6.51338815689,
        "dvar": 25.5385341644,
        "dvar2": 60.3632164001,
        "max": 69.9981689453,
        "mean": 9.50156497955,
        "median": 6.76349067688,
        "min": -1.12456822395,
        "var": 86.5722122192
    },
    "melbands_skewness": {
        "dmean": 0.538443863392,
        "dmean2": 0.833411455154,
        "dvar": 0.27247262001,
        "dvar2": 0.60873067379,
        "max": 6.77973079681,
        "mean": 2.47845053673,
        "median": 2.41183328629,
        "min": -0.318822860718,
        "var": 1.45522284508
    },
    "melbands_spread": {
        "dmean": 6.03245162964,
        "dmean2": 9.3839931488,
        "dvar": 49.4421005249,
        "dvar2": 97.3063278198,
        "max": 127.616256714,
        "mean": 24.6734046936,
        "median": 22.0654659271,
        "min": 3.40378713608,
        "var": 242.926437378
    },
    "pitch_salience": {
        "dmean": 0.066407546401,
        "dmean2": 0.109547778964,
        "dvar": 0.00349096348509,
        "dvar2": 0.00857357028872,
        "max": 0.849217057228,
        "mean": 0.596703827381,
        "median": 0.60284858942,
        "min": 0.230893462896,
        "var": 0.00798531901091
    },
    "silence_rate_20dB": {
        "dmean": 0,
        "dmean2": 0,
        "dvar": 0,
        "dvar2": 0,
        "max": 1,
        "mean": 1,
        "median": 1,
        "min": 1,
        "var": 0
    },
    "silence_rate_30dB": {
        "dmean": 0,
        "dmean2": 0,
        "dvar": 0,
        "dvar2": 0,
        "max": 1,
        "mean": 1,
        "median": 1,
        "min": 1,
        "var": 0
    },
    "silence_rate_60dB": {
        "dmean": 0.0294117648154,
        "dmean2": 0.0588690936565,
        "dvar": 0.0285473782569,
        "dvar2": 0.0677956491709,
        "max": 1,
        "mean": 0.111368909478,
        "median": 0,
        "min": 0,
        "var": 0.0989672765136
    },
    "spectral_centroid": {
        "dmean": 230.952346802,
        "dmean2": 354.247344971,
        "dvar": 85229.8515625,
        "dvar2": 132300.390625,
        "max": 10622.4638672,
        "mean": 1382.77294922,
        "median": 1322.41601562,
        "min": 363.053344727,
        "var": 331204.9375
    },
    "spectral_complexity": {
        "dmean": 4.03560352325,
        "dmean2": 5.80790090561,
        "dvar": 24.5869483948,
        "dvar2": 40.3905906677,
        "max": 57,
        "mean": 21.0742454529,
        "median": 20,
        "min": 0,
        "var": 148.844055176
    },
    "spectral_decrease": {
        "dmean": 1.79625814223e-09,
        "dmean2": 2.78076051075e-09,
        "dvar": 8.42617788017e-18,
        "dvar2": 1.8943418718e-17,
        "max": -2.42487128636e-29,
        "mean": -5.00180918905e-09,
        "median": -4.01686950369e-09,
        "min": -2.53793270844e-08,
        "var": 1.64473300821e-17
    },
    "spectral_energy": {
        "dmean": 0.00714466534555,
        "dmean2": 0.0110014760867,
        "dvar": 0.000133668683702,
        "dvar2": 0.000298158207443,
        "max": 0.102264799178,
        "mean": 0.0204108655453,
        "median": 0.0163123682141,
        "min": 1.10802418249e-20,
        "var": 0.000273877463769
    },
    "spectral_energyband_high": {
        "dmean": 0.000267907133093,
        "dmean2": 0.000358338700607,
        "dvar": 3.05380780219e-07,
        "dvar2": 5.08350638029e-07,
        "max": 0.00975431222469,
        "mean": 0.000628962181509,
        "median": 0.000204507668968,
        "min": 7.73507092115e-21,
        "var": 1.2321684153e-06
    },
    "spectral_energyband_low": {
        "dmean": 0.00292804348283,
        "dmean2": 0.00462594302371,
        "dvar": 4.41102456534e-05,
        "dvar2": 0.000102595848148,
        "max": 0.0592802725732,
        "mean": 0.0045218761079,
        "median": 0.00242997240275,
        "min": 3.97423832647e-23,
        "var": 5.06842843606e-05
    },
    "spectral_energyband_middle_high": {
        "dmean": 0.00153975537978,
        "dmean2": 0.00220147450455,
        "dvar": 6.09762855674e-06,
        "dvar2": 1.09206694106e-05,
        "max": 0.0417316704988,
        "mean": 0.00543517014012,
        "median": 0.00294803641737,
        "min": 1.87724964558e-21,
        "var": 4.79227892356e-05
    },
    "spectral_energyband_middle_low": {
        "dmean": 0.00432571070269,
        "dmean2": 0.00703747011721,
        "dvar": 5.15210485901e-05,
        "dvar2": 0.000127252613311,
        "max": 0.0789856240153,
        "mean": 0.0104477982968,
        "median": 0.00884542521089,
        "min": 3.67615947104e-22,
        "var": 8.4925966803e-05
    },
    "spectral_entropy": {
        "dmean": 0.121124595404,
        "dmean2": 0.167319402099,
        "dvar": 0.0175228733569,
        "dvar2": 0.0283606126904,
        "max": 9.80720043182,
        "mean": 7.56247282028,
        "median": 7.58549785614,
        "min": 6.42243480682,
        "var": 0.117564380169
    },
    "spectral_flux": {
        "dmean": 0.0209804084152,
        "dmean2": 0.0323082059622,
        "dvar": 0.000792339968029,
        "dvar2": 0.00167405302636,
        "max": 0.258285701275,
        "mean": 0.0697229504585,
        "median": 0.0616399943829,
        "min": 1.05262729089e-10,
        "var": 0.00195107457694
    },
    "spectral_kurtosis": {
        "dmean": 1.80268490314,
        "dmean2": 3.07379436493,
        "dvar": 3.5752761364,
        "dvar2": 9.96172904968,
        "max": 23.5145530701,
        "mean": 3.29046654701,
        "median": 2.50654649734,
        "min": -1.19449806213,
        "var": 7.08434820175
    },
    "spectral_rms": {
        "dmean": 0.000710643595085,
        "dmean2": 0.00105851970147,
        "dvar": 9.48712795434e-07,
        "dvar2": 1.93117625713e-06,
        "max": 0.00998852029443,
        "mean": 0.00406158296391,
        "median": 0.00398929882795,
        "min": 3.28785523113e-12,
        "var": 3.41656982528e-06
    },
    "spectral_rolloff": {
        "dmean": 398.196960449,
        "dmean2": 636.455871582,
        "dvar": 383631.03125,
        "dvar2": 676759.125,
        "max": 18561.6210938,
        "mean": 1520.77990723,
        "median": 1270.45898438,
        "min": 107.666015625,
        "var": 1550205.625
    },
    "spectral_skewness": {
        "dmean": 0.213290512562,
        "dmean2": 0.348817825317,
        "dvar": 0.0430412106216,
        "dvar2": 0.112509839237,
        "max": 3.95305728912,
        "mean": 1.20990312099,
        "median": 1.15939307213,
        "min": 0.024839092046,
        "var": 0.149852007627
    },
    "spectral_spread": {
        "dmean": 374778.75,
        "dmean2": 531176.125,
        "dvar": 963490676736,
        "dvar2": 1.05287889715e+12,
        "max": 40846020,
        "mean": 3548272,
        "median": 3502264.75,
        "min": 2048617.875,
        "var": 1.72556497715e+12
    },
    "spectral_strongpeak": {
        "dmean": 0.366673469543,
        "dmean2": 0.62272799015,
        "dvar": 0.517892956734,
        "dvar2": 1.28980672359,
        "max": 8.36982059479,
        "mean": 0.76165163517,
        "median": 0.431683331728,
        "min": 0,
        "var": 1.09505629539
    },
    "zerocrossingrate": {
        "dmean": 0.00840244349092,
        "dmean2": 0.00971683487296,
        "dvar": 0.000158879483934,
        "dvar2": 0.000172229207237,
        "max": 0.50390625,
        "mean": 0.0577493607998,
        "median": 0.05224609375,
        "min": 0.0146484375,
        "var": 0.000923236832023
    },
    "barkbands": {
        "dmean": [4.57976784674e-05, 0.00175191205926, 0.00139018404298, 0.000855838356074, 0.00256377458572, 0.000841353496071, 0.000574683421291, 0.000653596653137, 0.000532230420504, 0.000571420358028, 0.00038047041744, 0.000297140446492, 0.000253164558671, 0.000324700260535, 0.000176469286089, 0.000226378833759, 0.000233904997003, 0.000202139694011, 0.000181327821338, 0.000109140280983, 8.88968424988e-05, 6.91626846674e-05, 5.28818927705e-05, 4.16549628426e-05, 1.05271074062e-05, 1.19851595315e-08, 7.82756304218e-10],
        "dmean2": [7.72031708038e-05, 0.0028473387938, 0.00243791076355, 0.00137309124693, 0.00428705615923, 0.00136760086752, 0.000958789431024, 0.0010643536225, 0.000865351234097, 0.000851819524541, 0.000608119415119, 0.000465606455691, 0.000398847885663, 0.000488116987981, 0.000283732078969, 0.000359435594874, 0.000372650538338, 0.000322638778016, 0.000287532864604, 0.00017394295719, 0.000130752494442, 0.000100338744232, 7.25607460481e-05, 5.74505684199e-05, 1.56507339852e-05, 1.90658280275e-08, 1.43862244339e-09],
        "dvar": [7.88522047657e-09, 1.67707530636e-05, 1.21259854495e-05, 1.69180589182e-06, 1.907384285e-05, 2.15726413444e-06, 1.67942414464e-06, 5.11023472427e-06, 1.60645561209e-06, 1.90303137515e-06, 7.35614605674e-07, 2.92970412374e-07, 2.82866778889e-07, 5.82304664931e-07, 1.4300218254e-07, 2.08201015539e-07, 2.12964380353e-07, 1.05372087944e-07, 8.82864057417e-08, 5.77384753342e-08, 3.30278382421e-08, 3.10034486972e-08, 1.37625484342e-08, 6.26917717739e-09, 5.84946480142e-10, 2.17318139904e-15, 1.65186014113e-18],
        "dvar2": [2.1138204076e-08, 3.84720297006e-05, 3.33573152602e-05, 4.10800203099e-06, 5.08436751261e-05, 5.52534083909e-06, 4.65385846837e-06, 1.35996715471e-05, 3.78358549824e-06, 4.03522108172e-06, 1.44123805512e-06, 6.2717720084e-07, 6.77305308727e-07, 1.30513672048e-06, 3.22795699503e-07, 4.52071816426e-07, 5.00395685776e-07, 2.5179983254e-07, 2.04006937565e-07, 1.35067239171e-07, 6.47787032904e-08, 6.50350244769e-08, 2.38842208233e-08, 1.18300507168e-08, 1.43524414575e-09, 6.39460747266e-15, 5.10916459868e-18],
        "max": [0.00096420123009, 0.0392147153616, 0.035680051893, 0.0119470003992, 0.048961084336, 0.0140486741439, 0.0195155180991, 0.0575456880033, 0.0216166675091, 0.0252689849585, 0.0177133753896, 0.0118242604658, 0.00696714268997, 0.0165557134897, 0.0116336839274, 0.0106592616066, 0.0104675907642, 0.00476081389934, 0.00505408691242, 0.00298743997701, 0.00192504550796, 0.00445827003568, 0.0026777673047, 0.000984248705208, 0.000356648874003, 9.12329824132e-07, 1.27497354896e-08],
        "mean": [5.84324043302e-05, 0.00243300711736, 0.00160567404237, 0.00116311747115, 0.00479985959828, 0.00140178541187, 0.00095040834276, 0.000970574852545, 0.000773076608311, 0.00113999063615, 0.000656089396216, 0.000544336333405, 0.000453766435385, 0.000631151080597, 0.000376636569854, 0.000456977664726, 0.000453883782029, 0.000408102641813, 0.000410723441746, 0.000207966528251, 0.000172295927769, 0.000148532257299, 0.000101106306829, 7.85394731793e-05, 1.48246172103e-05, 1.49389318693e-08, 6.61010024494e-10],
        "median": [1.70086732396e-05, 0.00126888579689, 0.000541384681128, 0.000665234925691, 0.00362022104673, 0.000751806190237, 0.000420525931986, 0.000356887932867, 0.000295647245366, 0.000305256922729, 0.000218850007514, 0.000268173142103, 0.0001846102532, 0.000211952559766, 0.000136977076181, 0.000185925659025, 0.000197303423192, 0.000251511082752, 0.000219265901251, 7.51165134716e-05, 5.83543842367e-05, 4.38272836618e-05, 2.50612883974e-05, 1.94907152036e-05, 2.40107465288e-06, 2.3942949845e-09, 2.4740151594e-10],
        "min": [4.23333527317e-24, 2.20651037399e-23, 1.01034520062e-23, 1.27928673698e-23, 3.06159283899e-23, 2.47350839374e-23, 4.47002320591e-23, 7.85311094256e-23, 1.16024967742e-22, 9.84915054492e-23, 5.99177849057e-23, 1.02263320805e-22, 1.19196529369e-22, 1.36249670034e-22, 1.37155231866e-22, 1.60578380165e-22, 1.09344944084e-22, 5.4790305142e-22, 3.245235177e-22, 3.42643236174e-22, 4.53595424399e-22, 4.9363553008e-22, 4.63214327271e-22, 9.76103415071e-22, 1.07404161979e-21, 1.80340297523e-21, 2.44368721747e-21],
        "var": [1.00746531118e-08, 1.80999795703e-05, 1.0013883184e-05, 2.23251231546e-06, 2.65197195404e-05, 3.3392620935e-06, 2.52819381785e-06, 4.81333881908e-06, 2.77555568573e-06, 8.34552429296e-06, 2.80885979009e-06, 8.0933625668e-07, 6.93192021117e-07, 1.44204557273e-06, 5.65952007037e-07, 6.89535511356e-07, 5.25541508978e-07, 2.25302272838e-07, 3.4387312553e-07, 1.28538005129e-07, 8.30691035958e-08, 1.00671861958e-07, 4.38471019493e-08, 2.14235988949e-08, 1.07034714425e-09, 2.31012312144e-15, 1.30297738244e-18]
    },
    "erbbands": {
        "dmean": [0.0452160723507, 0.426491945982, 1.30671322346, 2.3407535553, 7.88885307312, 7.80966758728, 7.84206914902, 5.65445232391, 6.144510746, 14.1078939438, 12.9862060547, 9.68434715271, 19.9030170441, 16.0497817993, 11.6793832779, 12.2212877274, 10.0046720505, 15.5424566269, 11.1566019058, 9.94195652008, 12.019405365, 11.0853128433, 9.54550743103, 11.2695293427, 7.32756710052, 4.95129680634, 3.6754655838, 3.71640348434, 2.38450622559, 2.10826683044, 1.51206564903, 0.900897979736, 0.696438491344, 0.234813064337, 0.00999514386058, 0.000472029030789, 3.44478939951e-05, 6.01403917244e-06, 4.56698262497e-06, 8.50671585795e-06],
        "dmean2": [0.0732325986028, 0.695811212063, 2.24902248383, 3.90433812141, 12.2478046417, 13.5867547989, 13.1046772003, 9.30236148834, 10.1025514603, 23.1911392212, 20.9393634796, 15.4751977921, 32.0473594666, 24.0568408966, 18.3139057159, 19.3057346344, 15.6540231705, 24.0402050018, 17.2051029205, 15.7898826599, 19.0545463562, 16.9203605652, 15.0376052856, 17.5585365295, 11.4613246918, 7.90648317337, 5.4326467514, 5.53340482712, 3.46661305428, 3.01324319839, 2.10627579689, 1.24958050251, 0.997777581215, 0.338405400515, 0.0155881885439, 0.000723160046618, 4.94109808642e-05, 8.16657484393e-06, 6.64875960865e-06, 1.28920191855e-05],
        "dvar": [0.00981720443815, 1.03371560574, 10.5681324005, 19.3815631866, 185.318710327, 196.298446655, 219.765991211, 91.7491378784, 340.414276123, 744.196166992, 2530.1652832, 449.791992188, 2751.00317383, 1590.72583008, 505.825714111, 395.191070557, 443.070373535, 751.968139648, 859.771972656, 550.531677246, 449.120025635, 408.468994141, 285.781616211, 309.427581787, 217.616531372, 113.680053711, 54.3254203796, 55.80286026, 29.1005249023, 49.3684196472, 10.0228013992, 3.25645804405, 1.73918223381, 0.262939631939, 0.000971757224761, 1.86695524462e-06, 5.40733191556e-09, 1.29460706044e-10, 5.68593887251e-11, 1.90181204118e-10],
        "dvar2": [0.0230477787554, 2.3618016243, 28.5585670471, 51.8281478882, 416.001647949, 563.365539551, 581.960571289, 237.312652588, 1025.47241211, 1968.83959961, 6646.80029297, 981.644958496, 7151.86767578, 3145.79150391, 1075.58728027, 842.719665527, 1036.92541504, 1696.60473633, 1900.97302246, 1148.63903809, 990.743591309, 941.022827148, 685.038330078, 705.108947754, 506.128967285, 261.685760498, 109.751235962, 109.407989502, 55.3717918396, 102.611297607, 19.9166564941, 6.13867139816, 3.38737392426, 0.62645637989, 0.00253699929453, 4.77570347357e-06, 1.18247545089e-08, 2.44583298059e-10, 1.14671612483e-10, 4.14888345901e-10],
        "max": [1.09289097786, 9.0491437912, 33.3292617798, 43.61510849, 153.898880005, 160.012710571, 156.635742188, 121.697227478, 355.531219482, 326.697662354, 1299.93945312, 420.45010376, 855.606079102, 866.239257812, 510.807891846, 430.765991211, 375.576293945, 410.517730713, 719.389953613, 695.301391602, 408.271209717, 392.865570068, 232.663757324, 341.629333496, 236.664199829, 124.815681458, 81.8193588257, 86.4709777832, 117.826347351, 219.273864746, 52.1811180115, 25.6302986145, 17.3997612, 7.59150838852, 0.429905533791, 0.0177421364933, 0.000986543949693, 0.000154502253281, 6.63141036057e-05, 0.000123630612507],
        "mean": [0.0698964744806, 0.558129549026, 1.55949890614, 3.23878192902, 13.9689912796, 12.4136314392, 12.3418140411, 10.2241811752, 11.7801599503, 21.4349403381, 19.7089881897, 15.8025074005, 31.0678501129, 36.8903236389, 23.462852478, 23.9277629852, 20.516954422, 33.0513877869, 25.0107479095, 20.555015564, 26.1744270325, 23.0267848969, 20.8033885956, 25.1895809174, 16.2742214203, 9.74703979492, 7.37652492523, 7.09424448013, 5.33913564682, 4.10478878021, 2.72385621071, 1.70383417606, 1.23738384247, 0.361165434122, 0.0130456965417, 0.000668139313348, 6.51652517263e-05, 1.32959021357e-05, 1.37848401209e-05, 2.51891997323e-05],
        "median": [0.0384053178132, 0.285720437765, 0.541330516338, 1.96544110775, 6.86274147034, 8.62161445618, 6.14568042755, 5.45903158188, 5.20848464966, 7.8972992897, 8.01405620575, 7.13384580612, 10.0591859818, 9.79634571075, 9.90698623657, 12.1089057922, 9.26037502289, 12.4057197571, 8.4936132431, 8.26672172546, 11.0584669113, 11.3749980927, 12.2949562073, 16.4449443817, 6.46693134308, 3.75078415871, 2.51895093918, 2.45463299751, 1.60258316994, 1.00908529758, 0.651564240456, 0.426623791456, 0.291575312614, 0.0672178715467, 0.00199344754219, 0.000120882999909, 2.04689513339e-05, 5.14743760505e-06, 9.62428839557e-06, 1.95341817744e-05],
        "min": [1.00146934476e-21, 3.66021443382e-21, 9.90276314762e-21, 2.67144780446e-20, 4.41745951052e-20, 1.43060822318e-19, 1.87128830677e-19, 2.59021113967e-19, 7.18378496355e-19, 6.42369024964e-19, 1.89264321506e-18, 2.1654889469e-18, 4.58098454855e-18, 2.41429370822e-18, 3.59879649306e-18, 3.45121258253e-18, 4.2096793016e-18, 8.30485529972e-18, 6.7672369696e-18, 4.66535945257e-18, 1.08388470057e-17, 8.38279639294e-18, 2.49685080013e-17, 1.62832157942e-17, 2.11926634243e-17, 1.68457283893e-17, 1.45190016751e-17, 1.81350101423e-17, 1.76309742535e-17, 1.45898265335e-17, 1.62677425537e-17, 1.73842907968e-17, 1.79801553142e-17, 1.32320773868e-17, 7.29475362087e-18, 5.69072137296e-18, 3.80342319222e-18, 1.36657764537e-18, 3.67954648484e-19, 3.21629955704e-20],
        "var": [0.0118844266981, 1.07544267178, 9.02976131439, 19.0840892792, 353.276184082, 208.283355713, 297.675201416, 182.654342651, 451.556518555, 1371.10546875, 2303.78540039, 959.093994141, 4735.52050781, 10156.7363281, 2298.60913086, 1460.68017578, 1205.87329102, 2978.91162109, 2429.13378906, 1810.48937988, 1621.78186035, 1129.00891113, 666.124267578, 830.18927002, 668.928344727, 265.92276001, 153.480987549, 142.374542236, 119.603561401, 112.329818726, 28.091091156, 10.4804811478, 5.23406028748, 0.575774252415, 0.0011732338462, 2.58418299381e-06, 1.35004123436e-08, 4.48602516245e-10, 1.54515789053e-10, 4.25281004857e-10]
    },
    "gfcc": {
        "mean": [-42.7765808105, 137.29598999, -159.320388794, 58.7860412598, -70.8775558472, 13.4827394485, -34.5087203979, -6.15666437149, -7.92323207855, -25.8404636383, 6.88926696777, -19.9725093842, 4.35750102997],
        "cov": [[8820.15039062, -508.723449707, -611.828430176, 423.684112549, -335.768890381, 107.592178345, -220.417617798, -38.0638580322, -108.197715759, 24.1131305695, -85.2564849854, -50.5811958313, 105.189613342], [-508.723449707, 917.24798584, 74.6336212158, -138.718826294, 398.781280518, -130.798660278, 188.567016602, -20.2808322906, 127.13684845, -65.9621047974, 137.144577026, 5.03728914261, 10.6123933792], [-611.828430176, 74.6336212158, 404.756591797, 145.450469971, 82.4851150513, 89.8622817993, 44.9321517944, 60.2567062378, 21.5815925598, 20.735162735, 11.5952997208, 25.5418834686, 17.437128067], [423.684112549, -138.718826294, 145.450469971, 247.827255249, -14.7774133682, 46.1563301086, -37.2490310669, 2.30626392365, -6.18472719193, 18.7496891022, -26.0580558777, 7.32068157196, 11.3606319427], [-335.768890381, 398.781280518, 82.4851150513, -14.7774133682, 317.279998779, -17.3190288544, 87.0817489624, 17.288646698, 68.2155838013, -28.0340957642, 55.345993042, -1.10494756699, 3.23200964928], [107.592178345, -130.798660278, 89.8622817993, 46.1563301086, -17.3190288544, 180.422927856, 40.4211845398, 59.8451538086, -4.46982240677, 20.6302509308, -23.670255661, 8.06817150116, 20.1057720184], [-220.417617798, 188.567016602, 44.9321517944, -37.2490310669, 87.0817489624, 40.4211845398, 139.067474365, 29.0872707367, 32.2443771362, -16.489151001, 24.7902908325, 11.1656208038, 6.74080562592], [-38.0638580322, -20.2808322906, 60.2567062378, 2.30626392365, 17.288646698, 59.8451538086, 29.0872707367, 96.7188644409, 40.5292320251, 34.0281867981, 10.8459644318, 2.27446627617, 9.86935138702], [-108.197715759, 127.13684845, 21.5815925598, -6.18472719193, 68.2155838013, -4.46982240677, 32.2443771362, 40.5292320251, 105.970794678, 44.4944725037, 35.818939209, 7.73037195206, 10.0212459564], [24.1131305695, -65.9621047974, 20.735162735, 18.7496891022, -28.0340957642, 20.6302509308, -16.489151001, 34.0281867981, 44.4944725037, 90.8010940552, 30.2168235779, 15.4705686569, 22.3627147675], [-85.2564849854, 137.144577026, 11.5952997208, -26.0580558777, 55.345993042, -23.670255661, 24.7902908325, 10.8459644318, 35.818939209, 30.2168235779, 74.8100357056, 23.7114582062, 12.0346260071], [-50.5811958313, 5.03728914261, 25.5418834686, 7.32068157196, -1.10494756699, 8.06817150116, 11.1656208038, 2.27446627617, 7.73037195206, 15.4705686569, 23.7114582062, 47.2837295532, 27.2258758545], [105.189613342, 10.6123933792, 17.437128067, 11.3606319427, 3.23200964928, 20.1057720184, 6.74080562592, 9.86935138702, 10.0212459564, 22.3627147675, 12.0346260071, 27.2258758545, 50.890789032]],
        "icov": [[0.000221900641918, -0.000418082374381, 0.000774418585934, -0.00088763498934, 0.000346717744833, -0.000438175542513, 0.000354363117367, -0.000474975968245, 0.000397166819312, -2.37018739426e-05, -3.86881802115e-05, 0.00022923159122, -0.000423682911787], [-0.000418082374381, 0.00905485264957, -0.00398838240653, 0.00428390130401, -0.0049852640368, 0.00463336287066, -0.00582845229656, 0.00565088260919, -0.00721364840865, 0.00801345705986, -0.00980358105153, 0.00727908546105, -0.00612831115723], [0.000774418585934, -0.00398838240653, 0.00765602476895, -0.00633631506935, 0.0013844545465, -0.00340557354502, 0.00202094204724, -0.0050917067565, 0.00434242840856, -0.00291066989303, 0.00274183019064, -0.00364650972188, 0.00172592303716], [-0.00088763498934, 0.00428390130401, -0.00633631506935, 0.0106951566413, -0.00296894321218, 0.00195873249322, -0.000893247663043, 0.0052518392913, -0.00429383665323, 0.0014248364605, -0.000468762242235, 0.000916726130527, -0.000920740130823], [0.000346717744833, -0.0049852640368, 0.0013844545465, -0.00296894321218, 0.00883655715734, -0.00264693237841, 0.00193098629825, -0.00266160746105, -3.84017839679e-05, 0.00105239369441, 8.66258778842e-05, 0.000163098316989, 0.000693658017553], [-0.000438175542513, 0.00463336287066, -0.00340557354502, 0.00195873249322, -0.00264693237841, 0.0129575422034, -0.0071194213815, -0.00225948635489, -1.02125377452e-05, 1.65464680322e-05, 0.000999680487439, 0.00201666541398, -0.00422136718407], [0.000354363117367, -0.00582845229656, 0.00202094204724, -0.000893247663043, 0.00193098629825, -0.0071194213815, 0.016387257725, -0.00444452278316, 0.000832964491565, 0.00122885673773, 0.00248368363827, -0.0060396278277, 0.00331110437401], [-0.000474975968245, 0.00565088260919, -0.0050917067565, 0.0052518392913, -0.00266160746105, -0.00225948635489, -0.00444452278316, 0.0221975464374, -0.0101640876383, 0.00154351617675, -0.00633758306503, 0.0074491109699, -0.00344206695445], [0.000397166819312, -0.00721364840865, 0.00434242840856, -0.00429383665323, -3.84017839679e-05, -1.02125377452e-05, 0.000832964491565, -0.0101640876383, 0.0251671113074, -0.0170925222337, 0.00868955813348, -0.00654091406614, 0.00602075411007], [-2.37018739426e-05, 0.00801345705986, -0.00291066989303, 0.0014248364605, 0.00105239369441, 1.65464680322e-05, 0.00122885673773, 0.00154351617675, -0.0170925222337, 0.0344670973718, -0.0220694579184, 0.0106126423925, -0.013716891408], [-3.86881802115e-05, -0.00980358105153, 0.00274183019064, -0.000468762242235, 8.66258778842e-05, 0.000999680487439, 0.00248368363827, -0.00633758306503, 0.00868955813348, -0.0220694579184, 0.0410261824727, -0.0226483326405, 0.0121906157583], [0.00022923159122, 0.00727908546105, -0.00364650972188, 0.000916726130527, 0.000163098316989, 0.00201666541398, -0.0060396278277, 0.0074491109699, -0.00654091406614, 0.0106126423925, -0.0226483326405, 0.0467797294259, -0.025444785133], [-0.000423682911787, -0.00612831115723, 0.00172592303716, -0.000920740130823, 0.000693658017553, -0.00422136718407, 0.00331110437401, -0.00344206695445, 0.00602075411007, -0.013716891408, 0.0121906157583, -0.025444785133, 0.0388421975076]]
    },
    "melbands": {
        "dmean": [0.000457375514088, 0.00061529368395, 0.000533948244993, 0.000579996441957, 0.000284877838567, 0.000138499133755, 9.65020299191e-05, 0.000149430255988, 0.000101610407, 6.8595931225e-05, 0.000100612815004, 6.71285597491e-05, 4.5112807129e-05, 3.37358942488e-05, 2.49288641498e-05, 2.76247828879e-05, 2.99402618111e-05, 2.07932844205e-05, 1.17612580652e-05, 1.7272446712e-05, 1.50195346578e-05, 1.27535586216e-05, 1.09366492325e-05, 9.96860308078e-06, 9.91278739093e-06, 6.40573489363e-06, 4.41820202468e-06, 3.43037777384e-06, 2.67363225248e-06, 2.16769649342e-06, 2.39421501647e-06, 1.55872623964e-06, 1.24864288864e-06, 1.15133184408e-06, 9.86026634564e-07, 6.77589127918e-07, 5.51206653654e-07, 5.53714698981e-07, 3.87142449654e-07, 1.36798291805e-07],
        "dmean2": [0.000745567318518, 0.00100622442551, 0.000843059737235, 0.000969729502685, 0.000480114133097, 0.000226039264817, 0.000158391558216, 0.000247372518061, 0.000162989090313, 0.000110791021143, 0.000161026779097, 0.000100081357232, 7.15034839232e-05, 5.24862625753e-05, 3.99406453653e-05, 4.32238375652e-05, 4.66106939712e-05, 3.19026548823e-05, 1.85666085599e-05, 2.73146124528e-05, 2.38793345488e-05, 1.9852501282e-05, 1.76256617124e-05, 1.60008712555e-05, 1.56574460561e-05, 1.02735284599e-05, 7.04108788341e-06, 5.48381694898e-06, 4.01959096052e-06, 3.13854593514e-06, 3.68446785615e-06, 2.36091841543e-06, 1.86106149158e-06, 1.66776158039e-06, 1.43789691265e-06, 9.91485876511e-07, 7.74636362166e-07, 7.93203525973e-07, 5.5975539226e-07, 2.13006003946e-07],
        "dvar": [1.12703958166e-06, 2.21234927267e-06, 6.85028055614e-07, 1.09905590762e-06, 2.60834184473e-07, 5.62968196505e-08, 6.71796485108e-08, 9.97166154093e-08, 1.46551442981e-07, 2.30084555852e-08, 6.92198511842e-08, 2.93544886176e-08, 8.28434743028e-09, 4.00409216894e-09, 2.32047803195e-09, 3.09510062024e-09, 2.93245916438e-09, 4.16925693969e-09, 1.00121577695e-09, 1.7077904646e-09, 7.05932201583e-10, 5.6400828452e-10, 4.21263052219e-10, 2.75563905028e-10, 2.48009057735e-10, 1.46879231e-10, 1.09154948968e-10, 5.72345747185e-11, 2.6377287507e-11, 1.96589047124e-11, 2.30885172092e-11, 1.18437421329e-11, 1.84669154968e-11, 1.3464531573e-11, 4.43688488727e-12, 2.02925632027e-12, 1.20821408434e-12, 1.11584298659e-12, 5.37456797817e-13, 1.50430950791e-13],
        "dvar2": [2.62140656559e-06, 5.51531411475e-06, 1.61157106504e-06, 2.90847538054e-06, 7.03693501691e-07, 1.48127455191e-07, 1.98094866732e-07, 2.62210903657e-07, 3.81502246682e-07, 5.43145226573e-08, 1.77833470616e-07, 5.88109436706e-08, 1.68660516664e-08, 8.15185696723e-09, 4.93107155108e-09, 7.23207227438e-09, 6.5524927706e-09, 9.31302324148e-09, 2.09009765051e-09, 3.81904730062e-09, 1.61146396227e-09, 1.29521338099e-09, 1.04989783534e-09, 6.71102673433e-10, 5.70765101848e-10, 3.44520356688e-10, 2.66975108687e-10, 1.33865002416e-10, 5.73380128099e-11, 3.95980991053e-11, 4.82060814877e-11, 2.40609060453e-11, 4.2631852909e-11, 2.63678974488e-11, 9.60902451358e-12, 4.14640891067e-12, 2.31273203713e-12, 2.18761098646e-12, 1.13795019414e-12, 3.99367523643e-13],
        "max": [0.0109289614484, 0.0143890623003, 0.00713260192424, 0.0120295574889, 0.00518838595599, 0.00289102131501, 0.0046478365548, 0.00509360432625, 0.00968714989722, 0.00251759472303, 0.00431075086817, 0.00369965983555, 0.00192319205962, 0.00141632545274, 0.00147228629794, 0.000809742312413, 0.000739330367651, 0.00163472234271, 0.00118313007988, 0.0011259377934, 0.00051090028137, 0.000496582826599, 0.000326479814248, 0.000235948813497, 0.000306819885736, 0.00024325789127, 0.000159031347721, 0.000105722050648, 6.56436604913e-05, 5.04691779497e-05, 4.8914909712e-05, 6.75892733852e-05, 0.000121592638607, 0.000113968650112, 2.96578546113e-05, 1.6933248844e-05, 1.58623824973e-05, 1.42493909152e-05, 8.58882503962e-06, 5.87217527936e-06],
        "mean": [0.000665436789859, 0.000810763216577, 0.000881853338797, 0.00101110164542, 0.000466149154818, 0.000247040443355, 0.000185482364031, 0.000227866825298, 0.00015197515313, 0.000102759280708, 0.000155714340508, 0.000150706880959, 8.51120348671e-05, 6.29354617558e-05, 4.82235845993e-05, 5.31807927473e-05, 6.05733075645e-05, 4.32788910985e-05, 2.3211721782e-05, 3.37757592206e-05, 2.9846738471e-05, 2.43524482357e-05, 2.06196855288e-05, 1.95967586478e-05, 2.07250886888e-05, 1.38912328111e-05, 8.0767158579e-06, 6.23306232228e-06, 5.00881651533e-06, 3.75895297111e-06, 4.32060869571e-06, 3.31084493155e-06, 2.28412454817e-06, 2.19439539251e-06, 1.66945915225e-06, 1.14735394163e-06, 1.01372177141e-06, 9.52487937411e-07, 6.39219138066e-07, 1.70912230146e-07],
        "median": [0.00036980578443, 0.000343178631738, 0.000567421200685, 0.000705759099219, 0.00023181985307, 0.000128440864501, 8.36292747408e-05, 8.34911988932e-05, 6.14926902927e-05, 4.33319910371e-05, 4.9499587476e-05, 3.58293655154e-05, 2.98165596178e-05, 2.89871422865e-05, 2.29625202337e-05, 2.03262316063e-05, 2.18526674871e-05, 1.39157737067e-05, 9.06885179575e-06, 1.21149687402e-05, 1.30535172502e-05, 1.08827725853e-05, 9.44346811593e-06, 1.1951239685e-05, 1.3236891391e-05, 5.18992737852e-06, 2.81091638499e-06, 2.11512838177e-06, 1.63729305314e-06, 1.18863033549e-06, 1.43887882587e-06, 1.0106522268e-06, 5.21928086528e-07, 5.42245800261e-07, 3.92626049006e-07, 2.73998182365e-07, 2.40018238173e-07, 2.19445098537e-07, 1.34899991622e-07, 2.21197762329e-08],
        "min": [7.44599891981e-24, 4.91810755967e-24, 5.5226215321e-24, 5.8940511673e-24, 6.96168171136e-24, 5.55443195367e-24, 1.00764469308e-23, 9.11451230956e-24, 1.52281835362e-23, 1.55873029969e-23, 2.24885548075e-23, 9.03206056775e-24, 9.97881119429e-24, 1.31015841408e-23, 9.1259807694e-24, 1.19732101237e-23, 1.43921282384e-23, 9.88752657692e-24, 9.63955682883e-24, 4.34236216116e-24, 1.55759907316e-23, 6.93594906863e-24, 1.74243407419e-23, 2.5294444695e-23, 1.09432512378e-23, 1.50553756663e-23, 1.21375590381e-23, 1.17806901975e-23, 7.97083912411e-24, 1.25487259637e-23, 9.97282768432e-24, 9.10922773035e-24, 1.10733462339e-23, 6.49938673836e-24, 9.49063882259e-24, 9.432527384e-24, 1.04030258792e-23, 1.2822074156e-23, 1.0809955044e-23, 1.13199457306e-23],
        "var": [1.233410444e-06, 2.17511228584e-06, 1.03297520582e-06, 1.44767534493e-06, 3.79615812562e-07, 1.1023466584e-07, 9.84154340244e-08, 1.60804148663e-07, 1.40900198176e-07, 4.19655172834e-08, 1.22884785014e-07, 1.8360373133e-07, 4.09078353414e-08, 1.08245812314e-08, 9.61319557291e-09, 8.78494965662e-09, 1.06122302057e-08, 9.54929912922e-09, 3.41922201663e-09, 5.16857667776e-09, 2.01413974388e-09, 1.3985139713e-09, 9.15161557646e-10, 5.57977275495e-10, 6.23212814688e-10, 5.99771843302e-10, 2.17427686966e-10, 1.26626889529e-10, 7.6198138077e-11, 4.30772292837e-11, 5.52837706169e-11, 4.76609376965e-11, 3.63609385656e-11, 3.20735070447e-11, 1.1122265435e-11, 4.79302752002e-12, 3.92621829146e-12, 3.23315181051e-12, 1.47367209581e-12, 1.99070753913e-13]
    },
    "mfcc": {
        "mean": [-652.82019043, 127.735740662, -11.5265645981, 26.6607666016, 2.17412805557, 3.64646577835, -3.42679929733, 7.60286855698, -7.22727489471, -1.84916377068, -3.0128903389, -0.445422023535, -8.96673297882],
        "cov": [[7933.53320312, -772.043762207, -311.492095947, 101.658981323, -136.636749268, 73.7765960693, -115.158218384, -100.929489136, -48.4477615356, 44.7499046326, -170.087585449, -76.7364578247, -49.0298156738], [-772.043762207, 1140.94873047, -215.355819702, 88.1444854736, 150.087753296, -2.69535446167, 79.915473938, 109.836868286, -3.74758505821, 11.0381641388, 99.5240631104, 37.1582679749, 5.66106176376], [-311.492095947, -215.355819702, 376.444335938, 52.5299301147, 22.8090515137, 52.4798583984, 40.5967788696, 17.3680992126, 55.2220687866, -4.57991409302, -9.79480838776, 41.8790092468, 31.0267791748], [101.658981323, 88.1444854736, 52.5299301147, 202.005508423, 76.2084197998, 31.261598587, -12.8741970062, -0.34806111455, -4.2941942215, -7.70186519623, -2.06686353683, 10.0108318329, 10.6405467987], [-136.636749268, 150.087753296, 22.8090515137, 76.2084197998, 180.640823364, 31.5394954681, 24.4260177612, 25.4927349091, 30.4830722809, 17.7602119446, 28.2139339447, 18.6047039032, 13.5316562653], [73.7765960693, -2.69535446167, 52.4798583984, 31.261598587, 31.5394954681, 94.3573303223, 39.6072387695, 30.0793170929, 28.4030303955, -1.21977472305, -9.0036945343, 17.8554592133, -0.854811131954], [-115.158218384, 79.915473938, 40.5967788696, -12.8741970062, 24.4260177612, 39.6072387695, 107.817443848, 53.8320617676, 29.4482212067, -0.398882091045, 4.97162008286, 15.0526800156, 4.00455570221], [-100.929489136, 109.836868286, 17.3680992126, -0.34806111455, 25.4927349091, 30.0793170929, 53.8320617676, 96.2112503052, 36.4917411804, 3.65212678909, 15.5285377502, 14.1375579834, -9.4705247879], [-48.4477615356, -3.74758505821, 55.2220687866, -4.2941942215, 30.4830722809, 28.4030303955, 29.4482212067, 36.4917411804, 88.2771530151, 24.786857605, 14.1142530441, 23.5177764893, 11.1699523926], [44.7499046326, 11.0381641388, -4.57991409302, -7.70186519623, 17.7602119446, -1.21977472305, -0.398882091045, 3.65212678909, 24.786857605, 71.1622085571, 34.6087532043, 12.3206644058, 14.5853824615], [-170.087585449, 99.5240631104, -9.79480838776, -2.06686353683, 28.2139339447, -9.0036945343, 4.97162008286, 15.5285377502, 14.1142530441, 34.6087532043, 77.3798141479, 15.0514707565, 3.34571099281], [-76.7364578247, 37.1582679749, 41.8790092468, 10.0108318329, 18.6047039032, 17.8554592133, 15.0526800156, 14.1375579834, 23.5177764893, 12.3206644058, 15.0514707565, 51.875617981, 22.9342384338], [-49.0298156738, 5.66106176376, 31.0267791748, 10.6405467987, 13.5316562653, -0.854811131954, 4.00455570221, -9.4705247879, 11.1699523926, 14.5853824615, 3.34571099281, 22.9342384338, 81.3640518188]],
