{
"lowlevel": {
    "average_loudness": 0.867036879063,
    "barkbands_crest": {
        "dmean": 2.27682304382,
        "dmean2": 3.52482748032,
        "dvar": 3.66453194618,
        "dvar2": 8.47131919861,
        "max": 21.3579864502,
        "mean": 9.54914569855,
        "median": 9.09856414795,
        "min": 3.18098950386,
        "var": 9.91084575653
    },
    "barkbands_flatness_db": {
        "dmean": 0.032772038132,
        "dmean2": 0.0453327707946,
        "dvar": 0.001217846293,
        "dvar2": 0.00206099473871,
        "max": 0.331471055746,
        "mean": 0.19403719902,
        "median": 0.199424192309,
        "min": 0.0652405694127,
        "var": 0.00349567551166
    },
    "barkbands_kurtosis": {
        "dmean": 1.06947207451,
        "dmean2": 1.63999068737,
        "dvar": 1.23557913303,
        "dvar2": 3.15544629097,
        "max": 10.0707378387,
        "mean": 1.08186125755,
        "median": 0.601064682007,
        "min": -1.54281210899,
        "var": 3.60576677322
    },
    "barkbands_skewness": {
        "dmean": 0.426209717989,
        "dmean2": 0.598578691483,
        "dvar": 0.169274240732,
        "dvar2": 0.310328960419,
        "max": 1.48655331135,
        "mean": -0.318214833736,
        "median": -0.273531883955,
        "min": -2.76126265526,
        "var": 0.532124519348
    },
    "barkbands_spread": {
        "dmean": 4.48353433609,
        "dmean2": 7.01795482635,
        "dvar": 35.2325935364,
        "dvar2": 81.3488769531,
        "max": 64.2343292236,
        "mean": 14.622797966,
        "median": 12.3200864792,
        "min": 3.28800868988,
        "var": 69.0430526733
    },
    "dissonance": {
        "dmean": 0.0265010390431,
        "dmean2": 0.0446192994714,
        "dvar": 0.00068346055923,
        "dvar2": 0.0019270463381,
        "max": 0.499262243509,
        "mean": 0.453881829977,
        "median": 0.461542457342,
        "min": 0.269736498594,
        "var": 0.00105701084249
    },
    "dynamic_complexity": 3.44701099396,
    "erbbands_crest": {
        "dmean": 3.05505418777,
        "dmean2": 4.73083972931,
        "dvar": 6.53226900101,
        "dvar2": 15.2374305725,
        "max": 28.2379207611,
        "mean": 13.584400177,
        "median": 13.193693161,
        "min": 4.02236843109,
        "var": 16.4090213776
    },
    "erbbands_flatness_db": {
        "dmean": 0.036531355232,
        "dmean2": 0.0482602864504,
        "dvar": 0.00167798518669,
        "dvar2": 0.00280762743205,
        "max": 0.422099143267,
        "mean": 0.282294601202,
        "median": 0.293364405632,
        "min": 0.130801975727,
        "var": 0.00476721907035
    },
    "erbbands_kurtosis": {
        "dmean": 1.91942512989,
        "dmean2": 2.95560097694,
        "dvar": 3.61994600296,
        "dvar2": 9.04232311249,
        "max": 19.7172584534,
        "mean": 3.16710424423,
        "median": 2.73547315598,
        "min": -1.71539747715,
        "var": 9.36995697021
    },
    "erbbands_skewness": {
        "dmean": 0.523649096489,
        "dmean2": 0.735267341137,
        "dvar": 0.297630757093,
        "dvar2": 0.51328265667,
        "max": 2.47637844086,
        "mean": 0.00792222004384,
        "median": 0.0487955659628,
        "min": -2.72354769707,
        "var": 0.974420964718
    },
    "erbbands_spread": {
        "dmean": 5.68610572815,
        "dmean2": 8.98273086548,
        "dvar": 58.6191101074,
        "dvar2": 137.374588013,
        "max": 59.7557029724,
        "mean": 14.8864393234,
        "median": 10.7224225998,
        "min": 2.5888736248,
        "var": 118.74143219
    },
    "hfc": {
        "dmean": 17.2523899078,
        "dmean2": 25.08659935,
        "dvar": 938.838317871,
        "dvar2": 2041.16967773,
        "max": 392.927398682,
        "mean": 39.9729576111,
        "median": 27.5639209747,
        "min": 9.53947255766e-06,
        "var": 1919.33178711
    },
    "melbands_crest": {
        "dmean": 2.49518156052,
        "dmean2": 3.80289292336,
        "dvar": 4.88690376282,
        "dvar2": 11.034488678,
        "max": 26.9139175415,
        "mean": 11.2932395935,
        "median": 10.254527092,
        "min": 4.16895627975,
        "var": 16.8622074127
    },
    "melbands_flatness_db": {
        "dmean": 0.0347591526806,
        "dmean2": 0.045578058809,
        "dvar": 0.00155649741646,
        "dvar2": 0.00279753748327,
        "max": 0.339726805687,
        "mean": 0.196259573102,
        "median": 0.202747806907,
        "min": 0.0262545980513,
        "var": 0.00545357260853
    },
    "melbands_kurtosis": {
        "dmean": 0.943356513977,
        "dmean2": 1.33180654049,
        "dvar": 0.941678822041,
        "dvar2": 1.92292499542,
        "max": 11.4435853958,
        "mean": 0.889930427074,
        "median": 0.557343482971,
        "min": -1.73702597618,
        "var": 3.47540354729
    },
    "melbands_skewness": {
        "dmean": 0.411039978266,
        "dmean2": 0.599199295044,
        "dvar": 0.169196516275,
        "dvar2": 0.370808809996,
        "max": 1.86071276665,
        "mean": -0.0369219146669,
        "median": -0.0174909718335,
        "min": -1.99563062191,
        "var": 0.522970914841
    },
    "melbands_spread": {
        "dmean": 7.78967618942,
        "dmean2": 12.0901670456,
        "dvar": 123.77709198,
        "dvar2": 276.138427734,
        "max": 147.228485107,
        "mean": 32.1961975098,
        "median": 28.6810417175,
        "min": 9.22007846832,
        "var": 285.029388428
    },
    "pitch_salience": {
        "dmean": 0.0537483766675,
        "dmean2": 0.0867389589548,
        "dvar": 0.00205086008646,
        "dvar2": 0.00523660425097,
        "max": 0.740773260593,
        "mean": 0.513644218445,
        "median": 0.508874893188,
        "min": 0.313686788082,
        "var": 0.00499517656863
    },
    "silence_rate_20dB": {
        "dmean": 0,
        "dmean2": 0,
        "dvar": 0,
        "dvar2": 0,
        "max": 1,
        "mean": 1,
        "median": 1,
        "min": 1,
        "var": 0
    },
    "silence_rate_30dB": {
        "dmean": 0.00464396271855,
        "dmean2": 0.00929511990398,
        "dvar": 0.00462230900303,
        "dvar2": 0.00920901354402,
        "max": 1,
        "mean": 0.99535959959,
        "median": 1,
        "min": 0,
        "var": 0.00461878115311
    },
    "silence_rate_60dB": {
        "dmean": 0.00773993786424,
        "dmean2": 0.0154918665066,
        "dvar": 0.00768019678071,
        "dvar2": 0.0183505490422,
        "max": 1,
        "mean": 0.080433100462,
        "median": 0,
        "min": 0,
        "var": 0.0739638730884
    },
    "spectral_centroid": {
        "dmean": 232.221923828,
        "dmean2": 353.67855835,
        "dvar": 104070.9375,
        "dvar2": 254405.328125,
        "max": 4665.27636719,
        "mean": 1723.94506836,
        "median": 1583.11523438,
        "min": 901.57019043,
        "var": 260311.875
    },
    "spectral_complexity": {
        "dmean": 2.60526323318,
        "dmean2": 4.3284277916,
        "dvar": 13.545425415,
        "dvar2": 35.5636978149,
        "max": 45,
        "mean": 15.3047180176,
        "median": 14,
        "min": 0,
        "var": 45.5457801819
    },
    "spectral_decrease": {
        "dmean": 1.28525701193e-09,
        "dmean2": 1.60170754437e-09,
        "dvar": 2.70689975092e-18,
        "dvar2": 4.48683319687e-18,
        "max": -1.76421165749e-15,
        "mean": -4.83506079618e-09,
        "median": -4.0642693655e-09,
        "min": -2.89673511844e-08,
        "var": 1.34473288073e-17
    },
    "spectral_energy": {
        "dmean": 0.00616285577416,
        "dmean2": 0.00793649535626,
        "dvar": 6.73022732371e-05,
        "dvar2": 0.00012083670299,
        "max": 0.127110928297,
        "mean": 0.0218743067235,
        "median": 0.0181257668883,
        "min": 7.52379669677e-09,
        "var": 0.000286471447907
    },
    "spectral_energyband_high": {
        "dmean": 0.00159686047118,
        "dmean2": 0.00253182672895,
        "dvar": 1.47502942127e-05,
        "dvar2": 3.23299209413e-05,
        "max": 0.0478515513241,
        "mean": 0.00194835546426,
        "median": 0.000179587412276,
        "min": 5.50119394482e-11,
        "var": 2.27450145758e-05
    },
    "spectral_energyband_low": {
        "dmean": 9.2033034889e-05,
        "dmean2": 0.000147930972162,
        "dvar": 4.47538219817e-08,
        "dvar2": 1.10184949165e-07,
        "max": 0.00319796940312,
        "mean": 0.000178902264452,
        "median": 0.000102318605059,
        "min": 4.04186961678e-11,
        "var": 6.20084321667e-08
    },
    "spectral_energyband_middle_high": {
        "dmean": 0.00484194653109,
        "dmean2": 0.00623143883422,
        "dvar": 3.93439695472e-05,
        "dvar2": 6.60804653307e-05,
        "max": 0.116333670914,
        "mean": 0.0168732218444,
        "median": 0.013158487156,
        "min": 4.43108305603e-09,
        "var": 0.000203352930839
    },
    "spectral_energyband_middle_low": {
        "dmean": 0.000878236081917,
        "dmean2": 0.00085969286738,
        "dvar": 7.94954644334e-07,
        "dvar2": 1.25545386709e-06,
        "max": 0.0181838534772,
        "mean": 0.00294082053006,
        "median": 0.00256323744543,
        "min": 1.72836744916e-09,
        "var": 4.24229983764e-06
    },
    "spectral_entropy": {
        "dmean": 0.279844939709,
        "dmean2": 0.381011754274,
        "dvar": 0.114637225866,
        "dvar2": 0.229919105768,
        "max": 8.51716041565,
        "mean": 7.25463294983,
        "median": 7.16267871857,
        "min": 6.13085412979,
        "var": 0.344679325819
    },
    "spectral_flux": {
        "dmean": 0.0182495601475,
        "dmean2": 0.0287839714438,
        "dvar": 0.000458829832496,
        "dvar2": 0.00108503107913,
        "max": 0.251180171967,
        "mean": 0.057442560792,
        "median": 0.0518009662628,
        "min": 9.15312266443e-05,
        "var": 0.00100829545408
    },
    "spectral_kurtosis": {
        "dmean": 5.17755126953,
        "dmean2": 8.6643819809,
        "dvar": 44.9953804016,
        "dvar2": 119.238525391,
        "max": 64.9250793457,
        "mean": 7.77743339539,
        "median": 4.58037853241,
        "min": -0.729657649994,
        "var": 78.6747283936
    },
    "spectral_rms": {
        "dmean": 0.000609280599747,
        "dmean2": 0.000767329765949,
        "dvar": 3.88152557207e-07,
        "dvar2": 6.9093420052e-07,
        "max": 0.0111360074952,
        "mean": 0.00426888512447,
        "median": 0.00420519616455,
        "min": 2.70929695034e-06,
        "var": 3.11739404424e-06
    },
    "spectral_rolloff": {
        "dmean": 811.1484375,
        "dmean2": 1460.37145996,
        "dvar": 2295460.5,
        "dvar2": 5702850.5,
        "max": 8742.48046875,
        "mean": 2581.56079102,
        "median": 1959.52148438,
        "min": 1141.25976562,
        "var": 3011785.75
    },
    "spectral_skewness": {
        "dmean": 0.503155052662,
        "dmean2": 0.842136442661,
        "dvar": 0.258609592915,
        "dvar2": 0.704342782497,
        "max": 5.50500297546,
        "mean": 1.67534959316,
        "median": 1.56288290024,
        "min": 0.0240372288972,
        "var": 0.680290043354
    },
    "spectral_spread": {
        "dmean": 1213871.625,
        "dmean2": 1701756.125,
        "dvar": 2.80651707187e+12,
        "dvar2": 5.1336797225e+12,
        "max": 10630168,
        "mean": 3763554.5,
        "median": 2768076.75,
        "min": 992378,
        "var": 5.44672946586e+12
    },
    "spectral_strongpeak": {
        "dmean": 1.38929247856,
        "dmean2": 2.13632321358,
        "dvar": 4.74185800552,
        "dvar2": 10.0393543243,
        "max": 34.2412567139,
        "mean": 4.43090820312,
        "median": 3.94693517685,
        "min": 0.00039926826139,
        "var": 10.390296936
    },
    "zerocrossingrate": {
        "dmean": 0.0145501764491,
        "dmean2": 0.017097029835,
        "dvar": 0.000287705188384,
        "dvar2": 0.000355865864549,
        "max": 0.27197265625,
        "mean": 0.0880348831415,
        "median": 0.0732421875,
        "min": 0.03515625,
        "var": 0.00144577701576
    },
    "barkbands": {
        "dmean": [7.82253118814e-06, 6.10223833064e-05, 3.16282894346e-05, 8.04202936706e-05, 0.000166532234289, 3.40869701176e-05, 0.000178513320861, 0.0003264900879, 0.000199131900445, 0.000292016979074, 0.000888815149665, 0.000693777517881, 0.00194714055397, 0.00201373314485, 0.000814875878859, 0.000792871345766, 0.000259614636889, 8.09767661849e-05, 6.31338480162e-05, 8.81071900949e-05, 0.000199057991267, 0.000284388574073, 0.000694379734341, 0.000227418044233, 0.000149189931108, 0.000102579855593, 3.31741517812e-07],
        "dmean2": [1.27406920001e-05, 0.000103264253994, 5.41132103535e-05, 8.03617804195e-05, 0.000169393169926, 4.22745179094e-05, 0.000207007688005, 0.000347462366335, 0.000233460916206, 0.000336230063112, 0.00115498655941, 0.00086133449804, 0.00265085417777, 0.00283610261977, 0.00118368375115, 0.00118265952915, 0.000437214650447, 0.000129331237986, 0.000109594577225, 0.000160865660291, 0.000359280005796, 0.00049157202011, 0.00101596885361, 0.000365887011867, 0.000255330669461, 0.000180650153197, 6.38899052774e-07],
        "dvar": [4.07295586147e-10, 1.82787953662e-08, 6.48781783852e-09, 2.5783222668e-08, 4.99211907368e-08, 7.4861370436e-09, 1.12986811018e-07, 2.29378912309e-07, 9.06970853976e-08, 6.48629338684e-07, 4.72765805171e-06, 3.36335142492e-06, 1.0874849977e-05, 7.78890353104e-06, 1.95846996576e-06, 2.00124372896e-06, 1.72327830228e-07, 1.26727627503e-07, 1.99183940452e-08, 6.04506809054e-08, 2.12103799413e-07, 4.78854133235e-07, 4.36084383182e-06, 3.39404579108e-07, 9.71329754407e-08, 4.56272672977e-08, 3.02061782705e-12],
        "dvar2": [9.8217833866e-10, 4.59613431758e-08, 1.83598132253e-08, 2.59568828653e-08, 1.1830429969e-07, 1.43326301938e-08, 1.57689981961e-07, 3.53191694558e-07, 1.43301008393e-07, 6.59675436054e-07, 7.03889782017e-06, 4.53308302895e-06, 2.351108742e-05, 1.50578516696e-05, 3.85065004593e-06, 3.71885334971e-06, 4.49017136361e-07, 2.17570431005e-07, 5.52513235164e-08, 1.74138918396e-07, 6.43819191737e-07, 1.19422259104e-06, 8.2302649389e-06, 7.56212671149e-07, 2.46313334173e-07, 1.21026843658e-07, 8.85487516644e-12],
        "max": [0.000373032089556, 0.00202406267636, 0.00141090911347, 0.00309916539118, 0.00503402296454, 0.00181253580377, 0.00907894596457, 0.0117736747488, 0.00459821382537, 0.0248913262039, 0.0610486119986, 0.0398112274706, 0.0623269192874, 0.0413874387741, 0.029624229297, 0.0228433366865, 0.00556593202055, 0.0121411103755, 0.00190014438704, 0.00389070506208, 0.00371912238188, 0.00736565282568, 0.0311207864434, 0.00811404176056, 0.00231507234275, 0.00120936601888, 2.2065209123e-05],
        "mean": [1.09453030745e-05, 7.85709562479e-05, 4.20174183091e-05, 0.000294794968795, 0.000639858539216, 7.99283297965e-05, 0.000538240710739, 0.000842413690407, 0.000509696954396, 0.000788816425484, 0.00234490679577, 0.00135902303737, 0.00518942298368, 0.00353189883754, 0.00156631250866, 0.00137856812216, 0.000432471249951, 0.000135075650178, 0.000105046521639, 0.000120762168081, 0.00025853945408, 0.000329628353938, 0.000870197312906, 0.000236591586145, 0.000120365992188, 7.00374148437e-05, 1.81787854103e-07],
        "median": [7.78747926233e-06, 4.46142294095e-05, 3.02687785734e-05, 1.81665127457e-05, 0.000538600783329, 6.69514611218e-06, 0.000230938487221, 0.000484617514303, 0.000311641109874, 0.000117243653222, 0.0011435499182, 0.000322637701174, 0.00266744848341, 0.00188800133765, 0.000678886310197, 0.000738368777093, 0.000194304637262, 2.63339970843e-05, 3.51083290298e-05, 1.80787174031e-05, 4.60740047856e-05, 3.04105105897e-05, 2.35563875322e-05, 4.61753018044e-07, 1.41482274785e-07, 1.94003373366e-08, 5.72049574377e-10],
        "min": [1.14766989315e-11, 1.29634324109e-11, 4.6224708089e-12, 5.3236422215e-11, 2.69308048084e-10, 2.08894273407e-12, 3.37276762075e-10, 6.68141042492e-10, 4.76008338648e-12, 1.41616614269e-11, 5.14082110215e-10, 4.08669591223e-11, 4.4837225599e-10, 1.88097937226e-09, 9.78981409827e-11, 2.57906612733e-10, 3.24205350066e-11, 5.61680736644e-12, 6.20768584106e-12, 4.28709411721e-12, 4.56165487328e-12, 4.70245673997e-12, 4.19388959325e-12, 5.44370147917e-12, 7.82810708616e-12, 1.13257354883e-11, 1.38820769116e-11],
        "var": [3.96659399771e-10, 1.93333793419e-08, 4.79223549732e-09, 3.28559423224e-07, 2.41999742912e-07, 3.62938443743e-08, 7.03040655026e-07, 1.05250774141e-06, 3.94602608367e-07, 5.12423184773e-06, 1.87345285667e-05, 1.03942265923e-05, 4.63716351078e-05, 1.91216804524e-05, 5.79082825425e-06, 4.00700037062e-06, 3.7313114376e-07, 3.00669285025e-07, 3.65002250646e-08, 7.44508312778e-08, 2.40861197653e-07, 5.8895255961e-07, 8.25357983558e-06, 4.38822212345e-07, 8.36419005168e-08, 3.18928599086e-08, 1.599607816e-12]
    },
    "erbbands": {
        "dmean": [0.00178372068331, 0.0146664697677, 0.0378042161465, 0.12105743587, 0.567510247231, 0.562309145927, 0.132001265883, 0.397387295961, 2.00342702866, 6.74249649048, 3.77647781372, 5.60949659348, 3.21639752388, 13.0336503983, 42.3673744202, 38.3796806335, 90.1327972412, 116.923469543, 49.2520217896, 38.5658378601, 28.4734306335, 9.45860004425, 6.04122686386, 2.88286662102, 3.40055203438, 4.46140241623, 5.43496465683, 9.49868297577, 8.99851989746, 25.3219814301, 13.4409456253, 5.63788986206, 3.08949255943, 1.63919830322, 1.08375048637, 0.568104624748, 0.183055773377, 0.0117355566472, 0.00025565730175, 2.36302057601e-05],
        "dmean2": [0.00309555581771, 0.0252996720374, 0.0644610375166, 0.133307188749, 0.555842220783, 0.60691267252, 0.168718785048, 0.465741455555, 2.14784097672, 7.51669025421, 4.11200475693, 6.41412591934, 4.06973791122, 14.6717071533, 55.8265533447, 47.213886261, 123.030303955, 164.956375122, 73.2537765503, 53.516040802, 43.0937576294, 15.4494953156, 9.66584396362, 4.61994457245, 5.95445728302, 8.23691368103, 9.66783237457, 17.2070827484, 15.2172794342, 37.3462181091, 20.6919288635, 8.87664699554, 5.15578222275, 2.82290959358, 1.85263991356, 0.988693773746, 0.32838794589, 0.0214738938957, 0.00046073627891, 3.73453913198e-05],
        "dvar": [1.72887466761e-05, 0.00116630166303, 0.00937589909881, 0.0512327849865, 0.429650515318, 1.12643074989, 0.0732273682952, 0.92931997776, 18.6135253906, 88.6493988037, 25.8279342651, 72.6261138916, 42.5399017334, 1045.61181641, 9832.65722656, 8486.57714844, 21057.484375, 22739.0585938, 5800.14550781, 4552.9453125, 2312.84570312, 241.592102051, 291.123199463, 76.5986480713, 75.2554092407, 164.402938843, 150.669509888, 519.730957031, 434.225463867, 5674.24316406, 1470.50024414, 226.152282715, 59.8021888733, 14.2833938599, 4.6904168129, 1.35168838501, 0.153234541416, 0.000856357451994, 3.67988008065e-07, 1.67227254266e-09],
        "dvar2": [4.34034991486e-05, 0.00315539655276, 0.0263435039669, 0.0708699971437, 0.622888565063, 2.65194058418, 0.166200965643, 1.63266646862, 22.7559757233, 150.362564087, 43.7534637451, 108.999732971, 65.197883606, 1083.99682617, 15656.2382812, 11429.7939453, 45575.203125, 45440.40625, 13663.7841797, 6174.22167969, 4620.83789062, 547.116088867, 529.058349609, 140.932373047, 221.797714233, 462.349822998, 456.225708008, 1579.17468262, 1050.37768555, 10140.9023438, 3044.07250977, 490.258850098, 144.985641479, 36.3604049683, 11.8628044128, 3.54202771187, 0.410781741142, 0.00238056457601, 1.01612113212e-06, 4.27964197414e-09],
        "max": [0.0738811045885, 0.485724359751, 1.71003627777, 3.97574257851, 11.0434684753, 22.7665557861, 4.477394104, 23.2225494385, 112.74911499, 211.13432312, 110.665657043, 133.362625122, 162.641952515, 909.748413086, 3052.46972656, 1948.65966797, 2713.12060547, 2342.32495117, 1158.19726562, 2037.8125, 749.144165039, 258.368438721, 539.65234375, 275.01965332, 97.5913085938, 221.964172363, 103.000595093, 178.211273193, 212.945251465, 1098.61450195, 538.169555664, 222.929977417, 92.5976028442, 31.8888645172, 13.3780136108, 6.53431367874, 2.14034438133, 0.261178404093, 0.00524941273034, 0.000353085022653],
        "mean": [0.00200367812067, 0.018607005477, 0.0591647289693, 0.414088994265, 2.13158416748, 2.16105437279, 0.415411800146, 1.07290327549, 6.51757955551, 17.7790908813, 10.1894435883, 14.2792081833, 8.44676399231, 38.8341674805, 110.798591614, 85.8853683472, 245.154998779, 235.201126099, 88.6375350952, 86.7236480713, 60.1257247925, 17.8237857819, 10.426153183, 5.65202140808, 5.29160547256, 5.93441295624, 7.58538532257, 11.8753442764, 11.4015731812, 32.1865959167, 16.1297950745, 6.24356746674, 2.92761969566, 1.40298736095, 0.834631443024, 0.405346423388, 0.11917706579, 0.00731087848544, 0.000178615649929, 4.08002561016e-05],
        "median": [0.00103787321132, 0.0107066500932, 0.0463458783925, 0.0839903578162, 1.62420320511, 0.897302985191, 0.174104720354, 0.162533611059, 2.05964589119, 11.295293808, 6.78077697754, 8.35971641541, 2.86920428276, 11.6962966919, 62.4921913147, 37.7635803223, 138.326019287, 181.821136475, 54.4983177185, 45.8222427368, 33.4699211121, 10.074839592, 4.61864089966, 1.97736895084, 1.15194654465, 0.925750255585, 1.4098649025, 2.12720537186, 1.37173008919, 0.720280706882, 0.550945401192, 0.0339547507465, 0.00546300876886, 0.00252683390863, 0.000732150860131, 0.000256299739704, 4.42698255938e-05, 1.10597602543e-05, 1.55179423018e-05, 2.63030215137e-05],
        "min": [8.13885792095e-10, 1.58595125921e-09, 7.78364750431e-09, 1.01843632194e-07, 1.72214117811e-06, 4.23404202365e-07, 3.80892863916e-08, 1.06274846701e-07, 1.73297553374e-06, 1.60729796335e-05, 6.66057167109e-06, 4.10816113572e-07, 7.80293078151e-07, 7.04721742295e-06, 2.62076373474e-05, 6.62528691464e-06, 2.73324440059e-05, 9.71891422523e-05, 2.6474815968e-05, 4.89785861646e-06, 8.31352281239e-06, 1.6978409576e-06, 1.12692737275e-06, 3.19435912388e-07, 3.50514937963e-07, 2.29746333957e-07, 1.98940881546e-07, 1.68312624282e-07, 1.77998614959e-07, 1.28054551851e-07, 1.08962012746e-07, 8.86698430236e-08, 9.88127126789e-08, 6.10482970842e-08, 4.15316883107e-08, 4.22250465704e-08, 1.90481816986e-08, 6.73017552799e-09, 1.95409777248e-09, 2.00614802548e-10],
        "var": [1.70210714714e-05, 0.00106421287637, 0.00723955407739, 0.523540914059, 4.01986789703, 6.43435335159, 0.363420844078, 5.31080102921, 139.851730347, 397.876861572, 113.053161621, 315.290496826, 279.66418457, 7937.10839844, 32642.390625, 26252.4980469, 89307.359375, 52680.4453125, 11936.3310547, 17977.4414062, 5534.20117188, 573.172302246, 677.984924316, 241.310562134, 113.487625122, 203.893218994, 192.737091064, 525.656677246, 594.860778809, 11334.9111328, 2470.04467773, 320.614868164, 62.1847686768, 12.8011856079, 3.88563466072, 0.987796187401, 0.102519601583, 0.000519956287462, 2.32052769888e-07, 2.05123207309e-09]
    },
    "gfcc": {
        "mean": [-57.5465126038, 95.095741272, -192.227218628, 6.17168712616, -50.8245429993, 26.3242301941, -27.4228382111, -28.465593338, -5.69667291641, -2.49350309372, -20.0759277344, -6.59033155441, -20.5169734955],
        "cov": [[10165.8222656, -4189.31640625, 1341.8737793, 98.2651138306, -1138.75646973, 1299.45019531, -1168.03833008, 1058.17138672, -707.915588379, 524.221618652, -173.319549561, 342.692138672, -138.173187256], [-4189.31640625, 4765.42431641, -1789.5526123, -89.5349884033, 1262.64221191, -1459.11303711, 1258.80224609, -1180.04614258, 829.905944824, -627.026000977, 326.998931885, -217.282028198, 211.409103394], [1341.8737793, -1789.5526123, 1225.62121582, -85.0167312622, -423.013885498, 717.346069336, -658.194824219, 506.997589111, -316.754730225, 303.154785156, -207.141662598, 176.32258606, -197.349273682], [98.2651138306, -89.5349884033, -85.0167312622, 307.855041504, -148.686050415, 37.3316726685, 63.3161659241, -26.0362319946, -15.1107206345, -1.1675286293, 72.8984222412, -89.3638458252, 71.7461929321], [-1138.75646973, 1262.64221191, -423.013885498, -148.686050415, 605.670471191, -350.468811035, 302.709075928, -286.354492188, 234.786407471, -190.792785645, 12.6430463791, 15.5334119797, -13.0142450333], [1299.45019531, -1459.11303711, 717.346069336, 37.3316726685, -350.468811035, 652.305358887, -458.95703125, 378.199005127, -226.743087769, 177.149108887, -114.579467773, 65.204246521, -101.407310486], [-1168.03833008, 1258.80224609, -658.194824219, 63.3161659241, 302.709075928, -458.95703125, 488.506286621, -338.619567871, 228.565887451, -175.406311035, 119.831222534, -97.8736953735, 87.9239883423], [1058.17138672, -1180.04614258, 506.997589111, -26.0362319946, -286.354492188, 378.199005127, -338.619567871, 411.86541748, -217.326873779, 164.174377441, -100.224189758, 71.9145889282, -69.5814819336], [-707.915588379, 829.905944824, -316.754730225, -15.1107206345, 234.786407471, -226.743087769, 228.565887451, -217.326873779, 259.385101318, -128.500854492, 38.2335929871, -33.5855522156, -2.74569749832], [524.221618652, -627.026000977, 303.154785156, -1.1675286293, -190.792785645, 177.149108887, -175.406311035, 164.174377441, -128.500854492, 164.76751709, -29.6527099609, 22.3980693817, -42.3126449585], [-173.319549561, 326.998931885, -207.141662598, 72.8984222412, 12.6430463791, -114.579467773, 119.831222534, -100.224189758, 38.2335929871, -29.6527099609, 119.764823914, -31.6450576782, 62.6003112793], [342.692138672, -217.282028198, 176.32258606, -89.3638458252, 15.5334119797, 65.204246521, -97.8736953735, 71.9145889282, -33.5855522156, 22.3980693817, -31.6450576782, 144.530349731, -23.925945282], [-138.173187256, 211.409103394, -197.349273682, 71.7461929321, -13.0142450333, -101.407310486, 87.9239883423, -69.5814819336, -2.74569749832, -42.3126449585, 62.6003112793, -23.925945282, 126.83631134]],
        "icov": [[0.000181780560524, 2.63234887825e-05, 0.000377579621272, -0.000128005762235, 0.000138801930007, -0.000210724771023, 0.000306134461425, -8.36149120005e-05, 4.65028970211e-05, -0.000209927951801, 3.87069576391e-06, -0.000519433000591, 0.000232810038142], [2.63234887825e-05, 0.00335565744899, -0.00265708402731, 0.00133120338432, -0.00284238019958, 0.00329748820513, -0.00167670496739, 0.001778033562, -0.00277979904786, 0.00323281693272, -0.00413441006094, 0.00341743719764, -0.00226579932496], [0.000377579621272, -0.00265708402731, 0.00871192291379, -0.00211748573929, 0.00294535653666, -0.00538866920397, 0.00473937159404, -0.000782936869655, 0.00270730722696, -0.00677745742723, 0.00606562336907, -0.00722684990615, 0.0053128101863], [-0.000128005762235, 0.00133120338432, -0.00211748573929, 0.00716117862612, 0.000376361771487, -0.000588989292737, -0.00364904431626, 0.00112507492304, -0.00119375973009, 0.00235647661611, -0.00390289747156, 0.00443946197629, -0.00346526899375], [0.000138801930007, -0.00284238019958, 0.00294535653666, 0.000376361771487, 0.00722758891061, -0.00300097931176, 2.73868918157e-05, -0.000264888745733, 0.00208520260639, -0.000605267065112, 0.00471882149577, -0.00495906500146, 0.00401549926028], [-0.000210724771023, 0.00329748820513, -0.00538866920397, -0.000588989292737, -0.00300097931176, 0.010721148923, 0.00156314868946, -0.000399099866627, -0.00308000040241, 0.00577167281881, -0.00496628321707, 0.00546804349869, -0.0014744324144], [0.000306134461425, -0.00167670496739, 0.00473937159404, -0.00364904431626, 2.73868918157e-05, 0.00156314868946, 0.0135881239548, -0.000322395353578, -0.000623372092377, -0.00237197894603, 0.000802314549219, -0.00178790860809, 0.00268475385383], [-8.36149120005e-05, 0.001778033562, -0.000782936869655, 0.00112507492304, -0.000264888745733, -0.000399099866627, -0.000322395353578, 0.0094529632479, 0.00109011272434, -0.000273223879049, 0.000590528827161, 0.000206153927138, -0.000166369776707], [4.65028970211e-05, -0.00277979904786, 0.00270730722696, -0.00119375973009, 0.00208520260639, -0.00308000040241, -0.000623372092377, 0.00109011272434, 0.0125218648463, 0.000789916375652, 0.0032372046262, -0.0035368357785, 0.00662294169888], [-0.000209927951801, 0.00323281693272, -0.00677745742723, 0.00235647661611, -0.000605267065112, 0.00577167281881, -0.00237197894603, -0.000273223879049, 0.000789916375652, 0.020829167217, -0.0084371259436, 0.00632718438283, 0.000874859688338], [3.87069576391e-06, -0.00413441006094, 0.00606562336907, -0.00390289747156, 0.00471882149577, -0.00496628321707, 0.000802314549219, 0.000590528827161, 0.0032372046262, -0.0084371259436, 0.0219995155931, -0.00720129860565, -0.000138685078127], [-0.000519433000591, 0.00341743719764, -0.00722684990615, 0.00443946197629, -0.00495906500146, 0.00546804349869, -0.00178790860809, 0.000206153927138, -0.0035368357785, 0.00632718438283, -0.00720129860565, 0.0172362867743, -0.00596252409741], [0.000232810038142, -0.00226579932496, 0.0053128101863, -0.00346526899375, 0.00401549926028, -0.0014744324144, 0.00268475385383, -0.000166369776707, 0.00662294169888, 0.000874859688338, -0.000138685078127, -0.00596252409741, 0.0188007093966]]
    },
    "melbands": {
        "dmean": [1.58521816047e-05, 1.9113842427e-05, 3.56600139639e-05, 4.52374697488e-05, 7.81296330388e-06, 8.13367569208e-06, 3.1428582588e-05, 7.87690078141e-05, 2.79498963209e-05, 3.36858211085e-05, 1.6865440557e-05, 5.19897694176e-05, 0.00012281772797, 0.00010734667012, 0.000112780246127, 0.000207406614209, 0.000245656090556, 8.09794000816e-05, 3.86455576518e-05, 7.91963248048e-05, 2.48538399319e-05, 1.06914967546e-05, 9.02051760931e-06, 4.19767684434e-06, 2.17118622459e-06, 2.96638359032e-06, 2.60703950516e-06, 2.93342827717e-06, 2.80099220618e-06, 5.01891781823e-06, 5.96070867687e-06, 4.71566409033e-06, 6.63489072394e-06, 1.97103381652e-05, 8.79275739862e-06, 3.83683163818e-06, 3.22001073982e-06, 2.35327888731e-06, 1.44460534557e-06, 1.36188396027e-06],
        "dmean2": [2.73300775007e-05, 3.27739762724e-05, 3.59016230504e-05, 4.57746318716e-05, 9.39115852816e-06, 9.82345954981e-06, 3.4334610973e-05, 8.62804517965e-05, 3.12822412525e-05, 3.8729114749e-05, 2.14607680391e-05, 5.76780730626e-05, 0.000160526178661, 0.000134263202199, 0.000145925805555, 0.000285570888082, 0.000349142064806, 0.000119798329251, 5.49675496586e-05, 0.000115034446935, 3.97262228944e-05, 1.81017094292e-05, 1.47575065057e-05, 6.49688627163e-06, 3.48715775544e-06, 5.1663632803e-06, 4.75180559079e-06, 5.38543145012e-06, 4.88553996547e-06, 9.07366847969e-06, 1.0816395843e-05, 8.03862531029e-06, 1.16903102025e-05, 2.83606550511e-05, 1.38332479764e-05, 6.17765226707e-06, 5.28053942617e-06, 3.98762813347e-06, 2.4186756491e-06, 2.37723588725e-06],
        "dvar": [1.24836530002e-09, 2.34960451095e-09, 3.50872464416e-09, 3.46373285609e-09, 2.65443222958e-10, 4.13463902005e-10, 4.65933736038e-09, 1.26450556692e-08, 1.41588152314e-09, 2.86328738497e-09, 1.32581989831e-09, 1.91054763121e-08, 8.86340174588e-08, 5.83266057674e-08, 2.22340990064e-08, 1.95598261143e-07, 1.20745852428e-07, 1.3739962057e-08, 4.28931024032e-09, 1.870164823e-08, 1.65565516852e-09, 3.09375108865e-10, 3.35420191622e-10, 6.71190825141e-10, 3.19003122529e-11, 5.47953626917e-11, 5.70054906057e-11, 6.63099089526e-11, 3.93108115504e-11, 1.16233966896e-10, 2.26505883494e-10, 1.01081247539e-10, 3.12183556783e-10, 3.7802618813e-09, 6.05975380985e-10, 1.39768821517e-10, 6.67744540217e-11, 3.58162145775e-11, 1.24402987911e-11, 1.01304268793e-11],
        "dvar2": [3.00524738428e-09, 6.52145182301e-09, 4.02212263495e-09, 8.14957878958e-09, 5.60346546941e-10, 7.67538699264e-10, 5.87048099021e-09, 2.03807264398e-08, 2.50087528464e-09, 4.21512202919e-09, 1.94124849529e-09, 1.9395281825e-08, 1.2888236256e-07, 8.17754397531e-08, 3.74516204715e-08, 4.22663532618e-07, 2.36808801901e-07, 3.26046496468e-08, 6.63367627496e-09, 3.29434577395e-08, 3.8476151154e-09, 8.07031774741e-10, 7.40863204118e-10, 1.07312381203e-09, 6.38506331141e-11, 1.58120697091e-10, 1.63122307328e-10, 1.87600671109e-10, 1.15955016422e-10, 3.43609279918e-10, 7.01651514667e-10, 2.49749804171e-10, 7.97210852888e-10, 6.57401644233e-09, 1.28991650694e-09, 3.21034893114e-10, 1.4474398069e-10, 8.85368028891e-11, 3.00730967906e-11, 2.63210078733e-11],
        "max": [0.000514566316269, 0.000803009665105, 0.00112202006858, 0.00130895525217, 0.000303512439132, 0.000443697645096, 0.00185538595542, 0.00262312008999, 0.000744138262235, 0.000869995332323, 0.000967469881289, 0.00405763555318, 0.00823325663805, 0.00481685809791, 0.00213606096804, 0.00862990505993, 0.00530581921339, 0.00182903150562, 0.0018521300517, 0.00212480290793, 0.000512290222105, 0.000227487806114, 0.000304131885059, 0.000936971162446, 0.000158515103976, 9.75496004685e-05, 0.000119033044029, 0.000139271141961, 5.65176014788e-05, 7.30252941139e-05, 0.000118302894407, 0.000101861383882, 0.000203643387067, 0.00094483763678, 0.000332663068548, 0.00018813474162, 0.000103801154182, 6.85889244778e-05, 3.93957816414e-05, 2.73716050287e-05],
        "mean": [2.00893209694e-05, 2.7201449484e-05, 0.000130569183966, 0.000174022337887, 2.68449202849e-05, 2.01627444767e-05, 0.000100949328043, 0.000205975229619, 7.66564699006e-05, 8.39296117192e-05, 4.22923258157e-05, 0.00014720694162, 0.000326093082549, 0.000236305568251, 0.000258505402599, 0.000590301933698, 0.000438350456534, 0.000134347923449, 7.90853227954e-05, 0.000149694475112, 5.19334498676e-05, 1.84119526239e-05, 1.41967757372e-05, 7.06209857526e-06, 4.00903900299e-06, 4.15927024733e-06, 3.57021826858e-06, 3.85031535188e-06, 4.07748530051e-06, 6.42749500912e-06, 6.78936476106e-06, 5.94035009271e-06, 6.9237421485e-06, 2.53405887634e-05, 1.04106702565e-05, 4.2123519961e-06, 3.48497655978e-06, 2.19040521188e-06, 1.35974505611e-06, 1.10468624825e-06],
        "median": [1.12676325443e-05, 1.98195921257e-05, 3.40181941283e-05, 0.000152386710397, 8.06780735729e-06, 2.20459401135e-06, 3.31056689902e-05, 0.00012365236762, 5.27833617525e-05, 4.69507540402e-05, 1.06610214061e-05, 2.89278050332e-05, 0.00015948509099, 0.00010346504132, 0.000192041392438, 0.000187313518836, 0.000234630992054, 8.45237882459e-05, 3.69651643268e-05, 8.84819601197e-05, 2.17623128265e-05, 6.82434119881e-06, 8.44905389386e-06, 1.10326891445e-06, 1.38448763209e-06, 9.96870426206e-07, 4.95631525155e-07, 5.76957120302e-07, 7.72917928771e-07, 1.12358202387e-06, 1.13541125302e-06, 9.00745874333e-07, 2.28794561963e-07, 4.94223456826e-07, 4.54484904822e-07, 2.42688784624e-08, 6.79906708712e-09, 3.86844245526e-09, 2.13110218361e-09, 1.84698722983e-09],
        "min": [6.92817418019e-12, 2.74381797664e-12, 4.92390468676e-11, 7.97703847422e-11, 1.57480820918e-12, 1.02893746041e-12, 3.52404182224e-11, 1.86870893759e-10, 3.78186162941e-11, 6.91217645187e-13, 1.25830856151e-12, 2.06972477351e-11, 7.84356815609e-11, 1.3275331355e-11, 3.70188393828e-11, 3.65962399274e-11, 2.18272094843e-10, 4.60462327989e-11, 3.93533166124e-12, 1.69565854413e-11, 3.60208672785e-12, 9.88541280084e-13, 2.50715984432e-12, 1.86738577618e-13, 2.29734363043e-13, 2.46833857607e-13, 1.87590353949e-13, 1.49360856799e-13, 1.07219510776e-13, 1.29922209601e-13, 8.15313731784e-14, 1.15705825455e-13, 7.33763839077e-14, 7.50966874948e-14, 6.32856804071e-14, 3.22621161557e-14, 6.7092863112e-14, 6.87774422375e-14, 6.67890832158e-14, 4.16132751901e-14],
        "var": [1.36933364647e-09, 1.87018867059e-09, 4.1098093817e-08, 1.72592731218e-08, 1.87696569398e-09, 2.10478590112e-09, 3.31400542564e-08, 5.81055452642e-08, 6.39278852077e-09, 1.21111689566e-08, 9.08211106321e-09, 1.4832447448e-07, 3.65688606507e-07, 1.78334531142e-07, 6.77133584759e-08, 9.23895754568e-07, 2.85609900175e-07, 2.70760978083e-08, 1.5775492912e-08, 4.45645973457e-08, 4.27682644855e-09, 6.92355894838e-10, 5.8615134968e-10, 1.60155688711e-09, 1.06783679121e-10, 7.24156706822e-11, 7.68475907909e-11, 8.07362926514e-11, 5.37215792684e-11, 1.47291609465e-10, 1.96804822439e-10, 1.39042777292e-10, 3.45842576799e-10, 7.71235253438e-09, 9.73322533682e-10, 1.86657703183e-10, 8.94466445356e-11, 3.491880049e-11, 1.34370188587e-11, 8.30506757116e-12]
    },
    "mfcc": {
        "mean": [-677.333984375, 116.904884338, -61.0531959534, -15.8160648346, -7.91171646118, 37.8520355225, -14.2735881805, -3.16627812386, -1.48470783234, -3.61714434624, 3.90703058243, 2.93034553528, 2.6587471962],
        "cov": [[7700.53173828, -2418.85253906, 763.195007324, -460.597991943, -103.641593933, -42.236289978, -143.286880493, 230.934020996, -170.929534912, 140.14390564, -71.9152069092, 119.400939941, -15.5092020035], [-2418.85253906, 3547.17114258, -1685.92663574, 711.625671387, -103.127815247, 174.687225342, -97.2275543213, -78.9277801514, 141.575698853, -294.32232666, 115.301879883, -110.780075073, 98.3238372803], [763.195007324, -1685.92663574, 1373.41064453, -542.349487305, 249.002349854, -29.2040348053, -7.25452375412, 13.8650741577, -111.719741821, 122.720321655, -39.5834121704, 73.5780258179, -12.0106496811], [-460.597991943, 711.625671387, -542.349487305, 483.668823242, -227.317428589, 28.9001426697, 53.8663825989, -72.8960189819, 38.9646606445, -51.8640556335, -10.9864006042, -9.98959732056, 31.3865623474], [-103.641593933, -103.127815247, 249.002349854, -227.317428589, 334.381011963, 52.4788017273, -41.1329650879, 81.0770568848, -0.671186745167, -6.94578647614, 31.1167469025, 4.87030315399, -8.51954364777], [-42.236289978, 174.687225342, -29.2040348053, 28.9001426697, 52.4788017273, 170.627044678, -20.2279510498, 7.76811695099, 1.25507175922, -13.6527547836, 30.2883338928, 7.20223903656, 8.82347297668], [-143.286880493, -97.2275543213, -7.25452375412, 53.8663825989, -41.1329650879, -20.2279510498, 131.711166382, -32.9963989258, -8.7031879425, 5.46729373932, -25.0445842743, 28.6658668518, -11.3381872177], [230.934020996, -78.9277801514, 13.8650741577, -72.8960189819, 81.0770568848, 7.76811695099, -32.9963989258, 136.659805298, 24.9740791321, -4.98926067352, 18.6240787506, -6.11158037186, 4.31207036972], [-170.929534912, 141.575698853, -111.719741821, 38.9646606445, -0.671186745167, 1.25507175922, -8.7031879425, 24.9740791321, 72.827003479, 11.9258737564, 4.55779409409, -12.9500398636, -7.77232503891], [140.14390564, -294.32232666, 122.720321655, -51.8640556335, -6.94578647614, -13.6527547836, 5.46729373932, -4.98926067352, 11.9258737564, 97.5241088867, 26.7294197083, 9.28584384918, -18.2063560486], [-71.9152069092, 115.301879883, -39.5834121704, -10.9864006042, 31.1167469025, 30.2883338928, -25.0445842743, 18.6240787506, 4.55779409409, 26.7294197083, 103.014183044, 28.0062732697, -0.0882747247815], [119.400939941, -110.780075073, 73.5780258179, -9.98959732056, 4.87030315399, 7.20223903656, 28.6658668518, -6.11158037186, -12.9500398636, 9.28584384918, 28.0062732697, 83.2337493896, 12.9537010193], [-15.5092020035, 98.3238372803, -12.0106496811, 31.3865623474, -8.51954364777, 8.82347297668, -11.3381872177, 4.31207036972, -7.77232503891, -18.2063560486, -0.0882747247815, 12.9537010193, 65.0411148071]],
