{
"lowlevel": {
    "average_loudness": 0.967682003975,
    "barkbands_crest": {
        "dmean": 2.62603521347,
        "dmean2": 4.27224969864,
        "dvar": 5.25587034225,
        "dvar2": 14.2560300827,
        "max": 24.1319389343,
        "mean": 10.4297609329,
        "median": 9.73253631592,
        "min": 3.83208107948,
        "var": 15.19576931
    },
    "barkbands_flatness_db": {
        "dmean": 0.0253801327199,
        "dmean2": 0.037098031491,
        "dvar": 0.000534427294042,
        "dvar2": 0.00121201039292,
        "max": 0.295814216137,
        "mean": 0.137204244733,
        "median": 0.135745555162,
        "min": 0.0324755907059,
        "var": 0.00193341949489
    },
    "barkbands_kurtosis": {
        "dmean": 5.32646656036,
        "dmean2": 8.35343933105,
        "dvar": 62.4338912964,
        "dvar2": 157.871658325,
        "max": 75.0636062622,
        "mean": 8.18552017212,
        "median": 5.06221103668,
        "min": -1.93907058239,
        "var": 102.088394165
    },
    "barkbands_skewness": {
        "dmean": 0.728758811951,
        "dmean2": 1.10267996788,
        "dvar": 0.570825815201,
        "dvar2": 1.30549573898,
        "max": 7.43888568878,
        "mean": 2.34798669815,
        "median": 2.15438008308,
        "min": -1.94405758381,
        "var": 1.62175881863
    },
    "barkbands_spread": {
        "dmean": 8.34589958191,
        "dmean2": 11.8112602234,
        "dvar": 121.087760925,
        "dvar2": 226.32711792,
        "max": 109.752799988,
        "mean": 22.5826301575,
        "median": 16.921962738,
        "min": 1.8952986002,
        "var": 357.822967529
    },
    "dissonance": {
        "dmean": 0.0181808508933,
        "dmean2": 0.0292848888785,
        "dvar": 0.000322775333188,
        "dvar2": 0.000816354411654,
        "max": 0.500000059605,
        "mean": 0.460705041885,
        "median": 0.468427866697,
        "min": 0.280514746904,
        "var": 0.000895154778846
    },
    "dynamic_complexity": 3.29778695107,
    "erbbands_crest": {
        "dmean": 2.37443971634,
        "dmean2": 3.74080848694,
        "dvar": 4.99560689926,
        "dvar2": 12.1697568893,
        "max": 23.9800453186,
        "mean": 7.90777397156,
        "median": 7.00179719925,
        "min": 2.08868265152,
        "var": 14.2631015778
    },
    "erbbands_flatness_db": {
        "dmean": 0.0164667423815,
        "dmean2": 0.0231258217245,
        "dvar": 0.00020537187811,
        "dvar2": 0.000433542794781,
        "max": 0.224785789847,
        "mean": 0.122918061912,
        "median": 0.11944912374,
        "min": 0.0447958596051,
        "var": 0.000907393230591
    },
    "erbbands_kurtosis": {
        "dmean": 0.957242846489,
        "dmean2": 1.43453991413,
        "dvar": 1.68362867832,
        "dvar2": 3.67186903954,
        "max": 14.2279758453,
        "mean": 0.192080140114,
        "median": -0.468335390091,
        "min": -1.78850793839,
        "var": 3.72037029266
    },
    "erbbands_skewness": {
        "dmean": 0.44449582696,
        "dmean2": 0.643080592155,
        "dvar": 0.194179013371,
        "dvar2": 0.391140222549,
        "max": 2.71471762657,
        "mean": 0.338937968016,
        "median": 0.376184463501,
        "min": -3.06867933273,
        "var": 0.722535967827
    },
    "erbbands_spread": {
        "dmean": 12.7041501999,
        "dmean2": 18.6903171539,
        "dvar": 170.355255127,
        "dvar2": 391.421051025,
        "max": 148.847640991,
        "mean": 53.784072876,
        "median": 51.377872467,
        "min": 9.87814331055,
        "var": 459.469604492
    },
    "hfc": {
        "dmean": 9.71956729889,
        "dmean2": 13.5109815598,
        "dvar": 286.562927246,
        "dvar2": 501.829711914,
        "max": 217.046691895,
        "mean": 23.950799942,
        "median": 16.7040023804,
        "min": 1.21103926829e-16,
        "var": 794.823913574
    },
    "melbands_crest": {
        "dmean": 3.35369873047,
        "dmean2": 5.57854366302,
        "dvar": 8.34367179871,
        "dvar2": 22.1513652802,
        "max": 29.3825626373,
        "mean": 15.109919548,
        "median": 14.6077108383,
        "min": 2.42558884621,
        "var": 23.1444816589
    },
    "melbands_flatness_db": {
        "dmean": 0.032621473074,
        "dmean2": 0.0467545166612,
        "dvar": 0.000885833520442,
        "dvar2": 0.00188666209579,
        "max": 0.40684440732,
        "mean": 0.218543335795,
        "median": 0.220177546144,
        "min": 0.00783730298281,
        "var": 0.00339919677936
    },
    "melbands_kurtosis": {
        "dmean": 14.122376442,
        "dmean2": 22.7871856689,
        "dvar": 422.525604248,
        "dvar2": 1068.54162598,
        "max": 203.278427124,
        "mean": 26.6818027496,
        "median": 17.6080780029,
        "min": -1.398863554,
        "var": 732.991943359
    },
    "melbands_skewness": {
        "dmean": 1.04062139988,
        "dmean2": 1.61254489422,
        "dvar": 1.10965240002,
        "dvar2": 2.61703062057,
        "max": 11.7757453918,
        "mean": 3.90637898445,
        "median": 3.61194229126,
        "min": 0.0938553214073,
        "var": 3.47322702408
    },
    "melbands_spread": {
        "dmean": 7.37385988235,
        "dmean2": 10.9731016159,
        "dvar": 149.315429688,
        "dvar2": 283.63168335,
        "max": 152.25920105,
        "mean": 17.4944114685,
        "median": 12.749997139,
        "min": 1.52594947815,
        "var": 306.612457275
    },
    "pitch_salience": {
        "dmean": 0.0804973468184,
        "dmean2": 0.134416282177,
        "dvar": 0.00521958759055,
        "dvar2": 0.0142845222726,
        "max": 0.885511815548,
        "mean": 0.53994166851,
        "median": 0.541178584099,
        "min": 0.148161798716,
        "var": 0.0125528816134
    },
    "silence_rate_20dB": {
        "dmean": 0,
        "dmean2": 0,
        "dvar": 0,
        "dvar2": 0,
        "max": 1,
        "mean": 1,
        "median": 1,
        "min": 1,
        "var": 0
    },
    "silence_rate_30dB": {
        "dmean": 0.0370942801237,
        "dmean2": 0.0742459371686,
        "dvar": 0.0357185415924,
        "dvar2": 0.0702813416719,
        "max": 1,
        "mean": 0.959845542908,
        "median": 1,
        "min": 0,
        "var": 0.0385423675179
    },
    "silence_rate_60dB": {
        "dmean": 0.00463678501546,
        "dmean2": 0.00928074214607,
        "dvar": 0.0046152449213,
        "dvar2": 0.00919432658702,
        "max": 1,
        "mean": 0.0679536685348,
        "median": 0,
        "min": 0,
        "var": 0.0633377581835
    },
    "spectral_centroid": {
        "dmean": 357.796386719,
        "dmean2": 508.508026123,
        "dvar": 251068.359375,
        "dvar2": 432109.03125,
        "max": 10805.984375,
        "mean": 1171.12451172,
        "median": 968.768798828,
        "min": 222.535858154,
        "var": 575836
    },
    "spectral_complexity": {
        "dmean": 4.49304485321,
        "dmean2": 6.25986099243,
        "dvar": 26.6888713837,
        "dvar2": 45.5502929688,
        "max": 57,
        "mean": 17.7528953552,
        "median": 16,
        "min": 0,
        "var": 112.414657593
    },
    "spectral_decrease": {
        "dmean": 4.51629045273e-09,
        "dmean2": 7.49220863128e-09,
        "dvar": 8.37331243635e-17,
        "dvar2": 2.21565554854e-16,
        "max": -5.07724364925e-29,
        "mean": -1.00188959351e-08,
        "median": -8.52139425689e-09,
        "min": -9.30433685653e-08,
        "var": 8.80603245234e-17
    },
    "spectral_energy": {
        "dmean": 0.0175726097077,
        "dmean2": 0.028934635222,
        "dvar": 0.00122415088117,
        "dvar2": 0.00324182445183,
        "max": 0.355166107416,
        "mean": 0.0399860143661,
        "median": 0.0345661044121,
        "min": 1.11761075342e-20,
        "var": 0.00131367426366
    },
    "spectral_energyband_high": {
        "dmean": 0.000991031643935,
        "dmean2": 0.00129447702784,
        "dvar": 4.76772720504e-06,
        "dvar2": 7.8792709246e-06,
        "max": 0.0296969041228,
        "mean": 0.00173878518399,
        "median": 0.000583902758081,
        "min": 8.12610601545e-21,
        "var": 1.26534660012e-05
    },
    "spectral_energyband_low": {
        "dmean": 0.0136436615139,
        "dmean2": 0.0230058748275,
        "dvar": 0.00107727420982,
        "dvar2": 0.00291023240425,
        "max": 0.3327216506,
        "mean": 0.0227872449905,
        "median": 0.0161595158279,
        "min": 9.75352545707e-23,
        "var": 0.000962091202382
    },
    "spectral_energyband_middle_high": {
        "dmean": 0.00120263360441,
        "dmean2": 0.00179562123958,
        "dvar": 3.37761230185e-06,
        "dvar2": 8.10606343293e-06,
        "max": 0.0255067162216,
        "mean": 0.00300851208158,
        "median": 0.00220128148794,
        "min": 1.39727567177e-21,
        "var": 8.45755585033e-06
    },
    "spectral_energyband_middle_low": {
        "dmean": 0.00717386091128,
        "dmean2": 0.011800323613,
        "dvar": 0.000103987673356,
        "dvar2": 0.00027007193421,
        "max": 0.0852368175983,
        "mean": 0.0153231834993,
        "median": 0.0127159617841,
        "min": 5.0170301492e-22,
        "var": 0.00017552053032
    },
    "spectral_entropy": {
        "dmean": 0.210341140628,
        "dmean2": 0.282965749502,
        "dvar": 0.0397369712591,
        "dvar2": 0.0786114707589,
        "max": 9.80305862427,
        "mean": 7.74821043015,
        "median": 7.75385713577,
        "min": 6.28082799911,
        "var": 0.158452764153
    },
    "spectral_flux": {
        "dmean": 0.0312820635736,
        "dmean2": 0.048911049962,
        "dvar": 0.00179204065353,
        "dvar2": 0.00344839738682,
        "max": 0.481246650219,
        "mean": 0.0978985205293,
        "median": 0.0865832716227,
        "min": 1.05717108678e-10,
        "var": 0.0040863705799
    },
    "spectral_kurtosis": {
        "dmean": 1.12619721889,
        "dmean2": 1.67367255688,
        "dvar": 1.49495744705,
        "dvar2": 3.59770274162,
        "max": 17.8047790527,
        "mean": 2.61090278625,
        "median": 2.30295467377,
        "min": -1.18883442879,
        "var": 3.45528578758
    },
    "spectral_rms": {
        "dmean": 0.00114647240844,
        "dmean2": 0.0018291346496,
        "dvar": 2.43008707912e-06,
        "dvar2": 6.08618165643e-06,
        "max": 0.0186146050692,
        "mean": 0.00575623102486,
        "median": 0.00580715341493,
        "min": 3.30204787125e-12,
        "var": 5.87655722484e-06
    },
    "spectral_rolloff": {
        "dmean": 616.742126465,
        "dmean2": 977.938903809,
        "dvar": 1934001.5,
        "dvar2": 3450548.5,
        "max": 18604.6875,
        "mean": 1147.34594727,
        "median": 495.263671875,
        "min": 86.1328125,
        "var": 3261153.5
    },
    "spectral_skewness": {
        "dmean": 0.240455850959,
        "dmean2": 0.324521154165,
        "dvar": 0.053018309176,
        "dvar2": 0.0975037068129,
        "max": 3.36490297318,
        "mean": 1.30253720284,
        "median": 1.32851529121,
        "min": 0.0299659129232,
        "var": 0.194349363446
    },
    "spectral_spread": {
        "dmean": 657650.3125,
        "dmean2": 939308.9375,
        "dvar": 1.25059360358e+12,
        "dvar2": 1.50994799821e+12,
        "max": 39593316,
        "mean": 5560249,
        "median": 5436250,
        "min": 2898415.75,
        "var": 2.48988749005e+12
    },
    "spectral_strongpeak": {
        "dmean": 0.354839235544,
        "dmean2": 0.613949537277,
        "dvar": 0.26900729537,
        "dvar2": 0.677378833294,
        "max": 4.25097131729,
        "mean": 0.593320846558,
        "median": 0.39452290535,
        "min": 0,
        "var": 0.408842712641
    },
    "zerocrossingrate": {
        "dmean": 0.0146390041336,
        "dmean2": 0.0150083228946,
        "dvar": 0.000499489484355,
        "dvar2": 0.000476455781609,
        "max": 0.51220703125,
        "mean": 0.0550954677165,
        "median": 0.04345703125,
        "min": 0.00634765625,
        "var": 0.00174735556357
    },
    "barkbands": {
        "dmean": [0.000359632307664, 0.00655964622274, 0.00672993063927, 0.00349978660233, 0.00223660841584, 0.00170187442563, 0.00136708642822, 0.00110475742258, 0.000540180422831, 0.000334386073519, 0.000212010665564, 0.000196348497411, 0.000190915408893, 0.000262748042587, 0.000214790910832, 0.000129102743813, 0.000142880307976, 0.000100265373476, 0.000150528299855, 0.000167309161043, 0.00020124654111, 0.000254265789408, 0.000244658265729, 0.000200532827876, 7.04948033672e-05, 3.29001086357e-05, 3.92419406126e-06],
        "dmean2": [0.000577030528802, 0.0108296265826, 0.0121697513387, 0.00594224315137, 0.00369567936286, 0.0028532478027, 0.00213205185719, 0.00170216627885, 0.000761079078075, 0.000536313978955, 0.000353708892362, 0.000288264913252, 0.000302436004858, 0.000399727607146, 0.00033560191514, 0.000200941081857, 0.000224643983529, 0.000155910660396, 0.000236715161009, 0.000253906124271, 0.000286967406282, 0.000357933342457, 0.000332560623065, 0.000270170246949, 0.000101061494206, 4.58746726508e-05, 6.17882915321e-06],
        "dvar": [1.49226048052e-06, 0.000327472167555, 0.000213766048546, 3.6871588236e-05, 1.25675242089e-05, 1.19333963085e-05, 6.05084460403e-06, 6.21337176199e-06, 1.36734729494e-06, 7.59991621635e-07, 2.22246796966e-07, 1.80147381457e-07, 1.71379966218e-07, 1.83572083756e-07, 1.61802375942e-07, 6.10937220813e-08, 5.58522863514e-08, 3.23479589781e-08, 1.91070895994e-07, 1.46628920561e-07, 1.678694872e-07, 3.223949534e-07, 3.84055937275e-07, 3.90934076222e-07, 4.07274747261e-08, 6.30191543394e-09, 1.26643251441e-10],
        "dvar2": [3.66067365576e-06, 0.000819780048914, 0.000642390630674, 0.000100692232081, 3.113710045e-05, 3.19283353747e-05, 1.43895067595e-05, 1.44336718222e-05, 2.44379339165e-06, 1.80740175892e-06, 5.67879169466e-07, 3.31976650614e-07, 4.20781191224e-07, 4.11347997442e-07, 4.02530702104e-07, 1.48057381466e-07, 1.41614179938e-07, 8.11007865309e-08, 4.95308597692e-07, 3.35583365541e-07, 3.25224220887e-07, 7.03678949776e-07, 6.72640055654e-07, 6.23104654096e-07, 7.69961516767e-08, 1.09225730682e-08, 3.000459603e-10],
        "max": [0.0153905786574, 0.198973566294, 0.167937904596, 0.0625648722053, 0.0388947948813, 0.0354164093733, 0.0289296861738, 0.0285811722279, 0.0165866557509, 0.0119970533997, 0.00616581505165, 0.00827429816127, 0.00580933177844, 0.00656294636428, 0.00570338405669, 0.0038701731246, 0.00269652437419, 0.0024183106143, 0.011086307466, 0.00536128273234, 0.00600711954758, 0.00953534245491, 0.0131202908233, 0.0104017741978, 0.00271247001365, 0.00126430706587, 0.000222198606934],
        "mean": [0.000394077593228, 0.0102804144844, 0.00930245313793, 0.00416116183624, 0.00352781987749, 0.00240928702988, 0.00242053554393, 0.00171242491342, 0.000968413252849, 0.000407986051869, 0.000289587071165, 0.000342360639479, 0.000267504685326, 0.000468094600365, 0.000376098440029, 0.000208001132705, 0.000239058441366, 0.000159736649948, 0.000224622170208, 0.000231964542763, 0.000342809595168, 0.000396098184865, 0.000373768591089, 0.000319550948916, 0.000110308348667, 4.76989371236e-05, 4.23057144872e-06],
        "median": [0.000130676227855, 0.00666681909934, 0.00558938691393, 0.0017996581737, 0.00185634486843, 0.00127393112052, 0.000859260675497, 0.000342036248185, 0.000219130539335, 0.000108030551928, 0.000129635314806, 0.00013321696315, 9.11811512196e-05, 0.000229678174946, 0.000162154508871, 8.15607490949e-05, 0.000103519203549, 8.00044799689e-05, 9.62188787526e-05, 7.55316432333e-05, 0.000132940083859, 0.000130499218358, 0.000109302462079, 7.09631349309e-05, 2.77115796052e-05, 9.30762507778e-06, 4.42600338602e-07],
        "min": [3.99652790689e-24, 3.55871625761e-23, 3.27563509949e-23, 5.37978398683e-23, 5.79118883285e-23, 5.08435999544e-23, 1.13422496683e-22, 1.31800797452e-22, 8.16529286393e-23, 2.66797996182e-23, 9.70492279007e-23, 4.56056518962e-23, 4.35105414616e-23, 1.13892468456e-22, 1.14805805301e-22, 1.2904971762e-22, 9.05283017097e-23, 1.20067494917e-22, 3.88682244075e-22, 4.32973262428e-22, 5.51861492334e-22, 5.38073112478e-22, 6.7298453363e-22, 8.42002109894e-22, 1.66244935917e-21, 1.67792981411e-21, 2.21143646956e-21],
        "var": [1.30474961679e-06, 0.000298025173834, 0.000176058369107, 4.02284240408e-05, 1.99049463845e-05, 1.31392243929e-05, 1.47337486851e-05, 1.17869785754e-05, 4.0371983232e-06, 1.00332965758e-06, 3.05699757064e-07, 5.0403377827e-07, 2.80115500573e-07, 4.43986323262e-07, 3.48342041434e-07, 1.20035053897e-07, 1.08383432007e-07, 4.86885447515e-08, 2.47391227504e-07, 2.12471306327e-07, 3.79042717213e-07, 6.10952554325e-07, 8.3459411826e-07, 9.60716761256e-07, 9.12690154564e-08, 1.63441296053e-08, 2.01645006248e-10]
    },
    "erbbands": {
        "dmean": [0.191239252687, 1.55873012543, 6.40647554398, 11.088145256, 8.02345657349, 7.76012039185, 13.110200882, 13.2719020844, 16.1505718231, 22.5628108978, 22.7226791382, 13.5479602814, 10.9955883026, 8.27711963654, 7.26861143112, 6.97101163864, 8.46242809296, 12.5251207352, 12.6644096375, 7.94351625443, 6.9105463028, 8.05299758911, 5.5843296051, 7.219602108, 7.01035261154, 7.40540313721, 8.47138214111, 8.97716903687, 8.8843421936, 7.94750261307, 6.58756446838, 5.79499340057, 2.32876634598, 0.977561235428, 0.409480184317, 0.174099326134, 0.0526816882193, 0.0118356477469, 0.000417157745687, 2.62823086814e-05],
        "dmean2": [0.30702200532, 2.66247105598, 11.5542144775, 19.4284877777, 13.4688091278, 12.4925870895, 21.8083534241, 22.7638435364, 25.0402355194, 35.8126945496, 34.8857307434, 18.8999919891, 17.102563858, 13.829539299, 11.9204177856, 10.0443649292, 13.1610898972, 19.0497779846, 19.8227233887, 12.0770111084, 10.8492288589, 12.5230407715, 9.01495838165, 11.3338298798, 10.8731689453, 11.0027322769, 12.6992235184, 12.8235454559, 12.2433691025, 10.8902435303, 8.80248451233, 7.99959230423, 3.10417151451, 1.38983345032, 0.581742346287, 0.249120816588, 0.0717746019363, 0.0173595640808, 0.000624998414423, 3.95942224714e-05],
        "dvar": [0.280351221561, 19.4762859344, 224.42855835, 455.094482422, 209.482635498, 171.426879883, 667.266540527, 805.797729492, 887.971008301, 1949.37902832, 2773.04956055, 1054.29296875, 752.395751953, 369.376739502, 231.566894531, 254.436462402, 328.709259033, 438.052886963, 467.360168457, 319.059112549, 134.302017212, 172.415374756, 123.035087585, 304.079284668, 433.447692871, 270.454406738, 319.457702637, 345.774658203, 394.640350342, 304.972869873, 319.822265625, 356.144622803, 44.3614578247, 8.6885881424, 1.32791113853, 0.19353364408, 0.0172284077853, 0.00100255024154, 1.36877895329e-06, 1.92045623848e-09],
        "dvar2": [0.637806773186, 52.3292808533, 666.446594238, 1315.62463379, 522.951782227, 412.924346924, 1679.43237305, 2223.42822266, 2071.56762695, 5021.11474609, 6456.8828125, 1910.34973145, 1682.06884766, 1022.85516357, 604.890625, 484.586364746, 776.44708252, 1021.9866333, 1097.48803711, 801.076416016, 328.77746582, 423.377990723, 332.073516846, 799.542724609, 1060.10400391, 609.085998535, 730.666320801, 700.950866699, 815.276123047, 650.616149902, 517.459594727, 552.398803711, 73.2702026367, 16.8615055084, 2.52443480492, 0.360415577888, 0.0294280033559, 0.00190865912009, 3.05564481096e-06, 4.40544933866e-09],
        "max": [5.71845960617, 48.1458473206, 163.11920166, 249.044311523, 135.849182129, 149.997253418, 358.948730469, 290.525512695, 383.18258667, 525.913574219, 725.168945312, 501.606384277, 453.90725708, 248.969650269, 192.051025391, 401.677520752, 293.530426025, 280.580718994, 314.791534424, 315.343780518, 155.696914673, 153.104263306, 149.856445312, 330.956298828, 596.048950195, 234.479568481, 229.992492676, 249.048934937, 387.93548584, 239.165740967, 378.427825928, 307.252990723, 99.7359542847, 39.5292129517, 16.7073154449, 6.2001209259, 2.61510896683, 0.622894525528, 0.0234693493694, 0.000523632625118],
        "mean": [0.331049263477, 2.25289869308, 8.99457359314, 14.7498102188, 9.33678627014, 12.8551521301, 19.2816009521, 19.5412578583, 26.8911170959, 42.5397987366, 36.957901001, 23.4976329803, 15.2319087982, 11.6337060928, 11.2038812637, 12.2342853546, 13.6483459473, 22.8042640686, 23.8193302155, 13.3178062439, 12.1159181595, 13.6462583542, 9.15087032318, 11.3880319595, 10.1879787445, 10.4176988602, 12.7466039658, 15.052230835, 14.2732400894, 12.0845174789, 10.3409862518, 9.36491203308, 3.55503439903, 1.5214868784, 0.634573161602, 0.258852511644, 0.0736630037427, 0.0153338592499, 0.00049849844072, 6.06548310316e-05],
        "median": [0.215802326798, 1.40167927742, 5.29465532303, 8.71004199982, 4.27945995331, 6.39432144165, 8.96017169952, 11.0916500092, 11.1752109528, 13.7275915146, 8.18616104126, 4.50668048859, 4.09986495972, 5.28862905502, 4.91089296341, 4.86010551453, 4.91860151291, 11.5161266327, 11.8136472702, 5.92634868622, 5.44680309296, 6.18810892105, 4.95665121078, 5.09683084488, 3.92715811729, 3.48492407799, 4.45067596436, 5.74405002594, 4.78602933884, 3.60380601883, 2.89643073082, 2.11342358589, 0.849613130093, 0.392265111208, 0.15628580749, 0.0559618100524, 0.0132223358378, 0.00236904155463, 7.83782525104e-05, 4.75270644529e-05],
        "min": [6.69518846792e-22, 9.34958207401e-21, 3.57812677467e-20, 1.19361257663e-19, 2.0794600694e-19, 1.15122176743e-19, 5.5207347231e-19, 3.14019861757e-19, 1.34870247913e-18, 1.78530660441e-18, 3.52493919053e-18, 1.9510167305e-18, 8.18779817951e-19, 2.41130903377e-18, 2.64692481382e-18, 2.01146667607e-18, 2.27484222388e-18, 4.56946564493e-18, 6.14724483457e-18, 8.18992351669e-18, 5.20161898933e-18, 4.72237577143e-18, 7.42631007985e-18, 1.25509106959e-17, 2.44138288066e-17, 1.85523723922e-17, 1.65227474473e-17, 2.42427794365e-17, 2.1881752851e-17, 1.86880300126e-17, 1.72872360412e-17, 1.76453225284e-17, 1.46005319049e-17, 1.56700814001e-17, 1.3178864858e-17, 6.77593311938e-18, 3.42828044761e-18, 1.3276441151e-18, 2.97816815274e-19, 3.02874507732e-20],
        "var": [0.283528953791, 15.6180562973, 177.991439819, 411.869842529, 207.544570923, 334.12979126, 912.50958252, 863.219787598, 1710.3605957, 5308.96972656, 4986.46240234, 3159.64160156, 1162.27880859, 418.683532715, 361.194458008, 647.306274414, 649.66784668, 1075.90148926, 1278.47302246, 437.54309082, 343.319366455, 348.841339111, 156.544891357, 362.387817383, 624.182373047, 412.32925415, 552.220092773, 755.596252441, 803.393310547, 574.174072266, 742.038452148, 884.685302734, 103.700721741, 18.4000053406, 2.9162466526, 0.459734708071, 0.0426779538393, 0.00224441243336, 2.46899435297e-06, 3.63234242684e-09]
    },
    "gfcc": {
        "mean": [11.7705821991, 90.7653579712, -90.7413101196, 51.7632598877, -59.6099891663, 23.290184021, -37.2920837402, 5.05360651016, -14.9287309647, 9.09181308746, -14.3638105392, 0.746398746967, -14.8085775375],
        "cov": [[8391.09667969, -513.067016602, -195.242446899, 96.5872116089, -555.206726074, -52.3791122437, -191.040542603, 132.048461914, -16.5234336853, 30.4550170898, -243.007614136, -37.1561088562, -99.9395980835], [-513.067016602, 1027.05163574, -209.251373291, -222.964981079, 74.3931732178, -105.968856812, 48.6440315247, -43.078666687, 137.515075684, -66.2274627686, 87.4873580933, -70.5346069336, 23.5872173309], [-195.242446899, -209.251373291, 407.125183105, 55.8987350464, 46.4179611206, 28.7589683533, -9.63210582733, -24.553850174, -57.0753707886, 6.66410636902, -13.9486122131, 51.9542427063, 12.1019191742], [96.5872116089, -222.964981079, 55.8987350464, 325.790405273, 18.0765075684, 35.569393158, -51.2567977905, -21.6860160828, -24.689332962, -42.4241447449, -0.645529747009, 8.02165126801, 48.3054466248], [-555.206726074, 74.3931732178, 46.4179611206, 18.0765075684, 222.822067261, 2.74511671066, -36.1013755798, -30.1806049347, 7.23472833633, 1.07055819035, 11.488489151, 14.9186868668, 7.72810220718], [-52.3791122437, -105.968856812, 28.7589683533, 35.569393158, 2.74511671066, 119.245361328, 58.1059150696, -4.47030973434, -35.0125389099, 1.0395526886, 7.33748531342, -12.7836408615, -12.0163927078], [-191.040542603, 48.6440315247, -9.63210582733, -51.2567977905, -36.1013755798, 58.1059150696, 165.499191284, 33.0291213989, -23.9625205994, -1.43753790855, 13.664437294, -19.5781211853, -33.6402702332], [132.048461914, -43.078666687, -24.553850174, -21.6860160828, -30.1806049347, -4.47030973434, 33.0291213989, 77.8733291626, 28.7682781219, 11.1851835251, -12.6170864105, -7.81096172333, -18.1069030762], [-16.5234336853, 137.515075684, -57.0753707886, -24.689332962, 7.23472833633, -35.0125389099, -23.9625205994, 28.7682781219, 112.314277649, 24.0321464539, 3.75045323372, -29.6506977081, 2.03180027008], [30.4550170898, -66.2274627686, 6.66410636902, -42.4241447449, 1.07055819035, 1.0395526886, -1.43753790855, 11.1851835251, 24.0321464539, 82.0128326416, 7.78558778763, 3.22510290146, -27.4206924438], [-243.007614136, 87.4873580933, -13.9486122131, -0.645529747009, 11.488489151, 7.33748531342, 13.664437294, -12.6170864105, 3.75045323372, 7.78558778763, 63.7119941711, 12.8544244766, 7.23344755173], [-37.1561088562, -70.5346069336, 51.9542427063, 8.02165126801, 14.9186868668, -12.7836408615, -19.5781211853, -7.81096172333, -29.6506977081, 3.22510290146, 12.8544244766, 75.1929016113, 34.3402252197], [-99.9395980835, 23.5872173309, 12.1019191742, 48.3054466248, 7.72810220718, -12.0163927078, -33.6402702332, -18.1069030762, 2.03180027008, -27.4206924438, 7.23344755173, 34.3402252197, 79.1323623657]],
        "icov": [[0.000194951397134, -0.000238293068833, 7.44165226934e-05, -0.000248990807449, 0.000572589575313, -0.000335889839334, 0.000553615449462, -0.000385743594961, 0.000283057481283, -0.000319987011608, 0.000885891262442, -0.000475534237921, 0.000505248724949], [-0.000238293068833, 0.00434724753723, 0.000464528100565, 0.0030056135729, -0.00208560191095, 0.00365675520152, -0.00344503833912, 0.00463244551793, -0.00509780878201, 0.00561693590134, -0.00602420745417, 0.00368486857042, -0.00211927224882], [7.44165226934e-05, 0.000464528100565, 0.00317468144931, -0.000206258089747, -0.000461879331851, -0.000239988410613, -0.000414975715103, 0.00114367506467, 1.41439795698e-05, -5.34150567546e-05, 0.00112916703802, -0.00202688528225, 0.000447358965175], [-0.000248990807449, 0.0030056135729, -0.000206258089747, 0.00628165854141, -0.00168929621577, 0.000654331000987, -0.00048596857232, 0.00224235886708, -0.00261166621931, 0.00529136229306, -0.00516501255333, 0.00410694349557, -0.00385205005296], [0.000572589575313, -0.00208560191095, -0.000461879331851, -0.00168929621577, 0.00732737453654, -0.00298911915161, 0.00342809804715, -0.000486942444695, 0.000593543925788, -0.00188568106387, 0.00377251161262, -0.00418944982812, 0.00342761771753], [-0.000335889839334, 0.00365675520152, -0.000239988410613, 0.000654331000987, -0.00298911915161, 0.016219265759, -0.00777965923771, 0.00444028479978, -5.00383976032e-05, 0.00162785709836, -0.00649142405018, 0.00783579610288, -0.00365497125313], [0.000553615449462, -0.00344503833912, -0.000414975715103, -0.00048596857232, 0.00342809804715, -0.00777965923771, 0.014380495064, -0.00949854031205, 0.00698889838532, -0.00253043090925, 0.00173516722862, -0.000999849988148, 0.00372894224711], [-0.000385743594961, 0.00463244551793, 0.00114367506467, 0.00224235886708, -0.000486942444695, 0.00444028479978, -0.00949854031205, 0.0257430784404, -0.0141032887623, 0.00658895075321, -0.000574153091293, -0.00301502738148, 0.00316881015897], [0.000283057481283, -0.00509780878201, 1.41439795698e-05, -0.00261166621931, 0.000593543925788, -5.00383976032e-05, 0.00698889838532, -0.0141032887623, 0.0248146988451, -0.0134515007958, 0.00281988596544, 0.00852458458394, -0.00610786816105], [-0.000319987011608, 0.00561693590134, -5.34150567546e-05, 0.00529136229306, -0.00188568106387, 0.00162785709836, -0.00253043090925, 0.00658895075321, -0.0134515007958, 0.0259169396013, -0.00950961187482, -0.00269424635917, 0.00692753074691], [0.000885891262442, -0.00602420745417, 0.00112916703802, -0.00516501255333, 0.00377251161262, -0.00649142405018, 0.00173516722862, -0.000574153091293, 0.00281988596544, -0.00950961187482, 0.0301491897553, -0.0125846769661, 0.00448449980468], [-0.000475534237921, 0.00368486857042, -0.00202688528225, 0.00410694349557, -0.00418944982812, 0.00783579610288, -0.000999849988148, -0.00301502738148, 0.00852458458394, -0.00269424635917, -0.0125846769661, 0.032751429826, -0.0176268182695], [0.000505248724949, -0.00211927224882, 0.000447358965175, -0.00385205005296, 0.00342761771753, -0.00365497125313, 0.00372894224711, 0.00316881015897, -0.00610786816105, 0.00692753074691, 0.00448449980468, -0.0176268182695, 0.0274071525782]]
    },
    "melbands": {
        "dmean": [0.00172500649933, 0.00284320069477, 0.00175336690154, 0.00048191921087, 0.000436327361967, 0.000305129477056, 0.000254168058746, 0.000251811259659, 0.000166587546119, 8.37867482915e-05, 5.52072779101e-05, 3.51869493898e-05, 2.70238397206e-05, 2.03290965146e-05, 2.12927789107e-05, 2.14853607758e-05, 2.47274383582e-05, 2.31612739299e-05, 1.34845968205e-05, 9.446803233e-06, 8.36429990159e-06, 9.33292722038e-06, 6.56850534142e-06, 4.73927684652e-06, 6.32261344435e-06, 5.73962461203e-06, 4.8076190069e-06, 5.41204053661e-06, 5.68015047975e-06, 4.99617453897e-06, 5.53691006644e-06, 5.58299325348e-06, 4.59421971755e-06, 4.52907261206e-06, 3.63340677723e-06, 4.43646831627e-06, 3.482535476e-06, 1.80125744009e-06, 1.09267523385e-06, 7.47609647078e-07],
        "dmean2": [0.00281048938632, 0.00506686186418, 0.00303908297792, 0.000800291774794, 0.000722473487258, 0.000514326267876, 0.000392488000216, 0.000393791095121, 0.000255453574937, 0.00011716591689, 8.61185617396e-05, 5.85305460845e-05, 4.45823279733e-05, 3.05566645693e-05, 3.23094354826e-05, 3.38567624567e-05, 3.7703277485e-05, 3.62154605682e-05, 2.06989279832e-05, 1.4567513972e-05, 1.34904212246e-05, 1.46274041981e-05, 1.07971873149e-05, 7.44881026549e-06, 1.01091818578e-05, 9.05568685994e-06, 7.45603620089e-06, 8.2141805251e-06, 8.84753171704e-06, 7.30505280444e-06, 8.05607669463e-06, 8.02262366051e-06, 6.36051254332e-06, 6.41473161522e-06, 4.82369614474e-06, 6.34789012111e-06, 4.9625164138e-06, 2.47391017183e-06, 1.5200805592e-06, 1.0825293657e-06],
        "dvar": [2.25789262913e-05, 5.03693736391e-05, 1.00083734651e-05, 6.67207814331e-07, 6.50139668323e-07, 3.93637094476e-07, 2.03975517366e-07, 2.27401500297e-07, 1.41830639677e-07, 4.3626240398e-08, 1.8772176702e-08, 6.75862654731e-09, 3.33535665753e-09, 1.8247696687e-09, 2.31350583135e-09, 2.15259299274e-09, 1.77369141596e-09, 1.59936119903e-09, 7.43552885929e-10, 4.97302032887e-10, 1.995639487e-10, 2.38739583658e-10, 1.60060700805e-10, 7.27818846857e-11, 2.6637542172e-10, 3.32430388772e-10, 1.24902824195e-10, 1.5295952005e-10, 1.61925084452e-10, 1.20128934578e-10, 1.41185424463e-10, 1.64490365773e-10, 9.5589300364e-11, 1.07966462159e-10, 9.19002998701e-11, 1.95558971794e-10, 1.3430530299e-10, 2.82801802809e-11, 1.01652757392e-11, 5.4065350287e-12],
        "dvar2": [5.39103493793e-05, 0.000145484111272, 2.84244433715e-05, 1.63566824085e-06, 1.66262168477e-06, 1.0825838217e-06, 4.78503352497e-07, 5.79218578878e-07, 3.28973754904e-07, 7.87217828702e-08, 4.23423784923e-08, 1.84771966616e-08, 8.59625171046e-09, 3.44252404361e-09, 4.96869700939e-09, 5.04457275952e-09, 4.04678957011e-09, 3.75736686209e-09, 1.85497461835e-09, 1.21152909927e-09, 5.00333552367e-10, 5.75157976801e-10, 4.49948800441e-10, 1.82113810143e-10, 7.21106396817e-10, 8.53094095365e-10, 2.68592786901e-10, 3.63800461978e-10, 3.87162718551e-10, 2.6072993764e-10, 2.96694807611e-10, 3.68893554592e-10, 1.88280016578e-10, 2.44467834865e-10, 1.52788406926e-10, 3.4372871216e-10, 2.26925964131e-10, 4.86843863834e-11, 1.9728798456e-11, 1.07952084771e-11],
        "max": [0.0490562915802, 0.0735345929861, 0.0357868671417, 0.0104505447671, 0.00943158846349, 0.00616229046136, 0.00623814761639, 0.00491565093398, 0.00536991469562, 0.00322652072646, 0.0021433418151, 0.00118254055269, 0.00074655842036, 0.000947013089899, 0.000801648071501, 0.0007571374299, 0.000534771650564, 0.000558879924938, 0.000468586164061, 0.000375340285245, 0.000180233299034, 0.000189087935723, 0.000168301223312, 9.25348358578e-05, 0.000328349822666, 0.000527375144884, 0.000181206836714, 0.000162057418493, 0.000142156844959, 0.00021368508169, 0.000175036446308, 0.000227828728384, 0.00017411254521, 0.000162509342772, 0.000219800145715, 0.000229177938309, 0.000193361003767, 7.91123675299e-05, 4.92155049869e-05, 3.20724575431e-05],
        "mean": [0.00286059989594, 0.00417217426002, 0.00240594870411, 0.000706215156242, 0.000679494522046, 0.000450272462331, 0.00043215660844, 0.000457974878373, 0.000271154975053, 0.000141489406815, 7.29597668396e-05, 4.82819814351e-05, 3.92680703953e-05, 3.37682467944e-05, 3.15473844239e-05, 3.31062547048e-05, 4.25950856879e-05, 4.08418745792e-05, 2.22264006879e-05, 1.48157596414e-05, 1.35877126013e-05, 1.50869218487e-05, 9.65733943303e-06, 7.35986895961e-06, 9.48349952523e-06, 8.24174640002e-06, 6.42722534394e-06, 7.1477511483e-06, 7.93099934526e-06, 8.17087493488e-06, 8.87500937097e-06, 8.43078396429e-06, 7.01776070855e-06, 6.51708523947e-06, 5.5729651649e-06, 6.6881307248e-06, 5.31383466296e-06, 2.63820152213e-06, 1.63121762853e-06, 1.14075521651e-06],
        "median": [0.00191514985636, 0.00252223806456, 0.00150323729031, 0.000350681308191, 0.000352590664988, 0.000255563645624, 0.000183615513379, 0.000124100828543, 5.88271686865e-05, 2.52197132795e-05, 1.95996090042e-05, 1.98570251086e-05, 1.70920029632e-05, 1.41353812069e-05, 1.00525412563e-05, 1.11340104922e-05, 2.08607780223e-05, 1.89592446986e-05, 1.04054415715e-05, 5.41749068361e-06, 5.60374110137e-06, 6.23873984296e-06, 4.68468169856e-06, 3.59722571375e-06, 4.16438388129e-06, 3.13357668347e-06, 2.07263951779e-06, 2.37009112425e-06, 2.5522172109e-06, 3.1452316307e-06, 3.1444326396e-06, 2.73777959592e-06, 2.10195526051e-06, 1.96141513698e-06, 1.67249709193e-06, 1.53175460582e-06, 1.1215718132e-06, 5.88754119235e-07, 4.17520425344e-07, 2.84045881926e-07],
        "min": [8.19647464225e-24, 1.68321475935e-23, 2.43329873346e-23, 1.00924458188e-23, 1.55116543916e-23, 8.47456862172e-24, 2.04804289095e-23, 2.19778920114e-23, 2.77683771803e-23, 1.03626827437e-23, 3.51605284547e-24, 8.93691210966e-24, 1.16010500033e-23, 5.21458594254e-24, 5.58783074668e-24, 3.84746869455e-24, 9.55091252891e-24, 9.75116329198e-24, 9.2963510591e-24, 1.23568024164e-23, 5.01052143142e-24, 5.25942558525e-24, 5.05270221846e-24, 6.31636351417e-24, 9.78621159314e-24, 1.73866473901e-23, 1.73734355476e-23, 1.09872444327e-23, 1.16738129555e-23, 9.02044932408e-24, 1.60568724508e-23, 1.20492823474e-23, 1.05046974281e-23, 1.12734013595e-23, 9.62615329319e-24, 1.18470641652e-23, 1.00172744743e-23, 9.93917172266e-24, 1.14791149843e-23, 1.35753306131e-23],
        "var": [2.15541876969e-05, 3.96680661652e-05, 9.50416961132e-06, 9.06106720322e-07, 8.9692906613e-07, 4.21003932161e-07, 4.09166005966e-07, 5.53422751182e-07, 2.58944282905e-07, 1.28009560285e-07, 2.77792722159e-08, 8.22833978731e-09, 4.99763563866e-09, 5.06693931257e-09, 4.65749083745e-09, 4.14635525914e-09, 4.07006695013e-09, 4.25837409779e-09, 1.12838993704e-09, 7.13723524726e-10, 4.69599636954e-10, 4.77025585699e-10, 1.94744803617e-10, 1.08411217503e-10, 2.76169698221e-10, 4.76587935783e-10, 1.91750545997e-10, 2.06422684501e-10, 2.4272833743e-10, 2.22010965167e-10, 2.86357382251e-10, 2.93288532349e-10, 1.97259042434e-10, 1.77205639051e-10, 2.05148759092e-10, 4.26141455456e-10, 3.12906034416e-10, 6.15194908904e-11, 2.11508449643e-11, 1.08021022682e-11]
    },
    "mfcc": {
        "mean": [-632.473144531, 112.09198761, 28.1407699585, 31.2186050415, 7.93110990524, 19.0976734161, -5.04921293259, 3.01287031174, -1.40430283546, 6.13393974304, 3.96351718903, 3.77726006508, -2.32271242142],
        "cov": [[6529.99707031, -521.289428711, 79.3879318237, 7.79587125778, -297.187957764, -188.118637085, -262.278686523, -24.3250617981, 72.2685165405, 51.0892944336, -47.1477966309, 52.0941200256, -39.3204421997], [-521.289428711, 1076.65100098, -205.79864502, -122.779838562, -25.4907741547, -58.232749939, -69.3305664062, 2.13451099396, -14.1018295288, 11.9301586151, 70.3268127441, 38.2237586975, 6.82808065414], [79.3879318237, -205.79864502, 325.677368164, 48.8545074463, -1.35524857044, 33.7319793701, 36.7705421448, 4.39889764786, 6.53542804718, -29.7401256561, -53.2600288391, -3.18628716469, 26.31599617], [7.79587125778, -122.779838562, 48.8545074463, 189.238983154, 96.7621765137, 18.3035945892, -16.6536808014, 6.85627269745, 0.827519714832, -25.1315975189, -51.2419700623, -14.7108831406, 22.2950992584], [-297.187957764, -25.4907741547, -1.35524857044, 96.7621765137, 241.972427368, 44.3898963928, -48.2036590576, -28.4220371246, -9.78899669647, -18.5296916962, -57.8606491089, -9.7454662323, 10.1231479645], [-188.118637085, -58.232749939, 33.7319793701, 18.3035945892, 44.3898963928, 113.611068726, 63.9809837341, 0.499704927206, -16.2058563232, -5.43652009964, 0.717694103718, -12.5509262085, -14.7645187378], [-262.278686523, -69.3305664062, 36.7705421448, -16.6536808014, -48.2036590576, 63.9809837341, 156.785446167, 47.9446411133, -23.3713607788, -5.77707147598, 22.9979419708, -23.2440700531, -19.5792274475], [-24.3250617981, 2.13451099396, 4.39889764786, 6.85627269745, -28.4220371246, 0.499704927206, 47.9446411133, 77.8108215332, 14.1739263535, -0.0507530719042, -2.18486404419, -5.5281624794, -9.96094989777], [72.2685165405, -14.1018295288, 6.53542804718, 0.827519714832, -9.78899669647, -16.2058563232, -23.3713607788, 14.1739263535, 68.634727478, 23.1747722626, -5.36262512207, 8.64657115936, 2.77698707581], [51.0892944336, 11.9301586151, -29.7401256561, -25.1315975189, -18.5296916962, -5.43652009964, -5.77707147598, -0.0507530719042, 23.1747722626, 77.5991744995, 50.7214660645, 8.3467092514, -16.8623332977], [-47.1477966309, 70.3268127441, -53.2600288391, -51.2419700623, -57.8606491089, 0.717694103718, 22.9979419708, -2.18486404419, -5.36262512207, 50.7214660645, 109.974533081, 26.2969837189, -14.5899610519], [52.0941200256, 38.2237586975, -3.18628716469, -14.7108831406, -9.7454662323, -12.5509262085, -23.2440700531, -5.5281624794, 8.64657115936, 8.3467092514, 26.2969837189, 68.2523269653, 17.4290981293], [-39.3204421997, 6.82808065414, 26.31599617, 22.2950992584, 10.1231479645, -14.7645187378, -19.5792274475, -9.96094989777, 2.77698707581, -16.8623332977, -14.5899610519, 17.4290981293, 72.900642395]],
