{
"lowlevel": {
    "average_loudness": 0.960354447365,
    "barkbands_crest": {
        "dmean": 2.47863721848,
        "dmean2": 4.04181432724,
        "dvar": 6.93645858765,
        "dvar2": 16.5072212219,
        "max": 25.3518638611,
        "mean": 11.5598669052,
        "median": 11.0154829025,
        "min": 3.70302724838,
        "var": 14.4292116165
    },
    "barkbands_flatness_db": {
        "dmean": 0.025208633393,
        "dmean2": 0.03800791502,
        "dvar": 0.000975430186372,
        "dvar2": 0.00209115212783,
        "max": 0.43934622407,
        "mean": 0.202768117189,
        "median": 0.19831776619,
        "min": 0.0364418290555,
        "var": 0.00396598456427
    },
    "barkbands_kurtosis": {
        "dmean": 12.6950769424,
        "dmean2": 20.4448471069,
        "dvar": 1046.29541016,
        "dvar2": 2690.95263672,
        "max": 510.099853516,
        "mean": 24.6544532776,
        "median": 13.0525226593,
        "min": -1.91903340816,
        "var": 1263.68054199
    },
    "barkbands_skewness": {
        "dmean": 0.948550462723,
        "dmean2": 1.44480526447,
        "dvar": 1.9838322401,
        "dvar2": 4.43190670013,
        "max": 18.5505542755,
        "mean": 3.48374438286,
        "median": 3.08924889565,
        "min": -5.3797621727,
        "var": 4.97496032715
    },
    "barkbands_spread": {
        "dmean": 6.71301698685,
        "dmean2": 9.766289711,
        "dvar": 150.154174805,
        "dvar2": 273.306182861,
        "max": 120.536972046,
        "mean": 17.4801120758,
        "median": 11.4994277954,
        "min": 0.311118811369,
        "var": 333.235778809
    },
    "dissonance": {
        "dmean": 0.0279660392553,
        "dmean2": 0.0458195917308,
        "dvar": 0.000737555732485,
        "dvar2": 0.00195582513697,
        "max": 0.499468713999,
        "mean": 0.429016202688,
        "median": 0.43470543623,
        "min": 0.261073708534,
        "var": 0.00236248760484
    },
    "dynamic_complexity": 4.09759807587,
    "erbbands_crest": {
        "dmean": 2.65035581589,
        "dmean2": 4.09340810776,
        "dvar": 6.07367658615,
        "dvar2": 12.9766349792,
        "max": 29.4573535919,
        "mean": 11.3303899765,
        "median": 10.0930337906,
        "min": 2.5466067791,
        "var": 29.2600688934
    },
    "erbbands_flatness_db": {
        "dmean": 0.0160898212343,
        "dmean2": 0.0237258356065,
        "dvar": 0.000278713967418,
        "dvar2": 0.000523116148543,
        "max": 0.272456943989,
        "mean": 0.134484484792,
        "median": 0.13027818501,
        "min": 0.0461953878403,
        "var": 0.00148451689165
    },
    "erbbands_kurtosis": {
        "dmean": 2.01153588295,
        "dmean2": 2.95476675034,
        "dvar": 6.58535480499,
        "dvar2": 12.2752170563,
        "max": 41.9219017029,
        "mean": 3.89698433876,
        "median": 1.93969345093,
        "min": -1.87970483303,
        "var": 34.8504104614
    },
    "erbbands_skewness": {
        "dmean": 0.472399115562,
        "dmean2": 0.681967675686,
        "dvar": 0.290981858969,
        "dvar2": 0.527558982372,
        "max": 5.07113409042,
        "mean": 1.23391532898,
        "median": 1.35445415974,
        "min": -4.96688270569,
        "var": 1.74528896809
    },
    "erbbands_spread": {
        "dmean": 14.419219017,
        "dmean2": 21.6674365997,
        "dvar": 371.279907227,
        "dvar2": 739.453857422,
        "max": 189.671432495,
        "mean": 54.8220596313,
        "median": 45.2924079895,
        "min": 6.00807189941,
        "var": 1301.3692627
    },
    "hfc": {
        "dmean": 10.7221460342,
        "dmean2": 16.4128952026,
        "dvar": 1271.40454102,
        "dvar2": 3192.875,
        "max": 565.164855957,
        "mean": 20.444360733,
        "median": 13.38758564,
        "min": 1.21012146792e-06,
        "var": 1172.26794434
    },
    "melbands_crest": {
        "dmean": 2.97123599052,
        "dmean2": 4.91734981537,
        "dvar": 7.80871295929,
        "dvar2": 19.7910404205,
        "max": 30.879486084,
        "mean": 16.0991516113,
        "median": 16.1722602844,
        "min": 3.54136943817,
        "var": 19.5005550385
    },
    "melbands_flatness_db": {
        "dmean": 0.0301708355546,
        "dmean2": 0.0447733961046,
        "dvar": 0.00153705861885,
        "dvar2": 0.00320758484304,
        "max": 0.577086091042,
        "mean": 0.305822372437,
        "median": 0.301652044058,
        "min": 0.0550923347473,
        "var": 0.00652486411855
    },
    "melbands_kurtosis": {
        "dmean": 28.5923290253,
        "dmean2": 45.7506561279,
        "dvar": 3433.43041992,
        "dvar2": 8181.39208984,
        "max": 698.323730469,
        "mean": 57.3300094604,
        "median": 33.8022270203,
        "min": -1.82216954231,
        "var": 5278.66650391
    },
    "melbands_skewness": {
        "dmean": 1.25678789616,
        "dmean2": 1.91669774055,
        "dvar": 2.95657229424,
        "dvar2": 6.20473241806,
        "max": 18.755865097,
        "mean": 4.75694656372,
        "median": 4.05787181854,
        "min": -1.4092001915,
        "var": 9.30292701721
    },
    "melbands_spread": {
        "dmean": 4.48713207245,
        "dmean2": 6.80063962936,
        "dvar": 164.332397461,
        "dvar2": 306.780151367,
        "max": 265.139801025,
        "mean": 12.3434228897,
        "median": 7.62390899658,
        "min": 0.361582428217,
        "var": 599.429504395
    },
    "pitch_salience": {
        "dmean": 0.0671231821179,
        "dmean2": 0.110031045973,
        "dvar": 0.00510184001178,
        "dvar2": 0.0124083356932,
        "max": 0.792853832245,
        "mean": 0.474637418985,
        "median": 0.470925062895,
        "min": 0.157171592116,
        "var": 0.0088340099901
    },
    "silence_rate_20dB": {
        "dmean": 0.0325077399611,
        "dmean2": 0.0650658383965,
        "dvar": 0.0314509160817,
        "dvar2": 0.0732263550162,
        "max": 1,
        "mean": 0.973704576492,
        "median": 1,
        "min": 0,
        "var": 0.025604378432
    },
    "silence_rate_30dB": {
        "dmean": 0.0386996902525,
        "dmean2": 0.0774593353271,
        "dvar": 0.0372022986412,
        "dvar2": 0.0745571106672,
        "max": 1,
        "mean": 0.940448582172,
        "median": 1,
        "min": 0,
        "var": 0.0560056902468
    },
    "silence_rate_60dB": {
        "dmean": 0.0123839005828,
        "dmean2": 0.0247869864106,
        "dvar": 0.0122306710109,
        "dvar2": 0.0241723693907,
        "max": 1,
        "mean": 0.0494972914457,
        "median": 0,
        "min": 0,
        "var": 0.0470465607941
    },
    "spectral_centroid": {
        "dmean": 210.938522339,
        "dmean2": 301.779449463,
        "dvar": 197110.234375,
        "dvar2": 273700.03125,
        "max": 10977.6318359,
        "mean": 864.116577148,
        "median": 594.179321289,
        "min": 146.301345825,
        "var": 733397.1875
    },
    "spectral_complexity": {
        "dmean": 2.33591341972,
        "dmean2": 3.78156471252,
        "dvar": 19.1984157562,
        "dvar2": 45.0538825989,
        "max": 51,
        "mean": 8.59474086761,
        "median": 7,
        "min": 0,
        "var": 32.8055763245
    },
    "spectral_decrease": {
        "dmean": 6.57008891736e-09,
        "dmean2": 1.04747046592e-08,
        "dvar": 4.83266442424e-16,
        "dvar2": 1.01538487481e-15,
        "max": -3.14666089373e-17,
        "mean": -1.31063320197e-08,
        "median": -8.60059579111e-09,
        "min": -2.01579965164e-07,
        "var": 5.34223044559e-16
    },
    "spectral_energy": {
        "dmean": 0.0254499129951,
        "dmean2": 0.0405814610422,
        "dvar": 0.00703695975244,
        "dvar2": 0.0147806573659,
        "max": 0.769033432007,
        "mean": 0.0513208135962,
        "median": 0.0338825173676,
        "min": 2.36411001886e-10,
        "var": 0.00779847009107
    },
    "spectral_energyband_high": {
        "dmean": 0.000758036097977,
        "dmean2": 0.00114578416105,
        "dvar": 6.6970728767e-06,
        "dvar2": 1.60150793818e-05,
        "max": 0.0413300022483,
        "mean": 0.00114256516099,
        "median": 0.000500146939885,
        "min": 7.45119174694e-11,
        "var": 6.76335366734e-06
    },
    "spectral_energyband_low": {
        "dmean": 0.0228093732148,
        "dmean2": 0.0368885993958,
        "dvar": 0.006910815835,
        "dvar2": 0.0147191053256,
        "max": 0.735474526882,
        "mean": 0.0361008830369,
        "median": 0.0195335485041,
        "min": 5.94320287428e-11,
        "var": 0.00712214736268
    },
    "spectral_energyband_middle_high": {
        "dmean": 0.00117268390022,
        "dmean2": 0.00204587588087,
        "dvar": 4.93457991979e-05,
        "dvar2": 0.00014244565682,
        "max": 0.100247077644,
        "mean": 0.00156924419571,
        "median": 0.000538653170224,
        "min": 1.62963652989e-11,
        "var": 2.97614915326e-05
    },
    "spectral_energyband_middle_low": {
        "dmean": 0.00479156710207,
        "dmean2": 0.00777707761154,
        "dvar": 8.27123003546e-05,
        "dvar2": 0.000226444492,
        "max": 0.104481734335,
        "mean": 0.0140389278531,
        "median": 0.0104465540498,
        "min": 4.92375619443e-11,
        "var": 0.000191655752133
    },
    "spectral_entropy": {
        "dmean": 0.223334774375,
        "dmean2": 0.317686825991,
        "dvar": 0.0779726877809,
        "dvar2": 0.134135648608,
        "max": 9.78832626343,
        "mean": 7.23014640808,
        "median": 7.19417190552,
        "min": 5.37424039841,
        "var": 0.413611829281
    },
    "spectral_flux": {
        "dmean": 0.0383769385517,
        "dmean2": 0.0639444589615,
        "dvar": 0.00711453426629,
        "dvar2": 0.0175998527557,
        "max": 0.770633637905,
        "mean": 0.0880269780755,
        "median": 0.0609785057604,
        "min": 1.77435231308e-05,
        "var": 0.0107683753595
    },
    "spectral_kurtosis": {
        "dmean": 0.965225577354,
        "dmean2": 1.44392359257,
        "dvar": 1.40801250935,
        "dvar2": 2.96775484085,
        "max": 20.4003314972,
        "mean": 3.32622170448,
        "median": 2.98597192764,
        "min": -1.46411526203,
        "var": 7.20726156235
    },
    "spectral_rms": {
        "dmean": 0.00115906272549,
        "dmean2": 0.00179649854545,
        "dvar": 7.15118130756e-06,
        "dvar2": 1.3403057892e-05,
        "max": 0.0273911748081,
        "mean": 0.00607926398516,
        "median": 0.00574944494292,
        "min": 4.80255039292e-07,
        "var": 1.31115866679e-05
    },
    "spectral_rolloff": {
        "dmean": 550.980651855,
        "dmean2": 916.856872559,
        "dvar": 3092987.5,
        "dvar2": 6531398.5,
        "max": 15999.1699219,
        "mean": 941.412902832,
        "median": 301.46484375,
        "min": 86.1328125,
        "var": 4405740.5
    },
    "spectral_skewness": {
        "dmean": 0.213347449899,
        "dmean2": 0.305209457874,
        "dvar": 0.0679248198867,
        "dvar2": 0.120822131634,
        "max": 4.01706409454,
        "mean": 1.68397247791,
        "median": 1.7012360096,
        "min": -0.310903847218,
        "var": 0.384725153446
    },
    "spectral_spread": {
        "dmean": 958952.9375,
        "dmean2": 1400179.25,
        "dvar": 2.356117504e+12,
        "dvar2": 3.6410621952e+12,
        "max": 40923260,
        "mean": 7966796,
        "median": 7379280,
        "min": 3310645.5,
        "var": 6.42048380109e+12
    },
    "spectral_strongpeak": {
        "dmean": 0.395610630512,
        "dmean2": 0.684887468815,
        "dvar": 0.57902264595,
        "dvar2": 1.58651483059,
        "max": 10.6407775879,
        "mean": 0.630221247673,
        "median": 0.236961886287,
        "min": 0,
        "var": 0.917808890343
    },
    "zerocrossingrate": {
        "dmean": 0.0149307483807,
        "dmean2": 0.0173754002899,
        "dvar": 0.000529310957063,
        "dvar2": 0.000546511728317,
        "max": 0.43798828125,
        "mean": 0.0570220351219,
        "median": 0.04248046875,
        "min": 0.00390625,
        "var": 0.00290167331696
    },
    "barkbands": {
        "dmean": [0.000969882647041, 0.0195473916829, 0.00545858684927, 0.00154666905291, 0.00248311460018, 0.000819783366751, 0.000450606486993, 0.000778228975832, 0.00055721681565, 0.0001780645689, 0.000120732700452, 6.34557218291e-05, 0.000135194699396, 0.000167218109709, 0.000301533204038, 0.00018274676404, 4.8042202252e-05, 7.12266410119e-05, 0.000129410414957, 7.84125950304e-05, 9.58386517595e-05, 9.3051319709e-05, 7.77838431532e-05, 0.000166687867022, 0.00025388688664, 0.000151274609379, 1.09894845082e-05],
        "dmean2": [0.001711718156, 0.0329210162163, 0.00958491116762, 0.00261751934886, 0.0041425973177, 0.00130455999169, 0.000654094561469, 0.00114704493899, 0.00073695165338, 0.000261549575953, 0.000203957461054, 0.000104046266642, 0.000214345825952, 0.000271062570391, 0.000543357455172, 0.000335368473316, 8.41499131639e-05, 0.000130298605654, 0.000237095853663, 0.000136217233376, 0.000161007774295, 0.000159615432494, 0.000123166348203, 0.000252383062616, 0.000380632089218, 0.000240034089074, 1.84995660675e-05],
        "dvar": [2.38232701122e-06, 0.00559299206361, 0.00047555816127, 2.50802149822e-05, 1.60812269314e-05, 4.15435624745e-06, 1.95528718905e-06, 4.15278918808e-06, 3.30426792061e-06, 3.35915814276e-07, 2.73826259445e-07, 3.85452949558e-08, 2.30115716704e-07, 4.405213474e-07, 5.49599826627e-06, 2.36476876125e-06, 3.69813903944e-08, 2.8661023066e-07, 5.86782050505e-07, 6.91707100486e-08, 1.63420878607e-07, 3.54304404482e-07, 7.71748887018e-08, 1.63100992268e-07, 5.44017666471e-07, 3.43267686276e-07, 2.73011613316e-09],
        "dvar2": [6.88375985192e-06, 0.0128705790266, 0.00137233361602, 6.89044827595e-05, 4.38687638962e-05, 1.12406924018e-05, 4.36046866525e-06, 8.07517426438e-06, 4.88435171064e-06, 7.67315043504e-07, 7.74115733293e-07, 9.82333077104e-08, 5.90995739458e-07, 1.16738647193e-06, 1.58575003297e-05, 6.88361569701e-06, 1.03181676536e-07, 8.2830717929e-07, 1.70514465481e-06, 1.97355490172e-07, 4.61534398255e-07, 1.00755721633e-06, 2.02276311256e-07, 3.44935159546e-07, 1.24329937989e-06, 8.68754455041e-07, 7.48931672234e-09],
        "max": [0.0173998773098, 0.605796873569, 0.24880489707, 0.0594296306372, 0.0530911237001, 0.0325560495257, 0.0313840322196, 0.0278242975473, 0.0443318374455, 0.0136720780283, 0.00698720477521, 0.0022970282007, 0.00913853384554, 0.00902563147247, 0.0335130244493, 0.0207366198301, 0.00290805776604, 0.00798919983208, 0.0115009788424, 0.00399930821732, 0.00545872235671, 0.00898319948465, 0.0042141797021, 0.00498865637928, 0.0111304847524, 0.00779841654003, 0.000824942544568],
        "mean": [0.0014800861245, 0.0241913516074, 0.00903233606368, 0.00250857090577, 0.00520744267851, 0.00173815852031, 0.00111906521488, 0.00172332988586, 0.00145390199032, 0.00039304382517, 0.00015797438391, 7.94467632659e-05, 0.000202305978746, 0.000231942438404, 0.000253791047726, 0.00013248565665, 5.33553065907e-05, 5.73814395466e-05, 0.000119763331895, 0.000102566642454, 0.000118750453112, 9.07796202227e-05, 0.000116314018669, 0.00023319623142, 0.000340984261129, 0.000174204164068, 8.25652114145e-06],
        "median": [0.000953387818299, 0.0102825416252, 0.00586943142116, 0.00085241231136, 0.00340677984059, 0.000491640064865, 8.83625762071e-05, 0.000170411949512, 8.87523565325e-05, 4.50688785349e-05, 2.9782351703e-05, 1.50375099111e-05, 2.747164217e-05, 3.12693773594e-05, 2.04838397622e-05, 1.04581449705e-05, 1.1218335203e-05, 9.9892331491e-06, 2.94550445687e-05, 3.60959384125e-05, 4.15498725488e-05, 1.60641448019e-05, 4.47611964773e-05, 6.75184419379e-05, 0.000112728790555, 6.14124874119e-05, 3.61384877579e-07],
        "min": [1.11531513192e-11, 3.09415201794e-11, 6.27769451006e-12, 9.14820736525e-12, 6.01250950069e-12, 3.3623835053e-12, 2.12041040108e-12, 1.38574906758e-11, 1.2987834766e-11, 1.04996935625e-12, 9.24588422317e-13, 7.88028279783e-13, 1.35881909023e-12, 1.39640209118e-12, 9.03318815148e-13, 1.52363776977e-12, 1.46138179682e-12, 2.42973154617e-12, 3.13774722351e-12, 3.43938441096e-12, 2.56964718601e-12, 3.43807274317e-12, 5.20464834425e-12, 7.80120239241e-12, 9.80345318813e-12, 1.39091203832e-11, 2.41267873735e-11],
        "var": [3.14702242576e-06, 0.00505234487355, 0.000309692841256, 2.98477662e-05, 3.56012133125e-05, 1.27832154249e-05, 8.71498468769e-06, 1.50842779476e-05, 1.96327600861e-05, 1.23904897009e-06, 2.12729190707e-07, 4.48969537103e-08, 3.52431015926e-07, 5.02976604366e-07, 3.14988824357e-06, 1.31290175887e-06, 2.63060560002e-08, 1.6202896802e-07, 3.34400425572e-07, 5.21610026283e-08, 1.12349596293e-07, 2.21319254479e-07, 7.42125934039e-08, 2.65458794502e-07, 6.0453118067e-07, 2.86554239892e-07, 1.86962001436e-09]
    },
    "erbbands": {
        "dmean": [0.625664234161, 4.35150671005, 6.55204343796, 5.67179203033, 5.17229652405, 10.0068101883, 11.0931463242, 5.52453517914, 4.3163933754, 13.504283905, 13.9706354141, 13.3912525177, 8.11880016327, 3.85353708267, 4.48529195786, 2.93044924736, 5.85458230972, 8.57994842529, 7.01574754715, 21.7183742523, 7.2620549202, 2.640583992, 3.06539702415, 6.4191737175, 5.78251600266, 3.60184335709, 5.03087186813, 2.70527863503, 3.73460555077, 2.61370611191, 2.26972198486, 2.56630349159, 3.15300178528, 3.01585125923, 1.85403263569, 0.734913825989, 0.23844371736, 0.0595100745559, 0.0014514279319, 6.416211545e-05],
        "dmean2": [1.05060660839, 7.29748916626, 10.9074344635, 9.650390625, 8.76732635498, 16.4615974426, 18.103849411, 8.70354747772, 6.45053958893, 19.663351059, 19.8223361969, 16.9200973511, 11.0219306946, 6.40915250778, 7.56261491776, 4.81704807281, 9.03150844574, 13.735789299, 11.7943525314, 40.3987388611, 13.325671196, 4.68283748627, 5.48924970627, 11.8903522491, 10.3366127014, 6.24046134949, 8.71260261536, 4.43229055405, 6.60653829575, 4.23117589951, 3.57769680023, 3.93937063217, 4.78900766373, 4.52310228348, 2.87039494514, 1.15814530849, 0.374758660793, 0.0989695861936, 0.00238924473524, 0.0001014704103],
        "dvar": [4.24334526062, 301.495849609, 682.162658691, 445.239837646, 201.83996582, 261.897460938, 333.203308105, 232.178085327, 231.882354736, 1251.39428711, 1562.49255371, 2328.36547852, 590.016174316, 187.174758911, 469.609313965, 87.7269210815, 419.609039307, 1113.58239746, 1517.33312988, 34894.3203125, 3600.10107422, 133.982116699, 391.361907959, 2144.44824219, 930.26965332, 164.827331543, 515.644836426, 116.029411316, 695.944396973, 131.765716553, 59.4998474121, 38.6594963074, 59.3622283936, 76.3309173584, 30.9353981018, 6.07613992691, 0.909363806248, 0.0927902385592, 4.60847113573e-05, 4.19643022553e-08],
        "dvar2": [10.4514389038, 690.261352539, 1839.89172363, 1265.84204102, 576.034545898, 685.552001953, 886.132141113, 562.416015625, 575.517211914, 2376.56738281, 2793.85717773, 2957.87963867, 1178.55151367, 519.484680176, 1338.59460449, 231.199508667, 1015.34033203, 2930.63427734, 4231.23779297, 101434.625, 10526.2080078, 377.338562012, 1115.41040039, 6257.69384766, 2698.85400391, 468.501922607, 1487.82409668, 319.104522705, 2003.27734375, 351.0105896, 156.288833618, 83.4872970581, 127.098350525, 178.719650269, 70.2187576294, 15.0369672775, 2.27268362045, 0.249948352575, 0.000122708763229, 1.03908810445e-07],
        "max": [16.3922386169, 143.30847168, 299.581817627, 233.219207764, 142.179992676, 224.826690674, 282.948730469, 311.397827148, 402.658935547, 654.812011719, 756.380493164, 1324.74609375, 526.881408691, 282.760223389, 298.875762939, 106.747184753, 494.88949585, 456.629577637, 546.100463867, 2647.91040039, 822.788330078, 159.544998169, 294.702636719, 729.131713867, 454.347747803, 182.351272583, 313.909088135, 159.511764526, 399.633666992, 176.620056152, 116.925331116, 79.5835037231, 95.7451477051, 138.071334839, 72.6119537354, 34.2316398621, 13.1889476776, 4.15874910355, 0.0884382203221, 0.00249558291398],
        "mean": [0.760363817215, 5.16720199585, 10.7026014328, 9.78275203705, 8.85971069336, 20.7493419647, 22.0708122253, 12.1094093323, 10.0660924911, 37.0340461731, 30.5662765503, 35.567779541, 21.2767868042, 6.04244852066, 6.00593900681, 4.21642351151, 9.15981292725, 13.0487222672, 8.47503566742, 15.8589200974, 5.58728742599, 2.86079192162, 2.79779028893, 5.14060688019, 6.0200753212, 4.7313041687, 6.37109375, 3.21769404411, 3.35781812668, 3.33987593651, 3.38181972504, 3.85537743568, 4.28351020813, 3.72608852386, 2.4876127243, 0.987476527691, 0.260500073433, 0.0479438453913, 0.00120544165839, 9.50500616455e-05],
        "median": [0.35013204813, 1.99836087227, 6.71572208405, 5.04680156708, 4.548432827, 12.1185188293, 10.4586181641, 4.00138521194, 2.14626860619, 3.92365026474, 4.28712177277, 2.56056380272, 3.32089161873, 1.33993804455, 1.41928625107, 1.00996518135, 1.52380502224, 1.82278776169, 1.33123123646, 1.1077606678, 0.646142661572, 0.579882979393, 0.580573856831, 0.930324196815, 1.68580007553, 1.78967297077, 2.45367741585, 0.849010705948, 0.50179117918, 1.00685465336, 1.36332857609, 1.16327953339, 1.15115261078, 0.789414942265, 0.931434929371, 0.453570961952, 0.0794397965074, 0.00500775920227, 0.000162255731993, 5.33936727152e-05],
        "min": [5.20527065895e-10, 5.87327120272e-09, 1.03256772022e-08, 2.01777883291e-08, 3.19920907543e-08, 1.16074900802e-08, 1.92617815031e-08, 2.90195298902e-08, 2.41058231154e-08, 5.58136576956e-08, 4.58560293737e-07, 2.79942838688e-07, 2.99202369547e-08, 3.83804490411e-08, 3.47552031599e-08, 3.97123613993e-08, 6.4608293826e-08, 6.70292479299e-08, 4.9518270373e-08, 7.99418344855e-08, 7.07949325829e-08, 8.63813909291e-08, 1.04843039139e-07, 1.19935734233e-07, 1.78297511866e-07, 1.62391401659e-07, 1.37888847007e-07, 1.14599323808e-07, 1.15363057773e-07, 1.15874399853e-07, 1.54132493435e-07, 1.43656109231e-07, 1.14950935881e-07, 9.07319375187e-08, 7.96593511154e-08, 5.79322794181e-08, 2.54059013827e-08, 1.42562672778e-08, 3.16659143351e-09, 3.08146314021e-10],
        "var": [3.66997313499, 270.761199951, 508.796783447, 361.858337402, 213.214645386, 671.561157227, 949.87487793, 810.440429688, 852.993347168, 6155.38378906, 5526.28808594, 14257.4091797, 2518.16235352, 194.612792969, 340.636505127, 98.1898880005, 724.390441895, 1515.8314209, 1060.4095459, 19318.8710938, 1994.04345703, 89.8990936279, 233.157653809, 1181.43798828, 551.11138916, 120.420631409, 332.070587158, 89.5658721924, 412.351470947, 106.035865784, 59.1286010742, 66.5190811157, 94.6482467651, 88.4583587646, 32.2737998962, 5.57850313187, 0.766764044762, 0.0648060664535, 3.3268781408e-05, 3.6244117041e-08]
    },
    "gfcc": {
        "mean": [-24.2907581329, 78.0472564697, -41.1129684448, 41.3936500549, -56.1112136841, 27.5173778534, -39.9557609558, 19.03474617, -32.2302284241, 14.9662904739, -19.0423622131, -3.61013054848, -10.3403959274],
        "cov": [[9022.6171875, -121.701179504, -798.112731934, -339.085235596, -264.282012939, 230.870605469, -13.6150045395, 120.519981384, -109.077812195, 170.571807861, -143.281860352, -164.584243774, -103.464759827], [-121.701179504, 1267.31835938, 138.118499756, -367.58694458, -50.2830505371, -127.79549408, 105.850280762, -28.9489459991, 8.53064537048, 23.5676002502, 87.6261138916, -66.2044754028, -31.3649597168], [-798.112731934, 138.118499756, 834.205871582, 145.143341064, -42.5686721802, 12.0705680847, -8.65406799316, -81.8449630737, 32.8810806274, -49.0615463257, 88.4080963135, 105.983322144, 8.77938365936], [-339.085235596, -367.58694458, 145.143341064, 553.989318848, 236.043441772, 28.9878044128, -30.67578125, -5.28044080734, 11.7143621445, -68.7303314209, -0.974238455296, 70.4129867554, 75.4310073853], [-264.282012939, -50.2830505371, -42.5686721802, 236.043441772, 395.335510254, 3.10941720009, -18.8902511597, 5.70548200607, -3.24041199684, -32.9217948914, 10.1462373734, 41.630317688, 45.9553337097], [230.870605469, -127.79549408, 12.0705680847, 28.9878044128, 3.10941720009, 141.872680664, 27.0980796814, -14.7969913483, -7.84648752213, 16.3598442078, 8.94802093506, -17.7351665497, -14.2547044754], [-13.6150045395, 105.850280762, -8.65406799316, -30.67578125, -18.8902511597, 27.0980796814, 216.415313721, -22.1891365051, -61.9638404846, 25.1381397247, 17.6255722046, 4.37723493576, -19.0675144196], [120.519981384, -28.9489459991, -81.8449630737, -5.28044080734, 5.70548200607, -14.7969913483, -22.1891365051, 117.24357605, 36.220375061, -11.9607200623, -30.6793613434, -8.44110488892, 20.4576702118], [-109.077812195, 8.53064537048, 32.8810806274, 11.7143621445, -3.24041199684, -7.84648752213, -61.9638404846, 36.220375061, 134.332138062, 2.86119651794, -17.7144165039, -14.602309227, 3.75435304642], [170.571807861, 23.5676002502, -49.0615463257, -68.7303314209, -32.9217948914, 16.3598442078, 25.1381397247, -11.9607200623, 2.86119651794, 97.2761917114, 4.15490818024, -39.5651321411, -15.9885320663], [-143.281860352, 87.6261138916, 88.4080963135, -0.974238455296, 10.1462373734, 8.94802093506, 17.6255722046, -30.6793613434, -17.7144165039, 4.15490818024, 88.8416976929, 27.3722820282, -27.332036972], [-164.584243774, -66.2044754028, 105.983322144, 70.4129867554, 41.630317688, -17.7351665497, 4.37723493576, -8.44110488892, -14.602309227, -39.5651321411, 27.3722820282, 114.603591919, 25.9667663574], [-103.464759827, -31.3649597168, 8.77938365936, 75.4310073853, 45.9553337097, -14.2547044754, -19.0675144196, 20.4576702118, 3.75435304642, -15.9885320663, -27.332036972, 25.9667663574, 104.633270264]],
        "icov": [[0.000145045749377, -9.91083725239e-05, 0.000135798356496, -7.57049419917e-05, 0.000130708693177, -0.000362703489373, 0.000184031276149, -0.000165893579833, 0.000224991817959, -0.000259371881839, 0.00031741175917, -0.000235055515077, 0.000209590667509], [-9.91083725239e-05, 0.00183015712537, -0.000664082239382, 0.00154259952251, -0.000868751842063, 0.00200928887352, -0.0013379874872, 0.00035258414573, -0.000820570567157, 0.00114568893332, -0.00236241123639, 0.00242983899079, -0.00127881451044], [0.000135798356496, -0.000664082239382, 0.0021137369331, -0.0010288140038, 0.00106603885069, -0.00105164851993, 0.000509172154125, 0.000925143423956, -0.000613749434706, 3.63800136256e-05, -0.000481754221255, -0.00200846535154, 0.000200144611881], [-7.57049419917e-05, 0.00154259952251, -0.0010288140038, 0.00432345457375, -0.00231473171152, 0.000799836881924, -0.001051837462, 0.000578568084165, -0.000935129704885, 0.00208151713014, -0.00143707275856, 0.00157435715664, -0.00223660841584], [0.000130708693177, -0.000868751842063, 0.00106603885069, -0.00231473171152, 0.00419891346246, -0.00102093419991, 0.000825621245895, -0.000176745917997, 0.000396936840843, -0.00047079930664, 7.80476057116e-06, -0.00171764416154, -8.03885632195e-06], [-0.000362703489373, 0.00200928887352, -0.00105164851993, 0.000799836881924, -0.00102093419991, 0.0105297490954, -0.00249636895023, 0.00102961238008, -0.00104063318577, 0.000672044232488, -0.00347832031548, 0.00442306045443, -0.000884258770384], [0.000184031276149, -0.0013379874872, 0.000509172154125, -0.001051837462, 0.000825621245895, -0.00249636895023, 0.00679287407547, -0.000587211863603, 0.00333012407646, -0.00256673037075, 0.00184105837252, -0.00262406468391, 0.00176686549094], [-0.000165893579833, 0.00035258414573, 0.000925143423956, 0.000578568084165, -0.000176745917997, 0.00102961238008, -0.000587211863603, 0.0114440852776, -0.00356337195262, 0.00231872755103, 0.000852109165862, 0.000459564500488, -0.00208899704739], [0.000224991817959, -0.000820570567157, -0.000613749434706, -0.000935129704885, 0.000396936840843, -0.00104063318577, 0.00333012407646, -0.00356337195262, 0.0107025234029, -0.0023967300076, 0.00278567429632, -0.000223016264499, 0.00172235653736], [-0.000259371881839, 0.00114568893332, 3.63800136256e-05, 0.00208151713014, -0.00047079930664, 0.000672044232488, -0.00256673037075, 0.00231872755103, -0.0023967300076, 0.0148448124528, -0.00385838537477, 0.00574163068086, -0.00211784709245], [0.00031741175917, -0.00236241123639, -0.000481754221255, -0.00143707275856, 7.80476057116e-06, -0.00347832031548, 0.00184105837252, 0.000852109165862, 0.00278567429632, -0.00385838537477, 0.0199193432927, -0.00738654239103, 0.00672058714554], [-0.000235055515077, 0.00242983899079, -0.00200846535154, 0.00157435715664, -0.00171764416154, 0.00442306045443, -0.00262406468391, 0.000459564500488, -0.000223016264499, 0.00574163068086, -0.00738654239103, 0.0169605761766, -0.00493480823934], [0.000209590667509, -0.00127881451044, 0.000200144611881, -0.00223660841584, -8.03885632195e-06, -0.000884258770384, 0.00176686549094, -0.00208899704739, 0.00172235653736, -0.00211784709245, 0.00672058714554, -0.00493480823934, 0.0141849610955]]
    },
    "melbands": {
        "dmean": [0.00561200734228, 0.00413407571614, 0.000954648945481, 0.00050427718088, 0.000421584903961, 0.000127991603222, 7.14377165423e-05, 0.000155478570377, 0.000117489900731, 7.95998785179e-05, 3.89102970075e-05, 1.51776375787e-05, 1.61344305525e-05, 7.93929029896e-06, 1.00504357761e-05, 1.47134778672e-05, 1.62555170391e-05, 1.02224867078e-05, 2.41647267103e-05, 2.24692266784e-05, 6.51639629723e-06, 2.76841933555e-06, 2.03602053261e-06, 4.19023854192e-06, 5.55611131858e-06, 4.35413039668e-06, 3.43852866536e-06, 2.32085199059e-06, 3.40886526828e-06, 2.4733835744e-06, 1.28078931994e-06, 2.40140911956e-06, 1.55420423198e-06, 1.53244172907e-06, 1.5076462887e-06, 9.50031846969e-07, 2.08200344787e-06, 2.44874377131e-06, 2.41649399868e-06, 2.58271074927e-06],
        "dmean2": [0.0093968687579, 0.00624866317958, 0.00162868213374, 0.000839885789901, 0.000695483991876, 0.000201100920094, 0.000105858503957, 0.000230429199291, 0.000164035925991, 0.000100874363852, 5.3144460253e-05, 2.51770234172e-05, 2.67976556643e-05, 1.34223191708e-05, 1.55408160936e-05, 2.35453226196e-05, 2.58140680671e-05, 1.67139351106e-05, 4.37861745013e-05, 4.19916250394e-05, 1.19549504234e-05, 4.9180903261e-06, 3.54443409378e-06, 7.71903069108e-06, 1.03250658867e-05, 7.73510691943e-06, 6.1651071519e-06, 3.99186228606e-06, 5.91346770307e-06, 4.21366303271e-06, 2.09888230529e-06, 4.35872198068e-06, 2.5745507628e-06, 2.48448964157e-06, 2.41939869738e-06, 1.53692178628e-06, 3.20056824421e-06, 3.78357958652e-06, 3.73719194613e-06, 3.87699901694e-06],
        "dvar": [0.000418249721406, 0.000240655062953, 1.20845643323e-05, 9.48834497194e-07, 3.90944506989e-07, 1.1670401534e-07, 6.11928427929e-08, 1.64386179335e-07, 1.12329828994e-07, 8.39744558334e-08, 1.55168820015e-08, 3.01794389479e-09, 5.4701647656e-09, 8.89380402658e-10, 6.97561064467e-10, 3.3339297989e-09, 3.72989239494e-09, 2.43254660859e-09, 3.6152531635e-08, 3.93162942203e-08, 2.57012433558e-09, 1.49831758112e-10, 3.68663641281e-11, 1.15565612635e-09, 1.61161828327e-09, 4.17838957878e-10, 2.87715129499e-10, 5.19719163539e-11, 1.95848393059e-10, 1.1722035842e-10, 2.06576145079e-11, 3.36603772633e-10, 6.63939736523e-11, 3.76438290262e-11, 3.23361719345e-11, 5.5114970747e-12, 2.43034602859e-11, 3.63709028173e-11, 4.17818418752e-11, 5.68742657137e-11],
        "dvar2": [0.000993005698547, 0.000560421263799, 3.44833351846e-05, 2.63463175543e-06, 1.0447480463e-06, 2.99868418097e-07, 1.51027336415e-07, 3.21154601579e-07, 2.06127936053e-07, 1.07385886849e-07, 3.1670946754e-08, 8.3410114371e-09, 1.55987436301e-08, 2.42224840186e-09, 1.53005563774e-09, 8.93009399761e-09, 9.65611413051e-09, 6.6462892967e-09, 1.03656901729e-07, 1.14756367964e-07, 7.52481810196e-09, 4.24750623562e-10, 9.94250515252e-11, 3.35491101566e-09, 4.71226613286e-09, 1.20362519951e-09, 8.36158420281e-10, 1.46812811908e-10, 5.66095448296e-10, 3.29935745391e-10, 5.56777055016e-11, 9.77766534405e-10, 1.81765699714e-10, 9.94194448989e-11, 8.68112526309e-11, 1.34640146254e-11, 5.25631274617e-11, 7.95422200328e-11, 9.92598017668e-11, 1.32222469085e-10],
        "max": [0.16403657198, 0.156174451113, 0.0370122604072, 0.0112795569003, 0.00796490814537, 0.00660190684721, 0.00622720876709, 0.00645715137944, 0.00632402766496, 0.0072596189566, 0.00262699625455, 0.00115830334835, 0.0010147333378, 0.000367784843547, 0.000696006754879, 0.000796111067757, 0.000807162257843, 0.000668829481583, 0.00271204765886, 0.00271715386771, 0.000699300493579, 0.00018151589029, 6.64546314511e-05, 0.000502638227772, 0.000639530946501, 0.000279381813016, 0.000292831769912, 0.000100821569504, 0.000200377035071, 0.000165311226738, 6.34889147477e-05, 0.000279415951809, 0.000140158677823, 9.22625404201e-05, 9.07448265934e-05, 3.13784839818e-05, 6.30117137916e-05, 9.10980670596e-05, 8.66526461323e-05, 0.000124263417092],
        "mean": [0.00684550078586, 0.00614875927567, 0.00169040984474, 0.00100703875069, 0.000889234710485, 0.000276376056718, 0.000167071222677, 0.000412138353568, 0.000256693892879, 0.000208402314456, 9.84760845313e-05, 2.12849045056e-05, 2.1529107471e-05, 9.61512523645e-06, 1.73981570697e-05, 2.0156512619e-05, 2.45529845415e-05, 1.22907931654e-05, 1.9330147552e-05, 1.57235099323e-05, 5.18079423273e-06, 2.93796028927e-06, 2.28909516409e-06, 3.18015804623e-06, 4.23492883783e-06, 4.43699627795e-06, 3.6517526496e-06, 3.00393116959e-06, 4.33452669313e-06, 2.85904366137e-06, 1.49301047259e-06, 1.97747567654e-06, 1.68566270986e-06, 1.96926043827e-06, 2.0937050067e-06, 1.44805153468e-06, 2.89673903353e-06, 3.24455095324e-06, 2.80637482319e-06, 3.19277069138e-06],
        "median": [0.00302323512733, 0.00331192230806, 0.000897571211681, 0.000631218019407, 0.000532739679329, 8.37250190671e-05, 2.31686863117e-05, 3.9549482608e-05, 2.19768353418e-05, 1.41092314152e-05, 1.04540704342e-05, 3.38093695973e-06, 4.61749823444e-06, 2.05179321711e-06, 3.14046519634e-06, 2.70594455287e-06, 2.9879338399e-06, 1.9350045477e-06, 1.48853223436e-06, 1.08073493266e-06, 6.1045966504e-07, 5.76355603243e-07, 4.82143718727e-07, 4.89830313199e-07, 6.47732406378e-07, 1.11724432372e-06, 9.74479803517e-07, 1.05019137209e-06, 1.55618215558e-06, 7.82678341693e-07, 2.77228792811e-07, 2.24131369464e-07, 3.26220884972e-07, 6.18431158728e-07, 8.21586354505e-07, 4.68642070928e-07, 7.97345819592e-07, 8.28345491755e-07, 4.9228339094e-07, 6.22395305072e-07],
        "min": [9.42862801723e-12, 6.48531575664e-12, 4.20408065999e-12, 1.64891949921e-12, 6.18573605966e-13, 6.22794730284e-13, 4.10133840952e-13, 8.07657976956e-13, 4.21324737251e-12, 1.40636276496e-12, 1.06053878244e-13, 1.61193256551e-13, 1.30200578509e-13, 8.03644260514e-14, 1.38239205781e-13, 1.33594497227e-13, 1.26059563179e-13, 8.67427535508e-14, 7.75606250232e-14, 1.22010447535e-13, 7.85070183233e-14, 7.88102899997e-14, 8.97272707523e-14, 1.10021861684e-13, 8.43092956559e-14, 1.63786830778e-13, 7.65755663631e-14, 1.1799419677e-13, 1.07931404699e-13, 3.90385830216e-14, 8.35870001686e-14, 6.05186948189e-14, 7.45284368074e-14, 6.24570653442e-14, 9.04598390552e-14, 8.44286798677e-14, 7.79790457466e-14, 8.32141430415e-14, 6.54836631426e-14, 7.24807515981e-14],
        "var": [0.000367933156667, 0.000223319744691, 9.87510611594e-06, 1.67001428508e-06, 1.12928955787e-06, 3.92329042143e-07, 2.33683948636e-07, 7.54293466798e-07, 4.34111740333e-07, 4.70158397547e-07, 6.23619555995e-08, 3.07931835586e-09, 4.04970368351e-09, 8.05186917141e-10, 1.96124205765e-09, 3.92931864823e-09, 5.50759748918e-09, 1.8923533851e-09, 2.09738182377e-08, 2.15137347936e-08, 1.43955747323e-09, 9.92801604816e-11, 3.29626777262e-11, 6.43082365137e-10, 8.81526074359e-10, 2.58648935603e-10, 1.73135200621e-10, 4.19464636636e-11, 1.3021948797e-10, 8.0770654054e-11, 1.8323067022e-11, 1.92064752991e-10, 4.7386577301e-11, 3.14286409397e-11, 2.75628669194e-11, 9.42416891053e-12, 3.94096040524e-11, 5.69565956898e-11, 5.19091263029e-11, 6.59022073024e-11]
    },
    "mfcc": {
        "mean": [-695.201721191, 116.386116028, 62.9538002014, 29.3174705505, 18.7544441223, 10.6485805511, 13.4178686142, -2.11742830276, 1.82750964165, 12.8728399277, -2.07321000099, -0.727353572845, -3.04979586601],
        "cov": [[7539.63330078, -9.37945079803, -709.120117188, -463.861602783, -305.104614258, -39.9742965698, 25.4818439484, -114.173667908, 33.922000885, 355.012817383, -18.5648288727, -7.11916255951, -82.1117782593], [-9.37945079803, 1478.22937012, 76.0682220459, -167.756561279, -189.194961548, -81.0779571533, 24.8653869629, -54.9683990479, -148.696487427, 137.450363159, -22.8557720184, 92.1719436646, -37.4863433838], [-709.120117188, 76.0682220459, 848.833007812, 36.7859306335, 9.06107902527, 44.4119758606, -39.6202545166, 27.9027481079, -58.8017921448, -106.098876953, 33.3807296753, 57.2074546814, 12.5532751083], [-463.861602783, -167.756561279, 36.7859306335, 412.795471191, 173.734313965, 51.9240684509, 44.5150604248, 67.8106155396, 66.4691619873, -106.735702515, -20.7357997894, -22.623922348, 38.3806724548], [-305.104614258, -189.194961548, 9.06107902527, 173.734313965, 391.038299561, -4.76532697678, -38.3217010498, 28.9710197449, 87.5982055664, -108.074966431, 26.5259742737, -49.6330986023, 36.3818206787], [-39.9742965698, -81.0779571533, 44.4119758606, 51.9240684509, -4.76532697678, 177.939819336, 85.1408157349, -0.387496650219, -20.0604248047, 7.22108125687, 1.3987133503, 12.1323518753, 6.06689739227], [25.4818439484, 24.8653869629, -39.6202545166, 44.5150604248, -38.3217010498, 85.1408157349, 207.689559937, 14.0627861023, -27.5750827789, -13.8571033478, -9.76093959808, 5.18242645264, 14.9536705017], [-114.173667908, -54.9683990479, 27.9027481079, 67.8106155396, 28.9710197449, -0.387496650219, 14.0627861023, 124.697441101, 15.6698131561, -55.3628082275, -4.10990953445, 7.63128709793, 12.1418609619], [33.922000885, -148.696487427, -58.8017921448, 66.4691619873, 87.5982055664, -20.0604248047, -27.5750827789, 15.6698131561, 156.057754517, -9.93367290497, -13.5078439713, -41.5861053467, 8.44923686981], [355.012817383, 137.450363159, -106.098876953, -106.735702515, -108.074966431, 7.22108125687, -13.8571033478, -55.3628082275, -9.93367290497, 204.809204102, -2.24493741989, 5.97393655777, -41.8149871826], [-18.5648288727, -22.8557720184, 33.3807296753, -20.7357997894, 26.5259742737, 1.3987133503, -9.76093959808, -4.10990953445, -13.5078439713, -2.24493741989, 98.2788085938, 10.5901441574, 9.69148826599], [-7.11916255951, 92.1719436646, 57.2074546814, -22.623922348, -49.6330986023, 12.1323518753, 5.18242645264, 7.63128709793, -41.5861053467, 5.97393655777, 10.5901441574, 91.4794082642, -1.29872226715], [-82.1117782593, -37.4863433838, 12.5532751083, 38.3806724548, 36.3818206787, 6.06689739227, 14.9536705017, 12.1418609619, 8.44923686981, -41.8149871826, 9.69148826599, -1.29872226715, 98.4206161499]],
