{
"lowlevel": {
    "average_loudness": 0.754005134106,
    "barkbands_crest": {
        "dmean": 2.4693915844,
        "dmean2": 4.06154870987,
        "dvar": 4.84800004959,
        "dvar2": 14.0224113464,
        "max": 25.5813350677,
        "mean": 17.066696167,
        "median": 18.0756092072,
        "min": 4.82350969315,
        "var": 24.470369339
    },
    "barkbands_flatness_db": {
        "dmean": 0.0286299753934,
        "dmean2": 0.0488576218486,
        "dvar": 0.000552931625862,
        "dvar2": 0.00169645342976,
        "max": 0.473039269447,
        "mean": 0.356468826532,
        "median": 0.360512673855,
        "min": 0.0734886750579,
        "var": 0.0026698638685
    },
    "barkbands_kurtosis": {
        "dmean": 5.18478250504,
        "dmean2": 8.71780490875,
        "dvar": 46.1734428406,
        "dvar2": 131.587051392,
        "max": 98.2345199585,
        "mean": 7.72151660919,
        "median": 4.69158506393,
        "min": -1.63210725784,
        "var": 93.8376083374
    },
    "barkbands_skewness": {
        "dmean": 0.731082260609,
        "dmean2": 1.19768714905,
        "dvar": 0.412907332182,
        "dvar2": 1.14693498611,
        "max": 8.39056777954,
        "mean": 2.03164219856,
        "median": 1.85042655468,
        "min": -1.91923832893,
        "var": 1.79025578499
    },
    "barkbands_spread": {
        "dmean": 1.95488846302,
        "dmean2": 3.19580864906,
        "dvar": 3.80293154716,
        "dvar2": 9.18099498749,
        "max": 27.6056938171,
        "mean": 6.15526437759,
        "median": 5.37584447861,
        "min": 0.994232237339,
        "var": 12.4323062897
    },
    "dissonance": {
        "dmean": 0.0429856330156,
        "dmean2": 0.0733936205506,
        "dvar": 0.00132191576995,
        "dvar2": 0.00362898595631,
        "max": 0.496789455414,
        "mean": 0.393543154001,
        "median": 0.398322582245,
        "min": 0.203177645802,
        "var": 0.00298220454715
    },
    "dynamic_complexity": 3.21055102348,
    "erbbands_crest": {
        "dmean": 3.13507437706,
        "dmean2": 5.09375429153,
        "dvar": 7.66811990738,
        "dvar2": 19.5694999695,
        "max": 29.9672241211,
        "mean": 13.1925992966,
        "median": 11.7082061768,
        "min": 3.25860142708,
        "var": 34.1662902832
    },
    "erbbands_flatness_db": {
        "dmean": 0.0184544976801,
        "dmean2": 0.0286512449384,
        "dvar": 0.000240469846176,
        "dvar2": 0.000597524398472,
        "max": 0.432863801718,
        "mean": 0.292698979378,
        "median": 0.289040982723,
        "min": 0.0890627354383,
        "var": 0.00161814980675
    },
    "erbbands_kurtosis": {
        "dmean": 2.26395845413,
        "dmean2": 3.80625152588,
        "dvar": 14.2956047058,
        "dvar2": 42.2320365906,
        "max": 56.5697746277,
        "mean": 3.00223112106,
        "median": 1.13582515717,
        "min": -1.53915369511,
        "var": 34.8803100586
    },
    "erbbands_skewness": {
        "dmean": 0.553846418858,
        "dmean2": 0.876874804497,
        "dvar": 0.241081595421,
        "dvar2": 0.628123283386,
        "max": 6.13481378555,
        "mean": 0.827396154404,
        "median": 0.788119137287,
        "min": -2.40405845642,
        "var": 1.00134849548
    },
    "erbbands_spread": {
        "dmean": 4.3576593399,
        "dmean2": 7.08240699768,
        "dvar": 16.8577842712,
        "dvar2": 41.8749656677,
        "max": 68.3012313843,
        "mean": 18.4368019104,
        "median": 17.5649929047,
        "min": 2.03855443001,
        "var": 74.2923583984
    },
    "hfc": {
        "dmean": 3.5726647377,
        "dmean2": 5.64752864838,
        "dvar": 15.9039163589,
        "dvar2": 38.1893997192,
        "max": 64.2574462891,
        "mean": 12.6379537582,
        "median": 11.0334796906,
        "min": 1.16928133808e-16,
        "var": 74.7802734375
    },
    "melbands_crest": {
        "dmean": 2.18345212936,
        "dmean2": 3.44321107864,
        "dvar": 4.30469560623,
        "dvar2": 11.8228988647,
        "max": 28.8992614746,
        "mean": 17.6810646057,
        "median": 18.4506874084,
        "min": 2.59838747978,
        "var": 17.0024833679
    },
    "melbands_flatness_db": {
        "dmean": 0.0286575704813,
        "dmean2": 0.0469968505204,
        "dvar": 0.000603515072726,
        "dvar2": 0.00160907115787,
        "max": 0.569768548012,
        "mean": 0.447446137667,
        "median": 0.456981778145,
        "min": 0.00607717968524,
        "var": 0.00442313356325
    },
    "melbands_kurtosis": {
        "dmean": 7.50409603119,
        "dmean2": 12.4841527939,
        "dvar": 85.6641235352,
        "dvar2": 245.806976318,
        "max": 125.683288574,
        "mean": 13.3875846863,
        "median": 8.44250011444,
        "min": -1.60048747063,
        "var": 222.616546631
    },
    "melbands_skewness": {
        "dmean": 0.757712841034,
        "dmean2": 1.24482285976,
        "dvar": 0.400494366884,
        "dvar2": 1.1170258522,
        "max": 8.16227626801,
        "mean": 2.58724856377,
        "median": 2.41152882576,
        "min": -1.34924638271,
        "var": 2.2205722332
    },
    "melbands_spread": {
        "dmean": 2.55676031113,
        "dmean2": 4.1200504303,
        "dvar": 22.4248771667,
        "dvar2": 32.1055297852,
        "max": 150.373703003,
        "mean": 6.79102754593,
        "median": 5.38462400436,
        "min": 0.862566530704,
        "var": 36.9218406677
    },
    "pitch_salience": {
        "dmean": 0.072594769299,
        "dmean2": 0.11827468127,
        "dvar": 0.00400054594502,
        "dvar2": 0.011600131169,
        "max": 0.805109679699,
        "mean": 0.39007166028,
        "median": 0.380824744701,
        "min": 0.105550155044,
        "var": 0.0151511784643
    },
    "silence_rate_20dB": {
        "dmean": 0,
        "dmean2": 0,
        "dvar": 0,
        "dvar2": 0,
        "max": 1,
        "mean": 1,
        "median": 1,
        "min": 1,
        "var": 0
    },
    "silence_rate_30dB": {
        "dmean": 0.078947365284,
        "dmean2": 0.158017039299,
        "dvar": 0.0727149695158,
        "dvar2": 0.148537427187,
        "max": 1,
        "mean": 0.784996151924,
        "median": 1,
        "min": 0,
        "var": 0.168781012297
    },
    "silence_rate_60dB": {
        "dmean": 0.0030959751457,
        "dmean2": 0.00619674660265,
        "dvar": 0.00308637111448,
        "dvar2": 0.00770751666278,
        "max": 1,
        "mean": 0.0587780363858,
        "median": 0,
        "min": 0,
        "var": 0.0553243793547
    },
    "spectral_centroid": {
        "dmean": 86.4130020142,
        "dmean2": 135.390380859,
        "dvar": 82751.203125,
        "dvar2": 88683.3671875,
        "max": 10711.5302734,
        "mean": 501.974853516,
        "median": 457.113037109,
        "min": 221.400115967,
        "var": 107115.3125
    },
    "spectral_complexity": {
        "dmean": 1.32662534714,
        "dmean2": 2.23237800598,
        "dvar": 1.40415322781,
        "dvar2": 3.81122016907,
        "max": 20,
        "mean": 9.67981433868,
        "median": 10,
        "min": 0,
        "var": 8.70330715179
    },
    "spectral_decrease": {
        "dmean": 5.49253176274e-09,
        "dmean2": 8.80729000841e-09,
        "dvar": 3.19493945562e-17,
        "dvar2": 8.60187898321e-17,
        "max": -4.19364143524e-29,
        "mean": -1.69303220332e-08,
        "median": -1.34779876149e-08,
        "min": -6.87098733465e-08,
        "var": 1.91227984587e-16
    },
    "spectral_energy": {
        "dmean": 0.0209818147123,
        "dmean2": 0.0336483642459,
        "dvar": 0.000463228672743,
        "dvar2": 0.00124589819461,
        "max": 0.261852055788,
        "mean": 0.0650451928377,
        "median": 0.0517287999392,
        "min": 1.07640059915e-20,
        "var": 0.00278497394174
    },
    "spectral_energyband_high": {
        "dmean": 1.2793319911e-05,
        "dmean2": 2.09446225199e-05,
        "dvar": 8.42531655554e-10,
        "dvar2": 2.05378825058e-09,
        "max": 0.000516901316587,
        "mean": 2.20834426727e-05,
        "median": 9.08695710677e-06,
        "min": 7.84668375829e-21,
        "var": 1.81906378849e-09
    },
    "spectral_energyband_low": {
        "dmean": 0.0188375413418,
        "dmean2": 0.0306390803307,
        "dvar": 0.000443510041805,
        "dvar2": 0.00126168318093,
        "max": 0.241550460458,
        "mean": 0.0449508391321,
        "median": 0.0307999700308,
        "min": 1.47994003999e-22,
        "var": 0.00208278908394
    },
    "spectral_energyband_middle_high": {
        "dmean": 0.00143487553578,
        "dmean2": 0.0023067900911,
        "dvar": 7.36353422326e-06,
        "dvar2": 1.64566718013e-05,
        "max": 0.0468671694398,
        "mean": 0.00250701280311,
        "median": 0.00120061042253,
        "min": 1.67720179016e-21,
        "var": 1.42086846608e-05
    },
    "spectral_energyband_middle_low": {
        "dmean": 0.00524919154122,
        "dmean2": 0.00801181700081,
        "dvar": 4.32784436271e-05,
        "dvar2": 0.000105078281194,
        "max": 0.131203457713,
        "mean": 0.0176676101983,
        "median": 0.0138618713245,
        "min": 2.51940160753e-22,
        "var": 0.000243324349867
    },
    "spectral_entropy": {
        "dmean": 0.156327486038,
        "dmean2": 0.246949613094,
        "dvar": 0.0201763119549,
        "dvar2": 0.0451539643109,
        "max": 9.80400848389,
        "mean": 6.03999376297,
        "median": 6.05189275742,
        "min": 4.78364276886,
        "var": 0.124530024827
    },
    "spectral_flux": {
        "dmean": 0.0239144135267,
        "dmean2": 0.0407441742718,
        "dvar": 0.000462575553684,
        "dvar2": 0.00110165646765,
        "max": 0.280441105366,
        "mean": 0.0824084803462,
        "median": 0.0763026475906,
        "min": 1.03749731029e-10,
        "var": 0.00171214574948
    },
    "spectral_kurtosis": {
        "dmean": 13.6380109787,
        "dmean2": 24.1141490936,
        "dvar": 121.144096375,
        "dvar2": 358.031066895,
        "max": 87.4988555908,
        "mean": 27.1134052277,
        "median": 24.3874645233,
        "min": -1.17742013931,
        "var": 278.942382812
    },
    "spectral_rms": {
        "dmean": 0.00126321066637,
        "dmean2": 0.00204649032094,
        "dvar": 1.25333133383e-06,
        "dvar2": 3.62048581337e-06,
        "max": 0.0159832853824,
        "mean": 0.00723638851196,
        "median": 0.00710402149707,
        "min": 3.24059702683e-12,
        "var": 1.10933451651e-05
    },
    "spectral_rolloff": {
        "dmean": 148.798721313,
        "dmean2": 262.901580811,
        "dvar": 305503.0625,
        "dvar2": 356220.9375,
        "max": 19056.8847656,
        "mean": 437.592315674,
        "median": 366.064453125,
        "min": 86.1328125,
        "var": 362043.28125
    },
    "spectral_skewness": {
        "dmean": 0.925584077835,
        "dmean2": 1.63833868504,
        "dvar": 0.500113785267,
        "dvar2": 1.49324524403,
        "max": 7.32333707809,
        "mean": 3.47516679764,
        "median": 3.324665308,
        "min": -0.00299719371833,
        "var": 1.3571767807
    },
    "spectral_spread": {
        "dmean": 324174.28125,
        "dmean2": 528121.1875,
        "dvar": 963889922048,
        "dvar2": 819564249088,
        "max": 40161632,
        "mean": 1737836.5,
        "median": 1662683.875,
        "min": 743517.9375,
        "var": 1.48166842778e+12
    },
    "spectral_strongpeak": {
        "dmean": 0.35969170928,
        "dmean2": 0.603079795837,
        "dvar": 0.612548351288,
        "dvar2": 1.66223537922,
        "max": 8.56255817413,
        "mean": 0.930822372437,
        "median": 0.76541864872,
        "min": 0,
        "var": 0.735354483128
    },
    "zerocrossingrate": {
        "dmean": 0.0031908347737,
        "dmean2": 0.00396600877866,
        "dvar": 0.00016311222862,
        "dvar2": 0.000157114336616,
        "max": 0.4892578125,
        "mean": 0.0152779538184,
        "median": 0.01220703125,
        "min": 0.0029296875,
        "var": 0.000254627200775
    },
    "barkbands": {
        "dmean": [2.42161258939e-05, 0.017436189577, 0.00181655935012, 0.000182300820597, 0.00211613345891, 0.001982931979, 0.00292010745034, 0.000369358021999, 0.000183159485459, 0.000146383696119, 7.06081991666e-05, 0.00127986713778, 0.000148175429786, 1.839819015e-05, 6.72536589263e-06, 8.59763622429e-06, 7.07039316694e-06, 1.55419293151e-05, 2.69259562629e-05, 3.4067645629e-06, 1.13067753773e-05, 2.22402704253e-07, 8.391096884e-08, 1.13425244308e-07, 1.37926177146e-08, 2.20302598386e-09, 2.34981789582e-09],
        "dmean2": [4.10265638493e-05, 0.0280493889004, 0.00325577426702, 0.000306002679281, 0.00315725919791, 0.00248061632738, 0.00487814517692, 0.000588177936152, 0.000284375535557, 0.000231392594287, 0.00011491451005, 0.00204708520323, 0.000253123405855, 3.09761489916e-05, 1.14461117846e-05, 1.47877981362e-05, 1.22904712043e-05, 2.67834930128e-05, 4.56192283309e-05, 5.83622249906e-06, 1.81874820555e-05, 3.76963299686e-07, 1.3800294596e-07, 1.72043371549e-07, 2.32143211321e-08, 3.92212795575e-09, 4.18396073343e-09],
        "dvar": [2.72003708446e-09, 0.000388809217839, 5.11304324391e-06, 2.03815204713e-07, 1.08544672912e-05, 1.17177414722e-05, 2.20234469452e-05, 3.81577564212e-07, 6.94067594509e-08, 6.92754511533e-08, 1.41311687685e-07, 6.85923669153e-06, 5.06632424901e-08, 8.00923216637e-10, 1.55949475555e-10, 2.823052625e-10, 1.3390531739e-10, 7.60819518497e-10, 2.77311706931e-09, 3.98671685942e-11, 8.15807532639e-10, 2.11149565714e-12, 7.84520086156e-14, 5.15541710884e-13, 4.53667670176e-15, 8.29768033509e-18, 9.46039849132e-18],
        "dvar2": [7.65560592697e-09, 0.0010616685031, 1.66143163369e-05, 5.49092646907e-07, 2.51202091022e-05, 1.60688759934e-05, 6.72255191603e-05, 1.04877847207e-06, 1.60179880027e-07, 1.80406757977e-07, 4.01551488949e-07, 1.51653484863e-05, 1.46480957142e-07, 1.96008076436e-09, 4.4138628863e-10, 8.13463685301e-10, 3.60855817449e-10, 2.08177031169e-09, 7.26248972072e-09, 1.18963242035e-10, 1.96346605641e-09, 5.15402217433e-12, 2.13184884242e-13, 9.81551862358e-13, 1.0659364999e-14, 2.33616467957e-17, 2.66209584392e-17],
        "max": [0.001092746621, 0.233926609159, 0.0217706263065, 0.00568108167499, 0.0497222691774, 0.105241365731, 0.0759971141815, 0.00719953328371, 0.00353508233093, 0.00472601223737, 0.00918565690517, 0.0461937002838, 0.00248422217555, 0.000417696748627, 0.000246237585088, 0.000228266959311, 0.000200974376639, 0.000389488501241, 0.00072246522177, 9.00684681255e-05, 0.000516239844728, 4.61139970866e-05, 7.40854602554e-06, 2.51272595051e-05, 2.08901110454e-06, 2.45945805943e-08, 2.62649457738e-08],
        "mean": [3.17659905704e-05, 0.0427106544375, 0.00211927830242, 0.00030582252657, 0.00469486229122, 0.00610294705257, 0.0056405714713, 0.000603061285801, 0.000296338519547, 0.000262335204752, 0.000107758816739, 0.00178317551035, 0.000225608760957, 2.88525407086e-05, 1.22277269838e-05, 1.29345316964e-05, 1.32086406666e-05, 2.46664239967e-05, 4.55326844531e-05, 5.14907469551e-06, 1.78813843377e-05, 2.99045893826e-07, 1.55560570647e-07, 1.61619595929e-07, 1.75391665636e-08, 1.84916959522e-09, 1.97258498424e-09],
        "median": [1.52122647705e-05, 0.028531126678, 0.00129555573221, 7.09578671376e-05, 0.00301336590201, 0.0028613365721, 0.00272175623104, 0.000304356886772, 0.000187915517017, 0.000116473980597, 2.09206627915e-05, 0.000432948669186, 0.000142420089105, 1.77668425749e-05, 7.76955948822e-06, 6.18574404143e-06, 7.33031174605e-06, 1.27979255922e-05, 1.99089063244e-05, 3.21648894896e-06, 5.69888470636e-06, 1.170914814e-07, 7.82490161555e-08, 6.37382271407e-08, 9.32032229173e-09, 6.87601309224e-10, 7.40007166655e-10],
        "min": [3.90355354946e-24, 1.18866722402e-22, 1.16607880731e-23, 4.21515360703e-23, 6.92032899162e-23, 2.41160821401e-23, 2.11511231842e-23, 3.7671008077e-23, 2.51637099326e-23, 8.94766554598e-23, 6.72144579781e-23, 8.83171182815e-23, 1.39483444388e-22, 1.19807726177e-22, 1.1902497421e-22, 1.487579369e-22, 1.47581082647e-22, 2.45928258105e-22, 4.415626324e-22, 2.38936097964e-22, 4.63851020064e-22, 5.39211798485e-22, 8.16811673354e-22, 8.69136501652e-22, 1.14252060287e-21, 1.54799500718e-21, 2.5163064455e-21],
        "var": [2.78725975633e-09, 0.0019832290709, 6.19312822892e-06, 4.97336600347e-07, 3.54079202225e-05, 9.21571845538e-05, 6.64998806315e-05, 7.09074356564e-07, 1.34066738156e-07, 1.53054756424e-07, 2.38177719325e-07, 1.23010586321e-05, 7.06224412284e-08, 1.29566501972e-09, 2.24856647191e-10, 4.15533218945e-10, 3.08848918662e-10, 1.27998978083e-09, 5.4690780793e-09, 5.31765395606e-11, 1.75785030976e-09, 2.77151760743e-12, 1.92113442125e-13, 7.65576404355e-13, 4.75240667606e-15, 7.55408301471e-18, 8.59978820149e-18]
    },
    "erbbands": {
        "dmean": [0.280836433172, 4.564702034, 4.62687730789, 0.660770535469, 4.54354095459, 7.15807533264, 10.2446012497, 18.54936409, 43.8451080322, 19.3888206482, 6.84300613403, 3.09466671944, 4.81312799454, 3.13609790802, 13.0580129623, 40.0248298645, 15.0543470383, 1.61581659317, 0.436760872602, 0.274176031351, 0.56870752573, 0.402613312006, 0.714071512222, 1.27985155582, 0.682834208012, 0.158856362104, 0.721860289574, 0.0354605913162, 0.00888328999281, 0.00428186310455, 0.00199027569033, 0.00248819775879, 0.00163113663439, 0.000316519232001, 2.29793495237e-05, 1.13740043162e-05, 6.14473719907e-06, 1.52458642333e-06, 9.23425614019e-06, 2.27732598432e-05],
        "dmean2": [0.368729770184, 7.49838113785, 8.31102848053, 1.12780582905, 6.83117866516, 11.0165195465, 15.4256858826, 22.3086910248, 72.8505096436, 32.1154289246, 10.9331007004, 4.93604755402, 7.58581733704, 4.89001703262, 20.9738674164, 63.6374855042, 24.8547973633, 2.73361849785, 0.721072256565, 0.454058289528, 0.970158517361, 0.700336992741, 1.23340916634, 2.17405176163, 1.14360976219, 0.267539650202, 1.17702579498, 0.0590103417635, 0.014704881236, 0.00676501123235, 0.00325304060243, 0.00394232431427, 0.00261603388935, 0.000514264567755, 3.64731386071e-05, 1.73645858013e-05, 9.31397698878e-06, 2.53367215919e-06, 1.47339733303e-05, 3.65175474144e-05],
        "dvar": [0.117871016264, 26.4052410126, 27.4136142731, 0.934608697891, 74.5983428955, 132.529342651, 295.083312988, 949.986328125, 6251.65380859, 1186.76245117, 131.978103638, 15.4641056061, 46.0259742737, 43.7857589722, 1683.87402344, 6294.98242188, 828.367248535, 4.97719287872, 0.728594303131, 0.119559876621, 1.22259175777, 0.446251511574, 1.45863091946, 3.97945928574, 2.03293299675, 0.0626437291503, 3.16511511803, 0.00763873988762, 0.00254966621287, 0.000274604710285, 5.2310013416e-05, 0.000269207957899, 0.000138665971463, 2.83567555925e-06, 2.65954058776e-09, 1.51478427024e-10, 4.21397292061e-11, 3.37446411959e-12, 8.87101711533e-11, 5.41648281782e-10],
        "dvar2": [0.203637391329, 76.5319747925, 95.7176589966, 2.63390874863, 167.239730835, 326.057067871, 633.39642334, 1110.34777832, 19495.75, 3279.6315918, 358.681182861, 36.4820632935, 112.784629822, 118.819541931, 4003.80126953, 13782.78125, 2017.84802246, 13.6482439041, 1.7190912962, 0.313240021467, 3.51422095299, 1.20704293251, 3.94580721855, 10.8207902908, 5.05069160461, 0.158770114183, 7.77548456192, 0.0195041988045, 0.00590780144557, 0.00060259969905, 0.000130960019305, 0.000517365522683, 0.00033484143205, 6.41367887511e-06, 6.08449912676e-09, 3.51878359783e-10, 9.36572278065e-11, 8.94093046128e-12, 2.34311126057e-10, 1.45428646903e-09],
        "max": [5.23191928864, 59.1076774597, 36.4106483459, 10.9368333817, 153.267471313, 177.459518433, 451.124694824, 877.437805176, 1242.63122559, 407.759887695, 127.229400635, 46.0918693542, 90.8467712402, 140.548904419, 872.286560059, 1206.74926758, 253.038024902, 26.4677867889, 16.3952598572, 4.68248319626, 13.7417879105, 13.0917720795, 16.272726059, 24.7760543823, 19.5005092621, 4.53403759003, 30.6942424774, 1.46210765839, 1.62437784672, 0.557246744633, 0.177749201655, 0.510934233665, 0.36546432972, 0.0539248846471, 0.00161198922433, 0.000147639555507, 8.4457678895e-05, 1.84473628906e-05, 0.000117086274258, 0.000285066082142],
        "mean": [0.885261356831, 10.6713504791, 6.86324930191, 1.3076146841, 9.04753398895, 15.4926300049, 26.8987846375, 59.2601737976, 92.2063140869, 33.8015708923, 11.8225240707, 5.68892621994, 9.18119621277, 6.48825263977, 18.9503211975, 56.8871269226, 22.5103206635, 3.01844906807, 0.887181460857, 0.576679348946, 0.918166995049, 0.796884655952, 1.23474133015, 2.33904004097, 1.17935025692, 0.331160634756, 1.1965675354, 0.0635592788458, 0.0132005307823, 0.00704243639484, 0.00392562756315, 0.00388734252192, 0.00219399738126, 0.000469228776637, 5.83832952543e-05, 3.58690122084e-05, 2.09456557059e-05, 3.21080005961e-06, 2.96179168799e-05, 7.11323300493e-05],
        "median": [0.566881775856, 7.25674533844, 5.15425252914, 0.821992278099, 3.89915394783, 9.71337509155, 15.4676465988, 29.5496768951, 42.9497489929, 17.5316543579, 6.39273071289, 4.08091592789, 5.47143030167, 2.71786117554, 4.39214992523, 11.9341621399, 8.26196956635, 2.05406141281, 0.595778644085, 0.46273881197, 0.437616944313, 0.490808576345, 0.746210277081, 1.35952329636, 0.588159441948, 0.219140797853, 0.405054479837, 0.0282154474407, 0.00579149508849, 0.00363638717681, 0.00208289199509, 0.00152909581084, 0.000930825422984, 0.000245421455475, 4.64561453555e-05, 2.96198722936e-05, 1.73828866536e-05, 2.66905044555e-06, 2.37846215896e-05, 5.64851870877e-05],
        "min": [2.63933421354e-21, 2.82275416345e-20, 2.98349474352e-20, 6.77615824175e-20, 1.08638722177e-19, 2.94128572019e-19, 3.76849399159e-19, 1.36771147735e-19, 3.07711239569e-19, 4.14666468253e-19, 8.27451204011e-19, 7.14561781612e-19, 2.30211271432e-18, 2.41336933389e-18, 3.55994009738e-18, 3.12114249591e-18, 7.68568331427e-18, 5.1001694231e-18, 6.60282282874e-18, 6.43228672416e-18, 8.19934675823e-18, 9.97894809116e-18, 1.50215552562e-17, 1.29676475973e-17, 2.18689365146e-17, 1.1702857835e-17, 1.7343471088e-17, 1.85341446402e-17, 1.85547794878e-17, 2.24807126782e-17, 2.32114341052e-17, 1.96751393792e-17, 1.46859664273e-17, 1.2027084511e-17, 8.31455730113e-18, 5.14565525781e-18, 3.20006359136e-18, 1.14735451712e-18, 2.9637532381e-19, 4.23369939874e-20],
        "var": [0.930849373341, 121.572242737, 43.0940513611, 2.45455002785, 255.22215271, 382.182983398, 1580.01513672, 7975.97900391, 18325.8125, 2139.23803711, 237.915802002, 29.5984115601, 114.108070374, 115.767112732, 2818.50732422, 11623.3769531, 1528.5916748, 8.69745159149, 1.40070450306, 0.259173929691, 1.90364539623, 0.987873852253, 2.47268295288, 8.20515155792, 3.85209846497, 0.142735317349, 6.83411645889, 0.0147004155442, 0.00350314006209, 0.000491130398586, 0.000124367536046, 0.000448497099569, 0.000138547227834, 3.24976872434e-06, 4.1472829615e-09, 7.42291006439e-10, 2.54162330071e-10, 6.44071601608e-12, 5.53760426403e-10, 3.27652394105e-09]
    },
    "gfcc": {
        "mean": [-124.570800781, 223.323669434, -111.917015076, 19.9003353119, -29.4633083344, -21.7185497284, 2.03431725502, -7.70041513443, -11.7769422531, -0.998976051807, 31.1689987183, -6.3954615593, 3.14712166786],
        "cov": [[6374.81054688, 592.117675781, -192.18019104, 171.165557861, 91.96118927, -190.712844849, 68.6977081299, -217.863967896, -171.984054565, -49.2303466797, 241.350494385, 5.28233146667, 109.510543823], [592.117675781, 242.186187744, 145.592956543, -1.89317107201, 124.297294617, -33.4752159119, 45.0730895996, 5.51776313782, -12.525144577, 12.0536432266, 30.5570335388, 25.7844848633, 6.50286006927], [-192.18019104, 145.592956543, 548.464172363, 68.8860015869, 208.934143066, 27.7744083405, 53.2029724121, 83.9094619751, 60.9616699219, 60.2202720642, -10.6784324646, 43.2536125183, -2.3383743763], [171.165557861, -1.89317107201, 68.8860015869, 192.824081421, 90.6007614136, 18.2639808655, 95.761177063, 54.0245513916, 19.8559646606, -13.007484436, -51.65366745, 6.87823963165, 85.7523193359], [91.96118927, 124.297294617, 208.934143066, 90.6007614136, 275.642456055, 28.8841094971, 136.772598267, 81.7249145508, 1.15314769745, 39.4706573486, -6.65359640121, 51.4964256287, 38.4456329346], [-190.712844849, -33.4752159119, 27.7744083405, 18.2639808655, 28.8841094971, 138.433273315, 32.773601532, -12.1897659302, -14.1142730713, -34.7071685791, -3.57740569115, 6.42669868469, -4.72557973862], [68.6977081299, 45.0730895996, 53.2029724121, 95.761177063, 136.772598267, 32.773601532, 203.95866394, 78.6695251465, -14.0819129944, 37.4920692444, -10.0990781784, 40.6468429565, 77.5222244263], [-217.863967896, 5.51776313782, 83.9094619751, 54.0245513916, 81.7249145508, -12.1897659302, 78.6695251465, 132.071151733, 81.2608566284, 36.420463562, -31.4132003784, 6.69927024841, 34.1401939392], [-171.984054565, -12.525144577, 60.9616699219, 19.8559646606, 1.15314769745, -14.1142730713, -14.0819129944, 81.2608566284, 146.923370361, 51.6369476318, -28.6138973236, -19.0513019562, 8.16069126129], [-49.2303466797, 12.0536432266, 60.2202720642, -13.007484436, 39.4706573486, -34.7071685791, 37.4920692444, 36.420463562, 51.6369476318, 117.49407196, 38.9487609863, 13.7472648621, -1.54150319099], [241.350494385, 30.5570335388, -10.6784324646, -51.65366745, -6.65359640121, -3.57740569115, -10.0990781784, -31.4132003784, -28.6138973236, 38.9487609863, 118.59172821, 29.4624137878, -47.6110191345], [5.28233146667, 25.7844848633, 43.2536125183, 6.87823963165, 51.4964256287, 6.42669868469, 40.6468429565, 6.69927024841, -19.0513019562, 13.7472648621, 29.4624137878, 61.3889923096, 17.4792079926], [109.510543823, 6.50286006927, -2.3383743763, 85.7523193359, 38.4456329346, -4.72557973862, 77.5222244263, 34.1401939392, 8.16069126129, -1.54150319099, -47.6110191345, 17.4792079926, 102.873718262]],
        "icov": [[0.000345943612047, -0.000832921534311, 0.000218662433326, -0.000557721592486, -8.77946367837e-05, 0.00041187502211, -0.000129059058963, 0.000785177398939, -0.00033502583392, 0.000440639792942, -0.00117049762048, 0.000788706645835, -0.000599877501372], [-0.000832921534311, 0.0125467441976, -0.00336510268971, 0.00639106472954, -0.00592431053519, 0.00591727113351, -0.00567863369361, 0.00612078094855, -0.00561344763264, 0.00772296171635, -0.00346186151728, 0.00267902109772, -0.00207289867103], [0.000218662433326, -0.00336510268971, 0.00406020926312, -0.00278112757951, -0.000556853832677, -0.00233606155962, 0.0031730949413, -0.00241210474633, 0.00132552278228, -0.0036858918611, 0.00221226876602, -0.00274046161212, 0.00222975830548], [-0.000557721592486, 0.00639106472954, -0.00278112757951, 0.0144953271374, -0.0049018044956, 0.00292893825099, -0.00565430196002, 0.00376613205299, -0.00534552382305, 0.00781625322998, -0.00269482377917, 0.00515891518444, -0.00856145471334], [-8.77946367837e-05, -0.00592431053519, -0.000556853832677, -0.0049018044956, 0.0124853560701, -0.00468230666593, 0.000609477458056, -0.00773665169254, 0.00642897281796, -0.00685708969831, 0.00542885577306, -0.00654067844152, 0.00477956142277], [0.00041187502211, 0.00591727113351, -0.00233606155962, 0.00292893825099, -0.00468230666593, 0.0158074107021, -0.0106468349695, 0.0121758850291, -0.00991858169436, 0.0128820538521, -0.00591882457957, 0.00343844643794, 0.000807598291431], [-0.000129059058963, -0.00567863369361, 0.0031730949413, -0.00565430196002, 0.000609477458056, -0.0106468349695, 0.0232279673219, -0.0177228730172, 0.0154706649482, -0.014593757689, 0.00356286391616, -0.00392731884494, -0.00618705246598], [0.000785177398939, 0.00612078094855, -0.00241210474633, 0.00376613205299, -0.00773665169254, 0.0121758850291, -0.0177228730172, 0.0334921404719, -0.0225154347718, 0.014073270373, -0.00570711586624, 0.00457628536969, -0.000147673679749], [-0.00033502583392, -0.00561344763264, 0.00132552278228, -0.00534552382305, 0.00642897281796, -0.00991858169436, 0.0154706649482, -0.0225154347718, 0.026805896312, -0.0181517172605, 0.00801356695592, -0.00146999151912, -0.000286761875032], [0.000440639792942, 0.00772296171635, -0.0036858918611, 0.00781625322998, -0.00685708969831, 0.0128820538521, -0.014593757689, 0.014073270373, -0.0181517172605, 0.0290216580033, -0.0146798491478, 0.00707818986848, -0.00419695489109], [-0.00117049762048, -0.00346186151728, 0.00221226876602, -0.00269482377917, 0.00542885577306, -0.00591882457957, 0.00356286391616, -0.00570711586624, 0.00801356695592, -0.0146798491478, 0.0264938250184, -0.0165526699275, 0.0148882521316], [0.000788706645835, 0.00267902109772, -0.00274046161212, 0.00515891518444, -0.00654067844152, 0.00343844643794, -0.00392731884494, 0.00457628536969, -0.00146999151912, 0.00707818986848, -0.0165526699275, 0.0337065830827, -0.0144935799763], [-0.000599877501372, -0.00207289867103, 0.00222975830548, -0.00856145471334, 0.00477956142277, 0.000807598291431, -0.00618705246598, -0.000147673679749, -0.000286761875032, -0.00419695489109, 0.0148882521316, -0.0144935799763, 0.0299526620656]]
    },
    "melbands": {
        "dmean": [0.00389294535853, 0.00402533169836, 0.000174069573404, 0.000501264992636, 0.000325655011693, 0.00041234632954, 0.000637969584204, 0.000163192074979, 4.51949636044e-05, 2.38420143432e-05, 2.59275821008e-05, 1.5029543647e-05, 2.70729451586e-05, 9.9594675703e-05, 0.000112680951133, 7.67210076447e-06, 2.26098700296e-06, 8.48237561968e-07, 5.53772849798e-07, 3.25710715288e-07, 7.14372731636e-07, 4.52719575605e-07, 2.71988398026e-07, 1.17417198453e-06, 1.11222516352e-06, 1.03084380498e-06, 1.13758851228e-07, 8.03538142691e-08, 6.85161751335e-07, 4.72374352967e-08, 6.7931207326e-09, 5.61864021975e-09, 3.67606567409e-09, 2.14341500104e-09, 1.12446063572e-09, 1.65481839343e-09, 1.67213576319e-09, 1.43450007428e-09, 6.02905891878e-10, 1.4548837135e-10],
        "dmean2": [0.00583862699568, 0.00700641749427, 0.000282324559521, 0.00074971007416, 0.000493932224344, 0.000500575988553, 0.00106026337016, 0.000262819899945, 7.2013004683e-05, 3.74752526113e-05, 4.09282802138e-05, 2.3577191314e-05, 4.37926282757e-05, 0.000156768321176, 0.000183864234714, 1.29440550154e-05, 3.83532551496e-06, 1.39376084007e-06, 9.33950502713e-07, 5.52443168544e-07, 1.21536436382e-06, 7.84262226716e-07, 4.63585365651e-07, 2.01656462195e-06, 1.89542720364e-06, 1.72366947027e-06, 1.95921373347e-07, 1.37748997986e-07, 1.11307258521e-06, 7.94654155811e-08, 1.18824718953e-08, 8.93731044727e-09, 6.18316198242e-09, 3.50470052979e-09, 1.82651471725e-09, 3.01245539625e-09, 2.51839060716e-09, 2.33120278637e-09, 9.74120228925e-10, 2.43125269916e-10],
        "dvar": [2.00534268515e-05, 2.02507108042e-05, 7.97735637548e-08, 6.41684266611e-07, 3.20225154837e-07, 4.45635151891e-07, 1.21270602449e-06, 9.50338403527e-08, 5.48166267933e-09, 1.10105169426e-09, 1.37777589337e-09, 8.53771442433e-10, 6.70349953324e-09, 8.85684769969e-08, 6.82367726768e-08, 8.88012025024e-11, 1.31123549518e-11, 2.77101692286e-12, 8.27173832901e-13, 2.45492401364e-13, 2.00649674827e-12, 5.3188914861e-13, 1.96622381462e-13, 4.61426513318e-12, 3.47682386354e-12, 5.79679360069e-12, 3.44087924115e-14, 1.91935599087e-14, 2.67791951808e-12, 2.4224024208e-14, 1.44890830155e-15, 1.62019297481e-15, 3.93814628057e-16, 4.0818663312e-17, 1.2415699753e-17, 1.33163399597e-16, 1.28567253241e-16, 1.42498682057e-16, 7.11626210675e-18, 5.08383601813e-19],
        "dvar2": [4.56292582385e-05, 6.6972374043e-05, 2.08510556376e-07, 1.36914138693e-06, 7.27770043341e-07, 5.39337690952e-07, 3.7434715523e-06, 2.61359531351e-07, 1.49145922279e-08, 2.5958957206e-09, 3.39646821779e-09, 2.28178098638e-09, 1.73940897241e-08, 1.97622071596e-07, 1.60621226541e-07, 2.55146320738e-10, 3.63953658877e-11, 5.97140175848e-12, 2.31273442237e-12, 6.78643773122e-13, 5.7390372836e-12, 1.43064444839e-12, 5.52503138726e-13, 1.26725765298e-11, 9.56896627907e-12, 1.45651754546e-11, 9.77257689919e-14, 5.73234968065e-14, 6.43840753281e-12, 6.96018221356e-14, 3.85309358475e-15, 3.68703362248e-15, 1.09926104186e-15, 8.04217747876e-17, 2.92986777396e-17, 3.92962936429e-16, 2.35012044073e-16, 3.61589180169e-16, 1.55343973098e-17, 1.18445170644e-18],
        "max": [0.0608516782522, 0.0411983318627, 0.004170646891, 0.0133589040488, 0.0152068724856, 0.0195822361857, 0.0178866069764, 0.00371438637376, 0.000840037537273, 0.000427805731306, 0.00053130579181, 0.000508116150741, 0.00140108563937, 0.00681119738147, 0.00215229787864, 8.88139184099e-05, 4.36126283603e-05, 3.74713017663e-05, 1.00552324511e-05, 1.06294100988e-05, 1.81663672265e-05, 1.23095423987e-05, 6.77230264046e-06, 2.81154952972e-05, 2.29077759286e-05, 3.29483846144e-05, 2.16750072468e-06, 1.73960108896e-06, 3.03501838061e-05, 2.42117585003e-06, 1.15597003969e-06, 1.29299507989e-06, 5.90815659507e-07, 1.94232725903e-07, 8.43168166398e-08, 2.48221397214e-07, 4.00664248446e-07, 3.55796004214e-07, 7.92539793792e-08, 2.2166535274e-08],
        "mean": [0.0108462478966, 0.00771392323077, 0.000348552217474, 0.00104312412441, 0.00088652188424, 0.00132190296426, 0.00132356456015, 0.000290062191198, 7.39675451769e-05, 3.85189450753e-05, 4.8542242439e-05, 2.84985344479e-05, 3.8965150452e-05, 0.000136612317874, 0.000159246454132, 1.34691945277e-05, 3.49742776962e-06, 1.42074759424e-06, 9.45792749008e-07, 6.08343498243e-07, 1.10738619696e-06, 8.20280661173e-07, 4.79326047298e-07, 1.76982405264e-06, 1.94490758076e-06, 1.67751170466e-06, 1.87905740745e-07, 1.31856751295e-07, 1.11318479412e-06, 7.23389064206e-08, 8.98881058475e-09, 6.90853463325e-09, 4.67775507218e-09, 3.5051117564e-09, 2.12317607939e-09, 2.33392616344e-09, 2.33264896288e-09, 1.7759083093e-09, 8.24978363401e-10, 1.76616554715e-10],
        "median": [0.00717693334445, 0.00559185817838, 0.000177727255505, 0.000571960350499, 0.000506609503645, 0.000686724088155, 0.000646170054097, 0.000129978652694, 4.08074229199e-05, 2.51859455602e-05, 2.82565888483e-05, 1.1563031876e-05, 8.2684246081e-06, 3.69709923689e-05, 8.89531384018e-06, 1.0366738934e-05, 1.98381439986e-06, 7.72735006649e-07, 5.81096003316e-07, 4.69061916419e-07, 4.80355936361e-07, 4.57999846049e-07, 2.70673865543e-07, 8.26853181479e-07, 9.39732217375e-07, 5.8638892142e-07, 1.06173629888e-07, 7.40447987368e-08, 3.84181248592e-07, 2.13181881037e-08, 4.63713556442e-09, 2.54174881142e-09, 1.94654159458e-09, 1.78227277381e-09, 1.16880516376e-09, 8.79299744128e-10, 9.16895059877e-10, 7.05602853923e-10, 3.74178354967e-10, 8.71898109267e-11],
        "min": [2.92514072831e-23, 2.45946098983e-23, 1.45161324396e-23, 1.1718580023e-23, 1.5447576798e-23, 3.34864906721e-24, 4.78511902168e-24, 5.32394139109e-24, 6.18128252264e-24, 4.35943626659e-24, 1.21884003346e-23, 9.91718695809e-24, 1.1258233142e-23, 1.10183421185e-23, 1.05528534421e-23, 1.4093378725e-23, 8.98671526519e-24, 9.9872393842e-24, 1.06515186421e-23, 7.36097706917e-24, 1.01243812748e-23, 8.63656199747e-24, 1.49128774101e-23, 1.04824357734e-23, 9.49770780516e-24, 2.06498683433e-23, 9.09341738009e-24, 7.38108434478e-24, 1.19136258818e-23, 8.37255470718e-24, 1.13417096142e-23, 9.15564746146e-24, 1.18518028527e-23, 1.30930376217e-23, 1.43264508349e-23, 1.1987636812e-23, 1.18933182355e-23, 1.04361840697e-23, 8.53964806868e-24, 1.10694595163e-23],
        "var": [0.000132387765916, 5.74900223e-05, 2.48837864092e-07, 2.18484115067e-06, 1.76226978965e-06, 3.74876140086e-06, 3.68719042854e-06, 1.71302289687e-07, 9.49483069945e-09, 2.02544936379e-09, 3.34053540385e-09, 2.24089635736e-09, 1.11940154923e-08, 1.49626117718e-07, 1.25836663756e-07, 1.55557788872e-10, 1.74653503465e-11, 5.77922388764e-12, 1.40419446903e-12, 3.57601779135e-13, 3.14420494849e-12, 1.17057036807e-12, 3.8675220795e-13, 7.3505134271e-12, 6.88347556038e-12, 1.12583562265e-11, 6.40825080175e-14, 3.14475787804e-14, 5.70956346438e-12, 3.78124723373e-14, 1.43653399723e-15, 1.92210876325e-15, 4.14550894578e-16, 8.8564487798e-17, 2.54915045241e-17, 1.47937004155e-16, 1.95672776743e-16, 1.26799019024e-16, 9.1911909066e-18, 5.24349997093e-19]
    },
    "mfcc": {
        "mean": [-770.054870605, 241.8697052, 0.609522461891, 38.1540985107, 1.80743575096, -7.45785903931, 24.7370376587, -1.93130731583, -13.7568159103, 0.0909370258451, 5.50354909897, 16.9849624634, 9.63007545471],
        "cov": [[3263.40014648, 1250.97595215, -600.815795898, 318.566619873, -100.816795349, -47.8941917419, 137.17388916, -109.034294128, -174.488052368, -105.749275208, -123.906028748, 99.7085342407, -27.0628681183], [1250.97595215, 819.833618164, -102.174995422, 196.459335327, 62.0031509399, -14.1458101273, 131.869216919, -34.4619369507, -63.3124046326, -36.9294624329, -8.11390209198, 65.7831344604, 25.0324630737], [-600.815795898, -102.174995422, 383.424285889, 7.22756385803, 72.4050292969, 77.6589736938, -25.731842041, 53.7980117798, 31.1143760681, 26.3626346588, 43.0408744812, -21.104845047, 11.0543937683], [318.566619873, 196.459335327, 7.22756385803, 202.788742065, 82.4537124634, 3.66640305519, 68.9465026855, 31.9281215668, 78.2803497314, 39.6596603394, -9.00203418732, 16.8129291534, -11.3469591141], [-100.816795349, 62.0031509399, 72.4050292969, 82.4537124634, 138.538208008, 35.8381462097, 28.5713729858, 46.7632980347, 56.3222541809, 20.8954372406, 18.9461936951, 5.42101573944, -7.30356884003], [-47.8941917419, -14.1458101273, 77.6589736938, 3.66640305519, 35.8381462097, 125.152694702, 56.4940872192, 41.6359786987, 13.167049408, -26.9508419037, -16.4994487762, -5.56208753586, 1.2662961483], [137.17388916, 131.869216919, -25.731842041, 68.9465026855, 28.5713729858, 56.4940872192, 179.578613281, 62.3470802307, 16.9781703949, -12.8371572495, -33.1492614746, 23.6481304169, 17.4884223938], [-109.034294128, -34.4619369507, 53.7980117798, 31.9281215668, 46.7632980347, 41.6359786987, 62.3470802307, 122.284210205, 75.5480575562, -3.47101950645, -12.2713012695, -15.1622896194, -11.9764270782], [-174.488052368, -63.3124046326, 31.1143760681, 78.2803497314, 56.3222541809, 13.167049408, 16.9781703949, 75.5480575562, 189.707977295, 78.9693527222, -18.2635326385, -19.2281265259, -22.2852878571], [-105.749275208, -36.9294624329, 26.3626346588, 39.6596603394, 20.8954372406, -26.9508419037, -12.8371572495, -3.47101950645, 78.9693527222, 131.816665649, 38.4297294617, -19.771364212, -0.561160683632], [-123.906028748, -8.11390209198, 43.0408744812, -9.00203418732, 18.9461936951, -16.4994487762, -33.1492614746, -12.2713012695, -18.2635326385, 38.4297294617, 98.0897064209, 14.4616374969, 3.86009597778], [99.7085342407, 65.7831344604, -21.104845047, 16.8129291534, 5.42101573944, -5.56208753586, 23.6481304169, -15.1622896194, -19.2281265259, -19.771364212, 14.4616374969, 95.9055938721, 50.2555236816], [-27.0628681183, 25.0324630737, 11.0543937683, -11.3469591141, -7.30356884003, 1.2662961483, 17.4884223938, -11.9764270782, -22.2852878571, -0.561160683632, 3.86009597778, 50.2555236816, 95.4385910034]],
