{
"lowlevel": {
    "average_loudness": 0.97026103735,
    "barkbands_crest": {
        "dmean": 1.94486486912,
        "dmean2": 3.15530967712,
        "dvar": 3.63922667503,
        "dvar2": 9.00304794312,
        "max": 20.2418880463,
        "mean": 8.89319705963,
        "median": 8.02377986908,
        "min": 3.18517017365,
        "var": 12.5247344971
    },
    "barkbands_flatness_db": {
        "dmean": 0.0173610616475,
        "dmean2": 0.0266513004899,
        "dvar": 0.000293351360597,
        "dvar2": 0.000584972207434,
        "max": 0.29760286212,
        "mean": 0.184514686465,
        "median": 0.183732077479,
        "min": 0.0673780739307,
        "var": 0.00144236348569
    },
    "barkbands_kurtosis": {
        "dmean": 1.27188503742,
        "dmean2": 1.99613523483,
        "dvar": 3.64165043831,
        "dvar2": 8.69240474701,
        "max": 28.1834030151,
        "mean": 1.94770741463,
        "median": 0.846553325653,
        "min": -1.84081029892,
        "var": 12.6068696976
    },
    "barkbands_skewness": {
        "dmean": 0.334904074669,
        "dmean2": 0.509638547897,
        "dvar": 0.127765551209,
        "dvar2": 0.274404287338,
        "max": 4.56533718109,
        "mean": 1.20926034451,
        "median": 1.07561600208,
        "min": -0.849717795849,
        "var": 0.663409113884
    },
    "barkbands_spread": {
        "dmean": 3.44946980476,
        "dmean2": 5.54115724564,
        "dvar": 30.3209095001,
        "dvar2": 70.5662612915,
        "max": 92.9583740234,
        "mean": 18.1468639374,
        "median": 16.7006149292,
        "min": 4.4529042244,
        "var": 78.0612030029
    },
    "dissonance": {
        "dmean": 0.0225288365036,
        "dmean2": 0.0380152128637,
        "dvar": 0.000452657433925,
        "dvar2": 0.00125811353792,
        "max": 0.499814808369,
        "mean": 0.448538810015,
        "median": 0.453770816326,
        "min": 0.309231191874,
        "var": 0.000986446160823
    },
    "dynamic_complexity": 1.9581694603,
    "erbbands_crest": {
        "dmean": 1.76325058937,
        "dmean2": 2.85317158699,
        "dvar": 2.48816204071,
        "dvar2": 6.3792886734,
        "max": 20.1639919281,
        "mean": 7.82457828522,
        "median": 7.31603097916,
        "min": 2.59462690353,
        "var": 7.58264398575
    },
    "erbbands_flatness_db": {
        "dmean": 0.0153086008504,
        "dmean2": 0.0205407235771,
        "dvar": 0.000301295483951,
        "dvar2": 0.000495476473588,
        "max": 0.316012978554,
        "mean": 0.202033385634,
        "median": 0.204763665795,
        "min": 0.102683953941,
        "var": 0.00176620995626
    },
    "erbbands_kurtosis": {
        "dmean": 0.599199831486,
        "dmean2": 0.952550709248,
        "dvar": 0.47161847353,
        "dvar2": 1.12334907055,
        "max": 8.49742603302,
        "mean": 0.507971346378,
        "median": 0.270388841629,
        "min": -1.57766497135,
        "var": 1.30776786804
    },
    "erbbands_skewness": {
        "dmean": 0.256819874048,
        "dmean2": 0.398632586002,
        "dvar": 0.062287915498,
        "dvar2": 0.142600864172,
        "max": 1.8438141346,
        "mean": 0.165755063295,
        "median": 0.183227106929,
        "min": -3.00676226616,
        "var": 0.294969826937
    },
    "erbbands_spread": {
        "dmean": 5.8319478035,
        "dmean2": 8.80592441559,
        "dvar": 67.2811126709,
        "dvar2": 151.296951294,
        "max": 91.1407012939,
        "mean": 28.5300216675,
        "median": 23.4024810791,
        "min": 8.93765735626,
        "var": 207.147903442
    },
    "hfc": {
        "dmean": 6.95120429993,
        "dmean2": 10.9230585098,
        "dvar": 239.477645874,
        "dvar2": 638.692016602,
        "max": 250.426498413,
        "mean": 24.2091712952,
        "median": 21.2751083374,
        "min": 0.000357243407052,
        "var": 364.828216553
    },
    "melbands_crest": {
        "dmean": 2.33492588997,
        "dmean2": 3.79494762421,
        "dvar": 4.9196639061,
        "dvar2": 12.4389743805,
        "max": 26.8493556976,
        "mean": 12.3660554886,
        "median": 11.9519491196,
        "min": 4.50349712372,
        "var": 15.9683895111
    },
    "melbands_flatness_db": {
        "dmean": 0.0210352055728,
        "dmean2": 0.0312375500798,
        "dvar": 0.000526550924405,
        "dvar2": 0.00109022750985,
        "max": 0.365317136049,
        "mean": 0.228668048978,
        "median": 0.229371756315,
        "min": 0.0751292034984,
        "var": 0.00263914954849
    },
    "melbands_kurtosis": {
        "dmean": 3.27748608589,
        "dmean2": 5.04927635193,
        "dvar": 27.4401035309,
        "dvar2": 61.6310119629,
        "max": 70.0909881592,
        "mean": 7.19541692734,
        "median": 3.75360393524,
        "min": -1.27879524231,
        "var": 90.339805603
    },
    "melbands_skewness": {
        "dmean": 0.465110123158,
        "dmean2": 0.711230099201,
        "dvar": 0.285708606243,
        "dvar2": 0.601719677448,
        "max": 6.73282003403,
        "mean": 2.06757116318,
        "median": 1.79187572002,
        "min": -0.230766788125,
        "var": 1.28613042831
    },
    "melbands_spread": {
        "dmean": 4.05738687515,
        "dmean2": 6.45809030533,
        "dvar": 54.7415351868,
        "dvar2": 134.429870605,
        "max": 168.430831909,
        "mean": 19.8792533875,
        "median": 18.1184482574,
        "min": 3.44784641266,
        "var": 134.228713989
    },
    "pitch_salience": {
        "dmean": 0.0535523109138,
        "dmean2": 0.0857003256679,
        "dvar": 0.00255026575178,
        "dvar2": 0.00677656428888,
        "max": 0.797549962997,
        "mean": 0.533486664295,
        "median": 0.535831093788,
        "min": 0.271170288324,
        "var": 0.00804573018104
    },
    "silence_rate_20dB": {
        "dmean": 0,
        "dmean2": 0,
        "dvar": 0,
        "dvar2": 0,
        "max": 1,
        "mean": 1,
        "median": 1,
        "min": 1,
        "var": 0
    },
    "silence_rate_30dB": {
        "dmean": 0.0108527131379,
        "dmean2": 0.0217222645879,
        "dvar": 0.0107352714986,
        "dvar2": 0.030560400337,
        "max": 1,
        "mean": 0.993803262711,
        "median": 1,
        "min": 0,
        "var": 0.00615850510076
    },
    "silence_rate_60dB": {
        "dmean": 0.00620155036449,
        "dmean2": 0.0124127231538,
        "dvar": 0.00616306019947,
        "dvar2": 0.0153618864715,
        "max": 1,
        "mean": 0.018590239808,
        "median": 0,
        "min": 0,
        "var": 0.0182442851365
    },
    "spectral_centroid": {
        "dmean": 156.028747559,
        "dmean2": 250.070236206,
        "dvar": 59044.125,
        "dvar2": 143327.921875,
        "max": 4262.45117188,
        "mean": 942.048583984,
        "median": 853.63885498,
        "min": 337.683044434,
        "var": 167122.90625
    },
    "spectral_complexity": {
        "dmean": 3.07441854477,
        "dmean2": 4.83941030502,
        "dvar": 18.9617557526,
        "dvar2": 42.3038482666,
        "max": 53,
        "mean": 19.3206825256,
        "median": 18,
        "min": 0,
        "var": 51.4123497009
    },
    "spectral_decrease": {
        "dmean": 2.49400944341e-09,
        "dmean2": 3.93790022812e-09,
        "dvar": 1.15868565074e-17,
        "dvar2": 2.80008512109e-17,
        "max": -1.92630565904e-13,
        "mean": -1.0758137492e-08,
        "median": -1.02533013191e-08,
        "min": -3.65307286643e-08,
        "var": 2.91700379195e-17
    },
    "spectral_energy": {
        "dmean": 0.00989973451942,
        "dmean2": 0.0155995357782,
        "dvar": 0.000185632583452,
        "dvar2": 0.000447689526482,
        "max": 0.142038196325,
        "mean": 0.0427995286882,
        "median": 0.0409451499581,
        "min": 7.59434442443e-07,
        "var": 0.000467699690489
    },
    "spectral_energyband_high": {
        "dmean": 0.000494281935971,
        "dmean2": 0.000800320412964,
        "dvar": 3.03286060443e-06,
        "dvar2": 8.46702459967e-06,
        "max": 0.0333719924092,
        "mean": 0.000594047945924,
        "median": 0.000134475441882,
        "min": 8.2028641657e-09,
        "var": 2.8174624731e-06
    },
    "spectral_energyband_low": {
        "dmean": 0.0060565052554,
        "dmean2": 0.00957762729377,
        "dvar": 8.19711203803e-05,
        "dvar2": 0.000206696568057,
        "max": 0.114346258342,
        "mean": 0.0174352098256,
        "median": 0.0147577915341,
        "min": 3.1438383985e-07,
        "var": 0.000149325234815
    },
    "spectral_energyband_middle_high": {
        "dmean": 0.00221784855239,
        "dmean2": 0.00345664587803,
        "dvar": 1.2093893929e-05,
        "dvar2": 2.85972528218e-05,
        "max": 0.0443596839905,
        "mean": 0.00879198592156,
        "median": 0.00744871329516,
        "min": 1.11832584082e-07,
        "var": 4.46703306807e-05
    },
    "spectral_energyband_middle_low": {
        "dmean": 0.00518824765459,
        "dmean2": 0.00839789118618,
        "dvar": 7.00855816831e-05,
        "dvar2": 0.000172965563252,
        "max": 0.100421734154,
        "mean": 0.0182733237743,
        "median": 0.0167916230857,
        "min": 3.80972835501e-07,
        "var": 0.000142798977322
    },
    "spectral_entropy": {
        "dmean": 0.156057417393,
        "dmean2": 0.215459376574,
        "dvar": 0.0378830321133,
        "dvar2": 0.0703279003501,
        "max": 8.61948013306,
        "mean": 7.19815063477,
        "median": 7.13413858414,
        "min": 6.12549066544,
        "var": 0.178477853537
    },
    "spectral_flux": {
        "dmean": 0.0226714480668,
        "dmean2": 0.0356758311391,
        "dvar": 0.000832945981529,
        "dvar2": 0.00182147801388,
        "max": 0.284349769354,
        "mean": 0.0786268487573,
        "median": 0.0665735155344,
        "min": 0.000871455355082,
        "var": 0.00195493665524
    },
    "spectral_kurtosis": {
        "dmean": 3.20483541489,
        "dmean2": 5.52671098709,
        "dvar": 14.0321435928,
        "dvar2": 38.253780365,
        "max": 46.7088623047,
        "mean": 6.55428981781,
        "median": 5.05930137634,
        "min": -0.761288166046,
        "var": 33.2237892151
    },
    "spectral_rms": {
        "dmean": 0.000710120424628,
        "dmean2": 0.00109916145448,
        "dvar": 7.41950088923e-07,
        "dvar2": 1.71041722297e-06,
        "max": 0.0117717394605,
        "mean": 0.00622504809871,
        "median": 0.00632032332942,
        "min": 2.72196921287e-05,
        "var": 3.00440024148e-06
    },
    "spectral_rolloff": {
        "dmean": 226.081665039,
        "dmean2": 388.348846436,
        "dvar": 226970.859375,
        "dvar2": 515313.25,
        "max": 8441.015625,
        "mean": 1030.62536621,
        "median": 925.927734375,
        "min": 172.265625,
        "var": 497178.4375
    },
    "spectral_skewness": {
        "dmean": 0.332006067038,
        "dmean2": 0.555459678173,
        "dvar": 0.110035672784,
        "dvar2": 0.279236137867,
        "max": 5.01128339767,
        "mean": 1.86596107483,
        "median": 1.83490037918,
        "min": -0.217966705561,
        "var": 0.394785135984
    },
    "spectral_spread": {
        "dmean": 456354.59375,
        "dmean2": 608979.125,
        "dvar": 311508303872,
        "dvar2": 502988275712,
        "max": 8131489,
        "mean": 3380698.75,
        "median": 3167763.75,
        "min": 1363686.875,
        "var": 1.37582791885e+12
    },
    "spectral_strongpeak": {
        "dmean": 0.386986911297,
        "dmean2": 0.698370337486,
        "dvar": 0.629358291626,
        "dvar2": 1.68775510788,
        "max": 7.39349126816,
        "mean": 0.665746748447,
        "median": 0.428843289614,
        "min": 0.000435353402281,
        "var": 0.655071556568
    },
    "zerocrossingrate": {
        "dmean": 0.00589760486037,
        "dmean2": 0.00708178291097,
        "dvar": 6.48697969154e-05,
        "dvar2": 9.60767210927e-05,
        "max": 0.23095703125,
        "mean": 0.0397092550993,
        "median": 0.037109375,
        "min": 0.01123046875,
        "var": 0.000300846615573
    },
    "barkbands": {
        "dmean": [0.000128088475321, 0.00451901648194, 0.00182194786612, 0.0017706338549, 0.00220241816714, 0.0012915226398, 0.00143882865086, 0.000729257590137, 0.000774652522523, 0.000748914782889, 0.000639689213131, 0.000750244886149, 0.000416397087974, 0.000532872916665, 0.000373344228137, 0.000189649115782, 0.00013377473806, 9.52793416218e-05, 9.94596921373e-05, 8.34321181173e-05, 0.000113730049634, 0.000114337315608, 0.0001123667098, 0.000101948462543, 4.46643207397e-05, 3.56955531799e-08, 1.68389191479e-09],
        "dmean2": [0.000217084627366, 0.00727103417739, 0.00288739334792, 0.00298564182594, 0.00370425009169, 0.00216024299152, 0.00233437027782, 0.00117718265392, 0.00122169894166, 0.00117405911442, 0.000963450875133, 0.00115743128117, 0.000672943831887, 0.000854045385495, 0.000596796395257, 0.000298750674119, 0.000213696155697, 0.000161510281032, 0.00016887972015, 0.000139331415994, 0.000198815308977, 0.000200329042855, 0.000193397660041, 0.000161907242727, 7.12061737431e-05, 5.66735103291e-08, 3.05177993987e-09],
        "dvar": [8.46534646826e-08, 5.2945841162e-05, 9.84602229437e-06, 9.83818699751e-06, 1.7660739104e-05, 3.21318452734e-06, 6.39436530037e-06, 1.62681078564e-06, 2.06492995858e-06, 1.392217996e-06, 9.07181629373e-07, 2.37733615904e-06, 5.98941426233e-07, 1.1237139006e-06, 3.92447589093e-07, 8.20530274837e-08, 6.86986467713e-08, 4.65945788619e-08, 7.08412315475e-08, 7.154598336e-08, 1.44258692103e-07, 1.64709348383e-07, 4.03205319799e-07, 1.74812058162e-07, 3.87817316039e-08, 1.50622176949e-14, 4.29313314001e-18],
        "dvar2": [2.27333785574e-07, 0.000136786009534, 2.4765424314e-05, 2.71447115665e-05, 4.67603895231e-05, 9.03312411538e-06, 1.59345108841e-05, 4.12570716435e-06, 4.92394974572e-06, 3.33675939146e-06, 2.05149854082e-06, 5.83166729484e-06, 1.41492705552e-06, 2.77361459666e-06, 1.03108152416e-06, 1.98762450054e-07, 1.71883741018e-07, 1.24601513107e-07, 1.88030611525e-07, 1.79090122288e-07, 4.06438005029e-07, 4.78105960156e-07, 1.16469948352e-06, 4.78669733184e-07, 1.03640978466e-07, 3.65617773687e-14, 1.27155758861e-17],
        "max": [0.00383490510285, 0.0901611819863, 0.0361929498613, 0.037235096097, 0.0504511073232, 0.025102103129, 0.0330944769084, 0.01652844809, 0.0242158845067, 0.0140255177394, 0.0133930640295, 0.0288194809109, 0.012234210968, 0.0174195021391, 0.0103068295866, 0.00681305816397, 0.00448690308258, 0.00243032164872, 0.00522311776876, 0.00454259151593, 0.00399323320016, 0.00481690652668, 0.0157020129263, 0.0096897110343, 0.00429852167144, 2.07080961445e-06, 1.84750117427e-08],
        "mean": [0.000158056049258, 0.0115753514692, 0.0038339747116, 0.00317309121601, 0.00418428983539, 0.00317912572064, 0.00303388643079, 0.00158902071416, 0.00218215584755, 0.00193303544074, 0.00157942762598, 0.00162557873409, 0.000910760194529, 0.00127124867868, 0.00086680991808, 0.000484473101096, 0.00026839147904, 0.000155324334628, 0.000145042169606, 0.00011163205636, 0.000127453371533, 0.000129055886646, 0.000125840277178, 0.000116876144602, 3.96224168071e-05, 3.20466426729e-08, 1.465875199e-09],
        "median": [7.78082321631e-05, 0.00839911121875, 0.00234483974054, 0.00160895101726, 0.00272394344211, 0.00220215064473, 0.00164679228328, 0.000834713224322, 0.00132085767109, 0.0009807277238, 0.00108598370571, 0.000877055164892, 0.000348340574419, 0.000450728286523, 0.000436008471297, 0.000246547628194, 0.000122750148876, 7.2209040809e-05, 5.56531231268e-05, 3.56540658686e-05, 3.75238269044e-05, 2.56222592725e-05, 2.42191745201e-05, 1.49842389874e-05, 2.00353701985e-06, 2.94960811331e-09, 6.32069063755e-10],
        "min": [2.80505272343e-08, 2.13033771956e-07, 1.8861825879e-08, 1.25829885178e-07, 7.87921337064e-08, 9.33129484793e-09, 1.45838940924e-08, 9.36813719932e-08, 4.14855598763e-08, 8.44594438831e-09, 4.06187368185e-08, 2.53466811984e-08, 2.51389327133e-08, 3.02387537232e-09, 1.04822117653e-09, 1.58307722486e-09, 8.39604941127e-10, 4.58720839092e-09, 1.19237719698e-09, 3.18285814371e-10, 5.9117144513e-10, 7.80069286943e-10, 1.28863408833e-09, 5.20705700779e-09, 1.77996627854e-11, 1.07127431925e-11, 2.15853515617e-11],
        "var": [9.56718082534e-08, 9.56224976107e-05, 1.74306442204e-05, 2.1126559659e-05, 2.23710485443e-05, 8.98947382666e-06, 1.53439759742e-05, 4.25564348916e-06, 6.01360670771e-06, 5.40297878615e-06, 2.8679821753e-06, 4.91086166221e-06, 1.82605015198e-06, 4.50357902082e-06, 1.21572372791e-06, 4.13395810028e-07, 1.5577477086e-07, 5.50237686525e-08, 8.10214189073e-08, 7.58246159194e-08, 1.13174479566e-07, 1.3693336598e-07, 3.11686392251e-07, 1.54973477606e-07, 2.9755366171e-08, 1.38315304915e-14, 4.28779203479e-18]
    },
    "erbbands": {
        "dmean": [0.111415050924, 1.12262690067, 2.1691339016, 3.96496081352, 7.22075080872, 7.52204465866, 9.4793586731, 9.91440200806, 19.4019107819, 15.9167499542, 16.8575553894, 16.9748191833, 24.4489116669, 21.6536617279, 19.9733142853, 30.4822368622, 20.2343826294, 27.7779922485, 16.9742107391, 14.2523040771, 9.25292110443, 7.01923656464, 5.16098499298, 5.337266922, 4.5289683342, 3.96184301376, 3.60075330734, 5.25857210159, 4.20279502869, 3.80918812752, 2.97559547424, 1.93408370018, 1.88625621796, 0.931762218475, 0.0787073969841, 0.00331743550487, 0.000162048701895, 2.11367241718e-05, 8.48946729093e-06, 1.22371284306e-05],
        "dmean2": [0.185035020113, 1.79473114014, 3.50800156593, 6.46198701859, 12.3520240784, 12.6044940948, 15.4045391083, 16.6981639862, 31.9815406799, 24.4045333862, 27.7565097809, 26.6758594513, 38.219909668, 33.2192001343, 31.9353637695, 46.6250762939, 32.3249740601, 44.3944511414, 26.979511261, 22.3232784271, 14.7986602783, 11.3750925064, 8.54994392395, 8.97873497009, 7.70191812515, 6.61405611038, 6.15845918655, 9.27788734436, 7.36651182175, 6.72045898438, 5.08414745331, 3.17866134644, 2.99493956566, 1.4738048315, 0.133562549949, 0.00558666605502, 0.000262746441877, 3.36532393703e-05, 1.33265311888e-05, 1.91671078937e-05],
        "dvar": [0.0371424667537, 3.23811578751, 13.9086275101, 41.2661170959, 332.900726318, 135.876480103, 153.325775146, 319.635864258, 1353.51477051, 757.998535156, 822.022644043, 1234.8572998, 1376.05163574, 1072.98876953, 1853.7845459, 3231.99780273, 1241.64355469, 3358.7409668, 1068.86755371, 477.970794678, 163.496673584, 205.816009521, 122.950057983, 161.698379517, 193.424545288, 162.028396606, 129.668792725, 322.123321533, 214.950973511, 399.765563965, 242.100753784, 67.3600082397, 65.7797088623, 16.0144176483, 0.181525945663, 0.000318302743835, 5.51271284621e-07, 6.95316959565e-09, 4.35881108984e-10, 3.48425843733e-10],
        "dvar2": [0.101183019578, 8.45644760132, 35.6082611084, 103.615959167, 879.245910645, 401.619873047, 407.744628906, 887.008422852, 3695.83544922, 1754.09716797, 2161.82910156, 2965.62426758, 3258.56469727, 2594.32128906, 4690.69140625, 7516.93310547, 2897.45043945, 8404.45117188, 2869.77319336, 1133.37890625, 395.763153076, 501.706359863, 323.074676514, 441.614471436, 515.460327148, 397.442749023, 354.197143555, 921.646728516, 623.792114258, 1160.64990234, 690.12713623, 191.614822388, 175.829269409, 42.667049408, 0.502804934978, 0.000884851324372, 1.49596030496e-06, 1.85088282478e-08, 1.11876796716e-09, 8.51019532622e-10],
        "max": [2.05195236206, 22.9341163635, 47.6157722473, 80.2397842407, 231.229995728, 167.989013672, 142.291641235, 214.749252319, 465.292053223, 333.78024292, 312.871520996, 663.299804688, 494.029571533, 482.584289551, 589.550170898, 715.574035645, 627.395141602, 961.717651367, 622.571533203, 438.635650635, 167.823944092, 234.368728638, 167.643997192, 169.339630127, 294.115325928, 225.226135254, 128.762649536, 193.396179199, 167.821502686, 475.615020752, 375.771362305, 193.353256226, 165.046539307, 82.2757492065, 8.93174362183, 0.383653074503, 0.0154338413849, 0.0015478997957, 0.000359066645615, 0.000227140903007],
        "mean": [0.248482778668, 2.85114121437, 5.18936729431, 8.2450466156, 10.0111675262, 15.4858617783, 23.8423805237, 23.5617294312, 40.7597427368, 38.1078453064, 41.821559906, 47.2943344116, 68.9405593872, 57.736946106, 48.6386566162, 70.7184524536, 49.6261291504, 65.2411880493, 44.3945846558, 38.726234436, 26.2026405334, 15.0522422791, 9.10737323761, 8.02755641937, 6.24565219879, 5.31236028671, 4.57689285278, 5.43195343018, 4.63935709, 4.20409584045, 3.42349791527, 2.47655725479, 1.94000983238, 0.843924462795, 0.063106611371, 0.00274144345894, 0.000161593925441, 2.41568977799e-05, 2.58737018157e-05, 5.03767223563e-05],
        "median": [0.204885989428, 1.94679653645, 4.06763076782, 4.70460987091, 5.89900684357, 10.1525526047, 15.9413871765, 13.4209136963, 22.8678474426, 18.3990478516, 24.1615638733, 28.9762649536, 43.6719322205, 35.0416946411, 27.6530399323, 39.4190788269, 27.330198288, 28.8093204498, 23.0528736115, 21.851360321, 16.130525589, 7.75803184509, 4.53785896301, 3.5688085556, 2.24845576286, 1.68086349964, 1.62406730652, 1.20024168491, 0.816568851471, 0.852716207504, 0.685369253159, 0.402637094259, 0.219359755516, 0.0490977913141, 0.00154234818183, 0.000114598376967, 2.73819732683e-05, 6.5908416218e-06, 2.19013254537e-05, 4.75992856082e-05],
        "min": [8.62941851665e-06, 3.73188013327e-05, 2.63386118604e-05, 0.000238024906139, 0.000468699465273, 0.000148203485878, 4.82677969558e-05, 9.46402433328e-05, 0.000142270015203, 0.0010037496686, 0.00204943190329, 0.00100470520556, 0.000376472977223, 0.00046524417121, 0.00199758261442, 0.00105543900281, 0.00138157152105, 0.000362367980415, 6.66838532197e-05, 6.03169937676e-05, 9.01510138647e-05, 4.98562585562e-05, 0.000128962012241, 0.000244294933509, 3.30846160068e-05, 1.55148100021e-05, 3.09321912937e-05, 2.47261505137e-05, 2.86617323582e-05, 1.98369580175e-05, 4.51162886748e-05, 0.000125321384985, 6.41051010462e-05, 2.56514181274e-06, 1.89383271731e-07, 5.13644948796e-08, 2.14341220328e-08, 9.64613278143e-09, 3.53350437798e-09, 1.2146146311e-09],
        "var": [0.0494754314423, 6.36874103546, 22.6822948456, 113.633766174, 283.399719238, 253.168624878, 531.909606934, 695.639404297, 2799.99487305, 2556.38085938, 2397.89575195, 3250.32250977, 5534.46875, 3928.53369141, 3754.94140625, 8526.09960938, 3555.68359375, 10048.0947266, 3875.37451172, 1954.01000977, 785.186340332, 450.003723145, 162.332305908, 180.628723145, 197.280151367, 174.781402588, 114.949638367, 241.911621094, 175.891937256, 301.213592529, 199.816772461, 66.3198623657, 53.1142578125, 12.4661073685, 0.12639439106, 0.000221072376007, 4.16083196342e-07, 5.76389114215e-09, 5.03063757318e-10, 7.42165384704e-10]
    },
    "gfcc": {
        "mean": [-5.28236818314, 161.930740356, -144.669967651, 43.0913047791, -63.812046051, 29.1079444885, -26.9532585144, -8.19221878052, 2.94623279572, -19.5151443481, 8.21608543396, -18.7609901428, 9.09406661987],
        "cov": [[2883.97241211, -662.713378906, -69.8081741333, 122.768325806, -274.398620605, 203.565673828, -243.909576416, 177.323104858, -71.3683624268, 162.95614624, -82.8146286011, -30.0476436615, -20.5746707916], [-662.713378906, 973.444091797, -187.609176636, -420.693084717, 311.939971924, -194.331802368, 232.528533936, -218.45072937, 208.172454834, -105.781272888, 42.9934997559, -2.61281991005, 61.8521881104], [-69.8081741333, -187.609176636, 300.816314697, 159.56980896, -110.242614746, 59.3403091431, -25.3408813477, 60.3076629639, -81.7198486328, 2.72800445557, -27.9737243652, 0.24344150722, -19.5376796722], [122.768325806, -420.693084717, 159.56980896, 353.786895752, -120.752220154, 52.3048095703, -68.2755050659, 78.9573745728, -96.4818954468, 10.2400970459, -6.43265724182, -10.6875524521, -30.5547962189], [-274.398620605, 311.939971924, -110.242614746, -120.752220154, 277.431091309, -39.2429084778, 72.2729034424, -52.6558570862, 75.2004394531, -8.62519264221, 19.4637241364, 4.22123193741, 32.540687561], [203.565673828, -194.331802368, 59.3403091431, 52.3048095703, -39.2429084778, 143.313537598, -17.9640331268, 45.7999420166, -46.5885810852, 20.1893291473, -11.7685499191, 1.06580233574, -12.2322292328], [-243.909576416, 232.528533936, -25.3408813477, -68.2755050659, 72.2729034424, -17.9640331268, 149.798141479, -43.9547920227, 23.6448001862, -44.3965110779, 13.1658430099, -0.201790958643, 15.7006263733], [177.323104858, -218.45072937, 60.3076629639, 78.9573745728, -52.6558570862, 45.7999420166, -43.9547920227, 122.256530762, -49.7674827576, 23.7637367249, -13.3141059875, -2.35026240349, -6.43926763535], [-71.3683624268, 208.172454834, -81.7198486328, -96.4818954468, 75.2004394531, -46.5885810852, 23.6448001862, -49.7674827576, 122.434020996, -0.128738999367, 10.7639226913, 2.57825613022, 7.4372010231], [162.95614624, -105.781272888, 2.72800445557, 10.2400970459, -8.62519264221, 20.1893291473, -44.3965110779, 23.7637367249, -0.128738999367, 87.6351470947, 12.5726737976, 10.5757551193, 4.55657958984], [-82.8146286011, 42.9934997559, -27.9737243652, -6.43265724182, 19.4637241364, -11.7685499191, 13.1658430099, -13.3141059875, 10.7639226913, 12.5726737976, 66.4133224487, 20.8422088623, -3.68712306023], [-30.0476436615, -2.61281991005, 0.24344150722, -10.6875524521, 4.22123193741, 1.06580233574, -0.201790958643, -2.35026240349, 2.57825613022, 10.5757551193, 20.8422088623, 46.3584861755, 18.6592197418], [-20.5746707916, 61.8521881104, -19.5376796722, -30.5547962189, 32.540687561, -12.2322292328, 15.7006263733, -6.43926763535, 7.4372010231, 4.55657958984, -3.68712306023, 18.6592197418, 65.0128173828]],
        "icov": [[0.00060926534934, -0.00113368884195, 0.00110696384218, -0.000907597714104, 0.00100452790502, -0.0013286373578, 0.000944101426285, -0.000974127789959, 0.000477678375319, -0.00143646786455, 0.00130176788662, -0.000410366017604, 0.000337878154824], [-0.00113368884195, 0.0272207856178, -0.0124417310581, 0.0202828533947, -0.0120497355238, 0.0166083630174, -0.0145382042974, 0.0152029227465, -0.0147442957386, 0.0175033453852, -0.0163791161031, 0.0156869906932, -0.0112610701472], [0.00110696384218, -0.0124417310581, 0.0115913972259, -0.0110265994444, 0.00691665615886, -0.00882610306144, 0.00586675154045, -0.00779306562617, 0.00782383047044, -0.0090866079554, 0.010521877557, -0.00892149563879, 0.00607615988702], [-0.000907597714104, 0.0202828533947, -0.0110265994444, 0.0198614299297, -0.00859726686031, 0.012407546863, -0.00950903818011, 0.0102734593675, -0.00925302691758, 0.0137162990868, -0.0139688430354, 0.0130787333474, -0.00806036125869], [0.00100452790502, -0.0120497355238, 0.00691665615886, -0.00859726686031, 0.011150110513, -0.00802727881819, 0.00498539535329, -0.0068812710233, 0.00456992490217, -0.00873421691358, 0.00697774300352, -0.00580862816423, 0.00299530243501], [-0.0013286373578, 0.0166083630174, -0.00882610306144, 0.012407546863, -0.00802727881819, 0.0199183002114, -0.010168209672, 0.00784232933074, -0.00656028790399, 0.00925438851118, -0.00881707761437, 0.00769827421755, -0.00465229060501], [0.000944101426285, -0.0145382042974, 0.00586675154045, -0.00950903818011, 0.00498539535329, -0.010168209672, 0.0183474160731, -0.0067574987188, 0.00789316557348, -0.00463985465467, 0.00562111567706, -0.00620460370556, 0.00343733164482], [-0.000974127789959, 0.0152029227465, -0.00779306562617, 0.0102734593675, -0.0068812710233, 0.00784232933074, -0.0067574987188, 0.020676985383, -0.00565298693255, 0.00813184399158, -0.00825147423893, 0.00894325133413, -0.006644052919], [0.000477678375319, -0.0147442957386, 0.00782383047044, -0.00925302691758, 0.00456992490217, -0.00656028790399, 0.00789316557348, -0.00565298693255, 0.0212195087224, -0.0109489327297, 0.00927503872663, -0.00916005857289, 0.00768832443282], [-0.00143646786455, 0.0175033453852, -0.0090866079554, 0.0137162990868, -0.00873421691358, 0.00925438851118, -0.00463985465467, 0.00813184399158, -0.0109489327297, 0.0279645454139, -0.0159200299531, 0.00953022576869, -0.00969801843166], [0.00130176788662, -0.0163791161031, 0.010521877557, -0.0139688430354, 0.00697774300352, -0.00881707761437, 0.00562111567706, -0.00825147423893, 0.00927503872663, -0.0159200299531, 0.0328835956752, -0.0211894828826, 0.0132667627186], [-0.000410366017604, 0.0156869906932, -0.00892149563879, 0.0130787333474, -0.00580862816423, 0.00769827421755, -0.00620460370556, 0.00894325133413, -0.00916005857289, 0.00953022576869, -0.0211894828826, 0.0408982746303, -0.0174084957689], [0.000337878154824, -0.0112610701472, 0.00607615988702, -0.00806036125869, 0.00299530243501, -0.00465229060501, 0.00343733164482, -0.006644052919, 0.00768832443282, -0.00969801843166, 0.0132667627186, -0.0174084957689, 0.0259261503816]]
    },
    "melbands": {
        "dmean": [0.00113597919699, 0.00124147906899, 0.000758977781516, 0.00051914685173, 0.000308151356876, 0.000237406959059, 0.000299150968203, 0.000162972821272, 0.000147911530803, 0.000109736844024, 0.000125333521282, 8.8540444267e-05, 6.80442972225e-05, 7.44354983908e-05, 7.37993468647e-05, 4.34595240222e-05, 5.80172309128e-05, 2.6562871426e-05, 3.30247275997e-05, 1.55856942001e-05, 1.01757059383e-05, 8.49173102324e-06, 5.27908559889e-06, 4.44611214334e-06, 4.53427765024e-06, 3.89095930586e-06, 2.96310440717e-06, 2.67967811851e-06, 2.00465069611e-06, 2.92979575534e-06, 3.2764264688e-06, 2.59194393948e-06, 1.92477045857e-06, 2.28361068366e-06, 1.84708767392e-06, 1.42498265632e-06, 1.11565668703e-06, 1.30306295887e-06, 1.28000249333e-06, 6.36812387711e-07],
        "dmean2": [0.00183992146049, 0.00199959869497, 0.00125654449221, 0.000889037095476, 0.000504246796481, 0.000401250639698, 0.00048807010171, 0.000245965929935, 0.000243137474172, 0.000171987136127, 0.00019671121845, 0.000137407405418, 0.0001055511093, 0.00011672556866, 0.000113312002213, 7.14992420399e-05, 9.32096299948e-05, 4.21031872975e-05, 5.25186333107e-05, 2.44298389589e-05, 1.65078381542e-05, 1.3659344404e-05, 8.79590515979e-06, 7.59429985919e-06, 7.64720698498e-06, 6.69813834975e-06, 5.02839111505e-06, 4.48414994025e-06, 3.33877528647e-06, 5.21898391526e-06, 5.84081726629e-06, 4.57448413727e-06, 3.42902490047e-06, 4.02213618145e-06, 3.20382559948e-06, 2.34502226704e-06, 1.83645408924e-06, 2.0902025426e-06, 2.01030798053e-06, 1.0329719089e-06],
        "dvar": [3.41836107509e-06, 4.10630218539e-06, 1.73838918727e-06, 1.1777774489e-06, 1.46493519537e-07, 1.57359806963e-07, 2.97901010526e-07, 8.14114926584e-08, 6.16833872868e-08, 4.76880970268e-08, 3.68293200381e-08, 1.83838650969e-08, 1.51514534252e-08, 3.54641187528e-08, 1.52871155734e-08, 6.45858611037e-09, 1.57519703947e-08, 2.87116708186e-09, 2.55590792975e-09, 7.33379357243e-10, 2.27135157904e-10, 2.83043782856e-10, 1.63340077575e-10, 9.59764004382e-11, 1.1383715498e-10, 1.27179031195e-10, 9.83990319781e-11, 8.05566516271e-11, 3.87309108396e-11, 1.01103632411e-10, 1.28828211987e-10, 8.38235036937e-11, 5.02963573568e-11, 1.75569295213e-10, 9.6173534414e-11, 5.11404391057e-11, 1.74947868692e-11, 2.99158961492e-11, 2.52788987659e-11, 1.14242677818e-11],
        "dvar2": [8.91568924999e-06, 1.06446668724e-05, 4.65238781544e-06, 3.13573627864e-06, 3.86744432035e-07, 4.45540848659e-07, 7.80417053647e-07, 1.93200392573e-07, 1.59082148343e-07, 1.14785628114e-07, 8.77539036992e-08, 4.54648159121e-08, 3.65585002271e-08, 8.97425067592e-08, 3.38147074785e-08, 1.56759725201e-08, 3.90068279899e-08, 7.30105575997e-09, 6.40866071322e-09, 1.75455816542e-09, 5.64437441231e-10, 6.931492047e-10, 4.29280166969e-10, 2.5646426649e-10, 3.13439857402e-10, 3.33419403198e-10, 2.65531874266e-10, 2.04384620339e-10, 1.04453251604e-10, 2.85636736486e-10, 3.73818503929e-10, 2.44525594217e-10, 1.42966291583e-10, 5.12433484534e-10, 2.71425104614e-10, 1.47634418579e-10, 4.89690059335e-11, 7.97920549078e-11, 6.54807388867e-11, 3.19728930831e-11],
        "max": [0.0202555432916, 0.0263376869261, 0.0144972437993, 0.0129011701792, 0.00429824786261, 0.00478290300816, 0.00727358553559, 0.0037559135817, 0.00297053530812, 0.00377284199931, 0.0024467757903, 0.00195000937674, 0.00201672990806, 0.00402475660667, 0.00154675357044, 0.000971569039393, 0.00217991624959, 0.000985368504189, 0.000579933519475, 0.000724058772903, 0.000203928633709, 0.000277869548881, 0.000227576427278, 9.95488953777e-05, 0.000139543539262, 0.000239270157181, 0.000213089966564, 0.000169431470567, 7.69906037021e-05, 0.000125966689666, 0.00014201826707, 0.000112689660455, 0.000112501264084, 0.000325090542901, 0.000239583823713, 0.000165647157701, 9.30491078179e-05, 0.000109511878691, 9.35536299949e-05, 7.7940079791e-05],
        "mean": [0.00282362406142, 0.0032199062407, 0.00146793120075, 0.000874553865287, 0.000817623164039, 0.000572140852455, 0.000637971272226, 0.000389523542253, 0.000359934580047, 0.000301855034195, 0.000341733393725, 0.000226599528105, 0.000166540485225, 0.000159171046107, 0.000172136918991, 9.11873867153e-05, 0.000131219203467, 6.6266162321e-05, 7.60545881349e-05, 3.89780689147e-05, 2.57494521065e-05, 1.73785556399e-05, 8.8047427198e-06, 6.98686426404e-06, 6.47258639219e-06, 5.26693747815e-06, 3.79830885322e-06, 3.3960222936e-06, 2.5624015052e-06, 3.21615470966e-06, 3.17993453791e-06, 2.707553449e-06, 2.29173906519e-06, 2.36660525843e-06, 2.0320655949e-06, 1.74204626546e-06, 1.41184466429e-06, 1.35252753353e-06, 1.21970015243e-06, 5.32480157744e-07],
        "median": [0.00222862977535, 0.00258520618081, 0.000881674990524, 0.000595423975028, 0.000580529624131, 0.000359148718417, 0.000378052092856, 0.000170883358805, 0.000196612396394, 0.000186453195056, 0.000200553811737, 0.00013112401939, 0.000109365326352, 8.84496766957e-05, 9.11479000933e-05, 2.86302401946e-05, 4.75424021715e-05, 2.48885662586e-05, 3.90667519241e-05, 1.98108355107e-05, 1.47149894474e-05, 7.74557793193e-06, 4.16829607275e-06, 3.18348998007e-06, 2.71745170721e-06, 1.80265976724e-06, 1.12251541395e-06, 1.00451097751e-06, 8.44907447117e-07, 1.01036073374e-06, 5.78424362629e-07, 4.38702301153e-07, 5.22385903423e-07, 4.23984658937e-07, 3.76091662702e-07, 3.53790397867e-07, 1.95694170202e-07, 1.74280742726e-07, 9.67459925505e-08, 1.71076326438e-08],
        "min": [6.92998796126e-08, 2.58184442714e-08, 5.07746023004e-08, 2.28522747392e-08, 1.86072024455e-09, 1.91459048615e-09, 2.38549824338e-09, 1.37326132688e-08, 1.46809444601e-08, 5.67276225993e-09, 1.78218573232e-09, 1.48511991593e-09, 5.97886540277e-09, 3.14493053821e-09, 3.01379032841e-09, 2.6612139159e-09, 4.2147163537e-10, 9.33048638352e-11, 8.7359577905e-11, 9.08481345707e-11, 1.10667662534e-10, 6.09817335517e-11, 2.92673663083e-11, 2.24401261462e-10, 2.0189329375e-10, 2.34121385473e-11, 7.04880554966e-12, 1.20130468073e-11, 1.99379488613e-11, 1.62666373427e-11, 1.464336985e-11, 1.87169203747e-11, 1.02621123405e-11, 1.12516567244e-11, 2.43912372938e-11, 3.85790462076e-11, 9.26760959641e-11, 5.96169918987e-11, 5.26505184936e-12, 1.5107582069e-13],
        "var": [5.49876858713e-06, 6.798773029e-06, 3.21959078065e-06, 1.14912324989e-06, 5.62430386708e-07, 3.53779967099e-07, 6.44586123144e-07, 2.83767917608e-07, 1.90734823491e-07, 1.29000312654e-07, 1.45326453094e-07, 6.72029756288e-08, 3.63917038726e-08, 5.75688758886e-08, 4.57929658637e-08, 2.11841815201e-08, 4.93396825618e-08, 1.41672744647e-08, 8.81170425515e-09, 3.71910147123e-09, 8.29872948138e-10, 6.71547428777e-10, 2.08363035159e-10, 1.14480314117e-10, 1.25944657481e-10, 1.42584055673e-10, 9.07880992607e-11, 7.99167815257e-11, 3.66342997604e-11, 7.45735487251e-11, 9.23479695492e-11, 6.43072262108e-11, 4.68708821755e-11, 1.24783877675e-10, 7.78130268553e-11, 4.61252910866e-11, 1.90404410988e-11, 2.48887490478e-11, 2.08466577334e-11, 7.81651219445e-12]
    },
    "mfcc": {
        "mean": [-625.293151855, 158.54598999, -0.854450762272, 10.4923915863, 4.24240779877, 17.9317131042, -2.50506448746, 9.54016685486, 0.19230401516, 6.6697101593, -5.22854471207, 3.72474980354, -1.94123625755],
        "cov": [[3018.59155273, -778.966064453, 109.07144928, -157.833908081, 14.4396877289, -91.0171279907, -53.5660667419, -107.327690125, 49.6987304688, 6.72746944427, 120.918556213, -23.1774654388, -17.5653419495], [-778.966064453, 1310.51672363, -473.695007324, -142.870803833, -66.1997299194, 101.434455872, -87.4288787842, 34.8550643921, 49.7514915466, 37.5751647949, -98.2097167969, 45.710773468, 17.1397800446], [109.07144928, -473.695007324, 451.257751465, 69.6202087402, -28.2209606171, -36.2945098877, 50.7087745667, 10.4950122833, -20.020067215, -39.5287742615, 37.099407196, -17.7889842987, -12.160826683], [-157.833908081, -142.870803833, 69.6202087402, 200.396469116, 23.8474617004, -14.3201637268, 22.1810798645, 10.5123825073, -20.7124023438, 5.42313194275, -9.5096988678, -12.9161424637, -5.39986562729], [14.4396877289, -66.1997299194, -28.2209606171, 23.8474617004, 137.872909546, 3.28976774216, 4.11016798019, -9.06453227997, 16.7815551758, 2.35161781311, 9.66550064087, 5.98170804977, 9.48259925842], [-91.0171279907, 101.434455872, -36.2945098877, -14.3201637268, 3.28976774216, 113.180244446, 12.6281461716, 8.28768920898, 6.57378435135, -1.84949886799, -9.90951538086, 12.4130411148, 5.63426733017], [-53.5660667419, -87.4288787842, 50.7087745667, 22.1810798645, 4.11016798019, 12.6281461716, 137.339096069, 26.9827251434, -1.43015539646, -5.36263799667, 1.86611115932, -16.0230636597, -0.638948619366], [-107.327690125, 34.8550643921, 10.4950122833, 10.5123825073, -9.06453227997, 8.28768920898, 26.9827251434, 83.1358032227, 4.15796518326, -0.143511116505, -11.9095220566, 2.98902964592, -15.9764490128], [49.6987304688, 49.7514915466, -20.020067215, -20.7124023438, 16.7815551758, 6.57378435135, -1.43015539646, 4.15796518326, 82.4364242554, 10.6054363251, -16.875421524, -8.59558105469, 6.02753829956], [6.72746944427, 37.5751647949, -39.5287742615, 5.42313194275, 2.35161781311, -1.84949886799, -5.36263799667, -0.143511116505, 10.6054363251, 55.8214492798, 4.21504306793, -3.4792265892, -9.62067985535], [120.918556213, -98.2097167969, 37.099407196, -9.5096988678, 9.66550064087, -9.90951538086, 1.86611115932, -11.9095220566, -16.875421524, 4.21504306793, 67.1911010742, 17.6645298004, -3.79876995087], [-23.1774654388, 45.710773468, -17.7889842987, -12.9161424637, 5.98170804977, 12.4130411148, -16.0230636597, 2.98902964592, -8.59558105469, -3.4792265892, 17.6645298004, 61.7044258118, 12.4172153473], [-17.5653419495, 17.1397800446, -12.160826683, -5.39986562729, 9.48259925842, 5.63426733017, -0.638948619366, -15.9764490128, 6.02753829956, -9.62067985535, -3.79876995087, 12.4172153473, 51.9878387451]],
