{
"lowlevel": {
    "average_loudness": 0.959269821644,
    "barkbands_crest": {
        "dmean": 2.77044773102,
        "dmean2": 4.54312467575,
        "dvar": 6.14315795898,
        "dvar2": 17.0102519989,
        "max": 25.0705413818,
        "mean": 11.184047699,
        "median": 10.0789413452,
        "min": 3.07775974274,
        "var": 21.2151622772
    },
    "barkbands_flatness_db": {
        "dmean": 0.0220342576504,
        "dmean2": 0.0341557785869,
        "dvar": 0.000371137837647,
        "dvar2": 0.000923324259929,
        "max": 0.287569314241,
        "mean": 0.141134157777,
        "median": 0.138367205858,
        "min": 0.0240285117179,
        "var": 0.00236633978784
    },
    "barkbands_kurtosis": {
        "dmean": 3.65309691429,
        "dmean2": 5.98683452606,
        "dvar": 23.7741031647,
        "dvar2": 64.0839233398,
        "max": 50.5988121033,
        "mean": 7.31026268005,
        "median": 5.33031654358,
        "min": -1.88153886795,
        "var": 62.9853591919
    },
    "barkbands_skewness": {
        "dmean": 0.545028328896,
        "dmean2": 0.87669056654,
        "dvar": 0.312890380621,
        "dvar2": 0.796206593513,
        "max": 6.09873247147,
        "mean": 1.98139929771,
        "median": 1.91095650196,
        "min": -1.95223271847,
        "var": 1.49355661869
    },
    "barkbands_spread": {
        "dmean": 4.90646266937,
        "dmean2": 7.5297369957,
        "dvar": 48.0250091553,
        "dvar2": 96.4362640381,
        "max": 100.959762573,
        "mean": 18.3220844269,
        "median": 13.6096086502,
        "min": 2.12905573845,
        "var": 237.108886719
    },
    "dissonance": {
        "dmean": 0.0237734802067,
        "dmean2": 0.0389865487814,
        "dvar": 0.000662618491333,
        "dvar2": 0.00179210072383,
        "max": 0.499388039112,
        "mean": 0.448679298162,
        "median": 0.460979431868,
        "min": 0.294059306383,
        "var": 0.0015741266543
    },
    "dynamic_complexity": 3.53329873085,
    "erbbands_crest": {
        "dmean": 2.39932346344,
        "dmean2": 3.77342772484,
        "dvar": 5.87039661407,
        "dvar2": 13.8136739731,
        "max": 32.7397193909,
        "mean": 10.8239965439,
        "median": 8.81514453888,
        "min": 2.21517300606,
        "var": 44.9106140137
    },
    "erbbands_flatness_db": {
        "dmean": 0.0163749568164,
        "dmean2": 0.022699419409,
        "dvar": 0.000214983665501,
        "dvar2": 0.000413570873206,
        "max": 0.329500496387,
        "mean": 0.148422017694,
        "median": 0.139209672809,
        "min": 0.0531615577638,
        "var": 0.00281252176501
    },
    "erbbands_kurtosis": {
        "dmean": 1.36170470715,
        "dmean2": 2.07461261749,
        "dvar": 4.18927192688,
        "dvar2": 9.88235759735,
        "max": 26.8172626495,
        "mean": 1.54677724838,
        "median": 0.383915424347,
        "min": -1.64628112316,
        "var": 12.3033304214
    },
    "erbbands_skewness": {
        "dmean": 0.401367694139,
        "dmean2": 0.606171786785,
        "dvar": 0.146764054894,
        "dvar2": 0.322248309851,
        "max": 4.63859796524,
        "mean": 0.822723150253,
        "median": 0.797427594662,
        "min": -2.13888192177,
        "var": 0.864411592484
    },
    "erbbands_spread": {
        "dmean": 8.07974815369,
        "dmean2": 12.3381462097,
        "dvar": 68.2378845215,
        "dvar2": 150.309539795,
        "max": 111.879959106,
        "mean": 42.1996078491,
        "median": 40.9513969421,
        "min": 3.61044406891,
        "var": 529.102416992
    },
    "hfc": {
        "dmean": 6.83669090271,
        "dmean2": 10.3175611496,
        "dvar": 217.201934814,
        "dvar2": 548.599914551,
        "max": 166.540603638,
        "mean": 18.7578601837,
        "median": 10.794547081,
        "min": 1.20271544905e-16,
        "var": 548.20111084
    },
    "melbands_crest": {
        "dmean": 3.36244177818,
        "dmean2": 5.55902433395,
        "dvar": 8.39188766479,
        "dvar2": 23.2648963928,
        "max": 29.7119159698,
        "mean": 14.8300933838,
        "median": 14.2102584839,
        "min": 2.63447952271,
        "var": 21.9451065063
    },
    "melbands_flatness_db": {
        "dmean": 0.0256928373128,
        "dmean2": 0.0400437116623,
        "dvar": 0.000608709233347,
        "dvar2": 0.00143241416663,
        "max": 0.370999932289,
        "mean": 0.216622501612,
        "median": 0.219912841916,
        "min": 0.00863067433238,
        "var": 0.00340692000464
    },
    "melbands_kurtosis": {
        "dmean": 7.93676900864,
        "dmean2": 13.3509607315,
        "dvar": 120.158607483,
        "dvar2": 320.47958374,
        "max": 101.809913635,
        "mean": 17.8836669922,
        "median": 12.5303983688,
        "min": -1.2925144434,
        "var": 298.711242676
    },
    "melbands_skewness": {
        "dmean": 0.750762879848,
        "dmean2": 1.21623206139,
        "dvar": 0.565283179283,
        "dvar2": 1.44838094711,
        "max": 8.60547447205,
        "mean": 2.90681505203,
        "median": 2.91719150543,
        "min": -0.887798249722,
        "var": 3.05830788612
    },
    "melbands_spread": {
        "dmean": 5.30198764801,
        "dmean2": 8.10348701477,
        "dvar": 68.2703323364,
        "dvar2": 139.169265747,
        "max": 146.97644043,
        "mean": 17.0590991974,
        "median": 12.3870067596,
        "min": 2.1870777607,
        "var": 234.926193237
    },
    "pitch_salience": {
        "dmean": 0.0739622488618,
        "dmean2": 0.12137106806,
        "dvar": 0.00421670870855,
        "dvar2": 0.0118582537398,
        "max": 0.798849701881,
        "mean": 0.535799324512,
        "median": 0.550357878208,
        "min": 0.151319995522,
        "var": 0.0149406054989
    },
    "silence_rate_20dB": {
        "dmean": 0,
        "dmean2": 0,
        "dvar": 0,
        "dvar2": 0,
        "max": 1,
        "mean": 1,
        "median": 1,
        "min": 1,
        "var": 0
    },
    "silence_rate_30dB": {
        "dmean": 0.00928792543709,
        "dmean2": 0.018590239808,
        "dvar": 0.00920163746923,
        "dvar2": 0.0275397598743,
        "max": 1,
        "mean": 0.99535959959,
        "median": 1,
        "min": 0,
        "var": 0.00461881561205
    },
    "silence_rate_60dB": {
        "dmean": 0.0108359130099,
        "dmean2": 0.0216886140406,
        "dvar": 0.0107183866203,
        "dvar2": 0.0274154338986,
        "max": 1,
        "mean": 0.0587780363858,
        "median": 0,
        "min": 0,
        "var": 0.0553240068257
    },
    "spectral_centroid": {
        "dmean": 208.475357056,
        "dmean2": 318.792877197,
        "dvar": 150608.6875,
        "dvar2": 241908.109375,
        "max": 11300.2333984,
        "mean": 1022.68640137,
        "median": 865.674316406,
        "min": 278.347564697,
        "var": 396548
    },
    "spectral_complexity": {
        "dmean": 3.52321982384,
        "dmean2": 5.33694791794,
        "dvar": 26.0048942566,
        "dvar2": 47.3404769897,
        "max": 60,
        "mean": 15.3147716522,
        "median": 13,
        "min": 0,
        "var": 99.5057067871
    },
    "spectral_decrease": {
        "dmean": 2.92714386063e-09,
        "dmean2": 4.96277774431e-09,
        "dvar": 3.00552833023e-17,
        "dvar2": 8.19614226054e-17,
        "max": 3.86969520377e-29,
        "mean": -6.25673601817e-09,
        "median": -5.03754993275e-09,
        "min": -4.11680716184e-08,
        "var": 3.47932580457e-17
    },
    "spectral_energy": {
        "dmean": 0.0115400440991,
        "dmean2": 0.0194858144969,
        "dvar": 0.000460947572719,
        "dvar2": 0.00125417171512,
        "max": 0.158940955997,
        "mean": 0.0253157801926,
        "median": 0.0203145220876,
        "min": 1.07629316261e-20,
        "var": 0.000553245947231
    },
    "spectral_energyband_high": {
        "dmean": 0.000448291742941,
        "dmean2": 0.00066378666088,
        "dvar": 1.4481213384e-06,
        "dvar2": 3.63573894901e-06,
        "max": 0.0174248646945,
        "mean": 0.00101891963277,
        "median": 0.000258023588685,
        "min": 7.69625886364e-21,
        "var": 4.46145304522e-06
    },
    "spectral_energyband_low": {
        "dmean": 0.00666439626366,
        "dmean2": 0.0118603855371,
        "dvar": 0.000282012042589,
        "dvar2": 0.000792435952462,
        "max": 0.133568912745,
        "mean": 0.00847875885665,
        "median": 0.0039021500852,
        "min": 1.32051831924e-22,
        "var": 0.000242216745391
    },
    "spectral_energyband_middle_high": {
        "dmean": 0.00144594162703,
        "dmean2": 0.00220588524826,
        "dvar": 1.12637044367e-05,
        "dvar2": 2.64583886747e-05,
        "max": 0.0533282719553,
        "mean": 0.00331273116171,
        "median": 0.00140179134905,
        "min": 1.53590365015e-21,
        "var": 3.26092958858e-05
    },
    "spectral_energyband_middle_low": {
        "dmean": 0.00613562297076,
        "dmean2": 0.0100673167035,
        "dvar": 8.49476418807e-05,
        "dvar2": 0.000219675435801,
        "max": 0.105993725359,
        "mean": 0.014272024855,
        "median": 0.0110891386867,
        "min": 3.56975488292e-22,
        "var": 0.000144987134263
    },
    "spectral_entropy": {
        "dmean": 0.171681001782,
        "dmean2": 0.243290320039,
        "dvar": 0.032999843359,
        "dvar2": 0.0595424883068,
        "max": 9.78814125061,
        "mean": 7.39089536667,
        "median": 7.45694494247,
        "min": 5.86157464981,
        "var": 0.298405349255
    },
    "spectral_flux": {
        "dmean": 0.0268470011652,
        "dmean2": 0.0419668704271,
        "dvar": 0.00147777236998,
        "dvar2": 0.00311629218049,
        "max": 0.336705952883,
        "mean": 0.0776135623455,
        "median": 0.064445450902,
        "min": 1.03744547675e-10,
        "var": 0.00319058238529
    },
    "spectral_kurtosis": {
        "dmean": 1.431199193,
        "dmean2": 2.35639238358,
        "dvar": 3.24309802055,
        "dvar2": 8.93180751801,
        "max": 24.8973121643,
        "mean": 4.85674571991,
        "median": 3.92243432999,
        "min": -1.24528408051,
        "var": 11.6775999069
    },
    "spectral_rms": {
        "dmean": 0.000951354915742,
        "dmean2": 0.00153569120448,
        "dvar": 1.82950839189e-06,
        "dvar2": 4.71376552014e-06,
        "max": 0.0124524841085,
        "mean": 0.00452644005418,
        "median": 0.00445185881108,
        "min": 3.24043526387e-12,
        "var": 4.20966716774e-06
    },
    "spectral_rolloff": {
        "dmean": 389.347137451,
        "dmean2": 632.169555664,
        "dvar": 1007614.3125,
        "dvar2": 1665340.25,
        "max": 18776.953125,
        "mean": 1173.53430176,
        "median": 645.99609375,
        "min": 86.1328125,
        "var": 2808429.25
    },
    "spectral_skewness": {
        "dmean": 0.213923066854,
        "dmean2": 0.340093940496,
        "dvar": 0.0519273839891,
        "dvar2": 0.117378160357,
        "max": 3.94832873344,
        "mean": 1.72959375381,
        "median": 1.66793882847,
        "min": -0.0473416522145,
        "var": 0.315406471491
    },
    "spectral_spread": {
        "dmean": 612427.25,
        "dmean2": 856518.125,
        "dvar": 1.35967093555e+12,
        "dvar2": 1.7022362583e+12,
        "max": 41690056,
        "mean": 5216525.5,
        "median": 5038203.5,
        "min": 2364126.25,
        "var": 3.20449517978e+12
    },
    "spectral_strongpeak": {
        "dmean": 0.457132428885,
        "dmean2": 0.735883831978,
        "dvar": 0.518699526787,
        "dvar2": 1.20706343651,
        "max": 9.23886108398,
        "mean": 1.10516571999,
        "median": 0.495914489031,
        "min": 2.74125588895e-09,
        "var": 1.82454025745
    },
    "zerocrossingrate": {
        "dmean": 0.0102440798655,
        "dmean2": 0.0118242735043,
        "dvar": 0.000363131781342,
        "dvar2": 0.000358653778676,
        "max": 0.5078125,
        "mean": 0.0555666312575,
        "median": 0.04345703125,
        "min": 0.01171875,
        "var": 0.00168374332134
    },
    "barkbands": {
        "dmean": [0.000114822549222, 0.00400536227971, 0.0023643958848, 0.0026222334709, 0.00231303321198, 0.000686537357979, 0.000707403058186, 0.000664316874463, 0.00146765250247, 0.000314277567668, 0.000292183656711, 0.000119464006275, 0.000194182386622, 0.000152439752128, 0.000201069720788, 0.000210936341318, 0.000195373577299, 0.000191409664694, 0.000180698509212, 0.000157448113896, 0.000130225365865, 0.000111616100185, 6.46283078822e-05, 6.98938820278e-05, 6.08281188761e-05, 2.95550435112e-05, 2.55345139522e-06],
        "dmean2": [0.000173996202648, 0.00731997191906, 0.00411001825705, 0.00453187292442, 0.00397892575711, 0.00108057749458, 0.00110942753963, 0.00099927757401, 0.00213636993431, 0.000458892784081, 0.000455785542727, 0.00017967466556, 0.000289093179163, 0.000231064128457, 0.0003261626116, 0.000356189935701, 0.000318441248965, 0.000316126854159, 0.000318212958518, 0.000258743733866, 0.000220470072236, 0.000177257039468, 9.49683308136e-05, 9.57679731073e-05, 7.98007749836e-05, 4.06533581554e-05, 3.84536315323e-06],
        "dvar": [1.22525449342e-07, 0.000161005475093, 2.25644562306e-05, 3.04584973492e-05, 1.4371132238e-05, 2.0870058961e-06, 2.54377323472e-06, 2.93320408673e-06, 1.2797522686e-05, 1.7068048237e-06, 7.76224226229e-07, 1.09693665706e-07, 6.3166282871e-07, 3.91029601587e-07, 2.38465332814e-07, 3.16053103688e-07, 4.62521825284e-07, 3.64850166079e-07, 4.12075280565e-07, 2.32670714695e-07, 2.11748201195e-07, 1.39898162388e-07, 2.68931863445e-08, 7.72155885898e-08, 6.29930312357e-08, 5.47380185623e-09, 2.89569999923e-11],
        "dvar2": [2.44197252641e-07, 0.000476211978821, 6.19344209554e-05, 8.17204927444e-05, 4.0270449972e-05, 4.7129219638e-06, 5.16368891113e-06, 6.01924057264e-06, 2.6340572731e-05, 2.85808346234e-06, 1.88221918052e-06, 2.2076262951e-07, 8.93477476893e-07, 8.12487485291e-07, 5.81925178267e-07, 8.12931261862e-07, 1.19315313896e-06, 8.84580856564e-07, 1.18241860037e-06, 5.63914454688e-07, 5.7522095176e-07, 3.84684454957e-07, 5.93780882241e-08, 1.58122873017e-07, 1.03607909807e-07, 1.10088205219e-08, 6.59590576602e-11],
        "max": [0.00367744639516, 0.0978594720364, 0.0568622723222, 0.0565727651119, 0.0334465429187, 0.0218534320593, 0.0258649718016, 0.0273701474071, 0.0540357045829, 0.0416669026017, 0.0192701071501, 0.00861720740795, 0.0241115894169, 0.0162166133523, 0.00649261008948, 0.00930216070265, 0.0115556707606, 0.00925929937512, 0.00774713978171, 0.0087253767997, 0.00787262246013, 0.00546683277935, 0.00354515342042, 0.00898184254766, 0.00687718298286, 0.00153621670324, 5.06888209202e-05],
        "mean": [0.000119476855616, 0.00346879311837, 0.00317647564225, 0.00314886006527, 0.00399095844477, 0.00134579220321, 0.00131113757379, 0.00108790933155, 0.0032878825441, 0.000708777748514, 0.000479601614643, 0.000202601600904, 0.000289393676212, 0.00026107794838, 0.000282121909549, 0.000292442040518, 0.000272226869129, 0.000278299907222, 0.000210219513974, 0.000235614192206, 0.000202963245101, 0.000179696566192, 0.000131778477225, 0.000160991039593, 0.000137794093462, 4.97941036883e-05, 3.09993561132e-06],
        "median": [7.7527929534e-06, 0.000819080916699, 0.00168114108965, 0.0015418024268, 0.00208146567456, 0.000714979309123, 0.000491344020702, 0.000364003964933, 0.00032899674261, 9.43087652558e-05, 0.000174508080818, 5.54971811653e-05, 5.65734735574e-05, 7.69828839111e-05, 9.96212911559e-05, 8.53095261846e-05, 0.000105259998236, 7.80877599027e-05, 5.3726897022e-05, 6.25469911029e-05, 4.87098805024e-05, 3.24316533806e-05, 3.1536892493e-05, 2.9456379707e-05, 2.48070264206e-05, 1.23834979604e-05, 5.23533515207e-07],
        "min": [1.66381304093e-23, 8.52841626711e-23, 2.21776221263e-23, 4.38847612978e-23, 4.26614021168e-23, 7.18694820036e-23, 2.08238484605e-23, 2.05903519434e-23, 1.46364419318e-22, 1.88437823448e-23, 3.02967047805e-23, 4.72503385312e-23, 9.54211767645e-23, 7.27990630726e-23, 9.43105489624e-23, 1.40029310891e-22, 2.51228368403e-22, 3.51869879539e-22, 3.08479349065e-22, 3.77144629533e-22, 3.76710768657e-22, 4.7959653227e-22, 6.44079609833e-22, 8.459300566e-22, 9.9598866736e-22, 1.78659521448e-21, 2.5168401951e-21],
        "var": [1.56645441507e-07, 0.000110475019028, 2.29608740483e-05, 3.15461111313e-05, 2.51791971095e-05, 4.57866326542e-06, 6.39148902337e-06, 7.30309830033e-06, 5.36765510333e-05, 8.44296300784e-06, 1.76566948085e-06, 2.82165444787e-07, 1.67476957813e-06, 7.98283281256e-07, 3.60758320994e-07, 4.24024307222e-07, 4.89311901219e-07, 4.28606426794e-07, 3.04346940538e-07, 3.92853195308e-07, 2.93969492304e-07, 1.91805355598e-07, 8.58483346633e-08, 3.26429812958e-07, 2.9562392001e-07, 1.64069149378e-08, 4.02024316615e-11]
    },
    "erbbands": {
        "dmean": [0.101088263094, 0.949934720993, 2.44751834869, 5.9325838089, 9.57032871246, 7.26380729675, 5.93238353729, 4.66996240616, 7.08036851883, 14.0475072861, 18.5409469604, 34.7222099304, 11.23250103, 13.3816299438, 6.01890182495, 4.36219835281, 7.87221908569, 7.73716163635, 8.11563968658, 11.6505594254, 10.1126909256, 10.4069261551, 10.6607084274, 8.81317520142, 8.36606311798, 8.43768692017, 5.68261909485, 5.11027908325, 4.2423377037, 2.81856656075, 1.6776432991, 1.18015289307, 1.38466393948, 0.755839884281, 0.429709136486, 0.167385593057, 0.0480768568814, 0.00944017153233, 0.000232457008678, 1.64041430253e-05],
        "dmean2": [0.184460446239, 1.75029635429, 4.23927021027, 10.1995849609, 16.7843761444, 11.9527692795, 9.51330757141, 7.39557743073, 10.9945240021, 21.7871761322, 28.0413742065, 49.8777656555, 16.2715854645, 19.8586006165, 9.48115444183, 6.59339427948, 11.9742422104, 11.679312706, 12.9726305008, 19.2125530243, 17.0647678375, 17.0301170349, 17.535074234, 14.8642282486, 14.3872251511, 13.9503030777, 9.76493930817, 8.57314395905, 6.91096782684, 4.34725666046, 2.39642429352, 1.67261517048, 1.92348468304, 1.04104697704, 0.586096525192, 0.229901611805, 0.066375143826, 0.0133061194792, 0.000330443464918, 2.53492817137e-05],
        "dvar": [0.112773247063, 8.6351852417, 26.35638237, 142.623077393, 383.552703857, 151.292526245, 125.25718689, 116.101127625, 230.22857666, 1074.12194824, 1945.48205566, 8780.82226562, 1251.43310547, 1604.52355957, 227.12020874, 137.024642944, 630.744262695, 985.330078125, 493.189422607, 1023.44348145, 678.185546875, 1288.27514648, 985.178405762, 1128.49682617, 628.036560059, 827.061462402, 315.492553711, 406.051239014, 215.767868042, 70.4976577759, 18.8514194489, 9.35032939911, 48.0444030762, 10.771654129, 2.73602795601, 0.223323717713, 0.0160847026855, 0.000404069200158, 2.51614579838e-07, 7.81855691301e-10],
        "dvar2": [0.329495370388, 25.5526943207, 72.3937759399, 390.644775391, 1093.72973633, 417.889862061, 306.183135986, 239.653808594, 480.517181396, 2187.17529297, 4416.10058594, 17570.7226562, 2342.88061523, 3268.40429688, 549.728881836, 279.020996094, 1172.41809082, 2097.52001953, 1194.61535645, 2558.81420898, 1811.4576416, 3402.45654297, 2490.78369141, 3103.76025391, 1764.82519531, 1988.03039551, 889.530761719, 1056.03210449, 598.043762207, 177.703567505, 39.4844436646, 18.7181911469, 100.791801453, 16.9427604675, 4.82977437973, 0.472461551428, 0.0338189713657, 0.000796186213847, 5.15816111601e-07, 1.81944692645e-09],
        "max": [2.68217778206, 21.7275447845, 58.0630111694, 143.459915161, 181.159820557, 156.594177246, 157.054229736, 216.332580566, 204.044372559, 521.794677734, 757.263916016, 1601.84155273, 846.247314453, 734.608825684, 304.165924072, 322.794036865, 497.659515381, 888.364990234, 408.661712646, 648.52520752, 319.267333984, 609.090637207, 398.490783691, 387.305328369, 309.57522583, 601.061645508, 261.849182129, 393.57800293, 198.405639648, 138.94619751, 96.8040390015, 72.1732711792, 254.032745361, 110.008209229, 47.9474868774, 12.1202764511, 2.51512527466, 0.207694292068, 0.0055920984596, 0.000310180796077],
        "mean": [0.0872661992908, 0.843621015549, 3.29506397247, 7.96709442139, 11.8951454163, 14.1003055573, 12.2754116058, 9.28156089783, 14.268245697, 24.8667984009, 36.6832466125, 78.9319610596, 25.4565544128, 26.7545490265, 11.061214447, 8.02984523773, 12.3675394058, 14.9689769745, 13.1082735062, 16.4878425598, 15.3979206085, 15.4142694473, 15.8372058868, 11.7300291061, 9.79814243317, 11.9765605927, 9.32447814941, 7.66000843048, 6.54100751877, 5.10604810715, 3.56064772606, 2.7894692421, 3.03377723694, 1.79460263252, 0.834430098534, 0.281890630722, 0.080701969564, 0.0139490589499, 0.000351652357494, 4.17772098444e-05],
        "median": [0.00894298218191, 0.251090228558, 1.72052872181, 4.21557664871, 6.09982252121, 6.02397632599, 6.98725891113, 5.08419799805, 5.66209697723, 10.6769332886, 9.61072349548, 7.21501255035, 6.17306613922, 6.37794923782, 4.6895070076, 2.37363982201, 2.9091193676, 4.17990159988, 4.56810092926, 5.28963756561, 4.95596981049, 6.18565607071, 5.21777820587, 3.00472593307, 2.8321146965, 3.07508850098, 2.61756420135, 1.54499983788, 1.26710247993, 0.832407414913, 0.92299759388, 0.688008010387, 0.437329828739, 0.265172511339, 0.160334557295, 0.0643635988235, 0.0187180209905, 0.00300277257338, 8.69365903782e-05, 2.86778595182e-05],
        "min": [1.73938493115e-21, 2.10776250642e-20, 3.76033301475e-20, 7.05252251558e-20, 1.66526113913e-19, 1.11765296872e-19, 1.66356270469e-19, 7.05113414462e-19, 4.86252487921e-19, 4.19570925503e-19, 7.14284831203e-19, 4.41166729461e-18, 1.18357334403e-18, 8.01162473566e-19, 1.08080432132e-18, 1.99084113429e-18, 4.33265458891e-18, 3.29350997836e-18, 4.54635463221e-18, 5.81592136252e-18, 9.36498899793e-18, 1.44267842716e-17, 1.6332434695e-17, 1.74412124035e-17, 1.45867659652e-17, 2.02780448579e-17, 1.73879088848e-17, 1.5430210603e-17, 1.69159527146e-17, 1.68529612565e-17, 1.78769000127e-17, 1.76497347098e-17, 1.41972813563e-17, 1.05557742195e-17, 7.72887289559e-18, 6.5714821961e-18, 3.4896814441e-18, 1.27490762873e-18, 3.8942512941e-19, 3.58358422801e-20],
        "var": [0.0860749036074, 5.67976808548, 25.5594825745, 161.227493286, 341.838348389, 393.094024658, 261.097991943, 253.248687744, 641.654418945, 2390.90136719, 5296.37988281, 38332.1757812, 4945.43603516, 5468.95605469, 507.504394531, 364.282470703, 1539.12109375, 3152.13598633, 939.922668457, 1310.31298828, 993.610473633, 1357.08654785, 1157.13269043, 954.754943848, 520.132995605, 1280.14892578, 547.099914551, 476.516204834, 250.402816772, 164.054855347, 66.3447799683, 38.2148971558, 196.395507812, 61.3595123291, 9.06533622742, 0.693710505962, 0.0436955653131, 0.000743654440157, 4.53983972193e-07, 1.88616611219e-09]
    },
    "gfcc": {
        "mean": [-14.3170289993, 88.7596435547, -97.2273330688, 29.5516719818, -63.0988121033, 7.83228206635, -43.7823066711, 11.0328741074, -27.6370639801, -0.705223441124, -27.7089500427, -5.25116729736, -15.9663286209],
        "cov": [[9790.296875, -1230.11218262, -173.496002197, 818.980651855, -76.6771469116, 57.9157676697, -172.841629028, 262.35357666, -48.9696006775, 179.076293945, -146.706970215, 166.621276855, -96.864944458], [-1230.11218262, 883.919494629, -39.649105072, -209.727676392, 90.6722412109, -79.3533477783, 109.95500946, -21.1749038696, 89.0122909546, -53.2217674255, 36.6572799683, -77.5799560547, 61.5111198425], [-173.496002197, -39.649105072, 481.852661133, 68.6208572388, 41.6439094543, 29.2801971436, -26.8995418549, -37.8866233826, -56.5758285522, 84.3817520142, 37.6418151855, 92.7336730957, -37.5849494934], [818.980651855, -209.727676392, 68.6208572388, 410.202026367, 57.5778961182, -31.7677707672, -73.3654098511, -14.5122327805, -22.825258255, 22.6940555573, 9.33786010742, 57.13671875, -3.282330513], [-76.6771469116, 90.6722412109, 41.6439094543, 57.5778961182, 215.984176636, 32.566318512, 40.5345230103, -2.41064238548, 11.7531166077, 30.7728385925, 1.96768689156, 36.1325149536, 25.3812007904], [57.9157676697, -79.3533477783, 29.2801971436, -31.7677707672, 32.566318512, 183.059967041, 56.2169914246, -5.0082616806, -16.3498210907, 32.0653800964, 29.0023727417, 6.18312072754, 4.73913383484], [-172.841629028, 109.95500946, -26.8995418549, -73.3654098511, 40.5345230103, 56.2169914246, 140.648422241, 30.6757717133, 20.5047912598, -2.45197749138, 4.59511184692, 0.287051588297, 8.39888763428], [262.35357666, -21.1749038696, -37.8866233826, -14.5122327805, -2.41064238548, -5.0082616806, 30.6757717133, 138.766418457, 73.7266998291, -10.7944288254, -15.0376358032, -35.5022964478, 13.9405899048], [-48.9696006775, 89.0122909546, -56.5758285522, -22.825258255, 11.7531166077, -16.3498210907, 20.5047912598, 73.7266998291, 128.249481201, -8.0567407608, -27.1110286713, -58.739730835, 9.61335945129], [179.076293945, -53.2217674255, 84.3817520142, 22.6940555573, 30.7728385925, 32.0653800964, -2.45197749138, -10.7944288254, -8.0567407608, 86.4678039551, 33.33644104, 32.3938827515, -6.5564622879], [-146.706970215, 36.6572799683, 37.6418151855, 9.33786010742, 1.96768689156, 29.0023727417, 4.59511184692, -15.0376358032, -27.1110286713, 33.33644104, 90.4193725586, 30.3296127319, 11.9127378464], [166.621276855, -77.5799560547, 92.7336730957, 57.13671875, 36.1325149536, 6.18312072754, 0.287051588297, -35.5022964478, -58.739730835, 32.3938827515, 30.3296127319, 118.445770264, 1.83931159973], [-96.864944458, 61.5111198425, -37.5849494934, -3.282330513, 25.3812007904, 4.73913383484, 8.39888763428, 13.9405899048, 9.61335945129, -6.5564622879, 11.9127378464, 1.83931159973, 78.2104644775]],
        "icov": [[0.000198903566343, -0.000100482240668, 0.000311500392854, -0.000432263972471, 0.000290582800517, -0.000315585988574, 0.000249179691309, -0.000757880916353, 0.000420840893639, -0.000808352255262, 0.000776485539973, -0.000454048335087, 0.000262990797637], [-0.000100482240668, 0.00307792657986, -0.00102655030787, 0.00149481522385, -0.00188453146257, 0.00285577611066, -0.00259680463932, 0.00317600369453, -0.00253166537732, 0.00275207869709, -0.00376813742332, 0.00260822102427, -0.00176997296512], [0.000311500392854, -0.00102655030787, 0.00365590048023, -0.00105246133171, 0.000669499102514, -0.00147862976883, 0.00170587305911, -0.00223012710921, 0.00171949726064, -0.00389422592707, 0.00215646415018, -0.00293329334818, 0.00219523021951], [-0.000432263972471, 0.00149481522385, -0.00105246133171, 0.00460045039654, -0.00242943433113, 0.00197785208002, 0.000389575347072, 0.00232186936773, -0.0019282840658, 0.00285100680776, -0.00329351401888, 0.000645337218884, -0.000848345109262], [0.000290582800517, -0.00188453146257, 0.000669499102514, -0.00242943433113, 0.00772743532434, -0.0025296935346, -0.000391540699638, -0.00163914798759, 0.000443606026238, -0.00431820936501, 0.00462121376768, -0.00347779947333, -0.000997044378892], [-0.000315585988574, 0.00285577611066, -0.00147862976883, 0.00197785208002, -0.0025296935346, 0.0101636135951, -0.00557337002829, 0.00379423703998, -0.000980396871455, 0.000887492671609, -0.00542154535651, 0.00460377894342, -0.00222471426241], [0.000249179691309, -0.00259680463932, 0.00170587305911, 0.000389575347072, -0.000391540699638, -0.00557337002829, 0.0130385151133, -0.00533451559022, 0.001235513133, -0.00102901621722, 0.00293052312918, -0.00469210650772, 0.00262837670743], [-0.000757880916353, 0.00317600369453, -0.00223012710921, 0.00232186936773, -0.00163914798759, 0.00379423703998, -0.00533451559022, 0.0164906065911, -0.00970163848251, 0.00564433820546, -0.00588078517467, 0.00424329051748, -0.0040136394091], [0.000420840893639, -0.00253166537732, 0.00171949726064, -0.0019282840658, 0.000443606026238, -0.000980396871455, 0.001235513133, -0.00970163848251, 0.0176814980805, -0.00649250857532, 0.00628990493715, 0.00325653981417, 0.00101749284659], [-0.000808352255262, 0.00275207869709, -0.00389422592707, 0.00285100680776, -0.00431820936501, 0.000887492671609, -0.00102901621722, 0.00564433820546, -0.00649250857532, 0.0232143141329, -0.0110834622756, 0.00084874953609, -5.30151228304e-05], [0.000776485539973, -0.00376813742332, 0.00215646415018, -0.00329351401888, 0.00462121376768, -0.00542154535651, 0.00293052312918, -0.00588078517467, 0.00628990493715, -0.0110834622756, 0.0218498371542, -0.00599304353818, -0.000503730494529], [-0.000454048335087, 0.00260822102427, -0.00293329334818, 0.000645337218884, -0.00347779947333, 0.00460377894342, -0.00469210650772, 0.00424329051748, 0.00325653981417, 0.00084874953609, -0.00599304353818, 0.0178465023637, -0.00323500623927], [0.000262990797637, -0.00176997296512, 0.00219523021951, -0.000848345109262, -0.000997044378892, -0.00222471426241, 0.00262837670743, -0.0040136394091, 0.00101749284659, -5.30151228304e-05, -0.000503730494529, -0.00323500623927, 0.0164379402995]]
    },
    "melbands": {
        "dmean": [0.00102869141847, 0.00125206215307, 0.00110893195961, 0.000601940089837, 0.000221290014451, 0.000111246772576, 0.000117524825328, 0.000150925043272, 0.000194708161871, 0.000200640119147, 5.26109724888e-05, 5.53642275918e-05, 2.7292944651e-05, 1.22466944958e-05, 1.60471736308e-05, 1.94477979676e-05, 1.44902205648e-05, 1.24881535157e-05, 1.62650430866e-05, 1.59727132996e-05, 1.24925099954e-05, 1.20193690236e-05, 9.91933757177e-06, 9.76447063294e-06, 7.21671767678e-06, 7.03882506059e-06, 4.86094086227e-06, 6.38595975033e-06, 3.84188206226e-06, 2.9860543691e-06, 3.18185016113e-06, 2.5597585136e-06, 2.16939565689e-06, 1.49265497384e-06, 1.06167942704e-06, 8.69986308771e-07, 7.56541624014e-07, 9.98073915071e-07, 9.52952404987e-07, 6.43457610749e-07],
        "dmean2": [0.00188476382755, 0.00222627492622, 0.00191399559844, 0.00103723315988, 0.000352456991095, 0.000173987500602, 0.000182449293789, 0.000233207509154, 0.000288600975182, 0.000287196540739, 7.73362844484e-05, 8.20755958557e-05, 4.31071202911e-05, 1.89333459275e-05, 2.43422528001e-05, 2.915029836e-05, 2.18401892198e-05, 1.99004334718e-05, 2.7145315471e-05, 2.65482594841e-05, 2.07168432098e-05, 1.94969306904e-05, 1.6439895262e-05, 1.63995046023e-05, 1.23049530885e-05, 1.24833622976e-05, 8.03959665063e-06, 1.05399440145e-05, 6.46172384222e-06, 5.12147244081e-06, 5.4026700127e-06, 4.22113907916e-06, 3.47151717506e-06, 2.29601823776e-06, 1.58404998274e-06, 1.25843939713e-06, 1.0805082411e-06, 1.39447479341e-06, 1.39944143029e-06, 8.91347553988e-07],
        "dvar": [1.13218193292e-05, 8.95990888239e-06, 5.21152924193e-06, 1.07764333279e-06, 1.35952490155e-07, 5.63661615161e-08, 6.37993053942e-08, 1.15904562392e-07, 1.99039590143e-07, 2.7987869089e-07, 3.55842537658e-08, 2.98156379586e-08, 5.62745228194e-09, 8.64214533269e-10, 2.4262842846e-09, 7.02776148387e-09, 3.0615698865e-09, 1.21490739691e-09, 1.67032998544e-09, 2.32655272825e-09, 1.13444387217e-09, 1.83615223026e-09, 7.29453442094e-10, 1.15383225197e-09, 7.94093568679e-10, 5.43736222713e-10, 1.69767977454e-10, 5.2192999922e-10, 1.24703622428e-10, 9.49687203877e-11, 1.62219862543e-10, 7.04067429358e-11, 6.0518673406e-11, 1.58957413204e-11, 8.19810452163e-12, 4.33159888166e-12, 4.58670384659e-12, 1.93630354806e-11, 3.33384674034e-11, 6.60978737022e-12],
        "dvar2": [3.35244476446e-05, 2.49545391853e-05, 1.4289936189e-05, 3.09301890411e-06, 3.30032435159e-07, 1.19874528082e-07, 1.3035047175e-07, 2.24715009267e-07, 4.49491153631e-07, 5.4801813576e-07, 6.48642526357e-08, 5.64232998101e-08, 1.46907837006e-08, 1.9710988397e-09, 5.10440401058e-09, 1.12297620092e-08, 6.53390275218e-09, 2.91001400754e-09, 4.07438349725e-09, 5.67441782451e-09, 3.00547764454e-09, 4.75871786421e-09, 1.91962135077e-09, 2.78873790727e-09, 2.22063589739e-09, 1.56131108042e-09, 4.24872248495e-10, 1.27568944297e-09, 3.42551514931e-10, 2.61387661515e-10, 4.26151752775e-10, 1.94749466553e-10, 1.68233121878e-10, 3.80382392251e-11, 1.79934886435e-11, 9.44991741109e-12, 9.3643755944e-12, 3.8233013977e-11, 7.10112108004e-11, 1.2583936497e-11],
        "max": [0.0266018696129, 0.0277049057186, 0.0240606386214, 0.00885443110019, 0.00443359697238, 0.00441027013585, 0.00360724842176, 0.0048540844582, 0.00603683106601, 0.00908659677953, 0.0049202889204, 0.00401926226914, 0.00131707882974, 0.000618753198069, 0.00113744486589, 0.00247804867104, 0.00154181162361, 0.00062789110234, 0.000528794655111, 0.000972846755758, 0.000490942038596, 0.00072331429692, 0.000354922842234, 0.000662224483676, 0.000333470088663, 0.000317200028803, 0.000166864017956, 0.000518464657944, 0.000142611999763, 0.000159835472004, 0.000225821888307, 0.000107469837531, 0.000118010109873, 7.51923653297e-05, 6.12977455603e-05, 4.03009216825e-05, 5.17530861543e-05, 0.000157658738317, 0.000200601323741, 6.789676263e-05],
        "mean": [0.000873844488524, 0.0015338488156, 0.00148992030881, 0.000973176036496, 0.000469743099529, 0.000227000346058, 0.000228429402341, 0.000263269554125, 0.000396967312554, 0.000449481856776, 0.000115247923532, 0.000112326910312, 4.71036364615e-05, 2.08229448617e-05, 2.59801054199e-05, 2.96071411867e-05, 2.70041509793e-05, 1.95699212782e-05, 2.28084536502e-05, 2.06140139198e-05, 1.81114974112e-05, 1.64884531841e-05, 1.4422465938e-05, 1.34063275254e-05, 9.072413377e-06, 7.66542325437e-06, 6.17172690909e-06, 8.63193872647e-06, 5.94978382651e-06, 4.68197504233e-06, 4.36948175775e-06, 3.76336174668e-06, 3.27017710333e-06, 2.65342828243e-06, 2.05705191547e-06, 1.77306401383e-06, 1.68304939052e-06, 2.11740893974e-06, 2.00645217774e-06, 1.37323365834e-06],
        "median": [0.00015363834973, 0.000722548400518, 0.000807535310742, 0.000507158692926, 0.000262370274868, 0.000124865444377, 8.64052635734e-05, 0.000108370666567, 6.99918600731e-05, 3.91690446122e-05, 1.75844379555e-05, 2.26336305786e-05, 1.86268916877e-05, 6.06375533607e-06, 6.61873355057e-06, 5.00725718666e-06, 7.71294071455e-06, 6.36541335552e-06, 7.94067727838e-06, 5.7927245507e-06, 5.301982128e-06, 6.01819374424e-06, 5.89263345319e-06, 3.70725456378e-06, 2.09916947824e-06, 1.99124633582e-06, 1.68760527686e-06, 1.81726636583e-06, 1.75825493898e-06, 1.01761952465e-06, 7.9157524624e-07, 7.59393287808e-07, 4.76086569279e-07, 4.38886644361e-07, 5.02451996454e-07, 5.11696100602e-07, 3.6558989791e-07, 2.98307867297e-07, 2.56725314784e-07, 2.24439702379e-07],
        "min": [2.1502660114e-23, 2.38264124157e-23, 1.74326016933e-23, 9.236603523e-24, 6.11762499746e-24, 1.54228586304e-23, 7.62688472538e-24, 4.38647920728e-24, 6.23660888779e-24, 2.80147226638e-23, 4.30435484274e-24, 2.98857863462e-24, 3.94545902404e-24, 3.96547518622e-24, 6.91813658939e-24, 1.04679270436e-23, 5.57246018637e-24, 7.09208909646e-24, 8.57333006275e-24, 8.00620454735e-24, 1.07655831958e-23, 1.375295369e-23, 1.69988433691e-23, 1.60942045042e-23, 1.40131452601e-23, 1.05110706354e-23, 9.52304680629e-24, 1.4910966789e-23, 1.16644475988e-23, 7.89839881604e-24, 9.64871944824e-24, 1.08674464379e-23, 6.76622564487e-24, 1.05276627468e-23, 1.05527280132e-23, 1.17594666837e-23, 9.34900989111e-24, 9.57851713857e-24, 1.01621322135e-23, 8.37291837206e-24],
        "var": [7.98052769824e-06, 7.53348331273e-06, 5.37006053491e-06, 1.56287489972e-06, 3.50802196181e-07, 1.34163229859e-07, 1.76544702413e-07, 2.80554928622e-07, 6.29504484095e-07, 1.20074685128e-06, 1.50318541614e-07, 1.13112541555e-07, 1.18408429728e-08, 2.67418376332e-09, 5.97289373516e-09, 2.03249754804e-08, 9.23488308047e-09, 3.03709324356e-09, 2.62997557066e-09, 3.05423508706e-09, 1.84804560543e-09, 1.92500748675e-09, 8.49506909262e-10, 1.27314392362e-09, 6.35777208657e-10, 3.9770786664e-10, 2.00073860257e-10, 8.26619439565e-10, 2.08166442417e-10, 1.51396561954e-10, 1.70851555126e-10, 8.08348665782e-11, 8.08423189502e-11, 4.28874297187e-11, 2.52943083145e-11, 1.3369930163e-11, 1.72896957168e-11, 8.09611822028e-11, 1.34761715676e-10, 2.82617158842e-11]
    },
    "mfcc": {
        "mean": [-663.526733398, 121.508277893, 17.0074234009, 24.5602455139, 4.41518259048, -2.09246873856, -5.5092086792, 0.533985376358, 2.04632210732, 1.77954268456, -5.36534357071, -3.52046966553, -6.7653169632],
        "cov": [[7586.95263672, -1149.4387207, -195.115997314, 443.227325439, 132.623046875, 23.7864017487, -0.147575825453, 74.2994308472, 118.169540405, -13.2518863678, 72.3371658325, 61.065322876, -40.4577674866], [-1149.4387207, 1008.39703369, -45.5762367249, -71.8673706055, -39.3833312988, -26.5860939026, -4.11597394943, 1.98450505733, 22.3895645142, 72.1521224976, -22.6069946289, -11.2618131638, 17.557926178], [-195.115997314, -45.5762367249, 354.67288208, 2.20990943909, 6.10734987259, 35.0796508789, 33.2386817932, -22.0391788483, -60.8569030762, -32.1644859314, 23.034330368, -19.4183425903, 36.091381073], [443.227325439, -71.8673706055, 2.20990943909, 336.380187988, 84.0121841431, 16.535282135, -35.2606468201, 15.8818569183, -9.37062740326, -54.7901763916, 6.22724819183, 4.93462944031, 16.7192058563], [132.623046875, -39.3833312988, 6.10734987259, 84.0121841431, 161.539382935, 29.1760387421, 2.76039648056, -12.1677455902, 31.425239563, 3.83831381798, 3.28437209129, 26.2373962402, 0.534777402878], [23.7864017487, -26.5860939026, 35.0796508789, 16.535282135, 29.1760387421, 181.129821777, 67.9502410889, 0.555692732334, -27.0790328979, -45.9141235352, 41.6276283264, -35.8692474365, 2.64101362228], [-0.147575825453, -4.11597394943, 33.2386817932, -35.2606468201, 2.76039648056, 67.9502410889, 140.073013306, 13.1178026199, -15.8903131485, -21.0534038544, 7.92040634155, 6.05352973938, 5.05470466614], [74.2994308472, 1.98450505733, -22.0391788483, 15.8818569183, -12.1677455902, 0.555692732334, 13.1178026199, 93.3351135254, 23.567691803, 10.6704692841, 9.71285438538, -8.89652633667, 15.3962621689], [118.169540405, 22.3895645142, -60.8569030762, -9.37062740326, 31.425239563, -27.0790328979, -15.8903131485, 23.567691803, 130.868118286, 58.0946273804, -6.36044311523, 22.9023265839, -3.60354018211], [-13.2518863678, 72.1521224976, -32.1644859314, -54.7901763916, 3.83831381798, -45.9141235352, -21.0534038544, 10.6704692841, 58.0946273804, 131.349868774, 2.08332204819, 28.3832836151, -3.30444025993], [72.3371658325, -22.6069946289, 23.034330368, 6.22724819183, 3.28437209129, 41.6276283264, 7.92040634155, 9.71285438538, -6.36044311523, 2.08332204819, 92.8359680176, -5.19776773453, 1.36034750938], [61.065322876, -11.2618131638, -19.4183425903, 4.93462944031, 26.2373962402, -35.8692474365, 6.05352973938, -8.89652633667, 22.9023265839, 28.3832836151, -5.19776773453, 88.055267334, 8.45118331909], [-40.4577674866, 17.557926178, 36.091381073, 16.7192058563, 0.534777402878, 2.64101362228, 5.05470466614, 15.3962621689, -3.60354018211, -3.30444025993, 1.36034750938, 8.45118331909, 73.5143051147]],
