{
"lowlevel": {
    "average_loudness": 0.859587311745,
    "barkbands_crest": {
        "dmean": 1.88542997837,
        "dmean2": 2.98933529854,
        "dvar": 3.81497573853,
        "dvar2": 9.15350341797,
        "max": 24.4151592255,
        "mean": 10.1766843796,
        "median": 9.41821575165,
        "min": 3.3251478672,
        "var": 14.0901613235
    },
    "barkbands_flatness_db": {
        "dmean": 0.0169899128377,
        "dmean2": 0.0262760482728,
        "dvar": 0.000288254581392,
        "dvar2": 0.000596833589952,
        "max": 0.416912406683,
        "mean": 0.214225664735,
        "median": 0.204467341304,
        "min": 0.109111264348,
        "var": 0.00240688002668
    },
    "barkbands_kurtosis": {
        "dmean": 2.01690387726,
        "dmean2": 3.16980957985,
        "dvar": 14.255443573,
        "dvar2": 33.4778175354,
        "max": 68.6324234009,
        "mean": 3.89047861099,
        "median": 2.46280670166,
        "min": -1.92601764202,
        "var": 37.6713218689
    },
    "barkbands_skewness": {
        "dmean": 0.391653746367,
        "dmean2": 0.587725281715,
        "dvar": 0.228955164552,
        "dvar2": 0.509298324585,
        "max": 7.03864622116,
        "mean": 1.37935745716,
        "median": 1.24665141106,
        "min": -1.15032696724,
        "var": 1.1063144207
    },
    "barkbands_spread": {
        "dmean": 3.15063428879,
        "dmean2": 4.64039182663,
        "dvar": 41.999332428,
        "dvar2": 75.8389205933,
        "max": 86.6285552979,
        "mean": 14.0570449829,
        "median": 10.8680505753,
        "min": 0.740856409073,
        "var": 151.879928589
    },
    "dissonance": {
        "dmean": 0.0234782528132,
        "dmean2": 0.0392278246582,
        "dvar": 0.00056290026987,
        "dvar2": 0.0015362870181,
        "max": 0.499993234873,
        "mean": 0.437895357609,
        "median": 0.443915426731,
        "min": 0.262977480888,
        "var": 0.00126816995908
    },
    "dynamic_complexity": 3.32360196114,
    "erbbands_crest": {
        "dmean": 2.46424627304,
        "dmean2": 3.90164971352,
        "dvar": 6.60890293121,
        "dvar2": 15.5796432495,
        "max": 30.4396800995,
        "mean": 11.4574346542,
        "median": 10.5725545883,
        "min": 2.95991015434,
        "var": 20.3852043152
    },
    "erbbands_flatness_db": {
        "dmean": 0.0141170760617,
        "dmean2": 0.0206554085016,
        "dvar": 0.000232319289353,
        "dvar2": 0.000475829438074,
        "max": 0.409591972828,
        "mean": 0.245169430971,
        "median": 0.243346273899,
        "min": 0.114160642028,
        "var": 0.00192702095956
    },
    "erbbands_kurtosis": {
        "dmean": 1.08932483196,
        "dmean2": 1.70160770416,
        "dvar": 2.48314356804,
        "dvar2": 6.25505828857,
        "max": 22.5226707458,
        "mean": 1.45017647743,
        "median": 0.844289779663,
        "min": -1.86548388004,
        "var": 6.19454669952
    },
    "erbbands_skewness": {
        "dmean": 0.348967820406,
        "dmean2": 0.528033912182,
        "dvar": 0.157439127564,
        "dvar2": 0.362043321133,
        "max": 4.03370666504,
        "mean": 0.673958957195,
        "median": 0.744247794151,
        "min": -2.67564082146,
        "var": 0.761005163193
    },
    "erbbands_spread": {
        "dmean": 5.02408742905,
        "dmean2": 7.39859437943,
        "dvar": 79.4294509888,
        "dvar2": 140.157791138,
        "max": 133.413604736,
        "mean": 25.4811286926,
        "median": 20.505273819,
        "min": 4.41838169098,
        "var": 365.431091309
    },
    "hfc": {
        "dmean": 4.79057407379,
        "dmean2": 7.18148469925,
        "dvar": 62.7843856812,
        "dvar2": 139.545532227,
        "max": 152.332748413,
        "mean": 21.555475235,
        "median": 19.046710968,
        "min": 6.18480189587e-05,
        "var": 309.380065918
    },
    "melbands_crest": {
        "dmean": 2.13985085487,
        "dmean2": 3.47537755966,
        "dvar": 5.50775623322,
        "dvar2": 13.8206768036,
        "max": 30.6111412048,
        "mean": 11.8925666809,
        "median": 11.2694969177,
        "min": 4.34778738022,
        "var": 16.280292511
    },
    "melbands_flatness_db": {
        "dmean": 0.0183155369014,
        "dmean2": 0.0259581711143,
        "dvar": 0.000501371512655,
        "dvar2": 0.000925461121369,
        "max": 0.486951351166,
        "mean": 0.22684790194,
        "median": 0.211329087615,
        "min": 0.0659035295248,
        "var": 0.00427936716005
    },
    "melbands_kurtosis": {
        "dmean": 3.02720785141,
        "dmean2": 4.64830350876,
        "dvar": 28.1539382935,
        "dvar2": 66.6470031738,
        "max": 85.7582015991,
        "mean": 7.24224328995,
        "median": 4.84054088593,
        "min": -1.69749474525,
        "var": 74.5412368774
    },
    "melbands_skewness": {
        "dmean": 0.397179543972,
        "dmean2": 0.587700009346,
        "dvar": 0.230853065848,
        "dvar2": 0.509293735027,
        "max": 7.51531457901,
        "mean": 1.83499765396,
        "median": 1.6672296524,
        "min": -0.94050347805,
        "var": 1.26019346714
    },
    "melbands_spread": {
        "dmean": 4.53193950653,
        "dmean2": 6.79922151566,
        "dvar": 73.6952590942,
        "dvar2": 154.016983032,
        "max": 143.255203247,
        "mean": 18.616651535,
        "median": 14.4431066513,
        "min": 1.24258065224,
        "var": 208.228897095
    },
    "pitch_salience": {
        "dmean": 0.048035684973,
        "dmean2": 0.0754098519683,
        "dvar": 0.00227247178555,
        "dvar2": 0.00550551898777,
        "max": 0.812795996666,
        "mean": 0.568323671818,
        "median": 0.57121515274,
        "min": 0.170845478773,
        "var": 0.0093626556918
    },
    "silence_rate_20dB": {
        "dmean": 0,
        "dmean2": 0,
        "dvar": 0,
        "dvar2": 0,
        "max": 1,
        "mean": 1,
        "median": 1,
        "min": 1,
        "var": 0
    },
    "silence_rate_30dB": {
        "dmean": 0,
        "dmean2": 0,
        "dvar": 0,
        "dvar2": 0,
        "max": 1,
        "mean": 1,
        "median": 1,
        "min": 1,
        "var": 0
    },
    "silence_rate_60dB": {
        "dmean": 0.0154918665066,
        "dmean2": 0.0309957377613,
        "dvar": 0.0152521599084,
        "dvar2": 0.0308104064316,
        "max": 1,
        "mean": 0.102593883872,
        "median": 0,
        "min": 0,
        "var": 0.0920707583427
    },
    "spectral_centroid": {
        "dmean": 135.521118164,
        "dmean2": 195.447250366,
        "dvar": 49480.3359375,
        "dvar2": 96314.75,
        "max": 3824.88818359,
        "mean": 929.273254395,
        "median": 875.07208252,
        "min": 334.671508789,
        "var": 171342.171875
    },
    "spectral_complexity": {
        "dmean": 2.13477921486,
        "dmean2": 3.272762537,
        "dvar": 6.04159450531,
        "dvar2": 11.3761558533,
        "max": 39,
        "mean": 15.8184280396,
        "median": 16,
        "min": 0,
        "var": 45.5253715515
    },
    "spectral_decrease": {
        "dmean": 1.10243603135e-09,
        "dmean2": 1.70607961092e-09,
        "dvar": 1.96511871238e-18,
        "dvar2": 4.49979511707e-18,
        "max": -4.17231116464e-14,
        "mean": -6.15215167699e-09,
        "median": -6.05972028112e-09,
        "min": -1.92390388065e-08,
        "var": 1.58085828675e-17
    },
    "spectral_energy": {
        "dmean": 0.00448865862563,
        "dmean2": 0.00694146379828,
        "dvar": 3.16092082357e-05,
        "dvar2": 7.21733886166e-05,
        "max": 0.0783814564347,
        "mean": 0.0251747742295,
        "median": 0.0248656496406,
        "min": 1.63082333415e-07,
        "var": 0.000262958928943
    },
    "spectral_energyband_high": {
        "dmean": 0.000251562800258,
        "dmean2": 0.000375541421818,
        "dvar": 8.20865011519e-07,
        "dvar2": 1.85185501778e-06,
        "max": 0.0199597924948,
        "mean": 0.000533557496965,
        "median": 0.000198326975806,
        "min": 3.19577642127e-10,
        "var": 1.73395005731e-06
    },
    "spectral_energyband_low": {
        "dmean": 0.000325717846863,
        "dmean2": 0.00045275609591,
        "dvar": 4.57092681927e-07,
        "dvar2": 8.40132997837e-07,
        "max": 0.0150980148464,
        "mean": 0.00140125711914,
        "median": 0.00062836142024,
        "min": 6.03890049078e-10,
        "var": 3.95741835746e-06
    },
    "spectral_energyband_middle_high": {
        "dmean": 0.00218671211042,
        "dmean2": 0.00314905960113,
        "dvar": 1.03403335743e-05,
        "dvar2": 2.09679910768e-05,
        "max": 0.0526354089379,
        "mean": 0.00839169882238,
        "median": 0.00447987345979,
        "min": 6.10929795641e-09,
        "var": 8.44606329338e-05
    },
    "spectral_energyband_middle_low": {
        "dmean": 0.00350963999517,
        "dmean2": 0.00547743355855,
        "dvar": 2.40754379774e-05,
        "dvar2": 5.91111675021e-05,
        "max": 0.0603346340358,
        "mean": 0.0156609676778,
        "median": 0.014662694186,
        "min": 1.56485867819e-07,
        "var": 0.000112231966341
    },
    "spectral_entropy": {
        "dmean": 0.158149793744,
        "dmean2": 0.22794406116,
        "dvar": 0.0357428900898,
        "dvar2": 0.0698971971869,
        "max": 8.53820610046,
        "mean": 6.96861839294,
        "median": 6.9839091301,
        "min": 5.14760780334,
        "var": 0.23876170814
    },
    "spectral_flux": {
        "dmean": 0.0204807147384,
        "dmean2": 0.0319576077163,
        "dvar": 0.000475040986203,
        "dvar2": 0.00113575637806,
        "max": 0.223255202174,
        "mean": 0.0649009868503,
        "median": 0.058893751353,
        "min": 0.000403834535973,
        "var": 0.00185856712051
    },
    "spectral_kurtosis": {
        "dmean": 4.10009002686,
        "dmean2": 7.00317239761,
        "dvar": 47.1248054504,
        "dvar2": 136.702209473,
        "max": 105.276512146,
        "mean": 9.60691547394,
        "median": 5.70628929138,
        "min": -1.58848440647,
        "var": 178.295791626
    },
    "spectral_rms": {
        "dmean": 0.000433005392551,
        "dmean2": 0.00065234140493,
        "dvar": 2.57217863009e-07,
        "dvar2": 5.43818600818e-07,
        "max": 0.00874469615519,
        "mean": 0.00460463622585,
        "median": 0.00492535997182,
        "min": 1.261367197e-05,
        "var": 3.35801746587e-06
    },
    "spectral_rolloff": {
        "dmean": 300.339996338,
        "dmean2": 494.72366333,
        "dvar": 803360,
        "dvar2": 1596002,
        "max": 10077.5390625,
        "mean": 1379.46325684,
        "median": 968.994140625,
        "min": 279.931640625,
        "var": 2216947.75
    },
    "spectral_skewness": {
        "dmean": 0.379568845034,
        "dmean2": 0.618774056435,
        "dvar": 0.211377173662,
        "dvar2": 0.575414896011,
        "max": 8.24885463715,
        "mean": 2.11747813225,
        "median": 1.91066300869,
        "min": 0.0914283320308,
        "var": 1.02912151814
    },
    "spectral_spread": {
        "dmean": 424867.6875,
        "dmean2": 597964.9375,
        "dvar": 445274849280,
        "dvar2": 597833351168,
        "max": 15359810,
        "mean": 3526801,
        "median": 3240623,
        "min": 730484.125,
        "var": 3.38895123251e+12
    },
    "spectral_strongpeak": {
        "dmean": 0.71946388483,
        "dmean2": 1.17921197414,
        "dvar": 1.23063802719,
        "dvar2": 3.03752470016,
        "max": 11.7842149734,
        "mean": 1.97188329697,
        "median": 1.23596262932,
        "min": 0.00179803348146,
        "var": 3.91588401794
    },
    "zerocrossingrate": {
        "dmean": 0.00732005853206,
        "dmean2": 0.00818292051554,
        "dvar": 0.000161096264492,
        "dvar2": 0.000157004556968,
        "max": 0.28857421875,
        "mean": 0.0498440079391,
        "median": 0.04345703125,
        "min": 0.0126953125,
        "var": 0.00112842826638
    },
    "barkbands": {
        "dmean": [3.37023465136e-07, 5.9461894125e-05, 0.000151028594701, 0.000294674246106, 0.00086302292766, 0.00139697245322, 0.00125465157907, 0.00075938977534, 0.000712959561497, 0.000926598208025, 0.000524884846527, 0.000597651989665, 0.000538909051102, 0.000645275576971, 0.000504280847963, 0.000352670205757, 9.68651802395e-05, 6.81421734043e-05, 4.74949301861e-05, 7.93668077677e-05, 3.94706985389e-05, 4.18078925577e-05, 5.15137871844e-05, 9.31284230319e-05, 3.00217161566e-05, 3.12970271921e-08, 1.07209729983e-09],
        "dmean2": [5.69875510337e-07, 9.09870723262e-05, 0.000205655116588, 0.00042038972606, 0.00134938547853, 0.00223117368296, 0.00196227035485, 0.00120229460299, 0.00108060182538, 0.00143348192796, 0.000758735812269, 0.000860581407323, 0.000829833385069, 0.000979892560281, 0.00073050474748, 0.000535390921868, 0.000153729575686, 0.000105316590634, 7.41651965654e-05, 0.000116710049042, 5.8191770222e-05, 6.11737850704e-05, 8.05635354482e-05, 0.000146965612657, 4.17624505644e-05, 5.07134991778e-08, 1.98099225912e-09],
        "dvar": [6.61649175119e-13, 2.8901325777e-08, 1.37752806495e-07, 3.88802504858e-07, 3.46563024323e-06, 5.86239866607e-06, 5.90153331359e-06, 4.70895156468e-06, 2.77965386886e-06, 5.11197958986e-06, 2.16073340198e-06, 2.24390828407e-06, 2.76649234365e-06, 2.23801430366e-06, 1.81199482086e-06, 1.22885785458e-06, 6.03590208925e-08, 4.03211011246e-08, 1.3877704319e-08, 3.12745243036e-08, 8.99721896985e-09, 4.36269544934e-08, 6.17652347046e-08, 2.40004794705e-07, 2.04116670233e-08, 2.80488607736e-14, 2.42552268504e-18],
        "dvar2": [1.74704868627e-12, 6.9753838261e-08, 2.311930416e-07, 9.05199897261e-07, 8.74679881235e-06, 1.54198260134e-05, 1.49913075802e-05, 1.19569285744e-05, 6.29423675491e-06, 1.19735850603e-05, 4.12302324548e-06, 4.8465344662e-06, 6.26056089459e-06, 4.89564126838e-06, 3.19330160892e-06, 2.7345174658e-06, 1.54590694024e-07, 9.22788956359e-08, 3.14085575326e-08, 6.82115555151e-08, 1.91677305139e-08, 7.47180450844e-08, 1.4834110118e-07, 5.89910882809e-07, 3.90154610841e-08, 7.10944364902e-14, 7.52053670497e-18],
        "max": [1.82532457984e-05, 0.00302159111015, 0.00848256237805, 0.0108310356736, 0.0259815324098, 0.0400401726365, 0.0327377915382, 0.032774142921, 0.0244101453573, 0.0429305359721, 0.0225481633097, 0.030770175159, 0.0227837301791, 0.0188276041299, 0.0177128035575, 0.0221372842789, 0.0048179961741, 0.00504432106391, 0.00246446602978, 0.00300769135356, 0.00232929969206, 0.0071603381075, 0.00588536355644, 0.0102661605924, 0.00369809707627, 4.70904251415e-06, 1.86355819665e-08],
        "mean": [4.25829000505e-07, 0.000189256708836, 0.00061758531956, 0.00108748220373, 0.00276273977943, 0.00458859885111, 0.00351863401011, 0.00162413611542, 0.00164647423662, 0.00250778230838, 0.000945260166191, 0.00122307194397, 0.000816823798232, 0.00107375823427, 0.000872862059623, 0.000700354459696, 0.000186364646652, 0.000126417449792, 8.75674159033e-05, 0.000168979415321, 7.65014483477e-05, 6.88831714797e-05, 7.26152356947e-05, 0.000158556853421, 5.36312181794e-05, 4.29726583207e-08, 8.65084670565e-10],
        "median": [1.07678474137e-07, 8.68762508617e-05, 0.000104930113594, 0.000428216706496, 0.00169584411196, 0.00379319442436, 0.00213187257759, 0.000540551147424, 0.000523847760633, 0.000327213172568, 0.000238665248617, 0.000407865998568, 0.000247480696999, 0.000282221881207, 0.00012727547437, 9.85818187473e-05, 8.70432559168e-05, 5.58118226763e-05, 4.0773935325e-05, 5.44268805243e-05, 2.50114571827e-05, 1.6804851839e-05, 2.02604587685e-05, 2.30934947467e-05, 4.31948956248e-06, 3.44732153934e-09, 2.9628391407e-10],
        "min": [2.85846415982e-11, 6.2381579069e-11, 7.87258938595e-11, 2.09477968305e-09, 7.71485346718e-08, 7.47905417597e-08, 7.17021497731e-10, 1.39088540685e-09, 2.97527419368e-10, 2.30983093763e-10, 2.52584397842e-10, 6.84386089467e-11, 7.3809502954e-10, 1.89950194462e-10, 6.37843944329e-10, 1.86015658432e-09, 6.92904955635e-10, 2.93987993671e-11, 1.38987099607e-09, 8.31853683159e-11, 3.54387491575e-11, 3.34399903601e-11, 5.87908402516e-11, 1.22170579209e-10, 3.52007901994e-11, 3.3833502406e-12, 7.93472319099e-12],
        "var": [8.75125655535e-13, 8.03598112498e-08, 1.170529913e-06, 2.39569931182e-06, 1.09457259896e-05, 1.64009034052e-05, 1.66370064107e-05, 8.44354053697e-06, 9.74725753622e-06, 3.49857982656e-05, 5.95317533225e-06, 6.14451573711e-06, 4.1559364945e-06, 4.91571790917e-06, 4.87006673211e-06, 4.21784670834e-06, 1.08145023603e-07, 6.61855779072e-08, 3.21899946698e-08, 8.96046827847e-08, 2.29712284749e-08, 7.85025875416e-08, 6.40650839046e-08, 5.24294250681e-07, 7.75322206437e-08, 5.83693656559e-14, 1.96069453687e-18]
    },
    "erbbands": {
        "dmean": [0.000692200672347, 0.0174033306539, 0.127281695604, 0.644374847412, 1.12348747253, 3.28212094307, 8.43340492249, 12.7593612671, 16.2249584198, 20.237241745, 13.8160066605, 14.9459886551, 25.5901889801, 24.5466804504, 18.0651092529, 23.4156627655, 22.4003047943, 24.535993576, 23.733039856, 25.1120605469, 8.9516658783, 5.18622303009, 3.56362605095, 2.67224621773, 2.48094916344, 4.11895561218, 2.10796666145, 1.29818534851, 1.36194193363, 1.59796237946, 1.42460358143, 2.12821316719, 1.39885210991, 0.629713237286, 0.0420874282718, 0.00187200482469, 9.60226607276e-05, 1.2699772924e-05, 4.52631775261e-06, 5.7693191593e-06],
        "dmean2": [0.00106201367453, 0.0262962169945, 0.1771658957, 0.893607676029, 1.74604701996, 5.12665462494, 13.6190290451, 20.0000457764, 26.0844459534, 32.0443611145, 21.1513652802, 22.2127761841, 38.7047309875, 34.4056892395, 25.9454936981, 33.5298957825, 33.3770103455, 36.6860466003, 34.8675727844, 36.3982582092, 12.9750146866, 8.1112203598, 5.46911430359, 3.96766972542, 3.71846914291, 6.18373966217, 3.05050301552, 1.87109434605, 1.95918488503, 2.41352963448, 2.20979070663, 3.38286066055, 2.18898439407, 0.886535704136, 0.060708347708, 0.00269948737696, 0.000137339331559, 1.86830366147e-05, 6.83902680976e-06, 8.95491575648e-06],
        "dvar": [2.73618570645e-06, 0.00264699826948, 0.110363617539, 1.71816277504, 7.48161554337, 63.6465568542, 349.012695312, 537.454956055, 884.501464844, 2790.20800781, 1655.2467041, 1361.43884277, 3874.27954102, 3724.91870117, 2126.0378418, 3988.91674805, 4421.29296875, 3836.31787109, 3701.56152344, 4749.55175781, 370.044311523, 169.43057251, 138.238555908, 48.5498085022, 44.3287887573, 82.9592666626, 22.335767746, 14.1336898804, 47.6259689331, 76.4745254517, 48.2546081543, 127.212615967, 51.9883880615, 9.23780059814, 0.0476819910109, 9.15814889595e-05, 2.03433515367e-07, 3.22045567991e-09, 1.57567250914e-10, 5.87793563822e-11],
        "dvar2": [5.84349936616e-06, 0.00631318520755, 0.206492215395, 3.52308869362, 20.7291088104, 154.874969482, 936.77734375, 1341.19348145, 2396.26391602, 7265.79638672, 3901.58349609, 2893.84985352, 8978.37792969, 7417.99365234, 4273.88623047, 8796.20117188, 10536.5039062, 8115.63525391, 7385.62207031, 10103.7099609, 734.352966309, 428.344818115, 328.082855225, 104.631607056, 101.488632202, 188.931488037, 47.9851036072, 26.8274440765, 78.1765823364, 174.561950684, 116.525306702, 334.953063965, 120.997032166, 17.9211502075, 0.100896969438, 0.00019377800345, 4.12019346641e-07, 6.55086740409e-09, 3.3826164092e-10, 1.35443864457e-10],
        "max": [0.0295630786568, 0.944430947304, 6.90482234955, 25.7880115509, 54.9626579285, 135.467193604, 383.710449219, 451.632354736, 554.90435791, 777.211364746, 629.560791016, 567.184875488, 1077.29614258, 1322.70825195, 900.172302246, 1111.18115234, 1128.24487305, 1184.76501465, 1380.41088867, 1606.21459961, 546.409484863, 267.794311523, 346.641479492, 147.251373291, 145.222610474, 146.111114502, 87.6568908691, 101.687820435, 246.645187378, 190.06880188, 170.085662842, 275.791809082, 145.700210571, 74.9413833618, 6.33213281631, 0.273937046528, 0.0122025050223, 0.00135951861739, 0.000287102884613, 0.00011701524636],
        "mean": [0.00247975974344, 0.0591352880001, 0.507070422173, 2.58944344521, 3.73239040375, 9.89750480652, 25.5952415466, 42.7608222961, 45.4879875183, 52.6058540344, 32.514541626, 34.5250511169, 69.5094223022, 62.6434249878, 39.1264533997, 48.8303184509, 40.0524749756, 44.8943252563, 45.2944831848, 65.3740005493, 22.2609157562, 10.878288269, 6.8710308075, 5.37796545029, 5.13524150848, 8.37533378601, 4.61938905716, 2.55607008934, 2.35178828239, 2.33473777771, 2.03121089935, 3.14319372177, 2.50709104538, 1.15426290035, 0.0740578323603, 0.00333201186731, 0.000191127837752, 2.75714864983e-05, 1.8617916794e-05, 3.13209820888e-05],
        "median": [0.00116014841478, 0.0297606736422, 0.165308460593, 0.975817263126, 2.35287714005, 5.51300811768, 18.6751594543, 34.8051605225, 30.9711017609, 25.3663978577, 11.0334644318, 11.9800443649, 14.9888877869, 12.7692079544, 14.1392288208, 16.781080246, 15.319601059, 13.4878005981, 14.8350715637, 8.19193172455, 5.74316835403, 5.16923952103, 3.50241518021, 2.66152906418, 2.25227165222, 2.76740455627, 1.68044352531, 0.713784754276, 0.576748907566, 0.603015005589, 0.545683383942, 0.48260474205, 0.331545740366, 0.102590285242, 0.00613475358114, 0.000322428910295, 3.60203885066e-05, 8.24094058771e-06, 1.5753434127e-05, 3.12056217808e-05],
        "min": [9.64355040267e-10, 1.93017211103e-08, 1.32057934366e-07, 3.19631431012e-06, 2.08418550756e-05, 0.000214403451537, 0.00112024776172, 0.000257801235421, 2.00349531951e-05, 1.20362019516e-05, 3.08339040203e-05, 6.95191738487e-06, 7.47290869185e-06, 1.42637154568e-05, 5.8543500927e-06, 7.26521648176e-06, 2.74986905424e-05, 1.25924971144e-05, 4.32749693573e-05, 8.36420949781e-05, 5.77879909542e-05, 3.18729944411e-05, 6.45475574856e-06, 2.16196003748e-05, 7.66798912082e-05, 5.5755572248e-06, 1.44805153468e-06, 1.27329860788e-06, 1.06717368453e-06, 2.07490188586e-06, 1.36140533868e-06, 2.7219941785e-06, 1.4495136611e-06, 6.88686270678e-07, 9.0216772719e-08, 1.98299279219e-08, 6.07175243417e-09, 3.54828499916e-09, 1.13349563069e-09, 3.01981661899e-10],
        "var": [1.22032379295e-05, 0.00749164680019, 0.631750404835, 14.8379325867, 23.2317771912, 182.705871582, 843.024291992, 1478.33825684, 2185.19848633, 5934.93017578, 3756.02783203, 4414.27197266, 21855.3007812, 15901.390625, 6457.78027344, 9817.29101562, 7504.50390625, 8319.29882812, 9539.74902344, 34664.6757812, 1997.49707031, 341.865478516, 193.742904663, 95.4135971069, 113.024230957, 208.52255249, 61.5308380127, 37.2630233765, 88.2730712891, 89.672958374, 51.4041137695, 176.899139404, 145.327331543, 35.9977416992, 0.149210676551, 0.000291300559184, 7.54225311539e-07, 1.20500125433e-08, 6.11927064575e-10, 4.27923363411e-10]
    },
    "gfcc": {
        "mean": [-55.3461990356, 138.954162598, -162.486297607, 14.2723484039, -88.4022598267, 1.54052364826, -51.8213272095, -17.3453960419, -13.3653316498, -18.1029090881, 7.71476078033, -21.2438335419, 8.68582439423],
        "cov": [[8359.90917969, -2015.0826416, -463.218353271, 1312.47766113, -755.960876465, 926.924743652, 49.4971199036, 333.834533691, -99.0060043335, 131.002853394, -217.231384277, -343.047729492, -65.7534637451], [-2015.0826416, 1481.56237793, 31.995464325, -323.326629639, 588.176086426, -364.512359619, 322.006103516, -171.793518066, 151.873504639, -97.8145217896, 42.9741706848, 55.1527328491, 19.4573078156], [-463.218353271, 31.995464325, 560.203857422, 34.3116569519, 32.2162055969, 151.727310181, -83.7695388794, 141.880783081, -20.9842014313, 20.4835662842, -2.55682945251, 32.0369033813, -15.747672081], [1312.47766113, -323.326629639, 34.3116569519, 447.118499756, -72.6439743042, 185.627471924, 53.8016433716, 77.4621810913, -14.3769550323, 8.77395820618, -51.961151123, -63.2267494202, -33.4398880005], [-755.960876465, 588.176086426, 32.2162055969, -72.6439743042, 457.673522949, -51.8389091492, 44.3081359863, -2.83809232712, 82.3277206421, -18.4228744507, 15.1259832382, 4.33876943588, 19.4194927216], [926.924743652, -364.512359619, 151.727310181, 185.627471924, -51.8389091492, 423.272521973, 5.43271684647, 122.798301697, -40.0365982056, 43.1421394348, -23.0002441406, -49.7099494934, -1.82697045803], [49.4971199036, 322.006103516, -83.7695388794, 53.8016433716, 44.3081359863, 5.43271684647, 392.34588623, -86.3054351807, -26.4944267273, -20.4573974609, -15.5470600128, -1.71008324623, -14.6326093674], [333.834533691, -171.793518066, 141.880783081, 77.4621810913, -2.83809232712, 122.798301697, -86.3054351807, 202.957489014, 33.3810806274, 25.2750358582, -13.0815763474, -20.8982429504, 17.2787342072], [-99.0060043335, 151.873504639, -20.9842014313, -14.3769550323, 82.3277206421, -40.0365982056, -26.4944267273, 33.3810806274, 152.652648926, 17.6087150574, 8.94922447205, 4.67920780182, 17.403181076], [131.002853394, -97.8145217896, 20.4835662842, 8.77395820618, -18.4228744507, 43.1421394348, -20.4573974609, 25.2750358582, 17.6087150574, 119.686508179, 47.244392395, 5.24003410339, 11.5558795929], [-217.231384277, 42.9741706848, -2.55682945251, -51.961151123, 15.1259832382, -23.0002441406, -15.5470600128, -13.0815763474, 8.94922447205, 47.244392395, 94.05103302, 39.7820625305, 3.41450428963], [-343.047729492, 55.1527328491, 32.0369033813, -63.2267494202, 4.33876943588, -49.7099494934, -1.71008324623, -20.8982429504, 4.67920780182, 5.24003410339, 39.7820625305, 86.4981918335, 12.0891666412], [-65.7534637451, 19.4573078156, -15.747672081, -33.4398880005, 19.4194927216, -1.82697045803, -14.6326093674, 17.2787342072, 17.403181076, 11.5558795929, 3.41450428963, 12.0891666412, 78.0681915283]],
        "icov": [[0.000443196331616, -0.000313379190629, 0.000816974381451, -0.00101817387622, 0.000710464082658, -0.000743108568713, 0.000347001652699, -0.000512333528604, 0.000218735585804, -0.000513431325089, 0.000507896766067, 9.51237961999e-05, 0.000154670342454], [-0.000313379190629, 0.00843184813857, -0.00469725159928, 0.00384352868423, -0.0076795835048, 0.00517040025443, -0.00712271220982, 0.00378637807444, -0.0057158395648, 0.00537297455594, -0.00470943422988, 0.0044639762491, -0.00181481556501], [0.000816974381451, -0.00469725159928, 0.00629694480449, -0.00325641338713, 0.00438786437735, -0.00440024165437, 0.00443505775183, -0.00446216249838, 0.00404039910063, -0.00386383011937, 0.00407404219732, -0.00442957878113, 0.00253757508472], [-0.00101817387622, 0.00384352868423, -0.00325641338713, 0.00679437071085, -0.00399104179814, 0.00245087174699, -0.0039789727889, 0.00160612817854, -0.00286529865116, 0.00278335344046, -0.001770005445, 0.0023567401804, 0.000325994886225], [0.000710464082658, -0.0076795835048, 0.00438786437735, -0.00399104179814, 0.0101452488452, -0.00513407308608, 0.00601934967563, -0.00361379678361, 0.00358626409434, -0.00423605181277, 0.003593882313, -0.00278196530417, 0.00107345392462], [-0.000743108568713, 0.00517040025443, -0.00440024165437, 0.00245087174699, -0.00513407308608, 0.00778942042962, -0.00488036917523, 0.00127462972887, -0.00232741911896, 0.00260848319158, -0.00342396320775, 0.00391907291487, -0.00181419739965], [0.000347001652699, -0.00712271220982, 0.00443505775183, -0.0039789727889, 0.00601934967563, -0.00488036917523, 0.00917331129313, -0.00182399607729, 0.00520231248811, -0.00463425554335, 0.00471620773897, -0.00441691977903, 0.00177328416612], [-0.000512333528604, 0.00378637807444, -0.00446216249838, 0.00160612817854, -0.00361379678361, 0.00127462972887, -0.00182399607729, 0.0108689889312, -0.0048725255765, 0.00237556314096, -0.00210115872324, 0.00340450694785, -0.00310681248084], [0.000218735585804, -0.0057158395648, 0.00404039910063, -0.00286529865116, 0.00358626409434, -0.00232741911896, 0.00520231248811, -0.0048725255765, 0.0125156184658, -0.00531154684722, 0.00376299442723, -0.00385902798735, 0.000732688989956], [-0.000513431325089, 0.00537297455594, -0.00386383011937, 0.00278335344046, -0.00423605181277, 0.00260848319158, -0.00463425554335, 0.00237556314096, -0.00531154684722, 0.0160265434533, -0.0108450604603, 0.004937232472, -0.0031168225687], [0.000507896766067, -0.00470943422988, 0.00407404219732, -0.001770005445, 0.003593882313, -0.00342396320775, 0.00471620773897, -0.00210115872324, 0.00376299442723, -0.0108450604603, 0.0214613601565, -0.0102479150519, 0.00345480907708], [9.51237961999e-05, 0.0044639762491, -0.00442957878113, 0.0023567401804, -0.00278196530417, 0.00391907291487, -0.00441691977903, 0.00340450694785, -0.00385902798735, 0.004937232472, -0.0102479150519, 0.0208143852651, -0.00435968395323], [0.000154670342454, -0.00181481556501, 0.00253757508472, 0.000325994886225, 0.00107345392462, -0.00181419739965, 0.00177328416612, -0.00310681248084, 0.000732688989956, -0.0031168225687, 0.00345480907708, -0.00435968395323, 0.0155759695917]]
    },
    "melbands": {
        "dmean": [1.12477810035e-05, 5.0500890211e-05, 0.000119763157272, 0.000134343586979, 0.000266860763077, 0.000278798193904, 0.000244051130721, 0.000211807142477, 0.000107583939098, 0.000100851808384, 0.000134265545057, 0.000110958397272, 7.12550099706e-05, 6.01040082984e-05, 7.04269768903e-05, 4.77226421935e-05, 5.0112252211e-05, 4.54715991509e-05, 3.63965118595e-05, 2.8460061003e-05, 9.00690974959e-06, 5.98620727033e-06, 3.87779846278e-06, 3.7449217416e-06, 2.18215882342e-06, 1.96769747163e-06, 2.20394281314e-06, 3.20287063005e-06, 1.59941680522e-06, 9.98631321636e-07, 7.63216121413e-07, 7.9516888718e-07, 8.95286859759e-07, 8.99753842987e-07, 7.43591670016e-07, 1.12438181077e-06, 1.49298568886e-06, 1.13332714591e-06, 8.73283568126e-07, 4.54612887779e-07],
        "dmean2": [1.71367519215e-05, 7.13296467438e-05, 0.000169727878529, 0.000211644990486, 0.00042497323011, 0.00044012707076, 0.000388613319956, 0.00033592391992, 0.000163637698279, 0.000148164777784, 0.000204100433621, 0.000154812834808, 0.000104002239823, 8.47919945954e-05, 0.000107187741378, 7.23133562133e-05, 7.42545598769e-05, 6.8367102358e-05, 5.02308030264e-05, 4.23923011112e-05, 1.36275402838e-05, 9.49231343839e-06, 5.9788217186e-06, 5.76781258133e-06, 3.26316489918e-06, 3.04011223307e-06, 3.32690069627e-06, 4.83836220155e-06, 2.34628168982e-06, 1.52805171183e-06, 1.0810645108e-06, 1.16077387702e-06, 1.31879824039e-06, 1.39745077377e-06, 1.17015497381e-06, 1.77000276835e-06, 2.40857298195e-06, 1.80904316949e-06, 1.28704380131e-06, 6.73010617902e-07],
        "dvar": [8.36862967812e-10, 1.8524559664e-08, 5.42300355733e-08, 1.02047565065e-07, 3.23311667216e-07, 2.36560083522e-07, 1.96274925202e-07, 3.01539870406e-07, 1.02189119389e-07, 5.50493872709e-08, 1.03676356389e-07, 7.4284137952e-08, 3.86364646943e-08, 2.07488959347e-08, 5.1890793884e-08, 2.04746992694e-08, 1.58411275208e-08, 1.64252433876e-08, 9.06043595705e-09, 6.45040421077e-09, 4.08343886482e-10, 2.5610744081e-10, 1.80079964829e-10, 1.11743614362e-10, 3.23591327345e-11, 3.15505017945e-11, 3.2751381468e-11, 4.8692782445e-11, 1.31508111692e-11, 6.29774704608e-12, 5.55780638525e-12, 1.44370721974e-11, 2.77811992161e-11, 2.33883416106e-11, 1.26831791597e-11, 3.24314845812e-11, 7.36980060312e-11, 3.59964905106e-11, 2.29659537915e-11, 5.46307487095e-12],
        "dvar2": [1.93692950567e-09, 3.63046446239e-08, 1.2784254011e-07, 2.47439828627e-07, 8.53294466197e-07, 5.97746236508e-07, 5.22006303072e-07, 7.93855178927e-07, 2.38869262148e-07, 1.1570799785e-07, 2.41310573301e-07, 1.50824433831e-07, 8.02458686167e-08, 4.29620463649e-08, 1.21916315265e-07, 4.86663509491e-08, 3.33416352305e-08, 3.38816583678e-08, 1.52667922748e-08, 1.50438577151e-08, 8.31545943214e-10, 6.71217970094e-10, 4.42457848138e-10, 2.62402599649e-10, 6.90423690441e-11, 7.17712000942e-11, 7.19696732765e-11, 1.10897659111e-10, 2.90800578062e-11, 1.40123294912e-11, 1.01861982391e-11, 2.37428861294e-11, 5.31466433362e-11, 5.59399644662e-11, 3.000766996e-11, 8.39600194924e-11, 1.99666047584e-10, 9.26386536926e-11, 4.79889669669e-11, 1.21780059995e-11],
        "max": [0.000461973075289, 0.00276406481862, 0.0035829062108, 0.00589821161702, 0.0104434713721, 0.00928317010403, 0.0075275618583, 0.00750553747639, 0.00510504608974, 0.00366367283277, 0.00532845640555, 0.00579595938325, 0.00335496966727, 0.002663848456, 0.00475295213982, 0.00268691591918, 0.00200606440194, 0.00288599799387, 0.00168908201158, 0.00188833090942, 0.000431656750152, 0.000348930800101, 0.000457462883787, 0.000219766894588, 0.000126994302263, 0.000169163162354, 0.000142400182085, 0.000105668514152, 6.64426333969e-05, 4.59762413811e-05, 7.30324609322e-05, 0.000147514641867, 0.000159518880537, 0.000108003740024, 8.49450661917e-05, 0.000144613513839, 0.000241992427618, 0.00012817667448, 0.000168269107235, 6.43682506052e-05],
        "mean": [3.73651382688e-05, 0.000205664618989, 0.000475829583593, 0.000417165720137, 0.000845504109748, 0.000947862747125, 0.000689673528541, 0.000533894170076, 0.000232331658481, 0.000228538978263, 0.000367010827176, 0.000281477841781, 0.000132593733724, 0.000126844024635, 0.000128102459712, 7.37719528843e-05, 8.4402396169e-05, 7.79067631811e-05, 7.38024900784e-05, 7.46363948565e-05, 1.71142455656e-05, 1.13422556751e-05, 6.71818543196e-06, 6.75299588693e-06, 3.93886921302e-06, 3.68968881048e-06, 4.15619024352e-06, 6.08319714956e-06, 3.21431002703e-06, 1.78337188572e-06, 1.4106111621e-06, 1.33191508667e-06, 1.30921944219e-06, 1.26807856304e-06, 1.01603461644e-06, 1.51197309606e-06, 2.15584168473e-06, 1.84554312455e-06, 1.56314376909e-06, 7.5310288139e-07],
        "median": [1.7945010768e-05, 6.42503655399e-05, 0.000262342888163, 0.000248204363743, 0.000620341976173, 0.000786523276474, 0.00048955983948, 0.00025398816797, 6.87825813657e-05, 7.35492139938e-05, 7.21022224752e-05, 5.07598997501e-05, 3.67554348486e-05, 4.34144603787e-05, 3.67529137293e-05, 2.37000003835e-05, 2.1885136448e-05, 1.73217704287e-05, 9.76928095042e-06, 7.80963455327e-06, 5.60801981919e-06, 4.55125427834e-06, 3.36570656145e-06, 2.89615763904e-06, 1.84997804809e-06, 1.51200060827e-06, 1.35837024118e-06, 1.847546514e-06, 9.60986312748e-07, 5.92750268424e-07, 3.24820661035e-07, 3.0821377095e-07, 2.72377462807e-07, 3.12602566055e-07, 2.5665275416e-07, 2.83670203771e-07, 2.85504654585e-07, 2.44734451371e-07, 1.3156902412e-07, 5.40606883703e-08],
        "min": [1.28337505553e-11, 3.60732763105e-11, 1.02178088213e-09, 4.69583261165e-09, 3.42102524087e-08, 7.46956452247e-09, 1.65748359482e-10, 1.73961053895e-10, 2.13371417757e-10, 4.11288676727e-11, 3.52150947291e-11, 5.51914763891e-11, 2.34630578855e-11, 1.01152948864e-11, 4.93546800651e-11, 5.88598961238e-11, 1.38013593609e-11, 7.32247457114e-11, 5.01746942605e-11, 1.44900716426e-10, 5.87275159059e-11, 3.78389264366e-11, 1.40736068632e-11, 1.77040435263e-12, 8.92978573031e-12, 8.74169903131e-11, 1.14249824879e-11, 1.33304261726e-12, 5.67543028632e-13, 1.07884979162e-12, 6.5730781278e-13, 4.25747192492e-13, 9.3037882086e-13, 1.36406966451e-12, 7.06526037762e-13, 9.71092889261e-13, 2.14212718744e-12, 1.14135361318e-12, 8.47741961265e-13, 4.52818826272e-13],
        "var": [2.56969179269e-09, 9.90280639712e-08, 3.49714213144e-07, 3.36370192144e-07, 8.46911518693e-07, 6.67859353598e-07, 4.86097178509e-07, 5.73505758439e-07, 2.19928324441e-07, 1.98981055632e-07, 6.42900261028e-07, 3.60197844884e-07, 1.00380127321e-07, 6.73822597719e-08, 1.07625830026e-07, 2.74112892384e-08, 3.27538458578e-08, 4.07523685908e-08, 3.54098936839e-08, 4.85996487498e-08, 1.31636646028e-09, 4.91964302629e-10, 2.20332946332e-10, 1.7757395554e-10, 6.04334915444e-11, 8.88971674051e-11, 8.7660295689e-11, 1.18016263428e-10, 3.49553476442e-11, 1.3219612037e-11, 1.43218431906e-11, 2.69261730967e-11, 4.12068677791e-11, 2.46205590637e-11, 1.32391302782e-11, 3.37176744858e-11, 1.03006686514e-10, 7.72260103088e-11, 7.62578750146e-11, 1.62680667548e-11]
    },
    "mfcc": {
        "mean": [-672.319641113, 145.384811401, -11.6709384918, -6.85445785522, -10.7604789734, -9.36501502991, -15.4656705856, -15.4793787003, -17.1218929291, -5.55330467224, -14.3352193832, -2.20028877258, -4.32046365738],
        "cov": [[8055.00927734, -1906.29187012, -176.540847778, 404.105316162, -241.818069458, 352.927032471, 282.524841309, 170.187896729, 196.909072876, 428.238098145, -17.7406692505, 147.179992676, -81.9732513428], [-1906.29187012, 1387.08703613, -252.35647583, 95.4380111694, 78.8499984741, 4.6212387085, -13.806851387, 36.5011482239, 42.7928924561, -75.2781829834, 42.7848396301, -23.380739212, 16.9027404785], [-176.540847778, -252.35647583, 585.648498535, -87.3783416748, 127.795951843, 29.8563365936, 74.8448028564, 63.191822052, 50.6467437744, 34.6859054565, 43.5295028687, 26.2285690308, 26.9629497528], [404.105316162, 95.4380111694, -87.3783416748, 330.468597412, -55.4957084656, 59.0476493835, 46.1990394592, 46.0989646912, 41.4481468201, 8.85227966309, 19.4069843292, 14.9623661041, 2.87784051895], [-241.818069458, 78.8499984741, 127.795951843, -55.4957084656, 481.408996582, -47.2081108093, -20.4096260071, 27.9461326599, 63.2610015869, 87.5392913818, -28.6043071747, 51.9569244385, 46.5289611816], [352.927032471, 4.6212387085, 29.8563365936, 59.0476493835, -47.2081108093, 277.715393066, 140.448684692, 67.758934021, 44.050819397, 47.9024391174, 40.1969146729, -5.97229146957, -11.2456521988], [282.524841309, -13.806851387, 74.8448028564, 46.1990394592, -20.4096260071, 140.448684692, 232.063644409, 59.8744430542, 52.8237380981, 28.8108329773, 29.6675052643, 3.10115432739, -5.24426031113], [170.187896729, 36.5011482239, 63.191822052, 46.0989646912, 27.9461326599, 67.758934021, 59.8744430542, 149.50112915, 59.9088020325, 33.6919975281, 5.44755363464, -6.44623327255, -4.33744335175], [196.909072876, 42.7928924561, 50.6467437744, 41.4481468201, 63.2610015869, 44.050819397, 52.8237380981, 59.9088020325, 154.220199585, 71.3346633911, -1.65654027462, 15.9998884201, 8.60680675507], [428.238098145, -75.2781829834, 34.6859054565, 8.85227966309, 87.5392913818, 47.9024391174, 28.8108329773, 33.6919975281, 71.3346633911, 158.898193359, 3.15753126144, 24.4868221283, 6.97153425217], [-17.7406692505, 42.7848396301, 43.5295028687, 19.4069843292, -28.6043071747, 40.1969146729, 29.6675052643, 5.44755363464, -1.65654027462, 3.15753126144, 114.120544434, 19.6213169098, 10.9373502731], [147.179992676, -23.380739212, 26.2285690308, 14.9623661041, 51.9569244385, -5.97229146957, 3.10115432739, -6.44623327255, 15.9998884201, 24.4868221283, 19.6213169098, 101.658065796, 35.2485961914], [-81.9732513428, 16.9027404785, 26.9629497528, 2.87784051895, 46.5289611816, -11.2456521988, -5.24426031113, -4.33744335175, 8.60680675507, 6.97153425217, 10.9373502731, 35.2485961914, 93.3688735962]],
