{
"lowlevel": {
    "average_loudness": 0.907959520817,
    "barkbands_crest": {
        "dmean": 2.3081600666,
        "dmean2": 3.7360367775,
        "dvar": 4.37300729752,
        "dvar2": 11.1049880981,
        "max": 25.2180671692,
        "mean": 11.5009145737,
        "median": 10.6401948929,
        "min": 3.68373417854,
        "var": 16.8043632507
    },
    "barkbands_flatness_db": {
        "dmean": 0.0192358568311,
        "dmean2": 0.0300982650369,
        "dvar": 0.000304691697238,
        "dvar2": 0.000686456100084,
        "max": 0.375052154064,
        "mean": 0.225228711963,
        "median": 0.223005726933,
        "min": 0.091309890151,
        "var": 0.0019561406225
    },
    "barkbands_kurtosis": {
        "dmean": 3.41598010063,
        "dmean2": 5.44520711899,
        "dvar": 24.6863822937,
        "dvar2": 61.8323249817,
        "max": 97.5674057007,
        "mean": 8.12707519531,
        "median": 5.76429653168,
        "min": -1.89784669876,
        "var": 70.9894790649
    },
    "barkbands_skewness": {
        "dmean": 0.465056985617,
        "dmean2": 0.72093296051,
        "dvar": 0.241194531322,
        "dvar2": 0.582579314709,
        "max": 7.82748699188,
        "mean": 1.94383442402,
        "median": 1.82163965702,
        "min": -1.60744416714,
        "var": 0.999571859837
    },
    "barkbands_spread": {
        "dmean": 2.73121452332,
        "dmean2": 4.07381010056,
        "dvar": 31.0568790436,
        "dvar2": 54.3998451233,
        "max": 91.2391815186,
        "mean": 10.5294771194,
        "median": 7.94947004318,
        "min": 0.777441859245,
        "var": 113.06111145
    },
    "dissonance": {
        "dmean": 0.0293000396341,
        "dmean2": 0.0487026944757,
        "dvar": 0.000697717769071,
        "dvar2": 0.0019094691379,
        "max": 0.498536765575,
        "mean": 0.418332368135,
        "median": 0.425556778908,
        "min": 0.236360788345,
        "var": 0.00189351371955
    },
    "dynamic_complexity": 3.16783165932,
    "erbbands_crest": {
        "dmean": 2.5905251503,
        "dmean2": 4.0083527565,
        "dvar": 5.20946455002,
        "dvar2": 12.6389188766,
        "max": 30.1014118195,
        "mean": 11.8846282959,
        "median": 10.8103122711,
        "min": 3.6968023777,
        "var": 24.765329361
    },
    "erbbands_flatness_db": {
        "dmean": 0.0151029536501,
        "dmean2": 0.0218580178916,
        "dvar": 0.000200807902729,
        "dvar2": 0.000388708896935,
        "max": 0.357375234365,
        "mean": 0.228001877666,
        "median": 0.228558823466,
        "min": 0.11043009907,
        "var": 0.00125527696218
    },
    "erbbands_kurtosis": {
        "dmean": 1.41006362438,
        "dmean2": 2.21672034264,
        "dvar": 3.18970394135,
        "dvar2": 7.47417593002,
        "max": 23.8544464111,
        "mean": 2.24234938622,
        "median": 1.28030586243,
        "min": -1.89467334747,
        "var": 11.0313310623
    },
    "erbbands_skewness": {
        "dmean": 0.366041839123,
        "dmean2": 0.556434333324,
        "dvar": 0.121347084641,
        "dvar2": 0.253911882639,
        "max": 4.41104841232,
        "mean": 1.16776037216,
        "median": 1.11493003368,
        "min": -2.93549609184,
        "var": 0.620548069477
    },
    "erbbands_spread": {
        "dmean": 5.87924623489,
        "dmean2": 8.87433433533,
        "dvar": 77.6261520386,
        "dvar2": 162.685638428,
        "max": 128.441726685,
        "mean": 27.7906513214,
        "median": 23.6128845215,
        "min": 4.79570245743,
        "var": 291.516418457
    },
    "hfc": {
        "dmean": 2.97187662125,
        "dmean2": 4.19076824188,
        "dvar": 17.9948177338,
        "dvar2": 34.7963256836,
        "max": 78.785194397,
        "mean": 13.3290281296,
        "median": 9.47695827484,
        "min": 0.000110276829218,
        "var": 134.635360718
    },
    "melbands_crest": {
        "dmean": 2.75683307648,
        "dmean2": 4.46094369888,
        "dvar": 6.12669563293,
        "dvar2": 15.9219493866,
        "max": 29.0857028961,
        "mean": 14.0456180573,
        "median": 13.0938549042,
        "min": 4.72406482697,
        "var": 23.0928192139
    },
    "melbands_flatness_db": {
        "dmean": 0.0204564966261,
        "dmean2": 0.0298572201282,
        "dvar": 0.000420767464675,
        "dvar2": 0.00081893283641,
        "max": 0.477270305157,
        "mean": 0.266758233309,
        "median": 0.263918846846,
        "min": 0.105726011097,
        "var": 0.00352376746014
    },
    "melbands_kurtosis": {
        "dmean": 5.66669607162,
        "dmean2": 8.98331928253,
        "dvar": 67.3978271484,
        "dvar2": 169.347732544,
        "max": 138.985046387,
        "mean": 14.1133842468,
        "median": 10.0727510452,
        "min": -1.46567845345,
        "var": 186.730438232
    },
    "melbands_skewness": {
        "dmean": 0.554432868958,
        "dmean2": 0.863597273827,
        "dvar": 0.34975835681,
        "dvar2": 0.828361690044,
        "max": 7.89862155914,
        "mean": 2.39855241776,
        "median": 2.24220871925,
        "min": -0.186672911048,
        "var": 1.60173285007
    },
    "melbands_spread": {
        "dmean": 2.92187547684,
        "dmean2": 4.37729740143,
        "dvar": 45.5794448853,
        "dvar2": 90.3196029663,
        "max": 219.298675537,
        "mean": 11.3169260025,
        "median": 8.8699054718,
        "min": 1.00491166115,
        "var": 107.781890869
    },
    "pitch_salience": {
        "dmean": 0.0585097260773,
        "dmean2": 0.0938037186861,
        "dvar": 0.00269261142239,
        "dvar2": 0.00685357209295,
        "max": 0.824849069118,
        "mean": 0.562461555004,
        "median": 0.569471180439,
        "min": 0.207259654999,
        "var": 0.00987526122481
    },
    "silence_rate_20dB": {
        "dmean": 0,
        "dmean2": 0,
        "dvar": 0,
        "dvar2": 0,
        "max": 1,
        "mean": 1,
        "median": 1,
        "min": 1,
        "var": 0
    },
    "silence_rate_30dB": {
        "dmean": 0,
        "dmean2": 0,
        "dvar": 0,
        "dvar2": 0,
        "max": 1,
        "mean": 1,
        "median": 1,
        "min": 1,
        "var": 0
    },
    "silence_rate_60dB": {
        "dmean": 0.00929511990398,
        "dmean2": 0.0185974426568,
        "dvar": 0.00920858792961,
        "dvar2": 0.0229012724012,
        "max": 1,
        "mean": 0.0243902429938,
        "median": 0,
        "min": 0,
        "var": 0.0237955469638
    },
    "spectral_centroid": {
        "dmean": 108.859130859,
        "dmean2": 160.181747437,
        "dvar": 38442.3007812,
        "dvar2": 66520.7421875,
        "max": 4461.25097656,
        "mean": 659.845092773,
        "median": 554.604125977,
        "min": 223.706573486,
        "var": 143449.0625
    },
    "spectral_complexity": {
        "dmean": 1.6940356493,
        "dmean2": 2.75435876846,
        "dvar": 2.50278329849,
        "dvar2": 5.71738958359,
        "max": 31,
        "mean": 12.5381336212,
        "median": 12,
        "min": 0,
        "var": 22.9703197479
    },
    "spectral_decrease": {
        "dmean": 1.53621493304e-09,
        "dmean2": 2.32727392913e-09,
        "dvar": 3.41801017313e-18,
        "dvar2": 7.84371286157e-18,
        "max": -9.47593376379e-14,
        "mean": -6.50624976117e-09,
        "median": -5.58422241781e-09,
        "min": -2.36012649424e-08,
        "var": 1.93636181974e-17
    },
    "spectral_energy": {
        "dmean": 0.00601170677692,
        "dmean2": 0.00910058245063,
        "dvar": 5.20596404385e-05,
        "dvar2": 0.000118870520964,
        "max": 0.091590590775,
        "mean": 0.0257651098073,
        "median": 0.0219378769398,
        "min": 3.67646009636e-07,
        "var": 0.000303991837427
    },
    "spectral_energyband_high": {
        "dmean": 0.000115185284812,
        "dmean2": 0.000155256682774,
        "dvar": 1.77821448233e-07,
        "dvar2": 3.26798982542e-07,
        "max": 0.0103086093441,
        "mean": 0.000282188353594,
        "median": 8.74185789144e-05,
        "min": 2.2460149296e-09,
        "var": 5.05469017753e-07
    },
    "spectral_energyband_low": {
        "dmean": 0.00128650676925,
        "dmean2": 0.00211596279405,
        "dvar": 4.13366933572e-06,
        "dvar2": 1.10028177005e-05,
        "max": 0.0252942387015,
        "mean": 0.00353876571171,
        "median": 0.00264265947044,
        "min": 4.73805599199e-08,
        "var": 9.2962754934e-06
    },
    "spectral_energyband_middle_high": {
        "dmean": 0.000823138689157,
        "dmean2": 0.0011325289961,
        "dvar": 2.86324370791e-06,
        "dvar2": 5.29926046511e-06,
        "max": 0.0407649427652,
        "mean": 0.00289149186574,
        "median": 0.00127259618603,
        "min": 3.87436882576e-09,
        "var": 1.84398522833e-05
    },
    "spectral_energyband_middle_low": {
        "dmean": 0.00551273114979,
        "dmean2": 0.00842830166221,
        "dvar": 4.71513303637e-05,
        "dvar2": 0.000109785774839,
        "max": 0.0895861387253,
        "mean": 0.0199061799794,
        "median": 0.0159900709987,
        "min": 3.24533260709e-07,
        "var": 0.000239866538323
    },
    "spectral_entropy": {
        "dmean": 0.180644288659,
        "dmean2": 0.26244699955,
        "dvar": 0.0345003157854,
        "dvar2": 0.0637443587184,
        "max": 8.32762527466,
        "mean": 6.75229549408,
        "median": 6.74264335632,
        "min": 5.29004955292,
        "var": 0.219219237566
    },
    "spectral_flux": {
        "dmean": 0.0182248037308,
        "dmean2": 0.0289925858378,
        "dvar": 0.000344995263731,
        "dvar2": 0.000863228226081,
        "max": 0.233837947249,
        "mean": 0.061818510294,
        "median": 0.0562228634953,
        "min": 0.000606338202488,
        "var": 0.00111591094173
    },
    "spectral_kurtosis": {
        "dmean": 3.81938934326,
        "dmean2": 6.27721500397,
        "dvar": 22.4416847229,
        "dvar2": 60.1754341125,
        "max": 108.303672791,
        "mean": 8.014544487,
        "median": 5.64882564545,
        "min": -1.48053991795,
        "var": 70.0055541992
    },
    "spectral_rms": {
        "dmean": 0.000570566160604,
        "dmean2": 0.000856039929204,
        "dvar": 3.4487302969e-07,
        "dvar2": 7.52319067487e-07,
        "max": 0.00945286639035,
        "mean": 0.00470313709229,
        "median": 0.00462631648406,
        "min": 1.89388229046e-05,
        "var": 3.01719069284e-06
    },
    "spectral_rolloff": {
        "dmean": 192.388320923,
        "dmean2": 326.820495605,
        "dvar": 388299,
        "dvar2": 722706.625,
        "max": 8505.61523438,
        "mean": 762.083068848,
        "median": 516.796875,
        "min": 193.798828125,
        "var": 977657.4375
    },
    "spectral_skewness": {
        "dmean": 0.37521481514,
        "dmean2": 0.585059463978,
        "dvar": 0.133558899164,
        "dvar2": 0.31841146946,
        "max": 8.06007003784,
        "mean": 2.07736706734,
        "median": 1.9652056694,
        "min": -0.331346839666,
        "var": 0.727640509605
    },
    "spectral_spread": {
        "dmean": 412066.4375,
        "dmean2": 576918.4375,
        "dvar": 273637900288,
        "dvar2": 404909522944,
        "max": 14925465,
        "mean": 3436295.75,
        "median": 3299289.5,
        "min": 734313.4375,
        "var": 1.52791207117e+12
    },
    "spectral_strongpeak": {
        "dmean": 0.42064461112,
        "dmean2": 0.6801430583,
        "dvar": 0.294418692589,
        "dvar2": 0.657023310661,
        "max": 7.0757932663,
        "mean": 1.26120007038,
        "median": 0.849977493286,
        "min": 0.00143408961594,
        "var": 1.45128107071
    },
    "zerocrossingrate": {
        "dmean": 0.00557873630896,
        "dmean2": 0.00655254162848,
        "dvar": 9.20824531931e-05,
        "dvar2": 8.95245830179e-05,
        "max": 0.23193359375,
        "mean": 0.03315038234,
        "median": 0.0283203125,
        "min": 0.0048828125,
        "var": 0.000564643007237
    },
    "barkbands": {
        "dmean": [2.10457965295e-05, 0.000805449322797, 0.000487926066853, 0.000721199670807, 0.00288370111957, 0.00204368773848, 0.000928424007725, 0.000917173107155, 0.000663989281747, 0.000542187539395, 0.000240734618274, 0.000134632151457, 0.000153426182806, 0.000185481505468, 0.000123649311718, 4.28904750152e-05, 6.68755092192e-05, 4.66978963232e-05, 2.98150589515e-05, 2.42636815528e-05, 2.54381084233e-05, 4.30541476817e-05, 3.42904386343e-05, 2.59431035374e-05, 3.98540942115e-06, 4.08840561406e-09, 1.00793895452e-09],
        "dmean2": [3.70837951778e-05, 0.00134527357295, 0.000805787276477, 0.0011940515833, 0.00455259112641, 0.00321904500015, 0.00135399808642, 0.00130163365975, 0.000893897784408, 0.00076428061584, 0.000362630060408, 0.00021295240731, 0.000237503569224, 0.00028634184855, 0.000194375388674, 6.16821271251e-05, 0.000104864870082, 7.05655111233e-05, 4.43561657448e-05, 3.62988466804e-05, 3.78247787012e-05, 6.17727200733e-05, 5.19240529684e-05, 3.79061675631e-05, 6.00675684836e-06, 6.3753491375e-09, 1.84074078202e-09],
        "dvar": [2.64992738863e-09, 1.91769754565e-06, 7.30363183266e-07, 2.26139400183e-06, 2.17614469875e-05, 1.49110701386e-05, 4.22518678533e-06, 7.15168516763e-06, 3.98463816964e-06, 3.1636627682e-06, 2.75144799389e-07, 1.30170221269e-07, 1.20845697893e-07, 2.23332875748e-07, 2.04997306241e-07, 1.83014634558e-08, 2.52817464741e-08, 1.26498669317e-08, 5.54726886648e-09, 6.3276153206e-09, 4.70281147358e-09, 1.39193412352e-08, 2.66115662839e-08, 2.11479971313e-08, 4.60054050411e-10, 2.46270382491e-16, 2.2077070046e-18],
        "dvar2": [7.4216974788e-09, 5.23999460711e-06, 1.9875712951e-06, 5.75058811592e-06, 5.17863772984e-05, 3.84496015613e-05, 8.94258937478e-06, 1.42016997415e-05, 7.00244527252e-06, 6.56900328977e-06, 6.57527948533e-07, 3.20127611531e-07, 2.82874026425e-07, 5.40118946901e-07, 4.85708369524e-07, 3.31814291599e-08, 5.65814417541e-08, 2.50700384896e-08, 1.07114033199e-08, 1.2636930613e-08, 9.53093959311e-09, 2.65248818465e-08, 5.86748853948e-08, 4.39982557054e-08, 8.78605910248e-10, 5.54933423635e-16, 6.88688326853e-18],
        "max": [0.000673377828207, 0.0165056958795, 0.0149560021237, 0.0251166205853, 0.0623012259603, 0.0775826796889, 0.0544598884881, 0.053012534976, 0.0672273561358, 0.0358145497739, 0.0122968601063, 0.0108105232939, 0.00825907755643, 0.0104901082814, 0.0123641630635, 0.00615938706324, 0.00360680767335, 0.00252158078365, 0.00165545742493, 0.00222459086217, 0.00173998926766, 0.00235327542759, 0.00479417154565, 0.00402851868421, 0.00071072683204, 4.6652124297e-07, 1.32555495469e-08],
        "mean": [3.66574604413e-05, 0.00178270949982, 0.00127997074742, 0.00110633578151, 0.00653102761135, 0.00533131463453, 0.00204360857606, 0.00232748850249, 0.00170454732142, 0.00135317456443, 0.000457407237263, 0.000233753686189, 0.000285588757833, 0.000327194517013, 0.000251149147516, 9.94130678009e-05, 0.000128381085233, 0.000108118983917, 6.5295083914e-05, 4.62661082565e-05, 5.97235957684e-05, 9.91700580926e-05, 5.98689439357e-05, 4.16512193624e-05, 5.26876601725e-06, 4.91739715613e-09, 8.29255275558e-10],
        "median": [1.32478035084e-05, 0.00132129224949, 0.000773948384449, 0.000469296937808, 0.00359564460814, 0.00257725827396, 0.000823899114039, 0.000418429146521, 0.000252837489825, 0.000115636081318, 0.000195852961042, 8.60441869008e-05, 0.000112379311759, 6.39153658994e-05, 7.06447608536e-05, 2.1246381948e-05, 3.62868922821e-05, 2.71662211162e-05, 1.97367044166e-05, 1.31919159685e-05, 1.66892186826e-05, 2.71829776466e-05, 1.25580208987e-05, 7.63558091421e-06, 7.46160139897e-07, 1.12803144603e-09, 3.03176261873e-10],
        "min": [3.07185010762e-09, 2.42409026185e-08, 2.94030622072e-09, 5.88422608416e-08, 1.49774948e-07, 6.85923140509e-08, 4.63672265028e-08, 7.72359065593e-10, 1.58828825092e-10, 1.75660833102e-10, 7.54088347321e-10, 1.29203772681e-10, 5.23101062466e-10, 2.56681287336e-10, 8.98121188531e-10, 1.21426604882e-10, 5.13938780422e-10, 3.9326716883e-10, 5.45620909564e-11, 1.03625802383e-10, 3.30534322135e-10, 1.15885800955e-09, 3.72746056243e-10, 3.17983722686e-10, 9.66129259927e-12, 5.88949939165e-12, 7.52726266734e-12],
        "var": [3.40133476939e-09, 3.16391128763e-06, 2.28404906011e-06, 3.48936100636e-06, 6.70767112751e-05, 5.55099868507e-05, 1.26241466205e-05, 3.91669964301e-05, 2.5410177841e-05, 1.4927135453e-05, 6.88195370913e-07, 2.04927218306e-07, 3.30118865577e-07, 5.39397433386e-07, 5.5985748304e-07, 1.11889931986e-07, 6.23690326051e-08, 4.64235547781e-08, 1.92047302505e-08, 1.31257307245e-08, 1.88797937284e-08, 3.98184951678e-08, 6.49631104466e-08, 4.33291695856e-08, 6.73032962695e-10, 3.39953761705e-16, 1.86981178938e-18]
    },
    "erbbands": {
        "dmean": [0.0154551146552, 0.209429353476, 0.539753675461, 1.35952019691, 6.19869852066, 10.9017915726, 13.7283811569, 19.6922454834, 12.1270914078, 14.8960762024, 18.8680038452, 18.3108940125, 17.6683235168, 9.30441379547, 9.71100711823, 5.56396436691, 6.56588792801, 8.76206111908, 8.37246227264, 2.90667247772, 1.93272066116, 3.02071762085, 2.83460736275, 1.51234591007, 1.35688447952, 1.01633167267, 0.68025457859, 1.31456887722, 1.52678203583, 1.10266780853, 1.06620442867, 0.704796969891, 0.334162592888, 0.0879402980208, 0.00466414680704, 0.000221356269321, 1.68743445101e-05, 3.14438443638e-06, 3.34506216859e-06, 6.83899679643e-06],
        "dmean2": [0.0262495744973, 0.349715530872, 0.897354424, 2.24316263199, 10.2243452072, 16.8069705963, 20.8827571869, 31.2429676056, 17.4296321869, 21.7593402863, 25.8138504028, 24.3232860565, 24.5599422455, 12.891784668, 14.3954305649, 8.73137760162, 9.94597816467, 13.5293579102, 12.9669895172, 4.23933935165, 2.81014156342, 4.60441112518, 4.3121638298, 2.31336712837, 1.90864312649, 1.52311182022, 1.04207265377, 1.91763615608, 2.16532039642, 1.59811687469, 1.6335003376, 0.996137857437, 0.478744208813, 0.130223631859, 0.00705391401425, 0.000330635724822, 2.44922921411e-05, 4.51173809779e-06, 4.94423238706e-06, 1.03248967207e-05],
        "dvar": [0.000729702936951, 0.132306471467, 0.864063382149, 7.02359771729, 139.255996704, 411.777801514, 672.926452637, 1601.25866699, 588.440307617, 1403.00708008, 3573.73388672, 3161.67407227, 3578.72070312, 792.721557617, 424.680419922, 217.623443604, 229.221755981, 505.056243896, 814.395019531, 52.7581520081, 22.0743694305, 47.8072624207, 30.9016532898, 12.9241867065, 16.6681270599, 10.9935274124, 4.49274587631, 11.7770605087, 14.0522909164, 17.3540840149, 27.9814186096, 14.9215764999, 3.34927248955, 0.205741494894, 0.000682474754285, 1.42197245623e-06, 5.84461679054e-09, 1.64870408992e-10, 2.21335935691e-11, 6.59497872979e-11],
        "dvar2": [0.0020487238653, 0.358736485243, 2.31758379936, 18.6035137177, 370.168182373, 946.657287598, 1504.76928711, 4317.98632812, 1237.52600098, 3093.24438477, 6689.49560547, 5370.27099609, 6835.35546875, 1604.0916748, 909.825134277, 540.629821777, 480.180755615, 1267.97827148, 1904.47961426, 107.544548035, 47.3445777893, 102.799446106, 64.995223999, 27.9947147369, 29.0403785706, 22.8880634308, 9.66257095337, 22.6845760345, 25.9747581482, 37.699848175, 64.8392562866, 27.2996635437, 7.24096918106, 0.386385947466, 0.00124689331278, 2.60043407252e-06, 1.11624425259e-08, 3.2148050888e-10, 4.77687993328e-11, 1.50096282625e-10],
        "max": [0.303384572268, 4.27400827408, 16.9020633698, 37.0873794556, 175.739242554, 331.9559021, 500.986083984, 819.349060059, 607.484191895, 763.819458008, 1421.63476562, 2054.45458984, 1219.3692627, 722.977539062, 452.77041626, 510.196533203, 460.33795166, 548.504882812, 720.303710938, 218.878829956, 140.245056152, 159.917068481, 102.644561768, 82.3048553467, 128.937667847, 85.9948425293, 41.9432296753, 80.4404449463, 82.0448455811, 78.9841995239, 162.437225342, 135.450302124, 47.0802650452, 13.98097229, 0.701766610146, 0.0320813059807, 0.00187540624756, 0.000274183723377, 8.60089057824e-05, 0.000103513215436],
        "mean": [0.0448391623795, 0.426550477743, 1.38259744644, 2.73963785172, 11.3608312607, 24.4163131714, 32.6694335938, 47.7356529236, 30.7974853516, 33.8510475159, 52.2189750671, 50.6688919067, 46.301109314, 22.1182136536, 20.2787284851, 11.1517944336, 13.3291034698, 17.7490615845, 17.444606781, 7.43142271042, 4.80410051346, 6.55683326721, 7.11857557297, 3.98946046829, 3.03817892075, 2.01898670197, 1.45169436932, 3.30385422707, 3.74455189705, 2.20011711121, 1.82558512688, 1.20940184593, 0.501380085945, 0.125228017569, 0.00594179518521, 0.000313289172482, 3.43751962646e-05, 7.04874037183e-06, 1.39880567076e-05, 2.97275273624e-05],
        "median": [0.0373294353485, 0.289155423641, 0.863411724567, 1.59192419052, 5.01027297974, 12.2790489197, 16.6464061737, 20.9310874939, 13.7581110001, 13.979095459, 9.07900047302, 8.88141155243, 4.57693338394, 5.82198667526, 9.02326107025, 4.56758546829, 5.46226263046, 4.92040348053, 5.17090892792, 2.0865547657, 1.39123952389, 1.94594907761, 2.07777118683, 1.16242289543, 0.815206408501, 0.661654472351, 0.49948862195, 0.892904520035, 1.00277495384, 0.587759137154, 0.377665191889, 0.230312243104, 0.083840675652, 0.0204287692904, 0.000664648832753, 5.95316560066e-05, 1.52802822413e-05, 3.15994407174e-06, 1.18008410936e-05, 2.54265050899e-05],
        "min": [9.10081325856e-07, 4.58713930129e-06, 6.35888181932e-06, 9.0865585662e-05, 0.000526482530404, 0.000418143812567, 0.000160116760526, 0.000706951424945, 0.00097084796289, 0.000182159157703, 2.37146286963e-05, 5.34466153113e-06, 2.60159004029e-06, 2.54864171438e-05, 1.62716296472e-05, 5.0913904488e-06, 2.09173704206e-05, 1.66235458892e-05, 5.34260470886e-05, 1.48202361743e-05, 1.76383000507e-05, 2.06515251193e-05, 2.4131124519e-05, 7.04322064848e-06, 3.64181164514e-06, 4.5093938752e-06, 7.725137948e-06, 2.19267967623e-05, 4.42328564532e-05, 2.25975363719e-05, 9.04436546989e-06, 6.35920514469e-06, 5.85377756579e-06, 6.12777114384e-07, 7.17633099612e-08, 2.42715607612e-08, 1.10126201491e-08, 5.14522557893e-09, 1.36646105542e-09, 5.02957064885e-10],
        "var": [0.0014777405886, 0.22143509984, 2.48904442787, 12.1262617111, 302.955932617, 1182.86047363, 2441.61987305, 5553.77099609, 2176.40332031, 3699.84326172, 24818.6640625, 20156.4375, 19039.3691406, 3683.86206055, 1333.77587891, 410.376983643, 686.382385254, 1312.23242188, 2598.2409668, 237.739471436, 127.900299072, 142.957946777, 149.001312256, 66.1815414429, 53.4377975464, 21.8967876434, 8.98742198944, 52.7706642151, 49.6746559143, 36.9934082031, 64.2303848267, 41.4529876709, 5.32060623169, 0.318788379431, 0.00100738112815, 2.16036801248e-06, 9.96672344655e-09, 3.26162374886e-10, 1.01093987348e-10, 3.97921307016e-10]
    },
    "gfcc": {
        "mean": [-63.7057189941, 165.929870605, -132.606018066, 43.9638137817, -79.505065918, 9.07291698456, -32.6822052002, -20.6454944611, 1.16918516159, -21.2894248962, 10.9275722504, -14.774181366, 4.77707433701],
        "cov": [[3819.61743164, -1003.21520996, -712.905151367, 148.545089722, -601.21472168, 78.8459777832, -62.5327682495, 195.886993408, 53.5362167358, -7.8054895401, -155.095855713, 48.4526176453, 0.054862704128], [-1003.21520996, 893.810119629, 92.9845581055, -282.360443115, 394.207275391, -181.89994812, 139.502670288, -100.315734863, 27.695734024, -46.4722633362, 76.4684066772, -51.4141845703, -29.7716712952], [-712.905151367, 92.9845581055, 551.054870605, 80.7210235596, 34.1963005066, 101.489715576, -59.9915657043, -52.7459259033, -70.7225112915, 4.34359502792, 42.0431175232, -8.39108371735, -15.0557689667], [148.545089722, -282.360443115, 80.7210235596, 303.66708374, -51.7541923523, 38.4678955078, -68.606086731, -1.94624173641, -6.63376235962, -9.39719772339, -23.0057029724, 27.9739189148, 21.213596344], [-601.21472168, 394.207275391, 34.1963005066, -51.7541923523, 328.513366699, -75.9381256104, 26.5134010315, -21.951128006, -4.58961439133, -5.94790649414, 35.681186676, -24.6996860504, 1.58317601681], [78.8459777832, -181.89994812, 101.489715576, 38.4678955078, -75.9381256104, 210.831939697, 0.0278601441532, 45.5438613892, -46.168510437, 16.7551040649, 11.7193412781, -15.2211475372, -9.77945423126], [-62.5327682495, 139.502670288, -59.9915657043, -68.606086731, 26.5134010315, 0.0278601441532, 160.378540039, 20.6668968201, 5.92845487595, -2.17208576202, 11.106180191, -8.11145305634, -20.9987049103], [195.886993408, -100.315734863, -52.7459259033, -1.94624173641, -21.951128006, 45.5438613892, 20.6668968201, 154.306213379, 0.601838767529, 7.01953649521, -0.348508626223, -13.0274734497, 1.4237306118], [53.5362167358, 27.695734024, -70.7225112915, -6.63376235962, -4.58961439133, -46.168510437, 5.92845487595, 0.601838767529, 123.523139954, 11.1139421463, -25.9151344299, 6.06138420105, -7.55309057236], [-7.8054895401, -46.4722633362, 4.34359502792, -9.39719772339, -5.94790649414, 16.7551040649, -2.17208576202, 7.01953649521, 11.1139421463, 105.581916809, 22.8787574768, -5.86000871658, 3.34372735023], [-155.095855713, 76.4684066772, 42.0431175232, -23.0057029724, 35.681186676, 11.7193412781, 11.106180191, -0.348508626223, -25.9151344299, 22.8787574768, 94.0304794312, 19.1029853821, 0.382324397564], [48.4526176453, -51.4141845703, -8.39108371735, 27.9739189148, -24.6996860504, -15.2211475372, -8.11145305634, -13.0274734497, 6.06138420105, -5.86000871658, 19.1029853821, 94.1957778931, 40.8710289001], [0.054862704128, -29.7716712952, -15.0557689667, 21.213596344, 1.58317601681, -9.77945423126, -20.9987049103, 1.4237306118, -7.55309057236, 3.34372735023, 0.382324397564, 40.8710289001, 78.1159286499]],
        "icov": [[0.000596691912506, -0.000311996700475, 0.000903115025721, -0.000440519797849, 0.00106541533023, -0.000279013882391, 0.000539318076335, -0.000528773816768, 0.000407475396059, -0.000222918301006, 0.000546819879673, -0.000449723302154, 0.00055402063299], [-0.000311996700475, 0.0141778700054, -0.00528087466955, 0.0091704512015, -0.0115168504417, 0.00662556756288, -0.00864472705871, 0.0057675675489, -0.00608491012827, 0.00784943439066, -0.00785195268691, 0.00703269941732, -0.00403604889289], [0.000903115025721, -0.00528087466955, 0.00554394954816, -0.00424016686156, 0.00482970429584, -0.00395365478471, 0.00449467776343, -0.00163671700284, 0.00336897280067, -0.00294153974392, 0.00262777018361, -0.00297338468954, 0.00284643471241], [-0.000440519797849, 0.0091704512015, -0.00424016686156, 0.0101157464087, -0.00758111476898, 0.00375199806876, -0.00435924530029, 0.00367017718963, -0.00408761110157, 0.00528663070872, -0.00394702190533, 0.00330068636686, -0.00301347230561], [0.00106541533023, -0.0115168504417, 0.00482970429584, -0.00758111476898, 0.014483361505, -0.00378821557388, 0.00678173452616, -0.00510609522462, 0.00519994925708, -0.00587152643129, 0.00490275351331, -0.00386898336001, 0.00250227563083], [-0.000279013882391, 0.00662556756288, -0.00395365478471, 0.00375199806876, -0.00378821557388, 0.0103284306824, -0.00484257843345, 0.000684549217112, -0.000945638574194, 0.0027237480972, -0.00426786765456, 0.00449774134904, -0.00174040545244], [0.000539318076335, -0.00864472705871, 0.00449467776343, -0.00435924530029, 0.00678173452616, -0.00484257843345, 0.0131046241149, -0.00448739808053, 0.00379507569596, -0.00445387559012, 0.00451387604699, -0.00539140077308, 0.00497218035161], [-0.000528773816768, 0.0057675675489, -0.00163671700284, 0.00367017718963, -0.00510609522462, 0.000684549217112, -0.00448739808053, 0.0103321010247, -0.00314957578667, 0.00329475989565, -0.00410516094416, 0.0046078148298, -0.00315536535345], [0.000407475396059, -0.00608491012827, 0.00336897280067, -0.00408761110157, 0.00519994925708, -0.000945638574194, 0.00379507569596, -0.00314957578667, 0.0132060013711, -0.0057760621421, 0.0069572487846, -0.00557452440262, 0.00470053916797], [-0.000222918301006, 0.00784943439066, -0.00294153974392, 0.00528663070872, -0.00587152643129, 0.0027237480972, -0.00445387559012, 0.00329475989565, -0.0057760621421, 0.0153363514692, -0.00833045691252, 0.0064440369606, -0.00435396190733], [0.000546819879673, -0.00785195268691, 0.00262777018361, -0.00394702190533, 0.00490275351331, -0.00426786765456, 0.00451387604699, -0.00410516094416, 0.0069572487846, -0.00833045691252, 0.019881201908, -0.0101119671017, 0.00546261994168], [-0.000449723302154, 0.00703269941732, -0.00297338468954, 0.00330068636686, -0.00386898336001, 0.00449774134904, -0.00539140077308, 0.0046078148298, -0.00557452440262, 0.0064440369606, -0.0101119671017, 0.0211261194199, -0.0114993229508], [0.00055402063299, -0.00403604889289, 0.00284643471241, -0.00301347230561, 0.00250227563083, -0.00174040545244, 0.00497218035161, -0.00315536535345, 0.00470053916797, -0.00435396190733, 0.00546261994168, -0.0114993229508, 0.0203860383481]]
    },
    "melbands": {
        "dmean": [0.000184189062566, 0.000276060280157, 0.000342605810147, 0.000635138188954, 0.000475008768262, 0.000412324909121, 0.00018835591618, 0.000172221334651, 0.000154150708113, 0.000111788649519, 8.8476408564e-05, 3.95817914978e-05, 3.16683363053e-05, 1.92390907614e-05, 1.18554044093e-05, 1.5980871467e-05, 1.84256932698e-05, 1.49965690071e-05, 5.9800145209e-06, 3.94682547267e-06, 2.29969396059e-06, 2.88239016299e-06, 4.6698778533e-06, 1.76155720055e-06, 1.28614499317e-06, 1.01915759387e-06, 1.10773646611e-06, 6.08484015174e-07, 4.71317946449e-07, 5.14739440405e-07, 9.41883001815e-07, 9.53859853325e-07, 8.78409139204e-07, 5.55733151941e-07, 6.59883880871e-07, 5.55675967462e-07, 4.17215460402e-07, 2.65432305468e-07, 1.56999163892e-07, 4.88344475968e-08],
        "dmean2": [0.000310179457301, 0.000461685529444, 0.000562056142371, 0.00101201725192, 0.000730112195015, 0.000649825087748, 0.000272384379059, 0.000248085561907, 0.000206844284548, 0.000148834951688, 0.000123619567603, 5.50014956389e-05, 4.75008273497e-05, 2.95322370221e-05, 1.8092807295e-05, 2.43717258854e-05, 2.86998983938e-05, 2.29131746892e-05, 8.9423119789e-06, 5.65631125937e-06, 3.41108102475e-06, 4.40403391622e-06, 7.0774476626e-06, 2.73221348834e-06, 1.99755891117e-06, 1.47411583384e-06, 1.61807031418e-06, 9.34032186706e-07, 7.45759848542e-07, 7.62625745665e-07, 1.37057475058e-06, 1.37992412874e-06, 1.29350348743e-06, 8.27900123568e-07, 1.02647982203e-06, 8.24519702292e-07, 6.37185280539e-07, 3.83700523798e-07, 2.34433613855e-07, 7.17730372912e-08],
        "dvar": [1.00993233332e-07, 2.1555588603e-07, 4.27897418831e-07, 1.34560912102e-06, 6.56785289266e-07, 6.54653433685e-07, 1.51492002942e-07, 1.93994978304e-07, 2.22930182758e-07, 1.20025916317e-07, 9.12610289561e-08, 1.77446413119e-08, 4.51035786497e-09, 1.49749801448e-09, 1.16296738906e-09, 1.40489453404e-09, 2.5491724287e-09, 2.44881381839e-09, 3.15720810606e-10, 1.89930238204e-10, 2.77981353214e-11, 4.10933717609e-11, 1.16744669487e-10, 1.20692622563e-11, 1.01198415967e-11, 7.99272280305e-12, 1.73947575094e-11, 3.78934080295e-12, 2.36304270422e-12, 2.21965349746e-12, 6.04722565425e-12, 5.27429402236e-12, 6.61999881996e-12, 5.44814757544e-12, 1.11182703669e-11, 7.40946887179e-12, 6.14645964334e-12, 2.30716899578e-12, 6.48346122883e-13, 6.89600964223e-14],
        "dvar2": [2.82142963215e-07, 5.69650524085e-07, 1.1361335055e-06, 3.21836432704e-06, 1.53381085966e-06, 1.76813796315e-06, 3.18659004961e-07, 4.26554663591e-07, 4.22565506142e-07, 2.04041484153e-07, 1.733430679e-07, 3.83894480649e-08, 9.94361837314e-09, 3.39392336457e-09, 2.42758724234e-09, 3.09849124136e-09, 6.4242478004e-09, 5.56480683755e-09, 6.56593390769e-10, 3.12389364376e-10, 6.0560334525e-11, 8.30137070196e-11, 2.53823323471e-10, 2.69383404472e-11, 2.26918015628e-11, 1.35216430067e-11, 3.29943398991e-11, 7.93808508509e-12, 5.60747108469e-12, 4.47723845845e-12, 1.17698724031e-11, 1.05090224717e-11, 1.3743568783e-11, 1.21144864973e-11, 2.78083268218e-11, 1.35293295664e-11, 1.28619250667e-11, 5.20052317182e-12, 1.32534326396e-12, 1.2722055397e-13],
        "max": [0.0038440474309, 0.00705115497112, 0.00940468348563, 0.0171644315124, 0.0135756907985, 0.0167838037014, 0.00858525838703, 0.00907244812697, 0.0104162497446, 0.0133540621027, 0.00595448538661, 0.00335259921849, 0.00142664264422, 0.000927112007048, 0.00113330362365, 0.000878459657542, 0.0011831872398, 0.00130129430909, 0.000621722720098, 0.000654981820844, 0.000103536796814, 0.000144418430864, 0.000222228933126, 5.59142899874e-05, 7.23771954654e-05, 8.07499527582e-05, 0.00010783901962, 4.54109031125e-05, 3.19323080475e-05, 2.60558572336e-05, 6.40796788502e-05, 5.21003094036e-05, 5.42589477845e-05, 5.00365349581e-05, 9.32437396841e-05, 9.20472011785e-05, 7.89175683167e-05, 4.22310477006e-05, 2.38788634306e-05, 8.71160591487e-06],
        "mean": [0.000447735335911, 0.000684267026372, 0.000648382585496, 0.00139157683589, 0.00114860269241, 0.00102894706652, 0.000467772508273, 0.000390546745621, 0.00041407631943, 0.000291828066111, 0.000220372705371, 8.61822773004e-05, 6.27626141068e-05, 3.79014018108e-05, 2.11889182538e-05, 3.15357756335e-05, 3.38619320246e-05, 2.93562789011e-05, 1.21148614198e-05, 9.51016227191e-06, 4.77719322589e-06, 6.01894680585e-06, 9.29178077058e-06, 4.40635267296e-06, 3.07671484734e-06, 2.1820026177e-06, 2.11868928091e-06, 1.1113262417e-06, 8.44316673465e-07, 1.10266785214e-06, 2.24313635044e-06, 2.17916567635e-06, 1.83824852229e-06, 9.66847210293e-07, 1.05331730538e-06, 9.65878712123e-07, 6.54762402519e-07, 3.76366358523e-07, 2.18785018546e-07, 6.22405806894e-08],
        "median": [0.000361650425475, 0.000458246271592, 0.000367537257262, 0.00064625905361, 0.00067900045542, 0.000469671183964, 0.000199790636543, 0.000145225742017, 6.14119344391e-05, 4.62471216451e-05, 1.6723130102e-05, 1.97540157387e-05, 2.7077516279e-05, 1.80096867552e-05, 8.18321859697e-06, 1.26905642901e-05, 7.8998191384e-06, 7.66889479564e-06, 3.79525204153e-06, 1.57527233569e-06, 1.43286331422e-06, 1.74144008724e-06, 2.23649863074e-06, 1.38423320095e-06, 8.1512308725e-07, 5.54474524961e-07, 4.61890493852e-07, 3.27910868236e-07, 2.40875067448e-07, 3.29645104102e-07, 5.2338060641e-07, 5.62618254207e-07, 4.82796281176e-07, 2.27400235531e-07, 2.03711920221e-07, 1.90210670326e-07, 1.00155254756e-07, 5.55892789578e-08, 3.6743358578e-08, 6.91551971244e-09],
        "min": [7.9164861333e-09, 3.86538445696e-09, 2.90758883636e-08, 3.9247357364e-08, 6.57360388345e-09, 1.61745941085e-08, 1.35379192301e-08, 1.22180521256e-09, 1.27144864082e-10, 2.27193229507e-11, 8.29097294291e-12, 9.53119388969e-11, 7.34933641722e-11, 1.73949899623e-11, 1.40530408491e-11, 6.52021284187e-11, 2.24571299057e-11, 8.48458386882e-11, 4.26978973012e-11, 1.06564887123e-11, 2.59730500995e-11, 2.52805745088e-11, 2.0983487517e-11, 1.82173338914e-11, 4.31365360098e-12, 1.86817163302e-12, 3.84863972289e-12, 2.69637524114e-12, 2.98711619676e-12, 8.0877977926e-12, 1.38715271908e-11, 2.6518832269e-11, 2.04098838524e-11, 9.30135135579e-12, 5.20926921391e-12, 4.56258815451e-12, 3.51031790441e-12, 4.25536429011e-12, 2.15418850293e-12, 8.87944299794e-14],
        "var": [1.56060437462e-07, 5.24203528585e-07, 7.37990603739e-07, 4.16440389017e-06, 2.19556386583e-06, 2.3353375127e-06, 5.40294308848e-07, 5.56195118406e-07, 1.46947229496e-06, 7.06160449226e-07, 4.73384005772e-07, 7.22498185723e-08, 1.30694335354e-08, 3.67107455546e-09, 2.02573402497e-09, 4.41374048421e-09, 6.06239147771e-09, 7.64638397044e-09, 7.97757138127e-10, 1.05221953373e-09, 9.23351672899e-11, 1.41344699833e-10, 3.33370775429e-10, 5.48251097299e-11, 4.93351540176e-11, 2.74711364767e-11, 3.81148723694e-11, 6.97485515525e-12, 3.78865905662e-12, 6.15508815791e-12, 2.79647208168e-11, 1.68044744786e-11, 1.67327905004e-11, 1.07729302909e-11, 2.1912980111e-11, 2.2014601947e-11, 1.4043938755e-11, 3.38062910998e-12, 9.31325437777e-13, 1.08072229009e-13]
    },
    "mfcc": {
        "mean": [-688.102111816, 161.902008057, 14.6808185577, 20.9264564514, -6.23647260666, 11.2809009552, -15.1928730011, 1.97656595707, -13.0785017014, -4.33304166794, -0.05573637411, 0.791980922222, -6.8498878479],
        "cov": [[4293.52880859, -1204.53674316, -440.922241211, -102.600997925, -490.500579834, -91.734703064, -342.676330566, 168.200164795, 44.5473251343, -8.8758392334, 165.502883911, -109.063430786, -166.111785889], [-1204.53674316, 1191.32727051, -221.433029175, -28.0237922668, 129.326873779, -44.5718536377, 132.771743774, -48.6578941345, -25.9189739227, 20.5957660675, 40.1715240479, -9.68830394745, 21.6781711578], [-440.922241211, -221.433029175, 565.192749023, -11.5636005402, 53.9928474426, 92.7071228027, 48.4125213623, -10.4304389954, -43.7575683594, -15.8629760742, -65.8132247925, 56.1835250854, 39.4749603271], [-102.600997925, -28.0237922668, -11.5636005402, 238.397201538, 58.9625396729, 3.30290722847, -40.2279777527, -6.68368434906, 10.5423994064, -32.9765701294, -48.1772232056, 15.3687362671, 21.7795639038], [-490.500579834, 129.326873779, 53.9928474426, 58.9625396729, 251.475967407, -0.334372222424, 47.7727394104, -33.2768974304, 1.17831063271, -5.43020772934, -36.9777946472, 17.3149471283, 28.6255664825], [-91.734703064, -44.5718536377, 92.7071228027, 3.30290722847, -0.334372222424, 133.645095825, -0.766803741455, -13.5387859344, -12.6199731827, -7.56800317764, -17.8076686859, 21.4858436584, 0.323841392994], [-342.676330566, 132.771743774, 48.4125213623, -40.2279777527, 47.7727394104, -0.766803741455, 234.508666992, -1.79410564899, -25.0826015472, 29.2591743469, 17.591091156, -10.7404747009, 9.51955318451], [168.200164795, -48.6578941345, -10.4304389954, -6.68368434906, -33.2768974304, -13.5387859344, -1.79410564899, 138.482284546, 11.1452293396, 1.38495016098, -0.753172814846, -12.8470211029, -19.2504043579], [44.5473251343, -25.9189739227, -43.7575683594, 10.5423994064, 1.17831063271, -12.6199731827, -25.0826015472, 11.1452293396, 103.230560303, 6.58760976791, 3.77951407433, -6.84112071991, -5.10706806183], [-8.8758392334, 20.5957660675, -15.8629760742, -32.9765701294, -5.43020772934, -7.56800317764, 29.2591743469, 1.38495016098, 6.58760976791, 136.449829102, 38.4061470032, -22.139623642, -16.2067127228], [165.502883911, 40.1715240479, -65.8132247925, -48.1772232056, -36.9777946472, -17.8076686859, 17.591091156, -0.753172814846, 3.77951407433, 38.4061470032, 152.187850952, -26.9560146332, -14.2170953751], [-109.063430786, -9.68830394745, 56.1835250854, 15.3687362671, 17.3149471283, 21.4858436584, -10.7404747009, -12.8470211029, -6.84112071991, -22.139623642, -26.9560146332, 95.2178268433, 31.1720657349], [-166.111785889, 21.6781711578, 39.4749603271, 21.7795639038, 28.6255664825, 0.323841392994, 9.51955318451, -19.2504043579, -5.10706806183, -16.2067127228, -14.2170953751, 31.1720657349, 84.2744140625]],
