{
"lowlevel": {
    "average_loudness": 0.0208099037409,
    "barkbands_crest": {
        "dmean": 2.19388628006,
        "dmean2": 3.29869961739,
        "dvar": 6.10865736008,
        "dvar2": 12.136223793,
        "max": 26.4876422882,
        "mean": 14.0446891785,
        "median": 13.4374256134,
        "min": 2.66643881798,
        "var": 37.5754737854
    },
    "barkbands_flatness_db": {
        "dmean": 0.0234278850257,
        "dmean2": 0.0324185974896,
        "dvar": 0.000710746156983,
        "dvar2": 0.00137299671769,
        "max": 0.429293990135,
        "mean": 0.224127158523,
        "median": 0.238204061985,
        "min": 0.0279909688979,
        "var": 0.00692666880786
    },
    "barkbands_kurtosis": {
        "dmean": 5.01732206345,
        "dmean2": 7.57039022446,
        "dvar": 271.456878662,
        "dvar2": 642.867736816,
        "max": 425.914031982,
        "mean": 9.7665309906,
        "median": 4.35691261292,
        "min": -1.72007286549,
        "var": 389.186065674
    },
    "barkbands_skewness": {
        "dmean": 0.64337605238,
        "dmean2": 0.898953318596,
        "dvar": 0.85781955719,
        "dvar2": 1.55089843273,
        "max": 14.5176925659,
        "mean": 1.3995295763,
        "median": 1.1677365303,
        "min": -5.10640668869,
        "var": 4.77922916412
    },
    "barkbands_spread": {
        "dmean": 3.98322272301,
        "dmean2": 6.00380086899,
        "dvar": 52.6135826111,
        "dvar2": 123.372093201,
        "max": 84.7153778076,
        "mean": 12.4455547333,
        "median": 7.75025987625,
        "min": 0.276280015707,
        "var": 147.160354614
    },
    "dissonance": {
        "dmean": 0.0367132648826,
        "dmean2": 0.0613207928836,
        "dvar": 0.0014642564347,
        "dvar2": 0.00395793607458,
        "max": 0.499850511551,
        "mean": 0.40972957015,
        "median": 0.421582639217,
        "min": 0.146018132567,
        "var": 0.0046893209219
    },
    "dynamic_complexity": 14.3819723129,
    "erbbands_crest": {
        "dmean": 2.70426106453,
        "dmean2": 3.96753096581,
        "dvar": 8.12456989288,
        "dvar2": 16.1468029022,
        "max": 34.2454032898,
        "mean": 17.2614097595,
        "median": 16.7793941498,
        "min": 3.24622750282,
        "var": 54.1001853943
    },
    "erbbands_flatness_db": {
        "dmean": 0.0209029819816,
        "dmean2": 0.0285845734179,
        "dvar": 0.00052365247393,
        "dvar2": 0.000980137614533,
        "max": 0.442040085793,
        "mean": 0.256411999464,
        "median": 0.262248784304,
        "min": 0.0661330074072,
        "var": 0.00583514850587
    },
    "erbbands_kurtosis": {
        "dmean": 3.09308052063,
        "dmean2": 4.76873636246,
        "dvar": 32.1681938171,
        "dvar2": 71.6117324829,
        "max": 104.009750366,
        "mean": 6.3799123764,
        "median": 3.41482257843,
        "min": -1.67526364326,
        "var": 76.6788635254
    },
    "erbbands_skewness": {
        "dmean": 0.526059865952,
        "dmean2": 0.747703611851,
        "dvar": 0.404243171215,
        "dvar2": 0.738657593727,
        "max": 8.00033283234,
        "mean": 0.808634161949,
        "median": 0.762342453003,
        "min": -5.77044582367,
        "var": 2.4011592865
    },
    "erbbands_spread": {
        "dmean": 5.52966403961,
        "dmean2": 8.29024600983,
        "dvar": 83.4658813477,
        "dvar2": 200.389434814,
        "max": 104.670562744,
        "mean": 20.4477519989,
        "median": 14.512295723,
        "min": 0.788538336754,
        "var": 320.832824707
    },
    "hfc": {
        "dmean": 2.13750481606,
        "dmean2": 2.82884979248,
        "dvar": 33.2463150024,
        "dvar2": 51.6641464233,
        "max": 160.551467896,
        "mean": 8.96863079071,
        "median": 0.558365821838,
        "min": 1.12059586951e-16,
        "var": 485.778411865
    },
    "melbands_crest": {
        "dmean": 2.70985937119,
        "dmean2": 4.03770875931,
        "dvar": 7.82233572006,
        "dvar2": 15.7468423843,
        "max": 33.8356971741,
        "mean": 17.0849552155,
        "median": 17.0410766602,
        "min": 2.01878094673,
        "var": 52.1558761597
    },
    "melbands_flatness_db": {
        "dmean": 0.0252916608006,
        "dmean2": 0.0347691439092,
        "dvar": 0.00100586016197,
        "dvar2": 0.00179984606802,
        "max": 0.529846191406,
        "mean": 0.276867479086,
        "median": 0.29166713357,
        "min": 0.00908533856273,
        "var": 0.0108656287193
    },
    "melbands_kurtosis": {
        "dmean": 8.0239315033,
        "dmean2": 12.19008255,
        "dvar": 422.765106201,
        "dvar2": 904.636535645,
        "max": 297.092254639,
        "mean": 18.1990127563,
        "median": 5.76686573029,
        "min": -1.77976155281,
        "var": 1441.24450684
    },
    "melbands_skewness": {
        "dmean": 0.69758617878,
        "dmean2": 0.977469682693,
        "dvar": 0.976543486118,
        "dvar2": 1.69806408882,
        "max": 14.9898080826,
        "mean": 1.93027091026,
        "median": 1.27974104881,
        "min": -3.78893327713,
        "var": 7.9785490036
    },
    "melbands_spread": {
        "dmean": 7.47021627426,
        "dmean2": 11.5403852463,
        "dvar": 350.992858887,
        "dvar2": 824.122070312,
        "max": 203.834503174,
        "mean": 19.5711975098,
        "median": 10.3092956543,
        "min": 0.539784133434,
        "var": 717.745910645
    },
    "pitch_salience": {
        "dmean": 0.057872146368,
        "dmean2": 0.086770772934,
        "dvar": 0.00413384288549,
        "dvar2": 0.00806700251997,
        "max": 0.882819056511,
        "mean": 0.493186950684,
        "median": 0.485377043486,
        "min": 0.0905854478478,
        "var": 0.0260839033872
    },
    "silence_rate_20dB": {
        "dmean": 0,
        "dmean2": 0,
        "dvar": 0,
        "dvar2": 0,
        "max": 1,
        "mean": 1,
        "median": 1,
        "min": 1,
        "var": 0
    },
    "silence_rate_30dB": {
        "dmean": 0.00464396271855,
        "dmean2": 0.00929511990398,
        "dvar": 0.00462236069143,
        "dvar2": 0.00920881610364,
        "max": 1,
        "mean": 0.986852288246,
        "median": 1,
        "min": 0,
        "var": 0.0129750538617
    },
    "silence_rate_60dB": {
        "dmean": 0.0386996902525,
        "dmean2": 0.0774593353271,
        "dvar": 0.0372022092342,
        "dvar2": 0.0761065110564,
        "max": 1,
        "mean": 0.688321709633,
        "median": 1,
        "min": 0,
        "var": 0.214533805847
    },
    "spectral_centroid": {
        "dmean": 203.950469971,
        "dmean2": 275.379669189,
        "dvar": 244970.484375,
        "dvar2": 362237.28125,
        "max": 10914.625,
        "mean": 1139.9140625,
        "median": 840.571472168,
        "min": 230.056427002,
        "var": 1029607.9375
    },
    "spectral_complexity": {
        "dmean": 0.616099059582,
        "dmean2": 1.00542211533,
        "dvar": 1.1838927269,
        "dvar2": 2.47789740562,
        "max": 22,
        "mean": 2.75251364708,
        "median": 2,
        "min": 0,
        "var": 9.47315406799
    },
    "spectral_decrease": {
        "dmean": 4.14824563588e-10,
        "dmean2": 5.3483484308e-10,
        "dvar": 1.33083144879e-18,
        "dvar2": 2.08705754238e-18,
        "max": -6.92986848698e-29,
        "mean": -2.02848471353e-09,
        "median": -1.68547356627e-10,
        "min": -3.7642749362e-08,
        "var": 2.57990701282e-17
    },
    "spectral_energy": {
        "dmean": 0.00175306468736,
        "dmean2": 0.00227095116861,
        "dvar": 2.28372191486e-05,
        "dvar2": 3.55352785846e-05,
        "max": 0.156634658575,
        "mean": 0.00846945121884,
        "median": 0.000735427485779,
        "min": 1.04256786197e-20,
        "var": 0.00044484945829
    },
    "spectral_energyband_high": {
        "dmean": 8.84474793565e-05,
        "dmean2": 0.000134465153678,
        "dvar": 1.98985247835e-07,
        "dvar2": 3.62216184158e-07,
        "max": 0.00810737255961,
        "mean": 0.000180399481906,
        "median": 1.33702624225e-05,
        "min": 7.49479434025e-21,
        "var": 6.24218330358e-07
    },
    "spectral_energyband_low": {
        "dmean": 1.98527141038e-05,
        "dmean2": 3.3782209357e-05,
        "dvar": 6.59034204986e-09,
        "dvar2": 1.58983102239e-08,
        "max": 0.001743494533,
        "mean": 5.47412491869e-05,
        "median": 4.12104554925e-06,
        "min": 2.18287389246e-23,
        "var": 2.96082518503e-08
    },
    "spectral_energyband_middle_high": {
        "dmean": 0.00125377753284,
        "dmean2": 0.00153668120038,
        "dvar": 1.86295692401e-05,
        "dvar2": 2.45256542257e-05,
        "max": 0.152083769441,
        "mean": 0.00596701307222,
        "median": 7.89192563388e-05,
        "min": 1.52000687859e-21,
        "var": 0.000376757379854
    },
    "spectral_energyband_middle_low": {
        "dmean": 0.000749000522774,
        "dmean2": 0.00100768916309,
        "dvar": 6.12931717114e-06,
        "dvar2": 1.04547016235e-05,
        "max": 0.0630241706967,
        "mean": 0.00251785712317,
        "median": 0.000364470499335,
        "min": 3.89692415174e-22,
        "var": 3.37121236953e-05
    },
    "spectral_entropy": {
        "dmean": 0.203318759799,
        "dmean2": 0.277144342661,
        "dvar": 0.0571092553437,
        "dvar2": 0.107193440199,
        "max": 9.80961608887,
        "mean": 6.76653814316,
        "median": 6.74578809738,
        "min": 4.70068311691,
        "var": 0.732616603374
    },
    "spectral_flux": {
        "dmean": 0.00999942049384,
        "dmean2": 0.0165139995515,
        "dvar": 0.000424379250035,
        "dvar2": 0.00114443979692,
        "max": 0.358076691628,
        "mean": 0.0229491759092,
        "median": 0.00989716965705,
        "min": 1.02106212374e-10,
        "var": 0.00121317594312
    },
    "spectral_kurtosis": {
        "dmean": 3.98165655136,
        "dmean2": 6.55567455292,
        "dvar": 60.3889846802,
        "dvar2": 160.34588623,
        "max": 134.700790405,
        "mean": 12.8106584549,
        "median": 6.11362934113,
        "min": -1.20287597179,
        "var": 312.382537842
    },
    "spectral_rms": {
        "dmean": 0.000243174858042,
        "dmean2": 0.000316723831929,
        "dvar": 1.78285830543e-07,
        "dvar2": 2.73413803598e-07,
        "max": 0.01236180868,
        "mean": 0.00174208218232,
        "median": 0.000847047951538,
        "min": 3.18926222237e-12,
        "var": 5.22803247804e-06
    },
    "spectral_rolloff": {
        "dmean": 463.01373291,
        "dmean2": 714.434997559,
        "dvar": 1675812,
        "dvar2": 3182881.5,
        "max": 18755.4199219,
        "mean": 1683.96459961,
        "median": 882.861328125,
        "min": 193.798828125,
        "var": 5185486.5
    },
    "spectral_skewness": {
        "dmean": 0.359164565802,
        "dmean2": 0.55743855238,
        "dvar": 0.238516539335,
        "dvar2": 0.600183129311,
        "max": 9.53890419006,
        "mean": 2.55783200264,
        "median": 2.12498354912,
        "min": -0.590332150459,
        "var": 2.30482006073
    },
    "spectral_spread": {
        "dmean": 576057.375,
        "dmean2": 817799.125,
        "dvar": 1.10291949978e+12,
        "dvar2": 1.46378286694e+12,
        "max": 40472136,
        "mean": 4627449.5,
        "median": 4506754,
        "min": 715214.0625,
        "var": 5.22950541312e+12
    },
    "spectral_strongpeak": {
        "dmean": 0.356699883938,
        "dmean2": 0.56494474411,
        "dvar": 0.606653928757,
        "dvar2": 1.59735655785,
        "max": 15.268620491,
        "mean": 1.27997374535,
        "median": 0.266295999289,
        "min": 0,
        "var": 5.67170190811
    },
    "zerocrossingrate": {
        "dmean": 0.0123075600713,
        "dmean2": 0.0128390360624,
        "dvar": 0.000556711340323,
        "dvar2": 0.000554535712581,
        "max": 0.48095703125,
        "mean": 0.0656683519483,
        "median": 0.044921875,
        "min": 0.00927734375,
        "var": 0.00452755577862
    },
    "barkbands": {
        "dmean": [3.34028186444e-07, 2.66527536041e-06, 7.7331542343e-06, 3.112027116e-05, 4.26061415055e-05, 0.000130403554067, 0.000182351272088, 0.000111592642497, 0.000276840495644, 0.000520854664501, 0.000690295535605, 0.000274386111414, 7.48750971979e-05, 7.37166556064e-05, 7.23296252545e-05, 9.80329423328e-06, 5.17308626513e-06, 1.02698750197e-05, 1.78221907845e-05, 1.84153723239e-05, 1.7728554667e-05, 2.02905484912e-05, 2.67660689133e-05, 1.95649208763e-05, 1.40390893648e-05, 6.39781865175e-06, 2.79929707858e-07],
        "dmean2": [5.72520207243e-07, 4.60900491817e-06, 1.35316740852e-05, 5.24363204022e-05, 6.26997716608e-05, 0.000166618890944, 0.000263760826783, 0.000162496406119, 0.000370588735677, 0.000638114230242, 0.000907017674763, 0.000395136419684, 8.76815392985e-05, 0.000106693616544, 7.83512368798e-05, 1.3824047528e-05, 7.67313213146e-06, 1.47349946928e-05, 2.61046207015e-05, 2.54047881754e-05, 2.69347292488e-05, 3.16385558108e-05, 4.19846946897e-05, 2.97285041597e-05, 2.07519151445e-05, 9.97918141366e-06, 4.7234780709e-07],
        "dvar": [2.11712524139e-13, 4.00008116908e-11, 8.473147739e-10, 1.73189551589e-08, 1.47018903718e-08, 2.84598002054e-07, 6.7574330842e-07, 4.35276973576e-07, 3.72461408915e-06, 3.70152361029e-06, 2.15856562136e-05, 5.69932126382e-06, 9.20140408311e-08, 1.13604301077e-07, 2.8206574143e-07, 2.12169792846e-09, 2.01836686253e-10, 1.25987209554e-09, 4.2373340392e-09, 8.59429949429e-09, 8.65230287417e-09, 1.63873483672e-08, 3.37902612557e-08, 1.11238422917e-08, 6.49541176401e-09, 2.72498712484e-09, 4.35398895757e-12],
        "dvar2": [5.84723133627e-13, 1.070533176e-10, 2.21058948924e-09, 4.12782590331e-08, 2.86574053376e-08, 4.62157203174e-07, 1.34537924623e-06, 9.10462233605e-07, 7.16599333828e-06, 4.59104012407e-06, 2.96055350191e-05, 1.25238557303e-05, 1.18430442342e-07, 1.99549006652e-07, 3.30263247861e-07, 3.78581122007e-09, 4.09615535935e-10, 2.36102049023e-09, 7.81717535148e-09, 1.84451955931e-08, 1.90512832177e-08, 3.91538321765e-08, 7.66489023363e-08, 2.48605473985e-08, 1.21781358331e-08, 4.9676018854e-09, 9.68145008606e-12],
        "max": [4.94766663905e-06, 0.000120014352433, 0.000630222901236, 0.00310911610723, 0.003667332232, 0.0184133369476, 0.0213388968259, 0.0210474096239, 0.055740095675, 0.053006734699, 0.146009728312, 0.0911885946989, 0.00841317791492, 0.00718206120655, 0.0273229815066, 0.00101540458854, 0.000414152862504, 0.000778967980295, 0.00161246268544, 0.00379649433307, 0.00189648580272, 0.00269336882047, 0.00319238682278, 0.00277146534063, 0.00227251183242, 0.00142110022716, 4.2251060222e-05],
        "mean": [4.63348186486e-07, 4.63461037725e-06, 1.67265898199e-05, 8.00758207333e-05, 0.000110552602564, 0.000450622261269, 0.000563067675103, 0.00032130771433, 0.000547510106117, 0.00152368494309, 0.00334354490042, 0.000653027673252, 0.000166755577084, 0.000164620301803, 0.000236338368268, 1.73341668415e-05, 1.14046988529e-05, 1.99441437871e-05, 3.62404171028e-05, 3.58124270861e-05, 2.79855539702e-05, 3.00393985526e-05, 3.8482437958e-05, 3.29837348545e-05, 2.52102690865e-05, 1.07137066152e-05, 3.7740744574e-07],
        "median": [2.87350331973e-07, 1.14396380013e-06, 7.92554374129e-07, 2.79945334114e-06, 1.44246496347e-05, 1.06930110633e-05, 6.30381691735e-06, 2.59003945757e-06, 6.16360057393e-06, 1.10424425657e-05, 1.2908391227e-06, 3.18287038681e-06, 1.19585115499e-06, 6.98881990502e-07, 8.02540967015e-07, 6.51447578548e-07, 1.03439401755e-06, 1.00222348465e-06, 3.19564151141e-06, 1.93203777599e-06, 7.66808398112e-07, 2.69007273346e-07, 4.91319667617e-07, 2.31650983551e-06, 1.92452080228e-06, 3.53879499926e-07, 2.44537923244e-09],
        "min": [1.0745636059e-23, 3.91888269457e-24, 1.13925832539e-23, 3.74480633634e-24, 8.37823355906e-23, 9.38760822411e-23, 6.18364271558e-23, 5.9650518831e-23, 7.9694559354e-23, 2.69574849677e-23, 1.31444396405e-22, 4.85985239063e-23, 4.09463017575e-23, 1.56500347938e-22, 1.27478256209e-22, 2.1788593162e-22, 1.29499582906e-22, 1.49705478754e-22, 3.78157047308e-22, 2.26019201149e-22, 3.41809239803e-22, 6.41311856637e-22, 9.65051183488e-22, 6.27972862441e-22, 1.36655538339e-21, 1.69015920287e-21, 1.9632493682e-21],
        "var": [2.92870138948e-13, 1.37726718918e-10, 3.01371927414e-09, 8.14478440248e-08, 9.82718546538e-08, 2.003081363e-06, 2.89350214189e-06, 3.43514193446e-06, 1.20230597531e-05, 3.25626315316e-05, 0.000269013893558, 2.63276233454e-05, 4.72202287938e-07, 4.46081173777e-07, 3.73377019969e-06, 5.62798208037e-09, 9.9504315898e-10, 4.34999058996e-09, 1.43931337959e-08, 4.73562948855e-08, 2.18318980671e-08, 3.1618572649e-08, 5.01207644277e-08, 2.71775082439e-08, 1.05034212439e-08, 4.22021884106e-09, 6.61159321735e-12]
    },
    "erbbands": {
        "dmean": [5.82113934797e-05, 0.000739613024052, 0.00668900366873, 0.0550140477717, 0.169864267111, 0.104849621654, 0.362447112799, 1.30239987373, 2.5953168869, 1.82636916637, 2.95475077629, 4.69673109055, 12.959690094, 21.1162796021, 31.3479404449, 11.1645421982, 3.56666994095, 3.68071627617, 4.26028013229, 0.981745183468, 0.443472981453, 0.257929831743, 0.317101895809, 0.849890291691, 0.938116371632, 0.79367095232, 0.615745067596, 0.788960397243, 0.761899888515, 0.519834339619, 0.790113449097, 0.589437961578, 0.244363337755, 0.162649914622, 0.100533500314, 0.0366935506463, 0.0115821845829, 0.00152383558452, 3.40608530678e-05, 3.238004183e-06],
        "dmean2": [0.000102074962342, 0.00129020493478, 0.0116834929213, 0.0920818150043, 0.268192589283, 0.156253188848, 0.431145906448, 1.71773767471, 3.78222846985, 2.58853936195, 4.2184252739, 6.55723428726, 15.7555475235, 25.5929088593, 33.445941925, 13.5440311432, 4.11312484741, 5.2241768837, 4.75852155685, 1.16051113605, 0.617368578911, 0.384891241789, 0.44913110137, 1.20335793495, 1.35900878906, 1.06385576725, 0.9015417099, 1.22846508026, 1.18397247791, 0.785393416882, 1.18289601803, 0.947874248028, 0.355162829161, 0.231046199799, 0.153662905097, 0.0552801638842, 0.017777595669, 0.00243464438245, 5.60005719308e-05, 4.53953043689e-06],
        "dvar": [8.36623836875e-09, 3.93747905036e-06, 0.000513967941515, 0.0545962005854, 0.306791424751, 0.0604268833995, 3.18110179901, 33.7181854248, 148.743667603, 46.637134552, 364.795379639, 1163.29699707, 3897.17529297, 5217.05126953, 38514.1015625, 5290.62597656, 221.636230469, 293.036895752, 1035.20483398, 22.1754436493, 3.64169955254, 0.495812296867, 0.868608295918, 6.68077516556, 15.2823553085, 12.8536338806, 11.1516599655, 20.3332500458, 21.8621692657, 9.99854469299, 26.3802757263, 15.0284671783, 1.30643284321, 0.892445743084, 0.293885052204, 0.0658651292324, 0.0116147901863, 0.000151951477164, 7.41640704405e-08, 1.35308889093e-10],
        "dvar2": [2.33444232833e-08, 1.07265977931e-05, 0.00140089320485, 0.126400589943, 0.662182986736, 0.12032725662, 2.92242884636, 71.5777130127, 282.212921143, 84.8882446289, 683.824645996, 2453.03125, 5350.88671875, 7666.98583984, 38910.6367188, 9445.125, 319.946411133, 550.067749023, 1237.33605957, 30.4690971375, 6.7475605011, 1.03220081329, 1.78219044209, 13.6369838715, 28.5986099243, 17.8919830322, 21.8603286743, 41.8548927307, 51.8753623962, 23.1527614594, 58.4934082031, 33.3637504578, 2.70670866966, 1.73196589947, 0.545457839966, 0.114995479584, 0.0239959191531, 0.00030289607821, 1.48008183487e-07, 2.40780201333e-10],
        "max": [0.0010961847147, 0.037312425673, 0.459023237228, 5.54035139084, 15.1274929047, 6.86615848541, 73.2613067627, 165.080215454, 332.64352417, 176.363952637, 566.575866699, 829.857788086, 1344.82995605, 2075.92260742, 6434.66992188, 3804.85839844, 447.864990234, 421.635772705, 1616.86828613, 218.510772705, 56.9055175781, 22.9492073059, 21.2569293976, 51.7022247314, 142.723724365, 165.98866272, 94.9947738647, 91.7257995605, 90.4983062744, 55.5889358521, 91.0491104126, 90.6547393799, 23.4646911621, 26.8820838928, 14.5769586563, 7.1387181282, 3.17315626144, 0.327661126852, 0.00657505402341, 0.000267131748842],
        "mean": [8.35112805362e-05, 0.00147171714343, 0.0165715739131, 0.149681225419, 0.427425056696, 0.272264420986, 0.931329190731, 4.2021946907, 9.15484333038, 5.26996660233, 8.81259346008, 9.82828521729, 33.9146156311, 76.9589996338, 114.055770874, 30.1769199371, 8.77311992645, 11.7365589142, 14.1929292679, 3.13241100311, 1.03268384933, 0.622735083103, 0.76786595583, 1.73170375824, 2.0354681015, 1.73378574848, 1.07919323444, 1.23289227486, 1.157148242, 0.772856593132, 1.17357850075, 0.910511016846, 0.437465727329, 0.280923992395, 0.177966400981, 0.0621191337705, 0.0175538156182, 0.0023979479447, 5.84684457863e-05, 1.24512280308e-05],
        "median": [4.17543997173e-05, 0.000235043029534, 0.000956302916165, 0.00635670311749, 0.0254626106471, 0.0642023086548, 0.0744073539972, 0.168458387256, 0.232078522444, 0.108269825578, 0.150421187282, 0.294992655516, 0.313116639853, 0.26285931468, 0.149049639702, 0.20450116694, 0.127737626433, 0.0541116259992, 0.0492322072387, 0.0393656864762, 0.0503652133048, 0.0572608783841, 0.0587349906564, 0.127530232072, 0.149373099208, 0.0926174744964, 0.0269139781594, 0.0400667525828, 0.0143945803866, 0.00674523133785, 0.017982551828, 0.0280095171183, 0.042285092175, 0.0286178346723, 0.00647344812751, 0.00158734130673, 0.000724473618902, 8.62835222506e-05, 3.10558584715e-06, 1.18592913623e-06],
        "min": [2.53804699767e-22, 6.99464966009e-22, 1.00151441964e-20, 1.49589474549e-20, 7.0539914074e-20, 3.83326068259e-19, 4.68735542583e-19, 9.55230652918e-19, 1.0265686735e-18, 8.46263410791e-19, 1.03694172518e-18, 1.83700311795e-18, 1.30345590642e-18, 2.56798386603e-18, 4.88850341693e-18, 1.47624545778e-18, 1.83049796282e-18, 7.1622707196e-18, 4.24012947431e-18, 1.22797724717e-17, 1.05475421181e-17, 6.99695040238e-18, 8.3836814762e-18, 1.42802525349e-17, 1.81600472451e-17, 1.1057701625e-17, 1.09996889671e-17, 1.74914536996e-17, 2.2372297424e-17, 1.91310431333e-17, 2.94826063119e-17, 1.78499322704e-17, 1.09012379305e-17, 1.59635171049e-17, 9.15808217541e-18, 6.91926863028e-18, 2.86464557528e-18, 1.14967920484e-18, 2.58815973175e-19, 3.03625691126e-20],
        "var": [1.38952360729e-08, 1.51566764544e-05, 0.00206239963882, 0.26510104537, 1.8564388752, 0.360900938511, 16.7903213501, 166.540084839, 736.71105957, 240.771850586, 2670.15893555, 2720.76953125, 19288.1484375, 66107.9375, 320320.0625, 42465.6992188, 1167.83850098, 1986.75537109, 13844.9511719, 236.476577759, 16.2669448853, 2.85896539688, 4.17141151428, 24.0754756927, 82.434928894, 94.8359832764, 33.1476402283, 46.7266387939, 45.4448394775, 19.3330860138, 44.2103424072, 28.1760082245, 3.24374866486, 1.4062769413, 0.49084675312, 0.10941105336, 0.0148177007213, 0.000222264890908, 1.11162798078e-07, 8.0464634955e-10]
    },
    "gfcc": {
        "mean": [-251.715759277, 81.1097869873, -112.753517151, -7.94041919708, -80.1499404907, 4.44990444183, -41.544719696, 10.2054395676, -39.2330513, -3.23373031616, -8.79767131805, -4.73314142227, -5.99722146988],
        "cov": [[28262.1914062, -6193.53613281, -3598.98950195, -912.309020996, -901.901489258, 9.41313266754, -806.938537598, 1117.78613281, -1859.25671387, 856.089660645, 150.144165039, -283.748535156, -77.3225326538], [-6193.53613281, 4397.25390625, 903.836669922, -656.768920898, 477.589691162, -6.59018993378, 333.918762207, -527.691589355, 450.281982422, -404.441497803, 102.295425415, -238.776290894, 65.5052642822], [-3598.98950195, 903.836669922, 1493.4185791, 372.585754395, -142.480148315, -62.8997993469, 69.8343811035, -136.618133545, 231.662124634, -203.325561523, -128.345535278, 28.1393489838, -65.1514587402], [-912.309020996, -656.768920898, 372.585754395, 1014.85430908, -75.4531326294, -45.9646606445, -113.860923767, -11.2578649521, 102.643043518, -111.820106506, -104.469429016, 86.5617523193, -108.030075073], [-901.901489258, 477.589691162, -142.480148315, -75.4531326294, 457.155273438, 131.959487915, 29.643289566, -97.9374237061, 19.9193382263, -25.6217403412, -22.7842311859, -85.0026626587, -54.5916404724], [9.41313266754, -6.59018993378, -62.8997993469, -45.9646606445, 131.959487915, 379.692352295, 180.615020752, -50.5147438049, -68.0530700684, 31.8307189941, -107.777633667, -81.9707336426, -90.1243438721], [-806.938537598, 333.918762207, 69.8343811035, -113.860923767, 29.643289566, 180.615020752, 368.687011719, -57.5477294922, 21.7897281647, 5.42609453201, -59.6517753601, -66.2556610107, -59.975353241], [1117.78613281, -527.691589355, -136.618133545, -11.2578649521, -97.9374237061, -50.5147438049, -57.5477294922, 306.528198242, -66.4607467651, 36.0015678406, -32.2913131714, -4.84173536301, 34.5733985901], [-1859.25671387, 450.281982422, 231.662124634, 102.643043518, 19.9193382263, -68.0530700684, 21.7897281647, -66.4607467651, 371.220092773, -23.5395107269, -65.7809066772, -22.555639267, -4.00561571121], [856.089660645, -404.441497803, -203.325561523, -111.820106506, -25.6217403412, 31.8307189941, 5.42609453201, 36.0015678406, -23.5395107269, 240.645950317, 15.4932031631, 2.55470991135, -13.2828054428], [150.144165039, 102.295425415, -128.345535278, -104.469429016, -22.7842311859, -107.777633667, -59.6517753601, -32.2913131714, -65.7809066772, 15.4932031631, 245.331848145, 113.900520325, 51.6118583679], [-283.748535156, -238.776290894, 28.1393489838, 86.5617523193, -85.0026626587, -81.9707336426, -66.2556610107, -4.84173536301, -22.555639267, 2.55470991135, 113.900520325, 238.187088013, 74.7051773071], [-77.3225326538, 65.5052642822, -65.1514587402, -108.030075073, -54.5916404724, -90.1243438721, -59.975353241, 34.5733985901, -4.00561571121, -13.2828054428, 51.6118583679, 74.7051773071, 201.16569519]],
        "icov": [[0.000124120153487, 5.2209252317e-05, 0.000197299566935, 7.58793830755e-05, 0.000285838876152, 2.76115279121e-05, 0.000235753628658, -4.16578259319e-05, 0.000409894739278, -8.18085391074e-05, 7.94594743638e-05, 0.000269183219643, 0.000185152151971], [5.2209252317e-05, 0.000917449884582, -0.000453253072919, 0.000668597815093, -0.000562473898754, 0.000113922011224, -0.000348940637195, 0.000693348352797, -0.000605376553722, 0.00108004407957, -0.00100784818642, 0.00111376610585, -0.000486995617393], [0.000197299566935, -0.000453253072919, 0.00165304366965, -0.000370691588614, 0.00127226568293, 0.000190130376723, 0.000449185405159, -6.66846754029e-05, 0.000743605778553, -8.00014386186e-05, 0.00130529107992, -0.000502378854435, 0.000996751943603], [7.58793830755e-05, 0.000668597815093, -0.000370691588614, 0.00203812448308, -0.000111430119432, 0.00011279584578, 0.000449409883004, 0.000483380892547, -0.000551391218323, 0.00136503123213, 0.000260310334852, -0.000301526742987, 0.000981456250884], [0.000285838876152, -0.000562473898754, 0.00127226568293, -0.000111430119432, 0.00421685725451, -0.00111882248893, 0.00146851548925, 0.000183193056728, 0.00102343421895, -0.000282560504274, 0.000724261335563, 0.000541840854567, 0.00130936631467], [2.76115279121e-05, 0.000113922011224, 0.000190130376723, 0.00011279584578, -0.00111882248893, 0.00525778159499, -0.00201165443286, 0.000837927043904, 0.00150616560131, -0.000534522114322, 0.00228526303545, -0.000280610634945, 0.00091641250765], [0.000235753628658, -0.000348940637195, 0.000449185405159, 0.000449409883004, 0.00146851548925, -0.00201165443286, 0.00477031618357, -0.000111039815238, 0.00056449288968, -0.000423243734986, 0.000630161666777, 0.000230846009799, 0.00126553140581], [-4.16578259319e-05, 0.000693348352797, -6.66846754029e-05, 0.000483380892547, 0.000183193056728, 0.000837927043904, -0.000111039815238, 0.00491499621421, 8.96155397641e-05, 0.000562044035178, 0.000695341324899, 0.000857124920003, -0.000914312782697], [0.000409894739278, -0.000605376553722, 0.000743605778553, -0.000551391218323, 0.00102343421895, 0.00150616560131, 0.00056449288968, 8.96155397641e-05, 0.00571759650484, -0.00178343616426, 0.00246907887049, 0.000198690337129, 0.000693640206009], [-8.18085391074e-05, 0.00108004407957, -8.00014386186e-05, 0.00136503123213, -0.000282560504274, -0.000534522114322, -0.000423243734986, 0.000562044035178, -0.00178343616426, 0.00672187563032, -0.00130717991851, 0.000368745648302, 0.000391833775211], [7.94594743638e-05, -0.00100784818642, 0.00130529107992, 0.000260310334852, 0.000724261335563, 0.00228526303545, 0.000630161666777, 0.000695341324899, 0.00246907887049, -0.00130717991851, 0.00907003413886, -0.00449473084882, 0.0015149806859], [0.000269183219643, 0.00111376610585, -0.000502378854435, -0.000301526742987, 0.000541840854567, -0.000280610634945, 0.000230846009799, 0.000857124920003, 0.000198690337129, 0.000368745648302, -0.00449473084882, 0.00902933534235, -0.00281265471131], [0.000185152151971, -0.000486995617393, 0.000996751943603, 0.000981456250884, 0.00130936631467, 0.00091641250765, 0.00126553140581, -0.000914312782697, 0.000693640206009, 0.000391833775211, 0.0015149806859, -0.00281265471131, 0.00804649572819]]
    },
    "melbands": {
        "dmean": [5.99093596065e-07, 2.48139622272e-06, 1.29837208078e-05, 1.04916889541e-05, 1.06658499135e-05, 2.8250118703e-05, 3.99947530241e-05, 2.03572617465e-05, 2.81124266621e-05, 3.44735635736e-05, 6.7614550062e-05, 8.85890767677e-05, 0.000112386071123, 3.78273398383e-05, 1.80144706974e-05, 6.75114233673e-06, 6.5577364694e-06, 6.59983061269e-06, 3.30207080879e-06, 6.70313681894e-07, 5.2702728226e-07, 2.76295878621e-07, 2.87916520847e-07, 4.98246095049e-07, 7.49979790271e-07, 7.81799599281e-07, 7.76850811235e-07, 5.52009908006e-07, 3.91866961991e-07, 4.23102790137e-07, 5.2535267514e-07, 5.20296111972e-07, 3.33297776933e-07, 3.15124253802e-07, 4.89659669256e-07, 5.00409669257e-07, 3.25969011783e-07, 1.78664393502e-07, 1.55539908064e-07, 1.43271179809e-07],
        "dmean2": [1.03686022612e-06, 4.34130879512e-06, 2.15118670894e-05, 1.59289411386e-05, 1.26381046357e-05, 3.7169411371e-05, 5.76814200031e-05, 2.89776489808e-05, 3.90128079744e-05, 4.66387828055e-05, 8.21437643026e-05, 0.000105940584035, 0.000127796010929, 4.58048634755e-05, 2.28667740885e-05, 9.13249186851e-06, 9.29744055611e-06, 7.74301952333e-06, 3.79314383281e-06, 9.56691451393e-07, 7.26548194052e-07, 4.29236678201e-07, 4.04022671319e-07, 7.15158591902e-07, 1.09571271878e-06, 1.12087127491e-06, 1.12957809506e-06, 8.04289754797e-07, 5.68809241486e-07, 6.42141060325e-07, 8.27112387469e-07, 8.44150576995e-07, 5.00403359638e-07, 4.92624621984e-07, 7.2925826089e-07, 8.45235661018e-07, 5.15378303589e-07, 2.62594596734e-07, 2.27975377243e-07, 2.10783653642e-07],
        "dvar": [1.34609836298e-12, 6.82464154633e-11, 2.3150203976e-09, 9.5876273587e-10, 2.76189138226e-09, 1.39565301538e-08, 3.48892505997e-08, 6.18669782071e-09, 3.3147912859e-08, 5.52871597392e-08, 9.73079039568e-08, 9.55927959012e-08, 4.62915892285e-07, 6.12819874846e-08, 2.85163270775e-08, 6.64696131469e-10, 1.03595076961e-09, 2.38002750841e-09, 5.39284727985e-10, 1.0018309099e-11, 4.20856752226e-12, 5.12537115614e-13, 6.87107217911e-13, 3.35177632177e-12, 5.3384237135e-12, 8.75039624093e-12, 2.45069017163e-11, 6.68613428512e-12, 4.27969205213e-12, 5.38454046975e-12, 1.10353236965e-11, 1.18934567056e-11, 4.26579388133e-12, 4.50341456834e-12, 1.00900399147e-11, 1.43418332765e-11, 4.69136752015e-12, 8.3005276914e-13, 5.36123012304e-13, 7.21198816812e-13],
        "dvar2": [3.69264471431e-12, 1.89304655285e-10, 5.51178569452e-09, 1.95732896557e-09, 2.38757702498e-09, 2.73185687405e-08, 6.7795660641e-08, 1.13143459046e-08, 6.18258511054e-08, 1.07041465469e-07, 1.33619963094e-07, 1.30144229615e-07, 5.11371752054e-07, 8.79244268503e-08, 4.96688663532e-08, 1.04967079473e-09, 1.94058125125e-09, 2.9563005377e-09, 6.16518947005e-10, 1.98397808598e-11, 7.46978087024e-12, 1.16908121638e-12, 1.29904843393e-12, 6.78772012555e-12, 1.1404467648e-11, 1.55223455617e-11, 6.09066200252e-11, 1.09176860261e-11, 7.55714501394e-12, 1.24015095068e-11, 2.2694924065e-11, 3.01003388881e-11, 9.00749873994e-12, 1.14302491083e-11, 2.40674910557e-11, 3.10701984974e-11, 1.08818405675e-11, 1.74734673345e-12, 1.13241946202e-12, 1.37809262699e-12],
        "max": [1.89095480891e-05, 0.000163427379448, 0.00105381489266, 0.000889353395905, 0.00219737621956, 0.0034466504585, 0.00501383282244, 0.00172123278026, 0.00465282425284, 0.00619673542678, 0.00674933567643, 0.00906584318727, 0.0242614541203, 0.0115966210142, 0.00533015839756, 0.000625332409982, 0.000798296183348, 0.00232724170201, 0.00118466420099, 8.72042073752e-05, 5.55191072635e-05, 1.56330079335e-05, 2.37688927882e-05, 4.34022695117e-05, 4.44317338406e-05, 8.73197859619e-05, 0.000193807209143, 0.000103785976535, 6.71310917824e-05, 4.69918959425e-05, 7.32771441108e-05, 6.97042778484e-05, 5.98824190092e-05, 4.09383392252e-05, 5.80604792049e-05, 8.42326626298e-05, 6.67199274176e-05, 2.14780866372e-05, 1.76278044819e-05, 2.32408074226e-05],
        "mean": [9.85003680398e-07, 5.71526061321e-06, 3.49445072061e-05, 2.71130320471e-05, 2.64254322246e-05, 9.70404871623e-05, 0.000137596958666, 5.25130271853e-05, 6.92687826813e-05, 7.29135790607e-05, 0.00017031027528, 0.000290743948426, 0.000494648818858, 9.27285509533e-05, 3.2727359212e-05, 2.01785060199e-05, 1.9465403966e-05, 2.09567479033e-05, 9.93244248093e-06, 1.59914804954e-06, 1.04771220322e-06, 5.81126130328e-07, 5.94394691689e-07, 1.00612635379e-06, 1.40249949254e-06, 1.52513575813e-06, 1.44433113292e-06, 1.04605737761e-06, 6.44267799998e-07, 6.00023440711e-07, 7.83813732141e-07, 7.32928583602e-07, 4.37627704741e-07, 4.32337344591e-07, 6.93751815106e-07, 6.79884408328e-07, 5.07621905399e-07, 3.02398319718e-07, 2.5904395784e-07, 2.3104024649e-07],
        "median": [3.87146002367e-07, 4.12750011947e-07, 1.7981807332e-06, 2.66856613962e-06, 2.00757403945e-06, 2.75607681033e-06, 1.92819675249e-06, 6.80678454046e-07, 1.01720138446e-06, 1.04335902051e-06, 1.16622118185e-06, 8.59503529682e-07, 2.24249603775e-07, 4.1354996938e-07, 4.07769817912e-07, 1.08985950931e-07, 6.65976429559e-08, 6.91181369916e-08, 5.22834788796e-08, 3.92990244791e-08, 5.98862754941e-08, 4.98599774801e-08, 5.37302504711e-08, 4.23939106042e-08, 9.54987839918e-08, 1.03533594142e-07, 7.53644755491e-08, 5.01006560683e-08, 1.53396211289e-08, 1.17901217678e-08, 2.23567226953e-08, 7.05755232033e-09, 1.35343958263e-09, 1.6504978495e-09, 6.96414925727e-09, 1.38840832165e-08, 1.42551073168e-08, 1.98849594568e-08, 2.97907138957e-08, 1.71393033099e-08],
        "min": [2.18181867267e-24, 3.68671895801e-24, 3.47793824198e-24, 1.538371693e-23, 1.93052186427e-23, 2.12093174532e-23, 1.41049102937e-23, 1.10145973958e-23, 7.3538213119e-24, 1.24035274366e-23, 5.99259448829e-24, 9.12816354752e-24, 1.97909534342e-23, 5.63991055478e-24, 3.49786013528e-24, 5.4220082401e-24, 1.47294435838e-23, 7.06740721646e-24, 1.03612864599e-23, 2.01492067257e-23, 1.09947961982e-23, 8.55579920685e-24, 4.18348991358e-24, 9.16836942128e-24, 1.17662185442e-23, 1.40164852971e-23, 9.84273111041e-24, 6.94551558483e-24, 5.93449606591e-24, 8.30662486816e-24, 1.15370867946e-23, 1.28808308828e-23, 1.17352667977e-23, 9.61596752118e-24, 1.58577828909e-23, 1.70438573501e-23, 8.89159441724e-24, 6.39984826934e-24, 9.92073367672e-24, 1.47421868428e-23],
        "var": [3.6121099601e-12, 2.71924316397e-10, 1.16274678774e-08, 6.01213701046e-09, 1.47903493897e-08, 8.85821478391e-08, 1.6388264612e-07, 2.74246119147e-08, 1.75235058464e-07, 1.82258418135e-07, 4.89394551551e-07, 1.02223157228e-06, 5.87983140576e-06, 4.75243041365e-07, 6.31291996456e-08, 5.53550227878e-09, 6.01847238713e-09, 3.1224676178e-08, 5.55068258024e-09, 4.09859507444e-11, 1.76999751661e-11, 2.23216150425e-12, 3.34148789367e-12, 1.12654026732e-11, 1.68056141919e-11, 2.87679220723e-11, 9.40607106092e-11, 3.43294524752e-11, 1.2296104239e-11, 1.13492097664e-11, 2.19918371708e-11, 2.07927806917e-11, 7.77672370944e-12, 6.49835220357e-12, 1.59879453426e-11, 1.86135724889e-11, 1.01017302162e-11, 1.8592109189e-12, 9.81675678247e-13, 1.0880135768e-12]
    },
    "mfcc": {
        "mean": [-879.623046875, 101.053840637, 13.0340852737, -4.59291791916, -11.4627666473, -21.3638782501, 7.04140996933, -7.88202762604, -9.04164791107, -3.99791836739, -8.74884605408, -4.47687578201, -6.96861696243],
        "cov": [[15335.0029297, -359.489990234, -3089.94482422, -1445.11071777, -490.326477051, -760.140625, 1009.7154541, -837.561340332, -246.196517944, 170.766311646, -334.297241211, -160.590606689, 55.2494430542], [-359.489990234, 2331.94995117, 30.7898597717, -329.169342041, 110.85572052, -87.901473999, 173.542938232, -125.498352051, -52.7330284119, -179.782852173, 5.66011238098, -28.7100696564, -24.4344615936], [-3089.94482422, 30.7898597717, 1608.83178711, 563.280212402, -33.5149879456, 135.52166748, -331.700500488, 257.814910889, 14.7373790741, -31.4854068756, 80.8207092285, -30.6260967255, -96.9184799194], [-1445.11071777, -329.169342041, 563.280212402, 589.20904541, 118.288276672, 35.2973098755, -237.479370117, 153.716445923, -34.8271179199, 24.7654247284, -3.03812551498, 13.2667827606, -65.0090484619], [-490.326477051, 110.85572052, -33.5149879456, 118.288276672, 355.294555664, 4.49248552322, -102.677604675, 7.66464757919, -15.0860509872, 18.1734390259, -63.5899047852, -3.32885694504, -1.28885221481], [-760.140625, -87.901473999, 135.52166748, 35.2973098755, 4.49248552322, 538.118286133, 36.5498390198, 66.9183578491, 57.2462615967, 36.0702476501, 97.1726150513, 10.300699234, 68.375831604], [1009.7154541, 173.542938232, -331.700500488, -237.479370117, -102.677604675, 36.5498390198, 394.568054199, -33.9710884094, -39.3678817749, -55.4356803894, 5.52256917953, -20.3060035706, 40.0729064941], [-837.561340332, -125.498352051, 257.814910889, 153.716445923, 7.66464757919, 66.9183578491, -33.9710884094, 242.730484009, 22.1796607971, -1.05801403522, 19.3049297333, 5.78994369507, -12.7588481903], [-246.196517944, -52.7330284119, 14.7373790741, -34.8271179199, -15.0860509872, 57.2462615967, -39.3678817749, 22.1796607971, 231.027481079, 118.195724487, 45.5352630615, -65.8636322021, -40.1597595215], [170.766311646, -179.782852173, -31.4854068756, 24.7654247284, 18.1734390259, 36.0702476501, -55.4356803894, -1.05801403522, 118.195724487, 241.164398193, 71.6403579712, -65.9820785522, -53.1122779846], [-334.297241211, 5.66011238098, 80.8207092285, -3.03812551498, -63.5899047852, 97.1726150513, 5.52256917953, 19.3049297333, 45.5352630615, 71.6403579712, 173.093109131, 20.9598503113, 6.98665904999], [-160.590606689, -28.7100696564, -30.6260967255, 13.2667827606, -3.32885694504, 10.300699234, -20.3060035706, 5.78994369507, -65.8636322021, -65.9820785522, 20.9598503113, 173.049880981, 77.2428207397], [55.2494430542, -24.4344615936, -96.9184799194, -65.0090484619, -1.28885221481, 68.375831604, 40.0729064941, -12.7588481903, -40.1597595215, -53.1122779846, 6.98665904999, 77.2428207397, 197.364318848]],
