{
"lowlevel": {
    "average_loudness": 0.926090657711,
    "barkbands_crest": {
        "dmean": 2.26833987236,
        "dmean2": 3.52835464478,
        "dvar": 4.81261110306,
        "dvar2": 11.7548122406,
        "max": 23.1665744781,
        "mean": 10.5852975845,
        "median": 10.0832071304,
        "min": 3.31784677505,
        "var": 13.9186477661
    },
    "barkbands_flatness_db": {
        "dmean": 0.0194550082088,
        "dmean2": 0.0279068946838,
        "dvar": 0.000365056097507,
        "dvar2": 0.000732668384444,
        "max": 0.282350748777,
        "mean": 0.140212193131,
        "median": 0.138949051499,
        "min": 0.0317971222103,
        "var": 0.00125199521426
    },
    "barkbands_kurtosis": {
        "dmean": 2.47386217117,
        "dmean2": 3.78106760979,
        "dvar": 11.7283811569,
        "dvar2": 26.1402320862,
        "max": 48.539440155,
        "mean": 4.56486129761,
        "median": 2.95898008347,
        "min": -1.78887116909,
        "var": 30.8639812469
    },
    "barkbands_skewness": {
        "dmean": 0.442026376724,
        "dmean2": 0.650290369987,
        "dvar": 0.211645022035,
        "dvar2": 0.451157301664,
        "max": 5.88845300674,
        "mean": 1.5860953331,
        "median": 1.54045295715,
        "min": -1.68827223778,
        "var": 0.949877202511
    },
    "barkbands_spread": {
        "dmean": 4.49474382401,
        "dmean2": 6.43033409119,
        "dvar": 41.4207191467,
        "dvar2": 75.5905685425,
        "max": 91.3545379639,
        "mean": 17.8439540863,
        "median": 15.2165317535,
        "min": 2.28649735451,
        "var": 121.583251953
    },
    "dissonance": {
        "dmean": 0.0257115904242,
        "dmean2": 0.0424295961857,
        "dvar": 0.000506385811605,
        "dvar2": 0.00139012897853,
        "max": 0.499037384987,
        "mean": 0.437768220901,
        "median": 0.443145781755,
        "min": 0.314732700586,
        "var": 0.00108326901682
    },
    "dynamic_complexity": 3.37684988976,
    "erbbands_crest": {
        "dmean": 2.52461981773,
        "dmean2": 3.93381619453,
        "dvar": 5.64746522903,
        "dvar2": 12.4905061722,
        "max": 27.1102218628,
        "mean": 11.1349935532,
        "median": 10.4599914551,
        "min": 2.53242206573,
        "var": 20.3520355225
    },
    "erbbands_flatness_db": {
        "dmean": 0.017660645768,
        "dmean2": 0.0242540612817,
        "dvar": 0.000337702716934,
        "dvar2": 0.000577673257794,
        "max": 0.272104620934,
        "mean": 0.161538153887,
        "median": 0.164060026407,
        "min": 0.0556736551225,
        "var": 0.00146632024553
    },
    "erbbands_kurtosis": {
        "dmean": 1.06435883045,
        "dmean2": 1.57343435287,
        "dvar": 1.74224257469,
        "dvar2": 3.66532683372,
        "max": 20.2452468872,
        "mean": 1.40864872932,
        "median": 0.822932481766,
        "min": -1.79767715931,
        "var": 6.12205791473
    },
    "erbbands_skewness": {
        "dmean": 0.349845767021,
        "dmean2": 0.507424890995,
        "dvar": 0.102982603014,
        "dvar2": 0.219247728586,
        "max": 3.90576863289,
        "mean": 0.801385879517,
        "median": 0.777670443058,
        "min": -1.3342550993,
        "var": 0.52685970068
    },
    "erbbands_spread": {
        "dmean": 7.21659231186,
        "dmean2": 10.3608255386,
        "dvar": 90.8815689087,
        "dvar2": 176.176818848,
        "max": 121.978096008,
        "mean": 34.2621421814,
        "median": 30.196975708,
        "min": 7.14761829376,
        "var": 360.224121094
    },
    "hfc": {
        "dmean": 5.24959039688,
        "dmean2": 7.7268705368,
        "dvar": 46.8147621155,
        "dvar2": 107.344268799,
        "max": 82.9129638672,
        "mean": 22.2999839783,
        "median": 21.9967517853,
        "min": 1.14364562123e-16,
        "var": 214.370223999
    },
    "melbands_crest": {
        "dmean": 2.53425168991,
        "dmean2": 3.86171865463,
        "dvar": 6.33923149109,
        "dvar2": 14.5493822098,
        "max": 29.687702179,
        "mean": 13.3252353668,
        "median": 12.5629444122,
        "min": 1.74600625038,
        "var": 21.0775680542
    },
    "melbands_flatness_db": {
        "dmean": 0.020799677819,
        "dmean2": 0.0299909058958,
        "dvar": 0.000482468371047,
        "dvar2": 0.000981767312624,
        "max": 0.366753757,
        "mean": 0.201720774174,
        "median": 0.202373847365,
        "min": 0.00355401751585,
        "var": 0.00191171735059
    },
    "melbands_kurtosis": {
        "dmean": 4.91788768768,
        "dmean2": 7.66537380219,
        "dvar": 69.1309738159,
        "dvar2": 179.134750366,
        "max": 114.938705444,
        "mean": 10.497590065,
        "median": 7.5388469696,
        "min": -1.19927191734,
        "var": 130.553634644
    },
    "melbands_skewness": {
        "dmean": 0.533871352673,
        "dmean2": 0.793106615543,
        "dvar": 0.42312669754,
        "dvar2": 0.998160719872,
        "max": 8.94079303741,
        "mean": 2.19658374786,
        "median": 2.04280948639,
        "min": -0.196914210916,
        "var": 1.59327399731
    },
    "melbands_spread": {
        "dmean": 4.61625337601,
        "dmean2": 6.62985658646,
        "dvar": 47.0024375916,
        "dvar2": 75.2002105713,
        "max": 135.597915649,
        "mean": 18.9399166107,
        "median": 16.1631832123,
        "min": 2.34101343155,
        "var": 130.382751465
    },
    "pitch_salience": {
        "dmean": 0.0565751045942,
        "dmean2": 0.0871772170067,
        "dvar": 0.00294096767902,
        "dvar2": 0.00779127655551,
        "max": 0.825774610043,
        "mean": 0.533898591995,
        "median": 0.534623801708,
        "min": 0.264506846666,
        "var": 0.00889594014734
    },
    "silence_rate_20dB": {
        "dmean": 0,
        "dmean2": 0,
        "dvar": 0,
        "dvar2": 0,
        "max": 1,
        "mean": 1,
        "median": 1,
        "min": 1,
        "var": 0
    },
    "silence_rate_30dB": {
        "dmean": 0,
        "dmean2": 0,
        "dvar": 0,
        "dvar2": 0,
        "max": 1,
        "mean": 1,
        "median": 1,
        "min": 1,
        "var": 0
    },
    "silence_rate_60dB": {
        "dmean": 0.00772797549143,
        "dmean2": 0.0154679045081,
        "dvar": 0.00766815710813,
        "dvar2": 0.0198690928519,
        "max": 1,
        "mean": 0.0888030901551,
        "median": 0,
        "min": 0,
        "var": 0.0809189230204
    },
    "spectral_centroid": {
        "dmean": 170.436065674,
        "dmean2": 240.818389893,
        "dvar": 106236.375,
        "dvar2": 150376.390625,
        "max": 10881.3300781,
        "mean": 962.472290039,
        "median": 872.561645508,
        "min": 324.02053833,
        "var": 217260.234375
    },
    "spectral_complexity": {
        "dmean": 2.38021636009,
        "dmean2": 3.78190255165,
        "dvar": 9.8136844635,
        "dvar2": 22.9918289185,
        "max": 44,
        "mean": 14.8509654999,
        "median": 15,
        "min": 0,
        "var": 34.8774719238
    },
    "spectral_decrease": {
        "dmean": 1.70962621837e-09,
        "dmean2": 2.69902078465e-09,
        "dvar": 5.57147046636e-18,
        "dvar2": 1.4741940085e-17,
        "max": -1.56071308051e-28,
        "mean": -7.64757235316e-09,
        "median": -7.54143236747e-09,
        "min": -2.86312360487e-08,
        "var": 2.21117702727e-17
    },
    "spectral_energy": {
        "dmean": 0.00678572198376,
        "dmean2": 0.0107103930786,
        "dvar": 8.48757626954e-05,
        "dvar2": 0.000223721406655,
        "max": 0.112235292792,
        "mean": 0.030886368826,
        "median": 0.0310621764511,
        "min": 1.09622546887e-20,
        "var": 0.000349526439095
    },
    "spectral_energyband_high": {
        "dmean": 0.000305080786347,
        "dmean2": 0.000449710001703,
        "dvar": 3.34407729952e-07,
        "dvar2": 7.38660730804e-07,
        "max": 0.00980623718351,
        "mean": 0.000648493180051,
        "median": 0.000452449836303,
        "min": 7.81640927099e-21,
        "var": 6.28438044714e-07
    },
    "spectral_energyband_low": {
        "dmean": 0.00266769272275,
        "dmean2": 0.0044658514671,
        "dvar": 5.33229576831e-05,
        "dvar2": 0.000147295620991,
        "max": 0.0858718678355,
        "mean": 0.00584589829668,
        "median": 0.00411959784105,
        "min": 1.53639004285e-22,
        "var": 6.90606539138e-05
    },
    "spectral_energyband_middle_high": {
        "dmean": 0.00187570345588,
        "dmean2": 0.00263451342471,
        "dvar": 7.40852783565e-06,
        "dvar2": 1.50296691572e-05,
        "max": 0.0397533886135,
        "mean": 0.00646788626909,
        "median": 0.00444081053138,
        "min": 1.80112499737e-21,
        "var": 4.19821444666e-05
    },
    "spectral_energyband_middle_low": {
        "dmean": 0.00485062645748,
        "dmean2": 0.00719256140292,
        "dvar": 4.1625709855e-05,
        "dvar2": 9.24691557884e-05,
        "max": 0.0821239873767,
        "mean": 0.0184224285185,
        "median": 0.0159379057586,
        "min": 5.23539543057e-22,
        "var": 0.000182976888027
    },
    "spectral_entropy": {
        "dmean": 0.196460619569,
        "dmean2": 0.270571172237,
        "dvar": 0.0481877550483,
        "dvar2": 0.0805016979575,
        "max": 9.82025814056,
        "mean": 7.31057834625,
        "median": 7.29087543488,
        "min": 5.93666172028,
        "var": 0.168096229434
    },
    "spectral_flux": {
        "dmean": 0.0224346723408,
        "dmean2": 0.0349616222084,
        "dvar": 0.000646639207844,
        "dvar2": 0.00149951793719,
        "max": 0.236753702164,
        "mean": 0.071232073009,
        "median": 0.0619359984994,
        "min": 1.04700789705e-10,
        "var": 0.00185055367183
    },
    "spectral_kurtosis": {
        "dmean": 1.29092979431,
        "dmean2": 2.02654027939,
        "dvar": 2.2430036068,
        "dvar2": 5.01780605316,
        "max": 20.6493244171,
        "mean": 4.48396968842,
        "median": 4.18436861038,
        "min": -1.21418607235,
        "var": 6.06923294067
    },
    "spectral_rms": {
        "dmean": 0.000569391530007,
        "dmean2": 0.000884083914571,
        "dvar": 4.64941194878e-07,
        "dvar2": 1.17841739211e-06,
        "max": 0.0104641215876,
        "mean": 0.0051264455542,
        "median": 0.00550495786592,
        "min": 3.27030308216e-12,
        "var": 3.85262956115e-06
    },
    "spectral_rolloff": {
        "dmean": 380.69128418,
        "dmean2": 624.863525391,
        "dvar": 1050910.375,
        "dvar2": 1942851.5,
        "max": 18023.2910156,
        "mean": 1257.10546875,
        "median": 839.794921875,
        "min": 107.666015625,
        "var": 1701289.625
    },
    "spectral_skewness": {
        "dmean": 0.201535969973,
        "dmean2": 0.300284296274,
        "dvar": 0.0506879575551,
        "dvar2": 0.0961648747325,
        "max": 3.52751779556,
        "mean": 1.81174397469,
        "median": 1.81261587143,
        "min": -0.0131102064624,
        "var": 0.172369927168
    },
    "spectral_spread": {
        "dmean": 695402.0625,
        "dmean2": 920035.5625,
        "dvar": 1.7436606464e+12,
        "dvar2": 2.18625212416e+12,
        "max": 41015668,
        "mean": 5588110.5,
        "median": 5309586,
        "min": 2536758,
        "var": 3.68808925594e+12
    },
    "spectral_strongpeak": {
        "dmean": 0.619493842125,
        "dmean2": 1.00755167007,
        "dvar": 0.866225540638,
        "dvar2": 1.95055389404,
        "max": 9.97803401947,
        "mean": 1.61626112461,
        "median": 1.16282379627,
        "min": 0,
        "var": 2.37016224861
    },
    "zerocrossingrate": {
        "dmean": 0.010839164257,
        "dmean2": 0.0120733482763,
        "dvar": 0.000365403247997,
        "dvar2": 0.000364890816854,
        "max": 0.48046875,
        "mean": 0.0563363432884,
        "median": 0.05126953125,
        "min": 0.01318359375,
        "var": 0.00104042445309
    },
    "barkbands": {
        "dmean": [6.89515945851e-05, 0.00163942936342, 0.00125891261268, 0.000379210046958, 0.00222914176993, 0.00199520075694, 0.000658064440358, 0.00117109587882, 0.0011954245856, 0.000783927855082, 0.000412794732256, 0.000319411657983, 0.000290223018965, 0.000569003052078, 0.000374470459064, 0.000153427696205, 0.000102529716969, 0.000131626729853, 7.18136288924e-05, 6.08644950262e-05, 3.49088004441e-05, 6.75088231219e-05, 6.54995819787e-05, 6.5924032242e-05, 4.74247826787e-05, 4.90138227178e-05, 3.71170972358e-06],
        "dmean2": [0.000116083298053, 0.00274210213684, 0.0021505120676, 0.000643396400847, 0.00333049031906, 0.00297603779472, 0.00090300705051, 0.00167820625938, 0.00174720468931, 0.00111843808554, 0.000665115949232, 0.000494561274536, 0.00043909685337, 0.000804905372206, 0.00051621790044, 0.000230623511015, 0.000153919056174, 0.000195894186618, 0.000111350651423, 0.000100096091046, 5.73646866542e-05, 0.000106691128167, 9.74409485934e-05, 9.97852766886e-05, 6.98765652487e-05, 7.71470295149e-05, 5.64193624086e-06],
        "dvar": [4.70956287302e-08, 2.29960623983e-05, 1.68346432474e-05, 1.2725150782e-06, 1.81594623427e-05, 1.80108181667e-05, 4.20287233283e-06, 4.95752465213e-06, 7.96031054051e-06, 1.92904940377e-06, 1.54406859565e-06, 4.53664341649e-07, 5.45372699889e-07, 1.56958299158e-06, 7.37472191759e-07, 1.55801345159e-07, 6.90776857937e-08, 6.06592323038e-08, 1.95078744269e-08, 1.62518212221e-08, 5.708833406e-09, 3.11976542378e-08, 2.33144668016e-08, 2.38551809417e-08, 9.88847226324e-09, 1.03332338242e-08, 6.0965101023e-11],
        "dvar2": [1.24353505271e-07, 6.67558852001e-05, 4.64276708954e-05, 3.1956312796e-06, 3.99803357141e-05, 3.65520318155e-05, 7.59627528168e-06, 9.55728046392e-06, 1.81800369319e-05, 3.5410014334e-06, 3.67060306417e-06, 9.25916538108e-07, 1.30026319312e-06, 2.99980797536e-06, 1.24957830394e-06, 3.15948312846e-07, 1.41034817602e-07, 1.35427498549e-07, 4.52356907488e-08, 4.38450875606e-08, 1.54949884035e-08, 8.02019073376e-08, 4.32153655083e-08, 5.73381697677e-08, 1.95650020629e-08, 2.43927154031e-08, 1.36307326537e-10],
        "max": [0.0024478121195, 0.0575781650841, 0.0523921623826, 0.0202524662018, 0.0634680241346, 0.0632152035832, 0.0463873818517, 0.0494436435401, 0.0453867614269, 0.0221007931978, 0.0256760716438, 0.0119407158345, 0.0183533895761, 0.0219956878573, 0.016484098509, 0.00688989507034, 0.0078418655321, 0.00463993148878, 0.00162879261188, 0.00144301413093, 0.00146288832184, 0.00321173365228, 0.0037877948489, 0.00380668533035, 0.00181253813207, 0.000862441258505, 8.52433367982e-05],
        "mean": [7.54830034566e-05, 0.00275344378315, 0.00271727424115, 0.000675522605889, 0.00598898017779, 0.00443110242486, 0.00188669899944, 0.00259862630628, 0.00248124450445, 0.00166095385794, 0.000742939708289, 0.000684842059854, 0.000504507275764, 0.00127039384097, 0.000758157344535, 0.000281864835415, 0.000226129661314, 0.000319325510645, 0.000133770561661, 0.000112023066322, 6.63846876705e-05, 0.000112730325782, 0.000127192324726, 0.00012984170462, 8.25163879199e-05, 6.02164836891e-05, 4.19920615968e-06],
        "median": [3.31957267008e-06, 0.00103136105463, 0.00158743979409, 0.000234956969507, 0.0030911359936, 0.00188866071403, 0.000394101021811, 0.000921987288166, 0.000629368412774, 0.000495654472616, 0.000132393761305, 0.000228834775044, 0.000197686371394, 0.0002200731833, 0.000108908701804, 8.30685530673e-05, 4.96051870869e-05, 9.51521797106e-05, 6.43281746306e-05, 5.94190605625e-05, 4.20632422902e-05, 6.42847517156e-05, 7.04976700945e-05, 7.75654552854e-05, 3.59822734026e-05, 1.63895510923e-05, 6.9219697707e-07],
        "min": [3.30939897732e-23, 5.73243257937e-23, 4.82788900893e-23, 3.10478991553e-23, 4.42641718388e-23, 1.0721758186e-22, 7.94234310163e-23, 1.0916268566e-22, 1.29184871581e-22, 6.51072274846e-23, 1.1694252026e-22, 8.96055048446e-23, 7.42679536325e-23, 9.77863458414e-23, 1.28156373665e-22, 2.12071913153e-22, 2.33836345714e-22, 2.61315589596e-22, 2.83118215647e-22, 4.83681897748e-22, 4.95443220622e-22, 4.84139967188e-22, 5.25484911915e-22, 7.79396543355e-22, 1.35689144603e-21, 1.65487063992e-21, 2.46524278491e-21],
        "var": [4.37366374229e-08, 2.5065824957e-05, 1.74007636815e-05, 1.66250322309e-06, 6.15742756054e-05, 5.07297590957e-05, 2.93207867799e-05, 2.15556283365e-05, 2.42906389758e-05, 7.85880638432e-06, 4.02711702918e-06, 2.00571821551e-06, 1.01517673556e-06, 7.60490775065e-06, 3.00734814118e-06, 4.47414748805e-07, 3.78765122377e-07, 3.35426250331e-07, 3.96332957564e-08, 2.63605670625e-08, 6.91769175276e-09, 3.56140112956e-08, 4.77438000246e-08, 4.68056597924e-08, 2.21675122702e-08, 1.18486234157e-08, 7.58857837679e-11]
    },
    "erbbands": {
        "dmean": [0.0286784078926, 0.431330919266, 1.41312253475, 1.24413919449, 1.99689018726, 7.85845375061, 19.9018630981, 16.4458370209, 12.0702838898, 9.29383659363, 26.6276626587, 26.0381698608, 23.1220169067, 18.7221946716, 14.8861494064, 9.78545379639, 13.579208374, 18.9505844116, 23.7253608704, 13.7876405716, 7.73876714706, 6.44223403931, 6.81439733505, 4.8179101944, 2.65341091156, 3.05936551094, 1.72342133522, 1.45997524261, 2.23148560524, 2.48978614807, 1.83972680569, 1.19626486301, 1.26045870781, 0.62743473053, 0.315324276686, 0.243544474244, 0.0823378711939, 0.014441292733, 0.000375794566935, 1.58125276357e-05],
        "dmean2": [0.0476006120443, 0.722686707973, 2.34316444397, 2.15869092941, 3.31116819382, 11.9518814087, 28.5591621399, 24.5230197906, 16.6359462738, 13.052816391, 38.1778144836, 38.7301445007, 32.4443321228, 28.3046607971, 23.5992183685, 14.7494592667, 20.3207874298, 26.2053756714, 33.6795921326, 19.1824989319, 11.3815670013, 9.03654003143, 9.96833133698, 7.24299049377, 4.13825511932, 5.04828071594, 2.80273938179, 2.42339110374, 3.61092019081, 3.77562522888, 2.76167702675, 1.7959485054, 1.94364237785, 0.958613812923, 0.457071751356, 0.39384457469, 0.127265796065, 0.021883642301, 0.00056580407545, 2.33645241678e-05],
        "dvar": [0.00661792326719, 1.59247195721, 18.4419746399, 16.0639286041, 13.5951976776, 255.571289062, 1369.6171875, 1814.82397461, 1357.96435547, 398.524475098, 2452.98168945, 4483.99951172, 1985.22021484, 1706.95751953, 1255.99230957, 441.62890625, 1226.86254883, 2089.87133789, 2655.98242188, 1111.00720215, 450.698120117, 252.271499634, 197.268112183, 77.0832977295, 22.8008899689, 44.8810424805, 11.780216217, 12.9587221146, 33.0693206787, 45.4868431091, 16.5724811554, 5.29060268402, 12.2136335373, 1.80099260807, 0.449418872595, 0.269558995962, 0.0277243480086, 0.00084392161807, 6.16615807303e-07, 5.67849212096e-10],
        "dvar2": [0.019015122205, 4.56866836548, 49.4781570435, 41.704875946, 38.8341293335, 604.217590332, 3041.62988281, 3629.42797852, 2510.10717773, 789.657592773, 4894.43164062, 10344.5175781, 4211.37353516, 3792.17871094, 3115.44433594, 853.930297852, 2820.51708984, 3387.88085938, 4826.37304688, 2078.43945312, 797.209533691, 482.80255127, 411.154815674, 167.138244629, 54.8205528259, 120.504051208, 31.1534881592, 36.1857681274, 85.5784225464, 103.555809021, 34.5384216309, 11.8050508499, 31.2862434387, 3.66816282272, 0.904234111309, 0.66113960743, 0.0641758963466, 0.00179336743895, 1.34827530474e-06, 1.29344435162e-09],
        "max": [0.850255250931, 16.3997707367, 52.9391365051, 62.7442970276, 52.6154022217, 243.34413147, 563.420349121, 779.375183105, 850.882446289, 405.306335449, 917.596984863, 841.426391602, 800.551269531, 844.795776367, 441.513641357, 447.55166626, 904.030456543, 948.178588867, 958.946228027, 549.457580566, 458.10760498, 562.905151367, 296.16204834, 109.147163391, 63.538772583, 74.7321014404, 67.3548812866, 55.3134994507, 101.643531799, 154.653900146, 97.3695755005, 48.694984436, 81.1512908936, 22.8530902863, 12.0928115845, 5.65019607544, 1.39550352097, 0.209739521146, 0.00739201530814, 0.00021832184575],
        "mean": [0.0457916483283, 0.748759567738, 3.17508554459, 2.47952866554, 5.60266590118, 18.9069519043, 47.1478919983, 35.6879959106, 36.2270584106, 23.5521564484, 65.0979003906, 54.9546394348, 51.9798316956, 36.8651580811, 27.6329021454, 23.0962696075, 27.7986125946, 46.057888031, 56.6166152954, 29.1709575653, 16.6128883362, 15.9974422455, 16.9851093292, 10.4872846603, 5.61091184616, 5.65847492218, 3.36092734337, 2.55147361755, 3.69778966904, 4.65546941757, 3.46372246742, 2.3987288475, 2.28022885323, 1.10606062412, 0.518316626549, 0.296096086502, 0.101685479283, 0.0174500122666, 0.00047063519014, 4.95323474752e-05],
        "median": [0.00765025801957, 0.301403313875, 2.09913849831, 1.45799291134, 3.69943189621, 9.44512939453, 23.335899353, 13.5985422134, 6.69213533401, 11.4465169907, 23.5090312958, 16.4964046478, 18.5660743713, 14.3988018036, 9.5400018692, 9.10265827179, 11.5207767487, 10.1019954681, 12.3320922852, 7.12249565125, 5.0788807869, 3.50830006599, 4.78245544434, 5.1007361412, 3.16673278809, 2.98282647133, 2.2159011364, 1.58387064934, 2.04697108269, 2.33928823471, 1.93576669693, 1.53865706921, 1.23767399788, 0.515409052372, 0.202891662717, 0.0809931531549, 0.0286427661777, 0.00418736413121, 0.000115464514238, 4.65090852231e-05],
        "min": [2.886836104e-21, 8.62532082423e-21, 3.26907529571e-20, 1.22259220315e-19, 6.67608231233e-20, 1.63333674963e-19, 5.04467108407e-19, 1.00181002039e-18, 9.56815324177e-19, 1.8318214518e-18, 2.66807809682e-18, 2.55871468688e-18, 2.9543750262e-18, 3.20105786245e-18, 4.03322306538e-18, 3.46239957993e-18, 3.25018949571e-18, 6.37830657174e-18, 5.74011687683e-18, 9.22215310411e-18, 1.0092358689e-17, 1.34413813787e-17, 1.4277253178e-17, 1.30129721318e-17, 1.89913339822e-17, 2.25522819991e-17, 2.19245164343e-17, 1.72958668437e-17, 1.50294829552e-17, 1.60626480839e-17, 1.4898960472e-17, 1.97834702609e-17, 1.25671267447e-17, 1.26598098508e-17, 1.11673411064e-17, 4.20116140924e-18, 3.11873540033e-18, 1.68279710963e-18, 3.52275439973e-19, 3.41849157932e-20],
        "var": [0.00871369242668, 1.76226758957, 21.670124054, 16.4350605011, 37.7433738708, 705.683105469, 4012.53930664, 4640.67236328, 9936.58886719, 1273.1685791, 11602.1210938, 12191.9375, 6935.61914062, 4795.53027344, 2855.91918945, 2167.34472656, 2609.9621582, 11791.7353516, 11999.0175781, 3382.16064453, 1520.13598633, 1788.81896973, 1279.11535645, 208.591506958, 52.2038497925, 72.7193984985, 16.820438385, 12.7552804947, 37.1001091003, 74.109992981, 30.9480304718, 10.6289653778, 20.399477005, 3.75364279747, 0.99165058136, 0.307548224926, 0.0324100628495, 0.00107535091229, 7.96249253199e-07, 1.27143606754e-09]
    },
    "gfcc": {
        "mean": [4.67880392075, 86.0668869019, -106.300132751, 12.7848443985, -70.8920974731, 14.2649431229, -49.0733222961, 6.01633405685, -26.3881511688, 0.63064956665, -19.3911342621, -1.1673938036, -14.1422252655],
        "cov": [[8636.765625, -10.2031011581, 339.789520264, 459.457580566, 140.590484619, 158.11289978, 108.966575623, 181.330322266, -34.228427887, 162.989959717, 0.365445673466, 121.837371826, -143.889389038], [-10.2031011581, 760.292358398, -121.954986572, 140.636871338, 133.222381592, -10.6551094055, 84.0482254028, -39.5625152588, 84.3944320679, -15.3161878586, 122.936607361, -80.903717041, 92.4797897339], [339.789520264, -121.954986572, 620.546691895, 112.542152405, -1.19489443302, -0.562686145306, 44.5830383301, 70.4168548584, -26.7005500793, 78.3420181274, -37.9752922058, 103.024490356, -3.97783708572], [459.457580566, 140.636871338, 112.542152405, 386.953308105, 138.565628052, -0.465137183666, 49.960609436, 78.0541152954, 82.0288925171, 12.4993553162, 38.6832695007, 52.8108825684, 63.7092094421], [140.590484619, 133.222381592, -1.19489443302, 138.565628052, 269.303497314, 30.2764720917, 29.1702270508, 45.4389533997, 66.2806243896, 40.4767951965, 22.0249290466, 20.3043003082, 42.3454780579], [158.11289978, -10.6551094055, -0.562686145306, -0.465137183666, 30.2764720917, 207.865875244, 86.4669570923, -27.0981292725, 2.11548995972, 19.8517551422, 11.4524345398, -22.1618595123, -22.33527565], [108.966575623, 84.0482254028, 44.5830383301, 49.960609436, 29.1702270508, 86.4669570923, 175.969619751, 16.9943904877, -10.13712883, 19.2491931915, 33.7506828308, 6.03528213501, -15.7512569427], [181.330322266, -39.5625152588, 70.4168548584, 78.0541152954, 45.4389533997, -27.0981292725, 16.9943904877, 168.780319214, 78.4787521362, -1.75860130787, -9.6784362793, 45.1911354065, 21.0678043365], [-34.228427887, 84.3944320679, -26.7005500793, 82.0288925171, 66.2806243896, 2.11548995972, -10.13712883, 78.4787521362, 159.932510376, 19.8000526428, 3.61850070953, -8.09510612488, 25.7180614471], [162.989959717, -15.3161878586, 78.3420181274, 12.4993553162, 40.4767951965, 19.8517551422, 19.2491931915, -1.75860130787, 19.8000526428, 99.1861343384, 7.36946439743, 10.4864006042, -17.9507312775], [0.365445673466, 122.936607361, -37.9752922058, 38.6832695007, 22.0249290466, 11.4524345398, 33.7506828308, -9.6784362793, 3.61850070953, 7.36946439743, 95.1738204956, 12.7632732391, 14.3680706024], [121.837371826, -80.903717041, 103.024490356, 52.8108825684, 20.3043003082, -22.1618595123, 6.03528213501, 45.1911354065, -8.09510612488, 10.4864006042, 12.7632732391, 129.933868408, 25.3862876892], [-143.889389038, 92.4797897339, -3.97783708572, 63.7092094421, 42.3454780579, -22.33527565, -15.7512569427, 21.0678043365, 25.7180614471, -17.9507312775, 14.3680706024, 25.3862876892, 91.1435012817]],
        "icov": [[0.000153302709805, -0.000157225862495, 5.6057695474e-05, -0.000270819407888, 7.43459604564e-05, -0.000241134417593, 0.000254710408626, -0.000366694992408, 0.000380235404009, -0.000307862559566, 0.000179487513378, -0.00017619447317, 0.000481304014102], [-0.000157225862495, 0.00334785808809, -0.000389194028685, 0.000228940698435, -0.00114053033758, 0.00181277177762, -0.00243019056506, 0.00236058421433, -0.00230305455625, 0.00150310003664, -0.00336824753322, 0.00290766730905, -0.00314668356441], [5.6057695474e-05, -0.000389194028685, 0.00265166722238, -0.00103008840233, 0.000889109796844, -0.000397899217205, 4.12724511989e-05, -0.00137002090923, 0.00166012754198, -0.00268793595023, 0.00199047289789, -0.00164036708884, 0.000277661776636], [-0.000270819407888, 0.000228940698435, -0.00103008840233, 0.00475115422159, -0.00167277676519, 0.000855572521687, -0.00146937952377, 0.000672227004543, -0.00237134820782, 0.00171570410021, -0.00145371083636, -0.000198034453206, -0.00215697404929], [7.43459604564e-05, -0.00114053033758, 0.000889109796844, -0.00167277676519, 0.00594788091257, -0.00147324556019, 0.000729930936359, -0.00162657257169, 0.00048020813847, -0.00332444813102, 0.00140107737388, -0.00112993747462, -0.000836001476273], [-0.000241134417593, 0.00181277177762, -0.000397899217205, 0.000855572521687, -0.00147324556019, 0.00794696900994, -0.00506524415687, 0.00351759791374, -0.00287787546404, 0.00118785444647, -0.00138156476896, 0.00201293407008, -0.0011888431618], [0.000254710408626, -0.00243019056506, 4.12724511989e-05, -0.00146937952377, 0.000729930936359, -0.00506524415687, 0.0108807841316, -0.00444833096117, 0.00426395842806, -0.00202952744439, -0.000550537661184, -0.00144345848821, 0.00411101710051], [-0.000366694992408, 0.00236058421433, -0.00137002090923, 0.000672227004543, -0.00162657257169, 0.00351759791374, -0.00444833096117, 0.0130036538467, -0.00821094028652, 0.00446633202955, -0.000574439472985, -0.0012553477427, -0.00202386057936], [0.000380235404009, -0.00230305455625, 0.00166012754198, -0.00237134820782, 0.00048020813847, -0.00287787546404, 0.00426395842806, -0.00821094028652, 0.0137084191665, -0.00541671877727, 0.00214041443542, 0.000861464708578, 0.000861319014803], [-0.000307862559566, 0.00150310003664, -0.00268793595023, 0.00171570410021, -0.00332444813102, 0.00118785444647, -0.00202952744439, 0.00446633202955, -0.00541671877727, 0.0160429272801, -0.00331421080045, 0.000167670325027, 0.00228861323558], [0.000179487513378, -0.00336824753322, 0.00199047289789, -0.00145371083636, 0.00140107737388, -0.00138156476896, -0.000550537661184, -0.000574439472985, 0.00214041443542, -0.00331421080045, 0.0168659668416, -0.0049976571463, 0.00132865260821], [-0.00017619447317, 0.00290766730905, -0.00164036708884, -0.000198034453206, -0.00112993747462, 0.00201293407008, -0.00144345848821, -0.0012553477427, 0.000861464708578, 0.000167670325027, -0.0049976571463, 0.0136483106762, -0.00532634556293], [0.000481304014102, -0.00314668356441, 0.000277661776636, -0.00215697404929, -0.000836001476273, -0.0011888431618, 0.00411101710051, -0.00202386057936, 0.000861319014803, 0.00228861323558, 0.00132865260821, -0.00532634556293, 0.0192013606429]]
    },
    "melbands": {
        "dmean": [0.000358282210073, 0.000657553784549, 0.000228143311688, 0.000286375638098, 0.000658228294924, 0.000363059603842, 0.000159665200044, 0.000144614896271, 0.000226426534937, 0.000162350479513, 0.000121174918604, 8.61652006279e-05, 5.26429357706e-05, 3.83953374694e-05, 2.98233298963e-05, 3.09183415084e-05, 4.3100790208e-05, 4.66461460746e-05, 2.89261970465e-05, 1.23066320157e-05, 8.84164364834e-06, 7.88738179835e-06, 6.17851037532e-06, 5.7577226471e-06, 4.20257129008e-06, 2.54947235589e-06, 1.9411465928e-06, 2.21526806854e-06, 1.28852298076e-06, 8.09545667835e-07, 9.3655199862e-07, 1.29705142626e-06, 1.46570823745e-06, 1.4518560647e-06, 1.27403529859e-06, 6.90977174145e-07, 7.9488540905e-07, 9.60966190178e-07, 7.53656081542e-07, 4.8864069413e-07],
        "dmean2": [0.000596379046328, 0.00109958578832, 0.000389777880628, 0.000451091997093, 0.000939712335821, 0.000536146690138, 0.000219512468902, 0.000201207585633, 0.000327247922542, 0.000238723005168, 0.000169724749867, 0.000129259293317, 8.39842177811e-05, 5.87746508245e-05, 4.26808619522e-05, 4.67958852823e-05, 5.91517382418e-05, 6.73956383253e-05, 3.92741931137e-05, 1.76814100996e-05, 1.2933736798e-05, 1.13943369797e-05, 9.14870815905e-06, 8.46222792461e-06, 6.34596199234e-06, 3.97355279347e-06, 3.2220139019e-06, 3.7007064293e-06, 2.13475368582e-06, 1.33295191063e-06, 1.57925353506e-06, 2.15160571315e-06, 2.36538039644e-06, 2.18821378439e-06, 1.94123117581e-06, 1.06649645204e-06, 1.21649009088e-06, 1.49969901031e-06, 1.16683929718e-06, 7.50422486817e-07],
        "dvar": [1.08557685508e-06, 3.53401696884e-06, 4.29163691251e-07, 2.67513996732e-07, 1.43402746744e-06, 7.4828238894e-07, 2.27339796766e-07, 9.79909984267e-08, 1.96371416905e-07, 1.69745206335e-07, 5.27116910121e-08, 3.07033083402e-08, 2.08904786803e-08, 6.29232088656e-09, 6.31644825333e-09, 7.65462448982e-09, 1.11137641312e-08, 1.16080567381e-08, 4.90606888448e-09, 1.03004982321e-09, 6.57636167745e-10, 4.24548174394e-10, 2.00324867805e-10, 1.09550389593e-10, 6.67525479336e-11, 2.52140513329e-11, 1.46399403017e-11, 2.40843733845e-11, 6.73445891067e-12, 3.13253112685e-12, 5.38142187062e-12, 8.83093251303e-12, 2.00171823561e-11, 1.42336836761e-11, 8.51136175428e-12, 1.84415850646e-12, 2.33748328853e-12, 8.06522643809e-12, 3.52094482042e-12, 1.05289431687e-12],
        "dvar2": [3.14354429065e-06, 9.40709014685e-06, 1.12831287424e-06, 6.76248134823e-07, 3.14719909511e-06, 1.49084462464e-06, 4.20606028229e-07, 1.83032412338e-07, 3.93242032715e-07, 3.9190186385e-07, 1.09785560198e-07, 6.54313225823e-08, 5.1589189809e-08, 1.42009977111e-08, 1.12756923798e-08, 1.81815398292e-08, 1.78897003877e-08, 2.23047393888e-08, 8.00042787574e-09, 2.13229012225e-09, 1.14889386893e-09, 8.2256979006e-10, 4.23911183933e-10, 2.26462265607e-10, 1.4629010503e-10, 5.51348688926e-11, 3.90524487748e-11, 6.39768238386e-11, 1.75153450771e-11, 8.60471329606e-12, 1.52436032547e-11, 2.30059374329e-11, 5.21391957387e-11, 3.00011092358e-11, 1.86680792352e-11, 4.04148502858e-12, 5.27185977164e-12, 2.12257902227e-11, 8.34162513369e-12, 2.11680868147e-12],
        "max": [0.0107044242322, 0.0234867241234, 0.0102951750159, 0.00841277185827, 0.0164011009037, 0.0151597671211, 0.0110493190587, 0.00646137958393, 0.00725368177518, 0.00530929258093, 0.00389384594746, 0.00317751918919, 0.00247580674477, 0.00137423840351, 0.00225364184007, 0.00234655523673, 0.00206224736758, 0.0021675915923, 0.00178284023423, 0.000604391447268, 0.000528562581167, 0.000679851043969, 0.000323206390021, 0.000186722289072, 0.000110648943519, 7.75236694608e-05, 3.9822079998e-05, 5.95062520006e-05, 4.68898615509e-05, 3.23559543176e-05, 3.26067201968e-05, 4.39723808086e-05, 8.46919429023e-05, 9.92848144961e-05, 7.03680198058e-05, 2.34312083194e-05, 2.93332504953e-05, 7.10946478648e-05, 3.37843193847e-05, 1.5219139641e-05],
        "mean": [0.000579759420361, 0.00146806566045, 0.000521044654306, 0.000740072224289, 0.00161723210476, 0.000824549642857, 0.000471623119665, 0.000335444667144, 0.000544463342521, 0.000329065398546, 0.000264569767751, 0.000166120007634, 8.9643363026e-05, 7.27840451873e-05, 6.52574235573e-05, 5.36365805601e-05, 9.70584660536e-05, 0.000102338934084, 5.87864269619e-05, 2.25957192015e-05, 1.65915917023e-05, 1.72722484422e-05, 1.47190548887e-05, 1.27951743707e-05, 8.25928418635e-06, 4.88284285893e-06, 3.23603535435e-06, 3.93356322093e-06, 2.31200692724e-06, 1.46242541632e-06, 1.43460090385e-06, 1.96866039914e-06, 2.42543751483e-06, 2.69469387604e-06, 2.24268319471e-06, 1.31326305564e-06, 1.50460516579e-06, 1.70826763224e-06, 1.2482494185e-06, 8.33513581711e-07],
        "median": [0.000174668923137, 0.000977532705292, 0.000366417894838, 0.000520083704032, 0.000803673639894, 0.000312646327075, 9.58601885941e-05, 0.000127543404233, 0.000185547352885, 8.2322905655e-05, 8.59502106323e-05, 5.83924120292e-05, 2.47255647992e-05, 2.70224863925e-05, 1.83001338883e-05, 1.93857722479e-05, 1.3809712982e-05, 1.87999976333e-05, 8.25146798888e-06, 6.65042989567e-06, 4.16549937654e-06, 3.54393841917e-06, 3.04205923385e-06, 4.50817833553e-06, 3.59891350854e-06, 2.25032749768e-06, 1.75963600668e-06, 1.82507608315e-06, 1.2801642697e-06, 9.34488468829e-07, 7.87571593719e-07, 1.06351762952e-06, 1.19998730952e-06, 1.36613505219e-06, 1.17125227916e-06, 7.59298131925e-07, 9.11218364763e-07, 9.3858324135e-07, 5.71832345031e-07, 3.53384450591e-07],
        "min": [2.22449813812e-23, 1.63306639829e-23, 1.81358901229e-23, 7.51925175461e-24, 1.52702298224e-23, 2.08945714184e-23, 1.53319266338e-23, 2.05346946511e-23, 2.05520606351e-23, 1.74522238194e-23, 1.44196531731e-23, 1.19078245987e-23, 1.53992921997e-23, 9.5034617566e-24, 8.13357324025e-24, 8.52121160046e-24, 1.21631504748e-23, 7.54622054238e-24, 9.4639650688e-24, 1.53686891297e-23, 1.05032246248e-23, 1.29219557795e-23, 1.25609714515e-23, 1.42200839859e-23, 9.61434956746e-24, 1.1405037001e-23, 1.65549387159e-23, 1.45705796192e-23, 1.39317427032e-23, 1.13406911947e-23, 9.78691604592e-24, 7.43020829107e-24, 1.04475752211e-23, 7.87138033004e-24, 8.00249847882e-24, 1.10713906478e-23, 1.27018391323e-23, 8.30100502308e-24, 9.05237846922e-24, 1.06374311641e-23],
        "var": [1.21682398913e-06, 4.52241147286e-06, 4.85070813738e-07, 7.00879809301e-07, 4.61106310468e-06, 2.11025053432e-06, 1.67508414961e-06, 3.80681370871e-07, 8.96107906101e-07, 4.74552820151e-07, 1.93630953049e-07, 8.67430358653e-08, 4.19594563539e-08, 1.97944434177e-08, 3.16754409369e-08, 1.45477843105e-08, 6.17382838186e-08, 4.97300369773e-08, 2.14492477113e-08, 2.46145637206e-09, 2.01424543711e-09, 2.46846387775e-09, 1.27522170601e-09, 4.59612264914e-10, 1.57116583632e-10, 6.05456240699e-11, 2.00119608385e-11, 4.37821688626e-11, 1.00177826104e-11, 3.55298906615e-12, 4.95424578098e-12, 1.00358480207e-11, 2.19899983639e-11, 2.65781389952e-11, 1.47944659995e-11, 3.38523653554e-12, 4.48279044094e-12, 1.22178491282e-11, 6.1262488138e-12, 2.14337835674e-12]
    },
    "mfcc": {
        "mean": [-643.044494629, 122.889793396, 14.672118187, 2.37891077995, 0.379352301359, -1.21692693233, -7.36960458755, -0.836970984936, -7.63634300232, 2.03366327286, -2.86314964294, -8.7598733902, -7.50623559952],
        "cov": [[6356.51367188, 43.8419303894, 120.027893066, 429.734100342, 186.778411865, 145.618789673, 160.986190796, 187.915618896, 23.2620124817, 129.861404419, 149.588287354, 124.945098877, 24.7115898132], [43.8419303894, 579.512268066, -55.9888305664, 72.4389266968, 28.6475296021, 41.4603042603, 58.4218101501, -35.5063591003, -16.1465892792, 53.5224609375, 9.29716968536, 32.5794525146, -9.44213962555], [120.027893066, -55.9888305664, 462.517303467, 77.4434280396, -29.7150764465, 9.71039390564, 32.867980957, 21.087387085, 48.8838920593, -54.2536048889, 10.0286502838, 73.0487136841, 21.8932552338], [429.734100342, 72.4389266968, 77.4434280396, 398.155578613, 138.12121582, -9.3937702179, 18.154510498, 58.5734024048, 96.9009857178, -26.1369991302, 4.72095775604, 137.637649536, 62.3774871826], [186.778411865, 28.6475296021, -29.7150764465, 138.12121582, 231.310089111, -1.54705476761, -32.3557357788, 26.0072441101, 80.3674621582, 25.3624210358, 10.6898536682, 41.0590362549, 17.9060726166], [145.618789673, 41.4603042603, 9.71039390564, -9.3937702179, -1.54705476761, 226.367004395, 89.9018630981, 1.91329348087, -22.863615036, 48.5262451172, 49.6737976074, -29.958990097, 0.583844780922], [160.986190796, 58.4218101501, 32.867980957, 18.154510498, -32.3557357788, 89.9018630981, 168.545974731, 34.3307380676, -27.5584907532, 7.90356636047, 17.4000473022, 6.1752204895, 11.9777469635], [187.915618896, -35.5063591003, 21.087387085, 58.5734024048, 26.0072441101, 1.91329348087, 34.3307380676, 145.934753418, 48.2568206787, 9.65940952301, 14.7481460571, 25.0235977173, 33.917591095], [23.2620124817, -16.1465892792, 48.8838920593, 96.9009857178, 80.3674621582, -22.863615036, -27.5584907532, 48.2568206787, 143.676422119, 23.9278011322, 11.2647457123, 35.7588500977, 19.2442169189], [129.861404419, 53.5224609375, -54.2536048889, -26.1369991302, 25.3624210358, 48.5262451172, 7.90356636047, 9.65940952301, 23.9278011322, 137.747650146, 47.0088043213, -45.3492851257, -11.1215295792], [149.588287354, 9.29716968536, 10.0286502838, 4.72095775604, 10.6898536682, 49.6737976074, 17.4000473022, 14.7481460571, 11.2647457123, 47.0088043213, 108.576927185, 20.5642547607, -2.21032118797], [124.945098877, 32.5794525146, 73.0487136841, 137.637649536, 41.0590362549, -29.958990097, 6.1752204895, 25.0235977173, 35.7588500977, -45.3492851257, 20.5642547607, 153.969970703, 39.5261955261], [24.7115898132, -9.44213962555, 21.8932552338, 62.3774871826, 17.9060726166, 0.583844780922, 11.9777469635, 33.917591095, 19.2442169189, -11.1215295792, -2.21032118797, 39.5261955261, 92.4025421143]],
