{
"lowlevel": {
    "average_loudness": 0.949563384056,
    "barkbands_crest": {
        "dmean": 2.02963161469,
        "dmean2": 3.08196878433,
        "dvar": 3.78808093071,
        "dvar2": 9.59352493286,
        "max": 23.221244812,
        "mean": 10.4686889648,
        "median": 9.93040275574,
        "min": 3.52818989754,
        "var": 12.9885015488
    },
    "barkbands_flatness_db": {
        "dmean": 0.0160168912262,
        "dmean2": 0.0238196980208,
        "dvar": 0.000284876674414,
        "dvar2": 0.00055198854534,
        "max": 0.297990679741,
        "mean": 0.186516091228,
        "median": 0.188441589475,
        "min": 0.060721013695,
        "var": 0.00180925161112
    },
    "barkbands_kurtosis": {
        "dmean": 2.38345599174,
        "dmean2": 3.60365962982,
        "dvar": 11.0577144623,
        "dvar2": 24.2950706482,
        "max": 40.4657707214,
        "mean": 5.7184381485,
        "median": 3.84204673767,
        "min": -1.90282142162,
        "var": 40.4727706909
    },
    "barkbands_skewness": {
        "dmean": 0.402708172798,
        "dmean2": 0.580924212933,
        "dvar": 0.211325839162,
        "dvar2": 0.419624269009,
        "max": 4.93126630783,
        "mean": 1.60962629318,
        "median": 1.55407488346,
        "min": -0.936036586761,
        "var": 1.27960133553
    },
    "barkbands_spread": {
        "dmean": 3.65552258492,
        "dmean2": 5.05656099319,
        "dvar": 61.2054634094,
        "dvar2": 95.584022522,
        "max": 86.8324813843,
        "mean": 14.3457670212,
        "median": 10.0578022003,
        "min": 1.80531787872,
        "var": 196.861755371
    },
    "dissonance": {
        "dmean": 0.0269873384386,
        "dmean2": 0.0454130247235,
        "dvar": 0.000585818605032,
        "dvar2": 0.00162777618971,
        "max": 0.498581022024,
        "mean": 0.426183134317,
        "median": 0.433912336826,
        "min": 0.251072317362,
        "var": 0.00190549751278
    },
    "dynamic_complexity": 4.37013101578,
    "erbbands_crest": {
        "dmean": 2.44817709923,
        "dmean2": 3.75625944138,
        "dvar": 5.85687065125,
        "dvar2": 13.201086998,
        "max": 30.7696037292,
        "mean": 12.0401935577,
        "median": 10.8519849777,
        "min": 3.28333210945,
        "var": 29.1229362488
    },
    "erbbands_flatness_db": {
        "dmean": 0.0150329340249,
        "dmean2": 0.0206971224397,
        "dvar": 0.000278373248875,
        "dvar2": 0.000470877246698,
        "max": 0.323370456696,
        "mean": 0.207348152995,
        "median": 0.210627883673,
        "min": 0.0787101835012,
        "var": 0.00223728269339
    },
    "erbbands_kurtosis": {
        "dmean": 1.21564459801,
        "dmean2": 1.80258953571,
        "dvar": 2.9576177597,
        "dvar2": 5.80207967758,
        "max": 54.2457389832,
        "mean": 2.41043782234,
        "median": 1.41562747955,
        "min": -1.79665791988,
        "var": 15.511048317
    },
    "erbbands_skewness": {
        "dmean": 0.315972387791,
        "dmean2": 0.453859746456,
        "dvar": 0.113889962435,
        "dvar2": 0.228022828698,
        "max": 4.18419647217,
        "mean": 0.845882713795,
        "median": 0.792375981808,
        "min": -2.57387542725,
        "var": 0.663241565228
    },
    "erbbands_spread": {
        "dmean": 6.22526359558,
        "dmean2": 8.63173389435,
        "dvar": 117.084968567,
        "dvar2": 209.427001953,
        "max": 144.778289795,
        "mean": 27.5179309845,
        "median": 21.537311554,
        "min": 2.02337527275,
        "var": 429.188720703
    },
    "hfc": {
        "dmean": 3.81128501892,
        "dmean2": 5.1285533905,
        "dvar": 56.1949806213,
        "dvar2": 82.4856262207,
        "max": 134.405410767,
        "mean": 20.2617549896,
        "median": 15.8265743256,
        "min": 7.24641313354e-06,
        "var": 355.916473389
    },
    "melbands_crest": {
        "dmean": 2.38080143929,
        "dmean2": 3.68819451332,
        "dvar": 5.30158376694,
        "dvar2": 13.5700187683,
        "max": 30.3420963287,
        "mean": 14.2439365387,
        "median": 13.3105325699,
        "min": 5.37826061249,
        "var": 22.9618759155
    },
    "melbands_flatness_db": {
        "dmean": 0.0173229482025,
        "dmean2": 0.0242117904127,
        "dvar": 0.00038764195051,
        "dvar2": 0.000687037711032,
        "max": 0.380633622408,
        "mean": 0.257862895727,
        "median": 0.259801536798,
        "min": 0.0921620056033,
        "var": 0.00282682431862
    },
    "melbands_kurtosis": {
        "dmean": 3.32913184166,
        "dmean2": 5.05748987198,
        "dvar": 29.6471729279,
        "dvar2": 69.0937042236,
        "max": 77.4736099243,
        "mean": 8.38026618958,
        "median": 5.7284040451,
        "min": -1.35164213181,
        "var": 85.2996139526
    },
    "melbands_skewness": {
        "dmean": 0.435631096363,
        "dmean2": 0.625491201878,
        "dvar": 0.236259669065,
        "dvar2": 0.477909386158,
        "max": 6.8651099205,
        "mean": 1.88700628281,
        "median": 1.8414516449,
        "min": -1.32647132874,
        "var": 1.63189482689
    },
    "melbands_spread": {
        "dmean": 3.66497969627,
        "dmean2": 5.09224939346,
        "dvar": 55.6334342957,
        "dvar2": 87.0930328369,
        "max": 155.427749634,
        "mean": 16.4190998077,
        "median": 11.8468561172,
        "min": 2.57369565964,
        "var": 205.845108032
    },
    "pitch_salience": {
        "dmean": 0.0513993613422,
        "dmean2": 0.0804180279374,
        "dvar": 0.00218600523658,
        "dvar2": 0.00534673407674,
        "max": 0.827850699425,
        "mean": 0.568565070629,
        "median": 0.570071518421,
        "min": 0.214810878038,
        "var": 0.0082997335121
    },
    "silence_rate_20dB": {
        "dmean": 0,
        "dmean2": 0,
        "dvar": 0,
        "dvar2": 0,
        "max": 1,
        "mean": 1,
        "median": 1,
        "min": 1,
        "var": 0
    },
    "silence_rate_30dB": {
        "dmean": 0,
        "dmean2": 0,
        "dvar": 0,
        "dvar2": 0,
        "max": 1,
        "mean": 1,
        "median": 1,
        "min": 1,
        "var": 0
    },
    "silence_rate_60dB": {
        "dmean": 0.00928792543709,
        "dmean2": 0.018590239808,
        "dvar": 0.00920167472214,
        "dvar2": 0.0182443968952,
        "max": 1,
        "mean": 0.0881670564413,
        "median": 0,
        "min": 0,
        "var": 0.080394372344
    },
    "spectral_centroid": {
        "dmean": 129.67288208,
        "dmean2": 170.408355713,
        "dvar": 43157.9101562,
        "dvar2": 66491.75,
        "max": 4402.91455078,
        "mean": 878.465270996,
        "median": 715.70135498,
        "min": 281.692352295,
        "var": 233590.171875
    },
    "spectral_complexity": {
        "dmean": 1.7925696373,
        "dmean2": 2.9062743187,
        "dvar": 2.9291138649,
        "dvar2": 6.18407678604,
        "max": 29,
        "mean": 13.7161636353,
        "median": 13,
        "min": 0,
        "var": 30.5187854767
    },
    "spectral_decrease": {
        "dmean": 9.99505256338e-10,
        "dmean2": 1.51784362856e-09,
        "dvar": 1.58109184119e-18,
        "dvar2": 3.16596182983e-18,
        "max": -3.84724948093e-15,
        "mean": -6.34575769709e-09,
        "median": -6.1358242931e-09,
        "min": -1.94779801177e-08,
        "var": 1.91944945037e-17
    },
    "spectral_energy": {
        "dmean": 0.00397248659283,
        "dmean2": 0.00601788936183,
        "dvar": 2.426829451e-05,
        "dvar2": 4.93349471071e-05,
        "max": 0.0776834189892,
        "mean": 0.0257881302387,
        "median": 0.0246609952301,
        "min": 1.56225343773e-08,
        "var": 0.000311280542519
    },
    "spectral_energyband_high": {
        "dmean": 0.000282454537228,
        "dmean2": 0.000381537654903,
        "dvar": 7.89389787315e-07,
        "dvar2": 1.12907309813e-06,
        "max": 0.0145428562537,
        "mean": 0.000659390876535,
        "median": 0.000175673500053,
        "min": 9.69775301729e-11,
        "var": 2.73088653557e-06
    },
    "spectral_energyband_low": {
        "dmean": 0.00103310751729,
        "dmean2": 0.00181332533248,
        "dvar": 1.61272248533e-06,
        "dvar2": 5.07174627273e-06,
        "max": 0.0196690484881,
        "mean": 0.00325212092139,
        "median": 0.00200568092987,
        "min": 2.49390508245e-09,
        "var": 1.098564735e-05
    },
    "spectral_energyband_middle_high": {
        "dmean": 0.00138552370481,
        "dmean2": 0.00171974441037,
        "dvar": 5.11767939315e-06,
        "dvar2": 7.46769501347e-06,
        "max": 0.0426378697157,
        "mean": 0.00661296071485,
        "median": 0.00212801643647,
        "min": 1.23632137861e-09,
        "var": 8.82322856341e-05
    },
    "spectral_energyband_middle_low": {
        "dmean": 0.00351940328255,
        "dmean2": 0.00518476124853,
        "dvar": 2.25991152547e-05,
        "dvar2": 4.50635779998e-05,
        "max": 0.070983864367,
        "mean": 0.0177010204643,
        "median": 0.0152883213013,
        "min": 7.8904172085e-09,
        "var": 0.000179015652975
    },
    "spectral_entropy": {
        "dmean": 0.157813683152,
        "dmean2": 0.217706441879,
        "dvar": 0.0368248820305,
        "dvar2": 0.0587374381721,
        "max": 8.65633106232,
        "mean": 6.9139547348,
        "median": 6.82456207275,
        "min": 5.90398311615,
        "var": 0.230357915163
    },
    "spectral_flux": {
        "dmean": 0.0172496978194,
        "dmean2": 0.0266625024378,
        "dvar": 0.000400755758164,
        "dvar2": 0.000918269623071,
        "max": 0.270061910152,
        "mean": 0.0589015744627,
        "median": 0.0529953166842,
        "min": 0.000124990139739,
        "var": 0.00137155945413
    },
    "spectral_kurtosis": {
        "dmean": 3.18957328796,
        "dmean2": 5.12223386765,
        "dvar": 14.3438682556,
        "dvar2": 41.4119949341,
        "max": 59.4937515259,
        "mean": 10.6442232132,
        "median": 9.52080917358,
        "min": -1.18087363243,
        "var": 49.7730674744
    },
    "spectral_rms": {
        "dmean": 0.000381502584787,
        "dmean2": 0.000570048636291,
        "dvar": 1.79441769887e-07,
        "dvar2": 3.51878156835e-07,
        "max": 0.00870567094535,
        "mean": 0.00461448170245,
        "median": 0.00490504922345,
        "min": 3.90403602069e-06,
        "var": 3.86569763577e-06
    },
    "spectral_rolloff": {
        "dmean": 335.264343262,
        "dmean2": 534.06048584,
        "dvar": 1114161.25,
        "dvar2": 1936201.125,
        "max": 12381.5917969,
        "mean": 1260.6505127,
        "median": 796.728515625,
        "min": 193.798828125,
        "var": 2842219.75
    },
    "spectral_skewness": {
        "dmean": 0.325016587973,
        "dmean2": 0.495122849941,
        "dvar": 0.100743673742,
        "dvar2": 0.231263905764,
        "max": 5.47029924393,
        "mean": 2.45525336266,
        "median": 2.46144676208,
        "min": 0.139456495643,
        "var": 0.611218750477
    },
    "spectral_spread": {
        "dmean": 627623.3125,
        "dmean2": 794220,
        "dvar": 1.0637524992e+12,
        "dvar2": 1.39913763226e+12,
        "max": 15864915,
        "mean": 4230925.5,
        "median": 3579889.75,
        "min": 1045444.6875,
        "var": 5.72142911488e+12
    },
    "spectral_strongpeak": {
        "dmean": 0.51120954752,
        "dmean2": 0.843559443951,
        "dvar": 0.625232040882,
        "dvar2": 1.43383944035,
        "max": 8.73167705536,
        "mean": 1.68335318565,
        "median": 0.953710079193,
        "min": 0.000457185669802,
        "var": 3.01585507393
    },
    "zerocrossingrate": {
        "dmean": 0.00949880853295,
        "dmean2": 0.0100228143856,
        "dvar": 0.000313623022521,
        "dvar2": 0.000255336984992,
        "max": 0.36181640625,
        "mean": 0.0509749762714,
        "median": 0.04345703125,
        "min": 0.009765625,
        "var": 0.00171997852158
    },
    "barkbands": {
        "dmean": [1.1922630847e-06, 5.9939273342e-05, 0.000486331264256, 0.000904259970412, 0.00119849352632, 0.00150819984265, 0.000767470861319, 0.00085762667004, 0.00113553239498, 0.000645634427201, 0.000929437752347, 0.000293955468806, 0.000174956629053, 0.00021022085275, 0.00021255890897, 0.000116908202472, 0.000144497564179, 8.55261459947e-05, 3.06671681756e-05, 7.88220422692e-05, 6.33905292489e-05, 4.97304972669e-05, 4.43325225206e-05, 5.43566784472e-05, 6.98798103258e-05, 3.23780477629e-05, 1.01607531633e-06],
        "dmean2": [2.1394180294e-06, 0.000102153389889, 0.00085165904602, 0.00150410982314, 0.0018088943325, 0.0022540029604, 0.00115167407785, 0.00122502609156, 0.00150484766345, 0.000888246868271, 0.00117516226601, 0.000420277850935, 0.000248774886131, 0.000288748502498, 0.000301169406157, 0.00016565277474, 0.00018861949502, 0.000115674229164, 4.58298236481e-05, 0.00011093365174, 8.96828714758e-05, 7.93982108007e-05, 6.20705031906e-05, 7.86664531915e-05, 9.28283043322e-05, 4.17240262323e-05, 1.56673888796e-06],
        "dvar": [5.93017258563e-12, 1.42256206814e-08, 3.41563776374e-07, 1.29660440962e-06, 3.61125148629e-06, 9.68669610302e-06, 3.4231322843e-06, 5.54595362701e-06, 6.76093850416e-06, 2.96671669275e-06, 4.42516693511e-06, 6.34179400549e-07, 1.93795273162e-07, 2.25242658303e-07, 2.98738513038e-07, 1.32346428927e-07, 1.86411682535e-07, 4.1503628978e-08, 5.40043787467e-09, 2.59546784065e-08, 4.07425559956e-08, 1.35054349926e-07, 5.49053496002e-08, 7.98545656266e-08, 4.74030450448e-08, 1.9843060528e-08, 2.91463971014e-11],
        "dvar2": [1.81187894549e-11, 3.97862578438e-08, 1.05027038444e-06, 3.66808399122e-06, 8.50631658977e-06, 2.20521797019e-05, 7.50137496652e-06, 1.06901861727e-05, 1.14146578198e-05, 5.66304925087e-06, 6.9809652814e-06, 1.07022970042e-06, 3.20372151918e-07, 3.88717438682e-07, 5.39306711289e-07, 2.60177785094e-07, 2.55031324059e-07, 6.98473527905e-08, 1.25021015762e-08, 4.73534811363e-08, 8.29399908753e-08, 3.37762941172e-07, 9.18234093206e-08, 1.41522633612e-07, 6.85317047555e-08, 2.68447237772e-08, 7.07699385205e-11],
        "max": [3.06356341753e-05, 0.00190758355893, 0.00623754225671, 0.0208885781467, 0.0330868810415, 0.0528112947941, 0.0439301505685, 0.0474043264985, 0.0495890937746, 0.0318795256317, 0.0334098041058, 0.0182235669345, 0.0107719907537, 0.00733454572037, 0.0160918924958, 0.00627627177164, 0.0115444194525, 0.00353049929254, 0.00131877767853, 0.00226582400501, 0.00430057244375, 0.0107365613803, 0.00459645409137, 0.00596937583759, 0.0039701317437, 0.00379850901663, 0.000123404199257],
        "mean": [1.19176888802e-06, 0.000116390285257, 0.00092997768661, 0.00339672947302, 0.00326719717123, 0.00421120692044, 0.00181006093044, 0.00184889778029, 0.00273828650825, 0.00136757048313, 0.00265842024237, 0.000616344390437, 0.000385250255931, 0.000461567775346, 0.00046543229837, 0.000196277018404, 0.000332160445396, 0.000203353134566, 5.90850577282e-05, 0.000202473893296, 0.000114009599201, 6.75879637129e-05, 7.26029538782e-05, 8.27160620247e-05, 0.000126735874801, 5.55006481591e-05, 1.14254919481e-06],
        "median": [4.86746671413e-07, 2.66864226433e-05, 0.00064007693436, 0.00148003222421, 0.00202485593036, 0.00199581240304, 0.00075772224227, 0.000437203008914, 0.000705471495166, 0.00030051410431, 0.000315568875521, 0.000126821847516, 8.84999972186e-05, 0.000105772218376, 9.87628154689e-05, 4.30674699601e-05, 4.74010303151e-05, 3.09168717649e-05, 1.93160230992e-05, 4.27932063758e-05, 1.43392853715e-05, 2.32643901654e-06, 8.50312233069e-07, 6.4566297624e-06, 2.15999898501e-05, 1.07824034785e-05, 1.01757517967e-08],
        "min": [4.92466345481e-11, 4.28519233986e-11, 1.30879262983e-09, 1.11414999449e-09, 1.05368180847e-09, 1.04172581672e-09, 8.56612974998e-11, 2.78522205299e-10, 1.97977897964e-10, 2.10172712567e-11, 8.14753542411e-11, 4.03473948696e-10, 9.06752659069e-11, 9.10961583944e-11, 4.1330779077e-11, 2.59021450122e-11, 2.3303962926e-11, 3.57697899078e-11, 3.03758684872e-11, 6.74908878784e-11, 1.53832155347e-11, 4.20494498596e-12, 3.61110251944e-12, 1.09153701702e-11, 6.83318159e-12, 9.57839883797e-12, 1.0440020376e-11],
        "var": [5.04357276429e-12, 4.59823681354e-08, 9.06147988644e-07, 1.69541544892e-05, 1.68530368683e-05, 3.71101086785e-05, 1.15645170808e-05, 1.90125065274e-05, 3.57976314262e-05, 1.24486277855e-05, 3.31593910232e-05, 2.50340031016e-06, 1.02212834463e-06, 1.10428993594e-06, 1.6786290189e-06, 2.77115987046e-07, 8.62906119892e-07, 1.75426762894e-07, 1.23194654478e-08, 1.47431819641e-07, 9.47912113247e-08, 1.96486709569e-07, 1.49466103494e-07, 1.71319157971e-07, 1.44593272466e-07, 4.89377462998e-08, 3.65680992431e-11]
    },
    "erbbands": {
        "dmean": [0.00059693842195, 0.020421942696, 0.34022551775, 2.19500994682, 2.41595363617, 4.96773481369, 10.8314323425, 10.4122571945, 8.27551364899, 12.6009092331, 22.891954422, 25.62733078, 15.7963705063, 29.7756843567, 22.146987915, 9.62258720398, 7.29601860046, 10.1208534241, 11.5892095566, 6.02000761032, 5.32788896561, 8.33906173706, 5.08372354507, 2.38530516624, 1.48202073574, 3.75962734222, 3.56350302696, 1.30824899673, 1.77600157261, 1.41185808182, 1.37808382511, 1.1460609436, 0.994719624519, 0.646826684475, 0.636713922024, 0.221816018224, 0.0420729033649, 0.00470264488831, 0.00011077880481, 8.13766928331e-06],
        "dmean2": [0.00103455875069, 0.0346837900579, 0.589371979237, 3.79361104965, 3.8829138279, 7.32655000687, 16.7543926239, 15.4405059814, 12.6153478622, 18.6026210785, 32.4821014404, 35.2545127869, 21.9667892456, 37.7296409607, 27.8941955566, 13.8727035522, 9.79943370819, 13.4850120544, 15.8566141129, 8.93715000153, 7.37073993683, 10.5280914307, 6.695104599, 3.48133897781, 2.20788884163, 5.18230628967, 5.00065803528, 1.88369619846, 2.75939321518, 1.95617306232, 1.95234489441, 1.54220449924, 1.45630788803, 0.889139950275, 0.88102042675, 0.291847676039, 0.0545297302306, 0.00603923341259, 0.000142015211168, 1.11370782179e-05],
        "dvar": [1.31653530389e-06, 0.00130308943335, 0.172652304173, 7.77458238602, 14.3867826462, 74.1736068726, 414.098937988, 870.110107422, 242.479248047, 1151.74072266, 3287.99804688, 4186.81738281, 3323.65209961, 4272.65722656, 3239.81201172, 596.635437012, 280.070892334, 497.647583008, 1129.13879395, 186.540649414, 335.117126465, 759.707458496, 175.887390137, 31.6638698578, 9.54397964478, 62.5454177856, 123.195480347, 22.705121994, 217.394348145, 61.0523338318, 50.9819450378, 42.5316886902, 29.4130344391, 5.61612892151, 3.80179381371, 0.882023513317, 0.0239070598036, 0.00045766797848, 2.41453562921e-07, 3.78463482775e-10],
        "dvar2": [3.55825000042e-06, 0.00364900124259, 0.516269743443, 23.3182296753, 36.3724746704, 154.350769043, 903.011535645, 2047.15649414, 528.331787109, 2526.76782227, 6163.11816406, 7758.06347656, 6763.93896484, 6471.43554688, 4665.71826172, 988.166625977, 458.548370361, 754.768615723, 2030.50354004, 372.089324951, 594.49029541, 953.666442871, 299.820037842, 63.7512168884, 19.8885173798, 116.740570068, 239.92640686, 42.193572998, 556.510986328, 102.742485046, 87.0523223877, 60.6022109985, 64.3355484009, 9.76001930237, 5.94459009171, 1.28500032425, 0.0290388409048, 0.000804404611699, 4.18035710936e-07, 5.29146337858e-10],
        "max": [0.0243063569069, 0.519246459007, 5.05791330338, 48.9909210205, 77.1403808594, 190.292297363, 296.628356934, 612.143615723, 300.871582031, 608.537963867, 1271.17321777, 1445.53308105, 1275.47070312, 1368.49060059, 1425.65771484, 523.197265625, 504.913696289, 426.98828125, 1027.41723633, 254.694335938, 361.713592529, 817.024780273, 237.830566406, 99.6729660034, 58.282951355, 124.952934265, 220.920578003, 106.572250366, 418.910766602, 197.851287842, 116.461158752, 161.609237671, 131.05430603, 39.37474823, 36.9452629089, 25.3024730682, 3.7736427784, 0.550161659718, 0.0130110587925, 0.000494021282066],
        "mean": [0.00134688487742, 0.0476414747536, 0.834454894066, 7.72660923004, 7.58291101456, 14.0276727676, 29.7701473236, 29.8169841766, 20.291847229, 30.9149055481, 52.3179130554, 68.0392532349, 38.2454986572, 90.3126983643, 73.9445724487, 26.6962337494, 20.8508205414, 26.5689258575, 27.5986709595, 12.8515501022, 11.7505216599, 20.5313053131, 12.39615345, 5.79535388947, 3.63857340813, 9.71085548401, 8.00365352631, 2.2970161438, 2.14815545082, 2.43650102615, 2.14904379845, 1.76385223866, 1.39392948151, 1.07518732548, 1.11646962166, 0.378723800182, 0.0765125155449, 0.00737179722637, 0.000191873376025, 3.91602952732e-05],
        "median": [0.000582700304221, 0.0192558113486, 0.575817883015, 3.55235981941, 4.72197389603, 7.64738607407, 14.2454586029, 12.5198545456, 10.9548521042, 12.9846916199, 15.4687318802, 18.6342220306, 11.9321088791, 13.7445554733, 9.80771636963, 6.06549215317, 4.89525270462, 6.11905431747, 6.03575897217, 4.19757556915, 2.4878180027, 2.45412421227, 1.71512448788, 1.46116709709, 1.32237482071, 2.07113218307, 1.12916409969, 0.416333496571, 0.136217221618, 0.0288492124528, 0.0306796487421, 0.0886364728212, 0.116875097156, 0.0798517018557, 0.207479938865, 0.0837419256568, 0.014403341338, 0.000795185740571, 4.35340843978e-05, 3.53641080437e-05],
        "min": [1.81306702984e-09, 2.5700572337e-08, 9.54754113991e-07, 3.43763326782e-06, 2.5045219445e-06, 2.93195785162e-06, 7.68004701968e-06, 9.95365644485e-06, 2.15560726247e-06, 1.47115576965e-06, 9.36589913181e-06, 3.91836920244e-06, 7.26831729025e-07, 1.10621783733e-06, 4.97834480484e-06, 1.98685047508e-05, 4.28270095654e-06, 7.46024488762e-06, 2.529455287e-06, 3.22904520544e-06, 2.2497649752e-06, 1.08527501652e-06, 5.04939816892e-06, 7.51595734982e-07, 2.21911727749e-06, 3.26624922309e-06, 1.26367490338e-06, 2.13245101577e-07, 1.59402077315e-07, 9.53994074848e-08, 1.23452963408e-07, 3.00825234945e-07, 1.38067690614e-07, 7.79813831286e-08, 5.35398534396e-08, 3.28761515789e-08, 1.92596498749e-08, 7.93084442563e-09, 1.60373081481e-09, 1.52820020527e-10],
        "var": [6.1431433096e-06, 0.00438367947936, 0.673989236355, 80.8213195801, 66.8441619873, 440.326263428, 1669.60559082, 3469.94970703, 794.496276855, 3385.83227539, 13085.6826172, 25980.3378906, 11896.3701172, 40448.0976562, 38898.578125, 3332.25439453, 2218.09106445, 3233.1496582, 6390.13671875, 668.875366211, 951.745178223, 3711.44360352, 734.883361816, 111.96421814, 36.3310279846, 361.421051025, 393.812805176, 43.8479270935, 221.630828857, 206.396316528, 129.758071899, 100.810424805, 47.3003730774, 15.5517158508, 9.83107662201, 2.02901601791, 0.0741152912378, 0.0010456237942, 5.55343149244e-07, 1.49819412432e-09]
    },
    "gfcc": {
        "mean": [-41.4747123718, 113.5495224, -116.594429016, -9.54711341858, -62.4103393555, -8.90489387512, -53.0212135315, 8.24949359894, -50.4004974365, 1.96997880936, -29.0845870972, -13.2434530258, -8.323969841],
        "cov": [[8090.51171875, -1295.3157959, -151.209609985, 188.691665649, -153.812347412, 91.5951309204, 38.9792098999, 234.691757202, -432.061004639, 312.575683594, -252.682128906, 95.8218765259, 16.7065830231], [-1295.3157959, 1580.12890625, -350.943267822, -141.526016235, 353.756011963, -219.246444702, 255.329284668, -149.336914062, 153.967407227, -105.685592651, 261.259735107, -119.885215759, 26.1399993896], [-151.209609985, -350.943267822, 744.059082031, 26.4470024109, -278.917602539, 172.786254883, -196.578369141, 27.6214618683, 128.914398193, -4.43044948578, -90.703666687, 31.4552211761, -86.5872879028], [188.691665649, -141.526016235, 26.4470024109, 321.180236816, -12.2501544952, -20.6298656464, -3.83365440369, -54.9979133606, 83.9199752808, -16.2047386169, -42.1310081482, 38.1589393616, -10.2102556229], [-153.812347412, 353.756011963, -278.917602539, -12.2501544952, 305.69833374, -91.7872772217, 84.6401138306, 15.6380939484, -69.3693313599, 1.69067215919, 49.6034011841, -20.5230579376, 33.6300773621], [91.5951309204, -219.246444702, 172.786254883, -20.6298656464, -91.7872772217, 238.043228149, 11.9034929276, -19.7398700714, 9.26891040802, -12.7230415344, 13.3749980927, 16.6789665222, -56.4881706238], [38.9792098999, 255.329284668, -196.578369141, -3.83365440369, 84.6401138306, 11.9034929276, 237.129058838, -35.3523101807, -31.0250549316, -0.849523127079, 68.7576904297, -12.3863687515, -15.2730932236], [234.691757202, -149.336914062, 27.6214618683, -54.9979133606, 15.6380939484, -19.7398700714, -35.3523101807, 206.577575684, -87.4873809814, 41.822265625, -46.4528312683, -22.167930603, 52.6811256409], [-432.061004639, 153.967407227, 128.914398193, 83.9199752808, -69.3693313599, 9.26891040802, -31.0250549316, -87.4873809814, 260.818359375, -54.8352241516, 20.62550354, 15.9111509323, -44.7098312378], [312.575683594, -105.685592651, -4.43044948578, -16.2047386169, 1.69067215919, -12.7230415344, -0.849523127079, 41.822265625, -54.8352241516, 121.217658997, -13.5172080994, -2.45261645317, 27.5749835968], [-252.682128906, 261.259735107, -90.703666687, -42.1310081482, 49.6034011841, 13.3749980927, 68.7576904297, -46.4528312683, 20.62550354, -13.5172080994, 154.448547363, -9.6094827652, -1.36023795605], [95.8218765259, -119.885215759, 31.4552211761, 38.1589393616, -20.5230579376, 16.6789665222, -12.3863687515, -22.167930603, 15.9111509323, -2.45261645317, -9.6094827652, 76.9973907471, -5.78485441208], [16.7065830231, 26.1399993896, -86.5872879028, -10.2102556229, 33.6300773621, -56.4881706238, -15.2730932236, 52.6811256409, -44.7098312378, 27.5749835968, -1.36023795605, -5.78485441208, 101.005859375]],
        "icov": [[0.000172442814801, -5.89234423387e-06, 0.000157183720148, -0.000171684077941, 0.000194422231289, -0.000104618367914, 5.11929647473e-06, -0.000167918915395, 0.00023260533635, -0.000360126723535, 0.00015874010569, -0.00019706421881, 0.000247635645792], [-5.89234423387e-06, 0.00365373725072, -0.00177147297654, 0.00207342184149, -0.00355578423478, 0.00333536812104, -0.00339085003361, 0.00230797287077, -0.00264481292106, 0.00212344969623, -0.00284744426608, 0.00391314551234, -0.00248551741242], [0.000157183720148, -0.00177147297654, 0.00433120084926, -0.00124362995848, 0.0034238435328, -0.00325344526209, 0.00360254943371, -0.00246302317828, 0.000367081374861, -0.00192223431077, 0.00196901615709, -0.00224940897897, 0.0034744979348], [-0.000171684077941, 0.00207342184149, -0.00124362995848, 0.00531539926305, -0.00251628132537, 0.00230803224258, -0.00246835709549, 0.00232852576301, -0.00296642864123, 0.00153348699678, -9.3640803243e-05, 0.000905029184651, -0.00217727781273], [0.000194422231289, -0.00355578423478, 0.0034238435328, -0.00251628132537, 0.0090794051066, -0.0022529233247, 0.00292990659364, -0.00327667896636, 0.00351388985291, -0.00207881000824, 0.00178791070357, -0.00381025578827, 0.00336665147915], [-0.000104618367914, 0.00333536812104, -0.00325344526209, 0.00230803224258, -0.0022529233247, 0.00955812539905, -0.00447947019711, 0.00228410633281, -0.00133449747227, 0.00268316082656, -0.00394511362538, 0.00261342269368, -0.000401353492634], [5.11929647473e-06, -0.00339085003361, 0.00360254943371, -0.00246835709549, 0.00292990659364, -0.00447947019711, 0.00993159878999, -0.0021621149499, 0.00278190616518, -0.0026336631272, 0.000813203922007, -0.00301561062224, 0.00465285498649], [-0.000167918915395, 0.00230797287077, -0.00246302317828, 0.00232852576301, -0.00327667896636, 0.00228410633281, -0.0021621149499, 0.00926355086267, -0.000255814229604, 0.00092427857453, -5.27384436282e-05, 0.00427902396768, -0.00535687524825], [0.00023260533635, -0.00264481292106, 0.000367081374861, -0.00296642864123, 0.00351388985291, -0.00133449747227, 0.00278190616518, -0.000255814229604, 0.00835631042719, -0.000238478343817, 0.000639278674498, -0.00292419595644, 0.00290373200551], [-0.000360126723535, 0.00212344969623, -0.00192223431077, 0.00153348699678, -0.00207881000824, 0.00268316082656, -0.0026336631272, 0.00092427857453, -0.000238478343817, 0.0117549933493, -0.00183067121543, 0.00239109038375, -0.00387281691656], [0.00015874010569, -0.00284744426608, 0.00196901615709, -9.3640803243e-05, 0.00178791070357, -0.00394511362538, 0.000813203922007, -5.27384436282e-05, 0.000639278674498, -0.00183067121543, 0.0116663137451, -0.00263709342107, 0.000526811287273], [-0.00019706421881, 0.00391314551234, -0.00224940897897, 0.000905029184651, -0.00381025578827, 0.00261342269368, -0.00301561062224, 0.00427902396768, -0.00292419595644, 0.00239109038375, -0.00263709342107, 0.019036848098, -0.00366689730436], [0.000247635645792, -0.00248551741242, 0.0034744979348, -0.00217727781273, 0.00336665147915, -0.000401353492634, 0.00465285498649, -0.00535687524825, 0.00290373200551, -0.00387281691656, 0.000526811287273, -0.00366689730436, 0.0175529476255]]
    },
    "melbands": {
        "dmean": [1.04096152427e-05, 0.000129687512526, 0.000357116514351, 0.000250304117799, 0.000323794927681, 0.000242214286118, 0.000139592564665, 0.00013712044165, 0.000198382302187, 0.000161812684382, 7.89649129729e-05, 0.000116918112326, 9.19208323467e-05, 3.50957707269e-05, 2.32924830925e-05, 1.76928915607e-05, 2.10352936847e-05, 2.0480611056e-05, 1.44778405229e-05, 9.24273535929e-06, 5.80180903853e-06, 1.06451152533e-05, 5.12599945068e-06, 3.86365354643e-06, 2.04654043046e-06, 1.00994782315e-06, 1.82303529073e-06, 2.93911466542e-06, 2.8192660011e-06, 1.24524115108e-06, 6.7977504159e-07, 9.17058969208e-07, 1.23491622617e-06, 7.63408877447e-07, 8.30556814435e-07, 8.78149421624e-07, 6.79415563809e-07, 7.08343975475e-07, 5.96455663526e-07, 5.69134272155e-07],
        "dmean2": [1.77945366886e-05, 0.000225342795602, 0.000599149789196, 0.000377765652956, 0.000496508844662, 0.000359513243893, 0.000211277088965, 0.000200291688088, 0.000284602399915, 0.000215056701563, 0.000111674678919, 0.000150766034494, 0.000113469977805, 4.95720087201e-05, 3.1915584259e-05, 2.40296958509e-05, 2.81634656858e-05, 2.84015604848e-05, 2.1483790988e-05, 1.35112395583e-05, 8.30412136565e-06, 1.37516708492e-05, 7.01575754647e-06, 5.27805832462e-06, 3.04535410578e-06, 1.57046792992e-06, 2.71943713415e-06, 4.21744061896e-06, 3.9929104787e-06, 1.7403037873e-06, 1.00901104361e-06, 1.48973572323e-06, 1.85880890058e-06, 1.06753213913e-06, 1.2194525425e-06, 1.20633376355e-06, 9.01620978766e-07, 1.07526693682e-06, 8.84406460955e-07, 7.88748536706e-07],
        "dvar": [4.3449605025e-10, 2.48544793635e-08, 1.89688790897e-07, 1.88438150417e-07, 3.10962974481e-07, 3.6471567455e-07, 8.55591224536e-08, 1.36724779054e-07, 2.19085904973e-07, 1.69210380818e-07, 8.78984423025e-08, 6.5026796392e-08, 4.33319584658e-08, 1.0999701594e-08, 3.95866095459e-09, 2.1706461073e-09, 2.45274667243e-09, 3.57252538663e-09, 1.15999954087e-09, 7.02901292726e-10, 4.66497951379e-10, 1.22667076496e-09, 1.80871970179e-10, 8.22161089209e-11, 2.53230197228e-11, 7.37025631498e-12, 2.08235061139e-11, 4.23262813687e-11, 8.54330911571e-11, 1.15312915466e-11, 9.33336654491e-12, 4.32881265555e-11, 1.23670518271e-10, 1.71121034009e-11, 1.8348555314e-11, 2.66822189343e-11, 1.33600127489e-11, 1.44484355036e-11, 9.49256385302e-12, 3.79846631579e-12],
        "dvar2": [1.18680432148e-09, 7.39912948688e-08, 5.50556023882e-07, 4.40105367261e-07, 6.77299681229e-07, 8.54059237554e-07, 1.84905104561e-07, 3.0165830367e-07, 4.25139973004e-07, 2.66684452299e-07, 1.82242501978e-07, 1.0037803122e-07, 6.71497559779e-08, 1.89066380329e-08, 6.33081809198e-09, 3.01285330018e-09, 3.76988973372e-09, 6.47190434577e-09, 2.22744067635e-09, 1.46029810466e-09, 9.13158382243e-10, 1.60677715577e-09, 3.40831973755e-10, 1.57095031428e-10, 5.26631585562e-11, 1.86964159432e-11, 4.57872732784e-11, 8.22146309365e-11, 1.68264679967e-10, 2.2942325123e-11, 1.92573266361e-11, 1.12496255367e-10, 2.90940715963e-10, 3.40257162723e-11, 3.55254263507e-11, 4.5796096082e-11, 2.0695492195e-11, 3.02253951034e-11, 2.11014851426e-11, 6.84455487079e-12],
        "max": [0.000391966605093, 0.00186518137343, 0.0073834140785, 0.0089881978929, 0.00771674746647, 0.0121382912621, 0.00658460380509, 0.00772084435448, 0.00994741171598, 0.00977313518524, 0.00630122656003, 0.00536606740206, 0.00419242400676, 0.00257932883687, 0.00160740979481, 0.00148800620809, 0.000888745300472, 0.00177911762148, 0.000710003194399, 0.000355922675226, 0.000461443938548, 0.000989342108369, 0.000252331083175, 0.000137465438456, 8.71909505804e-05, 5.7281118643e-05, 8.71268712217e-05, 9.82242127066e-05, 0.000185196258826, 5.67056849832e-05, 6.66367195663e-05, 0.000150057996507, 0.000354599993443, 0.000107624917291, 6.79148433846e-05, 0.000136325485073, 9.26849461393e-05, 9.2103422503e-05, 5.80636879022e-05, 3.63592007488e-05],
        "mean": [2.07324628718e-05, 0.000275814789347, 0.00126130413264, 0.000741080264561, 0.00093213818036, 0.000688292842824, 0.000337919947924, 0.000329187430907, 0.000446054618806, 0.000425430072937, 0.000170102095581, 0.000341083912645, 0.000268626317848, 9.37259101192e-05, 6.2851831899e-05, 4.31358130299e-05, 5.03500596096e-05, 4.2986292101e-05, 2.73495716101e-05, 1.51510539581e-05, 1.1353859918e-05, 2.47441621468e-05, 1.17763856906e-05, 8.26581072033e-06, 4.41342808699e-06, 1.86094564469e-06, 3.93877553506e-06, 7.16740078133e-06, 5.99719533056e-06, 2.3871718895e-06, 9.49359844071e-07, 1.03037427834e-06, 1.63392257946e-06, 1.17450167636e-06, 1.18583056974e-06, 1.26772408748e-06, 9.94954575617e-07, 9.74277895693e-07, 8.62264585066e-07, 9.14165582344e-07],
        "median": [4.77114735986e-06, 0.000189304235391, 0.0006437250413, 0.000486616772832, 0.000537511194125, 0.000309592898702, 0.000167449965375, 0.000126416649437, 0.000115358132462, 9.25471249502e-05, 4.29185820394e-05, 4.47200000053e-05, 3.36869888997e-05, 1.74691158463e-05, 9.75535567704e-06, 9.36159540288e-06, 1.03458123704e-05, 8.02864815341e-06, 7.72884959588e-06, 3.37383266924e-06, 2.42406622419e-06, 2.90130492431e-06, 1.5408559193e-06, 1.37333859129e-06, 1.04063531126e-06, 6.12858741533e-07, 1.03343325009e-06, 1.31362287448e-06, 7.21796027392e-07, 2.77136109617e-07, 1.43629904414e-07, 7.41169685625e-08, 1.49706664843e-08, 1.13001323854e-08, 1.55998520768e-08, 1.42597276209e-08, 6.55429062135e-08, 8.71646150813e-08, 4.15409573407e-08, 4.18424015436e-08],
        "min": [1.50980027092e-11, 3.3140734601e-10, 5.64961355476e-10, 1.65377628258e-10, 2.48754516985e-10, 2.03174338465e-10, 2.23361520252e-11, 1.80287399593e-11, 8.3892025271e-11, 1.90315263549e-11, 3.01080883315e-12, 3.43562678307e-12, 1.15144898824e-11, 4.27437807371e-11, 2.7025860716e-11, 1.32152223192e-11, 1.22630221949e-11, 3.30031162989e-12, 2.51613400254e-12, 1.22936350769e-12, 2.82867848068e-12, 1.15784346087e-12, 6.39603712875e-13, 2.44209193883e-13, 4.15353894941e-13, 1.44779305732e-12, 1.90974970213e-12, 1.70677263555e-12, 1.0498747054e-12, 1.50963687081e-13, 9.21852316162e-14, 8.98943259783e-14, 6.12579987278e-14, 4.53418532375e-14, 5.92569409882e-14, 6.70092914533e-14, 1.96469237906e-13, 8.94606451093e-14, 6.77075447575e-14, 5.61535477947e-14],
        "var": [1.76313563749e-09, 8.20349725927e-08, 2.01168836611e-06, 1.07529206161e-06, 1.25321594169e-06, 1.40655743053e-06, 2.96216569495e-07, 4.03619992539e-07, 9.20798640891e-07, 1.18349078093e-06, 2.93485697966e-07, 6.05577554325e-07, 3.7874022496e-07, 6.10577686189e-08, 3.5046184621e-08, 1.61860604919e-08, 1.52170311907e-08, 1.82550898842e-08, 4.12643741399e-09, 1.48485523876e-09, 1.08135889132e-09, 5.71770319979e-09, 7.79361242209e-10, 2.65076377515e-10, 7.93104193431e-11, 1.19667895385e-11, 6.20580670185e-11, 2.18273274455e-10, 2.5242688495e-10, 3.79896114566e-11, 1.37715247192e-11, 4.05342148735e-11, 1.8681066416e-10, 4.53586369853e-11, 3.97025398668e-11, 5.84907053347e-11, 2.94301492898e-11, 2.35471885046e-11, 1.62852665381e-11, 1.06902360228e-11]
    },
    "mfcc": {
        "mean": [-698.168273926, 166.380081177, -13.6680412292, 5.72496700287, -5.03812122345, -21.2761211395, 2.21667504311, -21.3310260773, -2.66293764114, -9.1201915741, -16.9419460297, -5.25175094604, -15.4815235138],
        "cov": [[6425.8359375, -466.356719971, -488.155090332, 242.811477661, -126.012840271, -158.722671509, 443.78125, -239.898590088, 171.945861816, -21.9326057434, -273.202026367, 268.69128418, -193.340515137], [-466.356719971, 1574.10559082, -556.570983887, 115.957832336, 2.23334908485, -60.2653236389, 182.21673584, -29.7803649902, -81.1874008179, 69.1067810059, 35.3900680542, 76.1326141357, 9.29811573029], [-488.155090332, -556.570983887, 1042.27270508, -260.509857178, 42.3572654724, 125.821655273, -306.899658203, 83.4615020752, 20.7363357544, -11.9027643204, 208.200881958, -164.232192993, 90.589553833], [242.811477661, 115.957832336, -260.509857178, 340.151733398, 9.8083896637, -26.0068206787, 33.5775718689, -17.4824008942, 42.4067382812, -5.37010478973, -70.5336608887, 76.7038726807, 0.632815897465], [-126.012840271, 2.23334908485, 42.3572654724, 9.8083896637, 191.097625732, -55.9460983276, -36.1983146667, -13.1945428848, 40.2592201233, -21.7705841064, -1.04861974716, 14.1360902786, 2.52945041656], [-158.722671509, -60.2653236389, 125.821655273, -26.0068206787, -55.9460983276, 270.865722656, -66.3977203369, 98.7783203125, -99.7816085815, 43.3155860901, 64.2403793335, -66.5939407349, 68.4711151123], [443.78125, 182.21673584, -306.899658203, 33.5775718689, -36.1983146667, -66.3977203369, 351.464599609, -50.4723892212, 1.77637624741, 18.2139968872, -66.3034439087, 76.7779922485, -49.3268966675], [-239.898590088, -29.7803649902, 83.4615020752, -17.4824008942, -13.1945428848, 98.7783203125, -50.4723892212, 176.600311279, -51.8636512756, 40.312084198, 19.5465373993, -22.8742313385, 29.3525123596], [171.945861816, -81.1874008179, 20.7363357544, 42.4067382812, 40.2592201233, -99.7816085815, 1.77637624741, -51.8636512756, 174.974502563, -26.6355457306, -10.2947702408, 16.5788764954, -26.1631908417], [-21.9326057434, 69.1067810059, -11.9027643204, -5.37010478973, -21.7705841064, 43.3155860901, 18.2139968872, 40.312084198, -26.6355457306, 118.727714539, 22.2100734711, -6.02889347076, 20.4765987396], [-273.202026367, 35.3900680542, 208.200881958, -70.5336608887, -1.04861974716, 64.2403793335, -66.3034439087, 19.5465373993, -10.2947702408, 22.2100734711, 156.710678101, -72.1371383667, 55.1166992188], [268.69128418, 76.1326141357, -164.232192993, 76.7038726807, 14.1360902786, -66.5939407349, 76.7779922485, -22.8742313385, 16.5788764954, -6.02889347076, -72.1371383667, 167.963394165, -45.5262451172], [-193.340515137, 9.29811573029, 90.589553833, 0.632815897465, 2.52945041656, 68.4711151123, -49.3268966675, 29.3525123596, -26.1631908417, 20.4765987396, 55.1166992188, -45.5262451172, 121.980239868]],
