{
"lowlevel": {
    "average_loudness": 0.976820886135,
    "barkbands_crest": {
        "dmean": 2.77685236931,
        "dmean2": 4.33537149429,
        "dvar": 7.64122533798,
        "dvar2": 15.4755439758,
        "max": 25.3918476105,
        "mean": 10.5538291931,
        "median": 9.36858844757,
        "min": 2.23859167099,
        "var": 24.4727172852
    },
    "barkbands_flatness_db": {
        "dmean": 0.0221508406103,
        "dmean2": 0.0316977053881,
        "dvar": 0.000489055353682,
        "dvar2": 0.000920348626096,
        "max": 0.346598267555,
        "mean": 0.119625590742,
        "median": 0.117316633463,
        "min": 0.0282913390547,
        "var": 0.00253321020864
    },
    "barkbands_kurtosis": {
        "dmean": 3.0266919136,
        "dmean2": 4.60319852829,
        "dvar": 39.9440231323,
        "dvar2": 94.1413879395,
        "max": 101.914459229,
        "mean": 3.58741140366,
        "median": 0.812858819962,
        "min": -1.91636955738,
        "var": 75.9466629028
    },
    "barkbands_skewness": {
        "dmean": 0.593468785286,
        "dmean2": 0.854890346527,
        "dvar": 0.437356233597,
        "dvar2": 0.87182444334,
        "max": 8.90361595154,
        "mean": 1.29958248138,
        "median": 1.02957105637,
        "min": -1.60744857788,
        "var": 1.71237230301
    },
    "barkbands_spread": {
        "dmean": 7.22199106216,
        "dmean2": 10.6850709915,
        "dvar": 92.2054443359,
        "dvar2": 177.278945923,
        "max": 118.504776001,
        "mean": 28.989408493,
        "median": 25.1180229187,
        "min": 1.29168176651,
        "var": 382.374420166
    },
    "dissonance": {
        "dmean": 0.0208971928805,
        "dmean2": 0.0342759266496,
        "dvar": 0.000413806992583,
        "dvar2": 0.00110172783025,
        "max": 0.499708861113,
        "mean": 0.458577722311,
        "median": 0.4681442976,
        "min": 0.272485643625,
        "var": 0.00108734087553
    },
    "dynamic_complexity": 2.63193964958,
    "erbbands_crest": {
        "dmean": 3.08682107925,
        "dmean2": 4.7863740921,
        "dvar": 9.0241394043,
        "dvar2": 21.3108520508,
        "max": 30.1769371033,
        "mean": 9.91596412659,
        "median": 8.6571598053,
        "min": 2.17104387283,
        "var": 28.8151836395
    },
    "erbbands_flatness_db": {
        "dmean": 0.0174848884344,
        "dmean2": 0.0253440681845,
        "dvar": 0.000282647757558,
        "dvar2": 0.000567864452023,
        "max": 0.299725711346,
        "mean": 0.144299447536,
        "median": 0.138879030943,
        "min": 0.0628270357847,
        "var": 0.00154054327868
    },
    "erbbands_kurtosis": {
        "dmean": 1.34060823917,
        "dmean2": 2.03331255913,
        "dvar": 3.44347286224,
        "dvar2": 7.57845544815,
        "max": 22.2378196716,
        "mean": 1.21691286564,
        "median": 0.190190076828,
        "min": -1.68309748173,
        "var": 9.1903963089
    },
    "erbbands_skewness": {
        "dmean": 0.443292438984,
        "dmean2": 0.641774058342,
        "dvar": 0.211497828364,
        "dvar2": 0.450956135988,
        "max": 4.18948459625,
        "mean": 0.210339307785,
        "median": 0.143644556403,
        "min": -2.95398306847,
        "var": 1.00811803341
    },
    "erbbands_spread": {
        "dmean": 10.0829296112,
        "dmean2": 14.9017295837,
        "dvar": 127.105079651,
        "dvar2": 289.302856445,
        "max": 144.564971924,
        "mean": 40.1941490173,
        "median": 37.0939483643,
        "min": 4.8257818222,
        "var": 453.389312744
    },
    "hfc": {
        "dmean": 12.683836937,
        "dmean2": 19.5206317902,
        "dvar": 534.643737793,
        "dvar2": 1122.83959961,
        "max": 336.942932129,
        "mean": 31.1086196899,
        "median": 21.1232089996,
        "min": 2.95818125551e-07,
        "var": 1517.44055176
    },
    "melbands_crest": {
        "dmean": 3.23556780815,
        "dmean2": 4.97555685043,
        "dvar": 9.55697631836,
        "dvar2": 20.0215778351,
        "max": 32.5154037476,
        "mean": 14.8780040741,
        "median": 13.7812986374,
        "min": 3.48838806152,
        "var": 33.3184394836
    },
    "melbands_flatness_db": {
        "dmean": 0.0280249714851,
        "dmean2": 0.0390143431723,
        "dvar": 0.000846261216793,
        "dvar2": 0.00145793682896,
        "max": 0.467784941196,
        "mean": 0.179998621345,
        "median": 0.179664820433,
        "min": 0.026815360412,
        "var": 0.00501857185736
    },
    "melbands_kurtosis": {
        "dmean": 7.72795724869,
        "dmean2": 11.5483932495,
        "dvar": 224.890213013,
        "dvar2": 493.64944458,
        "max": 235.841674805,
        "mean": 12.6003303528,
        "median": 5.10049152374,
        "min": -1.44053292274,
        "var": 486.26473999
    },
    "melbands_skewness": {
        "dmean": 0.789229869843,
        "dmean2": 1.14792096615,
        "dvar": 0.851552009583,
        "dvar2": 1.64766705036,
        "max": 12.6875610352,
        "mean": 2.48221874237,
        "median": 2.04620218277,
        "min": -0.778666913509,
        "var": 3.18893909454
    },
    "melbands_spread": {
        "dmean": 10.6401491165,
        "dmean2": 15.1903352737,
        "dvar": 279.36328125,
        "dvar2": 498.022857666,
        "max": 208.972610474,
        "mean": 32.9911003113,
        "median": 25.1963863373,
        "min": 1.04458332062,
        "var": 979.83001709
    },
    "pitch_salience": {
        "dmean": 0.071654073894,
        "dmean2": 0.11080621928,
        "dvar": 0.00491084158421,
        "dvar2": 0.0112522169948,
        "max": 0.819935441017,
        "mean": 0.542399942875,
        "median": 0.560111403465,
        "min": 0.166044950485,
        "var": 0.0146741606295
    },
    "silence_rate_20dB": {
        "dmean": 0,
        "dmean2": 0,
        "dvar": 0,
        "dvar2": 0,
        "max": 1,
        "mean": 1,
        "median": 1,
        "min": 1,
        "var": 0
    },
    "silence_rate_30dB": {
        "dmean": 0.0294117648154,
        "dmean2": 0.0588690936565,
        "dvar": 0.028547231108,
        "dvar2": 0.081738434732,
        "max": 1,
        "mean": 0.983758687973,
        "median": 1,
        "min": 0,
        "var": 0.0159775111824
    },
    "silence_rate_60dB": {
        "dmean": 0.00464396271855,
        "dmean2": 0.00929511990398,
        "dvar": 0.00462240399793,
        "dvar2": 0.0123070497066,
        "max": 1,
        "mean": 0.0317092016339,
        "median": 0,
        "min": 0,
        "var": 0.0307034477592
    },
    "spectral_centroid": {
        "dmean": 310.190643311,
        "dmean2": 451.412719727,
        "dvar": 203252.984375,
        "dvar2": 309515.90625,
        "max": 10882.3896484,
        "mean": 1498.71264648,
        "median": 1317.34094238,
        "min": 275.917327881,
        "var": 683265.125
    },
    "spectral_complexity": {
        "dmean": 4.82662534714,
        "dmean2": 7.54144096375,
        "dvar": 38.2625350952,
        "dvar2": 82.1569671631,
        "max": 56,
        "mean": 19.906419754,
        "median": 17,
        "min": 0,
        "var": 131.166244507
    },
    "spectral_decrease": {
        "dmean": 2.94145818813e-09,
        "dmean2": 4.7304555828e-09,
        "dvar": 3.12114005573e-17,
        "dvar2": 7.89988719328e-17,
        "max": -7.12800228119e-18,
        "mean": -6.9616250542e-09,
        "median": -5.24519228051e-09,
        "min": -4.89343037202e-08,
        "var": 4.33965088253e-17
    },
    "spectral_energy": {
        "dmean": 0.0119131412357,
        "dmean2": 0.0191557407379,
        "dvar": 0.00047977041686,
        "dvar2": 0.00122713565361,
        "max": 0.191198438406,
        "mean": 0.0290964394808,
        "median": 0.0229837913066,
        "min": 5.37343121387e-11,
        "var": 0.000668752763886
    },
    "spectral_energyband_high": {
        "dmean": 0.0010264874436,
        "dmean2": 0.00152034603525,
        "dvar": 5.55061569685e-06,
        "dvar2": 1.00446577562e-05,
        "max": 0.0344883203506,
        "mean": 0.00209548603743,
        "median": 0.00056224456057,
        "min": 2.0313936297e-11,
        "var": 1.88364574569e-05
    },
    "spectral_energyband_low": {
        "dmean": 0.00616905093193,
        "dmean2": 0.00984720978886,
        "dvar": 0.000293907884043,
        "dvar2": 0.000700027390849,
        "max": 0.144409924746,
        "mean": 0.0101596498862,
        "median": 0.00376669643447,
        "min": 1.80653712475e-12,
        "var": 0.000437535578385
    },
    "spectral_energyband_middle_high": {
        "dmean": 0.00266861985438,
        "dmean2": 0.00420759106055,
        "dvar": 1.64905486599e-05,
        "dvar2": 3.93431946577e-05,
        "max": 0.0408669859171,
        "mean": 0.0057862251997,
        "median": 0.00416515627876,
        "min": 7.25936324941e-12,
        "var": 3.586427556e-05
    },
    "spectral_energyband_middle_low": {
        "dmean": 0.00608834158629,
        "dmean2": 0.0100659057498,
        "dvar": 0.000125780745293,
        "dvar2": 0.00033959193388,
        "max": 0.0920800566673,
        "mean": 0.0123104304075,
        "median": 0.00841959752142,
        "min": 2.24736253912e-11,
        "var": 0.000138774063089
    },
    "spectral_entropy": {
        "dmean": 0.1825953722,
        "dmean2": 0.259047716856,
        "dvar": 0.0451193489134,
        "dvar2": 0.0779855772853,
        "max": 9.79035949707,
        "mean": 7.72191286087,
        "median": 7.69430780411,
        "min": 6.07294940948,
        "var": 0.247825682163
    },
    "spectral_flux": {
        "dmean": 0.0298788882792,
        "dmean2": 0.0470767319202,
        "dvar": 0.00157189834863,
        "dvar2": 0.00361546617933,
        "max": 0.381824821234,
        "mean": 0.0900522023439,
        "median": 0.0760755315423,
        "min": 2.14039937418e-05,
        "var": 0.00327169895172
    },
    "spectral_kurtosis": {
        "dmean": 1.2485588789,
        "dmean2": 1.99071323872,
        "dvar": 2.46781349182,
        "dvar2": 5.7499833107,
        "max": 17.5728492737,
        "mean": 3.92182922363,
        "median": 3.22836923599,
        "min": -1.24978029728,
        "var": 8.01779174805
    },
    "spectral_rms": {
        "dmean": 0.000920840655454,
        "dmean2": 0.00142422155477,
        "dvar": 1.71423937445e-06,
        "dvar2": 4.06184381063e-06,
        "max": 0.0136577840894,
        "mean": 0.00492873741314,
        "median": 0.00473531521857,
        "min": 2.28962264259e-07,
        "var": 4.09435779147e-06
    },
    "spectral_rolloff": {
        "dmean": 714.781005859,
        "dmean2": 1120.74499512,
        "dvar": 2028188.875,
        "dvar2": 3965416.25,
        "max": 14707.1777344,
        "mean": 2138.63037109,
        "median": 1335.05859375,
        "min": 64.599609375,
        "var": 5660050.5
    },
    "spectral_skewness": {
        "dmean": 0.21314959228,
        "dmean2": 0.314075797796,
        "dvar": 0.0562861934304,
        "dvar2": 0.112222224474,
        "max": 3.25727748871,
        "mean": 1.52456569672,
        "median": 1.51299536228,
        "min": -0.0232178773731,
        "var": 0.275765866041
    },
    "spectral_spread": {
        "dmean": 653752.0625,
        "dmean2": 883638.0625,
        "dvar": 1.52721267098e+12,
        "dvar2": 1.86089432678e+12,
        "max": 41154632,
        "mean": 5467060,
        "median": 5196943,
        "min": 2334786,
        "var": 4.7712871383e+12
    },
    "spectral_strongpeak": {
        "dmean": 0.554490923882,
        "dmean2": 0.922529399395,
        "dvar": 0.893823504448,
        "dvar2": 2.25306463242,
        "max": 9.40530872345,
        "mean": 0.985934317112,
        "median": 0.504312455654,
        "min": 2.35456282098e-05,
        "var": 1.61064589024
    },
    "zerocrossingrate": {
        "dmean": 0.0157538726926,
        "dmean2": 0.01661593467,
        "dvar": 0.000545414572116,
        "dvar2": 0.000504976545926,
        "max": 0.39892578125,
        "mean": 0.0795305520296,
        "median": 0.06005859375,
        "min": 0.00439453125,
        "var": 0.00372102670372
    },
    "barkbands": {
        "dmean": [0.000200993250473, 0.00436571612954, 0.00147300167009, 0.00224277866073, 0.00186149624642, 0.00102497509215, 0.000457776768599, 0.00113567721564, 0.00110081909224, 0.00079404033022, 0.00064819259569, 0.000384031503927, 0.000496664724778, 0.000504157796968, 0.000383125821827, 0.000290522730211, 0.000287713774014, 0.000237665401073, 0.000193108440726, 0.000169857084984, 0.000132540619234, 0.000174872970092, 0.000237365995417, 0.000277602724964, 0.00023799345945, 8.51484073792e-05, 2.14679744204e-06],
        "dmean2": [0.000334185519023, 0.0068290210329, 0.00217662192881, 0.00416231248528, 0.00288306875154, 0.0015855015954, 0.000774520391133, 0.00177616835572, 0.0016743321903, 0.0012161617633, 0.00101908191573, 0.000644965912215, 0.00078203069279, 0.000812989077531, 0.000642046390567, 0.000473145773867, 0.000477012974443, 0.000398632022552, 0.000337174453307, 0.000296895741485, 0.000219149631448, 0.000264090194833, 0.000361971964594, 0.000427197286626, 0.000333118514391, 0.00012807357416, 3.62719310942e-06],
        "dvar": [2.09249449767e-07, 0.000119213305879, 2.71965272987e-05, 8.19361011963e-05, 1.04859018393e-05, 7.16817066859e-06, 1.23277914099e-06, 7.37261780159e-06, 8.2598426161e-06, 3.30762054546e-06, 2.83737313111e-06, 1.14182739708e-06, 1.42252042679e-06, 1.28582269099e-06, 8.08794254681e-07, 6.10588415384e-07, 2.90784413437e-07, 1.73384705704e-07, 1.44854084283e-07, 1.41449689295e-07, 7.08622991397e-08, 1.75609656594e-07, 3.80114187237e-07, 5.8596361896e-07, 6.92865057772e-07, 7.37475787105e-08, 3.08360628698e-11],
        "dvar2": [4.9933481705e-07, 0.00028281842242, 6.03494736424e-05, 0.000232203747146, 2.34904600802e-05, 1.63927743415e-05, 3.04115451399e-06, 1.572475594e-05, 1.83865358849e-05, 6.5602266659e-06, 6.06085313848e-06, 2.73867090073e-06, 3.32253648594e-06, 3.13101190841e-06, 2.05660671782e-06, 1.45013007113e-06, 6.307901117e-07, 4.25341454502e-07, 4.03419903705e-07, 3.86729368529e-07, 1.76168299504e-07, 3.31916140794e-07, 7.35980620448e-07, 1.19199933124e-06, 1.29229306367e-06, 1.42777494716e-07, 8.17658579733e-11],
        "max": [0.00440483726561, 0.0926918908954, 0.0496599152684, 0.074354223907, 0.0460162907839, 0.0360496416688, 0.0156723186374, 0.0375357158482, 0.0408243797719, 0.0390215441585, 0.023312183097, 0.0160110741854, 0.0182701535523, 0.0201684236526, 0.0123481713235, 0.0131577523425, 0.0116019397974, 0.00466100033373, 0.00420265318826, 0.0052912728861, 0.00318142259493, 0.00889513082802, 0.0115399714559, 0.0127688301727, 0.0167109128088, 0.00458120508119, 7.30351748643e-05],
        "mean": [0.000367222062778, 0.00745295500383, 0.00138526712544, 0.00193307292648, 0.0043625482358, 0.00146992702503, 0.000609467620961, 0.0018282084493, 0.00154149183072, 0.00119689048734, 0.000903494190425, 0.000494066975079, 0.000702244404238, 0.00066967488965, 0.000475422828458, 0.000388707238017, 0.000484729214804, 0.000357493816409, 0.000260030908976, 0.000236173058511, 0.000234832346905, 0.000305451569147, 0.000415570859332, 0.000456558307633, 0.00042601468158, 0.000136466289405, 2.48840501627e-06],
        "median": [0.000106386854895, 0.00311723025516, 9.79013639153e-05, 0.000354531453922, 0.00308697461151, 0.000416375958594, 0.000273598212516, 0.000394714152208, 0.000494855630677, 0.000285850896034, 0.000250040699029, 0.00017591251526, 0.000198825495318, 0.00024261145154, 0.000216219210415, 0.000118997610116, 0.000195276705199, 0.000208367098821, 0.000114538808702, 9.54083297984e-05, 8.25946117402e-05, 6.06144458288e-05, 0.000114439353638, 9.17382276384e-05, 5.2666207921e-05, 1.6540312572e-05, 7.39943459394e-07],
        "min": [4.38831046154e-13, 1.4103957802e-12, 1.26255844429e-13, 7.97586172455e-13, 1.28610923994e-12, 4.49236307876e-12, 2.85582907149e-12, 1.08234124788e-12, 2.37020971426e-12, 9.72006980113e-13, 6.37473906127e-13, 1.34011183227e-12, 2.20036364346e-13, 1.93483263807e-13, 6.99895274115e-13, 6.23744437177e-13, 7.25002577504e-13, 3.7485691092e-13, 1.24285618689e-12, 1.45909304604e-12, 1.33836518257e-12, 1.4548315894e-12, 2.1275644007e-12, 2.10795617073e-12, 3.06006110208e-12, 4.37856955554e-12, 5.51878421434e-12],
        "var": [3.24997557755e-07, 0.000214331666939, 2.81607663055e-05, 4.89841622766e-05, 2.44018519879e-05, 1.1036462638e-05, 1.6923787598e-06, 1.92879997485e-05, 1.39064341056e-05, 9.03286581888e-06, 5.22507525602e-06, 1.4746188981e-06, 2.31050603361e-06, 1.73224634636e-06, 7.93453523329e-07, 8.79719948443e-07, 8.50490209814e-07, 2.36317390545e-07, 1.49058536181e-07, 1.42162733141e-07, 1.19240397112e-07, 4.31117712196e-07, 1.03218951608e-06, 1.50571463564e-06, 2.08178585126e-06, 1.85606864989e-07, 3.39525491055e-11]
    },
    "erbbands": {
        "dmean": [0.153198182583, 0.943538248539, 1.3133610487, 5.6941857338, 5.89326953888, 6.58191108704, 9.77875804901, 7.35754346848, 6.46403408051, 14.1133127213, 24.2384929657, 27.7193088531, 23.634021759, 20.2757034302, 26.3398017883, 16.7502155304, 22.4171504974, 23.6512145996, 21.3674812317, 19.5746021271, 13.4921121597, 13.2574739456, 14.2592821121, 8.56156349182, 10.3443393707, 8.02635955811, 5.44721269608, 5.40110015869, 6.1409702301, 7.0033493042, 6.7537560463, 5.89945602417, 4.74764633179, 3.30713582039, 1.32601463795, 0.566214263439, 0.113984301686, 0.0129155414179, 0.000293389777653, 2.59045318671e-05],
        "dmean2": [0.223549813032, 1.49224376678, 2.03589844704, 10.2581682205, 10.5551643372, 10.0018634796, 14.6968584061, 11.4321146011, 10.7450227737, 22.7138023376, 37.3415641785, 41.4986610413, 36.8657417297, 31.0664310455, 41.6087150574, 27.398065567, 34.3585357666, 38.3733863831, 34.4268875122, 32.2834396362, 22.1036186218, 21.9102668762, 23.471572876, 14.4487981796, 18.2031383514, 14.0058097839, 9.01660823822, 8.93038749695, 9.58308410645, 10.4151544571, 10.3877191544, 9.31138420105, 6.98333263397, 4.64318990707, 1.99309432507, 0.861594498158, 0.172035783529, 0.0198446866125, 0.000450499006547, 3.96618306695e-05],
        "dvar": [0.150477707386, 5.89819812775, 21.0502719879, 536.469970703, 225.429397583, 169.330200195, 399.871917725, 541.776062012, 436.552520752, 1032.37145996, 3598.40283203, 5474.31152344, 2716.68676758, 3322.53588867, 4693.20605469, 1914.32141113, 3001.16455078, 2472.9387207, 2469.16210938, 2716.0625, 1040.41723633, 529.406494141, 615.516906738, 230.245666504, 452.504394531, 333.756195068, 138.848388672, 99.7123413086, 202.088180542, 337.164703369, 326.667633057, 239.826690674, 224.525924683, 153.634475708, 19.2264671326, 3.95855236053, 0.111446522176, 0.0012871180661, 5.86311386996e-07, 2.39209207997e-09],
        "dvar2": [0.289972037077, 15.164560318, 39.3666610718, 1473.68908691, 636.508483887, 345.096496582, 788.667358398, 1353.9407959, 1087.83776855, 2435.28027344, 7420.08349609, 12328.0732422, 6103.34716797, 6443.18994141, 10162.5712891, 4487.56738281, 6992.23681641, 6261.2890625, 6242.96875, 6570.67480469, 2505.01074219, 1369.89025879, 1545.0567627, 577.473999023, 1267.81945801, 927.469421387, 339.820220947, 244.952362061, 415.379882812, 594.623779297, 647.867614746, 560.613769531, 422.386077881, 295.731628418, 37.7856788635, 8.13421821594, 0.209030896425, 0.00279647344723, 1.24222674458e-06, 5.09683495409e-09],
        "max": [3.65876936913, 20.3772697449, 46.2534790039, 175.766891479, 120.459190369, 247.299438477, 274.409576416, 417.588745117, 301.905639648, 502.603637695, 1022.15826416, 1125.27514648, 642.516479492, 1510.72229004, 958.928710938, 719.777587891, 864.54296875, 667.673828125, 704.413757324, 962.756835938, 697.981506348, 325.264251709, 306.142089844, 197.225067139, 235.096603394, 262.984863281, 141.278610229, 115.978721619, 271.462646484, 449.507019043, 342.31842041, 274.911651611, 275.081756592, 254.901412964, 83.5910110474, 36.2696990967, 6.44574117661, 0.656121850014, 0.0130699202418, 0.000651300244499],
        "mean": [0.274065673351, 1.41040790081, 1.63053762913, 4.66910552979, 9.61092472076, 15.0048398972, 16.3951892853, 10.4165945053, 9.07321166992, 20.8966274261, 40.2734870911, 41.6071548462, 35.1178894043, 30.8475208282, 38.6585617065, 24.8285942078, 33.138874054, 32.7695198059, 27.164604187, 26.9369945526, 21.3140125275, 22.8138847351, 23.058965683, 13.6012887955, 13.7373657227, 11.2093544006, 9.52016544342, 9.33573913574, 10.4112014771, 12.249830246, 11.9177131653, 8.95817089081, 8.1437921524, 5.91055250168, 2.29600763321, 0.900752127171, 0.182256326079, 0.0191079508513, 0.000466257304652, 5.99864288233e-05],
        "median": [0.131423979998, 0.414578974247, 0.236753106117, 0.785211801529, 5.97992086411, 8.88914775848, 5.64262390137, 3.56707215309, 4.67899560928, 7.66353034973, 9.34569740295, 14.6862449646, 9.75428009033, 8.69345569611, 11.3609018326, 10.1207818985, 10.6777162552, 14.5938653946, 11.8652791977, 11.6732110977, 7.70669174194, 11.2546672821, 13.9108047485, 7.07503175735, 5.36574697495, 4.52420377731, 3.57513689995, 2.81347179413, 1.93907535076, 2.94513869286, 3.19535160065, 2.17487025261, 1.30986857414, 0.666601717472, 0.342097491026, 0.104963250458, 0.0250879786909, 0.00394183630124, 0.000116562536277, 3.76307034458e-05],
        "min": [3.76238276645e-11, 3.2322600152e-10, 2.73707695397e-10, 1.22411636383e-09, 4.27599644581e-09, 5.12706455069e-09, 9.96428983768e-09, 2.35941435278e-08, 3.72415520644e-08, 2.05791526042e-08, 2.43822615431e-08, 5.75437510975e-08, 3.97338304481e-08, 2.31487771174e-08, 5.44543645731e-08, 3.71833479562e-08, 1.20335617027e-08, 1.0036607101e-08, 1.67471281287e-08, 4.6347668814e-08, 3.60298706426e-08, 4.21797814454e-08, 2.31009291696e-08, 5.08053190629e-08, 5.23153929066e-08, 6.95668447293e-08, 7.09611640559e-08, 4.27658299884e-08, 4.33095870278e-08, 5.49925047721e-08, 6.27894607419e-08, 3.85643872391e-08, 3.76275544056e-08, 2.52918610499e-08, 2.97350890577e-08, 1.60960560436e-08, 6.99242441726e-09, 3.55000473462e-09, 7.8349171595e-10, 7.58963308867e-11],
        "var": [0.272984564304, 9.27996826172, 28.4946155548, 343.429962158, 181.299575806, 440.083587646, 843.864196777, 679.372680664, 486.857177734, 1931.68054199, 11185.7753906, 9524.22070312, 5101.18115234, 9774.80566406, 8074.53369141, 2857.79785156, 5033.77880859, 3293.77172852, 2596.28857422, 3354.32250977, 2042.76464844, 1223.25488281, 917.151855469, 326.13861084, 448.791625977, 321.317352295, 216.734390259, 181.405471802, 452.778656006, 926.872680664, 865.896240234, 420.891540527, 670.94342041, 446.360107422, 51.4029693604, 9.07127189636, 0.290533423424, 0.00247631687671, 1.22962023852e-06, 6.25150642364e-09]
    },
    "gfcc": {
        "mean": [14.6214075089, 72.4594345093, -109.451309204, 28.4311561584, -60.3617630005, 21.0145187378, -42.0945968628, 14.2428674698, -25.338804245, 2.54320693016, -16.7919826508, 4.10719871521, -10.4474287033],
        "cov": [[7041.29345703, -886.067504883, -170.039962769, 166.196105957, -358.597137451, 237.315093994, -206.863082886, 15.6139373779, -65.7851486206, 160.911987305, -87.3547515869, 0.159228056669, -100.605911255], [-886.067504883, 1421.37756348, -143.08392334, -227.996780396, 483.154785156, -42.1778717041, 263.687103271, 2.75692105293, 87.0302581787, -89.1575164795, 162.177047729, -74.8295974731, -15.6086597443], [-170.039962769, -143.08392334, 569.226623535, 165.820236206, -26.8042316437, 82.7071762085, -1.90165328979, 45.6815567017, 39.2494392395, 38.7590293884, -2.48225140572, 20.9532756805, 17.6538047791], [166.196105957, -227.996780396, 165.820236206, 362.819458008, 78.7366333008, 46.8663139343, -24.9240913391, 26.1150474548, 44.4069862366, 46.9190940857, -16.8256950378, 19.6076393127, -0.275253355503], [-358.597137451, 483.154785156, -26.8042316437, 78.7366333008, 466.371032715, 55.4412498474, 125.16129303, 31.3610858917, 56.5522918701, 20.0984325409, 42.1948890686, -21.7793731689, -32.1429443359], [237.315093994, -42.1778717041, 82.7071762085, 46.8663139343, 55.4412498474, 230.03604126, 93.8782196045, 40.6466064453, 12.2840394974, 18.715089798, 26.568063736, -20.6205444336, -12.4832725525], [-206.863082886, 263.687103271, -1.90165328979, -24.9240913391, 125.16129303, 93.8782196045, 255.120574951, 47.3092002869, 8.13816928864, 19.3661842346, 33.8445968628, -25.566778183, -40.8444824219], [15.6139373779, 2.75692105293, 45.6815567017, 26.1150474548, 31.3610858917, 40.6466064453, 47.3092002869, 114.088111877, 45.7473449707, 17.1668262482, 14.3107023239, 9.60816001892, 25.8805332184], [-65.7851486206, 87.0302581787, 39.2494392395, 44.4069862366, 56.5522918701, 12.2840394974, 8.13816928864, 45.7473449707, 120.651451111, 31.5852127075, 15.462928772, 4.9932847023, 16.4439144135], [160.911987305, -89.1575164795, 38.7590293884, 46.9190940857, 20.0984325409, 18.715089798, 19.3661842346, 17.1668262482, 31.5852127075, 118.756156921, 2.43769526482, 20.812166214, 1.34185910225], [-87.3547515869, 162.177047729, -2.48225140572, -16.8256950378, 42.1948890686, 26.568063736, 33.8445968628, 14.3107023239, 15.462928772, 2.43769526482, 112.34651947, 28.0863456726, 14.92740345], [0.159228056669, -74.8295974731, 20.9532756805, 19.6076393127, -21.7793731689, -20.6205444336, -25.566778183, 9.60816001892, 4.9932847023, 20.812166214, 28.0863456726, 96.3430099487, 46.5584793091], [-100.605911255, -15.6086597443, 17.6538047791, -0.275253355503, -32.1429443359, -12.4832725525, -40.8444824219, 25.8805332184, 16.4439144135, 1.34185910225, 14.92740345, 46.5584793091, 104.888435364]],
        "icov": [[0.000195344226086, -0.00015296426136, 0.000183612297405, -0.000181096984306, 0.000299805251416, -0.000449404062238, 0.000414525158703, -0.000293077289825, 0.000239778179093, -0.000409320229664, 0.000226782416576, -0.000211538907024, 0.000434619694715], [-0.00015296426136, 0.00374040240422, -0.000624780601356, 0.00230315630324, -0.0034953604918, 0.00286029675044, -0.00323964864947, 0.00243630283512, -0.00282495748252, 0.00292916689068, -0.00402441248298, 0.00319234025665, -0.00251120422035], [0.000183612297405, -0.000624780601356, 0.00244571501389, -0.00136770075187, 0.00111481477506, -0.00140474271029, 0.000793071929365, -0.000954369781539, 0.000266980408924, -0.000882461783476, 0.000799645029474, -0.00083457864821, 0.000612762814853], [-0.000181096984306, 0.00230315630324, -0.00136770075187, 0.00528091797605, -0.00309227732942, 0.00121416675393, -0.00106401089579, 0.00126459670719, -0.002363411244, 0.00116369652096, -0.00147584313527, 0.000931514776312, -0.000964207923971], [0.000299805251416, -0.0034953604918, 0.00111481477506, -0.00309227732942, 0.00630470970646, -0.00289906095713, 0.00194612983614, -0.00223800214007, 0.00158681080211, -0.00284692505375, 0.00294162123464, -0.00254233484156, 0.00296626775526], [-0.000449404062238, 0.00286029675044, -0.00140474271029, 0.00121416675393, -0.00289906095713, 0.00869461614639, -0.00471811462194, 0.00112464523409, -0.00174770259764, 0.00228163041174, -0.00455393595621, 0.0043971715495, -0.00279312231578], [0.000414525158703, -0.00323964864947, 0.000793071929365, -0.00106401089579, 0.00194612983614, -0.00471811462194, 0.00961539614946, -0.00500939879566, 0.00363061088137, -0.00389761500992, 0.00252612284385, -0.00250337622128, 0.00502682337537], [-0.000293077289825, 0.00243630283512, -0.000954369781539, 0.00126459670719, -0.00223800214007, 0.00112464523409, -0.00500939879566, 0.0145405596122, -0.00595383625478, 0.00230966391973, -0.00233165570535, 0.00192894751672, -0.00546561833471], [0.000239778179093, -0.00282495748252, 0.000266980408924, -0.002363411244, 0.00158681080211, -0.00174770259764, 0.00363061088137, -0.00595383625478, 0.0136374887079, -0.00484561547637, 0.00171180278994, -0.000864092260599, 0.000983508303761], [-0.000409320229664, 0.00292916689068, -0.000882461783476, 0.00116369652096, -0.00284692505375, 0.00228163041174, -0.00389761500992, 0.00230966391973, -0.00484561547637, 0.0128409294412, -0.00231787981465, -0.000354121119017, -0.00141122180503], [0.000226782416576, -0.00402441248298, 0.000799645029474, -0.00147584313527, 0.00294162123464, -0.00455393595621, 0.00252612284385, -0.00233165570535, 0.00171180278994, -0.00231787981465, 0.0156145496294, -0.00768079422414, 0.00234713102691], [-0.000211538907024, 0.00319234025665, -0.00083457864821, 0.000931514776312, -0.00254233484156, 0.0043971715495, -0.00250337622128, 0.00192894751672, -0.000864092260599, -0.000354121119017, -0.00768079422414, 0.0187777336687, -0.0083935521543], [0.000434619694715, -0.00251120422035, 0.000612762814853, -0.000964207923971, 0.00296626775526, -0.00279312231578, 0.00502682337537, -0.00546561833471, 0.000983508303761, -0.00141122180503, 0.00234713102691, -0.0083935521543, 0.0166097395122]]
    },
    "melbands": {
        "dmean": [0.00127790740225, 0.000831176992506, 0.000965473067481, 0.000402325298637, 0.000339597958373, 0.000173011983861, 9.62982958299e-05, 0.000178588408744, 0.000204422991374, 0.000165080768056, 0.000117478550237, 8.2187463704e-05, 9.24857740756e-05, 5.00744972669e-05, 5.44510512555e-05, 4.12993613281e-05, 4.91335049446e-05, 3.79727025575e-05, 2.73090990959e-05, 2.49268941843e-05, 1.64357643371e-05, 1.36347662192e-05, 1.7984661099e-05, 1.07593587018e-05, 7.00113650964e-06, 7.80702521297e-06, 7.27550695956e-06, 5.24988763573e-06, 3.69244685317e-06, 3.39188181897e-06, 3.09672645926e-06, 3.36078210239e-06, 4.24539302912e-06, 4.14073065258e-06, 4.31590842709e-06, 3.50076220457e-06, 3.93164282286e-06, 3.58158627023e-06, 3.42930729857e-06, 2.73047567134e-06],
        "dmean2": [0.0019829403609, 0.00133086112328, 0.00173595931847, 0.000667686690576, 0.000504442607053, 0.000268333096756, 0.000161073097843, 0.000281469750917, 0.000314509234158, 0.000245137838647, 0.000184599353815, 0.000125932361698, 0.000145012381836, 8.03613220342e-05, 8.81918676896e-05, 6.47474371362e-05, 7.96289459686e-05, 6.16833131062e-05, 4.61968993477e-05, 4.06268445658e-05, 2.75412094197e-05, 2.28296594287e-05, 2.98682516586e-05, 1.77541714947e-05, 1.19471433209e-05, 1.39557869261e-05, 1.2642683032e-05, 9.1883521236e-06, 6.21851449978e-06, 5.63074809179e-06, 5.1488268582e-06, 5.34430864718e-06, 6.498626135e-06, 6.28435964245e-06, 6.55057692711e-06, 5.65446634937e-06, 6.28761836197e-06, 5.41569625057e-06, 4.68331245429e-06, 3.90271907236e-06],
        "dvar": [1.01981577245e-05, 6.57030841467e-06, 1.33391877171e-05, 6.25374923402e-07, 4.03394636805e-07, 2.64889877144e-07, 8.37133953269e-08, 1.76473136548e-07, 2.36920314478e-07, 2.14288618849e-07, 6.9202755526e-08, 6.050437662e-08, 6.08265366964e-08, 1.62679771876e-08, 2.18873044133e-08, 8.94264928775e-09, 1.24634293996e-08, 9.89028237086e-09, 4.80490891519e-09, 4.98979746411e-09, 1.4768846146e-09, 6.45958342371e-10, 9.17597942074e-10, 3.35775796056e-10, 1.53873330744e-10, 2.59311155881e-10, 2.14601877935e-10, 1.55318674588e-10, 6.15247019997e-11, 4.51291989889e-11, 3.3812005279e-11, 5.28882042328e-11, 1.26936308686e-10, 1.19312157376e-10, 1.46511747179e-10, 8.32593646805e-11, 1.15995220373e-10, 1.28347096839e-10, 1.61741731119e-10, 1.00895229671e-10],
        "dvar2": [2.25199946726e-05, 1.32751065394e-05, 3.67157444998e-05, 1.51322012698e-06, 7.79541608154e-07, 6.48285322313e-07, 2.06513050216e-07, 4.09585254602e-07, 5.00139094584e-07, 4.73753459573e-07, 1.54096284177e-07, 1.15273927292e-07, 1.30344275817e-07, 3.90806356165e-08, 5.33708899297e-08, 2.21399805156e-08, 3.15151744701e-08, 2.49905749428e-08, 1.24827099768e-08, 1.11768372335e-08, 3.52526585701e-09, 1.59392121724e-09, 2.39799136104e-09, 8.14255662895e-10, 3.91155552393e-10, 7.34761251842e-10, 5.93010751615e-10, 4.31751800978e-10, 1.51650345059e-10, 1.13844766947e-10, 8.29525545476e-11, 1.1132438027e-10, 2.56655280362e-10, 2.15518519697e-10, 2.88456342146e-10, 1.9519413863e-10, 2.74847561377e-10, 2.77634387702e-10, 2.89033685874e-10, 2.04425559813e-10],
        "max": [0.0290621891618, 0.0223424173892, 0.02918497473, 0.0120449196547, 0.00813992228359, 0.00852343067527, 0.00400172639638, 0.00636495184153, 0.00772816548124, 0.00741936918348, 0.00327554205433, 0.00662349769846, 0.00343445152976, 0.00218430371024, 0.00181922083721, 0.00140169123188, 0.00163533026353, 0.00156327488367, 0.00101055880077, 0.00100444466807, 0.000650889473036, 0.00044494215399, 0.000394270842662, 0.000197935907636, 0.000166871657711, 0.000191711063962, 0.000161148622283, 0.000182407791726, 9.2311980552e-05, 7.51387124183e-05, 7.50561011955e-05, 0.000114124115498, 0.000264407746727, 0.000255638529779, 0.000253721984336, 0.00014125512098, 0.000199921807507, 0.000220799891395, 0.000257041596342, 0.000190411650692],
        "mean": [0.00224190857261, 0.00122747395653, 0.000930633337703, 0.000906591245439, 0.000629099435173, 0.000243461603532, 0.000131929744384, 0.000265941402176, 0.000336863246048, 0.000236120686168, 0.000168651720742, 0.000120672644698, 0.000129806401674, 7.00061282259e-05, 7.5818366895e-05, 5.64821821172e-05, 6.45473046461e-05, 4.56579182355e-05, 3.42234889104e-05, 3.30283946823e-05, 2.48394226219e-05, 2.20118672587e-05, 2.81305801764e-05, 1.63111053553e-05, 1.01944806374e-05, 9.93173307506e-06, 9.15399959922e-06, 7.06382797944e-06, 5.80965934205e-06, 5.72390217712e-06, 5.16408226758e-06, 5.48946536583e-06, 6.65629704599e-06, 6.97318318998e-06, 7.33707383915e-06, 5.4788865782e-06, 5.53829568162e-06, 5.60344824407e-06, 5.88837247051e-06, 4.63177684651e-06],
        "median": [0.00103404256515, 0.00028889652458, 0.000225759431487, 0.000642638886347, 0.000253252976108, 7.65406512073e-05, 6.59233846818e-05, 8.64627436385e-05, 9.15154523682e-05, 7.98553955974e-05, 4.12681838498e-05, 2.85208134301e-05, 3.45634689438e-05, 2.51723831752e-05, 2.08640303754e-05, 1.99584374059e-05, 2.48952237598e-05, 1.71913634404e-05, 1.52347738549e-05, 1.1137221918e-05, 8.55212965689e-06, 9.3810403996e-06, 1.47410273712e-05, 9.1055771918e-06, 4.8989240895e-06, 3.92377796743e-06, 3.62039395441e-06, 2.70239343081e-06, 2.1724065391e-06, 1.89880415746e-06, 1.36597248002e-06, 8.69840505402e-07, 1.14678198315e-06, 1.70476289441e-06, 1.88345916285e-06, 1.51290930717e-06, 1.2397753153e-06, 9.64566993389e-07, 6.69503492645e-07, 4.89801493586e-07],
        "min": [3.88560060863e-13, 2.45379454603e-13, 3.32592053941e-13, 3.36095788787e-13, 3.02732177434e-13, 5.76002949764e-13, 5.91655793369e-13, 1.84039347889e-13, 2.25442521639e-13, 3.58301035326e-13, 1.84096011005e-13, 8.56681126862e-14, 1.37958153473e-13, 1.74768348665e-13, 4.43865254339e-14, 1.62750028569e-14, 1.92822137651e-14, 2.09901523653e-14, 5.73530616445e-14, 5.6742001912e-14, 3.78222301568e-14, 4.94816522283e-14, 2.31272791716e-14, 2.00790905035e-14, 4.33942940988e-14, 4.90108611518e-14, 3.23034683042e-14, 5.04494280281e-14, 5.01118650699e-14, 3.13432378738e-14, 2.28048052583e-14, 2.30681240846e-14, 3.34336508132e-14, 2.88097860455e-14, 4.1305178814e-14, 2.53149941737e-14, 2.48853011358e-14, 3.09832963051e-14, 1.91119957181e-14, 2.14418868945e-14],
        "var": [1.83501124411e-05, 1.01783816717e-05, 8.65884612722e-06, 1.18464731713e-06, 9.52488903749e-07, 3.45950667224e-07, 9.88140342884e-08, 3.29858693249e-07, 6.81762799104e-07, 3.69504675746e-07, 1.28725147874e-07, 1.85600498526e-07, 1.11904789435e-07, 2.27140990461e-08, 2.97395565951e-08, 1.1670953981e-08, 1.60088013956e-08, 1.01499324501e-08, 4.51016113345e-09, 7.43542027948e-09, 3.23853188711e-09, 1.47292178454e-09, 1.68837543946e-09, 4.78239392532e-10, 2.10039291515e-10, 2.43823128354e-10, 2.10062564565e-10, 1.44305886685e-10, 8.95633012199e-11, 7.53062404102e-11, 5.88842030691e-11, 1.17175824599e-10, 2.68096850276e-10, 3.2355340629e-10, 3.85256854196e-10, 1.49656356752e-10, 1.83057999315e-10, 3.04343883428e-10, 4.84562390213e-10, 2.75747424894e-10]
    },
    "mfcc": {
        "mean": [-629.912597656, 106.222427368, 7.2008690834, 13.1795377731, 7.87226009369, 3.14263272285, -0.28498890996, 6.79091453552, -2.26443433762, 3.69391345978, -1.61028039455, -0.0225919168442, -5.35537290573],
        "cov": [[5759.41015625, -927.094787598, -10.799530983, -114.533981323, -153.409561157, 75.8307189941, -123.519050598, -66.231880188, -58.3979110718, 26.3404693604, 32.8401603699, -25.2157783508, -19.7609596252], [-927.094787598, 1560.26208496, -394.648254395, 4.2421131134, 114.044578552, 27.4750022888, 198.032180786, 113.027732849, -21.4740486145, 87.4360275269, 45.4289360046, 115.242393494, -40.3422737122], [-10.799530983, -394.648254395, 623.046081543, 6.15386915207, 0.325450748205, 4.57379627228, -38.5927658081, 5.72266626358, 25.1304092407, 10.2050504684, -13.3838357925, -12.4587316513, 46.8906402588], [-114.533981323, 4.2421131134, 6.15386915207, 293.649383545, 109.515319824, 49.2784690857, -2.88356542587, 8.30925178528, 44.8313102722, 10.6266460419, 31.2767944336, 2.11294960976, 55.2628860474], [-153.409561157, 114.044578552, 0.325450748205, 109.515319824, 280.487457275, 53.0169143677, 13.8425073624, 32.4137496948, 40.5448074341, 22.2861690521, 8.60654067993, 28.8628463745, 31.8873710632], [75.8307189941, 27.4750022888, 4.57379627228, 49.2784690857, 53.0169143677, 183.870254517, 91.948387146, 27.559715271, 29.3340053558, 34.8768920898, 74.1931533813, 18.6027908325, 9.81083869934], [-123.519050598, 198.032180786, -38.5927658081, -2.88356542587, 13.8425073624, 91.948387146, 223.753768921, 71.2491836548, 23.4931278229, 26.1938037872, 60.2639389038, 52.1185531616, -12.2544784546], [-66.231880188, 113.027732849, 5.72266626358, 8.30925178528, 32.4137496948, 27.559715271, 71.2491836548, 122.467094421, 18.8825340271, 27.9580230713, 17.9682788849, 29.9201145172, 9.38707923889], [-58.3979110718, -21.4740486145, 25.1304092407, 44.8313102722, 40.5448074341, 29.3340053558, 23.4931278229, 18.8825340271, 136.390396118, 32.1518592834, 32.4648094177, 13.5356960297, 6.75458288193], [26.3404693604, 87.4360275269, 10.2050504684, 10.6266460419, 22.2861690521, 34.8768920898, 26.1938037872, 27.9580230713, 32.1518592834, 106.451911926, 36.6363601685, 15.940331459, -7.31477212906], [32.8401603699, 45.4289360046, -13.3838357925, 31.2767944336, 8.60654067993, 74.1931533813, 60.2639389038, 17.9682788849, 32.4648094177, 36.6363601685, 132.191711426, 32.5032119751, 8.18719291687], [-25.2157783508, 115.242393494, -12.4587316513, 2.11294960976, 28.8628463745, 18.6027908325, 52.1185531616, 29.9201145172, 13.5356960297, 15.940331459, 32.5032119751, 92.5939712524, 10.2166404724], [-19.7609596252, -40.3422737122, 46.8906402588, 55.2628860474, 31.8873710632, 9.81083869934, -12.2544784546, 9.38707923889, 6.75458288193, -7.31477212906, 8.18719291687, 10.2166404724, 81.9797058105]],
