{
"lowlevel": {
    "average_loudness": 0.87325155735,
    "barkbands_crest": {
        "dmean": 1.89126288891,
        "dmean2": 3.0950255394,
        "dvar": 4.14998435974,
        "dvar2": 10.9371070862,
        "max": 24.9525470734,
        "mean": 10.3527984619,
        "median": 9.68723964691,
        "min": 3.22661662102,
        "var": 13.800983429
    },
    "barkbands_flatness_db": {
        "dmean": 0.0210390444845,
        "dmean2": 0.0320107489824,
        "dvar": 0.000459985429188,
        "dvar2": 0.00108893599827,
        "max": 0.390683144331,
        "mean": 0.24039490521,
        "median": 0.236980229616,
        "min": 0.0959570333362,
        "var": 0.00234209699556
    },
    "barkbands_kurtosis": {
        "dmean": 2.81944465637,
        "dmean2": 4.22757291794,
        "dvar": 15.5028705597,
        "dvar2": 38.5382957458,
        "max": 62.216178894,
        "mean": 7.3321595192,
        "median": 5.50280666351,
        "min": -1.82994496822,
        "var": 55.8787536621
    },
    "barkbands_skewness": {
        "dmean": 0.446908533573,
        "dmean2": 0.647620558739,
        "dvar": 0.252860844135,
        "dvar2": 0.59328442812,
        "max": 6.44639062881,
        "mean": 2.04057240486,
        "median": 2.05533123016,
        "min": -1.52769565582,
        "var": 1.23232758045
    },
    "barkbands_spread": {
        "dmean": 3.17857146263,
        "dmean2": 4.70534563065,
        "dvar": 35.1530342102,
        "dvar2": 73.0282211304,
        "max": 88.1751861572,
        "mean": 11.7829504013,
        "median": 8.84218883514,
        "min": 1.04355061054,
        "var": 107.910713196
    },
    "dissonance": {
        "dmean": 0.0254407823086,
        "dmean2": 0.0417694523931,
        "dvar": 0.000580276479013,
        "dvar2": 0.00153478723951,
        "max": 0.499755233526,
        "mean": 0.422152727842,
        "median": 0.428499937057,
        "min": 0.202792942524,
        "var": 0.00165426509921
    },
    "dynamic_complexity": 2.78721213341,
    "erbbands_crest": {
        "dmean": 1.95197308064,
        "dmean2": 2.94397640228,
        "dvar": 4.30659294128,
        "dvar2": 10.1101303101,
        "max": 30.4932308197,
        "mean": 9.80484676361,
        "median": 8.83567905426,
        "min": 3.01628613472,
        "var": 18.8327941895
    },
    "erbbands_flatness_db": {
        "dmean": 0.0150127317756,
        "dmean2": 0.0193788073957,
        "dvar": 0.00030581507599,
        "dvar2": 0.00047431778512,
        "max": 0.366416484118,
        "mean": 0.225634217262,
        "median": 0.223719671369,
        "min": 0.119166150689,
        "var": 0.002004919108
    },
    "erbbands_kurtosis": {
        "dmean": 0.801067709923,
        "dmean2": 1.15170145035,
        "dvar": 1.82724702358,
        "dvar2": 3.33779716492,
        "max": 38.1181640625,
        "mean": 0.957864046097,
        "median": 0.154727458954,
        "min": -1.8435600996,
        "var": 11.0116252899
    },
    "erbbands_skewness": {
        "dmean": 0.270476400852,
        "dmean2": 0.384230732918,
        "dvar": 0.0960446074605,
        "dvar2": 0.186646774411,
        "max": 5.31799030304,
        "mean": 0.550739467144,
        "median": 0.54775851965,
        "min": -2.29616975784,
        "var": 0.640385091305
    },
    "erbbands_spread": {
        "dmean": 6.3801317215,
        "dmean2": 8.57376003265,
        "dvar": 88.7710494995,
        "dvar2": 146.74659729,
        "max": 122.3074646,
        "mean": 33.8685798645,
        "median": 29.7765636444,
        "min": 2.65727877617,
        "var": 410.639160156
    },
    "hfc": {
        "dmean": 3.52205920219,
        "dmean2": 4.89749765396,
        "dvar": 47.6412200928,
        "dvar2": 104.8487854,
        "max": 80.9388580322,
        "mean": 12.2889299393,
        "median": 7.2576880455,
        "min": 7.24928031559e-05,
        "var": 145.917007446
    },
    "melbands_crest": {
        "dmean": 2.5023188591,
        "dmean2": 4.10619449615,
        "dvar": 7.32234811783,
        "dvar2": 18.8457355499,
        "max": 31.0999164581,
        "mean": 14.8752279282,
        "median": 14.4897117615,
        "min": 4.80430650711,
        "var": 21.545249939
    },
    "melbands_flatness_db": {
        "dmean": 0.0244631543756,
        "dmean2": 0.0352864563465,
        "dvar": 0.000788954494055,
        "dvar2": 0.00173894222826,
        "max": 0.51380777359,
        "mean": 0.299415767193,
        "median": 0.297751098871,
        "min": 0.0799040049314,
        "var": 0.00447786459699
    },
    "melbands_kurtosis": {
        "dmean": 6.328125,
        "dmean2": 9.45252609253,
        "dvar": 114.917984009,
        "dvar2": 282.123382568,
        "max": 152.9453125,
        "mean": 16.763261795,
        "median": 12.4096250534,
        "min": -1.51297903061,
        "var": 278.589263916
    },
    "melbands_skewness": {
        "dmean": 0.608068406582,
        "dmean2": 0.871221840382,
        "dvar": 0.567925155163,
        "dvar2": 1.24368083477,
        "max": 11.131070137,
        "mean": 2.96726369858,
        "median": 2.88523507118,
        "min": -1.10395085812,
        "var": 2.46866369247
    },
    "melbands_spread": {
        "dmean": 3.30803775787,
        "dmean2": 4.90599346161,
        "dvar": 34.8842124939,
        "dvar2": 69.6109390259,
        "max": 119.121253967,
        "mean": 11.8344926834,
        "median": 8.80096530914,
        "min": 1.58531308174,
        "var": 106.921363831
    },
    "pitch_salience": {
        "dmean": 0.0524077564478,
        "dmean2": 0.0849677920341,
        "dvar": 0.00307565252297,
        "dvar2": 0.00815547257662,
        "max": 0.825827717781,
        "mean": 0.545755982399,
        "median": 0.549720227718,
        "min": 0.158149063587,
        "var": 0.0107874749228
    },
    "silence_rate_20dB": {
        "dmean": 0,
        "dmean2": 0,
        "dvar": 0,
        "dvar2": 0,
        "max": 1,
        "mean": 1,
        "median": 1,
        "min": 1,
        "var": 0
    },
    "silence_rate_30dB": {
        "dmean": 0.0030959751457,
        "dmean2": 0.0061943475157,
        "dvar": 0.00308636017144,
        "dvar2": 0.00847871880978,
        "max": 1,
        "mean": 0.998065769672,
        "median": 1,
        "min": 0,
        "var": 0.00193049653899
    },
    "silence_rate_60dB": {
        "dmean": 0.0061919502914,
        "dmean2": 0.0123886950314,
        "dvar": 0.00615344569087,
        "dvar2": 0.0130090359598,
        "max": 1,
        "mean": 0.02862669155,
        "median": 0,
        "min": 0,
        "var": 0.0278078448027
    },
    "spectral_centroid": {
        "dmean": 153.461502075,
        "dmean2": 230.498474121,
        "dvar": 70091.28125,
        "dvar2": 154876.109375,
        "max": 3559.61230469,
        "mean": 735.630249023,
        "median": 603.936767578,
        "min": 219.676925659,
        "var": 201205.78125
    },
    "spectral_complexity": {
        "dmean": 1.87693500519,
        "dmean2": 3.03987622261,
        "dvar": 7.38815116882,
        "dvar2": 18.2705135345,
        "max": 40,
        "mean": 12.1605415344,
        "median": 11,
        "min": 0,
        "var": 18.8573665619
    },
    "spectral_decrease": {
        "dmean": 1.98851357602e-09,
        "dmean2": 3.0623763525e-09,
        "dvar": 1.02286830171e-17,
        "dvar2": 2.49917832094e-17,
        "max": -4.79001604006e-14,
        "mean": -7.53721973723e-09,
        "median": -6.14242523511e-09,
        "min": -4.08619129644e-08,
        "var": 2.75345513016e-17
    },
    "spectral_energy": {
        "dmean": 0.0077342055738,
        "dmean2": 0.0118730170652,
        "dvar": 0.00015357263328,
        "dvar2": 0.000373287504772,
        "max": 0.158653438091,
        "mean": 0.0295618399978,
        "median": 0.0241957716644,
        "min": 1.87361493431e-07,
        "var": 0.000420680211391
    },
    "spectral_energyband_high": {
        "dmean": 0.000211928738281,
        "dmean2": 0.000301131221931,
        "dvar": 5.68996256334e-07,
        "dvar2": 1.31140984649e-06,
        "max": 0.0107008246705,
        "mean": 0.000308387214318,
        "median": 3.15346223942e-05,
        "min": 2.73171069098e-10,
        "var": 1.02949320535e-06
    },
    "spectral_energyband_low": {
        "dmean": 0.00448341388255,
        "dmean2": 0.0072441380471,
        "dvar": 6.93354086252e-05,
        "dvar2": 0.000173263397301,
        "max": 0.0982109084725,
        "mean": 0.0128726288676,
        "median": 0.00929231662303,
        "min": 3.86984950751e-08,
        "var": 0.000139184587169
    },
    "spectral_energyband_middle_high": {
        "dmean": 0.000923952262383,
        "dmean2": 0.00116378429811,
        "dvar": 5.60594025956e-06,
        "dvar2": 7.43792361391e-06,
        "max": 0.0592064782977,
        "mean": 0.00311076687649,
        "median": 0.00132990616839,
        "min": 8.71150884763e-09,
        "var": 3.25270957546e-05
    },
    "spectral_energyband_middle_low": {
        "dmean": 0.00492561841384,
        "dmean2": 0.00759397400543,
        "dvar": 8.33407248138e-05,
        "dvar2": 0.000207082048291,
        "max": 0.12174525857,
        "mean": 0.0162718053907,
        "median": 0.0112112620845,
        "min": 1.06301612846e-07,
        "var": 0.000234272956732
    },
    "spectral_entropy": {
        "dmean": 0.179505512118,
        "dmean2": 0.250684767962,
        "dvar": 0.0491011850536,
        "dvar2": 0.0928794965148,
        "max": 8.38250160217,
        "mean": 6.76098823547,
        "median": 6.72891521454,
        "min": 5.25060606003,
        "var": 0.272934526205
    },
    "spectral_flux": {
        "dmean": 0.022059654817,
        "dmean2": 0.033994179219,
        "dvar": 0.00078440393554,
        "dvar2": 0.00172030716203,
        "max": 0.322545558214,
        "mean": 0.0627138242126,
        "median": 0.0517051145434,
        "min": 0.000493498926517,
        "var": 0.0020673207473
    },
    "spectral_kurtosis": {
        "dmean": 4.73483419418,
        "dmean2": 8.15715694427,
        "dvar": 34.672996521,
        "dvar2": 92.7140655518,
        "max": 88.714630127,
        "mean": 8.85467815399,
        "median": 6.51337242126,
        "min": -1.09485924244,
        "var": 81.3843765259
    },
    "spectral_rms": {
        "dmean": 0.000654634088278,
        "dmean2": 0.000989918597043,
        "dvar": 7.74972136242e-07,
        "dvar2": 1.76456967438e-06,
        "max": 0.0124412160367,
        "mean": 0.00505527388304,
        "median": 0.0048585627228,
        "min": 1.35200480145e-05,
        "var": 3.28501528202e-06
    },
    "spectral_rolloff": {
        "dmean": 219.898391724,
        "dmean2": 379.120544434,
        "dvar": 383210.6875,
        "dvar2": 850033,
        "max": 8247.21679688,
        "mean": 721.525085449,
        "median": 495.263671875,
        "min": 86.1328125,
        "var": 798932.4375
    },
    "spectral_skewness": {
        "dmean": 0.443479210138,
        "dmean2": 0.726333856583,
        "dvar": 0.193510830402,
        "dvar2": 0.493078291416,
        "max": 7.17080831528,
        "mean": 1.94960808754,
        "median": 1.90400421619,
        "min": -0.0859737768769,
        "var": 0.758676290512
    },
    "spectral_spread": {
        "dmean": 395559.5625,
        "dmean2": 547359.1875,
        "dvar": 274565431296,
        "dvar2": 358871433216,
        "max": 10542061,
        "mean": 3091970.5,
        "median": 2870601,
        "min": 811497.875,
        "var": 1.59619599565e+12
    },
    "spectral_strongpeak": {
        "dmean": 0.33106982708,
        "dmean2": 0.551314532757,
        "dvar": 0.44934502244,
        "dvar2": 0.976388275623,
        "max": 9.79728221893,
        "mean": 0.817184269428,
        "median": 0.557254195213,
        "min": 0.000640445563477,
        "var": 0.996647655964
    },
    "zerocrossingrate": {
        "dmean": 0.0057229436934,
        "dmean2": 0.00637544458732,
        "dvar": 6.29472415312e-05,
        "dvar2": 5.4088406614e-05,
        "max": 0.23291015625,
        "mean": 0.0302324481308,
        "median": 0.02490234375,
        "min": 0.00439453125,
        "var": 0.000465957709821
    },
    "barkbands": {
        "dmean": [1.66318950505e-05, 0.00235527544282, 0.00196800660342, 0.00227521033958, 0.00210491451435, 0.000780843256507, 0.000786651682574, 0.000302503845887, 0.000558843894396, 0.000274891441222, 0.000228786317166, 0.000246746989433, 0.00024253121228, 0.000202517810976, 5.25035102328e-05, 3.99231466872e-05, 9.23591651372e-05, 6.77258794894e-05, 5.15988649568e-05, 6.98999501765e-05, 5.04407071276e-05, 7.10607127985e-05, 4.95563654113e-05, 2.13861385419e-05, 3.61684783456e-06, 3.5146785482e-09, 1.12168674349e-09],
        "dmean2": [2.6187964977e-05, 0.00398591905832, 0.00321876304224, 0.00378961418755, 0.00335267581977, 0.00108868803363, 0.00108771247324, 0.000429659412475, 0.000761211034842, 0.000385873689083, 0.000309594644932, 0.000330095965182, 0.000311595300445, 0.000270381104201, 8.14620434539e-05, 6.24653839623e-05, 0.00014068026212, 0.0001063202144, 8.24439193821e-05, 0.000105477723991, 7.6887969044e-05, 0.000106128944026, 7.21809410607e-05, 3.19185601256e-05, 5.33169395567e-06, 5.60601742805e-09, 2.08153694281e-09],
        "dvar": [5.8357307875e-10, 2.60524229816e-05, 1.72661857505e-05, 3.48283501808e-05, 1.57226677402e-05, 7.41775238566e-06, 8.13621863927e-06, 7.89471755525e-07, 2.76682203548e-06, 5.62835793971e-07, 8.00358861852e-07, 1.54817496423e-06, 8.85372855919e-07, 8.9824288807e-07, 7.00555489175e-08, 1.63234670225e-08, 5.85882347082e-08, 2.58936232456e-08, 3.42053851909e-08, 6.26976941476e-08, 4.24186090697e-08, 7.91979317682e-08, 4.36262759251e-08, 6.32608321283e-09, 1.78459094724e-10, 1.8443778467e-16, 2.35780595778e-18],
        "dvar2": [1.44377354516e-09, 7.28538580006e-05, 4.55194567621e-05, 9.3814880529e-05, 3.9893307985e-05, 1.20075646919e-05, 1.3739764654e-05, 1.46030106407e-06, 5.9006997617e-06, 1.24427401715e-06, 1.69750592249e-06, 2.57960914496e-06, 1.53500047873e-06, 1.48093863572e-06, 1.63882177162e-07, 3.35410916819e-08, 1.16833753339e-07, 5.46136540436e-08, 7.76547324222e-08, 1.40449486707e-07, 1.06611061312e-07, 1.86861100815e-07, 8.04902313689e-08, 1.38736648836e-08, 3.66763425186e-10, 4.53412977957e-16, 7.21710783113e-18],
        "max": [0.000514197803568, 0.0756117999554, 0.0572753734887, 0.0792689397931, 0.0558778829873, 0.0993413850665, 0.0779075548053, 0.024404425174, 0.0293396525085, 0.0211612749845, 0.0194098781794, 0.0407409779727, 0.0206991061568, 0.0249415189028, 0.00745385931805, 0.00341353705153, 0.00986880157143, 0.00268612569198, 0.0051700649783, 0.00585409626365, 0.00277094263583, 0.00467299856246, 0.00560520216823, 0.00200245645829, 0.000301973341266, 3.86092636973e-07, 1.18117977621e-08],
        "mean": [3.85153543903e-05, 0.00467288913205, 0.00524174142629, 0.0048883673735, 0.00510620232671, 0.00245601707138, 0.00166767823976, 0.000757353380322, 0.00121992023196, 0.000647820474114, 0.000491253042128, 0.000585342990234, 0.000489847909193, 0.000362014921848, 7.51374245738e-05, 6.83935286361e-05, 0.000228347198572, 0.000116379545943, 8.93000033102e-05, 9.6809664683e-05, 6.12424555584e-05, 9.09400623641e-05, 7.4319083069e-05, 3.04884906654e-05, 5.51990342501e-06, 4.53376758358e-09, 9.16268061424e-10],
        "median": [2.60816850641e-05, 0.00306820473634, 0.00304661830887, 0.00296704238281, 0.00280595733784, 0.00068391894456, 0.000597273116, 0.000427790626418, 0.000427138264058, 0.000267381459707, 7.92278879089e-05, 8.31880097394e-05, 6.13506272202e-05, 2.61377554125e-05, 1.93880532606e-05, 2.83479967038e-05, 0.000119194803119, 4.39770919911e-05, 3.15299330396e-05, 1.61243533512e-05, 1.00231882243e-05, 5.52539495402e-06, 3.24476127389e-06, 1.7430029402e-06, 4.50694358278e-07, 9.71184466181e-10, 3.73805708609e-10],
        "min": [6.32868979444e-10, 1.55420618597e-08, 4.79980810653e-09, 2.04834940121e-08, 1.85694286614e-08, 6.63932731015e-09, 1.97198457563e-09, 5.65069635527e-09, 1.05586850374e-09, 9.8352170852e-10, 8.07920119694e-11, 1.30867494619e-09, 3.48718658116e-11, 1.18033055552e-10, 1.08539184585e-10, 5.86270143543e-10, 3.2995082222e-09, 1.18694654105e-09, 4.15609963111e-10, 1.12581437228e-10, 6.501335581e-11, 2.00929845678e-11, 2.83135025841e-11, 4.04511979468e-11, 2.70701169813e-11, 1.70394635901e-11, 2.23275842259e-11],
        "var": [1.52079426829e-09, 3.14480603265e-05, 3.97896619688e-05, 4.3196057959e-05, 5.10004792886e-05, 7.74299696786e-05, 2.70095097221e-05, 1.94627409655e-06, 5.95194887865e-06, 1.35982963911e-06, 1.88767705822e-06, 5.41566942047e-06, 2.75858860732e-06, 2.45665933107e-06, 8.33197972838e-08, 2.71667399687e-08, 2.12563250557e-07, 5.16674205642e-08, 5.36371196347e-08, 1.04710714766e-07, 4.63305269705e-08, 1.15519078747e-07, 1.27572590713e-07, 1.65659486129e-08, 4.56455734321e-10, 3.20576427198e-16, 1.97081715962e-18]
    },
    "erbbands": {
        "dmean": [0.0385819040239, 0.633422970772, 1.97898328304, 5.34186172485, 6.92303276062, 7.46776294708, 6.90693616867, 6.84451246262, 10.119644165, 10.0514526367, 6.99387836456, 13.4720907211, 8.72038841248, 10.1541385651, 8.38362598419, 9.59073829651, 10.1665019989, 9.23428153992, 5.23072767258, 1.67570662498, 2.67857909203, 4.45295810699, 4.24141263962, 2.20174264908, 3.20763254166, 3.16114211082, 2.47424292564, 1.57823526859, 2.54697299004, 2.16317749023, 1.35042834282, 0.58755916357, 0.309240758419, 0.0795935615897, 0.00570972450078, 0.000262955203652, 1.87089626706e-05, 3.67718803318e-06, 4.20317428507e-06, 8.79682102095e-06],
        "dmean2": [0.0638880953193, 1.07212901115, 3.24017119408, 8.8412694931, 11.5749635696, 11.8315439224, 9.99042606354, 9.35546875, 13.8408479691, 14.170170784, 9.7488079071, 18.0451488495, 11.9833726883, 13.2212982178, 10.7924003601, 12.4179372787, 13.1494264603, 12.2220668793, 7.53777313232, 2.50700354576, 4.07298469543, 6.78645849228, 6.55932807922, 3.34172058105, 5.08419466019, 4.77449607849, 3.92810726166, 2.26372361183, 3.82189774513, 3.28141927719, 2.04407930374, 0.85636818409, 0.468299299479, 0.117696531117, 0.00840776599944, 0.00038391322596, 2.69734937319e-05, 5.32388094143e-06, 6.25609709459e-06, 1.33696830744e-05],
        "dvar": [0.00592048745602, 1.94339430332, 17.3673171997, 157.348876953, 304.218566895, 262.398651123, 482.843597412, 827.116699219, 1319.70422363, 1550.86535645, 284.116851807, 1792.50390625, 642.458618164, 879.323791504, 832.084960938, 2880.12133789, 1676.80749512, 1604.41455078, 835.659362793, 27.6912612915, 53.1427726746, 137.608703613, 98.5932235718, 32.8614883423, 171.359039307, 126.269752502, 98.4018096924, 35.8904762268, 102.402053833, 76.8272781372, 33.2644233704, 5.64561271667, 1.22274172306, 0.0777946785092, 0.000465428922325, 9.11602000997e-07, 3.25510329802e-09, 1.10647178919e-10, 4.83783291205e-11, 1.95514479606e-10],
        "dvar2": [0.0163400638849, 5.39207029343, 45.1380119324, 419.39465332, 846.470703125, 600.451965332, 893.85345459, 1315.99230957, 2001.48242188, 3206.96630859, 567.570800781, 3705.08520508, 1357.99597168, 1747.10070801, 1705.2590332, 5034.20410156, 3112.05761719, 2608.39404297, 1731.72473145, 57.0678482056, 102.712303162, 284.477355957, 211.173660278, 70.8723220825, 384.537872314, 283.925140381, 245.041229248, 71.4630584717, 239.549697876, 172.339294434, 65.4046096802, 11.413520813, 2.75517988205, 0.149595320225, 0.00101735605858, 1.89938350559e-06, 6.0670055646e-09, 2.13982817576e-10, 1.12981138334e-10, 4.73489525366e-10],
        "max": [0.904980540276, 20.5273914337, 56.1953659058, 167.106140137, 245.652526855, 321.001678467, 632.975830078, 1262.99206543, 1301.06286621, 867.68560791, 419.280303955, 732.028503418, 636.614929199, 646.14831543, 588.018310547, 2073.10546875, 1015.41656494, 986.788574219, 805.783691406, 110.308372498, 230.639648438, 480.359436035, 215.475326538, 151.109069824, 332.951904297, 253.262207031, 174.439880371, 78.3000030518, 208.595672607, 183.909118652, 165.888198853, 84.6403274536, 19.0758132935, 6.27801418304, 0.5085465312, 0.0220221746713, 0.00130568060558, 0.000241981149884, 8.68109345902e-05, 0.000179400551133],
        "mean": [0.081196308136, 1.27659857273, 5.29604482651, 13.1371355057, 15.3243589401, 17.1880054474, 16.7548027039, 23.2266960144, 25.6286773682, 19.2246170044, 19.1474475861, 27.221572876, 22.545331955, 24.9793624878, 21.5858860016, 21.7392444611, 21.2540340424, 21.5129737854, 8.42317771912, 2.91090774536, 5.93163537979, 10.1418323517, 8.83303070068, 4.60410356522, 4.92833518982, 4.38358259201, 3.09899878502, 2.22763872147, 3.18237090111, 2.81094694138, 1.98443996906, 0.858608961105, 0.424117326736, 0.123907223344, 0.00906783435494, 0.000436706061009, 3.76511743525e-05, 7.02722991264e-06, 1.55365669343e-05, 3.3688993426e-05],
        "median": [0.0518248081207, 0.832750797272, 3.38898038864, 8.56189823151, 9.89580535889, 7.60081720352, 5.23066520691, 6.11146354675, 8.56653690338, 7.86763811111, 11.6952590942, 8.49833965302, 9.96018886566, 11.1480560303, 5.27991914749, 3.25526809692, 3.15835404396, 1.4783591032, 1.25213396549, 1.11960613728, 3.25614237785, 5.0300450325, 3.95632696152, 2.03651547432, 1.45396316051, 0.690387248993, 0.56606400013, 0.237715139985, 0.189062207937, 0.162068575621, 0.0789834111929, 0.0495630539954, 0.0242017041892, 0.00952434539795, 0.00068794330582, 5.0867558457e-05, 1.24750540635e-05, 2.15089517042e-06, 1.24415510072e-05, 2.80369877146e-05],
        "min": [1.89051320376e-07, 6.08861682849e-06, 9.94961283141e-06, 3.35139156959e-05, 4.39197465312e-05, 9.25415879465e-05, 3.80876008421e-05, 7.67002929933e-05, 4.34575631516e-05, 8.65221809363e-05, 0.000169697377714, 3.07752234221e-05, 2.20936744881e-05, 2.75987968053e-05, 1.22596784422e-05, 6.34369353065e-05, 6.2149056248e-06, 5.41623467143e-06, 6.7718151513e-06, 2.14433330257e-05, 0.000111866844236, 0.000100857796497, 6.36036565993e-05, 3.49948531948e-05, 1.15696302601e-05, 5.97337293584e-06, 3.91448747905e-06, 1.47770276726e-06, 8.62575973315e-07, 8.42441579607e-07, 7.8525306435e-07, 7.60881846418e-07, 7.31460033876e-07, 3.9304592292e-07, 1.33537483293e-07, 5.27289110153e-08, 3.22809015074e-08, 1.36702054121e-08, 2.92595503382e-09, 6.02827732177e-10],
        "var": [0.00891911517829, 2.30816602707, 35.0171394348, 247.537216187, 346.552490234, 1052.18737793, 2486.25610352, 10058.6347656, 6521.94433594, 2533.06494141, 666.481750488, 3635.66967773, 1547.20336914, 2197.86523438, 2345.21264648, 8131.63769531, 4825.53515625, 6205.15380859, 1349.86730957, 43.2230949402, 105.921920776, 479.972045898, 289.067840576, 77.7506408691, 232.256576538, 223.396102905, 120.437889099, 56.9578285217, 149.139312744, 136.676940918, 95.9841308594, 17.0629463196, 2.75723481178, 0.220342978835, 0.00120273802895, 2.55253826253e-06, 1.04626503017e-08, 3.33160915522e-10, 1.32632280159e-10, 5.39974676084e-10]
    },
    "gfcc": {
        "mean": [-70.6095504761, 176.303787231, -129.046646118, 49.4691162109, -58.4696464539, 1.61692249775, -18.6886348724, -2.1947286129, -8.04277133942, -30.4211521149, 2.53264331818, -18.5684432983, 1.18198633194],
        "cov": [[3356.87255859, -1073.16650391, -39.8627281189, 527.011474609, -519.120178223, 631.949951172, -207.835617065, -28.2350196838, -14.7472400665, -0.422797143459, 50.9747657776, -71.0844802856, -43.5846633911], [-1073.16650391, 1158.2175293, -109.042472839, -545.956481934, 602.922607422, -435.879730225, 215.033981323, -83.0989379883, 20.0816192627, -13.7613773346, 67.0322875977, -0.403988391161, -22.2315444946], [-39.8627281189, -109.042472839, 551.120666504, 203.013977051, -122.518913269, 105.770133972, -35.7559509277, 105.461204529, 14.297706604, -4.42604351044, -76.1095657349, -9.68009853363, 25.8409194946], [527.011474609, -545.956481934, 203.013977051, 543.986572266, -243.963943481, 120.075187683, -95.7418746948, 71.7496337891, 32.6171989441, -23.8590965271, -63.0360984802, 19.7869319916, 29.9108009338], [-519.120178223, 602.922607422, -122.518913269, -243.963943481, 540.583679199, -191.884216309, 96.9712371826, -50.4619674683, -33.6988182068, -15.4709224701, 23.5078353882, 4.99630641937, -11.4735393524], [631.949951172, -435.879730225, 105.770133972, 120.075187683, -191.884216309, 493.391387939, -21.4193134308, 25.3607978821, -22.1555309296, 29.0644321442, -28.2794361115, -65.4966049194, -14.6665754318], [-207.835617065, 215.033981323, -35.7559509277, -95.7418746948, 96.9712371826, -21.4193134308, 220.833786011, -5.97488069534, 2.01459646225, -8.14979362488, -14.1976394653, -10.1179428101, -35.7600021362], [-28.2350196838, -83.0989379883, 105.461204529, 71.7496337891, -50.4619674683, 25.3607978821, -5.97488069534, 175.109039307, 30.6272220612, -19.7539691925, -25.3531265259, -24.4615974426, 15.0626707077], [-14.7472400665, 20.0816192627, 14.297706604, 32.6171989441, -33.6988182068, -22.1555309296, 2.01459646225, 30.6272220612, 119.307807922, 31.1380157471, -10.5990381241, -21.9358119965, -22.7075881958], [-0.422797143459, -13.7613773346, -4.42604351044, -23.8590965271, -15.4709224701, 29.0644321442, -8.14979362488, -19.7539691925, 31.1380157471, 112.881362915, 34.5037994385, -25.2664318085, -20.2925643921], [50.9747657776, 67.0322875977, -76.1095657349, -63.0360984802, 23.5078353882, -28.2794361115, -14.1976394653, -25.3531265259, -10.5990381241, 34.5037994385, 125.448005676, 36.9278564453, -11.8417024612], [-71.0844802856, -0.403988391161, -9.68009853363, 19.7869319916, 4.99630641937, -65.4966049194, -10.1179428101, -24.4615974426, -21.9358119965, -25.2664318085, 36.9278564453, 110.096008301, 36.0159759521], [-43.5846633911, -22.2315444946, 25.8409194946, 29.9108009338, -11.4735393524, -14.6665754318, -35.7600021362, 15.0626707077, -22.7075881958, -20.2925643921, -11.8417024612, 36.0159759521, 86.8247146606]],
        "icov": [[0.00056180357933, 0.000247121148277, 0.000147554048453, -0.000353506853571, 2.92295699182e-05, -0.000458061316749, 0.000120632372273, 0.000410500098951, -0.000187609810382, 0.000622630992439, -0.000830914708786, 0.000637515564449, 4.67934914923e-05], [0.000247121148277, 0.0134962862357, -0.00533196795732, 0.00798754394054, -0.00859700795263, 0.00651666382328, -0.00668234284967, 0.00533532351255, -0.00842624716461, 0.00623265048489, -0.00847810506821, 0.00785075780004, -0.00645799888298], [0.000147554048453, -0.00533196795732, 0.00470233988017, -0.00390956411138, 0.00350617896765, -0.00309849111363, 0.00288056675345, -0.00326189212501, 0.00367353623733, -0.00308232614771, 0.00447093229741, -0.00363040738739, 0.00270440848544], [-0.000353506853571, 0.00798754394054, -0.00390956411138, 0.00809734500945, -0.0044553373009, 0.00398991536349, -0.00331687089056, 0.00242537260056, -0.00562322698534, 0.00357074057683, -0.00320685328916, 0.00279453583062, -0.00369250075892], [2.92295699182e-05, -0.00859700795263, 0.00350617896765, -0.0044553373009, 0.00827935803682, -0.00345214921981, 0.00357910618186, -0.00302052893676, 0.00601234892383, -0.00354609708302, 0.00506908399984, -0.00431223865598, 0.00403756042942], [-0.000458061316749, 0.00651666382328, -0.00309849111363, 0.00398991536349, -0.00345214921981, 0.00659603904933, -0.00373994349502, 0.00231086625718, -0.002609240124, 0.00185104028787, -0.00352221471258, 0.0051039760001, -0.00314425234683], [0.000120632372273, -0.00668234284967, 0.00288056675345, -0.00331687089056, 0.00357910618186, -0.00373994349502, 0.00913559272885, -0.00306726130657, 0.00409077527002, -0.00271003111266, 0.00563830090687, -0.00500441901386, 0.00605219136924], [0.000410500098951, 0.00533532351255, -0.00326189212501, 0.00242537260056, -0.00302052893676, 0.00231086625718, -0.00306726130657, 0.0101523818448, -0.00572201050818, 0.00536848697811, -0.00535859540105, 0.00658196909353, -0.00502881081775], [-0.000187609810382, -0.00842624716461, 0.00367353623733, -0.00562322698534, 0.00601234892383, -0.002609240124, 0.00409077527002, -0.00572201050818, 0.0166595261544, -0.00787775684148, 0.00722417468205, -0.00477499049157, 0.00710525456816], [0.000622630992439, 0.00623265048489, -0.00308232614771, 0.00357074057683, -0.00354609708302, 0.00185104028787, -0.00271003111266, 0.00536848697811, -0.00787775684148, 0.0164289120585, -0.00980049464852, 0.00839976686984, -0.00364928063937], [-0.000830914708786, -0.00847810506821, 0.00447093229741, -0.00320685328916, 0.00506908399984, -0.00352221471258, 0.00563830090687, -0.00535859540105, 0.00722417468205, -0.00980049464852, 0.0195085667074, -0.0125606693327, 0.00798272434622], [0.000637515564449, 0.00785075780004, -0.00363040738739, 0.00279453583062, -0.00431223865598, 0.0051039760001, -0.00500441901386, 0.00658196909353, -0.00477499049157, 0.00839976686984, -0.0125606693327, 0.021524861455, -0.0103902043775], [4.67934914923e-05, -0.00645799888298, 0.00270440848544, -0.00369250075892, 0.00403756042942, -0.00314425234683, 0.00605219136924, -0.00502881081775, 0.00710525456816, -0.00364928063937, 0.00798272434622, -0.0103902043775, 0.0201261267066]]
    },
    "melbands": {
        "dmean": [0.000515728781465, 0.000943696533795, 0.000935409567319, 0.000512153899763, 0.000254768208833, 0.000149132698425, 0.000162450931384, 9.77212403086e-05, 5.91578464082e-05, 8.73891549418e-05, 4.41576594312e-05, 4.17662668042e-05, 3.08389717247e-05, 3.07477275783e-05, 2.16251410166e-05, 2.28503286053e-05, 1.83628180821e-05, 1.05491972135e-05, 2.90979164674e-06, 2.06528784474e-06, 3.70070688405e-06, 4.32766410086e-06, 5.83804603593e-06, 3.43310989592e-06, 1.69893894508e-06, 2.12225518226e-06, 2.6536340556e-06, 2.1198061404e-06, 1.48302297021e-06, 1.65424080478e-06, 8.83298753251e-07, 1.44511795952e-06, 1.53490054799e-06, 1.10463179226e-06, 8.27853227747e-07, 6.39337656594e-07, 2.99969599382e-07, 2.55454665421e-07, 1.27990702481e-07, 4.96996577226e-08],
        "dmean2": [0.000862192013301, 0.00156228407286, 0.00154353596736, 0.000820765504614, 0.0003789193579, 0.000203598901862, 0.000219410838326, 0.000137766866828, 8.28517659102e-05, 0.000117709692859, 6.07808433415e-05, 5.56040540687e-05, 3.98007432523e-05, 4.18582494603e-05, 2.78744246316e-05, 2.98687809845e-05, 2.45056526182e-05, 1.54047193064e-05, 4.39458835899e-06, 3.28046712639e-06, 5.66796779822e-06, 6.63232640363e-06, 9.18101613934e-06, 5.39377606401e-06, 2.64835853159e-06, 3.42881639881e-06, 4.10643906434e-06, 3.23103063238e-06, 2.30250293498e-06, 2.79490200228e-06, 1.16157798402e-06, 2.12419331547e-06, 2.50320067607e-06, 1.62254173119e-06, 1.21228811167e-06, 1.02038598015e-06, 4.5005310767e-07, 3.88461472767e-07, 2.01149291001e-07, 7.30185547582e-08],
        "dvar": [1.16394096494e-06, 3.82147027267e-06, 5.24293272974e-06, 1.04386083422e-06, 4.94864593747e-07, 3.44828521293e-07, 3.23496209376e-07, 1.35836373261e-07, 2.05501855532e-08, 7.2110466931e-08, 1.66578182359e-08, 1.49957788409e-08, 1.18008367522e-08, 2.44900615343e-08, 1.17403251565e-08, 1.00697130634e-08, 7.32475546883e-09, 4.05056121977e-09, 1.72667380394e-10, 4.2540092976e-11, 1.04162747872e-10, 1.26012672519e-10, 2.16481013671e-10, 6.29118909745e-11, 2.2766885599e-11, 7.08360245461e-11, 1.10144046661e-10, 6.13266382121e-11, 3.08985857733e-11, 6.66322136356e-11, 9.48430223247e-12, 3.26484707325e-11, 4.36055636044e-11, 2.1218134888e-11, 1.38161929814e-11, 8.38560471061e-12, 1.49494197403e-12, 8.66226740944e-13, 2.031265374e-13, 3.50475162401e-14],
        "dvar2": [3.28372902914e-06, 9.84335383691e-06, 1.41761602208e-05, 2.71230715043e-06, 9.6863948329e-07, 5.5213916994e-07, 4.97206031014e-07, 2.79480417475e-07, 4.19747756553e-08, 1.51841078377e-07, 3.51267672727e-08, 3.02631910643e-08, 2.55024001916e-08, 4.30705178189e-08, 1.59356225993e-08, 1.82515389469e-08, 1.17161231827e-08, 8.29689650317e-09, 3.77192471701e-10, 9.76190239754e-11, 1.9680983232e-10, 2.63048915983e-10, 4.70910754835e-10, 1.31031421824e-10, 5.23585445833e-11, 1.51857013075e-10, 2.43888992335e-10, 1.40995992659e-10, 6.89770948692e-11, 1.87508147897e-10, 1.7502240976e-11, 7.4538368533e-11, 1.13277436042e-10, 4.16849332829e-11, 2.59272638081e-11, 1.98651164962e-11, 3.30573654388e-12, 1.98917900381e-12, 4.55785853937e-13, 6.87278061068e-14],
        "max": [0.0152805801481, 0.0250858385116, 0.0312904082239, 0.0147324856371, 0.0176871772856, 0.0244914740324, 0.0187901370227, 0.00762575259432, 0.0028575763572, 0.00464126514271, 0.00306222448125, 0.00276246760041, 0.00227781711146, 0.00566975027323, 0.00429223570973, 0.00282495003194, 0.00228736689314, 0.00199435371906, 0.000323386659147, 0.000131832421175, 0.000331667717546, 0.00037838917342, 0.000567958049942, 0.000176071087481, 0.000130447500851, 0.000239236615016, 0.000265461567324, 0.000218103683437, 0.000118430922157, 0.000104910846858, 4.71232524433e-05, 0.000125423059217, 8.6400876171e-05, 0.000118643481983, 0.000100416618807, 0.000100215191196, 3.29824179062e-05, 1.53970231622e-05, 9.13697931537e-06, 4.19070465796e-06],
        "mean": [0.00103878113441, 0.00246443459764, 0.00232334202155, 0.00116293004248, 0.00062569999136, 0.000491407583468, 0.000397536874516, 0.000193330983166, 0.000156237962074, 0.000175023815245, 0.00010961942462, 0.000100172015664, 7.40785981179e-05, 7.04495250829e-05, 4.63326869067e-05, 4.81749702885e-05, 3.86455394619e-05, 1.56506339408e-05, 4.54378960058e-06, 3.27595012095e-06, 8.20509012556e-06, 9.51980109676e-06, 1.25441074488e-05, 5.87117619943e-06, 3.33024195243e-06, 3.54610415343e-06, 3.61830166185e-06, 2.77487038147e-06, 1.98030375032e-06, 1.66386291767e-06, 1.16318790333e-06, 1.78891502856e-06, 1.80541235295e-06, 1.49666902871e-06, 1.2428890841e-06, 7.91459967786e-07, 4.29921072964e-07, 3.39473302802e-07, 1.75189640572e-07, 7.8680812976e-08],
        "median": [0.000688066356815, 0.00165166635998, 0.00173108722083, 0.000705635931809, 0.000207671735552, 0.000128500309074, 0.000133911657031, 8.34106467664e-05, 8.44637397677e-05, 5.74098739889e-05, 4.86300195917e-05, 4.27855338785e-05, 1.61396110343e-05, 1.14658996608e-05, 6.73832755638e-06, 6.38040000922e-06, 2.33557966567e-06, 1.74740910097e-06, 1.22700305383e-06, 1.3629478417e-06, 4.45658224635e-06, 4.70690974907e-06, 5.52103347218e-06, 2.16698094846e-06, 1.43306078826e-06, 1.18538844163e-06, 7.61708065511e-07, 3.44874109715e-07, 3.85085968446e-07, 2.15498388911e-07, 9.30931705057e-08, 1.00502447253e-07, 1.00962367355e-07, 7.78519577693e-08, 4.2347394924e-08, 4.12059257826e-08, 2.16906936856e-08, 1.63478706128e-08, 1.37780631349e-08, 5.7049525104e-09],
        "min": [2.64868327271e-09, 6.58466703385e-09, 1.0270310824e-08, 4.42954029012e-09, 2.12522444087e-09, 1.56267754292e-09, 6.2264055023e-10, 1.13012121883e-09, 1.37939792921e-09, 1.08172824864e-10, 1.0751584345e-10, 1.17001366928e-10, 2.59648344492e-11, 1.48291767754e-10, 7.28280491469e-11, 3.79259644523e-12, 1.02174987221e-11, 1.08343655228e-11, 9.05753076708e-12, 2.29444276079e-11, 1.84942214321e-10, 1.50119486286e-10, 3.54370074951e-11, 7.7520372066e-11, 2.04759143668e-11, 1.20032091905e-11, 4.43828003863e-12, 3.73485704169e-12, 3.26218240788e-12, 9.86296331065e-13, 7.74718776544e-13, 4.34491120383e-13, 4.54600983593e-13, 4.58762476792e-13, 5.01379862107e-13, 3.59631920598e-13, 5.05781343457e-13, 5.26168626898e-13, 4.47679870605e-13, 2.97819576075e-13],
        "var": [1.47273124185e-06, 6.70526014801e-06, 6.77526759318e-06, 2.40503709392e-06, 2.53235589298e-06, 4.07013203585e-06, 1.43760178162e-06, 2.30604655371e-07, 5.21612015802e-08, 1.42728254104e-07, 3.96670252201e-08, 3.61464280729e-08, 2.91782988882e-08, 7.49872768324e-08, 4.42945768953e-08, 2.78514598051e-08, 2.44074858102e-08, 6.78562139811e-09, 2.22660903604e-10, 5.37581958115e-11, 2.07566699939e-10, 3.63646918133e-10, 8.61609006364e-10, 1.27645088943e-10, 4.77314680836e-11, 1.01393109186e-10, 1.54799589813e-10, 1.11774291212e-10, 4.89258876468e-11, 5.06297850866e-11, 1.71166397028e-11, 4.88048421121e-11, 5.28553867341e-11, 4.47807173287e-11, 3.91006185763e-11, 1.8728818843e-11, 3.92671702446e-12, 1.83154077842e-12, 4.22187838075e-13, 1.00428542706e-13]
    },
    "mfcc": {
        "mean": [-698.811828613, 174.331344604, 5.2562584877, 39.0130348206, 0.631307005882, -2.28546380997, 2.51222896576, 16.7615451813, -1.12440669537, -2.45499539375, -2.87400746346, 2.13359594345, -4.25736713409],
        "cov": [[3344.54907227, -1269.52966309, 158.728683472, -57.9625167847, -148.804519653, 349.545501709, -48.9321289062, 67.9033508301, -152.827331543, 104.872993469, 12.2803421021, -16.9769630432, -54.5410690308], [-1269.52966309, 1712.10144043, -633.989196777, -94.1927261353, 176.555206299, -183.615753174, 168.744552612, -60.7641029358, -48.4262084961, -15.5821781158, 20.0673942566, 11.2142410278, 32.1242179871], [158.728683472, -633.989196777, 792.633361816, 64.2379302979, -59.2154655457, 63.4783706665, -82.2312240601, 56.2720832825, 130.05847168, 10.9875793457, -4.66043615341, 23.5724964142, 11.2197618484], [-57.9625167847, -94.1927261353, 64.2379302979, 403.140014648, 35.9267921448, -92.1135559082, -76.0203933716, 31.8231372833, 45.2173194885, -46.454082489, -25.9184856415, -1.57732725143, 31.0110225677], [-148.804519653, 176.555206299, -59.2154655457, 35.9267921448, 261.515228271, -25.3114910126, 25.592458725, -17.8701953888, 16.4555091858, -24.6831798553, -7.60937023163, -10.7985982895, -3.87410020828], [349.545501709, -183.615753174, 63.4783706665, -92.1135559082, -25.3114910126, 259.166503906, 46.3827857971, -7.17259693146, -1.37484312057, 20.5168075562, 17.7517547607, 2.39496088028, -29.5595035553], [-48.9321289062, 168.744552612, -82.2312240601, -76.0203933716, 25.592458725, 46.3827857971, 192.205917358, 33.5790214539, -9.10603809357, -2.4903690815, -0.700845003128, -3.12155270576, -13.4050226212], [67.9033508301, -60.7641029358, 56.2720832825, 31.8231372833, -17.8701953888, -7.17259693146, 33.5790214539, 140.200820923, 41.5906333923, -8.41847324371, -7.10145378113, -14.3568534851, -8.80385875702], [-152.827331543, -48.4262084961, 130.05847168, 45.2173194885, 16.4555091858, -1.37484312057, -9.10603809357, 41.5906333923, 176.790390015, 30.6700153351, -8.57482147217, 1.41029131413, -31.0083866119], [104.872993469, -15.5821781158, 10.9875793457, -46.454082489, -24.6831798553, 20.5168075562, -2.4903690815, -8.41847324371, 30.6700153351, 141.442138672, 53.4690589905, 5.48633098602, -20.5467033386], [12.2803421021, 20.0673942566, -4.66043615341, -25.9184856415, -7.60937023163, 17.7517547607, -0.700845003128, -7.10145378113, -8.57482147217, 53.4690589905, 102.838890076, 40.8804092407, -1.68808913231], [-16.9769630432, 11.2142410278, 23.5724964142, -1.57732725143, -10.7985982895, 2.39496088028, -3.12155270576, -14.3568534851, 1.41029131413, 5.48633098602, 40.8804092407, 89.8700332642, 30.3846931458], [-54.5410690308, 32.1242179871, 11.2197618484, 31.0110225677, -3.87410020828, -29.5595035553, -13.4050226212, -8.80385875702, -31.0083866119, -20.5467033386, -1.68808913231, 30.3846931458, 82.4233779907]],
