{
"lowlevel": {
    "average_loudness": 0.96695035696,
    "barkbands_crest": {
        "dmean": 1.88765358925,
        "dmean2": 3.14429020882,
        "dvar": 3.43805074692,
        "dvar2": 9.45457363129,
        "max": 18.1333446503,
        "mean": 8.25347137451,
        "median": 7.88126373291,
        "min": 2.97292923927,
        "var": 6.48732042313
    },
    "barkbands_flatness_db": {
        "dmean": 0.0156345628202,
        "dmean2": 0.0231833700091,
        "dvar": 0.000224318529945,
        "dvar2": 0.000466983794468,
        "max": 0.27754098177,
        "mean": 0.131365895271,
        "median": 0.126353353262,
        "min": 0.0197048000991,
        "var": 0.00142141629476
    },
    "barkbands_kurtosis": {
        "dmean": 1.46415042877,
        "dmean2": 2.30589151382,
        "dvar": 4.66505527496,
        "dvar2": 11.0187606812,
        "max": 31.3845214844,
        "mean": 2.23682618141,
        "median": 1.17865753174,
        "min": -1.79131925106,
        "var": 12.3073339462
    },
    "barkbands_skewness": {
        "dmean": 0.372391402721,
        "dmean2": 0.55986815691,
        "dvar": 0.147770822048,
        "dvar2": 0.324848532677,
        "max": 4.99232530594,
        "mean": 1.2373008728,
        "median": 1.1702747345,
        "min": -2.1037709713,
        "var": 0.726594507694
    },
    "barkbands_spread": {
        "dmean": 3.9572057724,
        "dmean2": 6.02413892746,
        "dvar": 32.2662162781,
        "dvar2": 60.9345397949,
        "max": 80.4261779785,
        "mean": 19.3724040985,
        "median": 18.2001934052,
        "min": 4.17067670822,
        "var": 96.4656524658
    },
    "dissonance": {
        "dmean": 0.0187417753041,
        "dmean2": 0.0312977768481,
        "dvar": 0.000317635101965,
        "dvar2": 0.000839884451125,
        "max": 0.499332040548,
        "mean": 0.459553897381,
        "median": 0.463896363974,
        "min": 0.297518461943,
        "var": 0.000626625143923
    },
    "dynamic_complexity": 2.7409119606,
    "erbbands_crest": {
        "dmean": 2.17794489861,
        "dmean2": 3.44495368004,
        "dvar": 3.92645311356,
        "dvar2": 9.03859901428,
        "max": 25.2207355499,
        "mean": 8.71535015106,
        "median": 7.72648715973,
        "min": 2.85917901993,
        "var": 16.1622562408
    },
    "erbbands_flatness_db": {
        "dmean": 0.0162079203874,
        "dmean2": 0.0224067326635,
        "dvar": 0.000288022798486,
        "dvar2": 0.0004952547024,
        "max": 0.285803377628,
        "mean": 0.161144286394,
        "median": 0.158840581775,
        "min": 0.069631293416,
        "var": 0.00164881313685
    },
    "erbbands_kurtosis": {
        "dmean": 0.573088467121,
        "dmean2": 0.866925656796,
        "dvar": 0.471468865871,
        "dvar2": 0.91343164444,
        "max": 13.7375545502,
        "mean": 0.349088698626,
        "median": -0.17219376564,
        "min": -1.49985575676,
        "var": 2.45839571953
    },
    "erbbands_skewness": {
        "dmean": 0.272480845451,
        "dmean2": 0.407354623079,
        "dvar": 0.0609788633883,
        "dvar2": 0.126905456185,
        "max": 2.30316996574,
        "mean": 0.272181451321,
        "median": 0.278849810362,
        "min": -1.47987365723,
        "var": 0.246329963207
    },
    "erbbands_spread": {
        "dmean": 5.99321937561,
        "dmean2": 8.93718242645,
        "dvar": 50.2772636414,
        "dvar2": 97.7244186401,
        "max": 97.9898300171,
        "mean": 32.0567398071,
        "median": 30.5301513672,
        "min": 5.65505123138,
        "var": 202.491363525
    },
    "hfc": {
        "dmean": 5.94590759277,
        "dmean2": 8.71860122681,
        "dvar": 70.5361022949,
        "dvar2": 152.00289917,
        "max": 97.9868545532,
        "mean": 22.8122062683,
        "median": 19.0016288757,
        "min": 1.20426128417e-16,
        "var": 275.17678833
    },
    "melbands_crest": {
        "dmean": 2.46075367928,
        "dmean2": 4.16546726227,
        "dvar": 5.56807947159,
        "dvar2": 15.7637176514,
        "max": 24.9553432465,
        "mean": 11.5475711823,
        "median": 11.1831989288,
        "min": 1.97449970245,
        "var": 11.1047115326
    },
    "melbands_flatness_db": {
        "dmean": 0.0188718698919,
        "dmean2": 0.0289647355676,
        "dvar": 0.000346744433045,
        "dvar2": 0.000703110359609,
        "max": 0.370049774647,
        "mean": 0.202959686518,
        "median": 0.197154656053,
        "min": 0.00734162889421,
        "var": 0.00222335290164
    },
    "melbands_kurtosis": {
        "dmean": 3.40005660057,
        "dmean2": 5.29193925858,
        "dvar": 27.5331478119,
        "dvar2": 65.6061782837,
        "max": 69.5625,
        "mean": 7.28007698059,
        "median": 4.69688987732,
        "min": -1.29970657825,
        "var": 70.6654815674
    },
    "melbands_skewness": {
        "dmean": 0.493815094233,
        "dmean2": 0.746376991272,
        "dvar": 0.270664006472,
        "dvar2": 0.583149790764,
        "max": 7.16292047501,
        "mean": 2.0680077076,
        "median": 1.95124304295,
        "min": -0.449774473906,
        "var": 1.34099173546
    },
    "melbands_spread": {
        "dmean": 4.67268323898,
        "dmean2": 7.15695047379,
        "dvar": 43.3357086182,
        "dvar2": 83.2161636353,
        "max": 141.211364746,
        "mean": 21.5347537994,
        "median": 20.2175502777,
        "min": 3.40498232841,
        "var": 126.19644165
    },
    "pitch_salience": {
        "dmean": 0.0551853775978,
        "dmean2": 0.0910257697105,
        "dvar": 0.00239110295661,
        "dvar2": 0.00623198691756,
        "max": 0.797345995903,
        "mean": 0.580047726631,
        "median": 0.579734325409,
        "min": 0.361746877432,
        "var": 0.00808976218104
    },
    "silence_rate_20dB": {
        "dmean": 0,
        "dmean2": 0,
        "dvar": 0,
        "dvar2": 0,
        "max": 1,
        "mean": 1,
        "median": 1,
        "min": 1,
        "var": 0
    },
    "silence_rate_30dB": {
        "dmean": 0,
        "dmean2": 0,
        "dvar": 0,
        "dvar2": 0,
        "max": 1,
        "mean": 1,
        "median": 1,
        "min": 1,
        "var": 0
    },
    "silence_rate_60dB": {
        "dmean": 0.00154798757285,
        "dmean2": 0.00309837330133,
        "dvar": 0.0015455794055,
        "dvar2": 0.00308882654645,
        "max": 1,
        "mean": 0.0332559943199,
        "median": 0,
        "min": 0,
        "var": 0.0321503095329
    },
    "spectral_centroid": {
        "dmean": 175.688171387,
        "dmean2": 264.454071045,
        "dvar": 120791.390625,
        "dvar2": 165250.25,
        "max": 11441.7324219,
        "mean": 1083.61071777,
        "median": 1030.77514648,
        "min": 321.91192627,
        "var": 258534.359375
    },
    "spectral_complexity": {
        "dmean": 2.93498444557,
        "dmean2": 4.55925655365,
        "dvar": 8.55303287506,
        "dvar2": 19.034942627,
        "max": 48,
        "mean": 21.0997676849,
        "median": 21,
        "min": 0,
        "var": 56.1578330994
    },
    "spectral_decrease": {
        "dmean": 2.16172968415e-09,
        "dmean2": 3.45829698212e-09,
        "dvar": 9.39161180594e-18,
        "dvar2": 2.34882120468e-17,
        "max": -3.85773186862e-29,
        "mean": -8.27785751056e-09,
        "median": -7.68943131391e-09,
        "min": -3.25535580714e-08,
        "var": 2.0962075248e-17
    },
    "spectral_energy": {
        "dmean": 0.00854417309165,
        "dmean2": 0.0136122526601,
        "dvar": 0.000144147939864,
        "dvar2": 0.000357793935109,
        "max": 0.128542214632,
        "mean": 0.0333116836846,
        "median": 0.0308541581035,
        "min": 1.10686071741e-20,
        "var": 0.000339810067089
    },
    "spectral_energyband_high": {
        "dmean": 0.000320285791531,
        "dmean2": 0.000485399679746,
        "dvar": 8.46110594921e-07,
        "dvar2": 1.73227851974e-06,
        "max": 0.01246949099,
        "mean": 0.000580817693844,
        "median": 0.000247960735578,
        "min": 8.34967419421e-21,
        "var": 1.50239725372e-06
    },
    "spectral_energyband_low": {
        "dmean": 0.00393342599273,
        "dmean2": 0.0067074270919,
        "dvar": 4.9504564231e-05,
        "dvar2": 0.000134901885758,
        "max": 0.0696642249823,
        "mean": 0.0103930477053,
        "median": 0.00886341463774,
        "min": 1.07271186536e-22,
        "var": 6.60649384372e-05
    },
    "spectral_energyband_middle_high": {
        "dmean": 0.00210140412673,
        "dmean2": 0.00301465135999,
        "dvar": 7.72669409344e-06,
        "dvar2": 1.553954462e-05,
        "max": 0.0385637395084,
        "mean": 0.0078812353313,
        "median": 0.00515232188627,
        "min": 1.4065480312e-21,
        "var": 5.65664195165e-05
    },
    "spectral_energyband_middle_low": {
        "dmean": 0.00581532530487,
        "dmean2": 0.00928435660899,
        "dvar": 8.89169823495e-05,
        "dvar2": 0.00022707314929,
        "max": 0.102712385356,
        "mean": 0.0167739856988,
        "median": 0.0149145741016,
        "min": 2.25299886221e-22,
        "var": 0.000131369772134
    },
    "spectral_entropy": {
        "dmean": 0.136536255479,
        "dmean2": 0.197870880365,
        "dvar": 0.0231826808304,
        "dvar2": 0.0390461459756,
        "max": 9.79452133179,
        "mean": 7.47052240372,
        "median": 7.48442459106,
        "min": 6.43677377701,
        "var": 0.113210655749
    },
    "spectral_flux": {
        "dmean": 0.0230258926749,
        "dmean2": 0.0355918966234,
        "dvar": 0.000768360681832,
        "dvar2": 0.00162561819889,
        "max": 0.260555386543,
        "mean": 0.0813272073865,
        "median": 0.0729410424829,
        "min": 1.05207446921e-10,
        "var": 0.00191852683201
    },
    "spectral_kurtosis": {
        "dmean": 1.86079490185,
        "dmean2": 3.14882063866,
        "dvar": 4.56236410141,
        "dvar2": 13.3413143158,
        "max": 28.4541492462,
        "mean": 5.61630821228,
        "median": 5.10430240631,
        "min": -1.17834544182,
        "var": 8.67357540131
    },
    "spectral_rms": {
        "dmean": 0.000678182695992,
        "dmean2": 0.00106032541953,
        "dvar": 6.73113106586e-07,
        "dvar2": 1.60320132636e-06,
        "max": 0.011198528111,
        "mean": 0.00543765537441,
        "median": 0.00548649393022,
        "min": 3.28612853075e-12,
        "var": 2.9311322578e-06
    },
    "spectral_rolloff": {
        "dmean": 324.66394043,
        "dmean2": 520.833679199,
        "dvar": 651698.8125,
        "dvar2": 1002407.25,
        "max": 18798.4863281,
        "mean": 1196.26831055,
        "median": 1055.12695312,
        "min": 150.732421875,
        "var": 1079177.625
    },
    "spectral_skewness": {
        "dmean": 0.228825077415,
        "dmean2": 0.375356882811,
        "dvar": 0.0581312254071,
        "dvar2": 0.147045969963,
        "max": 3.71183609962,
        "mean": 1.75758874416,
        "median": 1.75784623623,
        "min": -0.0588468872011,
        "var": 0.155182495713
    },
    "spectral_spread": {
        "dmean": 544475.0625,
        "dmean2": 741325.375,
        "dvar": 1.42384195174e+12,
        "dvar2": 1.7237335081e+12,
        "max": 40139540,
        "mean": 4009103.25,
        "median": 3850603,
        "min": 1787952.25,
        "var": 2.44251675853e+12
    },
    "spectral_strongpeak": {
        "dmean": 0.701170146465,
        "dmean2": 1.22478854656,
        "dvar": 1.39346528053,
        "dvar2": 3.49283838272,
        "max": 9.05889415741,
        "mean": 1.28632414341,
        "median": 0.546358644962,
        "min": 0,
        "var": 2.89077591896
    },
    "zerocrossingrate": {
        "dmean": 0.00773162348196,
        "dmean2": 0.00930722337216,
        "dvar": 0.000273787387414,
        "dvar2": 0.000269635173026,
        "max": 0.48388671875,
        "mean": 0.0496158711612,
        "median": 0.04638671875,
        "min": 0.0107421875,
        "var": 0.000699046824593
    },
    "barkbands": {
        "dmean": [0.000130782020278, 0.00247639976442, 0.00147967669182, 0.0017404287355, 0.00296973064542, 0.00102940469515, 0.000810509489384, 0.00112905644346, 0.00109185196925, 0.000715071859304, 0.000544910028111, 0.000492689199746, 0.000714719993994, 0.000437229784438, 0.000453746964922, 0.000184811127838, 0.000231438927585, 0.000215013860725, 7.76586966822e-05, 7.64505311963e-05, 7.81139824539e-05, 8.58973435243e-05, 8.22809161036e-05, 4.87831021019e-05, 3.21410952893e-05, 1.87380446732e-05, 1.57987574312e-06],
        "dmean2": [0.000207522622077, 0.00428883964196, 0.00253230985254, 0.00298102619126, 0.00495057413355, 0.00170988100581, 0.00127224263269, 0.00171817536466, 0.00163087213878, 0.00102896883618, 0.00079332786845, 0.000770053418819, 0.00102964963298, 0.000680325785652, 0.000715738802683, 0.000304401095491, 0.000371460802853, 0.000322712992784, 0.000127651481307, 0.000122219978948, 0.000125045771711, 0.0001324146142, 0.000127594277728, 7.7812706877e-05, 5.01381946378e-05, 2.93249286187e-05, 2.60552792497e-06],
        "dvar": [8.77808048472e-08, 2.49848417297e-05, 5.95154233451e-06, 7.09464393367e-06, 5.18015040143e-05, 3.00619240079e-06, 3.73819261767e-06, 4.28689190812e-06, 6.17510931988e-06, 2.44451189246e-06, 1.0606389651e-06, 1.20738332043e-06, 2.8842471238e-06, 1.02148885617e-06, 9.6989560916e-07, 1.13032349702e-07, 1.62185799013e-07, 1.62569136819e-07, 1.52145283039e-08, 2.62223451841e-08, 5.50274705802e-08, 6.59299246308e-08, 1.23521274986e-07, 3.42391892616e-08, 5.00576335938e-09, 1.90324023208e-09, 2.26943047688e-11],
        "dvar2": [2.02703489549e-07, 7.02802790329e-05, 1.50364976435e-05, 2.03249564947e-05, 0.000136625531013, 8.08698951005e-06, 8.11462814454e-06, 9.36149717745e-06, 1.31857368615e-05, 4.04151205657e-06, 1.95836537387e-06, 3.0452131341e-06, 5.5154596339e-06, 2.1046873826e-06, 2.09149106922e-06, 2.68004697546e-07, 4.12647096937e-07, 3.39398042115e-07, 3.60987755244e-08, 6.14254034303e-08, 1.24237416799e-07, 1.46543214896e-07, 2.77849892427e-07, 8.33301569969e-08, 1.17983107728e-08, 4.83513362681e-09, 5.99894092734e-11],
        "max": [0.0027602314949, 0.049645267427, 0.0300657935441, 0.0286428369582, 0.0720119476318, 0.0189574472606, 0.0295327752829, 0.0293061211705, 0.041638366878, 0.0317822098732, 0.0255843196064, 0.0168541744351, 0.0292978677899, 0.0202105939388, 0.0175125654787, 0.00548664107919, 0.00595508050174, 0.00678186351433, 0.00173469819129, 0.00379697303288, 0.00503914942965, 0.00510335247964, 0.00796342268586, 0.00316887907684, 0.000728932966013, 0.000480629940284, 6.09091221122e-05],
        "mean": [0.000149212442921, 0.00503095565364, 0.00335147813894, 0.00337431998923, 0.00457854848355, 0.00190939521417, 0.00141649297439, 0.00227305735461, 0.00223845872097, 0.00157486775424, 0.00130036799237, 0.000872419215739, 0.00160038052127, 0.000766138487961, 0.000836095714476, 0.000317291764077, 0.000421674281824, 0.000478080706671, 0.000164031051099, 0.000143695549923, 0.00012690933363, 0.000145192403579, 0.000107145642687, 6.65553816361e-05, 4.63916185254e-05, 2.10961406992e-05, 1.4460690636e-06],
        "median": [2.80167914752e-05, 0.00370945362374, 0.00194024434313, 0.00231938716024, 0.00300287571736, 0.00112540193368, 0.000534404010978, 0.000985930557363, 0.000789651414379, 0.00050570757594, 0.000450931547675, 0.000471103063319, 0.000348563859006, 0.000261047680397, 0.000384264916647, 0.000204389943974, 0.000265148526523, 0.000200542301172, 0.000103789141576, 7.63445495977e-05, 5.52765777684e-05, 5.315182716e-05, 3.19686514558e-05, 1.98621619347e-05, 1.65868914337e-05, 6.13935981164e-06, 2.33724904319e-07],
        "min": [5.10530772346e-23, 2.86096689367e-23, 3.7150476631e-23, 3.44754429905e-23, 5.50725696714e-23, 2.443710593e-23, 9.56446594812e-24, 4.01697123725e-23, 4.54175685237e-23, 1.12296634399e-22, 6.14009002055e-23, 4.56017296798e-23, 8.24335033496e-23, 6.81033148917e-23, 7.73012184764e-23, 1.0177092645e-22, 1.82345652626e-22, 3.5631461218e-22, 1.86062058392e-22, 3.78471253762e-22, 6.19078752346e-22, 8.32234724466e-22, 6.28272957751e-22, 9.42936925825e-22, 1.00034045325e-21, 2.18642839241e-21, 2.17873375479e-21],
        "var": [1.08241060559e-07, 2.7780290111e-05, 1.3560726984e-05, 1.20663362395e-05, 4.44525103376e-05, 5.58687952434e-06, 7.96899712441e-06, 1.08758931674e-05, 1.36087792271e-05, 1.16744722618e-05, 6.73985596222e-06, 1.96200926439e-06, 1.30200724016e-05, 2.6269162845e-06, 2.62808362095e-06, 1.78893046154e-07, 2.83573200477e-07, 5.75553769977e-07, 3.43801715985e-08, 4.39591332224e-08, 9.76881651127e-08, 9.95282718463e-08, 1.52661215225e-07, 4.11459240013e-08, 7.68803065654e-09, 1.90428339764e-09, 1.88918169303e-11]
    },
    "erbbands": {
        "dmean": [0.0728768035769, 0.567041218281, 1.42450559139, 4.01146793365, 9.64480686188, 9.26540184021, 8.16480827332, 8.20727729797, 8.11263465881, 21.7814350128, 18.9728050232, 26.157169342, 27.8626556396, 19.4000816345, 19.4984321594, 19.9047164917, 27.2829380035, 27.7905864716, 20.4399223328, 15.9608373642, 8.26601314545, 11.3909444809, 13.44024086, 5.04507017136, 3.7264509201, 3.38415932655, 3.16227149963, 3.28863739967, 3.42463994026, 2.15794420242, 2.64221334457, 1.41406667233, 0.65238237381, 0.36730787158, 0.232731178403, 0.0793444216251, 0.0393579639494, 0.00601255754009, 0.000165291101439, 1.34437668748e-05],
        "dmean2": [0.123267918825, 0.991268336773, 2.46799945831, 6.84865570068, 16.639787674, 15.3940076828, 13.440038681, 13.7684612274, 13.0836315155, 33.5624351501, 28.5160312653, 39.3364295959, 39.8090744019, 28.3779411316, 28.8791790009, 30.8153438568, 39.2600593567, 41.2886886597, 31.8221282959, 25.2527294159, 13.382226944, 18.2721176147, 20.1541461945, 8.08895874023, 6.10635137558, 5.47584486008, 5.05779743195, 5.37800502777, 5.31377506256, 3.23475313187, 4.1250705719, 2.21671676636, 1.04366326332, 0.568522870541, 0.369154512882, 0.119821824133, 0.0638597011566, 0.00980690866709, 0.000271902390523, 2.09777463169e-05],
        "dvar": [0.0280691683292, 1.1781232357, 5.07816171646, 38.9870414734, 729.236694336, 315.155334473, 121.456115723, 315.532928467, 255.246032715, 2320.8894043, 1089.71716309, 3026.29443359, 3793.98461914, 1196.76940918, 2257.87817383, 1351.73022461, 3883.43896484, 2869.69238281, 2330.95751953, 968.994995117, 190.933685303, 524.486450195, 690.850219727, 53.9949569702, 39.3130226135, 60.4815635681, 105.261528015, 83.6081924438, 117.323913574, 40.1238975525, 167.868270874, 37.1362419128, 5.73225927353, 0.73672246933, 0.280048161745, 0.0297868419439, 0.00826689694077, 0.00026569282636, 2.53600092037e-07, 3.98513638755e-10],
        "dvar2": [0.0765338689089, 3.35630321503, 13.3000049591, 113.318977356, 1929.91320801, 860.092285156, 295.148925781, 893.580078125, 574.313171387, 5249.015625, 2444.55664062, 6328.05712891, 6838.44873047, 2284.42114258, 4487.609375, 3202.36132812, 7855.80175781, 5717.15185547, 5040.30273438, 2165.36645508, 442.799377441, 1317.77929688, 1363.98217773, 132.074066162, 94.3523864746, 146.694000244, 245.596801758, 193.221725464, 266.519836426, 77.8473968506, 395.041656494, 90.3676147461, 14.4002180099, 1.58333325386, 0.723542392254, 0.0712347775698, 0.0216180682182, 0.000692446366884, 6.83879818553e-07, 9.7865693327e-10],
        "max": [1.63668429852, 10.2918758392, 23.8773574829, 72.2487487793, 249.767913818, 195.499710083, 153.2240448, 239.461105347, 226.573898315, 640.363342285, 439.265899658, 843.282775879, 1234.04504395, 789.409667969, 1134.62316895, 796.526550293, 1092.94519043, 1067.79833984, 1066.44445801, 568.907592773, 206.14553833, 378.288543701, 450.336547852, 98.9617919922, 73.8562927246, 191.642868042, 249.341583252, 156.517120361, 224.160598755, 106.351272583, 319.943572998, 125.388954163, 44.1617736816, 9.71582794189, 5.08407831192, 2.08973908424, 0.821399271488, 0.167600184679, 0.00669124769047, 0.000208482437301],
        "mean": [0.123933002353, 1.21087539196, 3.46100521088, 8.78033542633, 12.9430208206, 16.3906097412, 14.4404649734, 14.847284317, 16.3683662415, 40.4215774536, 40.6703834534, 57.7279396057, 62.9517784119, 43.4045028687, 48.5785751343, 38.9469070435, 64.1002731323, 57.4781951904, 38.7399673462, 33.7530632019, 17.9752426147, 22.6925430298, 30.5883178711, 11.7115716934, 7.51445817947, 6.36549425125, 5.35407733917, 5.34176158905, 5.64399671555, 3.4519636631, 3.2259812355, 1.83063209057, 0.893846869469, 0.550978899002, 0.303887695074, 0.102433905005, 0.0407444573939, 0.00604151701555, 0.00017481118266, 4.41255106125e-05],
        "median": [0.0634003579617, 0.903027117252, 2.62318515778, 6.33192968369, 8.31545543671, 11.7151546478, 9.39725494385, 8.44912052155, 7.57357978821, 14.8787698746, 21.1228065491, 23.3462924957, 21.7052536011, 19.4495239258, 18.3513965607, 22.9479694366, 18.4444332123, 21.0126552582, 19.4005413055, 19.013168335, 12.0529785156, 14.6726312637, 13.1387758255, 7.57608795166, 4.95954322815, 3.47320723534, 2.34381651878, 2.45677924156, 2.13035941124, 1.27625703812, 0.884804725647, 0.514174640179, 0.271714627743, 0.191058948636, 0.0994332954288, 0.0340392366052, 0.0104165030643, 0.00134779617656, 5.34426144441e-05, 4.01818870159e-05],
        "min": [1.60198853504e-21, 4.17874479848e-21, 2.85224993776e-20, 9.70911709661e-20, 1.34574698865e-19, 2.4357897025e-19, 1.10493144788e-19, 2.73435459924e-19, 1.44753724989e-19, 2.82833084712e-19, 1.1741069857e-18, 1.20489092578e-18, 1.52840136675e-18, 4.41915162479e-18, 2.14668651119e-18, 2.23390505537e-18, 3.3928597466e-18, 4.12145552619e-18, 3.12055519767e-18, 4.2046359814e-18, 8.67535611353e-18, 1.02349902692e-17, 1.23065276286e-17, 1.79866701887e-17, 1.30260498572e-17, 1.95809284705e-17, 2.4191821802e-17, 2.35096343703e-17, 3.42412738055e-17, 1.65269577966e-17, 2.02511416356e-17, 1.76867642771e-17, 1.67336437619e-17, 1.15851715405e-17, 7.92462105165e-18, 6.83817887406e-18, 4.35939237503e-18, 1.33841979694e-18, 2.5123747365e-19, 3.57626981882e-20],
        "var": [0.0299945566803, 1.3846745491, 9.32814502716, 68.0598297119, 557.302856445, 332.259643555, 248.740814209, 482.932617188, 656.035888672, 4513.06933594, 3058.56225586, 7621.36914062, 16514.3691406, 5575.36474609, 13100.5136719, 2950.21142578, 17141.5078125, 9749.421875, 4343.47509766, 3196.22705078, 404.47668457, 892.295898438, 2472.69262695, 158.108947754, 74.9120407104, 87.8058700562, 177.11491394, 131.349411011, 160.541381836, 75.3199462891, 181.27015686, 42.2018127441, 6.36759996414, 1.25611960888, 0.345892518759, 0.0380423814058, 0.00738069135696, 0.000234683742747, 1.98563441245e-07, 7.45223271981e-10]
    },
    "gfcc": {
        "mean": [11.3269968033, 116.057579041, -121.858695984, 26.6432361603, -50.9789924622, 17.0700912476, -34.2548866272, 7.69805622101, -22.4667129517, -0.899204075336, -20.9809951782, -1.82231533527, -14.0204029083],
        "cov": [[8635.734375, -908.657775879, 95.5670318604, 168.257492065, -343.603179932, 321.379852295, -294.547180176, 137.065155029, -223.858642578, 250.312835693, -128.983169556, 211.170379639, -194.572875977], [-908.657775879, 1017.65014648, -281.609405518, -73.03855896, 193.950668335, -226.048156738, 146.685409546, -101.574279785, 92.4495620728, -168.945465088, 70.4489440918, -128.373794556, 82.3291854858], [95.5670318604, -281.609405518, 431.116546631, 69.6818161011, 8.638712883, 63.4017982483, -61.4852142334, 30.9975242615, -49.7598609924, 63.7066001892, -59.3031578064, 49.674156189, -16.7512073517], [168.257492065, -73.03855896, 69.6818161011, 216.551223755, -21.6955356598, 27.5471992493, -19.0830860138, -14.8082895279, 22.0106525421, -5.61552429199, 15.8316049576, -0.752068340778, 21.5129241943], [-343.603179932, 193.950668335, 8.638712883, -21.6955356598, 176.444137573, -40.5933418274, 15.1506652832, 4.1617641449, 13.1705055237, -12.4455680847, -5.53498506546, -12.7054367065, 16.511384964], [321.379852295, -226.048156738, 63.4017982483, 27.5471992493, -40.5933418274, 176.370376587, 29.1139793396, 22.7075557709, -31.5861587524, 36.317905426, 1.34350478649, 28.1691474915, -13.0460929871], [-294.547180176, 146.685409546, -61.4852142334, -19.0830860138, 15.1506652832, 29.1139793396, 165.883987427, -4.06839370728, 2.6447429657, -32.7665061951, 19.9649238586, -27.2000045776, 7.22290563583], [137.065155029, -101.574279785, 30.9975242615, -14.8082895279, 4.1617641449, 22.7075557709, -4.06839370728, 91.9121932983, 16.9815769196, 38.1050567627, -5.75204133987, 26.1188106537, -14.2224855423], [-223.858642578, 92.4495620728, -49.7598609924, 22.0106525421, 13.1705055237, -31.5861587524, 2.6447429657, 16.9815769196, 87.5674057007, 0.381771653891, 23.1845588684, -10.3536176682, 15.1035871506], [250.312835693, -168.945465088, 63.7066001892, -5.61552429199, -12.4455680847, 36.317905426, -32.7665061951, 38.1050567627, 0.381771653891, 97.3046722412, 8.3809671402, 34.2514953613, -24.6936702728], [-128.983169556, 70.4489440918, -59.3031578064, 15.8316049576, -5.53498506546, 1.34350478649, 19.9649238586, -5.75204133987, 23.1845588684, 8.3809671402, 74.0399703979, 9.66234302521, 7.84951019287], [211.170379639, -128.373794556, 49.674156189, -0.752068340778, -12.7054367065, 28.1691474915, -27.2000045776, 26.1188106537, -10.3536176682, 34.2514953613, 9.66234302521, 77.1468582153, 6.1261882782], [-194.572875977, 82.3291854858, -16.7512073517, 21.5129241943, 16.511384964, -13.0460929871, 7.22290563583, -14.2224855423, 15.1035871506, -24.6936702728, 7.84951019287, 6.1261882782, 59.4389801025]],
        "icov": [[0.000230844394537, -0.000519362569321, 0.000346520129824, -0.000578316336032, 0.000558354717214, -0.000546931987628, 0.000496717984788, -0.000374935858417, 0.000727964914404, -0.00073462742148, 0.00107288744766, -0.000906642701011, 0.000818367872853], [-0.000519362569321, 0.00591052789241, -0.00067711918382, 0.00290992017835, -0.00460370769724, 0.00457290327176, -0.00338075286709, 0.00275843916461, -0.00360793760046, 0.0052224365063, -0.00671652844176, 0.00555331353098, -0.00437639886513], [0.000346520129824, -0.00067711918382, 0.00437740376219, -0.00258259940892, -4.2785453843e-05, -0.00110047042836, 0.000939906865824, -0.000666193955112, 0.0025927182287, -0.00311287259683, 0.00478922249749, -0.00295282481238, 0.001457139384], [-0.000578316336032, 0.00290992017835, -0.00258259940892, 0.00827935151756, -0.00167232844979, 0.000939266639762, -0.000793768791482, 0.00258203642443, -0.00487985834479, 0.00447705341503, -0.00645561050624, 0.00494505884126, -0.00482025370002], [0.000558354717214, -0.00460370769724, -4.2785453843e-05, -0.00167232844979, 0.0102775748819, -0.00219410238788, 0.00201515178196, -0.00314739928581, 0.00275142141618, -0.00433581136167, 0.00560781173408, -0.00344121595845, 0.00157672876958], [-0.000546931987628, 0.00457290327176, -0.00110047042836, 0.000939266639762, -0.00219410238788, 0.0120370639488, -0.0055794431828, 0.000841522589326, -1.1828166862e-05, 0.00162526371423, -0.00539914611727, 0.00305192708038, -0.00356690376066], [0.000496717984788, -0.00338075286709, 0.000939906865824, -0.000793768791482, 0.00201515178196, -0.0055794431828, 0.0105207189918, -0.0031411757227, 0.00284532038495, -0.000144764533616, 0.00111499463674, -0.000320433813613, 0.00214903661981], [-0.000374935858417, 0.00275843916461, -0.000666193955112, 0.00258203642443, -0.00314739928581, 0.000841522589326, -0.0031411757227, 0.0179330855608, -0.00819095317274, -0.00118292926345, 0.000531046942342, -0.0026824278757, 0.00135761732236], [0.000727964914404, -0.00360793760046, 0.0025927182287, -0.00487985834479, 0.00275142141618, -1.1828166862e-05, 0.00284532038495, -0.00819095317274, 0.0208507385105, -0.00602452456951, 0.000898260099348, -3.06742222165e-05, -0.00111191126052], [-0.00073462742148, 0.0052224365063, -0.00311287259683, 0.00447705341503, -0.00433581136167, 0.00162526371423, -0.000144764533616, -0.00118292926345, -0.00602452456951, 0.0236205495894, -0.0113165481016, 0.00176866096444, 0.00181569159031], [0.00107288744766, -0.00671652844176, 0.00478922249749, -0.00645561050624, 0.00560781173408, -0.00539914611727, 0.00111499463674, 0.000531046942342, 0.000898260099348, -0.0113165481016, 0.0292904004455, -0.0131763136014, 0.00631042942405], [-0.000906642701011, 0.00555331353098, -0.00295282481238, 0.00494505884126, -0.00344121595845, 0.00305192708038, -0.000320433813613, -0.0026824278757, -3.06742222165e-05, 0.00176866096444, -0.0131763136014, 0.0276116263121, -0.0126220816746], [0.000818367872853, -0.00437639886513, 0.001457139384, -0.00482025370002, 0.00157672876958, -0.00356690376066, 0.00214903661981, 0.00135761732236, -0.00111191126052, 0.00181569159031, 0.00631042942405, -0.0126220816746, 0.0280671678483]]
    },
    "melbands": {
        "dmean": [0.000664043298457, 0.000705507176463, 0.000822470581625, 0.00071214599302, 0.000286270631477, 0.000185112730833, 0.000138851028169, 0.000247475458309, 0.00014266333892, 0.000182344330824, 0.000139106763527, 7.76823653723e-05, 6.56269403407e-05, 6.05519926467e-05, 3.67369138985e-05, 8.63747991389e-05, 5.32289668627e-05, 3.21084517054e-05, 3.5080305679e-05, 1.71645151568e-05, 1.01846990219e-05, 1.30865582832e-05, 1.36177868626e-05, 1.00145343822e-05, 4.15229897044e-06, 2.94296091852e-06, 3.02975240629e-06, 2.20392394112e-06, 2.18628088078e-06, 1.8157923023e-06, 2.1316029688e-06, 2.14370697904e-06, 1.54086080784e-06, 1.16945091122e-06, 1.69839415776e-06, 1.19129106224e-06, 7.65826996485e-07, 5.18989338616e-07, 3.2901542113e-07, 3.21964876093e-07],
        "dmean2": [0.00114202545956, 0.00122389208991, 0.00140775938053, 0.00119976862334, 0.000474275322631, 0.000308425398543, 0.000219769179239, 0.000375603092834, 0.00021686751279, 0.000269369978923, 0.000197412708076, 0.000114541071525, 9.59647295531e-05, 9.40829122555e-05, 5.64677829971e-05, 0.000122846991871, 7.97181637608e-05, 4.99755587953e-05, 5.54058606212e-05, 2.84895304503e-05, 1.67044127011e-05, 2.13691782847e-05, 2.13197072298e-05, 1.46090105773e-05, 6.86986322762e-06, 4.88744217364e-06, 5.02107650391e-06, 3.5627347188e-06, 3.48899561686e-06, 2.9864102089e-06, 3.48419712282e-06, 3.35753247782e-06, 2.38146071752e-06, 1.81743325811e-06, 2.71557973974e-06, 1.88551382507e-06, 1.20560116557e-06, 8.48920706176e-07, 5.07607182954e-07, 5.09690380568e-07],
        "dvar": [2.09540212381e-06, 1.36149571972e-06, 1.81435962077e-06, 3.41237569046e-06, 1.4050739594e-07, 1.36520796445e-07, 8.16322867081e-08, 2.70728492069e-07, 6.06182553042e-08, 1.62661336844e-07, 9.39332167604e-08, 2.11399928673e-08, 2.10805648493e-08, 1.88210744767e-08, 3.83552301031e-09, 4.68202046022e-08, 1.18974927688e-08, 6.2501004372e-09, 6.05446448532e-09, 8.98864815913e-10, 3.47151501989e-10, 8.00658761513e-10, 7.14327375029e-10, 3.38633093788e-10, 3.72402664262e-11, 2.44536578486e-11, 3.39722798504e-11, 2.50655000228e-11, 5.02585889572e-11, 3.49967034519e-11, 3.06655430216e-11, 4.19863206702e-11, 2.5967476433e-11, 1.13967776189e-11, 7.90810750217e-11, 3.09366907092e-11, 9.51441789937e-12, 4.15839975301e-12, 8.87629054459e-13, 5.43486588199e-13],
        "dvar2": [5.85844964007e-06, 3.63084041055e-06, 4.93850848216e-06, 9.12727318791e-06, 3.54875709263e-07, 3.80400138056e-07, 1.77155556003e-07, 6.0663359136e-07, 1.39528481213e-07, 3.41236102486e-07, 1.69226495927e-07, 4.04349975724e-08, 4.1199605505e-08, 4.64019400681e-08, 8.30606161628e-09, 8.96329410693e-08, 2.37833326366e-08, 1.3911116703e-08, 1.28312889203e-08, 2.13165107787e-09, 8.66688998347e-10, 2.030169588e-09, 1.79269687983e-09, 6.45398179344e-10, 9.62468299504e-11, 5.74406147646e-11, 8.82312764516e-11, 5.83299866741e-11, 1.17975448855e-10, 8.49911946377e-11, 7.44037609302e-11, 9.61609680772e-11, 6.00893848568e-11, 2.33918821813e-11, 1.89924118099e-10, 7.19549975159e-11, 2.38536898567e-11, 1.10174655857e-11, 1.9030857619e-12, 1.25920183568e-12],
        "max": [0.0146424677223, 0.0132528021932, 0.0113878017291, 0.0189910344779, 0.00459739891812, 0.0046166498214, 0.00472169183195, 0.00610574800521, 0.00336149311624, 0.00619815289974, 0.00609344197437, 0.00346428016201, 0.00399670004845, 0.00211861217394, 0.00102498859633, 0.00398800428957, 0.00244966871105, 0.00159904535394, 0.00155255221762, 0.000487101351609, 0.000295700563584, 0.00052306620637, 0.000467054836918, 0.000315116340062, 7.62082418078e-05, 7.27646547602e-05, 0.000105079016066, 0.00012350086763, 0.000165879813721, 0.000144903387991, 9.00314480532e-05, 0.0001383896888, 8.84337059688e-05, 5.47669260413e-05, 0.000227492157137, 0.000106858577055, 6.45073887426e-05, 3.89170927519e-05, 1.50485084305e-05, 8.32973546494e-06],
        "mean": [0.0012838615803, 0.00179560482502, 0.0016284158919, 0.00108706753235, 0.000546457245946, 0.00034284213325, 0.000269569864031, 0.000468129903311, 0.000293635792332, 0.000387046980904, 0.000304270419292, 0.000161467542057, 0.000156906084158, 0.000118510870379, 7.25174249965e-05, 0.00019224123389, 9.53849594225e-05, 5.48651878489e-05, 6.73686881782e-05, 3.02125226881e-05, 1.91840226762e-05, 2.31978920056e-05, 2.80790372926e-05, 2.14015035453e-05, 8.40375832922e-06, 5.51443690711e-06, 5.30943725607e-06, 3.91694084101e-06, 3.58206216333e-06, 2.73440764431e-06, 3.2512953112e-06, 3.41684244631e-06, 2.4071559892e-06, 1.71660417436e-06, 1.96843325284e-06, 1.46144475366e-06, 9.7816359812e-07, 6.55031044516e-07, 4.97492578688e-07, 4.48796185992e-07],
        "median": [0.000879701925442, 0.00155763304792, 0.00125288916752, 0.000712344190106, 0.000386815780075, 0.000193873158423, 0.000114503614896, 0.000178984162631, 0.000153336572112, 0.000135957860039, 9.5318791864e-05, 6.56493357383e-05, 5.56142658752e-05, 5.95541241637e-05, 3.9717022446e-05, 3.38425888913e-05, 3.46606211679e-05, 2.4810398827e-05, 2.88568498945e-05, 1.94967233256e-05, 1.2213889022e-05, 1.40056245073e-05, 1.3447251149e-05, 9.12391715246e-06, 5.13588292961e-06, 3.50697291651e-06, 2.98626673612e-06, 2.03355762096e-06, 1.53181304086e-06, 1.13656767553e-06, 1.44961484239e-06, 1.27541557049e-06, 8.04920659903e-07, 6.23763014573e-07, 4.96836321418e-07, 3.86649787742e-07, 2.5707157647e-07, 1.86823157833e-07, 1.6997921648e-07, 1.53046642026e-07],
        "min": [1.31849888266e-23, 1.22374035852e-23, 1.81071314098e-23, 1.32312073981e-23, 5.91634437648e-24, 5.6959216512e-24, 2.05628151758e-24, 4.16460734452e-24, 1.04668194829e-23, 6.45401776998e-24, 7.79537910385e-24, 1.84655756056e-23, 7.49383071194e-24, 5.68088280691e-24, 5.2784414718e-24, 8.82651970345e-24, 7.55076280347e-24, 5.27228480687e-24, 4.73583533106e-24, 4.72897105789e-24, 1.22337953354e-23, 1.00336961918e-23, 1.11693364066e-23, 1.24320771017e-23, 1.50374180366e-23, 6.37569019298e-24, 1.12768565703e-23, 1.39916535336e-23, 1.30147794645e-23, 1.228747732e-23, 1.60877673993e-23, 2.02003454228e-23, 1.43850142908e-23, 7.15004986261e-24, 1.26468484274e-23, 9.88211341338e-24, 1.16578866427e-23, 1.38459793234e-23, 7.72676240459e-24, 1.04457994952e-23],
        "var": [2.20842571252e-06, 2.06095364774e-06, 2.31621629609e-06, 2.76400510302e-06, 2.73088659242e-07, 2.31894574654e-07, 2.08410668279e-07, 5.62177888241e-07, 1.65576636846e-07, 3.97351527681e-07, 4.09470061413e-07, 9.42749167621e-08, 1.21906666095e-07, 4.00814528234e-08, 1.09646469681e-08, 2.21964512548e-07, 3.49417099699e-08, 1.05040420806e-08, 2.22980141018e-08, 1.57358881481e-09, 5.86480919385e-10, 1.08791819997e-09, 1.79267789502e-09, 1.18540177674e-09, 8.69488717137e-11, 4.64728637517e-11, 4.87358937928e-11, 3.85849650841e-11, 7.77722608536e-11, 5.67409383367e-11, 4.31358247732e-11, 5.59910312559e-11, 3.68997991884e-11, 2.01376849224e-11, 7.96466781416e-11, 3.39177436137e-11, 1.09105953439e-11, 4.08181171155e-12, 1.33377792318e-12, 8.37768819161e-13]
    },
    "mfcc": {
        "mean": [-628.744384766, 144.322647095, -7.89712715149, 18.5957221985, 4.63909769058, 9.53334617615, -1.13343679905, 7.55358695984, 2.08648920059, 0.681153059006, 1.96590340137, -2.4888856411, -5.59167480469],
        "cov": [[6012.17626953, -537.216064453, 99.7191696167, -60.1961479187, -23.2302150726, 66.2573623657, -56.1778450012, 11.3274326324, -62.1996650696, -57.8623695374, 84.2324066162, 51.2487068176, -18.5630016327], [-537.216064453, 1037.94091797, -348.92956543, 105.673072815, -2.43657851219, -62.5327377319, 9.28064823151, 19.3238830566, 18.6706142426, -14.151927948, -7.66631364822, -39.968624115, -25.222530365], [99.7191696167, -348.92956543, 370.025817871, 2.8931593895, 37.0004310608, 56.0156440735, 12.4956674576, -11.8360023499, 1.54851722717, 9.55965042114, -32.7892570496, 9.24283695221, 42.1000595093], [-60.1961479187, 105.673072815, 2.8931593895, 171.906723022, 38.8536605835, -1.8549104929, -18.6493530273, -3.23495054245, 0.422148376703, 7.50345134735, -23.1225261688, -12.8513431549, 20.437253952], [-23.2302150726, -2.43657851219, 37.0004310608, 38.8536605835, 151.381195068, -3.05220007896, -30.4659557343, -18.930267334, 5.99677658081, 5.48577404022, -11.7870931625, -3.9806022644, 13.0612592697], [66.2573623657, -62.5327377319, 56.0156440735, -1.8549104929, -3.05220007896, 100.171150208, 46.1792602539, 11.0035247803, 3.52807283401, 4.67420387268, -10.3583297729, -0.811975359917, -12.0830259323], [-56.1778450012, 9.28064823151, 12.4956674576, -18.6493530273, -30.4659557343, 46.1792602539, 110.898162842, 28.6545505524, 7.05648040771, 2.79331183434, 4.80832242966, 2.65475726128, -13.6716947556], [11.3274326324, 19.3238830566, -11.8360023499, -3.23495054245, -18.930267334, 11.0035247803, 28.6545505524, 72.4277191162, 18.6415653229, -3.58356261253, 6.99503993988, -1.62812924385, -11.1142435074], [-62.1996650696, 18.6706142426, 1.54851722717, 0.422148376703, 5.99677658081, 3.52807283401, 7.05648040771, 18.6415653229, 60.4348983765, 15.9964532852, -0.853084146976, -2.65033483505, -8.58957290649], [-57.8623695374, -14.151927948, 9.55965042114, 7.50345134735, 5.48577404022, 4.67420387268, 2.79331183434, -3.58356261253, 15.9964532852, 53.7173538208, 18.3261260986, 2.47559905052, -3.14162302017], [84.2324066162, -7.66631364822, -32.7892570496, -23.1225261688, -11.7870931625, -10.3583297729, 4.80832242966, 6.99503993988, -0.853084146976, 18.3261260986, 75.8585891724, 25.3022289276, -14.0448131561], [51.2487068176, -39.968624115, 9.24283695221, -12.8513431549, -3.9806022644, -0.811975359917, 2.65475726128, -1.62812924385, -2.65033483505, 2.47559905052, 25.3022289276, 58.8414840698, 23.3115558624], [-18.5630016327, -25.222530365, 42.1000595093, 20.437253952, 13.0612592697, -12.0830259323, -13.6716947556, -11.1142435074, -8.58957290649, -3.14162302017, -14.0448131561, 23.3115558624, 75.4751663208]],
