{
"lowlevel": {
    "average_loudness": 0.923006415367,
    "barkbands_crest": {
        "dmean": 2.26204371452,
        "dmean2": 3.67361211777,
        "dvar": 5.60590028763,
        "dvar2": 14.7815895081,
        "max": 25.3321456909,
        "mean": 11.3511457443,
        "median": 10.6592636108,
        "min": 3.04796099663,
        "var": 18.0344200134
    },
    "barkbands_flatness_db": {
        "dmean": 0.0221874285489,
        "dmean2": 0.0321682132781,
        "dvar": 0.000521213456523,
        "dvar2": 0.00106660032179,
        "max": 0.32423517108,
        "mean": 0.158310055733,
        "median": 0.154595866799,
        "min": 0.0385446213186,
        "var": 0.00204190798104
    },
    "barkbands_kurtosis": {
        "dmean": 2.63373851776,
        "dmean2": 4.23733282089,
        "dvar": 44.9045143127,
        "dvar2": 98.6234359741,
        "max": 154.236724854,
        "mean": 4.21945381165,
        "median": 0.91451716423,
        "min": -1.80668437481,
        "var": 105.058769226
    },
    "barkbands_skewness": {
        "dmean": 0.487730801105,
        "dmean2": 0.761457443237,
        "dvar": 0.428624302149,
        "dvar2": 0.950447916985,
        "max": 11.0860481262,
        "mean": 1.43137288094,
        "median": 1.10764145851,
        "min": -1.91458046436,
        "var": 1.82490599155
    },
    "barkbands_spread": {
        "dmean": 5.78116703033,
        "dmean2": 8.92095851898,
        "dvar": 81.3915786743,
        "dvar2": 177.915298462,
        "max": 103.967498779,
        "mean": 23.1300868988,
        "median": 21.2375221252,
        "min": 1.29490196705,
        "var": 178.708572388
    },
    "dissonance": {
        "dmean": 0.0246633086354,
        "dmean2": 0.0410264469683,
        "dvar": 0.000543411180843,
        "dvar2": 0.00143049156759,
        "max": 0.499765902758,
        "mean": 0.447646588087,
        "median": 0.456822693348,
        "min": 0.195445388556,
        "var": 0.00153951370157
    },
    "dynamic_complexity": 2.84669971466,
    "erbbands_crest": {
        "dmean": 2.7045314312,
        "dmean2": 4.20465707779,
        "dvar": 6.28625965118,
        "dvar2": 14.500670433,
        "max": 29.7223739624,
        "mean": 11.5124073029,
        "median": 10.7736606598,
        "min": 2.35821533203,
        "var": 24.8112182617
    },
    "erbbands_flatness_db": {
        "dmean": 0.0205453168601,
        "dmean2": 0.0278475880623,
        "dvar": 0.000362115708413,
        "dvar2": 0.000680604192894,
        "max": 0.287311404943,
        "mean": 0.152628406882,
        "median": 0.153139069676,
        "min": 0.0348764918745,
        "var": 0.00190909241792
    },
    "erbbands_kurtosis": {
        "dmean": 1.0942145586,
        "dmean2": 1.71815109253,
        "dvar": 2.26331520081,
        "dvar2": 5.34568357468,
        "max": 29.1673774719,
        "mean": 1.65599143505,
        "median": 0.794159650803,
        "min": -1.67012095451,
        "var": 7.79851579666
    },
    "erbbands_skewness": {
        "dmean": 0.37250444293,
        "dmean2": 0.56306707859,
        "dvar": 0.140802711248,
        "dvar2": 0.30740660429,
        "max": 3.64295959473,
        "mean": 0.337149620056,
        "median": 0.353068500757,
        "min": -3.31248140335,
        "var": 0.618434429169
    },
    "erbbands_spread": {
        "dmean": 7.91507530212,
        "dmean2": 11.9860811234,
        "dvar": 106.944343567,
        "dvar2": 244.354782104,
        "max": 163.940048218,
        "mean": 31.5819187164,
        "median": 27.2393226624,
        "min": 3.14136338234,
        "var": 363.976379395
    },
    "hfc": {
        "dmean": 9.36226463318,
        "dmean2": 14.4365367889,
        "dvar": 370.37197876,
        "dvar2": 880.138122559,
        "max": 322.198974609,
        "mean": 26.7067222595,
        "median": 19.6076011658,
        "min": 1.16318455375e-16,
        "var": 642.002685547
    },
    "melbands_crest": {
        "dmean": 2.60700845718,
        "dmean2": 4.18355846405,
        "dvar": 7.48074960709,
        "dvar2": 18.9375400543,
        "max": 33.2630500793,
        "mean": 15.602689743,
        "median": 14.8887205124,
        "min": 1.42752408981,
        "var": 22.5859603882
    },
    "melbands_flatness_db": {
        "dmean": 0.0269677508622,
        "dmean2": 0.0391757152975,
        "dvar": 0.000884515524376,
        "dvar2": 0.00182286277413,
        "max": 0.4269567132,
        "mean": 0.224574878812,
        "median": 0.218984022737,
        "min": 0.00120916368905,
        "var": 0.0033847168088
    },
    "melbands_kurtosis": {
        "dmean": 6.56296348572,
        "dmean2": 10.6842870712,
        "dvar": 269.534820557,
        "dvar2": 688.25769043,
        "max": 337.160888672,
        "mean": 12.6977510452,
        "median": 4.28087711334,
        "min": -1.68282520771,
        "var": 599.556945801
    },
    "melbands_skewness": {
        "dmean": 0.663332402706,
        "dmean2": 1.03971970081,
        "dvar": 0.791400134563,
        "dvar2": 1.90068638325,
        "max": 15.9026021957,
        "mean": 2.41534638405,
        "median": 1.7904945612,
        "min": -1.5300655365,
        "var": 3.50036239624
    },
    "melbands_spread": {
        "dmean": 5.44387626648,
        "dmean2": 8.64221763611,
        "dvar": 61.8529815674,
        "dvar2": 138.130645752,
        "max": 141.083724976,
        "mean": 23.0620002747,
        "median": 21.7454357147,
        "min": 0.883216917515,
        "var": 181.867111206
    },
    "pitch_salience": {
        "dmean": 0.0582011304796,
        "dmean2": 0.094039849937,
        "dvar": 0.00400543492287,
        "dvar2": 0.00964342430234,
        "max": 0.985887050629,
        "mean": 0.450774073601,
        "median": 0.447965502739,
        "min": 0.117558375001,
        "var": 0.00955058541149
    },
    "silence_rate_20dB": {
        "dmean": 0,
        "dmean2": 0,
        "dvar": 0,
        "dvar2": 0,
        "max": 1,
        "mean": 1,
        "median": 1,
        "min": 1,
        "var": 0
    },
    "silence_rate_30dB": {
        "dmean": 0.0123647600412,
        "dmean2": 0.0247390791774,
        "dvar": 0.0122117176652,
        "dvar2": 0.0310842413455,
        "max": 1,
        "mean": 0.991116285324,
        "median": 1,
        "min": 0,
        "var": 0.00880473572761
    },
    "silence_rate_60dB": {
        "dmean": 0.00154559500515,
        "dmean2": 0.00309238489717,
        "dvar": 0.00154320150614,
        "dvar2": 0.00308279669844,
        "max": 1,
        "mean": 0.0301274619997,
        "median": 0,
        "min": 0,
        "var": 0.0292199980468
    },
    "spectral_centroid": {
        "dmean": 197.90977478,
        "dmean2": 295.77947998,
        "dvar": 127167.953125,
        "dvar2": 192373.953125,
        "max": 11062.8916016,
        "mean": 1184.19665527,
        "median": 1114.03613281,
        "min": 230.181594849,
        "var": 339483.09375
    },
    "spectral_complexity": {
        "dmean": 2.96058726311,
        "dmean2": 4.60224199295,
        "dvar": 14.2897415161,
        "dvar2": 27.8623790741,
        "max": 53,
        "mean": 17.0753192902,
        "median": 16,
        "min": 0,
        "var": 59.3999137878
    },
    "spectral_decrease": {
        "dmean": 2.43022335589e-09,
        "dmean2": 4.0196801443e-09,
        "dvar": 1.79098979017e-17,
        "dvar2": 4.89692345382e-17,
        "max": 5.73635706153e-29,
        "mean": -9.36639210636e-09,
        "median": -8.51545856051e-09,
        "min": -5.91687623341e-08,
        "var": 3.23712202726e-17
    },
    "spectral_energy": {
        "dmean": 0.0097202481702,
        "dmean2": 0.0160640664399,
        "dvar": 0.000276224804111,
        "dvar2": 0.000744145188946,
        "max": 0.229266047478,
        "mean": 0.0377733521163,
        "median": 0.0342034362257,
        "min": 1.03339342731e-20,
        "var": 0.000525047827978
    },
    "spectral_energyband_high": {
        "dmean": 0.00069660297595,
        "dmean2": 0.00107747875154,
        "dvar": 3.62488640349e-06,
        "dvar2": 8.68300321599e-06,
        "max": 0.0279372204095,
        "mean": 0.000899523380212,
        "median": 0.000313537020702,
        "min": 7.70229954393e-21,
        "var": 3.85621888199e-06
    },
    "spectral_energyband_low": {
        "dmean": 0.0064417575486,
        "dmean2": 0.0109502980486,
        "dvar": 0.000233780985582,
        "dvar2": 0.000665633764584,
        "max": 0.203945681453,
        "mean": 0.0175645872951,
        "median": 0.014515619725,
        "min": 7.7740929545e-23,
        "var": 0.000257116102148
    },
    "spectral_energyband_middle_high": {
        "dmean": 0.00269345217384,
        "dmean2": 0.0040774224326,
        "dvar": 1.98383295356e-05,
        "dvar2": 4.81651914015e-05,
        "max": 0.0814318954945,
        "mean": 0.00951443146914,
        "median": 0.00547007797286,
        "min": 1.39592009319e-21,
        "var": 0.000118151758215
    },
    "spectral_energyband_middle_low": {
        "dmean": 0.00376121606678,
        "dmean2": 0.00589584885165,
        "dvar": 3.457202547e-05,
        "dvar2": 8.47527044243e-05,
        "max": 0.0732216984034,
        "mean": 0.0106651317328,
        "median": 0.00887440145016,
        "min": 2.31085909593e-22,
        "var": 7.84032017691e-05
    },
    "spectral_entropy": {
        "dmean": 0.224935516715,
        "dmean2": 0.298346668482,
        "dvar": 0.0527980700135,
        "dvar2": 0.0969136357307,
        "max": 9.80991458893,
        "mean": 7.47141885757,
        "median": 7.44348430634,
        "min": 6.01293516159,
        "var": 0.200482547283
    },
    "spectral_flux": {
        "dmean": 0.0248712655157,
        "dmean2": 0.0385367311537,
        "dvar": 0.00106699974276,
        "dvar2": 0.00230310857296,
        "max": 0.425711780787,
        "mean": 0.0791609510779,
        "median": 0.0682822018862,
        "min": 1.05611096257e-10,
        "var": 0.00247457972728
    },
    "spectral_kurtosis": {
        "dmean": 1.65937006474,
        "dmean2": 2.35612750053,
        "dvar": 2.57695436478,
        "dvar2": 4.88810348511,
        "max": 25.5738563538,
        "mean": 5.21278381348,
        "median": 4.91488218307,
        "min": -1.20422255993,
        "var": 8.6182012558
    },
    "spectral_rms": {
        "dmean": 0.000715519825462,
        "dmean2": 0.00115633045789,
        "dvar": 9.72872840066e-07,
        "dvar2": 2.44634975388e-06,
        "max": 0.0149557413533,
        "mean": 0.00577309727669,
        "median": 0.00577660882846,
        "min": 3.17519881915e-12,
        "var": 3.52332790499e-06
    },
    "spectral_rolloff": {
        "dmean": 423.469604492,
        "dmean2": 715.615661621,
        "dvar": 1168912.125,
        "dvar2": 2495244.25,
        "max": 19035.3515625,
        "mean": 1269.06494141,
        "median": 968.994140625,
        "min": 64.599609375,
        "var": 1764479.125
    },
    "spectral_skewness": {
        "dmean": 0.251053184271,
        "dmean2": 0.350244045258,
        "dvar": 0.0615663938224,
        "dvar2": 0.110981471837,
        "max": 4.15242958069,
        "mean": 1.8892480135,
        "median": 1.89719164371,
        "min": -0.00144750950858,
        "var": 0.256941854954
    },
    "spectral_spread": {
        "dmean": 895527.75,
        "dmean2": 1191433.125,
        "dvar": 1.48614532301e+12,
        "dvar2": 2.05083915059e+12,
        "max": 41056940,
        "mean": 5355629,
        "median": 4956509.5,
        "min": 2515959.25,
        "var": 3.54080417382e+12
    },
    "spectral_strongpeak": {
        "dmean": 0.647133171558,
        "dmean2": 1.15110433102,
        "dvar": 1.70837593079,
        "dvar2": 4.1165394783,
        "max": 12.9758615494,
        "mean": 1.20777308941,
        "median": 0.422473400831,
        "min": 0,
        "var": 3.29584288597
    },
    "zerocrossingrate": {
        "dmean": 0.0110733052716,
        "dmean2": 0.0133936656639,
        "dvar": 0.000322145409882,
        "dvar2": 0.000443639524747,
        "max": 0.50537109375,
        "mean": 0.0526730790734,
        "median": 0.0478515625,
        "min": 0.0048828125,
        "var": 0.000951611786149
    },
    "barkbands": {
        "dmean": [0.000432437227573, 0.00477332575247, 0.00206240336411, 0.000744847813621, 0.00124585849699, 0.000800899870228, 0.000916004180908, 0.000474825676065, 0.000935331103392, 0.00141290237661, 0.000464525161078, 0.000307192676701, 0.000850618060213, 0.000360175414244, 0.000613821786828, 0.000426281359978, 0.000251667806879, 0.00014240546443, 6.97087234585e-05, 7.45376892155e-05, 8.75081605045e-05, 0.000137484239531, 0.000141290904139, 0.000106647545181, 0.000154196022777, 9.13780022529e-05, 4.32708411324e-08],
        "dmean2": [0.000616224657279, 0.00815927237272, 0.00349713396281, 0.00127659260761, 0.00208935746923, 0.00123495107982, 0.00147662428208, 0.000733145920094, 0.00142518198118, 0.00198247679509, 0.000750698614866, 0.00047587780864, 0.00138684024569, 0.000548282521777, 0.00094673933927, 0.000670276815072, 0.000384113955079, 0.000221581183723, 0.000112123700092, 0.000117268667964, 0.000138989329571, 0.000223985174671, 0.000220616813749, 0.000165290301084, 0.0002521701972, 0.000140252319397, 7.5652991427e-08],
        "dvar": [3.48483308699e-06, 0.000143792087329, 2.24835548579e-05, 2.92881236419e-06, 9.4711967904e-06, 3.05347862195e-06, 3.73991792912e-06, 1.28491706164e-06, 4.9897498684e-06, 8.76701051311e-06, 1.74884382886e-06, 4.95552114899e-07, 8.13610859041e-06, 1.26081522467e-06, 1.59779779096e-06, 1.33569938043e-06, 3.3660538179e-07, 1.14835913223e-07, 2.82527548023e-08, 2.88408017468e-08, 5.10650366436e-08, 2.19274369329e-07, 1.30262961306e-07, 8.16902314682e-08, 2.5585600838e-07, 6.15456343667e-08, 9.90823430789e-14],
        "dvar2": [6.86442899678e-06, 0.000424311991083, 6.44079991616e-05, 7.77831246523e-06, 2.49682179856e-05, 7.17388320481e-06, 9.42454153119e-06, 2.90890648103e-06, 1.12425823318e-05, 1.81776704267e-05, 4.34813091488e-06, 1.17063689231e-06, 2.09654190257e-05, 2.84734642264e-06, 3.50237291968e-06, 3.43020974469e-06, 8.98787106962e-07, 2.83797334077e-07, 7.17727957067e-08, 6.79810199244e-08, 1.29431512619e-07, 5.77112473366e-07, 3.06756760438e-07, 1.96697030219e-07, 6.52261178402e-07, 1.37750689078e-07, 2.7482001592e-13],
        "max": [0.0240584053099, 0.141648501158, 0.075883410871, 0.0275368280709, 0.0417926311493, 0.028427766636, 0.0282651688904, 0.0190415792167, 0.0506986901164, 0.0534590408206, 0.0358380377293, 0.0170797873288, 0.0722507983446, 0.0292851552367, 0.0276663154364, 0.0262699406594, 0.017822612077, 0.00559493293986, 0.00315039069392, 0.00336462259293, 0.00295351492241, 0.00714097591117, 0.00453962991014, 0.00495808525011, 0.00905596930534, 0.00290256622247, 8.31938086776e-06],
        "mean": [0.000531659228727, 0.0126796113327, 0.00384655571543, 0.000928662542719, 0.00198202487081, 0.00188265787438, 0.00218063453212, 0.000950993504375, 0.00203814241104, 0.0031008257065, 0.000872588600032, 0.000594994809944, 0.00155489519238, 0.000606381916441, 0.00123354094103, 0.000966155319475, 0.000487303914269, 0.000248241558438, 0.00012024759053, 0.000128968851641, 0.000125858772662, 0.000157718604896, 0.000169911465491, 0.000120611795865, 0.000165534715052, 9.85646693152e-05, 3.13581836053e-08],
        "median": [4.81809220219e-05, 0.0100853899494, 0.00216767704114, 0.000468423473649, 0.000874084362295, 0.000535800703801, 0.000403589947382, 0.000249722128501, 0.000504081021063, 0.000763732008636, 0.000271165103186, 0.00016371854872, 0.000492388033308, 0.000154954788741, 0.000239830071223, 0.000151850370457, 0.000178909103852, 9.30666428758e-05, 6.40313737676e-05, 5.80593841732e-05, 5.07854201715e-05, 4.55874323961e-05, 4.89359772473e-05, 3.43169704138e-05, 5.13735940331e-05, 2.41278994508e-05, 3.09445513658e-09],
        "min": [2.78069544507e-24, 3.77077185081e-23, 2.58869738981e-23, 6.13131173416e-24, 1.3528996079e-23, 2.94935623375e-23, 3.47483541538e-23, 3.30492329609e-23, 2.9296217738e-23, 7.46071448891e-23, 1.81928969985e-22, 7.85249436888e-23, 3.21197907315e-23, 6.92969561046e-23, 1.36713002754e-22, 9.8654604019e-23, 6.14511916659e-23, 1.74962987404e-22, 2.44192713627e-22, 2.84855400956e-22, 3.80962665827e-22, 4.2625923571e-22, 6.60896054362e-22, 7.24917178152e-22, 1.23847486659e-21, 1.46590349081e-21, 2.27385750575e-21],
        "var": [4.28291059507e-06, 0.000150830557686, 2.89693944069e-05, 2.77578760688e-06, 1.25214974105e-05, 1.08001640911e-05, 1.83520915016e-05, 3.44663931173e-06, 2.00759368454e-05, 3.90239911212e-05, 4.32375509263e-06, 2.0039390165e-06, 1.9700575649e-05, 2.39518476519e-06, 4.98038843944e-06, 5.70361453356e-06, 8.45713657327e-07, 1.99630520115e-07, 4.16740242315e-08, 5.07134743088e-08, 5.78605998669e-08, 2.00665880357e-07, 1.58155231134e-07, 8.64163354208e-08, 2.18618268377e-07, 7.19894543977e-08, 6.31594928267e-14]
    },
    "erbbands": {
        "dmean": [0.147162437439, 1.07535624504, 2.36572027206, 2.30389523506, 3.37053537369, 3.99837255478, 6.43214941025, 7.31015539169, 13.3520288467, 8.91422557831, 11.3016691208, 23.697309494, 23.9382915497, 48.8317146301, 14.6137084961, 13.977768898, 36.6279716492, 22.2669715881, 30.9469795227, 21.8422489166, 18.8954238892, 10.5260887146, 9.45518398285, 3.87320017815, 3.54219245911, 3.4024116993, 3.61737990379, 3.43084979057, 4.86771249771, 4.92544221878, 3.77884697914, 2.46365332603, 1.86676371098, 1.697291255, 1.10268986225, 0.522857427597, 0.131186068058, 0.017489688471, 0.000328706752043, 2.32910751947e-05],
        "dmean2": [0.249592378736, 1.85331535339, 4.05691146851, 3.89135050774, 5.7363243103, 6.87817525864, 9.94189834595, 11.279337883, 21.3169898987, 14.2668333054, 16.8623447418, 35.900188446, 35.3381195068, 69.8382644653, 22.926197052, 21.3882713318, 59.1077613831, 35.227771759, 47.4812850952, 33.5078773499, 29.5182552338, 15.8490667343, 14.3658180237, 6.06184244156, 5.5532784462, 5.29480934143, 5.7723531723, 5.49546670914, 7.88788747787, 8.09500408173, 5.86049032211, 3.7710454464, 2.96631979942, 2.80389118195, 1.77274668217, 0.810476183891, 0.2030364573, 0.02714465186, 0.000509184144903, 3.6446199374e-05],
        "dvar": [0.178445294499, 6.86657905579, 31.3859577179, 29.3300018311, 51.8984909058, 114.898124695, 261.111358643, 274.817443848, 820.692932129, 372.225646973, 709.833435059, 3429.63989258, 4453.55517578, 11408.1601562, 930.277893066, 1034.25061035, 16310.4511719, 3255.52172852, 4067.38916016, 3140.85473633, 2179.00366211, 401.923461914, 450.328155518, 73.8122177124, 67.9218597412, 59.9987030029, 82.5962982178, 92.0627288818, 267.16204834, 294.763824463, 83.2459106445, 38.7817764282, 33.7094116211, 35.5875740051, 10.8711099625, 2.43258428574, 0.117787368596, 0.00167387735564, 6.30250781342e-07, 2.28742158548e-09],
        "dvar2": [0.475340098143, 20.6632518768, 90.7873458862, 78.864982605, 135.270355225, 323.17880249, 579.458068848, 642.56829834, 2010.9909668, 951.458435059, 1436.73083496, 7952.77441406, 9787.61132812, 24275.8261719, 2358.83032227, 2377.5402832, 42241.3125, 7669.09570312, 9595.94824219, 7521.58789062, 5482.56689453, 980.103881836, 1127.63903809, 178.648376465, 168.14465332, 138.324645996, 205.16003418, 233.901550293, 700.831054688, 777.240844727, 187.708694458, 88.4552230835, 87.3369827271, 95.0715332031, 25.9531154633, 5.53437280655, 0.264342427254, 0.00387334288098, 1.45439651078e-06, 5.2402828743e-09],
        "max": [4.86161422729, 29.754026413, 89.467628479, 81.8267288208, 87.5772171021, 175.009887695, 337.456268311, 361.099029541, 454.859924316, 262.694976807, 643.641845703, 1518.24853516, 1592.26391602, 2116.69702148, 614.145996094, 865.147155762, 3493.89794922, 940.983947754, 907.771789551, 1335.32446289, 1172.64208984, 455.221099854, 320.627868652, 148.619613647, 153.839080811, 154.12487793, 148.194519043, 129.015609741, 206.927322388, 299.35760498, 134.362258911, 112.952606201, 122.473152161, 114.601516724, 51.9051208496, 20.256685257, 4.01921987534, 0.60607868433, 0.0131735019386, 0.000813221675344],
        "mean": [0.348567634821, 2.85438895226, 5.19303655624, 3.5768456459, 4.50449228287, 6.12468862534, 11.393907547, 17.8599872589, 34.9462432861, 18.3018093109, 24.263458252, 53.2288360596, 57.9273910522, 106.518760681, 31.7200813293, 30.3128070831, 69.2389526367, 42.9553565979, 64.6859130859, 49.6466445923, 44.6086158752, 23.0611495972, 17.9863147736, 7.12750387192, 6.41412830353, 5.95492219925, 5.63449764252, 4.54325914383, 5.48740243912, 5.54171276093, 4.64528465271, 2.84959363937, 2.02914834023, 1.7641890049, 1.20932972431, 0.561945736408, 0.141556382179, 0.0178440157324, 0.000357868761057, 5.99384802626e-05],
        "median": [0.259226232767, 2.22434329987, 3.35090231895, 2.23130869865, 1.89882946014, 2.49985432625, 4.53225660324, 5.09293079376, 7.04308700562, 6.92004823685, 7.55016183853, 14.621348381, 17.8195362091, 27.0122699738, 13.8733921051, 10.4775667191, 23.3142299652, 15.5016431808, 15.6830921173, 11.4117708206, 11.4624004364, 9.50632667542, 7.34728717804, 3.77118086815, 3.20279240608, 2.7099404335, 2.3209502697, 1.73022520542, 1.55438303947, 1.43915212154, 1.34667217731, 0.747401595116, 0.591232419014, 0.552510082722, 0.359312176704, 0.139149948955, 0.0345311909914, 0.00399511726573, 9.83353020274e-05, 4.73300133308e-05],
        "min": [9.8760700131e-22, 6.23940680072e-21, 2.43949989835e-20, 2.35064357534e-20, 3.24812048435e-20, 4.56986721527e-20, 1.06299759135e-19, 2.68360422522e-19, 3.58456314456e-19, 4.36103887804e-19, 7.00568832478e-19, 6.85838968816e-19, 2.19978757741e-18, 3.69512539771e-18, 7.10920625613e-18, 2.71661705517e-18, 2.0573911233e-18, 3.39011495454e-18, 3.92043119859e-18, 8.73018578043e-18, 6.54873555643e-18, 3.16744082877e-18, 7.86660508503e-18, 9.57883172988e-18, 1.45572852482e-17, 1.41265888468e-17, 1.65414781251e-17, 1.3038689177e-17, 1.58471758061e-17, 1.60039877436e-17, 1.96754222749e-17, 1.66645212412e-17, 1.30951376364e-17, 1.14026913615e-17, 1.01786021941e-17, 5.93209846596e-18, 2.57699848035e-18, 1.41945599321e-18, 2.85983919063e-19, 3.58331668678e-20],
        "var": [0.210102573037, 7.2475194931, 38.3988265991, 28.5459823608, 65.7098999023, 136.862594604, 455.199737549, 1207.74719238, 4447.02734375, 796.199768066, 2294.12719727, 13860.3818359, 16845.5625, 48916.7421875, 2471.40161133, 4308.34326172, 41633.421875, 7603.24853516, 12578.1445312, 11324.8847656, 8170.61621094, 1300.71838379, 921.112670898, 114.287345886, 118.509498596, 109.412330627, 108.129684448, 92.3727645874, 240.751358032, 265.767211914, 111.528114319, 48.482673645, 28.9460124969, 27.3747196198, 10.6575098038, 2.69473314285, 0.138484254479, 0.00196689669974, 7.32052967578e-07, 3.1113736032e-09]
    },
    "gfcc": {
        "mean": [17.1662139893, 90.0368728638, -100.707473755, 22.1013965607, -47.1729164124, 34.043762207, -33.5644454956, 20.8446407318, -20.5983600616, 11.3395700455, -17.825920105, 7.23114395142, -9.92874240875],
        "cov": [[7163, -596.200134277, -574.254150391, 88.2849349976, -140.524047852, 100.558135986, -314.866943359, 23.7254047394, -50.1660079956, 32.7743606567, -225.295135498, 71.8953781128, 61.6625518799], [-596.200134277, 725.280822754, -94.0618362427, -175.23538208, 81.9676971436, -42.0539550781, 95.2003326416, 36.5571403503, 43.3000831604, -23.6249866486, 80.4659042358, -48.6143836975, 32.1286315918], [-574.254150391, -94.0618362427, 566.888549805, 112.886955261, -125.086830139, 1.24499845505, 56.09998703, -40.9440498352, -67.2378921509, 24.3649520874, 36.0209121704, -0.465072602034, -98.5154647827], [88.2849349976, -175.23538208, 112.886955261, 310.579803467, -5.8285279274, -36.8265991211, -24.432226181, -35.8981552124, 8.78358745575, 3.04677510262, 1.8644272089, -2.2808380127, 7.07458543777], [-140.524047852, 81.9676971436, -125.086830139, -5.8285279274, 231.230300903, 33.9392776489, -27.3603038788, 27.5770683289, 50.7121925354, -16.8517112732, -27.030166626, -2.50282621384, 56.8771934509], [100.558135986, -42.0539550781, 1.24499845505, -36.8265991211, 33.9392776489, 173.199188232, 80.5851974487, -12.1657848358, -23.002286911, -40.7413139343, -41.7725143433, -25.9532852173, -23.1651744843], [-314.866943359, 95.2003326416, 56.09998703, -24.432226181, -27.3603038788, 80.5851974487, 194.49659729, 25.5477962494, -32.9583053589, -35.9412345886, 12.8840322495, -30.9301738739, -47.5327453613], [23.7254047394, 36.5571403503, -40.9440498352, -35.8981552124, 27.5770683289, -12.1657848358, 25.5477962494, 116.06502533, 47.343296051, 0.619720101357, 2.47453951836, 11.5415306091, 20.5062770844], [-50.1660079956, 43.3000831604, -67.2378921509, 8.78358745575, 50.7121925354, -23.002286911, -32.9583053589, 47.343296051, 136.913711548, 47.1631736755, 4.15081310272, 12.25233078, 46.6557502747], [32.7743606567, -23.6249866486, 24.3649520874, 3.04677510262, -16.8517112732, -40.7413139343, -35.9412345886, 0.619720101357, 47.1631736755, 114.093399048, 48.1823158264, 7.63526678085, 2.70202660561], [-225.295135498, 80.4659042358, 36.0209121704, 1.8644272089, -27.030166626, -41.7725143433, 12.8840322495, 2.47453951836, 4.15081310272, 48.1823158264, 103.011581421, 19.6798210144, -11.7277288437], [71.8953781128, -48.6143836975, -0.465072602034, -2.2808380127, -2.50282621384, -25.9532852173, -30.9301738739, 11.5415306091, 12.25233078, 7.63526678085, 19.6798210144, 88.267578125, 40.1900100708], [61.6625518799, 32.1286315918, -98.5154647827, 7.07458543777, 56.8771934509, -23.1651744843, -47.5327453613, 20.5062770844, 46.6557502747, 2.70202660561, -11.7277288437, 40.1900100708, 123.397399902]],
        "icov": [[0.000247090036282, -0.000201070637559, 0.000418420211645, -0.000446053716587, 0.000505982607137, -0.000665644183755, 0.000654986710288, -0.00057262997143, 0.000601834268309, -0.000700235541444, 0.000797399203293, -0.000544105365407, 0.000318563659675], [-0.000201070637559, 0.00361841404811, -0.000760659051593, 0.00287621445023, -0.00181377946865, 0.00304171419702, -0.00270237284712, 0.00203979550861, -0.00260687852278, 0.00368902040645, -0.00468000909314, 0.00405704602599, -0.00244799908251], [0.000418420211645, -0.000760659051593, 0.00335293682292, -0.00210806750692, 0.00171200616751, -0.00159106927458, 0.000833536440041, -0.0011404711986, 0.00207384908572, -0.00256387959234, 0.00195273570716, -0.00238951132633, 0.00244534993544], [-0.000446053716587, 0.00287621445023, -0.00210806750692, 0.00658039050177, -0.00223882379942, 0.00410515582189, -0.00278813904151, 0.0037436960265, -0.00372897763737, 0.00438441475853, -0.00431253109127, 0.00422767503187, -0.00295267463662], [0.000505982607137, -0.00181377946865, 0.00171200616751, -0.00223882379942, 0.00770365074277, -0.00446883961558, 0.00361884268932, -0.0028292639181, 0.000625442422461, -0.00140438450035, 0.00263465149328, -0.00131645030342, -0.000337604724336], [-0.000665644183755, 0.00304171419702, -0.00159106927458, 0.00410515582189, -0.00446883961558, 0.0134413763881, -0.00801885873079, 0.00539641687647, -0.00338720483705, 0.00419797701761, -0.000870904186741, 0.00357555481605, -0.00142600783147], [0.000654986710288, -0.00270237284712, 0.000833536440041, -0.00278813904151, 0.00361884268932, -0.00801885873079, 0.0125698233023, -0.00616997573525, 0.00349698378704, -0.000769653765019, 0.000311810523272, -0.000956284056883, 0.0029312223196], [-0.00057262997143, 0.00203979550861, -0.0011404711986, 0.0037436960265, -0.0028292639181, 0.00539641687647, -0.00616997573525, 0.0145842637867, -0.00707133347169, 0.00429910467938, -0.00283348071389, 0.00124697422143, -0.00194918690249], [0.000601834268309, -0.00260687852278, 0.00207384908572, -0.00372897763737, 0.000625442422461, -0.00338720483705, 0.00349698378704, -0.00707133347169, 0.0156286358833, -0.00968591216952, 0.00573455961421, -0.00335189490579, -0.000214807587327], [-0.000700235541444, 0.00368902040645, -0.00256387959234, 0.00438441475853, -0.00140438450035, 0.00419797701761, -0.000769653765019, 0.00429910467938, -0.00968591216952, 0.0202758423984, -0.0129655506462, 0.00677802599967, -0.00270597590134], [0.000797399203293, -0.00468000909314, 0.00195273570716, -0.00431253109127, 0.00263465149328, -0.000870904186741, 0.000311810523272, -0.00283348071389, 0.00573455961421, -0.0129655506462, 0.0233332682401, -0.0104447808117, 0.0055745174177], [-0.000544105365407, 0.00405704602599, -0.00238951132633, 0.00422767503187, -0.00131645030342, 0.00357555481605, -0.000956284056883, 0.00124697422143, -0.00335189490579, 0.00677802599967, -0.0104447808117, 0.0208826679736, -0.00890722125769], [0.000318563659675, -0.00244799908251, 0.00244534993544, -0.00295267463662, -0.000337604724336, -0.00142600783147, 0.0029312223196, -0.00194918690249, -0.000214807587327, -0.00270597590134, 0.0055745174177, -0.00890722125769, 0.0156158916652]]
    },
    "melbands": {
        "dmean": [0.00130822416395, 0.0012602150673, 0.000407471205108, 0.000260801200056, 0.000214221974602, 0.000157568327268, 0.000201088405447, 9.50871981331e-05, 9.49699242483e-05, 0.000157416754519, 0.000122579906019, 0.000208783414564, 5.04103190906e-05, 3.65064224752e-05, 5.38360254723e-05, 8.57100021676e-05, 3.84709237551e-05, 4.84088523081e-05, 3.65398918802e-05, 3.49189904227e-05, 2.15603831748e-05, 1.14374079203e-05, 1.49962697833e-05, 5.10794598085e-06, 3.1999136354e-06, 2.77814933725e-06, 2.75630395663e-06, 2.24220116252e-06, 2.36938444687e-06, 2.12651252696e-06, 2.02614592126e-06, 2.73830437436e-06, 2.95742643175e-06, 2.75883053291e-06, 2.22296421271e-06, 2.06597223951e-06, 1.31404726744e-06, 1.23789141071e-06, 1.45101716953e-06, 1.44838850247e-06],
        "dmean2": [0.00221397075802, 0.00218718894757, 0.000684985774569, 0.000451900588814, 0.000339460326359, 0.00024311953166, 0.000322499021422, 0.000149757732288, 0.000138446732308, 0.000239893648541, 0.000179696216946, 0.000296930462355, 8.04518567747e-05, 5.7019340602e-05, 8.26670366223e-05, 0.000141679629451, 6.02553773206e-05, 7.45138604543e-05, 5.4587257182e-05, 5.51722368982e-05, 3.30403345288e-05, 1.75207969733e-05, 2.23923179874e-05, 8.07494052424e-06, 5.10572590429e-06, 4.51838741355e-06, 4.34928006143e-06, 3.52371671397e-06, 3.80266214961e-06, 3.46169576915e-06, 3.26243889504e-06, 4.46781450592e-06, 4.89720059704e-06, 4.54534028904e-06, 3.48610819856e-06, 3.21138895742e-06, 2.04017374017e-06, 1.95349525711e-06, 2.39248856815e-06, 2.41357565756e-06],
        "dvar": [1.17878316814e-05, 9.0127959993e-06, 7.3199896633e-07, 4.18639075406e-07, 2.74911087672e-07, 1.21424875488e-07, 1.80620716606e-07, 4.42621761465e-08, 5.24310230787e-08, 1.57450827487e-07, 1.12742405634e-07, 2.07512897532e-07, 1.22978160988e-08, 6.89568180334e-09, 3.59008858197e-08, 1.0056673716e-07, 1.18514735803e-08, 1.1241753306e-08, 8.3102751347e-09, 1.07998214816e-08, 3.03933767043e-09, 6.08254557832e-10, 1.25834653808e-09, 1.63087252036e-10, 4.92194097979e-11, 5.43945513631e-11, 3.89332246997e-11, 2.78347258437e-11, 3.37537602035e-11, 3.41237940682e-11, 3.11116410412e-11, 8.37753338923e-11, 1.08345436789e-10, 8.75492595087e-11, 2.99471211718e-11, 2.72800670942e-11, 1.18405936098e-11, 1.37329037031e-11, 2.37774227391e-11, 2.76325629045e-11],
        "dvar2": [3.3028285543e-05, 2.6430685466e-05, 1.96288010557e-06, 1.1466623846e-06, 6.48026968975e-07, 2.88786878855e-07, 4.47343182941e-07, 1.11006194459e-07, 9.99088740627e-08, 3.65718506146e-07, 2.45479526484e-07, 4.38130513203e-07, 3.07909218122e-08, 1.61385500519e-08, 7.81080444767e-08, 2.7281080861e-07, 2.66734190291e-08, 2.65414481504e-08, 1.65116702533e-08, 2.71450897316e-08, 7.3805366263e-09, 1.54296919685e-09, 3.14813242142e-09, 3.87926829548e-10, 1.22666571345e-10, 1.39455377801e-10, 9.59581858417e-11, 6.3380793669e-11, 8.4983062254e-11, 8.83506254268e-11, 7.85607759402e-11, 2.20773274662e-10, 2.87387724729e-10, 2.30151994685e-10, 6.94746551955e-11, 6.20141993313e-11, 2.73438632847e-11, 3.51711576529e-11, 6.26122834135e-11, 7.47271133861e-11],
        "max": [0.0401073023677, 0.046342138201, 0.0131846517324, 0.00877077318728, 0.00907866191119, 0.00697960006073, 0.00663526682183, 0.00329885957763, 0.00629828963429, 0.0100709795952, 0.00806924980134, 0.00923128984869, 0.0025342265144, 0.00240719108842, 0.00690282182768, 0.00706527847797, 0.00225824047811, 0.00178891059477, 0.00281014991924, 0.00197206251323, 0.00118511018809, 0.000742244941648, 0.000601605745032, 0.000267942552455, 0.000104978782474, 0.000168213795405, 0.000100133831438, 0.000110851498903, 9.11987808649e-05, 9.08603979042e-05, 7.11410320946e-05, 0.000121051103633, 0.000162421943969, 0.000151792090037, 8.57841660036e-05, 0.0001063050222, 6.48087225272e-05, 7.7065480582e-05, 7.662842836e-05, 0.000107510975795],
        "mean": [0.00337924342602, 0.00318643916398, 0.000659282028209, 0.000378588825697, 0.000380125100492, 0.000387243839214, 0.000518487999216, 0.000186201243196, 0.000196786888409, 0.000347409484675, 0.000286616559606, 0.000449504237622, 0.000101718054793, 7.58730748203e-05, 0.000110261913505, 0.000150062900502, 6.72215755912e-05, 9.68008098425e-05, 7.10806052666e-05, 7.9363489931e-05, 4.49515900982e-05, 2.20499896386e-05, 2.68461972155e-05, 8.78018272488e-06, 5.29554381501e-06, 4.50303468824e-06, 4.77635830975e-06, 3.66779931937e-06, 3.55867814505e-06, 2.93162906928e-06, 2.5285501124e-06, 3.06239826386e-06, 3.1763872812e-06, 3.05489766106e-06, 2.71800035989e-06, 2.35526999859e-06, 1.49562640672e-06, 1.35564505399e-06, 1.47401817685e-06, 1.48091487517e-06],
        "median": [0.00277940509841, 0.00246732053347, 0.000426452897955, 0.000155949848704, 0.000160348005011, 0.000100390054286, 0.000100651188404, 6.801931886e-05, 5.62745408388e-05, 8.52945959195e-05, 7.79291076469e-05, 0.000107097206637, 4.02948062401e-05, 2.27442342293e-05, 3.31666633429e-05, 4.93381230626e-05, 1.65901692526e-05, 2.1040392312e-05, 1.42732160384e-05, 1.02964349935e-05, 1.2118272025e-05, 8.59333340486e-06, 8.28203337733e-06, 3.65408232028e-06, 2.60141905528e-06, 2.01598368221e-06, 2.08711344385e-06, 1.55922657541e-06, 1.39408723498e-06, 1.2315897493e-06, 8.62203251017e-07, 8.65518643423e-07, 7.88496720361e-07, 7.81514927439e-07, 8.20785203359e-07, 5.46184992345e-07, 3.92420702156e-07, 3.77754076908e-07, 4.39484722392e-07, 4.4623800477e-07],
        "min": [1.36673401936e-23, 1.11634089058e-23, 4.82543651926e-24, 2.88985111461e-24, 3.41461519382e-24, 6.45710892144e-24, 6.5147304774e-24, 4.89676768889e-24, 4.5895891967e-24, 4.83577572471e-24, 1.08303762863e-23, 1.24534465547e-23, 2.61118544763e-23, 1.04288121645e-23, 5.16354743083e-24, 4.79347305867e-24, 6.22111684291e-24, 5.30118157069e-24, 1.11032432734e-23, 8.83678515041e-24, 7.69793821597e-24, 3.33610499552e-24, 2.98572907181e-24, 1.04602837703e-23, 6.53267706299e-24, 1.21079136453e-23, 7.6585519687e-24, 8.19518643239e-24, 1.0375146746e-23, 7.20058665878e-24, 7.12981794697e-24, 8.80008655223e-24, 8.50092209798e-24, 8.94450252929e-24, 9.54989805379e-24, 1.18293676485e-23, 8.36573973782e-24, 7.91928706395e-24, 1.05576150065e-23, 9.08646830438e-24],
        "var": [1.3304606e-05, 9.5387458714e-06, 7.67675544466e-07, 4.91164769301e-07, 4.62461542838e-07, 5.35316189598e-07, 9.8438886198e-07, 8.54616217794e-08, 1.6893390864e-07, 6.53031747788e-07, 4.26943188359e-07, 9.18440719033e-07, 3.20151976041e-08, 3.06760199464e-08, 1.22412913584e-07, 1.82571298524e-07, 2.65156128165e-08, 3.10559933325e-08, 2.4311722413e-08, 4.63456366617e-08, 9.51119361048e-09, 1.60209123745e-09, 2.91936741448e-09, 2.52861703798e-10, 6.96436797121e-11, 8.13682454748e-11, 7.54224391275e-11, 5.13562352367e-11, 4.63632118808e-11, 3.39939465466e-11, 3.18635742791e-11, 7.46743986091e-11, 9.46829697979e-11, 7.9316116175e-11, 3.78945000379e-11, 3.59824045559e-11, 1.3958875722e-11, 1.24824699188e-11, 1.87718434547e-11, 2.05979625717e-11]
    },
    "mfcc": {
        "mean": [-634.79095459, 127.857475281, 8.82888221741, 7.85304403305, 12.5145111084, 13.5315732956, 6.39700508118, 10.8426427841, 8.53175735474, 6.29266119003, 4.21491336823, 2.26977610588, 2.12535071373],
        "cov": [[5244.48486328, -596.860046387, -429.19241333, -60.3509292603, 112.282989502, 18.4626083374, -226.029098511, -59.3445358276, 111.869949341, -27.9890842438, -201.635360718, -110.493286133, -53.4986839294], [-596.860046387, 822.215881348, -130.201873779, -119.882621765, -20.1332912445, -70.8905334473, 66.7805328369, 31.5544242859, 12.9888000488, 14.8733959198, 59.6931152344, 27.7791042328, 25.527513504], [-429.19241333, -130.201873779, 549.885314941, 100.698860168, -125.968147278, 44.7902565002, 60.3057327271, 5.23548603058, -127.449005127, 20.3325195312, 65.8022460938, 12.5821561813, -19.1393966675], [-60.3509292603, -119.882621765, 100.698860168, 258.005279541, 36.4813766479, -13.4333372116, -26.493057251, -32.4368896484, -26.5793933868, 3.8416697979, 0.368176579475, 8.38212394714, 13.5038747787], [112.282989502, -20.1332912445, -125.968147278, 36.4813766479, 215.686553955, 9.07402706146, -68.9514923096, -21.9796772003, 67.445274353, -8.17805671692, -43.3886451721, -22.4494972229, 8.18577098846], [18.4626083374, -70.8905334473, 44.7902565002, -13.4333372116, 9.07402706146, 154.641586304, 43.7712059021, 17.8558712006, 3.20360660553, 10.8914041519, 1.8216727972, -22.595615387, -36.8990859985], [-226.029098511, 66.7805328369, 60.3057327271, -26.493057251, -68.9514923096, 43.7712059021, 163.117736816, 62.3098907471, -31.7106513977, 12.253235817, 35.4578285217, 0.91224604845, -29.1259231567], [-59.3445358276, 31.5544242859, 5.23548603058, -32.4368896484, -21.9796772003, 17.8558712006, 62.3098907471, 136.113983154, 34.0499038696, -2.75480556488, -1.45485770702, -1.88883543015, -10.1927146912], [111.869949341, 12.9888000488, -127.449005127, -26.5793933868, 67.445274353, 3.20360660553, -31.7106513977, 34.0499038696, 145.65838623, 15.4426670074, -39.4267082214, -18.0245132446, 13.9369049072], [-27.9890842438, 14.8733959198, 20.3325195312, 3.8416697979, -8.17805671692, 10.8914041519, 12.253235817, -2.75480556488, 15.4426670074, 98.7504653931, 31.9679985046, -5.24161624908, -8.8763551712], [-201.635360718, 59.6931152344, 65.8022460938, 0.368176579475, -43.3886451721, 1.8216727972, 35.4578285217, -1.45485770702, -39.4267082214, 31.9679985046, 119.130714417, 30.940826416, -6.90506219864], [-110.493286133, 27.7791042328, 12.5821561813, 8.38212394714, -22.4494972229, -22.595615387, 0.91224604845, -1.88883543015, -18.0245132446, -5.24161624908, 30.940826416, 91.5357818604, 31.2970085144], [-53.4986839294, 25.527513504, -19.1393966675, 13.5038747787, 8.18577098846, -36.8990859985, -29.1259231567, -10.1927146912, 13.9369049072, -8.8763551712, -6.90506219864, 31.2970085144, 89.2551269531]],
