{
"lowlevel": {
    "average_loudness": 0.720476508141,
    "barkbands_crest": {
        "dmean": 2.18081068993,
        "dmean2": 3.5494658947,
        "dvar": 4.39278554916,
        "dvar2": 11.4966688156,
        "max": 25.0360641479,
        "mean": 10.2443132401,
        "median": 9.77255439758,
        "min": 2.47625398636,
        "var": 12.8621940613
    },
    "barkbands_flatness_db": {
        "dmean": 0.0193036329001,
        "dmean2": 0.0298658870161,
        "dvar": 0.000406697101425,
        "dvar2": 0.000934741285164,
        "max": 0.457829296589,
        "mean": 0.204980254173,
        "median": 0.199763357639,
        "min": 0.0162829961628,
        "var": 0.00359315471724
    },
    "barkbands_kurtosis": {
        "dmean": 3.19145035744,
        "dmean2": 5.02061605453,
        "dvar": 45.0878105164,
        "dvar2": 117.623260498,
        "max": 141.960357666,
        "mean": 7.21956443787,
        "median": 4.40539646149,
        "min": -1.9246673584,
        "var": 123.400123596
    },
    "barkbands_skewness": {
        "dmean": 0.455064684153,
        "dmean2": 0.687894165516,
        "dvar": 0.318198114634,
        "dvar2": 0.727623403072,
        "max": 8.99628734589,
        "mean": 1.87395393848,
        "median": 1.76184260845,
        "min": -2.20474672318,
        "var": 1.43075168133
    },
    "barkbands_spread": {
        "dmean": 3.97970938683,
        "dmean2": 5.89405870438,
        "dvar": 55.6965026855,
        "dvar2": 98.5939941406,
        "max": 102.556213379,
        "mean": 16.385093689,
        "median": 11.738363266,
        "min": 0.443806827068,
        "var": 270.618988037
    },
    "dissonance": {
        "dmean": 0.0240339655429,
        "dmean2": 0.0401130393147,
        "dvar": 0.000513864564709,
        "dvar2": 0.00137012160849,
        "max": 0.499540656805,
        "mean": 0.444170981646,
        "median": 0.450698554516,
        "min": 0.244071900845,
        "var": 0.00127257453278
    },
    "dynamic_complexity": 3.4654712677,
    "erbbands_crest": {
        "dmean": 2.2363858223,
        "dmean2": 3.58848786354,
        "dvar": 4.90618181229,
        "dvar2": 12.0747671127,
        "max": 28.4923534393,
        "mean": 8.74562835693,
        "median": 7.76877975464,
        "min": 2.42343688011,
        "var": 15.1393384933
    },
    "erbbands_flatness_db": {
        "dmean": 0.0138174928725,
        "dmean2": 0.0200541503727,
        "dvar": 0.000205992299016,
        "dvar2": 0.000412155262893,
        "max": 0.31221523881,
        "mean": 0.191314503551,
        "median": 0.188772603869,
        "min": 0.0900236219168,
        "var": 0.00148255156819
    },
    "erbbands_kurtosis": {
        "dmean": 1.02279341221,
        "dmean2": 1.60276520252,
        "dvar": 2.1585958004,
        "dvar2": 4.86277198792,
        "max": 23.856174469,
        "mean": 1.3251568079,
        "median": 0.61047577858,
        "min": -1.78253602982,
        "var": 6.55375051498
    },
    "erbbands_skewness": {
        "dmean": 0.323845028877,
        "dmean2": 0.479710787535,
        "dvar": 0.123509652913,
        "dvar2": 0.220662280917,
        "max": 4.63080120087,
        "mean": 0.715320825577,
        "median": 0.76195114851,
        "min": -4.10133695602,
        "var": 0.7557554245
    },
    "erbbands_spread": {
        "dmean": 7.24769926071,
        "dmean2": 10.8895721436,
        "dvar": 101.231033325,
        "dvar2": 223.925552368,
        "max": 130.122970581,
        "mean": 36.1257247925,
        "median": 31.3207015991,
        "min": 5.36544179916,
        "var": 374.353729248
    },
    "hfc": {
        "dmean": 5.13080596924,
        "dmean2": 6.89428663254,
        "dvar": 221.627319336,
        "dvar2": 342.496826172,
        "max": 554.321166992,
        "mean": 17.3956680298,
        "median": 7.66028785706,
        "min": 1.11595187902e-16,
        "var": 1126.89440918
    },
    "melbands_crest": {
        "dmean": 2.44208526611,
        "dmean2": 3.95755529404,
        "dvar": 5.68105220795,
        "dvar2": 14.0370826721,
        "max": 31.2527561188,
        "mean": 13.1245632172,
        "median": 12.5176782608,
        "min": 2.09869790077,
        "var": 17.9549942017
    },
    "melbands_flatness_db": {
        "dmean": 0.0221095457673,
        "dmean2": 0.0320719070733,
        "dvar": 0.000658047443721,
        "dvar2": 0.00135031528771,
        "max": 0.56477534771,
        "mean": 0.254482805729,
        "median": 0.248458564281,
        "min": 0.00560953468084,
        "var": 0.00704337982461
    },
    "melbands_kurtosis": {
        "dmean": 6.87436628342,
        "dmean2": 10.8188581467,
        "dvar": 196.610916138,
        "dvar2": 494.662475586,
        "max": 215.053222656,
        "mean": 16.337808609,
        "median": 10.7012968063,
        "min": -1.79279375076,
        "var": 411.250915527
    },
    "melbands_skewness": {
        "dmean": 0.607228219509,
        "dmean2": 0.91999065876,
        "dvar": 0.602952063084,
        "dvar2": 1.40334320068,
        "max": 11.9694595337,
        "mean": 2.75307679176,
        "median": 2.55426573753,
        "min": -0.21710395813,
        "var": 2.09698176384
    },
    "melbands_spread": {
        "dmean": 4.67238807678,
        "dmean2": 6.7140045166,
        "dvar": 128.103607178,
        "dvar2": 202.799087524,
        "max": 268.946624756,
        "mean": 17.0389518738,
        "median": 11.1577377319,
        "min": 0.53591376543,
        "var": 557.820922852
    },
    "pitch_salience": {
        "dmean": 0.0596498884261,
        "dmean2": 0.0961763560772,
        "dvar": 0.00304958503693,
        "dvar2": 0.00763620343059,
        "max": 0.833207011223,
        "mean": 0.553453326225,
        "median": 0.56317615509,
        "min": 0.135144263506,
        "var": 0.0095839118585
    },
    "silence_rate_20dB": {
        "dmean": 0,
        "dmean2": 0,
        "dvar": 0,
        "dvar2": 0,
        "max": 1,
        "mean": 1,
        "median": 1,
        "min": 1,
        "var": 0
    },
    "silence_rate_30dB": {
        "dmean": 0.0232018567622,
        "dmean2": 0.046421661973,
        "dvar": 0.0226632673293,
        "dvar2": 0.0535505861044,
        "max": 1,
        "mean": 0.976420581341,
        "median": 1,
        "min": 0,
        "var": 0.0230233222246
    },
    "silence_rate_60dB": {
        "dmean": 0.00580046419054,
        "dmean2": 0.0116054154932,
        "dvar": 0.00576672097668,
        "dvar2": 0.0130179477856,
        "max": 1,
        "mean": 0.0228063389659,
        "median": 0,
        "min": 0,
        "var": 0.0222851987928
    },
    "spectral_centroid": {
        "dmean": 165.474395752,
        "dmean2": 240.724197388,
        "dvar": 98616.28125,
        "dvar2": 135623.671875,
        "max": 10803.9316406,
        "mean": 873.724853516,
        "median": 651.562072754,
        "min": 149.995666504,
        "var": 507079.34375
    },
    "spectral_complexity": {
        "dmean": 2.22815155983,
        "dmean2": 3.4317214489,
        "dvar": 7.18153333664,
        "dvar2": 12.5919561386,
        "max": 57,
        "mean": 14.29570961,
        "median": 12,
        "min": 0,
        "var": 91.779876709
    },
    "spectral_decrease": {
        "dmean": 2.23614371464e-09,
        "dmean2": 3.58499741004e-09,
        "dvar": 3.31141211069e-17,
        "dvar2": 8.49853103748e-17,
        "max": -1.92261999304e-28,
        "mean": -6.57821663808e-09,
        "median": -4.73648764654e-09,
        "min": -8.00051154215e-08,
        "var": 4.96939473252e-17
    },
    "spectral_energy": {
        "dmean": 0.00876751262695,
        "dmean2": 0.0139988930896,
        "dvar": 0.00048443270498,
        "dvar2": 0.00123810290825,
        "max": 0.311223119497,
        "mean": 0.0264055915177,
        "median": 0.018727151677,
        "min": 1.08476522076e-20,
        "var": 0.000785000855103
    },
    "spectral_energyband_high": {
        "dmean": 0.000430298503488,
        "dmean2": 0.000556807324756,
        "dvar": 3.16110981657e-06,
        "dvar2": 4.59573357148e-06,
        "max": 0.0665744170547,
        "mean": 0.00109757937025,
        "median": 0.000136832808494,
        "min": 7.50401530381e-21,
        "var": 1.43605475387e-05
    },
    "spectral_energyband_low": {
        "dmean": 0.00572242215276,
        "dmean2": 0.00948565173894,
        "dvar": 0.000411681539845,
        "dvar2": 0.00108371523675,
        "max": 0.255209296942,
        "mean": 0.0109305530787,
        "median": 0.00683785835281,
        "min": 1.1699074806e-22,
        "var": 0.000387512671296
    },
    "spectral_energyband_middle_high": {
        "dmean": 0.0011145377066,
        "dmean2": 0.00160014303401,
        "dvar": 6.85137138134e-06,
        "dvar2": 1.5239737877e-05,
        "max": 0.0511270835996,
        "mean": 0.00343409576453,
        "median": 0.00129597145133,
        "min": 2.03297689721e-21,
        "var": 3.70972738892e-05
    },
    "spectral_energyband_middle_low": {
        "dmean": 0.00414647161961,
        "dmean2": 0.00626174826175,
        "dvar": 5.31005425728e-05,
        "dvar2": 0.000122642799397,
        "max": 0.175325214863,
        "mean": 0.0119343018159,
        "median": 0.00861125160009,
        "min": 3.69424495926e-22,
        "var": 0.000150759515236
    },
    "spectral_entropy": {
        "dmean": 0.153439715505,
        "dmean2": 0.220918908715,
        "dvar": 0.0302122198045,
        "dvar2": 0.0541333369911,
        "max": 9.79671955109,
        "mean": 7.13426733017,
        "median": 7.11381196976,
        "min": 5.79903841019,
        "var": 0.316716164351
    },
    "spectral_flux": {
        "dmean": 0.0203688349575,
        "dmean2": 0.0324842631817,
        "dvar": 0.00108575623017,
        "dvar2": 0.00244517647661,
        "max": 0.445233017206,
        "mean": 0.0678937584162,
        "median": 0.0526894107461,
        "min": 1.04152061975e-10,
        "var": 0.00305778998882
    },
    "spectral_kurtosis": {
        "dmean": 2.79056167603,
        "dmean2": 4.59324598312,
        "dvar": 13.962430954,
        "dvar2": 38.9109954834,
        "max": 45.9830780029,
        "mean": 5.71449947357,
        "median": 3.48136663437,
        "min": -1.27006542683,
        "var": 42.0964736938
    },
    "spectral_rms": {
        "dmean": 0.000682869926095,
        "dmean2": 0.00104358652607,
        "dvar": 1.26285669921e-06,
        "dvar2": 3.00040665024e-06,
        "max": 0.0174250490963,
        "mean": 0.0046394248493,
        "median": 0.00427438784391,
        "min": 3.25316401421e-12,
        "var": 4.2373035285e-06
    },
    "spectral_rolloff": {
        "dmean": 295.286621094,
        "dmean2": 472.532196045,
        "dvar": 796510.75,
        "dvar2": 1443460.375,
        "max": 18281.6894531,
        "mean": 1022.60766602,
        "median": 538.330078125,
        "min": 86.1328125,
        "var": 2573718.5
    },
    "spectral_skewness": {
        "dmean": 0.304055780172,
        "dmean2": 0.467627674341,
        "dvar": 0.101319022477,
        "dvar2": 0.244166716933,
        "max": 5.08015966415,
        "mean": 1.74352753162,
        "median": 1.65172672272,
        "min": -0.381852984428,
        "var": 0.682243406773
    },
    "spectral_spread": {
        "dmean": 429072.59375,
        "dmean2": 596872.375,
        "dvar": 749876674560,
        "dvar2": 712306130944,
        "max": 39499100,
        "mean": 3966993,
        "median": 3819733.75,
        "min": 1334073.75,
        "var": 2.76367015936e+12
    },
    "spectral_strongpeak": {
        "dmean": 0.375861942768,
        "dmean2": 0.630822658539,
        "dvar": 1.06669771671,
        "dvar2": 2.44305896759,
        "max": 29.7644920349,
        "mean": 0.691123247147,
        "median": 0.310359865427,
        "min": 0,
        "var": 1.42235803604
    },
    "zerocrossingrate": {
        "dmean": 0.00832211785018,
        "dmean2": 0.0093574328348,
        "dvar": 0.000234606006416,
        "dvar2": 0.000233704296988,
        "max": 0.4833984375,
        "mean": 0.0437678918242,
        "median": 0.033203125,
        "min": 0.00341796875,
        "var": 0.00190940126777
    },
    "barkbands": {
        "dmean": [0.000280309934169, 0.00435364525765, 0.00168600899633, 0.000869805808179, 0.00228410260752, 0.00091389665613, 0.000816957210191, 0.00079758890206, 0.000556513317861, 0.000383987033274, 0.000335638382239, 0.000370957161067, 0.000229882323765, 0.000187661222299, 0.000155527828611, 9.15766722756e-05, 7.41202893551e-05, 5.88162183703e-05, 4.91504142701e-05, 7.76830347604e-05, 7.59457689128e-05, 9.25283893594e-05, 0.000116929761134, 0.0001940344373, 2.42429468926e-05, 2.17151416848e-08, 3.64281160792e-09],
        "dmean2": [0.000464004522655, 0.00731721520424, 0.00284854671918, 0.00146603782196, 0.00365497730672, 0.00141987390816, 0.00127657561097, 0.00120890943799, 0.000842072011437, 0.000594643410295, 0.000519390276168, 0.000586004985962, 0.000347677792888, 0.000295157253277, 0.000242466689087, 0.000145776633872, 0.000115077993541, 9.22722028918e-05, 7.36226284062e-05, 0.000116415627417, 0.00011684709898, 0.000136434173328, 0.000160715018865, 0.000260513421381, 3.57117569365e-05, 3.30326130893e-08, 5.40091171786e-09],
        "dvar": [1.41946804888e-06, 0.000274509802694, 2.73997356999e-05, 4.0238778638e-06, 2.46849976975e-05, 4.44619399786e-06, 3.68100995729e-06, 5.76378124606e-06, 3.43261922353e-06, 1.17683453027e-06, 1.48293850089e-06, 2.20565129894e-06, 7.05748163909e-07, 2.39642446331e-07, 3.24975047761e-07, 1.17608081496e-07, 8.20313488248e-08, 2.35832668949e-08, 2.40724205014e-08, 7.77997968271e-08, 5.27793453386e-08, 7.16905930176e-08, 1.85688506349e-07, 1.76986452516e-06, 1.65865348123e-08, 1.009773218e-14, 1.46435447674e-15],
        "dvar2": [3.44123077411e-06, 0.000731940323021, 7.68810714362e-05, 1.03572401713e-05, 6.17591722403e-05, 9.58704640652e-06, 8.88095837581e-06, 1.36115477289e-05, 8.78335868038e-06, 2.83787130684e-06, 3.61335082744e-06, 5.14179373567e-06, 1.58461182309e-06, 5.53316112928e-07, 7.30856925202e-07, 2.87865134396e-07, 1.85286609167e-07, 5.44740856867e-08, 4.84510671583e-08, 1.66664349877e-07, 1.22714084227e-07, 1.48194558847e-07, 3.51325468273e-07, 3.02142098008e-06, 4.12476772738e-08, 2.18804365089e-14, 1.56040303664e-15],
        "max": [0.0184694118798, 0.218649089336, 0.0756763368845, 0.0403920896351, 0.137061044574, 0.0370766706765, 0.0447918660939, 0.0598335526884, 0.0379320085049, 0.0252363979816, 0.0334890857339, 0.0366071388125, 0.0194042827934, 0.0104234358296, 0.0133275203407, 0.00811965670437, 0.0102590508759, 0.00356207648292, 0.00470713526011, 0.0110985767096, 0.00475433468819, 0.00601013889536, 0.0107474811375, 0.0555626936257, 0.00421329168603, 2.5534843644e-06, 2.19169487536e-06],
        "mean": [0.000321426021401, 0.00689411442727, 0.00286722858436, 0.00155875005294, 0.00441793492064, 0.00198102928698, 0.00153148057871, 0.00130179442931, 0.000883107131813, 0.000696673989296, 0.000550751807168, 0.000694923102856, 0.00039212097181, 0.000349324283889, 0.000270957883913, 0.000160582465469, 0.000147487065988, 0.000125600461615, 0.000101896555861, 0.000158594324603, 0.000157380403834, 0.000199520480237, 0.000243208327447, 0.000360109523172, 3.95662682422e-05, 2.96777233899e-08, 3.27569416037e-09],
        "median": [7.66805605963e-05, 0.00406355317682, 0.00142792705446, 0.000654008064885, 0.0025343161542, 0.000961298006587, 0.000669143220875, 0.000271168391919, 0.000210465150303, 0.000204277355806, 0.000133517591166, 0.000139853014844, 8.48623312777e-05, 7.52518681111e-05, 6.0122096329e-05, 2.95757818094e-05, 2.59719708993e-05, 2.69555494015e-05, 1.64112498169e-05, 2.72212819254e-05, 2.03504241654e-05, 2.80794210994e-05, 2.32980019064e-05, 1.68724509422e-05, 1.88340015939e-06, 1.90390014865e-09, 3.0518851335e-10],
        "min": [1.6930078364e-23, 1.74008074433e-23, 5.65115718693e-23, 4.19607705707e-23, 3.68594437549e-23, 8.34447977865e-23, 2.90028340565e-23, 2.30019565287e-23, 1.30734951705e-22, 5.95026231885e-23, 5.92892584017e-23, 2.06446022234e-22, 8.60289862052e-23, 1.31454645286e-22, 1.50003541958e-22, 2.9762078599e-22, 3.43753523188e-22, 1.66580134906e-22, 3.33726684564e-22, 5.10438595527e-22, 3.5815494263e-22, 5.66904274625e-22, 6.12100728592e-22, 8.70094847745e-22, 1.33558074101e-21, 1.38672619071e-21, 2.30877054566e-21],
        "var": [1.30531043396e-06, 0.000228215081734, 2.75504953606e-05, 7.42065458326e-06, 4.18132513005e-05, 9.60369470704e-06, 6.80072616888e-06, 9.57143311098e-06, 4.70623808724e-06, 2.34970320889e-06, 2.97733276966e-06, 5.49709375264e-06, 1.28006649902e-06, 5.84550321037e-07, 7.61820672324e-07, 2.6492406846e-07, 2.10181113403e-07, 8.69826450867e-08, 7.75226354222e-08, 2.10195921113e-07, 1.67418562569e-07, 2.6392265795e-07, 7.19157640106e-07, 5.01306431033e-06, 4.12767882096e-08, 1.98795397055e-14, 2.44391388128e-15]
    },
    "erbbands": {
        "dmean": [0.120564684272, 1.00770449638, 2.06600093842, 2.22107386589, 5.88374853134, 8.13293743134, 7.72632694244, 7.39257717133, 11.0823802948, 12.8936767578, 16.2277126312, 11.3409919739, 11.6548500061, 8.79838562012, 13.6214189529, 13.6836090088, 10.015586853, 8.4699382782, 8.23628044128, 6.26829433441, 4.16237163544, 4.20163202286, 3.35134959221, 2.53527927399, 2.53748583794, 3.81788611412, 2.85939741135, 3.2723095417, 3.3138127327, 3.39930200577, 3.59611058235, 4.32573509216, 2.73437166214, 0.555396854877, 0.0261155832559, 0.00123302312568, 9.36092619668e-05, 1.66528989212e-05, 7.72497423895e-06, 1.08117055788e-05],
        "dmean2": [0.202366560698, 1.73549449444, 3.49124121666, 3.73157835007, 9.37426662445, 13.386762619, 11.939535141, 11.4471216202, 17.5852146149, 19.6888446808, 25.2879085541, 17.1886463165, 17.6967544556, 13.6214427948, 21.2624225616, 22.1854114532, 15.2094144821, 13.2785739899, 12.3692951202, 9.91302204132, 6.41408157349, 6.41495847702, 5.17509508133, 3.89604687691, 3.83538794518, 5.91503810883, 4.22437429428, 5.04146385193, 5.00406503677, 4.89959621429, 4.98899412155, 5.94956588745, 3.597012043, 0.812277972698, 0.0370363555849, 0.00170914572664, 0.00012334685016, 2.15211584873e-05, 1.10106957436e-05, 1.68385668076e-05],
        "dvar": [0.310899078846, 13.1611318588, 42.86951828, 31.8779449463, 231.93170166, 278.297332764, 191.61114502, 351.033691406, 577.482971191, 1295.87817383, 2978.82324219, 1491.08972168, 984.463928223, 550.321228027, 3034.67285156, 4488.77783203, 1057.5880127, 541.827941895, 640.270874023, 539.50970459, 206.596847534, 241.525787354, 74.2758636475, 64.5043029785, 83.8609619141, 241.729095459, 85.9596176147, 102.203170776, 92.1333389282, 108.278495789, 211.311920166, 976.590881348, 308.546081543, 9.21703147888, 0.0186722576618, 4.2001986003e-05, 2.45115217012e-07, 7.84704390355e-09, 6.61522558953e-10, 6.6607330762e-10],
        "dvar2": [0.798955321312, 36.3811836243, 120.934524536, 84.3623046875, 556.373779297, 736.949890137, 436.369476318, 776.561096191, 1469.64221191, 2937.24536133, 7516.80224609, 3778.9128418, 2045.83117676, 1255.20336914, 7429.46826172, 10846.0087891, 2420.48657227, 1337.17773438, 1372.625, 1298.34619141, 468.484802246, 512.723693848, 164.172683716, 138.254348755, 172.452682495, 575.711669922, 165.740829468, 245.575241089, 193.465438843, 222.454177856, 434.242462158, 1714.18359375, 563.27923584, 20.6045475006, 0.0375713333488, 7.96193344286e-05, 4.17498625893e-07, 1.23821921605e-08, 1.14627418668e-09, 1.60480273514e-09],
        "max": [9.02380943298, 42.4022102356, 95.2612380981, 121.075645447, 461.365570068, 328.481872559, 253.122283936, 348.940979004, 593.574462891, 887.211608887, 1419.61413574, 966.935119629, 853.033081055, 435.135040283, 1763.02124023, 1846.79187012, 795.831481934, 457.997161865, 551.252624512, 629.663024902, 436.67364502, 580.387817383, 218.227737427, 179.033996582, 292.358459473, 619.535583496, 273.782867432, 171.822463989, 206.786941528, 205.937484741, 395.746643066, 1178.58410645, 647.741760254, 96.4959869385, 5.26693058014, 0.247940048575, 0.017424562946, 0.00328183197416, 0.000925009488128, 0.000442103832029],
        "mean": [0.18040907383, 1.59710812569, 3.52573347092, 4.60176801682, 9.69745540619, 15.2542581558, 16.1656780243, 16.1076221466, 22.7278385162, 23.9853191376, 27.3315010071, 18.6646595001, 22.8429908752, 16.4506225586, 27.177778244, 25.1153430939, 19.2507801056, 16.4655628204, 15.8818655014, 12.5888280869, 8.6875629425, 8.82674407959, 7.35028982162, 5.60798740387, 5.35607624054, 7.65854215622, 6.57968616486, 6.54202127457, 7.01448345184, 6.99613428116, 7.07721090317, 8.08392524719, 5.1046705246, 1.02105212212, 0.0442894175649, 0.00226255645975, 0.000199325164431, 3.6762234231e-05, 2.21480513574e-05, 3.34446813213e-05],
        "median": [0.0984001606703, 0.929350852966, 1.75608062744, 2.42559981346, 4.22044181824, 8.2398519516, 10.3898553848, 7.13940620422, 10.534907341, 7.30563688278, 7.14077329636, 5.27585172653, 7.72674512863, 5.20854330063, 5.64799308777, 5.6787314415, 4.62689781189, 4.78113937378, 4.19686174393, 3.02772378922, 1.7315980196, 1.55602836609, 1.61895513535, 1.01383519173, 0.961193025112, 1.24559962749, 0.896659314632, 0.875865161419, 0.962408304214, 0.889770150185, 0.583720862865, 0.365452677011, 0.266975522041, 0.0576346628368, 0.00189251091797, 0.000126302125864, 2.05431879294e-05, 4.18770741817e-06, 1.06407442217e-05, 2.25166386372e-05],
        "min": [6.44235059608e-22, 4.233189681e-21, 3.74069135261e-20, 1.55195484356e-19, 6.48142926586e-20, 1.43544050892e-19, 2.41388440891e-19, 8.57149417845e-19, 6.33514831989e-19, 3.87319463612e-19, 1.20657444513e-18, 2.81149405104e-18, 1.94085419629e-18, 1.76612490639e-18, 5.1320109136e-18, 6.63018058673e-18, 3.55086220374e-18, 6.47770307569e-18, 9.39310900285e-18, 7.87772404682e-18, 1.75843593172e-17, 2.15500914757e-17, 1.04527521829e-17, 9.97010553041e-18, 2.20850705368e-17, 2.14296457067e-17, 1.76763434557e-17, 1.61768651829e-17, 2.03214701857e-17, 1.61912366188e-17, 1.82286651856e-17, 1.64386678467e-17, 1.7022505158e-17, 1.2265173561e-17, 1.11286232635e-17, 4.94644286935e-18, 2.79215808384e-18, 1.21168817907e-18, 3.16056974961e-19, 3.25356824417e-20],
        "var": [0.248987451196, 10.884850502, 42.6774864197, 53.0593185425, 357.143890381, 517.09942627, 389.889801025, 681.557189941, 1273.3782959, 2903.38354492, 4371.26611328, 1919.49169922, 2224.6940918, 1252.47021484, 7631.69287109, 8785.50976562, 2580.10351562, 1173.2755127, 1446.05175781, 1650.61999512, 720.05645752, 725.44140625, 309.841796875, 208.461303711, 222.969802856, 526.673522949, 322.441986084, 289.641418457, 327.6328125, 403.416412354, 694.227478027, 2534.22680664, 932.155029297, 26.4327316284, 0.0596800073981, 0.000149070023326, 9.43777251905e-07, 2.94614093121e-08, 2.46052134223e-09, 1.53235035771e-09]
    },
    "gfcc": {
        "mean": [-54.6449127197, 154.842330933, -122.35080719, 55.3441467285, -74.0331192017, 23.3916301727, -28.2887935638, -10.957868576, 0.801979601383, -16.8719768524, 9.55648803711, -18.4066181183, 7.94292831421],
        "cov": [[6567.27685547, -1902.96984863, -906.442016602, 529.89831543, -930.125, 540.363769531, -434.332122803, 242.031341553, -233.974868774, 22.6815452576, -139.185394287, -22.5999336243, -96.3705291748], [-1902.96984863, 1531.37426758, 44.6844749451, -462.236328125, 528.851318359, -373.699890137, 263.103271484, -194.424026489, 133.982315063, -109.624694824, 104.704139709, -6.90805578232, 36.5740509033], [-906.442016602, 44.6844749451, 599.714416504, 84.5026931763, 28.2466888428, 21.0485649109, 40.936882019, 25.1871471405, 22.7626667023, 4.77195262909, -40.4570770264, -20.1198043823, 6.75175762177], [529.89831543, -462.236328125, 84.5026931763, 341.716827393, -87.6932373047, 56.9188117981, -73.30103302, 58.9755973816, -29.7101917267, 28.5625667572, -48.3300552368, -20.8450603485, 1.94221329689], [-930.125, 528.851318359, 28.2466888428, -87.6932373047, 382.167755127, -164.961456299, 89.4160385132, -62.3902511597, 41.7952156067, -15.3069696426, 39.8921356201, -4.06725406647, 9.25273895264], [540.363769531, -373.699890137, 21.0485649109, 56.9188117981, -164.961456299, 231.027603149, -37.953742981, 52.0844154358, -23.8097076416, 9.45160770416, -35.2601280212, -4.41517162323, -23.1516571045], [-434.332122803, 263.103271484, 40.936882019, -73.30103302, 89.4160385132, -37.953742981, 184.761993408, -21.2018260956, 16.4934444427, -17.2272129059, 21.9498023987, -2.98043870926, -6.61681747437], [242.031341553, -194.424026489, 25.1871471405, 58.9755973816, -62.3902511597, 52.0844154358, -21.2018260956, 106.474235535, -0.779099583626, 14.3629627228, -19.9893016815, -4.52779531479, -0.822241663933], [-233.974868774, 133.982315063, 22.7626667023, -29.7101917267, 41.7952156067, -23.8097076416, 16.4934444427, -0.779099583626, 118.994232178, -1.7991989851, -20.1104373932, -9.99917411804, -3.38037610054], [22.6815452576, -109.624694824, 4.77195262909, 28.5625667572, -15.3069696426, 9.45160770416, -17.2272129059, 14.3629627228, -1.7991989851, 81.3991928101, 17.7067470551, -4.59458065033, 1.63558089733], [-139.185394287, 104.704139709, -40.4570770264, -48.3300552368, 39.8921356201, -35.2601280212, 21.9498023987, -19.9893016815, -20.1104373932, 17.7067470551, 88.354095459, 27.315284729, -2.08560490608], [-22.5999336243, -6.90805578232, -20.1198043823, -20.8450603485, -4.06725406647, -4.41517162323, -2.98043870926, -4.52779531479, -9.99917411804, -4.59458065033, 27.315284729, 65.2986907959, 16.6502113342], [-96.3705291748, 36.5740509033, 6.75175762177, 1.94221329689, 9.25273895264, -23.1516571045, -6.61681747437, -0.822241663933, -3.38037610054, 1.63558089733, -2.08560490608, 16.6502113342, 57.9812927246]],
        "icov": [[0.000505894015078, -0.000399208482122, 0.000887539819814, -0.000888274924364, 0.000889085407835, -0.0006205777172, 0.000478031433886, -0.000555975420866, 0.000642117869575, -0.000116008181067, 0.000555503880605, -0.000227259675739, 0.000802009657491], [-0.000399208482122, 0.00699349166825, -0.00187083473429, 0.00609604688361, -0.00438588997349, 0.00458401767537, -0.00311145419255, 0.00368960318156, -0.00431495672092, 0.00621915981174, -0.00498866522685, 0.00524691911414, -0.00494694989175], [0.000887539819814, -0.00187083473429, 0.00363771873526, -0.00300411391072, 0.00191356777214, -0.0020723505877, 0.000680924451444, -0.00172564876266, 0.00155619299039, -0.00147893989924, 0.00244882609695, -0.00119141698815, 0.00181536050513], [-0.000888274924364, 0.00609604688361, -0.00300411391072, 0.00993690732867, -0.00435587903485, 0.00451806094497, -0.00198061810806, 0.00228005740792, -0.00298208370805, 0.00391978863627, -0.00289077823982, 0.00493977870792, -0.00480624847114], [0.000889085407835, -0.00438588997349, 0.00191356777214, -0.00435587903485, 0.00798220094293, -0.000890562019777, 0.00121841824148, -0.00188360235188, 0.00233006547205, -0.00322546972893, 0.00241006049328, -0.00240538315848, 0.00365459499881], [-0.0006205777172, 0.00458401767537, -0.0020723505877, 0.00451806094497, -0.000890562019777, 0.0104161985219, -0.00237808958627, 0.00106694968417, -0.00212952424772, 0.00321118813008, -0.00136649655178, 0.00234457477927, -0.000725209829397], [0.000478031433886, -0.00311145419255, 0.000680924451444, -0.00198061810806, 0.00121841824148, -0.00237808958627, 0.00843635760248, -0.00197047949769, 0.00182123540435, -0.00130192132201, 0.000796255248133, -0.00135804701131, 0.00309661054052], [-0.000555975420866, 0.00368960318156, -0.00172564876266, 0.00228005740792, -0.00188360235188, 0.00106694968417, -0.00197047949769, 0.014034663327, -0.00327124423347, 0.0015677951742, -0.00174583878834, 0.00244538928382, -0.0034260796383], [0.000642117869575, -0.00431495672092, 0.00155619299039, -0.00298208370805, 0.00233006547205, -0.00212952424772, 0.00182123540435, -0.00327124423347, 0.0129579817876, -0.00496802758425, 0.00724233034998, -0.0034678238444, 0.00479903258383], [-0.000116008181067, 0.00621915981174, -0.00147893989924, 0.00391978863627, -0.00322546972893, 0.00321118813008, -0.00130192132201, 0.0015677951742, -0.00496802758425, 0.0206466782838, -0.0105933146551, 0.00813011359423, -0.00599208194762], [0.000555503880605, -0.00498866522685, 0.00244882609695, -0.00289077823982, 0.00241006049328, -0.00136649655178, 0.000796255248133, -0.00174583878834, 0.00724233034998, -0.0105933146551, 0.0230371113867, -0.0118350591511, 0.0079659819603], [-0.000227259675739, 0.00524691911414, -0.00119141698815, 0.00493977870792, -0.00240538315848, 0.00234457477927, -0.00135804701131, 0.00244538928382, -0.0034678238444, 0.00813011359423, -0.0118350591511, 0.0247829500586, -0.0104884663597], [0.000802009657491, -0.00494694989175, 0.00181536050513, -0.00480624847114, 0.00365459499881, -0.000725209829397, 0.00309661054052, -0.0034260796383, 0.00479903258383, -0.00599208194762, 0.0079659819603, -0.0104884663597, 0.0248293522745]]
    },
    "melbands": {
        "dmean": [0.00113736570347, 0.00115295220166, 0.000446531688794, 0.000536902749445, 0.000276799459243, 0.000172686544829, 0.000162127791555, 0.00015182972129, 0.000135501948535, 6.87036663294e-05, 6.07741494605e-05, 3.84086633858e-05, 4.21908443968e-05, 4.08284831792e-05, 3.34290816681e-05, 2.19703215407e-05, 1.71126921487e-05, 1.45905532918e-05, 1.31403676278e-05, 7.50361823521e-06, 4.57648411611e-06, 4.80840390082e-06, 3.84177474189e-06, 2.72668330581e-06, 2.19948969971e-06, 2.06072809306e-06, 2.30023829317e-06, 3.03691876979e-06, 2.08101323551e-06, 1.70812541e-06, 2.12612007999e-06, 2.10800453715e-06, 1.91679691852e-06, 2.04756929634e-06, 2.23671986532e-06, 2.30650721278e-06, 3.11933422381e-06, 2.36370283346e-06, 1.16590308608e-06, 2.84417893681e-07],
        "dmean2": [0.00188892299775, 0.00196382659487, 0.000745576515328, 0.000870184623636, 0.000433338689618, 0.000268554897048, 0.000255321268924, 0.000229395212955, 0.000212290688069, 0.000103195758129, 9.30361347855e-05, 5.95357632847e-05, 6.49535650155e-05, 6.24952517683e-05, 5.49846117792e-05, 3.34539727191e-05, 2.71728149528e-05, 2.2400967282e-05, 2.05755095521e-05, 1.20874583445e-05, 7.19115359971e-06, 7.53174344936e-06, 5.94821040067e-06, 4.31443686466e-06, 3.4452421005e-06, 3.16227351504e-06, 3.57709404852e-06, 4.8759989113e-06, 3.08146240968e-06, 2.7496189432e-06, 3.24201505464e-06, 3.23855238094e-06, 2.90566003969e-06, 2.99962221106e-06, 3.23207518704e-06, 3.18011416311e-06, 4.3305140025e-06, 3.14156932291e-06, 1.75435911842e-06, 4.26813073773e-07],
        "dvar": [2.22193175432e-05, 1.4404605281e-05, 1.11120607471e-06, 1.64136747571e-06, 1.99627038455e-07, 1.69090412783e-07, 1.20543646176e-07, 1.56318321842e-07, 1.8972625071e-07, 5.26693071379e-08, 2.71453917122e-08, 1.05704520692e-08, 2.47096298978e-08, 2.99707387796e-08, 1.95402787284e-08, 5.85990234114e-09, 2.16900120087e-09, 1.93017646311e-09, 2.66389088566e-09, 7.44674821807e-10, 2.70690247994e-10, 2.80541506692e-10, 1.68387734312e-10, 5.42067501996e-11, 5.29877704214e-11, 4.6501913431e-11, 8.00368799014e-11, 1.89645993354e-10, 4.67688075767e-11, 2.56325707187e-11, 4.64341759487e-11, 3.83103306023e-11, 3.54965189187e-11, 4.09555722669e-11, 8.96380539239e-11, 1.303063768e-10, 6.07436267952e-10, 2.55406529259e-10, 5.08634349916e-11, 2.12060078698e-12],
        "dvar2": [5.80530031584e-05, 4.02680889238e-05, 2.87591774395e-06, 4.17522960561e-06, 4.65085832957e-07, 3.71441785774e-07, 2.97724454867e-07, 3.47442892235e-07, 4.80943242565e-07, 1.32391605234e-07, 5.84052060049e-08, 2.4975527424e-08, 5.9351300763e-08, 6.80258622765e-08, 4.90288023514e-08, 1.44083145415e-08, 5.42545874893e-09, 4.06914546502e-09, 6.01558713953e-09, 1.98421057362e-09, 6.3697269681e-10, 6.22436546749e-10, 4.07829769955e-10, 1.25907811954e-10, 1.18332260657e-10, 9.70975660985e-11, 1.80473705425e-10, 4.88515394803e-10, 9.56727960744e-11, 6.28435220529e-11, 1.13016845882e-10, 8.92906582006e-11, 7.82138243061e-11, 8.78676575944e-11, 2.15666651204e-10, 2.41863001849e-10, 1.02620589804e-09, 4.8051329582e-10, 1.27395413663e-10, 4.93360647474e-12],
        "max": [0.0714755877852, 0.0510559938848, 0.0185232311487, 0.0354217141867, 0.00720850098878, 0.00712671596557, 0.00793623086065, 0.00959859788418, 0.00965953618288, 0.0053326995112, 0.00429869815707, 0.00179192400537, 0.00490928720683, 0.00467755179852, 0.00369870872237, 0.00200796918944, 0.000989024876617, 0.000897002930287, 0.00148427055683, 0.000763893360272, 0.00055680173682, 0.000540235370863, 0.000466262805276, 0.000177972731763, 0.00016546084953, 0.000231993763009, 0.000224711780902, 0.00054319499759, 0.000186104356544, 0.000102581943793, 0.000122331082821, 0.000110398766992, 0.000130528234877, 0.000131913795485, 0.000270089338301, 0.00026280109887, 0.00109964329749, 0.000641166290734, 0.000179183640284, 5.31891964783e-05],
        "mean": [0.00180393340997, 0.00199720705859, 0.00090438342886, 0.000961014884524, 0.000595609773882, 0.000383158301702, 0.000327473593643, 0.000271565921139, 0.00022434782295, 0.000109681299364, 0.000115402945084, 6.71855450491e-05, 7.91651036707e-05, 7.96839158284e-05, 5.7615681726e-05, 3.68074106518e-05, 3.09888382617e-05, 2.6416610126e-05, 2.26275733439e-05, 1.27325702124e-05, 9.07487265067e-06, 9.3671360446e-06, 7.4599911386e-06, 5.55215683562e-06, 4.4207913561e-06, 3.89049455407e-06, 4.11015071222e-06, 5.44659997104e-06, 4.34620324086e-06, 3.38633844876e-06, 3.93256823372e-06, 4.05910304835e-06, 3.71061923943e-06, 3.95212055082e-06, 3.93509026253e-06, 4.30836144005e-06, 5.30569514012e-06, 4.11904375142e-06, 1.98342149815e-06, 4.48089906513e-07],
        "median": [0.00108788232319, 0.00110451842193, 0.000490256759804, 0.000483834650367, 0.00038879737258, 0.0001850737317, 0.000150942680193, 6.8178793299e-05, 5.36128463864e-05, 2.94736655633e-05, 3.6468005419e-05, 1.9350403818e-05, 1.82247204066e-05, 1.67244397744e-05, 1.01963760244e-05, 7.48808133721e-06, 7.37235450288e-06, 5.712379334e-06, 4.51732103102e-06, 2.60110232375e-06, 1.68407621004e-06, 1.54747465331e-06, 1.51314907271e-06, 1.19130663734e-06, 7.47267449697e-07, 6.12588110016e-07, 6.47840067813e-07, 8.00043551408e-07, 5.81856625104e-07, 4.22795238819e-07, 5.00033308981e-07, 5.21052299973e-07, 5.01007377807e-07, 4.635050459e-07, 3.37710247322e-07, 2.37318133145e-07, 1.95837927208e-07, 1.84499143074e-07, 1.08015598244e-07, 1.63103877071e-08],
        "min": [6.52447212072e-24, 1.59418502199e-23, 2.30413333096e-23, 5.71365958309e-24, 9.46738162538e-24, 1.86628428967e-23, 9.19664929587e-24, 4.48330793909e-24, 1.320127486e-23, 1.74633388696e-23, 9.52469000356e-24, 6.72352223749e-24, 1.37439590979e-23, 2.57815268609e-23, 7.60923711807e-24, 9.9827618097e-24, 1.1948730981e-23, 1.51905296274e-23, 9.66668575536e-24, 1.74566019974e-23, 1.86176664104e-23, 2.50785823746e-23, 1.06941542074e-23, 8.33118763017e-24, 7.49149173936e-24, 1.38512662691e-23, 1.68484754365e-23, 1.42578372911e-23, 1.35940534378e-23, 7.60236298414e-24, 9.10364890603e-24, 1.09613090527e-23, 1.20713420538e-23, 7.60691707815e-24, 9.60006487419e-24, 1.10795285369e-23, 1.00737813698e-23, 1.12819920548e-23, 1.26010810843e-23, 9.31021213407e-24],
        "var": [1.81519499165e-05, 1.35162144943e-05, 1.86432725968e-06, 2.57145961768e-06, 4.4164661972e-07, 3.59994686505e-07, 2.70757141152e-07, 3.76178491024e-07, 3.11969671429e-07, 6.69791901942e-08, 5.97523381884e-08, 2.23992149273e-08, 6.2949226276e-08, 7.03950533421e-08, 4.66443559333e-08, 1.03804911333e-08, 4.46078463057e-09, 4.24074153571e-09, 6.25140872401e-09, 1.6370138578e-09, 9.02209362774e-10, 8.44191605509e-10, 4.15991685543e-10, 1.81947332201e-10, 1.41924139108e-10, 1.21683996213e-10, 1.50397708176e-10, 3.12113390688e-10, 1.56962734477e-10, 7.50539144723e-11, 1.15575479742e-10, 1.12172666988e-10, 1.04817231283e-10, 1.42632197719e-10, 2.14760542683e-10, 3.72922193126e-10, 1.50153589562e-09, 6.87761125828e-10, 1.04474547069e-10, 5.83149197333e-12]
    },
    "mfcc": {
        "mean": [-678.633178711, 148.362670898, 23.7742919922, 22.2188262939, 0.839472472668, 16.51978302, -3.78961467743, 4.73039197922, -3.52289128304, 4.8072271347, -2.83916544914, 3.12838697433, -2.50019240379],
        "cov": [[6970.51904297, -2490.62109375, -280.042541504, -301.389282227, -341.78805542, -2.31489062309, -173.771713257, 77.166229248, -127.732971191, 17.6782302856, -73.5934524536, 70.7132720947, -157.082977295], [-2490.62109375, 1935.85461426, -341.216094971, 55.9036750793, 88.141204834, -46.267288208, 64.4113540649, -0.973992705345, 1.913164258, -74.0975341797, 53.9276199341, -26.0297489166, 42.2353782654], [-280.042541504, -341.216094971, 569.973144531, 1.59400522709, -3.07983136177, 45.7402915955, -10.8628740311, 22.4416007996, 56.8456535339, 44.3044090271, -5.84011316299, -4.56605768204, 1.30644977093], [-301.389282227, 55.9036750793, 1.59400522709, 277.708435059, 75.2078094482, -18.6738567352, 25.5258750916, -36.3755607605, 26.2008857727, 2.88934516907, -23.3003063202, 11.3926782608, 15.2133426666], [-341.78805542, 88.141204834, -3.07983136177, 75.2078094482, 192.251144409, -10.7400617599, -10.5152769089, -26.48188591, 22.682756424, 0.899881005287, 0.248607799411, -5.97181987762, 11.9297418594], [-2.31489062309, -46.267288208, 45.7402915955, -18.6738567352, -10.7400617599, 111.35723877, 1.98763906956, 14.297791481, 3.77791929245, 15.3771181107, 6.00163650513, -5.30550527573, -15.254483223], [-173.771713257, 64.4113540649, -10.8628740311, 25.5258750916, -10.5152769089, 1.98763906956, 151.726715088, -3.83976411819, -19.1525707245, -14.3748292923, 4.62250137329, 2.5517141819, 15.6438922882], [77.166229248, -0.973992705345, 22.4416007996, -36.3755607605, -26.48188591, 14.297791481, -3.83976411819, 108.649650574, 14.7626314163, -0.89580821991, 8.33149623871, -4.31128644943, -10.7548265457], [-127.732971191, 1.913164258, 56.8456535339, 26.2008857727, 22.682756424, 3.77791929245, -19.1525707245, 14.7626314163, 107.716293335, 23.4982223511, -0.533618927002, -6.64472532272, -3.48918485641], [17.6782302856, -74.0975341797, 44.3044090271, 2.88934516907, 0.899881005287, 15.3771181107, -14.3748292923, -0.89580821991, 23.4982223511, 95.795425415, 13.9243822098, -4.33593273163, -10.3873548508], [-73.5934524536, 53.9276199341, -5.84011316299, -23.3003063202, 0.248607799411, 6.00163650513, 4.62250137329, 8.33149623871, -0.533618927002, 13.9243822098, 89.5208511353, -4.89874124527, -8.05255126953], [70.7132720947, -26.0297489166, -4.56605768204, 11.3926782608, -5.97181987762, -5.30550527573, 2.5517141819, -4.31128644943, -6.64472532272, -4.33593273163, -4.89874124527, 68.9488449097, 9.97659301758], [-157.082977295, 42.2353782654, 1.30644977093, 15.2133426666, 11.9297418594, -15.254483223, 15.6438922882, -10.7548265457, -3.48918485641, -10.3873548508, -8.05255126953, 9.97659301758, 73.3714904785]],
