{
"lowlevel": {
    "average_loudness": 0.778615236282,
    "barkbands_crest": {
        "dmean": 1.77036046982,
        "dmean2": 2.7568860054,
        "dvar": 3.10442066193,
        "dvar2": 8.28071498871,
        "max": 23.6749362946,
        "mean": 10.5510568619,
        "median": 9.93155765533,
        "min": 3.67161846161,
        "var": 11.6264028549
    },
    "barkbands_flatness_db": {
        "dmean": 0.0200002063066,
        "dmean2": 0.0315127968788,
        "dvar": 0.000365864310879,
        "dvar2": 0.000787461583968,
        "max": 0.511383891106,
        "mean": 0.311990916729,
        "median": 0.316690266132,
        "min": 0.10204642266,
        "var": 0.00634395843372
    },
    "barkbands_kurtosis": {
        "dmean": 1.55369520187,
        "dmean2": 2.42440056801,
        "dvar": 4.43312454224,
        "dvar2": 10.9169807434,
        "max": 32.5911407471,
        "mean": 3.0635509491,
        "median": 1.74581480026,
        "min": -1.89466619492,
        "var": 17.0597991943
    },
    "barkbands_skewness": {
        "dmean": 0.324795097113,
        "dmean2": 0.493497878313,
        "dvar": 0.111247196794,
        "dvar2": 0.273136049509,
        "max": 4.17849111557,
        "mean": 0.880678355694,
        "median": 0.786601006985,
        "min": -1.73879301548,
        "var": 0.713970601559
    },
    "barkbands_spread": {
        "dmean": 1.82096076012,
        "dmean2": 2.74761581421,
        "dvar": 10.8955717087,
        "dvar2": 21.715631485,
        "max": 65.8059310913,
        "mean": 7.46735858917,
        "median": 6.04113817215,
        "min": 0.805424213409,
        "var": 43.642326355
    },
    "dissonance": {
        "dmean": 0.0412591323256,
        "dmean2": 0.0694047287107,
        "dvar": 0.00131092686206,
        "dvar2": 0.00362068414688,
        "max": 0.499936372042,
        "mean": 0.376405090094,
        "median": 0.383721798658,
        "min": 0.154509097338,
        "var": 0.00457106018439
    },
    "dynamic_complexity": 3.33286619186,
    "erbbands_crest": {
        "dmean": 2.52713441849,
        "dmean2": 4.08473205566,
        "dvar": 5.50127363205,
        "dvar2": 14.9296855927,
        "max": 28.6189422607,
        "mean": 12.4810142517,
        "median": 11.5570678711,
        "min": 3.98373103142,
        "var": 20.845331192
    },
    "erbbands_flatness_db": {
        "dmean": 0.0164859965444,
        "dmean2": 0.0248106643558,
        "dvar": 0.000272379344096,
        "dvar2": 0.000561718305107,
        "max": 0.452223271132,
        "mean": 0.32103073597,
        "median": 0.330119043589,
        "min": 0.128507465124,
        "var": 0.00405887467787
    },
    "erbbands_kurtosis": {
        "dmean": 1.37343490124,
        "dmean2": 2.19827914238,
        "dvar": 2.84642887115,
        "dvar2": 7.16920995712,
        "max": 19.0967445374,
        "mean": 1.46514844894,
        "median": 0.50111246109,
        "min": -1.79357528687,
        "var": 8.09644031525
    },
    "erbbands_skewness": {
        "dmean": 0.416949152946,
        "dmean2": 0.645615696907,
        "dvar": 0.155039936304,
        "dvar2": 0.389746874571,
        "max": 3.66739797592,
        "mean": 0.64940404892,
        "median": 0.616712749004,
        "min": -2.97133421898,
        "var": 0.790779352188
    },
    "erbbands_spread": {
        "dmean": 3.30709552765,
        "dmean2": 4.91253995895,
        "dvar": 24.0413455963,
        "dvar2": 49.2833976746,
        "max": 93.8304214478,
        "mean": 14.9352636337,
        "median": 11.3673963547,
        "min": 2.23768663406,
        "var": 133.48727417
    },
    "hfc": {
        "dmean": 2.67070603371,
        "dmean2": 3.84245300293,
        "dvar": 19.5762786865,
        "dvar2": 44.0046081543,
        "max": 73.7853393555,
        "mean": 10.3130617142,
        "median": 5.42433404922,
        "min": 0.00117638485972,
        "var": 140.552459717
    },
    "melbands_crest": {
        "dmean": 2.01449561119,
        "dmean2": 3.12040233612,
        "dvar": 4.50396108627,
        "dvar2": 11.473610878,
        "max": 31.6414375305,
        "mean": 12.8184614182,
        "median": 12.0077095032,
        "min": 3.77899336815,
        "var": 19.5477180481
    },
    "melbands_flatness_db": {
        "dmean": 0.019837776199,
        "dmean2": 0.0289987847209,
        "dvar": 0.000540584442206,
        "dvar2": 0.000942997576203,
        "max": 0.620280563831,
        "mean": 0.392160356045,
        "median": 0.402061134577,
        "min": 0.0931352078915,
        "var": 0.0125854201615
    },
    "melbands_kurtosis": {
        "dmean": 2.03355932236,
        "dmean2": 3.11818885803,
        "dvar": 10.0735912323,
        "dvar2": 22.8810577393,
        "max": 65.9588546753,
        "mean": 4.94806432724,
        "median": 3.12274312973,
        "min": -1.65344548225,
        "var": 43.0502052307
    },
    "melbands_skewness": {
        "dmean": 0.354208707809,
        "dmean2": 0.530339241028,
        "dvar": 0.128929212689,
        "dvar2": 0.298261463642,
        "max": 6.38582229614,
        "mean": 1.27303183079,
        "median": 1.15590286255,
        "min": -1.1367919445,
        "var": 0.944988787174
    },
    "melbands_spread": {
        "dmean": 2.51133155823,
        "dmean2": 3.83236455917,
        "dvar": 24.7169799805,
        "dvar2": 57.3375205994,
        "max": 120.169021606,
        "mean": 10.0889148712,
        "median": 8.07375907898,
        "min": 1.19835722446,
        "var": 74.8547668457
    },
    "pitch_salience": {
        "dmean": 0.0517040751874,
        "dmean2": 0.0808167532086,
        "dvar": 0.00202542520128,
        "dvar2": 0.00497476104647,
        "max": 0.861684203148,
        "mean": 0.589173913002,
        "median": 0.59785592556,
        "min": 0.206895530224,
        "var": 0.009885285981
    },
    "silence_rate_20dB": {
        "dmean": 0,
        "dmean2": 0,
        "dvar": 0,
        "dvar2": 0,
        "max": 1,
        "mean": 1,
        "median": 1,
        "min": 1,
        "var": 0
    },
    "silence_rate_30dB": {
        "dmean": 0.00154918665066,
        "dmean2": 0.00309957377613,
        "dvar": 0.0015467829071,
        "dvar2": 0.0030899499543,
        "max": 1,
        "mean": 0.997289955616,
        "median": 1,
        "min": 0,
        "var": 0.0027026378084
    },
    "silence_rate_60dB": {
        "dmean": 0.00774593325332,
        "dmean2": 0.0154978688806,
        "dvar": 0.00768580753356,
        "dvar2": 0.0168076008558,
        "max": 1,
        "mean": 0.0174216032028,
        "median": 0,
        "min": 0,
        "var": 0.017118209973
    },
    "spectral_centroid": {
        "dmean": 80.1303863525,
        "dmean2": 118.443084717,
        "dvar": 33385.7460938,
        "dvar2": 64124.8242188,
        "max": 3857.62548828,
        "mean": 565.159851074,
        "median": 471.552825928,
        "min": 209.492752075,
        "var": 138286.296875
    },
    "spectral_complexity": {
        "dmean": 1.62742054462,
        "dmean2": 2.57109642029,
        "dvar": 4.19494962692,
        "dvar2": 8.77348709106,
        "max": 41,
        "mean": 10.7243518829,
        "median": 9,
        "min": 0,
        "var": 25.3090858459
    },
    "spectral_decrease": {
        "dmean": 1.17022647128e-09,
        "dmean2": 1.69089264812e-09,
        "dvar": 3.17672923987e-18,
        "dvar2": 6.66913624408e-18,
        "max": -3.6332639371e-13,
        "mean": -5.20496090672e-09,
        "median": -3.63165053585e-09,
        "min": -3.46020918585e-08,
        "var": 2.00321422597e-17
    },
    "spectral_energy": {
        "dmean": 0.0046395054087,
        "dmean2": 0.00669976649806,
        "dvar": 4.97063883813e-05,
        "dvar2": 0.000104620456113,
        "max": 0.137059941888,
        "mean": 0.0205801390111,
        "median": 0.0141601478681,
        "min": 1.47797356931e-06,
        "var": 0.000318678823533
    },
    "spectral_energyband_high": {
        "dmean": 3.48769972334e-05,
        "dmean2": 4.79849659314e-05,
        "dvar": 4.45650911729e-08,
        "dvar2": 9.10817234967e-08,
        "max": 0.00632425677031,
        "mean": 5.66376365896e-05,
        "median": 1.22539745462e-06,
        "min": 1.91901361468e-09,
        "var": 9.61115631526e-08
    },
    "spectral_energyband_low": {
        "dmean": 0.000563818088267,
        "dmean2": 0.00079656264279,
        "dvar": 1.17243223485e-06,
        "dvar2": 2.21539562517e-06,
        "max": 0.0276991799474,
        "mean": 0.00298754242249,
        "median": 0.00223079929128,
        "min": 4.69235210687e-08,
        "var": 6.30649765299e-06
    },
    "spectral_energyband_middle_high": {
        "dmean": 0.00107606302481,
        "dmean2": 0.00159538013395,
        "dvar": 5.65185973755e-06,
        "dvar2": 1.33659141284e-05,
        "max": 0.05040544644,
        "mean": 0.00308344559744,
        "median": 0.00100745551754,
        "min": 6.14040175151e-07,
        "var": 2.95715362881e-05
    },
    "spectral_energyband_middle_low": {
        "dmean": 0.00403845170513,
        "dmean2": 0.00597709370777,
        "dvar": 4.24800055043e-05,
        "dvar2": 9.09163500182e-05,
        "max": 0.124278597534,
        "mean": 0.0152647644281,
        "median": 0.0106988931075,
        "min": 7.86549207987e-07,
        "var": 0.000221255992074
    },
    "spectral_entropy": {
        "dmean": 0.157989248633,
        "dmean2": 0.236136063933,
        "dvar": 0.0306224506348,
        "dvar2": 0.0559384860098,
        "max": 8.02076435089,
        "mean": 6.09845495224,
        "median": 5.97799110413,
        "min": 4.83290576935,
        "var": 0.459141284227
    },
    "spectral_flux": {
        "dmean": 0.0152064617723,
        "dmean2": 0.0238772612065,
        "dvar": 0.000338893150911,
        "dvar2": 0.000815144157968,
        "max": 0.257965803146,
        "mean": 0.0484780557454,
        "median": 0.0393774658442,
        "min": 0.00121571938507,
        "var": 0.00101793487556
    },
    "spectral_kurtosis": {
        "dmean": 22.4441680908,
        "dmean2": 38.4958457947,
        "dvar": 769.2734375,
        "dvar2": 2169.23095703,
        "max": 322.937225342,
        "mean": 61.619972229,
        "median": 33.4933204651,
        "min": -0.52473783493,
        "var": 3670.33886719
    },
    "spectral_rms": {
        "dmean": 0.000475406588521,
        "dmean2": 0.000679557502735,
        "dvar": 3.47330853856e-07,
        "dvar2": 6.91767638727e-07,
        "max": 0.0115636074916,
        "mean": 0.00414439011365,
        "median": 0.00371682364494,
        "min": 3.79726952815e-05,
        "var": 2.90221146315e-06
    },
    "spectral_rolloff": {
        "dmean": 129.848907471,
        "dmean2": 222.222610474,
        "dvar": 100227.03125,
        "dvar2": 214580.140625,
        "max": 5297.16796875,
        "mean": 704.145568848,
        "median": 516.796875,
        "min": 193.798828125,
        "var": 314823.875
    },
    "spectral_skewness": {
        "dmean": 1.18546295166,
        "dmean2": 2.04628920555,
        "dvar": 1.56637179852,
        "dvar2": 4.48216485977,
        "max": 13.9200057983,
        "mean": 5.05399847031,
        "median": 4.19279336929,
        "min": -0.0129539342597,
        "var": 9.02166175842
    },
    "spectral_spread": {
        "dmean": 288919.78125,
        "dmean2": 463791.90625,
        "dvar": 121207676928,
        "dvar2": 191176327168,
        "max": 14442938,
        "mean": 1591002.125,
        "median": 1456843.5,
        "min": 312328.75,
        "var": 955862155264
    },
    "spectral_strongpeak": {
        "dmean": 0.429222047329,
        "dmean2": 0.704387485981,
        "dvar": 0.439076513052,
        "dvar2": 1.07699787617,
        "max": 9.56047344208,
        "mean": 1.15611898899,
        "median": 0.729690492153,
        "min": 0.0051575913094,
        "var": 1.61252701283
    },
    "zerocrossingrate": {
        "dmean": 0.00319387367927,
        "dmean2": 0.00374563364312,
        "dvar": 2.23401002586e-05,
        "dvar2": 2.25394869631e-05,
        "max": 0.1533203125,
        "mean": 0.0252507384866,
        "median": 0.0224609375,
        "min": 0.0068359375,
        "var": 0.000207872042665
    },
    "barkbands": {
        "dmean": [5.09217761646e-06, 0.000286836468149, 0.000230910241953, 0.000354603718733, 0.00123175873887, 0.00100375781767, 0.00171798223164, 0.00110518781003, 0.000279851956293, 0.000395732786274, 0.000433945446275, 0.000262683315668, 0.000112088324386, 0.000165263947565, 0.000108503067167, 3.8722766476e-05, 5.35711224074e-05, 3.82396319765e-05, 1.58457423822e-05, 2.00449012482e-05, 1.69504910446e-05, 3.21823085869e-06, 1.79709786607e-06, 2.15754039345e-06, 5.8940446479e-07, 1.15911791276e-09, 7.44602823843e-10],
        "dmean2": [8.54088284541e-06, 0.000427306425991, 0.000303828303004, 0.000545391114429, 0.00181082822382, 0.00150381843559, 0.00273655098863, 0.0016237742966, 0.000378960714443, 0.000602433516178, 0.000681162113324, 0.000370254914742, 0.000165658362675, 0.000245443312451, 0.000166102181538, 6.0380953073e-05, 8.25802781037e-05, 6.31768853054e-05, 2.50676712312e-05, 3.06206711684e-05, 2.51474757533e-05, 4.80910784972e-06, 2.62726757683e-06, 3.06850029119e-06, 8.95004518497e-07, 2.0004686796e-09, 1.36262201522e-09],
        "dvar": [1.19587340031e-10, 2.11014153706e-07, 2.0548577595e-07, 5.06141645928e-07, 4.40615258412e-06, 2.49220488513e-06, 1.56552105182e-05, 1.27710509332e-05, 7.74793306846e-07, 1.13373118893e-06, 2.17131264435e-06, 1.89872923784e-06, 1.91914381276e-07, 3.58913638365e-07, 1.41521184105e-07, 2.32870878136e-08, 1.57988608862e-07, 2.53328416022e-08, 2.37625936705e-08, 2.41772575293e-08, 1.13721245754e-08, 1.07781417125e-09, 1.03936505236e-10, 1.18112436498e-10, 7.77667600455e-12, 1.14660914467e-17, 1.21995522891e-18],
        "dvar2": [2.62506877347e-10, 4.93936113344e-07, 3.65633383126e-07, 1.16499086289e-06, 9.46021464188e-06, 5.47474564883e-06, 4.01207253162e-05, 2.39043602051e-05, 1.22973040106e-06, 2.55693112194e-06, 5.36850711796e-06, 4.21035110776e-06, 3.59975246056e-07, 7.60031923619e-07, 2.81584703998e-07, 6.06074763709e-08, 4.16910154399e-07, 6.92325627938e-08, 6.84401726403e-08, 6.24795504223e-08, 2.40694539855e-08, 2.77794365289e-09, 2.06312938955e-10, 2.77906780921e-10, 1.76636431176e-11, 2.49089195643e-17, 3.67640216454e-18],
        "max": [0.000180201750482, 0.00850774534047, 0.00936302356422, 0.017924811691, 0.0404071807861, 0.0293251648545, 0.0699559003115, 0.101398602128, 0.0332991555333, 0.0287337061018, 0.0349606722593, 0.0452093668282, 0.0144814774394, 0.0133705604821, 0.00880692433566, 0.0030213042628, 0.0154873291031, 0.00352207501419, 0.00538407359272, 0.00565860886127, 0.00301392120309, 0.00139237917028, 0.000249997072387, 0.000290471711196, 7.23943376215e-05, 1.14891442138e-07, 1.36712490217e-08],
        "mean": [3.1380681321e-05, 0.00144032214303, 0.000982249504887, 0.000816300162114, 0.00397744402289, 0.00300305825658, 0.00329857016914, 0.00290626008064, 0.000740699470043, 0.000951257476117, 0.000742485455703, 0.000564304820728, 0.000229830824537, 0.000383383332519, 0.000219074281631, 6.85224076733e-05, 8.04153751233e-05, 5.77593127673e-05, 2.22752169066e-05, 2.62374724116e-05, 2.54391961789e-05, 5.00574196849e-06, 3.1435404253e-06, 3.91926459997e-06, 8.21044125132e-07, 1.3045855507e-09, 6.49877873737e-10],
        "median": [1.73274438566e-05, 0.00128465495072, 0.000608316797297, 0.000472098647151, 0.00267356797121, 0.0023716990836, 0.00109880289529, 0.000429315667134, 9.21256141737e-05, 0.000316402380122, 0.000181014198461, 4.0364357119e-05, 7.17638658898e-06, 2.32643124036e-05, 7.51208062866e-06, 3.02297075905e-06, 7.314656159e-06, 3.32542822434e-06, 1.09680252081e-06, 4.67773276114e-07, 3.05714337401e-07, 7.15456138778e-08, 9.63220898598e-08, 1.0625488045e-07, 1.2586727216e-08, 4.62565291626e-10, 2.51337062274e-10],
        "min": [8.17236944783e-10, 3.01794571556e-08, 1.17922960285e-08, 1.53052575058e-08, 4.12280414253e-08, 1.26792826904e-07, 1.26249844357e-07, 3.55407621555e-07, 3.01984144357e-08, 1.0095121894e-07, 2.32114672372e-07, 5.08536608379e-08, 1.3165253776e-08, 2.92458022244e-08, 8.66630678331e-09, 8.94871232671e-10, 7.12851166984e-10, 6.88462753473e-09, 1.62358448907e-09, 1.90191773441e-09, 3.39107575353e-10, 1.08047959468e-10, 1.34376967886e-10, 9.27239049431e-11, 1.90829886615e-11, 5.24897833531e-12, 5.60342310746e-12],
        "var": [1.14838516474e-09, 8.69288328431e-07, 1.27655789584e-06, 1.46175773352e-06, 1.89560250874e-05, 7.85423344496e-06, 4.03365702368e-05, 8.28811826068e-05, 8.25185907161e-06, 4.73775435239e-06, 4.35095216744e-06, 6.74651573718e-06, 8.07204571629e-07, 1.72840975665e-06, 4.47736482556e-07, 4.74201335976e-08, 1.35690569891e-07, 3.16224877395e-08, 1.76604526558e-08, 3.2732376809e-08, 2.37863186925e-08, 1.79174208803e-09, 1.76725412082e-10, 2.05572586731e-10, 1.03573209037e-11, 1.46530909611e-17, 1.16940839302e-18]
    },
    "erbbands": {
        "dmean": [0.00502327131107, 0.0764656662941, 0.219589337707, 0.785881757736, 2.40646767616, 4.34346008301, 7.853972435, 7.81924676895, 23.4560241699, 26.6670398712, 17.3741722107, 6.06650876999, 13.1828193665, 11.6938705444, 15.1222677231, 9.46541404724, 4.49534797668, 8.35307216644, 6.31838035583, 3.47224617004, 2.02169418335, 2.86905455589, 2.4289996624, 0.927306354046, 0.642075777054, 0.896966218948, 0.892920434475, 0.515111863613, 0.122601889074, 0.0324043892324, 0.0580423101783, 0.0590713173151, 0.0291608460248, 0.0121360989287, 0.00116477929987, 5.24633251189e-05, 4.01166516895e-06, 8.79072103999e-07, 2.30816999647e-06, 5.27607244294e-06],
        "dmean2": [0.00765405409038, 0.113253392279, 0.31991186738, 1.14000952244, 3.65013003349, 6.48806428909, 10.9394903183, 12.2360267639, 39.2649688721, 37.9906311035, 25.1348743439, 8.11712932587, 19.5259017944, 17.9200077057, 23.3221969604, 12.9708623886, 6.40755987167, 12.1389770508, 9.07831382751, 5.05223464966, 3.05598568916, 4.44644355774, 3.9508638382, 1.4967212677, 1.00985562801, 1.33785605431, 1.31384146214, 0.742981076241, 0.174717351794, 0.0453951582313, 0.0833893567324, 0.0815887004137, 0.0440494157374, 0.0182882566005, 0.00180256809108, 8.07495744084e-05, 6.12141411693e-06, 1.38390089433e-06, 3.31492742589e-06, 7.60955344958e-06],
        "dvar": [7.90702324593e-05, 0.0147499423474, 0.161751076579, 3.06565690041, 14.7187080383, 65.539604187, 317.512054443, 173.17237854, 3260.68945312, 6807.15185547, 2281.47900391, 337.176513672, 1034.96740723, 1490.12524414, 1649.1628418, 3154.43212891, 245.395217896, 924.072814941, 419.380218506, 129.280838013, 70.2854003906, 482.62399292, 114.29510498, 56.7366256714, 30.2339515686, 40.4378242493, 37.4371185303, 13.2261075974, 0.929493308067, 0.0334921292961, 0.107867404819, 0.0672408938408, 0.052473757416, 0.00368142151274, 3.72752620024e-05, 6.90445247642e-08, 1.5102714912e-10, 3.66985088152e-12, 1.18251250805e-11, 6.3546258533e-11],
        "dvar2": [0.000176789486432, 0.0350146479905, 0.322356671095, 5.92214202881, 38.4863204956, 150.198013306, 558.673522949, 437.953613281, 9840.78222656, 13859.6044922, 4119.40527344, 509.906188965, 2341.63549805, 3443.62304688, 4029.92602539, 6527.42578125, 470.641479492, 1916.69116211, 791.161621094, 261.12588501, 184.186843872, 1307.99829102, 317.993591309, 163.091094971, 82.9526138306, 98.2329788208, 75.6738739014, 28.4919548035, 2.02953958511, 0.0617061331868, 0.220714762807, 0.131977006793, 0.143720716238, 0.00859931576997, 9.15281198104e-05, 1.68799203948e-07, 3.61959490158e-10, 8.52962752512e-12, 2.5155514824e-11, 1.34414604447e-10],
        "max": [0.136368259788, 2.23698067665, 6.78939676285, 52.3194274902, 67.9627761841, 174.591445923, 402.791381836, 277.186248779, 834.949523926, 1684.92785645, 1733.52905273, 663.457336426, 777.991088867, 1116.02575684, 891.443786621, 2102.41113281, 529.984069824, 789.248657227, 463.966308594, 321.378662109, 175.852859497, 847.038818359, 244.06137085, 259.115905762, 178.152770996, 237.252090454, 189.274902344, 128.8021698, 40.297744751, 5.30299806595, 7.8161072731, 6.30325269699, 7.67659568787, 1.46479308605, 0.148943275213, 0.00636532483622, 0.000262592715444, 4.27693776146e-05, 6.66415580781e-05, 0.000154867666424],
        "mean": [0.0366760715842, 0.340123534203, 1.01612901688, 2.45273017883, 6.04298400879, 13.1386518478, 27.4194641113, 19.7012691498, 40.3746261597, 73.0629043579, 42.1278114319, 16.8185958862, 32.6401786804, 25.4050483704, 29.0465908051, 20.0835475922, 10.0826253891, 21.0846652985, 14.3993558884, 7.45182085037, 3.88415193558, 4.55284643173, 3.77870678902, 1.49774181843, 0.94447684288, 1.23327434063, 1.32634055614, 0.763918638229, 0.212726265192, 0.0580574609339, 0.101877078414, 0.110023573041, 0.0469490066171, 0.017607005313, 0.00133924325928, 7.28599916329e-05, 1.10613545985e-05, 2.34493268181e-06, 1.01864297903e-05, 2.33259816014e-05],
        "median": [0.0358891896904, 0.294324606657, 0.654880821705, 1.35476946831, 4.73352622986, 6.84688711166, 13.6050930023, 10.8363647461, 15.7339496613, 13.5851488113, 8.57285785675, 3.00508093834, 10.15376091, 7.11589956284, 8.85019207001, 2.05091452599, 0.599767327309, 1.28140556812, 0.501654267311, 0.331169515848, 0.317683964968, 0.305265456438, 0.212250038981, 0.11045782268, 0.042976424098, 0.0255093798041, 0.0180582217872, 0.00573789607733, 0.00271064182743, 0.00174660305493, 0.00308850035071, 0.00304485415109, 0.001232375158, 0.000367145170458, 3.00987576338e-05, 1.26295853988e-05, 6.04185743214e-06, 1.14756903713e-06, 6.86435350872e-06, 1.58440270752e-05],
        "min": [6.56028134927e-07, 7.40711129765e-06, 1.65063920576e-05, 2.86799695459e-05, 0.000132858622237, 0.000131194348796, 0.000269321026281, 0.00118187058251, 0.0014715824509, 0.00633956305683, 0.00459888856858, 0.000794599589426, 0.00194884359371, 0.002377233468, 0.00828740745783, 0.00185903045349, 0.000668960041367, 0.00150247081183, 0.000551157514565, 0.000269232754363, 4.25869329774e-05, 5.32873709744e-05, 0.000300764571875, 0.000238019638346, 7.59353715694e-05, 9.16217613849e-05, 4.7199864639e-05, 3.15233592119e-06, 5.29284716322e-06, 2.17412753045e-06, 4.15620843341e-06, 2.88591104436e-06, 1.24777500332e-06, 6.50044285067e-07, 5.58107871029e-08, 2.22069864719e-08, 1.11132889558e-08, 5.08698017043e-09, 2.22031970587e-09, 1.8248323963e-09],
        "var": [0.000356125558028, 0.0628650709987, 1.1186144352, 13.8905553818, 41.2060546875, 262.192993164, 1292.98291016, 486.012451172, 4992.31054688, 38108.3242188, 13193.5097656, 3039.4855957, 6536.07373047, 2930.06762695, 4661.59521484, 9833.51757812, 985.157775879, 5323.39746094, 1783.20776367, 504.4296875, 141.357681274, 408.037994385, 135.227890015, 44.0894203186, 28.7981548309, 65.1307373047, 76.3650131226, 27.4064655304, 2.54251813889, 0.104908742011, 0.176486432552, 0.146219834685, 0.050093151629, 0.00472806859761, 3.77961841878e-05, 7.24148563336e-08, 2.43102427078e-10, 9.59037363413e-12, 7.96507651502e-11, 4.15886131089e-10]
    },
    "gfcc": {
        "mean": [-147.327636719, 221.298278809, -111.295898438, -1.93917524815, -51.2544288635, -11.0083208084, -21.834777832, -8.70584869385, -6.23132944107, -17.9227313995, 9.09906196594, -12.6953716278, 10.8544883728],
        "cov": [[6752.33251953, -2854.46142578, -2281.33178711, 1480.83935547, -977.26965332, 740.093200684, -895.757751465, 329.696990967, 420.976470947, 11.5556364059, 433.104095459, -490.790374756, 23.1243209839], [-2854.46142578, 1930.58190918, 1128.56176758, -1128.74108887, 665.182495117, -447.548126221, 612.238647461, -209.219711304, -184.435897827, -36.0167770386, -258.464538574, 307.282196045, -62.7238883972], [-2281.33178711, 1128.56176758, 1408.30822754, -452.122009277, 269.885467529, -255.770797729, 249.017501831, -136.186798096, -245.699310303, -63.1381988525, -196.372314453, 155.770797729, -12.3920812607], [1480.83935547, -1128.74108887, -452.122009277, 971.755615234, -340.46786499, 204.551361084, -401.430938721, 99.0905838013, 92.2007369995, -1.07096064091, 116.638626099, -187.923339844, 71.0607833862], [-977.26965332, 665.182495117, 269.885467529, -340.46786499, 421.442596436, -168.722824097, 159.887710571, -43.8219032288, -33.7584266663, 9.94466495514, -124.044891357, 105.209724426, -1.13436210155], [740.093200684, -447.548126221, -255.770797729, 204.551361084, -168.722824097, 283.516540527, -110.396881104, 59.1747550964, 62.6000442505, 8.42736053467, 98.8441848755, -100.833198547, -9.6966085434], [-895.757751465, 612.238647461, 249.017501831, -401.430938721, 159.887710571, -110.396881104, 415.654388428, -60.2858428955, -72.8983688354, 22.2587528229, -71.5422668457, 130.592498779, -44.5105705261], [329.696990967, -209.219711304, -136.186798096, 99.0905838013, -43.8219032288, 59.1747550964, -60.2858428955, 142.561752319, 53.0751495361, -0.685151994228, 50.1597328186, -16.9008693695, 10.5875339508], [420.976470947, -184.435897827, -245.699310303, 92.2007369995, -33.7584266663, 62.6000442505, -72.8983688354, 53.0751495361, 200.72088623, 62.6737747192, 32.711681366, -50.627155304, -3.67505025864], [11.5556364059, -36.0167770386, -63.1381988525, -1.07096064091, 9.94466495514, 8.42736053467, 22.2587528229, -0.685151994228, 62.6737747192, 133.676483154, 4.35696744919, -17.5806083679, 5.50082731247], [433.104095459, -258.464538574, -196.372314453, 116.638626099, -124.044891357, 98.8441848755, -71.5422668457, 50.1597328186, 32.711681366, 4.35696744919, 162.323608398, -33.7916564941, -20.7997989655], [-490.790374756, 307.282196045, 155.770797729, -187.923339844, 105.209724426, -100.833198547, 130.592498779, -16.9008693695, -50.627155304, -17.5806083679, -33.7916564941, 152.404586792, 7.70394659042], [23.1243209839, -62.7238883972, -12.3920812607, 71.0607833862, -1.13436210155, -9.6966085434, -44.5105705261, 10.5875339508, -3.67505025864, 5.50082731247, -20.7997989655, 7.70394659042, 75.9592056274]],
        "icov": [[0.000571640324779, -0.000291574862786, 0.000789103738498, -0.00031524678343, 0.000720964453649, -0.000431168387877, 0.000571983342525, -0.000362368766218, 0.000148402483319, 2.18691038754e-05, 0.000406130915508, 3.86707106372e-05, 0.000463147152914], [-0.000291574862786, 0.0189414210618, -0.00829086266458, 0.00966436974704, -0.0129964957014, 0.00675130542368, -0.0097394483164, 0.00828971341252, -0.00781184481457, 0.00764071615413, -0.00577196711674, 0.00114788813516, -0.00348698883317], [0.000789103738498, -0.00829086266458, 0.00556595204398, -0.00423675915226, 0.00617655925453, -0.00307785626501, 0.00480323983356, -0.0037647895515, 0.00450010644272, -0.00320590985939, 0.00368746533059, -0.000665329454932, 0.00235090008937], [-0.00031524678343, 0.00966436974704, -0.00423675915226, 0.00727167818695, -0.00581414718181, 0.00342989037745, -0.0038502428215, 0.00389543734491, -0.0038469391875, 0.0037962498609, -0.00299590150826, 0.00147248187568, -0.00329639599659], [0.000720964453649, -0.0129964957014, 0.00617655925453, -0.00581414718181, 0.0137196192518, -0.0039214878343, 0.00719654513523, -0.00637759687379, 0.00496673258021, -0.00556210568175, 0.00621237279847, -0.0016526785912, 0.0028175173793], [-0.000431168387877, 0.00675130542368, -0.00307785626501, 0.00342989037745, -0.0039214878343, 0.00876928772777, -0.00412283744663, 0.00209961063229, -0.00318783265539, 0.00296111335047, -0.0040669515729, 0.00310320151038, -0.0014493491035], [0.000571983342525, -0.0097394483164, 0.00480323983356, -0.0038502428215, 0.00719654513523, -0.00412283744663, 0.0105178589001, -0.00430196570233, 0.00520458025858, -0.00573319196701, 0.0044977827929, -0.00353967887349, 0.00477067334577], [-0.000362368766218, 0.00828971341252, -0.0037647895515, 0.00389543734491, -0.00637759687379, 0.00209961063229, -0.00430196570233, 0.013027750887, -0.00556698581204, 0.00447559403256, -0.00479617388919, -0.000535526138265, -0.00331923062913], [0.000148402483319, -0.00781184481457, 0.00450010644272, -0.0038469391875, 0.00496673258021, -0.00318783265539, 0.00520458025858, -0.00556698581204, 0.0115596093237, -0.00676441984251, 0.00338306557387, -8.72756063472e-05, 0.00331447809003], [2.18691038754e-05, 0.00764071615413, -0.00320590985939, 0.0037962498609, -0.00556210568175, 0.00296111335047, -0.00573319196701, 0.00447559403256, -0.00676441984251, 0.0130352862179, -0.00342570338398, 0.00252601085231, -0.0039256750606], [0.000406130915508, -0.00577196711674, 0.00368746533059, -0.00299590150826, 0.00621237279847, -0.0040669515729, 0.0044977827929, -0.00479617388919, 0.00338306557387, -0.00342570338398, 0.0127693973482, -0.00260421913117, 0.00556463841349], [3.86707106372e-05, 0.00114788813516, -0.000665329454932, 0.00147248187568, -0.0016526785912, 0.00310320151038, -0.00353967887349, -0.000535526138265, -8.72756063472e-05, 0.00252601085231, -0.00260421913117, 0.0129419406876, -0.0043909009546], [0.000463147152914, -0.00348698883317, 0.00235090008937, -0.00329639599659, 0.0028175173793, -0.0014493491035, 0.00477067334577, -0.00331923062913, 0.00331447809003, -0.0039256750606, 0.00556463841349, -0.0043909009546, 0.019140874967]]
    },
    "melbands": {
        "dmean": [6.40701400698e-05, 0.000106686056824, 0.000166123019881, 0.000235281433561, 0.00025367832859, 0.000207873090403, 0.000343110412359, 0.000284233072307, 0.000125092992675, 3.67970642401e-05, 6.65869083605e-05, 4.72026149509e-05, 5.92996620981e-05, 3.29682879965e-05, 1.31637834784e-05, 1.21367056636e-05, 1.69038048625e-05, 1.11210092655e-05, 7.17552075002e-06, 3.09559459311e-06, 2.39475912167e-06, 2.85074270323e-06, 3.54893768417e-06, 1.39033795676e-06, 7.48600541556e-07, 5.57102794119e-07, 4.01622799018e-07, 6.95146695762e-07, 6.83735379425e-07, 3.94321290287e-07, 2.74836224889e-07, 8.58772679635e-08, 2.21443361426e-08, 1.58030388775e-08, 2.98327123005e-08, 4.45753656209e-08, 3.61900767132e-08, 2.42980018328e-08, 1.27147163909e-08, 9.9753192373e-09],
        "dmean2": [9.44993371377e-05, 0.000156398033141, 0.000249147211434, 0.000354477990186, 0.00035568716703, 0.000329155271174, 0.000563334207982, 0.000407030776842, 0.000178921211045, 4.8851226893e-05, 9.85822480288e-05, 7.20675234334e-05, 9.09832451725e-05, 5.00896749145e-05, 1.78295613296e-05, 1.76369776455e-05, 2.47315620072e-05, 1.59416995302e-05, 1.07723390101e-05, 4.61054059997e-06, 3.67334632756e-06, 4.43037697551e-06, 5.71875989408e-06, 2.29000511354e-06, 1.20703225548e-06, 8.95537311862e-07, 5.81937399602e-07, 1.08222911877e-06, 1.03750835478e-06, 5.73774570967e-07, 4.09910796861e-07, 1.26564017933e-07, 3.13644612504e-08, 2.34454695658e-08, 4.32458620025e-08, 6.42289421648e-08, 5.16030098652e-08, 3.7568511857e-08, 1.91037194952e-08, 1.5221816696e-08],
        "dvar": [1.03614388181e-08, 3.72930770709e-08, 8.80290187411e-08, 1.7342287606e-07, 3.08030195129e-07, 1.26062886352e-07, 6.52837172765e-07, 8.20803791157e-07, 1.23812498032e-07, 1.35213644725e-08, 2.67368474027e-08, 2.51037697296e-08, 3.51615980776e-08, 3.5366625184e-08, 5.32872679315e-09, 2.45141129618e-09, 4.00466326766e-09, 1.35673505763e-09, 6.96041391191e-10, 1.24329144202e-10, 1.10340306336e-10, 4.99131791454e-10, 3.35946687136e-10, 3.26324800515e-11, 4.26811155863e-11, 3.06260468375e-11, 5.49256733845e-12, 3.18734379168e-11, 2.5785023422e-11, 6.04542197552e-12, 5.10484493219e-12, 5.81945245031e-13, 2.20515456345e-14, 7.47191056179e-15, 2.80918595542e-14, 5.36756071176e-14, 2.30550069324e-14, 3.86217852133e-14, 5.67655350283e-15, 2.35499448006e-15],
        "dvar2": [2.32066170724e-08, 7.8392559999e-08, 2.02558211981e-07, 4.1477966306e-07, 5.51526170511e-07, 3.40136921295e-07, 1.87641865068e-06, 1.63953586707e-06, 2.18085006054e-07, 1.9087131875e-08, 5.96001505926e-08, 5.73586476094e-08, 8.59758486627e-08, 8.40855420847e-08, 7.81492026647e-09, 4.60369919963e-09, 8.53749160257e-09, 2.60190780033e-09, 1.35248034994e-09, 2.70019201443e-10, 2.86654477932e-10, 1.31243849122e-09, 9.28034871173e-10, 9.23345497283e-11, 1.22798188285e-10, 8.81802339481e-11, 1.17990643297e-11, 8.18724393836e-11, 5.44306717754e-11, 1.29422080691e-11, 1.17287828755e-11, 1.42204141258e-12, 4.64545970322e-14, 1.48179266166e-14, 5.97249978423e-14, 1.0371684658e-13, 4.79808724761e-14, 1.06815584481e-13, 1.4298798758e-14, 5.49986793575e-15],
        "max": [0.00174823170528, 0.00345249613747, 0.00723319128156, 0.0113575290889, 0.0116386692971, 0.00776387937367, 0.0142555683851, 0.0185480918735, 0.0113423857838, 0.00473066233099, 0.00397737696767, 0.00488487444818, 0.00466451607645, 0.006120626349, 0.00340319843963, 0.00153717468493, 0.00173350947443, 0.000792445498519, 0.000793786370195, 0.000274771125987, 0.0002215741697, 0.000878600287251, 0.000543556234334, 0.000110146058432, 0.000227405020269, 0.000191677740077, 4.70137565571e-05, 0.000218260713154, 0.000153919361765, 5.73717043153e-05, 8.48151394166e-05, 3.24224602082e-05, 4.87981787956e-06, 2.24433938456e-06, 3.72643603441e-06, 6.48904551781e-06, 3.69524855159e-06, 6.64572371534e-06, 2.12028044189e-06, 1.03045624655e-06],
        "mean": [0.00036559815635, 0.000520660367329, 0.000486080884002, 0.000657014548779, 0.000893070478924, 0.000509177043568, 0.000617635145318, 0.000796860607807, 0.000285267655272, 0.000102065489045, 0.000162762167747, 9.83600766631e-05, 0.000106220009911, 7.13244589861e-05, 2.58858126472e-05, 2.68236653937e-05, 4.06327708333e-05, 2.40146655415e-05, 1.43938941619e-05, 5.99983422944e-06, 4.22363427788e-06, 4.35553283751e-06, 5.22872096553e-06, 2.08108895094e-06, 1.11912117973e-06, 7.44103488159e-07, 5.81089466323e-07, 8.97608117612e-07, 9.40722429732e-07, 5.83696191825e-07, 3.95425757915e-07, 1.37658318522e-07, 3.60399852184e-08, 2.64843400544e-08, 4.94863030553e-08, 7.84190490322e-08, 6.48249596225e-08, 3.6590179775e-08, 2.01293381963e-08, 1.25374128856e-08],
        "median": [0.000344976549968, 0.000365452753613, 0.000355320051312, 0.000456674024463, 0.000456820009276, 0.000305311084958, 0.000246037438046, 0.00013701840362, 5.20593530382e-05, 1.63517452165e-05, 4.88422374474e-05, 2.4996295906e-05, 3.06816691591e-05, 7.1740050771e-06, 1.42973010497e-06, 1.0450978607e-06, 2.45816136157e-06, 7.9415451637e-07, 4.84934957967e-07, 2.87732490278e-07, 3.9029242771e-07, 3.57501164672e-07, 2.09179958688e-07, 1.50963117562e-07, 6.47031939138e-08, 3.88617600322e-08, 1.69444369646e-08, 1.34088322667e-08, 1.36166873332e-08, 5.41464872938e-09, 2.31622920843e-09, 1.42034639605e-09, 7.44907968642e-10, 8.38379476953e-10, 1.70486447182e-09, 1.85520865337e-09, 1.50133283583e-09, 6.40303199351e-10, 5.72184577496e-10, 1.19911622298e-10],
        "min": [7.26207272095e-09, 9.30071042404e-09, 8.09807332303e-09, 1.07217426049e-08, 7.537114044e-09, 2.77574816465e-08, 2.19051976558e-08, 6.15014741356e-08, 2.9833028492e-08, 4.45842429642e-09, 8.2155731107e-09, 5.55859358542e-09, 3.19395887516e-08, 7.87232323773e-09, 1.80661396953e-09, 1.78624492975e-09, 2.87646995112e-09, 7.12411796222e-10, 6.39668984448e-10, 1.53211388021e-10, 2.58135145204e-11, 3.99215382973e-11, 1.25771129622e-10, 3.66813163177e-10, 1.56095386616e-10, 5.42514470847e-11, 4.8614987036e-11, 6.60374741002e-11, 4.1357264835e-11, 5.33318961909e-12, 3.73120317195e-13, 5.03380865637e-13, 1.12335336346e-12, 1.24664937661e-12, 2.05429683681e-12, 3.0757408339e-12, 1.23507909629e-12, 4.94071634733e-13, 3.00014841529e-13, 1.92975545482e-13],
        "var": [4.335509729e-08, 2.25329557679e-07, 2.96897610497e-07, 6.85865586547e-07, 1.28767214846e-06, 3.02904112459e-07, 1.11233998723e-06, 4.93117249789e-06, 6.27894849003e-07, 1.55343329311e-07, 1.68129474787e-07, 4.79639581386e-08, 7.48961852537e-08, 9.85393029396e-08, 1.83713044777e-08, 1.14158424935e-08, 2.15716493557e-08, 5.51373169344e-09, 2.12230921726e-09, 3.51662449161e-10, 2.01554772872e-10, 4.32997304678e-10, 3.44815592745e-10, 4.00183219895e-11, 3.12321696283e-11, 2.30713330385e-11, 9.3118152078e-12, 4.48759952809e-11, 4.71744414365e-11, 1.18027410762e-11, 9.62215637029e-12, 1.25092319316e-12, 5.87365510504e-14, 1.83399489036e-14, 4.30326821811e-14, 9.49362116698e-14, 5.18212859776e-14, 3.6082959808e-14, 6.65581041074e-15, 2.7950522366e-15]
    },
    "mfcc": {
        "mean": [-778.569274902, 226.256988525, 20.8816184998, 3.54617094994, 2.01411271095, -9.9082660675, -3.00305008888, 0.364813417196, -3.94523358345, -2.69868540764, -10.2271928787, 5.00769281387, -4.30659532547],
        "cov": [[6814.50634766, -2357.61083984, -2326.43017578, 452.658691406, 63.0891189575, -152.483306885, -207.442077637, -335.824951172, -142.749282837, 564.351501465, -38.9717102051, 504.728302002, -310.495117188], [-2357.61083984, 1734.46728516, 730.208862305, -491.050750732, -62.0489463806, 12.7616291046, 103.477912903, 225.67527771, 67.5612945557, -247.189941406, 13.9478712082, -140.945327759, 162.111602783], [-2326.43017578, 730.208862305, 1309.28259277, -47.7029380798, -82.5129547119, 106.402198792, 79.5797195435, 107.673583984, 33.3827629089, -244.907363892, -6.53369855881, -195.295883179, 53.3452949524], [452.658691406, -491.050750732, -47.7029380798, 440.895080566, 90.0560531616, -35.5988502502, -42.7231750488, -74.3921737671, -9.05470561981, 16.6020069122, -37.5682907104, -14.099606514, -53.3130569458], [63.0891189575, -62.0489463806, -82.5129547119, 90.0560531616, 281.693725586, -20.0320339203, -81.3338165283, -22.6658687592, 8.71112918854, 33.609085083, -4.78523588181, -44.7849845886, -25.1240997314], [-152.483306885, 12.7616291046, 106.402198792, -35.5988502502, -20.0320339203, 163.112442017, 21.4134521484, -27.3898391724, 19.5409507751, 1.61496806145, 30.5067481995, 7.89618730545, -50.6452636719], [-207.442077637, 103.477912903, 79.5797195435, -42.7231750488, -81.3338165283, 21.4134521484, 158.320098877, 57.132358551, -34.9115104675, -23.4598712921, 5.83871078491, -18.7955875397, 27.899887085], [-335.824951172, 225.67527771, 107.673583984, -74.3921737671, -22.6658687592, -27.3898391724, 57.132358551, 158.153518677, 5.91021728516, -54.8863525391, -10.2818450928, -34.3485565186, 60.2878952026], [-142.749282837, 67.5612945557, 33.3827629089, -9.05470561981, 8.71112918854, 19.5409507751, -34.9115104675, 5.91021728516, 149.605957031, -10.0250835419, -5.74834537506, 17.9723644257, 21.0707836151], [564.351501465, -247.189941406, -244.907363892, 16.6020069122, 33.609085083, 1.61496806145, -23.4598712921, -54.8863525391, -10.0250835419, 187.61315918, 43.0537147522, 36.5289764404, -46.6075248718], [-38.9717102051, 13.9478712082, -6.53369855881, -37.5682907104, -4.78523588181, 30.5067481995, 5.83871078491, -10.2818450928, -5.74834537506, 43.0537147522, 103.98274231, 39.2621574402, -10.4907312393], [504.728302002, -140.945327759, -195.295883179, -14.099606514, -44.7849845886, 7.89618730545, -18.7955875397, -34.3485565186, 17.9723644257, 36.5289764404, 39.2621574402, 184.862960815, 16.7828407288], [-310.495117188, 162.111602783, 53.3452949524, -53.3130569458, -25.1240997314, -50.6452636719, 27.899887085, 60.2878952026, 21.0707836151, -46.6075248718, -10.4907312393, 16.7828407288, 149.04675293]],
