{
"lowlevel": {
    "average_loudness": 0.981877028942,
    "barkbands_crest": {
        "dmean": 3.22731423378,
        "dmean2": 5.45139360428,
        "dvar": 7.34371423721,
        "dvar2": 19.9757099152,
        "max": 24.2876224518,
        "mean": 11.7195301056,
        "median": 11.0528354645,
        "min": 3.79226875305,
        "var": 15.6190567017
    },
    "barkbands_flatness_db": {
        "dmean": 0.0302781853825,
        "dmean2": 0.0495279766619,
        "dvar": 0.00073748268187,
        "dvar2": 0.00193767878227,
        "max": 0.422125309706,
        "mean": 0.257485330105,
        "median": 0.258523732424,
        "min": 0.102865546942,
        "var": 0.00218678126112
    },
    "barkbands_kurtosis": {
        "dmean": 5.37282752991,
        "dmean2": 8.8140745163,
        "dvar": 71.5928878784,
        "dvar2": 187.994338989,
        "max": 119.760223389,
        "mean": 9.70102500916,
        "median": 6.75326538086,
        "min": -0.997766494751,
        "var": 112.284828186
    },
    "barkbands_skewness": {
        "dmean": 0.676466584206,
        "dmean2": 1.07562947273,
        "dvar": 0.476946473122,
        "dvar2": 1.21060824394,
        "max": 9.18283176422,
        "mean": 2.27467179298,
        "median": 2.08618497849,
        "min": -0.539861261845,
        "var": 1.46560180187
    },
    "barkbands_spread": {
        "dmean": 2.41766786575,
        "dmean2": 3.83346819878,
        "dvar": 9.63364124298,
        "dvar2": 22.6793613434,
        "max": 63.7510299683,
        "mean": 7.84873962402,
        "median": 6.89025878906,
        "min": 0.763890087605,
        "var": 24.857465744
    },
    "dissonance": {
        "dmean": 0.0255345087498,
        "dmean2": 0.0418883785605,
        "dvar": 0.000514599727467,
        "dvar2": 0.00134134548716,
        "max": 0.5,
        "mean": 0.44137135148,
        "median": 0.446916818619,
        "min": 0.248246327043,
        "var": 0.00134615774732
    },
    "dynamic_complexity": 2.22675442696,
    "erbbands_crest": {
        "dmean": 3.2237136364,
        "dmean2": 5.13218021393,
        "dvar": 8.79213619232,
        "dvar2": 20.9535331726,
        "max": 28.9320964813,
        "mean": 10.9822444916,
        "median": 9.84476184845,
        "min": 2.860435009,
        "var": 26.6395797729
    },
    "erbbands_flatness_db": {
        "dmean": 0.0193526558578,
        "dmean2": 0.0276519246399,
        "dvar": 0.000324637076119,
        "dvar2": 0.000641513499431,
        "max": 0.341347336769,
        "mean": 0.22858799994,
        "median": 0.230031386018,
        "min": 0.116523638368,
        "var": 0.00185302132741
    },
    "erbbands_kurtosis": {
        "dmean": 1.1444362402,
        "dmean2": 1.78831958771,
        "dvar": 1.72397649288,
        "dvar2": 4.17204380035,
        "max": 15.0408782959,
        "mean": 1.15591883659,
        "median": 0.60150885582,
        "min": -1.6718121767,
        "var": 4.3555226326
    },
    "erbbands_skewness": {
        "dmean": 0.357283264399,
        "dmean2": 0.553830206394,
        "dvar": 0.102451488376,
        "dvar2": 0.250782877207,
        "max": 3.29203462601,
        "mean": 1.00181674957,
        "median": 0.943019151688,
        "min": -2.0660572052,
        "var": 0.347901642323
    },
    "erbbands_spread": {
        "dmean": 6.68820428848,
        "dmean2": 10.0201368332,
        "dvar": 50.5949783325,
        "dvar2": 106.205795288,
        "max": 118.705429077,
        "mean": 29.2120113373,
        "median": 26.6901741028,
        "min": 5.45171642303,
        "var": 220.327438354
    },
    "hfc": {
        "dmean": 4.25117254257,
        "dmean2": 6.31596565247,
        "dvar": 23.9139461517,
        "dvar2": 55.777469635,
        "max": 53.4559822083,
        "mean": 13.498208046,
        "median": 12.1301593781,
        "min": 7.03198456904e-05,
        "var": 68.0362091064
    },
    "melbands_crest": {
        "dmean": 3.58862233162,
        "dmean2": 5.9727306366,
        "dvar": 10.3599452972,
        "dvar2": 26.1783084869,
        "max": 32.0855751038,
        "mean": 15.5501842499,
        "median": 14.6467285156,
        "min": 5.12680721283,
        "var": 24.943157196
    },
    "melbands_flatness_db": {
        "dmean": 0.0348325930536,
        "dmean2": 0.0549327991903,
        "dvar": 0.00108408625238,
        "dvar2": 0.00273490301333,
        "max": 0.508804917336,
        "mean": 0.325923800468,
        "median": 0.329056710005,
        "min": 0.109249852598,
        "var": 0.00378134450875
    },
    "melbands_kurtosis": {
        "dmean": 10.2330989838,
        "dmean2": 16.6392478943,
        "dvar": 257.491668701,
        "dvar2": 665.134460449,
        "max": 252.382461548,
        "mean": 19.575843811,
        "median": 12.7499570847,
        "min": -0.860310077667,
        "var": 468.098510742
    },
    "melbands_skewness": {
        "dmean": 0.865860879421,
        "dmean2": 1.35976886749,
        "dvar": 0.751555204391,
        "dvar2": 1.83540058136,
        "max": 11.6207275391,
        "mean": 2.99191594124,
        "median": 2.66427397728,
        "min": -0.196996301413,
        "var": 2.71614909172
    },
    "melbands_spread": {
        "dmean": 2.33406162262,
        "dmean2": 3.7453315258,
        "dvar": 6.59354448318,
        "dvar2": 16.1192626953,
        "max": 40.8713684082,
        "mean": 7.64991903305,
        "median": 6.86424684525,
        "min": 0.696517109871,
        "var": 20.7996482849
    },
    "pitch_salience": {
        "dmean": 0.0922764316201,
        "dmean2": 0.155610784888,
        "dvar": 0.00654445588589,
        "dvar2": 0.0183194410056,
        "max": 0.838312745094,
        "mean": 0.520911216736,
        "median": 0.527126967907,
        "min": 0.105842590332,
        "var": 0.014599904418
    },
    "silence_rate_20dB": {
        "dmean": 0,
        "dmean2": 0,
        "dvar": 0,
        "dvar2": 0,
        "max": 1,
        "mean": 1,
        "median": 1,
        "min": 1,
        "var": 0
    },
    "silence_rate_30dB": {
        "dmean": 0.00154798757285,
        "dmean2": 0.00309717375785,
        "dvar": 0.00154558510985,
        "dvar2": 0.00463614007458,
        "max": 1,
        "mean": 0.999226331711,
        "median": 1,
        "min": 0,
        "var": 0.000773094478063
    },
    "silence_rate_60dB": {
        "dmean": 0.000773993786424,
        "dmean2": 0.00154858687893,
        "dvar": 0.000773391802795,
        "dvar2": 0.00154617498629,
        "max": 1,
        "mean": 0.0201160535216,
        "median": 0,
        "min": 0,
        "var": 0.0197110939771
    },
    "spectral_centroid": {
        "dmean": 128.095809937,
        "dmean2": 198.937942505,
        "dvar": 29062.2851562,
        "dvar2": 64133.46875,
        "max": 3744.32104492,
        "mean": 579.60723877,
        "median": 517.279602051,
        "min": 171.89944458,
        "var": 83996.3203125
    },
    "spectral_complexity": {
        "dmean": 3.14241480827,
        "dmean2": 4.9214091301,
        "dvar": 10.1081571579,
        "dvar2": 24.1174163818,
        "max": 38,
        "mean": 14.3001937866,
        "median": 14,
        "min": 0,
        "var": 26.9249610901
    },
    "spectral_decrease": {
        "dmean": 4.31991065142e-09,
        "dmean2": 6.8505303652e-09,
        "dvar": 2.02517769104e-17,
        "dvar2": 4.98733528739e-17,
        "max": -7.30351787078e-14,
        "mean": -1.21380310247e-08,
        "median": -1.16984031351e-08,
        "min": -4.03925390913e-08,
        "var": 3.54275996964e-17
    },
    "spectral_energy": {
        "dmean": 0.0165885109454,
        "dmean2": 0.0262515265495,
        "dvar": 0.000298434199067,
        "dvar2": 0.000732682645321,
        "max": 0.154857009649,
        "mean": 0.0470360144973,
        "median": 0.0452745817602,
        "min": 2.82029361642e-07,
        "var": 0.000529365672264
    },
    "spectral_energyband_high": {
        "dmean": 7.07076324034e-05,
        "dmean2": 0.000110919245344,
        "dvar": 3.01428428884e-08,
        "dvar2": 7.19341528566e-08,
        "max": 0.0032601042185,
        "mean": 9.93686189759e-05,
        "median": 1.81513787538e-05,
        "min": 7.5715995973e-11,
        "var": 6.4104114017e-08
    },
    "spectral_energyband_low": {
        "dmean": 0.0133689595386,
        "dmean2": 0.0222868006676,
        "dvar": 0.000213167921174,
        "dvar2": 0.000572326825932,
        "max": 0.126239269972,
        "mean": 0.0248822942376,
        "median": 0.0217168498784,
        "min": 1.28749121586e-07,
        "var": 0.000305059889797
    },
    "spectral_energyband_middle_high": {
        "dmean": 0.000890230352525,
        "dmean2": 0.00140128994826,
        "dvar": 1.50177424985e-06,
        "dvar2": 3.64291827282e-06,
        "max": 0.0183871183544,
        "mean": 0.00211117928848,
        "median": 0.00154205958825,
        "min": 3.58547436186e-09,
        "var": 3.40344354299e-06
    },
    "spectral_energyband_middle_low": {
        "dmean": 0.00975453387946,
        "dmean2": 0.0149912768975,
        "dvar": 0.000160167328431,
        "dvar2": 0.000376952404622,
        "max": 0.123565554619,
        "mean": 0.0239171180874,
        "median": 0.0199722256511,
        "min": 2.07943671171e-07,
        "var": 0.000335548567818
    },
    "spectral_entropy": {
        "dmean": 0.226864293218,
        "dmean2": 0.337646692991,
        "dvar": 0.0464534722269,
        "dvar2": 0.111084185541,
        "max": 8.15937519073,
        "mean": 6.88549613953,
        "median": 6.83536815643,
        "min": 5.78700208664,
        "var": 0.174453616142
    },
    "spectral_flux": {
        "dmean": 0.0353664718568,
        "dmean2": 0.0541813485324,
        "dvar": 0.00114797311835,
        "dvar2": 0.00250398390926,
        "max": 0.348152250051,
        "mean": 0.104113794863,
        "median": 0.0967427566648,
        "min": 0.000531064346433,
        "var": 0.00251864688471
    },
    "spectral_kurtosis": {
        "dmean": 6.19026708603,
        "dmean2": 10.6244707108,
        "dvar": 32.8069572449,
        "dvar2": 95.5084228516,
        "max": 49.5668411255,
        "mean": 10.6064395905,
        "median": 8.58393573761,
        "min": -0.423378705978,
        "var": 65.1119537354
    },
    "spectral_rms": {
        "dmean": 0.00117501907516,
        "dmean2": 0.00182489235885,
        "dvar": 1.25903534354e-06,
        "dvar2": 2.97528436022e-06,
        "max": 0.012291460298,
        "mean": 0.00652627041563,
        "median": 0.00664607575163,
        "min": 1.65876645042e-05,
        "var": 3.2966102026e-06
    },
    "spectral_rolloff": {
        "dmean": 108.890640259,
        "dmean2": 187.328704834,
        "dvar": 50160.15625,
        "dvar2": 132104.515625,
        "max": 4672.70507812,
        "mean": 417.594085693,
        "median": 409.130859375,
        "min": 64.599609375,
        "var": 72511.1484375
    },
    "spectral_skewness": {
        "dmean": 0.543020308018,
        "dmean2": 0.904351532459,
        "dvar": 0.20533247292,
        "dvar2": 0.578689277172,
        "max": 5.12830495834,
        "mean": 2.1087179184,
        "median": 2.03929042816,
        "min": -0.0732373073697,
        "var": 0.586102068424
    },
    "spectral_spread": {
        "dmean": 383484.9375,
        "dmean2": 578502.0625,
        "dvar": 167612465152,
        "dvar2": 329319317504,
        "max": 6603856,
        "mean": 2592023.75,
        "median": 2348756.75,
        "min": 1059976.25,
        "var": 771561422848
    },
    "spectral_strongpeak": {
        "dmean": 0.498283028603,
        "dmean2": 0.849280178547,
        "dvar": 0.40824007988,
        "dvar2": 1.01474571228,
        "max": 4.50302648544,
        "mean": 0.914373517036,
        "median": 0.552549958229,
        "min": 0.00100653397385,
        "var": 0.700469136238
    },
    "zerocrossingrate": {
        "dmean": 0.00394517648965,
        "dmean2": 0.00503252958879,
        "dvar": 1.84903419722e-05,
        "dvar2": 2.3951408366e-05,
        "max": 0.09765625,
        "mean": 0.0211111269891,
        "median": 0.01953125,
        "min": 0.00341796875,
        "var": 0.000129650099552
    },
    "barkbands": {
        "dmean": [0.000226602045586, 0.00802502874285, 0.00530956778675, 0.00525299599394, 0.00292375567369, 0.00211404566653, 0.00337267946452, 0.00118657702114, 0.000508061202709, 0.00031085324008, 0.000178384230821, 0.00014626243501, 0.000195881162654, 0.000192542618606, 7.72003186285e-05, 5.85531670367e-05, 7.81419803388e-05, 4.4465308747e-05, 5.32803933311e-05, 3.11949261231e-05, 3.06506590277e-05, 1.67450598383e-05, 8.46458806336e-06, 4.00677981816e-06, 1.14739748369e-06, 2.45809661514e-09, 1.92774152197e-09],
        "dmean2": [0.000336739991326, 0.0133619569242, 0.00908722449094, 0.00862012244761, 0.0046781427227, 0.00336764706299, 0.00500931730494, 0.00180949084461, 0.000796585110947, 0.000516653526574, 0.000284558453131, 0.000237178770476, 0.000314632692607, 0.00030685015372, 0.000125845879666, 9.66280640569e-05, 0.000122046760225, 7.19055242371e-05, 8.30700009828e-05, 5.00395544805e-05, 4.98423578392e-05, 2.79001196759e-05, 1.38685118145e-05, 6.33298714092e-06, 1.67263203821e-06, 4.28429380861e-09, 3.58031759795e-09],
        "dvar": [3.44314173617e-07, 0.000102333899122, 5.88953334955e-05, 9.28132067202e-05, 1.87878376892e-05, 1.47280306919e-05, 2.90983316518e-05, 5.33778938916e-06, 8.52498430959e-07, 2.28869936336e-07, 2.02965111384e-07, 6.83132128643e-08, 1.14381350613e-07, 1.84191009112e-07, 2.40932642726e-08, 9.65879642933e-09, 1.62158020345e-08, 5.09786790559e-09, 6.74906175391e-09, 4.3600683064e-09, 8.00771804421e-09, 2.49355847082e-09, 5.38767530589e-10, 9.93669382887e-11, 1.03735874057e-11, 1.13997970565e-17, 5.35901698424e-18],
        "dvar2": [7.87633723576e-07, 0.000296156242257, 0.000156993948622, 0.000230624544201, 4.78203801322e-05, 3.63928593288e-05, 6.38185156276e-05, 1.20422500913e-05, 1.97381041289e-06, 6.12886594809e-07, 4.33859071336e-07, 1.65901184346e-07, 2.81026956372e-07, 4.34637314584e-07, 5.90857176519e-08, 2.45004727617e-08, 3.61072984845e-08, 1.2710316355e-08, 1.54373740457e-08, 1.05209174706e-08, 1.93326901154e-08, 6.80876732773e-09, 1.34986266609e-09, 2.14190276626e-10, 1.83364087802e-11, 2.87394705583e-17, 1.68584107224e-17],
        "max": [0.00722480844706, 0.0964957177639, 0.0862320289016, 0.0855327546597, 0.0484591498971, 0.0636296570301, 0.0679214894772, 0.0377913638949, 0.017751712352, 0.00728174345568, 0.0157403293997, 0.00543821090832, 0.00447985948995, 0.00872680358589, 0.00327457976528, 0.00147782219574, 0.00260894349776, 0.000841510016471, 0.00115945586003, 0.00114711408969, 0.00246888236143, 0.00112085219007, 0.000429105013609, 0.000202116483706, 7.22926051822e-05, 5.60174022723e-08, 1.70336917904e-08],
        "mean": [0.000212633676711, 0.013688897714, 0.00706025445834, 0.00587951624766, 0.0051403446123, 0.00373559701256, 0.00611263653263, 0.00207718578167, 0.000871696625836, 0.000458205322502, 0.000305833935272, 0.000231989644817, 0.000310405768687, 0.000297079328448, 0.000114690265036, 8.81554806256e-05, 0.000148490100401, 7.72352723288e-05, 9.89320760709e-05, 4.79463160445e-05, 3.87497420888e-05, 2.03447889362e-05, 1.12117140816e-05, 6.0248007685e-06, 2.03379363484e-06, 2.80136358555e-09, 1.51789303349e-09],
        "median": [1.76522316906e-05, 0.0109971920028, 0.00496979942545, 0.00307462573983, 0.00281130569056, 0.00181631336454, 0.0022371460218, 0.000776488683186, 0.000417714763898, 0.000269975716947, 0.000122471392388, 0.000117696756206, 0.000142498669447, 0.000114699039841, 5.99062550464e-05, 5.58044848731e-05, 7.676918176e-05, 4.83943258587e-05, 5.4916497902e-05, 1.86076795217e-05, 4.84288148073e-06, 3.90642799175e-06, 1.59532214639e-06, 8.05926163139e-07, 2.18593413592e-07, 1.24259003087e-09, 6.35947683403e-10],
        "min": [3.89041299176e-11, 5.58931012584e-10, 1.98369729532e-08, 7.03047788875e-08, 4.38924239177e-08, 1.1501133379e-08, 1.91801721172e-08, 1.04550146318e-08, 2.75790679183e-09, 7.68319519118e-10, 4.11639972109e-10, 3.04501840409e-10, 3.70107167136e-10, 4.4089734641e-10, 2.01650376952e-10, 1.237272923e-10, 1.89410820362e-10, 1.91855822895e-10, 8.15242942598e-11, 4.06802577735e-11, 1.47887257995e-11, 1.59886461709e-11, 5.75741711251e-12, 9.35621545517e-12, 4.38459381649e-12, 2.59565220879e-12, 3.84854561414e-12],
        "var": [3.67439156435e-07, 0.000143128709169, 6.51622685837e-05, 9.00065424503e-05, 3.7949270336e-05, 3.16838522849e-05, 7.47970261727e-05, 1.51003550855e-05, 2.1835012376e-06, 3.3659341625e-07, 4.68908893936e-07, 1.34570171895e-07, 2.21766555342e-07, 3.14100958576e-07, 3.67572070559e-08, 1.20439560547e-08, 4.10388594219e-08, 7.62403118415e-09, 1.47816834328e-08, 8.99488039607e-09, 1.41266935927e-08, 2.96489299778e-09, 9.96584037516e-10, 2.99275243476e-10, 4.24900913065e-11, 2.44576511811e-17, 4.55310566678e-18]
    },
    "erbbands": {
        "dmean": [0.19679915905, 1.96056056023, 5.22084474564, 13.8305940628, 9.45383644104, 8.7023973465, 19.6209449768, 19.9907054901, 55.3721504211, 21.8336086273, 21.5971908569, 11.560836792, 9.23083972931, 7.8839263916, 5.80347681046, 5.26025533676, 8.65448284149, 10.5457544327, 5.15941572189, 3.53845477104, 3.07372999191, 4.38013696671, 2.57959747314, 2.73156881332, 2.25582337379, 1.44252789021, 1.39333713055, 1.02293992043, 0.652081787586, 0.397278577089, 0.211844548583, 0.102602541447, 0.062566511333, 0.024199495092, 0.00194519758224, 9.08565052669e-05, 9.06100558495e-06, 1.90474293049e-06, 7.52197956899e-06, 1.81387003977e-05],
        "dmean2": [0.32544234395, 3.26886177063, 8.8267621994, 22.9925804138, 15.8072404861, 13.970664978, 29.91289711, 31.2657814026, 82.9043960571, 32.7745552063, 32.6891784668, 18.2236061096, 15.5132780075, 12.7803277969, 9.39819431305, 8.56846809387, 13.8552846909, 16.8060493469, 8.2748336792, 5.74152088165, 5.02666568756, 6.90437030792, 4.07101917267, 4.29267311096, 3.54943919182, 2.31613326073, 2.23746347427, 1.67100083828, 1.0938911438, 0.658508837223, 0.340783327818, 0.161730408669, 0.0978416800499, 0.0352625250816, 0.00281835859641, 0.000131631517434, 1.37364650072e-05, 3.11178951051e-06, 1.17553518066e-05, 2.86243030132e-05],
        "dvar": [0.123962827027, 5.50155448914, 49.0085334778, 528.858520508, 326.255584717, 194.803924561, 871.931030273, 1655.76416016, 8666.77832031, 1988.8392334, 1454.83422852, 365.809631348, 228.565643311, 200.920532227, 114.53805542, 93.780670166, 225.683334351, 532.729370117, 155.149002075, 36.6500968933, 25.2327232361, 47.9505767822, 16.9450626373, 19.1595191956, 12.2232627869, 9.47849941254, 15.4085569382, 7.65940856934, 3.94437289238, 1.16624736786, 0.340173363686, 0.0627520233393, 0.0264537855983, 0.00443156296387, 3.42784187524e-05, 6.18116331452e-08, 1.5746991211e-10, 4.99253242914e-12, 6.10305417315e-11, 3.57019358521e-10],
        "dvar2": [0.337296515703, 16.2548484802, 131.736083984, 1298.78662109, 866.750854492, 494.74520874, 2005.0456543, 3876.859375, 19437.9882812, 4200.82275391, 3315.39208984, 875.457702637, 624.173461914, 463.447601318, 266.688140869, 232.424911499, 565.170776367, 1277.265625, 394.015594482, 90.7838973999, 63.3110466003, 108.714561462, 40.0312004089, 44.6751708984, 29.8582801819, 23.3936386108, 36.6895637512, 18.9075469971, 10.8282546997, 3.02445292473, 0.843618154526, 0.143371865153, 0.0562984086573, 0.00761136133224, 6.79515069351e-05, 1.18418768125e-07, 3.04922392891e-10, 1.16365701797e-11, 1.48582590676e-10, 8.73168259918e-10],
        "max": [3.98662614822, 21.0625534058, 90.4082946777, 219.537902832, 193.067977905, 257.798156738, 333.434783936, 771.476867676, 1218.8347168, 706.435668945, 542.441711426, 297.125976562, 211.334945679, 386.254364014, 253.720611572, 179.648040771, 199.178329468, 443.23526001, 354.275024414, 111.39642334, 66.3668212891, 132.497070312, 48.2026939392, 69.6966171265, 39.837978363, 58.162361145, 102.314422607, 56.3702163696, 45.387752533, 21.5274791718, 11.1033372879, 4.68889427185, 3.12976884842, 1.51839566231, 0.126066088676, 0.00559249054641, 0.000267450435786, 3.41159466188e-05, 6.97418727214e-05, 0.000168894956005],
        "mean": [0.262189656496, 3.48862457275, 8.34809494019, 16.5586891174, 11.662771225, 15.0376558304, 35.876373291, 37.4672470093, 99.4283065796, 44.5153999329, 38.8163223267, 20.9723949432, 14.9428663254, 13.8532657623, 10.0805339813, 8.82304763794, 14.6079835892, 17.4644775391, 8.10444164276, 5.55401515961, 5.31367826462, 8.25101280212, 4.84095954895, 5.11955738068, 4.16044235229, 2.19653129578, 1.81597578526, 1.22991073132, 0.778847336769, 0.506862878799, 0.289558053017, 0.148673370481, 0.0945157259703, 0.0426598787308, 0.00327255600132, 0.000171342791873, 2.39916080318e-05, 4.13588486481e-06, 2.22318740271e-05, 5.21028705407e-05],
        "median": [0.143348842859, 2.93735361099, 6.07370138168, 9.62357711792, 6.83031320572, 7.8880443573, 17.6413211823, 16.613407135, 36.894985199, 16.9696483612, 16.5699062347, 10.3460226059, 9.26002693176, 7.18598747253, 5.16150093079, 4.69347858429, 6.91088628769, 6.64528560638, 4.23740196228, 3.39106106758, 3.61355066299, 4.3404378891, 2.85641288757, 2.92063164711, 2.45867776871, 0.868249535561, 0.304726630449, 0.139598965645, 0.142013132572, 0.0955513939261, 0.0395496636629, 0.0194103065878, 0.0128944907337, 0.00482469052076, 0.000297878490528, 4.40752810391e-05, 1.79417820618e-05, 3.09960000777e-06, 2.14123665501e-05, 5.01029062434e-05],
        "min": [3.05640988074e-08, 8.60037062012e-07, 4.09144849982e-05, 0.000147854210809, 0.000222604008741, 0.000124148486066, 0.000128517000121, 9.08853908186e-05, 0.000228136850637, 0.000294674420729, 0.00018967174401, 7.12402397767e-05, 2.53965899901e-05, 1.38011209856e-05, 2.06692293432e-05, 1.33265111799e-05, 1.6305495592e-05, 1.79779599421e-05, 1.98816433112e-05, 5.58579313292e-06, 7.6196442933e-06, 1.00145680335e-05, 9.79087144515e-06, 4.66557958134e-06, 5.13551549375e-06, 2.21798291022e-06, 8.8270400056e-07, 3.94996106934e-07, 5.07518848281e-07, 4.47989719987e-07, 1.46246193822e-07, 1.40192554454e-07, 1.97873802676e-07, 6.92590873541e-08, 2.59818175863e-08, 1.20815171201e-08, 4.75176165082e-09, 2.25180052382e-09, 6.63472166096e-10, 3.59664853455e-10],
        "var": [0.12748926878, 8.40041828156, 71.298286438, 526.752258301, 290.305419922, 434.786743164, 2046.98583984, 4043.41821289, 21236.2753906, 5835.30810547, 4212.07470703, 926.477355957, 322.848052979, 493.70199585, 251.352325439, 176.593978882, 458.537414551, 949.641967773, 187.089355469, 55.7135162354, 34.4230880737, 113.745445251, 32.7239532471, 38.1937637329, 25.3558368683, 18.5886611938, 27.7175254822, 13.3709201813, 4.51111268997, 1.80870461464, 0.668661236763, 0.169031128287, 0.0793342590332, 0.0183397457004, 0.000122216806631, 2.34584433656e-07, 6.45301423408e-10, 1.60101116392e-11, 1.12854496581e-10, 6.42410513674e-10]
    },
    "gfcc": {
        "mean": [-57.9124984741, 193.75958252, -128.345581055, 43.634563446, -47.7562217712, -5.77871894836, -21.7655620575, -7.08986711502, 1.58854556084, -16.347032547, 11.6784582138, -19.7225551605, -0.630302131176],
        "cov": [[2721.68530273, -470.153533936, -113.153289795, 231.029647827, -376.577728271, 261.454589844, -144.070495605, 27.6231079102, -36.4300498962, 59.839717865, 44.2858543396, -64.8088531494, 47.8378143311], [-470.153533936, 702.701293945, 33.8146629333, -323.958984375, 384.780944824, -278.514282227, 120.883041382, -6.21940279007, 95.7574386597, -61.4557571411, 82.9897384644, 86.9453735352, -58.5776290894], [-113.153289795, 33.8146629333, 281.295227051, 82.2015914917, 65.8171920776, 72.5638809204, 53.5623970032, 12.568072319, -8.02579498291, 3.65911245346, -19.2103900909, 9.8902721405, 33.1129112244], [231.029647827, -323.958984375, 82.2015914917, 343.401519775, -84.8049468994, 160.185714722, 10.6644859314, -4.27056694031, -34.022151947, 20.5868663788, -51.9006080627, -39.3340187073, 67.3181381226], [-376.577728271, 384.780944824, 65.8171920776, -84.8049468994, 361.768981934, -136.518920898, 98.6251754761, 11.0263061523, 64.0407867432, -23.9248905182, 35.1371803284, 43.0238990784, -28.0786628723], [261.454589844, -278.514282227, 72.5638809204, 160.185714722, -136.518920898, 271.985412598, 47.6415977478, 40.2726249695, -1.95299839973, 10.7805538177, -58.5080070496, -42.550693512, 45.0438728333], [-144.070495605, 120.883041382, 53.5623970032, 10.6644859314, 98.6251754761, 47.6415977478, 191.254074097, 54.6785430908, 55.411655426, -14.1280555725, -24.7112770081, 15.6899032593, 7.11597204208], [27.6231079102, -6.21940279007, 12.568072319, -4.27056694031, 11.0263061523, 40.2726249695, 54.6785430908, 105.931549072, 38.1873245239, 17.8036289215, 10.4258766174, -6.37402200699, 3.23677515984], [-36.4300498962, 95.7574386597, -8.02579498291, -34.022151947, 64.0407867432, -1.95299839973, 55.411655426, 38.1873245239, 93.5214767456, 9.8731546402, 14.1136455536, 9.6411151886, -17.4200725555], [59.839717865, -61.4557571411, 3.65911245346, 20.5868663788, -23.9248905182, 10.7805538177, -14.1280555725, 17.8036289215, 9.8731546402, 84.3109130859, 30.6833553314, -1.9400343895, -0.145668968558], [44.2858543396, 82.9897384644, -19.2103900909, -51.9006080627, 35.1371803284, -58.5080070496, -24.7112770081, 10.4258766174, 14.1136455536, 30.6833553314, 88.2936859131, 30.7802410126, -15.3851222992], [-64.8088531494, 86.9453735352, 9.8902721405, -39.3340187073, 43.0238990784, -42.550693512, 15.6899032593, -6.37402200699, 9.6411151886, -1.9400343895, 30.7802410126, 69.6028900146, 16.0477428436], [47.8378143311, -58.5776290894, 33.1129112244, 67.3181381226, -28.0786628723, 45.0438728333, 7.11597204208, 3.23677515984, -17.4200725555, -0.145668968558, -15.3851222992, 16.0477428436, 80.6153793335]],
        "icov": [[0.000539050728548, -0.000958712189458, 0.000484236894408, -0.000854360812809, 0.00074347370537, -0.000917555997148, 0.00076045782771, -0.000431139284046, 0.000238729902776, -0.000267430441454, -0.000297292310279, -4.39804171037e-05, 0.000222974325879], [-0.000958712189458, 0.0259966962039, -0.00739252334461, 0.0169563461095, -0.0123353460804, 0.0132905514911, -0.0141185550019, 0.0105118611827, -0.0102518750355, 0.0123555529863, -0.0136951087043, 0.00700233364478, -0.00876297429204], [0.000484236894408, -0.00739252334461, 0.00710108224303, -0.00544918328524, 0.00163201545365, -0.00585038913414, 0.00398594234139, -0.00326346186921, 0.00465301284567, -0.00432634819299, 0.00430507399142, -0.00333291990682, 0.00207384536043], [-0.000854360812809, 0.0169563461095, -0.00544918328524, 0.0163018256426, -0.00848994776607, 0.0067307013087, -0.00955291092396, 0.00830442178994, -0.00583345396444, 0.0064165671356, -0.00821742136031, 0.00697327079251, -0.00896004308015], [0.00074347370537, -0.0123353460804, 0.00163201545365, -0.00848994776607, 0.0119849219918, -0.00283520203084, 0.00387022038922, -0.0044143316336, 0.00208676536568, -0.00404018955305, 0.00431190012023, -0.0026714913547, 0.00440729409456], [-0.000917555997148, 0.0132905514911, -0.00585038913414, 0.0067307013087, -0.00283520203084, 0.0160502102226, -0.00983650051057, 0.00377956707962, -0.00711162574589, 0.0064422362484, -0.00503910612315, 0.00607153447345, -0.00595010444522], [0.00076045782771, -0.0141185550019, 0.00398594234139, -0.00955291092396, 0.00387022038922, -0.00983650051057, 0.0180841069669, -0.0096767982468, 0.00275202351622, -0.00600618077442, 0.0117255067453, -0.00803402252495, 0.00568700442091], [-0.000431139284046, 0.0105118611827, -0.00326346186921, 0.00830442178994, -0.0044143316336, 0.00377956707962, -0.0096767982468, 0.0187812168151, -0.00785718206316, 0.00341562926769, -0.00982064008713, 0.00754788331687, -0.00631777523085], [0.000238729902776, -0.0102518750355, 0.00465301284567, -0.00583345396444, 0.00208676536568, -0.00711162574589, 0.00275202351622, -0.00785718206316, 0.0212977472693, -0.00732056284323, 0.00529289804399, -0.0049523753114, 0.0067269699648], [-0.000267430441454, 0.0123555529863, -0.00432634819299, 0.0064165671356, -0.00404018955305, 0.0064422362484, -0.00600618077442, 0.00341562926769, -0.00732056284323, 0.0220639239997, -0.0140347406268, 0.0055043543689, -0.00437450828031], [-0.000297292310279, -0.0136951087043, 0.00430507399142, -0.00821742136031, 0.00431190012023, -0.00503910612315, 0.0117255067453, -0.00982064008713, 0.00529289804399, -0.0140347406268, 0.0303789228201, -0.0142909856513, 0.00875645130873], [-4.39804171037e-05, 0.00700233364478, -0.00333291990682, 0.00697327079251, -0.0026714913547, 0.00607153447345, -0.00803402252495, 0.00754788331687, -0.0049523753114, 0.0055043543689, -0.0142909856513, 0.027923880145, -0.0126029532403], [0.000222974325879, -0.00876297429204, 0.00207384536043, -0.00896004308015, 0.00440729409456, -0.00595010444522, 0.00568700442091, -0.00631777523085, 0.0067269699648, -0.00437450828031, 0.00875645130873, -0.0126029532403, 0.0227721296251]]
    },
    "melbands": {
        "dmean": [0.00201886706054, 0.00251276581548, 0.00216884934343, 0.00053053884767, 0.000654472096357, 0.000490605365485, 0.000749145809095, 0.000245640025241, 0.000157479938935, 7.32879270799e-05, 4.79237169202e-05, 3.48906723957e-05, 2.08433011721e-05, 1.58520670084e-05, 1.52165757754e-05, 2.3465085178e-05, 2.07462362596e-05, 9.37932145462e-06, 5.36892548553e-06, 4.62309617433e-06, 3.59908199243e-06, 4.96937809658e-06, 3.23852282236e-06, 2.15197837861e-06, 2.35896345657e-06, 2.0624283934e-06, 1.29844988805e-06, 9.36647495564e-07, 8.95681580459e-07, 8.13495603325e-07, 5.5790587794e-07, 4.0080880126e-07, 2.78934010112e-07, 2.04412131666e-07, 1.33212608944e-07, 9.02373997747e-08, 5.52885168759e-08, 4.72224606085e-08, 3.501008905e-08, 1.67781522009e-08],
        "dmean2": [0.00333339255303, 0.00426203431562, 0.00357664283365, 0.00089682941325, 0.000989768537693, 0.000768993399106, 0.00112167140469, 0.000373563001631, 0.000238635926507, 0.000116453586088, 8.0812467786e-05, 5.66734997847e-05, 3.34317301167e-05, 2.57195715676e-05, 2.51864203165e-05, 3.75029158022e-05, 3.31522496708e-05, 1.5261801309e-05, 8.77709044289e-06, 7.64451033319e-06, 5.88018428971e-06, 7.92515220382e-06, 5.02686907566e-06, 3.47024092662e-06, 3.71642659047e-06, 3.24140955854e-06, 2.10214989238e-06, 1.51529604864e-06, 1.44326600093e-06, 1.34622905534e-06, 9.35462765028e-07, 6.77354933032e-07, 4.63714314947e-07, 3.42413216003e-07, 2.16654115093e-07, 1.45314601241e-07, 9.00154546457e-08, 7.526706014e-08, 5.30467900717e-08, 2.43208706507e-08],
        "dvar": [8.03990951681e-06, 9.21351056604e-06, 1.3065485291e-05, 8.70686960752e-07, 9.34818558562e-07, 7.72041801156e-07, 1.50428957113e-06, 2.50283619607e-07, 8.05825450811e-08, 1.417990525e-08, 6.16788176089e-09, 3.34599614682e-09, 2.34831576407e-09, 7.81158193686e-10, 8.56194060095e-10, 1.6805880021e-09, 2.47615106197e-09, 5.62685009697e-10, 8.68665139819e-11, 5.53454400365e-11, 3.54876301956e-11, 6.28386509494e-11, 3.13933670726e-11, 1.20916983024e-11, 1.46064289136e-11, 1.02135409505e-11, 5.62814985589e-12, 4.57482576127e-12, 5.7167309081e-12, 7.52809273252e-12, 2.17835211674e-12, 1.57334323521e-12, 6.47543325384e-13, 3.06099465436e-13, 1.46671479758e-13, 5.56002184397e-14, 2.02277329272e-14, 1.58200546847e-14, 8.77511987905e-15, 2.41554187744e-15],
        "dvar2": [2.25376224989e-05, 2.54887218034e-05, 3.20034341712e-05, 2.41283396463e-06, 2.10495136344e-06, 1.87621515124e-06, 3.36040216098e-06, 5.43970088529e-07, 1.86683635661e-07, 3.46568285181e-08, 1.69634830627e-08, 7.91076981699e-09, 5.13285236536e-09, 1.83253356933e-09, 2.17351181497e-09, 4.14624778955e-09, 5.8757536614e-09, 1.44817424719e-09, 2.14838064005e-10, 1.42662048841e-10, 8.85254022864e-11, 1.4635798129e-10, 6.9500717681e-11, 2.9456690559e-11, 3.42489578364e-11, 2.39963517806e-11, 1.41565960343e-11, 1.11302321526e-11, 1.35414535488e-11, 1.93152594613e-11, 5.58527876726e-12, 4.37397123729e-12, 1.74160870187e-12, 7.87881749859e-13, 3.75171139815e-13, 1.37484601069e-13, 4.82808949342e-14, 3.57537689234e-14, 1.723725939e-14, 4.2458987613e-15],
        "max": [0.0302193388343, 0.0365690998733, 0.0323728322983, 0.0112853609025, 0.0109711857513, 0.0151073606685, 0.0157977398485, 0.00883706007153, 0.00421288749203, 0.00177008553874, 0.00113802310079, 0.00144808762707, 0.00158802594524, 0.000742971198633, 0.000589834176935, 0.000606620800681, 0.00101546675432, 0.000702164135873, 0.000188786129002, 0.000113673209853, 7.98365581431e-05, 0.000150738662342, 0.000100052566268, 4.41657757619e-05, 6.34873867966e-05, 4.50003062724e-05, 4.36048212578e-05, 4.33119384979e-05, 5.11282705702e-05, 8.15177190816e-05, 2.0320625481e-05, 2.90118350676e-05, 1.75578861672e-05, 9.82096480584e-06, 7.12506334821e-06, 3.49536776412e-06, 3.04005379803e-06, 2.66857728093e-06, 2.01789771381e-06, 1.26748807361e-06],
        "mean": [0.00317247305065, 0.00468639982864, 0.00268945354037, 0.000782971212175, 0.00122608535457, 0.000899655744433, 0.00136073457543, 0.000470075901831, 0.000277894432656, 0.000125543389004, 7.38023591111e-05, 5.89289629715e-05, 3.61668535334e-05, 2.48873693636e-05, 2.37730328081e-05, 3.73279435735e-05, 3.187008042e-05, 1.34089596031e-05, 8.08049389889e-06, 6.69106748319e-06, 5.91146044826e-06, 9.05143042473e-06, 5.75304829908e-06, 3.74378623746e-06, 4.17112096329e-06, 3.7211466406e-06, 2.13183557207e-06, 1.2735981727e-06, 1.16298770081e-06, 9.449593108e-07, 6.31401576356e-07, 4.55878620187e-07, 3.47106720255e-07, 2.52937752521e-07, 1.74051407953e-07, 1.23158031329e-07, 7.7537130494e-08, 6.78976519453e-08, 5.59579298454e-08, 2.92084045839e-08],
        "median": [0.0022954812739, 0.00392670044675, 0.00162336823996, 0.000494126812555, 0.000606398505624, 0.000424329424277, 0.000495118030813, 0.000158181035658, 0.000117936331662, 6.14023811067e-05, 4.53006978205e-05, 3.13459422614e-05, 1.5702960809e-05, 1.32208479044e-05, 1.13202277134e-05, 1.62749893207e-05, 1.09618167698e-05, 6.51743357594e-06, 4.57371288576e-06, 4.149756478e-06, 3.79876382794e-06, 4.77743469673e-06, 2.72791430689e-06, 2.14549368138e-06, 2.20384754357e-06, 2.15910881707e-06, 1.07769255919e-06, 4.14408276583e-07, 2.08685534631e-07, 1.00623338994e-07, 6.86566821173e-08, 7.33447436119e-08, 7.72183952336e-08, 3.92663004334e-08, 2.22615650358e-08, 1.68820335489e-08, 9.65102486816e-09, 9.50243528308e-09, 7.12039360806e-09, 2.62192290101e-09],
        "min": [1.50948697986e-10, 1.45544873931e-08, 3.2158190777e-08, 1.08395479259e-08, 6.48421583094e-09, 2.42334574629e-09, 3.84812359755e-09, 3.04463809719e-09, 1.52966794786e-09, 2.84465451195e-10, 1.24806595614e-10, 6.43636949293e-11, 6.1828084319e-11, 3.2946274181e-11, 3.74545602866e-11, 4.25419109662e-11, 3.18580092862e-11, 3.75800918162e-11, 1.26863389585e-11, 5.65520894003e-12, 7.98006973002e-12, 1.05069234563e-11, 7.62135406868e-12, 6.3493685136e-12, 3.05497619389e-12, 4.53728938102e-12, 1.93008499808e-12, 1.4250500736e-12, 5.40902500741e-13, 2.41090540544e-13, 2.17485670315e-13, 1.86578590035e-13, 4.7007536752e-13, 1.33663601563e-13, 8.06074093107e-14, 7.16511946346e-14, 9.09170335588e-14, 1.55125979878e-13, 9.71587922421e-14, 4.22789821002e-14],
        "var": [1.0068722986e-05, 1.51900003402e-05, 1.30145472212e-05, 1.11654583179e-06, 2.34927961174e-06, 1.75402271907e-06, 3.7452525703e-06, 7.3456010341e-07, 2.32178223314e-07, 3.23589901541e-08, 8.31098123655e-09, 7.79130093775e-09, 5.14574205468e-09, 1.46579481886e-09, 1.64350477672e-09, 3.25407678581e-09, 4.19846424293e-09, 6.3188848598e-10, 1.41152339816e-10, 6.93158933029e-11, 4.97579963343e-11, 1.38306074926e-10, 7.78559924863e-11, 2.09972161186e-11, 2.90123428753e-11, 2.11452851756e-11, 1.11188350194e-11, 8.32427442948e-12, 1.06386227952e-11, 1.05610745843e-11, 3.46121135225e-12, 1.65054623615e-12, 8.31411979194e-13, 4.87798169913e-13, 2.59961946717e-13, 1.17962646487e-13, 4.90692013931e-14, 4.23049148609e-14, 2.88788632764e-14, 9.81601240991e-15]
    },
    "mfcc": {
        "mean": [-687.446594238, 198.113708496, -4.82643461227, 40.8915519714, 5.76783561707, 1.62363731861, -1.67791855335, 4.03586816788, -6.32086515427, 4.5549197197, 6.28951311111, 1.21710896492, 1.96491622925],
        "cov": [[2691.21826172, -676.494689941, 111.756095886, -84.414352417, -181.654373169, 99.5068740845, -72.5409851074, -49.853302002, -50.9233627319, 50.5566215515, -21.5927124023, 36.0036010742, -41.4072685242], [-676.494689941, 1223.12573242, -377.031463623, 37.1050033569, 146.475799561, -188.427124023, -4.42479658127, 105.81665802, -82.8652114868, -32.4292831421, 118.513000488, -31.5731964111, 77.5851974487], [111.756095886, -377.031463623, 351.266143799, -11.9196243286, -39.0522422791, 121.792121887, 48.2205734253, -2.14903831482, 75.3039245605, 16.9595928192, -63.7511138916, 28.0252304077, -9.42092418671], [-84.414352417, 37.1050033569, -11.9196243286, 203.633483887, 68.5881958008, 32.1089172363, 41.004447937, 2.90487313271, 16.5853004456, -2.8375120163, -5.22175359726, -3.06454324722, -9.1452960968], [-181.654373169, 146.475799561, -39.0522422791, 68.5881958008, 146.857208252, -5.08664035797, 8.75946426392, 4.1201300621, -15.9968385696, -0.170964866877, 21.8202495575, -11.2181177139, -1.06299746037], [99.5068740845, -188.427124023, 121.792121887, 32.1089172363, -5.08664035797, 167.468429565, 45.0742378235, 27.7647914886, 74.3996734619, 22.8998355865, -35.8244285583, 11.509431839, -14.1938762665], [-72.5409851074, -4.42479658127, 48.2205734253, 41.004447937, 8.75946426392, 45.0742378235, 103.170959473, 37.1162757874, 53.6100997925, 24.0792865753, -7.6060128212, 13.0879449844, 9.73732280731], [-49.853302002, 105.81665802, -2.14903831482, 2.90487313271, 4.1201300621, 27.7647914886, 37.1162757874, 128.941055298, 60.6763916016, 33.5857429504, 8.87299537659, 13.0645828247, 12.61647892], [-50.9233627319, -82.8652114868, 75.3039245605, 16.5853004456, -15.9968385696, 74.3996734619, 53.6100997925, 60.6763916016, 142.054275513, 56.1484184265, -24.1399860382, 11.2776403427, -0.454179406166], [50.5566215515, -32.4292831421, 16.9595928192, -2.8375120163, -0.170964866877, 22.8998355865, 24.0792865753, 33.5857429504, 56.1484184265, 101.363922119, 23.9647102356, 13.3069200516, 2.73731279373], [-21.5927124023, 118.513000488, -63.7511138916, -5.22175359726, 21.8202495575, -35.8244285583, -7.6060128212, 8.87299537659, -24.1399860382, 23.9647102356, 109.592041016, 30.0459861755, 5.33076858521], [36.0036010742, -31.5731964111, 28.0252304077, -3.06454324722, -11.2181177139, 11.509431839, 13.0879449844, 13.0645828247, 11.2776403427, 13.3069200516, 30.0459861755, 70.2479171753, 15.3252239227], [-41.4072685242, 77.5851974487, -9.42092418671, -9.1452960968, -1.06299746037, -14.1938762665, 9.73732280731, 12.61647892, -0.454179406166, 2.73731279373, 5.33076858521, 15.3252239227, 62.4010429382]],
