{
"lowlevel": {
    "average_loudness": 0.849034070969,
    "barkbands_crest": {
        "dmean": 2.55892276764,
        "dmean2": 4.04858636856,
        "dvar": 5.93858098984,
        "dvar2": 13.54292202,
        "max": 26.510635376,
        "mean": 12.4303703308,
        "median": 11.8387012482,
        "min": 3.36268782616,
        "var": 17.0206241608
    },
    "barkbands_flatness_db": {
        "dmean": 0.0276082102209,
        "dmean2": 0.0409378781915,
        "dvar": 0.0007929939311,
        "dvar2": 0.00172188645229,
        "max": 0.491544783115,
        "mean": 0.298051595688,
        "median": 0.301166325808,
        "min": 0.106835700572,
        "var": 0.00332500087097
    },
    "barkbands_kurtosis": {
        "dmean": 7.10650110245,
        "dmean2": 11.087553978,
        "dvar": 205.304275513,
        "dvar2": 472.519866943,
        "max": 495.717254639,
        "mean": 14.2438497543,
        "median": 10.3204336166,
        "min": -1.96483969688,
        "var": 308.500396729
    },
    "barkbands_skewness": {
        "dmean": 0.73132199049,
        "dmean2": 1.1139831543,
        "dvar": 0.615054428577,
        "dvar2": 1.47439694405,
        "max": 11.9952497482,
        "mean": 2.35463881493,
        "median": 2.2207403183,
        "min": -1.6790407896,
        "var": 1.77926111221
    },
    "barkbands_spread": {
        "dmean": 2.97731995583,
        "dmean2": 4.36725997925,
        "dvar": 45.5355491638,
        "dvar2": 81.9678039551,
        "max": 101.462844849,
        "mean": 7.49806880951,
        "median": 3.86365294456,
        "min": 0.150562942028,
        "var": 140.33883667
    },
    "dissonance": {
        "dmean": 0.0351846665144,
        "dmean2": 0.0560081675649,
        "dvar": 0.00119428674225,
        "dvar2": 0.00283824559301,
        "max": 0.499781787395,
        "mean": 0.39926674962,
        "median": 0.405236065388,
        "min": 0.152504444122,
        "var": 0.00359214656055
    },
    "dynamic_complexity": 5.01413393021,
    "erbbands_crest": {
        "dmean": 3.23263907433,
        "dmean2": 5.08251810074,
        "dvar": 9.29745483398,
        "dvar2": 21.7735729218,
        "max": 31.8427619934,
        "mean": 13.6428890228,
        "median": 12.6609745026,
        "min": 3.41497802734,
        "var": 27.1791763306
    },
    "erbbands_flatness_db": {
        "dmean": 0.0234580487013,
        "dmean2": 0.0338708348572,
        "dvar": 0.000626044813544,
        "dvar2": 0.00132195302285,
        "max": 0.411834150553,
        "mean": 0.265930354595,
        "median": 0.270472675562,
        "min": 0.101279705763,
        "var": 0.00217219279148
    },
    "erbbands_kurtosis": {
        "dmean": 3.27529907227,
        "dmean2": 5.07004022598,
        "dvar": 28.4864692688,
        "dvar2": 58.8414611816,
        "max": 141.186965942,
        "mean": 5.36193656921,
        "median": 3.23549604416,
        "min": -1.86916089058,
        "var": 63.4211730957
    },
    "erbbands_skewness": {
        "dmean": 0.580173194408,
        "dmean2": 0.87026655674,
        "dvar": 0.398171573877,
        "dvar2": 0.824153780937,
        "max": 10.177564621,
        "mean": 1.57520103455,
        "median": 1.60426867008,
        "min": -4.40402650833,
        "var": 1.49175524712
    },
    "erbbands_spread": {
        "dmean": 8.59244537354,
        "dmean2": 13.6392793655,
        "dvar": 183.462402344,
        "dvar2": 422.696228027,
        "max": 155.944778442,
        "mean": 24.4566936493,
        "median": 18.2875404358,
        "min": 1.62570762634,
        "var": 395.877960205
    },
    "hfc": {
        "dmean": 3.01216673851,
        "dmean2": 4.06205034256,
        "dvar": 26.0866451263,
        "dvar2": 48.8829917908,
        "max": 74.0267868042,
        "mean": 7.73727273941,
        "median": 2.98827505112,
        "min": 1.41931386679e-05,
        "var": 103.291572571
    },
    "melbands_crest": {
        "dmean": 3.25739049911,
        "dmean2": 5.16267108917,
        "dvar": 9.14671802521,
        "dvar2": 20.4883804321,
        "max": 33.6424102783,
        "mean": 16.8067321777,
        "median": 16.0059204102,
        "min": 5.71387863159,
        "var": 29.4282741547
    },
    "melbands_flatness_db": {
        "dmean": 0.0321023650467,
        "dmean2": 0.0446508787572,
        "dvar": 0.00116560945753,
        "dvar2": 0.0023798069451,
        "max": 0.601379811764,
        "mean": 0.366878241301,
        "median": 0.37009960413,
        "min": 0.0790513306856,
        "var": 0.00619763368741
    },
    "melbands_kurtosis": {
        "dmean": 11.625752449,
        "dmean2": 18.2120666504,
        "dvar": 394.182403564,
        "dvar2": 962.703979492,
        "max": 383.57333374,
        "mean": 23.1327075958,
        "median": 15.8614177704,
        "min": -1.75516355038,
        "var": 684.087036133
    },
    "melbands_skewness": {
        "dmean": 0.895155012608,
        "dmean2": 1.37380564213,
        "dvar": 1.16274333,
        "dvar2": 2.70965337753,
        "max": 17.3539161682,
        "mean": 2.91043877602,
        "median": 2.60257935524,
        "min": -0.59199988842,
        "var": 3.1251540184
    },
    "melbands_spread": {
        "dmean": 3.16180348396,
        "dmean2": 4.43771457672,
        "dvar": 76.1030807495,
        "dvar2": 146.86567688,
        "max": 184.354827881,
        "mean": 7.84804964066,
        "median": 4.27937746048,
        "min": 0.28358772397,
        "var": 216.168334961
    },
    "pitch_salience": {
        "dmean": 0.0737846344709,
        "dmean2": 0.116216897964,
        "dvar": 0.00493445619941,
        "dvar2": 0.0118013247848,
        "max": 0.863785326481,
        "mean": 0.523649632931,
        "median": 0.526449918747,
        "min": 0.0951257646084,
        "var": 0.0153351109475
    },
    "silence_rate_20dB": {
        "dmean": 0,
        "dmean2": 0,
        "dvar": 0,
        "dvar2": 0,
        "max": 1,
        "mean": 1,
        "median": 1,
        "min": 1,
        "var": 0
    },
    "silence_rate_30dB": {
        "dmean": 0.00387296662666,
        "dmean2": 0.00774893444031,
        "dvar": 0.00385799002834,
        "dvar2": 0.00846360251307,
        "max": 1,
        "mean": 0.99574136734,
        "median": 1,
        "min": 0,
        "var": 0.00424046255648
    },
    "silence_rate_60dB": {
        "dmean": 0.0704879909754,
        "dmean2": 0.141030609608,
        "dvar": 0.0655197575688,
        "dvar2": 0.139736846089,
        "max": 1,
        "mean": 0.183120399714,
        "median": 0,
        "min": 0,
        "var": 0.149591386318
    },
    "spectral_centroid": {
        "dmean": 144.490356445,
        "dmean2": 202.113143921,
        "dvar": 82142.6953125,
        "dvar2": 145956.390625,
        "max": 4658.89208984,
        "mean": 554.590698242,
        "median": 384.781188965,
        "min": 114.194496155,
        "var": 298459.71875
    },
    "spectral_complexity": {
        "dmean": 1.5840433836,
        "dmean2": 2.31693148613,
        "dvar": 3.33435082436,
        "dvar2": 5.76168012619,
        "max": 25,
        "mean": 6.9028263092,
        "median": 5,
        "min": 0,
        "var": 17.4333953857
    },
    "spectral_decrease": {
        "dmean": 1.70391811771e-09,
        "dmean2": 2.45257836262e-09,
        "dvar": 7.76647239033e-18,
        "dvar2": 1.56551938034e-17,
        "max": -2.03850421921e-14,
        "mean": -4.82347539688e-09,
        "median": -2.73430145192e-09,
        "min": -4.08051690215e-08,
        "var": 2.69168740315e-17
    },
    "spectral_energy": {
        "dmean": 0.00666162511334,
        "dmean2": 0.00957163888961,
        "dvar": 0.000119276810437,
        "dvar2": 0.000239599612541,
        "max": 0.160722538829,
        "mean": 0.0189067050815,
        "median": 0.0105752702802,
        "min": 7.82253266607e-08,
        "var": 0.000416544819018
    },
    "spectral_energyband_high": {
        "dmean": 3.96142750105e-05,
        "dmean2": 4.912228178e-05,
        "dvar": 2.23607745653e-08,
        "dvar2": 2.89287598321e-08,
        "max": 0.0046752919443,
        "mean": 7.01536846464e-05,
        "median": 7.08085372025e-06,
        "min": 2.9270247337e-10,
        "var": 8.18467427166e-08
    },
    "spectral_energyband_low": {
        "dmean": 0.00140028842725,
        "dmean2": 0.0021523043979,
        "dvar": 3.63381536772e-06,
        "dvar2": 9.09616392164e-06,
        "max": 0.0332161448896,
        "mean": 0.00380747299641,
        "median": 0.00236927415244,
        "min": 5.20981231489e-08,
        "var": 1.98442903638e-05
    },
    "spectral_energyband_middle_high": {
        "dmean": 0.000530173070729,
        "dmean2": 0.000733086490072,
        "dvar": 1.28895021589e-06,
        "dvar2": 2.56685439126e-06,
        "max": 0.0195922646672,
        "mean": 0.00105946627446,
        "median": 0.000162706841365,
        "min": 1.10574260859e-09,
        "var": 4.03392641601e-06
    },
    "spectral_energyband_middle_low": {
        "dmean": 0.00609974004328,
        "dmean2": 0.00884944852442,
        "dvar": 0.00011438477668,
        "dvar2": 0.000232269550906,
        "max": 0.152429237962,
        "mean": 0.0148476837203,
        "median": 0.00627095811069,
        "min": 2.10367492315e-08,
        "var": 0.000344765459886
    },
    "spectral_entropy": {
        "dmean": 0.273588210344,
        "dmean2": 0.396650999784,
        "dvar": 0.100492447615,
        "dvar2": 0.204476028681,
        "max": 8.49338245392,
        "mean": 6.20692300797,
        "median": 6.13533878326,
        "min": 4.22252035141,
        "var": 0.415387421846
    },
    "spectral_flux": {
        "dmean": 0.0243242848665,
        "dmean2": 0.0387916192412,
        "dvar": 0.000912063813303,
        "dvar2": 0.00219258712605,
        "max": 0.28590297699,
        "mean": 0.0533119104803,
        "median": 0.0392142236233,
        "min": 0.000279687898001,
        "var": 0.00187221553642
    },
    "spectral_kurtosis": {
        "dmean": 8.06938743591,
        "dmean2": 13.5757684708,
        "dvar": 57.9767150879,
        "dvar2": 159.068069458,
        "max": 83.6816940308,
        "mean": 16.1286220551,
        "median": 13.7481975555,
        "min": -1.47665786743,
        "var": 149.400024414
    },
    "spectral_rms": {
        "dmean": 0.000703718862496,
        "dmean2": 0.000978199881501,
        "dvar": 8.28346799153e-07,
        "dvar2": 1.44058083151e-06,
        "max": 0.0125220790505,
        "mean": 0.00372748123482,
        "median": 0.00321206124499,
        "min": 8.73598219187e-06,
        "var": 4.55142981082e-06
    },
    "spectral_rolloff": {
        "dmean": 185.866531372,
        "dmean2": 307.740203857,
        "dvar": 454437.21875,
        "dvar2": 907217,
        "max": 8828.61328125,
        "mean": 573.151977539,
        "median": 366.064453125,
        "min": 86.1328125,
        "var": 976994.6875
    },
    "spectral_skewness": {
        "dmean": 0.704245388508,
        "dmean2": 1.13642811775,
        "dvar": 0.356144040823,
        "dvar2": 0.908551037312,
        "max": 7.22805404663,
        "mean": 2.78348636627,
        "median": 2.7324655056,
        "min": -0.365101575851,
        "var": 1.50102686882
    },
    "spectral_spread": {
        "dmean": 506703.3125,
        "dmean2": 793932,
        "dvar": 401370775552,
        "dvar2": 804811505664,
        "max": 12282098,
        "mean": 2661655.5,
        "median": 2410208.5,
        "min": 1028325.8125,
        "var": 1.33453892813e+12
    },
    "spectral_strongpeak": {
        "dmean": 0.361654400826,
        "dmean2": 0.531212329865,
        "dvar": 0.295428991318,
        "dvar2": 0.553886175156,
        "max": 7.84459114075,
        "mean": 0.885875344276,
        "median": 0.468885332346,
        "min": 0.000204432348255,
        "var": 0.947128295898
    },
    "zerocrossingrate": {
        "dmean": 0.00550725264475,
        "dmean2": 0.00608261069283,
        "dvar": 9.89046166069e-05,
        "dvar2": 7.86347663961e-05,
        "max": 0.2490234375,
        "mean": 0.0242153853178,
        "median": 0.01806640625,
        "min": 0.00341796875,
        "var": 0.00068297656253
    },
    "barkbands": {
        "dmean": [4.83373332827e-06, 0.000454975554021, 0.000643934763502, 0.0011039118981, 0.00125875871163, 0.00329129700549, 0.00184641685337, 0.000530634482857, 0.000329337199219, 6.8621171522e-05, 5.88441362197e-05, 8.52780067362e-05, 7.47193189454e-05, 4.78220026707e-05, 3.15364595735e-05, 8.74372635735e-05, 0.000200243288418, 7.03674304532e-05, 3.28359310515e-05, 9.42504084378e-06, 1.34265856104e-05, 1.01302875919e-05, 6.92278308634e-06, 8.8178931037e-06, 2.58416685028e-06, 2.52778509235e-09, 8.45086500778e-10],
        "dmean2": [8.38782307255e-06, 0.00066733721178, 0.000999410054646, 0.00173703883775, 0.00192217912991, 0.00481683015823, 0.00264996523038, 0.000776475761086, 0.000401272147428, 0.000103039084934, 8.53493183968e-05, 0.000124021127704, 0.000109430060547, 7.51315310481e-05, 4.88592268084e-05, 0.000130711545353, 0.000306366506265, 9.77741947281e-05, 4.5578184654e-05, 1.36982644108e-05, 1.86030010809e-05, 1.32349559863e-05, 9.07428511709e-06, 1.17796807899e-05, 3.83314636565e-06, 4.16057499564e-09, 1.58038393483e-09],
        "dvar": [6.12178710502e-11, 5.12930114382e-07, 1.03234197013e-06, 3.42855014424e-06, 5.10122936248e-06, 6.2137216446e-05, 3.82327307307e-05, 5.23422204424e-06, 4.65868333777e-06, 7.0392708551e-08, 6.29085974424e-08, 9.55893426635e-08, 6.20672508944e-08, 3.23772475497e-08, 1.3031668189e-08, 7.5160983215e-08, 4.94302696552e-07, 5.31492858613e-08, 1.23075567515e-08, 2.25251817199e-09, 3.15783776905e-09, 1.91200011379e-09, 1.29007715621e-09, 3.15304382603e-09, 2.24336077492e-10, 1.36153161203e-16, 1.84020637487e-18],
        "dvar2": [1.48861478699e-10, 1.03581760413e-06, 2.61467471319e-06, 8.45259819471e-06, 1.12615125545e-05, 0.000119030533824, 8.4015307948e-05, 1.07663781819e-05, 6.74887223795e-06, 1.49666334437e-07, 1.18308641106e-07, 2.00488130986e-07, 1.2767095825e-07, 7.23000326275e-08, 3.08303675922e-08, 1.6894705368e-07, 1.18327102427e-06, 9.93064972477e-08, 2.25471961102e-08, 4.66004923538e-09, 5.2542636908e-09, 2.60506949346e-09, 2.10342787632e-09, 6.08657835244e-09, 4.81619355508e-10, 3.32561387537e-16, 5.98152416193e-18],
        "max": [0.0001729427604, 0.014092980884, 0.0195931307971, 0.0179879330099, 0.0468373335898, 0.11034104228, 0.14308051765, 0.055601105094, 0.0752640739083, 0.00641503743827, 0.0079871378839, 0.00566516956314, 0.00557293510064, 0.00378751126118, 0.00179442099761, 0.00414144899696, 0.0155160548165, 0.00415003113449, 0.00248406291939, 0.00116818596143, 0.00172678439412, 0.00155384629034, 0.0012375410879, 0.00238498370163, 0.000353754265234, 2.76623808304e-07, 1.21487646609e-08],
        "mean": [6.10825463809e-06, 0.00142389105167, 0.00152903574053, 0.00206775800325, 0.00276636192575, 0.00602347357199, 0.00272729503922, 0.000742368865758, 0.0004762862809, 0.000112858404464, 8.20332425064e-05, 0.00012189662084, 0.000100352866866, 6.16099277977e-05, 4.02860969189e-05, 0.000138850286021, 0.000261209410382, 0.000101245939732, 4.82288851344e-05, 1.3388548723e-05, 2.09476274904e-05, 1.52316761159e-05, 1.00921752164e-05, 1.25564693008e-05, 3.33534489982e-06, 2.87075940797e-09, 6.96603719152e-10],
        "median": [3.35914046445e-06, 0.000540106440894, 0.000642747385427, 0.000938014360145, 0.00122750760056, 0.00105322571471, 0.000192336781765, 2.59299958998e-05, 2.07245157071e-05, 1.39763269544e-05, 6.95878316037e-06, 1.35328846227e-05, 7.73550891608e-06, 5.74626119487e-06, 3.67926668332e-06, 5.94988478042e-06, 6.8464519245e-06, 3.72785029867e-06, 3.37427877639e-06, 9.75668399406e-07, 1.911242407e-06, 1.1472945971e-06, 5.06736796524e-07, 3.05994888095e-07, 8.36058902109e-08, 4.36739061582e-10, 2.24461976783e-10],
        "min": [3.02046609946e-10, 2.53986307541e-08, 1.12305844624e-08, 1.04340145413e-08, 4.2839607417e-09, 4.62791671652e-09, 1.10956610566e-09, 4.71097549859e-10, 9.03694202803e-11, 5.39554061152e-11, 5.29575688857e-11, 4.68732830328e-11, 4.00647653942e-10, 2.20145332519e-10, 9.11785161262e-11, 3.72969363727e-11, 1.04473207863e-10, 5.23942174369e-11, 3.74240673173e-11, 7.916634015e-11, 3.44663152185e-11, 5.58754743862e-11, 3.30245553126e-11, 2.9089588377e-11, 3.41030155504e-11, 1.69789911297e-11, 2.04543101207e-11],
        "var": [8.89787271641e-11, 4.27189752372e-06, 5.79795141675e-06, 7.32332136977e-06, 2.26511619985e-05, 0.000158044364071, 6.39048812445e-05, 9.06778313947e-06, 1.11932249638e-05, 1.22952442894e-07, 1.63851467505e-07, 1.81695085644e-07, 1.06259221866e-07, 5.03744104208e-08, 1.71716916242e-08, 1.79625558872e-07, 9.02295994365e-07, 1.18329268162e-07, 2.65842654557e-08, 4.1216545732e-09, 8.9094456257e-09, 5.32571986511e-09, 3.21855586627e-09, 6.95689506003e-09, 4.06499139904e-10, 2.02556759089e-16, 1.44719497807e-18]
    },
    "erbbands": {
        "dmean": [0.00459909718484, 0.132468640804, 0.661611199379, 2.1790471077, 5.09479284286, 3.14183735847, 10.1623258591, 33.2155075073, 28.9148845673, 19.8059597015, 9.44185066223, 7.4342956543, 3.08449316025, 1.87888133526, 2.77688169479, 3.15543150902, 2.9612891674, 2.10976958275, 2.01498889923, 2.55767250061, 6.86193847656, 10.0383014679, 4.16282510757, 2.01836037636, 1.19080960751, 0.484120607376, 0.464725643396, 0.543549239635, 0.366624981165, 0.253190696239, 0.201097741723, 0.178073301911, 0.153184890747, 0.0534065254033, 0.00316827674396, 0.000144048972288, 1.00778006527e-05, 1.78017057806e-06, 3.30673287863e-06, 7.46096293369e-06],
        "dmean2": [0.00741692585871, 0.193399578333, 0.987941265106, 3.48885345459, 7.80952692032, 4.76231718063, 15.0102748871, 48.7855567932, 42.2093811035, 28.1068878174, 13.1049394608, 9.27090549469, 3.97221326828, 2.53768825531, 3.8402864933, 4.59328222275, 4.33399915695, 3.17482972145, 2.96582269669, 3.93240380287, 10.1271047592, 15.1553783417, 5.89808416367, 2.79045796394, 1.67491102219, 0.701893866062, 0.644783198833, 0.736500024796, 0.480781376362, 0.332970708609, 0.272873342037, 0.242054507136, 0.20947624743, 0.0772067904472, 0.00458236783743, 0.000207251563552, 1.41921418617e-05, 2.55314830611e-06, 4.68341977466e-06, 1.06968227556e-05],
        "dvar": [4.69529149996e-05, 0.0453546345234, 1.14315485954, 13.8193321228, 82.7125473022, 43.2232208252, 655.804504395, 7606.45556641, 10197.9306641, 3432.2878418, 1314.88708496, 2459.16870117, 403.242980957, 60.6195793152, 135.464614868, 130.78427124, 89.9331130981, 40.5517845154, 58.3034591675, 97.1931915283, 416.291290283, 1115.12414551, 191.035949707, 38.803024292, 15.0030632019, 6.37532758713, 4.19769716263, 4.93746566772, 2.64879250526, 1.11095440388, 1.18894398212, 1.17819964886, 1.01654362679, 0.0870466381311, 0.000489346042741, 9.08312983938e-07, 2.08082395758e-09, 3.61976490448e-11, 2.68124845243e-11, 1.48347584217e-10],
        "dvar2": [0.0001300751901, 0.0890323892236, 2.59839010239, 37.3037605286, 179.739273071, 96.4153213501, 1239.24658203, 14361.3789062, 22164.7695312, 7057.95019531, 2729.55126953, 3641.77148438, 608.54510498, 102.321121216, 236.257705688, 288.199584961, 184.973831177, 85.5629119873, 115.660064697, 238.548187256, 898.78302002, 2706.68164062, 387.937438965, 64.775428772, 28.0239067078, 14.0228786469, 6.86377334595, 7.68934774399, 4.13491296768, 1.6860357523, 2.10418081284, 2.31087517738, 1.97732901573, 0.174993887544, 0.00111616193317, 2.02690716833e-06, 4.13493905782e-09, 6.64638344361e-11, 5.39794008103e-11, 2.97471047794e-10],
        "max": [0.14342443645, 4.31116676331, 23.5653781891, 54.404876709, 162.407028198, 171.527770996, 334.258178711, 1408.79101562, 2524.75, 1017.24078369, 710.081359863, 2075.50537109, 1069.31604004, 244.156036377, 356.468536377, 206.508743286, 159.935592651, 147.504425049, 161.983505249, 190.453842163, 350.703613281, 635.164367676, 269.43637085, 141.4662323, 78.5303955078, 70.3603057861, 47.6303024292, 78.2049636841, 61.652923584, 38.77085495, 32.2989578247, 35.9513244629, 43.2759399414, 6.7649769783, 0.649771511555, 0.0272848252207, 0.00110023422167, 0.000155565430759, 7.70156111685e-05, 0.00018065936456],
        "mean": [0.0128383226693, 0.421029150486, 1.86197173595, 4.25958776474, 11.0942678452, 6.71444892883, 18.9711761475, 58.9340171814, 46.398223877, 28.728313446, 14.7102050781, 10.7259368896, 4.952729702, 3.25505661964, 4.38420295715, 4.61604547501, 4.18974018097, 3.07498502731, 2.76114869118, 3.65620684624, 11.3124904633, 13.5383014679, 6.05007886887, 3.23791790009, 1.77509331703, 0.70063072443, 0.728334546089, 0.852947592735, 0.558310627937, 0.37157574296, 0.289874851704, 0.241467699409, 0.217750936747, 0.0737804472446, 0.00391545007005, 0.000191654631635, 1.85325734492e-05, 3.30047987518e-06, 9.51260335569e-06, 2.13364837691e-05],
        "median": [0.00658262707293, 0.148837983608, 0.729525923729, 2.47863221169, 4.71082496643, 3.09892725945, 3.86616659164, 9.96959209442, 7.07246685028, 1.44144642353, 0.603440344334, 0.508564770222, 0.663455188274, 0.381888270378, 0.442043840885, 0.562550425529, 0.411734968424, 0.312620908022, 0.238445818424, 0.29863551259, 0.401385873556, 0.418084233999, 0.248467952013, 0.203435480595, 0.145743578672, 0.060200765729, 0.062502451241, 0.0789975970984, 0.044262945652, 0.0272857565433, 0.0134342806414, 0.00655209599063, 0.00503866560757, 0.00196949834935, 7.97741668066e-05, 1.44902205648e-05, 5.82409938943e-06, 9.89691443465e-07, 5.54323560209e-06, 1.20429522212e-05],
        "min": [7.35612672997e-07, 5.03048659084e-06, 1.2550934116e-05, 3.88111984648e-05, 1.15216189442e-05, 1.60501258506e-05, 4.47989114036e-05, 2.45281098614e-05, 1.97620811377e-05, 8.08763707028e-06, 9.47791886574e-06, 2.85394185084e-06, 1.91793742488e-06, 1.55700354298e-06, 2.04337538889e-06, 2.30051955441e-06, 1.3298003978e-05, 1.71001265699e-05, 7.13107374395e-06, 3.06847368847e-06, 2.80149515675e-06, 5.94965422351e-06, 3.32848867401e-06, 1.99979012905e-06, 1.75349236997e-06, 3.48281400875e-06, 2.71753788184e-06, 1.3028200101e-06, 1.2186086451e-06, 2.07793596019e-06, 9.26107134092e-07, 7.04094816228e-07, 4.91692503601e-07, 4.36985487795e-07, 2.13295393792e-07, 6.63514825305e-08, 3.49339508432e-08, 1.39391982401e-08, 2.30585572858e-09, 4.01449012921e-10],
        "var": [0.000256032421021, 0.400974780321, 9.70457553864, 24.3149185181, 304.689453125, 186.934112549, 1546.53234863, 19656.3105469, 18451.5195312, 6473.50048828, 2542.59667969, 5692.43115234, 928.742553711, 157.178771973, 391.872833252, 214.876434326, 159.829116821, 82.5456008911, 99.1035461426, 132.563049316, 1126.28955078, 2062.42993164, 383.252380371, 102.472618103, 31.7946548462, 10.2374010086, 11.8285007477, 14.2570171356, 7.19840717316, 2.7116792202, 2.86328625679, 2.51687288284, 2.1575293541, 0.182404920459, 0.000723557022866, 1.43544241382e-06, 4.55782878106e-09, 9.68186988914e-11, 1.00243993661e-10, 5.26393761913e-10]
    },
    "gfcc": {
        "mean": [-158.368362427, 178.921585083, -108.514892578, 48.3423347473, -56.9252548218, -10.3293333054, -37.7917633057, -22.5369853973, -3.6889333725, -23.0390949249, 7.16813564301, -14.2663898468, 2.32920432091],
        "cov": [[7184.94482422, -1040.84289551, -1649.72961426, -98.4293518066, -685.755004883, -661.483581543, -682.255615234, 402.55279541, 278.664001465, -196.979949951, -199.091293335, 181.093292236, -155.38470459], [-1040.84289551, 1252.5657959, 211.211608887, -572.733337402, 318.431732178, -212.509536743, 247.546432495, -161.678192139, 110.279251099, -51.451171875, 42.3496894836, 30.5835475922, 28.0058917999], [-1649.72961426, 211.211608887, 1069.08959961, 151.373809814, 83.0289993286, 355.723022461, 164.626922607, -57.2604560852, -101.539405823, 65.9291992188, 31.5028629303, -70.2150650024, 99.2334442139], [-98.4293518066, -572.733337402, 151.373809814, 674.40045166, 47.1139335632, 185.166870117, -6.9863524437, 29.018529892, -54.6617279053, 59.6812438965, 24.3732624054, -22.1902065277, 26.7466106415], [-685.755004883, 318.431732178, 83.0289993286, 47.1139335632, 428.684844971, 11.258055687, 53.83826828, -94.122177124, 42.8466796875, 30.3124599457, 19.2074203491, 22.1635951996, 27.4291706085], [-661.483581543, -212.509536743, 355.723022461, 185.166870117, 11.258055687, 450.972442627, 105.107139587, 20.9617385864, -85.256187439, 71.006477356, 39.6817054749, -63.3334732056, 32.6806182861], [-682.255615234, 247.546432495, 164.626922607, -6.9863524437, 53.83826828, 105.107139587, 362.375549316, 34.284286499, -64.0333709717, 2.19825315475, 40.834438324, -7.30344152451, 4.79687786102], [402.55279541, -161.678192139, -57.2604560852, 29.018529892, -94.122177124, 20.9617385864, 34.284286499, 211.127197266, -0.611182272434, -19.7535591125, 12.5075149536, 0.873130261898, -19.546049118], [278.664001465, 110.279251099, -101.539405823, -54.6617279053, 42.8466796875, -85.256187439, -64.0333709717, -0.611182272434, 174.319900513, 24.8919448853, -8.68688297272, 31.9224224091, -25.5054035187], [-196.979949951, -51.451171875, 65.9291992188, 59.6812438965, 30.3124599457, 71.006477356, 2.19825315475, -19.7535591125, 24.8919448853, 128.314575195, 37.1999359131, -21.1705856323, 1.9738560915], [-199.091293335, 42.3496894836, 31.5028629303, 24.3732624054, 19.2074203491, 39.6817054749, 40.834438324, 12.5075149536, -8.68688297272, 37.1999359131, 122.518737793, 12.8267526627, -39.5533828735], [181.093292236, 30.5835475922, -70.2150650024, -22.1902065277, 22.1635951996, -63.3334732056, -7.30344152451, 0.873130261898, 31.9224224091, -21.1705856323, 12.8267526627, 112.968559265, 13.8284015656], [-155.38470459, 28.0058917999, 99.2334442139, 26.7466106415, 27.4291706085, 32.6806182861, 4.79687786102, -19.546049118, -25.5054035187, 1.9738560915, -39.5533828735, 13.8284015656, 128.287017822]],
        "icov": [[0.000362331076758, -0.000188547288417, 0.000424946367275, -0.000242431429797, 0.000472356507089, -3.71837704733e-05, 0.000520545057952, -0.000570702191908, -9.19394442462e-05, -2.55292106885e-05, 0.000527957628947, -0.000451665080618, 0.00019750323554], [-0.000188547288417, 0.00931664835662, -0.00302611873485, 0.0069726058282, -0.00504399603233, 0.00455744704232, -0.00646006455645, 0.00453583616763, -0.00676004961133, 0.00551349110901, -0.00729862973094, 0.00470963353291, -0.00471189059317], [0.000424946367275, -0.00302611873485, 0.00281210243702, -0.00240265205503, 0.00195066409651, -0.00232276762836, 0.00212474749424, -0.00150026846677, 0.00197145016864, -0.00163132150192, 0.0023706657812, -0.00133471365552, 0.000659481040202], [-0.000242431429797, 0.0069726058282, -0.00240265205503, 0.007050617598, -0.0042199366726, 0.00280794058926, -0.00452289078385, 0.00304342363961, -0.00437089474872, 0.00343425502069, -0.00551272323355, 0.00342382327653, -0.00359808118083], [0.000472356507089, -0.00504399603233, 0.00195066409651, -0.0042199366726, 0.00610175682232, -0.00236501102336, 0.00318719260395, -0.00149874482304, 0.00220190035179, -0.00280470750295, 0.00371581478976, -0.00312289665453, 0.00195773039013], [-3.71837704733e-05, 0.00455744704232, -0.00232276762836, 0.00280794058926, -0.00236501102336, 0.00614204071462, -0.00353263388388, 0.00154971831944, -0.00235876394436, 0.00129246700089, -0.00392888020724, 0.00327038113028, -0.0025721678976], [0.000520545057952, -0.00646006455645, 0.00212474749424, -0.00452289078385, 0.00318719260395, -0.00353263388388, 0.0084368083626, -0.00459659844637, 0.00566215999424, -0.0036359175574, 0.00482832361013, -0.00395326549187, 0.00363932270557], [-0.000570702191908, 0.00453583616763, -0.00150026846677, 0.00304342363961, -0.00149874482304, 0.00154971831944, -0.00459659844637, 0.00881307478994, -0.00411168439314, 0.003977809567, -0.00493885949254, 0.00291544385254, -0.00243084318936], [-9.19394442462e-05, -0.00676004961133, 0.00197145016864, -0.00437089474872, 0.00220190035179, -0.00235876394436, 0.00566215999424, -0.00411168439314, 0.0136500420049, -0.00756483059376, 0.00722249597311, -0.00580808334053, 0.00572577118874], [-2.55292106885e-05, 0.00551349110901, -0.00163132150192, 0.00343425502069, -0.00280470750295, 0.00129246700089, -0.0036359175574, 0.003977809567, -0.00756483059376, 0.0147607624531, -0.00849031005055, 0.00565314292908, -0.0046344557777], [0.000527957628947, -0.00729862973094, 0.0023706657812, -0.00551272323355, 0.00371581478976, -0.00392888020724, 0.00482832361013, -0.00493885949254, 0.00722249597311, -0.00849031005055, 0.018406258896, -0.00787396263331, 0.0089120818302], [-0.000451665080618, 0.00470963353291, -0.00133471365552, 0.00342382327653, -0.00312289665453, 0.00327038113028, -0.00395326549187, 0.00291544385254, -0.00580808334053, 0.00565314292908, -0.00787396263331, 0.014650799334, -0.00607865583152], [0.00019750323554, -0.00471189059317, 0.000659481040202, -0.00359808118083, 0.00195773039013, -0.0025721678976, 0.00363932270557, -0.00243084318936, 0.00572577118874, -0.0046344557777, 0.0089120818302, -0.00607865583152, 0.0136458147317]]
    },
    "melbands": {
        "dmean": [8.14778904896e-05, 0.000287757633487, 0.000457620539237, 0.000304806162603, 0.000300777028315, 0.000712598615792, 0.000427548220614, 0.00019377922581, 7.38682792871e-05, 4.35483416368e-05, 1.51553813339e-05, 7.4807630881e-06, 8.69102768775e-06, 1.04641057987e-05, 7.09229061613e-06, 6.87048623149e-06, 3.88709622712e-06, 3.96584755435e-06, 2.66841470875e-06, 4.24557583756e-06, 1.02000904008e-05, 1.29791815198e-05, 5.006083029e-06, 2.98422060041e-06, 1.58312934673e-06, 1.38615712331e-06, 3.824755197e-07, 3.26883167645e-07, 2.8141414532e-07, 3.46876930735e-07, 3.12166292815e-07, 2.32876388395e-07, 1.86898319043e-07, 1.29239239754e-07, 1.23410700326e-07, 1.16897822977e-07, 1.11202915321e-07, 1.21353991744e-07, 8.91650131507e-08, 3.16814059431e-08],
        "dmean2": [0.000123151985463, 0.000424658093834, 0.000719732546713, 0.000465636345325, 0.000447184633231, 0.00103863049299, 0.000621822022367, 0.000273694313364, 0.000100822275272, 5.3680367273e-05, 1.98835259653e-05, 1.04365544757e-05, 1.23228046505e-05, 1.51801887114e-05, 1.08564481707e-05, 1.02049580164e-05, 6.03237504038e-06, 5.92726928517e-06, 4.10617940361e-06, 6.37322045804e-06, 1.53013443196e-05, 1.97974750336e-05, 7.52541836846e-06, 4.19843763666e-06, 2.24223117584e-06, 1.99270357371e-06, 5.73478587285e-07, 4.91345872433e-07, 3.98869843821e-07, 5.05773812165e-07, 4.31662158462e-07, 3.1678968071e-07, 2.54030538827e-07, 1.73456143671e-07, 1.7840416433e-07, 1.59590641147e-07, 1.57250113375e-07, 1.67445151078e-07, 1.27636653247e-07, 4.83022049025e-08],
        "dvar": [1.48288821222e-08, 2.05379464546e-07, 4.91529135616e-07, 3.26429926645e-07, 5.11961275151e-07, 3.18945808431e-06, 1.98708380594e-06, 3.54858457285e-07, 8.49474091069e-08, 8.99672230048e-08, 1.11206324149e-08, 1.00576158513e-09, 1.44900691446e-09, 1.44172263017e-09, 6.45274222943e-10, 6.53280929352e-10, 1.42255845992e-10, 2.79749945431e-10, 9.68700467063e-11, 2.50839626847e-10, 1.04717523541e-09, 1.96760585602e-09, 3.53410384291e-10, 1.04335477757e-10, 2.81079031578e-11, 2.61474088908e-11, 2.30306052007e-12, 3.40110556905e-12, 1.7670631668e-12, 2.5435348272e-12, 1.80511681991e-12, 1.456277373e-12, 6.25743218092e-13, 3.43092064091e-13, 4.80718763407e-13, 5.72891072689e-13, 5.46207935652e-13, 9.86083068498e-13, 2.24451100067e-13, 3.94443219677e-14],
        "dvar2": [3.32997451835e-08, 4.37854680513e-07, 1.201278792e-06, 7.28148961571e-07, 9.74544491328e-07, 6.09219114267e-06, 4.3757727326e-06, 7.17976206488e-07, 1.59468271477e-07, 1.36677030582e-07, 1.70949725486e-08, 1.73885328358e-09, 2.53658427596e-09, 3.03426572756e-09, 1.48775769482e-09, 1.38614031364e-09, 3.12795012114e-10, 5.73727954034e-10, 2.38216807391e-10, 5.87875526037e-10, 2.31456076527e-09, 4.85170303932e-09, 8.02226118868e-10, 1.93006638449e-10, 4.87949090855e-11, 5.15987252925e-11, 5.22278487819e-12, 7.45233475624e-12, 2.98877741133e-12, 4.49744842063e-12, 2.89377788225e-12, 2.61824372946e-12, 9.15079318743e-13, 5.64237729889e-13, 9.91734255482e-13, 1.14404677138e-12, 1.08952766514e-12, 2.12780943039e-12, 4.52828611197e-13, 8.85681163284e-14],
        "max": [0.0021214003209, 0.00999753922224, 0.0076737687923, 0.0123478919268, 0.00894382689148, 0.0273330695927, 0.0336201041937, 0.0124757019803, 0.00636853929609, 0.0111822485924, 0.00562944449484, 0.000966185529251, 0.00130955595523, 0.000779047317337, 0.00052524311468, 0.000614155665971, 0.000244575407123, 0.000365337153198, 0.00018037224072, 0.000333383737598, 0.000625569897238, 0.000895993376616, 0.000315654848237, 0.000219319641474, 0.000135050242534, 0.000113678215712, 3.20557774103e-05, 4.85442251374e-05, 3.73907787434e-05, 5.03863484482e-05, 4.91635873914e-05, 4.95345811942e-05, 3.53090508725e-05, 2.49562435783e-05, 2.08854053199e-05, 2.32540805882e-05, 2.82045002677e-05, 4.57189926237e-05, 1.12788438855e-05, 4.48390210295e-06],
        "mean": [0.000248391850619, 0.000845986767672, 0.00097929884214, 0.000683615915477, 0.000558009603992, 0.00128716684412, 0.000674229231663, 0.000276858714642, 0.000112447589345, 6.13015145063e-05, 2.3540960683e-05, 1.25627175294e-05, 1.32866207423e-05, 1.51468921104e-05, 9.59000954026e-06, 8.95156608749e-06, 5.41727285963e-06, 4.99331463288e-06, 3.44818204212e-06, 6.24427593721e-06, 1.56542264449e-05, 1.67123907886e-05, 6.53962615615e-06, 4.38136839875e-06, 2.39326004703e-06, 1.90152593404e-06, 5.43821499832e-07, 4.38985154005e-07, 4.14991603748e-07, 5.21565539202e-07, 4.79889536109e-07, 3.30766880552e-07, 2.5886822641e-07, 1.83186401159e-07, 1.72138513221e-07, 1.48085987917e-07, 1.46349819374e-07, 1.6188015195e-07, 1.2457994103e-07, 3.94648544955e-08],
        "median": [0.000109857312054, 0.000355839380063, 0.000619031139649, 0.000292770913802, 0.000124960002722, 0.000234488630667, 9.86054583336e-05, 9.07024423213e-06, 4.03978719987e-06, 3.01623686028e-06, 2.97016572404e-06, 1.38574944231e-06, 1.20120694191e-06, 1.54208225922e-06, 1.08130620902e-06, 7.18075966688e-07, 5.26566907411e-07, 3.67890976349e-07, 3.09239197804e-07, 3.49151889623e-07, 4.64446031856e-07, 4.10893420622e-07, 2.19646267396e-07, 1.60203910582e-07, 1.37526470212e-07, 1.23670048424e-07, 4.76030486141e-08, 2.51376324201e-08, 2.81252212631e-08, 4.00310149473e-08, 4.22939301359e-08, 2.15078124199e-08, 1.76421313114e-08, 1.20309140428e-08, 6.75453026844e-09, 3.66892383141e-09, 3.14862891315e-09, 2.89716295399e-09, 3.43842065931e-09, 7.38682670587e-10],
        "min": [7.95275134635e-09, 6.61473764652e-09, 5.62875257515e-09, 8.52858395017e-10, 1.37211131346e-09, 6.4920968601e-10, 2.63734895034e-10, 9.03072130964e-11, 6.31443716759e-11, 1.5730793404e-11, 9.30986624598e-12, 6.35394905094e-12, 7.41629240658e-12, 5.43648025902e-12, 9.0490974089e-12, 4.6034457496e-11, 2.91137426667e-11, 1.2044092286e-11, 6.87687363651e-12, 3.18960049345e-12, 3.25377246847e-12, 5.83199070633e-12, 4.54716429441e-12, 1.7677034966e-12, 1.60831200788e-12, 1.50899009e-12, 7.39032858348e-13, 3.0885862444e-12, 2.15908410942e-12, 7.69477472191e-13, 7.67436786862e-13, 5.37429204871e-13, 1.24888803726e-12, 9.50150331677e-13, 4.16162113451e-13, 7.0596615576e-13, 3.23537149762e-13, 3.26280208364e-13, 4.0394242313e-13, 3.43229432506e-13],
        "var": [1.07341527666e-07, 1.84391501534e-06, 1.15773684684e-06, 1.50978075908e-06, 1.20982144836e-06, 8.20423429104e-06, 3.49441961589e-06, 6.64346373469e-07, 1.81159421686e-07, 2.02670889848e-07, 2.49017944043e-08, 2.4903161755e-09, 4.32155600194e-09, 2.84954260188e-09, 9.8419872252e-10, 9.88114257083e-10, 2.74486267049e-10, 4.29006885572e-10, 1.23819232645e-10, 3.92937543614e-10, 2.44757636381e-09, 3.50140738625e-09, 5.30464616677e-10, 2.44607112343e-10, 6.50788381518e-11, 4.72229720605e-11, 4.62629717521e-12, 5.1098522115e-12, 4.32850109922e-12, 6.28040848494e-12, 4.91591446369e-12, 3.30752959743e-12, 1.49369687626e-12, 7.96344381496e-13, 1.02623790542e-12, 1.04898837013e-12, 1.06814470463e-12, 1.65489746472e-12, 4.82205096165e-13, 6.42163731045e-14]
    },
    "mfcc": {
        "mean": [-792.684448242, 179.671157837, 22.2955799103, 39.6709327698, 13.520318985, 3.94211483002, -11.8480997086, -4.86895513535, -9.42770004272, -15.4442253113, -2.75884485245, 0.102147094905, -0.1567645818],
        "cov": [[7101.37011719, -733.426208496, -1668.27612305, 144.308166504, -473.304229736, -753.291809082, -1112.29321289, 217.89894104, -19.4499435425, -487.277252197, 263.636291504, 185.991897583, -37.4993782043], [-733.426208496, 1758.08349609, -144.088302612, -294.823425293, -60.7547187805, -111.895576477, -77.3720169067, -17.5980300903, 59.7027854919, -121.647018433, 3.73203229904, 22.8238754272, 47.5231513977], [-1668.27612305, -144.088302612, 1073.74365234, -19.424861908, 86.1075744629, 276.794311523, 382.666778564, -21.0426940918, 48.5123672485, 184.647781372, -85.5332870483, -38.7173118591, 27.3359069824], [144.308166504, -294.823425293, -19.424861908, 419.12890625, 93.6555709839, 29.5133743286, 19.8854293823, 30.1600723267, -4.78052520752, 23.608877182, -13.0158929825, -17.118139267, -2.27269935608], [-473.304229736, -60.7547187805, 86.1075744629, 93.6555709839, 380.594848633, 160.656951904, 1.53535807133, -49.5874595642, 1.61367344856, 51.45129776, -21.3270683289, -5.78762149811, 3.76328802109], [-753.291809082, -111.895576477, 276.794311523, 29.5133743286, 160.656951904, 364.696868896, 181.570724487, -58.4664993286, 25.9180355072, 104.595443726, -37.5629768372, -11.0480318069, 13.2236289978], [-1112.29321289, -77.3720169067, 382.666778564, 19.8854293823, 1.53535807133, 181.570724487, 506.954925537, 43.981464386, 17.4297428131, 156.673492432, -39.861530304, -13.745677948, 1.65435147285], [217.89894104, -17.5980300903, -21.0426940918, 30.1600723267, -49.5874595642, -58.4664993286, 43.981464386, 208.22833252, 10.7079582214, -8.83544158936, 41.3887901306, 23.7609767914, 6.09705352783], [-19.4499435425, 59.7027854919, 48.5123672485, -4.78052520752, 1.61367344856, 25.9180355072, 17.4297428131, 10.7079582214, 174.810348511, -5.06443834305, -47.5846290588, 2.63419604301, 0.640285730362], [-487.277252197, -121.647018433, 184.647781372, 23.608877182, 51.45129776, 104.595443726, 156.673492432, -8.83544158936, -5.06443834305, 230.003067017, 25.898273468, -37.9670410156, -11.8946809769], [263.636291504, 3.73203229904, -85.5332870483, -13.0158929825, -21.3270683289, -37.5629768372, -39.861530304, 41.3887901306, -47.5846290588, 25.898273468, 188.40385437, 39.0454330444, 6.3639550209], [185.991897583, 22.8238754272, -38.7173118591, -17.118139267, -5.78762149811, -11.0480318069, -13.745677948, 23.7609767914, 2.63419604301, -37.9670410156, 39.0454330444, 132.691314697, 28.9288158417], [-37.4993782043, 47.5231513977, 27.3359069824, -2.27269935608, 3.76328802109, 13.2236289978, 1.65435147285, 6.09705352783, 0.640285730362, -11.8946809769, 6.3639550209, 28.9288158417, 84.7258148193]],
