{
"lowlevel": {
    "average_loudness": 0.905682563782,
    "barkbands_crest": {
        "dmean": 2.12033462524,
        "dmean2": 3.41271543503,
        "dvar": 3.60012674332,
        "dvar2": 9.39036273956,
        "max": 22.4182014465,
        "mean": 10.9315824509,
        "median": 10.5487852097,
        "min": 3.31201720238,
        "var": 11.7530641556
    },
    "barkbands_flatness_db": {
        "dmean": 0.0213676523417,
        "dmean2": 0.0318756736815,
        "dvar": 0.000395331881009,
        "dvar2": 0.000904569867998,
        "max": 0.381427258253,
        "mean": 0.214740112424,
        "median": 0.208870843053,
        "min": 0.0890984833241,
        "var": 0.00231333263218
    },
    "barkbands_kurtosis": {
        "dmean": 4.59631061554,
        "dmean2": 7.06893396378,
        "dvar": 37.9646873474,
        "dvar2": 82.6455383301,
        "max": 102.935874939,
        "mean": 12.1205654144,
        "median": 6.89800262451,
        "min": -1.61205351353,
        "var": 231.665313721
    },
    "barkbands_skewness": {
        "dmean": 0.548195242882,
        "dmean2": 0.836581110954,
        "dvar": 0.277704745531,
        "dvar2": 0.615575730801,
        "max": 8.38720703125,
        "mean": 2.69877386093,
        "median": 2.44867706299,
        "min": -0.510146021843,
        "var": 2.29312896729
    },
    "barkbands_spread": {
        "dmean": 3.46070218086,
        "dmean2": 5.24556875229,
        "dvar": 18.9873428345,
        "dvar2": 40.5754356384,
        "max": 87.8520965576,
        "mean": 12.3442373276,
        "median": 10.7880363464,
        "min": 0.988542020321,
        "var": 71.8473892212
    },
    "dissonance": {
        "dmean": 0.0183032955974,
        "dmean2": 0.0307382680476,
        "dvar": 0.000283055502223,
        "dvar2": 0.000780260481406,
        "max": 0.498216241598,
        "mean": 0.45611178875,
        "median": 0.462372839451,
        "min": 0.210978582501,
        "var": 0.000826872303151
    },
    "dynamic_complexity": 3.41899299622,
    "erbbands_crest": {
        "dmean": 2.18444013596,
        "dmean2": 3.54489159584,
        "dvar": 4.04765129089,
        "dvar2": 10.3456535339,
        "max": 27.381149292,
        "mean": 8.09808921814,
        "median": 7.2806801796,
        "min": 2.61565828323,
        "var": 11.9821805954
    },
    "erbbands_flatness_db": {
        "dmean": 0.0134861599654,
        "dmean2": 0.0189799405634,
        "dvar": 0.000144220131915,
        "dvar2": 0.000275823520496,
        "max": 0.302215695381,
        "mean": 0.185226544738,
        "median": 0.184901416302,
        "min": 0.0746810510755,
        "var": 0.000953301961999
    },
    "erbbands_kurtosis": {
        "dmean": 0.541174054146,
        "dmean2": 0.852497696877,
        "dvar": 0.419392615557,
        "dvar2": 0.915394723415,
        "max": 8.94247722626,
        "mean": -0.316955953836,
        "median": -0.691849470139,
        "min": -1.67033457756,
        "var": 1.58154785633
    },
    "erbbands_skewness": {
        "dmean": 0.317210912704,
        "dmean2": 0.491279989481,
        "dvar": 0.0704155266285,
        "dvar2": 0.162633627653,
        "max": 2.7395939827,
        "mean": 0.335272848606,
        "median": 0.29777148366,
        "min": -1.9958063364,
        "var": 0.362987816334
    },
    "erbbands_spread": {
        "dmean": 6.94568681717,
        "dmean2": 10.6040477753,
        "dvar": 41.5868225098,
        "dvar2": 93.3529052734,
        "max": 112.448295593,
        "mean": 43.5610580444,
        "median": 43.2081413269,
        "min": 8.30819606781,
        "var": 224.413589478
    },
    "hfc": {
        "dmean": 3.48656749725,
        "dmean2": 4.65485143661,
        "dvar": 36.3703269958,
        "dvar2": 67.38621521,
        "max": 93.0283813477,
        "mean": 11.2186346054,
        "median": 6.61994028091,
        "min": 6.40583457425e-05,
        "var": 155.142333984
    },
    "melbands_crest": {
        "dmean": 2.65878343582,
        "dmean2": 4.38311433792,
        "dvar": 6.15886497498,
        "dvar2": 16.5200405121,
        "max": 30.1181049347,
        "mean": 15.257109642,
        "median": 14.7984962463,
        "min": 4.79416227341,
        "var": 18.7797698975
    },
    "melbands_flatness_db": {
        "dmean": 0.0250746756792,
        "dmean2": 0.0361365117133,
        "dvar": 0.00059699016856,
        "dvar2": 0.00126978184562,
        "max": 0.479067623615,
        "mean": 0.27373996377,
        "median": 0.267417937517,
        "min": 0.0899863168597,
        "var": 0.00396710354835
    },
    "melbands_kurtosis": {
        "dmean": 10.5813827515,
        "dmean2": 16.262928009,
        "dvar": 178.965713501,
        "dvar2": 395.623840332,
        "max": 219.705459595,
        "mean": 30.580034256,
        "median": 20.3101062775,
        "min": -1.22462964058,
        "var": 1001.75244141
    },
    "melbands_skewness": {
        "dmean": 0.762462258339,
        "dmean2": 1.16496551037,
        "dvar": 0.524897992611,
        "dvar2": 1.19818222523,
        "max": 12.3477239609,
        "mean": 4.05039978027,
        "median": 3.81078600883,
        "min": -0.124876663089,
        "var": 3.84120368958
    },
    "melbands_spread": {
        "dmean": 3.29120516777,
        "dmean2": 5.1009144783,
        "dvar": 17.6713733673,
        "dvar2": 40.6565895081,
        "max": 70.3901290894,
        "mean": 10.7658977509,
        "median": 8.78135871887,
        "min": 0.760406374931,
        "var": 64.5723419189
    },
    "pitch_salience": {
        "dmean": 0.0623909831047,
        "dmean2": 0.101380899549,
        "dvar": 0.00308689288795,
        "dvar2": 0.00777910463512,
        "max": 0.833969056606,
        "mean": 0.526122868061,
        "median": 0.53325599432,
        "min": 0.170790538192,
        "var": 0.0105790626258
    },
    "silence_rate_20dB": {
        "dmean": 0,
        "dmean2": 0,
        "dvar": 0,
        "dvar2": 0,
        "max": 1,
        "mean": 1,
        "median": 1,
        "min": 1,
        "var": 0
    },
    "silence_rate_30dB": {
        "dmean": 0.0131680862978,
        "dmean2": 0.0263463780284,
        "dvar": 0.012994710356,
        "dvar2": 0.0310765989125,
        "max": 1,
        "mean": 0.987611293793,
        "median": 1,
        "min": 0,
        "var": 0.0122348163277
    },
    "silence_rate_60dB": {
        "dmean": 0.00542215351015,
        "dmean2": 0.0108485082164,
        "dvar": 0.00539291510358,
        "dvar2": 0.0146057633683,
        "max": 1,
        "mean": 0.0131629891694,
        "median": 0,
        "min": 0,
        "var": 0.0129900202155
    },
    "spectral_centroid": {
        "dmean": 175.377044678,
        "dmean2": 265.68145752,
        "dvar": 39639.9140625,
        "dvar2": 87283.7109375,
        "max": 3317.50024414,
        "mean": 809.572265625,
        "median": 747.004272461,
        "min": 187.564422607,
        "var": 158638.328125
    },
    "spectral_complexity": {
        "dmean": 2.69790863991,
        "dmean2": 4.07942676544,
        "dvar": 12.025642395,
        "dvar2": 23.6943492889,
        "max": 45,
        "mean": 13.3751449585,
        "median": 12,
        "min": 0,
        "var": 55.477897644
    },
    "spectral_decrease": {
        "dmean": 2.3422128681e-09,
        "dmean2": 3.48683326656e-09,
        "dvar": 1.51219303148e-17,
        "dvar2": 3.54147817057e-17,
        "max": -9.03494130639e-14,
        "mean": -7.44801642583e-09,
        "median": -5.74491965111e-09,
        "min": -5.4239741587e-08,
        "var": 3.66196000464e-17
    },
    "spectral_energy": {
        "dmean": 0.00908489339054,
        "dmean2": 0.0134554095566,
        "dvar": 0.000226012591156,
        "dvar2": 0.000525733048562,
        "max": 0.207978755236,
        "mean": 0.0291281566024,
        "median": 0.02229196392,
        "min": 3.46809542862e-07,
        "var": 0.000563840032555
    },
    "spectral_energyband_high": {
        "dmean": 0.000111426554213,
        "dmean2": 0.000161756237503,
        "dvar": 7.73913200192e-08,
        "dvar2": 1.6760662902e-07,
        "max": 0.00421762187034,
        "mean": 0.000188013364095,
        "median": 7.5349220424e-05,
        "min": 1.5197693104e-09,
        "var": 1.38361727409e-07
    },
    "spectral_energyband_low": {
        "dmean": 0.00601871265098,
        "dmean2": 0.00966888386756,
        "dvar": 0.000114441587357,
        "dvar2": 0.00028903974453,
        "max": 0.156815841794,
        "mean": 0.0148762175813,
        "median": 0.0117459446192,
        "min": 2.50564966109e-07,
        "var": 0.000181990617421
    },
    "spectral_energyband_middle_high": {
        "dmean": 0.00107462413143,
        "dmean2": 0.00149166292977,
        "dvar": 4.14038595409e-06,
        "dvar2": 7.31823183742e-06,
        "max": 0.0360261164606,
        "mean": 0.00295387487859,
        "median": 0.00127387419343,
        "min": 6.143997755e-09,
        "var": 2.01816674235e-05
    },
    "spectral_energyband_middle_low": {
        "dmean": 0.0048133735545,
        "dmean2": 0.00714510912076,
        "dvar": 7.86710443208e-05,
        "dvar2": 0.000170744155184,
        "max": 0.158808961511,
        "mean": 0.0127504244447,
        "median": 0.00778195727617,
        "min": 1.13928535939e-07,
        "var": 0.000219776105951
    },
    "spectral_entropy": {
        "dmean": 0.156532749534,
        "dmean2": 0.21695625782,
        "dvar": 0.0224515609443,
        "dvar2": 0.0429559163749,
        "max": 8.43036460876,
        "mean": 7.1798324585,
        "median": 7.15867996216,
        "min": 5.86480236053,
        "var": 0.12288249284
    },
    "spectral_flux": {
        "dmean": 0.0225335303694,
        "dmean2": 0.0353514142334,
        "dvar": 0.000767264922615,
        "dvar2": 0.00177700060885,
        "max": 0.344210594893,
        "mean": 0.0713621228933,
        "median": 0.0588084571064,
        "min": 0.00058890535729,
        "var": 0.00207274034619
    },
    "spectral_kurtosis": {
        "dmean": 2.41830778122,
        "dmean2": 4.1471657753,
        "dvar": 4.99797964096,
        "dvar2": 14.2481098175,
        "max": 23.1046829224,
        "mean": 4.86095285416,
        "median": 4.20966720581,
        "min": -0.789197444916,
        "var": 10.4083166122
    },
    "spectral_rms": {
        "dmean": 0.000772247964051,
        "dmean2": 0.00112322589848,
        "dvar": 9.60522356763e-07,
        "dvar2": 2.06205208997e-06,
        "max": 0.0142445107922,
        "mean": 0.00496217841282,
        "median": 0.00466350279748,
        "min": 1.83943138836e-05,
        "var": 3.79445259568e-06
    },
    "spectral_rolloff": {
        "dmean": 210.544464111,
        "dmean2": 358.01361084,
        "dvar": 195546.28125,
        "dvar2": 468758.65625,
        "max": 7665.8203125,
        "mean": 552.251037598,
        "median": 387.59765625,
        "min": 86.1328125,
        "var": 353641.15625
    },
    "spectral_skewness": {
        "dmean": 0.270204126835,
        "dmean2": 0.441659659147,
        "dvar": 0.0504317507148,
        "dvar2": 0.134178027511,
        "max": 3.38988256454,
        "mean": 1.58038258553,
        "median": 1.56078624725,
        "min": 0.173369526863,
        "var": 0.193370088935
    },
    "spectral_spread": {
        "dmean": 372951.53125,
        "dmean2": 520057.3125,
        "dvar": 203102093312,
        "dvar2": 320511475712,
        "max": 16407609,
        "mean": 3407761.5,
        "median": 3214113,
        "min": 1627648.875,
        "var": 804577804288
    },
    "spectral_strongpeak": {
        "dmean": 0.287832856178,
        "dmean2": 0.479931175709,
        "dvar": 0.203725397587,
        "dvar2": 0.502420008183,
        "max": 5.88349151611,
        "mean": 0.580672085285,
        "median": 0.318524688482,
        "min": 0.000254752696492,
        "var": 0.611167132854
    },
    "zerocrossingrate": {
        "dmean": 0.00543198687956,
        "dmean2": 0.00678618252277,
        "dvar": 3.69185145246e-05,
        "dvar2": 4.33724235336e-05,
        "max": 0.16650390625,
        "mean": 0.0295549090952,
        "median": 0.02734375,
        "min": 0.00341796875,
        "var": 0.000256814353634
    },
    "barkbands": {
        "dmean": [0.000183523909072, 0.00344576640055, 0.00277309236117, 0.0020841488149, 0.00214505079202, 0.0010234634392, 0.000900470768102, 0.000554647645913, 0.000503562623635, 0.000254520418821, 0.000213237464777, 0.000123326710309, 0.000223197377636, 0.0002611844684, 0.000181820549187, 0.000210456331843, 0.000115626688057, 7.36842193874e-05, 6.78303113091e-05, 3.88685366488e-05, 4.24505233241e-05, 2.30554305745e-05, 1.91770577658e-05, 1.74799533852e-05, 4.82984751216e-06, 4.41144587526e-09, 1.08540165744e-09],
        "dmean2": [0.000297559105093, 0.00548493303359, 0.00461682351306, 0.00341116916388, 0.00329495873302, 0.00155637657735, 0.00132830487564, 0.000782051531132, 0.000688933592755, 0.000386646250263, 0.000344387633959, 0.000187127952813, 0.000325902568875, 0.000393331021769, 0.000277742627077, 0.000310949253617, 0.000181866096682, 0.000113583599159, 0.000108631335024, 6.13347510807e-05, 6.87328356435e-05, 3.4457698348e-05, 2.82759501715e-05, 2.39287219301e-05, 6.9032371357e-06, 6.73135547302e-09, 2.00224858915e-09],
        "dvar": [1.07913251668e-07, 2.98314789688e-05, 3.01140698866e-05, 1.81516752491e-05, 2.72272554867e-05, 4.81425377075e-06, 5.54170264877e-06, 2.54242740994e-06, 2.83191639028e-06, 3.36612345109e-07, 3.19958303407e-07, 1.27495084712e-07, 3.28708551933e-07, 4.25954368666e-07, 2.0934076872e-07, 2.29962040521e-07, 6.25596996429e-08, 2.2837623348e-08, 1.7726486945e-08, 7.52245110647e-09, 1.87655846418e-08, 4.62341276375e-09, 3.43935591118e-09, 3.01078739717e-09, 3.63190783004e-10, 2.37932322507e-16, 2.91334479987e-18],
        "dvar2": [2.57379412005e-07, 7.25346981199e-05, 8.14219165477e-05, 4.99899324495e-05, 6.07748916082e-05, 9.88448846329e-06, 1.23378613353e-05, 4.92359322379e-06, 3.84599798053e-06, 7.20362379525e-07, 7.93988306214e-07, 2.67625495098e-07, 6.10582844729e-07, 8.19488889192e-07, 4.45144763717e-07, 4.51806158708e-07, 1.31776417334e-07, 5.17250171583e-08, 4.42407319667e-08, 1.86271194025e-08, 5.06587696236e-08, 1.07771622737e-08, 7.06984870646e-09, 5.57844881399e-09, 6.8291328148e-10, 4.94552256474e-16, 8.54970572412e-18],
        "max": [0.00650870986283, 0.0855206847191, 0.0737398937345, 0.0917373597622, 0.114594712853, 0.0461044199765, 0.039189491421, 0.0435666777194, 0.0485243909061, 0.0180669985712, 0.0114161781967, 0.00858146697283, 0.0134521313012, 0.0105439499021, 0.0112529611215, 0.0105197327211, 0.00688493298367, 0.00233793747611, 0.00223295087926, 0.00113876117393, 0.00219597388059, 0.0013548739953, 0.00165822764393, 0.00197985605337, 0.000599337217864, 4.3629557922e-07, 2.64725699139e-08],
        "mean": [0.000287941191345, 0.00783367361873, 0.00518875382841, 0.00326624140143, 0.00379625731148, 0.00190994329751, 0.00151862262283, 0.000983697129413, 0.00113554438576, 0.000459835951915, 0.000326279492583, 0.00021843345894, 0.000422811077442, 0.000434686779045, 0.000316723133437, 0.000382073514629, 0.000197470377316, 0.000122136436403, 0.000112904534035, 6.10730203334e-05, 5.53749523533e-05, 3.70055458916e-05, 2.86959293589e-05, 2.55929717241e-05, 6.37584298602e-06, 5.43220535221e-09, 8.84836481863e-10],
        "median": [0.000125168822706, 0.00590550107881, 0.00339090870693, 0.00137772341259, 0.00199386617169, 0.000590356357861, 0.000376879208488, 0.000174266664544, 0.000150830674102, 0.000127908278955, 9.06841742108e-05, 5.91478892602e-05, 8.9457273134e-05, 8.96423662198e-05, 9.76917363005e-05, 0.000108406020445, 7.79342226451e-05, 4.20510150434e-05, 5.48434800294e-05, 2.31550584431e-05, 1.96137534658e-05, 1.38990117193e-05, 7.49818491386e-06, 6.15818316874e-06, 8.32142973195e-07, 1.39672218236e-09, 3.07408792866e-10],
        "min": [2.41652458044e-08, 8.5446203002e-08, 1.15623933539e-07, 5.47088774283e-08, 4.58272495507e-08, 8.5047169307e-09, 2.28744800879e-09, 1.40034983609e-09, 1.08380804331e-09, 2.46424769479e-09, 2.07536224317e-10, 1.20829055095e-10, 1.30588137526e-10, 4.87588247555e-10, 5.04443931071e-10, 7.1495187548e-10, 5.35259891965e-10, 7.39524996796e-10, 1.98880328872e-10, 2.36166280976e-10, 3.62624485994e-10, 3.71359942797e-10, 2.29035485022e-10, 3.2255023652e-10, 1.14338920276e-10, 7.64604438791e-12, 1.23816070244e-11],
        "var": [2.1522419047e-07, 5.78801373194e-05, 3.65959713235e-05, 3.39296238963e-05, 4.03637059208e-05, 1.55280667968e-05, 1.19006499517e-05, 7.78180856287e-06, 1.76177654794e-05, 1.15766556519e-06, 6.5424018203e-07, 3.15043337196e-07, 1.42183762364e-06, 1.1383800711e-06, 5.20904563928e-07, 6.32324827166e-07, 1.36156288022e-07, 4.92543357211e-08, 3.43770203415e-08, 1.15389200417e-08, 1.64037246009e-08, 6.85517109744e-09, 6.01679772672e-09, 6.20514040151e-09, 7.64457497304e-10, 4.35168364729e-16, 2.57289152861e-18]
    },
    "erbbands": {
        "dmean": [0.10168120265, 0.810066044331, 2.89603829384, 5.01879549026, 8.29790019989, 6.17537593842, 5.01444816589, 9.67287445068, 13.0147857666, 14.0595140457, 10.0248250961, 12.5060005188, 7.31647205353, 6.89533519745, 8.43892860413, 4.89484834671, 9.30139255524, 11.6969203949, 9.11505413055, 11.3402843475, 9.72514915466, 5.89830589294, 4.0601401329, 4.20088148117, 2.52500414848, 1.80779623985, 1.44368505478, 1.72274196148, 0.819952249527, 0.75847196579, 0.517830371857, 0.386060893536, 0.300035834312, 0.10157623142, 0.00500407489017, 0.000232257996686, 1.73196094693e-05, 3.08302423946e-06, 4.60204000774e-06, 1.01526629805e-05],
        "dmean2": [0.16396908462, 1.29269874096, 4.76490306854, 8.32699584961, 13.0362644196, 9.52484607697, 7.95356369019, 14.7397975922, 18.5858764648, 21.4988098145, 13.3701906204, 16.5740585327, 11.080406189, 10.0245389938, 13.65853405, 7.15746736526, 13.960308075, 17.3687458038, 13.259516716, 16.9213008881, 14.1671285629, 8.92342376709, 6.28040456772, 6.49580717087, 4.08212947845, 2.85867452621, 2.26212954521, 2.78074193001, 1.19831895828, 1.18486559391, 0.74445194006, 0.536514282227, 0.412404507399, 0.139078110456, 0.00688256276771, 0.000317242927849, 2.33454120462e-05, 4.24140807809e-06, 6.60961177346e-06, 1.49154529936e-05],
        "dvar": [0.0273110922426, 1.79598450661, 29.029504776, 107.50932312, 268.207458496, 256.22052002, 113.607582092, 487.301208496, 994.708862305, 1728.40283203, 771.263977051, 1870.12097168, 290.075408936, 311.694610596, 544.711425781, 172.949432373, 509.178497314, 890.766967773, 585.512634277, 527.883911133, 565.383056641, 178.775466919, 74.6100997925, 62.4291419983, 60.3542900085, 13.4748954773, 13.5894355774, 35.5374908447, 4.83238506317, 7.14508104324, 2.71476268768, 1.2913724184, 0.955899238586, 0.143109500408, 0.000607167836279, 1.15974023629e-06, 3.11862846658e-09, 6.21602075368e-11, 5.36850112975e-11, 2.78451206537e-10],
        "dvar2": [0.0620914883912, 4.62050104141, 76.6357879639, 299.191772461, 596.732421875, 604.952026367, 266.178161621, 990.034790039, 1860.74853516, 4348.67626953, 1130.7019043, 2360.58251953, 608.955322266, 572.209472656, 1461.87036133, 325.731567383, 940.165527344, 1601.64489746, 1202.36804199, 966.354919434, 1095.0123291, 376.998138428, 178.076477051, 142.711837769, 160.796386719, 32.0269775391, 33.7475891113, 96.8232879639, 9.997631073, 18.9823875427, 5.37633800507, 2.52415132523, 1.7010781765, 0.234402120113, 0.00100117526017, 1.82209635113e-06, 4.45105419189e-09, 9.33179991613e-11, 1.18647813796e-10, 6.40068442692e-10],
        "max": [2.24323344231, 23.7802333832, 67.3759994507, 165.606460571, 280.096466064, 361.519378662, 205.563049316, 488.42074585, 634.050292969, 724.150878906, 724.955505371, 1363.14135742, 698.544189453, 529.431091309, 515.733337402, 327.688018799, 490.048461914, 595.256469727, 513.379638672, 635.756164551, 587.202026367, 377.559326172, 114.575309753, 159.59803772, 153.644744873, 54.2953109741, 45.0029678345, 98.3073425293, 60.2366027832, 59.7861022949, 43.9323043823, 31.0756282806, 37.8934020996, 12.2354211807, 0.686021983624, 0.0300913900137, 0.00160143885296, 0.00023550169135, 9.50855901465e-05, 0.000227494339924],
        "mean": [0.207023352385, 1.81448733807, 5.88786935806, 8.68673706055, 14.1988630295, 10.9943752289, 8.85127162933, 17.7440109253, 23.8025722504, 22.2978210449, 21.025894165, 28.1711006165, 13.6915836334, 13.5191755295, 14.1579093933, 9.83388519287, 18.7369117737, 22.4239597321, 16.7893123627, 20.7222824097, 18.4411754608, 10.7178068161, 7.12821054459, 7.67444753647, 3.72944641113, 3.03677630424, 2.1550951004, 2.23404598236, 1.34666466713, 1.07338988781, 0.778589427471, 0.531043410301, 0.446452587843, 0.143232092261, 0.00683390395716, 0.000339637452271, 3.29482390953e-05, 5.95231085754e-06, 1.49021161633e-05, 3.2950523746e-05],
        "median": [0.144901812077, 1.25486648083, 3.83092141151, 5.31696224213, 6.93641757965, 5.57085514069, 3.75182676315, 5.64960956573, 6.1912150383, 6.42757511139, 3.62419629097, 3.89656472206, 4.32660913467, 3.52076148987, 4.18638563156, 3.10866260529, 4.67366266251, 5.09256649017, 4.4215593338, 7.78421020508, 5.23075675964, 4.1017408371, 2.97430992126, 3.15322709084, 1.67215359211, 1.27984428406, 0.882461309433, 0.759416639805, 0.507181167603, 0.33446803689, 0.201320797205, 0.127544105053, 0.0955222547054, 0.02367301099, 0.000727234990336, 5.7837987697e-05, 1.43166571434e-05, 2.78001152765e-06, 1.11995896077e-05, 2.48759806709e-05],
        "min": [3.21341281051e-06, 1.76486373675e-05, 0.000114368747745, 0.00016762688756, 0.00022152303427, 0.000105494036688, 7.01664102962e-05, 5.87445938436e-05, 2.13775838347e-05, 5.03702322021e-05, 2.6273448384e-05, 2.21544905799e-05, 4.34573594248e-05, 5.93914555793e-05, 7.51432889956e-06, 5.83665769227e-06, 6.53926963423e-06, 1.55271918629e-05, 2.25589174079e-05, 3.32070558215e-05, 4.34568464698e-05, 2.70085220109e-05, 4.1634128138e-05, 2.27831678785e-05, 7.54726306695e-06, 1.04937926153e-05, 1.23217396322e-05, 1.45623453136e-05, 1.89719739865e-05, 4.57696023659e-06, 8.68481038196e-06, 8.2570613813e-06, 4.16967168348e-06, 2.01408079192e-06, 1.30065430426e-07, 2.07714165867e-08, 1.82230426304e-08, 8.64514593246e-09, 2.03169481239e-09, 5.3390469823e-10],
        "var": [0.0477900467813, 3.34794163704, 42.9356307983, 144.406692505, 478.382781982, 371.4112854, 261.251098633, 1433.37426758, 3078.06152344, 2285.45898438, 3706.41259766, 11559.8701172, 906.666687012, 1532.37512207, 976.372924805, 550.6171875, 2175.67236328, 2985.81811523, 1642.76428223, 1642.09912109, 1514.9498291, 409.434814453, 144.683532715, 164.527542114, 60.4745635986, 24.6549968719, 17.3014240265, 29.5440750122, 9.08783626556, 7.15507698059, 4.93434858322, 2.52401709557, 2.03946876526, 0.345204681158, 0.00138992560096, 2.76712080449e-06, 8.30579605093e-09, 1.67703087528e-10, 1.49400658511e-10, 7.22733262126e-10]
    },
    "gfcc": {
        "mean": [-58.2174186707, 163.081100464, -132.796768188, 65.292098999, -51.2936439514, 16.7032375336, -28.7513217926, -7.34216737747, 3.04928064346, -20.8923168182, 7.06973266602, -22.8780174255, 6.35252666473],
        "cov": [[3859.35058594, -378.102386475, -594.321350098, -234.12677002, -605.144897461, 45.7052993774, -281.279632568, 22.9831600189, 54.1669921875, 57.7466468811, -71.7780151367, -72.2302474976, -69.6255722046], [-378.102386475, 491.607177734, -55.5898170471, -162.281707764, 200.921508789, -131.404998779, 118.172286987, -99.4036102295, 77.7890319824, -63.4304504395, 35.3277320862, -4.53969621658, -11.9194631577], [-594.321350098, -55.5898170471, 388.142150879, 136.516036987, 79.6583938599, 54.1545791626, -11.6234989166, 30.349647522, -35.287361145, 5.99684238434, 4.35397577286, 17.6400108337, 26.6814155579], [-234.12677002, -162.281707764, 136.516036987, 241.897293091, 51.997543335, 11.9051647186, -18.5413341522, 29.7855701447, -47.1549072266, -4.37759447098, 4.31826543808, 6.81900167465, 32.3382034302], [-605.144897461, 200.921508789, 79.6583938599, 51.997543335, 292.574432373, -37.5856437683, 65.323638916, -25.6311244965, 26.230134964, -31.8930912018, 28.2155761719, 7.6504149437, 14.901881218], [45.7052993774, -131.404998779, 54.1545791626, 11.9051647186, -37.5856437683, 131.074920654, 20.5907859802, 33.0191307068, -15.6098909378, 26.7151126862, -10.7538900375, 1.62836706638, -2.97070741653], [-281.279632568, 118.172286987, -11.6234989166, -18.5413341522, 65.323638916, 20.5907859802, 209.175765991, 10.1685056686, 10.6894693375, -11.8857793808, 5.6903014183, 4.45635271072, -9.70374488831], [22.9831600189, -99.4036102295, 30.349647522, 29.7855701447, -25.6311244965, 33.0191307068, 10.1685056686, 89.0521697998, 0.341287493706, 20.6152515411, -3.0010099411, -1.96068632603, 4.36946630478], [54.1669921875, 77.7890319824, -35.287361145, -47.1549072266, 26.230134964, -15.6098909378, 10.6894693375, 0.341287493706, 93.5260772705, 13.5304841995, -0.708450973034, -4.59403324127, -15.4890146255], [57.7466468811, -63.4304504395, 5.99684238434, -4.37759447098, -31.8930912018, 26.7151126862, -11.8857793808, 20.6152515411, 13.5304841995, 69.7876586914, 15.813911438, -6.69683361053, -4.05347442627], [-71.7780151367, 35.3277320862, 4.35397577286, 4.31826543808, 28.2155761719, -10.7538900375, 5.6903014183, -3.0010099411, -0.708450973034, 15.813911438, 53.1575698853, 13.6481275558, -2.14883327484], [-72.2302474976, -4.53969621658, 17.6400108337, 6.81900167465, 7.6504149437, 1.62836706638, 4.45635271072, -1.96068632603, -4.59403324127, -6.69683361053, 13.6481275558, 47.4858436584, 16.2999839783], [-69.6255722046, -11.9194631577, 26.6814155579, 32.3382034302, 14.901881218, -2.97070741653, -9.70374488831, 4.36946630478, -15.4890146255, -4.05347442627, -2.14883327484, 16.2999839783, 46.0395050049]],
        "icov": [[0.000558426429052, -0.000162252006703, 0.000761726754718, -0.000189514146768, 0.000906535133254, -0.000560714746825, 0.000681091740262, -0.000180901581189, -0.000426368700573, 0.000238757755142, -2.74017274933e-05, 0.000354074174538, 7.62316776672e-05], [-0.000162252006703, 0.0278490297496, -0.00618989858776, 0.0199566632509, -0.0100815333426, 0.0171801541001, -0.0126342624426, 0.0152358589694, -0.0120533239096, 0.0166506562382, -0.0183290168643, 0.015289097093, -0.0120604932308], [0.000761726754718, -0.00618989858776, 0.00607510609552, -0.00603828579187, 0.00206919154152, -0.00588748091832, 0.00418383907527, -0.00405037263408, 0.00276800990105, -0.00382805429399, 0.0044824630022, -0.00400392711163, 0.00270756939426], [-0.000189514146768, 0.0199566632509, -0.00603828579187, 0.0205868463963, -0.00841589085758, 0.0127289453521, -0.00850142817944, 0.008919226937, -0.00602947780862, 0.0119784809649, -0.0133211351931, 0.0116682359949, -0.0109003875405], [0.000906535133254, -0.0100815333426, 0.00206919154152, -0.00841589085758, 0.0106162130833, -0.0062297899276, 0.00368979782797, -0.00395049480721, 0.000506925571244, -0.00239498587325, 0.00242997473106, -0.0027703566011, 0.00184140820056], [-0.000560714746825, 0.0171801541001, -0.00588748091832, 0.0127289453521, -0.0062297899276, 0.0218893233687, -0.0098797082901, 0.00727165071294, -0.00457180617377, 0.00515323877335, -0.00703323539346, 0.00666707707569, -0.00504563609138], [0.000681091740262, -0.0126342624426, 0.00418383907527, -0.00850142817944, 0.00368979782797, -0.0098797082901, 0.012204640545, -0.00839828699827, 0.0050813658163, -0.00598632870242, 0.0079250773415, -0.00727668311447, 0.00697204377502], [-0.000180901581189, 0.0152358589694, -0.00405037263408, 0.008919226937, -0.00395049480721, 0.00727165071294, -0.00839828699827, 0.022636083886, -0.00834022648633, 0.00643612490967, -0.00977428350598, 0.00931177847087, -0.00840937066823], [-0.000426368700573, -0.0120533239096, 0.00276800990105, -0.00602947780862, 0.000506925571244, -0.00457180617377, 0.0050813658163, -0.00834022648633, 0.020698370412, -0.0130993891507, 0.0125371720642, -0.00961365178227, 0.0100680859759], [0.000238757755142, 0.0166506562382, -0.00382805429399, 0.0119784809649, -0.00239498587325, 0.00515323877335, -0.00598632870242, 0.00643612490967, -0.0130993891507, 0.0329750552773, -0.0226640664041, 0.0162275396287, -0.0105950487778], [-2.74017274933e-05, -0.0183290168643, 0.0044824630022, -0.0133211351931, 0.00242997473106, -0.00703323539346, 0.0079250773415, -0.00977428350598, 0.0125371720642, -0.0226640664041, 0.0406527705491, -0.0217065513134, 0.0151348803192], [0.000354074174538, 0.015289097093, -0.00400392711163, 0.0116682359949, -0.0027703566011, 0.00666707707569, -0.00727668311447, 0.00931177847087, -0.00961365178227, 0.0162275396287, -0.0217065513134, 0.0382134541869, -0.0188201107085], [7.62316776672e-05, -0.0120604932308, 0.00270756939426, -0.0109003875405, 0.00184140820056, -0.00504563609138, 0.00697204377502, -0.00840937066823, 0.0100680859759, -0.0105950487778, 0.0151348803192, -0.0188201107085, 0.0359705835581]]
    },
    "melbands": {
        "dmean": [0.000902741216123, 0.00131351640448, 0.000902342784684, 0.000558670202736, 0.000173414431629, 0.000211110353121, 0.000192494146177, 0.000150423453306, 8.56977349031e-05, 7.30242172722e-05, 3.70050220226e-05, 2.88350547635e-05, 2.81852844637e-05, 1.6082851289e-05, 1.98114321392e-05, 1.95227694348e-05, 2.42999103648e-05, 1.64432531164e-05, 1.31656997837e-05, 1.68880833371e-05, 1.08336689664e-05, 6.45470299787e-06, 5.35106073585e-06, 3.36786615662e-06, 3.73260672859e-06, 2.12050849768e-06, 1.58288787588e-06, 1.23280744901e-06, 8.61014370912e-07, 1.23984250422e-06, 8.83979964783e-07, 4.73769006248e-07, 4.51719500916e-07, 4.18621795006e-07, 3.08936307647e-07, 2.75374247849e-07, 2.27094602678e-07, 2.30171309568e-07, 1.68809691559e-07, 5.70678722056e-08],
        "dmean2": [0.00145107111894, 0.00214664172381, 0.00147415569518, 0.00085557193961, 0.000274243822787, 0.000318845093716, 0.00027686485555, 0.000226456933888, 0.000113267291454, 9.79977266979e-05, 5.64800830034e-05, 4.19212738052e-05, 4.56335437775e-05, 2.4999393645e-05, 2.95987265417e-05, 2.84334018943e-05, 3.63730432582e-05, 2.46961371886e-05, 1.94251624634e-05, 2.60891683865e-05, 1.58698403538e-05, 9.88018291537e-06, 8.73129556567e-06, 5.13782242706e-06, 5.80598680244e-06, 3.42099997397e-06, 2.58994214164e-06, 1.9718911517e-06, 1.33461355745e-06, 2.06887830245e-06, 1.40874988119e-06, 6.9540453751e-07, 7.17971317954e-07, 6.57522434722e-07, 4.52571043752e-07, 3.97646914507e-07, 3.24015331898e-07, 3.2225645441e-07, 2.35841412177e-07, 7.87007721215e-08],
        "dvar": [2.0244794996e-06, 5.70217616769e-06, 3.06213814838e-06, 1.98688303499e-06, 1.13531676504e-07, 2.16111942564e-07, 2.19400178025e-07, 1.89506067727e-07, 5.91632236535e-08, 5.7151510191e-08, 7.45234540744e-09, 5.34132649221e-09, 5.65733060398e-09, 1.87164017618e-09, 3.03719915884e-09, 2.63048094418e-09, 3.81804277083e-09, 1.92608284877e-09, 1.16085252522e-09, 1.22675425374e-09, 7.70330743638e-10, 2.33645325309e-10, 1.25836882581e-10, 4.56396656578e-11, 5.17903255004e-11, 2.43856584231e-11, 3.51876063009e-11, 5.93675456018e-12, 4.16532737121e-12, 2.02322603116e-11, 7.31646514207e-12, 1.7454346345e-12, 2.67198567959e-12, 1.87322726775e-12, 9.18672147902e-13, 7.71670542136e-13, 5.26882845079e-13, 6.72209304279e-13, 3.06350105873e-13, 6.04573221997e-14],
        "dvar2": [4.79554955746e-06, 1.4866982383e-05, 8.30832868814e-06, 4.4570360842e-06, 2.6549452059e-07, 4.33327727478e-07, 4.37137231302e-07, 4.57067983461e-07, 7.84824223388e-08, 7.50583950548e-08, 1.56883572799e-08, 9.78004788266e-09, 1.49911372205e-08, 4.3246650705e-09, 5.62173063656e-09, 4.98799668236e-09, 7.17127779382e-09, 4.11769551789e-09, 2.22312634968e-09, 2.55367327284e-09, 1.53259904767e-09, 4.6489975758e-10, 3.23272381086e-10, 1.01834381205e-10, 1.21415683063e-10, 6.19093248888e-11, 9.54476983561e-11, 1.44495691454e-11, 9.84201088683e-12, 5.62177179808e-11, 1.92815451105e-11, 3.36304443495e-12, 7.24553229914e-12, 4.86338747052e-12, 1.88625135476e-12, 1.5022448346e-12, 1.09949581991e-12, 1.39203243116e-12, 5.09394989297e-13, 9.65050589896e-14],
        "max": [0.0171626862139, 0.0341126546264, 0.0300413072109, 0.0319331660867, 0.00595139944926, 0.010413906537, 0.0088833803311, 0.00676238583401, 0.00684549286962, 0.00734853837639, 0.00347791961394, 0.0020540356636, 0.00172563421074, 0.000900282757357, 0.00127221795265, 0.00134964904282, 0.00115141586866, 0.000771219958551, 0.00116320454981, 0.000644638726953, 0.000692665285897, 0.000452096021036, 0.000168615952134, 0.000102030877315, 0.000147896906128, 0.00011786705727, 0.000117797149869, 3.54412950401e-05, 3.7116366002e-05, 7.31985855964e-05, 4.37060189142e-05, 4.06471190217e-05, 4.06994549849e-05, 2.45863338932e-05, 2.42356418312e-05, 2.27548462135e-05, 2.33227583522e-05, 3.30198017764e-05, 1.8729504518e-05, 7.11154461897e-06],
        "mean": [0.00197932799347, 0.00291860476136, 0.00171609944664, 0.0009843504522, 0.000322975451127, 0.000399891869165, 0.000349660287611, 0.000239723172854, 0.000188548438018, 0.000160017472808, 6.44972096779e-05, 5.52493584109e-05, 4.51990781585e-05, 2.83165209112e-05, 3.66998865502e-05, 3.9191574615e-05, 4.29185165558e-05, 2.7531716114e-05, 2.37383192143e-05, 3.00433839584e-05, 1.92887800949e-05, 1.11901226774e-05, 8.18617354525e-06, 5.75113381274e-06, 6.49261346553e-06, 3.27196289618e-06, 1.93379469238e-06, 2.08216579267e-06, 1.28841827518e-06, 1.45689602959e-06, 1.20661593428e-06, 7.88012357589e-07, 6.30282897873e-07, 5.69697760966e-07, 4.59933090724e-07, 3.74582015183e-07, 3.02034720789e-07, 3.3428898405e-07, 2.43445100523e-07, 7.54099573896e-08],
        "median": [0.00155590916984, 0.00205290177837, 0.00106386269908, 0.000504817347974, 0.00014958367683, 0.000126807397464, 8.95124030649e-05, 6.06331559538e-05, 2.76582595689e-05, 2.25215280807e-05, 2.02968203666e-05, 1.23749441627e-05, 1.35200998557e-05, 7.84798612585e-06, 8.95105131349e-06, 8.31547458802e-06, 8.93599371921e-06, 6.27249482932e-06, 7.02523811924e-06, 1.08546810225e-05, 4.79913342133e-06, 3.82151802114e-06, 3.26346366819e-06, 2.11468977795e-06, 2.52755717156e-06, 1.4018606862e-06, 6.67746746785e-07, 7.87921351275e-07, 4.73743568818e-07, 4.5321311859e-07, 3.82332416393e-07, 2.88979805418e-07, 2.16746798287e-07, 1.65070503044e-07, 1.19099972551e-07, 8.0094757493e-08, 6.58588206193e-08, 7.37187804134e-08, 4.53377140275e-08, 8.03384381243e-09],
        "min": [2.65094897145e-08, 4.76151527096e-08, 3.21869677578e-08, 1.24072325747e-08, 2.4449364755e-09, 1.35477862262e-09, 3.6572547768e-10, 5.21473586534e-10, 2.16204845693e-10, 1.2653335324e-10, 2.48033149575e-10, 2.88716273111e-10, 2.45071289651e-11, 1.38269899003e-11, 1.4722030886e-11, 1.1038382014e-11, 3.60599224092e-11, 3.97758180559e-11, 4.27496545108e-11, 4.46326205161e-11, 5.13804762625e-11, 2.49243941458e-11, 3.03512701083e-11, 4.75323634619e-11, 1.48634611563e-11, 3.84970137365e-12, 7.71700932323e-12, 6.51813889321e-12, 6.34436600477e-12, 1.12905232039e-11, 6.1789722644e-12, 1.38940803307e-11, 3.42120646049e-12, 2.03663518342e-12, 5.19579561667e-12, 3.8918646951e-12, 5.80020666913e-12, 3.16463565422e-12, 2.6149661863e-12, 1.14747556075e-12],
        "var": [3.557270702e-06, 8.90762021299e-06, 4.8643860282e-06, 2.91226388072e-06, 2.6537878739e-07, 7.02725287738e-07, 6.4095701191e-07, 2.99833004647e-07, 3.49061537008e-07, 3.44519179407e-07, 2.17065085906e-08, 2.613004213e-08, 9.80362990788e-09, 4.48548354015e-09, 1.07445501385e-08, 1.10240598872e-08, 1.13416849246e-08, 5.05583308552e-09, 3.24575766264e-09, 3.31632965533e-09, 1.89655269267e-09, 5.41712730229e-10, 1.98142752206e-10, 1.09405415283e-10, 1.28885624395e-10, 3.92257407111e-11, 2.80273929065e-11, 1.20842745532e-11, 6.3988163726e-12, 1.52515448187e-11, 7.21009363325e-12, 3.56188060817e-12, 2.5056061826e-12, 2.03495380269e-12, 1.62088918676e-12, 1.40902849284e-12, 9.303790377e-13, 1.17294867395e-12, 7.37798331544e-13, 1.43565985922e-13]
    },
    "mfcc": {
        "mean": [-680.749511719, 155.170806885, 2.62983942032, 37.900604248, 16.7401256561, 15.0383968353, -2.32656478882, 7.17380332947, 1.53449988365, 4.78309488297, -0.697677969933, 2.5506093502, -2.86313486099],
        "cov": [[4243.72070312, -450.648864746, -262.991271973, -473.8543396, -365.248077393, -172.368347168, -363.825042725, -119.345626831, -77.5950622559, 44.5770339966, 1.39094722271, 49.5280075073, -121.556137085], [-450.648864746, 675.301818848, -225.401550293, -7.30874967575, 6.36109495163, 31.8683853149, -20.054933548, 34.5142021179, -14.2024774551, -5.95878791809, 20.2739086151, 13.3123321533, 11.3584442139], [-262.991271973, -225.401550293, 336.147003174, 36.8645744324, 44.2065963745, 3.57217979431, 44.1111526489, -8.24273681641, 16.6728458405, -17.978313446, -7.22515916824, -9.5280008316, 14.1278429031], [-473.8543396, -7.30874967575, 36.8645744324, 243.814102173, 100.763420105, 7.03535223007, 59.4132499695, 18.0466117859, 2.91393566132, -3.20749998093, -33.2739677429, -24.2724094391, 13.1425180435], [-365.248077393, 6.36109495163, 44.2065963745, 100.763420105, 223.190063477, 8.68716144562, -3.18095374107, -15.4146814346, -6.26457023621, -9.94880771637, -6.77921724319, -28.3325481415, -0.359596639872], [-172.368347168, 31.8683853149, 3.57217979431, 7.03535223007, 8.68716144562, 97.1028442383, 39.3349952698, 20.2267189026, 9.97943496704, 1.51121926308, 10.1464233398, 2.94961595535, -2.40734052658], [-363.825042725, -20.054933548, 44.1111526489, 59.4132499695, -3.18095374107, 39.3349952698, 153.41885376, 36.86277771, 15.0979194641, 5.99842071533, -1.49488985538, -2.50802230835, 12.7128667831], [-119.345626831, 34.5142021179, -8.24273681641, 18.0466117859, -15.4146814346, 20.2267189026, 36.86277771, 85.9235076904, 24.3086071014, -0.833107352257, 1.5333635807, 2.26372051239, 2.5852971077], [-77.5950622559, -14.2024774551, 16.6728458405, 2.91393566132, -6.26457023621, 9.97943496704, 15.0979194641, 24.3086071014, 71.8104019165, 16.9365711212, 5.84422874451, 2.30088591576, 5.80008649826], [44.5770339966, -5.95878791809, -17.978313446, -3.20749998093, -9.94880771637, 1.51121926308, 5.99842071533, -0.833107352257, 16.9365711212, 70.2156066895, 20.4836940765, 4.58591985703, -5.08193731308], [1.39094722271, 20.2739086151, -7.22515916824, -33.2739677429, -6.77921724319, 10.1464233398, -1.49488985538, 1.5333635807, 5.84422874451, 20.4836940765, 75.2351226807, 17.9530315399, -5.30723333359], [49.5280075073, 13.3123321533, -9.5280008316, -24.2724094391, -28.3325481415, 2.94961595535, -2.50802230835, 2.26372051239, 2.30088591576, 4.58591985703, 17.9530315399, 54.6756820679, 16.1374168396], [-121.556137085, 11.3584442139, 14.1278429031, 13.1425180435, -0.359596639872, -2.40734052658, 12.7128667831, 2.5852971077, 5.80008649826, -5.08193731308, -5.30723333359, 16.1374168396, 62.7974739075]],
