{
"lowlevel": {
    "average_loudness": 0.982074379921,
    "barkbands_crest": {
        "dmean": 2.78591251373,
        "dmean2": 4.33686161041,
        "dvar": 8.38217639923,
        "dvar2": 18.8762264252,
        "max": 25.4247913361,
        "mean": 11.6740274429,
        "median": 10.806230545,
        "min": 3.2705116272,
        "var": 21.7261791229
    },
    "barkbands_flatness_db": {
        "dmean": 0.0252726152539,
        "dmean2": 0.0376659743488,
        "dvar": 0.000702752324287,
        "dvar2": 0.00162514520343,
        "max": 0.348767757416,
        "mean": 0.183415293694,
        "median": 0.178302496672,
        "min": 0.0813026130199,
        "var": 0.00195271149278
    },
    "barkbands_kurtosis": {
        "dmean": 4.11261892319,
        "dmean2": 6.55489873886,
        "dvar": 93.5599441528,
        "dvar2": 237.923736572,
        "max": 125.663223267,
        "mean": 5.37671899796,
        "median": 3.10750579834,
        "min": -1.81827044487,
        "var": 88.4149398804
    },
    "barkbands_skewness": {
        "dmean": 0.646901845932,
        "dmean2": 0.981646001339,
        "dvar": 0.771619975567,
        "dvar2": 1.76209807396,
        "max": 10.3762845993,
        "mean": 1.61908960342,
        "median": 1.42968201637,
        "min": -1.5791413784,
        "var": 1.3605312109
    },
    "barkbands_spread": {
        "dmean": 5.63975763321,
        "dmean2": 8.42173576355,
        "dvar": 61.0965461731,
        "dvar2": 118.052818298,
        "max": 94.0314254761,
        "mean": 16.9798030853,
        "median": 13.4891242981,
        "min": 2.00010061264,
        "var": 167.230438232
    },
    "dissonance": {
        "dmean": 0.0258627925068,
        "dmean2": 0.0422426015139,
        "dvar": 0.000527025724296,
        "dvar2": 0.00128543272149,
        "max": 0.499618768692,
        "mean": 0.441090106964,
        "median": 0.446489363909,
        "min": 0.280772179365,
        "var": 0.00131873798091
    },
    "dynamic_complexity": 1.64469778538,
    "erbbands_crest": {
        "dmean": 2.4578025341,
        "dmean2": 3.80182743073,
        "dvar": 5.55166769028,
        "dvar2": 12.5472993851,
        "max": 29.0431156158,
        "mean": 11.0753421783,
        "median": 10.0147829056,
        "min": 2.97445893288,
        "var": 22.2299404144
    },
    "erbbands_flatness_db": {
        "dmean": 0.0205073878169,
        "dmean2": 0.0285252872854,
        "dvar": 0.000448799459264,
        "dvar2": 0.000824426824693,
        "max": 0.360667854548,
        "mean": 0.208792388439,
        "median": 0.208136796951,
        "min": 0.102131769061,
        "var": 0.00175751908682
    },
    "erbbands_kurtosis": {
        "dmean": 1.29226231575,
        "dmean2": 1.96136569977,
        "dvar": 2.12782263756,
        "dvar2": 5.05546665192,
        "max": 18.6762275696,
        "mean": 1.40209078789,
        "median": 0.901969909668,
        "min": -1.85351848602,
        "var": 5.7464389801
    },
    "erbbands_skewness": {
        "dmean": 0.391172617674,
        "dmean2": 0.600449681282,
        "dvar": 0.154635086656,
        "dvar2": 0.342924326658,
        "max": 3.88815283775,
        "mean": 0.950504124165,
        "median": 0.949198544025,
        "min": -2.6289126873,
        "var": 0.482064396143
    },
    "erbbands_spread": {
        "dmean": 9.37841033936,
        "dmean2": 13.2936096191,
        "dvar": 141.305709839,
        "dvar2": 262.119476318,
        "max": 126.791038513,
        "mean": 33.8028373718,
        "median": 27.3758563995,
        "min": 4.90863132477,
        "var": 445.713012695
    },
    "hfc": {
        "dmean": 6.85050868988,
        "dmean2": 10.3632926941,
        "dvar": 82.5128479004,
        "dvar2": 180.681976318,
        "max": 113.348754883,
        "mean": 25.5637760162,
        "median": 23.4775943756,
        "min": 0.000442713062512,
        "var": 214.169494629
    },
    "melbands_crest": {
        "dmean": 3.45709061623,
        "dmean2": 5.32417154312,
        "dvar": 12.070848465,
        "dvar2": 24.2256946564,
        "max": 33.9955215454,
        "mean": 15.2731380463,
        "median": 13.982588768,
        "min": 5.13959598541,
        "var": 34.6395835876
    },
    "melbands_flatness_db": {
        "dmean": 0.0305974613875,
        "dmean2": 0.0438145250082,
        "dvar": 0.00111857324373,
        "dvar2": 0.00225888635032,
        "max": 0.427604198456,
        "mean": 0.210271760821,
        "median": 0.203114941716,
        "min": 0.0651963502169,
        "var": 0.0034283446148
    },
    "melbands_kurtosis": {
        "dmean": 9.00450611115,
        "dmean2": 14.7742710114,
        "dvar": 565.921264648,
        "dvar2": 1467.60620117,
        "max": 334.939605713,
        "mean": 13.6472244263,
        "median": 8.15317630768,
        "min": -1.70193445683,
        "var": 506.074066162
    },
    "melbands_skewness": {
        "dmean": 0.828251898289,
        "dmean2": 1.23067259789,
        "dvar": 1.39419555664,
        "dvar2": 3.24293136597,
        "max": 14.6152696609,
        "mean": 2.40629243851,
        "median": 2.07995462418,
        "min": -1.03651726246,
        "var": 2.64497971535
    },
    "melbands_spread": {
        "dmean": 6.18835496902,
        "dmean2": 9.55320167542,
        "dvar": 113.621284485,
        "dvar2": 253.225509644,
        "max": 130.70010376,
        "mean": 17.7165660858,
        "median": 14.9124135971,
        "min": 1.13760685921,
        "var": 194.557327271
    },
    "pitch_salience": {
        "dmean": 0.0727969780564,
        "dmean2": 0.114945940673,
        "dvar": 0.00551965506747,
        "dvar2": 0.0120535586029,
        "max": 0.786115705967,
        "mean": 0.531642615795,
        "median": 0.545998156071,
        "min": 0.108864545822,
        "var": 0.0130062103271
    },
    "silence_rate_20dB": {
        "dmean": 0,
        "dmean2": 0,
        "dvar": 0,
        "dvar2": 0,
        "max": 1,
        "mean": 1,
        "median": 1,
        "min": 1,
        "var": 0
    },
    "silence_rate_30dB": {
        "dmean": 0.0527131780982,
        "dmean2": 0.10550814867,
        "dvar": 0.0499338433146,
        "dvar2": 0.117650456727,
        "max": 1,
        "mean": 0.958946526051,
        "median": 1,
        "min": 0,
        "var": 0.0393685437739
    },
    "silence_rate_60dB": {
        "dmean": 0.00155038759112,
        "dmean2": 0.00310318078846,
        "dvar": 0.00154796463903,
        "dvar2": 0.00309357605875,
        "max": 1,
        "mean": 0.0178156476468,
        "median": 0,
        "min": 0,
        "var": 0.0174984205514
    },
    "spectral_centroid": {
        "dmean": 218.354919434,
        "dmean2": 322.679534912,
        "dvar": 74144.5859375,
        "dvar2": 159062.25,
        "max": 3885.66870117,
        "mean": 1035.49035645,
        "median": 944.375976562,
        "min": 339.846038818,
        "var": 196289.109375
    },
    "spectral_complexity": {
        "dmean": 3.40775203705,
        "dmean2": 5.02560138702,
        "dvar": 15.9654750824,
        "dvar2": 31.8138942719,
        "max": 50,
        "mean": 18.659954071,
        "median": 18,
        "min": 0,
        "var": 50.9091529846
    },
    "spectral_decrease": {
        "dmean": 3.48650064375e-09,
        "dmean2": 5.1690975944e-09,
        "dvar": 3.15351458141e-17,
        "dvar2": 6.94962938477e-17,
        "max": -2.13113855447e-13,
        "mean": -1.00062615971e-08,
        "median": -8.53299297887e-09,
        "min": -5.26142045487e-08,
        "var": 5.26301010101e-17
    },
    "spectral_energy": {
        "dmean": 0.0134750185534,
        "dmean2": 0.0199970155954,
        "dvar": 0.000453315034974,
        "dvar2": 0.00100332766306,
        "max": 0.200180947781,
        "mean": 0.0400846973062,
        "median": 0.034653827548,
        "min": 8.44493740715e-07,
        "var": 0.000763603893574
    },
    "spectral_energyband_high": {
        "dmean": 0.000567477196455,
        "dmean2": 0.000825878349133,
        "dvar": 1.21744494663e-06,
        "dvar2": 2.37785570789e-06,
        "max": 0.0122936414555,
        "mean": 0.000978194177151,
        "median": 0.000486176897539,
        "min": 1.80626058555e-09,
        "var": 2.5069516596e-06
    },
    "spectral_energyband_low": {
        "dmean": 0.00799972750247,
        "dmean2": 0.0107817826793,
        "dvar": 0.00051090226043,
        "dvar2": 0.00105191627517,
        "max": 0.194566965103,
        "mean": 0.0106124607846,
        "median": 0.00185405707452,
        "min": 1.03634356652e-09,
        "var": 0.000753042928409
    },
    "spectral_energyband_middle_high": {
        "dmean": 0.00204679882154,
        "dmean2": 0.00296694110148,
        "dvar": 8.35714581626e-06,
        "dvar2": 1.72875861608e-05,
        "max": 0.0404989905655,
        "mean": 0.00652936240658,
        "median": 0.00464118644595,
        "min": 7.41121013448e-08,
        "var": 3.69739973394e-05
    },
    "spectral_energyband_middle_low": {
        "dmean": 0.00706025818363,
        "dmean2": 0.0113849127665,
        "dvar": 8.53748933878e-05,
        "dvar2": 0.000225911062444,
        "max": 0.0884215608239,
        "mean": 0.0220985226333,
        "median": 0.0204083938152,
        "min": 7.70825181462e-07,
        "var": 0.00017446957645
    },
    "spectral_entropy": {
        "dmean": 0.221005529165,
        "dmean2": 0.307712286711,
        "dvar": 0.0540344119072,
        "dvar2": 0.108428731561,
        "max": 8.5152797699,
        "mean": 7.32540655136,
        "median": 7.32680559158,
        "min": 5.46055841446,
        "var": 0.18307094276
    },
    "spectral_flux": {
        "dmean": 0.0355199463665,
        "dmean2": 0.0566693432629,
        "dvar": 0.0021702835802,
        "dvar2": 0.00509326346219,
        "max": 0.408235788345,
        "mean": 0.0945082381368,
        "median": 0.079405002296,
        "min": 0.000918963400181,
        "var": 0.00327794114128
    },
    "spectral_kurtosis": {
        "dmean": 1.98398149014,
        "dmean2": 3.11745524406,
        "dvar": 5.72677469254,
        "dvar2": 13.3947029114,
        "max": 29.7497444153,
        "mean": 4.01589488983,
        "median": 3.23817873001,
        "min": -1.36512851715,
        "var": 11.8370409012
    },
    "spectral_rms": {
        "dmean": 0.000952070229687,
        "dmean2": 0.00139391084667,
        "dvar": 1.4973402358e-06,
        "dvar2": 3.12294309879e-06,
        "max": 0.0139749236405,
        "mean": 0.00593885779381,
        "median": 0.00581451738253,
        "min": 2.87035945803e-05,
        "var": 3.83698170481e-06
    },
    "spectral_rolloff": {
        "dmean": 481.77645874,
        "dmean2": 833.064208984,
        "dvar": 1272035.875,
        "dvar2": 2696023.25,
        "max": 9130.078125,
        "mean": 1256.36584473,
        "median": 882.861328125,
        "min": 64.599609375,
        "var": 2115986
    },
    "spectral_skewness": {
        "dmean": 0.318119674921,
        "dmean2": 0.463349550962,
        "dvar": 0.107341229916,
        "dvar2": 0.210604906082,
        "max": 4.01365709305,
        "mean": 1.57907426357,
        "median": 1.54011011124,
        "min": -0.180254042149,
        "var": 0.36795309186
    },
    "spectral_spread": {
        "dmean": 708746.375,
        "dmean2": 983942.375,
        "dvar": 798681333760,
        "dvar2": 1.32554869965e+12,
        "max": 14078580,
        "mean": 4599130,
        "median": 4290551.5,
        "min": 1790312.375,
        "var": 2.78382693581e+12
    },
    "spectral_strongpeak": {
        "dmean": 0.61819601059,
        "dmean2": 1.02907073498,
        "dvar": 0.548770904541,
        "dvar2": 1.27056968212,
        "max": 6.411673069,
        "mean": 1.62627077103,
        "median": 1.31524395943,
        "min": 0,
        "var": 1.54444026947
    },
    "zerocrossingrate": {
        "dmean": 0.0114836934954,
        "dmean2": 0.0126456888393,
        "dvar": 0.000223479466513,
        "dvar2": 0.000238883512793,
        "max": 0.2626953125,
        "mean": 0.0531390681863,
        "median": 0.04638671875,
        "min": 0.00537109375,
        "var": 0.00106824212708
    },
    "barkbands": {
        "dmean": [0.00107723753899, 0.00725041981786, 0.000869291950949, 0.0012878178386, 0.00204893224873, 0.00281616300344, 0.00213638367131, 0.000980529352091, 0.00106914003845, 0.00115555385128, 0.000696486211382, 0.00039637190639, 0.000275071710348, 0.000317539641401, 0.00020215602126, 0.000100259530882, 0.000126313694636, 0.000132719564135, 0.000140288859257, 0.000137690454721, 0.000113479320135, 0.000112337125756, 0.000115289418318, 0.000203270508791, 5.6569759181e-05, 4.19834300658e-08, 1.51481327482e-09],
        "dmean2": [0.00174548476934, 0.00945808459073, 0.00164243357722, 0.0022110354621, 0.00328399753198, 0.00454305903986, 0.0033275668975, 0.00158171122894, 0.00158467283472, 0.00168362783734, 0.00101630331483, 0.000610390154179, 0.000420613010647, 0.000506818643771, 0.00032700333395, 0.000162688098499, 0.000203571486054, 0.000209358055145, 0.000218797969865, 0.000201851711608, 0.000174277840415, 0.000174784872797, 0.000177107081981, 0.000306841364363, 8.6661792011e-05, 6.43884519036e-08, 2.78133893694e-09],
        "dvar": [3.6374362935e-06, 0.000473533029435, 1.49349389176e-05, 1.67975249497e-05, 2.00901122298e-05, 1.90496684809e-05, 1.01095538412e-05, 4.57671376353e-06, 5.10445488544e-06, 5.37102005183e-06, 3.15161082654e-06, 8.84356950337e-07, 2.43975307512e-07, 3.83228723422e-07, 9.32062818038e-08, 2.32682264567e-08, 4.15178504909e-08, 7.93474228544e-08, 1.67789337979e-07, 1.32227995664e-07, 4.24409130062e-08, 1.10258646657e-07, 1.2712345665e-07, 2.8229601412e-07, 1.60963598006e-08, 1.17415283632e-14, 4.53067707806e-18],
        "dvar2": [9.6120948001e-06, 0.00100345292594, 4.39284085587e-05, 4.46261401521e-05, 5.27040319867e-05, 5.24072565895e-05, 2.27644322877e-05, 1.07495097836e-05, 9.88536885416e-06, 1.17399658848e-05, 6.07356787441e-06, 2.17672459257e-06, 4.62758038111e-07, 9.32694717903e-07, 2.36025044842e-07, 5.65912934292e-08, 1.0700631492e-07, 1.7296382282e-07, 4.74655251992e-07, 2.79616472199e-07, 1.02645302036e-07, 2.52326373129e-07, 2.69859839364e-07, 5.90303727677e-07, 3.30178480112e-08, 2.59255761797e-14, 1.33697425746e-17],
        "max": [0.0274106487632, 0.183983489871, 0.0384638495743, 0.0372913964093, 0.0454653389752, 0.0538239404559, 0.0539964213967, 0.0351230837405, 0.0489971041679, 0.0315289199352, 0.0298650469631, 0.0199067555368, 0.00965339504182, 0.0106453169137, 0.00403972994536, 0.00238289916888, 0.00297616003081, 0.00560059538111, 0.00906430929899, 0.00869265012443, 0.00427603255957, 0.00590937677771, 0.00623664492741, 0.00866020936519, 0.00172627193388, 2.15197178477e-06, 1.63424758171e-08],
        "mean": [0.00140773376916, 0.00862715486437, 0.000822066678666, 0.00103043636773, 0.00330194109119, 0.006196370814, 0.00609761942178, 0.00178659730591, 0.00266858073883, 0.00251485640183, 0.00137595809065, 0.000757396337576, 0.000567067647353, 0.000642155529931, 0.000377639575163, 0.000177932030056, 0.00021110351372, 0.000212398241274, 0.000232257210882, 0.000220276866457, 0.000182495627087, 0.000140265881782, 0.00014942396956, 0.000301799474983, 8.31116049085e-05, 5.43163665156e-08, 1.25655219563e-09],
        "median": [0.000460657320218, 0.000597945414484, 0.000115363611258, 0.000118650023069, 0.0012524551712, 0.00324298790656, 0.00305039575323, 0.000677238334902, 0.00123660918325, 0.000807539909147, 0.000366336666048, 0.000270573684247, 0.000290937867248, 0.000320847495459, 0.000233739381656, 0.000103961632703, 0.000111370034574, 7.85874799476e-05, 0.00012666528346, 9.39531819313e-05, 9.06215136638e-05, 2.98390714306e-05, 2.82448290818e-05, 9.60184479482e-05, 3.05158191622e-05, 1.59753845708e-08, 4.87938356386e-10],
        "min": [1.43679268483e-09, 9.70398691957e-11, 2.16000446696e-11, 2.62130539497e-09, 3.28954854467e-08, 2.21468127393e-07, 2.85408901846e-07, 2.11794599636e-08, 1.7485699999e-08, 1.33930901924e-08, 2.05898960104e-08, 3.97663679763e-09, 3.34335048535e-09, 2.57890175881e-09, 3.20848982938e-08, 8.9945584314e-10, 1.21125665054e-09, 1.07104614067e-09, 1.1551705148e-09, 9.14117004314e-10, 6.86941337147e-10, 3.74246016122e-11, 1.98308262173e-11, 3.5907488094e-10, 9.65349189475e-11, 4.60982727685e-12, 6.04333813894e-12],
        "var": [6.14969394519e-06, 0.00065723771695, 8.49876960274e-06, 1.22551418826e-05, 2.66850765911e-05, 5.43640053365e-05, 5.91110983805e-05, 9.54874849413e-06, 2.1756903152e-05, 1.80870647455e-05, 1.00029601526e-05, 1.99623013941e-06, 8.70841518008e-07, 8.82670462943e-07, 1.94576756485e-07, 4.84248126043e-08, 8.92770941618e-08, 1.48241923625e-07, 1.41516579788e-07, 2.37569068418e-07, 7.61639142866e-08, 1.28620641249e-07, 1.75246270828e-07, 5.54333837499e-07, 3.2713739273e-08, 2.02294812032e-14, 4.0860038059e-18]
    },
    "erbbands": {
        "dmean": [0.285298019648, 1.37263405323, 1.22006356716, 2.37672424316, 7.65531301498, 5.76356077194, 8.69891738892, 27.7202968597, 31.6702861786, 33.3260955811, 13.7184619904, 19.4385318756, 37.1760253906, 29.5229072571, 26.8772068024, 12.5988111496, 10.6248979568, 17.3828716278, 9.55259799957, 8.2658624649, 5.85031270981, 5.91166830063, 6.87879562378, 7.15169477463, 6.79561519623, 6.41702461243, 5.93622922897, 3.57718253136, 3.94655251503, 3.35915350914, 3.44926524162, 4.78756141663, 2.97430586815, 1.16018128395, 0.096344858408, 0.00417071999982, 0.00020527545712, 2.67896593868e-05, 1.05530561996e-05, 1.57221129484e-05],
        "dmean2": [0.38485378027, 2.01296544075, 2.20769882202, 4.17800807953, 12.7208395004, 9.05088996887, 13.4585075378, 45.2537345886, 50.2513771057, 52.0885314941, 21.7121620178, 28.4426460266, 53.7560501099, 43.6576728821, 38.9500694275, 18.7128887177, 16.1689624786, 27.898683548, 14.9091854095, 13.6660490036, 9.56941509247, 9.25538158417, 10.703294754, 10.6508874893, 10.7437076569, 9.61827754974, 9.21936321259, 5.41089439392, 6.0389380455, 5.26395177841, 5.25786972046, 7.31872320175, 4.52295064926, 1.75642251968, 0.149881243706, 0.00643819989637, 0.000311868032441, 4.01362449338e-05, 1.53382261487e-05, 2.32542752201e-05],
        "dvar": [0.717704594135, 18.8490562439, 22.2491588593, 43.6347618103, 600.306884766, 122.490394592, 246.850997925, 2145.5715332, 2363.25512695, 4608.37695312, 651.16229248, 1512.85632324, 4452.9375, 4616.72460938, 3430.45043945, 601.526306152, 429.430267334, 1030.56774902, 250.052856445, 151.662826538, 75.411857605, 89.7962341309, 201.694534302, 158.890914917, 604.871459961, 378.061187744, 141.893676758, 40.5237541199, 155.934494019, 80.8680114746, 140.566818237, 192.258926392, 51.8849754333, 7.0559463501, 0.0521004088223, 9.94285874185e-05, 2.30024383541e-07, 3.86107101846e-09, 2.67187300063e-10, 5.44565115224e-10],
        "dvar2": [1.31140065193, 44.0241470337, 62.7535705566, 118.637641907, 1597.59289551, 269.101837158, 537.199768066, 5988.32568359, 5323.16894531, 11077.6845703, 1494.3848877, 3043.86083984, 9176.67382812, 9836.12011719, 6518.21435547, 1298.12597656, 779.510681152, 2479.64013672, 597.586364746, 402.882751465, 186.198791504, 226.596343994, 415.928283691, 386.835174561, 1688.26318359, 853.721862793, 336.670410156, 88.1092758179, 367.06137085, 180.043029785, 312.039764404, 428.508148193, 110.286315918, 14.2072401047, 0.115917868912, 0.000219600580749, 4.7426982519e-07, 7.66671437447e-09, 5.52070611448e-10, 1.20990228947e-09],
        "max": [6.96456289291, 34.9504890442, 44.8618736267, 56.6297149658, 227.506195068, 178.965820312, 226.598403931, 549.485961914, 812.127929688, 1005.82714844, 329.561553955, 725.989562988, 1073.74633789, 1150.9777832, 918.629882812, 440.494842529, 455.145355225, 611.444885254, 229.699386597, 167.253921509, 144.312545776, 120.751205444, 304.392822266, 180.013092041, 572.949523926, 473.930023193, 258.295562744, 89.2917480469, 264.739013672, 119.818725586, 235.211425781, 244.76675415, 89.7300872803, 39.5669212341, 3.87434697151, 0.166408136487, 0.00733308447525, 0.00085664173821, 0.000199272064492, 0.00021792294865],
        "mean": [0.346648126841, 1.55222809315, 1.24220144749, 2.0162563324, 7.60362911224, 11.2450714111, 19.0742225647, 60.6510047913, 89.1730041504, 83.9409866333, 28.9448280334, 49.5577735901, 87.9410247803, 70.315536499, 56.9055404663, 27.5972423553, 24.3168411255, 37.0838508606, 20.2124061584, 15.7868928909, 10.9609041214, 10.8956212997, 11.8474531174, 12.4990634918, 10.917304039, 10.4100942612, 9.24841499329, 5.89850378036, 5.0633854866, 4.14121055603, 4.54449653625, 6.62716579437, 4.41972732544, 1.74950790405, 0.145174130797, 0.0063604847528, 0.000338418962201, 4.65488592454e-05, 2.95162080874e-05, 4.90589955007e-05],
        "median": [0.0201298613101, 0.0889337137341, 0.193403467536, 0.380299985409, 1.36739075184, 4.28672122955, 9.63240623474, 31.5409126282, 52.8150405884, 32.5023078918, 16.6508541107, 24.9687232971, 40.4322967529, 22.8145580292, 21.6734409332, 13.697769165, 12.4789924622, 19.9127597809, 12.016834259, 11.2487621307, 7.12133646011, 5.80947494507, 4.98258781433, 6.28570270538, 5.92145681381, 4.55949497223, 4.28474760056, 2.66183972359, 1.30503451824, 0.56368881464, 0.978706121445, 1.88350617886, 1.46778452396, 0.654569268227, 0.0602162592113, 0.00264919712208, 0.000147738799569, 2.20264664677e-05, 2.40508525167e-05, 4.36207665189e-05],
        "min": [9.43141742482e-09, 1.37047937443e-08, 9.84888046673e-08, 3.94795370084e-06, 3.74668707082e-05, 0.000102949961729, 0.000411453540437, 0.00255564274266, 0.00276450812817, 0.00225860485807, 0.000265120150289, 0.000301608379232, 0.000746578734834, 0.000203050512937, 0.000983800389804, 0.000214775820496, 0.000106156985566, 0.00024043409212, 0.00119893881492, 0.000676513183862, 6.71298257657e-05, 5.06120413775e-05, 6.55125331832e-05, 3.47604582203e-05, 7.81019698479e-05, 3.96733194066e-05, 5.34888167749e-05, 7.65264030633e-06, 1.54457507051e-06, 9.74075874183e-07, 7.84524615938e-07, 7.87510907685e-06, 4.14397891291e-06, 1.89612330814e-06, 1.93292081008e-07, 2.82832708365e-08, 8.3678495244e-09, 3.80613407458e-09, 1.12600262447e-09, 1.05968367414e-09],
        "var": [1.10065937042, 21.8475799561, 14.4386835098, 30.2797279358, 474.493164062, 319.683441162, 706.968139648, 5488.34667969, 10521.6289062, 17470.9257812, 1451.81481934, 5612.65478516, 16609.6523438, 17540.0488281, 10286.0957031, 1843.18664551, 1796.25366211, 2636.72875977, 595.820556641, 258.850311279, 149.204269409, 222.57522583, 428.939910889, 289.881896973, 485.680633545, 598.666320801, 230.64515686, 80.9208221436, 167.793273926, 113.573631287, 178.67098999, 325.28729248, 100.284759521, 14.7452497482, 0.0943257436156, 0.000182695104741, 4.68905540174e-07, 8.20509704624e-09, 5.62177526753e-10, 9.41794864318e-10]
    },
    "gfcc": {
        "mean": [-4.61035203934, 116.383300781, -146.612426758, 25.979221344, -92.08618927, 16.816028595, -43.5507125854, 7.13425207138, -12.3766365051, -3.85327363014, 13.5185632706, -16.4963550568, 17.0171146393],
        "cov": [[2448.82275391, -364.006439209, 201.046310425, 406.502624512, -93.3599090576, 211.759597778, -24.0798606873, 182.472305298, -27.1038818359, -70.5336151123, -52.5351486206, 24.3436660767, -132.231765747], [-364.006439209, 884.613464355, 5.05357217789, -100.235092163, 393.459991455, -98.7912521362, 170.61088562, -45.2412147522, 69.3168029785, -1.25859928131, 89.1193847656, -75.2559814453, 57.9412002563], [201.046310425, 5.05357217789, 557.818969727, 232.073257446, 55.6431312561, 233.242980957, 26.6332511902, 31.7547416687, 77.1788864136, 20.8161373138, -37.4467582703, 37.3197135925, -49.5722312927], [406.502624512, -100.235092163, 232.073257446, 510.72845459, 55.3933181763, 50.0655899048, 83.7533798218, 23.736787796, 56.6866950989, -27.3237285614, -68.7392120361, 31.8822193146, -73.3649673462], [-93.3599090576, 393.459991455, 55.6431312561, 55.3933181763, 322.979156494, 19.6057949066, 114.910514832, 57.2956390381, 42.4964065552, -2.43757486343, 52.6861572266, -32.2779693604, 14.800113678], [211.759597778, -98.7912521362, 233.242980957, 50.0655899048, 19.6057949066, 345.33013916, 67.8366012573, 15.4048194885, 100.523513794, -1.32968187332, -14.0062971115, 34.0232009888, -45.6573867798], [-24.0798606873, 170.61088562, 26.6332511902, 83.7533798218, 114.910514832, 67.8366012573, 218.664169312, 38.8754043579, 81.8980102539, 50.4384269714, 35.9589920044, -9.78704452515, 28.0842418671], [182.472305298, -45.2412147522, 31.7547416687, 23.736787796, 57.2956390381, 15.4048194885, 38.8754043579, 196.349960327, 8.7590637207, 17.5442886353, 34.5944023132, -1.07184779644, 10.9657115936], [-27.1038818359, 69.3168029785, 77.1788864136, 56.6866950989, 42.4964065552, 100.523513794, 81.8980102539, 8.7590637207, 214.591018677, 49.7324066162, 52.3625831604, 60.9055480957, -12.7749938965], [-70.5336151123, -1.25859928131, 20.8161373138, -27.3237285614, -2.43757486343, -1.32968187332, 50.4384269714, 17.5442886353, 49.7324066162, 144.177307129, 73.0377883911, 14.6035881042, 49.0051879883], [-52.5351486206, 89.1193847656, -37.4467582703, -68.7392120361, 52.6861572266, -14.0062971115, 35.9589920044, 34.5944023132, 52.3625831604, 73.0377883911, 136.839736938, 30.1765956879, 32.8269462585], [24.3436660767, -75.2559814453, 37.3197135925, 31.8822193146, -32.2779693604, 34.0232009888, -9.78704452515, -1.07184779644, 60.9055480957, 14.6035881042, 30.1765956879, 97.2181472778, 13.5203294754], [-132.231765747, 57.9412002563, -49.5722312927, -73.3649673462, 14.800113678, -45.6573867798, 28.0842418671, 10.9657115936, -12.7749938965, 49.0051879883, 32.8269462585, 13.5203294754, 113.218292236]],
        "icov": [[0.000680124212522, -0.000711727887392, 0.000546111725271, -0.00110389280599, 0.00109097373206, -0.00116391421761, 0.00080857030116, -0.00110216822941, 0.000632367096841, -0.00023951617186, -0.000321549596265, -2.4912869776e-05, 0.000247802730883], [-0.000711727887392, 0.00812577549368, -0.00388252246194, 0.00493612932041, -0.00863147433847, 0.00656072003767, -0.0054638357833, 0.0057666124776, -0.00373089010827, 0.00451032072306, -0.00152523303404, 0.00299300905317, -0.00120864482597], [0.000546111725271, -0.00388252246194, 0.0055731413886, -0.00413726642728, 0.00324266497046, -0.00582199078053, 0.00447462359443, -0.00322633772157, 0.00193434441462, -0.00402066251263, 0.00161498924717, -0.00157350068912, 0.000493043975439], [-0.00110389280599, 0.00493612932041, -0.00413726642728, 0.00764738721773, -0.00605186214671, 0.00639177160338, -0.00623457878828, 0.00378590030596, -0.0023660028819, 0.00235296390019, 0.00220677326433, -0.00150705839042, 0.00213182158768], [0.00109097373206, -0.00863147433847, 0.00324266497046, -0.00605186214671, 0.0145752057433, -0.00683646881953, 0.00399806210771, -0.00692007178441, 0.003230369417, -0.00151188287418, -0.0021655887831, 0.000243128451984, -0.000176275760168], [-0.00116391421761, 0.00656072003767, -0.00582199078053, 0.00639177160338, -0.00683646881953, 0.0115720983595, -0.00744004780427, 0.00499084219337, -0.00441948883235, 0.00440231524408, 0.000381903897505, 0.000310766365146, 0.00124625838362], [0.00080857030116, -0.0054638357833, 0.00447462359443, -0.00623457878828, 0.00399806210771, -0.00744004780427, 0.0133945681155, -0.00462580379099, -3.8291036617e-05, -0.0048947702162, 0.000146106292959, 0.00224547903053, -0.00293392990716], [-0.00110216822941, 0.0057666124776, -0.00322633772157, 0.00378590030596, -0.00692007178441, 0.00499084219337, -0.00462580379099, 0.0103797875345, -0.00236351811327, 0.00324614159763, -0.0023886624258, 0.00226901937276, -0.00138856039848], [0.000632367096841, -0.00373089010827, 0.00193434441462, -0.0023660028819, 0.003230369417, -0.00441948883235, -3.8291036617e-05, -0.00236351811327, 0.0106972409412, -0.0043372111395, -0.000279845757177, -0.00694190664217, 0.00399004947394], [-0.00023951617186, 0.00451032072306, -0.00402066251263, 0.00235296390019, -0.00151188287418, 0.00440231524408, -0.0048947702162, 0.00324614159763, -0.0043372111395, 0.0163354966789, -0.00833714660257, 0.00547409011051, -0.005747389514], [-0.000321549596265, -0.00152523303404, 0.00161498924717, 0.00220677326433, -0.0021655887831, 0.000381903897505, 0.000146106292959, -0.0023886624258, -0.000279845757177, -0.00833714660257, 0.0166950859129, -0.00745208514854, 0.00280065531842], [-2.4912869776e-05, 0.00299300905317, -0.00157350068912, -0.00150705839042, 0.000243128451984, 0.000310766365146, 0.00224547903053, 0.00226901937276, -0.00694190664217, 0.00547409011051, -0.00745208514854, 0.0207974538207, -0.00738515332341], [0.000247802730883, -0.00120864482597, 0.000493043975439, 0.00213182158768, -0.000176275760168, 0.00124625838362, -0.00293392990716, -0.00138856039848, 0.00399004947394, -0.005747389514, 0.00280065531842, -0.00738515332341, 0.0157334208488]]
    },
    "melbands": {
        "dmean": [0.00230953865685, 0.000995671725832, 0.000618378340732, 0.000485779513838, 0.000283056026092, 0.000605377310421, 0.000476656219689, 0.000337236648193, 0.000104801125417, 0.000141621538205, 0.000188925594557, 0.000123722144053, 9.81595076155e-05, 5.50003023818e-05, 2.47522402788e-05, 2.5401250241e-05, 3.48587709595e-05, 1.59983610502e-05, 1.47950104292e-05, 8.35618538986e-06, 7.36597894502e-06, 6.21103299636e-06, 6.94886784913e-06, 7.3799378697e-06, 5.88741067986e-06, 5.46937235413e-06, 4.59431248601e-06, 4.4909229473e-06, 4.38233610112e-06, 2.45728756454e-06, 2.217720521e-06, 2.23109577746e-06, 2.55804911831e-06, 1.74517469986e-06, 1.87314901723e-06, 2.57653232438e-06, 3.13641044158e-06, 2.25729604608e-06, 1.67210157542e-06, 8.18033413452e-07],
        "dmean2": [0.00298585975543, 0.00157264200971, 0.00106220541056, 0.000786017044447, 0.000440142524894, 0.000984009471722, 0.000755406974349, 0.000532514473889, 0.000164015029441, 0.000208199067856, 0.000273252022453, 0.000184655815247, 0.000142169970786, 8.39335843921e-05, 3.73721886717e-05, 3.94237504224e-05, 5.58209394512e-05, 2.50194279943e-05, 2.44350048888e-05, 1.37835586429e-05, 1.21140374176e-05, 9.79931792244e-06, 1.09581533252e-05, 1.19280866784e-05, 8.79381786945e-06, 8.74521902006e-06, 7.19956187822e-06, 6.9462207648e-06, 6.95986409482e-06, 3.80574101655e-06, 3.38420591106e-06, 3.41446980201e-06, 4.02083014706e-06, 2.73509112958e-06, 2.84563475361e-06, 3.9523383748e-06, 4.88654677611e-06, 3.52795859726e-06, 2.55270379057e-06, 1.2507714473e-06],
        "dvar": [4.55389927083e-05, 9.79706237558e-06, 3.33237221639e-06, 1.46461479744e-06, 2.44751419132e-07, 9.72739030658e-07, 4.87785143832e-07, 4.81105871586e-07, 4.03618791722e-08, 8.83629525106e-08, 1.13954108372e-07, 8.84794175704e-08, 5.61445432368e-08, 1.57532653589e-08, 2.19552620528e-09, 1.83848147817e-09, 4.62758320552e-09, 8.99995689085e-10, 5.80873626976e-10, 1.48288853419e-10, 1.17943793621e-10, 1.01303104794e-10, 1.68092428865e-10, 3.39744066213e-10, 1.04275386936e-10, 3.49316159332e-10, 2.13967815688e-10, 2.21738266637e-10, 9.31033514173e-11, 1.64014409693e-11, 1.94706212958e-11, 5.79181737292e-11, 7.14862474771e-11, 2.06741342795e-11, 6.26924276381e-11, 6.00268376671e-11, 8.63596485989e-11, 3.21711407514e-11, 1.34575250249e-11, 4.01921725068e-12],
        "dvar2": [9.18184159673e-05, 2.45409846684e-05, 8.86549241841e-06, 3.9535407268e-06, 5.15317367444e-07, 2.71216094916e-06, 1.09446909846e-06, 1.15100419862e-06, 9.25283529796e-08, 1.74575845335e-07, 2.36728283198e-07, 1.91008595607e-07, 1.00886417442e-07, 3.86092899873e-08, 4.16949319515e-09, 3.97513133521e-09, 1.12411653319e-08, 2.16531526043e-09, 1.50465317983e-09, 3.67168878634e-10, 2.94420626767e-10, 2.36780456353e-10, 4.17009538012e-10, 7.75225494909e-10, 2.52223408825e-10, 9.98320315304e-10, 5.20250509339e-10, 5.35621713649e-10, 2.29443547495e-10, 3.94000318482e-11, 4.37510548623e-11, 1.40562006479e-10, 1.74243633411e-10, 4.69092889532e-11, 1.53463824981e-10, 1.32225966287e-10, 1.96645116857e-10, 7.18148873702e-11, 2.75386224241e-11, 8.8607315929e-12],
        "max": [0.0570298433304, 0.0228391624987, 0.0165592692792, 0.0113527094945, 0.00707838498056, 0.012517914176, 0.0122047159821, 0.00894484203309, 0.00308480183594, 0.00641816155985, 0.00529732741416, 0.00513085816056, 0.00380394328386, 0.00270991818979, 0.000936904631089, 0.00061911076773, 0.00137535645626, 0.000483304844238, 0.00037531479029, 0.00013288052287, 0.00014616412227, 0.000147649028804, 0.000207943914575, 0.000411543849623, 0.000148442311911, 0.000423166959081, 0.000269027834293, 0.000377315678634, 0.000217093998799, 5.36737716175e-05, 7.05548081896e-05, 0.000183910160558, 0.000141657423228, 6.74328402965e-05, 0.0001846102532, 0.000100280049082, 0.000172207655851, 7.66966477386e-05, 4.79662885482e-05, 3.65341584256e-05],
        "mean": [0.00279448949732, 0.00111281964928, 0.00053775095148, 0.000669555913191, 0.000637677905615, 0.00132597610354, 0.00138045370113, 0.000794860650785, 0.000203967734706, 0.000366503780242, 0.000444993173005, 0.000284211797407, 0.000202495706617, 0.000108322383312, 5.17196858709e-05, 5.22169175383e-05, 7.20354000805e-05, 3.12527445203e-05, 2.72154557024e-05, 1.52104566951e-05, 1.22489245769e-05, 1.03396532722e-05, 1.23371055452e-05, 1.048741251e-05, 1.00535062302e-05, 8.42195277073e-06, 7.17771081327e-06, 6.79967934047e-06, 6.46485386824e-06, 3.79564380637e-06, 3.37097390002e-06, 2.77694016404e-06, 2.87695684165e-06, 2.05553897104e-06, 2.28409112424e-06, 3.46178399013e-06, 4.31671060142e-06, 3.24677012031e-06, 2.38512529904e-06, 1.18432080853e-06],
        "median": [0.000247791409492, 0.000126198807266, 9.93259309325e-05, 0.000211191232665, 0.000318848295137, 0.000681584584527, 0.0008767991676, 0.000303514971165, 0.000110113527626, 0.00017093605129, 0.00019701650308, 7.38698581699e-05, 6.68009597575e-05, 4.24145473517e-05, 2.28385069931e-05, 2.88219416689e-05, 3.64712541341e-05, 1.71437550307e-05, 1.61656353157e-05, 9.59798217082e-06, 7.28343275114e-06, 5.23253402207e-06, 5.27155361851e-06, 3.82858934245e-06, 4.70807526654e-06, 4.36562277173e-06, 3.33025445798e-06, 2.64198297373e-06, 2.76829609902e-06, 1.81383211384e-06, 1.19929711673e-06, 7.04737203705e-07, 3.80122173738e-07, 2.42388466631e-07, 3.9997681256e-07, 8.3690486008e-07, 1.25608630697e-06, 9.50524736254e-07, 8.44459975724e-07, 4.31590478911e-07],
        "min": [1.22554077997e-10, 1.51675269566e-11, 1.5612358073e-09, 4.37812408549e-09, 1.22735288599e-08, 5.8474888931e-08, 4.53246862264e-08, 1.76270216201e-08, 1.1629253116e-09, 2.45896547568e-09, 3.69285024782e-09, 5.10282816002e-10, 3.06244429815e-09, 1.10245912399e-09, 1.93532689874e-10, 3.5613595406e-10, 4.09174694127e-10, 1.36408717655e-09, 2.65863775439e-09, 7.01835395356e-11, 5.81359023422e-11, 4.87439012764e-11, 5.17231084352e-11, 7.92752877232e-11, 1.73468531206e-11, 4.34620880951e-11, 5.07696315544e-11, 2.09451848227e-11, 4.55070495176e-11, 1.21236007344e-11, 1.29610460819e-12, 5.7614069765e-13, 1.08383798898e-12, 3.07010818677e-13, 1.73318106286e-13, 1.12506792077e-12, 7.1837579288e-12, 3.18659942183e-12, 2.2697499262e-12, 1.43151072593e-12],
        "var": [6.62907623337e-05, 9.52247410169e-06, 2.46573017648e-06, 1.52700920353e-06, 7.08795653281e-07, 2.57014426097e-06, 2.33598507293e-06, 1.59497142249e-06, 8.5093539326e-08, 3.72933101289e-07, 4.28186922363e-07, 3.38201488148e-07, 1.89415771956e-07, 3.50723858844e-08, 8.50973513877e-09, 5.46573941662e-09, 1.10855360447e-08, 1.98456451272e-09, 1.10972553369e-09, 3.0015662178e-10, 2.12445713799e-10, 2.20173518306e-10, 4.26512380969e-10, 4.8176507228e-10, 1.99071023554e-10, 2.64506527792e-10, 2.87694729151e-10, 2.90678398018e-10, 1.29011162864e-10, 3.08097471147e-11, 3.40077584149e-11, 5.60929358517e-11, 7.84253981201e-11, 2.8241749217e-11, 6.17377815537e-11, 9.46529868373e-11, 1.40217573663e-10, 5.83067275017e-11, 2.58050733559e-11, 7.47713436305e-12]
    },
    "mfcc": {
        "mean": [-627.157165527, 125.484169006, 4.04299545288, -2.64939904213, -7.46999359131, -13.0711097717, 0.449908256531, -11.3600091934, -3.02027487755, 3.89451122284, -3.87846565247, 5.03087854385, -3.45375275612],
        "cov": [[2468.84375, -566.12512207, 188.267364502, 146.321151733, 41.9775161743, -9.37179946899, 10.8641643524, 211.976242065, -20.5740146637, 40.9617538452, -54.6634674072, 10.5858659744, 56.686706543], [-566.12512207, 1074.15673828, -315.660064697, -3.44359374046, 115.827529907, -35.7098007202, 172.411010742, -90.027015686, 45.4153709412, 31.1107959747, -9.2146987915, 58.0482749939, 40.9706420898], [188.267364502, -315.660064697, 607.500183105, 4.06016731262, 81.7289047241, 234.552352905, -75.1149139404, 127.530097961, 40.3130493164, -5.60414505005, 68.286491394, -6.11095809937, 39.2199630737], [146.321151733, -3.44359374046, 4.06016731262, 468.861785889, 42.1591796875, 4.14949846268, 51.3335227966, 17.8998737335, 82.7400283813, -64.6672668457, 49.5834884644, 50.2947349548, -12.2453317642], [41.9775161743, 115.827529907, 81.7289047241, 42.1591796875, 208.023239136, 28.8752937317, 35.1195755005, 85.7501296997, 14.0825109482, 10.0765771866, 2.20247602463, 24.0523052216, 26.1298389435], [-9.37179946899, -35.7098007202, 234.552352905, 4.14949846268, 28.8752937317, 357.843109131, -49.821849823, 112.552772522, 27.9034309387, 35.5064506531, 82.9275588989, -38.6157417297, 61.8837738037], [10.8641643524, 172.411010742, -75.1149139404, 51.3335227966, 35.1195755005, -49.821849823, 227.704025269, -23.4475708008, 47.5629348755, 53.6205253601, -7.561419487, 17.813495636, -15.2781085968], [211.976242065, -90.027015686, 127.530097961, 17.8998737335, 85.7501296997, 112.552772522, -23.4475708008, 238.233505249, 25.7877750397, 46.9360466003, 23.0362110138, -1.39298546314, 47.1572189331], [-20.5740146637, 45.4153709412, 40.3130493164, 82.7400283813, 14.0825109482, 27.9034309387, 47.5629348755, 25.7877750397, 136.310913086, 21.1891994476, 27.003452301, 23.2261886597, -7.72238588333], [40.9617538452, 31.1107959747, -5.60414505005, -64.6672668457, 10.0765771866, 35.5064506531, 53.6205253601, 46.9360466003, 21.1891994476, 160.753356934, 11.9727325439, 2.50064110756, 49.8652687073], [-54.6634674072, -9.2146987915, 68.286491394, 49.5834884644, 2.20247602463, 82.9275588989, -7.561419487, 23.0362110138, 27.003452301, 11.9727325439, 127.884735107, 21.1450939178, 20.6683082581], [10.5858659744, 58.0482749939, -6.11095809937, 50.2947349548, 24.0523052216, -38.6157417297, 17.813495636, -1.39298546314, 23.2261886597, 2.50064110756, 21.1450939178, 131.51663208, 39.7453575134], [56.686706543, 40.9706420898, 39.2199630737, -12.2453317642, 26.1298389435, 61.8837738037, -15.2781085968, 47.1572189331, -7.72238588333, 49.8652687073, 20.6683082581, 39.7453575134, 168.609603882]],
