{
"lowlevel": {
    "average_loudness": 0.949978113174,
    "barkbands_crest": {
        "dmean": 1.9840927124,
        "dmean2": 3.02156615257,
        "dvar": 3.86235618591,
        "dvar2": 8.97697257996,
        "max": 22.0856533051,
        "mean": 10.0917282104,
        "median": 9.49589061737,
        "min": 3.35135960579,
        "var": 13.4278020859
    },
    "barkbands_flatness_db": {
        "dmean": 0.0160047318786,
        "dmean2": 0.024716226384,
        "dvar": 0.000205508025829,
        "dvar2": 0.000523334485479,
        "max": 0.341744035482,
        "mean": 0.218865513802,
        "median": 0.215232163668,
        "min": 0.07634858042,
        "var": 0.00115525419824
    },
    "barkbands_kurtosis": {
        "dmean": 1.41056728363,
        "dmean2": 2.09654974937,
        "dvar": 3.57994008064,
        "dvar2": 8.04351902008,
        "max": 26.7328796387,
        "mean": 2.16518449783,
        "median": 0.894365787506,
        "min": -1.81806194782,
        "var": 16.6663303375
    },
    "barkbands_skewness": {
        "dmean": 0.373994231224,
        "dmean2": 0.513786375523,
        "dvar": 0.150791287422,
        "dvar2": 0.284168034792,
        "max": 4.84711360931,
        "mean": 1.09387540817,
        "median": 1.21490883827,
        "min": -2.23134326935,
        "var": 1.30810439587
    },
    "barkbands_spread": {
        "dmean": 2.94225263596,
        "dmean2": 4.31949615479,
        "dvar": 8.99708843231,
        "dvar2": 19.6391124725,
        "max": 38.4996604919,
        "mean": 17.1682167053,
        "median": 16.7987251282,
        "min": 2.21983170509,
        "var": 55.4728050232
    },
    "dissonance": {
        "dmean": 0.0210608597845,
        "dmean2": 0.0346610695124,
        "dvar": 0.000382700032787,
        "dvar2": 0.001004696358,
        "max": 0.49965056777,
        "mean": 0.44689527154,
        "median": 0.453980237246,
        "min": 0.283151626587,
        "var": 0.00114428345114
    },
    "dynamic_complexity": 2.8144865036,
    "erbbands_crest": {
        "dmean": 2.05463790894,
        "dmean2": 3.09650206566,
        "dvar": 3.74280762672,
        "dvar2": 8.4488401413,
        "max": 29.2716884613,
        "mean": 10.6068544388,
        "median": 9.66961669922,
        "min": 3.43347191811,
        "var": 20.9899806976
    },
    "erbbands_flatness_db": {
        "dmean": 0.0115424972028,
        "dmean2": 0.0165226794779,
        "dvar": 0.00011139894923,
        "dvar2": 0.000217792650801,
        "max": 0.366826236248,
        "mean": 0.263908147812,
        "median": 0.259034305811,
        "min": 0.0977433770895,
        "var": 0.00101102970075
    },
    "erbbands_kurtosis": {
        "dmean": 0.817153692245,
        "dmean2": 1.21402966976,
        "dvar": 1.23373937607,
        "dvar2": 2.42511606216,
        "max": 20.6769294739,
        "mean": 0.460022032261,
        "median": -0.377101182938,
        "min": -1.76592195034,
        "var": 5.40772867203
    },
    "erbbands_skewness": {
        "dmean": 0.324460595846,
        "dmean2": 0.454478979111,
        "dvar": 0.101065322757,
        "dvar2": 0.190753415227,
        "max": 3.73258137703,
        "mean": 0.337035596371,
        "median": 0.438293069601,
        "min": -2.4580540657,
        "var": 1.08948993683
    },
    "erbbands_spread": {
        "dmean": 4.33740329742,
        "dmean2": 6.06831026077,
        "dvar": 16.4236927032,
        "dvar2": 31.8378353119,
        "max": 60.9509544373,
        "mean": 30.5670776367,
        "median": 31.7247524261,
        "min": 5.62124967575,
        "var": 123.257202148
    },
    "hfc": {
        "dmean": 3.08524751663,
        "dmean2": 4.05023431778,
        "dvar": 16.1366500854,
        "dvar2": 25.5631752014,
        "max": 82.8022994995,
        "mean": 16.4036521912,
        "median": 12.4626512527,
        "min": 1.17797785182e-16,
        "var": 202.151184082
    },
    "melbands_crest": {
        "dmean": 2.47531867027,
        "dmean2": 3.66808176041,
        "dvar": 5.52036857605,
        "dvar2": 12.5674371719,
        "max": 25.9765129089,
        "mean": 13.2281303406,
        "median": 12.4999952316,
        "min": 2.40664243698,
        "var": 21.3640403748
    },
    "melbands_flatness_db": {
        "dmean": 0.0162159968168,
        "dmean2": 0.0233440157026,
        "dvar": 0.000261380890151,
        "dvar2": 0.000547740550246,
        "max": 0.351478248835,
        "mean": 0.194007307291,
        "median": 0.185575798154,
        "min": 0.00795847643167,
        "var": 0.00224437844008
    },
    "melbands_kurtosis": {
        "dmean": 2.77090263367,
        "dmean2": 4.05113744736,
        "dvar": 15.0981931686,
        "dvar2": 33.1626052856,
        "max": 68.2299041748,
        "mean": 6.8200340271,
        "median": 4.86617088318,
        "min": -1.65777814388,
        "var": 63.2551460266
    },
    "melbands_skewness": {
        "dmean": 0.43540391326,
        "dmean2": 0.594957888126,
        "dvar": 0.204849675298,
        "dvar2": 0.395131140947,
        "max": 6.87537670135,
        "mean": 1.88875472546,
        "median": 1.94397616386,
        "min": -1.43955099583,
        "var": 1.4299018383
    },
    "melbands_spread": {
        "dmean": 5.40174627304,
        "dmean2": 7.6059422493,
        "dvar": 47.2905769348,
        "dvar2": 81.1014022827,
        "max": 132.940032959,
        "mean": 26.8981227875,
        "median": 21.668182373,
        "min": 3.0957057476,
        "var": 298.111022949
    },
    "pitch_salience": {
        "dmean": 0.0505647882819,
        "dmean2": 0.0787119418383,
        "dvar": 0.00228705070913,
        "dvar2": 0.00556969083846,
        "max": 0.843009293079,
        "mean": 0.513829469681,
        "median": 0.510670244694,
        "min": 0.144958779216,
        "var": 0.00861539877951
    },
    "silence_rate_20dB": {
        "dmean": 0,
        "dmean2": 0,
        "dvar": 0,
        "dvar2": 0,
        "max": 1,
        "mean": 1,
        "median": 1,
        "min": 1,
        "var": 0
    },
    "silence_rate_30dB": {
        "dmean": 0,
        "dmean2": 0,
        "dvar": 0,
        "dvar2": 0,
        "max": 1,
        "mean": 1,
        "median": 1,
        "min": 1,
        "var": 0
    },
    "silence_rate_60dB": {
        "dmean": 0.0154798757285,
        "dmean2": 0.0309837330133,
        "dvar": 0.0152404168621,
        "dvar2": 0.0362208932638,
        "max": 1,
        "mean": 0.103634960949,
        "median": 0,
        "min": 0,
        "var": 0.0928957983851
    },
    "spectral_centroid": {
        "dmean": 205.902023315,
        "dmean2": 291.590332031,
        "dvar": 120548.34375,
        "dvar2": 161435.5625,
        "max": 11178.1074219,
        "mean": 1735.32348633,
        "median": 1627.28466797,
        "min": 481.322387695,
        "var": 551786.875
    },
    "spectral_complexity": {
        "dmean": 2.02321982384,
        "dmean2": 3.20836567879,
        "dvar": 3.587682724,
        "dvar2": 8.46238231659,
        "max": 31,
        "mean": 14.8190259933,
        "median": 15,
        "min": 0,
        "var": 35.3871612549
    },
    "spectral_decrease": {
        "dmean": 5.92728477411e-10,
        "dmean2": 8.31218704977e-10,
        "dvar": 4.70674557337e-19,
        "dvar2": 1.02589679605e-18,
        "max": 2.41043914976e-29,
        "mean": -3.10555092753e-09,
        "median": -3.2378324466e-09,
        "min": -8.05241739954e-09,
        "var": 3.00470751891e-18
    },
    "spectral_energy": {
        "dmean": 0.00244982261211,
        "dmean2": 0.00341819622554,
        "dvar": 7.80183927418e-06,
        "dvar2": 1.67057078215e-05,
        "max": 0.0345621556044,
        "mean": 0.0132089219987,
        "median": 0.0136444484815,
        "min": 1.05936374815e-20,
        "var": 5.51814846403e-05
    },
    "spectral_energyband_high": {
        "dmean": 0.000126003506011,
        "dmean2": 0.000196413995582,
        "dvar": 3.26823048624e-08,
        "dvar2": 7.39158352303e-08,
        "max": 0.0026333341375,
        "mean": 0.000399355049012,
        "median": 0.000298289378406,
        "min": 7.57463907978e-21,
        "var": 1.52708551582e-07
    },
    "spectral_energyband_low": {
        "dmean": 1.81940285984e-05,
        "dmean2": 2.84691323031e-05,
        "dvar": 5.0876276525e-09,
        "dvar2": 1.18895107093e-08,
        "max": 0.00156864349265,
        "mean": 3.99064119847e-05,
        "median": 5.92671131017e-06,
        "min": 7.75120652192e-23,
        "var": 1.97288070325e-08
    },
    "spectral_energyband_middle_high": {
        "dmean": 0.00107194657903,
        "dmean2": 0.00134736043401,
        "dvar": 2.16396392716e-06,
        "dvar2": 3.1385022794e-06,
        "max": 0.0317314714193,
        "mean": 0.00461705308408,
        "median": 0.00268580042757,
        "min": 1.5606342502e-21,
        "var": 2.66114711849e-05
    },
    "spectral_energyband_middle_low": {
        "dmean": 0.00213283277117,
        "dmean2": 0.00299144117162,
        "dvar": 7.204449048e-06,
        "dvar2": 1.56423429871e-05,
        "max": 0.0305065140128,
        "mean": 0.008280755952,
        "median": 0.00730557506904,
        "min": 3.31031203649e-22,
        "var": 3.50524278474e-05
    },
    "spectral_entropy": {
        "dmean": 0.119080357254,
        "dmean2": 0.171591222286,
        "dvar": 0.0162575319409,
        "dvar2": 0.0295109208673,
        "max": 9.80490112305,
        "mean": 7.05258560181,
        "median": 7.11695957184,
        "min": 5.8966755867,
        "var": 0.0922344923019
    },
    "spectral_flux": {
        "dmean": 0.0129401870072,
        "dmean2": 0.0203476343304,
        "dvar": 0.000209368954529,
        "dvar2": 0.000505308678839,
        "max": 0.138029679656,
        "mean": 0.0419580638409,
        "median": 0.0374838486314,
        "min": 1.02925397372e-10,
        "var": 0.000525414885487
    },
    "spectral_kurtosis": {
        "dmean": 2.49826645851,
        "dmean2": 4.41565418243,
        "dvar": 4.68486833572,
        "dvar2": 14.2001810074,
        "max": 17.3614501953,
        "mean": 3.89674162865,
        "median": 3.21804904938,
        "min": -1.17526376247,
        "var": 8.11358642578
    },
    "spectral_rms": {
        "dmean": 0.000329777249135,
        "dmean2": 0.000449861283414,
        "dvar": 1.234016338e-07,
        "dvar2": 2.50455400419e-07,
        "max": 0.0058068218641,
        "mean": 0.00337954075076,
        "median": 0.00364851439372,
        "min": 3.21484939364e-12,
        "var": 1.46547051827e-06
    },
    "spectral_rolloff": {
        "dmean": 344.147644043,
        "dmean2": 560.013671875,
        "dvar": 469137.125,
        "dvar2": 724023.25,
        "max": 18755.4199219,
        "mean": 1986.26818848,
        "median": 1873.38867188,
        "min": 473.73046875,
        "var": 1361124.375
    },
    "spectral_skewness": {
        "dmean": 0.279988259077,
        "dmean2": 0.482124358416,
        "dvar": 0.0538777559996,
        "dvar2": 0.1548627913,
        "max": 3.11377072334,
        "mean": 1.11290347576,
        "median": 1.05480420589,
        "min": 0.0137610761449,
        "var": 0.148324608803
    },
    "spectral_spread": {
        "dmean": 233602.953125,
        "dmean2": 343383.8125,
        "dvar": 874865033216,
        "dvar2": 730077528064,
        "max": 39809428,
        "mean": 3087256,
        "median": 3065786.5,
        "min": 1790634,
        "var": 1.27381615411e+12
    },
    "spectral_strongpeak": {
        "dmean": 0.744878947735,
        "dmean2": 1.23793721199,
        "dvar": 1.85292947292,
        "dvar2": 4.21551132202,
        "max": 15.9176616669,
        "mean": 2.24765443802,
        "median": 1.27732181549,
        "min": 1.98613570035e-09,
        "var": 8.05242538452
    },
    "zerocrossingrate": {
        "dmean": 0.00699391076341,
        "dmean2": 0.00811620987952,
        "dvar": 0.000113050497021,
        "dvar2": 9.78703901637e-05,
        "max": 0.501953125,
        "mean": 0.0695508122444,
        "median": 0.06494140625,
        "min": 0.01806640625,
        "var": 0.000919312355109
    },
    "barkbands": {
        "dmean": [4.95719945093e-08, 5.23911012351e-07, 5.87840986555e-06, 4.5494594815e-05, 0.000357310316758, 0.000186050543562, 0.00117473606952, 0.000826793257147, 0.000693372159731, 0.000127486418933, 0.000134297573823, 0.000155986796017, 0.000154506837134, 0.000126089900732, 9.21443715924e-05, 0.000166551675647, 0.000309238093905, 0.000139065436088, 0.000224955030717, 0.000192290943232, 5.6714292441e-05, 3.88138614653e-05, 6.36004097032e-06, 3.22356845572e-06, 2.59202033703e-06, 2.27707674938e-09, 6.10123673805e-10],
        "dmean2": [8.90262228381e-08, 8.81673486219e-07, 9.58637519943e-06, 7.48073362047e-05, 0.000527251802851, 0.000278280873317, 0.0017404446844, 0.00118102075066, 0.00093825935619, 0.000187857323908, 0.000189958707779, 0.000218263710849, 0.000209546429687, 0.000185888580745, 0.000138416522532, 0.000244725786615, 0.00039572728565, 0.000207169476198, 0.000297118938761, 0.00029058905784, 8.96663841559e-05, 6.15943135926e-05, 9.88787451206e-06, 5.01604654346e-06, 4.03945978178e-06, 3.80115849907e-09, 1.13656684064e-09],
        "dvar": [4.86805284668e-14, 8.77208462119e-13, 3.46859013733e-10, 1.77028738335e-08, 2.86686230311e-07, 1.91000097516e-07, 4.52664744444e-06, 1.80515655757e-06, 1.45356591474e-06, 5.0876490576e-08, 4.71240895195e-08, 9.73253833081e-08, 1.15169264348e-07, 7.40107282127e-08, 4.39469225455e-08, 1.44178400774e-07, 5.5946094335e-07, 7.35181018285e-08, 2.56210256566e-07, 1.97398605906e-07, 9.13759024002e-09, 3.68706154497e-09, 1.0859341204e-10, 2.49215110354e-11, 2.12692693319e-11, 2.45192248516e-17, 2.5830249047e-18],
        "dvar2": [1.38507694897e-13, 2.28588328821e-12, 7.8023937311e-10, 4.71571190985e-08, 5.68150653635e-07, 4.95725828387e-07, 1.02509475255e-05, 3.83044152841e-06, 3.0695721307e-06, 1.25272080709e-07, 9.29908310354e-08, 1.86422980164e-07, 1.77605116392e-07, 1.29532892856e-07, 8.71177689987e-08, 2.63854133209e-07, 7.2909898563e-07, 1.51605121346e-07, 3.89913452636e-07, 4.50769135796e-07, 2.47524329922e-08, 9.32869426151e-09, 2.5422638994e-10, 5.65707376776e-11, 4.95668540934e-11, 5.93175915648e-17, 7.60621441846e-18],
        "max": [3.25260725731e-06, 1.23010995594e-05, 0.000410541339079, 0.003059967421, 0.0125192841515, 0.00993014965206, 0.0250129979104, 0.0163051001728, 0.0169944968075, 0.00434887502342, 0.00315661798231, 0.0092847738415, 0.00641494849697, 0.00565619347617, 0.00512969307601, 0.00852850265801, 0.0241327453405, 0.00759383616969, 0.0108127547428, 0.0120771713555, 0.00126875273418, 0.000815554172732, 0.00023294465791, 7.62526105973e-05, 6.37978373561e-05, 7.94808840965e-08, 3.72884940703e-08],
        "mean": [3.64951162624e-08, 5.57836528969e-07, 8.94772074389e-06, 9.54853603616e-05, 0.00138047675136, 0.000521079346072, 0.00217671389692, 0.00193520577159, 0.00194770994131, 0.000325640838128, 0.000301925640088, 0.000414754293161, 0.000369551504264, 0.000242859125137, 0.000192731124116, 0.000318778853398, 0.00118681613822, 0.000357433687896, 0.000657120486721, 0.000525228737388, 0.000131213397253, 8.83315806277e-05, 1.68198803294e-05, 8.54413974594e-06, 4.96847360409e-06, 3.58539753442e-09, 4.70625594051e-10],
        "median": [5.38712363607e-09, 2.44509180902e-07, 1.57801559908e-06, 3.64457300748e-05, 0.000537187501322, 0.000279850617517, 0.00113309326116, 0.000992211629637, 0.000889006536454, 0.000133170120534, 0.000149118510308, 0.000141331547638, 0.000110943845357, 9.13432886591e-05, 6.37034536339e-05, 0.000105247461761, 0.000212089100387, 0.0001539709192, 0.000160675437655, 0.000240769048105, 7.56283625378e-05, 6.53985189274e-05, 8.84194014361e-06, 4.2079918785e-06, 1.44447710682e-06, 1.15572518222e-09, 1.54006862818e-10],
        "min": [2.9376320252e-24, 5.49439222349e-23, 1.68587811154e-23, 7.82606815964e-24, 2.7303801216e-23, 2.78152481399e-23, 4.72022811248e-23, 2.85574558112e-23, 1.47927462004e-22, 2.08594323982e-22, 3.9732121762e-23, 1.11147131532e-22, 7.48868749661e-23, 2.08270070596e-22, 1.09086538495e-22, 1.05324290444e-22, 1.53875801396e-22, 1.82363865846e-22, 2.32048218923e-22, 3.71431257095e-22, 3.22646306424e-22, 3.43096029712e-22, 8.43882653317e-22, 8.09263145393e-22, 1.31443179666e-21, 1.43080385058e-21, 2.50583097853e-21],
        "var": [2.95100891694e-14, 8.87248933178e-13, 1.0209693091e-09, 3.87786442957e-08, 4.8034903557e-06, 5.90825209201e-07, 8.01544501883e-06, 5.72722092329e-06, 6.80537232256e-06, 2.06849165352e-07, 1.50107851482e-07, 4.92571473387e-07, 6.07902904903e-07, 2.27755464266e-07, 1.58607917911e-07, 4.98688223161e-07, 8.80622792465e-06, 3.94276099769e-07, 1.88096498732e-06, 9.74159661382e-07, 2.57429437767e-08, 7.24448057099e-09, 5.39442546188e-10, 1.20057269681e-10, 6.24055529475e-11, 5.70466300587e-17, 1.57218600113e-18]
    },
    "erbbands": {
        "dmean": [6.86366502123e-06, 0.000207861608942, 0.00449853716418, 0.081660553813, 1.00230062008, 1.15322971344, 0.531729221344, 1.88996684551, 10.2759990692, 23.5245571136, 16.5114307404, 12.3313884735, 4.49839019775, 4.88369321823, 3.21105885506, 6.14953994751, 7.51791620255, 6.36287307739, 3.69272494316, 6.87912845612, 7.60428905487, 18.920589447, 5.23157405853, 13.7481403351, 13.6069726944, 6.5987610817, 2.9257953167, 1.43633949757, 1.50790190697, 0.745033323765, 0.193196758628, 0.0721424892545, 0.0524519085884, 0.051492549479, 0.00527302641422, 0.000226186064538, 1.01524256024e-05, 1.63483571214e-06, 1.55689235726e-06, 3.02759463011e-06],
        "dmean2": [1.07444284367e-05, 0.000342482788255, 0.00730642676353, 0.125843688846, 1.44067013264, 1.79531621933, 0.833410143852, 2.81447196007, 14.9637088776, 34.1864051819, 22.0330314636, 16.8579750061, 6.57815361023, 6.93928956985, 4.71189403534, 8.62050247192, 10.0404081345, 9.21722316742, 5.25119161606, 10.2545795441, 10.7809114456, 23.7160167694, 7.48692893982, 18.3743286133, 18.4271430969, 9.82283878326, 4.7136182785, 2.28042268753, 2.35469031334, 1.19253671169, 0.305873513222, 0.112583719194, 0.0815999060869, 0.0795572847128, 0.00819448940456, 0.000349769747118, 1.5378525859e-05, 2.38619031734e-06, 2.16478042603e-06, 4.19176467403e-06],
        "dvar": [1.34299321664e-10, 1.24231348764e-07, 0.000158472495968, 0.0517213195562, 2.39747071266, 2.81421041489, 0.618894100189, 18.6625385284, 286.77166748, 1384.90783691, 503.949401855, 474.67288208, 62.6790390015, 79.0892486572, 31.8777542114, 164.230056763, 228.442260742, 115.837593079, 67.7825775146, 196.545913696, 145.111343384, 2605.60449219, 73.0744934082, 651.197387695, 1028.92675781, 126.108283997, 24.1556930542, 5.19368457794, 7.55904817581, 1.72753334045, 0.105999432504, 0.0130380066112, 0.0078524267301, 0.0081924861297, 0.000114729533379, 1.97533751134e-07, 2.71631495075e-10, 4.66193490062e-12, 3.09852187311e-12, 1.1559324678e-11],
        "dvar2": [3.30176413987e-10, 3.22822330645e-07, 0.000372022885131, 0.130670592189, 4.2713060379, 6.75796890259, 1.49435067177, 49.3464927673, 617.105407715, 2956.99194336, 988.973449707, 994.801330566, 137.918579102, 154.237945557, 65.7465515137, 322.03704834, 349.280792236, 225.815841675, 111.935806274, 394.785430908, 263.01373291, 3415.6796875, 137.49911499, 1006.16351318, 1932.7767334, 273.605865479, 66.6191635132, 11.7282505035, 18.9031467438, 4.20006275177, 0.254643023014, 0.0301537401974, 0.0175819694996, 0.0195163264871, 0.000292546988931, 5.00165072026e-07, 6.73629874104e-10, 1.00715208742e-11, 5.85041346965e-12, 2.37464319042e-11],
        "max": [0.000161965363077, 0.00425954815, 0.276320576668, 5.41190290451, 36.6668663025, 34.5660743713, 13.1856660843, 96.0488586426, 217.627258301, 401.029022217, 323.543273926, 361.767272949, 131.84286499, 124.396736145, 118.380599976, 437.500671387, 285.06350708, 159.210327148, 177.044906616, 338.638824463, 278.668548584, 1684.88745117, 204.847976685, 556.908447266, 550.846374512, 226.123260498, 71.5894851685, 53.1603164673, 42.8561935425, 20.2640705109, 6.32261705399, 2.68377566338, 1.76436364651, 1.15605711937, 0.140954121947, 0.00577844306827, 0.00024124479387, 3.76372918254e-05, 3.04847326333e-05, 5.1080580306e-05],
        "mean": [1.68145415955e-05, 0.000355547846993, 0.00971591845155, 0.237777292728, 3.82756090164, 3.82060241699, 1.50172233582, 5.27727365494, 23.9250526428, 45.1160774231, 48.3219642639, 35.1450309753, 12.7468852997, 10.6347570419, 8.09460163116, 16.7699947357, 20.3889713287, 13.9091854095, 8.74269390106, 15.7546072006, 20.5055294037, 74.8822174072, 16.9315013885, 40.0394325256, 35.7920227051, 18.5095348358, 7.15432882309, 4.02285766602, 3.39980340004, 1.65332877636, 0.532854497433, 0.194177642465, 0.136053681374, 0.104984164238, 0.00851538497955, 0.000393855239963, 2.80842268694e-05, 6.50752826914e-06, 8.97320114746e-06, 1.6904066797e-05],
        "median": [8.47725186759e-06, 0.000179964874405, 0.0032870254945, 0.0831723660231, 1.14449298382, 1.69571256638, 1.12455058098, 3.04958295822, 14.0998687744, 22.0072307587, 34.7318687439, 16.0585136414, 5.11211299896, 4.21502733231, 4.36444425583, 6.1086473465, 6.85751676559, 6.16741514206, 3.80627393723, 6.76929283142, 9.82890510559, 9.82340240479, 6.66103029251, 15.3714447021, 9.49983596802, 10.0934410095, 5.00904989243, 2.59673976898, 2.28790950775, 0.899755120277, 0.263963192701, 0.0990796387196, 0.0641024708748, 0.037910990417, 0.00150721881073, 9.98552277451e-05, 1.74052456714e-05, 4.74995658806e-06, 8.76096510183e-06, 1.7092885173e-05],
        "min": [5.52221970213e-22, 1.5470757381e-20, 3.05333916026e-20, 1.70161052487e-20, 6.0844116524e-20, 1.12331799269e-19, 5.27709080625e-20, 3.05852952473e-19, 4.81437676371e-19, 1.08972629141e-18, 6.95553533027e-19, 3.71181748888e-18, 4.25012057534e-18, 5.87988930724e-18, 3.26433387059e-18, 3.61272249226e-18, 3.5539231856e-18, 1.07785844165e-17, 7.57819202085e-18, 4.90901170586e-18, 5.83512766916e-18, 7.95804411148e-18, 8.19121722717e-18, 1.20778651288e-17, 1.29466686426e-17, 2.01571110523e-17, 1.54760612243e-17, 1.12405953943e-17, 1.10136095896e-17, 2.15296352991e-17, 2.27192748756e-17, 1.55194915152e-17, 1.5913125262e-17, 1.55982622706e-17, 8.27531337133e-18, 5.26571225191e-18, 2.87562391637e-18, 1.29181406308e-18, 3.61577551251e-19, 3.30779445696e-20],
        "var": [4.35829733414e-10, 2.37261815528e-07, 0.000575135520194, 0.182166963816, 41.4709663391, 30.3114509583, 2.21331930161, 51.3120727539, 757.594665527, 3186.12231445, 2431.05810547, 2315.24243164, 275.1456604, 243.945907593, 114.037727356, 799.55456543, 1324.99987793, 425.149749756, 260.122161865, 741.695922852, 727.179504395, 41860.7851562, 656.870422363, 5054.42773438, 4451.59765625, 626.485656738, 61.6023826599, 24.7553367615, 13.6050643921, 5.34921073914, 0.58528482914, 0.0662343129516, 0.0368502475321, 0.0253706760705, 0.00025592505699, 4.71674013625e-07, 9.20439058305e-10, 3.39383139647e-11, 3.15921906691e-11, 9.71020347462e-11]
    },
    "gfcc": {
        "mean": [-89.2535476685, 97.8213729858, -211.663619995, 21.6556816101, -107.886299133, -34.5538406372, -44.4531784058, -19.8896980286, -15.3554115295, -23.6059246063, -7.19949579239, -30.2384300232, -8.79313087463],
        "cov": [[7454.16699219, -551.803039551, -343.452819824, 295.783355713, -224.573547363, -3.03930974007, -314.05291748, 314.421569824, -292.685058594, 9.33483219147, 15.0725622177, -28.9888973236, 28.887468338], [-551.803039551, 1052.55249023, 314.554656982, -63.1428985596, 65.8886642456, -70.9994277954, 276.861297607, -336.79284668, 189.748168945, -120.970466614, -121.545555115, -72.2453765869, -34.7085914612], [-343.452819824, 314.554656982, 397.286346436, 20.8318824768, -26.0823707581, -15.966334343, 26.8296794891, -33.3926925659, 8.50187778473, 6.53070259094, -79.3628082275, -12.0972862244, -0.602445721626], [295.783355713, -63.1428985596, 20.8318824768, 182.416137695, 38.1096038818, -32.0737609863, -45.7762451172, -3.56113147736, -12.2806034088, -27.051897049, 5.54755735397, 3.70681285858, -6.95611190796], [-224.573547363, 65.8886642456, -26.0823707581, 38.1096038818, 170.347076416, 24.1413650513, 33.9428291321, -59.7891731262, 6.09720039368, -34.5351905823, 6.10263109207, -8.84934520721, -18.742067337], [-3.03930974007, -70.9994277954, -15.966334343, -32.0737609863, 24.1413650513, 141.397949219, 11.7086715698, 24.4912948608, -68.2481155396, 8.82268428802, -7.10418081284, -37.6010475159, 6.74079275131], [-314.05291748, 276.861297607, 26.8296794891, -45.7762451172, 33.9428291321, 11.7086715698, 198.08757019, -84.3533630371, 43.4495620728, -54.686416626, -28.3710727692, -30.5129108429, -16.6247463226], [314.421569824, -336.79284668, -33.3926925659, -3.56113147736, -59.7891731262, 24.4912948608, -84.3533630371, 201.132827759, -83.09034729, 51.5556144714, 11.0557308197, 14.2181606293, 23.2432746887], [-292.685058594, 189.748168945, 8.50187778473, -12.2806034088, 6.09720039368, -68.2481155396, 43.4495620728, -83.09034729, 213.764022827, -32.6168327332, -11.1370134354, 17.8965606689, -36.1619110107], [9.33483219147, -120.970466614, 6.53070259094, -27.051897049, -34.5351905823, 8.82268428802, -54.686416626, 51.5556144714, -32.6168327332, 93.6239624023, 29.1888904572, 1.3890966177, 18.2482395172], [15.0725622177, -121.545555115, -79.3628082275, 5.54755735397, 6.10263109207, -7.10418081284, -28.3710727692, 11.0557308197, -11.1370134354, 29.1888904572, 114.20552063, 23.6330604553, -31.8340415955], [-28.9888973236, -72.2453765869, -12.0972862244, 3.70681285858, -8.84934520721, -37.6010475159, -30.5129108429, 14.2181606293, 17.8965606689, 1.3890966177, 23.6330604553, 100.796852112, 5.83851242065], [28.887468338, -34.7085914612, -0.602445721626, -6.95611190796, -18.742067337, 6.74079275131, -16.6247463226, 23.2432746887, -36.1619110107, 18.2482395172, -31.8340415955, 5.83851242065, 66.9744491577]],
        "icov": [[0.000216346234083, -0.000505702802911, 0.000590733950958, -0.000604086671956, 0.000408979918575, -0.000184389282367, 0.000421648728661, -0.00064164766809, 0.000350542512024, -0.000143768149428, 0.000219789377297, -0.000156470821821, 0.000394088536268], [-0.000505702802911, 0.00779245654121, -0.00562384258956, 0.00420544156805, -0.00136759073939, 0.00322950608097, -0.0045591420494, 0.00865588337183, -0.00198417203501, 0.00314969033934, 0.000172754691448, 0.00349837401882, -0.00235315132886], [0.000590733950958, -0.00562384258956, 0.00788673944771, -0.0044705113396, 0.00213394337334, -0.00202962988988, 0.00274697155692, -0.00534445280209, 0.002408829052, -0.00492558721453, 0.00406767893583, -0.00331669254228, 0.00464066490531], [-0.000604086671956, 0.00420544156805, -0.0044705113396, 0.0106983426958, -0.00339615321718, 0.00402830122039, 0.00021724360704, 0.00447330391034, -0.000576748629101, 0.00571616273373, -0.00184395886026, 0.00314265699126, -0.00236271787435], [0.000408979918575, -0.00136759073939, 0.00213394337334, -0.00339615321718, 0.0087352944538, -0.00271024485119, 0.00030055991374, 0.000611867755651, 0.00107381306589, 0.000217870605411, 0.000408873631386, -0.0011365194805, 0.00217469013296], [-0.000184389282367, 0.00322950608097, -0.00202962988988, 0.00402830122039, -0.00271024485119, 0.0118289254606, -0.00210570241325, 0.00260836351663, 0.00230389810167, 0.00123676471412, 0.000873116659932, 0.00442512659356, -0.000287357717752], [0.000421648728661, -0.0045591420494, 0.00274697155692, 0.00021724360704, 0.00030055991374, -0.00210570241325, 0.0110384337604, -0.00329470145516, 0.000931072514504, 0.00268684490584, -0.000336497527314, 2.41607303906e-05, 0.00129076640587], [-0.00064164766809, 0.00865588337183, -0.00534445280209, 0.00447330391034, 0.000611867755651, 0.00260836351663, -0.00329470145516, 0.0178828909993, 0.000135913098347, 0.000820655957796, 0.00187871675007, 0.0023253748659, -0.0013961942168], [0.000350542512024, -0.00198417203501, 0.002408829052, -0.000576748629101, 0.00107381306589, 0.00230389810167, 0.000931072514504, 0.000135913098347, 0.00845949910581, -0.00136032642331, 0.0030728536658, -0.00232480908744, 0.00563633302227], [-0.000143768149428, 0.00314969033934, -0.00492558721453, 0.00571616273373, 0.000217870605411, 0.00123676471412, 0.00268684490584, 0.000820655957796, -0.00136032642331, 0.0217684786767, -0.00887708552182, 0.00512371724471, -0.00876942742616], [0.000219789377297, 0.000172754691448, 0.00406767893583, -0.00184395886026, 0.000408873631386, 0.000873116659932, -0.000336497527314, 0.00187871675007, 0.0030728536658, -0.00887708552182, 0.0186298768967, -0.00477638468146, 0.0124801229686], [-0.000156470821821, 0.00349837401882, -0.00331669254228, 0.00314265699126, -0.0011365194805, 0.00442512659356, 2.41607303906e-05, 0.0023253748659, -0.00232480908744, 0.00512371724471, -0.00477638468146, 0.0148868151009, -0.00560673326254], [0.000394088536268, -0.00235315132886, 0.00464066490531, -0.00236271787435, 0.00217469013296, -0.000287357717752, 0.00129076640587, -0.0013961942168, 0.00563633302227, -0.00876942742616, 0.0124801229686, -0.00560673326254, 0.0266337767243]]
    },
    "melbands": {
        "dmean": [9.01144474597e-08, 1.55129112045e-06, 3.33392563334e-05, 9.42880433286e-05, 1.95522279682e-05, 4.72068422823e-05, 0.000188471603906, 0.000244810682489, 0.000159203773364, 6.64520412101e-05, 2.21887439693e-05, 1.87695386558e-05, 1.23442714539e-05, 9.87092698779e-06, 2.31565481954e-05, 1.62001852004e-05, 1.30156367959e-05, 5.80831465413e-06, 8.96457277122e-06, 1.52136053657e-05, 7.10847098162e-06, 2.46705021709e-05, 5.39186339665e-06, 5.3283665693e-06, 1.24162197608e-05, 1.08637686935e-05, 9.22535309655e-06, 3.87156615034e-06, 1.71260774096e-06, 1.76129390184e-06, 8.55463213156e-07, 9.59822273217e-07, 7.61108594816e-07, 2.86653346393e-07, 1.38296726959e-07, 6.37700665607e-08, 4.3631228408e-08, 4.00619128982e-08, 4.53864927863e-08, 4.80703299388e-08],
        "dmean2": [1.50361472606e-07, 2.54725182458e-06, 5.00390924572e-05, 0.000140388292493, 3.08648923237e-05, 6.99184820405e-05, 0.000276105798548, 0.000352438219124, 0.000208030134672, 9.15516793611e-05, 3.26384651999e-05, 2.68444855465e-05, 1.79308062798e-05, 1.41318660098e-05, 3.2345586078e-05, 2.12521263165e-05, 1.93644955289e-05, 8.01832902653e-06, 1.36365852086e-05, 2.19226949412e-05, 1.06433772089e-05, 3.10625291604e-05, 7.72956354922e-06, 7.86091550253e-06, 1.63988897839e-05, 1.40694328365e-05, 1.39722133099e-05, 5.8146192714e-06, 2.78040806734e-06, 2.81922939394e-06, 1.3468901443e-06, 1.48603089656e-06, 1.22931066926e-06, 4.54587592458e-07, 2.21059977434e-07, 1.01330826396e-07, 6.72550442005e-08, 6.41187369865e-08, 7.11993095592e-08, 7.48170663201e-08],
        "dvar": [2.48863667033e-14, 1.89344893931e-11, 3.34035687999e-09, 2.15765680878e-08, 7.0280598008e-10, 1.0241338444e-08, 1.07754793532e-07, 1.48226845909e-07, 5.30787822584e-08, 1.40575808771e-08, 1.59016944057e-09, 1.17584353365e-09, 4.05735556264e-10, 7.48686945773e-10, 1.55215285069e-09, 1.99923078092e-09, 5.52942525101e-10, 2.82571133159e-10, 4.89872864495e-10, 1.21927568042e-09, 1.24949425806e-10, 4.34935820692e-09, 1.0107364945e-10, 8.55812504197e-11, 5.50082313033e-10, 8.99238239427e-10, 7.08022640517e-10, 6.03829555801e-11, 6.45043914116e-12, 1.10864824265e-11, 3.00985104895e-12, 2.38576454599e-12, 2.09297206302e-12, 2.71098681698e-13, 5.95248676738e-14, 1.14526299888e-14, 5.63370507065e-15, 4.63527811308e-15, 6.10007039998e-15, 7.6409690207e-15],
        "dvar2": [6.25776489546e-14, 4.32117640281e-11, 7.95633958717e-09, 4.32353814972e-08, 1.6708983086e-09, 2.57075587484e-08, 2.38643053763e-07, 3.08311911112e-07, 1.03203220192e-07, 2.9546413316e-08, 3.58513663201e-09, 2.34775376917e-09, 8.78706329921e-10, 1.3137088084e-09, 3.01264546643e-09, 2.64172062003e-09, 1.08880338079e-09, 4.29797086809e-10, 9.86991044449e-10, 2.24359597567e-09, 2.59499560729e-10, 5.75116843038e-09, 1.69932193317e-10, 1.66554894876e-10, 8.42248992772e-10, 1.40057554443e-09, 1.59761193164e-09, 1.27556992746e-10, 1.66344681085e-11, 3.08926946524e-11, 6.55256014379e-12, 5.95877513998e-12, 5.44276993267e-12, 6.34997154685e-13, 1.42207819413e-13, 2.84436103143e-14, 1.22471248705e-14, 1.08971500172e-14, 1.3420716971e-14, 1.88431677895e-14],
        "max": [2.01249554266e-06, 9.42537153605e-05, 0.00104217533953, 0.00330820214003, 0.000346739310771, 0.00220818491653, 0.00417576963082, 0.0043540620245, 0.00352042680606, 0.00200279778801, 0.000662621925585, 0.000463488453534, 0.000356284581358, 0.00123009923846, 0.00063265231438, 0.000885644752998, 0.000405031343689, 0.00036834157072, 0.00057054660283, 0.000808479613625, 0.00019465375226, 0.00215226877481, 0.000313975469908, 0.000225173411309, 0.000523400027305, 0.000596003199462, 0.000754852371756, 0.00015193024592, 3.55922347808e-05, 4.52361382486e-05, 4.46722151537e-05, 2.10220732697e-05, 1.76770408871e-05, 8.06517073215e-06, 4.38913275502e-06, 2.32742013395e-06, 1.3618983985e-06, 1.35507434607e-06, 1.19437072499e-06, 1.20148115457e-06],
        "mean": [1.02152185377e-07, 2.29282045439e-06, 0.000111247274617, 0.000356600736268, 5.49070173292e-05, 0.000131904118462, 0.000396723044105, 0.00048200020683, 0.000461732066469, 0.000189756334294, 5.64228430449e-05, 3.89502019971e-05, 2.91036703857e-05, 2.59826920228e-05, 6.42080412945e-05, 3.60178673873e-05, 2.57427018369e-05, 1.23291756609e-05, 1.84034961421e-05, 2.91181531793e-05, 1.73250264197e-05, 9.72343550529e-05, 1.61730786203e-05, 1.47371965795e-05, 3.38396093866e-05, 2.71083699772e-05, 2.41627967625e-05, 9.5141640486e-06, 4.04055799663e-06, 3.49814195033e-06, 2.13977864405e-06, 2.10805819734e-06, 1.39422650136e-06, 6.29126418517e-07, 3.26630612335e-07, 1.54509649519e-07, 1.02385769196e-07, 9.41540818644e-08, 9.81301724323e-08, 8.54323118915e-08],
        "median": [4.52309834031e-08, 5.06428023073e-07, 3.95117640437e-05, 0.000125533959363, 4.41513802798e-05, 7.4089919508e-05, 0.000225517083891, 0.000222575923544, 0.00031117053004, 8.39303902467e-05, 2.04202697205e-05, 1.51621961777e-05, 1.58666261996e-05, 1.18013058454e-05, 2.40513363678e-05, 6.26323890174e-06, 1.00716088127e-05, 4.08560936194e-06, 6.00843850407e-06, 8.49017123983e-06, 8.26816358312e-06, 1.17088457046e-05, 4.920982974e-06, 6.84583210386e-06, 1.22172677948e-05, 4.49523440693e-06, 7.15774922355e-06, 4.5319925448e-06, 2.56624366557e-06, 1.95547045223e-06, 1.1804991118e-06, 1.30956334488e-06, 8.03712737252e-07, 2.81327316998e-07, 1.47041205878e-07, 5.6496261891e-08, 4.7083396737e-08, 3.87440444172e-08, 4.44639063346e-08, 1.73967880102e-08],
        "min": [1.09363810481e-23, 1.88020090045e-23, 3.74089831942e-24, 7.58067956444e-24, 2.00014302012e-24, 7.08427779578e-24, 7.41800303515e-24, 1.07738425695e-23, 5.85768665172e-24, 2.49628691016e-23, 2.1857734296e-23, 2.57636970267e-23, 8.06680405323e-24, 1.05028633265e-23, 9.37580434061e-24, 1.14203464246e-23, 2.01110053475e-23, 1.24729116976e-23, 7.39170793459e-24, 6.87300822358e-24, 6.90084475835e-24, 7.31830284964e-24, 7.31978906359e-24, 9.53461150716e-24, 9.78559312619e-24, 9.07342212273e-24, 1.0105312929e-23, 1.40252448086e-23, 8.21987304556e-24, 8.48933609787e-24, 6.64552519321e-24, 5.32841502129e-24, 8.09217855311e-24, 1.45543259291e-23, 1.40600288414e-23, 9.84090095311e-24, 9.34123645575e-24, 1.08571999236e-23, 1.35651259084e-23, 1.21598719688e-23],
        "var": [2.85995287511e-14, 5.31418485605e-11, 2.55547778494e-08, 3.48085563928e-07, 2.36827002453e-09, 3.15794572714e-08, 2.26762978173e-07, 3.87595036955e-07, 2.68051337571e-07, 6.88501842205e-08, 6.37506625267e-09, 3.55558760212e-09, 1.37803501943e-09, 3.65394980939e-09, 9.29260401961e-09, 9.54389722807e-09, 1.82730219844e-09, 9.99322957718e-10, 1.64315339113e-09, 4.56103288471e-09, 5.67211611013e-10, 7.00770357298e-08, 1.08496878148e-09, 5.11732822783e-10, 3.97126820317e-09, 3.95561983169e-09, 3.62917962349e-09, 2.38770170302e-10, 2.070932488e-11, 2.27578424855e-11, 1.46941937784e-11, 5.50131338053e-12, 3.39821465238e-12, 8.84994768441e-13, 2.54623416535e-13, 6.51824988841e-14, 2.29767224534e-14, 1.97888987098e-14, 2.11409818281e-14, 2.1415112183e-14]
    },
    "mfcc": {
        "mean": [-693.589111328, 100.898696899, -54.091594696, 12.8197917938, -46.8446388245, -31.0544509888, -31.3803806305, -21.305688858, -18.0660896301, -14.0506258011, -5.88593864441, -9.19054031372, -7.53552913666],
        "cov": [[5419.09814453, -344.540161133, -408.221374512, 216.305587769, -75.19896698, -294.419281006, 14.7609205246, -13.6276092529, -147.993850708, -125.858551025, -13.3348989487, 23.8299694061, 65.2554397583], [-344.540161133, 927.145629883, 146.444763184, 51.9391860962, -185.582824707, 213.365539551, -111.946632385, -15.268872261, 64.3624420166, -6.91070270538, -74.5186386108, -49.3146133423, -41.2918815613], [-408.221374512, 146.444763184, 304.114318848, 39.8343925476, -3.6467525959, 12.7527227402, -46.8060531616, -20.3132247925, 44.3691253662, -4.74075269699, 10.2636232376, 0.118384957314, 11.7067890167], [216.305587769, 51.9391860962, 39.8343925476, 215.806915283, 12.821928978, -1.90616118908, -61.8348846436, 14.0957317352, -10.8724088669, -42.4993247986, -6.23662137985, 10.6520109177, 17.9568309784], [-75.19896698, -185.582824707, -3.6467525959, 12.821928978, 178.520187378, -8.46406078339, 23.2845249176, -7.04620742798, -22.3108692169, 14.3736543655, 26.2283725739, 12.3394460678, 18.8778419495], [-294.419281006, 213.365539551, 12.7527227402, -1.90616118908, -8.46406078339, 186.635681152, -0.31685552001, 12.3439731598, 4.0042963028, 25.4624767303, -31.4327144623, -15.8823261261, -18.1855716705], [14.7609205246, -111.946632385, -46.8060531616, -61.8348846436, 23.2845249176, -0.31685552001, 227.873397827, -5.64852428436, -11.1499528885, 20.2883090973, 2.91549301147, -32.6090240479, -26.0867385864], [-13.6276092529, -15.268872261, -20.3132247925, 14.0957317352, -7.04620742798, 12.3439731598, -5.64852428436, 133.352294922, 5.77672195435, -16.1475143433, 10.9504919052, 41.184299469, 10.8704509735], [-147.993850708, 64.3624420166, 44.3691253662, -10.8724088669, -22.3108692169, 4.0042963028, -11.1499528885, 5.77672195435, 147.030502319, 10.7492694855, -20.2701911926, -29.4014797211, -4.02271318436], [-125.858551025, -6.91070270538, -4.74075269699, -42.4993247986, 14.3736543655, 25.4624767303, 20.2883090973, -16.1475143433, 10.7492694855, 133.074707031, 9.72983264923, 0.407385915518, -25.507648468], [-13.3348989487, -74.5186386108, 10.2636232376, -6.23662137985, 26.2283725739, -31.4327144623, 2.91549301147, 10.9504919052, -20.2701911926, 9.72983264923, 103.764450073, 46.1343345642, 21.795539856], [23.8299694061, -49.3146133423, 0.118384957314, 10.6520109177, 12.3394460678, -15.8823261261, -32.6090240479, 41.184299469, -29.4014797211, 0.407385915518, 46.1343345642, 118.490470886, 42.2324867249], [65.2554397583, -41.2918815613, 11.7067890167, 17.9568309784, 18.8778419495, -18.1855716705, -26.0867385864, 10.8704509735, -4.02271318436, -25.507648468, 21.795539856, 42.2324867249, 103.946159363]],
