{
"lowlevel": {
    "average_loudness": 0.948134601116,
    "barkbands_crest": {
        "dmean": 2.55005550385,
        "dmean2": 4.22119235992,
        "dvar": 5.13501977921,
        "dvar2": 13.8555402756,
        "max": 20.8108901978,
        "mean": 10.5993976593,
        "median": 10.0863723755,
        "min": 3.84815454483,
        "var": 11.7194232941
    },
    "barkbands_flatness_db": {
        "dmean": 0.0236020404845,
        "dmean2": 0.0340754538774,
        "dvar": 0.000485254568048,
        "dvar2": 0.000873930577654,
        "max": 0.318593233824,
        "mean": 0.171531185508,
        "median": 0.172220617533,
        "min": 0.0423220358789,
        "var": 0.00232546543702
    },
    "barkbands_kurtosis": {
        "dmean": 3.5299847126,
        "dmean2": 5.53019523621,
        "dvar": 21.4115924835,
        "dvar2": 44.2128639221,
        "max": 53.1861305237,
        "mean": 8.0546875,
        "median": 6.41654872894,
        "min": -1.82124912739,
        "var": 53.9118766785
    },
    "barkbands_skewness": {
        "dmean": 0.516346216202,
        "dmean2": 0.777173399925,
        "dvar": 0.259223639965,
        "dvar2": 0.539513289928,
        "max": 5.86951637268,
        "mean": 2.01988148689,
        "median": 1.9614713192,
        "min": -0.337492883205,
        "var": 0.943344712257
    },
    "barkbands_spread": {
        "dmean": 4.31986522675,
        "dmean2": 6.02502202988,
        "dvar": 44.0862236023,
        "dvar2": 65.1088638306,
        "max": 103.230224609,
        "mean": 13.9075946808,
        "median": 9.73179149628,
        "min": 1.81505095959,
        "var": 185.832794189
    },
    "dissonance": {
        "dmean": 0.0275267604738,
        "dmean2": 0.0452068708837,
        "dvar": 0.000558713509236,
        "dvar2": 0.00146393850446,
        "max": 0.498621195555,
        "mean": 0.426122903824,
        "median": 0.430437356234,
        "min": 0.265610307455,
        "var": 0.00167900009546
    },
    "dynamic_complexity": 2.98882889748,
    "erbbands_crest": {
        "dmean": 2.41015267372,
        "dmean2": 3.83620905876,
        "dvar": 4.87244796753,
        "dvar2": 11.0772638321,
        "max": 25.7857551575,
        "mean": 10.5667161942,
        "median": 9.78554153442,
        "min": 2.98615646362,
        "var": 17.9701251984
    },
    "erbbands_flatness_db": {
        "dmean": 0.0189945455641,
        "dmean2": 0.0248626805842,
        "dvar": 0.00030905008316,
        "dvar2": 0.000532268255483,
        "max": 0.312635481358,
        "mean": 0.158197194338,
        "median": 0.156906932592,
        "min": 0.0525212362409,
        "var": 0.00165981799364
    },
    "erbbands_kurtosis": {
        "dmean": 1.61217391491,
        "dmean2": 2.48134469986,
        "dvar": 4.36239051819,
        "dvar2": 10.2721185684,
        "max": 29.7601280212,
        "mean": 2.4708507061,
        "median": 1.91149806976,
        "min": -1.76418530941,
        "var": 11.1784954071
    },
    "erbbands_skewness": {
        "dmean": 0.378352850676,
        "dmean2": 0.582730591297,
        "dvar": 0.12227357924,
        "dvar2": 0.26582852006,
        "max": 4.18087768555,
        "mean": 1.19398057461,
        "median": 1.20924258232,
        "min": -1.54243814945,
        "var": 0.520024299622
    },
    "erbbands_spread": {
        "dmean": 8.66223430634,
        "dmean2": 11.4295063019,
        "dvar": 93.8557815552,
        "dvar2": 145.535110474,
        "max": 133.331665039,
        "mean": 33.7928695679,
        "median": 27.1820011139,
        "min": 4.8002114296,
        "var": 451.813171387
    },
    "hfc": {
        "dmean": 4.67362308502,
        "dmean2": 6.04365539551,
        "dvar": 46.5934524536,
        "dvar2": 69.9756240845,
        "max": 148.306427002,
        "mean": 15.8929166794,
        "median": 12.5073280334,
        "min": 2.22584262133e-07,
        "var": 226.702728271
    },
    "melbands_crest": {
        "dmean": 3.04345870018,
        "dmean2": 5.12636613846,
        "dvar": 7.98786783218,
        "dvar2": 22.2429218292,
        "max": 28.8448238373,
        "mean": 12.9845151901,
        "median": 12.2506952286,
        "min": 5.81936836243,
        "var": 16.0720558167
    },
    "melbands_flatness_db": {
        "dmean": 0.0283738281578,
        "dmean2": 0.0398429594934,
        "dvar": 0.000725809368305,
        "dvar2": 0.00122972810641,
        "max": 0.453079998493,
        "mean": 0.258772552013,
        "median": 0.261446714401,
        "min": 0.0814749002457,
        "var": 0.00384646235034
    },
    "melbands_kurtosis": {
        "dmean": 6.64575576782,
        "dmean2": 9.98990345001,
        "dvar": 92.3048934937,
        "dvar2": 182.248443604,
        "max": 123.104217529,
        "mean": 14.6456413269,
        "median": 10.61835289,
        "min": -0.87055015564,
        "var": 212.827987671
    },
    "melbands_skewness": {
        "dmean": 0.661479175091,
        "dmean2": 0.965924799442,
        "dvar": 0.433666318655,
        "dvar2": 0.880804896355,
        "max": 8.9540014267,
        "mean": 2.50337386131,
        "median": 2.32278561592,
        "min": -0.335867851973,
        "var": 1.75035953522
    },
    "melbands_spread": {
        "dmean": 3.38266015053,
        "dmean2": 5.03760242462,
        "dvar": 33.7016563416,
        "dvar2": 63.6196632385,
        "max": 114.357185364,
        "mean": 11.9039936066,
        "median": 9.59261131287,
        "min": 1.51720821857,
        "var": 94.0819702148
    },
    "pitch_salience": {
        "dmean": 0.0679894015193,
        "dmean2": 0.11308927089,
        "dvar": 0.00354856718332,
        "dvar2": 0.00976245105267,
        "max": 0.8245896101,
        "mean": 0.564544439316,
        "median": 0.565374970436,
        "min": 0.262165009975,
        "var": 0.00913899485022
    },
    "silence_rate_20dB": {
        "dmean": 0,
        "dmean2": 0,
        "dvar": 0,
        "dvar2": 0,
        "max": 1,
        "mean": 1,
        "median": 1,
        "min": 1,
        "var": 0
    },
    "silence_rate_30dB": {
        "dmean": 0.00154798757285,
        "dmean2": 0.00309837330133,
        "dvar": 0.00154558673967,
        "dvar2": 0.00463793613017,
        "max": 1,
        "mean": 0.999226629734,
        "median": 1,
        "min": 0,
        "var": 0.000772796280216
    },
    "silence_rate_60dB": {
        "dmean": 0.00154798757285,
        "dmean2": 0.00309837330133,
        "dvar": 0.0015455794055,
        "dvar2": 0.00308882724494,
        "max": 1,
        "mean": 0.0262954365462,
        "median": 0,
        "min": 0,
        "var": 0.0256039593369
    },
    "spectral_centroid": {
        "dmean": 166.182434082,
        "dmean2": 239.015686035,
        "dvar": 139517.75,
        "dvar2": 183132.296875,
        "max": 10837.0185547,
        "mean": 718.072387695,
        "median": 571.986450195,
        "min": 222.549560547,
        "var": 289353.71875
    },
    "spectral_complexity": {
        "dmean": 2.51702785492,
        "dmean2": 3.57242441177,
        "dvar": 13.4463167191,
        "dvar2": 18.6754417419,
        "max": 53,
        "mean": 13.8894042969,
        "median": 13,
        "min": 0,
        "var": 53.4674263
    },
    "spectral_decrease": {
        "dmean": 2.74322986549e-09,
        "dmean2": 4.35536495758e-09,
        "dvar": 1.46873329297e-17,
        "dvar2": 3.59158513248e-17,
        "max": -1.63998614955e-17,
        "mean": -8.46060643767e-09,
        "median": -7.32439797702e-09,
        "min": -3.52524516245e-08,
        "var": 3.08592333745e-17
    },
    "spectral_energy": {
        "dmean": 0.0106401275843,
        "dmean2": 0.0167918279767,
        "dvar": 0.000217304332182,
        "dvar2": 0.000529221666511,
        "max": 0.137932613492,
        "mean": 0.0333738103509,
        "median": 0.0290436372161,
        "min": 8.20858797601e-11,
        "var": 0.000468789570732
    },
    "spectral_energyband_high": {
        "dmean": 0.000341967766872,
        "dmean2": 0.000389946188079,
        "dvar": 5.54717246359e-07,
        "dvar2": 7.89584191807e-07,
        "max": 0.0190222635865,
        "mean": 0.000630545662716,
        "median": 0.000145822399645,
        "min": 1.40913756358e-11,
        "var": 2.43522117671e-06
    },
    "spectral_energyband_low": {
        "dmean": 0.00596102653071,
        "dmean2": 0.0100668258965,
        "dvar": 8.82111489773e-05,
        "dvar2": 0.00021977823053,
        "max": 0.0951365083456,
        "mean": 0.0117149520665,
        "median": 0.00871305726469,
        "min": 1.16607773784e-11,
        "var": 0.000127599501866
    },
    "spectral_energyband_middle_high": {
        "dmean": 0.00059450417757,
        "dmean2": 0.000852891476825,
        "dvar": 9.09914206204e-07,
        "dvar2": 1.82402516202e-06,
        "max": 0.0136876422912,
        "mean": 0.00189135130495,
        "median": 0.00118950637989,
        "min": 8.72654032369e-12,
        "var": 3.62025866707e-06
    },
    "spectral_energyband_middle_low": {
        "dmean": 0.007133055944,
        "dmean2": 0.0113664502278,
        "dvar": 0.000140534553793,
        "dvar2": 0.000363261351595,
        "max": 0.123587280512,
        "mean": 0.019920501858,
        "median": 0.0157392378896,
        "min": 4.54387395765e-11,
        "var": 0.000270367396297
    },
    "spectral_entropy": {
        "dmean": 0.234037682414,
        "dmean2": 0.30856603384,
        "dvar": 0.054990183562,
        "dvar2": 0.088366098702,
        "max": 9.80456638336,
        "mean": 7.18508672714,
        "median": 7.11995267868,
        "min": 5.670109272,
        "var": 0.288939356804
    },
    "spectral_flux": {
        "dmean": 0.0250537600368,
        "dmean2": 0.0403414405882,
        "dvar": 0.000945468142163,
        "dvar2": 0.00221932516433,
        "max": 0.313454151154,
        "mean": 0.0811361223459,
        "median": 0.0732115656137,
        "min": 1.91503640963e-05,
        "var": 0.00213084137067
    },
    "spectral_kurtosis": {
        "dmean": 2.60968852043,
        "dmean2": 3.66034340858,
        "dvar": 13.7574138641,
        "dvar2": 28.2217750549,
        "max": 76.9418106079,
        "mean": 7.00580120087,
        "median": 5.73772239685,
        "min": -1.23669981956,
        "var": 40.7500267029
    },
    "spectral_rms": {
        "dmean": 0.00083703151904,
        "dmean2": 0.00130073737819,
        "dvar": 9.5223651897e-07,
        "dvar2": 2.21621689889e-06,
        "max": 0.011600362137,
        "mean": 0.00538806570694,
        "median": 0.00532308733091,
        "min": 2.82990782807e-07,
        "var": 3.52857523467e-06
    },
    "spectral_rolloff": {
        "dmean": 257.547698975,
        "dmean2": 412.799530029,
        "dvar": 559656.375,
        "dvar2": 994955.875,
        "max": 9905.2734375,
        "mean": 771.765258789,
        "median": 495.263671875,
        "min": 129.19921875,
        "var": 1453754.75
    },
    "spectral_skewness": {
        "dmean": 0.348552286625,
        "dmean2": 0.440266489983,
        "dvar": 0.129477530718,
        "dvar2": 0.219918772578,
        "max": 6.49178886414,
        "mean": 2.13163328171,
        "median": 2.09272313118,
        "min": 0.0103323571384,
        "var": 0.742476165295
    },
    "spectral_spread": {
        "dmean": 778210.625,
        "dmean2": 977286.25,
        "dvar": 1.6506430423e+12,
        "dvar2": 1.95627463475e+12,
        "max": 41856544,
        "mean": 5149411,
        "median": 4752653.5,
        "min": 964899.6875,
        "var": 4.7341198377e+12
    },
    "spectral_strongpeak": {
        "dmean": 0.429818600416,
        "dmean2": 0.705205798149,
        "dvar": 0.271069467068,
        "dvar2": 0.66949224472,
        "max": 5.07122087479,
        "mean": 0.874834120274,
        "median": 0.588056445122,
        "min": 1.52258871822e-05,
        "var": 0.683613419533
    },
    "zerocrossingrate": {
        "dmean": 0.00984990224242,
        "dmean2": 0.0104687344283,
        "dvar": 0.000206361452001,
        "dvar2": 0.000188935475308,
        "max": 0.384765625,
        "mean": 0.041650429368,
        "median": 0.03173828125,
        "min": 0.0048828125,
        "var": 0.00111217098311
    },
    "barkbands": {
        "dmean": [0.000144533711136, 0.00264928815886, 0.00392296072096, 0.00128866336308, 0.00473709683865, 0.00126088701654, 0.00193910778034, 0.00105959759094, 0.000755706802011, 0.000133988432935, 0.000115043054393, 0.000161696923897, 0.000187503697816, 0.000126609025756, 6.87466308591e-05, 4.92474791827e-05, 5.7296914747e-05, 5.4111762438e-05, 4.41775664513e-05, 5.18787855981e-05, 7.69408288761e-05, 6.94393966114e-05, 7.61581686675e-05, 6.60873920424e-05, 5.34516111657e-05, 1.86744073289e-05, 8.48603804116e-07],
        "dmean2": [0.000227444630582, 0.00448978738859, 0.00658263918012, 0.00224863202311, 0.00784234795719, 0.00203446275555, 0.00293458881788, 0.00166139169596, 0.0011141509749, 0.000221731359488, 0.000187594967429, 0.000251116114669, 0.000298246770399, 0.000192684819922, 0.000105684666778, 7.7898876043e-05, 8.86507259565e-05, 7.62886120356e-05, 6.62181628286e-05, 7.38922899473e-05, 0.000101056204585, 8.9704990387e-05, 9.86265731626e-05, 7.80652626418e-05, 6.81309975334e-05, 2.63164201897e-05, 1.31721242269e-06],
        "dvar": [6.70726976182e-08, 9.99835083348e-06, 6.22220613877e-05, 4.8313941079e-06, 8.75882979017e-05, 3.48571074937e-06, 1.43187526191e-05, 5.4137940424e-06, 1.66772156263e-06, 6.68478108423e-08, 4.34456488563e-08, 8.93681288971e-08, 1.72851045477e-07, 8.5214381329e-08, 2.4579714264e-08, 1.14963834008e-08, 9.42313693741e-09, 1.82016322015e-08, 1.70306027059e-08, 1.89822380037e-08, 4.23821298057e-08, 3.37834471509e-08, 5.91254512017e-08, 4.06630746852e-08, 3.40614967342e-08, 2.07940575869e-09, 9.11388499392e-12],
        "dvar2": [1.68230087638e-07, 3.03486758639e-05, 0.000151410116814, 1.37898296089e-05, 0.000235553670791, 8.50217656989e-06, 3.09985989588e-05, 1.34743841045e-05, 3.43414512827e-06, 1.76291422349e-07, 9.68569295878e-08, 2.0999137007e-07, 4.6177507329e-07, 1.91115290704e-07, 5.65322615387e-08, 2.90855499685e-08, 2.16053610558e-08, 3.46623956204e-08, 4.01837461084e-08, 3.87625647136e-08, 8.63464322265e-08, 6.33644319237e-08, 1.18621173328e-07, 5.59151978052e-08, 6.05880075e-08, 3.96631438804e-09, 2.39370953614e-11],
        "max": [0.00407030247152, 0.0326103493571, 0.0807787328959, 0.0289897657931, 0.106297940016, 0.036568146199, 0.060027744621, 0.0450528487563, 0.0155961215496, 0.00435459194705, 0.00334972259589, 0.00645978096873, 0.00482816947624, 0.00439101131633, 0.0031120236963, 0.00180329359137, 0.00149399740621, 0.00200256006792, 0.00186014582869, 0.00166220869869, 0.00495204981416, 0.00459366198629, 0.0080616697669, 0.00472657801583, 0.0058143469505, 0.00121207349002, 7.72584317019e-05],
        "mean": [0.000266382528935, 0.00611766055226, 0.00457648467273, 0.00146326015238, 0.00769762322307, 0.00294648180716, 0.00418210914358, 0.00192876928486, 0.00164537713863, 0.000264365749899, 0.000221566049731, 0.000323374872096, 0.000342871702742, 0.000227212716709, 0.0001335721754, 9.3386755907e-05, 0.000113633766887, 9.05677225091e-05, 6.83984471834e-05, 7.92113787611e-05, 0.000115566355817, 0.000105172985059, 0.000114083959488, 0.000113775815407, 0.000105787650682, 3.60045523848e-05, 1.13158534987e-06],
        "median": [8.13520236989e-05, 0.00557493278757, 0.00188736058772, 0.000670328503475, 0.004285546951, 0.00169016467407, 0.00170890882146, 0.000561802240554, 0.000845077913254, 0.000111144938273, 0.000137900904519, 0.000182467076229, 9.96942108031e-05, 6.73464746797e-05, 3.81035024475e-05, 3.66375970771e-05, 4.64541881229e-05, 3.59347213816e-05, 2.33023783949e-05, 2.13442544919e-05, 2.10009748116e-05, 1.62872420333e-05, 1.70483635884e-05, 1.85751341633e-05, 3.06283327518e-05, 1.20617378343e-05, 1.85190017987e-07],
        "min": [4.30806258722e-12, 6.80349006299e-12, 1.50756338836e-12, 2.12947324704e-12, 1.7465353816e-11, 6.38070108902e-12, 1.41345823934e-11, 2.16499344494e-12, 2.80356684049e-12, 1.87684785248e-12, 5.90767777579e-13, 1.45730443771e-12, 5.90929052652e-13, 2.24676465041e-13, 1.04105732281e-12, 5.68708329127e-13, 8.1417251413e-13, 2.72440815567e-13, 8.80813163292e-13, 7.25921222005e-13, 1.25770823877e-12, 9.33756435888e-13, 1.38994360726e-12, 1.32356354609e-12, 3.06223514428e-12, 2.98254563408e-12, 3.15446366944e-12],
        "var": [1.55497815513e-07, 1.54086392286e-05, 7.28687373339e-05, 5.35889967068e-06, 9.88540050457e-05, 1.52066231749e-05, 3.91206594941e-05, 1.30457965497e-05, 4.83821622765e-06, 1.67448035882e-07, 8.56106794345e-08, 2.18080018044e-07, 4.38479219156e-07, 1.85809540199e-07, 7.10926926217e-08, 2.37728823294e-08, 2.33666739291e-08, 3.19954978067e-08, 2.53048781929e-08, 3.44658523943e-08, 8.38723863694e-08, 7.03932840906e-08, 1.41918903296e-07, 1.67891471392e-07, 1.34602416324e-07, 7.67884511532e-09, 1.63864460195e-11]
    },
    "erbbands": {
        "dmean": [0.0821351036429, 0.637217819691, 3.79293727875, 4.31603908539, 9.99653530121, 19.7261886597, 9.04713916779, 13.4282274246, 17.2070064545, 34.3088340759, 19.373714447, 17.6575698853, 7.07471752167, 4.62522125244, 4.0929608345, 6.08860015869, 7.65411090851, 6.61633777618, 4.11963653564, 2.9371407032, 2.71883630753, 3.34202027321, 2.99607205391, 1.97259175777, 2.62849283218, 2.29652619362, 3.32406377792, 2.66220998764, 2.58658051491, 2.36524915695, 2.10527443886, 1.43759155273, 1.07397341728, 0.691923141479, 0.353827357292, 0.124324515462, 0.0259909201413, 0.00342855206691, 8.29210839584e-05, 1.37334582178e-05],
        "dmean2": [0.14038130641, 1.08577311039, 6.4386548996, 7.46841096878, 17.1356697083, 32.2024002075, 14.595158577, 21.8877677917, 26.4766464233, 52.4950866699, 29.4595069885, 26.4052028656, 10.8186883926, 7.53449296951, 6.54507780075, 9.4380941391, 12.0275068283, 10.2897043228, 6.18164396286, 4.36110019684, 4.30455064774, 5.15094709396, 4.26564407349, 2.75895810127, 3.97240924835, 3.18523645401, 4.67138576508, 3.57065057755, 3.33229827881, 3.22010326385, 2.79081344604, 1.79270911217, 1.28751122952, 0.942610502243, 0.470971226692, 0.178059920669, 0.0357863008976, 0.00481996266171, 0.000112838286441, 2.05923297472e-05],
        "dvar": [0.0148372594267, 0.586489200592, 52.7567176819, 74.0484237671, 565.666809082, 1166.1427002, 159.205535889, 485.786315918, 1250.42431641, 4306.01171875, 1869.72546387, 942.705200195, 152.423187256, 62.9473152161, 48.725605011, 162.017623901, 305.331787109, 261.771057129, 72.1474609375, 37.0610046387, 40.6504936218, 31.6861572266, 47.9787445068, 33.9368515015, 60.1759796143, 33.1891326904, 107.672119141, 39.2543334961, 54.4963340759, 67.0726547241, 36.9062995911, 19.3176136017, 13.6014614105, 9.39445972443, 1.02304089069, 0.081883713603, 0.00528587214649, 9.66403822531e-05, 5.84154769001e-08, 3.13636255855e-10],
        "dvar2": [0.0460559763014, 1.63818156719, 127.986297607, 205.242904663, 1513.29943848, 3074.59228516, 401.074707031, 1220.77734375, 2944.04833984, 10164.4326172, 4281.4453125, 2025.49206543, 329.552825928, 147.298248291, 114.117897034, 392.477111816, 810.226806641, 573.916992188, 157.079544067, 85.5837249756, 108.581672668, 71.79296875, 96.302947998, 65.7160491943, 149.881515503, 65.7576522827, 253.842926025, 68.9111328125, 102.755783081, 147.257629395, 72.4213485718, 31.8634319305, 19.4642486572, 19.0614719391, 1.64409160614, 0.157217264175, 0.0111659634858, 0.000182123243576, 1.20269447734e-07, 7.04908520444e-10],
        "max": [1.15777003765, 9.3420791626, 71.4228439331, 78.8153915405, 312.846221924, 325.367645264, 133.282287598, 427.590820312, 640.261779785, 1041.82641602, 986.32244873, 403.333709717, 254.9715271, 158.888214111, 96.0268783569, 299.165466309, 223.47479248, 305.067382812, 161.811965942, 118.301307678, 102.520721436, 75.9610595703, 101.688781738, 98.5372238159, 93.2707748413, 71.8833084106, 255.102432251, 78.1775817871, 202.770904541, 241.950210571, 175.161560059, 100.564178467, 103.053718567, 99.3282165527, 24.2494869232, 6.75289106369, 2.32504820824, 0.279922157526, 0.00696355802938, 0.00022972705483],
        "mean": [0.174968585372, 1.40348911285, 4.70601797104, 5.64927768707, 12.684835434, 33.3130340576, 18.6046409607, 31.0886268616, 38.4804115295, 73.7041778564, 41.2687988281, 39.7687492371, 16.4033126831, 10.0275306702, 8.41329860687, 12.6465415955, 14.9937906265, 13.4807720184, 8.57364654541, 5.96378040314, 5.46785402298, 6.88989162445, 5.47260570526, 3.25310087204, 3.92447495461, 3.60876059532, 4.7773680687, 4.03623485565, 3.81049823761, 3.55301189423, 3.21479153633, 2.3245985508, 1.94839286804, 1.31538450718, 0.671078026295, 0.237365841866, 0.0482488535345, 0.00627015763894, 0.000166284691659, 4.47655074822e-05],
        "median": [0.145436927676, 1.2513821125, 2.28829240799, 2.87374520302, 6.75965118408, 14.8044099808, 11.3302354813, 15.8871030807, 20.4607963562, 23.5064373016, 14.4373149872, 22.9407043457, 9.56409358978, 7.1214389801, 4.85140705109, 7.06807613373, 4.75623893738, 4.50399255753, 3.01284146309, 2.65501713753, 1.83692896366, 2.9159386158, 2.54107236862, 1.10827791691, 1.35922372341, 0.986557602882, 0.857105135918, 0.761839389801, 0.572680652142, 0.598028063774, 0.456017255783, 0.296940892935, 0.366612493992, 0.304287225008, 0.206000447273, 0.0833417475224, 0.0149595187977, 0.00163867138326, 6.02622130828e-05, 3.95250099245e-05],
        "min": [2.45631043283e-10, 1.33759425758e-09, 1.91964910634e-09, 5.64449864626e-09, 2.56025618484e-08, 6.00536438355e-08, 3.27237543729e-08, 6.92840060879e-08, 1.38916647074e-07, 1.01506572037e-07, 5.98721356937e-08, 7.54992228735e-08, 4.62601228435e-08, 4.55220821038e-08, 2.76304952251e-08, 7.03090350385e-08, 2.79285874427e-08, 1.48174104098e-08, 3.14250883093e-08, 5.68145743784e-08, 2.99713853735e-08, 4.8473282277e-08, 2.16978595091e-08, 3.21094582034e-08, 5.39856834791e-08, 2.49299212385e-08, 2.09867891954e-08, 6.4917678344e-08, 4.65924898663e-08, 2.46211548927e-08, 3.84355729466e-08, 3.01126057423e-08, 2.5726015096e-08, 3.25306537263e-08, 2.17926761081e-08, 1.38016913453e-08, 5.35906785615e-09, 1.81838255564e-09, 3.92166299434e-10, 4.88749457572e-11],
        "var": [0.0235581677407, 0.920537531376, 61.1064338684, 77.3238525391, 469.990905762, 1984.09936523, 410.641204834, 2077.60644531, 2787.56860352, 14216.0869141, 5277.42773438, 2679.83203125, 443.850402832, 123.849128723, 110.904205322, 379.448242188, 824.898803711, 596.236938477, 234.816513062, 94.3972320557, 82.4302520752, 81.19480896, 86.2023391724, 61.6073760986, 79.9649047852, 65.0986938477, 175.245437622, 86.0017242432, 99.7398757935, 120.888015747, 104.275222778, 58.5211715698, 59.0786094666, 28.38920784, 3.87244725227, 0.30214998126, 0.0167403165251, 0.000377796706744, 2.09962166764e-07, 9.92112281217e-10]
    },
    "gfcc": {
        "mean": [-13.1072635651, 115.811965942, -80.7511367798, 23.9516544342, -65.8407669067, 15.9671850204, -40.9070549011, 14.4750509262, -21.57721138, 7.7472910881, -14.9408092499, 2.11451745033, -10.3931751251],
        "cov": [[7736.578125, -1020.43334961, -140.926300049, 172.848449707, -279.303344727, 186.666488647, -354.373046875, 141.932754517, -210.036621094, 190.822280884, -219.542648315, -44.1966018677, -281.673797607], [-1020.43334961, 1157.10083008, -73.2586898804, -294.948272705, 294.546569824, -149.274902344, 66.6742248535, -73.2885437012, 96.4914932251, -86.3636703491, 98.8916015625, -62.9504814148, 96.8788604736], [-140.926300049, -73.2586898804, 395.896789551, -65.3749008179, 26.0509929657, 55.9052581787, -47.7649841309, 23.92212677, -56.8962478638, 19.4458084106, -21.7553882599, 18.7163314819, -11.9251413345], [172.848449707, -294.948272705, -65.3749008179, 482.994049072, -116.517242432, 20.2065849304, 113.633827209, -48.4744491577, 6.65579175949, -94.3135147095, -7.31166553497, 38.4469261169, 71.8129806519], [-279.303344727, 294.546569824, 26.0509929657, -116.517242432, 215.49520874, -43.5704803467, -51.5198020935, 13.0982484818, 19.326757431, -9.83565139771, -17.3075866699, -24.5027446747, 26.0985126495], [186.666488647, -149.274902344, 55.9052581787, 20.2065849304, -43.5704803467, 138.083724976, 41.184967041, 12.1953439713, -28.2044525146, 11.3187837601, -8.96537399292, -9.02811717987, -18.0019454956], [-354.373046875, 66.6742248535, -47.7649841309, 113.633827209, -51.5198020935, 41.184967041, 233.641403198, 2.64265918732, 17.0612354279, -68.384727478, 38.0886573792, 16.4931621552, 17.3586215973], [141.932754517, -73.2885437012, 23.92212677, -48.4744491577, 13.0982484818, 12.1953439713, 2.64265918732, 125.462158203, 6.43893766403, 2.18196558952, -24.0170860291, 9.30882549286, -25.7535076141], [-210.036621094, 96.4914932251, -56.8962478638, 6.65579175949, 19.326757431, -28.2044525146, 17.0612354279, 6.43893766403, 89.2947769165, 4.69265794754, 4.83276128769, -19.8209209442, 11.9128961563], [190.822280884, -86.3636703491, 19.4458084106, -94.3135147095, -9.83565139771, 11.3187837601, -68.384727478, 2.18196558952, 4.69265794754, 110.679115295, 5.4649682045, -9.39999008179, -35.3782958984], [-219.542648315, 98.8916015625, -21.7553882599, -7.31166553497, -17.3075866699, -8.96537399292, 38.0886573792, -24.0170860291, 4.83276128769, 5.4649682045, 85.4818496704, 26.3531494141, 20.2480068207], [-44.1966018677, -62.9504814148, 18.7163314819, 38.4469261169, -24.5027446747, -9.02811717987, 16.4931621552, 9.30882549286, -19.8209209442, -9.39999008179, 26.3531494141, 77.3494796753, 27.9222946167], [-281.673797607, 96.8788604736, -11.9251413345, 71.8129806519, 26.0985126495, -18.0019454956, 17.3586215973, -25.7535076141, 11.9128961563, -35.3782958984, 20.2480068207, 27.9222946167, 98.370262146]],
        "icov": [[0.000234788865782, -0.000386036117561, 0.000262093759375, -0.000559611071367, 0.000416501192376, -0.000458504247945, 0.00060639140429, -0.000503508315887, 0.00069500162499, -0.000619245343842, 0.000623453815933, -0.000323680869769, 0.000716223439667], [-0.000386036117561, 0.00556662259623, -0.000604640576057, 0.00466438289732, -0.00467293569818, 0.00353838410228, -0.0034425125923, 0.00354460673407, -0.00347193237394, 0.00555462576449, -0.00581055646762, 0.00471992790699, -0.00436885328963], [0.000262093759375, -0.000604640576057, 0.00346188573167, -0.000474888336612, 9.38649736781e-06, -0.00201749056578, 0.00124890240841, -0.000826926843729, 0.00216312124394, -0.000972293782979, 0.00147915980779, -0.00172805530019, 0.000878144812305], [-0.000559611071367, 0.00466438289732, -0.000474888336612, 0.0080325640738, -0.00184153090231, 0.00270800828002, -0.00399463344365, 0.0046512321569, -0.00438403617591, 0.00705989869311, -0.00277490611188, 0.00257807667367, -0.00630151480436], [0.000416501192376, -0.00467293569818, 9.38649736781e-06, -0.00184153090231, 0.0113907726482, -0.00153120129835, 0.00376127031632, -0.00380051438697, 0.0022713157814, -0.00289737712592, 0.00623020343482, -0.00145731423981, -6.60554633214e-06], [-0.000458504247945, 0.00353838410228, -0.00201749056578, 0.00270800828002, -0.00153120129835, 0.0132171558216, -0.00579984346405, 0.00101232179441, 0.00137143989559, 0.000413156027207, -0.00280429190025, 0.00683681666851, -0.00428652809933], [0.00060639140429, -0.0034425125923, 0.00124890240841, -0.00399463344365, 0.00376127031632, -0.00579984346405, 0.0105822207406, -0.00331841385923, 0.000286619761027, 0.00144289201126, -0.00014649858349, -0.0035968371667, 0.00493417819962], [-0.000503508315887, 0.00354460673407, -0.000826926843729, 0.0046512321569, -0.00380051438697, 0.00101232179441, -0.00331841385923, 0.0133649921045, -0.00589972734451, 0.0050386688672, 0.000122076395201, -0.00246036751196, 4.95790336572e-05], [0.00069500162499, -0.00347193237394, 0.00216312124394, -0.00438403617591, 0.0022713157814, 0.00137143989559, 0.000286619761027, -0.00589972734451, 0.0197525210679, -0.00840014684945, 0.00308746029623, 0.00381945213303, -0.000207501128898], [-0.000619245343842, 0.00555462576449, -0.000972293782979, 0.00705989869311, -0.00289737712592, 0.000413156027207, 0.00144289201126, 0.0050386688672, -0.00840014684945, 0.0219656471163, -0.00912032090127, 0.00296988664195, -0.000655147014186], [0.000623453815933, -0.00581055646762, 0.00147915980779, -0.00277490611188, 0.00623020343482, -0.00280429190025, -0.00014649858349, 0.000122076395201, 0.00308746029623, -0.00912032090127, 0.0245790742338, -0.0111188497394, 0.00204730429687], [-0.000323680869769, 0.00471992790699, -0.00172805530019, 0.00257807667367, -0.00145731423981, 0.00683681666851, -0.0035968371667, -0.00246036751196, 0.00381945213303, 0.00296988664195, -0.0111188497394, 0.0260532274842, -0.010539365001], [0.000716223439667, -0.00436885328963, 0.000878144812305, -0.00630151480436, -6.60554633214e-06, -0.00428652809933, 0.00493417819962, 4.95790336572e-05, -0.000207501128898, -0.000655147014186, 0.00204730429687, -0.010539365001, 0.0219451449811]]
    },
    "melbands": {
        "dmean": [0.00070804922143, 0.00152021693066, 0.00081373489229, 0.0011548451148, 0.000414989946876, 0.000276598962955, 0.000305882247631, 0.000354597868863, 0.000145297599374, 0.000115327304229, 3.46621636709e-05, 1.92255884031e-05, 1.37805955092e-05, 1.8926906705e-05, 1.26884397105e-05, 2.19588109758e-05, 1.17887038869e-05, 7.73351257521e-06, 5.78445769861e-06, 3.22384403262e-06, 3.26488861901e-06, 3.4977051655e-06, 3.62880405191e-06, 2.26800921155e-06, 1.5868479295e-06, 1.98314614863e-06, 1.95469283426e-06, 1.49077754941e-06, 1.99148280444e-06, 1.97628878595e-06, 1.62724256825e-06, 1.50689390921e-06, 1.40490612921e-06, 1.35645314003e-06, 1.20817685456e-06, 1.17688830414e-06, 8.6160224555e-07, 7.80187008331e-07, 8.02890724572e-07, 5.74449586566e-07],
        "dmean2": [0.00120706821326, 0.00256972014904, 0.0013736350229, 0.00193062610924, 0.000667955202516, 0.000448179605883, 0.00046747160377, 0.00054312881548, 0.000219515844947, 0.000172095431481, 5.36317602382e-05, 3.14993449138e-05, 2.23784973059e-05, 2.97569295071e-05, 1.9918245016e-05, 3.4840664739e-05, 1.83182182809e-05, 1.17975387184e-05, 8.97065547178e-06, 4.96443226439e-06, 5.27174597664e-06, 5.47055742572e-06, 5.35550998393e-06, 3.33643174599e-06, 2.27685745813e-06, 3.07953860101e-06, 2.99470752907e-06, 2.04889124689e-06, 2.86290423901e-06, 2.66187998932e-06, 2.3424408937e-06, 2.08743745134e-06, 1.86570878213e-06, 1.90748710338e-06, 1.58522539095e-06, 1.57206295626e-06, 1.09394386527e-06, 9.45992951529e-07, 1.05562162389e-06, 8.07550293302e-07],
        "dvar": [8.43745795009e-07, 7.22498361938e-06, 2.13363114199e-06, 6.02126419835e-06, 3.1386642263e-07, 1.90826810353e-07, 3.62199187975e-07, 4.12306263797e-07, 1.02036715077e-07, 3.86790937057e-08, 3.88963794506e-09, 9.99849647521e-10, 6.20641815718e-10, 1.03169295329e-09, 1.12311293599e-09, 2.39154496207e-09, 8.07272304559e-10, 2.84361478808e-10, 1.99551347668e-10, 4.36459271502e-11, 6.05871533499e-11, 3.38247520271e-11, 5.5574180674e-11, 4.45895230461e-11, 2.21947668577e-11, 3.8965285859e-11, 3.1170253878e-11, 1.37439660347e-11, 3.39465469623e-11, 4.12877891598e-11, 1.5050545879e-11, 2.29292713289e-11, 1.29590895306e-11, 3.73544320476e-11, 1.35190600034e-11, 1.18404617708e-11, 6.73417007921e-12, 7.62087094819e-12, 1.0457274803e-11, 7.16026543612e-12],
        "dvar2": [2.61928698819e-06, 1.75933000719e-05, 5.6204548855e-06, 1.63406675711e-05, 7.93023616552e-07, 4.71890956533e-07, 7.95717483015e-07, 1.01028990684e-06, 2.29058414902e-07, 8.25259931503e-08, 8.65749871792e-09, 2.4025714751e-09, 1.43491551974e-09, 2.42786168947e-09, 2.62623722769e-09, 6.02690075624e-09, 1.79140158263e-09, 6.45898723395e-10, 4.82103634791e-10, 9.92637222419e-11, 1.63464089487e-10, 8.23929049987e-11, 1.25407684237e-10, 8.79363110107e-11, 4.52011067464e-11, 1.0010504925e-10, 7.52914397495e-11, 2.70201413327e-11, 7.83755491063e-11, 9.19739423511e-11, 3.07674372091e-11, 4.69589159224e-11, 2.41359675301e-11, 8.45143538486e-11, 2.37600893821e-11, 2.40544008323e-11, 1.10166520004e-11, 1.15374133858e-11, 2.04737077986e-11, 1.43714285264e-11],
        "max": [0.00903026666492, 0.0269789472222, 0.0129066919908, 0.0279525853693, 0.00554952723905, 0.00863750837743, 0.0102660460398, 0.00951983686537, 0.00652553420514, 0.00267813005485, 0.00121988810133, 0.000601723673753, 0.000393887807149, 0.000483342417283, 0.000627591216471, 0.000667181040626, 0.000493283208925, 0.000312545627821, 0.000344351283275, 0.000105511549918, 0.000110861779831, 7.2793358413e-05, 9.69684551819e-05, 9.62549602264e-05, 8.31400757306e-05, 8.96634155652e-05, 7.15738788131e-05, 4.85848431708e-05, 0.000113068475912, 0.000173563981662, 4.37072885688e-05, 0.000135330570629, 6.33168747299e-05, 0.000189597863937, 0.000118507057778, 7.253329386e-05, 5.57207822567e-05, 7.32932167011e-05, 8.51242730278e-05, 8.56080732774e-05],
        "mean": [0.0016388928052, 0.0023106164299, 0.00111180858221, 0.0017431351589, 0.000854105339386, 0.000651813286822, 0.000682369456626, 0.000743801647332, 0.000296077254461, 0.00025307800388, 7.48186284909e-05, 4.0097424062e-05, 2.68676121777e-05, 3.80652454623e-05, 2.44120110438e-05, 4.01458128181e-05, 2.24432078539e-05, 1.45622461787e-05, 1.04970504253e-05, 6.20102218818e-06, 6.12913163422e-06, 6.84619681124e-06, 6.56656175124e-06, 3.63125445801e-06, 2.45464525506e-06, 2.8237539027e-06, 2.86592558041e-06, 2.21494769903e-06, 2.83884128294e-06, 2.84553152596e-06, 2.22976950681e-06, 2.11853853216e-06, 2.12214968087e-06, 1.94879908122e-06, 1.87032583199e-06, 1.63621325555e-06, 1.36054438826e-06, 1.32454522372e-06, 1.42338080877e-06, 9.83155928225e-07],
        "median": [0.00146052159835, 0.00148887676187, 0.000611755764112, 0.000927122775465, 0.000483086361783, 0.000350405345671, 0.000350994203473, 0.000236265375861, 7.49279060983e-05, 0.000143680692418, 4.10739012295e-05, 2.79557443719e-05, 1.57667400345e-05, 2.2136433472e-05, 9.24309642869e-06, 1.15866487249e-05, 6.40595908408e-06, 4.51764663012e-06, 3.17122612614e-06, 2.91538412966e-06, 1.76404341801e-06, 2.67051882474e-06, 3.08046651298e-06, 1.32605623548e-06, 7.86092243743e-07, 8.97756137874e-07, 9.42621454669e-07, 5.44477586573e-07, 5.03213698266e-07, 4.81881784253e-07, 4.05221243227e-07, 2.93630250781e-07, 3.29273831312e-07, 3.2385440818e-07, 2.70331895535e-07, 1.90741587858e-07, 1.78618250857e-07, 2.30401823842e-07, 2.92980416816e-07, 2.3249423009e-07],
        "min": [2.27484762798e-12, 1.31562339148e-12, 1.17694352528e-12, 3.58920944181e-12, 1.64957826045e-12, 1.4084088713e-12, 2.50675131694e-12, 9.77187731774e-13, 4.74800429008e-13, 4.33711064025e-13, 2.25901288235e-13, 2.02013305715e-13, 7.88760807428e-14, 1.5096202012e-13, 1.20306352771e-13, 4.63876373836e-14, 2.31802509181e-14, 4.02392793294e-14, 8.65462893409e-14, 5.23755843383e-14, 3.22037183162e-14, 5.06587569745e-14, 2.93861987424e-14, 1.46154383084e-14, 2.68723455624e-14, 3.53494970383e-14, 3.63377168253e-14, 1.1409751487e-14, 7.63272400199e-15, 2.50707505293e-14, 4.3401883514e-14, 3.19399251513e-14, 8.74556605249e-15, 1.50109993066e-14, 2.20145794227e-14, 2.32905752654e-14, 1.68922628706e-14, 1.95804659243e-14, 1.61788917224e-14, 3.27907866875e-14],
        "var": [1.30861792513e-06, 8.81626328919e-06, 2.42603346123e-06, 6.05901914241e-06, 8.86529505806e-07, 8.38862774799e-07, 8.59778310769e-07, 1.2973387129e-06, 2.9994612305e-07, 1.08827101997e-07, 1.06782023224e-08, 2.0265928935e-09, 1.29774657687e-09, 2.58102650363e-09, 2.41887621044e-09, 6.08337735741e-09, 1.78438275267e-09, 8.15148781808e-10, 4.94479068802e-10, 9.41437136581e-11, 1.19410620281e-10, 8.34518565362e-11, 1.00839260553e-10, 6.74704805914e-11, 3.81219084078e-11, 4.69361112476e-11, 4.23963121554e-11, 2.66163202589e-11, 6.10990910643e-11, 6.27645851958e-11, 2.63811073681e-11, 3.43421228954e-11, 3.14137743596e-11, 5.26546063695e-11, 4.06341002512e-11, 2.6440058476e-11, 2.10424472985e-11, 2.71481292308e-11, 3.80227967167e-11, 1.72808781174e-11]
    },
    "mfcc": {
        "mean": [-666.31640625, 148.734863281, 34.3489265442, 16.6354808807, 3.5258936882, 1.25319373608, -2.27044439316, 1.5868294239, 0.585385620594, -0.112337142229, 2.80469822884, 4.24385070801, 0.548107624054],
        "cov": [[5820.43115234, -802.27545166, -57.8583030701, -16.8243980408, -17.7117328644, -1.36651492119, -160.390182495, -138.984481812, -55.3526763916, 25.8725357056, 108.275505066, -24.7879505157, -106.848709106], [-802.27545166, 1542.50488281, -255.696563721, -194.492462158, 191.921081543, -111.489334106, -3.6936352253, -68.465133667, 4.47841215134, -1.41385912895, 65.5979385376, -30.9625453949, 35.4628372192], [-57.8583030701, -255.696563721, 358.340118408, 2.13998484612, -30.09349823, 53.2089614868, 57.1771240234, 23.8761940002, -13.8104019165, -24.6422080994, -33.0483436584, 16.2086925507, -0.144791230559], [-16.8243980408, -194.492462158, 2.13998484612, 307.258117676, -32.9367790222, 46.1129112244, -11.1894550323, 83.1927947998, 19.5795822144, -29.046875, -89.6634674072, -13.6892566681, -11.9848518372], [-17.7117328644, 191.921081543, -30.09349823, -32.9367790222, 223.765655518, -46.6487541199, -52.4260177612, -65.1653289795, 20.7557239532, 4.93484258652, -14.275636673, -58.1217422485, 3.16965293884], [-1.36651492119, -111.489334106, 53.2089614868, 46.1129112244, -46.6487541199, 132.855499268, 31.6587200165, 9.22155761719, -6.62564706802, 14.5909748077, -23.7685508728, -4.37292575836, -28.6392726898], [-160.390182495, -3.6936352253, 57.1771240234, -11.1894550323, -52.4260177612, 31.6587200165, 128.728927612, 67.379447937, -8.01809215546, -15.7894945145, 5.29533052444, 8.79281711578, -4.64718723297], [-138.984481812, -68.465133667, 23.8761940002, 83.1927947998, -65.1653289795, 9.22155761719, 67.379447937, 160.528427124, 35.9421043396, -23.6079616547, -23.5304603577, 23.6833705902, -9.37395381927], [-55.3526763916, 4.47841215134, -13.8104019165, 19.5795822144, 20.7557239532, -6.62564706802, -8.01809215546, 35.9421043396, 85.0326309204, 25.132194519, -7.61647701263, -2.55410814285, -4.79245042801], [25.8725357056, -1.41385912895, -24.6422080994, -29.046875, 4.93484258652, 14.5909748077, -15.7894945145, -23.6079616547, 25.132194519, 81.3966445923, 27.1678714752, -4.40483236313, -6.15412902832], [108.275505066, 65.5979385376, -33.0483436584, -89.6634674072, -14.275636673, -23.7685508728, 5.29533052444, -23.5304603577, -7.61647701263, 27.1678714752, 102.337402344, 30.0192165375, -3.36722803116], [-24.7879505157, -30.9625453949, 16.2086925507, -13.6892566681, -58.1217422485, -4.37292575836, 8.79281711578, 23.6833705902, -2.55410814285, -4.40483236313, 30.0192165375, 75.356803894, 14.3604574203], [-106.848709106, 35.4628372192, -0.144791230559, -11.9848518372, 3.16965293884, -28.6392726898, -4.64718723297, -9.37395381927, -4.79245042801, -6.15412902832, -3.36722803116, 14.3604574203, 66.7435150146]],
