{
"lowlevel": {
    "average_loudness": 0.791283786297,
    "barkbands_crest": {
        "dmean": 2.32172656059,
        "dmean2": 3.69542264938,
        "dvar": 4.45920372009,
        "dvar2": 11.1576747894,
        "max": 22.6260566711,
        "mean": 11.0523014069,
        "median": 10.4609584808,
        "min": 3.00955867767,
        "var": 16.4450969696
    },
    "barkbands_flatness_db": {
        "dmean": 0.0221249870956,
        "dmean2": 0.0336686335504,
        "dvar": 0.00040226787678,
        "dvar2": 0.000927312939893,
        "max": 0.326144963503,
        "mean": 0.189510270953,
        "median": 0.187360435724,
        "min": 0.0686818063259,
        "var": 0.00221868511289
    },
    "barkbands_kurtosis": {
        "dmean": 3.30449914932,
        "dmean2": 5.14434528351,
        "dvar": 18.6863536835,
        "dvar2": 44.9821395874,
        "max": 56.6827125549,
        "mean": 6.98087120056,
        "median": 5.15477752686,
        "min": -1.85164892673,
        "var": 60.6483421326
    },
    "barkbands_skewness": {
        "dmean": 0.517525196075,
        "dmean2": 0.791490256786,
        "dvar": 0.272118508816,
        "dvar2": 0.652208089828,
        "max": 6.76880264282,
        "mean": 2.18227887154,
        "median": 2.11910676956,
        "min": -1.77045536041,
        "var": 1.32110655308
    },
    "barkbands_spread": {
        "dmean": 5.27152061462,
        "dmean2": 7.6576333046,
        "dvar": 50.2308273315,
        "dvar2": 94.8866958618,
        "max": 88.6133422852,
        "mean": 18.8740711212,
        "median": 14.64980793,
        "min": 2.10894727707,
        "var": 190.198745728
    },
    "dissonance": {
        "dmean": 0.0166302192956,
        "dmean2": 0.0276205427945,
        "dvar": 0.00025602945243,
        "dvar2": 0.000676178256981,
        "max": 0.5,
        "mean": 0.458649396896,
        "median": 0.465605765581,
        "min": 0.328313350677,
        "var": 0.000791569997091
    },
    "dynamic_complexity": 3.16870498657,
    "erbbands_crest": {
        "dmean": 2.34485316277,
        "dmean2": 3.65289473534,
        "dvar": 5.62327528,
        "dvar2": 13.4698104858,
        "max": 26.3557224274,
        "mean": 9.02177715302,
        "median": 7.84543514252,
        "min": 2.52059817314,
        "var": 19.3564071655
    },
    "erbbands_flatness_db": {
        "dmean": 0.0140546178445,
        "dmean2": 0.0199809148908,
        "dvar": 0.000198593741516,
        "dvar2": 0.000368001114111,
        "max": 0.293525695801,
        "mean": 0.180164396763,
        "median": 0.178973734379,
        "min": 0.0920627787709,
        "var": 0.00109441508539
    },
    "erbbands_kurtosis": {
        "dmean": 0.784654140472,
        "dmean2": 1.19342291355,
        "dvar": 1.30650448799,
        "dvar2": 2.87517261505,
        "max": 21.0078029633,
        "mean": 0.233405545354,
        "median": -0.343961715698,
        "min": -1.73897492886,
        "var": 4.11087226868
    },
    "erbbands_skewness": {
        "dmean": 0.324432969093,
        "dmean2": 0.479467153549,
        "dvar": 0.113962709904,
        "dvar2": 0.231415703893,
        "max": 3.95332670212,
        "mean": 0.418504148722,
        "median": 0.371096938848,
        "min": -3.83561873436,
        "var": 0.672154903412
    },
    "erbbands_spread": {
        "dmean": 8.70437049866,
        "dmean2": 12.764497757,
        "dvar": 99.4427947998,
        "dvar2": 195.261856079,
        "max": 127.89894104,
        "mean": 47.2847824097,
        "median": 44.4102706909,
        "min": 9.22619056702,
        "var": 416.745269775
    },
    "hfc": {
        "dmean": 4.32288265228,
        "dmean2": 5.79189729691,
        "dvar": 58.0646743774,
        "dvar2": 107.00151062,
        "max": 210.654556274,
        "mean": 14.97838974,
        "median": 9.63584518433,
        "min": 0.000170916246134,
        "var": 254.269500732
    },
    "melbands_crest": {
        "dmean": 3.25126886368,
        "dmean2": 5.22940015793,
        "dvar": 8.4422454834,
        "dvar2": 21.6931476593,
        "max": 31.4299545288,
        "mean": 16.2710895538,
        "median": 15.7827911377,
        "min": 3.49614024162,
        "var": 30.4511432648
    },
    "melbands_flatness_db": {
        "dmean": 0.0263454485685,
        "dmean2": 0.0385744981468,
        "dvar": 0.000628434878308,
        "dvar2": 0.00129477737937,
        "max": 0.387297838926,
        "mean": 0.222130820155,
        "median": 0.222386643291,
        "min": 0.04199963063,
        "var": 0.00426440360025
    },
    "melbands_kurtosis": {
        "dmean": 8.33227729797,
        "dmean2": 13.190322876,
        "dvar": 118.763496399,
        "dvar2": 299.546539307,
        "max": 191.899139404,
        "mean": 21.5255813599,
        "median": 15.3642902374,
        "min": -1.75176072121,
        "var": 424.005279541
    },
    "melbands_skewness": {
        "dmean": 0.744607329369,
        "dmean2": 1.14829576015,
        "dvar": 0.558281362057,
        "dvar2": 1.37321853638,
        "max": 12.1266117096,
        "mean": 3.54418301582,
        "median": 3.29494309425,
        "min": -0.188598498702,
        "var": 2.82507324219
    },
    "melbands_spread": {
        "dmean": 5.46696805954,
        "dmean2": 8.06452655792,
        "dvar": 89.3119125366,
        "dvar2": 178.983459473,
        "max": 163.431640625,
        "mean": 17.5147781372,
        "median": 11.9038143158,
        "min": 1.61004269123,
        "var": 337.86151123
    },
    "pitch_salience": {
        "dmean": 0.0712195262313,
        "dmean2": 0.114276267588,
        "dvar": 0.00394326914102,
        "dvar2": 0.0100265191868,
        "max": 0.823375999928,
        "mean": 0.493545055389,
        "median": 0.497483849525,
        "min": 0.112021550536,
        "var": 0.0162999220192
    },
    "silence_rate_20dB": {
        "dmean": 0,
        "dmean2": 0,
        "dvar": 0,
        "dvar2": 0,
        "max": 1,
        "mean": 1,
        "median": 1,
        "min": 1,
        "var": 0
    },
    "silence_rate_30dB": {
        "dmean": 0.002323779976,
        "dmean2": 0.00464936066419,
        "dvar": 0.00231837551109,
        "dvar2": 0.00462775444612,
        "max": 1,
        "mean": 0.99651569128,
        "median": 1,
        "min": 0,
        "var": 0.00347218569368
    },
    "silence_rate_60dB": {
        "dmean": 0.0147172734141,
        "dmean2": 0.0294459518045,
        "dvar": 0.0145012801513,
        "dvar2": 0.0340047329664,
        "max": 1,
        "mean": 0.0286488570273,
        "median": 0,
        "min": 0,
        "var": 0.0278276093304
    },
    "spectral_centroid": {
        "dmean": 228.291900635,
        "dmean2": 330.202392578,
        "dvar": 89981.078125,
        "dvar2": 173192.15625,
        "max": 4246.73388672,
        "mean": 1085.80065918,
        "median": 899.256896973,
        "min": 232.287094116,
        "var": 430534.53125
    },
    "spectral_complexity": {
        "dmean": 2.48721909523,
        "dmean2": 3.69624185562,
        "dvar": 6.50157737732,
        "dvar2": 13.3380441666,
        "max": 39,
        "mean": 14.8157176971,
        "median": 14,
        "min": 0,
        "var": 42.8518714905
    },
    "spectral_decrease": {
        "dmean": 2.03051042647e-09,
        "dmean2": 3.14559023273e-09,
        "dvar": 6.9852251172e-18,
        "dvar2": 1.65841341749e-17,
        "max": -7.90875001665e-14,
        "mean": -6.69969502098e-09,
        "median": -4.95738561312e-09,
        "min": -3.1989973337e-08,
        "var": 2.88657280983e-17
    },
    "spectral_energy": {
        "dmean": 0.00791790429503,
        "dmean2": 0.0121805053204,
        "dvar": 0.000104224098322,
        "dvar2": 0.000247263262281,
        "max": 0.127067536116,
        "mean": 0.0266447905451,
        "median": 0.0196172781289,
        "min": 3.13996594059e-07,
        "var": 0.000446826743428
    },
    "spectral_energyband_high": {
        "dmean": 0.000355016934918,
        "dmean2": 0.000457909249235,
        "dvar": 9.43275324516e-07,
        "dvar2": 1.69565953456e-06,
        "max": 0.020001873374,
        "mean": 0.000710953376256,
        "median": 0.000238910448388,
        "min": 3.85345000353e-09,
        "var": 2.41546308644e-06
    },
    "spectral_energyband_low": {
        "dmean": 0.00518324784935,
        "dmean2": 0.00822700187564,
        "dvar": 5.78078652325e-05,
        "dvar2": 0.000159990580869,
        "max": 0.084255553782,
        "mean": 0.0112531958148,
        "median": 0.00800449773669,
        "min": 2.93959931952e-08,
        "var": 0.000130120286485
    },
    "spectral_energyband_middle_high": {
        "dmean": 0.000692922389135,
        "dmean2": 0.000986291794106,
        "dvar": 1.12560837806e-06,
        "dvar2": 2.12430950342e-06,
        "max": 0.0261636003852,
        "mean": 0.00261102383956,
        "median": 0.00174569210503,
        "min": 2.20720366428e-08,
        "var": 8.50838387123e-06
    },
    "spectral_energyband_middle_low": {
        "dmean": 0.00527108740062,
        "dmean2": 0.00798141863197,
        "dvar": 6.25055836281e-05,
        "dvar2": 0.000138712901389,
        "max": 0.112891174853,
        "mean": 0.0140894744545,
        "median": 0.0082828765735,
        "min": 2.65497050123e-07,
        "var": 0.000229986384511
    },
    "spectral_entropy": {
        "dmean": 0.170130863786,
        "dmean2": 0.238479956985,
        "dvar": 0.0310967173427,
        "dvar2": 0.0555976293981,
        "max": 8.42670059204,
        "mean": 7.325527668,
        "median": 7.31997203827,
        "min": 5.92975521088,
        "var": 0.142793402076
    },
    "spectral_flux": {
        "dmean": 0.0212951879948,
        "dmean2": 0.0336169935763,
        "dvar": 0.00054071721388,
        "dvar2": 0.00122190732509,
        "max": 0.268624633551,
        "mean": 0.0659459084272,
        "median": 0.05542762205,
        "min": 0.000560353975743,
        "var": 0.00160337076522
    },
    "spectral_kurtosis": {
        "dmean": 1.66438698769,
        "dmean2": 2.79732251167,
        "dvar": 3.76032161713,
        "dvar2": 10.0205373764,
        "max": 23.7138366699,
        "mean": 2.93289971352,
        "median": 2.26449394226,
        "min": -0.901075124741,
        "var": 7.25532341003
    },
    "spectral_rms": {
        "dmean": 0.000725957273971,
        "dmean2": 0.00110213737935,
        "dvar": 6.24444624009e-07,
        "dvar2": 1.42007797876e-06,
        "max": 0.0111341066658,
        "mean": 0.00471626548097,
        "median": 0.00437479233369,
        "min": 1.75025179487e-05,
        "var": 3.7517754663e-06
    },
    "spectral_rolloff": {
        "dmean": 412.192687988,
        "dmean2": 670.592346191,
        "dvar": 721307.0625,
        "dvar2": 1516187.625,
        "max": 9065.47851562,
        "mean": 1075.44995117,
        "median": 516.796875,
        "min": 107.666015625,
        "var": 1851410
    },
    "spectral_skewness": {
        "dmean": 0.23321852088,
        "dmean2": 0.361475765705,
        "dvar": 0.0573213770986,
        "dvar2": 0.123422004282,
        "max": 3.59845018387,
        "mean": 1.30121195316,
        "median": 1.26650822163,
        "min": -0.115465447307,
        "var": 0.22389511764
    },
    "spectral_spread": {
        "dmean": 417396.1875,
        "dmean2": 571889,
        "dvar": 230766641152,
        "dvar2": 385364983808,
        "max": 9920291,
        "mean": 4257816,
        "median": 4036579.25,
        "min": 1987318.75,
        "var": 1.16428007014e+12
    },
    "spectral_strongpeak": {
        "dmean": 0.38082742691,
        "dmean2": 0.636297643185,
        "dvar": 0.552789390087,
        "dvar2": 1.43252122402,
        "max": 12.7073726654,
        "mean": 0.808426082134,
        "median": 0.478302657604,
        "min": 0,
        "var": 0.998478055
    },
    "zerocrossingrate": {
        "dmean": 0.00994319934398,
        "dmean2": 0.0112191177905,
        "dvar": 0.000149815969053,
        "dvar2": 0.000153142027557,
        "max": 0.24072265625,
        "mean": 0.0488812439144,
        "median": 0.0400390625,
        "min": 0.005859375,
        "var": 0.0011476847576
    },
    "barkbands": {
        "dmean": [1.36777771331e-05, 0.00158815050963, 0.00301451934502, 0.00240917201154, 0.00115328165703, 0.00155459239613, 0.00167388573755, 0.000744911900256, 0.000331898132572, 0.00018096077838, 0.000129780833959, 0.000182396106538, 0.000180090457434, 0.000152708016685, 0.000116987459478, 4.69516271551e-05, 8.54039535625e-05, 4.42734526587e-05, 0.000101440455182, 0.000119010539493, 9.2047805083e-05, 7.08773732185e-05, 7.87707685959e-05, 8.87904243427e-05, 2.91723408736e-05, 2.78870011527e-08, 3.00409697118e-09],
        "dmean2": [2.355178367e-05, 0.00221598800272, 0.00503204995766, 0.00391598325223, 0.00172521639615, 0.00241815089248, 0.00237377150916, 0.00110362435225, 0.000512518861797, 0.000282460416202, 0.000211304650293, 0.000285694230115, 0.000275653641438, 0.000229105775361, 0.000179116992513, 7.27970982553e-05, 0.000131943437736, 6.50102228974e-05, 0.000150125153596, 0.000167809877894, 0.000132454239065, 9.93772846414e-05, 0.000112728848762, 0.00011645079212, 4.15823669755e-05, 4.20852757088e-08, 5.52915224716e-09],
        "dvar": [2.3896151724e-09, 6.85495524522e-06, 2.77379149338e-05, 1.88385693036e-05, 3.48763933289e-06, 9.92858713289e-06, 1.99995592993e-05, 5.0320727496e-06, 2.76240189123e-06, 1.99382952815e-07, 7.01610574083e-08, 2.78302906054e-07, 1.2571004504e-07, 2.05550293231e-07, 5.86608379649e-08, 1.30383739361e-08, 2.99237932211e-08, 6.09102546179e-09, 7.082206821e-08, 1.36049365551e-07, 1.61945465038e-07, 5.30060226822e-08, 5.11148243731e-08, 6.78474734173e-08, 1.9241719329e-08, 2.15015061555e-14, 2.87176525778e-15],
        "dvar2": [6.7236598511e-09, 1.23200861708e-05, 8.41049622977e-05, 4.52100466646e-05, 8.32433033793e-06, 2.29636953009e-05, 3.67740613001e-05, 1.08816375359e-05, 6.69904420647e-06, 5.00017904415e-07, 1.779587393e-07, 6.04518334058e-07, 2.63928995992e-07, 4.30933852158e-07, 1.3339710847e-07, 3.00844860135e-08, 6.94655000189e-08, 1.10122782004e-08, 1.58424938945e-07, 2.52888924024e-07, 3.71561981183e-07, 1.04122534594e-07, 1.04126776534e-07, 1.34454253953e-07, 4.16526688696e-08, 4.71594267001e-14, 5.92056336615e-15],
        "max": [0.00129818590358, 0.0381531044841, 0.0592603906989, 0.0541177988052, 0.0342358462512, 0.0530603006482, 0.103796578944, 0.047474168241, 0.0644796192646, 0.0108287055045, 0.00502568343654, 0.0174600277096, 0.00863355118781, 0.0134836407378, 0.00549352355301, 0.00266044214368, 0.00381949590519, 0.00277686212212, 0.00616212980822, 0.0100405411795, 0.00992118753493, 0.00618196697906, 0.00518652237952, 0.00844923686236, 0.00509419990703, 4.21511822424e-06, 2.08371261579e-06],
        "mean": [2.66461465799e-05, 0.0037397837732, 0.00554006081074, 0.00351273873821, 0.00250959722325, 0.00292428047396, 0.0030793773476, 0.00131292582955, 0.000611703784671, 0.000360205041943, 0.000240809225943, 0.000337668985594, 0.000384600862162, 0.000302791566355, 0.000277749233646, 0.000110446562758, 0.000199200527277, 9.68657768681e-05, 0.000213313134736, 0.00024732525344, 0.000152791864821, 0.000130075000925, 0.000140309159178, 0.00015175237786, 4.17343944719e-05, 3.8413134007e-08, 2.51359111303e-09],
        "median": [3.19866057907e-06, 0.0012771472102, 0.00287502468564, 0.00139489630237, 0.0012367174495, 0.00122641050257, 0.000573321885895, 0.000343124440406, 0.000119451498904, 0.000162467098562, 0.000103909078462, 0.000100889483292, 0.000176908506546, 0.000133631416247, 0.00012057001004, 4.62434327346e-05, 8.10237979749e-05, 4.60215451312e-05, 7.6137817814e-05, 8.06773387012e-05, 4.59082220914e-05, 4.12112894992e-05, 4.65610610263e-05, 3.0368924854e-05, 3.97073472413e-06, 3.64715968537e-09, 2.4415156008e-10],
        "min": [2.16734991065e-10, 9.48682554736e-09, 1.30068107396e-08, 1.20803580472e-08, 3.35356666881e-08, 9.84013937e-08, 1.11790015467e-07, 7.99461297163e-09, 9.67224300652e-10, 3.35505645488e-09, 3.62935792531e-10, 3.19911874769e-09, 2.57567278616e-09, 1.34073849245e-10, 1.0353872204e-09, 1.03394959261e-09, 6.13447692643e-09, 2.22565099683e-09, 1.35648503541e-09, 1.32210409287e-09, 7.34748983877e-10, 1.06709169279e-10, 1.48645973308e-09, 9.0781604456e-10, 6.04247901714e-11, 4.37884364185e-12, 5.6885217023e-12],
        "var": [1.14543512453e-08, 2.86038466584e-05, 5.37290361535e-05, 3.00879419228e-05, 1.11192002805e-05, 2.56335824815e-05, 6.4674524765e-05, 1.13484820758e-05, 7.28975146558e-06, 6.20951539076e-07, 1.63858729252e-07, 7.32438479645e-07, 4.28668386121e-07, 5.05204184265e-07, 1.89602559431e-07, 4.3085865542e-08, 1.03182173916e-07, 3.02538225583e-08, 2.35595990716e-07, 3.56741850283e-07, 2.44990445708e-07, 1.05866696742e-07, 9.98455504941e-08, 1.38587125775e-07, 3.20796118558e-08, 3.50081664775e-14, 2.86029367882e-15]
    },
    "erbbands": {
        "dmean": [0.0127018131316, 0.486478805542, 3.03182387352, 6.03481960297, 5.22308635712, 3.61428570747, 7.81076478958, 13.6131544113, 24.3017597198, 21.1316223145, 11.7359647751, 7.91790962219, 5.11389350891, 4.34391021729, 6.17359924316, 7.2197265625, 8.04963779449, 7.98125219345, 5.27810716629, 5.0036315918, 2.83988547325, 4.11850118637, 2.95540571213, 3.64610505104, 5.83109235764, 5.05131149292, 3.39687085152, 3.910633564, 2.49274754524, 2.35181045532, 2.31755805016, 2.14025235176, 1.29020571709, 0.597960889339, 0.0385646112263, 0.00173042935785, 9.55044670263e-05, 1.40407637446e-05, 6.16152419752e-06, 9.37701497605e-06],
        "dmean2": [0.0192502848804, 0.689895987511, 4.89267635345, 9.97344589233, 8.27408218384, 5.278673172, 11.6817026138, 21.2581367493, 34.7633018494, 31.2910079956, 17.0733356476, 12.1084489822, 7.80988836288, 6.78131818771, 9.4839258194, 11.3254003525, 12.197353363, 11.9518995285, 7.98579216003, 7.58384752274, 4.37476491928, 6.30744314194, 4.24040937424, 5.35867452621, 8.6230134964, 6.99678897858, 4.78831958771, 5.73893356323, 3.54433465004, 3.33092141151, 3.34597444534, 2.86177015305, 1.71770036221, 0.837159633636, 0.0567541047931, 0.0025391492527, 0.000133346751682, 1.93258074432e-05, 8.89304192242e-06, 1.4109356016e-05],
        "dvar": [0.000595579680521, 0.612951934338, 26.9861850739, 100.790817261, 91.4469299316, 53.9621734619, 357.374206543, 911.346069336, 4931.06835938, 3036.79663086, 1370.40930176, 1529.1270752, 189.726745605, 126.584938049, 209.149276733, 302.49420166, 249.370407104, 648.307861328, 147.966339111, 141.063217163, 52.4651145935, 77.6796417236, 27.278345108, 97.3982543945, 272.223022461, 197.908370972, 102.522743225, 402.974456787, 62.8828239441, 38.1415977478, 50.605266571, 31.9186496735, 21.9972782135, 7.87441682816, 0.0521827079356, 0.000109159802378, 2.15925624047e-07, 4.12495726465e-09, 2.61324739625e-10, 1.45951736807e-10],
        "dvar2": [0.0012789653847, 1.17891907692, 80.6060180664, 272.766601562, 204.973999023, 122.661491394, 720.245422363, 2188.02832031, 9099.91796875, 6379.81689453, 3084.44970703, 3959.24902344, 379.004150391, 306.963134766, 419.870849609, 703.88873291, 525.420776367, 1358.25292969, 294.380493164, 357.273040771, 118.652679443, 185.044342041, 47.2770271301, 197.718429565, 557.685791016, 341.555267334, 206.599411011, 960.606750488, 121.520980835, 71.3737258911, 109.470817566, 58.5933494568, 43.9652481079, 17.4254722595, 0.127318412066, 0.000269021315034, 4.84508461795e-07, 8.30067925506e-09, 4.91716556361e-10, 3.34262562074e-10],
        "max": [0.426361352205, 11.6140651703, 65.7068862915, 134.29234314, 124.348274231, 119.836387634, 463.477325439, 585.535705566, 1704.91113281, 1010.57653809, 755.166259766, 1397.41467285, 482.566619873, 312.430236816, 563.502624512, 326.979644775, 422.686309814, 808.612976074, 328.302490234, 367.581390381, 170.670028687, 220.606765747, 195.245895386, 246.039733887, 393.70892334, 411.713043213, 251.992858887, 510.004974365, 204.890991211, 171.531280518, 173.875061035, 143.753189087, 174.442611694, 107.112960815, 8.77860546112, 0.406471729279, 0.0166495628655, 0.00207959813997, 0.000574876030441, 0.000250609387876],
        "mean": [0.034624569118, 1.11773312092, 5.74446582794, 10.0217285156, 8.5866317749, 8.34505844116, 15.9497871399, 25.4742889404, 45.803401947, 38.851726532, 23.7962436676, 15.0669870377, 10.5335378647, 9.38785266876, 12.5520362854, 14.41979599, 18.1264781952, 17.2599430084, 13.287733078, 11.6530408859, 7.5023560524, 9.87292480469, 7.29524707794, 8.66540813446, 11.8092832565, 11.0280609131, 6.56690216064, 6.29086256027, 4.36196231842, 4.34493780136, 4.03733921051, 3.76904606819, 2.09821534157, 0.881609082222, 0.0506310537457, 0.00233964854851, 0.000152340493514, 2.42353853537e-05, 1.85278895515e-05, 3.21684055962e-05],
        "median": [0.00969728827477, 0.465849936008, 3.54406809807, 5.52538061142, 4.25527572632, 3.38452243805, 6.90407180786, 11.2549104691, 8.07130146027, 9.00248718262, 6.28312492371, 3.21077084541, 4.7737994194, 4.13655948639, 5.24838113785, 5.24908828735, 8.5839214325, 8.3844833374, 6.21060848236, 4.66948890686, 3.19069552422, 4.17431592941, 3.49490237236, 2.91265559196, 4.4733080864, 3.83498978615, 2.24213624001, 1.62120640278, 1.28048455715, 1.54975271225, 1.28462278843, 0.829583585262, 0.383112639189, 0.102657169104, 0.00349160004407, 0.00021760709933, 3.1434759876e-05, 6.3429642978e-06, 1.29660447783e-05, 2.42405149038e-05],
        "min": [2.12721516846e-07, 2.45905107477e-06, 1.26558343254e-05, 3.14367025567e-05, 5.53728423256e-05, 0.000122733326862, 0.000171700987266, 0.00107578199822, 0.00182820763439, 0.000602951506153, 9.08892034204e-05, 3.12986812787e-05, 7.81022245064e-05, 6.28750567557e-05, 3.9840440877e-05, 0.000148497594637, 0.000131119697471, 1.65139681485e-05, 3.65066407539e-05, 5.70580486965e-05, 0.000188357313164, 0.000216619228013, 0.000137653812999, 6.81213423377e-05, 4.98076406075e-05, 7.69879115978e-05, 3.31462470058e-05, 2.81989869109e-05, 5.97840607952e-06, 9.36509877647e-06, 6.27581248409e-05, 3.00054634863e-05, 7.14280213288e-06, 2.21871823669e-06, 8.04977204893e-08, 1.69666236616e-08, 9.52434486834e-09, 3.07692671342e-09, 9.34305854905e-10, 4.55647186648e-10],
        "var": [0.00310546252877, 2.30418515205, 49.8599967957, 168.469512939, 159.692855835, 184.391799927, 1176.70166016, 2012.76806641, 15922.0273438, 7344.29052734, 4462.81103516, 3545.96020508, 525.199157715, 471.59185791, 650.004211426, 834.129211426, 859.386169434, 1585.3795166, 491.75604248, 432.530426025, 186.415023804, 257.884857178, 152.930114746, 410.760345459, 835.930908203, 657.869628906, 273.438873291, 494.850372314, 118.768257141, 90.7517929077, 90.1030273438, 77.2714233398, 39.6395530701, 12.6766042709, 0.0627839565277, 0.000128353174659, 3.11282065013e-07, 6.51481091296e-09, 5.52881518345e-10, 6.43601894001e-10]
    },
    "gfcc": {
        "mean": [-35.8700447083, 132.925994873, -135.920135498, 63.1429100037, -77.1946182251, 18.4116783142, -38.0558013916, -12.1940498352, -7.58699369431, -18.0117435455, 10.0025310516, -25.6667633057, -1.94987523556],
        "cov": [[3177.20141602, -706.354492188, 33.1734657288, 73.3857574463, -348.38394165, 146.380126953, -201.72026062, 255.012466431, -8.86553955078, 186.489685059, -28.4696998596, 29.8742103577, 2.41115832329], [-706.354492188, 1116.61584473, -55.1507797241, -282.608337402, 306.703430176, -174.157592773, 281.218811035, -151.062454224, 193.620147705, -171.774261475, 145.797958374, -64.7223892212, -61.9410514832], [33.1734657288, -55.1507797241, 358.796447754, 115.202171326, -4.70544290543, 88.149269104, -22.6131305695, 17.3979454041, -21.4542484283, 21.613073349, -3.73099303246, -6.76378393173, -2.40479850769], [73.3857574463, -282.608337402, 115.202171326, 275.9609375, 30.3718528748, 64.9417724609, -42.7922286987, 20.5824298859, -52.4988059998, 24.4782161713, -47.7004127502, -3.01386713982, 26.5916080475], [-348.38394165, 306.703430176, -4.70544290543, 30.3718528748, 277.281311035, 4.74421930313, 103.836196899, -29.5460186005, 40.5580863953, -54.2383766174, 28.1451511383, -27.3565940857, 0.331780135632], [146.380126953, -174.157592773, 88.149269104, 64.9417724609, 4.74421930313, 177.573410034, 31.0581817627, 55.9715652466, -23.4361782074, 49.6264686584, -22.5850753784, 20.0663852692, 19.3931694031], [-201.72026062, 281.218811035, -22.6131305695, -42.7922286987, 103.836196899, 31.0581817627, 241.829467773, 15.3471250534, 43.8919944763, -24.0400180817, 60.5840682983, -8.72500610352, -34.1154518127], [255.012466431, -151.062454224, 17.3979454041, 20.5824298859, -29.5460186005, 55.9715652466, 15.3471250534, 138.537246704, 5.58399868011, 51.5799713135, 5.73854064941, 14.8981075287, 1.17071795464], [-8.86553955078, 193.620147705, -21.4542484283, -52.4988059998, 40.5580863953, -23.4361782074, 43.8919944763, 5.58399868011, 136.568481445, 6.2478146553, 38.4319877625, -7.65467596054, -7.46558952332], [186.489685059, -171.774261475, 21.613073349, 24.4782161713, -54.2383766174, 49.6264686584, -24.0400180817, 51.5799713135, 6.2478146553, 122.996795654, 10.9455633163, 8.57404899597, 15.9924793243], [-28.4696998596, 145.797958374, -3.73099303246, -47.7004127502, 28.1451511383, -22.5850753784, 60.5840682983, 5.73854064941, 38.4319877625, 10.9455633163, 110.666343689, 27.0237216949, -22.878988266], [29.8742103577, -64.7223892212, -6.76378393173, -3.01386713982, -27.3565940857, 20.0663852692, -8.72500610352, 14.8981075287, -7.65467596054, 8.57404899597, 27.0237216949, 87.9126663208, 29.4803657532], [2.41115832329, -61.9410514832, -2.40479850769, 26.5916080475, 0.331780135632, 19.3931694031, -34.1154518127, 1.17071795464, -7.46558952332, 15.9924793243, -22.878988266, 29.4803657532, 81.595375061]],
        "icov": [[0.000458916591015, -0.000206176468055, 0.000228308766964, -0.000293982069707, 0.000606283720117, -0.000515997409821, 0.000539307075087, -0.000758732028771, -7.82684364822e-05, -7.70269543864e-05, -0.000227256605285, 0.000205542586627, 0.000158961018315], [-0.000206176468055, 0.0116504216567, -0.0045052645728, 0.00917592830956, -0.00758059741929, 0.00678058061749, -0.00800102297217, 0.0065967827104, -0.00706624658778, 0.00607825163752, -0.00419920450076, 0.00415726471692, -0.00381093937904], [0.000228308766964, -0.0045052645728, 0.00559104466811, -0.00503047788516, 0.00357548659667, -0.00503946002573, 0.0040561594069, -0.00245799263939, 0.00245637237094, -0.00150412018411, -0.000297395105008, -0.000207277465961, 0.00180282338988], [-0.000293982069707, 0.00917592830956, -0.00503047788516, 0.0126346722245, -0.00771125080064, 0.00520211597905, -0.0058007533662, 0.00482145231217, -0.00393616780639, 0.00354185095057, -0.00130899623036, 0.00278193387203, -0.00341753102839], [0.000606283720117, -0.00758059741929, 0.00357548659667, -0.00771125080064, 0.0113176871091, -0.00603448413312, 0.00391365773976, -0.00411824928597, 0.00302698183805, -0.0008757855976, -0.000178306989255, 0.000572407210711, 0.000121343888168], [-0.000515997409821, 0.00678058061749, -0.00503946002573, 0.00520211597905, -0.00603448413312, 0.0148015320301, -0.00799573492259, 0.00229999702424, -0.00258994242176, -0.000759597343858, 0.00275249104016, -0.00172703817952, -0.00224311742932], [0.000539307075087, -0.00800102297217, 0.0040561594069, -0.0058007533662, 0.00391365773976, -0.00799573492259, 0.0128450943157, -0.00594181893393, 0.00391891459003, -0.00216433871537, -0.00103409471922, -0.00116553506814, 0.00417452072725], [-0.000758732028771, 0.0065967827104, -0.00245799263939, 0.00482145231217, -0.00411824928597, 0.00229999702424, -0.00594181893393, 0.0142819872126, -0.00454221572727, 0.000414560403442, -0.00172647775616, 0.000730229367036, -0.00107743393164], [-7.82684364822e-05, -0.00706624658778, 0.00245637237094, -0.00393616780639, 0.00302698183805, -0.00258994242176, 0.00391891459003, -0.00454221572727, 0.0137941651046, -0.00519289495423, 0.000807521340903, -0.00141209014691, 0.00131678080652], [-7.70269543864e-05, 0.00607825163752, -0.00150412018411, 0.00354185095057, -0.0008757855976, -0.000759597343858, -0.00216433871537, 0.000414560403442, -0.00519289495423, 0.0168695580214, -0.00788406096399, 0.00632151961327, -0.00558508234099], [-0.000227256605285, -0.00419920450076, -0.000297395105008, -0.00130899623036, -0.000178306989255, 0.00275249104016, -0.00103409471922, -0.00172647775616, 0.000807521340903, -0.00788406096399, 0.0200490113348, -0.0114300567657, 0.00754623487592], [0.000205542586627, 0.00415726471692, -0.000207277465961, 0.00278193387203, 0.000572407210711, -0.00172703817952, -0.00116553506814, 0.000730229367036, -0.00141209014691, 0.00632151961327, -0.0114300567657, 0.0208973567933, -0.00997591298074], [0.000158961018315, -0.00381093937904, 0.00180282338988, -0.00341753102839, 0.000121343888168, -0.00224311742932, 0.00417452072725, -0.00107743393164, 0.00131678080652, -0.00558508234099, 0.00754623487592, -0.00997591298074, 0.0197536665946]]
    },
    "melbands": {
        "dmean": [0.000262417743215, 0.00126183661632, 0.00102544529364, 0.000265060691163, 0.000256196566625, 0.000310215546051, 0.000363629107596, 0.000218501023483, 9.10405724426e-05, 4.46887497674e-05, 2.61143686657e-05, 1.88431131392e-05, 1.97358313017e-05, 2.09909703699e-05, 2.06942040677e-05, 1.62777650985e-05, 1.57880131155e-05, 9.19403646549e-06, 7.64865762903e-06, 4.78877245769e-06, 3.70327006749e-06, 4.40997064288e-06, 4.519812137e-06, 2.26677070714e-06, 3.19939636029e-06, 3.87901627619e-06, 5.41690906175e-06, 3.07003483613e-06, 2.31405942941e-06, 2.29573379329e-06, 2.30029809245e-06, 1.43092563576e-06, 1.44836201343e-06, 1.37969880143e-06, 1.49032518948e-06, 1.34861909373e-06, 1.31272986437e-06, 9.77856188911e-07, 7.7831850831e-07, 4.22094188934e-07],
        "dmean2": [0.000371784233721, 0.00197682227008, 0.00166866311338, 0.000405811151722, 0.000378222117433, 0.000484589632833, 0.000519356108271, 0.000323450629367, 0.000134472138598, 6.84846672812e-05, 4.00584322051e-05, 2.97372444038e-05, 3.1273742934e-05, 3.2521536923e-05, 3.18816819345e-05, 2.47846983257e-05, 2.35021179833e-05, 1.39321700772e-05, 1.16648125186e-05, 7.39133838579e-06, 5.73571833229e-06, 6.73034446663e-06, 6.91410832587e-06, 3.38806194122e-06, 4.79113305119e-06, 5.73226998313e-06, 7.88364559412e-06, 4.35136007582e-06, 3.35039771926e-06, 3.3072358292e-06, 3.49796414412e-06, 2.12463282878e-06, 2.04707271223e-06, 2.03750937544e-06, 2.22010316975e-06, 1.89257389138e-06, 1.77888614417e-06, 1.33995274609e-06, 1.08456288217e-06, 6.22148775165e-07],
        "dvar": [1.92598577087e-07, 4.12555527873e-06, 2.70288865067e-06, 1.72196578774e-07, 3.03407148294e-07, 4.61173442545e-07, 1.04468733753e-06, 3.28604102151e-07, 9.12366928674e-08, 4.7567674244e-08, 4.96852869958e-09, 2.47131115572e-09, 1.70008052081e-09, 3.66899222115e-09, 2.24125873416e-09, 9.60059143296e-10, 2.61034083238e-09, 5.07852648823e-10, 2.30590282979e-10, 1.0453143906e-10, 9.40571023844e-11, 8.95316321081e-11, 7.7078059213e-11, 1.43064440503e-11, 8.55875301187e-11, 1.18278373207e-10, 3.69017705282e-10, 7.23746410025e-11, 4.2550619278e-11, 8.91156037852e-11, 1.54441390232e-10, 2.30117348787e-11, 2.26379106433e-11, 1.23883785175e-11, 2.18985819062e-11, 1.66761101456e-11, 1.10841795811e-11, 1.25883158064e-11, 8.6712911157e-12, 8.05723977121e-12],
        "dvar2": [3.53406591103e-07, 1.155368318e-05, 6.82043946654e-06, 3.98002697466e-07, 6.3211041379e-07, 1.09963832529e-06, 1.91192611965e-06, 6.91829711741e-07, 2.03905514695e-07, 1.22517135992e-07, 1.01971675548e-08, 5.99697536074e-09, 3.86552390097e-09, 7.61285612327e-09, 5.124348057e-09, 2.18100648652e-09, 5.50685763656e-09, 1.02788177969e-09, 5.37496436248e-10, 2.61352772757e-10, 2.05910954953e-10, 2.13199263799e-10, 1.82513920644e-10, 2.76639752772e-11, 1.7627048432e-10, 2.45572645552e-10, 7.21315451813e-10, 1.36564468067e-10, 9.28453980364e-11, 1.96796579033e-10, 3.78283737668e-10, 4.59492582872e-11, 4.77028451462e-11, 2.64038842873e-11, 5.19449414038e-11, 3.3447876413e-11, 2.05993434116e-11, 2.61616110719e-11, 1.62003015169e-11, 2.0101000725e-11],
        "max": [0.00576252304018, 0.0262162461877, 0.0187097601593, 0.00484470371157, 0.0125034060329, 0.0122535284609, 0.0248279981315, 0.0100847603753, 0.00763273239136, 0.00754414545372, 0.00234321784228, 0.00143485225271, 0.0011694758432, 0.00205105403438, 0.000925740401726, 0.000773363106418, 0.0016966687981, 0.00057827407727, 0.000373951916117, 0.000287778733764, 0.000234164122958, 0.000197902380023, 0.000170637897099, 0.00010758535791, 0.000225782379857, 0.00026652312954, 0.000609479786362, 0.000245870702202, 0.000174682936631, 0.000211817663512, 0.000317065831041, 0.000111107372504, 0.000159702452947, 7.26278594811e-05, 0.000112027883006, 9.18626610655e-05, 7.79640540713e-05, 0.000119401694974, 0.000114440721518, 0.000119613949209],
        "mean": [0.000655839045066, 0.00259307259694, 0.00175993843004, 0.000541483634152, 0.000543904548977, 0.000583252578508, 0.000686266517732, 0.000391979760025, 0.00018086147611, 8.19846318336e-05, 5.11070611537e-05, 3.80421988666e-05, 3.77587384719e-05, 4.01372126362e-05, 3.88844273402e-05, 3.73433867935e-05, 3.13329874189e-05, 2.07169068744e-05, 1.77817255462e-05, 1.06294273792e-05, 9.12709856493e-06, 1.01851474028e-05, 9.44179646467e-06, 5.15096598974e-06, 7.16976046533e-06, 7.37258687877e-06, 1.0121428204e-05, 6.55213534628e-06, 4.33658442489e-06, 3.6428821204e-06, 3.5235532323e-06, 2.41962334258e-06, 2.46546687777e-06, 2.3932818749e-06, 2.35236848312e-06, 2.36459709413e-06, 2.22496578317e-06, 1.53985081397e-06, 1.19314370295e-06, 5.6000561699e-07],
        "median": [0.000211166130612, 0.00166251510382, 0.00105615728535, 0.000289796269499, 0.000249884760706, 0.000246985466219, 0.000123743040604, 9.44275816437e-05, 4.19247080572e-05, 1.83867668966e-05, 2.3109576432e-05, 1.51976682901e-05, 1.63692529895e-05, 1.35660302476e-05, 1.54663830472e-05, 1.70846869878e-05, 1.37181032187e-05, 8.81649339135e-06, 7.81782546255e-06, 4.32472279499e-06, 3.11918802254e-06, 3.92833499063e-06, 4.00873705075e-06, 2.36283744925e-06, 1.95363554667e-06, 2.74546664514e-06, 3.15524175676e-06, 2.09454992728e-06, 1.42325097841e-06, 9.96937728814e-07, 8.36328581499e-07, 6.347049748e-07, 7.76392823809e-07, 8.35013850065e-07, 7.38956828172e-07, 5.64944514281e-07, 4.43134126726e-07, 2.56848011304e-07, 1.70647624032e-07, 3.92689685214e-08],
        "min": [2.28598517893e-09, 5.57166934811e-09, 6.02466698751e-09, 6.11378148108e-09, 5.9251297202e-09, 2.48362255206e-08, 2.68275641702e-08, 4.88128160114e-09, 4.23059115517e-10, 1.76595515988e-10, 4.15476181237e-10, 2.99406194282e-10, 6.10111128285e-11, 4.06477018711e-10, 3.20299592405e-10, 2.05515729435e-10, 1.00210178697e-11, 4.62264046486e-11, 8.69861127573e-11, 5.5040930147e-11, 3.2296176844e-10, 2.81545453618e-10, 1.7689116838e-10, 8.60335830355e-11, 4.90290100186e-11, 6.3333505107e-11, 2.77901104906e-11, 5.07141759143e-11, 2.39025466087e-11, 1.37903560099e-11, 1.49866178495e-11, 2.26769991674e-12, 2.41769408313e-12, 4.61605276572e-12, 4.34194763477e-11, 1.69436669556e-11, 1.88992745065e-11, 2.19812210968e-12, 6.43901945652e-12, 4.66495386157e-13],
        "var": [8.75585840276e-07, 9.04402804736e-06, 4.58907061329e-06, 4.94280584462e-07, 1.00292106708e-06, 1.07592643417e-06, 3.44469322044e-06, 7.43543125736e-07, 2.95663369343e-07, 1.08163277446e-07, 1.29112258662e-08, 9.15282871716e-09, 4.58090676503e-09, 9.43705558143e-09, 6.22986062737e-09, 3.71893471574e-09, 6.11061778955e-09, 1.4427965489e-09, 7.44022232713e-10, 3.17033427288e-10, 3.7202721459e-10, 3.0642824389e-10, 2.40191228018e-10, 6.63864449524e-11, 3.49928030996e-10, 3.62638336027e-10, 8.2679474378e-10, 2.42566688957e-10, 1.13020960646e-10, 1.50432916124e-10, 1.70695194091e-10, 4.16595265229e-11, 4.47986890639e-11, 2.41252937766e-11, 3.1445627352e-11, 3.6280010246e-11, 2.61515878397e-11, 2.11340354939e-11, 1.73647242419e-11, 9.6247653944e-12]
    },
    "mfcc": {
        "mean": [-654.16229248, 123.941543579, 13.7474880219, 27.556596756, 3.22100186348, 11.4762449265, -3.4963414669, -0.793797552586, -13.7450838089, 5.50468111038, -4.33109045029, 3.64487671852, -2.71143889427],
        "cov": [[3223.05004883, -759.48260498, 157.673309326, -155.869354248, -57.2376022339, -167.679092407, -95.4286422729, -59.9729804993, 51.5840911865, 103.610671997, 15.4370517731, 74.1900939941, 108.800834656], [-759.48260498, 1277.3494873, -269.172698975, -26.1233119965, -51.7739257812, 25.3159198761, 7.6697268486, 152.981185913, -86.5444335938, 56.7797241211, 34.1626930237, 83.9441604614, 29.0767116547], [157.673309326, -269.172698975, 386.546264648, 11.6531467438, 33.4566650391, 27.8177928925, 11.2547988892, -27.53632164, 6.55645751953, 12.4469804764, -11.2649869919, -16.0235500336, 17.8787307739], [-155.869354248, -26.1233119965, 11.6531467438, 192.454620361, 70.9544372559, 37.9538040161, 30.9704170227, 5.52641391754, -1.16314589977, 10.6073856354, 5.73036670685, -37.5246582031, -41.5162010193], [-57.2376022339, -51.7739257812, 33.4566650391, 70.9544372559, 187.470474243, 35.5091056824, -1.76039803028, -6.21221399307, 17.8900279999, 14.183095932, -22.9705181122, -32.6355857849, -22.8301410675], [-167.679092407, 25.3159198761, 27.8177928925, 37.9538040161, 35.5091056824, 145.169052124, 56.3767852783, 19.9319419861, 32.7807426453, 2.28385710716, 13.2849941254, -11.8833503723, -16.7254543304], [-95.4286422729, 7.6697268486, 11.2547988892, 30.9704170227, -1.76039803028, 56.3767852783, 182.62411499, 51.7772254944, 30.1548461914, -4.10563516617, 59.9963989258, 10.5416212082, -7.64982795715], [-59.9729804993, 152.981185913, -27.53632164, 5.52641391754, -6.21221399307, 19.9319419861, 51.7772254944, 140.588180542, 7.27848911285, 4.31663942337, 30.8514938354, 26.7198810577, 14.4799070358], [51.5840911865, -86.5444335938, 6.55645751953, -1.16314589977, 17.8900279999, 32.7807426453, 30.1548461914, 7.27848911285, 125.185493469, 14.1614255905, 18.6842842102, 1.76222670078, -12.9091320038], [103.610671997, 56.7797241211, 12.4469804764, 10.6073856354, 14.183095932, 2.28385710716, -4.10563516617, 4.31663942337, 14.1614255905, 138.530929565, 16.2746276855, 17.3145465851, 10.9635877609], [15.4370517731, 34.1626930237, -11.2649869919, 5.73036670685, -22.9705181122, 13.2849941254, 59.9963989258, 30.8514938354, 18.6842842102, 16.2746276855, 132.876953125, 31.9016265869, 2.06863880157], [74.1900939941, 83.9441604614, -16.0235500336, -37.5246582031, -32.6355857849, -11.8833503723, 10.5416212082, 26.7198810577, 1.76222670078, 17.3145465851, 31.9016265869, 124.065574646, 48.0048103333], [108.800834656, 29.0767116547, 17.8787307739, -41.5162010193, -22.8301410675, -16.7254543304, -7.64982795715, 14.4799070358, -12.9091320038, 10.9635877609, 2.06863880157, 48.0048103333, 94.7675628662]],
