{
"lowlevel": {
    "average_loudness": 0.935350060463,
    "barkbands_crest": {
        "dmean": 2.66921973228,
        "dmean2": 4.31023311615,
        "dvar": 9.63766479492,
        "dvar2": 24.3860340118,
        "max": 24.3104934692,
        "mean": 8.99690532684,
        "median": 7.89399003983,
        "min": 2.82254433632,
        "var": 19.34126091
    },
    "barkbands_flatness_db": {
        "dmean": 0.019537018612,
        "dmean2": 0.03082023561,
        "dvar": 0.000490574864671,
        "dvar2": 0.00117352011148,
        "max": 0.417602807283,
        "mean": 0.163508981466,
        "median": 0.131136208773,
        "min": 0.0600637868047,
        "var": 0.0054718349129
    },
    "barkbands_kurtosis": {
        "dmean": 2.33880662918,
        "dmean2": 3.8677175045,
        "dvar": 20.6965713501,
        "dvar2": 50.2793006897,
        "max": 84.4749755859,
        "mean": 3.23058199883,
        "median": 0.672099590302,
        "min": -1.87934672832,
        "var": 56.3765182495
    },
    "barkbands_skewness": {
        "dmean": 0.469134628773,
        "dmean2": 0.752928435802,
        "dvar": 0.371674090624,
        "dvar2": 0.891769766808,
        "max": 7.27800178528,
        "mean": 1.36022460461,
        "median": 1.16513168812,
        "min": -1.63179302216,
        "var": 0.871130645275
    },
    "barkbands_spread": {
        "dmean": 4.54568767548,
        "dmean2": 7.50499916077,
        "dvar": 38.901927948,
        "dvar2": 94.3667907715,
        "max": 86.2022476196,
        "mean": 23.6218490601,
        "median": 26.1107139587,
        "min": 0.736273407936,
        "var": 190.722183228
    },
    "dissonance": {
        "dmean": 0.0186687540263,
        "dmean2": 0.0311587043107,
        "dvar": 0.000522804562934,
        "dvar2": 0.00139583612327,
        "max": 0.499989390373,
        "mean": 0.454435825348,
        "median": 0.477262407541,
        "min": 0.233634918928,
        "var": 0.00244396692142
    },
    "dynamic_complexity": 3.46162843704,
    "erbbands_crest": {
        "dmean": 1.78361546993,
        "dmean2": 2.86420249939,
        "dvar": 4.20808744431,
        "dvar2": 10.2360887527,
        "max": 29.0476875305,
        "mean": 7.82058143616,
        "median": 6.49982357025,
        "min": 2.48285460472,
        "var": 20.5335617065
    },
    "erbbands_flatness_db": {
        "dmean": 0.0116517413408,
        "dmean2": 0.0169838480651,
        "dvar": 0.000194585270947,
        "dvar2": 0.000413078232668,
        "max": 0.385872781277,
        "mean": 0.196499094367,
        "median": 0.171528294683,
        "min": 0.0995445102453,
        "var": 0.00324310152791
    },
    "erbbands_kurtosis": {
        "dmean": 0.760703861713,
        "dmean2": 1.22037041187,
        "dvar": 3.38413214684,
        "dvar2": 8.98132133484,
        "max": 42.389503479,
        "mean": 0.453606575727,
        "median": -0.533831834793,
        "min": -1.72980868816,
        "var": 9.11307621002
    },
    "erbbands_skewness": {
        "dmean": 0.268397033215,
        "dmean2": 0.414418458939,
        "dvar": 0.0881632193923,
        "dvar2": 0.196432754397,
        "max": 5.45298433304,
        "mean": 0.280696243048,
        "median": 0.0235973633826,
        "min": -1.13396322727,
        "var": 0.685826361179
    },
    "erbbands_spread": {
        "dmean": 5.71319437027,
        "dmean2": 9.13854217529,
        "dvar": 53.0507392883,
        "dvar2": 129.350463867,
        "max": 123.760658264,
        "mean": 36.4998207092,
        "median": 38.5830459595,
        "min": 3.00696802139,
        "var": 276.947875977
    },
    "hfc": {
        "dmean": 3.87431144714,
        "dmean2": 6.02647781372,
        "dvar": 33.8798942566,
        "dvar2": 78.0146865845,
        "max": 92.5330047607,
        "mean": 23.5057678223,
        "median": 25.2968997955,
        "min": 1.20802065462e-16,
        "var": 305.319641113
    },
    "melbands_crest": {
        "dmean": 3.09488081932,
        "dmean2": 4.85704278946,
        "dvar": 9.84457206726,
        "dvar2": 22.2205982208,
        "max": 31.7280921936,
        "mean": 12.8777313232,
        "median": 11.7508449554,
        "min": 2.2815952301,
        "var": 25.0918369293
    },
    "melbands_flatness_db": {
        "dmean": 0.0249090082943,
        "dmean2": 0.0375684089959,
        "dvar": 0.00088105344912,
        "dvar2": 0.00204302137718,
        "max": 0.489405423403,
        "mean": 0.199108928442,
        "median": 0.164225667715,
        "min": 0.00901242624968,
        "var": 0.00749240629375
    },
    "melbands_kurtosis": {
        "dmean": 5.47383975983,
        "dmean2": 9.33611679077,
        "dvar": 110.066505432,
        "dvar2": 297.290649414,
        "max": 104.628143311,
        "mean": 9.11162471771,
        "median": 6.16725540161,
        "min": -1.15890014172,
        "var": 123.013511658
    },
    "melbands_skewness": {
        "dmean": 0.649989426136,
        "dmean2": 1.04790186882,
        "dvar": 0.792719423771,
        "dvar2": 2.03984379768,
        "max": 9.20550441742,
        "mean": 2.30591988564,
        "median": 2.16799473763,
        "min": -0.462938755751,
        "var": 1.34082245827
    },
    "melbands_spread": {
        "dmean": 6.12867164612,
        "dmean2": 9.81440734863,
        "dvar": 66.7893981934,
        "dvar2": 146.679702759,
        "max": 134.713851929,
        "mean": 23.9275112152,
        "median": 24.1980381012,
        "min": 0.845855653286,
        "var": 198.624664307
    },
    "pitch_salience": {
        "dmean": 0.0726947933435,
        "dmean2": 0.118413321674,
        "dvar": 0.00622261408716,
        "dvar2": 0.01609348692,
        "max": 0.83409422636,
        "mean": 0.59689873457,
        "median": 0.620587944984,
        "min": 0.156128570437,
        "var": 0.0124317677692
    },
    "silence_rate_20dB": {
        "dmean": 0,
        "dmean2": 0,
        "dvar": 0,
        "dvar2": 0,
        "max": 1,
        "mean": 1,
        "median": 1,
        "min": 1,
        "var": 0
    },
    "silence_rate_30dB": {
        "dmean": 0.0201238393784,
        "dmean2": 0.0402788519859,
        "dvar": 0.019718721509,
        "dvar2": 0.0556982010603,
        "max": 1,
        "mean": 0.988399088383,
        "median": 1,
        "min": 0,
        "var": 0.0114662526175
    },
    "silence_rate_60dB": {
        "dmean": 0.0123839005828,
        "dmean2": 0.0247869864106,
        "dvar": 0.0122305434197,
        "dvar2": 0.0288199335337,
        "max": 1,
        "mean": 0.11059551686,
        "median": 0,
        "min": 0,
        "var": 0.0983632281423
    },
    "spectral_centroid": {
        "dmean": 192.941040039,
        "dmean2": 311.074157715,
        "dvar": 108121.421875,
        "dvar2": 163631.15625,
        "max": 10934.6533203,
        "mean": 1451.30102539,
        "median": 1601.50256348,
        "min": 230.959747314,
        "var": 493709.5
    },
    "spectral_complexity": {
        "dmean": 2.91021680832,
        "dmean2": 4.68474054337,
        "dvar": 8.37593841553,
        "dvar2": 22.0207042694,
        "max": 61,
        "mean": 30.3743228912,
        "median": 39,
        "min": 0,
        "var": 332.759552002
    },
    "spectral_decrease": {
        "dmean": 2.9843059135e-09,
        "dmean2": 5.07150677009e-09,
        "dvar": 3.67241424409e-17,
        "dvar2": 9.81045801783e-17,
        "max": 2.17240097948e-29,
        "mean": -7.6088753076e-09,
        "median": -7.06808522821e-09,
        "min": -4.63777887205e-08,
        "var": 4.66706385823e-17
    },
    "spectral_energy": {
        "dmean": 0.0114721218124,
        "dmean2": 0.0194592177868,
        "dvar": 0.000532878795639,
        "dvar2": 0.00142082816456,
        "max": 0.178345128894,
        "mean": 0.0308497138321,
        "median": 0.0293456111103,
        "min": 1.08751188044e-20,
        "var": 0.000724275887478
    },
    "spectral_energyband_high": {
        "dmean": 0.000267057912424,
        "dmean2": 0.000401506724302,
        "dvar": 2.40057516976e-07,
        "dvar2": 5.00522958191e-07,
        "max": 0.0101535590366,
        "mean": 0.00108009588439,
        "median": 0.000936542171985,
        "min": 7.57972333249e-21,
        "var": 1.25549684071e-06
    },
    "spectral_energyband_low": {
        "dmean": 0.00865593552589,
        "dmean2": 0.0148924095556,
        "dvar": 0.000502970942762,
        "dvar2": 0.00135696190409,
        "max": 0.161060541868,
        "mean": 0.0116239245981,
        "median": 0.00731533206999,
        "min": 5.55309609662e-23,
        "var": 0.000417592265876
    },
    "spectral_energyband_middle_high": {
        "dmean": 0.00126225152053,
        "dmean2": 0.00204971898347,
        "dvar": 2.63896868091e-06,
        "dvar2": 6.82966037857e-06,
        "max": 0.031347323209,
        "mean": 0.00590565102175,
        "median": 0.00620591454208,
        "min": 1.73357366423e-21,
        "var": 2.00817030418e-05
    },
    "spectral_energyband_middle_low": {
        "dmean": 0.00470591476187,
        "dmean2": 0.00774746853858,
        "dvar": 7.43851851439e-05,
        "dvar2": 0.0001891743741,
        "max": 0.102303378284,
        "mean": 0.0133425882086,
        "median": 0.011593577452,
        "min": 3.95625936602e-22,
        "var": 0.000120807009807
    },
    "spectral_entropy": {
        "dmean": 0.110297568142,
        "dmean2": 0.157846882939,
        "dvar": 0.0320875756443,
        "dvar2": 0.0569554381073,
        "max": 9.79146957397,
        "mean": 7.43107509613,
        "median": 7.80661439896,
        "min": 5.02169847488,
        "var": 0.519808709621
    },
    "spectral_flux": {
        "dmean": 0.0242357458919,
        "dmean2": 0.0382061265409,
        "dvar": 0.0014072607737,
        "dvar2": 0.00257268897258,
        "max": 0.347440570593,
        "mean": 0.0865243002772,
        "median": 0.0819394141436,
        "min": 1.04283838509e-10,
        "var": 0.0038815618027
    },
    "spectral_kurtosis": {
        "dmean": 3.098954916,
        "dmean2": 5.06668329239,
        "dvar": 42.221031189,
        "dvar2": 105.70300293,
        "max": 125.548400879,
        "mean": 6.07422161102,
        "median": 2.11682033539,
        "min": -1.68747019768,
        "var": 110.61125946
    },
    "spectral_rms": {
        "dmean": 0.000803359493148,
        "dmean2": 0.00131129147485,
        "dvar": 1.64095717992e-06,
        "dvar2": 4.19868274548e-06,
        "max": 0.0131907258183,
        "mean": 0.00495486520231,
        "median": 0.00535068800673,
        "min": 3.2572798625e-12,
        "var": 5.5465375226e-06
    },
    "spectral_rolloff": {
        "dmean": 446.782012939,
        "dmean2": 736.800048828,
        "dvar": 643009.9375,
        "dvar2": 1171209.875,
        "max": 18776.953125,
        "mean": 1499.46057129,
        "median": 1378.125,
        "min": 86.1328125,
        "var": 1206498.5
    },
    "spectral_skewness": {
        "dmean": 0.29185500741,
        "dmean2": 0.467934757471,
        "dvar": 0.202785432339,
        "dvar2": 0.464871168137,
        "max": 8.7593870163,
        "mean": 1.46038508415,
        "median": 0.926631391048,
        "min": 0.0220101792365,
        "var": 1.29588496685
    },
    "spectral_spread": {
        "dmean": 349849.21875,
        "dmean2": 495116.1875,
        "dvar": 1.69635414016e+12,
        "dvar2": 1.68855221043e+12,
        "max": 41651064,
        "mean": 3458542.25,
        "median": 3463759.25,
        "min": 945745.875,
        "var": 2.98631168e+12
    },
    "spectral_strongpeak": {
        "dmean": 0.369571000338,
        "dmean2": 0.639036953449,
        "dvar": 0.290698260069,
        "dvar2": 0.739649295807,
        "max": 4.84359073639,
        "mean": 0.658673405647,
        "median": 0.411660671234,
        "min": 2.67640665186e-09,
        "var": 0.460039436817
    },
    "zerocrossingrate": {
        "dmean": 0.00776147982106,
        "dmean2": 0.00957159884274,
        "dvar": 0.000249254255323,
        "dvar2": 0.000268153555226,
        "max": 0.5107421875,
        "mean": 0.0557448752224,
        "median": 0.056640625,
        "min": 0.00244140625,
        "var": 0.000886934518348
    },
    "barkbands": {
        "dmean": [0.000274828256806, 0.00689012929797, 0.00231950730085, 0.00132939324249, 0.00270805624314, 0.0011527055176, 0.000773160194512, 0.000697890587617, 0.000867163704243, 0.000413844332797, 0.000333349249559, 0.000289597548544, 0.000302524917061, 0.000385952473152, 0.000206770200748, 0.000229896293604, 0.000257842795691, 0.000193688712898, 0.000230183475651, 0.00018359979731, 0.000120618591609, 8.57388222357e-05, 4.90104248456e-05, 5.0300899602e-05, 1.70073890331e-05, 3.43359403132e-08, 3.23730091623e-08],
        "dmean2": [0.000445028126705, 0.0121046761051, 0.004053380806, 0.00226799584925, 0.0044429176487, 0.00190121296328, 0.00130862102378, 0.00106785248499, 0.0013111619046, 0.000662057544105, 0.000558534346055, 0.000479694397654, 0.000483177544083, 0.000624744512606, 0.000351819238858, 0.000395245238906, 0.000441352225607, 0.000324062944856, 0.000396671908675, 0.000307021313347, 0.000201396862394, 0.000141573662404, 7.44896169635e-05, 7.19782256056e-05, 2.54291408055e-05, 5.67014986075e-08, 5.70474867345e-08],
        "dvar": [2.8555163567e-07, 0.00036211416591, 3.30526308971e-05, 5.89497904002e-06, 2.98046543321e-05, 3.36865855388e-06, 2.6839804832e-06, 1.38069253808e-06, 1.6942426555e-06, 9.53360370204e-07, 4.73569770065e-07, 2.71780947969e-07, 3.46541895624e-07, 4.93885579544e-07, 1.04874978035e-07, 1.00685262794e-07, 1.13211612529e-07, 6.18476789782e-08, 9.86918919921e-08, 6.23316225301e-08, 3.43543398174e-08, 2.89721793223e-08, 7.46962580678e-09, 2.92206365771e-08, 8.63511395721e-09, 1.06391420874e-14, 6.86663225263e-15],
        "dvar2": [7.21481285382e-07, 0.000991096487269, 9.50800822466e-05, 1.66867885127e-05, 7.60355542297e-05, 8.91052604857e-06, 7.32676380721e-06, 2.90513889922e-06, 3.69774306819e-06, 1.98147881747e-06, 1.31126830638e-06, 7.06492528479e-07, 8.67753612965e-07, 1.27241435166e-06, 2.96532277844e-07, 2.83229240949e-07, 3.25191990669e-07, 1.69568167507e-07, 2.75940635674e-07, 1.70583163595e-07, 9.23805458797e-08, 7.27197360106e-08, 1.46539953505e-08, 5.08125879151e-08, 1.69388023608e-08, 2.6519713888e-14, 1.78462540562e-14],
        "max": [0.00668270327151, 0.134731516242, 0.0769675076008, 0.0284210294485, 0.0550001487136, 0.0198622383177, 0.0193346124142, 0.0174631197006, 0.0159203987569, 0.0211323667318, 0.00913849286735, 0.00946787092835, 0.00947273336351, 0.00850380491465, 0.0041018887423, 0.00546706328169, 0.00382257136516, 0.00239540706389, 0.00358137744479, 0.00255294237286, 0.00244136201218, 0.00301577826031, 0.00164573546499, 0.00479079876095, 0.00238236924633, 2.38210577663e-06, 1.01744240055e-06],
        "mean": [0.000338600744726, 0.00721509940922, 0.00315051223151, 0.00187102123164, 0.00446949992329, 0.00225757434964, 0.0010971998563, 0.00133211701177, 0.00197886954993, 0.000722504570149, 0.000599166727625, 0.000549904012587, 0.000557166931685, 0.000705305836163, 0.0004051248834, 0.000499772722833, 0.000594048586208, 0.00048255949514, 0.000631968898233, 0.000495649932418, 0.000373562041204, 0.000217822598643, 0.000151021304191, 0.000129089792608, 2.44984476012e-05, 3.70227795088e-08, 2.63091504138e-08],
        "median": [0.000116417591926, 0.00338389468379, 0.0013797073625, 0.000982810277492, 0.0027417333331, 0.00143038947135, 0.000543152331375, 0.00074788578786, 0.00104055867996, 0.000379040371627, 0.000382446567528, 0.000381583406124, 0.000338547688443, 0.000345868844306, 0.000309446157189, 0.000466513767606, 0.000571915879846, 0.000457233109046, 0.000625571527053, 0.00047133184853, 0.000361095037078, 0.000151471220306, 8.89481671038e-05, 6.15774551989e-05, 5.9830013015e-06, 5.7300129086e-09, 1.04405639689e-09],
        "min": [2.46763698091e-24, 6.4023734131e-24, 2.60171406806e-23, 2.86385002251e-23, 2.18093013919e-23, 4.3064308091e-23, 4.36537165604e-23, 8.42530709809e-23, 1.39205020664e-22, 1.86868526672e-22, 1.02472173308e-22, 4.00509635627e-23, 2.21550622821e-23, 2.22132729594e-22, 1.39949768468e-22, 1.69304267249e-22, 1.51615632861e-22, 1.836713176e-22, 2.90744619956e-22, 4.08012769376e-22, 4.44236631055e-22, 4.6692285705e-22, 5.95560145567e-22, 7.42443976148e-22, 1.21507298598e-21, 1.79072283766e-21, 2.30065141252e-21],
        "var": [3.68293569863e-07, 0.000261404959019, 2.90822263196e-05, 7.03603018337e-06, 3.52785500581e-05, 6.12001667832e-06, 3.19052378472e-06, 3.0055384741e-06, 6.03313583269e-06, 1.72693535205e-06, 6.90437502726e-07, 5.81396705002e-07, 8.21083915525e-07, 1.05306128262e-06, 2.10639697684e-07, 2.40483160496e-07, 3.05937390976e-07, 2.06809275483e-07, 3.42196756264e-07, 2.27717279699e-07, 1.32154568178e-07, 7.24218693904e-08, 3.38406387357e-08, 6.58530012743e-08, 1.52777435147e-08, 1.38857702463e-14, 5.70976524118e-15]
    },
    "erbbands": {
        "dmean": [0.178328558803, 1.64056551456, 2.87816095352, 3.27648806572, 8.21186447144, 8.92858123779, 8.94351863861, 8.94887256622, 8.49491500854, 12.8609771729, 16.1091308594, 21.6503677368, 14.2048254013, 11.8473262787, 10.7675704956, 12.4149198532, 13.7791090012, 14.0558652878, 13.1842784882, 9.3381690979, 12.1030626297, 13.5773267746, 10.1439361572, 10.8273382187, 10.9332351685, 8.40618419647, 5.58916282654, 4.29532003403, 3.13479685783, 2.03172039986, 1.42336809635, 1.17307889462, 0.804307758808, 0.336552113295, 0.015656940639, 0.000748583348468, 7.80938644311e-05, 2.14235060412e-05, 9.71741155809e-06, 1.30418275148e-05],
        "dmean2": [0.299789845943, 2.94503283501, 5.08255386353, 5.58153820038, 14.0030469894, 14.7776422501, 14.8511190414, 14.8131942749, 14.5776605606, 20.9790763855, 25.172996521, 32.5403442383, 21.9232177734, 18.9541358948, 18.2080383301, 20.4598140717, 21.8092365265, 22.9257164001, 22.1786003113, 15.7280979156, 20.7052307129, 23.1871089935, 17.1185951233, 18.2342967987, 18.4603500366, 14.0350780487, 9.40298461914, 7.20684528351, 5.16541719437, 3.17806792259, 2.14213609695, 1.72026705742, 1.164691329, 0.485013097525, 0.0240352861583, 0.00114905345254, 0.00012388228788, 3.56734708475e-05, 1.60575764312e-05, 2.18855930143e-05],
        "dvar": [0.207427039742, 21.8342609406, 57.7265510559, 38.4441108704, 391.542480469, 294.808837891, 242.079574585, 280.274475098, 446.536712646, 531.799072266, 878.495727539, 1136.90270996, 911.919006348, 641.633789062, 480.939819336, 606.659667969, 723.714782715, 479.286376953, 511.063842773, 160.948394775, 253.710906982, 312.575469971, 177.494979858, 217.992218018, 238.033279419, 133.547576904, 75.8437957764, 48.5393753052, 36.0141868591, 14.8773994446, 6.10469913483, 13.9564294815, 8.56265926361, 3.21265435219, 0.0110876290128, 2.11513888644e-05, 6.20035436327e-08, 2.90635182587e-09, 3.60288687773e-10, 6.51494691528e-10],
        "dvar2": [0.537490546703, 61.3546409607, 165.612945557, 108.513931274, 1036.68408203, 758.960327148, 623.460632324, 746.352416992, 1237.03735352, 1417.1171875, 1886.18188477, 2508.88354492, 2101.94213867, 1539.42565918, 1332.10083008, 1587.13928223, 1813.23010254, 1224.3347168, 1392.4375, 439.306365967, 721.462463379, 897.7421875, 493.276763916, 616.217773438, 644.864868164, 374.712280273, 201.240585327, 127.289855957, 90.2702407837, 33.017829895, 11.7979927063, 25.7677936554, 15.429520607, 6.17957639694, 0.022167885676, 4.18133495259e-05, 1.22852938489e-07, 6.7227095002e-09, 9.00366114998e-10, 1.72880698646e-09],
        "max": [3.78846669197, 32.1315803528, 75.8669433594, 82.1977233887, 167.335647583, 217.293319702, 232.169998169, 219.031051636, 329.834411621, 280.028442383, 438.845947266, 406.278625488, 579.031433105, 581.635986328, 371.163482666, 496.393493652, 445.931640625, 273.296569824, 250.329574585, 166.826705933, 251.190567017, 164.567840576, 131.990371704, 148.730667114, 202.601867676, 133.011108398, 110.705856323, 85.6317520142, 102.51815033, 69.1145935059, 50.1721916199, 119.381088257, 62.847568512, 48.8893165588, 2.6541018486, 0.113334581256, 0.00564379105344, 0.000819363631308, 0.000237969084992, 0.0001985689305],
        "mean": [0.196521759033, 1.64753246307, 3.74609446526, 5.28374147415, 11.6726465225, 15.0473556519, 17.3782691956, 17.0837230682, 13.2749557495, 22.5900344849, 34.5749588013, 48.8814697266, 27.8344535828, 24.1634922028, 20.1627483368, 24.7466278076, 27.5458450317, 29.5424518585, 27.9535484314, 22.401014328, 29.9462337494, 33.3658714294, 27.2986030579, 31.0452442169, 31.3038845062, 22.9794273376, 16.4950370789, 12.3918447495, 8.13388156891, 5.66749620438, 4.34016704559, 2.96146202087, 1.91770982742, 0.57125210762, 0.0237678084522, 0.0012457058765, 0.00014092757192, 3.47730674548e-05, 2.44239272433e-05, 3.83403457818e-05],
        "median": [0.0937305986881, 0.728769361973, 1.77948653698, 3.06621408463, 6.20402812958, 8.3813533783, 9.73294067383, 9.92696285248, 6.9268784523, 13.7179813385, 17.6872386932, 23.8147449493, 16.5987243652, 16.4064350128, 14.6451835632, 17.6226768494, 18.3039093018, 18.9080276489, 17.393119812, 20.8160743713, 29.2774810791, 33.2550506592, 26.78216362, 31.5785732269, 30.8908081055, 21.6459941864, 16.0184669495, 11.4832382202, 5.95578193665, 3.24131894112, 2.62036752701, 1.55493426323, 0.80630427599, 0.17227101326, 0.00549069046974, 0.000353682611603, 6.31322836853e-05, 1.62576834555e-05, 2.13742514461e-05, 3.75115014322e-05],
        "min": [1.13056111814e-22, 2.1344632342e-21, 2.48156994888e-20, 7.91335193072e-20, 7.13405215094e-20, 5.34367141386e-20, 1.9805586072e-19, 3.11238208453e-19, 6.31067773243e-19, 7.56272260602e-19, 2.66674943797e-18, 3.94241559132e-18, 3.98864133908e-18, 4.58248257264e-18, 4.1839047673e-18, 1.90967196874e-18, 1.86498312255e-18, 1.13594686929e-17, 6.30183455129e-18, 1.00903163801e-17, 9.37755883451e-18, 7.56221089141e-18, 1.0949507228e-17, 8.73017419991e-18, 2.00486842176e-17, 1.82275981226e-17, 1.630368686e-17, 1.57885088484e-17, 1.42051875486e-17, 2.07685249108e-17, 1.66834057746e-17, 1.26928664696e-17, 1.35121350996e-17, 1.35821484938e-17, 8.63713044306e-18, 6.11318236412e-18, 3.45971951475e-18, 1.42064113623e-18, 3.34165354437e-19, 3.39815262977e-20],
        "var": [0.177161186934, 14.5448598862, 44.4824104309, 51.3872909546, 381.557891846, 423.890411377, 548.856506348, 461.609130859, 459.521179199, 781.347961426, 2232.95898438, 4180.41259766, 1917.47875977, 1040.39367676, 685.323730469, 1139.33764648, 1771.6328125, 1193.98339844, 1180.88671875, 487.099609375, 769.903198242, 927.612548828, 635.922973633, 809.998046875, 861.673828125, 489.267150879, 260.974700928, 160.309906006, 94.5775909424, 51.4281845093, 27.3350696564, 29.7048282623, 18.5718402863, 6.16108179092, 0.0215265415609, 4.17880437453e-05, 1.29645556513e-07, 4.46557901768e-09, 6.24783280667e-10, 1.03611852431e-09]
    },
    "gfcc": {
        "mean": [-30.9331588745, 140.037750244, -151.486846924, 53.0357627869, -72.8545608521, 12.3361558914, -32.4809265137, -2.74887800217, -8.45480728149, -22.7980995178, 7.93222379684, -26.1347980499, 4.05577754974],
        "cov": [[14387.4658203, -2065.72241211, -1177.53942871, 2831.04418945, -12.4771718979, 868.247375488, 652.075012207, 499.631713867, 605.786437988, 529.363098145, -155.928100586, 575.513793945, 128.369293213], [-2065.72241211, 829.969238281, 185.151443481, -712.081481934, 67.9141540527, -304.899993896, -127.440948486, -128.683639526, -132.91885376, -156.642410278, 107.251152039, -172.503860474, 11.9379024506], [-1177.53942871, 185.151443481, 491.746032715, -289.681365967, -70.1916503906, -60.1175727844, -125.031295776, -72.5848464966, -122.208396912, -43.1220321655, 10.0140352249, -43.4942512512, 5.2457151413], [2831.04418945, -712.081481934, -289.681365967, 1155.19287109, 33.5809555054, 238.520965576, 273.126434326, 20.9988956451, 258.180664062, 169.491867065, -130.006530762, 240.182952881, -0.492614269257], [-12.4771718979, 67.9141540527, -70.1916503906, 33.5809555054, 178.475479126, -7.98620128632, 39.1145858765, 33.9373168945, 27.4617424011, 8.31809043884, 19.9406147003, 6.59027147293, 23.6489944458], [868.247375488, -304.899993896, -60.1175727844, 238.520965576, -7.98620128632, 240.633270264, 104.031852722, 86.7018508911, 41.514465332, 41.0507240295, -33.5625, 73.2255401611, 2.66061115265], [652.075012207, -127.440948486, -125.031295776, 273.126434326, 39.1145858765, 104.031852722, 222.312301636, 49.8130874634, 72.9463043213, 30.3320732117, -19.9253463745, 80.931022644, 17.7974338531], [499.631713867, -128.683639526, -72.5848464966, 20.9988956451, 33.9373168945, 86.7018508911, 49.8130874634, 178.634979248, 11.4200725555, 31.1292953491, 25.3339595795, 11.5083618164, 42.4317703247], [605.786437988, -132.91885376, -122.208396912, 258.180664062, 27.4617424011, 41.514465332, 72.9463043213, 11.4200725555, 140.583129883, 51.8967514038, -34.8257408142, 48.274269104, -18.0910797119], [529.363098145, -156.642410278, -43.1220321655, 169.491867065, 8.31809043884, 41.0507240295, 30.3320732117, 31.1292953491, 51.8967514038, 96.6715164185, -2.17137742043, 33.0516090393, 2.75209403038], [-155.928100586, 107.251152039, 10.0140352249, -130.006530762, 19.9406147003, -33.5625, -19.9253463745, 25.3339595795, -34.8257408142, -2.17137742043, 86.2044830322, -11.6143274307, 14.5178346634], [575.513793945, -172.503860474, -43.4942512512, 240.182952881, 6.59027147293, 73.2255401611, 80.931022644, 11.5083618164, 48.274269104, 33.0516090393, -11.6143274307, 121.818740845, 31.9401454926], [128.369293213, 11.9379024506, 5.2457151413, -0.492614269257, 23.6489944458, 2.66061115265, 17.7974338531, 42.4317703247, -18.0910797119, 2.75209403038, 14.5178346634, 31.9401454926, 84.8164138794]],
        "icov": [[0.000197777757421, -0.000266300106887, 0.000263705500402, -0.000629349437077, 0.000356053264113, -0.000367509230273, 0.000350995280314, -0.000458170834463, 0.000177469337359, -0.000243868911639, -0.000201998191187, 5.20465764566e-05, -0.000153263157699], [-0.000266300106887, 0.0109208980575, -0.0019036779413, 0.00492952903733, -0.00408394122496, 0.00546003459021, -0.00576978875324, 0.00794982351363, -0.00541977304965, 0.00735439779237, -0.00706495111808, 0.00732637662441, -0.00573101593181], [0.000263705500402, -0.0019036779413, 0.00364302447997, -0.000812895304989, 0.00145451212302, -0.00155673269182, 0.00196277000941, -0.000568785239011, 0.00283219944686, -0.00223165331408, 0.00167214137036, -0.00185234984383, 0.000242613939918], [-0.000629349437077, 0.00492952903733, -0.000812895304989, 0.00684022856876, -0.00270875776187, 0.00239675189368, -0.00418954342604, 0.0051633422263, -0.00426077283919, 0.000583646236919, 0.000621718354523, -0.000869802024681, -0.00138183136005], [0.000356053264113, -0.00408394122496, 0.00145451212302, -0.00270875776187, 0.00866439472884, -0.00170720752794, 0.00151957175694, -0.00379726709798, 0.000441632553702, -0.00227218680084, 0.000285549816908, -0.0011516091181, -0.000298512692098], [-0.000367509230273, 0.00546003459021, -0.00155673269182, 0.00239675189368, -0.00170720752794, 0.0115666724741, -0.00480004027486, -0.000746253877878, -0.000411295244703, 0.00330179859884, -4.28058338002e-05, -0.000518079148605, 0.00139921414666], [0.000350995280314, -0.00576978875324, 0.00196277000941, -0.00418954342604, 0.00151957175694, -0.00480004027486, 0.0113960616291, -0.00528641557321, 0.0016837338917, -0.00201856321655, 0.00275021977723, -0.00556065700948, 0.00216331961565], [-0.000458170834463, 0.00794982351363, -0.000568785239011, 0.0051633422263, -0.00379726709798, -0.000746253877878, -0.00528641557321, 0.0170732550323, -0.00550203258172, 0.00292482529767, -0.00779420044273, 0.00885169766843, -0.00997796747833], [0.000177469337359, -0.00541977304965, 0.00283219944686, -0.00426077283919, 0.000441632553702, -0.000411295244703, 0.0016837338917, -0.00550203258172, 0.0189867392182, -0.00774228200316, 0.00733233522624, -0.00629902957007, 0.008001383394], [-0.000243868911639, 0.00735439779237, -0.00223165331408, 0.000583646236919, -0.00227218680084, 0.00330179859884, -0.00201856321655, 0.00292482529767, -0.00774228200316, 0.022033745423, -0.00900833308697, 0.00614727055654, -0.00417366391048], [-0.000201998191187, -0.00706495111808, 0.00167214137036, 0.000621718354523, 0.000285549816908, -4.28058338002e-05, 0.00275021977723, -0.00779420044273, 0.00733233522624, -0.00900833308697, 0.0238802861422, -0.010567872785, 0.00619258079678], [5.20465764566e-05, 0.00732637662441, -0.00185234984383, -0.000869802024681, -0.0011516091181, -0.000518079148605, -0.00556065700948, 0.00885169766843, -0.00629902957007, 0.00614727055654, -0.010567872785, 0.02596697025, -0.0134373707697], [-0.000153263157699, -0.00573101593181, 0.000242613939918, -0.00138183136005, -0.000298512692098, 0.00139921414666, 0.00216331961565, -0.00997796747833, 0.008001383394, -0.00417366391048, 0.00619258079678, -0.0134373707697, 0.0232252683491]]
    },
    "melbands": {
        "dmean": [0.00177242455538, 0.00173110270407, 0.000687410240062, 0.000631162780337, 0.000309363502311, 0.000201071932679, 0.000139810377732, 0.00013559225772, 0.000135329319164, 0.000138030518428, 6.99363081367e-05, 4.8275829613e-05, 3.97919611714e-05, 3.14867356792e-05, 3.61856436939e-05, 2.62359571934e-05, 3.21490806527e-05, 2.76261525869e-05, 1.70626262843e-05, 1.57729282364e-05, 1.55609668582e-05, 1.57351460075e-05, 1.26287759485e-05, 8.90128376341e-06, 1.00696870504e-05, 9.41651705944e-06, 8.79216895555e-06, 5.47178342458e-06, 3.810663884e-06, 3.75263380192e-06, 2.60224783233e-06, 2.01401553568e-06, 1.68963310898e-06, 1.10289329314e-06, 9.71566350927e-07, 7.76491162924e-07, 7.77690502218e-07, 6.47577223845e-07, 5.41147926469e-07, 2.07495133964e-07],
        "dmean2": [0.00304508279078, 0.00308013916947, 0.0011760678608, 0.00104476872366, 0.000515102408826, 0.00033109515789, 0.000239038912696, 0.000214683328522, 0.000214450701606, 0.000205755321076, 0.000108345688204, 7.74502332206e-05, 6.63894752506e-05, 5.1976134273e-05, 5.75655940338e-05, 4.21950571763e-05, 5.25096620549e-05, 4.59200600744e-05, 2.88162082143e-05, 2.68073799816e-05, 2.64635273197e-05, 2.67613577307e-05, 2.17049528146e-05, 1.50225532707e-05, 1.69993800228e-05, 1.61276857398e-05, 1.48494100358e-05, 9.24688174564e-06, 6.37565244688e-06, 6.2732524384e-06, 4.38999768448e-06, 3.3912458548e-06, 2.8308788842e-06, 1.71058889009e-06, 1.51093161094e-06, 1.16110368253e-06, 1.16877106393e-06, 9.53674430093e-07, 8.18332523522e-07, 3.06452818677e-07],
        "dvar": [2.25288367801e-05, 2.2076528694e-05, 1.62606613685e-06, 1.85837939171e-06, 2.7637219091e-07, 1.26541337409e-07, 1.07542156513e-07, 5.23119574325e-08, 5.81480179562e-08, 4.77717811975e-08, 2.26668106507e-08, 1.24893109188e-08, 7.45195904983e-09, 3.08701797458e-09, 7.06123515215e-09, 2.08049866224e-09, 2.82417578212e-09, 2.55166554552e-09, 7.50599471466e-10, 5.39564670721e-10, 4.22431645219e-10, 4.1234402004e-10, 2.95712676568e-10, 1.35215713626e-10, 1.87557330777e-10, 1.64581209772e-10, 1.5664415598e-10, 5.93265089832e-11, 3.35235728066e-11, 2.98587266023e-11, 2.01338008765e-11, 1.33502896238e-11, 1.43712854117e-11, 3.86182752443e-12, 2.53093184431e-12, 2.23638967588e-12, 8.74549911656e-12, 3.98550073152e-12, 5.92182119313e-12, 1.66393819296e-12],
        "dvar2": [6.04405540798e-05, 6.24169333605e-05, 4.54911287306e-06, 4.81198640045e-06, 7.08033098817e-07, 3.36793505085e-07, 2.95133361305e-07, 1.36349939339e-07, 1.27143550799e-07, 1.0459806532e-07, 5.11923197166e-08, 3.02953218068e-08, 2.13694448803e-08, 8.33878122108e-09, 1.78009091911e-08, 4.61829641196e-09, 7.20027149015e-09, 6.79030431883e-09, 2.11586392851e-09, 1.47065482015e-09, 1.20464105358e-09, 1.17979770398e-09, 8.77521666443e-10, 3.58742285878e-10, 5.32620281213e-10, 4.60685184445e-10, 4.27135271597e-10, 1.66288746661e-10, 9.03413316378e-11, 8.15894712902e-11, 5.24644494515e-11, 3.47639209086e-11, 3.72059744125e-11, 8.37106686052e-12, 5.4431749906e-12, 4.09339532756e-12, 1.76989742307e-11, 7.4382583426e-12, 1.14145828206e-11, 3.32472417652e-12],
        "max": [0.0349815487862, 0.0347485654056, 0.0118122007698, 0.0141414944082, 0.00645447243005, 0.00434565218166, 0.00446829106659, 0.00259283394553, 0.00341959600337, 0.00271237827837, 0.00294726761058, 0.00274312752299, 0.00136252935044, 0.00085497868713, 0.00205846410245, 0.00088750012219, 0.000664589868393, 0.000516876170877, 0.000369917135686, 0.000413363071857, 0.00027388514718, 0.000183277559699, 0.000193972082343, 0.000119995340356, 0.00013406414655, 0.000133995854412, 0.000146558086271, 8.26011382742e-05, 6.67437489028e-05, 5.77912396693e-05, 5.55114384042e-05, 4.58785725641e-05, 8.91551462701e-05, 2.66519855359e-05, 2.55820250459e-05, 3.8523467083e-05, 9.33510018513e-05, 4.2948700866e-05, 4.58832146251e-05, 3.73665643565e-05],
        "mean": [0.00191528873984, 0.00209418358281, 0.00109513255302, 0.00100436829962, 0.000609095790423, 0.000387731066439, 0.00021396689408, 0.000248935539275, 0.000293180841254, 0.000306068250211, 0.000128976374981, 9.35914940783e-05, 7.03624682501e-05, 5.73606885155e-05, 7.21894248272e-05, 4.94664855069e-05, 6.06196808803e-05, 5.1281593187e-05, 3.14898024953e-05, 3.16944060614e-05, 3.5432389268e-05, 3.50490117853e-05, 2.88436895062e-05, 2.17469205381e-05, 2.56365001405e-05, 2.31925769185e-05, 2.2387415811e-05, 1.30716271087e-05, 9.74071826931e-06, 9.66548759607e-06, 6.38550318399e-06, 4.63853757537e-06, 3.8544931158e-06, 2.84253110294e-06, 2.6241220894e-06, 2.01113789444e-06, 1.72024840595e-06, 1.43483043757e-06, 1.02902424715e-06, 2.73264987527e-07],
        "median": [0.000925883825403, 0.00108131684829, 0.000686884624884, 0.000543697038665, 0.000386881671147, 0.000241398956859, 0.000115232913231, 0.000146271398989, 0.000141738899401, 0.000140580435982, 7.66286757425e-05, 6.07708207099e-05, 4.76196364616e-05, 4.30279542343e-05, 4.20370161009e-05, 3.2383522921e-05, 3.35328004439e-05, 2.76037717413e-05, 2.33136452152e-05, 2.87636903522e-05, 3.27559610014e-05, 3.33273601427e-05, 2.71464268735e-05, 1.94386884687e-05, 2.52051868301e-05, 2.24480500037e-05, 2.010209937e-05, 1.161684213e-05, 8.88679187483e-06, 8.58989642438e-06, 5.20012281413e-06, 3.36094262821e-06, 2.37842709794e-06, 1.39464668791e-06, 1.56583791977e-06, 1.05978369902e-06, 8.33097942632e-07, 5.91408991113e-07, 3.66756978565e-07, 4.60294913296e-08],
        "min": [1.57316939277e-24, 9.29560874099e-24, 1.26023203848e-23, 4.9067850391e-24, 5.22359986167e-24, 8.17370338336e-24, 9.75755464303e-24, 9.17290537149e-24, 2.48366655562e-23, 2.18487160382e-23, 2.07121520672e-23, 2.00665341029e-23, 1.48962576885e-23, 5.03090678051e-24, 3.75188399638e-24, 5.58694722246e-24, 2.33504232118e-23, 9.23118089314e-24, 1.20378328202e-23, 1.22488602121e-23, 1.13079613558e-23, 7.70990760249e-24, 9.86701698224e-24, 8.13925856079e-24, 6.24272334867e-24, 1.38148745379e-23, 1.59892781152e-23, 1.10121700707e-23, 8.68074057474e-24, 1.31902576286e-23, 7.49519307472e-24, 5.30735677385e-24, 1.43038199933e-23, 1.0928294435e-23, 9.92499037017e-24, 8.11661430851e-24, 7.62049100774e-24, 8.88242785352e-24, 1.10024655039e-23, 1.15864292553e-23],
        "var": [1.75096411112e-05, 1.58652746904e-05, 1.96485757442e-06, 2.10333450923e-06, 5.34910554961e-07, 2.0497533626e-07, 1.19138633181e-07, 8.86146196422e-08, 1.62019560435e-07, 1.77202977625e-07, 4.7060975561e-08, 1.82889063893e-08, 9.56071044556e-09, 5.25245136274e-09, 1.40316069874e-08, 5.02122965429e-09, 6.36044727997e-09, 5.32102317763e-09, 1.43129763597e-09, 1.11029374583e-09, 1.13754328179e-09, 1.08773012819e-09, 7.37136129914e-10, 4.48493353566e-10, 5.87101978144e-10, 4.87160534135e-10, 4.94929153216e-10, 1.71013370132e-10, 9.58631091175e-11, 9.60558577123e-11, 5.0475082447e-11, 3.13893008808e-11, 2.79849979995e-11, 1.36990844016e-11, 9.88513871453e-12, 8.05703160439e-12, 1.42670250614e-11, 9.16596659684e-12, 9.97848852158e-12, 3.14470519937e-12]
    },
    "mfcc": {
        "mean": [-644.770507812, 132.752975464, -5.09097623825, 23.9322910309, -0.0680139809847, -0.354835689068, 0.416569977999, 3.9443154335, -7.39168691635, 7.28343105316, -5.58229160309, 0.445734322071, -8.19185352325],
        "cov": [[14431.5166016, -3190.72436523, -905.54119873, 1991.48974609, -131.813262939, 1209.7487793, -104.930488586, 825.748718262, 696.680603027, 362.701080322, 316.136871338, 630.181762695, 264.273742676], [-3190.72436523, 1668.74938965, 77.2037811279, -660.453613281, 74.7909393311, -534.501281738, 87.4548950195, -283.039825439, -294.930450439, -46.744102478, -149.035186768, -183.293991089, -61.4015159607], [-905.54119873, 77.2037811279, 464.121124268, -129.79624939, -33.8856964111, -4.30936002731, -23.9251880646, -74.4266586304, -60.3474807739, -66.2079544067, -42.8431739807, -66.0210571289, -24.6372032166], [1991.48974609, -660.453613281, -129.79624939, 633.668884277, -44.312625885, 322.520202637, -84.7712249756, 127.949142456, 157.081069946, 5.42356443405, 63.6868896484, 130.590713501, 42.2383766174], [-131.813262939, 74.7909393311, -33.8856964111, -44.312625885, 144.319946289, -57.9165039062, 7.24156332016, -31.4278888702, -9.58700084686, 8.76729011536, -7.51974582672, -5.44010353088, 3.76710391045], [1209.7487793, -534.501281738, -4.30936002731, 322.520202637, -57.9165039062, 332.239532471, -44.8163642883, 118.861442566, 114.417556763, -10.045592308, 59.2627334595, 77.6851501465, 11.1295099258], [-104.930488586, 87.4548950195, -23.9251880646, -84.7712249756, 7.24156332016, -44.8163642883, 160.062911987, 41.7128944397, 13.8985557556, 16.0230979919, -17.6093444824, 2.20793509483, 15.1440563202], [825.748718262, -283.039825439, -74.4266586304, 127.949142456, -31.4278888702, 118.861442566, 41.7128944397, 172.17767334, 92.360458374, 28.1218490601, 21.980632782, 54.3791122437, 29.2977542877], [696.680603027, -294.930450439, -60.3474807739, 157.081069946, -9.58700084686, 114.417556763, 13.8985557556, 92.360458374, 159.961334229, 22.7549819946, 23.755279541, 51.4799613953, 23.2948093414], [362.701080322, -46.744102478, -66.2079544067, 5.42356443405, 8.76729011536, -10.045592308, 16.0230979919, 28.1218490601, 22.7549819946, 94.3094558716, 22.6122684479, 12.5349235535, 0.200591385365], [316.136871338, -149.035186768, -42.8431739807, 63.6868896484, -7.51974582672, 59.2627334595, -17.6093444824, 21.980632782, 23.755279541, 22.6122684479, 100.204597473, 24.3857383728, -6.97408771515], [630.181762695, -183.293991089, -66.0210571289, 130.590713501, -5.44010353088, 77.6851501465, 2.20793509483, 54.3791122437, 51.4799613953, 12.5349235535, 24.3857383728, 99.0667114258, 28.0174217224], [264.273742676, -61.4015159607, -24.6372032166, 42.2383766174, 3.76710391045, 11.1295099258, 15.1440563202, 29.2977542877, 23.2948093414, 0.200591385365, -6.97408771515, 28.0174217224, 66.6330871582]],
