{
"lowlevel": {
    "average_loudness": 0.922327876091,
    "barkbands_crest": {
        "dmean": 1.98262000084,
        "dmean2": 3.28556346893,
        "dvar": 3.56453871727,
        "dvar2": 10.0707702637,
        "max": 24.102766037,
        "mean": 12.7878541946,
        "median": 12.0040740967,
        "min": 4.45299053192,
        "var": 16.0122833252
    },
    "barkbands_flatness_db": {
        "dmean": 0.0165892355144,
        "dmean2": 0.0263595432043,
        "dvar": 0.000247397401836,
        "dvar2": 0.000581112864893,
        "max": 0.459749430418,
        "mean": 0.305546700954,
        "median": 0.308412820101,
        "min": 0.0634252429008,
        "var": 0.00288046174683
    },
    "barkbands_kurtosis": {
        "dmean": 3.73938345909,
        "dmean2": 6.00781679153,
        "dvar": 41.1724281311,
        "dvar2": 112.455055237,
        "max": 121.835281372,
        "mean": 8.98725509644,
        "median": 5.60235118866,
        "min": -1.748960495,
        "var": 110.568092346
    },
    "barkbands_skewness": {
        "dmean": 0.453235715628,
        "dmean2": 0.712744414806,
        "dvar": 0.242938861251,
        "dvar2": 0.626237392426,
        "max": 9.22916603088,
        "mean": 1.89261114597,
        "median": 1.66095519066,
        "min": -1.79076421261,
        "var": 1.46592521667
    },
    "barkbands_spread": {
        "dmean": 1.05446696281,
        "dmean2": 1.62765622139,
        "dvar": 3.73187851906,
        "dvar2": 9.10398578644,
        "max": 67.5016937256,
        "mean": 5.30472517014,
        "median": 4.47070360184,
        "min": 0.574918925762,
        "var": 13.1786174774
    },
    "dissonance": {
        "dmean": 0.0369478650391,
        "dmean2": 0.0622427761555,
        "dvar": 0.00101188302506,
        "dvar2": 0.00280408142135,
        "max": 0.498424619436,
        "mean": 0.396938145161,
        "median": 0.400361895561,
        "min": 0.0545126907527,
        "var": 0.00222153705545
    },
    "dynamic_complexity": 2.65585160255,
    "erbbands_crest": {
        "dmean": 2.44288158417,
        "dmean2": 3.88229560852,
        "dvar": 5.19453382492,
        "dvar2": 12.9287071228,
        "max": 31.3918056488,
        "mean": 12.616809845,
        "median": 11.6201553345,
        "min": 2.70152688026,
        "var": 22.5597305298
    },
    "erbbands_flatness_db": {
        "dmean": 0.0143346861005,
        "dmean2": 0.0211064498872,
        "dvar": 0.000200073540327,
        "dvar2": 0.000432437402196,
        "max": 0.371314316988,
        "mean": 0.250847995281,
        "median": 0.251857936382,
        "min": 0.0330189727247,
        "var": 0.00139106845018
    },
    "erbbands_kurtosis": {
        "dmean": 1.53124928474,
        "dmean2": 2.43591427803,
        "dvar": 4.73440980911,
        "dvar2": 12.5693073273,
        "max": 32.8865623474,
        "mean": 2.74370360374,
        "median": 1.557762146,
        "min": -1.45143902302,
        "var": 15.2549982071
    },
    "erbbands_skewness": {
        "dmean": 0.347714930773,
        "dmean2": 0.530323624611,
        "dvar": 0.117553204298,
        "dvar2": 0.270399153233,
        "max": 5.06312179565,
        "mean": 1.01160109043,
        "median": 0.981943845749,
        "min": -2.89348220825,
        "var": 0.78177344799
    },
    "erbbands_spread": {
        "dmean": 3.28845643997,
        "dmean2": 5.12205982208,
        "dvar": 16.2465896606,
        "dvar2": 39.4916000366,
        "max": 102.42326355,
        "mean": 17.1966075897,
        "median": 16.3461055756,
        "min": 2.61704945564,
        "var": 60.700214386
    },
    "hfc": {
        "dmean": 2.19197940826,
        "dmean2": 3.33634519577,
        "dvar": 8.2505531311,
        "dvar2": 18.4549255371,
        "max": 79.9040985107,
        "mean": 11.166009903,
        "median": 9.36416530609,
        "min": 1.14718846889e-16,
        "var": 73.1098937988
    },
    "melbands_crest": {
        "dmean": 2.22439575195,
        "dmean2": 3.58251214027,
        "dvar": 4.84453773499,
        "dvar2": 12.207824707,
        "max": 30.5651702881,
        "mean": 17.5033473969,
        "median": 16.5860710144,
        "min": 1.69698429108,
        "var": 34.8750839233
    },
    "melbands_flatness_db": {
        "dmean": 0.0181711670011,
        "dmean2": 0.0272376015782,
        "dvar": 0.00035862941877,
        "dvar2": 0.000743777898606,
        "max": 0.581728875637,
        "mean": 0.405057489872,
        "median": 0.410420119762,
        "min": 0.00450164312497,
        "var": 0.00492503028363
    },
    "melbands_kurtosis": {
        "dmean": 5.57130718231,
        "dmean2": 8.77847576141,
        "dvar": 83.26222229,
        "dvar2": 205.729034424,
        "max": 261.6590271,
        "mean": 14.3149728775,
        "median": 8.70948886871,
        "min": -1.63252294064,
        "var": 259.768432617
    },
    "melbands_skewness": {
        "dmean": 0.510833024979,
        "dmean2": 0.805110692978,
        "dvar": 0.292410731316,
        "dvar2": 0.731956243515,
        "max": 10.8555755615,
        "mean": 2.42317605019,
        "median": 2.16647100449,
        "min": -1.08386981487,
        "var": 1.85682082176
    },
    "melbands_spread": {
        "dmean": 1.26394021511,
        "dmean2": 1.8884614706,
        "dvar": 9.66175842285,
        "dvar2": 13.5016641617,
        "max": 125.156806946,
        "mean": 6.09821939468,
        "median": 4.65646886826,
        "min": 0.588047206402,
        "var": 35.7769470215
    },
    "pitch_salience": {
        "dmean": 0.0554023236036,
        "dmean2": 0.0903692543507,
        "dvar": 0.00282665039413,
        "dvar2": 0.00708285858855,
        "max": 0.971262037754,
        "mean": 0.47086596489,
        "median": 0.475615531206,
        "min": 0.106103852391,
        "var": 0.0138687081635
    },
    "silence_rate_20dB": {
        "dmean": 0,
        "dmean2": 0,
        "dvar": 0,
        "dvar2": 0,
        "max": 1,
        "mean": 1,
        "median": 1,
        "min": 1,
        "var": 0
    },
    "silence_rate_30dB": {
        "dmean": 0.00231839250773,
        "dmean2": 0.00463857734576,
        "dvar": 0.00231303018518,
        "dvar2": 0.00616332935169,
        "max": 1,
        "mean": 0.998454988003,
        "median": 1,
        "min": 0,
        "var": 0.00154261023272
    },
    "silence_rate_60dB": {
        "dmean": 0.000772797502577,
        "dmean2": 0.00154619244859,
        "dvar": 0.000772199186031,
        "dvar2": 0.00154379545711,
        "max": 1,
        "mean": 0.0254924688488,
        "median": 0,
        "min": 0,
        "var": 0.0248420219868
    },
    "spectral_centroid": {
        "dmean": 46.3712425232,
        "dmean2": 65.0628356934,
        "dvar": 59927.5859375,
        "dvar2": 39142.2070312,
        "max": 11228.453125,
        "mean": 377.053222656,
        "median": 338.724395752,
        "min": 143.432769775,
        "var": 111792.78125
    },
    "spectral_complexity": {
        "dmean": 1.32225656509,
        "dmean2": 2.22651720047,
        "dvar": 1.42009532452,
        "dvar2": 3.6309504509,
        "max": 20,
        "mean": 10.1367321014,
        "median": 10,
        "min": 0,
        "var": 13.1636419296
    },
    "spectral_decrease": {
        "dmean": 2.18150808529e-09,
        "dmean2": 3.62098839801e-09,
        "dvar": 7.58116821669e-18,
        "dvar2": 2.14799267074e-17,
        "max": 8.36008573039e-29,
        "mean": -1.11404512282e-08,
        "median": -1.10539701836e-08,
        "min": -3.40320376324e-08,
        "var": 3.54657691186e-17
    },
    "spectral_energy": {
        "dmean": 0.00840581208467,
        "dmean2": 0.0139293018728,
        "dvar": 0.000111718174594,
        "dvar2": 0.000315992161632,
        "max": 0.131209671497,
        "mean": 0.0430592671037,
        "median": 0.0428064987063,
        "min": 1.0365693485e-20,
        "var": 0.000530695891939
    },
    "spectral_energyband_high": {
        "dmean": 7.86300279287e-06,
        "dmean2": 1.10936598503e-05,
        "dvar": 2.1484500845e-09,
        "dvar2": 4.2902086328e-09,
        "max": 0.00169757625554,
        "mean": 1.96372802748e-05,
        "median": 4.54060500488e-06,
        "min": 7.54621686313e-21,
        "var": 4.76583705833e-09
    },
    "spectral_energyband_low": {
        "dmean": 0.00520212203264,
        "dmean2": 0.00893815979362,
        "dvar": 4.6516997827e-05,
        "dvar2": 0.000147475017002,
        "max": 0.0926436036825,
        "mean": 0.0217269994318,
        "median": 0.0161102190614,
        "min": 2.05916630303e-23,
        "var": 0.000258597283391
    },
    "spectral_energyband_middle_high": {
        "dmean": 0.000700086413417,
        "dmean2": 0.000985502963886,
        "dvar": 4.1366502046e-06,
        "dvar2": 7.74410364102e-06,
        "max": 0.0674650296569,
        "mean": 0.00213608355261,
        "median": 0.000772116531152,
        "min": 1.61830636899e-21,
        "var": 2.62637258857e-05
    },
    "spectral_energyband_middle_low": {
        "dmean": 0.00621529435739,
        "dmean2": 0.00993180461228,
        "dvar": 9.36533106142e-05,
        "dvar2": 0.000244009046583,
        "max": 0.112665176392,
        "mean": 0.0210883077234,
        "median": 0.0169024225324,
        "min": 1.9821811464e-22,
        "var": 0.00026518519735
    },
    "spectral_entropy": {
        "dmean": 0.145358815789,
        "dmean2": 0.225495144725,
        "dvar": 0.0236592087895,
        "dvar2": 0.0501077212393,
        "max": 9.80734825134,
        "mean": 6.02382469177,
        "median": 6.02444314957,
        "min": 4.81498241425,
        "var": 0.161155804992
    },
    "spectral_flux": {
        "dmean": 0.0197740532458,
        "dmean2": 0.0321725271642,
        "dvar": 0.000654340256006,
        "dvar2": 0.00152601685841,
        "max": 0.282255798578,
        "mean": 0.0618756338954,
        "median": 0.0532080195844,
        "min": 1.01812051845e-10,
        "var": 0.00140828976873
    },
    "spectral_kurtosis": {
        "dmean": 9.70486068726,
        "dmean2": 16.27891922,
        "dvar": 86.890914917,
        "dvar2": 231.443588257,
        "max": 102.101745605,
        "mean": 33.0724868774,
        "median": 29.0776252747,
        "min": -1.22439944744,
        "var": 355.884490967
    },
    "spectral_rms": {
        "dmean": 0.000616371515207,
        "dmean2": 0.00100657704752,
        "dvar": 4.80546816561e-07,
        "dvar2": 1.32589696022e-06,
        "max": 0.0113141248003,
        "mean": 0.00618927553296,
        "median": 0.00646238634363,
        "min": 3.18007425948e-12,
        "var": 3.70184102394e-06
    },
    "spectral_rolloff": {
        "dmean": 74.491973877,
        "dmean2": 124.378936768,
        "dvar": 207966.515625,
        "dvar2": 297378.90625,
        "max": 19143.0175781,
        "mean": 424.314697266,
        "median": 344.53125,
        "min": 86.1328125,
        "var": 471390.59375
    },
    "spectral_skewness": {
        "dmean": 0.615629732609,
        "dmean2": 1.01620721817,
        "dvar": 0.290096491575,
        "dvar2": 0.773814022541,
        "max": 8.07249069214,
        "mean": 4.38635730743,
        "median": 4.29345035553,
        "min": -0.0373986512423,
        "var": 1.40843987465
    },
    "spectral_spread": {
        "dmean": 363892.375,
        "dmean2": 552093.375,
        "dvar": 879049768960,
        "dvar2": 864443432960,
        "max": 40438896,
        "mean": 2185489,
        "median": 1960962.625,
        "min": 876977.125,
        "var": 2.22858969088e+12
    },
    "spectral_strongpeak": {
        "dmean": 0.319326877594,
        "dmean2": 0.544274926186,
        "dvar": 0.392812460661,
        "dvar2": 0.967975974083,
        "max": 10.2146835327,
        "mean": 0.949425935745,
        "median": 0.748933553696,
        "min": 3.95004917664e-09,
        "var": 0.981207966805
    },
    "zerocrossingrate": {
        "dmean": 0.00255026947707,
        "dmean2": 0.00340343546122,
        "dvar": 0.000172677289811,
        "dvar2": 0.000262387358816,
        "max": 0.50830078125,
        "mean": 0.016424657777,
        "median": 0.01416015625,
        "min": 0.0029296875,
        "var": 0.000334434444085
    },
    "barkbands": {
        "dmean": [9.89424825093e-06, 0.00164289807435, 0.00345870084129, 0.00261957803741, 0.00286705698818, 0.00249406113289, 0.00052977463929, 0.000486180913867, 0.000384491402656, 0.000429047766374, 0.000318718230119, 0.000123057558085, 0.000110702349048, 8.72479940881e-05, 8.41978107928e-05, 1.70346720552e-05, 1.32521499836e-05, 1.1421403542e-05, 3.84661507269e-06, 1.40811425808e-06, 1.07448124709e-06, 1.25614394619e-06, 2.22765424951e-06, 2.87013153866e-06, 2.00457293431e-06, 3.58275485723e-07, 1.90932514244e-09],
        "dmean2": [1.70598486875e-05, 0.00259164255112, 0.00602769106627, 0.00443296739832, 0.00451828027144, 0.00400259532034, 0.000780701229814, 0.000694208603818, 0.000514361367095, 0.000598737213295, 0.000430753425462, 0.000186032208148, 0.000171377541847, 0.000136330389068, 0.000130642438307, 2.52928984992e-05, 2.16974676732e-05, 1.80859569809e-05, 6.22731386102e-06, 2.28870226238e-06, 1.66932693446e-06, 1.89202376077e-06, 3.24195480061e-06, 4.19144680563e-06, 3.05888738694e-06, 5.47113643279e-07, 3.59367891001e-09],
        "dvar": [5.02791697166e-10, 4.41048314315e-06, 3.31292903866e-05, 2.18495861191e-05, 4.11472465203e-05, 1.88237045222e-05, 1.67232929016e-06, 1.80767881375e-06, 1.55448515216e-06, 1.38715495268e-06, 2.85287524093e-06, 8.39754989101e-07, 1.38300720209e-07, 9.64218145327e-08, 4.89549698557e-08, 1.87000126495e-09, 1.02057018392e-09, 1.2765493107e-09, 2.93891716519e-10, 1.85209798886e-11, 1.29310789507e-11, 7.26247603722e-11, 6.53290893604e-11, 2.24907509283e-10, 3.53467921599e-10, 4.45413150807e-12, 6.25659728437e-18],
        "dvar2": [1.37723976668e-09, 1.21848870549e-05, 0.000108892891149, 6.15306998952e-05, 0.000102840916952, 5.55679835088e-05, 4.12477947975e-06, 3.3580474792e-06, 2.35933816839e-06, 2.5025008199e-06, 5.00935220771e-06, 1.72214504346e-06, 3.00952137877e-07, 1.73552336946e-07, 8.97179575077e-08, 3.5760228112e-09, 2.66483923816e-09, 3.41004580129e-09, 8.12635014835e-10, 4.22714328818e-11, 2.55565273805e-11, 1.47009446283e-10, 1.23673765673e-10, 4.76495676249e-10, 8.94588569889e-10, 9.86951232546e-12, 2.15041465557e-17],
        "max": [0.00044184277067, 0.0375633314252, 0.0689030438662, 0.0534829460084, 0.0965259745717, 0.0789993926883, 0.0228226203471, 0.0458921715617, 0.0321528203785, 0.0338515117764, 0.064686268568, 0.0410203933716, 0.00949369184673, 0.0135998707265, 0.00733083067462, 0.0012434956152, 0.00100663129706, 0.000863235909492, 0.000596482481342, 0.000115527953312, 0.00012817622337, 0.00033151905518, 0.000274286227068, 0.00046104870853, 0.000584522786085, 6.27600602456e-05, 1.84394188807e-08],
        "mean": [1.18504913189e-05, 0.00760484486818, 0.0124398497865, 0.00423538126051, 0.00521521596238, 0.0078354831785, 0.00130664953031, 0.000986221595667, 0.000906978792045, 0.00100036663935, 0.000688893080223, 0.000234327293583, 0.000185906086699, 0.000159511619131, 0.00013871617557, 3.39661382895e-05, 2.61594232143e-05, 2.0974814106e-05, 6.54155519442e-06, 2.8303165891e-06, 2.40279746322e-06, 2.22405355998e-06, 4.78762194689e-06, 5.55652604817e-06, 3.05798243971e-06, 7.37223729175e-07, 1.55202939389e-09],
        "median": [4.4441371756e-06, 0.00569421891123, 0.00417867442593, 0.002223797841, 0.0029127469752, 0.00356383272447, 0.000392001995351, 0.000293067278108, 0.000172829328221, 0.000204567986657, 9.18942751014e-05, 3.01132276945e-05, 6.61345184199e-05, 7.87611497799e-05, 5.25679060956e-05, 1.37810402521e-05, 1.4231744899e-05, 4.33831473856e-06, 9.68330255091e-07, 9.29091697799e-07, 6.16909915152e-07, 3.01180165252e-07, 7.5152968293e-07, 9.21975185975e-07, 4.57129686993e-07, 1.71787164049e-07, 6.3449617782e-10],
        "min": [6.45258953731e-24, 6.82252980312e-24, 8.66734334999e-24, 1.77928508028e-23, 3.31974062825e-23, 1.79672143064e-23, 2.8584078289e-23, 2.22953769713e-23, 2.94343662152e-23, 4.8369599627e-23, 3.75592170204e-23, 9.42430540233e-23, 1.26184587434e-22, 1.25887546593e-22, 1.22864404412e-22, 6.33891957181e-23, 1.58134072562e-22, 1.93937490311e-22, 3.12480855473e-22, 2.70369895252e-22, 4.66853285829e-22, 4.62411229005e-22, 6.2033891031e-22, 6.04723503355e-22, 1.16085832463e-21, 1.55843997995e-21, 2.52319167397e-21],
        "var": [4.76922001891e-10, 3.16832665703e-05, 0.000204732379643, 3.22654123011e-05, 5.36975530849e-05, 0.000105074243038, 5.51927996639e-06, 4.81818460685e-06, 6.15117096459e-06, 6.95233120496e-06, 1.2872289517e-05, 2.67645805252e-06, 2.38907631456e-07, 2.10339706541e-07, 1.27247233195e-07, 6.12070349959e-09, 3.35237260174e-09, 2.80622991511e-09, 5.30537447307e-10, 4.61056227918e-11, 3.85338289055e-11, 1.12486978066e-10, 1.66355554332e-10, 4.9051152029e-10, 4.60672999747e-10, 7.61000984451e-12, 5.16291314052e-18]
    },
    "erbbands": {
        "dmean": [0.0194765981287, 0.486418157816, 3.20017910004, 6.28628206253, 11.1349058151, 7.64234352112, 11.3955059052, 24.0788459778, 9.78386878967, 7.44845724106, 9.92283153534, 9.45478343964, 12.9260902405, 9.63036155701, 11.6416921616, 5.29882192612, 4.65767145157, 4.33814811707, 5.16046094894, 2.10641694069, 0.597875416279, 0.594086706638, 0.53761947155, 0.47066166997, 0.0820339545608, 0.0637695193291, 0.0388273820281, 0.0454858765006, 0.040475204587, 0.0585951693356, 0.0627946406603, 0.061562769115, 0.0476612336934, 0.0265809521079, 0.0127394441515, 0.00286563183181, 0.00052625767421, 3.13747477776e-05, 4.20672267865e-06, 9.21968148759e-06],
        "dmean2": [0.0297322869301, 0.776240706444, 5.46603298187, 11.0096607208, 18.19282341, 11.6484212875, 16.5320262909, 40.2635383606, 14.6842565536, 10.8714351654, 14.011724472, 12.3518428802, 17.3296642303, 13.9932718277, 15.2676343918, 7.50934457779, 7.18790483475, 6.81374502182, 8.12946510315, 3.18074941635, 0.894553244114, 0.971624672413, 0.833518385887, 0.737016260624, 0.129089221358, 0.10238198936, 0.0585417859256, 0.0732360705733, 0.0623257532716, 0.0915560573339, 0.090911231935, 0.0903997644782, 0.0698057338595, 0.0418214984238, 0.0196970906109, 0.00435069715604, 0.000802756170742, 4.80977032566e-05, 6.83299003867e-06, 1.52194506882e-05],
        "dvar": [0.000872356991749, 0.365228891373, 25.3333377838, 99.7502441406, 649.634887695, 238.812255859, 301.105865479, 1940.74890137, 463.784881592, 339.495452881, 774.561279297, 861.886474609, 1587.39306641, 1146.53125, 2842.61694336, 914.989379883, 212.275909424, 335.112976074, 139.288299561, 45.6460456848, 1.89538645744, 2.54506516457, 2.6584649086, 2.58746123314, 0.0532934032381, 0.0316626727581, 0.0186594612896, 0.0324433110654, 0.0764679685235, 0.116676695645, 0.0530010983348, 0.0750171393156, 0.10458317399, 0.071640394628, 0.0129463309422, 0.00036421767436, 6.13079782852e-06, 1.06829620705e-08, 3.32879453169e-11, 1.33045768846e-10],
        "dvar2": [0.00208635581657, 1.0099452734, 77.6885299683, 290.538116455, 1689.1328125, 572.739990234, 668.092102051, 6232.39208984, 1200.31359863, 673.08013916, 1481.11987305, 1272.28186035, 2452.73999023, 2172.28149414, 4677.60009766, 1943.32971191, 415.565765381, 693.733276367, 260.605712891, 91.698348999, 3.78236103058, 6.7145357132, 6.9573764801, 7.00691127777, 0.140141040087, 0.0671625062823, 0.0344350039959, 0.0705507695675, 0.150596544147, 0.226633936167, 0.111554466188, 0.166887074709, 0.230570346117, 0.187129408121, 0.0321833975613, 0.000840788066853, 1.42218914334e-05, 2.24438228003e-08, 8.54026016572e-11, 3.75459247026e-10],
        "max": [0.633425354958, 9.73124504089, 74.6848526001, 104.574996948, 327.302490234, 202.89855957, 308.080413818, 739.308959961, 353.000030518, 474.180358887, 636.821960449, 808.153869629, 1178.15515137, 1206.36914062, 1881.28405762, 1501.96276855, 490.569610596, 638.425231934, 375.610687256, 195.854934692, 40.2198219299, 61.5402908325, 31.8431091309, 41.6712913513, 6.15097904205, 5.88238286972, 5.25617694855, 5.5693655014, 10.7371864319, 12.2141246796, 6.70915937424, 11.2794008255, 10.5778560638, 8.87401199341, 4.19008111954, 0.546525895596, 0.0633109137416, 0.00252992846072, 0.000129699634272, 0.000144374120282],
        "mean": [0.098019823432, 2.32687211037, 13.866437912, 12.3871450424, 18.5879707336, 15.5588769913, 35.4230880737, 69.6209640503, 26.2088623047, 18.6945590973, 20.3389663696, 23.7772197723, 31.8429927826, 21.6115226746, 27.1413135529, 10.5177688599, 8.54943656921, 7.95358800888, 9.52761077881, 4.09590244293, 1.49267268181, 1.24072122574, 1.07051420212, 0.821308374405, 0.19916062057, 0.13691689074, 0.0876350179315, 0.098716057837, 0.0771106332541, 0.112646378577, 0.132738530636, 0.129950389266, 0.0809152424335, 0.0409652777016, 0.0187790803611, 0.00496487459168, 0.00113969761878, 8.92928437679e-05, 2.18486657104e-05, 4.75511769764e-05],
        "median": [0.0634580999613, 1.91518843174, 4.30326557159, 7.62611055374, 9.51264381409, 8.82261657715, 18.356502533, 28.6541175842, 11.9585914612, 6.4447593689, 6.45169734955, 5.66110706329, 5.9000287056, 4.50799179077, 4.52570438385, 1.92527472973, 3.29374837875, 3.84717679024, 5.3093123436, 1.85238826275, 0.781333863735, 0.700149953365, 0.273898750544, 0.108455948532, 0.0427512638271, 0.0514653027058, 0.0238817129284, 0.0201772935688, 0.0122290523723, 0.0159755758941, 0.0213687978685, 0.0187701899558, 0.0132737960666, 0.00641438690946, 0.00246262364089, 0.000777173787355, 0.000320168503094, 4.95118765684e-05, 2.11745918932e-05, 4.74515691167e-05],
        "min": [2.21083254289e-22, 1.60040980349e-21, 8.66301651103e-21, 2.49111209116e-20, 1.19998522776e-19, 1.13491894229e-19, 1.10015706478e-19, 1.80547910971e-19, 3.39043264359e-19, 4.3288662051e-19, 4.55394825363e-19, 8.90123577097e-19, 1.35886304879e-18, 8.11851973525e-19, 2.38448046458e-18, 3.90866207284e-18, 5.50325784432e-18, 4.49286747944e-18, 7.0566091497e-18, 6.33908704377e-18, 6.43694002869e-18, 8.44990886476e-18, 1.0327575768e-17, 1.53779857278e-17, 1.34693202311e-17, 1.17102693733e-17, 1.46442798332e-17, 2.03690297622e-17, 1.81064343609e-17, 1.53099716291e-17, 1.69110491879e-17, 1.44335191762e-17, 1.03274177765e-17, 1.1766004803e-17, 6.87368477468e-18, 5.82237378489e-18, 2.90626351344e-18, 1.38597699529e-18, 3.01913789149e-19, 3.72741381131e-20],
        "var": [0.0118757234886, 2.61359405518, 212.476287842, 168.479782104, 784.705688477, 402.967315674, 1923.27172852, 8769.14257812, 1487.81481934, 1310.12268066, 2044.78833008, 3782.04394531, 7821.66650391, 5938.98632812, 14441.1015625, 2919.22875977, 452.629577637, 558.897705078, 375.884918213, 103.277366638, 7.97747612, 7.2542591095, 6.2181968689, 5.37956809998, 0.195244848728, 0.0826884061098, 0.0532284192741, 0.0824707821012, 0.120554924011, 0.208852052689, 0.12132537365, 0.173024654388, 0.169002637267, 0.0834656655788, 0.0175662823021, 0.000582006236073, 1.10037035483e-05, 2.71187534651e-08, 1.56102936133e-10, 6.48702258577e-10]
    },
    "gfcc": {
        "mean": [-92.5102081299, 183.848922729, -73.7897186279, 2.53307294846, -37.2072639465, 12.448679924, -42.5813674927, -2.59801983833, -13.2774658203, -7.62698841095, -7.00789260864, -6.90560293198, -5.3571305275],
        "cov": [[6386.49902344, -144.345993042, -871.555053711, -26.1849651337, -591.692077637, 214.768768311, -277.839691162, 57.8115882874, 1.64154303074, -131.107269287, 20.1108837128, 2.34416627884, 33.9479446411], [-144.345993042, 602.57623291, 55.9152984619, -235.618484497, 294.100006104, -152.888336182, 51.4196968079, -79.646697998, 42.2993774414, -12.1243133545, -16.8768825531, -9.61704444885, 45.4204788208], [-871.555053711, 55.9152984619, 552.43157959, 145.58392334, 123.834243774, -75.1184310913, 12.6250886917, -2.11583971977, -13.5367527008, 52.9789352417, -15.2473554611, -24.1152744293, -22.7263870239], [-26.1849651337, -235.618484497, 145.58392334, 323.781494141, -67.9484863281, -22.4408283234, -28.2324733734, 22.8873767853, -8.95549678802, -0.698421359062, 16.7595405579, -37.0787239075, -38.4754714966], [-591.692077637, 294.100006104, 123.834243774, -67.9484863281, 338.250823975, -91.3526306152, 20.208814621, -56.1114349365, 6.48339986801, 1.55473530293, -57.8214607239, -14.9505338669, 31.5773487091], [214.768768311, -152.888336182, -75.1184310913, -22.4408283234, -91.3526306152, 165.769485474, 9.16509151459, 12.5099287033, -17.4193649292, -6.14679956436, -7.80309152603, 12.5623321533, -5.79603862762], [-277.839691162, 51.4196968079, 12.6250886917, -28.2324733734, 20.208814621, 9.16509151459, 130.331283569, 22.7527065277, -4.50501298904, -4.04233598709, 14.9150676727, 0.183857932687, -31.4702224731], [57.8115882874, -79.646697998, -2.11583971977, 22.8873767853, -56.1114349365, 12.5099287033, 22.7527065277, 119.346176147, 31.5204105377, 9.61502552032, 16.8816356659, -4.86930799484, -21.0903091431], [1.64154303074, 42.2993774414, -13.5367527008, -8.95549678802, 6.48339986801, -17.4193649292, -4.50501298904, 31.5204105377, 111.014030457, 28.6037368774, -3.02454948425, 0.179195255041, -3.30323314667], [-131.107269287, -12.1243133545, 52.9789352417, -0.698421359062, 1.55473530293, -6.14679956436, -4.04233598709, 9.61502552032, 28.6037368774, 99.7501525879, 26.9141464233, 9.10004329681, -16.9081611633], [20.1108837128, -16.8768825531, -15.2473554611, 16.7595405579, -57.8214607239, -7.80309152603, 14.9150676727, 16.8816356659, -3.02454948425, 26.9141464233, 124.023353577, 17.2544136047, -35.8866043091], [2.34416627884, -9.61704444885, -24.1152744293, -37.0787239075, -14.9505338669, 12.5623321533, 0.183857932687, -4.86930799484, 0.179195255041, 9.10004329681, 17.2544136047, 93.5529403687, 29.6617507935], [33.9479446411, 45.4204788208, -22.7263870239, -38.4754714966, 31.5773487091, -5.79603862762, -31.4702224731, -21.0903091431, -3.30323314667, -16.9081611633, -35.8866043091, 29.6617507935, 105.578536987]],
        "icov": [[0.000371153873857, -0.00119175587315, 0.000630119873676, -0.000842214503791, 0.000930193287786, -0.000798611203209, 0.00107941741589, -0.000647901440971, 0.000573883007746, -0.000173960957909, 0.000492134829983, -0.000260458764387, 0.000322889740346], [-0.00119175587315, 0.0118100726977, -0.00321026938036, 0.0083386534825, -0.00651071825996, 0.00740812625736, -0.00579131953418, 0.00555595010519, -0.00557169690728, 0.00346600986086, -0.00448250025511, 0.00334097631276, -0.00269368896261], [0.000630119873676, -0.00321026938036, 0.00398042798042, -0.00370134552941, 0.00101463391911, -0.00149976054672, 0.00174794800114, -0.00194250501227, 0.00246070930734, -0.00251270714216, 0.00192307145335, -0.000970749708358, 0.00103456887882], [-0.000842214503791, 0.0083386534825, -0.00370134552941, 0.0103555591777, -0.00323422858492, 0.00588375004008, -0.00286965887062, 0.00352518609725, -0.00380119774491, 0.0034456436988, -0.003453547135, 0.00351419299841, -0.000928579247557], [0.000930193287786, -0.00651071825996, 0.00101463391911, -0.00323422858492, 0.00896530132741, -0.00177959748544, 0.00243392284028, -0.00127229653299, 0.00260361353867, -0.0018471351359, 0.00428853789344, -0.000965808110777, 0.000748518679757], [-0.000798611203209, 0.00740812625736, -0.00149976054672, 0.00588375004008, -0.00177959748544, 0.0127473156899, -0.0045779151842, 0.00323000410572, -0.00193463708274, 0.00144245789852, -0.000555181060918, 0.00117299309932, -0.000943929248024], [0.00107941741589, -0.00579131953418, 0.00174794800114, -0.00286965887062, 0.00243392284028, -0.0045779151842, 0.0134205240756, -0.00511227129027, 0.00344794546254, 0.00015473998792, 0.00131074409001, -0.00235622446053, 0.0047148228623], [-0.000647901440971, 0.00555595010519, -0.00194250501227, 0.00352518609725, -0.00127229653299, 0.00323000410572, -0.00511227129027, 0.0134642850608, -0.00603640265763, 0.00164517387748, -0.00256376783364, 0.0022012682166, -0.00100697053131], [0.000573883007746, -0.00557169690728, 0.00246070930734, -0.00380119774491, 0.00260361353867, -0.00193463708274, 0.00344794546254, -0.00603640265763, 0.0140221677721, -0.00526207545772, 0.00367958424613, -0.0018220897764, 0.00165248871781], [-0.000173960957909, 0.00346600986086, -0.00251270714216, 0.0034456436988, -0.0018471351359, 0.00144245789852, 0.00015473998792, 0.00164517387748, -0.00526207545772, 0.014389693737, -0.00418521696702, -0.00028630180168, 0.0010837551672], [0.000492134829983, -0.00448250025511, 0.00192307145335, -0.003453547135, 0.00428853789344, -0.000555181060918, 0.00131074409001, -0.00256376783364, 0.00367958424613, -0.00418521696702, 0.0131398886442, -0.0041983621195, 0.00458166189492], [-0.000260458764387, 0.00334097631276, -0.000970749708358, 0.00351419299841, -0.000965808110777, 0.00117299309932, -0.00235622446053, 0.0022012682166, -0.0018220897764, -0.00028630180168, -0.0041983621195, 0.0146449003369, -0.00583551544696], [0.000322889740346, -0.00269368896261, 0.00103456887882, -0.000928579247557, 0.000748518679757, -0.000943929248024, 0.0047148228623, -0.00100697053131, 0.00165248871781, 0.0010837551672, 0.00458166189492, -0.00583551544696, 0.0147615075111]]
    },
    "melbands": {
        "dmean": [0.000311671581585, 0.00130174180958, 0.00119243084919, 0.000721250893548, 0.000358540652087, 0.000510242243763, 0.000135063266498, 8.61680528033e-05, 8.26356481411e-05, 5.5265834817e-05, 6.430150097e-05, 3.89034757973e-05, 4.69153346785e-05, 1.66684349097e-05, 1.07917194327e-05, 9.29164161789e-06, 8.7671833171e-06, 8.87638907443e-06, 4.38691040472e-06, 2.14949977817e-06, 7.08449249487e-07, 7.82572840308e-07, 4.71535884117e-07, 6.39358006538e-07, 4.01031627462e-07, 7.78850974825e-08, 6.01187082339e-08, 3.84526863684e-08, 2.54730796456e-08, 3.00521634244e-08, 2.89221251393e-08, 2.57016203875e-08, 2.43305500192e-08, 3.9306122801e-08, 3.81152034379e-08, 4.09681391034e-08, 4.01915478676e-08, 3.68759351943e-08, 2.72406648349e-08, 2.39748221276e-08],
        "dmean2": [0.00048197581782, 0.00221878313459, 0.00205534580164, 0.00113394192886, 0.000528829055838, 0.000842017994728, 0.000199303482077, 0.000125067366753, 0.000115274517157, 7.26922735339e-05, 8.67330891197e-05, 5.7363009546e-05, 6.17325640633e-05, 2.41205707425e-05, 1.6675932784e-05, 1.45836766023e-05, 1.37477536555e-05, 1.40141346492e-05, 6.71397629048e-06, 3.1508907341e-06, 1.09768905077e-06, 1.30603029902e-06, 7.37568029763e-07, 1.01391412954e-06, 6.32793671684e-07, 1.26730313355e-07, 1.00484797372e-07, 6.18127486973e-08, 3.92102101898e-08, 4.74707277931e-08, 4.71094132592e-08, 4.01568733821e-08, 3.74182818064e-08, 6.14032558133e-08, 5.56121548811e-08, 6.28613037179e-08, 6.00435896558e-08, 5.30882680039e-08, 4.22865227279e-08, 3.82194258464e-08],
        "dvar": [1.64087865073e-07, 3.59051227861e-06, 4.15214117311e-06, 3.02343300973e-06, 2.62418325292e-07, 8.26076018257e-07, 9.23257417185e-08, 5.21252871977e-08, 5.11090831878e-08, 2.7999819352e-08, 3.87158820558e-08, 1.98141947294e-08, 5.94951501398e-08, 1.34152280395e-08, 9.2205848512e-10, 1.48983014814e-09, 1.39845801606e-09, 3.52312762297e-10, 1.81562820334e-10, 3.81894828261e-11, 2.90331387404e-12, 4.16635085806e-12, 2.24013754595e-12, 5.25083232103e-12, 2.22199906044e-12, 6.35259802661e-14, 3.67798849645e-14, 1.54915600611e-14, 9.38840137902e-15, 8.50583370556e-15, 1.48029764851e-14, 2.06570160012e-14, 4.94286381302e-14, 3.6625799507e-14, 1.87829640757e-14, 1.94790540577e-14, 4.09055249525e-14, 5.50016371966e-14, 4.17963833845e-14, 7.16100220571e-14],
        "dvar2": [4.31835559311e-07, 1.09723041533e-05, 1.18324051073e-05, 7.54062693886e-06, 6.06192941177e-07, 2.59289163296e-06, 2.30752419839e-07, 9.96266393827e-08, 9.41133038168e-08, 4.1653557048e-08, 6.07008558973e-08, 3.81334075428e-08, 1.00906014211e-07, 2.46214497679e-08, 1.99603977791e-09, 3.1950766477e-09, 2.69586131196e-09, 6.94371948828e-10, 3.25203308726e-10, 7.63072174892e-11, 6.21440485876e-12, 1.15709924281e-11, 5.19136816868e-12, 1.42875893408e-11, 5.98720985984e-12, 1.68728800463e-13, 9.72721116979e-14, 3.1514514712e-14, 1.67240793967e-14, 1.97002058899e-14, 3.42543579764e-14, 4.07327166788e-14, 1.06086079049e-13, 7.14912138278e-14, 3.9139295239e-14, 4.59434024841e-14, 9.37325236416e-14, 1.23321939141e-13, 1.01315650476e-13, 1.94997067538e-13],
        "max": [0.00868659373373, 0.0291187055409, 0.0218750275671, 0.0248748995364, 0.00908252410591, 0.0159165840596, 0.00531466305256, 0.00759469019249, 0.00477377511561, 0.00431518629193, 0.00581811880693, 0.00542996544391, 0.00932761095464, 0.00545064266771, 0.000746793288272, 0.00116545392666, 0.00147907563951, 0.000493304629344, 0.000435046007624, 0.00018685690884, 3.83823135053e-05, 7.82630086178e-05, 4.84395350213e-05, 5.73174693272e-05, 4.30798572779e-05, 7.09087271389e-06, 5.22403524883e-06, 4.38706092609e-06, 3.60819581147e-06, 2.62026992459e-06, 3.51739595317e-06, 5.05746356794e-06, 9.22149865801e-06, 6.55282428852e-06, 4.02669502364e-06, 4.12853250964e-06, 8.45047543407e-06, 7.44838007449e-06, 5.91113484916e-06, 8.99747556105e-06],
        "mean": [0.00149269506801, 0.00580535968766, 0.00253969151527, 0.00125575356651, 0.00116160768084, 0.00153257732745, 0.000350195827195, 0.000203915071324, 0.000171676860191, 0.000137603550684, 0.000154081673827, 8.24350281619e-05, 0.000102788842923, 3.69207737094e-05, 1.92306670215e-05, 1.58807433763e-05, 1.51377771545e-05, 1.6280946511e-05, 7.61985529607e-06, 3.86512147088e-06, 1.44082287079e-06, 1.44086459386e-06, 9.06147931801e-07, 1.08770871066e-06, 6.37047889995e-07, 1.48245689502e-07, 1.25117608718e-07, 7.54136166847e-08, 5.09429618489e-08, 5.85501496175e-08, 5.70846907522e-08, 4.58685995852e-08, 3.87634138121e-08, 7.42276142773e-08, 7.3473501061e-08, 8.46157064416e-08, 7.67410526237e-08, 5.81532084709e-08, 4.25537081128e-08, 3.31536931242e-08],
        "median": [0.00110219209455, 0.00252247881144, 0.00169203488622, 0.000648618675768, 0.000664502440486, 0.000673965201713, 0.000136231450597, 6.3726794906e-05, 5.11150283273e-05, 2.89781964966e-05, 2.54610822594e-05, 1.49187635543e-05, 1.43078259498e-05, 5.02470948049e-06, 6.41267934043e-06, 6.07087122262e-06, 7.12909832146e-06, 9.87439125311e-06, 3.28761188939e-06, 1.56440228238e-06, 7.26945415863e-07, 8.21956859909e-07, 2.97062996424e-07, 1.8137745883e-07, 7.18253616583e-08, 2.64375881187e-08, 3.38070513806e-08, 2.83658447842e-08, 1.11934221891e-08, 1.46827767722e-08, 9.93935245219e-09, 6.22326323807e-09, 4.67674698967e-09, 9.77058078888e-09, 1.14313225552e-08, 1.23081109749e-08, 9.44873423947e-09, 8.20282330949e-09, 7.2356809433e-09, 4.07818223636e-09],
        "min": [2.51839603864e-24, 3.81098742755e-24, 9.77208703863e-24, 8.32268923164e-24, 4.50962591661e-24, 4.27453116736e-24, 5.4982634795e-24, 4.31173503094e-24, 3.67472077808e-24, 5.29268317215e-24, 6.69946907963e-24, 2.60415784082e-24, 6.47427571803e-24, 1.10898436821e-23, 1.2215807729e-23, 9.78018075152e-24, 8.22981505955e-24, 1.1251036364e-23, 1.12849676381e-23, 4.32620037336e-24, 9.07508267493e-24, 8.91764970408e-24, 9.49210768159e-24, 8.69638526422e-24, 1.29024732817e-23, 1.09520722804e-23, 8.78007472879e-24, 7.62623549286e-24, 8.64063094202e-24, 1.11157427744e-23, 1.16297101089e-23, 1.05390452208e-23, 7.15397760106e-24, 9.7525390654e-24, 9.31422506949e-24, 1.02369540926e-23, 8.04356578868e-24, 7.58690919901e-24, 7.15007510616e-24, 1.09487945633e-23],
        "var": [1.36861058309e-06, 2.85431906377e-05, 6.459402357e-06, 3.6134556467e-06, 1.78008133389e-06, 4.07234892918e-06, 3.03537518676e-07, 1.71395555526e-07, 1.43651163853e-07, 1.21923406482e-07, 1.87715755828e-07, 1.01573874645e-07, 2.78633137896e-07, 5.40953095651e-08, 2.11337858325e-09, 2.46470999166e-09, 2.47688825006e-09, 9.61415946854e-10, 4.66478577987e-10, 9.01449956348e-11, 8.67033701779e-12, 8.76239272113e-12, 5.70139898834e-12, 9.82158711998e-12, 4.20165898601e-12, 1.48590043264e-13, 9.95505896684e-14, 3.28683410242e-14, 2.38413686037e-14, 2.34856046015e-14, 3.33404433076e-14, 3.57070025403e-14, 6.18428173797e-14, 7.46381038572e-14, 3.98806625202e-14, 4.86261184584e-14, 7.89511143094e-14, 8.98428873615e-14, 5.85398225663e-14, 7.21529634e-14]
    },
    "mfcc": {
        "mean": [-753.881958008, 223.320449829, 26.7255764008, 8.41219902039, 26.6590538025, 8.48012447357, -4.61806297302, 1.41492378712, -4.63887643814, 2.27966380119, -3.89486169815, 0.209508538246, -6.54398393631],
        "cov": [[4548.64941406, -245.465255737, -399.053771973, -477.122528076, -229.473968506, -127.259590149, -227.492202759, 90.6517868042, -189.681976318, 164.297637939, -116.61164856, -97.4975509644, -218.982437134], [-245.465255737, 1160.83837891, -252.398574829, -43.4430732727, 149.899841309, 32.3710479736, -10.3874483109, -63.8051834106, 79.6907119751, -40.1850891113, -15.1900749207, -32.0713424683, 41.3597831726], [-399.053771973, -252.398574829, 437.472503662, 146.482223511, 7.11345767975, -6.35597801208, 42.3365135193, -18.4423770905, -4.64482545853, -26.6827125549, 46.8067474365, 66.1935882568, 44.723777771], [-477.122528076, -43.4430732727, 146.482223511, 318.902374268, 79.9922180176, -24.1685886383, 26.3394241333, -35.8105125427, 5.64202308655, -14.4067401886, 18.1627483368, 50.2945556641, 28.7866477966], [-229.473968506, 149.899841309, 7.11345767975, 79.9922180176, 183.048934937, 14.9647121429, -12.656794548, -46.8586807251, 53.3037223816, -22.2583942413, -14.1312789917, -6.75901079178, 2.93934631348], [-127.259590149, 32.3710479736, -6.35597801208, -24.1685886383, 14.9647121429, 130.847686768, 1.56790924072, -10.5984716415, 23.9069156647, -36.2670631409, -6.94029903412, -20.1905651093, -0.229288712144], [-227.492202759, -10.3874483109, 42.3365135193, 26.3394241333, -12.656794548, 1.56790924072, 135.538589478, 11.8162384033, -28.907037735, -6.93961906433, 7.70318365097, 8.00598812103, 9.66901111603], [90.6517868042, -63.8051834106, -18.4423770905, -35.8105125427, -46.8586807251, -10.5984716415, 11.8162384033, 114.044784546, -7.86575746536, 15.1217927933, -0.0340915098786, -4.43981695175, -1.9778110981], [-189.681976318, 79.6907119751, -4.64482545853, 5.64202308655, 53.3037223816, 23.9069156647, -28.907037735, -7.86575746536, 158.146102905, -29.3605289459, -11.1687517166, -25.2777729034, -21.4134864807], [164.297637939, -40.1850891113, -26.6827125549, -14.4067401886, -22.2583942413, -36.2670631409, -6.93961906433, 15.1217927933, -29.3605289459, 119.855766296, 34.0272483826, 9.73238372803, -9.11778259277], [-116.61164856, -15.1900749207, 46.8067474365, 18.1627483368, -14.1312789917, -6.94029903412, 7.70318365097, -0.0340915098786, -11.1687517166, 34.0272483826, 97.9729995728, 48.7019424438, 28.0905132294], [-97.4975509644, -32.0713424683, 66.1935882568, 50.2945556641, -6.75901079178, -20.1905651093, 8.00598812103, -4.43981695175, -25.2777729034, 9.73238372803, 48.7019424438, 101.8699646, 43.1348152161], [-218.982437134, 41.3597831726, 44.723777771, 28.7866477966, 2.93934631348, -0.229288712144, 9.66901111603, -1.9778110981, -21.4134864807, -9.11778259277, 28.0905132294, 43.1348152161, 99.568649292]],
