{
"lowlevel": {
    "average_loudness": 0.963412344456,
    "barkbands_crest": {
        "dmean": 1.88206577301,
        "dmean2": 3.04722762108,
        "dvar": 2.74425625801,
        "dvar2": 7.3478474617,
        "max": 20.0064735413,
        "mean": 7.83304595947,
        "median": 7.42859125137,
        "min": 2.79618191719,
        "var": 6.21109199524
    },
    "barkbands_flatness_db": {
        "dmean": 0.0207451544702,
        "dmean2": 0.0313596427441,
        "dvar": 0.000357914861524,
        "dvar2": 0.000805746065453,
        "max": 0.337039023638,
        "mean": 0.172906339169,
        "median": 0.173120155931,
        "min": 0.0736837908626,
        "var": 0.00139807676896
    },
    "barkbands_kurtosis": {
        "dmean": 1.67986214161,
        "dmean2": 2.69454360008,
        "dvar": 5.37926912308,
        "dvar2": 13.6731510162,
        "max": 23.7936115265,
        "mean": 2.32998490334,
        "median": 1.55999183655,
        "min": -1.58178138733,
        "var": 8.47138214111
    },
    "barkbands_skewness": {
        "dmean": 0.406856775284,
        "dmean2": 0.622273743153,
        "dvar": 0.166861772537,
        "dvar2": 0.38452064991,
        "max": 4.31912469864,
        "mean": 1.2861187458,
        "median": 1.22827482224,
        "min": -0.765085637569,
        "var": 0.464275091887
    },
    "barkbands_spread": {
        "dmean": 3.55317926407,
        "dmean2": 5.20922851562,
        "dvar": 15.4672307968,
        "dvar2": 29.2734165192,
        "max": 64.3554382324,
        "mean": 15.757938385,
        "median": 13.9966430664,
        "min": 3.29498457909,
        "var": 54.9331436157
    },
    "dissonance": {
        "dmean": 0.0214534588158,
        "dmean2": 0.0355940684676,
        "dvar": 0.000348233181285,
        "dvar2": 0.000941064441577,
        "max": 0.499875664711,
        "mean": 0.450518965721,
        "median": 0.455308109522,
        "min": 0.327131897211,
        "var": 0.000742348027416
    },
    "dynamic_complexity": 1.63201165199,
    "erbbands_crest": {
        "dmean": 2.2864921093,
        "dmean2": 3.56902885437,
        "dvar": 3.89380288124,
        "dvar2": 9.0712890625,
        "max": 27.6472396851,
        "mean": 9.46735191345,
        "median": 8.70418167114,
        "min": 2.40503072739,
        "var": 14.2541484833
    },
    "erbbands_flatness_db": {
        "dmean": 0.0187047161162,
        "dmean2": 0.0231284797192,
        "dvar": 0.000274266378256,
        "dvar2": 0.000370166526409,
        "max": 0.326875209808,
        "mean": 0.211702913046,
        "median": 0.211100623012,
        "min": 0.104994371533,
        "var": 0.00154210848268
    },
    "erbbands_kurtosis": {
        "dmean": 0.662028491497,
        "dmean2": 1.02377951145,
        "dvar": 0.438114225864,
        "dvar2": 1.02938699722,
        "max": 7.07836532593,
        "mean": 0.479912996292,
        "median": 0.275733709335,
        "min": -1.6286547184,
        "var": 1.31631827354
    },
    "erbbands_skewness": {
        "dmean": 0.263684481382,
        "dmean2": 0.3962418437,
        "dvar": 0.047975782305,
        "dvar2": 0.111016355455,
        "max": 2.08818864822,
        "mean": 0.493565350771,
        "median": 0.508305191994,
        "min": -1.37590360641,
        "var": 0.228171393275
    },
    "erbbands_spread": {
        "dmean": 5.85437631607,
        "dmean2": 8.27098655701,
        "dvar": 34.6415100098,
        "dvar2": 65.6261062622,
        "max": 90.3254928589,
        "mean": 28.7688941956,
        "median": 26.3328704834,
        "min": 5.34115219116,
        "var": 132.190429688
    },
    "hfc": {
        "dmean": 5.52663421631,
        "dmean2": 7.86947536469,
        "dvar": 41.9851531982,
        "dvar2": 79.077003479,
        "max": 119.037406921,
        "mean": 22.0703277588,
        "median": 19.5455436707,
        "min": 0.000518886314239,
        "var": 146.486633301
    },
    "melbands_crest": {
        "dmean": 2.93742799759,
        "dmean2": 4.71288251877,
        "dvar": 6.99988365173,
        "dvar2": 16.5826377869,
        "max": 31.3071975708,
        "mean": 12.5995416641,
        "median": 11.6956968307,
        "min": 4.32280254364,
        "var": 22.690202713
    },
    "melbands_flatness_db": {
        "dmean": 0.0257687997073,
        "dmean2": 0.0370272919536,
        "dvar": 0.000652147398796,
        "dvar2": 0.00136928446591,
        "max": 0.423127919436,
        "mean": 0.199379116297,
        "median": 0.201326861978,
        "min": 0.0535625144839,
        "var": 0.00271536083892
    },
    "melbands_kurtosis": {
        "dmean": 3.63855814934,
        "dmean2": 5.83189201355,
        "dvar": 31.0541591644,
        "dvar2": 78.5460205078,
        "max": 67.516746521,
        "mean": 6.25240182877,
        "median": 4.60465097427,
        "min": -1.38059079647,
        "var": 40.896030426
    },
    "melbands_skewness": {
        "dmean": 0.543404281139,
        "dmean2": 0.830503642559,
        "dvar": 0.345968008041,
        "dvar2": 0.78466886282,
        "max": 6.91665649414,
        "mean": 1.87762081623,
        "median": 1.76474332809,
        "min": -0.752045989037,
        "var": 0.824838042259
    },
    "melbands_spread": {
        "dmean": 4.55962848663,
        "dmean2": 6.79309368134,
        "dvar": 25.6851062775,
        "dvar2": 55.4240951538,
        "max": 90.7357788086,
        "mean": 19.006231308,
        "median": 17.6235656738,
        "min": 2.68289327621,
        "var": 79.4611129761
    },
    "pitch_salience": {
        "dmean": 0.0601460523903,
        "dmean2": 0.0960279628634,
        "dvar": 0.0025960158091,
        "dvar2": 0.00656066322699,
        "max": 0.813736617565,
        "mean": 0.579014539719,
        "median": 0.581598579884,
        "min": 0.220765605569,
        "var": 0.00838810857385
    },
    "silence_rate_20dB": {
        "dmean": 0,
        "dmean2": 0,
        "dvar": 0,
        "dvar2": 0,
        "max": 1,
        "mean": 1,
        "median": 1,
        "min": 1,
        "var": 0
    },
    "silence_rate_30dB": {
        "dmean": 0.000773993786424,
        "dmean2": 0.00154858687893,
        "dvar": 0.000773392152041,
        "dvar2": 0.0023204702884,
        "max": 1,
        "mean": 0.999613165855,
        "median": 1,
        "min": 0,
        "var": 0.000386722909752
    },
    "silence_rate_60dB": {
        "dmean": 0.00154798757285,
        "dmean2": 0.00309717375785,
        "dvar": 0.00154557928909,
        "dvar2": 0.0030875261873,
        "max": 1,
        "mean": 0.0119922626764,
        "median": 0,
        "min": 0,
        "var": 0.0118486396968
    },
    "spectral_centroid": {
        "dmean": 175.472869873,
        "dmean2": 257.676208496,
        "dvar": 40157.0820312,
        "dvar2": 78643.6640625,
        "max": 3270.14428711,
        "mean": 989.156066895,
        "median": 909.845336914,
        "min": 295.859710693,
        "var": 153499.5
    },
    "spectral_complexity": {
        "dmean": 3.18266248703,
        "dmean2": 4.84940004349,
        "dvar": 11.9130945206,
        "dvar2": 23.1034431458,
        "max": 50,
        "mean": 21.0491294861,
        "median": 20,
        "min": 0,
        "var": 40.4397315979
    },
    "spectral_decrease": {
        "dmean": 3.17157233809e-09,
        "dmean2": 4.99149654942e-09,
        "dvar": 2.21693073017e-17,
        "dvar2": 5.51146504764e-17,
        "max": -1.10455549329e-13,
        "mean": -8.68196714521e-09,
        "median": -7.30866211995e-09,
        "min": -3.74514179668e-08,
        "var": 3.07282675225e-17
    },
    "spectral_energy": {
        "dmean": 0.012354533188,
        "dmean2": 0.0193661935627,
        "dvar": 0.000323995802319,
        "dvar2": 0.000804295530543,
        "max": 0.148324221373,
        "mean": 0.0347696244717,
        "median": 0.0294444132596,
        "min": 4.63948993001e-07,
        "var": 0.000461811810965
    },
    "spectral_energyband_high": {
        "dmean": 0.000354645686457,
        "dmean2": 0.000491282436997,
        "dvar": 5.38575022802e-07,
        "dvar2": 8.60185991769e-07,
        "max": 0.0127786407247,
        "mean": 0.000675298273563,
        "median": 0.000277355022263,
        "min": 3.26723323951e-08,
        "var": 1.47124751493e-06
    },
    "spectral_energyband_low": {
        "dmean": 0.00664789229631,
        "dmean2": 0.011077657342,
        "dvar": 0.000192844381672,
        "dvar2": 0.000496740161907,
        "max": 0.104286305606,
        "mean": 0.00762535165995,
        "median": 0.00253718928434,
        "min": 6.29634744342e-09,
        "var": 0.000179946990102
    },
    "spectral_energyband_middle_high": {
        "dmean": 0.00176831171848,
        "dmean2": 0.0027128465008,
        "dvar": 3.06989613819e-06,
        "dvar2": 7.50440267439e-06,
        "max": 0.0279796756804,
        "mean": 0.00683920271695,
        "median": 0.00642256159335,
        "min": 1.54929708174e-07,
        "var": 1.03077145468e-05
    },
    "spectral_energyband_middle_low": {
        "dmean": 0.00748356198892,
        "dmean2": 0.0120838666335,
        "dvar": 9.9994300399e-05,
        "dvar2": 0.000262910238234,
        "max": 0.136931478977,
        "mean": 0.0210937242955,
        "median": 0.0174872092903,
        "min": 2.45507436603e-07,
        "var": 0.00019694857474
    },
    "spectral_entropy": {
        "dmean": 0.164351031184,
        "dmean2": 0.223588719964,
        "dvar": 0.0259208381176,
        "dvar2": 0.041224937886,
        "max": 8.33955287933,
        "mean": 7.32802772522,
        "median": 7.30290460587,
        "min": 6.18511724472,
        "var": 0.136169463396
    },
    "spectral_flux": {
        "dmean": 0.0281924586743,
        "dmean2": 0.0432633757591,
        "dvar": 0.00122984009795,
        "dvar2": 0.0023867348209,
        "max": 0.293810486794,
        "mean": 0.0874943211675,
        "median": 0.0743895322084,
        "min": 0.00125663587824,
        "var": 0.00246474705637
    },
    "spectral_kurtosis": {
        "dmean": 2.60578942299,
        "dmean2": 4.42727231979,
        "dvar": 8.11344718933,
        "dvar2": 23.9254894257,
        "max": 38.1639633179,
        "mean": 4.75315761566,
        "median": 3.62576818466,
        "min": -0.47070646286,
        "var": 15.0265169144
    },
    "spectral_rms": {
        "dmean": 0.00092957058223,
        "dmean2": 0.00140246911906,
        "dvar": 1.31031504225e-06,
        "dvar2": 3.05086700791e-06,
        "max": 0.0120294038206,
        "mean": 0.00557554233819,
        "median": 0.00535968830809,
        "min": 2.12751765503e-05,
        "var": 2.834817451e-06
    },
    "spectral_rolloff": {
        "dmean": 288.682678223,
        "dmean2": 466.144836426,
        "dvar": 207169.9375,
        "dvar2": 411665.90625,
        "max": 6869.09179688,
        "mean": 1180.28979492,
        "median": 1162.79296875,
        "min": 150.732421875,
        "var": 501528
    },
    "spectral_skewness": {
        "dmean": 0.285180330276,
        "dmean2": 0.462110906839,
        "dvar": 0.0676661655307,
        "dvar2": 0.177462950349,
        "max": 4.52894639969,
        "mean": 1.58669102192,
        "median": 1.55131053925,
        "min": 0.205854460597,
        "var": 0.223339319229
    },
    "spectral_spread": {
        "dmean": 472337.375,
        "dmean2": 634914.3125,
        "dvar": 219720728576,
        "dvar2": 314694795264,
        "max": 7580359.5,
        "mean": 3630537.25,
        "median": 3451494.5,
        "min": 1563795,
        "var": 1.00819986022e+12
    },
    "spectral_strongpeak": {
        "dmean": 0.544643521309,
        "dmean2": 0.911489784718,
        "dvar": 0.447387129068,
        "dvar2": 1.03102302551,
        "max": 5.9419593811,
        "mean": 1.27272033691,
        "median": 1.09890592098,
        "min": 0.00393237452954,
        "var": 0.898418068886
    },
    "zerocrossingrate": {
        "dmean": 0.00755947828293,
        "dmean2": 0.0087075876072,
        "dvar": 6.10741044511e-05,
        "dvar2": 6.52329908917e-05,
        "max": 0.17431640625,
        "mean": 0.0477166958153,
        "median": 0.04296875,
        "min": 0.01171875,
        "var": 0.000419234711444
    },
    "barkbands": {
        "dmean": [8.29232812976e-05, 0.00370379351079, 0.00239844573662, 0.00285730627365, 0.00255691958591, 0.00241561909206, 0.000998725416139, 0.00146429950837, 0.000918997975532, 0.000527384574525, 0.000451658386737, 0.00112347048707, 0.000317403115332, 0.000262983812718, 0.000224511342822, 0.000109686960059, 0.000120480224723, 5.96125064476e-05, 9.67441883404e-05, 0.000100767108961, 9.21197352e-05, 9.44132116274e-05, 9.30665337364e-05, 4.91242026328e-05, 1.69462637132e-05, 1.27717409981e-08, 1.56976676102e-09],
        "dmean2": [0.000146235572174, 0.00639962870628, 0.00396209349856, 0.00502894632518, 0.00420193281025, 0.00364639190957, 0.00157074991148, 0.00227481685579, 0.00138435780536, 0.000863004650455, 0.000681889941916, 0.00168796326034, 0.000505662290379, 0.000424398458563, 0.000334557698807, 0.000170023384271, 0.000185820710612, 9.2172769655e-05, 0.00014420314983, 0.000149413521285, 0.000135487731313, 0.000137802155223, 0.000134437039378, 6.87639694661e-05, 2.3279533707e-05, 1.84445188012e-08, 2.94209434593e-09],
        "dvar": [4.23339976408e-08, 6.88209256623e-05, 2.45039282163e-05, 4.03471094614e-05, 1.27399662233e-05, 1.02484618765e-05, 3.05754315377e-06, 4.47813772553e-06, 1.93786445379e-06, 4.15931310727e-07, 3.67314243022e-07, 1.66242148225e-06, 1.75030024252e-07, 1.24907032273e-07, 9.39405353506e-08, 2.01555572232e-08, 1.84348678545e-08, 1.05900488379e-08, 6.03543526267e-08, 5.71063836219e-08, 3.0542128826e-08, 4.35925926467e-08, 4.45141381533e-08, 1.10093267836e-08, 2.57170529316e-09, 2.16418950903e-15, 4.44938176746e-18],
        "dvar2": [1.23245925465e-07, 0.000185524288099, 6.24737876933e-05, 0.00011037227523, 3.24121574522e-05, 2.35659008467e-05, 7.10270796844e-06, 1.23517065731e-05, 4.71914336231e-06, 1.07702260266e-06, 9.00240650026e-07, 4.08897858506e-06, 4.17084550008e-07, 2.76832309964e-07, 2.19746880248e-07, 4.82179665084e-08, 4.31387938704e-08, 2.20252474037e-08, 1.35821949243e-07, 1.10840510104e-07, 5.77594150286e-08, 8.22729759875e-08, 8.00399533318e-08, 1.84598629716e-08, 4.0603267415e-09, 4.35115700455e-15, 1.45170147872e-17],
        "max": [0.00268272217363, 0.0646798312664, 0.0440667979419, 0.0466269701719, 0.0424278602004, 0.0595658458769, 0.0369531400502, 0.0382120199502, 0.0196729116142, 0.00956051051617, 0.0105979768559, 0.022365918383, 0.00594941712916, 0.00919584464282, 0.00691679865122, 0.00331073440611, 0.00230912840925, 0.00191354844719, 0.00776235898957, 0.00445391843095, 0.00327475019731, 0.00338661205024, 0.00557562382892, 0.00237324670888, 0.00150591635611, 1.51632002598e-06, 2.21961169444e-08],
        "mean": [9.05251217773e-05, 0.00369458785281, 0.0025291768834, 0.00278248870745, 0.00523868249729, 0.00601042434573, 0.00195844168775, 0.00290862098336, 0.00189165852498, 0.00105699838605, 0.000821029476356, 0.00244176783599, 0.000658918230329, 0.0005456006038, 0.000521869456861, 0.000258100219071, 0.000286961731035, 0.000113882364531, 0.000203389616217, 0.000180135146366, 0.000175200853846, 0.000152370877913, 0.000145634141518, 7.66977973399e-05, 2.64431419055e-05, 1.75401755342e-08, 1.26149279911e-09],
        "median": [2.00945542019e-05, 0.000772159954067, 0.000713819230441, 0.00103271880653, 0.0035354453139, 0.00407513137907, 0.000947545049712, 0.00195547612384, 0.00101375079248, 0.000706979481038, 0.000530959630851, 0.00173617736436, 0.000473855121527, 0.000378593627829, 0.000345280655893, 0.000181485447683, 0.000222374947043, 6.58973949612e-05, 7.23148041288e-05, 7.89465702837e-05, 9.35802017921e-05, 5.25010946149e-05, 4.91846112709e-05, 1.35130803756e-05, 3.59069622391e-06, 3.69761243846e-09, 5.28112609199e-10],
        "min": [2.40267528095e-10, 1.57125723543e-09, 3.7740637282e-09, 4.18604928498e-09, 4.11222416119e-08, 8.11703344539e-08, 1.23532704066e-08, 3.71416817302e-08, 4.93063900819e-08, 8.89338824805e-09, 1.9227641701e-08, 8.5573844899e-08, 1.22656764745e-08, 1.47172078968e-08, 2.17851425788e-09, 2.7045088391e-09, 2.17220308407e-09, 3.74635522604e-09, 3.26906235415e-09, 5.23003329533e-09, 5.31665689252e-09, 1.17338947447e-08, 1.80584802667e-09, 1.87536475238e-09, 1.77404285706e-10, 5.04241570373e-12, 6.48677986326e-12],
        "var": [3.40864723114e-08, 5.68455543544e-05, 2.27418531722e-05, 3.00904503092e-05, 2.56654438999e-05, 3.49032416125e-05, 8.52336415846e-06, 1.01443338281e-05, 6.0082015807e-06, 1.18970046969e-06, 8.14354052636e-07, 5.25858467881e-06, 4.07630693644e-07, 3.8472092001e-07, 3.02071185843e-07, 6.72147066894e-08, 5.89263891015e-08, 2.04388133085e-08, 1.7221563553e-07, 1.20082916055e-07, 6.88821089057e-08, 8.61997548895e-08, 9.51931014015e-08, 2.88510317858e-08, 7.73115171881e-09, 4.3284573686e-15, 3.79583008779e-18]
    },
    "erbbands": {
        "dmean": [0.061949249357, 0.998963236809, 3.10723185539, 5.50273036957, 9.70484638214, 5.79684305191, 25.8353805542, 14.8200674057, 14.6890058517, 12.6149339676, 37.9573440552, 23.1136417389, 14.868683815, 17.7075634003, 16.462682724, 51.8472518921, 14.6583557129, 13.0319080353, 14.3815174103, 6.30335998535, 6.61534690857, 4.84753227234, 3.49355816841, 4.37066459656, 4.55438518524, 4.60454845428, 4.20565128326, 3.51795649529, 3.47749495506, 2.93786525726, 2.496114254, 1.39563679695, 0.649963498116, 0.33598023653, 0.0315301008523, 0.00135034974664, 6.72110909363e-05, 9.43995200942e-06, 7.18086448614e-06, 1.41256205097e-05],
        "dmean2": [0.103743180633, 1.74333405495, 5.24546051025, 9.40660190582, 17.1906147003, 9.37761974335, 38.9532051086, 22.5008296967, 23.1070137024, 19.7826824188, 58.9799842834, 35.2669334412, 22.959728241, 28.4993095398, 25.3390598297, 77.3006744385, 22.9711265564, 20.6049022675, 21.7067623138, 9.72013187408, 10.2917041779, 7.40617609024, 5.35925579071, 6.58610296249, 6.66535234451, 6.75288248062, 6.2734541893, 5.0773024559, 5.09950208664, 4.35735177994, 3.56027913094, 1.99464082718, 0.91710627079, 0.458253413439, 0.0448519177735, 0.0019069443224, 9.21263490454e-05, 1.29101617858e-05, 1.05602966869e-05, 2.18227451114e-05],
        "dvar": [0.0165575258434, 5.31005859375, 45.3521499634, 129.721405029, 448.044891357, 60.1051292419, 1540.72131348, 496.02355957, 632.772583008, 396.019683838, 3096.76342773, 1312.86975098, 507.21786499, 494.922180176, 375.518585205, 3752.90209961, 376.639068604, 308.984069824, 350.253601074, 85.8263473511, 68.7702789307, 33.2542381287, 28.7906684875, 161.30708313, 84.5487289429, 148.204879761, 76.1153030396, 44.6323394775, 62.966381073, 47.7449188232, 34.1416397095, 7.21891784668, 2.89162373543, 1.15274310112, 0.0101617965847, 1.94086660485e-05, 3.64480996495e-08, 5.14715547961e-10, 8.95137158841e-11, 3.87418486181e-10],
        "dvar2": [0.0417048595846, 14.3593330383, 118.673202515, 340.007293701, 1226.76049805, 151.503479004, 3200.08691406, 1213.96594238, 1457.86315918, 901.424682617, 8555.62011719, 3262.44165039, 1175.91015625, 1224.33251953, 957.561645508, 8974.49023438, 905.192016602, 681.616027832, 807.089782715, 197.446762085, 163.296554565, 71.5539550781, 61.9339752197, 393.367736816, 175.836425781, 288.117675781, 154.549972534, 86.3175354004, 117.187934875, 87.8391113281, 64.3484420776, 13.0703954697, 5.37200641632, 1.86711716652, 0.0187790952623, 3.53766808985e-05, 6.1745190294e-08, 8.22028167757e-10, 1.92677332422e-10, 9.53968459783e-10],
        "max": [1.10375058651, 17.7416000366, 47.9081916809, 85.4480514526, 158.114440918, 101.516242981, 759.290100098, 365.479980469, 466.950927734, 474.664855957, 1050.36425781, 570.179260254, 451.792907715, 384.182769775, 293.65423584, 901.534851074, 288.737487793, 505.708526611, 404.1980896, 251.524612427, 178.413345337, 117.047744751, 106.097343445, 459.114624023, 205.340332031, 246.006637573, 161.953186035, 105.06211853, 130.385116577, 145.632156372, 156.97013855, 59.1754875183, 44.8353767395, 30.6811504364, 3.52753019333, 0.153968542814, 0.00618027988821, 0.00064342218684, 0.000153534710989, 0.000171333507751],
        "mean": [0.0745414420962, 0.941892266273, 3.14845705032, 6.07875871658, 9.80536174774, 12.24406147, 65.3910980225, 34.1369934082, 29.461227417, 27.7329521179, 77.1660995483, 48.0394058228, 34.6011772156, 38.6050224304, 39.2779273987, 113.737693787, 34.8394470215, 31.2935028076, 34.2799110413, 16.3344688416, 16.7512302399, 12.4974498749, 7.70291852951, 9.36887836456, 9.30310153961, 8.41574478149, 8.00625038147, 6.52473306656, 5.70153808594, 4.50124454498, 3.85634946823, 2.15647816658, 0.98153835535, 0.526770353317, 0.04673153162, 0.00205075438134, 0.000116613031423, 1.81063478522e-05, 2.10672315006e-05, 4.1229854105e-05],
        "median": [0.015463123098, 0.192323714495, 0.783407986164, 2.48371052742, 3.75567340851, 8.43662071228, 37.1836662292, 20.1637744904, 14.8857879639, 14.7468385696, 52.2888679504, 29.3122501373, 19.8675098419, 28.4313545227, 32.6852226257, 75.0231018066, 26.6550197601, 23.0475940704, 23.3814888, 11.2612104416, 11.9881887436, 9.21656036377, 5.25840425491, 3.96564340591, 3.67745876312, 4.00136327744, 4.02892637253, 3.2584168911, 1.93842566013, 1.48077642918, 1.20595908165, 0.456664800644, 0.154632180929, 0.0738121718168, 0.00590141024441, 0.000291030766675, 3.28413152602e-05, 7.38555854696e-06, 1.75099485205e-05, 3.53222822014e-05],
        "min": [2.3757891654e-08, 4.79392895159e-07, 3.75273430109e-06, 8.2685628513e-06, 4.42369200755e-05, 0.00010780870798, 0.000568141054828, 0.000591003801674, 0.000270253862254, 0.000207415490877, 0.00130581716076, 0.00124981615227, 0.000312157499138, 0.000404674967285, 0.000981891527772, 0.00416838983074, 0.000821755209472, 0.000962752790656, 0.000239201050135, 0.000117796764243, 0.000131239372422, 0.000128882369609, 0.000254558428423, 0.000102783240436, 0.0002230930113, 0.000235699582845, 0.000242643043748, 0.000240333043621, 0.000407687301049, 0.000318486825563, 5.4113643273e-05, 5.78339786443e-05, 1.50993164425e-05, 3.74128103431e-06, 4.22501557296e-07, 6.43363620156e-08, 1.40359448508e-08, 4.89147344851e-09, 1.38682931805e-09, 7.06515457249e-10],
        "var": [0.0180260464549, 4.16423416138, 38.6224021912, 111.497642517, 333.687316895, 140.058288574, 5654.02685547, 1537.38195801, 1690.45568848, 1479.50976562, 6716.10205078, 3487.68579102, 2028.6505127, 1336.62768555, 797.286621094, 12757.6503906, 861.989929199, 944.438476562, 1175.59777832, 277.829437256, 234.023361206, 124.465957642, 58.118724823, 398.45401001, 238.733200073, 290.875091553, 178.705688477, 93.8419647217, 124.687110901, 89.4640045166, 74.1840133667, 17.3441696167, 6.94272184372, 3.31054568291, 0.0253969505429, 4.91137652716e-05, 1.01472060976e-07, 1.53101176181e-09, 1.99197200401e-10, 5.94667537435e-10]
    },
    "gfcc": {
        "mean": [-6.57427597046, 145.920379639, -160.550231934, 35.714050293, -81.1176071167, 14.3454847336, -31.2470722198, -16.5995540619, -9.30299758911, -15.3335771561, 4.10658693314, -16.3688755035, 6.69069385529],
        "cov": [[2370.39379883, -761.292785645, 382.013031006, 394.670593262, -379.003082275, 331.789276123, -264.367858887, 242.3387146, -50.6444511414, 49.1516799927, -8.58775997162, -42.9981765747, -114.093437195], [-761.292785645, 1064.35559082, -30.881986618, -68.5816574097, 549.895629883, -262.853363037, 333.874816895, -187.635757446, 140.101409912, -84.4956893921, 21.274766922, -15.0431985855, 18.7993183136], [382.013031006, -30.881986618, 397.309082031, 206.084197998, 34.680896759, 214.017028809, -18.3200187683, 121.344406128, -5.579454422, 16.6172275543, 4.19941902161, -24.7096157074, -17.195892334], [394.670593262, -68.5816574097, 206.084197998, 267.368865967, 54.3995552063, 126.0154953, 7.68361949921, 87.4574813843, 24.697977066, 20.7492923737, -7.53072690964, -28.1198062897, -38.9145622253], [-379.003082275, 549.895629883, 34.680896759, 54.3995552063, 416.939727783, -46.0282707214, 202.536697388, -58.5513801575, 81.2568664551, -13.1167011261, 1.03187584877, -11.3593225479, 14.6821756363], [331.789276123, -262.853363037, 214.017028809, 126.0154953, -46.0282707214, 300.012268066, -43.3263397217, 146.987258911, -15.3683347702, 48.8287315369, -3.47443294525, -13.1847171783, -3.75415802002], [-264.367858887, 333.874816895, -18.3200187683, 7.68361949921, 202.536697388, -43.3263397217, 210.943008423, -24.7271442413, 51.4752197266, -11.3097686768, -0.380107969046, -3.65887498856, 2.10774493217], [242.3387146, -187.635757446, 121.344406128, 87.4574813843, -58.5513801575, 146.987258911, -24.7271442413, 156.113296509, 15.0362262726, 36.2919502258, -8.21396541595, -14.6401395798, -10.9043045044], [-50.6444511414, 140.101409912, -5.579454422, 24.697977066, 81.2568664551, -15.3683347702, 51.4752197266, 15.0362262726, 94.6447219849, 12.585606575, -4.36270189285, -10.0223731995, -10.832403183], [49.1516799927, -84.4956893921, 16.6172275543, 20.7492923737, -13.1167011261, 48.8287315369, -11.3097686768, 36.2919502258, 12.585606575, 69.5227966309, 7.84179162979, -2.76879453659, 6.22894573212], [-8.58775997162, 21.274766922, 4.19941902161, -7.53072690964, 1.03187584877, -3.47443294525, -0.380107969046, -8.21396541595, -4.36270189285, 7.84179162979, 57.8299980164, 26.7090682983, 0.865999400616], [-42.9981765747, -15.0431985855, -24.7096157074, -28.1198062897, -11.3593225479, -13.1847171783, -3.65887498856, -14.6401395798, -10.0223731995, -2.76879453659, 26.7090682983, 62.780166626, 29.7909240723], [-114.093437195, 18.7993183136, -17.195892334, -38.9145622253, 14.6821756363, -3.75415802002, 2.10774493217, -10.9043045044, -10.832403183, 6.22894573212, 0.865999400616, 29.7909240723, 67.3252105713]],
        "icov": [[0.000838343985379, -0.000209802150493, -3.70319758076e-05, -0.00119335774798, 0.000849804549944, -0.000295792997349, 0.000484609074192, -0.000149448751472, 0.000114042311907, -7.24507699488e-05, 0.000156992071425, -0.000327286368702, 0.000706722552422], [-0.000209802150493, 0.0223727393895, -0.0126269683242, 0.0114030567929, -0.0175971761346, 0.0125594269484, -0.0116073684767, 0.0088668698445, -0.0166954156011, 0.013747821562, -0.0123184463009, 0.0122949117795, -0.00613951170817], [-3.70319758076e-05, -0.0126269683242, 0.0133316908032, -0.00940253213048, 0.00876978598535, -0.00976386573166, 0.00731121515855, -0.00639346428216, 0.0104817030951, -0.00548312999308, 0.00471026543528, -0.0051173963584, 0.00210970197804], [-0.00119335774798, 0.0114030567929, -0.00940253213048, 0.0149137564003, -0.011218204163, 0.00647354498506, -0.00587612530217, 0.00311278854497, -0.00894607417285, 0.00557860732079, -0.00461655575782, 0.00525307562202, 0.000287256087177], [0.000849804549944, -0.0175971761346, 0.00876978598535, -0.011218204163, 0.0207683164626, -0.010517526418, 0.0045659407042, -0.00325820362195, 0.00962694268674, -0.0102233020589, 0.00875910185277, -0.00782062392682, 0.00216598785482], [-0.000295792997349, 0.0125594269484, -0.00976386573166, 0.00647354498506, -0.010517526418, 0.0158429760486, -0.00605913856998, -0.00073127594078, -0.00665838643909, 0.00463013490662, -0.00607509817928, 0.00624391809106, -0.00369644421153], [0.000484609074192, -0.0116073684767, 0.00731121515855, -0.00587612530217, 0.0045659407042, -0.00605913856998, 0.0157709997147, -0.00650391122326, 0.00784560572356, -0.00621469458565, 0.00647294614464, -0.0072030518204, 0.00459394510835], [-0.000149448751472, 0.0088668698445, -0.00639346428216, 0.00311278854497, -0.00325820362195, -0.00073127594078, -0.00650391122326, 0.0194602534175, -0.0116201648489, 0.00316550512798, -0.00351420231164, 0.00557764433324, -0.00312307057902], [0.000114042311907, -0.0166954156011, 0.0104817030951, -0.00894607417285, 0.00962694268674, -0.00665838643909, 0.00784560572356, -0.0116201648489, 0.0287111382931, -0.0138841196895, 0.0106336195022, -0.0100515354425, 0.00797808170319], [-7.24507699488e-05, 0.013747821562, -0.00548312999308, 0.00557860732079, -0.0102233020589, 0.00463013490662, -0.00621469458565, 0.00316550512798, -0.0138841196895, 0.0282509103417, -0.0133873429149, 0.0120574058965, -0.00895347353071], [0.000156992071425, -0.0123184463009, 0.00471026543528, -0.00461655575782, 0.00875910185277, -0.00607509817928, 0.00647294614464, -0.00351420231164, 0.0106336195022, -0.0133873429149, 0.0320573076606, -0.0209565907717, 0.0110299633816], [-0.000327286368702, 0.0122949117795, -0.0051173963584, 0.00525307562202, -0.00782062392682, 0.00624391809106, -0.0072030518204, 0.00557764433324, -0.0100515354425, 0.0120574058965, -0.0209565907717, 0.0358718335629, -0.0174122173339], [0.000706722552422, -0.00613951170817, 0.00210970197804, 0.000287256087177, 0.00216598785482, -0.00369644421153, 0.00459394510835, -0.00312307057902, 0.00797808170319, -0.00895347353071, 0.0110299633816, -0.0174122173339, 0.0268169678748]]
    },
    "melbands": {
        "dmean": [0.000786053773481, 0.00153912859969, 0.00115420017391, 0.000475615262985, 0.000750754552428, 0.000350806076312, 0.000224667281145, 0.000153883622261, 0.00029486825224, 0.00013370468514, 7.49708124204e-05, 7.54701832193e-05, 6.34170210105e-05, 0.000131745749968, 6.63857063046e-05, 3.13085547532e-05, 2.51775127253e-05, 2.44281327468e-05, 1.15804368761e-05, 8.37527477415e-06, 8.98775761016e-06, 5.81959056944e-06, 4.75630258734e-06, 3.38373092745e-06, 3.85044222639e-06, 3.86858800994e-06, 3.25472478835e-06, 3.2508185086e-06, 2.93107791549e-06, 2.38455072576e-06, 2.24229529522e-06, 2.1985301828e-06, 1.67850475918e-06, 1.78567370313e-06, 1.56524959039e-06, 1.2862535641e-06, 6.66931782689e-07, 4.37084111127e-07, 4.32783281212e-07, 2.50097144772e-07],
        "dmean2": [0.00133720948361, 0.00262755015865, 0.0019936345052, 0.000810091383755, 0.00114408275113, 0.000528859905899, 0.000352499773726, 0.000243298476562, 0.000457437010482, 0.000202381925192, 0.000116300187074, 0.000122129611555, 9.59902463364e-05, 0.000200233756914, 9.91939814412e-05, 4.90134916618e-05, 3.98444753955e-05, 3.74144074158e-05, 1.73752068804e-05, 1.3100076103e-05, 1.40105703395e-05, 8.98197686183e-06, 7.4316590144e-06, 5.29368662683e-06, 5.88797183809e-06, 5.71055261389e-06, 4.91861101182e-06, 4.77501544083e-06, 4.40080793851e-06, 3.56995224138e-06, 3.30217858391e-06, 3.2909017591e-06, 2.5040503715e-06, 2.67727250503e-06, 2.28708699979e-06, 1.87561010989e-06, 9.59415160651e-07, 6.29993678558e-07, 6.13785914538e-07, 3.42921310903e-07],
        "dvar": [2.81709662886e-06, 1.17967265396e-05, 6.10765937381e-06, 7.56375470701e-07, 1.25606175061e-06, 2.42053801003e-07, 1.4886383326e-07, 4.75427235358e-08, 1.63500246231e-07, 4.33545714884e-08, 1.23607613034e-08, 9.16746145663e-09, 6.83738754503e-09, 2.5520970226e-08, 5.3331987715e-09, 1.72487513161e-09, 1.29519539538e-09, 1.01939234831e-09, 2.76165340596e-10, 1.4840546847e-10, 1.21996024394e-10, 5.27129208339e-11, 3.86466796065e-11, 2.87310505248e-11, 1.49280504624e-10, 9.18978226849e-11, 4.61271819352e-11, 8.3426890396e-11, 4.6733110437e-11, 1.68583064175e-11, 1.92276871508e-11, 2.33255706417e-11, 1.94184286706e-11, 1.8008334407e-11, 1.90100973158e-11, 5.04071350632e-12, 2.22150770002e-12, 1.35311488576e-12, 1.60792483928e-12, 8.53709952123e-13],
        "dvar2": [7.44525459595e-06, 3.13144919346e-05, 1.62530741363e-05, 2.00911154025e-06, 2.64184495791e-06, 5.89807200413e-07, 3.43158660598e-07, 1.14925221339e-07, 4.430967806e-07, 1.0676316009e-07, 2.86135701799e-08, 2.28717791373e-08, 1.68715423854e-08, 6.48179039331e-08, 1.25010446439e-08, 3.88829457521e-09, 2.72498601461e-09, 2.37830688476e-09, 6.41367459142e-10, 3.48940126793e-10, 2.86026369256e-10, 1.16420595386e-10, 9.27811161233e-11, 5.99911786914e-11, 3.76036007887e-10, 1.93757038192e-10, 9.2971914889e-11, 1.70634645302e-10, 1.04920551414e-10, 3.35855440681e-11, 3.96804117342e-11, 4.51001146151e-11, 3.9691409881e-11, 3.40517232467e-11, 3.90792745386e-11, 9.42710406265e-12, 4.36887115027e-12, 2.68499870774e-12, 3.17340229615e-12, 1.43216601772e-12],
        "max": [0.0126440608874, 0.0259086452425, 0.017052995041, 0.00709954090416, 0.0215834695846, 0.00778508558869, 0.0077813854441, 0.00493522174656, 0.00799677893519, 0.00307765067555, 0.00220870017074, 0.00165741401725, 0.00133499025833, 0.0032315030694, 0.000962292135227, 0.000816817337181, 0.00115391216241, 0.000715730013326, 0.0003227533889, 0.000299077917589, 0.000250012177275, 0.000157091912115, 0.000117203191621, 8.91344607226e-05, 0.000441266514827, 0.000247708434472, 0.000137098657433, 0.000187764308066, 0.000134708767291, 6.53659444652e-05, 7.41988769732e-05, 7.59414178901e-05, 8.70894946274e-05, 9.62813501246e-05, 0.00012588215759, 4.47755337518e-05, 3.21482293657e-05, 3.01358668366e-05, 3.84857994504e-05, 3.19925748045e-05],
        "mean": [0.000844356487505, 0.00152928754687, 0.00121808669064, 0.000614365329966, 0.0019194802735, 0.000828458811156, 0.000448311679065, 0.000334680924425, 0.000609146663919, 0.000270574382739, 0.000166357320268, 0.000156126538059, 0.000122741796076, 0.000279814586975, 0.000152125197928, 6.72648675391e-05, 5.56962186238e-05, 5.5254149629e-05, 2.81390184682e-05, 1.88231279026e-05, 2.07385037356e-05, 1.40288657349e-05, 9.35157640924e-06, 6.08023992754e-06, 7.69241341914e-06, 7.78252888267e-06, 5.67014922126e-06, 5.57320754524e-06, 5.16019235874e-06, 4.24945346822e-06, 3.83792439607e-06, 3.60708577318e-06, 2.30490036301e-06, 2.6979184895e-06, 2.32147272072e-06, 1.94082076632e-06, 9.97369056677e-07, 6.36793231479e-07, 6.46494470402e-07, 3.83340704957e-07],
        "median": [0.000188157981029, 0.000380402372684, 0.000491716200486, 0.000295319186989, 0.00114759930875, 0.00052414421225, 0.000227146694669, 0.000211674720049, 0.000437363487436, 0.000145261816215, 9.32926923269e-05, 0.000109629676444, 8.73610115377e-05, 0.000197586894501, 0.000108087995613, 4.73949003208e-05, 3.95945680793e-05, 3.7307774619e-05, 1.91374929273e-05, 1.31307133415e-05, 1.47556038428e-05, 1.00973375083e-05, 6.78261449139e-06, 3.580252951e-06, 2.93923335448e-06, 2.40483404923e-06, 2.6181226076e-06, 2.36938581111e-06, 2.35576840169e-06, 2.24970995077e-06, 1.7161253254e-06, 1.23774566418e-06, 5.75201227093e-07, 9.35314744765e-07, 7.00480370597e-07, 4.05949407423e-07, 2.01922119913e-07, 9.44053795138e-08, 8.90844944479e-08, 5.08207733674e-08],
        "min": [3.19307580376e-10, 1.51993861941e-09, 2.05085526339e-09, 4.89511498003e-09, 1.66735070195e-08, 1.35327651307e-08, 4.20110968236e-09, 2.53540521911e-09, 1.19852474612e-08, 6.82611700498e-09, 1.27438570807e-09, 1.47912493365e-09, 2.82126966233e-09, 8.75333494577e-09, 2.66766297941e-09, 1.41996137071e-09, 1.81507719965e-09, 3.94944993376e-10, 1.40792336123e-10, 1.81765061336e-10, 1.46574530291e-10, 1.20803672621e-10, 1.80132020411e-10, 2.02114783243e-10, 6.06887595733e-11, 1.45865791668e-10, 1.57362400888e-10, 1.66808428181e-10, 1.53345183773e-10, 1.4561214734e-10, 1.38224376389e-10, 2.11117484605e-10, 1.97568003624e-10, 1.23281440612e-10, 2.76101069091e-11, 1.61800833148e-11, 4.42016735713e-11, 1.12290931761e-11, 3.34279695938e-12, 2.73083443879e-12],
        "var": [2.58400859821e-06, 9.66633433563e-06, 4.89792091685e-06, 7.62230058626e-07, 4.58965496364e-06, 7.86402040376e-07, 4.06205629133e-07, 1.63034343359e-07, 3.66740010804e-07, 1.20699311879e-07, 5.02998815932e-08, 2.46674378701e-08, 1.42886209531e-08, 7.18030079838e-08, 1.91399607274e-08, 4.32661284577e-09, 4.09447498129e-09, 3.27443294701e-09, 8.74154693076e-10, 3.92115145909e-10, 4.07570560634e-10, 1.93347782229e-10, 7.97540575248e-11, 5.5663060966e-11, 3.39985845033e-10, 2.66537791838e-10, 8.82737979935e-11, 1.57331425665e-10, 9.52879511407e-11, 3.72758629519e-11, 3.61023537454e-11, 4.55426599211e-11, 3.11671626008e-11, 3.26056230626e-11, 3.60066178262e-11, 1.15825760441e-11, 4.64226790689e-12, 2.87631962519e-12, 3.84794149669e-12, 2.30904249714e-12]
    },
    "mfcc": {
        "mean": [-622.03326416, 145.984466553, -13.5265808105, 9.80134487152, -15.642786026, 11.338259697, -8.19495010376, -3.22420597076, -7.13334226608, -3.85217499733, -5.93196392059, 3.25043416023, -0.855844438076],
        "cov": [[2369.62304688, -988.658569336, 591.827331543, -54.2593955994, 57.3143615723, -60.8838996887, -61.4571228027, 62.1110267639, -92.629447937, 112.628250122, 51.3405036926, -31.5402812958, -2.39766812325], [-988.658569336, 1222.71569824, -459.828125, 301.079528809, 35.8741607666, 143.400680542, 55.6409683228, 35.6007804871, 76.6084823608, -41.4552154541, 3.58840203285, 18.8671646118, 16.163974762], [591.827331543, -459.828125, 540.206481934, -63.8063621521, 130.860412598, 0.482585668564, 60.9503440857, 64.2678070068, 0.284139275551, 78.7741775513, 15.0932044983, 17.1733417511, 3.03271842003], [-54.2593955994, 301.079528809, -63.8063621521, 283.964691162, 63.3765830994, 77.8707962036, 33.9861183167, 41.7903823853, 36.881778717, 25.1062984467, 31.2548313141, -4.84110784531, 10.7181329727], [57.3143615723, 35.8741607666, 130.860412598, 63.3765830994, 200.905929565, 78.9635925293, 60.1041069031, 44.6066856384, 48.8794364929, 45.3938407898, 21.4095001221, 22.2045192719, 10.5481739044], [-60.8838996887, 143.400680542, 0.482585668564, 77.8707962036, 78.9635925293, 132.218063354, 67.1766738892, 31.5557785034, 48.2521095276, 20.7194728851, 11.5056171417, 26.8531188965, 13.7729797363], [-61.4571228027, 55.6409683228, 60.9503440857, 33.9861183167, 60.1041069031, 67.1766738892, 136.498565674, 43.6461143494, 44.8336105347, 17.3347454071, 6.12961959839, 32.661567688, 14.1678171158], [62.1110267639, 35.6007804871, 64.2678070068, 41.7903823853, 44.6066856384, 31.5557785034, 43.6461143494, 100.989837646, 31.6791667938, 22.4595298767, 21.2362384796, 14.0762939453, 6.96536159515], [-92.629447937, 76.6084823608, 0.284139275551, 36.881778717, 48.8794364929, 48.2521095276, 44.8336105347, 31.6791667938, 124.986778259, 35.9830245972, 8.41562175751, 22.6633262634, 8.03178119659], [112.628250122, -41.4552154541, 78.7741775513, 25.1062984467, 45.3938407898, 20.7194728851, 17.3347454071, 22.4595298767, 35.9830245972, 111.655403137, 30.1937007904, 0.19440947473, 9.76384830475], [51.3405036926, 3.58840203285, 15.0932044983, 31.2548313141, 21.4095001221, 11.5056171417, 6.12961959839, 21.2362384796, 8.41562175751, 30.1937007904, 70.8575973511, 10.8598117828, -0.453505903482], [-31.5402812958, 18.8671646118, 17.1733417511, -4.84110784531, 22.2045192719, 26.8531188965, 32.661567688, 14.0762939453, 22.6633262634, 0.19440947473, 10.8598117828, 71.0722732544, 18.5935344696], [-2.39766812325, 16.163974762, 3.03271842003, 10.7181329727, 10.5481739044, 13.7729797363, 14.1678171158, 6.96536159515, 8.03178119659, 9.76384830475, -0.453505903482, 18.5935344696, 50.2399291992]],
