{
"lowlevel": {
    "average_loudness": 0.978010237217,
    "barkbands_crest": {
        "dmean": 2.33265018463,
        "dmean2": 3.76514816284,
        "dvar": 4.43788099289,
        "dvar2": 11.437959671,
        "max": 22.6688518524,
        "mean": 11.4973258972,
        "median": 11.0347366333,
        "min": 2.74145197868,
        "var": 11.8181037903
    },
    "barkbands_flatness_db": {
        "dmean": 0.0267993174493,
        "dmean2": 0.0368418432772,
        "dvar": 0.000895260833204,
        "dvar2": 0.00157396320719,
        "max": 0.528909921646,
        "mean": 0.213039338589,
        "median": 0.201952546835,
        "min": 0.0352984182537,
        "var": 0.00603936705738
    },
    "barkbands_kurtosis": {
        "dmean": 6.91565799713,
        "dmean2": 10.8179216385,
        "dvar": 128.782363892,
        "dvar2": 320.278167725,
        "max": 210.73034668,
        "mean": 15.6820821762,
        "median": 11.1417512894,
        "min": -1.91479504108,
        "var": 267.621734619
    },
    "barkbands_skewness": {
        "dmean": 0.673732221127,
        "dmean2": 1.02679586411,
        "dvar": 0.575201928616,
        "dvar2": 1.31507205963,
        "max": 10.9640331268,
        "mean": 2.95665788651,
        "median": 2.77774691582,
        "min": -2.23588228226,
        "var": 1.84475958347
    },
    "barkbands_spread": {
        "dmean": 4.76720714569,
        "dmean2": 6.8095946312,
        "dvar": 70.8604202271,
        "dvar2": 131.121520996,
        "max": 103.334030151,
        "mean": 12.8865680695,
        "median": 8.04473590851,
        "min": 0.617775321007,
        "var": 214.821517944
    },
    "dissonance": {
        "dmean": 0.0184086803347,
        "dmean2": 0.0300680678338,
        "dvar": 0.000323369255057,
        "dvar2": 0.000855533580761,
        "max": 0.499306738377,
        "mean": 0.455140709877,
        "median": 0.461898028851,
        "min": 0.303042083979,
        "var": 0.00104680238292
    },
    "dynamic_complexity": 2.69865393639,
    "erbbands_crest": {
        "dmean": 2.49421310425,
        "dmean2": 4.04415655136,
        "dvar": 4.97279787064,
        "dvar2": 12.6874551773,
        "max": 22.1943645477,
        "mean": 9.37725639343,
        "median": 8.75938510895,
        "min": 2.60082697868,
        "var": 14.0466451645
    },
    "erbbands_flatness_db": {
        "dmean": 0.0196261946112,
        "dmean2": 0.0271502546966,
        "dvar": 0.000503288873006,
        "dvar2": 0.000921692408156,
        "max": 0.371981739998,
        "mean": 0.166992276907,
        "median": 0.163303658366,
        "min": 0.0467177256942,
        "var": 0.00234528980218
    },
    "erbbands_kurtosis": {
        "dmean": 1.3928719759,
        "dmean2": 2.18641543388,
        "dvar": 5.56094741821,
        "dvar2": 12.1770086288,
        "max": 30.4828414917,
        "mean": 1.1610635519,
        "median": -0.0693287849426,
        "min": -1.79374659061,
        "var": 12.2181472778
    },
    "erbbands_skewness": {
        "dmean": 0.454619169235,
        "dmean2": 0.672316491604,
        "dvar": 0.247722193599,
        "dvar2": 0.489530414343,
        "max": 4.71076345444,
        "mean": 0.765295684338,
        "median": 0.723974704742,
        "min": -3.10702061653,
        "var": 1.11491858959
    },
    "erbbands_spread": {
        "dmean": 10.5970048904,
        "dmean2": 16.2449493408,
        "dvar": 209.291412354,
        "dvar2": 446.016204834,
        "max": 153.902282715,
        "mean": 45.1634407043,
        "median": 42.3087730408,
        "min": 4.51266098022,
        "var": 511.545471191
    },
    "hfc": {
        "dmean": 5.71030426025,
        "dmean2": 8.0759563446,
        "dvar": 148.288635254,
        "dvar2": 296.429901123,
        "max": 288.593414307,
        "mean": 16.7064571381,
        "median": 12.7163572311,
        "min": 1.15964752945e-16,
        "var": 404.912872314
    },
    "melbands_crest": {
        "dmean": 2.92681741714,
        "dmean2": 4.69824504852,
        "dvar": 6.67377901077,
        "dvar2": 16.5012493134,
        "max": 31.0720272064,
        "mean": 16.9339389801,
        "median": 16.2801189423,
        "min": 2.20292377472,
        "var": 26.0714759827
    },
    "melbands_flatness_db": {
        "dmean": 0.0318941511214,
        "dmean2": 0.0427713207901,
        "dvar": 0.00138129724655,
        "dvar2": 0.00248846178874,
        "max": 0.696203529835,
        "mean": 0.303302943707,
        "median": 0.290556579828,
        "min": 0.010118314065,
        "var": 0.00964118354023
    },
    "melbands_kurtosis": {
        "dmean": 15.8606739044,
        "dmean2": 24.6545410156,
        "dvar": 711.108093262,
        "dvar2": 1566.47167969,
        "max": 608.64453125,
        "mean": 39.9164428711,
        "median": 27.5268344879,
        "min": -1.60817730427,
        "var": 1794.33898926
    },
    "melbands_skewness": {
        "dmean": 0.940055727959,
        "dmean2": 1.45746314526,
        "dvar": 1.30137896538,
        "dvar2": 2.97535085678,
        "max": 18.4567050934,
        "mean": 4.46719884872,
        "median": 4.05766057968,
        "min": -0.965158998966,
        "var": 3.72765541077
    },
    "melbands_spread": {
        "dmean": 4.06699705124,
        "dmean2": 6.00282001495,
        "dvar": 89.5748901367,
        "dvar2": 184.958969116,
        "max": 150.611480713,
        "mean": 9.98641014099,
        "median": 6.05896997452,
        "min": 0.453674733639,
        "var": 205.508895874
    },
    "pitch_salience": {
        "dmean": 0.0668250769377,
        "dmean2": 0.107281960547,
        "dvar": 0.00372300646268,
        "dvar2": 0.00943423807621,
        "max": 0.834792196751,
        "mean": 0.519762814045,
        "median": 0.525458157063,
        "min": 0.197003260255,
        "var": 0.0101454360411
    },
    "silence_rate_20dB": {
        "dmean": 0,
        "dmean2": 0,
        "dvar": 0,
        "dvar2": 0,
        "max": 1,
        "mean": 1,
        "median": 1,
        "min": 1,
        "var": 0
    },
    "silence_rate_30dB": {
        "dmean": 0.0139318881556,
        "dmean2": 0.0278853606433,
        "dvar": 0.013737950474,
        "dvar2": 0.0302063692361,
        "max": 1,
        "mean": 0.987625658512,
        "median": 1,
        "min": 0,
        "var": 0.0122212925926
    },
    "silence_rate_60dB": {
        "dmean": 0.00773993786424,
        "dmean2": 0.0154918665066,
        "dvar": 0.00768006406724,
        "dvar2": 0.015251910314,
        "max": 1,
        "mean": 0.0448569208384,
        "median": 0,
        "min": 0,
        "var": 0.0428448617458
    },
    "spectral_centroid": {
        "dmean": 222.38458252,
        "dmean2": 317.062194824,
        "dvar": 184591.3125,
        "dvar2": 292132.84375,
        "max": 10724.4609375,
        "mean": 774.141845703,
        "median": 539.014953613,
        "min": 132.395401001,
        "var": 537338.1875
    },
    "spectral_complexity": {
        "dmean": 2.84829711914,
        "dmean2": 4.3284277916,
        "dvar": 11.6890983582,
        "dvar2": 23.3204746246,
        "max": 45,
        "mean": 14.1825208664,
        "median": 13,
        "min": 0,
        "var": 68.3456802368
    },
    "spectral_decrease": {
        "dmean": 3.20120241426e-09,
        "dmean2": 4.9878345898e-09,
        "dvar": 1.98455716726e-17,
        "dvar2": 5.05827396585e-17,
        "max": -2.41817010339e-29,
        "mean": -1.14455156464e-08,
        "median": -1.11128111158e-08,
        "min": -6.96607074246e-08,
        "var": 4.2700982279e-17
    },
    "spectral_energy": {
        "dmean": 0.0124089727178,
        "dmean2": 0.0193004067987,
        "dvar": 0.000290266325464,
        "dvar2": 0.000739028269891,
        "max": 0.265258103609,
        "mean": 0.0447132922709,
        "median": 0.0433760918677,
        "min": 1.06096083681e-20,
        "var": 0.000634611351416
    },
    "spectral_energyband_high": {
        "dmean": 0.000486350880237,
        "dmean2": 0.000673781672958,
        "dvar": 2.46570652962e-06,
        "dvar2": 5.23466906088e-06,
        "max": 0.0317766666412,
        "mean": 0.000781116134021,
        "median": 0.000140256684972,
        "min": 7.42433454637e-21,
        "var": 5.53602149012e-06
    },
    "spectral_energyband_low": {
        "dmean": 0.00827174633741,
        "dmean2": 0.0129183381796,
        "dvar": 0.000228068078286,
        "dvar2": 0.000597731035668,
        "max": 0.244298100471,
        "mean": 0.0243318751454,
        "median": 0.0218589808792,
        "min": 3.02976261701e-23,
        "var": 0.000345646112692
    },
    "spectral_energyband_middle_high": {
        "dmean": 0.000740715360735,
        "dmean2": 0.00111214525532,
        "dvar": 2.27487862503e-06,
        "dvar2": 4.41222709924e-06,
        "max": 0.0353853404522,
        "mean": 0.00209621433169,
        "median": 0.00131580710877,
        "min": 1.95003588493e-21,
        "var": 7.77557943366e-06
    },
    "spectral_energyband_middle_low": {
        "dmean": 0.00785470288247,
        "dmean2": 0.0124585386366,
        "dvar": 7.68407408032e-05,
        "dvar2": 0.000184954245924,
        "max": 0.102780766785,
        "mean": 0.0214832499623,
        "median": 0.0183117352426,
        "min": 3.07790679805e-22,
        "var": 0.000263767375145
    },
    "spectral_entropy": {
        "dmean": 0.254073351622,
        "dmean2": 0.35070514679,
        "dvar": 0.0979268178344,
        "dvar2": 0.175291284919,
        "max": 9.7822599411,
        "mean": 7.01424455643,
        "median": 7.04148387909,
        "min": 4.57432699203,
        "var": 0.488312274218
    },
    "spectral_flux": {
        "dmean": 0.0249822214246,
        "dmean2": 0.0399941802025,
        "dvar": 0.000848406227306,
        "dvar2": 0.00187550822739,
        "max": 0.386571735144,
        "mean": 0.080801025033,
        "median": 0.0746607109904,
        "min": 1.03002953389e-10,
        "var": 0.00192941492423
    },
    "spectral_kurtosis": {
        "dmean": 3.95775651932,
        "dmean2": 6.23758363724,
        "dvar": 65.9273834229,
        "dvar2": 161.035522461,
        "max": 162.682754517,
        "mean": 8.96969985962,
        "median": 4.96659564972,
        "min": -1.21501195431,
        "var": 234.946899414
    },
    "spectral_rms": {
        "dmean": 0.000885227229446,
        "dmean2": 0.00134259019978,
        "dvar": 9.13182987006e-07,
        "dvar2": 2.1678408757e-06,
        "max": 0.0160869024694,
        "mean": 0.00626882724464,
        "median": 0.00650523928925,
        "min": 3.21727171813e-12,
        "var": 4.32464230471e-06
    },
    "spectral_rolloff": {
        "dmean": 319.330749512,
        "dmean2": 512.727050781,
        "dvar": 1143354,
        "dvar2": 2057182.875,
        "max": 18497.0214844,
        "mean": 667.228881836,
        "median": 301.46484375,
        "min": 86.1328125,
        "var": 1703072.75
    },
    "spectral_skewness": {
        "dmean": 0.406769663095,
        "dmean2": 0.609836399555,
        "dvar": 0.312011867762,
        "dvar2": 0.712101578712,
        "max": 10.2773590088,
        "mean": 2.03007006645,
        "median": 1.75145614147,
        "min": 0.0212489292026,
        "var": 1.47043943405
    },
    "spectral_spread": {
        "dmean": 692802.5,
        "dmean2": 945080.8125,
        "dvar": 1.76304501555e+12,
        "dvar2": 2.35736845517e+12,
        "max": 41314224,
        "mean": 4280093,
        "median": 3974288.25,
        "min": 596249.875,
        "var": 4.34855110246e+12
    },
    "spectral_strongpeak": {
        "dmean": 0.273463457823,
        "dmean2": 0.460698217154,
        "dvar": 0.131928116083,
        "dvar2": 0.321734130383,
        "max": 6.50694084167,
        "mean": 0.669263362885,
        "median": 0.576674520969,
        "min": 6.21561579983e-10,
        "var": 0.225204616785
    },
    "zerocrossingrate": {
        "dmean": 0.00843494478613,
        "dmean2": 0.00907386187464,
        "dvar": 0.000339716323651,
        "dvar2": 0.000306870380882,
        "max": 0.49560546875,
        "mean": 0.0329727679491,
        "median": 0.025390625,
        "min": 0.00390625,
        "var": 0.00107394403312
    },
    "barkbands": {
        "dmean": [0.000238825392444, 0.00412720721215, 0.00401229877025, 0.00432362919673, 0.00402744626626, 0.00122386193834, 0.000699853291735, 0.000391681678593, 0.000283298024442, 0.000120208947919, 0.000102732316009, 8.6096864834e-05, 0.000114524606033, 0.000165962977917, 0.00012217220501, 8.57073391671e-05, 0.000179492853931, 0.000131417007651, 9.82950587058e-05, 0.000139394382131, 0.00011036554497, 0.000161315576406, 8.3136066678e-05, 6.04621636739e-05, 5.08345510752e-05, 1.15612501759e-05, 4.42467154471e-07],
        "dmean2": [0.000369188433979, 0.00666411966085, 0.00622166693211, 0.00687509262934, 0.00642243213952, 0.00191168650053, 0.00105400604662, 0.000608197064139, 0.000442852120614, 0.000194942898815, 0.000173410066054, 0.000138502800837, 0.000178979549673, 0.000268094794592, 0.00019624120614, 0.000144442587043, 0.000263094756519, 0.000205277567147, 0.000130622691358, 0.000195775515749, 0.000166157537024, 0.000246029172558, 0.00011529627227, 9.33374540182e-05, 7.53094573156e-05, 1.54572044266e-05, 6.80926746099e-07],
        "dvar": [1.61866012149e-06, 0.000179234630195, 2.81416105281e-05, 3.27051420754e-05, 3.29513386532e-05, 4.17561341237e-06, 2.7470398436e-06, 9.20119020975e-07, 4.42482956942e-07, 4.40975398419e-08, 1.01014137499e-07, 6.81077523268e-08, 4.43253576066e-08, 1.01437315436e-07, 6.01579301929e-08, 5.28464951799e-08, 1.54648105877e-07, 3.95248122231e-07, 2.12921008824e-07, 2.19816371327e-07, 1.34074440439e-07, 4.5539849225e-07, 1.5603330894e-07, 5.01239085793e-08, 2.87357320161e-08, 1.31732857955e-09, 2.48764832518e-12],
        "dvar2": [3.76365710508e-06, 0.0004979216028, 7.16552094673e-05, 8.27007679618e-05, 8.56699771248e-05, 9.36733340495e-06, 5.63211597182e-06, 2.14048054659e-06, 1.15523437216e-06, 1.08334496929e-07, 2.66740897814e-07, 1.75082135456e-07, 1.04346241869e-07, 2.63469928541e-07, 1.52803480091e-07, 1.52344483695e-07, 3.43719733564e-07, 7.9531088204e-07, 2.25090758477e-07, 3.77533012852e-07, 2.89021471644e-07, 1.1376475868e-06, 3.3106130104e-07, 1.22192744811e-07, 6.48531184311e-08, 2.31613084267e-09, 6.02687344475e-12],
        "max": [0.0169675424695, 0.210682496428, 0.0637569725513, 0.0722098052502, 0.0666609406471, 0.0307761710137, 0.0278765745461, 0.0154711287469, 0.011877018027, 0.00311471684836, 0.00442389305681, 0.00311469659209, 0.00253388239071, 0.00408016657457, 0.00352448481135, 0.00282720243558, 0.00809940788895, 0.0184087641537, 0.0194277968258, 0.0141973216087, 0.00632556248456, 0.0163417011499, 0.00950013380498, 0.00365307694301, 0.00354981003329, 0.000575657410081, 3.98110787501e-05],
        "mean": [0.00021929871582, 0.010054115206, 0.0101189287379, 0.00782997906208, 0.00831564236432, 0.00256580929272, 0.00133609655313, 0.000801691785455, 0.000550551980268, 0.000192689767573, 0.000137124516186, 0.0001173242199, 0.000198322028155, 0.000295880949125, 0.000214653962757, 0.000136042828672, 0.000347170745954, 0.000211251652217, 0.000172150874278, 0.000234265520703, 0.000154893423314, 0.000224701390835, 0.000123697260278, 7.57837842684e-05, 6.80295197526e-05, 1.67735815921e-05, 4.7902165079e-07],
        "median": [2.85412243102e-05, 0.00894229114056, 0.00691129546613, 0.00469931028783, 0.00448437873274, 0.00120318867266, 0.000444407749455, 0.000201962568099, 0.000227235577768, 9.60707257036e-05, 5.08779667143e-05, 4.60214578197e-05, 8.01321002655e-05, 0.000119015690871, 8.4696279373e-05, 4.73960317322e-05, 7.53046260797e-05, 5.73150027776e-05, 3.87428808608e-05, 4.88482655783e-05, 1.87323021237e-05, 3.10366667691e-05, 1.70584498846e-05, 1.26521945276e-05, 7.04662852513e-06, 1.35927086831e-06, 4.18316332684e-08],
        "min": [4.90054909364e-24, 1.72957816579e-23, 8.23496789898e-24, 3.30579202916e-24, 1.13368336649e-23, 7.02029786315e-23, 1.40878456546e-23, 4.70019735638e-23, 1.27809804982e-22, 8.7378670416e-23, 4.61652950659e-23, 1.59703817411e-22, 1.80026792839e-22, 7.57322498666e-23, 1.89908783979e-22, 2.48533695281e-22, 3.24349665378e-22, 2.51941574392e-22, 2.09944752878e-22, 3.60338282424e-22, 3.2535117794e-22, 4.38043934109e-22, 4.49721195965e-22, 7.57308135086e-22, 1.26014039493e-21, 1.73632884614e-21, 2.55128128162e-21],
        "var": [1.55798215928e-06, 0.000151522515807, 0.000103839483927, 7.86943419371e-05, 9.3802853371e-05, 1.38698005685e-05, 6.63515402266e-06, 3.32431136485e-06, 1.04050309346e-06, 7.83208591315e-08, 9.22679603832e-08, 6.64796999672e-08, 9.28952132995e-08, 2.15317157881e-07, 1.13954719438e-07, 6.84040983856e-08, 4.42724910954e-07, 6.83008408942e-07, 7.63173090945e-07, 6.18053377366e-07, 2.79077227106e-07, 6.83171663241e-07, 2.34123547216e-07, 5.52275238874e-08, 4.31634745723e-08, 3.01730596064e-09, 2.92199597851e-12]
    },
    "erbbands": {
        "dmean": [0.0998168215156, 1.0050791502, 3.94337439537, 9.36313152313, 15.2690734863, 13.8341674805, 7.73332595825, 10.5863847733, 10.7697982788, 8.02209091187, 9.35480594635, 7.07166242599, 4.35096263885, 3.49725699425, 4.04085493088, 3.1447532177, 5.05770540237, 8.17390727997, 6.87636184692, 4.41422367096, 5.65078306198, 7.6921620369, 7.87079811096, 4.5534825325, 6.1231136322, 6.58583307266, 4.25467967987, 4.92223548889, 6.66128873825, 3.47327303886, 2.2638964653, 1.62050831318, 0.844832837582, 0.634328782558, 0.329036861658, 0.087255962193, 0.0159102380276, 0.00200604577549, 5.42785710422e-05, 1.55222169269e-05],
        "dmean2": [0.171119809151, 1.60855233669, 5.98748636246, 14.988196373, 24.1166496277, 22.5768623352, 11.9947280884, 16.453420639, 16.1838874817, 11.7396364212, 14.3702449799, 10.8657302856, 6.9318022728, 5.6671333313, 6.74327373505, 4.91406202316, 7.90993690491, 12.9820318222, 10.7512998581, 7.2025847435, 8.96131896973, 11.2741670609, 12.1591043472, 6.81904697418, 7.59854793549, 9.28021526337, 6.34850215912, 7.45161342621, 10.1352825165, 5.21561574936, 3.13042092323, 2.51249599457, 1.25627839565, 0.923004627228, 0.505056619644, 0.117327556014, 0.0216902196407, 0.00279375188984, 7.47354788473e-05, 2.35720999626e-05],
        "dvar": [0.266080617905, 6.71669387817, 28.6016082764, 146.915847778, 393.291625977, 618.061340332, 125.727386475, 353.664215088, 496.162384033, 426.914245605, 582.881286621, 303.833068848, 59.4005012512, 65.3433532715, 187.19241333, 69.3472290039, 92.8088150024, 228.198120117, 171.18548584, 148.487625122, 145.508331299, 331.071289062, 1541.11279297, 372.181762695, 831.983947754, 486.944946289, 209.366867065, 330.997161865, 805.869995117, 167.341384888, 117.956573486, 59.0411109924, 6.86663293839, 3.95583891869, 1.32017743587, 0.0813520997763, 0.00258431909606, 3.83118676837e-05, 2.3610532196e-08, 4.2101619413e-10],
        "dvar2": [0.727407693863, 18.8789100647, 71.5652160645, 377.418395996, 982.780212402, 1606.49401855, 277.862060547, 820.998474121, 1010.07263184, 884.64642334, 1431.05456543, 741.098205566, 140.751403809, 174.129119873, 508.759155273, 166.303268433, 214.146972656, 577.519836426, 427.881622314, 391.593902588, 389.429931641, 705.41583252, 3101.66088867, 790.181274414, 929.303283691, 823.806945801, 435.57522583, 737.905090332, 1990.09387207, 383.303375244, 249.641464233, 146.07875061, 14.2719326019, 8.64641094208, 3.11350393295, 0.149519637227, 0.00500079058111, 8.06182288215e-05, 4.98677508176e-08, 1.03690989128e-09],
        "max": [7.90239620209, 39.4047355652, 65.0297622681, 131.265472412, 182.993118286, 376.570068359, 180.856704712, 250.032180786, 384.949249268, 344.231628418, 441.987457275, 310.591674805, 121.746704102, 104.736526489, 184.35710144, 125.1354599, 109.735191345, 181.857391357, 202.133499146, 173.866226196, 153.801513672, 393.274505615, 1193.35778809, 619.886413574, 1282.28930664, 632.603881836, 287.206939697, 329.634185791, 664.8359375, 259.576812744, 267.015869141, 174.94619751, 35.0895423889, 39.5825424194, 22.5283508301, 5.04032659531, 0.921591699123, 0.160883292556, 0.00392413185909, 0.000289058400085],
        "mean": [0.158858180046, 2.77632594109, 11.2007865906, 19.9523715973, 29.9578342438, 27.6542930603, 16.055015564, 21.8602199554, 21.6927051544, 15.1290245056, 19.5848236084, 14.1750621796, 7.95427513123, 5.56601142883, 5.75306510925, 5.07052850723, 9.23525810242, 15.9024810791, 13.3295888901, 7.71297502518, 10.4888858795, 15.8299407959, 14.3594808578, 8.16488552094, 10.4503307343, 11.3073682785, 6.68767356873, 6.66091775894, 8.73845672607, 5.33124923706, 3.27576136589, 1.87219130993, 1.18850708008, 0.859246313572, 0.415643572807, 0.122762165964, 0.0224949773401, 0.00260098860599, 8.8460095867e-05, 5.40122855455e-05],
        "median": [0.102636784315, 2.56333422661, 7.37658452988, 14.2899894714, 18.3589611053, 10.2547216415, 8.66387081146, 8.72690391541, 8.24862957001, 5.05367517471, 5.83364152908, 5.52161693573, 3.78207683563, 2.70276904106, 2.45943832397, 2.30932307243, 4.07415151596, 5.98091840744, 6.22233343124, 3.35724568367, 3.568328619, 3.77826786041, 4.32789039612, 2.39321398735, 2.47658085823, 2.19710159302, 1.12688934803, 0.684984982014, 1.10888445377, 0.697470009327, 0.453346043825, 0.276732027531, 0.182048365474, 0.0996860414743, 0.0330905094743, 0.00805971957743, 0.00206200056709, 0.000284589390503, 3.27095840476e-05, 5.13586237503e-05],
        "min": [5.11593134483e-22, 3.8865686926e-21, 7.58699105122e-21, 1.34647143408e-20, 8.63132596161e-21, 3.10988729488e-20, 2.45687815523e-19, 5.91881901181e-19, 4.4118810174e-19, 3.65070011194e-19, 1.31316349129e-18, 2.31432541568e-18, 3.87112337587e-18, 1.8367919801e-18, 3.50018167479e-18, 6.35300559835e-18, 6.64252418942e-18, 6.63354597105e-18, 6.07402239315e-18, 1.47629273115e-17, 1.01401234063e-17, 1.78517553764e-17, 1.47475252085e-17, 1.3048545034e-17, 1.27248237654e-17, 1.65566767417e-17, 1.43929410041e-17, 1.36640311026e-17, 1.68169640106e-17, 1.41624620156e-17, 1.23601578836e-17, 1.60450539523e-17, 1.13158109274e-17, 1.40749214914e-17, 9.38401332483e-18, 6.77042781881e-18, 3.33536676492e-18, 1.24050611764e-18, 3.94068740423e-19, 3.51098749703e-20],
        "var": [0.184499517083, 6.91462659836, 109.58984375, 353.688140869, 990.919494629, 1758.16882324, 447.464050293, 1140.25061035, 1297.92480469, 1057.29443359, 1929.56787109, 737.291442871, 152.353088379, 86.6028289795, 154.910308838, 84.3405456543, 199.900848389, 566.139831543, 381.970092773, 208.072937012, 292.753662109, 985.81817627, 2523.32324219, 912.024658203, 2883.98120117, 1406.78283691, 493.232788086, 582.192932129, 1114.8482666, 365.278503418, 164.286529541, 54.8449707031, 11.4033622742, 6.46873950958, 1.83953845501, 0.177328780293, 0.0049813715741, 5.95481978962e-05, 3.85238898559e-08, 9.76443814693e-10]
    },
    "gfcc": {
        "mean": [-33.2074737549, 125.914016724, -86.7987747192, 50.0703697205, -47.4991149902, 10.7966747284, -39.8754196167, 1.05687332153, -19.519575119, -2.70229053497, -15.8302049637, -10.7090730667, -12.5811252594],
        "cov": [[10412.1171875, -1540.41955566, -927.135864258, 783.222473145, -798.72845459, 306.43270874, -382.424499512, 284.602630615, -198.753799438, 185.703292847, -166.337371826, 206.058563232, -193.569503784], [-1540.41955566, 2160.67749023, 38.8900146484, -564.973510742, 508.679168701, -308.532714844, 272.565582275, -218.87298584, 288.911560059, -296.063964844, 215.818588257, -180.359115601, 159.530990601], [-927.135864258, 38.8900146484, 855.261230469, -13.1431541443, 24.1924953461, 127.617225647, 128.489089966, 15.6629209518, -38.242351532, 32.9169769287, -50.585521698, -55.43359375, 7.49132204056], [783.222473145, -564.973510742, -13.1431541443, 407.56161499, -89.2022094727, 70.1862258911, -47.547252655, 47.7228240967, -41.3852958679, 61.1444396973, -40.5799980164, 38.9643249512, -3.32946777344], [-798.72845459, 508.679168701, 24.1924953461, -89.2022094727, 376.126098633, -61.3776664734, 80.7184524536, -43.2545967102, 75.3647537231, -48.0049209595, 38.7301559448, -35.9840965271, 61.0648841858], [306.43270874, -308.532714844, 127.617225647, 70.1862258911, -61.3776664734, 233.194869995, 31.0775661469, 46.1152572632, -42.3604888916, 65.8253707886, -34.301990509, 5.00544309616, -33.5907516479], [-382.424499512, 272.565582275, 128.489089966, -47.547252655, 80.7184524536, 31.0775661469, 250.201400757, -0.632077872753, 11.1175165176, -14.7975673676, 20.1275024414, -49.9158592224, 5.85119438171], [284.602630615, -218.87298584, 15.6629209518, 47.7228240967, -43.2545967102, 46.1152572632, -0.632077872753, 116.766349792, -9.90101528168, 35.1118507385, -22.1419887543, 14.0799074173, -19.2979640961], [-198.753799438, 288.911560059, -38.242351532, -41.3852958679, 75.3647537231, -42.3604888916, 11.1175165176, -9.90101528168, 137.08052063, -43.170841217, 30.7111549377, -22.9468860626, 23.2005195618], [185.703292847, -296.063964844, 32.9169769287, 61.1444396973, -48.0049209595, 65.8253707886, -14.7975673676, 35.1118507385, -43.170841217, 130.367095947, -22.2047729492, 19.5147533417, -23.3955287933], [-166.337371826, 215.818588257, -50.585521698, -40.5799980164, 38.7301559448, -34.301990509, 20.1275024414, -22.1419887543, 30.7111549377, -22.2047729492, 89.8711090088, -1.29084897041, 18.3554210663], [206.058563232, -180.359115601, -55.43359375, 38.9643249512, -35.9840965271, 5.00544309616, -49.9158592224, 14.0799074173, -22.9468860626, 19.5147533417, -1.29084897041, 95.2589111328, 13.2803125381], [-193.569503784, 159.530990601, 7.49132204056, -3.32946777344, 61.0648841858, -33.5907516479, 5.85119438171, -19.2979640961, 23.2005195618, -23.3955287933, 18.3554210663, 13.2803125381, 95.5895080566]],
        "icov": [[0.000209280507988, -0.000530340825208, 0.000285452988464, -0.000647888868116, 0.000476249726489, -0.00041496346239, 0.000337485253112, -0.000564865535125, 0.000467854843009, -0.000289361574687, 0.000623715983238, -0.000444121164037, 0.000436756294221], [-0.000530340825208, 0.00523811066523, -0.00103838869836, 0.0045102853328, -0.00277797086164, 0.00256273453124, -0.00282830325887, 0.00384845188819, -0.00434367312118, 0.00355086475611, -0.00519831804559, 0.00403726799414, -0.00359155703336], [0.000285452988464, -0.00103838869836, 0.00189370440785, -0.000966434367001, 0.000739394512493, -0.00137208704837, 6.21142826276e-05, -0.000944252533372, 0.00121467129793, -0.000794277584646, 0.00192209868692, -0.000100243290944, 0.000135651091114], [-0.000647888868116, 0.0045102853328, -0.000966434367001, 0.00708616524935, -0.00227034837008, 0.00184251717292, -0.00224127992988, 0.00295314821415, -0.00361270597205, 0.00225240807049, -0.00382088613696, 0.00308227236383, -0.00395191274583], [0.000476249726489, -0.00277797086164, 0.000739394512493, -0.00227034837008, 0.00540175428614, -0.00115763861686, 0.000637932971586, -0.00166725984309, 0.00104867923073, -0.00192849047016, 0.00272110686637, -0.00159258884378, 0.000202595329029], [-0.00041496346239, 0.00256273453124, -0.00137208704837, 0.00184251717292, -0.00115763861686, 0.0075226011686, -0.00235976744443, 0.00105661561247, -0.00183521327563, -0.00018831534544, -0.00196581450291, 0.00163357576821, -0.000654951611068], [0.000337485253112, -0.00282830325887, 6.21142826276e-05, -0.00224127992988, 0.000637932971586, -0.00235976744443, 0.00685310270637, -0.00279300799593, 0.00290870899335, -0.00139735382982, 0.0013345007319, -8.8459937615e-06, 0.00179756339639], [-0.000564865535125, 0.00384845188819, -0.000944252533372, 0.00295314821415, -0.00166725984309, 0.00105661561247, -0.00279300799593, 0.0135007845238, -0.00455093430355, 0.000903807929717, -0.00230589718558, 0.00150259968359, -0.00149701081682], [0.000467854843009, -0.00434367312118, 0.00121467129793, -0.00361270597205, 0.00104867923073, -0.00183521327563, 0.00290870899335, -0.00455093430355, 0.0133594349027, -0.000969298183918, 0.00223143026233, -0.00116870156489, 0.00181815924589], [-0.000289361574687, 0.00355086475611, -0.000794277584646, 0.00225240807049, -0.00192849047016, -0.00018831534544, -0.00139735382982, 0.000903807929717, -0.000969298183918, 0.0129315359518, -0.00342325586826, 0.0016058034962, -0.00110306811985], [0.000623715983238, -0.00519831804559, 0.00192209868692, -0.00382088613696, 0.00272110686637, -0.00196581450291, 0.0013345007319, -0.00230589718558, 0.00223143026233, -0.00342325586826, 0.0191719625145, -0.0051657166332, 0.00233533466235], [-0.000444121164037, 0.00403726799414, -0.000100243290944, 0.00308227236383, -0.00159258884378, 0.00163357576821, -8.8459937615e-06, 0.00150259968359, -0.00116870156489, 0.0016058034962, -0.0051657166332, 0.0170710850507, -0.00632975902408], [0.000436756294221, -0.00359155703336, 0.000135651091114, -0.00395191274583, 0.000202595329029, -0.000654951611068, 0.00179756339639, -0.00149701081682, 0.00181815924589, -0.00110306811985, 0.00233533466235, -0.00632975902408, 0.0161394327879]]
    },
    "melbands": {
        "dmean": [0.001009312924, 0.00172304792795, 0.0017196633853, 0.00107843370643, 0.000303085107589, 0.000235727769905, 0.000160903204232, 8.49299321999e-05, 7.47668091208e-05, 4.11964247178e-05, 2.14439533011e-05, 1.41305263242e-05, 1.51897284013e-05, 1.01489567896e-05, 8.44653095555e-06, 1.26615059344e-05, 1.6589587176e-05, 1.17836370919e-05, 7.36050969863e-06, 6.12929352428e-06, 7.79674701334e-06, 8.01457008492e-06, 1.07765226858e-05, 6.35684591543e-06, 3.68607607015e-06, 4.2160349949e-06, 4.9492132348e-06, 4.58356043964e-06, 2.78522588815e-06, 2.57866054199e-06, 3.11886583404e-06, 3.98641986976e-06, 3.02650869344e-06, 1.65742062563e-06, 1.3979583855e-06, 1.0869024436e-06, 1.03983518329e-06, 5.95819699356e-07, 6.32108822174e-07, 5.10431334533e-07],
        "dmean2": [0.00166249810718, 0.00265110121109, 0.00274131004699, 0.00171780330129, 0.00048116382095, 0.000364563835319, 0.000242660113145, 0.000126507220557, 0.000114574788313, 6.35112737655e-05, 3.4180298826e-05, 2.29488541663e-05, 2.545514144e-05, 1.66837235156e-05, 1.34471029014e-05, 1.9838598746e-05, 2.6655057809e-05, 1.84882137546e-05, 1.20324029922e-05, 1.02635376606e-05, 1.21833527373e-05, 1.17359923024e-05, 1.66543140949e-05, 1.00509141703e-05, 5.75685271542e-06, 5.56098211746e-06, 6.76914987707e-06, 6.61922240397e-06, 4.19466095991e-06, 3.93951404476e-06, 4.94755977343e-06, 6.06251978752e-06, 4.83212079416e-06, 2.51045366895e-06, 1.95851566787e-06, 1.55320026352e-06, 1.72174577528e-06, 9.00085581179e-07, 9.16033116027e-07, 7.61531396165e-07],
        "dvar": [1.67065754795e-05, 6.19154297965e-06, 4.42551208835e-06, 2.27534883379e-06, 2.06167158012e-07, 1.677339867e-07, 1.14566226728e-07, 4.03665580961e-08, 3.59623477664e-08, 9.79288738989e-09, 1.44578360395e-09, 1.04728237194e-09, 2.60502508453e-09, 9.28968124647e-10, 3.72430558615e-10, 5.91212301337e-10, 9.45652223194e-10, 5.85593851188e-10, 2.83753576191e-10, 2.87916857022e-10, 2.41966058301e-10, 3.13765569082e-10, 1.20154797223e-09, 8.45958081364e-10, 2.67185024105e-10, 5.20647414071e-10, 3.07533359889e-10, 2.35784974878e-10, 9.3480806429e-11, 7.33302793487e-11, 1.50957801814e-10, 3.00816149768e-10, 1.44658965362e-10, 4.25625819311e-11, 3.50461083765e-11, 5.25477196478e-11, 2.41811570767e-11, 3.34096725979e-12, 4.01952993459e-12, 2.50570918181e-12],
        "dvar2": [4.59153707197e-05, 1.58848215506e-05, 1.1289572285e-05, 5.97945927439e-06, 4.84627491915e-07, 3.83746908028e-07, 2.31461385169e-07, 8.38797333813e-08, 8.94914151672e-08, 2.30011032443e-08, 3.40991612724e-09, 2.81586332029e-09, 7.02363500693e-09, 2.4423125744e-09, 9.29157084606e-10, 1.44195522189e-09, 2.39692399262e-09, 1.50975576485e-09, 7.0456840362e-10, 8.24862012028e-10, 6.06540928594e-10, 6.884902648e-10, 2.28619678744e-09, 1.856854559e-09, 6.62003063479e-10, 5.89344517632e-10, 3.74385383806e-10, 4.43883402257e-10, 1.91706525654e-10, 1.59928043031e-10, 3.45277001434e-10, 7.22495785421e-10, 3.80599413097e-10, 9.15557421544e-11, 6.99464861031e-11, 1.20678592119e-10, 6.62754295888e-11, 7.46907570515e-12, 8.39285065057e-12, 5.5877329673e-12],
        "max": [0.0654233247042, 0.033011149615, 0.0241110157222, 0.0166184864938, 0.00757203111425, 0.00568977277726, 0.00493875471875, 0.00331879104488, 0.00372490170412, 0.00173646269832, 0.000594659417402, 0.00040423264727, 0.00069809803972, 0.000382919504773, 0.000378553173505, 0.000332687021, 0.00033657316817, 0.000306411966449, 0.000237423955696, 0.000211004720768, 0.000182851072168, 0.000353979354259, 0.000807502365205, 0.000876449106727, 0.000475388049381, 0.000989953405224, 0.000650694360957, 0.000407658517361, 0.000222155184019, 0.000161055577337, 0.000206965778489, 0.000438503018813, 0.000234427774558, 0.00014060169633, 0.000128746440168, 0.000205344826099, 7.24829878891e-05, 2.09478366742e-05, 3.63630315405e-05, 2.95175141218e-05],
        "mean": [0.00214571459219, 0.00524215167388, 0.00383035768755, 0.00220346311107, 0.000650677888189, 0.000490758568048, 0.000327154499246, 0.000160089577548, 0.000152742519276, 8.09792909422e-05, 3.68674263882e-05, 2.16727185034e-05, 2.04135139938e-05, 1.43908055179e-05, 1.42601693369e-05, 2.22707039939e-05, 3.04658497043e-05, 2.09480658668e-05, 1.32814566314e-05, 8.97949666978e-06, 1.38748337122e-05, 1.57180566021e-05, 1.8362496121e-05, 1.02061776488e-05, 5.88300463278e-06, 6.86355133439e-06, 8.28328666103e-06, 7.39879897083e-06, 4.24690915679e-06, 3.52719871444e-06, 3.93677373722e-06, 5.14948442287e-06, 4.02762998419e-06, 2.57853230323e-06, 1.95266420633e-06, 1.43840793498e-06, 1.04438345261e-06, 7.75267153585e-07, 8.62285844505e-07, 6.73787553751e-07],
        "median": [0.001783458516, 0.00406719651073, 0.00290699047036, 0.00125691073481, 0.000328111229464, 0.000202174080187, 0.000120891651022, 5.0331633247e-05, 4.59734656033e-05, 3.21726220136e-05, 1.70434959728e-05, 9.86370741884e-06, 7.78407229518e-06, 6.0306974774e-06, 5.735252671e-06, 9.49576588027e-06, 1.10934206532e-05, 9.15757755138e-06, 5.10533573106e-06, 3.37335836775e-06, 4.00151475333e-06, 3.38177915182e-06, 4.65473704025e-06, 2.53244115811e-06, 1.58211025791e-06, 1.41507462104e-06, 1.76785454187e-06, 1.27871589939e-06, 6.53953293295e-07, 3.74490866761e-07, 3.66768233562e-07, 5.98393455675e-07, 5.25380642102e-07, 3.10381778945e-07, 2.49745113479e-07, 1.89603852618e-07, 1.33737486863e-07, 1.24619901953e-07, 1.02506973576e-07, 6.96151829516e-08],
        "min": [5.17830820166e-24, 4.66462327942e-24, 2.23287414489e-24, 7.64912123518e-25, 6.67026702664e-24, 1.34274886131e-23, 6.50511702398e-24, 5.0834023183e-24, 1.12845645302e-23, 1.69072061309e-23, 1.91690438956e-23, 7.10514474444e-24, 9.55651580792e-24, 1.65285229197e-23, 1.37037650571e-23, 1.88660487327e-23, 1.04913096697e-23, 7.18727699759e-24, 1.73141842051e-23, 2.29443854598e-23, 8.93231226172e-24, 1.62923000993e-23, 1.85307197392e-23, 1.14348228111e-23, 1.0452958408e-23, 8.19658192733e-24, 1.19063675726e-23, 1.05902541265e-23, 8.98447963339e-24, 7.4564836701e-24, 7.6316786331e-24, 1.00062785421e-23, 7.78216410596e-24, 8.22532328555e-24, 7.4241624611e-24, 6.03507504246e-24, 1.19475248127e-23, 7.59106491826e-24, 8.27093285651e-24, 1.3340507232e-23],
        "var": [1.25985698105e-05, 1.80214610737e-05, 1.13209353003e-05, 6.3452212089e-06, 7.97143002274e-07, 5.5269265431e-07, 3.06051816779e-07, 1.08653885889e-07, 1.0980487275e-07, 2.55216789924e-08, 3.57053586697e-09, 1.41708811352e-09, 2.19179518979e-09, 8.88955353773e-10, 5.61564628132e-10, 1.14819198593e-09, 2.21976148573e-09, 1.12885112369e-09, 5.13771192256e-10, 3.23184978779e-10, 5.51469314658e-10, 9.21678178223e-10, 2.19916751476e-09, 1.55398582891e-09, 4.89913276613e-10, 1.70538172473e-09, 1.08021269707e-09, 6.2374910792e-10, 2.22054569177e-10, 1.40212494393e-10, 2.32260558009e-10, 4.19412948816e-10, 2.10025441483e-10, 9.39853958548e-11, 5.49075993006e-11, 5.26030399794e-11, 1.77015381519e-11, 4.8861860738e-12, 7.09197544441e-12, 3.93563220208e-12]
    },
    "mfcc": {
        "mean": [-680.318969727, 146.59564209, 25.2439918518, 40.6737670898, 18.3497104645, 11.85405159, -1.89648640156, 0.940189957619, -1.38571226597, 2.51526498795, 3.05438566208, -3.32847213745, -4.93817424774],
        "cov": [[8515.54980469, -1587.97790527, -608.308166504, 172.819503784, -295.955993652, -93.6096801758, -249.882781982, 45.6129875183, -142.933105469, -16.936126709, 62.8979072571, -3.27032256126, 70.6534347534], [-1587.97790527, 2443.97290039, -185.602508545, -141.134750366, 157.735153198, -54.0682258606, 30.7831611633, 69.4020080566, 29.7471122742, 1.92063772678, 16.1298522949, 42.4782905579, -45.5852813721], [-608.308166504, -185.602508545, 783.411987305, -16.9104175568, -29.6677970886, 93.3285140991, 113.870674133, -3.65965628624, 70.3167114258, 43.4465827942, 20.6879882812, -32.4522857666, -3.34339785576], [172.819503784, -141.134750366, -16.9104175568, 261.771636963, 35.1178779602, 13.2336435318, 9.16139698029, -1.73615109921, 23.6005573273, 1.18967366219, -31.6650066376, 17.3270168304, 5.98937368393], [-295.955993652, 157.735153198, -29.6677970886, 35.1178779602, 226.937789917, 13.8314905167, -32.585483551, 0.730985820293, 32.0502319336, -12.254992485, -7.54637861252, 8.00318431854, -10.0092754364], [-93.6096801758, -54.0682258606, 93.3285140991, 13.2336435318, 13.8314905167, 164.784744263, 74.2366104126, 0.762983262539, 33.1809196472, 25.139497757, 20.5814418793, -9.36316490173, -3.24275827408], [-249.882781982, 30.7831611633, 113.870674133, 9.16139698029, -32.585483551, 74.2366104126, 199.353500366, 15.467959404, 39.2161521912, 41.1046867371, 15.4728107452, -0.535517990589, -0.540692865849], [45.6129875183, 69.4020080566, -3.65965628624, -1.73615109921, 0.730985820293, 0.762983262539, 15.467959404, 112.611297607, 7.79658985138, 22.1278190613, 12.2612285614, -10.6808834076, 10.6091098785], [-142.933105469, 29.7471122742, 70.3167114258, 23.6005573273, 32.0502319336, 33.1809196472, 39.2161521912, 7.79658985138, 131.517669678, 3.9518764019, -2.32146906853, 8.94935417175, -3.00176310539], [-16.936126709, 1.92063772678, 43.4465827942, 1.18967366219, -12.254992485, 25.139497757, 41.1046867371, 22.1278190613, 3.9518764019, 147.57220459, 32.7178955078, -11.7249898911, -11.1502389908], [62.8979072571, 16.1298522949, 20.6879882812, -31.6650066376, -7.54637861252, 20.5814418793, 15.4728107452, 12.2612285614, -2.32146906853, 32.7178955078, 117.23084259, -18.1630001068, -3.29448056221], [-3.27032256126, 42.4782905579, -32.4522857666, 17.3270168304, 8.00318431854, -9.36316490173, -0.535517990589, -10.6808834076, 8.94935417175, -11.7249898911, -18.1630001068, 67.7093353271, 8.6786108017], [70.6534347534, -45.5852813721, -3.34339785576, 5.98937368393, -10.0092754364, -3.24275827408, -0.540692865849, 10.6091098785, -3.00176310539, -11.1502389908, -3.29448056221, 8.6786108017, 73.7131195068]],
