{
"lowlevel": {
    "average_loudness": 0.941121995449,
    "barkbands_crest": {
        "dmean": 2.30374956131,
        "dmean2": 3.91383743286,
        "dvar": 4.85925388336,
        "dvar2": 13.4646043777,
        "max": 22.7712516785,
        "mean": 10.0463504791,
        "median": 9.54312801361,
        "min": 3.80790352821,
        "var": 9.93175315857
    },
    "barkbands_flatness_db": {
        "dmean": 0.0310467872769,
        "dmean2": 0.0468371473253,
        "dvar": 0.000929826812353,
        "dvar2": 0.00203220406547,
        "max": 0.509089887142,
        "mean": 0.252249389887,
        "median": 0.248108163476,
        "min": 0.0907521992922,
        "var": 0.0045756008476
    },
    "barkbands_kurtosis": {
        "dmean": 4.34556818008,
        "dmean2": 6.77601194382,
        "dvar": 70.3534393311,
        "dvar2": 160.833602905,
        "max": 151.053466797,
        "mean": 9.24604797363,
        "median": 5.29728317261,
        "min": -1.62600207329,
        "var": 218.537689209
    },
    "barkbands_skewness": {
        "dmean": 0.535550534725,
        "dmean2": 0.85962998867,
        "dvar": 0.415990501642,
        "dvar2": 1.01787924767,
        "max": 10.2237329483,
        "mean": 2.19693732262,
        "median": 1.93912255764,
        "min": -0.81701362133,
        "var": 1.55394661427
    },
    "barkbands_spread": {
        "dmean": 3.0611538887,
        "dmean2": 4.67327976227,
        "dvar": 17.4886875153,
        "dvar2": 38.81067276,
        "max": 57.684967041,
        "mean": 9.39730072021,
        "median": 8.12298488617,
        "min": 0.56764537096,
        "var": 40.0918159485
    },
    "dissonance": {
        "dmean": 0.0234871152788,
        "dmean2": 0.038971401751,
        "dvar": 0.000477044843137,
        "dvar2": 0.00119536812417,
        "max": 0.500000059605,
        "mean": 0.441743940115,
        "median": 0.449893504381,
        "min": 0.205314859748,
        "var": 0.0015588500537
    },
    "dynamic_complexity": 3.46969676018,
    "erbbands_crest": {
        "dmean": 1.90109407902,
        "dmean2": 2.98951840401,
        "dvar": 3.37526273727,
        "dvar2": 7.74303293228,
        "max": 30.449552536,
        "mean": 9.42297172546,
        "median": 8.30486488342,
        "min": 2.76132488251,
        "var": 17.4250888824
    },
    "erbbands_flatness_db": {
        "dmean": 0.0211833938956,
        "dmean2": 0.0276835840195,
        "dvar": 0.000506457174197,
        "dvar2": 0.000862816174049,
        "max": 0.376060903072,
        "mean": 0.230607092381,
        "median": 0.235367819667,
        "min": 0.102585688233,
        "var": 0.00339351082221
    },
    "erbbands_kurtosis": {
        "dmean": 0.890024542809,
        "dmean2": 1.37554824352,
        "dvar": 1.6103156805,
        "dvar2": 3.59500408173,
        "max": 30.5065116882,
        "mean": 0.574587643147,
        "median": -0.187644004822,
        "min": -1.6388232708,
        "var": 5.72308826447
    },
    "erbbands_skewness": {
        "dmean": 0.330374479294,
        "dmean2": 0.510083436966,
        "dvar": 0.107868917286,
        "dvar2": 0.249670132995,
        "max": 4.3119096756,
        "mean": 0.725457370281,
        "median": 0.671026408672,
        "min": -2.2637526989,
        "var": 0.525841295719
    },
    "erbbands_spread": {
        "dmean": 7.1902718544,
        "dmean2": 10.0388526917,
        "dvar": 86.3690414429,
        "dvar2": 160.959335327,
        "max": 130.863372803,
        "mean": 32.0316238403,
        "median": 27.3424720764,
        "min": 4.8804807663,
        "var": 337.209564209
    },
    "hfc": {
        "dmean": 4.44829177856,
        "dmean2": 6.47623109818,
        "dvar": 71.2165374756,
        "dvar2": 141.867294312,
        "max": 80.4493484497,
        "mean": 11.8989124298,
        "median": 9.26167583466,
        "min": 3.39241305483e-05,
        "var": 143.215408325
    },
    "melbands_crest": {
        "dmean": 3.07351660728,
        "dmean2": 5.25087308884,
        "dvar": 8.5079126358,
        "dvar2": 23.6176681519,
        "max": 30.9075965881,
        "mean": 14.6877851486,
        "median": 13.642663002,
        "min": 4.80414915085,
        "var": 28.4871559143
    },
    "melbands_flatness_db": {
        "dmean": 0.0382374860346,
        "dmean2": 0.0556348450482,
        "dvar": 0.00158905854914,
        "dvar2": 0.00336248171516,
        "max": 0.629475951195,
        "mean": 0.317788690329,
        "median": 0.31436035037,
        "min": 0.0929928719997,
        "var": 0.00832874793559
    },
    "melbands_kurtosis": {
        "dmean": 9.88100242615,
        "dmean2": 15.6544036865,
        "dvar": 547.569213867,
        "dvar2": 1312.22851562,
        "max": 422.802215576,
        "mean": 21.8648490906,
        "median": 11.2085142136,
        "min": -1.33869612217,
        "var": 1687.36132812
    },
    "melbands_skewness": {
        "dmean": 0.724187016487,
        "dmean2": 1.14425313473,
        "dvar": 0.873981773853,
        "dvar2": 2.10852527618,
        "max": 15.9143772125,
        "mean": 3.05571007729,
        "median": 2.59368395805,
        "min": -0.423584103584,
        "var": 3.70000743866
    },
    "melbands_spread": {
        "dmean": 2.91082167625,
        "dmean2": 4.70451211929,
        "dvar": 15.3468170166,
        "dvar2": 39.6376495361,
        "max": 41.7087898254,
        "mean": 9.20018863678,
        "median": 8.10234260559,
        "min": 0.461572051048,
        "var": 33.6211967468
    },
    "pitch_salience": {
        "dmean": 0.0697554498911,
        "dmean2": 0.118612118065,
        "dvar": 0.00408813590184,
        "dvar2": 0.0115711456165,
        "max": 0.855537474155,
        "mean": 0.55842345953,
        "median": 0.570015728474,
        "min": 0.119238831103,
        "var": 0.0154946669936
    },
    "silence_rate_20dB": {
        "dmean": 0,
        "dmean2": 0,
        "dvar": 0,
        "dvar2": 0,
        "max": 1,
        "mean": 1,
        "median": 1,
        "min": 1,
        "var": 0
    },
    "silence_rate_30dB": {
        "dmean": 0.039473682642,
        "dmean2": 0.0789779350162,
        "dvar": 0.0379143841565,
        "dvar2": 0.0804853364825,
        "max": 1,
        "mean": 0.963636338711,
        "median": 1,
        "min": 0,
        "var": 0.0350405797362
    },
    "silence_rate_60dB": {
        "dmean": 0.0170278642327,
        "dmean2": 0.0340689122677,
        "dvar": 0.0167378932238,
        "dvar2": 0.0437473356724,
        "max": 1,
        "mean": 0.100193426013,
        "median": 0,
        "min": 0,
        "var": 0.090155929327
    },
    "spectral_centroid": {
        "dmean": 131.28553772,
        "dmean2": 196.860092163,
        "dvar": 33865.953125,
        "dvar2": 73300.0625,
        "max": 2453.1796875,
        "mean": 569.288818359,
        "median": 506.012908936,
        "min": 126.03401947,
        "var": 85783.1328125
    },
    "spectral_complexity": {
        "dmean": 3.01315784454,
        "dmean2": 4.53968238831,
        "dvar": 21.9296455383,
        "dvar2": 35.2862091064,
        "max": 56,
        "mean": 14.0220499039,
        "median": 14,
        "min": 0,
        "var": 67.8434753418
    },
    "spectral_decrease": {
        "dmean": 3.67168917492e-09,
        "dmean2": 6.14582695846e-09,
        "dvar": 6.70025825289e-17,
        "dvar2": 1.73898087533e-16,
        "max": -3.51479370782e-14,
        "mean": -8.35834157442e-09,
        "median": -6.83102863164e-09,
        "min": -1.10834648126e-07,
        "var": 7.41919996618e-17
    },
    "spectral_energy": {
        "dmean": 0.0141987064853,
        "dmean2": 0.0236573945731,
        "dvar": 0.00098479387816,
        "dvar2": 0.00254899915308,
        "max": 0.424157768488,
        "mean": 0.0326255522668,
        "median": 0.0267647039145,
        "min": 1.35733458251e-07,
        "var": 0.00110885221511
    },
    "spectral_energyband_high": {
        "dmean": 0.000234305000049,
        "dmean2": 0.000325143919326,
        "dvar": 3.6643618273e-07,
        "dvar2": 6.69791404562e-07,
        "max": 0.00676932791248,
        "mean": 0.000272303324891,
        "median": 1.4579353774e-05,
        "min": 1.13115794509e-10,
        "var": 5.52991309632e-07
    },
    "spectral_energyband_low": {
        "dmean": 0.00997976027429,
        "dmean2": 0.0171379912645,
        "dvar": 0.00077642762335,
        "dvar2": 0.0020496789366,
        "max": 0.396510839462,
        "mean": 0.0149283120409,
        "median": 0.00853502098471,
        "min": 9.12138347076e-08,
        "var": 0.000673984875903
    },
    "spectral_energyband_middle_high": {
        "dmean": 0.000848097959533,
        "dmean2": 0.00126687937882,
        "dvar": 2.43389808929e-06,
        "dvar2": 5.66026301385e-06,
        "max": 0.0177763421088,
        "mean": 0.00216977507807,
        "median": 0.00164889381267,
        "min": 4.50458470524e-09,
        "var": 4.7605662985e-06
    },
    "spectral_energyband_middle_low": {
        "dmean": 0.00605378020555,
        "dmean2": 0.010137507692,
        "dvar": 0.000173698776052,
        "dvar2": 0.000476827321108,
        "max": 0.145770996809,
        "mean": 0.0172303728759,
        "median": 0.0148812327534,
        "min": 4.34085158929e-08,
        "var": 0.00025580014335
    },
    "spectral_entropy": {
        "dmean": 0.274737775326,
        "dmean2": 0.371828258038,
        "dvar": 0.0951767787337,
        "dvar2": 0.179969161749,
        "max": 8.39438247681,
        "mean": 6.7339849472,
        "median": 6.72210407257,
        "min": 4.85127830505,
        "var": 0.470122039318
    },
    "spectral_flux": {
        "dmean": 0.0280207265168,
        "dmean2": 0.0427959226072,
        "dvar": 0.00205764267594,
        "dvar2": 0.00376430875622,
        "max": 0.527862846851,
        "mean": 0.0749750062823,
        "median": 0.0613295324147,
        "min": 0.00036842020927,
        "var": 0.00429658964276
    },
    "spectral_kurtosis": {
        "dmean": 9.4553527832,
        "dmean2": 15.5601425171,
        "dvar": 152.946151733,
        "dvar2": 390.602294922,
        "max": 149.665771484,
        "mean": 18.6972045898,
        "median": 9.79305934906,
        "min": -0.148697137833,
        "var": 562.651916504
    },
    "spectral_rms": {
        "dmean": 0.000966762250755,
        "dmean2": 0.00156976596918,
        "dvar": 2.30270893553e-06,
        "dvar2": 5.60518401471e-06,
        "max": 0.0203423816711,
        "mean": 0.00510274572298,
        "median": 0.00510998116806,
        "min": 1.15075145004e-05,
        "var": 5.79177958571e-06
    },
    "spectral_rolloff": {
        "dmean": 171.064666748,
        "dmean2": 298.123291016,
        "dvar": 103719,
        "dvar2": 272174.5,
        "max": 4091.30859375,
        "mean": 529.66027832,
        "median": 430.6640625,
        "min": 86.1328125,
        "var": 131478.65625
    },
    "spectral_skewness": {
        "dmean": 0.721249163151,
        "dmean2": 1.14327466488,
        "dvar": 0.580831646919,
        "dvar2": 1.44977629185,
        "max": 10.3240470886,
        "mean": 2.77181506157,
        "median": 2.36457514763,
        "min": 0.408597916365,
        "var": 2.67839074135
    },
    "spectral_spread": {
        "dmean": 592233.75,
        "dmean2": 817389.25,
        "dvar": 455474610176,
        "dvar2": 871382908928,
        "max": 7554879,
        "mean": 2927634,
        "median": 2418967.75,
        "min": 567625.875,
        "var": 2.45922922496e+12
    },
    "spectral_strongpeak": {
        "dmean": 0.25107729435,
        "dmean2": 0.434676349163,
        "dvar": 0.115841075778,
        "dvar2": 0.297975003719,
        "max": 3.54615616798,
        "mean": 0.622007191181,
        "median": 0.481490433216,
        "min": 0.000376194249839,
        "var": 0.286736726761
    },
    "zerocrossingrate": {
        "dmean": 0.00537071563303,
        "dmean2": 0.00669888593256,
        "dvar": 4.27098493674e-05,
        "dvar2": 5.84224580962e-05,
        "max": 0.10986328125,
        "mean": 0.026315620169,
        "median": 0.02392578125,
        "min": 0.00439453125,
        "var": 0.00019904965302
    },
    "barkbands": {
        "dmean": [0.000165067685884, 0.00493659824133, 0.00536271417513, 0.00121668097563, 0.00377691746689, 0.00184364605229, 0.000781686394475, 0.000365060375771, 0.000408471911214, 0.000148261067807, 9.89429172478e-05, 0.000197825575015, 0.000189636135474, 0.000137178445584, 8.52952216519e-05, 0.000163653458003, 7.3726856499e-05, 4.54647961305e-05, 4.78296169604e-05, 5.43579590158e-05, 7.22486729501e-05, 4.5246364607e-05, 4.22938537668e-05, 4.54025539511e-05, 7.4027852861e-06, 5.94401683429e-09, 1.36499778147e-09],
        "dmean2": [0.00029061792884, 0.00840762630105, 0.00962090771645, 0.00204354035668, 0.00638710428029, 0.00314676598646, 0.00132477725856, 0.000583694083616, 0.000618885445874, 0.000233302431297, 0.000169319057022, 0.00032765159267, 0.000307688664179, 0.0002038882958, 0.000138026152854, 0.000249768840149, 0.000110109060188, 6.60277510178e-05, 7.00108357705e-05, 7.72989660618e-05, 0.000102472877188, 6.33347444818e-05, 6.14361997577e-05, 6.56324627926e-05, 1.08066651592e-05, 9.36808763896e-09, 2.52363485664e-09],
        "dvar": [3.96000672254e-07, 0.000330019858666, 0.000141366763273, 5.7560332607e-06, 9.96471644612e-05, 7.69972848502e-06, 1.83639065199e-06, 3.7956638721e-07, 7.1121195333e-07, 6.50850751072e-08, 9.43056903679e-08, 1.95043412532e-07, 1.62850071206e-07, 5.19908454066e-08, 2.34960779721e-08, 1.37839862191e-07, 2.01220569096e-08, 1.3751018102e-08, 1.99742569151e-08, 2.72393485545e-08, 4.61747191594e-08, 1.31251196578e-08, 1.17793161891e-08, 1.29639374791e-08, 3.56285584369e-10, 1.94619305984e-16, 4.34654419216e-18],
        "dvar2": [1.06675406641e-06, 0.000852553814184, 0.000409954751376, 1.57870890689e-05, 0.00028405955527, 1.90407081391e-05, 5.21261290487e-06, 9.69165853348e-07, 1.65854419265e-06, 1.5836582179e-07, 2.7096211852e-07, 5.38214464996e-07, 4.07391297585e-07, 1.11116591484e-07, 6.11143562423e-08, 3.2257383964e-07, 4.42304859405e-08, 2.71673208374e-08, 4.30056807943e-08, 5.23230596627e-08, 9.19531757404e-08, 2.44943407779e-08, 2.44887008449e-08, 2.66068109767e-08, 7.55245144202e-10, 4.49912190786e-16, 1.34820728746e-17],
        "max": [0.0051836790517, 0.193142130971, 0.212573945522, 0.0334424227476, 0.105666190386, 0.0618291907012, 0.0191597305238, 0.00925224926323, 0.013046442531, 0.00372473313473, 0.00500996829942, 0.00670319236815, 0.00655391532928, 0.00380303803831, 0.00238832761534, 0.0066913953051, 0.00185252015945, 0.00134746835101, 0.0023786642123, 0.00237736129202, 0.00266700563952, 0.00122748443391, 0.00127765838988, 0.00137128587812, 0.000215552237933, 1.6891645771e-07, 2.9621103792e-08],
        "mean": [0.00013951274741, 0.00577270053327, 0.0070841643028, 0.00257274298929, 0.00634530978277, 0.00482888845727, 0.00162407103926, 0.00082358403597, 0.000922078557778, 0.000284713722067, 0.000126182232634, 0.000412414199673, 0.000381982448744, 0.000320941384416, 0.000139311072417, 0.000302228349028, 0.000122533907415, 6.17090263404e-05, 5.82700886298e-05, 6.63713071845e-05, 8.42120862217e-05, 5.10434801981e-05, 4.48601604148e-05, 4.79397640447e-05, 7.77955574449e-06, 6.22684481755e-09, 1.13482456765e-09],
        "median": [9.08256606635e-06, 0.00204312754795, 0.00354682467878, 0.00121694465633, 0.00419726409018, 0.0030203582719, 0.00107913278043, 0.000553696416318, 0.000416922237491, 0.000163835691637, 5.96758363827e-05, 0.000175073961145, 0.000134044777951, 0.000143626559293, 6.27324625384e-05, 8.34288657643e-05, 5.20941684954e-05, 1.98251127586e-05, 1.03914071587e-05, 5.94337234361e-06, 4.43142971562e-06, 2.48098194788e-06, 1.91175149666e-06, 1.36621133606e-06, 1.77755609343e-07, 9.74618274974e-10, 3.94548921312e-10],
        "min": [2.96030394642e-10, 4.21324415356e-08, 2.46486262512e-08, 8.10074496371e-09, 6.406937203e-09, 2.41751880736e-08, 2.47659137642e-09, 5.96095950378e-10, 3.06682595985e-10, 5.80087644586e-10, 5.43215576687e-11, 3.21182747065e-09, 5.1066581519e-11, 8.11352929286e-11, 7.50024278795e-11, 6.78109790542e-11, 7.70783090132e-11, 1.97003819508e-11, 5.89724449829e-12, 2.91196615432e-11, 1.15996648051e-11, 1.03840122265e-11, 2.03139206845e-11, 1.18563900017e-11, 1.01167919528e-11, 9.33167085271e-12, 9.85238106377e-12],
        "var": [3.05176826032e-07, 0.000269031093922, 0.000126029932289, 1.33417852339e-05, 8.48374256748e-05, 4.17359624407e-05, 3.56134682988e-06, 9.01336420611e-07, 1.96346832126e-06, 1.23851464195e-07, 6.43589643801e-08, 3.94502478684e-07, 3.21817566373e-07, 1.97454610884e-07, 4.43981171827e-08, 2.71212087455e-07, 3.4539535676e-08, 1.94524307773e-08, 2.51356464531e-08, 3.91775714093e-08, 6.33221972635e-08, 1.94655491725e-08, 1.51850798602e-08, 1.72659930797e-08, 4.5710540908e-10, 2.27847362949e-16, 3.63687616615e-18]
    },
    "erbbands": {
        "dmean": [0.146414250135, 1.20080518723, 5.34435415268, 5.21914625168, 8.11935424805, 14.7929840088, 13.1643486023, 15.3754243851, 12.0444612503, 12.1653194427, 8.31639099121, 8.42704296112, 7.30088996887, 4.16826915741, 4.36892032623, 8.45076942444, 7.7129201889, 8.92555713654, 5.21174430847, 3.31104493141, 10.5247840881, 3.93745088577, 2.49790740013, 2.46551632881, 2.46728110313, 2.61336612701, 3.27233576775, 2.29605197906, 1.7269244194, 1.43908631802, 1.14798235893, 1.00613689423, 0.674165725708, 0.179597690701, 0.0130702117458, 0.000594606506638, 3.81738827855e-05, 6.24445783615e-06, 7.44457884139e-06, 1.59294431796e-05],
        "dmean2": [0.252920150757, 2.04156780243, 9.7737455368, 8.82587146759, 14.2526407242, 24.7147674561, 20.7211227417, 26.5122432709, 20.7305831909, 21.0216197968, 13.065905571, 13.3097896576, 10.4084825516, 6.76358032227, 7.52210378647, 13.7556638718, 12.4413890839, 13.5895366669, 8.39845371246, 4.90488624573, 16.028470993, 5.87728786469, 3.66979670525, 3.60816025734, 3.5554318428, 3.7302441597, 4.7284450531, 3.23138713837, 2.42902421951, 2.07684493065, 1.67861258984, 1.45827448368, 0.996896862984, 0.258756488562, 0.019352145493, 0.000871676718816, 5.43146270502e-05, 8.90553019417e-06, 1.15977627502e-05, 2.61501627392e-05],
        "dvar": [0.328584849834, 18.4768695831, 168.543121338, 105.335952759, 696.866027832, 1311.56994629, 398.24130249, 699.694824219, 359.23248291, 559.011535645, 214.116409302, 336.709259033, 183.572616577, 83.0507736206, 239.712600708, 294.750976562, 282.670776367, 238.748184204, 70.9594802856, 45.1724777222, 592.610656738, 64.1817550659, 33.2089614868, 50.270778656, 51.7009658813, 68.5634536743, 100.922370911, 43.5317649841, 19.4803771973, 14.7373867035, 8.26014518738, 6.67164373398, 2.90906262398, 0.203688919544, 0.00124580296688, 2.46712079388e-06, 8.1199162949e-09, 1.95733734776e-10, 2.36006075793e-10, 1.19674936627e-09],
        "dvar2": [0.871228158474, 49.6664047241, 491.298431396, 289.827270508, 1981.64306641, 3731.98730469, 967.0078125, 1702.91113281, 999.841552734, 1707.21044922, 530.726501465, 863.977661133, 342.14956665, 221.08782959, 691.84173584, 799.015869141, 699.46673584, 532.561340332, 189.314239502, 97.6137771606, 1360.92016602, 138.850967407, 64.7472229004, 106.927192688, 107.942245483, 133.737792969, 203.847854614, 85.8055267334, 36.7280273438, 29.6114139557, 16.9456996918, 13.7527418137, 6.19073104858, 0.428841084242, 0.00277187488973, 5.41105146112e-06, 1.65718763157e-08, 3.83667375647e-10, 5.70747504813e-10, 3.06307490483e-09],
        "max": [4.52194452286, 49.6861228943, 205.85319519, 195.434020996, 302.076416016, 417.062957764, 347.737365723, 553.496704102, 255.09552002, 349.644348145, 220.110641479, 381.609008789, 285.796630859, 146.020568848, 244.115158081, 252.016143799, 229.57611084, 246.260467529, 135.379760742, 84.3236923218, 462.761901855, 123.537414551, 72.1902618408, 112.783927917, 124.489059448, 132.22038269, 121.65486145, 79.05052948, 46.8053894043, 42.75623703, 29.5599937439, 24.8392047882, 22.2481765747, 5.12522745132, 0.417362898588, 0.0190277583897, 0.00106834433973, 0.000154115783516, 0.000201465576538, 0.000465655524749],
        "mean": [0.142359167337, 1.45427405834, 6.52447652817, 10.7598381042, 10.3783912659, 24.2029266357, 35.9148406982, 37.7986793518, 26.9334220886, 22.6905841827, 19.7525844574, 18.9641456604, 16.3166255951, 7.5717792511, 6.05512475967, 19.6982955933, 16.9163360596, 20.8528900146, 9.23453998566, 6.25462675095, 19.6040115356, 6.92843866348, 3.97692751884, 3.13120627403, 3.04638934135, 3.1858279705, 3.78794646263, 2.66222405434, 1.96685791016, 1.58033537865, 1.22881579399, 1.06572854519, 0.695646762848, 0.190033912659, 0.0131233818829, 0.000618667225353, 4.84666707052e-05, 8.17691670818e-06, 1.69656323123e-05, 3.69140252587e-05],
        "median": [0.0267802663147, 0.632651865482, 3.4519174099, 6.11791944504, 4.95093345642, 13.2577056885, 21.7267379761, 21.1575450897, 17.5946102142, 13.7040109634, 12.7897148132, 9.54399490356, 8.17351913452, 4.15778160095, 3.2113969326, 8.22131252289, 7.46270036697, 8.78527545929, 5.3908200264, 2.93353819847, 5.26255512238, 3.54390215874, 1.73932802677, 0.831497192383, 0.443616479635, 0.279207110405, 0.233621910214, 0.125834345818, 0.0955489426851, 0.0711495652795, 0.0520679168403, 0.035616286099, 0.0193731728941, 0.00451860390604, 0.000209104153328, 3.09470597131e-05, 1.19935448311e-05, 2.28771841648e-06, 1.31253545987e-05, 3.00611736748e-05],
        "min": [8.59901547301e-07, 1.06381576188e-05, 2.83606950688e-05, 2.75504407909e-05, 2.51655783359e-05, 1.65105411725e-05, 9.63570273598e-05, 0.000215526859392, 4.8864621931e-05, 2.28792887356e-05, 1.40605070555e-05, 7.24642222849e-06, 1.73636799445e-05, 1.01273317341e-05, 1.65678029589e-05, 0.000142877965118, 1.3252169083e-05, 4.72994452139e-06, 9.2232339739e-06, 3.51298058376e-06, 3.88475109503e-06, 4.55220288131e-06, 1.46910588228e-06, 5.10866300374e-07, 4.16900633127e-07, 1.53977225636e-06, 7.18384796983e-07, 3.99499072046e-07, 4.42699644054e-07, 5.23467122093e-07, 5.49444280296e-07, 2.56798983855e-07, 2.33387936532e-07, 1.37468035177e-07, 5.69496236835e-08, 3.20718811508e-08, 1.88173832072e-08, 6.25992813141e-09, 1.5066258241e-09, 3.01402236502e-10],
        "var": [0.253562837839, 14.0541629791, 123.694412231, 182.754653931, 488.292358398, 1312.01940918, 1975.8079834, 3475.4230957, 1029.10546875, 905.036254883, 546.211425781, 814.531555176, 632.909667969, 107.170478821, 152.976867676, 879.086547852, 577.409912109, 856.967407227, 133.165420532, 86.6307144165, 1199.92578125, 106.391853333, 51.0134620667, 63.8701171875, 68.7671051025, 95.9504165649, 135.397262573, 60.3199882507, 28.5599861145, 19.7930526733, 10.9100379944, 8.80270671844, 3.65269517899, 0.266160935163, 0.00148003990762, 3.01590853269e-06, 1.13141007674e-08, 2.90478446852e-10, 3.12624370835e-10, 1.40100786528e-09]
    },
    "gfcc": {
        "mean": [-85.7992553711, 185.548461914, -120.213378906, 36.7472267151, -54.75340271, 7.53798341751, -35.3620681763, -16.0904827118, -0.335854113102, -19.2998104095, 6.45743083954, -19.2804393768, 2.8863363266],
        "cov": [[9598.62109375, -1874.94506836, -1736.83435059, 1145.68212891, -1203.18310547, 69.6891784668, -510.619567871, 65.6585464478, 115.555839539, 127.375015259, -84.6061706543, -216.887908936, 168.200866699], [-1874.94506836, 1767.8359375, 55.7460327148, -974.612731934, 832.175048828, -549.353942871, 162.862091064, -250.718460083, 199.068237305, -146.250732422, 9.70154571533, 84.7977676392, -56.5927047729], [-1736.83435059, 55.7460327148, 777.468139648, 18.4834861755, 61.2628631592, 170.40864563, 87.6539382935, 58.9865760803, -97.5162200928, 10.7156944275, 30.9312782288, 39.9023704529, 8.91023445129], [1145.68212891, -974.612731934, 18.4834861755, 708.829345703, -417.078948975, 293.025604248, -51.1258964539, 121.871780396, -95.5821990967, 73.0603866577, 24.9444217682, -54.6437339783, 43.4475822449], [-1203.18310547, 832.175048828, 61.2628631592, -417.078948975, 574.600646973, -224.023468018, 100.855529785, -92.1618728638, 88.1106491089, -60.6125297546, -0.562248110771, 50.3717193604, -55.8041610718], [69.6891784668, -549.353942871, 170.40864563, 293.025604248, -224.023468018, 325.534881592, -1.9764149189, 93.3521881104, -82.3006973267, 54.3234672546, 21.7287445068, -19.2406482697, 9.71672439575], [-510.619567871, 162.862091064, 87.6539382935, -51.1258964539, 100.855529785, -1.9764149189, 121.812187195, -6.80209207535, -8.50956726074, -9.24546051025, 24.9068660736, 5.96232795715, -21.0798511505], [65.6585464478, -250.718460083, 58.9865760803, 121.871780396, -92.1618728638, 93.3521881104, -6.80209207535, 129.243911743, -0.772671163082, 21.381734848, -21.6364498138, -5.59297275543, 19.8041954041], [115.555839539, 199.068237305, -97.5162200928, -95.5821990967, 88.1106491089, -82.3006973267, -8.50956726074, -0.772671163082, 137.163284302, -2.52029967308, -18.307516098, -4.4806189537, 2.43282103539], [127.375015259, -146.250732422, 10.7156944275, 73.0603866577, -60.6125297546, 54.3234672546, -9.24546051025, 21.381734848, -2.52029967308, 67.9963226318, 25.1924591064, -5.86516189575, -9.50986099243], [-84.6061706543, 9.70154571533, 30.9312782288, 24.9444217682, -0.562248110771, 21.7287445068, 24.9068660736, -21.6364498138, -18.307516098, 25.1924591064, 74.8815002441, 15.9044027328, -10.5561151505], [-216.887908936, 84.7977676392, 39.9023704529, -54.6437339783, 50.3717193604, -19.2406482697, 5.96232795715, -5.59297275543, -4.4806189537, -5.86516189575, 15.9044027328, 63.2679519653, 33.3217468262], [168.200866699, -56.5927047729, 8.91023445129, 43.4475822449, -55.8041610718, 9.71672439575, -21.0798511505, 19.8041954041, 2.43282103539, -9.50986099243, -10.5561151505, 33.3217468262, 86.4420547485]],
        "icov": [[0.000377345451852, -0.00087677949341, 0.000887706002686, -0.00105006725062, 0.000737302645575, -0.000320933992043, 0.000879678758793, -0.000279614905594, 0.0003018383577, -0.000667423766572, 0.000499640766066, 0.000122268102132, -0.000149386323756], [-0.00087677949341, 0.0288652479649, -0.00829490832984, 0.021432634443, -0.0148490695283, 0.0151591617614, -0.0127930706367, 0.0143950833008, -0.0156933516264, 0.0158378127962, -0.0178762283176, 0.0119295446202, -0.011618969962], [0.000887706002686, -0.00829490832984, 0.00545586878434, -0.00654239067808, 0.00413027498871, -0.00530521757901, 0.00383491721004, -0.00460896035656, 0.00541483331472, -0.00503064738587, 0.00484391720966, -0.00285403593443, 0.00180775672197], [-0.00105006725062, 0.021432634443, -0.00654239067808, 0.0198258943856, -0.0104255033657, 0.00955514982343, -0.00983459874988, 0.00913123879582, -0.0104312961921, 0.0113927843049, -0.0150231225416, 0.0113073196262, -0.0101566780359], [0.000737302645575, -0.0148490695283, 0.00413027498871, -0.0104255033657, 0.0126630356535, -0.00642623659223, 0.0045049265027, -0.00626971945167, 0.00561256380752, -0.00692288065329, 0.0102769639343, -0.00988728553057, 0.00923712085932], [-0.000320933992043, 0.0151591617614, -0.00530521757901, 0.00955514982343, -0.00642623659223, 0.0153211485595, -0.00714282132685, 0.005313990172, -0.00682604964823, 0.0063732159324, -0.00984953716397, 0.00650180224329, -0.00535270059481], [0.000879678758793, -0.0127930706367, 0.00383491721004, -0.00983459874988, 0.0045049265027, -0.00714282132685, 0.0184272844344, -0.00799220614135, 0.00772315543145, -0.0046241665259, 0.00257800985128, -0.00205013458617, 0.00487549742684], [-0.000279614905594, 0.0143950833008, -0.00460896035656, 0.00913123879582, -0.00626971945167, 0.005313990172, -0.00799220614135, 0.0203984659165, -0.0107208983973, 0.00488192262128, -0.00213098619133, 0.00311263999902, -0.00603457400575], [0.0003018383577, -0.0156933516264, 0.00541483331472, -0.0104312961921, 0.00561256380752, -0.00682604964823, 0.00772315543145, -0.0107208983973, 0.0200660545379, -0.0117170028389, 0.00963355787098, -0.00207144394517, 0.0026745593641], [-0.000667423766572, 0.0158378127962, -0.00503064738587, 0.0113927843049, -0.00692288065329, 0.0063732159324, -0.0046241665259, 0.00488192262128, -0.0117170028389, 0.0317700989544, -0.0183558184654, 0.00529775442556, -0.00143069599289], [0.000499640766066, -0.0178762283176, 0.00484391720966, -0.0150231225416, 0.0102769639343, -0.00984953716397, 0.00257800985128, -0.00213098619133, 0.00963355787098, -0.0183558184654, 0.0348072461784, -0.0181587599218, 0.012194477953], [0.000122268102132, 0.0119295446202, -0.00285403593443, 0.0113073196262, -0.00988728553057, 0.00650180224329, -0.00205013458617, 0.00311263999902, -0.00207144394517, 0.00529775442556, -0.0181587599218, 0.0390156656504, -0.0227598641068], [-0.000149386323756, -0.011618969962, 0.00180775672197, -0.0101566780359, 0.00923712085932, -0.00535270059481, 0.00487549742684, -0.00603457400575, 0.0026745593641, -0.00143069599289, 0.012194477953, -0.0227598641068, 0.0283372607082]]
    },
    "melbands": {
        "dmean": [0.0013280659914, 0.00233047455549, 0.000900049170014, 0.000885155925062, 0.000462179916212, 0.000342019397067, 0.000188270729268, 0.000117336399853, 7.04615449649e-05, 5.32346748514e-05, 3.63299404853e-05, 1.70063358382e-05, 1.39470057547e-05, 2.11404021684e-05, 1.91545896087e-05, 2.05352789635e-05, 1.54566587298e-05, 8.47220690048e-06, 5.19879586136e-06, 6.13842848907e-06, 1.33738212753e-05, 4.00027647629e-06, 3.4854747355e-06, 2.10106736631e-06, 2.02571072805e-06, 1.87258422102e-06, 1.78636378223e-06, 1.72868692516e-06, 2.01601460503e-06, 1.89183549537e-06, 1.14286535791e-06, 9.63397496889e-07, 9.12133145903e-07, 7.83986081387e-07, 6.58640999518e-07, 6.31704153875e-07, 6.29476232916e-07, 5.49774597403e-07, 2.8905083127e-07, 1.08544234934e-07],
        "dmean2": [0.00224134768359, 0.00420388253406, 0.00152003765106, 0.00153918459546, 0.000721102231182, 0.000590590760112, 0.000324533059029, 0.000201825270778, 0.000112379450002, 8.19562628749e-05, 5.17257249157e-05, 2.76226273854e-05, 2.39777746174e-05, 3.50163718394e-05, 3.16949663102e-05, 3.25264409184e-05, 2.35459228861e-05, 1.36924263643e-05, 8.15598559711e-06, 9.28087047214e-06, 2.05057367566e-05, 5.94902303419e-06, 5.27022984897e-06, 3.09688039124e-06, 3.01562636196e-06, 2.77435947282e-06, 2.65595645033e-06, 2.51225810644e-06, 2.95803079098e-06, 2.74001581602e-06, 1.61019022471e-06, 1.36962682973e-06, 1.30490104766e-06, 1.15291504699e-06, 9.81484959084e-07, 9.21405217014e-07, 9.25692631881e-07, 8.2272435975e-07, 4.32875935985e-07, 1.60907987379e-07],
        "dvar": [2.48124397331e-05, 3.99763630412e-05, 3.0092983252e-06, 6.95990138411e-06, 4.76369109492e-07, 3.16719223292e-07, 8.70720526791e-08, 4.92521294859e-08, 1.71213532241e-08, 1.21104601902e-08, 4.58175719587e-09, 1.2667684679e-09, 2.22248153214e-09, 2.86979395803e-09, 1.53917112389e-09, 1.62873992071e-09, 6.95809354578e-10, 1.87188015088e-10, 1.07177482167e-10, 1.80318801557e-10, 9.58699231113e-10, 7.58424434366e-11, 5.20930243386e-11, 2.91404886332e-11, 3.57034818377e-11, 3.0892947922e-11, 2.83782962407e-11, 3.15110749993e-11, 3.90794931138e-11, 3.27103552578e-11, 1.09736733589e-11, 6.42837432591e-12, 5.62363653908e-12, 4.65907520897e-12, 2.73105843496e-12, 2.78663940881e-12, 2.68934787634e-12, 2.0307655297e-12, 5.6143821146e-13, 8.34622762612e-14],
        "dvar2": [6.36060794932e-05, 0.00011408545106, 8.26160885481e-06, 2.00410995603e-05, 1.19561013889e-06, 7.87918452261e-07, 2.43440126724e-07, 1.4900680867e-07, 4.42153407221e-08, 2.89112254137e-08, 8.49163939165e-09, 3.34342953323e-09, 6.41975850257e-09, 7.99083021974e-09, 4.06931377483e-09, 3.93100174634e-09, 1.55727464257e-09, 4.79257245001e-10, 2.42340064682e-10, 4.26905066853e-10, 2.20417439856e-09, 1.66028135684e-10, 1.19896148565e-10, 5.95614321752e-11, 7.83592427056e-11, 6.65724350646e-11, 5.86030945993e-11, 6.18264189844e-11, 7.94023596873e-11, 6.79153677741e-11, 2.20599111894e-11, 1.26038407142e-11, 1.09835725584e-11, 9.86162453781e-12, 5.79519808877e-12, 5.87776615574e-12, 5.60313991385e-12, 4.40797398582e-12, 1.21939611186e-12, 1.8520280524e-13],
        "max": [0.0456633120775, 0.094947591424, 0.0295671243221, 0.0277994330972, 0.0107986293733, 0.0115892123431, 0.00391300534829, 0.00308029772714, 0.00219708285294, 0.00212209252641, 0.00144994386937, 0.000563262205105, 0.000760321621783, 0.000810608558822, 0.000483088078909, 0.000665009371005, 0.000411743152654, 0.000210417783819, 0.00020452075114, 0.000224723306019, 0.000591152929701, 0.000146585138282, 7.61474439059e-05, 7.01468452462e-05, 0.000101007797639, 0.000102995174529, 8.02584763733e-05, 7.7298587712e-05, 7.89799378254e-05, 7.44524149923e-05, 3.53660216206e-05, 3.04470140691e-05, 2.5804654797e-05, 2.64101363427e-05, 1.96842938749e-05, 1.71806768776e-05, 1.75164332177e-05, 2.18791410589e-05, 6.58129056319e-06, 3.684643616e-06],
        "mean": [0.0014652494574, 0.00300090108067, 0.00177373667248, 0.00120496016461, 0.00124351819977, 0.000846707669552, 0.000417658942752, 0.00022808322683, 0.000156157373567, 0.000121496559586, 7.94349107309e-05, 3.00260908261e-05, 1.72586715053e-05, 4.25812831963e-05, 4.16956936533e-05, 4.57456189906e-05, 3.49121837644e-05, 1.40986367114e-05, 8.50625019666e-06, 1.13671294457e-05, 2.40161607508e-05, 6.09505786997e-06, 5.50876848138e-06, 2.88302771878e-06, 2.42747682933e-06, 2.25754183703e-06, 2.14117608266e-06, 2.07264611163e-06, 2.31924832406e-06, 2.1557175387e-06, 1.29612158162e-06, 1.07745279365e-06, 1.02107458133e-06, 8.3034973386e-07, 6.8844389034e-07, 6.6688824063e-07, 6.60980731482e-07, 5.59158081614e-07, 3.00925961483e-07, 1.10588501911e-07],
        "median": [0.000404344114941, 0.00169539020862, 0.00108702876605, 0.000620083766989, 0.000813254679088, 0.000498473469634, 0.000273058773018, 0.000144395977259, 9.20018501347e-05, 5.97124235355e-05, 3.79086413886e-05, 1.56787446031e-05, 8.3509930846e-06, 1.63215972862e-05, 1.97609770112e-05, 1.57829654199e-05, 1.47283735714e-05, 7.78290450398e-06, 3.40698261425e-06, 4.26174892709e-06, 6.32931778455e-06, 2.62576645582e-06, 1.91119761439e-06, 8.10318738331e-07, 5.26755854935e-07, 3.62309037882e-07, 2.10713167803e-07, 1.6709836359e-07, 1.62928344594e-07, 9.27817538354e-08, 6.50611369224e-08, 5.0465160939e-08, 4.88038018887e-08, 3.58393243971e-08, 2.95629742908e-08, 2.43960247559e-08, 2.05654622221e-08, 1.542225192e-08, 7.93796850473e-09, 1.90699611657e-09],
        "min": [9.94927162878e-09, 1.48728425131e-08, 4.97360419516e-09, 1.42718192819e-09, 2.7870943331e-09, 4.61254057171e-09, 6.7725625108e-10, 8.59063167824e-11, 1.06060916993e-10, 3.99573915622e-11, 9.06410640988e-11, 4.65476580891e-11, 8.82363886817e-12, 3.63714891538e-10, 1.77260081613e-10, 4.90447656445e-12, 7.39620344137e-12, 1.49191006771e-11, 5.48097027833e-12, 4.11495143515e-12, 4.64438253481e-12, 5.4577783265e-12, 2.00629812243e-12, 8.70118864113e-13, 3.44336728185e-13, 2.08034259849e-13, 3.86613945068e-13, 1.31412426514e-12, 4.80318204914e-13, 2.95063561258e-13, 1.86269998991e-13, 2.502986967e-13, 2.11945993525e-13, 3.36554487621e-13, 2.99085273691e-13, 2.35699914447e-13, 1.3643093274e-13, 1.42827346087e-13, 1.73477836371e-13, 1.00504321662e-13],
        "var": [2.06206605071e-05, 2.8963710065e-05, 4.45923296866e-06, 5.03613728142e-06, 1.88664819234e-06, 1.56335681822e-06, 2.45092650175e-07, 8.05548694416e-08, 3.73290696132e-08, 3.28668186e-08, 1.60010795724e-08, 1.72843928059e-09, 1.40964762085e-09, 5.08620212614e-09, 3.06959280216e-09, 4.24867918625e-09, 2.43516096177e-09, 3.43905154354e-10, 2.08973852112e-10, 3.10232645129e-10, 1.86958692971e-09, 1.1055212995e-10, 8.29329452334e-11, 4.13093205476e-11, 4.30502890281e-11, 3.9090401055e-11, 3.7381379242e-11, 4.34807051475e-11, 5.18063231203e-11, 4.25669950677e-11, 1.474898155e-11, 9.02536118758e-12, 7.84577958157e-12, 5.79335104195e-12, 3.44350199397e-12, 3.49260204091e-12, 3.50858708406e-12, 2.45784252326e-12, 6.84340442387e-13, 9.98433107025e-14]
    },
    "mfcc": {
        "mean": [-714.94317627, 186.970733643, 13.140750885, 21.8325080872, 11.663526535, 10.8284196854, -8.5577507019, -1.65431261063, -5.73845005035, -0.791763424873, -3.36545920372, 7.09453058243, -3.04668998718],
        "cov": [[10366.6269531, -2267.35888672, -1056.64660645, 318.645477295, -592.014526367, -159.454605103, -574.439819336, -220.890075684, -140.572570801, 294.409790039, -97.2315292358, -52.1685256958, -402.550384521], [-2267.35888672, 2589.90795898, -636.549133301, -252.314987183, 266.81338501, -109.384468079, -172.661636353, -40.7404327393, -13.7671756744, -124.042327881, 25.2065296173, 16.0756702423, 15.2963094711], [-1056.64660645, -636.549133301, 841.672485352, 27.0182151794, -11.0865116119, 98.8144607544, 207.705780029, 55.3169364929, 42.5041542053, -17.7293796539, -22.5216350555, -15.6339521408, 82.2594604492], [318.645477295, -252.314987183, 27.0182151794, 221.93208313, -5.66220617294, 15.8401918411, 29.7509822845, 10.120218277, -15.8839693069, 26.9779624939, -2.96359610558, -4.44381284714, -5.5016450882], [-592.014526367, 266.81338501, -11.0865116119, -5.66220617294, 164.308151245, 22.2511692047, 11.2605457306, 22.4811210632, 23.3916187286, -15.4836006165, 19.674697876, 3.41063165665, 20.9823665619], [-159.454605103, -109.384468079, 98.8144607544, 15.8401918411, 22.2511692047, 110.8697052, 73.8275222778, 11.0396022797, -15.409078598, -1.90057766438, 15.2157659531, 25.3276329041, 14.359131813], [-574.439819336, -172.661636353, 207.705780029, 29.7509822845, 11.2605457306, 73.8275222778, 198.091796875, 44.4102058411, -20.1234302521, -21.3209133148, 11.7231264114, 4.71440410614, 52.4549217224], [-220.890075684, -40.7404327393, 55.3169364929, 10.120218277, 22.4811210632, 11.0396022797, 44.4102058411, 78.0235671997, 37.429271698, 5.78756856918, -1.89644360542, -9.48272132874, 7.06079244614], [-140.572570801, -13.7671756744, 42.5041542053, -15.8839693069, 23.3916187286, -15.409078598, -20.1234302521, 37.429271698, 103.86656189, 22.3515377045, -20.6855773926, -14.1444272995, 13.8033046722], [294.409790039, -124.042327881, -17.7293796539, 26.9779624939, -15.4836006165, -1.90057766438, -21.3209133148, 5.78756856918, 22.3515377045, 82.1383132935, 30.5279521942, -7.85320568085, -17.2694759369], [-97.2315292358, 25.2065296173, -22.5216350555, -2.96359610558, 19.674697876, 15.2157659531, 11.7231264114, -1.89644360542, -20.6855773926, 30.5279521942, 91.8977813721, 29.769361496, -9.64776802063], [-52.1685256958, 16.0756702423, -15.6339521408, -4.44381284714, 3.41063165665, 25.3276329041, 4.71440410614, -9.48272132874, -14.1444272995, -7.85320568085, 29.769361496, 78.123878479, 23.7734718323], [-402.550384521, 15.2963094711, 82.2594604492, -5.5016450882, 20.9823665619, 14.359131813, 52.4549217224, 7.06079244614, 13.8033046722, -17.2694759369, -9.64776802063, 23.7734718323, 83.5503005981]],
