{
"lowlevel": {
    "average_loudness": 0.676141142845,
    "barkbands_crest": {
        "dmean": 2.0102584362,
        "dmean2": 3.18225932121,
        "dvar": 3.57835865021,
        "dvar2": 9.08013439178,
        "max": 25.8148593903,
        "mean": 11.6917924881,
        "median": 10.4684705734,
        "min": 3.18704557419,
        "var": 25.6182956696
    },
    "barkbands_flatness_db": {
        "dmean": 0.0179872401059,
        "dmean2": 0.0276780035347,
        "dvar": 0.00024916176335,
        "dvar2": 0.000538296357263,
        "max": 0.389515012503,
        "mean": 0.225170001388,
        "median": 0.222215950489,
        "min": 0.096588820219,
        "var": 0.00212073815055
    },
    "barkbands_kurtosis": {
        "dmean": 1.82655417919,
        "dmean2": 2.74550437927,
        "dvar": 9.8307723999,
        "dvar2": 20.717414856,
        "max": 91.1224060059,
        "mean": 3.90786600113,
        "median": 1.98355484009,
        "min": -1.69850468636,
        "var": 42.3592376709
    },
    "barkbands_skewness": {
        "dmean": 0.341656327248,
        "dmean2": 0.525689959526,
        "dvar": 0.106820620596,
        "dvar2": 0.253501117229,
        "max": 6.44535446167,
        "mean": 1.22704458237,
        "median": 1.15229523182,
        "min": -1.03379142284,
        "var": 0.977053701878
    },
    "barkbands_spread": {
        "dmean": 2.61872839928,
        "dmean2": 3.91066265106,
        "dvar": 20.4629936218,
        "dvar2": 34.9158821106,
        "max": 82.5379257202,
        "mean": 12.2897357941,
        "median": 10.5731496811,
        "min": 0.687906503677,
        "var": 81.060295105
    },
    "dissonance": {
        "dmean": 0.0257641207427,
        "dmean2": 0.0428918488324,
        "dvar": 0.00059885380324,
        "dvar2": 0.00158532708883,
        "max": 0.499708741903,
        "mean": 0.426401287317,
        "median": 0.43845936656,
        "min": 0.249053776264,
        "var": 0.00231548654847
    },
    "dynamic_complexity": 3.85342693329,
    "erbbands_crest": {
        "dmean": 2.32320094109,
        "dmean2": 3.49729466438,
        "dvar": 4.95368719101,
        "dvar2": 11.845123291,
        "max": 30.8938903809,
        "mean": 12.9262619019,
        "median": 12.1114873886,
        "min": 2.93110799789,
        "var": 32.535282135
    },
    "erbbands_flatness_db": {
        "dmean": 0.015221378766,
        "dmean2": 0.0218238458037,
        "dvar": 0.000258708721958,
        "dvar2": 0.000453495449619,
        "max": 0.401163250208,
        "mean": 0.266494631767,
        "median": 0.267222255468,
        "min": 0.129214301705,
        "var": 0.00213009840809
    },
    "erbbands_kurtosis": {
        "dmean": 1.24397778511,
        "dmean2": 1.91986501217,
        "dvar": 5.48283624649,
        "dvar2": 11.9337377548,
        "max": 54.4550094604,
        "mean": 2.05172729492,
        "median": 0.532142400742,
        "min": -1.6943603754,
        "var": 22.1088809967
    },
    "erbbands_skewness": {
        "dmean": 0.347526311874,
        "dmean2": 0.524644136429,
        "dvar": 0.113549873233,
        "dvar2": 0.246985852718,
        "max": 6.14152622223,
        "mean": 0.788855969906,
        "median": 0.658707976341,
        "min": -2.09593224525,
        "var": 0.936087667942
    },
    "erbbands_spread": {
        "dmean": 3.98129153252,
        "dmean2": 6.21422100067,
        "dvar": 37.371887207,
        "dvar2": 83.4971084595,
        "max": 108.357658386,
        "mean": 22.2704944611,
        "median": 20.7087879181,
        "min": 2.06160259247,
        "var": 192.246520996
    },
    "hfc": {
        "dmean": 2.69078612328,
        "dmean2": 3.78954434395,
        "dvar": 15.1981801987,
        "dvar2": 29.9740638733,
        "max": 60.8983612061,
        "mean": 14.8081302643,
        "median": 8.96841812134,
        "min": 8.99876686162e-05,
        "var": 171.865036011
    },
    "melbands_crest": {
        "dmean": 2.15527367592,
        "dmean2": 3.37074589729,
        "dvar": 3.67409729958,
        "dvar2": 9.3385181427,
        "max": 31.7744617462,
        "mean": 12.8316993713,
        "median": 11.9818048477,
        "min": 5.1153626442,
        "var": 20.8150444031
    },
    "melbands_flatness_db": {
        "dmean": 0.0192179866135,
        "dmean2": 0.02790925093,
        "dvar": 0.000411268818425,
        "dvar2": 0.000792034552433,
        "max": 0.39344984293,
        "mean": 0.246857002378,
        "median": 0.247524410486,
        "min": 0.0767370015383,
        "var": 0.0028869654052
    },
    "melbands_kurtosis": {
        "dmean": 2.56671929359,
        "dmean2": 3.94881558418,
        "dvar": 13.9791507721,
        "dvar2": 32.4846305847,
        "max": 64.3392486572,
        "mean": 6.66134643555,
        "median": 4.18951225281,
        "min": -1.40970528126,
        "var": 66.0850067139
    },
    "melbands_skewness": {
        "dmean": 0.374288141727,
        "dmean2": 0.591814339161,
        "dvar": 0.137609124184,
        "dvar2": 0.335226744413,
        "max": 6.37584257126,
        "mean": 1.53713083267,
        "median": 1.5294867754,
        "min": -0.643224954605,
        "var": 1.24218225479
    },
    "melbands_spread": {
        "dmean": 3.63514351845,
        "dmean2": 5.65251350403,
        "dvar": 51.2686004639,
        "dvar2": 121.271430969,
        "max": 144.258010864,
        "mean": 16.4800796509,
        "median": 14.4305057526,
        "min": 1.17648482323,
        "var": 130.16468811
    },
    "pitch_salience": {
        "dmean": 0.0533568039536,
        "dmean2": 0.0843311697245,
        "dvar": 0.00253742397763,
        "dvar2": 0.00655562896281,
        "max": 0.808135092258,
        "mean": 0.533746957779,
        "median": 0.54210549593,
        "min": 0.176934197545,
        "var": 0.0140568939969
    },
    "silence_rate_20dB": {
        "dmean": 0,
        "dmean2": 0,
        "dvar": 0,
        "dvar2": 0,
        "max": 1,
        "mean": 1,
        "median": 1,
        "min": 1,
        "var": 0
    },
    "silence_rate_30dB": {
        "dmean": 0,
        "dmean2": 0,
        "dvar": 0,
        "dvar2": 0,
        "max": 1,
        "mean": 1,
        "median": 1,
        "min": 1,
        "var": 0
    },
    "silence_rate_60dB": {
        "dmean": 0.0108359130099,
        "dmean2": 0.0216886140406,
        "dvar": 0.0107184480876,
        "dvar2": 0.025866009295,
        "max": 1,
        "mean": 0.0363495759666,
        "median": 0,
        "min": 0,
        "var": 0.0350282564759
    },
    "spectral_centroid": {
        "dmean": 125.345397949,
        "dmean2": 193.987854004,
        "dvar": 41857.1132812,
        "dvar2": 86057.828125,
        "max": 3432.40161133,
        "mean": 949.655639648,
        "median": 882.620788574,
        "min": 417.412017822,
        "var": 123188.53125
    },
    "spectral_complexity": {
        "dmean": 2.00154805183,
        "dmean2": 3.19132447243,
        "dvar": 3.52321648598,
        "dvar2": 7.7333278656,
        "max": 30,
        "mean": 13.7842226028,
        "median": 13,
        "min": 0,
        "var": 23.948097229
    },
    "spectral_decrease": {
        "dmean": 8.33455027216e-10,
        "dmean2": 1.18319920528e-09,
        "dvar": 1.14826896529e-18,
        "dvar2": 2.0445402521e-18,
        "max": -4.06210743482e-14,
        "mean": -5.02090591326e-09,
        "median": -3.37271188755e-09,
        "min": -2.105162622e-08,
        "var": 1.73448442078e-17
    },
    "spectral_energy": {
        "dmean": 0.00335603929125,
        "dmean2": 0.00475753517821,
        "dvar": 1.85842400242e-05,
        "dvar2": 3.30072107317e-05,
        "max": 0.0838739797473,
        "mean": 0.0202931985259,
        "median": 0.0134250568226,
        "min": 1.61475313121e-07,
        "var": 0.000282519205939
    },
    "spectral_energyband_high": {
        "dmean": 7.58423411753e-05,
        "dmean2": 0.000119712902233,
        "dvar": 1.03839497001e-07,
        "dvar2": 2.55621358747e-07,
        "max": 0.00544273573905,
        "mean": 0.000153499291628,
        "median": 4.79061818623e-05,
        "min": 5.84364945322e-10,
        "var": 1.48560374669e-07
    },
    "spectral_energyband_low": {
        "dmean": 0.000391876033973,
        "dmean2": 0.000624515931122,
        "dvar": 4.25759481004e-07,
        "dvar2": 1.05473168333e-06,
        "max": 0.0095733422786,
        "mean": 0.00120103231166,
        "median": 0.000706668768544,
        "min": 2.68972932815e-09,
        "var": 2.37003837356e-06
    },
    "spectral_energyband_middle_high": {
        "dmean": 0.00114494841546,
        "dmean2": 0.00159116531722,
        "dvar": 4.19670732299e-06,
        "dvar2": 6.70807276038e-06,
        "max": 0.0563729442656,
        "mean": 0.00460714893416,
        "median": 0.00245871162042,
        "min": 2.30798224976e-08,
        "var": 4.58359318145e-05
    },
    "spectral_energyband_middle_low": {
        "dmean": 0.00286335824057,
        "dmean2": 0.00408948445693,
        "dvar": 1.61912685144e-05,
        "dvar2": 3.03096658172e-05,
        "max": 0.0819044187665,
        "mean": 0.0145522914827,
        "median": 0.00868604145944,
        "min": 1.31658708824e-07,
        "var": 0.000205503936741
    },
    "spectral_entropy": {
        "dmean": 0.165969252586,
        "dmean2": 0.25308868289,
        "dvar": 0.0298668053001,
        "dvar2": 0.0638146772981,
        "max": 8.44330501556,
        "mean": 6.85615825653,
        "median": 6.87832260132,
        "min": 5.61822891235,
        "var": 0.190865546465
    },
    "spectral_flux": {
        "dmean": 0.0151686342433,
        "dmean2": 0.0250894967467,
        "dvar": 0.000258970772848,
        "dvar2": 0.000686819083057,
        "max": 0.19601111114,
        "mean": 0.0475274771452,
        "median": 0.0418624207377,
        "min": 0.000799065921456,
        "var": 0.000662752019707
    },
    "spectral_kurtosis": {
        "dmean": 4.62321567535,
        "dmean2": 8.02109050751,
        "dvar": 20.2520904541,
        "dvar2": 56.0862770081,
        "max": 37.6281890869,
        "mean": 8.17293739319,
        "median": 6.53506565094,
        "min": -1.25910794735,
        "var": 39.6095428467
    },
    "spectral_rms": {
        "dmean": 0.00037514034193,
        "dmean2": 0.000530562712811,
        "dvar": 1.65301472066e-07,
        "dvar2": 2.94542303436e-07,
        "max": 0.00904589798301,
        "mean": 0.00407862151042,
        "median": 0.00361906294711,
        "min": 1.2551369764e-05,
        "var": 3.16309819937e-06
    },
    "spectral_rolloff": {
        "dmean": 230.165008545,
        "dmean2": 395.002838135,
        "dvar": 331380.125,
        "dvar2": 648868.8125,
        "max": 8936.27929688,
        "mean": 1142.30578613,
        "median": 904.39453125,
        "min": 193.798828125,
        "var": 803426.375
    },
    "spectral_skewness": {
        "dmean": 0.421803086996,
        "dmean2": 0.722849905491,
        "dvar": 0.137419223785,
        "dvar2": 0.370507091284,
        "max": 4.1637840271,
        "mean": 1.88558089733,
        "median": 1.8298060894,
        "min": 0.0386715643108,
        "var": 0.416354030371
    },
    "spectral_spread": {
        "dmean": 348511.09375,
        "dmean2": 540898.5625,
        "dvar": 214079373312,
        "dvar2": 395494260736,
        "max": 10656885,
        "mean": 2779358.25,
        "median": 2601068.75,
        "min": 1246762.5,
        "var": 1.07137518797e+12
    },
    "spectral_strongpeak": {
        "dmean": 0.509847223759,
        "dmean2": 0.844744503498,
        "dvar": 0.496557176113,
        "dvar2": 1.06564939022,
        "max": 9.42159461975,
        "mean": 1.79296994209,
        "median": 1.49809801579,
        "min": 0.00116462761071,
        "var": 2.28966331482
    },
    "zerocrossingrate": {
        "dmean": 0.00458349473774,
        "dmean2": 0.00572397233918,
        "dvar": 7.09097221261e-05,
        "dvar2": 7.79335969128e-05,
        "max": 0.23828125,
        "mean": 0.0416655354202,
        "median": 0.03857421875,
        "min": 0.0166015625,
        "var": 0.000396569928853
    },
    "barkbands": {
        "dmean": [4.14611622546e-06, 0.000217002409045, 0.000186431760085, 0.000153043481987, 0.000883715169039, 0.000296252721455, 0.000639358302578, 0.00167843780946, 0.000598611310124, 0.000531390192918, 0.000188449339475, 0.000349401845597, 0.000330361130182, 0.000246662064455, 0.000170691331732, 0.000120358628919, 7.4674753705e-05, 7.52455962356e-05, 3.55644042429e-05, 2.14655483433e-05, 2.0594416128e-05, 2.06370805245e-05, 1.74732504092e-05, 1.61423795362e-05, 3.11815665555e-06, 3.76420850046e-09, 6.72317868045e-10],
        "dmean2": [6.79620279698e-06, 0.000353811657988, 0.000302360713249, 0.000248133466812, 0.00144844129682, 0.00041088310536, 0.00087392894784, 0.00227723573335, 0.000825861294288, 0.000767019577324, 0.00027868655161, 0.000544123002328, 0.000525519892108, 0.000370153225958, 0.000263587775407, 0.000191137107322, 0.000115719070891, 0.000120777833217, 5.16925247211e-05, 3.19321188726e-05, 3.24765969708e-05, 3.33646130457e-05, 2.82019336737e-05, 2.61188361037e-05, 5.01302838529e-06, 6.16295725564e-09, 1.23508436811e-09],
        "dvar": [2.54840759606e-10, 1.87782006833e-07, 1.13988093631e-07, 4.28445972034e-08, 1.45981584865e-06, 2.82483341607e-07, 2.84522434413e-06, 1.42700500874e-05, 1.4757598592e-06, 2.61866966866e-06, 3.50973976992e-07, 7.14791497103e-07, 1.13028158921e-06, 6.8367427275e-07, 2.49999203561e-07, 6.16921482788e-08, 2.11070112499e-08, 1.94853821966e-08, 5.79274050949e-09, 1.84956205906e-09, 4.4731551796e-09, 7.87945531044e-09, 8.69108962576e-09, 1.49421257589e-08, 8.97581176051e-10, 1.54275690513e-15, 1.1647332716e-18],
        "dvar2": [6.44920061799e-10, 4.7427747063e-07, 3.07367230334e-07, 1.29839293095e-07, 3.75140530195e-06, 6.10211714047e-07, 4.6327313612e-06, 2.68227213382e-05, 2.74863191407e-06, 4.46963167633e-06, 6.83591167672e-07, 1.5900342305e-06, 2.57960050476e-06, 1.3817729041e-06, 4.41445450861e-07, 1.38816758977e-07, 4.93631624465e-08, 5.07825106411e-08, 1.19434657719e-08, 3.76825726178e-09, 1.0255471139e-08, 2.04250518721e-08, 2.30223911046e-08, 3.76625592935e-08, 2.25297047685e-09, 4.00643068865e-15, 3.76285205113e-18],
        "max": [0.000181957802852, 0.0074837198481, 0.00472059939057, 0.0028516119346, 0.018649559468, 0.00832420121878, 0.0358798094094, 0.079211935401, 0.0208620931953, 0.0510458759964, 0.0137765035033, 0.01438511163, 0.0289567615837, 0.0153913814574, 0.0159596726298, 0.00488842325285, 0.00210045417771, 0.00187190982979, 0.00212216586806, 0.000631530128885, 0.00101983582135, 0.00170257617719, 0.00178878288716, 0.00286715431139, 0.000688207743224, 1.07502887658e-06, 7.91184717741e-09],
        "mean": [4.22718449045e-06, 0.000587635789998, 0.00042561837472, 0.000411174172768, 0.00218410696834, 0.000866948103067, 0.00202743848786, 0.00685991952196, 0.00195181416348, 0.00131954741664, 0.00039510554052, 0.000859443738591, 0.000684591010213, 0.000514656072482, 0.000334343581926, 0.000256173225353, 0.000167430698639, 0.000173686319613, 8.6344560259e-05, 4.63285359729e-05, 4.13796806242e-05, 4.27890336141e-05, 2.57988649537e-05, 2.25446583499e-05, 4.16797820435e-06, 4.04169142598e-09, 5.42827394145e-10],
        "median": [8.24301991997e-07, 0.000247182586463, 0.000229018376558, 0.000256033730693, 0.0013877969468, 0.000511554710101, 0.000363614119124, 0.000701932993252, 0.000444050820079, 0.00031722523272, 9.92190398392e-05, 0.00015618064208, 0.000112535504741, 9.93048597593e-05, 8.88460344868e-05, 0.000101414632809, 5.42485249753e-05, 5.33778911631e-05, 3.59239456884e-05, 1.94416115846e-05, 1.3089427739e-05, 1.67112593772e-05, 3.2722684864e-06, 2.13824864659e-06, 2.05553149613e-07, 4.81667317143e-10, 1.83889029004e-10],
        "min": [3.76067059438e-11, 5.28165011726e-11, 6.47605968851e-10, 7.92804599747e-10, 2.46130404946e-08, 1.57908619514e-08, 1.1210466333e-08, 2.61883537078e-09, 3.43887229803e-09, 3.49660078669e-09, 1.95364546762e-09, 1.68378266885e-09, 1.45922041117e-09, 2.57193422115e-09, 7.84240228313e-10, 3.01313113349e-10, 1.2303910113e-09, 6.02387417725e-10, 2.84317375199e-10, 2.4018939615e-10, 9.23718462831e-11, 3.56798784962e-10, 4.11427454605e-11, 3.39937973604e-11, 4.39379175404e-12, 3.16514544609e-12, 4.86746190229e-12],
        "var": [2.20684984176e-10, 8.9220566224e-07, 3.381228737e-07, 2.0869482853e-07, 6.08237132838e-06, 1.15103352982e-06, 2.23072311201e-05, 0.00018122442998, 8.04685623734e-06, 1.28959536596e-05, 1.35094137477e-06, 3.2056937016e-06, 4.51023788628e-06, 2.83428994408e-06, 8.34395507354e-07, 1.81805802413e-07, 7.34324885343e-08, 7.3230040698e-08, 1.73013923188e-08, 5.10084952055e-09, 7.2443442356e-09, 8.6480786976e-09, 9.10206221505e-09, 2.21117328891e-08, 1.40714973007e-09, 1.66977383661e-15, 9.16441775851e-19]
    },
    "erbbands": {
        "dmean": [0.00401080446318, 0.0591168403625, 0.214165046811, 0.320687741041, 0.913099169731, 4.11332654953, 4.24052143097, 2.16928267479, 6.88307762146, 15.484038353, 39.8274040222, 13.2274723053, 17.4945735931, 12.2723588943, 9.56671714783, 11.8058929443, 13.3086147308, 13.7129907608, 8.62631702423, 9.34140300751, 4.98864269257, 4.13773441315, 4.38604974747, 1.59031498432, 1.81575644016, 0.967921972275, 0.75558757782, 0.869443356991, 0.770090460777, 0.552539646626, 0.50171816349, 0.39911711216, 0.212652534246, 0.0690754503012, 0.00373958586715, 0.000178835587576, 1.25105543702e-05, 2.26082170229e-06, 2.04287380257e-06, 3.98909014621e-06],
        "dmean2": [0.00649533607066, 0.0978873148561, 0.352676510811, 0.50362175703, 1.49272978306, 6.7588224411, 6.69740915298, 2.89722490311, 9.6374464035, 20.1908912659, 53.0523223877, 18.0503349304, 24.512845993, 17.8161411285, 13.9918699265, 18.4405593872, 21.1350841522, 20.6285877228, 12.9012241364, 14.9831600189, 7.50969314575, 6.39763259888, 7.01445007324, 2.38433265686, 2.70310783386, 1.44063150883, 1.18566465378, 1.36783909798, 1.22278904915, 0.876117289066, 0.827820062637, 0.629263520241, 0.350262671709, 0.108379110694, 0.00608520722017, 0.000287259405013, 1.9761517251e-05, 3.60099306818e-06, 2.97649489767e-06, 5.67959932596e-06],
        "dvar": [0.000124912054162, 0.0133463321254, 0.136093333364, 0.191010564566, 1.414103508, 36.2446098328, 50.0777282715, 16.6002082825, 365.514343262, 1129.75158691, 8525.45703125, 551.220031738, 1880.15979004, 1322.16467285, 442.165649414, 936.644958496, 1531.20031738, 1784.92565918, 1138.60290527, 293.424194336, 109.421279907, 49.5982894897, 63.9264526367, 8.58960723877, 18.7864570618, 4.26780223846, 5.39210557938, 8.83532142639, 10.1412687302, 7.33424425125, 8.60156917572, 6.89574813843, 3.2668838501, 0.418931812048, 0.00119828211609, 2.6374339086e-06, 9.38117494798e-09, 1.96003671626e-10, 1.52856390739e-11, 2.59124700863e-11],
        "dvar2": [0.000298563099932, 0.0354068875313, 0.376460343599, 0.495195865631, 3.63098835945, 96.2880859375, 110.19342041, 34.8163032532, 624.982727051, 1503.51342773, 14769.0771484, 861.621337891, 3550.85351562, 2304.66723633, 942.643981934, 2065.60888672, 3479.61645508, 3622.6003418, 1905.74108887, 699.765930176, 196.994522095, 106.642189026, 160.584823608, 19.0282688141, 45.1330986023, 8.76777172089, 12.3674564362, 21.2095432281, 26.20586586, 18.9756011963, 23.1705360413, 17.4867725372, 7.91322374344, 0.982475280762, 0.00281141977757, 6.26990185992e-06, 2.21820961599e-08, 4.67700433937e-10, 3.6281942728e-11, 4.851747476e-11],
        "max": [0.132516115904, 1.97954809666, 4.79459953308, 7.14683389664, 17.2354373932, 111.101676941, 104.892494202, 85.0234298706, 458.729980469, 1181.81213379, 1861.26733398, 441.143005371, 747.863830566, 1127.23693848, 502.707000732, 589.036743164, 1138.42675781, 843.986083984, 1029.2232666, 213.143859863, 204.778167725, 106.957710266, 127.682731628, 47.458114624, 114.146659851, 33.3993263245, 36.6615104675, 51.6254043579, 62.3851203918, 45.6932487488, 63.2401580811, 56.5722007751, 44.3178291321, 16.7008247375, 0.843644142151, 0.0393305532634, 0.00242104334757, 0.000349659123458, 8.59177525854e-05, 9.53623311943e-05],
        "mean": [0.00743241328746, 0.162669479847, 0.500815570354, 0.969682276249, 2.2164504528, 9.23655891418, 11.013130188, 6.69130373001, 22.9228801727, 59.2160301208, 147.190048218, 44.5923690796, 49.0012130737, 34.0965614319, 24.0345020294, 30.3745594025, 31.2268466949, 32.3723297119, 17.4138679504, 19.0462398529, 11.3634300232, 10.6728754044, 10.7715959549, 4.44089317322, 4.47603416443, 2.27965807915, 1.40609312057, 1.94717013836, 1.60950696468, 0.94950479269, 0.720745146275, 0.542676210403, 0.317990899086, 0.0968113914132, 0.00533017842099, 0.000266126124188, 2.53609832725e-05, 5.28493137608e-06, 1.12122597784e-05, 2.38445900322e-05],
        "median": [0.00324846291915, 0.0699278190732, 0.271978288889, 0.619208276272, 1.67259895802, 5.14024066925, 5.74755764008, 4.54534101486, 5.59764051437, 20.0001831055, 12.0007371902, 22.8724403381, 12.9013319016, 8.2649564743, 8.75174331665, 6.00925731659, 6.66752004623, 5.12235450745, 4.41553878784, 6.66775512695, 4.56644105911, 4.04746007919, 3.55500626564, 2.13441777229, 1.91002297401, 0.977767050266, 0.49391669035, 0.600190639496, 0.672989368439, 0.218981355429, 0.0819657370448, 0.0534366481006, 0.0247078463435, 0.00570146599784, 0.000328192167217, 3.54504445568e-05, 8.46743841976e-06, 2.18659761231e-06, 7.31655472919e-06, 1.60727813636e-05],
        "min": [3.72765729395e-09, 1.35264386358e-08, 5.32044111878e-07, 2.63740071205e-06, 1.35747432068e-05, 8.05293093435e-05, 0.000227042648476, 8.74785037013e-05, 0.000192679493921, 0.000202188355615, 8.02886279416e-05, 0.000182504067197, 5.06762662553e-05, 0.000176083500264, 0.000125640013721, 6.77018033457e-05, 6.45384207019e-05, 9.70659966697e-05, 0.000131889872137, 4.43883145635e-05, 4.82754076074e-05, 7.20567186363e-05, 3.34220567311e-05, 2.0826671971e-05, 1.82507828868e-05, 1.57874001161e-05, 4.12722783949e-06, 3.25798464473e-06, 1.06744491859e-05, 7.29610474082e-06, 1.05449839793e-06, 9.64356559052e-07, 3.42931940622e-07, 8.08048525869e-08, 1.77805290491e-08, 1.08849240732e-08, 5.47930589789e-09, 2.34903319019e-09, 6.03992689197e-10, 2.62270705154e-10],
        "var": [0.000177582493052, 0.0676416903734, 0.464934051037, 1.05615448952, 3.92556381226, 165.418075562, 182.273498535, 59.5247535706, 3061.42333984, 9633.45214844, 82056.890625, 4088.99267578, 7937.35205078, 7132.72412109, 1942.43310547, 3561.53662109, 6487.59619141, 9419.5625, 3780.12988281, 904.572387695, 374.055358887, 245.581542969, 270.161193848, 35.4476852417, 52.2694320679, 11.5437765121, 8.89692020416, 14.6211633682, 11.4971437454, 7.34472417831, 8.8307352066, 9.42594909668, 5.3726940155, 0.713962435722, 0.00212246109731, 4.53564280178e-06, 1.63082987115e-08, 3.39342581812e-10, 9.11667408232e-11, 3.80976195036e-10]
    },
    "gfcc": {
        "mean": [-81.8658752441, 164.548919678, -171.224685669, 25.8205699921, -72.2710037231, -6.69788265228, -23.9369297028, -15.181684494, 1.19271707535, -25.1711673737, -0.327360063791, -20.0099849701, 0.103046037257],
        "cov": [[4112.94140625, -1143.31640625, 42.1836013794, 459.610137939, -683.533203125, 531.12512207, -231.624664307, 314.226959229, 171.362640381, 58.4732170105, 120.843177795, -167.55619812, -22.5311470032], [-1143.31640625, 1062.61743164, -18.3736724854, -225.787994385, 609.93548584, -333.611480713, 264.774291992, -112.213951111, 23.6487503052, 32.6898536682, -52.6142959595, 71.712638855, 33.0557289124], [42.1836013794, -18.3736724854, 425.175170898, 134.414672852, -63.2638053894, 180.216156006, -44.1472549438, 98.4568634033, 13.5606193542, 64.5249710083, 21.5319004059, -11.8482780457, 0.990355610847], [459.610137939, -225.787994385, 134.414672852, 459.21270752, -25.6993179321, 46.0291252136, -159.186599731, 39.0544509888, 54.8028717041, 44.5829696655, 11.6117715836, -28.6163768768, 33.7832679749], [-683.533203125, 609.93548584, -63.2638053894, -25.6993179321, 559.150512695, -113.751319885, 139.079208374, -72.3605270386, 3.35123753548, 49.047542572, -72.8013305664, 27.1003055573, 49.8199386597], [531.12512207, -333.611480713, 180.216156006, 46.0291252136, -113.751319885, 581.158996582, 22.6064186096, 78.5896072388, -57.5059700012, 81.3330230713, 49.8016777039, -45.6615638733, 25.3105945587], [-231.624664307, 264.774291992, -44.1472549438, -159.186599731, 139.079208374, 22.6064186096, 262.836273193, -7.38905000687, -26.287361145, 24.8736915588, 2.4413151741, 23.3422298431, -15.3073148727], [314.226959229, -112.213951111, 98.4568634033, 39.0544509888, -72.3605270386, 78.5896072388, -7.38905000687, 150.690261841, 66.9636306763, 17.7315158844, -0.837068080902, -22.9453392029, 9.51642227173], [171.362640381, 23.6487503052, 13.5606193542, 54.8028717041, 3.35123753548, -57.5059700012, -26.287361145, 66.9636306763, 137.562835693, 32.8965797424, -14.7158489227, -8.51391792297, 9.5262928009], [58.4732170105, 32.6898536682, 64.5249710083, 44.5829696655, 49.047542572, 81.3330230713, 24.8736915588, 17.7315158844, 32.8965797424, 98.1698760986, 24.1239185333, -8.76632118225, 6.84681415558], [120.843177795, -52.6142959595, 21.5319004059, 11.6117715836, -72.8013305664, 49.8016777039, 2.4413151741, -0.837068080902, -14.7158489227, 24.1239185333, 92.5557250977, 12.056930542, -25.7273235321], [-167.55619812, 71.712638855, -11.8482780457, -28.6163768768, 27.1003055573, -45.6615638733, 23.3422298431, -22.9453392029, -8.51391792297, -8.76632118225, 12.056930542, 61.4774627686, 13.9034862518], [-22.5311470032, 33.0557289124, 0.990355610847, 33.7832679749, 49.8199386597, 25.3105945587, -15.3073148727, 9.51642227173, 9.5262928009, 6.84681415558, -25.7273235321, 13.9034862518, 84.5026092529]],
        "icov": [[0.000508317665663, -0.000242247493588, 0.000654654228128, -0.000596194411628, 0.000655531708617, -0.000522221729625, 6.50963484077e-05, -0.000743783428334, -0.000277275394183, -1.02219555629e-05, -0.000125281963847, 0.0004671154893, 0.000243556933128], [-0.000242247493588, 0.0127449408174, -0.0083911428228, 0.00602760352194, -0.0119103938341, 0.00658362964168, -0.00677620572969, 0.00808148831129, -0.00698016490787, 0.00491792103276, -0.00899236556143, 0.00459756888449, -0.00755497347564], [0.000654654228128, -0.0083911428228, 0.00979053229094, -0.00520922569558, 0.00830605067313, -0.00529590575024, 0.00519610987976, -0.00868348777294, 0.00588150043041, -0.00568973319605, 0.00678667984903, -0.00460723880678, 0.0066555486992], [-0.000596194411628, 0.00602760352194, -0.00520922569558, 0.00669949362054, -0.0064649572596, 0.00354943028651, -0.00117344455793, 0.00453680101782, -0.00363817228936, 0.00155171612278, -0.00505005894229, 0.00288522150367, -0.00483709946275], [0.000655531708617, -0.0119103938341, 0.00830605067313, -0.0064649572596, 0.0147595815361, -0.00574407493696, 0.00448969798163, -0.00670360121876, 0.00654863240197, -0.00712062092498, 0.0108168832958, -0.00423511769623, 0.00573690934107], [-0.000522221729625, 0.00658362964168, -0.00529590575024, 0.00354943028651, -0.00574407493696, 0.00697529921308, -0.00399985909462, 0.00315593765117, -0.000424694590038, -0.000270642718533, -0.00515386508778, 0.00421909987926, -0.00604781135917], [6.50963484077e-05, -0.00677620572969, 0.00519610987976, -0.00117344455793, 0.00448969798163, -0.00399985909462, 0.0104341236874, -0.00648420024663, 0.00536876451224, -0.00499629788101, 0.0049653397873, -0.00518778385594, 0.00641258899122], [-0.000743783428334, 0.00808148831129, -0.00868348777294, 0.00453680101782, -0.00670360121876, 0.00315593765117, -0.00648420024663, 0.019459111616, -0.0120557639748, 0.00692385900766, -0.00624790880829, 0.00626189587638, -0.0075651188381], [-0.000277275394183, -0.00698016490787, 0.00588150043041, -0.00363817228936, 0.00654863240197, -0.000424694590038, 0.00536876451224, -0.0120557639748, 0.0191840082407, -0.0110633354634, 0.00844165775925, -0.00455099297687, 0.00469133025035], [-1.02219555629e-05, 0.00491792103276, -0.00568973319605, 0.00155171612278, -0.00712062092498, -0.000270642718533, -0.00499629788101, 0.00692385900766, -0.0110633354634, 0.0227548275143, -0.011204845272, 0.00630556186661, -0.0049312049523], [-0.000125281963847, -0.00899236556143, 0.00678667984903, -0.00505005894229, 0.0108168832958, -0.00515386508778, 0.0049653397873, -0.00624790880829, 0.00844165775925, -0.011204845272, 0.0250421147794, -0.0116935186088, 0.0116975614801], [0.0004671154893, 0.00459756888449, -0.00460723880678, 0.00288522150367, -0.00423511769623, 0.00421909987926, -0.00518778385594, 0.00626189587638, -0.00455099297687, 0.00630556186661, -0.0116935186088, 0.027031859383, -0.0111908521503], [0.000243556933128, -0.00755497347564, 0.0066555486992, -0.00483709946275, 0.00573690934107, -0.00604781135917, 0.00641258899122, -0.0075651188381, 0.00469133025035, -0.0049312049523, 0.0116975614801, -0.0111908521503, 0.0224261581898]]
    },
    "melbands": {
        "dmean": [4.79024201923e-05, 9.96307935566e-05, 6.51141963317e-05, 0.000172000902239, 0.000162667201948, 4.65713965241e-05, 0.000117296505778, 0.000221832568059, 0.000281229120446, 7.91213969933e-05, 9.11701572477e-05, 5.60486878385e-05, 3.09731040034e-05, 4.03590456699e-05, 2.53422876995e-05, 3.81866921089e-05, 2.29432043852e-05, 1.48046383401e-05, 1.24954340208e-05, 1.06453944682e-05, 6.24846643404e-06, 4.37323433289e-06, 5.15741521667e-06, 3.09809706778e-06, 1.27022144625e-06, 1.45844762756e-06, 1.16093428915e-06, 6.15666124304e-07, 4.81410324937e-07, 5.23347125636e-07, 5.41013378097e-07, 4.90697004807e-07, 3.56592352091e-07, 3.05258993194e-07, 3.11709953849e-07, 2.62491994363e-07, 2.50188264772e-07, 1.86911520927e-07, 9.13644058187e-08, 4.54149926554e-08],
        "dmean2": [7.6320291555e-05, 0.000163385207998, 0.000105743951281, 0.000279630330624, 0.000261273904471, 6.24491076451e-05, 0.000162753407494, 0.000300085899653, 0.000375274714315, 0.000109318032628, 0.000128045605379, 8.17534819362e-05, 4.47989623353e-05, 6.31442962913e-05, 4.02091827709e-05, 5.91092757531e-05, 3.38630343322e-05, 2.23949209612e-05, 1.94627809833e-05, 1.7530277546e-05, 9.44379826251e-06, 6.90507749823e-06, 8.09546236269e-06, 5.08474295202e-06, 1.94537415155e-06, 2.20370748139e-06, 1.71212241185e-06, 9.25987762912e-07, 7.49507876208e-07, 8.46171872126e-07, 8.48598688208e-07, 7.84144390309e-07, 5.64739309539e-07, 4.93713173455e-07, 5.33656020707e-07, 4.08875507674e-07, 3.99770925696e-07, 3.15126811756e-07, 1.43405898712e-07, 7.35791232387e-08],
        "dvar": [1.09661408842e-08, 2.9588308692e-08, 7.46961426046e-09, 5.45511937844e-08, 6.16438953216e-08, 7.26387083816e-09, 1.04302579018e-07, 2.05503425832e-07, 4.11869081063e-07, 2.37548167803e-08, 5.11984623586e-08, 3.19705115714e-08, 7.18683290657e-09, 1.13018057135e-08, 6.28695273619e-09, 1.76151448983e-08, 5.39006306255e-09, 4.52410020557e-09, 1.12820541798e-09, 5.32697719269e-10, 1.83951964772e-10, 6.89668114284e-11, 8.14051881459e-11, 4.13996371906e-11, 5.49731093979e-12, 1.12967786167e-11, 6.04065885854e-12, 2.23758815296e-12, 2.18603195441e-12, 3.41312460066e-12, 2.97128337559e-12, 3.47505401191e-12, 3.01034392726e-12, 2.16755302943e-12, 3.47456633777e-12, 2.45741122763e-12, 3.16931788973e-12, 2.7196788658e-12, 6.12026054836e-13, 2.08266414639e-13],
        "dvar2": [2.69046456225e-08, 8.00855772809e-08, 2.17072440023e-08, 1.39994739357e-07, 1.45422944797e-07, 1.52759920269e-08, 1.80047564413e-07, 3.54241478817e-07, 7.2643825888e-07, 4.23264197025e-08, 9.35506818678e-08, 5.41950875288e-08, 1.52076200521e-08, 2.35580763785e-08, 1.63640514472e-08, 3.81107909675e-08, 1.096392932e-08, 8.035688559e-09, 2.47524511998e-09, 1.29187582854e-09, 3.27677079914e-10, 1.57408572288e-10, 2.00097730052e-10, 1.16522527738e-10, 1.15338389881e-11, 2.68258696506e-11, 1.37572904457e-11, 4.97457977588e-12, 5.14171431126e-12, 8.51438797939e-12, 6.87606525537e-12, 8.92482962533e-12, 7.97414651671e-12, 5.581535234e-12, 9.51655247661e-12, 6.14065569227e-12, 8.26363543566e-12, 7.04984898584e-12, 1.21013182114e-12, 5.41061282149e-13],
        "max": [0.00158433127217, 0.00234537851065, 0.00114410149399, 0.00387576920912, 0.00384063529782, 0.00170445896219, 0.00762703735381, 0.0126452511176, 0.0122549813241, 0.00275468709879, 0.00453330064192, 0.00582166388631, 0.00214408407919, 0.00208640936762, 0.00167672662064, 0.00397050799802, 0.0015523385955, 0.00187586306129, 0.00087553128833, 0.000456846231828, 0.000266838993412, 0.000105727056507, 0.000128695523017, 8.56183833093e-05, 4.00407552661e-05, 8.90775118023e-05, 5.2849532949e-05, 2.70479940809e-05, 2.56487001025e-05, 3.13506352541e-05, 2.6569214242e-05, 3.70571833628e-05, 3.12945339829e-05, 2.50872308243e-05, 3.53574869223e-05, 3.68231412722e-05, 4.16446673626e-05, 4.17667688453e-05, 2.23192364501e-05, 1.02562526081e-05],
        "mean": [0.00011685458594, 0.000260289758444, 0.000190161154023, 0.000390481174691, 0.000423386634793, 0.000139482872328, 0.000380635494366, 0.000931949820369, 0.00101713312324, 0.000259857159108, 0.000246839103056, 0.000148671068018, 6.91808381816e-05, 0.000108731015644, 5.41562840226e-05, 8.44732348924e-05, 5.1475912187e-05, 2.56102521234e-05, 2.53582529695e-05, 2.04812622542e-05, 1.21146758829e-05, 9.82219353318e-06, 1.22159108287e-05, 7.03230944055e-06, 3.17120657201e-06, 3.4227073229e-06, 2.68559256256e-06, 1.21921357277e-06, 8.16685883365e-07, 9.417933029e-07, 1.19532774079e-06, 9.93265985016e-07, 6.56070540117e-07, 4.76462332699e-07, 4.26891602956e-07, 3.62875255178e-07, 3.20750302762e-07, 2.5331632969e-07, 1.43630856542e-07, 5.67762832304e-08],
        "median": [5.04080926476e-05, 0.00014290685067, 0.00013046010281, 0.000236889725784, 0.000234346443904, 8.79764775163e-05, 9.47490625549e-05, 0.000283191795461, 0.000104176666355, 6.13166994299e-05, 5.3137406212e-05, 2.85674359475e-05, 2.26061838475e-05, 1.89086094906e-05, 1.05149802039e-05, 1.44752111737e-05, 7.68824611441e-06, 5.735295872e-06, 6.60361092741e-06, 7.80352002039e-06, 3.91215507989e-06, 2.98535678667e-06, 3.96574569095e-06, 2.1306761937e-06, 1.41617783811e-06, 1.46758304709e-06, 1.06971890546e-06, 4.64035338155e-07, 2.77179907471e-07, 2.84694351649e-07, 3.51648367314e-07, 3.88581412381e-07, 1.93474164689e-07, 7.89755176811e-08, 4.77014232558e-08, 4.01889650448e-08, 2.56752450412e-08, 1.91439717412e-08, 8.34341395972e-09, 2.63598587402e-09],
        "min": [2.53272767342e-11, 1.56616525304e-10, 4.5700704332e-10, 2.25896656936e-09, 7.71721353487e-09, 2.42083952884e-09, 2.46112485947e-09, 1.70246161613e-09, 7.4230310787e-10, 7.00928204367e-10, 2.17761281229e-10, 7.19149517714e-10, 5.24932930457e-10, 2.05395478403e-10, 1.3938819543e-10, 1.5773163331e-10, 1.90635604524e-10, 1.91802462801e-10, 5.34904828764e-11, 3.6775790746e-11, 3.68942029705e-11, 8.47906467261e-11, 4.37193441172e-11, 2.36451552782e-11, 1.62961276418e-11, 1.15858937028e-11, 2.30786292854e-11, 7.05248186239e-12, 2.95013666274e-12, 1.05762382359e-12, 2.01924393005e-12, 3.96758450746e-12, 6.0683701987e-12, 2.22895074793e-12, 5.2788621998e-13, 3.97474831911e-13, 6.14533001309e-13, 2.73051817701e-13, 8.56416107193e-14, 6.11059597019e-14],
        "var": [3.48945583539e-08, 1.36272490181e-07, 3.42664598918e-08, 2.18084636572e-07, 2.482474315e-07, 2.89977979406e-08, 8.82092933807e-07, 2.63310766968e-06, 3.71300302504e-06, 1.46878264218e-07, 2.25886111593e-07, 1.72800611153e-07, 2.82621126502e-08, 6.40680397623e-08, 2.14549089605e-08, 7.41101331414e-08, 2.80413807729e-08, 1.23708652211e-08, 3.40540773358e-09, 1.24732457696e-09, 5.72764891071e-10, 2.67371069729e-10, 3.63239022194e-10, 1.30482111227e-10, 1.95779416984e-11, 2.99038432905e-11, 1.80562578778e-11, 4.35224252471e-12, 3.53256139618e-12, 4.56531427245e-12, 5.6109778282e-12, 4.18296907528e-12, 2.8958417695e-12, 2.16672860209e-12, 3.18030476086e-12, 3.26594784203e-12, 3.96531071867e-12, 3.69514575188e-12, 1.33130160541e-12, 2.84235417321e-13]
    },
    "mfcc": {
        "mean": [-698.062744141, 165.116668701, -26.9715957642, 15.7711219788, -15.7914457321, -2.60968399048, -14.4034051895, 2.76299643517, -4.36285734177, -1.62746667862, -0.204220429063, -2.86887860298, -6.46384620667],
        "cov": [[3881.85791016, -1213.33679199, 239.909896851, 45.9346923828, -181.863769531, 120.0572052, -269.913391113, 178.601119995, -39.0702896118, 216.871490479, 126.346565247, 238.981933594, -119.961601257], [-1213.33679199, 1310.40454102, -382.507202148, 43.2902603149, 129.555358887, -18.5730228424, 210.630203247, -67.6959075928, 135.930267334, -68.6501464844, 16.8338050842, -74.7813873291, 82.661781311], [239.909896851, -382.507202148, 588.192871094, -59.8274726868, 28.2266712189, 64.292427063, -1.69381344318, 58.1756134033, 10.3141174316, 50.6096611023, 40.5312995911, 105.023704529, 22.2494354248], [45.9346923828, 43.2902603149, -59.8274726868, 394.11038208, 109.384689331, -81.8448104858, -110.046089172, -57.6499023438, -12.6812992096, 60.8017196655, -72.2427597046, -47.4242591858, 90.4162902832], [-181.863769531, 129.555358887, 28.2266712189, 109.384689331, 325.176422119, 58.8464546204, 28.1780605316, -48.4327545166, 87.0008621216, 80.0080108643, -27.038690567, -33.5899505615, 30.7196445465], [120.0572052, -18.5730228424, 64.292427063, -81.8448104858, 58.8464546204, 254.062866211, 151.580886841, 8.47595691681, 40.6897735596, 8.47111034393, 60.3371772766, 47.3469772339, -54.5399169922], [-269.913391113, 210.630203247, -1.69381344318, -110.046089172, 28.1780605316, 151.580886841, 285.666259766, 19.4010238647, 41.339553833, -20.8987827301, 52.0255279541, 34.5987014771, -37.2949333191], [178.601119995, -67.6959075928, 58.1756134033, -57.6499023438, -48.4327545166, 8.47595691681, 19.4010238647, 105.499153137, 17.6102600098, 4.36955738068, 34.9288978577, 19.473531723, -14.7651863098], [-39.0702896118, 135.930267334, 10.3141174316, -12.6812992096, 87.0008621216, 40.6897735596, 41.339553833, 17.6102600098, 167.143630981, 69.1343154907, 19.1251373291, -3.21422839165, 5.78716897964], [216.871490479, -68.6501464844, 50.6096611023, 60.8017196655, 80.0080108643, 8.47111034393, -20.8987827301, 4.36955738068, 69.1343154907, 155.425537109, -4.30776548386, 4.77676200867, 35.493560791], [126.346565247, 16.8338050842, 40.5312995911, -72.2427597046, -27.038690567, 60.3371772766, 52.0255279541, 34.9288978577, 19.1251373291, -4.30776548386, 133.095596313, 59.689956665, -18.3133106232], [238.981933594, -74.7813873291, 105.023704529, -47.4242591858, -33.5899505615, 47.3469772339, 34.5987014771, 19.473531723, -3.21422839165, 4.77676200867, 59.689956665, 145.402954102, 1.11418020725], [-119.961601257, 82.661781311, 22.2494354248, 90.4162902832, 30.7196445465, -54.5399169922, -37.2949333191, -14.7651863098, 5.78716897964, 35.493560791, -18.3133106232, 1.11418020725, 123.698417664]],
