{
"lowlevel": {
    "average_loudness": 0.912880599499,
    "barkbands_crest": {
        "dmean": 1.78396224976,
        "dmean2": 2.73329758644,
        "dvar": 3.40549683571,
        "dvar2": 9.42525291443,
        "max": 23.7941551208,
        "mean": 12.1433391571,
        "median": 11.8334579468,
        "min": 3.6473505497,
        "var": 14.3199739456
    },
    "barkbands_flatness_db": {
        "dmean": 0.0242555197328,
        "dmean2": 0.0332732647657,
        "dvar": 0.000526115938555,
        "dvar2": 0.00100535387173,
        "max": 0.511891245842,
        "mean": 0.282134026289,
        "median": 0.273413777351,
        "min": 0.0993685573339,
        "var": 0.00504518579692
    },
    "barkbands_kurtosis": {
        "dmean": 5.08822393417,
        "dmean2": 7.67656230927,
        "dvar": 42.3877563477,
        "dvar2": 96.4297714233,
        "max": 73.3053131104,
        "mean": 12.912481308,
        "median": 9.95521736145,
        "min": -1.85540151596,
        "var": 143.583755493
    },
    "barkbands_skewness": {
        "dmean": 0.547496199608,
        "dmean2": 0.802056610584,
        "dvar": 0.297827512026,
        "dvar2": 0.651274621487,
        "max": 7.04460287094,
        "mean": 2.65411973,
        "median": 2.6198015213,
        "min": -1.42094421387,
        "var": 1.46665120125
    },
    "barkbands_spread": {
        "dmean": 2.49546074867,
        "dmean2": 3.35173630714,
        "dvar": 23.7373142242,
        "dvar2": 35.5310668945,
        "max": 84.8682937622,
        "mean": 8.39092350006,
        "median": 5.39889717102,
        "min": 0.687933862209,
        "var": 123.098770142
    },
    "dissonance": {
        "dmean": 0.0320966541767,
        "dmean2": 0.0505761690438,
        "dvar": 0.000880566018168,
        "dvar2": 0.00192672619596,
        "max": 0.500000119209,
        "mean": 0.416718840599,
        "median": 0.426709115505,
        "min": 0.203380659223,
        "var": 0.00264398916624
    },
    "dynamic_complexity": 3.01217341423,
    "erbbands_crest": {
        "dmean": 2.1635363102,
        "dmean2": 3.28016018867,
        "dvar": 3.88504457474,
        "dvar2": 8.72187232971,
        "max": 25.4357337952,
        "mean": 9.96034812927,
        "median": 9.30158042908,
        "min": 3.62566900253,
        "var": 12.6140909195
    },
    "erbbands_flatness_db": {
        "dmean": 0.0153420148417,
        "dmean2": 0.0214075967669,
        "dvar": 0.000314141972922,
        "dvar2": 0.000565962225664,
        "max": 0.381146013737,
        "mean": 0.238514900208,
        "median": 0.227226555347,
        "min": 0.114703603089,
        "var": 0.00281640328467
    },
    "erbbands_kurtosis": {
        "dmean": 1.16729307175,
        "dmean2": 1.74824953079,
        "dvar": 3.12403392792,
        "dvar2": 6.73360443115,
        "max": 26.9764823914,
        "mean": 1.44717848301,
        "median": 0.662878036499,
        "min": -1.74443542957,
        "var": 8.56746101379
    },
    "erbbands_skewness": {
        "dmean": 0.361728489399,
        "dmean2": 0.496839135885,
        "dvar": 0.135210573673,
        "dvar2": 0.251263171434,
        "max": 4.36663818359,
        "mean": 0.644140720367,
        "median": 0.705503284931,
        "min": -2.64893221855,
        "var": 0.942549586296
    },
    "erbbands_spread": {
        "dmean": 5.58133745193,
        "dmean2": 8.31399536133,
        "dvar": 76.1206588745,
        "dvar2": 161.91557312,
        "max": 117.506248474,
        "mean": 27.9681625366,
        "median": 25.4183959961,
        "min": 5.57656145096,
        "var": 200.782104492
    },
    "hfc": {
        "dmean": 2.68520021439,
        "dmean2": 3.80040502548,
        "dvar": 27.6382808685,
        "dvar2": 49.6571121216,
        "max": 107.18081665,
        "mean": 10.1805152893,
        "median": 7.88523244858,
        "min": 0.507324576378,
        "var": 108.315368652
    },
    "melbands_crest": {
        "dmean": 2.14579033852,
        "dmean2": 3.29419159889,
        "dvar": 5.08896303177,
        "dvar2": 13.1896591187,
        "max": 30.2164478302,
        "mean": 19.000213623,
        "median": 19.0599517822,
        "min": 5.26795148849,
        "var": 22.5887985229
    },
    "melbands_flatness_db": {
        "dmean": 0.0277223046869,
        "dmean2": 0.0357753969729,
        "dvar": 0.000806402065791,
        "dvar2": 0.00143103522714,
        "max": 0.642956197262,
        "mean": 0.351739019156,
        "median": 0.341336131096,
        "min": 0.0591522492468,
        "var": 0.00939407013357
    },
    "melbands_kurtosis": {
        "dmean": 9.12539672852,
        "dmean2": 13.6887607574,
        "dvar": 159.835327148,
        "dvar2": 354.274505615,
        "max": 165.360916138,
        "mean": 24.0892028809,
        "median": 19.012550354,
        "min": -1.63263165951,
        "var": 419.075958252
    },
    "melbands_skewness": {
        "dmean": 0.687101304531,
        "dmean2": 1.00714790821,
        "dvar": 0.523809790611,
        "dvar2": 1.13033998013,
        "max": 9.70983600616,
        "mean": 3.619150877,
        "median": 3.47501134872,
        "min": -0.0145908109844,
        "var": 2.0447936058
    },
    "melbands_spread": {
        "dmean": 2.78175210953,
        "dmean2": 3.8225505352,
        "dvar": 35.5509338379,
        "dvar2": 57.2788085938,
        "max": 134.258178711,
        "mean": 8.38541889191,
        "median": 5.22669458389,
        "min": 0.732823014259,
        "var": 159.702865601
    },
    "pitch_salience": {
        "dmean": 0.0575758218765,
        "dmean2": 0.0886200740933,
        "dvar": 0.00340637448244,
        "dvar2": 0.00813452992588,
        "max": 0.815420985222,
        "mean": 0.455312848091,
        "median": 0.459607630968,
        "min": 0.165250599384,
        "var": 0.0147659201175
    },
    "silence_rate_20dB": {
        "dmean": 0,
        "dmean2": 0,
        "dvar": 0,
        "dvar2": 0,
        "max": 1,
        "mean": 1,
        "median": 1,
        "min": 1,
        "var": 0
    },
    "silence_rate_30dB": {
        "dmean": 0.00620155036449,
        "dmean2": 0.0124127231538,
        "dvar": 0.00616310024634,
        "dvar2": 0.0184650160372,
        "max": 1,
        "mean": 0.996901631355,
        "median": 1,
        "min": 0,
        "var": 0.00308878580108
    },
    "silence_rate_60dB": {
        "dmean": 0.00155038759112,
        "dmean2": 0.00310318078846,
        "dvar": 0.00154797476716,
        "dvar2": 0.0030935080722,
        "max": 1,
        "mean": 0.00309837330133,
        "median": 0,
        "min": 0,
        "var": 0.0030887441244
    },
    "spectral_centroid": {
        "dmean": 107.980171204,
        "dmean2": 142.895553589,
        "dvar": 51519.1445312,
        "dvar2": 74845.8984375,
        "max": 4207.86572266,
        "mean": 503.338195801,
        "median": 350.177764893,
        "min": 149.467224121,
        "var": 288702.5
    },
    "spectral_complexity": {
        "dmean": 2.03255820274,
        "dmean2": 3.11326599121,
        "dvar": 5.3447022438,
        "dvar2": 10.8653030396,
        "max": 38,
        "mean": 11.3865222931,
        "median": 11,
        "min": 1,
        "var": 21.5693645477
    },
    "spectral_decrease": {
        "dmean": 2.00187777466e-09,
        "dmean2": 3.05964875658e-09,
        "dvar": 6.61966050369e-18,
        "dvar2": 1.46577413705e-17,
        "max": -2.0238875853e-10,
        "mean": -8.18440781813e-09,
        "median": -7.3766104336e-09,
        "min": -3.07869143512e-08,
        "var": 2.90280871089e-17
    },
    "spectral_energy": {
        "dmean": 0.00775075796992,
        "dmean2": 0.0118252867833,
        "dvar": 9.86180675682e-05,
        "dvar2": 0.00021814405045,
        "max": 0.121058374643,
        "mean": 0.0318132042885,
        "median": 0.0286553055048,
        "min": 0.000809877878055,
        "var": 0.000436421280028
    },
    "spectral_energyband_high": {
        "dmean": 0.000138611823786,
        "dmean2": 0.000181851442903,
        "dvar": 4.98870520005e-07,
        "dvar2": 7.97164432242e-07,
        "max": 0.0167353488505,
        "mean": 0.000274986057775,
        "median": 3.33111274813e-05,
        "min": 1.74597420965e-08,
        "var": 1.48567698943e-06
    },
    "spectral_energyband_low": {
        "dmean": 0.00353649863973,
        "dmean2": 0.00526083540171,
        "dvar": 2.67170780717e-05,
        "dvar2": 7.11553439032e-05,
        "max": 0.0617088824511,
        "mean": 0.0120769236237,
        "median": 0.00902234017849,
        "min": 6.85832419549e-05,
        "var": 9.40096142585e-05
    },
    "spectral_energyband_middle_high": {
        "dmean": 0.000574977311771,
        "dmean2": 0.000764405936934,
        "dvar": 8.68918561991e-07,
        "dvar2": 1.61177206337e-06,
        "max": 0.0211002379656,
        "mean": 0.00163982179947,
        "median": 0.00102980795782,
        "min": 2.69298889179e-05,
        "var": 3.88672970075e-06
    },
    "spectral_energyband_middle_low": {
        "dmean": 0.00616018287838,
        "dmean2": 0.0095341000706,
        "dvar": 8.43631423777e-05,
        "dvar2": 0.000178639573278,
        "max": 0.110499508679,
        "mean": 0.0214815028012,
        "median": 0.0167924501002,
        "min": 0.000518573971931,
        "var": 0.000386445986805
    },
    "spectral_entropy": {
        "dmean": 0.21758800745,
        "dmean2": 0.288593530655,
        "dvar": 0.0609722994268,
        "dvar2": 0.108473680913,
        "max": 8.16114616394,
        "mean": 6.4762878418,
        "median": 6.50727128983,
        "min": 4.82647514343,
        "var": 0.411744534969
    },
    "spectral_flux": {
        "dmean": 0.0181739218533,
        "dmean2": 0.028694504872,
        "dvar": 0.000563185138162,
        "dvar2": 0.00135386036709,
        "max": 0.283564269543,
        "mean": 0.0547426268458,
        "median": 0.0467551238835,
        "min": 0.00584269454703,
        "var": 0.0013317608973
    },
    "spectral_kurtosis": {
        "dmean": 8.3932094574,
        "dmean2": 13.4268255234,
        "dvar": 166.887420654,
        "dvar2": 364.355804443,
        "max": 175.776763916,
        "mean": 22.1949710846,
        "median": 11.4187049866,
        "min": -1.08528161049,
        "var": 860.89465332
    },
    "spectral_rms": {
        "dmean": 0.000648704415653,
        "dmean2": 0.000973269110546,
        "dvar": 5.68953907987e-07,
        "dvar2": 1.21228674743e-06,
        "max": 0.010867645964,
        "mean": 0.00525515154004,
        "median": 0.00528738088906,
        "min": 0.000888889655471,
        "var": 3.42071257364e-06
    },
    "spectral_rolloff": {
        "dmean": 165.621627808,
        "dmean2": 266.716888428,
        "dvar": 213035.390625,
        "dvar2": 387330.75,
        "max": 6567.62695312,
        "mean": 553.909301758,
        "median": 301.46484375,
        "min": 107.666015625,
        "var": 735031.125
    },
    "spectral_skewness": {
        "dmean": 0.634822666645,
        "dmean2": 0.993807852268,
        "dvar": 0.633062183857,
        "dvar2": 1.3730275631,
        "max": 10.9645872116,
        "mean": 3.17619132996,
        "median": 2.76392865181,
        "min": -0.212090909481,
        "var": 3.33373737335
    },
    "spectral_spread": {
        "dmean": 430023.625,
        "dmean2": 646417.375,
        "dvar": 257599324160,
        "dvar2": 503121182720,
        "max": 8603056,
        "mean": 3021907,
        "median": 2949401.25,
        "min": 504704,
        "var": 2.02503238451e+12
    },
    "spectral_strongpeak": {
        "dmean": 0.207617536187,
        "dmean2": 0.341769337654,
        "dvar": 0.135806649923,
        "dvar2": 0.325216412544,
        "max": 5.49404573441,
        "mean": 0.746314406395,
        "median": 0.552141129971,
        "min": 0.0293443966657,
        "var": 0.337015062571
    },
    "zerocrossingrate": {
        "dmean": 0.00481013813987,
        "dmean2": 0.00515934126452,
        "dvar": 6.01160536462e-05,
        "dvar2": 4.327278657e-05,
        "max": 0.1884765625,
        "mean": 0.0228455867618,
        "median": 0.0166015625,
        "min": 0.00390625,
        "var": 0.00056594691705
    },
    "barkbands": {
        "dmean": [2.59617445408e-06, 0.000518905289937, 0.00225286674686, 0.00295410770923, 0.00296426378191, 0.000698890304193, 0.000750072707888, 0.000415802845964, 0.000462967058411, 0.000215516760363, 0.000150228603161, 0.000164299199241, 0.000119054107927, 0.000110745808342, 3.57558346877e-05, 2.8326334359e-05, 4.91550454171e-05, 2.43416325247e-05, 2.51936526183e-05, 6.58821445541e-05, 3.92298679799e-05, 3.66479362128e-05, 1.84229938895e-05, 2.6973308195e-05, 6.07395304542e-06, 4.92929741469e-09, 1.53785784107e-09],
        "dmean2": [4.57889473182e-06, 0.000807337288279, 0.00334112835117, 0.00451796455309, 0.00454225530848, 0.00105999980588, 0.00111288379412, 0.000606255081948, 0.000703204073943, 0.000331740564434, 0.000211553808185, 0.000238304011873, 0.000179779861355, 0.000163054064615, 5.39518550795e-05, 4.58495051134e-05, 6.67339554639e-05, 3.84831691917e-05, 3.97247786168e-05, 9.58695891313e-05, 5.77463797526e-05, 4.97014189023e-05, 2.4786188078e-05, 3.86223109672e-05, 9.3342296168e-06, 7.85275755533e-09, 2.51399634443e-09],
        "dvar": [5.59150052648e-11, 5.5945628219e-07, 1.5884574168e-05, 1.84982054634e-05, 2.56199946307e-05, 4.36284290117e-06, 1.11920480776e-05, 3.37241658599e-06, 9.48458250605e-07, 1.98219311187e-07, 3.94029768813e-08, 6.52601244155e-08, 4.67659546644e-08, 4.73506531762e-08, 1.43465781477e-08, 1.63404028086e-08, 1.39946337185e-07, 2.72430433768e-08, 2.84007644069e-08, 2.4159203349e-07, 5.31562172057e-08, 3.24129061369e-08, 9.08899977503e-09, 1.62377595814e-08, 2.72070588281e-10, 3.305276879e-16, 6.67527144269e-17],
        "dvar2": [1.53295501293e-10, 1.23063796309e-06, 4.38284878328e-05, 4.48565624538e-05, 6.48415152682e-05, 1.04345190266e-05, 2.24365703616e-05, 5.85070074521e-06, 2.20262745643e-06, 4.3265356453e-07, 8.03508939384e-08, 1.35244476951e-07, 1.19464999671e-07, 1.01867897229e-07, 3.59084992851e-08, 4.54062529798e-08, 2.34250450148e-07, 6.47846434276e-08, 7.63924177249e-08, 5.04661784362e-07, 9.62034931717e-08, 4.81813451358e-08, 1.67864300238e-08, 3.80694373803e-08, 6.40178854372e-10, 7.77104448228e-16, 7.01489724382e-17],
        "max": [0.000116108101793, 0.0133843068033, 0.0464097857475, 0.0581889003515, 0.07757473737, 0.036807499826, 0.0913386791945, 0.0529310032725, 0.0232998467982, 0.0107373259962, 0.00234184460714, 0.0037231859751, 0.00334347644821, 0.00425673788413, 0.00199602544308, 0.00255589885637, 0.0140892108902, 0.00545283732936, 0.00422565313056, 0.01545689255, 0.00521954754367, 0.00554572744295, 0.00339528825134, 0.00203822879121, 0.000361067039194, 3.70199984445e-07, 2.32747865425e-07],
        "mean": [2.48746709985e-06, 0.00253362092189, 0.00594135466963, 0.00794972106814, 0.00901819206774, 0.00151929608546, 0.00127474113833, 0.000776202185079, 0.00082349794684, 0.000441026437329, 0.000302948697936, 0.000293693417916, 0.000234842533246, 0.000189056256204, 4.87729739689e-05, 3.45601438312e-05, 6.13625525148e-05, 3.19721220876e-05, 3.21355764754e-05, 7.78138419264e-05, 6.50797155686e-05, 6.79945587763e-05, 3.38587415172e-05, 4.80548769701e-05, 1.09570546556e-05, 7.57995799461e-09, 1.3724604786e-09],
        "median": [9.38864161526e-07, 0.0016433551209, 0.00353385042399, 0.00352058093995, 0.00425127334893, 0.000546138384379, 0.000159351300681, 0.000180135175469, 0.000453906774055, 0.000203902542125, 0.000203116331249, 0.000160141280503, 0.000111245906737, 6.60261212033e-05, 1.42750614032e-05, 8.97610425454e-06, 1.11909666884e-05, 7.93083654571e-06, 6.41779661237e-06, 3.02534158436e-06, 3.63508183909e-06, 5.68939231016e-06, 4.72366082249e-06, 8.85379449755e-06, 2.16038074541e-06, 2.21000462375e-09, 4.48355297333e-10],
        "min": [3.50329276699e-09, 4.35719766756e-06, 3.70328198187e-05, 8.79250092112e-06, 5.59125874133e-05, 5.07231607116e-06, 1.18936759463e-06, 7.1017296932e-07, 5.21807123732e-06, 2.29630518334e-06, 4.58818192328e-07, 3.30092007061e-06, 1.04906121123e-06, 1.19198368509e-07, 5.52046302005e-08, 2.01939229783e-08, 1.09741469245e-08, 7.28072846456e-09, 8.45231884483e-09, 3.74216524435e-09, 1.6504271283e-09, 3.37136829565e-09, 2.66367639057e-09, 2.18568985133e-09, 4.3142087125e-10, 2.10863652927e-11, 2.86054496063e-11],
        "var": [4.11585869553e-11, 6.42141776552e-06, 4.0733084461e-05, 8.45199101605e-05, 0.000146127582411, 6.98368921803e-06, 1.90633327293e-05, 6.51554864817e-06, 1.66787594935e-06, 7.93246272224e-07, 1.05498557446e-07, 1.45362861304e-07, 1.47355422087e-07, 1.23987561551e-07, 1.70613958517e-08, 1.40224738487e-08, 2.48477988407e-07, 3.41259429604e-08, 2.39481909858e-08, 3.37553728968e-07, 1.30128853471e-07, 1.00698102301e-07, 2.5189647701e-08, 2.84062178224e-08, 6.91342760817e-10, 5.05069388124e-16, 6.88830221415e-17]
    },
    "erbbands": {
        "dmean": [0.00409198319539, 0.171939194202, 1.89162242413, 6.32739543915, 13.4365215302, 6.7167134285, 6.74916362762, 6.1055688858, 10.4734106064, 10.0906066895, 8.05328273773, 10.4396381378, 7.49413967133, 5.23211669922, 6.07169008255, 6.48225736618, 5.5379114151, 4.95969009399, 3.30584359169, 1.4459335804, 1.68312871456, 2.70896220207, 1.3384693861, 1.13089311123, 1.59906125069, 3.28024578094, 1.92826223373, 1.36447048187, 1.46115982533, 1.05819559097, 0.375075787306, 0.387543916702, 0.546852648258, 0.135799720883, 0.00550492340699, 0.000257623061771, 2.1122612452e-05, 3.89544311474e-06, 4.04581487601e-06, 8.6433828983e-06],
        "dmean2": [0.00664144475013, 0.267049819231, 2.88543844223, 9.48108005524, 20.8047065735, 10.409535408, 10.3975954056, 8.99275970459, 15.3743486404, 14.4520111084, 11.2968788147, 15.8269748688, 11.2388401031, 7.72175979614, 8.36330509186, 9.30802345276, 8.18364429474, 7.51165056229, 4.75731658936, 2.23906803131, 2.66356134415, 3.74984836578, 1.91200864315, 1.78847253323, 2.54928088188, 4.7242898941, 2.83373975754, 1.84374034405, 2.01943206787, 1.34525823593, 0.508079111576, 0.554576039314, 0.794203102589, 0.200938120484, 0.00839864835143, 0.000386502943002, 3.02848839056e-05, 5.47130139239e-06, 6.03532726018e-06, 1.31683636937e-05],
        "dvar": [3.00363917631e-05, 0.0563534535468, 10.9717798233, 77.5023880005, 454.47088623, 189.298461914, 213.632202148, 456.928344727, 1773.34375, 2061.02416992, 921.896118164, 350.239837646, 276.340515137, 86.0573501587, 82.9084472656, 97.9629898071, 82.5513000488, 102.390853882, 72.5429382324, 43.119354248, 68.9230957031, 550.606018066, 32.1084709167, 75.1367416382, 85.8749542236, 632.447753906, 156.559173584, 53.4362449646, 51.3637046814, 28.9031257629, 2.759973526, 2.44875097275, 6.8929681778, 0.160185053945, 0.000407322426327, 8.49838784234e-07, 4.88952123234e-09, 1.73303926765e-10, 3.07690956047e-11, 1.20528240166e-10],
        "dvar2": [7.4474082794e-05, 0.132300779223, 31.0021781921, 193.610992432, 1160.85217285, 460.295562744, 487.336547852, 1083.52111816, 3522.88354492, 4387.70410156, 1471.46081543, 812.119934082, 481.947143555, 166.595993042, 173.361206055, 203.749465942, 213.28137207, 225.909088135, 156.589370728, 124.993988037, 155.330429077, 999.399719238, 50.4117622375, 184.396026611, 206.884384155, 1315.86157227, 307.928253174, 88.8676071167, 87.575958252, 35.2878875732, 4.13361978531, 5.51545190811, 16.198387146, 0.353806108236, 0.000967878906522, 2.01902457775e-06, 1.0508190762e-08, 3.27477128748e-10, 6.57919205227e-11, 2.66683314321e-10],
        "max": [0.085070759058, 4.19947481155, 36.5692520142, 123.158920288, 260.697418213, 203.542434692, 202.344421387, 431.356231689, 865.650634766, 1163.48205566, 1034.23510742, 427.663085938, 487.544677734, 285.573760986, 147.955291748, 132.50378418, 153.9637146, 225.667205811, 199.521270752, 156.647323608, 212.378662109, 843.707519531, 211.897155762, 255.504379272, 193.925567627, 770.343811035, 280.25378418, 194.337219238, 215.189239502, 175.347915649, 49.0737724304, 27.416809082, 43.4319610596, 7.38627338409, 0.432536125183, 0.0190648213029, 0.00114429893438, 0.000209261008422, 9.71044428297e-05, 0.000136173533974],
        "mean": [0.016840564087, 0.813296914101, 5.74365854263, 18.0786323547, 36.7211380005, 20.2431793213, 17.6717987061, 13.3582010269, 18.8766651154, 16.477312088, 15.5092811584, 18.641248703, 15.9548311234, 11.7920722961, 12.1364984512, 12.1319694519, 11.4155263901, 9.80074214935, 5.47137069702, 2.04693341255, 2.23438334465, 3.34194922447, 1.97161197662, 1.37226033211, 2.26363158226, 3.86261630058, 2.85203480721, 2.42971086502, 2.50799107552, 1.95654273033, 0.754318833351, 0.69174695015, 0.951388418674, 0.259838730097, 0.00956172961742, 0.000476910325233, 4.87526631332e-05, 8.51075583341e-06, 1.65337060025e-05, 3.58339275408e-05],
        "median": [0.013062258251, 0.586499750614, 3.91752290726, 11.6976356506, 12.6496582031, 9.80838394165, 6.94161367416, 4.04242038727, 3.76338386536, 3.74814605713, 5.47701787949, 10.3426485062, 8.61707305908, 6.70782184601, 6.97149705887, 6.90777873993, 6.29887247086, 3.65387654305, 1.98805594444, 0.688221812248, 0.598104178905, 0.633173942566, 0.566413164139, 0.29197332263, 0.308547258377, 0.132930785418, 0.124674521387, 0.131049156189, 0.189954057336, 0.19746914506, 0.12335369736, 0.133094102144, 0.161847114563, 0.0589083023369, 0.00161532219499, 0.0001013199726, 2.01860821107e-05, 3.19551918437e-06, 1.46415168274e-05, 3.23901658703e-05],
        "min": [0.000191745100892, 0.00229138159193, 0.0538014285266, 0.393227040768, 0.234177574515, 0.149056136608, 0.0264970976859, 0.0515000596642, 0.0252394005656, 0.0598053596914, 0.0368624888361, 0.126458227634, 0.161960959435, 0.0586798079312, 0.0547105260193, 0.17487257719, 0.0622520558536, 0.0204252172261, 0.00819998420775, 0.00214009988122, 0.00155183603056, 0.000941150239669, 0.000466862082249, 0.000484745716676, 0.000335695745889, 0.000186247954844, 7.96805907157e-05, 9.86291124718e-05, 0.000116874740343, 7.55431392463e-05, 7.3219423939e-05, 4.16932271037e-05, 3.93221125705e-05, 1.52607062773e-05, 3.52093661604e-06, 1.23449058265e-06, 7.16784199994e-07, 1.07696862983e-07, 1.07672792637e-06, 2.39169412453e-06],
        "var": [0.000218231536564, 0.537490308285, 26.8558559418, 322.623321533, 2285.13964844, 871.946289062, 609.617736816, 712.924926758, 3295.41210938, 2973.95263672, 2102.28588867, 690.671691895, 868.830627441, 362.411102295, 225.840499878, 220.713592529, 233.153533936, 339.71182251, 128.582275391, 31.9847412109, 94.1423568726, 835.125854492, 72.8787689209, 82.5169143677, 104.391220093, 869.964538574, 296.833282471, 152.578811646, 133.239135742, 104.421157837, 8.99425983429, 5.02884578705, 11.8026628494, 0.432220727205, 0.000831804936752, 1.83177519375e-06, 1.21966525768e-08, 4.34840191632e-10, 1.38548839068e-10, 5.48288858759e-10]
    },
    "gfcc": {
        "mean": [-92.8197021484, 178.435699463, -103.887245178, 25.3852882385, -62.8757667542, 26.9212341309, -28.4565315247, -15.5250320435, -15.9287919998, -33.2099151611, 0.214289724827, -29.0429801941, -3.08411717415],
        "cov": [[5775.74023438, -2595.72314453, -759.368164062, 1444.42932129, -1854.13989258, 68.1371917725, -975.911132812, -83.7364730835, -166.209030151, 321.434387207, 14.5575237274, -268.171325684, 155.140884399], [-2595.72314453, 1772.24609375, 277.020629883, -1015.22589111, 1034.11987305, -205.975509644, 361.915618896, -4.2390627861, 163.153518677, -204.555496216, 47.196144104, 155.947341919, -88.6301498413], [-759.368164062, 277.020629883, 726.460327148, -122.499549866, -53.4315414429, 83.2878036499, 87.6296310425, -88.3277435303, -28.5769023895, -1.97360515594, 20.46717453, 28.2848262787, -7.0436372757], [1444.42932129, -1015.22589111, -122.499549866, 753.704345703, -550.36541748, 82.9961242676, -172.813583374, -6.3461356163, -64.0487747192, 119.175735474, 5.74485635757, -79.0261383057, 68.6609649658], [-1854.13989258, 1034.11987305, -53.4315414429, -550.36541748, 1013.86230469, -98.6321563721, 315.094177246, 132.524185181, 107.236213684, -139.965499878, -8.98954868317, 133.017578125, -62.4875297546], [68.1371917725, -205.975509644, 83.2878036499, 82.9961242676, -98.6321563721, 195.392822266, 26.4171543121, 9.20405578613, -36.3571128845, 12.1171922684, -2.44145655632, -5.12109518051, 0.0045402883552], [-975.911132812, 361.915618896, 87.6296310425, -172.813583374, 315.094177246, 26.4171543121, 319.410675049, 44.9396209717, 8.75337219238, -24.509475708, -19.2109527588, 48.4581222534, -26.9551086426], [-83.7364730835, -4.2390627861, -88.3277435303, -6.3461356163, 132.524185181, 9.20405578613, 44.9396209717, 153.768676758, 18.6464557648, -9.5086479187, 1.79073476791, 19.1542568207, -8.56834220886], [-166.209030151, 163.153518677, -28.5769023895, -64.0487747192, 107.236213684, -36.3571128845, 8.75337219238, 18.6464557648, 106.401077271, -6.67823648453, -0.0973434150219, 19.215845108, -11.2315607071], [321.434387207, -204.555496216, -1.97360515594, 119.175735474, -139.965499878, 12.1171922684, -24.509475708, -9.5086479187, -6.67823648453, 117.808547974, -4.28093242645, -38.0797080994, 23.8153343201], [14.5575237274, 47.196144104, 20.46717453, 5.74485635757, -8.98954868317, -2.44145655632, -19.2109527588, 1.79073476791, -0.0973434150219, -4.28093242645, 82.6308822632, 14.1850528717, -8.26243114471], [-268.171325684, 155.947341919, 28.2848262787, -79.0261383057, 133.017578125, -5.12109518051, 48.4581222534, 19.1542568207, 19.215845108, -38.0797080994, 14.1850528717, 79.66381073, -7.54796743393], [155.140884399, -88.6301498413, -7.0436372757, 68.6609649658, -62.4875297546, 0.0045402883552, -26.9551086426, -8.56834220886, -11.2315607071, 23.8153343201, -8.26243114471, -7.54796743393, 64.4248046875]],
        "icov": [[0.00139396253508, -0.000317386846291, 0.00122630596161, -0.0010573513573, 0.00163271033671, -0.000155765737873, 0.00231784465723, -0.000688456580974, 0.00073787063593, -0.00122997595463, 0.000584335706662, -0.00097621435998, 0.000473244552268], [-0.000317386846291, 0.0178446117789, -0.00476405024529, 0.014546030201, -0.00797423347831, 0.00876560993493, -0.00709260907024, 0.00765838986263, -0.0111298207194, 0.00742743397132, -0.0134195806459, 0.00450201844797, -0.00627354718745], [0.00122630596161, -0.00476405024529, 0.00404550367966, -0.0040075192228, 0.00379708549008, -0.00307574681938, 0.00301801902242, -0.00149241823237, 0.00352238933556, -0.00308646820486, 0.0033304488752, -0.00271840766072, 0.00181732489727], [-0.0010573513573, 0.014546030201, -0.0040075192228, 0.0150416791439, -0.00600423291326, 0.00657451758161, -0.00707650743425, 0.00571906799451, -0.00918788090348, 0.00576306320727, -0.0114806657657, 0.00407144147903, -0.00666332803667], [0.00163271033671, -0.00797423347831, 0.00379708549008, -0.00600423291326, 0.00826894491911, -0.00311137386598, 0.00355428247713, -0.00545447226614, 0.00438440637663, -0.00331161706708, 0.00640888139606, -0.00455578137189, 0.00297108315863], [-0.000155765737873, 0.00876560993493, -0.00307574681938, 0.00657451758161, -0.00311137386598, 0.0108267422765, -0.00460128718987, 0.0025044195354, -0.00409645726904, 0.00395634677261, -0.00614960631356, 0.00177674379665, -0.0022768585477], [0.00231784465723, -0.00709260907024, 0.00301801902242, -0.00707650743425, 0.00355428247713, -0.00460128718987, 0.0118539510295, -0.00423296028748, 0.00649494910613, -0.00621262192726, 0.00732840411365, -0.00426683807746, 0.00424602022395], [-0.000688456580974, 0.00765838986263, -0.00149241823237, 0.00571906799451, -0.00545447226614, 0.0025044195354, -0.00423296028748, 0.0121223116294, -0.00553500372916, 0.00315284286626, -0.00639050314203, 0.00158673257101, -0.00227821688168], [0.00073787063593, -0.0111298207194, 0.00352238933556, -0.00918788090348, 0.00438440637663, -0.00409645726904, 0.00649494910613, -0.00553500372916, 0.0187662038952, -0.00688776373863, 0.00910680647939, -0.00519833480939, 0.00569965085015], [-0.00122997595463, 0.00742743397132, -0.00308646820486, 0.00576306320727, -0.00331161706708, 0.00395634677261, -0.00621262192726, 0.00315284286626, -0.00688776373863, 0.0163067001849, -0.00636920426041, 0.00696663279086, -0.00592123391107], [0.000584335706662, -0.0134195806459, 0.0033304488752, -0.0114806657657, 0.00640888139606, -0.00614960631356, 0.00732840411365, -0.00639050314203, 0.00910680647939, -0.00636920426041, 0.0236262548715, -0.00710829021409, 0.00730322487652], [-0.00097621435998, 0.00450201844797, -0.00271840766072, 0.00407144147903, -0.00455578137189, 0.00177674379665, -0.00426683807746, 0.00158673257101, -0.00519833480939, 0.00696663279086, -0.00710829021409, 0.0208601057529, -0.00403438927606], [0.000473244552268, -0.00627354718745, 0.00181732489727, -0.00666332803667, 0.00297108315863, -0.0022768585477, 0.00424602022395, -0.00227821688168, 0.00569965085015, -0.00592123391107, 0.00730322487652, -0.00403438927606, 0.0210537947714]]
    },
    "melbands": {
        "dmean": [8.53974997881e-05, 0.000723489327356, 0.00129080924671, 0.000723259232473, 0.000236681778915, 0.000137361304951, 0.000152718610479, 0.000110014821985, 6.4372739871e-05, 6.86456551193e-05, 3.77992946596e-05, 2.27089494729e-05, 1.88703288586e-05, 1.52726388478e-05, 2.17589349631e-05, 1.06632469397e-05, 1.00309098343e-05, 6.68347684041e-06, 2.54297947322e-06, 1.92941729438e-06, 2.09709833143e-06, 3.2612826999e-06, 1.84115503998e-06, 1.00087527244e-06, 9.04237140276e-07, 1.15817647384e-06, 1.46364470766e-06, 2.54292763202e-06, 1.26445570459e-06, 1.24807479551e-06, 7.13954705134e-07, 8.61289265686e-07, 8.05285765182e-07, 5.92763058194e-07, 2.31974965459e-07, 1.87980361943e-07, 2.70890211596e-07, 4.27271857006e-07, 3.11874373438e-07, 5.61495454576e-08],
        "dmean2": [0.000135447291541, 0.00110148231033, 0.00196092831902, 0.00111361010931, 0.000367760221707, 0.000202820549021, 0.000224464776693, 0.000157533155289, 9.35645366553e-05, 0.000104072678369, 5.69413423364e-05, 3.38034042215e-05, 2.64446680376e-05, 2.18087716348e-05, 3.09422903229e-05, 1.65670880961e-05, 1.51718531924e-05, 9.75508010015e-06, 3.8939820115e-06, 3.12782367473e-06, 3.26504527948e-06, 4.69696078653e-06, 2.84239990833e-06, 1.58593400101e-06, 1.42951989801e-06, 1.87257683137e-06, 2.20430570153e-06, 3.71045894099e-06, 1.81834320756e-06, 1.80446261311e-06, 1.01541638742e-06, 1.17876822969e-06, 1.15359307529e-06, 8.02002148248e-07, 3.25663478407e-07, 2.77124968306e-07, 4.03442612651e-07, 6.13035979313e-07, 4.65017023998e-07, 8.67972715923e-08],
        "dvar": [1.51343382271e-08, 1.48827518842e-06, 2.7732048693e-06, 1.61095363183e-06, 2.55956791761e-07, 2.16086661453e-07, 4.05037724249e-07, 2.26961816452e-07, 4.62682052671e-08, 1.46627963105e-08, 6.95759716507e-09, 1.79092796149e-09, 7.19287795992e-10, 4.79975947876e-10, 1.10636411144e-09, 3.67600755391e-10, 4.2680489698e-10, 2.67493693862e-10, 7.5427115942e-11, 1.04935352074e-10, 1.11974395034e-10, 1.04112807264e-09, 6.46058970211e-11, 6.26258975234e-11, 4.83318003675e-11, 8.24701279489e-11, 6.63104779419e-11, 4.13068468319e-10, 7.6236267299e-11, 6.71080135906e-11, 1.24026830473e-11, 1.6843134526e-11, 1.88284006442e-11, 1.08245886213e-11, 1.37803939267e-12, 4.06962061706e-13, 1.52569222447e-12, 4.71373764674e-12, 1.05306670502e-12, 3.09087506295e-14],
        "dvar2": [3.41703518814e-08, 4.1542971303e-06, 6.77643674862e-06, 3.96258337787e-06, 5.87958652432e-07, 4.97074836403e-07, 8.06618459137e-07, 4.6851292268e-07, 8.32337576639e-08, 3.35020935438e-08, 1.25437988885e-08, 3.51441631352e-09, 1.54140178399e-09, 1.07014475059e-09, 2.39277375691e-09, 9.2562668641e-10, 9.38383371007e-10, 5.77344283492e-10, 2.01910183018e-10, 3.04143460417e-10, 2.51027032494e-10, 2.07073802549e-09, 1.13524765977e-10, 1.53410173453e-10, 1.18736853683e-10, 2.29142982366e-10, 1.31096924982e-10, 8.75104377851e-10, 1.60151100714e-10, 1.38057870691e-10, 2.24553934475e-11, 2.82963721898e-11, 4.00866700945e-11, 1.81880517591e-11, 2.04995222186e-12, 8.61186881355e-13, 3.74964512564e-12, 1.11004833797e-11, 2.36101741456e-12, 7.9709459519e-14],
        "max": [0.00214611808769, 0.0135888848454, 0.0200805161148, 0.0203520413488, 0.00720861600712, 0.00872550159693, 0.0142030538991, 0.0103513803333, 0.00673701381311, 0.00233698263764, 0.00235435506329, 0.00133372633718, 0.00036759066279, 0.000294560944894, 0.000538478489034, 0.00030786919524, 0.000399818993174, 0.00036624603672, 0.00017422316887, 0.000241307308897, 0.000310235453071, 0.0011290331604, 0.000257593521383, 0.000252694357187, 0.000208050652873, 0.000228402714129, 0.000212907922105, 0.000624164124019, 0.000248314579949, 0.000194608961465, 8.77441707416e-05, 0.000115139911941, 0.000120241616969, 0.000115733870189, 3.86536485166e-05, 1.21615894386e-05, 2.04460611712e-05, 3.49624060618e-05, 1.76882258529e-05, 3.32489094035e-06],
        "mean": [0.000402903999202, 0.00239880732261, 0.00380662549287, 0.0022004796192, 0.000637452350929, 0.000302047730656, 0.000272362522082, 0.000184152770089, 0.000121788209071, 0.000120177319332, 7.93062426965e-05, 4.93590632686e-05, 3.75903910026e-05, 2.90439238597e-05, 3.85229795938e-05, 2.04968928301e-05, 1.82545663847e-05, 1.04030914372e-05, 3.36853418048e-06, 2.38258962781e-06, 2.62807179752e-06, 3.65232244803e-06, 2.60032084043e-06, 1.30812372845e-06, 1.01663135865e-06, 1.41258760777e-06, 1.95156849259e-06, 2.82364453597e-06, 1.67787106875e-06, 1.82225096523e-06, 1.21370487705e-06, 1.3832766399e-06, 1.3758632349e-06, 9.84039616014e-07, 4.22833295488e-07, 3.57365706805e-07, 4.35122814224e-07, 6.96815561696e-07, 5.69031328723e-07, 9.69687903307e-08],
        "median": [0.000271681143204, 0.00174454424996, 0.00270770373754, 0.000770213198848, 0.000280639738776, 0.000102761063317, 4.9885315093e-05, 3.47597851942e-05, 4.43271710537e-05, 6.70786685077e-05, 4.00995231757e-05, 2.66110073426e-05, 2.36722735281e-05, 1.71802512341e-05, 2.01228322112e-05, 9.29971702135e-06, 6.20230230197e-06, 3.38397080668e-06, 9.42408462379e-07, 6.35086564671e-07, 6.36026584289e-07, 6.04037268204e-07, 6.81294011429e-07, 2.73902713843e-07, 1.85991652302e-07, 2.34573178659e-07, 1.6578536588e-07, 5.32026440681e-08, 5.4942972838e-08, 7.6599533827e-08, 5.95997846631e-08, 9.78207808089e-08, 1.23829082099e-07, 8.43859666588e-08, 5.14782065864e-08, 8.30637816307e-08, 6.76513138842e-08, 8.02727058158e-08, 1.39869868576e-07, 1.63142832577e-08],
        "min": [1.1381270042e-06, 1.01058776636e-05, 8.54996251292e-05, 2.01854181796e-05, 8.64191633809e-07, 5.93696654505e-07, 2.06333965025e-07, 3.18495921192e-07, 3.50509452574e-07, 6.45524266929e-07, 5.00778583046e-07, 2.66489678324e-07, 1.00588920304e-07, 3.15511130111e-07, 2.24219974143e-07, 9.04391654899e-08, 1.35611886165e-08, 8.9481373422e-09, 2.68188138364e-09, 1.1655452159e-09, 1.59030411062e-09, 5.66722446749e-10, 5.83657122633e-10, 3.42149364396e-10, 3.86177090306e-10, 2.46845127672e-10, 1.71276354211e-10, 9.04786939815e-11, 2.10296294267e-11, 4.50923257067e-11, 5.82688064465e-11, 4.98117623537e-11, 4.51968289183e-11, 3.88647516947e-11, 3.82153718392e-11, 2.33531249894e-11, 1.77199609153e-11, 2.33870006694e-11, 1.20231992765e-11, 3.52943542448e-12],
        "var": [1.59342434358e-07, 3.99461487177e-06, 1.26245804495e-05, 1.0109932191e-05, 7.47828380554e-07, 3.48293951902e-07, 7.32851390239e-07, 3.42647581419e-07, 1.06097552077e-07, 2.80186984725e-08, 2.29156480458e-08, 8.01815058793e-09, 1.83420667543e-09, 1.13259923662e-09, 2.72297473458e-09, 1.22661358848e-09, 1.24405186153e-09, 4.83849404986e-10, 7.6653072778e-11, 7.22071499815e-11, 1.53184506746e-10, 1.34422728504e-09, 1.32765021199e-10, 7.27765139819e-11, 5.22129700586e-11, 6.13739128963e-11, 1.03265680729e-10, 5.4666632332e-10, 1.23430085597e-10, 1.31416766358e-10, 3.28605406774e-11, 4.07956238235e-11, 4.51547792213e-11, 3.06618133661e-11, 3.7592554937e-12, 1.01775055397e-12, 2.38125339759e-12, 7.91192979188e-12, 2.20541813978e-12, 7.09131849921e-14]
    },
    "mfcc": {
        "mean": [-727.150390625, 184.473251343, 33.2689056396, -0.233900666237, 7.90897703171, 15.1597146988, 9.49475669861, 9.42765712738, -5.95467662811, -5.14237213135, -0.703728616238, -5.86356306076, -12.2497386932],
        "cov": [[6341.87060547, -3015.8894043, 4.08987665176, 477.524658203, -538.169250488, -290.151367188, -643.423034668, -693.00592041, -280.637969971, -26.0336551666, -50.0119590759, -103.329605103, -155.957351685], [-3015.8894043, 2271.42529297, -308.501922607, -456.674163818, 422.859558105, -19.0946903229, 154.784454346, 343.851043701, 62.5771751404, -54.4050979614, 53.19190979, 49.4413261414, 97.7906494141], [4.08987665176, -308.501922607, 860.480407715, 33.5934829712, -253.640655518, 114.766838074, 1.95373213291, -153.297668457, -55.513469696, -54.4460754395, -24.2158622742, 29.8286819458, -6.28678655624], [477.524658203, -456.674163818, 33.5934829712, 292.428192139, -51.4242172241, 4.06276893616, -20.3720283508, -56.8155937195, -0.164504170418, 44.2032775879, -32.0985450745, -2.31907701492, -8.77783966064], [-538.169250488, 422.859558105, -253.640655518, -51.4242172241, 318.323272705, -40.5467910767, 15.9354162216, 143.454101562, 29.4896717072, 0.562287509441, 16.0620117188, 27.5996284485, 28.9406318665], [-290.151367188, -19.0946903229, 114.766838074, 4.06276893616, -40.5467910767, 165.037231445, 67.8759384155, 10.1233501434, 33.2296638489, 5.15128087997, 0.576639294624, -3.92624258995, -6.26080799103], [-643.423034668, 154.784454346, 1.95373213291, -20.3720283508, 15.9354162216, 67.8759384155, 229.45741272, 101.484481812, 53.7999229431, 21.545917511, 16.3733139038, 12.1483230591, 17.6703605652], [-693.00592041, 343.851043701, -153.297668457, -56.8155937195, 143.454101562, 10.1233501434, 101.484481812, 254.592193604, 44.7343521118, -14.4279899597, 38.7732925415, 26.8760166168, 23.6667785645], [-280.637969971, 62.5771751404, -55.513469696, -0.164504170418, 29.4896717072, 33.2296638489, 53.7999229431, 44.7343521118, 135.602890015, 32.6946220398, 0.0340849384665, 4.10443973541, 6.8489780426], [-26.0336551666, -54.4050979614, -54.4460754395, 44.2032775879, 0.562287509441, 5.15128087997, 21.545917511, -14.4279899597, 32.6946220398, 123.328910828, -11.079618454, -11.6133508682, 13.3583307266], [-50.0119590759, 53.19190979, -24.2158622742, -32.0985450745, 16.0620117188, 0.576639294624, 16.3733139038, 38.7732925415, 0.0340849384665, -11.079618454, 119.121231079, -3.9173476696, -18.0398292542], [-103.329605103, 49.4413261414, 29.8286819458, -2.31907701492, 27.5996284485, -3.92624258995, 12.1483230591, 26.8760166168, 4.10443973541, -11.6133508682, -3.9173476696, 87.8784255981, 27.0437049866], [-155.957351685, 97.7906494141, -6.28678655624, -8.77783966064, 28.9406318665, -6.26080799103, 17.6703605652, 23.6667785645, 6.8489780426, 13.3583307266, -18.0398292542, 27.0437049866, 78.5534133911]],
