{
"lowlevel": {
    "average_loudness": 0.958244502544,
    "barkbands_crest": {
        "dmean": 2.14094185829,
        "dmean2": 3.34200024605,
        "dvar": 4.5903301239,
        "dvar2": 11.733707428,
        "max": 24.4367332458,
        "mean": 10.5398921967,
        "median": 9.61724662781,
        "min": 3.63774299622,
        "var": 16.4915771484
    },
    "barkbands_flatness_db": {
        "dmean": 0.018989097327,
        "dmean2": 0.0283452607691,
        "dvar": 0.000360927777365,
        "dvar2": 0.000736100773793,
        "max": 0.398848325014,
        "mean": 0.205994054675,
        "median": 0.203649610281,
        "min": 0.0528394021094,
        "var": 0.00220002164133
    },
    "barkbands_kurtosis": {
        "dmean": 2.75776052475,
        "dmean2": 4.07657623291,
        "dvar": 26.3843631744,
        "dvar2": 54.9801101685,
        "max": 85.486038208,
        "mean": 5.72616577148,
        "median": 3.4256067276,
        "min": -1.92459583282,
        "var": 71.7816925049
    },
    "barkbands_skewness": {
        "dmean": 0.485846459866,
        "dmean2": 0.656791806221,
        "dvar": 0.39364528656,
        "dvar2": 0.624164640903,
        "max": 7.38987874985,
        "mean": 1.47888815403,
        "median": 1.33427166939,
        "min": -3.6672399044,
        "var": 1.8399336338
    },
    "barkbands_spread": {
        "dmean": 4.28037691116,
        "dmean2": 6.41908740997,
        "dvar": 68.3323745728,
        "dvar2": 142.158599854,
        "max": 94.0347518921,
        "mean": 14.8267021179,
        "median": 10.119181633,
        "min": 0.897585868835,
        "var": 218.174591064
    },
    "dissonance": {
        "dmean": 0.028853174299,
        "dmean2": 0.0479984357953,
        "dvar": 0.000745614583138,
        "dvar2": 0.00205635023303,
        "max": 0.499584883451,
        "mean": 0.426784723997,
        "median": 0.433614760637,
        "min": 0.203153058887,
        "var": 0.00218287087046
    },
    "dynamic_complexity": 3.13882303238,
    "erbbands_crest": {
        "dmean": 2.65832829475,
        "dmean2": 4.12994766235,
        "dvar": 6.93938350677,
        "dvar2": 16.8285560608,
        "max": 28.3448963165,
        "mean": 11.2057991028,
        "median": 10.6716194153,
        "min": 2.96399283409,
        "var": 21.8460674286
    },
    "erbbands_flatness_db": {
        "dmean": 0.0161682199687,
        "dmean2": 0.0224975589663,
        "dvar": 0.000295863050269,
        "dvar2": 0.000561336870305,
        "max": 0.352087706327,
        "mean": 0.228027626872,
        "median": 0.228942617774,
        "min": 0.103775024414,
        "var": 0.00224668136798
    },
    "erbbands_kurtosis": {
        "dmean": 1.45819830894,
        "dmean2": 2.18846774101,
        "dvar": 4.95913267136,
        "dvar2": 11.9270124435,
        "max": 30.9062805176,
        "mean": 2.68062949181,
        "median": 1.5429649353,
        "min": -1.78127253056,
        "var": 13.3676795959
    },
    "erbbands_skewness": {
        "dmean": 0.375928401947,
        "dmean2": 0.533704161644,
        "dvar": 0.207576900721,
        "dvar2": 0.339284002781,
        "max": 4.96836042404,
        "mean": 0.768416643143,
        "median": 0.864984810352,
        "min": -4.27459001541,
        "var": 1.03922522068
    },
    "erbbands_spread": {
        "dmean": 6.85186195374,
        "dmean2": 9.79757213593,
        "dvar": 114.976104736,
        "dvar2": 250.673171997,
        "max": 114.133682251,
        "mean": 27.4826717377,
        "median": 21.5960617065,
        "min": 3.97403264046,
        "var": 403.77835083
    },
    "hfc": {
        "dmean": 8.00689506531,
        "dmean2": 10.4580335617,
        "dvar": 472.220306396,
        "dvar2": 634.502929688,
        "max": 447.073699951,
        "mean": 26.5255527496,
        "median": 17.2710494995,
        "min": 1.12797365883e-16,
        "var": 1774.45922852
    },
    "melbands_crest": {
        "dmean": 2.65988278389,
        "dmean2": 4.17310905457,
        "dvar": 7.72328424454,
        "dvar2": 18.2435398102,
        "max": 32.2155456543,
        "mean": 13.4253883362,
        "median": 12.0020494461,
        "min": 2.1144361496,
        "var": 30.3864440918
    },
    "melbands_flatness_db": {
        "dmean": 0.0210921186954,
        "dmean2": 0.0285172238946,
        "dvar": 0.000579892424867,
        "dvar2": 0.000916680844966,
        "max": 0.442244619131,
        "mean": 0.225143536925,
        "median": 0.228443235159,
        "min": 0.00864198151976,
        "var": 0.00419083423913
    },
    "melbands_kurtosis": {
        "dmean": 4.5010008812,
        "dmean2": 6.77767658234,
        "dvar": 61.6194992065,
        "dvar2": 139.879196167,
        "max": 96.0456542969,
        "mean": 9.34422874451,
        "median": 4.79153966904,
        "min": -1.91457569599,
        "var": 148.94682312
    },
    "melbands_skewness": {
        "dmean": 0.546235859394,
        "dmean2": 0.772853136063,
        "dvar": 0.475118666887,
        "dvar2": 0.949577093124,
        "max": 7.96362113953,
        "mean": 1.8835464716,
        "median": 1.59527182579,
        "min": -1.10242080688,
        "var": 2.15307927132
    },
    "melbands_spread": {
        "dmean": 7.12963199615,
        "dmean2": 10.2702531815,
        "dvar": 392.018554688,
        "dvar2": 616.22454834,
        "max": 248.322189331,
        "mean": 23.4403514862,
        "median": 13.6486110687,
        "min": 1.33827865124,
        "var": 1402.9050293
    },
    "pitch_salience": {
        "dmean": 0.0604066178203,
        "dmean2": 0.0928691551089,
        "dvar": 0.00314121856354,
        "dvar2": 0.00741113908589,
        "max": 0.832971632481,
        "mean": 0.591191470623,
        "median": 0.602831363678,
        "min": 0.204595506191,
        "var": 0.0136087071151
    },
    "silence_rate_20dB": {
        "dmean": 0,
        "dmean2": 0,
        "dvar": 0,
        "dvar2": 0,
        "max": 1,
        "mean": 1,
        "median": 1,
        "min": 1,
        "var": 0
    },
    "silence_rate_30dB": {
        "dmean": 0,
        "dmean2": 0,
        "dvar": 0,
        "dvar2": 0,
        "max": 1,
        "mean": 1,
        "median": 1,
        "min": 1,
        "var": 0
    },
    "silence_rate_60dB": {
        "dmean": 0.00464396271855,
        "dmean2": 0.00929511990398,
        "dvar": 0.00462229270488,
        "dvar2": 0.0107582733035,
        "max": 1,
        "mean": 0.0734725445509,
        "median": 0,
        "min": 0,
        "var": 0.0680738985538
    },
    "spectral_centroid": {
        "dmean": 200.370742798,
        "dmean2": 274.542205811,
        "dvar": 215970.203125,
        "dvar2": 274275.34375,
        "max": 10804.8515625,
        "mean": 1023.31707764,
        "median": 781.70904541,
        "min": 237.605361938,
        "var": 734048
    },
    "spectral_complexity": {
        "dmean": 2.6222910881,
        "dmean2": 4.05732011795,
        "dvar": 8.13596343994,
        "dvar2": 15.5397148132,
        "max": 48,
        "mean": 15.6829080582,
        "median": 15,
        "min": 0,
        "var": 53.3858528137
    },
    "spectral_decrease": {
        "dmean": 1.47464129796e-09,
        "dmean2": 2.18219420312e-09,
        "dvar": 3.74731180896e-18,
        "dvar2": 7.57715804508e-18,
        "max": -7.52876769955e-29,
        "mean": -7.07333036587e-09,
        "median": -6.86081458312e-09,
        "min": -3.39803953864e-08,
        "var": 2.03627646962e-17
    },
    "spectral_energy": {
        "dmean": 0.0060993861407,
        "dmean2": 0.00894121266901,
        "dvar": 6.07937290624e-05,
        "dvar2": 0.00012307378347,
        "max": 0.134573385119,
        "mean": 0.0291023552418,
        "median": 0.0287362765521,
        "min": 1.05152120352e-20,
        "var": 0.00032014658791
    },
    "spectral_energyband_high": {
        "dmean": 0.000671981368214,
        "dmean2": 0.000820689543616,
        "dvar": 7.79819038144e-06,
        "dvar2": 9.897496966e-06,
        "max": 0.0583090111613,
        "mean": 0.00139809516259,
        "median": 0.000153178203618,
        "min": 7.50287550709e-21,
        "var": 2.98832474073e-05
    },
    "spectral_energyband_low": {
        "dmean": 0.00118099327665,
        "dmean2": 0.00193936703727,
        "dvar": 4.61699437437e-06,
        "dvar2": 1.20643953778e-05,
        "max": 0.0324327163398,
        "mean": 0.00316631095484,
        "median": 0.00116679561324,
        "min": 2.87154583396e-23,
        "var": 1.82464882528e-05
    },
    "spectral_energyband_middle_high": {
        "dmean": 0.00152233941481,
        "dmean2": 0.00213431124575,
        "dvar": 5.94178300162e-06,
        "dvar2": 1.21119646792e-05,
        "max": 0.0375960767269,
        "mean": 0.00509126996621,
        "median": 0.00337148434483,
        "min": 1.67111748901e-21,
        "var": 3.0021992643e-05
    },
    "spectral_energyband_middle_low": {
        "dmean": 0.00510131753981,
        "dmean2": 0.00748177058995,
        "dvar": 5.22411028214e-05,
        "dvar2": 0.000106609397335,
        "max": 0.130562067032,
        "mean": 0.0207129009068,
        "median": 0.0189624819905,
        "min": 3.85258890669e-22,
        "var": 0.000244032067712
    },
    "spectral_entropy": {
        "dmean": 0.16131003201,
        "dmean2": 0.208641514182,
        "dvar": 0.0382519587874,
        "dvar2": 0.0512572936714,
        "max": 9.78949165344,
        "mean": 7.10424137115,
        "median": 7.01168251038,
        "min": 5.35892438889,
        "var": 0.305921703577
    },
    "spectral_flux": {
        "dmean": 0.0196343623102,
        "dmean2": 0.0305993705988,
        "dvar": 0.000492376915645,
        "dvar2": 0.00109764956869,
        "max": 0.291404604912,
        "mean": 0.0666264295578,
        "median": 0.0579088814557,
        "min": 1.02543709635e-10,
        "var": 0.00172802025918
    },
    "spectral_kurtosis": {
        "dmean": 2.78498792648,
        "dmean2": 4.60016393661,
        "dvar": 11.0827198029,
        "dvar2": 29.4493999481,
        "max": 41.8514099121,
        "mean": 6.85916137695,
        "median": 6.0447435379,
        "min": -1.25538504124,
        "var": 30.8123283386
    },
    "spectral_rms": {
        "dmean": 0.000551085395273,
        "dmean2": 0.000789799203631,
        "dvar": 3.93579114188e-07,
        "dvar2": 7.48448428567e-07,
        "max": 0.0114582329988,
        "mean": 0.00497126579285,
        "median": 0.00529484590515,
        "min": 3.20292728971e-12,
        "var": 3.67900975107e-06
    },
    "spectral_rolloff": {
        "dmean": 418.596832275,
        "dmean2": 683.876037598,
        "dvar": 1528075,
        "dvar2": 2639069,
        "max": 18453.9550781,
        "mean": 1493.11462402,
        "median": 839.794921875,
        "min": 193.798828125,
        "var": 4378464.5
    },
    "spectral_skewness": {
        "dmean": 0.307009726763,
        "dmean2": 0.459407120943,
        "dvar": 0.0923269018531,
        "dvar2": 0.198750585318,
        "max": 4.50885486603,
        "mean": 1.93578910828,
        "median": 2.00335717201,
        "min": -0.310300946236,
        "var": 0.599804759026
    },
    "spectral_spread": {
        "dmean": 510051.15625,
        "dmean2": 669900.375,
        "dvar": 1.33163371725e+12,
        "dvar2": 1.44540526182e+12,
        "max": 40134256,
        "mean": 3878553.75,
        "median": 3375632,
        "min": 1156912.25,
        "var": 3.99843105178e+12
    },
    "spectral_strongpeak": {
        "dmean": 0.641155719757,
        "dmean2": 1.07773089409,
        "dvar": 1.56971037388,
        "dvar2": 4.14157676697,
        "max": 16.7136039734,
        "mean": 1.68547904491,
        "median": 1.12177824974,
        "min": 1.18357768031e-09,
        "var": 2.72881984711
    },
    "zerocrossingrate": {
        "dmean": 0.011617465876,
        "dmean2": 0.0117652714252,
        "dvar": 0.00058191671269,
        "dvar2": 0.000416376773501,
        "max": 0.50732421875,
        "mean": 0.0568830668926,
        "median": 0.03759765625,
        "min": 0.0087890625,
        "var": 0.00375862512738
    },
    "barkbands": {
        "dmean": [1.9337867343e-06, 0.000143262455822, 0.000678599462844, 0.00120229960885, 0.00168597162701, 0.00108585949056, 0.00146822363604, 0.00157361838501, 0.00163970619906, 0.000782735121902, 0.000378070777515, 0.000328239519149, 0.000186861594557, 0.000220861038542, 0.000174304383108, 0.000123932928545, 0.000115246562927, 9.18673249544e-05, 7.78853063821e-05, 7.70355036366e-05, 8.34225502331e-05, 7.17713191989e-05, 0.000186784862308, 0.000326725421473, 9.34580311878e-05, 6.15601436493e-08, 1.14221210268e-09],
        "dmean2": [3.39975417774e-06, 0.000235815154156, 0.00113421271089, 0.00188559154049, 0.00259381067008, 0.00169709685724, 0.00224267179146, 0.00238301302306, 0.00222651916556, 0.00109410751611, 0.000564999179915, 0.000475504115457, 0.000280803476926, 0.000346154905856, 0.000276761682471, 0.0001966367563, 0.000184441261808, 0.000135221096571, 0.000123820907902, 0.00011896504293, 0.000116014787636, 9.29248999455e-05, 0.000236797321122, 0.000428749364801, 0.000133110283059, 9.43414733001e-08, 2.09499573245e-09],
        "dvar": [2.52048260735e-11, 2.386902338e-07, 1.69037332398e-06, 5.41598456039e-06, 1.19112346511e-05, 4.18324907514e-06, 2.90738917101e-05, 1.51870026457e-05, 1.01279310911e-05, 2.57659485214e-06, 1.06468780814e-06, 5.82646976e-07, 1.45201482837e-07, 3.2331172406e-07, 1.39666553878e-07, 1.53630267619e-07, 5.68690659009e-08, 5.90947486501e-08, 8.80748984855e-08, 8.01821826713e-08, 1.30763723405e-07, 1.00925056756e-07, 9.67378468886e-07, 2.04363300327e-06, 1.65747948699e-07, 7.87704049123e-14, 2.31374039219e-18],
        "dvar2": [7.04822172848e-11, 4.87157251428e-07, 4.40005123892e-06, 1.28646797748e-05, 2.59145945165e-05, 1.00468005257e-05, 7.18199153198e-05, 3.60370249837e-05, 1.81476152648e-05, 4.67630161438e-06, 2.50075981967e-06, 1.16391311167e-06, 3.09714238256e-07, 8.33784099541e-07, 3.51941338295e-07, 4.13663627796e-07, 1.46727842321e-07, 9.738285911e-08, 2.21182617111e-07, 1.77996497541e-07, 2.27732670055e-07, 1.41445241297e-07, 1.50972266511e-06, 3.5671155274e-06, 3.15126783335e-07, 1.85167595775e-13, 7.3217685125e-18],
        "max": [8.25737879495e-05, 0.0157364923507, 0.0167240332812, 0.0321386866271, 0.0575204119086, 0.0247827898711, 0.121752381325, 0.0594554878771, 0.0461394526064, 0.0252449810505, 0.0189201645553, 0.0115112485364, 0.00594487413764, 0.00919320993125, 0.00531335407868, 0.00768545735627, 0.00410983152688, 0.00781877152622, 0.00647301087156, 0.00894154235721, 0.00933662801981, 0.00914623215795, 0.0242890845984, 0.0284068044275, 0.00704381708056, 5.82791017223e-06, 1.02758086484e-08],
        "mean": [1.64550692716e-06, 0.000319471204421, 0.00174726301339, 0.00284785008989, 0.00471450388432, 0.00242036767304, 0.00253685750067, 0.00297806784511, 0.00484961038455, 0.00186449137982, 0.000748353020754, 0.000669746194035, 0.000398522126488, 0.000441615789896, 0.000358835590305, 0.000215566760744, 0.00022021564655, 0.000172218569787, 0.000126382597955, 0.000131333159516, 0.00014850878506, 0.000125756734633, 0.000307132606395, 0.000602780317422, 0.000155166257173, 8.6067664995e-08, 9.56357992798e-10],
        "median": [3.55826671239e-07, 3.89532760892e-05, 0.000355457159458, 0.00142710551154, 0.00214240257628, 0.00160926941317, 0.000633573450614, 0.000983329955488, 0.0011851680465, 0.000638275290839, 0.000230575271416, 0.000242875190452, 0.000172067942913, 0.000105122548121, 0.000121401033539, 8.64991961862e-05, 0.000102149366285, 7.89184414316e-05, 4.53367829323e-05, 4.33894674643e-05, 2.16050393647e-05, 7.32870785214e-06, 2.74318008451e-05, 3.75236886612e-05, 7.68096106185e-06, 5.87054671541e-09, 3.66918773143e-10],
        "min": [1.12160677378e-24, 7.81263306957e-24, 1.44579902354e-23, 2.62462889964e-23, 1.13913281762e-22, 1.74414779562e-23, 3.07922672012e-23, 5.88425106939e-23, 8.54822803543e-23, 1.14303218863e-22, 1.17929631377e-22, 9.0935902984e-23, 3.54063966774e-23, 9.23692695597e-23, 1.8044226379e-22, 1.72397548631e-22, 1.88784272225e-22, 1.75776990884e-22, 2.73955034564e-22, 4.05525042869e-22, 6.19769617794e-22, 5.19166805018e-22, 6.89418235469e-22, 7.49242417295e-22, 1.21941416958e-21, 1.33114040075e-21, 2.40860130974e-21],
        "var": [1.91578784087e-11, 6.56741917737e-07, 7.92817536421e-06, 1.71355750354e-05, 5.76525162614e-05, 8.131028153e-06, 4.11161890952e-05, 2.72715624305e-05, 5.54252364964e-05, 9.92205514194e-06, 2.69717293122e-06, 1.78626066827e-06, 4.41987367594e-07, 7.33492697691e-07, 3.64440893463e-07, 1.6420985105e-07, 1.19398549714e-07, 2.09016320696e-07, 1.52332049197e-07, 1.99393653588e-07, 3.88266840901e-07, 3.4818120298e-07, 2.51367350756e-06, 6.25298616796e-06, 4.11500110431e-07, 1.37603917518e-13, 2.02861661171e-18]
    },
    "erbbands": {
        "dmean": [0.000853905570693, 0.0500512123108, 0.578736245632, 2.37311530113, 5.33434963226, 5.83193397522, 5.7240447998, 10.5520925522, 17.9283313751, 22.316570282, 37.0770187378, 37.3222961426, 28.555437088, 23.33111763, 12.4817066193, 11.5403003693, 7.91720676422, 11.3447027206, 8.7917432785, 7.75097513199, 5.6692814827, 5.51618242264, 5.2833571434, 3.73815345764, 4.23430299759, 3.47494721413, 3.01387190819, 3.26570820808, 2.56280779839, 2.99678707123, 5.94680738449, 7.76086139679, 4.76871967316, 1.95847213268, 0.194578424096, 0.00826442986727, 0.000369727466023, 4.40447765868e-05, 1.16393794087e-05, 9.76467254077e-06],
        "dmean2": [0.00136698188726, 0.0814572200179, 0.957065939903, 3.8311817646, 7.93279886246, 9.30132484436, 9.21830463409, 16.2806529999, 27.102394104, 34.1963386536, 55.0283889771, 51.9259605408, 38.8704376221, 31.937505722, 18.7569236755, 16.7636909485, 11.8018817902, 17.6580181122, 13.6929073334, 12.2732038498, 8.98605632782, 8.66496944427, 7.9116268158, 5.66320943832, 6.62045001984, 5.18218660355, 4.20274877548, 4.48384237289, 3.29901194572, 3.82186365128, 7.6545085907, 10.440290451, 6.67993879318, 2.67379212379, 0.293653100729, 0.0122890621424, 0.000526048359461, 6.02387481194e-05, 1.57412978297e-05, 1.3720365132e-05],
        "dvar": [6.17230443822e-06, 0.0251771844923, 1.56134831905, 19.3612785339, 92.9744338989, 240.129547119, 130.513336182, 477.93838501, 3845.25805664, 6760.56201172, 7855.18945312, 6731.41113281, 3612.32861328, 2295.50537109, 1326.35437012, 853.258728027, 261.278167725, 990.085144043, 284.762542725, 533.195068359, 149.921157837, 134.697006226, 155.940368652, 207.121688843, 280.306854248, 169.657989502, 161.814453125, 201.240707397, 141.701782227, 170.924255371, 1063.81970215, 1342.34423828, 515.823730469, 74.2043380737, 0.750999331474, 0.00132350134663, 2.53645043813e-06, 3.62134393583e-08, 1.72680891808e-09, 3.2043870335e-10],
        "dvar2": [1.21859138744e-05, 0.0517848730087, 3.61077475548, 49.6437187195, 177.822601318, 618.752929688, 335.637695312, 1143.06994629, 8762.85742188, 17162.7148438, 18483.7226562, 12975.1699219, 6575.98681641, 4205.89941406, 3399.66723633, 1734.63110352, 521.624694824, 2576.20922852, 693.88671875, 1427.04882812, 382.043670654, 333.001403809, 276.887207031, 446.753540039, 722.343505859, 311.614532471, 262.289733887, 322.114257812, 228.809310913, 231.822113037, 1768.36791992, 2229.14550781, 1042.80639648, 140.097503662, 1.55235826969, 0.0026739446912, 4.58052591057e-06, 5.91856554877e-08, 2.64806576666e-09, 5.14735920554e-10],
        "max": [0.0757023021579, 4.8538479805, 22.4476699829, 60.0853309631, 204.063751221, 294.986236572, 141.267059326, 241.358016968, 922.005737305, 1902.984375, 1629.50024414, 1236.51147461, 1154.60559082, 1029.88952637, 875.088745117, 507.992156982, 299.885864258, 514.343017578, 299.574859619, 388.269561768, 189.485733032, 174.699447632, 379.609100342, 388.211975098, 416.404266357, 421.538116455, 436.350372314, 345.408752441, 300.820220947, 346.719818115, 832.90234375, 921.39239502, 504.704071045, 156.873748779, 13.3154058456, 0.575723826885, 0.0257961917669, 0.00307097425684, 0.000705645128619, 0.000329862756189],
        "mean": [0.00201658648439, 0.132557138801, 1.78224563599, 5.69780397415, 16.2299785614, 13.243057251, 13.2790260315, 22.1593036652, 33.4940185547, 43.061164856, 76.615776062, 103.729629517, 81.7106704712, 59.3451957703, 28.0434608459, 23.8340034485, 18.249458313, 24.7079792023, 19.8684062958, 14.8947095871, 11.7256145477, 11.1981830597, 10.3697242737, 6.42810535431, 7.19318437576, 6.13191843033, 5.36206293106, 5.93688201904, 4.46567201614, 4.99809169769, 9.78592014313, 13.6797523499, 8.71129131317, 3.30707502365, 0.292995512486, 0.0127704562619, 0.000648166926112, 8.57446502778e-05, 3.31052578986e-05, 3.99246018787e-05],
        "median": [0.000608716567513, 0.0204927921295, 0.374112665653, 3.20308494568, 7.865254879, 4.76189565659, 7.92411994934, 13.3580751419, 9.36269950867, 18.1641025543, 38.3554458618, 30.7027549744, 27.0894813538, 21.1126823425, 12.5728540421, 10.1282129288, 8.6870174408, 6.26099634171, 7.00006484985, 6.25882577896, 5.57606267929, 5.1166434288, 5.35377216339, 2.63283610344, 2.79487943649, 2.12660288811, 0.987035214901, 0.607729196548, 0.23215828836, 0.527307331562, 0.802345216274, 0.835934281349, 0.540404677391, 0.184299349785, 0.00587191199884, 0.000328109948896, 4.03547055612e-05, 8.41099790705e-06, 1.82012554433e-05, 3.53193099727e-05],
        "min": [4.01553803476e-22, 1.26719869317e-21, 1.02850789182e-20, 5.36985200336e-20, 3.18166828361e-19, 2.46656185526e-19, 3.56101796541e-19, 9.9872255583e-20, 3.36296559436e-19, 5.26584108529e-19, 1.87253321359e-18, 1.63664415376e-18, 4.13211953864e-18, 2.15553341464e-18, 6.64471952676e-18, 2.66817653132e-18, 1.41104946004e-18, 2.80614446723e-18, 8.69270209098e-18, 1.0868782672e-17, 1.10929899771e-17, 1.01380571092e-17, 1.10966684492e-17, 1.12509698935e-17, 1.68790025566e-17, 1.66512764252e-17, 1.92126378833e-17, 2.66827786094e-17, 2.00938350442e-17, 2.08264887651e-17, 1.83213805518e-17, 1.26365081729e-17, 1.43406962766e-17, 1.07558336409e-17, 1.01696380378e-17, 5.46423311738e-18, 2.25553024492e-18, 1.40192700206e-18, 3.4127763429e-19, 3.27211712317e-20],
        "var": [1.7061818653e-05, 0.0828739926219, 8.79147529602, 55.8750495911, 609.194702148, 654.39239502, 262.220794678, 873.497497559, 7282.33740234, 7872.12939453, 14606.3144531, 27822.7539062, 17443.0761719, 11112.3417969, 2671.16699219, 2351.10913086, 851.970153809, 2251.36035156, 996.883789062, 630.490844727, 283.115570068, 295.211853027, 497.600067139, 398.968688965, 546.099365234, 476.022033691, 498.97366333, 645.364685059, 438.085845947, 526.092041016, 2575.63623047, 4028.32250977, 1276.90710449, 185.225692749, 1.73414969444, 0.00317455688491, 7.04689091435e-06, 1.11673536196e-07, 5.65196822677e-09, 1.20764998002e-09]
    },
    "gfcc": {
        "mean": [-45.829864502, 130.465301514, -149.16065979, 20.6683101654, -91.6978149414, 7.1723279953, -50.0147171021, -2.55461668968, -16.53947258, -33.5659561157, -2.44563174248, -34.5812683105, 0.843208968639],
        "cov": [[8235.78222656, -845.60345459, 101.883270264, 372.409881592, -351.348724365, 575.191101074, -118.2943573, 331.777038574, -132.718200684, 106.231788635, -132.873916626, -169.669967651, -58.3583030701], [-845.60345459, 1869.23840332, -417.869812012, -513.971618652, 517.623474121, -351.588653564, 317.526885986, -139.512985229, 123.908859253, -224.813949585, 169.897003174, -137.701751709, -2.45943403244], [101.883270264, -417.869812012, 585.589782715, 291.826019287, -105.592453003, 200.50958252, -64.778968811, 48.7636795044, -31.0145053864, 49.3055763245, -51.7490386963, 70.7708816528, -18.4201812744], [372.409881592, -513.971618652, 291.826019287, 601.26171875, -27.1126079559, 149.135818481, -50.2928581238, 16.2950458527, 50.6559944153, 84.3799209595, -35.2644195557, 86.3200912476, -24.2571601868], [-351.348724365, 517.623474121, -105.592453003, -27.1126079559, 385.759765625, -11.6279087067, 95.0238037109, -1.55403912067, 58.646812439, -7.6710691452, 22.3481407166, -52.8123893738, 6.53352308273], [575.191101074, -351.588653564, 200.50958252, 149.135818481, -11.6279087067, 385.291564941, 12.3303785324, 95.2369918823, -8.67225646973, 66.3797912598, -50.1326828003, 13.3335580826, -32.0832328796], [-118.2943573, 317.526885986, -64.778968811, -50.2928581238, 95.0238037109, 12.3303785324, 285.621948242, 3.60985636711, 12.3146572113, -43.7571487427, 30.5304012299, 3.68855714798, -10.4248466492], [331.777038574, -139.512985229, 48.7636795044, 16.2950458527, -1.55403912067, 95.2369918823, 3.60985636711, 150.877655029, -22.5941371918, 25.0517635345, -26.5034923553, -22.8934860229, 5.30227231979], [-132.718200684, 123.908859253, -31.0145053864, 50.6559944153, 58.646812439, -8.67225646973, 12.3146572113, -22.5941371918, 137.022537231, -2.58691048622, 24.9034404755, 18.520532608, -30.7421913147], [106.231788635, -224.813949585, 49.3055763245, 84.3799209595, -7.6710691452, 66.3797912598, -43.7571487427, 25.0517635345, -2.58691048622, 137.505813599, -25.6803703308, 2.41881108284, 14.7604160309], [-132.873916626, 169.897003174, -51.7490386963, -35.2644195557, 22.3481407166, -50.1326828003, 30.5304012299, -26.5034923553, 24.9034404755, -25.6803703308, 103.069129944, 18.4637336731, -19.4568443298], [-169.669967651, -137.701751709, 70.7708816528, 86.3200912476, -52.8123893738, 13.3335580826, 3.68855714798, -22.8934860229, 18.520532608, 2.41881108284, 18.4637336731, 106.620826721, -1.97286510468], [-58.3583030701, -2.45943403244, -18.4201812744, -24.2571601868, 6.53352308273, -32.0832328796, -10.4248466492, 5.30227231979, -30.7421913147, 14.7604160309, -19.4568443298, -1.97286510468, 73.143913269]],
        "icov": [[0.000175634952029, -0.000140556308907, 0.0001800351165, -0.000259176595137, 0.00035447452683, -0.000299913052004, 0.000105188541056, -0.000274454097962, 0.000173170235939, -2.34152703342e-05, 4.56197631138e-05, 0.000302551547065, 6.4268897404e-05], [-0.000140556308907, 0.00318907387555, -0.000888331735041, 0.00186838733498, -0.00316893612035, 0.00149824400432, -0.00188328581862, 0.00169693061616, -0.00206908304244, 0.00226555904374, -0.00237060245126, 0.00234540225938, -0.00095434486866], [0.0001800351165, -0.000888331735041, 0.00323682650924, -0.00168412690982, 0.00130349141546, -0.00153737782966, 0.000959700031672, -0.000888476031832, 0.00160375377163, -0.000245224015089, 0.00116721040104, -0.00149267772213, 0.000774578016717], [-0.000259176595137, 0.00186838733498, -0.00168412690982, 0.00400890782475, -0.0023622920271, 0.000927804561798, -0.000936148280744, 0.0012569706887, -0.00224155769683, 0.00014203984756, -0.000637164339423, -0.000614555727225, -2.00533577299e-06], [0.00035447452683, -0.00316893612035, 0.00130349141546, -0.0023622920271, 0.00698884529993, -0.00205545732751, 0.000797336688265, -0.00174045888707, 0.00038783432683, -0.00218525342643, 0.00148718443234, 0.000550693890546, -0.000550499884412], [-0.000299913052004, 0.00149824400432, -0.00153737782966, 0.000927804561798, -0.00205545732751, 0.00536248274148, -0.00152321055066, -0.000961856276263, -0.000769331352785, -0.000507197109982, 0.000384368933737, 7.67524994671e-08, 0.00200125691481], [0.000105188541056, -0.00188328581862, 0.000959700031672, -0.000936148280744, 0.000797336688265, -0.00152321055066, 0.00541505217552, -0.00136000756174, 0.00161637587007, -6.64524195599e-05, 0.000732596206944, -0.00242730416358, 0.000905020046048], [-0.000274454097962, 0.00169693061616, -0.000888476031832, 0.0012569706887, -0.00174045888707, -0.000961856276263, -0.00136000756174, 0.00971725210547, -0.000663780607283, 0.000651444133837, -0.000880648382008, 0.002940248698, -0.00169889233075], [0.000173170235939, -0.00206908304244, 0.00160375377163, -0.00224155769683, 0.00038783432683, -0.000769331352785, 0.00161637587007, -0.000663780607283, 0.0114515693858, -0.00176727643702, 0.000933433126193, -0.00357556482777, 0.00495704775676], [-2.34152703342e-05, 0.00226555904374, -0.000245224015089, 0.00014203984756, -0.00218525342643, -0.000507197109982, -6.64524195599e-05, 0.000651444133837, -0.00176727643702, 0.0110187064856, -0.00128099136055, 0.00227771489881, -0.00328679638915], [4.56197631138e-05, -0.00237060245126, 0.00116721040104, -0.000637164339423, 0.00148718443234, 0.000384368933737, 0.000732596206944, -0.000880648382008, 0.000933433126193, -0.00128099136055, 0.0147586781532, -0.00537618249655, 0.00467506889254], [0.000302551547065, 0.00234540225938, -0.00149267772213, -0.000614555727225, 0.000550693890546, 7.67524994671e-08, -0.00242730416358, 0.002940248698, -0.00357556482777, 0.00227771489881, -0.00537618249655, 0.0167959686369, -0.00380723248236], [6.4268897404e-05, -0.00095434486866, 0.000774578016717, -2.00533577299e-06, -0.000550499884412, 0.00200125691481, 0.000905020046048, -0.00169889233075, 0.00495704775676, -0.00328679638915, 0.00467506889254, -0.00380723248236, 0.01895201765]]
    },
    "melbands": {
        "dmean": [2.11666374526e-05, 0.00022310258646, 0.000491107290145, 0.00041190176853, 0.000198354871827, 0.000232991355006, 0.00028402110911, 0.000262869143626, 0.000296144164167, 0.000235466679442, 0.00014665274648, 0.000101656652987, 4.81505812786e-05, 4.30367981608e-05, 2.08124547498e-05, 1.7870686861e-05, 2.18528166442e-05, 1.43658480738e-05, 1.2101694665e-05, 1.06617862912e-05, 6.73618251312e-06, 6.25407710686e-06, 6.71538282404e-06, 3.91125922761e-06, 3.09682559418e-06, 3.14013323077e-06, 3.22144296661e-06, 2.26091196964e-06, 2.04176285479e-06, 2.09861218536e-06, 1.90350442608e-06, 1.47703792663e-06, 1.54438384925e-06, 1.83391205155e-06, 3.24484972225e-06, 4.7240373533e-06, 5.29772796654e-06, 3.79466814593e-06, 2.59744319919e-06, 1.48673336753e-06],
        "dmean2": [3.46534798155e-05, 0.000368914741557, 0.00076103489846, 0.000634447031189, 0.000322043721098, 0.00036220884067, 0.000425184203777, 0.000398155738367, 0.000436546688434, 0.000327973888488, 0.00020091800252, 0.00014087355521, 7.24620040273e-05, 6.29458154435e-05, 3.1115814636e-05, 2.70630571322e-05, 3.44452091667e-05, 2.25663407036e-05, 1.89954553207e-05, 1.73329663085e-05, 1.08559070213e-05, 9.91764409264e-06, 1.05618128146e-05, 5.50739241589e-06, 4.81355209558e-06, 4.99231373396e-06, 5.31737669007e-06, 3.33164416588e-06, 2.98147188005e-06, 2.9775069379e-06, 2.66096390078e-06, 1.97471649699e-06, 2.05048831958e-06, 2.45571163759e-06, 4.24491418016e-06, 6.19909860688e-06, 7.37407344786e-06, 5.54163489142e-06, 3.61901675205e-06, 2.12735221794e-06],
        "dvar": [5.108617529e-09, 2.43302764602e-07, 6.92863295626e-07, 8.12105781733e-07, 1.37067729611e-07, 2.46264050929e-07, 9.07245805593e-07, 6.58644125906e-07, 4.63613986312e-07, 2.40269940832e-07, 9.11877364729e-08, 4.31553317526e-08, 1.731201138e-08, 1.1161482405e-08, 2.44574338559e-09, 1.24011589886e-09, 4.08923783723e-09, 7.14891368325e-10, 9.1788515677e-10, 1.47658729688e-09, 1.5855763924e-10, 1.83518644725e-10, 2.82855655565e-10, 1.20965376604e-10, 1.56422624853e-10, 1.30012556276e-10, 1.83405582388e-10, 7.18710924108e-11, 8.96377555515e-11, 9.60141202655e-11, 6.8833355682e-11, 5.00806965342e-11, 4.77934740395e-11, 7.31557869837e-11, 3.210470223e-10, 6.1138144547e-10, 6.3896460345e-10, 3.09757636208e-10, 1.75712111528e-10, 4.23695627194e-11],
        "dvar2": [1.0261758554e-08, 5.59370448627e-07, 1.66868187534e-06, 1.74345586856e-06, 3.59040058129e-07, 5.78452898026e-07, 2.09680843e-06, 1.63441575296e-06, 1.09118616365e-06, 4.64289968249e-07, 1.63804301678e-07, 7.99290233999e-08, 4.19677981256e-08, 2.25329213066e-08, 5.36372546378e-09, 2.6394892938e-09, 1.06898498942e-08, 1.76571790522e-09, 2.3561135265e-09, 4.03048039388e-09, 3.83458514941e-10, 4.49585119133e-10, 6.43557318547e-10, 1.6015620774e-10, 3.57362250902e-10, 3.32068039732e-10, 4.75209982476e-10, 1.36439956555e-10, 1.73209321885e-10, 1.87548851449e-10, 1.09913994573e-10, 9.1305601968e-11, 6.92809351555e-11, 1.14004486407e-10, 5.50500367513e-10, 9.89419768338e-10, 1.27656640814e-09, 6.57498777645e-10, 3.44965112031e-10, 8.61943294517e-11],
        "max": [0.0023235026747, 0.0101365773007, 0.0111718270928, 0.0165532305837, 0.00455922447145, 0.00564112886786, 0.0160169415176, 0.0166238695383, 0.0124621484429, 0.00663030194119, 0.00555683905259, 0.00391926150769, 0.00281438999809, 0.00162953720428, 0.00070630403934, 0.000592482101638, 0.00116684183013, 0.000470995815704, 0.000452931330074, 0.000764134747442, 0.000205151736736, 0.000230923018535, 0.000385122577427, 0.000415026181145, 0.00030018191319, 0.000259585969616, 0.000383050355595, 0.000271278840955, 0.000333944306476, 0.000228171993513, 0.000219911613385, 0.000154272856889, 0.000218526140088, 0.000200552327442, 0.000430611311458, 0.000656711694319, 0.000590005831327, 0.000343629770214, 0.000347511202563, 0.000119845535664],
        "mean": [4.59490656795e-05, 0.000639040314127, 0.00133731507231, 0.00115804979578, 0.000449705461506, 0.000485023658257, 0.00052463915199, 0.000510302139446, 0.000649359484669, 0.000658439530525, 0.000404826219892, 0.000248720723903, 9.8083037301e-05, 8.59095962369e-05, 3.84701779694e-05, 4.23835990659e-05, 4.50022307632e-05, 3.05083613057e-05, 2.49783624895e-05, 1.73181379068e-05, 1.29929512696e-05, 1.19356964206e-05, 1.11985500553e-05, 7.57967200116e-06, 4.81215647596e-06, 5.03058026879e-06, 5.23337985214e-06, 3.74101296075e-06, 3.15649708682e-06, 3.63549338545e-06, 3.35312711286e-06, 2.41718680627e-06, 2.47504385698e-06, 2.868076308e-06, 4.98193185194e-06, 7.59822432883e-06, 8.8077131295e-06, 6.55911708236e-06, 4.34660978499e-06, 2.30314935834e-06],
        "median": [6.80329958413e-06, 0.000121260520245, 0.000873074983247, 0.00050724070752, 0.000294535653666, 0.000297099642921, 0.000167164718732, 0.00022825114138, 0.000311270938255, 0.00016330035578, 0.000122959754663, 8.96370911505e-05, 3.99264863518e-05, 3.13682357955e-05, 1.55242178153e-05, 1.88843041542e-05, 9.55467021413e-06, 1.08961694423e-05, 8.04601131676e-06, 6.50473975838e-06, 6.14634836893e-06, 4.91045511808e-06, 5.32050989932e-06, 3.38475160788e-06, 1.71572594354e-06, 1.71382316694e-06, 1.89860315913e-06, 1.01948774045e-06, 5.22593552432e-07, 5.11327414188e-07, 2.2990167281e-07, 7.11843242129e-08, 1.53424338123e-07, 3.24493328208e-07, 4.52991884003e-07, 4.46109595487e-07, 4.73478053209e-07, 3.76010234504e-07, 3.60836907021e-07, 7.35527549978e-08],
        "min": [2.75319733164e-24, 4.20347018259e-24, 1.70318382653e-23, 2.2887653739e-23, 1.21571235774e-23, 2.32445971269e-24, 5.71261118694e-24, 7.44671678324e-24, 1.52682056053e-23, 1.05790002368e-23, 2.08303865397e-23, 8.05858096715e-24, 2.04159616186e-23, 1.2042422413e-23, 3.68426993933e-24, 3.82935920917e-24, 4.6986693328e-24, 1.47368068115e-23, 1.23087726201e-23, 1.3213286845e-23, 1.3863069206e-23, 1.05299307219e-23, 1.11739662313e-23, 7.53123218518e-24, 9.30579372414e-24, 9.69111598873e-24, 1.68758567985e-23, 9.30576926945e-24, 1.02302535081e-23, 1.45033260716e-23, 1.57020980359e-23, 1.10883961223e-23, 1.00030663005e-23, 1.29833670232e-23, 1.23367195954e-23, 7.0991628122e-24, 7.78067394771e-24, 9.9450305926e-24, 1.01588710625e-23, 8.688372804e-24],
        "var": [1.36347058088e-08, 1.22163919514e-06, 2.55584109254e-06, 4.02084106099e-06, 2.50885562991e-07, 4.27573581874e-07, 1.66947165781e-06, 8.60971965722e-07, 9.3082269359e-07, 1.05403637463e-06, 4.48107414286e-07, 1.96950750819e-07, 3.52743079191e-08, 3.12953396531e-08, 5.29876409416e-09, 4.55117010745e-09, 8.40704306171e-09, 2.46890907718e-09, 2.02600314303e-09, 1.35382827171e-09, 3.51105228225e-10, 4.00611571694e-10, 4.62352989228e-10, 4.69575711648e-10, 2.48785408941e-10, 2.46474812782e-10, 3.33711391853e-10, 1.87385981731e-10, 2.12311945802e-10, 2.29608554392e-10, 2.26709845341e-10, 1.36363587089e-10, 1.40605124765e-10, 1.91710786135e-10, 7.11527947672e-10, 1.54000368013e-09, 1.66682734282e-09, 7.40564665147e-10, 3.65559055249e-10, 9.87081666404e-11]
    },
    "mfcc": {
        "mean": [-666.452941895, 138.792022705, 0.640395402908, -7.17222642899, -4.2369351387, -22.1102657318, -8.73485088348, -2.09891438484, -10.2718505859, 3.53379702568, -17.631275177, -3.78465175629, -14.4756126404],
        "cov": [[6710.97851562, -723.692749023, 196.451416016, -73.107673645, 67.1753387451, 96.0650024414, 141.968475342, 90.8323135376, 91.4772491455, 258.681640625, 35.0589027405, 38.1754608154, -54.8445854187], [-723.692749023, 2240.13671875, -797.622680664, -158.38835144, 4.94375181198, -210.270706177, 178.122680664, 55.6019248962, -79.3856582642, 80.7768630981, -23.3860721588, -10.9849176407, -45.3694038391], [196.451416016, -797.622680664, 763.036682129, 93.4572525024, 28.9582862854, 153.224060059, -47.4844169617, 60.0619010925, 28.747587204, -58.2030410767, -16.0140457153, 59.8143806458, 48.7916030884], [-73.107673645, -158.38835144, 93.4572525024, 401.271636963, 52.7993888855, 95.8733215332, -48.5995063782, 18.3415775299, 18.853307724, -33.7112541199, 4.5247759819, 52.0636901855, 34.9754638672], [67.1753387451, 4.94375181198, 28.9582862854, 52.7993888855, 309.497497559, 61.3720626831, 10.4705171585, -17.1704082489, 49.379699707, 52.3042030334, 23.7075958252, 17.33893013, 11.8790941238], [96.0650024414, -210.270706177, 153.224060059, 95.8733215332, 61.3720626831, 313.058044434, 12.2233171463, 75.431098938, 56.9197387695, 4.90871238708, 73.9706115723, 54.9175567627, 38.4853401184], [141.968475342, 178.122680664, -47.4844169617, -48.5995063782, 10.4705171585, 12.2233171463, 264.661437988, 38.2743377686, 70.4058303833, 48.2287368774, 13.3027572632, 10.4088859558, -23.118719101], [90.8323135376, 55.6019248962, 60.0619010925, 18.3415775299, -17.1704082489, 75.431098938, 38.2743377686, 216.413726807, -0.302385658026, 18.2296848297, 32.5134963989, 26.7677288055, 39.006149292], [91.4772491455, -79.3856582642, 28.747587204, 18.853307724, 49.379699707, 56.9197387695, 70.4058303833, -0.302385658026, 164.975769043, 18.7648162842, 25.6025485992, -0.026818446815, -5.77970266342], [258.681640625, 80.7768630981, -58.2030410767, -33.7112541199, 52.3042030334, 4.90871238708, 48.2287368774, 18.2296848297, 18.7648162842, 143.265014648, 16.068687439, 10.4228153229, -3.1755695343], [35.0589027405, -23.3860721588, -16.0140457153, 4.5247759819, 23.7075958252, 73.9706115723, 13.3027572632, 32.5134963989, 25.6025485992, 16.068687439, 131.826461792, 3.37400078773, 16.7107944489], [38.1754608154, -10.9849176407, 59.8143806458, 52.0636901855, 17.33893013, 54.9175567627, 10.4088859558, 26.7677288055, -0.026818446815, 10.4228153229, 3.37400078773, 101.812271118, 11.8812961578], [-54.8445854187, -45.3694038391, 48.7916030884, 34.9754638672, 11.8790941238, 38.4853401184, -23.118719101, 39.006149292, -5.77970266342, -3.1755695343, 16.7107944489, 11.8812961578, 123.518829346]],
