{
"lowlevel": {
    "average_loudness": 0.742432653904,
    "barkbands_crest": {
        "dmean": 2.21269226074,
        "dmean2": 3.6446313858,
        "dvar": 4.10000514984,
        "dvar2": 10.7169523239,
        "max": 24.3778591156,
        "mean": 9.35367107391,
        "median": 8.67947769165,
        "min": 2.98636817932,
        "var": 12.1211929321
    },
    "barkbands_flatness_db": {
        "dmean": 0.0220327973366,
        "dmean2": 0.0323928408325,
        "dvar": 0.000487896817503,
        "dvar2": 0.000926501059439,
        "max": 0.328846752644,
        "mean": 0.153373047709,
        "median": 0.152590751648,
        "min": 0.0388019867241,
        "var": 0.00217693974264
    },
    "barkbands_kurtosis": {
        "dmean": 1.43181824684,
        "dmean2": 2.26919198036,
        "dvar": 8.82249832153,
        "dvar2": 20.5014514923,
        "max": 49.4075660706,
        "mean": 1.66956484318,
        "median": 0.218785524368,
        "min": -1.8236707449,
        "var": 28.0684604645
    },
    "barkbands_skewness": {
        "dmean": 0.383659660816,
        "dmean2": 0.596412658691,
        "dvar": 0.15354847908,
        "dvar2": 0.358173191547,
        "max": 6.12555932999,
        "mean": 0.917864143848,
        "median": 0.77734041214,
        "min": -2.0455956459,
        "var": 0.901858687401
    },
    "barkbands_spread": {
        "dmean": 4.60332679749,
        "dmean2": 7.15377426147,
        "dvar": 30.3337154388,
        "dvar2": 65.2730331421,
        "max": 67.0796737671,
        "mean": 19.9269390106,
        "median": 19.4068889618,
        "min": 1.20130872726,
        "var": 76.8437957764
    },
    "dissonance": {
        "dmean": 0.0263899285346,
        "dmean2": 0.0459971912205,
        "dvar": 0.000605149311014,
        "dvar2": 0.00168573169503,
        "max": 0.498716413975,
        "mean": 0.443358391523,
        "median": 0.449479520321,
        "min": 0.280969440937,
        "var": 0.00122210837435
    },
    "dynamic_complexity": 4.18654584885,
    "erbbands_crest": {
        "dmean": 2.97861051559,
        "dmean2": 4.97494411469,
        "dvar": 7.30036973953,
        "dvar2": 20.0867042542,
        "max": 30.0639591217,
        "mean": 10.6003046036,
        "median": 9.49045944214,
        "min": 3.00461745262,
        "var": 21.6964759827
    },
    "erbbands_flatness_db": {
        "dmean": 0.0221910942346,
        "dmean2": 0.0319951064885,
        "dvar": 0.000475431093946,
        "dvar2": 0.000924350868445,
        "max": 0.344709783792,
        "mean": 0.196854829788,
        "median": 0.201620429754,
        "min": 0.0789514034986,
        "var": 0.00205184007064
    },
    "erbbands_kurtosis": {
        "dmean": 0.920995116234,
        "dmean2": 1.50633335114,
        "dvar": 1.06165957451,
        "dvar2": 2.71037697792,
        "max": 14.0141487122,
        "mean": 0.563793182373,
        "median": 0.126773118973,
        "min": -1.6711461544,
        "var": 2.94468975067
    },
    "erbbands_skewness": {
        "dmean": 0.360037356615,
        "dmean2": 0.563311100006,
        "dvar": 0.0937133058906,
        "dvar2": 0.21195743978,
        "max": 2.68972349167,
        "mean": 0.24319922924,
        "median": 0.26100051403,
        "min": -2.82765316963,
        "var": 0.39805534482
    },
    "erbbands_spread": {
        "dmean": 6.37429666519,
        "dmean2": 9.65507602692,
        "dvar": 49.8491249084,
        "dvar2": 106.557655334,
        "max": 105.652862549,
        "mean": 26.8884410858,
        "median": 24.8065166473,
        "min": 3.7309319973,
        "var": 159.95715332
    },
    "hfc": {
        "dmean": 4.4796833992,
        "dmean2": 6.70917844772,
        "dvar": 41.1019973755,
        "dvar2": 105.297203064,
        "max": 98.6415176392,
        "mean": 16.2912597656,
        "median": 10.2375888824,
        "min": 1.19933406705e-16,
        "var": 275.129943848
    },
    "melbands_crest": {
        "dmean": 2.58212399483,
        "dmean2": 4.32130479813,
        "dvar": 6.01664400101,
        "dvar2": 15.7781791687,
        "max": 26.6150531769,
        "mean": 12.8497133255,
        "median": 12.0566368103,
        "min": 2.80336427689,
        "var": 18.5127315521
    },
    "melbands_flatness_db": {
        "dmean": 0.0256084129214,
        "dmean2": 0.0370328202844,
        "dvar": 0.000820468238089,
        "dvar2": 0.00145901157521,
        "max": 0.466141998768,
        "mean": 0.212962970138,
        "median": 0.209375828505,
        "min": 0.005385347642,
        "var": 0.0038723628968
    },
    "melbands_kurtosis": {
        "dmean": 2.95544147491,
        "dmean2": 4.49241733551,
        "dvar": 41.6463508606,
        "dvar2": 97.8803100586,
        "max": 128.492675781,
        "mean": 5.43966817856,
        "median": 2.38333177567,
        "min": -1.48046505451,
        "var": 120.204788208
    },
    "melbands_skewness": {
        "dmean": 0.463231503963,
        "dmean2": 0.728525698185,
        "dvar": 0.221525475383,
        "dvar2": 0.516539216042,
        "max": 9.17203044891,
        "mean": 1.63549482822,
        "median": 1.48051011562,
        "min": -1.12909579277,
        "var": 1.40460836887
    },
    "melbands_spread": {
        "dmean": 5.8146905899,
        "dmean2": 9.04906272888,
        "dvar": 57.6870422363,
        "dvar2": 117.448196411,
        "max": 147.608306885,
        "mean": 25.5530548096,
        "median": 24.120716095,
        "min": 1.29564738274,
        "var": 162.365859985
    },
    "pitch_salience": {
        "dmean": 0.0570860728621,
        "dmean2": 0.0934480205178,
        "dvar": 0.00249022711068,
        "dvar2": 0.00612006755546,
        "max": 0.797720611095,
        "mean": 0.511335015297,
        "median": 0.510512828827,
        "min": 0.268639326096,
        "var": 0.00837572850287
    },
    "silence_rate_20dB": {
        "dmean": 0,
        "dmean2": 0,
        "dvar": 0,
        "dvar2": 0,
        "max": 1,
        "mean": 1,
        "median": 1,
        "min": 1,
        "var": 0
    },
    "silence_rate_30dB": {
        "dmean": 0,
        "dmean2": 0,
        "dvar": 0,
        "dvar2": 0,
        "max": 1,
        "mean": 1,
        "median": 1,
        "min": 1,
        "var": 0
    },
    "silence_rate_60dB": {
        "dmean": 0.0154559509829,
        "dmean2": 0.0309358090162,
        "dvar": 0.0152168078348,
        "dvar2": 0.0346195697784,
        "max": 1,
        "mean": 0.11196911335,
        "median": 0,
        "min": 0,
        "var": 0.0994312763214
    },
    "spectral_centroid": {
        "dmean": 214.899505615,
        "dmean2": 321.531616211,
        "dvar": 124242.828125,
        "dvar2": 182088.484375,
        "max": 11136.8193359,
        "mean": 1282.6015625,
        "median": 1228.56396484,
        "min": 242.671676636,
        "var": 292575.46875
    },
    "spectral_complexity": {
        "dmean": 2.1669242382,
        "dmean2": 3.41067290306,
        "dvar": 3.99070715904,
        "dvar2": 9.5877904892,
        "max": 42,
        "mean": 16.3258686066,
        "median": 16,
        "min": 0,
        "var": 67.9432373047
    },
    "spectral_decrease": {
        "dmean": 1.12871745284e-09,
        "dmean2": 1.74238312667e-09,
        "dvar": 2.19799921293e-18,
        "dvar2": 5.43248427111e-18,
        "max": 5.33593094826e-29,
        "mean": -4.67466376719e-09,
        "median": -3.59771878955e-09,
        "min": -2.44703315389e-08,
        "var": 1.46446504101e-17
    },
    "spectral_energy": {
        "dmean": 0.00458435388282,
        "dmean2": 0.00705596571788,
        "dvar": 3.66655440303e-05,
        "dvar2": 9.15434357012e-05,
        "max": 0.098734781146,
        "mean": 0.0191209297627,
        "median": 0.0144932502881,
        "min": 1.06769088813e-20,
        "var": 0.000249410106335
    },
    "spectral_energyband_high": {
        "dmean": 0.000157658592798,
        "dmean2": 0.000227256125072,
        "dvar": 1.01583644607e-07,
        "dvar2": 2.07144907449e-07,
        "max": 0.00276298541576,
        "mean": 0.000214122133912,
        "median": 6.14605596638e-05,
        "min": 8.16263201716e-21,
        "var": 1.53023876237e-07
    },
    "spectral_energyband_low": {
        "dmean": 0.00129073637072,
        "dmean2": 0.00211905105971,
        "dvar": 5.43804480913e-06,
        "dvar2": 1.26150662254e-05,
        "max": 0.0314303524792,
        "mean": 0.00507538579404,
        "median": 0.00335880718194,
        "min": 6.55808974374e-23,
        "var": 2.89780255116e-05
    },
    "spectral_energyband_middle_high": {
        "dmean": 0.00253934902139,
        "dmean2": 0.00408697454259,
        "dvar": 2.23498827836e-05,
        "dvar2": 6.50243455311e-05,
        "max": 0.0730999335647,
        "mean": 0.00710790790617,
        "median": 0.00352163426578,
        "min": 1.23502791047e-21,
        "var": 7.84490621299e-05
    },
    "spectral_energyband_middle_low": {
        "dmean": 0.00270463619381,
        "dmean2": 0.00410973187536,
        "dvar": 1.32100030896e-05,
        "dvar2": 3.3100026485e-05,
        "max": 0.0483708530664,
        "mean": 0.00714357942343,
        "median": 0.00544471945614,
        "min": 3.56436538521e-22,
        "var": 4.06984399888e-05
    },
    "spectral_entropy": {
        "dmean": 0.202568441629,
        "dmean2": 0.285567581654,
        "dvar": 0.0511194951832,
        "dvar2": 0.0900707840919,
        "max": 9.80495929718,
        "mean": 7.27991056442,
        "median": 7.2277636528,
        "min": 5.64507389069,
        "var": 0.163821727037
    },
    "spectral_flux": {
        "dmean": 0.0144545203075,
        "dmean2": 0.0230082776397,
        "dvar": 0.000212636019569,
        "dvar2": 0.000565660418943,
        "max": 0.210462510586,
        "mean": 0.0586450584233,
        "median": 0.0536097101867,
        "min": 1.03329129975e-10,
        "var": 0.0011041755788
    },
    "spectral_kurtosis": {
        "dmean": 2.83887577057,
        "dmean2": 4.58440971375,
        "dvar": 7.6890206337,
        "dvar2": 19.4940357208,
        "max": 37.5456695557,
        "mean": 7.40540456772,
        "median": 6.69505214691,
        "min": -1.15203535557,
        "var": 18.6627388
    },
    "spectral_rms": {
        "dmean": 0.00047677589464,
        "dmean2": 0.000713136629201,
        "dvar": 2.30210986274e-07,
        "dvar2": 5.30269289811e-07,
        "max": 0.00981461256742,
        "mean": 0.00391661562026,
        "median": 0.00376028683968,
        "min": 3.22745974911e-12,
        "var": 3.31468390868e-06
    },
    "spectral_rolloff": {
        "dmean": 396.200164795,
        "dmean2": 655.073364258,
        "dvar": 932717.8125,
        "dvar2": 1756584.25,
        "max": 18475.4882812,
        "mean": 1417.44567871,
        "median": 1248.92578125,
        "min": 107.666015625,
        "var": 1082939.125
    },
    "spectral_skewness": {
        "dmean": 0.293721675873,
        "dmean2": 0.459878712893,
        "dvar": 0.075103096664,
        "dvar2": 0.176839917898,
        "max": 4.85012817383,
        "mean": 1.87608838081,
        "median": 1.85020852089,
        "min": -0.0228799022734,
        "var": 0.217830166221
    },
    "spectral_spread": {
        "dmean": 710766.0625,
        "dmean2": 934188.875,
        "dvar": 1.6626066391e+12,
        "dvar2": 2.12082858394e+12,
        "max": 39647028,
        "mean": 3640468.25,
        "median": 3025922.5,
        "min": 1837668.875,
        "var": 3.17129569075e+12
    },
    "spectral_strongpeak": {
        "dmean": 0.610171079636,
        "dmean2": 1.03352022171,
        "dvar": 1.08411645889,
        "dvar2": 2.93395757675,
        "max": 9.49473953247,
        "mean": 1.11626398563,
        "median": 0.474887430668,
        "min": 0,
        "var": 2.03468251228
    },
    "zerocrossingrate": {
        "dmean": 0.00924753397703,
        "dmean2": 0.0110714845359,
        "dvar": 0.000361517944839,
        "dvar2": 0.000375367642846,
        "max": 0.5087890625,
        "mean": 0.052617110312,
        "median": 0.048828125,
        "min": 0.0068359375,
        "var": 0.000745279074181
    },
    "barkbands": {
        "dmean": [1.5202821487e-05, 0.000693995156325, 0.000602757325396, 0.000332574330969, 0.000427830265835, 0.000837813015096, 0.00079242081847, 0.000913435360417, 0.000722967437468, 0.00050987774739, 0.000441697542556, 0.001542196027, 0.000366188818589, 0.000425568316132, 0.000116219853226, 0.000135789145133, 0.000188189325854, 0.000169646795257, 0.000150749605382, 4.42126765847e-05, 3.68381333828e-05, 2.89588751912e-05, 3.64705447282e-05, 2.85749192699e-05, 2.10776652239e-05, 6.30657541478e-06, 1.78780965143e-07],
        "dmean2": [2.66878178081e-05, 0.00108694343362, 0.00105008599348, 0.000555693404749, 0.000632923212834, 0.0013268647017, 0.00127048627473, 0.00133575359359, 0.00113473972306, 0.000802847440355, 0.000731757842004, 0.00260748784058, 0.000577927276026, 0.000713758112397, 0.000191112791072, 0.000223247028771, 0.000289581948891, 0.000262796063907, 0.000227211712627, 6.82552417857e-05, 5.62583481951e-05, 4.42692144134e-05, 5.43838687008e-05, 4.18155941588e-05, 3.04627938021e-05, 9.37680306379e-06, 2.97805712535e-07],
        "dvar": [1.79789017007e-09, 2.89132117359e-06, 1.46754712205e-06, 2.18918444261e-07, 3.76414448056e-07, 2.86833596874e-06, 2.85871215056e-06, 3.12208976538e-06, 3.01675004266e-06, 1.39782082442e-06, 8.79825051925e-07, 1.99535879801e-05, 7.2830772524e-07, 1.06763911845e-06, 5.93589710718e-08, 6.93861537115e-08, 1.28399989308e-07, 1.41065783055e-07, 1.2754476586e-07, 1.31818422844e-08, 5.34309041456e-09, 3.7927039287e-09, 6.06410788251e-09, 3.62972896184e-09, 2.08185491068e-09, 2.15063411524e-10, 2.88616596985e-13],
        "dvar2": [5.03884223235e-09, 6.26343762633e-06, 3.99575492338e-06, 6.0368023469e-07, 8.40025165871e-07, 7.67465735407e-06, 7.07001390765e-06, 7.00597365721e-06, 6.84513861415e-06, 3.39151779372e-06, 2.33865421251e-06, 6.02868385613e-05, 1.74582714862e-06, 2.96218809126e-06, 1.6127761171e-07, 1.96179783529e-07, 2.82318922018e-07, 3.02840135191e-07, 2.87849019287e-07, 2.70762434695e-08, 1.1556877233e-08, 8.57024939904e-09, 1.34160682563e-08, 7.96420263072e-09, 4.3029300123e-09, 4.45037756647e-10, 6.84421378079e-13],
        "max": [0.000932929862756, 0.0278664007783, 0.0207506921142, 0.00726472819224, 0.00796163640916, 0.0209940336645, 0.0233626440167, 0.0243624337018, 0.0233861524612, 0.0172246359289, 0.0149147044867, 0.0669416412711, 0.0202443823218, 0.0196522064507, 0.00573752401397, 0.00461242208257, 0.00665920879692, 0.0065224156715, 0.00688491202891, 0.00249791238457, 0.000788252451457, 0.000596518046223, 0.000728626037017, 0.000587882241234, 0.000542662921362, 0.000153527871589, 8.96871642908e-06],
        "mean": [2.16778553295e-05, 0.00287684402429, 0.00186956615653, 0.000627408735454, 0.000838749459945, 0.00131120427977, 0.00129769335035, 0.0016593572218, 0.00122899690177, 0.000906096189283, 0.000807079661172, 0.00224477122538, 0.00065024063224, 0.00071878923336, 0.000224268136662, 0.00027689296985, 0.000442582444521, 0.000391110806959, 0.000452977634268, 7.7535827586e-05, 4.85947457491e-05, 3.91225512431e-05, 4.33109198639e-05, 3.3899796108e-05, 2.52060453931e-05, 6.80535094943e-06, 1.64610398201e-07],
        "median": [2.72055240202e-06, 0.000673063506838, 0.000853471050505, 0.000328283698764, 0.000496950640809, 0.000476951390738, 0.00054376560729, 0.000487038283609, 0.000261605920969, 0.000232309481362, 0.000370120018488, 0.000303120556055, 0.000257524574408, 0.000245043833274, 0.000110487468191, 0.000153834334924, 0.000204965894227, 0.000153185392264, 7.47552549001e-05, 1.92260322365e-05, 1.40970096254e-05, 1.15825696412e-05, 8.73047974892e-06, 6.68288248562e-06, 4.87610714117e-06, 6.32820615465e-07, 2.31842349763e-08],
        "min": [6.5170035801e-24, 4.12649731642e-23, 1.44566333946e-23, 1.80172706863e-23, 3.98608954162e-23, 1.315093733e-22, 5.9261313793e-23, 1.5274672687e-23, 9.16322778367e-23, 1.8201479174e-23, 6.48611596801e-23, 9.73661480362e-23, 8.46747707773e-23, 7.35204921476e-23, 1.03436767179e-22, 9.61570514604e-23, 1.09241382424e-22, 1.31071990949e-22, 3.23170690667e-22, 2.89641350648e-22, 5.43857368802e-22, 5.14450047894e-22, 7.88946985723e-22, 9.22885268062e-22, 1.2498654627e-21, 1.3811516073e-21, 2.78614281835e-21],
        "var": [3.17094372981e-09, 1.95368411369e-05, 5.78529443374e-06, 6.65285824653e-07, 1.09540224003e-06, 4.97098108099e-06, 5.87459635426e-06, 8.02723843663e-06, 6.60488058202e-06, 4.00767157771e-06, 1.93404252968e-06, 3.35882978106e-05, 1.81398843324e-06, 1.94842687051e-06, 1.70591974324e-07, 1.83447525615e-07, 4.93744664709e-07, 4.24393817866e-07, 9.4937695394e-07, 3.63489718325e-08, 7.35682048614e-09, 5.37993249949e-09, 7.83590792253e-09, 4.82966822091e-09, 2.94185009686e-09, 2.75945072348e-10, 2.82674274613e-13]
    },
    "erbbands": {
        "dmean": [0.0121085736901, 0.187511742115, 0.642972052097, 0.885220110416, 1.47112607956, 1.15682470798, 2.02726984024, 8.77022266388, 13.495716095, 12.5619373322, 20.6123161316, 18.0049095154, 14.5960702896, 8.77963542938, 24.521566391, 67.7038650513, 20.0190258026, 22.4654312134, 8.29914855957, 5.41658163071, 8.20328140259, 9.6999835968, 9.13498878479, 6.72798490524, 8.0083770752, 1.71155428886, 0.982398569584, 1.80104446411, 0.808714151382, 1.32620847225, 1.02896869183, 0.526414573193, 0.563353061676, 0.275740265846, 0.130407169461, 0.0428815111518, 0.00863488111645, 0.000983195495792, 2.59116714005e-05, 5.93788399783e-06],
        "dmean2": [0.0195302739739, 0.29635772109, 1.10219717026, 1.5186009407, 2.21686077118, 1.76685857773, 3.04967188835, 13.7775430679, 21.8528747559, 18.5818901062, 29.5844726562, 28.2826843262, 22.9026203156, 14.1287088394, 41.4305458069, 112.924041748, 31.8081893921, 37.8348274231, 13.6550283432, 8.67238998413, 13.2901973724, 14.9559726715, 13.8268241882, 10.6041259766, 11.361289978, 2.52960300446, 1.56022429466, 2.73345780373, 1.22686362267, 1.98180449009, 1.55304050446, 0.770964980125, 0.822524607182, 0.395079225302, 0.193158239126, 0.0636742562056, 0.0128424437717, 0.00147600320634, 3.92275360355e-05, 9.11217102839e-06],
        "dvar": [0.000887382368091, 0.205317646265, 1.57305729389, 1.89806544781, 5.6090631485, 4.16320133209, 12.2060098648, 326.150421143, 965.171875, 626.064697266, 2062.58251953, 2280.13574219, 932.11907959, 246.929367065, 2572.98461914, 38995.8164062, 1353.05578613, 3043.95141602, 306.449829102, 101.521759033, 263.726470947, 340.983154297, 427.474243164, 159.882614136, 451.903259277, 12.7174606323, 4.2270860672, 13.3352270126, 2.72718191147, 7.79067611694, 5.08443021774, 1.26206314564, 1.4176568985, 0.343589872122, 0.0864138007164, 0.0101355426013, 0.000412482011598, 5.93276672589e-06, 4.02847133429e-09, 5.70030272984e-11],
        "dvar2": [0.00206000101753, 0.443629950285, 4.12485074997, 5.5523557663, 12.2586231232, 9.89688014984, 28.2181186676, 855.773681641, 2535.98266602, 1281.66296387, 4893.87988281, 5107.16259766, 2359.31469727, 598.049316406, 7212.16259766, 116416.1875, 3366.73291016, 8814.34375, 774.516357422, 243.638565063, 737.43157959, 765.048461914, 897.008300781, 395.21270752, 896.859924316, 26.9584121704, 10.7273864746, 28.3259716034, 5.97511482239, 17.2835769653, 11.3449802399, 2.79332089424, 3.10977745056, 0.738736271858, 0.184607386589, 0.0216370355338, 0.000839640561026, 1.22027686302e-05, 8.63980353927e-09, 1.41524500452e-10],
        "max": [0.443422049284, 7.27798271179, 19.3858222961, 19.222618103, 40.3607215881, 39.6886444092, 57.9132118225, 218.768203735, 437.095581055, 345.391204834, 685.056091309, 704.458984375, 403.823364258, 229.177825928, 695.434570312, 3089.84887695, 603.752807617, 1181.50695801, 338.138397217, 228.478317261, 313.209228516, 331.080230713, 434.007568359, 179.216384888, 407.224304199, 88.9095840454, 27.1111373901, 31.6598300934, 17.0266056061, 26.6399250031, 22.6007156372, 9.70167922974, 12.0388689041, 6.26895666122, 4.01642513275, 1.01597988605, 0.281033843756, 0.0353592075408, 0.000928481633309, 0.000119111457025],
        "mean": [0.0456087179482, 0.775228083134, 2.26269578934, 2.08328461647, 2.98766541481, 2.23321890831, 3.77041435242, 13.3464574814, 20.1492557526, 24.5251197815, 37.5892906189, 31.4879741669, 26.3816394806, 18.3821048737, 43.8310165405, 100.990791321, 39.6856880188, 41.0480422974, 16.7254924774, 12.5613603592, 18.889421463, 24.418056488, 22.1512794495, 19.3232707977, 21.5734062195, 3.74155664444, 1.44333422184, 2.22286868095, 1.12285351753, 1.64836645126, 1.25375914574, 0.644040107727, 0.653022170067, 0.334186345339, 0.147314846516, 0.0460384450853, 0.00929986778647, 0.00104903790634, 3.68195142073e-05, 2.41973084485e-05],
        "median": [0.00603763386607, 0.223686993122, 1.47645187378, 1.21699261665, 1.48123085499, 1.24319648743, 1.88579571247, 4.14761352539, 7.21012163162, 11.1303358078, 10.7266016006, 7.03098678589, 7.86482810974, 7.26880168915, 17.2749900818, 15.4004163742, 17.3224906921, 16.0339603424, 8.0767326355, 6.97177028656, 9.7388010025, 11.7275438309, 9.32726287842, 5.34450054169, 3.02178835869, 1.01831638813, 0.446012765169, 0.573960602283, 0.363012909889, 0.340442657471, 0.264006346464, 0.1346976161, 0.12466045469, 0.0693336054683, 0.0248145293444, 0.0048845866695, 0.000952799047809, 0.000126568280393, 1.5033487216e-05, 1.87522819033e-05],
        "min": [1.5348958267e-21, 7.89088056772e-21, 1.48763263289e-20, 4.36305073638e-20, 1.07304053334e-19, 1.15476933828e-19, 4.70125826398e-19, 1.31558609651e-18, 6.32483079271e-19, 8.77040371541e-19, 8.0749516154e-19, 1.7493441001e-18, 9.05914868581e-19, 9.81894819964e-19, 3.57968655296e-18, 4.09816336091e-18, 4.35733104094e-18, 3.02200551988e-18, 3.94699196806e-18, 7.54073810989e-18, 5.05247997925e-18, 6.28926264676e-18, 7.13030846074e-18, 1.31385224323e-17, 1.63355300049e-17, 1.39251141194e-17, 2.19769596851e-17, 1.76543222535e-17, 1.89828040957e-17, 1.80163494291e-17, 2.48078777981e-17, 1.96363479172e-17, 1.51380305583e-17, 1.03190376097e-17, 1.01808355817e-17, 6.04794469716e-18, 2.46400126597e-18, 1.09928860269e-18, 4.33597323752e-19, 4.12711588434e-20],
        "var": [0.00516583072022, 1.37300407887, 6.15665483475, 5.26514911652, 19.7217712402, 8.86909198761, 30.4229373932, 578.583251953, 1876.46643066, 1564.43139648, 5293.14648438, 4884.99365234, 2483.14575195, 815.241516113, 5228.97363281, 67412.1796875, 4026.28222656, 5748.37011719, 723.211791992, 373.269012451, 904.376281738, 1422.39794922, 1442.58215332, 931.13659668, 2729.28735352, 58.1799125671, 5.62251996994, 17.5956707001, 3.93939471245, 10.8545942307, 6.49652433395, 1.71477663517, 1.84664881229, 0.481199979782, 0.112050622702, 0.0125761851668, 0.000534236954991, 7.43046712159e-06, 5.0568504939e-09, 3.89981935633e-10]
    },
    "gfcc": {
        "mean": [-45.8499565125, 114.319869995, -136.738967896, 17.593667984, -52.1356468201, 16.2466182709, -37.3193397522, 15.2636795044, -22.0742301941, -2.03774023056, -5.24867582321, -1.95560109615, -18.7025985718],
        "cov": [[9582.19433594, -808.498168945, -658.379150391, 393.070709229, -338.654693604, 203.546737671, -380.609680176, 204.714309692, 48.5546569824, 131.522994995, -133.871673584, -168.360794067, -266.616149902], [-808.498168945, 1154.09838867, -59.2522773743, -69.053024292, 418.537567139, -178.316085815, 126.116546631, 22.1623268127, 111.367683411, -158.427856445, 181.73336792, -65.0487289429, 36.5452766418], [-658.379150391, -59.2522773743, 716.593566895, 229.539703369, -65.7547225952, 215.014846802, 71.7483673096, -20.9870166779, 28.2491569519, 82.2578430176, -39.4021186829, 88.4636764526, 65.9301605225], [393.070709229, -69.053024292, 229.539703369, 263.090789795, 14.8884954453, 122.786354065, 20.1664886475, 38.4694671631, 43.9462966919, 41.1481933594, 1.97474110126, 9.90370845795, 6.58571338654], [-338.654693604, 418.537567139, -65.7547225952, 14.8884954453, 315.160095215, -48.2342567444, 32.3985023499, 29.1011676788, 54.4295120239, -70.1745529175, 70.6413345337, -40.9280014038, -0.673244476318], [203.546737671, -178.316085815, 215.014846802, 122.786354065, -48.2342567444, 286.842163086, 147.452392578, 51.8265800476, 3.02420473099, 55.1537017822, -40.8044586182, 12.7959289551, 0.365131348372], [-380.609680176, 126.116546631, 71.7483673096, 20.1664886475, 32.3985023499, 147.452392578, 426.641998291, 172.594619751, -43.1468582153, 3.11708593369, 89.6889572144, -17.9352760315, 19.14960289], [204.714309692, 22.1623268127, -20.9870166779, 38.4694671631, 29.1011676788, 51.8265800476, 172.594619751, 202.466308594, 19.8620910645, 4.2127494812, 69.743270874, -12.729927063, -23.7024917603], [48.5546569824, 111.367683411, 28.2491569519, 43.9462966919, 54.4295120239, 3.02420473099, -43.1468582153, 19.8620910645, 132.906707764, 21.0782184601, 0.179986774921, -7.328561306, -15.6834154129], [131.522994995, -158.427856445, 82.2578430176, 41.1481933594, -70.1745529175, 55.1537017822, 3.11708593369, 4.2127494812, 21.0782184601, 102.311050415, 1.22558236122, 21.7684249878, -2.7418949604], [-133.871673584, 181.73336792, -39.4021186829, 1.97474110126, 70.6413345337, -40.8044586182, 89.6889572144, 69.743270874, 0.179986774921, 1.22558236122, 149.406219482, 22.610918045, 6.35935783386], [-168.360794067, -65.0487289429, 88.4636764526, 9.90370845795, -40.9280014038, 12.7959289551, -17.9352760315, -12.729927063, -7.328561306, 21.7684249878, 22.610918045, 95.1745223999, 40.03099823], [-266.616149902, 36.5452766418, 65.9301605225, 6.58571338654, -0.673244476318, 0.365131348372, 19.14960289, -23.7024917603, -15.6834154129, -2.7418949604, 6.35935783386, 40.03099823, 94.9927825928]],
        "icov": [[0.000207644377952, -0.00026515222271, 0.000479698559502, -0.000616866163909, 0.00043405991164, -0.00040343857836, 0.000504513911437, -0.00049167976249, 0.000403856189223, -0.000388238404412, 0.000240394510911, 5.74766818318e-05, 0.000190028120414], [-0.00026515222271, 0.00435587158427, -0.00196346291341, 0.00227436213754, -0.00305440253578, 0.00183738116175, -0.00228831125423, 0.00298876105808, -0.00468533299863, 0.00501432130113, -0.00454059569165, 0.00270737125538, -0.00150232412852], [0.000479698559502, -0.00196346291341, 0.00439274730161, -0.00394436670467, 0.00186816079076, -0.00197115284391, 0.000732951855753, -0.00075767096132, 0.00181017664727, -0.00299367192201, 0.0029961715918, -0.00308387703262, 0.000321856117807], [-0.000616866163909, 0.00227436213754, -0.00394436670467, 0.00945210270584, -0.00273926532827, -0.000968562846538, 0.00014819498756, 0.000339266378433, -0.0032454081811, 0.0022838183213, -0.00411880668253, 0.00323714432307, -0.00204328144901], [0.00043405991164, -0.00305440253578, 0.00186816079076, -0.00273926532827, 0.00814474187791, -0.00205455720425, 0.00198937952518, -0.00155079911929, 0.000475070846733, 0.000700347824022, -0.000424718076829, 0.00104715907946, 0.000250085489824], [-0.00040343857836, 0.00183738116175, -0.00197115284391, -0.000968562846538, -0.00205455720425, 0.00946918409318, -0.00533069297671, 0.00178899394814, -0.00192616134882, -0.000311502430122, 0.00303964992054, -0.00178826448973, 0.00128917908296], [0.000504513911437, -0.00228831125423, 0.000732951855753, 0.00014819498756, 0.00198937952518, -0.00533069297671, 0.00873571913689, -0.00653111608699, 0.00494763301685, -0.00231685815379, -0.0015357399825, 0.0031087026, -0.00203593936749], [-0.00049167976249, 0.00298876105808, -0.00075767096132, 0.000339266378433, -0.00155079911929, 0.00178899394814, -0.00653111608699, 0.0128756910563, -0.00623023603112, 0.00468634767458, -0.00531357387081, 0.000386503204936, 0.00178348331247], [0.000403856189223, -0.00468533299863, 0.00181017664727, -0.0032454081811, 0.000475070846733, -0.00192616134882, 0.00494763301685, -0.00623023603112, 0.0159818362445, -0.00926012452692, 0.00608109496534, -0.00233961734921, 0.00231365067884], [-0.000388238404412, 0.00501432130113, -0.00299367192201, 0.0022838183213, 0.000700347824022, -0.000311502430122, -0.00231685815379, 0.00468634767458, -0.00926012452692, 0.0214646905661, -0.00901781953871, 0.00272076716647, -0.000908925372642], [0.000240394510911, -0.00454059569165, 0.0029961715918, -0.00411880668253, -0.000424718076829, 0.00303964992054, -0.0015357399825, -0.00531357387081, 0.00608109496534, -0.00901781953871, 0.0191537700593, -0.010026444681, 0.00328335445374], [5.74766818318e-05, 0.00270737125538, -0.00308387703262, 0.00323714432307, 0.00104715907946, -0.00178826448973, 0.0031087026, 0.000386503204936, -0.00233961734921, 0.00272076716647, -0.010026444681, 0.021300457418, -0.00809300597757], [0.000190028120414, -0.00150232412852, 0.000321856117807, -0.00204328144901, 0.000250085489824, 0.00128917908296, -0.00203593936749, 0.00178348331247, 0.00231365067884, -0.000908925372642, 0.00328335445374, -0.00809300597757, 0.015955388546]]
    },
    "melbands": {
        "dmean": [0.000151423184434, 0.000309298426146, 0.000166541649378, 9.60574107012e-05, 6.69350629323e-05, 0.000204226234928, 0.000185247161426, 0.00014325932716, 0.000175957480678, 0.000105608007289, 7.45964425732e-05, 4.1420236812e-05, 6.46766056889e-05, 0.000162083466421, 0.00010922045476, 3.93428745156e-05, 4.68178950541e-05, 1.60319141287e-05, 9.28204190132e-06, 7.53095218897e-06, 1.16604924187e-05, 1.1174899555e-05, 9.77603576757e-06, 8.20461264084e-06, 5.72949238631e-06, 7.59341264711e-06, 3.21454876939e-06, 8.57886391259e-07, 5.676309911e-07, 8.76114086168e-07, 1.05027197606e-06, 3.75255297058e-07, 7.28187615096e-07, 7.18446472092e-07, 6.32109788512e-07, 4.59200066416e-07, 2.80882915149e-07, 4.82467271468e-07, 2.73467634315e-07, 2.19391978362e-07],
        "dmean2": [0.0002403936669, 0.000517676875461, 0.000278052350041, 0.000144223100506, 0.000100877783552, 0.000323175103404, 0.000299673120026, 0.000212405371713, 0.000253244943451, 0.000166577272466, 0.000116939394502, 6.60314617562e-05, 0.000107149448013, 0.000278624909697, 0.000179064460099, 6.2515035097e-05, 7.9383746197e-05, 2.6180061468e-05, 1.48090502989e-05, 1.22645778902e-05, 1.90535447473e-05, 1.76388293767e-05, 1.47855516843e-05, 1.23086010717e-05, 9.25909262151e-06, 1.13865125968e-05, 4.51987398264e-06, 1.36339588153e-06, 9.36386300054e-07, 1.38777454595e-06, 1.59523710863e-06, 5.98655162776e-07, 1.12343184355e-06, 1.06572019831e-06, 9.70645260168e-07, 6.87784847742e-07, 4.18664285462e-07, 7.22851325463e-07, 3.99223779368e-07, 3.21160285921e-07],
        "dvar": [1.44939022562e-07, 3.49155470758e-07, 5.40553948269e-08, 2.12412096801e-08, 1.27304620179e-08, 1.61979315294e-07, 1.65211943681e-07, 8.29435649052e-08, 1.58324169774e-07, 9.09085571266e-08, 2.74682552259e-08, 7.10434688855e-09, 2.02338821254e-08, 3.28634911284e-07, 7.19548651773e-08, 8.42006642188e-09, 1.42366722855e-08, 1.6021303173e-09, 5.76735603719e-10, 1.34144292896e-10, 6.08964045856e-10, 4.29402652324e-10, 4.03285654871e-10, 3.69660663191e-10, 1.23137874897e-10, 3.995139497e-10, 8.09394079537e-11, 2.66129284408e-12, 1.39907616742e-12, 3.538780163e-12, 4.65515820336e-12, 6.56181218302e-13, 2.38563986274e-12, 2.32932553454e-12, 1.97809368711e-12, 1.01743960479e-12, 3.66012477488e-13, 1.089497958e-12, 3.59776146592e-13, 2.13371095965e-13],
        "dvar2": [3.1858400007e-07, 8.57690565681e-07, 1.49964691332e-07, 4.72466084034e-08, 2.9623926423e-08, 4.3458155119e-07, 4.35865985082e-07, 1.63351799642e-07, 3.71977620262e-07, 2.03233213369e-07, 6.8946043541e-08, 1.64144253745e-08, 5.40579563335e-08, 1.02115541267e-06, 1.98199558099e-07, 1.96644318606e-08, 4.11596943195e-08, 3.97518507e-09, 1.49792400705e-09, 3.21382698232e-10, 1.74337300152e-09, 1.02085850884e-09, 7.94577903473e-10, 8.41637204374e-10, 3.27682769807e-10, 8.83750739256e-10, 1.5097037509e-10, 6.62811819319e-12, 3.68846663282e-12, 8.47153944217e-12, 9.95239481105e-12, 1.52689861622e-12, 5.58783618335e-12, 5.19070897376e-12, 4.42791116273e-12, 2.3014175201e-12, 8.20084560156e-13, 2.47240574368e-12, 7.79891342478e-13, 4.62023106405e-13],
        "max": [0.00634476542473, 0.00713854469359, 0.00327797792852, 0.00190967647359, 0.00148844311479, 0.00473154848441, 0.00557351438329, 0.00375732826069, 0.00554488925263, 0.00466095982119, 0.00225750729442, 0.00130000524223, 0.00219108536839, 0.00888334121555, 0.00375673966482, 0.00244003161788, 0.00253133359365, 0.000854832469486, 0.000615580938756, 0.00026390858693, 0.00045978667913, 0.00032521225512, 0.000346791261109, 0.000333851290634, 0.000161535106599, 0.000372642214643, 0.000207318807952, 2.45224309765e-05, 1.61926709552e-05, 2.10590496863e-05, 1.92272382264e-05, 7.54991015128e-06, 1.50607675096e-05, 1.49395727931e-05, 1.24365824377e-05, 1.13354262794e-05, 5.65493473914e-06, 9.77000763669e-06, 7.40722225601e-06, 4.44079660156e-06],
        "mean": [0.000620993669145, 0.00118263077457, 0.000407239451306, 0.000192987441551, 0.000123818928842, 0.000309652357828, 0.000285978079773, 0.000273182289675, 0.000316760619171, 0.000178255606443, 0.000132807632326, 7.88316101534e-05, 0.000117712646897, 0.000237285974436, 0.000178410366061, 6.99966112734e-05, 7.93496074039e-05, 2.83694116661e-05, 1.70338607859e-05, 1.59610244737e-05, 2.41950619966e-05, 2.59228709183e-05, 2.26997890422e-05, 1.76382454811e-05, 1.43616280184e-05, 2.07126558962e-05, 7.16627255315e-06, 1.34801462082e-06, 7.92029197783e-07, 1.08676636046e-06, 1.25975714127e-06, 4.89599983666e-07, 9.39734036365e-07, 8.5094819724e-07, 7.57922521188e-07, 5.44637259736e-07, 3.41217031519e-07, 5.28319901605e-07, 3.36882123975e-07, 2.61130338686e-07],
        "median": [0.000114150258014, 0.000801373797003, 0.000264722155407, 0.000111962639494, 5.99773520662e-05, 0.000107658888737, 0.000108775871922, 0.00010600333917, 8.16314277472e-05, 3.6843081034e-05, 3.58285906259e-05, 2.2229472961e-05, 5.15326501045e-05, 4.11968394474e-05, 3.50218178937e-05, 2.70271266345e-05, 2.65465914708e-05, 1.09178090497e-05, 7.47905096432e-06, 9.79111064225e-06, 1.05456210804e-05, 1.17838117148e-05, 9.37185996008e-06, 6.12324492977e-06, 3.83619999411e-06, 2.66561892204e-06, 1.14732017664e-06, 4.27029249295e-07, 2.412287472e-07, 2.96560614288e-07, 3.19094965562e-07, 1.64886827747e-07, 2.4345419547e-07, 1.50204513716e-07, 1.60202986876e-07, 9.79126468792e-08, 7.30899074597e-08, 8.93479779052e-08, 7.24734832147e-08, 5.12993096891e-08],
        "min": [1.23466284773e-23, 8.73718909454e-24, 9.38916527776e-24, 8.11896905831e-24, 1.55530569673e-23, 2.80135235952e-23, 9.67877504873e-24, 7.47156826833e-24, 7.89788763418e-24, 1.20640663896e-23, 4.47126637181e-24, 3.47063851759e-24, 1.02881259218e-23, 8.69863272894e-24, 1.41946858202e-23, 6.87435796459e-24, 5.7960983087e-24, 6.57448866312e-24, 8.44683542774e-24, 8.86057561759e-24, 5.32138350961e-24, 7.11861612212e-24, 4.76634373771e-24, 7.61183168159e-24, 1.10482036592e-23, 8.76795230326e-24, 1.29115238829e-23, 8.37139429279e-24, 1.2848655613e-23, 1.61044391856e-23, 7.87363016134e-24, 9.72076217041e-24, 1.19804991985e-23, 1.00131274325e-23, 1.55734379777e-23, 1.31064072364e-23, 1.11594022812e-23, 1.07520345098e-23, 9.81425954262e-24, 7.9025300806e-24],
        "var": [9.25307176658e-07, 1.57011345436e-06, 1.83518793051e-07, 6.34495762597e-08, 3.10289962613e-08, 2.85622036245e-07, 3.20751325944e-07, 2.14163620171e-07, 4.26795793373e-07, 1.89553716723e-07, 7.43458983266e-08, 2.2596527316e-08, 4.42054428618e-08, 4.85635609948e-07, 1.56655644901e-07, 2.19723155226e-08, 2.47710936208e-08, 3.21134963066e-09, 1.35942268553e-09, 4.20368712062e-10, 1.78375103577e-09, 1.64261226843e-09, 1.73625769317e-09, 9.65951763021e-10, 5.43447176149e-10, 2.43248687859e-09, 3.62002761101e-10, 5.42297023259e-12, 1.79524396651e-12, 4.16966071046e-12, 5.98878065194e-12, 8.08242687188e-13, 3.30532454705e-12, 3.0876692262e-12, 2.45516931438e-12, 1.3004726419e-12, 4.91839804561e-13, 1.30216453939e-12, 5.02689524121e-13, 2.91398117658e-13]
    },
    "mfcc": {
        "mean": [-683.408325195, 143.448532104, -18.1991100311, 7.90005064011, 7.7359752655, -3.15915870667, 2.70943617821, 10.7985858917, -7.68500709534, -2.67088723183, 8.57014274597, 4.93752765656, 2.99913907051],
        "cov": [[8104.71582031, -804.370544434, -524.438598633, -42.6269645691, 89.9362869263, -87.4748306274, -184.237854004, -0.524213671684, -64.6163024902, 202.896896362, 255.419052124, -29.8023986816, -181.234863281], [-804.370544434, 1231.66552734, -335.206542969, 138.602905273, 217.759231567, -108.448547363, 61.303768158, 106.276298523, -40.9740486145, -47.0105056763, 86.1439437866, 18.8184585571, -2.11939740181], [-524.438598633, -335.206542969, 815.539123535, 52.4357261658, -59.1897163391, 250.267242432, 47.4251823425, 21.1985111237, 103.185905457, 35.7863388062, -45.6010932922, 6.31220293045, 41.4782180786], [-42.6269645691, 138.602905273, 52.4357261658, 186.062561035, 86.6557159424, -2.14089202881, 34.1520118713, 30.8773880005, -3.72470450401, 15.6634254456, 20.944984436, 8.11164855957, 17.6721572876], [89.9362869263, 217.759231567, -59.1897163391, 86.6557159424, 311.070281982, 12.106803894, -138.551025391, -11.6435747147, -21.5455093384, -42.7861709595, 30.0723648071, 12.3125982285, -56.2101516724], [-87.4748306274, -108.448547363, 250.267242432, -2.14089202881, 12.106803894, 231.01802063, 27.8229236603, -2.70150136948, 67.5522384644, 36.3896064758, -22.2612895966, -17.5268344879, 2.69392991066], [-184.237854004, 61.303768158, 47.4251823425, 34.1520118713, -138.551025391, 27.8229236603, 375.237548828, 164.865020752, 43.1382598877, 103.901321411, 48.0833129883, 1.68563652039, 76.6539840698], [-0.524213671684, 106.276298523, 21.1985111237, 30.8773880005, -11.6435747147, -2.70150136948, 164.865020752, 183.033126831, 54.0710792542, 45.2122077942, 72.7521743774, 21.8689670563, 27.3500862122], [-64.6163024902, -40.9740486145, 103.185905457, -3.72470450401, -21.5455093384, 67.5522384644, 43.1382598877, 54.0710792542, 113.774055481, 56.6101951599, 3.72732424736, -6.38527822495, 3.46688485146], [202.896896362, -47.0105056763, 35.7863388062, 15.6634254456, -42.7861709595, 36.3896064758, 103.901321411, 45.2122077942, 56.6101951599, 137.951385498, 35.4816207886, -20.1109523773, 9.68897151947], [255.419052124, 86.1439437866, -45.6010932922, 20.944984436, 30.0723648071, -22.2612895966, 48.0833129883, 72.7521743774, 3.72732424736, 35.4816207886, 153.489486694, 66.3744812012, 18.0746078491], [-29.8023986816, 18.8184585571, 6.31220293045, 8.11164855957, 12.3125982285, -17.5268344879, 1.68563652039, 21.8689670563, -6.38527822495, -20.1109523773, 66.3744812012, 110.529884338, 45.5080223083], [-181.234863281, -2.11939740181, 41.4782180786, 17.6721572876, -56.2101516724, 2.69392991066, 76.6539840698, 27.3500862122, 3.46688485146, 9.68897151947, 18.0746078491, 45.5080223083, 102.696411133]],
