{
"lowlevel": {
    "average_loudness": 0.865172863007,
    "barkbands_crest": {
        "dmean": 2.23077583313,
        "dmean2": 3.58772802353,
        "dvar": 4.16502714157,
        "dvar2": 10.5178098679,
        "max": 22.9695663452,
        "mean": 10.8896312714,
        "median": 10.2564258575,
        "min": 3.47761750221,
        "var": 12.9753408432
    },
    "barkbands_flatness_db": {
        "dmean": 0.019846489653,
        "dmean2": 0.0301436278969,
        "dvar": 0.000322053936543,
        "dvar2": 0.000728766026441,
        "max": 0.313181936741,
        "mean": 0.172129556537,
        "median": 0.17015171051,
        "min": 0.0359218530357,
        "var": 0.00153512577526
    },
    "barkbands_kurtosis": {
        "dmean": 3.36512637138,
        "dmean2": 5.26917219162,
        "dvar": 23.5964298248,
        "dvar2": 56.2499694824,
        "max": 103.969017029,
        "mean": 7.61894226074,
        "median": 4.33304452896,
        "min": -1.85602807999,
        "var": 85.6771087646
    },
    "barkbands_skewness": {
        "dmean": 0.514895200729,
        "dmean2": 0.790741801262,
        "dvar": 0.331642329693,
        "dvar2": 0.751927912235,
        "max": 8.80638980865,
        "mean": 1.97926437855,
        "median": 1.88557302952,
        "min": -1.93362724781,
        "var": 1.94113111496
    },
    "barkbands_spread": {
        "dmean": 4.9684009552,
        "dmean2": 7.45485830307,
        "dvar": 75.4316101074,
        "dvar2": 139.621261597,
        "max": 106.315101624,
        "mean": 17.7796287537,
        "median": 13.485622406,
        "min": 1.85464632511,
        "var": 249.405807495
    },
    "dissonance": {
        "dmean": 0.0224359501153,
        "dmean2": 0.0373466089368,
        "dvar": 0.000461118121166,
        "dvar2": 0.00125248031691,
        "max": 0.500000059605,
        "mean": 0.448508024216,
        "median": 0.456939429045,
        "min": 0.289481371641,
        "var": 0.0011452898616
    },
    "dynamic_complexity": 3.70328378677,
    "erbbands_crest": {
        "dmean": 2.63951325417,
        "dmean2": 4.10983085632,
        "dvar": 7.0688996315,
        "dvar2": 16.8632640839,
        "max": 32.5213241577,
        "mean": 10.9150514603,
        "median": 9.40144443512,
        "min": 2.44942188263,
        "var": 37.0538749695
    },
    "erbbands_flatness_db": {
        "dmean": 0.0174625366926,
        "dmean2": 0.0239102579653,
        "dvar": 0.0002807949204,
        "dvar2": 0.000533073558472,
        "max": 0.29489210248,
        "mean": 0.15297049284,
        "median": 0.150229841471,
        "min": 0.0516487471759,
        "var": 0.00206312839873
    },
    "erbbands_kurtosis": {
        "dmean": 1.04699456692,
        "dmean2": 1.59375929832,
        "dvar": 1.78848445415,
        "dvar2": 4.05947875977,
        "max": 23.5663700104,
        "mean": 1.08891963959,
        "median": 0.320685148239,
        "min": -1.75147724152,
        "var": 6.40889358521
    },
    "erbbands_skewness": {
        "dmean": 0.356504052877,
        "dmean2": 0.528856873512,
        "dvar": 0.125315666199,
        "dvar2": 0.264821797609,
        "max": 3.52275109291,
        "mean": 0.647791266441,
        "median": 0.663525938988,
        "min": -2.30708670616,
        "var": 0.600216448307
    },
    "erbbands_spread": {
        "dmean": 9.15985393524,
        "dmean2": 13.2827444077,
        "dvar": 131.976425171,
        "dvar2": 264.106109619,
        "max": 155.093353271,
        "mean": 40.992389679,
        "median": 37.4346733093,
        "min": 3.93875360489,
        "var": 605.191772461
    },
    "hfc": {
        "dmean": 4.73501777649,
        "dmean2": 6.71202754974,
        "dvar": 62.6693572998,
        "dvar2": 124.546554565,
        "max": 106.496337891,
        "mean": 18.3507957458,
        "median": 11.2387685776,
        "min": 1.09660273483e-16,
        "var": 348.380706787
    },
    "melbands_crest": {
        "dmean": 2.85796403885,
        "dmean2": 4.63114261627,
        "dvar": 6.82302474976,
        "dvar2": 17.621307373,
        "max": 29.672908783,
        "mean": 15.1111297607,
        "median": 14.5239858627,
        "min": 1.90563321114,
        "var": 24.125415802
    },
    "melbands_flatness_db": {
        "dmean": 0.0235788375139,
        "dmean2": 0.0350683070719,
        "dvar": 0.000518352549989,
        "dvar2": 0.00113049661741,
        "max": 0.40823790431,
        "mean": 0.233248457313,
        "median": 0.230776801705,
        "min": 0.00447731418535,
        "var": 0.00276037305593
    },
    "melbands_kurtosis": {
        "dmean": 8.24852657318,
        "dmean2": 13.2475376129,
        "dvar": 162.685791016,
        "dvar2": 407.816345215,
        "max": 214.804718018,
        "mean": 20.4714679718,
        "median": 14.015537262,
        "min": -1.32580184937,
        "var": 499.309875488
    },
    "melbands_skewness": {
        "dmean": 0.742344141006,
        "dmean2": 1.14018559456,
        "dvar": 0.733761370182,
        "dvar2": 1.70067203045,
        "max": 11.1915922165,
        "mean": 3.08216619492,
        "median": 3.03163480759,
        "min": -1.0042142868,
        "var": 3.92571043968
    },
    "melbands_spread": {
        "dmean": 4.38231372833,
        "dmean2": 6.67762327194,
        "dvar": 46.9936561584,
        "dvar2": 102.047584534,
        "max": 134.681045532,
        "mean": 16.3812561035,
        "median": 12.9235248566,
        "min": 1.21282172203,
        "var": 161.716873169
    },
    "pitch_salience": {
        "dmean": 0.0637596920133,
        "dmean2": 0.102577529848,
        "dvar": 0.00316961179487,
        "dvar2": 0.00818220898509,
        "max": 0.939799368382,
        "mean": 0.507175266743,
        "median": 0.50184315443,
        "min": 0.168032363057,
        "var": 0.00974958669394
    },
    "silence_rate_20dB": {
        "dmean": 0,
        "dmean2": 0,
        "dvar": 0,
        "dvar2": 0,
        "max": 1,
        "mean": 1,
        "median": 1,
        "min": 1,
        "var": 0
    },
    "silence_rate_30dB": {
        "dmean": 0.0278207100928,
        "dmean2": 0.0556629300117,
        "dvar": 0.0270465835929,
        "dvar2": 0.0587489977479,
        "max": 1,
        "mean": 0.97180378437,
        "median": 1,
        "min": 0,
        "var": 0.0274008680135
    },
    "silence_rate_60dB": {
        "dmean": 0.00463678501546,
        "dmean2": 0.00927715469152,
        "dvar": 0.00461556715891,
        "dvar2": 0.0107370521873,
        "max": 1,
        "mean": 0.0355349555612,
        "median": 0,
        "min": 0,
        "var": 0.0342721194029
    },
    "spectral_centroid": {
        "dmean": 179.137176514,
        "dmean2": 265.814361572,
        "dvar": 105323.5,
        "dvar2": 141287.625,
        "max": 10917.1728516,
        "mean": 944.867126465,
        "median": 814.549255371,
        "min": 230.333236694,
        "var": 327575.96875
    },
    "spectral_complexity": {
        "dmean": 2.75425028801,
        "dmean2": 4.21569395065,
        "dvar": 12.1823234558,
        "dvar2": 25.4602279663,
        "max": 57,
        "mean": 14.0471220016,
        "median": 12,
        "min": 0,
        "var": 85.7580718994
    },
    "spectral_decrease": {
        "dmean": 2.62194843614e-09,
        "dmean2": 4.31774083154e-09,
        "dvar": 4.79511770362e-17,
        "dvar2": 1.32779376034e-16,
        "max": 2.09771717782e-29,
        "mean": -7.6947941352e-09,
        "median": -6.03717298375e-09,
        "min": -8.66565272872e-08,
        "var": 6.05813382523e-17
    },
    "spectral_energy": {
        "dmean": 0.0101581225172,
        "dmean2": 0.0166656356305,
        "dvar": 0.000701831944752,
        "dvar2": 0.00193613045849,
        "max": 0.333506077528,
        "mean": 0.0307063590735,
        "median": 0.024466836825,
        "min": 1.03118136541e-20,
        "var": 0.000931689341087
    },
    "spectral_energyband_high": {
        "dmean": 0.000326646433678,
        "dmean2": 0.000455728091765,
        "dvar": 5.91560592511e-07,
        "dvar2": 1.04941932477e-06,
        "max": 0.0107509288937,
        "mean": 0.000689510372467,
        "median": 0.00018837879179,
        "min": 7.33681576795e-21,
        "var": 1.87100044968e-06
    },
    "spectral_energyband_low": {
        "dmean": 0.00712713226676,
        "dmean2": 0.0123458392918,
        "dvar": 0.000631955510471,
        "dvar2": 0.00180239987094,
        "max": 0.304043084383,
        "mean": 0.0131945945323,
        "median": 0.00934911053628,
        "min": 4.52501943277e-23,
        "var": 0.000494419247843
    },
    "spectral_energyband_middle_high": {
        "dmean": 0.00144809635822,
        "dmean2": 0.00206893659197,
        "dvar": 7.5298144111e-06,
        "dvar2": 1.55245252245e-05,
        "max": 0.0523322299123,
        "mean": 0.00551198842004,
        "median": 0.00153414229862,
        "min": 1.38416427341e-21,
        "var": 7.63845528127e-05
    },
    "spectral_energyband_middle_low": {
        "dmean": 0.0047769700177,
        "dmean2": 0.00737410085276,
        "dvar": 8.84864057298e-05,
        "dvar2": 0.000219682173338,
        "max": 0.14794228971,
        "mean": 0.0128130791709,
        "median": 0.00963244959712,
        "min": 2.59168045154e-22,
        "var": 0.000173154534423
    },
    "spectral_entropy": {
        "dmean": 0.179092541337,
        "dmean2": 0.248028501868,
        "dvar": 0.0335925035179,
        "dvar2": 0.0579674132168,
        "max": 9.80787849426,
        "mean": 7.46227884293,
        "median": 7.43074941635,
        "min": 6.10811519623,
        "var": 0.183049768209
    },
    "spectral_flux": {
        "dmean": 0.0237679481506,
        "dmean2": 0.0365804545581,
        "dvar": 0.00136226357426,
        "dvar2": 0.00282194605097,
        "max": 0.478404372931,
        "mean": 0.0755128338933,
        "median": 0.0612340979278,
        "min": 1.02877970032e-10,
        "var": 0.00332796014845
    },
    "spectral_kurtosis": {
        "dmean": 1.50280547142,
        "dmean2": 2.37710118294,
        "dvar": 2.14387583733,
        "dvar2": 5.30044603348,
        "max": 20.2925720215,
        "mean": 4.15120458603,
        "median": 3.90981054306,
        "min": -1.20062685013,
        "var": 6.09509086609
    },
    "spectral_rms": {
        "dmean": 0.000715532165486,
        "dmean2": 0.00112076767255,
        "dvar": 1.38932693972e-06,
        "dvar2": 3.58055763172e-06,
        "max": 0.0180380642414,
        "mean": 0.00502514280379,
        "median": 0.00488570192829,
        "min": 3.1717985443e-12,
        "var": 4.70536451758e-06
    },
    "spectral_rolloff": {
        "dmean": 388.914367676,
        "dmean2": 667.273864746,
        "dvar": 1358034.75,
        "dvar2": 2824608.25,
        "max": 18690.8203125,
        "mean": 1050.25561523,
        "median": 581.396484375,
        "min": 86.1328125,
        "var": 2662369.25
    },
    "spectral_skewness": {
        "dmean": 0.231328308582,
        "dmean2": 0.343530267477,
        "dvar": 0.0466175712645,
        "dvar2": 0.0912083461881,
        "max": 3.57813668251,
        "mean": 1.60551929474,
        "median": 1.6295953989,
        "min": 0.0224369838834,
        "var": 0.210009023547
    },
    "spectral_spread": {
        "dmean": 669945.5,
        "dmean2": 888278.8125,
        "dvar": 1.3233333207e+12,
        "dvar2": 1.62270255514e+12,
        "max": 39945356,
        "mean": 4947431,
        "median": 4492207.5,
        "min": 2398270.75,
        "var": 3.9250451497e+12
    },
    "spectral_strongpeak": {
        "dmean": 0.53468477726,
        "dmean2": 0.916164636612,
        "dvar": 1.05721974373,
        "dvar2": 2.67036271095,
        "max": 9.67257499695,
        "mean": 1.13500678539,
        "median": 0.460322737694,
        "min": 0,
        "var": 2.29448914528
    },
    "zerocrossingrate": {
        "dmean": 0.00944771431386,
        "dmean2": 0.0109537700191,
        "dvar": 0.000314743170748,
        "dvar2": 0.000414480047766,
        "max": 0.49609375,
        "mean": 0.0456434525549,
        "median": 0.037109375,
        "min": 0.00341796875,
        "var": 0.00128937140107
    },
    "barkbands": {
        "dmean": [4.998847362e-05, 0.00428955163807, 0.00302975298837, 0.00140345154796, 0.00239577866159, 0.00101922871545, 0.000685998587869, 0.000515892112162, 0.000979581382126, 0.000875507190358, 0.000316212826874, 0.000321827450534, 0.000186329954886, 0.000379318138584, 0.000287405593554, 0.000138246206916, 0.00011491067562, 7.92035789345e-05, 6.14996315562e-05, 7.72914791014e-05, 6.75859409967e-05, 6.5642685513e-05, 7.10304593667e-05, 7.85228330642e-05, 5.64512338315e-05, 2.10689340747e-05, 8.41981329103e-09],
        "dmean2": [8.28451302368e-05, 0.00751644279808, 0.00523413345218, 0.00235876906663, 0.00378554477356, 0.00157419173047, 0.00107556174044, 0.000785396783613, 0.00141596025787, 0.0012329184683, 0.000470931758173, 0.000501461210661, 0.000287761067739, 0.000582559383474, 0.000435118185123, 0.000222040878725, 0.000183254596777, 0.000130051572341, 9.81079356279e-05, 0.000118758071039, 0.000101613259176, 9.41505350056e-05, 0.000102251171484, 0.000110190310807, 8.00712005002e-05, 3.33746793331e-05, 1.52245522855e-08],
        "dvar": [1.35451934113e-08, 0.000318428152241, 7.47263911762e-05, 2.17707001866e-05, 2.67645409622e-05, 4.87681973027e-06, 2.40455028688e-06, 2.81639358946e-06, 7.51609695726e-06, 5.87253089179e-06, 2.08420874515e-06, 1.12804514174e-06, 2.39619424747e-07, 1.19365654427e-06, 6.23299797553e-07, 1.27923271975e-07, 5.89876094637e-08, 3.20418784838e-08, 1.81659736143e-08, 4.42857022165e-08, 2.47532181419e-08, 2.61501984511e-08, 4.10488247837e-08, 7.19863422205e-08, 3.1499801878e-08, 4.15914547247e-09, 3.90076586957e-15],
        "dvar2": [3.46659980721e-08, 0.000908752670512, 0.000216539294343, 5.52659766981e-05, 6.82014142512e-05, 1.24599282572e-05, 5.26037092641e-06, 6.46421949568e-06, 1.53436249093e-05, 1.10277487693e-05, 4.83334315504e-06, 2.85962437374e-06, 5.0370823601e-07, 2.71232943305e-06, 1.31606486775e-06, 3.27089935581e-07, 1.49092556967e-07, 8.56217994283e-08, 4.58546161042e-08, 9.47042337884e-08, 4.56620661282e-08, 4.97053775916e-08, 8.32150490737e-08, 1.30598138526e-07, 6.10532637779e-08, 9.71676161754e-09, 1.12556448537e-14],
        "max": [0.00158684002236, 0.222342371941, 0.100623607635, 0.075571641326, 0.0816738083959, 0.0483548827469, 0.0202082078904, 0.0281074866652, 0.0464542843401, 0.0444477424026, 0.0465542636812, 0.0199906285852, 0.0114986496046, 0.0198772642761, 0.0177036188543, 0.00785765983164, 0.00478222686797, 0.00307781132869, 0.00198498670943, 0.00590265868232, 0.00204210425727, 0.00290086842142, 0.00319814146496, 0.0053039691411, 0.00339509081095, 0.00111990957521, 1.61767673035e-06],
        "mean": [7.63376010582e-05, 0.00718598999083, 0.00489663984627, 0.00186286575627, 0.00414426671341, 0.00205485685728, 0.00124239432625, 0.00081868324196, 0.00168953533284, 0.00241447542794, 0.000574278412387, 0.000575519166887, 0.000341662787832, 0.000720920856111, 0.000570884149056, 0.000252875383012, 0.000229081997531, 0.000156863010488, 0.000126471801195, 0.00014949569595, 0.000132049855893, 0.000120243734273, 0.000119128628285, 0.000142034463352, 8.29581476864e-05, 2.58628278971e-05, 5.9729785562e-09],
        "median": [4.10011634813e-05, 0.00403413269669, 0.00282040797174, 0.000648351269774, 0.00220380839892, 0.00093241315335, 0.00035756919533, 0.000104923288745, 0.000181067080121, 0.000206443393836, 5.88749462622e-05, 7.49582686694e-05, 8.50419164635e-05, 8.38865889818e-05, 0.00010988755821, 7.58969399612e-05, 8.14330996946e-05, 4.97367400385e-05, 4.79480149806e-05, 4.34493667854e-05, 4.45417099399e-05, 3.5093176848e-05, 2.3092590709e-05, 2.45902738243e-05, 1.14361992019e-05, 2.83207623397e-06, 7.49530548738e-10],
        "min": [1.4128064939e-23, 2.21506738489e-24, 2.38213495064e-23, 1.36587195217e-23, 2.03536494957e-23, 3.52439449734e-23, 3.7184839412e-23, 3.80449502342e-23, 6.7798719919e-23, 3.47755887877e-23, 2.22207412633e-23, 5.97187016567e-23, 7.88970336006e-23, 1.39088042058e-22, 1.17723000307e-22, 7.88677510838e-23, 1.42433077354e-22, 2.1541183663e-22, 2.69218915637e-22, 2.48468415463e-22, 3.40086014176e-22, 4.80130029434e-22, 6.31705626026e-22, 7.56011676899e-22, 1.20858902897e-21, 1.57201787909e-21, 2.08343370289e-21],
        "var": [1.68862701599e-08, 0.000256348255789, 5.74749465159e-05, 2.17276065086e-05, 3.74084338546e-05, 1.02138455986e-05, 5.88635521126e-06, 5.89280534768e-06, 2.1077979909e-05, 3.89771084883e-05, 7.43981763662e-06, 2.63739639195e-06, 7.78964533765e-07, 3.80385813514e-06, 2.15504746848e-06, 2.77979410157e-07, 1.60821855388e-07, 8.61614992687e-08, 4.76199666366e-08, 1.13538519031e-07, 6.30387191336e-08, 7.40964054557e-08, 9.50055110138e-08, 1.96533193275e-07, 6.51421885323e-08, 6.77493261492e-09, 2.22198807273e-15]
    },
    "erbbands": {
        "dmean": [0.0809019878507, 1.1231803894, 3.3631606102, 3.95544743538, 6.8779335022, 8.88231945038, 5.78499794006, 9.07643032074, 9.98965263367, 11.5005426407, 9.39041519165, 18.8565216064, 32.3271789551, 18.0776996613, 11.9188518524, 12.8581056595, 8.5692243576, 18.7134017944, 12.6731491089, 11.299328804, 7.07161521912, 5.73417472839, 4.52249336243, 3.26510691643, 3.12609410286, 3.84854531288, 2.79008674622, 2.80484390259, 2.34941577911, 2.16929674149, 1.95498335361, 1.60386431217, 1.41800630093, 0.743024230003, 0.354229748249, 0.127177521586, 0.0322160758078, 0.00327977305278, 6.63250611979e-05, 1.37862843985e-05],
        "dmean2": [0.142654582858, 1.95383274555, 5.83893060684, 6.63174343109, 11.3581724167, 13.9413537979, 9.17044448853, 14.0255060196, 15.5810241699, 17.8381214142, 13.991645813, 27.3037700653, 47.0504646301, 25.9374637604, 16.9156532288, 20.0159664154, 12.6393489838, 28.4059715271, 19.1283397675, 17.2999076843, 10.9382610321, 9.0356760025, 7.28202915192, 5.22950267792, 4.87524080276, 6.01880407333, 4.17555618286, 4.14894676208, 3.34800004959, 3.08924531937, 2.7920563221, 2.35095882416, 1.99291789532, 1.03663754463, 0.529128015041, 0.203116387129, 0.0503846816719, 0.00510088726878, 0.000101624929812, 2.18416698772e-05],
        "dvar": [0.0904793664813, 22.4485931396, 126.218643188, 137.680282593, 468.194610596, 267.407897949, 171.912139893, 377.044586182, 426.937988281, 1122.36450195, 798.017089844, 3400.08276367, 7994.76123047, 3322.67236328, 1914.80041504, 2189.40087891, 488.429962158, 3080.42260742, 1047.11584473, 1037.00720215, 299.761016846, 147.305587769, 97.52784729, 48.6500740051, 54.2721290588, 118.442749023, 54.3090400696, 38.5617523193, 32.3934593201, 32.63804245, 32.9653968811, 28.105588913, 29.000957489, 5.86396503448, 1.32002258301, 0.17212215066, 0.00890672113746, 8.15139428596e-05, 3.13983115063e-08, 1.01231578675e-09],
        "dvar2": [0.262314558029, 63.5110092163, 366.123931885, 359.842926025, 1235.47802734, 641.888000488, 440.963562012, 884.770751953, 932.437866211, 2603.94262695, 1590.0567627, 7372.23632812, 17731.1210938, 7066.34716797, 3827.14648438, 5673.03613281, 1001.44317627, 6885.87304688, 2282.4753418, 2322.25268555, 727.10168457, 374.437316895, 259.794464111, 124.947425842, 134.408248901, 250.141067505, 109.863838196, 74.4454574585, 60.3984146118, 66.0372314453, 66.0160675049, 54.922744751, 54.7780914307, 11.0389451981, 2.80421948433, 0.4000223279, 0.0206822305918, 0.000194932814338, 7.37017842312e-08, 2.70281552694e-09],
        "max": [4.09405231476, 59.9852790833, 136.435974121, 176.946334839, 340.782897949, 271.928405762, 324.743591309, 390.877410889, 332.710784912, 511.952087402, 615.45703125, 1360.96240234, 1700.53283691, 1306.73791504, 1251.7454834, 919.04083252, 626.599731445, 1104.86669922, 696.914611816, 704.501708984, 460.328735352, 284.425109863, 159.727478027, 112.135284424, 142.282455444, 333.010681152, 106.123512268, 97.0134353638, 104.305107117, 105.260276794, 86.9492263794, 98.2378616333, 142.151672363, 47.4438934326, 20.3752670288, 7.56118059158, 1.41761124134, 0.128430783749, 0.00240395800211, 0.000413348781876],
        "mean": [0.152770876884, 1.83492982388, 5.49283647537, 6.28676223755, 9.52302742004, 15.5602216721, 12.6879062653, 17.6040058136, 19.0370960236, 20.1009922028, 16.8242721558, 32.9722976685, 73.0354690552, 60.6617050171, 24.353969574, 24.1722564697, 17.8514785767, 37.5954818726, 27.5745220184, 23.0371017456, 14.7511558533, 12.0691509247, 9.46480369568, 6.85679340363, 6.76402854919, 7.18763494492, 5.36497926712, 5.23754787445, 4.22278118134, 3.76083755493, 3.288012743, 2.83986139297, 2.45814085007, 1.14760196209, 0.478060394526, 0.156418085098, 0.0396153144538, 0.00385597045533, 9.44285930018e-05, 4.05124628742e-05],
        "median": [0.0831550434232, 1.0537904501, 3.26511096954, 3.57297468185, 4.10513162613, 7.80035829544, 6.11118459702, 8.11887741089, 7.15318059921, 4.42849636078, 3.04038405418, 4.95137548447, 8.35523986816, 5.00482416153, 3.77787399292, 3.64206504822, 4.6544008255, 4.9825553894, 5.30641794205, 5.68887853622, 4.39321899414, 4.51160430908, 3.42002940178, 2.60395431519, 2.24257111549, 2.09876847267, 1.7308191061, 1.80662357807, 1.30525767803, 0.847626149654, 0.631521642208, 0.536634266376, 0.373031944036, 0.167325288057, 0.0569095872343, 0.0164527390152, 0.00455822981894, 0.00045368768042, 2.64563022938e-05, 3.05252870021e-05],
        "min": [1.7789882477e-22, 5.8537765522e-22, 1.72596760117e-20, 5.17320919977e-20, 3.48745937848e-20, 9.53231628796e-20, 2.24569325797e-19, 3.82575246757e-19, 3.39737217194e-19, 8.07262672089e-19, 1.07145511245e-18, 9.25442534892e-19, 4.78819598033e-19, 1.67812736488e-18, 1.25002562232e-18, 2.516376688e-18, 4.10465259281e-18, 8.17239225079e-18, 4.82118621791e-18, 7.21886972584e-18, 6.24953853861e-18, 8.00598501824e-18, 1.00336379645e-17, 1.22165560205e-17, 1.41187918424e-17, 1.11139623143e-17, 1.11304662219e-17, 1.63205514184e-17, 1.57813504273e-17, 2.06172203419e-17, 1.99837852811e-17, 1.63173419576e-17, 1.39928006545e-17, 1.11722744116e-17, 9.97794058518e-18, 5.22213513647e-18, 2.76256776538e-18, 1.14099628995e-18, 2.85097543338e-19, 3.1068041084e-20],
        "var": [0.0861350893974, 17.5011119843, 87.5120620728, 136.956481934, 422.334442139, 524.002380371, 385.820861816, 801.236572266, 1084.86169434, 2595.40722656, 1892.93896484, 8735.11132812, 34507.359375, 36298.3828125, 6929.00439453, 4546.85351562, 1934.95922852, 9881.28613281, 3728.56884766, 2892.93457031, 898.80291748, 407.220977783, 262.816192627, 139.665634155, 157.507141113, 278.177276611, 122.88470459, 101.058181763, 87.3321151733, 85.8591995239, 76.1717453003, 67.8971862793, 67.9859466553, 13.1074390411, 2.27122592926, 0.269328176975, 0.0148557377979, 0.000128123705508, 5.30677262134e-08, 1.58108359738e-09]
    },
    "gfcc": {
        "mean": [-14.2490816116, 108.409934998, -101.9506073, 42.6978874207, -55.8646736145, 22.8645305634, -38.2817382812, 7.71268844604, -21.331161499, 2.15991020203, -15.9209957123, -1.7901045084, -4.35068702698],
        "cov": [[7353.57958984, -717.229125977, -457.91595459, 125.117492676, -174.402816772, 244.692840576, -199.158233643, 120.639526367, -218.163101196, 40.604309082, -131.140365601, 93.2456893921, 14.9180440903], [-717.229125977, 947.356628418, -202.866088867, -135.522476196, 70.9384765625, -175.133728027, 119.170379639, -90.2718887329, 120.504264832, -58.3062133789, 93.5632629395, -118.314163208, 44.3489265442], [-457.91595459, -202.866088867, 657.335083008, 120.418678284, -91.8909759521, -41.564125061, -152.529586792, -30.8353271484, -5.26324462891, 85.0235137939, -57.2814483643, 21.3480110168, -157.675598145], [125.117492676, -135.522476196, 120.418678284, 276.995483398, 12.2035293579, 2.37608098984, -58.3249664307, -29.4525756836, 5.70598220825, -12.5974493027, -0.736480176449, 7.50514602661, 5.04860782623], [-174.402816772, 70.9384765625, -91.8909759521, 12.2035293579, 177.129257202, 7.88198900223, 30.9759502411, -3.97426891327, -4.35136604309, -19.8680953979, 2.95418167114, 0.491307854652, 54.9594459534], [244.692840576, -175.133728027, -41.564125061, 2.37608098984, 7.88198900223, 151.55921936, 39.1073989868, 27.4549217224, -46.6932907104, -12.1572666168, 11.0513515472, 10.0894193649, 26.9208126068], [-199.158233643, 119.170379639, -152.529586792, -58.3249664307, 30.9759502411, 39.1073989868, 182.256530762, 20.7771129608, -18.3163452148, -38.9720687866, 27.8033447266, -2.64970016479, 35.6969680786], [120.639526367, -90.2718887329, -30.8353271484, -29.4525756836, -3.97426891327, 27.4549217224, 20.7771129608, 96.2493515015, 15.2590456009, -2.99638676643, -12.6882429123, 9.53965377808, 16.8507900238], [-218.163101196, 120.504264832, -5.26324462891, 5.70598220825, -4.35136604309, -46.6932907104, -18.3163452148, 15.2590456009, 118.68926239, 16.9406681061, 5.84314155579, -34.8535728455, -1.41927421093], [40.604309082, -58.3062133789, 85.0235137939, -12.5974493027, -19.8680953979, -12.1572666168, -38.9720687866, -2.99638676643, 16.9406681061, 85.208114624, -4.49705839157, 0.801570534706, -50.4896621704], [-131.140365601, 93.5632629395, -57.2814483643, -0.736480176449, 2.95418167114, 11.0513515472, 27.8033447266, -12.6882429123, 5.84314155579, -4.49705839157, 91.2874832153, 6.63573026657, 34.3842353821], [93.2456893921, -118.314163208, 21.3480110168, 7.50514602661, 0.491307854652, 10.0894193649, -2.64970016479, 9.53965377808, -34.8535728455, 0.801570534706, 6.63573026657, 82.2688522339, 18.4979057312], [14.9180440903, 44.3489265442, -157.675598145, 5.04860782623, 54.9594459534, 26.9208126068, 35.6969680786, 16.8507900238, -1.41927421093, -50.4896621704, 34.3842353821, 18.4979057312, 138.870544434]],
        "icov": [[0.000239370434429, -0.000272053352091, 0.000495558080729, -0.000420500728069, 0.000417484960053, -0.000542666530237, 0.000638339843135, -0.000524375762325, 0.000653542170767, -0.000542512105312, 0.000603803666309, -0.000417571311118, 0.00019419164164], [-0.000272053352091, 0.00456437002867, -0.000970681780018, 0.00267412071116, -0.00169539789204, 0.00500183971599, -0.00316843856126, 0.00406965659931, -0.0032801204361, 0.00343064544722, -0.00428163725883, 0.00484526855871, -0.000977301038802], [0.000495558080729, -0.000970681780018, 0.00392178306356, -0.00214340607636, 0.00145228777546, -0.00149446714204, 0.00277241901495, -0.0014052730985, 0.00179619551636, -0.00225442438386, 0.00207642815076, -0.00240419385955, 0.00296517368406], [-0.000420500728069, 0.00267412071116, -0.00214340607636, 0.00650886399671, -0.00198099785484, 0.00231421203353, -0.00119723600801, 0.00411906791851, -0.00350266392343, 0.00429215934128, -0.0031491201371, 0.00253261253238, -0.00136870029382], [0.000417484960053, -0.00169539789204, 0.00145228777546, -0.00198099785484, 0.00794353336096, -0.00197068345733, 0.000835817598272, -0.000941841688473, 0.00213108677417, -0.0027566193603, 0.00353479152545, -0.00161885598209, -0.00228474941105], [-0.000542666530237, 0.00500183971599, -0.00149446714204, 0.00231421203353, -0.00197068345733, 0.014826098457, -0.00515344878659, 0.00134350918233, 0.000511482357979, 0.00279842945747, -0.00621909508482, 0.00714178709313, -0.002641355386], [0.000638339843135, -0.00316843856126, 0.00277241901495, -0.00119723600801, 0.000835817598272, -0.00515344878659, 0.0112989833578, -0.00473670661449, 0.00390683999285, -9.6436815511e-05, 0.00141127512325, -0.00338800880127, 0.00257995165884], [-0.000524375762325, 0.00406965659931, -0.0014052730985, 0.00411906791851, -0.000941841688473, 0.00134350918233, -0.00473670661449, 0.0179721899331, -0.0080411080271, 0.00341486884281, -0.000331046059728, 0.00124863302335, -0.00276452535763], [0.000653542170767, -0.0032801204361, 0.00179619551636, -0.00350266392343, 0.00213108677417, 0.000511482357979, 0.00390683999285, -0.0080411080271, 0.0167107786983, -0.00651265960187, 0.00167860847432, 0.00256145908497, -0.000780873000622], [-0.000542512105312, 0.00343064544722, -0.00225442438386, 0.00429215934128, -0.0027566193603, 0.00279842945747, -9.6436815511e-05, 0.00341486884281, -0.00651265960187, 0.0212065521628, -0.00608196761459, 0.00133189128246, 0.00537789519876], [0.000603803666309, -0.00428163725883, 0.00207642815076, -0.0031491201371, 0.00353479152545, -0.00621909508482, 0.00141127512325, -0.000331046059728, 0.00167860847432, -0.00608196761459, 0.0187334548682, -0.00639668852091, -0.00272175832652], [-0.000417571311118, 0.00484526855871, -0.00240419385955, 0.00253261253238, -0.00161885598209, 0.00714178709313, -0.00338800880127, 0.00124863302335, 0.00256145908497, 0.00133189128246, -0.00639668852091, 0.0216117929667, -0.00513325259089], [0.00019419164164, -0.000977301038802, 0.00296517368406, -0.00136870029382, -0.00228474941105, -0.002641355386, 0.00257995165884, -0.00276452535763, -0.000780873000622, 0.00537789519876, -0.00272175832652, -0.00513325259089, 0.0153021272272]]
    },
    "melbands": {
        "dmean": [0.000974199385382, 0.00166835053824, 0.000725285033695, 0.000598597805947, 0.000226885749726, 0.000202963899937, 0.000151710119098, 0.000126098326291, 7.90308695287e-05, 0.000135672060424, 0.000162131618708, 7.74036525399e-05, 4.31669614045e-05, 4.18476956838e-05, 2.16964399442e-05, 2.1570820536e-05, 3.81490863219e-05, 2.10293401324e-05, 2.22999842663e-05, 1.11518047561e-05, 8.67610924615e-06, 6.42903341941e-06, 6.31960756436e-06, 3.52146639671e-06, 2.7969799703e-06, 2.60879642155e-06, 2.74315289062e-06, 2.6054412956e-06, 1.98911288862e-06, 1.69583245224e-06, 1.76198193458e-06, 1.46648710597e-06, 1.26583643123e-06, 1.2644089793e-06, 1.1764619785e-06, 1.10141888854e-06, 1.04118464606e-06, 1.10770042738e-06, 8.48827141908e-07, 5.85336863423e-07],
        "dmean2": [0.00169880653266, 0.00291445082985, 0.00121317070443, 0.000948372180574, 0.000361559243174, 0.000312732008751, 0.000235969069763, 0.00019426275685, 0.000117877192679, 0.000194438020117, 0.000235693398281, 0.000110850967758, 6.20880891802e-05, 6.56642368995e-05, 3.29286522174e-05, 3.20233630191e-05, 5.85056041018e-05, 3.2076426578e-05, 3.3179334423e-05, 1.76521916728e-05, 1.34954252644e-05, 1.03274051071e-05, 1.02572248579e-05, 5.76700540478e-06, 4.57776923213e-06, 4.19508842242e-06, 4.25909911428e-06, 4.12675490225e-06, 3.08018934447e-06, 2.57572105511e-06, 2.62937737716e-06, 2.18629475057e-06, 1.85802332453e-06, 1.86900388144e-06, 1.71026249518e-06, 1.6560087488e-06, 1.53477242293e-06, 1.61485627359e-06, 1.19852165881e-06, 8.38409846438e-07],
        "dvar": [1.5303514374e-05, 3.79374323529e-05, 4.73681484436e-06, 1.9552953745e-06, 1.89698852182e-07, 1.83475620474e-07, 9.47959080122e-08, 1.42447291296e-07, 5.60925066395e-08, 1.58851747756e-07, 1.98332770651e-07, 6.41680060198e-08, 3.58345815243e-08, 1.91891853518e-08, 3.68349217794e-09, 3.52658191538e-09, 1.24654260247e-08, 3.3453384507e-09, 5.28397015032e-09, 9.63623847383e-10, 4.9885195974e-10, 1.97697233584e-10, 2.02780181535e-10, 5.81686192269e-11, 3.63081405219e-11, 3.64019647758e-11, 5.0815209679e-11, 5.31552961369e-11, 3.00597498282e-11, 1.51389838166e-11, 1.59201419409e-11, 1.33921363582e-11, 1.05183691618e-11, 1.18955409759e-11, 1.1990543107e-11, 1.24758198564e-11, 1.24220685821e-11, 2.06534338243e-11, 9.28363722702e-12, 3.84569806555e-12],
        "dvar2": [4.34331377619e-05, 0.000109072985651, 1.21861658045e-05, 5.02299553773e-06, 4.75491560792e-07, 4.41809874019e-07, 2.0525598643e-07, 3.39525939808e-07, 1.15216955976e-07, 3.38698868063e-07, 4.34146585349e-07, 1.3345795935e-07, 7.93181555991e-08, 4.82306141691e-08, 8.8672598153e-09, 7.62569740687e-09, 2.78312430879e-08, 7.60496732255e-09, 1.11015143744e-08, 2.35707098284e-09, 1.23647048156e-09, 5.30076260663e-10, 5.32704491629e-10, 1.54403684283e-10, 9.52501758023e-11, 9.52133996646e-11, 1.13800954771e-10, 1.181303666e-10, 6.7026426076e-11, 3.17524895266e-11, 3.18045312309e-11, 2.62753516861e-11, 2.26346909965e-11, 2.45586138231e-11, 2.44652631487e-11, 2.6402957945e-11, 2.55500707397e-11, 4.23628562785e-11, 1.87322397177e-11, 7.79716482352e-12],
        "max": [0.0514828339219, 0.0775731354952, 0.0318836160004, 0.0225352216512, 0.00881693419069, 0.00814065616578, 0.0047366451472, 0.00635954597965, 0.00437817582861, 0.00743385311216, 0.00849517807364, 0.00571266002953, 0.00640193140134, 0.00258962064981, 0.0011019933736, 0.00116280920338, 0.00220154901035, 0.00105437252205, 0.00198141764849, 0.000733382534236, 0.000492905150168, 0.00029235612601, 0.000231681333389, 0.000164039418451, 9.07433859538e-05, 0.000101622688817, 0.000231661382713, 0.000199943577172, 8.46011243993e-05, 5.72789758735e-05, 7.19433737686e-05, 6.71867164783e-05, 5.90941162955e-05, 6.77824718878e-05, 5.74600635446e-05, 6.56010597595e-05, 6.91761815688e-05, 0.00013487925753, 6.36578115518e-05, 4.55185145256e-05],
        "mean": [0.00173487432767, 0.00279799895361, 0.00117265956942, 0.000957041571382, 0.000502603419591, 0.000398488336941, 0.00028774846578, 0.000211658421904, 0.000138776900712, 0.000232765640249, 0.000362836872227, 0.000250139331911, 8.26376635814e-05, 7.33253909857e-05, 4.0859940782e-05, 3.99222699343e-05, 7.39943279768e-05, 4.05180398957e-05, 4.37386079284e-05, 2.01731127163e-05, 1.6599200535e-05, 1.24310954561e-05, 1.12135267045e-05, 6.94842037774e-06, 5.28867940375e-06, 4.87762827106e-06, 5.32877902515e-06, 4.45417572337e-06, 3.40618544215e-06, 3.07426353174e-06, 3.03930710288e-06, 2.45357841777e-06, 2.14980218516e-06, 2.06625827559e-06, 1.87006605756e-06, 1.8056762201e-06, 1.72461909642e-06, 1.87420255315e-06, 1.29671843752e-06, 8.61264481955e-07],
        "median": [0.000948992092162, 0.00195614411496, 0.000697779643815, 0.000472212093882, 0.000264792441158, 0.000181557639735, 0.000105788785731, 4.02361765737e-05, 2.05673695746e-05, 2.70943819487e-05, 3.58580437023e-05, 1.72982836375e-05, 1.0581301467e-05, 8.6882719188e-06, 9.13365056476e-06, 8.83029497345e-06, 8.41998280521e-06, 7.39567349228e-06, 8.15509702079e-06, 6.24076437816e-06, 4.66951360067e-06, 4.53791017208e-06, 3.43923284163e-06, 2.28752855946e-06, 1.92011930267e-06, 1.62010610438e-06, 1.53963628691e-06, 1.25920689698e-06, 9.79238279797e-07, 1.05215553958e-06, 9.6397377547e-07, 7.32123226044e-07, 5.83966198064e-07, 4.06670864095e-07, 3.32772088996e-07, 3.38118297805e-07, 3.12269747837e-07, 2.74344017726e-07, 1.91570549646e-07, 1.19314066183e-07],
        "min": [1.83610846678e-24, 6.4390684614e-24, 8.20043709057e-24, 4.43929305046e-24, 8.24673454824e-24, 7.86964010288e-24, 5.966865001e-24, 8.44402866064e-24, 9.08489847118e-24, 7.17418742859e-24, 1.84881918533e-24, 6.64848578818e-24, 3.50387007208e-24, 5.75648210847e-24, 5.70912284402e-24, 9.41244061877e-24, 1.64737065531e-23, 8.02615878395e-24, 9.00043040089e-24, 5.91861629589e-24, 7.74457488383e-24, 7.97322306177e-24, 1.0604270607e-23, 7.72407554435e-24, 8.86190721479e-24, 1.11146296917e-23, 8.84138578721e-24, 7.17470728793e-24, 6.8127558165e-24, 7.01954939192e-24, 1.04983644528e-23, 7.83801309147e-24, 1.06994166985e-23, 9.91316218975e-24, 1.2778920309e-23, 8.70925395216e-24, 9.18124284239e-24, 1.00012361432e-23, 9.44599323965e-24, 9.85103939347e-24],
        "var": [1.35493655762e-05, 2.61835884885e-05, 4.63108062831e-06, 2.54818951362e-06, 4.54589383025e-07, 3.95337139025e-07, 2.4813652999e-07, 3.18257889376e-07, 1.414112063e-07, 3.938759221e-07, 8.66498169216e-07, 6.84680230734e-07, 1.33665224666e-07, 4.44781065312e-08, 9.5890246854e-09, 9.49938350203e-09, 4.26918838059e-08, 9.73222391565e-09, 1.6974032846e-08, 1.8329465723e-09, 1.25462396028e-09, 4.88189821901e-10, 4.31260555045e-10, 1.53693224814e-10, 8.83945000529e-11, 8.47475353782e-11, 1.40263689552e-10, 1.08907743934e-10, 5.76056077839e-11, 3.40281483546e-11, 3.93454609171e-11, 3.19457758857e-11, 2.58925970942e-11, 2.8755220427e-11, 2.59863484897e-11, 2.52124935513e-11, 2.83679069818e-11, 4.43465229816e-11, 1.8111147998e-11, 7.854098448e-12]
    },
    "mfcc": {
        "mean": [-657.144714355, 129.376083374, 16.7854480743, 26.0602436066, 11.4969768524, 12.8865375519, 0.919582843781, 2.78407216072, 3.26254248619, 2.67661428452, -2.86371064186, -2.056848526, -4.20363521576],
        "cov": [[5558.984375, -631.842956543, -359.625732422, -132.880935669, 15.1894617081, 2.21446657181, 103.862976074, 43.0341796875, 26.793094635, -9.18348789215, -94.9693222046, -51.0234909058, -130.087722778], [-631.842956543, 928.903686523, -177.027572632, 12.8609266281, -91.0468292236, -42.0195541382, -35.8478813171, -48.6033554077, -2.76472496986, 3.22313427925, 51.2068634033, 37.2427253723, 4.13804578781], [-359.625732422, -177.027572632, 573.719848633, 64.6764831543, 31.8901424408, 12.5099992752, -106.059165955, -55.6695976257, -68.8667907715, -23.8954696655, 60.7305183411, 37.5905036926, 45.0523605347], [-132.880935669, 12.8609266281, 64.6764831543, 212.460678101, 52.3092803955, 23.5896129608, -44.3943824768, -13.6468706131, -8.11513137817, -10.9765672684, -17.3386669159, -5.71677827835, 30.9903240204], [15.1894617081, -91.0468292236, 31.8901424408, 52.3092803955, 170.289550781, 11.6671791077, -26.6591873169, -17.9516544342, 9.90153980255, 10.5425195694, -35.8010940552, -17.13489151, 0.872090220451], [2.21446657181, -42.0195541382, 12.5099992752, 23.5896129608, 11.6671791077, 97.5680389404, 40.7066802979, 0.695798158646, -17.2477226257, -4.53610181808, -1.93568837643, -12.2281341553, -5.56928539276], [103.862976074, -35.8478813171, -106.059165955, -44.3943824768, -26.6591873169, 40.7066802979, 168.590911865, 58.0443496704, 3.85697507858, -7.43503522873, -32.692325592, -20.8663539886, -12.4964389801], [43.0341796875, -48.6033554077, -55.6695976257, -13.6468706131, -17.9516544342, 0.695798158646, 58.0443496704, 94.474029541, 29.0864963531, -2.725669384, -21.9825668335, -14.3234491348, -2.65495729446], [26.793094635, -2.76472496986, -68.8667907715, -8.11513137817, 9.90153980255, -17.2477226257, 3.85697507858, 29.0864963531, 86.3268737793, 27.524597168, -12.2288351059, -16.2635974884, -11.0122995377], [-9.18348789215, 3.22313427925, -23.8954696655, -10.9765672684, 10.5425195694, -4.53610181808, -7.43503522873, -2.725669384, 27.524597168, 71.3545455933, 19.866645813, -9.43511962891, -10.3971881866], [-94.9693222046, 51.2068634033, 60.7305183411, -17.3386669159, -35.8010940552, -1.93568837643, -32.692325592, -21.9825668335, -12.2288351059, 19.866645813, 99.4972305298, 34.5924072266, -4.53503274918], [-51.0234909058, 37.2427253723, 37.5905036926, -5.71677827835, -17.13489151, -12.2281341553, -20.8663539886, -14.3234491348, -16.2635974884, -9.43511962891, 34.5924072266, 71.4789352417, 21.1313285828], [-130.087722778, 4.13804578781, 45.0523605347, 30.9903240204, 0.872090220451, -5.56928539276, -12.4964389801, -2.65495729446, -11.0122995377, -10.3971881866, -4.53503274918, 21.1313285828, 66.0369644165]],
