{
"lowlevel": {
    "average_loudness": 0.976360440254,
    "barkbands_crest": {
        "dmean": 1.51504087448,
        "dmean2": 2.26457929611,
        "dvar": 2.63829660416,
        "dvar2": 6.7382941246,
        "max": 24.2593326569,
        "mean": 11.6713647842,
        "median": 11.3074970245,
        "min": 4.31764602661,
        "var": 11.3729467392
    },
    "barkbands_flatness_db": {
        "dmean": 0.0169062949717,
        "dmean2": 0.0270287133753,
        "dvar": 0.000318910228088,
        "dvar2": 0.000629284826573,
        "max": 0.418823331594,
        "mean": 0.259890109301,
        "median": 0.256170421839,
        "min": 0.111180149019,
        "var": 0.00264939409681
    },
    "barkbands_kurtosis": {
        "dmean": 3.22254872322,
        "dmean2": 4.79391908646,
        "dvar": 28.1955699921,
        "dvar2": 61.5164527893,
        "max": 102.318305969,
        "mean": 10.5916147232,
        "median": 8.46811389923,
        "min": -1.587438941,
        "var": 95.6926879883
    },
    "barkbands_skewness": {
        "dmean": 0.388306945562,
        "dmean2": 0.580533087254,
        "dvar": 0.204654991627,
        "dvar2": 0.4417732656,
        "max": 7.77828836441,
        "mean": 2.45581436157,
        "median": 2.46894836426,
        "min": -0.67887198925,
        "var": 1.27798235416
    },
    "barkbands_spread": {
        "dmean": 1.48742747307,
        "dmean2": 2.2135488987,
        "dvar": 9.50763988495,
        "dvar2": 17.9010658264,
        "max": 63.4113121033,
        "mean": 7.33504056931,
        "median": 5.96779918671,
        "min": 0.88581007719,
        "var": 31.0013370514
    },
    "dissonance": {
        "dmean": 0.0199121367186,
        "dmean2": 0.033586718142,
        "dvar": 0.000343995983712,
        "dvar2": 0.000952332513407,
        "max": 0.499999910593,
        "mean": 0.452975422144,
        "median": 0.456813335419,
        "min": 0.335902184248,
        "var": 0.000766014505643
    },
    "dynamic_complexity": 1.77178931236,
    "erbbands_crest": {
        "dmean": 1.76082348824,
        "dmean2": 2.83816146851,
        "dvar": 2.83496975899,
        "dvar2": 7.4502620697,
        "max": 24.7410087585,
        "mean": 8.22419261932,
        "median": 7.55238485336,
        "min": 3.10038137436,
        "var": 9.46664237976
    },
    "erbbands_flatness_db": {
        "dmean": 0.0107137998566,
        "dmean2": 0.0165333598852,
        "dvar": 0.000111390661914,
        "dvar2": 0.000249230099143,
        "max": 0.327612608671,
        "mean": 0.217009663582,
        "median": 0.213914215565,
        "min": 0.12249019742,
        "var": 0.000821265857667
    },
    "erbbands_kurtosis": {
        "dmean": 0.735985577106,
        "dmean2": 1.18069767952,
        "dvar": 0.893869817257,
        "dvar2": 2.43032050133,
        "max": 13.2664432526,
        "mean": 0.805100142956,
        "median": 0.324298143387,
        "min": -1.69429194927,
        "var": 3.2434668541
    },
    "erbbands_skewness": {
        "dmean": 0.274560421705,
        "dmean2": 0.417686641216,
        "dvar": 0.0775717273355,
        "dvar2": 0.174184426665,
        "max": 2.78942322731,
        "mean": 0.58709025383,
        "median": 0.666411101818,
        "min": -3.51200389862,
        "var": 0.418962270021
    },
    "erbbands_spread": {
        "dmean": 4.11802577972,
        "dmean2": 6.49038553238,
        "dvar": 30.7888565063,
        "dvar2": 74.9919509888,
        "max": 108.949378967,
        "mean": 28.0678691864,
        "median": 26.9543304443,
        "min": 5.8262424469,
        "var": 139.614440918
    },
    "hfc": {
        "dmean": 3.21472764015,
        "dmean2": 4.71937036514,
        "dvar": 44.8886566162,
        "dvar2": 101.710586548,
        "max": 138.073043823,
        "mean": 15.5470561981,
        "median": 13.3338947296,
        "min": 0.000324699329212,
        "var": 110.366638184
    },
    "melbands_crest": {
        "dmean": 1.59437763691,
        "dmean2": 2.47569441795,
        "dvar": 3.05938839912,
        "dvar2": 7.64787054062,
        "max": 29.0171604156,
        "mean": 15.0210695267,
        "median": 15.1790075302,
        "min": 4.36074733734,
        "var": 14.347527504
    },
    "melbands_flatness_db": {
        "dmean": 0.0169991794974,
        "dmean2": 0.024528965354,
        "dvar": 0.0004995338968,
        "dvar2": 0.000812341982964,
        "max": 0.54818379879,
        "mean": 0.332078307867,
        "median": 0.332491189241,
        "min": 0.135556131601,
        "var": 0.00550434039906
    },
    "melbands_kurtosis": {
        "dmean": 5.77894163132,
        "dmean2": 8.66965579987,
        "dvar": 82.1556777954,
        "dvar2": 173.500823975,
        "max": 195.20980835,
        "mean": 20.3178977966,
        "median": 16.2642345428,
        "min": -1.46225559711,
        "var": 339.385253906
    },
    "melbands_skewness": {
        "dmean": 0.478160768747,
        "dmean2": 0.725342571735,
        "dvar": 0.291001528502,
        "dvar2": 0.639653563499,
        "max": 10.5234823227,
        "mean": 3.2601120472,
        "median": 3.24193263054,
        "min": -0.41440397501,
        "var": 1.96812844276
    },
    "melbands_spread": {
        "dmean": 1.60404586792,
        "dmean2": 2.44985342026,
        "dvar": 7.76060581207,
        "dvar2": 17.8579311371,
        "max": 46.8227882385,
        "mean": 7.5956788063,
        "median": 5.61171627045,
        "min": 0.849574148655,
        "var": 39.0577850342
    },
    "pitch_salience": {
        "dmean": 0.0438734926283,
        "dmean2": 0.0661056637764,
        "dvar": 0.00168788409792,
        "dvar2": 0.00402891496196,
        "max": 0.818613648415,
        "mean": 0.552470982075,
        "median": 0.560198545456,
        "min": 0.178434848785,
        "var": 0.010874658823
    },
    "silence_rate_20dB": {
        "dmean": 0.00619674660265,
        "dmean2": 0.0123982951045,
        "dvar": 0.00615834025666,
        "dvar2": 0.0161190126091,
        "max": 1,
        "mean": 0.99574136734,
        "median": 1,
        "min": 0,
        "var": 0.00424047466367
    },
    "silence_rate_30dB": {
        "dmean": 0.0619674660265,
        "dmean2": 0.123982951045,
        "dvar": 0.0581277348101,
        "dvar2": 0.125659629703,
        "max": 1,
        "mean": 0.859078586102,
        "median": 1,
        "min": 0,
        "var": 0.121061965823
    },
    "silence_rate_60dB": {
        "dmean": 0.00154918665066,
        "dmean2": 0.00309957377613,
        "dvar": 0.00154677114915,
        "dvar2": 0.00386484852061,
        "max": 1,
        "mean": 0.0112272547558,
        "median": 0,
        "min": 0,
        "var": 0.0111010354012
    },
    "spectral_centroid": {
        "dmean": 73.9289321899,
        "dmean2": 113.626838684,
        "dvar": 25381.7421875,
        "dvar2": 42925.90625,
        "max": 3321.4309082,
        "mean": 499.529510498,
        "median": 434.989074707,
        "min": 172.937210083,
        "var": 81632.640625
    },
    "spectral_complexity": {
        "dmean": 1.95429897308,
        "dmean2": 3.19876027107,
        "dvar": 3.66638088226,
        "dvar2": 8.63426780701,
        "max": 44,
        "mean": 15.2086725235,
        "median": 15,
        "min": 0,
        "var": 19.6687698364
    },
    "spectral_decrease": {
        "dmean": 3.71649999664e-09,
        "dmean2": 5.3254280985e-09,
        "dvar": 8.4932853889e-17,
        "dvar2": 1.85776136431e-16,
        "max": -5.10375812793e-13,
        "mean": -1.80566086527e-08,
        "median": -1.76012466824e-08,
        "min": -1.49071979649e-07,
        "var": 1.60720835677e-16
    },
    "spectral_energy": {
        "dmean": 0.0142625728622,
        "dmean2": 0.02044727467,
        "dvar": 0.00122795358766,
        "dvar2": 0.00268293474801,
        "max": 0.567995071411,
        "mean": 0.0695599317551,
        "median": 0.0677566379309,
        "min": 1.95571237782e-06,
        "var": 0.00233511254191
    },
    "spectral_energyband_high": {
        "dmean": 7.28540617274e-05,
        "dmean2": 0.000109853601316,
        "dvar": 4.34519421333e-07,
        "dvar2": 9.10169546842e-07,
        "max": 0.0230159405619,
        "mean": 0.000116816830996,
        "median": 5.39843749721e-05,
        "min": 6.38734343195e-10,
        "var": 4.53265698752e-07
    },
    "spectral_energyband_low": {
        "dmean": 0.0118818581104,
        "dmean2": 0.0169695243239,
        "dvar": 0.00118308758829,
        "dvar2": 0.00269073876552,
        "max": 0.539056539536,
        "mean": 0.0478714033961,
        "median": 0.047190181911,
        "min": 1.47541550177e-06,
        "var": 0.00202785083093
    },
    "spectral_energyband_middle_high": {
        "dmean": 0.00121926551219,
        "dmean2": 0.00184897880536,
        "dvar": 7.08590323484e-06,
        "dvar2": 1.77870060725e-05,
        "max": 0.0486439466476,
        "mean": 0.00422725919634,
        "median": 0.00231130700558,
        "min": 5.66766189536e-08,
        "var": 3.84327213396e-05
    },
    "spectral_energyband_middle_low": {
        "dmean": 0.00514021748677,
        "dmean2": 0.00788562744856,
        "dvar": 4.59875118395e-05,
        "dvar2": 0.000106647210487,
        "max": 0.155263677239,
        "mean": 0.0234049037099,
        "median": 0.0198352634907,
        "min": 5.41583744962e-07,
        "var": 0.000210409009014
    },
    "spectral_entropy": {
        "dmean": 0.122877411544,
        "dmean2": 0.185011401772,
        "dvar": 0.0188121777028,
        "dvar2": 0.0381515100598,
        "max": 8.11528301239,
        "mean": 6.74290513992,
        "median": 6.77562046051,
        "min": 5.49306726456,
        "var": 0.159202903509
    },
    "spectral_flux": {
        "dmean": 0.0228685196489,
        "dmean2": 0.0373525209725,
        "dvar": 0.00175293663051,
        "dvar2": 0.00415697135031,
        "max": 0.67794829607,
        "mean": 0.0737766027451,
        "median": 0.0599737502635,
        "min": 0.00139846792445,
        "var": 0.00305023859255
    },
    "spectral_kurtosis": {
        "dmean": 5.35340690613,
        "dmean2": 9.31008338928,
        "dvar": 33.3291473389,
        "dvar2": 95.2397003174,
        "max": 96.374130249,
        "mean": 12.1710910797,
        "median": 9.31928539276,
        "min": -0.958236217499,
        "var": 112.312149048
    },
    "spectral_rms": {
        "dmean": 0.000749300757889,
        "dmean2": 0.00103979930282,
        "dvar": 1.74431511368e-06,
        "dvar2": 3.25973360304e-06,
        "max": 0.0235402118415,
        "mean": 0.00780973443761,
        "median": 0.00813043862581,
        "min": 4.36807968072e-05,
        "var": 6.87153169565e-06
    },
    "spectral_rolloff": {
        "dmean": 93.4962997437,
        "dmean2": 154.210220337,
        "dvar": 81412.6328125,
        "dvar2": 198740.984375,
        "max": 5426.3671875,
        "mean": 434.831237793,
        "median": 279.931640625,
        "min": 86.1328125,
        "var": 148967.421875
    },
    "spectral_skewness": {
        "dmean": 0.447293043137,
        "dmean2": 0.756243765354,
        "dvar": 0.167904064059,
        "dvar2": 0.446267694235,
        "max": 7.91198921204,
        "mean": 2.49952912331,
        "median": 2.37259960175,
        "min": -0.377824693918,
        "var": 0.874750852585
    },
    "spectral_spread": {
        "dmean": 288153.59375,
        "dmean2": 463710.53125,
        "dvar": 96304218112,
        "dvar2": 216292179968,
        "max": 6455622.5,
        "mean": 2614160,
        "median": 2599551.5,
        "min": 863098.4375,
        "var": 428662226944
    },
    "spectral_strongpeak": {
        "dmean": 0.225649744272,
        "dmean2": 0.402712762356,
        "dvar": 0.163720265031,
        "dvar2": 0.420885145664,
        "max": 5.96608304977,
        "mean": 0.556580483913,
        "median": 0.420463949442,
        "min": 0.00232658605091,
        "var": 0.21653945744
    },
    "zerocrossingrate": {
        "dmean": 0.00305525632575,
        "dmean2": 0.00390152051114,
        "dvar": 1.25203168864e-05,
        "dvar2": 1.71675219462e-05,
        "max": 0.0927734375,
        "mean": 0.019718773663,
        "median": 0.01708984375,
        "min": 0.0029296875,
        "var": 0.000111872977868
    },
    "barkbands": {
        "dmean": [0.000572484277654, 0.0079977447167, 0.00420643342659, 0.00261309160851, 0.00223545148037, 0.00149820186198, 0.000682043319102, 0.00030623388011, 0.000396533228923, 0.00047741830349, 0.000448690640042, 0.000515132502187, 0.000227545053349, 0.000166273981449, 9.48201777646e-05, 4.10639149777e-05, 4.09612621297e-05, 3.61977581633e-05, 8.01929782028e-05, 2.285294795e-05, 3.13566997647e-05, 2.84827674477e-05, 1.16719811558e-05, 4.25635380452e-06, 5.65368054595e-07, 3.43908834743e-09, 3.30121241454e-09],
        "dmean2": [0.000936375174206, 0.0113742453977, 0.00601348979399, 0.00396162318066, 0.00352654419839, 0.00224626949057, 0.00100908335298, 0.00048578256974, 0.000615287164692, 0.000737046531867, 0.000685976818204, 0.00081121083349, 0.000379296194296, 0.000278754392639, 0.000162249576533, 6.84934930177e-05, 6.70041990816e-05, 6.00053754169e-05, 0.000139698779094, 3.91265712096e-05, 5.28244381712e-05, 4.33688874182e-05, 1.80575043487e-05, 6.9816182986e-06, 9.46725322137e-07, 6.36866870352e-09, 6.1837512888e-09],
        "dvar": [3.11214921567e-06, 0.000748943595681, 9.7187650681e-05, 2.2607136998e-05, 8.67986545927e-06, 5.63581215829e-06, 1.55067368723e-06, 4.81873883018e-07, 8.07228332178e-07, 1.28520355247e-06, 2.21220807362e-06, 1.6606978761e-06, 5.81924780363e-07, 1.51840325202e-07, 1.33317243467e-07, 1.23604637636e-08, 5.49273204697e-09, 2.92957444969e-08, 1.19394576359e-06, 3.9911580707e-09, 7.76389228463e-08, 1.02617228492e-07, 4.89048668229e-09, 2.3304164154e-10, 3.45552254345e-12, 1.90444290514e-17, 1.80067524796e-17],
        "dvar2": [7.11085976945e-06, 0.00192354433239, 0.000217740103835, 5.41013578186e-05, 2.31262856687e-05, 1.24386824609e-05, 3.13321493195e-06, 1.39585370107e-06, 2.30022806136e-06, 3.47717241311e-06, 5.47994750377e-06, 4.73303907711e-06, 1.63865161085e-06, 4.36602476839e-07, 3.816934111e-07, 3.39415429096e-08, 1.33245787737e-08, 5.72510501229e-08, 3.30283114636e-06, 9.99763738463e-09, 1.51759195433e-07, 2.33789208437e-07, 1.14615685831e-08, 6.01060090588e-10, 8.29901078414e-12, 5.81111519501e-17, 5.72987150048e-17],
        "max": [0.0331747941673, 0.498241603374, 0.159899190068, 0.0764460787177, 0.0453695729375, 0.0505291968584, 0.0291403234005, 0.0122340712696, 0.0281247459352, 0.0244870241731, 0.041271686554, 0.031156077981, 0.0234704911709, 0.00924069620669, 0.00819242093712, 0.00413138605654, 0.00156625721138, 0.00521094352007, 0.030442154035, 0.00125211523846, 0.00897409580648, 0.0110840918496, 0.00218806252815, 0.000325984699884, 3.68332512153e-05, 5.48566632119e-08, 3.73729704961e-08],
        "mean": [0.00140158832073, 0.0277588423342, 0.012756453827, 0.00927527435124, 0.00710306176916, 0.00337488087825, 0.00191444228403, 0.000594562792685, 0.000948726490606, 0.000969855696894, 0.00098609609995, 0.00108123850077, 0.000458634545794, 0.000316667254083, 0.000169949416886, 8.54732716107e-05, 8.40925931698e-05, 6.06400863035e-05, 7.72604616941e-05, 3.66006897821e-05, 4.59580478491e-05, 3.33756834152e-05, 1.7131520508e-05, 8.37805146148e-06, 8.36530830384e-07, 3.41727512954e-09, 2.52157916769e-09],
        "median": [0.00115540728439, 0.0289717018604, 0.00900781713426, 0.00580016337335, 0.00574300857261, 0.0022352039814, 0.000850583077408, 0.000303880719002, 0.000631457776763, 0.00042248351383, 0.000267377676209, 0.000561533728614, 0.000155788235134, 0.000137138704304, 8.76914855326e-05, 4.46188714704e-05, 4.39363575424e-05, 2.50503599091e-05, 1.93843588931e-05, 1.80101978913e-05, 1.86744837265e-05, 1.09094444269e-05, 8.22433503345e-06, 5.38458334631e-06, 3.72971811657e-07, 1.8840315974e-09, 9.86685400051e-10],
        "min": [3.65593955109e-09, 4.47050979346e-07, 6.43878138362e-07, 2.49189213264e-07, 2.0294491776e-07, 4.97639156549e-08, 1.68588221161e-09, 9.20409526373e-09, 2.72386486699e-08, 7.7036679258e-09, 2.12596185101e-09, 1.54358712479e-08, 6.32331786932e-09, 1.46001193357e-08, 2.25101493001e-09, 9.66701940719e-10, 3.70888875167e-09, 1.05456432475e-09, 2.36378361329e-09, 5.72645875163e-10, 1.28120916654e-10, 2.07484196491e-10, 1.06754285967e-10, 4.55414386757e-11, 1.72845696089e-11, 1.34213959391e-11, 1.77650220923e-11],
        "var": [4.55763438367e-06, 0.000893712742254, 0.000200989175937, 0.00010567233403, 3.34235810442e-05, 1.42297549246e-05, 8.55888265505e-06, 9.19246360809e-07, 1.8064915821e-06, 3.36671632795e-06, 8.26001814858e-06, 4.74601529277e-06, 2.26149086302e-06, 4.18413605985e-07, 1.75361208221e-07, 4.66812970501e-08, 1.9009823049e-08, 4.674048526e-08, 7.93116555542e-07, 5.24089927012e-09, 8.44347169959e-08, 9.34533659347e-08, 4.90181450985e-09, 2.19392518042e-10, 3.88029278847e-12, 1.9438803952e-17, 1.44806651624e-17]
    },
    "erbbands": {
        "dmean": [0.219082385302, 1.87377035618, 4.33549356461, 7.46486473083, 5.23454141617, 9.08197784424, 15.9522609711, 10.5142087936, 8.33952713013, 11.2343444824, 7.63512182236, 8.45404911041, 13.8601751328, 12.3103904724, 19.0518169403, 17.5100803375, 10.3222875595, 7.83090257645, 5.76830673218, 4.02989768982, 2.27301073074, 2.39409375191, 1.84356677532, 4.11021995544, 2.67660665512, 0.930131077766, 1.12999105453, 1.26647150517, 1.11596250534, 0.461616963148, 0.33680793643, 0.150340631604, 0.0531676262617, 0.012987466529, 0.000481892202515, 3.43697429344e-05, 9.12689301913e-06, 2.58189515989e-06, 6.59494253341e-06, 1.56302248797e-05],
        "dmean2": [0.326200574636, 2.6850938797, 6.29312562943, 11.1924247742, 7.83001613617, 14.3076524734, 25.0021781921, 15.771364212, 12.8957128525, 16.291683197, 11.7202720642, 13.6485977173, 21.102722168, 19.4094810486, 29.31042099, 28.2035007477, 16.6184368134, 13.0276451111, 9.6698474884, 6.9168510437, 3.79809117317, 3.91485905647, 3.00146389008, 6.74247360229, 4.56268405914, 1.52716720104, 1.7473192215, 2.21963047981, 1.68685150146, 0.664653539658, 0.55408000946, 0.252286016941, 0.0856126695871, 0.0215950012207, 0.000815795036033, 5.74276018597e-05, 1.49317038449e-05, 4.48444643553e-06, 9.41114376474e-06, 2.24025989155e-05],
        "dvar": [0.70369976759, 39.449344635, 137.494354248, 195.167266846, 58.5529823303, 149.03314209, 616.510986328, 355.145202637, 171.563537598, 777.89251709, 266.826171875, 503.348144531, 950.596252441, 1101.75170898, 3000.46386719, 2150.08642578, 1231.44165039, 354.350708008, 192.234344482, 170.223815918, 23.8092079163, 21.3128757477, 52.723526001, 2806.93920898, 706.358947754, 6.58367347717, 65.1590652466, 165.8175354, 177.570861816, 8.83715438843, 5.66953134537, 0.459594249725, 0.032829772681, 0.00200054002926, 4.69455972052e-06, 1.07633573165e-08, 2.40451658584e-10, 2.11467336697e-11, 2.39736230867e-10, 1.43336942315e-09],
        "dvar2": [1.81969070435, 102.735565186, 315.483276367, 446.093719482, 127.384841919, 402.417449951, 1550.78918457, 815.425720215, 419.178955078, 1577.73461914, 755.069274902, 1452.98242188, 2516.79272461, 3057.24536133, 7635.04296875, 6591.16699219, 3379.06787109, 979.873413086, 536.392700195, 500.727294922, 64.4850082397, 50.6964912415, 99.3306884766, 7229.95947266, 1913.29858398, 14.4407691956, 152.515960693, 317.373046875, 388.888641357, 15.0303163528, 15.1749954224, 1.23140084743, 0.0813117176294, 0.00481717428192, 9.77471609076e-06, 2.23473328731e-08, 5.3007420675e-10, 5.22702749139e-11, 5.17693554691e-10, 3.12649461875e-09],
        "max": [16.1941814423, 104.443817139, 199.540863037, 241.927154541, 129.02822876, 161.804153442, 492.698852539, 365.91506958, 215.492828369, 590.084350586, 373.107208252, 665.361938477, 703.856445312, 694.30480957, 1260.2130127, 1165.81811523, 1184.62463379, 577.210449219, 271.695220947, 267.363189697, 168.752502441, 93.8759231567, 223.56199646, 1615.74401855, 726.008056641, 53.5524291992, 266.851013184, 401.054595947, 455.935455322, 113.057998657, 65.0474700928, 13.927274704, 3.4646127224, 0.989576280117, 0.0674517005682, 0.00288354372606, 0.000342341489159, 0.00012664582755, 0.000252320896834, 0.000615188386291],
        "mean": [0.900143623352, 5.72235774994, 15.7009410858, 24.8678379059, 18.2725353241, 26.5607700348, 36.9686851501, 25.1057910919, 24.4506759644, 25.7210941315, 16.3379402161, 19.5484199524, 29.8055591583, 29.6704559326, 43.3167686462, 38.8426780701, 23.8409862518, 16.2555942535, 11.962225914, 7.57391548157, 5.0269575119, 5.09251356125, 3.3943104744, 4.29975795746, 3.13682150841, 1.56440138817, 1.60439836979, 1.77833282948, 1.28877353668, 0.7415137887, 0.447264999151, 0.244330942631, 0.108342163265, 0.0228082053363, 0.000844724243507, 8.42087974888e-05, 2.83164954453e-05, 5.06323613081e-06, 3.23310341628e-05, 7.64980941312e-05],
        "median": [0.882773280144, 5.60778665543, 12.1118907928, 16.555765152, 14.1836633682, 21.8400211334, 23.8946475983, 14.9304132462, 14.1865377426, 7.05189371109, 10.0034322739, 12.376871109, 16.1534500122, 11.8757553101, 15.6093788147, 19.5906181335, 9.08180236816, 7.49148178101, 5.4912405014, 4.12750005722, 2.94330072403, 2.60985350609, 1.70107531548, 1.12480890751, 1.14390432835, 0.818076729774, 0.655059099197, 0.582626819611, 0.40508055687, 0.280690342188, 0.208001211286, 0.147860452533, 0.0634608417749, 0.0118010323495, 0.000408710591728, 6.27726331004e-05, 2.48985179496e-05, 3.80160918212e-06, 3.13058808388e-05, 7.44352655602e-05],
        "min": [2.79874875559e-05, 5.56002960366e-05, 0.000535641389433, 0.00100099353585, 0.00044354450074, 0.000759986054618, 0.00101954233833, 0.000218884233618, 3.53465366061e-05, 6.51294103591e-05, 0.000366292864783, 0.00062989781145, 0.000270501157502, 0.000116055125545, 0.000142888005939, 0.000621199724264, 0.000369998946553, 0.000389473454561, 0.000586674956139, 7.41028270568e-05, 9.857002442e-05, 0.000160626717843, 8.60105865286e-05, 5.61680062674e-05, 0.000147566301166, 2.82454439002e-05, 5.21655510966e-06, 6.42266059003e-06, 9.03473573999e-06, 3.90365812564e-06, 2.7942971883e-06, 1.36123196626e-06, 5.99925272127e-07, 2.6362752692e-07, 7.06062834865e-08, 4.10718463684e-08, 2.46117917158e-08, 1.28088943896e-08, 3.28368221503e-09, 2.40757724868e-09],
        "var": [0.986864507198, 42.8992042542, 269.00592041, 675.780700684, 243.284500122, 464.090454102, 1523.35961914, 921.823242188, 826.428466797, 3509.93457031, 515.529418945, 964.325866699, 2279.97192383, 3937.18969727, 11089.8935547, 6782.27587891, 5236.77050781, 1484.82653809, 519.03527832, 257.248718262, 93.066192627, 73.2689590454, 90.7947769165, 2172.40136719, 505.784606934, 9.85272693634, 60.0764541626, 182.897583008, 168.712463379, 12.7509803772, 4.23140144348, 0.357769668102, 0.0368877202272, 0.00228841602802, 5.50785625819e-06, 1.40695579631e-08, 4.24878465743e-10, 2.65582642683e-11, 4.69539129799e-10, 2.74436717795e-09]
    },
    "gfcc": {
        "mean": [-43.0285835266, 187.820053101, -119.246017456, 45.4608955383, -54.5563354492, 17.6652088165, -16.7304725647, -19.8186302185, -1.89552330971, -26.7194671631, 9.05507183075, -17.9164390564, 7.64869737625],
        "cov": [[1728.21472168, -264.0390625, -280.600494385, 180.843261719, -70.9804840088, 194.93145752, -40.7149543762, -29.7706451416, -53.6407165527, -9.10572242737, 89.0746383667, 11.604924202, 27.4256839752], [-264.0390625, 457.480743408, 345.779510498, -189.529998779, 185.703445435, -75.7152252197, 119.387672424, 59.2102584839, 109.925674438, 49.9783744812, 13.1905889511, 31.1608467102, -0.266139119864], [-280.600494385, 345.779510498, 654.713867188, 72.0939865112, 280.188568115, 17.937587738, 199.722229004, 98.4203491211, 127.832023621, 69.3270874023, 17.1595554352, 64.2871017456, 25.6817035675], [180.843261719, -189.529998779, 72.0939865112, 367.717712402, 99.2004623413, 55.5800628662, 36.4676017761, 19.8372497559, 6.38144397736, 3.60236573219, 25.843000412, 11.2488203049, 19.102563858], [-70.9804840088, 185.703445435, 280.188568115, 99.2004623413, 358.133453369, 70.6874084473, 119.424636841, 68.6923446655, 71.3670730591, 46.4883804321, 26.3987159729, 40.6517715454, 13.0359563828], [194.93145752, -75.7152252197, 17.937587738, 55.5800628662, 70.6874084473, 196.780136108, 47.7733612061, 10.9417314529, -9.48736667633, 7.14248418808, 19.9794197083, 17.5220851898, 31.4404258728], [-40.7149543762, 119.387672424, 199.722229004, 36.4676017761, 119.424636841, 47.7733612061, 173.574081421, 83.5597229004, 49.3886566162, 25.1399173737, 10.7215709686, 38.7981567383, 11.3408489227], [-29.7706451416, 59.2102584839, 98.4203491211, 19.8372497559, 68.6923446655, 10.9417314529, 83.5597229004, 109.006896973, 61.4392242432, 12.5835571289, 7.18754386902, 19.2033424377, 0.428600013256], [-53.6407165527, 109.925674438, 127.832023621, 6.38144397736, 71.3670730591, -9.48736667633, 49.3886566162, 61.4392242432, 114.600006104, 51.6155853271, 9.5084810257, 18.7526493073, -0.874930799007], [-9.10572242737, 49.9783744812, 69.3270874023, 3.60236573219, 46.4883804321, 7.14248418808, 25.1399173737, 12.5835571289, 51.6155853271, 77.0185241699, 27.3015441895, 10.8381443024, 1.39177238941], [89.0746383667, 13.1905889511, 17.1595554352, 25.843000412, 26.3987159729, 19.9794197083, 10.7215709686, 7.18754386902, 9.5084810257, 27.3015441895, 59.5095252991, 22.9632892609, 3.38752555847], [11.604924202, 31.1608467102, 64.2871017456, 11.2488203049, 40.6517715454, 17.5220851898, 38.7981567383, 19.2033424377, 18.7526493073, 10.8381443024, 22.9632892609, 56.1866645813, 19.8027439117], [27.4256839752, -0.266139119864, 25.6817035675, 19.102563858, 13.0359563828, 31.4404258728, 11.3408489227, 0.428600013256, -0.874930799007, 1.39177238941, 3.38752555847, 19.8027439117, 51.9403266907]],
        "icov": [[0.000857313512824, -0.0011091666529, 0.000725199992303, -0.00112438807264, 0.00068724405719, -0.00129918486346, 0.000441236421466, -0.000330455310177, 0.000369650311768, -0.000180894727237, -0.000484588032123, -0.000458706577774, 0.000334475917043], [-0.0011091666529, 0.0304490216076, -0.00960368197411, 0.0216668210924, -0.0134108392522, 0.0160914529115, -0.0146987559274, 0.0136487502605, -0.0190793629736, 0.014500932768, -0.0191218163818, 0.0154657019302, -0.011115542613], [0.000725199992303, -0.00960368197411, 0.00659266905859, -0.00707380380481, 0.00270258518867, -0.00438874028623, 0.00164802954532, -0.00285587878898, 0.00380940502509, -0.00452793622389, 0.00594113301486, -0.00537019455805, 0.00239722221158], [-0.00112438807264, 0.0216668210924, -0.00707380380481, 0.0186928957701, -0.010385829024, 0.0113597847521, -0.0105203511193, 0.00957114249468, -0.013463947922, 0.01110299211, -0.0147480359301, 0.0120402639732, -0.00887701194733], [0.00068724405719, -0.0134108392522, 0.00270258518867, -0.010385829024, 0.0109996236861, -0.00864548329264, 0.00603635888547, -0.00666307285428, 0.00795819517225, -0.00708613032475, 0.00795025378466, -0.00749723706394, 0.00592519249767], [-0.00129918486346, 0.0160914529115, -0.00438874028623, 0.0113597847521, -0.00864548329264, 0.0160629749298, -0.0101534165442, 0.00762527948245, -0.00866721943021, 0.00715011591092, -0.0107913715765, 0.00909947697073, -0.00974184647202], [0.000441236421466, -0.0146987559274, 0.00164802954532, -0.0105203511193, 0.00603635888547, -0.0101534165442, 0.0219400580972, -0.0160150155425, 0.0133597338572, -0.0103831384331, 0.012532488443, -0.0127326501533, 0.00725907320157], [-0.000330455310177, 0.0136487502605, -0.00285587878898, 0.00957114249468, -0.00666307285428, 0.00762527948245, -0.0160150155425, 0.0273753963411, -0.0204326007515, 0.0141818327829, -0.0122440662235, 0.00877816043794, -0.00480850646272], [0.000369650311768, -0.0190793629736, 0.00380940502509, -0.013463947922, 0.00795819517225, -0.00866721943021, 0.0133597338572, -0.0204326007515, 0.0344141982496, -0.0229607708752, 0.0177282486111, -0.0137766813859, 0.00856715254486], [-0.000180894727237, 0.014500932768, -0.00452793622389, 0.01110299211, -0.00708613032475, 0.00715011591092, -0.0103831384331, 0.0141818327829, -0.0229607708752, 0.0331858098507, -0.021611822769, 0.0126516157761, -0.00676440261304], [-0.000484588032123, -0.0191218163818, 0.00594113301486, -0.0147480359301, 0.00795025378466, -0.0107913715765, 0.012532488443, -0.0122440662235, 0.0177282486111, -0.021611822769, 0.0408720895648, -0.0224351510406, 0.0113115366548], [-0.000458706577774, 0.0154657019302, -0.00537019455805, 0.0120402639732, -0.00749723706394, 0.00909947697073, -0.0127326501533, 0.00877816043794, -0.0137766813859, 0.0126516157761, -0.0224351510406, 0.0384410619736, -0.0161340814084], [0.000334475917043, -0.011115542613, 0.00239722221158, -0.00887701194733, 0.00592519249767, -0.00974184647202, 0.00725907320157, -0.00480850646272, 0.00856715254486, -0.00676440261304, 0.0113115366548, -0.0161340814084, 0.0297024063766]]
    },
    "melbands": {
        "dmean": [0.00207578460686, 0.00223109358922, 0.00117676344234, 0.000435960711911, 0.000525304931216, 0.000239752989728, 0.00012509606313, 0.000107299012598, 6.42794911982e-05, 5.45509064978e-05, 7.35129215172e-05, 5.37499727216e-05, 6.63682294544e-05, 6.00120911258e-05, 3.854046372e-05, 2.12272589124e-05, 1.47704258779e-05, 1.09359543785e-05, 7.68977770349e-06, 3.51567746293e-06, 2.79540904558e-06, 2.9585376069e-06, 1.75284958459e-06, 1.87734985957e-06, 3.74290289074e-06, 2.70721420748e-06, 1.14109104743e-06, 5.03595856571e-07, 7.03777857325e-07, 8.78017090145e-07, 7.20111927421e-07, 7.7819447597e-07, 3.75278176534e-07, 2.16468876602e-07, 1.90567263303e-07, 1.78736172529e-07, 7.17533836792e-08, 4.52067965284e-08, 2.09003889751e-08, 7.29382909626e-09],
        "dmean2": [0.00296416855417, 0.00329661648721, 0.00174211745616, 0.00067198520992, 0.00083196425112, 0.000359190627933, 0.000191545186681, 0.000157600239618, 9.75708317128e-05, 8.75885598361e-05, 0.000111742127046, 8.45894319355e-05, 0.000102327154309, 9.56019939622e-05, 6.10874922131e-05, 3.51453054463e-05, 2.47336411121e-05, 1.83288593689e-05, 1.32141085487e-05, 5.81394260735e-06, 4.72722285849e-06, 4.86722183268e-06, 2.90881121146e-06, 3.10193286168e-06, 6.26343398835e-06, 4.84418342239e-06, 1.90720209048e-06, 8.64353239649e-07, 1.14300223686e-06, 1.41967132095e-06, 1.24737130136e-06, 1.2087318737e-06, 5.67454890188e-07, 3.30186509245e-07, 3.12277421699e-07, 3.07574282488e-07, 1.20191003816e-07, 7.35726146672e-08, 3.3958624357e-08, 1.26962795832e-08],
        "dvar": [5.63432295166e-05, 4.27825398219e-05, 4.6260961426e-06, 3.1519488175e-07, 5.91485502355e-07, 1.71031175e-07, 3.72385535741e-08, 6.7530436354e-08, 1.85956245957e-08, 1.847594433e-08, 2.7079476439e-08, 1.91652080872e-08, 4.19088692638e-08, 2.79869531994e-08, 1.05570086006e-08, 4.7050452423e-09, 1.34474942293e-09, 5.51505174862e-10, 1.16723553045e-09, 1.069303604e-10, 3.1289842245e-11, 3.60201798943e-11, 1.44713789563e-11, 1.33651797962e-10, 2.52284837465e-09, 1.18325860221e-09, 1.08975649685e-11, 2.22036495093e-12, 1.5231631928e-11, 6.51536533058e-11, 5.17526958788e-11, 9.21646856056e-11, 1.02627246978e-11, 1.16497252383e-12, 1.63637202746e-12, 1.29061930414e-12, 8.70105447111e-14, 1.67451027545e-14, 6.53964619477e-15, 5.20357856366e-16],
        "dvar2": [0.000145615253132, 9.94933507172e-05, 1.01650302895e-05, 8.05069305443e-07, 1.53433609285e-06, 3.88349008063e-07, 8.74980585763e-08, 1.4180774599e-07, 5.22131244907e-08, 5.25725916134e-08, 7.14122165846e-08, 5.29227577317e-08, 1.05791443161e-07, 7.86190312851e-08, 2.72902394016e-08, 1.28590862403e-08, 3.78086850716e-09, 1.53690593585e-09, 3.32747984721e-09, 3.02127795004e-10, 8.63204299706e-11, 8.6415562206e-11, 3.72607465715e-11, 2.73720157651e-10, 6.63952270941e-09, 3.34984662231e-09, 2.28342761366e-11, 5.61549634917e-12, 3.71794782461e-11, 1.36797823069e-10, 9.86417336701e-11, 2.14141426813e-10, 1.97942634506e-11, 1.96293849231e-12, 4.33132002486e-12, 3.66378368616e-12, 2.34986672048e-13, 4.0941733917e-14, 1.57488717298e-14, 1.29991668844e-15],
        "max": [0.144591420889, 0.120426312089, 0.0348636172712, 0.008514624089, 0.0141174988821, 0.00819864869118, 0.00322019052692, 0.0057643703185, 0.00325219263323, 0.00386486505158, 0.00378306326456, 0.00298027787358, 0.00570677407086, 0.00423738965765, 0.00315054808743, 0.00230733188801, 0.00104330026079, 0.000557540508453, 0.000754260574467, 0.000311731506372, 0.000147556507727, 0.000121013326861, 8.61235894263e-05, 0.000389530614484, 0.00151663355064, 0.000900051614735, 7.57797752158e-05, 2.90885382128e-05, 0.000124436497572, 0.000262637186097, 0.000232366961427, 0.000326587993186, 0.000112278503366, 3.96496143367e-05, 3.47681452695e-05, 2.81053089566e-05, 7.11366192263e-06, 2.19899857257e-06, 1.6037442947e-06, 4.72453507427e-07],
        "mean": [0.00759923784062, 0.00807184074074, 0.00409434735775, 0.00144045776688, 0.00134938303381, 0.000578507373575, 0.000373779999791, 0.000239043569309, 0.000135314898216, 0.000123428690131, 0.000153470638907, 0.000123378893477, 0.000148326944327, 0.00012029253412, 8.14585364424e-05, 4.18531999458e-05, 2.84182442556e-05, 2.11530314118e-05, 1.25065089378e-05, 6.89431681167e-06, 5.46487035535e-06, 5.71130067328e-06, 3.29087060891e-06, 2.96460075333e-06, 3.6097744669e-06, 2.69373526862e-06, 1.72948421095e-06, 8.04618252914e-07, 9.80869231171e-07, 1.10485711957e-06, 9.60813395068e-07, 8.12227312963e-07, 4.99659336128e-07, 3.73591376501e-07, 2.45006930299e-07, 2.33823413964e-07, 1.17564724178e-07, 9.04863242113e-08, 3.65434082994e-08, 1.07830837592e-08],
        "median": [0.00792862288654, 0.00715507939458, 0.00284272315912, 0.00123648042791, 0.000977599411272, 0.00035829123226, 0.000211353632039, 6.96791175869e-05, 8.5620151367e-05, 7.71638442529e-05, 8.18551197881e-05, 4.92784274684e-05, 4.52471977042e-05, 5.57844250579e-05, 2.98369814118e-05, 1.55338057084e-05, 1.28419342218e-05, 8.65165293362e-06, 6.27710278422e-06, 3.63205504073e-06, 3.12923430101e-06, 2.6287914352e-06, 1.86524130186e-06, 1.16883416013e-06, 7.796431305e-07, 8.01190026323e-07, 7.76712170136e-07, 3.82913555086e-07, 4.05225705435e-07, 3.38770689723e-07, 2.97032073604e-07, 1.96749695647e-07, 1.58819489116e-07, 1.25421024677e-07, 1.11742529896e-07, 1.02092613474e-07, 7.34408089897e-08, 4.83675357543e-08, 2.04276826565e-08, 3.90334653488e-09],
        "min": [1.90817488033e-07, 2.06250348356e-07, 1.56161206633e-07, 3.70740309563e-08, 3.84418434862e-08, 5.51201351229e-09, 3.76985109796e-10, 8.26762269757e-10, 3.83640141877e-09, 3.70871533484e-09, 1.2855082554e-09, 5.58347423851e-10, 3.40661804321e-10, 8.60997995122e-10, 2.3300779084e-09, 3.31542321375e-10, 8.43445258081e-10, 1.26890542518e-09, 1.26607113682e-10, 5.8303306627e-11, 1.35533695378e-10, 1.57703308745e-10, 1.71883146605e-10, 4.03054846443e-11, 3.57626914194e-11, 1.22335891417e-10, 5.70801565736e-11, 1.07346484132e-11, 2.54400645515e-12, 2.72271333084e-12, 3.79665916761e-12, 6.0331765625e-12, 2.99070794171e-12, 1.99942016069e-12, 1.74330862246e-12, 1.19443582629e-12, 6.92951176041e-13, 4.4845073835e-13, 3.51960106025e-13, 1.64579951772e-13],
        "var": [6.93057154422e-05, 6.92977773724e-05, 1.64234988915e-05, 1.1846726693e-06, 1.54911174377e-06, 4.46349417871e-07, 2.02187024456e-07, 2.97453254916e-07, 3.58267797651e-08, 3.8376207101e-08, 6.32211225593e-08, 6.42715960453e-08, 1.60720802e-07, 7.08525860205e-08, 3.84729972325e-08, 1.77388237432e-08, 4.5685979444e-09, 1.59919044673e-09, 1.173809272e-09, 2.92404378488e-10, 1.02210462316e-10, 1.12976045186e-10, 3.04027913955e-11, 1.92331942039e-10, 1.85902426786e-09, 7.50133677396e-10, 1.56719880129e-11, 2.95875021532e-12, 1.38923100454e-11, 6.56014687017e-11, 5.7694970329e-11, 8.02534219635e-11, 1.19273948357e-11, 1.94231263018e-12, 1.25941889296e-12, 8.37264448311e-13, 6.6936629579e-14, 2.32096870071e-14, 6.42843119231e-15, 6.2950398085e-16]
    },
    "mfcc": {
        "mean": [-673.488464355, 188.491943359, 12.1426839828, 25.6936607361, 2.42011475563, 22.702545166, 3.18437480927, 11.1329851151, -5.37451887131, 0.964383244514, -9.01664352417, 2.61276340485, -4.48897361755],
        "cov": [[2060.07080078, -598.890014648, -307.65322876, -84.6626815796, -64.2428665161, 112.820678711, 15.4833011627, 0.785347044468, -161.868133545, -40.8120040894, -5.20654726028, -23.9832668304, -83.0140838623], [-598.890014648, 819.960083008, 164.985626221, -27.5028171539, 56.3956069946, -44.5397872925, 16.559387207, 36.3432693481, 110.632102966, 63.1595420837, 42.7126502991, 71.2510528564, 74.4655609131], [-307.65322876, 164.985626221, 310.447143555, 109.726615906, 36.7820014954, 44.4252243042, 40.5592727661, 60.582988739, 76.7563934326, 41.0974082947, 12.895524025, 33.8149833679, 51.2578735352], [-84.6626815796, -27.5028171539, 109.726615906, 326.011199951, 98.2940673828, 33.8402404785, 38.2074928284, 54.9195709229, 37.984249115, 51.6859931946, 25.8652839661, 29.9469623566, 19.2271060944], [-64.2428665161, 56.3956069946, 36.7820014954, 98.2940673828, 212.805038452, 90.1891860962, 59.4126930237, 38.7509231567, 36.0219192505, 37.7140731812, 26.5152378082, 18.9881687164, 21.1349010468], [112.820678711, -44.5397872925, 44.4252243042, 33.8402404785, 90.1891860962, 157.27734375, 76.7915039062, 27.9574794769, 24.0025234222, 13.0680828094, 10.2631855011, 12.410654068, 15.6133117676], [15.4833011627, 16.559387207, 40.5592727661, 38.2074928284, 59.4126930237, 76.7915039062, 142.038787842, 66.7540740967, 27.9893093109, 11.3713731766, 11.4661817551, 1.12664735317, 19.5189838409], [0.785347044468, 36.3432693481, 60.582988739, 54.9195709229, 38.7509231567, 27.9574794769, 66.7540740967, 126.206985474, 58.2060775757, 19.0866985321, 17.0231304169, 18.4534511566, 19.2495326996], [-161.868133545, 110.632102966, 76.7563934326, 37.984249115, 36.0219192505, 24.0025234222, 27.9893093109, 58.2060775757, 112.19682312, 37.7155647278, 25.3006420135, 21.5950565338, 32.2924308777], [-40.8120040894, 63.1595420837, 41.0974082947, 51.6859931946, 37.7140731812, 13.0680828094, 11.3713731766, 19.0866985321, 37.7155647278, 76.0001754761, 33.1647148132, 16.2019348145, 7.9172577858], [-5.20654726028, 42.7126502991, 12.895524025, 25.8652839661, 26.5152378082, 10.2631855011, 11.4661817551, 17.0231304169, 25.3006420135, 33.1647148132, 79.4684677124, 33.086856842, 22.0664329529], [-23.9832668304, 71.2510528564, 33.8149833679, 29.9469623566, 18.9881687164, 12.410654068, 1.12664735317, 18.4534511566, 21.5950565338, 16.2019348145, 33.086856842, 66.9132232666, 31.9302711487], [-83.0140838623, 74.4655609131, 51.2578735352, 19.2271060944, 21.1349010468, 15.6133117676, 19.5189838409, 19.2495326996, 32.2924308777, 7.9172577858, 22.0664329529, 31.9302711487, 70.36378479]],
