{
"lowlevel": {
    "average_loudness": 0.821294248104,
    "barkbands_crest": {
        "dmean": 1.79960012436,
        "dmean2": 2.75487041473,
        "dvar": 2.94682526588,
        "dvar2": 7.33480787277,
        "max": 26.4681587219,
        "mean": 12.5127687454,
        "median": 11.9877824783,
        "min": 5.18006515503,
        "var": 12.031047821
    },
    "barkbands_flatness_db": {
        "dmean": 0.0174612216651,
        "dmean2": 0.0265276022255,
        "dvar": 0.000286497263005,
        "dvar2": 0.000577952712774,
        "max": 0.519680798054,
        "mean": 0.29283156991,
        "median": 0.282539725304,
        "min": 0.147202506661,
        "var": 0.00461544422433
    },
    "barkbands_kurtosis": {
        "dmean": 3.91802215576,
        "dmean2": 6.06187868118,
        "dvar": 116.139526367,
        "dvar2": 304.096954346,
        "max": 391.086090088,
        "mean": 9.41930198669,
        "median": 5.59758281708,
        "min": -1.96433866024,
        "var": 261.153411865
    },
    "barkbands_skewness": {
        "dmean": 0.418689399958,
        "dmean2": 0.631134986877,
        "dvar": 0.314170867205,
        "dvar2": 0.737910926342,
        "max": 10.2701597214,
        "mean": 1.66508722305,
        "median": 1.52207016945,
        "min": -1.25314605236,
        "var": 1.40562665462
    },
    "barkbands_spread": {
        "dmean": 1.41830170155,
        "dmean2": 1.92066144943,
        "dvar": 16.0284233093,
        "dvar2": 24.9419021606,
        "max": 95.1895370483,
        "mean": 7.38480567932,
        "median": 5.10609006882,
        "min": 0.0962861180305,
        "var": 64.2197723389
    },
    "dissonance": {
        "dmean": 0.0308367274702,
        "dmean2": 0.051187261939,
        "dvar": 0.000719978706911,
        "dvar2": 0.00181232811883,
        "max": 0.494649618864,
        "mean": 0.397471815348,
        "median": 0.403920531273,
        "min": 0.218753963709,
        "var": 0.00228677340783
    },
    "dynamic_complexity": 2.82543945312,
    "erbbands_crest": {
        "dmean": 2.0560336113,
        "dmean2": 3.15217757225,
        "dvar": 4.56173229218,
        "dvar2": 10.7620172501,
        "max": 31.610250473,
        "mean": 12.7204227448,
        "median": 11.711856842,
        "min": 4.23181200027,
        "var": 24.1530418396
    },
    "erbbands_flatness_db": {
        "dmean": 0.0122390706092,
        "dmean2": 0.0175206083804,
        "dvar": 0.00017371145077,
        "dvar2": 0.000323613901855,
        "max": 0.436144709587,
        "mean": 0.268146842718,
        "median": 0.266455471516,
        "min": 0.132588297129,
        "var": 0.00225058291107
    },
    "erbbands_kurtosis": {
        "dmean": 1.82422852516,
        "dmean2": 2.75803089142,
        "dvar": 12.1817560196,
        "dvar2": 28.9534702301,
        "max": 76.0815505981,
        "mean": 3.71136021614,
        "median": 2.09105443954,
        "min": -1.90816164017,
        "var": 33.7658195496
    },
    "erbbands_skewness": {
        "dmean": 0.346185296774,
        "dmean2": 0.504776418209,
        "dvar": 0.180490538478,
        "dvar2": 0.363919883966,
        "max": 6.75815963745,
        "mean": 1.20239591599,
        "median": 1.0533028841,
        "min": -2.42265319824,
        "var": 1.05271685123
    },
    "erbbands_spread": {
        "dmean": 3.84084749222,
        "dmean2": 5.64639568329,
        "dvar": 92.1155471802,
        "dvar2": 157.632598877,
        "max": 173.36378479,
        "mean": 19.8431034088,
        "median": 15.7590780258,
        "min": 1.25440657139,
        "var": 310.643676758
    },
    "hfc": {
        "dmean": 1.94371092319,
        "dmean2": 2.61956000328,
        "dvar": 12.9616594315,
        "dvar2": 22.62059021,
        "max": 81.8599243164,
        "mean": 13.396232605,
        "median": 7.38368034363,
        "min": 0.000457666406874,
        "var": 177.222351074
    },
    "melbands_crest": {
        "dmean": 1.94544661045,
        "dmean2": 3.04175066948,
        "dvar": 3.47527194023,
        "dvar2": 9.0074930191,
        "max": 31.1007614136,
        "mean": 14.9656305313,
        "median": 14.7268772125,
        "min": 5.45138645172,
        "var": 19.654006958
    },
    "melbands_flatness_db": {
        "dmean": 0.0172246973962,
        "dmean2": 0.0233025792986,
        "dvar": 0.00037860579323,
        "dvar2": 0.000629460031632,
        "max": 0.612715005875,
        "mean": 0.37071582675,
        "median": 0.359593987465,
        "min": 0.188533097506,
        "var": 0.00847258046269
    },
    "melbands_kurtosis": {
        "dmean": 6.26641941071,
        "dmean2": 9.16071987152,
        "dvar": 269.444335938,
        "dvar2": 599.072143555,
        "max": 376.913330078,
        "mean": 15.7370052338,
        "median": 9.59024906158,
        "min": -1.50206589699,
        "var": 620.502807617
    },
    "melbands_skewness": {
        "dmean": 0.463359713554,
        "dmean2": 0.6741361022,
        "dvar": 0.558946430683,
        "dvar2": 1.16288793087,
        "max": 14.1280670166,
        "mean": 2.32943415642,
        "median": 2.15874528885,
        "min": -0.620969235897,
        "var": 2.46690154076
    },
    "melbands_spread": {
        "dmean": 1.52426064014,
        "dmean2": 2.05674934387,
        "dvar": 16.5515651703,
        "dvar2": 30.9634227753,
        "max": 125.694465637,
        "mean": 8.80946063995,
        "median": 5.43130397797,
        "min": 0.309545278549,
        "var": 74.0263748169
    },
    "pitch_salience": {
        "dmean": 0.0465417057276,
        "dmean2": 0.0715503171086,
        "dvar": 0.00199368037283,
        "dvar2": 0.00478991353884,
        "max": 0.804385721684,
        "mean": 0.514735937119,
        "median": 0.511011600494,
        "min": 0.130871236324,
        "var": 0.0102305551991
    },
    "silence_rate_20dB": {
        "dmean": 0,
        "dmean2": 0,
        "dvar": 0,
        "dvar2": 0,
        "max": 1,
        "mean": 1,
        "median": 1,
        "min": 1,
        "var": 0
    },
    "silence_rate_30dB": {
        "dmean": 0.00387296662666,
        "dmean2": 0.00774893444031,
        "dvar": 0.00385793088935,
        "dvar2": 0.0107880234718,
        "max": 1,
        "mean": 0.997677147388,
        "median": 1,
        "min": 0,
        "var": 0.00231749354862
    },
    "silence_rate_60dB": {
        "dmean": 0.00154918665066,
        "dmean2": 0.00309957377613,
        "dvar": 0.00154677091632,
        "dvar2": 0.00386484875344,
        "max": 1,
        "mean": 0.00929152127355,
        "median": 0,
        "min": 0,
        "var": 0.00920563563704
    },
    "spectral_centroid": {
        "dmean": 58.841342926,
        "dmean2": 80.1840057373,
        "dvar": 13518.2929688,
        "dvar2": 25381.015625,
        "max": 3016.70800781,
        "mean": 520.09942627,
        "median": 376.103973389,
        "min": 179.949829102,
        "var": 106293.1875
    },
    "spectral_complexity": {
        "dmean": 1.25096821785,
        "dmean2": 1.97752809525,
        "dvar": 1.46528744698,
        "dvar2": 2.95647764206,
        "max": 24,
        "mean": 10.1556329727,
        "median": 10,
        "min": 0,
        "var": 17.8666763306
    },
    "spectral_decrease": {
        "dmean": 1.30354493866e-09,
        "dmean2": 1.8876904484e-09,
        "dvar": 3.38568933146e-18,
        "dvar2": 7.38659631146e-18,
        "max": -2.99904090277e-13,
        "mean": -8.33966407043e-09,
        "median": -6.92703494565e-09,
        "min": -3.26674225448e-08,
        "var": 2.91132701684e-17
    },
    "spectral_energy": {
        "dmean": 0.00505268853158,
        "dmean2": 0.00731301633641,
        "dvar": 5.01137583342e-05,
        "dvar2": 0.000109047148726,
        "max": 0.124376676977,
        "mean": 0.0326908566058,
        "median": 0.0268738009036,
        "min": 1.17341664918e-06,
        "var": 0.000452104985015
    },
    "spectral_energyband_high": {
        "dmean": 5.81531421631e-05,
        "dmean2": 7.67881065258e-05,
        "dvar": 1.21039150258e-07,
        "dvar2": 2.0570607262e-07,
        "max": 0.00967313628644,
        "mean": 0.000127380393678,
        "median": 1.73628086486e-05,
        "min": 1.04568442794e-09,
        "var": 2.62118447836e-07
    },
    "spectral_energyband_low": {
        "dmean": 0.00195816694759,
        "dmean2": 0.00285280891694,
        "dvar": 2.63677175099e-05,
        "dvar2": 5.56805061933e-05,
        "max": 0.10672005266,
        "mean": 0.00895980838686,
        "median": 0.0033088021446,
        "min": 3.64560293065e-07,
        "var": 0.000143338562339
    },
    "spectral_energyband_middle_high": {
        "dmean": 0.000674784299918,
        "dmean2": 0.000803429691587,
        "dvar": 2.305052476e-06,
        "dvar2": 2.7884946121e-06,
        "max": 0.0510107912123,
        "mean": 0.00402521062642,
        "median": 0.000721711665392,
        "min": 1.05079216439e-07,
        "var": 5.50001168449e-05
    },
    "spectral_energyband_middle_low": {
        "dmean": 0.00411190325394,
        "dmean2": 0.00614704936743,
        "dvar": 2.17611159314e-05,
        "dvar2": 5.25315881532e-05,
        "max": 0.0730967372656,
        "mean": 0.0213104505092,
        "median": 0.0190649032593,
        "min": 7.50549133954e-07,
        "var": 0.000145673999214
    },
    "spectral_entropy": {
        "dmean": 0.155670985579,
        "dmean2": 0.220188483596,
        "dvar": 0.0330049544573,
        "dvar2": 0.0551887452602,
        "max": 8.31262397766,
        "mean": 6.07487154007,
        "median": 6.15543889999,
        "min": 3.9522087574,
        "var": 0.35330760479
    },
    "spectral_flux": {
        "dmean": 0.0174275226891,
        "dmean2": 0.0274639576674,
        "dvar": 0.000364631589036,
        "dvar2": 0.000826151575893,
        "max": 0.241202369332,
        "mean": 0.0519368126988,
        "median": 0.0430481024086,
        "min": 0.00108324352186,
        "var": 0.000981209916063
    },
    "spectral_kurtosis": {
        "dmean": 10.2395524979,
        "dmean2": 17.3408794403,
        "dvar": 185.192672729,
        "dvar2": 527.180908203,
        "max": 133.055984497,
        "mean": 28.3507347107,
        "median": 14.8765907288,
        "min": -1.40254998207,
        "var": 819.534484863
    },
    "spectral_rms": {
        "dmean": 0.000444492645329,
        "dmean2": 0.000635089876596,
        "dvar": 2.68339533704e-07,
        "dvar2": 5.58983174415e-07,
        "max": 0.0110155846924,
        "mean": 0.00535444635898,
        "median": 0.00512038497254,
        "min": 3.38348436344e-05,
        "var": 3.22339224113e-06
    },
    "spectral_rolloff": {
        "dmean": 90.9359664917,
        "dmean2": 155.686965942,
        "dvar": 232604.359375,
        "dvar2": 460508.40625,
        "max": 9410.00976562,
        "mean": 568.53918457,
        "median": 366.064453125,
        "min": 150.732421875,
        "var": 475258.0625
    },
    "spectral_skewness": {
        "dmean": 0.702854752541,
        "dmean2": 1.18020939827,
        "dvar": 0.603511214256,
        "dvar2": 1.71097481251,
        "max": 9.58804988861,
        "mean": 3.62781476974,
        "median": 2.94935488701,
        "min": -0.302382558584,
        "var": 3.64912295341
    },
    "spectral_spread": {
        "dmean": 378933.09375,
        "dmean2": 575781.625,
        "dvar": 304376414208,
        "dvar2": 402822922240,
        "max": 14223433,
        "mean": 2654590.75,
        "median": 2521642.25,
        "min": 566580.0625,
        "var": 2.59796316979e+12
    },
    "spectral_strongpeak": {
        "dmean": 0.309579223394,
        "dmean2": 0.525126218796,
        "dvar": 0.363573819399,
        "dvar2": 0.824459969997,
        "max": 9.37363624573,
        "mean": 1.28085684776,
        "median": 0.638143122196,
        "min": 0,
        "var": 2.44858169556
    },
    "zerocrossingrate": {
        "dmean": 0.00324077298865,
        "dmean2": 0.00390833104029,
        "dvar": 5.07190961798e-05,
        "dvar2": 4.52646054327e-05,
        "max": 0.25732421875,
        "mean": 0.0226692557335,
        "median": 0.01806640625,
        "min": 0.00341796875,
        "var": 0.000329644564772
    },
    "barkbands": {
        "dmean": [0.000199575413717, 0.00124801404309, 0.000753479602281, 0.00119531853124, 0.00287972670048, 0.000609187933151, 0.000264249450993, 0.000285036716377, 0.000663382234052, 0.000264072674327, 0.000344124942785, 0.000183023497812, 8.17567270133e-05, 0.000108821048343, 4.35937217844e-05, 2.28278222494e-05, 1.46904021676e-05, 1.16358869491e-05, 4.50869556516e-05, 2.13988951145e-05, 7.44944736653e-06, 3.30612078869e-06, 1.13996620712e-05, 2.43150825554e-05, 8.93923515832e-06, 8.34075919443e-09, 1.46135170631e-09],
        "dmean2": [0.000345651176758, 0.00176366430242, 0.00121172261424, 0.00181079830509, 0.00436899811029, 0.000851428485475, 0.000373132759705, 0.000406542472774, 0.000898077327292, 0.000341308332281, 0.000412746157963, 0.000263764959527, 0.000109698594315, 0.00015018969134, 6.06203648204e-05, 3.46289780282e-05, 1.77133933903e-05, 1.67888592841e-05, 6.46336338832e-05, 3.20787621604e-05, 1.12631632874e-05, 4.66854316983e-06, 1.62585929502e-05, 3.29555477947e-05, 1.29129875859e-05, 1.31387585256e-08, 2.70254507662e-09],
        "dvar": [1.00217789623e-07, 1.48427234308e-05, 5.26733310835e-06, 4.18196623286e-06, 1.06088909888e-05, 1.44315777106e-06, 9.24081405174e-07, 6.93476749802e-07, 3.8354382923e-06, 6.41898282083e-07, 1.70024497947e-06, 2.74778727771e-07, 4.86688129797e-08, 9.37168209703e-08, 1.76792269713e-08, 1.3737353477e-08, 6.50577058892e-09, 9.57775858623e-10, 1.41157210365e-08, 3.65207553088e-09, 1.41349310034e-09, 4.73324490713e-10, 1.0353100599e-08, 4.03537860905e-08, 3.61897134482e-09, 4.28507784675e-15, 4.06319347333e-18],
        "dvar2": [2.92080812869e-07, 2.87752736767e-05, 1.26159502543e-05, 1.14994500109e-05, 2.76407899946e-05, 2.64493314717e-06, 1.88144497315e-06, 1.11217661924e-06, 7.05687398295e-06, 8.66956042955e-07, 2.28364706345e-06, 5.30974034518e-07, 7.86023051091e-08, 1.61656132036e-07, 2.83166485815e-08, 2.65408726108e-08, 7.24276105757e-09, 2.08675499103e-09, 2.70703122141e-08, 8.3870741463e-09, 2.31116437099e-09, 8.70516547735e-10, 1.78471175616e-08, 7.75335138314e-08, 7.24295157184e-09, 1.05799031442e-14, 1.28915188568e-17],
        "max": [0.00436024460942, 0.101819813251, 0.0464947707951, 0.0419895425439, 0.049428358674, 0.0255971383303, 0.0364853590727, 0.0264821145684, 0.0420687273145, 0.0228791460395, 0.0492104552686, 0.0119454171509, 0.0078656161204, 0.00660643121228, 0.00369171565399, 0.00387412519194, 0.0054682334885, 0.00117332255468, 0.00418220693246, 0.00134563166648, 0.00165148254018, 0.000807828386314, 0.00316970585845, 0.00553844077513, 0.001873449306, 2.610544243e-06, 1.82974595475e-08],
        "mean": [0.000237594955252, 0.0052028791979, 0.00191020395141, 0.00594960898161, 0.00781263317913, 0.00204957276583, 0.000911256182007, 0.00072885339614, 0.00361490086652, 0.00084123905981, 0.00156709749717, 0.000665533589199, 0.000284709356492, 0.0003244439431, 0.000123450270621, 5.49795258848e-05, 3.79099656129e-05, 3.13696109515e-05, 0.000187181474757, 6.86341227265e-05, 1.44896757774e-05, 4.83432404508e-06, 1.58185939654e-05, 3.76479329134e-05, 1.40539395943e-05, 1.03601802692e-08, 1.1878069639e-09],
        "median": [0.000125940030557, 0.00127096707001, 0.000568967254367, 0.00328076560982, 0.00647773221135, 0.00117388786748, 0.000161998861586, 0.000221796653932, 0.000355006166501, 0.000109991393401, 2.73061832559e-05, 7.47435551602e-05, 2.71721655736e-05, 3.26689369103e-05, 1.90873106476e-05, 7.36143920221e-06, 6.06845105722e-06, 6.93946412866e-06, 1.19784672279e-05, 8.2342476162e-06, 2.09189101952e-06, 4.00817924628e-07, 4.73571446946e-07, 3.01101067635e-06, 8.70260350894e-07, 1.7513148709e-09, 5.22867249497e-10],
        "min": [2.03109316033e-08, 2.35200957377e-07, 6.06406018733e-08, 1.28528512278e-07, 2.54802586142e-07, 1.46761280462e-07, 2.45299460744e-08, 4.88722173841e-09, 3.46199335866e-08, 3.25384235111e-08, 3.69826613777e-09, 1.27356400981e-08, 5.16905362957e-09, 8.77296280066e-09, 3.36216565699e-09, 3.5598163306e-10, 9.30161364598e-11, 9.29014365436e-10, 1.63962821098e-09, 1.08192277359e-09, 2.02468403154e-10, 1.1388000265e-10, 1.36267538919e-10, 1.40937261861e-10, 2.2582989298e-11, 4.38212140186e-12, 4.47361115166e-12],
        "var": [1.07027254614e-07, 8.18381085992e-05, 1.60135805345e-05, 4.8772948503e-05, 2.86497288471e-05, 6.95368134984e-06, 9.35384650802e-06, 2.81557572634e-06, 5.6247547036e-05, 6.16059378444e-06, 3.35722470481e-05, 2.5100032417e-06, 4.56573332031e-07, 5.58055774036e-07, 9.51163556806e-08, 5.36469499934e-08, 4.73119499134e-08, 4.52584325572e-09, 1.4754368749e-07, 1.66451439298e-08, 2.83904588727e-09, 8.48153214328e-10, 1.73692615846e-08, 7.41317194297e-08, 6.61721433204e-09, 4.76917157567e-15, 3.37228735118e-18]
    },
    "erbbands": {
        "dmean": [0.0304474886507, 0.311603248119, 0.805011332035, 2.11987614632, 9.16940307617, 10.2130393982, 5.88043451309, 5.24412965775, 3.74102830887, 4.76455116272, 6.57916498184, 16.5279216766, 13.0542459488, 8.65368938446, 14.2448911667, 4.45170688629, 2.54796361923, 4.67308282852, 2.51608729362, 1.82948923111, 0.976008474827, 0.822432398796, 0.543304502964, 1.88120257854, 1.62809538841, 0.995992958546, 0.542137563229, 0.190951451659, 0.122475847602, 0.134836181998, 0.368514329195, 0.589319825172, 0.340055793524, 0.180331259966, 0.0175682418048, 0.000755709537771, 3.49425463355e-05, 4.54740575151e-06, 2.97573092212e-06, 5.73395391257e-06],
        "dmean2": [0.0451704487205, 0.437544375658, 1.28774046898, 3.24732637405, 13.1560459137, 16.7237224579, 8.83263015747, 7.10237073898, 5.19073486328, 6.33177566528, 9.27133655548, 22.1229343414, 16.1062965393, 11.3777246475, 17.211227417, 5.8953742981, 3.2852025032, 6.36554765701, 3.54394602776, 2.46249938011, 1.38595867157, 1.01343798637, 0.763968467712, 2.62763953209, 2.30787777901, 1.47313165665, 0.794908702374, 0.276742845774, 0.169542193413, 0.185500472784, 0.519854962826, 0.817264854908, 0.480767339468, 0.255066394806, 0.0269040688872, 0.00114291987848, 5.11822727276e-05, 6.61875174046e-06, 4.23559822593e-06, 8.28403608466e-06],
        "dvar": [0.00733343930915, 0.957117319107, 6.9887714386, 13.8765010834, 122.421218872, 193.659866333, 127.53603363, 126.4998703, 151.618881226, 395.188171387, 262.827911377, 3178.63598633, 1118.58166504, 806.231140137, 1970.71923828, 101.609992981, 65.5654602051, 160.234207153, 87.9183578491, 51.6730613708, 29.441570282, 34.7728271484, 3.11184883118, 27.6559505463, 18.9805412292, 7.9387550354, 4.11183452606, 2.18053936958, 0.617028653622, 1.53826129436, 9.99626731873, 22.6486091614, 10.0105781555, 1.77971744537, 0.0132058924064, 2.40538738581e-05, 5.15379170452e-08, 7.78114961353e-10, 4.42568898196e-11, 6.34047050974e-11],
        "dvar2": [0.0116713875905, 1.99183654785, 16.9693431854, 35.9212799072, 305.818511963, 590.763793945, 290.413208008, 232.234191895, 256.512329102, 578.18560791, 488.392974854, 5849.01513672, 1357.11816406, 1343.33410645, 2480.24682617, 188.322433472, 78.5065307617, 256.473358154, 135.757827759, 82.0216751099, 49.6169090271, 57.6784133911, 6.95374011993, 52.8000907898, 37.3335533142, 18.4682006836, 8.76962852478, 4.27945184708, 1.06812214851, 2.58404016495, 17.0525016785, 46.046749115, 19.4089374542, 3.52706289291, 0.0264411903918, 4.754094698e-05, 9.66662128121e-08, 1.42417466709e-09, 8.50687922882e-11, 1.37238234665e-10],
        "max": [2.11193323135, 25.3939094543, 53.2154541016, 74.665802002, 209.951538086, 180.957107544, 254.021530151, 206.810806274, 391.789031982, 1035.09680176, 442.046295166, 1282.38256836, 903.875488281, 728.339416504, 2237.50219727, 247.427520752, 436.459533691, 360.119750977, 404.827209473, 242.701202393, 259.871276855, 387.146789551, 89.2642364502, 175.555099487, 128.123626709, 64.6153106689, 85.2024307251, 66.6502990723, 26.0001316071, 36.8590240479, 103.200836182, 149.062286377, 100.296821594, 38.1460418701, 3.03366780281, 0.13496221602, 0.00602865731344, 0.000775161955971, 0.000178855538252, 0.000134562520543],
        "mean": [0.132109940052, 1.23511350155, 2.54244732857, 9.77442359924, 30.3456707001, 21.9921627045, 16.2997875214, 18.6988792419, 13.5826711655, 14.4775066376, 18.7971382141, 66.0586013794, 66.9017105103, 34.0579872131, 66.4863357544, 17.2619419098, 10.1689548492, 20.4164505005, 8.72025775909, 5.12657976151, 2.87975883484, 2.31847453117, 1.76626074314, 7.56973171234, 6.47057151794, 3.45859503746, 1.41928601265, 0.35638615489, 0.194194450974, 0.212295234203, 0.513376891613, 0.876844167709, 0.52047097683, 0.28263515234, 0.0272672250867, 0.00119213620201, 6.56435659039e-05, 9.00499253476e-06, 1.69917457242e-05, 3.7025896745e-05],
        "median": [0.0322126597166, 0.312776505947, 0.926367759705, 4.72294282913, 26.8330802917, 16.4951496124, 10.2909383774, 10.0022592545, 4.09933280945, 3.53700423241, 7.93768024445, 9.75914764404, 5.83790063858, 4.42099571228, 4.81184864044, 3.21958351135, 1.71396148205, 1.85294270515, 1.1247882843, 1.02742767334, 0.413403779268, 0.315846055746, 0.372245639563, 0.484423011541, 0.615343153477, 0.404756784439, 0.189729630947, 0.0521902441978, 0.0219389721751, 0.00881850253791, 0.0183041468263, 0.0515565983951, 0.0416991375387, 0.0192341990769, 0.00104789808393, 7.40395189496e-05, 1.71955998667e-05, 2.72665806733e-06, 1.34837155201e-05, 3.04080404021e-05],
        "min": [7.81945800554e-06, 4.79410555272e-05, 7.42735355743e-05, 0.000260522181634, 0.000784332049079, 0.000859049498104, 0.000338111800374, 0.00167886505369, 0.000849066942465, 9.40304307733e-05, 0.000168233804288, 0.00116430525668, 0.000926719687413, 0.000577302358579, 0.000433822366176, 0.000492042978294, 0.000222743663471, 0.000530535588041, 0.00019959648489, 7.26469661458e-05, 1.84098007594e-05, 6.91472678227e-06, 4.330196316e-05, 7.62393028708e-05, 7.03261321178e-05, 6.15167155047e-05, 1.64205521287e-05, 5.4655411077e-06, 4.47829461336e-06, 3.04638479065e-06, 4.09655285694e-06, 2.11148744711e-06, 2.99039174934e-06, 5.59377838272e-07, 8.78642651969e-08, 2.47859190949e-08, 1.17873462102e-08, 3.02348190928e-09, 1.85092707827e-09, 1.5074581583e-09],
        "var": [0.0502284169197, 4.83391046524, 20.6613349915, 158.348922729, 330.274475098, 363.131011963, 406.807312012, 592.504760742, 1272.50512695, 3293.99023438, 1083.98168945, 20323.1875, 20895.3691406, 7345.05517578, 42806.8632812, 1057.82299805, 484.383483887, 2313.87744141, 616.233642578, 252.623931885, 176.944793701, 194.209503174, 19.5369338989, 252.358474731, 170.03074646, 40.9067382812, 11.5127763748, 3.37709069252, 1.19539248943, 3.00552153587, 17.1824359894, 44.3645019531, 15.1554756165, 2.93199896812, 0.0247483849525, 4.5426269935e-05, 9.88231008137e-08, 1.49296852658e-09, 1.73735512088e-10, 5.84338966103e-10]
    },
    "gfcc": {
        "mean": [-99.6664581299, 188.380050659, -104.293533325, 22.8885555267, -53.9264183044, 3.10532283783, -29.0588531494, -2.4488325119, -27.3330001831, -25.963224411, 8.90622901917, -34.1464576721, 8.65183544159],
        "cov": [[5830.10791016, -1977.96740723, -1654.5267334, 476.301757812, -782.430236816, 795.934326172, 116.05896759, 696.036743164, -568.91986084, 242.23739624, 78.8472824097, -408.738433838, 439.330688477], [-1977.96740723, 1607.02587891, 405.527160645, -529.625061035, 723.42565918, -373.921173096, 253.292892456, -341.884765625, 298.86618042, -93.0256347656, 98.5218887329, 179.32598877, -177.34992981], [-1654.5267334, 405.527160645, 1059.24768066, 101.947776794, 136.216552734, -134.115142822, -115.717102051, -140.558670044, 218.064758301, -42.0720291138, -78.6868667603, 132.187393188, -100.63621521], [476.301757812, -529.625061035, 101.947776794, 455.226806641, -193.076065063, 91.6450271606, -71.0368270874, 113.780380249, -2.80121445656, -1.19713270664, -45.1740379333, -36.7280387878, 58.5488128662], [-782.430236816, 723.42565918, 136.216552734, -193.076065063, 510.786590576, -151.478866577, 146.98274231, -112.507904053, 118.823623657, -52.1902160645, 4.99294519424, 113.756256104, -78.5552444458], [795.934326172, -373.921173096, -134.115142822, 91.6450271606, -151.478866577, 384.190704346, 80.3047866821, 75.2935028076, -107.264289856, 64.9219589233, 42.732749939, -56.4162063599, 83.3867416382], [116.05896759, 253.292892456, -115.717102051, -71.0368270874, 146.98274231, 80.3047866821, 284.630218506, -41.0850296021, -33.3365097046, -8.60860347748, 77.8770675659, -4.06893110275, -13.158033371], [696.036743164, -341.884765625, -140.558670044, 113.780380249, -112.507904053, 75.2935028076, -41.0850296021, 237.628051758, -87.7700119019, 35.9731903076, 1.6624174118, -62.7196502686, 83.383605957], [-568.91986084, 298.86618042, 218.064758301, -2.80121445656, 118.823623657, -107.264289856, -33.3365097046, -87.7700119019, 222.152206421, -23.8246994019, -6.759724617, 73.9005584717, -61.378692627], [242.23739624, -93.0256347656, -42.0720291138, -1.19713270664, -52.1902160645, 64.9219589233, -8.60860347748, 35.9731903076, -23.8246994019, 104.090751648, 9.677734375, -14.9006614685, 36.9268722534], [78.8472824097, 98.5218887329, -78.6868667603, -45.1740379333, 4.99294519424, 42.732749939, 77.8770675659, 1.6624174118, -6.759724617, 9.677734375, 148.683837891, -16.6548957825, -10.7202911377], [-408.738433838, 179.32598877, 132.187393188, -36.7280387878, 113.756256104, -56.4162063599, -4.06893110275, -62.7196502686, 73.9005584717, -14.9006614685, -16.6548957825, 111.19229126, -34.7687034607], [439.330688477, -177.34992981, -100.63621521, 58.5488128662, -78.5552444458, 83.3867416382, -13.158033371, 83.383605957, -61.378692627, 36.9268722534, -10.7202911377, -34.7687034607, 113.621681213]],
        "icov": [[0.000795911822934, 0.000390978297219, 0.000829582044389, -0.000209052712307, -2.87027341983e-06, -0.000502520706505, -0.0004616471997, -0.000816370244138, -0.000302283937344, -0.000418551557232, 0.000116779054224, 0.000492102932185, -0.000577912840527], [0.000390978297219, 0.0133444489911, -0.00359235215001, 0.00923888385296, -0.00891028996557, 0.00631104176864, -0.007155216299, 0.00472751539201, -0.00837345421314, 0.00114998326171, -0.00651830621064, 0.00422250572592, -0.00793523807079], [0.000829582044389, -0.00359235215001, 0.00353217916563, -0.0036441909615, 0.00239334162325, -0.00265054218471, 0.00220770086162, -0.00192033895291, 0.00156051293015, -0.000979593838565, 0.00239982246421, -0.00141006265767, 0.00241259997711], [-0.000209052712307, 0.00923888385296, -0.0036441909615, 0.0102553283796, -0.00491728121415, 0.00425045518205, -0.00538183096796, 0.00218527996913, -0.00697928387672, 0.0023660894949, -0.00368283409625, 0.00278181140311, -0.00606459518895], [-2.87027341983e-06, -0.00891028996557, 0.00239334162325, -0.00491728121415, 0.0106215756387, -0.0032565575093, 0.00164281495381, -0.00437241699547, 0.00418948195875, -0.000154989756993, 0.00539923226461, -0.00545439170673, 0.00504327379167], [-0.000502520706505, 0.00631104176864, -0.00265054218471, 0.00425045518205, -0.0032565575093, 0.00801287125796, -0.00508428364992, 0.00313496636227, -0.00307974196039, -0.000662973441649, -0.0039237854071, 0.00125314726029, -0.00520057231188], [-0.0004616471997, -0.007155216299, 0.00220770086162, -0.00538183096796, 0.00164281495381, -0.00508428364992, 0.0108307180926, -0.000589308561757, 0.00600762898102, 2.28425869864e-05, 0.000757450761739, -0.00110985955689, 0.00486883334816], [-0.000816370244138, 0.00472751539201, -0.00192033895291, 0.00218527996913, -0.00437241699547, 0.00313496636227, -0.000589308561757, 0.0102378502488, -0.00125632307027, 6.79813683746e-06, -0.00374466227368, 0.0027902838774, -0.00537684280425], [-0.000302283937344, -0.00837345421314, 0.00156051293015, -0.00697928387672, 0.00418948195875, -0.00307974196039, 0.00600762898102, -0.00125632307027, 0.0133039969951, -0.00138775457162, 0.00263895653188, -0.00477466871962, 0.0062776170671], [-0.000418551557232, 0.00114998326171, -0.000979593838565, 0.0023660894949, -0.000154989756993, -0.000662973441649, 2.28425869864e-05, 6.79813683746e-06, -0.00138775457162, 0.0125184748322, -0.00130094762426, -0.000251576362643, -0.00331434002146], [0.000116779054224, -0.00651830621064, 0.00239982246421, -0.00368283409625, 0.00539923226461, -0.0039237854071, 0.000757450761739, -0.00374466227368, 0.00263895653188, -0.00130094762426, 0.0122035769746, -0.0011049938621, 0.00550749571994], [0.000492102932185, 0.00422250572592, -0.00141006265767, 0.00278181140311, -0.00545439170673, 0.00125314726029, -0.00110985955689, 0.0027902838774, -0.00477466871962, -0.000251576362643, -0.0011049938621, 0.0165621861815, -0.00239494326524], [-0.000577912840527, -0.00793523807079, 0.00241259997711, -0.00606459518895, 0.00504327379167, -0.00520057231188, 0.00486883334816, -0.00537684280425, 0.0062776170671, -0.00331434002146, 0.00550749571994, -0.00239494326524, 0.0199800152332]]
    },
    "melbands": {
        "dmean": [0.000310351722874, 0.000405009224778, 0.000556944054551, 0.000704522011802, 0.000242622365477, 0.000112689907837, 5.52330129722e-05, 5.74270670768e-05, 6.00677703915e-05, 0.00010604790441, 6.54762261547e-05, 3.71356945834e-05, 5.49850592506e-05, 2.58207655861e-05, 4.49379240308e-06, 7.36635684007e-06, 8.88590147952e-06, 5.10479685545e-06, 2.73787418337e-06, 2.10660596167e-06, 1.16010596685e-06, 9.9109695384e-07, 5.11155462846e-07, 6.70808901759e-07, 1.78989000688e-06, 1.99889177566e-06, 7.69136931922e-07, 7.25513473299e-07, 4.87598697418e-07, 1.55648038458e-07, 1.18115160319e-07, 7.81501583447e-08, 5.1537348611e-08, 9.81208003736e-08, 1.91431610119e-07, 3.24215278624e-07, 3.76220356202e-07, 2.46142150218e-07, 2.16777124251e-07, 1.43277759435e-07],
        "dmean2": [0.000440617353888, 0.000616117089521, 0.000832894642372, 0.00107028183993, 0.000379347795388, 0.000152759210323, 7.8838893387e-05, 7.68018580857e-05, 8.38562409626e-05, 0.000141109456308, 7.99612316769e-05, 4.9371363275e-05, 6.33584277239e-05, 3.38919271599e-05, 6.09089147474e-06, 9.8957634691e-06, 1.21484963529e-05, 7.11405300535e-06, 3.71293526769e-06, 2.92546815217e-06, 1.63722643265e-06, 1.2401683307e-06, 6.83201392349e-07, 1.00181239304e-06, 2.54253291132e-06, 2.94165761261e-06, 1.11699068839e-06, 1.10629810024e-06, 7.28243662707e-07, 2.36153312017e-07, 1.88132318613e-07, 1.14440176446e-07, 7.607701491e-08, 1.34572331945e-07, 2.69427886224e-07, 4.8551061127e-07, 5.18154365636e-07, 3.64541875797e-07, 3.16741676443e-07, 2.07520756135e-07],
        "dvar": [8.88490376383e-07, 1.57881777341e-06, 6.85594102379e-07, 6.89904140927e-07, 1.44390909895e-07, 5.52774004348e-08, 3.4020949613e-08, 4.09573814864e-08, 2.36219062089e-08, 1.18271934468e-07, 2.9203278018e-08, 1.36935058848e-08, 3.6162756345e-08, 4.27208135534e-09, 2.26316035357e-10, 3.77452902267e-10, 5.84348736066e-10, 3.99906302517e-10, 8.47477227284e-11, 9.34941291053e-11, 4.42071552975e-11, 5.16848404353e-11, 5.59941676359e-12, 3.31738586254e-12, 2.65431131935e-11, 3.96761755395e-11, 5.20659817344e-12, 3.91225897164e-12, 2.40198247577e-12, 1.23083498688e-12, 1.05404985955e-12, 2.25658630237e-13, 3.53455464766e-13, 8.54963669306e-13, 2.9764858113e-12, 8.98284831935e-12, 8.83162640242e-12, 5.3446327225e-12, 5.47396546494e-12, 8.95788326329e-13],
        "dvar2": [1.52228244588e-06, 3.76781099476e-06, 1.85462261015e-06, 1.79924688837e-06, 3.50833289531e-07, 9.81319701054e-08, 6.28217833309e-08, 5.8002932235e-08, 4.5460982534e-08, 2.17318017803e-07, 3.46711459542e-08, 2.20054925393e-08, 4.35800018295e-08, 7.43717043505e-09, 3.11112552387e-10, 5.85418657995e-10, 9.06938357748e-10, 6.39009622994e-10, 1.34859845513e-10, 1.69617292434e-10, 7.43952885407e-11, 9.73729499809e-11, 8.33328371586e-12, 8.24443725095e-12, 5.24747120756e-11, 8.255305467e-11, 1.14522315242e-11, 9.02492577198e-12, 5.17062651376e-12, 2.5333327016e-12, 2.64955939133e-12, 4.36279972652e-13, 8.28598095085e-13, 1.38344511628e-12, 5.19949317976e-12, 1.92499991641e-11, 1.70406432021e-11, 1.00110015763e-11, 1.21100473399e-11, 1.75176095418e-12],
        "max": [0.0259510464966, 0.0213299710304, 0.0147261535749, 0.0125479279086, 0.00727810477838, 0.004677856341, 0.00543419737369, 0.0106802694499, 0.00289373728447, 0.00730719743297, 0.0044413767755, 0.00300635420717, 0.00815025810152, 0.00216784025542, 0.000573605298996, 0.000855708029121, 0.000632651674096, 0.000859075400513, 0.000359868310625, 0.000280122359982, 0.000307329610223, 0.000461311632534, 0.000163983815582, 6.92620815244e-05, 0.000164046345162, 0.000174587621586, 5.34142527613e-05, 4.23911260441e-05, 5.7223962358e-05, 4.81304850837e-05, 4.36824739154e-05, 1.37748656925e-05, 2.46353356488e-05, 3.22599662468e-05, 5.4384861869e-05, 8.46761176945e-05, 0.000106612351374, 7.92840946815e-05, 9.14959600777e-05, 3.31279588863e-05],
        "mean": [0.00136767793447, 0.00142201525159, 0.00253572664224, 0.0019494080916, 0.000647441367619, 0.000402029487304, 0.000205411779461, 0.000165478195413, 0.000164754877915, 0.000486914097564, 0.000336307974067, 0.000125091843074, 0.000250273937127, 9.67434098129e-05, 1.17906884043e-05, 3.53377363354e-05, 3.57556782546e-05, 1.5111842913e-05, 7.55733344704e-06, 4.82666109747e-06, 3.03959063785e-06, 2.427296522e-06, 1.35199695706e-06, 1.86529007351e-06, 6.68303027851e-06, 7.08251309334e-06, 2.5417903089e-06, 2.29047418543e-06, 1.17635738661e-06, 2.56822687561e-07, 1.7914103978e-07, 1.21050604207e-07, 6.43083239993e-08, 1.45197773804e-07, 2.59786673951e-07, 4.3475480993e-07, 5.68788095734e-07, 3.72646667302e-07, 3.08914877678e-07, 2.18334733404e-07],
        "median": [0.000339842226822, 0.000513146282174, 0.00172838068102, 0.00166081043426, 0.000457089103293, 0.000219576919335, 5.52992351004e-05, 4.34989597125e-05, 5.48176903976e-05, 5.24729439348e-05, 2.26402080443e-05, 1.6007315935e-05, 1.24446996779e-05, 1.03492129711e-05, 2.88972250928e-06, 3.12273346026e-06, 2.97427550322e-06, 1.54487327109e-06, 1.33273215397e-06, 7.32560749839e-07, 3.51796813902e-07, 2.87859251102e-07, 2.95607776479e-07, 4.19289023057e-07, 3.59444214837e-07, 4.90938532494e-07, 2.91599690172e-07, 2.34094457596e-07, 1.2815711159e-07, 3.33557110821e-08, 1.86785662493e-08, 8.67926885917e-09, 2.85614421003e-09, 2.29923347028e-09, 6.53838583276e-09, 1.40708324992e-08, 3.59391307825e-08, 2.71380269368e-08, 2.54623113705e-08, 1.07692690321e-08],
        "min": [6.87331294102e-08, 4.81001123376e-08, 6.07608683367e-08, 6.48549516313e-08, 1.65526650164e-08, 3.48355833069e-08, 1.15751790375e-08, 7.80926545652e-10, 9.50688749946e-10, 6.16653084151e-09, 4.60893323506e-09, 2.62960275776e-09, 1.26124988231e-09, 1.58382840176e-09, 1.56950202834e-10, 5.13650955103e-10, 1.08473297011e-09, 2.05683026167e-10, 2.36063252279e-10, 2.52965912106e-11, 1.69712022213e-11, 4.63536587586e-12, 7.41446661012e-12, 9.36169544663e-12, 6.06819525184e-11, 5.13256971646e-11, 5.19585520442e-11, 3.53462120684e-11, 9.45680252856e-12, 4.65775638545e-12, 1.9138080877e-12, 2.69708669461e-12, 5.06718527814e-13, 3.99223162124e-13, 1.03842910833e-12, 1.0155170975e-12, 1.23696398176e-12, 2.50508923501e-12, 8.08149554221e-13, 3.77743626309e-13],
        "var": [5.66416383663e-06, 4.98216013511e-06, 5.55468022867e-06, 1.71408282768e-06, 4.64424118718e-07, 2.76837312185e-07, 3.00553267607e-07, 3.15555297448e-07, 1.02543687319e-07, 1.06449078885e-06, 5.53970323836e-07, 1.16317295351e-07, 7.19265813132e-07, 5.1703779036e-08, 9.83146009048e-10, 7.24730586654e-09, 6.8980705592e-09, 2.57771648471e-09, 4.12259337779e-10, 3.15949100216e-10, 2.54048754256e-10, 2.36193176129e-10, 4.00443012083e-11, 1.36018678959e-11, 2.14224485373e-10, 2.48834841621e-10, 2.72504414867e-11, 1.91749029849e-11, 8.58218704436e-12, 1.6199600255e-12, 1.15633869667e-12, 4.16654151502e-13, 3.90600068565e-13, 1.5878322962e-12, 4.73836031176e-12, 1.31628137209e-11, 1.84840944634e-11, 8.32111896748e-12, 6.1206517285e-12, 1.61347183444e-12]
    },
    "mfcc": {
        "mean": [-743.270446777, 201.788818359, 21.7046413422, 18.5066986084, 11.7803249359, -12.2624855042, 23.3068008423, -5.1635427475, -9.93420505524, 8.01647377014, -11.8753271103, -10.6522722244, -13.4661092758],
        "cov": [[6279.06542969, -2080.31884766, -1274.4822998, -229.102737427, -434.237945557, -402.596099854, 982.138244629, -228.605514526, 168.612380981, 585.852355957, -451.294769287, 31.4964904785, -198.711502075], [-2080.31884766, 1910.30578613, -58.5051994324, -92.7111206055, 158.526153564, 215.205429077, -178.260620117, 131.820297241, -78.6200332642, -172.714309692, 224.526748657, 36.703956604, 171.120803833], [-1274.4822998, -58.5051994324, 891.846435547, 121.126098633, 102.105209351, 133.193374634, -277.879943848, 46.4811515808, 4.74838352203, -71.4972839355, 81.1286392212, 39.7755432129, 2.20693516731], [-229.102737427, -92.7111206055, 121.126098633, 325.390380859, 82.4354553223, -57.8178749084, -101.94732666, 30.9941997528, 50.6997451782, -36.8780136108, -23.1499328613, 51.0083885193, 21.6413078308], [-434.237945557, 158.526153564, 102.105209351, 82.4354553223, 219.255477905, -3.88155865669, -142.936737061, 40.6912345886, 56.0223426819, -54.6269416809, 16.5370349884, 40.0437507629, 44.8047103882], [-402.596099854, 215.205429077, 133.193374634, -57.8178749084, -3.88155865669, 300.31048584, -17.2987651825, 68.3032073975, -5.19643449783, -32.644153595, 75.4539260864, -19.8472099304, 24.9974212646], [982.138244629, -178.260620117, -277.879943848, -101.94732666, -142.936737061, -17.2987651825, 475.49230957, -10.7893972397, -12.7628154755, 133.054321289, -36.382850647, -23.8119926453, -104.187896729], [-228.605514526, 131.820297241, 46.4811515808, 30.9941997528, 40.6912345886, 68.3032073975, -10.7893972397, 153.409988403, -22.8319072723, 1.06151771545, 18.7926807404, 16.2602081299, 20.306344986], [168.612380981, -78.6200332642, 4.74838352203, 50.6997451782, 56.0223426819, -5.19643449783, -12.7628154755, -22.8319072723, 187.514846802, -47.1288757324, -27.1925621033, 27.3727798462, -10.5886383057], [585.852355957, -172.714309692, -71.4972839355, -36.8780136108, -54.6269416809, -32.644153595, 133.054321289, 1.06151771545, -47.1288757324, 210.843551636, -46.4841918945, -4.33282613754, -25.3117370605], [-451.294769287, 224.526748657, 81.1286392212, -23.1499328613, 16.5370349884, 75.4539260864, -36.382850647, 18.7926807404, -27.1925621033, -46.4841918945, 143.573303223, -11.502913475, 19.0689163208], [31.4964904785, 36.703956604, 39.7755432129, 51.0083885193, 40.0437507629, -19.8472099304, -23.8119926453, 16.2602081299, 27.3727798462, -4.33282613754, -11.502913475, 129.414215088, 29.0636005402], [-198.711502075, 171.120803833, 2.20693516731, 21.6413078308, 44.8047103882, 24.9974212646, -104.187896729, 20.306344986, -10.5886383057, -25.3117370605, 19.0689163208, 29.0636005402, 132.984603882]],
