{
"lowlevel": {
    "average_loudness": 0.58224183321,
    "barkbands_crest": {
        "dmean": 1.6623903513,
        "dmean2": 2.65545320511,
        "dvar": 2.45832443237,
        "dvar2": 5.76666116714,
        "max": 25.3823871613,
        "mean": 11.8892936707,
        "median": 11.3949842453,
        "min": 3.41506028175,
        "var": 14.022857666
    },
    "barkbands_flatness_db": {
        "dmean": 0.0227031819522,
        "dmean2": 0.0345745868981,
        "dvar": 0.000564047542866,
        "dvar2": 0.00103008374572,
        "max": 0.52058506012,
        "mean": 0.305189907551,
        "median": 0.298875272274,
        "min": 0.100566513836,
        "var": 0.0056910966523
    },
    "barkbands_kurtosis": {
        "dmean": 3.96670675278,
        "dmean2": 6.19152021408,
        "dvar": 38.8726577759,
        "dvar2": 89.4314041138,
        "max": 80.3605651855,
        "mean": 11.5714817047,
        "median": 8.58657073975,
        "min": -1.18107688427,
        "var": 111.834068298
    },
    "barkbands_skewness": {
        "dmean": 0.445371001959,
        "dmean2": 0.681415915489,
        "dvar": 0.29051977396,
        "dvar2": 0.668430328369,
        "max": 7.07231283188,
        "mean": 2.28775310516,
        "median": 2.12082481384,
        "min": -0.318571150303,
        "var": 1.25265026093
    },
    "barkbands_spread": {
        "dmean": 1.68372380733,
        "dmean2": 2.3832256794,
        "dvar": 15.3485202789,
        "dvar2": 30.5220870972,
        "max": 58.6214828491,
        "mean": 6.76228189468,
        "median": 4.55436086655,
        "min": 0.412571430206,
        "var": 60.081325531
    },
    "dissonance": {
        "dmean": 0.0329645313323,
        "dmean2": 0.0548301897943,
        "dvar": 0.00086962338537,
        "dvar2": 0.00221612327732,
        "max": 0.500000178814,
        "mean": 0.404890298843,
        "median": 0.410327792168,
        "min": 0.197092816234,
        "var": 0.00268416595645
    },
    "dynamic_complexity": 3.70422244072,
    "erbbands_crest": {
        "dmean": 1.71528184414,
        "dmean2": 2.68182682991,
        "dvar": 2.94655513763,
        "dvar2": 7.28407859802,
        "max": 25.8311042786,
        "mean": 11.4542751312,
        "median": 10.5489234924,
        "min": 2.78012609482,
        "var": 17.82289505
    },
    "erbbands_flatness_db": {
        "dmean": 0.0174979455769,
        "dmean2": 0.0242347419262,
        "dvar": 0.000397779716877,
        "dvar2": 0.000713137444109,
        "max": 0.427730888128,
        "mean": 0.262576341629,
        "median": 0.261797308922,
        "min": 0.0975476801395,
        "var": 0.00334198446944
    },
    "erbbands_kurtosis": {
        "dmean": 1.34817838669,
        "dmean2": 2.0321161747,
        "dvar": 4.40125799179,
        "dvar2": 8.93917369843,
        "max": 35.7723350525,
        "mean": 2.96901798248,
        "median": 1.22772908211,
        "min": -1.72434365749,
        "var": 22.4020061493
    },
    "erbbands_skewness": {
        "dmean": 0.298636168242,
        "dmean2": 0.442991673946,
        "dvar": 0.105807587504,
        "dvar2": 0.195716500282,
        "max": 4.65986156464,
        "mean": 1.31369030476,
        "median": 1.21338915825,
        "min": -1.80334496498,
        "var": 0.804583489895
    },
    "erbbands_spread": {
        "dmean": 4.39201259613,
        "dmean2": 6.7053527832,
        "dvar": 47.6767997742,
        "dvar2": 92.5370178223,
        "max": 99.2248382568,
        "mean": 24.3739700317,
        "median": 22.4251594543,
        "min": 2.7982480526,
        "var": 248.551712036
    },
    "hfc": {
        "dmean": 1.797555089,
        "dmean2": 2.32002615929,
        "dvar": 18.9052658081,
        "dvar2": 32.5578117371,
        "max": 98.1818008423,
        "mean": 6.49255466461,
        "median": 2.36620545387,
        "min": 0.428005814552,
        "var": 146.77520752
    },
    "melbands_crest": {
        "dmean": 2.23908877373,
        "dmean2": 3.62361764908,
        "dvar": 4.93888139725,
        "dvar2": 12.5312166214,
        "max": 29.2349681854,
        "mean": 15.4848804474,
        "median": 14.8357477188,
        "min": 6.35241127014,
        "var": 18.6917648315
    },
    "melbands_flatness_db": {
        "dmean": 0.026849379763,
        "dmean2": 0.0375889912248,
        "dvar": 0.000971005996689,
        "dvar2": 0.00167009234428,
        "max": 0.634463906288,
        "mean": 0.380050688982,
        "median": 0.377400279045,
        "min": 0.0992334634066,
        "var": 0.00971640460193
    },
    "melbands_kurtosis": {
        "dmean": 6.52627801895,
        "dmean2": 10.0291824341,
        "dvar": 114.512748718,
        "dvar2": 267.093078613,
        "max": 142.915771484,
        "mean": 19.5787467957,
        "median": 14.1469593048,
        "min": -0.0672647953033,
        "var": 336.187927246
    },
    "melbands_skewness": {
        "dmean": 0.516229987144,
        "dmean2": 0.790717124939,
        "dvar": 0.373306632042,
        "dvar2": 0.854494273663,
        "max": 9.52019691467,
        "mean": 2.84860134125,
        "median": 2.68641734123,
        "min": 0.100325584412,
        "var": 1.78008389473
    },
    "melbands_spread": {
        "dmean": 1.64209675789,
        "dmean2": 2.35169410706,
        "dvar": 14.5044364929,
        "dvar2": 31.2074565887,
        "max": 52.7210922241,
        "mean": 6.62233448029,
        "median": 4.37753772736,
        "min": 0.722992539406,
        "var": 44.6978225708
    },
    "pitch_salience": {
        "dmean": 0.052465017885,
        "dmean2": 0.0848512798548,
        "dvar": 0.00250973529182,
        "dvar2": 0.00660127960145,
        "max": 0.798780918121,
        "mean": 0.540426552296,
        "median": 0.541758298874,
        "min": 0.162470266223,
        "var": 0.00948462076485
    },
    "silence_rate_20dB": {
        "dmean": 0,
        "dmean2": 0,
        "dvar": 0,
        "dvar2": 0,
        "max": 1,
        "mean": 1,
        "median": 1,
        "min": 1,
        "var": 0
    },
    "silence_rate_30dB": {
        "dmean": 0.00766283506528,
        "dmean2": 0.0153374234214,
        "dvar": 0.00760421017185,
        "dvar2": 0.0181695222855,
        "max": 1,
        "mean": 0.981623291969,
        "median": 1,
        "min": 0,
        "var": 0.0180389862508
    },
    "silence_rate_60dB": {
        "dmean": 0.0153256701306,
        "dmean2": 0.0306748468429,
        "dvar": 0.0150908166543,
        "dvar2": 0.0374028198421,
        "max": 1,
        "mean": 0.0405819304287,
        "median": 0,
        "min": 0,
        "var": 0.0389346703887
    },
    "spectral_centroid": {
        "dmean": 72.7253570557,
        "dmean2": 103.1508255,
        "dvar": 31936.5097656,
        "dvar2": 64129.8476562,
        "max": 2625.24780273,
        "mean": 457.089202881,
        "median": 357.21484375,
        "min": 158.95111084,
        "var": 112768.125
    },
    "spectral_complexity": {
        "dmean": 1.39003837109,
        "dmean2": 2.13880372047,
        "dvar": 5.53599643707,
        "dvar2": 10.3802528381,
        "max": 37,
        "mean": 8.14088821411,
        "median": 7,
        "min": 2,
        "var": 22.5773525238
    },
    "spectral_decrease": {
        "dmean": 1.16213094703e-09,
        "dmean2": 1.64182223372e-09,
        "dvar": 4.39247877235e-18,
        "dvar2": 8.75199026138e-18,
        "max": -3.07559727686e-10,
        "mean": -4.63195259925e-09,
        "median": -2.23811924549e-09,
        "min": -4.0091197917e-08,
        "var": 3.31231175233e-17
    },
    "spectral_energy": {
        "dmean": 0.00453161867335,
        "dmean2": 0.00637581665069,
        "dvar": 6.66690757498e-05,
        "dvar2": 0.000131444612634,
        "max": 0.155639797449,
        "mean": 0.0180709604174,
        "median": 0.00865854229778,
        "min": 0.00136382866185,
        "var": 0.000514050305355
    },
    "spectral_energyband_high": {
        "dmean": 5.1393515605e-05,
        "dmean2": 8.22834044811e-05,
        "dvar": 8.41100842308e-08,
        "dvar2": 2.21831712111e-07,
        "max": 0.00423781760037,
        "mean": 6.62562888465e-05,
        "median": 3.64214861293e-06,
        "min": 4.9859544049e-08,
        "var": 8.04705848623e-08
    },
    "spectral_energyband_low": {
        "dmean": 0.00242631020956,
        "dmean2": 0.00377376726829,
        "dvar": 2.34850358538e-05,
        "dvar2": 5.45075163245e-05,
        "max": 0.0635503232479,
        "mean": 0.00683445809409,
        "median": 0.00357803283259,
        "min": 4.6406097681e-05,
        "var": 8.73502285685e-05
    },
    "spectral_energyband_middle_high": {
        "dmean": 0.000475745182484,
        "dmean2": 0.000626120949164,
        "dvar": 2.36504297391e-06,
        "dvar2": 4.20820288127e-06,
        "max": 0.0348279513419,
        "mean": 0.00131620408501,
        "median": 0.000285504094791,
        "min": 3.19818440175e-07,
        "var": 1.57812773978e-05
    },
    "spectral_energyband_middle_low": {
        "dmean": 0.00307535124011,
        "dmean2": 0.00425283424556,
        "dvar": 3.71986498067e-05,
        "dvar2": 7.32937769499e-05,
        "max": 0.118078827858,
        "mean": 0.0118381576613,
        "median": 0.00503770448267,
        "min": 0.000445831741672,
        "var": 0.000288062059553
    },
    "spectral_entropy": {
        "dmean": 0.192678853869,
        "dmean2": 0.265929698944,
        "dvar": 0.0622839108109,
        "dvar2": 0.106843993068,
        "max": 8.21553039551,
        "mean": 6.11812353134,
        "median": 6.06692266464,
        "min": 4.51050186157,
        "var": 0.540980875492
    },
    "spectral_flux": {
        "dmean": 0.0140627846122,
        "dmean2": 0.0220209751278,
        "dvar": 0.000324524007738,
        "dvar2": 0.00071682658745,
        "max": 0.219554379582,
        "mean": 0.0402979403734,
        "median": 0.0279878377914,
        "min": 0.00393431773409,
        "var": 0.00112677447032
    },
    "spectral_kurtosis": {
        "dmean": 10.8063373566,
        "dmean2": 17.8953514099,
        "dvar": 139.688812256,
        "dvar2": 353.647644043,
        "max": 144.1300354,
        "mean": 26.3160953522,
        "median": 18.1412506104,
        "min": -0.191962718964,
        "var": 626.927856445
    },
    "spectral_rms": {
        "dmean": 0.000465910357889,
        "dmean2": 0.000659811892547,
        "dvar": 4.189066658e-07,
        "dvar2": 7.72382691139e-07,
        "max": 0.0123224882409,
        "mean": 0.00368194328621,
        "median": 0.00290643400513,
        "min": 0.00115350098349,
        "var": 4.07352081311e-06
    },
    "spectral_rolloff": {
        "dmean": 107.418273926,
        "dmean2": 177.929290771,
        "dvar": 158570.453125,
        "dvar2": 369938.8125,
        "max": 4737.3046875,
        "mean": 473.696655273,
        "median": 322.998046875,
        "min": 129.19921875,
        "var": 294241.96875
    },
    "spectral_skewness": {
        "dmean": 0.748926460743,
        "dmean2": 1.22251605988,
        "dvar": 0.486069262028,
        "dvar2": 1.22892999649,
        "max": 9.6259727478,
        "mean": 3.49535536766,
        "median": 3.12072324753,
        "min": 0.426218599081,
        "var": 2.92604517937
    },
    "spectral_spread": {
        "dmean": 460062.15625,
        "dmean2": 671888.375,
        "dvar": 520634728448,
        "dvar2": 831407390720,
        "max": 20544032,
        "mean": 2399772.75,
        "median": 2002001.25,
        "min": 594133,
        "var": 1.9409642455e+12
    },
    "spectral_strongpeak": {
        "dmean": 0.184135407209,
        "dmean2": 0.304890930653,
        "dvar": 0.0730064883828,
        "dvar2": 0.157021909952,
        "max": 5.2699341774,
        "mean": 0.560330092907,
        "median": 0.371909171343,
        "min": 0.0409253463149,
        "var": 0.425629258156
    },
    "zerocrossingrate": {
        "dmean": 0.00370008684695,
        "dmean2": 0.00432263687253,
        "dvar": 3.48165558535e-05,
        "dvar2": 3.68751316273e-05,
        "max": 0.14404296875,
        "mean": 0.0209231879562,
        "median": 0.01611328125,
        "min": 0.00390625,
        "var": 0.000320676830597
    },
    "barkbands": {
        "dmean": [2.99247294606e-05, 0.000579485495109, 0.00147295650095, 0.00133297231514, 0.00124209083151, 0.00085256411694, 0.000510361336637, 0.000302183645545, 0.000151626067236, 0.000127758379676, 0.000131333814352, 6.19296915829e-05, 9.34116833378e-05, 8.20245986688e-05, 6.34189927951e-05, 7.6135082054e-05, 6.21430808678e-05, 1.91576473298e-05, 1.57920185302e-05, 9.99316216621e-06, 1.68013684743e-05, 1.51033373186e-05, 7.87131466495e-06, 7.34529385227e-06, 2.84519114757e-06, 3.90800503069e-09, 3.23426463389e-09],
        "dmean2": [4.57532623841e-05, 0.000932615948841, 0.00233577820472, 0.00198943703435, 0.00190066464711, 0.0012697877828, 0.000677374540828, 0.000397860043449, 0.000215263105929, 0.000192655541468, 0.000216056534555, 9.11591996555e-05, 0.000122970363009, 0.000106387575215, 7.89738624007e-05, 0.000110765577119, 9.27134824451e-05, 2.8120690331e-05, 2.50331195275e-05, 1.46938991747e-05, 2.85466576315e-05, 2.602144923e-05, 1.21054263218e-05, 1.11000135803e-05, 4.45045770903e-06, 5.33408162084e-09, 4.15428313971e-09],
        "dvar": [2.67232458384e-08, 1.6675688812e-06, 9.93441881292e-06, 1.07949981611e-05, 4.79929167341e-06, 5.32353533345e-06, 2.3816310204e-06, 2.59600210484e-06, 3.76791803092e-07, 2.52646088938e-07, 6.14291423062e-07, 1.17264292498e-07, 2.67166001322e-07, 1.42879372333e-07, 8.59429221123e-08, 1.0965790409e-07, 1.16514918602e-07, 4.19248236128e-09, 5.31816235494e-09, 2.28812990777e-09, 1.35051196892e-08, 1.14990639233e-08, 1.00513797285e-09, 7.97847343748e-10, 1.71220079781e-10, 6.52187417299e-15, 5.55942578689e-15],
        "dvar2": [5.58806156903e-08, 3.86312012779e-06, 2.45761511906e-05, 2.22514918278e-05, 1.03936117739e-05, 1.42440758282e-05, 3.89043771065e-06, 3.57225553671e-06, 7.14696284376e-07, 5.74336752379e-07, 1.68649694388e-06, 1.90635290664e-07, 4.01758597945e-07, 2.10563953829e-07, 1.10283366439e-07, 2.50212252695e-07, 2.6959591537e-07, 7.19324244614e-09, 1.44292133797e-08, 5.07091568736e-09, 3.68925014982e-08, 3.19391801895e-08, 2.3342201505e-09, 1.73706615758e-09, 4.02725214288e-10, 6.89170061622e-15, 5.58567914957e-15],
        "max": [0.00368639663793, 0.0189254619181, 0.0403201058507, 0.0702051073313, 0.0428477600217, 0.0511848628521, 0.0294743981212, 0.0610328279436, 0.0132847195491, 0.0131139494479, 0.0220850277692, 0.0122152464464, 0.0163884256035, 0.0145075442269, 0.0116226449609, 0.0108113083988, 0.0114449933171, 0.00170960242394, 0.00144831009675, 0.00130192690995, 0.00195955205709, 0.00147225218825, 0.00050054321764, 0.000605749723036, 0.000318428967148, 2.87353668682e-06, 2.69024849331e-06],
        "mean": [3.0866391171e-05, 0.00161677168217, 0.00323355547152, 0.00327637768351, 0.00352345965803, 0.00235739443451, 0.0011593955569, 0.00103212578688, 0.000371136615286, 0.000248462107265, 0.000256917614024, 0.000114037022286, 0.000193475309061, 0.000168489190401, 0.000117661518743, 0.000141613578307, 0.000101806013845, 3.36009725288e-05, 2.0898605726e-05, 1.5501267626e-05, 1.58419388754e-05, 1.28680212583e-05, 1.06523057184e-05, 1.24295647765e-05, 5.62246805202e-06, 3.3946732092e-09, 2.97362801049e-09],
        "median": [2.93286211672e-06, 0.000479033740703, 0.00144952582195, 0.000700390315615, 0.00213380414061, 0.000800151494332, 0.000213922496187, 8.68380302563e-05, 1.7688207663e-05, 2.83649878838e-05, 4.41616721218e-05, 4.22304719905e-06, 7.48579304855e-06, 5.95872279519e-06, 1.68721162481e-05, 1.75619643414e-05, 2.20378096856e-05, 4.51824371339e-06, 2.56248904407e-06, 9.24517166823e-07, 8.71852648743e-07, 4.29050999173e-07, 4.9967616178e-07, 2.66656968506e-07, 4.20291996761e-08, 1.64151137128e-10, 1.86528126278e-10],
        "min": [1.06186099913e-08, 1.787626843e-06, 1.72004746446e-07, 9.51217316469e-06, 0.000105781451566, 7.89622845332e-06, 1.47803461914e-06, 6.96085635354e-07, 6.2811992052e-08, 1.6741125819e-08, 8.97592933313e-09, 1.05271142914e-08, 1.35355753272e-08, 5.74867708991e-09, 7.12196124297e-09, 1.28808350652e-08, 1.29365194113e-08, 1.46128451561e-08, 2.14804032339e-08, 4.06957623156e-09, 2.68185577912e-11, 5.69674418749e-10, 1.96784775974e-11, 1.64924636448e-11, 2.71815157188e-11, 2.5380432131e-11, 3.44370955363e-11],
        "var": [3.12125365554e-08, 4.83103258375e-06, 3.01079471683e-05, 5.80513296882e-05, 1.77713427547e-05, 1.59963401529e-05, 1.04014179669e-05, 2.8261105399e-05, 1.78616744506e-06, 7.73039914748e-07, 9.91458932731e-07, 4.0442904492e-07, 1.36084372571e-06, 8.2392045897e-07, 3.06478796119e-07, 2.66619878175e-07, 1.85187602142e-07, 1.28970709667e-08, 5.39302202895e-09, 6.59359145061e-09, 9.52640899499e-09, 7.82296272206e-09, 1.24840138227e-09, 2.37255970426e-09, 6.91778911932e-10, 6.43810600263e-15, 5.55963881567e-15]
    },
    "erbbands": {
        "dmean": [0.0105612557381, 0.167202815413, 1.32210898399, 3.422290802, 3.43888521194, 4.90183877945, 8.2117805481, 5.23005628586, 6.05808067322, 6.86473369598, 6.85583925247, 2.97951936722, 3.92283296585, 5.12495183945, 3.09085464478, 2.75613880157, 4.92366886139, 3.92829370499, 3.51374816895, 3.43585777283, 4.33882570267, 2.82633638382, 1.15645503998, 0.785482704639, 0.694969475269, 0.452908217907, 0.736351668835, 0.472054839134, 0.535859465599, 0.408302545547, 0.218343377113, 0.159586295485, 0.129155233502, 0.0514472797513, 0.0104150231928, 0.000273204204859, 1.89006550499e-05, 3.58979218618e-06, 2.63604806605e-06, 5.10225072503e-06],
        "dmean2": [0.0167711023241, 0.275665819645, 2.10037946701, 5.1316742897, 5.22957134247, 7.79115343094, 12.4920186996, 7.72087907791, 8.2707567215, 8.60667037964, 9.19067573547, 4.24120473862, 5.72963428497, 8.17100334167, 5.03849601746, 4.00113105774, 6.27006673813, 4.84258174896, 4.47310876846, 4.38678073883, 6.66848230362, 3.89705872536, 1.66164183617, 1.16362440586, 1.11609888077, 0.678235769272, 1.25319933891, 0.784983277321, 0.930563986301, 0.67499256134, 0.34011182189, 0.236317336559, 0.199844032526, 0.0808937773108, 0.0163239873946, 0.000418692274252, 2.67145187536e-05, 4.82454788653e-06, 3.56937061952e-06, 7.16141084922e-06],
        "dvar": [0.00182758271694, 0.12352270633, 8.02370738983, 66.0670852661, 53.0067710876, 94.9707641602, 316.012512207, 248.030334473, 341.014678955, 754.176635742, 1376.0177002, 146.598678589, 395.016326904, 459.599853516, 382.216003418, 233.72744751, 809.063903809, 385.333679199, 337.581481934, 150.779586792, 643.73046875, 160.387527466, 14.7710161209, 6.92342948914, 17.5602531433, 4.48919963837, 25.1978206635, 8.90547180176, 16.3977661133, 6.37441921234, 0.676069259644, 0.367632001638, 0.266566991806, 0.0496411621571, 0.00217623775825, 1.49119557591e-06, 2.39628565879e-08, 2.40534525631e-09, 1.23632173943e-10, 8.37027808176e-11],
        "dvar2": [0.00399609887972, 0.314131647348, 19.5373439789, 141.625915527, 106.160308838, 218.411300659, 713.997253418, 636.817993164, 590.330322266, 942.352355957, 1901.84436035, 266.482452393, 845.431091309, 1242.09851074, 1016.10314941, 380.780578613, 1130.87145996, 487.838470459, 432.179870605, 241.147094727, 1611.32165527, 297.143585205, 24.9345302582, 12.8923397064, 47.4899978638, 9.78451633453, 69.0726242065, 23.7732086182, 46.2880172729, 17.027967453, 1.54255092144, 0.789325535297, 0.627330064774, 0.116397544742, 0.00501029286534, 3.30410466631e-06, 2.79206009424e-08, 2.48374987244e-09, 1.43808895348e-10, 1.64385408064e-10],
        "max": [0.986092269421, 6.07634401321, 48.3203811646, 157.719268799, 158.106933594, 170.914428711, 257.898345947, 398.840118408, 390.821380615, 1159.96289062, 1511.20556641, 412.237670898, 676.70880127, 571.268188477, 440.717102051, 525.177124023, 937.019042969, 854.993225098, 584.979064941, 379.138244629, 843.625244141, 440.768432617, 78.6092376709, 55.1753387451, 88.0913009644, 47.6851959229, 82.0125198364, 49.3563919067, 66.8733444214, 34.5102996826, 13.5103578568, 12.6142225266, 11.032119751, 5.45491170883, 1.02780485153, 0.0254253763705, 0.00527256121859, 0.00175953097641, 0.000398838164983, 0.000172261425178],
        "mean": [0.0226875916123, 0.48332580924, 3.0862057209, 8.6243314743, 8.93460845947, 13.6476240158, 22.5176296234, 13.3628396988, 13.8011016846, 18.8884391785, 23.6950035095, 8.03897762299, 9.93274021149, 10.6652383804, 5.69826221466, 5.57281684875, 10.6186227798, 9.12844467163, 6.69361877441, 6.62745189667, 7.70895385742, 4.90695238113, 2.12436938286, 1.41368854046, 0.933373510838, 0.707689762115, 0.74315649271, 0.483933538198, 0.446085393429, 0.389827907085, 0.30923563242, 0.250504344702, 0.215544551611, 0.101137638092, 0.0186959411949, 0.000494842533953, 3.51269882231e-05, 5.72278486288e-06, 9.47691205511e-06, 2.03412764677e-05],
        "median": [0.00815156660974, 0.198899269104, 1.62548089027, 2.15588903427, 3.69760727882, 8.86884784698, 9.0619058609, 4.7444934845, 2.96737957001, 3.12205219269, 1.79055595398, 0.797536969185, 0.547607660294, 2.4745619297, 0.827650368214, 0.338734984398, 0.395477056503, 0.377371907234, 0.739766359329, 0.845363736153, 1.38399124146, 0.924115300179, 0.451801359653, 0.188993781805, 0.0830117836595, 0.0420704595745, 0.0379522405565, 0.0341382175684, 0.0174535959959, 0.0118030337617, 0.0150028411299, 0.00723109859973, 0.00442319968715, 0.00122607196681, 0.000109275366412, 1.09613165478e-05, 4.06154049415e-06, 6.60037017042e-07, 4.3833770178e-06, 1.00013949123e-05],
        "min": [5.75716039748e-05, 0.000987879582681, 0.0059572244063, 0.0731627270579, 0.190626934171, 0.400739580393, 0.230261787772, 0.202148124576, 0.088227443397, 0.0498574227095, 0.0321910865605, 0.00330808758736, 0.00135306699667, 0.000872959848493, 0.000846787530463, 0.000632551149465, 0.00115294905845, 0.000987640814856, 0.000358708552085, 0.000449352781288, 0.00100593955722, 0.000875698053278, 0.000925987435039, 0.000598125800025, 0.00127082294784, 0.000300094223348, 0.000320974679198, 0.000231415586313, 9.31776376092e-05, 2.33300397667e-05, 1.08140047814e-05, 3.52960296368e-06, 2.66458164333e-06, 2.44885973189e-06, 1.77359174813e-06, 1.16096043712e-06, 6.84192571043e-07, 1.12794339202e-07, 8.97435427305e-07, 1.83407598797e-06],
        "var": [0.00233893748373, 0.371269911528, 23.965013504, 318.971557617, 247.232818604, 254.357574463, 1130.89416504, 660.592651367, 1272.25061035, 5708.77441406, 15647.6416016, 927.838317871, 2119.09472656, 955.444213867, 566.104919434, 930.092956543, 4364.01708984, 2642.25927734, 1063.59924316, 615.103820801, 974.621154785, 371.56427002, 39.2802467346, 18.7071247101, 17.23371315, 11.9299602509, 19.7706546783, 6.88052129745, 10.6548128128, 4.93746232986, 0.91852658987, 0.889112114906, 0.703658401966, 0.204354718328, 0.00841131526977, 5.24501820109e-06, 3.27768034936e-08, 2.52643395093e-09, 2.49395587515e-10, 6.59291454763e-10]
    },
    "gfcc": {
        "mean": [-152.048278809, 191.035430908, -102.195655823, 37.7727928162, -47.0292015076, -6.12294054031, -44.5803794861, -13.9001674652, -3.08638548851, -27.342376709, -1.10357022285, -16.9493751526, 7.17755937576],
        "cov": [[7051.92236328, -2009.24084473, -1566.86352539, 418.941131592, -986.518798828, 1006.82165527, -531.234313965, 469.585540771, 94.2450485229, -67.179977417, 116.30644989, -133.47454834, -77.5308151245], [-2009.24084473, 1490.27648926, 191.853759766, -635.669799805, 602.684814453, -519.964172363, 390.77822876, -269.390289307, 137.76991272, -30.6362915039, -91.1056365967, 79.7464447021, -24.4323749542], [-1566.86352539, 191.853759766, 1044.92150879, 96.3522338867, 86.092376709, -12.562379837, -76.783164978, -4.02869272232, -5.30094909668, -4.23092508316, 52.582447052, -50.903011322, -2.4050078392], [418.941131592, -635.669799805, 96.3522338867, 584.68762207, -145.115020752, 199.972000122, -168.167739868, 64.7186965942, 0.853362321854, 2.65046143532, 77.5347290039, -30.6830558777, 17.9214954376], [-986.518798828, 602.684814453, 86.092376709, -145.115020752, 437.241516113, -257.810119629, 108.168067932, -96.6342086792, 78.5101547241, 14.2356452942, -50.7375411987, 28.608045578, -16.4372062683], [1006.82165527, -519.964172363, -12.562379837, 199.972000122, -257.810119629, 408.76651001, -142.010482788, 90.3157196045, -4.75020933151, -1.88283014297, 115.709854126, -67.6631851196, -37.7536849976], [-531.234313965, 390.77822876, -76.783164978, -168.167739868, 108.168067932, -142.010482788, 332.136627197, -115.281211853, -71.8349075317, 43.1883010864, -26.5957641602, 84.3258056641, -4.34645652771], [469.585540771, -269.390289307, -4.02869272232, 64.7186965942, -96.6342086792, 90.3157196045, -115.281211853, 174.625534058, 14.2038135529, 2.87625837326, 8.69964599609, -24.8006668091, 20.4769630432], [94.2450485229, 137.76991272, -5.30094909668, 0.853362321854, 78.5101547241, -4.75020933151, -71.8349075317, 14.2038135529, 208.378570557, -25.860042572, 1.74719214439, -42.4278373718, -27.7566070557], [-67.179977417, -30.6362915039, -4.23092508316, 2.65046143532, 14.2356452942, -1.88283014297, 43.1883010864, 2.87625837326, -25.860042572, 133.958297729, 12.4817762375, -6.93165636063, -10.8224916458], [116.30644989, -91.1056365967, 52.582447052, 77.5347290039, -50.7375411987, 115.709854126, -26.5957641602, 8.69964599609, 1.74719214439, 12.4817762375, 127.986244202, -2.68912315369, -32.3099212646], [-133.47454834, 79.7464447021, -50.903011322, -30.6830558777, 28.608045578, -67.6631851196, 84.3258056641, -24.8006668091, -42.4278373718, -6.93165636063, -2.68912315369, 124.176673889, 37.673664093], [-77.5308151245, -24.4323749542, -2.4050078392, 17.9214954376, -16.4372062683, -37.7536849976, -4.34645652771, 20.4769630432, -27.7566070557, -10.8224916458, -32.3099212646, 37.673664093, 89.1972961426]],
        "icov": [[0.000646615924779, 0.000219923051191, 0.000853351608384, 0.000128200015752, 0.000412107765442, -0.000974764348939, 0.000281083892332, -0.000616572797298, -0.000419053540099, 0.000177221052581, 0.000422901590355, -0.000315777695505, 0.000615800963715], [0.000219923051191, 0.0214926358312, -0.0041467458941, 0.0150730777532, -0.0134152006358, 0.00636273482814, -0.0136657059193, 0.0102514252067, -0.0138383209705, 0.00805991049856, -0.00959596503526, 0.00444958684966, -0.00854396913201], [0.000853351608384, -0.0041467458941, 0.00314634200186, -0.00309101096354, 0.00295119406655, -0.00243058986962, 0.00346394721419, -0.00293980236165, 0.00267525180243, -0.0012612430146, 0.00178524223156, -0.000643336796202, 0.00226837047376], [0.000128200015752, 0.0150730777532, -0.00309101096354, 0.012952581048, -0.00933020561934, 0.00371331954375, -0.00862808153033, 0.0075641721487, -0.00968362297863, 0.00522356340662, -0.00742016127333, 0.00289180036634, -0.00703899096698], [0.000412107765442, -0.0134152006358, 0.00295119406655, -0.00933020561934, 0.0134707512334, -0.00226004514843, 0.00855649169534, -0.00607918994501, 0.00651491479948, -0.00561039848253, 0.00625892356038, -0.00349204591475, 0.00706480955705], [-0.000974764348939, 0.00636273482814, -0.00243058986962, 0.00371331954375, -0.00226004514843, 0.00991476420313, -0.00432614376768, 0.00317129236646, -0.00363538484089, 0.00253272033297, -0.00747515074909, 0.00367375905626, -0.00215818476863], [0.000281083892332, -0.0136657059193, 0.00346394721419, -0.00862808153033, 0.00855649169534, -0.00432614376768, 0.0150229297578, -0.00438737217337, 0.00999767612666, -0.00686082849279, 0.00673446850851, -0.00600571278483, 0.00706767104566], [-0.000616572797298, 0.0102514252067, -0.00293980236165, 0.0075641721487, -0.00607918994501, 0.00317129236646, -0.00438737217337, 0.0143169751391, -0.00691016111523, 0.00222256942652, -0.00453613325953, 0.00219004810788, -0.00705426093191], [-0.000419053540099, -0.0138383209705, 0.00267525180243, -0.00968362297863, 0.00651491479948, -0.00363538484089, 0.00999767612666, -0.00691016111523, 0.0157109964639, -0.00393354194239, 0.00550331128761, -0.00122089846991, 0.00651923660189], [0.000177221052581, 0.00805991049856, -0.0012612430146, 0.00522356340662, -0.00561039848253, 0.00253272033297, -0.00686082849279, 0.00222256942652, -0.00393354194239, 0.0117157679051, -0.00482593849301, 0.00355151807889, -0.00257887202315], [0.000422901590355, -0.00959596503526, 0.00178524223156, -0.00742016127333, 0.00625892356038, -0.00747515074909, 0.00673446850851, -0.00453613325953, 0.00550331128761, -0.00482593849301, 0.017797537148, -0.00615555932745, 0.00881075672805], [-0.000315777695505, 0.00444958684966, -0.000643336796202, 0.00289180036634, -0.00349204591475, 0.00367375905626, -0.00600571278483, 0.00219004810788, -0.00122089846991, 0.00355151807889, -0.00615555932745, 0.0146785192192, -0.00791641417891], [0.000615800963715, -0.00854396913201, 0.00226837047376, -0.00703899096698, 0.00706480955705, -0.00215818476863, 0.00706767104566, -0.00705426093191, 0.00651923660189, -0.00257887202315, 0.00881075672805, -0.00791641417891, 0.021484637633]]
    },
    "melbands": {
        "dmean": [0.000119799238746, 0.000526272866409, 0.0005697037559, 0.000283492932795, 0.000262706191279, 0.000126626197016, 0.000100555640529, 7.16115755495e-05, 5.23644739587e-05, 1.79885846592e-05, 1.97438239411e-05, 2.0760748157e-05, 1.41333684951e-05, 7.23939592717e-06, 8.85379085958e-06, 9.25637232285e-06, 7.33925844543e-06, 5.85011821386e-06, 5.03471619595e-06, 5.05933576278e-06, 5.42680663784e-06, 3.43832834915e-06, 1.55491284204e-06, 8.44576845793e-07, 6.47066940473e-07, 6.44735507649e-07, 4.01329685928e-07, 2.95892277791e-07, 3.99487788627e-07, 5.31961688921e-07, 2.02266804195e-07, 2.2877905792e-07, 4.3729431809e-07, 1.62189195407e-07, 1.32400188591e-07, 1.20745980325e-07, 9.73832143814e-08, 1.03208122937e-07, 6.58977938883e-08, 4.13828402657e-08],
        "dmean2": [0.000190979902982, 0.000841268571094, 0.000857623061165, 0.000442481657956, 0.000395521667087, 0.000188467311091, 0.00013427050726, 9.22099716263e-05, 7.17739676475e-05, 2.58927993855e-05, 2.91229480354e-05, 3.29513641191e-05, 2.31478825299e-05, 1.03596603367e-05, 1.13742034955e-05, 1.22090223158e-05, 9.42658061831e-06, 7.76948309067e-06, 6.47190290692e-06, 6.85481836626e-06, 8.50914238981e-06, 5.00280839333e-06, 2.13086718759e-06, 1.22555411508e-06, 9.70971314018e-07, 1.06372829123e-06, 6.24291658369e-07, 4.38062158992e-07, 6.86164298713e-07, 9.30991348014e-07, 3.35802923246e-07, 3.92415415718e-07, 7.68479765156e-07, 2.59967265492e-07, 2.08431586657e-07, 1.85949048159e-07, 1.47823001839e-07, 1.59930081622e-07, 1.0467961431e-07, 6.4836989111e-08],
        "dvar": [1.07200882837e-07, 1.18534660487e-06, 1.56414625962e-06, 2.73187140465e-07, 2.66774435431e-07, 1.40676917226e-07, 8.47355039468e-08, 8.66497771312e-08, 6.9043124995e-08, 5.27329291344e-09, 9.75119007762e-09, 7.47767359144e-09, 8.82090223087e-09, 2.06362971156e-09, 1.69834857289e-09, 2.52418486113e-09, 1.37664990518e-09, 1.12272935393e-09, 3.96864013874e-10, 3.47635281672e-10, 1.10381981333e-09, 2.84368167902e-10, 3.41715857e-11, 8.09802312013e-12, 4.54307381645e-12, 1.45351144315e-11, 4.47848268886e-12, 1.95686327385e-12, 6.81917846843e-12, 1.61235920448e-11, 1.36663217635e-12, 2.71230629102e-12, 1.03737825621e-11, 7.38187722754e-13, 2.38763734261e-13, 1.89893700807e-13, 1.47705334292e-13, 1.74560168295e-13, 7.23000489773e-14, 3.34808373246e-14],
        "dvar2": [2.2746024797e-07, 2.95545737572e-06, 3.42742418979e-06, 6.01878639372e-07, 5.98411418196e-07, 3.71673934296e-07, 1.42354963373e-07, 1.07984384101e-07, 1.02198491447e-07, 9.6463024235e-09, 2.08766461895e-08, 1.99787226762e-08, 2.38474306968e-08, 3.15325898725e-09, 2.86313839304e-09, 3.51392892561e-09, 1.86448922967e-09, 1.56008528318e-09, 5.64819524485e-10, 7.0277805797e-10, 2.85720780369e-09, 5.97610239073e-10, 5.08154560097e-11, 1.40789558831e-11, 8.32997906763e-12, 4.03878597233e-11, 1.18995941573e-11, 4.07295334612e-12, 1.86103996797e-11, 4.45771475288e-11, 3.53795530199e-12, 7.62363696477e-12, 2.90438922912e-11, 1.87462784011e-12, 5.61331038075e-13, 4.3691780879e-13, 3.29137487664e-13, 4.1984241062e-13, 1.738614271e-13, 8.06423206207e-14],
        "max": [0.00683748582378, 0.0190722234547, 0.0236465297639, 0.0108314240351, 0.00733419694006, 0.0090963402763, 0.00563992653042, 0.0117962313816, 0.0100892772898, 0.0022809645161, 0.00331256305799, 0.00220256880857, 0.00249209231697, 0.00180774123874, 0.00129237223882, 0.00155510299373, 0.00154189148452, 0.000935554096941, 0.000681857636664, 0.000585449161008, 0.00106631161179, 0.000576947990339, 0.000131546825287, 8.26972245704e-05, 4.47319289378e-05, 8.15929015516e-05, 3.7396515836e-05, 3.77329197363e-05, 3.66606473108e-05, 7.39173046895e-05, 2.3148379114e-05, 2.8778835258e-05, 4.1443745431e-05, 1.27946677821e-05, 9.31561316975e-06, 6.03475564276e-06, 8.52281391417e-06, 8.96480833035e-06, 4.92974277222e-06, 4.90855700264e-06],
        "mean": [0.0003290574532, 0.00129982782528, 0.00149235967547, 0.000770115584601, 0.000744304212276, 0.000331200193614, 0.000229293233133, 0.000215177467908, 0.000169829654624, 4.56642446807e-05, 4.75361666759e-05, 4.10220163758e-05, 2.48964770435e-05, 1.43112247315e-05, 1.75107707037e-05, 1.98905727302e-05, 1.61547122843e-05, 1.01774912764e-05, 9.13042094908e-06, 9.38959237828e-06, 8.95491029951e-06, 5.76280444875e-06, 2.61315085481e-06, 1.49076799971e-06, 1.11285226012e-06, 7.36110905564e-07, 5.27047916421e-07, 4.67007140514e-07, 4.43365706815e-07, 4.49311670536e-07, 2.28033130156e-07, 2.00509418846e-07, 3.31871916615e-07, 1.74561051836e-07, 1.76430177135e-07, 1.70279633949e-07, 1.46866454998e-07, 1.63549216836e-07, 1.13650287403e-07, 7.81443461051e-08],
        "median": [9.81580305961e-05, 0.000851083779708, 0.000430456129834, 0.0004703613522, 0.000372033740859, 0.000118107491289, 4.63135147584e-05, 2.93306766252e-05, 1.34704787342e-05, 3.31737282977e-06, 1.51699850903e-06, 9.16562203201e-06, 3.73049374502e-06, 4.16408767023e-07, 7.25608970242e-07, 8.085967238e-07, 5.1050278671e-07, 8.57437612467e-07, 1.42588896779e-06, 9.023168559e-07, 1.65230062521e-06, 9.25837184695e-07, 4.77477442473e-07, 1.849134037e-07, 1.38446523579e-07, 6.19462809937e-08, 3.60835450408e-08, 2.28676313441e-08, 2.00589820309e-08, 2.10592805416e-08, 1.80707608877e-08, 8.97835938929e-09, 5.72512570685e-09, 5.24779331101e-09, 8.75725447713e-09, 6.64848531784e-09, 2.29784324901e-09, 3.04325142864e-09, 1.95146965254e-09, 4.09050293637e-10],
        "min": [4.68958972988e-07, 3.27696488966e-06, 1.85451935977e-05, 1.33261210067e-05, 9.17723355087e-06, 1.6247554413e-06, 3.07404661726e-07, 3.46291500364e-07, 8.49670271919e-08, 8.97011709355e-09, 5.37021227487e-09, 2.82605006063e-09, 2.8492475046e-09, 2.9293902859e-09, 1.62342916887e-09, 1.25578292209e-09, 1.57257329381e-09, 2.45708925428e-10, 4.71393479806e-10, 4.58833609995e-10, 1.26422372571e-09, 6.0669985702e-10, 7.43619332777e-10, 4.1642525539e-10, 1.58286661556e-10, 8.42934333445e-10, 2.94796520528e-10, 1.02154659731e-10, 2.52104760678e-12, 4.85373568594e-13, 1.28407527666e-12, 9.5720419438e-12, 2.99459654123e-12, 3.51212114946e-12, 1.81922646435e-13, 2.24388080816e-13, 1.69669589793e-13, 1.74864205689e-13, 1.79929774422e-13, 1.92384465563e-13],
        "var": [2.42084894353e-07, 3.47569653059e-06, 7.52366941015e-06, 9.05506283289e-07, 9.54072902459e-07, 3.83602525744e-07, 3.42934612263e-07, 7.248254974e-07, 7.07590061211e-07, 3.1100643838e-08, 4.93944831703e-08, 1.3878281635e-08, 1.16056151356e-08, 7.7676460819e-09, 9.42022726491e-09, 1.327613397e-08, 8.77946071398e-09, 3.03885405728e-09, 1.48112322407e-09, 1.10664033492e-09, 1.40138622928e-09, 5.62884683308e-10, 7.72806263427e-11, 2.89120359598e-11, 1.18734275883e-11, 1.17443693659e-11, 6.32882201507e-12, 6.06020572266e-12, 6.69324318192e-12, 1.05627295105e-11, 1.1995246376e-12, 1.83923579491e-12, 6.70477649095e-12, 6.79027689111e-13, 3.05818223393e-13, 2.8266820308e-13, 3.88123425543e-13, 4.16893326501e-13, 2.17043031226e-13, 1.37349468821e-13]
    },
    "mfcc": {
        "mean": [-788.975524902, 191.227264404, 26.1308765411, 32.1032829285, 27.7926425934, -1.80221414566, -16.0189743042, 0.237902864814, -3.1718249321, -6.9313454628, -10.9547157288, -1.5147818327, -3.94023418427],
        "cov": [[7680.74267578, -1737.00634766, -1338.20800781, -632.403564453, -354.029724121, -38.7104072571, -207.955627441, 268.435852051, -72.8447647095, 259.853149414, -27.832988739, 63.1451644897, -101.307373047], [-1737.00634766, 1570.97741699, -91.2322311401, -159.526855469, 58.4807128906, -21.5191898346, -67.0499725342, 6.8138961792, 100.871742249, -91.7367782593, 90.7084503174, 13.5927619934, -43.2497558594], [-1338.20800781, -91.2322311401, 844.264587402, 117.886100769, 96.6885986328, 78.3440628052, 66.1087493896, 0.652954995632, -79.4310836792, 21.8031387329, 30.723487854, -33.916557312, 51.591468811], [-632.403564453, -159.526855469, 117.886100769, 380.463470459, 99.1352844238, 17.7164459229, 24.8194007874, -42.847568512, 33.9164123535, -15.0484361649, -45.5751914978, -2.23280978203, 62.6967201233], [-354.029724121, 58.4807128906, 96.6885986328, 99.1352844238, 356.516082764, -21.7073478699, -104.051002502, 11.6619119644, -3.4292216301, 71.8855895996, 15.7386207581, -19.1598644257, 19.181722641], [-38.7104072571, -21.5191898346, 78.3440628052, 17.7164459229, -21.7073478699, 190.55065918, 51.9120826721, -3.88152766228, -46.3539123535, 18.1360740662, 47.4941749573, 20.5489006042, 19.0185337067], [-207.955627441, -67.0499725342, 66.1087493896, 24.8194007874, -104.051002502, 51.9120826721, 205.335159302, -22.9801311493, -45.6643791199, -49.2569236755, -3.01114726067, 29.7134017944, 21.2760543823], [268.435852051, 6.8138961792, 0.652954995632, -42.847568512, 11.6619119644, -3.88152766228, -22.9801311493, 136.858291626, -8.84209632874, -17.2662811279, -14.3769788742, 10.7315635681, 5.63715076447], [-72.8447647095, 100.871742249, -79.4310836792, 33.9164123535, -3.4292216301, -46.3539123535, -45.6643791199, -8.84209632874, 146.489074707, 0.737396359444, -20.3511810303, -11.6328077316, -1.83593165874], [259.853149414, -91.7367782593, 21.8031387329, -15.0484361649, 71.8855895996, 18.1360740662, -49.2569236755, -17.2662811279, 0.737396359444, 180.763717651, 51.9694786072, -27.0663471222, -29.6565113068], [-27.832988739, 90.7084503174, 30.723487854, -45.5751914978, 15.7386207581, 47.4941749573, -3.01114726067, -14.3769788742, -20.3511810303, 51.9694786072, 129.097000122, 35.078338623, -8.97302722931], [63.1451644897, 13.5927619934, -33.916557312, -2.23280978203, -19.1598644257, 20.5489006042, 29.7134017944, 10.7315635681, -11.6328077316, -27.0663471222, 35.078338623, 115.465370178, 38.9983596802], [-101.307373047, -43.2497558594, 51.591468811, 62.6967201233, 19.181722641, 19.0185337067, 21.2760543823, 5.63715076447, -1.83593165874, -29.6565113068, -8.97302722931, 38.9983596802, 87.1915206909]],
