{
"lowlevel": {
    "average_loudness": 0.931757986546,
    "barkbands_crest": {
        "dmean": 2.56979632378,
        "dmean2": 4.06664705276,
        "dvar": 6.49133491516,
        "dvar2": 15.7958669662,
        "max": 26.1129646301,
        "mean": 10.8580627441,
        "median": 9.85154151917,
        "min": 2.93610405922,
        "var": 20.6235427856
    },
    "barkbands_flatness_db": {
        "dmean": 0.0205312594771,
        "dmean2": 0.0310462079942,
        "dvar": 0.000436196802184,
        "dvar2": 0.000900878338143,
        "max": 0.387085258961,
        "mean": 0.209517106414,
        "median": 0.207066312432,
        "min": 0.0696599036455,
        "var": 0.00224252301268
    },
    "barkbands_kurtosis": {
        "dmean": 2.47098207474,
        "dmean2": 3.83363103867,
        "dvar": 18.905002594,
        "dvar2": 40.6048049927,
        "max": 115.641296387,
        "mean": 4.46203327179,
        "median": 2.16064834595,
        "min": -1.82648086548,
        "var": 67.1247634888
    },
    "barkbands_skewness": {
        "dmean": 0.488162428141,
        "dmean2": 0.733407795429,
        "dvar": 0.299749046564,
        "dvar2": 0.6038890481,
        "max": 10.2543735504,
        "mean": 1.33467876911,
        "median": 1.15696954727,
        "min": -4.05145692825,
        "var": 1.65065193176
    },
    "barkbands_spread": {
        "dmean": 3.21390128136,
        "dmean2": 4.66675519943,
        "dvar": 18.5268955231,
        "dvar2": 33.4653282166,
        "max": 81.5649032593,
        "mean": 12.8530721664,
        "median": 10.9806594849,
        "min": 1.03388810158,
        "var": 69.2554779053
    },
    "dissonance": {
        "dmean": 0.026007860899,
        "dmean2": 0.0431040003896,
        "dvar": 0.000651204318274,
        "dvar2": 0.00170922838151,
        "max": 0.499831438065,
        "mean": 0.443756967783,
        "median": 0.452810764313,
        "min": 0.24140624702,
        "var": 0.00156777119264
    },
    "dynamic_complexity": 3.88842129707,
    "erbbands_crest": {
        "dmean": 2.94370007515,
        "dmean2": 4.58604192734,
        "dvar": 7.99624109268,
        "dvar2": 18.9196681976,
        "max": 33.0180053711,
        "mean": 11.0470046997,
        "median": 9.82775497437,
        "min": 3.08272743225,
        "var": 27.5466518402
    },
    "erbbands_flatness_db": {
        "dmean": 0.0165755935013,
        "dmean2": 0.0238171070814,
        "dvar": 0.000303232576698,
        "dvar2": 0.000535795523319,
        "max": 0.389580100775,
        "mean": 0.239831700921,
        "median": 0.237828120589,
        "min": 0.115309044719,
        "var": 0.00217728619464
    },
    "erbbands_kurtosis": {
        "dmean": 1.16000676155,
        "dmean2": 1.78380358219,
        "dvar": 3.080108881,
        "dvar2": 6.67855024338,
        "max": 36.9206466675,
        "mean": 1.17702651024,
        "median": 0.24516415596,
        "min": -1.80038416386,
        "var": 9.43846321106
    },
    "erbbands_skewness": {
        "dmean": 0.381058216095,
        "dmean2": 0.570822477341,
        "dvar": 0.148255050182,
        "dvar2": 0.288696169853,
        "max": 5.22227573395,
        "mean": 0.534864544868,
        "median": 0.493070274591,
        "min": -3.08891963959,
        "var": 0.689799308777
    },
    "erbbands_spread": {
        "dmean": 5.15627241135,
        "dmean2": 7.66199588776,
        "dvar": 36.5336532593,
        "dvar2": 79.1354370117,
        "max": 105.024612427,
        "mean": 25.2326049805,
        "median": 23.8338394165,
        "min": 2.58175897598,
        "var": 177.179016113
    },
    "hfc": {
        "dmean": 3.96185278893,
        "dmean2": 5.68361568451,
        "dvar": 60.4095497131,
        "dvar2": 116.593559265,
        "max": 158.678894043,
        "mean": 12.7832899094,
        "median": 6.84472703934,
        "min": 7.410467515e-05,
        "var": 243.247390747
    },
    "melbands_crest": {
        "dmean": 2.96596312523,
        "dmean2": 4.6817278862,
        "dvar": 8.74710464478,
        "dvar2": 21.2202243805,
        "max": 34.5187034607,
        "mean": 13.9004220963,
        "median": 13.0401144028,
        "min": 3.45658636093,
        "var": 29.540687561
    },
    "melbands_flatness_db": {
        "dmean": 0.0227248053998,
        "dmean2": 0.0326466448605,
        "dvar": 0.000647131295409,
        "dvar2": 0.00121139688417,
        "max": 0.497259169817,
        "mean": 0.243655443192,
        "median": 0.243153735995,
        "min": 0.0354458093643,
        "var": 0.00410806806758
    },
    "melbands_kurtosis": {
        "dmean": 4.46660995483,
        "dmean2": 6.83362865448,
        "dvar": 56.7510910034,
        "dvar2": 120.740119934,
        "max": 213.485519409,
        "mean": 9.84223365784,
        "median": 4.62368202209,
        "min": -1.64722502232,
        "var": 260.813293457
    },
    "melbands_skewness": {
        "dmean": 0.587004721165,
        "dmean2": 0.872137844563,
        "dvar": 0.396747231483,
        "dvar2": 0.798691034317,
        "max": 11.8525342941,
        "mean": 1.99859905243,
        "median": 1.78094089031,
        "min": -1.76419723034,
        "var": 2.75415802002
    },
    "melbands_spread": {
        "dmean": 4.63637161255,
        "dmean2": 7.00002193451,
        "dvar": 65.0488433838,
        "dvar2": 139.6355896,
        "max": 173.804443359,
        "mean": 16.8207569122,
        "median": 13.7021751404,
        "min": 0.888743698597,
        "var": 199.601531982
    },
    "pitch_salience": {
        "dmean": 0.0692306011915,
        "dmean2": 0.110056824982,
        "dvar": 0.00436020828784,
        "dvar2": 0.0109442900866,
        "max": 0.826341867447,
        "mean": 0.549802303314,
        "median": 0.560655355453,
        "min": 0.10060814023,
        "var": 0.0148462541401
    },
    "silence_rate_20dB": {
        "dmean": 0,
        "dmean2": 0,
        "dvar": 0,
        "dvar2": 0,
        "max": 1,
        "mean": 1,
        "median": 1,
        "min": 1,
        "var": 0
    },
    "silence_rate_30dB": {
        "dmean": 0,
        "dmean2": 0,
        "dvar": 0,
        "dvar2": 0,
        "max": 1,
        "mean": 1,
        "median": 1,
        "min": 1,
        "var": 0
    },
    "silence_rate_60dB": {
        "dmean": 0.0309837330133,
        "dmean2": 0.0619914755225,
        "dvar": 0.0300246998668,
        "dvar2": 0.0643493384123,
        "max": 1,
        "mean": 0.09601239115,
        "median": 0,
        "min": 0,
        "var": 0.0867928341031
    },
    "spectral_centroid": {
        "dmean": 163.497924805,
        "dmean2": 242.462509155,
        "dvar": 58662.5859375,
        "dvar2": 104406.726562,
        "max": 5206.44677734,
        "mean": 948.428649902,
        "median": 849.911682129,
        "min": 208.498077393,
        "var": 253121.0625
    },
    "spectral_complexity": {
        "dmean": 2.26491093636,
        "dmean2": 3.56450986862,
        "dvar": 6.17997121811,
        "dvar2": 12.6765041351,
        "max": 40,
        "mean": 12.9519939423,
        "median": 13,
        "min": 0,
        "var": 32.9864425659
    },
    "spectral_decrease": {
        "dmean": 1.551258344e-09,
        "dmean2": 2.29978103228e-09,
        "dvar": 6.75432922973e-18,
        "dvar2": 1.39650189665e-17,
        "max": -4.26302669923e-14,
        "mean": -4.82896655996e-09,
        "median": -3.40221117945e-09,
        "min": -2.75174745212e-08,
        "var": 1.9992596409e-17
    },
    "spectral_energy": {
        "dmean": 0.00616360176355,
        "dmean2": 0.00911435857415,
        "dvar": 0.000104315513454,
        "dvar2": 0.000214882966247,
        "max": 0.112266078591,
        "mean": 0.0193850975484,
        "median": 0.0135505897924,
        "min": 1.67617940861e-07,
        "var": 0.000322592240991
    },
    "spectral_energyband_high": {
        "dmean": 9.56189542194e-05,
        "dmean2": 0.000140038318932,
        "dvar": 4.73529695455e-07,
        "dvar2": 9.72536668087e-07,
        "max": 0.0234715677798,
        "mean": 0.00016140115622,
        "median": 3.65304331353e-05,
        "min": 1.94264798692e-10,
        "var": 6.8761772809e-07
    },
    "spectral_energyband_low": {
        "dmean": 0.00195583188906,
        "dmean2": 0.00298303202726,
        "dvar": 3.90769964724e-05,
        "dvar2": 8.92809475772e-05,
        "max": 0.0759288594127,
        "mean": 0.00379020604305,
        "median": 0.00107968214434,
        "min": 1.07708064689e-09,
        "var": 5.48922762391e-05
    },
    "spectral_energyband_middle_high": {
        "dmean": 0.00170991942286,
        "dmean2": 0.00242760265246,
        "dvar": 1.17787003546e-05,
        "dvar2": 2.00110189326e-05,
        "max": 0.0671944692731,
        "mean": 0.00471625011414,
        "median": 0.00196094973944,
        "min": 7.62556950917e-09,
        "var": 5.85722409596e-05
    },
    "spectral_energyband_middle_low": {
        "dmean": 0.00431604590267,
        "dmean2": 0.00651763798669,
        "dvar": 5.73500292376e-05,
        "dvar2": 0.0001264243474,
        "max": 0.0922765210271,
        "mean": 0.0112842721865,
        "median": 0.00711948983371,
        "min": 1.59254483378e-07,
        "var": 0.000165222183568
    },
    "spectral_entropy": {
        "dmean": 0.155513629317,
        "dmean2": 0.226445555687,
        "dvar": 0.0275251362473,
        "dvar2": 0.0506199896336,
        "max": 8.48536872864,
        "mean": 7.02509403229,
        "median": 7.00482177734,
        "min": 5.76019620895,
        "var": 0.16320848465
    },
    "spectral_flux": {
        "dmean": 0.0244612842798,
        "dmean2": 0.0388305187225,
        "dvar": 0.000952626112849,
        "dvar2": 0.00216980907135,
        "max": 0.288697361946,
        "mean": 0.0664126500487,
        "median": 0.0487978048623,
        "min": 0.000409411703004,
        "var": 0.00252558290958
    },
    "spectral_kurtosis": {
        "dmean": 3.78017067909,
        "dmean2": 6.47432804108,
        "dvar": 14.9187278748,
        "dvar2": 43.2431564331,
        "max": 55.34582901,
        "mean": 7.95664644241,
        "median": 6.59024333954,
        "min": -0.950207710266,
        "var": 31.961561203
    },
    "spectral_rms": {
        "dmean": 0.000644790008664,
        "dmean2": 0.000929252710193,
        "dvar": 8.08254185358e-07,
        "dvar2": 1.5393349031e-06,
        "max": 0.0104655567557,
        "mean": 0.00391672132537,
        "median": 0.00363594386727,
        "min": 1.27878729472e-05,
        "var": 3.57162434739e-06
    },
    "spectral_rolloff": {
        "dmean": 257.356201172,
        "dmean2": 424.032928467,
        "dvar": 277022.09375,
        "dvar2": 528496.875,
        "max": 8118.01757812,
        "mean": 1051.09887695,
        "median": 882.861328125,
        "min": 107.666015625,
        "var": 770952.9375
    },
    "spectral_skewness": {
        "dmean": 0.360638797283,
        "dmean2": 0.592375695705,
        "dvar": 0.111695721745,
        "dvar2": 0.296232104301,
        "max": 5.98809480667,
        "mean": 1.91874611378,
        "median": 1.87661468983,
        "min": -0.0621623881161,
        "var": 0.416931897402
    },
    "spectral_spread": {
        "dmean": 302324.03125,
        "dmean2": 469549.09375,
        "dvar": 169757868032,
        "dvar2": 328272314368,
        "max": 8754164,
        "mean": 2822550.5,
        "median": 2698454.5,
        "min": 1087658.875,
        "var": 647735410688
    },
    "spectral_strongpeak": {
        "dmean": 0.588586330414,
        "dmean2": 0.945631921291,
        "dvar": 1.03050768375,
        "dvar2": 2.44460940361,
        "max": 13.2658939362,
        "mean": 1.25824117661,
        "median": 0.650023698807,
        "min": 0.00150445860345,
        "var": 2.68288588524
    },
    "zerocrossingrate": {
        "dmean": 0.00605831854045,
        "dmean2": 0.00688247662038,
        "dvar": 9.08670699573e-05,
        "dvar2": 8.4266444901e-05,
        "max": 0.2861328125,
        "mean": 0.0404687412083,
        "median": 0.03564453125,
        "min": 0.00537109375,
        "var": 0.000610615126789
    },
    "barkbands": {
        "dmean": [2.2505848392e-05, 0.00145074038301, 0.0005851922906, 0.000493901374284, 0.00138918228913, 0.000846425769851, 0.000846340553835, 0.00134821701795, 0.00120172300376, 0.000688895233907, 0.000516829430126, 0.000472401443403, 0.000492761842906, 0.000355460302671, 0.000195392756723, 0.000164204437169, 0.000148818042362, 5.36044353794e-05, 5.00161440868e-05, 3.50595873897e-05, 2.2113086743e-05, 3.34472206305e-05, 2.38743014052e-05, 1.25218466565e-05, 3.31428009304e-06, 2.94696489433e-09, 6.98997859594e-10],
        "dmean2": [3.90984605474e-05, 0.00234584044665, 0.000947149819694, 0.000792168022599, 0.00225587538444, 0.00124242983293, 0.00125151791144, 0.00202128710225, 0.00170369504485, 0.00103823817335, 0.000810068391729, 0.000706718943547, 0.000763446325436, 0.000572648306843, 0.000298601342365, 0.000237908388954, 0.000228409597185, 8.24793823995e-05, 7.61035335017e-05, 5.55616607016e-05, 3.53445611836e-05, 5.20679313922e-05, 3.49755246134e-05, 1.81382638402e-05, 4.71270050184e-06, 4.77855932601e-09, 1.28376687059e-09],
        "dvar": [2.8764584048e-09, 2.99486164295e-05, 3.08454605147e-06, 1.95970392269e-06, 1.226349832e-05, 3.57542239726e-06, 1.1133030057e-05, 1.44835867104e-05, 1.46615029735e-05, 3.64618745152e-06, 3.10606333187e-06, 4.68508051199e-06, 3.26982012666e-06, 2.22372636927e-06, 8.75528598954e-07, 2.26469367703e-07, 1.4714382246e-07, 1.80677801609e-08, 3.76920858969e-08, 1.85887980564e-08, 1.57440762649e-08, 5.66833797677e-08, 7.57080300673e-08, 8.23059220778e-09, 6.07065453462e-10, 3.84015171541e-16, 1.30534591072e-18],
        "dvar2": [8.20919598965e-09, 7.64362193877e-05, 7.76226261223e-06, 4.88706791657e-06, 3.27422785631e-05, 7.00094824424e-06, 2.27197615459e-05, 3.13106320391e-05, 2.43611666519e-05, 7.97446773504e-06, 7.52096366341e-06, 8.78136052052e-06, 7.23412676962e-06, 5.0466214816e-06, 1.91080312106e-06, 3.79257215855e-07, 3.15477734603e-07, 4.14798613235e-08, 7.59506662007e-08, 4.42842136295e-08, 3.79567239861e-08, 1.34921108952e-07, 1.57329225203e-07, 1.78951307106e-08, 1.02340302899e-09, 7.76847532547e-16, 3.95525715674e-18],
        "max": [0.000850817072205, 0.0631372779608, 0.0238042324781, 0.0232429206371, 0.055846221745, 0.0608349218965, 0.0864984840155, 0.0614923089743, 0.0744177624583, 0.0435616672039, 0.0304612591863, 0.059503916651, 0.0413427576423, 0.027095971629, 0.0229930281639, 0.0253363624215, 0.00746989948675, 0.0038970715832, 0.00545216631144, 0.00318399164826, 0.00354981166311, 0.00725140841678, 0.0119399288669, 0.00270712305792, 0.000906303408556, 5.31815430804e-07, 1.01885042625e-08],
        "mean": [5.38342392247e-05, 0.00222700671293, 0.00114078086335, 0.000797400833108, 0.00242371391505, 0.0017491254257, 0.00146816112101, 0.00215850071982, 0.00225598318502, 0.00123583956156, 0.000738865986932, 0.000664702558424, 0.00078244676115, 0.000439330673544, 0.000284850219032, 0.000331110757543, 0.000265768903773, 9.22929611988e-05, 7.83776849858e-05, 6.27992412774e-05, 3.53264113073e-05, 4.88183977723e-05, 2.94736200885e-05, 1.63304084708e-05, 4.26153519584e-06, 3.51190765358e-09, 5.79054859617e-10],
        "median": [1.4939666471e-05, 0.000508482742589, 0.000264878704911, 0.000155219924636, 0.00106087268796, 0.000482990813907, 0.000381836784072, 0.000337906589266, 0.000415187154431, 0.000234556617215, 0.000162406853633, 9.79244650807e-05, 0.000134927191539, 0.000109569802589, 7.67538294895e-05, 0.000101539037132, 7.35212379368e-05, 2.98896884487e-05, 2.48715514317e-05, 1.8584441932e-05, 9.88834744931e-06, 7.00925056663e-06, 4.15453769165e-06, 1.97575218408e-06, 3.67329278106e-07, 5.58491974889e-10, 1.84075962806e-10],
        "min": [1.00372765655e-11, 1.29207797239e-10, 4.74618233604e-10, 3.00062663605e-09, 5.09374942226e-08, 1.54242343342e-08, 7.271182767e-08, 9.7943808619e-10, 1.61089328543e-08, 1.20425702743e-09, 4.09231676324e-10, 1.33897914978e-09, 6.98463120674e-10, 6.98546775979e-10, 1.37241751297e-09, 1.22745813513e-09, 2.73997768918e-10, 3.11057485325e-10, 5.4853389192e-11, 7.6954581596e-11, 7.19786799608e-11, 3.51236019436e-11, 2.37637878125e-11, 2.47287988697e-11, 7.81531523525e-12, 4.21286443231e-12, 5.59170982087e-12],
        "var": [7.25091586773e-09, 2.94908550131e-05, 4.65197035737e-06, 2.79402388514e-06, 1.6239917386e-05, 1.62249161804e-05, 2.62461853708e-05, 3.01423606288e-05, 5.26589392393e-05, 8.58565181261e-06, 4.90948787046e-06, 9.8466862255e-06, 7.99202916824e-06, 2.76737796412e-06, 1.32770026084e-06, 1.70183170667e-06, 3.74675977355e-07, 4.34172733321e-08, 5.97073110953e-08, 3.69450674498e-08, 1.98710186083e-08, 7.54945403969e-08, 8.95940530654e-08, 1.09811111315e-08, 9.86646209178e-10, 5.49084925832e-16, 1.1434855866e-18]
    },
    "erbbands": {
        "dmean": [0.0247198510915, 0.379776507616, 0.738655388355, 1.10272192955, 3.16228628159, 5.09030342102, 6.34786272049, 7.04523563385, 11.0615816116, 18.8005714417, 28.5193748474, 28.8648796082, 20.1515865326, 17.7568283081, 19.3969192505, 17.2618656158, 23.4000511169, 17.6673870087, 12.3508043289, 8.50010108948, 8.35259723663, 6.59728717804, 2.908639431, 2.28546571732, 2.49851155281, 1.82319390774, 1.00128221512, 0.845623791218, 1.28581786156, 0.905272126198, 0.66732531786, 0.291616678238, 0.201452627778, 0.0697131901979, 0.00514379283413, 0.000229261466302, 1.45379226524e-05, 2.54759447671e-06, 3.43190140484e-06, 7.14882207831e-06],
        "dmean2": [0.041950032115, 0.607649505138, 1.1567183733, 1.79277276993, 5.21364402771, 8.0539894104, 10.0383396149, 10.2071495056, 16.2394714355, 29.3555164337, 41.8603019714, 40.9111824036, 29.4536705017, 26.9481678009, 29.4017543793, 24.7885608673, 35.3356285095, 28.5413265228, 18.5771312714, 12.2693042755, 11.9351558685, 10.1544122696, 4.64162635803, 3.40465140343, 3.69460082054, 2.9189248085, 1.62867224216, 1.28669583797, 1.89360666275, 1.37806546688, 0.979306817055, 0.443214893341, 0.291931211948, 0.096685141325, 0.00722832651809, 0.00032016375917, 2.02067494683e-05, 3.61138722837e-06, 4.99399948239e-06, 1.05298486233e-05],
        "dvar": [0.00880080182105, 1.98836350441, 5.07700586319, 9.65326499939, 97.2839355469, 156.044265747, 211.473861694, 391.515533447, 2138.68579102, 4702.36035156, 7563.40917969, 10361.5058594, 3950.67358398, 2452.71606445, 4931.73046875, 5180.27197266, 7055.75976562, 6108.69140625, 4147.52001953, 691.25567627, 608.304321289, 263.960266113, 47.7902946472, 32.4265785217, 163.778884888, 58.1951255798, 30.6311149597, 24.595823288, 71.6936569214, 64.8979034424, 63.9452590942, 5.80894851685, 2.00684380531, 0.286437124014, 0.00130391516723, 2.5949530027e-06, 9.06548347501e-09, 2.38555480925e-10, 4.4040576741e-11, 1.3731173143e-10],
        "dvar2": [0.0240445043892, 4.98234176636, 11.6847362518, 24.3715000153, 259.353118896, 405.552581787, 539.397644043, 690.290527344, 4664.31445312, 10448.9248047, 15174.9912109, 19568.5449219, 8488.23046875, 5158.06298828, 10538.4414062, 8418.72265625, 13571.0830078, 13890.2392578, 10145.4628906, 1117.12561035, 1000.00909424, 549.609130859, 113.16608429, 68.9078216553, 331.183166504, 148.189254761, 79.5742645264, 51.4374504089, 161.83366394, 134.239959717, 136.840957642, 14.4672346115, 3.71394777298, 0.474353075027, 0.00216504605487, 4.30392901762e-06, 1.55624402254e-08, 4.35598723758e-10, 8.84340933816e-11, 2.82253026507e-10],
        "max": [1.23840308189, 17.2034835815, 34.5902175903, 42.236415863, 119.883850098, 217.049453735, 299.419616699, 768.648742676, 1470.39208984, 1867.37011719, 1905.37353516, 2290.39941406, 1490.51086426, 1374.828125, 1630.31518555, 2978.98120117, 2298.66625977, 1582.11474609, 1437.18664551, 858.319702148, 1271.46630859, 313.572845459, 119.541549683, 183.891204834, 384.726928711, 175.854553223, 137.618453979, 145.278015137, 252.078582764, 271.868743896, 341.785339355, 70.8457641602, 41.4198265076, 20.0775527954, 1.16819965839, 0.0537395775318, 0.00339129427448, 0.000557219842449, 0.000168682701769, 0.000132228218718],
        "mean": [0.0401558801532, 0.567690134048, 1.43260776997, 2.06927251816, 4.64270114899, 8.78802013397, 13.5318574905, 13.2297229767, 20.3396644592, 29.8307590485, 52.4311294556, 54.8919792175, 34.8411254883, 35.5269622803, 33.3130607605, 28.8505134583, 39.0173530579, 24.4590873718, 17.5584259033, 15.5870790482, 18.8363876343, 12.9642982483, 5.58946228027, 4.53177165985, 3.95406937599, 3.25005888939, 1.64975011349, 1.35255801678, 1.83264088631, 1.32684350014, 0.775591552258, 0.367900401354, 0.264021962881, 0.094831071794, 0.00677493773401, 0.000316576974001, 2.56878574874e-05, 5.0132753131e-06, 1.06049456008e-05, 2.26360371016e-05],
        "median": [0.0132886013016, 0.122054234147, 0.34827119112, 0.451957046986, 1.34727442265, 3.61493754387, 4.13504457474, 3.90134525299, 5.38843011856, 8.49501228333, 9.40500259399, 11.862282753, 6.07286214828, 8.80364131927, 8.09512138367, 5.7986907959, 7.68240833282, 6.63449954987, 4.77146434784, 5.62156581879, 5.05666160583, 3.82013726234, 2.19422650337, 1.67412447929, 1.02210736275, 0.927643954754, 0.553655922413, 0.314330250025, 0.225935772061, 0.232745572925, 0.111455969512, 0.051048476249, 0.0265637803823, 0.00877859443426, 0.000613713404164, 3.95341048716e-05, 7.77619152359e-06, 1.70864404936e-06, 6.97931955074e-06, 1.5664161765e-05],
        "min": [5.82735504295e-09, 3.09952348232e-08, 3.92775262981e-07, 6.30795420875e-06, 0.000106322004285, 0.000199491885724, 3.53081959474e-05, 0.000199499059818, 0.00113799085375, 0.000353883835487, 0.000134614048875, 0.000401750992751, 3.7764042645e-05, 4.4694308599e-05, 2.70962027571e-05, 5.29997741978e-05, 4.02923178626e-05, 2.88871397061e-05, 8.41119181132e-05, 3.97021831304e-05, 7.63257121434e-05, 2.01757666218e-05, 1.86244942597e-05, 6.42240729576e-06, 4.04035972679e-06, 4.26135056841e-06, 2.65748235506e-06, 2.97205542665e-06, 1.08184008241e-06, 9.24208734432e-07, 4.9610912356e-07, 5.33452350737e-07, 3.68071567891e-07, 1.29693546569e-07, 3.4474243904e-08, 1.57303539083e-08, 8.00994559569e-09, 3.1909981324e-09, 9.65221236271e-10, 2.62595084566e-10],
        "var": [0.00753775518388, 2.02327632904, 7.91151428223, 14.9760437012, 101.686264038, 233.911483765, 692.71270752, 1367.67492676, 4985.26074219, 7176.44775391, 20959.2382812, 34283.109375, 9366.92382812, 6361.34960938, 12434.3291016, 14288.9277344, 18833.9882812, 7708.59472656, 5128.28515625, 2017.47131348, 5696.73632812, 828.725891113, 107.140838623, 116.703651428, 256.533752441, 95.816078186, 34.5530853271, 35.693397522, 100.78678894, 92.2079162598, 71.4744644165, 6.35986185074, 3.05618834496, 0.476230740547, 0.00215234886855, 4.31592752648e-06, 1.48452903304e-08, 3.78072462226e-10, 1.17182943904e-10, 4.40932096391e-10]
    },
    "gfcc": {
        "mean": [-84.3983535767, 158.67489624, -161.170623779, 33.0923805237, -66.8940124512, 6.47271203995, -29.1373310089, -8.709608078, 0.0886077135801, -19.5559520721, 6.27592468262, -17.8435077667, 8.00409889221],
        "cov": [[4118.91455078, -413.046508789, -241.843139648, -74.8327026367, -241.09602356, 231.112075806, 40.6933822632, 97.5057144165, 58.1213340759, -7.29974031448, -74.0441665649, -32.264415741, -64.9881439209], [-413.046508789, 1124.90478516, 386.802490234, -94.4395599365, 445.745391846, -54.0766105652, 254.363265991, -16.2727584839, 89.1169509888, -121.410949707, -1.79205644131, -72.8312683105, -44.3672332764], [-241.843139648, 386.802490234, 662.301391602, 293.83291626, 220.848403931, 108.266517639, 17.5254383087, 4.4964389801, -22.7330684662, -47.9514045715, -40.1781234741, -47.0473823547, -39.1049766541], [-74.8327026367, -94.4395599365, 293.83291626, 539.737854004, 143.525604248, 72.2367782593, -100.192489624, -23.353269577, -43.7154273987, 13.8528499603, -29.8516921997, -24.77368927, -17.3759822845], [-241.09602356, 445.745391846, 220.848403931, 143.525604248, 385.981079102, 24.4260559082, 81.0465087891, 3.89817380905, 38.5219993591, -24.8022346497, -11.6527404785, -50.05311203, -28.5473136902], [231.112075806, -54.0766105652, 108.266517639, 72.2367782593, 24.4260559082, 320.648956299, 127.690452576, 52.1990661621, 6.571205616, 31.9218597412, -17.6868305206, -6.97097301483, -30.082326889], [40.6933822632, 254.363265991, 17.5254383087, -100.192489624, 81.0465087891, 127.690452576, 303.10760498, 68.8934249878, 49.1260147095, -15.2196187973, 3.56183767319, -3.99709153175, -32.5086135864], [97.5057144165, -16.2727584839, 4.4964389801, -23.353269577, 3.89817380905, 52.1990661621, 68.8934249878, 130.854766846, 52.8806838989, 19.4492092133, 3.18466067314, 4.10629844666, -3.06329703331], [58.1213340759, 89.1169509888, -22.7330684662, -43.7154273987, 38.5219993591, 6.571205616, 49.1260147095, 52.8806838989, 121.576385498, 26.2127323151, -4.33823251724, -1.53333163261, -6.64974975586], [-7.29974031448, -121.410949707, -47.9514045715, 13.8528499603, -24.8022346497, 31.9218597412, -15.2196187973, 19.4492092133, 26.2127323151, 114.232780457, 41.9839096069, 4.51932954788, 7.22582578659], [-74.0441665649, -1.79205644131, -40.1781234741, -29.8516921997, -11.6527404785, -17.6868305206, 3.56183767319, 3.18466067314, -4.33823251724, 41.9839096069, 87.4805984497, 31.9781455994, 16.8412513733], [-32.264415741, -72.8312683105, -47.0473823547, -24.77368927, -50.05311203, -6.97097301483, -3.99709153175, 4.10629844666, -1.53333163261, 4.51932954788, 31.9781455994, 77.3783798218, 40.4085998535], [-64.9881439209, -44.3672332764, -39.1049766541, -17.3759822845, -28.5473136902, -30.082326889, -32.5086135864, -3.06329703331, -6.64974975586, 7.22582578659, 16.8412513733, 40.4085998535, 94.6503982544]],
        "icov": [[0.000286298134597, 1.96339406102e-05, 0.000130595391965, -3.55420997948e-05, 0.000170155486558, -0.000271794415312, 8.46592520247e-05, -0.0001235397649, -0.000207555465749, 0.000268181582214, 1.98508332687e-05, 0.000215618827497, 0.000112585221359], [1.96339406102e-05, 0.00584370363504, -0.00330165098421, 0.00272259861231, -0.00445455824956, 0.00210186652839, -0.0034974697046, 0.00329713593237, -0.0036787383724, 0.00404447875917, -0.0036398798693, 0.00310949119739, -0.00112868077122], [0.000130595391965, -0.00330165098421, 0.00443814881146, -0.00256299437024, 0.00168443878647, -0.00201097899117, 0.0022136233747, -0.00228871847503, 0.00223266333342, -0.000900562852621, 0.00180833705235, -0.00112177792471, 0.000843018642627], [-3.55420997948e-05, 0.00272259861231, -0.00256299437024, 0.00453084474429, -0.0032808331307, 0.000346416927641, -0.000114138558274, 0.00140541163273, -0.000479407695821, 0.000445345387561, -0.000402269331971, 0.000409367115935, -1.93344094441e-05], [0.000170155486558, -0.00445455824956, 0.00168443878647, -0.0032808331307, 0.00790187716484, -0.0012466966873, 0.00116911856458, -0.00169730652124, 0.000569791067392, -0.00168690516148, 0.00112239609007, 0.000547508941963, 0.000191403538338], [-0.000271794415312, 0.00210186652839, -0.00201097899117, 0.000346416927641, -0.0012466966873, 0.00611494993791, -0.00393896037713, 0.000413612695411, 0.000234236824326, -0.0017047181027, 0.00107761542313, -0.000232626640354, 0.000313542666845], [8.46592520247e-05, -0.0034974697046, 0.0022136233747, -0.000114138558274, 0.00116911856458, -0.00393896037713, 0.00822352431715, -0.00373455882072, 0.00121263624169, -0.000284249719698, 0.000770308892243, -0.00227520940825, 0.00205777632073], [-0.0001235397649, 0.00329713593237, -0.00228871847503, 0.00140541163273, -0.00169730652124, 0.000413612695411, -0.00373455882072, 0.0125736184418, -0.00621060561389, 0.00160309940111, -0.00249960157089, 0.00169553305022, -0.00132090097759], [-0.000207555465749, -0.0036787383724, 0.00223266333342, -0.000479407695821, 0.000569791067392, 0.000234236824326, 0.00121263624169, -0.00621060561389, 0.0151711227372, -0.00747140310705, 0.0065351407975, -0.00447354372591, 0.00181260181125], [0.000268181582214, 0.00404447875917, -0.000900562852621, 0.000445345387561, -0.00168690516148, -0.0017047181027, -0.000284249719698, 0.00160309940111, -0.00747140310705, 0.0183825176209, -0.0119015518576, 0.00695579871535, -0.00208688387647], [1.98508332687e-05, -0.0036398798693, 0.00180833705235, -0.000402269331971, 0.00112239609007, 0.00107761542313, 0.000770308892243, -0.00249960157089, 0.0065351407975, -0.0119015518576, 0.0220932457596, -0.010730214417, 0.00186304189265], [0.000215618827497, 0.00310949119739, -0.00112177792471, 0.000409367115935, 0.000547508941963, -0.000232626640354, -0.00227520940825, 0.00169553305022, -0.00447354372591, 0.00695579871535, -0.010730214417, 0.0239301472902, -0.00857051461935], [0.000112585221359, -0.00112868077122, 0.000843018642627, -1.93344094441e-05, 0.000191403538338, 0.000313542666845, 0.00205777632073, -0.00132090097759, 0.00181260181125, -0.00208688387647, 0.00186304189265, -0.00857051461935, 0.0148937059566]]
    },
    "melbands": {
        "dmean": [0.000322109815897, 0.000430433719885, 0.000242910144152, 0.000297189631965, 0.000219052453758, 0.000160653420608, 0.000166208046721, 0.000222600472625, 0.000246485869866, 0.000170054103364, 0.000100478267996, 7.51694606151e-05, 6.82611789671e-05, 5.36922307219e-05, 5.48622047063e-05, 4.54701330455e-05, 3.46464912582e-05, 2.19394660235e-05, 1.35467253131e-05, 1.24028128994e-05, 1.04661658042e-05, 8.53520123201e-06, 4.31393709732e-06, 2.24646692004e-06, 1.95348229681e-06, 1.86186298379e-06, 1.60058550591e-06, 1.17580543701e-06, 6.91644345352e-07, 5.14418047715e-07, 5.42502050394e-07, 7.4409086892e-07, 6.69692667543e-07, 4.92530432439e-07, 4.37071776105e-07, 2.33462117194e-07, 1.62835036122e-07, 1.49080008782e-07, 1.14211736957e-07, 4.4280398015e-08],
        "dmean2": [0.000532084552106, 0.000664235616568, 0.000391613983084, 0.000481439958094, 0.000349401932908, 0.000233381375438, 0.000243326372583, 0.000342581712175, 0.000360972800991, 0.000240584107814, 0.000148044680827, 0.000113767520816, 0.000104536236904, 7.74019135861e-05, 8.32766090753e-05, 6.85237973812e-05, 5.59781838092e-05, 3.35254881065e-05, 1.99043151952e-05, 1.82911626325e-05, 1.52295524458e-05, 1.30506459755e-05, 7.15565101927e-06, 3.41273039339e-06, 3.00745887216e-06, 2.77647041003e-06, 2.44340571953e-06, 1.91549497686e-06, 1.14981924071e-06, 8.08241111372e-07, 8.32265698136e-07, 1.08279721189e-06, 1.08241260932e-06, 7.29884789052e-07, 6.43454598048e-07, 3.63550242355e-07, 2.57562192019e-07, 2.22821569196e-07, 1.58048479193e-07, 6.41858903805e-08],
        "dvar": [1.5439852632e-06, 1.93595747078e-06, 4.58670058379e-07, 7.24121491658e-07, 2.22559691565e-07, 1.66823596714e-07, 4.4906832386e-07, 5.66362189147e-07, 5.76261754759e-07, 3.64009508758e-07, 9.98274458652e-08, 4.50799646501e-08, 5.58443282728e-08, 7.03880616015e-08, 3.14123624889e-08, 3.18936628219e-08, 2.35393429193e-08, 1.45583767264e-08, 3.84826215338e-09, 1.24090948628e-09, 9.70867497507e-10, 5.22859977536e-10, 1.20924215086e-10, 3.19650590719e-11, 2.53823802254e-11, 8.45066377986e-11, 5.09463755904e-11, 2.12230771152e-11, 1.54932074115e-11, 7.1389140259e-12, 9.69206485901e-12, 2.12876539313e-11, 2.86273175304e-11, 2.20315640731e-11, 3.10172165729e-11, 4.98274815505e-12, 1.76644842417e-12, 1.0027548453e-12, 7.97584979832e-13, 1.10062044927e-13],
        "dvar2": [4.05978289564e-06, 4.36992468167e-06, 1.15597595141e-06, 1.94713925339e-06, 5.77424714265e-07, 3.06275154571e-07, 9.37055460781e-07, 1.25801955164e-06, 1.11735289465e-06, 6.67673248245e-07, 2.16159705246e-07, 9.18262159644e-08, 1.26899394104e-07, 1.14022924436e-07, 6.51235936289e-08, 6.9562517524e-08, 5.27912362713e-08, 3.54598945762e-08, 6.89467727355e-09, 2.09864148282e-09, 1.90657334365e-09, 1.05090514069e-09, 3.0102917381e-10, 6.47332326631e-11, 5.51501865009e-11, 1.69063291144e-10, 1.08255689135e-10, 5.45994742474e-11, 4.05492757427e-11, 1.74333499026e-11, 1.93387805769e-11, 4.63353209967e-11, 7.35320970779e-11, 4.28902711958e-11, 6.66819793826e-11, 1.16063148675e-11, 4.59675570177e-12, 1.89325942077e-12, 1.44565490221e-12, 1.8503811493e-13],
        "max": [0.0151641629636, 0.0196661856025, 0.00945033598691, 0.0153673924506, 0.00792880821973, 0.0148500092328, 0.0205684062093, 0.0178410839289, 0.0170658882707, 0.0142520442605, 0.00729266367853, 0.0055450797081, 0.00469251256436, 0.00775076309219, 0.00350388162769, 0.0043586846441, 0.00309118675068, 0.00306892558001, 0.00188404740766, 0.00166570651345, 0.00130592891946, 0.000469390390208, 0.000218629778828, 0.000168827435118, 0.000153792090714, 0.000281312502921, 0.000211167745874, 0.000106423154648, 9.88281608443e-05, 8.64270405145e-05, 9.43845298025e-05, 0.000148918130435, 0.000166574551258, 0.00019104743842, 0.00024441559799, 6.89949447406e-05, 3.61589663953e-05, 2.71895823971e-05, 3.40256810887e-05, 1.13362029879e-05],
        "mean": [0.00049281748943, 0.000797957472969, 0.000427061808296, 0.000486742792418, 0.000470960221719, 0.000315967423376, 0.000303040957078, 0.000346154381987, 0.000460288341856, 0.000319064361975, 0.000166612662724, 0.000144817313412, 0.000106929437607, 7.9922414443e-05, 8.40974316816e-05, 7.08932784619e-05, 4.29028077633e-05, 2.84927136818e-05, 2.10500529647e-05, 2.34894159803e-05, 2.15542768274e-05, 1.5479117792e-05, 7.21257947589e-06, 3.9300221033e-06, 3.6412686768e-06, 2.62979369836e-06, 2.70689815807e-06, 1.99449800675e-06, 1.04351818209e-06, 7.86532666552e-07, 8.00170482762e-07, 1.03874253909e-06, 9.36708488553e-07, 6.75726710142e-07, 4.92017761644e-07, 2.75750238643e-07, 2.01777922371e-07, 1.92332848314e-07, 1.45398232121e-07, 5.83900465756e-08],
        "median": [0.000132769477204, 0.000190742488485, 9.92353525362e-05, 0.000195149652427, 0.000166818863363, 8.91940071597e-05, 7.84114890848e-05, 8.35597893456e-05, 8.2923899754e-05, 6.17581245024e-05, 2.48029500654e-05, 3.26180379489e-05, 2.42228343268e-05, 1.28132951431e-05, 1.72271029442e-05, 1.17711961138e-05, 1.12818306661e-05, 7.33528077035e-06, 5.57474413654e-06, 8.19870092528e-06, 4.90614957016e-06, 3.59815066986e-06, 2.81329130303e-06, 1.177481181e-06, 1.27957218865e-06, 6.60778482597e-07, 6.42771226467e-07, 5.69745509438e-07, 3.62863687542e-07, 1.84251518931e-07, 1.72791331465e-07, 1.18057641885e-07, 1.23203236058e-07, 1.11537502789e-07, 6.22726616939e-08, 3.84909846218e-08, 2.50954030889e-08, 1.8464733742e-08, 1.28337696026e-08, 4.57065718606e-09],
        "min": [4.3239925529e-11, 1.27704097297e-10, 2.91079560455e-09, 1.318512588e-08, 2.30606156393e-09, 4.72540673258e-09, 1.68674567647e-08, 2.62824451092e-09, 1.67187719224e-09, 2.22682539075e-09, 9.61529744714e-11, 1.90252508192e-10, 7.18011206047e-11, 1.60212371147e-10, 9.83666481602e-11, 5.77875594598e-11, 5.2194963629e-11, 1.37808056633e-10, 6.38634631289e-11, 5.69851665855e-11, 8.89175677532e-11, 1.46053134864e-11, 2.11804150607e-11, 1.34389036358e-11, 4.03709791291e-12, 2.19177041967e-12, 3.36075763573e-12, 2.37413929662e-12, 2.15348225363e-12, 8.82921936517e-13, 2.09749210188e-12, 6.04682753522e-13, 4.03047875023e-13, 6.11853775111e-13, 3.03393296814e-13, 2.37890463621e-13, 3.81679795191e-13, 3.13057658139e-13, 1.52627449524e-13, 9.02398476581e-14],
        "var": [1.39404949095e-06, 2.75141974271e-06, 6.50198046515e-07, 7.94237848822e-07, 6.58733256387e-07, 6.69475582527e-07, 1.08720757908e-06, 8.90267415343e-07, 1.73614716914e-06, 1.26922816435e-06, 2.33702152741e-07, 1.16052646604e-07, 1.10904004202e-07, 1.57401913725e-07, 6.55702692143e-08, 7.80758924179e-08, 2.78523071273e-08, 1.80427779384e-08, 8.02278155021e-09, 6.10232575582e-09, 6.40810515762e-09, 1.49130230387e-09, 2.22821844309e-10, 8.50198939029e-11, 8.78115150038e-11, 1.21785026508e-10, 1.04425433578e-10, 3.39398197047e-11, 1.56368772097e-11, 9.59777483184e-12, 1.42201597719e-11, 3.02897290583e-11, 3.51686492428e-11, 3.06903114033e-11, 3.38191349925e-11, 5.52608219601e-12, 1.80386651796e-12, 1.51511529017e-12, 1.18476018926e-12, 1.84387905335e-13]
    },
    "mfcc": {
        "mean": [-703.390380859, 161.132156372, -21.1185493469, 15.6211280823, -4.58915710449, 2.86775040627, -9.66916656494, 2.91001868248, -2.45626091957, 1.23497986794, -3.29284405708, 0.765182673931, 0.108294300735],
        "cov": [[4057.17700195, -486.987030029, -223.060760498, -264.755737305, -262.192687988, 57.2129707336, -113.278404236, 93.5529632568, 43.9921035767, 25.7543697357, 66.9434280396, 30.3312835693, 5.64901828766], [-486.987030029, 1341.01708984, 3.68301510811, 67.8438796997, 117.782554626, 32.3743934631, 144.051971436, 150.853393555, 104.183273315, 59.4644355774, 46.7142944336, 25.4351520538, 11.4942750931], [-223.060760498, 3.68301510811, 499.807617188, 149.40145874, 148.248199463, 131.781677246, 61.8044090271, 56.3148612976, 25.8736934662, -0.930797934532, -4.33944225311, -7.8680973053, -5.51423406601], [-264.755737305, 67.8438796997, 149.40145874, 424.888031006, 245.313522339, 53.6379127502, 16.7970657349, -14.0272102356, -0.166027024388, -2.90894937515, -43.6973342896, -1.22419142723, -10.0951747894], [-262.192687988, 117.782554626, 148.248199463, 245.313522339, 339.625946045, 82.9999923706, 24.721704483, -19.3625164032, 24.3265304565, 2.15967941284, -17.5229587555, 18.60729599, -13.5354738235], [57.2129707336, 32.3743934631, 131.781677246, 53.6379127502, 82.9999923706, 230.691741943, 98.7284164429, 58.7728385925, 42.9736595154, 43.1539459229, 30.91198349, -1.4548997879, 9.8644695282], [-113.278404236, 144.051971436, 61.8044090271, 16.7970657349, 24.721704483, 98.7284164429, 192.267059326, 74.0258789062, 30.7344017029, 35.5400085449, 39.0478477478, 3.69721484184, 13.0628099442], [93.5529632568, 150.853393555, 56.3148612976, -14.0272102356, -19.3625164032, 58.7728385925, 74.0258789062, 178.933349609, 74.708404541, 26.3639469147, 31.576210022, -1.38322651386, 15.9043874741], [43.9921035767, 104.183273315, 25.8736934662, -0.166027024388, 24.3265304565, 42.9736595154, 30.7344017029, 74.708404541, 124.624542236, 47.472984314, 23.1382236481, 2.17373156548, 15.6083631516], [25.7543697357, 59.4644355774, -0.930797934532, -2.90894937515, 2.15967941284, 43.1539459229, 35.5400085449, 26.3639469147, 47.472984314, 119.582557678, 39.3415031433, 1.66618919373, 12.2221879959], [66.9434280396, 46.7142944336, -4.33944225311, -43.6973342896, -17.5229587555, 30.91198349, 39.0478477478, 31.576210022, 23.1382236481, 39.3415031433, 114.280342102, 34.693901062, 14.2038030624], [30.3312835693, 25.4351520538, -7.8680973053, -1.22419142723, 18.60729599, -1.4548997879, 3.69721484184, -1.38322651386, 2.17373156548, 1.66618919373, 34.693901062, 87.2925262451, 27.4689407349], [5.64901828766, 11.4942750931, -5.51423406601, -10.0951747894, -13.5354738235, 9.8644695282, 13.0628099442, 15.9043874741, 15.6083631516, 12.2221879959, 14.2038030624, 27.4689407349, 87.9346084595]],
