{
"lowlevel": {
    "average_loudness": 0.955617010593,
    "barkbands_crest": {
        "dmean": 1.86926305294,
        "dmean2": 3.0632648468,
        "dvar": 2.71169877052,
        "dvar2": 6.61693525314,
        "max": 20.4572944641,
        "mean": 8.41380119324,
        "median": 7.95480775833,
        "min": 3.44369149208,
        "var": 8.24426460266
    },
    "barkbands_flatness_db": {
        "dmean": 0.0200763326138,
        "dmean2": 0.0304161328822,
        "dvar": 0.000302605330944,
        "dvar2": 0.000689051637892,
        "max": 0.334144532681,
        "mean": 0.19287404418,
        "median": 0.189917743206,
        "min": 0.0802375748754,
        "var": 0.00167663826142
    },
    "barkbands_kurtosis": {
        "dmean": 1.17473626137,
        "dmean2": 1.82370448112,
        "dvar": 2.34093737602,
        "dvar2": 5.41371440887,
        "max": 17.2029781342,
        "mean": 1.66902375221,
        "median": 1.05746889114,
        "min": -1.80110371113,
        "var": 6.51355409622
    },
    "barkbands_skewness": {
        "dmean": 0.311340302229,
        "dmean2": 0.470679074526,
        "dvar": 0.099218852818,
        "dvar2": 0.24133092165,
        "max": 3.68351221085,
        "mean": 1.06043577194,
        "median": 0.977605104446,
        "min": -0.569350659847,
        "var": 0.416516959667
    },
    "barkbands_spread": {
        "dmean": 3.559892416,
        "dmean2": 5.14125776291,
        "dvar": 30.8964366913,
        "dvar2": 53.2428779602,
        "max": 92.9256668091,
        "mean": 17.4811954498,
        "median": 14.7989711761,
        "min": 4.56512260437,
        "var": 140.946899414
    },
    "dissonance": {
        "dmean": 0.0259949415922,
        "dmean2": 0.0429207719862,
        "dvar": 0.000500436581206,
        "dvar2": 0.00137994077522,
        "max": 0.499999910593,
        "mean": 0.435370802879,
        "median": 0.440412670374,
        "min": 0.279020875692,
        "var": 0.00128756416962
    },
    "dynamic_complexity": 1.6490111351,
    "erbbands_crest": {
        "dmean": 2.19358778,
        "dmean2": 3.47010111809,
        "dvar": 4.00698137283,
        "dvar2": 9.64410114288,
        "max": 26.417345047,
        "mean": 9.8413772583,
        "median": 9.05797386169,
        "min": 2.71261262894,
        "var": 16.5901679993
    },
    "erbbands_flatness_db": {
        "dmean": 0.0164876766503,
        "dmean2": 0.0221186801791,
        "dvar": 0.000237064858084,
        "dvar2": 0.000426048354711,
        "max": 0.33666691184,
        "mean": 0.209922835231,
        "median": 0.212625518441,
        "min": 0.0894751027226,
        "var": 0.00179659202695
    },
    "erbbands_kurtosis": {
        "dmean": 0.65580034256,
        "dmean2": 1.04412186146,
        "dvar": 0.528648674488,
        "dvar2": 1.32119631767,
        "max": 9.63802146912,
        "mean": 0.314306437969,
        "median": 0.000494956970215,
        "min": -1.60842442513,
        "var": 1.61365044117
    },
    "erbbands_skewness": {
        "dmean": 0.280790001154,
        "dmean2": 0.437200188637,
        "dvar": 0.0638460591435,
        "dvar2": 0.154243409634,
        "max": 1.85806024075,
        "mean": 0.372941881418,
        "median": 0.368763625622,
        "min": -1.19464898109,
        "var": 0.292753428221
    },
    "erbbands_spread": {
        "dmean": 4.91724205017,
        "dmean2": 7.13053226471,
        "dvar": 38.9174728394,
        "dvar2": 79.3925704956,
        "max": 113.685348511,
        "mean": 27.9014453888,
        "median": 24.5361690521,
        "min": 6.50452232361,
        "var": 225.927932739
    },
    "hfc": {
        "dmean": 3.88739895821,
        "dmean2": 5.84055280685,
        "dvar": 29.5691585541,
        "dvar2": 64.2802200317,
        "max": 85.2211151123,
        "mean": 20.586681366,
        "median": 17.6792736053,
        "min": 0.664798736572,
        "var": 161.339172363
    },
    "melbands_crest": {
        "dmean": 2.45164322853,
        "dmean2": 4.03972291946,
        "dvar": 4.86756944656,
        "dvar2": 12.712808609,
        "max": 26.7566585541,
        "mean": 11.0902490616,
        "median": 10.4134283066,
        "min": 4.46274900436,
        "var": 13.8198661804
    },
    "melbands_flatness_db": {
        "dmean": 0.0245120897889,
        "dmean2": 0.0335226729512,
        "dvar": 0.000480765651446,
        "dvar2": 0.000952461152337,
        "max": 0.443346053362,
        "mean": 0.228219121695,
        "median": 0.224860996008,
        "min": 0.0689223259687,
        "var": 0.00386675866321
    },
    "melbands_kurtosis": {
        "dmean": 2.37649130821,
        "dmean2": 3.64732003212,
        "dvar": 16.1900978088,
        "dvar2": 41.3688011169,
        "max": 69.4300918579,
        "mean": 5.0663022995,
        "median": 3.25649595261,
        "min": -1.11214876175,
        "var": 35.0182037354
    },
    "melbands_skewness": {
        "dmean": 0.390563189983,
        "dmean2": 0.588810324669,
        "dvar": 0.171523034573,
        "dvar2": 0.432386010885,
        "max": 7.65722703934,
        "mean": 1.6792024374,
        "median": 1.54718625546,
        "min": -0.291719734669,
        "var": 0.821496963501
    },
    "melbands_spread": {
        "dmean": 4.33411550522,
        "dmean2": 6.6210641861,
        "dvar": 45.720489502,
        "dvar2": 110.361740112,
        "max": 133.73109436,
        "mean": 20.1982421875,
        "median": 18.3502502441,
        "min": 3.84338641167,
        "var": 116.520370483
    },
    "pitch_salience": {
        "dmean": 0.0545878373086,
        "dmean2": 0.0897314846516,
        "dvar": 0.00204094569199,
        "dvar2": 0.00518701598048,
        "max": 0.78971016407,
        "mean": 0.553526580334,
        "median": 0.555275440216,
        "min": 0.248898521066,
        "var": 0.00777261843905
    },
    "silence_rate_20dB": {
        "dmean": 0,
        "dmean2": 0,
        "dvar": 0,
        "dvar2": 0,
        "max": 1,
        "mean": 1,
        "median": 1,
        "min": 1,
        "var": 0
    },
    "silence_rate_30dB": {
        "dmean": 0,
        "dmean2": 0,
        "dvar": 0,
        "dvar2": 0,
        "max": 1,
        "mean": 1,
        "median": 1,
        "min": 1,
        "var": 0
    },
    "silence_rate_60dB": {
        "dmean": 0.000775193795562,
        "dmean2": 0.00155159039423,
        "dvar": 0.000774587970227,
        "dvar2": 0.00154915987514,
        "max": 1,
        "mean": 0.00464755995199,
        "median": 0,
        "min": 0,
        "var": 0.00462581869215
    },
    "spectral_centroid": {
        "dmean": 144.788909912,
        "dmean2": 217.557647705,
        "dvar": 35418.1679688,
        "dvar2": 72761.5546875,
        "max": 3622,
        "mean": 943.814086914,
        "median": 882.350097656,
        "min": 354.711639404,
        "var": 137697.96875
    },
    "spectral_complexity": {
        "dmean": 2.26744174957,
        "dmean2": 3.64003109932,
        "dvar": 5.34784078598,
        "dvar2": 12.7532730103,
        "max": 43,
        "mean": 17.5243988037,
        "median": 17,
        "min": 2,
        "var": 26.8908462524
    },
    "spectral_decrease": {
        "dmean": 1.5886194582e-09,
        "dmean2": 2.45116638098e-09,
        "dvar": 2.64520717327e-18,
        "dvar2": 6.47201041872e-18,
        "max": -3.33353566973e-10,
        "mean": -7.73053265846e-09,
        "median": -7.10407910276e-09,
        "min": -2.78466263381e-08,
        "var": 1.37521382456e-17
    },
    "spectral_energy": {
        "dmean": 0.00622568419203,
        "dmean2": 0.00962009094656,
        "dvar": 3.99945238314e-05,
        "dvar2": 9.76348601398e-05,
        "max": 0.109013736248,
        "mean": 0.0310440808535,
        "median": 0.0283600892872,
        "min": 0.00132644490805,
        "var": 0.000215552878217
    },
    "spectral_energyband_high": {
        "dmean": 0.000218946530367,
        "dmean2": 0.000304810237139,
        "dvar": 3.24332035007e-07,
        "dvar2": 6.16853299107e-07,
        "max": 0.00952415913343,
        "mean": 0.000469920429168,
        "median": 0.000116346855066,
        "min": 1.16175520759e-07,
        "var": 1.16016042284e-06
    },
    "spectral_energyband_low": {
        "dmean": 0.00296943704598,
        "dmean2": 0.00472607882693,
        "dvar": 1.72009804373e-05,
        "dvar2": 4.5928030886e-05,
        "max": 0.0380962789059,
        "mean": 0.00688327010721,
        "median": 0.00500954780728,
        "min": 0.000226560776355,
        "var": 3.74899282178e-05
    },
    "spectral_energyband_middle_high": {
        "dmean": 0.00143311813008,
        "dmean2": 0.00219442578964,
        "dvar": 3.44566319654e-06,
        "dvar2": 7.69581220084e-06,
        "max": 0.042425788939,
        "mean": 0.00680828979239,
        "median": 0.00525618158281,
        "min": 0.000189125494217,
        "var": 3.21592633554e-05
    },
    "spectral_energyband_middle_low": {
        "dmean": 0.0044772606343,
        "dmean2": 0.00694649433717,
        "dvar": 2.339814273e-05,
        "dvar2": 5.66406306461e-05,
        "max": 0.0836265832186,
        "mean": 0.0178558863699,
        "median": 0.0157715696841,
        "min": 0.000671114597935,
        "var": 0.000117549927381
    },
    "spectral_entropy": {
        "dmean": 0.179103508592,
        "dmean2": 0.246441304684,
        "dvar": 0.03203779459,
        "dvar2": 0.0604739673436,
        "max": 8.48757362366,
        "mean": 7.13097906113,
        "median": 7.0966258049,
        "min": 6.02974128723,
        "var": 0.200344920158
    },
    "spectral_flux": {
        "dmean": 0.0171411465853,
        "dmean2": 0.0270712841302,
        "dvar": 0.000282417953713,
        "dvar2": 0.000655143987387,
        "max": 0.24554553628,
        "mean": 0.0729247778654,
        "median": 0.0682609751821,
        "min": 0.0191159434617,
        "var": 0.000793096900452
    },
    "spectral_kurtosis": {
        "dmean": 4.27891492844,
        "dmean2": 6.82354164124,
        "dvar": 31.9892559052,
        "dvar2": 87.4411087036,
        "max": 73.0383605957,
        "mean": 8.91097450256,
        "median": 6.45366859436,
        "min": -0.986010551453,
        "var": 71.8560028076
    },
    "spectral_rms": {
        "dmean": 0.000550682714675,
        "dmean2": 0.000844605790917,
        "dvar": 2.68944603476e-07,
        "dvar2": 6.35674098248e-07,
        "max": 0.0103128496557,
        "mean": 0.00535461585969,
        "median": 0.00526007404551,
        "min": 0.00113758188672,
        "var": 1.61498246598e-06
    },
    "spectral_rolloff": {
        "dmean": 340.607849121,
        "dmean2": 559.74786377,
        "dvar": 731928.5,
        "dvar2": 1579375.375,
        "max": 10680.46875,
        "mean": 1267.77319336,
        "median": 1012.06054688,
        "min": 129.19921875,
        "var": 1763953.25
    },
    "spectral_skewness": {
        "dmean": 0.428493827581,
        "dmean2": 0.658863067627,
        "dvar": 0.179911404848,
        "dvar2": 0.466331332922,
        "max": 5.67858886719,
        "mean": 2.05528616905,
        "median": 1.94876194,
        "min": 0.270570218563,
        "var": 0.715169250965
    },
    "spectral_spread": {
        "dmean": 520686.59375,
        "dmean2": 681283.5625,
        "dvar": 630256828416,
        "dvar2": 875496210432,
        "max": 20593686,
        "mean": 3409859.25,
        "median": 3087847,
        "min": 801354.5625,
        "var": 2.96069103616e+12
    },
    "spectral_strongpeak": {
        "dmean": 0.546681761742,
        "dmean2": 0.938163459301,
        "dvar": 0.50792735815,
        "dvar2": 1.2732373476,
        "max": 7.84385299683,
        "mean": 1.2242872715,
        "median": 0.827907860279,
        "min": 0.0430902764201,
        "var": 1.3268892765
    },
    "zerocrossingrate": {
        "dmean": 0.00705396058038,
        "dmean2": 0.00816971436143,
        "dvar": 0.000120274256915,
        "dvar2": 0.000102759098809,
        "max": 0.28857421875,
        "mean": 0.0476859025657,
        "median": 0.04052734375,
        "min": 0.01123046875,
        "var": 0.00102923321538
    },
    "barkbands": {
        "dmean": [6.52530361549e-05, 0.00163741537835, 0.00140515214298, 0.000928336812649, 0.00188648980111, 0.00187307072338, 0.00113884196617, 0.000937272969168, 0.00109684257768, 0.000712965789717, 0.000430188491009, 0.000290696654702, 0.000351885857526, 0.000280191045022, 0.000319166108966, 0.000255201972323, 0.000140481482958, 6.72090172884e-05, 5.13846462127e-05, 4.34256762674e-05, 4.34861467511e-05, 5.68441137148e-05, 5.31209989276e-05, 3.7351535866e-05, 5.29084572918e-05, 8.63724558542e-09, 7.18538029076e-09],
        "dmean2": [0.000114393274998, 0.00255921878852, 0.00235924706794, 0.00157778104767, 0.00312915234827, 0.00316366110928, 0.00185939483345, 0.00142060231883, 0.00155761721544, 0.00105815450661, 0.000642473751213, 0.000449259270681, 0.000559198320843, 0.000457527785329, 0.000520230503753, 0.000424083584221, 0.000224919233005, 0.000107307991129, 7.94223888079e-05, 6.69437431497e-05, 6.66065461701e-05, 8.59549472807e-05, 7.73673600634e-05, 5.42261113878e-05, 7.80830596341e-05, 1.01889527926e-08, 8.50188719426e-09],
        "dvar": [1.56811879037e-08, 7.24958545106e-06, 5.04648232891e-06, 1.89980619325e-06, 6.19219281361e-06, 5.63371622775e-06, 5.19056266057e-06, 1.77095751042e-06, 3.78356617148e-06, 2.32265119848e-06, 8.31491036024e-07, 2.38313191403e-07, 3.18192746818e-07, 2.06574753747e-07, 2.15297049522e-07, 2.73302532605e-07, 1.2683797479e-07, 1.97157579152e-08, 1.2458452936e-08, 1.22955254866e-08, 9.43824662869e-09, 1.90081070883e-08, 3.44415873599e-08, 2.67584656655e-08, 5.41851612468e-08, 5.89833222412e-14, 4.01703206831e-14],
        "dvar2": [4.38116352086e-08, 1.71599967871e-05, 1.4209609617e-05, 5.08936545884e-06, 1.62927281053e-05, 1.67716734722e-05, 1.38486120704e-05, 4.38660345026e-06, 7.77562127041e-06, 5.24960569237e-06, 1.80331744559e-06, 4.99820771438e-07, 6.38943276954e-07, 5.26497785813e-07, 5.60616228995e-07, 8.31360011944e-07, 2.67573938117e-07, 4.83900173265e-08, 2.76127494203e-08, 2.9756600739e-08, 2.41139748169e-08, 4.29932747181e-08, 6.73797728723e-08, 5.97850160489e-08, 1.17143990508e-07, 5.91838386567e-14, 4.02453169803e-14],
        "max": [0.00268817134202, 0.0352607481182, 0.0237934179604, 0.0113039696589, 0.0365148931742, 0.023097909987, 0.0278063174337, 0.0185170657933, 0.0304404962808, 0.0282483957708, 0.0136807560921, 0.0106857037172, 0.0144079374149, 0.00663127703592, 0.00656181992963, 0.00973135512322, 0.00796616077423, 0.00243508489802, 0.00296962680295, 0.00260887178592, 0.00176983815618, 0.00224959198385, 0.00531570985913, 0.0043533667922, 0.00586537830532, 8.72173404787e-06, 7.20083335182e-06],
        "mean": [0.000103404039692, 0.00426906347275, 0.00185913790483, 0.00125051627401, 0.00492064282298, 0.00374520896003, 0.00213019363582, 0.00210110540502, 0.00305488146842, 0.00202730135061, 0.00101118301973, 0.000738232163712, 0.000858908111695, 0.000637543969788, 0.000630178430583, 0.000598591286689, 0.00036124678445, 0.000134841262479, 0.000106794002932, 8.24173475849e-05, 8.19349370431e-05, 9.36873693718e-05, 8.95343109732e-05, 5.69228323002e-05, 0.000100616300188, 8.17320788826e-09, 6.82746703617e-09],
        "median": [3.6326553527e-05, 0.00284299440682, 0.000959563301876, 0.000641428981908, 0.00354264630005, 0.00277919485234, 0.00103238760494, 0.00145785778295, 0.00115499109961, 0.000466387253255, 0.000250485842116, 0.000404551392421, 0.000524728617165, 0.000326344947098, 0.000419633521233, 0.000317088473821, 0.000127016217448, 8.12214493635e-05, 5.30134348082e-05, 3.71179266949e-05, 2.62455087068e-05, 2.09424397326e-05, 1.19094274851e-05, 6.84633050696e-06, 1.1829531104e-05, 4.57888948979e-10, 4.64251664889e-10],
        "min": [5.80611185796e-08, 0.000107685365947, 5.713365681e-06, 1.575766305e-06, 0.000108526772237, 3.66808380932e-05, 3.41148779626e-06, 5.74132081965e-06, 1.92623610928e-05, 2.24392601922e-06, 4.93257573453e-07, 2.99396538139e-06, 1.03378752101e-05, 3.48388698512e-06, 6.79280310578e-06, 5.05463867739e-06, 3.43470128428e-06, 5.59668308142e-07, 2.84857378574e-07, 6.28419982718e-08, 3.73690980382e-08, 1.79223604846e-08, 1.97491328846e-10, 3.8101098665e-11, 2.4650982644e-11, 1.61085780132e-11, 2.02583141234e-11],
        "var": [4.06265954211e-08, 2.07385019166e-05, 6.27142935627e-06, 2.53938060268e-06, 2.29166980716e-05, 1.26058339447e-05, 9.32365946937e-06, 4.37512471763e-06, 1.93963260244e-05, 1.20164886539e-05, 3.83219094147e-06, 1.03727074929e-06, 1.51265874138e-06, 6.56271197386e-07, 4.47864181297e-07, 6.84576718868e-07, 5.23395101482e-07, 3.45731763218e-08, 2.95969773134e-08, 2.10835349179e-08, 2.15047002428e-08, 4.66079335126e-08, 1.15937709211e-07, 4.24114858788e-08, 2.12549110756e-07, 5.89281634556e-14, 4.01435103963e-14]
    },
    "erbbands": {
        "dmean": [0.0386871397495, 0.415285050869, 1.39521610737, 2.5636537075, 3.77635836601, 6.76574516296, 15.3604888916, 15.4314012527, 16.535320282, 11.746969223, 20.8177032471, 31.0415935516, 18.4282093048, 17.7366123199, 19.9543762207, 11.9477357864, 15.6816511154, 14.8679418564, 18.5898571014, 12.0173578262, 9.74513149261, 5.78907060623, 3.89456558228, 3.00793886185, 2.44986438751, 2.1733622551, 1.84433233738, 1.74711608887, 2.1341407299, 1.74346327782, 1.51325511932, 0.879824519157, 0.608563423157, 0.702459990978, 0.355947107077, 0.00869049690664, 0.000334223557729, 3.19590326399e-05, 7.26947155272e-06, 7.57440466259e-06],
        "dmean2": [0.0601939745247, 0.652000844479, 2.28198933601, 4.35678672791, 6.33063697815, 11.2529439926, 25.152759552, 26.4538803101, 27.0840320587, 18.3817176819, 30.7392902374, 43.5978012085, 27.1255722046, 24.9107093811, 29.9198112488, 17.9822311401, 25.0284061432, 24.4202919006, 30.376499176, 19.8022880554, 15.9777507782, 9.40218353271, 6.24699783325, 4.72577095032, 3.79159927368, 3.348102808, 2.8259036541, 2.68549513817, 3.28536605835, 2.53305888176, 2.19050836563, 1.31323361397, 0.909266650677, 0.98449999094, 0.570222079754, 0.0139920180663, 0.00052085792413, 4.74091466458e-05, 1.06699899334e-05, 1.17774516184e-05],
        "dvar": [0.00472052302212, 0.452516317368, 4.89987421036, 13.9049072266, 44.5057640076, 81.9762802124, 460.199554443, 460.614959717, 1224.07067871, 365.01852417, 1014.00878906, 3118.07788086, 2102.7121582, 1486.48730469, 1811.57678223, 412.535430908, 646.482055664, 591.748535156, 828.527038574, 354.090545654, 355.532806396, 135.196517944, 69.8774871826, 43.0458183289, 31.217042923, 37.9770622253, 15.5056562424, 15.6758375168, 30.0885620117, 28.7864437103, 31.024230957, 22.5358295441, 4.88858270645, 7.40125226974, 3.33489775658, 0.00195330078714, 2.62114281213e-06, 3.40078649685e-08, 1.11851472528e-09, 6.47660119979e-11],
        "dvar2": [0.0100309839472, 1.11920130253, 13.4752626419, 37.1662979126, 115.133155823, 211.835189819, 1304.07592773, 1370.88598633, 3203.30126953, 901.79083252, 2542.85009766, 6299.04052734, 4809.13671875, 3076.67382812, 4004.33056641, 859.26171875, 1320.33154297, 1529.49926758, 2206.45336914, 988.310302734, 958.672241211, 294.843017578, 166.766967773, 114.928466797, 67.0141830444, 95.9409942627, 38.1769104004, 39.2676544189, 71.0190887451, 52.3671684265, 67.2325363159, 53.6920623779, 9.84281158447, 13.3214864731, 8.96971988678, 0.00530874729156, 6.53371853332e-06, 5.7666920128e-08, 1.5570696954e-09, 1.5402711051e-10],
        "max": [1.06772625446, 8.70277786255, 22.4494380951, 27.0130672455, 137.632202148, 126.516426086, 274.47756958, 245.92477417, 444.974853516, 255.613342285, 537.845703125, 872.253845215, 1133.73583984, 875.495544434, 653.916687012, 521.618530273, 694.145263672, 297.394470215, 426.248687744, 265.713928223, 300.475738525, 225.505706787, 169.33442688, 146.407592773, 148.78767395, 149.807434082, 65.3946380615, 75.0176849365, 100.34954834, 120.870826721, 174.431015015, 130.638977051, 42.0388679504, 74.0926055908, 37.5810470581, 0.919369280338, 0.0340373255312, 0.00483762240037, 0.00104240328074, 0.000123818696011],
        "mean": [0.120532423258, 0.979191303253, 2.08543848991, 3.51742458344, 8.58252334595, 16.3188343048, 32.2895317078, 28.8343067169, 32.5341072083, 27.0530509949, 51.4837150574, 88.2764282227, 52.3927841187, 54.1980285645, 49.8125991821, 33.3829803467, 39.5283660889, 38.6942634583, 38.7582359314, 31.1838111877, 25.6857414246, 15.4644327164, 9.17843532562, 6.20529556274, 5.04886770248, 4.03571748734, 3.40607714653, 3.24437975883, 3.52412009239, 2.89660739899, 2.4888958931, 1.41494524479, 0.935365915298, 1.31929826736, 0.558856964111, 0.0134735805914, 0.000559090112802, 5.66502276342e-05, 2.45097435254e-05, 3.78889053536e-05],
        "median": [0.0747905597091, 0.608471870422, 1.10227251053, 2.11485671997, 4.69524908066, 12.4876298904, 20.5348777771, 18.3044662476, 16.2644996643, 16.491230011, 36.7535705566, 36.4239768982, 17.2755622864, 17.6988620758, 22.7763824463, 18.6464614868, 23.3646793365, 23.1767883301, 26.7309741974, 22.2112731934, 13.0136728287, 7.41526985168, 5.13306951523, 3.74449586868, 2.17801237106, 1.80324470997, 1.30060040951, 0.975523650646, 0.847623884678, 0.483693599701, 0.319983035326, 0.159856438637, 0.120029456913, 0.157979041338, 0.0519632324576, 0.00130458537024, 7.77456589276e-05, 1.02529374999e-05, 1.67992948263e-05, 3.41583436239e-05],
        "min": [0.00244948151521, 0.00748719507828, 0.0131451236084, 0.0592968054116, 0.101755082607, 0.295141607523, 0.468657284975, 0.264006763697, 0.130390614271, 0.269439637661, 0.517592132092, 0.54480099678, 0.532959878445, 0.267224609852, 0.315132409334, 0.523641705513, 0.872308492661, 0.906644582748, 0.594895720482, 0.779803395271, 0.397497862577, 0.312482267618, 0.0526805557311, 0.0147114386782, 0.0195890925825, 0.00372009957209, 0.00202728924341, 0.00152513373177, 0.00126351299696, 0.000304455024889, 0.000188421661733, 9.01062812773e-05, 2.19848116103e-05, 1.0663532521e-05, 3.99479995394e-06, 1.26835675474e-06, 6.21016681635e-07, 1.65865714052e-07, 6.7614615773e-07, 1.52471602632e-06],
        "var": [0.0178903210908, 1.16707670689, 7.17813777924, 15.903512001, 202.439285278, 212.604949951, 1054.74597168, 1036.45385742, 2175.67553711, 897.186767578, 2693.64013672, 15256.1582031, 9744.06445312, 9375.56835938, 6797.32080078, 2086.93701172, 3554.03881836, 1981.41247559, 1674.96923828, 856.991455078, 1244.6328125, 537.362915039, 158.107666016, 72.9694519043, 77.9153900146, 55.6830101013, 33.5644645691, 36.1329956055, 64.5150604248, 91.5893783569, 90.8038406372, 34.7472419739, 9.11490726471, 33.2518310547, 7.68379259109, 0.00440652854741, 6.54865289107e-06, 6.54392167121e-08, 1.85992754531e-09, 3.2134739314e-10]
    },
    "gfcc": {
        "mean": [-11.1900186539, 153.166870117, -142.292861938, 27.6140975952, -62.5763816833, 17.816865921, -40.5743293762, 0.831138849258, -9.17384719849, -5.00303316116, -2.2181956768, -15.5218114853, 10.0849466324],
        "cov": [[1772.42773438, -1029.9921875, -35.2296562195, 280.67086792, -579.591369629, 238.395248413, -170.05770874, 109.459411621, -218.711791992, 11.1180763245, -79.8575668335, 49.8402442932, -29.5858592987], [-1029.9921875, 1350.39086914, -218.145812988, -330.608856201, 597.063781738, -337.25177002, 276.760131836, -157.783966064, 228.622314453, -125.449440002, 109.303001404, -30.6476402283, 56.6196784973], [-35.2296562195, -218.145812988, 414.865447998, 37.2610778809, -32.254032135, 176.180267334, -119.089172363, 98.0604858398, -64.9221801758, 87.4735794067, -23.8807792664, -36.24061203, -16.2824573517], [280.67086792, -330.608856201, 37.2610778809, 470.526794434, -224.547286987, 30.3632545471, 57.0217132568, -124.368797302, 55.2042922974, -20.9456100464, 22.786605835, -21.0220565796, -71.8675384521], [-579.591369629, 597.063781738, -32.254032135, -224.547286987, 477.553527832, -111.9271698, 49.3125114441, 30.5284061432, 60.4681243896, -3.20217871666, 17.395318985, -6.53187084198, 26.3530521393], [238.395248413, -337.25177002, 176.180267334, 30.3632545471, -111.9271698, 246.790084839, -83.4231414795, 70.9148712158, -63.1004180908, 50.2908592224, -8.61258220673, -11.1015605927, -13.1781435013], [-170.05770874, 276.760131836, -119.089172363, 57.0217132568, 49.3125114441, -83.4231414795, 231.971801758, -131.838668823, 85.7750701904, -51.9742736816, 22.21534729, 15.7290439606, -35.6390800476], [109.459411621, -157.783966064, 98.0604858398, -124.368797302, 30.5284061432, 70.9148712158, -131.838668823, 240.733810425, -87.2787628174, 47.7816238403, -35.710269928, -21.2870426178, 37.3111305237], [-218.711791992, 228.622314453, -64.9221801758, 55.2042922974, 60.4681243896, -63.1004180908, 85.7750701904, -87.2787628174, 209.082611084, -42.423538208, 43.6217422485, -14.6849727631, -13.3828411102], [11.1180763245, -125.449440002, 87.4735794067, -20.9456100464, -3.20217871666, 50.2908592224, -51.9742736816, 47.7816238403, -42.423538208, 104.168182373, -10.208691597, 0.407283246517, -4.19024324417], [-79.8575668335, 109.303001404, -23.8807792664, 22.786605835, 17.395318985, -8.61258220673, 22.21534729, -35.710269928, 43.6217422485, -10.208691597, 112.827339172, -7.62546730042, 8.56072330475], [49.8402442932, -30.6476402283, -36.24061203, -21.0220565796, -6.53187084198, -11.1015605927, 15.7290439606, -21.2870426178, -14.6849727631, 0.407283246517, -7.62546730042, 78.8188781738, -0.650771379471], [-29.5858592987, 56.6196784973, -16.2824573517, -71.8675384521, 26.3530521393, -13.1781435013, -35.6390800476, 37.3111305237, -13.3828411102, -4.19024324417, 8.56072330475, -0.650771379471, 75.3322982788]],
        "icov": [[0.00146212615073, -0.000345549895428, 0.00120191636961, -0.000946610991377, 0.00135805283207, -0.00125653180294, 0.00082071730867, -0.00102369324304, 0.000865254958626, 0.000190132166608, 0.000600331753958, -0.00104119849857, 0.000478139059851], [-0.000345549895428, 0.010486472398, -0.00342062907293, 0.00634130043909, -0.00780233740807, 0.00691983522847, -0.00750781130046, 0.00493661453947, -0.00268374127336, 0.00540784932673, -0.0053460560739, 0.00649363268167, -0.00427634268999], [0.00120191636961, -0.00342062907293, 0.00634183781222, -0.00336586916819, 0.00258646556176, -0.00547890271991, 0.00394558627158, -0.00250223022886, 0.00159212260041, -0.00340960826725, 0.00260560563765, -0.00150763324928, 0.00222941208631], [-0.000946610991377, 0.00634130043909, -0.00336586916819, 0.00809105951339, -0.00347179290839, 0.00505300424993, -0.0051066596061, 0.00460476148874, -0.00266803824343, 0.00346166174859, -0.00402294006199, 0.00545290764421, -0.000521762645803], [0.00135805283207, -0.00780233740807, 0.00258646556176, -0.00347179290839, 0.010185142979, -0.00432059448212, 0.0050225132145, -0.00493781780824, 0.00158888997976, -0.00406049797311, 0.00371173699386, -0.00502269109711, 0.00373865780421], [-0.00125653180294, 0.00691983522847, -0.00547890271991, 0.00505300424993, -0.00432059448212, 0.0124376099557, -0.00504196761176, 0.00278279744089, -0.00188212224748, 0.00282499310561, -0.00485841417685, 0.00461577391252, -0.00171968422364], [0.00082071730867, -0.00750781130046, 0.00394558627158, -0.0051066596061, 0.0050225132145, -0.00504196761176, 0.0134743843228, -0.00116200791672, 0.0013074396411, -0.00244376971386, 0.00399202806875, -0.00559207983315, 0.00585172511637], [-0.00102369324304, 0.00493661453947, -0.00250223022886, 0.00460476148874, -0.00493781780824, 0.00278279744089, -0.00116200791672, 0.0108166318387, -0.000452641921584, 0.00155434268527, -0.00136743008625, 0.00552486442029, -0.00374399661086], [0.000865254958626, -0.00268374127336, 0.00159212260041, -0.00266803824343, 0.00158888997976, -0.00188212224748, 0.0013074396411, -0.000452641921584, 0.00812713801861, -5.8069554143e-06, 5.62962213735e-07, -0.000559711828828, 0.00155193114188], [0.000190132166608, 0.00540784932673, -0.00340960826725, 0.00346166174859, -0.00406049797311, 0.00282499310561, -0.00244376971386, 0.00155434268527, -5.8069554143e-06, 0.0159070622176, -0.00312539073639, 0.00191981263924, -0.000180172050023], [0.000600331753958, -0.0053460560739, 0.00260560563765, -0.00402294006199, 0.00371173699386, -0.00485841417685, 0.00399202806875, -0.00136743008625, 5.62962213735e-07, -0.00312539073639, 0.0132346227765, -0.0025817824062, -0.000303381675621], [-0.00104119849857, 0.00649363268167, -0.00150763324928, 0.00545290764421, -0.00502269109711, 0.00461577391252, -0.00559207983315, 0.00552486442029, -0.000559711828828, 0.00191981263924, -0.0025817824062, 0.0190869849175, -0.0027650941629], [0.000478139059851, -0.00427634268999, 0.00222941208631, -0.000521762645803, 0.00373865780421, -0.00171968422364, 0.00585172511637, -0.00374399661086, 0.00155193114188, -0.000180172050023, -0.000303381675621, -0.0027650941629, 0.0199508238584]]
    },
    "melbands": {
        "dmean": [0.000400468532462, 0.000648508081213, 0.00043527840171, 0.000379530712962, 0.00047363768681, 0.000337633828167, 0.000248383847065, 0.000140441406984, 0.00016158958897, 0.000194652777282, 9.14872871363e-05, 7.7315919043e-05, 5.99489758315e-05, 4.53220382042e-05, 2.67256691586e-05, 3.50517038896e-05, 3.02279495372e-05, 3.04427721858e-05, 1.49195293488e-05, 2.46735162364e-05, 9.72243378783e-06, 7.38277367418e-06, 5.07094364366e-06, 3.20380445373e-06, 2.64838490693e-06, 2.05742253456e-06, 1.48793128574e-06, 1.58637908498e-06, 1.24075074837e-06, 1.18501588986e-06, 1.01650687157e-06, 1.24935627355e-06, 1.20461220376e-06, 1.05315541532e-06, 1.02856756712e-06, 6.57991165554e-07, 5.62381501368e-07, 4.65656853521e-07, 4.5121927883e-07, 7.40320388104e-07],
        "dmean2": [0.000622226623818, 0.00104409409687, 0.00073717412306, 0.000626877939794, 0.000781319686212, 0.000574259611312, 0.000408309802879, 0.000218661254621, 0.000239330955083, 0.000272021308774, 0.000135511960252, 0.000108741216536, 8.9849003416e-05, 6.95914277458e-05, 4.13052403019e-05, 5.64356050745e-05, 4.94647865708e-05, 4.95731801493e-05, 2.39020992012e-05, 4.11319015257e-05, 1.58293660206e-05, 1.19831784104e-05, 8.30480439618e-06, 5.13570375915e-06, 4.19967682319e-06, 3.19906598634e-06, 2.4095174922e-06, 2.48904689215e-06, 1.93333016796e-06, 1.86896932064e-06, 1.59648845965e-06, 1.94729705072e-06, 1.83167014711e-06, 1.60381455316e-06, 1.51168126195e-06, 9.69468260337e-07, 8.67386347636e-07, 7.0610747116e-07, 7.02701356659e-07, 1.07166920316e-06],
        "dvar": [4.78214360555e-07, 9.40598283705e-07, 3.99787865035e-07, 3.06392990979e-07, 4.04925884823e-07, 2.03026445433e-07, 2.53397558936e-07, 4.41548060337e-08, 6.37937560555e-08, 1.28030279711e-07, 5.24661700751e-08, 2.92662587498e-08, 1.53533772362e-08, 4.63631266712e-09, 2.41915265597e-09, 2.57872390108e-09, 2.78582379387e-09, 2.11820450069e-09, 4.07814920722e-10, 2.56692267442e-09, 5.05918806848e-10, 2.96335622707e-10, 1.03615636904e-10, 4.15176434898e-11, 3.53709526946e-11, 3.26523495742e-11, 8.38211531434e-12, 2.29937145713e-11, 7.32630796307e-12, 8.3156190267e-12, 5.01073228049e-12, 9.15160048437e-12, 1.09444597482e-11, 1.32480909923e-11, 1.59800211258e-11, 6.86499555119e-12, 1.13146506053e-11, 2.95996820804e-12, 2.92302900634e-12, 9.28506143499e-12],
        "dvar2": [1.06826757929e-06, 2.55690133599e-06, 1.06681750367e-06, 8.04485580375e-07, 1.14429337827e-06, 6.06727553532e-07, 6.72486862641e-07, 1.08483263261e-07, 1.61112936325e-07, 2.49361704618e-07, 1.2072011657e-07, 6.12529404975e-08, 3.3815197753e-08, 1.07836806151e-08, 4.4149754963e-09, 5.6958278094e-09, 7.23835347216e-09, 5.6376117108e-09, 9.70227231889e-10, 7.80748532492e-09, 1.12907194705e-09, 6.30006380398e-10, 2.42666636785e-10, 1.04408502677e-10, 9.7282883138e-11, 7.37914312987e-11, 2.01037606701e-11, 5.97767113586e-11, 1.79766809077e-11, 2.26250528729e-11, 1.18502126514e-11, 2.14716161517e-11, 2.51175955035e-11, 2.6503951811e-11, 3.77339826052e-11, 1.38526039598e-11, 2.82659989165e-11, 5.95471892281e-12, 7.18508239017e-12, 1.74524977803e-11],
        "max": [0.00999163370579, 0.00905063375831, 0.00587260024622, 0.00787843670696, 0.0083580520004, 0.00477271247655, 0.00598582904786, 0.00270398892462, 0.00455213338137, 0.00590499863029, 0.00552019989118, 0.00374629115686, 0.00225212238729, 0.00106228562072, 0.00151736778207, 0.000919692509342, 0.000676839321386, 0.000670805340633, 0.000244293856667, 0.00092885340564, 0.00045082665747, 0.000374130497221, 0.000220124857151, 0.00012139086175, 0.000125037040561, 0.000167216538102, 5.35858562216e-05, 0.000116530776722, 3.98880656576e-05, 5.78929975745e-05, 3.39582365996e-05, 4.91646133014e-05, 7.52272244426e-05, 8.98247890291e-05, 0.000119485695905, 5.24785355083e-05, 9.43831764744e-05, 3.29802023771e-05, 3.02857843053e-05, 8.39223721414e-05],
        "mean": [0.00117082626093, 0.0011750679696, 0.000705928192474, 0.000926571898162, 0.00104757794179, 0.000644672487397, 0.000485711178044, 0.000324570515659, 0.00041627662722, 0.000538419815712, 0.000248202530202, 0.000225189141929, 0.000149691011757, 0.000114244903671, 6.73949471093e-05, 8.48487616167e-05, 7.17147268006e-05, 6.12667863606e-05, 3.25901819451e-05, 5.83357032156e-05, 2.43103277171e-05, 1.82612930075e-05, 1.10724186015e-05, 6.39669269731e-06, 4.81257529827e-06, 3.97424946641e-06, 2.76981586467e-06, 2.68929579761e-06, 2.10784151022e-06, 2.07999187296e-06, 1.75700120053e-06, 1.96870291802e-06, 1.81302175406e-06, 1.58538330197e-06, 1.55326586082e-06, 1.09120924208e-06, 7.77681862019e-07, 6.36995252989e-07, 6.31904299553e-07, 1.36471953738e-06],
        "median": [0.000794955471065, 0.000733018154278, 0.00040978108882, 0.000645414402243, 0.000723873672541, 0.000433632318163, 0.000242017151322, 0.000221883470658, 0.000283490138827, 0.000205100543099, 6.73972826917e-05, 6.57885248074e-05, 5.09264500579e-05, 7.26132202544e-05, 3.24086395267e-05, 5.55504266231e-05, 3.43236570188e-05, 4.17357150582e-05, 2.19432804442e-05, 3.18371858157e-05, 9.96772723738e-06, 7.22251115803e-06, 5.39045959158e-06, 3.69352210328e-06, 2.59253147306e-06, 1.69061706856e-06, 1.17705405955e-06, 1.14852048227e-06, 8.78495541201e-07, 5.92971048263e-07, 5.47588967947e-07, 4.87700901886e-07, 3.32635920586e-07, 2.23606420491e-07, 1.88304596804e-07, 1.35512237875e-07, 6.93790269679e-08, 7.77033264399e-08, 6.74500242326e-08, 1.50662756937e-07],
        "min": [2.71265816991e-05, 8.14335908217e-06, 7.23178527551e-06, 9.92549030343e-06, 2.00947870326e-05, 5.54813050258e-06, 7.61096430324e-07, 2.9683099001e-06, 4.3552417992e-06, 2.9690993415e-06, 9.82585788734e-07, 6.03664545906e-07, 4.45959329909e-07, 8.90179592261e-07, 1.0050794117e-06, 8.64305263804e-07, 5.95305209572e-07, 6.64698518449e-07, 5.47537524653e-07, 3.46840522525e-07, 2.29107158134e-07, 1.80250111725e-07, 4.71950123426e-08, 2.06658015145e-08, 4.88875784299e-09, 1.54105492811e-08, 4.56518245429e-09, 1.72330760773e-09, 1.20343068843e-09, 1.51931620063e-10, 7.86711196188e-10, 6.39231112487e-10, 2.90936697477e-12, 5.36835333131e-13, 1.43250797509e-12, 2.8449373933e-12, 5.25659214507e-13, 2.94065824209e-13, 2.55652487027e-13, 2.26143620973e-13],
        "var": [1.54049337198e-06, 1.64655284607e-06, 6.89320813763e-07, 1.04240200471e-06, 9.45176907408e-07, 4.65612288281e-07, 4.61892483372e-07, 1.05970968889e-07, 1.84499754141e-07, 6.26798396297e-07, 2.3804645366e-07, 1.80703736419e-07, 7.75594202196e-08, 1.7489801607e-08, 1.67970668485e-08, 9.5141396983e-09, 9.56510337602e-09, 4.41993242006e-09, 1.09277598082e-09, 6.26708773765e-09, 2.00767846792e-09, 1.12104181493e-09, 3.96375904321e-10, 7.41350938971e-11, 5.2080607188e-11, 6.0199116525e-11, 2.05001987608e-11, 2.94366198084e-11, 1.3345034279e-11, 1.75694840621e-11, 1.01363891239e-11, 1.85343840969e-11, 2.38673646819e-11, 3.7293647337e-11, 4.13072631655e-11, 1.75533702157e-11, 1.33370051114e-11, 5.03293023577e-12, 5.21154387007e-12, 3.97329044666e-11]
    },
    "mfcc": {
        "mean": [-641.74029541, 166.982055664, -11.3139486313, 10.3612642288, 4.62210178375, 5.46548652649, -6.28465366364, -4.92505979538, 3.60342741013, 0.276674121618, 2.90631651878, -2.51679873466, 0.124259270728],
        "cov": [[2113.49194336, -1318.18261719, 278.972473145, 30.2134590149, -397.328674316, 59.7425498962, -88.2292251587, 93.8092727661, -145.072463989, -40.0419769287, -90.3965759277, -101.836509705, 8.64378356934], [-1318.18261719, 1740.4720459, -664.678466797, -37.0731277466, 267.265197754, -119.385467529, 84.7596435547, -3.04650092125, 122.522567749, -23.1206760406, 24.8682289124, 37.6943244934, 24.4357128143], [278.972473145, -664.678466797, 615.14453125, -68.313873291, -2.98629593849, 85.646522522, 5.42786407471, -29.9219322205, -42.2531661987, 72.2170410156, 7.62442827225, 9.78396320343, -27.5275745392], [30.2134590149, -37.0731277466, -68.313873291, 347.905303955, -112.870635986, 83.2619171143, -55.3700828552, 20.5739021301, -33.7323989868, 7.65323925018, -7.97785043716, 9.59736442566, 11.6738195419], [-397.328674316, 267.265197754, -2.98629593849, -112.870635986, 367.017120361, -112.612945557, 73.9949645996, -60.5970687866, 84.0255508423, 18.8443489075, 29.9658584595, 58.5211791992, -0.834173440933], [59.7425498962, -119.385467529, 85.646522522, 83.2619171143, -112.612945557, 241.366744995, -39.1707801819, 36.3200340271, -61.0875015259, 24.8276329041, 7.70102882385, 0.669307649136, 28.4421634674], [-88.2292251587, 84.7596435547, 5.42786407471, -55.3700828552, 73.9949645996, -39.1707801819, 158.023040771, -32.001033783, 18.3552875519, -18.991443634, 26.1292190552, -5.11964607239, -6.41204118729], [93.8092727661, -3.04650092125, -29.9219322205, 20.5739021301, -60.5970687866, 36.3200340271, -32.001033783, 117.007316589, -13.8786668777, 6.52231168747, -24.6607246399, 2.85497975349, 11.6963233948], [-145.072463989, 122.522567749, -42.2531661987, -33.7323989868, 84.0255508423, -61.0875015259, 18.3552875519, -13.8786668777, 127.199119568, -19.2501831055, 31.0046291351, -13.0240097046, -6.83270025253], [-40.0419769287, -23.1206760406, 72.2170410156, 7.65323925018, 18.8443489075, 24.8276329041, -18.991443634, 6.52231168747, -19.2501831055, 135.348022461, -15.3617973328, 38.9074249268, -34.253528595], [-90.3965759277, 24.8682289124, 7.62442827225, -7.97785043716, 29.9658584595, 7.70102882385, 26.1292190552, -24.6607246399, 31.0046291351, -15.3617973328, 107.850738525, -16.2651596069, 17.4428253174], [-101.836509705, 37.6943244934, 9.78396320343, 9.59736442566, 58.5211791992, 0.669307649136, -5.11964607239, 2.85497975349, -13.0240097046, 38.9074249268, -16.2651596069, 105.965080261, 3.30602240562], [8.64378356934, 24.4357128143, -27.5275745392, 11.6738195419, -0.834173440933, 28.4421634674, -6.41204118729, 11.6963233948, -6.83270025253, -34.253528595, 17.4428253174, 3.30602240562, 94.5832824707]],
