{
"lowlevel": {
    "average_loudness": 0.969054281712,
    "barkbands_crest": {
        "dmean": 2.28927469254,
        "dmean2": 3.59426546097,
        "dvar": 5.97558927536,
        "dvar2": 14.0040636063,
        "max": 23.3744239807,
        "mean": 8.87276935577,
        "median": 7.9949555397,
        "min": 2.34244513512,
        "var": 14.2693862915
    },
    "barkbands_flatness_db": {
        "dmean": 0.0168755836785,
        "dmean2": 0.0262917261571,
        "dvar": 0.000270075513981,
        "dvar2": 0.000693319947459,
        "max": 0.309424757957,
        "mean": 0.136530473828,
        "median": 0.130200058222,
        "min": 0.0258503276855,
        "var": 0.00106340879574
    },
    "barkbands_kurtosis": {
        "dmean": 1.25613939762,
        "dmean2": 2.06685090065,
        "dvar": 6.93064498901,
        "dvar2": 17.6860256195,
        "max": 39.0869598389,
        "mean": 0.508085846901,
        "median": -0.171632051468,
        "min": -1.80340206623,
        "var": 8.45483589172
    },
    "barkbands_skewness": {
        "dmean": 0.424283713102,
        "dmean2": 0.657341003418,
        "dvar": 0.261028498411,
        "dvar2": 0.626312494278,
        "max": 6.0230588913,
        "mean": 0.847019731998,
        "median": 0.745516300201,
        "min": -1.46330595016,
        "var": 0.571138143539
    },
    "barkbands_spread": {
        "dmean": 5.8910112381,
        "dmean2": 8.80336093903,
        "dvar": 56.9906387329,
        "dvar2": 108.113632202,
        "max": 89.2032165527,
        "mean": 30.9468955994,
        "median": 28.9655723572,
        "min": 4.38511896133,
        "var": 181.271331787
    },
    "dissonance": {
        "dmean": 0.0143618248403,
        "dmean2": 0.0240423567593,
        "dvar": 0.000211054517422,
        "dvar2": 0.000522349611856,
        "max": 0.49997267127,
        "mean": 0.47301235795,
        "median": 0.479861974716,
        "min": 0.312341034412,
        "var": 0.000510466983542
    },
    "dynamic_complexity": 3.02612352371,
    "erbbands_crest": {
        "dmean": 2.81239295006,
        "dmean2": 4.47637987137,
        "dvar": 6.83405780792,
        "dvar2": 16.9706554413,
        "max": 26.8241176605,
        "mean": 8.85761451721,
        "median": 7.70699977875,
        "min": 2.83061099052,
        "var": 17.6026134491
    },
    "erbbands_flatness_db": {
        "dmean": 0.0147646591067,
        "dmean2": 0.0212123133242,
        "dvar": 0.000165849312907,
        "dvar2": 0.000348026136635,
        "max": 0.289003193378,
        "mean": 0.17988038063,
        "median": 0.179033279419,
        "min": 0.0967340245843,
        "var": 0.000759215967264
    },
    "erbbands_kurtosis": {
        "dmean": 0.806505143642,
        "dmean2": 1.26965868473,
        "dvar": 0.803459227085,
        "dvar2": 1.97108471394,
        "max": 11.8001928329,
        "mean": 0.505654454231,
        "median": 0.14480137825,
        "min": -1.48714482784,
        "var": 2.16331148148
    },
    "erbbands_skewness": {
        "dmean": 0.343648284674,
        "dmean2": 0.5084887743,
        "dvar": 0.0977425202727,
        "dvar2": 0.223747417331,
        "max": 2.24109125137,
        "mean": 0.0258752927184,
        "median": 0.0126942386851,
        "min": -2.47084593773,
        "var": 0.431849360466
    },
    "erbbands_spread": {
        "dmean": 6.81829214096,
        "dmean2": 10.1192998886,
        "dvar": 47.5012817383,
        "dvar2": 103.141548157,
        "max": 99.4616012573,
        "mean": 32.8502922058,
        "median": 30.2151546478,
        "min": 7.32697248459,
        "var": 181.343429565
    },
    "hfc": {
        "dmean": 7.38286972046,
        "dmean2": 10.5861597061,
        "dvar": 92.6980361938,
        "dvar2": 167.799713135,
        "max": 137.435821533,
        "mean": 30.8512058258,
        "median": 29.508310318,
        "min": 1.12597439637e-16,
        "var": 453.484191895
    },
    "melbands_crest": {
        "dmean": 2.7161822319,
        "dmean2": 4.03672361374,
        "dvar": 6.86062383652,
        "dvar2": 14.5765686035,
        "max": 35.0872039795,
        "mean": 14.1356096268,
        "median": 13.4348058701,
        "min": 2.63417005539,
        "var": 26.099489212
    },
    "melbands_flatness_db": {
        "dmean": 0.021289806813,
        "dmean2": 0.0319707170129,
        "dvar": 0.000538466905709,
        "dvar2": 0.00124235940166,
        "max": 0.379260540009,
        "mean": 0.162724226713,
        "median": 0.156535387039,
        "min": 0.0101499659941,
        "var": 0.0020191532094
    },
    "melbands_kurtosis": {
        "dmean": 3.84098291397,
        "dmean2": 6.37777900696,
        "dvar": 67.3984527588,
        "dvar2": 172.352142334,
        "max": 106.85295105,
        "mean": 5.38206863403,
        "median": 3.10565805435,
        "min": -1.48203599453,
        "var": 73.0076522827
    },
    "melbands_skewness": {
        "dmean": 0.58967089653,
        "dmean2": 0.924426078796,
        "dvar": 0.631416559219,
        "dvar2": 1.54500222206,
        "max": 9.10379600525,
        "mean": 1.90868520737,
        "median": 1.72869825363,
        "min": -0.512950778008,
        "var": 1.227470994
    },
    "melbands_spread": {
        "dmean": 8.36711597443,
        "dmean2": 12.3887834549,
        "dvar": 105.503166199,
        "dvar2": 223.245254517,
        "max": 141.681106567,
        "mean": 34.2825164795,
        "median": 31.497713089,
        "min": 2.58952307701,
        "var": 276.739715576
    },
    "pitch_salience": {
        "dmean": 0.0593812316656,
        "dmean2": 0.093827560544,
        "dvar": 0.00342548266053,
        "dvar2": 0.00766672100872,
        "max": 0.795020401478,
        "mean": 0.52994453907,
        "median": 0.536122143269,
        "min": 0.10549723357,
        "var": 0.0103899957612
    },
    "silence_rate_20dB": {
        "dmean": 0,
        "dmean2": 0,
        "dvar": 0,
        "dvar2": 0,
        "max": 1,
        "mean": 1,
        "median": 1,
        "min": 1,
        "var": 0
    },
    "silence_rate_30dB": {
        "dmean": 0,
        "dmean2": 0,
        "dvar": 0,
        "dvar2": 0,
        "max": 1,
        "mean": 1,
        "median": 1,
        "min": 1,
        "var": 0
    },
    "silence_rate_60dB": {
        "dmean": 0.0030959751457,
        "dmean2": 0.00619674660265,
        "dvar": 0.00308637111448,
        "dvar2": 0.00615834211931,
        "max": 1,
        "mean": 0.0734725445509,
        "median": 0,
        "min": 0,
        "var": 0.0680738985538
    },
    "spectral_centroid": {
        "dmean": 245.779647827,
        "dmean2": 360.062103271,
        "dvar": 125696.398438,
        "dvar2": 176856.0625,
        "max": 11023.6494141,
        "mean": 1733.82983398,
        "median": 1705.95043945,
        "min": 594.868469238,
        "var": 355529.8125
    },
    "spectral_complexity": {
        "dmean": 3.61609911919,
        "dmean2": 5.73818731308,
        "dvar": 11.2055177689,
        "dvar2": 25.7905883789,
        "max": 56,
        "mean": 29.006187439,
        "median": 32,
        "min": 0,
        "var": 189.282516479
    },
    "spectral_decrease": {
        "dmean": 2.33120767135e-09,
        "dmean2": 3.77991016265e-09,
        "dvar": 1.54563197318e-17,
        "dvar2": 4.0226931389e-17,
        "max": -6.08896353798e-29,
        "mean": -8.35294766688e-09,
        "median": -8.09084621523e-09,
        "min": -3.27047899873e-08,
        "var": 2.89293614485e-17
    },
    "spectral_energy": {
        "dmean": 0.0091679347679,
        "dmean2": 0.0148124843836,
        "dvar": 0.0002235523134,
        "dvar2": 0.0005804587272,
        "max": 0.125915616751,
        "mean": 0.0343242958188,
        "median": 0.0340551659465,
        "min": 1.04427376042e-20,
        "var": 0.000451950356364
    },
    "spectral_energyband_high": {
        "dmean": 0.000551139819436,
        "dmean2": 0.000758120964747,
        "dvar": 1.55932718826e-06,
        "dvar2": 2.45916203312e-06,
        "max": 0.0174262244254,
        "mean": 0.00138329342008,
        "median": 0.000793749699369,
        "min": 7.18370738306e-21,
        "var": 4.60227465737e-06
    },
    "spectral_energyband_low": {
        "dmean": 0.00682390015572,
        "dmean2": 0.0113144554198,
        "dvar": 0.000234750536038,
        "dvar2": 0.000620764214545,
        "max": 0.114413663745,
        "mean": 0.0144904740155,
        "median": 0.0103328768164,
        "min": 2.72115770653e-23,
        "var": 0.000285079382593
    },
    "spectral_energyband_middle_high": {
        "dmean": 0.00268435175531,
        "dmean2": 0.00401130830869,
        "dvar": 1.02941185105e-05,
        "dvar2": 2.52544377872e-05,
        "max": 0.047789812088,
        "mean": 0.0091737350449,
        "median": 0.00769315566868,
        "min": 2.01915837656e-21,
        "var": 4.8021247494e-05
    },
    "spectral_energyband_middle_low": {
        "dmean": 0.00368857337162,
        "dmean2": 0.00573328323662,
        "dvar": 2.69937190751e-05,
        "dvar2": 6.86929488438e-05,
        "max": 0.0596001371741,
        "mean": 0.0097868014127,
        "median": 0.00827915314585,
        "min": 2.58590119344e-22,
        "var": 5.78703657084e-05
    },
    "spectral_entropy": {
        "dmean": 0.112833723426,
        "dmean2": 0.151867553592,
        "dvar": 0.0148432245478,
        "dvar2": 0.0207323692739,
        "max": 9.81377506256,
        "mean": 7.76602220535,
        "median": 7.81541872025,
        "min": 6.77305412292,
        "var": 0.085285268724
    },
    "spectral_flux": {
        "dmean": 0.0233194977045,
        "dmean2": 0.0367016345263,
        "dvar": 0.00100462895352,
        "dvar2": 0.00209090276621,
        "max": 0.314320057631,
        "mean": 0.089568965137,
        "median": 0.0860697776079,
        "min": 1.02189715023e-10,
        "var": 0.00235051708296
    },
    "spectral_kurtosis": {
        "dmean": 1.26602578163,
        "dmean2": 2.13364887238,
        "dvar": 1.39850473404,
        "dvar2": 3.83145713806,
        "max": 12.4767580032,
        "mean": 2.42708945274,
        "median": 2.12678909302,
        "min": -1.18230104446,
        "var": 2.83354997635
    },
    "spectral_rms": {
        "dmean": 0.000689475040417,
        "dmean2": 0.00108574330807,
        "dvar": 9.17580223359e-07,
        "dvar2": 2.26681299864e-06,
        "max": 0.0110835237429,
        "mean": 0.0054113920778,
        "median": 0.00576407415792,
        "min": 3.19187037912e-12,
        "var": 4.2039409891e-06
    },
    "spectral_rolloff": {
        "dmean": 513.997253418,
        "dmean2": 805.119445801,
        "dvar": 891695.25,
        "dvar2": 1543315.5,
        "max": 18669.2871094,
        "mean": 1885.49743652,
        "median": 1528.85742188,
        "min": 64.599609375,
        "var": 2140155.5
    },
    "spectral_skewness": {
        "dmean": 0.195865407586,
        "dmean2": 0.305486053228,
        "dvar": 0.0340422354639,
        "dvar2": 0.0703642368317,
        "max": 2.59551882744,
        "mean": 1.10904073715,
        "median": 1.0649087429,
        "min": -0.138774603605,
        "var": 0.131615430117
    },
    "spectral_spread": {
        "dmean": 386116.46875,
        "dmean2": 525441.9375,
        "dvar": 1.00400555622e+12,
        "dvar2": 1.0830734295e+12,
        "max": 40423712,
        "mean": 3927491.5,
        "median": 3661800.5,
        "min": 2351791.25,
        "var": 1.9052888064e+12
    },
    "spectral_strongpeak": {
        "dmean": 0.641466319561,
        "dmean2": 1.11436963081,
        "dvar": 1.63220870495,
        "dvar2": 4.28474473953,
        "max": 10.4370470047,
        "mean": 0.866845011711,
        "median": 0.345116406679,
        "min": 0,
        "var": 1.93353939056
    },
    "zerocrossingrate": {
        "dmean": 0.0103578362614,
        "dmean2": 0.0113208629191,
        "dvar": 0.000314905279083,
        "dvar2": 0.000303938548313,
        "max": 0.4912109375,
        "mean": 0.0668544992805,
        "median": 0.06005859375,
        "min": 0.00830078125,
        "var": 0.00125248520635
    },
    "barkbands": {
        "dmean": [0.000377482152544, 0.00541616184637, 0.00182037882041, 0.000619850121439, 0.00103415583726, 0.00114996905904, 0.000504292780533, 0.000571979500819, 0.00170656258706, 0.000518938817549, 0.000394489004975, 0.000915283453651, 0.000489564612508, 0.000902657338884, 0.000560751941521, 0.000580995925702, 0.000378315104172, 0.000280371808913, 0.000236082298215, 0.000157655376825, 0.000145049707498, 0.000150310937897, 0.000131761044031, 0.000149507919559, 3.45881271642e-05, 4.88755240724e-08, 2.59530708036e-08],
        "dmean2": [0.000578985433094, 0.00900011043996, 0.00321955652907, 0.00105110008735, 0.00179800088517, 0.00180772249587, 0.000797469518147, 0.000912984134629, 0.00255640782416, 0.000792209466454, 0.000606238550972, 0.00145760015585, 0.000769177277107, 0.00147419853602, 0.000904771732166, 0.000929988978896, 0.000609549868386, 0.000442208343884, 0.000382533908123, 0.000253049220191, 0.000222387883696, 0.000217564389459, 0.000183134558029, 0.000217493769014, 5.58847750654e-05, 8.11321498873e-08, 4.5868180365e-08],
        "dvar": [5.77718878958e-07, 0.000161932359333, 2.05097985599e-05, 1.68784697507e-06, 7.59106387704e-06, 3.41772215506e-06, 8.83467748736e-07, 1.00730358099e-06, 8.82891163201e-06, 8.67970641139e-07, 9.99951339509e-07, 2.20091010306e-06, 1.07359915091e-06, 3.94878088628e-06, 1.0562529269e-06, 1.52945187892e-06, 5.39118218512e-07, 1.95060579244e-07, 1.42894734267e-07, 5.88872381968e-08, 6.97597499766e-08, 1.19714115954e-07, 1.47470160528e-07, 2.18305871158e-07, 1.85362747374e-08, 2.51444949118e-14, 9.02277537217e-15],
        "dvar2": [1.23920210626e-06, 0.000420764146838, 5.84638401051e-05, 4.5983210839e-06, 2.07042612601e-05, 8.06290245237e-06, 2.35801621784e-06, 2.5523122531e-06, 1.79904891411e-05, 1.833899546e-06, 1.82354438039e-06, 5.58981764698e-06, 2.6699517548e-06, 1.10898163257e-05, 2.58025102085e-06, 3.66055610357e-06, 1.30189766878e-06, 4.24141092026e-07, 3.43965155025e-07, 1.38418059237e-07, 1.4253630809e-07, 2.20868344059e-07, 2.43815833301e-07, 4.04392523023e-07, 4.51936905677e-08, 6.28230784451e-14, 2.46854996161e-14],
        "max": [0.0151458382607, 0.0958535373211, 0.0539375990629, 0.0204427372664, 0.0280909817666, 0.0205823164433, 0.0137290991843, 0.0138259343803, 0.0565745458007, 0.0181462559849, 0.0211810152978, 0.0194996185601, 0.021742772311, 0.0342437177896, 0.0118010835722, 0.0213621947914, 0.0130942808464, 0.00799709837884, 0.00782749988139, 0.00359275192022, 0.00362317147665, 0.00517519051209, 0.00855354964733, 0.00632378971204, 0.00317350146361, 2.61528998635e-06, 1.55852592343e-06],
        "mean": [0.00065029686084, 0.00979494024068, 0.00363034126349, 0.000880627601873, 0.00136561621912, 0.00235518510453, 0.000921078433748, 0.000921130180359, 0.0030161452014, 0.000838953012135, 0.000671600631904, 0.00156794046052, 0.000848403084092, 0.00143295200542, 0.00092902086908, 0.00101661658846, 0.000727949431166, 0.000591907068156, 0.00057974725496, 0.000368558161426, 0.000346489425283, 0.000297815917293, 0.00024497139384, 0.000274243706372, 5.16824766237e-05, 5.77473180385e-08, 2.0119315991e-08],
        "median": [0.000118858530186, 0.00550277996808, 0.00222179316916, 0.000379081582651, 0.000757684698328, 0.00147410365753, 0.000533811165951, 0.000565686845221, 0.00145674613304, 0.00044777157018, 0.000245817034738, 0.000907413836103, 0.000349636771716, 0.000642950704787, 0.000436403934145, 0.000458974798676, 0.000395210343413, 0.000423229270382, 0.000469703838462, 0.000284763198579, 0.000253901875112, 0.000164990677149, 9.02178289834e-05, 8.96878555068e-05, 1.46425991261e-05, 1.35780293675e-08, 1.51252932401e-09],
        "min": [3.11126070487e-24, 1.27734180042e-23, 9.28095328309e-24, 1.37193797698e-23, 3.32761314454e-23, 1.46421845236e-23, 2.69370187604e-23, 3.34538649628e-23, 9.03389119836e-23, 1.54231596597e-22, 1.78701254083e-22, 1.69400356819e-22, 4.88703054208e-23, 1.25511266252e-22, 1.754351175e-22, 1.30909031219e-22, 3.30953731197e-22, 2.16984408756e-22, 3.63523664894e-22, 3.24043562103e-22, 3.45221334586e-22, 5.84611563996e-22, 5.00316588724e-22, 8.0000088338e-22, 1.12932216475e-21, 1.54340845628e-21, 2.39260578542e-21],
        "var": [1.65294613907e-06, 0.000191793980775, 2.08361961995e-05, 2.00410113393e-06, 6.04778961133e-06, 7.87194858276e-06, 1.55170175731e-06, 1.46980221416e-06, 2.1813895728e-05, 1.566173637e-06, 2.77641697721e-06, 4.33320701632e-06, 2.53903158409e-06, 5.98123187956e-06, 1.97963208848e-06, 3.11469307235e-06, 1.27490818613e-06, 4.73886444752e-07, 3.77592698442e-07, 1.42697871297e-07, 1.54216522219e-07, 2.506319845e-07, 3.72367850332e-07, 5.31378134383e-07, 3.04104901261e-08, 3.35149151541e-14, 7.27432488025e-15]
    },
    "erbbands": {
        "dmean": [0.170938208699, 1.21380770206, 2.17865467072, 1.9571968317, 3.0214214325, 3.54005336761, 4.27744436264, 11.9560441971, 8.43071365356, 8.39055252075, 12.3837432861, 31.5004692078, 35.2472038269, 11.6282920837, 24.6984920502, 26.3842601776, 19.2533035278, 41.4998397827, 26.5173244476, 28.709733963, 33.2659263611, 19.1881866455, 15.0596122742, 12.7429876328, 9.9216337204, 7.37940120697, 6.09041595459, 5.81076860428, 5.5384311676, 4.42814159393, 3.70568799973, 3.50838017464, 2.25375628471, 0.73915886879, 0.0390520431101, 0.00180960388388, 0.000131369044539, 2.87628226943e-05, 1.03748807305e-05, 1.14276144814e-05],
        "dmean2": [0.268403410912, 2.06183934212, 3.81067895889, 3.40247225761, 5.22386884689, 6.19594430923, 7.02706384659, 18.7395439148, 13.6873369217, 13.3134126663, 19.8804969788, 48.8092308044, 51.2568435669, 18.0409832001, 38.2472839355, 42.1337432861, 30.7003231049, 66.8563613892, 44.0534095764, 44.564781189, 52.5353355408, 30.5561332703, 24.2745780945, 20.6165046692, 15.9395027161, 11.6187438965, 9.65128898621, 8.86669158936, 7.92155122757, 6.30837678909, 5.05376195908, 4.86866855621, 3.43077874184, 1.18714106083, 0.0632447451353, 0.00290954951197, 0.000209283869481, 4.63772848889e-05, 1.63525019161e-05, 1.81126360985e-05],
        "dvar": [0.150215581059, 8.7681427002, 27.8200035095, 22.4047985077, 53.3232879639, 97.3931121826, 61.6781463623, 397.871002197, 305.576324463, 197.356048584, 484.223968506, 4255.57226562, 4183.48291016, 332.504150391, 1848.39916992, 1820.74731445, 1298.54504395, 10974.2646484, 2211.72192383, 2989.02416992, 6157.21923828, 1175.88110352, 583.430053711, 597.512512207, 219.202575684, 145.002914429, 111.862884521, 131.401321411, 163.366836548, 123.313163757, 135.799911499, 137.538955688, 54.5681915283, 8.1775970459, 0.0427213869989, 8.05619201856e-05, 2.02052930831e-07, 6.73644429128e-09, 4.3789186166e-10, 2.89108265106e-10],
        "dvar2": [0.3513212502, 23.2997875214, 78.2090988159, 62.5856056213, 142.949523926, 273.648468018, 165.304824829, 940.568237305, 840.505249023, 499.170715332, 1189.08361816, 9955.86328125, 7685.37744141, 789.372314453, 3903.28613281, 4751.42626953, 3174.92919922, 30449.84375, 5997.84619141, 6799.67871094, 14769.1201172, 2785.78759766, 1380.3359375, 1383.72412109, 540.966796875, 340.595153809, 259.874450684, 245.441452026, 306.768066406, 211.133178711, 237.487411499, 252.308486938, 116.105125427, 19.7488479614, 0.120213679969, 0.000223771115998, 5.0395613016e-07, 1.64548268344e-08, 1.03827957343e-09, 7.34515226419e-10],
        "max": [4.85171747208, 22.8001422882, 54.8954811096, 56.8912658691, 65.2191162109, 104.800216675, 94.2105484009, 238.886657715, 269.987426758, 180.867416382, 289.981903076, 902.258728027, 1218.01550293, 260.30871582, 774.331970215, 533.972106934, 515.845825195, 1955.66467285, 800.183227539, 1075.56518555, 1444.84594727, 503.389556885, 432.293731689, 587.40222168, 280.253417969, 158.270828247, 161.952545166, 192.337463379, 169.794174194, 180.59564209, 296.703765869, 212.514694214, 109.583824158, 66.4032974243, 5.25797462463, 0.225876197219, 0.0100885201246, 0.00120774970856, 0.000335272517987, 0.000158250302775],
        "mean": [0.296374619007, 2.0869371891, 4.78283929825, 3.14347863197, 3.67308568954, 4.75075817108, 7.79449224472, 23.6121311188, 15.6557722092, 16.2634506226, 22.4253921509, 54.9236030579, 61.7381820679, 23.1710968018, 47.3653488159, 48.2216491699, 37.8787574768, 69.9711990356, 50.0223693848, 51.3211402893, 60.7963981628, 41.40650177, 33.7540168762, 31.3422756195, 25.2495384216, 17.4069080353, 14.0473098755, 13.3678970337, 10.7999505997, 8.69484233856, 6.71330595016, 6.31522941589, 4.00832366943, 1.1732738018, 0.0515860058367, 0.00258355773985, 0.000230226840358, 4.80254457216e-05, 2.9571898267e-05, 4.41250958829e-05],
        "median": [0.0810955017805, 1.28785562515, 3.36858534813, 1.83698487282, 1.86146235466, 2.32419514656, 4.68737316132, 14.3190011978, 10.055773735, 10.9720916748, 13.5530071259, 26.9484863281, 24.5974445343, 14.4054107666, 25.5518760681, 29.022277832, 17.2718105316, 28.1940193176, 29.2605838776, 22.110250473, 28.589422226, 24.2834033966, 25.0188274384, 24.2914199829, 21.470790863, 13.4325237274, 10.2978725433, 9.18548488617, 5.98140382767, 3.98542189598, 2.34521079063, 1.89917325974, 1.38924241066, 0.361482053995, 0.0108638582751, 0.000646924308967, 8.75055920915e-05, 2.02237279154e-05, 2.47452062467e-05, 4.38228853454e-05],
        "min": [6.40629977893e-22, 1.98669961545e-21, 9.00054739843e-21, 2.59947549791e-20, 1.3573863246e-19, 6.5303776786e-20, 6.90753584878e-20, 1.40431835536e-19, 4.36643829948e-19, 2.4060473896e-19, 1.04576019429e-18, 1.77116367709e-18, 3.88419158877e-18, 7.16664071478e-18, 7.22521006523e-18, 5.69451565043e-18, 3.30247744338e-18, 5.44792359725e-18, 8.75730158809e-18, 8.16949380992e-18, 6.81845227082e-18, 1.94444866828e-17, 1.55441613498e-17, 1.63836040877e-17, 1.51259967347e-17, 1.45479314898e-17, 1.46637648997e-17, 1.39974808425e-17, 1.58227276559e-17, 2.19889637302e-17, 1.39433418714e-17, 1.78811798452e-17, 1.290426571e-17, 9.52659444702e-18, 9.39705796309e-18, 5.628128616e-18, 2.52847192971e-18, 1.3256043911e-18, 3.4794246113e-19, 3.47605721072e-20],
        "var": [0.271925330162, 8.25130558014, 28.3426837921, 19.8146820068, 43.3583259583, 78.1317062378, 86.6807479858, 895.518554688, 449.770874023, 343.466705322, 788.561584473, 7517.58154297, 11779.3515625, 806.149902344, 4822.03125, 3620.01245117, 3381.27416992, 18674.8789062, 4242.56982422, 6523.66992188, 12300.1748047, 3434.5390625, 1407.21118164, 1293.17675781, 648.601623535, 325.767547607, 229.550796509, 282.253997803, 336.607513428, 278.95010376, 327.636077881, 352.881713867, 106.898361206, 14.3400688171, 0.047227025032, 9.57088413998e-05, 3.47896417452e-07, 1.14336167201e-08, 9.08387531862e-10, 7.06538327844e-10]
    },
    "gfcc": {
        "mean": [-2.52062249184, 120.985931396, -157.896636963, 60.9859695435, -70.4214782715, 30.6769714355, -25.7840270996, 4.2439198494, 1.97586011887, -12.6050806046, 9.18607711792, -17.7364616394, 7.59896421432],
        "cov": [[13370.8896484, -45.8671646118, -678.014404297, 653.394226074, -124.653396606, 29.9413394928, -294.322570801, 56.7635574341, -174.428237915, -43.4826049805, 49.1243934631, -36.4801902771, 58.8595314026], [-45.8671646118, 534.063110352, -135.65512085, -120.46975708, 105.375976562, -60.583190918, 72.9060287476, -72.4338378906, 47.7900733948, -29.6022853851, 76.0947036743, -36.8859672546, 34.2786331177], [-678.014404297, -135.65512085, 314.300933838, -12.5443477631, -60.6125984192, 59.897857666, -36.2075042725, 12.6121444702, -3.94944167137, 51.020236969, -16.6779899597, 27.196149826, 7.7980556488], [653.394226074, -120.46975708, -12.5443477631, 260.986083984, 46.3702964783, -42.5667800903, -35.5872116089, 28.2222328186, 9.06327342987, -31.1250553131, -27.1391849518, 5.79462194443, -1.4376180172], [-124.653396606, 105.375976562, -60.6125984192, 46.3702964783, 203.453048706, -5.33854341507, 48.5254592896, 18.8255748749, 41.8899917603, -13.7956972122, 13.0187683105, -16.043466568, 16.1511096954], [29.9413394928, -60.583190918, 59.897857666, -42.5667800903, -5.33854341507, 158.184951782, 47.8064537048, 7.71855974197, -4.09623908997, 34.1248321533, 15.4137992859, 0.726847827435, -9.93504905701], [-294.322570801, 72.9060287476, -36.2075042725, -35.5872116089, 48.5254592896, 47.8064537048, 147.637924194, 11.1557626724, 5.60805702209, -2.80850410461, 28.7955093384, -19.3553848267, -16.8347110748], [56.7635574341, -72.4338378906, 12.6121444702, 28.2222328186, 18.8255748749, 7.71855974197, 11.1557626724, 112.312103271, 27.8348789215, 3.4801440239, -27.0700378418, -12.991809845, 11.9097537994], [-174.428237915, 47.7900733948, -3.94944167137, 9.06327342987, 41.8899917603, -4.09623908997, 5.60805702209, 27.8348789215, 101.509544373, 12.5727739334, -9.39502429962, 0.469472587109, 22.4881019592], [-43.4826049805, -29.6022853851, 51.020236969, -31.1250553131, -13.7956972122, 34.1248321533, -2.80850410461, 3.4801440239, 12.5727739334, 77.4102630615, 18.7272434235, 4.48320913315, 16.5668678284], [49.1243934631, 76.0947036743, -16.6779899597, -27.1391849518, 13.0187683105, 15.4137992859, 28.7955093384, -27.0700378418, -9.39502429962, 18.7272434235, 75.2398452759, 17.8248653412, 0.410029411316], [-36.4801902771, -36.8859672546, 27.196149826, 5.79462194443, -16.043466568, 0.726847827435, -19.3553848267, -12.991809845, 0.469472587109, 4.48320913315, 17.8248653412, 63.5328216553, 27.487651825], [58.8595314026, 34.2786331177, 7.7980556488, -1.4376180172, 16.1511096954, -9.93504905701, -16.8347110748, 11.9097537994, 22.4881019592, 16.5668678284, 0.410029411316, 27.487651825, 71.9883270264]],
        "icov": [[0.000141445823829, -0.000225321680773, 0.000427594670327, -0.00052707089344, 0.000288646173431, -0.00046815443784, 0.000442829099484, -0.000279314408544, 0.000376024283469, -0.000226609190577, -9.64988212218e-05, 7.08713705535e-05, -0.000136631380883], [-0.000225321680773, 0.00676997518167, -0.00065029860707, 0.00355325010605, -0.00166228564922, 0.00302887125872, -0.00181699602399, 0.00463008135557, -0.00431195367128, 0.00579468719661, -0.00740947015584, 0.00814429670572, -0.00635210657492], [0.000427594670327, -0.00065029860707, 0.0056686126627, -0.00161600287538, 0.00137690186966, -0.00277658901177, 0.00204371917062, -0.00124519353267, 0.0014460592065, -0.00340437795967, 0.00167262530886, -0.00208719493821, 0.000424712197855], [-0.00052707089344, 0.00355325010605, -0.00161600287538, 0.00791291985661, -0.00314224767499, 0.00343214068562, -0.000856165483128, 0.00153239665087, -0.00277374940924, 0.00410923920572, -0.00176549179014, 0.00154974730685, -0.000863894820213], [0.000288646173431, -0.00166228564922, 0.00137690186966, -0.00314224767499, 0.00792132597417, -0.00159715907648, -0.000759333255701, -0.00136988400482, -0.00102010602131, 0.000268704054179, -0.00113140372559, 0.00154701888096, -0.00193237978965], [-0.00046815443784, 0.00302887125872, -0.00277658901177, 0.00343214068562, -0.00159715907648, 0.0111596705392, -0.00487326364964, 0.00177091069054, -0.00186874647625, -0.000638656667434, -0.0020341980271, 0.00133826606907, 7.02815941622e-06], [0.000442829099484, -0.00181699602399, 0.00204371917062, -0.000856165483128, -0.000759333255701, -0.00487326364964, 0.0118972184137, -0.00333160511218, 0.00130742031615, 0.000480841757962, -0.00316183478571, 0.00111487472896, 0.0021690747235], [-0.000279314408544, 0.00463008135557, -0.00124519353267, 0.00153239665087, -0.00136988400482, 0.00177091069054, -0.00333160511218, 0.01471070759, -0.00515945022926, 0.00326105114073, -0.000957602169365, 0.0074084084481, -0.00643401546404], [0.000376024283469, -0.00431195367128, 0.0014460592065, -0.00277374940924, -0.00102010602131, -0.00186874647625, 0.00130742031615, -0.00515945022926, 0.0156684275717, -0.00670502707362, 0.00659698201343, -0.00566161284223, 0.00143671082333], [-0.000226609190577, 0.00579468719661, -0.00340437795967, 0.00410923920572, 0.000268704054179, -0.000638656667434, 0.000480841757962, 0.00326105114073, -0.00670502707362, 0.0251751113683, -0.0138183264062, 0.0120856128633, -0.0109336869791], [-9.64988212218e-05, -0.00740947015584, 0.00167262530886, -0.00176549179014, -0.00113140372559, -0.0020341980271, -0.00316183478571, -0.000957602169365, 0.00659698201343, -0.0138183264062, 0.0306998621672, -0.0187267959118, 0.0108776725829], [7.08713705535e-05, 0.00814429670572, -0.00208719493821, 0.00154974730685, 0.00154701888096, 0.00133826606907, 0.00111487472896, 0.0074084084481, -0.00566161284223, 0.0120856128633, -0.0187267959118, 0.0364226289093, -0.0196197461337], [-0.000136631380883, -0.00635210657492, 0.000424712197855, -0.000863894820213, -0.00193237978965, 7.02815941622e-06, 0.0021690747235, -0.00643401546404, 0.00143671082333, -0.0109336869791, 0.0108776725829, -0.0196197461337, 0.0284674149007]]
    },
    "melbands": {
        "dmean": [0.00150928087533, 0.00125244411174, 0.000354108022293, 0.000252027646638, 0.000142994802445, 0.000252744997852, 0.000121407807455, 0.000102792670077, 0.000106712912384, 0.000227193362662, 0.000175765395397, 4.8663598136e-05, 6.90734159434e-05, 0.000126219805679, 3.31894189003e-05, 6.34182142676e-05, 7.80637346907e-05, 4.86300596094e-05, 4.74557164125e-05, 3.3969830838e-05, 4.41120100731e-05, 2.13999501284e-05, 1.8791643015e-05, 1.32219147417e-05, 1.12850530058e-05, 9.43490886129e-06, 6.8234248829e-06, 5.09943765792e-06, 4.16876400777e-06, 3.786631396e-06, 3.65078767572e-06, 3.4813840557e-06, 2.8267459129e-06, 2.54992755799e-06, 2.23250299314e-06, 2.26962674788e-06, 2.26952533922e-06, 1.8144137357e-06, 1.20001664072e-06, 4.49331565733e-07],
        "dmean2": [0.00247287307866, 0.00214277952909, 0.000611647148617, 0.000440844683908, 0.000236898908042, 0.000394580129068, 0.000195509623154, 0.000162448734045, 0.000171341467649, 0.000347471243003, 0.000255704158917, 7.58052192396e-05, 0.000104977400042, 0.000200040754862, 5.45751463505e-05, 0.000101127385278, 0.000125282836962, 8.16648243926e-05, 7.59472386562e-05, 5.41792614968e-05, 6.99622250977e-05, 3.49819238181e-05, 3.10371142405e-05, 2.09316294786e-05, 1.84839755093e-05, 1.55119687406e-05, 1.11414710773e-05, 8.08644563222e-06, 6.76512263453e-06, 6.02447244091e-06, 5.6213566495e-06, 5.18799470228e-06, 4.09718677474e-06, 3.77164928977e-06, 3.16982345794e-06, 3.38828863278e-06, 3.1034960557e-06, 2.73329374068e-06, 1.94450785784e-06, 7.3122998856e-07],
        "dvar": [1.24022626551e-05, 8.90278261068e-06, 6.19507488864e-07, 4.9642369504e-07, 7.49400754785e-08, 1.70803502897e-07, 5.47006848706e-08, 2.83261876177e-08, 3.84466716241e-08, 1.81286324619e-07, 1.03064877521e-07, 5.72997516102e-09, 2.4174841684e-08, 4.47456791619e-08, 3.5348659555e-09, 1.81077073336e-08, 3.58270000334e-08, 9.56844115052e-09, 8.54379500481e-09, 4.96462693178e-09, 1.11358380295e-08, 1.73419023586e-09, 1.03851682809e-09, 4.38614561338e-10, 5.2586368593e-10, 1.95117519364e-10, 1.0733341993e-10, 7.53605858272e-11, 4.70773940664e-11, 4.23298861241e-11, 5.98769298032e-11, 6.36698888057e-11, 4.1971943282e-11, 4.27887725252e-11, 4.7437654499e-11, 6.83762699238e-11, 5.30709642899e-11, 3.68066792322e-11, 1.49464225718e-11, 4.35493047873e-12],
        "dvar2": [3.15040670102e-05, 2.4244764063e-05, 1.71533997673e-06, 1.36366008974e-06, 2.0429482106e-07, 4.06501072803e-07, 1.50403536736e-07, 7.26217805891e-08, 8.83921842387e-08, 4.04497257023e-07, 1.88403404877e-07, 1.36534810125e-08, 4.41223342307e-08, 1.14372205928e-07, 8.8484881644e-09, 4.76328132493e-08, 9.97270390712e-08, 2.66522661718e-08, 2.10474500051e-08, 1.16062466304e-08, 2.65352930739e-08, 4.17335677128e-09, 2.69968425393e-09, 9.9351993299e-10, 1.28355770457e-09, 4.9621917686e-10, 2.76979439384e-10, 1.7474895142e-10, 1.11007744663e-10, 9.81380601783e-11, 1.12052159218e-10, 1.28426019819e-10, 7.81528383675e-11, 7.33338806347e-11, 8.58371984602e-11, 1.37385519627e-10, 9.56490373016e-11, 8.00006658142e-11, 3.22544317644e-11, 1.15204339124e-11],
        "max": [0.0310141965747, 0.0260260570794, 0.00954315066338, 0.00716659566388, 0.00357941328548, 0.00477666826919, 0.00357333291322, 0.00196579960175, 0.00218370044604, 0.00645077507943, 0.00620318204165, 0.00123420916498, 0.00331908743829, 0.00281452317722, 0.00109895132482, 0.00220251362771, 0.0035615186207, 0.00178314151708, 0.00106810720172, 0.00105110707227, 0.00179567874875, 0.000659045472275, 0.000422505399911, 0.000312963180477, 0.000555266509764, 0.000242008274654, 0.000163041011547, 0.000129603460664, 8.84008986759e-05, 8.16170795588e-05, 0.000136985370773, 0.000101570731204, 9.57184238359e-05, 0.00010629985627, 0.000171602383489, 0.000161505493452, 0.000127212508232, 9.75580187514e-05, 7.28367012925e-05, 5.05277785123e-05],
        "mean": [0.00265084975399, 0.00266872579232, 0.000584966037422, 0.000314504199196, 0.000260222470388, 0.000505188654643, 0.000233250728343, 0.000191355415154, 0.000193740037503, 0.00039443836431, 0.000303819746478, 8.69261784828e-05, 0.000129140098579, 0.000211829581531, 5.88317561778e-05, 0.000112609792268, 0.00012695514306, 8.13820588519e-05, 7.74655636633e-05, 5.6831719121e-05, 7.50321196392e-05, 4.10969223594e-05, 3.72177419194e-05, 2.66945826297e-05, 2.53536454693e-05, 2.16333919525e-05, 1.47806722453e-05, 1.06077804958e-05, 8.61036733113e-06, 8.34050024423e-06, 7.55618884796e-06, 6.27741019343e-06, 5.25312179889e-06, 4.6562395255e-06, 3.7782454001e-06, 3.91500361729e-06, 3.86609326597e-06, 3.03158003589e-06, 2.02437922781e-06, 5.96031441091e-07],
        "median": [0.00126372394152, 0.00204616319388, 0.000360398757039, 0.000158214068506, 0.000159049261129, 0.000314802891808, 0.000154724228196, 0.00013329590729, 0.000103103309812, 0.000195262196939, 0.000113043628517, 5.08656012244e-05, 5.98172955506e-05, 0.000114130896691, 3.36006633006e-05, 4.01974648412e-05, 5.13950399181e-05, 4.34118992416e-05, 3.30419752572e-05, 2.30574696616e-05, 3.41580343957e-05, 2.26987740461e-05, 2.4664142984e-05, 1.82605981536e-05, 1.89597740246e-05, 1.72789623321e-05, 1.13832911666e-05, 7.36539914215e-06, 6.22451125309e-06, 6.18146259512e-06, 4.86242788611e-06, 3.42768180417e-06, 2.63540459855e-06, 1.95157349481e-06, 1.29229567847e-06, 1.14803424367e-06, 1.09105644697e-06, 9.92787818177e-07, 7.41025758089e-07, 1.23421514786e-07],
        "min": [4.51817125237e-24, 3.78368100732e-24, 7.92685776206e-24, 8.89792818145e-24, 1.90233018433e-24, 3.40585923221e-24, 6.02212628513e-24, 2.73237653134e-24, 8.80865437053e-24, 1.29407117364e-23, 1.92451705506e-23, 2.81455725999e-23, 2.18657601669e-23, 2.11526141313e-23, 1.15322660656e-23, 4.80997681767e-24, 1.07928683168e-23, 1.38552847266e-23, 1.2132132464e-23, 1.00325286776e-23, 6.97688069442e-24, 1.90293176966e-23, 1.87900798499e-23, 1.10930638123e-23, 1.3735644504e-23, 1.20250840391e-23, 1.02028721461e-23, 9.78989241812e-24, 9.24384447725e-24, 9.17399952156e-24, 7.24316779272e-24, 8.90837427755e-24, 1.21555292896e-23, 1.05596329127e-23, 6.62734116048e-24, 1.15064545367e-23, 1.03010356305e-23, 7.33140346269e-24, 1.17480250452e-23, 6.44738739407e-24],
        "var": [1.71010160557e-05, 8.55969392433e-06, 5.91381592585e-07, 3.71777616692e-07, 9.84873480547e-08, 3.85679641113e-07, 8.54963246866e-08, 4.46166943391e-08, 7.38890832963e-08, 3.66032566035e-07, 2.95846405152e-07, 1.28477335437e-08, 6.64077361989e-08, 8.56399111626e-08, 7.22003612452e-09, 4.63805456263e-08, 5.91755480173e-08, 1.6860882468e-08, 1.55322705808e-08, 9.53575263196e-09, 2.16348059467e-08, 4.0171692639e-09, 2.22743912204e-09, 1.00884456344e-09, 9.67131374985e-10, 5.06714781245e-10, 2.64722133103e-10, 1.45728235035e-10, 8.99595051229e-11, 8.65252175464e-11, 1.15810187828e-10, 1.20501789103e-10, 8.53006623669e-11, 9.55979392869e-11, 1.05484933288e-10, 1.51658949288e-10, 1.34008415476e-10, 6.55131920935e-11, 3.28115069836e-11, 5.73096388054e-12]
    },
    "mfcc": {
        "mean": [-610.67590332, 110.319664001, -7.40709209442, 19.7127990723, 1.40093898773, 11.3419542313, 1.24196076393, 9.65972423553, 3.55679321289, 9.63465881348, 2.93050217628, 5.76451587677, -0.821627914906],
        "cov": [[9862.39550781, 57.9818229675, -426.550415039, 431.601928711, 64.2464294434, 3.5434885025, -0.794624626637, 25.5985050201, -100.526603699, -45.6228218079, -125.128189087, 28.5856933594, -143.369354248], [57.9818229675, 678.356201172, -153.040252686, -74.0518188477, -27.2483062744, 29.111322403, 29.780872345, -22.0654563904, -19.8036155701, 21.0953998566, 25.340303421, -0.224436610937, 18.7522163391], [-426.550415039, -153.040252686, 350.560241699, -82.2110366821, -26.4379749298, 14.5184402466, -27.5689525604, -36.7598571777, -1.11877739429, -14.4780197144, 7.9760093689, -12.1144628525, 18.6762447357], [431.601928711, -74.0518188477, -82.2110366821, 244.109176636, 72.0764160156, -31.4612998962, -26.1450634003, 23.7701721191, 24.3276386261, -12.5297574997, -47.9383087158, 34.1218032837, -6.3367638588], [64.2464294434, -27.2483062744, -26.4379749298, 72.0764160156, 144.45475769, -5.46845245361, -23.6879692078, 9.38407039642, 43.3045043945, 8.86156749725, -26.5229473114, 22.6307697296, 10.1004161835], [3.5434885025, 29.111322403, 14.5184402466, -31.4612998962, -5.46845245361, 119.44442749, 37.723941803, 8.11086845398, -20.6657466888, 17.4494113922, 26.1864299774, -9.83027458191, 2.74308490753], [-0.794624626637, 29.780872345, -27.5689525604, -26.1450634003, -23.6879692078, 37.723941803, 138.753326416, 22.4904499054, -20.669210434, 9.56367111206, 41.8542442322, -0.781611323357, -18.045923233], [25.5985050201, -22.0654563904, -36.7598571777, 23.7701721191, 9.38407039642, 8.11086845398, 22.4904499054, 95.8155441284, 13.9649858475, 16.7316703796, 2.33240675926, 7.41877126694, -7.21795415878], [-100.526603699, -19.8036155701, -1.11877739429, 24.3276386261, 43.3045043945, -20.6657466888, -20.669210434, 13.9649858475, 118.206756592, 31.216545105, -11.1516304016, 7.87693929672, 19.9814300537], [-45.6228218079, 21.0953998566, -14.4780197144, -12.5297574997, 8.86156749725, 17.4494113922, 9.56367111206, 16.7316703796, 31.216545105, 87.0192718506, 28.8329315186, 0.576478481293, -7.96721553802], [-125.128189087, 25.340303421, 7.9760093689, -47.9383087158, -26.5229473114, 26.1864299774, 41.8542442322, 2.33240675926, -11.1516304016, 28.8329315186, 82.9133071899, -3.5721848011, -12.3117456436], [28.5856933594, -0.224436610937, -12.1144628525, 34.1218032837, 22.6307697296, -9.83027458191, -0.781611323357, 7.41877126694, 7.87693929672, 0.576478481293, -3.5721848011, 66.1924667358, 15.8039722443], [-143.369354248, 18.7522163391, 18.6762447357, -6.3367638588, 10.1004161835, 2.74308490753, -18.045923233, -7.21795415878, 19.9814300537, -7.96721553802, -12.3117456436, 15.8039722443, 70.3201065063]],
