{
"lowlevel": {
    "average_loudness": 0.965029418468,
    "barkbands_crest": {
        "dmean": 1.84614515305,
        "dmean2": 3.07688522339,
        "dvar": 3.07435846329,
        "dvar2": 8.56014347076,
        "max": 22.4600906372,
        "mean": 9.50758171082,
        "median": 8.94655609131,
        "min": 4.24629497528,
        "var": 9.93926811218
    },
    "barkbands_flatness_db": {
        "dmean": 0.0219655148685,
        "dmean2": 0.032452698797,
        "dvar": 0.000406762381317,
        "dvar2": 0.000875563768204,
        "max": 0.347017198801,
        "mean": 0.215997546911,
        "median": 0.214540764689,
        "min": 0.0754103586078,
        "var": 0.00190122495405
    },
    "barkbands_kurtosis": {
        "dmean": 2.49971175194,
        "dmean2": 4.02598285675,
        "dvar": 11.7686414719,
        "dvar2": 33.2930145264,
        "max": 41.3741264343,
        "mean": 5.90366411209,
        "median": 4.57477712631,
        "min": -1.07185745239,
        "var": 31.8928508759
    },
    "barkbands_skewness": {
        "dmean": 0.413792848587,
        "dmean2": 0.65355861187,
        "dvar": 0.188503086567,
        "dvar2": 0.487784564495,
        "max": 5.62760925293,
        "mean": 1.7392629385,
        "median": 1.68888032436,
        "min": -1.52273523808,
        "var": 0.891629993916
    },
    "barkbands_spread": {
        "dmean": 2.82434391975,
        "dmean2": 4.16849374771,
        "dvar": 17.9742336273,
        "dvar2": 35.8220672607,
        "max": 67.6416244507,
        "mean": 11.5175218582,
        "median": 9.80224132538,
        "min": 2.04945540428,
        "var": 57.8167762756
    },
    "dissonance": {
        "dmean": 0.0281127206981,
        "dmean2": 0.0472381226718,
        "dvar": 0.000663299753796,
        "dvar2": 0.00176767713856,
        "max": 0.498415440321,
        "mean": 0.428521364927,
        "median": 0.435318559408,
        "min": 0.21886831522,
        "var": 0.00171036506072
    },
    "dynamic_complexity": 2.88455224037,
    "erbbands_crest": {
        "dmean": 1.96933603287,
        "dmean2": 3.08082008362,
        "dvar": 3.574903965,
        "dvar2": 8.46447944641,
        "max": 26.7429828644,
        "mean": 9.89932727814,
        "median": 9.30085945129,
        "min": 3.1039493084,
        "var": 12.9221515656
    },
    "erbbands_flatness_db": {
        "dmean": 0.0160674545914,
        "dmean2": 0.0212601404637,
        "dvar": 0.000264553440502,
        "dvar2": 0.000432039087173,
        "max": 0.36461058259,
        "mean": 0.202928185463,
        "median": 0.203626796603,
        "min": 0.101243086159,
        "var": 0.00166189123411
    },
    "erbbands_kurtosis": {
        "dmean": 0.989507555962,
        "dmean2": 1.49804210663,
        "dvar": 1.07426130772,
        "dvar2": 2.38472056389,
        "max": 12.0051164627,
        "mean": 1.89659297466,
        "median": 1.57106256485,
        "min": -1.77930164337,
        "var": 4.52843284607
    },
    "erbbands_skewness": {
        "dmean": 0.279678225517,
        "dmean2": 0.427234470844,
        "dvar": 0.0647812411189,
        "dvar2": 0.150804027915,
        "max": 2.84976553917,
        "mean": 0.958897411823,
        "median": 0.980209887028,
        "min": -0.751672565937,
        "var": 0.279339373112
    },
    "erbbands_spread": {
        "dmean": 7.13305139542,
        "dmean2": 10.1472158432,
        "dvar": 88.8074188232,
        "dvar2": 163.939834595,
        "max": 120.085281372,
        "mean": 30.8075904846,
        "median": 24.7201938629,
        "min": 5.18960428238,
        "var": 400.55758667
    },
    "hfc": {
        "dmean": 3.92532610893,
        "dmean2": 5.67482852936,
        "dvar": 29.344493866,
        "dvar2": 55.5294876099,
        "max": 75.795501709,
        "mean": 18.5764007568,
        "median": 15.7945194244,
        "min": 1.17541875353e-16,
        "var": 179.181991577
    },
    "melbands_crest": {
        "dmean": 2.36463475227,
        "dmean2": 4.06008625031,
        "dvar": 5.94209337234,
        "dvar2": 17.8037033081,
        "max": 25.8819084167,
        "mean": 12.1424531937,
        "median": 11.6128749847,
        "min": 2.53657269478,
        "var": 13.5099487305
    },
    "melbands_flatness_db": {
        "dmean": 0.0258558373898,
        "dmean2": 0.0354572050273,
        "dvar": 0.000648265995551,
        "dvar2": 0.00124203192536,
        "max": 0.450036078691,
        "mean": 0.273388653994,
        "median": 0.271501392126,
        "min": 0.0080428449437,
        "var": 0.00346769741736
    },
    "melbands_kurtosis": {
        "dmean": 5.60128164291,
        "dmean2": 8.96918964386,
        "dvar": 74.0335998535,
        "dvar2": 202.421539307,
        "max": 112.795005798,
        "mean": 13.0451412201,
        "median": 8.94838523865,
        "min": -1.04899966717,
        "var": 182.066482544
    },
    "melbands_skewness": {
        "dmean": 0.569363832474,
        "dmean2": 0.891201019287,
        "dvar": 0.398696184158,
        "dvar2": 1.016451478,
        "max": 8.04861164093,
        "mean": 2.4202709198,
        "median": 2.21326494217,
        "min": 0.104353912175,
        "var": 1.73770427704
    },
    "melbands_spread": {
        "dmean": 2.45347619057,
        "dmean2": 3.7814002037,
        "dvar": 16.1455039978,
        "dvar2": 27.4553947449,
        "max": 111.870803833,
        "mean": 11.4077014923,
        "median": 9.7761554718,
        "min": 1.99354457855,
        "var": 45.6046905518
    },
    "pitch_salience": {
        "dmean": 0.0549829266965,
        "dmean2": 0.0921655595303,
        "dvar": 0.00252682017162,
        "dvar2": 0.00714407116175,
        "max": 0.827456116676,
        "mean": 0.560443401337,
        "median": 0.561460614204,
        "min": 0.280079245567,
        "var": 0.00757451215759
    },
    "silence_rate_20dB": {
        "dmean": 0,
        "dmean2": 0,
        "dvar": 0,
        "dvar2": 0,
        "max": 1,
        "mean": 1,
        "median": 1,
        "min": 1,
        "var": 0
    },
    "silence_rate_30dB": {
        "dmean": 0.0294117648154,
        "dmean2": 0.0588690936565,
        "dvar": 0.0285472273827,
        "dvar2": 0.0662464499474,
        "max": 1,
        "mean": 0.973704576492,
        "median": 1,
        "min": 0,
        "var": 0.0256042163819
    },
    "silence_rate_60dB": {
        "dmean": 0.00928792543709,
        "dmean2": 0.018590239808,
        "dvar": 0.00920168776065,
        "dvar2": 0.0228920802474,
        "max": 1,
        "mean": 0.0634184032679,
        "median": 0,
        "min": 0,
        "var": 0.0593955330551
    },
    "spectral_centroid": {
        "dmean": 130.634292603,
        "dmean2": 195.080474854,
        "dvar": 112365.414062,
        "dvar2": 142617.625,
        "max": 11190.9863281,
        "mean": 679.863708496,
        "median": 607.409667969,
        "min": 250.258682251,
        "var": 169459.4375
    },
    "spectral_complexity": {
        "dmean": 2.30495357513,
        "dmean2": 3.62509679794,
        "dvar": 8.97976589203,
        "dvar2": 19.2613925934,
        "max": 42,
        "mean": 14.1136894226,
        "median": 14,
        "min": 0,
        "var": 35.5980682373
    },
    "spectral_decrease": {
        "dmean": 2.95246338489e-09,
        "dmean2": 4.8172101863e-09,
        "dvar": 2.21086137514e-17,
        "dvar2": 5.92690195192e-17,
        "max": -1.00761224128e-28,
        "mean": -1.23630181648e-08,
        "median": -1.17197478389e-08,
        "min": -5.79383652166e-08,
        "var": 5.42027037034e-17
    },
    "spectral_energy": {
        "dmean": 0.0113892359659,
        "dmean2": 0.0185305736959,
        "dvar": 0.000323158397805,
        "dvar2": 0.000864372996148,
        "max": 0.222740992904,
        "mean": 0.0483458563685,
        "median": 0.045970197767,
        "min": 1.10416955315e-20,
        "var": 0.000817514839582
    },
    "spectral_energyband_high": {
        "dmean": 0.000262320652837,
        "dmean2": 0.000350972288288,
        "dvar": 3.43223405253e-07,
        "dvar2": 6.10763038367e-07,
        "max": 0.00933098420501,
        "mean": 0.000461700110463,
        "median": 0.000138060117024,
        "min": 7.59711755137e-21,
        "var": 9.94638412521e-07
    },
    "spectral_energyband_low": {
        "dmean": 0.00769669562578,
        "dmean2": 0.0126219559461,
        "dvar": 0.000273166398983,
        "dvar2": 0.000743736803997,
        "max": 0.172954112291,
        "mean": 0.0217836555094,
        "median": 0.0183950327337,
        "min": 5.1461404261e-23,
        "var": 0.000395948940422
    },
    "spectral_energyband_middle_high": {
        "dmean": 0.000928573019337,
        "dmean2": 0.00132399809081,
        "dvar": 2.15012869376e-06,
        "dvar2": 4.3858490244e-06,
        "max": 0.0519254617393,
        "mean": 0.0046268152073,
        "median": 0.00179754919372,
        "min": 2.15536933561e-21,
        "var": 4.94885607623e-05
    },
    "spectral_energyband_middle_low": {
        "dmean": 0.00615189131349,
        "dmean2": 0.0103211812675,
        "dvar": 4.56029811176e-05,
        "dvar2": 0.000127171544591,
        "max": 0.0723645314574,
        "mean": 0.0234816558659,
        "median": 0.0228188093752,
        "min": 3.04378484048e-22,
        "var": 0.000172726315213
    },
    "spectral_entropy": {
        "dmean": 0.213488534093,
        "dmean2": 0.279861211777,
        "dvar": 0.0526225864887,
        "dvar2": 0.078014947474,
        "max": 9.80171489716,
        "mean": 6.96100759506,
        "median": 6.90409135818,
        "min": 5.39326381683,
        "var": 0.243192225695
    },
    "spectral_flux": {
        "dmean": 0.0219386909157,
        "dmean2": 0.0340922996402,
        "dvar": 0.000771509308834,
        "dvar2": 0.00176887179259,
        "max": 0.379549056292,
        "mean": 0.0789943262935,
        "median": 0.0712976530194,
        "min": 1.05079472901e-10,
        "var": 0.00237114587799
    },
    "spectral_kurtosis": {
        "dmean": 3.36734580994,
        "dmean2": 5.27212905884,
        "dvar": 17.0339813232,
        "dvar2": 36.6138267517,
        "max": 74.2497253418,
        "mean": 6.91125965118,
        "median": 5.18751239777,
        "min": -1.23550641537,
        "var": 53.1265716553
    },
    "spectral_rms": {
        "dmean": 0.000744276272599,
        "dmean2": 0.00120162230451,
        "dvar": 9.19027058899e-07,
        "dvar2": 2.40384429162e-06,
        "max": 0.0147413797677,
        "mean": 0.00646860385314,
        "median": 0.00669693760574,
        "min": 3.28213129418e-12,
        "var": 5.32392232344e-06
    },
    "spectral_rolloff": {
        "dmean": 144.515136719,
        "dmean2": 245.987823486,
        "dvar": 431430.34375,
        "dvar2": 653416.375,
        "max": 18690.8203125,
        "mean": 642.715393066,
        "median": 538.330078125,
        "min": 129.19921875,
        "var": 561413.8125
    },
    "spectral_skewness": {
        "dmean": 0.37428176403,
        "dmean2": 0.544649064541,
        "dvar": 0.138861835003,
        "dvar2": 0.260666251183,
        "max": 6.66475248337,
        "mean": 1.96482038498,
        "median": 1.89541268349,
        "min": -0.0501603670418,
        "var": 0.62758743763
    },
    "spectral_spread": {
        "dmean": 544205.9375,
        "dmean2": 712176.5625,
        "dvar": 1.54063850701e+12,
        "dvar2": 1.45783481958e+12,
        "max": 41646744,
        "mean": 3758276.75,
        "median": 3467942.5,
        "min": 1096792,
        "var": 3.29006527283e+12
    },
    "spectral_strongpeak": {
        "dmean": 0.375236302614,
        "dmean2": 0.66076785326,
        "dvar": 0.384566634893,
        "dvar2": 1.06661820412,
        "max": 6.60070896149,
        "mean": 0.799140512943,
        "median": 0.450429439545,
        "min": 2.01592786908e-09,
        "var": 1.09996724129
    },
    "zerocrossingrate": {
        "dmean": 0.00619043875486,
        "dmean2": 0.00707232439891,
        "dvar": 0.00017491421022,
        "dvar2": 0.000145448735566,
        "max": 0.4970703125,
        "mean": 0.030498130247,
        "median": 0.0263671875,
        "min": 0.0029296875,
        "var": 0.000486143137095
    },
    "barkbands": {
        "dmean": [0.000400099495891, 0.00459035625681, 0.0033451046329, 0.00273644924164, 0.00336719816551, 0.0013831279939, 0.00106587761547, 0.000772362865973, 0.00119036063552, 0.000476904591778, 0.000262865098193, 0.0002162004821, 0.000127603416331, 0.000188972378965, 6.54466784908e-05, 4.36820810137e-05, 4.75463057228e-05, 6.57028504065e-05, 3.84280647268e-05, 6.14043601672e-05, 5.70013944525e-05, 6.97824143572e-05, 5.26113362866e-05, 6.64247563691e-05, 1.41703658301e-05, 1.28085249074e-08, 1.98923344463e-09],
        "dmean2": [0.000620118575171, 0.00747876334935, 0.00554605061188, 0.00475020427257, 0.00565172173083, 0.00225814199075, 0.00170260539744, 0.00121418072376, 0.00177465123124, 0.000725841906387, 0.000375724717742, 0.000323434011079, 0.000204343377845, 0.000295753387036, 9.78226526058e-05, 6.49037319818e-05, 7.26860453142e-05, 9.70491528278e-05, 5.89133815083e-05, 8.99149599718e-05, 8.14799495856e-05, 9.60070174187e-05, 7.28240411263e-05, 9.26224529394e-05, 1.94335643755e-05, 1.84330559705e-08, 3.67756403108e-09],
        "dvar": [6.44762224056e-07, 8.1366764789e-05, 9.30326059461e-05, 1.23347927001e-05, 1.90323298739e-05, 4.26606538895e-06, 3.70002271666e-06, 3.28642363456e-06, 3.70528960048e-06, 1.2504294773e-06, 3.37475341894e-07, 3.01476347886e-07, 8.15089578055e-08, 2.01892419227e-07, 2.24383516212e-08, 6.02585004117e-09, 6.80084433213e-09, 1.1327943028e-08, 4.19747347991e-09, 9.06510422283e-09, 2.86297154872e-08, 2.4864313275e-08, 1.45015297548e-08, 3.0671174045e-08, 2.7265669722e-09, 1.92230146325e-15, 6.99607855401e-18],
        "dvar2": [1.53231235345e-06, 0.00022474754951, 0.000258264655713, 3.80273377232e-05, 5.51801094844e-05, 1.13823234642e-05, 9.96404742182e-06, 7.75911485107e-06, 8.67516064318e-06, 2.74758508567e-06, 7.28518784854e-07, 7.02111435658e-07, 1.98450408107e-07, 4.27965858307e-07, 4.4659962839e-08, 1.37690978619e-08, 1.54887977999e-08, 2.30978329796e-08, 8.59788951146e-09, 1.94543279264e-08, 6.18694997456e-08, 4.64334775074e-08, 2.9500615284e-08, 6.00670801987e-08, 4.86441242842e-09, 4.03246805793e-15, 2.1981950893e-17],
        "max": [0.0108770374209, 0.106342308223, 0.116116702557, 0.0308117754757, 0.0401908457279, 0.030895607546, 0.0243619512767, 0.031720880419, 0.0250066183507, 0.041131682694, 0.0132578536868, 0.0118988314644, 0.00569725502282, 0.0110039487481, 0.00347884325311, 0.00123102660291, 0.00116942380555, 0.00174044747837, 0.000745420809835, 0.00116594589781, 0.00368712679483, 0.00288154324517, 0.00162393972278, 0.00353710539639, 0.00122865487356, 9.37343713758e-07, 2.23745750816e-08],
        "mean": [0.000790784484707, 0.0140667846426, 0.00505668483675, 0.00429147854447, 0.0074451752007, 0.00332137802616, 0.0028749126941, 0.00196792697534, 0.00339395459741, 0.00172028760426, 0.000978666124865, 0.000516349216923, 0.000330378243234, 0.000524801085703, 0.000135410038638, 8.30660646898e-05, 9.70453183982e-05, 0.0001445467351, 6.80601369822e-05, 0.000133224995807, 8.36796898511e-05, 0.000122636702145, 7.44215212762e-05, 0.000102238271211, 2.1972504328e-05, 1.77345622632e-08, 1.58319624077e-09],
        "median": [0.000434596906416, 0.0115002756938, 0.00265107583255, 0.00292233517393, 0.00580674875528, 0.00221615401097, 0.00155253743287, 0.00109091959894, 0.00185514730401, 0.000260852481006, 0.000126589482534, 0.000195033673663, 9.61047553574e-05, 8.23462833068e-05, 4.59901420982e-05, 4.39811665274e-05, 4.66380042781e-05, 6.53221213724e-05, 3.70696070604e-05, 5.18726847076e-05, 1.65855926753e-05, 3.27808666043e-05, 1.77476995304e-05, 2.33890132222e-05, 2.01251100407e-06, 2.96902413766e-09, 6.02223659829e-10],
        "min": [5.32826474328e-24, 9.17516388026e-24, 3.61407725376e-23, 3.4264390355e-24, 3.31163492467e-23, 5.85204408744e-23, 1.92415023474e-23, 7.73398221737e-23, 8.06314484303e-23, 1.61521807321e-22, 6.93569095334e-23, 2.13891316701e-22, 8.57227125364e-23, 9.20650847946e-23, 3.02632741176e-22, 1.30131290097e-22, 1.76990397795e-22, 3.07799010177e-22, 4.51238131309e-22, 2.54952246259e-22, 3.08141565136e-22, 5.58810889903e-22, 8.83357303502e-22, 7.03594204775e-22, 1.03639106846e-21, 1.75101433124e-21, 2.50904276575e-21],
        "var": [1.39932660659e-06, 0.000165547098732, 8.01281639724e-05, 2.08120382013e-05, 4.29129504482e-05, 1.15716302389e-05, 1.07107862277e-05, 9.92242803477e-06, 1.4563815057e-05, 2.16284224734e-05, 4.32418801211e-06, 1.16793455618e-06, 4.03024046136e-07, 1.59157536928e-06, 7.65986456486e-08, 1.3779343e-08, 1.81606196747e-08, 3.89236625153e-08, 7.68565655562e-09, 3.01351228416e-08, 5.83826782474e-08, 7.2461816103e-08, 2.7479496012e-08, 7.80604594297e-08, 7.93030263679e-09, 4.5697084456e-15, 5.92451321975e-18]
    },
    "erbbands": {
        "dmean": [0.130850166082, 1.13916254044, 3.77848100662, 5.91835308075, 11.4157733917, 11.0161094666, 9.90052986145, 10.9109926224, 14.9512176514, 13.5464258194, 19.4366035461, 26.492099762, 14.765291214, 9.1376657486, 11.8209152222, 7.29555845261, 4.75887823105, 7.00692224503, 6.94668149948, 2.55297994614, 2.5081486702, 2.63935208321, 3.7619342804, 1.88643264771, 2.174243927, 3.07398295403, 1.92141389847, 2.68840360641, 2.7408721447, 1.78303003311, 1.57849752903, 1.39459347725, 1.07898211479, 0.320255607367, 0.0172840878367, 0.000803147209808, 5.3160751122e-05, 8.71323663887e-06, 6.48495642963e-06, 1.27982002596e-05],
        "dmean2": [0.206462547183, 1.87774324417, 6.23047542572, 10.2341976166, 19.6434364319, 18.5740432739, 16.0600681305, 17.6089096069, 24.673078537, 20.862575531, 29.6006736755, 39.2140922546, 21.8002357483, 13.2299633026, 16.8868236542, 10.9595241547, 7.30961322784, 10.9962930679, 10.6512832642, 3.75801706314, 3.73841142654, 3.96893072128, 5.58891534805, 2.83073806763, 3.24601364136, 4.47780370712, 2.7975795269, 3.860922575, 3.8852519989, 2.43639421463, 2.21807813644, 1.95216071606, 1.50318872929, 0.424899846315, 0.022494552657, 0.00104352214839, 7.04905905877e-05, 1.17105428217e-05, 9.87753173831e-06, 2.06089553103e-05],
        "dvar": [0.0764508843422, 5.10625362396, 106.837120056, 86.8876037598, 262.55090332, 296.592529297, 214.503265381, 258.298736572, 881.127319336, 1392.94519043, 1460.14526367, 1805.42358398, 949.879455566, 388.165466309, 839.668945312, 446.094573975, 73.6773452759, 336.384490967, 243.68208313, 25.1264801025, 17.9969863892, 20.4769763947, 39.5198516846, 10.7107391357, 12.8945417404, 23.7079906464, 21.2655410767, 65.8263320923, 40.7633743286, 16.1836452484, 14.6405630112, 10.4595222473, 10.0386505127, 1.32837581635, 0.00539886625484, 1.07934883999e-05, 2.95026136854e-08, 5.55192058993e-10, 9.24965035121e-11, 3.87973708715e-10],
        "dvar2": [0.204884380102, 14.5450639725, 297.43347168, 258.354064941, 813.344665527, 855.618530273, 579.249145508, 642.547790527, 2551.34887695, 3401.60449219, 3308.65332031, 4272.64697266, 1951.59008789, 795.038146973, 1834.03723145, 1064.72473145, 162.164413452, 729.402709961, 540.009460449, 53.2358894348, 42.8515853882, 48.1828041077, 81.6663513184, 21.1204605103, 28.82604599, 49.4034767151, 49.2599563599, 137.501373291, 83.1458511353, 29.6533184052, 31.4083042145, 19.8509044647, 20.8796005249, 2.35970830917, 0.0095288855955, 1.90526789083e-05, 5.051834151e-08, 9.55109547007e-10, 2.11690678875e-10, 1.02440445016e-09],
        "max": [2.83712053299, 25.8399562836, 123.852676392, 108.06829071, 134.018203735, 207.891387939, 158.121032715, 235.053604126, 422.435516357, 945.471801758, 674.710083008, 558.497802734, 951.673278809, 634.109924316, 627.602294922, 475.384399414, 170.549591064, 305.155395508, 354.891693115, 101.733551025, 69.9615936279, 68.5484313965, 110.966049194, 54.8376502991, 49.3409194946, 67.2385101318, 78.978187561, 172.738739014, 131.846862793, 72.1104660034, 53.5836639404, 50.6380767822, 72.4024581909, 25.9873352051, 1.67347466946, 0.0753660351038, 0.00386822642758, 0.000490768463351, 0.00012109328236, 0.000245494622504],
        "mean": [0.417534857988, 3.06813955307, 6.41217517853, 10.0083818436, 21.3271617889, 23.8840293884, 24.0363864899, 29.0139484406, 41.5989112854, 35.5891990662, 60.2977676392, 75.7143173218, 51.7524185181, 32.5866279602, 46.4434623718, 19.2600002289, 13.5730466843, 19.6877479553, 20.3197574615, 5.76980829239, 5.03021669388, 5.98251342773, 8.68926048279, 3.84601306915, 4.64058876038, 6.54709911346, 2.92831993103, 4.04215335846, 4.62066602707, 2.97642326355, 2.15093445778, 1.99568116665, 1.68929338455, 0.518726766109, 0.025701707229, 0.00123786868062, 9.90148400888e-05, 1.64733191923e-05, 2.6195521059e-05, 5.51146949874e-05],
        "median": [0.317124068737, 2.21900081635, 4.09534025192, 7.00351381302, 16.2171230316, 16.1550502777, 15.1670598984, 19.7701740265, 21.5714073181, 20.2364521027, 31.7437076569, 43.3682403564, 12.8722505569, 7.23224544525, 8.70444869995, 7.37710237503, 5.24419116974, 3.95779490471, 4.6184720993, 2.10780000687, 2.74264931679, 2.98176908493, 4.02458143234, 2.31560921669, 2.31188201904, 2.55473041534, 0.901616096497, 0.864585161209, 1.1758877039, 0.823733210564, 0.500027358532, 0.44355365634, 0.365531742573, 0.0616672188044, 0.00188526441343, 0.000147510232637, 3.16837031278e-05, 6.42084887659e-06, 2.3989679903e-05, 5.31187761226e-05],
        "min": [1.9203825404e-22, 3.42133089293e-21, 3.58173890438e-20, 2.28943673365e-20, 5.175642274e-20, 7.99084259825e-20, 3.71672101555e-19, 4.82126200833e-19, 3.45147572936e-19, 1.1223957897e-18, 9.64358177387e-19, 2.34813476885e-18, 3.30636829419e-18, 4.3533390673e-18, 5.69704103284e-18, 7.36901045164e-18, 3.93409953103e-18, 5.20950243416e-18, 9.81263681156e-18, 1.2886747679e-17, 7.99409429694e-18, 1.01863685928e-17, 1.57219621681e-17, 2.25689893932e-17, 1.95716905174e-17, 1.25339096528e-17, 1.04946439179e-17, 1.44027447487e-17, 2.18514598426e-17, 1.98512097356e-17, 2.51291018085e-17, 1.75771529197e-17, 1.18566753786e-17, 9.96715001409e-18, 8.48526587286e-18, 7.17949344714e-18, 3.15333222945e-18, 1.36267841936e-18, 3.26599650362e-19, 3.71259984664e-20],
        "var": [0.142761796713, 9.6048374176, 94.309173584, 110.591529846, 379.923065186, 659.091674805, 667.590881348, 881.868591309, 2545.31542969, 2680.55639648, 6018.73974609, 7052.41894531, 12090.3769531, 4568.20263672, 9664.03417969, 1392.62976074, 423.648864746, 1961.6550293, 1995.24511719, 94.7701950073, 39.0732345581, 56.0630912781, 142.418792725, 22.3868045807, 37.1107025146, 79.6774673462, 38.2750320435, 137.540847778, 105.612442017, 41.0464706421, 25.2047214508, 22.9145259857, 26.0857315063, 3.96274113655, 0.0149979451671, 3.03130618704e-05, 9.2413522168e-08, 1.78023651376e-09, 2.90897667066e-10, 1.0338624401e-09]
    },
    "gfcc": {
        "mean": [-35.49477005, 166.584655762, -117.204536438, 51.5088996887, -76.6193008423, 15.4331846237, -24.6395397186, -1.88458395004, 1.65313887596, -22.0867404938, 9.89880752563, -22.9137573242, 4.03837013245],
        "cov": [[10793.7597656, -729.864624023, -639.160827637, 815.342956543, -552.689880371, 850.290222168, 21.7343082428, 47.3801078796, -69.0009765625, -5.06312513351, 29.5773029327, -105.421630859, 231.571456909], [-729.864624023, 843.731811523, -21.8173313141, -321.001373291, 312.508514404, -207.491271973, 155.697769165, -90.6179275513, 73.9308395386, -99.8415756226, 119.582710266, -8.88061904907, -35.456111908], [-639.160827637, -21.8173313141, 335.77722168, 60.3104858398, 27.4418334961, -44.0112419128, -44.0729293823, 25.7124042511, 11.4681501389, 38.9750137329, -4.03101444244, 24.7659568787, -1.29808831215], [815.342956543, -321.001373291, 60.3104858398, 401.152984619, -57.465587616, 32.2905845642, -109.758964539, 18.3191452026, 33.976436615, 40.0717773438, -38.6475830078, 6.44026041031, 50.3323745728], [-552.689880371, 312.508514404, 27.4418334961, -57.465587616, 274.164886475, -108.447151184, 9.40888214111, -41.0455093384, 64.8729629517, -7.17766427994, 20.7217597961, 2.31252837181, 0.242032766342], [850.290222168, -207.491271973, -44.0112419128, 32.2905845642, -108.447151184, 225.174880981, 32.9069328308, 21.5134792328, -44.3550338745, 14.4208908081, -18.1179733276, -17.0184192657, 13.0182209015], [21.7343082428, 155.697769165, -44.0729293823, -109.758964539, 9.40888214111, 32.9069328308, 173.37147522, 4.48449325562, -18.8924121857, -44.815826416, 35.7539672852, 3.59922170639, -15.9897069931], [47.3801078796, -90.6179275513, 25.7124042511, 18.3191452026, -41.0455093384, 21.5134792328, 4.48449325562, 80.1373672485, 1.11791563034, 8.32746315002, 1.17414724827, 3.80843949318, 0.488198876381], [-69.0009765625, 73.9308395386, 11.4681501389, 33.976436615, 64.8729629517, -44.3550338745, -18.8924121857, 1.11791563034, 95.3998184204, 30.2888355255, -1.16809308529, -4.2591252327, -4.66698598862], [-5.06312513351, -99.8415756226, 38.9750137329, 40.0717773438, -7.17766427994, 14.4208908081, -44.815826416, 8.32746315002, 30.2888355255, 90.0933303833, -14.4578781128, -12.5099411011, 0.204698100686], [29.5773029327, 119.582710266, -4.03101444244, -38.6475830078, 20.7217597961, -18.1179733276, 35.7539672852, 1.17414724827, -1.16809308529, -14.4578781128, 81.4581222534, 13.2271928787, -2.41988325119], [-105.421630859, -8.88061904907, 24.7659568787, 6.44026041031, 2.31252837181, -17.0184192657, 3.59922170639, 3.80843949318, -4.2591252327, -12.5099411011, 13.2271928787, 63.2125053406, 15.5734462738], [231.571456909, -35.456111908, -1.29808831215, 50.3323745728, 0.242032766342, 13.0182209015, -15.9897069931, 0.488198876381, -4.66698598862, 0.204698100686, -2.41988325119, 15.5734462738, 48.0474815369]],
        "icov": [[0.000274341349723, -0.00082995055709, 0.000546257244423, -0.000932549941353, 0.000632562558167, -0.00114965334069, 0.000329092057655, -0.000407733576139, 0.000312620133627, -0.000390079221688, 7.99057161203e-05, -6.33297240711e-05, -0.000464477052446], [-0.00082995055709, 0.0130431782454, -0.00343513581902, 0.00833758991212, -0.00706509314477, 0.00746462773532, -0.00553187122568, 0.00808240380138, -0.00914073828608, 0.00952656939626, -0.00892363395542, 0.00684475712478, -0.00270819524303], [0.000546257244423, -0.00343513581902, 0.0050985943526, -0.00344094703905, 0.00131964380853, -0.00226049590856, 0.00169090845156, -0.00338007183746, 0.00333943520673, -0.00408960552886, 0.00177957024425, -0.00301720760763, 0.00118690368254], [-0.000932549941353, 0.00833758991212, -0.00344094703905, 0.0100171593949, -0.00375641020946, 0.00534407189116, -0.00165214855224, 0.00488409120589, -0.00770409731194, 0.00625651190057, -0.00429312558845, 0.00398421101272, -0.00425035599619], [0.000632562558167, -0.00706509314477, 0.00131964380853, -0.00375641020946, 0.010107579641, -0.00283418246545, 0.00238048727624, -0.00164925958961, 0.000533949467354, -0.0039876117371, 0.00383548391983, -0.00236902153119, -0.00173579459079], [-0.00114965334069, 0.00746462773532, -0.00226049590856, 0.00534407189116, -0.00283418246545, 0.0133080510423, -0.00561323948205, 0.00354109192267, -0.00191027659457, 0.00221879477613, -0.00245363335125, 0.00455757509917, -0.00190121610649], [0.000329092057655, -0.00553187122568, 0.00169090845156, -0.00165214855224, 0.00238048727624, -0.00561323948205, 0.0115245552734, -0.00441944831982, 0.0030935369432, -0.000235842337133, 0.00111565331463, -0.00352050201036, 0.00299592129886], [-0.000407733576139, 0.00808240380138, -0.00338007183746, 0.00488409120589, -0.00164925958961, 0.00354109192267, -0.00441944831982, 0.0197229497135, -0.00806305930018, 0.00571434246376, -0.00650262553245, 0.00387179944664, -0.00229048752226], [0.000312620133627, -0.00914073828608, 0.00333943520673, -0.00770409731194, 0.000533949467354, -0.00191027659457, 0.0030935369432, -0.00806305930018, 0.0239107329398, -0.0131736788899, 0.00708710262552, -0.00547910248861, 0.00604647491127], [-0.000390079221688, 0.00952656939626, -0.00408960552886, 0.00625651190057, -0.0039876117371, 0.00221879477613, -0.000235842337133, 0.00571434246376, -0.0131736788899, 0.0237422157079, -0.00690736062825, 0.00801056995988, -0.00279715843499], [7.99057161203e-05, -0.00892363395542, 0.00177957024425, -0.00429312558845, 0.00383548391983, -0.00245363335125, 0.00111565331463, -0.00650262553245, 0.00708710262552, -0.00690736062825, 0.0217562280595, -0.00805415399373, 0.00308209611103], [-6.33297240711e-05, 0.00684475712478, -0.00301720760763, 0.00398421101272, -0.00236902153119, 0.00455757509917, -0.00352050201036, 0.00387179944664, -0.00547910248861, 0.00801056995988, -0.00805415399373, 0.0241287648678, -0.0101255355403], [-0.000464477052446, -0.00270819524303, 0.00118690368254, -0.00425035599619, -0.00173579459079, -0.00190121610649, 0.00299592129886, -0.00229048752226, 0.00604647491127, -0.00279715843499, 0.00308209611103, -0.0101255355403, 0.0311179812998]]
    },
    "melbands": {
        "dmean": [0.00113382784184, 0.00176602287684, 0.00116571935359, 0.000834614038467, 0.000351642171154, 0.000252650759649, 0.000215237305383, 0.000153237488121, 0.000187310637557, 0.000151109197759, 7.79387191869e-05, 4.42190357717e-05, 3.71515743609e-05, 2.7011932616e-05, 1.79129037861e-05, 1.1754089428e-05, 1.40505007948e-05, 1.4887836187e-05, 4.72687452202e-06, 2.6929485557e-06, 3.26213853441e-06, 2.72087436315e-06, 3.907372502e-06, 2.98718191516e-06, 1.5297733853e-06, 1.52620611971e-06, 2.01027683033e-06, 2.15335717257e-06, 1.1781203284e-06, 1.36529695283e-06, 1.6745090079e-06, 1.60858110121e-06, 1.35732796025e-06, 8.82665460722e-07, 9.39913604725e-07, 8.50432513744e-07, 8.86576117409e-07, 8.29029715987e-07, 5.59992940907e-07, 1.88270220747e-07],
        "dmean2": [0.00181340170093, 0.0029343990609, 0.00200819387101, 0.00140706100501, 0.000574281846639, 0.000409429805586, 0.000353206938598, 0.000238062842982, 0.000283739471342, 0.000224100469495, 0.000115524613648, 6.40972721158e-05, 5.38840722584e-05, 3.85706443922e-05, 2.59836197074e-05, 1.90899718291e-05, 2.19574922085e-05, 2.28604239965e-05, 6.95593143973e-06, 3.93990876546e-06, 4.98390681969e-06, 4.1938396862e-06, 5.82709981245e-06, 4.56799989479e-06, 2.3305663035e-06, 2.35132256421e-06, 3.01817567561e-06, 3.17531794281e-06, 1.78647849225e-06, 1.9766200694e-06, 2.40482108893e-06, 2.33647620007e-06, 1.90315154214e-06, 1.2336747659e-06, 1.34349954806e-06, 1.21820721688e-06, 1.25247800042e-06, 1.16503940717e-06, 8.11951622381e-07, 2.48500867883e-07],
        "dvar": [5.31531759407e-06, 1.90959453903e-05, 2.77233743873e-06, 1.23127824736e-06, 2.74738823691e-07, 1.34704166044e-07, 1.69875079337e-07, 1.67233380921e-07, 1.14631475867e-07, 5.71048026643e-08, 2.72068323426e-08, 1.01715844636e-08, 7.66429142374e-09, 4.63302729514e-09, 2.15870588072e-09, 9.46304368199e-10, 1.23618570935e-09, 1.21097054606e-09, 1.16064019506e-10, 3.06813220663e-11, 3.23605205133e-11, 2.41367984627e-11, 4.13029610513e-11, 2.43151627305e-11, 7.32167017986e-12, 7.05795187919e-12, 9.8599019574e-12, 1.34289359147e-11, 7.48196123113e-12, 1.51012483768e-11, 2.639144632e-11, 1.46399906087e-11, 1.06681798812e-11, 3.81750707434e-12, 5.97466607438e-12, 3.60853512869e-12, 4.6012503703e-12, 5.634413075e-12, 3.68771419651e-12, 6.36483975334e-13],
        "dvar2": [1.43442866829e-05, 5.33978673047e-05, 8.2755141193e-06, 3.53162636202e-06, 7.62230342843e-07, 3.45967464455e-07, 4.93255754463e-07, 4.1616746671e-07, 2.62255298367e-07, 1.34503821414e-07, 5.76021150778e-08, 2.02950687367e-08, 1.72983902758e-08, 1.04144293189e-08, 3.433510809e-09, 2.24176766039e-09, 2.6542317233e-09, 2.65335287075e-09, 2.35087588285e-10, 6.43554168289e-11, 7.78913808452e-11, 5.9276035469e-11, 8.79886719041e-11, 5.31414148797e-11, 1.53641977613e-11, 1.59879002398e-11, 2.22392642496e-11, 2.90639196737e-11, 1.79633842523e-11, 3.31196285674e-11, 5.58420219787e-11, 3.11130010644e-11, 2.11560404612e-11, 6.94579723598e-12, 1.33397589849e-11, 7.45958156356e-12, 8.62915901928e-12, 1.19823317934e-11, 7.67119440886e-12, 1.22401980045e-12],
        "max": [0.025699922815, 0.0493201799691, 0.0162925291806, 0.0105526354164, 0.00631493842229, 0.00531478179619, 0.00565810734406, 0.0100010074675, 0.00674986746162, 0.00301134376787, 0.00536180101335, 0.00340709974989, 0.00194464402739, 0.00161089655012, 0.00126289273612, 0.000577277096454, 0.000738286413252, 0.000875550089404, 0.000201805043616, 0.000127974504721, 9.31599497562e-05, 8.07827163953e-05, 0.000102647492895, 6.31003422313e-05, 4.56300949736e-05, 3.59895566362e-05, 4.61940871901e-05, 4.5101831347e-05, 3.84840932384e-05, 8.23256777949e-05, 9.8644712125e-05, 7.77471868787e-05, 5.32889243914e-05, 3.06241454382e-05, 3.81740792363e-05, 2.4987712095e-05, 3.80144592782e-05, 5.13825725648e-05, 3.78198819817e-05, 1.96483160835e-05],
        "mean": [0.00385782495141, 0.00366555666551, 0.00207491917536, 0.00179003411904, 0.000875148689374, 0.000666170846671, 0.000599973252974, 0.000392958492739, 0.000579695857596, 0.000423073070124, 0.000266229122644, 0.000152828666614, 0.000143623517943, 7.72366838646e-05, 3.97130315832e-05, 3.18463135045e-05, 3.8362446503e-05, 4.18023228121e-05, 9.76822684606e-06, 5.0901880968e-06, 6.08315394857e-06, 5.4982160691e-06, 8.82236599864e-06, 6.10709639659e-06, 2.69231441052e-06, 2.75500133284e-06, 4.48172886536e-06, 4.25440339313e-06, 1.61734305948e-06, 1.93750520339e-06, 2.4485962058e-06, 2.63327092398e-06, 2.33382206716e-06, 1.37975212056e-06, 1.25010922147e-06, 1.12493785309e-06, 1.26316751903e-06, 1.26302984427e-06, 9.04281989733e-07, 2.72305442195e-07],
        "median": [0.00316675030626, 0.00256110681221, 0.00155778019689, 0.00139319279697, 0.00055099662859, 0.000482553150505, 0.000320793420542, 0.000211999125895, 0.000310371047817, 0.000239931396209, 5.68381401536e-05, 3.13162054226e-05, 2.49703916779e-05, 2.31614940276e-05, 1.39684489113e-05, 7.79420497565e-06, 6.77042817188e-06, 7.65877030062e-06, 3.16726072924e-06, 2.2529279704e-06, 3.1920899346e-06, 2.72536090051e-06, 3.50168375007e-06, 2.95098379866e-06, 1.43714180467e-06, 1.30905334572e-06, 1.86816578207e-06, 1.47455716615e-06, 4.77410992517e-07, 3.41293286965e-07, 5.0388746331e-07, 6.34019784229e-07, 6.06008484283e-07, 3.72810035287e-07, 2.83840449811e-07, 2.15662154801e-07, 2.77827723494e-07, 2.76699296364e-07, 1.27994113086e-07, 1.87330559953e-08],
        "min": [3.10262819999e-24, 1.34631672142e-23, 4.88902975227e-24, 4.82252088935e-24, 1.10793084447e-23, 1.09521551108e-23, 4.74592012887e-24, 1.53140368462e-23, 6.22589970657e-24, 1.55488428724e-23, 1.71896814438e-23, 1.86264511654e-23, 1.46657903973e-23, 2.94479251564e-23, 7.82246227645e-24, 8.60108850028e-24, 9.73382412928e-24, 1.14077696152e-23, 2.82660221938e-23, 7.33221914487e-24, 1.01539824915e-23, 9.1377245417e-24, 1.31193721653e-23, 1.49119086889e-23, 1.89302667436e-23, 1.60988998044e-23, 1.33173336541e-23, 6.86245957556e-24, 5.19858981553e-24, 6.86766447981e-24, 8.93964709042e-24, 1.42382340976e-23, 8.08997210916e-24, 1.30844453488e-23, 1.43515697438e-23, 1.30626648992e-23, 1.02232760334e-23, 8.51188016482e-24, 7.98787063105e-24, 8.04895528639e-24],
        "var": [1.18296802611e-05, 1.90184964595e-05, 3.87115051126e-06, 2.46625381806e-06, 8.80387119651e-07, 4.22837047154e-07, 4.95109929943e-07, 3.39127240068e-07, 5.09311746555e-07, 2.24744567845e-07, 3.74107145262e-07, 1.3572746127e-07, 8.92939198138e-08, 2.01172696279e-08, 8.47886028055e-09, 4.5442578589e-09, 7.98842059169e-09, 1.01623536253e-08, 4.23121315762e-10, 7.75688263621e-11, 6.29323537726e-11, 5.72013998668e-11, 1.6147341797e-10, 6.57671556104e-11, 1.38754103693e-11, 1.41336907455e-11, 3.84976842072e-11, 3.82601485216e-11, 1.07250874848e-11, 3.23631121901e-11, 5.23403959063e-11, 3.47276131463e-11, 2.74309203824e-11, 8.86005331602e-12, 9.33452794227e-12, 6.49083261098e-12, 1.02482883291e-11, 1.38952746878e-11, 9.68743054525e-12, 1.5829800578e-12]
    },
    "mfcc": {
        "mean": [-659.747558594, 159.610931396, 28.1273136139, 24.8076953888, -2.85297608376, 3.82732868195, -2.6529378891, 10.3598108292, -3.5018184185, 7.37330675125, 2.55773425102, 2.86904621124, -6.09107208252],
        "cov": [[7914.35839844, -452.725769043, -120.673904419, -69.184463501, -176.210510254, 329.884918213, 121.137290955, 227.653762817, 107.687828064, 103.702896118, -76.7026367188, -67.8598403931, -42.5459442139], [-452.725769043, 1332.08129883, -302.184997559, -46.0947647095, 15.8597049713, -24.3856487274, 93.4893112183, 109.65486145, -110.042549133, 21.0198554993, 51.1618499756, -13.8929738998, 26.6333770752], [-120.673904419, -302.184997559, 351.774902344, 63.5788574219, 5.97495412827, -20.0026073456, -22.9301986694, -37.8207015991, 33.7679748535, -8.99219322205, -10.8791847229, 49.8940963745, -0.775594890118], [-69.184463501, -46.0947647095, 63.5788574219, 293.782714844, 128.181869507, -29.0730457306, -89.649848938, -29.058599472, 18.1858215332, -7.21789979935, -31.7286872864, 54.9577102661, 15.7727041245], [-176.210510254, 15.8597049713, 5.97495412827, 128.181869507, 209.032653809, -7.47698640823, -70.8522720337, -59.6731262207, 16.6052303314, 7.17776823044, 12.7802600861, 22.5244178772, -16.5492248535], [329.884918213, -24.3856487274, -20.0026073456, -29.0730457306, -7.47698640823, 115.000495911, 24.3443031311, -1.95045518875, 23.5406913757, 1.68462383747, 21.71342659, -12.2663230896, -28.7679538727], [121.137290955, 93.4893112183, -22.9301986694, -89.649848938, -70.8522720337, 24.3443031311, 138.027786255, 61.6047058105, -16.8789691925, -0.285611569881, -12.3612384796, -14.5428724289, 12.7495946884], [227.653762817, 109.65486145, -37.8207015991, -29.058599472, -59.6731262207, -1.95045518875, 61.6047058105, 127.143623352, -10.6383495331, -8.94077110291, -27.0859851837, -7.29785633087, 36.4607124329], [107.687828064, -110.042549133, 33.7679748535, 18.1858215332, 16.6052303314, 23.5406913757, -16.8789691925, -10.6383495331, 83.9230422974, 3.12866473198, 18.423248291, -0.361230105162, -13.4232473373], [103.702896118, 21.0198554993, -8.99219322205, -7.21789979935, 7.17776823044, 1.68462383747, -0.285611569881, -8.94077110291, 3.12866473198, 73.9656448364, 19.098531723, -2.13900661469, -9.02826976776], [-76.7026367188, 51.1618499756, -10.8791847229, -31.7286872864, 12.7802600861, 21.71342659, -12.3612384796, -27.0859851837, 18.423248291, 19.098531723, 109.330795288, 0.252640068531, -27.0557918549], [-67.8598403931, -13.8929738998, 49.8940963745, 54.9577102661, 22.5244178772, -12.2663230896, -14.5428724289, -7.29785633087, -0.361230105162, -2.13900661469, 0.252640068531, 84.6998214722, 15.2102813721], [-42.5459442139, 26.6333770752, -0.775594890118, 15.7727041245, -16.5492248535, -28.7679538727, 12.7495946884, 36.4607124329, -13.4232473373, -9.02826976776, -27.0557918549, 15.2102813721, 79.9266433716]],
