{
"lowlevel": {
    "average_loudness": 0.975707948208,
    "barkbands_crest": {
        "dmean": 2.81259465218,
        "dmean2": 4.76693964005,
        "dvar": 8.20946311951,
        "dvar2": 22.7227458954,
        "max": 22.4674797058,
        "mean": 7.73377513885,
        "median": 6.97815036774,
        "min": 2.27054977417,
        "var": 10.9305610657
    },
    "barkbands_flatness_db": {
        "dmean": 0.020267944783,
        "dmean2": 0.0334084257483,
        "dvar": 0.000383788981708,
        "dvar2": 0.000975272094365,
        "max": 0.273418843746,
        "mean": 0.133029088378,
        "median": 0.127582281828,
        "min": 0.0650855749846,
        "var": 0.000887645175681
    },
    "barkbands_kurtosis": {
        "dmean": 1.68278098106,
        "dmean2": 2.8285779953,
        "dvar": 7.65433549881,
        "dvar2": 19.9757213593,
        "max": 30.7385292053,
        "mean": 0.921033024788,
        "median": -0.0807716846466,
        "min": -1.74720931053,
        "var": 8.88503837585
    },
    "barkbands_skewness": {
        "dmean": 0.505378067493,
        "dmean2": 0.815279304981,
        "dvar": 0.298231393099,
        "dvar2": 0.762691378593,
        "max": 5.35405826569,
        "mean": 1.06752109528,
        "median": 0.919662952423,
        "min": -0.637374699116,
        "var": 0.588912606239
    },
    "barkbands_spread": {
        "dmean": 6.51180267334,
        "dmean2": 10.13098526,
        "dvar": 51.8055725098,
        "dvar2": 107.669021606,
        "max": 81.732421875,
        "mean": 29.8905315399,
        "median": 28.8477020264,
        "min": 3.61583209038,
        "var": 133.467819214
    },
    "dissonance": {
        "dmean": 0.0129912495613,
        "dmean2": 0.0217444766313,
        "dvar": 0.00013066327665,
        "dvar2": 0.000350349349901,
        "max": 0.500000059605,
        "mean": 0.477145522833,
        "median": 0.480393558741,
        "min": 0.379327535629,
        "var": 0.000251815770753
    },
    "dynamic_complexity": 1.31297838688,
    "erbbands_crest": {
        "dmean": 2.41350531578,
        "dmean2": 3.967897892,
        "dvar": 5.52107620239,
        "dvar2": 14.5845918655,
        "max": 22.0611534119,
        "mean": 7.12866973877,
        "median": 6.31221055984,
        "min": 2.07726621628,
        "var": 10.3554868698
    },
    "erbbands_flatness_db": {
        "dmean": 0.0136314574629,
        "dmean2": 0.0208919681609,
        "dvar": 0.0001488946873,
        "dvar2": 0.000334545067744,
        "max": 0.242205888033,
        "mean": 0.167623147368,
        "median": 0.167301371694,
        "min": 0.0979646220803,
        "var": 0.000557360355742
    },
    "erbbands_kurtosis": {
        "dmean": 0.528211832047,
        "dmean2": 0.859986126423,
        "dvar": 0.320095062256,
        "dvar2": 0.813609480858,
        "max": 4.12275457382,
        "mean": -0.242848679423,
        "median": -0.422273635864,
        "min": -1.53874433041,
        "var": 0.626631617546
    },
    "erbbands_skewness": {
        "dmean": 0.308697670698,
        "dmean2": 0.490148425102,
        "dvar": 0.0759559571743,
        "dvar2": 0.181180804968,
        "max": 1.54392111301,
        "mean": -0.0842529758811,
        "median": -0.0624604150653,
        "min": -2.06426310539,
        "var": 0.216078802943
    },
    "erbbands_spread": {
        "dmean": 7.97544527054,
        "dmean2": 12.8910303116,
        "dvar": 63.5316429138,
        "dvar2": 160.117401123,
        "max": 109.361373901,
        "mean": 39.6218643188,
        "median": 37.3793182373,
        "min": 11.6305427551,
        "var": 172.228652954
    },
    "hfc": {
        "dmean": 8.33777618408,
        "dmean2": 13.0075435638,
        "dvar": 86.3909912109,
        "dvar2": 196.44732666,
        "max": 120.384422302,
        "mean": 30.8100776672,
        "median": 28.6239433289,
        "min": 0.000505757227074,
        "var": 262.636871338
    },
    "melbands_crest": {
        "dmean": 3.47925281525,
        "dmean2": 5.78857421875,
        "dvar": 9.31482887268,
        "dvar2": 24.6222629547,
        "max": 27.8623905182,
        "mean": 12.3545694351,
        "median": 11.5360126495,
        "min": 4.24392414093,
        "var": 18.9885826111
    },
    "melbands_flatness_db": {
        "dmean": 0.0267538521439,
        "dmean2": 0.0420035123825,
        "dvar": 0.000690536631737,
        "dvar2": 0.00161553372163,
        "max": 0.339206427336,
        "mean": 0.156360402703,
        "median": 0.148628011346,
        "min": 0.0607601255178,
        "var": 0.00201652129181
    },
    "melbands_kurtosis": {
        "dmean": 5.66648101807,
        "dmean2": 9.67825126648,
        "dvar": 97.9036102295,
        "dvar2": 266.859466553,
        "max": 113.772041321,
        "mean": 7.51251506805,
        "median": 4.43730831146,
        "min": -1.26934099197,
        "var": 98.6304779053
    },
    "melbands_skewness": {
        "dmean": 0.759140074253,
        "dmean2": 1.24849760532,
        "dvar": 0.795410633087,
        "dvar2": 2.09990215302,
        "max": 9.63455581665,
        "mean": 2.26712203026,
        "median": 2.04737830162,
        "min": -0.0672597661614,
        "var": 1.36784625053
    },
    "melbands_spread": {
        "dmean": 9.04963779449,
        "dmean2": 14.2102155685,
        "dvar": 82.493522644,
        "dvar2": 195.599441528,
        "max": 100.528549194,
        "mean": 31.7444858551,
        "median": 30.919380188,
        "min": 2.95579743385,
        "var": 210.288375854
    },
    "pitch_salience": {
        "dmean": 0.0788779035211,
        "dmean2": 0.131931707263,
        "dvar": 0.00571406167001,
        "dvar2": 0.0158269815147,
        "max": 0.846095919609,
        "mean": 0.584117352962,
        "median": 0.589740693569,
        "min": 0.185853272676,
        "var": 0.0098188566044
    },
    "silence_rate_20dB": {
        "dmean": 0,
        "dmean2": 0,
        "dvar": 0,
        "dvar2": 0,
        "max": 1,
        "mean": 1,
        "median": 1,
        "min": 1,
        "var": 0
    },
    "silence_rate_30dB": {
        "dmean": 0,
        "dmean2": 0,
        "dvar": 0,
        "dvar2": 0,
        "max": 1,
        "mean": 1,
        "median": 1,
        "min": 1,
        "var": 0
    },
    "silence_rate_60dB": {
        "dmean": 0.00154918665066,
        "dmean2": 0.00309957377613,
        "dvar": 0.00154677091632,
        "dvar2": 0.00463974196464,
        "max": 1,
        "mean": 0.00813008099794,
        "median": 0,
        "min": 0,
        "var": 0.00806369073689
    },
    "spectral_centroid": {
        "dmean": 277.161712646,
        "dmean2": 424.139099121,
        "dvar": 73877.6171875,
        "dvar2": 155492.015625,
        "max": 3541.10424805,
        "mean": 1720.09020996,
        "median": 1738.39526367,
        "min": 355.178833008,
        "var": 242124.046875
    },
    "spectral_complexity": {
        "dmean": 4.71959733963,
        "dmean2": 7.1762881279,
        "dvar": 18.8818950653,
        "dvar2": 39.6816749573,
        "max": 58,
        "mean": 32.2535820007,
        "median": 33,
        "min": 0,
        "var": 91.4814682007
    },
    "spectral_decrease": {
        "dmean": 3.55761997639e-09,
        "dmean2": 6.12646466891e-09,
        "dvar": 2.37493628924e-17,
        "dvar2": 6.37915004782e-17,
        "max": -4.06954065715e-13,
        "mean": -8.81559092392e-09,
        "median": -7.7776309837e-09,
        "min": -3.50763329493e-08,
        "var": 2.36320554466e-17
    },
    "spectral_energy": {
        "dmean": 0.0139115154743,
        "dmean2": 0.0239017158747,
        "dvar": 0.000348914967617,
        "dvar2": 0.000937122094911,
        "max": 0.137609183788,
        "mean": 0.0360666699708,
        "median": 0.0322100371122,
        "min": 1.58180500875e-06,
        "var": 0.000360276724678
    },
    "spectral_energyband_high": {
        "dmean": 0.000649072171655,
        "dmean2": 0.00100499379914,
        "dvar": 1.01191267277e-06,
        "dvar2": 2.04765296985e-06,
        "max": 0.0130965653807,
        "mean": 0.00141485058703,
        "median": 0.00095413159579,
        "min": 2.18028812782e-08,
        "var": 2.40182362177e-06
    },
    "spectral_energyband_low": {
        "dmean": 0.0105060171336,
        "dmean2": 0.0184796340764,
        "dvar": 0.000344424595824,
        "dvar2": 0.000939861638471,
        "max": 0.124277062714,
        "mean": 0.0140556776896,
        "median": 0.00950619205832,
        "min": 1.09135703497e-06,
        "var": 0.000271373253781
    },
    "spectral_energyband_middle_high": {
        "dmean": 0.00244313594885,
        "dmean2": 0.00373904337175,
        "dvar": 6.82217023495e-06,
        "dvar2": 1.68446495081e-05,
        "max": 0.0361721068621,
        "mean": 0.00887424591929,
        "median": 0.00771408248693,
        "min": 1.07785560033e-07,
        "var": 3.1555431633e-05
    },
    "spectral_energyband_middle_low": {
        "dmean": 0.00531011959538,
        "dmean2": 0.00887945853174,
        "dvar": 3.51234084519e-05,
        "dvar2": 9.33147312026e-05,
        "max": 0.0531684197485,
        "mean": 0.0132179763168,
        "median": 0.0115617532283,
        "min": 3.06335124378e-07,
        "var": 5.46856936126e-05
    },
    "spectral_entropy": {
        "dmean": 0.115276686847,
        "dmean2": 0.172286137938,
        "dvar": 0.0136605687439,
        "dvar2": 0.0263369567692,
        "max": 8.47077274323,
        "mean": 7.80112361908,
        "median": 7.82014131546,
        "min": 6.76869916916,
        "var": 0.0504159778357
    },
    "spectral_flux": {
        "dmean": 0.0308970008045,
        "dmean2": 0.0475263595581,
        "dvar": 0.00115128303878,
        "dvar2": 0.00201947707683,
        "max": 0.289836376905,
        "mean": 0.112596787512,
        "median": 0.102793566883,
        "min": 0.00125769828446,
        "var": 0.00210765912198
    },
    "spectral_kurtosis": {
        "dmean": 1.29017317295,
        "dmean2": 2.21003580093,
        "dvar": 1.49463033676,
        "dvar2": 4.19512462616,
        "max": 11.5590715408,
        "mean": 2.43160629272,
        "median": 2.22350168228,
        "min": -0.825309038162,
        "var": 2.36263012886
    },
    "spectral_rms": {
        "dmean": 0.00104376510717,
        "dmean2": 0.00174915639218,
        "dvar": 1.42541477999e-06,
        "dvar2": 3.76366892851e-06,
        "max": 0.0115867536515,
        "mean": 0.00575237348676,
        "median": 0.00560574932024,
        "min": 3.92838956031e-05,
        "var": 2.09723134503e-06
    },
    "spectral_rolloff": {
        "dmean": 618.491455078,
        "dmean2": 1006.99719238,
        "dvar": 678052.125,
        "dvar2": 1437456.25,
        "max": 7773.48632812,
        "mean": 1833.70654297,
        "median": 1701.12304688,
        "min": 107.666015625,
        "var": 1334338.25
    },
    "spectral_skewness": {
        "dmean": 0.196764662862,
        "dmean2": 0.324666202068,
        "dvar": 0.033886667341,
        "dvar2": 0.0849854201078,
        "max": 3.01247119904,
        "mean": 1.07546293736,
        "median": 1.06397891045,
        "min": 0.14519572258,
        "var": 0.0746724009514
    },
    "spectral_spread": {
        "dmean": 391464.1875,
        "dmean2": 589817.8125,
        "dvar": 193946353664,
        "dvar2": 358778961920,
        "max": 10496251,
        "mean": 3875267.25,
        "median": 3771907.5,
        "min": 2288437.25,
        "var": 633373327360
    },
    "spectral_strongpeak": {
        "dmean": 0.636214137077,
        "dmean2": 1.12464118004,
        "dvar": 1.00690114498,
        "dvar2": 2.6566195488,
        "max": 8.15538024902,
        "mean": 0.800223052502,
        "median": 0.36073115468,
        "min": 0,
        "var": 1.15841376781
    },
    "zerocrossingrate": {
        "dmean": 0.00983994547278,
        "dmean2": 0.0117204524577,
        "dvar": 0.000106444153062,
        "dvar2": 0.000133491645101,
        "max": 0.185546875,
        "mean": 0.0637249574065,
        "median": 0.0615234375,
        "min": 0.015625,
        "var": 0.000548961630557
    },
    "barkbands": {
        "dmean": [0.000176783039933, 0.00767425773665, 0.00336858746596, 0.00145034317393, 0.00242534093559, 0.00129766890313, 0.00106198957656, 0.000934428535402, 0.00134160206653, 0.000639483798295, 0.000462916912511, 0.000655271229334, 0.00056900200434, 0.000488585734274, 0.000542541325558, 0.000360104022548, 0.0004521686933, 0.000396694813389, 0.000273575627944, 0.000282099936157, 0.000163323667948, 0.000204706957447, 0.000130707019707, 0.000117319978017, 2.59308944806e-05, 2.24217675537e-08, 2.36488584271e-09],
        "dmean2": [0.000306229136186, 0.0136879291385, 0.0059677194804, 0.00243090372533, 0.00406875694171, 0.00212251557969, 0.00184230529703, 0.00147820904385, 0.00217753788456, 0.00100475852378, 0.000747173908167, 0.00106261682231, 0.000916581775527, 0.000774664629716, 0.000879811472259, 0.000582598615438, 0.000734620378353, 0.00063380796928, 0.000438572780695, 0.000457956601167, 0.000259790278506, 0.000346860993886, 0.000201401329832, 0.000174910805072, 3.91304383811e-05, 3.49799940125e-08, 4.4680597e-09],
        "dvar": [5.82115440295e-08, 0.00021555168496, 3.35721233569e-05, 3.05510411636e-06, 8.67727067089e-06, 5.16983755006e-06, 4.05180935559e-06, 2.93785592476e-06, 6.67848962621e-06, 1.14398130791e-06, 1.19938420085e-06, 1.5980687067e-06, 1.23036704736e-06, 8.84658618361e-07, 6.19656759682e-07, 2.67396160325e-07, 2.92567108318e-07, 2.72510419563e-07, 1.26330618855e-07, 1.27675747308e-07, 6.99741988797e-08, 1.22375041656e-07, 5.6895679279e-08, 7.95569832235e-08, 4.25848334373e-09, 3.08777559999e-15, 1.00292036147e-16],
        "dvar2": [1.59374948794e-07, 0.000594696204644, 9.49420209508e-05, 8.37216975924e-06, 2.34254985116e-05, 1.28836491058e-05, 1.0835710782e-05, 7.07542903911e-06, 1.73063381226e-05, 2.4943039989e-06, 2.92016056846e-06, 4.41717111244e-06, 3.22754067383e-06, 2.00431850317e-06, 1.53259702529e-06, 6.29134945029e-07, 7.44899011806e-07, 6.36834613488e-07, 3.16551279411e-07, 3.18419893119e-07, 1.5166537537e-07, 2.99425181538e-07, 1.09226903078e-07, 1.60462619192e-07, 8.40727043538e-09, 6.93714859252e-15, 2.98181617227e-16],
        "max": [0.00229907175526, 0.101328186691, 0.0518161468208, 0.016102604568, 0.0345267355442, 0.0322801247239, 0.0162013340741, 0.0200762934983, 0.0347870625556, 0.0172017496079, 0.0185476262122, 0.0230673588812, 0.0181760489941, 0.0151650309563, 0.0116465874016, 0.00813017040491, 0.00828243326396, 0.00715625425801, 0.00536171533167, 0.00461331009865, 0.00414380757138, 0.0048946053721, 0.00400458974764, 0.00487770698965, 0.000995397451334, 1.03189734091e-06, 2.6037972134e-07],
        "mean": [0.000211999256862, 0.0083616329357, 0.00412801280618, 0.00221358751878, 0.00403458857909, 0.00187356350943, 0.00128999270964, 0.00137700361665, 0.00212593446486, 0.00114544376265, 0.000741114257835, 0.00119208567776, 0.000958670047112, 0.000781847978942, 0.000930212496314, 0.000677718315274, 0.000905849447008, 0.000801137823146, 0.000589165370911, 0.000629476737231, 0.000310555187752, 0.000284999376163, 0.000238822409301, 0.000220190791879, 4.30373074778e-05, 3.0578299004e-08, 1.69457159416e-09],
        "median": [0.000120920572954, 0.00474965991452, 0.0024451976642, 0.00159761984833, 0.00294220587239, 0.00105638825335, 0.000714300607797, 0.000575113925152, 0.00102854345459, 0.000639109231997, 0.000281755405013, 0.00067136756843, 0.00047986471327, 0.000380522629712, 0.00055537535809, 0.000475609820569, 0.000679053249769, 0.00057875062339, 0.000457709480543, 0.000482406176161, 0.000210169659113, 0.000138326431625, 0.000131066408358, 9.24709092942e-05, 1.99948844966e-05, 1.31921096269e-08, 5.78194880863e-10],
        "min": [1.52559493927e-07, 8.08298693755e-07, 9.9187126068e-08, 5.56474546443e-08, 9.27599259626e-08, 9.39518542964e-08, 1.41370861684e-08, 6.89174139978e-09, 3.60338816563e-08, 1.03030641796e-08, 2.78994605196e-09, 1.90311606474e-08, 1.32664972341e-08, 1.06652580101e-08, 9.69553592967e-09, 6.33237151604e-09, 9.70954694424e-09, 2.17749942522e-08, 7.5200956573e-09, 4.57997684222e-09, 4.43265202321e-09, 1.02979447192e-09, 1.02205301999e-08, 1.65024716114e-09, 5.3453780291e-10, 4.89182609351e-12, 5.60472198166e-12],
        "var": [6.36265085063e-08, 0.000156233843882, 2.81068878394e-05, 4.69132828584e-06, 1.28257979668e-05, 6.87687224854e-06, 3.61425600204e-06, 4.76833611174e-06, 1.06303623397e-05, 2.64177083409e-06, 2.69959059551e-06, 3.01365957966e-06, 2.18436980504e-06, 1.68568055869e-06, 1.32296531774e-06, 5.19369905305e-07, 6.76798720178e-07, 5.71753275835e-07, 2.47544846843e-07, 3.06485929968e-07, 1.35884988595e-07, 1.76970559096e-07, 1.32856484925e-07, 1.59506257091e-07, 7.76246888989e-09, 4.56950981638e-15, 5.35680543415e-17]
    },
    "erbbands": {
        "dmean": [0.172617435455, 1.91286170483, 4.05682325363, 4.46389865875, 6.1954369545, 8.3905172348, 11.9289426804, 10.5134239197, 13.6461725235, 16.4428462982, 21.872959137, 30.5207386017, 22.6158599854, 18.8322219849, 20.3319797516, 23.1104469299, 23.1875591278, 24.1823616028, 27.0403785706, 20.405500412, 19.9287967682, 22.6691932678, 23.1198158264, 13.4607210159, 14.1753883362, 13.1292734146, 7.77620458603, 6.59461069107, 8.27909088135, 4.72080469131, 3.79146265984, 2.8778758049, 1.7233941555, 0.548538208008, 0.0418762229383, 0.00184172869194, 0.000100080455013, 1.5364281353e-05, 9.10895778361e-06, 1.62302185345e-05],
        "dmean2": [0.294531404972, 3.46919465065, 7.22444725037, 7.62032938004, 10.6084299088, 14.130651474, 19.4092407227, 17.5066566467, 23.6375217438, 26.9442405701, 34.3218574524, 49.3050689697, 36.0576248169, 29.3928947449, 32.4750785828, 37.4089736938, 37.2380943298, 37.8974189758, 44.059803009, 32.3188285828, 32.4262199402, 36.7384796143, 36.9580726624, 21.6886367798, 22.4411277771, 21.1753501892, 12.4202699661, 10.6562194824, 14.2536249161, 7.68490123749, 5.7264175415, 4.19865083694, 2.54205036163, 0.820384681225, 0.0631800815463, 0.00276345969178, 0.000147563885548, 2.25562234846e-05, 1.47804839798e-05, 2.75704187516e-05],
        "dvar": [0.0972957611084, 13.8301296234, 53.5028076172, 33.1623306274, 52.3251953125, 141.389846802, 352.985778809, 438.096588135, 564.371582031, 1101.7722168, 1678.33056641, 4053.36376953, 1814.8359375, 1094.58068848, 1752.1595459, 1898.91125488, 2151.04418945, 2845.56030273, 1441.31481934, 1247.62573242, 718.553649902, 693.662597656, 847.846130371, 321.197174072, 339.831085205, 279.785186768, 119.818275452, 133.687561035, 209.441955566, 56.7549438477, 55.0569763184, 45.7292251587, 17.1270580292, 1.8866559267, 0.0103555833921, 1.97262634174e-05, 5.40328493059e-08, 1.09905862189e-09, 1.30597130332e-10, 4.29065671881e-10],
        "dvar2": [0.25745600462, 38.633102417, 150.824615479, 93.0960159302, 149.828964233, 380.829528809, 880.88470459, 1124.71704102, 1534.21533203, 2742.44970703, 4062.65234375, 10339.7275391, 4817.82275391, 2537.58154297, 4228.19726562, 5097.7421875, 5770.22314453, 6478.18115234, 3570.29760742, 2998.79760742, 1762.53491211, 1718.60058594, 1969.72839355, 797.287658691, 854.288330078, 706.147888184, 277.010528564, 289.637054443, 523.269714355, 131.396392822, 103.540245056, 90.9152526855, 35.6896820068, 3.63321065903, 0.0217351894826, 4.06387043768e-05, 1.04975981685e-07, 2.11796469252e-09, 3.04459596423e-10, 1.15056952854e-09],
        "max": [2.60046744347, 23.0254764557, 65.8736190796, 53.7678070068, 61.6653442383, 191.241470337, 240.933654785, 347.919006348, 242.195526123, 418.170898438, 576.532775879, 1067.86804199, 842.084106445, 579.797363281, 694.738647461, 893.624511719, 911.819030762, 881.559082031, 569.548461914, 652.682983398, 384.609863281, 334.755889893, 402.456451416, 251.687286377, 313.278839111, 191.962249756, 142.051223755, 161.413131714, 204.071640015, 105.947883606, 109.177253723, 142.973587036, 56.7099647522, 20.9612293243, 1.92759382725, 0.0839453563094, 0.00368468696252, 0.000438761198893, 0.000113834008516, 0.000169180944795],
        "mean": [0.206114321947, 1.97989141941, 5.01568746567, 6.64770841599, 9.84679603577, 12.9954128265, 16.8391723633, 14.2704496384, 17.7434997559, 20.9326400757, 33.759727478, 47.5843925476, 41.5366439819, 35.677532196, 38.1532592773, 46.1886482239, 43.2749710083, 43.5186500549, 49.7229423523, 38.2988967896, 41.2479515076, 49.7939147949, 48.9707374573, 29.699005127, 31.8957366943, 29.671579361, 16.7082328796, 11.0704479218, 10.8252210617, 7.88446903229, 6.81593227386, 5.36735630035, 3.06107568741, 0.956101477146, 0.0693564936519, 0.00317389355041, 0.000203315692488, 3.46366214217e-05, 2.69202482741e-05, 4.5443255658e-05],
        "median": [0.107674092054, 1.09211230278, 2.77851462364, 4.9636259079, 7.10412359238, 8.30212402344, 9.55606651306, 7.55137634277, 10.9406814575, 10.0319375992, 15.5939311981, 24.3048477173, 24.1112289429, 19.6310310364, 18.872133255, 27.9094276428, 23.7198047638, 20.414440155, 33.8722877502, 21.6439113617, 30.781999588, 39.100643158, 37.3081741333, 23.8790302277, 24.7815380096, 22.5514469147, 12.8649597168, 6.27777862549, 4.91686820984, 4.59594726562, 3.50127124786, 2.19924640656, 1.32446050644, 0.447103977203, 0.0333028770983, 0.00158009130973, 0.000113037262054, 2.11443984881e-05, 2.32756028709e-05, 4.14041642216e-05],
        "min": [3.20276376442e-05, 0.000145788100781, 0.00015834653459, 0.000136263246532, 0.000202754788916, 0.000257374573266, 0.00111429311801, 0.000401390425395, 0.000229152501561, 0.000117987197882, 0.00023510788742, 0.000792531005573, 0.000659960205667, 0.00013933586888, 0.000285336136585, 0.000848960364237, 0.000641209888272, 0.000712177250534, 0.000479433947476, 0.000373366143322, 0.00047410686966, 0.000501589092892, 0.00118672440294, 0.000689801934641, 0.000233502549236, 0.000248064287007, 0.000186064993613, 0.000171183317434, 5.44945105503e-05, 0.000433826353401, 0.000112598871056, 3.94150592911e-05, 2.87712155114e-05, 1.24649741338e-05, 7.11404254616e-07, 4.74615191592e-08, 1.05084341229e-08, 3.53079410154e-09, 1.62434787843e-09, 1.87956472608e-09],
        "var": [0.0873875543475, 9.49667644501, 43.3198471069, 38.2375907898, 74.2378234863, 197.670043945, 505.199279785, 495.139221191, 533.3203125, 1263.38354492, 2587.99023438, 5702.09179688, 3386.84350586, 2692.97973633, 3803.50708008, 4001.83227539, 3883.17456055, 6259.21142578, 2832.62695312, 2682.94921875, 1479.45812988, 1713.93652344, 1930.73266602, 620.541503906, 732.564941406, 699.052001953, 240.567092896, 248.934280396, 277.568572998, 103.061882019, 128.813873291, 99.0163955688, 31.7068595886, 3.62139248848, 0.0182203743607, 3.59050609404e-05, 1.0840302167e-07, 2.32097052688e-09, 2.49417292375e-10, 4.98191599085e-10]
    },
    "gfcc": {
        "mean": [29.6429576874, 122.664428711, -155.311340332, 66.3616943359, -68.6506729126, 24.7115783691, -32.8342666626, 4.25962591171, -9.35841369629, -18.5647888184, 4.01752996445, -20.0889625549, 4.93313598633],
        "cov": [[1512.71716309, -462.257354736, -29.3726329803, 101.174095154, -171.529342651, 148.959152222, -62.378578186, 92.8846969604, 16.7081069946, 65.1722259521, -23.7556266785, 11.6921319962, -18.0759735107], [-462.257354736, 507.327453613, -52.1962928772, -96.2918395996, 159.30255127, -134.246246338, 111.110694885, -85.5440826416, 41.7558059692, -46.3818244934, 53.9960174561, -19.3244571686, 14.176733017], [-29.3726329803, -52.1962928772, 250.279052734, 78.2104034424, -30.4817085266, 47.4439163208, -40.5423583984, 1.82436478138, -9.33551120758, 17.8605537415, -39.8131141663, 6.22966527939, 1.83674371243], [101.174095154, -96.2918395996, 78.2104034424, 138.149032593, 3.74404835701, 17.5702133179, -1.79381847382, -1.20022928715, 28.0148620605, 7.88619375229, -20.5613861084, 25.4141197205, 1.90229988098], [-171.529342651, 159.30255127, -30.4817085266, 3.74404835701, 155.167480469, -0.568790853024, 54.4029884338, -8.22798347473, 19.7259521484, -18.6272163391, 15.9398097992, -12.1196651459, 10.0707454681], [148.959152222, -134.246246338, 47.4439163208, 17.5702133179, -0.568790853024, 147.640441895, 30.7423534393, 33.22996521, -15.2291975021, 16.6728744507, -15.5134916306, -3.90212130547, -12.230307579], [-62.378578186, 111.110694885, -40.5423583984, -1.79381847382, 54.4029884338, 30.7423534393, 148.888656616, -4.92046928406, 21.9433937073, -12.5197763443, 20.5601215363, 5.79242277145, -5.87318611145], [92.8846969604, -85.5440826416, 1.82436478138, -1.20022928715, -8.22798347473, 33.22996521, -4.92046928406, 100.933876038, 14.4597978592, 14.4419603348, -2.77045893669, -16.8944091797, -0.737391650677], [16.7081069946, 41.7558059692, -9.33551120758, 28.0148620605, 19.7259521484, -15.2291975021, 21.9433937073, 14.4597978592, 94.9114456177, 19.8900318146, 4.04526996613, -5.36529350281, -2.29693222046], [65.1722259521, -46.3818244934, 17.8605537415, 7.88619375229, -18.6272163391, 16.6728744507, -12.5197763443, 14.4419603348, 19.8900318146, 63.5843658447, 7.89089298248, 3.35465598106, 1.73668682575], [-23.7556266785, 53.9960174561, -39.8131141663, -20.5613861084, 15.9398097992, -15.5134916306, 20.5601215363, -2.77045893669, 4.04526996613, 7.89089298248, 65.6301040649, 17.2099189758, -2.53848719597], [11.6921319962, -19.3244571686, 6.22966527939, 25.4141197205, -12.1196651459, -3.90212130547, 5.79242277145, -16.8944091797, -5.36529350281, 3.35465598106, 17.2099189758, 63.0253601074, 23.5449466705], [-18.0759735107, 14.176733017, 1.83674371243, 1.90229988098, 10.0707454681, -12.230307579, -5.87318611145, -0.737391650677, -2.29693222046, 1.73668682575, -2.53848719597, 23.5449466705, 51.8764686584]],
        "icov": [[0.00109135580715, -0.000349360780092, 0.00116231467109, -0.0016068542609, 0.00158019992523, -0.00163687346503, 0.000739869370591, -0.00052604067605, -4.07243023801e-05, -0.000316479068715, -0.000218208340812, 0.000405274069635, -0.000308690970996], [-0.000349360780092, 0.0236372537911, -0.0126251550391, 0.0214156582952, -0.0182713475078, 0.0212430208921, -0.0157225448638, 0.0127481566742, -0.00963386427611, 0.00529416278005, -0.00693072145805, 0.00447676377371, -0.00293797068298], [0.00116231467109, -0.0126251550391, 0.0135010816157, -0.0157150737941, 0.0114203263074, -0.0140692787245, 0.0100654978305, -0.00648058205843, 0.0059498953633, -0.00419438956305, 0.00506788818166, -0.00134862493724, 0.0007308536442], [-0.0016068542609, 0.0214156582952, -0.0157150737941, 0.0330003015697, -0.0200177449733, 0.0205112546682, -0.0143530014902, 0.0114864874631, -0.0126747805625, 0.00523961754516, -0.00127794849686, -0.00464002043009, 0.00150078872684], [0.00158019992523, -0.0182713475078, 0.0114203263074, -0.0200177449733, 0.0249570719898, -0.0188882406801, 0.0102800643072, -0.00877448357642, 0.0058713327162, -0.00142217462417, 0.00105792889372, 0.00291899149306, -0.0033508380875], [-0.00163687346503, 0.0212430208921, -0.0140692787245, 0.0205112546682, -0.0188882406801, 0.0310133974999, -0.0182700622827, 0.00812341459095, -0.00459524802864, 0.00108847906813, -0.00248537911102, 0.00186774448957, 0.00118660228327], [0.000739869370591, -0.0157225448638, 0.0100654978305, -0.0143530014902, 0.0102800643072, -0.0182700622827, 0.0205001439899, -0.00754681695253, 0.00323894829489, -0.000882155902218, 0.00252705253661, -0.00474693439901, 0.00308611663058], [-0.00052604067605, 0.0127481566742, -0.00648058205843, 0.0114864874631, -0.00877448357642, 0.00812341459095, -0.00754681695253, 0.0194656029344, -0.00761267310008, 0.00246185925789, -0.00571120763198, 0.00733270263299, -0.00484503526241], [-4.07243023801e-05, -0.00963386427611, 0.0059498953633, -0.0126747805625, 0.0058713327162, -0.00459524802864, 0.00323894829489, -0.00761267310008, 0.0192317552865, -0.00831908918917, 0.00347032235004, 0.000469985912787, 0.00199450901709], [-0.000316479068715, 0.00529416278005, -0.00419438956305, 0.00523961754516, -0.00142217462417, 0.00108847906813, -0.000882155902218, 0.00246185925789, -0.00831908918917, 0.0224991645664, -0.00720721995458, 0.00187235197518, -0.00345688662492], [-0.000218208340812, -0.00693072145805, 0.00506788818166, -0.00127794849686, 0.00105792889372, -0.00248537911102, 0.00252705253661, -0.00571120763198, 0.00347032235004, -0.00720721995458, 0.0262250620872, -0.0136112309992, 0.00895489100367], [0.000405274069635, 0.00447676377371, -0.00134862493724, -0.00464002043009, 0.00291899149306, 0.00186774448957, -0.00474693439901, 0.00733270263299, 0.000469985912787, 0.00187235197518, -0.0136112309992, 0.0321522317827, -0.0167245175689], [-0.000308690970996, -0.00293797068298, 0.0007308536442, 0.00150078872684, -0.0033508380875, 0.00118660228327, 0.00308611663058, -0.00484503526241, 0.00199450901709, -0.00345688662492, 0.00895489100367, -0.0167245175689, 0.0293346624821]]
    },
    "melbands": {
        "dmean": [0.00186130555812, 0.00228139292449, 0.000738165748771, 0.000553864927497, 0.000390574510675, 0.000234442166402, 0.000214583953493, 0.000182191797649, 0.000179349735845, 0.000199475762201, 0.000115408503916, 8.22119473014e-05, 7.01760000084e-05, 8.01001879154e-05, 5.00599780935e-05, 5.77587416046e-05, 4.49104991276e-05, 4.48410501122e-05, 3.7254892959e-05, 2.48482319876e-05, 2.59174139501e-05, 2.32149395742e-05, 3.0027484172e-05, 1.78670325113e-05, 1.13361265903e-05, 1.13474870886e-05, 1.11811323222e-05, 9.26601660467e-06, 5.58769033887e-06, 3.99739792556e-06, 4.13411225964e-06, 5.21711990586e-06, 3.48464186573e-06, 2.53951384366e-06, 2.33863420362e-06, 1.98715906663e-06, 1.86252555068e-06, 1.40840882068e-06, 8.4407400891e-07, 3.73458931335e-07],
        "dmean2": [0.0032676961273, 0.00409305049106, 0.00125712400768, 0.000941833364777, 0.000635938951746, 0.000390213477658, 0.000371623173123, 0.000295051548164, 0.000284932175418, 0.000322283216519, 0.000183820811799, 0.000128008585307, 0.000111899142212, 0.000129046602524, 8.16166502773e-05, 9.23408369999e-05, 7.08211009623e-05, 7.29167659301e-05, 6.06919893471e-05, 3.9778304199e-05, 4.25952057412e-05, 3.7830475776e-05, 4.89666599606e-05, 2.85838013951e-05, 1.86308716366e-05, 1.86466641026e-05, 1.80166662176e-05, 1.51123758769e-05, 9.01406474441e-06, 6.45667569188e-06, 6.75459568811e-06, 9.02295050764e-06, 5.92092010265e-06, 4.10387974625e-06, 3.63191202268e-06, 2.88958017336e-06, 2.81431698568e-06, 2.11162409869e-06, 1.26578004256e-06, 5.64387164559e-07],
        "dvar": [1.24068164951e-05, 1.77016627276e-05, 8.65880508627e-07, 4.96017094065e-07, 3.42119960806e-07, 1.98458337763e-07, 1.50991752434e-07, 1.17813534928e-07, 1.19784445474e-07, 1.56739730528e-07, 4.62126727996e-08, 2.09282688957e-08, 2.44609807964e-08, 2.64715769305e-08, 7.67887531339e-09, 1.26257235777e-08, 9.49021305985e-09, 4.30161550824e-09, 3.85504250744e-09, 1.87772952742e-09, 1.40801981185e-09, 7.63030194584e-10, 1.49039902642e-09, 6.05790140273e-10, 2.34021413359e-10, 2.35720110098e-10, 2.16749784787e-10, 1.56261989459e-10, 6.05884162286e-11, 4.44996504922e-11, 5.32742149006e-11, 8.86416912094e-11, 3.07296618707e-11, 1.78782457588e-11, 2.06690584786e-11, 1.90246065429e-11, 1.99869461259e-11, 1.15983169249e-11, 4.26763919342e-12, 8.59097732189e-13],
        "dvar2": [3.37639867212e-05, 4.96177308378e-05, 2.43999420491e-06, 1.36174412546e-06, 8.57764234752e-07, 5.06724120442e-07, 4.10266039808e-07, 2.87599988269e-07, 2.91583518219e-07, 4.01152988161e-07, 1.21367136785e-07, 4.75704489133e-08, 5.82505848001e-08, 7.35778229455e-08, 1.94884375304e-08, 3.22207434067e-08, 2.13388844372e-08, 1.06285806822e-08, 9.33454380458e-09, 4.38444036632e-09, 3.50811180105e-09, 1.85578519218e-09, 3.8115990364e-09, 1.41844014312e-09, 5.98578575595e-10, 6.00985095023e-10, 5.44221334664e-10, 3.96073590592e-10, 1.44726522433e-10, 1.01466890445e-10, 1.15745447948e-10, 2.22464061062e-10, 7.66419427922e-11, 4.16648104906e-11, 4.03374417202e-11, 3.78777148535e-11, 4.19109816296e-11, 2.50141522079e-11, 8.63158589742e-12, 1.74414259077e-12],
        "max": [0.0265467241406, 0.0329113267362, 0.00809928961098, 0.00875917263329, 0.00676149036735, 0.00703131500632, 0.00363565376028, 0.00421852339059, 0.00593210197985, 0.00614674855024, 0.0041807028465, 0.00257566780783, 0.00262474198826, 0.00314045627601, 0.0015427012695, 0.00223375856876, 0.00161144463345, 0.000917294644751, 0.0012308107689, 0.000851026270539, 0.000641758670099, 0.000363431405276, 0.000471802253742, 0.000429726293078, 0.000216511572944, 0.000204204116017, 0.000190454811673, 0.000172187006683, 0.000106585583126, 9.79873730103e-05, 0.000103907674202, 0.000123693607748, 8.32731457194e-05, 7.68758036429e-05, 6.75826886436e-05, 9.00183731574e-05, 8.24375456432e-05, 4.77901885461e-05, 2.50731318374e-05, 1.76369194378e-05],
        "mean": [0.00209408951923, 0.00270224316046, 0.00120529485866, 0.00087043835083, 0.000577807368245, 0.000325414788676, 0.000272164674243, 0.000244742754148, 0.000274344609352, 0.00030946280458, 0.000205681964871, 0.000146454738569, 0.000120690398035, 0.000141731754411, 9.39255041885e-05, 9.78915340966e-05, 7.46383448131e-05, 7.74294239818e-05, 6.42030499876e-05, 4.37246380898e-05, 4.91728678753e-05, 4.70048398711e-05, 5.8559297031e-05, 3.42007588188e-05, 2.23011666094e-05, 2.33845621551e-05, 2.30010555242e-05, 1.91817725863e-05, 1.13291807793e-05, 6.97274617778e-06, 6.31850207355e-06, 6.45987984171e-06, 4.8988645176e-06, 4.18211493525e-06, 3.98035808757e-06, 3.44995123669e-06, 3.27063116856e-06, 2.37729796027e-06, 1.38594157306e-06, 6.00843350185e-07],
        "median": [0.0010958063649, 0.00158868927974, 0.000945525767747, 0.000589314673562, 0.000350613874616, 0.000177805530257, 0.000162413576618, 0.000112708883535, 0.000128256593598, 0.000156143665663, 0.000115659371659, 7.54329448682e-05, 5.10096106154e-05, 7.53823260311e-05, 5.95748315391e-05, 4.62291100121e-05, 3.21316874761e-05, 5.19233581144e-05, 3.29401736963e-05, 2.72891320492e-05, 3.62203572877e-05, 3.56118289346e-05, 4.41886804765e-05, 2.27755408559e-05, 1.73305525095e-05, 1.77986730705e-05, 1.640985829e-05, 1.40926522363e-05, 8.75713340065e-06, 4.50393281426e-06, 3.2467503388e-06, 2.74883541351e-06, 2.58013938037e-06, 2.481476713e-06, 2.06370987144e-06, 1.53956864324e-06, 1.19989442737e-06, 9.96588028102e-07, 5.90124727751e-07, 2.78390700714e-07],
        "min": [2.66216289901e-07, 1.22811755432e-07, 2.77290279627e-08, 1.32217978788e-08, 3.34480425579e-08, 1.09201838683e-08, 3.30185057074e-09, 1.16806764261e-09, 2.10518513732e-09, 5.57922330557e-09, 3.18684789669e-09, 4.91221230359e-10, 6.10851591532e-10, 2.21701523806e-09, 1.64433366923e-09, 1.36162336961e-09, 1.23517762685e-09, 6.6658151221e-10, 6.46434128448e-10, 4.18413553804e-10, 6.35066554899e-10, 6.03936678445e-10, 6.75657640947e-10, 1.06029107716e-09, 5.18922627091e-10, 2.4669125076e-10, 6.50854786732e-11, 2.00882102619e-10, 1.26984520121e-10, 9.94676771504e-11, 9.03894736837e-11, 1.86355271492e-11, 3.53074236514e-11, 3.5591896097e-10, 3.05747926976e-11, 4.21066376211e-11, 1.92687723416e-11, 2.58319563656e-11, 1.02864348983e-11, 1.0157034068e-11],
        "var": [9.6028079497e-06, 1.31818305817e-05, 1.03481238511e-06, 7.46144905861e-07, 4.9354167686e-07, 2.33756082935e-07, 1.37285056212e-07, 1.56847761446e-07, 1.77193342665e-07, 2.30758359976e-07, 8.76984742604e-08, 5.06958741653e-08, 5.74077674287e-08, 4.84325717309e-08, 1.55347965602e-08, 2.36199930725e-08, 2.02858636555e-08, 7.85154519178e-09, 8.87710704944e-09, 3.49410544942e-09, 2.61995558581e-09, 1.74777359252e-09, 2.8061910573e-09, 1.36103250892e-09, 3.91679466638e-10, 4.2091713448e-10, 4.74724259902e-10, 3.47993467376e-10, 1.14994888611e-10, 7.58794832523e-11, 9.80940606521e-11, 1.12688129661e-10, 4.50850051736e-11, 3.1814103435e-11, 4.60314876494e-11, 4.05680003479e-11, 4.04119307462e-11, 2.02399763616e-11, 7.68433840864e-12, 1.5688186427e-12]
    },
    "mfcc": {
        "mean": [-582.620239258, 112.683677673, -8.85304641724, 27.9374580383, 5.45941209793, 6.84016036987, 3.07648611069, 10.2124176025, -1.46945357323, 6.15546321869, -3.27145934105, 2.45814299583, -2.86717557907],
        "cov": [[1619.94897461, -527.589050293, 48.9983139038, -81.7664031982, -48.0033874512, 4.77976894379, -41.6113777161, 22.3718280792, 13.5353336334, 71.2086868286, 18.8173618317, 18.643901825, 7.20740556717], [-527.589050293, 574.775695801, -175.505844116, 48.2016296387, -8.3391456604, -2.63719344139, 31.2940425873, -7.24454689026, -25.8928070068, -14.1003065109, 5.64346933365, -5.65854120255, 16.0311717987], [48.9983139038, -175.505844116, 288.492553711, 3.88960456848, 16.3999595642, 28.5088291168, -25.9240589142, -15.6386842728, 27.5220756531, -24.2336292267, 0.844592750072, 3.31679916382, -9.98024845123], [-81.7664031982, 48.2016296387, 3.88960456848, 141.787582397, 12.8728151321, 18.0493583679, -36.4411048889, 9.92603588104, 9.40298461914, -18.7325572968, 0.535372376442, -5.15853643417, 14.7578639984], [-48.0033874512, -8.3391456604, 16.3999595642, 12.8728151321, 114.81350708, -6.44875049591, -2.82709026337, -5.30187034607, 14.4575271606, 16.7119998932, -12.2125921249, -2.01864743233, -5.5096154213], [4.77976894379, -2.63719344139, 28.5088291168, 18.0493583679, -6.44875049591, 130.066162109, 25.9754009247, 22.5202236176, 19.6608772278, -15.5121192932, 21.9155311584, -4.72664213181, 2.02020788193], [-41.6113777161, 31.2940425873, -25.9240589142, -36.4411048889, -2.82709026337, 25.9754009247, 116.281684875, 32.3142585754, 1.53161644936, 0.334042608738, 1.78884470463, 8.66702461243, -1.29554915428], [22.3718280792, -7.24454689026, -15.6386842728, 9.92603588104, -5.30187034607, 22.5202236176, 32.3142585754, 81.4876098633, 12.5700139999, 14.200428009, 1.5496045351, 7.27992868423, 5.71226072311], [13.5353336334, -25.8928070068, 27.5220756531, 9.40298461914, 14.4575271606, 19.6608772278, 1.53161644936, 12.5700139999, 82.720954895, 15.9003448486, 10.0444412231, -4.07004165649, -5.38349723816], [71.2086868286, -14.1003065109, -24.2336292267, -18.7325572968, 16.7119998932, -15.5121192932, 0.334042608738, 14.200428009, 15.9003448486, 97.1252212524, 14.5313949585, 12.8148241043, -7.1210565567], [18.8173618317, 5.64346933365, 0.844592750072, 0.535372376442, -12.2125921249, 21.9155311584, 1.78884470463, 1.5496045351, 10.0444412231, 14.5313949585, 69.9546051025, 14.8871011734, 4.48985242844], [18.643901825, -5.65854120255, 3.31679916382, -5.15853643417, -2.01864743233, -4.72664213181, 8.66702461243, 7.27992868423, -4.07004165649, 12.8148241043, 14.8871011734, 52.9816017151, 11.1689548492], [7.20740556717, 16.0311717987, -9.98024845123, 14.7578639984, -5.5096154213, 2.02020788193, -1.29554915428, 5.71226072311, -5.38349723816, -7.1210565567, 4.48985242844, 11.1689548492, 46.4924240112]],
