{
"lowlevel": {
    "average_loudness": 0.970078647137,
    "barkbands_crest": {
        "dmean": 2.21165633202,
        "dmean2": 3.53576493263,
        "dvar": 4.64931297302,
        "dvar2": 12.2373914719,
        "max": 21.6154651642,
        "mean": 9.67842006683,
        "median": 9.25035381317,
        "min": 3.38865089417,
        "var": 9.9717912674
    },
    "barkbands_flatness_db": {
        "dmean": 0.0204166509211,
        "dmean2": 0.0308813564479,
        "dvar": 0.000432746717706,
        "dvar2": 0.00101305823773,
        "max": 0.363780528307,
        "mean": 0.171225905418,
        "median": 0.166724741459,
        "min": 0.0910651013255,
        "var": 0.00167475279886
    },
    "barkbands_kurtosis": {
        "dmean": 2.92934060097,
        "dmean2": 4.60815286636,
        "dvar": 24.5399932861,
        "dvar2": 62.4373435974,
        "max": 85.3656005859,
        "mean": 4.82792329788,
        "median": 3.1421995163,
        "min": -1.49117791653,
        "var": 41.7325057983
    },
    "barkbands_skewness": {
        "dmean": 0.516105175018,
        "dmean2": 0.785106122494,
        "dvar": 0.310026854277,
        "dvar2": 0.720242440701,
        "max": 7.91140651703,
        "mean": 1.91236519814,
        "median": 1.83289992809,
        "min": -0.350011497736,
        "var": 0.916816592216
    },
    "barkbands_spread": {
        "dmean": 4.91445350647,
        "dmean2": 7.45188045502,
        "dvar": 29.9181632996,
        "dvar2": 67.271194458,
        "max": 56.5923576355,
        "mean": 19.4943675995,
        "median": 18.1683082581,
        "min": 1.45815706253,
        "var": 96.6132202148
    },
    "dissonance": {
        "dmean": 0.0206658393145,
        "dmean2": 0.0340907536447,
        "dvar": 0.000282806315226,
        "dvar2": 0.000768880301621,
        "max": 0.499467253685,
        "mean": 0.457629650831,
        "median": 0.462226241827,
        "min": 0.323478758335,
        "var": 0.000667629821692
    },
    "dynamic_complexity": 3.29887390137,
    "erbbands_crest": {
        "dmean": 2.21952033043,
        "dmean2": 3.5660841465,
        "dvar": 4.60606241226,
        "dvar2": 10.5158119202,
        "max": 22.396194458,
        "mean": 7.35471057892,
        "median": 6.4856505394,
        "min": 2.53959012032,
        "var": 11.2352218628
    },
    "erbbands_flatness_db": {
        "dmean": 0.0121236620471,
        "dmean2": 0.0182235352695,
        "dvar": 0.000118917378131,
        "dvar2": 0.000253187172348,
        "max": 0.268572598696,
        "mean": 0.17413161695,
        "median": 0.171398118138,
        "min": 0.102528803051,
        "var": 0.000574642035645
    },
    "erbbands_kurtosis": {
        "dmean": 0.494414299726,
        "dmean2": 0.781779408455,
        "dvar": 0.272222697735,
        "dvar2": 0.677038252354,
        "max": 5.11455535889,
        "mean": -0.318814903498,
        "median": -0.504096746445,
        "min": -1.58081972599,
        "var": 0.619372725487
    },
    "erbbands_skewness": {
        "dmean": 0.283213526011,
        "dmean2": 0.440239995718,
        "dvar": 0.0640548169613,
        "dvar2": 0.151609942317,
        "max": 2.34273648262,
        "mean": 0.221392929554,
        "median": 0.210947304964,
        "min": -1.14852130413,
        "var": 0.186884075403
    },
    "erbbands_spread": {
        "dmean": 7.79284858704,
        "dmean2": 11.8397464752,
        "dvar": 56.1938514709,
        "dvar2": 131.938034058,
        "max": 116.896713257,
        "mean": 43.9203033447,
        "median": 42.5778121948,
        "min": 13.5439691544,
        "var": 186.99546814
    },
    "hfc": {
        "dmean": 7.50696086884,
        "dmean2": 9.8641834259,
        "dvar": 217.764602661,
        "dvar2": 429.293457031,
        "max": 158.528625488,
        "mean": 14.7590637207,
        "median": 7.16665792465,
        "min": 0.000157856178703,
        "var": 407.910186768
    },
    "melbands_crest": {
        "dmean": 2.67173361778,
        "dmean2": 4.2724480629,
        "dvar": 7.43755054474,
        "dvar2": 19.5965976715,
        "max": 30.3366127014,
        "mean": 14.0039186478,
        "median": 13.6288223267,
        "min": 4.57995986938,
        "var": 16.9193439484
    },
    "melbands_flatness_db": {
        "dmean": 0.025508146733,
        "dmean2": 0.0370796360075,
        "dvar": 0.00072770594852,
        "dvar2": 0.00154646765441,
        "max": 0.44148054719,
        "mean": 0.213489159942,
        "median": 0.207305684686,
        "min": 0.0892742797732,
        "var": 0.00366153288633
    },
    "melbands_kurtosis": {
        "dmean": 7.5287322998,
        "dmean2": 11.6607027054,
        "dvar": 129.688064575,
        "dvar2": 301.346069336,
        "max": 212.199508667,
        "mean": 16.1126213074,
        "median": 11.9798793793,
        "min": -1.0505130291,
        "var": 251.141555786
    },
    "melbands_skewness": {
        "dmean": 0.724923372269,
        "dmean2": 1.09692239761,
        "dvar": 0.577900648117,
        "dvar2": 1.31196129322,
        "max": 12.5910263062,
        "mean": 3.18563318253,
        "median": 3.04400610924,
        "min": 0.116273142397,
        "var": 1.74279129505
    },
    "melbands_spread": {
        "dmean": 5.66548442841,
        "dmean2": 8.62286186218,
        "dvar": 44.6524658203,
        "dvar2": 101.245353699,
        "max": 64.7205963135,
        "mean": 17.8803806305,
        "median": 15.2282829285,
        "min": 1.0907702446,
        "var": 119.40512085
    },
    "pitch_salience": {
        "dmean": 0.0641563683748,
        "dmean2": 0.101802967489,
        "dvar": 0.00354858068749,
        "dvar2": 0.00906617939472,
        "max": 0.873686730862,
        "mean": 0.532479941845,
        "median": 0.533703327179,
        "min": 0.203507810831,
        "var": 0.00916078686714
    },
    "silence_rate_20dB": {
        "dmean": 0,
        "dmean2": 0,
        "dvar": 0,
        "dvar2": 0,
        "max": 1,
        "mean": 1,
        "median": 1,
        "min": 1,
        "var": 0
    },
    "silence_rate_30dB": {
        "dmean": 0.0356589145958,
        "dmean2": 0.0713731572032,
        "dvar": 0.0343871638179,
        "dvar2": 0.0833470746875,
        "max": 1,
        "mean": 0.972114622593,
        "median": 1,
        "min": 0,
        "var": 0.0271080844104
    },
    "silence_rate_60dB": {
        "dmean": 0.0387596897781,
        "dmean2": 0.0775795206428,
        "dvar": 0.0372578948736,
        "dvar2": 0.0824227705598,
        "max": 1,
        "mean": 0.111541442573,
        "median": 0,
        "min": 0,
        "var": 0.099100291729
    },
    "spectral_centroid": {
        "dmean": 235.796020508,
        "dmean2": 367.907348633,
        "dvar": 59702.34375,
        "dvar2": 134464.1875,
        "max": 2882.39111328,
        "mean": 1138.76293945,
        "median": 1088.00720215,
        "min": 283.815582275,
        "var": 207542.609375
    },
    "spectral_complexity": {
        "dmean": 3.67751932144,
        "dmean2": 5.38246679306,
        "dvar": 25.5720119476,
        "dvar2": 47.3798294067,
        "max": 49,
        "mean": 15.4709529877,
        "median": 14,
        "min": 0,
        "var": 74.3809356689
    },
    "spectral_decrease": {
        "dmean": 3.03783576072e-09,
        "dmean2": 4.67809657678e-09,
        "dvar": 5.2089475614e-17,
        "dvar2": 1.27237782091e-16,
        "max": -7.49754804682e-14,
        "mean": -6.55682264039e-09,
        "median": -4.9175921113e-09,
        "min": -7.51240989416e-08,
        "var": 5.92499348081e-17
    },
    "spectral_energy": {
        "dmean": 0.0120478486642,
        "dmean2": 0.0183492042124,
        "dvar": 0.000790557998698,
        "dvar2": 0.00191416824237,
        "max": 0.288952201605,
        "mean": 0.0260856449604,
        "median": 0.0192734319717,
        "min": 2.97292672258e-07,
        "var": 0.000927158398554
    },
    "spectral_energyband_high": {
        "dmean": 0.000532764126547,
        "dmean2": 0.00073973328108,
        "dvar": 1.47756725255e-06,
        "dvar2": 3.11998769575e-06,
        "max": 0.0121838962659,
        "mean": 0.000810582365375,
        "median": 0.000193427404156,
        "min": 3.19507043045e-09,
        "var": 2.45319370151e-06
    },
    "spectral_energyband_low": {
        "dmean": 0.00730711175129,
        "dmean2": 0.0118384379894,
        "dvar": 0.00053505768301,
        "dvar2": 0.00139337033033,
        "max": 0.25567021966,
        "mean": 0.0129832644016,
        "median": 0.00975398160517,
        "min": 1.57686244506e-07,
        "var": 0.000459226226667
    },
    "spectral_energyband_middle_high": {
        "dmean": 0.0020596946124,
        "dmean2": 0.00281884893775,
        "dvar": 1.46228239828e-05,
        "dvar2": 2.93195316772e-05,
        "max": 0.04030476138,
        "mean": 0.0037038740702,
        "median": 0.00173722289037,
        "min": 5.98674674279e-08,
        "var": 2.6314652132e-05
    },
    "spectral_energyband_middle_low": {
        "dmean": 0.0046634208411,
        "dmean2": 0.00749015202746,
        "dvar": 0.000114837799629,
        "dvar2": 0.000285389105557,
        "max": 0.11948363483,
        "mean": 0.00942874792963,
        "median": 0.00577908148989,
        "min": 7.49201092276e-08,
        "var": 0.000140832329635
    },
    "spectral_entropy": {
        "dmean": 0.145053401589,
        "dmean2": 0.211207166314,
        "dvar": 0.0184421893209,
        "dvar2": 0.0403352305293,
        "max": 8.09292411804,
        "mean": 7.41578245163,
        "median": 7.444896698,
        "min": 6.34415245056,
        "var": 0.091896802187
    },
    "spectral_flux": {
        "dmean": 0.0270817428827,
        "dmean2": 0.0412244424224,
        "dvar": 0.00222780439071,
        "dvar2": 0.00450090831146,
        "max": 0.461038857698,
        "mean": 0.0710020884871,
        "median": 0.0523205623031,
        "min": 0.000545245537069,
        "var": 0.00407983409241
    },
    "spectral_kurtosis": {
        "dmean": 1.68486154079,
        "dmean2": 2.89976167679,
        "dvar": 3.22692275047,
        "dvar2": 9.34121990204,
        "max": 24.0983657837,
        "mean": 2.66988658905,
        "median": 1.97992324829,
        "min": -0.873010396957,
        "var": 6.58239412308
    },
    "spectral_rms": {
        "dmean": 0.000921550905332,
        "dmean2": 0.00131445459556,
        "dvar": 2.50252583101e-06,
        "dvar2": 5.32531748831e-06,
        "max": 0.0167900137603,
        "mean": 0.00445887306705,
        "median": 0.00433628261089,
        "min": 1.70306084328e-05,
        "var": 5.56790791961e-06
    },
    "spectral_rolloff": {
        "dmean": 373.591461182,
        "dmean2": 611.65045166,
        "dvar": 260471.796875,
        "dvar2": 584835.875,
        "max": 4995.703125,
        "mean": 973.481018066,
        "median": 732.12890625,
        "min": 86.1328125,
        "var": 609130.5625
    },
    "spectral_skewness": {
        "dmean": 0.232652649283,
        "dmean2": 0.379439920187,
        "dvar": 0.0479570776224,
        "dvar2": 0.121831119061,
        "max": 4.26465082169,
        "mean": 1.23334336281,
        "median": 1.21172451973,
        "min": 0.248864889145,
        "var": 0.178197875619
    },
    "spectral_spread": {
        "dmean": 320472.15625,
        "dmean2": 479549.21875,
        "dvar": 102202179584,
        "dvar2": 218928873472,
        "max": 7574326,
        "mean": 3993242.75,
        "median": 4031009.25,
        "min": 2072750.75,
        "var": 525680738304
    },
    "spectral_strongpeak": {
        "dmean": 0.262804418802,
        "dmean2": 0.461950004101,
        "dvar": 0.28084346652,
        "dvar2": 0.715981841087,
        "max": 5.33753395081,
        "mean": 0.406665414572,
        "median": 0.230847880244,
        "min": 0,
        "var": 0.319890230894
    },
    "zerocrossingrate": {
        "dmean": 0.0074809230864,
        "dmean2": 0.00902846828103,
        "dvar": 4.7319514124e-05,
        "dvar2": 6.27904737485e-05,
        "max": 0.12158203125,
        "mean": 0.0476976260543,
        "median": 0.04638671875,
        "min": 0.00732421875,
        "var": 0.000415381160565
    },
    "barkbands": {
        "dmean": [0.000922072969843, 0.00525412708521, 0.00176979706157, 0.00131836463697, 0.00272501097061, 0.000707415689249, 0.000465595076093, 0.000412831577705, 0.000398946605856, 0.000313214346534, 0.00022780407744, 0.00060035160277, 0.00022088859987, 0.000431973719969, 0.000286545342533, 0.000195851986064, 0.000350156915374, 0.000162445256137, 7.75652442826e-05, 0.000115076531074, 0.000171329738805, 0.000235341125517, 7.31265972718e-05, 3.56082236976e-05, 7.44044655221e-06, 1.04045438931e-08, 2.93861024403e-09],
        "dmean2": [0.00160665623844, 0.00871620513499, 0.00286614475772, 0.002250199439, 0.00449616275728, 0.00111823820043, 0.000757363566663, 0.000650558038615, 0.000575916317757, 0.000486571021611, 0.000360927166184, 0.000879188650288, 0.000354213087121, 0.000659932265989, 0.00044020471978, 0.000325356930261, 0.000554258120246, 0.000245064904448, 0.000123390549561, 0.000183379423106, 0.000269162235782, 0.000349015957909, 0.00011043552513, 5.03128576383e-05, 1.11077561087e-05, 1.69586122922e-08, 5.63059332492e-09],
        "dvar": [1.59189730766e-05, 0.00032858402119, 1.68488404597e-05, 9.62460853771e-06, 5.57571984245e-05, 2.01883221962e-06, 7.78332832851e-07, 5.86886699239e-07, 9.67233859228e-07, 4.53349741747e-07, 1.65644621575e-07, 1.91964340956e-06, 8.02116119303e-07, 1.13379655886e-06, 5.80713276577e-07, 2.11857610566e-07, 6.61198328089e-07, 1.79045528625e-07, 2.95457791566e-08, 9.03045176415e-08, 2.11930512251e-07, 3.22501591654e-07, 3.81258189464e-08, 6.1593534717e-09, 3.53151535792e-10, 1.48409362666e-15, 6.02615555214e-16],
        "dvar2": [4.14497953898e-05, 0.000892499578185, 4.73748041259e-05, 2.76665323327e-05, 0.000148238017573, 4.54360906588e-06, 1.78636105375e-06, 1.38056975629e-06, 1.49887387124e-06, 9.15322743822e-07, 3.96356455212e-07, 4.22590073867e-06, 2.0972324819e-06, 2.6391173833e-06, 1.37298457048e-06, 5.2211134971e-07, 1.59016769885e-06, 3.84142339271e-07, 7.27927371713e-08, 2.30748540275e-07, 5.02602460983e-07, 6.51219806969e-07, 9.39759203789e-08, 1.287721485e-08, 8.2043177807e-10, 3.81928892335e-15, 1.7830579288e-15],
        "max": [0.0410864204168, 0.20982709527, 0.0528243817389, 0.0454415678978, 0.092825062573, 0.0186811871827, 0.012887628749, 0.0099550364539, 0.0246961638331, 0.00983341597021, 0.00578808272257, 0.0194624699652, 0.0177470110357, 0.0158617533743, 0.0139882415533, 0.00464487401769, 0.0133784580976, 0.0062065939419, 0.00245934980921, 0.00359921390191, 0.00643158564344, 0.00619100127369, 0.00304213212803, 0.00100161437877, 0.000222808157559, 5.49687740659e-07, 5.43548708265e-07],
        "mean": [0.000815100851469, 0.00797563139349, 0.00353035749868, 0.00172856089193, 0.00394797837362, 0.00111064256635, 0.000788242847193, 0.000712290289812, 0.000776478613261, 0.000531136756763, 0.000308464252157, 0.000905979075469, 0.000239805915044, 0.000488123216201, 0.000348537025275, 0.000240275971009, 0.000418696406996, 0.000229476936511, 0.000110915738333, 0.00017166302132, 0.000223532057134, 0.000320182181895, 9.92983259493e-05, 5.50313197891e-05, 9.26492793951e-06, 1.0566871822e-08, 1.86502124855e-09],
        "median": [0.000208611221751, 0.0055689169094, 0.00256834481843, 0.000783865398262, 0.0021132202819, 0.000570556614548, 0.000346471351804, 0.000298856612062, 0.000215905136429, 0.000189824393601, 0.000147352082422, 0.000305918132653, 5.90227064095e-05, 0.000129942418425, 9.22183535295e-05, 8.04623559816e-05, 0.000128417290398, 7.77498644311e-05, 4.13734087488e-05, 4.55762092315e-05, 4.91817845614e-05, 6.11280338489e-05, 2.5898367312e-05, 1.56203277584e-05, 1.94346716853e-06, 1.93753901812e-09, 2.32638561193e-10],
        "min": [9.50879019967e-09, 7.75652395646e-08, 2.99590823261e-08, 1.18664846838e-08, 5.18430454122e-08, 2.25357377204e-09, 1.22937193758e-09, 3.83373865986e-09, 2.83225309872e-09, 3.96936306046e-09, 2.68671707104e-09, 3.43308759199e-09, 2.78519785013e-09, 1.24481980279e-08, 1.37644262654e-09, 7.31517069141e-09, 3.29292859647e-09, 8.89219364808e-10, 7.88615617253e-10, 6.78760492256e-10, 8.19740941793e-10, 1.17250742449e-09, 4.19066226165e-10, 2.91751733883e-10, 5.63012796106e-11, 1.05739202116e-11, 1.46333067191e-11],
        "var": [1.15908469525e-05, 0.000243612172198, 1.84277050721e-05, 9.15915552469e-06, 4.93473380629e-05, 2.93569223686e-06, 1.72592194758e-06, 1.22195001495e-06, 3.68598534806e-06, 1.00512568224e-06, 2.24928626835e-07, 3.06591778099e-06, 6.40674784336e-07, 1.28790384224e-06, 7.12123949143e-07, 2.44692500928e-07, 7.2831272746e-07, 2.62194248535e-07, 3.65836569927e-08, 1.25304609355e-07, 2.55379404734e-07, 4.91754576615e-07, 4.43757812718e-08, 9.91745796597e-09, 4.29217800191e-10, 1.25172421951e-15, 3.16362411816e-16]
    },
    "erbbands": {
        "dmean": [0.186449319124, 1.06568026543, 2.08711266518, 3.04027414322, 8.92820835114, 7.8040895462, 7.82279396057, 4.31826305389, 6.57691383362, 8.21535968781, 10.308511734, 6.83219718933, 11.0020475388, 6.90013170242, 8.18423271179, 27.0372028351, 12.6677513123, 19.1785144806, 13.9063529968, 13.8106861115, 13.5012540817, 15.1034564972, 9.95627593994, 5.85462617874, 3.7511677742, 5.0523223877, 6.66153717041, 7.11325836182, 8.40271854401, 5.46125650406, 2.06473350525, 0.971915662289, 0.476296156645, 0.163339972496, 0.00811692979187, 0.000397277210141, 3.4381129808e-05, 7.67911387811e-06, 7.6495734902e-06, 1.43237293742e-05],
        "dmean2": [0.313572764397, 1.7769510746, 3.35478806496, 5.0618429184, 15.2675237656, 13.1008806229, 12.5256061554, 6.96094417572, 10.7007684708, 12.739279747, 15.1037445068, 10.0693387985, 17.2182502747, 10.8446073532, 12.6558361053, 39.6096572876, 19.0597324371, 29.5137825012, 19.9357967377, 21.1063842773, 21.1898384094, 24.0854320526, 14.918223381, 9.37003040314, 5.94555091858, 8.23799991608, 10.7634859085, 10.6848735809, 12.6523456573, 8.13358879089, 3.12239146233, 1.42940604687, 0.646767556667, 0.23256662488, 0.0125508131459, 0.000598279526457, 4.70843187941e-05, 1.05066073957e-05, 1.09034626803e-05, 2.13344974327e-05],
        "dvar": [0.552325844765, 11.8541889191, 23.4712505341, 57.9119987488, 719.556762695, 342.545349121, 313.543182373, 66.6463241577, 165.666397095, 327.7890625, 506.585693359, 233.840606689, 641.779785156, 248.477737427, 221.205307007, 4446.94335938, 1517.4420166, 2470.60742188, 1145.07214355, 762.133666992, 1033.05712891, 1049.61242676, 779.68737793, 149.96585083, 70.2640151978, 186.621292114, 339.053039551, 289.460357666, 452.724212646, 169.484970093, 33.9082069397, 5.00458335876, 0.951050281525, 0.155441612005, 0.000854095094837, 1.70451869508e-06, 6.8324705893e-09, 4.41466918577e-10, 2.90486079635e-10, 1.05018382879e-09],
        "dvar2": [1.46322989464, 33.6081352234, 64.4609832764, 167.970687866, 1836.83032227, 952.718200684, 737.694641113, 164.917175293, 423.601226807, 758.531799316, 879.030090332, 375.525878906, 1298.77758789, 582.435546875, 527.962402344, 9996.15234375, 3790.31835938, 5768.38134766, 2616.01660156, 1730.35375977, 2432.02246094, 2528.65063477, 1670.96044922, 375.204284668, 167.845550537, 482.635894775, 857.26940918, 639.239868164, 914.687072754, 372.963378906, 85.5832214355, 11.3598966599, 1.74557256699, 0.336810708046, 0.00223009916954, 4.35731180914e-06, 1.53369317246e-08, 1.06437181291e-09, 6.65885457884e-10, 2.48719533857e-09],
        "max": [7.36723566055, 42.1860656738, 53.0559501648, 112.35042572, 314.719818115, 219.3777771, 316.440093994, 91.8670654297, 213.210327148, 230.776809692, 544.139648438, 371.245544434, 371.854858398, 243.10194397, 202.871536255, 974.184265137, 726.975158691, 824.658447266, 601.112121582, 306.755218506, 575.972412109, 366.13973999, 437.515136719, 167.423233032, 66.5224685669, 150.49369812, 250.959381104, 169.729629517, 317.373321533, 127.905426025, 79.5805206299, 28.964099884, 11.8194417953, 4.69595384598, 0.471190035343, 0.0196396782994, 0.000878756283782, 0.000364777661161, 0.000217472115764, 0.000320740364259],
        "mean": [0.230972602963, 1.74451220036, 4.46010494232, 4.7921333313, 11.8443584442, 11.2591505051, 11.3123321533, 7.11341190338, 10.9267959595, 13.8425350189, 20.24426651, 14.1326551437, 18.9479236603, 10.7405185699, 11.7448368073, 40.5877380371, 16.8154678345, 21.8450622559, 18.2373466492, 18.090297699, 17.4895496368, 19.2613048553, 14.0261974335, 8.34978485107, 5.45426416397, 7.5197467804, 9.11917877197, 9.49466228485, 11.3284692764, 6.91126728058, 2.74468994141, 1.40709090233, 0.767730236053, 0.221653997898, 0.00911272037774, 0.000484017829876, 5.30271572643e-05, 1.17932486319e-05, 1.58362781804e-05, 3.09455390379e-05],
        "median": [0.141325756907, 1.26738500595, 2.98201322556, 2.87107205391, 5.56038856506, 5.89846754074, 5.37142324448, 4.0812664032, 5.12466049194, 5.69497585297, 7.30466938019, 4.90636920929, 6.22958850861, 5.34252166748, 5.70928573608, 13.5897197723, 5.28168869019, 6.20426750183, 5.40214014053, 6.87463140488, 6.37841796875, 6.35244417191, 4.61821842194, 3.38838648796, 1.8963971138, 1.93790948391, 2.0553882122, 2.1348156929, 2.12556266785, 1.45084893703, 0.721744179726, 0.40765479207, 0.217842310667, 0.0504340678453, 0.00158089434262, 0.000101178076875, 1.78084355866e-05, 3.89938622902e-06, 1.00856914287e-05, 2.20497186092e-05],
        "min": [2.73124874184e-06, 1.77343263204e-05, 4.64380827907e-05, 2.46119270741e-05, 8.45807953738e-05, 0.000230045421631, 9.89553009276e-05, 1.96605033125e-05, 9.64662558545e-06, 7.940587966e-05, 5.10710087838e-05, 7.09535888745e-05, 0.000102888479887, 8.82776585058e-05, 0.00013448689424, 0.000160737021361, 0.000165899371495, 0.000502183276694, 0.000345661275787, 0.000246054434683, 0.000239944609348, 0.000184378455742, 0.000200169684831, 5.03689479956e-05, 4.15995491494e-05, 3.48559551639e-05, 1.68941714946e-05, 3.74039227609e-05, 2.46985000558e-05, 4.93097613798e-05, 1.47755436046e-05, 6.52976223137e-06, 4.70723261969e-06, 8.36547030758e-07, 1.19000311827e-07, 4.79365347417e-08, 1.78859060895e-08, 8.4695113145e-09, 2.30659624734e-09, 5.51138690241e-10],
        "var": [0.398916035891, 8.62166881561, 28.9639263153, 53.7347259521, 649.113708496, 309.573364258, 382.473083496, 93.1149215698, 317.898254395, 581.480712891, 1820.05212402, 886.590026855, 1438.4543457, 374.421051025, 312.328186035, 6716.60742188, 1512.05249023, 2695.58081055, 1496.32556152, 1036.50231934, 1170.97045898, 1194.25463867, 1127.9395752, 184.830215454, 95.0748748779, 244.4503479, 408.54788208, 398.644348145, 681.60369873, 221.491073608, 35.801815033, 6.95611763, 1.89298117161, 0.216141179204, 0.000738441827707, 1.59757075835e-06, 9.35938704316e-09, 5.22727250374e-10, 3.89926174682e-10, 1.31053734531e-09]
    },
    "gfcc": {
        "mean": [-44.6715316772, 143.58921814, -145.355041504, 67.1559906006, -69.6501998901, 22.4849338531, -27.7046222687, -12.5137252808, 1.62559986115, -21.7838306427, 4.18597793579, -16.85704422, 4.78808307648],
        "cov": [[6307.79150391, -790.280090332, -143.22354126, 530.061706543, -163.116622925, 498.169525146, -71.5665206909, 107.958526611, -4.70276165009, 165.474227905, -156.081970215, -52.739025116, -6.19335794449], [-790.280090332, 595.211303711, 188.247558594, -60.5631065369, 300.026733398, -79.4712219238, 175.279342651, 7.86025476456, 98.3935165405, -80.5322952271, 74.4111404419, 2.00836658478, 2.81870603561], [-143.22354126, 188.247558594, 315.238677979, 123.270797729, 138.836380005, 50.492149353, 102.313285828, 41.0185661316, 37.1435241699, 12.2389221191, 36.3018455505, 3.59809422493, 5.37603902817], [530.061706543, -60.5631065369, 123.270797729, 213.724777222, 58.9286956787, 76.9239959717, 44.0593910217, 21.5524406433, 19.3220500946, 34.4360084534, -4.96915435791, -5.58091163635, 5.27218294144], [-163.116622925, 300.026733398, 138.836380005, 58.9286956787, 322.067749023, 39.7730484009, 112.076316833, 27.0652370453, 77.2424316406, -25.7187252045, 35.2555847168, 17.0646438599, -1.4103423357], [498.169525146, -79.4712219238, 50.492149353, 76.9239959717, 39.7730484009, 147.692398071, 33.0394821167, 37.8366928101, 10.0871400833, 25.1172275543, -8.45670318604, 7.79536867142, 6.03038215637], [-71.5665206909, 175.279342651, 102.313285828, 44.0593910217, 112.076316833, 33.0394821167, 165.232345581, 47.4375457764, 46.0442466736, -17.4268703461, 16.372713089, 1.7201385498, 2.89765644073], [107.958526611, 7.86025476456, 41.0185661316, 21.5524406433, 27.0652370453, 37.8366928101, 47.4375457764, 82.64503479, 31.6816158295, 5.92716789246, -5.46580171585, -0.91764074564, 1.95652270317], [-4.70276165009, 98.3935165405, 37.1435241699, 19.3220500946, 77.2424316406, 10.0871400833, 46.0442466736, 31.6816158295, 93.3943252563, 14.4883899689, 0.437987416983, 1.99412071705, -0.551850736141], [165.474227905, -80.5322952271, 12.2389221191, 34.4360084534, -25.7187252045, 25.1172275543, -17.4268703461, 5.92716789246, 14.4883899689, 79.8034515381, 11.9879789352, -1.86231410503, -0.104491703212], [-156.081970215, 74.4111404419, 36.3018455505, -4.96915435791, 35.2555847168, -8.45670318604, 16.372713089, -5.46580171585, 0.437987416983, 11.9879789352, 68.0816574097, 21.6623134613, -1.88893270493], [-52.739025116, 2.00836658478, 3.59809422493, -5.58091163635, 17.0646438599, 7.79536867142, 1.7201385498, -0.91764074564, 1.99412071705, -1.86231410503, 21.6623134613, 48.8071861267, 14.8107738495], [-6.19335794449, 2.81870603561, 5.37603902817, 5.27218294144, -1.4103423357, 6.03038215637, 2.89765644073, 1.95652270317, -0.551850736141, -0.104491703212, -1.88893270493, 14.8107738495, 47.162322998]],
        "icov": [[0.000348026427673, -0.000793923798483, 0.000859741936438, -0.00131222349592, 0.000594972225372, -0.00127781822812, 0.000565127935261, -0.000484125630464, 0.000400681747124, -0.000514274695888, 0.000665351864882, -0.000300310028251, 0.000432889559306], [-0.000793923798483, 0.0224295221269, -0.0103813679889, 0.0140827996656, -0.0124547304586, 0.0117380730808, -0.0111518837512, 0.00895603373647, -0.0134317427874, 0.0140977920964, -0.0156442131847, 0.0142863178626, -0.00863435212523], [0.000859741936438, -0.0103813679889, 0.0111398994923, -0.0103273913264, 0.00475961202756, -0.00652105966583, 0.00390737503767, -0.00565512897447, 0.00659540016204, -0.00669714715332, 0.00486174644902, -0.00525641115382, 0.00349644152448], [-0.00131222349592, 0.0140827996656, -0.0103273913264, 0.0186754073948, -0.00874300766736, 0.00697589619085, -0.00807355251163, 0.00722459936514, -0.00776203954592, 0.00590745452791, -0.00765681127086, 0.00905754603446, -0.00611037295312], [0.000594972225372, -0.0124547304586, 0.00475961202756, -0.00874300766736, 0.0129467369989, -0.0083742858842, 0.0048861685209, -0.00350161641836, 0.00288208224811, -0.00425063306466, 0.006108074449, -0.00825885124505, 0.00542284687981], [-0.00127781822812, 0.0117380730808, -0.00652105966583, 0.00697589619085, -0.0083742858842, 0.0188834983855, -0.00725634396076, 0.00126942270435, -0.0039032085333, 0.00372068234719, -0.00513329729438, 0.0035635237582, -0.00453971885145], [0.000565127935261, -0.0111518837512, 0.00390737503767, -0.00807355251163, 0.0048861685209, -0.00725634396076, 0.0164922103286, -0.00834729522467, 0.0039067924954, -0.00301718316041, 0.00490491371602, -0.00490705762058, 0.00338127184659], [-0.000484125630464, 0.00895603373647, -0.00565512897447, 0.00722459936514, -0.00350161641836, 0.00126942270435, -0.00834729522467, 0.0214863941073, -0.0100919995457, 0.00547864986584, -0.00447537843138, 0.00573929585516, -0.00349491927773], [0.000400681747124, -0.0134317427874, 0.00659540016204, -0.00776203954592, 0.00288208224811, -0.0039032085333, 0.0039067924954, -0.0100919995457, 0.0259733255953, -0.0153320757672, 0.0138936378062, -0.0107104936615, 0.00592508725822], [-0.000514274695888, 0.0140977920964, -0.00669714715332, 0.00590745452791, -0.00425063306466, 0.00372068234719, -0.00301718316041, 0.00547864986584, -0.0153320757672, 0.0284517649561, -0.0178771317005, 0.0126829780638, -0.00626715226099], [0.000665351864882, -0.0156442131847, 0.00486174644902, -0.00765681127086, 0.006108074449, -0.00513329729438, 0.00490491371602, -0.00447537843138, 0.0138936378062, -0.0178771317005, 0.0349485315382, -0.0213202331215, 0.0102655207738], [-0.000300310028251, 0.0142863178626, -0.00525641115382, 0.00905754603446, -0.00825885124505, 0.0035635237582, -0.00490705762058, 0.00573929585516, -0.0107104936615, 0.0126829780638, -0.0213202331215, 0.0385343655944, -0.0149982459843], [0.000432889559306, -0.00863435212523, 0.00349644152448, -0.00611037295312, 0.00542284687981, -0.00453971885145, 0.00338127184659, -0.00349491927773, 0.00592508725822, -0.00626715226099, 0.0102655207738, -0.0149982459843, 0.0279172547162]]
    },
    "melbands": {
        "dmean": [0.00155165547039, 0.00119552738033, 0.000679215008859, 0.000629614456557, 0.000275225611404, 0.00011055500363, 9.52759874053e-05, 8.87363639777e-05, 9.77031959337e-05, 4.00163262384e-05, 5.49140531803e-05, 2.68893381872e-05, 2.57621013589e-05, 4.7946916311e-05, 6.78936485201e-05, 1.95932479983e-05, 4.20154683525e-05, 2.28555909416e-05, 2.72346769634e-05, 1.68594560819e-05, 1.80820770765e-05, 2.014380334e-05, 9.41758480622e-06, 6.99305428498e-06, 4.98212102684e-06, 2.01988768822e-06, 3.75503100258e-06, 3.64458242075e-06, 3.85211296816e-06, 4.72832562082e-06, 4.50619700132e-06, 5.68879204366e-06, 3.74778687728e-06, 2.54121755461e-06, 1.36268590722e-06, 7.55206087888e-07, 5.60832916108e-07, 3.75003025965e-07, 2.67653121e-07, 9.98611753289e-08],
        "dmean2": [0.00256749661639, 0.00194791331887, 0.00113367836457, 0.0010512622539, 0.000442276505055, 0.000175146313268, 0.00015349072055, 0.000137559094583, 0.000140086529427, 5.96525387664e-05, 8.63668901729e-05, 4.27510422014e-05, 4.05792852689e-05, 7.15978530934e-05, 9.96148737613e-05, 3.24290958815e-05, 6.54422983644e-05, 3.34504693456e-05, 4.18350973632e-05, 2.7921047149e-05, 2.81551147054e-05, 3.2191270293e-05, 1.43962715811e-05, 1.07183959699e-05, 8.14338909549e-06, 3.22018036059e-06, 6.09417156738e-06, 6.03397029408e-06, 6.40302550892e-06, 7.42532711229e-06, 6.9010061452e-06, 8.60841009853e-06, 5.61025626666e-06, 3.88362468584e-06, 2.12872055272e-06, 1.15230307074e-06, 8.33136027723e-07, 5.24351207787e-07, 3.73887360183e-07, 1.57212596719e-07],
        "dvar": [3.29896065523e-05, 1.00674697023e-05, 2.421782483e-06, 3.6296903545e-06, 3.28894117274e-07, 3.97598469704e-08, 3.14804218249e-08, 3.7099074035e-08, 5.42209477317e-08, 7.56791074252e-09, 1.58612785128e-08, 3.81086850965e-09, 1.94026594791e-09, 1.79262009681e-08, 1.81055401782e-08, 1.18414726913e-08, 1.2514819403e-08, 3.41210792953e-09, 4.94225815828e-09, 1.73663905478e-09, 2.51719622923e-09, 1.92791049791e-09, 6.09866268597e-10, 2.77298933815e-10, 1.19545304211e-10, 1.93971904511e-11, 8.40281524916e-11, 1.05259967409e-10, 1.35969999149e-10, 1.87542897878e-10, 1.23853080569e-10, 2.24185128794e-10, 8.9157278782e-11, 3.76939764124e-11, 1.73887224064e-11, 4.05016992167e-12, 1.70803594792e-12, 5.87353408098e-13, 3.33441878709e-13, 9.97433608147e-14],
        "dvar2": [8.76379490364e-05, 2.80755248241e-05, 6.52813832858e-06, 9.79743072094e-06, 7.90435649378e-07, 9.41956841416e-08, 7.74830084538e-08, 8.7512667335e-08, 8.76360672919e-08, 1.28249775244e-08, 3.23367643773e-08, 8.97110741249e-09, 4.60059235152e-09, 4.16040961682e-08, 3.70570170105e-08, 3.12928420954e-08, 2.95202990941e-08, 7.68725705313e-09, 1.14060263456e-08, 4.28168567268e-09, 5.96639937456e-09, 4.67516025893e-09, 1.38974198816e-09, 5.87218662584e-10, 3.07606828898e-10, 4.58221724453e-11, 2.12188280835e-10, 2.73140593476e-10, 3.69025060509e-10, 4.41312625332e-10, 2.78346456994e-10, 4.60416121895e-10, 1.94825308664e-10, 8.64940896683e-11, 4.50967700683e-11, 9.96013167776e-12, 3.8964643144e-12, 1.11802505188e-12, 6.38113151728e-13, 2.51954327627e-13],
        "max": [0.0599480420351, 0.0359890796244, 0.0168078895658, 0.0237512793392, 0.00981387961656, 0.00218563363887, 0.00279185432009, 0.00259565678425, 0.00591627694666, 0.0019838497974, 0.00183497590479, 0.000943376740906, 0.000555699924007, 0.0020565118175, 0.00176026427653, 0.00233454140835, 0.0018882418517, 0.000761309696827, 0.00100715365261, 0.000445573794423, 0.00096963904798, 0.000554712547455, 0.00035100535024, 0.000257851235801, 0.000157034883159, 4.31118496635e-05, 0.000100918499811, 0.000102860518382, 0.000186031451449, 0.000258280429989, 0.000113106500066, 0.000247200398007, 0.000113762158435, 8.04649971542e-05, 6.79084987496e-05, 3.82608777727e-05, 1.73851512955e-05, 9.11099959922e-06, 7.0427809078e-06, 3.66701056009e-06],
        "mean": [0.00214121630415, 0.00239875237457, 0.00106525653973, 0.000872344651725, 0.000420794793172, 0.000182937976206, 0.000163441989571, 0.000144237899804, 0.000189996135305, 8.0823971075e-05, 9.24533524085e-05, 4.01121578761e-05, 3.46790111507e-05, 7.25887221051e-05, 9.87068633549e-05, 1.93202322407e-05, 4.63227406726e-05, 2.8289603506e-05, 3.22976593452e-05, 2.10915095522e-05, 2.14006413444e-05, 2.41217403527e-05, 1.25782380564e-05, 1.0051899153e-05, 6.61028070681e-06, 2.95559470942e-06, 4.83826033815e-06, 5.18962497154e-06, 5.27217662238e-06, 5.86273563385e-06, 5.63954154131e-06, 7.33046090318e-06, 4.7211196943e-06, 3.11904295813e-06, 1.69163604369e-06, 1.02085118669e-06, 7.8910107959e-07, 5.87896408888e-07, 3.8767493038e-07, 1.07816028105e-07],
        "median": [0.0014342139475, 0.0017670490779, 0.000634776311927, 0.000435756985098, 0.000217479944695, 0.000103920232505, 7.68032914493e-05, 5.84785084357e-05, 6.123874482e-05, 2.73228906735e-05, 3.00284209516e-05, 1.90836981346e-05, 1.59854953381e-05, 2.64198370132e-05, 3.10582436214e-05, 3.7893339595e-06, 1.27218490888e-05, 7.41317535358e-06, 7.66388711781e-06, 7.59151498642e-06, 6.40421558273e-06, 7.15347050573e-06, 4.15343674831e-06, 3.42418115906e-06, 2.53174198406e-06, 1.1049164641e-06, 1.31483659516e-06, 1.18490856948e-06, 1.1921828218e-06, 1.22672486214e-06, 1.16858279853e-06, 1.24270991364e-06, 9.43409645515e-07, 6.79062679865e-07, 4.1154697783e-07, 2.86010305217e-07, 2.24416126571e-07, 1.64404127645e-07, 9.48229512687e-08, 1.77560455228e-08],
        "min": [2.47319942304e-08, 2.74397446987e-08, 6.27020613209e-09, 1.14467164636e-08, 5.51903545087e-09, 3.84540538301e-10, 1.43947437303e-10, 9.57915413657e-10, 4.22058721306e-10, 4.09378114741e-10, 5.29067345489e-10, 3.74208330989e-10, 3.99434485487e-10, 3.53112816764e-10, 5.66977853556e-10, 1.42579406615e-10, 1.05637976144e-09, 7.05693781189e-10, 8.21351459068e-11, 6.87512990982e-10, 1.42186928898e-10, 1.99959701574e-10, 1.210509748e-10, 3.61971320972e-11, 3.70447769682e-11, 2.58626713795e-11, 2.98851360325e-11, 2.27329127744e-11, 9.1395875243e-12, 1.37783976936e-11, 1.73939716797e-11, 1.12317637829e-11, 1.80725816257e-11, 2.25690074268e-11, 6.9610575984e-12, 6.75316746968e-12, 3.79406532233e-12, 3.61619414968e-12, 5.90190927813e-13, 5.02499788741e-13],
        "var": [2.44532620854e-05, 9.65864091995e-06, 2.49665890806e-06, 2.996157491e-06, 4.22518809273e-07, 6.20622628844e-08, 6.5405330929e-08, 6.26438563245e-08, 2.04468136644e-07, 2.72165507909e-08, 3.48694655372e-08, 5.70659075549e-09, 2.75927192206e-09, 2.46273632598e-08, 3.24593116829e-08, 8.8169498369e-09, 1.32652138163e-08, 4.50471659974e-09, 6.3253433602e-09, 1.99220973052e-09, 2.71693378906e-09, 2.13574558039e-09, 7.87779175226e-10, 4.34749514167e-10, 1.34530220297e-10, 2.67522965586e-11, 9.953787794e-11, 1.33853414463e-10, 1.43307657408e-10, 2.15840928464e-10, 1.61426635947e-10, 3.24000631879e-10, 1.20235724155e-10, 4.54409843087e-11, 1.66422362002e-11, 4.6730566465e-12, 2.26787664169e-12, 1.15054634656e-12, 5.65435339609e-13, 9.29925285539e-14]
    },
    "mfcc": {
        "mean": [-659.970947266, 129.549972534, 4.5930685997, 31.2882633209, 1.12345588207, 19.454158783, -7.99069356918, 10.2567663193, 0.201586261392, -1.40841984749, -2.81500220299, 5.19734048843, -3.32686972618],
        "cov": [[6257.36816406, -944.059204102, -29.9329452515, 71.3921585083, -39.8197364807, 352.382263184, -28.0193767548, 25.0656738281, 142.085723877, 50.0036468506, 84.4239807129, 61.5366210938, -46.108127594], [-944.059204102, 716.176086426, -57.6103134155, 81.8962554932, 118.246696472, -16.9836177826, 64.8828125, 113.042007446, 20.6793308258, 34.9257316589, 9.67092323303, 19.1387310028, 43.868812561], [-29.9329452515, -57.6103134155, 233.264053345, 60.3741035461, 16.8987770081, 37.9246520996, 51.8436584473, 5.63584280014, 28.7754211426, 25.8349685669, 16.0437011719, 22.0730552673, 18.8647823334], [71.3921585083, 81.8962554932, 60.3741035461, 168.741973877, 62.696105957, 54.6883049011, 47.0802764893, 33.920791626, 30.4258174896, 38.5260314941, 17.9877185822, 13.4142503738, 15.9772987366], [-39.8197364807, 118.246696472, 16.8987770081, 62.696105957, 179.008422852, 61.6066436768, 38.910987854, 41.6549072266, 23.1866436005, 12.8289518356, 26.5816497803, 13.8244638443, 23.3132228851], [352.382263184, -16.9836177826, 37.9246520996, 54.6883049011, 61.6066436768, 122.716545105, 37.3757400513, 30.9288730621, 32.0464553833, 22.8957099915, 18.7059612274, 14.8239946365, 11.8950958252], [-28.0193767548, 64.8828125, 51.8436584473, 47.0802764893, 38.910987854, 37.3757400513, 117.714241028, 50.5334510803, 20.8511619568, 16.5220375061, 10.7267150879, 10.5993003845, 16.692691803], [25.0656738281, 113.042007446, 5.63584280014, 33.920791626, 41.6549072266, 30.9288730621, 50.5334510803, 124.730209351, 50.0536727905, 21.7997493744, 11.2979745865, 4.72151708603, 8.25301837921], [142.085723877, 20.6793308258, 28.7754211426, 30.4258174896, 23.1866436005, 32.0464553833, 20.8511619568, 50.0536727905, 101.553581238, 35.7649993896, 19.6132030487, 4.99545049667, 0.709021866322], [50.0036468506, 34.9257316589, 25.8349685669, 38.5260314941, 12.8289518356, 22.8957099915, 16.5220375061, 21.7997493744, 35.7649993896, 80.5014953613, 22.3247623444, -4.61677265167, -3.33230638504], [84.4239807129, 9.67092323303, 16.0437011719, 17.9877185822, 26.5816497803, 18.7059612274, 10.7267150879, 11.2979745865, 19.6132030487, 22.3247623444, 72.0245437622, 19.6565246582, -0.30675688386], [61.5366210938, 19.1387310028, 22.0730552673, 13.4142503738, 13.8244638443, 14.8239946365, 10.5993003845, 4.72151708603, 4.99545049667, -4.61677265167, 19.6565246582, 77.58177948, 29.1523532867], [-46.108127594, 43.868812561, 18.8647823334, 15.9772987366, 23.3132228851, 11.8950958252, 16.692691803, 8.25301837921, 0.709021866322, -3.33230638504, -0.30675688386, 29.1523532867, 63.9968338013]],
