{
"lowlevel": {
    "average_loudness": 0.724285304546,
    "barkbands_crest": {
        "dmean": 2.21585392952,
        "dmean2": 3.60363817215,
        "dvar": 5.26895809174,
        "dvar2": 12.6665592194,
        "max": 25.7693119049,
        "mean": 10.6359481812,
        "median": 9.18831539154,
        "min": 2.91966295242,
        "var": 28.812412262
    },
    "barkbands_flatness_db": {
        "dmean": 0.0210592225194,
        "dmean2": 0.0308073293418,
        "dvar": 0.000494834559504,
        "dvar2": 0.000983388745226,
        "max": 0.434074431658,
        "mean": 0.204528570175,
        "median": 0.191178530455,
        "min": 0.0709290355444,
        "var": 0.00458922237158
    },
    "barkbands_kurtosis": {
        "dmean": 3.49250793457,
        "dmean2": 5.29271173477,
        "dvar": 56.6019935608,
        "dvar2": 114.524795532,
        "max": 147.203338623,
        "mean": 6.91536140442,
        "median": 1.63977575302,
        "min": -1.64221549034,
        "var": 254.977279663
    },
    "barkbands_skewness": {
        "dmean": 0.527878165245,
        "dmean2": 0.78788626194,
        "dvar": 0.36134493351,
        "dvar2": 0.767910838127,
        "max": 9.62883472443,
        "mean": 1.5869178772,
        "median": 1.32480275631,
        "min": -1.92828643322,
        "var": 2.39643597603
    },
    "barkbands_spread": {
        "dmean": 3.22337245941,
        "dmean2": 4.91483163834,
        "dvar": 11.7772283554,
        "dvar2": 27.2472076416,
        "max": 46.2239952087,
        "mean": 16.0324230194,
        "median": 14.8198328018,
        "min": 0.465475380421,
        "var": 99.0876235962
    },
    "dissonance": {
        "dmean": 0.0229816175997,
        "dmean2": 0.0376237221062,
        "dvar": 0.000584337627515,
        "dvar2": 0.00147995841689,
        "max": 0.499999880791,
        "mean": 0.443407893181,
        "median": 0.455676615238,
        "min": 0.248412325978,
        "var": 0.00196861545555
    },
    "dynamic_complexity": 6.12196207047,
    "erbbands_crest": {
        "dmean": 2.51589202881,
        "dmean2": 3.99409747124,
        "dvar": 6.1203289032,
        "dvar2": 14.76912117,
        "max": 29.1293067932,
        "mean": 10.0767650604,
        "median": 8.67232704163,
        "min": 2.61959648132,
        "var": 25.5055217743
    },
    "erbbands_flatness_db": {
        "dmean": 0.0168277975172,
        "dmean2": 0.024016212672,
        "dvar": 0.000301094172755,
        "dvar2": 0.000601869774982,
        "max": 0.397673428059,
        "mean": 0.225509896874,
        "median": 0.219644889235,
        "min": 0.0944978445768,
        "var": 0.00203804764897
    },
    "erbbands_kurtosis": {
        "dmean": 1.08057713509,
        "dmean2": 1.59716057777,
        "dvar": 2.90471029282,
        "dvar2": 6.14959573746,
        "max": 33.963180542,
        "mean": 1.0344209671,
        "median": -0.0462572574615,
        "min": -1.68504190445,
        "var": 11.1593608856
    },
    "erbbands_skewness": {
        "dmean": 0.346132367849,
        "dmean2": 0.516600310802,
        "dvar": 0.117543965578,
        "dvar2": 0.252260357141,
        "max": 4.73551130295,
        "mean": 0.378343194723,
        "median": 0.241777613759,
        "min": -2.49007940292,
        "var": 0.942917704582
    },
    "erbbands_spread": {
        "dmean": 6.25003671646,
        "dmean2": 9.4146270752,
        "dvar": 66.5539474487,
        "dvar2": 151.708557129,
        "max": 108.023071289,
        "mean": 29.6908283234,
        "median": 27.8459644318,
        "min": 3.28537201881,
        "var": 216.478607178
    },
    "hfc": {
        "dmean": 3.73594903946,
        "dmean2": 4.62164497375,
        "dvar": 91.721496582,
        "dvar2": 127.173210144,
        "max": 237.322738647,
        "mean": 13.2418279648,
        "median": 4.75221729279,
        "min": 1.12209908829e-16,
        "var": 592.666137695
    },
    "melbands_crest": {
        "dmean": 3.16546773911,
        "dmean2": 5.20952606201,
        "dvar": 9.90121650696,
        "dvar2": 26.0188293457,
        "max": 31.7162094116,
        "mean": 14.8240251541,
        "median": 13.7432250977,
        "min": 3.58141613007,
        "var": 38.0447273254
    },
    "melbands_flatness_db": {
        "dmean": 0.0253814905882,
        "dmean2": 0.0351827517152,
        "dvar": 0.000803686212748,
        "dvar2": 0.00147971964907,
        "max": 0.545124828815,
        "mean": 0.240173429251,
        "median": 0.225815474987,
        "min": 0.00979884620756,
        "var": 0.00821589305997
    },
    "melbands_kurtosis": {
        "dmean": 6.93539476395,
        "dmean2": 10.8779735565,
        "dvar": 299.225219727,
        "dvar2": 769.326416016,
        "max": 339.984649658,
        "mean": 14.1942396164,
        "median": 5.74570178986,
        "min": -1.48291599751,
        "var": 638.899291992
    },
    "melbands_skewness": {
        "dmean": 0.673963665962,
        "dmean2": 1.0153747797,
        "dvar": 0.7370236516,
        "dvar2": 1.75965201855,
        "max": 15.1807765961,
        "mean": 2.42853713036,
        "median": 2.11626267433,
        "min": -0.852829575539,
        "var": 3.22764897346
    },
    "melbands_spread": {
        "dmean": 4.68154907227,
        "dmean2": 7.32971715927,
        "dvar": 41.8449287415,
        "dvar2": 75.4699020386,
        "max": 151.857849121,
        "mean": 20.0406799316,
        "median": 16.9814243317,
        "min": 0.550492286682,
        "var": 233.854064941
    },
    "pitch_salience": {
        "dmean": 0.0646416470408,
        "dmean2": 0.103822231293,
        "dvar": 0.00368957989849,
        "dvar2": 0.00945200026035,
        "max": 0.836245536804,
        "mean": 0.536922335625,
        "median": 0.548224449158,
        "min": 0.0908832252026,
        "var": 0.0144689250737
    },
    "silence_rate_20dB": {
        "dmean": 0,
        "dmean2": 0,
        "dvar": 0,
        "dvar2": 0,
        "max": 1,
        "mean": 1,
        "median": 1,
        "min": 1,
        "var": 0
    },
    "silence_rate_30dB": {
        "dmean": 0.00464396271855,
        "dmean2": 0.00929511990398,
        "dvar": 0.00462231738493,
        "dvar2": 0.0107581717893,
        "max": 1,
        "mean": 0.991492629051,
        "median": 1,
        "min": 0,
        "var": 0.00843505281955
    },
    "silence_rate_60dB": {
        "dmean": 0.0433436520398,
        "dmean2": 0.0867544561625,
        "dvar": 0.0414645820856,
        "dvar2": 0.0885223597288,
        "max": 1,
        "mean": 0.246713072062,
        "median": 0,
        "min": 0,
        "var": 0.185846209526
    },
    "spectral_centroid": {
        "dmean": 180.554779053,
        "dmean2": 268.452667236,
        "dvar": 115306.195312,
        "dvar2": 155508.15625,
        "max": 10951.5820312,
        "mean": 1093.6628418,
        "median": 998.124389648,
        "min": 164.138122559,
        "var": 428170.28125
    },
    "spectral_complexity": {
        "dmean": 2.2708978653,
        "dmean2": 3.22075915337,
        "dvar": 8.82291793823,
        "dvar2": 14.9496860504,
        "max": 56,
        "mean": 12.8515081406,
        "median": 10,
        "min": 0,
        "var": 112.912536621
    },
    "spectral_decrease": {
        "dmean": 1.02449637662e-09,
        "dmean2": 1.45660072892e-09,
        "dvar": 3.62898734465e-18,
        "dvar2": 7.08605098924e-18,
        "max": -2.42444096138e-29,
        "mean": -3.64225760663e-09,
        "median": -2.25101093321e-09,
        "min": -3.18481490069e-08,
        "var": 1.95150435347e-17
    },
    "spectral_energy": {
        "dmean": 0.00415072403848,
        "dmean2": 0.00583766493946,
        "dvar": 6.11434879829e-05,
        "dvar2": 0.000114223403216,
        "max": 0.141614943743,
        "mean": 0.0149478055537,
        "median": 0.00913923420012,
        "min": 1.02692728214e-20,
        "var": 0.000348107481841
    },
    "spectral_energyband_high": {
        "dmean": 0.00010912297148,
        "dmean2": 0.000140283213113,
        "dvar": 6.83745824404e-08,
        "dvar2": 1.15750758312e-07,
        "max": 0.00539627345279,
        "mean": 0.000278359279037,
        "median": 6.42768063699e-05,
        "min": 7.51331139218e-21,
        "var": 3.56909509946e-07
    },
    "spectral_energyband_low": {
        "dmean": 0.00122016319074,
        "dmean2": 0.00204804097302,
        "dvar": 7.8092853073e-06,
        "dvar2": 2.07658504223e-05,
        "max": 0.0390759930015,
        "mean": 0.00292978878133,
        "median": 0.00180582469329,
        "min": 1.57059341087e-22,
        "var": 1.6305666577e-05
    },
    "spectral_energyband_middle_high": {
        "dmean": 0.00169597391505,
        "dmean2": 0.00214897701517,
        "dvar": 2.53768503171e-05,
        "dvar2": 3.09934293909e-05,
        "max": 0.124802999198,
        "mean": 0.00522913224995,
        "median": 0.001082820585,
        "min": 1.37096644114e-21,
        "var": 0.000150590101839
    },
    "spectral_energyband_middle_low": {
        "dmean": 0.00292825326324,
        "dmean2": 0.00449314434081,
        "dvar": 3.2383017242e-05,
        "dvar2": 7.35206122044e-05,
        "max": 0.0757115930319,
        "mean": 0.00778203178197,
        "median": 0.00472952984273,
        "min": 3.1851608316e-22,
        "var": 9.26432257984e-05
    },
    "spectral_entropy": {
        "dmean": 0.179910883307,
        "dmean2": 0.253555059433,
        "dvar": 0.0461860746145,
        "dvar2": 0.0837258473039,
        "max": 9.80447101593,
        "mean": 7.06483364105,
        "median": 7.15958595276,
        "min": 4.89260053635,
        "var": 0.292331755161
    },
    "spectral_flux": {
        "dmean": 0.0169300232083,
        "dmean2": 0.0262515321374,
        "dvar": 0.000566807342693,
        "dvar2": 0.00128895940725,
        "max": 0.353819727898,
        "mean": 0.053421434015,
        "median": 0.0391671806574,
        "min": 1.01337417624e-10,
        "var": 0.00236977497116
    },
    "spectral_kurtosis": {
        "dmean": 3.84437727928,
        "dmean2": 6.50393199921,
        "dvar": 22.7651691437,
        "dvar2": 54.9064254761,
        "max": 55.0180015564,
        "mean": 6.81890296936,
        "median": 4.37322711945,
        "min": -1.17683982849,
        "var": 55.2076072693
    },
    "spectral_rms": {
        "dmean": 0.000470420898637,
        "dmean2": 0.000648641958833,
        "dvar": 4.71687457093e-07,
        "dvar2": 8.15115129171e-07,
        "max": 0.011754186824,
        "mean": 0.00321900448762,
        "median": 0.00298602180555,
        "min": 3.16524909581e-12,
        "var": 4.22125413024e-06
    },
    "spectral_rolloff": {
        "dmean": 262.614532471,
        "dmean2": 423.174926758,
        "dvar": 372248.90625,
        "dvar2": 548781.4375,
        "max": 18540.0878906,
        "mean": 1179.8659668,
        "median": 947.4609375,
        "min": 64.599609375,
        "var": 891322.625
    },
    "spectral_skewness": {
        "dmean": 0.386847823858,
        "dmean2": 0.625515341759,
        "dvar": 0.165926322341,
        "dvar2": 0.365244448185,
        "max": 5.90327215195,
        "mean": 1.69108617306,
        "median": 1.47477698326,
        "min": 0.0129854809493,
        "var": 0.720290184021
    },
    "spectral_spread": {
        "dmean": 413995.84375,
        "dmean2": 598603.5625,
        "dvar": 1.14168548557e+12,
        "dvar2": 1.18189339443e+12,
        "max": 40679560,
        "mean": 3119118.75,
        "median": 2927584.75,
        "min": 1124184.5,
        "var": 1.92299125965e+12
    },
    "spectral_strongpeak": {
        "dmean": 0.426593750715,
        "dmean2": 0.681897461414,
        "dvar": 0.654091835022,
        "dvar2": 1.41206204891,
        "max": 14.2825164795,
        "mean": 0.830049812794,
        "median": 0.362381875515,
        "min": 0,
        "var": 1.76336276531
    },
    "zerocrossingrate": {
        "dmean": 0.00578681286424,
        "dmean2": 0.00681929569691,
        "dvar": 0.000190186168766,
        "dvar2": 0.000196864377358,
        "max": 0.498046875,
        "mean": 0.0409748405218,
        "median": 0.03857421875,
        "min": 0.00244140625,
        "var": 0.000576309277676
    },
    "barkbands": {
        "dmean": [1.56342466653e-05, 0.000452687876532, 0.000535562925506, 0.00121030723676, 0.00115690613165, 0.000422100245487, 0.000379973615054, 0.000555610342417, 0.000497860601172, 0.000588396855164, 0.000218085595407, 0.000392563204514, 0.000258628540905, 0.000363019149518, 0.000330279464833, 0.000256703118794, 0.000246259412961, 0.000176581772394, 0.000119305143016, 5.53616882826e-05, 5.12288206664e-05, 3.12585470965e-05, 1.29256040964e-05, 1.04642303995e-05, 2.39487667386e-06, 1.87492110726e-09, 5.28661003862e-10],
        "dmean2": [2.80649928754e-05, 0.000733467459213, 0.000870961463079, 0.00217837048694, 0.00183397531509, 0.000652181624901, 0.000549602205865, 0.000808965938631, 0.000714398629498, 0.000792038918007, 0.00031993893208, 0.00057585776085, 0.000397680851165, 0.000522448273841, 0.000497754954267, 0.000395325710997, 0.000356449338142, 0.000244548806222, 0.000176782690687, 8.22033616714e-05, 7.23445627955e-05, 4.38600836787e-05, 1.75908207893e-05, 1.48396820805e-05, 3.71225610252e-06, 2.96148483514e-09, 9.80610037615e-10],
        "dvar": [1.28375243769e-09, 8.88074112027e-07, 1.6660858364e-06, 8.35825812828e-06, 7.51490188122e-06, 9.84833263828e-07, 1.23723907564e-06, 3.96605628339e-06, 5.39624943485e-06, 5.21440506418e-06, 9.92942887024e-07, 1.90347032003e-06, 1.7030786239e-06, 4.32781507698e-06, 1.23843153688e-06, 1.06433333258e-06, 1.31523597702e-06, 5.88435341342e-07, 1.2856413889e-07, 2.34811494693e-08, 1.76979746414e-08, 7.32867233566e-09, 1.19873166948e-09, 7.19637016644e-10, 4.9123195095e-11, 2.30266766979e-17, 1.15017675397e-18],
        "dvar2": [3.96510513312e-09, 2.32069851336e-06, 4.34241701441e-06, 2.54964179476e-05, 1.68973547261e-05, 2.29186844081e-06, 2.12528357224e-06, 7.67630353948e-06, 8.56450878928e-06, 7.16032809578e-06, 1.8831772195e-06, 3.56846635441e-06, 3.94969811168e-06, 7.6045375863e-06, 2.86010458694e-06, 2.47851448876e-06, 2.54513383879e-06, 8.8842881496e-07, 2.67570726464e-07, 5.27432746367e-08, 3.84855560753e-08, 1.44076581776e-08, 2.27196350622e-09, 1.41920941665e-09, 1.1462301247e-10, 5.49872944406e-17, 3.73738026494e-18],
        "max": [0.000746424950194, 0.0120146526024, 0.0181485060602, 0.0356999859214, 0.0301528722048, 0.0170320123434, 0.0244257152081, 0.0413383468986, 0.0691606327891, 0.0663651302457, 0.0220605023205, 0.0339375063777, 0.0391418263316, 0.0671708136797, 0.025368059054, 0.02651694417, 0.0401720702648, 0.0201839394867, 0.00764177134261, 0.00289663136937, 0.00287955603562, 0.00132871419191, 0.000711149652489, 0.000378929980798, 0.0001130683886, 6.86532573013e-08, 1.16618723567e-08],
        "mean": [2.41534962697e-05, 0.00108948047273, 0.000965468178038, 0.00164943153504, 0.00225610216148, 0.000834726786707, 0.000701157492585, 0.0010026418604, 0.00073786341818, 0.00112600252032, 0.000302154163364, 0.000689486856572, 0.000393078720663, 0.00070368766319, 0.000586281879805, 0.000422258715844, 0.00046724639833, 0.000405821279855, 0.000254364131251, 0.000116087016067, 0.000107598250906, 6.1789090978e-05, 2.74074773188e-05, 2.01196307898e-05, 3.39905159308e-06, 2.54853982362e-09, 4.32289148922e-10],
        "median": [1.59895862453e-05, 0.000655743875541, 0.00032198271947, 0.000413737900089, 0.00106536305975, 0.00025562918745, 0.00019124316168, 0.000169067003299, 0.000129861087771, 8.99588994798e-05, 4.96148386446e-05, 0.000107764091808, 5.49598371435e-05, 5.52462224732e-05, 9.17563374969e-05, 6.94490445312e-05, 5.72345306864e-05, 4.14345522586e-05, 2.43284466706e-05, 1.14134181786e-05, 1.80832448677e-05, 1.06333272925e-05, 4.03586636821e-06, 2.51488336289e-06, 3.60601575267e-07, 4.30558505515e-10, 1.04828708214e-10],
        "min": [6.29653983405e-24, 1.20988938097e-23, 1.25405281212e-22, 2.1515086251e-23, 8.72436300508e-23, 1.7852212586e-23, 7.04832451339e-23, 6.20016146293e-23, 5.86977326296e-23, 3.79943558512e-23, 3.55229366766e-23, 8.64142532495e-23, 9.91209975189e-23, 1.49980090701e-22, 1.41247854865e-22, 1.79505071791e-22, 1.52252451871e-22, 1.95620843752e-22, 1.95766549517e-22, 1.71995696575e-22, 3.84747809777e-22, 6.32509734035e-22, 6.49215359384e-22, 9.0088198104e-22, 1.20561695449e-21, 1.6759322416e-21, 2.22914370844e-21],
        "var": [1.20145438043e-09, 1.72662601017e-06, 2.83239842247e-06, 9.77213949227e-06, 1.43407742144e-05, 2.34645767705e-06, 3.48841672348e-06, 8.56859878695e-06, 1.13880578283e-05, 2.23449897021e-05, 1.86431623206e-06, 4.76682453154e-06, 3.16795535582e-06, 1.44355935845e-05, 1.95572965822e-06, 1.4711699805e-06, 3.22275036524e-06, 2.26031170314e-06, 4.23292334517e-07, 7.28761122559e-08, 6.42533208861e-08, 2.2647109077e-08, 5.30545962718e-09, 2.20648699312e-09, 7.39490205182e-11, 3.97481493243e-17, 8.61222868771e-19]
    },
    "erbbands": {
        "dmean": [0.0107235461473, 0.114768140018, 0.454573869705, 2.46835112572, 4.19548273087, 4.04585933685, 3.03753066063, 3.8290746212, 4.8873167038, 7.61153841019, 12.135310173, 11.2377614975, 18.7324981689, 10.2430057526, 9.90629959106, 14.9541301727, 11.6707839966, 18.8748378754, 18.2226829529, 14.7627010345, 13.1997613907, 12.7762298584, 10.3751096725, 7.18529272079, 4.46337795258, 2.5714070797, 2.33795571327, 1.70451748371, 1.26247191429, 0.557683050632, 0.339685291052, 0.249923497438, 0.156705468893, 0.0466047748923, 0.00320854899473, 0.000141127849929, 9.13274834602e-06, 1.82364385637e-06, 2.40729377765e-06, 4.94193000122e-06],
        "dmean2": [0.0180416908115, 0.184800818563, 0.72770267725, 4.35937595367, 7.13687705994, 6.57667732239, 4.69699382782, 5.77494096756, 6.85931301117, 11.0179271698, 17.2707977295, 15.9471101761, 26.5881786346, 14.195763588, 13.4650650024, 22.3694629669, 18.4042758942, 27.4581756592, 26.8585548401, 21.6717948914, 19.5773487091, 17.6529083252, 14.1780414581, 10.4128856659, 6.66925621033, 3.85624074936, 3.39955472946, 2.36919140816, 1.80117690563, 0.746128320694, 0.474166154861, 0.362796515226, 0.229523986578, 0.0694743320346, 0.00483314367011, 0.000209318008274, 1.26283139252e-05, 2.33833907259e-06, 3.184896741e-06, 6.82437485011e-06],
        "dvar": [0.000595948018599, 0.0577866099775, 1.08387196064, 35.0493011475, 102.339141846, 116.160316467, 39.5649108887, 92.0766830444, 215.891159058, 392.608856201, 2450.5222168, 2313.38769531, 4734.73828125, 2603.55004883, 1586.921875, 2471.93041992, 5031.10986328, 14414.7587891, 4059.44580078, 2727.61816406, 3546.56225586, 3727.68432617, 1859.50756836, 699.13671875, 111.797615051, 53.5237388611, 43.0623283386, 16.5869960785, 13.4385881424, 2.55060768127, 0.770227015018, 0.472579717636, 0.149540230632, 0.0172851793468, 0.000118350581033, 2.12531446664e-07, 5.2182103083e-10, 1.65331862784e-11, 2.32649628729e-11, 9.15298878357e-11],
        "dvar2": [0.00163659639657, 0.149184018373, 2.79247832298, 105.776069641, 252.079788208, 303.126464844, 98.3123931885, 214.650222778, 321.703735352, 805.596313477, 4849.37792969, 3630.15576172, 7256.42382812, 4733.25488281, 2154.58105469, 5182.96435547, 13055.7011719, 30473.9609375, 8536.12695312, 5861.79150391, 8672.65332031, 6945.24951172, 2701.21313477, 1264.96618652, 231.912719727, 118.535186768, 97.5905761719, 31.4621238708, 27.7694892883, 4.31558609009, 1.41334879398, 1.02722549438, 0.27593433857, 0.0371023342013, 0.000267501716735, 4.72731414902e-07, 1.02236297206e-09, 2.58258778946e-11, 3.68548420948e-11, 1.59856489157e-10],
        "max": [0.301707357168, 2.9281244278, 13.9597826004, 74.795211792, 133.363433838, 135.423278809, 124.937438965, 184.745941162, 447.940216064, 381.004943848, 1067.61169434, 1533.6706543, 2144.64404297, 996.049133301, 1220.9005127, 1226.33654785, 2142.54345703, 3537.69702148, 1519.93469238, 959.985656738, 1661.27575684, 2116.62719727, 1316.82678223, 648.419067383, 155.731369019, 151.123672485, 137.93548584, 94.7054138184, 58.9964675903, 33.9159507751, 20.1415462494, 12.2613229752, 6.05283308029, 2.15923380852, 0.183208808303, 0.00804165564477, 0.000374790804926, 8.98933576536e-05, 0.000107009014755, 0.000191371116671],
        "mean": [0.0274713989347, 0.259438633919, 0.949082136154, 3.78241038322, 6.51207447052, 7.59255123138, 6.46400594711, 7.72089719772, 10.1785573959, 12.4272632599, 21.3440074921, 18.3473453522, 40.9027175903, 17.5392360687, 18.4451560974, 25.7775154114, 18.2993183136, 31.7364692688, 34.3559837341, 28.0959014893, 24.1410160065, 25.3707313538, 24.9213237762, 16.1490764618, 9.46325206757, 5.79332447052, 4.88458681107, 3.82141828537, 2.39962148666, 1.27746319771, 0.727299034595, 0.475782155991, 0.29270324111, 0.0770367160439, 0.00451305415481, 0.000223937415285, 2.26149568334e-05, 5.3547259995e-06, 9.03309683054e-06, 1.81514351425e-05],
        "median": [0.0139356506988, 0.148917198181, 0.38728800416, 1.09642982483, 2.1501083374, 2.98359179497, 1.65450787544, 2.40151548386, 2.5546913147, 3.61892032623, 3.77961087227, 5.02452087402, 5.25576686859, 2.50802469254, 2.66012048721, 4.15106105804, 3.06224942207, 3.40073657036, 5.69749927521, 4.2478055954, 4.22090196609, 3.37995553017, 2.71836328506, 1.52023434639, 1.07919609547, 0.61119556427, 0.590731739998, 0.748656988144, 0.430588573217, 0.19044932723, 0.110201559961, 0.0542090572417, 0.0351062007248, 0.00874078739434, 0.000294608442346, 2.60407541646e-05, 7.13651024853e-06, 1.9248436729e-06, 5.16050067745e-06, 1.09106922537e-05],
        "min": [1.70994651019e-22, 5.41793648089e-21, 1.00399828793e-19, 1.48068496198e-19, 1.58806386223e-19, 2.59484490206e-19, 3.12917746988e-19, 1.52954251411e-19, 2.56068260126e-19, 2.36203905456e-18, 7.34995003898e-19, 1.14840896561e-18, 1.23082965543e-18, 1.76584407857e-18, 1.9338907831e-18, 3.60920986979e-18, 5.33650071438e-18, 7.05482243958e-18, 5.95007475504e-18, 1.09736997794e-17, 9.25138153106e-18, 9.67278290386e-18, 9.77532931158e-18, 9.72515418998e-18, 1.0808232224e-17, 7.83273203894e-18, 1.18632233403e-17, 2.10169834971e-17, 2.30535319437e-17, 1.44936717503e-17, 2.03912064744e-17, 1.75233564014e-17, 1.54038864071e-17, 1.2712900784e-17, 9.96625914057e-18, 6.36788244167e-18, 2.51460528072e-18, 1.29469864867e-18, 3.11094951111e-19, 3.34883037016e-20],
        "var": [0.00133475870825, 0.109511680901, 2.13672351837, 48.5821456909, 147.163040161, 203.647918701, 142.638381958, 237.049758911, 745.814697266, 715.915527344, 4781.39208984, 5023.62988281, 25820.7285156, 5881.75732422, 4820.27392578, 5057.20214844, 7136.74853516, 25527.8808594, 10009.5126953, 5001.51757812, 4934.43115234, 9732.81640625, 7639.32861328, 2826.16674805, 387.541992188, 176.865722656, 142.60975647, 74.0608520508, 35.7894897461, 13.3901567459, 3.25627064705, 1.25369989872, 0.470982581377, 0.0324075780809, 0.000186352161109, 3.54998974217e-07, 1.58502422298e-09, 9.03044167222e-11, 1.54772181182e-10, 5.58869395206e-10]
    },
    "gfcc": {
        "mean": [-120.308731079, 152.203613281, -155.649780273, 46.7135314941, -61.1124610901, 8.73698711395, -30.7817935944, -11.2205162048, -1.72944974899, -22.1654434204, 0.228831231594, -22.7454090118, 6.74918794632],
        "cov": [[17604.7539062, -1314.01159668, -2501.07080078, 1302.51550293, -579.950500488, -121.040390015, -225.485107422, 275.6434021, -37.5742988586, 111.290657043, 242.986602783, -206.142440796, -186.29447937], [-1314.01159668, 1250.88366699, 673.215393066, -16.1861019135, 496.34085083, -102.494628906, 262.416412354, -98.0043869019, 40.5004730225, -56.6745414734, 28.2784080505, -88.7080078125, -51.6709785461], [-2501.07080078, 673.215393066, 1420.25280762, 105.351745605, 100.169471741, 38.7627449036, 16.2633190155, -80.8734970093, -103.138557434, -31.9650096893, -87.4093933105, -116.863586426, -27.2615070343], [1302.51550293, -16.1861019135, 105.351745605, 558.45690918, 114.199378967, -14.5611982346, -27.3068122864, -6.27967691422, -24.7804203033, 30.3022899628, 38.9548873901, -81.7621231079, -87.1607208252], [-579.950500488, 496.34085083, 100.169471741, 114.199378967, 555.851379395, -2.27540874481, 130.670013428, 5.70710134506, 42.4994926453, 30.2380332947, 72.8563461304, -13.1800518036, -26.8152484894], [-121.040390015, -102.494628906, 38.7627449036, -14.5611982346, -2.27540874481, 245.420806885, 53.8801231384, 46.141494751, -6.98408079147, 43.4507980347, 15.1780824661, -7.86390686035, 26.0086021423], [-225.485107422, 262.416412354, 16.2633190155, -27.3068122864, 130.670013428, 53.8801231384, 259.275604248, 6.55383491516, 38.4016799927, -23.2969226837, 26.0768642426, -1.91728889942, -0.610860824585], [275.6434021, -98.0043869019, -80.8734970093, -6.27967691422, 5.70710134506, 46.141494751, 6.55383491516, 150.721633911, 46.476524353, 42.1106491089, 8.68293952942, 3.83766150475, 21.2469444275], [-37.5742988586, 40.5004730225, -103.138557434, -24.7804203033, 42.4994926453, -6.98408079147, 38.4016799927, 46.476524353, 144.039962769, 25.6436309814, 11.1457185745, 14.4709281921, -0.0977712795138], [111.290657043, -56.6745414734, -31.9650096893, 30.3022899628, 30.2380332947, 43.4507980347, -23.2969226837, 42.1106491089, 25.6436309814, 116.30216217, 46.4636421204, 8.48616981506, 0.515082359314], [242.986602783, 28.2784080505, -87.4093933105, 38.9548873901, 72.8563461304, 15.1780824661, 26.0768642426, 8.68293952942, 11.1457185745, 46.4636421204, 118.761993408, 30.8832054138, -2.99602460861], [-206.142440796, -88.7080078125, -116.863586426, -81.7621231079, -13.1800518036, -7.86390686035, -1.91728889942, 3.83766150475, 14.4709281921, 8.48616981506, 30.8832054138, 127.903869629, 53.3136863708], [-186.29447937, -51.6709785461, -27.2615070343, -87.1607208252, -26.8152484894, 26.0086021423, -0.610860824585, 21.2469444275, -0.0977712795138, 0.515082359314, -2.99602460861, 53.3136863708, 104.196342468]],
        "icov": [[0.000160206662258, -0.000319436483551, 0.000452294159913, -0.000521091686096, 0.000435452762758, -8.84700930328e-05, 0.000151532280142, -0.000350551534211, 0.00029598895344, -1.6890840925e-05, -8.45093163662e-05, 0.000191741884919, -8.31893994473e-05], [-0.000319436483551, 0.00420269556344, -0.00245851255022, 0.00215901993215, -0.00317339925095, 0.00226024072617, -0.00261062895879, 0.00203899131157, -0.00175462348852, 0.000621000537649, -0.00131869956385, 0.00175266980659, -7.55756627768e-05], [0.000452294159913, -0.00245851255022, 0.0028298816178, -0.00204534945078, 0.00199386104941, -0.00131453550421, 0.00135663547553, -0.00116458488628, 0.0018322939286, -0.000517018255778, 0.00111886789091, 0.000185909317224, -0.000353058014298], [-0.000521091686096, 0.00215901993215, -0.00204534945078, 0.00440513854846, -0.00252963136882, 0.00103082647547, -0.000763269956224, 0.001355484128, -0.000914883450605, 1.45141084431e-05, -0.00107404647861, 0.00108716310933, 0.00151150475722], [0.000435452762758, -0.00317339925095, 0.00199386104941, -0.00252963136882, 0.00509221944958, -0.00114957091864, 0.000712899491191, -0.00180949654896, 0.00109382357914, -0.000875487399753, -0.000414647831349, -0.000716338166967, -5.89577430219e-05], [-8.84700930328e-05, 0.00226024072617, -0.00131453550421, 0.00103082647547, -0.00114957091864, 0.00659878365695, -0.00308455200866, -0.000204980315175, 0.00034330796916, -0.00199982174672, -0.000939047487918, 0.00208497769199, -0.00152182963211], [0.000151532280142, -0.00261062895879, 0.00135663547553, -0.000763269956224, 0.000712899491191, -0.00308455200866, 0.00713198632002, -0.00115906028077, -0.00056521006627, 0.00240217521787, -0.00061307370197, -0.000880377949215, 0.000344772910466], [-0.000350551534211, 0.00203899131157, -0.00116458488628, 0.001355484128, -0.00180949654896, -0.000204980315175, -0.00115906028077, 0.0101125817746, -0.00348147470504, -0.00215035420842, 0.000332605210133, 0.00141120783519, -0.00197498127818], [0.00029598895344, -0.00175462348852, 0.0018322939286, -0.000914883450605, 0.00109382357914, 0.00034330796916, -0.00056521006627, -0.00348147470504, 0.0100613292307, -0.00237074587494, 0.00142392190173, -0.00112666760106, 0.000914164178539], [-1.6890840925e-05, 0.000621000537649, -0.000517018255778, 1.45141084431e-05, -0.000875487399753, -0.00199982174672, 0.00240217521787, -0.00215035420842, -0.00237074587494, 0.0135938087478, -0.00521706650034, 0.000226165619097, 0.00054590695072], [-8.45093163662e-05, -0.00131869956385, 0.00111886789091, -0.00107404647861, -0.000414647831349, -0.000939047487918, -0.00061307370197, 0.000332605210133, 0.00142392190173, -0.00521706650034, 0.0136885596439, -0.00453227199614, 0.0013852516422], [0.000191741884919, 0.00175266980659, 0.000185909317224, 0.00108716310933, -0.000716338166967, 0.00208497769199, -0.000880377949215, 0.00141120783519, -0.00112666760106, 0.000226165619097, -0.00453227199614, 0.0139566278085, -0.00610130606219], [-8.31893994473e-05, -7.55756627768e-05, -0.000353058014298, 0.00151150475722, -5.89577430219e-05, -0.00152182963211, 0.000344772910466, -0.00197498127818, 0.000914164178539, 0.00054590695072, 0.0013852516422, -0.00610130606219, 0.0145123172551]]
    },
    "melbands": {
        "dmean": [0.000109543914732, 0.000202535549761, 0.00044648925541, 0.00028911838308, 0.000114786802442, 8.35106111481e-05, 7.46912119212e-05, 9.17259822018e-05, 9.0569636086e-05, 7.96742533566e-05, 9.6743227914e-05, 4.55433073512e-05, 2.84572361124e-05, 4.44274955953e-05, 2.99183247989e-05, 2.84929374175e-05, 3.97493968194e-05, 3.253338582e-05, 2.52562549576e-05, 1.93669056898e-05, 1.63208369486e-05, 1.62982523761e-05, 1.02472813523e-05, 8.76299691299e-06, 6.36782306174e-06, 3.9547239794e-06, 2.29385068451e-06, 1.77639992671e-06, 1.51043923324e-06, 1.43114243656e-06, 9.79937681223e-07, 8.17846739665e-07, 4.78305821616e-07, 2.95652199611e-07, 2.10936164535e-07, 1.64749465625e-07, 1.68270716472e-07, 1.31526647351e-07, 7.81533131544e-08, 2.95627220481e-08],
        "dmean2": [0.00017985291197, 0.000314646516927, 0.000778466463089, 0.000467161182314, 0.000179185546585, 0.000125831589685, 0.000104883176391, 0.00013556733029, 0.000128560554003, 0.000110541615868, 0.000137943599839, 6.41092265141e-05, 3.95063361793e-05, 6.24047752353e-05, 4.60425690108e-05, 4.48701903224e-05, 5.90364325035e-05, 4.73382751807e-05, 3.72755093849e-05, 2.96468133456e-05, 2.43831564148e-05, 2.32540041907e-05, 1.43480710904e-05, 1.22967676361e-05, 9.56594612944e-06, 5.84104509471e-06, 3.44106706507e-06, 2.63592141891e-06, 2.25996109293e-06, 2.18344030145e-06, 1.43214265336e-06, 1.21176947232e-06, 6.80935784203e-07, 4.18564127358e-07, 3.01639943245e-07, 2.40046261979e-07, 2.50774405686e-07, 1.94075255422e-07, 1.17161597757e-07, 4.51471109386e-08],
        "dvar": [5.5853234926e-08, 2.11164277175e-07, 1.08721758352e-06, 5.35572837634e-07, 6.19484197273e-08, 4.1389014882e-08, 4.50166162125e-08, 6.59302088479e-08, 1.32652516527e-07, 1.25062356915e-07, 1.29011169747e-07, 5.07976771758e-08, 1.18481660039e-08, 2.74915308296e-08, 1.41007800991e-08, 1.76124537177e-08, 7.43967589756e-08, 1.66800937507e-08, 9.90473481011e-09, 3.83180598362e-09, 5.09997555298e-09, 7.21885662358e-09, 1.76151071507e-09, 1.5647094731e-09, 5.20790799374e-10, 1.0530425143e-10, 3.50570544816e-11, 2.61108669408e-11, 1.74081252885e-11, 1.77174212801e-11, 5.44956224244e-12, 5.97814202655e-12, 1.9750802556e-12, 8.8775427981e-13, 3.0484143855e-13, 1.88938450931e-13, 2.33195055063e-13, 1.12040740997e-13, 3.69886853622e-14, 9.19541762748e-15],
        "dvar2": [1.47902369463e-07, 5.28850762294e-07, 3.12920133183e-06, 1.22913809264e-06, 1.70767378904e-07, 9.54224077532e-08, 7.31082110406e-08, 1.30139184762e-07, 2.62857554389e-07, 1.80303601383e-07, 1.99746594376e-07, 9.14741846714e-08, 1.68253571076e-08, 4.65483260825e-08, 3.62881209526e-08, 4.01241280201e-08, 1.59760276119e-07, 3.06136271888e-08, 2.23971188262e-08, 7.92226817481e-09, 1.25088925884e-08, 1.4696679429e-08, 2.49269693775e-09, 2.58340859816e-09, 1.03631137005e-09, 2.10995873551e-10, 7.83708722918e-11, 5.59434686076e-11, 3.85262585723e-11, 4.3230346386e-11, 1.0806432138e-11, 1.25898510367e-11, 4.15050285807e-12, 1.75223464211e-12, 5.74140507272e-13, 3.9339440993e-13, 5.40704362794e-13, 2.06235514235e-13, 7.82748974144e-14, 2.02948823112e-14],
        "max": [0.00312627549283, 0.0063898935914, 0.0132219661027, 0.00905108079314, 0.00436935992911, 0.00375668378547, 0.00570286996663, 0.00483198370785, 0.0075752902776, 0.0115907341242, 0.0109912613407, 0.00418703909963, 0.00265430263244, 0.00405991869047, 0.00245888833888, 0.0036743809469, 0.00807538162917, 0.00373226124793, 0.00254403636791, 0.00111302558798, 0.00190126756206, 0.00286482227966, 0.00115601997823, 0.00102568522561, 0.00053239276167, 0.000199929083465, 0.000112832683953, 0.000103460959508, 0.000104158505565, 6.50143774692e-05, 5.11376892973e-05, 4.63834985567e-05, 2.90520929411e-05, 1.93878058781e-05, 1.26662562252e-05, 6.70884446663e-06, 8.0492491179e-06, 6.07289439358e-06, 2.92168238047e-06, 1.63864456226e-06],
        "mean": [0.000271926634014, 0.000453331449535, 0.000737603055313, 0.00051251478726, 0.000257196516031, 0.000173707565409, 0.00015349657042, 0.000152192675159, 0.000158392038429, 0.000119926102343, 0.000207415199839, 7.24673009245e-05, 4.85466407554e-05, 7.83624491305e-05, 4.27433369623e-05, 4.2971867515e-05, 6.51449154248e-05, 5.8284640545e-05, 4.36166883446e-05, 3.39128819178e-05, 2.69594384008e-05, 2.88676346827e-05, 2.16867083509e-05, 1.91991384781e-05, 1.29807958729e-05, 7.53443009671e-06, 4.63922333438e-06, 3.64443553735e-06, 3.002336598e-06, 2.80853396362e-06, 2.04160619433e-06, 1.44658395129e-06, 9.41202131344e-07, 6.13153531503e-07, 4.37805482534e-07, 3.12920633405e-07, 2.85290070678e-07, 2.28228913102e-07, 1.33221917054e-07, 3.98026180903e-08],
        "median": [0.000154753623065, 0.000242590263952, 0.000227918324526, 0.000218308938202, 8.24007584015e-05, 5.07574950461e-05, 3.95895403926e-05, 3.86265965062e-05, 2.44313250732e-05, 2.41091402131e-05, 2.46740601142e-05, 8.78497030499e-06, 6.73637259752e-06, 1.21170742204e-05, 7.21499691281e-06, 6.2361232267e-06, 5.73515171709e-06, 8.40360098664e-06, 6.78451306158e-06, 4.80808967041e-06, 4.27816394222e-06, 3.22143887388e-06, 2.57758188127e-06, 1.89734146261e-06, 1.08220274342e-06, 8.36755930322e-07, 4.93996481055e-07, 3.33796094765e-07, 3.23209064845e-07, 3.97080299308e-07, 3.94460386133e-07, 2.50928565038e-07, 1.2781528369e-07, 8.33404243394e-08, 6.32771630649e-08, 4.14760918943e-08, 2.64851109932e-08, 2.52254430677e-08, 1.70397864707e-08, 3.04849501198e-09],
        "min": [2.25497151935e-24, 3.84677102596e-23, 2.4936846158e-23, 1.59019606794e-23, 1.16619232439e-23, 3.07546002763e-24, 6.66401609282e-24, 2.46775207572e-23, 4.72474591888e-24, 8.2453209095e-24, 6.16989610433e-24, 7.18341236801e-24, 5.5140095376e-24, 7.94841496402e-24, 9.46253801942e-24, 1.27284466217e-23, 1.32340820073e-23, 9.0052527076e-24, 1.19231395443e-23, 1.3924898546e-23, 1.06528336732e-23, 1.03759813608e-23, 1.0566011642e-23, 6.66081252869e-24, 8.03754441339e-24, 7.32906212353e-24, 7.72364009313e-24, 4.61951108527e-24, 6.06006891695e-24, 9.39681170652e-24, 1.39830565274e-23, 1.50056206312e-23, 8.30527591602e-24, 8.17588221718e-24, 1.23992770541e-23, 9.98589595408e-24, 1.07650302043e-23, 1.09857905621e-23, 1.03298535082e-23, 1.05743104587e-23],
        "var": [1.13188903583e-07, 4.28492825222e-07, 1.63339075243e-06, 8.38208848108e-07, 2.14672894572e-07, 1.16508786618e-07, 1.52883032456e-07, 1.25618200286e-07, 2.68072739118e-07, 2.81314584072e-07, 6.90970296091e-07, 1.06997958937e-07, 3.26878364376e-08, 7.37143821539e-08, 1.95338927256e-08, 3.19286073136e-08, 1.33669260549e-07, 4.56470132804e-08, 1.43014515785e-08, 6.74982514326e-09, 7.15227344017e-09, 1.47095065017e-08, 5.76642422701e-09, 5.67331426282e-09, 1.83229242889e-09, 3.1390046118e-10, 1.00491330535e-10, 8.02908919906e-11, 5.93200696897e-11, 4.72338800017e-11, 2.18614692321e-11, 1.33886695133e-11, 6.60248331702e-12, 3.66364143883e-12, 1.28862372162e-12, 5.27887249972e-13, 5.09842873215e-13, 3.42546656188e-13, 8.34263078541e-14, 1.40162463545e-14]
    },
    "mfcc": {
        "mean": [-733.553649902, 145.013046265, -15.2144842148, 23.3690643311, 4.28204059601, 7.702937603, -6.77686500549, 1.24692392349, 1.86628115177, 0.156687662005, -3.49847435951, -1.47680199146, -8.85048294067],
        "cov": [[16302.6962891, -1082.63317871, -2485.26196289, 915.191467285, -499.454223633, -86.7271194458, -416.102172852, 62.5252571106, -312.699798584, 165.979751587, 63.0399742126, 441.58026123, -40.4386291504], [-1082.63317871, 1435.64404297, 301.62600708, 165.004074097, 215.092132568, 78.6993713379, 220.447677612, 8.39385795593, 106.992996216, -28.8637981415, 53.0368118286, 57.3536720276, -10.9500570297], [-2485.26196289, 301.62600708, 1281.92358398, 61.5287895203, 113.707504272, 51.741481781, 115.86063385, -73.1356811523, 36.2943840027, -27.6769504547, -21.2234134674, -98.2414627075, -50.0264472961], [915.191467285, 165.004074097, 61.5287895203, 564.544921875, 185.445495605, 54.6007156372, 47.5354118347, -23.7201156616, -49.8077545166, 48.1275520325, 10.8237533569, 91.7229003906, -8.91067790985], [-499.454223633, 215.092132568, 113.707504272, 185.445495605, 324.051818848, 58.3295822144, 79.5978240967, -34.1247825623, 8.24248600006, 41.7661476135, 1.43859815598, 46.788105011, 22.2551136017], [-86.7271194458, 78.6993713379, 51.741481781, 54.6007156372, 58.3295822144, 176.684738159, 92.9429779053, 13.3321323395, 0.673976063728, 27.5311737061, 20.7348613739, 30.7271118164, -17.1818637848], [-416.102172852, 220.447677612, 115.86063385, 47.5354118347, 79.5978240967, 92.9429779053, 238.451690674, 19.637506485, 25.2029819489, 19.6227989197, 10.2362623215, 42.3049888611, -9.75123214722], [62.5252571106, 8.39385795593, -73.1356811523, -23.7201156616, -34.1247825623, 13.3321323395, 19.637506485, 122.081054688, 33.9586143494, 15.9136676788, 7.69563436508, -6.19139814377, -2.92874670029], [-312.699798584, 106.992996216, 36.2943840027, -49.8077545166, 8.24248600006, 0.673976063728, 25.2029819489, 33.9586143494, 152.093399048, 14.0650501251, 14.6700220108, -10.6111497879, -4.03502035141], [165.979751587, -28.8637981415, -27.6769504547, 48.1275520325, 41.7661476135, 27.5311737061, 19.6227989197, 15.9136676788, 14.0650501251, 154.348175049, 29.1978244781, 31.187292099, -28.9522686005], [63.0399742126, 53.0368118286, -21.2234134674, 10.8237533569, 1.43859815598, 20.7348613739, 10.2362623215, 7.69563436508, 14.6700220108, 29.1978244781, 93.7510604858, 35.2345581055, 8.72565746307], [441.58026123, 57.3536720276, -98.2414627075, 91.7229003906, 46.788105011, 30.7271118164, 42.3049888611, -6.19139814377, -10.6111497879, 31.187292099, 35.2345581055, 140.064407349, 29.5638084412], [-40.4386291504, -10.9500570297, -50.0264472961, -8.91067790985, 22.2551136017, -17.1818637848, -9.75123214722, -2.92874670029, -4.03502035141, -28.9522686005, 8.72565746307, 29.5638084412, 104.409584045]],
