{
"lowlevel": {
    "average_loudness": 0.959861695766,
    "barkbands_crest": {
        "dmean": 2.49318957329,
        "dmean2": 3.91319274902,
        "dvar": 4.84568738937,
        "dvar2": 12.257021904,
        "max": 25.7023906708,
        "mean": 13.9154558182,
        "median": 12.9930238724,
        "min": 5.20532464981,
        "var": 23.8820114136
    },
    "barkbands_flatness_db": {
        "dmean": 0.0270061939955,
        "dmean2": 0.040155697614,
        "dvar": 0.000545088376384,
        "dvar2": 0.00114298763219,
        "max": 0.43725425005,
        "mean": 0.285211801529,
        "median": 0.284026831388,
        "min": 0.156916826963,
        "var": 0.00277882767841
    },
    "barkbands_kurtosis": {
        "dmean": 7.48904418945,
        "dmean2": 11.1317634583,
        "dvar": 110.251014709,
        "dvar2": 258.02142334,
        "max": 256.336914062,
        "mean": 18.6446170807,
        "median": 13.9227657318,
        "min": -0.0531322956085,
        "var": 361.457946777
    },
    "barkbands_skewness": {
        "dmean": 0.66690737009,
        "dmean2": 0.997157275677,
        "dvar": 0.449582397938,
        "dvar2": 1.05144226551,
        "max": 12.6640434265,
        "mean": 2.54712963104,
        "median": 2.32631731033,
        "min": -0.23977509141,
        "var": 2.17851495743
    },
    "barkbands_spread": {
        "dmean": 1.30606245995,
        "dmean2": 1.98172700405,
        "dvar": 2.41104125977,
        "dvar2": 5.80369853973,
        "max": 16.8675441742,
        "mean": 3.93112802505,
        "median": 3.29613471031,
        "min": 0.256761848927,
        "var": 6.5309548378
    },
    "dissonance": {
        "dmean": 0.0347116030753,
        "dmean2": 0.0561592802405,
        "dvar": 0.000822516391054,
        "dvar2": 0.00218609254807,
        "max": 0.497740030289,
        "mean": 0.384156793356,
        "median": 0.389773368835,
        "min": 0.189545601606,
        "var": 0.00299346353859
    },
    "dynamic_complexity": 2.63991069794,
    "erbbands_crest": {
        "dmean": 2.6082971096,
        "dmean2": 3.84292340279,
        "dvar": 5.24486970901,
        "dvar2": 11.3564071655,
        "max": 30.2226791382,
        "mean": 14.3818731308,
        "median": 13.5059080124,
        "min": 3.88712573051,
        "var": 28.7670326233
    },
    "erbbands_flatness_db": {
        "dmean": 0.0216369833797,
        "dmean2": 0.0279333684593,
        "dvar": 0.000429196399637,
        "dvar2": 0.000681204721332,
        "max": 0.422006726265,
        "mean": 0.26780372858,
        "median": 0.26800173521,
        "min": 0.137659609318,
        "var": 0.00258973077871
    },
    "erbbands_kurtosis": {
        "dmean": 2.9397854805,
        "dmean2": 4.24444246292,
        "dvar": 12.5080604553,
        "dvar2": 26.8687267303,
        "max": 51.48670578,
        "mean": 6.42204141617,
        "median": 4.19573879242,
        "min": -1.18489420414,
        "var": 49.5849990845
    },
    "erbbands_skewness": {
        "dmean": 0.465147972107,
        "dmean2": 0.668387770653,
        "dvar": 0.173284009099,
        "dvar2": 0.369104981422,
        "max": 6.00484800339,
        "mean": 1.91085922718,
        "median": 1.77123248577,
        "min": -0.463624328375,
        "var": 0.930279195309
    },
    "erbbands_spread": {
        "dmean": 4.71082925797,
        "dmean2": 6.64027786255,
        "dvar": 40.7494049072,
        "dvar2": 82.6370620728,
        "max": 85.5885391235,
        "mean": 15.7961969376,
        "median": 13.2578268051,
        "min": 1.82557523251,
        "var": 106.953598022
    },
    "hfc": {
        "dmean": 1.79129302502,
        "dmean2": 2.44735908508,
        "dvar": 2.90502905846,
        "dvar2": 5.99150657654,
        "max": 26.7074661255,
        "mean": 7.41323280334,
        "median": 6.41283369064,
        "min": 0.000118906478747,
        "var": 24.410150528
    },
    "melbands_crest": {
        "dmean": 2.8869395256,
        "dmean2": 4.61625862122,
        "dvar": 6.76401185989,
        "dvar2": 19.0921192169,
        "max": 30.6167125702,
        "mean": 15.8688755035,
        "median": 15.235162735,
        "min": 6.03668689728,
        "var": 24.4696941376
    },
    "melbands_flatness_db": {
        "dmean": 0.0283928681165,
        "dmean2": 0.0396606773138,
        "dvar": 0.000762146024499,
        "dvar2": 0.00139519979712,
        "max": 0.52592164278,
        "mean": 0.348997861147,
        "median": 0.347883760929,
        "min": 0.184757620096,
        "var": 0.00391611177474
    },
    "melbands_kurtosis": {
        "dmean": 8.65792179108,
        "dmean2": 13.2168741226,
        "dvar": 143.607696533,
        "dvar2": 338.882019043,
        "max": 175.93661499,
        "mean": 20.3398017883,
        "median": 13.799041748,
        "min": 0.383476018906,
        "var": 382.83972168
    },
    "melbands_skewness": {
        "dmean": 0.689734697342,
        "dmean2": 1.04178822041,
        "dvar": 0.525498747826,
        "dvar2": 1.13871085644,
        "max": 9.07846260071,
        "mean": 2.45186018944,
        "median": 2.17746376991,
        "min": -0.839197397232,
        "var": 2.23933315277
    },
    "melbands_spread": {
        "dmean": 1.30939364433,
        "dmean2": 1.96290242672,
        "dvar": 1.92990326881,
        "dvar2": 4.91277313232,
        "max": 17.0673484802,
        "mean": 4.67188978195,
        "median": 4.14142417908,
        "min": 0.505340874195,
        "var": 6.71513795853
    },
    "pitch_salience": {
        "dmean": 0.0726688578725,
        "dmean2": 0.115179918706,
        "dvar": 0.00365069741383,
        "dvar2": 0.00962618552148,
        "max": 0.778460741043,
        "mean": 0.514632344246,
        "median": 0.523587942123,
        "min": 0.161802187562,
        "var": 0.0144688347355
    },
    "silence_rate_20dB": {
        "dmean": 0,
        "dmean2": 0,
        "dvar": 0,
        "dvar2": 0,
        "max": 1,
        "mean": 1,
        "median": 1,
        "min": 1,
        "var": 0
    },
    "silence_rate_30dB": {
        "dmean": 0,
        "dmean2": 0,
        "dvar": 0,
        "dvar2": 0,
        "max": 1,
        "mean": 1,
        "median": 1,
        "min": 1,
        "var": 0
    },
    "silence_rate_60dB": {
        "dmean": 0.00775193795562,
        "dmean2": 0.0155159039423,
        "dvar": 0.00769183412194,
        "dvar2": 0.0168264564127,
        "max": 1,
        "mean": 0.0340821072459,
        "median": 0,
        "min": 0,
        "var": 0.0329205095768
    },
    "spectral_centroid": {
        "dmean": 42.8606529236,
        "dmean2": 68.48777771,
        "dvar": 2843.54663086,
        "dvar2": 7213.07226562,
        "max": 775.003112793,
        "mean": 372.659973145,
        "median": 363.860717773,
        "min": 205.48008728,
        "var": 6572.40039062
    },
    "spectral_complexity": {
        "dmean": 1.25426352024,
        "dmean2": 2.11869668961,
        "dvar": 1.23768126965,
        "dvar2": 3.06192708015,
        "max": 17,
        "mean": 8.10147190094,
        "median": 8,
        "min": 0,
        "var": 4.26931476593
    },
    "spectral_decrease": {
        "dmean": 1.64796387647e-09,
        "dmean2": 2.3779103131e-09,
        "dvar": 2.249544766e-18,
        "dvar2": 5.31573599946e-18,
        "max": -9.10885746713e-14,
        "mean": -6.10820283242e-09,
        "median": -5.1854081029e-09,
        "min": -2.55810483907e-08,
        "var": 1.9193204102e-17
    },
    "spectral_energy": {
        "dmean": 0.00637318892404,
        "dmean2": 0.00918302312493,
        "dvar": 3.35987788276e-05,
        "dvar2": 7.90320627857e-05,
        "max": 0.0988112390041,
        "mean": 0.0237261764705,
        "median": 0.0201450344175,
        "min": 3.54573899131e-07,
        "var": 0.000287757924525
    },
    "spectral_energyband_high": {
        "dmean": 2.71953667834e-05,
        "dmean2": 3.91946268792e-05,
        "dvar": 4.63549287844e-09,
        "dvar2": 1.0425655006e-08,
        "max": 0.000750486389734,
        "mean": 3.50696318492e-05,
        "median": 8.58756084199e-06,
        "min": 4.52746756752e-10,
        "var": 5.83691806e-09
    },
    "spectral_energyband_low": {
        "dmean": 0.00135592964943,
        "dmean2": 0.00245275790803,
        "dvar": 3.76587149731e-06,
        "dvar2": 1.21110451801e-05,
        "max": 0.0239505432546,
        "mean": 0.00263201142661,
        "median": 0.00192500802223,
        "min": 4.3786069881e-08,
        "var": 6.42873055767e-06
    },
    "spectral_energyband_middle_high": {
        "dmean": 0.000183013806236,
        "dmean2": 0.000275097670965,
        "dvar": 5.28125383426e-08,
        "dvar2": 1.16488450885e-07,
        "max": 0.00416649505496,
        "mean": 0.000570589210838,
        "median": 0.000480595859699,
        "min": 1.35388136258e-08,
        "var": 1.82177785746e-07
    },
    "spectral_energyband_middle_low": {
        "dmean": 0.00619353400543,
        "dmean2": 0.00881911721081,
        "dvar": 3.20789549733e-05,
        "dvar2": 7.48314560042e-05,
        "max": 0.096511669457,
        "mean": 0.0217451695353,
        "median": 0.0179947968572,
        "min": 2.98664986076e-07,
        "var": 0.000280193111394
    },
    "spectral_entropy": {
        "dmean": 0.25708335638,
        "dmean2": 0.347085684538,
        "dvar": 0.0695372745395,
        "dvar2": 0.120151057839,
        "max": 7.63270950317,
        "mean": 6.07899284363,
        "median": 6.04990959167,
        "min": 4.61506700516,
        "var": 0.319310903549
    },
    "spectral_flux": {
        "dmean": 0.0157873537391,
        "dmean2": 0.0258353613317,
        "dvar": 0.000219473804464,
        "dvar2": 0.000548497075215,
        "max": 0.166308373213,
        "mean": 0.0521835051477,
        "median": 0.0489031970501,
        "min": 0.000595461053308,
        "var": 0.000523261202034
    },
    "spectral_kurtosis": {
        "dmean": 10.751704216,
        "dmean2": 17.214881897,
        "dvar": 125.253097534,
        "dvar2": 290.417724609,
        "max": 130.472335815,
        "mean": 24.0164203644,
        "median": 17.9618053436,
        "min": -0.162314176559,
        "var": 401.504211426
    },
    "spectral_rms": {
        "dmean": 0.000665597675834,
        "dmean2": 0.000960117904469,
        "dvar": 2.99674127291e-07,
        "dvar2": 7.30053045572e-07,
        "max": 0.00981841143221,
        "mean": 0.0045103924349,
        "median": 0.00443324865773,
        "min": 1.85990793398e-05,
        "var": 2.80386802842e-06
    },
    "spectral_rolloff": {
        "dmean": 51.8965835571,
        "dmean2": 93.0319671631,
        "dvar": 9206.046875,
        "dvar2": 21990.5488281,
        "max": 1162.79296875,
        "mean": 394.835296631,
        "median": 387.59765625,
        "min": 193.798828125,
        "var": 14499.3945312
    },
    "spectral_skewness": {
        "dmean": 0.790826439857,
        "dmean2": 1.22428238392,
        "dvar": 0.50848954916,
        "dvar2": 1.13262689114,
        "max": 8.96335983276,
        "mean": 3.61067843437,
        "median": 3.38656926155,
        "min": 0.837446510792,
        "var": 2.03438329697
    },
    "spectral_spread": {
        "dmean": 578931.5625,
        "dmean2": 816165.8125,
        "dvar": 626809896960,
        "dvar2": 847555919872,
        "max": 22061788,
        "mean": 2586169,
        "median": 2287580,
        "min": 666213.0625,
        "var": 1.53651721011e+12
    },
    "spectral_strongpeak": {
        "dmean": 0.338646382093,
        "dmean2": 0.482428878546,
        "dvar": 0.115473084152,
        "dvar2": 0.228585258126,
        "max": 4.9045381546,
        "mean": 1.17306292057,
        "median": 0.980192542076,
        "min": 0.00239506270736,
        "var": 0.648045599461
    },
    "zerocrossingrate": {
        "dmean": 0.0029361222405,
        "dmean2": 0.00383541313931,
        "dvar": 1.23743211589e-05,
        "dvar2": 1.82944386324e-05,
        "max": 0.06005859375,
        "mean": 0.0191537868232,
        "median": 0.017578125,
        "min": 0.00732421875,
        "var": 4.20872893301e-05
    },
    "barkbands": {
        "dmean": [3.21051666106e-05, 0.00042248191312, 0.000332285213517, 0.00209482386708, 0.0028362730518, 0.00286606303416, 0.000700084434357, 0.000103495724034, 0.000142710632645, 9.82820638455e-05, 8.69627911015e-05, 6.13889351371e-05, 2.74683934549e-05, 1.72545551322e-05, 2.02455812541e-05, 4.13119096265e-06, 6.22021116214e-06, 4.21473896495e-06, 3.73733746528e-06, 4.00615681428e-06, 5.21797574038e-06, 9.20235561352e-06, 3.58821830559e-06, 9.42746828514e-06, 1.33879518671e-06, 1.68607905415e-09, 1.12003650798e-09],
        "dmean2": [4.96727479913e-05, 0.000724627578165, 0.000596326717641, 0.00373129779473, 0.00404502870515, 0.00359542737715, 0.000945732055698, 0.000148859049659, 0.000215110732825, 0.000145344602061, 0.000135407404741, 9.29707966861e-05, 4.23822457378e-05, 2.66698771156e-05, 3.42406456184e-05, 6.35997866993e-06, 9.40943482419e-06, 6.74579041515e-06, 5.68952054891e-06, 6.21051140115e-06, 7.94485731603e-06, 1.47501123138e-05, 5.5498940128e-06, 1.47327837112e-05, 2.19732169171e-06, 2.96861868421e-09, 2.11123896143e-09],
        "dvar": [4.46305392643e-09, 7.34033392291e-07, 1.71761996626e-07, 8.53050369187e-06, 1.2401073036e-05, 1.47357477545e-05, 1.40934116644e-06, 2.0788109012e-08, 4.49898678312e-08, 2.7610786546e-08, 3.68812926865e-08, 1.01242543238e-08, 2.92945978586e-09, 1.1766492225e-09, 9.13796538438e-10, 7.30063370868e-11, 1.22690552162e-10, 7.77488767811e-11, 7.33153884824e-11, 1.09162935635e-10, 1.86543405722e-10, 1.07550701678e-09, 8.19696532872e-11, 5.92568549784e-10, 1.56558863096e-11, 9.57594486955e-18, 2.58380762436e-18],
        "dvar2": [9.04576236138e-09, 1.92334573512e-06, 5.0827816267e-07, 2.70582568191e-05, 2.55544600805e-05, 2.41835950874e-05, 2.41037741944e-06, 4.83688289421e-08, 1.02563511462e-07, 5.72019303036e-08, 8.6794472054e-08, 2.04048742347e-08, 7.12867320729e-09, 2.98927793629e-09, 2.55990451059e-09, 1.57712412574e-10, 2.80421741383e-10, 1.83993195679e-10, 1.77041881155e-10, 2.75195949362e-10, 4.0357950315e-10, 2.79491296773e-09, 2.009632738e-10, 1.48448375814e-09, 4.07738322272e-11, 2.62931930845e-17, 8.95425825503e-18],
        "max": [0.00125677557662, 0.011462292634, 0.00440651550889, 0.0318262204528, 0.0926104709506, 0.0582649149001, 0.0309466701001, 0.00177898234688, 0.00326131330803, 0.00220351549797, 0.003148364136, 0.00230591604486, 0.000955208786763, 0.000603290216532, 0.000453707150882, 0.000153256696649, 0.000112400353828, 0.00010550312436, 0.000125986654893, 0.000113995643915, 0.000192595500266, 0.000450346240541, 8.95367120393e-05, 0.000265439710347, 3.84938102798e-05, 4.5276163263e-08, 1.23652741379e-08],
        "mean": [6.93024485372e-05, 0.000919993384741, 0.00044311574311, 0.00320190982893, 0.0082172062248, 0.00801626592875, 0.00163185643032, 0.00020929146558, 0.000311727373628, 0.000207870412851, 0.000159444025485, 0.000133003326482, 5.79618354095e-05, 3.67546163034e-05, 3.74802548322e-05, 8.15534713183e-06, 1.25385440697e-05, 6.78907190377e-06, 7.25839845472e-06, 5.59505633646e-06, 6.439317076e-06, 9.44135354075e-06, 4.29633337262e-06, 1.12375455501e-05, 1.26006648316e-06, 1.53752655052e-09, 8.81785477969e-10],
        "median": [1.85533936019e-05, 0.000556990853511, 0.000273926212685, 0.00145492318552, 0.00370417209342, 0.0040906118229, 0.000835121551063, 0.000136507791467, 0.000162441690918, 8.25859169709e-05, 4.58264948975e-05, 6.08450318396e-05, 2.6254743716e-05, 1.68344995473e-05, 2.93594184768e-05, 4.7592957344e-06, 8.0725603766e-06, 3.2925843243e-06, 4.32206024925e-06, 2.21663003686e-06, 1.55352904585e-06, 1.61263437803e-06, 1.36440291953e-06, 2.35459106079e-06, 2.13350347167e-07, 6.20801576812e-10, 3.06237646353e-10],
        "min": [2.46406717253e-09, 3.60525405085e-08, 3.71126462895e-09, 4.27511137602e-09, 1.14904047166e-07, 1.31964554839e-07, 3.49502506936e-08, 3.98101063226e-09, 4.83829198927e-09, 8.48353742811e-09, 7.54284801285e-10, 2.73999156697e-09, 9.10474140525e-10, 7.58727802808e-10, 1.06149555812e-09, 1.62712815444e-10, 3.61971036478e-10, 1.92200005911e-10, 7.73048569602e-11, 4.07626710164e-11, 7.14434414406e-11, 1.42060391228e-10, 2.84399222922e-11, 1.62659358205e-10, 9.70869565298e-12, 2.27606800594e-12, 3.94733681505e-12],
        "var": [1.31933877157e-08, 1.25488872982e-06, 2.68375657697e-07, 2.03175550268e-05, 0.000190177859622, 9.73761780187e-05, 4.94630421599e-06, 5.22424699057e-08, 1.54491388571e-07, 9.64134585502e-08, 8.15940808252e-08, 4.18947756486e-08, 7.75296271627e-09, 2.84887757829e-09, 1.12867137858e-09, 1.33981353789e-10, 2.03069394633e-10, 1.04860994887e-10, 8.86757611784e-11, 1.15527303002e-10, 2.33132041449e-10, 9.19966380852e-10, 8.25368592916e-11, 6.48134712566e-10, 1.24839635157e-11, 8.31143717586e-18, 2.12810431232e-18]
    },
    "erbbands": {
        "dmean": [0.00944610964507, 0.107903271914, 0.372361391783, 3.55118823051, 10.3985729218, 9.07895374298, 12.0453281403, 24.4292354584, 16.396818161, 5.79602193832, 2.16331481934, 2.73226666451, 4.72504806519, 1.81590354443, 2.88212990761, 2.91510009766, 1.24793922901, 1.1303576231, 1.05992341042, 0.640119671822, 0.247375056148, 0.320115476847, 0.245266020298, 0.168902397156, 0.196940302849, 0.181491866708, 0.121249459684, 0.311882019043, 0.356377899647, 0.149596735835, 0.11448019743, 0.16667625308, 0.16557712853, 0.0354414545, 0.00117238191888, 6.18353224127e-05, 7.08492189005e-06, 1.46479374052e-06, 2.95105314763e-06, 7.01569479133e-06],
        "dmean2": [0.0148917110637, 0.190381869674, 0.669454276562, 6.43624448776, 16.4962005615, 12.0421705246, 14.2352552414, 31.3206977844, 22.5989608765, 7.41756439209, 3.16690087318, 4.11110973358, 7.01150131226, 2.63851690292, 4.56203460693, 4.38958454132, 1.93611109257, 1.69857597351, 1.81366431713, 1.03312599659, 0.375914096832, 0.489190280437, 0.384758651257, 0.259877979755, 0.305198758841, 0.281268537045, 0.178038313985, 0.471712917089, 0.567986369133, 0.240487232804, 0.176691919565, 0.258942633867, 0.262116491795, 0.0556163042784, 0.00189370731823, 9.97011957224e-05, 1.11832769107e-05, 2.40474128077e-06, 4.22681705459e-06, 1.00936704257e-05],
        "dvar": [0.000581330154091, 0.0413615629077, 0.195283412933, 28.1309356689, 182.639282227, 267.424987793, 401.783111572, 1190.65722656, 847.75213623, 98.1136779785, 8.94468688965, 16.4291992188, 65.6721420288, 6.72125196457, 45.1526679993, 23.5669441223, 6.30125188828, 4.04606246948, 2.92367720604, 0.695352494717, 0.189250990748, 0.342376708984, 0.290615111589, 0.171348497272, 0.188164204359, 0.245686605573, 0.0753231048584, 0.761431336403, 1.79609966278, 0.18936291337, 0.0847000256181, 0.217262014747, 0.198424741626, 0.00920593645424, 1.31547003548e-05, 3.15533199569e-08, 1.90198218286e-10, 5.96871120237e-12, 7.37035345949e-12, 4.07348599296e-11],
        "dvar2": [0.00143700547051, 0.112205654383, 0.582685470581, 93.0071792603, 471.782836914, 421.839935303, 454.981079102, 2033.56384277, 1531.29589844, 165.879882812, 19.8398189545, 35.4056167603, 154.934341431, 12.7846441269, 106.531822205, 46.4051895142, 15.7395477295, 9.15390491486, 8.25786209106, 1.7004442215, 0.40412029624, 0.799805819988, 0.675823032856, 0.419321358204, 0.458358675241, 0.633211970329, 0.165878593922, 1.62488675117, 4.66535425186, 0.481199622154, 0.208609879017, 0.572191774845, 0.496643394232, 0.0233380608261, 3.44083309756e-05, 8.1657240969e-08, 4.77882067251e-10, 1.54328667901e-11, 1.68014890195e-11, 9.51543427385e-11],
        "max": [0.319201022387, 2.61443781853, 5.47530269623, 51.7084693909, 141.768417358, 522.629150391, 613.751159668, 510.186889648, 559.374633789, 202.037826538, 40.2597579956, 47.3656349182, 88.541595459, 44.6524658203, 120.964012146, 104.341293335, 45.9070396423, 32.6208190918, 24.4137973785, 12.1198883057, 5.37602472305, 6.27831363678, 7.4003162384, 6.7574338913, 5.16126155853, 5.83147144318, 2.87561702728, 11.4448356628, 19.6123714447, 5.96588420868, 2.77060341835, 5.60909366608, 5.71129417419, 1.10929906368, 0.0586604289711, 0.00284885102883, 0.000172582804225, 3.03113647533e-05, 4.58067988802e-05, 0.000108638960228],
        "mean": [0.0221696291119, 0.214076325297, 0.607719242573, 5.57363939285, 17.0785522461, 35.0204696655, 39.9686203003, 65.0710678101, 39.0747299194, 14.1723928452, 4.67485618591, 6.28107690811, 10.4087457657, 4.33084344864, 5.49573421478, 6.36918306351, 3.00494289398, 2.57323932648, 1.84719538689, 1.16034150124, 0.551723659039, 0.698062062263, 0.419721007347, 0.297797560692, 0.363908708096, 0.256945043802, 0.17209802568, 0.363497108221, 0.358906507492, 0.15970993042, 0.140393689275, 0.192282661796, 0.19665235281, 0.0388487540185, 0.00122905999888, 7.79639958637e-05, 1.42528197102e-05, 2.55347072198e-06, 1.13292981041e-05, 2.63341462414e-05],
        "median": [0.0104399062693, 0.126675099134, 0.460958093405, 2.5945045948, 11.5936908722, 9.28849411011, 13.8540220261, 30.3944797516, 15.1825447083, 8.01227474213, 3.42343449593, 3.51898479462, 3.8180937767, 2.69837260246, 2.6949005127, 3.18648529053, 1.68569731712, 1.19759857655, 1.36055874825, 0.854978322983, 0.361057549715, 0.482103019953, 0.21065364778, 0.16217379272, 0.212196305394, 0.101866573095, 0.0608656220138, 0.0669272094965, 0.0572517812252, 0.0378406085074, 0.0466090627015, 0.0481820218265, 0.03938896209, 0.00691730901599, 0.000230960300541, 2.78903717117e-05, 9.67564574239e-06, 1.67384871474e-06, 9.7000538517e-06, 2.23927145271e-05],
        "min": [1.23587881262e-06, 7.12506107448e-06, 7.10266522219e-06, 9.96109974949e-06, 0.000189520505955, 0.000460951094283, 0.000322194217006, 0.0013477706816, 0.00109126570169, 6.7874265369e-05, 0.000106517254608, 7.09107916919e-05, 0.000340621802025, 0.000119453383377, 4.03805315727e-05, 0.000101461359009, 3.47210116161e-05, 4.63083997602e-05, 7.34745408408e-05, 2.44138445851e-05, 1.01326468211e-05, 2.10868893191e-05, 1.15420571092e-05, 4.50824290965e-06, 3.59677051165e-06, 2.19674871005e-06, 2.55357258538e-06, 3.01074555864e-06, 5.10251402375e-06, 2.79403616332e-06, 1.14156671316e-06, 1.66224219811e-06, 3.59084265256e-06, 4.89231240408e-07, 3.75324091806e-08, 1.04183062177e-08, 4.04416677924e-09, 1.84889736854e-09, 7.34987348761e-10, 4.51746279273e-10],
        "var": [0.000986803788692, 0.0699311718345, 0.307534694672, 59.7429008484, 298.505462646, 6573.04199219, 4727.68847656, 7025.98974609, 3694.97607422, 377.808441162, 20.5538635254, 53.1600494385, 221.033401489, 25.337272644, 79.7499847412, 91.3642501831, 16.7168121338, 13.0907964706, 3.25237107277, 1.20722711086, 0.366980314255, 0.547751486301, 0.394851475954, 0.195201411843, 0.229779496789, 0.251004904509, 0.101122178137, 0.948779642582, 1.50943875313, 0.169637650251, 0.0848530977964, 0.190892219543, 0.225646495819, 0.00923360511661, 1.1552217984e-05, 2.96487634444e-08, 2.57489307653e-10, 8.24173802122e-12, 6.27621704608e-11, 3.49801465571e-10]
    },
    "gfcc": {
        "mean": [-115.806022644, 183.313583374, -107.023452759, 25.4534187317, -76.1441574097, 3.9213643074, -42.9081001282, -25.1353778839, -8.42478084564, -26.1498203278, 13.1028966904, -20.3159179688, 8.93450260162],
        "cov": [[2641.40405273, -614.495056152, -101.185836792, 359.123535156, -286.623046875, 132.620605469, -153.155044556, 54.0642814636, -101.37815094, -25.2498855591, -45.1332359314, -38.5360183716, 39.2638168335], [-614.495056152, 626.969970703, 96.3094329834, -361.374664307, 245.602935791, -163.360031128, 156.910232544, -68.3925476074, 75.9049072266, -2.73176598549, 52.6290512085, 35.7134361267, -17.0368881226], [-101.185836792, 96.3094329834, 189.525802612, -27.8273944855, 37.5073356628, -55.5730209351, 16.3061199188, -31.0838909149, -1.75738704205, 9.71213626862, -10.2490215302, 20.8419742584, 0.36993688345], [359.123535156, -361.374664307, -27.8273944855, 370.273895264, -87.8334884644, 133.447433472, -59.9792289734, 69.3053894043, -23.6376819611, 9.98031234741, -18.711938858, -31.4257087708, 17.8694419861], [-286.623046875, 245.602935791, 37.5073356628, -87.8334884644, 182.840270996, -53.1747169495, 51.7151641846, -42.2097854614, 17.365447998, -7.31607151031, 14.3920497894, 9.61995315552, -10.3497104645], [132.620605469, -163.360031128, -55.5730209351, 133.447433472, -53.1747169495, 163.288345337, 7.65157318115, 65.4190979004, -0.462950855494, 17.7944793701, 10.5302667618, -2.77901554108, 16.6170749664], [-153.155044556, 156.910232544, 16.3061199188, -59.9792289734, 51.7151641846, 7.65157318115, 105.12727356, 23.7076950073, 32.245967865, 13.9296150208, 19.2885894775, 24.8780765533, 6.35722827911], [54.0642814636, -68.3925476074, -31.0838909149, 69.3053894043, -42.2097854614, 65.4190979004, 23.7076950073, 101.95401001, 29.3082447052, 26.3939533234, 13.8255176544, -0.767858803272, 14.2191829681], [-101.37815094, 75.9049072266, -1.75738704205, -23.6376819611, 17.365447998, -0.462950855494, 32.245967865, 29.3082447052, 71.7034454346, 34.567024231, 30.9553604126, 22.0432510376, 12.0466804504], [-25.2498855591, -2.73176598549, 9.71213626862, 9.98031234741, -7.31607151031, 17.7944793701, 13.9296150208, 26.3939533234, 34.567024231, 70.0334320068, 40.5254173279, 25.4343318939, 12.1885843277], [-45.1332359314, 52.6290512085, -10.2490215302, -18.711938858, 14.3920497894, 10.5302667618, 19.2885894775, 13.8255176544, 30.9553604126, 40.5254173279, 80.8043136597, 35.403175354, 14.0407238007], [-38.5360183716, 35.7134361267, 20.8419742584, -31.4257087708, 9.61995315552, -2.77901554108, 24.8780765533, -0.767858803272, 22.0432510376, 25.4343318939, 35.403175354, 68.3836364746, 28.2630023956], [39.2638168335, -17.0368881226, 0.36993688345, 17.8694419861, -10.3497104645, 16.6170749664, 6.35722827911, 14.2191829681, 12.0466804504, 12.1885843277, 14.0407238007, 28.2630023956, 48.408744812]],
        "icov": [[0.000515750085469, 0.000153768822202, 0.000100375444163, -0.000258876767475, 0.000469837541459, 0.000140113770613, 5.10813015353e-06, 6.09290291322e-05, 0.000382919446565, 0.000148616789375, -0.000152646141942, 4.40889307356e-05, -0.000349798705429], [0.000153768822202, 0.0344202257693, -0.00832508970052, 0.0185463968664, -0.0215987935662, 0.00937086064368, -0.0275055281818, 0.00453299144283, -0.0177137646824, 0.0117155117914, -0.0172133855522, 0.0189656224102, -0.00496919592842], [0.000100375444163, -0.00832508970052, 0.0090429354459, -0.00561668537557, 0.0046717915684, 0.000446973601356, 0.00498213246465, 0.000105715385871, 0.005738069769, -0.00583284115419, 0.00686336588115, -0.00719747832045, 0.00140513107181], [-0.000258876767475, 0.0185463968664, -0.00561668537557, 0.0154482768849, -0.0122290765867, 0.00128506834153, -0.0114621464163, 7.28670638637e-05, -0.00892682839185, 0.00558961601928, -0.00846545677632, 0.0118056628853, -0.00411744229496], [0.000469837541459, -0.0215987935662, 0.0046717915684, -0.0122290765867, 0.0228227395564, -0.00461197737604, 0.0124920587987, 0.00153235904872, 0.00937602203339, -0.0054724230431, 0.00839801784605, -0.0101704634726, 0.00341471284628], [0.000140113770613, 0.00937086064368, 0.000446973601356, 0.00128506834153, -0.00461197737604, 0.0149155175313, -0.0110924188048, -0.00227978732437, -0.00158662907779, 0.00173548632301, -0.00565581209958, 0.00469722691923, -0.00241726171225], [5.10813015353e-06, -0.0275055281818, 0.00498213246465, -0.0114621464163, 0.0124920587987, -0.0110924188048, 0.0393481068313, -0.0100628668442, 0.0114276399836, -0.00801602564752, 0.0147429723293, -0.019473483786, 0.00504329334944], [6.09290291322e-05, 0.00453299144283, 0.000105715385871, 7.28670638637e-05, 0.00153235904872, -0.00227978732437, -0.0100628668442, 0.020999295637, -0.00919984001666, -0.00101225613616, -0.00266524334438, 0.00728133553639, -0.0031520833727], [0.000382919446565, -0.0177137646824, 0.005738069769, -0.00892682839185, 0.00937602203339, -0.00158662907779, 0.0114276399836, -0.00919984001666, 0.0341501943767, -0.0141818998381, 0.00676033087075, -0.0113404067233, 0.000189997852431], [0.000148616789375, 0.0117155117914, -0.00583284115419, 0.00558961601928, -0.0054724230431, 0.00173548632301, -0.00801602564752, -0.00101225613616, -0.0141818998381, 0.0305265691131, -0.0154744489118, 0.00329621136189, -2.49477470788e-05], [-0.000152646141942, -0.0172133855522, 0.00686336588115, -0.00846545677632, 0.00839801784605, -0.00565581209958, 0.0147429723293, -0.00266524334438, 0.00676033087075, -0.0154744489118, 0.0309366695583, -0.0176811423153, 0.00328575307503], [4.40889307356e-05, 0.0189656224102, -0.00719747832045, 0.0118056628853, -0.0101704634726, 0.00469722691923, -0.019473483786, 0.00728133553639, -0.0113404067233, 0.00329621136189, -0.0176811423153, 0.0398277826607, -0.0171647761017], [-0.000349798705429, -0.00496919592842, 0.00140513107181, -0.00411744229496, 0.00341471284628, -0.00241726171225, 0.00504329334944, -0.0031520833727, 0.000189997852431, -2.49477470788e-05, 0.00328575307503, -0.0171647761017, 0.0315523184836]]
    },
    "melbands": {
        "dmean": [9.65744184214e-05, 0.000170007886481, 0.000842474109959, 0.000667981046718, 0.000423592195148, 0.000565103429835, 0.000228284843615, 5.13623635925e-05, 1.72202308022e-05, 1.88709109352e-05, 2.31833691942e-05, 6.55651729176e-06, 1.26835420815e-05, 7.23171751815e-06, 4.38888719145e-06, 2.79091318589e-06, 1.9376441287e-06, 1.60377612701e-06, 1.02077433439e-06, 6.12695487234e-07, 3.17601404731e-07, 3.88482902736e-07, 2.90301613859e-07, 1.7693737675e-07, 1.39034881386e-07, 1.57949955337e-07, 1.54647608497e-07, 1.16627461466e-07, 6.95648196825e-08, 8.24755375106e-08, 2.3923740855e-07, 2.60896428017e-07, 1.1251955101e-07, 6.56240928265e-08, 5.55721015871e-08, 1.08925370057e-07, 9.60276338446e-08, 1.07737776034e-07, 9.57767696264e-08, 1.39347191563e-08],
        "dmean2": [0.000158453316544, 0.000302135391394, 0.00144493719563, 0.000986750121228, 0.000503641669638, 0.000718485913239, 0.000313122814987, 6.65350380586e-05, 2.53245289059e-05, 2.8339387427e-05, 3.43795582012e-05, 9.38783523452e-06, 1.99401747523e-05, 1.09909224193e-05, 6.62018601361e-06, 4.21387176175e-06, 2.91641435979e-06, 2.74428657576e-06, 1.72241982455e-06, 9.70929249888e-07, 4.84425299874e-07, 5.88220814279e-07, 4.67045367714e-07, 2.84649502191e-07, 2.15954457872e-07, 2.42709717213e-07, 2.48998219377e-07, 1.82596366471e-07, 1.03056429168e-07, 1.2487257095e-07, 3.66786366612e-07, 4.29218744102e-07, 1.8676458069e-07, 1.05597884215e-07, 8.57302921986e-08, 1.78840195986e-07, 1.47129910033e-07, 1.69062175814e-07, 1.53681867232e-07, 2.33456773913e-08],
        "dvar": [4.97877152839e-08, 5.28141690381e-08, 1.1859915503e-06, 6.80806522269e-07, 4.11151404478e-07, 5.93200127241e-07, 1.55099698418e-07, 7.96221222288e-09, 5.18892484536e-10, 6.96060820093e-10, 1.58027912978e-09, 9.40599820254e-11, 8.9631196909e-10, 1.54460041979e-10, 4.33685830303e-11, 2.34920763398e-11, 1.28742849714e-11, 7.48270369277e-12, 2.32390257211e-12, 8.41110709728e-13, 3.14225777559e-13, 4.58005378415e-13, 4.50370372506e-13, 1.1590561681e-13, 1.25370593356e-13, 1.07910235652e-13, 1.66838263582e-13, 1.02516919378e-13, 2.56739938418e-14, 3.76604671927e-14, 5.20859017809e-13, 1.26610321619e-12, 1.09813125661e-13, 3.62028115819e-14, 1.78955869492e-14, 1.4941867188e-13, 5.56570069166e-14, 7.7410944137e-14, 7.15578854851e-14, 2.24261840719e-15],
        "dvar2": [1.26742079942e-07, 1.51408571014e-07, 3.59300429409e-06, 1.55423231263e-06, 5.16557065566e-07, 1.01894795534e-06, 2.85294021296e-07, 1.35502853382e-08, 1.1368792574e-09, 1.57259161249e-09, 3.72087716194e-09, 1.67942673657e-10, 2.11099471237e-09, 3.20079379668e-10, 8.9259960534e-11, 5.96239516093e-11, 3.02729230572e-11, 2.12768361957e-11, 6.33232832489e-12, 1.84994120717e-12, 6.97330756506e-13, 1.07131491178e-12, 1.13662746749e-12, 2.65888575263e-13, 3.15432630103e-13, 2.5936203055e-13, 4.28470681244e-13, 2.66379122536e-13, 5.78900059942e-14, 8.19328735717e-14, 1.1508661862e-12, 3.389103451e-12, 2.88958174879e-13, 9.22606311011e-14, 4.28264906448e-14, 4.15702547255e-13, 1.38754012078e-13, 1.93562993325e-13, 1.8162434176e-13, 6.02446169801e-15],
        "max": [0.00302025210112, 0.00293041067198, 0.0111718345433, 0.0193676892668, 0.0171074345708, 0.0112742139027, 0.00748879555613, 0.001807624707, 0.000276936363662, 0.00036173130502, 0.000432374654338, 0.000194955035113, 0.000516003812663, 0.000297721970128, 9.59709723247e-05, 8.24872986414e-05, 5.41431545571e-05, 3.70675370505e-05, 2.16628868657e-05, 1.83013507922e-05, 6.78827655065e-06, 7.09323239789e-06, 9.23400966713e-06, 4.16442753703e-06, 6.02523823545e-06, 3.92324454879e-06, 5.4407519201e-06, 4.22971925218e-06, 1.65492087945e-06, 3.0346513995e-06, 1.011164386e-05, 1.74237593455e-05, 3.92254833059e-06, 2.5515910238e-06, 1.25548694996e-06, 5.08874927618e-06, 2.3553536721e-06, 3.3678836644e-06, 3.60010767508e-06, 7.07382525889e-07],
        "mean": [0.000225975134526, 0.000293931312626, 0.00134283071384, 0.0017982351128, 0.00151963881217, 0.00152266980149, 0.000541326415259, 0.000119412477943, 3.41884915542e-05, 4.22844932473e-05, 5.04812051076e-05, 1.5156304471e-05, 2.29917695833e-05, 1.51058138727e-05, 1.0174736417e-05, 6.31748980595e-06, 4.13851012127e-06, 2.72183024208e-06, 1.85206715742e-06, 1.09444943064e-06, 5.98163182985e-07, 8.10174014987e-07, 4.85796931571e-07, 2.67435467549e-07, 2.18670450636e-07, 3.16563045999e-07, 2.01876360961e-07, 1.6141412118e-07, 9.98319578116e-08, 1.08538834809e-07, 2.64580648945e-07, 2.47863425784e-07, 1.16752566726e-07, 6.68661144232e-08, 6.90248143087e-08, 1.12347557035e-07, 1.17171964575e-07, 1.28689521262e-07, 1.08237948382e-07, 1.17313794235e-08],
        "median": [0.000137280716444, 0.000222688729991, 0.000746963487472, 0.000859260268044, 0.000483054522192, 0.000746448873542, 0.000203354604309, 5.96543577558e-05, 2.25092462642e-05, 2.43064187089e-05, 1.74825709109e-05, 8.49363914313e-06, 7.46491605241e-06, 5.77996934226e-06, 6.02148020334e-06, 3.13324107992e-06, 1.82039286756e-06, 1.94617314264e-06, 1.4356697875e-06, 7.36263416456e-07, 3.34151053494e-07, 5.59853958748e-07, 2.62337664481e-07, 1.31663838943e-07, 1.07336731503e-07, 2.00656472771e-07, 8.16202998521e-08, 5.9979846867e-08, 3.7543149034e-08, 3.06931227101e-08, 3.98033677129e-08, 3.27121405519e-08, 2.91747443981e-08, 1.44193768037e-08, 2.25050520442e-08, 2.84648624671e-08, 2.97142737082e-08, 2.87277206468e-08, 1.71368128576e-08, 1.49246603964e-09],
        "min": [1.07681588091e-08, 5.84638337742e-09, 4.74970285325e-09, 2.65817394762e-08, 1.26326282768e-08, 3.00560287769e-08, 1.47074015189e-08, 3.25934640388e-10, 7.78819009284e-10, 5.71535874183e-10, 1.7507881811e-09, 5.37333011419e-10, 7.74314987129e-11, 3.94912713642e-10, 6.43578523807e-11, 1.10506867546e-10, 6.94914611965e-11, 1.30271904375e-10, 3.92357014933e-11, 2.06622149945e-11, 1.152129607e-11, 2.47437816764e-11, 1.11613530918e-11, 1.0155885681e-11, 2.34125045739e-12, 3.79999243877e-12, 7.39645703626e-13, 1.71905436934e-12, 1.38266720122e-12, 1.74093736389e-12, 1.91413464939e-12, 3.23609216681e-12, 2.53739325558e-12, 9.22334474421e-13, 6.61641639914e-13, 5.59923038924e-13, 1.07753443754e-12, 2.37332202502e-12, 1.70387683997e-12, 9.09097219704e-14],
        "var": [8.30854816058e-08, 8.24497021767e-08, 2.54213932749e-06, 8.16481679067e-06, 5.95393566982e-06, 3.5537225358e-06, 6.85179031734e-07, 3.13581303146e-08, 1.34638833416e-09, 2.36890351779e-09, 5.3906497044e-09, 3.82588932757e-10, 1.75997205698e-09, 6.19611195685e-10, 1.52152554445e-10, 6.24273133187e-11, 3.74292055683e-11, 7.93215059608e-12, 2.79532430189e-12, 1.69040996478e-12, 5.50003022726e-13, 7.64463308194e-13, 5.21515719065e-13, 1.61874569196e-13, 1.33251536975e-13, 1.43409711732e-13, 1.60577944713e-13, 1.05278544942e-13, 3.29253158483e-14, 4.99282859251e-14, 6.06101269434e-13, 9.71968490936e-13, 9.19119516824e-14, 3.1650924286e-14, 1.8921799552e-14, 1.05092834663e-13, 5.90529415732e-14, 8.77092452486e-14, 7.77466537872e-14, 1.63112880543e-15]
    },
    "mfcc": {
        "mean": [-751.497802734, 189.899673462, 30.9483776093, 10.9536943436, 3.15271639824, 2.99012732506, -10.3532905579, -8.43811607361, -17.2484359741, -6.87772226334, -12.575255394, -1.85609769821, -7.85662174225],
        "cov": [[2568.2890625, -813.929931641, 41.9480361938, 117.620155334, -56.1417579651, 14.6121501923, -45.9739761353, 32.6186904907, -0.981176376343, -36.3696937561, -48.4438400269, 59.9952392578, -122.368301392], [-813.929931641, 1088.22253418, -146.385467529, -119.145721436, -6.15554046631, -40.9497337341, 11.7709999084, -25.2498493195, -32.1752433777, 23.8136386871, 10.3380002975, -31.6327133179, 59.9997024536], [41.9480361938, -146.385467529, 168.209579468, 44.0064697266, -9.81008434296, 10.5194883347, 0.198066696525, 1.23814821243, 22.6113872528, -26.9941291809, 25.4662761688, 7.78426218033, 1.5384926796], [117.620155334, -119.145721436, 44.0064697266, 135.865570068, 35.0634536743, 15.1127939224, 5.57059335709, 1.4397970438, 18.5972938538, -9.20925998688, -3.64966773987, 12.8745441437, 0.521259188652], [-56.1417579651, -6.15554046631, -9.81008434296, 35.0634536743, 81.2177047729, 24.7986774445, 11.9748163223, 0.360304057598, -5.49343585968, 10.7705974579, -7.54256439209, -3.74666190147, 9.62882328033], [14.6121501923, -40.9497337341, 10.5194883347, 15.1127939224, 24.7986774445, 74.6813583374, 24.9529972076, 11.4979200363, 8.02451515198, -5.52858448029, 9.10626983643, 2.21459746361, -1.46054708958], [-45.9739761353, 11.7709999084, 0.198066696525, 5.57059335709, 11.9748163223, 24.9529972076, 71.4494934082, 24.7068080902, 12.2708816528, 14.2391395569, 8.21232223511, 12.442820549, 14.7463817596], [32.6186904907, -25.2498493195, 1.23814821243, 1.4397970438, 0.360304057598, 11.4979200363, 24.7068080902, 65.4806518555, 28.6420536041, 18.0433940887, 3.45710968971, 11.5796279907, 6.93867492676], [-0.981176376343, -32.1752433777, 22.6113872528, 18.5972938538, -5.49343585968, 8.02451515198, 12.2708816528, 28.6420536041, 77.9886474609, 12.6626014709, 16.6163730621, 10.4910211563, 7.8416929245], [-36.3696937561, 23.8136386871, -26.9941291809, -9.20925998688, 10.7705974579, -5.52858448029, 14.2391395569, 18.0433940887, 12.6626014709, 85.961265564, 6.14420366287, 19.5359954834, 17.22315979], [-48.4438400269, 10.3380002975, 25.4662761688, -3.64966773987, -7.54256439209, 9.10626983643, 8.21232223511, 3.45710968971, 16.6163730621, 6.14420366287, 72.3657302856, 30.4463329315, 10.756187439], [59.9952392578, -31.6327133179, 7.78426218033, 12.8745441437, -3.74666190147, 2.21459746361, 12.442820549, 11.5796279907, 10.4910211563, 19.5359954834, 30.4463329315, 80.8349533081, 28.307100296], [-122.368301392, 59.9997024536, 1.5384926796, 0.521259188652, 9.62882328033, -1.46054708958, 14.7463817596, 6.93867492676, 7.8416929245, 17.22315979, 10.756187439, 28.307100296, 76.9102630615]],
