{
"lowlevel": {
    "average_loudness": 0.558891236782,
    "barkbands_crest": {
        "dmean": 1.87095248699,
        "dmean2": 2.88436055183,
        "dvar": 4.77095746994,
        "dvar2": 11.2683849335,
        "max": 26.624382019,
        "mean": 16.9696025848,
        "median": 17.5960063934,
        "min": 3.77419114113,
        "var": 21.7883281708
    },
    "barkbands_flatness_db": {
        "dmean": 0.0272425804287,
        "dmean2": 0.037506621331,
        "dvar": 0.000869926123414,
        "dvar2": 0.00166651874315,
        "max": 0.584790050983,
        "mean": 0.322047770023,
        "median": 0.312296569347,
        "min": 0.0403222367167,
        "var": 0.0100387390703
    },
    "barkbands_kurtosis": {
        "dmean": 11.0084571838,
        "dmean2": 16.8564796448,
        "dvar": 329.507232666,
        "dvar2": 754.460449219,
        "max": 322.278686523,
        "mean": 25.3460159302,
        "median": 17.0659751892,
        "min": -1.93063557148,
        "var": 858.08380127
    },
    "barkbands_skewness": {
        "dmean": 0.879787921906,
        "dmean2": 1.31570827961,
        "dvar": 1.08302760124,
        "dvar2": 2.29751682281,
        "max": 16.9518299103,
        "mean": 3.54374980927,
        "median": 3.27044153214,
        "min": -4.47980642319,
        "var": 3.94106197357
    },
    "barkbands_spread": {
        "dmean": 3.40678548813,
        "dmean2": 4.97998142242,
        "dvar": 65.7548294067,
        "dvar2": 123.095947266,
        "max": 114.782569885,
        "mean": 7.48940515518,
        "median": 3.51647853851,
        "min": 0.229273244739,
        "var": 148.654724121
    },
    "dissonance": {
        "dmean": 0.032889906317,
        "dmean2": 0.0535431094468,
        "dvar": 0.00104282400571,
        "dvar2": 0.00278593506664,
        "max": 0.498591423035,
        "mean": 0.413628488779,
        "median": 0.425438553095,
        "min": 0.11274497211,
        "var": 0.00331934541464
    },
    "dynamic_complexity": 4.30853462219,
    "erbbands_crest": {
        "dmean": 2.45236992836,
        "dmean2": 3.98868751526,
        "dvar": 6.51400470734,
        "dvar2": 17.4012508392,
        "max": 31.8216056824,
        "mean": 11.5459785461,
        "median": 10.5777597427,
        "min": 2.76515483856,
        "var": 21.5554637909
    },
    "erbbands_flatness_db": {
        "dmean": 0.022365083918,
        "dmean2": 0.0317677408457,
        "dvar": 0.000601734791417,
        "dvar2": 0.00121219037101,
        "max": 0.422529757023,
        "mean": 0.22589430213,
        "median": 0.222003653646,
        "min": 0.0578960925341,
        "var": 0.00482033658773
    },
    "erbbands_kurtosis": {
        "dmean": 2.28276586533,
        "dmean2": 3.51102113724,
        "dvar": 12.0982198715,
        "dvar2": 28.282579422,
        "max": 48.45054245,
        "mean": 3.52020001411,
        "median": 1.84655570984,
        "min": -1.93103349209,
        "var": 29.8799781799
    },
    "erbbands_skewness": {
        "dmean": 0.503415763378,
        "dmean2": 0.724853157997,
        "dvar": 0.31366750598,
        "dvar2": 0.579354643822,
        "max": 5.84285640717,
        "mean": 0.862980902195,
        "median": 0.995139539242,
        "min": -4.18522024155,
        "var": 1.86298966408
    },
    "erbbands_spread": {
        "dmean": 9.69784545898,
        "dmean2": 14.7814626694,
        "dvar": 257.201477051,
        "dvar2": 583.376647949,
        "max": 189.883544922,
        "mean": 29.6137084961,
        "median": 21.8032512665,
        "min": 1.95181334019,
        "var": 642.205383301
    },
    "hfc": {
        "dmean": 3.75260019302,
        "dmean2": 5.1585226059,
        "dvar": 125.162361145,
        "dvar2": 203.024307251,
        "max": 324.854034424,
        "mean": 10.9050350189,
        "median": 6.55281496048,
        "min": 1.19432055844e-16,
        "var": 323.591339111
    },
    "melbands_crest": {
        "dmean": 2.12921261787,
        "dmean2": 3.33443951607,
        "dvar": 5.6462726593,
        "dvar2": 13.9044971466,
        "max": 33.202381134,
        "mean": 20.5861797333,
        "median": 20.4009532928,
        "min": 1.00029683113,
        "var": 23.9829692841
    },
    "melbands_flatness_db": {
        "dmean": 0.0324742570519,
        "dmean2": 0.0427274629474,
        "dvar": 0.00133563997224,
        "dvar2": 0.00238272547722,
        "max": 0.721537172794,
        "mean": 0.426613777876,
        "median": 0.418826907873,
        "min": -5.34974731181e-07,
        "var": 0.0168025102466
    },
    "melbands_kurtosis": {
        "dmean": 17.5983123779,
        "dmean2": 26.9906959534,
        "dvar": 937.540405273,
        "dvar2": 2045.06567383,
        "max": 424.810302734,
        "mean": 40.482963562,
        "median": 25.4874515533,
        "min": -1.8561719656,
        "var": 2264.52270508
    },
    "melbands_skewness": {
        "dmean": 1.01153004169,
        "dmean2": 1.52163791656,
        "dvar": 1.67289531231,
        "dvar2": 3.61107373238,
        "max": 18.4585361481,
        "mean": 4.2553768158,
        "median": 3.77334976196,
        "min": -3.44306111336,
        "var": 5.37022733688
    },
    "melbands_spread": {
        "dmean": 3.65069890022,
        "dmean2": 5.53579759598,
        "dvar": 200.944000244,
        "dvar2": 418.897949219,
        "max": 227.924087524,
        "mean": 7.46888256073,
        "median": 3.05379581451,
        "min": 0.259739309549,
        "var": 392.105743408
    },
    "pitch_salience": {
        "dmean": 0.0571324564517,
        "dmean2": 0.0898323878646,
        "dvar": 0.00359473796561,
        "dvar2": 0.00856869667768,
        "max": 0.996095955372,
        "mean": 0.385483264923,
        "median": 0.36979034543,
        "min": 0.0288767609745,
        "var": 0.0180804692209
    },
    "silence_rate_20dB": {
        "dmean": 0,
        "dmean2": 0,
        "dvar": 0,
        "dvar2": 0,
        "max": 1,
        "mean": 1,
        "median": 1,
        "min": 1,
        "var": 0
    },
    "silence_rate_30dB": {
        "dmean": 0.0425038635731,
        "dmean2": 0.0850405842066,
        "dvar": 0.0406975001097,
        "dvar2": 0.0940444469452,
        "max": 1,
        "mean": 0.858632683754,
        "median": 1,
        "min": 0,
        "var": 0.121381737292
    },
    "silence_rate_60dB": {
        "dmean": 0.020092735067,
        "dmean2": 0.0402010045946,
        "dvar": 0.0196895599365,
        "dvar2": 0.0439976528287,
        "max": 1,
        "mean": 0.103128619492,
        "median": 0,
        "min": 0,
        "var": 0.092493057251
    },
    "spectral_centroid": {
        "dmean": 175.142944336,
        "dmean2": 238.048294067,
        "dvar": 207336.21875,
        "dvar2": 254483.03125,
        "max": 11261.3642578,
        "mean": 591.184143066,
        "median": 350.557495117,
        "min": 115.928771973,
        "var": 639682.375
    },
    "spectral_complexity": {
        "dmean": 1.53091192245,
        "dmean2": 2.39427900314,
        "dvar": 3.66560697556,
        "dvar2": 7.09460830688,
        "max": 30,
        "mean": 7.35998439789,
        "median": 7,
        "min": 0,
        "var": 15.9020252228
    },
    "spectral_decrease": {
        "dmean": 2.42284059482e-09,
        "dmean2": 3.52752715926e-09,
        "dvar": 1.43366596352e-17,
        "dvar2": 2.98055310056e-17,
        "max": 2.54101852407e-28,
        "mean": -1.32151010135e-08,
        "median": -9.54563539324e-09,
        "min": -8.28836661526e-08,
        "var": 1.64467182993e-16
    },
    "spectral_energy": {
        "dmean": 0.00934775173664,
        "dmean2": 0.013623370789,
        "dvar": 0.000209248260944,
        "dvar2": 0.000437142996816,
        "max": 0.317060798407,
        "mean": 0.0508659295738,
        "median": 0.0370763204992,
        "min": 1.05866670308e-20,
        "var": 0.0024069712963
    },
    "spectral_energyband_high": {
        "dmean": 0.000288790382911,
        "dmean2": 0.000377642427338,
        "dvar": 1.77547792646e-06,
        "dvar2": 2.80408698927e-06,
        "max": 0.0331265553832,
        "mean": 0.000426146376412,
        "median": 1.30893977257e-05,
        "min": 7.99456814218e-21,
        "var": 4.17029832533e-06
    },
    "spectral_energyband_low": {
        "dmean": 0.0063069597818,
        "dmean2": 0.00911338627338,
        "dvar": 0.000141849799547,
        "dvar2": 0.000286541529931,
        "max": 0.237776592374,
        "mean": 0.0381755940616,
        "median": 0.0264606755227,
        "min": 3.61156331183e-23,
        "var": 0.00176255754195
    },
    "spectral_energyband_middle_high": {
        "dmean": 0.000380826240871,
        "dmean2": 0.00056960049551,
        "dvar": 1.33125945467e-06,
        "dvar2": 3.24260417983e-06,
        "max": 0.0326500087976,
        "mean": 0.000919318001252,
        "median": 0.000342167360941,
        "min": 1.19435570632e-21,
        "var": 2.95176755571e-06
    },
    "spectral_energyband_middle_low": {
        "dmean": 0.00466729002073,
        "dmean2": 0.00692924950272,
        "dvar": 8.79825893207e-05,
        "dvar2": 0.00020384058007,
        "max": 0.225554943085,
        "mean": 0.0131038296968,
        "median": 0.00615985272452,
        "min": 3.50871901074e-22,
        "var": 0.00033775731572
    },
    "spectral_entropy": {
        "dmean": 0.27364346385,
        "dmean2": 0.371965497732,
        "dvar": 0.103723362088,
        "dvar2": 0.182528883219,
        "max": 9.81602191925,
        "mean": 6.37491798401,
        "median": 6.28489875793,
        "min": 4.44047641754,
        "var": 0.723234653473
    },
    "spectral_flux": {
        "dmean": 0.0198869053274,
        "dmean2": 0.0324061140418,
        "dvar": 0.000676841184031,
        "dvar2": 0.00176061212551,
        "max": 0.348020732403,
        "mean": 0.0519422069192,
        "median": 0.0423329845071,
        "min": 1.06230940711e-10,
        "var": 0.00171483773738
    },
    "spectral_kurtosis": {
        "dmean": 10.7964468002,
        "dmean2": 17.7132816315,
        "dvar": 239.654602051,
        "dvar2": 684.950744629,
        "max": 172.914672852,
        "mean": 27.0885925293,
        "median": 13.862411499,
        "min": -1.35851919651,
        "var": 1000.37554932
    },
    "spectral_rms": {
        "dmean": 0.000630500493571,
        "dmean2": 0.000903490290511,
        "dvar": 6.09983032973e-07,
        "dvar2": 1.17957131351e-06,
        "max": 0.0175877120346,
        "mean": 0.00618851836771,
        "median": 0.00601431773975,
        "min": 3.21379142916e-12,
        "var": 1.13275491458e-05
    },
    "spectral_rolloff": {
        "dmean": 252.591796875,
        "dmean2": 430.38470459,
        "dvar": 1084494.875,
        "dvar2": 2070706.75,
        "max": 18863.0859375,
        "mean": 560.04901123,
        "median": 215.33203125,
        "min": 64.599609375,
        "var": 2266121
    },
    "spectral_skewness": {
        "dmean": 0.781703054905,
        "dmean2": 1.21720266342,
        "dvar": 0.726929247379,
        "dvar2": 1.9995136261,
        "max": 10.4959611893,
        "mean": 3.50597548485,
        "median": 3.08299565315,
        "min": -0.222771525383,
        "var": 4.0450553894
    },
    "spectral_spread": {
        "dmean": 744448.4375,
        "dmean2": 1047910,
        "dvar": 1.75179261542e+12,
        "dvar2": 2.39694118912e+12,
        "max": 41689548,
        "mean": 3602442,
        "median": 3283022.25,
        "min": 480154.21875,
        "var": 7.00755791053e+12
    },
    "spectral_strongpeak": {
        "dmean": 0.180829852819,
        "dmean2": 0.298234701157,
        "dvar": 0.141898423433,
        "dvar2": 0.345182955265,
        "max": 7.87523269653,
        "mean": 0.644813656807,
        "median": 0.495557248592,
        "min": 0,
        "var": 0.322594881058
    },
    "zerocrossingrate": {
        "dmean": 0.00789325125515,
        "dmean2": 0.00878868531436,
        "dvar": 0.000405757135013,
        "dvar2": 0.000485521130031,
        "max": 0.51611328125,
        "mean": 0.0254468265921,
        "median": 0.01416015625,
        "min": 0.001953125,
        "var": 0.00184431730304
    },
    "barkbands": {
        "dmean": [0.000154881097842, 0.00414010556415, 0.00259312056005, 0.000926444365177, 0.00358626130037, 0.000315811601467, 0.000577937695198, 0.000274130929029, 0.000170409955899, 0.000183998854482, 0.000108850981633, 3.65865089407e-05, 2.30965688388e-05, 2.98452032439e-05, 2.29706547543e-05, 1.7143871446e-05, 3.89044544136e-05, 2.78088373307e-05, 4.48270184279e-05, 3.88556800317e-05, 6.42309751129e-05, 7.88625984569e-05, 3.64860570699e-05, 4.82186369481e-05, 5.42849411431e-05, 2.35636980506e-05, 2.64386534887e-09],
        "dmean2": [0.000257736857748, 0.00612220074981, 0.00374930142425, 0.00146563525777, 0.00540573056787, 0.000489049358293, 0.000850797106978, 0.000418454321334, 0.000256892992184, 0.000271852331934, 0.000169829334482, 5.99531085754e-05, 3.73293260054e-05, 4.73737163702e-05, 3.64955376426e-05, 2.75503025478e-05, 6.85520717525e-05, 4.24519712396e-05, 6.67617059662e-05, 5.84403715038e-05, 9.04249391169e-05, 0.000114338668936, 4.9324840802e-05, 6.85755294398e-05, 7.2876449849e-05, 3.30295770254e-05, 4.62558968906e-09],
        "dvar": [4.04994295877e-07, 7.83107825555e-05, 2.369854883e-05, 6.05322338743e-06, 7.01810786268e-05, 7.46187708955e-07, 2.16216403714e-06, 1.01553735021e-06, 2.3107749314e-07, 2.88295211703e-07, 1.56127100581e-07, 1.50152761336e-08, 5.92040505509e-09, 1.513332748e-08, 4.71266226043e-09, 6.57026921758e-09, 6.0130099655e-07, 1.07449036335e-08, 8.91049367624e-08, 6.54836682656e-08, 1.20056071751e-07, 2.72959312042e-07, 4.42561365332e-08, 8.45487875267e-08, 1.01145310794e-07, 7.45281667491e-08, 8.27638738263e-17],
        "dvar2": [9.40116763104e-07, 0.000167505568243, 4.47094971605e-05, 1.4179219761e-05, 0.000168131402461, 1.66224901932e-06, 4.31878379459e-06, 2.44362240664e-06, 4.96957170526e-07, 6.2573917603e-07, 3.66497630466e-07, 4.081029914e-08, 1.51892596278e-08, 3.84540506104e-08, 1.10719780011e-08, 1.68888796281e-08, 1.77992126282e-06, 2.25903260542e-08, 1.97932536139e-07, 1.54335836555e-07, 2.65185150283e-07, 6.16292481936e-07, 7.23603506003e-08, 1.71701159957e-07, 1.5269189646e-07, 1.09540998494e-07, 2.04966184012e-16],
        "max": [0.0203533917665, 0.189046993852, 0.110993638635, 0.0419972166419, 0.212817758322, 0.0239979326725, 0.0220163352787, 0.0276490859687, 0.00966463983059, 0.0148912556469, 0.00894043501467, 0.00199618935585, 0.00134752935264, 0.00250151008368, 0.00136949820444, 0.00259497831576, 0.0288445036858, 0.00232587964274, 0.00791867729276, 0.00655225804076, 0.00812419783324, 0.0148883936927, 0.00570914335549, 0.00790193770081, 0.0114063844085, 0.0122154681012, 3.49432554003e-07],
        "mean": [0.000750579230953, 0.0266598630697, 0.00915326457471, 0.00246863043867, 0.00757622951642, 0.000807174132206, 0.00104806513991, 0.000562177097891, 0.000298977334751, 0.00059071398573, 0.00019437877927, 5.75411140744e-05, 3.49062938767e-05, 4.01027609769e-05, 3.41540871887e-05, 2.08909477806e-05, 3.61065249308e-05, 3.78386685043e-05, 4.98110348417e-05, 4.41434167442e-05, 8.26674368e-05, 0.000103762511571, 4.81541283079e-05, 5.92222349951e-05, 7.41454859963e-05, 3.24598040606e-05, 2.62822430486e-09],
        "median": [1.6660314941e-05, 0.0161480158567, 0.001930416096, 0.000390302739106, 0.00219449168071, 0.000221970723942, 0.000192323015654, 8.1422374933e-05, 9.70959445112e-05, 8.84505716385e-05, 3.8762940676e-05, 9.56119583861e-06, 5.84522831559e-06, 6.37099401501e-06, 6.04060960541e-06, 4.66436358693e-06, 3.13652139994e-06, 4.54491919299e-06, 4.50177549283e-06, 2.85378746412e-06, 8.59986528212e-07, 7.3616189411e-07, 5.23045230238e-07, 6.02737486588e-07, 2.57865985986e-06, 8.79686297139e-07, 6.77179590181e-10],
        "min": [3.30796317159e-24, 1.97598896695e-23, 4.93987893736e-24, 1.11592026994e-23, 2.1018731814e-23, 2.83416550219e-23, 3.83174732779e-23, 6.20958424867e-23, 7.45928633513e-23, 4.13164573823e-23, 3.4739862855e-23, 9.03547459997e-23, 7.25737454654e-23, 7.30811344887e-23, 6.56804264401e-23, 1.10225678886e-22, 1.51520376329e-22, 1.66085651647e-22, 2.35272249267e-22, 2.47568583917e-22, 3.2389061144e-22, 3.65786673328e-22, 4.66501441244e-22, 8.23675394318e-22, 9.76984717853e-22, 1.88588293933e-21, 2.07842497887e-21],
        "var": [3.07326740767e-06, 0.000993796507828, 0.000214983680053, 2.41134403041e-05, 0.000197476285393, 2.98704958368e-06, 5.63781622986e-06, 2.05931155506e-06, 4.12546484085e-07, 2.33986406784e-06, 2.96131815958e-07, 2.08379784539e-08, 9.71719682497e-09, 1.76884569214e-08, 1.04178070615e-08, 6.00991212352e-09, 3.26949162854e-07, 1.46389123046e-08, 9.55514494194e-08, 7.11111098894e-08, 2.06839246175e-07, 4.73364764275e-07, 9.23904153183e-08, 1.28768903096e-07, 1.98800861995e-07, 1.30811926624e-07, 1.23967017304e-16]
    },
    "erbbands": {
        "dmean": [0.0685398057103, 1.09810054302, 3.05464243889, 2.91033029556, 6.45409727097, 15.4468793869, 6.22444486618, 2.9773812294, 6.78366565704, 9.12756538391, 3.42060518265, 3.91767549515, 6.63525152206, 3.52312588692, 3.94968509674, 1.36860406399, 1.00581979752, 1.32845938206, 1.29735898972, 1.061455369, 0.883875310421, 2.29114627838, 1.61294221878, 2.32600784302, 1.74943137169, 1.88784170151, 2.63005828857, 2.62678527832, 2.99589943886, 1.36594080925, 0.993512332439, 1.01539695263, 0.79588252306, 0.640842497349, 0.380742102861, 0.161984607577, 0.0294843669981, 0.00259947683662, 5.57321800443e-05, 1.28382562252e-05],
        "dmean2": [0.11115539819, 1.60144817829, 4.37627983093, 4.3147482872, 9.65378093719, 23.5351104736, 9.62316131592, 4.51856851578, 10.2211074829, 13.5927038193, 5.16601991653, 5.81224298477, 9.69900894165, 5.25492191315, 6.26662778854, 2.18547558784, 1.58385550976, 2.11189889908, 2.00374627113, 1.67948138714, 1.39911532402, 4.02468585968, 2.46801137924, 3.53891444206, 2.56647181511, 2.79577565193, 3.90846729279, 3.86093997955, 4.38367605209, 1.79236626625, 1.34095430374, 1.48147523403, 1.13052141666, 0.879837691784, 0.520824551582, 0.228936970234, 0.0371791645885, 0.00344248791225, 7.42907286622e-05, 1.84123891813e-05],
        "dvar": [0.0437451601028, 5.0611615181, 31.3037223816, 41.9208488464, 262.05166626, 1688.0769043, 289.74597168, 99.8740005493, 310.0362854, 725.133789062, 80.3620071411, 122.488349915, 343.085021973, 137.895294189, 277.957244873, 22.332818985, 10.7729797363, 36.8046417236, 15.8587665558, 22.028049469, 15.5133914948, 2174.64746094, 112.762077332, 281.81149292, 106.692581177, 176.734451294, 231.926177979, 261.317993164, 381.01739502, 68.6130523682, 32.7154502869, 48.2805099487, 19.2781639099, 13.7581615448, 5.53578567505, 3.43386721611, 0.0750205293298, 0.000561251305044, 2.38287029219e-07, 1.03467678869e-09],
        "dvar2": [0.106879271567, 10.5264568329, 58.9692878723, 89.3821868896, 555.263793945, 4273.02441406, 648.43951416, 228.329925537, 623.9609375, 1665.62255859, 180.549789429, 264.782104492, 765.029052734, 299.165130615, 663.00402832, 58.1497764587, 26.8161296844, 97.7270584106, 36.4003105164, 56.2327690125, 42.473865509, 6423.51367188, 284.307006836, 666.282348633, 228.844238281, 415.198120117, 533.891662598, 615.333862305, 829.112976074, 107.821121216, 51.2292098999, 103.600372314, 36.6199913025, 23.2733535767, 8.04330635071, 5.58467721939, 0.0950540006161, 0.00078767479863, 3.24929175122e-07, 1.59952207035e-09],
        "max": [4.94972515106, 53.0877685547, 136.498519897, 120.679115295, 346.537811279, 1097.9239502, 522.470703125, 304.794799805, 299.97064209, 558.693725586, 209.19708252, 272.798736572, 400.166534424, 383.685150146, 352.934997559, 104.646682739, 58.9208335876, 150.374740601, 88.5336685181, 130.353683472, 100.586685181, 1733.01220703, 389.275299072, 510.031585693, 309.768493652, 375.236785889, 447.872894287, 395.232543945, 512.297851562, 229.511520386, 162.345550537, 215.07862854, 91.7723999023, 105.502716064, 94.9597854614, 81.8460617065, 14.2526063919, 1.15719270706, 0.0237268004566, 0.00141964864451],
        "mean": [0.589530408382, 6.42758512497, 12.8717784882, 9.28570365906, 14.2403774261, 30.7951068878, 13.5173435211, 7.61131811142, 12.5131511688, 17.9946956635, 7.22156476974, 7.52364635468, 20.6866188049, 8.13747501373, 7.18609666824, 2.45329976082, 1.69668102264, 1.90144491196, 2.04328322411, 1.49203383923, 1.13622200489, 2.1389567852, 2.02581357956, 2.79605746269, 2.06116366386, 2.1477894783, 3.27445936203, 3.47378754616, 3.97747182846, 1.90457594395, 1.34701514244, 1.21120762825, 1.00372779369, 0.824459671974, 0.524871528149, 0.214827269316, 0.0420413576066, 0.00348746031523, 9.72583220573e-05, 6.05508466833e-05],
        "median": [0.334792405367, 3.75507259369, 4.22388601303, 2.39792060852, 4.144572258, 7.5836148262, 4.87474489212, 2.00725054741, 2.68243455887, 3.24322247505, 2.14667391777, 2.61409282684, 3.26891922951, 1.90164804459, 1.60647451878, 0.534441888332, 0.320357888937, 0.323285967112, 0.357447743416, 0.345145821571, 0.220410808921, 0.201094657183, 0.225971490145, 0.332991838455, 0.214722335339, 0.110294938087, 0.0568953491747, 0.0300291068852, 0.02549132891, 0.020081428811, 0.015357225202, 0.0106245288625, 0.0144514748827, 0.0211208779365, 0.0203002411872, 0.0059721856378, 0.00123754376546, 8.16410320112e-05, 2.61029454123e-05, 4.3789656047e-05],
        "min": [6.46068397595e-22, 3.88914151511e-21, 8.22520693803e-21, 2.02614886053e-20, 8.67960875246e-20, 6.41777642525e-20, 3.37976072122e-19, 2.09788202787e-19, 6.74623226891e-19, 1.05065224383e-18, 1.28866167777e-18, 1.95701916661e-18, 1.41574701874e-18, 1.18016422253e-18, 2.46541119533e-18, 3.66693260089e-18, 4.1622603458e-18, 4.44186724518e-18, 3.71849449078e-18, 3.6544992491e-18, 7.30726886354e-18, 7.65505943363e-18, 6.98375439007e-18, 1.06891173886e-17, 1.32100272332e-17, 1.275835105e-17, 1.33462018415e-17, 1.08783721769e-17, 1.0683009487e-17, 1.71350017213e-17, 1.20380876675e-17, 1.48939262508e-17, 1.61870759004e-17, 9.43514714876e-18, 7.57829045534e-18, 6.42157184009e-18, 3.68589116694e-18, 1.19825714407e-18, 2.6387379488e-19, 3.51983994517e-20],
        "var": [0.509899258614, 69.0961303711, 367.640319824, 222.812820435, 844.711547852, 4221.37060547, 736.649169922, 354.17590332, 783.059143066, 1559.7043457, 211.163162231, 231.289611816, 2549.33496094, 471.844207764, 423.845245361, 33.8520927429, 20.3142185211, 39.7351417542, 33.6062774658, 23.2749881744, 14.9861898422, 1177.23242188, 96.884262085, 271.972808838, 128.955551147, 188.075958252, 338.302856445, 438.101715088, 687.352844238, 153.025619507, 70.3958816528, 68.325668335, 31.4507236481, 24.5352325439, 10.8924016953, 5.35682725906, 0.173087924719, 0.00117784820031, 5.02030843563e-07, 4.71408068137e-09]
    },
    "gfcc": {
        "mean": [-116.876548767, 151.195236206, -60.3256797791, 21.5425167084, -39.6520080566, 1.81224250793, -25.5016288757, 16.2463207245, -25.2434387207, -3.11187601089, -15.4847192764, -4.84301519394, -3.95124650002],
        "cov": [[10037.4179688, -2735.86987305, 354.80480957, 954.644042969, -1173.54675293, 584.561157227, -1021.28564453, 357.694610596, -614.512634277, 530.304931641, -450.079315186, 161.882034302, -432.90423584], [-2735.86987305, 4100.23974609, 161.433517456, -1162.4173584, 1465.01550293, -245.085952759, 1151.57336426, -223.166870117, 498.596008301, -422.477111816, 566.678710938, -133.858963013, 322.958770752], [354.80480957, 161.433517456, 1033.45373535, 325.136383057, 147.303543091, 149.306854248, 127.779067993, 96.069442749, 187.393722534, 151.978591919, 126.850296021, -8.97327232361, 38.6231842041], [954.644042969, -1162.4173584, 325.136383057, 1029.86560059, -240.02204895, 114.521202087, -183.133285522, 114.257064819, 80.2524108887, 194.420532227, -76.256401062, -37.9644584656, -31.4483470917], [-1173.54675293, 1465.01550293, 147.303543091, -240.02204895, 910.53717041, 26.3820858002, 509.090515137, 6.35663557053, 281.839416504, -127.584968567, 250.711425781, -55.3015785217, 100.527175903], [584.561157227, -245.085952759, 149.306854248, 114.521202087, 26.3820858002, 479.342773438, 196.009780884, 38.2769508362, 69.4928131104, 84.1629943848, 47.9284057617, -6.90389442444, -3.48747944832], [-1021.28564453, 1151.57336426, 127.779067993, -183.133285522, 509.090515137, 196.009780884, 796.645385742, -34.4256057739, 287.746948242, -86.4877548218, 244.725708008, -37.4188423157, 168.403152466], [357.694610596, -223.166870117, 96.069442749, 114.257064819, 6.35663557053, 38.2769508362, -34.4256057739, 220.574264526, 6.36580038071, 31.2375659943, 8.74184608459, 23.260799408, -18.343963623], [-614.512634277, 498.596008301, 187.393722534, 80.2524108887, 281.839416504, 69.4928131104, 287.746948242, 6.36580038071, 312.934448242, 6.67642259598, 126.980369568, -37.2895317078, 99.8081436157], [530.304931641, -422.477111816, 151.978591919, 194.420532227, -127.584968567, 84.1629943848, -86.4877548218, 31.2375659943, 6.67642259598, 196.623138428, -24.1736736298, -0.87103497982, -29.0404052734], [-450.079315186, 566.678710938, 126.850296021, -76.256401062, 250.711425781, 47.9284057617, 244.725708008, 8.74184608459, 126.980369568, -24.1736736298, 221.645339966, -17.8566627502, 60.9962615967], [161.882034302, -133.858963013, -8.97327232361, -37.9644584656, -55.3015785217, -6.90389442444, -37.4188423157, 23.260799408, -37.2895317078, -0.87103497982, -17.8566627502, 106.339500427, -9.28651046753], [-432.90423584, 322.958770752, 38.6231842041, -31.4483470917, 100.527175903, -3.48747944832, 168.403152466, -18.343963623, 99.8081436157, -29.0404052734, 60.9962615967, -9.28651046753, 132.555984497]],
        "icov": [[0.000209810343222, -0.000321616855217, 4.46295198344e-05, -0.000320865830872, 0.000278967316262, -0.000460855750134, 0.000227219483349, -0.000316860940075, 0.000383134261938, -0.000381557212677, 0.000286674592644, -0.000365583429812, 0.000293859076919], [-0.000321616855217, 0.00274307886139, -0.00074377929559, 0.00216127000749, -0.00208739377558, 0.00213345326483, -0.00138877832796, 0.00151350931264, -0.00114518206101, 0.001734550111, -0.00178455398418, 0.00209444575012, -0.00118097150698], [4.46295198344e-05, -0.00074377929559, 0.00159634486772, -0.00086548703257, 0.000371067057131, -0.000632220879197, 0.00044597289525, -0.000615190481767, -0.000104392041976, -0.00128830817994, -0.000156445530592, -0.000795366126113, 0.000150302133989], [-0.000320865830872, 0.00216127000749, -0.00086548703257, 0.00328091089614, -0.00126221345272, 0.00159654207528, -0.000816629151814, 0.000667126849294, -0.00192288705148, 0.000788138015196, -0.000959378783591, 0.00241174455732, -0.000923081708606], [0.000278967316262, -0.00208739377558, 0.000371067057131, -0.00126221345272, 0.00405199779198, -0.00131856277585, 0.000242154856096, -0.00160603690892, -0.000449661485618, -0.000374166236725, 0.000350068556145, -0.000942383019719, 0.00198117410764], [-0.000460855750134, 0.00213345326483, -0.000632220879197, 0.00159654207528, -0.00131856277585, 0.00485699530691, -0.00255429837853, 0.00100473803468, -0.00114271638449, 0.000404681923101, -0.00144543650094, 0.00178437994327, 0.00011102805729], [0.000227219483349, -0.00138877832796, 0.00044597289525, -0.000816629151814, 0.000242154856096, -0.00255429837853, 0.00429247319698, -0.000387612497434, -0.000471356761409, -0.000199345435249, -0.000389384920709, -0.00116004038136, -0.00154664600268], [-0.000316860940075, 0.00151350931264, -0.000615190481767, 0.000667126849294, -0.00160603690892, 0.00100473803468, -0.000387612497434, 0.00623971130699, -0.00069569592597, 0.00107126764487, -0.00156416674145, -0.000223390772589, -0.000321829109453], [0.000383134261938, -0.00114518206101, -0.000104392041976, -0.00192288705148, -0.000449661485618, -0.00114271638449, -0.000471356761409, -0.00069569592597, 0.00806791428477, -0.00199129083194, 0.000134025365696, -0.000396104238462, -0.00217133457772], [-0.000381557212677, 0.001734550111, -0.00128830817994, 0.000788138015196, -0.000374166236725, 0.000404681923101, -0.000199345435249, 0.00107126764487, -0.00199129083194, 0.00929730106145, -0.00142834300641, 0.00161025603302, 9.23901679926e-05], [0.000286674592644, -0.00178455398418, -0.000156445530592, -0.000959378783591, 0.000350068556145, -0.00144543650094, -0.000389384920709, -0.00156416674145, 0.000134025365696, -0.00142834300641, 0.00943544320762, -0.00110415136442, 0.000243843183853], [-0.000365583429812, 0.00209444575012, -0.000795366126113, 0.00241174455732, -0.000942383019719, 0.00178437994327, -0.00116004038136, -0.000223390772589, -0.000396104238462, 0.00161025603302, -0.00110415136442, 0.01223495882, -0.00127219082788], [0.000293859076919, -0.00118097150698, 0.000150302133989, -0.000923081708606, 0.00198117410764, 0.00011102805729, -0.00154664600268, -0.000321829109453, -0.00217133457772, 9.23901679926e-05, 0.000243843183853, -0.00127219082788, 0.0129928300157]]
    },
    "melbands": {
        "dmean": [0.000857378006913, 0.00158893561456, 0.000527111114934, 0.000841674511321, 0.000336331373546, 6.63827013341e-05, 0.000107282488898, 9.42877013586e-05, 2.53632533713e-05, 2.5985746106e-05, 3.34956966981e-05, 1.44751538755e-05, 1.29488025777e-05, 6.16704392087e-06, 2.61660716205e-06, 2.38749976234e-06, 2.68210828835e-06, 2.28977432926e-06, 1.85190810953e-06, 1.35652589961e-06, 9.57044107963e-07, 2.3465781851e-06, 2.03054537451e-06, 1.35169932491e-06, 2.07637435778e-06, 1.49960976614e-06, 1.16429328045e-06, 1.28899705487e-06, 1.65841629496e-06, 1.47809532791e-06, 1.85116505236e-06, 1.98094267034e-06, 1.20620063626e-06, 6.85305849402e-07, 5.83776170515e-07, 6.03837577273e-07, 6.44704698516e-07, 5.47955664842e-07, 5.89983017107e-07, 5.53049915197e-07],
        "dmean2": [0.00130703812465, 0.00227758684196, 0.000786334974691, 0.0012620795751, 0.000517987005878, 0.000101069228549, 0.000159769784659, 0.000140804171679, 3.86409701605e-05, 3.82658981835e-05, 4.91019054607e-05, 2.18610366574e-05, 2.0421033696e-05, 9.92026343738e-06, 4.31443959314e-06, 3.79358834834e-06, 4.3295967771e-06, 3.56166015081e-06, 2.90801744995e-06, 2.18039076572e-06, 1.51569145146e-06, 4.16469720221e-06, 3.44173054145e-06, 2.05666833608e-06, 3.22951609633e-06, 2.23673873734e-06, 1.72428474343e-06, 1.9462452201e-06, 2.54091651186e-06, 2.22745961764e-06, 2.76879040939e-06, 2.96591451843e-06, 1.69722852661e-06, 9.58433133746e-07, 8.03692046247e-07, 8.66229868279e-07, 9.72886823547e-07, 7.75602870817e-07, 8.5652237658e-07, 7.58558087455e-07],
        "dvar": [4.15215890825e-06, 8.2862270574e-06, 1.20782601698e-06, 3.97961457566e-06, 9.05031583898e-07, 4.1095947978e-08, 7.29053084569e-08, 8.36548750272e-08, 4.05192945863e-09, 5.04238562016e-09, 8.94722429479e-09, 2.36723018965e-09, 2.42702102859e-09, 5.37546396284e-10, 1.28582366976e-10, 5.62033163065e-11, 1.72867484216e-10, 5.75404307535e-11, 3.53976570278e-11, 4.7656881913e-11, 1.24745222832e-11, 2.18032036869e-09, 9.11949793458e-10, 2.47490188066e-11, 2.61840743532e-10, 8.2573788085e-11, 6.41758937658e-11, 8.18673184799e-11, 9.69434740816e-11, 8.26150259314e-11, 1.62582947105e-10, 1.97273461455e-10, 7.32868835063e-11, 1.96708916517e-11, 1.12014182652e-11, 1.48594192506e-11, 2.1552339774e-11, 8.72727324436e-12, 1.33812700503e-11, 9.74607981125e-12],
        "dvar2": [9.4086435638e-06, 1.58754519362e-05, 2.61463537754e-06, 9.42326187214e-06, 2.15826617023e-06, 9.22762453115e-08, 1.46641468746e-07, 1.96012081233e-07, 9.16775988458e-09, 1.06431619074e-08, 2.00398009298e-08, 5.0058530654e-09, 5.84342307874e-09, 1.33261357504e-09, 3.48791800997e-10, 1.40888065103e-10, 4.66043426073e-10, 1.31458066654e-10, 8.66427971036e-11, 1.24406332458e-10, 3.21644828827e-11, 6.45059916593e-09, 2.6250102092e-09, 5.6950597016e-11, 6.31206920065e-10, 1.72217823335e-10, 1.51329088149e-10, 1.93519256175e-10, 2.17259044089e-10, 2.11625036939e-10, 4.08808209507e-10, 4.66932714716e-10, 1.70191305493e-10, 3.6706169354e-11, 1.88661447575e-11, 2.90586738699e-11, 4.95537291756e-11, 1.64925989532e-11, 2.66487752004e-11, 1.63179730145e-11],
        "max": [0.0369536355138, 0.0650429204106, 0.0194102153182, 0.0377349331975, 0.0319434925914, 0.0058942809701, 0.00420854939148, 0.00678301230073, 0.00113658374175, 0.00156882940792, 0.00200380338356, 0.00142751366366, 0.000976888695732, 0.000436405971413, 0.000298880331684, 0.000124261263409, 0.00032917453791, 0.000183762298548, 0.000126306666061, 0.000220710979193, 6.36579279671e-05, 0.0017382708611, 0.00113589246757, 0.000107021667645, 0.000496488821227, 0.000299184641335, 0.000271565426374, 0.000251799647231, 0.000279730884358, 0.000211651204154, 0.000310254254146, 0.0004283010785, 0.000289068906568, 0.00010151015158, 9.79243413894e-05, 0.00011704962526, 0.000138722229167, 6.68852517265e-05, 0.000116575189168, 8.26660179882e-05],
        "mean": [0.00642922800034, 0.00774835795164, 0.00166021636687, 0.0017553458456, 0.000686726358254, 0.000165288613061, 0.000197005138034, 0.000189796570339, 4.90365491714e-05, 4.97688597534e-05, 0.00010375797865, 3.35335607815e-05, 2.28233020607e-05, 1.07828609544e-05, 4.36058417108e-06, 3.53137306774e-06, 3.5820883113e-06, 3.3737837839e-06, 2.60780689132e-06, 1.63801621511e-06, 1.18603497867e-06, 2.1570951958e-06, 2.03343233807e-06, 1.78208676971e-06, 2.38682082454e-06, 1.64227401456e-06, 1.3204245306e-06, 1.39627991302e-06, 2.03474178306e-06, 1.76084154191e-06, 2.26179736273e-06, 2.54974042946e-06, 1.50368032337e-06, 8.95677999324e-07, 7.65484628573e-07, 7.48105776438e-07, 7.29331134153e-07, 6.83364760334e-07, 6.98139672295e-07, 7.03503872046e-07],
        "median": [0.00414398405701, 0.00365832424723, 0.000486079108668, 0.000459686852992, 0.000213633931708, 3.78449294658e-05, 3.98683005187e-05, 3.05056237266e-05, 1.52466418513e-05, 1.51913636728e-05, 1.51301755977e-05, 6.68028906148e-06, 4.8992842494e-06, 2.27600980907e-06, 6.64101946768e-07, 5.80235564485e-07, 5.63456069358e-07, 5.2303960274e-07, 5.04455897499e-07, 3.99092613179e-07, 1.65989646916e-07, 2.11686284501e-07, 1.60345592803e-07, 2.04324066999e-07, 2.67797787501e-07, 1.30934992626e-07, 1.27819134832e-07, 4.99114207742e-08, 3.38515526721e-08, 1.91190494547e-08, 1.49525760662e-08, 1.33135218405e-08, 1.10809565967e-08, 9.1640508515e-09, 8.53170334381e-09, 5.51707568519e-09, 4.17685308562e-09, 7.0715513445e-09, 1.24524461853e-08, 1.7044795797e-08],
        "min": [6.17774921464e-24, 5.25747197122e-24, 5.68598515924e-24, 3.75684829806e-24, 1.24880925368e-23, 4.92547709824e-24, 9.61448446268e-24, 1.46525296455e-23, 9.5264649406e-24, 1.23045514254e-23, 6.72943553883e-24, 4.80385841249e-24, 5.94516225421e-24, 1.23180922229e-23, 7.39980006976e-24, 7.90623536028e-24, 7.29990897991e-24, 5.69855171346e-24, 4.83747966427e-24, 7.47507238848e-24, 8.5819996441e-24, 9.17837927731e-24, 4.5128637962e-24, 6.74852439502e-24, 8.63978212768e-24, 7.90261527758e-24, 8.93707934817e-24, 8.38292901694e-24, 7.77726922405e-24, 7.64971199339e-24, 6.1765454129e-24, 5.2971082874e-24, 8.61271709889e-24, 9.67061507153e-24, 7.00675959006e-24, 7.39155883988e-24, 7.91153256125e-24, 1.11453455688e-23, 9.51025542672e-24, 7.41705324662e-24],
        "var": [5.04560121044e-05, 0.000106625986518, 6.41410088065e-06, 1.13862788567e-05, 2.20148808694e-06, 1.50767320406e-07, 1.86236334798e-07, 1.75707967287e-07, 9.6378283132e-09, 1.04823287828e-08, 6.62936017193e-08, 1.02485211428e-08, 3.83929599224e-09, 7.60163931801e-10, 1.69409833384e-10, 1.04831088255e-10, 1.66821112479e-10, 1.03442636401e-10, 6.03359931461e-11, 3.99158969766e-11, 1.53063707542e-11, 1.18600462784e-09, 5.29683741313e-10, 3.10519734925e-11, 2.41420522462e-10, 9.73876049248e-11, 6.97048738174e-11, 8.53942333512e-11, 1.36675670781e-10, 1.06379779985e-10, 2.31380220539e-10, 3.0548649721e-10, 1.17377649267e-10, 3.61173105312e-11, 2.35900465828e-11, 2.39004979002e-11, 2.7041167916e-11, 1.44596999305e-11, 1.93763980555e-11, 1.78436241477e-11]
    },
    "mfcc": {
        "mean": [-778.172485352, 184.005889893, 40.7237319946, 31.2125701904, 13.5193624496, -3.49750900269, 11.2495908737, 8.43520545959, 6.47970294952, 3.34436225891, 0.507533550262, -9.35689640045, -0.412038266659],
        "cov": [[7211.74804688, -2177.71801758, 190.917526245, 364.583831787, -198.546142578, 7.55284929276, -146.884750366, -359.318115234, -61.1557922363, -229.452133179, 209.676971436, -67.5039749146, -94.1301956177], [-2177.71801758, 3999.05249023, -303.117370605, -498.827911377, 318.966308594, 81.9108963013, 475.125, 430.157470703, 9.67020320892, 122.900840759, 44.9987983704, 80.1303939819, 150.099899292], [190.917526245, -303.117370605, 906.511108398, 268.452606201, 46.9008560181, 189.589874268, 59.1863899231, -9.58008289337, 152.759674072, 121.585586548, 65.9143676758, 175.833297729, 82.1476669312], [364.583831787, -498.827911377, 268.452606201, 675.933837891, 150.202331543, -48.3776855469, -94.770980835, -75.5568695068, 64.25, 57.2879447937, 16.5095157623, 41.2473754883, 26.5375976562], [-198.546142578, 318.966308594, 46.9008560181, 150.202331543, 379.512908936, 31.4493370056, 48.0237998962, 72.178604126, 36.2260513306, 82.5949783325, 69.6888427734, 62.5348968506, 9.58092594147], [7.55284929276, 81.9108963013, 189.589874268, -48.3776855469, 31.4493370056, 424.489318848, 167.797622681, 91.0340652466, 97.0225372314, 143.429412842, 63.6354942322, 90.4050598145, 36.6615180969], [-146.884750366, 475.125, 59.1863899231, -94.770980835, 48.0237998962, 167.797622681, 341.470092773, 174.919616699, 60.690196991, 99.5469436646, 67.8797912598, 106.707832336, 23.8131446838], [-359.318115234, 430.157470703, -9.58008289337, -75.5568695068, 72.178604126, 91.0340652466, 174.919616699, 291.88369751, 85.1250762939, 49.2535896301, 32.5325202942, 86.6753234863, 32.5155448914], [-61.1557922363, 9.67020320892, 152.759674072, 64.25, 36.2260513306, 97.0225372314, 60.690196991, 85.1250762939, 196.899917603, 86.8654785156, 9.582072258, 74.4039535522, 34.8579406738], [-229.452133179, 122.900840759, 121.585586548, 57.2879447937, 82.5949783325, 143.429412842, 99.5469436646, 49.2535896301, 86.8654785156, 221.660186768, 41.8404388428, 56.0719184875, 27.4583263397], [209.676971436, 44.9987983704, 65.9143676758, 16.5095157623, 69.6888427734, 63.6354942322, 67.8797912598, 32.5325202942, 9.582072258, 41.8404388428, 161.186859131, 49.6493721008, -8.92511081696], [-67.5039749146, 80.1303939819, 175.833297729, 41.2473754883, 62.5348968506, 90.4050598145, 106.707832336, 86.6753234863, 74.4039535522, 56.0719184875, 49.6493721008, 177.219787598, 39.1322822571], [-94.1301956177, 150.099899292, 82.1476669312, 26.5375976562, 9.58092594147, 36.6615180969, 23.8131446838, 32.5155448914, 34.8579406738, 27.4583263397, -8.92511081696, 39.1322822571, 106.499206543]],
