{
"lowlevel": {
    "average_loudness": 0.88196092844,
    "barkbands_crest": {
        "dmean": 2.27215218544,
        "dmean2": 3.56855154037,
        "dvar": 4.79631280899,
        "dvar2": 11.748500824,
        "max": 23.8434391022,
        "mean": 10.9796600342,
        "median": 10.2144012451,
        "min": 3.05955934525,
        "var": 15.5772895813
    },
    "barkbands_flatness_db": {
        "dmean": 0.0260540097952,
        "dmean2": 0.0371962971985,
        "dvar": 0.000666537205689,
        "dvar2": 0.00120811129455,
        "max": 0.444532036781,
        "mean": 0.199827075005,
        "median": 0.193875312805,
        "min": 0.0804233774543,
        "var": 0.00334939616732
    },
    "barkbands_kurtosis": {
        "dmean": 3.37093019485,
        "dmean2": 4.91829967499,
        "dvar": 53.2110900879,
        "dvar2": 84.6075057983,
        "max": 193.204818726,
        "mean": 6.13890028,
        "median": 3.32876110077,
        "min": -1.95811522007,
        "var": 151.080963135
    },
    "barkbands_skewness": {
        "dmean": 0.52438223362,
        "dmean2": 0.779797852039,
        "dvar": 0.36785146594,
        "dvar2": 0.709428787231,
        "max": 9.77200031281,
        "mean": 1.8391379118,
        "median": 1.74074316025,
        "min": -1.63657712936,
        "var": 1.63655972481
    },
    "barkbands_spread": {
        "dmean": 5.9649348259,
        "dmean2": 8.9867401123,
        "dvar": 71.4943084717,
        "dvar2": 150.415344238,
        "max": 101.700614929,
        "mean": 17.7276363373,
        "median": 13.5457496643,
        "min": 0.457280397415,
        "var": 214.695144653
    },
    "dissonance": {
        "dmean": 0.0173974782228,
        "dmean2": 0.0281529035419,
        "dvar": 0.000355968630174,
        "dvar2": 0.000924958381802,
        "max": 0.498961120844,
        "mean": 0.448614925146,
        "median": 0.456624090672,
        "min": 0.281088262796,
        "var": 0.00105589604937
    },
    "dynamic_complexity": 3.30700778961,
    "erbbands_crest": {
        "dmean": 2.30070114136,
        "dmean2": 3.48682689667,
        "dvar": 6.36548471451,
        "dvar2": 14.478272438,
        "max": 29.8100795746,
        "mean": 9.21195411682,
        "median": 8.00653553009,
        "min": 2.68941926956,
        "var": 21.2928905487
    },
    "erbbands_flatness_db": {
        "dmean": 0.0205060988665,
        "dmean2": 0.027100905776,
        "dvar": 0.000409125816077,
        "dvar2": 0.000719674164429,
        "max": 0.372725218534,
        "mean": 0.200088664889,
        "median": 0.198282316327,
        "min": 0.108458414674,
        "var": 0.00236614933237
    },
    "erbbands_kurtosis": {
        "dmean": 0.833744704723,
        "dmean2": 1.27009820938,
        "dvar": 1.65676498413,
        "dvar2": 3.60552358627,
        "max": 17.2792758942,
        "mean": 0.334366053343,
        "median": -0.441640377045,
        "min": -1.77710783482,
        "var": 4.90799045563
    },
    "erbbands_skewness": {
        "dmean": 0.342639625072,
        "dmean2": 0.508588850498,
        "dvar": 0.137682929635,
        "dvar2": 0.296420305967,
        "max": 3.9710688591,
        "mean": 0.403053224087,
        "median": 0.375119954348,
        "min": -3.06233668327,
        "var": 0.52117651701
    },
    "erbbands_spread": {
        "dmean": 9.12785148621,
        "dmean2": 13.2918357849,
        "dvar": 118.761764526,
        "dvar2": 251.158554077,
        "max": 138.961151123,
        "mean": 40.0618896484,
        "median": 37.7232933044,
        "min": 3.1330537796,
        "var": 398.435913086
    },
    "hfc": {
        "dmean": 5.67839097977,
        "dmean2": 8.30809211731,
        "dvar": 97.1925125122,
        "dvar2": 222.021774292,
        "max": 166.338989258,
        "mean": 16.7021121979,
        "median": 9.3340215683,
        "min": 0.000433021923527,
        "var": 316.532928467
    },
    "melbands_crest": {
        "dmean": 3.04758787155,
        "dmean2": 4.74214076996,
        "dvar": 8.40664100647,
        "dvar2": 20.3384513855,
        "max": 31.802116394,
        "mean": 15.7919940948,
        "median": 15.071056366,
        "min": 4.77417516708,
        "var": 28.8765449524
    },
    "melbands_flatness_db": {
        "dmean": 0.0307257920504,
        "dmean2": 0.0416655801237,
        "dvar": 0.00106031657197,
        "dvar2": 0.0018848591717,
        "max": 0.557141423225,
        "mean": 0.225324675441,
        "median": 0.215235039592,
        "min": 0.043719291687,
        "var": 0.00628433004022
    },
    "melbands_kurtosis": {
        "dmean": 7.64744901657,
        "dmean2": 10.9993371964,
        "dvar": 250.004211426,
        "dvar2": 397.574249268,
        "max": 406.880462646,
        "mean": 16.8395118713,
        "median": 10.2194576263,
        "min": -1.58202314377,
        "var": 740.654052734
    },
    "melbands_skewness": {
        "dmean": 0.675510823727,
        "dmean2": 0.983862042427,
        "dvar": 0.628858566284,
        "dvar2": 1.17160320282,
        "max": 13.9969596863,
        "mean": 2.91190695763,
        "median": 2.78066062927,
        "min": -1.24607384205,
        "var": 3.17927050591
    },
    "melbands_spread": {
        "dmean": 6.64878845215,
        "dmean2": 10.0384550095,
        "dvar": 133.657974243,
        "dvar2": 282.919067383,
        "max": 223.853408813,
        "mean": 18.8822650909,
        "median": 14.2919540405,
        "min": 0.314415037632,
        "var": 355.006561279
    },
    "pitch_salience": {
        "dmean": 0.0650305375457,
        "dmean2": 0.100589029491,
        "dvar": 0.00408561620861,
        "dvar2": 0.00922163855284,
        "max": 0.812619805336,
        "mean": 0.551186203957,
        "median": 0.561613440514,
        "min": 0.0542845465243,
        "var": 0.0136148799211
    },
    "silence_rate_20dB": {
        "dmean": 0,
        "dmean2": 0,
        "dvar": 0,
        "dvar2": 0,
        "max": 1,
        "mean": 1,
        "median": 1,
        "min": 1,
        "var": 0
    },
    "silence_rate_30dB": {
        "dmean": 0,
        "dmean2": 0,
        "dvar": 0,
        "dvar2": 0,
        "max": 1,
        "mean": 1,
        "median": 1,
        "min": 1,
        "var": 0
    },
    "silence_rate_60dB": {
        "dmean": 0.0154798757285,
        "dmean2": 0.0309717375785,
        "dvar": 0.0152403842658,
        "dvar2": 0.0307868644595,
        "max": 1,
        "mean": 0.0479690507054,
        "median": 0,
        "min": 0,
        "var": 0.0456676855683
    },
    "spectral_centroid": {
        "dmean": 239.283065796,
        "dmean2": 357.548614502,
        "dvar": 98426.7890625,
        "dvar2": 214910.0625,
        "max": 4278.73193359,
        "mean": 1002.90283203,
        "median": 908.924865723,
        "min": 133.378189087,
        "var": 291139.53125
    },
    "spectral_complexity": {
        "dmean": 2.70123839378,
        "dmean2": 4.09368944168,
        "dvar": 9.62452316284,
        "dvar2": 19.8692131042,
        "max": 44,
        "mean": 15.0398454666,
        "median": 15,
        "min": 0,
        "var": 37.23670578
    },
    "spectral_decrease": {
        "dmean": 1.41314682178e-09,
        "dmean2": 2.13014761385e-09,
        "dvar": 4.20537258574e-18,
        "dvar2": 9.07679348225e-18,
        "max": -1.76430769408e-13,
        "mean": -5.61084112505e-09,
        "median": -4.68254235386e-09,
        "min": -2.701435875e-08,
        "var": 1.61716506363e-17
    },
    "spectral_energy": {
        "dmean": 0.00569586409256,
        "dmean2": 0.0085627567023,
        "dvar": 6.89389999025e-05,
        "dvar2": 0.000149236890138,
        "max": 0.112855963409,
        "mean": 0.0226915590465,
        "median": 0.0187589563429,
        "min": 7.05165177806e-07,
        "var": 0.000266089249635
    },
    "spectral_energyband_high": {
        "dmean": 0.000370717782062,
        "dmean2": 0.000551929522771,
        "dvar": 6.90450917773e-07,
        "dvar2": 1.5552163859e-06,
        "max": 0.0145028876141,
        "mean": 0.000537911080755,
        "median": 0.000126529295812,
        "min": 2.92279134229e-09,
        "var": 1.40448787533e-06
    },
    "spectral_energyband_low": {
        "dmean": 0.0017896250356,
        "dmean2": 0.00259416014887,
        "dvar": 6.97970563124e-06,
        "dvar2": 1.44041950989e-05,
        "max": 0.0484024435282,
        "mean": 0.00521012349054,
        "median": 0.00278980098665,
        "min": 6.54377441123e-09,
        "var": 4.37498129031e-05
    },
    "spectral_energyband_middle_high": {
        "dmean": 0.00188074668404,
        "dmean2": 0.00259693991393,
        "dvar": 2.02963710763e-05,
        "dvar2": 4.2699793994e-05,
        "max": 0.0814766511321,
        "mean": 0.00510342838243,
        "median": 0.00195893389173,
        "min": 5.98927059059e-08,
        "var": 7.16669019312e-05
    },
    "spectral_energyband_middle_low": {
        "dmean": 0.00423675589263,
        "dmean2": 0.0066081774421,
        "dvar": 4.67633835797e-05,
        "dvar2": 0.000106855448394,
        "max": 0.076014533639,
        "mean": 0.0124799497426,
        "median": 0.00988118071109,
        "min": 3.11581402457e-07,
        "var": 0.000110716282506
    },
    "spectral_entropy": {
        "dmean": 0.237667664886,
        "dmean2": 0.316805958748,
        "dvar": 0.0620167218149,
        "dvar2": 0.11114628613,
        "max": 8.59676170349,
        "mean": 7.22887086868,
        "median": 7.19330739975,
        "min": 5.24005079269,
        "var": 0.298860728741
    },
    "spectral_flux": {
        "dmean": 0.0209210347384,
        "dmean2": 0.0320368856192,
        "dvar": 0.000648705288768,
        "dvar2": 0.00141232588794,
        "max": 0.327972650528,
        "mean": 0.0599162876606,
        "median": 0.0481299608946,
        "min": 0.000839741143864,
        "var": 0.00177477963734
    },
    "spectral_kurtosis": {
        "dmean": 3.53272652626,
        "dmean2": 5.79535579681,
        "dvar": 53.0028305054,
        "dvar2": 145.400970459,
        "max": 153.633483887,
        "mean": 6.58899831772,
        "median": 3.91017150879,
        "min": -1.41041576862,
        "var": 164.973846436
    },
    "spectral_rms": {
        "dmean": 0.00057605560869,
        "dmean2": 0.000841120141558,
        "dvar": 4.83383075789e-07,
        "dvar2": 9.76846763479e-07,
        "max": 0.0104930158705,
        "mean": 0.00438537355512,
        "median": 0.004278015811,
        "min": 2.62291068793e-05,
        "var": 2.90664161184e-06
    },
    "spectral_rolloff": {
        "dmean": 461.74810791,
        "dmean2": 776.388305664,
        "dvar": 932603.0625,
        "dvar2": 2011363.75,
        "max": 9345.41015625,
        "mean": 1239.66064453,
        "median": 839.794921875,
        "min": 107.666015625,
        "var": 2215032.25
    },
    "spectral_skewness": {
        "dmean": 0.368576794863,
        "dmean2": 0.579752385616,
        "dvar": 0.198695555329,
        "dvar2": 0.504701972008,
        "max": 9.45062065125,
        "mean": 1.68154203892,
        "median": 1.54471445084,
        "min": -0.157551467419,
        "var": 0.810363948345
    },
    "spectral_spread": {
        "dmean": 729223.5,
        "dmean2": 988813.4375,
        "dvar": 608437141504,
        "dvar2": 1.09931646157e+12,
        "max": 11679287,
        "mean": 3958099,
        "median": 3587757.5,
        "min": 591389.875,
        "var": 2.60745671475e+12
    },
    "spectral_strongpeak": {
        "dmean": 0.448396384716,
        "dmean2": 0.724095523357,
        "dvar": 0.78185749054,
        "dvar2": 1.79421341419,
        "max": 14.062245369,
        "mean": 1.1235588789,
        "median": 0.535152077675,
        "min": 0.00553584797308,
        "var": 2.34281468391
    },
    "zerocrossingrate": {
        "dmean": 0.0112181864679,
        "dmean2": 0.013096826151,
        "dvar": 0.000205761622055,
        "dvar2": 0.000232146179769,
        "max": 0.2880859375,
        "mean": 0.0494905635715,
        "median": 0.04248046875,
        "min": 0.00439453125,
        "var": 0.00137536088005
    },
    "barkbands": {
        "dmean": [1.861612418e-06, 0.000484163319925, 0.00127721601166, 0.000735035806429, 0.00207874621265, 0.000714610912837, 0.000589103961829, 0.000831384619232, 0.00104286614805, 0.000739444629289, 0.000345965701854, 0.000290673458949, 0.000247398595093, 0.000229156765272, 0.000374250608729, 0.000284162757453, 0.000189911705093, 0.000197391927941, 7.09808809916e-05, 7.88900943007e-05, 6.68206630507e-05, 4.20402793679e-05, 0.000107106214273, 0.000123296471429, 3.55005722668e-05, 2.53237359971e-08, 9.07248332016e-10],
        "dmean2": [3.12523047796e-06, 0.000783205206972, 0.00177757511847, 0.00125845242292, 0.00339721981436, 0.00100629869848, 0.000871950760484, 0.00125437485985, 0.00150300748646, 0.000976566690952, 0.000509607780259, 0.00045567296911, 0.000370948255295, 0.000344025058439, 0.000567514623981, 0.000434258166933, 0.000272133067483, 0.000302728934912, 0.000114206952276, 0.000122356694192, 0.000107789273898, 6.41503356746e-05, 0.000163979886565, 0.000184263597475, 5.66181406612e-05, 4.10365714743e-08, 1.67776459392e-09],
        "dvar": [3.42921663288e-11, 6.15639521584e-07, 3.62877540283e-06, 2.3936722755e-06, 1.19178203022e-05, 4.26555425292e-06, 5.54184725843e-06, 1.35373693411e-05, 1.48067583723e-05, 8.79316758073e-06, 3.6972644466e-06, 1.5221630747e-06, 9.95790287561e-07, 7.75300009082e-07, 2.04546176974e-06, 1.92569223145e-06, 5.81096117003e-07, 2.64296545538e-07, 1.4319704178e-07, 3.10981711493e-08, 8.50530312846e-08, 7.24791959783e-09, 1.01537835917e-07, 1.10362577743e-07, 7.97289434473e-09, 4.50144775445e-15, 2.91691263664e-18],
        "dvar2": [8.52001455498e-11, 1.45242108829e-06, 7.08203879185e-06, 6.46028638585e-06, 2.84396483039e-05, 1.00787610791e-05, 1.28480160129e-05, 3.21119041473e-05, 3.51954658981e-05, 1.6130394215e-05, 9.06067452888e-06, 4.19991647505e-06, 2.0895288344e-06, 1.71578858499e-06, 4.85723558086e-06, 4.79002483189e-06, 1.16771605008e-06, 6.55351016121e-07, 4.02480708317e-07, 7.41691934536e-08, 2.39089956722e-07, 1.64708406913e-08, 2.37782884938e-07, 2.36588377334e-07, 1.85231332495e-08, 1.03766762232e-14, 8.9092596297e-18],
        "max": [0.000100409910374, 0.012645049952, 0.0384819880128, 0.0239169578999, 0.0598219335079, 0.049212731421, 0.0475300364196, 0.0646944195032, 0.0667693465948, 0.0651362612844, 0.0577753782272, 0.0347172357142, 0.0322702974081, 0.0178026091307, 0.0381779409945, 0.041808757931, 0.0168971195817, 0.00748464325443, 0.0127718308941, 0.00268662651069, 0.0100106177852, 0.00157383223996, 0.00583553453907, 0.00631635962054, 0.00199803616852, 1.52932148012e-06, 3.66064973889e-08],
        "mean": [1.80021879714e-06, 0.000826690462418, 0.00381727679633, 0.00117184838746, 0.0047193756327, 0.00211488152854, 0.00110395171214, 0.00128629826941, 0.00189432350453, 0.00145643868018, 0.000622596067842, 0.000489171594381, 0.000461623742012, 0.000351721624611, 0.000568223651499, 0.000427184655564, 0.000352135568392, 0.000322699372191, 0.000105808081571, 0.000111966815894, 8.45415124786e-05, 5.72950411879e-05, 0.000145075537148, 0.0001596021757, 3.90018285543e-05, 2.7352969667e-08, 7.22609139192e-10],
        "median": [3.79885364055e-07, 0.000445255107479, 0.00186520954594, 0.000442086893599, 0.00285373488441, 0.00114936009049, 0.000338637561072, 0.000208230150747, 0.000281152781099, 0.000272582517937, 0.000105999868538, 0.000182326621143, 0.000136084796395, 8.80102088558e-05, 0.000123643694678, 0.000112640111183, 6.88897998771e-05, 0.000116951872769, 4.98081608384e-05, 4.53574903077e-05, 2.26973188546e-05, 1.51868589455e-05, 2.04641055461e-05, 2.11818496609e-05, 3.9075175664e-06, 3.22897975025e-09, 2.38923464346e-10],
        "min": [8.8446160118e-12, 3.07129960353e-10, 1.69156200158e-09, 8.07501976396e-09, 3.7285630583e-08, 1.46117269395e-08, 2.92126012269e-09, 3.2982900855e-09, 1.96910332484e-09, 6.88371315505e-09, 2.65874611216e-09, 2.31525820737e-09, 2.64141686301e-09, 1.74217607007e-09, 5.11045428198e-09, 2.90189161589e-09, 8.21511358939e-10, 3.9671474994e-09, 5.16985954047e-10, 1.55136670177e-09, 8.53265791356e-10, 1.20695037298e-10, 4.49475318076e-10, 7.19543036265e-10, 2.27502225392e-10, 4.107648683e-12, 4.15478719137e-12],
        "var": [3.45805849233e-11, 1.29166119223e-06, 2.7599351597e-05, 4.22481389251e-06, 3.01379095617e-05, 9.90867647488e-06, 7.99135705165e-06, 2.20775436901e-05, 2.67698487733e-05, 2.62930043391e-05, 8.15636030893e-06, 1.39280314215e-06, 2.18553941522e-06, 1.25241672322e-06, 3.18413071909e-06, 2.64513960246e-06, 1.58266846029e-06, 4.36661792946e-07, 9.97291778049e-08, 3.97371273664e-08, 6.4925409049e-08, 1.23509211747e-08, 1.74555779608e-07, 2.46204336918e-07, 1.36004620899e-08, 7.70000637009e-15, 2.03931970845e-18]
    },
    "erbbands": {
        "dmean": [0.00240192050114, 0.164844617248, 1.37762391567, 1.54922044277, 5.27605724335, 8.14546585083, 5.55454921722, 5.61220741272, 6.0701956749, 11.2862911224, 19.7933044434, 25.43775177, 18.7504329681, 20.2098884583, 15.0691595078, 10.2556200027, 11.6384773254, 10.3108434677, 17.3623847961, 17.6754627228, 11.5612230301, 9.02428436279, 11.6598787308, 4.85915231705, 3.99859833717, 3.25422525406, 3.34603500366, 2.03511929512, 1.45047426224, 1.93803322315, 3.38049268723, 2.77738118172, 1.9016752243, 0.754838049412, 0.0600141622126, 0.00261584040709, 0.000133945795824, 1.80128390639e-05, 6.08577920502e-06, 7.35831417842e-06],
        "dmean2": [0.00387817178853, 0.2607614398, 1.97434830666, 2.47982859612, 8.55373096466, 13.49421978, 8.33111190796, 7.96025753021, 8.94827842712, 17.1569347382, 29.96068573, 36.965675354, 27.4237251282, 25.3357009888, 22.87317276, 15.9493408203, 17.0818767548, 15.5424060822, 26.1184272766, 25.7963066101, 17.3816280365, 13.1579713821, 17.8828887939, 7.61492729187, 6.47754621506, 5.067091465, 5.36103343964, 3.19710946083, 2.21091771126, 2.9796257019, 5.15993070602, 4.08916282654, 2.93525218964, 1.18922662735, 0.0970393940806, 0.0042060916312, 0.000209526901017, 2.7526226404e-05, 9.05169144971e-06, 1.11058861876e-05],
        "dvar": [1.78417940333e-05, 0.0699139162898, 4.47952413559, 7.35760259628, 132.405303955, 141.987731934, 199.557861328, 357.271514893, 399.899688721, 2020.51147461, 7702.98925781, 11045.9482422, 7312.11132812, 5344.27880859, 10423.0615234, 1220.56726074, 2501.17749023, 1282.01403809, 4031.56079102, 4458.57666016, 3119.51342773, 1164.79174805, 920.320068359, 159.839523315, 477.925201416, 42.1943969727, 265.919281006, 27.5851173401, 8.85127162933, 22.132106781, 109.049545288, 48.1395721436, 34.6031227112, 4.06341171265, 0.0195813570172, 3.73155744455e-05, 1.02547517145e-07, 1.93152582817e-09, 1.29210628308e-10, 1.144952258e-10],
        "dvar2": [4.42281416326e-05, 0.157376229763, 8.91568183899, 19.2214870453, 320.750915527, 340.878295898, 474.465942383, 865.310424805, 826.838684082, 4962.13134766, 18506.4257812, 26879.0390625, 16873.296875, 7045.82519531, 27763.40625, 3187.84155273, 5171.26513672, 2864.97387695, 9035.984375, 9916.02050781, 8201.953125, 2515.01171875, 2226.90112305, 417.981994629, 1344.86901855, 99.5868988037, 746.139526367, 72.7290115356, 20.6587505341, 46.6220016479, 263.595794678, 94.0449371338, 83.2497558594, 9.61649894714, 0.0463648103178, 8.75596597325e-05, 2.34042076386e-07, 4.36117320035e-09, 3.02168040589e-10, 2.57609961141e-10],
        "max": [0.0804573819041, 4.55769777298, 40.400138855, 38.7903060913, 210.151138306, 168.090866089, 257.101959229, 554.46685791, 494.481262207, 969.499145508, 1522.19970703, 2003.05273438, 1671.31152344, 1845.55957031, 3144.02709961, 724.67565918, 1657.03637695, 937.31048584, 1149.83691406, 2251.11279297, 1516.56750488, 864.587158203, 473.074554443, 346.642852783, 731.934143066, 69.795135498, 573.967468262, 119.095001221, 45.8833808899, 102.53490448, 191.011932373, 143.542724609, 116.812744141, 40.6368598938, 2.74294137955, 0.121017210186, 0.00599632784724, 0.000742203264963, 0.000202268493013, 0.000141390715726],
        "mean": [0.00466429581866, 0.33330655098, 4.00267601013, 3.89298224449, 9.61109256744, 18.2889404297, 14.84308815, 17.4318370819, 13.0868787766, 19.2001171112, 32.639793396, 46.1417808533, 35.772480011, 44.8278656006, 28.1885700226, 19.0177669525, 23.3683185577, 17.4958648682, 27.0185165405, 29.8336772919, 21.0464229584, 18.0450515747, 20.8409843445, 8.63485717773, 5.43854427338, 4.84527683258, 4.27689313889, 2.68542838097, 1.96845078468, 2.71537733078, 4.4797129631, 3.79337573051, 2.31480264664, 0.850687742233, 0.0638309493661, 0.00284470268525, 0.00016395644343, 2.43834438152e-05, 1.67382841028e-05, 2.80656531686e-05],
        "median": [0.00270239380188, 0.178784027696, 2.014731884, 2.1104824543, 5.31196451187, 10.7170677185, 7.77626180649, 9.22574424744, 5.36678600311, 4.78382396698, 6.39640188217, 7.69095897675, 5.80374145508, 9.81667232513, 6.88946533203, 8.03701400757, 7.12986660004, 4.84863567352, 6.02171993256, 7.00513982773, 5.69256305695, 4.18679046631, 7.59826898575, 4.16132879257, 2.28910398483, 2.05910134315, 1.18662929535, 0.795918345451, 0.546677291393, 0.510181367397, 0.622990489006, 0.515387058258, 0.264724493027, 0.0932104438543, 0.0059654796496, 0.000307890208205, 3.03338056256e-05, 5.65024720345e-06, 1.17186045827e-05, 2.29532215599e-05],
        "min": [2.96720781279e-09, 1.4611183019e-07, 2.55365989688e-06, 1.18668012874e-05, 0.000109344306111, 0.000115822287626, 8.92601092346e-05, 0.000119196040032, 3.43181491189e-05, 6.09790331509e-05, 0.000142517441418, 0.000117515279271, 0.000240892841248, 0.00010770415247, 0.000138574760058, 7.391138206e-05, 0.000127208972117, 9.79575270321e-05, 0.000115598719276, 0.000321552477544, 0.00018749969604, 5.89712981309e-05, 0.000276044564089, 8.77838101587e-05, 3.79542980227e-05, 8.24124144856e-05, 5.32829653821e-05, 1.03455467979e-05, 4.24553036282e-06, 5.98849419475e-06, 1.56263558893e-05, 1.04393729998e-05, 1.48138105942e-05, 6.00957537245e-06, 2.74712675719e-07, 3.00233793382e-08, 9.53338652465e-09, 2.46842213336e-09, 1.15274190193e-09, 9.01028585076e-10],
        "var": [3.72024187527e-05, 0.199242264032, 29.7225818634, 26.5319747925, 195.169952393, 484.8644104, 429.223693848, 770.291015625, 758.666809082, 3010.29492188, 12253.8125, 19152.1757812, 13909.4267578, 22831.9140625, 13462.0859375, 1455.3614502, 5422.85546875, 2401.47436523, 5933.21044922, 9807.46582031, 4908.65185547, 3174.59643555, 1871.4744873, 196.808029175, 319.995025635, 59.0246963501, 196.125534058, 31.7376899719, 13.5937290192, 48.3831825256, 173.624725342, 129.522857666, 57.2416152954, 6.61300754547, 0.0318520925939, 6.26752589596e-05, 1.89459782973e-07, 3.76736153385e-09, 2.98713276337e-10, 4.07352429566e-10]
    },
    "gfcc": {
        "mean": [-48.2522392273, 138.741409302, -144.35736084, 45.2971000671, -71.5333557129, 12.936460495, -44.2097358704, -8.70411777496, -16.0055503845, -30.1214179993, 0.696284472942, -23.536567688, 1.4276279211],
        "cov": [[5403.30615234, -1603.21057129, -499.580291748, 108.950134277, -904.930847168, 293.751403809, -540.949401855, 305.243591309, -150.493972778, 64.6251831055, -171.195800781, -57.2839164734, 26.9102077484], [-1603.21057129, 1787.91906738, -48.0448722839, -451.935272217, 723.357543945, -546.734436035, 399.128540039, -233.229858398, 221.427490234, -138.006881714, 53.3044815063, -6.69423913956, 35.1243362427], [-499.580291748, -48.0448722839, 585.93371582, 189.410827637, 42.2893180847, 128.368911743, -32.3349876404, 30.3859233856, -38.6542320251, 65.7984771729, 30.9303340912, 55.9087333679, -39.2802696228], [108.950134277, -451.935272217, 189.410827637, 536.735839844, -85.946937561, 146.006210327, -74.7824935913, -2.72445011139, -49.7064933777, 49.9174423218, 51.6119918823, 52.0690193176, 8.90102672577], [-904.930847168, 723.357543945, 42.2893180847, -85.946937561, 473.899383545, -207.058685303, 164.801391602, -92.1741409302, 95.2198791504, -37.2508964539, 12.7508220673, 23.1337051392, 14.2057237625], [293.751403809, -546.734436035, 128.368911743, 146.006210327, -207.058685303, 351.237945557, -39.9855957031, 75.6880111694, -97.3432922363, 50.6851234436, 25.2673034668, -8.65268421173, -35.759727478], [-540.949401855, 399.128540039, -32.3349876404, -74.7824935913, 164.801391602, -39.9855957031, 261.305725098, -58.8278121948, 24.8582496643, -39.6424560547, 41.1869850159, -11.3923053741, -7.03807544708], [305.243591309, -233.229858398, 30.3859233856, -2.72445011139, -92.1741409302, 75.6880111694, -58.8278121948, 138.42225647, -6.96941900253, 21.5325641632, -34.7556114197, -13.7080602646, -2.5141851902], [-150.493972778, 221.427490234, -38.6542320251, -49.7064933777, 95.2198791504, -97.3432922363, 24.8582496643, -6.96941900253, 139.978118896, -10.8524265289, -16.3007049561, -15.2829732895, 4.12287282944], [64.6251831055, -138.006881714, 65.7984771729, 49.9174423218, -37.2508964539, 50.6851234436, -39.6424560547, 21.5325641632, -10.8524265289, 79.9859161377, 9.4526386261, 2.12259364128, -16.5120449066], [-171.195800781, 53.3044815063, 30.9303340912, 51.6119918823, 12.7508220673, 25.2673034668, 41.1869850159, -34.7556114197, -16.3007049561, 9.4526386261, 90.9609832764, 19.3939113617, -15.6923084259], [-57.2839164734, -6.69423913956, 55.9087333679, 52.0690193176, 23.1337051392, -8.65268421173, -11.3923053741, -13.7080602646, -15.2829732895, 2.12259364128, 19.3939113617, 78.631690979, 18.6410331726], [26.9102077484, 35.1243362427, -39.2802696228, 8.90102672577, 14.2057237625, -35.759727478, -7.03807544708, -2.5141851902, 4.12287282944, -16.5120449066, -15.6923084259, 18.6410331726, 69.3805999756]],
        "icov": [[0.000361019832781, -0.000213950508623, 0.000449523533462, -0.000204298543395, 0.000551275385078, -0.000187276920769, 0.000466866709758, -0.000455342931673, 0.000177815047209, -0.000158774491865, 0.000498219043948, -0.000267081748461, 0.000206549084396], [-0.000213950508623, 0.00766809144989, -0.00315527711064, 0.00422758050263, -0.00524713471532, 0.00597732048482, -0.00447962572798, 0.00361331971362, -0.00294495513663, 0.00338470865972, -0.0060786944814, 0.00384133774787, -0.00372252357192], [0.000449523533462, -0.00315527711064, 0.00424144556746, -0.00240898900665, 0.00156120024621, -0.00329172681086, 0.00247226003557, -0.00243075448088, 0.00157983775716, -0.00249984115362, 0.00308580719866, -0.00339417764917, 0.00320090423338], [-0.000204298543395, 0.00422758050263, -0.00240898900665, 0.00503492495045, -0.00284721632488, 0.00232198648155, -0.0018572746776, 0.0028688213788, -0.00193365605082, 0.00135659112129, -0.00457921437919, 0.00142683531158, -0.00335680763237], [0.000551275385078, -0.00524713471532, 0.00156120024621, -0.00284721632488, 0.00848062708974, -0.00216209422797, 0.00110837782267, -0.00179090129677, 0.00065942684887, -0.00256693386473, 0.00502075906843, -0.00376044446602, 0.00238431734033], [-0.000187276920769, 0.00597732048482, -0.00329172681086, 0.00232198648155, -0.00216209422797, 0.0107053285465, -0.00486441375688, 0.000621096405666, 3.72711328964e-05, 0.0015760671813, -0.00560171809047, 0.00412522442639, -0.00162798329256], [0.000466866709758, -0.00447962572798, 0.00247226003557, -0.0018572746776, 0.00110837782267, -0.00486441375688, 0.00938777532429, -0.00153730146121, 0.00170794280712, 0.000298129627481, 0.000907026056666, -0.000776514818426, 0.00227043218911], [-0.000455342931673, 0.00361331971362, -0.00243075448088, 0.0028688213788, -0.00179090129677, 0.000621096405666, -0.00153730146121, 0.012805162929, -0.00288910302334, 0.000315666169627, 0.000362060993211, 0.00239402218722, -0.00271652033553], [0.000177815047209, -0.00294495513663, 0.00157983775716, -0.00193365605082, 0.00065942684887, 3.72711328964e-05, 0.00170794280712, -0.00288910302334, 0.0110879791901, -0.00187925924547, 0.00303170224652, 0.000588311231695, 0.00193869078066], [-0.000158774491865, 0.00338470865972, -0.00249984115362, 0.00135659112129, -0.00256693386473, 0.0015760671813, 0.000298129627481, 0.000315666169627, -0.00187925924547, 0.0179790388793, -0.00482766004279, 0.00221928698011, 0.000840667751618], [0.000498219043948, -0.0060786944814, 0.00308580719866, -0.00457921437919, 0.00502075906843, -0.00560171809047, 0.000907026056666, 0.000362060993211, 0.00303170224652, -0.00482766004279, 0.0214457698166, -0.00742701021954, 0.00692550186068], [-0.000267081748461, 0.00384133774787, -0.00339417764917, 0.00142683531158, -0.00376044446602, 0.00412522442639, -0.000776514818426, 0.00239402218722, 0.000588311231695, 0.00221928698011, -0.00742701021954, 0.0198632963002, -0.00756509741768], [0.000206549084396, -0.00372252357192, 0.00320090423338, -0.00335680763237, 0.00238431734033, -0.00162798329256, 0.00227043218911, -0.00271652033553, 0.00193869078066, 0.000840667751618, 0.00692550186068, -0.00756509741768, 0.0209489874542]]
    },
    "melbands": {
        "dmean": [6.93808760843e-05, 0.000540980603546, 0.000354832591256, 0.000519435037859, 0.000209838341107, 0.00012506879284, 0.000103042017145, 0.000141231750604, 0.000160222203704, 0.000158822600497, 9.53633571044e-05, 8.96532874322e-05, 5.35788021807e-05, 3.40640508512e-05, 2.74652993539e-05, 2.42136666202e-05, 1.94017593458e-05, 2.79194209725e-05, 2.61241348198e-05, 2.14675637835e-05, 1.43668130477e-05, 9.30165788304e-06, 1.27740649987e-05, 8.84598193807e-06, 3.71638839169e-06, 2.88997944153e-06, 3.05904859488e-06, 2.10966459235e-06, 2.22366588787e-06, 1.74359388438e-06, 1.08196366e-06, 8.40291988879e-07, 8.18556429749e-07, 1.26633119635e-06, 1.96248743123e-06, 2.10411940316e-06, 1.60529100413e-06, 1.39624216899e-06, 1.09548705041e-06, 5.06305639192e-07],
        "dmean2": [0.00011312654533, 0.000785354699474, 0.000569974246901, 0.00084801815683, 0.000326169596519, 0.000176508096047, 0.000151624582941, 0.000216018408537, 0.000242102716584, 0.000231039070059, 0.000136994014611, 0.000111980109068, 8.01091591711e-05, 5.44052454643e-05, 4.10152497352e-05, 3.7165467802e-05, 2.95354457194e-05, 4.21515287599e-05, 3.98430602218e-05, 3.1543942896e-05, 2.16763310164e-05, 1.33802559503e-05, 1.91659946722e-05, 1.37664101203e-05, 5.93929007664e-06, 4.69192946184e-06, 4.92156277687e-06, 3.33782327289e-06, 3.60268563782e-06, 2.83005579149e-06, 1.72162458512e-06, 1.29787440528e-06, 1.25663893868e-06, 1.96727501134e-06, 3.06936954075e-06, 3.16105024467e-06, 2.36183018387e-06, 2.17882688958e-06, 1.74771821548e-06, 8.11141944723e-07],
        "dvar": [1.30200659143e-08, 6.83166774706e-07, 4.81748656966e-07, 7.48537331674e-07, 2.19555829517e-07, 1.59067496952e-07, 1.36568232278e-07, 2.7323395102e-07, 4.61250294848e-07, 4.43676185569e-07, 1.90304362491e-07, 1.11226405863e-07, 9.70588658333e-08, 3.79109472703e-08, 8.57337401072e-09, 1.20855148111e-08, 4.85310192033e-09, 1.06122373111e-08, 1.44049163708e-08, 1.03889901126e-08, 7.21658421909e-09, 1.84227844091e-09, 1.39321920667e-09, 4.92987983769e-10, 7.62531565668e-11, 4.37965691491e-10, 8.90809440102e-11, 1.82287691886e-11, 7.37394520445e-11, 6.73190184153e-11, 6.62928999889e-12, 3.29277707531e-12, 2.98448700649e-12, 1.10069843864e-11, 5.0207588087e-11, 2.97016092277e-11, 1.75679800568e-11, 1.77513281852e-11, 1.66079597991e-11, 1.51292346706e-12],
        "dvar2": [3.15313286592e-08, 1.38543191497e-06, 1.22075277886e-06, 1.8026601083e-06, 5.1283961966e-07, 3.81264868565e-07, 2.96770451769e-07, 6.68383563607e-07, 1.12047985112e-06, 1.0860188695e-06, 4.32514411841e-07, 1.44231592003e-07, 2.48926397717e-07, 1.06634161057e-07, 1.84863910846e-08, 2.49497524862e-08, 1.1014889445e-08, 2.36261445963e-08, 3.5716361424e-08, 2.16417621601e-08, 1.92629379114e-08, 3.97742994096e-09, 2.99385383151e-09, 1.24696541981e-09, 1.95374591505e-10, 1.24927113099e-09, 2.28036756145e-10, 4.58688746707e-11, 2.02647509884e-10, 1.88986604144e-10, 1.71881120448e-11, 7.95647662338e-12, 6.62891790071e-12, 2.38304584399e-11, 1.26784832633e-10, 6.50392170676e-11, 3.36419329894e-11, 4.10946519869e-11, 4.38604222386e-11, 3.5135869908e-12],
        "max": [0.00197627209127, 0.0156076475978, 0.0110919438303, 0.0161454640329, 0.00868774484843, 0.0111123593524, 0.00783231668174, 0.00910487212241, 0.0113334888592, 0.0130500392988, 0.00841691158712, 0.00804334878922, 0.0085159195587, 0.00617385748774, 0.0021475830581, 0.00396639946848, 0.00172123021912, 0.00185050978325, 0.00398375466466, 0.00381706515327, 0.00242349551991, 0.00129406165797, 0.00112485699356, 0.000345253705746, 0.000217444074224, 0.000714162597433, 0.000148106410052, 5.48605967197e-05, 0.000280671782093, 0.000283367553493, 4.06409562856e-05, 2.91664709948e-05, 3.33474163199e-05, 6.38754645479e-05, 0.000155684450874, 0.000109541462734, 9.78010357358e-05, 9.64621794992e-05, 0.000104466416815, 3.00815390801e-05],
        "mean": [0.000117757852422, 0.00148616824299, 0.0007825253997, 0.00117289565969, 0.000560956192203, 0.000384016544558, 0.000206600117963, 0.000231869795243, 0.000271526834695, 0.000279303872958, 0.000178390124347, 0.000193841930013, 9.91494089249e-05, 5.50420118088e-05, 5.41931003681e-05, 4.20165488322e-05, 3.08425696858e-05, 4.12864283135e-05, 4.01713587053e-05, 3.35188087774e-05, 2.3962566047e-05, 1.65620222106e-05, 2.42288388108e-05, 1.3895887605e-05, 6.19342699792e-06, 3.82182042813e-06, 3.99488953917e-06, 2.96969892588e-06, 2.77194635601e-06, 2.18094191951e-06, 1.32993977786e-06, 1.05632511804e-06, 1.14085128189e-06, 1.69121892668e-06, 2.55158033724e-06, 2.72888814834e-06, 2.15193222175e-06, 1.70374710251e-06, 1.22612107134e-06, 5.46271337498e-07],
        "median": [6.44580795779e-05, 0.000759807997383, 0.000451598578366, 0.000691772846039, 0.000336220749887, 0.000202304072445, 7.47986632632e-05, 5.41644039913e-05, 5.50420299987e-05, 4.02202822443e-05, 2.63537986029e-05, 3.94585877075e-05, 2.00816921279e-05, 1.84134023584e-05, 1.9263359718e-05, 1.21202529044e-05, 7.88615943748e-06, 8.60744785314e-06, 9.33346291276e-06, 8.10633082438e-06, 5.4828356042e-06, 3.28832106788e-06, 6.44701094643e-06, 5.35582557859e-06, 2.94294363812e-06, 1.55172301675e-06, 1.53906114519e-06, 1.18770253721e-06, 7.72765702095e-07, 5.3773669606e-07, 3.76702473659e-07, 2.93014437602e-07, 2.64031797315e-07, 2.65482526629e-07, 3.31767466832e-07, 3.8078826492e-07, 2.60814488229e-07, 1.80346418688e-07, 1.3339776217e-07, 5.02852088857e-08],
        "min": [4.76462064247e-11, 9.7761154727e-10, 4.79881467896e-09, 9.39296818103e-09, 3.22677662368e-09, 2.61599830687e-09, 5.64576996265e-10, 7.25539961444e-10, 7.29161175883e-10, 2.87454560155e-10, 1.20673104842e-09, 4.4497644458e-10, 4.36597119569e-10, 3.17783022119e-10, 2.36516389807e-10, 2.12856135495e-10, 1.81714712721e-10, 1.04652023158e-10, 4.72844596811e-10, 1.35380012756e-10, 2.04677094717e-10, 3.90429667763e-11, 7.5229794616e-11, 2.15781115198e-10, 4.98829554052e-11, 1.23195681087e-11, 5.35267420665e-11, 5.06594037553e-11, 2.79164243805e-11, 1.92724464859e-11, 1.81298097195e-12, 1.44209210545e-12, 3.71781078146e-12, 3.09691096552e-12, 1.10016440402e-11, 6.85140572748e-12, 5.52263356574e-12, 1.09974728976e-11, 9.91125237437e-12, 1.93157924551e-12],
        "var": [2.56294132583e-08, 4.05657146985e-06, 9.80529989647e-07, 2.10199232242e-06, 5.06244703047e-07, 3.60691359447e-07, 2.26308728202e-07, 4.25757406219e-07, 7.09410585387e-07, 7.07457729732e-07, 3.80671622224e-07, 4.64795817834e-07, 1.77315698124e-07, 2.86617360956e-08, 1.84055934938e-08, 2.0461092376e-08, 8.63340865465e-09, 1.49267922467e-08, 2.14680646593e-08, 1.75717840278e-08, 1.03385575656e-08, 3.95174559742e-09, 4.87488316381e-09, 7.02469082903e-10, 1.03900478499e-10, 2.73120082106e-10, 8.46196862581e-11, 2.4016599473e-11, 6.00773875092e-11, 5.30143602628e-11, 7.50087578855e-12, 4.33397675387e-12, 5.87609301494e-12, 2.28685941711e-11, 6.63339036477e-11, 6.00341443224e-11, 4.8406386538e-11, 3.26942917184e-11, 1.79231109121e-11, 2.6304989003e-12]
    },
    "mfcc": {
        "mean": [-667.710388184, 137.56036377, 0.280835717916, 16.9277896881, 7.44661903381, 0.475660651922, -3.74769282341, 4.57758235931, -10.6085243225, -1.62421011925, -11.9137477875, -2.80768704414, -9.33895111084],
        "cov": [[5566.00537109, -1600.53686523, -154.009216309, -366.698516846, -297.788543701, -291.848968506, -285.282440186, -88.579498291, -42.6184501648, 38.3926124573, -43.0929832458, -82.3512420654, -230.923233032], [-1600.53686523, 2000.94604492, -527.100830078, 145.322753906, 42.5091705322, -47.166053772, -21.4664535522, 44.3998794556, 63.8467063904, 22.0463237762, -30.1628684998, -29.2314395905, 74.7183151245], [-154.009216309, -527.100830078, 650.405883789, -3.07221865654, 90.9418029785, 94.0254821777, 77.5353851318, 12.9072732925, -33.1231040955, -17.9456691742, 41.5948753357, 54.2470741272, 38.7185211182], [-366.698516846, 145.322753906, -3.07221865654, 393.762298584, 91.6862030029, 68.6549072266, -0.684469997883, 2.68460631371, -7.16579580307, -29.0676422119, -44.2352638245, 42.4036827087, 56.8533630371], [-297.788543701, 42.5091705322, 90.9418029785, 91.6862030029, 216.997512817, 21.78673172, -22.7436885834, -1.39036476612, 34.0806045532, -14.0604286194, -2.75322008133, 36.8239212036, 29.6556301117], [-291.848968506, -47.166053772, 94.0254821777, 68.6549072266, 21.78673172, 181.121414185, 88.6563415527, 18.8071708679, -34.8881950378, 1.74616992474, 22.9731693268, 17.0130939484, 15.506360054], [-285.282440186, -21.4664535522, 77.5353851318, -0.684469997883, -22.7436885834, 88.6563415527, 211.510177612, 41.8147506714, -29.486322403, 1.60333180428, 33.0096969604, -2.13496923447, 7.96294260025], [-88.579498291, 44.3998794556, 12.9072732925, 2.68460631371, -1.39036476612, 18.8071708679, 41.8147506714, 91.6159439087, 12.7618789673, 11.0441446304, -2.04736208916, -5.37469673157, 13.7135601044], [-42.6184501648, 63.8467063904, -33.1231040955, -7.16579580307, 34.0806045532, -34.8881950378, -29.486322403, 12.7618789673, 123.929870605, 13.4098443985, -12.3989915848, -6.92263031006, 5.51868152618], [38.3926124573, 22.0463237762, -17.9456691742, -29.0676422119, -14.0604286194, 1.74616992474, 1.60333180428, 11.0441446304, 13.4098443985, 105.105445862, 22.0182819366, -27.4529647827, -9.68398571014], [-43.0929832458, -30.1628684998, 41.5948753357, -44.2352638245, -2.75322008133, 22.9731693268, 33.0096969604, -2.04736208916, -12.3989915848, 22.0182819366, 107.37915802, 17.1529884338, -25.4248600006], [-82.3512420654, -29.2314395905, 54.2470741272, 42.4036827087, 36.8239212036, 17.0130939484, -2.13496923447, -5.37469673157, -6.92263031006, -27.4529647827, 17.1529884338, 87.7284698486, 13.2863788605], [-230.923233032, 74.7183151245, 38.7185211182, 56.8533630371, 29.6556301117, 15.506360054, 7.96294260025, 13.7135601044, 5.51868152618, -9.68398571014, -25.4248600006, 13.2863788605, 89.2960739136]],
