{
"lowlevel": {
    "average_loudness": 0.953650534153,
    "barkbands_crest": {
        "dmean": 2.65066766739,
        "dmean2": 3.98085045815,
        "dvar": 7.67655658722,
        "dvar2": 13.9832086563,
        "max": 26.3586368561,
        "mean": 11.7585763931,
        "median": 9.71782016754,
        "min": 2.50660014153,
        "var": 38.3681297302
    },
    "barkbands_flatness_db": {
        "dmean": 0.028912499547,
        "dmean2": 0.039703451097,
        "dvar": 0.000972818292212,
        "dvar2": 0.00171919597778,
        "max": 0.459944665432,
        "mean": 0.173598721623,
        "median": 0.159623488784,
        "min": 0.0352152511477,
        "var": 0.00597324920818
    },
    "barkbands_kurtosis": {
        "dmean": 7.77444887161,
        "dmean2": 10.9221258163,
        "dvar": 411.360839844,
        "dvar2": 880.938049316,
        "max": 339.769104004,
        "mean": 13.995634079,
        "median": 3.48459434509,
        "min": -1.84181809425,
        "var": 1071.68811035
    },
    "barkbands_skewness": {
        "dmean": 0.776818931103,
        "dmean2": 1.04932522774,
        "dvar": 1.02617263794,
        "dvar2": 1.76642930508,
        "max": 14.8544807434,
        "mean": 2.05537486076,
        "median": 1.50633192062,
        "min": -6.96977806091,
        "var": 5.70212697983
    },
    "barkbands_spread": {
        "dmean": 5.7106719017,
        "dmean2": 8.47547054291,
        "dvar": 77.2890090942,
        "dvar2": 167.535583496,
        "max": 87.0560836792,
        "mean": 16.8167076111,
        "median": 13.2508382797,
        "min": 0.248937770724,
        "var": 181.716674805
    },
    "dissonance": {
        "dmean": 0.034028224647,
        "dmean2": 0.0566810667515,
        "dvar": 0.000990796717815,
        "dvar2": 0.00260793347843,
        "max": 0.500000059605,
        "mean": 0.430978477001,
        "median": 0.441471666098,
        "min": 0.198827490211,
        "var": 0.00223015155643
    },
    "dynamic_complexity": 3.74363851547,
    "erbbands_crest": {
        "dmean": 3.03758049011,
        "dmean2": 4.72640419006,
        "dvar": 8.80084705353,
        "dvar2": 19.3874988556,
        "max": 34.5225372314,
        "mean": 11.7867383957,
        "median": 10.2296991348,
        "min": 3.26140379906,
        "var": 32.5246238708
    },
    "erbbands_flatness_db": {
        "dmean": 0.022617449984,
        "dmean2": 0.031046833843,
        "dvar": 0.000512813741807,
        "dvar2": 0.000896809389815,
        "max": 0.445757895708,
        "mean": 0.17287582159,
        "median": 0.171636000276,
        "min": 0.0379662588239,
        "var": 0.00216494686902
    },
    "erbbands_kurtosis": {
        "dmean": 2.18962860107,
        "dmean2": 3.31313681602,
        "dvar": 41.5709762573,
        "dvar2": 96.2222442627,
        "max": 179.418930054,
        "mean": 3.32124114037,
        "median": 1.56402921677,
        "min": -1.78277778625,
        "var": 55.6032295227
    },
    "erbbands_skewness": {
        "dmean": 0.469061404467,
        "dmean2": 0.6998052001,
        "dvar": 0.200140327215,
        "dvar2": 0.412877738476,
        "max": 5.42119455338,
        "mean": 0.703433334827,
        "median": 0.655764222145,
        "min": -2.5634560585,
        "var": 1.35664236546
    },
    "erbbands_spread": {
        "dmean": 9.30983734131,
        "dmean2": 13.6002130508,
        "dvar": 146.324264526,
        "dvar2": 297.9581604,
        "max": 157.577774048,
        "mean": 31.7989139557,
        "median": 24.7344684601,
        "min": 0.378297686577,
        "var": 589.569213867
    },
    "hfc": {
        "dmean": 7.24891138077,
        "dmean2": 10.8568544388,
        "dvar": 122.370475769,
        "dvar2": 284.725891113,
        "max": 140.27015686,
        "mean": 21.2076148987,
        "median": 15.9986104965,
        "min": 2.38105428707e-07,
        "var": 372.513336182
    },
    "melbands_crest": {
        "dmean": 3.19515824318,
        "dmean2": 4.53076601028,
        "dvar": 10.329117775,
        "dvar2": 18.5130081177,
        "max": 34.4761390686,
        "mean": 15.194609642,
        "median": 12.1673355103,
        "min": 3.643917799,
        "var": 67.6747665405
    },
    "melbands_flatness_db": {
        "dmean": 0.0353171862662,
        "dmean2": 0.047200422734,
        "dvar": 0.0016103584785,
        "dvar2": 0.00282429135405,
        "max": 0.595720648766,
        "mean": 0.251861065626,
        "median": 0.232254579663,
        "min": 0.0640125721693,
        "var": 0.0101166926324
    },
    "melbands_kurtosis": {
        "dmean": 13.3804483414,
        "dmean2": 19.1134185791,
        "dvar": 1031.61816406,
        "dvar2": 2026.50598145,
        "max": 689.619384766,
        "mean": 25.5780258179,
        "median": 6.69518852234,
        "min": -1.76223647594,
        "var": 3470.41967773
    },
    "melbands_skewness": {
        "dmean": 0.921878218651,
        "dmean2": 1.23889148235,
        "dvar": 1.3175662756,
        "dvar2": 2.28223204613,
        "max": 21.6253185272,
        "mean": 2.75011634827,
        "median": 1.99281835556,
        "min": -5.45947980881,
        "var": 8.29962825775
    },
    "melbands_spread": {
        "dmean": 6.63742399216,
        "dmean2": 10.0311260223,
        "dvar": 136.593109131,
        "dvar2": 305.231933594,
        "max": 168.273834229,
        "mean": 19.9588127136,
        "median": 14.5650005341,
        "min": 0.313466817141,
        "var": 329.767211914
    },
    "pitch_salience": {
        "dmean": 0.0753211304545,
        "dmean2": 0.111846320331,
        "dvar": 0.00576720107347,
        "dvar2": 0.0111373821273,
        "max": 0.819659471512,
        "mean": 0.502227127552,
        "median": 0.538153111935,
        "min": 0.0842207148671,
        "var": 0.0285273771733
    },
    "silence_rate_20dB": {
        "dmean": 0.0061919502914,
        "dmean2": 0.0123934932053,
        "dvar": 0.00615358818322,
        "dvar2": 0.0184368267655,
        "max": 1,
        "mean": 0.996906399727,
        "median": 1,
        "min": 0,
        "var": 0.00308399624191
    },
    "silence_rate_30dB": {
        "dmean": 0.0495356023312,
        "dmean2": 0.0991479456425,
        "dvar": 0.047081168741,
        "dvar2": 0.0893160477281,
        "max": 1,
        "mean": 0.836813628674,
        "median": 1,
        "min": 0,
        "var": 0.136554956436
    },
    "silence_rate_60dB": {
        "dmean": 0.0325077399611,
        "dmean2": 0.0650658383965,
        "dvar": 0.031450919807,
        "dvar2": 0.0716770663857,
        "max": 1,
        "mean": 0.0618716180325,
        "median": 0,
        "min": 0,
        "var": 0.0580440983176
    },
    "spectral_centroid": {
        "dmean": 220.115905762,
        "dmean2": 319.335083008,
        "dvar": 168458.78125,
        "dvar2": 260690.5625,
        "max": 11409.9628906,
        "mean": 1051.30090332,
        "median": 945.528625488,
        "min": 170.521148682,
        "var": 421786.59375
    },
    "spectral_complexity": {
        "dmean": 2.52476787567,
        "dmean2": 3.78156471252,
        "dvar": 12.0342035294,
        "dvar2": 21.6795711517,
        "max": 53,
        "mean": 13.2776489258,
        "median": 12,
        "min": 0,
        "var": 60.4635047913
    },
    "spectral_decrease": {
        "dmean": 4.65105509662e-09,
        "dmean2": 5.46062928208e-09,
        "dvar": 7.34511767052e-17,
        "dvar2": 9.01495511402e-17,
        "max": -1.06455291062e-17,
        "mean": -1.32675515019e-08,
        "median": -5.05168040732e-09,
        "min": -9.23610770087e-08,
        "var": 3.7433647016e-16
    },
    "spectral_energy": {
        "dmean": 0.0180242490023,
        "dmean2": 0.0212442036718,
        "dvar": 0.00105966674164,
        "dvar2": 0.00131108926143,
        "max": 0.351429492235,
        "mean": 0.0519983842969,
        "median": 0.0207641292363,
        "min": 6.17755915866e-11,
        "var": 0.00543630169705
    },
    "spectral_energyband_high": {
        "dmean": 0.000340984784998,
        "dmean2": 0.000534668157343,
        "dvar": 4.57729413483e-07,
        "dvar2": 1.08982840175e-06,
        "max": 0.00839781295508,
        "mean": 0.00053076579934,
        "median": 0.000188925201655,
        "min": 1.40867994353e-11,
        "var": 7.073301731e-07
    },
    "spectral_energyband_low": {
        "dmean": 0.0145892295986,
        "dmean2": 0.0168066639453,
        "dvar": 0.00111896614544,
        "dvar2": 0.00143647578079,
        "max": 0.336946666241,
        "mean": 0.0349269397557,
        "median": 0.00425055855885,
        "min": 3.25063413686e-12,
        "var": 0.00500075053424
    },
    "spectral_energyband_middle_high": {
        "dmean": 0.00286842486821,
        "dmean2": 0.00433374196291,
        "dvar": 2.50327630056e-05,
        "dvar2": 5.93226250203e-05,
        "max": 0.0640096962452,
        "mean": 0.00721309846267,
        "median": 0.00282723386772,
        "min": 1.57979237331e-11,
        "var": 8.58757703099e-05
    },
    "spectral_energyband_middle_low": {
        "dmean": 0.00375574431382,
        "dmean2": 0.00578401843086,
        "dvar": 2.88076989818e-05,
        "dvar2": 6.98858784745e-05,
        "max": 0.0831286013126,
        "mean": 0.0101812807843,
        "median": 0.00743408827111,
        "min": 2.65334629268e-11,
        "var": 0.000118847834528
    },
    "spectral_entropy": {
        "dmean": 0.269114643335,
        "dmean2": 0.381893187761,
        "dvar": 0.0875823572278,
        "dvar2": 0.16196000576,
        "max": 9.80958747864,
        "mean": 7.19483375549,
        "median": 7.16677427292,
        "min": 5.24741172791,
        "var": 0.279479414225
    },
    "spectral_flux": {
        "dmean": 0.0377074293792,
        "dmean2": 0.0571052841842,
        "dvar": 0.00262263091281,
        "dvar2": 0.00468754954636,
        "max": 0.452529162169,
        "mean": 0.0939448624849,
        "median": 0.0778378620744,
        "min": 3.16500627378e-05,
        "var": 0.00522817019373
    },
    "spectral_kurtosis": {
        "dmean": 2.02714800835,
        "dmean2": 3.07263922691,
        "dvar": 4.68155622482,
        "dvar2": 9.60444355011,
        "max": 21.3990058899,
        "mean": 6.02724027634,
        "median": 5.88736343384,
        "min": -1.27167117596,
        "var": 13.9311256409
    },
    "spectral_rms": {
        "dmean": 0.0010962295346,
        "dmean2": 0.00130716292188,
        "dvar": 2.20583592636e-06,
        "dvar2": 2.49931122198e-06,
        "max": 0.018516426906,
        "mean": 0.0058390381746,
        "median": 0.00450085382909,
        "min": 2.45497176365e-07,
        "var": 1.66357403941e-05
    },
    "spectral_rolloff": {
        "dmean": 508.313476562,
        "dmean2": 888.51763916,
        "dvar": 1928117.875,
        "dvar2": 4645054.5,
        "max": 11283.3984375,
        "mean": 1245.94824219,
        "median": 882.861328125,
        "min": 64.599609375,
        "var": 2354867
    },
    "spectral_skewness": {
        "dmean": 0.306365668774,
        "dmean2": 0.445087313652,
        "dvar": 0.10748321563,
        "dvar2": 0.198528975248,
        "max": 3.81381654739,
        "mean": 2.02261757851,
        "median": 2.04838085175,
        "min": -0.0509226508439,
        "var": 0.396191984415
    },
    "spectral_spread": {
        "dmean": 821192.125,
        "dmean2": 1160952.5,
        "dvar": 1.6718289961e+12,
        "dvar2": 2.19763677594e+12,
        "max": 42253508,
        "mean": 5261283.5,
        "median": 4733770.5,
        "min": 2521822.5,
        "var": 4.47094613606e+12
    },
    "spectral_strongpeak": {
        "dmean": 0.73607724905,
        "dmean2": 1.20415496826,
        "dvar": 1.26567625999,
        "dvar2": 2.91254353523,
        "max": 9.78343105316,
        "mean": 1.4942753315,
        "median": 0.867162942886,
        "min": 0,
        "var": 3.0761153698
    },
    "zerocrossingrate": {
        "dmean": 0.0126352217048,
        "dmean2": 0.0150141753256,
        "dvar": 0.000396726129111,
        "dvar2": 0.000466772064101,
        "max": 0.42529296875,
        "mean": 0.0519817508757,
        "median": 0.0458984375,
        "min": 0.00244140625,
        "var": 0.00141474220436
    },
    "barkbands": {
        "dmean": [0.000787804019637, 0.0134404851124, 0.00253315828741, 0.000928357476369, 0.000871239521075, 0.00121514999773, 0.000613860902376, 0.000586119713262, 0.00110307359137, 0.00111271534115, 0.000674888084177, 0.000720546813682, 0.000605987210292, 0.000533508311491, 0.000198147041374, 0.000230807505432, 0.000254753249465, 0.000188124322449, 8.3489860117e-05, 4.819978858e-05, 4.63552787551e-05, 7.98998225946e-05, 5.08973025717e-05, 0.000108503161755, 6.02205691393e-05, 1.80813804036e-05, 1.38234372571e-06],
        "dmean2": [0.00113930681255, 0.0143168885261, 0.00468976143748, 0.00163524562959, 0.00144323229324, 0.00196637678891, 0.000973728892859, 0.000939945864957, 0.00157446123194, 0.00176009256393, 0.00104402098805, 0.0011361365905, 0.00100011355244, 0.000807990320027, 0.000308079936076, 0.000356648291927, 0.00037965469528, 0.000294659490464, 0.000128870582557, 7.22530603525e-05, 7.42448173696e-05, 0.00012825007434, 7.77590175858e-05, 0.000182429197594, 9.5169270935e-05, 2.76469891105e-05, 2.27804252972e-06],
        "dvar": [3.7142549445e-06, 0.000977813848294, 7.96156382421e-05, 5.22279196957e-06, 1.97828126147e-06, 3.23826952808e-06, 1.15927900879e-06, 2.10083749153e-06, 8.54594418342e-06, 7.21405558579e-06, 3.1368490454e-06, 2.93082644021e-06, 3.72503336621e-06, 2.77709523289e-06, 3.06072877265e-07, 5.16159161634e-07, 4.34198511812e-07, 3.00851127122e-07, 4.10175005072e-08, 7.422738868e-09, 1.32503563677e-08, 2.7135250491e-08, 1.25678267793e-08, 7.38289216429e-08, 1.62153401817e-08, 1.77824355241e-09, 2.77022328687e-11],
        "dvar2": [8.17649743112e-06, 0.00113657861948, 0.000230466277571, 1.5209519006e-05, 5.48892467123e-06, 8.08700224297e-06, 2.729998414e-06, 4.76709146824e-06, 1.35332065838e-05, 1.71785177372e-05, 7.03002115188e-06, 6.61528110868e-06, 9.22479466681e-06, 5.40426844964e-06, 6.74807154155e-07, 1.18483603728e-06, 9.76766159511e-07, 7.17954947049e-07, 9.34283335141e-08, 1.59582551618e-08, 3.08290104556e-08, 6.62332979573e-08, 2.74386060539e-08, 1.98141151486e-07, 3.95954131704e-08, 3.85631970801e-09, 6.76754555173e-11],
        "max": [0.0319058634341, 0.3251273036, 0.0734567567706, 0.0222041681409, 0.0148378619924, 0.0258653573692, 0.0160612184554, 0.0227238535881, 0.0696529522538, 0.0534747168422, 0.0238793194294, 0.0258677341044, 0.0289093479514, 0.0309030301869, 0.0109572215006, 0.0110141076148, 0.00925433635712, 0.00840280205011, 0.00283672730438, 0.00107970205136, 0.00135815760586, 0.00194011651911, 0.00170899764635, 0.00226966710761, 0.00172047689557, 0.000889499206096, 0.00010294085223],
        "mean": [0.00120662688278, 0.0305599179119, 0.00251046102494, 0.00116398790851, 0.00133278255817, 0.00242782197893, 0.0010956604965, 0.00082874239888, 0.0026694657281, 0.00187116779853, 0.00102971016895, 0.00137641339097, 0.000850846874528, 0.000779172871262, 0.000291857839329, 0.000422938290285, 0.000546913361177, 0.000328762631398, 0.000135095731821, 8.74422185007e-05, 6.00805251452e-05, 0.000105292470835, 8.85761692189e-05, 0.000113768372103, 8.31782017485e-05, 3.01449399558e-05, 1.58211867074e-06],
        "median": [8.82597669261e-05, 0.00190565304365, 0.00144740380347, 0.000700060511008, 0.000873171782587, 0.0016714760568, 0.000536453095265, 0.0001847964013, 0.000426348589826, 0.000306290050503, 9.23047409742e-05, 0.000184341290151, 4.69237311336e-05, 6.44454921712e-05, 6.21545914328e-05, 4.72664141853e-05, 6.47065899102e-05, 4.02904042858e-05, 3.15107608913e-05, 2.10606267501e-05, 1.50796913658e-05, 2.84696579911e-05, 2.51992896665e-05, 2.21271329792e-05, 2.49026652455e-05, 1.10210230559e-05, 3.01239168721e-07],
        "min": [1.27302075131e-12, 1.92154473756e-12, 7.98528018882e-13, 2.16948163535e-13, 2.12062854256e-12, 2.58649807301e-12, 7.74778190823e-13, 1.2722468478e-12, 1.74026396592e-12, 7.03334309196e-13, 4.62691733885e-13, 2.009776243e-12, 2.94304858262e-12, 3.86920270129e-12, 1.37426550174e-12, 6.66846244023e-13, 4.31581365697e-13, 2.50791764743e-13, 5.06148129052e-13, 1.0014736436e-12, 1.47468853535e-12, 9.70247536827e-13, 1.1615949088e-12, 8.77053746469e-13, 2.11006754604e-12, 2.66703521247e-12, 4.61152513745e-12],
        "var": [7.36285983294e-06, 0.0043562874198, 4.60412447865e-05, 4.01267880079e-06, 2.27288478527e-06, 6.65686548018e-06, 3.04817012875e-06, 3.89602746509e-06, 5.84556073591e-05, 1.9972318114e-05, 7.18861838322e-06, 9.18097885005e-06, 5.39558550372e-06, 6.79882532495e-06, 4.99816110278e-07, 1.54177485001e-06, 1.83736995041e-06, 6.75411286011e-07, 7.7045122282e-08, 2.16460804836e-08, 1.64823852344e-08, 4.15770280426e-08, 2.88750570121e-08, 6.47489883931e-08, 2.57441676865e-08, 4.26137436449e-09, 3.48775591741e-11]
    },
    "erbbands": {
        "dmean": [0.609707713127, 2.32267069817, 3.1897456646, 3.00308442116, 2.86385345459, 2.9107670784, 6.64391994476, 10.732588768, 10.7914476395, 7.578540802, 15.9272222519, 24.8285999298, 28.2953853607, 33.3056716919, 29.6205444336, 26.5583724976, 21.9946594238, 32.8227653503, 11.0663251877, 8.19077968597, 12.0082044601, 12.6451873779, 10.8236093521, 5.53355693817, 3.11665773392, 2.20344138145, 2.04504752159, 1.78154480457, 2.71168017387, 2.44031620026, 1.37629652023, 1.33831584454, 2.36757612228, 0.846759080887, 0.381494402885, 0.114063628018, 0.0287594199181, 0.00511045427993, 0.000138010305818, 2.24172581511e-05],
        "dmean2": [0.70240008831, 2.74203252792, 5.75446367264, 5.2280125618, 4.95776033401, 4.85456085205, 10.5673666, 17.4335842133, 16.7976055145, 12.0457010269, 25.3784618378, 32.9859962463, 42.7085990906, 51.258026123, 44.4262123108, 41.3129501343, 35.7864952087, 49.5531311035, 16.9188728333, 12.6658563614, 17.9807033539, 19.0529193878, 16.8725776672, 8.16211891174, 4.73738050461, 3.37741947174, 3.29567265511, 2.77602481842, 4.40002202988, 3.83896255493, 2.12575793266, 2.16959118843, 4.06301307678, 1.37455201149, 0.595305681229, 0.174502745271, 0.0447892546654, 0.00790225621313, 0.000212030368857, 2.76730461337e-05],
        "dvar": [2.11381578445, 36.5744400024, 128.189224243, 62.3552017212, 40.4464874268, 21.5574169159, 91.3799209595, 323.471343994, 265.919708252, 317.83001709, 1577.24060059, 5708.89453125, 5731.75048828, 6107.55859375, 4719.33105469, 3791.18579102, 6036.92919922, 9901.046875, 883.805603027, 612.69921875, 1235.44067383, 1192.07788086, 890.478149414, 213.825942993, 44.7813453674, 17.1120891571, 23.841129303, 20.8131771088, 31.152349472, 24.0916881561, 9.80332946777, 8.15712070465, 41.4843521118, 3.39021348953, 0.798367619514, 0.0764228329062, 0.00608179578558, 0.000258752203081, 1.93520847347e-07, 1.28104093999e-09],
        "dvar2": [2.56029367447, 57.9692344666, 366.426330566, 175.963745117, 113.778808594, 60.0764198303, 223.579620361, 848.495727539, 615.874450684, 772.915588379, 3618.88818359, 8101.95117188, 12208.0527344, 15448.0136719, 10614.0195312, 8255.45703125, 14114.7431641, 20443.015625, 1825.53869629, 1433.0925293, 2676.48828125, 2830.59765625, 2119.77392578, 504.264434814, 95.4497756958, 39.1636314392, 56.312461853, 46.8720664978, 73.7890167236, 52.8453369141, 22.5286502838, 20.1623191833, 112.806549072, 8.38874053955, 1.90174555779, 0.175846204162, 0.0136469537392, 0.000617515586782, 4.55117259435e-07, 1.6924257551e-09],
        "max": [14.8598594666, 57.00025177, 91.5520401001, 74.2310333252, 75.3585357666, 45.5889549255, 102.749313354, 272.377502441, 250.719970703, 312.160858154, 637.777709961, 2123.07446289, 2653.54101562, 1329.98522949, 922.850463867, 748.772644043, 1614.26757812, 1710.03027344, 698.664916992, 376.644165039, 760.046325684, 542.653686523, 433.709259033, 189.054153442, 70.0699081421, 61.2801132202, 60.2835006714, 68.1397857666, 63.2553939819, 73.6321411133, 50.2578659058, 35.0338821411, 48.251411438, 18.8950824738, 18.6415176392, 5.9079208374, 1.81753766537, 0.271940022707, 0.00775885116309, 0.000423320190748],
        "mean": [1.30828976631, 5.15271949768, 3.57487463951, 3.65300416946, 3.68885183334, 4.23564910889, 11.4361152649, 19.9952774048, 20.617975235, 11.5200653076, 27.0333309174, 57.5325775146, 63.4125938416, 55.1093826294, 51.5173149109, 51.7830505371, 35.0357170105, 52.6210174561, 18.9077415466, 13.4382963181, 28.4232406616, 29.0654430389, 21.106388092, 10.3332052231, 5.53730392456, 4.00125408173, 3.00288748741, 2.30269694328, 3.57277917862, 3.68225002289, 2.3444070816, 1.71304869652, 2.30128669739, 1.04228544235, 0.546230971813, 0.179777562618, 0.0460241399705, 0.00804760400206, 0.000224447852816, 6.57588389004e-05],
        "median": [0.0657411143184, 0.404982715845, 1.7951130867, 2.19804573059, 2.25219559669, 2.47874593735, 7.45762109756, 12.6663360596, 11.9174661636, 4.00134897232, 6.77353477478, 7.62467241287, 15.6493911743, 9.7862443924, 11.2306423187, 9.0077753067, 3.43609237671, 4.00861358643, 3.2950899601, 3.13596653938, 3.01392102242, 3.86733198166, 2.73032689095, 2.46215438843, 1.371778965, 1.07417476177, 0.788057386875, 0.6243917346, 0.926702857018, 1.08357059956, 0.655196905136, 0.387171685696, 0.40929967165, 0.290459960699, 0.155007719994, 0.0654415264726, 0.0162348654121, 0.00219110725448, 8.03377406555e-05, 3.16755249514e-05],
        "min": [4.39195103896e-11, 4.75925465704e-10, 1.0770134784e-09, 6.95843493936e-10, 3.25551807734e-09, 6.31021634945e-09, 2.59232919575e-08, 1.27565549235e-08, 5.588733476e-09, 2.31137970985e-08, 3.14896375642e-08, 2.96111171139e-08, 1.80368875391e-08, 4.21481765045e-08, 2.39237980537e-08, 9.2283585218e-08, 1.05390007832e-07, 2.61934246737e-07, 6.76498572716e-08, 7.09069922777e-08, 3.24282503072e-08, 2.78261520492e-08, 1.76411063535e-08, 2.21559393054e-08, 3.23633386756e-08, 4.20144807833e-08, 6.36233963291e-08, 4.62943887669e-08, 3.96660446711e-08, 4.01251369908e-08, 2.71912838912e-08, 1.86203337194e-08, 1.625640067e-08, 1.69395804051e-08, 1.7692252996e-08, 1.03289448106e-08, 5.01112440432e-09, 2.858657977e-09, 6.65781152431e-10, 5.86959786331e-11],
        "var": [8.46391296387, 126.363250732, 84.2177810669, 46.4762954712, 34.090007782, 27.4275550842, 166.346160889, 571.187438965, 729.732727051, 604.046325684, 3514.43701172, 33421.25, 38881.9414062, 13903.8544922, 12094.6591797, 11233.9394531, 8258.49023438, 24904.9042969, 1996.97717285, 880.924865723, 6864.45947266, 4996.54882812, 2336.09863281, 411.783752441, 100.702613831, 44.29296875, 32.3033752441, 26.8787765503, 49.0973625183, 48.2019271851, 20.937828064, 12.109208107, 31.7361335754, 4.14791440964, 1.40017390251, 0.150389462709, 0.0117257470265, 0.000519228400663, 3.40510666774e-07, 6.73711753052e-09]
    },
    "gfcc": {
        "mean": [-21.9617061615, 92.8177108765, -92.5413970947, 16.9585189819, -62.912563324, 22.8838996887, -37.650680542, 15.5808105469, -24.3190174103, 2.29371500015, -12.6689567566, 12.3681030273, -8.00005054474],
        "cov": [[9021.40625, -384.985992432, -1149.76452637, 309.372680664, 356.224884033, 248.961273193, 95.9447402954, 451.964294434, 10.9027547836, 93.5032958984, -0.784355044365, -91.4327316284, -76.3252487183], [-384.985992432, 1178.20544434, 421.031982422, -16.2820930481, 377.652008057, 128.822952271, 283.300354004, -3.74933171272, 118.432662964, 16.592048645, 87.6563262939, -33.5616989136, -4.15117502213], [-1149.76452637, 421.031982422, 1656.50463867, 472.031646729, -0.140382230282, 250.932754517, 281.162536621, -80.2214813232, 85.8832321167, 34.1643943787, 1.2422055006, 108.372268677, 88.0613479614], [309.372680664, -16.2820930481, 472.031646729, 756.552612305, 178.888198853, 71.2386398315, 48.4921379089, 72.3231201172, 132.380508423, 27.082321167, 16.2721481323, 7.45122766495, 73.9515075684], [356.224884033, 377.652008057, -0.140382230282, 178.888198853, 558.107727051, 122.872848511, 123.708702087, 120.123199463, 145.746887207, 79.020324707, 44.7639274597, -65.3975982666, -25.688243866], [248.961273193, 128.822952271, 250.932754517, 71.2386398315, 122.872848511, 355.095550537, 235.413986206, 18.091878891, 15.7608995438, 58.0700759888, 54.5343818665, -41.7515983582, -16.013004303], [95.9447402954, 283.300354004, 281.162536621, 48.4921379089, 123.708702087, 235.413986206, 368.534820557, 63.546836853, 39.0260848999, 37.0745811462, 79.4817504883, 5.25577306747, 7.11831903458], [451.964294434, -3.74933171272, -80.2214813232, 72.3231201172, 120.123199463, 18.091878891, 63.546836853, 187.596740723, 88.4901428223, 12.4717140198, 1.19089841843, -33.1785736084, 6.2140045166], [10.9027547836, 118.432662964, 85.8832321167, 132.380508423, 145.746887207, 15.7608995438, 39.0260848999, 88.4901428223, 221.300765991, 49.6881370544, 1.24827182293, -39.0061378479, 31.3095302582], [93.5032958984, 16.592048645, 34.1643943787, 27.082321167, 79.020324707, 58.0700759888, 37.0745811462, 12.4717140198, 49.6881370544, 106.7370224, 35.4899330139, -30.6391353607, -14.0892267227], [-0.784355044365, 87.6563262939, 1.2422055006, 16.2721481323, 44.7639274597, 54.5343818665, 79.4817504883, 1.19089841843, 1.24827182293, 35.4899330139, 132.373062134, 36.9341697693, 2.19772696495], [-91.4327316284, -33.5616989136, 108.372268677, 7.45122766495, -65.3975982666, -41.7515983582, 5.25577306747, -33.1785736084, -39.0061378479, -30.6391353607, 36.9341697693, 171.905105591, 26.3212375641], [-76.3252487183, -4.15117502213, 88.0613479614, 73.9515075684, -25.688243866, -16.013004303, 7.11831903458, 6.2140045166, 31.3095302582, -14.0892267227, 2.19772696495, 26.3212375641, 118.122772217]],
        "icov": [[0.000164971279446, -7.39017923479e-05, 0.000210797035834, -0.000190345512237, 8.06756288512e-05, -0.000263367895968, 3.8820435293e-05, -0.000391720561311, 0.000195961227291, -0.000279137631878, 0.000269096810371, -0.000228598306421, 2.68211097136e-05], [-7.39017923479e-05, 0.00205889972858, -0.000792114180513, 0.000901941442862, -0.00169861677568, 0.00115543033462, -0.00130459084176, 0.00145321141463, -0.000858933606651, 0.00192312267609, -0.00144997739699, 0.00122946908232, 4.99334491906e-05], [0.000210797035834, -0.000792114180513, 0.00168065016624, -0.00122267229017, 0.000962532358244, -0.00109215080738, -0.00045163766481, 0.000115225469926, 1.49238330778e-05, -0.00133974663913, 0.00184035755228, -0.00151896884199, -0.000156206981046], [-0.000190345512237, 0.000901941442862, -0.00122267229017, 0.00262580346316, -0.0013289336348, 0.000473317340948, 0.000331816729158, 0.000141129043186, -0.000872694246937, 0.00135815970134, -0.00143181101885, 0.000839063897729, -0.000842962763272], [8.06756288512e-05, -0.00169861677568, 0.000962532358244, -0.0013289336348, 0.00421967171133, -0.001428306452, 0.000624680425972, -0.00188925513066, -0.000459551985841, -0.00233098817989, 0.000926137610804, -0.000820077373646, 0.000901903316844], [-0.000263367895968, 0.00115543033462, -0.00109215080738, 0.000473317340948, -0.001428306452, 0.00692843925208, -0.00408657686785, 0.00194778048899, 0.000357217213605, -6.49287176202e-05, -0.00150033505633, 0.00271178968251, 0.00048195256386], [3.8820435293e-05, -0.00130459084176, -0.00045163766481, 0.000331816729158, 0.000624680425972, -0.00408657686785, 0.00734350597486, -0.00332913175225, 0.0005257485318, -0.000210215090192, -0.00172420416493, -0.00106091296766, -0.000473283609608], [-0.000391720561311, 0.00145321141463, 0.000115225469926, 0.000141129043186, -0.00188925513066, 0.00194778048899, -0.00332913175225, 0.0102501753718, -0.00361076532863, 0.00257997750305, -0.000325914326822, 0.00153122935444, 6.79443983245e-05], [0.000195961227291, -0.000858933606651, 1.49238330778e-05, -0.000872694246937, -0.000459551985841, 0.000357217213605, 0.0005257485318, -0.00361076532863, 0.00834362395108, -0.00390786444768, 0.0012945602648, 0.000396626099246, -0.00205171760172], [-0.000279137631878, 0.00192312267609, -0.00133974663913, 0.00135815970134, -0.00233098817989, -6.49287176202e-05, -0.000210215090192, 0.00257997750305, -0.00390786444768, 0.0158985778689, -0.00575376115739, 0.00354566192254, 0.00164605549071], [0.000269096810371, -0.00144997739699, 0.00184035755228, -0.00143181101885, 0.000926137610804, -0.00150033505633, -0.00172420416493, -0.000325914326822, 0.0012945602648, -0.00575376115739, 0.012863417156, -0.00468567898497, -0.00045825963025], [-0.000228598306421, 0.00122946908232, -0.00151896884199, 0.000839063897729, -0.000820077373646, 0.00271178968251, -0.00106091296766, 0.00153122935444, 0.000396626099246, 0.00354566192254, -0.00468567898497, 0.00941598694772, -0.0010179443052], [2.68211097136e-05, 4.99334491906e-05, -0.000156206981046, -0.000842962763272, 0.000901903316844, 0.00048195256386, -0.000473283609608, 6.79443983245e-05, -0.00205171760172, 0.00164605549071, -0.00045825963025, -0.0010179443052, 0.0103909838945]]
    },
    "melbands": {
        "dmean": [0.00445364555344, 0.0019953744486, 0.000502105162013, 0.000205199394259, 0.000193685104023, 0.000237853208091, 0.000159425122547, 8.7265689217e-05, 0.000143511686474, 0.000157274436788, 0.000146880280226, 0.000140976175317, 0.000101013320091, 9.30500827963e-05, 5.03690607729e-05, 6.51540103718e-05, 6.00495877734e-05, 1.83855754585e-05, 1.26601989905e-05, 1.2986265574e-05, 1.5716699636e-05, 1.32766508614e-05, 1.6626150682e-05, 7.95497544459e-06, 4.53918028143e-06, 3.12266934088e-06, 1.70642260855e-06, 1.5430213125e-06, 1.44698094573e-06, 1.12927068585e-06, 1.05997514765e-06, 1.64198104358e-06, 1.59108697062e-06, 1.31366721234e-06, 8.55506357311e-07, 6.8711028689e-07, 8.77483216755e-07, 1.95612096832e-06, 9.77307308858e-07, 6.86915655024e-07],
        "dmean2": [0.00477464450523, 0.00305246328935, 0.000875266909134, 0.000347248686012, 0.000307945971144, 0.000386989500839, 0.000248443800956, 0.000137216979056, 0.000226442090934, 0.000210935846553, 0.000222574715735, 0.000217583437916, 0.000153697634232, 0.000147549202666, 7.95724117779e-05, 0.00010225668666, 9.02526953723e-05, 2.89765175694e-05, 1.97451809072e-05, 2.10344787774e-05, 2.34783874475e-05, 1.96821729332e-05, 2.6901039746e-05, 1.21947032312e-05, 6.91805325914e-06, 4.9840173233e-06, 2.60382603301e-06, 2.36235700868e-06, 2.31447370425e-06, 1.83897554962e-06, 1.65500841831e-06, 2.6793318284e-06, 2.60495426119e-06, 2.02793762583e-06, 1.33549042403e-06, 1.0986518646e-06, 1.41909072227e-06, 3.37553615282e-06, 1.63395225172e-06, 1.11324243335e-06],
        "dvar": [0.000106975712697, 3.68277360394e-05, 1.65756102888e-06, 1.41254432151e-07, 7.43761034983e-08, 1.45213192582e-07, 5.71959972717e-08, 3.82701337287e-08, 1.36615156521e-07, 1.94442691281e-07, 1.44711890471e-07, 1.19207271609e-07, 6.53813430063e-08, 4.50663755203e-08, 3.09075147698e-08, 3.15804626894e-08, 3.27875753214e-08, 2.805437882e-09, 1.359021784e-09, 2.34858044124e-09, 2.38026265365e-09, 1.30816157906e-09, 2.5214204058e-09, 4.91265861324e-10, 1.48308240688e-10, 5.43131824238e-11, 1.22697659324e-11, 8.82231700888e-12, 1.16312228945e-11, 6.29730989576e-12, 8.55000185235e-12, 1.23525911722e-11, 1.01438839967e-11, 7.6036876448e-12, 4.26444383278e-12, 2.78251748899e-12, 3.43996901277e-12, 2.84281851531e-11, 5.23835792451e-12, 2.16346515355e-12],
        "dvar2": [0.000120865814097, 9.47297958191e-05, 4.62640446131e-06, 3.94127368963e-07, 1.85027545285e-07, 3.72708967689e-07, 1.32643165784e-07, 9.23227290173e-08, 2.98139582355e-07, 2.81255495338e-07, 3.09021999101e-07, 3.0110831517e-07, 1.45980294519e-07, 1.04435557091e-07, 7.83269342719e-08, 7.17119661431e-08, 6.77390943338e-08, 5.88987969508e-09, 3.2375795378e-09, 6.31748386937e-09, 5.17778131481e-09, 3.0398039641e-09, 6.21531270895e-09, 1.14692344511e-09, 3.48080925194e-10, 1.22417340154e-10, 2.66360839635e-11, 2.0439847731e-11, 2.71935911289e-11, 1.44464110813e-11, 2.02921082715e-11, 2.94625018826e-11, 2.59205903269e-11, 1.56133474205e-11, 1.00981957171e-11, 6.81152443477e-12, 8.56890600143e-12, 7.76947742254e-11, 1.34702431501e-11, 5.27770188663e-12],
        "max": [0.105561286211, 0.0577153973281, 0.0119690746069, 0.00386083195917, 0.0029595119413, 0.00562281301245, 0.00371855031699, 0.00311628729105, 0.00502459332347, 0.0117957638577, 0.0127976350486, 0.00612623523921, 0.00353274447843, 0.00328647019342, 0.00331523781642, 0.00292264996096, 0.00302015733905, 0.00117327948101, 0.000657873810269, 0.000856470433064, 0.00108101137448, 0.00074345030589, 0.000892161449883, 0.000388340937207, 0.000136472241138, 0.000101378864201, 6.18985795882e-05, 5.58486026421e-05, 4.34885841969e-05, 2.82183518721e-05, 3.70570196537e-05, 3.9228478272e-05, 4.33761924796e-05, 4.98285262438e-05, 3.09091519739e-05, 2.55902741628e-05, 2.01332968572e-05, 3.61510210496e-05, 2.46623276325e-05, 1.38131126732e-05],
        "mean": [0.00985585153103, 0.00342798419297, 0.000636492855847, 0.000271170458291, 0.000345474894857, 0.000460445327917, 0.00030429798062, 0.000122430661577, 0.000253313308349, 0.00037623764365, 0.00031169410795, 0.000222995295189, 0.000165347417351, 0.000176754008862, 7.24477795302e-05, 0.000101567522506, 9.11174283829e-05, 2.88403880404e-05, 1.90931623365e-05, 1.78935861186e-05, 3.71140849893e-05, 2.67444211204e-05, 3.12142838084e-05, 1.38979066833e-05, 7.62477520766e-06, 5.0668595577e-06, 2.86840304398e-06, 2.61682089331e-06, 2.06261688618e-06, 1.39172198033e-06, 1.2680366126e-06, 2.03329068427e-06, 2.07723155654e-06, 2.04860316444e-06, 1.43151214616e-06, 9.97364963951e-07, 1.03839067833e-06, 1.83053850833e-06, 1.0647071349e-06, 8.33369483644e-07],
        "median": [0.00053112662863, 0.000827668700367, 0.000394562608562, 0.000150445630425, 0.000230731951888, 0.000307004520437, 0.000177386362338, 3.55884549208e-05, 4.74571024824e-05, 5.63462162972e-05, 6.97371506249e-05, 3.18442544085e-05, 2.71975331998e-05, 2.35930529016e-05, 1.07139976535e-05, 5.93355889578e-06, 6.77709658703e-06, 3.8881034925e-06, 4.04758657169e-06, 3.44011777997e-06, 3.49846141035e-06, 3.21528909808e-06, 2.9370842185e-06, 1.73691546479e-06, 1.77177400928e-06, 9.15850137062e-07, 6.11310724707e-07, 6.21335402684e-07, 4.77336868698e-07, 3.2202035527e-07, 3.15431151421e-07, 4.54839039321e-07, 5.68524512801e-07, 5.98990141043e-07, 4.23779283665e-07, 1.89590664945e-07, 2.21676060619e-07, 2.88121299263e-07, 2.47056703984e-07, 2.08749312947e-07],
        "min": [5.36983164098e-13, 6.14450547734e-13, 1.92761876339e-13, 3.19524219366e-13, 7.71811488418e-13, 3.30703102706e-13, 8.2263419709e-14, 2.28336907758e-13, 2.5592819964e-13, 2.35151877354e-13, 6.9183780883e-14, 1.63702317218e-13, 5.77843166111e-14, 2.29490363345e-13, 1.25199357175e-13, 3.39596108396e-13, 4.89136292234e-13, 9.29528738594e-14, 1.16339704255e-13, 6.9553859742e-14, 2.7059263711e-14, 2.6340059894e-14, 2.00288970251e-14, 1.3424548101e-14, 1.86967937199e-14, 1.6559497507e-14, 3.79193983884e-14, 2.25392299361e-14, 4.18929824099e-14, 3.31752651067e-14, 2.28627321475e-14, 1.8116139082e-14, 2.33677467431e-14, 2.49059924567e-14, 1.45095117561e-14, 1.53672020719e-14, 1.0086522546e-14, 9.98002594059e-15, 1.36799488634e-14, 1.50134675606e-14],
        "var": [0.000466784986202, 5.28911987203e-05, 1.29332693177e-06, 1.38830714036e-07, 1.40080331335e-07, 2.77217253597e-07, 1.60114311143e-07, 6.59763230715e-08, 3.6012446003e-07, 1.28985993797e-06, 9.41527957821e-07, 2.71650662853e-07, 1.58779016601e-07, 1.48647131937e-07, 3.49867406158e-08, 6.97520476933e-08, 7.87887799447e-08, 6.02147176565e-09, 1.88580506766e-09, 2.48326670338e-09, 1.3231590934e-08, 4.3170964581e-09, 6.96148694246e-09, 1.115008752e-09, 2.5650259694e-10, 1.17215667728e-10, 2.78474552445e-11, 2.18966511589e-11, 1.69591580362e-11, 8.04491889772e-12, 1.01892990573e-11, 1.81180834224e-11, 1.52049414726e-11, 1.71270948812e-11, 8.38856848567e-12, 4.96224025412e-12, 4.65256045495e-12, 2.12315182796e-11, 5.35956739059e-12, 2.73073078906e-12]
    },
    "mfcc": {
        "mean": [-676.208068848, 130.296035767, 22.6858692169, 6.83722877502, 3.4416437149, 1.45256984234, -0.111438453197, 11.2478895187, 0.0232843626291, -5.68758535385, 0.997199833393, -0.670466721058, 3.31071305275],
        "cov": [[7981.87451172, -447.914031982, -1493.19287109, -92.8529891968, 248.061889648, -76.6227645874, 153.590881348, 159.6693573, 57.3706626892, 306.540649414, 300.039245605, 39.1817016602, -81.2897491455], [-447.914031982, 1377.94006348, 75.2089538574, -49.3102645874, 81.5354919434, 168.396972656, 179.077056885, 120.042053223, 48.3948135376, 50.8954086304, 136.553329468, 35.5139465332, 51.6817550659], [-1493.19287109, 75.2089538574, 1575.59753418, 340.302520752, -51.9657936096, 334.580383301, 119.363922119, 103.57535553, 120.572570801, -80.1172027588, -112.479728699, 56.6442832947, 75.8637390137], [-92.8529891968, -49.3102645874, 340.302520752, 591.998535156, 262.613342285, 96.9325332642, -8.37473201752, 84.1340637207, 105.745353699, 41.4779853821, -26.6157341003, 74.6457519531, 71.4243392944], [248.061889648, 81.5354919434, -51.9657936096, 262.613342285, 379.831268311, 83.9872741699, 0.902262330055, 29.4026165009, 93.3473587036, 122.951301575, 44.1794166565, 58.7834625244, 14.3625268936], [-76.6227645874, 168.396972656, 334.580383301, 96.9325332642, 83.9872741699, 340.053405762, 190.960342407, 68.7141571045, 61.0017166138, 68.2644958496, 84.9308700562, 49.6564178467, 15.0677623749], [153.590881348, 179.077056885, 119.363922119, -8.37473201752, 0.902262330055, 190.960342407, 321.989013672, 98.3864974976, 30.0566215515, 54.9457168579, 108.498016357, 34.7312660217, -11.329117775], [159.6693573, 120.042053223, 103.57535553, 84.1340637207, 29.4026165009, 68.7141571045, 98.3864974976, 195.442779541, 56.2512016296, 12.4087085724, 54.7987670898, 33.5934066772, 38.160949707], [57.3706626892, 48.3948135376, 120.572570801, 105.745353699, 93.3473587036, 61.0017166138, 30.0566215515, 56.2512016296, 185.148529053, 101.445075989, 4.5608124733, 21.3397521973, -9.81466293335], [306.540649414, 50.8954086304, -80.1172027588, 41.4779853821, 122.951301575, 68.2644958496, 54.9457168579, 12.4087085724, 101.445075989, 268.428131104, 105.885971069, 18.5874443054, -47.6624526978], [300.039245605, 136.553329468, -112.479728699, -26.6157341003, 44.1794166565, 84.9308700562, 108.498016357, 54.7987670898, 4.5608124733, 105.885971069, 198.406936646, 37.9066543579, -17.3299598694], [39.1817016602, 35.5139465332, 56.6442832947, 74.6457519531, 58.7834625244, 49.6564178467, 34.7312660217, 33.5934066772, 21.3397521973, 18.5874443054, 37.9066543579, 108.062744141, 40.7446136475], [-81.2897491455, 51.6817550659, 75.8637390137, 71.4243392944, 14.3625268936, 15.0677623749, -11.329117775, 38.160949707, -9.81466293335, -47.6624526978, -17.3299598694, 40.7446136475, 134.709793091]],
