{
"lowlevel": {
    "average_loudness": 0.894790410995,
    "barkbands_crest": {
        "dmean": 2.25597190857,
        "dmean2": 3.44300055504,
        "dvar": 4.50955581665,
        "dvar2": 10.5445041656,
        "max": 26.2610664368,
        "mean": 11.6503200531,
        "median": 10.7622900009,
        "min": 3.5833542347,
        "var": 20.9021816254
    },
    "barkbands_flatness_db": {
        "dmean": 0.0219463985413,
        "dmean2": 0.0327545963228,
        "dvar": 0.000433564913692,
        "dvar2": 0.00092990178382,
        "max": 0.445640712976,
        "mean": 0.227819666266,
        "median": 0.223468676209,
        "min": 0.0849836915731,
        "var": 0.00290690665133
    },
    "barkbands_kurtosis": {
        "dmean": 3.13853955269,
        "dmean2": 4.82090520859,
        "dvar": 63.0507202148,
        "dvar2": 154.21421814,
        "max": 277.561187744,
        "mean": 6.0288939476,
        "median": 3.33036899567,
        "min": -1.88392078876,
        "var": 133.911682129
    },
    "barkbands_skewness": {
        "dmean": 0.491534173489,
        "dmean2": 0.725946962833,
        "dvar": 0.313889324665,
        "dvar2": 0.703913927078,
        "max": 12.4716730118,
        "mean": 1.58925974369,
        "median": 1.50305020809,
        "min": -2.24155688286,
        "var": 1.56651937962
    },
    "barkbands_spread": {
        "dmean": 3.05556845665,
        "dmean2": 4.54024791718,
        "dvar": 34.7599906921,
        "dvar2": 64.1913909912,
        "max": 88.8632125854,
        "mean": 11.4558086395,
        "median": 8.17886066437,
        "min": 0.264083564281,
        "var": 137.862030029
    },
    "dissonance": {
        "dmean": 0.0267186276615,
        "dmean2": 0.0441839583218,
        "dvar": 0.000676392635796,
        "dvar2": 0.00182668247726,
        "max": 0.49983894825,
        "mean": 0.43387812376,
        "median": 0.441121459007,
        "min": 0.222462654114,
        "var": 0.00182464509271
    },
    "dynamic_complexity": 3.07412552834,
    "erbbands_crest": {
        "dmean": 2.64213609695,
        "dmean2": 4.11796379089,
        "dvar": 6.12639904022,
        "dvar2": 14.2034139633,
        "max": 32.1336784363,
        "mean": 11.5791826248,
        "median": 10.2304134369,
        "min": 3.99697566032,
        "var": 28.9339160919
    },
    "erbbands_flatness_db": {
        "dmean": 0.0180385466665,
        "dmean2": 0.0264473631978,
        "dvar": 0.000318349309964,
        "dvar2": 0.00069883215474,
        "max": 0.410629808903,
        "mean": 0.241082891822,
        "median": 0.238022491336,
        "min": 0.117468252778,
        "var": 0.00209391186945
    },
    "erbbands_kurtosis": {
        "dmean": 1.43800938129,
        "dmean2": 2.20959806442,
        "dvar": 7.19322252274,
        "dvar2": 16.3286151886,
        "max": 79.9462356567,
        "mean": 1.85555148125,
        "median": 0.762899398804,
        "min": -1.79075300694,
        "var": 20.9615573883
    },
    "erbbands_skewness": {
        "dmean": 0.385895550251,
        "dmean2": 0.562720358372,
        "dvar": 0.162237420678,
        "dvar2": 0.331027030945,
        "max": 7.72954082489,
        "mean": 0.748758614063,
        "median": 0.747037351131,
        "min": -2.96544027328,
        "var": 0.921941101551
    },
    "erbbands_spread": {
        "dmean": 5.2376704216,
        "dmean2": 7.88399267197,
        "dvar": 45.4332084656,
        "dvar2": 100.772544861,
        "max": 108.335945129,
        "mean": 23.9259033203,
        "median": 20.7920856476,
        "min": 1.55528330803,
        "var": 219.402328491
    },
    "hfc": {
        "dmean": 4.62979650497,
        "dmean2": 6.80880260468,
        "dvar": 60.5121002197,
        "dvar2": 133.649032593,
        "max": 98.5689163208,
        "mean": 13.5840110779,
        "median": 8.69399452209,
        "min": 8.86714042281e-06,
        "var": 192.31578064
    },
    "melbands_crest": {
        "dmean": 2.6957654953,
        "dmean2": 4.14790725708,
        "dvar": 6.19214630127,
        "dvar2": 14.4823894501,
        "max": 31.7756462097,
        "mean": 14.5341072083,
        "median": 13.6780424118,
        "min": 4.65832662582,
        "var": 27.338186264
    },
    "melbands_flatness_db": {
        "dmean": 0.0246794577688,
        "dmean2": 0.0349757224321,
        "dvar": 0.000715370406397,
        "dvar2": 0.00142863078509,
        "max": 0.486831396818,
        "mean": 0.274115562439,
        "median": 0.27214205265,
        "min": 0.0522453375161,
        "var": 0.00545094069093
    },
    "melbands_kurtosis": {
        "dmean": 4.67355585098,
        "dmean2": 7.198802948,
        "dvar": 73.3969650269,
        "dvar2": 182.260681152,
        "max": 157.075393677,
        "mean": 10.148478508,
        "median": 6.16568470001,
        "min": -1.66040074825,
        "var": 180.011489868
    },
    "melbands_skewness": {
        "dmean": 0.546991348267,
        "dmean2": 0.817027628422,
        "dvar": 0.373572438955,
        "dvar2": 0.869253695011,
        "max": 10.0895252228,
        "mean": 2.08430624008,
        "median": 1.95229232311,
        "min": -1.83992028236,
        "var": 1.82604289055
    },
    "melbands_spread": {
        "dmean": 4.16785049438,
        "dmean2": 6.02599525452,
        "dvar": 72.8700942993,
        "dvar2": 133.689880371,
        "max": 147.492156982,
        "mean": 14.0400094986,
        "median": 10.120882988,
        "min": 0.484744399786,
        "var": 233.587478638
    },
    "pitch_salience": {
        "dmean": 0.0602439716458,
        "dmean2": 0.0930167064071,
        "dvar": 0.00316970236599,
        "dvar2": 0.00770533410832,
        "max": 0.849642336369,
        "mean": 0.544668614864,
        "median": 0.55344581604,
        "min": 0.119353920221,
        "var": 0.0132738919929
    },
    "silence_rate_20dB": {
        "dmean": 0,
        "dmean2": 0,
        "dvar": 0,
        "dvar2": 0,
        "max": 1,
        "mean": 1,
        "median": 1,
        "min": 1,
        "var": 0
    },
    "silence_rate_30dB": {
        "dmean": 0.000773993786424,
        "dmean2": 0.00154858687893,
        "dvar": 0.000773394247517,
        "dvar2": 0.00232047983445,
        "max": 1,
        "mean": 0.999613165855,
        "median": 1,
        "min": 0,
        "var": 0.000386702799005
    },
    "silence_rate_60dB": {
        "dmean": 0.00773993786424,
        "dmean2": 0.0154858687893,
        "dvar": 0.00767973903567,
        "dvar2": 0.0175693742931,
        "max": 1,
        "mean": 0.0270793028176,
        "median": 0,
        "min": 0,
        "var": 0.0263451766223
    },
    "spectral_centroid": {
        "dmean": 147.925811768,
        "dmean2": 215.300552368,
        "dvar": 81187.984375,
        "dvar2": 145044.78125,
        "max": 4270.34179688,
        "mean": 754.377502441,
        "median": 600.125732422,
        "min": 217.701522827,
        "var": 302215.9375
    },
    "spectral_complexity": {
        "dmean": 2.28792572021,
        "dmean2": 3.52922964096,
        "dvar": 6.77387905121,
        "dvar2": 14.0928869247,
        "max": 44,
        "mean": 13.7462282181,
        "median": 13,
        "min": 0,
        "var": 37.1907958984
    },
    "spectral_decrease": {
        "dmean": 1.95277927162e-09,
        "dmean2": 2.86387580317e-09,
        "dvar": 8.58086230908e-18,
        "dvar2": 1.96402240855e-17,
        "max": -7.07293602078e-15,
        "mean": -6.03008265543e-09,
        "median": -4.65710536801e-09,
        "min": -3.94970527395e-08,
        "var": 2.18687992026e-17
    },
    "spectral_energy": {
        "dmean": 0.00771775422618,
        "dmean2": 0.0113164940849,
        "dvar": 0.000130935950438,
        "dvar2": 0.000299307401292,
        "max": 0.152267992496,
        "mean": 0.0239910408854,
        "median": 0.0185138899833,
        "min": 2.74992171256e-08,
        "var": 0.000342442217516
    },
    "spectral_energyband_high": {
        "dmean": 0.000200099966605,
        "dmean2": 0.00030656074523,
        "dvar": 7.6656795045e-07,
        "dvar2": 1.67083271663e-06,
        "max": 0.0159528385848,
        "mean": 0.000314136967063,
        "median": 2.90686966764e-05,
        "min": 7.14055273243e-11,
        "var": 1.50270932409e-06
    },
    "spectral_energyband_low": {
        "dmean": 0.00167971022893,
        "dmean2": 0.00276159401983,
        "dvar": 2.90080424747e-05,
        "dvar2": 8.3012302639e-05,
        "max": 0.0897482708097,
        "mean": 0.00432480312884,
        "median": 0.00258753215894,
        "min": 1.17362413121e-08,
        "var": 3.28984460793e-05
    },
    "spectral_energyband_middle_high": {
        "dmean": 0.00181445013732,
        "dmean2": 0.00260915700346,
        "dvar": 1.58155507961e-05,
        "dvar2": 3.47696477547e-05,
        "max": 0.0590278059244,
        "mean": 0.00426524225622,
        "median": 0.00163756473921,
        "min": 1.2803286209e-09,
        "var": 5.08406301378e-05
    },
    "spectral_energyband_middle_low": {
        "dmean": 0.00595054216683,
        "dmean2": 0.00880967639387,
        "dvar": 8.87137139216e-05,
        "dvar2": 0.000195051645278,
        "max": 0.101063601673,
        "mean": 0.0157470665872,
        "median": 0.0108960308135,
        "min": 1.98512122296e-08,
        "var": 0.000218134227907
    },
    "spectral_entropy": {
        "dmean": 0.191249519587,
        "dmean2": 0.274920552969,
        "dvar": 0.0438244715333,
        "dvar2": 0.0853450298309,
        "max": 8.39680194855,
        "mean": 6.85994911194,
        "median": 6.86453342438,
        "min": 4.91392183304,
        "var": 0.294157087803
    },
    "spectral_flux": {
        "dmean": 0.0226042103022,
        "dmean2": 0.0357149876654,
        "dvar": 0.000804673298262,
        "dvar2": 0.0017812011065,
        "max": 0.306536078453,
        "mean": 0.0642628446221,
        "median": 0.0516854599118,
        "min": 0.000735298031941,
        "var": 0.00201335758902
    },
    "spectral_kurtosis": {
        "dmean": 5.27259683609,
        "dmean2": 8.93683624268,
        "dvar": 33.2252502441,
        "dvar2": 91.2339248657,
        "max": 62.8311080933,
        "mean": 11.9810743332,
        "median": 9.11893844604,
        "min": -1.00555074215,
        "var": 95.4493255615
    },
    "spectral_rms": {
        "dmean": 0.000708354637027,
        "dmean2": 0.00100703618955,
        "dvar": 7.58527903599e-07,
        "dvar2": 1.59326214089e-06,
        "max": 0.01218827907,
        "mean": 0.00450730556622,
        "median": 0.00424998020753,
        "min": 5.17962416779e-06,
        "var": 3.09009055854e-06
    },
    "spectral_rolloff": {
        "dmean": 229.266906738,
        "dmean2": 375.928955078,
        "dvar": 377929.625,
        "dvar2": 736304.5,
        "max": 7493.5546875,
        "mean": 928.836547852,
        "median": 581.396484375,
        "min": 129.19921875,
        "var": 1191644.625
    },
    "spectral_skewness": {
        "dmean": 0.454139113426,
        "dmean2": 0.738872289658,
        "dvar": 0.194329753518,
        "dvar2": 0.489995062351,
        "max": 6.14111089706,
        "mean": 2.41777658463,
        "median": 2.32045078278,
        "min": -0.235118612647,
        "var": 0.969323575497
    },
    "spectral_spread": {
        "dmean": 408933.25,
        "dmean2": 626692.5,
        "dvar": 247229235200,
        "dvar2": 520372518912,
        "max": 9821323,
        "mean": 2809609.25,
        "median": 2619402.5,
        "min": 1152243.75,
        "var": 1.1543436329e+12
    },
    "spectral_strongpeak": {
        "dmean": 0.494590580463,
        "dmean2": 0.791182279587,
        "dvar": 0.591435611248,
        "dvar2": 1.45332491398,
        "max": 9.76476287842,
        "mean": 1.15495383739,
        "median": 0.822095930576,
        "min": 0.000287016184302,
        "var": 1.50529181957
    },
    "zerocrossingrate": {
        "dmean": 0.00583235314116,
        "dmean2": 0.00661419751123,
        "dvar": 9.80946424534e-05,
        "dvar2": 9.13209005375e-05,
        "max": 0.244140625,
        "mean": 0.0346160233021,
        "median": 0.0283203125,
        "min": 0.00537109375,
        "var": 0.000761558883823
    },
    "barkbands": {
        "dmean": [4.71699568152e-05, 0.000568038609345, 0.00092531950213, 0.00122130080126, 0.00224483222701, 0.00226635625586, 0.000925295404159, 0.000713427434675, 0.000706972088665, 0.000659516954329, 0.000755494111218, 0.000266490271315, 0.000253952748608, 0.000233343118452, 0.000243486938416, 0.000121461300296, 0.000104407015897, 0.000116588671517, 3.32358322339e-05, 3.71439346054e-05, 5.23744092789e-05, 9.51870679273e-05, 3.54942785634e-05, 1.59646278917e-05, 7.26640155335e-06, 6.355593829e-09, 9.92592341653e-10],
        "dmean2": [8.07034521131e-05, 0.000917901168577, 0.00155820685904, 0.00195900071412, 0.0033830634784, 0.00341308885254, 0.00144832686055, 0.00110769830644, 0.00102675275411, 0.000996411312371, 0.00109615223482, 0.000389224645915, 0.000392810296034, 0.000360825855751, 0.000396992836613, 0.000192320716451, 0.000162283540703, 0.000179419861524, 5.30373508809e-05, 5.9284226154e-05, 8.26060058898e-05, 0.00014760918566, 5.60551525268e-05, 2.39708570007e-05, 1.12391107905e-05, 1.01342854109e-08, 1.84213855281e-09],
        "dvar": [3.52843692042e-08, 1.80468134658e-06, 1.11571998787e-05, 1.22170695249e-05, 2.36676314671e-05, 2.46938889177e-05, 6.21861317995e-06, 5.14957082487e-06, 5.28930740984e-06, 4.98049530506e-06, 5.38476615475e-06, 1.25199142076e-06, 1.24387781852e-06, 6.82737152147e-07, 8.92649723028e-07, 2.0563889791e-07, 1.03056024159e-07, 1.53885480358e-07, 2.71036970645e-08, 3.6275434212e-08, 7.62396794585e-08, 2.50333272334e-07, 2.40709034927e-08, 3.27824589696e-09, 8.39835978539e-10, 7.91138725373e-16, 2.40631534442e-18],
        "dvar2": [9.70393472244e-08, 4.77907497043e-06, 3.30664006469e-05, 3.06529909722e-05, 5.1388025895e-05, 5.39057364222e-05, 1.40402062243e-05, 1.27860357679e-05, 1.1278936654e-05, 1.09542024802e-05, 1.10005230454e-05, 2.23181632464e-06, 2.57116789726e-06, 1.62217929756e-06, 2.10266875911e-06, 4.60875043018e-07, 2.25446513014e-07, 3.25599557982e-07, 6.8076232651e-08, 7.49814077494e-08, 1.82717485586e-07, 5.83333417126e-07, 5.87378679029e-08, 7.0323946666e-09, 1.91930782378e-09, 1.94981224634e-15, 7.56197928084e-18],
        "max": [0.00278677092865, 0.0224554352462, 0.0567425340414, 0.0494673922658, 0.0618912950158, 0.0837564915419, 0.0584266632795, 0.0447867549956, 0.0413124896586, 0.0377297997475, 0.0436915233731, 0.0363872647285, 0.0280965343118, 0.0148327630013, 0.0231016613543, 0.0133735984564, 0.00650479830801, 0.00798486173153, 0.00364452786744, 0.00431231874973, 0.00594484945759, 0.00821519922465, 0.00289843138307, 0.00166793412063, 0.000798944442067, 8.54873690059e-07, 1.68270570811e-08],
        "mean": [7.44918652344e-05, 0.00185637664981, 0.00177788932342, 0.00165059790015, 0.0038616862148, 0.00554163800552, 0.00192360207438, 0.00153321924154, 0.00114498834591, 0.000948962871917, 0.00124269688968, 0.000458303838968, 0.000369480025256, 0.000341677077813, 0.000361246376997, 0.000183962198207, 0.000163643213455, 0.000169807943166, 5.19326749782e-05, 5.64587317058e-05, 6.8267363531e-05, 0.000124084137497, 5.1496350352e-05, 2.43434042204e-05, 1.01950336102e-05, 8.09428879478e-09, 7.73895003636e-10],
        "median": [6.76957506585e-06, 0.000569206837099, 0.000756060704589, 0.000470655562822, 0.000966177962255, 0.00242541544139, 0.0009714422049, 0.000550499011297, 0.000321436644299, 0.000193019004655, 0.000227317446843, 9.48064989643e-05, 0.000100871999166, 8.31689758343e-05, 0.000107597777969, 5.0772279792e-05, 4.27453414886e-05, 3.61042039003e-05, 1.49079578478e-05, 8.69310315466e-06, 5.95430765316e-06, 3.87112868339e-06, 4.36715799879e-06, 3.11306257572e-06, 8.48829529332e-07, 1.19467724602e-09, 3.01308755724e-10],
        "min": [1.50427083984e-11, 4.72499650517e-10, 5.88631188236e-09, 8.93632279286e-09, 1.76114178796e-09, 5.98062444013e-09, 1.26439014814e-09, 1.21126808583e-09, 5.51616308186e-10, 3.31247695939e-10, 2.63389587918e-10, 1.34305289112e-10, 1.30014068955e-10, 1.28015292811e-10, 4.27814311754e-11, 2.03912497998e-10, 5.26032516157e-11, 8.99087054806e-12, 1.29007212898e-11, 9.63638804169e-12, 9.9720023905e-12, 8.28923388263e-12, 1.58221057783e-11, 1.26572806056e-11, 9.8831966916e-12, 4.02669651095e-12, 6.14001037513e-12],
        "var": [4.2183124549e-08, 5.81425456403e-06, 1.08749118226e-05, 1.5718745999e-05, 5.44055001228e-05, 7.34840868972e-05, 1.07389132609e-05, 9.15288546821e-06, 9.05212800717e-06, 8.5094870883e-06, 1.42168810271e-05, 3.20679896504e-06, 1.77078754859e-06, 9.94494598672e-07, 1.13480234631e-06, 3.2920297599e-07, 1.73657824121e-07, 2.46141269145e-07, 3.23195017415e-08, 6.93295021392e-08, 9.84970114359e-08, 3.6816382476e-07, 4.49112214085e-08, 9.31590538045e-09, 1.89725080091e-09, 1.36576238278e-15, 1.82082656709e-18]
    },
    "erbbands": {
        "dmean": [0.0188943948597, 0.137103125453, 0.844246208668, 2.45054864883, 6.6379199028, 7.01956701279, 12.8690195084, 21.5096054077, 13.2196493149, 13.1435232162, 17.1187496185, 15.4608573914, 12.9203901291, 34.8336830139, 13.9389753342, 9.94523429871, 10.2896661758, 11.1136770248, 11.8252515793, 8.81910896301, 6.28898859024, 5.98665142059, 6.31207084656, 3.25512170792, 1.34967970848, 1.69562792778, 2.09740900993, 2.23956155777, 3.50901532173, 2.37804961205, 0.826878011227, 0.392743855715, 0.254487395287, 0.143999040127, 0.0137032372877, 0.000587212678511, 2.87686088996e-05, 4.23550136475e-06, 4.37280596088e-06, 8.92718344403e-06],
        "dmean2": [0.0297522991896, 0.224087327719, 1.44000911713, 3.92558383942, 10.497127533, 10.4805603027, 18.9540023804, 32.1667709351, 20.4514465332, 20.527759552, 25.9175987244, 22.8059444427, 19.2416172028, 51.9683570862, 20.4034938812, 14.4500522614, 15.7516231537, 16.8265647888, 18.583656311, 14.0550508499, 9.64473342896, 9.08425331116, 9.85822105408, 5.06550836563, 2.07567667961, 2.67655730247, 3.27024960518, 3.54670929909, 5.45003986359, 3.75770902634, 1.28362131119, 0.57879036665, 0.39535728097, 0.222803384066, 0.0214329510927, 0.00091543403687, 4.40751718997e-05, 6.40342796032e-06, 6.46660873826e-06, 1.31651559059e-05],
        "dvar": [0.00243128812872, 0.11179305613, 8.84024715424, 52.8073616028, 358.878753662, 276.315185547, 848.900817871, 2971.05151367, 1214.12451172, 853.367675781, 3488.31689453, 3154.55419922, 1369.58117676, 11153.4306641, 1646.58129883, 1690.53869629, 1624.27587891, 1777.55554199, 1563.99047852, 1456.61328125, 478.698150635, 352.949462891, 458.253540039, 191.646377563, 42.0119552612, 74.8156204224, 102.827980042, 153.51991272, 333.257629395, 166.739486694, 10.9801511765, 2.06626820564, 0.974604070187, 0.335438340902, 0.00356086040847, 6.5572571657e-06, 1.22327223906e-08, 1.88883075847e-10, 4.07436549776e-11, 1.65657182416e-10],
        "dvar2": [0.0064065461047, 0.310202538967, 26.6592235565, 140.250061035, 890.371948242, 596.043579102, 1927.43359375, 6357.34814453, 2771.05444336, 1856.87915039, 8440.86132812, 6958.1875, 3185.2878418, 24876.7695312, 3403.27905273, 3126.79345703, 3659.28369141, 3809.58544922, 3630.24536133, 3186.67504883, 969.303344727, 714.290283203, 948.223693848, 408.949371338, 95.0503158569, 144.949615479, 247.168548584, 354.988372803, 783.903320312, 392.685211182, 24.6255970001, 4.14502716064, 2.27017951012, 0.766919195652, 0.0088800387457, 1.63513414009e-05, 2.89543677923e-08, 4.20616569352e-10, 9.50023393287e-11, 3.80189824067e-10],
        "max": [0.782118320465, 5.22794485092, 50.0661621094, 109.461845398, 243.51083374, 214.219726562, 544.454956055, 1068.82580566, 907.294494629, 511.516265869, 1165.85522461, 1029.73852539, 907.1484375, 1740.02441406, 1088.4609375, 1328.00463867, 1112.609375, 1320.22583008, 861.391540527, 1089.59570312, 661.562255859, 443.626403809, 522.568786621, 314.14944458, 217.038330078, 213.426391602, 230.551345825, 277.296051025, 321.338928223, 275.487792969, 67.2070922852, 50.9617805481, 29.0482711792, 16.2071800232, 1.75209128857, 0.074662938714, 0.00319138518535, 0.00036268614349, 8.41224900796e-05, 0.000167456018971],
        "mean": [0.0610755197704, 0.408207386732, 1.71645140648, 3.8733124733, 9.5239315033, 12.0395803452, 28.4935798645, 50.2535324097, 28.2349090576, 32.1529655457, 34.9454612732, 24.3387527466, 22.1412677765, 61.0022201538, 23.7338161469, 18.833984375, 16.8616428375, 18.1957092285, 19.0724105835, 13.8787593842, 10.3462581635, 9.79449653625, 9.69872188568, 5.01443815231, 2.17254567146, 2.70439648628, 2.82345724106, 2.86840176582, 4.37580919266, 3.35147333145, 1.2426687479, 0.59002238512, 0.387405484915, 0.208604156971, 0.0187755804509, 0.000830631877761, 5.00862915942e-05, 8.08458207757e-06, 1.3352930182e-05, 2.78890729533e-05],
        "median": [0.0106289284304, 0.155882060528, 0.788300991058, 1.68184506893, 1.9852489233, 3.35235309601, 9.15097999573, 21.8337001801, 15.0240030289, 18.8099365234, 13.7485275269, 7.17837381363, 8.73069572449, 11.3910570145, 5.82434654236, 4.87845134735, 5.21320819855, 4.52559375763, 5.39359712601, 4.93165206909, 2.8838891983, 2.48098564148, 2.29518198967, 1.19944059849, 0.599210381508, 0.43166962266, 0.301185071468, 0.185256391764, 0.144838258624, 0.118992559612, 0.124744646251, 0.0773330181837, 0.0421466343105, 0.0182688850909, 0.0015434527304, 8.73344833963e-05, 1.3582358406e-05, 2.6265690849e-06, 9.95298432827e-06, 2.16365278902e-05],
        "min": [5.34845234768e-09, 2.19293042392e-07, 4.58031718154e-06, 2.2471866032e-05, 1.66061126947e-05, 2.83976942228e-06, 7.21972901374e-06, 6.70923764119e-05, 3.43033971149e-05, 2.70221971732e-05, 2.23117203859e-05, 1.040107054e-05, 1.28153296828e-05, 1.11785766421e-05, 5.21933816344e-06, 4.82254108647e-06, 6.52234575682e-06, 6.56091560813e-06, 3.23700510307e-06, 5.65088521398e-06, 1.31688539113e-05, 2.86093063551e-06, 6.89878447702e-07, 5.4111700365e-07, 7.19899844626e-07, 4.56468995935e-07, 2.92232243737e-07, 4.79279037791e-07, 3.56477357855e-07, 3.14217828645e-07, 4.93855225159e-07, 2.86677305894e-07, 1.99600435735e-07, 1.39801670684e-07, 4.94249654537e-08, 1.57682666924e-08, 6.24370910529e-09, 3.94719990027e-09, 8.62061200202e-10, 1.26865448702e-10],
        "var": [0.00910776574165, 0.267089247704, 8.92355918884, 55.8247451782, 536.648620605, 584.973144531, 2609.9519043, 8067.24804688, 2057.81982422, 1854.66442871, 5458.67675781, 4659.41552734, 2499.63378906, 28344.4921875, 4166.24121094, 4902.20556641, 2452.36230469, 3418.44458008, 2443.86645508, 1961.71777344, 1009.14624023, 648.607727051, 737.734558105, 299.215698242, 63.4819374084, 158.891586304, 140.937042236, 212.76109314, 464.071533203, 284.970306396, 22.947599411, 5.9442024231, 2.40991353989, 0.787541270256, 0.00740530341864, 1.36637017931e-05, 2.92982047512e-08, 5.15394782408e-10, 1.2104846292e-10, 4.51261139567e-10]
    },
    "gfcc": {
        "mean": [-74.9360809326, 168.255783081, -139.399505615, 25.717716217, -69.8059005737, 4.98700857162, -39.6357917786, -8.02896785736, -0.93828946352, -18.2646980286, 7.0529499054, -17.7560634613, 6.64834976196],
        "cov": [[4825.31005859, -1488.8626709, -650.735656738, 518.967529297, -608.119445801, 287.133209229, -363.214813232, 138.647827148, -221.114501953, -43.6045837402, -66.4135742188, 48.7260742188, 18.3782367706], [-1488.8626709, 1312.21191406, 247.953735352, -385.408630371, 570.865356445, -130.137329102, 333.861968994, -69.4070205688, 146.18649292, -44.5547599792, 109.348091125, -69.036529541, 11.6655788422], [-650.735656738, 247.953735352, 572.477966309, 74.7423477173, 150.465362549, 91.2717285156, 60.4222488403, 60.446105957, 38.766330719, 51.2293968201, -11.0555868149, -0.511817336082, 6.07280015945], [518.967529297, -385.408630371, 74.7423477173, 506.702484131, -54.7228965759, 61.0487365723, -26.9084300995, 63.2750091553, 21.624004364, 56.8221092224, -76.6339797974, -16.4596691132, -33.5335960388], [-608.119445801, 570.865356445, 150.465362549, -54.7228965759, 435.943115234, -5.41249132156, 129.503875732, 43.9125785828, 76.6025543213, -7.58675289154, 26.4566783905, -45.8636703491, 4.06789922714], [287.133209229, -130.137329102, 91.2717285156, 61.0487365723, -5.41249132156, 254.65663147, 52.7302093506, 75.2159347534, -0.155737549067, 43.4037208557, 10.1979417801, 26.3066139221, 1.27682197094], [-363.214813232, 333.861968994, 60.4222488403, -26.9084300995, 129.503875732, 52.7302093506, 315.163421631, -7.67625665665, 74.8335342407, 46.7969093323, 50.4993934631, 16.8162307739, -22.721326828], [138.647827148, -69.4070205688, 60.446105957, 63.2750091553, 43.9125785828, 75.2159347534, -7.67625665665, 156.337875366, 25.5972728729, 30.7052211761, 2.66919803619, 4.59928035736, 14.5436038971], [-221.114501953, 146.18649292, 38.766330719, 21.624004364, 76.6025543213, -0.155737549067, 74.8335342407, 25.5972728729, 118.635185242, 37.8943328857, 23.0977287292, 11.0894241333, 0.781274497509], [-43.6045837402, -44.5547599792, 51.2293968201, 56.8221092224, -7.58675289154, 43.4037208557, 46.7969093323, 30.7052211761, 37.8943328857, 113.237556458, 24.9133148193, 14.8698282242, 5.42754888535], [-66.4135742188, 109.348091125, -11.0555868149, -76.6339797974, 26.4566783905, 10.1979417801, 50.4993934631, 2.66919803619, 23.0977287292, 24.9133148193, 104.865951538, 40.3623466492, 19.4953651428], [48.7260742188, -69.036529541, -0.511817336082, -16.4596691132, -45.8636703491, 26.3066139221, 16.8162307739, 4.59928035736, 11.0894241333, 14.8698282242, 40.3623466492, 89.7406539917, 32.3255958557], [18.3782367706, 11.6655788422, 6.07280015945, -33.5335960388, 4.06789922714, 1.27682197094, -22.721326828, 14.5436038971, 0.781274497509, 5.42754888535, 19.4953651428, 32.3255958557, 69.2033309937]],
        "icov": [[0.000450638966868, -2.20053043449e-05, 0.000546797178686, -0.000518724904396, 0.000317094352795, -0.000586873327848, 0.000220141315367, -0.000319063750794, 0.000451886153314, 0.000335774355335, -0.000290975440294, 7.09046507836e-05, -0.000266370479949], [-2.20053043449e-05, 0.00966152362525, -0.00334962597117, 0.00481924740598, -0.00728565221652, 0.00358851975761, -0.00609210971743, 0.00388719933107, -0.00522028654814, 0.00444106990471, -0.00482955388725, 0.00804766826332, -0.00413666898385], [0.000546797178686, -0.00334962597117, 0.0040001757443, -0.002423242433, 0.00196908204816, -0.00252542225644, 0.00240890099667, -0.00179253390525, 0.00239492906258, -0.00200681108981, 0.00211145565845, -0.00318775116466, 0.00101721973624], [-0.000518724904396, 0.00481924740598, -0.002423242433, 0.00573484972119, -0.00370377814397, 0.00220203888603, -0.00298824952915, 0.00151036691386, -0.00369066232815, 0.000414147274569, 0.000176267902134, 0.0034425877966, -0.000453052431112], [0.000317094352795, -0.00728565221652, 0.00196908204816, -0.00370377814397, 0.00968765746802, -0.00270809722133, 0.00325522827916, -0.00426176935434, 0.00242982245982, -0.00129345082678, 0.00220406451263, -0.00263995281421, 0.00130759202875], [-0.000586873327848, 0.00358851975761, -0.00252542225644, 0.00220203888603, -0.00270809722133, 0.00761096458882, -0.00374093512073, -0.000787780096289, -0.000756290392019, 0.000272889563348, -0.00136410724372, 0.00143866741564, -0.000504939467646], [0.000220141315367, -0.00609210971743, 0.00240890099667, -0.00298824952915, 0.00325522827916, -0.00374093512073, 0.00906480196863, -0.00107709364966, 0.00157484714873, -0.00405040103942, 0.00191070523579, -0.00646987883374, 0.00517311086878], [-0.000319063750794, 0.00388719933107, -0.00179253390525, 0.00151036691386, -0.00426176935434, -0.000787780096289, -0.00107709364966, 0.0108049474657, -0.00405541528016, 0.000459745089756, -0.00194872764405, 0.00356675637886, -0.00314805237576], [0.000451886153314, -0.00522028654814, 0.00239492906258, -0.00369066232815, 0.00242982245982, -0.000756290392019, 0.00157484714873, -0.00405541528016, 0.0157907493412, -0.00517850229517, 0.0018142882036, -0.00643971888348, 0.00272673624568], [0.000335774355335, 0.00444106990471, -0.00200681108981, 0.000414147274569, -0.00129345082678, 0.000272889563348, -0.00405040103942, 0.000459745089756, -0.00517850229517, 0.0152778252959, -0.00596944941208, 0.00546498922631, -0.00382734718733], [-0.000290975440294, -0.00482955388725, 0.00211145565845, 0.000176267902134, 0.00220406451263, -0.00136410724372, 0.00191070523579, -0.00194872764405, 0.0018142882036, -0.00596944941208, 0.0180728398263, -0.0102877793834, 0.00188590178732], [7.09046507836e-05, 0.00804766826332, -0.00318775116466, 0.0034425877966, -0.00263995281421, 0.00143866741564, -0.00646987883374, 0.00356675637886, -0.00643971888348, 0.00546498922631, -0.0102877793834, 0.0259116496891, -0.0117340348661], [-0.000266370479949, -0.00413666898385, 0.00101721973624, -0.000453052431112, 0.00130759202875, -0.000504939467646, 0.00517311086878, -0.00314805237576, 0.00272673624568, -0.00382734718733, 0.00188590178732, -0.0117340348661, 0.022421143949]]
    },
    "melbands": {
        "dmean": [0.000156970563694, 0.000340872211382, 0.000563663255889, 0.00047627533786, 0.000419562595198, 0.000456810143078, 0.000206178447115, 0.000146616643178, 0.000143075114465, 9.45187493926e-05, 6.68797583785e-05, 0.000141304553836, 6.86745188432e-05, 2.43911017606e-05, 3.31917399308e-05, 2.09427016671e-05, 2.21954196604e-05, 2.02046776394e-05, 1.82864332601e-05, 9.13973053684e-06, 7.29632620278e-06, 6.57571899865e-06, 5.85092584515e-06, 5.73664510739e-06, 2.56459679804e-06, 9.77027298177e-07, 9.904279068e-07, 1.30512978558e-06, 1.39571602631e-06, 1.35420225433e-06, 1.28987790049e-06, 2.08916821975e-06, 1.90522428056e-06, 1.1272456959e-06, 5.12852182055e-07, 3.52482317112e-07, 2.07476730907e-07, 1.88260372624e-07, 1.64727552487e-07, 1.14743116342e-07],
        "dmean2": [0.000249038886977, 0.000575800600927, 0.000895242963452, 0.000725734804291, 0.000616397766862, 0.000684678205289, 0.000320534280036, 0.000228377102758, 0.000214185056393, 0.00013844424393, 0.00010005968943, 0.000211312537431, 0.000100653727714, 3.40921214956e-05, 5.04170093336e-05, 3.28425667249e-05, 3.3910957427e-05, 3.16608529829e-05, 2.95573972835e-05, 1.45099911606e-05, 1.13319656521e-05, 1.01774030554e-05, 9.18682690099e-06, 8.88152681e-06, 4.1092189349e-06, 1.59087062457e-06, 1.53207201947e-06, 2.09662425732e-06, 2.21368463826e-06, 2.21807863454e-06, 2.07844618672e-06, 3.26087047142e-06, 3.06390711557e-06, 1.76929597728e-06, 8.10889559943e-07, 5.40038001873e-07, 3.14741868124e-07, 2.94063227102e-07, 2.59909882061e-07, 1.80725308496e-07],
        "dvar": [1.49016983642e-07, 1.35536890866e-06, 2.43852605308e-06, 1.28575322833e-06, 8.41404698804e-07, 1.19052276659e-06, 2.65692818857e-07, 1.02291991766e-07, 2.50872290053e-07, 1.06027087554e-07, 4.33446487591e-08, 1.7960525156e-07, 4.42627516861e-08, 7.52816742278e-09, 2.93663848794e-08, 7.82172460134e-09, 6.78545974964e-09, 4.76872408228e-09, 5.88949733427e-09, 1.20125887015e-09, 6.12991768456e-10, 4.63483335045e-10, 3.39757277867e-10, 4.15397327647e-10, 1.37071590189e-10, 2.08788403233e-11, 2.42873568479e-11, 4.83586955202e-11, 4.75877323658e-11, 6.441538275e-11, 5.05545987017e-11, 1.20937482251e-10, 1.23326543422e-10, 3.28797510052e-11, 4.77730225171e-12, 1.98987679632e-12, 6.28360644767e-13, 5.40463290441e-13, 3.93795374998e-13, 2.39466974895e-13],
        "dvar2": [3.91456012494e-07, 4.05116725233e-06, 6.31463080936e-06, 2.96232815344e-06, 1.86649447187e-06, 2.56498174167e-06, 6.06915421031e-07, 2.29362200344e-07, 5.88553064063e-07, 2.27986447499e-07, 1.00244207601e-07, 4.00656318789e-07, 8.98224996604e-08, 1.12193001556e-08, 5.74651792817e-08, 1.62260604952e-08, 1.4977469931e-08, 1.11832338945e-08, 1.37062983185e-08, 2.99522140423e-09, 1.34878308522e-09, 9.54529788544e-10, 7.74735720022e-10, 8.75248096222e-10, 3.04942376905e-10, 5.42735856257e-11, 4.65832684926e-11, 1.02284458681e-10, 1.17443707537e-10, 1.61282445732e-10, 1.19940113397e-10, 2.88569695917e-10, 2.95323127064e-10, 8.02219540796e-11, 1.13583309425e-11, 4.70802606969e-12, 1.32845199684e-12, 1.26485584159e-12, 8.96323922202e-13, 5.77639986624e-13],
        "max": [0.00589442905039, 0.0192198008299, 0.0190999694169, 0.0161407459527, 0.017796350643, 0.020521717146, 0.0120200803503, 0.00520452437922, 0.0105523336679, 0.00567440874875, 0.00498181954026, 0.00659259548411, 0.00428244424984, 0.00313227367587, 0.00633929669857, 0.00301595358178, 0.00214842241257, 0.0014161686413, 0.00187920103781, 0.000886251858901, 0.000631253584288, 0.000537490763236, 0.000394352682633, 0.000397836935008, 0.000247150135692, 0.000113792644697, 0.000182548363227, 0.000175004533958, 0.000126717044623, 0.000199498856091, 0.000144289879245, 0.000220687346882, 0.000233804050367, 0.000106929030153, 5.29091230419e-05, 3.11437252094e-05, 2.71291119134e-05, 2.16305015783e-05, 1.48525532495e-05, 1.37419456223e-05],
        "mean": [0.000525906274561, 0.000775119347963, 0.000870668387506, 0.00076496420661, 0.00089525943622, 0.00107871601358, 0.000452355568996, 0.000362648366718, 0.000271055178018, 0.000149146057083, 0.000108258500404, 0.000243428672547, 0.000111715256935, 4.35317597294e-05, 5.4865009588e-05, 3.2415111491e-05, 3.38903446391e-05, 2.98581435345e-05, 2.64912087005e-05, 1.37853076012e-05, 1.10292712634e-05, 1.01160549093e-05, 8.9857076091e-06, 7.98331620899e-06, 3.72170416085e-06, 1.51674703375e-06, 1.48429921865e-06, 1.88899025488e-06, 1.81270411304e-06, 1.64648122336e-06, 1.59213323059e-06, 2.50226571552e-06, 2.46729086939e-06, 1.56047315159e-06, 7.28862858068e-07, 4.81341885461e-07, 2.99094949696e-07, 2.75594345567e-07, 2.37304973894e-07, 1.56730237677e-07],
        "median": [0.000133028821438, 0.000402282865252, 0.000335769436788, 0.000175648281584, 0.000296441838145, 0.000474603759358, 0.000258622370893, 0.000205082644243, 0.000100077755633, 4.06384169764e-05, 3.62664213753e-05, 4.47853271908e-05, 2.28884600801e-05, 1.06649440568e-05, 1.1617443306e-05, 8.9882478278e-06, 7.29874318495e-06, 7.80933260103e-06, 8.56514270708e-06, 4.05253877034e-06, 2.74630883723e-06, 2.42905298364e-06, 2.30209548135e-06, 1.56898204295e-06, 8.30996214063e-07, 4.55535683841e-07, 3.28074634126e-07, 2.57249780589e-07, 1.94406268861e-07, 1.33098922106e-07, 9.09088342382e-08, 8.01545638751e-08, 6.64176056375e-08, 5.85641686257e-08, 6.7451694008e-08, 6.48826556926e-08, 3.51657476472e-08, 2.87042958291e-08, 1.90022735325e-08, 1.21567129696e-08],
        "min": [7.96224197686e-11, 1.68559832758e-09, 3.79062559119e-09, 5.67795588324e-10, 2.12974929359e-10, 1.4021828143e-09, 4.96007457329e-10, 2.88752799449e-10, 1.78568562714e-10, 5.7750332294e-11, 6.36332583848e-11, 4.4611047495e-11, 2.51413334595e-11, 1.27474393888e-11, 1.40660252543e-11, 1.31918009502e-11, 1.29170302926e-11, 5.449202721e-12, 4.94966134051e-12, 1.30008104976e-11, 8.93239995858e-12, 2.86120628058e-12, 1.13765062908e-12, 3.26842394295e-13, 4.108468123e-13, 6.17437145248e-13, 3.67149751357e-13, 2.97069768958e-13, 1.68152994241e-13, 2.25425553875e-13, 3.06632133963e-13, 2.08985742123e-13, 1.4221584251e-13, 2.04415192997e-13, 3.53415701652e-13, 1.46823593322e-13, 1.8006131525e-13, 1.44650499803e-13, 1.25406724393e-13, 1.18616217109e-13],
        "var": [5.29575970631e-07, 1.42944031722e-06, 2.98587406178e-06, 2.58092381955e-06, 2.53486882684e-06, 3.30125067194e-06, 4.57767384887e-07, 2.44571026542e-07, 3.85855457807e-07, 1.74695244937e-07, 7.81141693551e-08, 4.41346912794e-07, 1.07769693614e-07, 2.54674592526e-08, 6.28468725949e-08, 1.35302808957e-08, 1.23983587841e-08, 6.88733825527e-09, 6.95933533024e-09, 1.75222814036e-09, 1.14992526612e-09, 7.84070197657e-10, 5.11532816105e-10, 6.35343389011e-10, 1.96864261004e-10, 2.36533813369e-11, 4.44228057117e-11, 8.87446088838e-11, 6.1711011301e-11, 6.9324587737e-11, 6.94502372278e-11, 1.62568444817e-10, 1.70707961655e-10, 5.91622376089e-11, 8.3889215019e-12, 3.54347259e-12, 1.74997841738e-12, 1.29923123041e-12, 9.14226918995e-13, 4.97717860849e-13]
    },
    "mfcc": {
        "mean": [-700.369628906, 175.334182739, -1.8889939785, 10.1556558609, 1.63661313057, -3.26053905487, -13.7338428497, -1.91076672077, -5.99362516403, -0.436740010977, -3.43614530563, 0.295746475458, -1.63243722916],
        "cov": [[5068.29785156, -1776.81445312, -338.222808838, 28.9640522003, -244.419067383, -31.3095016479, -198.375213623, 54.8273582458, -134.686889648, -129.541137695, -36.9547348022, -54.6586341858, -158.098190308], [-1776.81445312, 1747.00732422, -164.835205078, -98.0776062012, 193.739822388, 13.3778448105, 211.792938232, 42.6256217957, 48.9842796326, 118.057662964, -15.2599754333, 54.6453704834, 55.8416595459], [-338.222808838, -164.835205078, 481.207824707, 50.6193008423, 37.0407447815, 80.5443725586, 30.3738059998, 15.7388010025, 62.7197036743, -6.02162981033, 55.1275024414, -1.23660314083, 44.7245635986], [28.9640522003, -98.0776062012, 50.6193008423, 314.027923584, 51.5993423462, 41.5575523376, 5.39878082275, -0.898047268391, 75.7333602905, 19.1012744904, 32.7960243225, 17.618139267, 32.4797134399], [-244.419067383, 193.739822388, 37.0407447815, 51.5993423462, 312.065734863, -23.4550571442, 39.2165222168, 24.9512844086, 72.0898895264, 32.611782074, -4.64170503616, 5.30692529678, 10.7501211166], [-31.3095016479, 13.3778448105, 80.5443725586, 41.5575523376, -23.4550571442, 187.240310669, 66.8665161133, 38.6126480103, 35.427230835, 35.7862548828, 51.4671821594, 5.98483276367, 27.7438144684], [-198.375213623, 211.792938232, 30.3738059998, 5.39878082275, 39.2165222168, 66.8665161133, 176.830123901, 45.4455375671, 43.7151298523, 41.0616531372, 41.4321250916, 30.7537670135, 32.2221069336], [54.8273582458, 42.6256217957, 15.7388010025, -0.898047268391, 24.9512844086, 38.6126480103, 45.4455375671, 117.317764282, 28.1232032776, 20.2853317261, 20.23695755, 15.4711551666, 16.1680908203], [-134.686889648, 48.9842796326, 62.7197036743, 75.7333602905, 72.0898895264, 35.427230835, 43.7151298523, 28.1232032776, 135.719360352, 37.330783844, 34.1285705566, 22.8028964996, 34.5416793823], [-129.541137695, 118.057662964, -6.02162981033, 19.1012744904, 32.611782074, 35.7862548828, 41.0616531372, 20.2853317261, 37.330783844, 110.155380249, 34.7150154114, 26.2278175354, 18.812871933], [-36.9547348022, -15.2599754333, 55.1275024414, 32.7960243225, -4.64170503616, 51.4671821594, 41.4321250916, 20.23695755, 34.1285705566, 34.7150154114, 99.2411117554, 27.7757740021, 27.5269107819], [-54.6586341858, 54.6453704834, -1.23660314083, 17.618139267, 5.30692529678, 5.98483276367, 30.7537670135, 15.4711551666, 22.8028964996, 26.2278175354, 27.7757740021, 78.1580429077, 29.1886005402], [-158.098190308, 55.8416595459, 44.7245635986, 32.4797134399, 10.7501211166, 27.7438144684, 32.2221069336, 16.1680908203, 34.5416793823, 18.812871933, 27.5269107819, 29.1886005402, 84.1090927124]],
