{
"lowlevel": {
    "average_loudness": 0.674084842205,
    "barkbands_crest": {
        "dmean": 1.85781490803,
        "dmean2": 2.9063808918,
        "dvar": 2.98360061646,
        "dvar2": 7.8506975174,
        "max": 25.1259326935,
        "mean": 10.6405220032,
        "median": 9.95512771606,
        "min": 3.12037873268,
        "var": 14.222899437
    },
    "barkbands_flatness_db": {
        "dmean": 0.0126705951989,
        "dmean2": 0.0198575165123,
        "dvar": 0.000123259436805,
        "dvar2": 0.000303270819131,
        "max": 0.427969664335,
        "mean": 0.216119036078,
        "median": 0.194372102618,
        "min": 0.0285952854902,
        "var": 0.00516709499061
    },
    "barkbands_kurtosis": {
        "dmean": 1.51793324947,
        "dmean2": 2.39236998558,
        "dvar": 3.79342389107,
        "dvar2": 8.86692142487,
        "max": 54.3566055298,
        "mean": 3.65641903877,
        "median": 2.62435770035,
        "min": -1.64035069942,
        "var": 18.5104293823
    },
    "barkbands_skewness": {
        "dmean": 0.309669315815,
        "dmean2": 0.482922554016,
        "dvar": 0.076033346355,
        "dvar2": 0.187342405319,
        "max": 5.36278247833,
        "mean": 1.14163565636,
        "median": 1.17614650726,
        "min": -3.42193651199,
        "var": 0.751181483269
    },
    "barkbands_spread": {
        "dmean": 2.08369731903,
        "dmean2": 3.26432681084,
        "dvar": 8.01046085358,
        "dvar2": 20.0433597565,
        "max": 74.8640060425,
        "mean": 11.1096658707,
        "median": 8.67974472046,
        "min": 0.739426493645,
        "var": 71.6272659302
    },
    "dissonance": {
        "dmean": 0.0309509877115,
        "dmean2": 0.0522052906454,
        "dvar": 0.000794880907051,
        "dvar2": 0.00224901316687,
        "max": 0.499177724123,
        "mean": 0.416398525238,
        "median": 0.431466639042,
        "min": 0.143770620227,
        "var": 0.00344599434175
    },
    "dynamic_complexity": 3.28863048553,
    "erbbands_crest": {
        "dmean": 2.56505393982,
        "dmean2": 3.97646808624,
        "dvar": 4.97038698196,
        "dvar2": 12.580956459,
        "max": 32.71616745,
        "mean": 12.6493244171,
        "median": 11.3421468735,
        "min": 2.90173316002,
        "var": 30.4360961914
    },
    "erbbands_flatness_db": {
        "dmean": 0.0115487072617,
        "dmean2": 0.017165184021,
        "dvar": 9.5589501143e-05,
        "dvar2": 0.000220314730541,
        "max": 0.478050082922,
        "mean": 0.237232267857,
        "median": 0.212200701237,
        "min": 0.0634394809604,
        "var": 0.00497365836054
    },
    "erbbands_kurtosis": {
        "dmean": 1.10511672497,
        "dmean2": 1.64381325245,
        "dvar": 1.99834370613,
        "dvar2": 4.11507511139,
        "max": 41.1220359802,
        "mean": 1.69408380985,
        "median": 0.722287654877,
        "min": -1.50258052349,
        "var": 11.0914230347
    },
    "erbbands_skewness": {
        "dmean": 0.305286556482,
        "dmean2": 0.473977178335,
        "dvar": 0.0690113380551,
        "dvar2": 0.162654027343,
        "max": 3.92146325111,
        "mean": 0.843490123749,
        "median": 0.830476105213,
        "min": -2.00072956085,
        "var": 0.497524261475
    },
    "erbbands_spread": {
        "dmean": 3.8673055172,
        "dmean2": 6.10615634918,
        "dvar": 16.510892868,
        "dvar2": 45.5410881042,
        "max": 68.3025436401,
        "mean": 21.512594223,
        "median": 21.6483707428,
        "min": 0.772344768047,
        "var": 147.251953125
    },
    "hfc": {
        "dmean": 2.08132553101,
        "dmean2": 3.02866244316,
        "dvar": 6.06562805176,
        "dvar2": 13.6972570419,
        "max": 56.5469512939,
        "mean": 12.0584859848,
        "median": 10.2578048706,
        "min": 1.13750450002e-16,
        "var": 86.2051925659
    },
    "melbands_crest": {
        "dmean": 2.18809270859,
        "dmean2": 3.41741847992,
        "dvar": 4.34066772461,
        "dvar2": 11.2248573303,
        "max": 31.1578464508,
        "mean": 13.3427028656,
        "median": 12.6347532272,
        "min": 2.0369989872,
        "var": 20.067117691
    },
    "melbands_flatness_db": {
        "dmean": 0.0131174810231,
        "dmean2": 0.0200337376446,
        "dvar": 0.000137030219776,
        "dvar2": 0.000320366496453,
        "max": 0.532487809658,
        "mean": 0.293511688709,
        "median": 0.264405936003,
        "min": 0.00563631346449,
        "var": 0.00819553341717
    },
    "melbands_kurtosis": {
        "dmean": 2.22820138931,
        "dmean2": 3.49893522263,
        "dvar": 6.93977212906,
        "dvar2": 17.4636459351,
        "max": 49.6727981567,
        "mean": 6.29339313507,
        "median": 4.8904800415,
        "min": -1.5787217617,
        "var": 33.0332107544
    },
    "melbands_skewness": {
        "dmean": 0.346539139748,
        "dmean2": 0.519691705704,
        "dvar": 0.0897025093436,
        "dvar2": 0.227691337466,
        "max": 4.91156864166,
        "mean": 1.57438278198,
        "median": 1.63416111469,
        "min": -3.08439159393,
        "var": 0.95064163208
    },
    "melbands_spread": {
        "dmean": 2.49004673958,
        "dmean2": 3.9043712616,
        "dvar": 14.1965799332,
        "dvar2": 30.7316417694,
        "max": 129.31439209,
        "mean": 12.9623060226,
        "median": 10.280175209,
        "min": 1.35576689243,
        "var": 98.8541030884
    },
    "pitch_salience": {
        "dmean": 0.0513498149812,
        "dmean2": 0.0815224051476,
        "dvar": 0.00181567156687,
        "dvar2": 0.00481654796749,
        "max": 0.989029884338,
        "mean": 0.561496555805,
        "median": 0.565644681454,
        "min": 0.243712946773,
        "var": 0.0098855914548
    },
    "silence_rate_20dB": {
        "dmean": 0,
        "dmean2": 0,
        "dvar": 0,
        "dvar2": 0,
        "max": 1,
        "mean": 1,
        "median": 1,
        "min": 1,
        "var": 0
    },
    "silence_rate_30dB": {
        "dmean": 0.00231839250773,
        "dmean2": 0.00463857734576,
        "dvar": 0.00231294636615,
        "dvar2": 0.00461725378409,
        "max": 1,
        "mean": 0.995365023613,
        "median": 1,
        "min": 0,
        "var": 0.00461373431608
    },
    "silence_rate_60dB": {
        "dmean": 0.00772797549143,
        "dmean2": 0.0154619254172,
        "dvar": 0.00766814453527,
        "dvar2": 0.0190887767822,
        "max": 1,
        "mean": 0.0718424096704,
        "median": 0,
        "min": 0,
        "var": 0.0666811019182
    },
    "spectral_centroid": {
        "dmean": 107.22644043,
        "dmean2": 167.076812744,
        "dvar": 70708.359375,
        "dvar2": 79536.578125,
        "max": 11419.9980469,
        "mean": 789.096740723,
        "median": 627.51763916,
        "min": 243.13633728,
        "var": 285777.71875
    },
    "spectral_complexity": {
        "dmean": 1.67697060108,
        "dmean2": 2.82875919342,
        "dvar": 2.16536521912,
        "dvar2": 6.00509500504,
        "max": 27,
        "mean": 13.3395137787,
        "median": 14,
        "min": 0,
        "var": 25.251701355
    },
    "spectral_decrease": {
        "dmean": 1.02954611503e-09,
        "dmean2": 1.48198575634e-09,
        "dvar": 1.37856783515e-18,
        "dvar2": 2.89474419623e-18,
        "max": 1.02947118503e-28,
        "mean": -6.18873219338e-09,
        "median": -5.12719910972e-09,
        "min": -3.48326345545e-08,
        "var": 2.20986892384e-17
    },
    "spectral_energy": {
        "dmean": 0.00404715584591,
        "dmean2": 0.0058242129162,
        "dvar": 2.1053951059e-05,
        "dvar2": 4.40713338321e-05,
        "max": 0.136117577553,
        "mean": 0.024451373145,
        "median": 0.0202122852206,
        "min": 1.02629688004e-20,
        "var": 0.000342074141372
    },
    "spectral_energyband_high": {
        "dmean": 3.67189531971e-05,
        "dmean2": 6.41396400169e-05,
        "dvar": 2.01489349649e-08,
        "dvar2": 5.94409357291e-08,
        "max": 0.0028147152625,
        "mean": 0.000102532423625,
        "median": 2.89177787636e-05,
        "min": 7.3176339019e-21,
        "var": 5.04511703525e-08
    },
    "spectral_energyband_low": {
        "dmean": 0.000989205087535,
        "dmean2": 0.00147971091792,
        "dvar": 2.4481357741e-06,
        "dvar2": 5.21950596521e-06,
        "max": 0.0509918183088,
        "mean": 0.00377100543119,
        "median": 0.00236344640143,
        "min": 5.72702793553e-23,
        "var": 1.7919775928e-05
    },
    "spectral_energyband_middle_high": {
        "dmean": 0.000710105639882,
        "dmean2": 0.00109746970702,
        "dvar": 1.2762005781e-06,
        "dvar2": 3.15934607897e-06,
        "max": 0.0247414913028,
        "mean": 0.00242444779724,
        "median": 0.00190414511599,
        "min": 1.49166382571e-21,
        "var": 5.78739263801e-06
    },
    "spectral_energyband_middle_low": {
        "dmean": 0.00364284985699,
        "dmean2": 0.00515172118321,
        "dvar": 1.92389998119e-05,
        "dvar2": 3.99961063522e-05,
        "max": 0.130590066314,
        "mean": 0.018520321697,
        "median": 0.0143020879477,
        "min": 3.27515408367e-22,
        "var": 0.000279454805423
    },
    "spectral_entropy": {
        "dmean": 0.104155600071,
        "dmean2": 0.157568618655,
        "dvar": 0.00863167736679,
        "dvar2": 0.0176704991609,
        "max": 9.80336856842,
        "mean": 6.54228067398,
        "median": 6.72650575638,
        "min": 4.28351974487,
        "var": 0.354578047991
    },
    "spectral_flux": {
        "dmean": 0.0101558975875,
        "dmean2": 0.0172143504024,
        "dvar": 0.000110186061647,
        "dvar2": 0.000318048085319,
        "max": 0.208369150758,
        "mean": 0.0499246716499,
        "median": 0.0500862784684,
        "min": 1.04130780387e-10,
        "var": 0.000461557501694
    },
    "spectral_kurtosis": {
        "dmean": 7.65977954865,
        "dmean2": 13.468129158,
        "dvar": 108.970863342,
        "dvar2": 342.146972656,
        "max": 139.689361572,
        "mean": 23.8307495117,
        "median": 10.6709899902,
        "min": -1.20976924896,
        "var": 672.58605957
    },
    "spectral_rms": {
        "dmean": 0.00039667711826,
        "dmean2": 0.000575257465243,
        "dvar": 1.37415298695e-07,
        "dvar2": 3.06365706138e-07,
        "max": 0.0115237860009,
        "mean": 0.00453297747299,
        "median": 0.00444064196199,
        "min": 3.16427765067e-12,
        "var": 3.30714419761e-06
    },
    "spectral_rolloff": {
        "dmean": 155.741043091,
        "dmean2": 266.314208984,
        "dvar": 186581.84375,
        "dvar2": 322318.59375,
        "max": 19143.0175781,
        "mean": 790.006835938,
        "median": 602.9296875,
        "min": 236.865234375,
        "var": 666024.375
    },
    "spectral_skewness": {
        "dmean": 0.528465211391,
        "dmean2": 0.926109492779,
        "dvar": 0.358257323503,
        "dvar2": 1.14505064487,
        "max": 9.74226856232,
        "mean": 3.18044948578,
        "median": 2.35123705864,
        "min": -0.0450861528516,
        "var": 3.20761585236
    },
    "spectral_spread": {
        "dmean": 245537.5625,
        "dmean2": 401297.96875,
        "dvar": 724912308224,
        "dvar2": 598984622080,
        "max": 40585140,
        "mean": 2513719.75,
        "median": 2666456.25,
        "min": 645670,
        "var": 2.05433680691e+12
    },
    "spectral_strongpeak": {
        "dmean": 0.371952027082,
        "dmean2": 0.594833552837,
        "dvar": 0.257013559341,
        "dvar2": 0.617638528347,
        "max": 7.65330839157,
        "mean": 1.21066737175,
        "median": 0.927946150303,
        "min": 0,
        "var": 1.31378591061
    },
    "zerocrossingrate": {
        "dmean": 0.00348079623654,
        "dmean2": 0.00474200909957,
        "dvar": 0.00015899547725,
        "dvar2": 0.000249563163379,
        "max": 0.5087890625,
        "mean": 0.0329671874642,
        "median": 0.02880859375,
        "min": 0.0087890625,
        "var": 0.000479196663946
    },
    "barkbands": {
        "dmean": [0.000225933647016, 0.000605592562351, 0.000354918243829, 0.000449497136287, 0.00114864716306, 0.00182019092608, 0.000676842639223, 0.00139654055238, 0.000443668774096, 0.000306918693241, 0.000140591975651, 0.000262179790298, 0.000140344360261, 6.88667278155e-05, 7.42613192415e-05, 0.000123556717881, 0.000138166797115, 5.84837944189e-05, 9.48172310018e-05, 3.55699412466e-05, 1.03234951894e-05, 8.89833427209e-06, 4.40874282504e-06, 1.77850040473e-06, 8.35373839436e-07, 2.85169448944e-07, 1.15414700019e-09],
        "dmean2": [0.000414432230173, 0.000848979281727, 0.000567478360608, 0.00073639722541, 0.0016592714237, 0.00275193434209, 0.00107042549644, 0.00165677093901, 0.000614386342932, 0.0004235097731, 0.000218166707782, 0.00042115143151, 0.000228395947488, 0.000113421570859, 0.000123451638501, 0.000208600962651, 0.000238146079937, 9.96809685603e-05, 0.000163609816809, 6.12105213804e-05, 1.75872573891e-05, 1.47128821482e-05, 7.25997097106e-06, 2.87662714982e-06, 1.38882751344e-06, 4.52273297924e-07, 2.12079687145e-09],
        "dvar": [1.89221864844e-07, 1.21001721709e-06, 6.8708618528e-07, 6.04677268257e-07, 2.97504584523e-06, 1.08367466964e-05, 1.20432218864e-06, 5.69962276131e-06, 6.37505479517e-07, 2.80396164953e-07, 2.76020585943e-07, 2.17645819589e-07, 1.60968966156e-07, 1.50682240019e-08, 2.00331857769e-08, 1.89070576084e-07, 1.03662905815e-07, 2.60530708118e-08, 6.36282351252e-08, 2.08028207993e-08, 6.33338992362e-10, 5.58735113732e-10, 1.37795941324e-10, 2.06869122527e-11, 3.85690524657e-12, 6.34453102034e-13, 2.83751487837e-18],
        "dvar2": [6.36564266188e-07, 2.30919545174e-06, 1.48781430198e-06, 1.52549023369e-06, 6.27728923064e-06, 2.58943964582e-05, 3.29642398356e-06, 7.02237093719e-06, 1.10447035695e-06, 4.17877629388e-07, 6.7703467721e-07, 5.88457623962e-07, 4.41831730313e-07, 4.28756585791e-08, 5.28483141693e-08, 5.10781489993e-07, 2.85552260948e-07, 6.85673953171e-08, 1.69571663378e-07, 5.88854263128e-08, 1.83174464485e-09, 1.43376732709e-09, 3.57471968693e-10, 5.26638663234e-11, 1.03205863994e-11, 1.41371701672e-12, 9.11626736826e-18],
        "max": [0.00723077170551, 0.0307755172253, 0.0402637533844, 0.0131001854315, 0.0376207306981, 0.0991882607341, 0.0206361152232, 0.082856208086, 0.0237265825272, 0.0215689036995, 0.0140346158296, 0.00574901374057, 0.00943887606263, 0.00155522325076, 0.002792367246, 0.0089477673173, 0.00466018402949, 0.0039351596497, 0.00526654347777, 0.00307203060947, 0.000487110373797, 0.000548499287106, 0.00023070993484, 0.000135202513775, 4.10254542658e-05, 2.89639247057e-05, 1.92136795363e-08],
        "mean": [0.000259020715021, 0.00240382831544, 0.000862299930304, 0.000791174126789, 0.00401096558198, 0.0057691661641, 0.00179364404175, 0.00488387746736, 0.00104463659227, 0.000719396863133, 0.000229809316806, 0.000436722068116, 0.000229794735787, 0.000121973316709, 0.000122122757602, 0.000186038319953, 0.000207788587431, 9.55640716711e-05, 0.000162263648235, 6.05065033596e-05, 2.03293293453e-05, 2.06392396649e-05, 1.0505604223e-05, 5.32780632057e-06, 3.00867804981e-06, 1.05673063899e-06, 1.36935285333e-09],
        "median": [8.6362080765e-05, 0.0012781774858, 0.000343479710864, 0.000338175188517, 0.00246469932608, 0.00291775143705, 0.000763651740272, 0.00151662447024, 0.000531141005922, 0.000333605916239, 6.16998077021e-05, 0.000189395039342, 0.00010347198986, 6.72377063893e-05, 5.95582023379e-05, 5.81084095757e-05, 5.40815562999e-05, 3.57775606972e-05, 5.20507128385e-05, 1.55943198479e-05, 6.21282333668e-06, 5.93093045609e-06, 2.41620409724e-06, 1.48610604356e-06, 1.10367545858e-06, 3.67151756109e-07, 7.92702958829e-10],
        "min": [1.83637017139e-24, 1.42113118526e-23, 2.39915415135e-23, 1.97626380609e-24, 1.00581343137e-23, 5.6931574037e-23, 6.12278367446e-23, 3.83243616114e-23, 6.72479246132e-23, 8.39211877317e-23, 4.68981279142e-23, 2.89799160694e-23, 8.75589787754e-23, 8.48456506711e-23, 1.61548338291e-22, 7.70350820505e-23, 1.75457041522e-22, 2.44832082235e-22, 1.88010380745e-22, 3.36829268194e-22, 3.1790501257e-22, 3.56187485667e-22, 5.76343847325e-22, 6.95108333354e-22, 1.02474692614e-21, 1.56245744028e-21, 2.19783807265e-21],
        "var": [2.58462790725e-07, 9.1788942882e-06, 4.58751719634e-06, 1.77750939656e-06, 2.29808229051e-05, 7.45378056308e-05, 7.22902950656e-06, 9.76635201368e-05, 2.83359213427e-06, 1.78429036168e-06, 5.19097397955e-07, 4.11426896108e-07, 2.25954806865e-07, 2.72667222134e-08, 3.38745529405e-08, 2.56146336142e-07, 1.66787131661e-07, 4.38226024357e-08, 1.23083850667e-07, 3.43433868011e-08, 1.3775928176e-09, 1.77265679913e-09, 5.0660359241e-10, 1.09924840064e-10, 2.23804690058e-11, 4.16319019189e-12, 2.45865788601e-18]
    },
    "erbbands": {
        "dmean": [0.0201499219984, 0.132892474532, 0.368272155523, 0.952628970146, 1.68728375435, 4.13767528534, 12.374958992, 16.0277423859, 10.6915111542, 11.4934558868, 31.9118251801, 13.4331483841, 7.14544582367, 8.1981010437, 7.58171892166, 12.1834154129, 6.78279399872, 3.72121214867, 4.37732744217, 4.62284231186, 7.10090494156, 4.5933265686, 3.43430018425, 3.76551795006, 3.9229631424, 1.9901971817, 0.679448902607, 0.321808427572, 0.30962574482, 0.164482712746, 0.149170339108, 0.0563421659172, 0.0186703279614, 0.00968968868256, 0.00530851865187, 0.00181744073052, 0.000488731951918, 6.31552175037e-05, 2.51694223152e-06, 4.54969404018e-06],
        "dmean2": [0.0286923237145, 0.186427727342, 0.567559480667, 1.58809638023, 2.70079016685, 6.15523099899, 17.0061569214, 25.0179042816, 17.292509079, 16.3541431427, 36.2792663574, 17.6417160034, 10.5068635941, 11.0086374283, 11.767783165, 19.657743454, 11.0161943436, 6.15177536011, 7.35535383224, 7.72428417206, 12.065577507, 7.92755699158, 5.86126899719, 6.46309614182, 6.76136398315, 3.38583159447, 1.18886995316, 0.551376342773, 0.507614731789, 0.268231570721, 0.251273483038, 0.0925349593163, 0.0307206138968, 0.0161071419716, 0.00866260565817, 0.00292209396139, 0.000780224858318, 0.000101454665128, 3.70318912246e-06, 6.5521662691e-06],
        "dvar": [0.00262957485393, 0.0416713580489, 0.681811332703, 2.65299725533, 6.58386802673, 52.3282775879, 391.574676514, 991.785644531, 356.907806396, 666.052734375, 3560.14794922, 512.212036133, 155.86416626, 289.238464355, 824.182312012, 543.604248047, 343.374176025, 47.0701141357, 65.6761779785, 277.200531006, 230.847473145, 121.197090149, 108.213119507, 274.225341797, 84.096321106, 74.8690490723, 4.83212327957, 0.826095938683, 0.711441457272, 0.249582588673, 0.130237281322, 0.0254988539964, 0.00232648360543, 0.000535686442163, 0.00013625122665, 2.96724792861e-05, 1.3338366216e-06, 2.40831834475e-08, 9.47971302151e-12, 2.61490135101e-11],
        "dvar2": [0.00535511225462, 0.0771407708526, 1.45623338223, 6.81081342697, 17.3664073944, 123.290939331, 785.696777344, 2443.05419922, 1022.3359375, 1369.65283203, 3757.09326172, 876.28515625, 320.504241943, 360.556671143, 2072.06054688, 1474.57995605, 919.595458984, 136.15234375, 174.936080933, 757.213317871, 610.401611328, 330.906616211, 290.282104492, 703.431030273, 235.943435669, 209.672164917, 14.0278511047, 2.31462931633, 1.68272531033, 0.621903717518, 0.33393239975, 0.0722211077809, 0.0061198095791, 0.00143128528725, 0.000359755678801, 6.31256916677e-05, 3.29543036059e-06, 5.86520556567e-08, 2.14243622843e-11, 5.4511142128e-11],
        "max": [1.12631165981, 5.96640396118, 39.5829925537, 34.881690979, 43.8209915161, 189.786376953, 713.192504883, 844.35925293, 328.548278809, 752.053588867, 2275.68383789, 682.528808594, 355.1144104, 793.205749512, 755.447998047, 293.134643555, 429.951324463, 145.751739502, 162.618057251, 582.677124023, 245.29850769, 193.961090088, 270.558502197, 390.97442627, 281.100189209, 205.654220581, 46.848449707, 15.2376995087, 31.3950538635, 13.7600326538, 7.32073116302, 4.42876338959, 1.02543389797, 0.543720424175, 0.311140060425, 0.234649404883, 0.0383669659495, 0.00349002331495, 8.36139006424e-05, 0.000151723870658],
        "mean": [0.0558244772255, 0.592851161957, 1.06863033772, 1.88901698589, 3.96897697449, 13.8064918518, 46.2393608093, 42.4631614685, 29.5331363678, 34.8827323914, 116.950996399, 38.1482429504, 16.9565429688, 19.1030979156, 13.8806695938, 20.421503067, 11.6799535751, 7.20996284485, 7.50147199631, 7.69109869003, 11.419169426, 7.68181848526, 6.19313240051, 6.74488210678, 7.01863336563, 3.63195014, 1.35799360275, 0.719063937664, 0.707081437111, 0.414583742619, 0.343152821064, 0.14877229929, 0.0610871911049, 0.0333608649671, 0.0190553274006, 0.00621675653383, 0.00180634274147, 0.000194946027477, 1.59575010912e-05, 2.79414271063e-05],
        "median": [0.0238392148167, 0.336139440536, 0.570894598961, 1.00028836727, 2.52093029022, 7.95105266571, 24.0249710083, 18.3048553467, 13.5343351364, 18.2725524902, 30.4021377563, 19.1669368744, 9.49064445496, 8.41951084137, 5.8145570755, 8.2634305954, 6.24461364746, 4.78066730499, 4.27979469299, 3.24083566666, 5.24845743179, 2.73410725594, 2.36886191368, 2.03415608406, 1.80305111408, 1.13383316994, 0.415523737669, 0.212684214115, 0.218242585659, 0.118446685374, 0.0766541883349, 0.0382321625948, 0.0202384628356, 0.0122653897852, 0.00722809461877, 0.00229284609668, 0.000582269509323, 6.03116568527e-05, 1.30415919557e-05, 2.33494265558e-05],
        "min": [2.0799376733e-22, 4.48003685477e-21, 2.78998844079e-20, 2.45534460761e-20, 1.01213294686e-20, 4.71681585109e-20, 2.09930542476e-19, 6.29474623383e-19, 3.01044913464e-19, 1.11176569165e-18, 9.75807701234e-19, 1.87445061825e-18, 1.24978222442e-18, 3.08188657199e-18, 2.13865251949e-18, 1.76425961411e-18, 4.39867228718e-18, 4.62872486402e-18, 6.65540918182e-18, 7.06772976585e-18, 5.789456546e-18, 7.50391202902e-18, 8.18843707313e-18, 1.08728581909e-17, 1.23958647891e-17, 1.70714874851e-17, 1.25980914237e-17, 1.51977910488e-17, 1.22786003567e-17, 1.24757497568e-17, 1.55360781408e-17, 1.80441096104e-17, 9.93439200747e-18, 8.80430695358e-18, 7.94048554862e-18, 5.28387300226e-18, 2.7732204041e-18, 1.29357916311e-18, 2.75771547221e-19, 3.52251988111e-20],
        "var": [0.00902581587434, 0.468254178762, 4.5635972023, 7.60912132263, 19.7893486023, 344.988037109, 4548.94287109, 5209.21630859, 1804.14294434, 3255.84814453, 71297.0625, 2927.10229492, 689.955993652, 1994.61755371, 1462.71606445, 1001.01281738, 518.547424316, 75.5553894043, 109.157722473, 329.679046631, 378.457305908, 210.379058838, 209.145370483, 508.177093506, 177.263778687, 123.331977844, 8.52172279358, 2.35149312019, 2.31490039825, 0.894935131073, 0.413716942072, 0.0919302478433, 0.0116453375667, 0.0029291191604, 0.000918707635719, 0.000140798147186, 1.07697496787e-05, 1.39959539069e-07, 1.44005710134e-10, 4.331818515e-10]
    },
    "gfcc": {
        "mean": [-71.091468811, 160.635482788, -117.77243042, 8.7513256073, -53.6279983521, -7.65264797211, -34.9671173096, 6.09663820267, -15.5619974136, 0.687064349651, -6.65708446503, -1.28312170506, -5.53862714767],
        "cov": [[8418.19824219, -1537.52294922, -1419.48657227, 1346.27807617, -506.420837402, 113.784751892, -289.193908691, 118.179252625, -272.542358398, 80.8866577148, 10.7499876022, 108.804412842, -168.437423706], [-1537.52294922, 1727.0065918, 412.57598877, -1078.14367676, 309.871368408, -258.725006104, 199.712936401, -120.943450928, 184.734588623, -149.572113037, 80.9622879028, -103.858467102, 186.703903198], [-1419.48657227, 412.57598877, 539.61328125, -228.488800049, 111.263534546, 0.403202205896, 46.0012207031, -16.8045024872, 63.4069023132, -0.155059143901, 1.70484113693, -8.04629993439, 25.6472549438], [1346.27807617, -1078.14367676, -228.488800049, 903.095275879, -181.672195435, 139.354202271, -154.670974731, 79.589881897, -128.391723633, 87.6522445679, -46.0453453064, 64.3078765869, -130.237808228], [-506.420837402, 309.871368408, 111.263534546, -181.672195435, 173.629547119, 22.6930656433, 59.2935180664, -16.4984912872, 41.1444969177, -19.3000011444, 14.2716789246, -4.43906593323, 45.7476654053], [113.784751892, -258.725006104, 0.403202205896, 139.354202271, 22.6930656433, 200.800048828, 26.1341133118, 38.8240089417, -11.948887825, 45.1782836914, -20.4610595703, 32.4427490234, -21.9451122284], [-289.193908691, 199.712936401, 46.0012207031, -154.670974731, 59.2935180664, 26.1341133118, 126.145561218, 31.8875751495, 43.0526695251, -10.4306077957, 14.11323452, -9.26903915405, 16.2803192139], [118.179252625, -120.943450928, -16.8045024872, 79.589881897, -16.4984912872, 38.8240089417, 31.8875751495, 82.9770050049, 19.042596817, 19.1281242371, -8.95091342926, 2.76308035851, -30.2765083313], [-272.542358398, 184.734588623, 63.4069023132, -128.391723633, 41.1444969177, -11.948887825, 43.0526695251, 19.042596817, 84.0390701294, 10.5355005264, 5.89010000229, -12.3402023315, 20.0370292664], [80.8866577148, -149.572113037, -0.155059143901, 87.6522445679, -19.3000011444, 45.1782836914, -10.4306077957, 19.1281242371, 10.5355005264, 66.2306594849, 9.59288406372, 13.496295929, -18.1112804413], [10.7499876022, 80.9622879028, 1.70484113693, -46.0453453064, 14.2716789246, -20.4610595703, 14.11323452, -8.95091342926, 5.89010000229, 9.59288406372, 62.5407028198, 21.3810520172, 16.1720504761], [108.804412842, -103.858467102, -8.04629993439, 64.3078765869, -4.43906593323, 32.4427490234, -9.26903915405, 2.76308035851, -12.3402023315, 13.496295929, 21.3810520172, 59.6914405823, 17.1273479462], [-168.437423706, 186.703903198, 25.6472549438, -130.237808228, 45.7476654053, -21.9451122284, 16.2803192139, -30.2765083313, 20.0370292664, -18.1112804413, 16.1720504761, 17.1273479462, 82.0623092651]],
        "icov": [[0.00035646915785, -0.000836490246002, 0.000982786761597, -0.000716403184924, 0.000767690944485, -0.000584225635976, 0.000519832246937, -0.000505945296027, 0.000445733137894, -0.000415328831878, 9.03420586837e-05, -0.000634688010905, 0.000230850389926], [-0.000836490246002, 0.00749045191333, -0.00389015302062, 0.00464861141518, -0.00479583023116, 0.00389275653288, -0.00270419451408, 0.00307288486511, -0.00434931414202, 0.00568868499249, -0.00445237243548, 0.00622788304463, -0.00288556632586], [0.000982786761597, -0.00389015302062, 0.00554491300136, -0.00229237251915, 0.00171907781623, -0.00214144284837, 0.00195522536524, -0.00137859920505, 0.00124432321172, -0.00329512311146, 0.00251932814717, -0.00428267288953, 0.00243555521592], [-0.000716403184924, 0.00464861141518, -0.00229237251915, 0.00641215359792, -0.00284213898703, 0.00182854139712, 0.00102157343645, -0.00093078444479, 0.000275726953987, 0.00124607887119, -0.000974885886535, 0.0011446508579, 0.0005344186211], [0.000767690944485, -0.00479583023116, 0.00171907781623, -0.00284213898703, 0.0136370835826, -0.00627929670736, 0.000379362842068, -2.12150080188e-05, -0.000285128509859, 0.000378530472517, -0.000468097219709, -0.00155078270473, -0.00135651638266], [-0.000584225635976, 0.00389275653288, -0.00214144284837, 0.00182854139712, -0.00627929670736, 0.0126742608845, -0.0062131411396, 0.0011060135439, 0.00146402348764, -0.00494530750439, 0.00530454609543, -0.00334298238158, 0.000249553238973], [0.000519832246937, -0.00270419451408, 0.00195522536524, 0.00102157343645, 0.000379362842068, -0.0062131411396, 0.0186317004263, -0.0104426601902, -0.000429394101957, 0.00274446071126, -0.00452760839835, 0.00115596200339, 0.000169084378285], [-0.000505945296027, 0.00307288486511, -0.00137859920505, -0.00093078444479, -2.12150080188e-05, 0.0011060135439, -0.0104426601902, 0.0257988590747, -0.0111994426697, 0.00247615948319, 0.00147949100938, -0.00149472698104, 0.00612302916124], [0.000445733137894, -0.00434931414202, 0.00124432321172, 0.000275726953987, -0.000285128509859, 0.00146402348764, -0.000429394101957, -0.0111994426697, 0.0276659559458, -0.0146619556472, 0.00560778705403, -0.000826773757581, -0.00356104853563], [-0.000415328831878, 0.00568868499249, -0.00329512311146, 0.00124607887119, 0.000378530472517, -0.00494530750439, 0.00274446071126, 0.00247615948319, -0.0146619556472, 0.0332265011966, -0.0142497913912, 0.00632758997381, 0.00044865210657], [9.03420586837e-05, -0.00445237243548, 0.00251932814717, -0.000974885886535, -0.000468097219709, 0.00530454609543, -0.00452760839835, 0.00147949100938, 0.00560778705403, -0.0142497913912, 0.0307531859726, -0.018080022186, 0.00430300831795], [-0.000634688010905, 0.00622788304463, -0.00428267288953, 0.0011446508579, -0.00155078270473, -0.00334298238158, 0.00115596200339, -0.00149472698104, -0.000826773757581, 0.00632758997381, -0.018080022186, 0.0383418984711, -0.0159682184458], [0.000230850389926, -0.00288556632586, 0.00243555521592, 0.0005344186211, -0.00135651638266, 0.000249553238973, 0.000169084378285, 0.00612302916124, -0.00356104853563, 0.00044865210657, 0.00430300831795, -0.0159682184458, 0.0258134938776]]
    },
    "melbands": {
        "dmean": [0.000168579950696, 0.000181080409675, 0.000173125707079, 0.000186201039469, 0.000386000989238, 0.000348342815414, 0.000152151784278, 0.000149386192788, 0.000241584828473, 7.1811475209e-05, 3.56294622179e-05, 3.55638185283e-05, 2.0671326638e-05, 3.23919557559e-05, 1.99168534891e-05, 1.30880607685e-05, 7.09200867277e-06, 7.23916082279e-06, 4.2546930672e-06, 1.03118691186e-05, 9.1807132776e-06, 6.0440524976e-06, 4.43845556219e-06, 2.57177839558e-06, 3.37395090355e-06, 3.45726562045e-06, 1.40417512284e-06, 1.53416317517e-06, 4.73901536679e-07, 4.17063773739e-07, 1.81673016186e-07, 1.9801834128e-07, 1.59296703828e-07, 8.45120240456e-08, 1.12358662818e-07, 3.68596424494e-08, 4.36002558502e-08, 1.45712775179e-08, 2.02004208916e-08, 8.12764344715e-09],
        "dmean2": [0.000239987217356, 0.000270957913017, 0.000281760469079, 0.000285886897473, 0.000531182973646, 0.000539677566849, 0.000243355345447, 0.000207366567338, 0.000272904144367, 9.87786770565e-05, 5.25293471583e-05, 4.76792301924e-05, 3.20760918839e-05, 5.13800259796e-05, 3.19933933497e-05, 2.1711237423e-05, 1.16292385428e-05, 1.21481562019e-05, 7.02082070347e-06, 1.73438966158e-05, 1.56633777806e-05, 1.04552773337e-05, 7.60652892495e-06, 4.3209620344e-06, 5.78477011004e-06, 5.9503954617e-06, 2.3922600576e-06, 2.64807795247e-06, 8.34558022689e-07, 7.179022532e-07, 3.06254889892e-07, 3.2836649666e-07, 2.59968970795e-07, 1.36887379654e-07, 1.89257178818e-07, 6.17178415041e-08, 7.18767765306e-08, 2.3823890416e-08, 3.43819017701e-08, 1.35230973086e-08],
        "dvar": [1.24503841903e-07, 1.1235620434e-07, 8.14868883481e-08, 9.0741004044e-08, 3.46855728139e-07, 4.31855681882e-07, 6.82175880229e-08, 9.48152845126e-08, 2.07442838018e-07, 1.70640532815e-08, 3.95743970927e-09, 5.68080871233e-09, 5.57121904166e-09, 3.65554275739e-09, 1.32824296006e-09, 1.97347560515e-09, 1.58846019671e-10, 1.63304231249e-10, 1.03488960457e-10, 1.53254531288e-09, 3.19046372654e-10, 2.03582789515e-10, 3.48808454342e-10, 3.25786793376e-11, 2.79895800981e-10, 5.97829702409e-11, 1.15658671876e-11, 4.24213511541e-11, 5.42126326469e-12, 1.37515964328e-12, 6.0101403021e-13, 3.36274112939e-13, 1.66640030767e-13, 1.1297671918e-13, 7.59949015609e-14, 1.39850789301e-14, 1.463090513e-14, 1.44008624165e-15, 3.45835632606e-15, 3.28142681349e-16],
        "dvar2": [2.45584743652e-07, 2.39710118421e-07, 2.06417993809e-07, 2.25319453762e-07, 6.82523705109e-07, 1.05270135009e-06, 1.90195592609e-07, 1.86103648048e-07, 2.12280667711e-07, 3.09605390214e-08, 8.12019074203e-09, 6.93100421501e-09, 1.39048799142e-08, 9.61710711067e-09, 3.56287244152e-09, 5.62017365979e-09, 4.59051269219e-10, 4.37223757199e-10, 2.75507588965e-10, 4.19210932634e-09, 8.65612803658e-10, 5.71793057347e-10, 8.98069618671e-10, 8.79749328941e-11, 7.14861780882e-10, 1.67301547616e-10, 3.07540035105e-11, 1.21009591236e-10, 1.57157255959e-11, 4.05499245293e-12, 1.63677090544e-12, 8.53516638876e-13, 3.70601146342e-13, 2.88776245755e-13, 1.86969051894e-13, 4.23203579656e-14, 4.1118790908e-14, 3.73602685518e-15, 9.72633194959e-15, 8.58837992501e-16],
        "max": [0.00960708968341, 0.0147897498682, 0.00647539738566, 0.00630045542493, 0.0194577481598, 0.0189171358943, 0.00482575735077, 0.00878691952676, 0.0171875935048, 0.00365349487402, 0.00176341936458, 0.00353430188261, 0.00195131334476, 0.001046073623, 0.00067713088356, 0.00126328901388, 0.000168797865626, 0.000231748723309, 0.000345054431818, 0.000806509284303, 0.000233360857237, 0.000196593435248, 0.000485357304569, 0.000140537813422, 0.000399856449803, 0.000204483250855, 8.6375977844e-05, 0.000139802723425, 5.43642090634e-05, 2.45628834818e-05, 1.43643774209e-05, 2.01559341804e-05, 1.10328401206e-05, 7.25854124539e-06, 6.07696665611e-06, 3.92763922719e-06, 3.05497110276e-06, 1.12739189717e-06, 1.20911158774e-06, 4.18146157699e-07],
        "mean": [0.000636163167655, 0.000655529962387, 0.000368617998902, 0.000559685577173, 0.00145835860167, 0.000963019614574, 0.000423077814048, 0.000463521078927, 0.000894309196156, 0.000174665561644, 7.88598263171e-05, 8.03955845186e-05, 3.62212158507e-05, 5.50197255507e-05, 3.43717329088e-05, 2.13501807593e-05, 1.26529648696e-05, 1.1891156646e-05, 7.38088874641e-06, 1.53431155923e-05, 1.41012124004e-05, 9.13919393497e-06, 7.2131183515e-06, 4.29256806456e-06, 5.48855996385e-06, 5.87081922276e-06, 2.41223642661e-06, 2.55042823483e-06, 8.26344205507e-07, 7.53516474106e-07, 3.57232664783e-07, 4.14488283695e-07, 3.46675079754e-07, 1.82475602628e-07, 2.31252812455e-07, 8.89597657761e-08, 9.92511672848e-08, 3.81846305686e-08, 4.46444730073e-08, 2.4038204316e-08],
        "median": [0.000311722658807, 0.000413417234086, 0.000201449394808, 0.000335690914653, 0.0008013790939, 0.000455614761449, 0.000179610302439, 0.000225783151109, 0.000240417226451, 8.95229532034e-05, 3.99665113946e-05, 3.24041975546e-05, 1.21357843454e-05, 2.4914928872e-05, 1.67167527252e-05, 9.16423505259e-06, 7.62760600992e-06, 6.31847569821e-06, 3.61724823961e-06, 4.13506813857e-06, 5.36024799658e-06, 2.3043278361e-06, 1.35112895805e-06, 1.73141540927e-06, 8.40286929815e-07, 1.43992690482e-06, 7.26632208625e-07, 6.11721077348e-07, 2.12885836959e-07, 1.64130725011e-07, 6.74767974829e-08, 1.29370050672e-07, 6.67697008794e-08, 4.03836288854e-08, 4.58452795726e-08, 2.62184247646e-08, 1.92015541245e-08, 1.3846641167e-08, 1.20890506494e-08, 9.00203733778e-09],
        "min": [3.30754586417e-24, 1.42629254439e-23, 4.09068476682e-24, 1.33786253854e-24, 7.02164776193e-24, 1.3524725186e-23, 6.80868371651e-24, 1.13877869796e-23, 8.09030895276e-24, 1.11660247685e-23, 5.80927899113e-24, 1.25888363853e-23, 7.67574361441e-24, 4.01492138219e-24, 8.12988847096e-24, 1.01074168211e-23, 8.59450782261e-24, 9.48562245609e-24, 1.00868488507e-23, 7.31411320937e-24, 6.0286213714e-24, 8.63999117582e-24, 5.27863158728e-24, 9.74780432224e-24, 8.58552585234e-24, 7.56886085036e-24, 9.30139582459e-24, 1.19724244183e-23, 8.08260651488e-24, 7.51318225881e-24, 9.74510168478e-24, 6.15133617938e-24, 7.49649942838e-24, 7.19576829637e-24, 7.64956210982e-24, 1.27860460896e-23, 1.02438195491e-23, 6.68686860439e-24, 6.23358557837e-24, 7.64734619954e-24],
        "var": [7.81362018643e-07, 7.75670230269e-07, 2.79979389006e-07, 4.65885335643e-07, 3.8535577005e-06, 2.46071726906e-06, 3.95262929942e-07, 5.28037560343e-07, 4.11145447288e-06, 7.05366218767e-08, 1.72710503676e-08, 3.92803407578e-08, 1.027991825e-08, 6.9715069273e-09, 2.47649634133e-09, 2.32023911195e-09, 2.81040746231e-10, 2.73144840079e-10, 1.5391136976e-10, 2.01965688618e-09, 5.39407574163e-10, 3.17226911406e-10, 7.33820504362e-10, 5.74457183211e-11, 5.07513420178e-10, 1.16244174009e-10, 2.40341340579e-11, 6.62729246481e-11, 7.91793366983e-12, 2.72459897525e-12, 1.56357186313e-12, 1.01865976591e-12, 5.23476227643e-13, 3.82907383101e-13, 2.07802118611e-13, 4.51382163526e-14, 4.54098632069e-14, 4.94898820004e-15, 7.89493829741e-15, 1.52648106117e-15]
    },
    "mfcc": {
        "mean": [-716.836120605, 192.363006592, -5.23841190338, 19.5104255676, -0.518115341663, -8.3203830719, -7.23613357544, -1.70740389824, -5.12013292313, 2.71924901009, 0.57508534193, 1.17800760269, 3.67822098732],
        "cov": [[7476.17480469, -2002.42150879, -1005.43365479, 831.413146973, -215.838806152, 73.213973999, -22.5212612152, 28.5992679596, -294.032836914, -20.9281539917, -121.553733826, 79.6603775024, 159.475494385], [-2002.42150879, 2401.57421875, 4.41506290436, -608.211669922, -10.5990800858, -221.510971069, -15.6136388779, -25.4079456329, 118.481063843, -54.4275970459, 40.9878807068, -80.5697021484, -113.714828491], [-1005.43365479, 4.41506290436, 437.699523926, -17.4569797516, 64.9154891968, 54.2405891418, 1.22238099575, -2.11012578011, 35.4743347168, 25.749420166, 15.5357189178, 14.0632457733, 6.12947845459], [831.413146973, -608.211669922, -17.4569797516, 354.351196289, 17.4329986572, 11.3393754959, -17.2838077545, 2.66763925552, -72.1902542114, -11.3604316711, -18.7430725098, 7.28840494156, 31.4459438324], [-215.838806152, -10.5990800858, 64.9154891968, 17.4329986572, 106.719398499, 53.5538291931, 12.9846992493, 4.41715049744, 12.9385871887, 4.77191352844, -10.4839935303, 5.26011991501, 10.6505117416], [73.213973999, -221.510971069, 54.2405891418, 11.3393754959, 53.5538291931, 129.641937256, 40.7682800293, 8.97552585602, 15.9612846375, 15.7462520599, -11.5159158707, 22.0245056152, 22.9845371246], [-22.5212612152, -15.6136388779, 1.22238099575, -17.2838077545, 12.9846992493, 40.7682800293, 84.4896774292, 35.2917671204, 11.1789665222, 9.45526218414, 3.81479310989, 22.0341796875, 11.3868551254], [28.5992679596, -25.4079456329, -2.11012578011, 2.66763925552, 4.41715049744, 8.97552585602, 35.2917671204, 75.2009963989, 28.2063045502, 6.27747869492, 11.9111919403, 13.7201852798, 4.91242647171], [-294.032836914, 118.481063843, 35.4743347168, -72.1902542114, 12.9385871887, 15.9612846375, 11.1789665222, 28.2063045502, 93.7772140503, 31.0246181488, 7.87231779099, 10.222205162, -7.93407392502], [-20.9281539917, -54.4275970459, 25.749420166, -11.3604316711, 4.77191352844, 15.7462520599, 9.45526218414, 6.27747869492, 31.0246181488, 66.7304992676, 24.2017383575, 9.3562412262, 6.24258804321], [-121.553733826, 40.9878807068, 15.5357189178, -18.7430725098, -10.4839935303, -11.5159158707, 3.81479310989, 11.9111919403, 7.87231779099, 24.2017383575, 70.4338302612, 23.574382782, -9.85417175293], [79.6603775024, -80.5697021484, 14.0632457733, 7.28840494156, 5.26011991501, 22.0245056152, 22.0341796875, 13.7201852798, 10.222205162, 9.3562412262, 23.574382782, 75.5846786499, 33.2773208618], [159.475494385, -113.714828491, 6.12947845459, 31.4459438324, 10.6505117416, 22.9845371246, 11.3868551254, 4.91242647171, -7.93407392502, 6.24258804321, -9.85417175293, 33.2773208618, 69.8313217163]],
