{
"lowlevel": {
    "average_loudness": 0.977010190487,
    "barkbands_crest": {
        "dmean": 2.34134626389,
        "dmean2": 3.94733452797,
        "dvar": 4.38773822784,
        "dvar2": 12.1794128418,
        "max": 20.3892059326,
        "mean": 7.85594844818,
        "median": 7.33589744568,
        "min": 2.46302843094,
        "var": 8.03667163849
    },
    "barkbands_flatness_db": {
        "dmean": 0.0163713432848,
        "dmean2": 0.0264681838453,
        "dvar": 0.000209530466236,
        "dvar2": 0.0005796882906,
        "max": 0.237864002585,
        "mean": 0.13910639286,
        "median": 0.137617483735,
        "min": 0.0648525506258,
        "var": 0.000617790559772
    },
    "barkbands_kurtosis": {
        "dmean": 0.856775820255,
        "dmean2": 1.435770154,
        "dvar": 1.42638206482,
        "dvar2": 3.90089225769,
        "max": 17.232963562,
        "mean": 0.0327241457999,
        "median": -0.338347196579,
        "min": -1.67564737797,
        "var": 1.98843872547
    },
    "barkbands_skewness": {
        "dmean": 0.372885584831,
        "dmean2": 0.611278891563,
        "dvar": 0.113619789481,
        "dvar2": 0.297469884157,
        "max": 4.12914848328,
        "mean": 0.761513054371,
        "median": 0.736587703228,
        "min": -0.820172190666,
        "var": 0.379331886768
    },
    "barkbands_spread": {
        "dmean": 4.50680160522,
        "dmean2": 7.16795492172,
        "dvar": 15.7476158142,
        "dvar2": 38.7384643555,
        "max": 73.9161605835,
        "mean": 28.2964916229,
        "median": 27.5638637543,
        "min": 9.32395935059,
        "var": 57.0052986145
    },
    "dissonance": {
        "dmean": 0.0155082661659,
        "dmean2": 0.026260567829,
        "dvar": 0.000219731693505,
        "dvar2": 0.000574776378926,
        "max": 0.499668508768,
        "mean": 0.47415471077,
        "median": 0.47839987278,
        "min": 0.308793544769,
        "var": 0.000365239946404
    },
    "dynamic_complexity": 1.90863931179,
    "erbbands_crest": {
        "dmean": 2.7230257988,
        "dmean2": 4.5357708931,
        "dvar": 5.90309286118,
        "dvar2": 15.2388496399,
        "max": 31.3941326141,
        "mean": 9.35873794556,
        "median": 8.231757164,
        "min": 2.46304059029,
        "var": 19.943479538
    },
    "erbbands_flatness_db": {
        "dmean": 0.0133494473994,
        "dmean2": 0.02106869407,
        "dvar": 0.000136631351779,
        "dvar2": 0.000314875156619,
        "max": 0.27920088172,
        "mean": 0.181636109948,
        "median": 0.178287416697,
        "min": 0.116939708591,
        "var": 0.000887495290954
    },
    "erbbands_kurtosis": {
        "dmean": 0.730937421322,
        "dmean2": 1.21299993992,
        "dvar": 0.94966840744,
        "dvar2": 2.50540995598,
        "max": 21.9912910461,
        "mean": 0.628663480282,
        "median": 0.118658781052,
        "min": -1.46801269054,
        "var": 2.90689849854
    },
    "erbbands_skewness": {
        "dmean": 0.32159948349,
        "dmean2": 0.518402934074,
        "dvar": 0.0771956220269,
        "dvar2": 0.198252007365,
        "max": 3.31410932541,
        "mean": -0.0780526027083,
        "median": -0.0624016970396,
        "min": -1.91583013535,
        "var": 0.251927793026
    },
    "erbbands_spread": {
        "dmean": 5.57666349411,
        "dmean2": 8.77914810181,
        "dvar": 25.5032234192,
        "dvar2": 58.9091682434,
        "max": 84.6770401001,
        "mean": 30.828502655,
        "median": 30.0774593353,
        "min": 6.29435348511,
        "var": 157.657562256
    },
    "hfc": {
        "dmean": 6.46886587143,
        "dmean2": 9.82083415985,
        "dvar": 48.7278671265,
        "dvar2": 112.311569214,
        "max": 101.003372192,
        "mean": 32.7211532593,
        "median": 32.6822052002,
        "min": 0.000492299848702,
        "var": 243.158325195
    },
    "melbands_crest": {
        "dmean": 3.00522613525,
        "dmean2": 5.02024078369,
        "dvar": 6.51463794708,
        "dvar2": 17.4368400574,
        "max": 25.1659183502,
        "mean": 12.0498638153,
        "median": 11.7206411362,
        "min": 3.78994750977,
        "var": 13.8132295609
    },
    "melbands_flatness_db": {
        "dmean": 0.0217540301383,
        "dmean2": 0.0351407639682,
        "dvar": 0.000391833978938,
        "dvar2": 0.00105413899291,
        "max": 0.29028481245,
        "mean": 0.164572939277,
        "median": 0.164948418736,
        "min": 0.0449720844626,
        "var": 0.00111519254278
    },
    "melbands_kurtosis": {
        "dmean": 2.76677513123,
        "dmean2": 4.55415248871,
        "dvar": 15.3812179565,
        "dvar2": 40.5609207153,
        "max": 62.2925872803,
        "mean": 4.13542127609,
        "median": 2.68305397034,
        "min": -1.41559004784,
        "var": 26.9460887909
    },
    "melbands_skewness": {
        "dmean": 0.547641575336,
        "dmean2": 0.890444755554,
        "dvar": 0.262164533138,
        "dvar2": 0.664382994175,
        "max": 7.21656227112,
        "mean": 1.78574085236,
        "median": 1.69894313812,
        "min": -0.529954195023,
        "var": 0.891375005245
    },
    "melbands_spread": {
        "dmean": 6.97925424576,
        "dmean2": 11.4119825363,
        "dvar": 38.697593689,
        "dvar2": 103.065345764,
        "max": 106.751411438,
        "mean": 32.412776947,
        "median": 32.5702972412,
        "min": 5.17565155029,
        "var": 103.057846069
    },
    "pitch_salience": {
        "dmean": 0.0656016767025,
        "dmean2": 0.110141351819,
        "dvar": 0.00326868775301,
        "dvar2": 0.00868225563318,
        "max": 0.81139165163,
        "mean": 0.539965510368,
        "median": 0.539637088776,
        "min": 0.2075560987,
        "var": 0.00726202502847
    },
    "silence_rate_20dB": {
        "dmean": 0,
        "dmean2": 0,
        "dvar": 0,
        "dvar2": 0,
        "max": 1,
        "mean": 1,
        "median": 1,
        "min": 1,
        "var": 0
    },
    "silence_rate_30dB": {
        "dmean": 0,
        "dmean2": 0,
        "dvar": 0,
        "dvar2": 0,
        "max": 1,
        "mean": 1,
        "median": 1,
        "min": 1,
        "var": 0
    },
    "silence_rate_60dB": {
        "dmean": 0.00464396271855,
        "dmean2": 0.00929511990398,
        "dvar": 0.00462240539491,
        "dvar2": 0.0123070469126,
        "max": 1,
        "mean": 0.0216550659388,
        "median": 0,
        "min": 0,
        "var": 0.0211863871664
    },
    "spectral_centroid": {
        "dmean": 185.135025024,
        "dmean2": 302.102905273,
        "dvar": 25604.0546875,
        "dvar2": 69782.7734375,
        "max": 3219.65112305,
        "mean": 1587.36853027,
        "median": 1568.32861328,
        "min": 632.950500488,
        "var": 106574.945312
    },
    "spectral_complexity": {
        "dmean": 3.67027854919,
        "dmean2": 5.78466320038,
        "dvar": 10.2721185684,
        "dvar2": 23.2750263214,
        "max": 56,
        "mean": 27.9806652069,
        "median": 28,
        "min": 0,
        "var": 58.716381073
    },
    "spectral_decrease": {
        "dmean": 2.37163533257e-09,
        "dmean2": 3.83837805984e-09,
        "dvar": 5.68489512631e-18,
        "dvar2": 1.4396636847e-17,
        "max": -9.03008950167e-14,
        "mean": -9.4954337726e-09,
        "median": -9.31879728938e-09,
        "min": -2.79589524865e-08,
        "var": 1.6463967993e-17
    },
    "spectral_energy": {
        "dmean": 0.00929439067841,
        "dmean2": 0.0149805983528,
        "dvar": 8.54457321111e-05,
        "dvar2": 0.000215494568693,
        "max": 0.108437180519,
        "mean": 0.0388058535755,
        "median": 0.0381720587611,
        "min": 3.85469547837e-07,
        "var": 0.000266069371719
    },
    "spectral_energyband_high": {
        "dmean": 0.000362762162695,
        "dmean2": 0.000521879643202,
        "dvar": 3.53721162583e-07,
        "dvar2": 6.96597112437e-07,
        "max": 0.0106020085514,
        "mean": 0.00108366308268,
        "median": 0.000679967808537,
        "min": 1.65002127517e-08,
        "var": 1.23083680137e-06
    },
    "spectral_energyband_low": {
        "dmean": 0.00684534665197,
        "dmean2": 0.0112637244165,
        "dvar": 7.1287046012e-05,
        "dvar2": 0.000181854207767,
        "max": 0.0882932394743,
        "mean": 0.0136959096417,
        "median": 0.0112810852006,
        "min": 4.22942036948e-08,
        "var": 0.000106600375148
    },
    "spectral_energyband_middle_high": {
        "dmean": 0.00360777066089,
        "dmean2": 0.00579311093315,
        "dvar": 1.8803491912e-05,
        "dvar2": 4.86820463266e-05,
        "max": 0.0649304315448,
        "mean": 0.0138901285827,
        "median": 0.0115255201235,
        "min": 1.16641125203e-07,
        "var": 8.71759039001e-05
    },
    "spectral_energyband_middle_low": {
        "dmean": 0.00386297772638,
        "dmean2": 0.00637463387102,
        "dvar": 1.91349772649e-05,
        "dvar2": 4.95024542033e-05,
        "max": 0.0493747144938,
        "mean": 0.011674166657,
        "median": 0.0103152366355,
        "min": 9.84408572435e-08,
        "var": 4.82269242639e-05
    },
    "spectral_entropy": {
        "dmean": 0.0952411815524,
        "dmean2": 0.13938125968,
        "dvar": 0.00750763667747,
        "dvar2": 0.0168197229505,
        "max": 8.39886569977,
        "mean": 7.71445560455,
        "median": 7.72372531891,
        "min": 6.98277139664,
        "var": 0.0521930120885
    },
    "spectral_flux": {
        "dmean": 0.0203569121659,
        "dmean2": 0.0323814302683,
        "dvar": 0.000338173122145,
        "dvar2": 0.000821986584924,
        "max": 0.231691241264,
        "mean": 0.102739654481,
        "median": 0.0991305410862,
        "min": 0.000834506121464,
        "var": 0.00118002260569
    },
    "spectral_kurtosis": {
        "dmean": 1.20947885513,
        "dmean2": 2.06946778297,
        "dvar": 1.22075176239,
        "dvar2": 3.43051958084,
        "max": 11.8364868164,
        "mean": 3.00408315659,
        "median": 2.7432141304,
        "min": -0.544185876846,
        "var": 2.98205065727
    },
    "spectral_rms": {
        "dmean": 0.000717598421033,
        "dmean2": 0.00115063623525,
        "dvar": 4.18821002768e-07,
        "dvar2": 1.05686899587e-06,
        "max": 0.0102855423465,
        "mean": 0.00597894610837,
        "median": 0.00610254332423,
        "min": 1.93924679479e-05,
        "var": 2.11157976082e-06
    },
    "spectral_rolloff": {
        "dmean": 363.847106934,
        "dmean2": 613.88848877,
        "dvar": 222927.828125,
        "dvar2": 506748.28125,
        "max": 7127.49023438,
        "mean": 1704.72253418,
        "median": 1658.05664062,
        "min": 107.666015625,
        "var": 505615.1875
    },
    "spectral_skewness": {
        "dmean": 0.161569342017,
        "dmean2": 0.26513889432,
        "dvar": 0.018103627488,
        "dvar2": 0.0492607466877,
        "max": 2.34643006325,
        "mean": 1.24334490299,
        "median": 1.21084856987,
        "min": 0.374014943838,
        "var": 0.0820823088288
    },
    "spectral_spread": {
        "dmean": 291305.90625,
        "dmean2": 412866.21875,
        "dvar": 97370079232,
        "dvar2": 151313661952,
        "max": 8606224,
        "mean": 3810943.5,
        "median": 3638833.5,
        "min": 2509497.5,
        "var": 554399956992
    },
    "spectral_strongpeak": {
        "dmean": 1.0360378027,
        "dmean2": 1.82562685013,
        "dvar": 2.49537158012,
        "dvar2": 6.70065164566,
        "max": 10.6698141098,
        "mean": 1.45299935341,
        "median": 0.422976881266,
        "min": 0.00094024091959,
        "var": 4.1315407753
    },
    "zerocrossingrate": {
        "dmean": 0.00661485036835,
        "dmean2": 0.00857952889055,
        "dvar": 4.26946971857e-05,
        "dvar2": 5.48197313037e-05,
        "max": 0.17431640625,
        "mean": 0.061782874167,
        "median": 0.05908203125,
        "min": 0.02734375,
        "var": 0.000291128730169
    },
    "barkbands": {
        "dmean": [0.000202000766876, 0.00482655270025, 0.00326026673429, 0.0016214089701, 0.00154253095388, 0.000839214946609, 0.000581155181862, 0.000492236809805, 0.00132125068922, 0.00152052228805, 0.00144425604958, 0.000880169973243, 0.000527720781974, 0.000954194692895, 0.000647916051093, 0.000645551248454, 0.000285546237137, 0.00022325439204, 0.000137247305247, 0.000146454418427, 0.000117716750538, 8.54835598147e-05, 8.99776932783e-05, 6.91379027558e-05, 1.75745608431e-05, 1.54790082973e-08, 1.41520917207e-09],
        "dmean2": [0.000325582310325, 0.00823419447988, 0.00552466185763, 0.00275240209885, 0.00254814815708, 0.00135466980282, 0.000999227631837, 0.000806964060757, 0.00211039581336, 0.00251944828779, 0.00223183864728, 0.0014951613266, 0.000871183525305, 0.00153748516459, 0.00105393771082, 0.00107454112731, 0.000487321842229, 0.000381747842766, 0.000230663310504, 0.000240223991568, 0.000198131776415, 0.000127853825688, 0.000126647064462, 9.39911260502e-05, 2.59500120592e-05, 2.51997800405e-08, 2.62161048425e-09],
        "dvar": [1.08516061914e-07, 4.41881347797e-05, 1.77389010787e-05, 3.80692586077e-06, 3.23765380017e-06, 1.59395608534e-06, 1.20134120607e-06, 1.26703287151e-06, 7.59982276577e-06, 7.61926048654e-06, 8.00357429398e-06, 4.9453237807e-06, 5.13201143804e-07, 3.42309044754e-06, 1.50146547639e-06, 1.05222295588e-06, 1.92585176251e-07, 1.0184040633e-07, 2.43061890615e-08, 2.99569009599e-08, 2.98171620727e-08, 3.83855436326e-08, 5.52677050791e-08, 2.10622719266e-08, 1.61465829596e-09, 9.8303202787e-16, 7.43089679635e-18],
        "dvar2": [2.54382541698e-07, 0.000123352001538, 4.69641272502e-05, 1.07932528408e-05, 8.60660111357e-06, 3.79972766495e-06, 3.24078655467e-06, 3.34841047334e-06, 2.04605439649e-05, 1.95194152184e-05, 1.76196244865e-05, 1.43619936352e-05, 1.31180343033e-06, 9.07741741685e-06, 4.20539618062e-06, 2.78747620541e-06, 5.58015130991e-07, 2.86904651148e-07, 5.96773901407e-08, 7.68893215763e-08, 7.72782087211e-08, 8.2067565188e-08, 1.06926123067e-07, 3.15421040398e-08, 3.26602189737e-09, 2.07582872603e-15, 2.24106025038e-17],
        "max": [0.00357299763709, 0.0711649209261, 0.0429339446127, 0.0196827612817, 0.0279268156737, 0.0233875699341, 0.0119362240657, 0.0122526669875, 0.0432091280818, 0.0326752215624, 0.0606492459774, 0.0360337682068, 0.00815977528691, 0.0284830797464, 0.0129862269387, 0.0156858153641, 0.0102921770886, 0.00452297041193, 0.00246446463279, 0.0024813329801, 0.00174168462399, 0.00372406467795, 0.00416499050334, 0.00362258264795, 0.000907813024241, 6.15615249444e-07, 5.44667209113e-08],
        "mean": [0.00029089403688, 0.0073552755639, 0.00484757451341, 0.00280844024383, 0.00297203054652, 0.00154004420619, 0.000836798397359, 0.000729558756575, 0.00230525992811, 0.00263324589469, 0.00285348715261, 0.00144442601595, 0.000909335911274, 0.00188012537546, 0.00116424076259, 0.00138058525044, 0.00066998047987, 0.000555766629986, 0.000384019251214, 0.000425341015216, 0.000288204842946, 0.00017076783115, 0.000165592777194, 0.000159939620062, 3.49126894434e-05, 2.58530388209e-08, 1.11823883486e-09],
        "median": [0.000108532578452, 0.0053785610944, 0.00359439849854, 0.00212307367474, 0.00240216031671, 0.000818815780804, 0.000405601487728, 0.000287313043373, 0.000944986415561, 0.00117701175623, 0.00094444147544, 0.000725092540961, 0.000538759108167, 0.000680310011376, 0.000532869773451, 0.000726410013158, 0.00040902607725, 0.000337129138643, 0.000345043838024, 0.000306105677737, 0.000211194783333, 6.14808668615e-05, 5.95793608227e-05, 8.03909060778e-05, 1.9714652808e-05, 1.32861215363e-08, 4.35176505942e-10],
        "min": [9.49019529628e-09, 1.32928281715e-08, 1.75184879936e-08, 1.83834742984e-08, 3.01862534968e-08, 7.40843875136e-09, 7.4806632e-09, 7.10282854754e-09, 1.88592839123e-08, 1.38671021332e-08, 2.71753708425e-09, 7.05657310363e-09, 2.54409222578e-08, 3.36809380386e-09, 6.55763843227e-09, 1.76572108046e-08, 1.23460104362e-08, 6.03515193376e-09, 6.88665124926e-09, 5.57207657792e-09, 6.70672850589e-09, 2.36319763758e-09, 1.45091982873e-09, 2.10613015916e-09, 3.97541582986e-10, 3.88673294938e-12, 5.59817166582e-12],
        "var": [1.81116817544e-07, 5.14354615007e-05, 2.19775120058e-05, 6.49860385238e-06, 5.82509846936e-06, 4.18477929998e-06, 1.83025611022e-06, 1.87339912827e-06, 1.65689998539e-05, 1.5094338778e-05, 2.89851177513e-05, 8.64956564328e-06, 1.16556202556e-06, 1.21157299873e-05, 3.11346434501e-06, 3.00590022562e-06, 7.6960992601e-07, 3.69140394696e-07, 6.51542890751e-08, 1.2050398368e-07, 6.40192112655e-08, 1.0923665883e-07, 1.31447549734e-07, 7.09826508682e-08, 3.8106935385e-09, 2.07618765625e-15, 4.93035337925e-18]
    },
    "erbbands": {
        "dmean": [0.134635210037, 1.17879962921, 3.2586042881, 4.46638441086, 4.78556394577, 6.07388973236, 5.95717048645, 8.31684017181, 9.29821395874, 8.53687477112, 8.83232307434, 34.1246910095, 39.687084198, 42.5414352417, 64.0163726807, 24.8174762726, 22.105802536, 28.7240829468, 55.6768264771, 21.5577907562, 29.0382461548, 15.6874361038, 13.1538181305, 8.21880054474, 4.86912822723, 7.59173345566, 5.8989033699, 3.51060152054, 3.02160573006, 3.15471100807, 2.36907553673, 1.83770525455, 1.00164151192, 0.36501121521, 0.0293991137296, 0.00127979414538, 6.46211483399e-05, 9.28069039219e-06, 5.63921139474e-06, 1.07040923467e-05],
        "dmean2": [0.236054003239, 2.00948166847, 5.50535917282, 7.65351009369, 7.85038995743, 10.2978620529, 9.76582622528, 13.3883228302, 15.7375202179, 14.0870285034, 14.0065736771, 54.3335456848, 66.0444869995, 67.1748657227, 104.732666016, 41.3708572388, 36.7611694336, 45.6194343567, 91.8120269775, 35.5935935974, 47.7964553833, 26.2206325531, 22.3706073761, 13.6654577255, 7.99551439285, 12.3495416641, 9.86879062653, 5.80968666077, 4.56630325317, 4.46923112869, 3.3471698761, 2.57941269875, 1.42701089382, 0.529647707939, 0.0428215116262, 0.00184210040607, 8.88531067176e-05, 1.25772376123e-05, 8.35359514895e-06, 1.69874310814e-05],
        "dvar": [0.0327386856079, 2.88713645935, 16.8856601715, 31.7428245544, 24.9284915924, 65.085144043, 93.1607131958, 146.948303223, 278.204559326, 431.290008545, 318.48916626, 5902.890625, 3881.49731445, 6911.30126953, 19561.9609375, 1838.71569824, 911.357666016, 2253.99023438, 8240.41308594, 950.831176758, 2143.12255859, 587.721984863, 387.380554199, 76.1726455688, 23.3441104889, 92.3349151611, 71.3152770996, 33.2875671387, 42.2778816223, 82.8163146973, 44.7814178467, 19.4993991852, 4.66923189163, 0.622542321682, 0.00497857434675, 9.23788138607e-06, 1.92026536894e-08, 3.35911493066e-10, 4.01668871775e-11, 1.10738911097e-10],
        "dvar2": [0.0977637320757, 7.86062002182, 43.0701179504, 87.3472442627, 64.3513412476, 177.902053833, 227.1534729, 373.998809814, 734.88861084, 1159.71972656, 748.707336426, 15421.8964844, 10106.1220703, 16571.65625, 48233.109375, 5031.62744141, 2418.55273438, 4986.87939453, 22982.8476562, 2543.19946289, 5390.69238281, 1672.8190918, 1097.38220215, 191.710281372, 60.2643852234, 248.619644165, 184.012283325, 86.0190887451, 93.3605499268, 170.606903076, 90.4776611328, 30.3264427185, 8.59634876251, 1.18995606899, 0.00954058486968, 1.74861270352e-05, 3.28303251251e-08, 5.34091715299e-10, 7.95092117145e-11, 2.72432715276e-10],
        "max": [1.25280666351, 18.782327652, 41.9533538818, 54.4898910522, 54.0192985535, 126.512275696, 172.061218262, 141.425827026, 211.044372559, 266.961151123, 255.021530151, 1304.2487793, 784.381164551, 1383.78869629, 2854.37915039, 872.042602539, 344.206115723, 760.268127441, 1060.02636719, 411.839050293, 782.691650391, 562.935241699, 300.438842773, 145.47807312, 65.9315872192, 141.56867981, 113.22088623, 68.7117080688, 108.795440674, 256.427215576, 149.598129272, 105.580406189, 42.440952301, 18.1317672729, 1.54514598846, 0.0666871145368, 0.00312309595756, 0.000369236164261, 0.000104375081719, 0.000121000804938],
        "mean": [0.179940804839, 1.74868965149, 5.20998954773, 7.78728294373, 9.55926990509, 10.4392433167, 10.8840284348, 15.1157417297, 13.697842598, 12.9703197479, 15.4392385483, 58.8406677246, 75.4494018555, 87.0573806763, 117.666023254, 49.07421875, 43.7807121277, 61.509098053, 110.974746704, 50.5981330872, 68.9890823364, 39.9504470825, 34.1766357422, 23.4473209381, 16.2738075256, 21.577747345, 15.3616333008, 8.49069309235, 6.2689781189, 5.58137273788, 4.56835699081, 3.89908027649, 2.24224019051, 0.788421750069, 0.0596996881068, 0.00270224176347, 0.000167465186678, 2.79501582554e-05, 2.63220081251e-05, 4.78412366647e-05],
        "median": [0.108017101884, 1.25911641121, 4.0343170166, 6.10466814041, 7.5702586174, 7.32171916962, 6.73517465591, 8.33898544312, 6.91142272949, 6.247631073, 7.74645996094, 24.0319595337, 44.0470962524, 39.0364570618, 44.2393531799, 30.0377845764, 28.9290771484, 33.3721656799, 54.0391578674, 37.8417854309, 40.3179931641, 24.8733463287, 19.9824047089, 20.3981494904, 14.7467346191, 15.203710556, 10.3510465622, 6.10763025284, 2.52225446701, 1.65971148014, 1.80120432377, 1.80191540718, 1.17558717728, 0.458158046007, 0.0335769988596, 0.00154176948126, 0.000103826103441, 1.88465055544e-05, 2.53549897025e-05, 4.73911350127e-05],
        "min": [2.32128641642e-07, 3.2368200209e-06, 1.79260350706e-05, 4.73562140542e-05, 3.33231546392e-05, 7.68106328906e-05, 9.59710378083e-05, 4.14279093093e-05, 8.49108764669e-05, 0.000117842078907, 0.00019731996872, 0.000515050138347, 0.00068364397157, 0.000250544428127, 0.000164008626598, 0.000341531296726, 0.00121418840718, 0.000354166288162, 0.000163766599144, 0.000579335028306, 0.00104844802991, 0.000726435799152, 0.000447706086561, 0.000376332754968, 0.000302801578073, 0.000319022772601, 0.000310289382469, 0.000197815505089, 9.76990631898e-05, 5.78673898417e-05, 3.50728805643e-05, 2.92050535791e-05, 4.24672398367e-05, 1.05549315776e-05, 6.07622553161e-07, 4.23220569701e-08, 1.05150927965e-08, 3.5210867555e-09, 1.07727371468e-09, 6.12449757575e-10],
        "var": [0.0391596592963, 3.20227384567, 21.6732063293, 44.3021621704, 61.7887535095, 110.440216064, 259.418914795, 355.065826416, 495.860778809, 500.655487061, 609.434387207, 12350.9287109, 8294.00683594, 18234.9746094, 54681.8515625, 4667.96142578, 2116.06640625, 6910.56152344, 24062.34375, 2153.85644531, 8064.34277344, 2525.56665039, 1553.56481934, 227.564239502, 96.1576309204, 364.91305542, 202.138641357, 64.4784393311, 121.779037476, 200.674285889, 95.3087844849, 54.7400894165, 13.0144252777, 1.64288377762, 0.0121067259461, 2.33744904108e-05, 6.02858634124e-08, 1.19698961853e-09, 1.61872043547e-10, 3.84999948588e-10]
    },
    "gfcc": {
        "mean": [27.3145484924, 125.402275085, -157.690643311, 59.3205184937, -61.4991531372, 33.6866798401, -31.3499164581, 3.57772994041, -13.5416574478, -19.4529247284, 0.623388230801, -22.0479354858, 12.3657264709],
        "cov": [[2203.31225586, -134.18309021, 35.5110855103, -64.3906784058, -132.337188721, 56.6107826233, -67.1667327881, 59.987033844, 19.8974437714, 28.0566082001, -19.9762649536, 7.78759479523, 15.7721586227], [-134.18309021, 271.022827148, -47.3378067017, -55.5574264526, 133.472457886, -33.8220558167, 84.0691833496, -25.98960495, 1.5734872818, -19.6176223755, 26.3791351318, -46.3559303284, 31.6123256683], [35.5110855103, -47.3378067017, 136.142684937, 45.383731842, -40.3181152344, 41.1521720886, -31.2812232971, 15.8780412674, 9.91524791718, -1.8056614399, -9.26357936859, 12.5204801559, -23.3883724213], [-64.3906784058, -55.5574264526, 45.383731842, 145.776046753, -8.43912506104, -33.5406990051, -8.98203849792, 6.30414962769, 33.1561279297, 0.910202085972, -0.661252498627, 31.505027771, -5.98401880264], [-132.337188721, 133.472457886, -40.3181152344, -8.43912506104, 160.338256836, 8.20800209045, 49.1639099121, -1.42400848866, -14.0138893127, -8.42162704468, 12.7268667221, -36.7478752136, 23.1150417328], [56.6107826233, -33.8220558167, 41.1521720886, -33.5406990051, 8.20800209045, 134.116867065, 36.1100311279, -25.0006465912, -8.01588726044, 6.22606515884, 3.77671861649, -14.3533735275, -28.4015274048], [-67.1667327881, 84.0691833496, -31.2812232971, -8.98203849792, 49.1639099121, 36.1100311279, 113.733566284, -10.3707895279, 0.0884671583772, -0.971319437027, 21.2129707336, -17.9798240662, 5.57529020309], [59.987033844, -25.98960495, 15.8780412674, 6.30414962769, -1.42400848866, -25.0006465912, -10.3707895279, 90.4837112427, 15.6680746078, -5.86581134796, -15.8798284531, 12.1840581894, 15.5016536713], [19.8974437714, 1.5734872818, 9.91524791718, 33.1561279297, -14.0138893127, -8.01588726044, 0.0884671583772, 15.6680746078, 69.2252120972, 8.44324207306, -3.88499617577, 12.9352369308, -5.3894238472], [28.0566082001, -19.6176223755, -1.8056614399, 0.910202085972, -8.42162704468, 6.22606515884, -0.971319437027, -5.86581134796, 8.44324207306, 56.3968658447, 20.495141983, 0.0637063831091, -2.22293829918], [-19.9762649536, 26.3791351318, -9.26357936859, -0.661252498627, 12.7268667221, 3.77671861649, 21.2129707336, -15.8798284531, -3.88499617577, 20.495141983, 46.6522254944, 13.4780368805, 2.35321640968], [7.78759479523, -46.3559303284, 12.5204801559, 31.505027771, -36.7478752136, -14.3533735275, -17.9798240662, 12.1840581894, 12.9352369308, 0.0637063831091, 13.4780368805, 67.2346572876, 12.2884998322], [15.7721586227, 31.6123256683, -23.3883724213, -5.98401880264, 23.1150417328, -28.4015274048, 5.57529020309, 15.5016536713, -5.3894238472, -2.22293829918, 2.35321640968, 12.2884998322, 47.6705856323]],
        "icov": [[0.000544060021639, -0.000529007811565, 0.000560743152164, -0.000425796053605, 0.00105824123602, -0.00117085408419, 0.00084442977095, -0.000799347180873, 8.07074538898e-05, -0.000163151649758, -0.000252043391811, 0.000544823182281, -0.000783557887189], [-0.000529007811565, 0.0353821888566, -0.0233670193702, 0.0275781024247, -0.0269940756261, 0.0336581096053, -0.0251703448594, 0.0215867441148, -0.0199248436838, 0.011386545375, -0.00865574087948, 0.0040657967329, -0.00456699356437], [0.000560743152164, -0.0233670193702, 0.0295589789748, -0.0245639812201, 0.0211751963943, -0.030442610383, 0.0220897439867, -0.0190398339182, 0.0137592935935, -0.00483467523009, 0.00206515775062, 0.000659185403492, 0.00299018807709], [-0.000425796053605, 0.0275781024247, -0.0245639812201, 0.0340371206403, -0.02455089055, 0.0330625474453, -0.0231624692678, 0.019980436191, -0.0188154876232, 0.0063964179717, -0.00189265864901, -0.00474483380094, 0.00137567764614], [0.00105824123602, -0.0269940756261, 0.0211751963943, -0.02455089055, 0.0324541553855, -0.0299006123096, 0.0196520853788, -0.0191250573844, 0.0152404084802, -0.0045316577889, -0.000831702374853, 0.00706307217479, -0.00504036340863], [-0.00117085408419, 0.0336581096053, -0.030442610383, 0.0330625474453, -0.0299006123096, 0.0487135723233, -0.0318913161755, 0.0255611520261, -0.0180065203458, 0.00650527421385, -0.00151204387657, -0.00278957374394, 0.00528230331838], [0.00084442977095, -0.0251703448594, 0.0220897439867, -0.0231624692678, 0.0196520853788, -0.0318913161755, 0.033738411963, -0.0179454945028, 0.0116971507668, -0.00315823499113, -0.0044141728431, 0.00451056240126, -0.00206719757989], [-0.000799347180873, 0.0215867441148, -0.0190398339182, 0.019980436191, -0.0191250573844, 0.0255611520261, -0.0179454945028, 0.0289574712515, -0.0148619413376, 0.00507722934708, 0.00266976095736, -0.00272905221209, -0.00457073794678], [8.07074538898e-05, -0.0199248436838, 0.0137592935935, -0.0188154876232, 0.0152404084802, -0.0180065203458, 0.0116971507668, -0.0148619413376, 0.0297806411982, -0.0108851343393, 0.00934766232967, -0.00603508716449, 0.00687543209642], [-0.000163151649758, 0.011386545375, -0.00483467523009, 0.0063964179717, -0.0045316577889, 0.00650527421385, -0.00315823499113, 0.00507722934708, -0.0108851343393, 0.0291960127652, -0.0198396798223, 0.0100136259571, -0.00574564095587], [-0.000252043391811, -0.00865574087948, 0.00206515775062, -0.00189265864901, -0.000831702374853, -0.00151204387657, -0.0044141728431, 0.00266976095736, 0.00934766232967, -0.0198396798223, 0.0447682365775, -0.0202573090792, 0.00889315921813], [0.000544823182281, 0.0040657967329, 0.000659185403492, -0.00474483380094, 0.00706307217479, -0.00278957374394, 0.00451056240126, -0.00272905221209, -0.00603508716449, 0.0100136259571, -0.0202573090792, 0.0327301435173, -0.0155280856416], [-0.000783557887189, -0.00456699356437, 0.00299018807709, 0.00137567764614, -0.00504036340863, 0.00528230331838, -0.00206719757989, -0.00457073794678, 0.00687543209642, -0.00574564095587, 0.00889315921813, -0.0155280856416, 0.0372972972691]]
    },
    "melbands": {
        "dmean": [0.00123438215815, 0.00155023485422, 0.000741266994737, 0.000361454120139, 0.000216395957978, 0.000177997644641, 0.00013042538194, 0.000102555306512, 7.30966567062e-05, 0.000231562778936, 0.000209980586078, 0.000189420563402, 0.000185456927284, 0.000122949597426, 5.58793544769e-05, 6.00276107434e-05, 6.26182009e-05, 0.000108146523417, 3.47528221027e-05, 4.83161093143e-05, 3.18744132528e-05, 2.11093392863e-05, 1.06974785012e-05, 1.21646098705e-05, 7.44408589526e-06, 4.7782295951e-06, 4.13088127971e-06, 6.14895543549e-06, 4.34518551629e-06, 2.78109109786e-06, 2.05804030884e-06, 1.72662839759e-06, 1.88274873381e-06, 1.7800259684e-06, 1.34038191391e-06, 1.53312441853e-06, 1.09090649403e-06, 8.1409325503e-07, 5.39193763416e-07, 2.62230230419e-07],
        "dmean2": [0.00212538777851, 0.00257877050899, 0.00124617433175, 0.000599416147452, 0.000354047399014, 0.000286717957351, 0.000223100025323, 0.000167953388882, 0.000115265145723, 0.000368764915038, 0.000349327572621, 0.000299243285554, 0.000294247380225, 0.000205854055821, 9.47856678977e-05, 9.93873545667e-05, 9.85484657576e-05, 0.000178016227437, 5.69856747461e-05, 8.09288976598e-05, 5.18149172422e-05, 3.52588140231e-05, 1.78892460099e-05, 2.01889706659e-05, 1.25014221339e-05, 7.92514856585e-06, 6.94797427059e-06, 9.98823907139e-06, 7.21137803339e-06, 4.65261518912e-06, 3.45336752616e-06, 2.72442889582e-06, 2.83789904643e-06, 2.58418162957e-06, 1.93622508959e-06, 2.1997445856e-06, 1.53098847022e-06, 1.19130027088e-06, 7.88747058778e-07, 3.92962050455e-07],
        "dvar": [2.80150584331e-06, 3.98186921302e-06, 7.93992853687e-07, 1.77810974833e-07, 9.22458056607e-08, 6.49222400284e-08, 5.62275488392e-08, 6.0464373064e-08, 2.10175983284e-08, 2.67862645842e-07, 1.16962119989e-07, 1.21870357361e-07, 1.39266319366e-07, 9.53178158625e-08, 7.51744710925e-09, 7.52467421705e-09, 1.27030226338e-08, 3.52048239449e-08, 5.63630564443e-09, 7.25463289442e-09, 2.85841861292e-09, 1.17816634226e-09, 2.42714681686e-10, 3.56001728097e-10, 6.56515744546e-11, 2.88528975018e-11, 1.93007068661e-11, 7.24688017928e-11, 3.63056459896e-11, 1.6246535367e-11, 1.29253526285e-11, 1.36274724144e-11, 2.73820011804e-11, 2.53160600122e-11, 1.19879653079e-11, 2.06985938805e-11, 6.47275852708e-12, 3.4501477196e-12, 1.11070668721e-12, 3.86491972324e-13],
        "dvar2": [7.94742754806e-06, 1.00433162515e-05, 2.18318746192e-06, 4.8307117595e-07, 2.32251224475e-07, 1.64244823964e-07, 1.50574408053e-07, 1.62462782782e-07, 4.67854839314e-08, 7.07284868895e-07, 3.03230109466e-07, 2.95530185213e-07, 3.28697808527e-07, 2.6150118515e-07, 2.03612717797e-08, 1.91022255791e-08, 2.80652585616e-08, 9.82197150279e-08, 1.65797615637e-08, 1.92930276199e-08, 6.95869761813e-09, 3.29857496872e-09, 6.66364630142e-10, 9.3505347909e-10, 1.61291785483e-10, 7.34064822816e-11, 5.3401134209e-11, 1.92725141401e-10, 9.30361135354e-11, 4.26142211796e-11, 3.37583086485e-11, 3.08396641557e-11, 5.52566187251e-11, 5.27934744532e-11, 2.44763445623e-11, 4.20046428196e-11, 1.06644042555e-11, 6.66411544004e-12, 2.37238874379e-12, 7.8776736653e-13],
        "max": [0.0161225330085, 0.0195589344949, 0.008430368267, 0.00438252324238, 0.00475067365915, 0.00309535185806, 0.00274327700026, 0.00295291026123, 0.00248434720561, 0.00850180722773, 0.00436808075756, 0.00584852695465, 0.0085208369419, 0.00517763663083, 0.00140805251431, 0.00111416482832, 0.00180706859101, 0.00252732308581, 0.00115532614291, 0.00144396151882, 0.000967619766016, 0.00081523868721, 0.000300250481814, 0.000299901235849, 0.000149383209646, 8.68850038387e-05, 6.04603701504e-05, 0.000128289626446, 8.79084182088e-05, 4.67139579996e-05, 4.69501173939e-05, 5.35309118277e-05, 0.000130516127683, 0.000137982642627, 7.84729636507e-05, 9.3437221949e-05, 6.96818024153e-05, 3.6209148675e-05, 2.27377222473e-05, 1.3009009308e-05],
        "mean": [0.00183100218419, 0.00270892796107, 0.00149744120426, 0.000691684137564, 0.000419670686824, 0.000325745641021, 0.000189757047337, 0.000150221821968, 0.000120941731439, 0.000393425056245, 0.000384389742976, 0.000358100282028, 0.000358412507921, 0.000219852954615, 9.44462080952e-05, 0.000101838704722, 0.00012065788178, 0.000211174847209, 6.58147982904e-05, 9.5278621302e-05, 7.17665825505e-05, 4.51472951681e-05, 2.63453857769e-05, 2.85705846181e-05, 1.8114960767e-05, 1.31444130602e-05, 1.09289167085e-05, 1.55523503054e-05, 1.03956344901e-05, 6.33151103102e-06, 4.2947399379e-06, 3.48243293047e-06, 3.304888196e-06, 2.99707744489e-06, 2.48241099143e-06, 2.7163678169e-06, 2.26917950386e-06, 1.66946506397e-06, 1.12156726573e-06, 5.11004486725e-07],
        "median": [0.00127280398738, 0.00222430122085, 0.00121021806262, 0.000563129258808, 0.000280491221929, 0.000181143506779, 9.67201340245e-05, 6.37511475361e-05, 6.01233332418e-05, 0.000147403319716, 0.000211373306229, 0.000156349356985, 0.000135899492307, 9.27563087316e-05, 5.42374364159e-05, 5.41014996998e-05, 5.06774667883e-05, 9.10053640837e-05, 3.53667091986e-05, 4.76436835015e-05, 4.02585610573e-05, 2.62821558863e-05, 1.66119934875e-05, 1.62243541126e-05, 1.55028228619e-05, 1.16816054287e-05, 9.0603289209e-06, 9.9208946267e-06, 6.41850874672e-06, 4.95198128192e-06, 2.89004265142e-06, 1.42004330428e-06, 1.00677618775e-06, 8.68164875101e-07, 9.75124862634e-07, 1.06671473077e-06, 1.05848289422e-06, 8.3095210357e-07, 6.39373922695e-07, 2.84052219968e-07],
        "min": [3.36853878125e-09, 7.99926613837e-09, 1.07883995071e-08, 3.97226163074e-09, 3.20922111108e-09, 1.04499320308e-09, 1.44690759374e-09, 1.31429278571e-09, 1.69862279797e-09, 3.11913561646e-09, 3.13794723539e-09, 9.77113279177e-10, 4.13778206143e-10, 6.16989737079e-10, 2.10988271299e-09, 2.23183294068e-09, 4.7932952052e-10, 1.32014565946e-10, 4.86719664572e-10, 8.76287098439e-10, 1.18675591576e-09, 7.03719971185e-10, 7.42916894669e-10, 3.07735337213e-10, 2.50446247074e-10, 1.80207654354e-10, 2.53161519526e-10, 1.96270652508e-10, 1.94417384969e-10, 1.65735328239e-10, 9.16498682502e-11, 5.8419789839e-11, 3.44744788272e-11, 3.38449858417e-11, 2.13967125268e-11, 1.43171681108e-11, 1.80097690233e-11, 3.35936452267e-11, 1.60931962201e-11, 5.58916888466e-12],
        "var": [3.3662390706e-06, 5.28488271812e-06, 1.32657396534e-06, 2.97715587294e-07, 2.50123832757e-07, 1.53905403977e-07, 9.14200413149e-08, 7.58484617336e-08, 4.05421012317e-08, 5.76487877879e-07, 2.5036879947e-07, 3.0179498367e-07, 4.55779996855e-07, 2.08748474506e-07, 1.6996509089e-08, 1.87491409065e-08, 3.93555517064e-08, 1.09788238944e-07, 9.06402775058e-09, 1.68305120951e-08, 1.09200986032e-08, 4.35049996028e-09, 8.62412974367e-10, 1.27576371689e-09, 1.68668176648e-10, 8.17323153601e-11, 6.017380344e-11, 2.52836807046e-10, 1.10421949362e-10, 2.97266551652e-11, 2.30719141708e-11, 3.5116541619e-11, 7.11244049767e-11, 5.78107423044e-11, 2.61450635447e-11, 3.91657574428e-11, 1.82628460965e-11, 8.25860994175e-12, 2.67176016554e-12, 8.92404639768e-13]
    },
    "mfcc": {
        "mean": [-586.980102539, 118.22555542, -12.8803348541, 18.9946098328, 10.3319263458, 12.2134151459, 10.9304742813, 8.82261943817, 4.83417606354, 5.71678686142, -10.3320426941, -1.48594081402, -5.95355081558],
        "cov": [[2087.58666992, -93.8754196167, 66.4801177979, -100.539863586, -51.2763442993, -44.1579627991, -76.9895477295, 1.33107507229, 16.4045524597, 30.7589454651, -42.4016647339, 16.4507961273, 35.969909668], [-93.8754196167, 337.693115234, -137.242370605, -4.16196632385, 26.5440483093, 2.74092698097, 96.0387496948, -12.4639568329, 18.7942142487, 23.4078731537, -15.382267952, -22.6642398834, -15.4881706238], [66.4801177979, -137.242370605, 204.901657104, -27.3298034668, -11.5687303543, 18.6426544189, -57.3056564331, 26.8126964569, -20.8927536011, 1.25827884674, 27.1103782654, 0.692696154118, 5.60201740265], [-100.539863586, -4.16196632385, -27.3298034668, 161.953964233, 18.9209346771, -34.1073722839, -18.8176994324, -1.10166168213, 23.0085277557, -24.7402935028, -8.53562068939, 41.2622146606, -0.523804366589], [-51.2763442993, 26.5440483093, -11.5687303543, 18.9209346771, 93.7083282471, -10.5585193634, 4.8535027504, 3.65641713142, 13.8322372437, 0.786515653133, -13.458530426, 6.20402622223, -2.2274081707], [-44.1579627991, 2.74092698097, 18.6426544189, -34.1073722839, -10.5585193634, 134.327819824, 37.0040435791, 4.86408758163, -29.8791942596, 28.4050521851, 38.2182769775, -39.3797836304, -2.92078065872], [-76.9895477295, 96.0387496948, -57.3056564331, -18.8176994324, 4.8535027504, 37.0040435791, 127.760124207, 0.157783046365, -2.19448661804, 21.6164531708, -3.89054679871, -20.9994087219, -10.623208046], [1.33107507229, -12.4639568329, 26.8126964569, -1.10166168213, 3.65641713142, 4.86408758163, 0.157783046365, 71.5318756104, 20.8271427155, -5.05909252167, -6.07012605667, 8.39334106445, 15.8802309036], [16.4045524597, 18.7942142487, -20.8927536011, 23.0085277557, 13.8322372437, -29.8791942596, -2.19448661804, 20.8271427155, 65.8197402954, 2.34702396393, -14.0062599182, 14.8952674866, 7.954662323], [30.7589454651, 23.4078731537, 1.25827884674, -24.7402935028, 0.786515653133, 28.4050521851, 21.6164531708, -5.05909252167, 2.34702396393, 68.5293655396, 21.1674404144, -22.0203227997, -19.6390647888], [-42.4016647339, -15.382267952, 27.1103782654, -8.53562068939, -13.458530426, 38.2182769775, -3.89054679871, -6.07012605667, -14.0062599182, 21.1674404144, 70.7886276245, -8.20856761932, -7.88989257812], [16.4507961273, -22.6642398834, 0.692696154118, 41.2622146606, 6.20402622223, -39.3797836304, -20.9994087219, 8.39334106445, 14.8952674866, -22.0203227997, -8.20856761932, 67.0140838623, 27.5089092255], [35.969909668, -15.4881706238, 5.60201740265, -0.523804366589, -2.2274081707, -2.92078065872, -10.623208046, 15.8802309036, 7.954662323, -19.6390647888, -7.88989257812, 27.5089092255, 59.4108276367]],
