{
"lowlevel": {
    "average_loudness": 0.972139418125,
    "barkbands_crest": {
        "dmean": 2.35426092148,
        "dmean2": 3.71982002258,
        "dvar": 6.66476631165,
        "dvar2": 15.0091094971,
        "max": 24.4397830963,
        "mean": 9.65294837952,
        "median": 9.04421138763,
        "min": 2.93633270264,
        "var": 12.9587574005
    },
    "barkbands_flatness_db": {
        "dmean": 0.0200246274471,
        "dmean2": 0.030599238351,
        "dvar": 0.000470412167488,
        "dvar2": 0.00112954096403,
        "max": 0.293346971273,
        "mean": 0.140870526433,
        "median": 0.139467105269,
        "min": 0.0375209823251,
        "var": 0.00142774882261
    },
    "barkbands_kurtosis": {
        "dmean": 2.23834180832,
        "dmean2": 3.54945969582,
        "dvar": 22.5438632965,
        "dvar2": 55.8685302734,
        "max": 61.1403121948,
        "mean": 3.07031750679,
        "median": 1.85267400742,
        "min": -1.66462755203,
        "var": 24.1165294647
    },
    "barkbands_skewness": {
        "dmean": 0.453892707825,
        "dmean2": 0.686653375626,
        "dvar": 0.370101958513,
        "dvar2": 0.834286749363,
        "max": 7.36378145218,
        "mean": 1.50223970413,
        "median": 1.38956844807,
        "min": -0.862829625607,
        "var": 0.788577675819
    },
    "barkbands_spread": {
        "dmean": 4.61268663406,
        "dmean2": 7.04646253586,
        "dvar": 30.2504558563,
        "dvar2": 68.4490432739,
        "max": 79.5121154785,
        "mean": 20.7193813324,
        "median": 18.824508667,
        "min": 3.23305892944,
        "var": 98.0184936523
    },
    "dissonance": {
        "dmean": 0.017435727641,
        "dmean2": 0.0289950761944,
        "dvar": 0.000253639795119,
        "dvar2": 0.000720219570212,
        "max": 0.499951660633,
        "mean": 0.462606787682,
        "median": 0.46729683876,
        "min": 0.346121788025,
        "var": 0.000585286761634
    },
    "dynamic_complexity": 3.03060626984,
    "erbbands_crest": {
        "dmean": 2.41559076309,
        "dmean2": 3.78300571442,
        "dvar": 5.87246751785,
        "dvar2": 13.563583374,
        "max": 27.8526592255,
        "mean": 8.89831924438,
        "median": 7.68646097183,
        "min": 2.64713001251,
        "var": 19.3454608917
    },
    "erbbands_flatness_db": {
        "dmean": 0.0154540445656,
        "dmean2": 0.0216071400791,
        "dvar": 0.000278345105471,
        "dvar2": 0.000575144367758,
        "max": 0.241622015834,
        "mean": 0.156693667173,
        "median": 0.158731147647,
        "min": 0.0553424730897,
        "var": 0.00104460690636
    },
    "erbbands_kurtosis": {
        "dmean": 0.538900792599,
        "dmean2": 0.798449635506,
        "dvar": 0.475167512894,
        "dvar2": 1.01378798485,
        "max": 9.38171958923,
        "mean": -0.00176029512659,
        "median": -0.438913822174,
        "min": -1.50772237778,
        "var": 1.78408300877
    },
    "erbbands_skewness": {
        "dmean": 0.267963856459,
        "dmean2": 0.412733525038,
        "dvar": 0.0548003390431,
        "dvar2": 0.127684131265,
        "max": 2.0620906353,
        "mean": 0.43110319972,
        "median": 0.414971888065,
        "min": -1.1948839426,
        "var": 0.24205969274
    },
    "erbbands_spread": {
        "dmean": 6.64376020432,
        "dmean2": 9.58172035217,
        "dvar": 48.9432029724,
        "dvar2": 100.455993652,
        "max": 98.8464126587,
        "mean": 38.3446044922,
        "median": 36.8258743286,
        "min": 8.04120159149,
        "var": 207.069091797
    },
    "hfc": {
        "dmean": 4.80757665634,
        "dmean2": 7.15563726425,
        "dvar": 46.1053695679,
        "dvar2": 106.802368164,
        "max": 91.0062332153,
        "mean": 21.536939621,
        "median": 18.9157238007,
        "min": 4.21179356636e-06,
        "var": 188.882995605
    },
    "melbands_crest": {
        "dmean": 2.97338271141,
        "dmean2": 4.65559720993,
        "dvar": 10.8660316467,
        "dvar2": 24.6201038361,
        "max": 32.3237991333,
        "mean": 14.4573783875,
        "median": 13.8490095139,
        "min": 5.02256011963,
        "var": 28.8564472198
    },
    "melbands_flatness_db": {
        "dmean": 0.0224002767354,
        "dmean2": 0.0336800925434,
        "dvar": 0.000681076955516,
        "dvar2": 0.00158102414571,
        "max": 0.3705727458,
        "mean": 0.193958669901,
        "median": 0.190210580826,
        "min": 0.0662517771125,
        "var": 0.00228839390911
    },
    "melbands_kurtosis": {
        "dmean": 5.93735694885,
        "dmean2": 9.2882566452,
        "dvar": 162.230422974,
        "dvar2": 402.192779541,
        "max": 156.702438354,
        "mean": 10.6034593582,
        "median": 7.03402423859,
        "min": -1.41695833206,
        "var": 176.83454895
    },
    "melbands_skewness": {
        "dmean": 0.656771123409,
        "dmean2": 0.972636401653,
        "dvar": 0.79941701889,
        "dvar2": 1.78539097309,
        "max": 10.9585800171,
        "mean": 2.46334028244,
        "median": 2.27095270157,
        "min": -0.164129018784,
        "var": 1.80862987041
    },
    "melbands_spread": {
        "dmean": 4.97735548019,
        "dmean2": 7.59463214874,
        "dvar": 36.1460762024,
        "dvar2": 80.6089096069,
        "max": 92.8262863159,
        "mean": 20.6071491241,
        "median": 18.9249019623,
        "min": 1.941421628,
        "var": 107.894866943
    },
    "pitch_salience": {
        "dmean": 0.0687875971198,
        "dmean2": 0.110023625195,
        "dvar": 0.00522602070123,
        "dvar2": 0.0125790145248,
        "max": 0.820488989353,
        "mean": 0.534552812576,
        "median": 0.538787722588,
        "min": 0.109512373805,
        "var": 0.0102185402066
    },
    "silence_rate_20dB": {
        "dmean": 0,
        "dmean2": 0,
        "dvar": 0,
        "dvar2": 0,
        "max": 1,
        "mean": 1,
        "median": 1,
        "min": 1,
        "var": 0
    },
    "silence_rate_30dB": {
        "dmean": 0.0294117648154,
        "dmean2": 0.0588690936565,
        "dvar": 0.0285471696407,
        "dvar2": 0.0755417197943,
        "max": 1,
        "mean": 0.980665147305,
        "median": 1,
        "min": 0,
        "var": 0.0189610477537
    },
    "silence_rate_60dB": {
        "dmean": 0.00773993786424,
        "dmean2": 0.0154918665066,
        "dvar": 0.00767997931689,
        "dvar2": 0.0198993012309,
        "max": 1,
        "mean": 0.0657385960221,
        "median": 0,
        "min": 0,
        "var": 0.061417452991
    },
    "spectral_centroid": {
        "dmean": 209.781585693,
        "dmean2": 325.122772217,
        "dvar": 49758.5351562,
        "dvar2": 124201.367188,
        "max": 3381.02758789,
        "mean": 1275.47509766,
        "median": 1223.83544922,
        "min": 473.519195557,
        "var": 181820.21875
    },
    "spectral_complexity": {
        "dmean": 3.44891643524,
        "dmean2": 5.47482585907,
        "dvar": 13.2922763824,
        "dvar2": 27.1602325439,
        "max": 51,
        "mean": 22.0750198364,
        "median": 22,
        "min": 0,
        "var": 78.14818573
    },
    "spectral_decrease": {
        "dmean": 2.92667556856e-09,
        "dmean2": 4.61443283584e-09,
        "dvar": 2.94900046153e-17,
        "dvar2": 6.8436615926e-17,
        "max": -2.01243212158e-15,
        "mean": -8.72786465322e-09,
        "median": -7.76218112009e-09,
        "min": -4.93143588187e-08,
        "var": 4.16168826769e-17
    },
    "spectral_energy": {
        "dmean": 0.0113095724955,
        "dmean2": 0.0177875440568,
        "dvar": 0.000429723848356,
        "dvar2": 0.00099614309147,
        "max": 0.189862295985,
        "mean": 0.0348944626749,
        "median": 0.0314362421632,
        "min": 7.97741162017e-09,
        "var": 0.000626590393949
    },
    "spectral_energyband_high": {
        "dmean": 0.000320967723383,
        "dmean2": 0.000496349821333,
        "dvar": 3.87225867371e-07,
        "dvar2": 8.58929809056e-07,
        "max": 0.00844953488559,
        "mean": 0.00079282320803,
        "median": 0.000416773138568,
        "min": 5.83746800897e-11,
        "var": 1.09192842501e-06
    },
    "spectral_energyband_low": {
        "dmean": 0.00680708233267,
        "dmean2": 0.0106922835112,
        "dvar": 0.000294177996693,
        "dvar2": 0.000616191828158,
        "max": 0.172041028738,
        "mean": 0.0136917214841,
        "median": 0.00924467854202,
        "min": 2.629126028e-09,
        "var": 0.000374415860279
    },
    "spectral_energyband_middle_high": {
        "dmean": 0.00177327799611,
        "dmean2": 0.00259282207116,
        "dvar": 6.4471528276e-06,
        "dvar2": 1.3751176084e-05,
        "max": 0.0343925468624,
        "mean": 0.00616844324395,
        "median": 0.00420500896871,
        "min": 8.25713386554e-10,
        "var": 3.36377706844e-05
    },
    "spectral_energyband_middle_low": {
        "dmean": 0.00602719606832,
        "dmean2": 0.00970912072808,
        "dvar": 0.000194786232896,
        "dvar2": 0.000517416163348,
        "max": 0.129955902696,
        "mean": 0.0150832980871,
        "median": 0.0119521627203,
        "min": 2.56133958487e-09,
        "var": 0.000213407474803
    },
    "spectral_entropy": {
        "dmean": 0.112324260175,
        "dmean2": 0.16447083652,
        "dvar": 0.0138758709654,
        "dvar2": 0.031512118876,
        "max": 8.51172065735,
        "mean": 7.63603210449,
        "median": 7.6206202507,
        "min": 6.94961690903,
        "var": 0.066357716918
    },
    "spectral_flux": {
        "dmean": 0.0261711832136,
        "dmean2": 0.0422996282578,
        "dvar": 0.00146832177415,
        "dvar2": 0.00321302749217,
        "max": 0.367566794157,
        "mean": 0.0829364433885,
        "median": 0.0689354687929,
        "min": 8.93163596629e-05,
        "var": 0.00315578770824
    },
    "spectral_kurtosis": {
        "dmean": 1.2309024334,
        "dmean2": 2.13523054123,
        "dvar": 1.54183351994,
        "dvar2": 4.56667232513,
        "max": 15.3278656006,
        "mean": 3.63106060028,
        "median": 3.38505220413,
        "min": -0.214204311371,
        "var": 3.13400411606
    },
    "spectral_rms": {
        "dmean": 0.000801431422587,
        "dmean2": 0.00121820589993,
        "dvar": 1.39832729928e-06,
        "dvar2": 3.08698508888e-06,
        "max": 0.0136099783704,
        "mean": 0.00545860780403,
        "median": 0.00553800538182,
        "min": 2.78977427115e-06,
        "var": 4.24705285695e-06
    },
    "spectral_rolloff": {
        "dmean": 339.263824463,
        "dmean2": 558.045349121,
        "dvar": 322555.78125,
        "dvar2": 724113.6875,
        "max": 7127.49023438,
        "mean": 1110.11816406,
        "median": 882.861328125,
        "min": 64.599609375,
        "var": 780167
    },
    "spectral_skewness": {
        "dmean": 0.170492127538,
        "dmean2": 0.283535212278,
        "dvar": 0.0237820930779,
        "dvar2": 0.0611936599016,
        "max": 2.61214280128,
        "mean": 1.36428785324,
        "median": 1.35569882393,
        "min": 0.477859705687,
        "var": 0.0853479877114
    },
    "spectral_spread": {
        "dmean": 392993.3125,
        "dmean2": 573292.75,
        "dvar": 302423179264,
        "dvar2": 639898157056,
        "max": 9940390,
        "mean": 4175041.25,
        "median": 4073530.25,
        "min": 2333234,
        "var": 1.11898027622e+12
    },
    "spectral_strongpeak": {
        "dmean": 0.520891010761,
        "dmean2": 0.874713480473,
        "dvar": 0.842134177685,
        "dvar2": 1.97382509708,
        "max": 8.213722229,
        "mean": 1.06037700176,
        "median": 0.499872177839,
        "min": 2.92385175271e-05,
        "var": 1.71091103554
    },
    "zerocrossingrate": {
        "dmean": 0.00799843948334,
        "dmean2": 0.00951032713056,
        "dvar": 7.67734381952e-05,
        "dvar2": 9.12387986318e-05,
        "max": 0.19970703125,
        "mean": 0.0503462143242,
        "median": 0.046875,
        "min": 0.01171875,
        "var": 0.000506621669047
    },
    "barkbands": {
        "dmean": [0.000407264975365, 0.00552528304979, 0.00160156539641, 0.00165985408239, 0.0029274825938, 0.00119948748033, 0.00133623671718, 0.000565551046748, 0.00103142135777, 0.000927110551856, 0.00022044563957, 0.000202311057365, 0.000636861543171, 0.000352231611032, 0.000311457464704, 0.000203947536647, 0.00010765868501, 0.000132305271109, 0.000136685703183, 0.000145982587128, 9.9827098893e-05, 8.99169317563e-05, 6.00749408477e-05, 3.9742775698e-05, 2.95101926895e-05, 1.87744226423e-05, 1.01813282072e-06],
        "dmean2": [0.000643940700684, 0.00880515016615, 0.00269636861049, 0.00279540778138, 0.00496476516128, 0.00181092286948, 0.00200579594821, 0.000849640637171, 0.00151701294817, 0.00123924273066, 0.000346566492226, 0.000321451487252, 0.00093573454069, 0.000572592951357, 0.00050763838226, 0.000336792290909, 0.000181116105523, 0.000218929635594, 0.000223881273996, 0.000240102323005, 0.000161987278261, 0.000143361481605, 9.28340668906e-05, 5.87957911193e-05, 4.19775496994e-05, 3.14923890983e-05, 1.7729537376e-06],
        "dvar": [1.80962990726e-06, 0.00025438866578, 1.24100979519e-05, 2.93914108624e-05, 7.4778094131e-05, 3.57275666829e-06, 5.10676909471e-06, 1.22532958358e-06, 2.95729660138e-06, 3.93107529817e-06, 4.98774852531e-07, 3.68689455854e-07, 2.49075878855e-06, 7.87929877788e-07, 4.98030260587e-07, 2.39017367676e-07, 3.56664244805e-08, 4.3638635816e-08, 2.92212902764e-08, 4.50064732149e-08, 3.68730006528e-08, 4.09884073349e-08, 1.4992185271e-08, 6.68574751117e-09, 4.41506076143e-09, 6.35266061977e-09, 1.73453335028e-11],
        "dvar2": [4.02878094974e-06, 0.000551608623937, 3.43338324456e-05, 7.52003979869e-05, 0.000207853750908, 8.6610116341e-06, 1.16494729809e-05, 2.59247121903e-06, 6.83240477883e-06, 7.37468917578e-06, 1.15713407922e-06, 9.5186260296e-07, 5.03820774611e-06, 1.90698472124e-06, 1.12517750495e-06, 5.09572714691e-07, 9.82282486461e-08, 1.15823937108e-07, 7.40547676514e-08, 1.19562045597e-07, 9.85295400824e-08, 9.57771248977e-08, 3.20333661818e-08, 1.32771615924e-08, 9.97969706873e-09, 1.75599694785e-08, 4.45579892427e-11],
        "max": [0.0140081588179, 0.154853954911, 0.037748452276, 0.0515839830041, 0.078566044569, 0.0251981299371, 0.0326089411974, 0.0217888895422, 0.0287839714438, 0.0311460755765, 0.0206726230681, 0.0114587051794, 0.0242986809462, 0.0187308080494, 0.014013260603, 0.010736794211, 0.00295363599434, 0.0032421767246, 0.00247820699587, 0.00309436488897, 0.00278125749901, 0.00350982113741, 0.00173529901076, 0.00177035317756, 0.00105151219759, 0.00169573235326, 6.74904222251e-05],
        "mean": [0.000428622035543, 0.00857567135245, 0.00406249193475, 0.00166620663367, 0.00399087183177, 0.00272426870652, 0.00292790681124, 0.00115564861335, 0.00218136818148, 0.00199007196352, 0.00038722975296, 0.00030238184263, 0.00118170818314, 0.000601131119765, 0.000513042323291, 0.000383682228858, 0.000229315046454, 0.000293141551083, 0.000316820893204, 0.000332019757479, 0.000198566485778, 0.000172912026756, 0.000122845813166, 8.26570540085e-05, 5.32873491466e-05, 1.98176840058e-05, 8.04212902494e-07],
        "median": [3.15094403049e-05, 0.00379355996847, 0.00208097137511, 0.000480692047859, 0.00212010601535, 0.00173532636836, 0.00160507415421, 0.000536915205885, 0.00133789039683, 0.000576860853471, 0.000162691110745, 7.88985198596e-05, 0.000221882015467, 0.000363706814824, 0.00032408212428, 0.000259733089479, 0.000162829921464, 0.000223969997023, 0.000253544101724, 0.000215940381167, 9.83830832411e-05, 6.98423027643e-05, 5.51033626834e-05, 3.18412458e-05, 1.90523569472e-05, 3.31583714797e-06, 3.28497962165e-09],
        "min": [1.27719654297e-10, 1.62557056704e-09, 7.17580550536e-10, 2.31013597141e-10, 2.42363129566e-10, 1.50949835964e-10, 1.53575707706e-10, 2.24259139037e-10, 1.31713182028e-10, 4.51824411218e-11, 2.80903598993e-11, 1.78435287379e-11, 1.75360299198e-11, 9.82040837538e-11, 1.56634316628e-10, 1.15978684989e-10, 3.32762532806e-11, 8.60290588767e-11, 5.67292567089e-11, 5.58622176294e-11, 1.52992809394e-11, 4.96303649219e-12, 6.32911691806e-12, 4.56725022385e-12, 4.35586722941e-12, 7.04757866649e-12, 9.25343048713e-12],
        "var": [2.13395810533e-06, 0.000275897386018, 2.72582165053e-05, 2.37813528656e-05, 5.70669762965e-05, 1.20688600873e-05, 1.5371659174e-05, 4.33611057815e-06, 8.47662522574e-06, 1.46837646753e-05, 9.68446215666e-07, 7.09763241957e-07, 6.9232955866e-06, 1.24048006001e-06, 7.44918622786e-07, 3.69391699451e-07, 8.00687871561e-08, 9.24427823179e-08, 7.29910780706e-08, 1.25736846712e-07, 6.23931697419e-08, 1.00633563704e-07, 3.69716168791e-08, 2.33587513776e-08, 9.68045732463e-09, 4.87090412449e-09, 1.49439488561e-11]
    },
    "erbbands": {
        "dmean": [0.214743435383, 1.11288881302, 1.80360364914, 3.22554516792, 10.6716833115, 7.80749320984, 9.25057411194, 11.1369800568, 18.8373756409, 13.7514667511, 10.7084331512, 28.3266639709, 20.0378055573, 26.4264774323, 9.33380413055, 10.7026443481, 30.8526382446, 18.0022754669, 15.8313007355, 12.1134119034, 8.67468166351, 5.29583930969, 6.67612361908, 7.42710876465, 6.84422397614, 7.16766023636, 4.41975450516, 3.59558749199, 3.22699975967, 2.79752516747, 1.57977986336, 1.01494979858, 0.57681453228, 0.385248303413, 0.187027975917, 0.0844855457544, 0.0327395051718, 0.00630663568154, 0.000128209168906, 1.53364544531e-05],
        "dmean2": [0.326953351498, 1.80893850327, 3.03620457649, 5.58146333694, 18.4600696564, 13.097741127, 13.8766441345, 17.4489135742, 28.6653308868, 20.6187210083, 16.1799545288, 41.747505188, 28.2066688538, 35.0246124268, 14.6597948074, 16.2700748444, 44.7115936279, 29.0806674957, 25.6732063293, 19.1917381287, 14.1809053421, 8.73735427856, 10.9663362503, 12.1211309433, 11.1496868134, 11.889957428, 7.26157426834, 5.74064540863, 5.13290834427, 4.50800323486, 2.40467596054, 1.56658375263, 0.810788273811, 0.543814122677, 0.274472981691, 0.135651022196, 0.057216476649, 0.0108412001282, 0.000216763481149, 2.38854772761e-05],
        "dvar": [0.472263485193, 9.53848457336, 17.4160175323, 68.2037963867, 1791.94384766, 302.716949463, 241.014556885, 371.052459717, 1102.79772949, 594.701049805, 473.226928711, 2350.17358398, 2478.57397461, 4173.55126953, 1055.37060547, 644.198547363, 5894.34667969, 1955.5234375, 1139.32263184, 763.131652832, 223.991409302, 87.6480178833, 162.572357178, 84.1602020264, 80.7082519531, 123.744621277, 69.8078308105, 49.7543525696, 56.4029197693, 36.144493103, 11.8587865829, 5.03200626373, 1.41436970234, 0.647255241871, 0.26842173934, 0.119449228048, 0.0196979045868, 0.000596907630097, 2.28016460824e-07, 8.32147684093e-10],
        "dvar2": [0.999646663666, 23.5603160858, 48.3847236633, 177.824020386, 4844.95166016, 861.880493164, 465.422119141, 906.436950684, 2630.75585938, 1329.05310059, 912.476379395, 5345.22363281, 4948.92724609, 8286.00488281, 2500.9621582, 1557.3770752, 11621.6074219, 4475.54736328, 2600.57397461, 1535.62902832, 494.718719482, 218.679122925, 449.535186768, 207.871856689, 212.451705933, 324.078948975, 189.868530273, 123.547653198, 135.678009033, 85.1670684814, 25.4106369019, 10.7334327698, 2.57842898369, 1.42924118042, 0.647458612919, 0.323697954416, 0.0547937788069, 0.00162102119066, 6.07629317528e-07, 1.99901295517e-09],
        "max": [6.71025848389, 33.9050483704, 51.5790596008, 80.6218338013, 368.735656738, 154.137496948, 400.299224854, 263.965789795, 494.876190186, 448.335357666, 534.236022949, 817.101928711, 858.712280273, 1072.54064941, 967.775146484, 481.328277588, 1264.51391602, 1028.84008789, 854.513366699, 638.814697266, 280.699981689, 205.508041382, 203.615280151, 112.98625946, 93.1374893188, 184.654983521, 150.006118774, 97.7598724365, 115.628952026, 91.7007827759, 52.5605049133, 47.4371795654, 26.5423946381, 14.5616827011, 11.2869129181, 7.94795322418, 2.83490872383, 0.444091916084, 0.00851772166789, 0.000329122878611],
        "mean": [0.242398813367, 1.92111670971, 4.90431213379, 4.76979064941, 9.2878780365, 12.2253761292, 23.6865692139, 22.6517887115, 42.2648200989, 31.3812122345, 23.9591903687, 59.7736740112, 42.0184669495, 59.1739006042, 17.8916339874, 18.9425926208, 57.7550926208, 32.2589759827, 29.9666347504, 23.2299251556, 18.472196579, 12.6157426834, 14.9168739319, 16.9441547394, 16.701625824, 16.3777618408, 9.51524543762, 6.85674142838, 6.04690408707, 5.30794382095, 3.13592076302, 2.02322435379, 1.23388850689, 0.689995825291, 0.320901274681, 0.109125852585, 0.0313939526677, 0.00544319534674, 0.000131477805553, 4.519572758e-05],
        "median": [0.074934668839, 1.01160025597, 2.9967610836, 2.54449081421, 2.46928977966, 7.05580425262, 12.9390258789, 14.3158445358, 21.8428268433, 20.1303367615, 15.058339119, 36.8462638855, 23.6188774109, 15.2233734131, 9.1358833313, 5.82508563995, 11.1172523499, 21.1523571014, 21.1300411224, 14.9474258423, 13.6909332275, 9.2980594635, 11.0744380951, 14.0370531082, 12.4836111069, 10.2932004929, 5.43494510651, 3.24894452095, 2.39060616493, 2.15340304375, 1.33704185486, 0.783192098141, 0.463481247425, 0.231230661273, 0.113139204681, 0.0308579597622, 0.00376338860951, 0.000237977554207, 2.89208292088e-05, 3.98625197704e-05],
        "min": [4.9802888924e-08, 3.50917702008e-07, 8.45628562729e-07, 8.33018077628e-07, 5.86514261158e-07, 1.25538474549e-06, 7.45042029848e-07, 1.73354237631e-06, 1.69762881796e-06, 2.15613158616e-06, 6.39176823825e-06, 4.3586405809e-06, 5.57113980904e-06, 7.08570269126e-07, 1.71236263213e-06, 6.70920201173e-07, 9.57603788265e-07, 5.29208364242e-06, 2.68778671852e-06, 9.89442833088e-06, 5.80718187848e-06, 2.37286280935e-06, 3.9864048631e-06, 4.98175586472e-06, 4.30729505752e-06, 2.41361567532e-06, 7.76768729338e-07, 4.22990581228e-07, 1.90124822552e-07, 1.59817176382e-07, 1.38867378041e-07, 1.18820317141e-07, 7.02001088371e-08, 4.0691553238e-08, 3.63488723565e-08, 2.26405418857e-08, 1.32197062186e-08, 5.26647214727e-09, 1.64389868385e-09, 1.50612980421e-10],
        "var": [0.505112707615, 9.17768859863, 32.671459198, 65.8078918457, 1230.93933105, 289.787872314, 1724.37316895, 855.830505371, 3416.32446289, 1717.00195312, 1303.76220703, 6618.63427734, 5585.77001953, 15994.1171875, 1730.46166992, 1198.4342041, 16707.890625, 3163.89453125, 1892.43041992, 1606.44213867, 437.186584473, 212.660263062, 290.353637695, 197.250961304, 228.861557007, 356.426696777, 115.192649841, 100.965118408, 124.126495361, 75.1929321289, 27.4457168579, 13.8499412537, 5.41381883621, 1.5614733696, 0.449920475483, 0.103830702603, 0.0144062694162, 0.000477962632431, 1.94014916133e-07, 1.17655074572e-09]
    },
    "gfcc": {
        "mean": [8.99379634857, 113.284339905, -127.900749207, 42.5190505981, -65.1295776367, 12.7208251953, -35.0747184753, 12.6833839417, -15.827586174, 5.36439323425, -10.1250457764, -8.39107322693, -3.85584759712],
        "cov": [[7720.40722656, -1139.10754395, 185.875915527, -157.252578735, -297.88079834, 249.084335327, -112.579536438, -46.3456878662, -340.379608154, 317.760498047, -20.5399932861, 420.352172852, -218.280715942], [-1139.10754395, 1123.46899414, -308.679382324, 124.481422424, 217.328781128, -178.569610596, 156.94241333, -64.0285797119, 213.82774353, -188.657623291, 171.458892822, -246.56300354, 169.776229858], [185.875915527, -308.679382324, 381.051544189, 11.0751590729, 19.4476947784, 55.0962219238, -60.2239265442, 51.9212150574, -43.3358421326, 66.0944519043, -92.5490951538, 72.9912567139, -86.602355957], [-157.252578735, 124.481422424, 11.0751590729, 200.217224121, 59.8131484985, -7.94042158127, 0.554188609123, -1.88422214985, 75.7360534668, -50.8337478638, -3.75296854973, -78.6796417236, 30.3347606659], [-297.88079834, 217.328781128, 19.4476947784, 59.8131484985, 213.532577515, -23.4535675049, 70.6607055664, 30.3442401886, 60.1537513733, -18.8633422852, 6.48535013199, -41.8171730042, 18.310426712], [249.084335327, -178.569610596, 55.0962219238, -7.94042158127, -23.4535675049, 143.251144409, 15.3558588028, 36.7311019897, -40.4747238159, 31.8004283905, -8.19542694092, 33.6164016724, -23.4885807037], [-112.579536438, 156.94241333, -60.2239265442, 0.554188609123, 70.6607055664, 15.3558588028, 143.276153564, 8.83107089996, 28.2058429718, -24.9779548645, 40.7012672424, -6.04263687134, 15.6996450424], [-46.3456878662, -64.0285797119, 51.9212150574, -1.88422214985, 30.3442401886, 36.7311019897, 8.83107089996, 122.089118958, 28.2338104248, 30.1936244965, -24.9180908203, 0.532375872135, 7.16335105896], [-340.379608154, 213.82774353, -43.3358421326, 75.7360534668, 60.1537513733, -40.4747238159, 28.2058429718, 28.2338104248, 138.79649353, -17.0686359406, 21.4555339813, -69.9228286743, 49.0664291382], [317.760498047, -188.657623291, 66.0944519043, -50.8337478638, -18.8633422852, 31.8004283905, -24.9779548645, 30.1936244965, -17.0686359406, 108.713951111, 4.09428358078, 68.0851669312, -30.0890483856], [-20.5399932861, 171.458892822, -92.5490951538, -3.75296854973, 6.48535013199, -8.19542694092, 40.7012672424, -24.9180908203, 21.4555339813, 4.09428358078, 114.279098511, -2.81042790413, 40.200553894], [420.352172852, -246.56300354, 72.9912567139, -78.6796417236, -41.8171730042, 33.6164016724, -6.04263687134, 0.532375872135, -69.9228286743, 68.0851669312, -2.81042790413, 133.402694702, -28.0905761719], [-218.280715942, 169.776229858, -86.602355957, 30.3347606659, 18.310426712, -23.4885807037, 15.6996450424, 7.16335105896, 49.0664291382, -30.0890483856, 40.200553894, -28.0905761719, 94.4794082642]],
        "icov": [[0.000181786730536, -6.69334622216e-05, 0.000155469868332, -0.000293548713671, 0.000133935071062, -0.000140968913911, 4.23261408287e-05, 1.07877785922e-05, 0.000242564885411, -0.000389063556213, 7.67143865232e-05, -0.000488998310175, 0.000280263542663], [-6.69334622216e-05, 0.00628300057724, -0.000748757272959, 0.00262718298472, -0.00328050437383, 0.0031676706858, -0.00224926206283, 0.00198978930712, -0.00260474602692, 0.00449169613421, -0.00653855642304, 0.00729393260553, -0.00359466881491], [0.000155469868332, -0.000748757272959, 0.00553499627858, -0.00209216494113, -0.00109213241376, -0.0013409195235, 0.00248501077294, -0.00166993425228, -4.79872069263e-05, -0.000885620887857, 0.0027133312542, -0.00464249122888, 0.00424997741356], [-0.000293548713671, 0.00262718298472, -0.00209216494113, 0.0103754336014, -0.0030030591879, -0.000985791441053, 0.000798329187091, 0.00286758388393, -0.00560097815469, 0.00529187824577, -0.00281512364745, 0.00603299820796, -0.00307566463016], [0.000133935071062, -0.00328050437383, -0.00109213241376, -0.0030030591879, 0.00931441318244, 0.000541549175978, -0.00353279476985, -0.00213647889905, 0.00160776218399, -0.0040513779968, 0.00371302827261, -0.00182844337542, 0.000997287919745], [-0.000140968913911, 0.0031676706858, -0.0013409195235, -0.000985791441053, 0.000541549175978, 0.012349691242, -0.00485974084586, -0.00267456495203, 0.00342829478905, -0.000529921031557, -0.00374568603002, 0.00489747989923, -0.00185416638851], [4.23261408287e-05, -0.00224926206283, 0.00248501077294, 0.000798329187091, -0.00353279476985, -0.00485974084586, 0.0141167435795, -0.00212820689194, -0.00328433327377, 0.00540418922901, -0.00187177537009, -0.0078056184575, 0.00535562401637], [1.07877785922e-05, 0.00198978930712, -0.00166993425228, 0.00286758388393, -0.00213647889905, -0.00267456495203, -0.00212820689194, 0.0140275908634, -0.00381739577278, -0.0034065102227, 0.00247196503915, 0.00468497583643, -0.00572410039604], [0.000242564885411, -0.00260474602692, -4.79872069263e-05, -0.00560097815469, 0.00160776218399, 0.00342829478905, -0.00328433327377, -0.00381739577278, 0.0187218636274, -0.0092812506482, 0.00259000761434, 0.00439116964117, -0.00410389248282], [-0.000389063556213, 0.00449169613421, -0.000885620887857, 0.00529187824577, -0.0040513779968, -0.000529921031557, 0.00540418922901, -0.0034065102227, -0.0092812506482, 0.0263735596091, -0.0108472378924, -0.00528858834878, 0.00479489797726], [7.67143865232e-05, -0.00653855642304, 0.0027133312542, -0.00281512364745, 0.00371302827261, -0.00374568603002, -0.00187177537009, 0.00247196503915, 0.00259000761434, -0.0108472378924, 0.0219591762871, -0.0065889232792, -0.00231160153635], [-0.000488998310175, 0.00729393260553, -0.00464249122888, 0.00603299820796, -0.00182844337542, 0.00489747989923, -0.0078056184575, 0.00468497583643, 0.00439116964117, -0.00528858834878, -0.0065889232792, 0.0291039403528, -0.0104234199971], [0.000280263542663, -0.00359466881491, 0.00424997741356, -0.00307566463016, 0.000997287919745, -0.00185416638851, 0.00535562401637, -0.00572410039604, -0.00410389248282, 0.00479489797726, -0.00231160153635, -0.0104234199971, 0.0230071078986]]
    },
    "melbands": {
        "dmean": [0.00169820548035, 0.00105270487256, 0.000831121986266, 0.000682521320414, 0.000316600693623, 0.000233610466239, 0.000289467163384, 0.000142256874824, 9.1101101134e-05, 0.00018164300127, 0.000100056764495, 0.000116190916742, 3.0033665098e-05, 2.69624688372e-05, 5.32264057256e-05, 5.23407943547e-05, 3.76128409698e-05, 2.66655388259e-05, 2.07163611776e-05, 1.70906914718e-05, 9.47097032622e-06, 6.01824467594e-06, 6.79683898852e-06, 6.40380858385e-06, 6.65634115649e-06, 5.37699315828e-06, 5.43149144505e-06, 4.9264676818e-06, 3.2798977827e-06, 2.73313185062e-06, 2.15731961362e-06, 1.94459585146e-06, 1.91442541109e-06, 1.52491293193e-06, 1.03001991647e-06, 8.00603913831e-07, 6.03854630299e-07, 4.32020641483e-07, 3.86799683838e-07, 3.22919930795e-07],
        "dmean2": [0.00260188127868, 0.00177279766649, 0.00141150923446, 0.00117399147712, 0.000483887037262, 0.000362351245712, 0.000435661233496, 0.000211986232898, 0.000139822790516, 0.000265504204435, 0.000139906085678, 0.000154084074893, 4.66237397632e-05, 4.22107768827e-05, 7.67090241425e-05, 7.87557000876e-05, 6.07467191003e-05, 4.34543580923e-05, 3.39317921316e-05, 2.80685708276e-05, 1.59742539836e-05, 1.01174709926e-05, 1.12372927106e-05, 1.06840161607e-05, 1.09587381303e-05, 8.92895786819e-06, 8.82461336005e-06, 8.24064409244e-06, 5.48803836864e-06, 4.56632096757e-06, 3.36690322911e-06, 3.1985143778e-06, 3.16482737617e-06, 2.49551612796e-06, 1.59346370765e-06, 1.24699840853e-06, 9.16434146347e-07, 6.24534322924e-07, 5.64311449125e-07, 4.67006287863e-07],
        "dvar": [2.5588004064e-05, 6.39446443529e-06, 6.89786747898e-06, 5.23762537341e-06, 2.37960819049e-07, 1.57996865369e-07, 2.48829991278e-07, 6.68094912726e-08, 3.25232640819e-08, 9.48740961348e-08, 6.20547524477e-08, 8.0212721798e-08, 9.9328616443e-09, 6.2285177016e-09, 1.6812162329e-08, 1.79798469446e-08, 9.94894744366e-09, 3.16603210315e-09, 2.63388599819e-09, 2.08203987384e-09, 2.41549280577e-10, 1.19758342132e-10, 1.7724730017e-10, 9.64505697532e-11, 7.01283267568e-11, 5.31736842058e-11, 6.31358437753e-11, 6.44978515041e-11, 3.47692430402e-11, 2.66794555198e-11, 1.83664958242e-11, 2.09280995311e-11, 1.96699150024e-11, 9.73956939404e-12, 4.90633532066e-12, 2.9806998883e-12, 1.85472470715e-12, 7.74549586795e-13, 7.47199177531e-13, 4.62402035065e-13],
        "dvar2": [5.41357039765e-05, 1.68953265529e-05, 1.81060222531e-05, 1.44421528603e-05, 5.09366316237e-07, 3.90833861275e-07, 5.81631013574e-07, 1.51913582158e-07, 6.85326142502e-08, 2.09863827649e-07, 1.23560880638e-07, 1.55518250722e-07, 2.19263540657e-08, 1.62511000212e-08, 3.29264118193e-08, 3.8771840849e-08, 2.27970033961e-08, 7.55129736518e-09, 6.18354123461e-09, 4.31655777788e-09, 6.10428929626e-10, 3.06523584293e-10, 4.34930647053e-10, 2.6847415957e-10, 1.73409578363e-10, 1.35764580134e-10, 1.6872399311e-10, 1.69162725494e-10, 9.39502711739e-11, 7.19553097661e-11, 4.44294184776e-11, 4.99704722046e-11, 4.85011510121e-11, 2.32615263857e-11, 1.09538385307e-11, 7.12979328354e-12, 3.80524084465e-12, 1.40922256503e-12, 1.70644011074e-12, 1.03321225273e-12],
        "max": [0.0502733774483, 0.0302983764559, 0.0234314166009, 0.0209763236344, 0.0111681530252, 0.00551078049466, 0.00737879378721, 0.00535410549492, 0.00372971431352, 0.00559377251193, 0.00417550234124, 0.00487684784457, 0.00310802110471, 0.00158789730631, 0.00207482324913, 0.00250656972639, 0.00236238283105, 0.00126653409097, 0.00101486966014, 0.00110924709588, 0.000255905353697, 0.000250840152148, 0.000281380082015, 0.000138263392728, 0.000102926300315, 9.067881183e-05, 0.000113638445328, 0.000129039326566, 0.000104978942545, 5.36165607627e-05, 8.43778034323e-05, 7.75837543188e-05, 7.75680236984e-05, 3.87085019611e-05, 3.26328008668e-05, 2.49335225817e-05, 3.50934496964e-05, 1.84004802577e-05, 1.80328715942e-05, 1.01710602394e-05],
        "mean": [0.00227454095148, 0.00262442138046, 0.00101261911914, 0.000754948880058, 0.000787299068179, 0.00048734919983, 0.000647292181384, 0.000320578023093, 0.000189806858543, 0.000380472250981, 0.000204295356525, 0.000255650200415, 5.40216933587e-05, 4.13771958847e-05, 9.95137888822e-05, 9.46896689129e-05, 6.05665081821e-05, 4.83641088067e-05, 3.44576546922e-05, 3.09593560814e-05, 1.90499340533e-05, 1.2852634427e-05, 1.31685164888e-05, 1.37755932883e-05, 1.36259495775e-05, 1.17885510917e-05, 1.23258760141e-05, 1.02240328488e-05, 6.35917194813e-06, 4.76192417409e-06, 3.69743247575e-06, 3.42020121025e-06, 3.3174917462e-06, 2.79160690297e-06, 1.8677233129e-06, 1.41533701026e-06, 1.1557427797e-06, 9.14004317565e-07, 7.033228826e-07, 5.31964985839e-07],
        "median": [0.000950179120991, 0.0018693220336, 0.000459947186755, 0.000328480353346, 0.000486385892145, 0.000308137969114, 0.000333379488438, 0.00019361343584, 0.000123715974041, 0.000228959557717, 0.000106768013211, 5.91667449044e-05, 2.49869244726e-05, 1.24214066091e-05, 1.58875682246e-05, 2.53747293755e-05, 3.48916728399e-05, 3.27615707647e-05, 2.0665651391e-05, 1.84536729648e-05, 1.43440356624e-05, 8.94374807103e-06, 8.84313612914e-06, 1.08020758489e-05, 1.07175465018e-05, 8.56403676153e-06, 8.51625736686e-06, 6.06700223216e-06, 3.68904397874e-06, 2.35139486904e-06, 1.61843456681e-06, 1.33616993025e-06, 1.16621049528e-06, 1.18001037208e-06, 8.00801672085e-07, 5.28585928805e-07, 4.42782436494e-07, 3.39440532571e-07, 2.32938958789e-07, 1.65988893741e-07],
        "min": [4.59663362928e-10, 4.64043581339e-10, 1.81338916105e-10, 5.76149683518e-11, 3.700505527e-11, 3.40314096348e-11, 4.06655785434e-11, 3.11072972936e-11, 5.93218946188e-11, 2.25212209992e-11, 2.6696480096e-11, 2.25179120142e-12, 4.94009780999e-12, 3.16885970589e-12, 1.34490877636e-12, 3.47148004787e-12, 1.04947474322e-11, 2.14455948659e-12, 1.09147569455e-11, 9.77395508278e-12, 5.38202121758e-12, 1.78030994894e-12, 2.61351964376e-12, 4.76603782482e-12, 3.88921143554e-12, 1.8391510103e-12, 2.94347922772e-12, 1.09937764187e-12, 3.74100544379e-13, 5.26985898495e-13, 1.59206130809e-13, 1.30271295595e-13, 4.68937734509e-14, 1.13128825968e-13, 6.77158863379e-14, 9.04151631494e-14, 7.47695836994e-14, 5.71240916982e-14, 2.83823799966e-14, 3.59960813327e-14],
        "var": [2.81495758827e-05, 8.31252600619e-06, 5.46462433704e-06, 3.69530653188e-06, 1.39284441047e-06, 3.72922670522e-07, 7.88969487076e-07, 2.13059919929e-07, 7.31180236357e-08, 2.92999146723e-07, 1.43359329741e-07, 3.20506472917e-07, 1.84831332461e-08, 1.21510543849e-08, 5.22317655793e-08, 3.96920043499e-08, 1.58913504578e-08, 5.11038411588e-09, 3.73189923408e-09, 3.53063067671e-09, 4.30920077399e-10, 2.75990452714e-10, 3.1355448793e-10, 1.74242800743e-10, 1.47967291197e-10, 1.27089810897e-10, 1.82878032162e-10, 1.58772467396e-10, 5.53603447806e-11, 3.97516047856e-11, 4.06880744375e-11, 4.39977845823e-11, 3.80841816416e-11, 1.92084941703e-11, 1.02560468798e-11, 6.16437239795e-12, 5.28691717142e-12, 3.09744764559e-12, 1.80581352822e-12, 9.87008543472e-13]
    },
    "mfcc": {
        "mean": [-624.040649414, 129.043823242, -1.61090946198, 29.0739765167, -0.756725668907, 1.86305820942, -3.04288697243, 0.0503721013665, 1.62189567089, 12.4044160843, 3.01028347015, -3.43324136734, -2.5396001339],
        "cov": [[6634.54589844, -587.696228027, 48.8815727234, -153.587020874, -262.388519287, 172.395263672, 19.2185020447, -63.3862533569, -239.731842041, -77.6793212891, -15.9694833755, 88.6847000122, 68.8351211548], [-587.696228027, 799.592712402, -246.663391113, 169.230957031, 52.9946174622, -38.0363731384, 35.9444313049, 21.2009391785, 35.3450279236, 61.0544586182, 21.316450119, -23.240737915, 12.3323936462], [48.8815727234, -246.663391113, 287.476776123, -37.3346633911, 35.9279594421, 18.8207187653, -26.4903583527, -3.99344944954, -2.24268174171, -26.5566806793, 7.84655666351, 6.79596805573, -8.97244644165], [-153.587020874, 169.230957031, -37.3346633911, 196.651657104, 74.309928894, 9.84142208099, -21.2819900513, 16.0888671875, 44.3031768799, 31.3141841888, 7.31605529785, -14.480887413, -15.8158836365], [-262.388519287, 52.9946174622, 35.9279594421, 74.309928894, 149.362716675, -3.81511640549, -0.0635755732656, 7.7888250351, 64.5149078369, 23.1547470093, 18.8533649445, -10.1520338058, -5.39613342285], [172.395263672, -38.0363731384, 18.8207187653, 9.84142208099, -3.81511640549, 91.0185775757, 28.3627681732, 18.0281524658, -16.6550617218, -4.2187256813, 6.92612457275, 7.89317655563, 0.428623974323], [19.2185020447, 35.9444313049, -26.4903583527, -21.2819900513, -0.0635755732656, 28.3627681732, 111.284973145, 40.5015258789, -7.60106420517, 4.34917354584, 4.08526992798, 1.82676255703, 22.307226181], [-63.3862533569, 21.2009391785, -3.99344944954, 16.0888671875, 7.7888250351, 18.0281524658, 40.5015258789, 74.9350814819, 30.6967792511, 20.2788352966, 0.865736544132, -4.66547870636, -3.12516403198], [-239.731842041, 35.3450279236, -2.24268174171, 44.3031768799, 64.5149078369, -16.6550617218, -7.60106420517, 30.6967792511, 119.419441223, 40.0821418762, 12.9137115479, -3.55764555931, -12.3385820389], [-77.6793212891, 61.0544586182, -26.5566806793, 31.3141841888, 23.1547470093, -4.2187256813, 4.34917354584, 20.2788352966, 40.0821418762, 72.3409194946, 24.0895767212, 5.84298038483, -3.91480922699], [-15.9694833755, 21.316450119, 7.84655666351, 7.31605529785, 18.8533649445, 6.92612457275, 4.08526992798, 0.865736544132, 12.9137115479, 24.0895767212, 55.6435203552, 16.6108818054, 3.40395784378], [88.6847000122, -23.240737915, 6.79596805573, -14.480887413, -10.1520338058, 7.89317655563, 1.82676255703, -4.66547870636, -3.55764555931, 5.84298038483, 16.6108818054, 63.1038780212, 19.9217815399], [68.8351211548, 12.3323936462, -8.97244644165, -15.8158836365, -5.39613342285, 0.428623974323, 22.307226181, -3.12516403198, -12.3385820389, -3.91480922699, 3.40395784378, 19.9217815399, 57.7600440979]],
