{
"lowlevel": {
    "average_loudness": 0.96605938673,
    "barkbands_crest": {
        "dmean": 2.82444477081,
        "dmean2": 4.59352970123,
        "dvar": 7.45401096344,
        "dvar2": 19.7967243195,
        "max": 25.0741882324,
        "mean": 10.8163967133,
        "median": 10.0756912231,
        "min": 2.88863492012,
        "var": 18.2181987762
    },
    "barkbands_flatness_db": {
        "dmean": 0.0262981802225,
        "dmean2": 0.040049996227,
        "dvar": 0.000661591009703,
        "dvar2": 0.00149701815099,
        "max": 0.405759751797,
        "mean": 0.20392857492,
        "median": 0.198668777943,
        "min": 0.0671135857701,
        "var": 0.00311089493334
    },
    "barkbands_kurtosis": {
        "dmean": 3.6633939743,
        "dmean2": 5.82044696808,
        "dvar": 46.6888389587,
        "dvar2": 106.625267029,
        "max": 77.2183303833,
        "mean": 5.1424074173,
        "median": 1.7180814743,
        "min": -1.6330780983,
        "var": 91.7126541138
    },
    "barkbands_skewness": {
        "dmean": 0.664852917194,
        "dmean2": 0.983471989632,
        "dvar": 0.568355858326,
        "dvar2": 1.2680658102,
        "max": 7.8719959259,
        "mean": 1.42603623867,
        "median": 1.14497935772,
        "min": -1.93938183784,
        "var": 1.94213616848
    },
    "barkbands_spread": {
        "dmean": 3.98808884621,
        "dmean2": 5.93485546112,
        "dvar": 25.9047832489,
        "dvar2": 50.7187080383,
        "max": 88.5166778564,
        "mean": 14.7272453308,
        "median": 13.5151014328,
        "min": 1.33050191402,
        "var": 82.9130325317
    },
    "dissonance": {
        "dmean": 0.027558028698,
        "dmean2": 0.045898552984,
        "dvar": 0.000692498288117,
        "dvar2": 0.00179421913344,
        "max": 0.500000059605,
        "mean": 0.44369751215,
        "median": 0.452640533447,
        "min": 0.261101901531,
        "var": 0.00178305269219
    },
    "dynamic_complexity": 3.75221037865,
    "erbbands_crest": {
        "dmean": 3.28152728081,
        "dmean2": 5.24971103668,
        "dvar": 8.81553840637,
        "dvar2": 21.0444126129,
        "max": 31.8059921265,
        "mean": 11.5044565201,
        "median": 9.96062850952,
        "min": 2.52198290825,
        "var": 33.5141983032
    },
    "erbbands_flatness_db": {
        "dmean": 0.0196666810662,
        "dmean2": 0.0281531047076,
        "dvar": 0.00036283332156,
        "dvar2": 0.000666119565722,
        "max": 0.437502771616,
        "mean": 0.221546187997,
        "median": 0.216129124165,
        "min": 0.0979318842292,
        "var": 0.00226499466226
    },
    "erbbands_kurtosis": {
        "dmean": 1.47800076008,
        "dmean2": 2.26306629181,
        "dvar": 5.60610628128,
        "dvar2": 12.581366539,
        "max": 37.8428077698,
        "mean": 2.03244805336,
        "median": 0.485854625702,
        "min": -1.53651833534,
        "var": 16.9554214478
    },
    "erbbands_skewness": {
        "dmean": 0.416656076908,
        "dmean2": 0.632895827293,
        "dvar": 0.171776026487,
        "dvar2": 0.377055943012,
        "max": 4.18697500229,
        "mean": 0.566677987576,
        "median": 0.493972808123,
        "min": -2.14223837852,
        "var": 0.659861922264
    },
    "erbbands_spread": {
        "dmean": 6.54568815231,
        "dmean2": 9.86490631104,
        "dvar": 65.2431259155,
        "dvar2": 136.093948364,
        "max": 117.366966248,
        "mean": 26.1430091858,
        "median": 24.3792228699,
        "min": 2.45846772194,
        "var": 245.941253662
    },
    "hfc": {
        "dmean": 5.75569820404,
        "dmean2": 9.00523948669,
        "dvar": 113.405189514,
        "dvar2": 284.359619141,
        "max": 121.73589325,
        "mean": 16.517621994,
        "median": 11.4908590317,
        "min": 1.16624207799e-16,
        "var": 280.014709473
    },
    "melbands_crest": {
        "dmean": 3.60437130928,
        "dmean2": 5.65550756454,
        "dvar": 11.9277734756,
        "dvar2": 29.8454265594,
        "max": 33.5123443604,
        "mean": 15.415971756,
        "median": 14.4619140625,
        "min": 2.10184621811,
        "var": 33.6394309998
    },
    "melbands_flatness_db": {
        "dmean": 0.0314808785915,
        "dmean2": 0.0445298440754,
        "dvar": 0.00112443801481,
        "dvar2": 0.00234779203311,
        "max": 0.491556584835,
        "mean": 0.246826201677,
        "median": 0.24328418076,
        "min": 0.00541848270223,
        "var": 0.00606082100421
    },
    "melbands_kurtosis": {
        "dmean": 8.16279315948,
        "dmean2": 12.520111084,
        "dvar": 218.110107422,
        "dvar2": 494.976470947,
        "max": 187.987075806,
        "mean": 12.9552669525,
        "median": 4.54389429092,
        "min": -1.77446687222,
        "var": 512.31072998
    },
    "melbands_skewness": {
        "dmean": 0.865543305874,
        "dmean2": 1.27487111092,
        "dvar": 1.02238976955,
        "dvar2": 2.27909064293,
        "max": 11.3896188736,
        "mean": 2.22759222984,
        "median": 1.68513989449,
        "min": -1.36219394207,
        "var": 3.76377272606
    },
    "melbands_spread": {
        "dmean": 5.4573969841,
        "dmean2": 8.13301181793,
        "dvar": 62.035030365,
        "dvar2": 112.089660645,
        "max": 140.113800049,
        "mean": 17.4697380066,
        "median": 15.6517219543,
        "min": 1.09067869186,
        "var": 160.73626709
    },
    "pitch_salience": {
        "dmean": 0.0742799118161,
        "dmean2": 0.116827942431,
        "dvar": 0.00496536074206,
        "dvar2": 0.0120381526649,
        "max": 0.828730046749,
        "mean": 0.505818843842,
        "median": 0.503940105438,
        "min": 0.159197315574,
        "var": 0.0132471853867
    },
    "silence_rate_20dB": {
        "dmean": 0,
        "dmean2": 0,
        "dvar": 0,
        "dvar2": 0,
        "max": 1,
        "mean": 1,
        "median": 1,
        "min": 1,
        "var": 0
    },
    "silence_rate_30dB": {
        "dmean": 0.0386996902525,
        "dmean2": 0.0774593353271,
        "dvar": 0.0372021906078,
        "dvar2": 0.100893184543,
        "max": 1,
        "mean": 0.975251376629,
        "median": 1,
        "min": 0,
        "var": 0.0241359472275
    },
    "silence_rate_60dB": {
        "dmean": 0.0123839005828,
        "dmean2": 0.0247869864106,
        "dvar": 0.0122307119891,
        "dvar2": 0.0257215611637,
        "max": 1,
        "mean": 0.0680587813258,
        "median": 0,
        "min": 0,
        "var": 0.0634259209037
    },
    "spectral_centroid": {
        "dmean": 197.680725098,
        "dmean2": 296.249572754,
        "dvar": 110903.59375,
        "dvar2": 162379.109375,
        "max": 10361.7578125,
        "mean": 1003.2713623,
        "median": 922.590087891,
        "min": 209.049346924,
        "var": 280572.84375
    },
    "spectral_complexity": {
        "dmean": 3.30650162697,
        "dmean2": 4.96049594879,
        "dvar": 16.0748195648,
        "dvar2": 31.9155216217,
        "max": 45,
        "mean": 15.1995363235,
        "median": 15,
        "min": 0,
        "var": 60.7366294861
    },
    "spectral_decrease": {
        "dmean": 3.23717719297e-09,
        "dmean2": 5.09211073307e-09,
        "dvar": 4.12068327037e-17,
        "dvar2": 1.02766517171e-16,
        "max": 5.4681671038e-29,
        "mean": -8.01798538674e-09,
        "median": -6.11571548959e-09,
        "min": -6.21490983121e-08,
        "var": 5.70698175857e-17
    },
    "spectral_energy": {
        "dmean": 0.0126589927822,
        "dmean2": 0.0199048221111,
        "dvar": 0.000605716719292,
        "dvar2": 0.00151280779392,
        "max": 0.236845567822,
        "mean": 0.0317599289119,
        "median": 0.0241193920374,
        "min": 1.03717769783e-20,
        "var": 0.000865442561917
    },
    "spectral_energyband_high": {
        "dmean": 0.000130989879835,
        "dmean2": 0.000191885905224,
        "dvar": 9.64273780824e-08,
        "dvar2": 2.08412615166e-07,
        "max": 0.00604647956789,
        "mean": 0.00026781228371,
        "median": 0.000119361342513,
        "min": 7.56054227425e-21,
        "var": 2.13581458297e-07
    },
    "spectral_energyband_low": {
        "dmean": 0.00889177061617,
        "dmean2": 0.0142478514463,
        "dvar": 0.000565700407606,
        "dvar2": 0.00144555931911,
        "max": 0.220276206732,
        "mean": 0.0135703058913,
        "median": 0.00872550718486,
        "min": 4.83215927078e-23,
        "var": 0.000520171190146
    },
    "spectral_energyband_middle_high": {
        "dmean": 0.00270022638142,
        "dmean2": 0.0042874882929,
        "dvar": 4.14028436353e-05,
        "dvar2": 0.00010001789633,
        "max": 0.0815833732486,
        "mean": 0.00587912462652,
        "median": 0.00318823102862,
        "min": 1.37095614177e-21,
        "var": 8.71129886946e-05
    },
    "spectral_energyband_middle_low": {
        "dmean": 0.00481071975082,
        "dmean2": 0.00747118890285,
        "dvar": 4.93518164149e-05,
        "dvar2": 0.000119514399557,
        "max": 0.123938262463,
        "mean": 0.0125526981428,
        "median": 0.00798738002777,
        "min": 3.41431747772e-22,
        "var": 0.000168196260347
    },
    "spectral_entropy": {
        "dmean": 0.193779245019,
        "dmean2": 0.275960564613,
        "dvar": 0.0361117571592,
        "dvar2": 0.0693137869239,
        "max": 9.7978811264,
        "mean": 7.1309671402,
        "median": 7.17526197433,
        "min": 5.34646463394,
        "var": 0.196788683534
    },
    "spectral_flux": {
        "dmean": 0.0309258624911,
        "dmean2": 0.0472662933171,
        "dvar": 0.00207943865098,
        "dvar2": 0.00373222352937,
        "max": 0.43212300539,
        "mean": 0.0878165438771,
        "median": 0.0693247020245,
        "min": 1.01841923783e-10,
        "var": 0.00476322742179
    },
    "spectral_kurtosis": {
        "dmean": 3.04983997345,
        "dmean2": 5.25714015961,
        "dvar": 11.5240564346,
        "dvar2": 32.3128166199,
        "max": 40.9458999634,
        "mean": 6.20101833344,
        "median": 4.92695140839,
        "min": -1.24855256081,
        "var": 23.8454742432
    },
    "spectral_rms": {
        "dmean": 0.000948873755988,
        "dmean2": 0.00143115699757,
        "dvar": 1.98402244678e-06,
        "dvar2": 4.55518602394e-06,
        "max": 0.0152009483427,
        "mean": 0.00503843510523,
        "median": 0.00485088815913,
        "min": 3.18100732387e-12,
        "var": 5.59950012757e-06
    },
    "spectral_rolloff": {
        "dmean": 295.081085205,
        "dmean2": 477.066223145,
        "dvar": 488406.28125,
        "dvar2": 721899,
        "max": 19035.3515625,
        "mean": 952.15814209,
        "median": 775.1953125,
        "min": 64.599609375,
        "var": 805272.375
    },
    "spectral_skewness": {
        "dmean": 0.333047837019,
        "dmean2": 0.53902888298,
        "dvar": 0.108050003648,
        "dvar2": 0.271550387144,
        "max": 4.87868642807,
        "mean": 1.80341982841,
        "median": 1.68013393879,
        "min": -0.0621599778533,
        "var": 0.394537270069
    },
    "spectral_spread": {
        "dmean": 412228.84375,
        "dmean2": 555309.0625,
        "dvar": 1.17667633562e+12,
        "dvar2": 1.2093390848e+12,
        "max": 39694800,
        "mean": 3338744.75,
        "median": 3164386.25,
        "min": 1321135.875,
        "var": 2.12771300966e+12
    },
    "spectral_strongpeak": {
        "dmean": 0.623123288155,
        "dmean2": 1.01577246189,
        "dvar": 0.973042190075,
        "dvar2": 2.01346063614,
        "max": 10.4837942123,
        "mean": 1.27982485294,
        "median": 0.46693110466,
        "min": 0,
        "var": 2.83090758324
    },
    "zerocrossingrate": {
        "dmean": 0.00673956610262,
        "dmean2": 0.00769714312628,
        "dvar": 0.000186294986634,
        "dvar2": 0.000153317814693,
        "max": 0.50390625,
        "mean": 0.0392339453101,
        "median": 0.0361328125,
        "min": 0.00390625,
        "var": 0.000609966635238
    },
    "barkbands": {
        "dmean": [0.00113686721306, 0.00638359319419, 0.00281732785515, 0.00101167010143, 0.00109972839709, 0.000696159200743, 0.000493303930853, 0.00145940610673, 0.00222140667029, 0.00100333651062, 0.000743530283216, 0.000757725269068, 0.000573168916162, 0.000350490037818, 0.00029403885128, 0.000184189993888, 0.000131656168378, 0.000110745451821, 7.53701460781e-05, 6.25938700978e-05, 4.55797598988e-05, 2.90424559353e-05, 2.44260281761e-05, 2.48199539783e-05, 5.26842177351e-06, 5.60475088562e-09, 2.52360488062e-09],
        "dmean2": [0.00195639813319, 0.0103546846658, 0.00509447790682, 0.00180064793676, 0.00177988479845, 0.00110570422839, 0.000790584948845, 0.00221612071618, 0.0033663676586, 0.00168095366098, 0.00117705820594, 0.00119046575855, 0.000977100455202, 0.00057314557489, 0.000480173446704, 0.000293480610708, 0.000203765244805, 0.000176012938027, 0.000118748372188, 9.87049934338e-05, 7.06521532265e-05, 4.53948414361e-05, 3.69450281141e-05, 3.40035076078e-05, 7.75801981945e-06, 9.49993683719e-09, 4.79213513316e-09],
        "dvar": [1.324349887e-05, 0.000276653736364, 8.81120722624e-05, 5.58632837055e-06, 3.39968232765e-06, 1.35414973101e-06, 3.0543333196e-06, 1.22498340716e-05, 2.29845154536e-05, 1.8349275706e-05, 4.29445935879e-06, 5.98619681114e-06, 3.43352758136e-06, 9.85339283943e-07, 5.59805982903e-07, 1.54481938353e-07, 1.45088051795e-07, 7.41983683383e-08, 3.56962068793e-08, 1.34213609115e-08, 1.00831689664e-08, 1.9904469184e-08, 4.59985738388e-09, 7.78068187657e-09, 4.15431383738e-10, 5.12853144453e-16, 3.04141923379e-16],
        "dvar2": [3.91977737308e-05, 0.000716931652278, 0.000254571845289, 1.5909115973e-05, 8.72471991897e-06, 3.17796479976e-06, 6.28395537206e-06, 2.47262414632e-05, 5.17362714163e-05, 4.62763855467e-05, 9.1530755526e-06, 1.14903559734e-05, 9.06610239326e-06, 2.2206054382e-06, 1.46372963172e-06, 3.84272453857e-07, 2.75946774764e-07, 1.81875350336e-07, 8.50621475479e-08, 3.39972245911e-08, 2.40211885938e-08, 4.54353887847e-08, 9.88316983808e-09, 1.43272309572e-08, 8.52151738062e-10, 1.29207750439e-15, 8.98321003969e-16],
        "max": [0.0488340593874, 0.160061180592, 0.0749651789665, 0.0233231559396, 0.0290963724256, 0.0157746803015, 0.0402049943805, 0.0482573956251, 0.0837866589427, 0.123079203069, 0.040520876646, 0.0507174246013, 0.0263630785048, 0.0155017320067, 0.0110062398016, 0.00550602842122, 0.0110418349504, 0.00346875214018, 0.00383021263406, 0.00117815542035, 0.00144579191692, 0.0043882355094, 0.00126736832317, 0.00214466475882, 0.00049210654106, 5.42018767646e-07, 4.18438986571e-07],
        "mean": [0.00130393786822, 0.00887098908424, 0.00329843908548, 0.00125564949121, 0.00200161803514, 0.00131573027465, 0.000661895493977, 0.00256720464677, 0.00399335473776, 0.00154032732826, 0.00120198016521, 0.00116913125385, 0.000619786733296, 0.000439284747699, 0.000417452916736, 0.00029981075204, 0.000196622262592, 0.000173211068613, 0.00011536009697, 0.000107745858259, 7.74858417572e-05, 3.55078409484e-05, 3.95906135964e-05, 4.89213489345e-05, 8.90464343684e-06, 7.77074049552e-09, 1.74752989857e-09],
        "median": [0.000187167490367, 0.00508395861834, 0.00110373529606, 0.000580846739467, 0.000965618994087, 0.000498131325003, 0.000142997872899, 0.000615956552792, 0.000787842320278, 0.000312059302814, 0.000340047990903, 0.000236437510466, 0.000204151321668, 0.000145447687828, 0.000168749742443, 0.000113333779154, 8.11214049463e-05, 7.00154560036e-05, 4.3216146878e-05, 5.1622519095e-05, 3.07308837364e-05, 8.96515848581e-06, 1.21885268527e-05, 1.29127784021e-05, 2.59111925516e-06, 2.13893036616e-09, 3.42236822215e-10],
        "min": [1.15247914113e-24, 1.29548126251e-23, 1.2522125574e-23, 3.86623821984e-23, 7.25678826511e-23, 4.15510803927e-23, 6.51597845535e-23, 2.7088322282e-23, 6.5701530047e-23, 7.48850700524e-23, 6.92870921879e-23, 4.65135834664e-23, 1.33841498572e-22, 1.25239355364e-22, 7.56060699871e-23, 1.87440583357e-22, 8.90120858064e-23, 9.76906538582e-23, 2.24725544995e-22, 3.78722881458e-22, 3.44561720652e-22, 6.99780459884e-22, 4.38597373677e-22, 1.1630572397e-21, 1.12409442771e-21, 1.58742310826e-21, 2.37150359212e-21],
        "var": [1.12991365313e-05, 0.000246724055614, 5.48031275684e-05, 4.67601648779e-06, 8.80241441337e-06, 3.80315191251e-06, 5.95083793087e-06, 3.10239629471e-05, 7.41519470466e-05, 3.42823732353e-05, 8.9731593107e-06, 1.4425984773e-05, 2.88710816676e-06, 1.37396068567e-06, 6.40564337573e-07, 3.03402629243e-07, 2.8117455031e-07, 1.16016003915e-07, 5.97868350383e-08, 2.35534312054e-08, 1.83907200579e-08, 2.26194885045e-08, 8.8542462251e-09, 2.22754508172e-08, 9.75379110812e-10, 7.79530985863e-16, 1.62724796516e-16]
    },
    "erbbands": {
        "dmean": [0.176602080464, 1.52444970608, 3.3501200676, 3.36931228638, 3.62976145744, 3.53581833839, 5.17096185684, 5.82262945175, 5.31130743027, 14.6349754333, 38.9773139954, 50.7141151428, 36.4135742188, 26.7754096985, 30.1152744293, 30.3065834045, 25.4132556915, 20.288269043, 15.588060379, 12.7747526169, 7.01218605042, 6.65126132965, 6.29299879074, 4.83029174805, 2.84884619713, 2.81241893768, 2.06332397461, 1.7128931284, 1.02910125256, 0.768880069256, 0.710063040257, 0.623097777367, 0.333050757647, 0.110048808157, 0.00479556620121, 0.000226382297114, 1.99866990442e-05, 4.09834683524e-06, 6.47884917271e-06, 1.42560502354e-05],
        "dmean2": [0.275515288115, 2.61096382141, 6.04581069946, 6.0178360939, 6.22941255569, 5.69407129288, 8.28244876862, 9.19009780884, 8.5866985321, 21.9929943085, 58.5643501282, 76.3053817749, 58.3805084229, 43.8163833618, 44.7979164124, 45.8964920044, 42.8202629089, 33.1990814209, 26.5743618011, 20.4455280304, 11.2104854584, 10.4385290146, 9.86320781708, 7.56830501556, 4.59740352631, 4.49951601028, 3.16091752052, 2.66352558136, 1.60517919064, 1.18373477459, 1.03120732307, 0.886674702168, 0.472168385983, 0.15659968555, 0.00716265989468, 0.000335221964633, 2.90738371405e-05, 6.34603065919e-06, 1.01344330687e-05, 2.24067734962e-05],
        "dvar": [0.159199699759, 19.4176311493, 124.996894836, 88.9895782471, 49.4836997986, 47.8023605347, 82.7805023193, 120.678321838, 390.647705078, 1970.05944824, 8620.30761719, 15395.671875, 22138.1621094, 8380.63867188, 7539.77539062, 9841.62890625, 6462.36865234, 3075.73291016, 2080.46679688, 1157.80456543, 159.727645874, 516.265930176, 259.211486816, 135.340301514, 59.6140327454, 30.1409492493, 19.9604187012, 18.2926902771, 37.4691352844, 6.823179245, 3.45907855034, 3.75733852386, 1.68162381649, 0.19807548821, 0.000283649889752, 5.64396373193e-07, 3.32962657446e-09, 1.83127943365e-10, 1.40594799691e-10, 7.27456150873e-10],
        "dvar2": [0.354368269444, 53.2969703674, 358.522857666, 255.099441528, 134.542510986, 112.630493164, 200.738922119, 275.359039307, 784.866699219, 3508.15576172, 17294.1601562, 34640.0195312, 54777.234375, 22541.2402344, 13643.6005859, 19023.1914062, 17050.625, 7390.69091797, 5737.43945312, 2794.51416016, 402.575561523, 933.710510254, 659.31427002, 293.540313721, 156.313812256, 77.4482879639, 47.1847000122, 41.2801780701, 89.2389526367, 15.3190326691, 6.83028841019, 6.60595607758, 3.3722820282, 0.386000871658, 0.000550374679733, 1.06486049845e-06, 7.06825176167e-09, 4.70973982036e-10, 3.53946150167e-10, 1.82098702783e-09],
        "max": [3.71401619911, 40.7568206787, 85.0877532959, 78.486038208, 72.3382339478, 168.798858643, 136.578338623, 199.739822388, 455.393432617, 1172.93835449, 1657.27770996, 2594.51074219, 4820.25683594, 2018.00097656, 2182.62890625, 2377.46142578, 1118.18969727, 988.118347168, 466.707214355, 502.667419434, 177.225234985, 667.327270508, 248.185134888, 219.248001099, 156.551925659, 61.0025749207, 71.1417694092, 64.9706954956, 192.926361084, 53.1898002625, 32.0603752136, 44.349105835, 39.2721786499, 11.6896743774, 0.319814831018, 0.0150469755754, 0.00142784125637, 0.000250503857387, 0.000105758059362, 0.000256720843026],
        "mean": [0.245429649949, 1.98467826843, 4.26171970367, 4.08247232437, 5.47307252884, 6.20540332794, 10.205280304, 10.0514001846, 7.64796161652, 25.836397171, 71.6587905884, 94.4268493652, 60.3995857239, 40.0430488586, 53.6679115295, 49.7718048096, 31.7407798767, 26.7593917847, 19.9286785126, 21.4456501007, 13.2338085175, 10.4227743149, 10.2219457626, 8.34394836426, 4.61874389648, 4.80909585953, 3.73088598251, 2.75198411942, 1.30792868137, 1.03345859051, 1.19391143322, 1.20108342171, 0.629382610321, 0.200113862753, 0.00794426165521, 0.000406598584959, 4.38442548329e-05, 8.79739945958e-06, 1.71675492311e-05, 3.65919659089e-05],
        "median": [0.101853847504, 1.16576898098, 1.67047548294, 1.74238598347, 2.45733046532, 2.53802752495, 3.38286018372, 4.00302839279, 2.6873729229, 6.66779088974, 17.62981987, 22.2046775818, 14.3387842178, 12.4519033432, 12.8871517181, 11.6301774979, 11.4640026093, 10.8425645828, 8.45457744598, 8.84529209137, 6.71553182602, 4.43340063095, 4.23659801483, 2.81687521935, 2.22946596146, 2.24207663536, 1.41866648197, 1.0266405344, 0.385812938213, 0.280348867178, 0.341766983271, 0.296013593674, 0.177229300141, 0.0572000257671, 0.00169209984597, 0.000109129687189, 1.98751076823e-05, 4.40643816546e-06, 1.30666703626e-05, 2.79796404357e-05],
        "min": [6.10117948795e-22, 2.13748640163e-21, 1.29850424818e-20, 8.17529030392e-20, 6.87883397399e-20, 2.91453650864e-19, 5.73990811712e-19, 3.0965844858e-19, 9.16681348036e-19, 6.9817393781e-19, 8.38855956706e-19, 1.35538299655e-18, 2.01153264373e-18, 2.50578195192e-18, 2.09192260515e-18, 2.32768355539e-18, 5.05370131142e-18, 6.76495519188e-18, 5.13035034852e-18, 4.71972217602e-18, 9.66869332291e-18, 5.05251472083e-18, 5.86720490614e-18, 7.71639983913e-18, 2.05263892932e-17, 1.35468336719e-17, 1.17998571695e-17, 1.59042463053e-17, 2.72048619248e-17, 1.80603355853e-17, 1.3263826233e-17, 2.34230500669e-17, 1.71952006175e-17, 1.18318980105e-17, 9.13269269368e-18, 5.42655752202e-18, 3.23742796001e-18, 1.19542415387e-18, 3.05344701685e-19, 3.70575880448e-20],
        "var": [0.196465998888, 14.317896843, 80.2133636475, 62.8061561584, 66.0188217163, 143.392578125, 263.82711792, 262.62399292, 577.333557129, 6231.04736328, 22331.1308594, 47133.296875, 45315.984375, 11603.4833984, 22840.640625, 25228.7636719, 6062.97509766, 4145.56445312, 1743.59240723, 1757.51452637, 356.743591309, 970.061889648, 419.812072754, 328.418151855, 64.7810134888, 48.7337188721, 45.4480857849, 29.6886577606, 37.1706428528, 10.3691768646, 7.92336797714, 11.6015586853, 3.86136937141, 0.485858052969, 0.000754064472858, 1.60979720931e-06, 8.86523299215e-09, 3.03026659321e-10, 2.31972635545e-10, 1.09054665298e-09]
    },
    "gfcc": {
        "mean": [-60.4516983032, 148.821243286, -150.716049194, 40.0673789978, -65.1414413452, 24.2402915955, -22.0486030579, -0.534465909004, -0.421274602413, -20.3048725128, 7.52371406555, -25.4435005188, 9.34693908691],
        "cov": [[8374.22363281, -210.6847229, -648.792724609, 242.233123779, -378.943328857, 75.8638534546, -65.1276092529, 278.221893311, -36.5541763306, -19.7745857239, 49.3173103333, -229.988601685, 30.686384201], [-210.6847229, 1053.81518555, 522.574462891, 77.6889648438, 461.950164795, -38.1706428528, 234.501831055, -103.187149048, 106.234313965, -68.5137176514, -3.5402443409, -9.21182060242, -14.4866333008], [-648.792724609, 522.574462891, 1073.37866211, 321.838195801, 371.217895508, 298.431152344, 164.984863281, 48.3297042847, 68.2741165161, -23.8052902222, -8.96358585358, -5.9132475853, -13.5417423248], [242.233123779, 77.6889648438, 321.838195801, 542.844665527, 247.941680908, 140.796020508, 31.8103809357, -22.8218002319, 102.891807556, 34.3367576599, -17.9190502167, -11.1815662384, -35.1409416199], [-378.943328857, 461.950164795, 371.217895508, 247.941680908, 493.537597656, 104.427520752, 165.382034302, -33.0329742432, 79.6679763794, 0.0834825187922, -2.93202638626, 7.81928157806, -16.8388881683], [75.8638534546, -38.1706428528, 298.431152344, 140.796020508, 104.427520752, 342.109191895, 127.423652649, 87.1514511108, -3.72621297836, 10.9231834412, 47.0395355225, 1.02214539051, -10.4940900803], [-65.1276092529, 234.501831055, 164.984863281, 31.8103809357, 165.382034302, 127.423652649, 286.690490723, 42.0032653809, 11.3489303589, -25.2312068939, 27.9558067322, 3.28702926636, -6.53462314606], [278.221893311, -103.187149048, 48.3297042847, -22.8218002319, -33.0329742432, 87.1514511108, 42.0032653809, 226.625961304, 33.0322914124, 42.6706466675, 22.0887622833, -35.4588928223, 29.7038593292], [-36.5541763306, 106.234313965, 68.2741165161, 102.891807556, 79.6679763794, -3.72621297836, 11.3489303589, 33.0322914124, 147.313217163, 56.5556907654, -2.85364294052, -7.82864665985, -5.82123947144], [-19.7745857239, -68.5137176514, -23.8052902222, 34.3367576599, 0.0834825187922, 10.9231834412, -25.2312068939, 42.6706466675, 56.5556907654, 106.943344116, 36.7005233765, 7.44467306137, 6.05634498596], [49.3173103333, -3.5402443409, -8.96358585358, -17.9190502167, -2.93202638626, 47.0395355225, 27.9558067322, 22.0887622833, -2.85364294052, 36.7005233765, 104.588272095, 46.7039489746, 4.84675741196], [-229.988601685, -9.21182060242, -5.9132475853, -11.1815662384, 7.81928157806, 1.02214539051, 3.28702926636, -35.4588928223, -7.82864665985, 7.44467306137, 46.7039489746, 111.264183044, 31.5981769562], [30.686384201, -14.4866333008, -13.5417423248, -35.1409416199, -16.8388881683, -10.4940900803, -6.53462314606, 29.7038593292, -5.82123947144, 6.05634498596, 4.84675741196, 31.5981769562, 80.3996200562]],
        "icov": [[0.000195100641577, -0.000367637258023, 0.000351630325895, -0.000436388043454, 0.00037179022911, -0.0002783134114, 0.000161165677127, -0.000365314772353, 0.000275095080724, 0.00012693964527, -0.000156972062541, 0.000334885175107, -0.000194406471564], [-0.000367637258023, 0.0047982451506, -0.00254304590635, 0.00230009690858, -0.00329367723316, 0.00320693361573, -0.00214850134216, 0.00285165663809, -0.00354081764817, 0.00250285863876, -0.00285803410225, 0.00196388573386, -0.000961992482189], [0.000351630325895, -0.00254304590635, 0.00316828419454, -0.00174344412517, 0.00097840547096, -0.00289967772551, 0.00131822552066, -0.00188349315431, 0.00145821680781, -0.000192343679373, 0.00152659567539, -0.000732559768949, 0.000124581769342], [-0.000436388043454, 0.00230009690858, -0.00174344412517, 0.0047523365356, -0.00285671465099, 0.000214014260564, -0.000150759879034, 0.00236173439771, -0.00326549913734, 0.000141511540278, 5.82534994464e-05, 0.000200910959393, 0.000579745159484], [0.00037179022911, -0.00329367723316, 0.00097840547096, -0.00285671465099, 0.00641352962703, -0.00178364396561, -0.000610410992522, -0.000931643357035, 0.00142690818757, -0.00179728073999, 0.00176201330032, -0.00100344815291, 0.000112693014671], [-0.0002783134114, 0.00320693361573, -0.00289967772551, 0.000214014260564, -0.00178364396561, 0.00796181615442, -0.00311144883744, -1.83702832146e-05, -0.000143570287037, 0.000957201758865, -0.00357141252607, 0.000992676592432, 0.000451409287052], [0.000161165677127, -0.00214850134216, 0.00131822552066, -0.000150759879034, -0.000610410992522, -0.00311144883744, 0.00674745999277, -0.00222019758075, 0.000730577798095, 0.00147794862278, -0.000179861410288, -0.000830382225104, 0.000820966204628], [-0.000365314772353, 0.00285165663809, -0.00188349315431, 0.00236173439771, -0.000931643357035, -1.83702832146e-05, -0.00222019758075, 0.0094503313303, -0.00407274765894, -0.000688202795573, -0.00279159401543, 0.00497980741784, -0.00453303474933], [0.000275095080724, -0.00354081764817, 0.00145821680781, -0.00326549913734, 0.00142690818757, -0.000143570287037, 0.000730577798095, -0.00407274765894, 0.0141879590228, -0.00792740937322, 0.00414533540606, -0.00222032819875, 0.00216666050255], [0.00012693964527, 0.00250285863876, -0.000192343679373, 0.000141511540278, -0.00179728073999, 0.000957201758865, 0.00147794862278, -0.000688202795573, -0.00792740937322, 0.0184435192496, -0.00847747921944, 0.00264482572675, -0.0019368166104], [-0.000156972062541, -0.00285803410225, 0.00152659567539, 5.82534994464e-05, 0.00176201330032, -0.00357141252607, -0.000179861410288, -0.00279159401543, 0.00414533540606, -0.00847747921944, 0.0192984361202, -0.00995018798858, 0.00443307263777], [0.000334885175107, 0.00196388573386, -0.000732559768949, 0.000200910959393, -0.00100344815291, 0.000992676592432, -0.000830382225104, 0.00497980741784, -0.00222032819875, 0.00264482572675, -0.00995018798858, 0.0177652984858, -0.00853958819062], [-0.000194406471564, -0.000961992482189, 0.000124581769342, 0.000579745159484, 0.000112693014671, 0.000451409287052, 0.000820966204628, -0.00453303474933, 0.00216666050255, -0.0019368166104, 0.00443307263777, -0.00853958819062, 0.0178288109601]]
    },
    "melbands": {
        "dmean": [0.0016489608679, 0.00182422844227, 0.000580058782361, 0.000248509313678, 0.000166523212101, 0.000127036168124, 8.68906281539e-05, 0.000171118226717, 0.000356806645868, 0.000318710022839, 0.000180660150363, 0.00010812770779, 9.22469043871e-05, 8.76446429174e-05, 7.13695335435e-05, 5.60018634133e-05, 3.76442585548e-05, 2.64976588369e-05, 2.13534349314e-05, 1.79904654942e-05, 7.12609607945e-06, 7.9555238699e-06, 5.90852278037e-06, 5.29400676896e-06, 4.24145764555e-06, 2.15350087274e-06, 2.28297085414e-06, 1.98976385946e-06, 1.43836075495e-06, 1.12942268515e-06, 1.08349240691e-06, 6.33292813745e-07, 4.58253879287e-07, 4.43258244331e-07, 4.34180236653e-07, 4.49666174518e-07, 3.73973534806e-07, 2.50437921068e-07, 2.06066985697e-07, 5.80272754291e-08],
        "dmean2": [0.00262331659906, 0.00322657008655, 0.00102981133386, 0.000412487977883, 0.000267827126663, 0.000199436792172, 0.000139654599479, 0.000257867272012, 0.000537061365321, 0.000477411260363, 0.000291780539555, 0.000178587826667, 0.000142426448292, 0.000137835377245, 0.000111489942356, 9.53727721935e-05, 6.11884024693e-05, 4.59190923721e-05, 3.39917933161e-05, 2.86175436486e-05, 1.14741187645e-05, 1.22761939565e-05, 9.2726895673e-06, 8.63506193127e-06, 6.59736633679e-06, 3.52653796654e-06, 3.7225449887e-06, 3.16341106554e-06, 2.23839492719e-06, 1.76303421995e-06, 1.7032497226e-06, 9.94238462226e-07, 7.21146705018e-07, 6.98209930761e-07, 6.53084669011e-07, 6.61725778173e-07, 5.28115720044e-07, 3.52055621988e-07, 3.01335290942e-07, 8.74464518574e-08],
        "dvar": [1.64272969414e-05, 3.42068196915e-05, 2.35054676523e-06, 2.2025868418e-07, 8.00761057462e-08, 5.07237132297e-08, 9.95865505615e-08, 2.46704217943e-07, 7.10139602234e-07, 6.33870456568e-07, 5.60189562293e-07, 1.39976208402e-07, 6.43331858896e-08, 8.14313949604e-08, 5.45513501038e-08, 2.89529946684e-08, 1.08791953224e-08, 6.98060853566e-09, 3.0491960068e-09, 1.70726688342e-09, 1.64547223069e-10, 9.04448682615e-10, 2.36787978114e-10, 2.02586072917e-10, 1.06039219072e-10, 3.77700093424e-11, 2.66187263204e-11, 1.31174810597e-11, 9.47244366278e-12, 6.90425407818e-12, 8.17866000619e-12, 1.46638812204e-11, 4.82243845551e-12, 2.26521666008e-12, 1.3555288619e-12, 1.70104501231e-12, 1.41260451687e-12, 8.45786656857e-13, 8.67239006302e-13, 4.99743814581e-14],
        "dvar2": [3.95513379772e-05, 9.60064935498e-05, 6.71498355587e-06, 5.75371700506e-07, 1.94985744884e-07, 1.16637892233e-07, 1.96539772901e-07, 4.33634824049e-07, 1.40596443998e-06, 1.42995747865e-06, 1.3951978417e-06, 3.77779969085e-07, 1.25637470205e-07, 1.58588605359e-07, 1.27501692759e-07, 7.61943326211e-08, 2.5123549463e-08, 1.89741928835e-08, 7.57868168222e-09, 4.21859791544e-09, 4.13110323727e-10, 1.41975353696e-09, 6.17183082419e-10, 5.00186836394e-10, 2.185044784e-10, 9.69523628047e-11, 7.15014436548e-11, 3.33334818081e-11, 2.15656572461e-11, 1.63095231764e-11, 1.84880218773e-11, 3.41971589934e-11, 1.16357947583e-11, 5.47948492136e-12, 2.8473790166e-12, 3.12508612738e-12, 2.63471514571e-12, 1.54409731529e-12, 1.91438575062e-12, 1.00983362839e-13],
        "max": [0.0366820544004, 0.048664920032, 0.0138932382688, 0.00673549994826, 0.00362723460421, 0.00388376321644, 0.00798019766808, 0.012826455757, 0.0161708649248, 0.0153886284679, 0.0239071473479, 0.00815855525434, 0.00587672833353, 0.00669147446752, 0.00365335238166, 0.0022112634033, 0.0016127784038, 0.000937848468311, 0.000911040464416, 0.000521273410413, 0.00018420474953, 0.000981086748652, 0.000305951136397, 0.000251360121183, 0.000188867954421, 0.000145919664646, 7.16349895811e-05, 3.74602313968e-05, 5.09270721523e-05, 5.63303328818e-05, 4.66170058644e-05, 0.000121978104289, 6.44576866762e-05, 3.28101086779e-05, 2.03254112421e-05, 3.1558523915e-05, 2.6342286219e-05, 2.56131679635e-05, 2.74445847026e-05, 5.83608925808e-06],
        "mean": [0.00237152562477, 0.00245809322223, 0.000761914532632, 0.000410990527598, 0.00034579297062, 0.000226921445574, 0.000120880802569, 0.000311215029797, 0.000634645286482, 0.000591914809775, 0.000287488714093, 0.000154283989104, 0.000157288654009, 0.000142530654557, 0.000101942794572, 6.23176019872e-05, 4.80922353745e-05, 2.96006201097e-05, 3.1036684959e-05, 2.93523680739e-05, 1.20107315524e-05, 1.1806533621e-05, 8.98139387573e-06, 8.16020747152e-06, 6.85073382556e-06, 3.11352096105e-06, 3.38642030329e-06, 3.214358685e-06, 2.5517197173e-06, 1.77519916633e-06, 1.57255090016e-06, 7.74942577664e-07, 5.17152727753e-07, 5.81899257668e-07, 6.56491465634e-07, 8.12490270619e-07, 6.89038131441e-07, 4.5078866151e-07, 3.58238509079e-07, 9.4716696708e-08],
        "median": [0.00121930846944, 0.0011934984941, 0.000371633359464, 0.000173327644006, 0.000121053555631, 9.06742934603e-05, 3.55306328856e-05, 7.28976810933e-05, 0.000127140810946, 0.000122098557767, 5.85302004765e-05, 3.80871460948e-05, 4.03445446864e-05, 3.05978574033e-05, 2.47432526521e-05, 1.83294523595e-05, 1.71067604242e-05, 1.02714193417e-05, 1.15224174806e-05, 9.8213840829e-06, 6.24805852567e-06, 4.47189540864e-06, 3.46301089849e-06, 2.88525620817e-06, 1.94214521798e-06, 1.3889582533e-06, 1.43697627664e-06, 1.32166155709e-06, 8.73083251918e-07, 6.98101132457e-07, 5.11199687026e-07, 2.03523555342e-07, 1.17625468476e-07, 1.54109940809e-07, 1.91679589534e-07, 1.91299506014e-07, 1.59021013246e-07, 1.16614906176e-07, 1.11616792253e-07, 1.99906153853e-08],
        "min": [4.09921077548e-24, 4.85852252891e-24, 1.35304680934e-23, 1.02536803104e-23, 2.03040459219e-23, 7.55095607439e-24, 1.34858516983e-23, 7.57953413841e-24, 9.03882426115e-24, 7.97567168601e-24, 1.02170929416e-23, 1.0133857072e-23, 8.55872903626e-24, 5.50919354177e-24, 6.23968228988e-24, 1.43873193423e-23, 1.27614486177e-23, 8.82348258896e-24, 6.30586180337e-24, 9.75040283007e-24, 1.13705819233e-23, 4.27652580216e-24, 6.41127334183e-24, 4.86809969473e-24, 5.99019556227e-24, 1.0185585837e-23, 1.86746426781e-23, 6.99753070633e-24, 6.69426338651e-24, 6.39226652718e-24, 1.01371852762e-23, 1.70484532537e-23, 1.13810493186e-23, 9.33485220444e-24, 6.90833262606e-24, 1.09232133819e-23, 1.48607195047e-23, 1.22387004725e-23, 1.15456806453e-23, 8.80103318532e-24],
        "var": [1.73370954144e-05, 2.31809408433e-05, 1.70470650573e-06, 4.00674252887e-07, 2.92903308718e-07, 1.19459286907e-07, 1.64180761431e-07, 8.14219561107e-07, 1.86012789527e-06, 2.11967176256e-06, 1.1424033346e-06, 2.04585234087e-07, 1.76381846018e-07, 1.87330655876e-07, 9.88604540453e-08, 2.68016968619e-08, 1.50096965967e-08, 5.61450974601e-09, 3.9469929547e-09, 3.16899950725e-09, 2.81957873716e-10, 1.85182358337e-09, 3.09848813274e-10, 3.04739788959e-10, 2.68622540878e-10, 3.90250158577e-11, 3.31951480192e-11, 2.28223915461e-11, 2.27460671826e-11, 1.13188547077e-11, 1.30840087029e-11, 1.48077331646e-11, 5.35857165931e-12, 3.16099772225e-12, 2.5539219177e-12, 4.95454849023e-12, 4.11614102178e-12, 2.18173569488e-12, 1.51124880839e-12, 1.31901027644e-13]
    },
    "mfcc": {
        "mean": [-679.114074707, 147.026947021, -7.45034790039, 10.4728775024, 1.83988451958, 7.3753118515, 5.33114814758, 7.39345121384, 3.77711224556, 10.9715852737, -5.4433093071, 6.27044534683, -6.48891878128],
        "cov": [[7329.82910156, -385.374450684, -681.947875977, 74.4856109619, -329.88092041, -275.446990967, -64.2691955566, -23.6216220856, -43.8500862122, 181.420394897, -66.5873641968, 160.826843262, -197.080001831], [-385.374450684, 1156.17224121, 183.235198975, 171.176742554, 179.191055298, 135.289337158, 133.802902222, 93.0225448608, 86.7464447021, -12.350941658, 35.271987915, -21.5722618103, 39.2584686279], [-681.947875977, 183.235198975, 736.065612793, 133.195129395, 255.815093994, 222.054855347, 156.334350586, 147.767364502, 86.0107727051, 62.9956817627, 48.7171173096, 15.8812980652, 40.4195213318], [74.4856109619, 171.176742554, 133.195129395, 414.325073242, 200.743743896, 194.137054443, -1.59153914452, 54.2873954773, 58.7187805176, 45.0478668213, 32.2824440002, 4.94189167023, 33.2663955688], [-329.88092041, 179.191055298, 255.815093994, 200.743743896, 361.536773682, 172.190444946, 80.5646133423, 59.9667053223, 80.152671814, 64.7298126221, 37.1225166321, 45.8319320679, 21.0618019104], [-275.446990967, 135.289337158, 222.054855347, 194.137054443, 172.190444946, 363.133056641, 106.663002014, 118.858711243, 9.28629875183, 28.1378974915, 37.3137931824, -10.1383810043, 39.6982002258], [-64.2691955566, 133.802902222, 156.334350586, -1.59153914452, 80.5646133423, 106.663002014, 304.870788574, 128.548248291, 56.3285064697, 40.9340820312, 20.4644966125, 43.4097633362, -21.0956630707], [-23.6216220856, 93.0225448608, 147.767364502, 54.2873954773, 59.9667053223, 118.858711243, 128.548248291, 165.174697876, 44.3905944824, 39.6026763916, 20.9408817291, 10.1973648071, 13.4686393738], [-43.8500862122, 86.7464447021, 86.0107727051, 58.7187805176, 80.152671814, 9.28629875183, 56.3285064697, 44.3905944824, 152.090499878, 66.1846618652, 25.8634777069, 17.2406311035, 0.914550900459], [181.420394897, -12.350941658, 62.9956817627, 45.0478668213, 64.7298126221, 28.1378974915, 40.9340820312, 39.6026763916, 66.1846618652, 158.375701904, 41.6466178894, 43.9832878113, -13.0655069351], [-66.5873641968, 35.271987915, 48.7171173096, 32.2824440002, 37.1225166321, 37.3137931824, 20.4644966125, 20.9408817291, 25.8634777069, 41.6466178894, 100.398887634, 38.7959480286, 17.693315506], [160.826843262, -21.5722618103, 15.8812980652, 4.94189167023, 45.8319320679, -10.1383810043, 43.4097633362, 10.1973648071, 17.2406311035, 43.9832878113, 38.7959480286, 117.151542664, 17.6178359985], [-197.080001831, 39.2584686279, 40.4195213318, 33.2663955688, 21.0618019104, 39.6982002258, -21.0956630707, 13.4686393738, 0.914550900459, -13.0655069351, 17.693315506, 17.6178359985, 99.7267684937]],
