{
"lowlevel": {
    "average_loudness": 0.91309183836,
    "barkbands_crest": {
        "dmean": 1.82781386375,
        "dmean2": 2.86181139946,
        "dvar": 2.99061727524,
        "dvar2": 7.18536615372,
        "max": 26.4943199158,
        "mean": 10.2157793045,
        "median": 9.4485206604,
        "min": 3.0098028183,
        "var": 15.5554523468
    },
    "barkbands_flatness_db": {
        "dmean": 0.0181793756783,
        "dmean2": 0.0276544466615,
        "dvar": 0.00031877271249,
        "dvar2": 0.000670928624459,
        "max": 0.433010846376,
        "mean": 0.246102020144,
        "median": 0.249845772982,
        "min": 0.0734343156219,
        "var": 0.00212149787694
    },
    "barkbands_kurtosis": {
        "dmean": 1.75469052792,
        "dmean2": 2.75211286545,
        "dvar": 32.2211151123,
        "dvar2": 70.7997055054,
        "max": 243.823104858,
        "mean": 3.42991518974,
        "median": 2.02675962448,
        "min": -1.82576608658,
        "var": 61.461063385
    },
    "barkbands_skewness": {
        "dmean": 0.340702086687,
        "dmean2": 0.510492444038,
        "dvar": 0.182070076466,
        "dvar2": 0.393057525158,
        "max": 13.9096250534,
        "mean": 1.06298935413,
        "median": 0.966580629349,
        "min": -1.2377923727,
        "var": 0.955017149448
    },
    "barkbands_spread": {
        "dmean": 2.08614087105,
        "dmean2": 3.06091141701,
        "dvar": 16.6011276245,
        "dvar2": 26.7390480042,
        "max": 69.3168945312,
        "mean": 9.43249702454,
        "median": 7.70930242538,
        "min": 0.440669983625,
        "var": 71.1838684082
    },
    "dissonance": {
        "dmean": 0.0286674536765,
        "dmean2": 0.047998983413,
        "dvar": 0.000697801122442,
        "dvar2": 0.0019368986832,
        "max": 0.49999794364,
        "mean": 0.429440140724,
        "median": 0.435620427132,
        "min": 0.255034565926,
        "var": 0.00178765528835
    },
    "dynamic_complexity": 3.57278585434,
    "erbbands_crest": {
        "dmean": 2.49921655655,
        "dmean2": 4.00733757019,
        "dvar": 5.58800077438,
        "dvar2": 14.6299381256,
        "max": 30.3582000732,
        "mean": 11.7196750641,
        "median": 10.7563686371,
        "min": 3.78118181229,
        "var": 21.2830181122
    },
    "erbbands_flatness_db": {
        "dmean": 0.0143543221056,
        "dmean2": 0.0207958165556,
        "dvar": 0.00023646466434,
        "dvar2": 0.000465261808131,
        "max": 0.406021475792,
        "mean": 0.28252068162,
        "median": 0.286208510399,
        "min": 0.131172701716,
        "var": 0.00186863087583
    },
    "erbbands_kurtosis": {
        "dmean": 1.19152128696,
        "dmean2": 1.88970994949,
        "dvar": 2.63128709793,
        "dvar2": 6.20703697205,
        "max": 36.4708099365,
        "mean": 1.81751382351,
        "median": 0.967826604843,
        "min": -1.82882738113,
        "var": 8.25050163269
    },
    "erbbands_skewness": {
        "dmean": 0.330763697624,
        "dmean2": 0.505571603775,
        "dvar": 0.107470922172,
        "dvar2": 0.231132090092,
        "max": 5.51693105698,
        "mean": 0.749002754688,
        "median": 0.72204887867,
        "min": -2.37398099899,
        "var": 0.61726295948
    },
    "erbbands_spread": {
        "dmean": 3.77314901352,
        "dmean2": 5.71359825134,
        "dvar": 37.6477012634,
        "dvar2": 72.8523406982,
        "max": 91.9295883179,
        "mean": 17.4289627075,
        "median": 14.2830238342,
        "min": 3.12686753273,
        "var": 157.916748047
    },
    "hfc": {
        "dmean": 3.48011207581,
        "dmean2": 5.18759965897,
        "dvar": 42.3607673645,
        "dvar2": 89.44871521,
        "max": 122.990203857,
        "mean": 14.2580776215,
        "median": 10.0540027618,
        "min": 4.72313768114e-05,
        "var": 194.32635498
    },
    "melbands_crest": {
        "dmean": 2.32287144661,
        "dmean2": 3.70602059364,
        "dvar": 5.05126047134,
        "dvar2": 12.9919576645,
        "max": 32.0552520752,
        "mean": 12.5789699554,
        "median": 11.4531145096,
        "min": 2.82874774933,
        "var": 24.2329349518
    },
    "melbands_flatness_db": {
        "dmean": 0.0191058237106,
        "dmean2": 0.0266753043979,
        "dvar": 0.000543038942851,
        "dvar2": 0.000974416616373,
        "max": 0.479068160057,
        "mean": 0.297645688057,
        "median": 0.303336828947,
        "min": 0.0366726852953,
        "var": 0.00468654325232
    },
    "melbands_kurtosis": {
        "dmean": 2.36835169792,
        "dmean2": 3.68742060661,
        "dvar": 28.6894664764,
        "dvar2": 65.3948440552,
        "max": 179.843887329,
        "mean": 5.14422941208,
        "median": 3.15050172806,
        "min": -1.73002505302,
        "var": 70.3917236328
    },
    "melbands_skewness": {
        "dmean": 0.371499598026,
        "dmean2": 0.570965051651,
        "dvar": 0.196252897382,
        "dvar2": 0.455717563629,
        "max": 9.19229412079,
        "mean": 1.34289598465,
        "median": 1.18812763691,
        "min": -0.703131437302,
        "var": 1.04697966576
    },
    "melbands_spread": {
        "dmean": 3.12447309494,
        "dmean2": 4.56118297577,
        "dvar": 47.4872512817,
        "dvar2": 89.4745483398,
        "max": 133.279937744,
        "mean": 13.2349634171,
        "median": 10.716506958,
        "min": 0.59590613842,
        "var": 151.782394409
    },
    "pitch_salience": {
        "dmean": 0.050568304956,
        "dmean2": 0.0811795964837,
        "dvar": 0.00218449789099,
        "dvar2": 0.00545137515292,
        "max": 0.84076488018,
        "mean": 0.589383661747,
        "median": 0.60282355547,
        "min": 0.0756929144263,
        "var": 0.00997282657772
    },
    "silence_rate_20dB": {
        "dmean": 0,
        "dmean2": 0,
        "dvar": 0,
        "dvar2": 0,
        "max": 1,
        "mean": 1,
        "median": 1,
        "min": 1,
        "var": 0
    },
    "silence_rate_30dB": {
        "dmean": 0,
        "dmean2": 0,
        "dvar": 0,
        "dvar2": 0,
        "max": 1,
        "mean": 1,
        "median": 1,
        "min": 1,
        "var": 0
    },
    "silence_rate_60dB": {
        "dmean": 0.0139426803216,
        "dmean2": 0.0278961639851,
        "dvar": 0.0137484259903,
        "dvar2": 0.0309924222529,
        "max": 1,
        "mean": 0.096786685288,
        "median": 0,
        "min": 0,
        "var": 0.0874202549458
    },
    "spectral_centroid": {
        "dmean": 100.889350891,
        "dmean2": 145.156097412,
        "dvar": 55976.3203125,
        "dvar2": 95514.8515625,
        "max": 3994.49438477,
        "mean": 702.733520508,
        "median": 592.484863281,
        "min": 252.91027832,
        "var": 227074.953125
    },
    "spectral_complexity": {
        "dmean": 1.96669244766,
        "dmean2": 3.15265393257,
        "dvar": 4.03142642975,
        "dvar2": 8.39437580109,
        "max": 39,
        "mean": 14.2055749893,
        "median": 14,
        "min": 0,
        "var": 32.0303382874
    },
    "spectral_decrease": {
        "dmean": 1.3825808276e-09,
        "dmean2": 2.10764650177e-09,
        "dvar": 4.09252488426e-18,
        "dvar2": 9.85579082412e-18,
        "max": -2.05542675165e-14,
        "mean": -6.06706551665e-09,
        "median": -5.21073051374e-09,
        "min": -3.18475485983e-08,
        "var": 1.91448355428e-17
    },
    "spectral_energy": {
        "dmean": 0.00546704046428,
        "dmean2": 0.00834407564253,
        "dvar": 6.38984638499e-05,
        "dvar2": 0.000152821303345,
        "max": 0.127269312739,
        "mean": 0.0241917595267,
        "median": 0.0207918211818,
        "min": 8.18605911945e-08,
        "var": 0.000304714922095
    },
    "spectral_energyband_high": {
        "dmean": 0.000162254102179,
        "dmean2": 0.000225841693464,
        "dvar": 6.73597583045e-07,
        "dvar2": 1.31249282731e-06,
        "max": 0.0198498666286,
        "mean": 0.000301288935589,
        "median": 8.73110548127e-06,
        "min": 2.91830504207e-10,
        "var": 1.98313250621e-06
    },
    "spectral_energyband_low": {
        "dmean": 0.00068912410643,
        "dmean2": 0.00107575696893,
        "dvar": 1.17513582154e-06,
        "dvar2": 2.91501191896e-06,
        "max": 0.0201751664281,
        "mean": 0.00270862272009,
        "median": 0.00211513717659,
        "min": 1.70526948118e-09,
        "var": 7.81840481068e-06
    },
    "spectral_energyband_middle_high": {
        "dmean": 0.00108131289016,
        "dmean2": 0.00155651988462,
        "dvar": 6.73644672133e-06,
        "dvar2": 1.46518341353e-05,
        "max": 0.0682989135385,
        "mean": 0.00373792997561,
        "median": 0.00195877067745,
        "min": 5.64738478204e-09,
        "var": 2.97203405353e-05
    },
    "spectral_energyband_middle_low": {
        "dmean": 0.00498026004061,
        "dmean2": 0.00765988463536,
        "dvar": 5.4737978644e-05,
        "dvar2": 0.000135728085297,
        "max": 0.112833358347,
        "mean": 0.0184852555394,
        "median": 0.0151874218136,
        "min": 7.43004449077e-08,
        "var": 0.000215136285988
    },
    "spectral_entropy": {
        "dmean": 0.145853430033,
        "dmean2": 0.205949380994,
        "dvar": 0.0294437743723,
        "dvar2": 0.0533450692892,
        "max": 8.45230579376,
        "mean": 6.63567209244,
        "median": 6.58013963699,
        "min": 5.13371610641,
        "var": 0.190408617258
    },
    "spectral_flux": {
        "dmean": 0.0152888176963,
        "dmean2": 0.0241251718253,
        "dvar": 0.000420062133344,
        "dvar2": 0.000929046655074,
        "max": 0.305433392525,
        "mean": 0.0542892813683,
        "median": 0.0462970286608,
        "min": 0.000286112888716,
        "var": 0.00132948125247
    },
    "spectral_kurtosis": {
        "dmean": 10.6230688095,
        "dmean2": 18.4520435333,
        "dvar": 126.104293823,
        "dvar2": 359.515716553,
        "max": 130.75769043,
        "mean": 22.3710460663,
        "median": 16.5105323792,
        "min": -1.23003351688,
        "var": 353.532012939
    },
    "spectral_rms": {
        "dmean": 0.000507082673721,
        "dmean2": 0.000756344059482,
        "dvar": 3.96983097062e-07,
        "dvar2": 8.79608364812e-07,
        "max": 0.0111429430544,
        "mean": 0.00448404299095,
        "median": 0.00450385455042,
        "min": 8.93666583579e-06,
        "var": 3.49512629327e-06
    },
    "spectral_rolloff": {
        "dmean": 170.446609497,
        "dmean2": 283.069091797,
        "dvar": 268891.1875,
        "dvar2": 488423.0625,
        "max": 6567.62695312,
        "mean": 930.813293457,
        "median": 732.12890625,
        "min": 150.732421875,
        "var": 859455.5
    },
    "spectral_skewness": {
        "dmean": 0.733030974865,
        "dmean2": 1.24393844604,
        "dvar": 0.457499951124,
        "dvar2": 1.25727677345,
        "max": 9.18033599854,
        "mean": 3.09256148338,
        "median": 2.91685509682,
        "min": -0.349886983633,
        "var": 1.69264042377
    },
    "spectral_spread": {
        "dmean": 320308.46875,
        "dmean2": 483757.96875,
        "dvar": 173467353088,
        "dvar2": 299755470848,
        "max": 13667451,
        "mean": 2119392.5,
        "median": 1831649.5,
        "min": 716150.0625,
        "var": 1.2048653353e+12
    },
    "spectral_strongpeak": {
        "dmean": 0.427371412516,
        "dmean2": 0.705570042133,
        "dvar": 0.362988233566,
        "dvar2": 0.868861675262,
        "max": 10.3750104904,
        "mean": 1.37581300735,
        "median": 1.08569717407,
        "min": 0.0028571288567,
        "var": 1.32276964188
    },
    "zerocrossingrate": {
        "dmean": 0.00461711315438,
        "dmean2": 0.00543087534606,
        "dvar": 7.80991758802e-05,
        "dvar2": 7.59729155106e-05,
        "max": 0.2119140625,
        "mean": 0.0337817668915,
        "median": 0.0283203125,
        "min": 0.00732421875,
        "var": 0.00058537744917
    },
    "barkbands": {
        "dmean": [2.25308776862e-05, 0.00023783177312, 0.000368290609913, 0.000650224741548, 0.00180859665852, 0.000979555072263, 0.00121366733219, 0.00196755677462, 0.000808595854323, 0.000727743434254, 0.000325250235619, 0.000129412990646, 0.000316825375194, 0.000196616150788, 0.000129185878905, 4.74037697131e-05, 6.3983075961e-05, 5.85974303249e-05, 1.38089380926e-05, 4.28348030255e-05, 4.95744097861e-05, 6.11131617916e-05, 3.68186665582e-05, 7.22440199752e-06, 3.60958256351e-06, 4.16039691586e-09, 9.24997412e-10],
        "dmean2": [4.04474594689e-05, 0.000362543476513, 0.00056860758923, 0.00109076616354, 0.00276155397296, 0.00153079489246, 0.00189223629422, 0.00315583031625, 0.00120114849415, 0.00102857244201, 0.000506446987856, 0.000188052043086, 0.000488167541334, 0.000301541527733, 0.000194368229131, 7.47839003452e-05, 9.89041654975e-05, 9.31503891479e-05, 2.18527529796e-05, 7.04421763658e-05, 7.31896798243e-05, 8.46933398861e-05, 5.25984432898e-05, 1.01629548226e-05, 5.23986182088e-06, 6.74711087001e-09, 1.69625447022e-09],
        "dvar": [3.1351850005e-09, 1.26290260027e-07, 3.96505754452e-07, 2.41536804424e-06, 1.08018502942e-05, 1.12066454676e-05, 4.53913116871e-06, 1.47918999573e-05, 7.08469133315e-06, 2.87142188427e-06, 6.4363285901e-07, 1.39690072842e-07, 1.3262201719e-06, 6.28852376394e-07, 2.26133806791e-07, 4.11543474854e-08, 5.95571947315e-08, 1.30981916868e-07, 2.75231792912e-09, 8.45391383564e-08, 9.18878342304e-08, 1.47950487417e-07, 2.06149959325e-08, 9.82119274795e-10, 3.74583641882e-10, 9.23288464759e-16, 2.1250631828e-18],
        "dvar2": [1.03168247279e-08, 2.96589803384e-07, 9.19674278066e-07, 7.20518210073e-06, 2.94613673759e-05, 3.03397719108e-05, 1.10364189823e-05, 3.75117924705e-05, 1.6740810679e-05, 5.55668202651e-06, 1.5800616211e-06, 2.11090522839e-07, 2.68224312094e-06, 1.40287863815e-06, 4.23851133746e-07, 7.96958943283e-08, 1.38151662554e-07, 3.35567108323e-07, 6.86805368133e-09, 2.32096795116e-07, 2.01278638201e-07, 2.78774109574e-07, 3.84218914462e-08, 1.85358584037e-09, 7.52821194272e-10, 2.36663228924e-15, 6.39196787315e-18],
        "max": [0.00134167226497, 0.00512571493164, 0.0155094079673, 0.0230688098818, 0.0401705428958, 0.0962745174766, 0.0387054234743, 0.0571062453091, 0.0680478289723, 0.0416428111494, 0.0221914034337, 0.0206024125218, 0.0334085188806, 0.0206455979496, 0.0184494201094, 0.00652947463095, 0.00905857421458, 0.0114091709256, 0.0013846262591, 0.00769694847986, 0.00734996795654, 0.0149496756494, 0.0045072119683, 0.000990124419332, 0.000517949287314, 1.2791459767e-06, 2.27424230559e-08],
        "mean": [5.39218090125e-05, 0.000928847119212, 0.00118362414651, 0.00136337208096, 0.00454324763268, 0.00224049063399, 0.00282960594632, 0.00452851876616, 0.00190780777484, 0.00182876701001, 0.000701079668943, 0.000332149269525, 0.000525918032508, 0.000376565032639, 0.000219736961299, 8.3718856331e-05, 0.000120994489407, 7.71520717535e-05, 2.4030190616e-05, 5.882383266e-05, 7.6827556768e-05, 0.00010162487888, 6.6216554842e-05, 1.30505641209e-05, 5.6815838434e-06, 5.09862774223e-09, 7.81150588658e-10],
        "median": [5.09536175741e-06, 0.00059084862005, 0.000633604882751, 0.00041972764302, 0.00238223583438, 0.00111101963557, 0.00158174161334, 0.00216840719804, 0.000435559253674, 0.000575549842324, 0.000341606995789, 0.000118894284242, 0.000210727826925, 0.000118042451504, 7.52634005039e-05, 4.00434546464e-05, 3.00197116303e-05, 1.4050820937e-05, 8.28818792797e-06, 4.8702481763e-06, 1.49386744397e-06, 1.03663569462e-06, 1.30831665501e-06, 3.8864857288e-07, 3.88919794148e-08, 5.82819181805e-10, 2.87038282032e-10],
        "min": [4.21241486137e-10, 1.01285335674e-09, 1.98479579994e-10, 3.27849108972e-10, 2.6874451553e-09, 2.42246023241e-09, 2.58596646319e-08, 4.2558184532e-08, 3.86426557419e-10, 1.57223056796e-09, 6.73157363185e-10, 3.00836994205e-10, 8.88784656983e-10, 1.00288533034e-09, 4.48004994213e-10, 3.85080543841e-11, 6.98727742332e-11, 3.50928147652e-10, 2.69007788267e-10, 9.48711942339e-11, 1.92662500537e-11, 1.58140237017e-10, 5.93145740857e-11, 1.29797093212e-11, 7.43458246355e-12, 7.23482905529e-12, 9.27762901226e-12],
        "var": [1.07135402772e-08, 1.03684863006e-06, 2.74102558251e-06, 7.35168578103e-06, 3.55232659786e-05, 1.48471217472e-05, 1.26752356664e-05, 3.50455411535e-05, 1.80800834642e-05, 1.5874624296e-05, 1.66454265127e-06, 9.51042977704e-07, 2.73157388619e-06, 1.22131552871e-06, 4.33972303426e-07, 6.67674626698e-08, 1.18270889971e-07, 1.08680779931e-07, 3.26257865169e-09, 8.31032664905e-08, 1.90036118397e-07, 4.03974496521e-07, 6.4111745246e-08, 3.53515194895e-09, 1.05505326697e-09, 1.13461386774e-15, 1.83780382878e-18]
    },
    "erbbands": {
        "dmean": [0.00671577546746, 0.0597742386162, 0.32309114933, 1.24655175209, 3.33068299294, 6.81436300278, 7.84398889542, 9.4943523407, 11.7286615372, 45.1980323792, 23.9292373657, 18.792848587, 25.9282493591, 12.1983957291, 12.3386478424, 6.18126678467, 15.073718071, 9.49399185181, 8.24193191528, 4.04576969147, 2.13379406929, 3.35827207565, 3.42593169212, 1.20262157917, 0.767413496971, 1.99747955799, 2.02379727364, 2.00061154366, 2.088773489, 2.16048765182, 0.827882349491, 0.199005961418, 0.12006996572, 0.0720463246107, 0.00676548527554, 0.000296660640743, 1.59915543918e-05, 2.66301049123e-06, 3.00657211483e-06, 6.27889903626e-06],
        "dmean2": [0.0106623787433, 0.0908666551113, 0.501182496548, 2.05723190308, 5.38842153549, 10.1606578827, 12.231762886, 15.0297136307, 17.2700958252, 73.5689315796, 38.1644515991, 27.7698020935, 38.6786804199, 16.9080600739, 19.1898670197, 8.73792934418, 23.2176437378, 13.9723081589, 12.5470104218, 6.32142877579, 3.44381761551, 5.24281072617, 5.39570426941, 1.94292938709, 1.18478810787, 3.17435097694, 3.25394153595, 2.81750965118, 3.01352524757, 3.02133464813, 1.18183517456, 0.275244116783, 0.162969857454, 0.102749541402, 0.0101792486385, 0.00044256579713, 2.31430094573e-05, 3.84938721254e-06, 4.53595885119e-06, 9.59952285484e-06],
        "dvar": [0.000122348035802, 0.0084724612534, 0.297383189201, 6.47309064865, 118.861953735, 164.368652344, 227.966674805, 1428.24890137, 463.347839355, 6407.81640625, 3519.4128418, 4595.79101562, 4274.39892578, 1404.19384766, 731.347167969, 285.263946533, 2959.88769531, 1096.53283691, 1237.03857422, 189.847122192, 101.971366882, 180.073150635, 316.404907227, 77.4559783936, 7.04419279099, 154.533660889, 174.219177246, 140.328308105, 215.200180054, 112.194725037, 9.47003936768, 0.690764904022, 0.322304904461, 0.136330217123, 0.00231411028653, 4.15089652961e-06, 5.88878679153e-09, 8.27714286e-11, 2.08007049085e-11, 8.28285703913e-11],
        "dvar2": [0.000301955617033, 0.0198061838746, 0.690164148808, 18.1989364624, 390.079071045, 373.84463501, 578.739501953, 3940.83300781, 1099.45458984, 17253.3867188, 8831.30175781, 11270.1494141, 9978.63183594, 1989.8416748, 1769.78479004, 389.497619629, 6196.68017578, 2386.29248047, 2350.19824219, 442.260131836, 242.836151123, 439.42086792, 787.08203125, 212.316177368, 16.9167385101, 418.177581787, 443.276550293, 274.928466797, 434.113708496, 201.147171021, 19.873670578, 1.28577876091, 0.612626373768, 0.271945565939, 0.00537322508171, 9.59470980888e-06, 1.2687935147e-08, 1.5750040161e-10, 4.63105005732e-11, 1.96276869757e-10],
        "max": [0.233195200562, 1.450091362, 12.4249515533, 36.3603630066, 189.466079712, 218.116256714, 264.384185791, 1136.20910645, 389.015472412, 1283.80163574, 1389.96618652, 2092.31689453, 1510.34191895, 1133.47949219, 737.003845215, 956.83203125, 1575.50439453, 962.273681641, 1181.16052246, 423.692108154, 367.664764404, 448.620147705, 556.430419922, 281.011779785, 50.2634086609, 316.194946289, 275.186248779, 314.287384033, 585.775146484, 267.301574707, 101.647438049, 23.976436615, 20.55402565, 10.9928207397, 1.61698162556, 0.0664458423853, 0.00242832233198, 0.000237054584431, 7.66133962316e-05, 0.000150308493176],
        "mean": [0.0320880003273, 0.199577689171, 1.09543645382, 3.12850594521, 7.76048088074, 17.1236381531, 17.4299030304, 20.6206798553, 33.3468971252, 95.3002853394, 60.0333442688, 48.3540000916, 63.7888183594, 34.6696014404, 28.9445800781, 16.8607959747, 26.1743431091, 19.9884166718, 14.9592819214, 7.40608739853, 4.40332889557, 6.29662370682, 5.32814359665, 1.79505681992, 1.34790170193, 2.78399562836, 2.88169646263, 3.13492846489, 3.35806798935, 3.79179477692, 1.47698688507, 0.368443846703, 0.218898102641, 0.117316603661, 0.00866902060807, 0.000405867613154, 3.20147664752e-05, 6.13786914982e-06, 1.30964026539e-05, 2.8046359148e-05],
        "median": [0.0126605061814, 0.135316699743, 0.61736124754, 1.50610470772, 2.92404079437, 7.34661340714, 9.42999839783, 10.3636016846, 20.5016651154, 53.2821922302, 32.6744270325, 16.3627624512, 18.9334220886, 11.9894266129, 15.654712677, 7.64894723892, 11.3089323044, 6.25276994705, 4.68784761429, 3.40640830994, 2.09125876427, 1.55594420433, 1.09220695496, 0.566189646721, 0.325307041407, 0.245829463005, 0.100895881653, 0.0395804084837, 0.030088506639, 0.0531748346984, 0.0340227857232, 0.0152053702623, 0.00459306268021, 0.00108819932211, 6.09133967373e-05, 1.95494922082e-05, 9.22006711335e-06, 2.02186697607e-06, 1.0571515304e-05, 2.41382094828e-05],
        "min": [4.26727027047e-08, 1.75943981162e-07, 1.94257054886e-07, 1.00057980035e-06, 3.67893335351e-06, 1.2445016182e-05, 1.282302037e-05, 2.51538131124e-05, 0.000142730772495, 0.0011541035492, 0.000381216261303, 2.09470508707e-05, 2.02586252271e-05, 5.33439997525e-05, 3.18804450217e-05, 1.38518289532e-05, 4.41313532065e-05, 5.55664628337e-05, 3.07708287437e-05, 8.72407599672e-06, 1.71858550857e-06, 5.30601573701e-06, 1.14228032544e-05, 2.45285791607e-05, 9.64707851381e-06, 3.53270320375e-06, 1.13032604077e-06, 1.29923773784e-06, 3.87741556551e-06, 4.79678283227e-06, 1.55463101237e-06, 4.15828679934e-07, 2.00704960207e-07, 9.5502876718e-08, 3.83589089381e-08, 2.49361153948e-08, 1.48496770436e-08, 5.50968115576e-09, 1.43781131445e-09, 2.20430201869e-10],
        "var": [0.00151114864275, 0.0483269952238, 2.23013019562, 19.6992015839, 241.391967773, 659.307006836, 553.127502441, 1534.35107422, 1483.77319336, 13941.203125, 6802.421875, 10840.3779297, 18295.9511719, 10238.2324219, 2104.96728516, 1864.36682129, 6232.28125, 3157.46484375, 2296.34936523, 285.063232422, 138.081161499, 320.908996582, 321.700714111, 54.7705841064, 10.9147691727, 164.111907959, 252.646057129, 350.944702148, 537.375610352, 327.113922119, 27.3072948456, 2.36526918411, 1.06431233883, 0.407703250647, 0.00450298469514, 8.20920740807e-06, 1.54974912903e-08, 3.04559460984e-10, 1.06531256039e-10, 4.09859396422e-10]
    },
    "gfcc": {
        "mean": [-98.2248382568, 191.40637207, -150.832580566, 3.55486965179, -67.8285522461, -3.74181747437, -29.0717334747, -16.8336181641, 2.67369604111, -24.0347003937, 6.59029960632, -20.4790554047, -4.52234172821],
        "cov": [[6138.95410156, -1411.82971191, -97.5463180542, 907.1328125, -947.535522461, 232.862335205, -263.479705811, 126.472442627, 78.1137237549, -18.9069862366, -62.9844856262, -33.6964035034, 86.4981918335], [-1411.82971191, 1910.53161621, 340.1378479, -592.613342285, 1055.06018066, -227.677398682, 446.529205322, -12.1474514008, 128.032989502, -20.5279541016, 49.9814453125, 81.2452545166, -0.267981886864], [-97.5463180542, 340.1378479, 459.483215332, 75.0123901367, 177.727828979, 77.6709518433, 78.7362670898, 63.1569328308, 20.5844554901, 58.2779197693, 3.88962721825, 14.4848909378, 38.3983764648], [907.1328125, -592.613342285, 75.0123901367, 495.999847412, -303.057861328, 153.207229614, -90.8924255371, 47.8848381042, -1.78442645073, 28.7487316132, -0.406237095594, -18.6347484589, 16.4118728638], [-947.535522461, 1055.06018066, 177.727828979, -303.057861328, 697.735107422, -114.883323669, 245.087921143, 19.8142032623, 33.902973175, 9.50332069397, 28.4929771423, 46.6343803406, -3.34055113792], [232.862335205, -227.677398682, 77.6709518433, 153.207229614, -114.883323669, 246.078094482, -6.70637702942, 56.3337898254, 14.4662351608, -8.92114925385, 15.9598922729, 0.885460972786, 32.0293769836], [-263.479705811, 446.529205322, 78.7362670898, -90.8924255371, 245.087921143, -6.70637702942, 287.922851562, 30.3003520966, 58.4679450989, 49.3140602112, -5.49333572388, 50.6474113464, -20.3469352722], [126.472442627, -12.1474514008, 63.1569328308, 47.8848381042, 19.8142032623, 56.3337898254, 30.3003520966, 127.214004517, 21.4361724854, 25.4909133911, 17.8216552734, 5.4166727066, 29.6020488739], [78.1137237549, 128.032989502, 20.5844554901, -1.78442645073, 33.902973175, 14.4662351608, 58.4679450989, 21.4361724854, 104.623062134, 0.896968662739, 14.2913684845, 22.4204769135, -5.28739929199], [-18.9069862366, -20.5279541016, 58.2779197693, 28.7487316132, 9.50332069397, -8.92114925385, 49.3140602112, 25.4909133911, 0.896968662739, 136.469772339, 8.2929019928, 3.12331342697, 10.4026565552], [-62.9844856262, 49.9814453125, 3.88962721825, -0.406237095594, 28.4929771423, 15.9598922729, -5.49333572388, 17.8216552734, 14.2913684845, 8.2929019928, 70.5173721313, 15.0349807739, 8.67056751251], [-33.6964035034, 81.2452545166, 14.4848909378, -18.6347484589, 46.6343803406, 0.885460972786, 50.6474113464, 5.4166727066, 22.4204769135, 3.12331342697, 15.0349807739, 70.5380477905, 5.10571956635], [86.4981918335, -0.267981886864, 38.3983764648, 16.4118728638, -3.34055113792, 32.0293769836, -20.3469352722, 29.6020488739, -5.28739929199, 10.4026565552, 8.67056751251, 5.10571956635, 80.1666183472]],
        "icov": [[0.000278494670056, -0.000522543734405, 0.000317620259011, -0.000640304002445, 0.000712319510058, -4.17592782469e-05, 0.000276426726487, -0.000428875820944, 4.70473933092e-05, -0.000133724490297, 0.000517271691933, -0.000249797245488, -6.79774966557e-05], [-0.000522543734405, 0.0172037929296, -0.00863566063344, 0.00798495858908, -0.0161201115698, 0.00705216638744, -0.0105681428686, 0.00805991608649, -0.0109734907746, 0.00947391241789, -0.00955411139876, 0.00699575571343, -0.00739014800638], [0.000317620259011, -0.00863566063344, 0.00769113609567, -0.00500890566036, 0.00654225889593, -0.00465182587504, 0.00575562147424, -0.00441726529971, 0.00511468574405, -0.00603475188836, 0.00603536237031, -0.00371930678375, 0.00289759458974], [-0.000640304002445, 0.00798495858908, -0.00500890566036, 0.0078861406073, -0.00627325149253, 0.00187160377391, -0.0045814011246, 0.00331771885976, -0.00471317116171, 0.0036165562924, -0.00488132610917, 0.00331676122732, -0.00235823215917], [0.000712319510058, -0.0161201115698, 0.00654225889593, -0.00627325149253, 0.0190196894109, -0.00495207356289, 0.00716080889106, -0.00809998810291, 0.0107241151854, -0.00734627712518, 0.00694127334282, -0.00613743485883, 0.006208431907], [-4.17592782469e-05, 0.00705216638744, -0.00465182587504, 0.00187160377391, -0.00495207356289, 0.00957911554724, -0.00603492045775, 0.00163436983712, -0.0045898584649, 0.00617179367691, -0.00573727488518, 0.00343574141152, -0.00495703238994], [0.000276426726487, -0.0105681428686, 0.00575562147424, -0.0045814011246, 0.00716080889106, -0.00603492045775, 0.0142796831205, -0.00582999270409, 0.00410740356892, -0.0089817866683, 0.00949101801962, -0.00800750590861, 0.00725398166105], [-0.000428875820944, 0.00805991608649, -0.00441726529971, 0.00331771885976, -0.00809998810291, 0.00163436983712, -0.00582999270409, 0.014527884312, -0.00636414811015, 0.00321212015115, -0.00629827193916, 0.00438250508159, -0.00634293677285], [4.70473933092e-05, -0.0109734907746, 0.00511468574405, -0.00471317116171, 0.0107241151854, -0.0045898584649, 0.00410740356892, -0.00636414811015, 0.0192417763174, -0.00482784444466, 0.00339133967645, -0.00618765177205, 0.00602363841608], [-0.000133724490297, 0.00947391241789, -0.00603475188836, 0.0036165562924, -0.00734627712518, 0.00617179367691, -0.0089817866683, 0.00321212015115, -0.00482784444466, 0.01491829101, -0.0075872791931, 0.00510210357606, -0.005670202896], [0.000517271691933, -0.00955411139876, 0.00603536237031, -0.00488132610917, 0.00694127334282, -0.00573727488518, 0.00949101801962, -0.00629827193916, 0.00339133967645, -0.0075872791931, 0.0233205426484, -0.00813049450517, 0.00403825193644], [-0.000249797245488, 0.00699575571343, -0.00371930678375, 0.00331676122732, -0.00613743485883, 0.00343574141152, -0.00800750590861, 0.00438250508159, -0.00618765177205, 0.00510210357606, -0.00813049450517, 0.0209324229509, -0.00540767097846], [-6.79774966557e-05, -0.00739014800638, 0.00289759458974, -0.00235823215917, 0.006208431907, -0.00495703238994, 0.00725398166105, -0.00634293677285, 0.00602363841608, -0.005670202896, 0.00403825193644, -0.00540767097846, 0.0190807692707]]
    },
    "melbands": {
        "dmean": [6.0014288465e-05, 0.000132455010316, 0.000277093990007, 0.000322194595356, 0.00031898508314, 0.000205154734431, 0.000188436766621, 0.00050827790983, 0.000174807675648, 0.000117233241326, 0.000127851366415, 5.0606449804e-05, 4.58781833004e-05, 1.76255634869e-05, 2.86630711344e-05, 2.65426624537e-05, 1.85227545444e-05, 1.46160455188e-05, 8.04922547104e-06, 4.42942791778e-06, 2.62971934717e-06, 3.61411480299e-06, 4.01158558816e-06, 2.59266562352e-06, 8.5737781319e-07, 5.23986898315e-07, 7.83814243732e-07, 1.57755516739e-06, 1.24854796013e-06, 1.66170832472e-06, 1.00514387213e-06, 1.13006558422e-06, 1.47347952861e-06, 1.14786007543e-06, 5.6132842019e-07, 2.25829808187e-07, 8.9376307244e-08, 8.73280683322e-08, 8.17420371391e-08, 5.69303502118e-08],
        "dmean2": [9.23693442019e-05, 0.000206633965718, 0.000461349933175, 0.000487164710648, 0.000486130447825, 0.000320842314977, 0.000278761144727, 0.000823588750791, 0.000276558188489, 0.000173683467438, 0.000190445090993, 7.04737321939e-05, 7.01047611074e-05, 2.63463753072e-05, 4.44679790235e-05, 3.96671821363e-05, 2.74632147921e-05, 2.26906686294e-05, 1.24296666399e-05, 6.94700884196e-06, 4.25753478339e-06, 5.64455467611e-06, 6.33041508991e-06, 4.1918306124e-06, 1.40589224884e-06, 8.28901249861e-07, 1.22137555536e-06, 2.56658222497e-06, 2.09516770155e-06, 2.55962004303e-06, 1.40103827562e-06, 1.67729285749e-06, 2.23233701035e-06, 1.67118639638e-06, 8.13392091459e-07, 3.18587154879e-07, 1.32833946509e-07, 1.23119534123e-07, 1.1563875546e-07, 8.51090646847e-08],
        "dvar": [8.28850144075e-09, 4.747366944e-08, 4.78195431697e-07, 4.3746641154e-07, 3.36562351322e-07, 5.84538213388e-07, 1.12587855483e-07, 8.31020997794e-07, 2.2726804616e-07, 1.69134750649e-07, 1.04780092158e-07, 2.62926569405e-08, 1.30638850848e-08, 2.24116747383e-09, 6.31423624498e-09, 1.41347538118e-08, 4.19042089916e-09, 4.61108795591e-09, 5.8306581785e-10, 3.80126430333e-10, 1.75473802155e-10, 3.36845995541e-10, 1.98245628247e-10, 3.743320931e-10, 3.55138314589e-11, 3.17550825045e-12, 9.26632381937e-12, 1.12802718555e-10, 7.27236257325e-11, 1.12043145595e-10, 3.8875916375e-11, 6.83343243102e-11, 8.81208300774e-11, 2.89450529517e-11, 4.16591284039e-12, 8.07941224774e-13, 1.79359158818e-13, 1.82553191314e-13, 1.39721865805e-13, 1.28043978415e-13],
        "dvar2": [1.99837728587e-08, 1.10628590733e-07, 1.49828895246e-06, 1.25042561194e-06, 8.60200714214e-07, 1.60175466135e-06, 2.67509591367e-07, 2.21589471039e-06, 5.66815288039e-07, 4.10108270898e-07, 2.43649992626e-07, 3.65018060222e-08, 3.2031515218e-08, 3.29300897661e-09, 1.45695837617e-08, 2.6399398223e-08, 8.99776519958e-09, 9.07153108187e-09, 1.23285104348e-09, 7.62742813354e-10, 4.5751336053e-10, 8.36474556287e-10, 4.42160891234e-10, 9.93146120898e-10, 9.77811304148e-11, 8.0236286365e-12, 2.1864945618e-11, 3.09514830432e-10, 1.97385746636e-10, 2.63842864223e-10, 7.9927030272e-11, 1.31008509596e-10, 2.01626229601e-10, 5.49299598862e-11, 9.19449152231e-12, 1.52440646911e-12, 3.73819573386e-13, 3.66484105433e-13, 2.59986097321e-13, 2.84470634982e-13],
        "max": [0.00160076492466, 0.00476160971448, 0.0104292631149, 0.00989419035614, 0.00756206782535, 0.0226714648306, 0.00580730009824, 0.0131316576153, 0.011748556979, 0.0121877109632, 0.0075962706469, 0.00491065392271, 0.00326417712495, 0.0027517976705, 0.00234972941689, 0.00460474612191, 0.00198293384165, 0.00196617469192, 0.000702517863829, 0.000665133353323, 0.000454896478914, 0.000675244431477, 0.000386726140277, 0.000637655088212, 0.000184527903912, 3.34438482241e-05, 8.14746235847e-05, 0.000261730659986, 0.000189454498468, 0.000237734711845, 0.000192795079784, 0.000315841345582, 0.000341329025105, 0.000142777804285, 6.56537813484e-05, 2.3691862225e-05, 1.39864805533e-05, 1.41711889228e-05, 1.25179994939e-05, 8.99236511032e-06],
        "mean": [0.000262367393589, 0.000468747952254, 0.000696673872881, 0.000838084844872, 0.000746283738408, 0.000457912596175, 0.000518540909979, 0.00109561067075, 0.00043983021169, 0.000286639697151, 0.000309380033286, 0.000136185219162, 0.000100184435723, 4.78669462609e-05, 5.44517606613e-05, 4.54431392427e-05, 3.71547794202e-05, 2.4548786314e-05, 1.38687710205e-05, 7.22393269825e-06, 4.76339027955e-06, 6.29958003628e-06, 6.98668554833e-06, 3.17843387165e-06, 1.23675715713e-06, 8.19596778001e-07, 1.29062891574e-06, 2.0147288069e-06, 1.57454337568e-06, 2.28109320233e-06, 1.55194686613e-06, 1.78458549271e-06, 2.23914094022e-06, 1.99662872546e-06, 9.35876528274e-07, 3.87662112189e-07, 1.5228721395e-07, 1.48387997001e-07, 1.47482126067e-07, 8.10662683648e-08],
        "median": [0.000141323165735, 0.000292906479444, 0.000310600036755, 0.00042742936057, 0.000381222023861, 0.000222111324547, 0.000307765876641, 0.000582722772378, 0.00024440526613, 8.158734272e-05, 8.49866992212e-05, 3.94135058741e-05, 5.25560099049e-05, 2.07199809665e-05, 2.60780470853e-05, 1.75682034751e-05, 1.06994020825e-05, 7.07591607352e-06, 5.71331383981e-06, 3.43525221069e-06, 2.04071670851e-06, 1.58972625286e-06, 1.21969912925e-06, 6.35730998511e-07, 3.86669455565e-07, 2.48760045451e-07, 1.74265522901e-07, 1.41090339412e-07, 5.76683270026e-08, 3.56933362866e-08, 1.50574255287e-08, 9.97654936441e-09, 2.34074200023e-08, 2.67493280859e-08, 1.85648048046e-08, 1.31040227558e-08, 5.31853094898e-09, 1.87488802261e-09, 1.78032277809e-09, 3.63388402702e-10],
        "min": [3.51444567892e-10, 1.49328716059e-10, 1.77087872144e-10, 6.46017905837e-10, 4.60053578566e-10, 5.92121018883e-10, 2.66012856187e-09, 1.29568320517e-08, 2.04379824176e-09, 5.43498475392e-11, 1.11366936506e-10, 2.35097996626e-10, 1.08343979621e-10, 4.64671703893e-11, 6.34191379967e-11, 9.69422667141e-11, 1.0105652426e-10, 4.79035179579e-11, 2.84218776986e-11, 3.18529165717e-12, 1.33179957947e-12, 4.86061451505e-12, 7.67334373125e-12, 1.50394315057e-11, 2.10751312235e-11, 7.27498660272e-12, 5.76621909942e-12, 1.42212511298e-12, 8.11636998929e-13, 3.50609325643e-13, 6.934598837e-13, 9.89719265744e-13, 5.55916250533e-12, 1.48301260595e-12, 1.01885036866e-12, 4.28129726766e-13, 1.71095085257e-13, 1.25124858933e-13, 1.5255781664e-13, 5.47621335485e-14],
        "var": [8.62037623506e-08, 3.50317634457e-07, 1.27784744564e-06, 1.25981421206e-06, 1.04973878479e-06, 6.91093873684e-07, 3.68682805174e-07, 1.88655087641e-06, 4.09717301864e-07, 4.03705769259e-07, 4.5286412842e-07, 1.91891999179e-07, 3.47032376169e-08, 1.63182143353e-08, 1.29326487297e-08, 3.0124855499e-08, 1.26984005533e-08, 7.78765940623e-09, 1.05569164521e-09, 5.22429766114e-10, 1.77131920243e-10, 4.66291449897e-10, 4.39038222444e-10, 2.76343670169e-10, 2.511539067e-11, 3.85432614644e-12, 1.5085131061e-11, 1.10845846391e-10, 8.25644622116e-11, 1.89571330855e-10, 9.80889119928e-11, 1.79515999288e-10, 1.70824826506e-10, 8.08088110316e-11, 1.06559266619e-11, 2.30683245943e-12, 5.48323647771e-13, 5.32844547565e-13, 4.91844791891e-13, 2.79223882514e-13]
    },
    "mfcc": {
        "mean": [-722.599304199, 203.029907227, -14.7077980042, -3.25327777863, -7.31795549393, -4.93849229813, -14.6098995209, 0.072638168931, -12.4240913391, 3.30729174614, -3.20567965508, 0.0319111086428, 1.1817959547],
        "cov": [[5786.29296875, -1596.36560059, 125.305175781, 478.671142578, -538.32434082, 84.4297485352, -449.43347168, 154.714263916, -223.631759644, 261.345214844, -55.1663017273, -138.254684448, -111.456863403], [-1596.36560059, 2485.9699707, -368.084442139, -19.0479106903, 465.766174316, -29.4666805267, 344.959655762, 87.3012695312, 235.12008667, -27.283323288, 42.4156761169, 91.1003189087, 122.702384949], [125.305175781, -368.084442139, 442.070678711, 55.8296318054, 2.93696427345, 94.0218276978, 11.4039907455, 9.69665431976, 41.0885658264, 25.1133136749, 19.5854148865, 26.9841880798, 10.2981529236], [478.671142578, -19.0479106903, 55.8296318054, 276.930969238, -6.70496225357, 37.8916931152, 10.975687027, 4.30378293991, 24.7529506683, 19.8345165253, 32.3916130066, 13.233748436, 14.0578994751], [-538.32434082, 465.766174316, 2.93696427345, -6.70496225357, 299.699707031, -20.4161510468, 111.677391052, 15.0561990738, 45.8198013306, -12.9245147705, -15.9968414307, 38.2879524231, 26.9655513763], [84.4297485352, -29.4666805267, 94.0218276978, 37.8916931152, -20.4161510468, 158.659896851, 25.5797100067, 44.5913352966, 28.4314365387, 11.0876874924, 27.0284786224, 10.0493936539, 12.7756948471], [-449.43347168, 344.959655762, 11.4039907455, 10.975687027, 111.677391052, 25.5797100067, 210.71913147, 2.60453510284, 108.238891602, -21.6789646149, 37.5526847839, 52.8782997131, 42.12134552], [154.714263916, 87.3012695312, 9.69665431976, 4.30378293991, 15.0561990738, 44.5913352966, 2.60453510284, 182.464797974, 2.51658320427, 44.8213577271, 4.49293470383, -4.77806043625, 1.55464291573], [-223.631759644, 235.12008667, 41.0885658264, 24.7529506683, 45.8198013306, 28.4314365387, 108.238891602, 2.51658320427, 176.035797119, -18.1011791229, 45.6662368774, 34.8781967163, 34.637878418], [261.345214844, -27.283323288, 25.1133136749, 19.8345165253, -12.9245147705, 11.0876874924, -21.6789646149, 44.8213577271, -18.1011791229, 125.072303772, -10.5107564926, -5.58127117157, -6.58078861237], [-55.1663017273, 42.4156761169, 19.5854148865, 32.3916130066, -15.9968414307, 27.0284786224, 37.5526847839, 4.49293470383, 45.6662368774, -10.5107564926, 106.896835327, 28.6629333496, 23.0997600555], [-138.254684448, 91.1003189087, 26.9841880798, 13.233748436, 38.2879524231, 10.0493936539, 52.8782997131, -4.77806043625, 34.8781967163, -5.58127117157, 28.6629333496, 91.7918319702, 28.2138633728], [-111.456863403, 122.702384949, 10.2981529236, 14.0578994751, 26.9655513763, 12.7756948471, 42.12134552, 1.55464291573, 34.637878418, -6.58078861237, 23.0997600555, 28.2138633728, 76.6352233887]],
