{
"lowlevel": {
    "average_loudness": 0.972445845604,
    "barkbands_crest": {
        "dmean": 2.75243234634,
        "dmean2": 4.61952972412,
        "dvar": 7.32155227661,
        "dvar2": 20.171421051,
        "max": 24.8787975311,
        "mean": 9.7371301651,
        "median": 9.07511997223,
        "min": 2.47644639015,
        "var": 13.9542760849
    },
    "barkbands_flatness_db": {
        "dmean": 0.0230262801051,
        "dmean2": 0.0369147136807,
        "dvar": 0.000550197553821,
        "dvar2": 0.00138519378379,
        "max": 0.445198446512,
        "mean": 0.170383140445,
        "median": 0.159578591585,
        "min": 0.0639611184597,
        "var": 0.00279191089794
    },
    "barkbands_kurtosis": {
        "dmean": 3.95589780807,
        "dmean2": 6.46618556976,
        "dvar": 73.6014633179,
        "dvar2": 178.798202515,
        "max": 241.613754272,
        "mean": 6.86787462234,
        "median": 3.44576787949,
        "min": -1.8490293026,
        "var": 213.87059021
    },
    "barkbands_skewness": {
        "dmean": 0.576516032219,
        "dmean2": 0.91073513031,
        "dvar": 0.516308128834,
        "dvar2": 1.26716554165,
        "max": 12.2170906067,
        "mean": 1.9376500845,
        "median": 1.77526581287,
        "min": -3.17829394341,
        "var": 1.59610974789
    },
    "barkbands_spread": {
        "dmean": 4.8052444458,
        "dmean2": 7.49373722076,
        "dvar": 36.9631881714,
        "dvar2": 80.0329360962,
        "max": 91.8503036499,
        "mean": 18.6835613251,
        "median": 17.2873706818,
        "min": 0.639435470104,
        "var": 121.745788574
    },
    "dissonance": {
        "dmean": 0.0171579103917,
        "dmean2": 0.0284979138523,
        "dvar": 0.00028030021349,
        "dvar2": 0.000678881478962,
        "max": 0.5,
        "mean": 0.463552385569,
        "median": 0.470901787281,
        "min": 0.259772956371,
        "var": 0.000822057307232
    },
    "dynamic_complexity": 2.80393671989,
    "erbbands_crest": {
        "dmean": 2.55983829498,
        "dmean2": 4.12129831314,
        "dvar": 6.9359869957,
        "dvar2": 15.0266113281,
        "max": 29.0586566925,
        "mean": 8.32587623596,
        "median": 6.86734342575,
        "min": 2.37587070465,
        "var": 21.7968177795
    },
    "erbbands_flatness_db": {
        "dmean": 0.0155919156969,
        "dmean2": 0.022138858214,
        "dvar": 0.000225664000027,
        "dvar2": 0.000440994743258,
        "max": 0.327434569597,
        "mean": 0.177717700601,
        "median": 0.173788443208,
        "min": 0.0998483896255,
        "var": 0.00118886574637
    },
    "erbbands_kurtosis": {
        "dmean": 1.10670566559,
        "dmean2": 1.65366649628,
        "dvar": 5.42384672165,
        "dvar2": 10.558839798,
        "max": 52.296672821,
        "mean": 0.779190659523,
        "median": -0.350171327591,
        "min": -1.82277560234,
        "var": 16.5653553009
    },
    "erbbands_skewness": {
        "dmean": 0.362663149834,
        "dmean2": 0.543997943401,
        "dvar": 0.156540885568,
        "dvar2": 0.30137565732,
        "max": 6.32327508926,
        "mean": 0.621225893497,
        "median": 0.474479913712,
        "min": -4.04167509079,
        "var": 0.850560605526
    },
    "erbbands_spread": {
        "dmean": 8.7180557251,
        "dmean2": 13.0380516052,
        "dvar": 102.433807373,
        "dvar2": 233.964035034,
        "max": 162.618347168,
        "mean": 44.1527366638,
        "median": 41.7396316528,
        "min": 3.22747015953,
        "var": 390.609893799
    },
    "hfc": {
        "dmean": 5.1497168541,
        "dmean2": 7.80252933502,
        "dvar": 60.2748069763,
        "dvar2": 150.132537842,
        "max": 83.1615142822,
        "mean": 16.3308353424,
        "median": 13.9370889664,
        "min": 0.000226719770581,
        "var": 130.881958008
    },
    "melbands_crest": {
        "dmean": 3.25244522095,
        "dmean2": 5.44706296921,
        "dvar": 9.86167430878,
        "dvar2": 27.0323524475,
        "max": 31.8901081085,
        "mean": 13.0798835754,
        "median": 12.2364025116,
        "min": 3.92052936554,
        "var": 20.8012828827
    },
    "melbands_flatness_db": {
        "dmean": 0.0266502965242,
        "dmean2": 0.0412768349051,
        "dvar": 0.000884375302121,
        "dvar2": 0.00206090183929,
        "max": 0.544476270676,
        "mean": 0.200611591339,
        "median": 0.190477818251,
        "min": 0.0385855659842,
        "var": 0.00491587817669
    },
    "melbands_kurtosis": {
        "dmean": 10.2029018402,
        "dmean2": 16.9397544861,
        "dvar": 511.268310547,
        "dvar2": 1279.20898438,
        "max": 472.56060791,
        "mean": 20.1056804657,
        "median": 11.5562934875,
        "min": -1.83418977261,
        "var": 1196.0736084
    },
    "melbands_skewness": {
        "dmean": 0.833899915218,
        "dmean2": 1.31709337234,
        "dvar": 1.26347029209,
        "dvar2": 3.21687102318,
        "max": 15.9008111954,
        "mean": 3.05226564407,
        "median": 2.74801802635,
        "min": -0.583443403244,
        "var": 3.16994094849
    },
    "melbands_spread": {
        "dmean": 5.67232704163,
        "dmean2": 8.86983203888,
        "dvar": 117.676826477,
        "dvar2": 272.450714111,
        "max": 274.549560547,
        "mean": 18.7585544586,
        "median": 15.6569061279,
        "min": 0.469110310078,
        "var": 280.634643555
    },
    "pitch_salience": {
        "dmean": 0.0747366026044,
        "dmean2": 0.124490208924,
        "dvar": 0.00523768411949,
        "dvar2": 0.0145333074033,
        "max": 0.875503063202,
        "mean": 0.601881444454,
        "median": 0.61297160387,
        "min": 0.183749213815,
        "var": 0.0102074416354
    },
    "silence_rate_20dB": {
        "dmean": 0,
        "dmean2": 0,
        "dvar": 0,
        "dvar2": 0,
        "max": 1,
        "mean": 1,
        "median": 1,
        "min": 1,
        "var": 0
    },
    "silence_rate_30dB": {
        "dmean": 0.00309837330133,
        "dmean2": 0.00619914755225,
        "dvar": 0.00308872759342,
        "dvar2": 0.0092600826174,
        "max": 1,
        "mean": 0.998451411724,
        "median": 1,
        "min": 0,
        "var": 0.00154617638327
    },
    "silence_rate_60dB": {
        "dmean": 0.018590239808,
        "dmean2": 0.0371948853135,
        "dvar": 0.018244985491,
        "dvar2": 0.0389104858041,
        "max": 1,
        "mean": 0.0677506774664,
        "median": 0,
        "min": 0,
        "var": 0.0631618201733
    },
    "spectral_centroid": {
        "dmean": 217.248138428,
        "dmean2": 338.157501221,
        "dvar": 74463.453125,
        "dvar2": 170858.765625,
        "max": 5232.87011719,
        "mean": 1103.62133789,
        "median": 1040.29931641,
        "min": 149.101776123,
        "var": 269862.84375
    },
    "spectral_complexity": {
        "dmean": 3.65685510635,
        "dmean2": 5.66369628906,
        "dvar": 15.6777677536,
        "dvar2": 31.7030944824,
        "max": 49,
        "mean": 20.6151752472,
        "median": 21,
        "min": 0,
        "var": 113.476455688
    },
    "spectral_decrease": {
        "dmean": 3.56607232632e-09,
        "dmean2": 6.00219696167e-09,
        "dvar": 3.93090322243e-17,
        "dvar2": 1.04770736091e-16,
        "max": -1.11505361964e-13,
        "mean": -7.31097671292e-09,
        "median": -6.17639006606e-09,
        "min": -4.72967158771e-08,
        "var": 3.78712732057e-17
    },
    "spectral_energy": {
        "dmean": 0.0138522423804,
        "dmean2": 0.0232468787581,
        "dvar": 0.00058363750577,
        "dvar2": 0.00155295419972,
        "max": 0.181209981441,
        "mean": 0.0290745701641,
        "median": 0.024668969214,
        "min": 4.41411657448e-07,
        "var": 0.000572307035327
    },
    "spectral_energyband_high": {
        "dmean": 0.000242394133238,
        "dmean2": 0.00033672558493,
        "dvar": 1.57175080062e-07,
        "dvar2": 3.33830115551e-07,
        "max": 0.0057682339102,
        "mean": 0.000625115178991,
        "median": 0.000376986252377,
        "min": 9.49164036257e-09,
        "var": 4.85866621602e-07
    },
    "spectral_energyband_low": {
        "dmean": 0.00772700831294,
        "dmean2": 0.0135718518868,
        "dvar": 0.000384809536627,
        "dvar2": 0.00104985851794,
        "max": 0.148193672299,
        "mean": 0.00954257138073,
        "median": 0.00490634096786,
        "min": 1.30723265102e-07,
        "var": 0.000285796966637
    },
    "spectral_energyband_middle_high": {
        "dmean": 0.00127213436645,
        "dmean2": 0.00199229689315,
        "dvar": 3.48438243236e-06,
        "dvar2": 8.32776004245e-06,
        "max": 0.0314185768366,
        "mean": 0.00396547839046,
        "median": 0.00307610724121,
        "min": 4.17932000119e-08,
        "var": 1.55199504661e-05
    },
    "spectral_energyband_middle_low": {
        "dmean": 0.00760078197345,
        "dmean2": 0.0124690569937,
        "dvar": 0.000208185199881,
        "dvar2": 0.000565184338484,
        "max": 0.170203864574,
        "mean": 0.0161818861961,
        "median": 0.0131875621155,
        "min": 3.04622290059e-07,
        "var": 0.000214505344047
    },
    "spectral_entropy": {
        "dmean": 0.145129486918,
        "dmean2": 0.209432855248,
        "dvar": 0.0284859929234,
        "dvar2": 0.0532195158303,
        "max": 8.58402252197,
        "mean": 7.533867836,
        "median": 7.61742401123,
        "min": 5.15294981003,
        "var": 0.174436494708
    },
    "spectral_flux": {
        "dmean": 0.0323644503951,
        "dmean2": 0.0501337051392,
        "dvar": 0.00224213744514,
        "dvar2": 0.00424848170951,
        "max": 0.367613375187,
        "mean": 0.0865377113223,
        "median": 0.066839016974,
        "min": 0.000664388178848,
        "var": 0.00378373730928
    },
    "spectral_kurtosis": {
        "dmean": 1.54515945911,
        "dmean2": 2.63137841225,
        "dvar": 3.75628709793,
        "dvar2": 9.95087146759,
        "max": 39.8622741699,
        "mean": 2.77380108833,
        "median": 2.17879962921,
        "min": -1.42584562302,
        "var": 7.60120916367
    },
    "spectral_rms": {
        "dmean": 0.00107159256004,
        "dmean2": 0.00170449714642,
        "dvar": 2.38033862843e-06,
        "dvar2": 5.97554571868e-06,
        "max": 0.0132962483913,
        "mean": 0.00493035744876,
        "median": 0.00490584224463,
        "min": 2.0752000637e-05,
        "var": 4.05706987294e-06
    },
    "spectral_rolloff": {
        "dmean": 373.738647461,
        "dmean2": 625.757141113,
        "dvar": 496766.15625,
        "dvar2": 1041256.375,
        "max": 9646.875,
        "mean": 1088.93103027,
        "median": 753.662109375,
        "min": 64.599609375,
        "var": 1217247.25
    },
    "spectral_skewness": {
        "dmean": 0.213399454951,
        "dmean2": 0.341068744659,
        "dvar": 0.0507828816772,
        "dvar2": 0.119565978646,
        "max": 5.08544492722,
        "mean": 1.24683189392,
        "median": 1.18602597713,
        "min": -0.347340077162,
        "var": 0.205379635096
    },
    "spectral_spread": {
        "dmean": 370857.84375,
        "dmean2": 514447.5625,
        "dvar": 189418586112,
        "dvar2": 313209618432,
        "max": 14111109,
        "mean": 4224269,
        "median": 4026744.5,
        "min": 1115154.25,
        "var": 1.3451240407e+12
    },
    "spectral_strongpeak": {
        "dmean": 0.448224872351,
        "dmean2": 0.744203865528,
        "dvar": 0.406091719866,
        "dvar2": 0.940940499306,
        "max": 6.03796672821,
        "mean": 0.805241942406,
        "median": 0.503365278244,
        "min": 0,
        "var": 0.718884706497
    },
    "zerocrossingrate": {
        "dmean": 0.00870566535741,
        "dmean2": 0.0105987871066,
        "dvar": 0.000108782573079,
        "dvar2": 0.000121054952615,
        "max": 0.31005859375,
        "mean": 0.0522065833211,
        "median": 0.04736328125,
        "min": 0.00390625,
        "var": 0.000823194452096
    },
    "barkbands": {
        "dmean": [6.72943497193e-05, 0.00480699120089, 0.00303799845278, 0.00162136228755, 0.00417672703043, 0.00132507935632, 0.00144824548624, 0.000830937409773, 0.000957166659646, 0.000510110810865, 0.000227580268984, 0.000277331710095, 0.000377538672183, 0.000190202583326, 0.000138470641105, 0.000165366800502, 0.00010844496137, 0.000117683150165, 8.50154392538e-05, 9.49692257564e-05, 7.13158005965e-05, 5.73969227844e-05, 5.9197540395e-05, 5.07214936079e-05, 1.54891877173e-05, 1.33631221644e-08, 1.32587596458e-09],
        "dmean2": [0.000116402639833, 0.00854470860213, 0.00564847979695, 0.00274666724727, 0.00714976619929, 0.00227609765716, 0.00221976055764, 0.00130795198493, 0.00145201641135, 0.000788857985754, 0.000369673565729, 0.000450911000371, 0.000610007264186, 0.000317303318297, 0.000232083184528, 0.000279667408904, 0.000181502560736, 0.000199151341803, 0.000140136980917, 0.000151812841068, 0.000106954124931, 8.14217710285e-05, 8.51709773997e-05, 7.42011834518e-05, 2.40586323343e-05, 2.11780761816e-08, 2.46565967643e-09],
        "dvar": [1.56681245755e-08, 0.000140669741086, 7.64445576351e-05, 1.01216655821e-05, 0.000109415741463, 1.06950001282e-05, 6.65465449856e-06, 3.58695615432e-06, 4.01479064749e-06, 1.4268156292e-06, 1.3951063238e-07, 1.94911507378e-07, 6.99473275745e-07, 1.4068612586e-07, 3.37961445496e-08, 5.00654309121e-08, 2.41707223125e-08, 3.03322842399e-08, 2.06651158408e-08, 2.0398548628e-08, 1.27340697986e-08, 1.03179278454e-08, 1.46088234843e-08, 9.85721282376e-09, 4.43499104108e-09, 1.58617253175e-15, 3.08727296534e-18],
        "dvar2": [4.00893043206e-08, 0.000383885431802, 0.000222173315706, 2.80163803836e-05, 0.000308637710987, 3.0698331102e-05, 1.41512755363e-05, 8.76497961144e-06, 8.72797954798e-06, 3.09730944537e-06, 3.64044666412e-07, 4.91953699111e-07, 1.73679677573e-06, 4.07360346344e-07, 9.25318772715e-08, 1.31837254003e-07, 6.68954456273e-08, 8.5066439226e-08, 5.46637544119e-08, 5.06974302539e-08, 2.97272659822e-08, 2.15031388251e-08, 3.36478969132e-08, 2.2591848392e-08, 1.25913874882e-08, 4.22460647058e-15, 9.73431686963e-18],
        "max": [0.00186748593114, 0.0983228385448, 0.0685178786516, 0.0367372184992, 0.151149883866, 0.033067330718, 0.0370175093412, 0.0352833271027, 0.0329482667148, 0.0264239069074, 0.00551836611703, 0.0061735981144, 0.0127595923841, 0.00587818399072, 0.00180046807509, 0.0039633968845, 0.00208660517819, 0.0023826204706, 0.00192420906387, 0.00204299832694, 0.00134281709325, 0.00127357675228, 0.00255730189383, 0.00204842025414, 0.00223441468552, 8.69982329732e-07, 1.82957968775e-08],
        "mean": [8.38124833535e-05, 0.00553979258984, 0.00275058858097, 0.00298856967129, 0.00632366258651, 0.00176883826498, 0.00236603245139, 0.00112624280155, 0.00149751361459, 0.000850390526466, 0.000375332252588, 0.000478729605675, 0.000619094120339, 0.000303882785374, 0.000273619254585, 0.000340323400451, 0.000222810049308, 0.000255778228166, 0.000175090070115, 0.000210132537177, 0.00015603020438, 0.000116869385238, 0.000118847565318, 0.000109240798338, 2.33672872127e-05, 1.78191061906e-08, 1.0595032629e-09],
        "median": [2.68464100373e-05, 0.002556652762, 0.000786050863098, 0.00199166126549, 0.00401945784688, 0.000959594210144, 0.000976121984422, 0.000393463968066, 0.000516819534823, 0.00030827667797, 0.000226758202189, 0.00028778592241, 0.000210506826988, 0.000161329706316, 0.000216171581997, 0.000241815112531, 0.000180790855666, 0.00018573916168, 0.000139794341521, 0.000139368799864, 9.81740668067e-05, 5.20357534697e-05, 5.84515437367e-05, 4.9518475862e-05, 7.30127021598e-06, 5.41145794841e-09, 4.12409495443e-10],
        "min": [6.30143714986e-10, 5.79451580052e-08, 2.69638533723e-08, 9.03225725324e-08, 4.8960103527e-08, 9.6836863861e-08, 2.52248160137e-08, 1.61772231166e-08, 2.01940846267e-08, 7.08005609695e-09, 8.53348947061e-09, 5.61265522947e-09, 6.00234084658e-09, 3.79680464846e-09, 2.05894967742e-09, 6.25232310369e-10, 6.24845064578e-10, 3.72771724599e-09, 3.09332492954e-09, 3.02734126656e-09, 3.30261928916e-09, 2.02623184897e-09, 1.24654297995e-09, 1.22809451497e-09, 1.88744325724e-10, 1.71088126305e-11, 2.06161927807e-11],
        "var": [2.1397962513e-08, 0.000102979967778, 4.71940547868e-05, 1.33341873152e-05, 8.67206545081e-05, 8.97462905414e-06, 1.5730078303e-05, 4.82821542391e-06, 8.38016148919e-06, 3.60122612619e-06, 2.54638990782e-07, 3.94168978346e-07, 1.45881563185e-06, 2.40067606683e-07, 6.92637982525e-08, 1.23384225503e-07, 4.56560655948e-08, 7.5824942769e-08, 3.2345862877e-08, 5.09996560538e-08, 3.05833189884e-08, 2.66025423912e-08, 3.53484139737e-08, 2.71703637367e-08, 3.50848172737e-09, 1.65741594355e-15, 2.59984210694e-18]
    },
    "erbbands": {
        "dmean": [0.0861334130168, 1.27077388763, 3.60326528549, 4.1600985527, 8.33209514618, 19.5499210358, 7.65913486481, 13.8368453979, 21.6259822845, 17.1130828857, 17.1890907288, 22.9158344269, 15.4392471313, 12.3999519348, 8.90591049194, 10.099111557, 16.7231483459, 10.0469245911, 7.40685510635, 8.04888820648, 8.1275844574, 5.77286338806, 5.9134645462, 5.17488622665, 4.33222866058, 4.18829774857, 3.48087120056, 2.52172899246, 2.14252495766, 1.89026510715, 1.63186228275, 1.25134086609, 0.788212299347, 0.308537483215, 0.0164746269584, 0.000733380205929, 4.62247626274e-05, 7.18215278539e-06, 7.35943922336e-06, 1.56048954523e-05],
        "dmean2": [0.148628994823, 2.27461981773, 6.61939096451, 7.31284666061, 14.0642614365, 33.6092071533, 12.868721962, 23.8507671356, 34.057094574, 25.7103557587, 27.4158687592, 34.5870018005, 23.642124176, 19.525056839, 14.5058765411, 16.6088066101, 27.277841568, 16.3487052917, 12.384469986, 13.4356355667, 13.7124929428, 9.65139961243, 9.93345737457, 8.59819221497, 7.05250597, 6.71850347519, 5.38167142868, 3.74062824249, 3.08121442795, 2.69386911392, 2.35368227959, 1.84630608559, 1.16722393036, 0.467503577471, 0.0259141940624, 0.00114264106378, 6.8964320235e-05, 1.03390593722e-05, 1.17587906061e-05, 2.58958662016e-05],
        "dvar": [0.0373329259455, 10.2671232224, 100.7342453, 97.9614715576, 279.047698975, 2658.52050781, 292.631988525, 1254.57373047, 1687.87915039, 1216.97839355, 1169.64208984, 2692.42138672, 1199.54931641, 489.081756592, 174.169296265, 285.853973389, 1238.65844727, 475.050262451, 153.456283569, 122.470169067, 124.296417236, 68.2125854492, 78.3281707764, 71.3266067505, 46.7648582458, 43.5049057007, 29.669960022, 18.3265628815, 15.4523534775, 13.3473176956, 10.3739013672, 6.1057267189, 3.72900795937, 1.24220383167, 0.00432109227404, 7.85524025559e-06, 2.15366267042e-08, 3.60950269673e-10, 1.44463108143e-10, 7.14261705337e-10],
        "dvar2": [0.0999428555369, 28.1899662018, 291.099822998, 276.539794922, 794.983337402, 7457.94726562, 796.430786133, 3632.53076172, 3753.15332031, 2616.05541992, 2895.25415039, 5807.41162109, 2597.45825195, 1134.52502441, 448.132446289, 710.960571289, 3161.86767578, 1189.15759277, 433.067718506, 327.413024902, 340.155792236, 189.406982422, 220.744888306, 193.022262573, 121.153198242, 111.296775818, 71.7204208374, 41.7036437988, 33.9522972107, 29.581111908, 23.5778369904, 14.0001802444, 9.72632217407, 3.44528627396, 0.0118591859937, 2.15247546294e-05, 5.83217314443e-08, 9.52007028765e-10, 3.71857933334e-10, 1.89187776556e-09],
        "max": [1.53051102161, 26.1527118683, 74.9440460205, 96.7433166504, 317.834838867, 611.955749512, 183.738220215, 380.689666748, 663.968566895, 661.738586426, 577.182800293, 846.953186035, 624.727905273, 381.363891602, 205.162322998, 289.297943115, 490.021087646, 459.47164917, 201.354949951, 153.361709595, 103.250068665, 102.10987854, 122.224700928, 109.390945435, 79.3756713867, 103.622016907, 69.430809021, 57.7445793152, 49.7091789246, 79.1889343262, 62.0939826965, 49.9491882324, 55.8093338013, 36.5612449646, 1.85894715786, 0.0807554200292, 0.00461949780583, 0.000598606420681, 0.000127293838887, 0.000200644470169],
        "mean": [0.104819454253, 1.41294836998, 3.55392599106, 6.3489484787, 15.8799304962, 25.2558422089, 11.6121959686, 18.2172546387, 33.9933242798, 28.6181373596, 25.4733142853, 35.9467391968, 26.5563392639, 21.9480304718, 17.5837135315, 18.5539474487, 28.2831001282, 17.8861427307, 14.6509656906, 17.1371898651, 17.3663330078, 12.8386354446, 13.3235015869, 11.0288925171, 9.40162277222, 9.44842147827, 7.51676082611, 5.43300867081, 4.26263427734, 3.77986311913, 3.27456068993, 2.54579210281, 1.63655745983, 0.516852617264, 0.0213570483029, 0.00104044342879, 9.06461500563e-05, 1.65449800988e-05, 1.80538299901e-05, 3.44855834555e-05],
        "median": [0.052502438426, 0.578103363514, 1.11290633678, 4.01639270782, 11.3468799591, 12.3957443237, 7.24228715897, 9.52927684784, 14.66065979, 11.9081735611, 12.4846019745, 12.3527269363, 9.53822135925, 11.4788103104, 12.1360521317, 11.9189310074, 10.9217338562, 8.97799682617, 10.5166511536, 13.1881475449, 13.3528404236, 10.989657402, 9.95175266266, 8.55454730988, 7.40230607986, 6.20277309418, 4.73600625992, 3.18561601639, 1.9127163887, 1.82049357891, 1.59852159023, 1.19387900829, 0.69507753849, 0.184405684471, 0.00556552410126, 0.000318116886774, 4.21141776314e-05, 9.28616736928e-06, 1.54367826326e-05, 2.96277867164e-05],
        "min": [1.22692074456e-06, 1.42743374454e-05, 3.17499143421e-05, 0.00018166458176, 0.000228150689509, 0.000153684261022, 0.000780994887464, 0.000470204249723, 0.000436233123764, 0.000304394867271, 0.000283272966044, 0.000600279250648, 0.000266201561317, 0.000254733138718, 0.000245203467784, 0.000253379461356, 0.000344217958627, 0.00017039202794, 0.000130805754452, 9.44736893871e-05, 2.89737145067e-05, 4.37774360762e-05, 0.00015011333744, 0.000192421139218, 0.000184721400728, 0.000129765408929, 0.000106878513179, 0.000148692517541, 7.25792924641e-05, 4.06144426961e-05, 3.65040796169e-05, 2.69992669928e-05, 2.00803369808e-05, 4.01365059588e-06, 2.72683536195e-07, 9.98767646365e-08, 3.35037704247e-08, 1.84262365366e-08, 4.33742552985e-09, 9.48881972995e-10],
        "var": [0.0299483388662, 7.40437650681, 65.1903152466, 81.7584838867, 302.849700928, 2072.41455078, 271.835906982, 1032.46704102, 3463.9140625, 2767.12402344, 1543.08850098, 5567.64404297, 2889.05786133, 1152.07226562, 381.143829346, 528.725219727, 2513.64160156, 987.229064941, 329.211120605, 285.754425049, 296.464996338, 142.591262817, 192.893844604, 128.541915894, 86.733039856, 107.058303833, 68.8440475464, 43.2789306641, 36.3551712036, 28.7821235657, 27.4169750214, 16.5278301239, 6.76941394806, 1.19285583496, 0.00383677869104, 7.28906252334e-06, 2.41669599887e-08, 5.15770093301e-10, 1.80930811999e-10, 7.33602290026e-10]
    },
    "gfcc": {
        "mean": [-22.4850292206, 133.161514282, -140.045928955, 61.6522407532, -81.0042266846, 17.3013381958, -35.4154891968, -5.83703136444, -7.68903255463, -21.6572151184, 7.1575293541, -22.5772705078, 5.44607210159],
        "cov": [[5299.13964844, -114.306144714, -919.830566406, -107.439231873, 57.4035873413, 126.148452759, -158.771820068, 72.8791732788, 5.59369182587, -0.838175415993, -141.660934448, -87.2270584106, 19.5871086121], [-114.306144714, 758.672973633, -10.6102666855, -52.7349014282, 346.451263428, -109.239906311, 136.815551758, -78.4495315552, 94.2343597412, -96.1165847778, 49.3496017456, -29.895690918, 41.6090507507], [-919.830566406, -10.6102666855, 917.821472168, 272.536590576, 5.76767253876, 113.981483459, 14.4536333084, 38.4002456665, -10.1662282944, 49.962600708, 29.438331604, 18.8164596558, 8.16846370697], [-107.439231873, -52.7349014282, 272.536590576, 291.794708252, 135.481155396, 79.8529815674, 7.26785707474, -1.38941371441, 35.4202384949, 20.5801525116, -15.1989402771, 8.90527534485, 7.05261802673], [57.4035873413, 346.451263428, 5.76767253876, 135.481155396, 422.555084229, 53.0211791992, 48.7882843018, -27.3922748566, 66.7654800415, -52.8720169067, -16.4098377228, -17.161075592, 33.7669448853], [126.148452759, -109.239906311, 113.981483459, 79.8529815674, 53.0211791992, 180.22277832, 15.603887558, 49.2708282471, -8.87742996216, 13.2679214478, -17.0336341858, 4.52017974854, -5.05552959442], [-158.771820068, 136.815551758, 14.4536333084, 7.26785707474, 48.7882843018, 15.603887558, 158.991622925, 14.9246120453, 33.9834785461, -16.5684661865, 29.4252243042, -12.0692739487, -11.6798839569], [72.8791732788, -78.4495315552, 38.4002456665, -1.38941371441, -27.3922748566, 49.2708282471, 14.9246120453, 108.064849854, 13.1106185913, 32.2042503357, -5.21880865097, -1.84668290615, 4.49258375168], [5.59369182587, 94.2343597412, -10.1662282944, 35.4202384949, 66.7654800415, -8.87742996216, 33.9834785461, 13.1106185913, 102.089370728, 14.0420017242, 2.26386880875, -5.83893966675, -2.89889216423], [-0.838175415993, -96.1165847778, 49.962600708, 20.5801525116, -52.8720169067, 13.2679214478, -16.5684661865, 32.2042503357, 14.0420017242, 76.2080993652, 17.6851634979, 8.5887260437, -1.2727316618], [-141.660934448, 49.3496017456, 29.438331604, -15.1989402771, -16.4098377228, -17.0336341858, 29.4252243042, -5.21880865097, 2.26386880875, 17.6851634979, 73.0226669312, 18.691324234, -3.59293866158], [-87.2270584106, -29.895690918, 18.8164596558, 8.90527534485, -17.161075592, 4.52017974854, -12.0692739487, -1.84668290615, -5.83893966675, 8.5887260437, 18.691324234, 54.0728645325, 20.9544143677], [19.5871086121, 41.6090507507, 8.16846370697, 7.05261802673, 33.7669448853, -5.05552959442, -11.6798839569, 4.49258375168, -2.89889216423, -1.2727316618, -3.59293866158, 20.9544143677, 52.5648612976]],
        "icov": [[0.000314849574352, -0.000537843094207, 0.000584661785979, -0.000615658122115, 0.000564785965253, -0.000734653149266, 0.000601869309321, -0.000351936731022, 0.00021675163589, -0.000242507216171, 0.000208940007724, 0.000522090413142, -0.000157246206072], [-0.000537843094207, 0.00903573911637, -0.00335740065202, 0.00693660788238, -0.0077981534414, 0.0054067093879, -0.00463057495654, 0.00370897678658, -0.00491306558251, 0.00438470253721, -0.00447076652199, 0.00242722919211, -0.00461544655263], [0.000584661785979, -0.00335740065202, 0.00355428922921, -0.00483305193484, 0.00366794853471, -0.00306212739088, 0.00217031501234, -0.00197791703977, 0.00220500910655, -0.00138844910543, 0.000147411323269, 0.000762580544688, 0.000330507173203], [-0.000615658122115, 0.00693660788238, -0.00483305193484, 0.0127393715084, -0.00834855530411, 0.00322632421739, -0.00404619798064, 0.00488829985261, -0.00494734989479, 0.00020672249957, -0.000126806044136, -0.00109257106669, -0.00170415022876], [0.000564785965253, -0.0077981534414, 0.00366794853471, -0.00834855530411, 0.0116276778281, -0.00683105364442, 0.00410608761013, -0.00198872201145, 0.0011209056247, 0.000177388443262, 0.00182013376616, 0.00166046153754, -0.00100300763734], [-0.000734653149266, 0.0054067093879, -0.00306212739088, 0.00322632421739, -0.00683105364442, 0.0129446173087, -0.00450606364757, -0.00192600791343, 0.000711650471203, 0.000893200049177, 0.000657559779938, -0.00312179280445, 0.00218370952643], [0.000601869309321, -0.00463057495654, 0.00217031501234, -0.00404619798064, 0.00410608761013, -0.00450606364757, 0.0118830576539, -0.00403815833852, -0.000712586508598, 0.00252096448094, -0.0037123914808, 0.00240312959068, 0.00237126578577], [-0.000351936731022, 0.00370897678658, -0.00197791703977, 0.00488829985261, -0.00198872201145, -0.00192600791343, -0.00403815833852, 0.0158118233085, -0.00436730030924, -0.00367031921633, 0.000555313774385, 0.00264596869238, -0.00565622374415], [0.00021675163589, -0.00491306558251, 0.00220500910655, -0.00494734989479, 0.0011209056247, 0.000711650471203, -0.000712586508598, -0.00436730030924, 0.017337474972, -0.00777880335227, 0.00467388099059, -0.00318316207267, 0.0060489429161], [-0.000242507216171, 0.00438470253721, -0.00138844910543, 0.00020672249957, 0.000177388443262, 0.000893200049177, 0.00252096448094, -0.00367031921633, -0.00777880335227, 0.0250435378402, -0.0107854651287, 0.00347457430325, -0.00429156655446], [0.000208940007724, -0.00447076652199, 0.000147411323269, -0.000126806044136, 0.00182013376616, 0.000657559779938, -0.0037123914808, 0.000555313774385, 0.00467388099059, -0.0107854651287, 0.0250594317913, -0.0119824120775, 0.00796300731599], [0.000522090413142, 0.00242722919211, 0.000762580544688, -0.00109257106669, 0.00166046153754, -0.00312179280445, 0.00240312959068, 0.00264596869238, -0.00318316207267, 0.00347457430325, -0.0119824120775, 0.0317268371582, -0.0167048722506], [-0.000157246206072, -0.00461544655263, 0.000330507173203, -0.00170415022876, -0.00100300763734, 0.00218370952643, 0.00237126578577, -0.00565622374415, 0.0060489429161, -0.00429156655446, 0.00796300731599, -0.0167048722506, 0.0322113186121]]
    },
    "melbands": {
        "dmean": [0.00107085774653, 0.00183542468585, 0.000779555179179, 0.00104705640115, 0.00038593474892, 0.000295767327771, 0.000317474041367, 0.000188211415661, 0.000143750279676, 0.000137040377012, 7.99473564257e-05, 5.71378841414e-05, 3.26356675941e-05, 2.84056586679e-05, 3.63104991266e-05, 3.61764250556e-05, 1.81779105333e-05, 1.35038626468e-05, 1.07875794129e-05, 1.22759383885e-05, 1.0233869034e-05, 6.81785695633e-06, 5.75163448957e-06, 6.33244462733e-06, 4.38904544353e-06, 3.27290513269e-06, 3.75796480512e-06, 2.85157511826e-06, 2.5449990062e-06, 1.88481635632e-06, 1.50008361288e-06, 1.36166977427e-06, 1.10020789634e-06, 1.1480124158e-06, 9.99980102279e-07, 9.11165045636e-07, 7.75695923494e-07, 6.04659646797e-07, 5.04025024384e-07, 1.81776528052e-07],
        "dmean2": [0.00188993127085, 0.00330357067287, 0.00134829047602, 0.00180264178198, 0.000645743100904, 0.000507311953697, 0.000497145345435, 0.000284699228359, 0.000227838332648, 0.000206956377951, 0.00012251122098, 8.95014381967e-05, 5.33807506145e-05, 4.59796428913e-05, 5.99299601163e-05, 5.90440977248e-05, 2.97354690701e-05, 2.27421751333e-05, 1.82561598194e-05, 2.03905765375e-05, 1.73429725692e-05, 1.1466986507e-05, 9.69810116658e-06, 1.07403575385e-05, 7.33953265808e-06, 5.45685543329e-06, 6.11671885054e-06, 4.61614399683e-06, 4.0284789975e-06, 2.9310588161e-06, 2.23493952944e-06, 2.029603138e-06, 1.59600745064e-06, 1.69055090282e-06, 1.46044658322e-06, 1.39321923598e-06, 1.16385251658e-06, 9.25065762658e-07, 7.56341080432e-07, 2.84562077013e-07],
        "dvar": [6.57680584482e-06, 2.40670615312e-05, 2.80897052107e-06, 6.99061047271e-06, 8.22470724415e-07, 5.46610522179e-07, 3.392671033e-07, 1.52465290171e-07, 7.12768581934e-08, 8.80970389971e-08, 3.42008732446e-08, 1.19032694812e-08, 2.80414247378e-09, 2.355140305e-09, 4.02304012326e-09, 8.10215183833e-09, 1.44107292765e-09, 7.51622319939e-10, 2.32161248559e-10, 3.04478359192e-10, 2.04546393712e-10, 1.00302752215e-10, 6.46699915841e-11, 9.91471210687e-11, 5.22513109169e-11, 2.96636187835e-11, 3.14384664135e-11, 2.0017534505e-11, 1.55204165492e-11, 1.0087738804e-11, 6.32865157849e-12, 6.33371913944e-12, 3.96383143322e-12, 5.7802087769e-12, 3.67388454728e-12, 4.4707063572e-12, 2.05920241796e-12, 1.68672411108e-12, 3.83308836061e-12, 3.78142910864e-13],
        "dvar2": [1.77435995283e-05, 6.79884469719e-05, 7.87582303019e-06, 1.990675446e-05, 2.21936556954e-06, 1.5766731849e-06, 7.49169373648e-07, 3.42009258247e-07, 1.71675708316e-07, 1.91767199453e-07, 7.3848028137e-08, 2.71647913053e-08, 7.34384819623e-09, 5.86510973122e-09, 1.03931130369e-08, 1.97754577158e-08, 3.72148045713e-09, 2.16540407827e-09, 6.42108144433e-10, 7.75276121079e-10, 5.70423652757e-10, 2.81850182082e-10, 1.76270720242e-10, 2.81459328066e-10, 1.41591807723e-10, 7.79553713248e-11, 7.87373569122e-11, 5.17757087204e-11, 3.81510135983e-11, 2.60527988072e-11, 1.43429122745e-11, 1.47809698509e-11, 8.51151874676e-12, 1.34293583198e-11, 8.03753938405e-12, 1.15318345151e-11, 4.53968893727e-12, 4.38699901059e-12, 1.07046992798e-11, 1.03786163691e-12],
        "max": [0.0206800904125, 0.037459589541, 0.017827404663, 0.0398594215512, 0.00846084300429, 0.00794068351388, 0.00851227529347, 0.00593453273177, 0.00380897242576, 0.00461759278551, 0.00349099561572, 0.00208049127832, 0.000699496420566, 0.000928080931772, 0.000704001693521, 0.0012741596438, 0.000762727227993, 0.000486367265694, 0.000164212426171, 0.000417424045736, 0.000129894266138, 0.000131655819132, 9.53454728005e-05, 0.000168776066857, 9.23957486521e-05, 7.57234520279e-05, 0.000119068296044, 6.2403123593e-05, 5.06982651132e-05, 4.89011981699e-05, 3.45636944985e-05, 3.69866465917e-05, 2.01826151169e-05, 5.50145559828e-05, 3.79028533644e-05, 4.58760478068e-05, 3.18853853969e-05, 2.77237286355e-05, 6.70035224175e-05, 1.79202743311e-05],
        "mean": [0.00125889293849, 0.00193909159862, 0.0013988034334, 0.00156582414638, 0.000560639775358, 0.000393230089685, 0.000512260652613, 0.000299983425066, 0.000215479783947, 0.000212438666495, 0.000133131630719, 9.74398426479e-05, 5.84754779993e-05, 5.02450129716e-05, 5.77483406232e-05, 5.96668214712e-05, 2.96628440992e-05, 2.38950215135e-05, 2.13987168536e-05, 2.3747645173e-05, 1.95077027456e-05, 1.33933071993e-05, 1.14378362923e-05, 1.27673483803e-05, 8.4307303041e-06, 6.51844902677e-06, 7.35996991352e-06, 5.95322262598e-06, 5.0761886996e-06, 3.65157256965e-06, 2.97306723951e-06, 2.5308036129e-06, 2.01709576686e-06, 2.14951455746e-06, 1.93070559362e-06, 1.67388247974e-06, 1.5319241129e-06, 1.21049288282e-06, 9.12796281227e-07, 2.47966426059e-07],
        "median": [0.000648939807434, 0.000689529115334, 0.00099794822745, 0.00100152019877, 0.000324427441228, 0.000209863632335, 0.000227798955166, 0.000123156045447, 0.000103093792859, 6.96104980307e-05, 4.32568631368e-05, 4.57412206742e-05, 3.79205848731e-05, 3.05000176013e-05, 2.6989797334e-05, 2.01979364647e-05, 1.50065343405e-05, 1.4805614228e-05, 1.67386733665e-05, 1.67003599927e-05, 1.43751894939e-05, 1.07375817606e-05, 8.54392783367e-06, 8.6909158199e-06, 6.28445786788e-06, 5.10994004799e-06, 5.10891049998e-06, 3.64574520972e-06, 3.08072480948e-06, 2.21160985348e-06, 1.59894580065e-06, 1.06978870917e-06, 8.5531513605e-07, 1.02210117348e-06, 9.08508184239e-07, 7.56359554543e-07, 6.98529845522e-07, 4.99695318013e-07, 3.76425902004e-07, 6.47383302521e-08],
        "min": [1.3972620394e-08, 1.77939707413e-08, 3.44765034299e-08, 1.16517515636e-08, 2.18615010539e-08, 1.29362556223e-08, 6.02984950859e-09, 3.58257068456e-09, 2.27256702345e-09, 2.93385893357e-09, 1.09464859399e-09, 1.02808783708e-09, 1.1091610963e-09, 4.35227548445e-10, 9.31606680687e-10, 5.06105712894e-10, 3.05117570099e-10, 2.19340351437e-10, 2.01185484938e-10, 5.8205336384e-11, 2.7598765287e-11, 3.46573568455e-11, 8.51654996525e-11, 1.89480278689e-10, 1.54171356237e-10, 9.78957470643e-11, 1.42452882823e-10, 7.94580651275e-11, 5.98105107108e-11, 9.90832138559e-11, 7.66043894984e-11, 4.60681146008e-11, 2.73376737914e-11, 2.0634402173e-11, 2.10109551285e-11, 2.04244607338e-11, 1.4291615634e-11, 1.65735099256e-11, 8.82362412302e-12, 9.21144454116e-13],
        "var": [4.91637592859e-06, 1.65129295056e-05, 2.80181120615e-06, 5.41592817171e-06, 7.54983091156e-07, 4.61645328187e-07, 7.31393583919e-07, 3.05882736029e-07, 1.10112154061e-07, 1.8340239194e-07, 8.29693789228e-08, 2.8225175086e-08, 5.27444443676e-09, 5.09931563641e-09, 7.17930603855e-09, 1.64168483252e-08, 2.77393885639e-09, 1.40480194144e-09, 4.3913880865e-10, 6.84872214496e-10, 4.04681871347e-10, 1.75318731754e-10, 1.30429653189e-10, 2.3788501724e-10, 8.18613093978e-11, 4.67016113281e-11, 7.03822972126e-11, 4.63173908949e-11, 3.43707423633e-11, 1.91023082768e-11, 1.47532264183e-11, 1.34955571024e-11, 8.90950941496e-12, 1.07451747153e-11, 9.75914488111e-12, 8.8430382808e-12, 5.90957144331e-12, 3.71254285994e-12, 3.48907426388e-12, 3.69508921074e-13]
    },
    "mfcc": {
        "mean": [-638.075195312, 122.770591736, 10.9963083267, 26.1110019684, -0.863611400127, 4.64448165894, -2.69520711899, 3.56150603294, -6.56780004501, 3.36927747726, -7.91847085953, 3.72624945641, -4.46943187714],
        "cov": [[5973.63085938, -203.333297729, -1064.32019043, -294.77520752, -10.4463424683, -17.3740463257, -141.9402771, -32.3248558044, 80.9652633667, 32.9315338135, 44.502822876, -72.0654296875, -141.001556396], [-203.333297729, 821.270812988, -209.518005371, 99.3648071289, 103.906730652, 24.2081699371, 44.0826797485, 54.5613937378, 16.0888710022, 6.48175477982, -25.428937912, 9.88640403748, -7.615421772], [-1064.32019043, -209.518005371, 871.942565918, 118.0806427, 42.9965782166, 40.0722084045, 77.9702835083, -4.34811449051, 2.14136505127, 17.0197410583, 2.187479496, 37.8531455994, 63.6499633789], [-294.77520752, 99.3648071289, 118.0806427, 253.841644287, 135.532165527, 91.9396743774, 17.1073818207, 24.3599071503, 29.3828010559, 22.5102005005, -4.81767082214, 7.17612218857, 18.6904602051], [-10.4463424683, 103.906730652, 42.9965782166, 135.532165527, 319.943939209, 124.59979248, 33.0600967407, 29.4758243561, 71.6943664551, -2.7863984108, 12.4458475113, -27.4701061249, 0.116255298257], [-17.3740463257, 24.2081699371, 40.0722084045, 91.9396743774, 124.59979248, 164.060836792, 41.2154960632, 46.9186553955, 24.981678009, 13.3481388092, 20.4241161346, -9.66316318512, -6.99264144897], [-141.9402771, 44.0826797485, 77.9702835083, 17.1073818207, 33.0600967407, 41.2154960632, 130.25793457, 43.6318206787, 12.3514642715, 13.6814594269, 3.73131370544, 14.8102083206, 0.71318423748], [-32.3248558044, 54.5613937378, -4.34811449051, 24.3599071503, 29.4758243561, 46.9186553955, 43.6318206787, 96.267578125, 30.066116333, 21.1843185425, 12.3914546967, 4.83199739456, -1.81418454647], [80.9652633667, 16.0888710022, 2.14136505127, 29.3828010559, 71.6943664551, 24.981678009, 12.3514642715, 30.066116333, 104.296974182, 22.5227603912, 22.9830970764, -9.76624011993, -6.15892887115], [32.9315338135, 6.48175477982, 17.0197410583, 22.5102005005, -2.7863984108, 13.3481388092, 13.6814594269, 21.1843185425, 22.5227603912, 84.8919143677, 23.0270309448, 31.084236145, -7.03756761551], [44.502822876, -25.428937912, 2.187479496, -4.81767082214, 12.4458475113, 20.4241161346, 3.73131370544, 12.3914546967, 22.9830970764, 23.0270309448, 70.810760498, 13.2882966995, -2.3721613884], [-72.0654296875, 9.88640403748, 37.8531455994, 7.17612218857, -27.4701061249, -9.66316318512, 14.8102083206, 4.83199739456, -9.76624011993, 31.084236145, 13.2882966995, 73.6641235352, 15.7150611877], [-141.001556396, -7.615421772, 63.6499633789, 18.6904602051, 0.116255298257, -6.99264144897, 0.71318423748, -1.81418454647, -6.15892887115, -7.03756761551, -2.3721613884, 15.7150611877, 70.9173812866]],
