{
"lowlevel": {
    "average_loudness": 0.675445795059,
    "barkbands_crest": {
        "dmean": 2.21309828758,
        "dmean2": 3.51510381699,
        "dvar": 4.24631404877,
        "dvar2": 10.4948396683,
        "max": 24.5478229523,
        "mean": 10.5348062515,
        "median": 9.95152568817,
        "min": 2.46824407578,
        "var": 13.0198860168
    },
    "barkbands_flatness_db": {
        "dmean": 0.0175134111196,
        "dmean2": 0.0277635268867,
        "dvar": 0.000258508371189,
        "dvar2": 0.000553905381821,
        "max": 0.330733865499,
        "mean": 0.223512813449,
        "median": 0.22634164989,
        "min": 0.0625690370798,
        "var": 0.00131854088977
    },
    "barkbands_kurtosis": {
        "dmean": 2.08765745163,
        "dmean2": 3.26452589035,
        "dvar": 9.71969604492,
        "dvar2": 23.5854110718,
        "max": 41.3964233398,
        "mean": 4.21212720871,
        "median": 3.12083673477,
        "min": -1.81940579414,
        "var": 21.5435676575
    },
    "barkbands_skewness": {
        "dmean": 0.391872167587,
        "dmean2": 0.591460108757,
        "dvar": 0.189041420817,
        "dvar2": 0.397970587015,
        "max": 5.91326618195,
        "mean": 1.33194077015,
        "median": 1.21977341175,
        "min": -2.05978941917,
        "var": 0.854825854301
    },
    "barkbands_spread": {
        "dmean": 2.54559612274,
        "dmean2": 3.75414156914,
        "dvar": 27.2715148926,
        "dvar2": 45.0464515686,
        "max": 89.994178772,
        "mean": 10.2051763535,
        "median": 8.10582351685,
        "min": 1.96628642082,
        "var": 86.1494979858
    },
    "dissonance": {
        "dmean": 0.0294953100383,
        "dmean2": 0.049583978951,
        "dvar": 0.00066397950286,
        "dvar2": 0.00172043731436,
        "max": 0.498418331146,
        "mean": 0.425918340683,
        "median": 0.430802792311,
        "min": 0.161942794919,
        "var": 0.00164067035075
    },
    "dynamic_complexity": 5.42964220047,
    "erbbands_crest": {
        "dmean": 2.40327095985,
        "dmean2": 3.6919939518,
        "dvar": 4.68254852295,
        "dvar2": 10.0465526581,
        "max": 27.5638389587,
        "mean": 10.5722503662,
        "median": 9.65107822418,
        "min": 3.35169291496,
        "var": 16.5916652679
    },
    "erbbands_flatness_db": {
        "dmean": 0.0132255479693,
        "dmean2": 0.0191435758024,
        "dvar": 0.000146529695485,
        "dvar2": 0.000288529379759,
        "max": 0.336811006069,
        "mean": 0.249593541026,
        "median": 0.252414852381,
        "min": 0.0658157840371,
        "var": 0.0012847459875
    },
    "erbbands_kurtosis": {
        "dmean": 1.02438223362,
        "dmean2": 1.59495353699,
        "dvar": 1.3198851347,
        "dvar2": 3.11115002632,
        "max": 13.4542236328,
        "mean": 1.51417219639,
        "median": 0.96796298027,
        "min": -1.82380020618,
        "var": 5.32118415833
    },
    "erbbands_skewness": {
        "dmean": 0.32217335701,
        "dmean2": 0.47922667861,
        "dvar": 0.093840226531,
        "dvar2": 0.195929214358,
        "max": 3.07886195183,
        "mean": 0.839875757694,
        "median": 0.873299837112,
        "min": -2.85468292236,
        "var": 0.533442616463
    },
    "erbbands_spread": {
        "dmean": 4.37675285339,
        "dmean2": 6.504799366,
        "dvar": 53.0945968628,
        "dvar2": 117.962661743,
        "max": 117.691070557,
        "mean": 21.8731555939,
        "median": 19.2644729614,
        "min": 4.35328578949,
        "var": 156.061004639
    },
    "hfc": {
        "dmean": 2.41518640518,
        "dmean2": 3.2895257473,
        "dvar": 17.0696792603,
        "dvar2": 29.4161624908,
        "max": 90.3742294312,
        "mean": 12.6637477875,
        "median": 5.30795860291,
        "min": 1.18105919886e-16,
        "var": 223.51763916
    },
    "melbands_crest": {
        "dmean": 2.82041668892,
        "dmean2": 4.48921489716,
        "dvar": 6.52122831345,
        "dvar2": 16.8768901825,
        "max": 29.7225780487,
        "mean": 13.1332426071,
        "median": 12.1399707794,
        "min": 2.54648995399,
        "var": 20.1337242126
    },
    "melbands_flatness_db": {
        "dmean": 0.0180679224432,
        "dmean2": 0.0266135595739,
        "dvar": 0.000363045372069,
        "dvar2": 0.000661986181512,
        "max": 0.408656924963,
        "mean": 0.270440042019,
        "median": 0.271208256483,
        "min": 0.00973137654364,
        "var": 0.00277341040783
    },
    "melbands_kurtosis": {
        "dmean": 3.29002690315,
        "dmean2": 5.08190393448,
        "dvar": 26.8421020508,
        "dvar2": 63.2030220032,
        "max": 91.9242401123,
        "mean": 7.27261590958,
        "median": 5.00599765778,
        "min": -1.72372758389,
        "var": 65.0124435425
    },
    "melbands_skewness": {
        "dmean": 0.436966568232,
        "dmean2": 0.664335429668,
        "dvar": 0.219668462873,
        "dvar2": 0.483921140432,
        "max": 8.18608665466,
        "mean": 1.75795125961,
        "median": 1.62453854084,
        "min": -0.995487213135,
        "var": 1.16198956966
    },
    "melbands_spread": {
        "dmean": 3.49433374405,
        "dmean2": 4.90839481354,
        "dvar": 68.5029296875,
        "dvar2": 80.9542007446,
        "max": 214.860641479,
        "mean": 13.6585168839,
        "median": 10.5403728485,
        "min": 2.14090204239,
        "var": 246.979919434
    },
    "pitch_salience": {
        "dmean": 0.0608293935657,
        "dmean2": 0.099066272378,
        "dvar": 0.00289088697173,
        "dvar2": 0.00690600648522,
        "max": 0.837881982327,
        "mean": 0.611813247204,
        "median": 0.621974527836,
        "min": 0.235299050808,
        "var": 0.00834278389812
    },
    "silence_rate_20dB": {
        "dmean": 0,
        "dmean2": 0,
        "dvar": 0,
        "dvar2": 0,
        "max": 1,
        "mean": 1,
        "median": 1,
        "min": 1,
        "var": 0
    },
    "silence_rate_30dB": {
        "dmean": 0.00154798757285,
        "dmean2": 0.00309837330133,
        "dvar": 0.00154558569193,
        "dvar2": 0.00463793147355,
        "max": 1,
        "mean": 0.999226629734,
        "median": 1,
        "min": 0,
        "var": 0.000772796105593
    },
    "silence_rate_60dB": {
        "dmean": 0.0278637763113,
        "dmean2": 0.0557707212865,
        "dvar": 0.0270874239504,
        "dvar2": 0.0666038244963,
        "max": 1,
        "mean": 0.163959786296,
        "median": 0,
        "min": 0,
        "var": 0.137079492211
    },
    "spectral_centroid": {
        "dmean": 115.337059021,
        "dmean2": 163.303344727,
        "dvar": 111300.585938,
        "dvar2": 113898.945312,
        "max": 10978.953125,
        "mean": 742.463256836,
        "median": 585.79119873,
        "min": 293.235229492,
        "var": 292763.53125
    },
    "spectral_complexity": {
        "dmean": 1.56965947151,
        "dmean2": 2.47560024261,
        "dvar": 2.43865275383,
        "dvar2": 5.43291473389,
        "max": 38,
        "mean": 11.3155450821,
        "median": 11,
        "min": 0,
        "var": 29.0419769287
    },
    "spectral_decrease": {
        "dmean": 9.65520441376e-10,
        "dmean2": 1.42423162153e-09,
        "dvar": 1.93313763515e-18,
        "dvar2": 4.12534906533e-18,
        "max": 2.84085500153e-29,
        "mean": -4.6013175492e-09,
        "median": -2.8876425695e-09,
        "min": -2.9355222253e-08,
        "var": 1.87514201717e-17
    },
    "spectral_energy": {
        "dmean": 0.00383482454345,
        "dmean2": 0.00563782639802,
        "dvar": 3.04006298393e-05,
        "dvar2": 6.45614709356e-05,
        "max": 0.116517283022,
        "mean": 0.0185150783509,
        "median": 0.0113069759682,
        "min": 1.06053294856e-20,
        "var": 0.000307435111608
    },
    "spectral_energyband_high": {
        "dmean": 4.64449985884e-05,
        "dmean2": 6.15230019321e-05,
        "dvar": 6.83422172187e-08,
        "dvar2": 9.52066514515e-08,
        "max": 0.00804609525949,
        "mean": 9.25501080928e-05,
        "median": 2.02977244044e-05,
        "min": 7.62683304552e-21,
        "var": 1.77392834644e-07
    },
    "spectral_energyband_low": {
        "dmean": 0.000465030083433,
        "dmean2": 0.000719839415979,
        "dvar": 9.1161700766e-07,
        "dvar2": 2.08103983823e-06,
        "max": 0.0206838808954,
        "mean": 0.0012837711256,
        "median": 0.000753629137762,
        "min": 1.37805985315e-22,
        "var": 3.46079082192e-06
    },
    "spectral_energyband_middle_high": {
        "dmean": 0.0011829813011,
        "dmean2": 0.00165705755353,
        "dvar": 4.7651492423e-06,
        "dvar2": 9.1371812232e-06,
        "max": 0.0452303402126,
        "mean": 0.00593697186559,
        "median": 0.00103658402804,
        "min": 1.59868526519e-21,
        "var": 7.64653741498e-05
    },
    "spectral_energyband_middle_low": {
        "dmean": 0.00338915479369,
        "dmean2": 0.00515269627795,
        "dvar": 2.6403917218e-05,
        "dvar2": 6.0130161728e-05,
        "max": 0.10512200743,
        "mean": 0.0120505299419,
        "median": 0.00834854319692,
        "min": 3.94373023537e-22,
        "var": 0.00014113515499
    },
    "spectral_entropy": {
        "dmean": 0.141183570027,
        "dmean2": 0.205975711346,
        "dvar": 0.0230932794511,
        "dvar2": 0.039023693651,
        "max": 9.81287288666,
        "mean": 6.69754123688,
        "median": 6.65336608887,
        "min": 5.81786155701,
        "var": 0.147305697203
    },
    "spectral_flux": {
        "dmean": 0.0142607036978,
        "dmean2": 0.0227055456489,
        "dvar": 0.000285853428068,
        "dvar2": 0.000689001695719,
        "max": 0.216555342078,
        "mean": 0.0509250462055,
        "median": 0.0417814701796,
        "min": 1.0298217834e-10,
        "var": 0.00111203012057
    },
    "spectral_kurtosis": {
        "dmean": 5.20984506607,
        "dmean2": 9.01230812073,
        "dvar": 21.6727313995,
        "dvar2": 64.8708343506,
        "max": 51.5654029846,
        "mean": 11.8318252563,
        "median": 10.3347530365,
        "min": -1.46863877773,
        "var": 48.5941848755
    },
    "spectral_rms": {
        "dmean": 0.000414098525653,
        "dmean2": 0.000608698872384,
        "dvar": 2.12663294974e-07,
        "dvar2": 4.34553925288e-07,
        "max": 0.0106618665159,
        "mean": 0.00373562052846,
        "median": 0.00332132447511,
        "min": 3.21662293155e-12,
        "var": 4.1086177589e-06
    },
    "spectral_rolloff": {
        "dmean": 221.714645386,
        "dmean2": 351.56854248,
        "dvar": 660154.0625,
        "dvar2": 962204.25,
        "max": 18690.8203125,
        "mean": 934.537963867,
        "median": 732.12890625,
        "min": 193.798828125,
        "var": 1357779
    },
    "spectral_skewness": {
        "dmean": 0.435844302177,
        "dmean2": 0.728037536144,
        "dvar": 0.12626427412,
        "dvar2": 0.36371576786,
        "max": 5.46387434006,
        "mean": 2.45825862885,
        "median": 2.42695426941,
        "min": -0.206412211061,
        "var": 0.450967997313
    },
    "spectral_spread": {
        "dmean": 347758.71875,
        "dmean2": 496878.40625,
        "dvar": 1.07908910285e+12,
        "dvar2": 1.06984669184e+12,
        "max": 40271588,
        "mean": 2708652.75,
        "median": 2412584.5,
        "min": 1330391.125,
        "var": 2.58793485107e+12
    },
    "spectral_strongpeak": {
        "dmean": 0.416509330273,
        "dmean2": 0.682353854179,
        "dvar": 0.505712389946,
        "dvar2": 1.18196547031,
        "max": 14.1485338211,
        "mean": 1.38030982018,
        "median": 0.60619354248,
        "min": 0,
        "var": 3.11237740517
    },
    "zerocrossingrate": {
        "dmean": 0.00551621755585,
        "dmean2": 0.00620884960517,
        "dvar": 0.000277495215414,
        "dvar2": 0.000240342938923,
        "max": 0.49853515625,
        "mean": 0.0348314829171,
        "median": 0.029296875,
        "min": 0.01025390625,
        "var": 0.000975927803665
    },
    "barkbands": {
        "dmean": [8.81223095348e-05, 0.000184787611943, 0.000167641745065, 0.000424438389018, 0.00140752829611, 0.000809552380815, 0.000451005878858, 0.00153117754962, 0.000284335663309, 0.000865258683916, 0.00018174322031, 0.00011257998267, 0.000129482505145, 0.000208913479582, 0.000132161367219, 8.95738776308e-05, 0.000118340780318, 0.000106334962766, 3.15660508932e-05, 9.46324325923e-06, 9.85801216302e-06, 8.09000448498e-06, 6.31155216979e-06, 2.04040097742e-05, 6.9526936386e-06, 7.94790899761e-09, 7.10555003725e-10],
        "dmean2": [0.000156255453476, 0.000269638956524, 0.000254888407653, 0.000677219592035, 0.00211415649392, 0.00125028239563, 0.000592570286244, 0.00240041990764, 0.000407510815421, 0.00124911498278, 0.000225672280067, 0.000150365303853, 0.000196614695597, 0.000297791440971, 0.000183096010005, 0.000133716646815, 0.000172999527422, 0.000153207220137, 4.47435013484e-05, 1.45890653585e-05, 1.35478358061e-05, 1.18187854241e-05, 8.5524197857e-06, 2.80759431917e-05, 1.01570294646e-05, 1.1275270495e-08, 1.29956390094e-09],
        "dvar": [3.02327300972e-08, 9.26725860495e-08, 1.38665697591e-07, 1.25723443034e-06, 7.21632204659e-06, 1.72945465238e-06, 2.6067075396e-06, 1.31324886752e-05, 8.06731804914e-07, 3.33979278366e-06, 9.61390924203e-07, 5.13374232014e-08, 1.01905364147e-07, 1.76887297698e-07, 6.99906706814e-07, 1.86340770369e-07, 4.55744981309e-07, 6.3175029652e-08, 6.47824505151e-09, 3.50108919633e-09, 1.91510030056e-09, 1.29045951702e-09, 9.66987045992e-10, 2.29711929478e-08, 2.89674906284e-09, 4.05384081677e-15, 1.46414628696e-18],
        "dvar2": [8.57265476384e-08, 1.99976582849e-07, 2.77897385104e-07, 2.98565919366e-06, 1.61156422109e-05, 4.54290329799e-06, 4.78967240269e-06, 3.13375821861e-05, 1.22008975723e-06, 7.21243486623e-06, 8.66060815952e-07, 7.29951707967e-08, 2.26586550411e-07, 3.35968877607e-07, 1.06285529e-06, 3.44332619306e-07, 6.61881813357e-07, 1.38821647511e-07, 1.24806271984e-08, 7.92567966812e-09, 3.22436122246e-09, 2.44855091758e-09, 1.54534263164e-09, 3.48055841926e-08, 5.87812598596e-09, 8.01683650291e-15, 4.42040893932e-18],
        "max": [0.00407931953669, 0.00538917863742, 0.0108501464128, 0.0268683619797, 0.0451652221382, 0.0198961645365, 0.052339296788, 0.0503816194832, 0.0226279776543, 0.0309962816536, 0.0354747697711, 0.00643679080531, 0.00721931643784, 0.00687319599092, 0.0293803103268, 0.0175379291177, 0.0254890266806, 0.00284523935989, 0.00228501437232, 0.00117484643124, 0.00132145243697, 0.000555184204131, 0.000978044699878, 0.00511360540986, 0.00109410926234, 1.89795889582e-06, 1.02187787121e-08],
        "mean": [0.000135599038913, 0.0004250422935, 0.000361504673492, 0.000946777348872, 0.00364371924661, 0.00166832376271, 0.00130867364351, 0.00317898113281, 0.00072304304922, 0.00328680174425, 0.000563753827009, 0.000270043179626, 0.000286090013105, 0.000485502649099, 0.000246156268986, 0.000287750677671, 0.000258841639152, 0.000258157873759, 8.26127143227e-05, 1.23521640489e-05, 1.6945439711e-05, 1.48697681652e-05, 1.03713937278e-05, 3.37057608704e-05, 9.45430292631e-06, 8.86223983088e-09, 6.0909444155e-10],
        "median": [4.27718332503e-05, 0.000202532741241, 0.000175825160113, 0.000217937107664, 0.00194221257698, 0.00108184723649, 0.000436124711996, 0.00034969279659, 0.000184951539268, 0.000229150653468, 5.30109464307e-05, 6.51028312859e-05, 7.86766977399e-05, 8.50048963912e-05, 3.22341220453e-05, 2.66589431703e-05, 2.23570350499e-05, 1.46924539877e-05, 1.10231530925e-05, 2.78116135632e-06, 2.13163275475e-06, 2.05080232263e-06, 1.76000844476e-06, 6.09805147178e-06, 2.6160259381e-07, 5.03468156055e-10, 1.89403576156e-10],
        "min": [1.82945852712e-23, 7.67944226765e-23, 3.26676420084e-23, 1.25757625935e-23, 1.40182312041e-22, 3.35868889995e-23, 1.29450282255e-22, 1.98586818761e-23, 1.86103142268e-23, 1.93112846676e-22, 3.40063010992e-23, 1.1113602437e-22, 1.03086273123e-22, 4.04166005923e-23, 1.21261653623e-22, 2.60501636603e-22, 1.97674671518e-22, 2.61992015734e-22, 2.07260593694e-22, 2.35723124295e-22, 3.09758464935e-22, 5.22390810118e-22, 5.03926315252e-22, 8.13532940239e-22, 1.14900506475e-21, 1.59707169754e-21, 2.79367710895e-21],
        "var": [6.77628193557e-08, 3.00102868778e-07, 4.39853010903e-07, 4.85260534333e-06, 2.33102418861e-05, 3.82336202165e-06, 1.58315669978e-05, 3.75811359845e-05, 4.13940688304e-06, 3.58960460289e-05, 1.02420126495e-05, 3.67821087366e-07, 3.33625195026e-07, 8.1981306721e-07, 1.36333142109e-06, 2.24253449232e-06, 1.83168424428e-06, 2.38653257156e-07, 3.05398621947e-08, 4.62246374511e-09, 4.1777679094e-09, 2.74411338097e-09, 2.03813832478e-09, 5.33533928149e-08, 4.86043383319e-09, 5.65527518817e-15, 1.22391028961e-18]
    },
    "erbbands": {
        "dmean": [0.00736246770248, 0.0370942950249, 0.142928659916, 0.81573420763, 2.30509614944, 4.96665000916, 7.87088823318, 7.90120458603, 7.71963500977, 13.656208992, 29.597650528, 6.59030628204, 24.6825656891, 17.5027503967, 4.54143476486, 3.2264547348, 5.74335575104, 6.83510398865, 7.95621395111, 5.84713602066, 4.88487672806, 5.19351768494, 5.52836561203, 1.38534319401, 1.55766689777, 0.434422314167, 0.350792557001, 0.472004979849, 0.338467180729, 0.158059507608, 0.203748703003, 0.353728532791, 0.355888009071, 0.144300699234, 0.0134590640664, 0.000578039558604, 2.69278807536e-05, 3.4545885228e-06, 2.35450715991e-06, 4.46660305897e-06],
        "dmean2": [0.010911507532, 0.0541390627623, 0.216204792261, 1.32286429405, 3.69931864738, 7.51077699661, 10.7521677017, 12.4505596161, 10.1002426147, 21.8363418579, 43.1025924683, 9.37472915649, 34.4921035767, 21.9582138062, 6.27885437012, 4.39493227005, 8.7282075882, 9.63619422913, 11.9163284302, 7.89298582077, 6.61453294754, 6.77378845215, 7.55659770966, 1.97272360325, 2.27607703209, 0.693142414093, 0.519198298454, 0.66043639183, 0.509932637215, 0.223376691341, 0.281054824591, 0.491651505232, 0.513621151447, 0.202589347959, 0.0200573895127, 0.000858688494191, 3.88360313082e-05, 4.85415057483e-06, 3.36673906531e-06, 6.5230956352e-06],
        "dvar": [0.000172550222487, 0.00379855232313, 0.0775814950466, 5.18457841873, 24.4437217712, 144.176391602, 140.911331177, 205.00743103, 802.180297852, 896.479125977, 4775.30175781, 247.791137695, 2647.85571289, 1777.0657959, 121.323799133, 67.5107345581, 162.480255127, 241.496185303, 357.584075928, 1094.61499023, 311.702514648, 457.364074707, 151.471679688, 14.2509403229, 14.0594854355, 7.6853313446, 3.80741715431, 3.67360663414, 2.44360470772, 0.797114133835, 1.23895776272, 6.10679674149, 6.71385669708, 1.21849608421, 0.0122429318726, 2.23253409786e-05, 4.17256877938e-08, 5.40950895189e-10, 2.85928659222e-11, 4.12137268757e-11],
        "dvar2": [0.000363333092537, 0.00831202510744, 0.16566246748, 12.4466400146, 61.232208252, 295.258361816, 291.71987915, 550.409118652, 1470.02246094, 2541.34399414, 9732.88378906, 383.469390869, 5477.30664062, 2343.08276367, 170.420120239, 107.44342041, 362.688842773, 434.086181641, 742.581970215, 1485.28540039, 509.125488281, 468.526672363, 295.07244873, 26.8877258301, 29.7674274445, 17.1849975586, 7.56070280075, 6.15148210526, 4.92302846909, 1.48329114914, 2.00958776474, 8.28230667114, 11.0255155563, 2.20424199104, 0.0279214922339, 5.01997783431e-05, 8.45394865223e-08, 9.79963887815e-10, 5.06114976317e-11, 8.58583482088e-11],
        "max": [0.279029667377, 0.844248712063, 7.28218412399, 49.550113678, 75.3299026489, 261.566467285, 167.520492554, 250.135498047, 942.081970215, 315.539459229, 984.893127441, 356.492095947, 804.050048828, 1177.02929688, 372.547576904, 239.142120361, 259.187957764, 323.916564941, 342.497680664, 1491.06762695, 767.744934082, 973.10546875, 176.417739868, 113.532272339, 80.4065704346, 58.7540588379, 44.1285057068, 51.9547805786, 27.0450439453, 24.3910541534, 38.0770568848, 82.7330703735, 83.3592987061, 24.3330936432, 2.64797735214, 0.111039668322, 0.00422911299393, 0.000561056716833, 0.000134156129207, 0.000132311804919],
        "mean": [0.0158638767898, 0.0856775790453, 0.341506719589, 1.88983178139, 4.84959220886, 11.8429136276, 20.1240596771, 16.3442382812, 23.4119758606, 28.5315608978, 61.8060112, 18.1034545898, 84.5706176758, 60.0753211975, 12.8608074188, 8.85761833191, 14.1481456757, 15.7215909958, 19.5781669617, 19.1520614624, 14.5991897583, 14.9110984802, 15.3526535034, 4.56069421768, 3.71761250496, 0.712355256081, 0.52708876133, 0.85603249073, 0.620161533356, 0.24908746779, 0.335676521063, 0.617724776268, 0.557894289494, 0.205880910158, 0.0163661632687, 0.000731575884856, 4.43452518084e-05, 6.95923426974e-06, 1.05081790025e-05, 2.1731497327e-05],
        "median": [0.00334988161922, 0.0403814464808, 0.189953267574, 0.622997820377, 1.93218576908, 5.09654664993, 10.8114976883, 8.61252880096, 8.77128982544, 6.25208950043, 8.9728937149, 7.18953323364, 9.04022407532, 6.12748622894, 4.41568756104, 2.61768698692, 3.79847860336, 4.44056558609, 2.8139872551, 1.6591604948, 1.74357736111, 1.53954470158, 0.97468072176, 0.601205587387, 0.537853002548, 0.182514935732, 0.115498684347, 0.066244751215, 0.0762639567256, 0.0375361964107, 0.0635629966855, 0.120688460767, 0.0504787638783, 0.00966254994273, 0.000361829763278, 3.61748570867e-05, 8.27977873996e-06, 1.70062276084e-06, 6.50799984214e-06, 1.37405231726e-05],
        "min": [1.2301794325e-21, 2.01785055877e-20, 5.46001565948e-20, 3.76342751034e-20, 1.44176973307e-19, 4.6446439549e-19, 7.18949302677e-19, 2.5268385065e-19, 1.2122800268e-18, 1.6546474296e-18, 4.86738146339e-19, 5.0848400086e-19, 3.71384408138e-18, 4.93805980743e-18, 2.80954914263e-18, 3.90815790625e-18, 4.49286417072e-18, 3.04268131288e-18, 4.52239038268e-18, 8.69796378685e-18, 1.35945628204e-17, 1.20398032401e-17, 1.65432416741e-17, 7.61596522352e-18, 1.18338269957e-17, 1.29040613964e-17, 1.45649101991e-17, 1.04525131278e-17, 2.1716740245e-17, 1.49273956327e-17, 1.5494452758e-17, 1.60915927879e-17, 1.31879125595e-17, 1.05577702063e-17, 9.32523056178e-18, 5.65841748849e-18, 2.83408642152e-18, 1.45837060173e-18, 4.17655407849e-19, 3.923124098e-20],
        "var": [0.000615611439571, 0.0127076208591, 0.255428850651, 17.8938312531, 70.7083969116, 481.704040527, 562.934326172, 482.079315186, 4995.13867188, 2204.43212891, 14460.1728516, 1370.13439941, 22305.2460938, 21311.0429688, 1097.67797852, 453.595428467, 757.963623047, 804.261901855, 1449.1159668, 8094.64892578, 3083.72314453, 3011.67797852, 833.087097168, 73.4505844116, 59.2416992188, 10.4780378342, 5.82307434082, 8.69693183899, 4.92910718918, 1.38523840904, 2.50190377235, 14.9667444229, 15.3420686722, 2.30510401726, 0.015140238218, 2.86307949864e-05, 6.69793180919e-08, 1.04586717065e-09, 1.31212499199e-10, 4.24211610284e-10]
    },
    "gfcc": {
        "mean": [-110.386482239, 168.506576538, -147.007064819, 18.6009178162, -73.4894180298, -0.567679941654, -41.7179870605, -9.73051929474, -5.03118371964, -27.9978981018, 7.14371919632, -20.6117420197, 7.41636228561],
        "cov": [[9922.59082031, -1044.44372559, -1343.24267578, -268.104003906, -411.223358154, 172.525039673, -648.003601074, 668.036132812, 12.6352920532, -306.464691162, -29.9934005737, -206.152313232, 82.4155960083], [-1044.44372559, 1294.16088867, 210.233505249, 1.15796160698, 381.102752686, -220.533203125, 407.900543213, -277.889282227, 242.032745361, 57.1642074585, 184.595504761, 33.6859855652, 16.3653621674], [-1343.24267578, 210.233505249, 617.955749512, 198.649978638, 35.6153259277, 139.41368103, 136.20803833, -134.08454895, -5.39329147339, 131.929153442, 16.5844783783, 16.3621025085, -16.2483158112], [-268.104003906, 1.15796160698, 198.649978638, 269.333984375, 57.739818573, 81.8634414673, 30.8206157684, -58.6746444702, 30.9272079468, 80.5177078247, -0.83020067215, -2.90337371826, 22.2565631866], [-411.223358154, 381.102752686, 35.6153259277, 57.739818573, 276.967041016, -79.7916793823, 88.5504760742, -56.1469612122, 122.291465759, 47.7670402527, 52.6272926331, 13.0014257431, 13.7697629929], [172.525039673, -220.533203125, 139.41368103, 81.8634414673, -79.7916793823, 249.959289551, -30.4232559204, 41.5867347717, -44.5398025513, -2.85358524323, -35.989528656, -49.265007019, -37.4453086853], [-648.003601074, 407.900543213, 136.20803833, 30.8206157684, 88.5504760742, -30.4232559204, 324.091033936, -84.8524856567, 51.9770812988, 76.3912963867, 86.7755126953, 61.3853721619, 25.6563835144], [668.036132812, -277.889282227, -134.08454895, -58.6746444702, -56.1469612122, 41.5867347717, -84.8524856567, 237.016998291, -24.4508190155, -10.6218795776, 6.37370586395, -27.4764385223, 8.19180870056], [12.6352920532, 242.032745361, -5.39329147339, 30.9272079468, 122.291465759, -44.5398025513, 51.9770812988, -24.4508190155, 161.347427368, 44.9927597046, 49.3075065613, 6.89782428741, 9.53541946411], [-306.464691162, 57.1642074585, 131.929153442, 80.5177078247, 47.7670402527, -2.85358524323, 76.3912963867, -10.6218795776, 44.9927597046, 169.862442017, 54.5390625, 48.0066261292, 43.6637649536], [-29.9934005737, 184.595504761, 16.5844783783, -0.83020067215, 52.6272926331, -35.989528656, 86.7755126953, 6.37370586395, 49.3075065613, 54.5390625, 114.911460876, 24.141242981, 15.5266313553], [-206.152313232, 33.6859855652, 16.3621025085, -2.90337371826, 13.0014257431, -49.265007019, 61.3853721619, -27.4764385223, 6.89782428741, 48.0066261292, 24.141242981, 101.37853241, 45.5682220459], [82.4155960083, 16.3653621674, -16.2483158112, 22.2565631866, 13.7697629929, -37.4453086853, 25.6563835144, 8.19180870056, 9.53541946411, 43.6637649536, 15.5266313553, 45.5682220459, 79.0428771973]],
        "icov": [[0.000220610352699, -0.000297315098578, 0.000563492882065, -0.000218417524593, 0.000458656897536, -0.00048595899716, 0.000409064436099, -0.000363643513992, -0.000123904799693, -3.22258165397e-05, -8.49407806527e-05, 1.19100868687e-05, -0.000353770272341], [-0.000297315098578, 0.00644286256284, -0.00313959806226, 0.00312997191213, -0.00450554629788, 0.00314177712426, -0.00475386343896, 0.00465442473069, -0.00354051031172, 0.0037003797479, -0.00446272548288, 0.00489631295204, -0.0027798267547], [0.000563492882065, -0.00313959806226, 0.00576356053352, -0.00279916799627, 0.00241238181479, -0.00378750776872, 0.00196906458586, -0.00105308624916, 0.00226525589824, -0.00381929986179, 0.00162612902932, -0.00208524358459, 0.00201018410735], [-0.000218417524593, 0.00312997191213, -0.00279916799627, 0.00826858263463, -0.00361226103269, -0.000709053245373, -0.00172355561517, 0.00383110018447, -0.00213220831938, -0.000129125226522, -0.00134338717908, 0.00398731790483, -0.00457442132756], [0.000458656897536, -0.00450554629788, 0.00241238181479, -0.00361226103269, 0.00989596359432, -0.000603987311479, 0.002732046647, -0.0033494499512, -0.00169623980764, -0.00213011610322, 0.00239699310623, -0.00240529817529, 0.00171503506135], [-0.00048595899716, 0.00314177712426, -0.00378750776872, -0.000709053245373, -0.000603987311479, 0.00960531365126, -0.00318775628693, 8.58417552081e-05, -0.00123367307242, 0.00204922538251, -0.000408138352213, 0.00357047165744, 0.00199729832821], [0.000409064436099, -0.00475386343896, 0.00196906458586, -0.00172355561517, 0.002732046647, -0.00318775628693, 0.00877082254738, -0.00219227559865, 0.00232300674543, -0.00268317060545, -9.62505364441e-05, -0.00506700901315, 0.000984026817605], [-0.000363643513992, 0.00465442473069, -0.00105308624916, 0.00383110018447, -0.0033494499512, 8.58417552081e-05, -0.00219227559865, 0.0102097867057, -0.00161413452588, 0.00093983381521, -0.00505599565804, 0.0051936134696, -0.00392750231549], [-0.000123904799693, -0.00354051031172, 0.00226525589824, -0.00213220831938, -0.00169623980764, -0.00123367307242, 0.00232300674543, -0.00161413452588, 0.012880587019, -0.00423004571348, 0.000555460981559, -0.00203782692552, 0.00290112872608], [-3.22258165397e-05, 0.0037003797479, -0.00381929986179, -0.000129125226522, -0.00213011610322, 0.00204922538251, -0.00268317060545, 0.00093983381521, -0.00423004571348, 0.0138988066465, -0.00586318830028, -1.69922532223e-05, -0.00537186861038], [-8.49407806527e-05, -0.00446272548288, 0.00162612902932, -0.00134338717908, 0.00239699310623, -0.000408138352213, -9.62505364441e-05, -0.00505599565804, 0.000555460981559, -0.00586318830028, 0.0176043659449, -0.00389236840419, 0.00362712051719], [1.19100868687e-05, 0.00489631295204, -0.00208524358459, 0.00398731790483, -0.00240529817529, 0.00357047165744, -0.00506700901315, 0.0051936134696, -0.00203782692552, -1.69922532223e-05, -0.00389236840419, 0.0210011154413, -0.0104479752481], [-0.000353770272341, -0.0027798267547, 0.00201018410735, -0.00457442132756, 0.00171503506135, 0.00199729832821, 0.000984026817605, -0.00392750231549, 0.00290112872608, -0.00537186861038, 0.00362712051719, -0.0104479752481, 0.0239603351802]]
    },
    "melbands": {
        "dmean": [5.69334661122e-05, 6.34299358353e-05, 0.000172617423232, 0.000243026472162, 0.000278413237538, 0.000167272999533, 0.000105288949271, 0.000219697598368, 0.00020561569545, 3.7723533751e-05, 0.000129560314235, 9.03218096937e-05, 1.75913446583e-05, 1.41218688441e-05, 9.37865843298e-06, 1.47966611621e-05, 1.57227277668e-05, 1.64641878655e-05, 1.27949660964e-05, 6.07316587775e-06, 6.57723285258e-06, 6.43985276838e-06, 6.5888420977e-06, 3.23200856656e-06, 1.15565546821e-06, 1.60368597335e-06, 5.16314173638e-07, 3.11244718887e-07, 2.5556354899e-07, 2.15175433027e-07, 3.26412362028e-07, 2.36689174926e-07, 9.30450312353e-08, 9.52241379082e-08, 1.17728824023e-07, 1.65860910784e-07, 2.59505753775e-07, 2.92023059956e-07, 1.77136215029e-07, 1.14602073609e-07],
        "dmean2": [8.56883198139e-05, 9.37269433052e-05, 0.000275982427411, 0.000385599239962, 0.000390760484152, 0.000259852356976, 0.000138467003126, 0.000352470902726, 0.000299010978779, 5.4552925576e-05, 0.000184273929335, 0.000114303737064, 2.24297727982e-05, 1.91526869457e-05, 1.28875353766e-05, 2.24489140237e-05, 2.17727629206e-05, 2.43983686232e-05, 1.61504976859e-05, 7.16107479093e-06, 8.81000596564e-06, 8.59006649989e-06, 9.19422200241e-06, 4.60094543087e-06, 1.64220898569e-06, 2.35815241467e-06, 7.77094385285e-07, 5.16604814038e-07, 3.92342400346e-07, 2.96238823694e-07, 4.77915762076e-07, 3.64896493465e-07, 1.36668717232e-07, 1.40021313655e-07, 1.72252356379e-07, 2.16815436715e-07, 3.50848665676e-07, 4.19522734774e-07, 2.45295922241e-07, 1.61917313335e-07],
        "dvar": [9.23370802042e-09, 1.21557572896e-08, 1.55936064061e-07, 3.61208151389e-07, 2.07735297408e-07, 8.67249596581e-08, 1.36150632102e-07, 2.56534235632e-07, 2.25988856073e-07, 8.78313066721e-09, 7.32830898187e-08, 3.85823177851e-08, 5.1085682351e-09, 7.77722053424e-10, 1.74106795647e-09, 1.06747033435e-09, 1.34075317515e-09, 1.3494445561e-09, 6.50146159131e-09, 9.10191366721e-10, 8.07359512578e-10, 1.13517772959e-09, 2.45147818712e-10, 5.17559779756e-11, 1.0995315769e-11, 1.75317555612e-11, 1.88197612876e-12, 6.18629756796e-12, 2.48637655603e-12, 1.25266116924e-12, 1.72708050118e-12, 1.22379103379e-12, 2.44451079387e-13, 3.03030251716e-13, 3.57482842156e-13, 1.05508321264e-12, 3.12997240973e-12, 4.47325119654e-12, 1.68492845544e-12, 7.87231933287e-13],
        "dvar2": [1.91364879498e-08, 2.52721843452e-08, 3.75119469709e-07, 8.25055849418e-07, 4.41852051836e-07, 2.26209124321e-07, 2.47893694905e-07, 6.93653191775e-07, 4.56873380017e-07, 1.32787691953e-08, 1.56881824864e-07, 5.44513660827e-08, 5.0537556362e-09, 1.14073994695e-09, 3.32390470703e-09, 2.13721573772e-09, 2.31662644623e-09, 2.69285505006e-09, 1.04965955927e-08, 7.71921193632e-10, 1.02399366764e-09, 1.10924336383e-09, 4.89810914051e-10, 9.93187962428e-11, 2.08690426051e-11, 3.86524076634e-11, 3.3038136029e-12, 1.44826225665e-11, 5.51016567443e-12, 2.49698742585e-12, 3.26498203473e-12, 2.54623058749e-12, 5.05350102042e-13, 6.14716448317e-13, 6.78195618154e-13, 1.73791786084e-12, 3.97422199316e-12, 7.34106872513e-12, 2.92265300503e-12, 1.61726751782e-12],
        "max": [0.00196405709721, 0.00283317780122, 0.00874151010066, 0.0121270390227, 0.00769041106105, 0.00484188040718, 0.0121561270207, 0.00619327789173, 0.00647092843428, 0.00237568491139, 0.00426549650729, 0.00476159807295, 0.00265735411085, 0.000785858370364, 0.00149888789747, 0.000779950525612, 0.000738204922527, 0.000651901355013, 0.00308361044154, 0.00184350879863, 0.00128613924608, 0.00150091049727, 0.000266846473096, 0.000100542187283, 0.000101574092696, 7.98214095994e-05, 4.0088489186e-05, 5.65898226341e-05, 3.29575268552e-05, 3.33574716933e-05, 2.9989900213e-05, 2.12682007259e-05, 1.06024135675e-05, 1.58338752954e-05, 1.79455000762e-05, 3.83603037335e-05, 6.07713627687e-05, 7.082803495e-05, 3.54513031198e-05, 1.8669939891e-05],
        "mean": [0.000138717747177, 0.000153848915943, 0.000412896391936, 0.000540424662177, 0.000740147777833, 0.000360865000403, 0.000313647993607, 0.000453960819868, 0.000435564928921, 9.20764941839e-05, 0.000458819675259, 0.000294067081995, 5.00113856106e-05, 3.22095438605e-05, 2.16517091758e-05, 3.14909048029e-05, 3.14837743645e-05, 3.85876192013e-05, 2.23489751079e-05, 2.49077456829e-05, 1.57981357916e-05, 1.61538591783e-05, 1.74188517121e-05, 8.15288785816e-06, 3.08810672323e-06, 3.72005411009e-06, 9.79043534244e-07, 3.74946381498e-07, 3.25230161025e-07, 3.39535517924e-07, 5.64587139706e-07, 4.24466747972e-07, 1.45563078036e-07, 1.33765411192e-07, 1.75708336769e-07, 2.5981807994e-07, 4.24091325613e-07, 4.41242576699e-07, 2.62538236484e-07, 1.42702845096e-07],
        "median": [4.88168516313e-05, 9.21733226278e-05, 0.000139642244903, 0.000285703863483, 0.00038102659164, 0.000195698637981, 0.000117069386761, 6.74785769661e-05, 6.91705645295e-05, 2.46173713094e-05, 4.19703646912e-05, 2.60352717305e-05, 9.7396396086e-06, 9.04872104002e-06, 4.36450227426e-06, 8.71887459652e-06, 6.43422390567e-06, 4.47821230409e-06, 2.56085513684e-06, 1.69767201896e-06, 1.95604980036e-06, 1.45531669205e-06, 1.03372815374e-06, 6.13166207586e-07, 4.06467790981e-07, 4.10914054783e-07, 1.87480750924e-07, 6.85947227907e-08, 6.35759818124e-08, 3.91774364061e-08, 3.61544358896e-08, 4.12827247942e-08, 2.36857111702e-08, 1.18958789486e-08, 2.35474999499e-08, 4.54858160026e-08, 6.52439737792e-08, 2.91202368885e-08, 1.13046434436e-08, 2.63850097326e-09],
        "min": [1.81390550329e-23, 2.93239667092e-23, 8.07600611569e-24, 2.03858287097e-23, 2.76228323433e-23, 6.52687420217e-24, 2.02774644649e-23, 1.49275691556e-23, 2.90783339616e-24, 3.06096806115e-24, 1.95937555629e-23, 2.18267068189e-23, 5.99478673274e-24, 1.44449456315e-23, 8.24308764428e-24, 9.69841216325e-24, 5.17418048697e-24, 5.86734309806e-24, 1.0314848585e-23, 1.88888499684e-23, 1.40622139861e-23, 1.45029379521e-23, 1.17369226168e-23, 1.11469942881e-23, 5.47769669241e-24, 8.65569897417e-24, 7.49624857061e-24, 8.68945669889e-24, 8.65752913147e-24, 7.54021494431e-24, 5.23180283179e-24, 1.28541334632e-23, 9.49662391027e-24, 8.33081923213e-24, 8.03086749469e-24, 1.01234322752e-23, 9.92887551012e-24, 9.13049147606e-24, 9.19493825657e-24, 9.03459281125e-24],
        "var": [3.56112224154e-08, 4.20408241553e-08, 6.5679932959e-07, 1.03341517388e-06, 8.08673405572e-07, 2.36754999605e-07, 8.39827066557e-07, 6.60264220187e-07, 7.04327817402e-07, 5.1295725001e-08, 6.70495637678e-07, 4.02035141178e-07, 5.07616455536e-08, 4.58464777253e-09, 7.54386686452e-09, 4.05576860985e-09, 4.31887325902e-09, 6.10893513553e-09, 1.33331727881e-08, 2.38640094352e-08, 4.49523618329e-09, 6.78516043351e-09, 1.25697174891e-09, 2.33967095697e-10, 4.22622145613e-11, 7.28671289973e-11, 5.84701731476e-12, 7.05488705649e-12, 3.02088757655e-12, 2.24336521581e-12, 3.6421339035e-12, 2.42441787132e-12, 3.8260239703e-13, 4.80583129715e-13, 6.49723981214e-13, 2.06863649474e-12, 7.64979659479e-12, 9.98629651194e-12, 3.77537974841e-12, 1.1730143766e-12]
    },
    "mfcc": {
        "mean": [-733.941955566, 176.166275024, -6.17567777634, 4.31877040863, 0.948827028275, -11.5906991959, -12.2600021362, -0.479611992836, -9.62237548828, -2.87956500053, -5.80430459976, -4.08643388748, -13.4807100296],
        "cov": [[8020.97753906, -558.013427734, -1119.48132324, -497.122711182, 222.2449646, -671.530639648, -365.702453613, 325.368652344, -64.9476852417, 40.3980331421, 111.44556427, 59.1133041382, -741.710388184], [-558.013427734, 1308.84643555, -98.2362060547, 222.599731445, -13.3658161163, 103.839942932, 73.4905776978, -29.1871795654, -34.2128791809, 116.593711853, 14.7197780609, 36.2667694092, 179.705551147], [-1119.48132324, -98.2362060547, 638.273925781, 51.9975509644, -48.6127243042, 241.386901855, 148.881851196, -69.5710525513, 26.1077270508, 7.16862487793, -5.42653083801, 37.6431846619, 95.5772476196], [-497.122711182, 222.599731445, 51.9975509644, 252.929397583, 27.0817565918, 106.312339783, 41.6176719666, -71.9669342041, 39.4672279358, 38.4114112854, -13.0038080215, 17.0011844635, 133.705429077], [222.2449646, -13.3658161163, -48.6127243042, 27.0817565918, 219.431289673, -5.85910987854, -76.1148376465, 11.0195894241, -9.14876365662, 93.1450958252, -21.3614292145, -22.684343338, -3.10429215431], [-671.530639648, 103.839942932, 241.386901855, 106.312339783, -5.85910987854, 294.275482178, 49.3052749634, -30.7977752686, 17.5219593048, 31.3101024628, -14.3245010376, -3.85882735252, 96.1811294556], [-365.702453613, 73.4905776978, 148.881851196, 41.6176719666, -76.1148376465, 49.3052749634, 209.604492188, -16.2273330688, 28.1780071259, 5.86373472214, 26.4268417358, 49.2568588257, 36.76902771], [325.368652344, -29.1871795654, -69.5710525513, -71.9669342041, 11.0195894241, -30.7977752686, -16.2273330688, 129.705413818, -14.3988542557, 10.3279800415, 2.67780590057, -11.3363075256, -54.7227668762], [-64.9476852417, -34.2128791809, 26.1077270508, 39.4672279358, -9.14876365662, 17.5219593048, 28.1780071259, -14.3988542557, 99.9377975464, -17.4972362518, 14.021074295, 18.0354404449, 18.925661087], [40.3980331421, 116.593711853, 7.16862487793, 38.4114112854, 93.1450958252, 31.3101024628, 5.86373472214, 10.3279800415, -17.4972362518, 186.407089233, 6.35764694214, 14.3568687439, 6.87518453598], [111.44556427, 14.7197780609, -5.42653083801, -13.0038080215, -21.3614292145, -14.3245010376, 26.4268417358, 2.67780590057, 14.021074295, 6.35764694214, 114.675186157, 18.5112895966, -30.4564170837], [59.1133041382, 36.2667694092, 37.6431846619, 17.0011844635, -22.684343338, -3.85882735252, 49.2568588257, -11.3363075256, 18.0354404449, 14.3568687439, 18.5112895966, 101.184165955, 10.3727283478], [-741.710388184, 179.705551147, 95.5772476196, 133.705429077, -3.10429215431, 96.1811294556, 36.76902771, -54.7227668762, 18.925661087, 6.87518453598, -30.4564170837, 10.3727283478, 230.926879883]],
