{
"lowlevel": {
    "average_loudness": 0.97151696682,
    "barkbands_crest": {
        "dmean": 2.37958097458,
        "dmean2": 3.85333752632,
        "dvar": 4.3040728569,
        "dvar2": 11.195851326,
        "max": 21.1422557831,
        "mean": 8.65022182465,
        "median": 8.23929214478,
        "min": 2.23311591148,
        "var": 11.5752592087
    },
    "barkbands_flatness_db": {
        "dmean": 0.0208906196058,
        "dmean2": 0.0315646268427,
        "dvar": 0.000444197270554,
        "dvar2": 0.000884027336724,
        "max": 0.344021469355,
        "mean": 0.149291500449,
        "median": 0.140064105392,
        "min": 0.0675664171576,
        "var": 0.00196799798869
    },
    "barkbands_kurtosis": {
        "dmean": 2.52222180367,
        "dmean2": 3.57749009132,
        "dvar": 19.7842998505,
        "dvar2": 37.0651664734,
        "max": 66.5112609863,
        "mean": 3.74345707893,
        "median": 0.904438734055,
        "min": -1.7598118782,
        "var": 61.3276481628
    },
    "barkbands_skewness": {
        "dmean": 0.486290663481,
        "dmean2": 0.719366908073,
        "dvar": 0.228600054979,
        "dvar2": 0.485050946474,
        "max": 6.5206952095,
        "mean": 1.55063354969,
        "median": 1.33170461655,
        "min": -0.64134567976,
        "var": 1.19227802753
    },
    "barkbands_spread": {
        "dmean": 5.88930606842,
        "dmean2": 8.75026607513,
        "dvar": 32.9304504395,
        "dvar2": 66.3022537231,
        "max": 71.8887786865,
        "mean": 28.479675293,
        "median": 28.306602478,
        "min": 1.8087695837,
        "var": 202.152328491
    },
    "dissonance": {
        "dmean": 0.0136458463967,
        "dmean2": 0.0214422252029,
        "dvar": 0.000223681534408,
        "dvar2": 0.000501423317473,
        "max": 0.499999940395,
        "mean": 0.471202105284,
        "median": 0.478786200285,
        "min": 0.290065556765,
        "var": 0.000683945545461
    },
    "dynamic_complexity": 1.88754022121,
    "erbbands_crest": {
        "dmean": 2.17677927017,
        "dmean2": 3.34335708618,
        "dvar": 5.71594190598,
        "dvar2": 12.081820488,
        "max": 24.7784938812,
        "mean": 7.1802406311,
        "median": 5.85298967361,
        "min": 2.39522957802,
        "var": 16.1145496368
    },
    "erbbands_flatness_db": {
        "dmean": 0.0118343792856,
        "dmean2": 0.0171991344541,
        "dvar": 0.000138533476274,
        "dvar2": 0.000270791148068,
        "max": 0.258538752794,
        "mean": 0.16822385788,
        "median": 0.16508218646,
        "min": 0.113538458943,
        "var": 0.000556544517167
    },
    "erbbands_kurtosis": {
        "dmean": 0.703217744827,
        "dmean2": 1.07765841484,
        "dvar": 1.63926637173,
        "dvar2": 3.26062822342,
        "max": 16.885269165,
        "mean": -0.0556351654232,
        "median": -0.665322065353,
        "min": -1.70032835007,
        "var": 3.99637031555
    },
    "erbbands_skewness": {
        "dmean": 0.326518326998,
        "dmean2": 0.457351922989,
        "dvar": 0.123357713223,
        "dvar2": 0.225715488195,
        "max": 3.76803183556,
        "mean": 0.0956835672259,
        "median": -0.0408458150923,
        "min": -2.13827085495,
        "var": 0.694519400597
    },
    "erbbands_spread": {
        "dmean": 8.31899261475,
        "dmean2": 12.795003891,
        "dvar": 66.5509109497,
        "dvar2": 151.975982666,
        "max": 109.208442688,
        "mean": 49.4411354065,
        "median": 48.7856674194,
        "min": 9.85200881958,
        "var": 247.114196777
    },
    "hfc": {
        "dmean": 6.78233957291,
        "dmean2": 10.6149482727,
        "dvar": 112.781890869,
        "dvar2": 274.506713867,
        "max": 126.356231689,
        "mean": 23.4239597321,
        "median": 19.475440979,
        "min": 0.00054460921092,
        "var": 276.675323486
    },
    "melbands_crest": {
        "dmean": 3.3279337883,
        "dmean2": 5.44497442245,
        "dvar": 7.83591651917,
        "dvar2": 21.2373733521,
        "max": 29.2607059479,
        "mean": 13.0941867828,
        "median": 12.3017625809,
        "min": 3.82640504837,
        "var": 20.144701004
    },
    "melbands_flatness_db": {
        "dmean": 0.0267264973372,
        "dmean2": 0.0398889668286,
        "dvar": 0.000765389588196,
        "dvar2": 0.00151271931827,
        "max": 0.406614392996,
        "mean": 0.168653830886,
        "median": 0.157984822989,
        "min": 0.0458365269005,
        "var": 0.00401739124209
    },
    "melbands_kurtosis": {
        "dmean": 6.97379255295,
        "dmean2": 10.319981575,
        "dvar": 110.216995239,
        "dvar2": 202.513473511,
        "max": 157.106613159,
        "mean": 15.0065736771,
        "median": 8.31739330292,
        "min": -1.3255546093,
        "var": 353.337341309
    },
    "melbands_skewness": {
        "dmean": 0.707625865936,
        "dmean2": 1.07006585598,
        "dvar": 0.471552312374,
        "dvar2": 1.09378528595,
        "max": 9.48522853851,
        "mean": 2.95865392685,
        "median": 2.63165068626,
        "min": -0.00586166791618,
        "var": 2.03275513649
    },
    "melbands_spread": {
        "dmean": 7.92593193054,
        "dmean2": 12.0695714951,
        "dvar": 64.8743362427,
        "dvar2": 149.116378784,
        "max": 108.753219604,
        "mean": 28.1276264191,
        "median": 24.7141304016,
        "min": 1.40798997879,
        "var": 335.616027832
    },
    "pitch_salience": {
        "dmean": 0.0688608363271,
        "dmean2": 0.113503478467,
        "dvar": 0.00356749235652,
        "dvar2": 0.00969489011914,
        "max": 0.828169882298,
        "mean": 0.602724313736,
        "median": 0.608436524868,
        "min": 0.280122309923,
        "var": 0.00830051861703
    },
    "silence_rate_20dB": {
        "dmean": 0,
        "dmean2": 0,
        "dvar": 0,
        "dvar2": 0,
        "max": 1,
        "mean": 1,
        "median": 1,
        "min": 1,
        "var": 0
    },
    "silence_rate_30dB": {
        "dmean": 0,
        "dmean2": 0,
        "dvar": 0,
        "dvar2": 0,
        "max": 1,
        "mean": 1,
        "median": 1,
        "min": 1,
        "var": 0
    },
    "silence_rate_60dB": {
        "dmean": 0.00310077518225,
        "dmean2": 0.00620636157691,
        "dvar": 0.00309108383954,
        "dvar2": 0.00771953258663,
        "max": 1,
        "mean": 0.0263361725956,
        "median": 0,
        "min": 0,
        "var": 0.0256432369351
    },
    "spectral_centroid": {
        "dmean": 287.052459717,
        "dmean2": 424.774047852,
        "dvar": 75313.375,
        "dvar2": 155878.6875,
        "max": 3428.18041992,
        "mean": 1621.09887695,
        "median": 1632.44506836,
        "min": 230.677307129,
        "var": 503781.53125
    },
    "spectral_complexity": {
        "dmean": 5.19379854202,
        "dmean2": 7.74631500244,
        "dvar": 29.1376552582,
        "dvar2": 55.6943321228,
        "max": 59,
        "mean": 26.1177387238,
        "median": 27,
        "min": 0,
        "var": 154.887634277
    },
    "spectral_decrease": {
        "dmean": 2.25442153834e-09,
        "dmean2": 3.74727626706e-09,
        "dvar": 7.597982317e-18,
        "dvar2": 2.01999110316e-17,
        "max": -9.90159763534e-14,
        "mean": -6.55075904632e-09,
        "median": -5.79105563503e-09,
        "min": -2.19270681612e-08,
        "var": 1.28183191628e-17
    },
    "spectral_energy": {
        "dmean": 0.00896328873932,
        "dmean2": 0.0149089321494,
        "dvar": 0.000121397482872,
        "dvar2": 0.000320711493259,
        "max": 0.0864371806383,
        "mean": 0.0268486924469,
        "median": 0.0240366775542,
        "min": 4.23106939706e-07,
        "var": 0.000205637043109
    },
    "spectral_energyband_high": {
        "dmean": 0.000574306992348,
        "dmean2": 0.000900666113012,
        "dvar": 1.09659106329e-06,
        "dvar2": 2.72611691798e-06,
        "max": 0.0117136416957,
        "mean": 0.00143390020821,
        "median": 0.000979441567324,
        "min": 6.54997478478e-08,
        "var": 2.17152819459e-06
    },
    "spectral_energyband_low": {
        "dmean": 0.00531066954136,
        "dmean2": 0.0090597094968,
        "dvar": 7.24839846953e-05,
        "dvar2": 0.000195867411094,
        "max": 0.0677914991975,
        "mean": 0.00857735797763,
        "median": 0.00545131228864,
        "min": 1.5178176227e-07,
        "var": 8.16325118649e-05
    },
    "spectral_energyband_middle_high": {
        "dmean": 0.00159625231754,
        "dmean2": 0.00247231475078,
        "dvar": 4.98981216879e-06,
        "dvar2": 1.18656325867e-05,
        "max": 0.0274096690118,
        "mean": 0.0050558494404,
        "median": 0.00410705758259,
        "min": 3.37001040407e-08,
        "var": 1.7660571757e-05
    },
    "spectral_energyband_middle_low": {
        "dmean": 0.00492120161653,
        "dmean2": 0.0078213326633,
        "dvar": 3.4074892028e-05,
        "dvar2": 8.31615980132e-05,
        "max": 0.0602305494249,
        "mean": 0.0129324151203,
        "median": 0.0111251240596,
        "min": 1.8208807262e-07,
        "var": 7.8336277511e-05
    },
    "spectral_entropy": {
        "dmean": 0.135092556477,
        "dmean2": 0.193558067083,
        "dvar": 0.0309811700135,
        "dvar2": 0.0538933575153,
        "max": 8.35028934479,
        "mean": 7.73634529114,
        "median": 7.81233930588,
        "min": 5.98889446259,
        "var": 0.118498146534
    },
    "spectral_flux": {
        "dmean": 0.0233694575727,
        "dmean2": 0.0361592397094,
        "dvar": 0.000681635574438,
        "dvar2": 0.00139974697959,
        "max": 0.249691128731,
        "mean": 0.0879350155592,
        "median": 0.0809804946184,
        "min": 0.000650466710795,
        "var": 0.00152642116882
    },
    "spectral_kurtosis": {
        "dmean": 1.13617694378,
        "dmean2": 2.00143480301,
        "dvar": 1.72480463982,
        "dvar2": 4.64316701889,
        "max": 17.7307510376,
        "mean": 1.61690080166,
        "median": 1.20191431046,
        "min": -0.593880653381,
        "var": 2.68194246292
    },
    "spectral_rms": {
        "dmean": 0.000805883610155,
        "dmean2": 0.00131779373623,
        "dvar": 7.64600144976e-07,
        "dvar2": 1.98684438146e-06,
        "max": 0.00918307993561,
        "mean": 0.00492271687835,
        "median": 0.00484256306663,
        "min": 2.03171657631e-05,
        "var": 1.96073028746e-06
    },
    "spectral_rolloff": {
        "dmean": 592.865234375,
        "dmean2": 957.534118652,
        "dvar": 507164.09375,
        "dvar2": 1131780.875,
        "max": 6998.29101562,
        "mean": 1830.9230957,
        "median": 1485.79101562,
        "min": 150.732421875,
        "var": 1973185.375
    },
    "spectral_skewness": {
        "dmean": 0.189506977797,
        "dmean2": 0.3068151474,
        "dvar": 0.0430973060429,
        "dvar2": 0.0976231247187,
        "max": 3.17181777954,
        "mean": 0.885145425797,
        "median": 0.806448876858,
        "min": 0.105414122343,
        "var": 0.151228755713
    },
    "spectral_spread": {
        "dmean": 333097.71875,
        "dmean2": 499089.09375,
        "dvar": 119428784128,
        "dvar2": 233692332032,
        "max": 8445334,
        "mean": 4191402.5,
        "median": 4077233.75,
        "min": 2600453.5,
        "var": 586871406592
    },
    "spectral_strongpeak": {
        "dmean": 0.409025639296,
        "dmean2": 0.680973768234,
        "dvar": 0.407310366631,
        "dvar2": 0.969376564026,
        "max": 8.00928878784,
        "mean": 0.749635100365,
        "median": 0.454077214003,
        "min": 0.000944203755353,
        "var": 0.725071549416
    },
    "zerocrossingrate": {
        "dmean": 0.0101263476536,
        "dmean2": 0.0113217607141,
        "dvar": 8.69753203006e-05,
        "dvar2": 9.81545017567e-05,
        "max": 0.19287109375,
        "mean": 0.0689925178885,
        "median": 0.06494140625,
        "min": 0.0087890625,
        "var": 0.000954249408096
    },
    "barkbands": {
        "dmean": [0.000134850051836, 0.00242259213701, 0.00303373159841, 0.0015524213668, 0.00262351427227, 0.00108387018554, 0.000591764401179, 0.000859536696225, 0.000734114961233, 0.000398224132368, 0.000330220529577, 0.000287563336315, 0.000203054660233, 0.000199778995011, 0.000236749532633, 0.000268123025307, 0.000285910209641, 0.000210913349292, 0.000260186498053, 0.000298941333313, 0.000207519231481, 0.000178994450835, 0.000116927578347, 6.05831082794e-05, 1.3926882275e-05, 1.21080576676e-08, 1.51777035384e-09],
        "dmean2": [0.000230699311942, 0.00411361362785, 0.00537319434807, 0.00240878155455, 0.00427218899131, 0.00177334540058, 0.00092390878126, 0.00135731883347, 0.00110342120752, 0.000665217870846, 0.000531422207132, 0.000453568791272, 0.000335071090376, 0.000322702078847, 0.000370543944882, 0.000432811008068, 0.000455389934359, 0.000340498081641, 0.000415735179558, 0.000476383866044, 0.000339416408679, 0.000288762414129, 0.000181382187293, 9.29320594878e-05, 2.06524964597e-05, 1.98358165449e-08, 2.84242629434e-09],
        "dvar": [6.85340850737e-08, 1.47434084283e-05, 2.81434040517e-05, 5.29834051122e-06, 1.10457185656e-05, 2.37909443968e-06, 1.14934357498e-06, 4.42920463684e-06, 3.94045491703e-06, 6.28842258266e-07, 5.27811437223e-07, 1.53586668716e-07, 1.44209124642e-07, 1.2374080427e-07, 1.84319119967e-07, 2.93675810781e-07, 2.70779338507e-07, 1.10167597711e-07, 1.53765611799e-07, 2.83349834262e-07, 1.2623493717e-07, 1.29506233293e-07, 4.63724738609e-08, 1.14825366992e-08, 8.50800763175e-10, 7.56658978705e-16, 3.71102835857e-17],
        "dvar2": [1.83953915212e-07, 3.59670375474e-05, 7.91846687207e-05, 1.05075832835e-05, 2.79660253e-05, 6.38898427496e-06, 2.37237691181e-06, 1.06653114926e-05, 8.96927213034e-06, 1.52621771576e-06, 1.28096701246e-06, 3.81615024025e-07, 3.69611882434e-07, 2.96316159165e-07, 3.89421074942e-07, 6.50233062061e-07, 6.49083744975e-07, 2.787745359e-07, 3.45203915231e-07, 6.31418402008e-07, 3.23531935464e-07, 3.34576071737e-07, 1.16154708962e-07, 2.71727529366e-08, 1.62670621418e-09, 2.03911217711e-15, 1.09189693742e-16],
        "max": [0.00171387288719, 0.0313948094845, 0.0442532077432, 0.0411136969924, 0.0338545329869, 0.014208080247, 0.0124318823218, 0.026623731479, 0.029057007283, 0.0160138253123, 0.0164510346949, 0.00431031407788, 0.00461628846824, 0.00672831991687, 0.00896766129881, 0.00838539004326, 0.0117102619261, 0.00519750919193, 0.00542700057849, 0.00964025687426, 0.00410517398268, 0.00474750436842, 0.00223552412353, 0.00170882488601, 0.000674590119161, 5.8799520275e-07, 1.18864434739e-07],
        "mean": [0.000122391429613, 0.00346828717738, 0.00393404997885, 0.00238995393738, 0.00508461985737, 0.0017028573202, 0.00103496329393, 0.00124731333926, 0.00130612764042, 0.000614686345216, 0.000549435091671, 0.000539054337423, 0.00032175614615, 0.000347751978552, 0.000401589786634, 0.000496419961564, 0.000557800929528, 0.000407395797083, 0.000550268799998, 0.000574904319365, 0.000451389758382, 0.000335675315, 0.000241545028985, 0.000144918696606, 2.35554416577e-05, 1.72622467431e-08, 1.07921660497e-09],
        "median": [2.6238438295e-05, 0.0016978813801, 0.00225461530499, 0.0011400221847, 0.00379349756986, 0.00106940837577, 0.000321070372593, 0.000303300039377, 0.00039024092257, 0.000319481419865, 0.000260933971731, 0.000343082559993, 0.000191422106582, 0.000205154705327, 0.000222768372623, 0.000271017081104, 0.000307166250423, 0.000299379316857, 0.000384514103644, 0.000329933478497, 0.000345590466168, 0.000200952432351, 0.000126622675452, 7.42976844776e-05, 1.0124167602e-05, 8.23539547667e-09, 3.56663060197e-10],
        "min": [2.30659935596e-09, 2.92276993719e-08, 9.24879728359e-08, 1.27527002292e-08, 1.34530594664e-07, 8.98153551532e-09, 8.25593815534e-09, 5.90566706649e-09, 3.94550880856e-09, 1.00019921234e-08, 5.50523737708e-10, 2.23934359944e-09, 3.07590708459e-09, 9.67798907681e-09, 3.13289305609e-09, 8.32765745251e-10, 6.21448337235e-10, 5.64663160674e-09, 6.93342161462e-10, 2.6943163256e-09, 1.10146363141e-08, 1.88974222937e-08, 2.08393622358e-08, 1.28867592153e-08, 3.2526852739e-11, 4.75854555412e-12, 8.30759506326e-12],
        "var": [6.63331647388e-08, 1.99673158932e-05, 2.93702814815e-05, 1.5144799363e-05, 2.08257151826e-05, 3.95994948121e-06, 3.37502024195e-06, 7.13989402357e-06, 8.62884007802e-06, 1.15293789804e-06, 1.16148612506e-06, 3.6296907524e-07, 2.26512085533e-07, 2.41580721649e-07, 3.86909391636e-07, 6.87966803525e-07, 9.4981555776e-07, 2.15527407477e-07, 4.11093168395e-07, 7.60255886689e-07, 2.15245037793e-07, 1.75657561385e-07, 9.32739467885e-08, 3.17709059061e-08, 1.80452586207e-09, 8.87104064286e-16, 2.04361488514e-17]
    },
    "erbbands": {
        "dmean": [0.0562732033432, 0.652497708797, 3.04734182358, 4.2866024971, 7.14398097992, 10.2886562347, 9.78478717804, 8.8994550705, 5.62939167023, 14.7438087463, 18.0481586456, 13.8549795151, 15.3624153137, 12.4099340439, 10.1856737137, 10.0128736496, 8.93757534027, 9.34099674225, 9.38291835785, 13.509976387, 14.8535652161, 16.8705101013, 12.1183652878, 10.0690155029, 14.3045406342, 12.9476671219, 8.5060300827, 8.7186756134, 6.35848617554, 4.75850009918, 3.23352909088, 1.72208964825, 0.866398870945, 0.275445669889, 0.0158779919147, 0.00071811611997, 4.81293136545e-05, 8.77821366885e-06, 6.09403195995e-06, 1.0770559129e-05],
        "dmean2": [0.0913245305419, 1.12169194221, 5.37314319611, 7.17225694656, 11.1506071091, 16.790605545, 16.3328418732, 14.6427249908, 8.80859184265, 23.2285060883, 28.8750247955, 21.3792190552, 24.6450958252, 20.1096134186, 16.2690658569, 15.9625205994, 14.7107648849, 15.0518627167, 15.1746387482, 21.3820343018, 23.6227855682, 26.2055187225, 19.5573596954, 15.8101434708, 22.7244224548, 20.5516700745, 13.8931436539, 14.4403953552, 10.3507385254, 7.55605888367, 5.01832532883, 2.67930674553, 1.30344736576, 0.410066336393, 0.023753663525, 0.00106522173155, 6.97916548233e-05, 1.28750352815e-05, 9.74322938418e-06, 1.78122118086e-05],
        "dvar": [0.0116377659142, 1.01129972935, 25.625421524, 46.1484870911, 118.630714417, 157.981536865, 194.061981201, 174.419128418, 126.969116211, 906.201843262, 2572.78515625, 1856.53686523, 1302.35620117, 566.685241699, 275.348480225, 181.133407593, 291.114837646, 274.233886719, 289.539794922, 643.53302002, 988.402038574, 847.968139648, 373.288818359, 225.27684021, 622.256713867, 602.584533691, 247.04914856, 214.507339478, 158.770812988, 95.4893341064, 31.1017684937, 9.52605724335, 2.29667520523, 0.295458167791, 0.00217988132499, 3.71508008357e-06, 8.41919423067e-09, 2.3409260641e-10, 6.68197025488e-11, 1.81485021455e-10],
        "dvar2": [0.0265030134469, 2.73436546326, 74.1426467896, 116.264533997, 237.151092529, 429.410797119, 513.392028809, 461.004211426, 240.691375732, 2128.1315918, 6204.81787109, 4731.27636719, 3007.71582031, 1306.13500977, 682.838317871, 457.610778809, 754.589416504, 693.822753906, 717.769714355, 1307.97802734, 2046.34082031, 1824.88049316, 937.559448242, 508.90737915, 1413.03796387, 1252.60046387, 567.549194336, 569.036804199, 408.999511719, 239.28956604, 78.3157806396, 22.8096828461, 5.35246276855, 0.625936090946, 0.00415933597833, 7.05684806235e-06, 1.70075793449e-08, 5.36987454502e-10, 1.71641853508e-10, 4.75699590829e-10],
        "max": [0.827822327614, 8.29297542572, 42.9347343445, 66.7837982178, 189.35369873, 119.706916809, 141.72543335, 137.541809082, 174.27243042, 542.538146973, 688.840148926, 873.900634766, 606.710693359, 540.804748535, 315.98840332, 183.037338257, 229.897079468, 225.547485352, 254.253051758, 664.49407959, 566.666931152, 624.573303223, 272.888702393, 267.334625244, 409.636352539, 594.688415527, 304.291412354, 167.705734253, 180.626113892, 91.9930419922, 62.8284072876, 44.0375595093, 24.1454753876, 8.95371341705, 0.896514773369, 0.0345053747296, 0.00133376428857, 0.000175787252374, 9.17863726499e-05, 0.000109527565655],
        "mean": [0.0716479718685, 0.900631427765, 4.25518894196, 6.3177485466, 12.2571754456, 18.5177726746, 16.5355300903, 13.4815092087, 10.1347074509, 24.3292274475, 30.0887641907, 23.9885311127, 25.5635433197, 21.9320545197, 19.6575183868, 19.6117897034, 15.7183351517, 16.7632369995, 18.0011825562, 24.6471328735, 29.3460674286, 33.8536567688, 24.7064704895, 22.2186489105, 30.777053833, 25.9961414337, 17.6638717651, 18.6383399963, 12.3187055588, 8.9504699707, 6.73026752472, 3.83936190605, 2.01997733116, 0.533011615276, 0.0231569036841, 0.00116816419177, 0.000110712731839, 2.32423808484e-05, 2.01283291972e-05, 3.40973238053e-05],
        "median": [0.0221079606563, 0.482539445162, 2.63711333275, 3.44558525085, 7.01276063919, 13.4168958664, 10.3267221451, 7.75201797485, 4.91021490097, 7.55060863495, 8.1457567215, 8.48163890839, 10.5488233566, 11.7591056824, 13.2820796967, 13.364780426, 9.68460178375, 11.0359897614, 11.2118673325, 14.0510854721, 14.616276741, 18.9233818054, 17.9597358704, 17.0127792358, 20.3432197571, 14.6713857651, 11.9456129074, 14.2913570404, 7.64480161667, 4.36248445511, 3.58875966072, 1.95972037315, 1.06611979008, 0.264168798923, 0.00806256197393, 0.00046737480443, 6.15456228843e-05, 1.48995623022e-05, 1.81258146768e-05, 3.05936664518e-05],
        "min": [7.33934996333e-07, 1.4954515791e-05, 9.23316329136e-05, 8.11567224446e-05, 0.000190139340702, 0.000596615835093, 0.000221157213673, 8.48828276503e-05, 0.000134557136334, 8.36848776089e-05, 0.000156540671014, 7.38788658055e-05, 0.000420560449129, 7.09954911144e-05, 2.76150567515e-05, 0.000134220099426, 0.000140095638926, 0.00045767831034, 0.000215434920392, 0.00011833847384, 4.64521326649e-05, 5.25257310073e-05, 0.000198676803848, 0.00022392484243, 6.53592433082e-05, 0.000117598006909, 0.000419309624704, 0.000488859834149, 0.000803252391052, 0.000719448726159, 0.000484315125505, 0.00041791703552, 9.03385735e-05, 1.41431701195e-05, 4.49608563713e-07, 4.29020943216e-08, 1.3799210663e-08, 5.15382181376e-09, 1.69082658985e-09, 7.64543206522e-10],
        "var": [0.0155876092613, 1.1870508194, 27.3445644379, 67.6953048706, 305.973907471, 272.382720947, 316.338470459, 268.419891357, 312.728912354, 2017.09106445, 4796.83984375, 2687.34545898, 2665.92211914, 1385.93493652, 590.396606445, 443.859741211, 478.35925293, 423.957336426, 584.301452637, 1514.43151855, 2790.9152832, 3577.45654297, 805.445800781, 610.963134766, 1602.9276123, 1778.60498047, 495.708740234, 348.277374268, 218.167190552, 148.170272827, 70.3820953369, 23.1001586914, 6.56105661392, 0.649718999863, 0.00337267038412, 6.26999417364e-06, 2.01289829249e-08, 6.00510252635e-10, 1.31792909919e-10, 3.12841669237e-10]
    },
    "gfcc": {
        "mean": [0.456667631865, 120.970199585, -148.63684082, 75.3393707275, -79.1008071899, 18.3831329346, -32.368560791, -8.86341571808, -10.2297000885, -25.9196777344, 1.26149189472, -20.5338058472, 5.87617492676],
        "cov": [[3071.98876953, -555.889160156, -600.613769531, 103.45375824, -121.628997803, 10.2338628769, -36.3774147034, 117.653091431, 35.403591156, 178.857635498, 15.8679838181, -1.18603289127, -66.3115463257], [-555.889160156, 558.827941895, 152.037460327, -73.0247192383, 157.776306152, -92.3095550537, 119.532470703, -49.2391357422, 68.905418396, -79.65650177, 22.9494285583, -28.6393508911, 42.8371047974], [-600.613769531, 152.037460327, 490.008178711, -24.0881195068, -20.6139774323, 81.4365463257, -44.0305938721, -12.6696281433, -41.5777511597, -73.3451080322, -24.5713539124, -3.26555299759, 30.0405788422], [103.45375824, -73.0247192383, -24.0881195068, 200.379821777, 105.703308105, -16.110622406, 9.48844528198, -29.6453208923, 3.98965835571, 7.89716434479, 9.91891860962, 31.3128547668, 30.6936531067], [-121.628997803, 157.776306152, -20.6139774323, 105.703308105, 222.280136108, -19.7189178467, 66.5577316284, -4.31247663498, 27.8594589233, -20.6299438477, 19.5721645355, 14.6043548584, 46.6171035767], [10.2338628769, -92.3095550537, 81.4365463257, -16.110622406, -19.7189178467, 146.040649414, 17.4652957916, 29.7152805328, -39.4408607483, -5.11211633682, -5.18324041367, 7.71098279953, -9.45083236694], [-36.3774147034, 119.532470703, -44.0305938721, 9.48844528198, 66.5577316284, 17.4652957916, 137.57598877, 8.65514373779, 11.4708576202, -17.4067897797, 13.8345489502, -5.42337036133, 4.31289291382], [117.653091431, -49.2391357422, -12.6696281433, -29.6453208923, -4.31247663498, 29.7152805328, 8.65514373779, 109.104721069, 27.0814552307, 26.6382427216, -4.36385202408, -13.2781839371, -1.95223355293], [35.403591156, 68.905418396, -41.5777511597, 3.98965835571, 27.8594589233, -39.4408607483, 11.4708576202, 27.0814552307, 93.7216644287, 23.2951965332, 1.67238068581, -13.0084667206, -4.16992664337], [178.857635498, -79.65650177, -73.3451080322, 7.89716434479, -20.6299438477, -5.11211633682, -17.4067897797, 26.6382427216, 23.2951965332, 86.5004348755, 23.5888061523, 4.35908031464, -12.5704469681], [15.8679838181, 22.9494285583, -24.5713539124, 9.91891860962, 19.5721645355, -5.18324041367, 13.8345489502, -4.36385202408, 1.67238068581, 23.5888061523, 48.4067268372, 22.8076934814, 3.5402097702], [-1.18603289127, -28.6393508911, -3.26555299759, 31.3128547668, 14.6043548584, 7.71098279953, -5.42337036133, -13.2781839371, -13.0084667206, 4.35908031464, 22.8076934814, 56.623134613, 27.4028682709], [-66.3115463257, 42.8371047974, 30.0405788422, 30.6936531067, 46.6171035767, -9.45083236694, 4.31289291382, -1.95223355293, -4.16992664337, -12.5704469681, 3.5402097702, 27.4028682709, 60.4917411804]],
        "icov": [[0.000543583242688, -0.000483883661218, 0.00094490905758, -0.00104088184889, 0.000883448694367, -0.000713128887583, 0.000589122180827, -0.000778347719461, 0.0002919829858, -0.000259805412497, 0.000104230166471, 0.000176128130988, 1.83383417607e-05], [-0.000483883661218, 0.0237316396087, -0.0118285529315, 0.0212542470545, -0.0170829799026, 0.0156172197312, -0.01691422984, 0.014695792459, -0.0141793852672, 0.00538899004459, -0.0124744726345, 0.00895752571523, -0.0081466762349], [0.00094490905758, -0.0118285529315, 0.00995595566928, -0.0114497281611, 0.00972225051373, -0.0107480762526, 0.0105696925893, -0.00745275383815, 0.00641689542681, 6.34062525933e-05, 0.00436368817464, -0.00163384515326, 0.00105225096922], [-0.00104088184889, 0.0212542470545, -0.0114497281611, 0.0279509406537, -0.0204062722623, 0.0146713992581, -0.0150510082021, 0.0160051807761, -0.0121347988024, 0.00158528645989, -0.00718299951404, 0.00342261139303, -0.00671808794141], [0.000883448694367, -0.0170829799026, 0.00972225051373, -0.0204062722623, 0.0223918892443, -0.0121063655242, 0.00995230861008, -0.0116270044819, 0.00745250796899, -0.000167768797837, 0.00357795879245, -0.00221462384798, -0.000367736676708], [-0.000713128887583, 0.0156172197312, -0.0107480762526, 0.0146713992581, -0.0121063655242, 0.0223463140428, -0.0146906981245, 0.00552984280512, -0.00372070702724, 0.0013807376381, -0.00398814817891, -0.000525536423083, 0.000600840314291], [0.000589122180827, -0.01691422984, 0.0105696925893, -0.0150510082021, 0.00995230861008, -0.0146906981245, 0.0231293532997, -0.0108761116862, 0.00839554611593, 0.000708475126885, 0.00310039171018, -0.0020798209589, 0.00453335233033], [-0.000778347719461, 0.014695792459, -0.00745275383815, 0.0160051807761, -0.0116270044819, 0.00552984280512, -0.0108761116862, 0.0231437459588, -0.0129116168246, -0.0011161188595, -0.00564844533801, 0.00850735604763, -0.00897878874093], [0.0002919829858, -0.0141793852672, 0.00641689542681, -0.0121347988024, 0.00745250796899, -0.00372070702724, 0.00839554611593, -0.0129116168246, 0.0246507059783, -0.0079424418509, 0.0104140257463, -0.00547246774659, 0.00791035406291], [-0.000259805412497, 0.00538899004459, 6.34062525933e-05, 0.00158528645989, -0.000167768797837, 0.0013807376381, 0.000708475126885, -0.0011161188595, -0.0079424418509, 0.023597959429, -0.0164736770093, 0.00536925205961, -0.00179031805601], [0.000104230166471, -0.0124744726345, 0.00436368817464, -0.00718299951404, 0.00357795879245, -0.00398814817891, 0.00310039171018, -0.00564844533801, 0.0104140257463, -0.0164736770093, 0.0449444316328, -0.0237787049264, 0.012077992782], [0.000176128130988, 0.00895752571523, -0.00163384515326, 0.00342261139303, -0.00221462384798, -0.000525536423083, -0.0020798209589, 0.00850735604763, -0.00547246774659, 0.00536925205961, -0.0237787049264, 0.0409294143319, -0.0214390028268], [1.83383417607e-05, -0.0081466762349, 0.00105225096922, -0.00671808794141, -0.000367736676708, 0.000600840314291, 0.00453335233033, -0.00897878874093, 0.00791035406291, -0.00179031805601, 0.012077992782, -0.0214390028268, 0.0341491438448]]
    },
    "melbands": {
        "dmean": [0.000558345869649, 0.00131565320771, 0.000794089864939, 0.000600247120019, 0.00036302692024, 0.000194743348402, 9.32268012548e-05, 0.000169918857864, 0.000144744393765, 9.18874866329e-05, 7.8199635027e-05, 5.20079593116e-05, 4.05284772569e-05, 3.15556535497e-05, 2.65940470854e-05, 2.03074105229e-05, 1.81533996511e-05, 1.64817247423e-05, 1.83548490895e-05, 1.89221136679e-05, 1.72936524905e-05, 1.93616797333e-05, 1.45503099702e-05, 9.72016277956e-06, 8.68640199769e-06, 1.16964947665e-05, 1.25562628455e-05, 8.27523672342e-06, 5.96079280513e-06, 5.43740907233e-06, 5.52790061192e-06, 4.0522618292e-06, 3.34525793733e-06, 2.54948326983e-06, 2.03038689506e-06, 1.52358450123e-06, 9.94710603663e-07, 7.00147325006e-07, 4.72008395036e-07, 1.62908293078e-07],
        "dmean2": [0.000934757292271, 0.00230026361533, 0.00128522922751, 0.000966080697253, 0.000601695734076, 0.00031885469798, 0.000145102661918, 0.000264805741608, 0.000231707439525, 0.000140644886415, 0.000125064354506, 8.3904247731e-05, 6.48557688692e-05, 5.01737595187e-05, 4.36052505393e-05, 3.3955766412e-05, 2.92695167445e-05, 2.71244134638e-05, 2.90937132377e-05, 3.0304549e-05, 2.75517450063e-05, 3.04370314552e-05, 2.37279800785e-05, 1.61540992849e-05, 1.37988508868e-05, 1.89444890566e-05, 2.03957642952e-05, 1.3367352949e-05, 9.8133668871e-06, 9.11791903491e-06, 9.30890109885e-06, 6.70609642839e-06, 5.43564237887e-06, 4.05518585467e-06, 3.18965908264e-06, 2.41754355557e-06, 1.56364581017e-06, 1.07419475626e-06, 7.32410285309e-07, 2.4727063419e-07],
        "dvar": [9.3987677019e-07, 4.56784482594e-06, 1.26579709558e-06, 6.14255611708e-07, 2.24104709901e-07, 7.90659839822e-08, 2.80346093007e-08, 1.21625021166e-07, 1.82980130603e-07, 7.58380309662e-08, 3.27689768653e-08, 9.28555277113e-09, 6.60069643388e-09, 1.88622428787e-09, 2.32554797641e-09, 1.74731384917e-09, 1.02814734504e-09, 9.77526282142e-10, 1.13132603285e-09, 1.0503511394e-09, 1.39941547239e-09, 1.27294508268e-09, 7.44859840474e-10, 1.7367125793e-10, 1.83692436262e-10, 3.11949799325e-10, 6.44325537369e-10, 2.59903543132e-10, 1.29253580061e-10, 8.35950475508e-11, 8.87181370035e-11, 5.86350412668e-11, 4.95247280685e-11, 2.78990146957e-11, 1.21002565606e-11, 7.41501911955e-12, 3.04828276336e-12, 1.36580633955e-12, 1.04156689783e-12, 1.1242038794e-13],
        "dvar2": [2.17395472646e-06, 1.31406895889e-05, 2.93669654639e-06, 1.53772828071e-06, 5.84886549859e-07, 2.07798777296e-07, 5.47807914586e-08, 2.89554975552e-07, 4.41668248641e-07, 1.85797517815e-07, 7.40802974519e-08, 2.15776232437e-08, 1.61736544158e-08, 4.64741223283e-09, 5.61776936081e-09, 4.4960053458e-09, 2.54541920874e-09, 2.38486963511e-09, 2.47856624114e-09, 2.37169328621e-09, 2.9042332983e-09, 2.73306888232e-09, 1.76045911182e-09, 4.57551774247e-10, 4.13747508476e-10, 7.32536031833e-10, 1.58853996624e-09, 5.40597622223e-10, 2.95361152203e-10, 2.13143835914e-10, 2.37713626561e-10, 1.54353502202e-10, 1.27486909918e-10, 7.04471134205e-11, 3.08557519813e-11, 1.84751606375e-11, 7.22828134153e-12, 3.22890347272e-12, 2.27244351808e-12, 2.40269609764e-13],
        "max": [0.00782931130379, 0.0162835754454, 0.0135778877884, 0.0085060223937, 0.00497353170067, 0.00287489267066, 0.00250400020741, 0.00575647782534, 0.00643854448572, 0.00531582627445, 0.0029612747021, 0.00232459674589, 0.00182199722622, 0.000614212825894, 0.00101860275026, 0.000551178352907, 0.000399266282329, 0.000575786863919, 0.000597005942836, 0.000606376444921, 0.000655646959785, 0.000817866122816, 0.000402551318984, 0.000151910906425, 0.000245141331106, 0.000210523881833, 0.000407954066759, 0.000361326645361, 0.000240805806243, 0.000104155267763, 0.000123797246488, 9.69168322627e-05, 9.05162014533e-05, 5.43110727449e-05, 4.55238296126e-05, 3.52331480826e-05, 2.44738112087e-05, 1.91069921129e-05, 1.86874221981e-05, 5.56402801521e-06],
        "mean": [0.000781520560849, 0.00190912617836, 0.00129575037863, 0.00113756000064, 0.000649566471111, 0.000302211585222, 0.000167148158653, 0.00027108375798, 0.000248016469413, 0.000156187234097, 0.000128801242681, 8.86547059054e-05, 7.21866526874e-05, 5.65024784009e-05, 4.73798463645e-05, 3.13141244987e-05, 3.06586189254e-05, 2.87461552944e-05, 3.05612265947e-05, 3.44499421772e-05, 3.18334605254e-05, 3.64104089385e-05, 2.68806797976e-05, 1.79983126145e-05, 1.72874151758e-05, 2.30715031648e-05, 2.31002613873e-05, 1.53902328748e-05, 1.08077838377e-05, 1.09742113636e-05, 1.07204214146e-05, 7.20593789083e-06, 5.80189089305e-06, 4.56819543615e-06, 4.06687559007e-06, 2.99805174109e-06, 2.10286998481e-06, 1.53752921506e-06, 9.70278279055e-07, 2.44567843311e-07],
        "median": [0.000334473152179, 0.0011717901798, 0.000723798235413, 0.000783610099461, 0.000448882055935, 0.000180258299224, 7.22963159205e-05, 7.53487693146e-05, 6.054421101e-05, 5.09246929141e-05, 5.09751153004e-05, 4.64223630843e-05, 4.22082521254e-05, 3.47356362909e-05, 2.2446280127e-05, 1.84366163012e-05, 1.90622304217e-05, 1.63749391504e-05, 1.69651011674e-05, 1.98986617761e-05, 1.53574928845e-05, 1.84109485417e-05, 1.72360323631e-05, 1.40803294926e-05, 1.23941872516e-05, 1.57655558723e-05, 1.26081968119e-05, 8.03781222203e-06, 6.81893470755e-06, 8.20376862976e-06, 8.17636100692e-06, 4.59688135379e-06, 2.8626573112e-06, 2.13592124965e-06, 2.11596147892e-06, 1.56217902259e-06, 1.02198384866e-06, 7.73988517722e-07, 4.75521716226e-07, 9.90474759988e-08],
        "min": [7.98593191575e-09, 3.96651387291e-08, 1.59601842853e-08, 2.97832940532e-08, 1.27816210949e-08, 1.89408000395e-09, 1.95084548515e-09, 8.918989991e-10, 1.15594733785e-09, 5.34943866981e-10, 2.0882622298e-09, 2.65845040426e-10, 7.43843875384e-11, 2.07006259356e-10, 4.49003167979e-10, 3.03599506646e-10, 9.54071932568e-10, 3.72133074356e-10, 2.73582295707e-10, 7.68899666159e-11, 4.20959309078e-11, 4.53935222744e-11, 1.11028797267e-10, 2.31415164809e-10, 1.85616466641e-10, 1.49158324581e-11, 9.03136107566e-11, 6.37347397081e-11, 1.985649839e-10, 3.2374725123e-10, 2.90429985617e-10, 5.78257275397e-10, 1.99817121183e-10, 4.8294934718e-10, 2.96226931873e-10, 2.08743522467e-10, 2.33494057422e-10, 6.18560966337e-11, 3.34940374047e-11, 2.79944253542e-13],
        "var": [1.27688406337e-06, 4.83523626826e-06, 2.63523406829e-06, 1.26030522551e-06, 3.62824010836e-07, 1.26994322613e-07, 7.2778931326e-08, 2.37582455043e-07, 3.81849190489e-07, 1.26727641714e-07, 7.00974922552e-08, 2.28441816574e-08, 1.40132732085e-08, 4.31434488135e-09, 6.35293018192e-09, 2.10726813776e-09, 1.65048774647e-09, 1.98170635457e-09, 2.28374252842e-09, 2.63107957643e-09, 3.50463147392e-09, 5.35545385816e-09, 1.46425871428e-09, 3.16345699636e-10, 4.59635135508e-10, 7.30314864139e-10, 1.50585355296e-09, 7.08871628063e-10, 2.51472787038e-10, 1.37907324449e-10, 1.28602017924e-10, 7.49885639695e-11, 6.78677461452e-11, 4.20442430871e-11, 2.77139578647e-11, 1.44800300222e-11, 7.67602301166e-12, 3.9296946773e-12, 2.1547525049e-12, 1.98094145254e-13]
    },
    "mfcc": {
        "mean": [-610.070556641, 105.037796021, 4.23130369186, 36.1967544556, -2.43893957138, 11.4059247971, -2.36513447762, 8.2625579834, -4.31450605392, 0.240798816085, -10.2526168823, -1.43243658543, -7.31976699829],
        "cov": [[3521.72167969, -735.520751953, -576.351867676, 7.16341352463, -159.893325806, -40.2740287781, -68.9320068359, -86.8859863281, 1.56551218033, 77.0695953369, 133.210266113, 118.726623535, 73.1791915894], [-735.520751953, 650.571716309, 69.378364563, 33.0571174622, 25.1980247498, -7.24991464615, 25.2177829742, 48.617149353, 40.2235832214, 0.498894274235, -6.61366415024, -19.1975250244, -28.6070461273], [-576.351867676, 69.378364563, 466.280670166, -111.242660522, 37.7775993347, 6.98344516754, 3.03846549988, 23.1930198669, -22.5542182922, -18.7007713318, -31.3298969269, -66.8838043213, -23.3309555054], [7.16341352463, 33.0571174622, -111.242660522, 247.154800415, 68.1290893555, 45.5272483826, -0.652252316475, -3.42564916611, 19.8603096008, -11.217048645, -42.7020950317, 30.027765274, 21.7848987579], [-159.893325806, 25.1980247498, 37.7775993347, 68.1290893555, 141.516860962, 16.883808136, 6.57045650482, 12.1328077316, 23.2258110046, -3.98145890236, -29.6253566742, 6.22421073914, 8.1071100235], [-40.2740287781, -7.24991464615, 6.98344516754, 45.5272483826, 16.883808136, 110.702178955, 42.6741638184, 26.3084278107, -12.2666368484, -15.7681455612, -14.8691511154, -6.38670682907, -9.92237091064], [-68.9320068359, 25.2177829742, 3.03846549988, -0.652252316475, 6.57045650482, 42.6741638184, 124.193389893, 44.5912017822, 8.75437068939, -6.78665161133, 3.05445337296, -10.0520572662, -8.58949184418], [-86.8859863281, 48.617149353, 23.1930198669, -3.42564916611, 12.1328077316, 26.3084278107, 44.5912017822, 88.5974655151, 23.3528079987, 11.5059146881, -13.6518363953, -12.5330543518, -13.3578424454], [1.56551218033, 40.2235832214, -22.5542182922, 19.8603096008, 23.2258110046, -12.2666368484, 8.75437068939, 23.3528079987, 69.9786529541, 29.1630058289, 8.16998767853, 3.51662015915, 2.99156045914], [77.0695953369, 0.498894274235, -18.7007713318, -11.217048645, -3.98145890236, -15.7681455612, -6.78665161133, 11.5059146881, 29.1630058289, 77.3826446533, 26.2552318573, -0.675667643547, -1.59781956673], [133.210266113, -6.61366415024, -31.3298969269, -42.7020950317, -29.6253566742, -14.8691511154, 3.05445337296, -13.6518363953, 8.16998767853, 26.2552318573, 86.9778518677, 20.6985912323, 6.03843927383], [118.726623535, -19.1975250244, -66.8838043213, 30.027765274, 6.22421073914, -6.38670682907, -10.0520572662, -12.5330543518, 3.51662015915, -0.675667643547, 20.6985912323, 75.9823913574, 27.1934204102], [73.1791915894, -28.6070461273, -23.3309555054, 21.7848987579, 8.1071100235, -9.92237091064, -8.58949184418, -13.3578424454, 2.99156045914, -1.59781956673, 6.03843927383, 27.1934204102, 59.3075294495]],
