{
"lowlevel": {
    "average_loudness": 0.978818893433,
    "barkbands_crest": {
        "dmean": 4.1926779747,
        "dmean2": 6.42066287994,
        "dvar": 12.5257396698,
        "dvar2": 26.9578495026,
        "max": 26.3725414276,
        "mean": 12.7895393372,
        "median": 12.1791219711,
        "min": 2.67142343521,
        "var": 30.9923839569
    },
    "barkbands_flatness_db": {
        "dmean": 0.0368995927274,
        "dmean2": 0.053192269057,
        "dvar": 0.00105620757677,
        "dvar2": 0.00235947826877,
        "max": 0.486705899239,
        "mean": 0.197066918015,
        "median": 0.190419226885,
        "min": 0.0719351321459,
        "var": 0.00335800577886
    },
    "barkbands_kurtosis": {
        "dmean": 8.67497158051,
        "dmean2": 13.665769577,
        "dvar": 395.004150391,
        "dvar2": 975.204589844,
        "max": 263.24508667,
        "mean": 8.18742370605,
        "median": 1.56433820724,
        "min": -1.93094360828,
        "var": 444.29006958
    },
    "barkbands_skewness": {
        "dmean": 1.15316510201,
        "dmean2": 1.61785244942,
        "dvar": 1.75020003319,
        "dvar2": 3.7449400425,
        "max": 15.2605409622,
        "mean": 1.71975505352,
        "median": 1.27902197838,
        "min": -3.2710018158,
        "var": 4.40869140625
    },
    "barkbands_spread": {
        "dmean": 7.94228458405,
        "dmean2": 11.98234272,
        "dvar": 73.124458313,
        "dvar2": 151.800033569,
        "max": 99.9620513916,
        "mean": 20.4164104462,
        "median": 17.7749614716,
        "min": 0.297264605761,
        "var": 186.153884888
    },
    "dissonance": {
        "dmean": 0.0257817711681,
        "dmean2": 0.0422272533178,
        "dvar": 0.000685532984789,
        "dvar2": 0.00172135408502,
        "max": 0.500000059605,
        "mean": 0.453812628984,
        "median": 0.465670913458,
        "min": 0.20306275785,
        "var": 0.00166118843481
    },
    "dynamic_complexity": 3.34775400162,
    "erbbands_crest": {
        "dmean": 3.52521252632,
        "dmean2": 5.61351728439,
        "dvar": 9.50994205475,
        "dvar2": 23.1091003418,
        "max": 31.2100105286,
        "mean": 10.6853590012,
        "median": 9.61577796936,
        "min": 2.46982741356,
        "var": 26.9222927094
    },
    "erbbands_flatness_db": {
        "dmean": 0.0253662839532,
        "dmean2": 0.0333787612617,
        "dvar": 0.000479414651636,
        "dvar2": 0.000822052767035,
        "max": 0.386013120413,
        "mean": 0.206529900432,
        "median": 0.20323009789,
        "min": 0.087643943727,
        "var": 0.00267078005709
    },
    "erbbands_kurtosis": {
        "dmean": 1.55724704266,
        "dmean2": 2.35088682175,
        "dvar": 4.82286977768,
        "dvar2": 10.5356168747,
        "max": 28.451921463,
        "mean": 1.09623527527,
        "median": 0.0764157772064,
        "min": -1.86248683929,
        "var": 9.58999538422
    },
    "erbbands_skewness": {
        "dmean": 0.514004230499,
        "dmean2": 0.757534921169,
        "dvar": 0.256176143885,
        "dvar2": 0.506415784359,
        "max": 4.5313539505,
        "mean": 0.189198046923,
        "median": 0.232640624046,
        "min": -4.09905529022,
        "var": 0.96848154068
    },
    "erbbands_spread": {
        "dmean": 12.4257326126,
        "dmean2": 18.0120010376,
        "dvar": 195.146972656,
        "dvar2": 396.386077881,
        "max": 149.828979492,
        "mean": 37.3468894958,
        "median": 31.6934642792,
        "min": 3.13871669769,
        "var": 531.60345459
    },
    "hfc": {
        "dmean": 9.68398094177,
        "dmean2": 13.6119022369,
        "dvar": 269.768737793,
        "dvar2": 640.197570801,
        "max": 158.373153687,
        "mean": 21.2122764587,
        "median": 16.0636501312,
        "min": 3.62215760106e-05,
        "var": 471.783294678
    },
    "melbands_crest": {
        "dmean": 5.00002145767,
        "dmean2": 8.08045387268,
        "dvar": 19.864938736,
        "dvar2": 45.1748733521,
        "max": 34.070690155,
        "mean": 17.1109867096,
        "median": 16.8563022614,
        "min": 3.17058467865,
        "var": 46.323425293
    },
    "melbands_flatness_db": {
        "dmean": 0.0467033460736,
        "dmean2": 0.0641184300184,
        "dvar": 0.00183464586735,
        "dvar2": 0.00354578252882,
        "max": 0.601665556431,
        "mean": 0.215474560857,
        "median": 0.210251197219,
        "min": 0.030601894483,
        "var": 0.00754138687626
    },
    "melbands_kurtosis": {
        "dmean": 22.2960453033,
        "dmean2": 34.1000289917,
        "dvar": 2568.78198242,
        "dvar2": 5871.76025391,
        "max": 727.124938965,
        "mean": 24.660068512,
        "median": 6.16202640533,
        "min": -1.89680302143,
        "var": 3274.77246094
    },
    "melbands_skewness": {
        "dmean": 1.53795146942,
        "dmean2": 2.17991876602,
        "dvar": 3.4820792675,
        "dvar2": 6.89788341522,
        "max": 21.2151679993,
        "mean": 3.01976728439,
        "median": 2.18183898926,
        "min": -1.82242453098,
        "var": 8.51075077057
    },
    "melbands_spread": {
        "dmean": 12.4405508041,
        "dmean2": 17.9198226929,
        "dvar": 282.564544678,
        "dvar2": 513.89666748,
        "max": 212.763076782,
        "mean": 27.740814209,
        "median": 19.7947998047,
        "min": 0.411082446575,
        "var": 837.945129395
    },
    "pitch_salience": {
        "dmean": 0.109644562006,
        "dmean2": 0.163113161922,
        "dvar": 0.0099669881165,
        "dvar2": 0.0202757734805,
        "max": 0.85511726141,
        "mean": 0.486601144075,
        "median": 0.490955173969,
        "min": 0.0515731424093,
        "var": 0.0269241835922
    },
    "silence_rate_20dB": {
        "dmean": 0,
        "dmean2": 0,
        "dvar": 0,
        "dvar2": 0,
        "max": 1,
        "mean": 1,
        "median": 1,
        "min": 1,
        "var": 0
    },
    "silence_rate_30dB": {
        "dmean": 0.0836560800672,
        "dmean2": 0.167376980186,
        "dvar": 0.0766592919827,
        "dvar2": 0.142462268472,
        "max": 1,
        "mean": 0.888114571571,
        "median": 1,
        "min": 0,
        "var": 0.0993644073606
    },
    "silence_rate_60dB": {
        "dmean": 0.0588690936565,
        "dmean2": 0.117783807218,
        "dvar": 0.0554020628333,
        "dvar2": 0.120185568929,
        "max": 1,
        "mean": 0.111111111939,
        "median": 0,
        "min": 0,
        "var": 0.0987646505237
    },
    "spectral_centroid": {
        "dmean": 366.308807373,
        "dmean2": 507.960998535,
        "dvar": 161144.421875,
        "dvar2": 256600.046875,
        "max": 4737.40771484,
        "mean": 1590.48999023,
        "median": 1445.46472168,
        "min": 147.693588257,
        "var": 764587.875
    },
    "spectral_complexity": {
        "dmean": 4.61037969589,
        "dmean2": 6.49825668335,
        "dvar": 34.260723114,
        "dvar2": 58.5174789429,
        "max": 62,
        "mean": 15.9856758118,
        "median": 14,
        "min": 0,
        "var": 116.048522949
    },
    "spectral_decrease": {
        "dmean": 5.40540057159e-09,
        "dmean2": 7.38391214838e-09,
        "dvar": 7.42080403482e-17,
        "dvar2": 1.33624529627e-16,
        "max": -1.17911146884e-13,
        "mean": -9.63017221522e-09,
        "median": -4.92837370913e-09,
        "min": -7.0884816239e-08,
        "var": 1.54832805258e-16
    },
    "spectral_energy": {
        "dmean": 0.0207993723452,
        "dmean2": 0.0284678544849,
        "dvar": 0.00107394391671,
        "dvar2": 0.00192408449948,
        "max": 0.270281612873,
        "mean": 0.0382705964148,
        "median": 0.020332114771,
        "min": 4.48309805279e-07,
        "var": 0.00229047844186
    },
    "spectral_energyband_high": {
        "dmean": 0.000590987387113,
        "dmean2": 0.000806711846963,
        "dvar": 1.0588363466e-06,
        "dvar2": 1.85333374247e-06,
        "max": 0.017936328426,
        "mean": 0.00108092743903,
        "median": 0.000342540268321,
        "min": 6.31233620929e-10,
        "var": 3.36009293278e-06
    },
    "spectral_energyband_low": {
        "dmean": 0.018219858408,
        "dmean2": 0.0263273399323,
        "dvar": 0.00118519191165,
        "dvar2": 0.0021886206232,
        "max": 0.259628623724,
        "mean": 0.0240100529045,
        "median": 0.00406093895435,
        "min": 4.06521820651e-08,
        "var": 0.00195813225582
    },
    "spectral_energyband_middle_high": {
        "dmean": 0.00323901628144,
        "dmean2": 0.00498295901343,
        "dvar": 3.16123878292e-05,
        "dvar2": 7.81543858466e-05,
        "max": 0.0564235597849,
        "mean": 0.00612907996401,
        "median": 0.00319597218186,
        "min": 1.37183253646e-09,
        "var": 5.69272306166e-05
    },
    "spectral_energyband_middle_low": {
        "dmean": 0.00534533010796,
        "dmean2": 0.00840491894633,
        "dvar": 6.82740428601e-05,
        "dvar2": 0.000166751167853,
        "max": 0.0828865170479,
        "mean": 0.00785710755736,
        "median": 0.00488568702713,
        "min": 3.14162598158e-08,
        "var": 8.58098937897e-05
    },
    "spectral_entropy": {
        "dmean": 0.200219854712,
        "dmean2": 0.279485702515,
        "dvar": 0.045266803354,
        "dvar2": 0.084682546556,
        "max": 8.61826705933,
        "mean": 7.47444391251,
        "median": 7.54404449463,
        "min": 5.29283905029,
        "var": 0.20533592999
    },
    "spectral_flux": {
        "dmean": 0.0475335009396,
        "dmean2": 0.0727806091309,
        "dvar": 0.00307590467855,
        "dvar2": 0.00599762471393,
        "max": 0.430375337601,
        "mean": 0.119815580547,
        "median": 0.0918048322201,
        "min": 0.000669559405651,
        "var": 0.00796938035637
    },
    "spectral_kurtosis": {
        "dmean": 2.09601593018,
        "dmean2": 3.46701455116,
        "dvar": 8.18417072296,
        "dvar2": 19.457365036,
        "max": 67.2434539795,
        "mean": 3.35895109177,
        "median": 2.41960000992,
        "min": -1.24387025833,
        "var": 14.0109977722
    },
    "spectral_rms": {
        "dmean": 0.00151072710287,
        "dmean2": 0.00202919216827,
        "dvar": 3.39094231094e-06,
        "dvar2": 5.33597585672e-06,
        "max": 0.016238514334,
        "mean": 0.0051454436034,
        "median": 0.00445378618315,
        "min": 2.09135214391e-05,
        "var": 1.08615031422e-05
    },
    "spectral_rolloff": {
        "dmean": 678.705932617,
        "dmean2": 1049.07141113,
        "dvar": 1066234.375,
        "dvar2": 1824565.5,
        "max": 9969.87304688,
        "mean": 1668.62585449,
        "median": 1162.79296875,
        "min": 64.599609375,
        "var": 3113920.75
    },
    "spectral_skewness": {
        "dmean": 0.298241704702,
        "dmean2": 0.454259872437,
        "dvar": 0.103762589395,
        "dvar2": 0.227928161621,
        "max": 6.39129781723,
        "mean": 1.18508327007,
        "median": 1.14555907249,
        "min": -0.450400292873,
        "var": 0.349255174398
    },
    "spectral_spread": {
        "dmean": 583118,
        "dmean2": 821967.25,
        "dvar": 396609486848,
        "dvar2": 775782006784,
        "max": 10939665,
        "mean": 3889925.75,
        "median": 3625498.5,
        "min": 1328092.125,
        "var": 1.44014298317e+12
    },
    "spectral_strongpeak": {
        "dmean": 0.653583526611,
        "dmean2": 1.08798480034,
        "dvar": 1.04497647285,
        "dvar2": 2.63664937019,
        "max": 10.0237493515,
        "mean": 0.973271071911,
        "median": 0.469597995281,
        "min": 0.000551990466192,
        "var": 1.46136426926
    },
    "zerocrossingrate": {
        "dmean": 0.0158780291677,
        "dmean2": 0.016261221841,
        "dvar": 0.00031104113441,
        "dvar2": 0.000255394756095,
        "max": 0.31689453125,
        "mean": 0.0615449883044,
        "median": 0.04833984375,
        "min": 0.00244140625,
        "var": 0.00229264120571
    },
    "barkbands": {
        "dmean": [0.000331063201884, 0.0164883490652, 0.00651536835358, 0.00144823361188, 0.00129306607414, 0.000856641214341, 0.00138808123302, 0.000845626753289, 0.00127857539337, 0.000792541308329, 0.00066409248393, 0.000738049158826, 0.000459751405288, 0.000377574062441, 0.000495989050251, 0.000375852978323, 0.000352853297954, 0.000291619158816, 0.00023838582274, 0.000256329687545, 0.000203647374292, 0.000124934187625, 0.000118600801216, 8.23832087917e-05, 1.84111977433e-05, 1.62220512578e-08, 1.4629923939e-09],
        "dmean2": [0.000522583606653, 0.0237037949264, 0.0115551473573, 0.00263843103312, 0.00197228393517, 0.00134033884387, 0.00223790993914, 0.00146394432522, 0.00207140645944, 0.00124433299061, 0.00104975653812, 0.0011453689076, 0.000727033242583, 0.000590636453126, 0.000804335053544, 0.000614467659034, 0.000594952201936, 0.000472867774079, 0.000383037142456, 0.000364886655007, 0.000300080020679, 0.000178238769877, 0.000167113728821, 0.000117173192848, 2.78216830338e-05, 2.53075089773e-08, 2.67540789523e-09],
        "dvar": [3.46780268501e-07, 0.0010633735219, 0.00035565457074, 1.5327876099e-05, 3.61435763807e-06, 2.35074548982e-06, 7.65852928453e-06, 6.84971882947e-06, 8.88511840458e-06, 3.77751825908e-06, 2.21803702516e-06, 3.83277756555e-06, 1.67960865838e-06, 8.64083915531e-07, 1.68585506799e-06, 1.05789899862e-06, 1.0680005289e-06, 5.56395093554e-07, 2.36189080738e-07, 2.26035680839e-07, 1.90588110627e-07, 5.85999089253e-08, 4.76107722136e-08, 3.10424574934e-08, 2.13076001288e-09, 2.04778367691e-15, 5.43243422669e-18],
        "dvar2": [8.05604940979e-07, 0.00221935333684, 0.000965462240856, 4.38391216449e-05, 8.28910469863e-06, 5.46691671843e-06, 1.77651818376e-05, 1.7810953068e-05, 2.19037665374e-05, 8.6133768491e-06, 5.0646362979e-06, 7.90627655078e-06, 3.83934957426e-06, 1.86918623513e-06, 3.80321284865e-06, 2.6021591566e-06, 2.90334446618e-06, 1.40653924063e-06, 6.21797255462e-07, 4.287631441e-07, 4.40508415522e-07, 1.18129371174e-07, 8.70690612942e-08, 6.04935834758e-08, 4.91954121884e-09, 4.94520619793e-15, 1.65648658297e-17],
        "max": [0.00595017243177, 0.257419317961, 0.145144924521, 0.0289259105921, 0.019069487229, 0.0221302844584, 0.0418859049678, 0.0399685055017, 0.0542975142598, 0.0284139551222, 0.0241074822843, 0.0458908230066, 0.0226807780564, 0.0126333935186, 0.0282833129168, 0.015211888589, 0.0112991901115, 0.00672432687134, 0.00620783446357, 0.0101731186733, 0.00579158402979, 0.00359709025361, 0.00268749124371, 0.00357477227226, 0.000949252804276, 1.03544698504e-06, 2.48370177758e-08],
        "mean": [0.000372017908376, 0.0183969475329, 0.00459790835157, 0.00104891438968, 0.00167421181686, 0.00104964175262, 0.0015842752764, 0.000772456987761, 0.00147557281889, 0.00108049006667, 0.000786749471445, 0.00107438582927, 0.000589085218962, 0.000472071318654, 0.000546601426322, 0.000429566454841, 0.000376587238861, 0.000325920758769, 0.000340356724337, 0.000462983589387, 0.000291660951916, 0.000188781516044, 0.00018771494797, 0.000119419637485, 2.61526511167e-05, 2.08214885333e-08, 1.27305099795e-09],
        "median": [3.96787290811e-05, 0.00251669832505, 0.000250449142186, 0.000116149138194, 0.000736658344977, 0.000370883091819, 0.000482345465571, 0.000150590305566, 0.000246421142947, 0.00018380866095, 8.64953035489e-05, 0.000118703457701, 0.000106552659418, 8.77932179719e-05, 0.000102144840639, 9.75531511358e-05, 9.5945855719e-05, 9.85697770375e-05, 0.000153793182108, 0.000126567378175, 6.49079447612e-05, 3.46465640177e-05, 4.01651013817e-05, 3.3198746678e-05, 6.46216858513e-06, 5.29429611262e-09, 3.64844460199e-10],
        "min": [2.44579745345e-10, 6.72795064105e-09, 7.55561213595e-09, 8.54352055768e-09, 1.29750521438e-08, 2.72150385561e-10, 7.22184811952e-11, 7.16833606362e-11, 1.7519498352e-10, 1.37217029406e-10, 1.08415949829e-10, 1.08553936673e-10, 1.00076447129e-10, 1.0534565581e-10, 2.06057657048e-10, 1.11324206797e-10, 2.05248235075e-10, 1.14522114014e-10, 1.65120334072e-10, 3.60969379387e-11, 7.9498060912e-11, 2.15510942425e-10, 2.14178480507e-10, 5.16340650791e-11, 1.5549218163e-11, 1.33251482765e-11, 4.72824036868e-12],
        "var": [4.75111534115e-07, 0.00135509169195, 0.000236423526076, 9.35950811254e-06, 5.45129614693e-06, 3.19653418046e-06, 1.0279435628e-05, 5.73568740947e-06, 1.12878060463e-05, 6.19313232164e-06, 3.43212377629e-06, 8.33578815218e-06, 2.78804168374e-06, 1.29656939407e-06, 2.1730206754e-06, 1.26369741338e-06, 8.84290955128e-07, 5.14253599704e-07, 2.90609705189e-07, 8.09273728919e-07, 3.35892963221e-07, 1.30725283043e-07, 1.23291542309e-07, 6.00924323635e-08, 3.75156261612e-09, 2.9676555284e-15, 4.99367984541e-18]
    },
    "erbbands": {
        "dmean": [0.481318384409, 3.72263836861, 7.6120929718, 5.91455459595, 4.50884389877, 4.28502511978, 5.17757844925, 7.86401891708, 18.3411464691, 18.1407928467, 18.5363311768, 33.2656097412, 19.2516765594, 28.1451873779, 27.6956672668, 29.3428668976, 21.9817352295, 17.7075519562, 23.145658493, 23.3318309784, 18.0172138214, 18.3016376495, 15.7619953156, 12.9119110107, 11.1150169373, 12.5011081696, 9.56150627136, 6.89194726944, 4.42456293106, 4.11705684662, 3.26939702034, 2.09215283394, 1.09836828709, 0.410044401884, 0.0243999511003, 0.00110929191578, 6.98275034665e-05, 1.13339183372e-05, 1.09332659122e-05, 2.32126221817e-05],
        "dmean2": [0.749309360981, 5.30827045441, 12.2582855225, 10.6287145615, 7.30207204819, 6.54260158539, 8.09729576111, 12.5379781723, 29.4750919342, 30.0466003418, 30.8958854675, 54.1052093506, 29.951051712, 43.7231674194, 42.3699798584, 45.7934074402, 33.4418258667, 26.7575855255, 36.2912406921, 39.2822990417, 28.6768627167, 30.1682910919, 25.6664447784, 20.7235641479, 17.1857204437, 17.8463344574, 13.8987932205, 10.1067066193, 6.28982162476, 5.74675607681, 4.64037752151, 2.94692134857, 1.55371296406, 0.614458143711, 0.0382945053279, 0.00171485752799, 0.000100192693935, 1.58085131261e-05, 1.5046181943e-05, 3.20350372931e-05],
        "dvar": [0.946309864521, 56.8996009827, 381.694213867, 281.592803955, 72.8525772095, 42.6424789429, 95.5253448486, 234.015426636, 1397.0045166, 2009.59448242, 2558.09765625, 6742.74072266, 2112.69311523, 5669.515625, 3830.93408203, 6130.87109375, 3706.01977539, 1741.45446777, 3923.15649414, 4177.75048828, 2588.26171875, 2600.35400391, 1883.3494873, 708.608398438, 452.768493652, 557.62677002, 396.112121582, 238.85307312, 74.9024658203, 59.2196807861, 37.4034118652, 18.3401184082, 5.79911375046, 0.954026281834, 0.00609040819108, 1.13110718303e-05, 2.45632278961e-08, 4.50259940443e-10, 2.58643884088e-10, 1.28169375113e-09],
        "dvar2": [2.29306316376, 112.874588013, 972.820129395, 790.17980957, 191.146179199, 93.1770858765, 227.496398926, 533.48828125, 3119.09448242, 5099.85351562, 6357.31787109, 16595.9941406, 4861.86279297, 13714.2148438, 7781.47070312, 12951.8955078, 8133.96826172, 3865.4230957, 8029.47851562, 11401.4160156, 6163.95654297, 6980.42529297, 4774.25195312, 1781.97595215, 1142.40026855, 1070.97521973, 896.442871094, 555.68536377, 147.491409302, 111.165802002, 68.4432907104, 33.9891891479, 11.5170116425, 2.16226291656, 0.0147810783237, 2.72002798738e-05, 5.45297140775e-08, 8.77183436998e-10, 4.13895057116e-10, 2.24151408545e-09],
        "max": [7.20157051086, 58.0854988098, 162.29624939, 111.237258911, 75.7606887817, 70.6785888672, 171.22315979, 247.332901001, 715.288818359, 595.258728027, 747.067382812, 1680.00170898, 881.985961914, 1330.99194336, 1360.66040039, 1321.69689941, 1190.36108398, 660.296020508, 1458.49072266, 712.893859863, 1026.71435547, 509.617401123, 413.94921875, 386.355194092, 246.762420654, 503.264801025, 337.514678955, 203.026504517, 102.793556213, 125.941970825, 89.7113342285, 83.2841415405, 46.5665626526, 19.7355480194, 1.81571638584, 0.0761312246323, 0.00296053825878, 0.000349204521626, 0.000123188423458, 0.000294417724945],
        "mean": [0.513729870319, 4.1125831604, 6.31913709641, 4.31164550781, 4.5775604248, 5.57118606567, 6.31261062622, 9.62611293793, 21.9440727234, 17.6209945679, 20.1460056305, 38.4112014771, 26.8000984192, 36.2991142273, 38.8835334778, 44.3640975952, 30.5832023621, 23.3555164337, 30.9167423248, 25.2434177399, 22.6607437134, 20.3571300507, 18.2078857422, 17.681634903, 17.7568054199, 22.329454422, 15.2516393661, 9.74949836731, 6.70620107651, 6.3580288887, 5.17383289337, 3.15521264076, 1.59642481804, 0.584643304348, 0.031911958009, 0.00151763029862, 0.000115893417387, 2.09970967262e-05, 2.37560852838e-05, 4.5495267841e-05],
        "median": [0.0700336769223, 0.456942737103, 0.476336598396, 0.478399455547, 1.38888251781, 2.2804453373, 2.10331702232, 3.48827385902, 7.35686779022, 4.37692975998, 5.38884925842, 6.71483469009, 6.5886516571, 6.99573326111, 5.90728712082, 6.71589899063, 6.8406662941, 6.3076415062, 6.60465908051, 5.58508110046, 5.63522624969, 5.40058708191, 5.53106880188, 7.78740501404, 7.39275169373, 6.49593353271, 3.81376194954, 2.00595545769, 1.24078679085, 1.27248430252, 1.14039194584, 0.823371589184, 0.464570969343, 0.155776709318, 0.0053597339429, 0.000308800576022, 3.92507063225e-05, 8.7759217422e-06, 1.5688712665e-05, 2.66677889158e-05],
        "min": [1.82694702744e-06, 1.09978991532e-05, 3.38274221576e-05, 3.67982320313e-05, 2.1362762709e-05, 3.71672067558e-05, 4.40970916316e-06, 3.1979607229e-06, 1.45778767546e-06, 2.02133765015e-06, 2.20504739445e-06, 3.90356490243e-06, 2.72668967227e-06, 4.52487984148e-06, 4.407848337e-06, 4.99039106217e-06, 4.9324239626e-06, 3.90279501516e-06, 6.25387610853e-06, 1.21606890389e-05, 7.8064540503e-06, 1.16925002658e-05, 6.97390578352e-06, 1.02789881566e-05, 3.59680916517e-06, 1.93050186681e-06, 1.75861589469e-06, 5.31483874511e-06, 7.26367852621e-06, 6.91337754688e-06, 5.31206296728e-06, 1.61295008638e-06, 4.74974058307e-07, 2.11145049889e-07, 8.27197439435e-08, 5.7745289439e-08, 2.46228051282e-08, 7.64867724712e-09, 2.24949525673e-09, 6.7629135625e-10],
        "var": [0.982438325882, 75.5772628784, 318.909088135, 175.711547852, 69.5721282959, 70.4121322632, 127.708610535, 310.811798096, 2087.49658203, 1860.31518555, 2669.01538086, 8546.74609375, 3636.97143555, 7295.84912109, 8853.16503906, 13135.3076172, 6760.51855469, 2600.54443359, 6637.09960938, 3872.65771484, 3361.0012207, 2217.31079102, 1693.42163086, 862.313964844, 729.160522461, 1904.4206543, 917.31463623, 390.039978027, 164.281661987, 155.242553711, 92.9275512695, 38.3974952698, 11.2705821991, 1.66578137875, 0.00907793920487, 1.72393993125e-05, 4.58709799034e-08, 1.02226804799e-09, 6.54500120767e-10, 2.86085932721e-09]
    },
    "gfcc": {
        "mean": [-47.6481666565, 115.30506897, -154.645278931, 55.7897720337, -76.9089126587, 17.371389389, -27.941072464, -0.819877147675, -3.9536550045, -15.4121370316, 11.1539363861, -18.5392932892, 7.31236076355],
        "cov": [[6761.0234375, -367.106964111, 77.4198303223, 589.660522461, 243.560241699, 708.061828613, 221.461227417, 522.950561523, 53.5985488892, 90.4041595459, 47.9630889893, -82.7986373901, 148.354766846], [-367.106964111, 1880.54992676, 531.997680664, -120.5858078, 776.941650391, 54.1315536499, 332.441680908, -10.3561830521, 268.0519104, -79.3126602173, 53.0464630127, 24.3435592651, 99.7660598755], [77.4198303223, 531.997680664, 1315.76611328, 605.359375, 373.798950195, 332.72177124, 124.220344543, 178.461120605, 220.734176636, 20.2960891724, -6.38220262527, 61.5605773926, 10.7097969055], [589.660522461, -120.5858078, 605.359375, 781.461242676, 195.117935181, 179.003250122, 82.9487838745, 123.466522217, 141.701202393, 35.6961708069, -4.52907180786, 17.9702186584, 6.76467132568], [243.560241699, 776.941650391, 373.798950195, 195.117935181, 698.549987793, 252.382354736, 206.592254639, 134.216644287, 157.709762573, 40.721244812, 71.0558166504, 5.2815580368, 94.6239624023], [708.061828613, 54.1315536499, 332.72177124, 179.003250122, 252.382354736, 497.094696045, 193.530014038, 173.13444519, 64.6995620728, 79.4357910156, 66.8256835938, 6.37455511093, 38.3639183044], [221.461227417, 332.441680908, 124.220344543, 82.9487838745, 206.592254639, 193.530014038, 438.844696045, 72.924079895, 85.5400161743, 37.7750205994, 73.5642166138, 20.1399593353, 36.132484436], [522.950561523, -10.3561830521, 178.461120605, 123.466522217, 134.216644287, 173.13444519, 72.924079895, 281.448944092, 55.2991065979, 54.2072143555, 35.3075866699, 8.66788482666, 78.9769592285], [53.5985488892, 268.0519104, 220.734176636, 141.701202393, 157.709762573, 64.6995620728, 85.5400161743, 55.2991065979, 260.591247559, 50.2219276428, 0.177729606628, 43.1757087708, 13.8405666351], [90.4041595459, -79.3126602173, 20.2960891724, 35.6961708069, 40.721244812, 79.4357910156, 37.7750205994, 54.2072143555, 50.2219276428, 159.053421021, 66.6325836182, 6.02143669128, 15.6633729935], [47.9630889893, 53.0464630127, -6.38220262527, -4.52907180786, 71.0558166504, 66.8256835938, 73.5642166138, 35.3075866699, 0.177729606628, 66.6325836182, 147.788116455, 37.6475372314, 25.145647049], [-82.7986373901, 24.3435592651, 61.5605773926, 17.9702186584, 5.2815580368, 6.37455511093, 20.1399593353, 8.66788482666, 43.1757087708, 6.02143669128, 37.6475372314, 114.445304871, 24.561750412], [148.354766846, 99.7660598755, 10.7097969055, 6.76467132568, 94.6239624023, 38.3639183044, 36.132484436, 78.9769592285, 13.8405666351, 15.6633729935, 25.145647049, 24.561750412, 131.081085205]],
        "icov": [[0.000224337883992, -0.000161825853866, 0.000272625649814, -0.00033494879608, 0.000213034509216, -0.000415008660639, 0.000106327381218, -0.000344192085322, 6.77804418956e-05, 2.37850163103e-05, 7.56290901336e-05, 7.78526082286e-05, -2.90725783998e-05], [-0.000161825853866, 0.00318444566801, -0.00188069208525, 0.00255662156269, -0.003190823365, 0.00203072512522, -0.00148755637929, 0.00154127052519, -0.00202810950577, 0.00219200900756, -0.00123406259809, 0.00128241279162, -0.00107971241232], [0.000272625649814, -0.00188069208525, 0.0027917495463, -0.00253433268517, 0.00150992721319, -0.00204039760865, 0.00110065191984, -0.0013927310938, 0.00074644893175, -0.000805661256891, 0.00113941775635, -0.0014074962819, 0.00113107694779], [-0.00033494879608, 0.00255662156269, -0.00253433268517, 0.00430499529466, -0.00260182307102, 0.00193154183216, -0.00129120552447, 0.00117599638179, -0.00190851895604, 0.00141196302138, -0.000857899780385, 0.0011155983666, -0.000633280491456], [0.000213034509216, -0.003190823365, 0.00150992721319, -0.00260182307102, 0.00571547774598, -0.00271333521232, 0.00111366307829, -0.00141758448444, 0.00081186555326, -0.00143322709482, 3.44503459928e-05, 9.85750302789e-05, -0.000525813258719], [-0.000415008660639, 0.00203072512522, -0.00204039760865, 0.00193154183216, -0.00271333521232, 0.00538908457384, -0.00198896671645, -4.44528959633e-05, -0.000506098032929, 0.000113637623144, -0.00100229971576, 0.000746585254092, 3.98610536649e-05], [0.000106327381218, -0.00148755637929, 0.00110065191984, -0.00129120552447, 0.00111366307829, -0.00198896671645, 0.00386108807288, -0.000626624037977, 0.000100407916761, -0.000420994969318, -0.000655112206005, -0.000439120398369, 0.000327637419105], [-0.000344192085322, 0.00154127052519, -0.0013927310938, 0.00117599638179, -0.00141758448444, -4.44528959633e-05, -0.000626624037977, 0.00678244000301, -0.00139101932291, 0.000207361139474, -0.000869913958013, 0.00121321470942, -0.00354616437107], [6.77804418956e-05, -0.00202810950577, 0.00074644893175, -0.00190851895604, 0.00081186555326, -0.000506098032929, 0.000100407916761, -0.00139101932291, 0.0074735051021, -0.00394714949653, 0.00320243928581, -0.00355399865657, 0.00161102367565], [2.37850163103e-05, 0.00219200900756, -0.000805661256891, 0.00141196302138, -0.00143322709482, 0.000113637623144, -0.000420994969318, 0.000207361139474, -0.00394714949653, 0.0110417362303, -0.00549792638049, 0.00283110002056, -0.00108829385135], [7.56290901336e-05, -0.00123406259809, 0.00113941775635, -0.000857899780385, 3.44503459928e-05, -0.00100229971576, -0.000655112206005, -0.000869913958013, 0.00320243928581, -0.00549792638049, 0.0117675364017, -0.00487713562325, 0.000753316853661], [7.78526082286e-05, 0.00128241279162, -0.0014074962819, 0.0011155983666, 9.85750302789e-05, 0.000746585254092, -0.000439120398369, 0.00121321470942, -0.00355399865657, 0.00283110002056, -0.00487713562325, 0.0125435488299, -0.00328415608965], [-2.90725783998e-05, -0.00107971241232, 0.00113107694779, -0.000633280491456, -0.000525813258719, 3.98610536649e-05, 0.000327637419105, -0.00354616437107, 0.00161102367565, -0.00108829385135, 0.000753316853661, -0.00328415608965, 0.0112687889487]]
    },
    "melbands": {
        "dmean": [0.00457447674125, 0.00372620415874, 0.00100224500056, 0.000323729851516, 0.000169571052538, 0.000174769942532, 0.000284490466584, 0.000196862674784, 0.00015582794731, 0.000208352968912, 9.54527276917e-05, 0.000116983312182, 9.18192235986e-05, 8.82078820723e-05, 6.69616492814e-05, 4.18052950408e-05, 3.51049056917e-05, 3.73289767595e-05, 3.72798131139e-05, 2.91666601697e-05, 2.20699457714e-05, 2.23329807341e-05, 1.42062126542e-05, 1.36215294333e-05, 1.0665075024e-05, 9.28200915951e-06, 8.06550997368e-06, 9.10015205591e-06, 6.84014003127e-06, 4.79313166579e-06, 3.96959603677e-06, 2.75782667813e-06, 2.26651354751e-06, 2.38058646573e-06, 2.13526232073e-06, 1.57452291205e-06, 1.21884818327e-06, 7.91050581483e-07, 6.79814547766e-07, 2.47734476488e-07],
        "dmean2": [0.00691190501675, 0.00536694051698, 0.00177828280721, 0.000499879242852, 0.000262074026978, 0.000276400969597, 0.00045597719145, 0.00033060455462, 0.000256605126197, 0.00033995078411, 0.000148780425661, 0.000181930532563, 0.000143082404975, 0.000135263326229, 9.80151307886e-05, 6.62566817482e-05, 5.40885012015e-05, 5.84915251238e-05, 6.21787839918e-05, 4.88845107611e-05, 3.53021205228e-05, 3.77328724426e-05, 2.29174474953e-05, 2.22601684072e-05, 1.72814125108e-05, 1.50518935698e-05, 1.21978737297e-05, 1.33990079121e-05, 1.0326557458e-05, 7.11133679943e-06, 6.02108866588e-06, 4.03116382586e-06, 3.19333980769e-06, 3.44141903952e-06, 3.0926466934e-06, 2.22648077397e-06, 1.75141576619e-06, 1.13151963888e-06, 1.0191012052e-06, 3.80940207378e-07],
        "dvar": [8.50551368785e-05, 6.50259607937e-05, 7.43633245293e-06, 2.5797072567e-07, 8.63894698e-08, 1.07053132581e-07, 3.19034143104e-07, 2.72942969559e-07, 1.6367248179e-07, 2.564485726e-07, 5.43107923079e-08, 9.99512010935e-08, 3.85778093914e-08, 5.04100725607e-08, 3.18925330589e-08, 1.37143461032e-08, 7.94813903582e-09, 9.86124160107e-09, 1.09178452945e-08, 6.92200430308e-09, 4.50051018674e-09, 4.52557413766e-09, 1.24088750386e-09, 1.22994592289e-09, 4.80939732483e-10, 4.1426798103e-10, 2.03738179105e-10, 3.36030120396e-10, 2.18280074571e-10, 1.12395204255e-10, 8.64431720649e-11, 3.21632026568e-11, 1.99158588926e-11, 2.06813385861e-11, 1.58169848746e-11, 1.053875303e-11, 6.99644335522e-12, 3.20511781178e-12, 2.36969038142e-12, 4.82293838113e-13],
        "dvar2": [0.000193748579477, 0.000130825283122, 2.07183184102e-05, 6.07253468843e-07, 2.03964063417e-07, 2.48663212687e-07, 7.22508332274e-07, 7.0684103548e-07, 3.97212687631e-07, 6.38636265649e-07, 1.23806032093e-07, 2.38507141148e-07, 8.63269846718e-08, 1.02906405175e-07, 6.14452062564e-08, 3.17875681333e-08, 1.77490377951e-08, 1.98984082544e-08, 2.82007288632e-08, 1.82184631825e-08, 1.09591713482e-08, 1.24069323704e-08, 3.06615333123e-09, 3.12541215131e-09, 1.21058885139e-09, 1.09919462421e-09, 4.54123599836e-10, 6.72495226173e-10, 5.14793763173e-10, 2.48878778697e-10, 2.10337566808e-10, 6.87962256607e-11, 4.07052967721e-11, 4.03016162109e-11, 3.18917114939e-11, 1.95048335122e-11, 1.38137756442e-11, 6.3546208226e-12, 5.2469066418e-12, 1.12812472038e-12],
        "max": [0.0727179571986, 0.0692885220051, 0.0180016197264, 0.00511116348207, 0.00448604580015, 0.00498096831143, 0.0100958701223, 0.00644729100168, 0.00564253563061, 0.00951909832656, 0.00453461706638, 0.00555378384888, 0.00343325315043, 0.00614314433187, 0.00395427783951, 0.0020278475713, 0.0014188158093, 0.00193620508071, 0.00163433107082, 0.00128478428815, 0.00149526551832, 0.000727256003302, 0.000357257435098, 0.000347984663676, 0.000352052156813, 0.000264574133325, 0.00024332186149, 0.000386459112633, 0.000293800781947, 0.000149115119711, 0.000118858566566, 8.17425898276e-05, 6.98931835359e-05, 7.94822262833e-05, 5.24246133864e-05, 6.88321524649e-05, 5.97483194724e-05, 3.78555669158e-05, 3.4317112295e-05, 1.34995088956e-05],
        "mean": [0.00494110956788, 0.00418073358014, 0.00076044810703, 0.00039215333527, 0.00021642887441, 0.00021429960907, 0.000337286939612, 0.000181965267984, 0.0001725260081, 0.000236849475186, 0.000129161577206, 0.00014819050557, 0.000116548428196, 0.000126442173496, 9.30202004383e-05, 5.17493317602e-05, 4.27348713856e-05, 4.97742876178e-05, 3.74349438061e-05, 3.10112263833e-05, 2.62411231233e-05, 2.25512394536e-05, 1.68632232089e-05, 1.523433275e-05, 1.4145746718e-05, 1.28449346448e-05, 1.31993392642e-05, 1.54056669999e-05, 1.06024699562e-05, 6.69386145091e-06, 5.26141275259e-06, 3.86957390219e-06, 3.3758221889e-06, 3.58080296792e-06, 3.22319237966e-06, 2.3385989607e-06, 1.73062630893e-06, 1.12220936899e-06, 9.31564784423e-07, 3.30705262286e-07],
        "median": [0.00072530208854, 0.000487100420287, 0.000109642132884, 0.000142676930409, 8.48229974508e-05, 7.69566759118e-05, 0.000112285822979, 3.99380296585e-05, 3.87941327062e-05, 3.88205953641e-05, 2.84376747004e-05, 2.49109471042e-05, 1.44325595102e-05, 1.46820602822e-05, 1.37515398819e-05, 1.06946372398e-05, 7.85660358815e-06, 9.44113071455e-06, 6.92580488248e-06, 6.97665063853e-06, 5.56835902898e-06, 5.23292965227e-06, 4.89379408464e-06, 4.74884654977e-06, 5.8811465351e-06, 5.30256647835e-06, 4.34189587395e-06, 3.87904128729e-06, 2.34064555116e-06, 1.34523531869e-06, 9.69936991169e-07, 6.52664027712e-07, 6.08643802025e-07, 6.73955241837e-07, 6.67378174057e-07, 4.71858726314e-07, 4.42476562057e-07, 2.96993079019e-07, 2.78055580338e-07, 6.39468993313e-08],
        "min": [2.17868101338e-09, 8.71783001344e-09, 6.388334306e-09, 2.32052688176e-09, 3.42542799681e-10, 6.25361984419e-11, 2.29660925694e-11, 2.14283486788e-11, 2.13481194528e-11, 2.31497720299e-11, 1.43524393759e-11, 1.94505991175e-11, 1.58166882369e-11, 9.42398329512e-12, 1.8494240861e-11, 6.26191980213e-12, 7.69204058088e-12, 1.01318701692e-11, 1.6177340717e-11, 1.18927393974e-11, 8.204416313e-12, 1.40660044376e-11, 7.70356521629e-12, 4.79648655863e-12, 9.22528720082e-12, 4.13900944768e-12, 8.19480930597e-13, 1.43292691081e-12, 8.04153401854e-13, 2.30094047114e-12, 3.45616547534e-12, 3.92940107535e-12, 4.5820677981e-12, 4.40487663705e-12, 4.37746930718e-12, 1.04756828212e-12, 7.96031372329e-13, 3.38572052339e-13, 2.18288156105e-13, 1.64158834096e-13],
        "var": [9.55991636147e-05, 8.68329807417e-05, 4.76518061987e-06, 3.48260414285e-07, 1.24717871586e-07, 1.45372794691e-07, 4.65722933995e-07, 2.33494276358e-07, 1.87363156101e-07, 3.20428085843e-07, 9.48675449308e-08, 1.31335838205e-07, 7.28482376644e-08, 1.18019073625e-07, 6.06713257412e-08, 2.1621346491e-08, 1.11418332338e-08, 1.75904979471e-08, 1.01899466642e-08, 7.4046382359e-09, 5.7308731094e-09, 3.48506046244e-09, 1.30423771783e-09, 1.1346590334e-09, 5.92061732974e-10, 4.80565198746e-10, 4.8467169167e-10, 1.06137232336e-09, 4.992569691e-10, 1.87912838068e-10, 1.25969776277e-10, 5.95966470618e-11, 4.60340134067e-11, 5.05829891861e-11, 3.68025228348e-11, 2.19561417658e-11, 1.32589382182e-11, 6.20108435087e-12, 3.88030623258e-12, 7.95406221357e-13]
    },
    "mfcc": {
        "mean": [-663.247192383, 109.095283508, -4.70511817932, 22.9068279266, -4.62825202942, 3.22607922554, -0.225115641952, 4.81992912292, -4.04336595535, 6.97618818283, -2.93345046043, 3.75696325302, 0.833520412445],
        "cov": [[6802.75976562, -721.198974609, -130.540466309, 108.580307007, 165.489181519, 172.057006836, 368.527069092, 306.904449463, 274.01083374, 331.166473389, -43.1602592468, 149.349746704, 2.08380126953], [-721.198974609, 2087.24951172, -67.7468719482, 2.10205674171, 395.691314697, 177.755401611, 186.608047485, 168.129837036, 227.223419189, -24.2109870911, 128.649230957, 15.0982036591, 14.4290866852], [-130.540466309, -67.7468719482, 1043.08496094, 348.134307861, 281.491455078, 237.867645264, 37.8251838684, 214.848114014, 121.255264282, 70.6485824585, 116.655654907, 37.9011383057, 55.2776298523], [108.580307007, 2.10205674171, 348.134307861, 580.64666748, 212.171310425, 133.421722412, 28.9160995483, 111.126243591, 106.335121155, 52.1715660095, 49.7005004883, 47.1072731018, 19.1962451935], [165.489181519, 395.691314697, 281.491455078, 212.171310425, 611.010192871, 153.119125366, 119.020965576, 131.979812622, 172.662750244, 78.22706604, 62.9019775391, 51.665096283, 40.0328330994], [172.057006836, 177.755401611, 237.867645264, 133.421722412, 153.119125366, 373.360076904, 135.377166748, 143.355407715, 98.7766113281, 84.3863220215, 121.954139709, 48.8908157349, 42.585067749], [368.527069092, 186.608047485, 37.8251838684, 28.9160995483, 119.020965576, 135.377166748, 424.650085449, 121.623077393, 87.0596389771, 124.902572632, 15.0226793289, 53.9141769409, 49.1931648254], [306.904449463, 168.129837036, 214.848114014, 111.126243591, 131.979812622, 143.355407715, 121.623077393, 261.543823242, 133.311721802, 53.6390151978, 57.2145423889, 39.6136398315, 32.692615509], [274.01083374, 227.223419189, 121.255264282, 106.335121155, 172.662750244, 98.7766113281, 87.0596389771, 133.311721802, 254.976882935, 88.5915679932, 60.8844146729, 36.2367095947, 12.5751876831], [331.166473389, -24.2109870911, 70.6485824585, 52.1715660095, 78.22706604, 84.3863220215, 124.902572632, 53.6390151978, 88.5915679932, 201.109848022, 39.1994094849, 30.1366863251, 27.8066940308], [-43.1602592468, 128.649230957, 116.655654907, 49.7005004883, 62.9019775391, 121.954139709, 15.0226793289, 57.2145423889, 60.8844146729, 39.1994094849, 181.490768433, 47.8864326477, 32.3068580627], [149.349746704, 15.0982036591, 37.9011383057, 47.1072731018, 51.665096283, 48.8908157349, 53.9141769409, 39.6136398315, 36.2367095947, 30.1366863251, 47.8864326477, 128.510360718, 62.5661621094], [2.08380126953, 14.4290866852, 55.2776298523, 19.1962451935, 40.0328330994, 42.585067749, 49.1931648254, 32.692615509, 12.5751876831, 27.8066940308, 32.3068580627, 62.5661621094, 150.651504517]],
