{
"lowlevel": {
    "average_loudness": 0.407274842262,
    "barkbands_crest": {
        "dmean": 1.8763371706,
        "dmean2": 2.90467381477,
        "dvar": 3.71325564384,
        "dvar2": 8.56811904907,
        "max": 25.8708114624,
        "mean": 11.1329622269,
        "median": 10.3988180161,
        "min": 2.64846158028,
        "var": 17.1564254761
    },
    "barkbands_flatness_db": {
        "dmean": 0.01845023036,
        "dmean2": 0.0284218844026,
        "dvar": 0.000358005141607,
        "dvar2": 0.000726250291336,
        "max": 0.507831633091,
        "mean": 0.261635661125,
        "median": 0.261335968971,
        "min": 0.021128796041,
        "var": 0.00347015843727
    },
    "barkbands_kurtosis": {
        "dmean": 2.38660144806,
        "dmean2": 3.76087450981,
        "dvar": 42.4798583984,
        "dvar2": 114.998626709,
        "max": 277.805969238,
        "mean": 5.6171708107,
        "median": 2.88511705399,
        "min": -1.91680967808,
        "var": 149.623855591
    },
    "barkbands_skewness": {
        "dmean": 0.374172210693,
        "dmean2": 0.556242227554,
        "dvar": 0.201684400439,
        "dvar2": 0.471272051334,
        "max": 15.1900053024,
        "mean": 1.18463182449,
        "median": 1.16811990738,
        "min": -3.9138674736,
        "var": 1.5901722908
    },
    "barkbands_spread": {
        "dmean": 2.28039193153,
        "dmean2": 3.33367395401,
        "dvar": 26.8229007721,
        "dvar2": 45.2742347717,
        "max": 104.740104675,
        "mean": 9.82141876221,
        "median": 7.57071447372,
        "min": 0.421890884638,
        "var": 97.894821167
    },
    "dissonance": {
        "dmean": 0.0337397828698,
        "dmean2": 0.0567897595465,
        "dvar": 0.00100278947502,
        "dvar2": 0.00263741309755,
        "max": 0.5,
        "mean": 0.41000944376,
        "median": 0.417634516954,
        "min": 0.183827653527,
        "var": 0.0025351725053
    },
    "dynamic_complexity": 5.71702957153,
    "erbbands_crest": {
        "dmean": 2.46565437317,
        "dmean2": 3.73672986031,
        "dvar": 6.54864883423,
        "dvar2": 14.7156257629,
        "max": 33.0894775391,
        "mean": 13.6635074615,
        "median": 12.0470142365,
        "min": 3.03537011147,
        "var": 41.6024932861
    },
    "erbbands_flatness_db": {
        "dmean": 0.0157243087888,
        "dmean2": 0.0226045884192,
        "dvar": 0.000307839043671,
        "dvar2": 0.000572649936657,
        "max": 0.462865918875,
        "mean": 0.268446147442,
        "median": 0.26848256588,
        "min": 0.0709696933627,
        "var": 0.00354281673208
    },
    "erbbands_kurtosis": {
        "dmean": 1.7334022522,
        "dmean2": 2.62207555771,
        "dvar": 7.65125513077,
        "dvar2": 17.4505901337,
        "max": 77.6650390625,
        "mean": 3.93400168419,
        "median": 2.03024435043,
        "min": -1.83257460594,
        "var": 35.13048172
    },
    "erbbands_skewness": {
        "dmean": 0.345444351435,
        "dmean2": 0.513632595539,
        "dvar": 0.140704199672,
        "dvar2": 0.298558622599,
        "max": 6.74856567383,
        "mean": 0.953238248825,
        "median": 0.889401137829,
        "min": -4.25910377502,
        "var": 1.06790518761
    },
    "erbbands_spread": {
        "dmean": 4.4358663559,
        "dmean2": 6.5235915184,
        "dvar": 71.3188934326,
        "dvar2": 135.286270142,
        "max": 137.05619812,
        "mean": 19.7167682648,
        "median": 15.379281044,
        "min": 0.756911098957,
        "var": 296.042541504
    },
    "hfc": {
        "dmean": 2.65240335464,
        "dmean2": 3.53903102875,
        "dvar": 27.2452793121,
        "dvar2": 45.6246261597,
        "max": 181.12008667,
        "mean": 10.8723707199,
        "median": 4.62916517258,
        "min": 1.07803034632e-16,
        "var": 279.496765137
    },
    "melbands_crest": {
        "dmean": 2.25649595261,
        "dmean2": 3.52129244804,
        "dvar": 5.27991819382,
        "dvar2": 12.2257099152,
        "max": 32.5489044189,
        "mean": 14.1437320709,
        "median": 13.2645215988,
        "min": 1.55892050266,
        "var": 23.8603172302
    },
    "melbands_flatness_db": {
        "dmean": 0.0194365903735,
        "dmean2": 0.0274164713919,
        "dvar": 0.000565082475077,
        "dvar2": 0.00100311113056,
        "max": 0.628004968166,
        "mean": 0.327743798494,
        "median": 0.322840690613,
        "min": 0.00320568168536,
        "var": 0.00671949796379
    },
    "melbands_kurtosis": {
        "dmean": 3.74315476418,
        "dmean2": 5.85224676132,
        "dvar": 134.724502563,
        "dvar2": 299.693267822,
        "max": 729.356018066,
        "mean": 10.3262701035,
        "median": 4.51944923401,
        "min": -1.79974663258,
        "var": 1049.55639648
    },
    "melbands_skewness": {
        "dmean": 0.427511155605,
        "dmean2": 0.628623604774,
        "dvar": 0.293149024248,
        "dvar2": 0.629833877087,
        "max": 20.7285385132,
        "mean": 1.60571265221,
        "median": 1.44334709644,
        "min": -3.39881062508,
        "var": 2.5312526226
    },
    "melbands_spread": {
        "dmean": 2.53080534935,
        "dmean2": 3.73111104965,
        "dvar": 29.2934112549,
        "dvar2": 58.1913795471,
        "max": 160.397598267,
        "mean": 11.9512386322,
        "median": 10.103638649,
        "min": 0.334754884243,
        "var": 91.6558380127
    },
    "pitch_salience": {
        "dmean": 0.0491853356361,
        "dmean2": 0.0773376524448,
        "dvar": 0.00226449873298,
        "dvar2": 0.0054313573055,
        "max": 0.832027256489,
        "mean": 0.525223314762,
        "median": 0.526094555855,
        "min": 0.0983444899321,
        "var": 0.0108674829826
    },
    "silence_rate_20dB": {
        "dmean": 0,
        "dmean2": 0,
        "dvar": 0,
        "dvar2": 0,
        "max": 1,
        "mean": 1,
        "median": 1,
        "min": 1,
        "var": 0
    },
    "silence_rate_30dB": {
        "dmean": 0.00349040143192,
        "dmean2": 0.00698147946969,
        "dvar": 0.00347793055698,
        "dvar2": 0.00887100584805,
        "max": 1,
        "mean": 0.994667947292,
        "median": 1,
        "min": 0,
        "var": 0.00530301034451
    },
    "silence_rate_60dB": {
        "dmean": 0.0197789408267,
        "dmean2": 0.0395617187023,
        "dvar": 0.0193907916546,
        "dvar2": 0.0445848107338,
        "max": 1,
        "mean": 0.154532238841,
        "median": 0,
        "min": 0,
        "var": 0.130642235279
    },
    "spectral_centroid": {
        "dmean": 86.7763748169,
        "dmean2": 123.264686584,
        "dvar": 30509.1367188,
        "dvar2": 51254.8867188,
        "max": 11114.3984375,
        "mean": 643.594787598,
        "median": 562.262695312,
        "min": 119.326248169,
        "var": 137679.328125
    },
    "spectral_complexity": {
        "dmean": 1.33992636204,
        "dmean2": 2.11519432068,
        "dvar": 2.24574995041,
        "dvar2": 4.49582433701,
        "max": 46,
        "mean": 9.60843467712,
        "median": 9,
        "min": 0,
        "var": 21.3568534851
    },
    "spectral_decrease": {
        "dmean": 9.77379621681e-10,
        "dmean2": 1.3411337596e-09,
        "dvar": 2.74551936616e-18,
        "dvar2": 5.17191245199e-18,
        "max": -1.07387337953e-28,
        "mean": -4.53315385229e-09,
        "median": -2.9684792402e-09,
        "min": -3.7659823704e-08,
        "var": 2.22873922972e-17
    },
    "spectral_energy": {
        "dmean": 0.00390237639658,
        "dmean2": 0.00534566352144,
        "dvar": 4.4237684051e-05,
        "dvar2": 8.27335024951e-05,
        "max": 0.149197682738,
        "mean": 0.0180953033268,
        "median": 0.0116659672931,
        "min": 1.03143985935e-20,
        "var": 0.000368695473298
    },
    "spectral_energyband_high": {
        "dmean": 4.98116423842e-05,
        "dmean2": 7.08996958565e-05,
        "dvar": 4.04622717554e-08,
        "dvar2": 7.70219514834e-08,
        "max": 0.00500069698319,
        "mean": 9.29239104153e-05,
        "median": 1.45995900311e-05,
        "min": 7.39337908909e-21,
        "var": 9.78702985321e-08
    },
    "spectral_energyband_low": {
        "dmean": 0.000688627129421,
        "dmean2": 0.00104017998092,
        "dvar": 1.28112799302e-06,
        "dvar2": 2.90216667054e-06,
        "max": 0.0213638693094,
        "mean": 0.0035109797027,
        "median": 0.00305242533796,
        "min": 7.31592127857e-23,
        "var": 8.27928579383e-06
    },
    "spectral_energyband_middle_high": {
        "dmean": 0.001106113079,
        "dmean2": 0.00141963188071,
        "dvar": 1.08013346107e-05,
        "dvar2": 1.70001439983e-05,
        "max": 0.123140864074,
        "mean": 0.00406936276704,
        "median": 0.000644028245006,
        "min": 1.5299069946e-21,
        "var": 0.000130524262204
    },
    "spectral_energyband_middle_low": {
        "dmean": 0.00318441959098,
        "dmean2": 0.00445413216949,
        "dvar": 3.41631421179e-05,
        "dvar2": 6.76973431837e-05,
        "max": 0.134840354323,
        "mean": 0.0111261783168,
        "median": 0.00658659497276,
        "min": 2.11183958696e-22,
        "var": 0.0001662261202
    },
    "spectral_entropy": {
        "dmean": 0.161366358399,
        "dmean2": 0.233962312341,
        "dvar": 0.0413845218718,
        "dvar2": 0.0768213346601,
        "max": 9.80518245697,
        "mean": 6.46956968307,
        "median": 6.40977048874,
        "min": 5.02498817444,
        "var": 0.288006365299
    },
    "spectral_flux": {
        "dmean": 0.0157846193761,
        "dmean2": 0.0250288229436,
        "dvar": 0.000467975594802,
        "dvar2": 0.00111148378346,
        "max": 0.310474097729,
        "mean": 0.0436721742153,
        "median": 0.0326422192156,
        "min": 6.52344220309e-11,
        "var": 0.00142803927884
    },
    "spectral_kurtosis": {
        "dmean": 9.40557670593,
        "dmean2": 16.1455039978,
        "dvar": 163.011688232,
        "dvar2": 472.485565186,
        "max": 181.458572388,
        "mean": 22.3347148895,
        "median": 12.9523658752,
        "min": -1.56166934967,
        "var": 643.653137207
    },
    "spectral_rms": {
        "dmean": 0.000411266257288,
        "dmean2": 0.000559983716812,
        "dvar": 3.08426280071e-07,
        "dvar2": 5.23777089256e-07,
        "max": 0.0120647717267,
        "mean": 0.00367232575081,
        "median": 0.00337363779545,
        "min": 3.17219601281e-12,
        "var": 4.16800958192e-06
    },
    "spectral_rolloff": {
        "dmean": 159.601531982,
        "dmean2": 271.781402588,
        "dvar": 438358.0625,
        "dvar2": 863067.1875,
        "max": 18561.6210938,
        "mean": 791.378417969,
        "median": 624.462890625,
        "min": 43.06640625,
        "var": 996386.875
    },
    "spectral_skewness": {
        "dmean": 0.675117850304,
        "dmean2": 1.13084244728,
        "dvar": 0.558580100536,
        "dvar2": 1.60869562626,
        "max": 10.5140180588,
        "mean": 3.13447880745,
        "median": 2.79467082024,
        "min": -0.100054509938,
        "var": 2.39297914505
    },
    "spectral_spread": {
        "dmean": 440111.71875,
        "dmean2": 649944.1875,
        "dvar": 598497624064,
        "dvar2": 957689233408,
        "max": 42803844,
        "mean": 2762294.25,
        "median": 2407690.25,
        "min": 459491.15625,
        "var": 3.74588361933e+12
    },
    "spectral_strongpeak": {
        "dmean": 0.412927627563,
        "dmean2": 0.638121664524,
        "dvar": 0.522119879723,
        "dvar2": 1.03072309494,
        "max": 19.2328205109,
        "mean": 1.34668779373,
        "median": 0.553205668926,
        "min": 0,
        "var": 4.05558395386
    },
    "zerocrossingrate": {
        "dmean": 0.00497725885361,
        "dmean2": 0.00570280104876,
        "dvar": 0.000116351431643,
        "dvar2": 0.000139825773658,
        "max": 0.49658203125,
        "mean": 0.0315125770867,
        "median": 0.02685546875,
        "min": 0.00146484375,
        "var": 0.000638778554276
    },
    "barkbands": {
        "dmean": [2.01275852305e-05, 0.000374793395167, 0.000337125267833, 0.000209701131098, 0.000623620639089, 0.00116951623932, 0.000805705902167, 0.000614208867773, 0.000946086714976, 0.000606516958214, 0.000397346302634, 0.000131948996568, 0.000262960151304, 8.75302066561e-05, 0.00011112872744, 4.58950125903e-05, 3.30911716446e-05, 4.31777734775e-05, 2.54021233559e-05, 1.65073033713e-05, 4.75100250696e-06, 5.06533706357e-06, 1.41426407936e-05, 1.82446146937e-05, 7.76777596911e-06, 7.48762829517e-09, 7.33678007236e-10],
        "dmean2": [3.49102556356e-05, 0.000562167260796, 0.000504701863974, 0.000327435845975, 0.000950226269197, 0.00169244722929, 0.00118882197421, 0.00086801929865, 0.00126959860791, 0.00082260358613, 0.000534454360604, 0.000182592615602, 0.000328413239913, 0.000124048383441, 0.000162066629855, 6.43383536953e-05, 4.65564007754e-05, 6.50527945254e-05, 3.62687569577e-05, 2.41544130404e-05, 6.99478960087e-06, 7.83415180194e-06, 2.14654410229e-05, 2.63208403339e-05, 1.17880181278e-05, 1.18457599285e-08, 1.3603200788e-09],
        "dvar": [3.32568972361e-09, 3.93315303882e-07, 3.60744564887e-07, 1.27460708654e-07, 1.63592926583e-06, 7.44662702346e-06, 1.12702055048e-05, 4.45863088316e-06, 9.89905402093e-06, 5.84219969824e-06, 4.39132645624e-06, 5.87862075463e-07, 3.7655934193e-06, 1.65653972317e-07, 3.02226823123e-07, 6.60571757294e-08, 4.22619805818e-08, 3.39273285022e-08, 1.10763336281e-08, 4.07828126825e-09, 5.7915622298e-10, 6.43122666233e-10, 4.48978676459e-09, 8.58430038164e-09, 1.88613435981e-09, 1.78507704359e-15, 1.88172050186e-18],
        "dvar2": [9.70251701204e-09, 9.02222552668e-07, 8.27978283269e-07, 3.24291164588e-07, 3.73144848709e-06, 1.55387588165e-05, 2.64183436229e-05, 8.33724243421e-06, 1.73483822437e-05, 9.87513794826e-06, 7.36201764084e-06, 1.19488493056e-06, 4.42598093287e-06, 3.0942135254e-07, 5.92965307078e-07, 1.23034780586e-07, 7.35818446174e-08, 7.70788943782e-08, 2.14281516975e-08, 7.86600207192e-09, 1.15720710792e-09, 1.3725889314e-09, 9.47251432848e-09, 1.66740736773e-08, 4.10800371498e-09, 4.11889802932e-15, 6.02456154202e-18],
        "max": [0.00107428315096, 0.0144237224013, 0.0130596216768, 0.00744764506817, 0.0369683280587, 0.0755086243153, 0.104983821511, 0.0909649133682, 0.0925935059786, 0.090564891696, 0.106560528278, 0.0349011383951, 0.116970553994, 0.0211016498506, 0.0259964168072, 0.0136210657656, 0.0109032914042, 0.00705489423126, 0.00434476882219, 0.00296013057232, 0.00109281810001, 0.00111090752762, 0.00222328840755, 0.00244496739469, 0.00109743815847, 1.15511409149e-06, 2.53676848416e-08],
        "mean": [4.7174282372e-05, 0.0018349357415, 0.00124978052918, 0.000628060020972, 0.00161912082694, 0.00276489229873, 0.00169280159753, 0.00137544551399, 0.00236695376225, 0.00141695968341, 0.00127806433011, 0.000276530598057, 0.000792513717897, 0.000172016269062, 0.000177968104254, 7.76390515966e-05, 7.11408647476e-05, 8.43134621391e-05, 5.66943599551e-05, 3.22972191498e-05, 7.26061352907e-06, 7.46364912629e-06, 2.29553570534e-05, 3.06235378957e-05, 1.17304516607e-05, 9.69473745727e-09, 5.91934223859e-10],
        "median": [7.08027073415e-06, 0.00139322434552, 0.000720449839719, 0.0003653120948, 0.000884993351065, 0.000741449417546, 0.000516449101269, 0.00025750027271, 0.000277976912912, 0.000134544228786, 7.22114928067e-05, 3.96420145989e-05, 3.71152455045e-05, 2.41340148932e-05, 2.92171789624e-05, 1.04760902104e-05, 5.73721490582e-06, 9.21274840948e-06, 6.66134519633e-06, 4.53651318821e-06, 9.88415763459e-07, 5.03018952713e-07, 1.99077521756e-06, 1.55521013312e-06, 2.29068106705e-07, 5.61927060438e-10, 1.65107122418e-10],
        "min": [1.973691804e-23, 1.68783985083e-23, 2.42137904518e-23, 1.47662013465e-23, 2.57584274359e-23, 3.47765291099e-23, 1.49839332672e-23, 3.31019635793e-23, 7.50730461397e-23, 3.6204272685e-23, 9.03726878521e-23, 1.56898451327e-22, 1.23734107783e-22, 1.30269713098e-22, 7.1206851465e-23, 1.33901742301e-22, 1.07630351751e-22, 1.32168722178e-22, 1.96621889309e-22, 3.59022891574e-22, 4.04606404878e-22, 5.28724012657e-22, 6.3618145872e-22, 8.20836807723e-22, 9.91904362112e-22, 1.39496507924e-21, 2.19165946161e-21],
        "var": [8.39022984422e-09, 3.03003844238e-06, 2.12316581383e-06, 5.63166679513e-07, 5.57873681828e-06, 2.39844430325e-05, 1.86713605217e-05, 1.46727088577e-05, 5.13260420121e-05, 3.25357505062e-05, 3.91903849959e-05, 1.89379568383e-06, 4.12033587054e-05, 6.93436561505e-07, 5.5331116755e-07, 1.75891344156e-07, 2.03193508241e-07, 1.05425606023e-07, 5.54016210685e-08, 1.40394735837e-08, 9.74946234855e-10, 1.0005882789e-09, 7.67741870078e-09, 2.12432045288e-08, 3.87639653709e-09, 2.9748104157e-15, 1.46017096033e-18]
    },
    "erbbands": {
        "dmean": [0.00628336565569, 0.101030372083, 0.35899528861, 0.542003154755, 0.913343548775, 2.33548688889, 5.31090021133, 12.0528974533, 10.8183851242, 12.1264734268, 13.0904455185, 21.8014850616, 22.08452034, 14.8543682098, 10.6761293411, 4.75565624237, 11.6961450577, 6.81101226807, 4.60255765915, 4.62567234039, 2.57225799561, 1.51230990887, 2.29567265511, 1.77542340755, 0.916234076023, 0.756336987019, 0.310994267464, 0.14678645134, 0.128253445029, 0.402583539486, 0.379666090012, 0.407053619623, 0.287392616272, 0.153979420662, 0.0134564749897, 0.000579352315981, 2.73776113318e-05, 3.56084592568e-06, 2.39568839788e-06, 4.54875589639e-06],
        "dmean2": [0.00930997356772, 0.152706742287, 0.547650694847, 0.823210775852, 1.41698122025, 3.55888962746, 8.0004901886, 17.1395015717, 15.7573242188, 17.6811637878, 17.9959926605, 29.0769386292, 29.4507961273, 19.6526470184, 13.8247041702, 6.0690369606, 15.0435810089, 8.84047317505, 6.67834663391, 6.61093759537, 3.43391418457, 2.07746958733, 3.3076479435, 2.59325504303, 1.28547406197, 1.09018516541, 0.454514175653, 0.214736625552, 0.192884206772, 0.615538656712, 0.577607929707, 0.605413615704, 0.416280865669, 0.229464486241, 0.0206684339792, 0.000886111112777, 4.07570660172e-05, 5.25899713466e-06, 3.32687181981e-06, 6.25021857559e-06],
        "dvar": [0.000214662897633, 0.0266236364841, 0.399716675282, 0.775101065636, 3.25753498077, 28.8835372925, 147.030197144, 988.307739258, 1510.08227539, 2765.59033203, 1914.46264648, 5454.39501953, 5910.10302734, 5475.37304688, 2185.08935547, 603.364624023, 8367.28417969, 1227.58068848, 375.948120117, 837.861450195, 182.427841187, 72.2954025269, 88.4592971802, 81.5812835693, 15.4521799088, 8.20837879181, 1.85326731205, 0.716303229332, 0.502931416035, 3.2394118309, 3.36234807968, 4.19475317001, 2.35694003105, 0.730924248695, 0.00699139991775, 1.2552224689e-05, 2.14829434242e-08, 2.57984439367e-10, 1.96770672672e-11, 5.8893036281e-11],
        "dvar2": [0.00044547917787, 0.062878601253, 0.950886011124, 1.82945919037, 7.73750305176, 67.3868255615, 314.795898438, 1997.63061523, 3526.38330078, 6232.48193359, 3396.12133789, 9729.19921875, 10391.5859375, 9620.60058594, 3789.74536133, 936.556396484, 11639.1162109, 1612.77819824, 701.125061035, 1714.88098145, 352.610870361, 135.708297729, 176.362411499, 199.337539673, 29.3918952942, 15.4769544601, 3.90331935883, 1.45585417747, 0.996031343937, 6.98159790039, 7.15958452225, 8.60817623138, 4.58089828491, 1.5351446867, 0.0163446534425, 2.89705094474e-05, 4.64647520459e-08, 5.26464150052e-10, 3.98656836709e-11, 1.10698485101e-10],
        "max": [0.395509809256, 3.29894709587, 13.3614902496, 24.473657608, 60.0107879639, 175.846282959, 232.092712402, 970.050476074, 1106.4519043, 2188.98193359, 1455.46130371, 2632.01245117, 3626.11694336, 4292.68847656, 3102.20507812, 1808.94348145, 5584.56005859, 2223.54345703, 931.236572266, 1371.00280762, 739.568359375, 407.918762207, 386.161315918, 552.972106934, 192.347747803, 80.408706665, 53.6774978638, 36.2100868225, 25.5534667969, 73.0137710571, 70.1440048218, 56.3392181396, 40.5874595642, 20.8201141357, 1.92438030243, 0.0799423828721, 0.00336944591254, 0.000382240046747, 8.4465224063e-05, 0.000170547806192],
        "mean": [0.0425665080547, 0.4486784935, 1.42268061638, 1.9447261095, 2.56119775772, 5.65307331085, 12.551861763, 27.8719520569, 25.8282165527, 25.9284629822, 30.3480300903, 57.2310333252, 55.0936546326, 47.3827400208, 38.3224830627, 13.1162948608, 34.1879730225, 16.6691894531, 8.70810508728, 7.76707839966, 5.34843015671, 3.47473788261, 4.65729808807, 3.84140014648, 2.11848783493, 1.45445501804, 0.538793206215, 0.21576102078, 0.205249294639, 0.614196360111, 0.613217830658, 0.648698806763, 0.480953574181, 0.241989672184, 0.0198226775974, 0.000875442347024, 4.9166228564e-05, 7.10372160029e-06, 1.01477853605e-05, 2.10385405808e-05],
        "median": [0.0210328921676, 0.345922887325, 0.96589076519, 1.34303379059, 1.52915167809, 2.82658624649, 4.93103027344, 6.58292579651, 8.44214916229, 7.99964904785, 6.50419569016, 7.95991277695, 7.95195150375, 4.28226423264, 2.79205822945, 1.90688514709, 2.09602189064, 2.07480120659, 1.70345473289, 1.20918893814, 0.652035593987, 0.385859131813, 0.518722355366, 0.478193491697, 0.261404693127, 0.208702325821, 0.114189893007, 0.0224230028689, 0.0169659201056, 0.0486386008561, 0.0560443550348, 0.0405440591276, 0.0179386883974, 0.00594715960324, 0.000437006237917, 3.38563804689e-05, 7.27805036149e-06, 1.41403711496e-06, 6.06704816164e-06, 1.34726669785e-05],
        "min": [3.75545400219e-22, 4.63304870833e-21, 2.20320331635e-20, 5.22763122173e-20, 3.27379604132e-20, 1.10579985828e-19, 1.73552211886e-19, 3.03835071218e-19, 2.69315480088e-19, 2.97372050598e-19, 7.18074662577e-19, 1.54591619244e-18, 1.36129423601e-18, 2.65756152931e-18, 4.09760997708e-18, 5.34033221497e-18, 5.91755456284e-18, 7.20143193134e-18, 3.69562377402e-18, 6.09212482727e-18, 7.26864449202e-18, 7.05565375609e-18, 6.92780223907e-18, 1.04075624789e-17, 1.37134046862e-17, 1.68478228106e-17, 1.75616581725e-17, 1.55434367396e-17, 1.65058431843e-17, 1.94808727036e-17, 1.87967695216e-17, 1.93076064894e-17, 1.1756556746e-17, 1.05165666857e-17, 8.0569682953e-18, 4.73317378714e-18, 2.64173404868e-18, 1.18467628597e-18, 3.22122018309e-19, 3.08765616969e-20],
        "var": [0.00256761815399, 0.178321421146, 2.18718552589, 4.10693836212, 11.2840871811, 82.7696456909, 495.123840332, 3072.90356445, 2919.26220703, 5174.07080078, 6974.60546875, 30960.8359375, 35221.6835938, 58635.2226562, 33815.6328125, 3717.48681641, 74704.953125, 8237.26074219, 1042.63061523, 1506.94641113, 649.60369873, 321.64175415, 320.088806152, 241.521865845, 69.0033493042, 25.7072048187, 3.30706763268, 1.12305033207, 0.871560513973, 5.21305513382, 5.75833415985, 8.5153875351, 5.99113559723, 1.58886802197, 0.0121378973126, 2.24144969252e-05, 4.58134934433e-08, 6.31772856252e-10, 1.26189614313e-10, 5.07246633585e-10]
    },
    "gfcc": {
        "mean": [-137.709655762, 187.547332764, -122.16746521, 16.2814464569, -61.1158676147, 5.15046215057, -27.5144081116, -1.17388391495, -2.89819645882, -19.485742569, 10.925909996, -23.2282180786, 1.44076263905],
        "cov": [[14575.59375, -2180.45288086, -1750.74169922, 1097.87963867, -1456.84448242, 713.106628418, -853.942504883, 549.29510498, 95.0132293701, -279.55267334, 557.748962402, -86.8365478516, 427.628326416], [-2180.45288086, 1818.37097168, -172.159011841, -727.713745117, 895.026367188, -610.642456055, 503.954528809, -301.169219971, 76.6523208618, 36.4647521973, -78.3083343506, 19.997592926, -174.047103882], [-1750.74169922, -172.159011841, 1049.29150391, 190.323623657, -194.441299438, 333.75592041, -78.8475952148, 46.3120880127, -0.638454973698, 25.1083469391, -13.6594982147, -0.395032435656, 41.3911628723], [1097.87963867, -727.713745117, 190.323623657, 707.595336914, -338.215423584, 242.872680664, -168.165618896, 87.3473510742, 58.7658157349, -29.7193317413, 25.7788619995, 5.02753257751, 102.750427246], [-1456.84448242, 895.026367188, -194.441299438, -338.215423584, 805.52154541, -352.531738281, 271.688568115, -109.971496582, 8.78497028351, 95.2772903442, -82.7894744873, 40.9932441711, -109.079917908], [713.106628418, -610.642456055, 333.75592041, 242.872680664, -352.531738281, 512.164550781, -149.562820435, 123.603645325, -11.7965717316, -19.9514656067, 101.380912781, -26.3270378113, 70.6219711304], [-853.942504883, 503.954528809, -78.8475952148, -168.165618896, 271.688568115, -149.562820435, 402.292266846, -108.083488464, -2.82575416565, 40.3861808777, -27.2481002808, -0.079784296453, -98.5626754761], [549.29510498, -301.169219971, 46.3120880127, 87.3473510742, -109.971496582, 123.603645325, -108.083488464, 196.936019897, -9.11424541473, -6.91552209854, 43.2029190063, -13.8282308578, 60.0989265442], [95.0132293701, 76.6523208618, -0.638454973698, 58.7658157349, 8.78497028351, -11.7965717316, -2.82575416565, -9.11424541473, 172.180221558, -33.7614936829, -2.19987535477, 38.6329650879, -23.5629310608], [-279.55267334, 36.4647521973, 25.1083469391, -29.7193317413, 95.2772903442, -19.9514656067, 40.3861808777, -6.91552209854, -33.7614936829, 138.065887451, -16.6295032501, -16.3803386688, -2.87209010124], [557.748962402, -78.3083343506, -13.6594982147, 25.7788619995, -82.7894744873, 101.380912781, -27.2481002808, 43.2029190063, -2.19987535477, -16.6295032501, 160.619720459, -12.3001794815, 21.67628479], [-86.8365478516, 19.997592926, -0.395032435656, 5.02753257751, 40.9932441711, -26.3270378113, -0.079784296453, -13.8282308578, 38.6329650879, -16.3803386688, -12.3001794815, 109.772964478, 8.12967014313], [427.628326416, -174.047103882, 41.3911628723, 102.750427246, -109.079917908, 70.6219711304, -98.5626754761, 60.0989265442, -23.5629310608, -2.87209010124, 21.67628479, 8.12967014313, 136.85848999]],
        "icov": [[0.000238854656345, -0.000429158564657, 0.000716835609637, -0.000465577992145, 0.000489728117827, -0.000518186192494, 0.000351835828042, -0.000472892279504, 0.000145325218909, -0.0001780281018, -0.000168694125023, -0.000173369015101, 1.77187539521e-05], [-0.000429158564657, 0.00571396341547, -0.00276291673072, 0.00373783684336, -0.00401493022218, 0.00373664544895, -0.00294100027531, 0.00412576599047, -0.00355630554259, 0.00251963268965, -0.00176549551543, 0.0029944726266, -0.00287877209485], [0.000716835609637, -0.00276291673072, 0.00388681981713, -0.00232130615041, 0.00238527846523, -0.00342185469344, 0.00172089622356, -0.00221111229621, 0.00135880871676, -0.00151186343282, 0.000775901949964, -0.00147844303865, 0.000858112238348], [-0.000465577992145, 0.00373783684336, -0.00232130615041, 0.00470435572788, -0.00224617146887, 0.00215090042911, -0.00195782328956, 0.0027621188201, -0.00316974031739, 0.00141165405512, -0.00049189775018, 0.00189885578584, -0.00269569829106], [0.000489728117827, -0.00401493022218, 0.00238527846523, -0.00224617146887, 0.00546569190919, -0.00176643428858, 0.00131477182731, -0.00335723138414, 0.00211335276254, -0.00308770057745, 0.00113881577272, -0.00290433643386, 0.00230903713964], [-0.000518186192494, 0.00373664544895, -0.00342185469344, 0.00215090042911, -0.00176643428858, 0.00696913804859, -0.00198855041526, 0.00166121567599, -0.00190841266885, 0.0013646078296, -0.0026534977369, 0.0020171366632, -0.00137403281406], [0.000351835828042, -0.00294100027531, 0.00172089622356, -0.00195782328956, 0.00131477182731, -0.00198855041526, 0.00543482974172, -0.00106184673496, 0.00199123541825, -0.00165445369203, 0.000309041235596, -0.00131568941288, 0.00290162744932], [-0.000472892279504, 0.00412576599047, -0.00221111229621, 0.0027621188201, -0.00335723138414, 0.00166121567599, -0.00106184673496, 0.0101862493902, -0.00256579648703, 0.00175049516838, -0.00180222606286, 0.00291392672807, -0.00374407460913], [0.000145325218909, -0.00355630554259, 0.00135880871676, -0.00316974031739, 0.00211335276254, -0.00190841266885, 0.00199123541825, -0.00256579648703, 0.00953344348818, -0.000110342443804, 0.000970129622146, -0.00421179970726, 0.00395761802793], [-0.0001780281018, 0.00251963268965, -0.00151186343282, 0.00141165405512, -0.00308770057745, 0.0013646078296, -0.00165445369203, 0.00175049516838, -0.000110342443804, 0.0099175600335, -0.00022710984922, 0.00266375066712, -0.00190051551908], [-0.000168694125023, -0.00176549551543, 0.000775901949964, -0.00049189775018, 0.00113881577272, -0.0026534977369, 0.000309041235596, -0.00180222606286, 0.000970129622146, -0.00022710984922, 0.0087772635743, -0.000504514551722, 0.000509468314704], [-0.000173369015101, 0.0029944726266, -0.00147844303865, 0.00189885578584, -0.00290433643386, 0.0020171366632, -0.00131568941288, 0.00291392672807, -0.00421179970726, 0.00266375066712, -0.000504514551722, 0.0123542519286, -0.00353466905653], [1.77187539521e-05, -0.00287877209485, 0.000858112238348, -0.00269569829106, 0.00230903713964, -0.00137403281406, 0.00290162744932, -0.00374407460913, 0.00395761802793, -0.00190051551908, 0.000509468314704, -0.00353466905653, 0.0124087836593]]
    },
    "melbands": {
        "dmean": [7.90475169197e-05, 0.000167449194123, 9.70665059867e-05, 0.000106473220512, 0.00017060546088, 0.000252466474194, 0.000167436155607, 0.000134362373501, 0.000108437066956, 0.00014566462778, 0.000111608489533, 6.05067180004e-05, 4.04431302741e-05, 1.72179279616e-05, 1.4160597857e-05, 3.33338175551e-05, 1.09536049422e-05, 7.71502891439e-06, 8.77100410435e-06, 3.92181527786e-06, 3.22391520058e-06, 1.96223209059e-06, 1.42069416142e-06, 2.33459377341e-06, 1.55322857154e-06, 9.12539917408e-07, 6.27933616215e-07, 5.03152477904e-07, 2.4950421107e-07, 9.8763983658e-08, 8.69437641882e-08, 6.66685977535e-08, 1.15991589666e-07, 2.76625456763e-07, 2.27094076877e-07, 2.40945354335e-07, 2.64751548684e-07, 2.27564768807e-07, 1.71380733605e-07, 1.21314798207e-07],
        "dmean2": [0.000116589711979, 0.00025589010329, 0.000148742605234, 0.000161826712429, 0.000256438419456, 0.000360692647519, 0.000246221810812, 0.000196592634893, 0.000149217157741, 0.000194454318262, 0.000148285980686, 7.99205154181e-05, 5.16894906468e-05, 2.33109094552e-05, 1.81869272637e-05, 4.2916253733e-05, 1.48168674059e-05, 1.12215284389e-05, 1.28161718749e-05, 5.4561601246e-06, 4.39484256276e-06, 2.70826444648e-06, 2.03981039704e-06, 3.48265075445e-06, 2.32143520407e-06, 1.30782007091e-06, 9.09644256808e-07, 7.40936854982e-07, 3.74260139324e-07, 1.49091050616e-07, 1.31594006803e-07, 1.01487735549e-07, 1.81277272304e-07, 4.24877896421e-07, 3.52760025635e-07, 3.64173132539e-07, 3.97437787569e-07, 3.31785173557e-07, 2.56906901086e-07, 1.84919315416e-07],
        "dvar": [2.09717327948e-08, 7.74669430825e-08, 2.24582858976e-08, 5.22297156635e-08, 1.36130850592e-07, 4.0047777361e-07, 3.77705617893e-07, 2.81395216462e-07, 1.5084668803e-07, 2.38889072079e-07, 1.53116062052e-07, 8.8594831027e-08, 3.55584397482e-08, 7.53350182237e-09, 1.19406307064e-08, 7.15015389119e-08, 2.89453061519e-09, 1.36444666676e-09, 2.70863531604e-09, 5.38902145131e-10, 2.86844104025e-10, 1.55890647613e-10, 3.39724151588e-11, 1.21919307983e-10, 7.04046404509e-11, 2.11098083458e-11, 8.35961248141e-12, 3.66201860502e-12, 1.15477657818e-12, 2.88424178204e-13, 2.74648603556e-13, 1.60588285291e-13, 3.25973541779e-13, 1.56231570649e-12, 1.23734074202e-12, 1.43909797273e-12, 2.00220612659e-12, 1.59857511343e-12, 8.75789891996e-13, 5.22458324433e-13],
        "dvar2": [4.56472193378e-08, 1.85057956514e-07, 5.40832587603e-08, 1.22613457165e-07, 2.92095762688e-07, 8.2127735368e-07, 8.79567210177e-07, 6.04642536928e-07, 2.73928378647e-07, 4.1584939936e-07, 2.64158984464e-07, 1.54484908421e-07, 5.58481936253e-08, 1.47298555575e-08, 1.63265045927e-08, 8.67939888849e-08, 4.86263429522e-09, 2.52581000559e-09, 5.76483438763e-09, 9.68677471569e-10, 5.22175414019e-10, 2.69537198117e-10, 6.25118429243e-11, 2.61343113817e-10, 1.74467940095e-10, 4.76618917944e-11, 1.48603039596e-11, 7.33863837754e-12, 2.52760637941e-12, 6.22914155153e-13, 5.81751335473e-13, 3.43455732604e-13, 6.88758945711e-13, 3.43957566422e-12, 2.79550124369e-12, 3.03761464766e-12, 4.22528982288e-12, 3.18281989306e-12, 1.88074642665e-12, 1.15287521283e-12],
        "max": [0.00402169022709, 0.00524905184284, 0.00353105529211, 0.00601313170046, 0.00689264573157, 0.0186599288136, 0.0167756788433, 0.019840316847, 0.0127706453204, 0.0180431865156, 0.0177453588694, 0.0161273740232, 0.0087409960106, 0.00436277268454, 0.00761825870723, 0.0155722927302, 0.0030465440359, 0.00209426111542, 0.00255276076496, 0.00126692128833, 0.000699469237588, 0.000620058155619, 0.000228398756008, 0.000458010676084, 0.000489967642352, 0.000191854822333, 0.000198414403712, 5.18643464602e-05, 4.01045181206e-05, 2.45040664595e-05, 2.13534622162e-05, 1.40480988193e-05, 2.31433659792e-05, 5.04869130964e-05, 4.17782248405e-05, 4.02492660214e-05, 4.9414451496e-05, 3.62782593584e-05, 2.63737201749e-05, 1.60844683705e-05],
        "mean": [0.000444991659606, 0.000712768349331, 0.000346599816112, 0.000276607141132, 0.000419260206399, 0.000597511883825, 0.000388795946492, 0.000289803458145, 0.000238253705902, 0.000383990933187, 0.000265575683443, 0.000183253956493, 0.000132847024361, 5.42857851542e-05, 2.84235720756e-05, 9.84759317362e-05, 2.08471883525e-05, 1.3038527868e-05, 1.38443629112e-05, 6.50867605145e-06, 6.52585549688e-06, 4.06420667787e-06, 3.0892435916e-06, 4.18476292907e-06, 3.08557287099e-06, 1.83225347428e-06, 1.31057254293e-06, 8.64138598899e-07, 4.01931060878e-07, 1.49312199937e-07, 1.13125331325e-07, 9.91198518818e-08, 1.70827348711e-07, 4.16250230728e-07, 3.5088564232e-07, 3.61981221886e-07, 4.1119449179e-07, 3.64327348734e-07, 2.73501200354e-07, 1.78299686127e-07],
        "median": [0.000309774186462, 0.000562707311474, 0.000263763708062, 0.0001516356715, 0.000176857836777, 0.000154127090354, 0.000124412457808, 7.79900001362e-05, 3.96578470827e-05, 4.59647853859e-05, 3.38121899404e-05, 1.3466134078e-05, 8.34004822536e-06, 5.78247545491e-06, 3.04449577015e-06, 4.24640802521e-06, 2.78971356238e-06, 2.11858946386e-06, 2.09739300772e-06, 9.19142507882e-07, 6.06260698532e-07, 3.24425712961e-07, 3.55007216513e-07, 4.39745832637e-07, 3.3407101796e-07, 1.88227886611e-07, 1.36672682061e-07, 1.25637342308e-07, 8.24026002988e-08, 1.7484863335e-08, 5.72946667887e-09, 5.22166132555e-09, 1.1349806428e-08, 2.76292269064e-08, 2.85848393844e-08, 2.71937352636e-08, 1.67339315738e-08, 9.08446118331e-09, 8.42657765787e-09, 3.04987790578e-09],
        "min": [5.13544268336e-24, 1.08563558425e-23, 8.27096204436e-24, 4.44013713162e-24, 6.78458638244e-24, 7.15149900009e-24, 3.82740559514e-24, 3.84856284462e-24, 5.16798004026e-24, 1.1705836764e-23, 6.59692860043e-24, 1.00763735667e-23, 1.20832948742e-23, 1.35019081732e-23, 1.28447460184e-23, 1.29729296046e-23, 1.36699418569e-23, 5.9546017638e-24, 7.09765608787e-24, 7.90394293049e-24, 8.82430063772e-24, 6.3554641938e-24, 7.07911706773e-24, 6.25065889495e-24, 7.79620267463e-24, 8.3591014733e-24, 1.45042727047e-23, 1.10105615834e-23, 1.00017623135e-23, 1.08615189371e-23, 8.10958319126e-24, 8.96255482225e-24, 1.13324452317e-23, 1.04211184041e-23, 1.00749118075e-23, 1.08710720427e-23, 1.12528641547e-23, 8.50298970241e-24, 6.78505417696e-24, 9.65420439812e-24],
        "var": [1.9619508862e-07, 4.21724791977e-07, 1.05867044908e-07, 1.54599476332e-07, 4.96355482937e-07, 1.27150246954e-06, 7.04051501543e-07, 6.27282815913e-07, 5.47763988834e-07, 1.44661078139e-06, 8.84470409801e-07, 9.10041933366e-07, 3.71492006934e-07, 6.70917330581e-08, 4.13066345573e-08, 6.93687184139e-07, 1.05003330475e-08, 3.97627086812e-09, 4.56603332921e-09, 1.29107280422e-09, 1.22711518724e-09, 6.26912688428e-10, 1.73087155719e-10, 3.24004711949e-10, 1.86710133465e-10, 6.79698311523e-11, 3.45469486351e-11, 9.44491446858e-12, 1.92080748009e-12, 4.69812069023e-13, 3.95295612649e-13, 2.55358885079e-13, 5.16736393258e-13, 2.44830869987e-12, 1.9693448261e-12, 2.34952291997e-12, 4.06961747287e-12, 3.82755849584e-12, 1.91571107935e-12, 9.75570535813e-13]
    },
    "mfcc": {
        "mean": [-761.83581543, 188.268280029, 14.9257802963, 5.41174554825, 5.57113409042, -8.21411705017, 0.184393659234, 4.70450973511, -10.03358078, 14.3812923431, -3.47558403015, -2.46230864525, -0.0367044247687],
        "cov": [[9250.69335938, -371.795654297, -997.94329834, 35.7608108521, -3.45044970512, -507.233459473, -209.575164795, 273.940612793, -425.285736084, 386.352203369, -308.94732666, -139.979232788, 116.997596741], [-371.795654297, 1759.31958008, -548.595031738, -38.972278595, 27.1792373657, -13.5565452576, 92.2247467041, -58.8870697021, -8.74436473846, -49.8286705017, 99.9917449951, 30.188911438, 11.6423196793], [-997.94329834, -548.595031738, 1030.65002441, -87.4916305542, -13.0310459137, 163.809036255, -46.2868080139, 48.1062469482, 5.63585090637, 54.7167739868, -40.4057121277, -12.5480766296, -4.70496892929], [35.7608108521, -38.972278595, -87.4916305542, 350.983917236, 38.6969451904, 8.54051303864, 2.33490109444, 3.7154750824, 42.299823761, 3.80644416809, -3.24695920944, 4.03714799881, 1.06801986694], [-3.45044970512, 27.1792373657, -13.0310459137, 38.6969451904, 299.218200684, -27.9273891449, -26.4711589813, 11.1928110123, 44.8859405518, -34.6846885681, 0.53228354454, 43.9755477905, -0.804698944092], [-507.233459473, -13.5565452576, 163.809036255, 8.54051303864, -27.9273891449, 253.496124268, 30.1015739441, 16.0793952942, 25.8764019012, 3.29383349419, 60.9513206482, -12.9829111099, -17.5431156158], [-209.575164795, 92.2247467041, -46.2868080139, 2.33490109444, -26.4711589813, 30.1015739441, 265.833129883, -46.4543991089, 23.426486969, 18.0360889435, 21.9409675598, 16.0176467896, 25.6251239777], [273.940612793, -58.8870697021, 48.1062469482, 3.7154750824, 11.1928110123, 16.0793952942, -46.4543991089, 201.98109436, -60.4704399109, 71.0372314453, -10.5734100342, -38.662776947, 32.6260986328], [-425.285736084, -8.74436473846, 5.63585090637, 42.299823761, 44.8859405518, 25.8764019012, 23.426486969, -60.4704399109, 204.664489746, -97.7453384399, 25.0247764587, 45.4784812927, -34.922290802], [386.352203369, -49.8286705017, 54.7167739868, 3.80644416809, -34.6846885681, 3.29383349419, 18.0360889435, 71.0372314453, -97.7453384399, 218.585037231, -19.3403930664, -36.3805618286, 33.611240387], [-308.94732666, 99.9917449951, -40.4057121277, -3.24695920944, 0.53228354454, 60.9513206482, 21.9409675598, -10.5734100342, 25.0247764587, -19.3403930664, 148.041687012, 4.1581864357, -11.5870218277], [-139.979232788, 30.188911438, -12.5480766296, 4.03714799881, 43.9755477905, -12.9829111099, 16.0176467896, -38.662776947, 45.4784812927, -36.3805618286, 4.1581864357, 118.850761414, 0.393335074186], [116.997596741, 11.6423196793, -4.70496892929, 1.06801986694, -0.804698944092, -17.5431156158, 25.6251239777, 32.6260986328, -34.922290802, 33.611240387, -11.5870218277, 0.393335074186, 109.713699341]],
