{
"lowlevel": {
    "average_loudness": 0.944779634476,
    "barkbands_crest": {
        "dmean": 1.45228147507,
        "dmean2": 2.35173892975,
        "dvar": 2.00074577332,
        "dvar2": 5.51397752762,
        "max": 21.6594924927,
        "mean": 10.6388998032,
        "median": 10.2662057877,
        "min": 4.4197101593,
        "var": 10.5862569809
    },
    "barkbands_flatness_db": {
        "dmean": 0.0142749650404,
        "dmean2": 0.0236841347069,
        "dvar": 0.000138439703733,
        "dvar2": 0.000386806757888,
        "max": 0.347667753696,
        "mean": 0.246541067958,
        "median": 0.247657909989,
        "min": 0.0843085572124,
        "var": 0.00109472637996
    },
    "barkbands_kurtosis": {
        "dmean": 1.70884776115,
        "dmean2": 2.70866394043,
        "dvar": 5.40181970596,
        "dvar2": 14.3899564743,
        "max": 33.5084457397,
        "mean": 5.0495891571,
        "median": 3.54265403748,
        "min": -1.22906196117,
        "var": 30.4720306396
    },
    "barkbands_skewness": {
        "dmean": 0.296758383512,
        "dmean2": 0.459918320179,
        "dvar": 0.0912753939629,
        "dvar2": 0.229129806161,
        "max": 4.96088695526,
        "mean": 1.63679873943,
        "median": 1.53085494041,
        "min": -0.452585250139,
        "var": 0.830755352974
    },
    "barkbands_spread": {
        "dmean": 1.32395613194,
        "dmean2": 2.10956573486,
        "dvar": 1.78627490997,
        "dvar2": 4.89906167984,
        "max": 25.1188869476,
        "mean": 8.96722507477,
        "median": 8.67087459564,
        "min": 2.16724610329,
        "var": 13.9273672104
    },
    "dissonance": {
        "dmean": 0.0247814822942,
        "dmean2": 0.041377838701,
        "dvar": 0.000430251733633,
        "dvar2": 0.00115312007256,
        "max": 0.494507759809,
        "mean": 0.421482741833,
        "median": 0.426059156656,
        "min": 0.272435456514,
        "var": 0.00124234438408
    },
    "dynamic_complexity": 1.79419147968,
    "erbbands_crest": {
        "dmean": 1.93808627129,
        "dmean2": 2.87930321693,
        "dvar": 3.07409906387,
        "dvar2": 6.56272029877,
        "max": 27.4063034058,
        "mean": 11.7860574722,
        "median": 10.9471035004,
        "min": 3.7945959568,
        "var": 21.1638584137
    },
    "erbbands_flatness_db": {
        "dmean": 0.0082276975736,
        "dmean2": 0.0123339006677,
        "dvar": 5.85287307331e-05,
        "dvar2": 0.000111120432848,
        "max": 0.321575701237,
        "mean": 0.260393947363,
        "median": 0.262762248516,
        "min": 0.15206618607,
        "var": 0.000714247929864
    },
    "erbbands_kurtosis": {
        "dmean": 0.621841013432,
        "dmean2": 0.964555501938,
        "dvar": 0.59299403429,
        "dvar2": 1.36277854443,
        "max": 10.9467258453,
        "mean": 0.762079596519,
        "median": 0.222505331039,
        "min": -1.3940513134,
        "var": 2.70865869522
    },
    "erbbands_skewness": {
        "dmean": 0.235175192356,
        "dmean2": 0.354085922241,
        "dvar": 0.0471216924489,
        "dvar2": 0.107287161052,
        "max": 3.19656991959,
        "mean": 0.657844543457,
        "median": 0.584545373917,
        "min": -1.27527987957,
        "var": 0.510554850101
    },
    "erbbands_spread": {
        "dmean": 2.66303133965,
        "dmean2": 4.00215291977,
        "dvar": 6.02809810638,
        "dvar2": 13.9164867401,
        "max": 70.3119735718,
        "mean": 22.8317661285,
        "median": 21.8797855377,
        "min": 8.1852722168,
        "var": 61.7143630981
    },
    "hfc": {
        "dmean": 2.10104417801,
        "dmean2": 2.9375576973,
        "dvar": 5.3114733696,
        "dvar2": 9.48746395111,
        "max": 56.2892227173,
        "mean": 16.1361598969,
        "median": 14.132806778,
        "min": 0.000365683052223,
        "var": 100.810806274
    },
    "melbands_crest": {
        "dmean": 2.13722777367,
        "dmean2": 3.58757543564,
        "dvar": 4.24341726303,
        "dvar2": 12.6499061584,
        "max": 28.5473537445,
        "mean": 14.2261762619,
        "median": 13.2696237564,
        "min": 4.96401119232,
        "var": 25.2558517456
    },
    "melbands_flatness_db": {
        "dmean": 0.0122963879257,
        "dmean2": 0.0194090213627,
        "dvar": 0.000131398410304,
        "dvar2": 0.000345968117472,
        "max": 0.437332004309,
        "mean": 0.306872844696,
        "median": 0.31134852767,
        "min": 0.17069722712,
        "var": 0.00213732453994
    },
    "melbands_kurtosis": {
        "dmean": 2.78978252411,
        "dmean2": 4.35176801682,
        "dvar": 16.6589221954,
        "dvar2": 44.7328491211,
        "max": 65.6930160522,
        "mean": 9.48025798798,
        "median": 7.02668762207,
        "min": -1.10881865025,
        "var": 89.8953781128
    },
    "melbands_skewness": {
        "dmean": 0.344140648842,
        "dmean2": 0.53061324358,
        "dvar": 0.131528392434,
        "dvar2": 0.325017780066,
        "max": 6.7324256897,
        "mean": 2.16600608826,
        "median": 1.981123209,
        "min": -0.0160361398011,
        "var": 1.16197192669
    },
    "melbands_spread": {
        "dmean": 1.63774204254,
        "dmean2": 2.53113746643,
        "dvar": 3.12958884239,
        "dvar2": 7.88160705566,
        "max": 39.0487670898,
        "mean": 10.8118362427,
        "median": 9.5333070755,
        "min": 2.20356988907,
        "var": 34.6467628479
    },
    "pitch_salience": {
        "dmean": 0.0438124351203,
        "dmean2": 0.0693863630295,
        "dvar": 0.0014499129029,
        "dvar2": 0.00371510046534,
        "max": 0.797936797142,
        "mean": 0.543798267841,
        "median": 0.548973619938,
        "min": 0.250775009394,
        "var": 0.010615834035
    },
    "silence_rate_20dB": {
        "dmean": 0,
        "dmean2": 0,
        "dvar": 0,
        "dvar2": 0,
        "max": 1,
        "mean": 1,
        "median": 1,
        "min": 1,
        "var": 0
    },
    "silence_rate_30dB": {
        "dmean": 0.00155038759112,
        "dmean2": 0.00310318078846,
        "dvar": 0.00154797919095,
        "dvar2": 0.00309352879412,
        "max": 1,
        "mean": 0.996127009392,
        "median": 1,
        "min": 0,
        "var": 0.00385791435838
    },
    "silence_rate_60dB": {
        "dmean": 0.00155038759112,
        "dmean2": 0.00310318078846,
        "dvar": 0.00154796463903,
        "dvar2": 0.00309357605875,
        "max": 1,
        "mean": 0.0154918665066,
        "median": 0,
        "min": 0,
        "var": 0.0152521906421
    },
    "spectral_centroid": {
        "dmean": 60.0697669983,
        "dmean2": 92.8600616455,
        "dvar": 4750.73046875,
        "dvar2": 12503.3427734,
        "max": 1610.80310059,
        "mean": 627.705627441,
        "median": 577.649108887,
        "min": 278.009033203,
        "var": 50348.2304688
    },
    "spectral_complexity": {
        "dmean": 1.7689923048,
        "dmean2": 2.96819233894,
        "dvar": 2.13733839989,
        "dvar2": 5.71274709702,
        "max": 29,
        "mean": 15.2215337753,
        "median": 15,
        "min": 0,
        "var": 15.9602355957
    },
    "spectral_decrease": {
        "dmean": 1.49504131297e-09,
        "dmean2": 2.38741182379e-09,
        "dvar": 2.09922743714e-18,
        "dvar2": 6.25645666366e-18,
        "max": -3.55926659673e-13,
        "mean": -1.00313961582e-08,
        "median": -9.09554120909e-09,
        "min": -2.83219048214e-08,
        "var": 2.66758981211e-17
    },
    "spectral_energy": {
        "dmean": 0.00580137874931,
        "dmean2": 0.00922472402453,
        "dvar": 3.14081953547e-05,
        "dvar2": 9.27428336581e-05,
        "max": 0.108913443983,
        "mean": 0.0393243618309,
        "median": 0.0357025638223,
        "min": 1.37651829846e-06,
        "var": 0.000402082689106
    },
    "spectral_energyband_high": {
        "dmean": 1.58771254064e-05,
        "dmean2": 2.46341223828e-05,
        "dvar": 6.55449805542e-10,
        "dvar2": 1.37815858725e-09,
        "max": 0.000877539103385,
        "mean": 5.71713462705e-05,
        "median": 3.19646605931e-05,
        "min": 1.57676016688e-09,
        "var": 5.41997557946e-09
    },
    "spectral_energyband_low": {
        "dmean": 0.00325298123062,
        "dmean2": 0.00572935212404,
        "dvar": 1.76422654476e-05,
        "dvar2": 6.46099506412e-05,
        "max": 0.0699459239841,
        "mean": 0.0123269166797,
        "median": 0.00593326706439,
        "min": 1.09269990389e-06,
        "var": 0.000220871952479
    },
    "spectral_energyband_middle_high": {
        "dmean": 0.000966619816609,
        "dmean2": 0.0012764246203,
        "dvar": 2.05702599487e-06,
        "dvar2": 3.03743627228e-06,
        "max": 0.0343388430774,
        "mean": 0.00532498396933,
        "median": 0.00296504166909,
        "min": 1.25987483557e-07,
        "var": 3.37689671142e-05
    },
    "spectral_energyband_middle_low": {
        "dmean": 0.00398602848873,
        "dmean2": 0.00591214513406,
        "dvar": 1.8126977011e-05,
        "dvar2": 4.47666789114e-05,
        "max": 0.0744651332498,
        "mean": 0.0231718458235,
        "median": 0.0219398345798,
        "min": 1.85241717077e-07,
        "var": 0.000164105265867
    },
    "spectral_entropy": {
        "dmean": 0.0868826955557,
        "dmean2": 0.131960436702,
        "dvar": 0.00697029754519,
        "dvar2": 0.0135820535943,
        "max": 8.35210990906,
        "mean": 6.60683870316,
        "median": 6.61201572418,
        "min": 5.85428667068,
        "var": 0.0490144453943
    },
    "spectral_flux": {
        "dmean": 0.0114993751049,
        "dmean2": 0.0188013259321,
        "dvar": 0.000112095105578,
        "dvar2": 0.000297128834063,
        "max": 0.152357771993,
        "mean": 0.0542898252606,
        "median": 0.0516817942262,
        "min": 0.00117325119209,
        "var": 0.000423700344982
    },
    "spectral_kurtosis": {
        "dmean": 6.27330827713,
        "dmean2": 11.0232772827,
        "dvar": 23.7278251648,
        "dvar2": 69.3037033081,
        "max": 42.2961540222,
        "mean": 11.6577186584,
        "median": 10.765627861,
        "min": 0.625862598419,
        "var": 42.0138092041
    },
    "spectral_rms": {
        "dmean": 0.000461704476038,
        "dmean2": 0.000726685335394,
        "dvar": 1.72131151999e-07,
        "dvar2": 5.04821514369e-07,
        "max": 0.0103081045672,
        "mean": 0.00597731722519,
        "median": 0.00590184470639,
        "min": 3.66462081729e-05,
        "var": 2.6369407351e-06
    },
    "spectral_rolloff": {
        "dmean": 81.4420166016,
        "dmean2": 143.682312012,
        "dvar": 17821.6796875,
        "dvar2": 42064.7460938,
        "max": 1744.18945312,
        "mean": 686.325500488,
        "median": 538.330078125,
        "min": 107.666015625,
        "var": 125189.179688
    },
    "spectral_skewness": {
        "dmean": 0.495623528957,
        "dmean2": 0.862887263298,
        "dvar": 0.146121054888,
        "dvar2": 0.427617937326,
        "max": 4.58637094498,
        "mean": 2.20908403397,
        "median": 2.15395665169,
        "min": 0.913738191128,
        "var": 0.320176750422
    },
    "spectral_spread": {
        "dmean": 192388.921875,
        "dmean2": 317881.0625,
        "dvar": 353507639296,
        "dvar2": 322363031552,
        "max": 24780250,
        "mean": 2143135,
        "median": 2100031,
        "min": 1427626.125,
        "var": 467948077056
    },
    "spectral_strongpeak": {
        "dmean": 0.415495038033,
        "dmean2": 0.716240108013,
        "dvar": 0.449322462082,
        "dvar2": 1.02488231659,
        "max": 6.88804006577,
        "mean": 1.33111250401,
        "median": 0.964373767376,
        "min": 0,
        "var": 1.51519751549
    },
    "zerocrossingrate": {
        "dmean": 0.00262649892829,
        "dmean2": 0.003449030919,
        "dvar": 4.60786441181e-06,
        "dvar2": 7.06614036972e-06,
        "max": 0.064453125,
        "mean": 0.0267367083579,
        "median": 0.02490234375,
        "min": 0.0068359375,
        "var": 0.000105867744423
    },
    "barkbands": {
        "dmean": [0.000162099953741, 0.00136738817673, 0.00194681098219, 0.00042587768985, 0.00176360458136, 0.00184783805162, 0.00151066295803, 0.000641418911982, 0.000310779025313, 0.000301297841361, 0.000150539868628, 0.000688992789946, 0.000244956987444, 9.00243030628e-05, 0.000100104953162, 7.52765408834e-05, 6.63455502945e-05, 3.96420546167e-05, 2.97894912364e-05, 2.42599071498e-05, 1.00768102129e-05, 2.76984042102e-06, 9.76628030003e-07, 2.67727386927e-07, 2.26188081598e-08, 1.39612676975e-09, 1.48679668577e-09],
        "dmean2": [0.0002642434265, 0.00225801509805, 0.00355614791624, 0.000592082506046, 0.00236659287475, 0.00283590541221, 0.00244108377956, 0.000919753045309, 0.000420692318585, 0.000409316329751, 0.000215692562051, 0.000910895760171, 0.000353080627974, 0.000137690003612, 0.000150485677295, 0.000120059790788, 0.000106723229692, 6.31421935395e-05, 4.87050565425e-05, 3.82926591556e-05, 1.66663412529e-05, 4.08171172239e-06, 1.58526279392e-06, 4.50068682767e-07, 3.66076200464e-08, 2.55901655422e-09, 2.7247026857e-09],
        "dvar": [1.18859233567e-07, 4.10010125051e-06, 6.17773639533e-06, 6.97040377418e-07, 4.80443304696e-06, 6.28838915873e-06, 7.97210213932e-06, 1.40155884765e-06, 2.06684433124e-07, 2.06753725251e-07, 5.77398715507e-08, 1.66959466696e-06, 2.15821714278e-07, 1.9859557554e-08, 1.973136321e-08, 1.32114923446e-08, 9.33305166484e-09, 3.35386318717e-09, 2.37365482825e-09, 1.99879179874e-09, 3.80935727406e-10, 2.99494561096e-11, 1.63856931495e-11, 6.66783739767e-13, 1.66626659082e-15, 4.15811575734e-18, 4.72916899221e-18],
        "dvar2": [2.96398411592e-07, 1.23518238979e-05, 2.42953483394e-05, 1.25864380607e-06, 9.45978717937e-06, 1.68045826285e-05, 2.19481771637e-05, 2.7769647204e-06, 4.29067824825e-07, 3.41942381965e-07, 1.35133689128e-07, 2.50304765359e-06, 4.07546195902e-07, 4.69891716648e-08, 4.21049328736e-08, 3.25949365276e-08, 2.21914273624e-08, 7.97128851815e-09, 5.98618976611e-09, 4.32084190649e-09, 9.56386192463e-10, 5.88739751395e-11, 3.71485446571e-11, 2.00560141411e-12, 3.46248624695e-15, 1.20146495048e-17, 1.36668981106e-17],
        "max": [0.00552285742015, 0.0532579831779, 0.0208482630551, 0.0360929816961, 0.0472612008452, 0.0527653694153, 0.0568066090345, 0.0308328475803, 0.00900691002607, 0.0107131171972, 0.00408591283485, 0.0257101003081, 0.0116454446688, 0.00262509239838, 0.00354171195067, 0.00156376394443, 0.00155469996389, 0.000863935856614, 0.00095064251218, 0.00117496831808, 0.00053649401525, 0.0001375238935, 9.51564725256e-05, 1.55732486746e-05, 1.4421132164e-06, 2.90089907651e-08, 3.09279961641e-08],
        "mean": [0.000206772892852, 0.00698809232563, 0.00385175342672, 0.00221878895536, 0.00742142042145, 0.00689928047359, 0.00360408402048, 0.00161294348072, 0.000869258830789, 0.000903082021978, 0.000410032866057, 0.00258468743414, 0.000730971572921, 0.000238124179305, 0.000225536219659, 0.000146951279021, 0.000141350828926, 9.08455767785e-05, 7.57858360885e-05, 6.31968869129e-05, 2.91561555059e-05, 8.81384949025e-06, 2.62999060396e-06, 8.02511976872e-07, 5.3009983958e-08, 1.17069376415e-09, 1.2240455316e-09],
        "median": [7.01635071891e-05, 0.00158813444432, 0.00258276471868, 0.00067475711694, 0.00563255511224, 0.00466164015234, 0.00154724228196, 0.000619601341896, 0.000533418497071, 0.000413612578996, 0.000181003299076, 0.000306165893562, 0.000218060071347, 0.000112810768769, 0.000148845050717, 9.2332244094e-05, 8.29875425552e-05, 6.17635305389e-05, 4.42182426923e-05, 3.61707025149e-05, 1.11049275802e-05, 3.55923521056e-06, 8.25249344416e-07, 3.91758135265e-07, 4.33010463041e-08, 4.8778664441e-10, 4.91674811975e-10],
        "min": [6.22291462804e-09, 6.55448047837e-07, 3.91709903624e-07, 5.67862343814e-08, 5.47110907689e-08, 3.89342496021e-08, 8.08429057031e-09, 2.26220233657e-08, 2.32111463383e-09, 2.78816347787e-09, 5.93194400267e-08, 5.31529575909e-09, 3.18939141764e-09, 4.36890656985e-09, 3.3402862698e-09, 2.24272369564e-08, 1.14295986009e-08, 4.72469441348e-09, 9.14428888166e-09, 1.22855525753e-09, 2.96475871631e-10, 3.59766050284e-10, 6.59231697009e-11, 1.12386239204e-10, 4.1430806702e-11, 2.47742087262e-11, 3.27273035061e-11],
        "var": [2.58785036067e-07, 0.000123129182612, 1.60151248565e-05, 1.62812102644e-05, 4.60138144263e-05, 5.11848083988e-05, 3.42406601703e-05, 8.47620049171e-06, 1.11537895009e-06, 1.66000836543e-06, 3.0415841934e-07, 1.7910166207e-05, 1.74753427018e-06, 1.40425200357e-07, 7.5240023989e-08, 2.91469035574e-08, 3.07576009106e-08, 9.01761687544e-09, 1.00091064326e-08, 7.06290137487e-09, 2.38010633424e-09, 2.45391290621e-10, 5.96649882278e-11, 2.22031095766e-12, 4.36972311972e-15, 3.45953422629e-18, 3.93383111092e-18]
    },
    "erbbands": {
        "dmean": [0.0150399692357, 0.417667031288, 2.30529928207, 1.33668112755, 2.72947120667, 6.69432067871, 15.0856485367, 14.3907928467, 18.1399898529, 20.1110210419, 8.38820075989, 8.02107048035, 9.94945526123, 6.79193305969, 8.85267734528, 32.0533561707, 11.5860643387, 4.86043930054, 4.87670612335, 4.35069704056, 3.57798504829, 2.67346644402, 2.43660950661, 1.9703233242, 1.20205366611, 1.2113699913, 0.61062836647, 0.185553520918, 0.111764453351, 0.0351085439324, 0.0388177931309, 0.00852206721902, 0.00218030600809, 0.0004934874014, 1.95943575818e-05, 6.54630548524e-06, 3.2025177461e-06, 9.98902351057e-07, 2.67378982244e-06, 6.41265341983e-06],
        "dmean2": [0.0242862906307, 0.702519059181, 4.24376916885, 2.07751822472, 3.77289962769, 9.08857059479, 23.3154582977, 20.7485771179, 28.8045845032, 30.7955207825, 12.3572359085, 10.6758050919, 13.8922586441, 9.11387252808, 12.6639909744, 42.0422554016, 16.6238040924, 7.23173761368, 7.06988954544, 6.73761320114, 5.84755325317, 4.23275470734, 3.81931614876, 3.24953985214, 1.95398163795, 1.91043829918, 0.975371539593, 0.296747237444, 0.16743144393, 0.0549751222134, 0.0633457452059, 0.0144020747393, 0.00356505694799, 0.000787259079516, 3.27485977323e-05, 1.13648839033e-05, 5.5014006648e-06, 1.74795627572e-06, 4.19235129812e-06, 1.01402592918e-05],
        "dvar": [0.000557810883038, 0.381410986185, 10.2876205444, 3.92656898499, 12.9792318344, 70.1121139526, 611.382324219, 408.627746582, 1286.4029541, 781.988586426, 184.065170288, 141.886886597, 241.731811523, 131.952056885, 203.228851318, 4189.26220703, 460.090545654, 47.8709335327, 55.0286941528, 33.1800117493, 33.0614280701, 16.0834655762, 13.924487114, 15.0109424591, 3.43310809135, 6.01645898819, 1.28657090664, 0.104938521981, 0.0523401834071, 0.00703550921753, 0.0333095155656, 0.000694370595738, 1.60464114742e-05, 7.75493106175e-07, 6.95453250543e-10, 6.66657423709e-11, 1.48883978063e-11, 1.83710555449e-12, 6.61641748334e-12, 3.80882096696e-11],
        "dvar2": [0.00153860391583, 1.22247171402, 40.1783370972, 7.6557507515, 26.2648162842, 128.576263428, 1619.14526367, 887.43939209, 3475.78149414, 1740.0612793, 424.913726807, 279.192382812, 412.29901123, 217.112701416, 449.067047119, 6081.24609375, 841.520141602, 106.747688293, 111.300003052, 74.6195220947, 86.9739532471, 37.5449295044, 33.0885009766, 42.7826499939, 8.33878040314, 13.1931285858, 3.12768936157, 0.273250639439, 0.0955669358373, 0.0136143472046, 0.0742456018925, 0.00215098890476, 3.910212763e-05, 1.60732815857e-06, 1.55423485193e-09, 1.89169291342e-10, 4.20901438702e-11, 5.23677542302e-12, 1.89158307073e-11, 1.11146050696e-10],
        "max": [0.616925060749, 14.9763593674, 32.3000183105, 76.2205963135, 84.2317657471, 189.540237427, 592.165100098, 639.654907227, 876.406677246, 648.031738281, 255.630447388, 256.848571777, 415.687438965, 327.725708008, 388.436401367, 1320.03637695, 592.047485352, 172.185455322, 208.646850586, 90.0177307129, 109.159683228, 65.883392334, 74.04271698, 73.9612808228, 40.5548439026, 65.5031585693, 31.0715236664, 11.8763055801, 6.83275556564, 1.82423269749, 4.34115076065, 0.499830842018, 0.0863567441702, 0.0282407682389, 0.00081631320063, 0.000115982031275, 5.34811697435e-05, 1.91368180822e-05, 5.0599759561e-05, 0.000119131946121],
        "mean": [0.0676426291466, 1.9748044014, 5.31657171249, 6.25479888916, 11.0339765549, 29.5061244965, 48.7180557251, 60.2125663757, 44.8304786682, 54.5467071533, 23.0670433044, 24.4007968903, 29.9405899048, 20.8993911743, 31.4985237122, 121.71244812, 40.0358428955, 15.5690917969, 13.0951480865, 9.96338272095, 7.8212594986, 6.48228931427, 6.00693559647, 4.63769721985, 3.55826425552, 3.14012432098, 1.68120038509, 0.633932232857, 0.363686680794, 0.0993700176477, 0.102258563042, 0.0268225409091, 0.00717842159793, 0.00143691513222, 7.49399623601e-05, 2.7152869734e-05, 1.4705785361e-05, 3.2576290323e-06, 1.89288566617e-05, 4.41002957814e-05],
        "median": [0.015672525391, 0.47382158041, 3.0153465271, 2.63588237762, 7.74170637131, 21.6188621521, 27.0766906738, 31.999830246, 25.420791626, 29.2356948853, 12.9693527222, 15.6998901367, 12.5941438675, 14.0245018005, 16.8958244324, 17.1133899689, 17.4749622345, 8.31190872192, 7.42047214508, 6.87065124512, 5.399497509, 3.99980211258, 4.00616025925, 2.91110229492, 2.14780163765, 1.76722466946, 0.780457913876, 0.293090462685, 0.14922118187, 0.0498423166573, 0.024828216061, 0.0110918227583, 0.00524458661675, 0.00115551240742, 6.54887990095e-05, 2.47852531174e-05, 1.33880230351e-05, 2.7903629416e-06, 1.73009539139e-05, 4.00917961088e-05],
        "min": [1.11536774057e-05, 0.000173404696397, 0.000501554517541, 0.000273767305771, 0.000162495154655, 0.000211724589462, 0.000242239708314, 0.000360180390999, 7.7290853369e-05, 0.000418939715018, 0.000284878769889, 7.24047131371e-05, 0.000109664862975, 0.000254763057455, 0.00282214116305, 0.000311072828481, 0.000137020964758, 0.000238178341533, 0.000133924375405, 0.000985696096905, 0.000549054471776, 0.000575850193854, 0.000342243089108, 0.000581385509577, 0.000297663063975, 8.54175159475e-05, 2.19915327762e-05, 9.733990737e-06, 1.90752689377e-05, 3.1533083984e-06, 2.06918593904e-06, 2.44625834966e-06, 1.73738430931e-06, 6.03599687565e-07, 2.11921729942e-07, 8.79195880543e-08, 4.71708148098e-08, 2.29627428183e-08, 5.27973220699e-09, 1.97270244584e-09],
        "var": [0.0121271088719, 9.56805229187, 40.6653862, 90.8154602051, 129.734771729, 791.183654785, 4519.45556641, 4999.13671875, 4479.05517578, 5127.26513672, 842.296691895, 850.380249023, 2238.14111328, 528.520385742, 1745.56115723, 43728.828125, 4332.79052734, 440.178161621, 284.475952148, 105.670043945, 70.9675292969, 57.8379631042, 46.680973053, 35.7533302307, 23.4482116699, 20.3680648804, 6.63901615143, 1.02900075912, 0.485250800848, 0.0267868582159, 0.120059676468, 0.00296073732898, 5.26791845914e-05, 2.11809924622e-06, 2.29206609248e-09, 1.94559354738e-10, 5.71167661778e-11, 4.76656518075e-12, 8.85022471975e-11, 4.94653706884e-10]
    },
    "gfcc": {
        "mean": [-61.3405075073, 202.466674805, -153.991668701, 31.0719738007, -49.099822998, -17.958366394, -15.8277177811, -23.9226608276, -5.47990131378, -19.5429878235, 9.98648738861, -16.8535003662, 2.3614783287],
        "cov": [[1684.8314209, -9.50821781158, -363.25112915, -66.257850647, -34.8094673157, 44.5277328491, 125.426116943, -200.71824646, -105.521606445, 15.9862766266, 62.1857872009, 81.7766571045, -9.37407016754], [-9.50821781158, 218.497161865, 171.605682373, -21.1661720276, 134.360397339, -12.0100154877, 30.1646442413, 37.1572341919, 2.01904559135, 14.7427492142, -7.41112756729, -2.25074601173, 40.950717926], [-363.25112915, 171.605682373, 413.922668457, 119.704788208, 149.950363159, 6.28118133545, -23.6584129333, 134.249938965, 84.7541809082, 10.1158571243, -6.27249765396, -23.7089366913, 65.7598648071], [-66.257850647, -21.1661720276, 119.704788208, 173.143386841, 44.7786445618, 50.9070968628, 12.1700687408, 62.7546768188, 66.106628418, -5.93536567688, 4.04060411453, -13.2462558746, 11.6810274124], [-34.8094673157, 134.360397339, 149.950363159, 44.7786445618, 188.832092285, 54.1201477051, 37.5987815857, 38.0157165527, 6.56784677505, 19.5800151825, -0.815429806709, 8.35720062256, 28.710067749], [44.5277328491, -12.0100154877, 6.28118133545, 50.9070968628, 54.1201477051, 111.201934814, 66.9236755371, 19.7271995544, 24.6634254456, 23.3177623749, 16.7846088409, 5.96213340759, -10.1398077011], [125.426116943, 30.1646442413, -23.6584129333, 12.1700687408, 37.5987815857, 66.9236755371, 117.055435181, 20.1164684296, 7.77460336685, 31.9105491638, 0.313095778227, 12.1151380539, -19.4145755768], [-200.71824646, 37.1572341919, 134.249938965, 62.7546768188, 38.0157165527, 19.7271995544, 20.1164684296, 126.024856567, 81.9648971558, 0.695901453495, -21.1903324127, -38.2729644775, 18.0794200897], [-105.521606445, 2.01904559135, 84.7541809082, 66.106628418, 6.56784677505, 24.6634254456, 7.77460336685, 81.9648971558, 106.400413513, 31.3864307404, -2.40419888496, -31.1649913788, 2.68968057632], [15.9862766266, 14.7427492142, 10.1158571243, -5.93536567688, 19.5800151825, 23.3177623749, 31.9105491638, 0.695901453495, 31.3864307404, 80.3307495117, 32.4559745789, 11.1128749847, -4.7306432724], [62.1857872009, -7.41112756729, -6.27249765396, 4.04060411453, -0.815429806709, 16.7846088409, 0.313095778227, -21.1903324127, -2.40419888496, 32.4559745789, 69.7265777588, 48.9867172241, 16.50157547], [81.7766571045, -2.25074601173, -23.7089366913, -13.2462558746, 8.35720062256, 5.96213340759, 12.1151380539, -38.2729644775, -31.1649913788, 11.1128749847, 48.9867172241, 86.9541320801, 31.1948947906], [-9.37407016754, 40.950717926, 65.7598648071, 11.6810274124, 28.710067749, -10.1398077011, -19.4145755768, 18.0794200897, 2.68968057632, -4.7306432724, 16.50157547, 31.1948947906, 84.2976608276]],
        "icov": [[0.0011390253203, -0.000382549944334, 0.000877428508829, -0.000298292172374, -0.000501428556163, 0.000910990813281, -0.00246751587838, 0.00299238273874, -0.00178741791751, 0.00166696647648, -0.00174723926466, 0.0013438151218, -0.00126503850333], [-0.000382549944334, 0.0305805578828, -0.012643081136, 0.0159753616899, -0.0197954457253, 0.019743623212, -0.0256526973099, 0.0156750306487, -0.0144162718207, 0.0154765322804, -0.0152865955606, 0.0158346947283, -0.0089410468936], [0.000877428508829, -0.012643081136, 0.012837334536, -0.00945292506367, 0.00295743322931, -0.00488154217601, 0.0120643395931, -0.0106854196638, 0.00563726853579, -0.00741823995486, 0.0047711674124, -0.00571808032691, 0.00159670726862], [-0.000298292172374, 0.0159753616899, -0.00945292506367, 0.0198108870536, -0.0106688300148, 0.00652178796008, -0.0148237347603, 0.0113575747237, -0.0160288959742, 0.015615331009, -0.0112984906882, 0.00894733797759, -0.00430824188516], [-0.000501428556163, -0.0197954457253, 0.00295743322931, -0.0106688300148, 0.0251641441137, -0.0198769010603, 0.0183208007365, -0.0133342389017, 0.0173496734351, -0.0162112154067, 0.016271430999, -0.0130135696381, 0.00501712085679], [0.000910990813281, 0.019743623212, -0.00488154217601, 0.00652178796008, -0.0198769010603, 0.0352646224201, -0.0304272081703, 0.0165217593312, -0.0175844524056, 0.0167189277709, -0.0213575027883, 0.0162275787443, -0.00645019393414], [-0.00246751587838, -0.0256526973099, 0.0120643395931, -0.0148237347603, 0.0183208007365, -0.0304272081703, 0.0511740446091, -0.0341892242432, 0.0274497289211, -0.030877025798, 0.0292632207274, -0.0275768060237, 0.0159170031548], [0.00299238273874, 0.0156750306487, -0.0106854196638, 0.0113575747237, -0.0133342389017, 0.0165217593312, -0.0341892242432, 0.0505077913404, -0.0372596308589, 0.0280154142529, -0.0172946751118, 0.0215747412294, -0.0145354066044], [-0.00178741791751, -0.0144162718207, 0.00563726853579, -0.0160288959742, 0.0173496734351, -0.0175844524056, 0.0274497289211, -0.0372596308589, 0.0498392134905, -0.03308949247, 0.0173146966845, -0.0108501771465, 0.0080955689773], [0.00166696647648, 0.0154765322804, -0.00741823995486, 0.015615331009, -0.0162112154067, 0.0167189277709, -0.030877025798, 0.0280154142529, -0.03308949247, 0.0446420051157, -0.0298915486783, 0.0178352147341, -0.00648498255759], [-0.00174723926466, -0.0152865955606, 0.0047711674124, -0.0112984906882, 0.016271430999, -0.0213575027883, 0.0292632207274, -0.0172946751118, 0.0173146966845, -0.0298915486783, 0.0506134070456, -0.0320033505559, 0.00711886584759], [0.0013438151218, 0.0158346947283, -0.00571808032691, 0.00894733797759, -0.0130135696381, 0.0162275787443, -0.0275768060237, 0.0215747412294, -0.0108501771465, 0.0178352147341, -0.0320033505559, 0.0418061688542, -0.0167751107365], [-0.00126503850333, -0.0089410468936, 0.00159670726862, -0.00430824188516, 0.00501712085679, -0.00645019393414, 0.0159170031548, -0.0145354066044, 0.0080955689773, -0.00648498255759, 0.00711886584759, -0.0167751107365, 0.0239075422287]]
    },
    "melbands": {
        "dmean": [0.000242743451963, 0.00097368779825, 0.000245099508902, 0.000345609005308, 0.000465770746814, 0.000313933560392, 0.000302759930491, 0.000209061006899, 6.00332132308e-05, 5.21936854057e-05, 4.95277236041e-05, 2.80404619843e-05, 1.95542179426e-05, 8.35646642372e-05, 4.26816550316e-05, 2.39426717599e-05, 9.28410281631e-06, 8.35790524434e-06, 6.0128613768e-06, 7.1709923759e-06, 4.12428062191e-06, 3.00011242871e-06, 3.15286001751e-06, 2.08456913242e-06, 1.77264007561e-06, 1.12354382509e-06, 9.88013653114e-07, 7.69076905272e-07, 4.85678754103e-07, 2.14950944155e-07, 9.5547335377e-08, 9.4519606364e-08, 2.45495463957e-08, 1.49270817928e-08, 3.25819762281e-08, 6.57249943359e-09, 4.43584591281e-09, 2.00720307042e-09, 1.04002162438e-09, 2.35562597206e-10],
        "dmean2": [0.000391394423787, 0.00175009132363, 0.000383370963391, 0.000453682587249, 0.000706499093212, 0.000461175659439, 0.000483597861603, 0.000319190061418, 8.7437860202e-05, 7.03259502188e-05, 6.93585534464e-05, 3.76200005121e-05, 2.82542205241e-05, 0.000111497101898, 5.70273259655e-05, 3.45404550899e-05, 1.42739336297e-05, 1.21307357404e-05, 9.1060237537e-06, 1.12116567834e-05, 6.75487808621e-06, 4.82682798975e-06, 4.96234406455e-06, 3.33254047291e-06, 2.9319778605e-06, 1.84886619081e-06, 1.567772415e-06, 1.21549544474e-06, 7.78939067914e-07, 3.52512586232e-07, 1.52619762162e-07, 1.4233181389e-07, 3.94527468472e-08, 2.36530564024e-08, 5.37534710077e-08, 1.05464037503e-08, 7.52678097626e-09, 3.30993166209e-09, 1.665115823e-09, 3.84530768338e-10],
        "dvar": [1.19726408343e-07, 1.84378677659e-06, 1.02529554624e-07, 2.11628503166e-07, 5.01488671034e-07, 1.80995485266e-07, 3.41363261214e-07, 9.03028549715e-08, 9.03130548124e-09, 6.32697405578e-09, 5.93805582483e-09, 2.49044052048e-09, 1.13408782365e-09, 2.21292779656e-08, 5.2553792429e-09, 2.55521781511e-09, 1.65082406078e-10, 1.53882739884e-10, 8.90965703992e-11, 8.44600639427e-11, 4.09546667413e-11, 1.36221979877e-11, 3.87346717201e-11, 1.16550727403e-11, 1.30007931504e-11, 4.03894929654e-12, 2.9037737926e-12, 2.15517252482e-12, 6.85747194706e-13, 2.65975148806e-13, 2.78721053263e-14, 3.83456795776e-14, 2.08275639675e-15, 1.17082664381e-15, 2.42753442402e-14, 3.25751745567e-16, 1.42011717522e-16, 1.67037444915e-17, 3.82289709179e-18, 1.9428098322e-19],
        "dvar2": [3.30025443418e-07, 7.0163532655e-06, 2.1035381792e-07, 3.77120699113e-07, 1.26456370708e-06, 4.15713742541e-07, 9.38833125019e-07, 1.86350774811e-07, 2.09106527649e-08, 1.32035022915e-08, 1.01631005833e-08, 4.07227140897e-09, 2.65943755906e-09, 3.46723609823e-08, 7.46714512445e-09, 5.31741983778e-09, 3.98069355256e-10, 3.14159698256e-10, 2.00031283204e-10, 1.85909954098e-10, 1.08360057038e-10, 3.31111492391e-11, 8.94427865106e-11, 2.66325139026e-11, 3.69156406832e-11, 9.86684605547e-12, 6.1149232379e-12, 4.72710716057e-12, 1.6465727436e-12, 6.51307621117e-13, 7.31053604697e-14, 6.92873086379e-14, 4.64770196884e-15, 2.33437367472e-15, 5.65422579905e-14, 9.21690537104e-16, 4.31123650057e-16, 4.06360846984e-17, 8.27298816663e-18, 3.94143238377e-19],
        "max": [0.00921253673732, 0.0189448595047, 0.0121130160987, 0.0128111802042, 0.0162523742765, 0.0124997673556, 0.0132444854826, 0.0069754361175, 0.00153581053019, 0.00172133999877, 0.00205797888339, 0.00143510382622, 0.000726054830011, 0.00278018414974, 0.0015351511538, 0.00126977276523, 0.000210021884413, 0.000307915033773, 0.000218869492528, 0.000155015892233, 0.000120145683468, 5.9277528635e-05, 0.000107524894702, 5.07635559188e-05, 6.68634020258e-05, 4.780737072e-05, 4.43753961008e-05, 3.58736142516e-05, 1.73638654815e-05, 1.70051171153e-05, 5.19486047779e-06, 6.03916578257e-06, 1.0210567325e-06, 6.52908056509e-07, 3.64774223272e-06, 3.55638491101e-07, 2.07810771258e-07, 8.16166334516e-08, 3.90372250081e-08, 1.59113042741e-08],
        "mean": [0.00130413577426, 0.00291335396469, 0.00111103558447, 0.0015072375536, 0.00162285484839, 0.00126022193581, 0.000736467365641, 0.000565071240999, 0.000160956406035, 0.000151374930283, 0.000144152814755, 7.97897955636e-05, 5.98457772867e-05, 0.000315188459354, 0.000151974178152, 7.27843653294e-05, 2.4134053092e-05, 2.1678442863e-05, 1.34513884404e-05, 1.41790305861e-05, 7.93337039795e-06, 6.60934165353e-06, 6.64601748213e-06, 4.66541678179e-06, 3.55757515536e-06, 2.81603433905e-06, 2.48412379733e-06, 1.79546293566e-06, 1.20698473438e-06, 5.95072208398e-07, 2.71338478797e-07, 2.79479451137e-07, 5.91132156558e-08, 3.69519845833e-08, 7.96834243033e-08, 1.94375804341e-08, 1.19413874344e-08, 5.34743938019e-09, 2.80066769776e-09, 5.02750785447e-10],
        "median": [0.000305111112539, 0.00134384178091, 0.000652714574244, 0.00100952980574, 0.00106070539914, 0.000732946326025, 0.000370634224964, 0.000290015246719, 9.33319097385e-05, 9.43258492043e-05, 5.84394110774e-05, 4.93089355587e-05, 2.46839153988e-05, 6.50902948109e-05, 4.17837945861e-05, 2.27787732001e-05, 1.2875896573e-05, 1.10529999802e-05, 8.64337926032e-06, 9.56424719334e-06, 5.08283937961e-06, 4.33267496192e-06, 3.60554918188e-06, 2.84498833025e-06, 1.92377729036e-06, 1.35158791181e-06, 1.53869552832e-06, 9.37547895319e-07, 5.42387226687e-07, 1.85654911888e-07, 1.3773725982e-07, 9.92330058125e-08, 3.24959437137e-08, 1.97676328639e-08, 1.56977826293e-08, 8.13774025943e-09, 5.71475444744e-09, 3.97028676602e-09, 2.21390838995e-09, 3.87771370569e-10],
        "min": [1.43958317267e-07, 2.61643208432e-07, 4.77853632219e-08, 1.25088774894e-08, 9.41364053375e-09, 7.65316165996e-09, 1.08032049972e-09, 5.17043607928e-09, 1.78279957463e-09, 3.99113631033e-10, 5.22223764232e-10, 3.14302167626e-10, 8.80418760119e-09, 2.62508015325e-09, 1.17346646289e-10, 3.55194512691e-10, 4.64696808811e-10, 1.94972218925e-10, 3.15962367381e-10, 2.37920749768e-09, 2.01776137465e-10, 4.39821040699e-10, 7.22074067205e-10, 2.16533152519e-10, 5.25309018506e-10, 1.31275434967e-10, 1.84912446466e-10, 3.86448130441e-11, 1.51364389772e-11, 9.55360703742e-12, 3.77423960141e-12, 1.15262166131e-11, 4.80664032881e-12, 9.65664614244e-13, 1.15121725087e-12, 1.08116770745e-12, 1.81848568322e-12, 1.3697723511e-12, 8.04200076757e-13, 3.96525043703e-13],
        "var": [4.20985679739e-06, 1.49060952026e-05, 2.01864190785e-06, 2.78305014945e-06, 3.6662504499e-06, 1.9813230665e-06, 1.27780583625e-06, 5.88004581914e-07, 3.95841830425e-08, 3.61998822029e-08, 5.53756898114e-08, 9.50995548976e-09, 8.07134181713e-09, 2.40496291326e-07, 5.30967483314e-08, 1.94528819719e-08, 9.97905091893e-10, 9.54332834979e-10, 2.62340621449e-10, 2.40503283955e-10, 8.66221469553e-11, 4.75739413142e-11, 1.12548623199e-10, 3.15242033866e-11, 2.86657017567e-11, 2.72211090474e-11, 1.05672788228e-11, 6.89337562726e-12, 3.04978893702e-12, 1.60940856996e-12, 1.84001617653e-13, 3.41328582152e-13, 6.57588904052e-15, 3.81770751283e-15, 8.63711229274e-14, 1.45638146149e-15, 4.52839060195e-16, 3.8441852466e-17, 7.98968046119e-18, 5.30057233126e-19]
    },
    "mfcc": {
        "mean": [-686.413696289, 210.119018555, -30.0727729797, 39.4180030823, -8.3226776123, 4.58987569809, -2.35128307343, -4.17157697678, -10.660077095, -1.49710583687, -6.69469976425, 3.99225401878, 0.0305109769106],
        "cov": [[1706.26879883, 4.95725679398, -464.903381348, -45.0896911621, -302.002410889, 218.822982788, 37.9269218445, -19.9856700897, -156.465698242, -118.009498596, -52.1809425354, 134.801605225, -53.9360771179], [4.95725679398, 333.358154297, 40.2541275024, 36.6566467285, 86.3002090454, -13.8392820358, 66.9366531372, -23.9019889832, 54.4747924805, -18.3409881592, -12.2953014374, 2.22428297997, 15.2789001465], [-464.903381348, 40.2541275024, 288.35043335, 100.750663757, 146.221405029, -57.4764060974, -21.5538101196, 51.4855804443, 71.289604187, 101.683639526, 26.9578857422, -71.6303024292, 25.3709774017], [-45.0896911621, 36.6566467285, 100.750663757, 115.896339417, 81.4493408203, 3.26730442047, 6.69824886322, 35.5360374451, 40.0505752563, 36.2258148193, 10.6184616089, -38.9082984924, 14.8184595108], [-302.002410889, 86.3002090454, 146.221405029, 81.4493408203, 191.998855591, -17.3262290955, 12.3789310455, 31.6170482635, 51.2472801208, 61.2622146606, -3.00355291367, -62.0708694458, 23.3978900909], [218.822982788, -13.8392820358, -57.4764060974, 3.26730442047, -17.3262290955, 138.090957642, 60.2382926941, 4.73424243927, -9.25378704071, -20.5941200256, 34.4420127869, 52.7591629028, 17.6857299805], [37.9269218445, 66.9366531372, -21.5538101196, 6.69824886322, 12.3789310455, 60.2382926941, 96.4711608887, 18.6207447052, 19.7285404205, -21.1954803467, 7.58910655975, 30.3304843903, 15.3691101074], [-19.9856700897, -23.9019889832, 51.4855804443, 35.5360374451, 31.6170482635, 4.73424243927, 18.6207447052, 96.1845703125, 39.8861427307, 34.9226150513, 0.0158164445311, -23.8593330383, 10.4444074631], [-156.465698242, 54.4747924805, 71.289604187, 40.0505752563, 51.2472801208, -9.25378704071, 19.7285404205, 39.8861427307, 133.929550171, 61.6380691528, 25.7871818542, -0.954727232456, -1.79822778702], [-118.009498596, -18.3409881592, 101.683639526, 36.2258148193, 61.2622146606, -20.5941200256, -21.1954803467, 34.9226150513, 61.6380691528, 135.442764282, 32.2620925903, -29.6291675568, -8.28944301605], [-52.1809425354, -12.2953014374, 26.9578857422, 10.6184616089, -3.00355291367, 34.4420127869, 7.58910655975, 0.0158164445311, 25.7871818542, 32.2620925903, 98.4754638672, 36.1964187622, 5.32109355927], [134.801605225, 2.22428297997, -71.6303024292, -38.9082984924, -62.0708694458, 52.7591629028, 30.3304843903, -23.8593330383, -0.954727232456, -29.6291675568, 36.1964187622, 103.14528656, 6.92865800858], [-53.9360771179, 15.2789001465, 25.3709774017, 14.8184595108, 23.3978900909, 17.6857299805, 15.3691101074, 10.4444074631, -1.79822778702, -8.28944301605, 5.32109355927, 6.92865800858, 63.2157478333]],
