{
"lowlevel": {
    "average_loudness": 0.359667271376,
    "barkbands_crest": {
        "dmean": 2.06915283203,
        "dmean2": 3.25579857826,
        "dvar": 4.63336420059,
        "dvar2": 11.1537475586,
        "max": 25.8908672333,
        "mean": 12.2591609955,
        "median": 11.1254329681,
        "min": 3.31372642517,
        "var": 23.410161972
    },
    "barkbands_flatness_db": {
        "dmean": 0.0232181958854,
        "dmean2": 0.0350594371557,
        "dvar": 0.000749128812458,
        "dvar2": 0.00171963439789,
        "max": 0.403219431639,
        "mean": 0.22943520546,
        "median": 0.227348059416,
        "min": 0.0321661457419,
        "var": 0.00284001301043
    },
    "barkbands_kurtosis": {
        "dmean": 5.8270316124,
        "dmean2": 9.18219184875,
        "dvar": 96.610458374,
        "dvar2": 231.444839478,
        "max": 181.735137939,
        "mean": 15.2670087814,
        "median": 10.7909975052,
        "min": -1.93267977238,
        "var": 267.638763428
    },
    "barkbands_skewness": {
        "dmean": 0.58430492878,
        "dmean2": 0.879837036133,
        "dvar": 0.477455615997,
        "dvar2": 1.04600763321,
        "max": 9.6776971817,
        "mean": 2.4422519207,
        "median": 2.26283502579,
        "min": -3.98138356209,
        "var": 2.27751922607
    },
    "barkbands_spread": {
        "dmean": 2.75974726677,
        "dmean2": 4.24817609787,
        "dvar": 41.4082679749,
        "dvar2": 84.8419952393,
        "max": 85.7515716553,
        "mean": 9.10645008087,
        "median": 6.12922859192,
        "min": 0.464607447386,
        "var": 140.472915649
    },
    "dissonance": {
        "dmean": 0.0337162651122,
        "dmean2": 0.0546850338578,
        "dvar": 0.000945638399571,
        "dvar2": 0.00253040529788,
        "max": 0.4995405972,
        "mean": 0.400725394487,
        "median": 0.40806594491,
        "min": 0.197904363275,
        "var": 0.00279334420338
    },
    "dynamic_complexity": 4.75853443146,
    "erbbands_crest": {
        "dmean": 2.71255064011,
        "dmean2": 4.15871667862,
        "dvar": 7.28761339188,
        "dvar2": 17.806930542,
        "max": 32.459854126,
        "mean": 14.9944944382,
        "median": 13.8826599121,
        "min": 2.76478981972,
        "var": 42.9528388977
    },
    "erbbands_flatness_db": {
        "dmean": 0.0210942160338,
        "dmean2": 0.0310946274549,
        "dvar": 0.000640056561679,
        "dvar2": 0.00140802899841,
        "max": 0.358246207237,
        "mean": 0.216522470117,
        "median": 0.217929393053,
        "min": 0.0606739595532,
        "var": 0.00291346944869
    },
    "erbbands_kurtosis": {
        "dmean": 2.98893404007,
        "dmean2": 4.65090847015,
        "dvar": 22.6779346466,
        "dvar2": 52.3233413696,
        "max": 100.370178223,
        "mean": 6.88228797913,
        "median": 4.73619318008,
        "min": -1.85736644268,
        "var": 68.0263824463
    },
    "erbbands_skewness": {
        "dmean": 0.479601562023,
        "dmean2": 0.74129486084,
        "dvar": 0.300466001034,
        "dvar2": 0.678163230419,
        "max": 7.31073760986,
        "mean": 1.6757363081,
        "median": 1.62542402744,
        "min": -3.64487123489,
        "var": 1.42505264282
    },
    "erbbands_spread": {
        "dmean": 6.24118089676,
        "dmean2": 9.82307624817,
        "dvar": 123.615867615,
        "dvar2": 272.869110107,
        "max": 142.899429321,
        "mean": 21.9129219055,
        "median": 16.2525482178,
        "min": 1.7095220089,
        "var": 425.860229492
    },
    "hfc": {
        "dmean": 3.17730712891,
        "dmean2": 4.46515607834,
        "dvar": 47.8095016479,
        "dvar2": 88.2579269409,
        "max": 197.428970337,
        "mean": 11.6486730576,
        "median": 5.99474430084,
        "min": 1.10600678578e-16,
        "var": 315.941131592
    },
    "melbands_crest": {
        "dmean": 2.80151939392,
        "dmean2": 4.35703659058,
        "dvar": 8.3618221283,
        "dvar2": 21.3107357025,
        "max": 32.4194374084,
        "mean": 16.0206222534,
        "median": 14.9007110596,
        "min": 1.00487625599,
        "var": 36.2797698975
    },
    "melbands_flatness_db": {
        "dmean": 0.0259308349341,
        "dmean2": 0.0390247441828,
        "dvar": 0.00108531967271,
        "dvar2": 0.00245954259299,
        "max": 0.532626032829,
        "mean": 0.300203114748,
        "median": 0.298540025949,
        "min": 1.42372968526e-07,
        "var": 0.00411453237757
    },
    "melbands_kurtosis": {
        "dmean": 7.31323289871,
        "dmean2": 11.5455408096,
        "dvar": 154.186523438,
        "dvar2": 392.142181396,
        "max": 247.097747803,
        "mean": 17.6578464508,
        "median": 11.7649278641,
        "min": -1.703738451,
        "var": 361.555389404
    },
    "melbands_skewness": {
        "dmean": 0.64219635725,
        "dmean2": 0.974548876286,
        "dvar": 0.605413138866,
        "dvar2": 1.36600279808,
        "max": 11.0580129623,
        "mean": 2.37782692909,
        "median": 2.02488589287,
        "min": -1.68835985661,
        "var": 2.77771997452
    },
    "melbands_spread": {
        "dmean": 2.85952186584,
        "dmean2": 4.45945644379,
        "dvar": 80.8667297363,
        "dvar2": 166.951675415,
        "max": 225.834136963,
        "mean": 9.75463199615,
        "median": 6.93597793579,
        "min": 0.704663872719,
        "var": 193.758666992
    },
    "pitch_salience": {
        "dmean": 0.0606484785676,
        "dmean2": 0.0943540930748,
        "dvar": 0.00387531751767,
        "dvar2": 0.00988930650055,
        "max": 0.995793223381,
        "mean": 0.550287485123,
        "median": 0.561753869057,
        "min": 0.130061179399,
        "var": 0.0158477891237
    },
    "silence_rate_20dB": {
        "dmean": 0,
        "dmean2": 0,
        "dvar": 0,
        "dvar2": 0,
        "max": 1,
        "mean": 1,
        "median": 1,
        "min": 1,
        "var": 0
    },
    "silence_rate_30dB": {
        "dmean": 0.00772797549143,
        "dmean2": 0.0154619254172,
        "dvar": 0.00766815617681,
        "dvar2": 0.0159959364682,
        "max": 1,
        "mean": 0.985708773136,
        "median": 1,
        "min": 0,
        "var": 0.0140871433541
    },
    "silence_rate_60dB": {
        "dmean": 0.0347758904099,
        "dmean2": 0.0695786625147,
        "dvar": 0.0335681922734,
        "dvar2": 0.0724663957953,
        "max": 1,
        "mean": 0.160293549299,
        "median": 0,
        "min": 0,
        "var": 0.134601250291
    },
    "spectral_centroid": {
        "dmean": 111.190010071,
        "dmean2": 161.674545288,
        "dvar": 105387.179688,
        "dvar2": 127335.851562,
        "max": 11561.0390625,
        "mean": 629.86895752,
        "median": 523.49407959,
        "min": 192.805114746,
        "var": 278234.5
    },
    "spectral_complexity": {
        "dmean": 1.62210202217,
        "dmean2": 2.6865093708,
        "dvar": 5.35094976425,
        "dvar2": 13.8177556992,
        "max": 32,
        "mean": 8.3943605423,
        "median": 8,
        "min": 0,
        "var": 18.619720459
    },
    "spectral_decrease": {
        "dmean": 1.3786197739e-09,
        "dmean2": 2.00475702705e-09,
        "dvar": 6.42230927161e-18,
        "dvar2": 1.4253749668e-17,
        "max": 3.28511528033e-29,
        "mean": -5.02722041773e-09,
        "median": -3.40825634382e-09,
        "min": -6.6767050555e-08,
        "var": 3.25325502706e-17
    },
    "spectral_energy": {
        "dmean": 0.00544274318963,
        "dmean2": 0.00790619198233,
        "dvar": 0.000100875462522,
        "dvar2": 0.000221542955842,
        "max": 0.269902050495,
        "mean": 0.0200304444879,
        "median": 0.013601096347,
        "min": 1.02943669286e-20,
        "var": 0.000526970834471
    },
    "spectral_energyband_high": {
        "dmean": 0.00010954503523,
        "dmean2": 0.000163189703017,
        "dvar": 1.35203777063e-07,
        "dvar2": 2.25382521535e-07,
        "max": 0.00879640504718,
        "mean": 0.000259031628957,
        "median": 5.33538950549e-05,
        "min": 7.61127009466e-21,
        "var": 5.31468117515e-07
    },
    "spectral_energyband_low": {
        "dmean": 0.000914695265237,
        "dmean2": 0.00144573918078,
        "dvar": 6.86325347488e-06,
        "dvar2": 1.5902252926e-05,
        "max": 0.0699929371476,
        "mean": 0.00298268394545,
        "median": 0.00038982485421,
        "min": 4.76808420152e-23,
        "var": 2.49519980571e-05
    },
    "spectral_energyband_middle_high": {
        "dmean": 0.00087930902373,
        "dmean2": 0.00116109580267,
        "dvar": 1.02997928479e-05,
        "dvar2": 1.40725142046e-05,
        "max": 0.0927799940109,
        "mean": 0.00278579443693,
        "median": 0.000565869733691,
        "min": 1.49788868294e-21,
        "var": 9.3398768513e-05
    },
    "spectral_energyband_middle_low": {
        "dmean": 0.00461671408266,
        "dmean2": 0.00675723189488,
        "dvar": 7.20709867892e-05,
        "dvar2": 0.000165262870723,
        "max": 0.22360599041,
        "mean": 0.0146768111736,
        "median": 0.0100017841905,
        "min": 2.36485908614e-22,
        "var": 0.000230175821343
    },
    "spectral_entropy": {
        "dmean": 0.253302276134,
        "dmean2": 0.378685712814,
        "dvar": 0.104778811336,
        "dvar2": 0.225658252835,
        "max": 9.80813598633,
        "mean": 6.62075042725,
        "median": 6.57814359665,
        "min": 4.57988023758,
        "var": 0.3779117167
    },
    "spectral_flux": {
        "dmean": 0.0185427963734,
        "dmean2": 0.0286492556334,
        "dvar": 0.000675646355376,
        "dvar2": 0.00141289643943,
        "max": 0.409682840109,
        "mean": 0.0487909242511,
        "median": 0.036953818053,
        "min": 1.0305482856e-10,
        "var": 0.00183686369564
    },
    "spectral_kurtosis": {
        "dmean": 3.210947752,
        "dmean2": 5.0849814415,
        "dvar": 23.3046092987,
        "dvar2": 53.2942123413,
        "max": 77.0591583252,
        "mean": 10.8592882156,
        "median": 8.72096443176,
        "min": -1.18267285824,
        "var": 78.8820037842
    },
    "spectral_rms": {
        "dmean": 0.000546156021301,
        "dmean2": 0.000775945023634,
        "dvar": 5.8724202745e-07,
        "dvar2": 1.26412805912e-06,
        "max": 0.0162271093577,
        "mean": 0.00384720810689,
        "median": 0.00364271365106,
        "min": 3.16911427656e-12,
        "var": 4.74088028568e-06
    },
    "spectral_rolloff": {
        "dmean": 195.370391846,
        "dmean2": 317.505706787,
        "dvar": 655761.5,
        "dvar2": 1179315.125,
        "max": 18755.4199219,
        "mean": 822.41973877,
        "median": 581.396484375,
        "min": 150.732421875,
        "var": 2000235.25
    },
    "spectral_skewness": {
        "dmean": 0.363265693188,
        "dmean2": 0.556693077087,
        "dvar": 0.209652483463,
        "dvar2": 0.454771280289,
        "max": 7.38079547882,
        "mean": 2.69206190109,
        "median": 2.62270855904,
        "min": -0.0552543513477,
        "var": 0.9167958498
    },
    "spectral_spread": {
        "dmean": 622716.3125,
        "dmean2": 925947.5625,
        "dvar": 1.26770492211e+12,
        "dvar2": 1.75911508378e+12,
        "max": 40054056,
        "mean": 4711073,
        "median": 4368287,
        "min": 1101070.375,
        "var": 4.3216362537e+12
    },
    "spectral_strongpeak": {
        "dmean": 0.394452303648,
        "dmean2": 0.609952926636,
        "dvar": 0.433261960745,
        "dvar2": 0.87213486433,
        "max": 13.3246526718,
        "mean": 1.32915627956,
        "median": 0.775758683681,
        "min": 0,
        "var": 2.77463316917
    },
    "zerocrossingrate": {
        "dmean": 0.00704121170565,
        "dmean2": 0.00836835149676,
        "dvar": 0.0002833478502,
        "dvar2": 0.000377599440981,
        "max": 0.52001953125,
        "mean": 0.0380670763552,
        "median": 0.03076171875,
        "min": 0.0068359375,
        "var": 0.00136984977871
    },
    "barkbands": {
        "dmean": [2.48370943154e-05, 0.000634880037978, 0.000294115074212, 0.000394859118387, 0.00231913151219, 0.00140824425034, 0.000500516151078, 0.000743500422686, 0.000839768908918, 0.000339485384757, 0.000311530166073, 0.00037634302862, 0.000115200404252, 9.86005034065e-05, 5.07327749801e-05, 5.87880458625e-05, 1.82835410669e-05, 2.63090041699e-05, 2.50263910857e-05, 2.29789002333e-05, 2.39677974605e-05, 1.89987913473e-05, 1.82862440852e-05, 2.47710613621e-05, 2.59757562162e-05, 1.49022289406e-05, 3.57321594535e-09],
        "dmean2": [4.37978669652e-05, 0.000963256054092, 0.000507300894242, 0.000708990322892, 0.003795879893, 0.00206425436772, 0.000717322633136, 0.000988043379039, 0.00110678572673, 0.000474590749945, 0.000383079313906, 0.000506174343172, 0.000169375576661, 0.00015041376173, 8.06998941698e-05, 9.47119042394e-05, 3.09742172249e-05, 4.32217893831e-05, 4.16812290496e-05, 3.77728174499e-05, 3.54640251317e-05, 2.96349844575e-05, 2.75013262581e-05, 3.62756327377e-05, 3.96212853957e-05, 2.35937368416e-05, 5.85148463017e-09],
        "dvar": [1.81334005589e-08, 4.19504567617e-06, 6.80603761793e-07, 2.20870037992e-06, 2.6586052627e-05, 5.74687919652e-06, 3.19099035551e-06, 5.8215896388e-06, 2.59509615717e-05, 4.84420661451e-06, 5.95196888753e-06, 5.96440122536e-06, 7.49188643567e-07, 2.91551657483e-07, 2.80155862953e-08, 7.11561511935e-08, 2.88286039485e-09, 8.3388300709e-09, 4.66370941865e-09, 5.63384894292e-09, 6.03521232989e-09, 6.30513596889e-09, 7.99025823284e-09, 7.63467600251e-09, 7.73370434359e-09, 2.41509612309e-09, 1.25255275008e-16],
        "dvar2": [5.17127318744e-08, 9.61852856562e-06, 1.90464731986e-06, 6.51638811178e-06, 7.01907338225e-05, 1.22437968457e-05, 6.39639165456e-06, 1.16097371574e-05, 5.38894819329e-05, 1.01792193163e-05, 7.13867575541e-06, 7.80713162385e-06, 1.25396445583e-06, 5.45343027625e-07, 6.56575451785e-08, 1.81789062026e-07, 7.54894724508e-09, 1.92797706688e-08, 1.24136354529e-08, 1.52432484413e-08, 1.23688357334e-08, 1.21171552792e-08, 1.34012765329e-08, 1.28922330589e-08, 1.55311621342e-08, 5.32825428223e-09, 3.10613413915e-16],
        "max": [0.00327360024676, 0.0646409317851, 0.0130746979266, 0.0293520875275, 0.0760195851326, 0.0520481914282, 0.042154289782, 0.0608799085021, 0.205482617021, 0.0696270018816, 0.0766410976648, 0.0834816843271, 0.0398734584451, 0.0188951361924, 0.00432870537043, 0.0070314174518, 0.000712965033017, 0.0029334705323, 0.0012171814451, 0.00137310265563, 0.00192702317145, 0.0021268739365, 0.00291585479863, 0.00316394632682, 0.00214729132131, 0.00107873114757, 1.640746774e-07],
        "mean": [3.70638081222e-05, 0.00148060196079, 0.000808620592579, 0.000974653870799, 0.0037569149863, 0.00397680699825, 0.00112045626156, 0.00268558249809, 0.00202635582536, 0.000556374085136, 0.000738778326195, 0.000965675339103, 0.000196908513317, 0.000147379672853, 7.9056379036e-05, 9.90890839603e-05, 2.56162074947e-05, 4.10136235587e-05, 4.10483335145e-05, 4.00275021093e-05, 4.60811352241e-05, 3.01323234453e-05, 3.05882058456e-05, 4.96389111504e-05, 5.04877752974e-05, 2.55001050391e-05, 3.99134458817e-09],
        "median": [1.73330954567e-06, 0.000119855452795, 0.000154212597408, 0.000114187452709, 0.00203853892162, 0.00184081215411, 0.000214517349377, 0.000268565287115, 0.000130451837322, 7.61644696468e-05, 1.70796247403e-05, 6.10746137681e-05, 2.88114679279e-05, 2.11583665077e-05, 1.71573392436e-05, 6.49126286589e-06, 4.67175323138e-06, 4.70050053991e-06, 7.67432175053e-06, 1.18596444736e-05, 5.35775870958e-06, 1.10267114906e-06, 1.56808562224e-06, 9.29701127461e-06, 7.80624122854e-06, 4.45303612651e-06, 6.99010571648e-10],
        "min": [9.09429222684e-25, 2.16829037868e-23, 4.99067014117e-24, 5.98020463891e-24, 2.13716460948e-23, 2.95883108431e-23, 2.3533653512e-23, 4.61701008065e-23, 6.88018480678e-23, 4.43697245833e-23, 4.9776365813e-23, 9.05429745226e-23, 5.93760078577e-23, 7.38668525721e-23, 8.0687773099e-23, 7.97966505769e-23, 1.96956252736e-22, 1.84162493954e-22, 2.59212170878e-22, 2.85307866328e-22, 3.69503432504e-22, 4.61092001136e-22, 6.36190293962e-22, 8.53319095818e-22, 1.13472186085e-21, 1.64080301593e-21, 2.16300136923e-21],
        "var": [1.83090165251e-08, 9.38989160204e-06, 1.79574976755e-06, 3.55130282514e-06, 3.01452128042e-05, 3.4607212001e-05, 9.98370433081e-06, 4.39221439592e-05, 5.85009220231e-05, 8.27842904982e-06, 2.93055509246e-05, 3.89591878047e-05, 2.70526993518e-06, 4.60298451799e-07, 5.50861614101e-08, 1.61477117899e-07, 3.86763510107e-09, 2.42932873817e-08, 1.12437774646e-08, 8.30090574055e-09, 1.75292012017e-08, 1.87746902469e-08, 2.91086621473e-08, 2.29661836215e-08, 2.22324878507e-08, 5.76017589182e-09, 1.65511587852e-16]
    },
    "erbbands": {
        "dmean": [0.0193905048072, 0.141814082861, 0.292359352112, 0.880266964436, 2.63557386398, 8.64608383179, 16.1989192963, 10.2203979492, 8.35247516632, 5.70655298233, 21.2302341461, 20.8289241791, 13.9570980072, 11.3365411758, 15.2347745895, 13.0150575638, 5.47829389572, 4.89623594284, 3.48909974098, 2.59759163857, 2.98026299477, 0.991620242596, 1.26326048374, 1.43271052837, 1.07518172264, 1.14052438736, 1.18764269352, 0.768307924271, 0.657288074493, 0.559710562229, 0.5504540205, 0.454156219959, 0.46678635478, 0.338225573301, 0.166413903236, 0.0631576031446, 0.0307877138257, 0.00375690148212, 6.72592941555e-05, 8.01786791271e-06],
        "dmean2": [0.0300144664943, 0.214019760489, 0.50160753727, 1.57110655308, 4.55049324036, 14.2508649826, 25.5976791382, 14.73341465, 12.0099954605, 7.86747598648, 28.060962677, 27.4115867615, 17.9330005646, 14.1786022186, 18.3460636139, 15.9386539459, 7.91567373276, 7.31769132614, 5.30229520798, 4.24014377594, 4.67742061615, 1.68185687065, 2.08452653885, 2.29953241348, 1.78799211979, 1.8590041399, 1.81890654564, 1.13973474503, 1.01403558254, 0.877087235451, 0.858472883701, 0.698541045189, 0.678908526897, 0.523238182068, 0.252443909645, 0.101319715381, 0.0491814762354, 0.0059516383335, 0.000105604478449, 1.18024609037e-05],
        "dvar": [0.00712113641202, 0.15382142365, 0.672653019428, 9.67801570892, 59.4735374451, 403.67276001, 1129.00891113, 471.692779541, 625.66619873, 279.685180664, 4813.38183594, 21525.9765625, 10136.5761719, 3313.65917969, 8777.7421875, 4805.27929688, 2062.7434082, 653.698364258, 210.549438477, 120.786392212, 194.15171814, 8.71017074585, 18.2894001007, 19.5069046021, 11.032793045, 12.9554204941, 17.1818351746, 8.39805221558, 7.92451715469, 7.4755616188, 8.78913497925, 3.30867934227, 2.61155819893, 1.23849451542, 0.353999942541, 0.057647716254, 0.00844394974411, 0.000120343967865, 3.8546012604e-08, 2.16205234271e-10],
        "dvar2": [0.0174816548824, 0.344468891621, 1.84113395214, 28.3138198853, 171.152984619, 1062.93969727, 3090.54248047, 898.42779541, 1241.06347656, 526.653259277, 9501.50097656, 48440.6210938, 19506.2246094, 4912.78808594, 10947.2880859, 5635.17041016, 3301.44189453, 1476.08728027, 482.321472168, 327.460540771, 440.297454834, 23.275188446, 44.6253852844, 48.3007469177, 29.4692115784, 33.8269081116, 39.4184265137, 17.1263561249, 15.1495456696, 13.9061393738, 18.963388443, 6.45411777496, 4.40884923935, 2.58156561852, 0.731152117252, 0.127143070102, 0.0190669652075, 0.000265699898591, 8.41566176746e-08, 4.76952588535e-10],
        "max": [2.74916005135, 10.9610595703, 13.4672260284, 66.4164428711, 159.706054688, 253.751190186, 482.667358398, 545.184387207, 612.163513184, 552.006286621, 1772.2545166, 6090.08642578, 3441.41479492, 1862.91992188, 3535.33691406, 2763.63549805, 2137.13232422, 944.773864746, 534.576049805, 211.978729248, 485.191070557, 39.3171310425, 123.868606567, 108.807594299, 56.2323722839, 58.1916694641, 117.154754639, 64.0524978638, 67.6002197266, 82.6548919678, 95.7286529541, 45.4264259338, 62.9494285583, 24.6581039429, 14.7526044846, 5.97813796997, 1.76250886917, 0.215193003416, 0.0038134844508, 0.000322934094584],
        "mean": [0.0397159121931, 0.342204272747, 0.894628584385, 2.59855484962, 4.17572975159, 12.9704504013, 34.8927993774, 28.3869400024, 20.2611370087, 15.0211305618, 76.1376190186, 51.065826416, 25.8856697083, 23.9821586609, 43.2503662109, 29.5991897583, 10.2158908844, 7.87531328201, 5.49158382416, 4.07203626633, 5.02487182617, 1.52017605305, 2.02093648911, 2.22522783279, 1.85365796089, 2.02275681496, 2.19638061523, 1.44005656242, 1.07428777218, 0.901064038277, 0.910515546799, 0.813839614391, 0.968734145164, 0.678229391575, 0.296423882246, 0.104892134666, 0.0514119118452, 0.00607971195132, 0.000120061973576, 2.77612089121e-05],
        "median": [0.00149999803398, 0.0330097712576, 0.179426819086, 0.335455179214, 1.82951593399, 6.28527069092, 18.5408878326, 8.28166484833, 5.39809799194, 5.12996244431, 9.63508892059, 6.0029630661, 2.44626569748, 3.23637866974, 1.92055475712, 2.56614851952, 1.70221364498, 1.59267151356, 1.2191234827, 0.592629790306, 0.330906689167, 0.254594296217, 0.268690168858, 0.370188236237, 0.386052429676, 0.623424947262, 0.354392290115, 0.144056856632, 0.0457442626357, 0.0298651326448, 0.0516066066921, 0.124878026545, 0.187743246555, 0.111910618842, 0.0387863777578, 0.0133725535125, 0.00998776499182, 0.00101821636781, 2.78729039564e-05, 1.7516900698e-05],
        "min": [7.90505068052e-22, 4.13965445609e-21, 6.0299596613e-21, 1.85175802321e-20, 2.13015260539e-20, 1.10189595353e-19, 1.68048475207e-19, 2.2890874114e-19, 3.40710395185e-19, 7.77255661393e-19, 6.669216584e-19, 1.67493300015e-18, 1.48256263612e-18, 1.49157073639e-18, 2.62345356393e-18, 3.7829872816e-18, 2.78026839651e-18, 4.16905232581e-18, 5.10087087226e-18, 4.28877472536e-18, 5.14705236586e-18, 1.18759701936e-17, 8.61116193491e-18, 1.3612133791e-17, 1.2866994606e-17, 1.44054843709e-17, 1.40930334381e-17, 1.63487632403e-17, 1.82683797812e-17, 1.37261383046e-17, 1.60418577264e-17, 1.60315394754e-17, 1.48833449564e-17, 1.09048154867e-17, 8.86148085034e-18, 5.10018844826e-18, 3.1340961443e-18, 1.19107742314e-18, 3.0987772899e-19, 3.05580357687e-20],
        "var": [0.0108324326575, 0.41967561841, 2.48858332634, 22.4294242859, 52.5794715881, 428.521881104, 2378.27783203, 3463.84790039, 2344.6418457, 990.725585938, 32917.8789062, 36808.9453125, 21437.7421875, 11126.8310547, 61506.2265625, 29055.7128906, 6769.64013672, 946.38684082, 285.97052002, 134.753189087, 628.737243652, 13.9990854263, 48.6182365417, 35.5854377747, 23.6606674194, 19.8836612701, 33.2562942505, 25.0323123932, 21.1441440582, 26.8713550568, 24.6938915253, 9.3883600235, 7.74267339706, 3.45606303215, 0.936184644699, 0.144336014986, 0.0182838588953, 0.000268302712357, 8.96788634464e-08, 1.01303199163e-09]
    },
    "gfcc": {
        "mean": [-90.1908721924, 108.619483948, -82.0424118042, -5.49699878693, -72.3316421509, -0.208669647574, -51.6899909973, 7.2130522728, -40.3738670349, 8.12920570374, -11.3066034317, -8.10232639313, -6.45294380188],
        "cov": [[11235.4951172, -1117.99780273, -645.88482666, 605.898498535, -118.988479614, 239.046218872, 12.7341985703, 368.80569458, -57.2355690002, 204.052627563, -246.401245117, -13.0056829453, 387.326446533], [-1117.99780273, 1457.78723145, 182.748809814, -182.994888306, 421.631774902, 170.145462036, 213.460510254, -63.9736938477, 43.4007377625, -59.2903175354, 189.460968018, -79.069229126, -114.796920776], [-645.88482666, 182.748809814, 823.704589844, 398.680847168, 183.085891724, 215.333007812, 71.861038208, -74.5854797363, 97.6204452515, 54.312084198, 18.2953681946, 114.6848526, -106.964752197], [605.898498535, -182.994888306, 398.680847168, 684.789489746, 205.181976318, 173.514068604, 48.4227180481, 9.31158447266, 143.903182983, 53.1783218384, -66.0609283447, 124.319984436, -23.3900432587], [-118.988479614, 421.631774902, 183.085891724, 205.181976318, 438.369384766, 113.197052002, 28.8983745575, 38.3327980042, 109.805206299, -15.7695293427, 6.44770479202, 58.0461425781, -20.5424537659], [239.046218872, 170.145462036, 215.333007812, 173.514068604, 113.197052002, 370.926757812, 240.972076416, -41.8441390991, 0.927071213722, 59.9466781616, 31.4336986542, 8.02515697479, -43.3837585449], [12.7341985703, 213.460510254, 71.861038208, 48.4227180481, 28.8983745575, 240.972076416, 387.806549072, 1.81387448311, -42.6235275269, 59.6647071838, 35.2276077271, -58.0663757324, 3.05800652504], [368.80569458, -63.9736938477, -74.5854797363, 9.31158447266, 38.3327980042, -41.8441390991, 1.81387448311, 190.450790405, 66.8851699829, 15.0758008957, -35.4639358521, -25.9670543671, 68.9001312256], [-57.2355690002, 43.4007377625, 97.6204452515, 143.903182983, 109.805206299, 0.927071213722, -42.6235275269, 66.8851699829, 196.072174072, 29.4202060699, -51.487739563, 21.9226570129, -13.623290062], [204.052627563, -59.2903175354, 54.312084198, 53.1783218384, -15.7695293427, 59.9466781616, 59.6647071838, 15.0758008957, 29.4202060699, 121.590522766, -1.64362132549, -33.8377914429, 19.2354812622], [-246.401245117, 189.460968018, 18.2953681946, -66.0609283447, 6.44770479202, 31.4336986542, 35.2276077271, -35.4639358521, -51.487739563, -1.64362132549, 141.900527954, 8.99570274353, -24.1730709076], [-13.0056829453, -79.069229126, 114.6848526, 124.319984436, 58.0461425781, 8.02515697479, -58.0663757324, -25.9670543671, 21.9226570129, -33.8377914429, 8.99570274353, 161.421661377, 4.92677879333], [387.326446533, -114.796920776, -106.964752197, -23.3900432587, -20.5424537659, -43.3837585449, 3.05800652504, 68.9001312256, -13.623290062, 19.2354812622, -24.1730709076, 4.92677879333, 184.515716553]],
        "icov": [[0.000141296011861, -6.3894156483e-05, 0.00022233837808, -0.000272214238066, 0.000131021501147, -0.000278328428976, 0.000233760700212, -0.000313047436066, 0.000319127750117, -0.000248228898272, 0.000194565829588, -7.08521038177e-05, -0.000102982186945], [-6.3894156483e-05, 0.00257126381621, -0.000748029502574, 0.00160119612701, -0.00273919198662, 0.000388946529711, -0.00148585741408, 0.00159879890271, -0.00198280415498, 0.00201023276895, -0.00273268902674, 0.0020855339244, -5.23624548805e-05], [0.00022233837808, -0.000748029502574, 0.0026581576094, -0.00158108212054, 0.000655445677694, -0.000970123976003, 0.000694226531778, -0.000335705204634, 0.000602160056587, -0.00163373886608, 0.000649551919196, -0.00149311043788, 0.000706875522155], [-0.000272214238066, 0.00160119612701, -0.00158108212054, 0.00428984407336, -0.00230313604698, 6.06303619861e-05, -0.00137758324854, 0.0013197431108, -0.00242698518559, 0.00069817045005, -0.000464317156002, -0.000379885343136, 0.000180053553777], [0.000131021501147, -0.00273919198662, 0.000655445677694, -0.00230313604698, 0.00637473771349, -0.00160761608277, 0.00181884481572, -0.00243099615909, 0.00050452031428, -0.000490362523124, 0.00200924370438, -0.00224729115143, -0.000270277494565], [-0.000278328428976, 0.000388946529711, -0.000970123976003, 6.06303619861e-05, -0.00160761608277, 0.00695303175598, -0.00410983711481, 0.00176997110248, -0.000300479674479, -0.000976012437604, -0.000763591961004, -0.000306090980303, 0.00112225709017], [0.000233760700212, -0.00148585741408, 0.000694226531778, -0.00137758324854, 0.00181884481572, -0.00410983711481, 0.00641866680235, -0.0021758384537, 0.00264794239774, -0.00178684305865, 0.00112734094728, 0.000593239441514, -0.000731395324692], [-0.000313047436066, 0.00159879890271, -0.000335705204634, 0.0013197431108, -0.00243099615909, 0.00176997110248, -0.0021758384537, 0.00969980005175, -0.00491796899587, 0.00192287273239, -0.00173385732342, 0.00279330438934, -0.00268121529371], [0.000319127750117, -0.00198280415498, 0.000602160056587, -0.00242698518559, 0.00050452031428, -0.000300479674479, 0.00264794239774, -0.00491796899587, 0.0114689320326, -0.00487812235951, 0.00474249757826, -0.00241346401162, 0.00195703981444], [-0.000248228898272, 0.00201023276895, -0.00163373886608, 0.00069817045005, -0.000490362523124, -0.000976012437604, -0.00178684305865, 0.00192287273239, -0.00487812235951, 0.0141322612762, -0.00379660143517, 0.00539298169315, -0.00253414129838], [0.000194565829588, -0.00273268902674, 0.000649551919196, -0.000464317156002, 0.00200924370438, -0.000763591961004, 0.00112734094728, -0.00173385732342, 0.00474249757826, -0.00379660143517, 0.0122675243765, -0.00414936384186, 0.00134590966627], [-7.08521038177e-05, 0.0020855339244, -0.00149311043788, -0.000379885343136, -0.00224729115143, -0.000306090980303, 0.000593239441514, 0.00279330438934, -0.00241346401162, 0.00539298169315, -0.00414936384186, 0.0118142906576, -0.00244197389111], [-0.000102982186945, -5.23624548805e-05, 0.000706875522155, 0.000180053553777, -0.000270277494565, 0.00112225709017, -0.000731395324692, -0.00268121529371, 0.00195703981444, -0.00253414129838, 0.00134590966627, -0.00244197389111, 0.00793308950961]]
    },
    "melbands": {
        "dmean": [0.000176431363798, 0.00015488799545, 0.000176561181433, 0.000379508041078, 0.00054224167252, 0.00022825555061, 0.000127501392853, 7.04984267941e-05, 0.000182735995622, 0.000122208715766, 6.48786808597e-05, 4.40118892584e-05, 5.32068406756e-05, 5.38979620615e-05, 1.3262552784e-05, 1.13389778562e-05, 9.19028661883e-06, 6.39380232315e-06, 3.76543152925e-06, 3.85710472983e-06, 3.46468596035e-06, 9.87563112176e-07, 9.4133491757e-07, 1.53199744091e-06, 1.19891637951e-06, 8.97322991023e-07, 6.73902832204e-07, 8.49784726142e-07, 9.22233198253e-07, 5.2336764611e-07, 4.60623255094e-07, 4.16659077018e-07, 3.67872047491e-07, 3.23722872508e-07, 3.39075427291e-07, 3.07691436774e-07, 2.91856821377e-07, 3.3673472899e-07, 3.44287684584e-07, 2.90050195417e-07],
        "dmean2": [0.000268430041615, 0.000254062819295, 0.000314575678203, 0.000627371657174, 0.000863280787598, 0.000328538095346, 0.000181581563083, 9.67830274021e-05, 0.000238426044234, 0.000164592333022, 8.33638259792e-05, 5.74685327592e-05, 5.9542224335e-05, 6.57228010823e-05, 1.9266113668e-05, 1.70149924088e-05, 1.37450442708e-05, 9.75905822997e-06, 5.94948915023e-06, 6.46505759505e-06, 5.40179280506e-06, 1.66695349435e-06, 1.60889533163e-06, 2.53454481935e-06, 1.93712139662e-06, 1.48420042478e-06, 1.1389483916e-06, 1.37525921673e-06, 1.42869521369e-06, 8.05482272881e-07, 6.97495750046e-07, 6.29240389571e-07, 5.89760531966e-07, 5.2114785376e-07, 5.42275472526e-07, 4.79259199437e-07, 4.54752438372e-07, 4.99039572333e-07, 5.38820131624e-07, 4.56086468148e-07],
        "dvar": [4.18169918248e-07, 1.55686706194e-07, 3.90614928847e-07, 8.08868833246e-07, 1.38454652188e-06, 2.04057684527e-07, 1.55211978381e-07, 3.54014488835e-08, 3.64339285852e-07, 7.152307262e-07, 2.35993738329e-07, 5.72051526149e-08, 1.2351169687e-07, 1.11605977793e-07, 5.79103653919e-09, 4.55766846486e-09, 3.12623105181e-09, 1.17320397841e-09, 2.18841930688e-10, 3.12436049255e-10, 2.70999223062e-10, 8.37512611346e-12, 7.80663728106e-12, 3.59990856569e-11, 1.41345563726e-11, 6.37490451053e-12, 5.39765367819e-12, 7.11469468409e-12, 1.08033035642e-11, 3.19777516099e-12, 3.5389705489e-12, 3.34265341101e-12, 3.09312970202e-12, 3.02088107133e-12, 3.36908235685e-12, 2.2840722369e-12, 1.2773564758e-12, 1.29744468207e-12, 1.41964478367e-12, 8.93101673345e-13],
        "dvar2": [9.80975755738e-07, 4.01892378932e-07, 1.14450097044e-06, 2.15640557144e-06, 3.77659830519e-06, 3.92586429143e-07, 3.08195836851e-07, 7.02517866102e-08, 7.0639077876e-07, 1.59826709023e-06, 4.53630491393e-07, 8.66853753223e-08, 1.1915075504e-07, 1.2701838159e-07, 9.59720214411e-09, 7.63952812122e-09, 7.09364256224e-09, 2.78237588525e-09, 5.02508201716e-10, 8.68406624388e-10, 5.58368795645e-10, 2.2275533848e-11, 2.0916808216e-11, 8.29036908567e-11, 3.45406238333e-11, 1.63306677209e-11, 1.42220775087e-11, 1.88719404687e-11, 2.43974476039e-11, 7.14158203061e-12, 7.36591256739e-12, 6.45634283883e-12, 7.38537529743e-12, 6.38073491613e-12, 7.71285639523e-12, 5.04407930355e-12, 2.59126596049e-12, 2.21896502908e-12, 2.88195248915e-12, 1.9555303557e-12],
        "max": [0.0210251454264, 0.00646725669503, 0.0135328900069, 0.0103249065578, 0.0184809248894, 0.0115660624579, 0.0094349142164, 0.00617350684479, 0.0145683586597, 0.0338611342013, 0.016688881442, 0.00797333102673, 0.0124487075955, 0.012670667842, 0.00333024864085, 0.00299523561262, 0.00215957360342, 0.00132513232529, 0.000460974057205, 0.000316131656291, 0.000612061121501, 4.7705565521e-05, 4.12472872995e-05, 0.000181076611625, 8.4528401203e-05, 4.64877484774e-05, 3.80128731194e-05, 4.95316162414e-05, 8.33961094031e-05, 3.60293634003e-05, 3.68065520888e-05, 3.49774236383e-05, 5.85404413869e-05, 6.26178443781e-05, 5.48515781702e-05, 4.5372369641e-05, 3.40487713402e-05, 4.26729748142e-05, 3.78739387088e-05, 1.90377013496e-05],
        "mean": [0.000387295702239, 0.000469499325845, 0.00044298110879, 0.000563590147067, 0.00109795248136, 0.000641129619908, 0.000303721870296, 0.000197023065994, 0.000616575649474, 0.00029185396852, 0.000118115291116, 8.8862812845e-05, 0.00013540618238, 0.000136894464958, 2.45131159318e-05, 1.86496399692e-05, 1.38750456244e-05, 9.12929135666e-06, 5.76638512939e-06, 6.15013414063e-06, 5.4700731198e-06, 1.31586625685e-06, 1.29402928906e-06, 2.46592730946e-06, 1.70785961018e-06, 1.54401470809e-06, 1.10050189051e-06, 1.41071700455e-06, 1.53868802499e-06, 1.00202873909e-06, 7.75984517531e-07, 6.22609036327e-07, 5.35699200555e-07, 4.78520064462e-07, 5.14585963174e-07, 5.04048955463e-07, 4.89866636144e-07, 6.68136749482e-07, 6.69352630212e-07, 5.49657613647e-07],
        "median": [2.40615336224e-05, 8.48088384373e-05, 9.0918270871e-05, 0.000252652709605, 0.000606624642387, 0.000219717869186, 7.32467669877e-05, 5.61933593417e-05, 7.1535090683e-05, 2.19568282773e-05, 8.67628114065e-06, 1.09796001198e-05, 4.07294373872e-06, 7.5987109085e-06, 4.08477899327e-06, 3.30198668053e-06, 2.43219369622e-06, 1.62852973062e-06, 1.03939771634e-06, 5.16059230904e-07, 3.10658094804e-07, 2.24246889502e-07, 2.45939958177e-07, 2.10631398545e-07, 2.67715563496e-07, 2.54139450817e-07, 2.36129650943e-07, 4.29815713687e-07, 2.48237427058e-07, 1.00958132521e-07, 5.99769265364e-08, 2.58012065046e-08, 8.43038883147e-09, 1.375533909e-08, 2.21075318052e-08, 4.19401509077e-08, 7.65124923419e-08, 1.20715853313e-07, 1.02158480786e-07, 8.49840517958e-08],
        "min": [6.13743526694e-24, 4.26659364893e-24, 2.63379199237e-24, 4.74868390305e-24, 7.02830180366e-24, 5.95256295279e-24, 5.60565900314e-24, 9.64827453069e-24, 5.1701927951e-24, 1.06133172639e-23, 7.01878814115e-24, 6.15237668692e-24, 7.3505846156e-24, 9.76648849278e-24, 9.78149026062e-24, 5.89694589239e-24, 7.98679146933e-24, 8.05610078847e-24, 5.94213026732e-24, 5.57841135304e-24, 5.96544820682e-24, 1.29707428822e-23, 8.01912451126e-24, 7.96080796884e-24, 1.15653437922e-23, 9.31780886458e-24, 1.1092293884e-23, 8.98715466072e-24, 8.50340858756e-24, 9.15347967169e-24, 9.25071308915e-24, 1.06296813945e-23, 7.94822327082e-24, 8.02421187523e-24, 7.51780735029e-24, 1.00087871198e-23, 7.62823683297e-24, 1.09177079217e-23, 8.99235956497e-24, 9.31425425734e-24],
        "var": [7.67972494486e-07, 6.32158105418e-07, 5.95809808601e-07, 8.59147576193e-07, 2.33249488701e-06, 1.46736556417e-06, 5.55089570753e-07, 1.613206706e-07, 2.01796160582e-06, 1.31851447804e-06, 5.12979511313e-07, 1.85508270079e-07, 7.72630471602e-07, 8.25625022571e-07, 2.43461997229e-08, 1.22857182205e-08, 3.92501986468e-09, 1.36695754716e-09, 4.57979765223e-10, 3.72957331685e-10, 9.27634913328e-10, 1.03880948982e-11, 9.83231725205e-12, 1.14781746607e-10, 2.27065154873e-11, 1.75569697669e-11, 9.81730495508e-12, 9.82918520881e-12, 1.79914607518e-11, 9.5453740398e-12, 9.14988571021e-12, 7.18381300627e-12, 8.97670132671e-12, 8.46710548896e-12, 8.28199921837e-12, 6.18501387259e-12, 3.07297937097e-12, 3.64447274442e-12, 3.7674572663e-12, 2.30921098215e-12]
    },
    "mfcc": {
        "mean": [-750.863708496, 155.154220581, 29.2125759125, 0.78081882, 0.187817364931, -18.0582580566, 6.00373744965, -22.6863231659, -10.2498464584, -0.324608027935, -9.21064376831, -0.612626194954, -8.19770908356],
        "cov": [[8539.89453125, -867.541442871, -502.028930664, 162.168914795, 99.1904983521, -151.272232056, 308.624053955, -265.425994873, 530.772033691, 170.398406982, -223.333312988, 43.7306175232, -134.564620972], [-867.541442871, 1567.17565918, -121.905548096, -194.837677002, 145.030059814, 78.0765533447, 207.9740448, 94.7450408936, -151.757110596, 91.6954803467, 75.4036636353, 41.6217918396, 53.4181480408], [-502.028930664, -121.905548096, 721.628540039, 197.823135376, 34.8477935791, 347.032897949, 21.9207382202, 123.721138, -18.2125015259, 8.99922561646, 97.7303085327, 44.6657485962, 58.2906761169], [162.168914795, -194.837677002, 197.823135376, 440.361755371, 233.212112427, 153.476501465, -67.3500747681, 128.752151489, 97.5593261719, -15.6217126846, 38.4892082214, 9.01766490936, 29.1671028137], [99.1904983521, 145.030059814, 34.8477935791, 233.212112427, 455.945800781, 50.1790351868, -134.677124023, 124.831710815, 46.1923866272, 8.69249629974, -14.8605194092, 41.10912323, 29.2336864471], [-151.272232056, 78.0765533447, 347.032897949, 153.476501465, 50.1790351868, 542.716491699, 140.082489014, 178.505615234, -2.36934447289, 22.8880748749, 133.947769165, 4.64811658859, 87.2530212402], [308.624053955, 207.9740448, 21.9207382202, -67.3500747681, -134.677124023, 140.082489014, 380.116790771, -4.25433444977, 30.5974082947, 61.8597145081, 44.6426048279, -8.91666507721, 19.0135440826], [-265.425994873, 94.7450408936, 123.721138, 128.752151489, 124.831710815, 178.505615234, -4.25433444977, 261.09387207, -20.550195694, -7.81252336502, 34.5679893494, 5.37056016922, 82.4615478516], [530.772033691, -151.757110596, -18.2125015259, 97.5593261719, 46.1923866272, -2.36934447289, 30.5974082947, -20.550195694, 306.324768066, 45.7407875061, 11.3083000183, 12.8431615829, -44.3156356812], [170.398406982, 91.6954803467, 8.99922561646, -15.6217126846, 8.69249629974, 22.8880748749, 61.8597145081, -7.81252336502, 45.7407875061, 204.87097168, 37.8168144226, 26.6698455811, -5.37057209015], [-223.333312988, 75.4036636353, 97.7303085327, 38.4892082214, -14.8605194092, 133.947769165, 44.6426048279, 34.5679893494, 11.3083000183, 37.8168144226, 150.42364502, 12.4705410004, 2.95263648033], [43.7306175232, 41.6217918396, 44.6657485962, 9.01766490936, 41.10912323, 4.64811658859, -8.91666507721, 5.37056016922, 12.8431615829, 26.6698455811, 12.4705410004, 128.229721069, 18.1125106812], [-134.564620972, 53.4181480408, 58.2906761169, 29.1671028137, 29.2336864471, 87.2530212402, 19.0135440826, 82.4615478516, -44.3156356812, -5.37057209015, 2.95263648033, 18.1125106812, 126.4270401]],
