{
"lowlevel": {
    "average_loudness": 0.930999577045,
    "barkbands_crest": {
        "dmean": 1.87972474098,
        "dmean2": 3.06265330315,
        "dvar": 3.49737930298,
        "dvar2": 8.81241130829,
        "max": 25.5890102386,
        "mean": 12.5189762115,
        "median": 11.7040786743,
        "min": 3.78983712196,
        "var": 20.4960670471
    },
    "barkbands_flatness_db": {
        "dmean": 0.0207419842482,
        "dmean2": 0.0320142433047,
        "dvar": 0.000460489682155,
        "dvar2": 0.00103899370879,
        "max": 0.449640333652,
        "mean": 0.263618528843,
        "median": 0.258252590895,
        "min": 0.0916201397777,
        "var": 0.00328152091242
    },
    "barkbands_kurtosis": {
        "dmean": 5.2282705307,
        "dmean2": 8.29051876068,
        "dvar": 60.918510437,
        "dvar2": 159.419006348,
        "max": 103.533088684,
        "mean": 14.5886173248,
        "median": 8.93141746521,
        "min": -1.79448366165,
        "var": 262.679595947
    },
    "barkbands_skewness": {
        "dmean": 0.559654176235,
        "dmean2": 0.853919506073,
        "dvar": 0.343497544527,
        "dvar2": 0.84798938036,
        "max": 8.95301437378,
        "mean": 2.70625185966,
        "median": 2.48817896843,
        "min": -1.43495428562,
        "var": 2.99327015877
    },
    "barkbands_spread": {
        "dmean": 2.14430713654,
        "dmean2": 3.23528003693,
        "dvar": 20.3532772064,
        "dvar2": 39.3708000183,
        "max": 84.5540008545,
        "mean": 8.43119239807,
        "median": 6.47992277145,
        "min": 0.746511936188,
        "var": 64.4183273315
    },
    "dissonance": {
        "dmean": 0.0280696246773,
        "dmean2": 0.0466392636299,
        "dvar": 0.000644072599243,
        "dvar2": 0.00182729482185,
        "max": 0.499175101519,
        "mean": 0.425878942013,
        "median": 0.431637316942,
        "min": 0.263050049543,
        "var": 0.00153021514416
    },
    "dynamic_complexity": 3.39935517311,
    "erbbands_crest": {
        "dmean": 2.46564674377,
        "dmean2": 3.82654500008,
        "dvar": 5.9565987587,
        "dvar2": 13.5389547348,
        "max": 32.1818466187,
        "mean": 11.1006278992,
        "median": 9.6814699173,
        "min": 3.02320861816,
        "var": 29.7868671417
    },
    "erbbands_flatness_db": {
        "dmean": 0.0144443465397,
        "dmean2": 0.0200468283147,
        "dvar": 0.000209383273614,
        "dvar2": 0.000368291715859,
        "max": 0.350260078907,
        "mean": 0.217933475971,
        "median": 0.219285160303,
        "min": 0.110547348857,
        "var": 0.00154710572679
    },
    "erbbands_kurtosis": {
        "dmean": 1.06726694107,
        "dmean2": 1.64059960842,
        "dvar": 2.33416414261,
        "dvar2": 5.18581342697,
        "max": 23.708738327,
        "mean": 1.33022522926,
        "median": 0.542671918869,
        "min": -1.78353512287,
        "var": 7.37866449356
    },
    "erbbands_skewness": {
        "dmean": 0.310290008783,
        "dmean2": 0.464998841286,
        "dvar": 0.0991826355457,
        "dvar2": 0.203273326159,
        "max": 3.82524442673,
        "mean": 0.787382125854,
        "median": 0.759077966213,
        "min": -2.60256171227,
        "var": 0.40325537324
    },
    "erbbands_spread": {
        "dmean": 6.55723381042,
        "dmean2": 9.39217281342,
        "dvar": 90.7058258057,
        "dvar2": 161.601470947,
        "max": 155.875518799,
        "mean": 32.7547798157,
        "median": 28.2413101196,
        "min": 3.12304067612,
        "var": 407.545043945
    },
    "hfc": {
        "dmean": 2.43814778328,
        "dmean2": 3.39312148094,
        "dvar": 17.4205513,
        "dvar2": 29.7010116577,
        "max": 108.928443909,
        "mean": 10.9023218155,
        "median": 5.59728002548,
        "min": 3.33174575644e-05,
        "var": 188.669647217
    },
    "melbands_crest": {
        "dmean": 2.32881259918,
        "dmean2": 3.67997932434,
        "dvar": 5.21008396149,
        "dvar2": 13.0061979294,
        "max": 31.4144611359,
        "mean": 18.2342948914,
        "median": 17.9014701843,
        "min": 6.05629920959,
        "var": 30.4276847839
    },
    "melbands_flatness_db": {
        "dmean": 0.0224821902812,
        "dmean2": 0.0323354899883,
        "dvar": 0.000647948589176,
        "dvar2": 0.00127836083993,
        "max": 0.570674061775,
        "mean": 0.331099122763,
        "median": 0.325127124786,
        "min": 0.074535779655,
        "var": 0.0061982832849
    },
    "melbands_kurtosis": {
        "dmean": 10.6912174225,
        "dmean2": 16.3402061462,
        "dvar": 243.766998291,
        "dvar2": 552.631164551,
        "max": 264.689300537,
        "mean": 31.0695056915,
        "median": 18.5386447906,
        "min": -1.5340873003,
        "var": 1178.29467773
    },
    "melbands_skewness": {
        "dmean": 0.737718164921,
        "dmean2": 1.10768699646,
        "dvar": 0.650362849236,
        "dvar2": 1.38827180862,
        "max": 13.2880249023,
        "mean": 3.71554613113,
        "median": 3.42919492722,
        "min": -0.959621846676,
        "var": 5.43690729141
    },
    "melbands_spread": {
        "dmean": 1.98783934116,
        "dmean2": 2.98503804207,
        "dvar": 23.5015068054,
        "dvar2": 46.982837677,
        "max": 193.26348877,
        "mean": 8.31525421143,
        "median": 5.95946788788,
        "min": 0.677937805653,
        "var": 69.6351394653
    },
    "pitch_salience": {
        "dmean": 0.0606734082103,
        "dmean2": 0.0986658036709,
        "dvar": 0.00319213257171,
        "dvar2": 0.00874726567417,
        "max": 0.783891022205,
        "mean": 0.425912827253,
        "median": 0.429236650467,
        "min": 0.108389988542,
        "var": 0.0105073004961
    },
    "silence_rate_20dB": {
        "dmean": 0,
        "dmean2": 0,
        "dvar": 0,
        "dvar2": 0,
        "max": 1,
        "mean": 1,
        "median": 1,
        "min": 1,
        "var": 0
    },
    "silence_rate_30dB": {
        "dmean": 0.00697134016082,
        "dmean2": 0.0139480819926,
        "dvar": 0.00692273816094,
        "dvar2": 0.0176279973239,
        "max": 1,
        "mean": 0.99225705862,
        "median": 1,
        "min": 0,
        "var": 0.00768297584727
    },
    "silence_rate_60dB": {
        "dmean": 0.00619674660265,
        "dmean2": 0.0123982951045,
        "dvar": 0.00615842081606,
        "dvar2": 0.0153443720192,
        "max": 1,
        "mean": 0.0158730167896,
        "median": 0,
        "min": 0,
        "var": 0.0156208844855
    },
    "spectral_centroid": {
        "dmean": 98.0585327148,
        "dmean2": 143.150558472,
        "dvar": 24957.2695312,
        "dvar2": 42743.015625,
        "max": 4282.98339844,
        "mean": 578.626098633,
        "median": 504.549560547,
        "min": 164.855026245,
        "var": 111853.765625
    },
    "spectral_complexity": {
        "dmean": 1.41363286972,
        "dmean2": 2.26462602615,
        "dvar": 1.71194601059,
        "dvar2": 3.7793097496,
        "max": 25,
        "mean": 9.86991882324,
        "median": 10,
        "min": 0,
        "var": 14.5219869614
    },
    "spectral_decrease": {
        "dmean": 1.95960714322e-09,
        "dmean2": 3.14818060509e-09,
        "dvar": 8.45321758721e-18,
        "dvar2": 2.14110407603e-17,
        "max": -4.36075736068e-14,
        "mean": -8.03941269112e-09,
        "median": -6.78206824034e-09,
        "min": -4.05379303459e-08,
        "var": 3.0024303734e-17
    },
    "spectral_energy": {
        "dmean": 0.00757596595213,
        "dmean2": 0.0121359992772,
        "dvar": 0.000124771977426,
        "dvar2": 0.000313795317197,
        "max": 0.154260709882,
        "mean": 0.0313314646482,
        "median": 0.0263321418315,
        "min": 1.67607197454e-07,
        "var": 0.000467916252092
    },
    "spectral_energyband_high": {
        "dmean": 6.6011933086e-05,
        "dmean2": 8.9452129032e-05,
        "dvar": 6.31551984043e-08,
        "dvar2": 1.18265148785e-07,
        "max": 0.00731879845262,
        "mean": 0.000144379460835,
        "median": 3.01941418002e-05,
        "min": 1.79479126006e-10,
        "var": 1.4574787599e-07
    },
    "spectral_energyband_low": {
        "dmean": 0.0052573881112,
        "dmean2": 0.00880572106689,
        "dvar": 9.00032173377e-05,
        "dvar2": 0.000249108939897,
        "max": 0.143423333764,
        "mean": 0.0174879021943,
        "median": 0.0143091296777,
        "min": 9.82228982593e-08,
        "var": 0.000183136144187
    },
    "spectral_energyband_middle_high": {
        "dmean": 0.000933761766646,
        "dmean2": 0.00113037659321,
        "dvar": 8.64728735905e-06,
        "dvar2": 1.18452589959e-05,
        "max": 0.108170308173,
        "mean": 0.00341745582409,
        "median": 0.00066055089701,
        "min": 2.05895189787e-09,
        "var": 7.8631521319e-05
    },
    "spectral_energyband_middle_low": {
        "dmean": 0.00378950312734,
        "dmean2": 0.00568005396053,
        "dvar": 3.15570796374e-05,
        "dvar2": 6.58788412693e-05,
        "max": 0.0983687117696,
        "mean": 0.0122990300879,
        "median": 0.00759554607794,
        "min": 8.40384970502e-08,
        "var": 0.000181331590284
    },
    "spectral_entropy": {
        "dmean": 0.175323024392,
        "dmean2": 0.242817476392,
        "dvar": 0.0328544639051,
        "dvar2": 0.0575328581035,
        "max": 8.46560382843,
        "mean": 6.64653873444,
        "median": 6.60631847382,
        "min": 5.21999931335,
        "var": 0.199305728078
    },
    "spectral_flux": {
        "dmean": 0.0189839228988,
        "dmean2": 0.0289888903499,
        "dvar": 0.000606769346632,
        "dvar2": 0.00135374593083,
        "max": 0.30752235651,
        "mean": 0.0567378737032,
        "median": 0.0475193709135,
        "min": 0.000409398577176,
        "var": 0.00139337708242
    },
    "spectral_kurtosis": {
        "dmean": 4.8111538887,
        "dmean2": 8.04846763611,
        "dvar": 28.19414711,
        "dvar2": 79.0937194824,
        "max": 61.5233306885,
        "mean": 9.63634490967,
        "median": 7.42917633057,
        "min": -1.48528432846,
        "var": 69.7628936768
    },
    "spectral_rms": {
        "dmean": 0.000653322727885,
        "dmean2": 0.00102653703652,
        "dvar": 6.60900582261e-07,
        "dvar2": 1.56298892762e-06,
        "max": 0.0122677730396,
        "mean": 0.00521176541224,
        "median": 0.00506852008402,
        "min": 1.27874627651e-05,
        "var": 3.40477004102e-06
    },
    "spectral_rolloff": {
        "dmean": 115.813102722,
        "dmean2": 201.473205566,
        "dvar": 196939.40625,
        "dvar2": 409683.53125,
        "max": 8074.95117188,
        "mean": 477.249328613,
        "median": 366.064453125,
        "min": 64.599609375,
        "var": 348032.375
    },
    "spectral_skewness": {
        "dmean": 0.433214485645,
        "dmean2": 0.691530942917,
        "dvar": 0.154886111617,
        "dvar2": 0.396385639906,
        "max": 6.04542827606,
        "mean": 2.18318319321,
        "median": 2.11038756371,
        "min": -0.191734999418,
        "var": 0.682689189911
    },
    "spectral_spread": {
        "dmean": 408101.375,
        "dmean2": 573404.75,
        "dvar": 302640562176,
        "dvar2": 411872591872,
        "max": 16586853,
        "mean": 3108784.25,
        "median": 2859702.25,
        "min": 1029266.8125,
        "var": 1.73072239821e+12
    },
    "spectral_strongpeak": {
        "dmean": 0.295364052057,
        "dmean2": 0.471309691668,
        "dvar": 0.396365553141,
        "dvar2": 0.797097682953,
        "max": 11.670794487,
        "mean": 0.935092270374,
        "median": 0.466864079237,
        "min": 0.000621855375357,
        "var": 2.1240773201
    },
    "zerocrossingrate": {
        "dmean": 0.00443556811661,
        "dmean2": 0.0051711271517,
        "dvar": 5.06339674757e-05,
        "dvar2": 5.39918146387e-05,
        "max": 0.2548828125,
        "mean": 0.0228862687945,
        "median": 0.0185546875,
        "min": 0.0029296875,
        "var": 0.000311463780235
    },
    "barkbands": {
        "dmean": [0.000120756172691, 0.00341104785912, 0.00185422692448, 0.00114093022421, 0.0011147572659, 0.000926552689634, 0.00108017853927, 0.000683580117766, 0.000468071724754, 0.000810996221844, 0.000121096338262, 0.000160622803378, 5.98840961175e-05, 9.2647926067e-05, 0.000118041032692, 2.4789273084e-05, 2.98860195471e-05, 3.31699629896e-05, 2.17530887312e-05, 1.12507123049e-05, 1.60964682436e-05, 1.86852503248e-05, 2.00758931896e-05, 1.52714928845e-05, 2.71623594017e-06, 3.06440606224e-09, 1.27941335304e-09],
        "dmean2": [0.000204913769267, 0.00579403620213, 0.00299221812747, 0.00190424115863, 0.00177092221566, 0.00141502963379, 0.0015743249096, 0.000976398179773, 0.000654816278256, 0.000968239735812, 0.000171887964825, 0.000242178342887, 8.4810431872e-05, 0.00012829201296, 0.000175729917828, 3.6804460251e-05, 4.60823976027e-05, 5.25497853232e-05, 3.19838436553e-05, 1.63256681844e-05, 2.35436418734e-05, 2.82572182186e-05, 2.84129382635e-05, 2.12160157389e-05, 3.83470160159e-06, 4.92470553226e-09, 2.38648723005e-09],
        "dvar": [2.58439882828e-07, 6.38357596472e-05, 5.07825643581e-06, 2.61028935711e-06, 2.94845017379e-06, 6.72298619975e-06, 9.47192711465e-06, 4.36263053416e-06, 3.28838268615e-06, 9.54421284405e-06, 3.55734556479e-07, 3.8464443719e-07, 4.39714931133e-08, 1.73859717734e-07, 1.89323642985e-07, 8.23726331589e-09, 7.16619386054e-09, 1.99761718278e-08, 4.43680825413e-09, 9.30972965385e-10, 2.25938623366e-09, 6.16528472719e-09, 1.03387476358e-08, 4.64377292175e-09, 1.09761040534e-10, 9.23422812126e-17, 3.05580908279e-18],
        "dvar2": [6.89284320288e-07, 0.000183470634511, 1.33841203933e-05, 7.12538758307e-06, 7.38117341825e-06, 1.64546727319e-05, 1.82888816198e-05, 9.1603715191e-06, 6.11129053141e-06, 1.18209318316e-05, 6.6205825533e-07, 8.65229367264e-07, 8.14757044054e-08, 3.01884540477e-07, 4.27399243108e-07, 2.01835579361e-08, 1.7873926339e-08, 5.19219938155e-08, 8.73632099996e-09, 1.93813454175e-09, 4.53601778361e-09, 1.36840370146e-08, 2.06196215657e-08, 8.95618867958e-09, 2.16738280101e-10, 1.95470878499e-16, 1.00075892199e-17],
        "max": [0.00731866480783, 0.113728195429, 0.024502556771, 0.0171707402915, 0.0273547749966, 0.0535569153726, 0.0647005066276, 0.0444964319468, 0.0595663264394, 0.118953004479, 0.024070745334, 0.0154013289139, 0.00904557481408, 0.0120044536889, 0.00961829163134, 0.00254762126133, 0.00272789760493, 0.00435608811677, 0.00180173676927, 0.000832810532302, 0.00142742856406, 0.00202981126495, 0.00325388554484, 0.00164988334291, 0.000232097110711, 2.57062566789e-07, 1.72143348465e-08],
        "mean": [0.000108443106001, 0.0101709682494, 0.00580808660015, 0.00209441804327, 0.00247354828753, 0.00192225561477, 0.00221383478492, 0.00123039097525, 0.000954540038947, 0.00269213039428, 0.000254347047303, 0.000397540512495, 0.000133008899866, 0.000175486522494, 0.000310056871967, 4.9294107157e-05, 7.08834049874e-05, 7.28304294171e-05, 4.58489703306e-05, 2.50714656431e-05, 3.77202122763e-05, 3.03398173855e-05, 3.03016549879e-05, 2.56892217294e-05, 4.40947360403e-06, 4.1286840613e-09, 1.06470554595e-09],
        "median": [2.09464451473e-05, 0.00630408711731, 0.00478950981051, 0.00131070998032, 0.00155613338575, 0.000681210309267, 0.000336666445946, 0.000161872172612, 0.000161411619047, 0.000194389504031, 1.75185032276e-05, 6.09149501543e-05, 3.85822495446e-05, 3.70183624909e-05, 4.53236789326e-05, 1.73208718479e-05, 3.1824594771e-05, 1.68237475009e-05, 1.5675488612e-05, 1.06258275991e-05, 9.27649762161e-06, 5.66665949009e-06, 2.31587432609e-06, 2.42780333792e-06, 2.67442857194e-07, 1.01491248738e-09, 4.58821175497e-10],
        "min": [8.77788553649e-12, 1.55169157523e-08, 6.59508287981e-08, 2.27809806574e-08, 5.31134887183e-08, 4.78759609734e-09, 1.89002369311e-09, 4.07420486237e-10, 7.05680069935e-10, 7.55522366891e-10, 2.04478642352e-10, 4.31939761736e-10, 1.91869478638e-10, 1.80490053459e-10, 2.43077280526e-10, 5.57781425214e-11, 5.78119184469e-11, 1.07132087923e-10, 2.26646999779e-11, 1.16696296723e-11, 2.30935982143e-11, 3.75280501119e-11, 2.24074821198e-11, 2.49543198605e-11, 2.62244843896e-11, 1.89026849728e-11, 2.04984588331e-11],
        "var": [1.99485398866e-07, 0.000132086890517, 1.7525999283e-05, 5.36149354957e-06, 7.70741735323e-06, 1.47362416101e-05, 3.16156183544e-05, 1.03754464362e-05, 9.72579891823e-06, 9.53826238401e-05, 2.07061771107e-06, 2.05539686249e-06, 2.11040742215e-07, 4.74046487398e-07, 1.06889513063e-06, 2.00122514116e-08, 1.95957596816e-08, 5.3111655518e-08, 1.42513094659e-08, 2.18801066154e-09, 7.57953344532e-09, 9.32647914453e-09, 1.91795663795e-08, 9.81611947282e-09, 2.46189041375e-10, 1.58702316459e-16, 2.52375100316e-18]
    },
    "erbbands": {
        "dmean": [0.07279291749, 0.855788528919, 2.19645833969, 3.10659837723, 4.01974248886, 2.99849104881, 5.1687579155, 7.5426864624, 15.923453331, 13.1088685989, 14.9795532227, 10.1467952728, 20.356174469, 18.8175506592, 4.51409196854, 7.33829593658, 3.1605424881, 4.56717729568, 5.41636800766, 3.82778000832, 1.40430891514, 1.1299008131, 1.33647859097, 1.72396719456, 0.727967321873, 0.516124665737, 0.661465406418, 0.626147866249, 0.594476521015, 0.685536444187, 0.582061886787, 0.407414644957, 0.208940118551, 0.0570990107954, 0.00287104560994, 0.000136607894092, 1.12919442472e-05, 2.23802976507e-06, 3.64933134733e-06, 8.37728384795e-06],
        "dmean2": [0.12881039083, 1.43945753574, 3.57904696465, 5.13545703888, 6.45119762421, 4.81798171997, 7.81241464615, 11.8247003555, 23.9639911652, 19.6113166809, 21.3909492493, 14.0109558105, 24.4784030914, 21.6321926117, 6.16950941086, 10.939655304, 4.28792333603, 6.20618343353, 7.85902166367, 5.42566633224, 2.0152053833, 1.67942392826, 2.06061291695, 2.57928133011, 1.10868346691, 0.755566120148, 0.972148776054, 0.911072194576, 0.898041903973, 0.978726863861, 0.835613310337, 0.598120689392, 0.290251731873, 0.0782079473138, 0.00425137160346, 0.00020044836856, 1.64361063071e-05, 3.30633088197e-06, 5.75781086809e-06, 1.33821922645e-05],
        "dvar": [0.0853831395507, 2.958288908, 7.20491933823, 19.2939929962, 44.5963058472, 28.6612300873, 73.2991638184, 703.637878418, 1803.83642578, 1866.65026855, 2354.08081055, 1229.53186035, 9621.296875, 6495.69482422, 395.118652344, 770.285217285, 72.4913635254, 390.742340088, 535.936706543, 165.562423706, 25.4417877197, 13.3153591156, 20.1039848328, 41.4330406189, 3.81979846954, 1.38634574413, 3.39298439026, 4.64404916763, 4.4281578064, 16.4768486023, 9.39007091522, 3.50507164001, 0.784218251705, 0.0492937974632, 0.000233266240684, 4.62720322503e-07, 1.62472224563e-09, 4.70490729709e-11, 2.72018848418e-11, 1.48593679028e-10],
        "dvar2": [0.235007941723, 8.89599323273, 20.0257282257, 52.2178001404, 108.371086121, 77.5043563843, 165.689163208, 1770.77758789, 3723.79150391, 3993.79394531, 4905.36767578, 2575.39794922, 13448.7548828, 6467.89697266, 741.311523438, 1757.47302246, 99.0051422119, 723.041015625, 1212.44519043, 311.952880859, 56.4350852966, 30.6662597656, 50.5155525208, 95.0213851929, 8.45795154572, 2.90359568596, 7.40560770035, 9.78149032593, 9.65159225464, 37.5950469971, 19.3259716034, 7.36854219437, 1.36882472038, 0.0852577090263, 0.000505534524564, 9.66623929344e-07, 2.84980150589e-09, 8.11278891288e-11, 6.65793600807e-11, 3.71560560097e-10],
        "max": [4.47514009476, 20.8808422089, 31.4834442139, 51.5791625977, 125.531669617, 89.2082672119, 156.885818481, 628.884460449, 824.27545166, 893.225036621, 1115.40112305, 1205.6328125, 4240.74023438, 4098.27392578, 575.566467285, 765.257019043, 436.647338867, 713.691040039, 570.648071289, 493.023925781, 150.493927002, 108.751091003, 119.806282043, 200.289352417, 61.9624252319, 31.1622104645, 48.16664505, 67.3798828125, 51.1779212952, 137.035476685, 87.4771957397, 43.0909156799, 21.896150589, 5.22382068634, 0.39840772748, 0.017948878929, 0.00103053450584, 0.000180801900569, 7.3155220889e-05, 0.000166789541254],
        "mean": [0.171444073319, 2.69884133339, 7.18596792221, 7.36080121994, 7.94012308121, 6.41188716888, 11.1151208878, 15.0486507416, 32.8042793274, 27.4828681946, 27.9582309723, 22.7283935547, 73.6754608154, 56.87550354, 11.4870634079, 18.3321723938, 7.78805208206, 9.29727840424, 13.8996801376, 10.5206108093, 3.79404854774, 2.87892770767, 3.43666601181, 3.85293483734, 1.64233446121, 1.26083683968, 1.57404196262, 1.3364161253, 1.0301271677, 0.975839555264, 0.850612521172, 0.626337170601, 0.381996512413, 0.105254799128, 0.0042189322412, 0.000225482915994, 2.79867344943e-05, 5.2277910072e-06, 1.56060450536e-05, 3.51555499947e-05],
        "median": [0.0334105081856, 1.91706001759, 6.06878519058, 4.85057878494, 4.99023914337, 3.36886668205, 5.71718358994, 4.17709970474, 6.1943154335, 3.21048784256, 5.37315034866, 4.2655043602, 5.55485153198, 4.7763710022, 1.40770709515, 3.37585473061, 2.45449066162, 2.43941497803, 1.79125058651, 2.41223478317, 1.20425283909, 1.32351708412, 1.15770745277, 0.873220384121, 0.665428757668, 0.533427596092, 0.428221315145, 0.353304326534, 0.216769918799, 0.0934966951609, 0.065017811954, 0.0546210519969, 0.0331957563758, 0.00741279870272, 0.000244437746005, 3.08413036691e-05, 1.17564177344e-05, 1.94962763089e-06, 1.27697785501e-05, 2.92138720397e-05],
        "min": [1.35698456916e-07, 5.54103280592e-06, 5.86466485402e-05, 9.5344701549e-05, 8.81715968717e-05, 0.000210771308048, 0.00014138786355, 3.27134330291e-05, 4.36054178863e-05, 9.09751361178e-06, 1.07015430331e-05, 1.2942326066e-05, 2.23312654271e-05, 1.54177560034e-05, 1.09055517896e-05, 2.04393363674e-05, 1.11383560579e-05, 9.73795795289e-06, 6.82057725498e-06, 1.48906210597e-05, 2.86016756945e-06, 3.6911656025e-06, 5.38586300536e-06, 3.03865317619e-06, 6.0941152924e-07, 5.53628979105e-07, 9.29786381221e-07, 1.09452378183e-06, 1.12130226171e-06, 1.02458886886e-06, 5.77505318233e-07, 4.61291108422e-07, 4.5664415893e-07, 4.21444610765e-07, 1.18714758912e-07, 5.60360788882e-08, 4.36771721013e-08, 1.12705498267e-08, 3.06950420637e-09, 5.10135045317e-10],
        "var": [0.110700361431, 7.16398143768, 24.3437480927, 50.2394599915, 93.7258300781, 68.5221786499, 232.711700439, 1334.88586426, 6077.35205078, 4684.98583984, 6072.08691406, 3415.34521484, 97154.2890625, 68348.6953125, 2034.31921387, 3972.16796875, 511.184631348, 959.428649902, 2994.15649414, 1238.9284668, 94.8372802734, 31.1530647278, 87.4167938232, 117.191429138, 9.84987831116, 4.72811031342, 12.1402015686, 10.226433754, 7.72071886063, 22.5458717346, 16.2703399658, 6.4795832634, 1.92464852333, 0.12924259901, 0.00032792732236, 7.22066602066e-07, 3.88266618856e-09, 1.24627835829e-10, 1.22784782342e-10, 6.01335148342e-10]
    },
    "gfcc": {
        "mean": [-85.6597290039, 176.74079895, -121.049369812, 49.4262237549, -54.9900627136, 11.0535860062, -18.8279819489, -9.08320903778, 0.766768932343, -22.7945575714, 4.46094560623, -24.9448623657, 3.70252537727],
        "cov": [[4149.54052734, -1017.49188232, -564.90447998, 77.0790786743, -975.009033203, 307.617095947, -326.265380859, 218.02255249, -50.1449356079, 100.442817688, -58.6656723022, -168.411254883, 220.57119751], [-1017.49188232, 876.393310547, 138.311508179, -316.55770874, 490.92855835, -272.940246582, 192.20072937, -96.221862793, 38.2597389221, 4.05289793015, 62.6770477295, 21.0136470795, -57.5776634216], [-564.90447998, 138.311508179, 490.523773193, 79.5833282471, 164.254470825, 46.7611274719, 29.4575576782, 10.9735736847, 78.7829360962, 25.8385486603, 48.3696594238, 65.7779922485, -27.6626548767], [77.0790786743, -316.55770874, 79.5833282471, 386.73223877, -49.1068496704, 106.969177246, -4.02205991745, 11.7915687561, 58.3323745728, -17.6826343536, 18.8135242462, 38.5615386963, 7.34325551987], [-975.009033203, 490.92855835, 164.254470825, -49.1068496704, 615.549072266, -92.4364242554, 207.726013184, -12.915186882, 36.4575119019, 15.3153800964, 36.6925926208, 65.113571167, -40.8072090149], [307.617095947, -272.940246582, 46.7611274719, 106.969177246, -92.4364242554, 239.183166504, 7.49016571045, 29.6789016724, 22.298625946, 12.4149932861, -8.49781608582, 1.16940629482, 9.78199672699], [-326.265380859, 192.20072937, 29.4575576782, -4.02205991745, 207.726013184, 7.49016571045, 213.616744995, 2.28450274467, 18.3679885864, 2.2202527523, 17.1691608429, 30.7595863342, -12.415646553], [218.02255249, -96.221862793, 10.9735736847, 11.7915687561, -12.915186882, 29.6789016724, 2.28450274467, 127.577087402, 10.6281890869, 26.3825435638, 6.64464759827, -1.3407574892, 38.6814079285], [-50.1449356079, 38.2597389221, 78.7829360962, 58.3323745728, 36.4575119019, 22.298625946, 18.3679885864, 10.6281890869, 120.799865723, 26.0839710236, 10.3673152924, 10.2777299881, -18.1304130554], [100.442817688, 4.05289793015, 25.8385486603, -17.6826343536, 15.3153800964, 12.4149932861, 2.2202527523, 26.3825435638, 26.0839710236, 88.6258926392, 27.2396602631, -8.4002494812, 10.123128891], [-58.6656723022, 62.6770477295, 48.3696594238, 18.8135242462, 36.6925926208, -8.49781608582, 17.1691608429, 6.64464759827, 10.3673152924, 27.2396602631, 92.5942764282, 26.5669631958, -8.67833042145], [-168.411254883, 21.0136470795, 65.7779922485, 38.5615386963, 65.113571167, 1.16940629482, 30.7595863342, -1.3407574892, 10.2777299881, -8.4002494812, 26.5669631958, 78.0627212524, 14.283370018], [220.57119751, -57.5776634216, -27.6626548767, 7.34325551987, -40.8072090149, 9.78199672699, -12.415646553, 38.6814079285, -18.1304130554, 10.123128891, -8.67833042145, 14.283370018, 101.44077301]],
        "icov": [[0.000598715792876, -0.000386624742532, 0.000619061058387, -0.000275788945146, 0.000740983348805, -0.000785875483416, 0.00041863459046, -0.000796360662207, 5.67072274862e-05, -0.00063253857661, 4.69247570436e-05, 0.000236313790083, -0.000559737614822], [-0.000386624742532, 0.0224317517132, -0.00625978736207, 0.0158453881741, -0.00967767462134, 0.015481736511, -0.0108967097476, 0.0145933255553, -0.0136793740094, 0.0106123341247, -0.0150953540578, 0.0125266257674, -0.00812475848943], [0.000619061058387, -0.00625978736207, 0.00511334091425, -0.00454547908157, 0.00233411020599, -0.00553565705195, 0.0041661914438, -0.00476851500571, 0.00248858053237, -0.00367876002565, 0.00348063139245, -0.00498412176967, 0.00243678176776], [-0.000275788945146, 0.0158453881741, -0.00454547908157, 0.0147208599374, -0.00661845039576, 0.00952613912523, -0.00743965199217, 0.0103130396456, -0.0113713340834, 0.00912018679082, -0.0115863746032, 0.0077329967171, -0.0061584613286], [0.000740983348805, -0.00967767462134, 0.00233411020599, -0.00661845039576, 0.00798821914941, -0.00573138194159, 0.002053871518, -0.00688730413094, 0.0057599209249, -0.00579861411825, 0.00681130867451, -0.00638418691233, 0.00374495959841], [-0.000785875483416, 0.015481736511, -0.00553565705195, 0.00952613912523, -0.00573138194159, 0.0169101078063, -0.00933765247464, 0.00965348444879, -0.00904527492821, 0.0063466518186, -0.00879347976297, 0.0081796804443, -0.00461716204882], [0.00041863459046, -0.0108967097476, 0.0041661914438, -0.00743965199217, 0.002053871518, -0.00933765247464, 0.0130793917924, -0.00757597526535, 0.00590704660863, -0.00464708358049, 0.00651776604354, -0.00705976551399, 0.00386694911867], [-0.000796360662207, 0.0145933255553, -0.00476851500571, 0.0103130396456, -0.00688730413094, 0.00965348444879, -0.00757597526535, 0.0197312198579, -0.00952880270779, 0.00571452872828, -0.0104506127536, 0.00921022426337, -0.00864906888455], [5.67072274862e-05, -0.0136793740094, 0.00248858053237, -0.0113713340834, 0.0057599209249, -0.00904527492821, 0.00590704660863, -0.00952880270779, 0.019571505487, -0.0102710016072, 0.0108220204711, -0.00863193906844, 0.00782415084541], [-0.00063253857661, 0.0106123341247, -0.00367876002565, 0.00912018679082, -0.00579861411825, 0.0063466518186, -0.00464708358049, 0.00571452872828, -0.0102710016072, 0.0216762982309, -0.0129896225408, 0.0103434119374, -0.00652351276949], [4.69247570436e-05, -0.0150953540578, 0.00348063139245, -0.0115863746032, 0.00681130867451, -0.00879347976297, 0.00651776604354, -0.0104506127536, 0.0108220204711, -0.0129896225408, 0.025183133781, -0.0143629861996, 0.00889580603689], [0.000236313790083, 0.0125266257674, -0.00498412176967, 0.0077329967171, -0.00638418691233, 0.0081796804443, -0.00705976551399, 0.00921022426337, -0.00863193906844, 0.0103434119374, -0.0143629861996, 0.0275736004114, -0.0107420217246], [-0.000559737614822, -0.00812475848943, 0.00243678176776, -0.0061584613286, 0.00374495959841, -0.00461716204882, 0.00386694911867, -0.00864906888455, 0.00782415084541, -0.00652351276949, 0.00889580603689, -0.0107420217246, 0.0176198389381]]
    },
    "melbands": {
        "dmean": [0.000797894434072, 0.00115943932906, 0.000525694980752, 0.000249019387411, 0.000165444158483, 0.000177133260877, 0.00024527736241, 0.000138721210533, 0.000117777562991, 6.43976090942e-05, 0.000101760379039, 7.99444387667e-05, 1.53121891344e-05, 1.8629762053e-05, 1.19062351587e-05, 5.34675882591e-06, 9.60005945672e-06, 8.67757080414e-06, 7.19181343811e-06, 2.98237955576e-06, 1.90992795979e-06, 1.41576219903e-06, 1.22346989428e-06, 1.88946739854e-06, 1.47597938849e-06, 6.65271613798e-07, 3.5749016547e-07, 3.93243368535e-07, 4.82923098843e-07, 4.57097144135e-07, 3.62800193443e-07, 3.399863715e-07, 4.05817218052e-07, 3.75082549908e-07, 3.53883336857e-07, 3.32604628284e-07, 2.31066124456e-07, 1.66519996014e-07, 1.03640090288e-07, 3.15974304499e-08],
        "dmean2": [0.00137244549114, 0.00191034306772, 0.000861180771608, 0.000400615215767, 0.000253972015344, 0.00027531030355, 0.000366911262972, 0.000207006029086, 0.00016790869995, 8.85167246452e-05, 0.000123512276332, 9.21038445085e-05, 2.17101987801e-05, 2.73278092209e-05, 1.74213728314e-05, 7.46670275475e-06, 1.30622538563e-05, 1.24894304463e-05, 1.01228370113e-05, 4.29573219662e-06, 2.78990910374e-06, 2.15397994907e-06, 1.83894735528e-06, 3.01029649563e-06, 2.18910417971e-06, 1.01641251149e-06, 5.46083413155e-07, 5.86441728956e-07, 7.18855858395e-07, 6.45572185931e-07, 5.43461794678e-07, 5.23425569554e-07, 6.12746930528e-07, 5.30223644546e-07, 5.11912901402e-07, 4.96260952332e-07, 3.29674605837e-07, 2.36890926431e-07, 1.42002065218e-07, 4.65894594015e-08],
        "dvar": [5.4615229601e-06, 2.68190046882e-06, 4.811174108e-07, 1.6750770726e-07, 7.42700763112e-08, 3.38781603659e-07, 4.33530289001e-07, 1.94413885879e-07, 1.45020081277e-07, 5.55248824696e-08, 2.39825880044e-07, 1.1977508052e-07, 5.44257217072e-09, 4.82503725863e-09, 1.55892465603e-09, 2.12054707127e-10, 1.84779458401e-09, 1.44057998863e-09, 6.5594829568e-10, 7.29829183199e-11, 5.57268328705e-11, 2.35789096581e-11, 9.75589400931e-12, 5.57613261121e-11, 3.31165546374e-11, 4.2004962876e-12, 8.75069385443e-13, 1.00871622253e-12, 1.9854749355e-12, 2.09476056293e-12, 1.59099925075e-12, 1.08758846113e-12, 4.21204564283e-12, 5.26943896503e-12, 3.68975379764e-12, 1.93054318191e-12, 1.2558555541e-12, 5.04742894616e-13, 1.52943928139e-13, 1.90876011692e-14],
        "dvar2": [1.50728810695e-05, 8.04922547104e-06, 1.29443606056e-06, 4.19910548999e-07, 1.76121460527e-07, 8.37161110212e-07, 8.78300966178e-07, 4.20078123398e-07, 3.04399549123e-07, 1.09177747731e-07, 3.33785322937e-07, 1.21316318769e-07, 1.11749187681e-08, 9.92611504103e-09, 3.25706039916e-09, 3.18844117775e-10, 3.33683103371e-09, 3.07763703411e-09, 1.34917166328e-09, 1.39891515039e-10, 1.27425625607e-10, 5.74498226769e-11, 2.13627605189e-11, 1.47377235415e-10, 7.32819221971e-11, 9.05931926698e-12, 1.97733192667e-12, 2.23910993913e-12, 4.33916748019e-12, 3.69828560137e-12, 3.45895621173e-12, 2.41158178496e-12, 9.7092845916e-12, 1.21153425833e-11, 7.81417638929e-12, 4.15662469722e-12, 2.65201294085e-12, 9.07114227483e-13, 2.60079365813e-13, 4.05899441933e-14],
        "max": [0.0355497784913, 0.0188048407435, 0.00782264955342, 0.00670438678935, 0.00497188325971, 0.012708847411, 0.0136617952958, 0.00911307241768, 0.0103340214118, 0.00651820749044, 0.0217702481896, 0.0174859482795, 0.00261955312453, 0.00224618054926, 0.00138734118082, 0.000530649442226, 0.00144818751141, 0.00112923246343, 0.000683618301991, 0.000342726358213, 0.000240620196564, 0.000115586153697, 7.27726801415e-05, 0.000196339198737, 0.000171185762156, 5.99791819695e-05, 3.0763050745e-05, 2.83777753793e-05, 4.15473514295e-05, 4.72073334095e-05, 4.43105636805e-05, 2.45598239417e-05, 4.94155137858e-05, 8.24547751108e-05, 5.70478732698e-05, 3.03793603962e-05, 2.69511037914e-05, 1.66463942151e-05, 9.12697669264e-06, 3.57253861694e-06],
        "mean": [0.00225669611245, 0.00386432535015, 0.00129381637089, 0.000514854444191, 0.000354119896656, 0.000359317025868, 0.0005098026013, 0.00028071118868, 0.000219199297135, 0.00014483454288, 0.00036202854244, 0.000232962687733, 3.53008981619e-05, 4.57324204035e-05, 2.92365166388e-05, 1.16335841085e-05, 1.82468247658e-05, 2.04369480343e-05, 1.85543140105e-05, 7.81923245086e-06, 4.42177952209e-06, 3.1420331652e-06, 2.75363936453e-06, 4.07867764807e-06, 3.03146862279e-06, 1.32701507027e-06, 7.33246906748e-07, 8.63696413944e-07, 9.52165748913e-07, 1.02426270132e-06, 6.87364490659e-07, 5.81442805014e-07, 5.66962228277e-07, 5.18665899563e-07, 4.80369749312e-07, 4.85252314775e-07, 3.43078170317e-07, 2.89237931383e-07, 1.94920332319e-07, 4.81404498487e-08],
        "median": [0.000955230148975, 0.00345762609504, 0.000978671363555, 0.000315481040161, 0.000182631265488, 0.000101924495539, 9.19710000744e-05, 3.01061172649e-05, 3.82203652407e-05, 2.40439458139e-05, 2.41157522396e-05, 1.75380828296e-05, 3.25271412294e-06, 6.28184670859e-06, 7.95078813098e-06, 4.06058461522e-06, 3.95849974666e-06, 2.45651017394e-06, 3.02967509924e-06, 2.36189748648e-06, 1.17878516903e-06, 1.30637704387e-06, 1.20266031445e-06, 8.95658217814e-07, 6.08255049883e-07, 5.03848752942e-07, 3.38547408774e-07, 3.32591184815e-07, 2.8713131428e-07, 1.9888773295e-07, 1.87759695791e-07, 1.26968842551e-07, 7.5851794179e-08, 3.586065489e-08, 3.32420526661e-08, 3.67037316096e-08, 2.87833934465e-08, 2.19557190206e-08, 1.53618415766e-08, 2.33369656932e-09],
        "min": [2.60078913961e-09, 2.32775647646e-08, 1.57878687901e-08, 1.05558974894e-08, 6.57730936382e-09, 7.6573752894e-10, 5.74479075421e-10, 8.01792451877e-11, 1.08316744463e-10, 7.90434384612e-11, 1.11535058966e-10, 6.37559449679e-11, 3.04763679571e-11, 4.66503363716e-11, 4.04601976922e-11, 1.57300682896e-11, 1.94445726881e-11, 1.01288838428e-11, 1.62070686732e-11, 1.35701562834e-11, 1.86084632946e-12, 3.48779945897e-12, 3.07382678338e-12, 7.01672921155e-12, 1.87533604097e-12, 4.75956025894e-13, 3.50539367498e-13, 3.53281802683e-13, 5.45331846086e-13, 5.71988962271e-13, 7.32620778279e-13, 6.45765830132e-13, 7.01867383657e-13, 4.92151621106e-13, 2.71672414382e-13, 3.31093225753e-13, 2.82587728174e-13, 3.45353032196e-13, 3.17148623986e-13, 3.57668728619e-13],
        "var": [1.01673122117e-05, 6.29000578556e-06, 1.13521798539e-06, 3.99981985311e-07, 2.14528924403e-07, 7.21592527952e-07, 1.47551224927e-06, 4.627980843e-07, 3.86146382425e-07, 1.79701373781e-07, 2.38791585616e-06, 1.26164798075e-06, 2.874302929e-08, 2.80165632915e-08, 7.9192599145e-09, 9.59181623017e-10, 4.70968508637e-09, 7.00646474172e-09, 3.41158634676e-09, 6.37057850916e-10, 1.61054711234e-10, 5.14131237583e-11, 2.41567096188e-11, 2.24963256357e-10, 8.96303448128e-11, 9.66457990026e-12, 1.62290721226e-12, 2.83157113208e-12, 4.60366857483e-12, 7.64511631085e-12, 3.0338678618e-12, 2.01437130865e-12, 5.58884232296e-12, 7.24267043908e-12, 5.99894613151e-12, 3.66128655171e-12, 2.17515090141e-12, 1.19549834442e-12, 4.24649763053e-13, 3.38965306019e-14]
    },
    "mfcc": {
        "mean": [-715.432128906, 175.253463745, 11.9842100143, 33.9070777893, 6.99136257172, 11.2781667709, 1.47294771671, 6.69506835938, 3.09697318077, 6.03475189209, -0.532691180706, 3.36233520508, -7.86756277084],
        "cov": [[4192.85107422, -1215.96813965, -13.4650907516, -327.652160645, -473.448394775, -190.499511719, -268.616271973, -211.706451416, 81.6828842163, 61.4932785034, -93.2958297729, -22.133934021, -153.25541687], [-1215.96813965, 1318.24780273, -277.325286865, 46.9936599731, 142.753356934, -50.8783760071, 143.981246948, -23.6657371521, -17.9458808899, -21.4995937347, 103.5210495, -0.787549555302, 44.6421928406], [-13.4650907516, -277.325286865, 439.559936523, -27.8853054047, 25.1113300323, 58.5861930847, -71.7807617188, 36.8422279358, -23.9559249878, 32.3591766357, -3.16572809219, 22.3407688141, 54.5638198853], [-327.652160645, 46.9936599731, -27.8853054047, 265.955535889, 86.718536377, 45.921081543, 39.2938041687, 65.5229721069, 9.55824565887, 7.77865839005, 6.00816917419, 41.92395401, 16.9026222229], [-473.448394775, 142.753356934, 25.1113300323, 86.718536377, 238.458847046, 42.5213241577, 45.6538391113, 49.5987091064, 15.6313934326, 19.9347572327, 29.1521282196, 8.15897941589, 51.8770027161], [-190.499511719, -50.8783760071, 58.5861930847, 45.921081543, 42.5213241577, 218.551757812, 25.2443199158, 78.9970321655, -2.39658427238, 40.9491767883, 18.9897994995, 11.2239141464, 19.8516941071], [-268.616271973, 143.981246948, -71.7807617188, 39.2938041687, 45.6538391113, 25.2443199158, 188.818313599, 37.4785003662, 23.3320350647, -8.16638183594, 30.0621891022, 18.8094406128, 6.87751150131], [-211.706451416, -23.6657371521, 36.8422279358, 65.5229721069, 49.5987091064, 78.9970321655, 37.4785003662, 148.177719116, 10.4128351212, 18.3043899536, 9.14401435852, 18.4789161682, 20.2459716797], [81.6828842163, -17.9458808899, -23.9559249878, 9.55824565887, 15.6313934326, -2.39658427238, 23.3320350647, 10.4128351212, 123.870704651, 18.0681324005, 4.5420217514, -19.3588008881, -8.23847675323], [61.4932785034, -21.4995937347, 32.3591766357, 7.77865839005, 19.9347572327, 40.9491767883, -8.16638183594, 18.3043899536, 18.0681324005, 101.745109558, 33.1714286804, 15.7685842514, 11.0559768677], [-93.2958297729, 103.5210495, -3.16572809219, 6.00816917419, 29.1521282196, 18.9897994995, 30.0621891022, 9.14401435852, 4.5420217514, 33.1714286804, 101.542915344, 21.1887245178, 19.6126747131], [-22.133934021, -0.787549555302, 22.3407688141, 41.92395401, 8.15897941589, 11.2239141464, 18.8094406128, 18.4789161682, -19.3588008881, 15.7685842514, 21.1887245178, 99.7201690674, 20.9861717224], [-153.25541687, 44.6421928406, 54.5638198853, 16.9026222229, 51.8770027161, 19.8516941071, 6.87751150131, 20.2459716797, -8.23847675323, 11.0559768677, 19.6126747131, 20.9861717224, 93.2089996338]],
