{
"lowlevel": {
    "average_loudness": 0.934809625149,
    "barkbands_crest": {
        "dmean": 1.50064599514,
        "dmean2": 2.35637712479,
        "dvar": 3.05658364296,
        "dvar2": 7.37460231781,
        "max": 21.1408233643,
        "mean": 9.52512359619,
        "median": 8.94491958618,
        "min": 2.98689723015,
        "var": 12.3283462524
    },
    "barkbands_flatness_db": {
        "dmean": 0.0178221706301,
        "dmean2": 0.0273493994027,
        "dvar": 0.000437627546489,
        "dvar2": 0.000961713667493,
        "max": 0.356614768505,
        "mean": 0.163782060146,
        "median": 0.161078602076,
        "min": 0.0456939488649,
        "var": 0.00268206791952
    },
    "barkbands_kurtosis": {
        "dmean": 3.54494190216,
        "dmean2": 5.40436697006,
        "dvar": 55.3804283142,
        "dvar2": 124.332687378,
        "max": 113.614280701,
        "mean": 9.67237758636,
        "median": 3.08737421036,
        "min": -1.79768812656,
        "var": 255.279220581
    },
    "barkbands_skewness": {
        "dmean": 0.445816189051,
        "dmean2": 0.666448771954,
        "dvar": 0.362089246511,
        "dvar2": 0.841109275818,
        "max": 8.94325733185,
        "mean": 2.25195264816,
        "median": 1.74679768085,
        "min": -0.400482803583,
        "var": 2.4273545742
    },
    "barkbands_spread": {
        "dmean": 3.7861456871,
        "dmean2": 5.61740398407,
        "dvar": 30.4895153046,
        "dvar2": 71.5381469727,
        "max": 75.7278594971,
        "mean": 18.6440830231,
        "median": 17.0489788055,
        "min": 1.04703521729,
        "var": 124.231140137
    },
    "dissonance": {
        "dmean": 0.0177140161395,
        "dmean2": 0.029846129939,
        "dvar": 0.000292863638606,
        "dvar2": 0.000805503921583,
        "max": 0.499956935644,
        "mean": 0.455444335938,
        "median": 0.46144375205,
        "min": 0.315114617348,
        "var": 0.000840405118652
    },
    "dynamic_complexity": 4.04687213898,
    "erbbands_crest": {
        "dmean": 1.98391282558,
        "dmean2": 3.10498905182,
        "dvar": 3.88610959053,
        "dvar2": 9.42750358582,
        "max": 25.7880840302,
        "mean": 9.00426578522,
        "median": 8.35594177246,
        "min": 2.32477807999,
        "var": 14.8626966476
    },
    "erbbands_flatness_db": {
        "dmean": 0.0113272089511,
        "dmean2": 0.016136912629,
        "dvar": 0.000124693382531,
        "dvar2": 0.000242987007368,
        "max": 0.25063970685,
        "mean": 0.151561439037,
        "median": 0.149232879281,
        "min": 0.06741951406,
        "var": 0.00106284103822
    },
    "erbbands_kurtosis": {
        "dmean": 0.569411635399,
        "dmean2": 0.881822109222,
        "dvar": 0.534994900227,
        "dvar2": 1.18021500111,
        "max": 11.6048583984,
        "mean": 0.397230386734,
        "median": 0.00629734992981,
        "min": -1.70103919506,
        "var": 2.99349331856
    },
    "erbbands_skewness": {
        "dmean": 0.260113745928,
        "dmean2": 0.391855657101,
        "dvar": 0.0654978230596,
        "dvar2": 0.139660924673,
        "max": 3.20897078514,
        "mean": 0.485194653273,
        "median": 0.463242352009,
        "min": -1.6774532795,
        "var": 0.535132527351
    },
    "erbbands_spread": {
        "dmean": 6.82001829147,
        "dmean2": 10.3498296738,
        "dvar": 60.0715141296,
        "dvar2": 122.230224609,
        "max": 133.323928833,
        "mean": 46.2831497192,
        "median": 42.7388420105,
        "min": 10.8617267609,
        "var": 390.094512939
    },
    "hfc": {
        "dmean": 5.26498270035,
        "dmean2": 7.76280593872,
        "dvar": 157.253509521,
        "dvar2": 382.613922119,
        "max": 171.206420898,
        "mean": 18.0920524597,
        "median": 13.4788389206,
        "min": 8.22610218165e-06,
        "var": 350.952636719
    },
    "melbands_crest": {
        "dmean": 2.09593272209,
        "dmean2": 3.28800678253,
        "dvar": 6.03991317749,
        "dvar2": 14.7003126144,
        "max": 31.0607070923,
        "mean": 14.9516496658,
        "median": 14.068359375,
        "min": 4.46373653412,
        "var": 27.301153183
    },
    "melbands_flatness_db": {
        "dmean": 0.0193481761962,
        "dmean2": 0.028423320502,
        "dvar": 0.000632978219073,
        "dvar2": 0.00130939285737,
        "max": 0.430003225803,
        "mean": 0.217903599143,
        "median": 0.21282248199,
        "min": 0.0472062006593,
        "var": 0.00446758745238
    },
    "melbands_kurtosis": {
        "dmean": 9.69893836975,
        "dmean2": 14.7921638489,
        "dvar": 342.390716553,
        "dvar2": 801.288574219,
        "max": 270.816986084,
        "mean": 28.7515163422,
        "median": 12.252450943,
        "min": -0.806410312653,
        "var": 1450.80737305
    },
    "melbands_skewness": {
        "dmean": 0.659372806549,
        "dmean2": 0.994745314121,
        "dvar": 0.756842195988,
        "dvar2": 1.78727555275,
        "max": 12.3710041046,
        "mean": 3.66439962387,
        "median": 3.1171233654,
        "min": -0.0685714930296,
        "var": 4.54696989059
    },
    "melbands_spread": {
        "dmean": 3.84761285782,
        "dmean2": 5.76507568359,
        "dvar": 33.4861488342,
        "dvar2": 76.9782562256,
        "max": 92.0477142334,
        "mean": 17.3605976105,
        "median": 16.0093288422,
        "min": 0.82920563221,
        "var": 156.260025024
    },
    "pitch_salience": {
        "dmean": 0.0533548556268,
        "dmean2": 0.0850366875529,
        "dvar": 0.00389502150938,
        "dvar2": 0.00950594898313,
        "max": 0.8225004673,
        "mean": 0.527785480022,
        "median": 0.516871511936,
        "min": 0.145585775375,
        "var": 0.0153439091519
    },
    "silence_rate_20dB": {
        "dmean": 0,
        "dmean2": 0,
        "dvar": 0,
        "dvar2": 0,
        "max": 1,
        "mean": 1,
        "median": 1,
        "min": 1,
        "var": 0
    },
    "silence_rate_30dB": {
        "dmean": 0.0154798757285,
        "dmean2": 0.0309837330133,
        "dvar": 0.0152403432876,
        "dvar2": 0.0393191501498,
        "max": 1,
        "mean": 0.989172458649,
        "median": 1,
        "min": 0,
        "var": 0.0107103371993
    },
    "silence_rate_60dB": {
        "dmean": 0.0170278642327,
        "dmean2": 0.0340821072459,
        "dvar": 0.0167378876358,
        "dvar2": 0.0360189639032,
        "max": 1,
        "mean": 0.102861560881,
        "median": 0,
        "min": 0,
        "var": 0.09228233248
    },
    "spectral_centroid": {
        "dmean": 162.870193481,
        "dmean2": 243.364517212,
        "dvar": 47335.7070312,
        "dvar2": 103731.859375,
        "max": 3399.64575195,
        "mean": 1024.45556641,
        "median": 917.742492676,
        "min": 191.499313354,
        "var": 271319.375
    },
    "spectral_complexity": {
        "dmean": 3.08668732643,
        "dmean2": 4.38264894485,
        "dvar": 23.3128967285,
        "dvar2": 36.2329940796,
        "max": 56,
        "mean": 15.0920343399,
        "median": 13,
        "min": 0,
        "var": 101.183265686
    },
    "spectral_decrease": {
        "dmean": 2.18759810267e-09,
        "dmean2": 3.47143735979e-09,
        "dvar": 2.29633824918e-17,
        "dvar2": 5.65953931084e-17,
        "max": -3.42302446425e-15,
        "mean": -7.30890681311e-09,
        "median": -6.64129506944e-09,
        "min": -4.74126871097e-08,
        "var": 3.61710398525e-17
    },
    "spectral_energy": {
        "dmean": 0.00864213425666,
        "dmean2": 0.0136768613011,
        "dvar": 0.000353375187842,
        "dvar2": 0.00087375525618,
        "max": 0.181490972638,
        "mean": 0.0292264912277,
        "median": 0.0263211820275,
        "min": 1.3665395926e-08,
        "var": 0.00056635774672
    },
    "spectral_energyband_high": {
        "dmean": 0.000344222149579,
        "dmean2": 0.000476824730868,
        "dvar": 8.44122382659e-07,
        "dvar2": 1.76404250851e-06,
        "max": 0.017370512709,
        "mean": 0.000806517200544,
        "median": 0.000345464417478,
        "min": 1.91998930643e-10,
        "var": 1.98790530703e-06
    },
    "spectral_energyband_low": {
        "dmean": 0.0047302544117,
        "dmean2": 0.0074613862671,
        "dvar": 0.000219689187361,
        "dvar2": 0.000518791784998,
        "max": 0.166477099061,
        "mean": 0.0114310663193,
        "median": 0.00877498183399,
        "min": 6.94995438977e-09,
        "var": 0.000269296171609
    },
    "spectral_energyband_middle_high": {
        "dmean": 0.00144421716686,
        "dmean2": 0.00222585862502,
        "dvar": 7.87780027167e-06,
        "dvar2": 2.05928008654e-05,
        "max": 0.0363858193159,
        "mean": 0.0046291667968,
        "median": 0.00248896284029,
        "min": 3.16567527747e-09,
        "var": 2.91902197205e-05
    },
    "spectral_energyband_middle_low": {
        "dmean": 0.00448590517044,
        "dmean2": 0.00745941465721,
        "dvar": 9.80347031145e-05,
        "dvar2": 0.000267897237791,
        "max": 0.123416930437,
        "mean": 0.0137313641608,
        "median": 0.0122896498069,
        "min": 6.38057029434e-09,
        "var": 0.000135972120916
    },
    "spectral_entropy": {
        "dmean": 0.122366383672,
        "dmean2": 0.176140725613,
        "dvar": 0.0216982271522,
        "dvar2": 0.0414069592953,
        "max": 8.40362548828,
        "mean": 7.4503455162,
        "median": 7.44810009003,
        "min": 5.78960847855,
        "var": 0.173945263028
    },
    "spectral_flux": {
        "dmean": 0.0229158774018,
        "dmean2": 0.0341496765614,
        "dvar": 0.00141931907274,
        "dvar2": 0.00291532836854,
        "max": 0.376065611839,
        "mean": 0.0643898546696,
        "median": 0.0469355583191,
        "min": 0.000116899085697,
        "var": 0.00310805509798
    },
    "spectral_kurtosis": {
        "dmean": 0.92724609375,
        "dmean2": 1.5623306036,
        "dvar": 0.803616523743,
        "dvar2": 2.24443101883,
        "max": 13.2231864929,
        "mean": 2.77368330956,
        "median": 2.43712234497,
        "min": -0.542034387589,
        "var": 2.96838450432
    },
    "spectral_rms": {
        "dmean": 0.000665783532895,
        "dmean2": 0.00102519930806,
        "dvar": 1.41546547638e-06,
        "dvar2": 3.37907249559e-06,
        "max": 0.0133065534756,
        "mean": 0.00488472217694,
        "median": 0.00506746489555,
        "min": 3.65131381841e-06,
        "var": 4.6531326916e-06
    },
    "spectral_rolloff": {
        "dmean": 266.864562988,
        "dmean2": 428.612121582,
        "dvar": 330885.65625,
        "dvar2": 796670.4375,
        "max": 6438.42773438,
        "mean": 1025.61608887,
        "median": 775.1953125,
        "min": 107.666015625,
        "var": 858159.6875
    },
    "spectral_skewness": {
        "dmean": 0.147131979465,
        "dmean2": 0.235609218478,
        "dvar": 0.0190790556371,
        "dvar2": 0.0434894375503,
        "max": 2.81986904144,
        "mean": 1.36630952358,
        "median": 1.36667096615,
        "min": 0.345750659704,
        "var": 0.119057618082
    },
    "spectral_spread": {
        "dmean": 381853.15625,
        "dmean2": 566817.1875,
        "dvar": 290315894784,
        "dvar2": 598904143872,
        "max": 10262941,
        "mean": 4891281.5,
        "median": 4811326.5,
        "min": 2768566,
        "var": 1.08712486502e+12
    },
    "spectral_strongpeak": {
        "dmean": 0.278629541397,
        "dmean2": 0.501270234585,
        "dvar": 0.488102257252,
        "dvar2": 1.20858120918,
        "max": 10.0233201981,
        "mean": 0.672709107399,
        "median": 0.463051617146,
        "min": 0.000121178389236,
        "var": 0.875589311123
    },
    "zerocrossingrate": {
        "dmean": 0.00724674388766,
        "dmean2": 0.00833633355796,
        "dvar": 6.54344985378e-05,
        "dvar2": 7.82675342634e-05,
        "max": 0.1708984375,
        "mean": 0.0462307557464,
        "median": 0.04296875,
        "min": 0.00439453125,
        "var": 0.000574020668864
    },
    "barkbands": {
        "dmean": [0.000158867973369, 0.00244340789504, 0.00233447062783, 0.00121190666687, 0.00156312389299, 0.00128234154545, 0.000733571127057, 0.000745692697819, 0.000577037979383, 0.000442250224296, 0.000220565241762, 0.000156809503096, 0.000342211773386, 0.000479321723105, 0.000187424331671, 0.000171015795786, 0.000172983010998, 0.000125685648527, 0.000114891445264, 9.27469372982e-05, 9.60946126725e-05, 0.000118111966003, 7.74195868871e-05, 3.76064235752e-05, 2.5674020435e-05, 6.02367572355e-06, 1.47268877981e-07],
        "dmean2": [0.000209360179724, 0.00387595407665, 0.00398767273873, 0.00195840676315, 0.00253410614096, 0.00219500926323, 0.00121463485993, 0.001228602021, 0.000919654034078, 0.000668341584969, 0.000326117500663, 0.000255448976532, 0.000532059522811, 0.000783278606832, 0.000309063791065, 0.000258837244473, 0.000270315096714, 0.000192990279174, 0.000186785284313, 0.000142233664519, 0.000148964143591, 0.000174053086084, 0.00011777025793, 5.21827241755e-05, 3.72220019926e-05, 9.51093898038e-06, 2.62399964868e-07],
        "dvar": [3.32257855007e-07, 6.98182266206e-05, 6.01542415097e-05, 6.16724855718e-06, 8.62978231453e-06, 1.5535082639e-05, 3.64198012903e-06, 3.91721823689e-06, 1.62782714597e-06, 6.40671942165e-07, 2.97301170349e-07, 1.60117338055e-07, 3.52014239979e-07, 2.19835965254e-06, 2.29427499221e-07, 1.65757427339e-07, 1.60633248925e-07, 1.30118579023e-07, 8.97694150126e-08, 4.94542504725e-08, 8.32248900906e-08, 1.04479056517e-07, 4.39369216565e-08, 6.32053431815e-09, 4.3206562772e-09, 2.46117903835e-10, 2.83832636214e-13],
        "dvar2": [5.5736268223e-07, 0.000151226427988, 0.000162937081768, 1.7342135834e-05, 2.27435302804e-05, 4.33689892816e-05, 1.03870816019e-05, 1.05592553155e-05, 4.43818908025e-06, 1.54603367264e-06, 5.43564283362e-07, 3.99207436885e-07, 7.78659625666e-07, 6.42233771941e-06, 5.93040226704e-07, 3.78968877612e-07, 3.75134163733e-07, 2.75904540104e-07, 2.34448435776e-07, 1.1408476297e-07, 1.98863503442e-07, 2.00085267466e-07, 1.0570006026e-07, 1.28797372767e-08, 9.75688685401e-09, 5.63439794821e-10, 7.61783268844e-13],
        "max": [0.00553405610844, 0.103548102081, 0.0738361924887, 0.0332661122084, 0.0368078835309, 0.0512519925833, 0.0218044128269, 0.0219195112586, 0.0183788537979, 0.0121776852757, 0.0121113499627, 0.00617623794824, 0.00892459508032, 0.0282033588737, 0.00936021283269, 0.0063755242154, 0.00613350467756, 0.00753881689161, 0.00437540234998, 0.00260448595509, 0.00373938959092, 0.00729716429487, 0.00410937704146, 0.00121725536883, 0.000836104154587, 0.000301485386444, 9.69796928985e-06],
        "mean": [0.000203465475352, 0.00523718213663, 0.00478092115372, 0.00384217384271, 0.00439788401127, 0.0016945800744, 0.00107735209167, 0.0012021685252, 0.0011613657698, 0.000795915082563, 0.000471863779239, 0.000263688474661, 0.000769010453951, 0.000979005824775, 0.000302940839902, 0.000363341358025, 0.000378044816898, 0.000208514247788, 0.000195375498151, 0.000172503496287, 0.000173762789927, 0.000254999322351, 0.000167859456269, 8.36755716591e-05, 4.11873152188e-05, 7.61526916904e-06, 1.13665876711e-07],
        "median": [3.51071594196e-06, 0.00303424498998, 0.0020910797175, 0.00214898446575, 0.00337010971271, 0.000537324114703, 0.000569295545574, 0.000281105312752, 0.000232607941143, 0.000251243967796, 0.000103778074845, 6.05850436841e-05, 0.00017395328905, 0.000145723301102, 9.57207521424e-05, 7.24309284124e-05, 8.67586859385e-05, 5.39078755537e-05, 7.49147075112e-05, 5.74577279622e-05, 6.56572665321e-05, 8.98758080439e-05, 7.28314043954e-05, 3.88576481782e-05, 1.27840839923e-05, 1.47115588334e-06, 2.09168438126e-09],
        "min": [2.33892766266e-11, 2.12133907662e-10, 3.68925068273e-09, 2.45628717366e-09, 4.49894232979e-10, 5.04601013751e-11, 3.13478062952e-11, 2.5804389181e-10, 1.0033754938e-09, 3.69648721354e-11, 2.50152593084e-10, 5.42124956038e-10, 1.56341412039e-10, 3.03781583222e-11, 1.24783057151e-11, 1.20833655581e-11, 7.49646959092e-12, 3.51378544317e-11, 1.84671042347e-10, 6.06518828217e-12, 1.6903973013e-11, 2.80636278105e-11, 2.58409578457e-11, 8.52379625216e-12, 1.31101162912e-11, 5.90336330167e-12, 7.92408760136e-12],
        "var": [5.79269396894e-07, 9.27143264562e-05, 5.86820533499e-05, 1.95284228539e-05, 1.73026146513e-05, 1.29818799905e-05, 3.4087252061e-06, 5.36761854164e-06, 4.2263081923e-06, 1.76774608462e-06, 1.52610039095e-06, 3.88133855722e-07, 1.9274737042e-06, 5.58652254767e-06, 4.01267953976e-07, 6.93306390076e-07, 5.79970276249e-07, 2.8502208238e-07, 1.12699055421e-07, 1.00158167982e-07, 1.21430829836e-07, 2.78459594938e-07, 9.50601091176e-08, 1.66360756282e-08, 6.49805320663e-09, 3.89360099717e-10, 2.2053603247e-13]
    },
    "erbbands": {
        "dmean": [0.0642966926098, 0.672116458416, 2.69063472748, 3.01149702072, 4.94288921356, 5.74216890335, 6.27050304413, 12.1090707779, 10.6512041092, 14.3306341171, 13.43019104, 13.4705371857, 12.5817308426, 10.9228086472, 9.03042221069, 7.50712299347, 16.1085929871, 24.4281616211, 11.7663974762, 9.4344997406, 9.2768945694, 7.39038848877, 6.61205244064, 5.25270175934, 5.78758239746, 4.26712226868, 3.53043031693, 4.17745542526, 4.27572441101, 3.62856268883, 1.91436743736, 1.04129171371, 0.542414844036, 0.339376688004, 0.157825306058, 0.045680180192, 0.00776295410469, 0.000876754813362, 2.41690358962e-05, 1.06805910036e-05],
        "dmean2": [0.0875803530216, 1.08411574364, 4.54244041443, 5.08458518982, 7.8535861969, 9.21001148224, 10.0017318726, 21.1241512299, 17.681886673, 22.6067199707, 23.2378997803, 21.7964801788, 19.4952545166, 16.2284984589, 13.3314819336, 12.2309150696, 25.2833118439, 40.109413147, 19.3365001678, 14.8662614822, 13.5178365707, 11.456738472, 10.0503139496, 8.19288444519, 9.27324485779, 6.51421880722, 5.57439136505, 6.3453335762, 6.21405076981, 5.44377326965, 2.82913899422, 1.51433253288, 0.754748761654, 0.478662550449, 0.240536078811, 0.0709245428443, 0.0126759847626, 0.00146058981773, 3.91057728848e-05, 1.65987257787e-05],
        "dvar": [0.0536903068423, 5.26925086975, 86.0057296753, 57.503276825, 71.838470459, 157.579711914, 183.104187012, 1758.67358398, 927.215820312, 1157.75256348, 1654.40844727, 1094.24133301, 759.989318848, 492.488861084, 482.838287354, 280.306915283, 771.842285156, 5578.34960938, 813.487121582, 678.751342773, 455.6199646, 276.851379395, 262.615234375, 229.565155029, 219.389556885, 110.525505066, 89.5132217407, 177.672027588, 120.643188477, 113.902587891, 24.3449993134, 5.04884338379, 1.49109518528, 0.672304749489, 0.178545817733, 0.0151942046359, 0.000397369265556, 5.85315183343e-06, 3.95301213985e-09, 5.28852739379e-10],
        "dvar2": [0.110365450382, 12.5435266495, 228.891708374, 163.98260498, 200.034378052, 412.874359131, 467.826538086, 4923.46337891, 2585.92700195, 3047.97216797, 4715.33984375, 3118.625, 1800.3972168, 1249.39355469, 861.234313965, 704.518127441, 1804.08581543, 16182.2529297, 2153.67138672, 1577.94970703, 987.444335938, 656.985839844, 581.120849609, 542.912902832, 578.281738281, 258.697753906, 207.046035767, 427.506835938, 244.386520386, 233.843963623, 55.4424247742, 10.9018907547, 3.06879425049, 1.45280790329, 0.426926463842, 0.0353937968612, 0.000965057115536, 1.45381181937e-05, 1.004018646e-08, 1.30863408998e-09],
        "max": [3.54729771614, 28.9277629852, 90.4460372925, 116.207046509, 84.2426300049, 146.954818726, 214.44984436, 542.685119629, 330.944885254, 427.563415527, 447.067718506, 571.551147461, 640.582763672, 231.71131897, 577.166381836, 262.181274414, 432.484436035, 1310.73864746, 366.525177002, 678.012939453, 412.958587646, 277.84588623, 334.451019287, 206.226135254, 238.955825806, 127.287345886, 110.120063782, 179.74621582, 246.437545776, 258.519561768, 101.533073425, 35.6513252258, 19.7820415497, 11.1712331772, 5.34553289413, 2.24018597603, 0.313628971577, 0.0355968661606, 0.000907939102035, 0.000223570052185],
        "mean": [0.0880226567388, 1.39395940304, 5.80758810043, 7.92995643616, 16.4150657654, 13.291970253, 12.9754390717, 14.7753887177, 15.8162403107, 24.2738571167, 21.3430919647, 28.4977912903, 23.2156028748, 19.1501560211, 21.8043556213, 16.3636627197, 37.108745575, 48.4801559448, 23.3047618866, 16.8716125488, 22.8583660126, 19.2575492859, 13.8009576797, 9.26385879517, 10.3933572769, 7.97826480865, 6.64068412781, 7.29379177094, 8.91143417358, 7.81178569794, 4.34192323685, 2.50455188751, 1.08431100845, 0.567994952202, 0.224933177233, 0.0595794655383, 0.00915924552828, 0.000910269503947, 4.0063940105e-05, 3.62200516975e-05],
        "median": [0.0258826818317, 0.991985976696, 3.38225293159, 5.45824956894, 12.8721570969, 7.91450452805, 6.43368196487, 5.00314188004, 7.61036920547, 9.26996135712, 8.16854190826, 6.73995733261, 7.82891702652, 5.75960159302, 5.41603851318, 5.33752584457, 8.66059017181, 9.24145889282, 5.75630617142, 5.43266153336, 4.45148038864, 4.23693180084, 3.85483503342, 3.18540358543, 3.90044999123, 2.70256853104, 2.23249316216, 2.94085431099, 3.29809355736, 2.69394207001, 1.85980224609, 1.1518112421, 0.449217259884, 0.184503406286, 0.0618850439787, 0.0143956877291, 0.00149750045966, 0.000103784906969, 1.95014981728e-05, 3.2044146792e-05],
        "min": [2.43216158324e-09, 1.14582327626e-07, 2.8003960324e-06, 7.13630470273e-06, 6.32893261354e-06, 9.49646107529e-07, 1.1269977449e-06, 2.06922194934e-07, 3.41010462535e-07, 7.65341212627e-07, 1.59277551575e-05, 2.07418124774e-05, 1.45100329974e-06, 1.0304681382e-05, 5.76100956096e-06, 2.6353272915e-05, 9.44052317209e-06, 3.52000006387e-06, 7.56114559408e-07, 7.50792025883e-07, 7.39156291729e-07, 6.72714236316e-07, 2.7169214718e-06, 4.68206553705e-06, 3.62575292456e-06, 6.29299677257e-07, 5.02040791162e-07, 1.44540308611e-06, 1.05880087631e-06, 9.99717826744e-07, 5.3320400184e-07, 2.23124715149e-07, 1.20343045751e-07, 1.57704747039e-07, 8.3815500318e-08, 3.17401003258e-08, 9.43979205914e-09, 4.8071226999e-09, 9.84941572746e-10, 1.39284334066e-10],
        "var": [0.0752273499966, 5.55324029922, 79.4688796997, 79.5614624023, 229.522674561, 259.096740723, 382.648040771, 1281.67077637, 879.745849609, 1861.49279785, 1551.33581543, 2566.30102539, 2462.78759766, 1090.01489258, 3139.3359375, 835.95513916, 4044.43725586, 13393.5419922, 2187.70751953, 1344.86230469, 2752.29321289, 1531.24768066, 658.987792969, 380.156646729, 291.549316406, 207.980743408, 158.002624512, 242.507415771, 297.893066406, 298.692565918, 58.374584198, 13.8928728104, 3.61806511879, 1.12117266655, 0.245900124311, 0.0233793817461, 0.000520192319527, 6.25606526228e-06, 4.48467174508e-09, 8.74124661543e-10]
    },
    "gfcc": {
        "mean": [-20.4882335663, 106.977714539, -114.784896851, 51.6033706665, -68.5618133545, 22.8442783356, -41.3893432617, -1.05297970772, -20.3150520325, -5.11275815964, -16.1302089691, -11.4679994583, -13.8753547668],
        "cov": [[9936.52539062, -668.919799805, -422.336334229, -230.290710449, -334.665527344, 234.004104614, -248.460357666, 236.648925781, 81.9842147827, 309.127410889, -22.8516979218, 535.842529297, 43.7268867493], [-668.919799805, 649.856201172, 93.8467330933, 12.4155664444, 159.336471558, -20.9661884308, 101.907035828, -62.1252288818, 70.9961242676, -77.4250488281, 96.6939239502, -131.042572021, 20.6199321747], [-422.336334229, 93.8467330933, 699.945617676, 252.000823975, 176.348571777, -6.26724338531, -60.3043785095, 11.6761579514, -53.3402137756, 5.45056629181, -14.9809026718, -16.1273574829, 0.805242836475], [-230.290710449, 12.4155664444, 252.000823975, 320.399139404, 108.608032227, -27.8676929474, -70.7987670898, 14.2884740829, 11.8444700241, -11.7388887405, 17.8064403534, -1.92284953594, 71.971321106], [-334.665527344, 159.336471558, 176.348571777, 108.608032227, 255.474029541, 11.3141345978, 6.337038517, 35.4412536621, 24.499420166, 12.0471010208, 2.82978367805, -29.5053005219, -5.75754547119], [234.004104614, -20.9661884308, -6.26724338531, -27.8676929474, 11.3141345978, 145.73236084, 76.5844726562, 21.1854972839, -17.136548996, 19.0862998962, 13.6997613907, -12.9735803604, -24.2206687927], [-248.460357666, 101.907035828, -60.3043785095, -70.7987670898, 6.337038517, 76.5844726562, 171.875671387, 7.21751880646, 5.36799669266, 2.97943282127, 13.7221288681, -36.8092346191, -36.6095466614], [236.648925781, -62.1252288818, 11.6761579514, 14.2884740829, 35.4412536621, 21.1854972839, 7.21751880646, 104.460380554, 26.4317741394, 32.8275222778, -17.9653186798, 27.3378810883, 6.82659578323], [81.9842147827, 70.9961242676, -53.3402137756, 11.8444700241, 24.499420166, -17.136548996, 5.36799669266, 26.4317741394, 90.8883209229, 9.29654312134, 7.39171791077, 0.819816112518, 24.0925827026], [309.127410889, -77.4250488281, 5.45056629181, -11.7388887405, 12.0471010208, 19.0862998962, 2.97943282127, 32.8275222778, 9.29654312134, 89.9547424316, 2.63463139534, 24.5714530945, -7.13786029816], [-22.8516979218, 96.6939239502, -14.9809026718, 17.8064403534, 2.82978367805, 13.6997613907, 13.7221288681, -17.9653186798, 7.39171791077, 2.63463139534, 90.5021133423, -12.8429985046, 15.377325058], [535.842529297, -131.042572021, -16.1273574829, -1.92284953594, -29.5053005219, -12.9735803604, -36.8092346191, 27.3378810883, 0.819816112518, 24.5714530945, -12.8429985046, 108.471389771, 21.9682693481], [43.7268867493, 20.6199321747, 0.805242836475, 71.971321106, -5.75754547119, -24.2206687927, -36.6095466614, 6.82659578323, 24.0925827026, -7.13786029816, 15.377325058, 21.9682693481, 104.316963196]],
        "icov": [[0.000212321639992, -0.000432262517279, 0.000165047371411, -0.000132948305691, 0.000453401065897, -0.000799012661446, 0.000743322249036, -0.000258976913756, -2.55310624198e-05, -0.000630315975286, 0.000317184225423, -0.00109408958815, 0.000350632413756], [-0.000432262517279, 0.00693504419178, -0.0020105370786, 0.0032143201679, -0.00450484734029, 0.00388860120438, -0.00478374958038, 0.00299341185018, -0.00445930566639, 0.0055751199834, -0.00596363050863, 0.00592094473541, -0.00356868328527], [0.000165047371411, -0.0020105370786, 0.00314691546373, -0.00276873540133, 0.000227487078519, -0.00116315460764, 0.00171302922536, -0.000887931790203, 0.00308185419999, -0.00213454430923, 0.00224829115905, -0.00173404102679, 0.00179187615868], [-0.000132948305691, 0.0032143201679, -0.00276873540133, 0.00784002710134, -0.00340451695956, 0.00147494277917, -0.000554725527763, 0.000852818368003, -0.00272737117484, 0.00343634770252, -0.00389821082354, 0.00295760971494, -0.00524644134566], [0.000453401065897, -0.00450484734029, 0.000227487078519, -0.00340451695956, 0.00899207033217, -0.00321582634933, 0.00317071797326, -0.0035279376898, 0.000655028736219, -0.0042706374079, 0.0036503195297, -0.00305769988336, 0.0038031116128], [-0.000799012661446, 0.00388860120438, -0.00116315460764, 0.00147494277917, -0.00321582634933, 0.014132485725, -0.00827712658793, -0.000572642718907, 0.00159167905804, 0.00247908500023, -0.00477053504437, 0.00590440630913, -0.00194402527995], [0.000743322249036, -0.00478374958038, 0.00171302922536, -0.000554725527763, 0.00317071797326, -0.00827712658793, 0.0136911580339, -0.00279926252551, 0.000821550085675, -0.00381566327997, 0.0030509266071, -0.00359345087782, 0.00410091225058], [-0.000258976913756, 0.00299341185018, -0.000887931790203, 0.000852818368003, -0.0035279376898, -0.000572642718907, -0.00279926252551, 0.0155209023505, -0.00563641171902, -0.000883949338458, 0.00094460794935, -0.000305933819618, -0.00222397549078], [-2.55310624198e-05, -0.00445930566639, 0.00308185419999, -0.00272737117484, 0.000655028736219, 0.00159167905804, 0.000821550085675, -0.00563641171902, 0.0188790969551, -0.00442207232118, 0.00285593653098, -0.00138801895082, -0.000978554598987], [-0.000630315975286, 0.0055751199834, -0.00213454430923, 0.00343634770252, -0.0042706374079, 0.00247908500023, -0.00381566327997, -0.000883949338458, -0.00442207232118, 0.0188803635538, -0.00650311959907, 0.00294187152758, -0.00148123397958], [0.000317184225423, -0.00596363050863, 0.00224829115905, -0.00389821082354, 0.0036503195297, -0.00477053504437, 0.0030509266071, 0.00094460794935, 0.00285593653098, -0.00650311959907, 0.0182415135205, -0.00384483137168, 0.000836857419927], [-0.00109408958815, 0.00592094473541, -0.00173404102679, 0.00295760971494, -0.00305769988336, 0.00590440630913, -0.00359345087782, -0.000305933819618, -0.00138801895082, 0.00294187152758, -0.00384483137168, 0.0204047597945, -0.00598629191518], [0.000350632413756, -0.00356868328527, 0.00179187615868, -0.00524644134566, 0.0038031116128, -0.00194402527995, 0.00410091225058, -0.00222397549078, -0.000978554598987, -0.00148123397958, 0.000836857419927, -0.00598629191518, 0.0163556616753]]
    },
    "melbands": {
        "dmean": [0.000571556214709, 0.00123022403568, 0.000559717707802, 0.000374024995835, 0.000221605252591, 0.000261419278104, 0.000162018070114, 0.00016363573377, 0.000107400730485, 8.17125255708e-05, 6.24970998615e-05, 4.64384829684e-05, 3.08903254336e-05, 1.74608430825e-05, 3.69138797396e-05, 2.64699356194e-05, 5.26186195202e-05, 2.15309028135e-05, 1.24017824419e-05, 1.20076929306e-05, 1.23935633383e-05, 8.35959963297e-06, 8.77299953572e-06, 5.70397241972e-06, 4.3548211579e-06, 4.84872407469e-06, 3.71391161025e-06, 2.78528432318e-06, 2.35814377447e-06, 2.36670894083e-06, 2.61684203906e-06, 2.47342131843e-06, 2.55828945228e-06, 1.94510903384e-06, 1.2180636304e-06, 9.39382061915e-07, 5.99411634994e-07, 3.98673449808e-07, 3.47379824461e-07, 2.8380154049e-07],
        "dmean2": [0.000848120893352, 0.00204590964131, 0.000935324234888, 0.000601430656388, 0.000351409253199, 0.000453505577752, 0.000270161923254, 0.000260174041614, 0.000185793760465, 0.00013150263112, 9.64444625424e-05, 6.94804184604e-05, 4.50597362942e-05, 2.79616160697e-05, 5.79280895181e-05, 4.1385894292e-05, 8.65471956786e-05, 3.55917291017e-05, 1.98317793547e-05, 1.85322296602e-05, 1.83803276741e-05, 1.31947099362e-05, 1.32547329486e-05, 8.97598965821e-06, 6.89378748575e-06, 7.94075185695e-06, 5.95347228227e-06, 4.31404032497e-06, 3.72150611838e-06, 3.73819966626e-06, 4.15968088419e-06, 3.63353296962e-06, 4.03030117013e-06, 3.01900718114e-06, 1.85226656413e-06, 1.4475477883e-06, 8.65431957209e-07, 5.72640658447e-07, 4.99519558161e-07, 4.12184732568e-07],
        "dvar": [3.78377717425e-06, 1.78931131813e-05, 1.57376985044e-06, 5.08602454374e-07, 2.01651928933e-07, 7.80861796557e-07, 2.10809176338e-07, 1.56534611051e-07, 9.20836882301e-08, 4.00650748134e-08, 1.86311197581e-08, 9.25611942648e-09, 5.77099923404e-09, 1.48418433099e-09, 4.77340078575e-09, 2.31468555434e-09, 2.8122293827e-08, 3.10708059281e-09, 1.00875163778e-09, 9.14906428395e-10, 8.59143312049e-10, 3.99692556829e-10, 4.13703460378e-10, 3.10849596064e-10, 1.62394986347e-10, 1.41620035143e-10, 9.42598429865e-11, 4.64926326604e-11, 3.56581084104e-11, 5.4870621935e-11, 6.9874293851e-11, 4.14655185188e-11, 5.48981762827e-11, 3.15018705566e-11, 9.92907058656e-12, 4.82706973351e-12, 1.6376094274e-12, 8.09372100591e-13, 6.14293555259e-13, 5.17205364908e-13],
        "dvar2": [7.67846086092e-06, 4.59985676571e-05, 4.44920942755e-06, 1.34144750064e-06, 5.25174243649e-07, 2.1860803372e-06, 5.92976391545e-07, 4.07040346317e-07, 2.60143394826e-07, 1.13878044772e-07, 4.41999041811e-08, 2.33153585327e-08, 1.02368309385e-08, 3.62834606804e-09, 1.14399698603e-08, 5.22755216892e-09, 8.21444601229e-08, 8.08287570209e-09, 2.52981191551e-09, 2.10117900856e-09, 1.7459480528e-09, 9.70897806596e-10, 8.11355205244e-10, 7.81170683695e-10, 3.82934656207e-10, 3.6539518633e-10, 2.43172898484e-10, 1.06296006719e-10, 8.0847696593e-11, 1.40724834563e-10, 1.68228195263e-10, 9.02036778605e-11, 1.07992136067e-10, 7.28850313436e-11, 2.37085438087e-11, 1.23402945848e-11, 3.57916972969e-12, 1.68840755179e-12, 1.31387934386e-12, 1.17226855393e-12],
        "max": [0.0299872606993, 0.0459898598492, 0.0181206632406, 0.0073913205415, 0.00563711160794, 0.0113677093759, 0.00512673426419, 0.00418579438701, 0.00336882215925, 0.00352424825542, 0.00310023361817, 0.00102302711457, 0.00172644644044, 0.000561476626899, 0.00104013562668, 0.000871268566698, 0.00304296799004, 0.000845744740218, 0.000652472430374, 0.000589005183429, 0.00055932084797, 0.000300500716548, 0.000427745981142, 0.000353590352461, 0.000172955362359, 0.000160037903697, 0.000146054444485, 7.74637737777e-05, 6.49760768283e-05, 0.00011621597514, 0.000132410306833, 0.000139254727401, 0.00016998166393, 0.000121152268548, 6.22611769359e-05, 3.92572728742e-05, 1.92308434634e-05, 1.58511829795e-05, 8.73421049619e-06, 1.01203331724e-05],
        "mean": [0.00108537450433, 0.00269620819017, 0.00180303945672, 0.00108002661727, 0.000497351633385, 0.000323519780068, 0.000235210856772, 0.000275745434919, 0.000188218182302, 0.000164680037415, 0.000111819696031, 7.68359386711e-05, 6.7459368438e-05, 3.82466496376e-05, 8.19697088446e-05, 5.52358978894e-05, 0.000102749174403, 4.23175988544e-05, 1.98727266252e-05, 2.12323229789e-05, 2.96940233966e-05, 1.93519226741e-05, 1.82591720659e-05, 9.33909632295e-06, 7.04103058524e-06, 7.96689982963e-06, 6.61250260237e-06, 4.86087128593e-06, 4.14265332438e-06, 3.90508739656e-06, 4.35345509686e-06, 4.78345236843e-06, 5.42708448847e-06, 3.86841566069e-06, 2.47788261731e-06, 2.112537004e-06, 1.29870727505e-06, 7.66990240209e-07, 5.99575457727e-07, 4.35705231894e-07],
        "median": [0.000533160986379, 0.00188902835362, 0.00133083004039, 0.000795890693553, 0.000258345447946, 0.000102371028333, 0.000115989503684, 8.80410370883e-05, 6.47671258776e-05, 3.73653601855e-05, 3.36928605975e-05, 2.01984985324e-05, 1.5746045392e-05, 9.31743215915e-06, 1.67668167705e-05, 1.51230615302e-05, 1.38928407978e-05, 9.26178199734e-06, 6.85455006533e-06, 5.62931654713e-06, 5.24137794855e-06, 3.93088203055e-06, 4.5554661483e-06, 2.52910922427e-06, 2.21736968342e-06, 3.02133571495e-06, 2.38181769419e-06, 1.50230232521e-06, 1.33391301915e-06, 1.31844035423e-06, 1.73765090494e-06, 1.80232734692e-06, 1.70833891389e-06, 1.36896585445e-06, 1.04766593267e-06, 8.70579981438e-07, 5.84674751281e-07, 3.00485993421e-07, 2.02452554277e-07, 1.28359886276e-07],
        "min": [3.59184279541e-11, 1.03194552903e-09, 1.33574995509e-09, 1.94935359521e-10, 3.57005675022e-11, 5.84451107302e-12, 5.5279682741e-12, 6.43769499514e-12, 1.82041701158e-10, 1.10873039916e-10, 1.89093640919e-12, 3.82102370577e-11, 2.93253372974e-11, 2.64906707681e-11, 6.87137638455e-11, 4.55119926121e-12, 3.44171175934e-12, 1.14618611911e-12, 1.16391412567e-12, 7.75906140553e-13, 7.71159611862e-13, 4.54037659249e-13, 2.16900477613e-12, 1.78913654725e-12, 1.95686869486e-12, 4.07795498758e-12, 8.24682282099e-13, 1.24628497626e-13, 2.77959702781e-13, 4.10294899184e-13, 1.03488842929e-12, 6.95573535835e-13, 2.81477234099e-13, 5.47804369141e-13, 3.15301468745e-13, 2.01344542709e-13, 1.05428083527e-13, 7.30961311987e-14, 1.22505182539e-13, 1.31438412129e-13],
        "var": [5.64511765333e-06, 1.65568562807e-05, 2.99081398225e-06, 1.04912464849e-06, 4.12384537185e-07, 5.83508267482e-07, 1.92860014181e-07, 2.64159098151e-07, 1.09124044911e-07, 8.51683310543e-08, 5.98849325684e-08, 2.01925320908e-08, 3.00076230531e-08, 5.81673953448e-09, 2.3380975378e-08, 9.33318933249e-09, 6.66960673357e-08, 9.45040756761e-09, 1.6270941261e-09, 1.94284499599e-09, 5.27119770055e-09, 1.64779334622e-09, 1.49521861559e-09, 4.07408135006e-10, 2.63849886384e-10, 1.86841916938e-10, 1.44552217418e-10, 8.87068196676e-11, 6.55424950424e-11, 6.97851915143e-11, 9.18146461637e-11, 8.72148256392e-11, 1.4763472389e-10, 6.83724882267e-11, 2.08021724846e-11, 1.13509817865e-11, 3.95344607745e-12, 1.94275368362e-12, 1.22276635432e-12, 7.41455508102e-13]
    },
    "mfcc": {
        "mean": [-654.970214844, 117.890975952, 16.3603229523, 27.0060634613, 4.2146859169, 16.2649650574, -6.45890140533, 4.08547735214, -5.14026260376, 3.76425147057, 0.397569924593, -2.96924328804, -6.94278478622],
        "cov": [[9236.45703125, -233.447387695, -485.479766846, -304.933197021, -280.987060547, 56.6713066101, -302.830200195, 211.561920166, 13.7145748138, -63.5460510254, 92.8403625488, 274.257110596, 154.065322876], [-233.447387695, 647.373657227, 7.11184358597, 41.4436264038, 67.4050979614, 65.5787963867, 67.450881958, 28.8848991394, -12.2507858276, 72.7907409668, 52.8691596985, 11.9353885651, -29.900598526], [-485.479766846, 7.11184358597, 455.086730957, 177.820022583, 153.365524292, 25.228767395, 76.7141342163, -29.4494552612, 19.0840148926, -61.0498924255, -11.5313682556, -3.65796756744, 14.598110199], [-304.933197021, 41.4436264038, 177.820022583, 283.881713867, 188.610107422, 8.75069713593, 7.88777256012, -16.719078064, 47.5997772217, -37.3829116821, -10.5979318619, 1.32382774353, 44.3207702637], [-280.987060547, 67.4050979614, 153.365524292, 188.610107422, 305.293273926, 4.1093378067, 39.3276977539, -11.9838008881, 48.2064628601, -28.0985050201, 8.35096740723, 0.736145496368, 36.3192710876], [56.6713066101, 65.5787963867, 25.228767395, 8.75069713593, 4.1093378067, 119.392066956, 67.7683486938, 25.9827671051, -4.19464492798, 41.9503974915, 21.9267597198, 14.0361843109, -8.93151092529], [-302.830200195, 67.450881958, 76.7141342163, 7.88777256012, 39.3276977539, 67.7683486938, 166.63293457, 19.7185134888, 2.93752408028, 34.4175300598, 37.6883392334, -7.0455622673, 1.80503857136], [211.561920166, 28.8848991394, -29.4494552612, -16.719078064, -11.9838008881, 25.9827671051, 19.7185134888, 97.7771606445, 25.4181690216, 22.4243030548, 11.8298883438, 25.8395118713, 1.57868826389], [13.7145748138, -12.2507858276, 19.0840148926, 47.5997772217, 48.2064628601, -4.19464492798, 2.93752408028, 25.4181690216, 106.30821991, 16.4532241821, -1.68344426155, 0.677040994167, 30.9105949402], [-63.5460510254, 72.7907409668, -61.0498924255, -37.3829116821, -28.0985050201, 41.9503974915, 34.4175300598, 22.4243030548, 16.4532241821, 127.073394775, 36.7518768311, 2.25323343277, -33.247844696], [92.8403625488, 52.8691596985, -11.5313682556, -10.5979318619, 8.35096740723, 21.9267597198, 37.6883392334, 11.8298883438, -1.68344426155, 36.7518768311, 77.8246688843, 17.0711460114, 6.21718788147], [274.257110596, 11.9353885651, -3.65796756744, 1.32382774353, 0.736145496368, 14.0361843109, -7.0455622673, 25.8395118713, 0.677040994167, 2.25323343277, 17.0711460114, 68.4944458008, 19.0263748169], [154.065322876, -29.900598526, 14.598110199, 44.3207702637, 36.3192710876, -8.93151092529, 1.80503857136, 1.57868826389, 30.9105949402, -33.247844696, 6.21718788147, 19.0263748169, 86.8919525146]],
