{
"lowlevel": {
    "average_loudness": 0.984621942043,
    "barkbands_crest": {
        "dmean": 2.63467097282,
        "dmean2": 4.46910715103,
        "dvar": 7.36769485474,
        "dvar2": 19.8797988892,
        "max": 19.3957424164,
        "mean": 7.29540300369,
        "median": 6.63044643402,
        "min": 2.78553318977,
        "var": 8.47912788391
    },
    "barkbands_flatness_db": {
        "dmean": 0.0178749263287,
        "dmean2": 0.0304612051696,
        "dvar": 0.000273257639492,
        "dvar2": 0.000767869176343,
        "max": 0.237223163247,
        "mean": 0.128909960389,
        "median": 0.126510098577,
        "min": 0.0746792107821,
        "var": 0.000479812559206
    },
    "barkbands_kurtosis": {
        "dmean": 1.14199316502,
        "dmean2": 2.00204825401,
        "dvar": 2.3405482769,
        "dvar2": 6.49591064453,
        "max": 15.9492378235,
        "mean": 0.939157128334,
        "median": 0.447860479355,
        "min": -1.11685276031,
        "var": 2.91151618958
    },
    "barkbands_skewness": {
        "dmean": 0.423421055079,
        "dmean2": 0.695712864399,
        "dvar": 0.174246385694,
        "dvar2": 0.450053751469,
        "max": 3.70104503632,
        "mean": 1.04049396515,
        "median": 0.959733128548,
        "min": -0.132176622748,
        "var": 0.325072854757
    },
    "barkbands_spread": {
        "dmean": 3.9764008522,
        "dmean2": 6.67579174042,
        "dvar": 12.5736131668,
        "dvar2": 37.4871292114,
        "max": 46.817401886,
        "mean": 24.0343875885,
        "median": 23.6992721558,
        "min": 8.37392902374,
        "var": 29.3394813538
    },
    "dissonance": {
        "dmean": 0.0130535233766,
        "dmean2": 0.0226484779269,
        "dvar": 0.000119220982015,
        "dvar2": 0.000350917835021,
        "max": 0.500000119209,
        "mean": 0.478838562965,
        "median": 0.481733769178,
        "min": 0.420284718275,
        "var": 0.000196397304535
    },
    "dynamic_complexity": 1.13276517391,
    "erbbands_crest": {
        "dmean": 2.00724720955,
        "dmean2": 3.34686303139,
        "dvar": 3.15065360069,
        "dvar2": 8.50959587097,
        "max": 20.657491684,
        "mean": 7.24396085739,
        "median": 6.87678384781,
        "min": 2.85088944435,
        "var": 5.50462055206
    },
    "erbbands_flatness_db": {
        "dmean": 0.0132111022249,
        "dmean2": 0.0207110960037,
        "dvar": 0.00012606101518,
        "dvar2": 0.000307263340801,
        "max": 0.236706689,
        "mean": 0.172107085586,
        "median": 0.172334000468,
        "min": 0.110427960753,
        "var": 0.000425450591138
    },
    "erbbands_kurtosis": {
        "dmean": 0.488298207521,
        "dmean2": 0.811653375626,
        "dvar": 0.214278459549,
        "dvar2": 0.592094838619,
        "max": 5.19525432587,
        "mean": 0.114662729204,
        "median": 0.034973859787,
        "min": -1.35756695271,
        "var": 0.560829758644
    },
    "erbbands_skewness": {
        "dmean": 0.236834615469,
        "dmean2": 0.388016015291,
        "dvar": 0.0374928489327,
        "dvar2": 0.0991606786847,
        "max": 1.90418124199,
        "mean": 0.356132209301,
        "median": 0.350061327219,
        "min": -0.553219735622,
        "var": 0.0970350503922
    },
    "erbbands_spread": {
        "dmean": 5.99746274948,
        "dmean2": 9.70602893829,
        "dvar": 26.5136165619,
        "dvar2": 68.1891555786,
        "max": 68.7453842163,
        "mean": 33.371383667,
        "median": 31.6176776886,
        "min": 12.9769830704,
        "var": 98.0966567993
    },
    "hfc": {
        "dmean": 5.78143501282,
        "dmean2": 9.74614143372,
        "dvar": 35.2100486755,
        "dvar2": 99.0586853027,
        "max": 82.8970718384,
        "mean": 35.5600967407,
        "median": 35.7693595886,
        "min": 0.00043134498992,
        "var": 124.195503235
    },
    "melbands_crest": {
        "dmean": 3.98146343231,
        "dmean2": 6.48594903946,
        "dvar": 11.6704730988,
        "dvar2": 27.5771045685,
        "max": 27.0812282562,
        "mean": 11.8290891647,
        "median": 11.1039686203,
        "min": 3.34820055962,
        "var": 19.7809028625
    },
    "melbands_flatness_db": {
        "dmean": 0.0247790310532,
        "dmean2": 0.0400145053864,
        "dvar": 0.000554308702704,
        "dvar2": 0.00143345643301,
        "max": 0.297024190426,
        "mean": 0.155274719,
        "median": 0.151618868113,
        "min": 0.075428172946,
        "var": 0.00110098801088
    },
    "melbands_kurtosis": {
        "dmean": 3.61613273621,
        "dmean2": 6.1692442894,
        "dvar": 23.4332866669,
        "dvar2": 62.7973937988,
        "max": 43.5320625305,
        "mean": 5.18582391739,
        "median": 3.52592277527,
        "min": -0.467019081116,
        "var": 27.5992851257
    },
    "melbands_skewness": {
        "dmean": 0.673380970955,
        "dmean2": 1.08837962151,
        "dvar": 0.448070853949,
        "dvar2": 1.14105141163,
        "max": 5.55909347534,
        "mean": 1.84476399422,
        "median": 1.68562960625,
        "min": 0.00530071323738,
        "var": 0.759091317654
    },
    "melbands_spread": {
        "dmean": 5.93723344803,
        "dmean2": 9.83254146576,
        "dvar": 31.6022491455,
        "dvar2": 85.1505355835,
        "max": 54.3015861511,
        "mean": 27.2317218781,
        "median": 27.4692058563,
        "min": 5.65445661545,
        "var": 64.9182739258
    },
    "pitch_salience": {
        "dmean": 0.0795771926641,
        "dmean2": 0.132565796375,
        "dvar": 0.00518282642588,
        "dvar2": 0.0135741801932,
        "max": 0.817798197269,
        "mean": 0.620706319809,
        "median": 0.628635346889,
        "min": 0.295350879431,
        "var": 0.00782781653106
    },
    "silence_rate_20dB": {
        "dmean": 0,
        "dmean2": 0,
        "dvar": 0,
        "dvar2": 0,
        "max": 1,
        "mean": 1,
        "median": 1,
        "min": 1,
        "var": 0
    },
    "silence_rate_30dB": {
        "dmean": 0,
        "dmean2": 0,
        "dvar": 0,
        "dvar2": 0,
        "max": 1,
        "mean": 1,
        "median": 1,
        "min": 1,
        "var": 0
    },
    "silence_rate_60dB": {
        "dmean": 0.00464396271855,
        "dmean2": 0.00929511990398,
        "dvar": 0.00462228944525,
        "dvar2": 0.0123070059344,
        "max": 1,
        "mean": 0.0185614842921,
        "median": 0,
        "min": 0,
        "var": 0.018216714263
    },
    "spectral_centroid": {
        "dmean": 179.856826782,
        "dmean2": 295.001373291,
        "dvar": 21172.515625,
        "dvar2": 58490.0703125,
        "max": 2405.39868164,
        "mean": 1494.19470215,
        "median": 1490.22851562,
        "min": 628.001464844,
        "var": 73241.59375
    },
    "spectral_complexity": {
        "dmean": 4.17647075653,
        "dmean2": 7.05189752579,
        "dvar": 11.6793794632,
        "dvar2": 32.2738685608,
        "max": 58,
        "mean": 38.4261398315,
        "median": 39,
        "min": 0,
        "var": 70.7472305298
    },
    "spectral_decrease": {
        "dmean": 3.92997545617e-09,
        "dmean2": 6.51803144791e-09,
        "dvar": 2.10820793025e-17,
        "dvar2": 5.42698145209e-17,
        "max": -2.39946598831e-13,
        "mean": -1.19445546787e-08,
        "median": -1.10715161483e-08,
        "min": -3.40294477041e-08,
        "var": 2.82914529949e-17
    },
    "spectral_energy": {
        "dmean": 0.0151231503114,
        "dmean2": 0.025082487613,
        "dvar": 0.00030569214141,
        "dvar2": 0.000786073796917,
        "max": 0.133786648512,
        "mean": 0.0483068972826,
        "median": 0.0452933423221,
        "min": 9.44735404573e-07,
        "var": 0.000424547441071
    },
    "spectral_energyband_high": {
        "dmean": 0.000442467280664,
        "dmean2": 0.000767082383391,
        "dvar": 3.16958676194e-07,
        "dvar2": 8.75365685715e-07,
        "max": 0.00680689327419,
        "mean": 0.00128559104633,
        "median": 0.00111302477308,
        "min": 9.27995635891e-09,
        "var": 6.59348188492e-07
    },
    "spectral_energyband_low": {
        "dmean": 0.0130410576239,
        "dmean2": 0.0215770956129,
        "dvar": 0.000330397393554,
        "dvar2": 0.000859452993609,
        "max": 0.103816151619,
        "mean": 0.0180092453957,
        "median": 0.0125852152705,
        "min": 4.19406774199e-07,
        "var": 0.000326506968122
    },
    "spectral_energyband_middle_high": {
        "dmean": 0.00247808801942,
        "dmean2": 0.0040673953481,
        "dvar": 5.83925429964e-06,
        "dvar2": 1.6048859834e-05,
        "max": 0.0302686467767,
        "mean": 0.0119144618511,
        "median": 0.0119717465714,
        "min": 7.39310692666e-08,
        "var": 2.8123777156e-05
    },
    "spectral_energyband_middle_low": {
        "dmean": 0.00564806209877,
        "dmean2": 0.00916046556085,
        "dvar": 3.50994014298e-05,
        "dvar2": 9.40098179854e-05,
        "max": 0.0624588653445,
        "mean": 0.0187696088105,
        "median": 0.0169138535857,
        "min": 2.65937671884e-07,
        "var": 8.14535451354e-05
    },
    "spectral_entropy": {
        "dmean": 0.077703922987,
        "dmean2": 0.126319438219,
        "dvar": 0.00447836192325,
        "dvar2": 0.0119802895933,
        "max": 8.23932933807,
        "mean": 7.85028362274,
        "median": 7.85016441345,
        "min": 7.23343515396,
        "var": 0.0164381228387
    },
    "spectral_flux": {
        "dmean": 0.031036587432,
        "dmean2": 0.049871545285,
        "dvar": 0.00105319649447,
        "dvar2": 0.00202396069653,
        "max": 0.303987026215,
        "mean": 0.122646644711,
        "median": 0.112531654537,
        "min": 0.00097197497962,
        "var": 0.00203582178801
    },
    "spectral_kurtosis": {
        "dmean": 1.13618826866,
        "dmean2": 1.96624612808,
        "dvar": 1.0410618782,
        "dvar2": 3.04129958153,
        "max": 11.1718187332,
        "mean": 2.44276332855,
        "median": 2.20706176758,
        "min": -0.0918893814087,
        "var": 1.7084428072
    },
    "spectral_rms": {
        "dmean": 0.0010105271358,
        "dmean2": 0.00164287223015,
        "dvar": 1.08531810383e-06,
        "dvar2": 2.72760803455e-06,
        "max": 0.0114246914163,
        "mean": 0.00668294914067,
        "median": 0.00664745271206,
        "min": 3.03593988065e-05,
        "var": 2.46689296546e-06
    },
    "spectral_rolloff": {
        "dmean": 311.697875977,
        "dmean2": 512.660217285,
        "dvar": 134069.828125,
        "dvar2": 338063.09375,
        "max": 3596.04492188,
        "mean": 1311.55883789,
        "median": 1205.859375,
        "min": 172.265625,
        "var": 241792.765625
    },
    "spectral_skewness": {
        "dmean": 0.172687500715,
        "dmean2": 0.295638948679,
        "dvar": 0.0214402992278,
        "dvar2": 0.0625435858965,
        "max": 2.35300207138,
        "mean": 1.15141510963,
        "median": 1.14208483696,
        "min": 0.552494645119,
        "var": 0.0402907691896
    },
    "spectral_spread": {
        "dmean": 289991,
        "dmean2": 457510.46875,
        "dvar": 67318267904,
        "dvar2": 152798756864,
        "max": 6198135,
        "mean": 3849376.75,
        "median": 3759395.75,
        "min": 2670324.25,
        "var": 338412929024
    },
    "spectral_strongpeak": {
        "dmean": 0.599976718426,
        "dmean2": 1.04128015041,
        "dvar": 0.617268025875,
        "dvar2": 1.45171558857,
        "max": 4.62907075882,
        "mean": 0.808751344681,
        "median": 0.464091062546,
        "min": 0.000868226168677,
        "var": 0.766585350037
    },
    "zerocrossingrate": {
        "dmean": 0.00728113530204,
        "dmean2": 0.00949217192829,
        "dvar": 3.50175760104e-05,
        "dvar2": 5.73745310248e-05,
        "max": 0.11474609375,
        "mean": 0.0580114386976,
        "median": 0.05712890625,
        "min": 0.01708984375,
        "var": 0.000189816040802
    },
    "barkbands": {
        "dmean": [0.000633220653981, 0.00822131149471, 0.00547126820311, 0.00301239057444, 0.00199606036767, 0.000951847818214, 0.000920992169995, 0.000864401343279, 0.00241286493838, 0.000849095289595, 0.00118569785263, 0.00120339193381, 0.000631097704172, 0.000340773287462, 0.000257103616605, 0.000285000278382, 0.000305816298351, 0.000247972900979, 0.000200385577045, 0.000185734417755, 0.000181348470505, 0.000127730614622, 7.65234362916e-05, 5.8562211052e-05, 2.35022926063e-05, 1.8401806301e-08, 2.69647437712e-09],
        "dmean2": [0.000965406594332, 0.0141726341099, 0.00910842977464, 0.00494470074773, 0.00340073066764, 0.00160630978644, 0.00150763487909, 0.00142216077074, 0.00363320740871, 0.00145965511911, 0.00194960506633, 0.00203197868541, 0.00107669562567, 0.000575898156967, 0.000420533440774, 0.000478166039102, 0.000507278076839, 0.000417831004597, 0.000342045997968, 0.000318294391036, 0.000319038168527, 0.000225420939387, 0.000130390239065, 9.3895389e-05, 3.71513960999e-05, 3.07913268216e-08, 5.06067943107e-09],
        "dvar": [7.74571617512e-07, 0.000219240988372, 4.71985404147e-05, 1.20651902762e-05, 5.45103512195e-06, 1.62743970122e-06, 2.24781206271e-06, 1.28814326672e-06, 6.87591000315e-06, 1.517819328e-06, 2.04776074497e-06, 2.11057295019e-06, 9.58112195804e-07, 1.90524190202e-07, 7.97776493755e-08, 8.26536918908e-08, 8.52783230698e-08, 6.11527823935e-08, 5.14718863087e-08, 3.78565481185e-08, 4.36609788323e-08, 3.16715933479e-08, 1.0502187564e-08, 9.26936660761e-09, 1.97596339291e-09, 1.55102553488e-15, 4.23063866866e-16],
        "dvar2": [1.62355604516e-06, 0.000578135019168, 0.000132053246489, 3.0251856515e-05, 1.56450932991e-05, 4.29303736382e-06, 6.1609448494e-06, 3.49277956957e-06, 1.67742273334e-05, 4.21896947955e-06, 5.37079813512e-06, 6.191311968e-06, 2.72999932349e-06, 5.5579465652e-07, 2.11436088193e-07, 2.26754323762e-07, 2.32309730563e-07, 1.72489322381e-07, 1.46412247659e-07, 1.07608315147e-07, 1.2330669108e-07, 9.01613219639e-08, 2.79767871092e-08, 1.99677590018e-08, 4.72679051455e-09, 4.27467119996e-15, 1.26685720426e-15],
        "max": [0.00648765126243, 0.0777311623096, 0.0752884298563, 0.0322910584509, 0.0209158398211, 0.0152523135766, 0.0214813351631, 0.0173517391086, 0.0264327544719, 0.0131898401305, 0.0211075749248, 0.0135865155607, 0.011315766722, 0.00530547695234, 0.00307935313322, 0.00336471712217, 0.00393015425652, 0.002814931795, 0.0032287184149, 0.00193381053396, 0.00172213756014, 0.00212329253554, 0.00150477408897, 0.00182239990681, 0.000662440841552, 6.21639173914e-07, 5.21374943219e-07],
        "mean": [0.0007129679434, 0.00761192524806, 0.0081882821396, 0.00409541977569, 0.00355286104605, 0.00173261412419, 0.00174326892011, 0.00165537546854, 0.00555910915136, 0.00154674635269, 0.00248281890526, 0.00254191830754, 0.0013374745613, 0.000726517639123, 0.000612104893662, 0.000699664989952, 0.000806553754956, 0.000646094733384, 0.00054106436437, 0.000467292615213, 0.000439715047833, 0.00025217156508, 0.000164804587257, 0.000145636222442, 4.45033147116e-05, 2.88488308797e-08, 1.9671213547e-09],
        "median": [0.000274519872619, 0.00293475575745, 0.00589195080101, 0.00267372978851, 0.00265267048962, 0.00134422257543, 0.00126088527031, 0.00133220013231, 0.00476538203657, 0.000995237845927, 0.00193304417189, 0.00169835833367, 0.000683493388351, 0.000530667020939, 0.000501414004248, 0.00063376093749, 0.000721223768778, 0.000595348654315, 0.000502754875924, 0.000427098711953, 0.000394979986595, 0.000185186392628, 0.000122594312415, 0.000102409154351, 2.27696782531e-05, 1.45379868144e-08, 6.99125757286e-10],
        "min": [1.53904533562e-08, 1.92375068764e-07, 5.98701248578e-08, 3.53730911229e-08, 6.47299955858e-08, 1.5035737988e-08, 4.29643165489e-09, 2.70153872606e-08, 4.62635370013e-08, 1.7104721195e-08, 4.58188242902e-09, 4.5506616253e-09, 1.80962604901e-08, 5.00606223142e-09, 4.6232502271e-09, 4.07972100547e-09, 5.43196021496e-09, 5.53838042094e-09, 5.35848210248e-09, 6.68555966143e-09, 4.2526937527e-09, 1.73439662632e-09, 1.06519382204e-09, 9.05595654022e-10, 1.94101106715e-11, 3.09357617648e-12, 4.79009150053e-12],
        "var": [1.03240552107e-06, 0.000169827078935, 6.50641304674e-05, 1.84552372957e-05, 1.01913437902e-05, 2.37787025981e-06, 3.1046283766e-06, 1.94388712771e-06, 1.71999872691e-05, 2.927064088e-06, 4.86774752062e-06, 5.64328047403e-06, 2.69422548627e-06, 4.73457333783e-07, 1.95573647943e-07, 1.66909913446e-07, 2.13303565033e-07, 1.16449591303e-07, 8.37251619146e-08, 5.75781200496e-08, 6.37896846456e-08, 5.64620563637e-08, 2.39079405162e-08, 2.42721309718e-08, 4.82615858388e-09, 2.74851942285e-15, 2.14356642728e-16]
    },
    "erbbands": {
        "dmean": [0.258399635553, 1.8744648695, 5.91760730743, 6.73098897934, 10.135134697, 6.6796708107, 4.97337675095, 9.40641880035, 9.22112369537, 18.4354515076, 21.2491436005, 39.3175735474, 52.1923027039, 28.9257240295, 44.3942871094, 43.521572113, 27.1942443848, 18.3528327942, 12.4233627319, 13.4107484818, 16.1548156738, 17.1075115204, 12.1740913391, 12.0980081558, 9.29650115967, 9.0365524292, 8.79459857941, 5.99263620377, 4.62183761597, 3.38833475113, 2.01360559464, 1.35411202908, 1.01141834259, 0.445151180029, 0.0345323160291, 0.00149903842248, 7.47704616515e-05, 1.0629877579e-05, 8.07583455753e-06, 1.68538845173e-05],
        "dmean2": [0.4291870296, 3.35072898865, 10.0391521454, 11.0711727142, 16.9267272949, 11.2342309952, 8.64580154419, 15.5339002609, 15.8511600494, 30.0057468414, 34.7539482117, 60.5851631165, 80.8021316528, 48.2150726318, 74.5432052612, 74.5760879517, 45.9124450684, 30.8934841156, 20.4954528809, 22.2485961914, 27.2527294159, 28.1096134186, 20.6415481567, 21.0510559082, 15.9975767136, 15.572394371, 15.4635896683, 10.4594726562, 8.14822387695, 5.97296524048, 3.41124749184, 2.23170089722, 1.62441682816, 0.702711343765, 0.0546726919711, 0.00238294689916, 0.000118766118248, 1.71175342984e-05, 1.33181511046e-05, 2.79309479083e-05],
        "dvar": [0.209811940789, 11.8143920898, 60.5242538452, 53.4275817871, 157.252090454, 76.9229202271, 58.0607299805, 149.193664551, 304.786804199, 962.155456543, 794.818237305, 2185.3269043, 4302.78173828, 1328.703125, 2921.75415039, 3250.23071289, 1737.50817871, 658.906311035, 216.792572021, 203.664733887, 274.278686523, 275.419128418, 154.823303223, 291.83215332, 96.0549163818, 91.0505371094, 102.054214478, 58.0047607422, 43.0588951111, 23.2289733887, 8.14945316315, 3.96888446808, 2.87239289284, 0.639771878719, 0.00443668011576, 8.29312375572e-06, 1.76383903039e-08, 3.88182430644e-10, 8.15686546085e-11, 3.64602764646e-10],
        "dvar2": [0.519183695316, 32.4295768738, 170.057296753, 134.907836914, 408.660064697, 212.793182373, 158.012451172, 393.7315979, 838.70526123, 2536.27319336, 2049.95361328, 5432.18994141, 11494.0898438, 3515.62158203, 8071.30664062, 9227.78125, 4848.56152344, 1954.14074707, 565.389709473, 564.028198242, 736.0703125, 730.775146484, 434.842224121, 805.375366211, 272.901519775, 254.914047241, 285.675689697, 167.719955444, 124.5258255, 62.97605896, 21.4766082764, 9.28321456909, 6.10704517365, 1.42391991615, 0.00979086384177, 1.82445073733e-05, 3.83832912121e-08, 9.5957042312e-10, 2.07661762786e-10, 9.35157506987e-10],
        "max": [2.67441606522, 18.5037078857, 78.2519760132, 100.502670288, 131.093322754, 85.8250579834, 111.429107666, 145.145996094, 187.570755005, 556.406616211, 493.184020996, 663.043334961, 831.787475586, 402.468536377, 611.963439941, 597.853393555, 562.3046875, 310.934204102, 174.93157959, 151.722610474, 185.789260864, 227.354492188, 144.343505859, 294.15057373, 98.3496398926, 90.0263824463, 76.5477371216, 93.0023345947, 77.2369918823, 41.7030792236, 46.2740859985, 32.8723258972, 27.8126411438, 12.0738658905, 1.06045889854, 0.0461640618742, 0.00207635154948, 0.000371680594981, 0.000125508609926, 0.000154318258865],
        "mean": [0.245078340173, 1.70586800575, 8.22416114807, 11.4162015915, 14.8795471191, 11.4568729401, 8.30027770996, 16.7332687378, 15.6166448593, 38.9383506775, 43.2100486755, 91.6525268555, 114.28603363, 68.6828994751, 108.141593933, 99.5017852783, 65.8216018677, 42.3750305176, 31.2892494202, 34.0470199585, 42.0573234558, 47.0054550171, 35.0500030518, 32.078163147, 24.7219619751, 22.8663864136, 20.5034236908, 14.4365224838, 9.46877384186, 6.11347055435, 4.50037956238, 3.26791977882, 2.38475990295, 0.940245509148, 0.069518238306, 0.00313410395756, 0.000191711442312, 3.13125783578e-05, 3.139767432e-05, 5.85677626077e-05],
        "median": [0.0810379460454, 0.712967813015, 5.98289251328, 9.00128269196, 10.2424964905, 8.16583442688, 5.84079933167, 12.634226799, 11.0064201355, 29.4335956573, 35.7449989319, 76.0010299683, 90.8350219727, 52.95495224, 88.324798584, 65.1164627075, 36.7191925049, 28.9623413086, 24.5208148956, 29.870223999, 37.501159668, 42.2051277161, 33.2376441956, 29.2819900513, 22.7319965363, 20.7429084778, 17.9948482513, 12.402885437, 7.04743528366, 4.03357315063, 3.36932015419, 2.41274356842, 1.6146916151, 0.517812371254, 0.0375915579498, 0.00174942438025, 0.00012329495803, 2.27825075854e-05, 2.97074147966e-05, 5.52515375603e-05],
        "min": [2.80656354334e-06, 5.38808526471e-05, 0.000117925250379, 0.00016049228725, 9.89555264823e-05, 0.00030592319672, 9.57180091063e-05, 0.000169176535564, 9.81817647698e-05, 0.000190068167285, 0.000592151598539, 0.00064892147202, 0.00127935456112, 0.000359762838343, 0.000202415772947, 0.000299360486679, 0.000882491352968, 0.000174839311512, 0.000195504908334, 0.000398745876737, 0.00017779575137, 0.000318970589433, 0.000369458721252, 0.000243228496402, 0.000240939902142, 0.000425149366492, 0.000182047500857, 0.000129476567963, 7.34665591153e-05, 2.04711868719e-05, 2.78212064586e-05, 2.85912901745e-05, 1.12896541395e-05, 1.20467461784e-06, 6.25291818324e-08, 1.52661350228e-08, 6.46571551854e-09, 2.21468199335e-09, 1.16732123967e-09, 1.1464091898e-09],
        "var": [0.185108572245, 8.20095348358, 66.6722946167, 96.6363372803, 228.628982544, 126.3620224, 73.4085922241, 222.716674805, 316.384124756, 1355.47558594, 1297.38562012, 5136.33984375, 8574.48632812, 3247.15820312, 7100.55517578, 8833.15332031, 5556.88574219, 1911.34362793, 560.724914551, 472.337341309, 565.975708008, 684.29473877, 302.058959961, 392.995483398, 147.317199707, 139.963973999, 130.881881714, 94.1764984131, 71.6526031494, 37.3732757568, 19.221654892, 10.3291835785, 7.59593725204, 1.88002693653, 0.0118869775906, 2.24813884415e-05, 5.23772953898e-08, 9.07956210217e-10, 1.5606745063e-10, 5.42868083819e-10]
    },
    "gfcc": {
        "mean": [43.699180603, 126.571685791, -159.161468506, 56.3862037659, -75.0392379761, 27.7440185547, -23.9862365723, 7.40991735458, -12.5415287018, -21.0180797577, -0.97884786129, -22.4507713318, 4.75000810623],
        "cov": [[2147.92797852, -187.865264893, 29.8493442535, 47.5229873657, -44.0125465393, 92.3366012573, -31.3570899963, 49.6880760193, -49.3151702881, -40.1860771179, -67.5503616333, 20.7056255341, 1.61484003067], [-187.865264893, 236.938522339, -4.87595033646, -6.13603448868, 76.1158065796, -57.3436660767, 73.1848526001, -37.2070846558, 26.0863819122, -11.3548746109, 35.964931488, -23.1533241272, 14.6036195755], [29.8493442535, -4.87595033646, 191.881011963, 83.6768341064, -19.0408344269, 11.1740989685, -11.7331724167, 33.9004173279, 3.89770245552, 6.46233892441, -23.5625362396, 15.9094171524, 14.453037262], [47.5229873657, -6.13603448868, 83.6768341064, 100.060127258, 15.3330593109, 17.107881546, 11.5702934265, -5.8103852272, 22.2818870544, 0.893193006516, -6.7232260704, 11.1429338455, 0.920402050018], [-44.0125465393, 76.1158065796, -19.0408344269, 15.3330593109, 110.058631897, 39.3718032837, 56.8109321594, 0.160769805312, 9.40284252167, 7.41179418564, 27.3910942078, -11.7075586319, 0.272243112326], [92.3366012573, -57.3436660767, 11.1740989685, 17.107881546, 39.3718032837, 104.156639099, 27.9083461761, 3.72661590576, -12.4609861374, 4.98314142227, 16.1776332855, 10.6154661179, -14.9452381134], [-31.3570899963, 73.1848526001, -11.7331724167, 11.5702934265, 56.8109321594, 27.9083461761, 98.4149551392, 17.3681678772, 19.4303760529, -5.53174781799, 18.8931541443, 1.71331715584, 9.17287731171], [49.6880760193, -37.2070846558, 33.9004173279, -5.8103852272, 0.160769805312, 3.72661590576, 17.3681678772, 98.0084991455, 22.203874588, 15.018699646, -20.4110202789, 8.09488201141, 25.0682220459], [-49.3151702881, 26.0863819122, 3.89770245552, 22.2818870544, 9.40284252167, -12.4609861374, 19.4303760529, 22.203874588, 69.3278045654, 22.7154369354, 5.42267656326, -4.70090579987, 3.82710051537], [-40.1860771179, -11.3548746109, 6.46233892441, 0.893193006516, 7.41179418564, 4.98314142227, -5.53174781799, 15.018699646, 22.7154369354, 51.662815094, 27.4789848328, 8.44159984589, 1.4309540987], [-67.5503616333, 35.964931488, -23.5625362396, -6.7232260704, 27.3910942078, 16.1776332855, 18.8931541443, -20.4110202789, 5.42267656326, 27.4789848328, 67.1717071533, 21.3419399261, 0.489120393991], [20.7056255341, -23.1533241272, 15.9094171524, 11.1429338455, -11.7075586319, 10.6154661179, 1.71331715584, 8.09488201141, -4.70090579987, 8.44159984589, 21.3419399261, 46.73670578, 25.6670131683], [1.61484003067, 14.6036195755, 14.453037262, 0.920402050018, 0.272243112326, -14.9452381134, 9.17287731171, 25.0682220459, 3.82710051537, 1.4309540987, 0.489120393991, 25.6670131683, 48.3210678101]],
        "icov": [[0.000568988092709, -0.00107663252857, 0.00115386245307, -0.00157352525275, 0.00124560587574, -0.00162096205167, 0.000977050280198, -0.00135294091888, 0.000958179763984, -0.000165792545886, 0.000595574034378, -3.8530335587e-05, -5.72856697545e-05], [-0.00107663252857, 0.0607179440558, -0.0394122451544, 0.045071490109, -0.0462967790663, 0.0541941076517, -0.039733171463, 0.0441599562764, -0.027356846258, 0.0240425188094, -0.0242032539099, 0.0131286233664, -0.0110025964677], [0.00115386245307, -0.0394122451544, 0.038064148277, -0.0430121682584, 0.0348411910236, -0.0366679020226, 0.027158331126, -0.0350818000734, 0.0239955801517, -0.0176394470036, 0.0137959690765, -0.00284266052768, 0.00280600204132], [-0.00157352525275, 0.045071490109, -0.0430121682584, 0.0639054104686, -0.0445937551558, 0.0408681333065, -0.0314990654588, 0.0452312715352, -0.0348294116557, 0.0185008049011, -0.00514592044055, -0.00968733243644, 0.000892973504961], [0.00124560587574, -0.0462967790663, 0.0348411910236, -0.0445937551558, 0.0578802749515, -0.0486995056272, 0.0238404870033, -0.0368759147823, 0.0262983962893, -0.0198389515281, 0.00615706061944, 0.0122210578993, -0.00445418059826], [-0.00162096205167, 0.0541941076517, -0.0366679020226, 0.0408681333065, -0.0486995056272, 0.0658275783062, -0.0388419106603, 0.0377891622484, -0.0204982440919, 0.019131956622, -0.0188441630453, -0.00114520743955, 0.00412386935204], [0.000977050280198, -0.039733171463, 0.027158331126, -0.0314990654588, 0.0238404870033, -0.0388419106603, 0.0460245683789, -0.0347271710634, 0.0122852232307, -0.00385538558476, 0.00734430644661, -0.00636524148285, 0.00403147283942], [-0.00135294091888, 0.0441599562764, -0.0350818000734, 0.0452312715352, -0.0368759147823, 0.0377891622484, -0.0347271710634, 0.0553167052567, -0.027890201658, 0.00716838054359, -0.00104368897155, 0.000567490700632, -0.0121730193496], [0.000958179763984, -0.027356846258, 0.0239955801517, -0.0348294116557, 0.0262983962893, -0.0204982440919, 0.0122852232307, -0.027890201658, 0.0406606979668, -0.0225951038301, 0.00689056469128, 0.00592762045562, 0.00160119135398], [-0.000165792545886, 0.0240425188094, -0.0176394470036, 0.0185008049011, -0.0198389515281, 0.019131956622, -0.00385538558476, 0.00716838054359, -0.0225951038301, 0.0506578609347, -0.0320418961346, 0.00797293335199, -0.00291611859575], [0.000595574034378, -0.0242032539099, 0.0137959690765, -0.00514592044055, 0.00615706061944, -0.0188441630453, 0.00734430644661, -0.00104368897155, 0.00689056469128, -0.0320418961346, 0.05724882707, -0.039051964879, 0.0171177852899], [-3.8530335587e-05, 0.0131286233664, -0.00284266052768, -0.00968733243644, 0.0122210578993, -0.00114520743955, -0.00636524148285, 0.000567490700632, 0.00592762045562, 0.00797293335199, -0.039051964879, 0.0750417113304, -0.0426114909351], [-5.72856697545e-05, -0.0110025964677, 0.00280600204132, 0.000892973504961, -0.00445418059826, 0.00412386935204, 0.00403147283942, -0.0121730193496, 0.00160119135398, -0.00291611859575, 0.0171177852899, -0.0426114909351, 0.0524366647005]]
    },
    "melbands": {
        "dmean": [0.00224539893679, 0.00281973928213, 0.00133260269649, 0.000522672373336, 0.000195208296645, 0.00020163586305, 0.000148036968312, 0.00018686853582, 0.000181753930519, 0.000307294656523, 0.00026515108766, 0.00011903909035, 0.000171580351889, 0.000145205282024, 8.59708961798e-05, 5.54789548914e-05, 3.46580382029e-05, 2.25263811444e-05, 1.92209063243e-05, 1.95773627638e-05, 2.03169329325e-05, 2.13870498555e-05, 1.3815645616e-05, 1.2828162653e-05, 1.09287557279e-05, 7.96130007075e-06, 6.79011736793e-06, 6.43792873234e-06, 6.01080046181e-06, 5.23359494764e-06, 3.18558591061e-06, 2.99219777844e-06, 2.32117963606e-06, 1.82672306437e-06, 1.18161005958e-06, 1.1312594097e-06, 8.09419077541e-07, 7.75817284193e-07, 6.61218166442e-07, 3.18135249699e-07],
        "dmean2": [0.00378706725314, 0.00482974480838, 0.00217121327296, 0.000889032788109, 0.000330602459144, 0.000333480798872, 0.000250353652518, 0.000306355505018, 0.000297493796097, 0.0004670235503, 0.000409141473938, 0.000200548500288, 0.000283670640783, 0.000243575646891, 0.000143807614222, 9.26561551751e-05, 5.8276582422e-05, 3.70473317162e-05, 3.17436060868e-05, 3.27253619616e-05, 3.41737795679e-05, 3.49664733221e-05, 2.37483109231e-05, 2.14565388887e-05, 1.90324644791e-05, 1.37561037263e-05, 1.16693463497e-05, 1.11328336061e-05, 1.04849095806e-05, 9.29827365326e-06, 5.52621804673e-06, 5.29358612766e-06, 4.13380257669e-06, 3.23282802128e-06, 1.99845385396e-06, 1.91547997019e-06, 1.32147943077e-06, 1.25863562062e-06, 1.06065635919e-06, 5.07402830863e-07],
        "dvar": [1.60807576322e-05, 1.56995683938e-05, 1.96601104108e-06, 3.62991642078e-07, 7.23778441625e-08, 6.95027893016e-08, 6.82845069377e-08, 9.04583217221e-08, 5.84851278518e-08, 1.20551518989e-07, 1.09418273553e-07, 2.38351045567e-08, 4.34390408088e-08, 3.2399391614e-08, 1.44021781168e-08, 8.34896152213e-09, 2.33392238869e-09, 7.0642580674e-10, 4.53077214635e-10, 3.85258352997e-10, 4.32245100823e-10, 4.35427360834e-10, 2.45316100767e-10, 1.52229187589e-10, 2.5495139333e-10, 6.40432984422e-11, 5.11173742224e-11, 4.53084549046e-11, 4.21830452513e-11, 4.35240107843e-11, 1.91501849101e-11, 1.67077861962e-11, 1.12270071712e-11, 6.74803182082e-12, 2.91440461174e-12, 2.25321562623e-12, 1.9820985131e-12, 1.80073946206e-12, 1.49790499015e-12, 3.36037865286e-13],
        "dvar2": [4.106112101e-05, 4.38031675003e-05, 4.90262254971e-06, 1.03796014628e-06, 1.92179399505e-07, 1.84708810025e-07, 1.89872380929e-07, 2.39371672706e-07, 1.4755815414e-07, 3.00244749951e-07, 2.92796357826e-07, 6.23996854188e-08, 1.16066750877e-07, 9.29903407609e-08, 3.99641564286e-08, 2.30899530607e-08, 6.90162638151e-09, 1.870559041e-09, 1.22480670051e-09, 1.07444320108e-09, 1.15894560615e-09, 1.13875275876e-09, 6.90989709895e-10, 4.24034779511e-10, 7.07573166725e-10, 1.80988571352e-10, 1.43309045186e-10, 1.26588822758e-10, 1.18548865169e-10, 1.23113463868e-10, 5.52020443245e-11, 4.83374833216e-11, 3.13435909172e-11, 1.80719675336e-11, 7.737878914e-12, 5.83259135434e-12, 4.73108965199e-12, 3.94230698433e-12, 3.46800279466e-12, 7.8513752574e-13],
        "max": [0.0219233743846, 0.0294390078634, 0.0147539973259, 0.00546249747276, 0.00302702304907, 0.00309590273537, 0.00291187479161, 0.00534368352965, 0.00393916992471, 0.00400895392522, 0.00405224179849, 0.00148654228542, 0.00284999026917, 0.0018753237091, 0.00150677678175, 0.00118873326574, 0.000573770259507, 0.000340075144777, 0.000237235391978, 0.000255120918155, 0.000252055557212, 0.00024015372037, 0.00019928405527, 0.000123029996757, 0.000266572460532, 7.20106399967e-05, 7.25741701899e-05, 7.79642577982e-05, 6.23817613814e-05, 5.48995158169e-05, 5.89424016653e-05, 5.0360467867e-05, 3.66154927178e-05, 2.4202881832e-05, 2.91870874207e-05, 2.12869417737e-05, 2.84875459329e-05, 2.61808163486e-05, 2.13899002119e-05, 9.53582821239e-06],
        "mean": [0.00213077105582, 0.00360997929238, 0.00226736674085, 0.000936794735026, 0.000337562494678, 0.000361054902896, 0.00027267303085, 0.000404922146117, 0.000354162650183, 0.000700959819369, 0.000572786375415, 0.000255755730905, 0.000381202233257, 0.000297683989629, 0.000199462359888, 0.000118867152196, 7.20697644283e-05, 4.94312080264e-05, 4.49936560472e-05, 4.67036807095e-05, 4.80191629322e-05, 5.24744173163e-05, 3.3356147469e-05, 3.09803363052e-05, 2.55127997661e-05, 1.93505075003e-05, 1.58071779879e-05, 1.47616447066e-05, 1.34287392939e-05, 1.07068462967e-05, 7.37356367608e-06, 5.7031788856e-06, 4.01756415158e-06, 3.13592045131e-06, 2.54452788795e-06, 2.42154374064e-06, 1.81164250534e-06, 1.73012665527e-06, 1.35532218337e-06, 6.09228663961e-07],
        "median": [0.000770730606746, 0.00247118063271, 0.00176812941208, 0.000710527587216, 0.000246590003371, 0.000271774246357, 0.000206256780075, 0.000322592590237, 0.000278911989881, 0.000590618466958, 0.000452092295745, 0.00018610470579, 0.000299714884022, 0.000200948372367, 0.000108467065729, 6.75713527016e-05, 4.97538603668e-05, 3.78537188226e-05, 3.65685082215e-05, 4.12364570366e-05, 4.19031639467e-05, 4.57555470348e-05, 3.03815013467e-05, 2.73939458566e-05, 2.26469746849e-05, 1.75451732503e-05, 1.42880162457e-05, 1.32471550387e-05, 1.18561920317e-05, 9.18470959732e-06, 5.98505494054e-06, 4.22882112616e-06, 2.6924208214e-06, 2.03562103707e-06, 1.90432695035e-06, 1.80566814834e-06, 1.23469885693e-06, 1.17283616419e-06, 7.88780994299e-07, 3.12421974513e-07],
        "min": [4.00133259859e-08, 1.05342671475e-07, 2.67698201384e-08, 1.60310875685e-08, 5.11711206741e-09, 3.48400708283e-09, 1.35783662092e-09, 2.96132607325e-09, 4.22378754195e-09, 5.62619328903e-09, 5.91282978135e-09, 1.41432909828e-09, 7.21317616748e-10, 3.6666139569e-10, 2.08210848562e-09, 1.10096565198e-09, 3.08569503282e-10, 3.89253212996e-10, 3.38155031754e-10, 5.15292086778e-10, 1.3420863032e-10, 2.50713089178e-10, 3.88588328182e-10, 1.96903673921e-10, 2.04076755494e-10, 1.37966887914e-10, 2.56718091229e-10, 2.51407478169e-10, 9.56489748516e-11, 1.11965332839e-10, 5.04237623877e-11, 5.15610748542e-11, 1.64162988758e-11, 8.24749209899e-12, 8.05439916152e-12, 2.44431783841e-11, 1.10054214006e-11, 9.77763443127e-12, 3.3157478499e-12, 1.30777468932e-13],
        "var": [1.34067604449e-05, 1.45733965837e-05, 3.62468267667e-06, 6.66096184432e-07, 1.10365419914e-07, 1.02836992255e-07, 7.78334552365e-08, 1.25309625787e-07, 1.0181305754e-07, 2.83446212279e-07, 2.21205681328e-07, 5.50889325268e-08, 1.02078125508e-07, 7.92329188926e-08, 4.44875745131e-08, 2.20243361326e-08, 5.82766279678e-09, 1.60765678547e-09, 1.08830078283e-09, 8.0805684366e-10, 8.55514548093e-10, 1.03543074115e-09, 3.8438113803e-10, 3.0683280916e-10, 3.13120002149e-10, 1.03102366922e-10, 7.06757569136e-11, 6.79886563715e-11, 5.80658056359e-11, 5.01612570925e-11, 3.21242581147e-11, 2.74419965918e-11, 1.75041370287e-11, 1.01657649312e-11, 6.48836366579e-12, 5.37785007498e-12, 4.08240151753e-12, 4.17157237573e-12, 3.58320990067e-12, 9.26136120918e-13]
    },
    "mfcc": {
        "mean": [-566.99005127, 119.007827759, -10.063621521, 18.7744235992, -6.27410793304, 4.97504377365, 8.48034667969, 12.634762764, 6.16347646713, 2.57611107826, -4.25537919998, 3.84561109543, -4.77451944351],
        "cov": [[2036.24609375, -140.602920532, -7.77855920792, -35.8138275146, 0.323511272669, 23.0411510468, 3.00748968124, 64.1538391113, 13.7659482956, -22.5483398438, -22.5211372375, -47.6428909302, -13.7242908478], [-140.602920532, 251.115905762, -81.527633667, 40.1700553894, -13.3190002441, -3.7416946888, 39.032169342, -10.4131402969, 5.28825521469, 7.86136579514, 0.124169789255, 22.0784626007, -3.11305117607], [-7.77855920792, -81.527633667, 213.642166138, 52.8567199707, 14.9612627029, -8.00221347809, -32.0197143555, 9.95336341858, 21.3399791718, -12.5096769333, -4.19672107697, -25.9303474426, 11.4845943451], [-35.8138275146, 40.1700553894, 52.8567199707, 105.397666931, 7.44106006622, 4.23978471756, -16.8505554199, 7.5527176857, 26.2460250854, 9.07446193695, 4.79606533051, -12.8952884674, 6.97395992279], [0.323511272669, -13.3190002441, 14.9612627029, 7.44106006622, 61.833065033, 22.6623649597, 13.0673618317, -1.8270894289, 2.98042368889, 9.85267829895, 8.1630449295, 7.7784576416, 0.0626130029559], [23.0411510468, -3.7416946888, -8.00221347809, 4.23978471756, 22.6623649597, 112.625617981, 39.1247749329, 16.574016571, -35.1517829895, 1.95614695549, 10.45977211, 23.2555599213, 9.76879882812], [3.00748968124, 39.032169342, -32.0197143555, -16.8505554199, 13.0673618317, 39.1247749329, 95.6367645264, 30.0506095886, 0.778192877769, -10.6862916946, 2.56526589394, 23.9486980438, 10.2334079742], [64.1538391113, -10.4131402969, 9.95336341858, 7.5527176857, -1.8270894289, 16.574016571, 30.0506095886, 62.3059692383, 30.851732254, 4.74342775345, -1.27852988243, -3.62160086632, 6.8588347435], [13.7659482956, 5.28825521469, 21.3399791718, 26.2460250854, 2.98042368889, -35.1517829895, 0.778192877769, 30.851732254, 83.1897506714, 24.7051296234, 4.97550153732, -18.6045570374, -0.171751603484], [-22.5483398438, 7.86136579514, -12.5096769333, 9.07446193695, 9.85267829895, 1.95614695549, -10.6862916946, 4.74342775345, 24.7051296234, 53.5371894836, 24.7112026215, 7.48727607727, -3.98036932945], [-22.5211372375, 0.124169789255, -4.19672107697, 4.79606533051, 8.1630449295, 10.45977211, 2.56526589394, -1.27852988243, 4.97550153732, 24.7112026215, 43.5490837097, 19.0646820068, 6.00084877014], [-47.6428909302, 22.0784626007, -25.9303474426, -12.8952884674, 7.7784576416, 23.2555599213, 23.9486980438, -3.62160086632, -18.6045570374, 7.48727607727, 19.0646820068, 51.1860771179, 18.6613769531], [-13.7242908478, -3.11305117607, 11.4845943451, 6.97395992279, 0.0626130029559, 9.76879882812, 10.2334079742, 6.8588347435, -0.171751603484, -3.98036932945, 6.00084877014, 18.6613769531, 42.4314193726]],
