{
"lowlevel": {
    "average_loudness": 0.905915975571,
    "barkbands_crest": {
        "dmean": 2.34589672089,
        "dmean2": 3.70561051369,
        "dvar": 4.75629901886,
        "dvar2": 11.4069700241,
        "max": 24.8851299286,
        "mean": 11.4153671265,
        "median": 10.731505394,
        "min": 3.44934773445,
        "var": 19.7157268524
    },
    "barkbands_flatness_db": {
        "dmean": 0.0179887004197,
        "dmean2": 0.0272685699165,
        "dvar": 0.00029882680974,
        "dvar2": 0.000661744445097,
        "max": 0.418437898159,
        "mean": 0.203776106238,
        "median": 0.202989041805,
        "min": 0.0848837792873,
        "var": 0.00216643488966
    },
    "barkbands_kurtosis": {
        "dmean": 2.03945183754,
        "dmean2": 3.15155911446,
        "dvar": 16.2542057037,
        "dvar2": 35.207447052,
        "max": 150.019561768,
        "mean": 3.43016982079,
        "median": 1.3205909729,
        "min": -1.89301836491,
        "var": 48.7455978394
    },
    "barkbands_skewness": {
        "dmean": 0.415321886539,
        "dmean2": 0.618906736374,
        "dvar": 0.224551692605,
        "dvar2": 0.458644151688,
        "max": 8.58648014069,
        "mean": 1.04065346718,
        "median": 0.823059797287,
        "min": -2.28260040283,
        "var": 1.2889033556
    },
    "barkbands_spread": {
        "dmean": 3.31684017181,
        "dmean2": 4.96665048599,
        "dvar": 31.793712616,
        "dvar2": 64.5640945435,
        "max": 100.596878052,
        "mean": 15.3693284988,
        "median": 13.5659046173,
        "min": 0.637297034264,
        "var": 117.490699768
    },
    "dissonance": {
        "dmean": 0.0286979023367,
        "dmean2": 0.048955347389,
        "dvar": 0.000748024554923,
        "dvar2": 0.00207024812698,
        "max": 0.499979585409,
        "mean": 0.433678716421,
        "median": 0.442331343889,
        "min": 0.211586028337,
        "var": 0.00197803881019
    },
    "dynamic_complexity": 2.76198577881,
    "erbbands_crest": {
        "dmean": 2.81052231789,
        "dmean2": 4.32896089554,
        "dvar": 7.5793056488,
        "dvar2": 17.2048225403,
        "max": 32.2792930603,
        "mean": 13.7589654922,
        "median": 12.0449943542,
        "min": 2.48162007332,
        "var": 47.7054595947
    },
    "erbbands_flatness_db": {
        "dmean": 0.0157268103212,
        "dmean2": 0.0222412385046,
        "dvar": 0.000266160815954,
        "dvar2": 0.000469477468869,
        "max": 0.385994613171,
        "mean": 0.230148345232,
        "median": 0.232163161039,
        "min": 0.0993998795748,
        "var": 0.00278168264776
    },
    "erbbands_kurtosis": {
        "dmean": 1.40525603294,
        "dmean2": 2.10914731026,
        "dvar": 3.91225385666,
        "dvar2": 8.84780406952,
        "max": 33.8745040894,
        "mean": 2.34892845154,
        "median": 1.1228017807,
        "min": -1.75583100319,
        "var": 14.9224729538
    },
    "erbbands_skewness": {
        "dmean": 0.366647928953,
        "dmean2": 0.541602909565,
        "dvar": 0.137516319752,
        "dvar2": 0.283953100443,
        "max": 4.96084547043,
        "mean": 0.54671895504,
        "median": 0.468218415976,
        "min": -2.52187275887,
        "var": 0.774421691895
    },
    "erbbands_spread": {
        "dmean": 5.32813930511,
        "dmean2": 7.80069112778,
        "dvar": 60.4674072266,
        "dvar2": 115.014328003,
        "max": 140.976486206,
        "mean": 24.5679779053,
        "median": 19.8060531616,
        "min": 2.07671380043,
        "var": 336.190490723
    },
    "hfc": {
        "dmean": 4.81293439865,
        "dmean2": 7.15456914902,
        "dvar": 66.9822540283,
        "dvar2": 145.877853394,
        "max": 123.662124634,
        "mean": 20.8846855164,
        "median": 18.1304702759,
        "min": 1.06229699668e-05,
        "var": 241.988098145
    },
    "melbands_crest": {
        "dmean": 2.85402345657,
        "dmean2": 4.52701616287,
        "dvar": 6.66660499573,
        "dvar2": 15.7387018204,
        "max": 31.5034179688,
        "mean": 13.8096427917,
        "median": 12.9194087982,
        "min": 4.3539276123,
        "var": 25.8025970459
    },
    "melbands_flatness_db": {
        "dmean": 0.0197940543294,
        "dmean2": 0.0284334365278,
        "dvar": 0.000424940197263,
        "dvar2": 0.000870523392223,
        "max": 0.466629058123,
        "mean": 0.241672232747,
        "median": 0.239381164312,
        "min": 0.0756292566657,
        "var": 0.00313391815871
    },
    "melbands_kurtosis": {
        "dmean": 3.77128887177,
        "dmean2": 5.86230802536,
        "dvar": 54.0644836426,
        "dvar2": 126.20489502,
        "max": 124.289161682,
        "mean": 7.38769817352,
        "median": 3.05854129791,
        "min": -1.74115025997,
        "var": 129.561645508
    },
    "melbands_skewness": {
        "dmean": 0.510365486145,
        "dmean2": 0.76382291317,
        "dvar": 0.37389215827,
        "dvar2": 0.774399340153,
        "max": 9.74918174744,
        "mean": 1.61863720417,
        "median": 1.36395204067,
        "min": -1.98632955551,
        "var": 2.13394403458
    },
    "melbands_spread": {
        "dmean": 4.07481956482,
        "dmean2": 6.17393302917,
        "dvar": 44.5936126709,
        "dvar2": 96.1391143799,
        "max": 136.949127197,
        "mean": 19.0456848145,
        "median": 17.7600059509,
        "min": 0.929449558258,
        "var": 140.065063477
    },
    "pitch_salience": {
        "dmean": 0.0561301521957,
        "dmean2": 0.088648788631,
        "dvar": 0.00250219600275,
        "dvar2": 0.0060886759311,
        "max": 0.803994357586,
        "mean": 0.503622055054,
        "median": 0.502528369427,
        "min": 0.178797706962,
        "var": 0.0119379833341
    },
    "silence_rate_20dB": {
        "dmean": 0,
        "dmean2": 0,
        "dvar": 0,
        "dvar2": 0,
        "max": 1,
        "mean": 1,
        "median": 1,
        "min": 1,
        "var": 0
    },
    "silence_rate_30dB": {
        "dmean": 0.0178018584847,
        "dmean2": 0.0356175005436,
        "dvar": 0.0174848940223,
        "dvar2": 0.0374458916485,
        "max": 1,
        "mean": 0.980270802975,
        "median": 1,
        "min": 0,
        "var": 0.0193399190903
    },
    "silence_rate_60dB": {
        "dmean": 0.00464396271855,
        "dmean2": 0.00929152127355,
        "dvar": 0.00462272763252,
        "dvar2": 0.0123018966988,
        "max": 1,
        "mean": 0.0317214690149,
        "median": 0,
        "min": 0,
        "var": 0.0307160224766
    },
    "spectral_centroid": {
        "dmean": 140.571105957,
        "dmean2": 210.586410522,
        "dvar": 39599.65625,
        "dvar2": 86327.90625,
        "max": 3459.42700195,
        "mean": 957.612060547,
        "median": 926.806030273,
        "min": 261.168487549,
        "var": 154142.65625
    },
    "spectral_complexity": {
        "dmean": 2.33668732643,
        "dmean2": 3.71351146698,
        "dvar": 6.93928003311,
        "dvar2": 14.2462568283,
        "max": 55,
        "mean": 15.1315279007,
        "median": 15,
        "min": 0,
        "var": 33.2469024658
    },
    "spectral_decrease": {
        "dmean": 2.39421971138e-09,
        "dmean2": 3.74972675132e-09,
        "dvar": 3.34888306157e-17,
        "dvar2": 8.54778203289e-17,
        "max": -4.75632123883e-15,
        "mean": -8.5499030078e-09,
        "median": -7.51599937843e-09,
        "min": -1.0831373487e-07,
        "var": 4.97399187149e-17
    },
    "spectral_energy": {
        "dmean": 0.00936804618686,
        "dmean2": 0.0146316057071,
        "dvar": 0.000496841326822,
        "dvar2": 0.00126263976563,
        "max": 0.419025987387,
        "mean": 0.0341636464,
        "median": 0.0302653629333,
        "min": 1.89149655938e-08,
        "var": 0.000761940842494
    },
    "spectral_energyband_high": {
        "dmean": 0.00015921787417,
        "dmean2": 0.000227394324611,
        "dvar": 4.05804627235e-07,
        "dvar2": 8.70290762123e-07,
        "max": 0.0150400893763,
        "mean": 0.000327877583914,
        "median": 8.80897787283e-05,
        "min": 3.54889201359e-10,
        "var": 9.8834129858e-07
    },
    "spectral_energyband_low": {
        "dmean": 0.0048442822881,
        "dmean2": 0.00768919661641,
        "dvar": 0.000216790023842,
        "dvar2": 0.000580108026043,
        "max": 0.294646292925,
        "mean": 0.00995419826359,
        "median": 0.00449008867145,
        "min": 1.03556385689e-09,
        "var": 0.000272790639428
    },
    "spectral_energyband_middle_high": {
        "dmean": 0.00233491254039,
        "dmean2": 0.00344005203806,
        "dvar": 1.59035334946e-05,
        "dvar2": 3.43165593222e-05,
        "max": 0.0641458034515,
        "mean": 0.00848861876875,
        "median": 0.00501492340118,
        "min": 1.99252547795e-09,
        "var": 9.30396854528e-05
    },
    "spectral_energyband_middle_low": {
        "dmean": 0.00584302470088,
        "dmean2": 0.00910582300276,
        "dvar": 0.000225108480663,
        "dvar2": 0.000588619790506,
        "max": 0.384808033705,
        "mean": 0.0168237015605,
        "median": 0.0126804308966,
        "min": 1.56893857906e-08,
        "var": 0.000295619858662
    },
    "spectral_entropy": {
        "dmean": 0.146812334657,
        "dmean2": 0.209426864982,
        "dvar": 0.0239999070764,
        "dvar2": 0.0441760495305,
        "max": 8.53243541718,
        "mean": 7.06316995621,
        "median": 7.02919197083,
        "min": 5.13995313644,
        "var": 0.231954157352
    },
    "spectral_flux": {
        "dmean": 0.0256527289748,
        "dmean2": 0.0411915071309,
        "dvar": 0.00129564316012,
        "dvar2": 0.00291341845877,
        "max": 0.466513007879,
        "mean": 0.0785849839449,
        "median": 0.0665792822838,
        "min": 0.000137531693326,
        "var": 0.00260768039152
    },
    "spectral_kurtosis": {
        "dmean": 3.19951629639,
        "dmean2": 5.49474239349,
        "dvar": 11.1808338165,
        "dvar2": 32.3396568298,
        "max": 53.0115127563,
        "mean": 7.43743276596,
        "median": 6.15958595276,
        "min": -1.41815555096,
        "var": 32.826499939
    },
    "spectral_rms": {
        "dmean": 0.000688149768393,
        "dmean2": 0.00104092480615,
        "dvar": 1.19695891954e-06,
        "dvar2": 2.7241535463e-06,
        "max": 0.0202189479023,
        "mean": 0.00540472008288,
        "median": 0.00543389236555,
        "min": 4.29576857641e-06,
        "var": 4.11932796851e-06
    },
    "spectral_rolloff": {
        "dmean": 237.882400513,
        "dmean2": 413.709594727,
        "dvar": 433203.875,
        "dvar2": 941030.125,
        "max": 8979.34570312,
        "mean": 1041.51904297,
        "median": 882.861328125,
        "min": 86.1328125,
        "var": 887712.0625
    },
    "spectral_skewness": {
        "dmean": 0.316576093435,
        "dmean2": 0.522531449795,
        "dvar": 0.0861356258392,
        "dvar2": 0.227540344,
        "max": 5.7556014061,
        "mean": 1.92856550217,
        "median": 1.86480927467,
        "min": 0.0659405589104,
        "var": 0.471059501171
    },
    "spectral_spread": {
        "dmean": 363528.625,
        "dmean2": 516050.3125,
        "dvar": 230766395392,
        "dvar2": 354742239232,
        "max": 12380441,
        "mean": 3348152.5,
        "median": 3007462.25,
        "min": 1452972.25,
        "var": 1.50752211763e+12
    },
    "spectral_strongpeak": {
        "dmean": 0.712361097336,
        "dmean2": 1.17800748348,
        "dvar": 1.07232689857,
        "dvar2": 2.53186178207,
        "max": 8.65254020691,
        "mean": 1.9849165678,
        "median": 1.18755173683,
        "min": 0,
        "var": 3.96880364418
    },
    "zerocrossingrate": {
        "dmean": 0.00557328434661,
        "dmean2": 0.00654519954696,
        "dvar": 8.63961613504e-05,
        "dvar2": 8.96650453797e-05,
        "max": 0.263671875,
        "mean": 0.0413401387632,
        "median": 0.0380859375,
        "min": 0.00634765625,
        "var": 0.000528390984982
    },
    "barkbands": {
        "dmean": [0.000285458052531, 0.00311173917726, 0.00183458020911, 0.00136085052509, 0.00215752026998, 0.00187778100371, 0.00046387661132, 0.00039215903962, 0.00169112626463, 0.00109726085793, 0.000910067523364, 0.000576926220674, 0.000477184046758, 0.000324788736179, 0.000302534230286, 0.000161085641594, 9.54325805651e-05, 0.0001019703559, 7.01723765815e-05, 4.88303339807e-05, 3.37533274433e-05, 3.08054186462e-05, 4.17450464738e-05, 4.8754922318e-05, 1.03564370875e-05, 1.11815277037e-08, 2.26396767999e-09],
        "dmean2": [0.000457622634713, 0.00489707756788, 0.00314840651117, 0.00231242622249, 0.00356653961353, 0.00274831987917, 0.000694153364748, 0.000607834430411, 0.00246508000419, 0.00153532892, 0.00134669907857, 0.000871389638633, 0.000716519425623, 0.0004899353371, 0.000474709057016, 0.00025302064023, 0.000145944955875, 0.000154850276886, 0.000107250598376, 7.81753406045e-05, 5.36718544026e-05, 4.84639458591e-05, 5.76855163672e-05, 7.33117194613e-05, 1.54368590302e-05, 1.8456265849e-08, 4.30764135473e-09],
        "dvar": [7.48758054669e-07, 5.28382370248e-05, 5.69697731407e-05, 4.57212154288e-05, 5.43490750715e-05, 1.46788952406e-05, 1.47830996866e-06, 2.09201243706e-06, 1.40723168442e-05, 6.94089567332e-06, 7.34601098884e-06, 4.40281064584e-06, 2.14749206862e-06, 8.19223430426e-07, 4.01261416982e-07, 3.80816146617e-07, 5.59105153286e-08, 5.91331392741e-08, 3.40312453773e-08, 2.18290612253e-08, 1.45760479242e-08, 2.13178505959e-08, 3.62968677337e-08, 7.92823513507e-08, 2.40211517344e-09, 3.59670941711e-15, 1.18624581983e-15],
        "dvar2": [1.60962451901e-06, 0.000129784122691, 0.000160074938321, 0.000122328943689, 0.00014803429076, 3.09344468405e-05, 3.66738163393e-06, 4.56271345683e-06, 3.08019625663e-05, 1.30037569761e-05, 1.57884314831e-05, 1.04846503746e-05, 4.97128576171e-06, 1.76246862793e-06, 8.68133724907e-07, 9.74419435806e-07, 1.22412956216e-07, 1.29025337969e-07, 7.8189053454e-08, 5.68649127786e-08, 3.9348694969e-08, 5.94115725505e-08, 6.79917846469e-08, 1.721298446e-07, 5.65851143719e-09, 9.60062971912e-15, 3.54186678664e-15],
        "max": [0.0184037741274, 0.116911441088, 0.149748146534, 0.17172139883, 0.179597824812, 0.0921988934278, 0.0289832688868, 0.0356603600085, 0.0593987107277, 0.0709581151605, 0.0475288182497, 0.056340444833, 0.0322314053774, 0.0204319469631, 0.0131869204342, 0.0197536218911, 0.00564205646515, 0.00400982797146, 0.00437088357285, 0.0033587294165, 0.00265819462948, 0.0043135592714, 0.00776145514101, 0.00978709664196, 0.0014632177772, 1.8295377231e-06, 1.24997177409e-06],
        "mean": [0.000517358013894, 0.00658011576161, 0.00226150779054, 0.00151182955597, 0.00358055648394, 0.00404629483819, 0.000931317452341, 0.000624252366833, 0.00404241029173, 0.00318546919152, 0.00219907495193, 0.00141594174784, 0.000906241650227, 0.000616270175669, 0.000587596441619, 0.000278326304397, 0.000189925835002, 0.000182825460797, 0.000127568826429, 9.28074805415e-05, 6.24895474175e-05, 5.58121828362e-05, 7.21155665815e-05, 7.9320911027e-05, 1.61905518326e-05, 1.39560238921e-08, 1.5661416608e-09],
        "median": [0.000111033252324, 0.00235358159989, 0.000967469415627, 0.000320104561979, 0.00223829946481, 0.00179627002217, 0.000417020550231, 0.000241113346419, 0.000810505007394, 0.000318479753332, 0.000181950890692, 0.000185044322279, 0.000162565294886, 0.000185037177289, 0.000220236805035, 0.000128521161969, 0.000100863660919, 7.99329500296e-05, 6.6245724156e-05, 4.52745443908e-05, 1.87493842532e-05, 1.07734549601e-05, 8.70301937539e-06, 9.9509179563e-06, 2.86640806735e-06, 2.92245361244e-09, 4.49633774657e-10],
        "min": [6.17813092352e-12, 4.99821350974e-10, 4.49803583269e-10, 1.27786434212e-10, 9.3876151297e-09, 4.30574864652e-09, 1.05699371478e-09, 2.84169465736e-10, 3.03542108115e-10, 2.73314815225e-10, 6.01530214528e-10, 4.49233178434e-10, 4.40474427765e-11, 6.74253292088e-11, 2.77166539719e-10, 5.52936828269e-11, 8.26522600361e-11, 1.32675953557e-10, 7.54397586067e-11, 2.11445416731e-10, 3.3210306033e-11, 1.83942739512e-11, 4.2418509677e-11, 5.52202727988e-11, 3.76358146037e-11, 1.11339253789e-11, 1.69312827647e-11],
        "var": [1.22796279811e-06, 0.000108461223135, 4.16417497036e-05, 3.4675354982e-05, 4.44893121312e-05, 4.0630944568e-05, 2.2896331302e-06, 3.06377273773e-06, 4.45413861598e-05, 7.47645826777e-05, 3.37644451065e-05, 1.57928152476e-05, 4.01054830945e-06, 2.03597119253e-06, 1.09377992885e-06, 4.35058382209e-07, 1.25710997168e-07, 1.20881523458e-07, 5.219619581e-08, 3.82365428209e-08, 2.40128645856e-08, 2.60480330638e-08, 1.13787535838e-07, 1.647945993e-07, 3.88504384219e-09, 4.09709074257e-15, 6.06097019446e-16]
    },
    "erbbands": {
        "dmean": [0.121558375657, 0.628884017467, 1.87558877468, 3.2855489254, 6.69621658325, 7.32352876663, 9.88450717926, 17.4137020111, 6.98804759979, 8.86558532715, 11.1094121933, 33.911315918, 41.6113128662, 27.0455875397, 33.861289978, 23.5509223938, 18.9844856262, 16.9030914307, 9.81859111786, 16.7006397247, 7.65511035919, 4.45194911957, 4.14593219757, 5.36540937424, 2.41132998466, 2.39720273018, 1.59423959255, 1.15667378902, 1.11702477932, 1.10567808151, 1.23520553112, 1.39582550526, 0.535595655441, 0.214421629906, 0.0180402304977, 0.000794410065282, 4.2609313823e-05, 6.5834774432e-06, 5.34809714736e-06, 1.0692449905e-05],
        "dmean2": [0.191667363048, 0.997308671474, 3.18508267403, 5.60612010956, 11.4586925507, 12.1989593506, 14.610162735, 25.4795017242, 10.7396411896, 13.376748085, 16.959941864, 49.8388977051, 58.0241012573, 40.7531738281, 49.4539070129, 34.7881507874, 28.1863174438, 25.517665863, 14.7705440521, 26.7482700348, 12.3015108109, 6.60724258423, 6.04722595215, 7.92938566208, 3.83729743958, 3.88145756721, 2.52481436729, 1.80873954296, 1.74218976498, 1.72020876408, 1.66171503067, 2.13643074036, 0.778825163841, 0.317708462477, 0.0267154369503, 0.00117619836237, 6.21274884907e-05, 9.81081939244e-06, 8.06415846455e-06, 1.65529745573e-05],
        "dvar": [0.0724539682269, 3.10657906532, 54.2906951904, 234.694168091, 1355.11645508, 257.675994873, 322.436431885, 1621.85424805, 325.702575684, 580.58972168, 1708.71032715, 8614.453125, 7604.05175781, 5022.74511719, 8318.62011719, 7121.36914062, 3367.86108398, 2290.80151367, 680.660583496, 1477.05322266, 974.759887695, 111.563865662, 112.849685669, 164.058227539, 40.3606338501, 56.7092247009, 24.8893470764, 24.2271900177, 21.5766201019, 37.9986763, 33.2092056274, 69.2808456421, 6.72275447845, 1.02327370644, 0.0087156901136, 1.66648114828e-05, 4.04443234459e-08, 1.10799913688e-09, 1.61677712884e-10, 6.04772232293e-10],
        "dvar2": [0.184211373329, 7.93775987625, 150.40838623, 635.356567383, 3658.58959961, 726.17767334, 723.764160156, 3359.63720703, 844.214172363, 1370.11352539, 3764.10888672, 19173.3652344, 14499.9394531, 11646.3652344, 17989.7226562, 17064.2109375, 7800.67041016, 4898.64794922, 1320.51831055, 3668.30615234, 2489.02490234, 235.987701416, 231.581390381, 335.807189941, 106.357215881, 159.097183228, 64.4649276733, 65.3753967285, 58.4433250427, 106.455116272, 53.2677955627, 145.951522827, 13.5413341522, 2.31974983215, 0.0216734446585, 4.09056156059e-05, 9.34885591164e-08, 2.70995714757e-09, 3.63868712938e-10, 1.50822232481e-09],
        "max": [4.79455375671, 33.6349372864, 161.949737549, 271.740020752, 993.101867676, 285.080932617, 403.289459229, 1097.85876465, 463.099365234, 453.234527588, 960.985656738, 1434.20422363, 2785.96582031, 1745.98754883, 1588.19311523, 2256.14038086, 1484.30505371, 1223.33959961, 590.301025391, 777.899658203, 974.04083252, 220.844116211, 218.230239868, 326.721557617, 126.763664246, 169.810653687, 91.1989746094, 135.387252808, 127.048591614, 172.422775269, 258.856018066, 259.882110596, 82.7023620605, 27.6268367767, 2.93927335739, 0.125910997391, 0.00554050458595, 0.000813159160316, 0.000271380413324, 0.00046525686048],
        "mean": [0.206031307578, 1.41954243183, 2.5702252388, 4.0085439682, 7.54497003555, 13.8125181198, 22.2539100647, 34.3417205811, 13.9455013275, 17.100435257, 20.8580799103, 78.9383621216, 142.290771484, 72.9554367065, 81.7712173462, 60.216545105, 44.107170105, 37.6992492676, 19.9853515625, 34.3094215393, 15.0546741486, 9.6864862442, 8.77888774872, 10.326543808, 4.80905628204, 4.52417469025, 3.0766479969, 2.13762617111, 2.04924154282, 1.79174566269, 2.19078731537, 2.22620987892, 0.92225921154, 0.347905158997, 0.0271079242229, 0.00123659113888, 8.09954071883e-05, 1.36049247885e-05, 1.95868797164e-05, 3.99953023589e-05],
        "median": [0.0782366394997, 0.47896489501, 1.07933759689, 1.63770282269, 2.12852501869, 9.04207801819, 12.9017181396, 14.1821689606, 7.58215761185, 7.96623134613, 7.72922420502, 20.7898769379, 20.289560318, 17.1356525421, 16.9347743988, 14.0993156433, 9.25434017181, 12.8229045868, 9.23450756073, 11.8073062897, 7.44945001602, 5.77847099304, 4.57148981094, 5.05096149445, 2.83923339844, 2.24197936058, 1.09420382977, 0.587688565254, 0.410907298326, 0.24982984364, 0.252938330173, 0.222399443388, 0.142846956849, 0.0630151927471, 0.0049311122857, 0.000247104326263, 2.86342765321e-05, 6.20690980213e-06, 1.66284899024e-05, 3.56419950549e-05],
        "min": [4.65069049937e-09, 1.46585776406e-07, 5.31450382368e-07, 6.65940660838e-07, 8.90153660293e-06, 4.36462869402e-05, 2.5125562388e-05, 4.69222177344e-05, 1.85398585018e-05, 1.88301619346e-05, 4.08679079555e-06, 5.43844817003e-06, 1.40568054121e-05, 9.14747397474e-06, 2.51252495218e-05, 1.48394465214e-05, 2.56587190961e-06, 3.2807865864e-06, 1.10373475763e-05, 8.436841199e-06, 4.1628204599e-06, 4.15837621404e-06, 4.50212337455e-06, 8.97764130059e-06, 3.0817161587e-06, 1.01964915302e-05, 3.60549802281e-06, 1.19960293432e-06, 7.64745493598e-07, 1.28888245854e-06, 1.14419242436e-06, 1.19957076095e-06, 6.86434816544e-07, 6.56073780192e-07, 1.56442624188e-07, 4.99313514979e-08, 2.0299451009e-08, 7.70461738853e-09, 1.82365145207e-09, 3.23665261259e-10],
        "var": [0.120819337666, 5.40019655228, 44.3371429443, 173.081512451, 983.01171875, 283.945465088, 869.639648438, 3737.6730957, 543.773193359, 1013.19775391, 2712.18676758, 21179.8671875, 107771.515625, 28849.1132812, 34896.5039062, 27071.2578125, 7618.42089844, 7486.19042969, 1691.31140137, 4036.86254883, 1074.05517578, 253.16885376, 272.367401123, 345.383117676, 60.011592865, 90.8068695068, 50.9445114136, 31.4805030823, 31.594707489, 39.820148468, 121.61782074, 161.450897217, 15.2403678894, 1.85346233845, 0.0116408010945, 2.33703158301e-05, 7.01836242456e-08, 1.71045944075e-09, 3.03947866875e-10, 9.87320225576e-10]
    },
    "gfcc": {
        "mean": [-35.2462234497, 153.858566284, -145.849838257, 36.747051239, -64.8163909912, 17.8825969696, -32.4769859314, -1.49021732807, -8.54587173462, -20.355304718, 8.19302749634, -17.4314098358, 14.4441385269],
        "cov": [[3967.88110352, -609.853942871, -229.19593811, 349.509399414, -52.0872840881, 578.862487793, 151.813964844, 249.627975464, -7.64093017578, 82.7113800049, 39.5194854736, 18.2281723022, -11.5261421204], [-609.853942871, 735.103759766, -102.719436646, -243.512390137, 249.776031494, -209.727050781, 224.597640991, -111.311325073, 85.6490631104, -14.9012374878, 84.9028015137, 5.29177284241, 32.9971885681], [-229.19593811, -102.719436646, 451.475708008, 171.633209229, -82.7090454102, 24.6588764191, -126.871856689, 61.262172699, 29.0912799835, 8.34040355682, -12.5390748978, 24.7826538086, 6.47845506668], [349.509399414, -243.512390137, 171.633209229, 508.060516357, -11.5770187378, 79.3155593872, -41.8270111084, -9.54448699951, 58.6611480713, 70.2196121216, 6.63529014587, 44.1463127136, -20.7651920319], [-52.0872840881, 249.776031494, -82.7090454102, -11.5770187378, 295.142700195, 7.17502069473, 103.756217957, 16.769990921, 28.9469127655, 35.4687576294, 68.9945068359, 25.2295360565, 37.3513679504], [578.862487793, -209.727050781, 24.6588764191, 79.3155593872, 7.17502069473, 289.024780273, 60.4145812988, 44.8056373596, -30.01587677, 41.8347549438, 5.36109447479, -2.96124410629, -25.5070171356], [151.813964844, 224.597640991, -126.871856689, -41.8270111084, 103.756217957, 60.4145812988, 280.52722168, -39.9859085083, 20.9016036987, 20.7779865265, 42.6268157959, 4.31289100647, -8.69044208527], [249.627975464, -111.311325073, 61.262172699, -9.54448699951, 16.769990921, 44.8056373596, -39.9859085083, 222.128646851, 25.3006896973, -16.3148860931, -2.98338198662, 9.67975234985, 47.8210029602], [-7.64093017578, 85.6490631104, 29.0912799835, 58.6611480713, 28.9469127655, -30.01587677, 20.9016036987, 25.3006896973, 140.978103638, 17.1936149597, 10.1393013, 30.1862182617, 28.6664485931], [82.7113800049, -14.9012374878, 8.34040355682, 70.2196121216, 35.4687576294, 41.8347549438, 20.7779865265, -16.3148860931, 17.1936149597, 124.832420349, 53.2921943665, 21.631187439, 3.78374814987], [39.5194854736, 84.9028015137, -12.5390748978, 6.63529014587, 68.9945068359, 5.36109447479, 42.6268157959, -2.98338198662, 10.1393013, 53.2921943665, 113.871009827, 47.2033920288, 11.5844316483], [18.2281723022, 5.29177284241, 24.7826538086, 44.1463127136, 25.2295360565, -2.96124410629, 4.31289100647, 9.67975234985, 30.1862182617, 21.631187439, 47.2033920288, 93.9594345093, 43.5932159424], [-11.5261421204, 32.9971885681, 6.47845506668, -20.7651920319, 37.3513679504, -25.5070171356, -8.69044208527, 47.8210029602, 28.6664485931, 3.78374814987, 11.5844316483, 43.5932159424, 79.946434021]],
        "icov": [[0.000499399960972, -0.00030862854328, 0.000687945575919, -0.000583810964599, 0.000608977745287, -0.00107306486461, 0.000125528080389, -0.000696825853083, 0.000111831184768, 8.47848350531e-05, -0.00027517505805, 8.25132083264e-05, -0.000253652979154], [-0.00030862854328, 0.0111447535455, -0.00413634395227, 0.00512610329315, -0.0074423160404, 0.00753668509424, -0.00713267130777, 0.00584288826212, -0.00553408497944, 0.00233101309277, -0.00405728491023, 0.00381172751077, -0.000982939847745], [0.000687945575919, -0.00413634395227, 0.00529119418934, -0.00327046448365, 0.00384296895936, -0.00404202425852, 0.0036380989477, -0.0034221035894, 0.00156760157552, -0.000533427344635, 0.000767158926465, -0.00153371761553, 7.38599774195e-05], [-0.000583810964599, 0.00512610329315, -0.00327046448365, 0.00572219491005, -0.00417329976335, 0.00359027902596, -0.00273095211014, 0.00346147059463, -0.00366055569611, -0.000456050882349, -0.000310526345856, -0.000443477299996, 0.00190022401512], [0.000608977745287, -0.0074423160404, 0.00384296895936, -0.00417329976335, 0.010204709135, -0.00568746821955, 0.00338265602477, -0.0046308930032, 0.00337779102847, -0.00147286069114, -0.000316073390422, -0.000868400384206, -0.00230253092013], [-0.00107306486461, 0.00753668509424, -0.00404202425852, 0.00359027902596, -0.00568746821955, 0.0116027807817, -0.00639360770583, 0.00282828160562, -0.00176146952435, -0.000677329546306, -0.000768704456277, 0.00119641842321, 0.0020896603819], [0.000125528080389, -0.00713267130777, 0.0036380989477, -0.00273095211014, 0.00338265602477, -0.00639360770583, 0.0100235007703, -0.00244331662543, 0.00186053954531, -0.000923989340663, 0.00135326106101, -0.00229481607676, 0.00132052786648], [-0.000696825853083, 0.00584288826212, -0.0034221035894, 0.00346147059463, -0.0046308930032, 0.00282828160562, -0.00244331662543, 0.0101963877678, -0.00420463643968, 0.00284215551801, -0.00292902160436, 0.00396359944716, -0.00499813817441], [0.000111831184768, -0.00553408497944, 0.00156760157552, -0.00366055569611, 0.00337779102847, -0.00176146952435, 0.00186053954531, -0.00420463643968, 0.0120903113857, -0.00245857099071, 0.00335888401605, -0.00358195439912, -0.000952777860221], [8.47848350531e-05, 0.00233101309277, -0.000533427344635, -0.000456050882349, -0.00147286069114, -0.000677329546306, -0.000923989340663, 0.00284215551801, -0.00245857099071, 0.0126354591921, -0.00713967718184, 0.0030510770157, -0.00269917957485], [-0.00027517505805, -0.00405728491023, 0.000767158926465, -0.000310526345856, -0.000316073390422, -0.000768704456277, 0.00135326106101, -0.00292902160436, 0.00335888401605, -0.00713967718184, 0.0186343304813, -0.0109028536826, 0.00567212980241], [8.25132083264e-05, 0.00381172751077, -0.00153371761553, -0.000443477299996, -0.000868400384206, 0.00119641842321, -0.00229481607676, 0.00396359944716, -0.00358195439912, 0.0030510770157, -0.0109028536826, 0.0230617355555, -0.0132404370233], [-0.000253652979154, -0.000982939847745, 7.38599774195e-05, 0.00190022401512, -0.00230253092013, 0.0020896603819, 0.00132052786648, -0.00499813817441, -0.000952777860221, -0.00269917957485, 0.00567212980241, -0.0132404370233, 0.0251080226153]]
    },
    "melbands": {
        "dmean": [0.000928827561438, 0.000879553554114, 0.000672565074638, 0.00049785192823, 0.000331579678459, 0.000372324691853, 0.000104517675936, 9.04693588382e-05, 0.000111453766294, 0.000235052968492, 0.00020706783107, 0.00010720040882, 0.000136312664836, 7.3129995144e-05, 5.2693849284e-05, 4.02341938752e-05, 3.23950480379e-05, 1.68042661244e-05, 2.19674766413e-05, 1.70719704329e-05, 9.10994549486e-06, 5.29976887265e-06, 4.13517454945e-06, 5.16454110766e-06, 4.6822974582e-06, 2.12959184864e-06, 1.77017159331e-06, 1.57918191235e-06, 1.08945766897e-06, 8.58497230638e-07, 6.91564650879e-07, 6.6333916493e-07, 6.20366733983e-07, 6.34883122075e-07, 6.55840665331e-07, 9.22195170006e-07, 8.78522541825e-07, 4.34242139136e-07, 2.44563608476e-07, 1.6669416425e-07],
        "dmean2": [0.00144990778062, 0.00146782991942, 0.00114511197899, 0.000836197112221, 0.000496811175253, 0.000544364505913, 0.000161599571584, 0.00013769583893, 0.000170243045432, 0.000346319604432, 0.000289989897283, 0.000162464304594, 0.000200196009246, 0.000108350759547, 7.94060106273e-05, 5.90492709307e-05, 4.85283962917e-05, 2.54170172411e-05, 3.41304439644e-05, 2.75505517493e-05, 1.43982051668e-05, 8.0957015598e-06, 5.93898630541e-06, 7.88019042375e-06, 6.92352841725e-06, 3.38667109645e-06, 2.88914657176e-06, 2.55957957052e-06, 1.72808813659e-06, 1.34489221182e-06, 1.10587825475e-06, 1.04681453195e-06, 9.90857643046e-07, 9.91847741716e-07, 9.0081033477e-07, 1.3017981928e-06, 1.37574591008e-06, 6.57564100948e-07, 3.43221415733e-07, 2.55355189438e-07],
        "dvar": [4.17554110754e-06, 1.07753821794e-05, 1.01694568002e-05, 3.9548881432e-06, 2.72003489954e-07, 6.69329210723e-07, 7.11168013368e-08, 5.81846322234e-08, 1.43713251077e-07, 3.57153709274e-07, 1.90812826872e-07, 8.57818776012e-08, 1.52821939992e-07, 8.08173226119e-08, 3.25459268424e-08, 1.12549667364e-08, 8.73025207682e-09, 2.48947684689e-09, 2.26528551472e-09, 2.46899434231e-09, 1.21555354671e-09, 1.65803148988e-10, 1.32210506432e-10, 1.53114756984e-10, 1.34988284439e-10, 3.06964870189e-11, 3.05002516299e-11, 2.29639866151e-11, 1.01690132009e-11, 8.16576927604e-12, 9.91003373113e-12, 5.25443534169e-12, 1.50993870185e-11, 1.06797600277e-11, 7.75264661496e-12, 2.56749257271e-11, 2.66218193323e-11, 4.59787633314e-12, 1.08420726824e-12, 6.79785925901e-13],
        "dvar2": [1.01365258161e-05, 2.96542621072e-05, 2.70581313089e-05, 1.08242784336e-05, 6.19955869752e-07, 1.39985445458e-06, 1.85208534731e-07, 1.37257785582e-07, 3.14068671514e-07, 8.05001207027e-07, 3.6114747104e-07, 1.98106832272e-07, 3.34104299782e-07, 1.92275521727e-07, 7.79524071959e-08, 2.34564812018e-08, 1.84097590505e-08, 4.96749263945e-09, 4.75655692611e-09, 6.53008536133e-09, 3.00748514981e-09, 3.70711461528e-10, 1.90920279586e-10, 3.40417583011e-10, 2.76336120653e-10, 8.08498337723e-11, 7.91829171676e-11, 6.39956629356e-11, 2.57790299524e-11, 2.12811660655e-11, 2.71629160137e-11, 1.34024614323e-11, 4.37226713168e-11, 2.93247960637e-11, 1.2617759268e-11, 4.40990195749e-11, 5.91520513127e-11, 9.95453285774e-12, 2.21878353364e-12, 1.64504813851e-12],
        "max": [0.0368122197688, 0.0735815688968, 0.0760828256607, 0.0491016767919, 0.0108704185113, 0.0217549297959, 0.00696055218577, 0.00434105331078, 0.00765863759443, 0.00984914414585, 0.0137732578442, 0.00762750022113, 0.00729360990226, 0.00758423702791, 0.00555316079408, 0.00200161803514, 0.0026358938776, 0.00104872847442, 0.00100858439691, 0.00138733698986, 0.000963892089203, 0.000247827993007, 0.000448676961241, 0.000208717232454, 0.00031888007652, 0.000138823030284, 0.000132211585878, 9.81377161224e-05, 5.21764704899e-05, 5.17210828548e-05, 8.8152657554e-05, 4.64010190626e-05, 0.00012540044554, 8.13776205177e-05, 0.000120411757962, 0.000202930401429, 0.000161289717653, 6.28443231108e-05, 3.18824786518e-05, 2.18417881115e-05],
        "mean": [0.00190620345529, 0.00155952258501, 0.000820915855002, 0.000741613272112, 0.000790140940808, 0.000762865238357, 0.000208139099414, 0.000167706617503, 0.000207086573937, 0.000565115129575, 0.000697029521689, 0.000267094845185, 0.000324586639181, 0.000165056888363, 0.000128357904032, 7.97533502919e-05, 6.81425444782e-05, 2.90490606858e-05, 4.35080401076e-05, 3.25088076352e-05, 1.57107588166e-05, 1.01965770227e-05, 8.43094130687e-06, 9.15905729926e-06, 8.49019761517e-06, 3.8295493141e-06, 3.1835502341e-06, 2.83959002445e-06, 1.96432074517e-06, 1.50705443502e-06, 1.15724355965e-06, 1.1902990309e-06, 1.00318243312e-06, 9.69527036432e-07, 1.1486878293e-06, 1.50320875036e-06, 1.31283115934e-06, 6.94837240189e-07, 4.19125115059e-07, 2.44844414965e-07],
        "median": [0.000702196266502, 0.000692093628459, 0.000311664654873, 0.000408805470215, 0.000538448337466, 0.000320380495396, 0.000107637315523, 7.70885453676e-05, 5.50459481019e-05, 0.00012552519911, 7.39816896385e-05, 4.03054291382e-05, 3.70786874555e-05, 2.88960618491e-05, 1.61805673997e-05, 1.92381539819e-05, 2.06306758628e-05, 8.78704395291e-06, 1.64853536262e-05, 1.30331400214e-05, 6.80100265527e-06, 5.90008494328e-06, 3.52915981239e-06, 3.95078723159e-06, 3.82393227483e-06, 2.07914172279e-06, 1.51311485297e-06, 1.35722223149e-06, 6.7235333745e-07, 4.35081290107e-07, 2.70555972293e-07, 2.30003820434e-07, 1.7195426949e-07, 1.19598880133e-07, 1.35778819299e-07, 1.470467339e-07, 1.27869526523e-07, 9.69980717969e-08, 7.60796865507e-08, 4.11231617647e-08],
        "min": [9.25118454065e-11, 2.61529020662e-10, 1.94710220169e-10, 1.95836080685e-09, 1.23428345322e-09, 9.61857815618e-10, 2.84949730478e-10, 1.74913819539e-10, 2.80623857485e-11, 3.84138380827e-11, 6.81395148638e-11, 2.88077652011e-11, 9.57942128399e-11, 6.05487465721e-11, 1.13965815951e-11, 3.63170084283e-12, 6.02076288131e-12, 1.54154414927e-11, 2.00190992256e-11, 4.74374619447e-12, 5.11413177431e-12, 5.02760333365e-12, 2.20342559303e-12, 7.19087159609e-12, 7.79890041436e-12, 1.29881728202e-12, 3.61947472861e-12, 7.94640308416e-12, 3.09698339022e-12, 7.24624516207e-13, 5.78912352084e-13, 4.4326817065e-13, 3.90070815275e-13, 8.30908313074e-13, 6.81288033801e-13, 6.6269293655e-13, 7.29970175018e-13, 4.35564507639e-13, 5.61480766395e-13, 5.7213793165e-13],
        "var": [8.96927303984e-06, 1.0240994925e-05, 7.8044104157e-06, 3.04711716126e-06, 7.64542051002e-07, 1.67697976394e-06, 1.14722617184e-07, 9.72701670321e-08, 2.75605600564e-07, 9.17797251532e-07, 2.65223798124e-06, 5.10741188009e-07, 6.88003183313e-07, 2.6061448466e-07, 7.29718863113e-08, 2.74291309665e-08, 2.67573803114e-08, 5.36710675902e-09, 6.5148255679e-09, 4.17914014506e-09, 1.3984522429e-09, 2.97598418131e-10, 5.1742249374e-10, 2.91749568948e-10, 2.76303840918e-10, 3.72019325068e-11, 5.80950912377e-11, 3.40907926888e-11, 1.94030919803e-11, 1.44438506294e-11, 1.11639447686e-11, 9.74409702231e-12, 1.28735277646e-11, 1.19690117192e-11, 2.88077148941e-11, 8.20325543605e-11, 5.39396929899e-11, 8.87837633273e-12, 2.53780351768e-12, 9.95736804642e-13]
    },
    "mfcc": {
        "mean": [-659.106201172, 155.874801636, -5.71230649948, 14.6422462463, 5.41817426682, 1.53135859966, 0.715531468391, 4.35406351089, -2.52069139481, 3.14407801628, -7.7471113205, -3.37830328941, -4.56705617905],
        "cov": [[3959.39697266, -738.730102539, -95.2009506226, -57.2703971863, 8.8758649826, 294.134735107, 255.378707886, 233.744262695, 86.8806304932, 143.600418091, 130.291320801, 127.874458313, 65.756439209], [-738.730102539, 1012.91052246, -369.36114502, -23.019826889, -68.9972381592, -62.9750862122, 62.8731918335, -21.2830715179, 13.1998596191, -28.472032547, 39.0467185974, 22.4327430725, -4.83535337448], [-95.2009506226, -369.36114502, 548.345214844, 39.7336883545, 58.6171226501, -11.6147346497, -93.4953231812, 16.4593677521, -8.80318832397, 13.0250320435, -42.2480773926, 10.2316913605, -9.54385280609], [-57.2703971863, -23.019826889, 39.7336883545, 300.800262451, 50.4950828552, 58.1184082031, -29.8263263702, -0.234821543097, 3.57372021675, -2.77505517006, 7.45675134659, 41.1908874512, 52.017742157], [8.8758649826, -68.9972381592, 58.6171226501, 50.4950828552, 259.580230713, -57.5303535461, -8.50394058228, 25.2135696411, 28.7398204803, 29.4685287476, -2.86006855965, 6.42075777054, 10.1299352646], [294.134735107, -62.9750862122, -11.6147346497, 58.1184082031, -57.5303535461, 301.062316895, 86.228263855, -2.25026774406, -4.74624204636, -5.14892482758, 51.7264480591, 74.9305801392, 63.7272148132], [255.378707886, 62.8731918335, -93.4953231812, -29.8263263702, -8.50394058228, 86.228263855, 210.469894409, 25.3228321075, 4.61018419266, 5.62404680252, 61.7144203186, 43.8626098633, 12.996263504], [233.744262695, -21.2830715179, 16.4593677521, -0.234821543097, 25.2135696411, -2.25026774406, 25.3228321075, 134.472885132, 49.445690155, 27.5326538086, 3.10935997963, 4.85133218765, 3.03124856949], [86.8806304932, 13.1998596191, -8.80318832397, 3.57372021675, 28.7398204803, -4.74624204636, 4.61018419266, 49.445690155, 110.354309082, 33.5494766235, 1.44049572945, -12.4740829468, 5.65623807907], [143.600418091, -28.472032547, 13.0250320435, -2.77505517006, 29.4685287476, -5.14892482758, 5.62404680252, 27.5326538086, 33.5494766235, 100.01890564, 22.74401474, 5.03096628189, -17.3880271912], [130.291320801, 39.0467185974, -42.2480773926, 7.45675134659, -2.86006855965, 51.7264480591, 61.7144203186, 3.10935997963, 1.44049572945, 22.74401474, 92.1368255615, 41.4801559448, 1.15549862385], [127.874458313, 22.4327430725, 10.2316913605, 41.1908874512, 6.42075777054, 74.9305801392, 43.8626098633, 4.85133218765, -12.4740829468, 5.03096628189, 41.4801559448, 116.868553162, 41.4780044556], [65.756439209, -4.83535337448, -9.54385280609, 52.017742157, 10.1299352646, 63.7272148132, 12.996263504, 3.03124856949, 5.65623807907, -17.3880271912, 1.15549862385, 41.4780044556, 121.510955811]],
