{
"lowlevel": {
    "average_loudness": 0.751192569733,
    "barkbands_crest": {
        "dmean": 1.768425107,
        "dmean2": 2.85519576073,
        "dvar": 4.02799367905,
        "dvar2": 10.1059904099,
        "max": 25.4353294373,
        "mean": 16.7519779205,
        "median": 17.9065570831,
        "min": 2.82657074928,
        "var": 25.6087799072
    },
    "barkbands_flatness_db": {
        "dmean": 0.0205776430666,
        "dmean2": 0.0292059406638,
        "dvar": 0.00054549635388,
        "dvar2": 0.000994817120954,
        "max": 0.612576782703,
        "mean": 0.280860215425,
        "median": 0.264987528324,
        "min": 0.018290668726,
        "var": 0.00993136782199
    },
    "barkbands_kurtosis": {
        "dmean": 12.9120197296,
        "dmean2": 20.2268123627,
        "dvar": 564.794067383,
        "dvar2": 1265.65026855,
        "max": 432.48614502,
        "mean": 36.3151359558,
        "median": 24.6085929871,
        "min": -1.92210042477,
        "var": 2003.69067383
    },
    "barkbands_skewness": {
        "dmean": 0.800564885139,
        "dmean2": 1.24726462364,
        "dvar": 0.944570243359,
        "dvar2": 2.21588611603,
        "max": 17.3906097412,
        "mean": 4.05047941208,
        "median": 3.92706513405,
        "min": -1.81134402752,
        "var": 4.75643062592
    },
    "barkbands_spread": {
        "dmean": 1.89681375027,
        "dmean2": 2.64110946655,
        "dvar": 22.4333381653,
        "dvar2": 28.3445949554,
        "max": 93.2621688843,
        "mean": 7.6876502037,
        "median": 3.67477798462,
        "min": 0.177964732051,
        "var": 157.964065552
    },
    "dissonance": {
        "dmean": 0.0193667132407,
        "dmean2": 0.0321936793625,
        "dvar": 0.000380385899916,
        "dvar2": 0.00100725470111,
        "max": 0.499093443155,
        "mean": 0.443896144629,
        "median": 0.451863229275,
        "min": 0.261693239212,
        "var": 0.00143439986277
    },
    "dynamic_complexity": 6.37504291534,
    "erbbands_crest": {
        "dmean": 2.01136827469,
        "dmean2": 3.31097698212,
        "dvar": 3.8820412159,
        "dvar2": 10.9073057175,
        "max": 24.4649620056,
        "mean": 9.90979003906,
        "median": 9.18603610992,
        "min": 2.18417334557,
        "var": 14.2040748596
    },
    "erbbands_flatness_db": {
        "dmean": 0.0168773960322,
        "dmean2": 0.0245761908591,
        "dvar": 0.000368281325791,
        "dvar2": 0.000668394961394,
        "max": 0.367783367634,
        "mean": 0.180550515652,
        "median": 0.175378978252,
        "min": 0.0335509888828,
        "var": 0.00294376607053
    },
    "erbbands_kurtosis": {
        "dmean": 1.74712073803,
        "dmean2": 2.79527902603,
        "dvar": 15.8886699677,
        "dvar2": 33.1015701294,
        "max": 91.1794052124,
        "mean": 4.10154438019,
        "median": 0.777602910995,
        "min": -1.80158233643,
        "var": 98.3390960693
    },
    "erbbands_skewness": {
        "dmean": 0.352487832308,
        "dmean2": 0.537859082222,
        "dvar": 0.171857431531,
        "dvar2": 0.31921634078,
        "max": 7.58958339691,
        "mean": 1.25878071785,
        "median": 1.08357179165,
        "min": -2.96070051193,
        "var": 1.99239218235
    },
    "erbbands_spread": {
        "dmean": 7.61397123337,
        "dmean2": 11.4286346436,
        "dvar": 128.171447754,
        "dvar2": 269.123138428,
        "max": 164.805526733,
        "mean": 39.2720603943,
        "median": 35.9839515686,
        "min": 1.8631554842,
        "var": 616.436340332
    },
    "hfc": {
        "dmean": 3.26542925835,
        "dmean2": 4.47195768356,
        "dvar": 70.8182601929,
        "dvar2": 103.818572998,
        "max": 197.318725586,
        "mean": 16.240945816,
        "median": 10.2927570343,
        "min": 1.13325027704e-16,
        "var": 559.656311035
    },
    "melbands_crest": {
        "dmean": 2.30334496498,
        "dmean2": 3.86104488373,
        "dvar": 6.16402101517,
        "dvar2": 17.28216362,
        "max": 32.2848472595,
        "mean": 20.7784538269,
        "median": 21.1542072296,
        "min": 1.91234707832,
        "var": 30.2137622833
    },
    "melbands_flatness_db": {
        "dmean": 0.022480469197,
        "dmean2": 0.0318026654422,
        "dvar": 0.000674214854371,
        "dvar2": 0.00122083188035,
        "max": 0.763727962971,
        "mean": 0.389713078737,
        "median": 0.372744381428,
        "min": 0.00609289063141,
        "var": 0.0127747319639
    },
    "melbands_kurtosis": {
        "dmean": 20.6975021362,
        "dmean2": 32.714881897,
        "dvar": 1664.74975586,
        "dvar2": 3898.58325195,
        "max": 725.540527344,
        "mean": 58.4385375977,
        "median": 45.6065673828,
        "min": -0.931780338287,
        "var": 4095.83032227
    },
    "melbands_skewness": {
        "dmean": 0.94057649374,
        "dmean2": 1.48068749905,
        "dvar": 1.42350280285,
        "dvar2": 3.09646773338,
        "max": 20.5311985016,
        "mean": 4.96762990952,
        "median": 4.77373075485,
        "min": -0.18622726202,
        "var": 6.61077833176
    },
    "melbands_spread": {
        "dmean": 1.51471197605,
        "dmean2": 2.03658413887,
        "dvar": 20.9583454132,
        "dvar2": 23.3765487671,
        "max": 118.10749054,
        "mean": 5.7044634819,
        "median": 2.79571413994,
        "min": 0.284328013659,
        "var": 97.4722671509
    },
    "pitch_salience": {
        "dmean": 0.0624961256981,
        "dmean2": 0.101407937706,
        "dvar": 0.00372024392709,
        "dvar2": 0.00972432456911,
        "max": 0.856849372387,
        "mean": 0.397147417068,
        "median": 0.390253663063,
        "min": 0.0986920148134,
        "var": 0.0218657981604
    },
    "silence_rate_20dB": {
        "dmean": 0,
        "dmean2": 0,
        "dvar": 0,
        "dvar2": 0,
        "max": 1,
        "mean": 1,
        "median": 1,
        "min": 1,
        "var": 0
    },
    "silence_rate_30dB": {
        "dmean": 0.0650154799223,
        "dmean2": 0.130131676793,
        "dvar": 0.0607882812619,
        "dvar2": 0.158125028014,
        "max": 1,
        "mean": 0.777262151241,
        "median": 1,
        "min": 0,
        "var": 0.173123955727
    },
    "silence_rate_60dB": {
        "dmean": 0.0030959751457,
        "dmean2": 0.00619674660265,
        "dvar": 0.00308634573594,
        "dvar2": 0.0061585358344,
        "max": 1,
        "mean": 0.180201083422,
        "median": 0,
        "min": 0,
        "var": 0.147727534175
    },
    "spectral_centroid": {
        "dmean": 113.365371704,
        "dmean2": 158.244354248,
        "dvar": 102125.554688,
        "dvar2": 110101.171875,
        "max": 11090.2539062,
        "mean": 572.936828613,
        "median": 386.183807373,
        "min": 104.494537354,
        "var": 402672.1875
    },
    "spectral_complexity": {
        "dmean": 1.64086687565,
        "dmean2": 2.57474827766,
        "dvar": 4.64652919769,
        "dvar2": 9.47285652161,
        "max": 41,
        "mean": 10.5800466537,
        "median": 10,
        "min": 0,
        "var": 58.8974723816
    },
    "spectral_decrease": {
        "dmean": 2.49091858251e-09,
        "dmean2": 4.00963617864e-09,
        "dvar": 1.3991501981e-17,
        "dvar2": 3.29450453897e-17,
        "max": 3.78263594804e-29,
        "mean": -1.72804721643e-08,
        "median": -1.70972853653e-08,
        "min": -5.68861473482e-08,
        "var": 1.70600561799e-16
    },
    "spectral_energy": {
        "dmean": 0.00960126612335,
        "dmean2": 0.0153931044042,
        "dvar": 0.000206415221328,
        "dvar2": 0.000486143893795,
        "max": 0.223994076252,
        "mean": 0.0666934549809,
        "median": 0.0658767968416,
        "min": 1.01361500572e-20,
        "var": 0.00251166964881
    },
    "spectral_energyband_high": {
        "dmean": 0.000230998077313,
        "dmean2": 0.000304957298795,
        "dvar": 1.24333109852e-06,
        "dvar2": 1.94183530766e-06,
        "max": 0.0274127274752,
        "mean": 0.000653945142403,
        "median": 3.56500750058e-05,
        "min": 7.38410238777e-21,
        "var": 7.11558732291e-06
    },
    "spectral_energyband_low": {
        "dmean": 0.00801097601652,
        "dmean2": 0.0127843813971,
        "dvar": 0.000156389112817,
        "dvar2": 0.000377168500563,
        "max": 0.191360846162,
        "mean": 0.0510995350778,
        "median": 0.0487006232142,
        "min": 6.91610132825e-23,
        "var": 0.00194216822274
    },
    "spectral_energyband_middle_high": {
        "dmean": 0.000503670133185,
        "dmean2": 0.000701447017491,
        "dvar": 1.41534553677e-06,
        "dvar2": 2.60920819528e-06,
        "max": 0.0240969303995,
        "mean": 0.00201460812241,
        "median": 0.000672195688821,
        "min": 1.59285107713e-21,
        "var": 1.17620957099e-05
    },
    "spectral_energyband_middle_low": {
        "dmean": 0.00464792316779,
        "dmean2": 0.00743037927896,
        "dvar": 5.74785808567e-05,
        "dvar2": 0.000128608298837,
        "max": 0.0936630517244,
        "mean": 0.0152691574767,
        "median": 0.0117648551241,
        "min": 2.26586549912e-22,
        "var": 0.000244734605076
    },
    "spectral_entropy": {
        "dmean": 0.196622103453,
        "dmean2": 0.282919049263,
        "dvar": 0.0533222816885,
        "dvar2": 0.0955719947815,
        "max": 9.7962436676,
        "mean": 6.58722734451,
        "median": 6.67405748367,
        "min": 4.22769021988,
        "var": 0.563622117043
    },
    "spectral_flux": {
        "dmean": 0.0208450388163,
        "dmean2": 0.0332481376827,
        "dvar": 0.000697233423125,
        "dvar2": 0.00155909522437,
        "max": 0.304168492556,
        "mean": 0.0637003034353,
        "median": 0.0566125996411,
        "min": 1.00678451687e-10,
        "var": 0.00233963644132
    },
    "spectral_kurtosis": {
        "dmean": 4.34339380264,
        "dmean2": 7.33675956726,
        "dvar": 33.8163604736,
        "dvar2": 95.2886962891,
        "max": 95.0480499268,
        "mean": 12.0987758636,
        "median": 9.19460391998,
        "min": -1.21425127983,
        "var": 108.683418274
    },
    "spectral_rms": {
        "dmean": 0.0005687631201,
        "dmean2": 0.000905497348867,
        "dvar": 6.2713729676e-07,
        "dvar2": 1.420691774e-06,
        "max": 0.0147827873006,
        "mean": 0.00711057428271,
        "median": 0.00801686011255,
        "min": 3.14466638493e-12,
        "var": 1.45065559991e-05
    },
    "spectral_rolloff": {
        "dmean": 121.165504456,
        "dmean2": 185.575134277,
        "dvar": 453281.28125,
        "dvar2": 603860.375,
        "max": 18884.6191406,
        "mean": 405.63269043,
        "median": 193.798828125,
        "min": 64.599609375,
        "var": 1194976
    },
    "spectral_skewness": {
        "dmean": 0.384852528572,
        "dmean2": 0.620229244232,
        "dvar": 0.166771650314,
        "dvar2": 0.421799957752,
        "max": 7.89969539642,
        "mean": 2.52384185791,
        "median": 2.34244370461,
        "min": 0.0399204008281,
        "var": 1.05719995499
    },
    "spectral_spread": {
        "dmean": 560679.8125,
        "dmean2": 791406.75,
        "dvar": 1.3966549975e+12,
        "dvar2": 1.82321794253e+12,
        "max": 41656716,
        "mean": 3704164,
        "median": 3239565.5,
        "min": 981058.25,
        "var": 4.10516009779e+12
    },
    "spectral_strongpeak": {
        "dmean": 0.145540952682,
        "dmean2": 0.25747436285,
        "dvar": 0.125827535987,
        "dvar2": 0.367284625769,
        "max": 4.27418470383,
        "mean": 0.631703972816,
        "median": 0.583290278912,
        "min": 0,
        "var": 0.253501296043
    },
    "zerocrossingrate": {
        "dmean": 0.00495650805533,
        "dmean2": 0.00554847856984,
        "dvar": 0.000226635500439,
        "dvar2": 0.000195264030481,
        "max": 0.50537109375,
        "mean": 0.0209205672145,
        "median": 0.01318359375,
        "min": 0.001953125,
        "var": 0.00114141043741
    },
    "barkbands": {
        "dmean": [0.000132101937197, 0.00558878388256, 0.00311453267932, 0.00314069725573, 0.00207868940197, 0.00114206504077, 0.000370117573766, 0.000250011973549, 0.000256148021435, 7.69095786382e-05, 8.40612920001e-05, 9.99463882181e-05, 4.33836248703e-05, 7.58499882068e-05, 0.00010930866847, 8.05669260444e-05, 0.000121420634969, 0.000107441745058, 4.74258013128e-05, 9.91106135189e-05, 6.47494161967e-05, 4.8509627959e-05, 8.24274757179e-05, 2.89626004815e-05, 2.62460507656e-05, 1.83741340152e-05, 2.98511395158e-06],
        "dmean2": [0.000221386682824, 0.00860842037946, 0.00522812921554, 0.00475343642756, 0.00345768779516, 0.00195997720584, 0.000529909331817, 0.000341147184372, 0.000315053766826, 0.000106752311694, 0.000128144281916, 0.000147165963426, 6.1736733187e-05, 0.000113495290861, 0.00013839971507, 0.000122375713545, 0.000178784321179, 0.000168605183717, 7.39919414627e-05, 0.000140213640407, 9.98843897833e-05, 7.56260269554e-05, 0.000112114707008, 3.97347612306e-05, 3.89522210753e-05, 2.52922509389e-05, 4.90806951348e-06],
        "dvar": [3.52030752993e-07, 9.32610128075e-05, 2.62069625023e-05, 4.21360091423e-05, 1.06044644781e-05, 3.42955422639e-06, 9.05342290025e-07, 7.97525444796e-07, 7.57491818604e-07, 4.10665172978e-08, 1.1957988022e-07, 1.20966618056e-07, 1.60120983139e-08, 3.72042983088e-08, 2.00851033583e-07, 7.22888202631e-08, 8.12783227389e-08, 3.81702335517e-07, 4.08704856625e-08, 2.82140121044e-07, 1.35460481943e-07, 8.01427333386e-08, 1.87564936027e-07, 1.60830442297e-08, 1.74469718672e-08, 5.5272288968e-09, 2.77787265412e-10],
        "dvar2": [9.66093466559e-07, 0.000221054884605, 7.32136322767e-05, 8.80427032826e-05, 3.04897002934e-05, 1.00775187093e-05, 1.67380164839e-06, 1.48695687585e-06, 9.04101227661e-07, 8.03028967766e-08, 2.48822004778e-07, 2.31701122289e-07, 3.25665432399e-08, 7.21251893765e-08, 2.84827478936e-07, 1.56133168616e-07, 1.57028097192e-07, 1.00257466329e-06, 1.07303051777e-07, 5.92444735048e-07, 3.07461306193e-07, 1.62493151379e-07, 3.95785178853e-07, 2.89122681352e-08, 3.95741892589e-08, 9.63764179573e-09, 8.21165024867e-10],
        "max": [0.0132419439033, 0.163690596819, 0.0529353916645, 0.0786404162645, 0.0406869389117, 0.0267765633762, 0.0169708002359, 0.0224763136357, 0.026863809675, 0.00418728403747, 0.00935723166913, 0.00841067545116, 0.0025351436343, 0.00313938176259, 0.0143421627581, 0.00470970151946, 0.00563253182918, 0.0174703001976, 0.00475803902373, 0.0161304883659, 0.00865980796516, 0.00642365869135, 0.010234080255, 0.00367387151346, 0.00303874840029, 0.00201810640283, 0.000337919656886],
        "mean": [0.000494583044201, 0.0411379002035, 0.00714945653453, 0.00508271111175, 0.00565225770697, 0.00222869380377, 0.000872010597959, 0.000550087483134, 0.000841930683237, 0.000214365936699, 0.000227173775784, 0.000229198805755, 9.63165148278e-05, 0.000165303717949, 0.000237974061747, 0.000184861419257, 0.000303721346427, 0.00018940170412, 8.50963333505e-05, 0.000168211321579, 0.000120923868963, 0.000104143342469, 0.000184881559107, 7.23453485989e-05, 5.18348169862e-05, 4.42492091679e-05, 3.98392512579e-06],
        "median": [6.4649109845e-05, 0.0363224223256, 0.00505254650488, 0.00143562024459, 0.00398418353871, 0.000891893869266, 0.000144096178701, 4.4190655899e-05, 0.000104052203824, 3.49151232513e-05, 3.72556205548e-05, 2.8692995329e-05, 2.42737114604e-05, 3.83049591619e-05, 2.7969108487e-05, 3.65464402421e-05, 5.32412523171e-05, 2.78223160421e-05, 1.5803727365e-05, 7.03110117684e-06, 4.79889968119e-06, 3.97399071517e-06, 6.48582681606e-06, 2.50359244092e-06, 1.45702472309e-06, 7.48551883589e-07, 1.73633178946e-08],
        "min": [3.24705877097e-23, 4.08168307503e-23, 9.66669364397e-24, 1.84042022272e-23, 1.27229017184e-23, 3.29977266547e-23, 7.00319393877e-24, 5.0022793338e-23, 8.86640782403e-23, 7.6246688151e-23, 3.11161198464e-23, 4.7948521453e-23, 9.48973668125e-23, 1.189623071e-22, 1.71390406758e-22, 1.62787089726e-22, 2.02492150403e-22, 1.99202587807e-22, 3.33576333987e-22, 4.16398146228e-22, 4.66951180312e-22, 5.04171228164e-22, 4.87141122237e-22, 6.67707369718e-22, 9.66050424131e-22, 1.6123806983e-21, 2.54570609237e-21],
        "var": [7.32666194381e-07, 0.00156466686167, 5.77604114369e-05, 9.89403997664e-05, 3.54418807547e-05, 1.15811317301e-05, 3.97280700781e-06, 3.8922148633e-06, 8.06512707641e-06, 2.10992368466e-07, 6.53197389511e-07, 4.98036342833e-07, 5.72685969757e-08, 1.02929824664e-07, 1.02683304704e-06, 2.31905076475e-07, 3.89894410091e-07, 8.16911153834e-07, 5.96793086061e-08, 8.2052650896e-07, 3.42831953049e-07, 2.54875573091e-07, 6.35765218249e-07, 9.95653977043e-08, 4.72391583628e-08, 3.16397184008e-08, 5.2762033631e-10]
    },
    "erbbands": {
        "dmean": [0.0849571824074, 1.50883901119, 3.99283027649, 6.17581939697, 7.15214061737, 9.35174655914, 10.0625200272, 6.65333843231, 5.16606616974, 4.77919530869, 5.5020031929, 5.5691819191, 2.82386684418, 2.63152647018, 3.04132390022, 3.0696849823, 1.79568326473, 2.53530788422, 3.97785878181, 5.98959779739, 3.88940024376, 6.74194431305, 6.85872936249, 1.86959719658, 3.14305639267, 4.33085203171, 3.75268435478, 1.68656158447, 1.35131168365, 2.57900285721, 2.42307281494, 0.847702920437, 0.513630986214, 0.402744859457, 0.118563115597, 0.0804994255304, 0.0318098813295, 0.0117219146341, 0.000247804506216, 1.49420093294e-05],
        "dmean2": [0.135299608111, 2.33211755753, 6.58235931396, 9.39137172699, 11.4092073441, 15.8775644302, 16.8291893005, 11.2839260101, 7.37247180939, 6.77879667282, 7.39270305634, 6.60926914215, 3.44515943527, 3.88445401192, 4.51342582703, 4.56719255447, 2.55199575424, 3.69480037689, 5.64101552963, 7.85321092606, 5.73375272751, 10.0314416885, 10.4789457321, 2.92091321945, 4.52421283722, 5.95835971832, 5.98566102982, 2.28042244911, 1.96490752697, 3.44699144363, 3.45810770988, 1.18263864517, 0.74669444561, 0.616813361645, 0.18208104372, 0.110600374639, 0.0457005500793, 0.0173940304667, 0.000370335066691, 2.28690169024e-05],
        "dvar": [0.0639917850494, 6.05105543137, 37.8877563477, 156.199859619, 181.567138672, 230.353103638, 250.710403442, 117.620246887, 192.40335083, 345.95425415, 300.430969238, 474.373931885, 115.940170288, 118.486816406, 164.597335815, 76.4076004028, 20.4762783051, 43.1254768372, 162.237487793, 646.08392334, 109.112533569, 265.687469482, 1658.6385498, 57.2368240356, 223.21875, 470.701202393, 407.960968018, 101.85218811, 51.0515594482, 221.122314453, 171.903533936, 16.9328479767, 4.4232583046, 4.95244836807, 0.253236413002, 0.0744412690401, 0.0185080803931, 0.00358907110058, 1.61312948421e-06, 1.04941189072e-09],
        "dvar2": [0.162119060755, 14.3777370453, 103.832702637, 339.386810303, 469.480194092, 679.735656738, 661.852966309, 334.222167969, 361.516967773, 673.267456055, 447.086090088, 536.412719727, 117.881401062, 280.259399414, 345.060180664, 141.344329834, 41.0414962769, 78.7674255371, 262.994476318, 993.976074219, 224.276916504, 552.145507812, 4458.49755859, 142.385879517, 428.477478027, 987.891540527, 1012.3949585, 213.602783203, 95.0669250488, 479.862884521, 397.810028076, 30.9238452911, 8.26338291168, 11.5198602676, 0.544834971428, 0.12531632185, 0.036082226783, 0.00856305100024, 4.02021214541e-06, 2.37873631903e-09],
        "max": [5.33213853836, 45.1300392151, 64.1637573242, 161.993606567, 146.72354126, 192.197769165, 265.60144043, 154.956726074, 221.753768921, 415.027008057, 468.986663818, 604.607116699, 499.022064209, 247.948791504, 296.265960693, 178.046005249, 103.178359985, 120.03994751, 269.254302979, 752.596740723, 203.160476685, 416.848297119, 1154.12194824, 184.304077148, 443.076751709, 662.074523926, 334.883361816, 291.83895874, 165.309814453, 377.379852295, 306.943237305, 96.8758163452, 62.648235321, 46.6226959229, 13.3365163803, 6.25337219238, 3.22608709335, 1.88497650623, 0.037728972733, 0.000875085534062],
        "mean": [1.05314445496, 9.35717201233, 11.8031606674, 12.135140419, 16.7949619293, 21.6518764496, 21.4850025177, 15.0509061813, 12.194568634, 11.7963142395, 15.5770950317, 17.5688419342, 9.28104114532, 8.03037643433, 8.43976020813, 7.4934926033, 4.97102928162, 6.39850091934, 9.68701171875, 13.9367723465, 10.175992012, 16.6339664459, 13.5118198395, 4.08484840393, 6.88172197342, 7.55139732361, 6.29150009155, 3.40570473671, 2.92610287666, 5.61281633377, 5.06645202637, 1.98635983467, 1.19233191013, 0.812358021736, 0.240822419524, 0.18264529109, 0.0710720270872, 0.0203967038542, 0.000450066960184, 8.55708567542e-05],
        "median": [0.601960062981, 7.36280679703, 7.10711812973, 5.3050403595, 7.52921104431, 12.7932300568, 11.2483491898, 7.3776884079, 2.35045647621, 2.07603526115, 1.43729388714, 2.30179381371, 1.30418992043, 1.45117938519, 1.45375049114, 1.24245083332, 1.58739650249, 1.55986487865, 1.8124563694, 1.99980998039, 2.13740849495, 3.12988638878, 1.98850667477, 1.06584239006, 0.704084575176, 0.357454001904, 0.281337976456, 0.119608998299, 0.117768451571, 0.186266690493, 0.177207112312, 0.0668461471796, 0.0389611050487, 0.0235595349222, 0.00743556860834, 0.00450434582308, 0.000855647202116, 0.000139757583383, 4.40501935373e-05, 7.66500961618e-05],
        "min": [1.59906826032e-21, 7.56846753693e-21, 1.13405993461e-20, 4.1837276731e-20, 5.06210365699e-20, 4.6914773056e-20, 2.02821571346e-19, 2.14176189142e-19, 1.41916624735e-19, 1.76757472136e-19, 1.46253535272e-18, 1.55926647394e-18, 2.49368381508e-18, 2.21601996296e-18, 1.75092835777e-18, 2.30909742741e-18, 3.51158849544e-18, 5.63057417549e-18, 1.07553729013e-17, 8.61950074267e-18, 7.3972015941e-18, 1.29204180658e-17, 1.15482271728e-17, 1.57977716169e-17, 1.42989054577e-17, 1.89580713954e-17, 1.73900479739e-17, 2.04515195216e-17, 1.60412141799e-17, 1.76648787324e-17, 1.40501176536e-17, 1.29833127437e-17, 1.12612054264e-17, 1.1812728927e-17, 6.21996517735e-18, 4.63439766866e-18, 3.11939652443e-18, 1.49494325514e-18, 3.67924042802e-19, 3.64921454726e-20],
        "var": [1.24893558025, 102.70476532, 175.576889038, 361.716583252, 520.3125, 613.342163086, 890.483398438, 410.94329834, 790.762451172, 1225.27819824, 1914.02453613, 3933.02441406, 1117.58081055, 582.42175293, 838.252624512, 346.179656982, 99.947303772, 147.752655029, 760.836364746, 3078.37597656, 470.360992432, 1294.97387695, 3329.77294922, 137.299865723, 852.554260254, 1466.23120117, 915.961547852, 275.053436279, 188.873779297, 737.053100586, 472.795928955, 82.8986282349, 24.4985427856, 12.4907503128, 0.885258436203, 0.408463269472, 0.0919046401978, 0.0121957408264, 5.17363787367e-06, 6.55165743879e-09]
    },
    "gfcc": {
        "mean": [-100.764350891, 133.649032593, -66.0528945923, 47.7775344849, -27.8820838928, 8.87401866913, -37.216594696, 5.80134439468, -13.0569219589, -8.00755977631, -9.99872493744, 0.956461369991, -8.39818763733],
        "cov": [[27097.4511719, -1374.73840332, -1568.93713379, 456.156677246, -660.445983887, 726.302978516, -311.801727295, 785.549072266, -370.964599609, 569.984741211, 145.863006592, 583.981994629, -44.4082450867], [-1374.73840332, 1808.8458252, -216.780960083, -342.998260498, 409.023254395, -202.763061523, 225.011444092, -226.422241211, 248.734176636, -187.180938721, 228.425643921, -102.507499695, 153.891815186], [-1568.93713379, -216.780960083, 869.08215332, 343.333129883, 185.836776733, -9.91501903534, 154.196044922, -50.5322227478, -0.765235900879, 63.8572273254, 50.7943153381, 87.9280090332, -0.705948293209], [456.156677246, -342.998260498, 343.333129883, 573.238647461, 60.7614784241, 90.795539856, 91.4727554321, -50.3275489807, -16.6640586853, 38.460231781, 86.1539230347, 39.3602027893, 79.0379714966], [-660.445983887, 409.023254395, 185.836776733, 60.7614784241, 400.617126465, -38.0230445862, 104.162033081, -33.5369415283, 118.743362427, -15.7700605392, 120.488525391, 25.7899303436, 56.4522590637], [726.302978516, -202.763061523, -9.91501903534, 90.795539856, -38.0230445862, 231.177825928, 64.2255401611, 21.6697502136, -25.7510795593, 35.4749908447, 31.0754127502, 9.51871871948, 35.5004653931], [-311.801727295, 225.011444092, 154.196044922, 91.4727554321, 104.162033081, 64.2255401611, 325.019195557, -35.1236877441, 44.0935249329, 20.5795936584, 127.922058105, 14.4849557877, 80.8100585938], [785.549072266, -226.422241211, -50.5322227478, -50.3275489807, -33.5369415283, 21.6697502136, -35.1236877441, 201.161697388, 2.86672663689, 53.6639289856, -14.0703897476, 33.7678222656, -38.2427787781], [-370.964599609, 248.734176636, -0.765235900879, -16.6640586853, 118.743362427, -25.7510795593, 44.0935249329, 2.86672663689, 137.25894165, -14.0232849121, 52.5157356262, -14.1197757721, 28.2793445587], [569.984741211, -187.180938721, 63.8572273254, 38.460231781, -15.7700605392, 35.4749908447, 20.5795936584, 53.6639289856, -14.0232849121, 125.269195557, 19.6335716248, 46.1218185425, -3.01201844215], [145.863006592, 228.425643921, 50.7943153381, 86.1539230347, 120.488525391, 31.0754127502, 127.922058105, -14.0703897476, 52.5157356262, 19.6335716248, 184.062545776, 45.8411941528, 88.3887252808], [583.981994629, -102.507499695, 87.9280090332, 39.3602027893, 25.7899303436, 9.51871871948, 14.4849557877, 33.7678222656, -14.1197757721, 46.1218185425, 45.8411941528, 135.012908936, 12.4769706726], [-44.4082450867, 153.891815186, -0.705948293209, 79.0379714966, 56.4522590637, 35.5004653931, 80.8100585938, -38.2427787781, 28.2793445587, -3.01201844215, 88.3887252808, 12.4769706726, 133.00617981]],
        "icov": [[8.25597890071e-05, -0.000172364612808, 0.000245323230047, -0.000317629164783, 6.67886342853e-05, -0.000218625413254, 6.73520407872e-05, -0.0002840240777, 0.000214763611439, -0.000313987926347, 0.000120110591524, -0.000421114527853, 0.000231378959143], [-0.000172364612808, 0.00286013097502, -9.83758291113e-05, 0.00238405610435, -0.00140224094503, 0.00186546996702, -0.0010669346666, 0.00251554022543, -0.00184369285125, 0.00220561143942, -0.002480288269, 0.00193359935656, -0.00140643725172], [0.000245323230047, -9.83758291113e-05, 0.00298278755508, -0.00191779644229, -0.00098557851743, 0.000141811571666, -0.00101223611273, -3.56390337402e-05, 0.000736827321816, -0.00141602219082, 0.000988836865872, -0.00215487880632, 0.00169270311017], [-0.000317629164783, 0.00238405610435, -0.00191779644229, 0.00528300506994, -0.000877053127624, 0.00086962711066, -0.000338168843882, 0.00270580453798, -0.00136336369906, 0.00212875800207, -0.00292841112241, 0.00274770683609, -0.00286405626684], [6.67886342853e-05, -0.00140224094503, -0.00098557851743, -0.000877053127624, 0.00519594922662, -0.000491715967655, 0.000604922999628, -0.000960001256317, -0.00210149283521, -0.00019025716756, -0.000774291751441, -0.00117769418284, 0.000510567915626], [-0.000218625413254, 0.00186546996702, 0.000141811571666, 0.00086962711066, -0.000491715967655, 0.00696846423671, -0.00189803377725, 0.00102184701245, -0.000239769535256, 0.000709488871507, -0.00158694921993, 0.00202484475449, -0.00201996276155], [6.73520407872e-05, -0.0010669346666, -0.00101223611273, -0.000338168843882, 0.000604922999628, -0.00189803377725, 0.00554247293621, -0.000540783861652, 0.000232078833506, -0.00115635967813, -0.00201035942882, 0.000372177979443, -0.000594981946051], [-0.0002840240777, 0.00251554022543, -3.56390337402e-05, 0.00270580453798, -0.000960001256317, 0.00102184701245, -0.000540783861652, 0.00917607638985, -0.00327008357272, -0.000288526818622, -0.00204863003455, 0.00065523100784, 0.000476852816064], [0.000214763611439, -0.00184369285125, 0.000736827321816, -0.00136336369906, -0.00210149283521, -0.000239769535256, 0.000232078833506, -0.00327008357272, 0.0127825215459, -0.0012831625063, -0.000222473507165, 0.000629062880762, 0.000235687097302], [-0.000313987926347, 0.00220561143942, -0.00141602219082, 0.00212875800207, -0.00019025716756, 0.000709488871507, -0.00115635967813, -0.000288526818622, -0.0012831625063, 0.0131697300822, -0.00289186579175, -4.92776671308e-05, -0.00092085369397], [0.000120110591524, -0.002480288269, 0.000988836865872, -0.00292841112241, -0.000774291751441, -0.00158694921993, -0.00201035942882, -0.00204863003455, -0.000222473507165, -0.00289186579175, 0.0147091560066, -0.0049305842258, -0.00329067511484], [-0.000421114527853, 0.00193359935656, -0.00215487880632, 0.00274770683609, -0.00117769418284, 0.00202484475449, 0.000372177979443, 0.00065523100784, 0.000629062880762, -4.92776671308e-05, -0.0049305842258, 0.0131361717358, -0.00219093007036], [0.000231378959143, -0.00140643725172, 0.00169270311017, -0.00286405626684, 0.000510567915626, -0.00201996276155, -0.000594981946051, 0.000476852816064, 0.000235687097302, -0.00092085369397, -0.00329067511484, -0.00219093007036, 0.0140763241798]]
    },
    "melbands": {
        "dmean": [0.0011329872068, 0.00206111255102, 0.00112351390999, 0.000502472568769, 0.000351542548742, 0.000169202088728, 7.39830866223e-05, 5.02822513226e-05, 4.85540658701e-05, 3.18886086461e-05, 1.4586045836e-05, 1.08742769953e-05, 1.09386492113e-05, 1.02677813629e-05, 8.27797703096e-06, 3.59626210411e-06, 5.30750639882e-06, 6.61803233015e-06, 9.38407356443e-06, 6.92444154993e-06, 4.68752068628e-06, 6.83586722516e-06, 8.6561194621e-06, 4.61987656308e-06, 1.27209113998e-06, 2.09787549466e-06, 3.51235507878e-06, 2.86361796498e-06, 2.65096718977e-06, 1.69282316165e-06, 8.63352397573e-07, 7.79323443112e-07, 1.25700967146e-06, 1.65521430517e-06, 1.51476945121e-06, 1.0461593547e-06, 3.94601954667e-07, 3.75004049147e-07, 4.21821596319e-07, 3.34330678697e-07],
        "dmean2": [0.00176161911804, 0.00330067262985, 0.00172964017838, 0.000848174910061, 0.000590491166804, 0.000288031820673, 0.000105502855149, 7.28653612896e-05, 6.28129419056e-05, 3.81062236556e-05, 1.79012786248e-05, 1.60256622621e-05, 1.64509783644e-05, 1.48504777826e-05, 1.23695190268e-05, 5.14222392667e-06, 7.83490486356e-06, 9.41748749028e-06, 1.22313440443e-05, 1.02056237665e-05, 7.10087942934e-06, 1.01980085674e-05, 1.30251873998e-05, 7.46498380977e-06, 1.96079849957e-06, 3.2893271964e-06, 4.5956435315e-06, 4.1992716433e-06, 4.34800767835e-06, 2.62986463895e-06, 1.21467337522e-06, 1.17816068723e-06, 1.96707696887e-06, 2.19529920287e-06, 2.22168273467e-06, 1.50351240791e-06, 5.96030645283e-07, 5.33671482117e-07, 6.47920728625e-07, 5.18559431839e-07],
        "dvar": [5.27934389538e-06, 9.70321070781e-06, 4.91391756441e-06, 5.90292700053e-07, 2.76190490922e-07, 7.4873760525e-08, 3.64449661561e-08, 3.97483148618e-08, 2.16964828326e-08, 1.47269947348e-08, 2.94924151767e-09, 1.67106295468e-09, 1.95203075926e-09, 1.82683046468e-09, 4.08939465624e-10, 1.1924883303e-10, 1.85432003086e-10, 3.66690705578e-10, 1.48438850101e-09, 7.66806451669e-10, 1.43204711978e-10, 2.79699041705e-10, 1.00195296504e-09, 1.01171060418e-09, 1.92051981956e-11, 9.66629137844e-11, 4.68131311493e-10, 2.16819631693e-10, 2.02480948674e-10, 1.03097010096e-10, 2.44745369804e-11, 1.38079018705e-11, 6.61392121626e-11, 7.86660667162e-11, 7.34911159705e-11, 2.54091209878e-11, 4.22915565415e-12, 2.42953725714e-12, 3.42881647554e-12, 3.58630486419e-12],
        "dvar2": [1.26501008708e-05, 2.46884646913e-05, 1.07279884105e-05, 1.6905605662e-06, 7.36127731216e-07, 2.18775028316e-07, 6.98714544001e-08, 8.09261635482e-08, 3.18498223351e-08, 1.69126952443e-08, 3.10210013232e-09, 3.94846644269e-09, 4.0575938165e-09, 3.67103614174e-09, 9.10242881069e-10, 2.30345270635e-10, 3.37529976191e-10, 5.99164440285e-10, 2.360023732e-09, 1.546031414e-09, 3.03594094309e-10, 5.78456837985e-10, 2.36956787525e-09, 2.70464184382e-09, 4.22877670381e-11, 2.55015814021e-10, 8.87946327577e-10, 4.8797565988e-10, 5.24141896552e-10, 2.31295205211e-10, 5.31463553721e-11, 3.00299056455e-11, 1.42286932237e-10, 1.76891681858e-10, 1.79941520018e-10, 5.00583012542e-11, 8.73698943055e-12, 4.93574582247e-12, 7.40324034715e-12, 8.55860781551e-12],
        "max": [0.0366506502032, 0.0473001152277, 0.0276837106794, 0.00826817005873, 0.00694052223116, 0.00393556337804, 0.00291502545588, 0.00443061580881, 0.00311845936812, 0.00324223865755, 0.00247653294355, 0.00090743979672, 0.00124228885397, 0.00111775659025, 0.000296635873383, 0.000255421473412, 0.00023558686371, 0.000382971746149, 0.00113510363735, 0.000576828606427, 0.000208983867196, 0.000474213040434, 0.000830094679259, 0.000905502296519, 9.11122915568e-05, 0.000236660969676, 0.000649209599942, 0.000362823775504, 0.000242510272074, 0.000254979735473, 0.000137836163049, 6.62121892674e-05, 0.000196357257664, 0.000203177303774, 0.000209822654142, 0.000112271300168, 5.78381186642e-05, 4.68188773084e-05, 4.73752370453e-05, 3.81493337045e-05],
        "mean": [0.0105674751103, 0.00879671238363, 0.00233671837486, 0.00136235007085, 0.000820599787403, 0.000364213919966, 0.000175694745849, 0.000125500315335, 0.000143899291288, 0.000103042730188, 4.5068176405e-05, 3.27665184159e-05, 3.05379799102e-05, 2.35434545175e-05, 1.82706771739e-05, 8.34516777104e-06, 1.27254015752e-05, 1.47876626215e-05, 2.0327317543e-05, 1.53171367856e-05, 1.10020509965e-05, 1.6603316908e-05, 1.78885638888e-05, 7.89637761045e-06, 2.52294785241e-06, 3.67838265447e-06, 6.62890988679e-06, 4.53954862678e-06, 4.00179442295e-06, 3.04644186144e-06, 1.62509968504e-06, 1.42952387705e-06, 2.43376348408e-06, 3.36110929311e-06, 3.0897895158e-06, 2.06085633181e-06, 9.13462486096e-07, 7.77552884301e-07, 8.58812768456e-07, 6.21536230483e-07],
        "median": [0.0091909840703, 0.00557836890221, 0.0010362889152, 0.000851906836033, 0.000504291267134, 0.000160767143825, 3.08477137878e-05, 1.69844443008e-05, 1.40239199027e-05, 1.32603945531e-05, 6.01562305746e-06, 5.7418783399e-06, 5.5548207456e-06, 2.12402437683e-06, 3.58958573088e-06, 2.3450804747e-06, 2.87831608148e-06, 2.868442607e-06, 1.79530252353e-06, 2.50875086749e-06, 1.88717433502e-06, 2.98097461382e-06, 2.3738375603e-06, 1.16131070627e-06, 7.25476809293e-07, 5.25705615928e-07, 3.60813771749e-07, 1.7222644999e-07, 1.63115799978e-07, 1.1009599632e-07, 4.1213464641e-08, 4.6876007076e-08, 7.71221380091e-08, 9.60152917173e-08, 9.90769208897e-08, 7.38832639513e-08, 2.15704698547e-08, 2.20246647586e-08, 2.34812205235e-08, 1.29225243839e-08],
        "min": [1.35083200347e-23, 7.35313184747e-24, 7.64671432195e-24, 3.07428284994e-24, 5.60453960951e-24, 5.30428416063e-24, 1.92758063583e-24, 3.29371299098e-24, 1.16604244082e-23, 1.13903657659e-23, 1.2749894172e-23, 9.34810901195e-24, 4.43852351664e-24, 6.22368537401e-24, 5.61771831979e-24, 9.9741214162e-24, 1.01794650653e-23, 1.79722582831e-23, 1.15937222744e-23, 1.1544151044e-23, 7.04735594997e-24, 1.43830610712e-23, 9.52417961055e-24, 1.0330949236e-23, 1.32667629369e-23, 1.22088949409e-23, 1.0683749921e-23, 1.33930501015e-23, 1.06143412054e-23, 1.17057689219e-23, 1.23280579027e-23, 8.46024369654e-24, 1.07997306178e-23, 9.71909451846e-24, 9.65952842037e-24, 6.10310719579e-24, 8.17536393556e-24, 7.81556999872e-24, 8.56319793328e-24, 1.07334489469e-23],
        "var": [9.40810277825e-05, 9.96935268631e-05, 1.2410096133e-05, 2.0745742404e-06, 9.41103792229e-07, 2.50817407732e-07, 1.52854582325e-07, 1.55405260216e-07, 1.6439989281e-07, 1.34114245043e-07, 2.74543960899e-08, 8.38712033158e-09, 1.10161764155e-08, 7.338799346e-09, 1.57111534893e-09, 4.15724288327e-10, 5.94350235694e-10, 1.48507917075e-09, 7.47584660843e-09, 2.61710009219e-09, 5.13187270457e-10, 1.41449552071e-09, 2.595375026e-09, 1.91251681159e-09, 4.4647802816e-11, 1.3602118043e-10, 1.53175805373e-09, 5.39909505992e-10, 4.04291794487e-10, 2.26786228685e-10, 6.46637049462e-11, 4.40824737824e-11, 1.64154898008e-10, 2.58867816072e-10, 1.73389885783e-10, 8.82748041331e-11, 2.05079443011e-11, 1.14764924994e-11, 1.18859635675e-11, 7.99454513006e-12]
    },
    "mfcc": {
        "mean": [-752.678100586, 157.349884033, 33.4100494385, 44.7814903259, 33.7305793762, 10.3960142136, 0.328003704548, 13.1914339066, -1.22142231464, 2.92304348946, -2.07814836502, -0.611005842686, 0.133860528469],
        "cov": [[20550.765625, 144.064819336, -1611.7565918, -196.242645264, -177.329193115, -210.065216064, 40.1521987915, 404.167907715, -441.885772705, 481.528930664, -157.970855713, -13.8421955109, 518.231384277], [144.064819336, 2127.97387695, -484.66809082, -46.5343017578, 147.824981689, -33.237651825, -37.7324447632, 94.4340515137, -56.1358222961, -14.8344860077, 59.8271827698, 46.9978599548, 35.4807357788], [-1611.7565918, -484.66809082, 743.684692383, 290.481018066, 23.0117816925, 167.090316772, 128.519287109, -21.3276252747, 59.8690032959, -82.5084991455, 33.5767173767, 55.8492965698, -53.8890571594], [-196.242645264, -46.5343017578, 290.481018066, 456.725952148, 136.843688965, 141.206878662, 111.148216248, 20.779920578, -3.93263411522, -44.2721099854, 51.1322021484, 49.4075813293, -24.8350887299], [-177.329193115, 147.824981689, 23.0117816925, 136.843688965, 322.941375732, -1.24353969097, -27.333978653, 35.0479469299, -14.4343662262, 17.0086116791, 24.7762756348, 5.09129714966, 11.2072792053], [-210.065216064, -33.237651825, 167.090316772, 141.206878662, -1.24353969097, 289.350341797, 122.105758667, 10.3876543045, 20.8086681366, -47.9890441895, 49.4397010803, 19.6573753357, -64.4417266846], [40.1521987915, -37.7324447632, 128.519287109, 111.148216248, -27.333978653, 122.105758667, 214.050186157, 49.0024108887, 21.7596168518, -0.97090870142, 37.3761749268, 40.8691673279, 13.1029729843], [404.167907715, 94.4340515137, -21.3276252747, 20.779920578, 35.0479469299, 10.3876543045, 49.0024108887, 124.58454895, -5.15885829926, 23.6155204773, 15.0870037079, 15.7977561951, 34.2383003235], [-441.885772705, -56.1358222961, 59.8690032959, -3.93263411522, -14.4343662262, 20.8086681366, 21.7596168518, -5.15885829926, 105.66153717, 10.4491882324, 7.43953943253, 4.51525974274, -12.6002845764], [481.528930664, -14.8344860077, -82.5084991455, -44.2721099854, 17.0086116791, -47.9890441895, -0.97090870142, 23.6155204773, 10.4491882324, 136.952453613, 7.69802904129, -6.55672216415, 44.112033844], [-157.970855713, 59.8271827698, 33.5767173767, 51.1322021484, 24.7762756348, 49.4397010803, 37.3761749268, 15.0870037079, 7.43953943253, 7.69802904129, 103.340904236, 26.6333770752, -16.9347991943], [-13.8421955109, 46.9978599548, 55.8492965698, 49.4075813293, 5.09129714966, 19.6573753357, 40.8691673279, 15.7977561951, 4.51525974274, -6.55672216415, 26.6333770752, 70.0949325562, 21.501865387], [518.231384277, 35.4807357788, -53.8890571594, -24.8350887299, 11.2072792053, -64.4417266846, 13.1029729843, 34.2383003235, -12.6002845764, 44.112033844, -16.9347991943, 21.501865387, 113.622993469]],
