{
"lowlevel": {
    "average_loudness": 0.964270353317,
    "barkbands_crest": {
        "dmean": 2.07659459114,
        "dmean2": 3.46170711517,
        "dvar": 5.31863069534,
        "dvar2": 13.3250169754,
        "max": 22.7459850311,
        "mean": 9.40574073792,
        "median": 8.68832683563,
        "min": 3.15294313431,
        "var": 12.4805488586
    },
    "barkbands_flatness_db": {
        "dmean": 0.0158813204616,
        "dmean2": 0.0254830420017,
        "dvar": 0.000223434428335,
        "dvar2": 0.000522419752087,
        "max": 0.306473255157,
        "mean": 0.16996794939,
        "median": 0.167140856385,
        "min": 0.0657067522407,
        "var": 0.00123502092902
    },
    "barkbands_kurtosis": {
        "dmean": 1.37031161785,
        "dmean2": 2.19076275826,
        "dvar": 4.50166225433,
        "dvar2": 10.4299316406,
        "max": 23.0834465027,
        "mean": 1.74270510674,
        "median": 0.681777238846,
        "min": -1.77435135841,
        "var": 11.992354393
    },
    "barkbands_skewness": {
        "dmean": 0.353483557701,
        "dmean2": 0.560891270638,
        "dvar": 0.162559971213,
        "dvar2": 0.366687446833,
        "max": 4.65806245804,
        "mean": 1.2622936964,
        "median": 1.19458937645,
        "min": -0.539315462112,
        "var": 0.717445731163
    },
    "barkbands_spread": {
        "dmean": 4.13483333588,
        "dmean2": 6.59711933136,
        "dvar": 22.6756038666,
        "dvar2": 46.8382263184,
        "max": 91.5803451538,
        "mean": 26.0813236237,
        "median": 25.9458522797,
        "min": 6.25717544556,
        "var": 125.30052948
    },
    "dissonance": {
        "dmean": 0.0152530167252,
        "dmean2": 0.0253097526729,
        "dvar": 0.000224838397116,
        "dvar2": 0.000612585339695,
        "max": 0.499517023563,
        "mean": 0.464676707983,
        "median": 0.470476061106,
        "min": 0.332646071911,
        "var": 0.000576917489525
    },
    "dynamic_complexity": 1.72286391258,
    "erbbands_crest": {
        "dmean": 1.91395521164,
        "dmean2": 3.09176158905,
        "dvar": 3.48065948486,
        "dvar2": 8.46473503113,
        "max": 25.2507457733,
        "mean": 8.69078445435,
        "median": 7.99688434601,
        "min": 2.69787454605,
        "var": 11.3482103348
    },
    "erbbands_flatness_db": {
        "dmean": 0.0130058648065,
        "dmean2": 0.0178479589522,
        "dvar": 0.000170184110175,
        "dvar2": 0.000281558866845,
        "max": 0.276835858822,
        "mean": 0.190998822451,
        "median": 0.194023996592,
        "min": 0.0956295579672,
        "var": 0.00103924470022
    },
    "erbbands_kurtosis": {
        "dmean": 0.590494096279,
        "dmean2": 0.938757896423,
        "dvar": 0.491721659899,
        "dvar2": 1.16231274605,
        "max": 6.95725727081,
        "mean": 0.0432175546885,
        "median": -0.443380117416,
        "min": -1.71136438847,
        "var": 2.12211680412
    },
    "erbbands_skewness": {
        "dmean": 0.271398425102,
        "dmean2": 0.426549136639,
        "dvar": 0.0566750206053,
        "dvar2": 0.12987922132,
        "max": 2.23734021187,
        "mean": -0.0905907824636,
        "median": -0.139371559024,
        "min": -2.51673674583,
        "var": 0.595761656761
    },
    "erbbands_spread": {
        "dmean": 5.98077392578,
        "dmean2": 9.08105278015,
        "dvar": 46.2542953491,
        "dvar2": 102.379508972,
        "max": 104.531188965,
        "mean": 38.1195068359,
        "median": 35.9489059448,
        "min": 10.7074432373,
        "var": 214.718994141
    },
    "hfc": {
        "dmean": 5.52650642395,
        "dmean2": 8.22111034393,
        "dvar": 68.5292053223,
        "dvar2": 157.105148315,
        "max": 115.071937561,
        "mean": 26.3251476288,
        "median": 23.3833827972,
        "min": 0.000352583010681,
        "var": 266.335601807
    },
    "melbands_crest": {
        "dmean": 2.59709858894,
        "dmean2": 4.36709022522,
        "dvar": 7.32046556473,
        "dvar2": 18.3963241577,
        "max": 27.8216495514,
        "mean": 12.758055687,
        "median": 11.9956197739,
        "min": 4.21983337402,
        "var": 16.6198348999
    },
    "melbands_flatness_db": {
        "dmean": 0.0181525349617,
        "dmean2": 0.0280119758099,
        "dvar": 0.000361659855116,
        "dvar2": 0.000765609438531,
        "max": 0.380053699017,
        "mean": 0.19958782196,
        "median": 0.196824550629,
        "min": 0.0859853848815,
        "var": 0.00258070486598
    },
    "melbands_kurtosis": {
        "dmean": 4.34323167801,
        "dmean2": 6.94915819168,
        "dvar": 60.9093399048,
        "dvar2": 145.836257935,
        "max": 92.0650787354,
        "mean": 9.26786804199,
        "median": 6.41589832306,
        "min": -1.31956982613,
        "var": 116.955688477
    },
    "melbands_skewness": {
        "dmean": 0.543208062649,
        "dmean2": 0.85441082716,
        "dvar": 0.462815105915,
        "dvar2": 1.08184373379,
        "max": 8.57578659058,
        "mean": 2.45697140694,
        "median": 2.33778047562,
        "min": 0.0304075218737,
        "var": 1.56877028942
    },
    "melbands_spread": {
        "dmean": 5.19699764252,
        "dmean2": 8.21708297729,
        "dvar": 32.6681365967,
        "dvar2": 76.611289978,
        "max": 88.3285293579,
        "mean": 26.4357700348,
        "median": 24.0442256927,
        "min": 4.27518367767,
        "var": 201.808578491
    },
    "pitch_salience": {
        "dmean": 0.059255734086,
        "dmean2": 0.0977550446987,
        "dvar": 0.0034780325368,
        "dvar2": 0.0088470345363,
        "max": 0.806552410126,
        "mean": 0.524076759815,
        "median": 0.52919781208,
        "min": 0.225818067789,
        "var": 0.00900173466653
    },
    "silence_rate_20dB": {
        "dmean": 0,
        "dmean2": 0,
        "dvar": 0,
        "dvar2": 0,
        "max": 1,
        "mean": 1,
        "median": 1,
        "min": 1,
        "var": 0
    },
    "silence_rate_30dB": {
        "dmean": 0.00620155036449,
        "dmean2": 0.0124127231538,
        "dvar": 0.00616312492639,
        "dvar2": 0.0169138126075,
        "max": 1,
        "mean": 0.996127009392,
        "median": 1,
        "min": 0,
        "var": 0.00385795580223
    },
    "silence_rate_60dB": {
        "dmean": 0.00155038759112,
        "dmean2": 0.00310318078846,
        "dvar": 0.00154796463903,
        "dvar2": 0.00309357629158,
        "max": 1,
        "mean": 0.0162664595991,
        "median": 0,
        "min": 0,
        "var": 0.0160014368594
    },
    "spectral_centroid": {
        "dmean": 175.928421021,
        "dmean2": 275.423919678,
        "dvar": 37835.1835938,
        "dvar2": 82898.703125,
        "max": 3663.36181641,
        "mean": 1434.88549805,
        "median": 1411.15246582,
        "min": 404.639678955,
        "var": 271304.6875
    },
    "spectral_complexity": {
        "dmean": 2.91937994957,
        "dmean2": 4.73157501221,
        "dvar": 13.0973901749,
        "dvar2": 31.543138504,
        "max": 50,
        "mean": 21.2920207977,
        "median": 21,
        "min": 0,
        "var": 48.5058135986
    },
    "spectral_decrease": {
        "dmean": 2.35749619826e-09,
        "dmean2": 3.86022858123e-09,
        "dvar": 1.58047149709e-17,
        "dvar2": 4.0181261093e-17,
        "max": -9.78891921406e-14,
        "mean": -9.01613361748e-09,
        "median": -8.20548695657e-09,
        "min": -4.39286438336e-08,
        "var": 2.30718539942e-17
    },
    "spectral_energy": {
        "dmean": 0.00924376957119,
        "dmean2": 0.0151021359488,
        "dvar": 0.00023677633726,
        "dvar2": 0.000599461141974,
        "max": 0.169363841414,
        "mean": 0.0364166982472,
        "median": 0.0331350043416,
        "min": 4.01436750508e-07,
        "var": 0.000357524404535
    },
    "spectral_energyband_high": {
        "dmean": 0.000367603468476,
        "dmean2": 0.000553607824259,
        "dvar": 7.87455803675e-07,
        "dvar2": 1.9022803599e-06,
        "max": 0.0109554966912,
        "mean": 0.000823244277854,
        "median": 0.000433914130554,
        "min": 2.40001849505e-08,
        "var": 1.46355466768e-06
    },
    "spectral_energyband_low": {
        "dmean": 0.00695062661543,
        "dmean2": 0.0115767875686,
        "dvar": 0.000218401080929,
        "dvar2": 0.000556024198886,
        "max": 0.143321067095,
        "mean": 0.0147481542081,
        "median": 0.0119496826082,
        "min": 1.36484857194e-07,
        "var": 0.000234594699577
    },
    "spectral_energyband_middle_high": {
        "dmean": 0.00165784766432,
        "dmean2": 0.00251244893298,
        "dvar": 4.95201902595e-06,
        "dvar2": 1.08751719381e-05,
        "max": 0.0385837852955,
        "mean": 0.00750336749479,
        "median": 0.00642407452688,
        "min": 7.5834336144e-08,
        "var": 3.02589032799e-05
    },
    "spectral_energyband_middle_low": {
        "dmean": 0.00397911388427,
        "dmean2": 0.00635174755007,
        "dvar": 2.85698006337e-05,
        "dvar2": 7.21816177247e-05,
        "max": 0.0613109357655,
        "mean": 0.0144730014727,
        "median": 0.0128877386451,
        "min": 2.08589995054e-07,
        "var": 7.62741838116e-05
    },
    "spectral_entropy": {
        "dmean": 0.133323431015,
        "dmean2": 0.18287076056,
        "dvar": 0.0184181295335,
        "dvar2": 0.0313620828092,
        "max": 8.50969791412,
        "mean": 7.37724971771,
        "median": 7.35701084137,
        "min": 6.38704252243,
        "var": 0.128454729915
    },
    "spectral_flux": {
        "dmean": 0.0245923232287,
        "dmean2": 0.0385628119111,
        "dvar": 0.00112894212361,
        "dvar2": 0.00283783185296,
        "max": 0.329251557589,
        "mean": 0.0845091342926,
        "median": 0.0741728618741,
        "min": 0.000633590389043,
        "var": 0.00211201584898
    },
    "spectral_kurtosis": {
        "dmean": 1.93491911888,
        "dmean2": 3.30791711807,
        "dvar": 5.4425868988,
        "dvar2": 15.8693571091,
        "max": 37.9054374695,
        "mean": 3.67141008377,
        "median": 2.92758893967,
        "min": -0.825914144516,
        "var": 11.2464065552
    },
    "spectral_rms": {
        "dmean": 0.000687421590555,
        "dmean2": 0.00110508035868,
        "dvar": 9.08682864065e-07,
        "dvar2": 2.22016979023e-06,
        "max": 0.012854299508,
        "mean": 0.00576801178977,
        "median": 0.00568566890433,
        "min": 1.97900371859e-05,
        "var": 2.25852613767e-06
    },
    "spectral_rolloff": {
        "dmean": 342.310089111,
        "dmean2": 591.921630859,
        "dvar": 331605.96875,
        "dvar2": 770285.8125,
        "max": 7622.75390625,
        "mean": 1510.27636719,
        "median": 1464.2578125,
        "min": 86.1328125,
        "var": 928879.8125
    },
    "spectral_skewness": {
        "dmean": 0.229558423162,
        "dmean2": 0.381475001574,
        "dvar": 0.0542812310159,
        "dvar2": 0.146778896451,
        "max": 4.35065698624,
        "mean": 1.35293996334,
        "median": 1.3145430088,
        "min": -0.0612885504961,
        "var": 0.205987513065
    },
    "spectral_spread": {
        "dmean": 371063.15625,
        "dmean2": 501469.78125,
        "dvar": 274900320256,
        "dvar2": 382233247744,
        "max": 17330906,
        "mean": 3739450.5,
        "median": 3633527.75,
        "min": 1486104.5,
        "var": 1.06961318707e+12
    },
    "spectral_strongpeak": {
        "dmean": 0.527035474777,
        "dmean2": 0.948338091373,
        "dvar": 1.10234630108,
        "dvar2": 2.79971456528,
        "max": 9.80042171478,
        "mean": 0.869289338589,
        "median": 0.357395976782,
        "min": 0.000270474614808,
        "var": 1.44359028339
    },
    "zerocrossingrate": {
        "dmean": 0.00620344281197,
        "dmean2": 0.00770870689303,
        "dvar": 4.49591898359e-05,
        "dvar2": 5.7679884776e-05,
        "max": 0.1767578125,
        "mean": 0.0535619184375,
        "median": 0.052734375,
        "min": 0.013671875,
        "var": 0.000409340049373
    },
    "barkbands": {
        "dmean": [0.000257546693319, 0.00565301021561, 0.00162479747087, 0.00148951681331, 0.00157565798145, 0.00118508399464, 0.000679882534314, 0.000810628989711, 0.000630022026598, 0.000387004634831, 0.00032708037179, 0.000267134455498, 0.000263208668912, 0.000259213382378, 0.000436900620116, 0.000388002110412, 0.000555570703, 0.00032723453478, 0.000136472983286, 9.58808668656e-05, 7.61137271184e-05, 0.000122507903143, 0.000107873245724, 6.33939926047e-05, 1.44902533066e-05, 1.42561109584e-08, 3.11947490061e-09],
        "dmean2": [0.000455962814158, 0.00949939992279, 0.00278931972571, 0.00251582660712, 0.00262499577366, 0.0019177676877, 0.00107039383147, 0.00126679136883, 0.000942717771977, 0.000574038363993, 0.000496291089803, 0.000416831317125, 0.00040796175017, 0.000389251625165, 0.00067941629095, 0.000598037848249, 0.00091120012803, 0.000521448499057, 0.000220638379687, 0.000165854842635, 0.000127389110276, 0.000196376917302, 0.000166768033523, 8.68757124408e-05, 2.06245422305e-05, 2.18357296689e-08, 5.97019145232e-09],
        "dvar": [5.3671982414e-07, 0.000183714291779, 8.70876283443e-06, 8.3293653006e-06, 5.52747997062e-06, 2.98878967442e-06, 1.18132811622e-06, 3.52093684342e-06, 2.79684218185e-06, 4.78786830627e-07, 6.40257667328e-07, 4.91540447456e-07, 4.31817454682e-07, 5.7908277995e-07, 8.55847929415e-07, 4.6699409495e-07, 7.80181267146e-07, 2.85848500425e-07, 8.40008240743e-08, 7.70015304852e-08, 4.30082884861e-08, 7.85630049904e-08, 5.12001534503e-08, 2.28852155004e-08, 1.17438103686e-09, 1.28681160644e-15, 5.5889372618e-16],
        "dvar2": [1.62313915553e-06, 0.00047964323312, 2.33526643569e-05, 2.29530141951e-05, 1.48246472236e-05, 8.41225391923e-06, 3.13078271574e-06, 8.39290169097e-06, 5.95629353484e-06, 8.9719941343e-07, 1.51923620706e-06, 1.31267154302e-06, 1.06745926587e-06, 1.25496603687e-06, 2.00119643523e-06, 1.03915090222e-06, 1.87901912341e-06, 7.06079788415e-07, 2.00687082952e-07, 2.24154931061e-07, 1.17178501569e-07, 1.97010876946e-07, 1.15562485803e-07, 4.0940449253e-08, 2.13895035017e-09, 3.02693025877e-15, 1.75345635076e-15],
        "max": [0.00691300164908, 0.127846002579, 0.0453069359064, 0.035965308547, 0.0232649836689, 0.0218969471753, 0.0158332884312, 0.0454650893807, 0.0305140446872, 0.0157091002911, 0.0161030013114, 0.0123586440459, 0.0112561425194, 0.0136849088594, 0.0120279677212, 0.0115221412852, 0.0162914972752, 0.00731323799118, 0.00616610143334, 0.00628462154418, 0.00285910815001, 0.00326615828089, 0.00409703003243, 0.00282324943691, 0.00084897945635, 6.15250712599e-07, 5.65865207136e-07],
        "mean": [0.000232418009546, 0.0108727924526, 0.00276561104693, 0.00190899334848, 0.0039549455978, 0.0026911040768, 0.00166042579804, 0.00160192127805, 0.00211326335557, 0.000929548230488, 0.00065904163057, 0.00060841999948, 0.000509861856699, 0.000494451029226, 0.000859908293933, 0.000889378192369, 0.00148145575076, 0.000996329938062, 0.000285638641799, 0.000175500419573, 0.000139293508255, 0.000239310524194, 0.000213376202737, 0.0001124407936, 2.12846462091e-05, 1.88574276194e-08, 2.02182004472e-09],
        "median": [3.45025109709e-05, 0.0085651660338, 0.00160920189228, 0.00105587928556, 0.00283722672611, 0.00177214783616, 0.000987594947219, 0.000883423548657, 0.000253508856986, 0.00055290752789, 0.000222685790504, 0.000216722983168, 0.000168946935446, 0.000169429753441, 0.000264173228061, 0.000453563348856, 0.000909840455279, 0.000600333791226, 0.000130438915221, 7.19868694432e-05, 5.87530630582e-05, 0.000124218626297, 9.79276665021e-05, 3.35366748914e-05, 5.68151244806e-06, 4.99729901904e-09, 4.28058088975e-10],
        "min": [7.29940641264e-09, 4.04431830248e-08, 4.6897373096e-08, 8.54355022284e-08, 7.90308476439e-08, 3.06599767796e-09, 4.77060035919e-09, 1.54521693219e-08, 1.90715550019e-08, 6.64491528468e-09, 2.76551670453e-09, 9.00650576341e-09, 1.22062902008e-08, 7.2954242647e-10, 1.11430276117e-09, 9.24679000036e-09, 1.55693342663e-08, 9.25921117556e-09, 3.64592755986e-09, 1.01898196547e-08, 9.351565744e-09, 5.82751136236e-09, 4.06687172827e-09, 3.2920829951e-10, 4.59507562209e-12, 4.56606020355e-12, 6.01801160988e-12],
        "var": [4.3697676233e-07, 0.000171167353983, 1.34187957883e-05, 8.31069610285e-06, 1.28036017486e-05, 8.07940068626e-06, 3.50511186298e-06, 5.84114604862e-06, 2.50255598075e-05, 1.9492699721e-06, 1.84557995908e-06, 1.53282769588e-06, 1.02968897409e-06, 1.14640010906e-06, 2.30526461564e-06, 1.43506997574e-06, 2.76330774795e-06, 1.20548793348e-06, 2.07601772217e-07, 1.42697174965e-07, 5.32380006746e-08, 1.30156877276e-07, 1.04071602891e-07, 5.65339668412e-08, 3.2168550046e-09, 2.24466949748e-15, 2.86236917423e-16]
    },
    "erbbands": {
        "dmean": [0.151067659259, 1.3020825386, 2.02740120888, 3.23617744446, 5.95192909241, 5.48561143875, 5.75817155838, 10.3469982147, 11.2251930237, 13.7368869781, 18.6459903717, 15.10430336, 13.9742441177, 8.69230175018, 12.5825920105, 10.8601284027, 11.0694742203, 13.0701265335, 15.878200531, 23.3039989471, 23.3545761108, 20.8902778625, 17.3261241913, 9.93998527527, 4.36310577393, 4.59573078156, 2.97948527336, 3.43392682076, 4.31962680817, 4.39051294327, 2.55781030655, 1.44987440109, 1.06258749962, 0.328240007162, 0.0143668046221, 0.0006876962143, 5.20069916092e-05, 9.59077169682e-06, 6.19266620561e-06, 1.09093816718e-05],
        "dmean2": [0.252473592758, 2.18840289116, 3.46493649483, 5.4493355751, 9.91117858887, 9.07935714722, 8.97511672974, 17.1502418518, 18.2926044464, 21.1190948486, 28.8420619965, 22.0402393341, 21.2208652496, 13.0669670105, 18.8589935303, 16.586933136, 17.0514945984, 18.7676696777, 23.391450882, 36.5937271118, 36.6083030701, 33.3943519592, 27.25522995, 15.6582984924, 7.30590486526, 7.96266412735, 4.95686578751, 5.83002185822, 7.05889749527, 7.24244117737, 3.82782888412, 2.10133337975, 1.42391121387, 0.451386660337, 0.0207628142089, 0.000977321527898, 7.19401796232e-05, 1.34191932375e-05, 9.47213902691e-06, 1.75432360265e-05],
        "dvar": [0.177527934313, 8.56575107574, 12.8958120346, 33.5418434143, 111.42124176, 74.1201400757, 101.741859436, 237.144699097, 276.536437988, 894.832763672, 1293.48303223, 1672.37658691, 775.553710938, 294.010131836, 1626.09692383, 431.50604248, 767.734741211, 1205.10314941, 1642.15234375, 2803.27392578, 1591.15161133, 809.069458008, 770.571533203, 351.574554443, 94.9574584961, 158.153808594, 60.1034927368, 97.6116867065, 111.053535461, 82.9536590576, 28.4844150543, 12.7529649734, 6.61493015289, 0.595762848854, 0.00283050513826, 5.74124851482e-06, 1.72733791715e-08, 5.35878674768e-10, 1.12714539091e-10, 3.17983334108e-10],
        "dvar2": [0.462448000908, 22.3241558075, 32.486831665, 93.6943969727, 305.531188965, 201.480804443, 226.250701904, 682.620483398, 780.494445801, 2088.18041992, 2960.04736328, 3339.97558594, 1780.33935547, 545.253845215, 3953.21191406, 983.188110352, 1952.4901123, 2505.92407227, 3614.73583984, 6833.09619141, 3314.71020508, 2023.01025391, 1936.48754883, 819.616394043, 246.028564453, 451.937927246, 160.05821228, 267.462860107, 287.277191162, 201.383087158, 56.7419433594, 24.504907608, 12.4404554367, 1.02751910686, 0.00468716258183, 9.34951094678e-06, 2.91197004287e-08, 1.13694653692e-09, 2.58955801247e-10, 7.92532206528e-10],
        "max": [4.10155916214, 26.8991031647, 49.7065963745, 61.4768829346, 126.160514832, 101.653541565, 184.946578979, 161.504806519, 238.344299316, 728.07635498, 560.471435547, 822.895507812, 605.87890625, 488.302520752, 1074.31066895, 388.370300293, 491.629486084, 755.488708496, 740.330322266, 769.667724609, 805.69732666, 508.420593262, 400.607391357, 375.194763184, 202.173751831, 221.397293091, 89.6186981201, 136.42024231, 114.383621216, 112.3621521, 114.555511475, 66.0914840698, 59.6823425293, 19.370218277, 1.33956515789, 0.0623296201229, 0.00322936475277, 0.000445187935838, 0.000140862044645, 0.000190699880477],
        "mean": [0.263238757849, 2.58011341095, 3.81653571129, 4.9984331131, 10.6453399658, 13.0267248154, 13.3251199722, 22.4681282043, 26.2810497284, 30.2699394226, 40.8630943298, 53.3862190247, 36.71043396, 21.849653244, 28.8206005096, 24.9060821533, 23.7013568878, 28.4325447083, 36.2908782959, 50.2048110962, 63.6690292358, 67.6862792969, 59.8106613159, 26.7455406189, 9.75863456726, 8.75300788879, 5.59974765778, 6.26251745224, 8.36707782745, 8.5564365387, 5.36620759964, 2.63781070709, 1.78390145302, 0.516501963139, 0.021323915571, 0.00108369952068, 0.000102719255665, 2.09974950849e-05, 2.35276402236e-05, 4.41739939561e-05],
        "median": [0.16864669323, 2.10770010948, 2.52834868431, 3.2953453064, 6.04147529602, 8.36870384216, 9.03927898407, 13.7996683121, 16.4264507294, 16.1928310394, 20.0760612488, 8.67947387695, 19.5285453796, 10.2833766937, 9.55920886993, 11.3696308136, 8.61277389526, 10.9439783096, 13.1903095245, 15.6539430618, 37.816734314, 47.886428833, 41.3308372498, 13.15417099, 5.07712650299, 3.44283175468, 2.57715082169, 2.67959809303, 4.31403017044, 3.87841820717, 2.45175719261, 0.875146090984, 0.516993999481, 0.141972854733, 0.0040484261699, 0.000256865110714, 4.25499929406e-05, 1.1318241377e-05, 1.98848920263e-05, 3.98694428441e-05],
        "min": [1.35369612053e-06, 8.78005721461e-06, 3.98164229409e-05, 0.000198895591893, 0.000341403414495, 0.000220705609536, 3.40358164976e-05, 3.04609184241e-05, 4.64187214675e-05, 0.00015217262262, 0.000421499076765, 0.000441569631221, 0.000262738700258, 0.00015180768969, 0.000137374765472, 0.000407554412959, 0.000547262956388, 0.000192693376448, 6.28497873549e-05, 0.000267815106781, 0.000506677723024, 0.000765252567362, 0.000568865216337, 0.000198421505047, 0.000291135162115, 0.000527959258761, 0.00042335598846, 0.000247392657911, 0.000168451239006, 0.000199804067961, 0.000109248685476, 2.93885277642e-05, 4.83740768686e-06, 2.53861827559e-07, 3.83138782922e-08, 1.62854210117e-08, 9.7757411055e-09, 3.09065728565e-09, 1.04879671614e-09, 6.07802974617e-10],
        "var": [0.167956143618, 8.14272403717, 21.0900287628, 38.7018928528, 167.527816772, 204.196792603, 259.540618896, 648.82421875, 933.819641113, 2172.87207031, 2952.64453125, 16622.1914062, 3775.37255859, 1318.62902832, 3952.05004883, 1701.63208008, 1914.73059082, 3043.68139648, 4671.59082031, 7401.41455078, 5914.81445312, 4411.91748047, 3777.71801758, 1307.84057617, 256.734344482, 347.090240479, 78.4260406494, 116.288475037, 165.609298706, 150.049362183, 69.0418701172, 28.9691467285, 15.4184570312, 1.66968894005, 0.00730817532167, 1.52224665726e-05, 4.82240558597e-08, 1.21094345662e-09, 2.18798701379e-10, 5.16048592747e-10]
    },
    "gfcc": {
        "mean": [2.27163934708, 139.448654175, -148.811141968, 64.3301315308, -66.2613449097, 18.7455348969, -36.8828048706, 0.959102213383, 9.83723735809, -24.6794548035, 7.00815534592, -11.3164157867, 4.48980140686],
        "cov": [[2379.31713867, -562.288452148, -115.6771698, 193.954147339, -250.099273682, 137.72203064, -36.1086349487, 168.686203003, 15.6580171585, -7.00146102905, -103.983627319, -24.453130722, -76.3460922241], [-562.288452148, 651.006774902, 30.9706001282, -220.515457153, 238.265167236, -132.991699219, 43.6851005554, -91.7566146851, 86.4689559937, -61.7862892151, 72.8424987793, 45.4017524719, 53.4142189026], [-115.6771698, 30.9706001282, 397.6824646, 85.5551452637, -30.6212882996, 89.5485534668, -26.811712265, -15.3610982895, -64.1128921509, 63.2148323059, 43.5854873657, 33.0275917053, 51.804813385], [193.954147339, -220.515457153, 85.5551452637, 289.034484863, 7.90771627426, 13.1980895996, -46.0823440552, 13.5670394897, 6.02554941177, 22.3467941284, -37.518497467, 5.57992076874, 25.1110115051], [-250.099273682, 238.265167236, -30.6212882996, 7.90771627426, 288.285980225, -52.0965118408, -37.7861709595, -6.60681772232, 90.6293106079, -10.6499662399, 7.71234703064, 12.4599151611, 47.2209472656], [137.72203064, -132.991699219, 89.5485534668, 13.1980895996, -52.0965118408, 208.660583496, 93.4688568115, 36.5121650696, -27.7194404602, 63.1141281128, 29.2080574036, -21.6275730133, -34.5710868835], [-36.1086349487, 43.6851005554, -26.811712265, -46.0823440552, -37.7861709595, 93.4688568115, 212.994796753, 26.3996334076, 8.49832725525, 13.6588602066, 42.8772201538, -19.2636756897, -48.1182365417], [168.686203003, -91.7566146851, -15.3610982895, 13.5670394897, -6.60681772232, 36.5121650696, 26.3996334076, 118.950897217, 15.1273269653, 5.53847503662, -10.3584442139, -14.0168380737, -11.2736930847], [15.6580171585, 86.4689559937, -64.1128921509, 6.02554941177, 90.6293106079, -27.7194404602, 8.49832725525, 15.1273269653, 128.198318481, -8.83129501343, -19.4016513824, 11.4021787643, -5.07234716415], [-7.00146102905, -61.7862892151, 63.2148323059, 22.3467941284, -10.6499662399, 63.1141281128, 13.6588602066, 5.53847503662, -8.83129501343, 107.061058044, 35.8545532227, -29.0801200867, 5.5413351059], [-103.983627319, 72.8424987793, 43.5854873657, -37.518497467, 7.71234703064, 29.2080574036, 42.8772201538, -10.3584442139, -19.4016513824, 35.8545532227, 76.4730300903, 12.2605285645, -0.0350216403604], [-24.453130722, 45.4017524719, 33.0275917053, 5.57992076874, 12.4599151611, -21.6275730133, -19.2636756897, -14.0168380737, 11.4021787643, -29.0801200867, 12.2605285645, 75.1194534302, 24.8077125549], [-76.3460922241, 53.4142189026, 51.804813385, 25.1110115051, 47.2209472656, -34.5710868835, -48.1182365417, -11.2736930847, -5.07234716415, 5.5413351059, -0.0350216403604, 24.8077125549, 82.7552108765]],
        "icov": [[0.000658579985611, -0.000509196252096, 0.000664759194478, -0.000799938687123, 0.00101976608858, -0.000999727053568, 0.000830217264593, -0.000929331581574, -0.000179688489879, -2.65207927441e-05, 0.000298676604871, -0.000217947002966, 0.00017565341841], [-0.000509196252096, 0.0191231444478, -0.0105382259935, 0.0139118302613, -0.0118834571913, 0.0121088847518, -0.00977683905512, 0.0102177895606, -0.0101736309007, 0.0121868466958, -0.0120730306953, 0.00710010994226, -0.00646381964907], [0.000664759194478, -0.0105382259935, 0.0102387182415, -0.00890572648495, 0.00728543661535, -0.0091106723994, 0.00664134230465, -0.00556754274294, 0.00645964685827, -0.00741617148742, 0.00501159531996, -0.00555617222562, 0.00140829966404], [-0.000799938687123, 0.0139118302613, -0.00890572648495, 0.0148880686611, -0.00956325512379, 0.00936260260642, -0.0075151999481, 0.00743430573493, -0.00681623024866, 0.0065069142729, -0.00473102880642, 0.00373567454517, -0.00462414417416], [0.00101976608858, -0.0118834571913, 0.00728543661535, -0.00956325512379, 0.0143449362367, -0.00900218915194, 0.00835901778191, -0.00666432501748, 0.000270550284768, -0.00408435054123, 0.00239221099764, -0.000903997628484, -0.00047935656039], [-0.000999727053568, 0.0121088847518, -0.0091106723994, 0.00936260260642, -0.00900218915194, 0.0180853679776, -0.0107539854944, 0.00511862710118, -0.00342049379833, 0.00175983959343, -0.00446582166478, 0.00242561940104, 0.000204142299481], [0.000830217264593, -0.00977683905512, 0.00664134230465, -0.0075151999481, 0.00835901778191, -0.0107539854944, 0.0141204148531, -0.00626984192058, 0.00158370099962, -0.00196395930834, -0.00117539125495, -0.000206095093745, 0.00358312088065], [-0.000929331581574, 0.0102177895606, -0.00556754274294, 0.00743430573493, -0.00666432501748, 0.00511862710118, -0.00626984192058, 0.0157419312745, -0.00653462670743, 0.0068312077783, -0.00551635213196, 0.00525614852086, -0.00421896530315], [-0.000179688489879, -0.0101736309007, 0.00645964685827, -0.00681623024866, 0.000270550284768, -0.00342049379833, 0.00158370099962, -0.00653462670743, 0.0207297690213, -0.0130394129083, 0.0151562038809, -0.0115571580827, 0.00848733447492], [-2.65207927441e-05, 0.0121868466958, -0.00741617148742, 0.0065069142729, -0.00408435054123, 0.00175983959343, -0.00196395930834, 0.0068312077783, -0.0130394129083, 0.0298115238547, -0.0226464942098, 0.0180715937167, -0.010590323247], [0.000298676604871, -0.0120730306953, 0.00501159531996, -0.00473102880642, 0.00239221099764, -0.00446582166478, -0.00117539125495, -0.00551635213196, 0.0151562038809, -0.0226464942098, 0.0385317727923, -0.0179823692888, 0.00955314468592], [-0.000217947002966, 0.00710010994226, -0.00555617222562, 0.00373567454517, -0.000903997628484, 0.00242561940104, -0.000206095093745, 0.00525614852086, -0.0115571580827, 0.0180715937167, -0.0179823692888, 0.0280979163945, -0.0106629012153], [0.00017565341841, -0.00646381964907, 0.00140829966404, -0.00462414417416, -0.00047935656039, 0.000204142299481, 0.00358312088065, -0.00421896530315, 0.00848733447492, -0.010590323247, 0.00955314468592, -0.0106629012153, 0.0232367943972]]
    },
    "melbands": {
        "dmean": [0.00147961790208, 0.00128276378382, 0.000635172182228, 0.000375791540137, 0.000207471937756, 0.000237235915847, 0.000165672638104, 0.000147846410982, 0.000155947811436, 8.91942763701e-05, 6.96352071827e-05, 3.45749576809e-05, 4.87974175485e-05, 2.97328297165e-05, 2.6646634069e-05, 2.42449805228e-05, 2.60723627434e-05, 2.49414424616e-05, 2.80810600088e-05, 2.99152561638e-05, 3.38171812473e-05, 2.62928733719e-05, 2.39514974965e-05, 1.68904480233e-05, 8.2751539594e-06, 3.66733684132e-06, 3.12547194881e-06, 3.40071824212e-06, 1.99719806915e-06, 1.87308603472e-06, 2.33125183513e-06, 2.57577971752e-06, 2.60380352302e-06, 2.66394181381e-06, 1.62553760674e-06, 1.14158331144e-06, 8.42044300953e-07, 8.10164522136e-07, 5.87198826452e-07, 1.76496243398e-07],
        "dmean2": [0.00246948213317, 0.00216644071043, 0.00106758589391, 0.000632537878118, 0.00032739341259, 0.00039143950562, 0.000267299707048, 0.000229820478125, 0.000238415566855, 0.000130049840664, 0.000105550592707, 5.17357693752e-05, 7.35997455195e-05, 4.65883204015e-05, 4.06121325796e-05, 3.71643654944e-05, 3.72773138224e-05, 3.7144349335e-05, 4.38615061285e-05, 4.81799434056e-05, 5.37952037121e-05, 4.29998763138e-05, 3.85194180126e-05, 2.6751875339e-05, 1.32733903229e-05, 5.85405405218e-06, 5.35980416316e-06, 5.87470867686e-06, 3.40893893735e-06, 3.06471633849e-06, 3.96880068365e-06, 4.2949041017e-06, 4.13470752392e-06, 4.45387922809e-06, 2.48614969678e-06, 1.6579201656e-06, 1.27275382056e-06, 1.13134672119e-06, 8.2510359789e-07, 2.45226686957e-07],
        "dvar": [1.45005742525e-05, 5.76942011321e-06, 1.26562952119e-06, 3.50986425701e-07, 1.06078474005e-07, 1.20713082197e-07, 5.89070907608e-08, 1.23347106751e-07, 8.81678019482e-08, 5.90809321466e-08, 2.00240730663e-08, 4.86777018693e-09, 1.75146102066e-08, 6.97090474233e-09, 4.44594094873e-09, 3.22754756255e-09, 4.82430273507e-09, 4.88346918459e-09, 4.32364810621e-09, 3.20192583558e-09, 3.29484128869e-09, 1.49872636523e-09, 1.60763813373e-09, 8.69793570502e-10, 2.6879046211e-10, 6.40477185176e-11, 1.62337865373e-10, 8.94027421539e-11, 3.13172231203e-11, 1.82859595521e-11, 4.85353771063e-11, 3.76888242837e-11, 3.42393821628e-11, 3.09094902451e-11, 1.07066629867e-11, 7.24240979688e-12, 4.57514061358e-12, 4.23985412751e-12, 1.62464150206e-12, 2.91830470379e-13],
        "dvar2": [3.76075513486e-05, 1.48248027472e-05, 3.47731861439e-06, 9.46390457557e-07, 2.44048635523e-07, 3.48320725152e-07, 1.66865575579e-07, 2.8950239539e-07, 1.9711536936e-07, 1.19320887393e-07, 4.57841906609e-08, 8.42050962291e-09, 4.29998721074e-08, 1.75194241336e-08, 1.08618234407e-08, 7.53476037119e-09, 1.0017486396e-08, 1.08316093872e-08, 9.49684331175e-09, 8.48313685964e-09, 7.1765713372e-09, 3.76282338621e-09, 3.8597689489e-09, 2.20490758984e-09, 6.29366558869e-10, 1.42961767424e-10, 5.06189867799e-10, 2.52587284422e-10, 8.43723355071e-11, 4.77048817116e-11, 1.3443321456e-10, 9.87860349078e-11, 8.59042073587e-11, 7.83353590328e-11, 2.16163493355e-11, 1.44075628164e-11, 9.08135285721e-12, 8.46496223811e-12, 3.04067469988e-12, 5.10186673724e-13],
        "max": [0.0371315926313, 0.0200425051153, 0.013811621815, 0.00541388429701, 0.00504525052384, 0.00390207883902, 0.00337208551355, 0.00932905357331, 0.00435932911932, 0.00450003100559, 0.00300643127412, 0.002238960471, 0.00290118250996, 0.00195609265938, 0.00128511094954, 0.00086832314264, 0.00135765585583, 0.00114798732102, 0.00114284944721, 0.000748663325794, 0.000991860986687, 0.000536686682608, 0.000698718882632, 0.000540000735782, 0.00032002228545, 0.000165999532328, 0.00035324448254, 0.000123307210742, 6.88138825353e-05, 6.03450171184e-05, 9.22823965084e-05, 6.65854313411e-05, 8.10776618891e-05, 7.03766272636e-05, 6.49871290079e-05, 5.41630543012e-05, 4.20731848862e-05, 4.65151533717e-05, 2.469091487e-05, 1.48923954839e-05],
        "mean": [0.0028064372018, 0.00259703514166, 0.00105268193875, 0.000848422583658, 0.000509360223077, 0.000533704995178, 0.000396560237277, 0.000321978528518, 0.000362982915249, 0.000305154622765, 0.000172843094333, 8.26451723697e-05, 0.000102540849184, 7.00439850334e-05, 5.53036152269e-05, 5.02027214679e-05, 5.26382536918e-05, 5.38832391612e-05, 5.61903470953e-05, 6.95564885973e-05, 8.14609011286e-05, 7.34021668904e-05, 6.68061111355e-05, 4.80376365886e-05, 1.85572444025e-05, 7.41619032851e-06, 5.85567750022e-06, 5.8477839957e-06, 3.37101732839e-06, 3.36012703883e-06, 3.78523873223e-06, 4.70058375868e-06, 4.79132631881e-06, 4.77483308714e-06, 3.31215846927e-06, 2.12296936297e-06, 1.39095618579e-06, 1.30677778998e-06, 9.62218791756e-07, 2.45298366508e-07],
        "median": [0.0020504151471, 0.00205586664379, 0.000670780078508, 0.000593441422097, 0.000342031707987, 0.000328828726197, 0.0002584248723, 0.000186901103007, 0.000142859484185, 4.35620895587e-05, 9.11880997592e-05, 3.61327001883e-05, 3.09189017571e-05, 2.6161695132e-05, 2.23654205911e-05, 1.59636729222e-05, 1.83398587978e-05, 1.83911288332e-05, 1.7124142687e-05, 2.51498768193e-05, 4.01011093345e-05, 4.70664890599e-05, 4.1540570237e-05, 2.59033731709e-05, 8.13098358776e-06, 3.43055558005e-06, 2.13829025597e-06, 2.07264952223e-06, 1.6447637563e-06, 1.17658521503e-06, 1.57496594966e-06, 2.27246118811e-06, 2.59288526649e-06, 1.96223254534e-06, 1.48613310103e-06, 7.88528382145e-07, 3.95702414835e-07, 3.48015021245e-07, 2.88176039476e-07, 4.7896328681e-08],
        "min": [1.20245591262e-08, 1.7871730762e-08, 3.88565091214e-08, 2.21265210598e-08, 2.10900297226e-09, 6.62672305918e-10, 8.16826994932e-10, 1.99003458157e-09, 3.59485485824e-09, 2.69644062634e-09, 1.30644117746e-09, 6.57278842464e-10, 3.91589899396e-10, 8.99326058068e-10, 9.53515821855e-10, 1.35060462814e-09, 2.02616826095e-10, 7.78971956383e-11, 9.71185770693e-11, 7.50631834467e-10, 5.44405076575e-10, 7.56470663887e-10, 9.48308764848e-10, 2.87117052356e-10, 1.38858938237e-10, 1.18949794459e-10, 3.33358923799e-10, 3.45732276141e-10, 2.01792721422e-10, 3.49935608268e-10, 7.15995110423e-11, 6.9427207039e-11, 1.65478158953e-10, 8.4643431153e-11, 5.13570505567e-11, 5.96040369838e-11, 5.23967371227e-12, 4.0959106766e-12, 4.54717670852e-13, 5.39046651554e-14],
        "var": [1.37916822496e-05, 6.95364406056e-06, 1.52324662395e-06, 6.78879985117e-07, 3.10013234639e-07, 3.53264709929e-07, 1.92996026271e-07, 2.5087689437e-07, 2.81164062699e-07, 5.28531700184e-07, 9.4037673648e-08, 2.36739143844e-08, 4.61784068762e-08, 2.20605773649e-08, 1.26422809998e-08, 1.08924558262e-08, 1.13273292968e-08, 1.19883987182e-08, 1.0817172047e-08, 9.67775548588e-09, 1.1156763513e-08, 6.04995742393e-09, 6.21271878387e-09, 3.65871200003e-09, 8.04879551897e-10, 1.58622878721e-10, 2.40306857746e-10, 1.55512380751e-10, 3.30926432091e-11, 2.98995446457e-11, 5.06568606506e-11, 5.59686359758e-11, 5.22788930202e-11, 5.07658463877e-11, 2.54180322623e-11, 1.68153529295e-11, 9.40582334241e-12, 8.9606768186e-12, 3.96936129798e-12, 7.52142055235e-13]
    },
    "mfcc": {
        "mean": [-613.165161133, 128.897857666, -1.32731223106, 29.1611690521, 12.7374095917, 6.32035017014, -16.7562084198, 18.3072605133, 0.257558047771, -0.5916056633, 1.86402332783, 6.50903701782, -0.206805601716],
        "cov": [[2592.38964844, -754.106567383, -16.2334308624, 7.00110006332, -131.519012451, -48.6257171631, -86.673538208, 144.378799438, 51.0771446228, 84.0230636597, 123.121780396, -76.2135314941, -84.6321182251], [-754.106567383, 891.814331055, -169.793548584, -66.192199707, 90.1145935059, -22.4145317078, -32.1556510925, 5.65294456482, -8.20723152161, -86.170539856, -45.0690422058, 72.5394363403, 53.2937850952], [-16.2334308624, -169.793548584, 448.711639404, -7.95911026001, -46.4243965149, 67.6879043579, 112.581840515, -52.4188995361, -20.1356010437, -28.3316287994, -29.6853313446, 37.8080329895, 46.3985176086], [7.00110006332, -66.192199707, -7.95911026001, 240.139648438, 110.375724792, -5.74916219711, -69.9501724243, -12.5231771469, 36.0730056763, -24.6022453308, -48.3975334167, -12.8717927933, 31.6824607849], [-131.519012451, 90.1145935059, -46.4243965149, 110.375724792, 282.969543457, -11.0671463013, -81.1739730835, -37.4727325439, 61.0160064697, -41.1639785767, -48.1901435852, 11.5434827805, 42.5403938293], [-48.6257171631, -22.4145317078, 67.6879043579, -5.74916219711, -11.0671463013, 153.235076904, 52.3852577209, -1.44570696354, -8.34382534027, 43.9723052979, 12.5398206711, 21.3693122864, 12.5196857452], [-86.673538208, -32.1556510925, 112.581840515, -69.9501724243, -81.1739730835, 52.3852577209, 208.535949707, -7.70642995834, -30.5399551392, 56.3383102417, 25.2751159668, 34.8014717102, -7.68083190918], [144.378799438, 5.65294456482, -52.4188995361, -12.5231771469, -37.4727325439, -1.44570696354, -7.70642995834, 157.114868164, 19.0678730011, 5.29737329483, 51.4146270752, -2.62679004669, -12.8574533463], [51.0771446228, -8.20723152161, -20.1356010437, 36.0730056763, 61.0160064697, -8.34382534027, -30.5399551392, 19.0678730011, 89.0674438477, 16.2162570953, 0.557440340519, -4.65841627121, -7.77726554871], [84.0230636597, -86.170539856, -28.3316287994, -24.6022453308, -41.1639785767, 43.9723052979, 56.3383102417, 5.29737329483, 16.2162570953, 155.439331055, 59.8058128357, -14.070268631, -41.6442718506], [123.121780396, -45.0690422058, -29.6853313446, -48.3975334167, -48.1901435852, 12.5398206711, 25.2751159668, 51.4146270752, 0.557440340519, 59.8058128357, 146.495681763, -6.48722076416, -47.0926818848], [-76.2135314941, 72.5394363403, 37.8080329895, -12.8717927933, 11.5434827805, 21.3693122864, 34.8014717102, -2.62679004669, -4.65841627121, -14.070268631, -6.48722076416, 83.8494110107, 25.4959278107], [-84.6321182251, 53.2937850952, 46.3985176086, 31.6824607849, 42.5403938293, 12.5196857452, -7.68083190918, -12.8574533463, -7.77726554871, -41.6442718506, -47.0926818848, 25.4959278107, 97.8079452515]],
