{
"lowlevel": {
    "average_loudness": 0.95933252573,
    "barkbands_crest": {
        "dmean": 2.61757040024,
        "dmean2": 4.35793638229,
        "dvar": 5.72526407242,
        "dvar2": 15.6198835373,
        "max": 25.550573349,
        "mean": 12.2723236084,
        "median": 11.6908664703,
        "min": 4.6795296669,
        "var": 16.1794719696
    },
    "barkbands_flatness_db": {
        "dmean": 0.0275563169271,
        "dmean2": 0.043808914721,
        "dvar": 0.000803657283541,
        "dvar2": 0.00189118878916,
        "max": 0.523280382156,
        "mean": 0.288540422916,
        "median": 0.283092916012,
        "min": 0.106308452785,
        "var": 0.00447461288422
    },
    "barkbands_kurtosis": {
        "dmean": 7.2809252739,
        "dmean2": 12.098238945,
        "dvar": 216.436157227,
        "dvar2": 585.725952148,
        "max": 269.93862915,
        "mean": 14.458864212,
        "median": 9.30074977875,
        "min": -1.83355152607,
        "var": 334.850189209
    },
    "barkbands_skewness": {
        "dmean": 0.681039333344,
        "dmean2": 1.11086308956,
        "dvar": 0.699559390545,
        "dvar2": 1.77984881401,
        "max": 13.3679389954,
        "mean": 2.93488693237,
        "median": 2.71368551254,
        "min": -0.829909205437,
        "var": 2.12338805199
    },
    "barkbands_spread": {
        "dmean": 3.84233403206,
        "dmean2": 6.09889030457,
        "dvar": 40.8206138611,
        "dvar2": 89.2099838257,
        "max": 83.8956985474,
        "mean": 11.7505111694,
        "median": 8.75612258911,
        "min": 0.314567416906,
        "var": 115.911079407
    },
    "dissonance": {
        "dmean": 0.0207026731223,
        "dmean2": 0.0349133759737,
        "dvar": 0.00033491049544,
        "dvar2": 0.000921105442103,
        "max": 0.499661415815,
        "mean": 0.444847911596,
        "median": 0.449316382408,
        "min": 0.314252525568,
        "var": 0.000888530688826
    },
    "dynamic_complexity": 2.31396412849,
    "erbbands_crest": {
        "dmean": 2.16535878181,
        "dmean2": 3.56761646271,
        "dvar": 4.07103443146,
        "dvar2": 10.0165548325,
        "max": 26.1858329773,
        "mean": 10.1788444519,
        "median": 9.1736869812,
        "min": 3.53082251549,
        "var": 16.1131343842
    },
    "erbbands_flatness_db": {
        "dmean": 0.0146187217906,
        "dmean2": 0.0224261712283,
        "dvar": 0.000283652450889,
        "dvar2": 0.000498283770867,
        "max": 0.332962453365,
        "mean": 0.237918287516,
        "median": 0.242248743773,
        "min": 0.126273944974,
        "var": 0.0016648232704
    },
    "erbbands_kurtosis": {
        "dmean": 0.683542430401,
        "dmean2": 1.14039325714,
        "dvar": 1.11299872398,
        "dvar2": 2.69325399399,
        "max": 11.8066110611,
        "mean": -0.26334849,
        "median": -0.870217680931,
        "min": -1.86478853226,
        "var": 3.22100520134
    },
    "erbbands_skewness": {
        "dmean": 0.349123984575,
        "dmean2": 0.564374506474,
        "dvar": 0.128396481276,
        "dvar2": 0.29363900423,
        "max": 3.1705930233,
        "mean": 0.423752844334,
        "median": 0.516686975956,
        "min": -2.63572192192,
        "var": 0.708784461021
    },
    "erbbands_spread": {
        "dmean": 7.04413127899,
        "dmean2": 11.0862045288,
        "dvar": 82.2273788452,
        "dvar2": 174.422485352,
        "max": 150.738327026,
        "mean": 45.9391746521,
        "median": 44.9524497986,
        "min": 10.8398180008,
        "var": 251.214538574
    },
    "hfc": {
        "dmean": 5.0646777153,
        "dmean2": 8.37047958374,
        "dvar": 108.173561096,
        "dvar2": 276.350189209,
        "max": 147.669631958,
        "mean": 14.2467241287,
        "median": 10.2550039291,
        "min": 0.955926060677,
        "var": 190.810470581
    },
    "melbands_crest": {
        "dmean": 3.37923669815,
        "dmean2": 5.73710727692,
        "dvar": 7.77693271637,
        "dvar2": 22.0322036743,
        "max": 31.8345394135,
        "mean": 17.168214798,
        "median": 16.9423446655,
        "min": 5.05940341949,
        "var": 24.1394386292
    },
    "melbands_flatness_db": {
        "dmean": 0.0327651873231,
        "dmean2": 0.0492739602923,
        "dvar": 0.00132064439822,
        "dvar2": 0.00263386312872,
        "max": 0.661963164806,
        "mean": 0.367350041866,
        "median": 0.356850266457,
        "min": 0.0857814401388,
        "var": 0.00875272229314
    },
    "melbands_kurtosis": {
        "dmean": 13.1566953659,
        "dmean2": 21.9458827972,
        "dvar": 395.538818359,
        "dvar2": 1040.58081055,
        "max": 326.740631104,
        "mean": 33.6301498413,
        "median": 25.8656597137,
        "min": -1.60105574131,
        "var": 915.452880859
    },
    "melbands_skewness": {
        "dmean": 0.830806493759,
        "dmean2": 1.3684797287,
        "dvar": 0.795792341232,
        "dvar2": 2.08599090576,
        "max": 12.3875684738,
        "mean": 4.28589773178,
        "median": 4.10825681686,
        "min": 0.413686722517,
        "var": 2.94956064224
    },
    "melbands_spread": {
        "dmean": 3.37386345863,
        "dmean2": 5.34372282028,
        "dvar": 37.6237411499,
        "dvar2": 76.7970046997,
        "max": 148.408920288,
        "mean": 9.91909885406,
        "median": 6.82742023468,
        "min": 0.386227160692,
        "var": 129.248092651
    },
    "pitch_salience": {
        "dmean": 0.0751555785537,
        "dmean2": 0.128368705511,
        "dvar": 0.00485340505838,
        "dvar2": 0.0136923817918,
        "max": 0.840801537037,
        "mean": 0.465537518263,
        "median": 0.45650857687,
        "min": 0.103670530021,
        "var": 0.0132641736418
    },
    "silence_rate_20dB": {
        "dmean": 0.0107941403985,
        "dmean2": 0.0216049384326,
        "dvar": 0.0106775071472,
        "dvar2": 0.0319405794144,
        "max": 1,
        "mean": 0.99460709095,
        "median": 1,
        "min": 0,
        "var": 0.00536383222789
    },
    "silence_rate_30dB": {
        "dmean": 0.0447185821831,
        "dmean2": 0.0895061716437,
        "dvar": 0.0427183806896,
        "dvar2": 0.100013025105,
        "max": 1,
        "mean": 0.893682599068,
        "median": 1,
        "min": 0,
        "var": 0.0950153544545
    },
    "silence_rate_60dB": {
        "dmean": 0.00154202000704,
        "dmean2": 0.00308641977608,
        "dvar": 0.00153964827769,
        "dvar2": 0.00307690398768,
        "max": 1,
        "mean": 0.00154083210509,
        "median": 0,
        "min": 0,
        "var": 0.00153846747708
    },
    "spectral_centroid": {
        "dmean": 178.711471558,
        "dmean2": 282.706115723,
        "dvar": 52966.8476562,
        "dvar2": 105272.015625,
        "max": 3542.68994141,
        "mean": 836.117004395,
        "median": 703.709655762,
        "min": 158.403686523,
        "var": 271840.0625
    },
    "spectral_complexity": {
        "dmean": 2.1110253334,
        "dmean2": 3.47685194016,
        "dvar": 10.4163274765,
        "dvar2": 23.2586860657,
        "max": 50,
        "mean": 12.0562400818,
        "median": 11,
        "min": 3,
        "var": 29.9806251526
    },
    "spectral_decrease": {
        "dmean": 6.212092174e-09,
        "dmean2": 1.07202424715e-08,
        "dvar": 1.98337357106e-16,
        "dvar2": 5.75034838963e-16,
        "max": -5.6012372518e-10,
        "mean": -1.35855877659e-08,
        "median": -9.27543020168e-09,
        "min": -1.62153739325e-07,
        "var": 2.46340395058e-16
    },
    "spectral_energy": {
        "dmean": 0.0237889252603,
        "dmean2": 0.0410769507289,
        "dvar": 0.00287281326018,
        "dvar2": 0.00832942314446,
        "max": 0.617016673088,
        "mean": 0.0525673516095,
        "median": 0.0366579964757,
        "min": 0.00220222794451,
        "var": 0.00357424211688
    },
    "spectral_energyband_high": {
        "dmean": 0.000238270353293,
        "dmean2": 0.00037081699702,
        "dvar": 8.83848827016e-07,
        "dvar2": 2.1011676381e-06,
        "max": 0.0180769767612,
        "mean": 0.000264025147771,
        "median": 2.23554179684e-05,
        "min": 8.46074073024e-08,
        "var": 1.35891662012e-06
    },
    "spectral_energyband_low": {
        "dmean": 0.0212174970657,
        "dmean2": 0.0365395024419,
        "dvar": 0.00269927247427,
        "dvar2": 0.00790114142001,
        "max": 0.598195374012,
        "mean": 0.0361514501274,
        "median": 0.0195617564023,
        "min": 0.000357867102139,
        "var": 0.00315534393303
    },
    "spectral_energyband_middle_high": {
        "dmean": 0.000709011626896,
        "dmean2": 0.0011323193321,
        "dvar": 2.98736176774e-06,
        "dvar2": 6.55444273434e-06,
        "max": 0.0295093655586,
        "mean": 0.00244491943158,
        "median": 0.00128435355145,
        "min": 2.90899897664e-05,
        "var": 1.01006435216e-05
    },
    "spectral_energyband_middle_low": {
        "dmean": 0.00576630886644,
        "dmean2": 0.00992075819522,
        "dvar": 0.000135454640258,
        "dvar2": 0.000395193783334,
        "max": 0.213680520654,
        "mean": 0.0146088134497,
        "median": 0.0113950045779,
        "min": 0.000253445265116,
        "var": 0.000170759100001
    },
    "spectral_entropy": {
        "dmean": 0.196362778544,
        "dmean2": 0.296217262745,
        "dvar": 0.0578883588314,
        "dvar2": 0.107646092772,
        "max": 8.26368999481,
        "mean": 6.57398319244,
        "median": 6.57360076904,
        "min": 5.05078554153,
        "var": 0.287625461817
    },
    "spectral_flux": {
        "dmean": 0.0349094904959,
        "dmean2": 0.0576302111149,
        "dvar": 0.00247307377867,
        "dvar2": 0.00538636697456,
        "max": 0.611923336983,
        "mean": 0.0959440097213,
        "median": 0.0726043283939,
        "min": 0.0136653436348,
        "var": 0.00595137523487
    },
    "spectral_kurtosis": {
        "dmean": 5.97482395172,
        "dmean2": 10.4272766113,
        "dvar": 40.0927696228,
        "dvar2": 117.165710449,
        "max": 73.6612319946,
        "mean": 9.80160522461,
        "median": 7.04956054688,
        "min": -0.77680683136,
        "var": 92.2436447144
    },
    "spectral_rms": {
        "dmean": 0.0013005703222,
        "dmean2": 0.00218444084749,
        "dvar": 3.68970586351e-06,
        "dvar2": 1.01864443423e-05,
        "max": 0.0245350264013,
        "mean": 0.00653393147513,
        "median": 0.00598029280081,
        "min": 0.001465781359,
        "var": 8.59296960698e-06
    },
    "spectral_rolloff": {
        "dmean": 238.889984131,
        "dmean2": 439.419525146,
        "dvar": 415162.28125,
        "dvar2": 1059032,
        "max": 8570.21484375,
        "mean": 555.002624512,
        "median": 279.931640625,
        "min": 64.599609375,
        "var": 692103.6875
    },
    "spectral_skewness": {
        "dmean": 0.543246686459,
        "dmean2": 0.921347558498,
        "dvar": 0.245028555393,
        "dvar2": 0.683900415897,
        "max": 6.19160556793,
        "mean": 1.81863844395,
        "median": 1.66611766815,
        "min": -0.00318139442243,
        "var": 0.781563341618
    },
    "spectral_spread": {
        "dmean": 389059.5625,
        "dmean2": 581615,
        "dvar": 762345488384,
        "dvar2": 992848904192,
        "max": 25270606,
        "mean": 2709285,
        "median": 2500432,
        "min": 832177.375,
        "var": 1.56754352538e+12
    },
    "spectral_strongpeak": {
        "dmean": 0.34922477603,
        "dmean2": 0.617364704609,
        "dvar": 0.69697868824,
        "dvar2": 1.79705095291,
        "max": 12.468667984,
        "mean": 0.638904392719,
        "median": 0.445647358894,
        "min": 0,
        "var": 0.972581088543
    },
    "zerocrossingrate": {
        "dmean": 0.00655885599554,
        "dmean2": 0.00811842922121,
        "dvar": 8.62882152433e-05,
        "dvar2": 0.000103926286101,
        "max": 0.24072265625,
        "mean": 0.0284312851727,
        "median": 0.0234375,
        "min": 0.0029296875,
        "var": 0.000490928534418
    },
    "barkbands": {
        "dmean": [0.000533472164534, 0.0158592965454, 0.0077807912603, 0.00158727529924, 0.00395343173295, 0.00100992631633, 0.000421741511673, 0.000311609095661, 0.000399524375098, 0.000148869308759, 7.19373128959e-05, 1.87809800991e-05, 3.4524637158e-05, 5.74666228204e-05, 4.79760456074e-05, 0.000143297642353, 0.000258367304923, 0.000125145394122, 0.00012004715245, 4.95867716381e-05, 3.21628394886e-05, 7.39526076359e-05, 7.37701557227e-05, 3.93326081394e-05, 9.41616872296e-06, 3.92307430985e-09, 3.78338871343e-09],
        "dmean2": [0.000890867377166, 0.0276276711375, 0.0133599936962, 0.00281829107553, 0.00677119661123, 0.00168947933707, 0.000671660469379, 0.000504249706864, 0.000666520732921, 0.000224651244935, 0.000118220501463, 3.00682295347e-05, 5.17797052453e-05, 9.48568049353e-05, 8.26852119644e-05, 0.000232746548136, 0.000435500784079, 0.000200359951123, 0.000203557196073, 8.28459378681e-05, 5.30065190105e-05, 0.000120492142742, 0.00012122339831, 6.42302111373e-05, 1.51237109094e-05, 6.21353368757e-09, 5.86763926336e-09],
        "dvar": [1.60445517849e-06, 0.00205448735505, 0.000156684982358, 1.02587855508e-05, 5.22271693626e-05, 3.73845205104e-06, 1.87614750757e-06, 1.27280213746e-06, 4.79912978335e-06, 3.63571842854e-07, 6.89871697546e-08, 3.23604409935e-09, 1.28422765755e-08, 1.53008397064e-08, 7.3509820453e-09, 9.29980785713e-08, 8.57976999669e-07, 1.64251218848e-07, 1.59414071277e-07, 6.38216093307e-08, 1.95939371395e-08, 1.60170117169e-07, 9.79087957376e-08, 3.42365638062e-08, 3.95284960319e-09, 1.90707265789e-15, 1.91153652152e-15],
        "dvar2": [4.30476166002e-06, 0.00605551386252, 0.000450004212325, 3.04893364955e-05, 0.000152864740812, 9.92432069324e-06, 4.07987590734e-06, 3.17111744152e-06, 1.36181679409e-05, 6.93721574407e-07, 1.73704776785e-07, 7.22165971467e-09, 2.64306461162e-08, 3.99613462321e-08, 1.88937736567e-08, 1.91315962184e-07, 2.18898003368e-06, 3.33114257955e-07, 4.33099529573e-07, 1.74191981728e-07, 4.94166769727e-08, 4.40045283767e-07, 2.38642968498e-07, 7.40169667779e-08, 8.28575075218e-09, 2.23764039456e-15, 1.97367867018e-15],
        "max": [0.0203067939728, 0.521230459213, 0.195251733065, 0.0346811264753, 0.0860797539353, 0.0257706269622, 0.035507876426, 0.0240084417164, 0.0593366585672, 0.0120964720845, 0.00622435333207, 0.00114420324098, 0.00256679044105, 0.00269919540733, 0.00113197031897, 0.00615411158651, 0.0237612910569, 0.01252171956, 0.00747702084482, 0.00478481361642, 0.00308834784664, 0.00942023936659, 0.0046539218165, 0.0042876759544, 0.00181976286694, 1.47491869029e-06, 1.53501889599e-06],
        "mean": [0.000699509459082, 0.0226600151509, 0.0119289886206, 0.00179448898416, 0.00719048455358, 0.00273590604775, 0.00107143109199, 0.000713625224307, 0.00101550889667, 0.000462002935819, 0.000208051802474, 3.83018996217e-05, 7.20372772776e-05, 0.00011712644482, 9.65788422036e-05, 0.000356639066013, 0.000522714806721, 0.000328120135237, 0.000254434940871, 6.37416596874e-05, 4.18402378273e-05, 7.3137372965e-05, 7.31979453121e-05, 3.98152697016e-05, 9.68539825408e-06, 3.47825324098e-09, 3.55977491928e-09],
        "median": [0.0002984435705, 0.00975878164172, 0.00688279047608, 0.000721089483704, 0.00487961061299, 0.0012628682889, 0.000282389577478, 0.000142395496368, 0.000255092571024, 3.75949239242e-05, 6.0387304984e-05, 6.40918824502e-06, 7.12200471753e-06, 4.52535859949e-05, 4.78445363115e-05, 0.000141838681884, 0.000193497224245, 9.44951316342e-05, 7.0596288424e-05, 1.02559115476e-05, 4.91368246003e-06, 4.16906459577e-06, 1.37220240504e-06, 8.06370849205e-07, 2.80120016072e-08, 7.55776830008e-10, 8.7565210638e-10],
        "min": [2.43681768097e-07, 0.000131656517624, 8.18749394966e-05, 4.42261716671e-06, 5.75882040721e-05, 6.49147023069e-06, 3.10267978421e-06, 2.08743972507e-06, 6.70400822855e-07, 3.7412141296e-07, 3.87823291703e-07, 1.82057888765e-08, 2.25969234435e-08, 2.4296221568e-07, 2.17288857129e-07, 1.06814957235e-06, 3.8160729332e-07, 8.61673754571e-08, 3.50201560195e-07, 5.25019743236e-08, 1.61101230134e-08, 8.2633810905e-09, 1.71656730497e-10, 1.45525994033e-10, 1.14375009463e-10, 1.57958673919e-10, 2.39905095789e-10],
        "var": [1.85263399999e-06, 0.00205578538589, 0.000229237703024, 9.43595841818e-06, 6.44309548079e-05, 1.38069090099e-05, 6.54781115372e-06, 3.2633754472e-06, 7.37663367545e-06, 2.2664860353e-06, 2.24325972908e-07, 1.33809461289e-08, 6.17160011984e-08, 5.92524109777e-08, 1.70632823426e-08, 3.7812520759e-07, 1.0481951449e-06, 9.67519440565e-07, 2.86683501827e-07, 6.89537031917e-08, 3.46273267837e-08, 1.77776897203e-07, 1.3004321886e-07, 4.80610111708e-08, 5.31167865248e-09, 1.83363956004e-15, 1.90436067015e-15]
    },
    "erbbands": {
        "dmean": [0.460467666388, 3.73732423782, 9.41932964325, 5.82716369629, 7.14626693726, 18.472196579, 11.0534162521, 8.13358879089, 6.5111541748, 7.29608869553, 5.76358413696, 9.94692802429, 4.25729131699, 4.76146793365, 2.50992965698, 0.810970127583, 1.40920066833, 2.31319451332, 2.50288105011, 3.4330971241, 10.3896512985, 14.1597824097, 5.74030017853, 8.021692276, 5.24047660828, 2.33227586746, 1.48138701916, 1.32699370384, 2.77483415604, 2.4072368145, 2.36682796478, 1.28828561306, 0.412546783686, 0.186410829425, 0.0225582271814, 0.000599187042098, 4.7186811571e-05, 8.34392631077e-06, 1.20035001601e-05, 2.62739376922e-05],
        "dmean2": [0.775720179081, 6.59355401993, 16.2150268555, 10.3813838959, 12.6366958618, 31.9478721619, 18.77069664, 13.4198598862, 10.4012470245, 11.7171754837, 9.31050109863, 16.2862758636, 6.97695636749, 7.431848526, 4.05002498627, 1.25772714615, 2.17526483536, 3.69952440262, 4.17767953873, 5.89405012131, 16.7135124207, 23.8399829865, 9.34358215332, 13.0368347168, 8.86063289642, 3.918841362, 2.46266102791, 2.15291690826, 4.59039831161, 3.97783660889, 3.90216708183, 2.09411478043, 0.667993962765, 0.290368467569, 0.0360367335379, 0.000941731152125, 7.36830552341e-05, 1.30159987748e-05, 2.04448151635e-05, 4.53631182609e-05],
        "dvar": [1.7774990797, 112.7837677, 280.888793945, 114.589645386, 220.511993408, 1007.10931396, 437.029693604, 214.729705811, 439.918762207, 756.164245605, 319.369781494, 2692.18261719, 389.529266357, 432.893218994, 73.841293335, 6.2651309967, 22.5054836273, 35.5540390015, 23.537815094, 34.9956893921, 666.893676758, 2236.87280273, 207.039611816, 674.254821777, 519.48840332, 119.543922424, 43.4771003723, 30.4037361145, 199.791351318, 144.891235352, 103.169960022, 31.5508785248, 5.27343940735, 1.6595801115, 0.0166951287538, 1.08339263534e-05, 4.98132024518e-08, 1.67056346534e-09, 6.47063236325e-10, 3.36740169082e-09],
        "dvar2": [5.01972150803, 340.666625977, 843.243652344, 325.73638916, 653.644042969, 2863.82958984, 1234.62988281, 552.335266113, 1008.99084473, 1877.91516113, 849.672851562, 7402.55029297, 1061.84008789, 789.382263184, 187.711212158, 13.3376693726, 45.6340332031, 78.9463577271, 62.1300697327, 90.095375061, 1473.43737793, 5675.29101562, 477.75100708, 1437.79846191, 1486.13647461, 323.445007324, 106.856506348, 77.4552078247, 548.04107666, 390.828186035, 255.188049316, 74.0262069702, 11.0267047882, 3.53323221207, 0.0351010672748, 2.2447824449e-05, 9.64568869222e-08, 2.69644817585e-09, 1.77826497971e-09, 9.77628555887e-09],
        "max": [13.7488470078, 131.32585144, 232.835159302, 126.677017212, 183.415039062, 355.959564209, 306.475616455, 203.360900879, 502.830627441, 626.058105469, 377.399902344, 1377.91357422, 556.246276855, 453.346801758, 204.695571899, 57.7835960388, 129.442749023, 162.3777771, 89.4495315552, 73.6179504395, 449.336364746, 1190.84069824, 199.82170105, 752.07434082, 566.94909668, 181.805480957, 111.692749023, 108.942497253, 306.145690918, 260.017730713, 139.499725342, 99.5278167725, 66.2124786377, 39.6782302856, 3.36433815956, 0.089121080935, 0.00593534158543, 0.000960539618973, 0.000272007484455, 0.000667020154651],
        "mean": [0.661393165588, 5.05177783966, 14.6381464005, 8.18226337433, 11.8902292252, 30.8657093048, 22.3046512604, 23.7009544373, 16.4057979584, 16.2102851868, 14.8859977722, 25.6084060669, 11.8884363174, 16.1408214569, 7.56330966949, 1.89938640594, 3.21846270561, 5.27649593353, 5.36811304092, 6.97699642181, 25.7125720978, 29.4920578003, 15.4259691238, 22.2921905518, 9.59153175354, 3.227186203, 1.93484985828, 1.66436493397, 2.71624612808, 2.36523199081, 2.24088740349, 1.22778046131, 0.44820278883, 0.187402963638, 0.0253274906427, 0.000696314440574, 6.32825904177e-05, 1.09740958578e-05, 2.64324589807e-05, 5.87284885114e-05],
        "median": [0.218048006296, 2.36259245872, 8.75239372253, 4.69072151184, 7.10519933701, 17.0909290314, 12.5666685104, 10.9216585159, 5.27672529221, 5.07362174988, 4.26332473755, 5.62153577805, 3.99627161026, 1.96853303909, 2.47420406342, 0.458890736103, 0.424122810364, 1.59563696384, 3.14483356476, 3.84067201614, 9.15125465393, 11.6941890717, 6.33808803558, 5.65686702728, 2.24448060989, 0.656374335289, 0.258372187614, 0.185157343745, 0.160103410482, 0.0637119710445, 0.0414062552154, 0.0293277986348, 0.00512498384342, 0.000843516201712, 0.00012142524065, 3.46884626197e-05, 1.62987525982e-05, 3.17609692502e-06, 1.85112003237e-05, 4.1984141717e-05],
        "min": [0.00104679446667, 0.0321813002229, 0.132042974234, 0.0777512192726, 0.117558352649, 0.124799959362, 0.158154115081, 0.133060470223, 0.14853207767, 0.060431022197, 0.103247866035, 0.0634921938181, 0.0396439954638, 0.043749563396, 0.0146968252957, 0.0107632512227, 0.00666025048122, 0.0222504045814, 0.0278291385621, 0.067135848105, 0.168018653989, 0.07085352391, 0.0152444476262, 0.029248714447, 0.0168966408819, 0.00783901102841, 0.00107765197754, 0.00110267184209, 0.000550355645828, 0.000148588311276, 7.99740155344e-05, 4.03647754865e-05, 1.8080962036e-05, 1.12707621156e-05, 6.95367498338e-06, 4.00181397708e-06, 1.8686085923e-06, 4.17230864969e-07, 1.1362578789e-06, 2.49720460488e-06],
        "var": [1.96916854382, 101.246536255, 349.652832031, 116.516609192, 227.800964355, 1505.75, 697.564819336, 949.50201416, 1256.82836914, 1783.62768555, 885.021362305, 4528.91015625, 1316.53686523, 2895.20947266, 229.317123413, 27.4173069, 109.862167358, 197.207214355, 50.0522193909, 75.7013626099, 2128.06542969, 2836.95874023, 642.56439209, 3625.17529297, 723.870422363, 130.204528809, 63.5357398987, 55.6370849609, 217.436752319, 185.814025879, 118.662338257, 37.7053489685, 8.21861743927, 2.13429164886, 0.0276106223464, 1.81928389793e-05, 7.63700711559e-08, 2.22151519402e-09, 8.31383017985e-10, 4.20199830486e-09]
    },
    "gfcc": {
        "mean": [-76.8625106812, 186.253982544, -120.342437744, 64.5689849854, -30.1082763672, -18.7391777039, -24.9447803497, 2.5046377182, 8.62672710419, -29.9928760529, -1.09310257435, -10.8142871857, 5.68864679337],
        "cov": [[2979.56958008, -1185.32006836, -317.256103516, 307.52154541, -926.489318848, 518.328735352, -260.110961914, 158.304763794, -306.098083496, 160.111602783, 195.166000366, -204.112640381, 81.2456054688], [-1185.32006836, 1249.39709473, 15.9370889664, -518.577819824, 779.713378906, -508.461212158, 319.761505127, -71.0572814941, 36.9219512939, -18.5688209534, 5.31717634201, 44.8520126343, -69.2126998901], [-317.256103516, 15.9370889664, 605.452026367, 19.0681667328, 194.446960449, 182.763137817, -131.376876831, 65.7051391602, 75.376663208, 54.2853164673, -71.4876403809, -49.2358703613, 46.9111938477], [307.52154541, -518.577819824, 19.0681667328, 444.369018555, -279.079071045, 138.696166992, -96.1814422607, -46.8830947876, 99.6875762939, -61.6063041687, -89.6915817261, 28.4974708557, 22.5756473541], [-926.489318848, 779.713378906, 194.446960449, -279.079071045, 757.982299805, -302.736206055, 190.634963989, 11.8236112595, 59.5102958679, 22.8929672241, -63.71459198, 60.1067199707, -30.9742050171], [518.328735352, -508.461212158, 182.763137817, 138.696166992, -302.736206055, 426.368499756, -201.617111206, 40.4767379761, -0.452385276556, 51.8910598755, 27.2539997101, -98.6055145264, 58.9698143005], [-260.110961914, 319.761505127, -131.376876831, -96.1814422607, 190.634963989, -201.617111206, 305.064453125, -19.5573368073, -14.8142156601, 2.98240852356, 31.3208808899, 74.6261901855, -85.2330703735], [158.304763794, -71.0572814941, 65.7051391602, -46.8830947876, 11.8236112595, 40.4767379761, -19.5573368073, 169.701843262, -25.479757309, 35.7571029663, 50.0033416748, -11.1630430222, 19.1551513672], [-306.098083496, 36.9219512939, 75.376663208, 99.6875762939, 59.5102958679, -0.452385276556, -14.8142156601, -25.479757309, 218.492935181, -67.2189102173, -79.7185211182, 52.7921524048, -15.5360269547], [160.111602783, -18.5688209534, 54.2853164673, -61.6063041687, 22.8929672241, 51.8910598755, 2.98240852356, 35.7571029663, -67.2189102173, 170.576522827, 64.9250335693, -81.8503265381, -0.0442952401936], [195.166000366, 5.31717634201, -71.4876403809, -89.6915817261, -63.71459198, 27.2539997101, 31.3208808899, 50.0033416748, -79.7185211182, 64.9250335693, 173.009658813, -19.5065631866, -25.8848114014], [-204.112640381, 44.8520126343, -49.2358703613, 28.4974708557, 60.1067199707, -98.6055145264, 74.6261901855, -11.1630430222, 52.7921524048, -81.8503265381, -19.5065631866, 167.27961731, -26.1287612915], [81.2456054688, -69.2126998901, 46.9111938477, 22.5756473541, -30.9742050171, 58.9698143005, -85.2330703735, 19.1551513672, -15.5360269547, -0.0442952401936, -25.8848114014, -26.1287612915, 106.54624939]],
        "icov": [[0.000861847191118, -0.000346103537595, 0.000707077153493, -0.000768681173213, 0.000495805230457, -0.000900623039342, 0.000282630207948, -0.00103911466431, 0.00105499464553, -0.000601047708187, 0.000256455707131, 2.0288523956e-05, 0.000245906296186], [-0.000346103537595, 0.0187775120139, -0.0045882188715, 0.0140344742686, -0.00801048893481, 0.0127993579954, -0.00732464483008, 0.0114312740043, -0.00902636256069, 0.0085599059239, -0.00899532623589, 0.010177818127, -0.00682111363858], [0.000707077153493, -0.0045882188715, 0.00518012186512, -0.00425347406417, 5.32227386429e-05, -0.00597588531673, 0.00309288315475, -0.00434711389244, 0.00262894504704, -0.00311678787693, 0.00337860034779, -0.00247462419793, 0.00227545411326], [-0.000768681173213, 0.0140344742686, -0.00425347406417, 0.0152806797996, -0.00403792224824, 0.00970355421305, -0.00592522369698, 0.00951781217009, -0.00882234703749, 0.00608196575195, -0.0045603942126, 0.00626032194123, -0.00551416445524], [0.000495805230457, -0.00801048893481, 5.32227386429e-05, -0.00403792224824, 0.00793428812176, -0.00305349519476, 0.00161936180666, -0.00516895344481, 0.00283563509583, -0.00499085057527, 0.00516823027283, -0.00468535255641, 0.00198974250816], [-0.000900623039342, 0.0127993579954, -0.00597588531673, 0.00970355421305, -0.00305349519476, 0.01569529064, -0.00411423482001, 0.0083269206807, -0.00772233400494, 0.00530858384445, -0.00758300209418, 0.00804494973272, -0.0057796286419], [0.000282630207948, -0.00732464483008, 0.00309288315475, -0.00592522369698, 0.00161936180666, -0.00411423482001, 0.00973672233522, -0.0045004314743, 0.00446764938533, -0.00446515809745, 0.00291744805872, -0.00570472795516, 0.00622543878853], [-0.00103911466431, 0.0114312740043, -0.00434711389244, 0.00951781217009, -0.00516895344481, 0.0083269206807, -0.0045004314743, 0.0151358451694, -0.00635040085763, 0.00513860024512, -0.0079645588994, 0.00521835545078, -0.00589631404728], [0.00105499464553, -0.00902636256069, 0.00262894504704, -0.00882234703749, 0.00283563509583, -0.00772233400494, 0.00446764938533, -0.00635040085763, 0.0125690493733, -0.0028613365721, 0.00595612591133, -0.00578258838505, 0.00571835041046], [-0.000601047708187, 0.0085599059239, -0.00311678787693, 0.00608196575195, -0.00499085057527, 0.00530858384445, -0.00446515809745, 0.00513860024512, -0.0028613365721, 0.0145676936954, -0.00724745402113, 0.00903349462897, -0.00273892772384], [0.000256455707131, -0.00899532623589, 0.00337860034779, -0.0045603942126, 0.00516823027283, -0.00758300209418, 0.00291744805872, -0.0079645588994, 0.00595612591133, -0.00724745402113, 0.0153016513214, -0.00638021621853, 0.00592320365831], [2.0288523956e-05, 0.010177818127, -0.00247462419793, 0.00626032194123, -0.00468535255641, 0.00804494973272, -0.00570472795516, 0.00521835545078, -0.00578258838505, 0.00903349462897, -0.00638021621853, 0.0157549269497, -0.00348312337883], [0.000245906296186, -0.00682111363858, 0.00227545411326, -0.00551416445524, 0.00198974250816, -0.0057796286419, 0.00622543878853, -0.00589631404728, 0.00571835041046, -0.00273892772384, 0.00592320365831, -0.00348312337883, 0.0161685459316]]
    },
    "melbands": {
        "dmean": [0.00423520896584, 0.00465720426291, 0.00102404272184, 0.000884122797288, 0.000509759469423, 0.000182719435543, 9.41388425417e-05, 8.0186946434e-05, 5.04173767695e-05, 5.99762024649e-05, 2.07310276892e-05, 2.00506347028e-05, 1.06043917185e-05, 2.23924234888e-06, 2.41894781539e-06, 3.43441115547e-06, 4.75579599879e-06, 4.68300368084e-06, 3.48241337633e-06, 5.09566643814e-06, 1.36652724905e-05, 1.72751515493e-05, 8.22351739771e-06, 5.67769120607e-06, 6.92800676916e-06, 4.47406409876e-06, 2.63156493929e-06, 1.42104397582e-06, 9.81346033768e-07, 7.9623663396e-07, 7.41639325952e-07, 1.64563778071e-06, 1.41480131788e-06, 1.33358378207e-06, 1.53477844833e-06, 9.09557911655e-07, 7.16546765034e-07, 2.91352108661e-07, 2.21173095838e-07, 1.45881969615e-07],
        "dmean2": [0.00729202432558, 0.00812808610499, 0.00181577110197, 0.00153468223289, 0.00086878350703, 0.00030120080919, 0.000150425286847, 0.000129466541694, 8.27052645036e-05, 9.88454412436e-05, 3.44204927387e-05, 3.09872302751e-05, 1.72621821548e-05, 3.49419588019e-06, 3.86165129385e-06, 5.05487741975e-06, 7.77136028773e-06, 7.80155096436e-06, 5.94918992647e-06, 8.52075663715e-06, 2.21999925998e-05, 2.9446930057e-05, 1.34022620841e-05, 9.28276404011e-06, 1.13045662147e-05, 7.52487221689e-06, 4.4814046305e-06, 2.36616119764e-06, 1.64373102507e-06, 1.30965349854e-06, 1.20951392546e-06, 2.74844978776e-06, 2.37986682805e-06, 2.27872715186e-06, 2.52931044997e-06, 1.46245110955e-06, 1.18265347737e-06, 4.64002141598e-07, 3.57571309451e-07, 2.30781836308e-07],
        "dvar": [0.000149245388457, 0.000106098079414, 3.45361308973e-06, 2.69332304015e-06, 8.00529562639e-07, 1.11978323503e-07, 9.34687918175e-08, 9.36506125981e-08, 2.87260721876e-08, 1.09389674208e-07, 8.78125216985e-09, 8.25522494807e-09, 1.56553336961e-09, 3.8628038268e-11, 8.46530831544e-11, 1.09171227614e-10, 1.36319441846e-10, 9.27819834851e-11, 4.13712016034e-11, 7.43594560926e-11, 1.26010124557e-09, 3.65976848826e-09, 6.63945121104e-10, 2.76589584569e-10, 5.03427077803e-10, 3.09057557324e-10, 1.7236521932e-10, 4.25519168512e-11, 2.07650858314e-11, 1.24213564781e-11, 1.01797095059e-11, 6.58056803493e-11, 8.2700075954e-11, 4.01317867826e-11, 4.22581102055e-11, 1.4372588189e-11, 1.04409250343e-11, 2.43776223166e-12, 2.58372316597e-12, 9.47867977684e-13],
        "dvar2": [0.000431133492384, 0.000322419509757, 9.94938000076e-06, 7.90518606664e-06, 2.25459893954e-06, 2.89467379844e-07, 2.090893787e-07, 2.35592409581e-07, 7.79060300715e-08, 3.03873179064e-07, 2.40953408337e-08, 1.49792676041e-08, 4.00244681842e-09, 8.67571500751e-11, 1.84428389227e-10, 2.00996844169e-10, 3.16883019824e-10, 2.47879494708e-10, 1.06427117119e-10, 1.70218270035e-10, 2.87538881594e-09, 9.44171674178e-09, 1.57429791425e-09, 6.09757244696e-10, 1.08142728106e-09, 8.86379580844e-10, 4.81882145298e-10, 1.14022603859e-10, 5.14120482298e-11, 3.28542019978e-11, 2.60304746508e-11, 1.83012688337e-10, 2.27717275592e-10, 1.11432682526e-10, 1.04387519462e-10, 3.46842554677e-11, 2.43814135548e-11, 5.4147298624e-12, 5.25505073484e-12, 2.13364178756e-12],
        "max": [0.126979738474, 0.125751152635, 0.0207965262234, 0.0194412600249, 0.0114348549396, 0.00460928725079, 0.00717192748562, 0.00706057017669, 0.0038322978653, 0.00904131587595, 0.00254595256411, 0.00199802895077, 0.000949936744291, 0.000138216899359, 0.000280629377812, 0.00024345703423, 0.000305207708152, 0.000186499295523, 7.80041373218e-05, 0.000120443990454, 0.000642999191768, 0.00148254365195, 0.000524920469616, 0.000391978363041, 0.000655803771224, 0.000394054193748, 0.000332577066729, 8.62205706653e-05, 5.97606995143e-05, 8.93464457477e-05, 5.68922150705e-05, 0.000166453741258, 0.000218758752453, 0.000122070370708, 8.76208141563e-05, 5.84453773627e-05, 5.86796486459e-05, 4.53124339401e-05, 4.94808227813e-05, 2.92585555144e-05],
        "mean": [0.00600184407085, 0.00739121530205, 0.00157685857266, 0.00155036058277, 0.000996295828372, 0.000524852366652, 0.000240182329435, 0.000179609109182, 0.000126732309582, 0.000154193956405, 5.49299802515e-05, 6.73882605042e-05, 3.13397395075e-05, 4.8984688874e-06, 5.22513664691e-06, 7.62404033594e-06, 1.03656111605e-05, 9.38319408306e-06, 6.52879225527e-06, 1.16447790788e-05, 3.15095894621e-05, 3.22607302223e-05, 1.95219199668e-05, 1.47925047713e-05, 1.86928155017e-05, 8.14625309431e-06, 3.82401503884e-06, 1.74669014541e-06, 1.22763970012e-06, 9.93116145764e-07, 9.07923890736e-07, 1.60073250299e-06, 1.32943569042e-06, 1.270821258e-06, 1.42523333579e-06, 8.61140733832e-07, 6.75016622154e-07, 3.04801517359e-07, 2.3443868713e-07, 1.37607045758e-07],
        "median": [0.00226399721578, 0.00435431674123, 0.000993934925646, 0.00096998247318, 0.000628127483651, 0.000238653505221, 6.44705287414e-05, 5.50655931875e-05, 3.56214295607e-05, 3.45034277416e-05, 1.61792377185e-05, 6.93924812367e-06, 1.00426968856e-05, 9.06945388124e-07, 7.55003839004e-07, 7.44624969684e-07, 3.25589371641e-06, 5.21605170434e-06, 3.20396611642e-06, 6.05465584158e-06, 1.08820131572e-05, 1.13989090096e-05, 6.36851837044e-06, 3.87787758882e-06, 4.40022540715e-06, 2.09005384022e-06, 7.93775313923e-07, 2.70577515948e-07, 1.37705313819e-07, 1.18759828638e-07, 8.5313075715e-08, 9.57155990022e-08, 4.40606733321e-08, 2.55771634983e-08, 2.38016699683e-08, 1.64811524428e-08, 1.344385403e-08, 2.2795061394e-09, 9.1636576105e-10, 2.98922442354e-10],
        "min": [2.49961758527e-05, 8.1558682723e-05, 1.66019926837e-05, 1.0503890735e-05, 4.87060651722e-06, 2.5887220545e-06, 1.45109925143e-06, 4.61393312889e-07, 2.82224107195e-07, 1.30306290202e-07, 1.35568413384e-07, 9.91542705719e-08, 5.61033388635e-08, 5.82348080869e-09, 5.13324227569e-09, 2.51424969733e-09, 2.05961505628e-08, 1.24326540174e-08, 2.55092977852e-08, 5.05744353063e-08, 1.04989709371e-07, 2.96887030515e-08, 2.39222366361e-08, 2.20325602207e-09, 1.35939046686e-08, 1.29853612307e-08, 5.80693626517e-09, 9.58429335896e-10, 1.52675077442e-11, 1.28237316599e-11, 8.86334547423e-11, 1.06552294765e-10, 2.58346052884e-11, 5.82071500374e-12, 2.50686732657e-12, 3.69593721947e-12, 1.91825049768e-12, 1.04608292514e-12, 1.0026449072e-12, 1.04842100713e-12],
        "var": [0.000156754918862, 0.000110926353955, 3.61636830348e-06, 3.26346685142e-06, 1.22710287087e-06, 4.8372942274e-07, 2.97435235552e-07, 2.11172078934e-07, 6.26504501611e-08, 1.78699636422e-07, 2.97706730379e-08, 5.59263213518e-08, 4.89788831715e-09, 1.65764610371e-10, 3.68661934314e-10, 6.48065712205e-10, 7.12883918563e-10, 1.72335215542e-10, 8.03034097552e-11, 2.27078772452e-10, 3.40039463254e-09, 4.36788871738e-09, 1.91444304853e-09, 1.20453935715e-09, 2.7419659876e-09, 4.4158954271e-10, 2.09981115828e-10, 4.28208753178e-11, 2.67509070451e-11, 2.03506014124e-11, 1.84734744862e-11, 7.0631972493e-11, 8.36688496264e-11, 5.05955902175e-11, 4.81948612963e-11, 1.72302051099e-11, 1.20724923114e-11, 3.54265640261e-12, 3.73050852362e-12, 1.11374548906e-12]
    },
    "mfcc": {
        "mean": [-712.861206055, 185.417190552, -1.95395565033, 68.0581970215, 26.9337463379, -8.44724082947, -12.7689943314, 18.9780445099, 5.63469552994, 5.16674232483, -3.40272784233, -7.56726264954, -5.35199594498],
        "cov": [[3505.02539062, -1552.36047363, 69.3419952393, -206.559661865, -623.125976562, 58.1188240051, 101.758216858, -198.011062622, -236.000717163, 4.57143831253, -13.1059036255, 200.619995117, -172.017196655], [-1552.36047363, 1838.67016602, -525.635498047, 39.7811355591, 342.224853516, -209.131652832, 253.631790161, -70.3710327148, 68.2960357666, -2.97521781921, 112.656295776, -40.1448860168, 7.16972017288], [69.3419952393, -525.635498047, 608.274230957, -130.375274658, 108.878616333, 138.616088867, -116.484642029, 21.9330425262, 70.8724517822, 54.5738258362, -64.3112487793, 55.9951934814, 40.3307609558], [-206.559661865, 39.7811355591, -130.375274658, 343.03604126, -31.275308609, -2.71729540825, -80.3119888306, 90.9075317383, 40.1891860962, -30.0484924316, -9.18520927429, -66.9161376953, 19.1283626556], [-623.125976562, 342.224853516, 108.878616333, -31.275308609, 372.955413818, -11.8793172836, -16.172712326, 3.61947083473, 128.740783691, 19.1764698029, -18.2029018402, 10.3754014969, 54.5680885315], [58.1188240051, -209.131652832, 138.616088867, -2.71729540825, -11.8793172836, 225.678543091, -74.6362915039, 4.35965299606, 33.7947311401, 25.6607913971, -50.9386444092, 14.7557315826, 32.142490387], [101.758216858, 253.631790161, -116.484642029, -80.3119888306, -16.172712326, -74.6362915039, 339.419952393, -140.069549561, -52.5446357727, -5.96368646622, 113.163162231, 45.5521850586, -49.5856590271], [-198.011062622, -70.3710327148, 21.9330425262, 90.9075317383, 3.61947083473, 4.35965299606, -140.069549561, 267.87020874, -1.4281951189, -25.7462253571, -15.2296628952, -53.9076156616, 54.5357246399], [-236.000717163, 68.2960357666, 70.8724517822, 40.1891860962, 128.740783691, 33.7947311401, -52.5446357727, -1.4281951189, 207.510818481, 6.13810491562, -82.0592880249, 26.2018909454, 43.8767166138], [4.57143831253, -2.97521781921, 54.5738258362, -30.0484924316, 19.1764698029, 25.6607913971, -5.96368646622, -25.7462253571, 6.13810491562, 120.454940796, 16.6328010559, 4.02591562271, -12.4381361008], [-13.1059036255, 112.656295776, -64.3112487793, -9.18520927429, -18.2029018402, -50.9386444092, 113.163162231, -15.2296628952, -82.0592880249, 16.6328010559, 211.895462036, -12.7067651749, -50.1290779114], [200.619995117, -40.1448860168, 55.9951934814, -66.9161376953, 10.3754014969, 14.7557315826, 45.5521850586, -53.9076156616, 26.2018909454, 4.02591562271, -12.7067651749, 153.670394897, 5.28947973251], [-172.017196655, 7.16972017288, 40.3307609558, 19.1283626556, 54.5680885315, 32.142490387, -49.5856590271, 54.5357246399, 43.8767166138, -12.4381361008, -50.1290779114, 5.28947973251, 116.374351501]],
