{
"lowlevel": {
    "average_loudness": 0.850148260593,
    "barkbands_crest": {
        "dmean": 2.20594573021,
        "dmean2": 3.64392447472,
        "dvar": 4.33410215378,
        "dvar2": 11.8303356171,
        "max": 25.4187698364,
        "mean": 12.900677681,
        "median": 12.2972793579,
        "min": 3.59243345261,
        "var": 19.5969295502
    },
    "barkbands_flatness_db": {
        "dmean": 0.0227140001953,
        "dmean2": 0.0343141369522,
        "dvar": 0.000673472532071,
        "dvar2": 0.00122307857964,
        "max": 0.394528120756,
        "mean": 0.216649129987,
        "median": 0.215290591121,
        "min": 0.035906445235,
        "var": 0.00390470121056
    },
    "barkbands_kurtosis": {
        "dmean": 4.65435409546,
        "dmean2": 7.56076860428,
        "dvar": 75.3818283081,
        "dvar2": 209.508087158,
        "max": 196.06590271,
        "mean": 11.6608867645,
        "median": 7.69242477417,
        "min": -1.72963380814,
        "var": 182.70111084
    },
    "barkbands_skewness": {
        "dmean": 0.541591823101,
        "dmean2": 0.861169815063,
        "dvar": 0.370113492012,
        "dvar2": 0.934680104256,
        "max": 11.8384828568,
        "mean": 2.63532137871,
        "median": 2.43405365944,
        "min": -0.0878585577011,
        "var": 1.89292085171
    },
    "barkbands_spread": {
        "dmean": 3.14861607552,
        "dmean2": 4.71081542969,
        "dvar": 34.0042877197,
        "dvar2": 57.8651351929,
        "max": 82.8246078491,
        "mean": 10.7985095978,
        "median": 7.82811021805,
        "min": 0.686122894287,
        "var": 92.8060684204
    },
    "dissonance": {
        "dmean": 0.0192268211395,
        "dmean2": 0.0321003161371,
        "dvar": 0.000313641474349,
        "dvar2": 0.000806254625786,
        "max": 0.498835653067,
        "mean": 0.445042014122,
        "median": 0.451071768999,
        "min": 0.307229816914,
        "var": 0.00122215948068
    },
    "dynamic_complexity": 3.79723215103,
    "erbbands_crest": {
        "dmean": 2.10270881653,
        "dmean2": 3.39373660088,
        "dvar": 4.40941572189,
        "dvar2": 10.8588466644,
        "max": 25.5772686005,
        "mean": 9.67834568024,
        "median": 8.78163433075,
        "min": 3.08771085739,
        "var": 16.6735057831
    },
    "erbbands_flatness_db": {
        "dmean": 0.0160265564919,
        "dmean2": 0.0233169589192,
        "dvar": 0.000384984916309,
        "dvar2": 0.000748993479647,
        "max": 0.338668853045,
        "mean": 0.184387251735,
        "median": 0.184678763151,
        "min": 0.0546944364905,
        "var": 0.00160894426517
    },
    "erbbands_kurtosis": {
        "dmean": 0.814273297787,
        "dmean2": 1.30528020859,
        "dvar": 1.76261043549,
        "dvar2": 4.07724428177,
        "max": 20.020450592,
        "mean": 0.658475279808,
        "median": -0.289851903915,
        "min": -1.76072001457,
        "var": 7.0351433754
    },
    "erbbands_skewness": {
        "dmean": 0.307565331459,
        "dmean2": 0.472381949425,
        "dvar": 0.106280617416,
        "dvar2": 0.213460981846,
        "max": 3.36815929413,
        "mean": 0.578825771809,
        "median": 0.491885483265,
        "min": -2.25432252884,
        "var": 0.678476989269
    },
    "erbbands_spread": {
        "dmean": 6.67006254196,
        "dmean2": 10.2086896896,
        "dvar": 73.5167160034,
        "dvar2": 163.959014893,
        "max": 123.490859985,
        "mean": 36.8141288757,
        "median": 35.6649398804,
        "min": 4.74206829071,
        "var": 262.225280762
    },
    "hfc": {
        "dmean": 3.12257456779,
        "dmean2": 4.51862335205,
        "dvar": 37.161441803,
        "dvar2": 70.115562439,
        "max": 95.240737915,
        "mean": 12.0423974991,
        "median": 8.02384376526,
        "min": 4.14546462935e-07,
        "var": 142.86680603
    },
    "melbands_crest": {
        "dmean": 2.37026882172,
        "dmean2": 4.00434350967,
        "dvar": 4.93325662613,
        "dvar2": 13.0026597977,
        "max": 29.077753067,
        "mean": 16.2099151611,
        "median": 16.184015274,
        "min": 4.71701192856,
        "var": 17.712392807
    },
    "melbands_flatness_db": {
        "dmean": 0.0269496720284,
        "dmean2": 0.0405636690557,
        "dvar": 0.0010076451581,
        "dvar2": 0.00184005068149,
        "max": 0.519488751888,
        "mean": 0.304855436087,
        "median": 0.303553938866,
        "min": 0.0646697431803,
        "var": 0.00643273023888
    },
    "melbands_kurtosis": {
        "dmean": 8.63864994049,
        "dmean2": 13.7560091019,
        "dvar": 135.802871704,
        "dvar2": 335.368621826,
        "max": 170.891784668,
        "mean": 25.0596580505,
        "median": 16.7294559479,
        "min": -0.805935144424,
        "var": 563.899353027
    },
    "melbands_skewness": {
        "dmean": 0.67613530159,
        "dmean2": 1.0649626255,
        "dvar": 0.469407349825,
        "dvar2": 1.13228964806,
        "max": 10.1324100494,
        "mean": 3.6633503437,
        "median": 3.39270853996,
        "min": 0.191410943866,
        "var": 3.09891343117
    },
    "melbands_spread": {
        "dmean": 3.06584477425,
        "dmean2": 4.68844461441,
        "dvar": 27.6182975769,
        "dvar2": 57.7945632935,
        "max": 70.6780776978,
        "mean": 9.86902236938,
        "median": 6.80275058746,
        "min": 0.685406804085,
        "var": 88.1533126831
    },
    "pitch_salience": {
        "dmean": 0.058288667351,
        "dmean2": 0.0975430011749,
        "dvar": 0.0029515363276,
        "dvar2": 0.00809566117823,
        "max": 0.772255957127,
        "mean": 0.478906393051,
        "median": 0.476251512766,
        "min": 0.123564042151,
        "var": 0.0137628056109
    },
    "silence_rate_20dB": {
        "dmean": 0,
        "dmean2": 0,
        "dvar": 0,
        "dvar2": 0,
        "max": 1,
        "mean": 1,
        "median": 1,
        "min": 1,
        "var": 0
    },
    "silence_rate_30dB": {
        "dmean": 0.00928792543709,
        "dmean2": 0.018590239808,
        "dvar": 0.00920147821307,
        "dvar2": 0.0228919703513,
        "max": 1,
        "mean": 0.993039429188,
        "median": 1,
        "min": 0,
        "var": 0.00691222911701
    },
    "silence_rate_60dB": {
        "dmean": 0.00464396271855,
        "dmean2": 0.00929511990398,
        "dvar": 0.00462230388075,
        "dvar2": 0.0107582202181,
        "max": 1,
        "mean": 0.047177106142,
        "median": 0,
        "min": 0,
        "var": 0.0449499972165
    },
    "spectral_centroid": {
        "dmean": 166.275512695,
        "dmean2": 248.306686401,
        "dvar": 153116.15625,
        "dvar2": 203265.453125,
        "max": 11098.5244141,
        "mean": 743.222473145,
        "median": 586.821899414,
        "min": 187.996749878,
        "var": 332361.5625
    },
    "spectral_complexity": {
        "dmean": 2.27244591713,
        "dmean2": 3.42680096626,
        "dvar": 9.76168632507,
        "dvar2": 17.5474071503,
        "max": 51,
        "mean": 13.0788860321,
        "median": 12,
        "min": 0,
        "var": 48.0402374268
    },
    "spectral_decrease": {
        "dmean": 1.97673455382e-09,
        "dmean2": 3.26134097506e-09,
        "dvar": 8.08185236966e-18,
        "dvar2": 2.26195665245e-17,
        "max": -1.80633498315e-17,
        "mean": -9.34227006866e-09,
        "median": -8.3852178534e-09,
        "min": -3.94221437716e-08,
        "var": 4.34730164145e-17
    },
    "spectral_energy": {
        "dmean": 0.00764115154743,
        "dmean2": 0.0125745628029,
        "dvar": 0.00011948102474,
        "dvar2": 0.000331617629854,
        "max": 0.150742292404,
        "mean": 0.0363521501422,
        "median": 0.0323010981083,
        "min": 1.23889801196e-10,
        "var": 0.000649869674817
    },
    "spectral_energyband_high": {
        "dmean": 0.000189301121281,
        "dmean2": 0.000263463618467,
        "dvar": 3.4351549516e-07,
        "dvar2": 5.95340225118e-07,
        "max": 0.010682224296,
        "mean": 0.000305953581119,
        "median": 6.36182521703e-05,
        "min": 2.14274310101e-11,
        "var": 6.42392706141e-07
    },
    "spectral_energyband_low": {
        "dmean": 0.00571607146412,
        "dmean2": 0.00970230810344,
        "dvar": 9.91436972981e-05,
        "dvar2": 0.000300257117487,
        "max": 0.137305051088,
        "mean": 0.0200218223035,
        "median": 0.0132513977587,
        "min": 1.21678665407e-11,
        "var": 0.000418168288888
    },
    "spectral_energyband_middle_high": {
        "dmean": 0.000763788993936,
        "dmean2": 0.00109674083069,
        "dvar": 3.1745250908e-06,
        "dvar2": 6.23422920398e-06,
        "max": 0.037736300379,
        "mean": 0.00242490810342,
        "median": 0.00133998156525,
        "min": 1.59317576492e-11,
        "var": 1.26781596919e-05
    },
    "spectral_energyband_middle_low": {
        "dmean": 0.00404156232253,
        "dmean2": 0.00642836932093,
        "dvar": 3.79473494831e-05,
        "dvar2": 8.83890461409e-05,
        "max": 0.0851976498961,
        "mean": 0.0160653144121,
        "median": 0.00908892881125,
        "min": 4.62536571544e-11,
        "var": 0.000269952928647
    },
    "spectral_entropy": {
        "dmean": 0.195751547813,
        "dmean2": 0.296455711126,
        "dvar": 0.0703195482492,
        "dvar2": 0.128631606698,
        "max": 9.80174541473,
        "mean": 6.86765575409,
        "median": 6.87860774994,
        "min": 5.18680334091,
        "var": 0.274073243141
    },
    "spectral_flux": {
        "dmean": 0.0187422279269,
        "dmean2": 0.0296380352229,
        "dvar": 0.000479573383927,
        "dvar2": 0.00107721891254,
        "max": 0.27634164691,
        "mean": 0.0587170943618,
        "median": 0.0492303147912,
        "min": 1.59395949595e-05,
        "var": 0.00153791368939
    },
    "spectral_kurtosis": {
        "dmean": 3.54688930511,
        "dmean2": 5.82463121414,
        "dvar": 20.7473697662,
        "dvar2": 48.9462127686,
        "max": 77.9629669189,
        "mean": 8.60661792755,
        "median": 6.39449214935,
        "min": -1.19873583317,
        "var": 57.4999580383
    },
    "spectral_rms": {
        "dmean": 0.00061101623578,
        "dmean2": 0.000995457987301,
        "dvar": 4.69562678518e-07,
        "dvar2": 1.20151844385e-06,
        "max": 0.0121270632371,
        "mean": 0.00551922339946,
        "median": 0.00561366789043,
        "min": 3.47660915168e-07,
        "var": 5.00367696077e-06
    },
    "spectral_rolloff": {
        "dmean": 189.914855957,
        "dmean2": 325.615356445,
        "dvar": 355369.59375,
        "dvar2": 600779.4375,
        "max": 14427.2460938,
        "mean": 566.589172363,
        "median": 344.53125,
        "min": 86.1328125,
        "var": 557664.6875
    },
    "spectral_skewness": {
        "dmean": 0.345475941896,
        "dmean2": 0.549812138081,
        "dvar": 0.149529621005,
        "dvar2": 0.306873857975,
        "max": 7.03063726425,
        "mean": 2.04281306267,
        "median": 1.88633072376,
        "min": 0.025207862258,
        "var": 0.698669552803
    },
    "spectral_spread": {
        "dmean": 469657.84375,
        "dmean2": 678847.375,
        "dvar": 1.29610560307e+12,
        "dvar2": 1.58099452723e+12,
        "max": 39985020,
        "mean": 3347528.75,
        "median": 3160660,
        "min": 1008331.25,
        "var": 2.10871975936e+12
    },
    "spectral_strongpeak": {
        "dmean": 0.228848844767,
        "dmean2": 0.392518699169,
        "dvar": 0.172299817204,
        "dvar2": 0.495141923428,
        "max": 4.6918888092,
        "mean": 0.676321804523,
        "median": 0.494746178389,
        "min": 1.36253847813e-05,
        "var": 0.393078625202
    },
    "zerocrossingrate": {
        "dmean": 0.00610124785453,
        "dmean2": 0.00751484138891,
        "dvar": 0.000130930784508,
        "dvar2": 0.000126286191517,
        "max": 0.38232421875,
        "mean": 0.0278101284057,
        "median": 0.02294921875,
        "min": 0.00341796875,
        "var": 0.000451177009381
    },
    "barkbands": {
        "dmean": [0.000119540352898, 0.00216258992441, 0.00375278410502, 0.00214389851317, 0.00151706894394, 0.001076999004, 0.000647373555694, 0.000356802804163, 0.00028783196467, 0.000131785855046, 0.000168039376149, 9.06148125068e-05, 0.00016229574976, 0.000138654140756, 0.000274475780316, 8.50302239996e-05, 0.000123697158415, 3.17419362545e-05, 4.7523095418e-05, 5.61653541808e-05, 8.87774367584e-05, 4.00859535148e-05, 1.53912806127e-05, 3.11608710035e-05, 1.3583807231e-05, 3.16564364766e-06, 2.29786706996e-07],
        "dmean2": [0.000207083852729, 0.00352664338425, 0.00660979608074, 0.00347123341635, 0.00240918644704, 0.00179012236185, 0.000909298076294, 0.00050944997929, 0.000390169036109, 0.00018502191233, 0.000225276002311, 0.000136725400807, 0.000240323643084, 0.000208041630685, 0.000404930266086, 0.000135275171488, 0.000199683068786, 4.97961555084e-05, 7.46018486097e-05, 8.15174353193e-05, 0.000124496451463, 5.77637438255e-05, 2.37098192883e-05, 4.42668824689e-05, 2.00828890229e-05, 4.8094379963e-06, 3.42531194519e-07],
        "dvar": [7.82729756565e-08, 1.53724977281e-05, 5.8654222812e-05, 1.45434069054e-05, 7.40354425943e-06, 4.60157934867e-06, 3.83962105843e-06, 1.77335220997e-06, 1.29838963403e-06, 1.40288463513e-07, 1.10106007867e-07, 9.55831040983e-08, 2.99667760828e-07, 5.61948354516e-07, 7.04580372712e-07, 1.23385845541e-07, 6.55459189147e-08, 1.88428259662e-08, 2.939449395e-08, 2.58892143279e-08, 8.47661567605e-08, 2.32863648364e-08, 2.63911270615e-09, 1.38050086917e-08, 2.3938340199e-09, 1.29075528044e-10, 1.08463010708e-12],
        "dvar2": [2.03735424975e-07, 3.86712199543e-05, 0.000181219700607, 3.66189815395e-05, 1.73241987795e-05, 1.27105249703e-05, 6.43340536044e-06, 3.50266486748e-06, 2.26363067668e-06, 2.6580244139e-07, 1.92701335777e-07, 2.0494590558e-07, 6.50979700367e-07, 1.37046640702e-06, 1.49586912812e-06, 3.20586707403e-07, 1.51012969241e-07, 4.45597336807e-08, 6.56869474369e-08, 5.6623171929e-08, 1.43124367469e-07, 4.65775258363e-08, 5.76052761048e-09, 2.92511170841e-08, 5.32316102309e-09, 2.66307337293e-10, 2.31804094149e-12],
        "max": [0.00660068355501, 0.0755993723869, 0.0812609121203, 0.0603539273143, 0.0456791631877, 0.044385433197, 0.0538856387138, 0.0304156318307, 0.0222474522889, 0.0129968505353, 0.00708586815745, 0.00621173158288, 0.0160916466266, 0.018129972741, 0.0189284905791, 0.00849780533463, 0.00482552219182, 0.0034984559752, 0.00403742818162, 0.00285966531374, 0.0064386902377, 0.00368021777831, 0.000708093575668, 0.00158137793187, 0.000704812817276, 0.000166964528034, 2.41113739321e-05],
        "mean": [0.000215171428863, 0.0121117504314, 0.00531810196117, 0.00499125383794, 0.00480363005772, 0.00293259625323, 0.00162786431611, 0.000918899022508, 0.000635299133137, 0.000299743289361, 0.000392803369323, 0.000169193954207, 0.000341135484632, 0.000185283264727, 0.000510355515871, 0.000127203486045, 0.000262383691734, 4.55782683275e-05, 8.81445448613e-05, 0.000102581630927, 0.000141312732012, 5.48501557205e-05, 2.13501753024e-05, 3.64503539458e-05, 1.53452856466e-05, 3.68216819879e-06, 2.28074583219e-07],
        "median": [4.25912585342e-05, 0.00677063362673, 0.00248341937549, 0.00147069606464, 0.00229962705635, 0.00132926204242, 0.000427085586125, 0.000189918282558, 9.32916154852e-05, 0.000114587637654, 0.000163335702382, 4.85368254886e-05, 0.00016612073523, 1.90654536709e-05, 0.000160890442203, 3.42545972671e-05, 8.40457068989e-05, 1.0095338439e-05, 2.27691944019e-05, 3.30607581418e-05, 2.85667556454e-05, 7.41131088944e-06, 3.97270332542e-06, 3.72549857275e-06, 1.35511754706e-06, 3.1878485629e-07, 1.59048454407e-08],
        "min": [5.87756666254e-12, 5.13197297158e-12, 1.10130090811e-12, 3.30797130139e-12, 2.86497475049e-12, 3.88347166924e-12, 1.31910736674e-12, 1.88687889098e-12, 1.37838275949e-12, 1.19127017278e-12, 1.91794952316e-12, 6.00480114851e-13, 8.2426372585e-13, 9.96771784036e-13, 1.77023022976e-12, 1.12060360991e-12, 1.81321537646e-12, 6.90238827466e-13, 4.72125431198e-13, 1.25006352925e-12, 1.15157894071e-12, 1.21363986569e-12, 1.71410704641e-12, 2.26260568441e-12, 3.26465352148e-12, 4.92795864879e-12, 6.83949251401e-12],
        "var": [2.66449461606e-07, 0.000195179440198, 7.754543185e-05, 6.80729208398e-05, 4.53391148767e-05, 2.04313309951e-05, 1.44151881614e-05, 6.04493834544e-06, 4.87458510179e-06, 6.26847224794e-07, 4.31727386285e-07, 2.43730880811e-07, 6.56934560084e-07, 7.62750403283e-07, 1.54444364853e-06, 1.29621341216e-07, 2.04445925078e-07, 2.38707738021e-08, 5.11316358143e-08, 4.55497861651e-08, 1.63095535299e-07, 3.26712488175e-08, 3.76390385526e-09, 1.7640566341e-08, 2.86150658724e-09, 1.61026830758e-10, 1.24788449973e-12]
    },
    "erbbands": {
        "dmean": [0.0608096644282, 0.515466570854, 3.00254869461, 6.47558355331, 6.97840166092, 4.08132076263, 5.53213071823, 11.3874673843, 9.05024528503, 9.1969537735, 5.46617889404, 6.89202404022, 4.69158887863, 3.13129806519, 7.53953123093, 3.83656024933, 7.34367227554, 6.77054405212, 6.7050318718, 15.432518959, 4.19550561905, 6.8411989212, 2.07846212387, 1.77205824852, 2.94375681877, 2.74465250969, 3.96334266663, 2.67483258247, 1.48178613186, 0.858619332314, 0.486947745085, 0.891997456551, 0.321206748486, 0.211927741766, 0.0567319244146, 0.0153973186389, 0.00665352446958, 0.000992460758425, 2.63455731329e-05, 8.94747790881e-06],
        "dmean2": [0.0997588932514, 0.851846158504, 5.29041004181, 10.8692045212, 11.6777963638, 6.16789484024, 9.15992355347, 18.7501010895, 13.0590896606, 13.9551057816, 7.43415737152, 9.05908870697, 6.40236091614, 4.24572753906, 10.0742683411, 5.68226337433, 10.5317392349, 10.2030010223, 10.6066408157, 23.1124649048, 6.08311462402, 11.021853447, 3.209856987, 2.6234228611, 4.56805086136, 3.98645591736, 5.55319738388, 3.90198588371, 2.0971364975, 1.23077535629, 0.714563190937, 1.28907239437, 0.45871090889, 0.314856976271, 0.0845496729016, 0.0230622496456, 0.0100069046021, 0.00147669541184, 3.88007902075e-05, 1.43923634823e-05],
        "dvar": [0.0157248862088, 0.780724585056, 28.8394565582, 173.031341553, 185.384292603, 63.208530426, 84.837272644, 558.501159668, 756.112548828, 1242.37219238, 305.224273682, 597.065856934, 153.497283936, 149.248382568, 170.292739868, 182.780776978, 591.613525391, 1531.48181152, 457.44934082, 2941.35302734, 105.67980957, 226.654754639, 40.7103118896, 81.1285095215, 134.505126953, 60.660320282, 105.100944519, 147.171081543, 40.1721191406, 7.48536348343, 2.72126483917, 15.1026353836, 0.993405461311, 0.620564162731, 0.0422092936933, 0.00288942758925, 0.000648264132906, 1.39070180012e-05, 9.40334565769e-09, 1.61043303692e-10],
        "dvar2": [0.0401943735778, 1.9548920393, 88.7588577271, 506.493560791, 507.425262451, 115.83416748, 229.774810791, 1505.5456543, 1348.59130859, 3070.72021484, 486.623779297, 941.649902344, 321.980255127, 249.724868774, 376.562316895, 425.088348389, 1257.35253906, 3611.25634766, 1000.72589111, 5990.41601562, 204.909423828, 556.110290527, 91.4031600952, 175.13822937, 346.437805176, 131.527587891, 191.302368164, 267.568634033, 79.8409881592, 14.8375549316, 5.72188329697, 33.3259315491, 1.97478806973, 1.42857372761, 0.093795992434, 0.00610833521932, 0.00138462043833, 2.70925993391e-05, 1.84117361357e-08, 4.22579776727e-10],
        "max": [2.28691649437, 17.4149875641, 63.7343559265, 170.530136108, 209.299789429, 183.26965332, 170.559860229, 520.682556152, 710.527282715, 728.619140625, 377.707275391, 497.011535645, 268.016418457, 487.045318604, 218.654785156, 296.774108887, 744.126525879, 1113.81896973, 506.261138916, 1117.11108398, 193.109436035, 322.101654053, 115.086372375, 287.45098877, 299.244384766, 139.134170532, 174.023620605, 250.116333008, 169.808670044, 43.5179176331, 25.4034404755, 55.1388778687, 15.3642091751, 11.3242311478, 3.27684259415, 0.788224935532, 0.321584939957, 0.0520842932165, 0.00192287273239, 0.00016392377438],
        "mean": [0.289008289576, 2.92028450966, 5.77605819702, 12.6794881821, 17.7767086029, 13.9165620804, 15.4751033783, 30.3201255798, 25.3463573456, 23.5813999176, 15.6987066269, 16.838186264, 10.6708307266, 8.11646461487, 17.6610717773, 8.62123584747, 15.7371349335, 9.79998970032, 13.019659996, 28.5426216125, 9.46067428589, 13.7830562592, 3.8190073967, 2.92376255989, 5.67646121979, 5.01260328293, 6.01363801956, 4.17940759659, 2.09434771538, 1.22112977505, 0.652879178524, 0.960507273674, 0.431957453489, 0.239447951317, 0.0634639635682, 0.0183410514146, 0.00731315882877, 0.00109563674778, 4.41589800175e-05, 4.16836955992e-05],
        "median": [0.147960782051, 1.64195609093, 3.46979999542, 5.51741790771, 4.94029378891, 5.69838380814, 9.49572658539, 13.8119735718, 7.73349285126, 7.64544820786, 2.71461582184, 2.96297121048, 4.22801494598, 2.2240986824, 7.72446870804, 3.70193743706, 7.86296319962, 2.01450777054, 3.43723988533, 8.24654579163, 3.11024212837, 4.51710987091, 1.00242698193, 0.820506989956, 1.68716800213, 1.57197189331, 1.24779033661, 0.609368562698, 0.266972839832, 0.243229746819, 0.0883501693606, 0.0593805648386, 0.052156329155, 0.0204586740583, 0.00647604465485, 0.00167926610447, 0.000529478653334, 8.01424466772e-05, 2.00809390662e-05, 3.64975130651e-05],
        "min": [9.66216343046e-11, 1.39720890413e-09, 1.65429736576e-09, 7.80732900552e-09, 1.27159349717e-08, 5.96136384701e-09, 1.03138768637e-08, 3.9752990233e-08, 2.78783076624e-08, 3.26969740172e-08, 6.5890439771e-08, 3.62526861863e-08, 4.92854397294e-08, 1.41194860248e-08, 1.14341702329e-07, 2.52969680758e-08, 3.56289433512e-08, 7.67610046637e-08, 4.82909996435e-08, 5.56017027975e-08, 7.29849745085e-08, 1.04473720342e-07, 4.05137221549e-08, 2.87067365434e-08, 4.03895796808e-08, 5.71061526955e-08, 4.32863274114e-08, 4.49373622757e-08, 4.41645404692e-08, 4.68301948331e-08, 4.64955682844e-08, 5.0306844912e-08, 3.58282505886e-08, 3.32694867211e-08, 2.19558131676e-08, 1.49582852771e-08, 8.65516902593e-09, 4.03659994319e-09, 7.4530714933e-10, 1.32893113181e-10],
        "var": [0.111939772964, 11.9301424026, 50.493938446, 402.892578125, 815.903137207, 448.924163818, 322.625946045, 2281.68261719, 3050.28979492, 2891.56835938, 1773.60864258, 2777.53271484, 449.154632568, 923.539428711, 568.697814941, 389.265960693, 1264.38842773, 1809.6003418, 1364.4642334, 5713.83789062, 346.666809082, 550.101806641, 72.6103286743, 113.424049377, 178.015014648, 110.572616577, 202.178497314, 238.924468994, 56.1238822937, 10.9027166367, 4.22338008881, 17.2592315674, 1.60478281975, 0.708324193954, 0.0501199886203, 0.00363448821008, 0.000760967086535, 1.81711384357e-05, 1.2612149547e-08, 8.51760162401e-10]
    },
    "gfcc": {
        "mean": [-54.9370269775, 143.984176636, -106.022476196, 40.7677230835, -44.4267311096, 6.15674591064, -32.1988449097, -6.00244188309, -16.7820739746, 0.7584182024, -10.1525211334, -5.72540330887, -1.0638974905],
        "cov": [[9283.47753906, -1317.34338379, -293.076660156, 517.395080566, -536.262573242, 404.32144165, -317.774810791, 359.034698486, -264.274719238, 127.473571777, -237.334899902, 25.6453418732, 6.1636133194], [-1317.34338379, 1270.72460938, 186.255310059, -233.791122437, 298.230682373, -151.525650024, 322.190948486, -118.157112122, 197.983184814, -101.862869263, 229.915664673, -19.0984096527, 101.746360779], [-293.076660156, 186.255310059, 587.384216309, 63.1962661743, 88.6423950195, 64.3335876465, 69.8090209961, 56.3084068298, 58.9526367188, 56.4359703064, 103.922637939, 89.9389724731, 74.9311523438], [517.395080566, -233.791122437, 63.1962661743, 303.214019775, 35.9789466858, 80.3134002686, 35.3726806641, 15.0106363297, -20.2948150635, 35.0542984009, -2.18115854263, 47.7388648987, 42.5512542725], [-536.262573242, 298.230682373, 88.6423950195, 35.9789466858, 260.485168457, 33.167098999, 148.196533203, -20.7468605042, 70.5317230225, -20.6582317352, 59.8889579773, 12.1344127655, 40.8365135193], [404.32144165, -151.525650024, 64.3335876465, 80.3134002686, 33.167098999, 207.412124634, 86.314453125, 64.7508773804, -3.72461795807, 27.8635463715, -5.38731527328, 2.87718296051, 16.821767807], [-317.774810791, 322.190948486, 69.8090209961, 35.3726806641, 148.196533203, 86.314453125, 326.785736084, 7.42450857162, 77.044631958, 5.20381450653, 89.7514801025, 29.5090618134, 50.5102539062], [359.034698486, -118.157112122, 56.3084068298, 15.0106363297, -20.7468605042, 64.7508773804, 7.42450857162, 126.40271759, 16.1173496246, 24.7998142242, -7.15892553329, 2.7664206028, 2.71565032005], [-264.274719238, 197.983184814, 58.9526367188, -20.2948150635, 70.5317230225, -3.72461795807, 77.044631958, 16.1173496246, 126.686264038, 30.9678344727, 38.2656478882, 0.817135751247, 32.6478805542], [127.473571777, -101.862869263, 56.4359703064, 35.0542984009, -20.6582317352, 27.8635463715, 5.20381450653, 24.7998142242, 30.9678344727, 114.742141724, 16.593378067, 35.4372749329, 18.593711853], [-237.334899902, 229.915664673, 103.922637939, -2.18115854263, 59.8889579773, -5.38731527328, 89.7514801025, -7.15892553329, 38.2656478882, 16.593378067, 146.036376953, 43.8600387573, 33.3686408997], [25.6453418732, -19.0984096527, 89.9389724731, 47.7388648987, 12.1344127655, 2.87718296051, 29.5090618134, 2.7664206028, 0.817135751247, 35.4372749329, 43.8600387573, 95.5710525513, 31.2732830048], [6.1636133194, 101.746360779, 74.9311523438, 42.5512542725, 40.8365135193, 16.821767807, 50.5102539062, 2.71565032005, 32.6478805542, 18.593711853, 33.3686408997, 31.2732830048, 88.4464569092]],
        "icov": [[0.00020262192993, -0.000442813237896, 0.000279049447272, -0.000564339861739, 0.000487118348246, -0.000588473805692, 0.000427353632404, -0.000659027427901, 0.000373152899556, -0.000283428700641, 0.000318853737554, -0.000365722720744, 0.000124431215227], [-0.000442813237896, 0.007154436782, -0.00223750155419, 0.00502941850573, -0.00327795697376, 0.00542269321159, -0.00491662183776, 0.00458853319287, -0.00422553531826, 0.00486726686358, -0.00539452955127, 0.005054556299, -0.00478988420218], [0.000279049447272, -0.00223750155419, 0.00329131563194, -0.00175621185917, 0.000661075115204, -0.0025118002668, 0.00226916722022, -0.00259181810543, 0.000902600469999, -0.00160741456784, 0.000510082754772, -0.00318762240931, 0.000506637210492], [-0.000564339861739, 0.00502941850573, -0.00175621185917, 0.00833694636822, -0.00353757967241, 0.00286027509719, -0.00357726728544, 0.00389491789974, -0.00165847118478, 0.00241738930345, -0.00286278128624, 0.00199475954287, -0.00477801403031], [0.000487118348246, -0.00327795697376, 0.000661075115204, -0.00353757967241, 0.00856536161155, -0.00370474439114, 0.000746507081203, -0.000886861002073, -0.00100475305226, 0.000361119804438, 0.00181863317266, -0.00232491688803, 0.00166049681138], [-0.000588473805692, 0.00542269321159, -0.0025118002668, 0.00286027509719, -0.00370474439114, 0.0128046255559, -0.00659494334832, 0.000281471177004, -0.000253667909419, 0.00143905472942, -0.00270801759325, 0.00624723732471, -0.00380854681134], [0.000427353632404, -0.00491662183776, 0.00226916722022, -0.00357726728544, 0.000746507081203, -0.00659494334832, 0.00926308147609, -0.00295821903273, 0.000592302996665, -0.00220736092888, 0.00131471222267, -0.00474488176405, 0.00256234663539], [-0.000659027427901, 0.00458853319287, -0.00259181810543, 0.00389491789974, -0.000886861002073, 0.000281471177004, -0.00295821903273, 0.0146095277742, -0.00568505097181, 0.00294194836169, -0.00281964335591, 0.00303709390573, -0.00184396188706], [0.000373152899556, -0.00422553531826, 0.000902600469999, -0.00165847118478, -0.00100475305226, -0.000253667909419, 0.000592302996665, -0.00568505097181, 0.0168447084725, -0.00816208310425, 0.00271564954892, 0.00100523012225, -0.000665329047479], [-0.000283428700641, 0.00486726686358, -0.00160741456784, 0.00241738930345, 0.000361119804438, 0.00143905472942, -0.00220736092888, 0.00294194836169, -0.00816208310425, 0.0162487719208, -0.00419580563903, -0.00116787047591, -0.0030579555314], [0.000318853737554, -0.00539452955127, 0.000510082754772, -0.00286278128624, 0.00181863317266, -0.00270801759325, 0.00131471222267, -0.00281964335591, 0.00271564954892, -0.00419580563903, 0.0148464133963, -0.00690378108993, 0.00285929674283], [-0.000365722720744, 0.005054556299, -0.00318762240931, 0.00199475954287, -0.00232491688803, 0.00624723732471, -0.00474488176405, 0.00303709390573, 0.00100523012225, -0.00116787047591, -0.00690378108993, 0.0207473877817, -0.00640341220424], [0.000124431215227, -0.00478988420218, 0.000506637210492, -0.00477801403031, 0.00166049681138, -0.00380854681134, 0.00256234663539, -0.00184396188706, -0.000665329047479, -0.0030579555314, 0.00285929674283, -0.00640341220424, 0.0193020682782]]
    },
    "melbands": {
        "dmean": [0.000558620435186, 0.00125066842884, 0.00113934429828, 0.000356121949153, 0.000200243623112, 0.00023629993666, 0.000136102346005, 9.84798243735e-05, 4.64146323793e-05, 4.16276197939e-05, 2.3993290597e-05, 1.21487510114e-05, 2.15061536437e-05, 1.46644606502e-05, 1.30979478854e-05, 1.66576210177e-05, 1.32430641315e-05, 1.05652006823e-05, 2.0002191377e-05, 1.31049127958e-05, 4.65364882984e-06, 8.48731542646e-06, 3.43937745129e-06, 1.47560047026e-06, 1.4420224943e-06, 2.23789220399e-06, 2.42720875576e-06, 1.61678246968e-06, 2.31547801377e-06, 2.30973955695e-06, 1.37661186272e-06, 8.43113468818e-07, 7.80614186624e-07, 3.62402801102e-07, 2.32021790225e-07, 4.70962788768e-07, 5.30440047442e-07, 2.05961313782e-07, 2.29306536426e-07, 1.62716048635e-07],
        "dmean2": [0.000916083052289, 0.00218363222666, 0.0019092685543, 0.000563343055546, 0.000326906068949, 0.000389349326724, 0.000195985892788, 0.000147793907672, 6.20693317614e-05, 5.59208201594e-05, 3.26713852701e-05, 1.68704500538e-05, 2.90852840408e-05, 2.02248847927e-05, 1.99390979105e-05, 2.37411713897e-05, 2.0130770281e-05, 1.67241360032e-05, 3.04422101181e-05, 2.0205945475e-05, 6.83327880324e-06, 1.38715340654e-05, 5.40712926522e-06, 2.28671524383e-06, 2.17977253669e-06, 3.51676999344e-06, 3.64769971384e-06, 2.45814499067e-06, 3.40128235621e-06, 3.3403107409e-06, 2.01020634449e-06, 1.21406617382e-06, 1.15859950256e-06, 5.31407408744e-07, 3.58263207545e-07, 6.92922412782e-07, 7.57499435622e-07, 3.02980197375e-07, 3.43894782873e-07, 2.50134291946e-07],
        "dvar": [1.18449838737e-06, 4.30766885984e-06, 4.00416547564e-06, 4.85719340304e-07, 9.46439584482e-08, 2.33877102573e-07, 1.79076337758e-07, 1.52685601051e-07, 2.81717582595e-08, 2.21352554064e-08, 4.59055771174e-09, 2.44762077273e-09, 1.38174416353e-09, 1.20893028921e-09, 2.95018032226e-09, 3.30447447183e-09, 5.73649705515e-09, 1.4494432321e-09, 4.05787625724e-09, 2.21500195963e-09, 1.28149185707e-10, 3.3765532037e-10, 9.02008676085e-11, 3.43533500258e-11, 6.39328034957e-11, 6.05266253784e-11, 8.1367509952e-11, 2.06386296941e-11, 3.45394615686e-11, 7.39952960016e-11, 4.20973811366e-11, 1.75370534067e-11, 7.88297465498e-12, 1.28882874425e-12, 5.39177968766e-13, 4.00267449394e-12, 5.06510848888e-12, 3.77048842452e-13, 6.14334754942e-13, 4.31426785573e-13],
        "dvar2": [2.9825528145e-06, 1.31465740196e-05, 1.15411639854e-05, 1.09230131784e-06, 2.479062573e-07, 6.34263244592e-07, 3.07607109562e-07, 3.76967363991e-07, 4.73760657371e-08, 3.40180257297e-08, 9.17143516688e-09, 4.31042668225e-09, 2.82816015051e-09, 2.51584064692e-09, 7.53076889737e-09, 5.30333377213e-09, 1.3917991204e-08, 3.17063597599e-09, 8.39802982711e-09, 4.58682336557e-09, 2.63748745066e-10, 8.58919380065e-10, 2.10680028978e-10, 7.54966644756e-11, 1.39092626306e-10, 1.44337222729e-10, 2.07289185816e-10, 4.3404575073e-11, 6.76744354999e-11, 1.32575644907e-10, 7.84145318122e-11, 3.59910330705e-11, 1.561416621e-11, 2.74140129e-12, 1.17770897201e-12, 8.89915398317e-12, 1.10703269468e-11, 7.49941883767e-13, 1.37097364711e-12, 1.02901628191e-12],
        "max": [0.0200419072062, 0.023870177567, 0.0244425069541, 0.0122712347656, 0.00579032301903, 0.0106212794781, 0.0116377593949, 0.00836468767375, 0.00339370314032, 0.00339598627761, 0.00141652103048, 0.00192101695575, 0.000638676865492, 0.000846394454129, 0.00150299118832, 0.00164587702602, 0.00198257155716, 0.000837217259686, 0.0014994709054, 0.000909626192879, 0.000195836517378, 0.000402649166062, 0.000177495079697, 0.000118499534437, 0.000255270744674, 0.000181981071364, 0.000204877491342, 7.0627014793e-05, 9.39408419072e-05, 0.00020624663739, 0.000138812480145, 0.000120052238344, 5.05276912008e-05, 1.79252820089e-05, 1.21679131553e-05, 2.9463755709e-05, 3.26814952132e-05, 1.15302227641e-05, 1.12485040518e-05, 9.08005767997e-06],
        "mean": [0.00310970074497, 0.00347258383408, 0.00245001446456, 0.00111366901547, 0.000599580060225, 0.000634709664155, 0.000378266035113, 0.000247882708209, 0.00012155630975, 0.000100807585113, 5.04760173499e-05, 3.01936397591e-05, 5.04273521074e-05, 3.21655716107e-05, 2.6315165087e-05, 3.23636450048e-05, 1.68789883901e-05, 1.84651817108e-05, 3.69342560589e-05, 2.40339359152e-05, 9.82343681244e-06, 1.69866561919e-05, 5.71321606913e-06, 2.21668051381e-06, 2.04272737392e-06, 4.20557853431e-06, 4.31894159192e-06, 2.75239449365e-06, 3.49492347596e-06, 3.45136800206e-06, 2.04868683795e-06, 1.1574356904e-06, 1.01357363747e-06, 5.26564690517e-07, 3.1459316574e-07, 5.11584516971e-07, 5.6723246189e-07, 2.79003785408e-07, 2.79290190974e-07, 1.72985039626e-07],
        "median": [0.00176956318319, 0.00220430130139, 0.00107023539022, 0.000444523699116, 0.000360323523637, 0.000273268698948, 0.000107856169052, 7.64456854085e-05, 1.92739898921e-05, 1.74703036464e-05, 2.00318754651e-05, 5.3688263506e-06, 2.18338791456e-05, 1.2976992366e-05, 1.30641674332e-05, 1.31252309075e-05, 2.20338461077e-06, 3.60461058335e-06, 1.08455751615e-05, 7.86083091953e-06, 2.62150228991e-06, 5.75317380935e-06, 1.01178943623e-06, 5.77120488288e-07, 4.53540593526e-07, 1.09659367808e-06, 1.35490790854e-06, 7.83789516845e-07, 6.83659891365e-07, 6.06013372817e-07, 2.31776667192e-07, 1.24009446267e-07, 1.51316854158e-07, 1.18340480526e-07, 4.46833716694e-08, 2.98380875563e-08, 3.17832551389e-08, 3.90459078403e-08, 2.71330478085e-08, 1.24095924647e-08],
        "min": [1.82888166417e-12, 1.33485052439e-12, 1.43805074185e-12, 7.4983866772e-13, 2.9345994493e-13, 8.37847152768e-13, 4.02736031373e-13, 3.987023114e-13, 6.42443346785e-13, 2.09195304851e-13, 2.38903298186e-13, 3.03916234626e-14, 3.35567673908e-13, 1.20925892997e-13, 7.2482601518e-14, 7.5029798997e-14, 1.13259492659e-13, 6.95439460684e-14, 1.06661397379e-13, 7.24183760918e-14, 8.77630420052e-14, 1.1447826465e-13, 4.35227347868e-14, 3.05151784646e-14, 2.12378908676e-14, 2.22048907852e-14, 4.69872926646e-14, 3.64141801836e-14, 2.28266875074e-14, 3.06298057393e-14, 2.43327883206e-14, 2.52425491398e-14, 2.30617154334e-14, 2.93573115308e-14, 2.50115124331e-14, 3.22636340387e-14, 3.01054923449e-14, 2.15284282507e-14, 3.25834669033e-14, 2.6617998509e-14],
        "var": [1.25657770695e-05, 1.30857351905e-05, 1.12526977318e-05, 3.01185809803e-06, 4.67644298396e-07, 9.98205223368e-07, 7.17812895346e-07, 3.47973355019e-07, 1.29744876176e-07, 1.10963824795e-07, 1.15909433163e-08, 1.57446908844e-08, 5.00472729925e-09, 3.94021570926e-09, 3.54419049664e-09, 9.17563003355e-09, 6.45016040579e-09, 4.09798595058e-09, 8.5505904579e-09, 4.01149025109e-09, 4.33497626684e-10, 8.1704681909e-10, 1.71185399189e-10, 5.09385519876e-11, 8.21725326672e-11, 9.8806948734e-11, 1.02503741606e-10, 3.67817235003e-11, 6.14998121873e-11, 1.29847341213e-10, 6.46091652401e-11, 2.2796608351e-11, 1.06274572476e-11, 1.75528526176e-12, 8.63949428491e-13, 4.60601739041e-12, 5.95427309888e-12, 6.34130389258e-13, 7.98098349561e-13, 4.41832063557e-13]
    },
    "mfcc": {
        "mean": [-698.905212402, 164.667938232, 6.70091819763, 37.1270904541, 10.3854179382, 15.2979307175, 0.524075329304, -6.33209371567, 2.5245115757, -0.926251113415, -10.5248336792, 3.81381487846, 9.52806663513],
        "cov": [[7431.28662109, -1168.84790039, -228.106140137, 34.8011322021, -166.652496338, -47.3727684021, -60.9914855957, -29.1977577209, 176.666946411, -38.8997421265, 18.2711277008, -17.9586448669, -223.123840332], [-1168.84790039, 1554.32287598, -1.17622327805, 42.040802002, 9.35009479523, 34.8947067261, 96.0983810425, 85.8539657593, -9.9468536377, 62.0120773315, 35.5626754761, -0.450411349535, 162.688018799], [-228.106140137, -1.17622327805, 454.433105469, 36.6467971802, 66.4340667725, 3.17774534225, 39.2379074097, 19.1779098511, 17.512714386, -20.4082489014, 41.7975883484, 37.6799468994, 36.1724662781], [34.8011322021, 42.040802002, 36.6467971802, 246.647735596, 24.7770786285, 83.5348052979, 32.4738578796, 31.9635162354, 9.37556934357, -8.28953838348, -25.3460426331, 35.0498161316, 29.0317821503], [-166.652496338, 9.35009479523, 66.4340667725, 24.7770786285, 174.115829468, -2.24507260323, -7.21700191498, 6.25158500671, -4.44375896454, 15.0199680328, -3.24920487404, -21.5265445709, -12.9978713989], [-47.3727684021, 34.8947067261, 3.17774534225, 83.5348052979, -2.24507260323, 202.264129639, 97.211265564, 44.486618042, 40.8001556396, 39.9243164062, 7.56480979919, 6.48644542694, 23.9392738342], [-60.9914855957, 96.0983810425, 39.2379074097, 32.4738578796, -7.21700191498, 97.211265564, 185.680603027, 88.8257751465, 18.2503166199, 38.5614013672, 26.1713027954, 11.6722307205, 30.0174655914], [-29.1977577209, 85.8539657593, 19.1779098511, 31.9635162354, 6.25158500671, 44.486618042, 88.8257751465, 132.554000854, 25.0313262939, 36.1406478882, 16.8673992157, 0.0257586538792, 11.921631813], [176.666946411, -9.9468536377, 17.512714386, 9.37556934357, -4.44375896454, 40.8001556396, 18.2503166199, 25.0313262939, 128.986968994, 34.0479774475, 40.018825531, -20.3579368591, -6.42629766464], [-38.8997421265, 62.0120773315, -20.4082489014, -8.28953838348, 15.0199680328, 39.9243164062, 38.5614013672, 36.1406478882, 34.0479774475, 124.883201599, 27.8523368835, -9.33369922638, 12.2121105194], [18.2711277008, 35.5626754761, 41.7975883484, -25.3460426331, -3.24920487404, 7.56480979919, 26.1713027954, 16.8673992157, 40.018825531, 27.8523368835, 102.820106506, 6.91472911835, -1.18488883972], [-17.9586448669, -0.450411349535, 37.6799468994, 35.0498161316, -21.5265445709, 6.48644542694, 11.6722307205, 0.0257586538792, -20.3579368591, -9.33369922638, 6.91472911835, 91.2779388428, 25.7913265228], [-223.123840332, 162.688018799, 36.1724662781, 29.0317821503, -12.9978713989, 23.9392738342, 30.0174655914, 11.921631813, -6.42629766464, 12.2121105194, -1.18488883972, 25.7913265228, 104.242660522]],
