{
"lowlevel": {
    "average_loudness": 0.724676668644,
    "barkbands_crest": {
        "dmean": 2.29043936729,
        "dmean2": 3.60237836838,
        "dvar": 6.0815820694,
        "dvar2": 14.2992486954,
        "max": 26.2229709625,
        "mean": 17.7891979218,
        "median": 17.8980407715,
        "min": 4.7700676918,
        "var": 21.6299877167
    },
    "barkbands_flatness_db": {
        "dmean": 0.0246567483991,
        "dmean2": 0.0350898019969,
        "dvar": 0.000704723061062,
        "dvar2": 0.00125205365475,
        "max": 0.507439255714,
        "mean": 0.289619594812,
        "median": 0.289769083261,
        "min": 0.0375342853367,
        "var": 0.00377856683917
    },
    "barkbands_kurtosis": {
        "dmean": 16.5129623413,
        "dmean2": 24.8728599548,
        "dvar": 457.008422852,
        "dvar2": 1040.79504395,
        "max": 343.659576416,
        "mean": 50.6853981018,
        "median": 39.3718032837,
        "min": -1.87668550014,
        "var": 1747.64709473
    },
    "barkbands_skewness": {
        "dmean": 0.999461174011,
        "dmean2": 1.51416993141,
        "dvar": 1.07939445972,
        "dvar2": 2.46986842155,
        "max": 16.4858264923,
        "mean": 4.80748176575,
        "median": 4.58657979965,
        "min": -1.74883139133,
        "var": 4.98387813568
    },
    "barkbands_spread": {
        "dmean": 1.51106226444,
        "dmean2": 2.21848058701,
        "dvar": 25.5079669952,
        "dvar2": 44.3280296326,
        "max": 85.6758041382,
        "mean": 3.6042535305,
        "median": 2.04257655144,
        "min": 0.142897322774,
        "var": 60.2304229736
    },
    "dissonance": {
        "dmean": 0.0367541275918,
        "dmean2": 0.0605793595314,
        "dvar": 0.00105473259464,
        "dvar2": 0.00273738405667,
        "max": 0.494010329247,
        "mean": 0.361362814903,
        "median": 0.362155020237,
        "min": 0.186447024345,
        "var": 0.00348757626489
    },
    "dynamic_complexity": 6.11324739456,
    "erbbands_crest": {
        "dmean": 2.3908367157,
        "dmean2": 3.65056991577,
        "dvar": 6.98430776596,
        "dvar2": 15.2611951828,
        "max": 32.0954475403,
        "mean": 17.9029483795,
        "median": 17.9250392914,
        "min": 2.77885341644,
        "var": 35.9006614685
    },
    "erbbands_flatness_db": {
        "dmean": 0.0196122247726,
        "dmean2": 0.0281439609826,
        "dvar": 0.000533474609256,
        "dvar2": 0.000924677995499,
        "max": 0.422130376101,
        "mean": 0.261280328035,
        "median": 0.26579195261,
        "min": 0.0488547682762,
        "var": 0.00274181226268
    },
    "erbbands_kurtosis": {
        "dmean": 4.59637308121,
        "dmean2": 6.84963130951,
        "dvar": 43.6157493591,
        "dvar2": 84.57787323,
        "max": 128.818069458,
        "mean": 14.158162117,
        "median": 8.39293384552,
        "min": -1.77245545387,
        "var": 250.174377441
    },
    "erbbands_skewness": {
        "dmean": 0.540578305721,
        "dmean2": 0.767270326614,
        "dvar": 0.33969950676,
        "dvar2": 0.624654471874,
        "max": 9.47362804413,
        "mean": 2.75994420052,
        "median": 2.46040606499,
        "min": -2.82604193687,
        "var": 2.51891565323
    },
    "erbbands_spread": {
        "dmean": 4.54719829559,
        "dmean2": 6.74330949783,
        "dvar": 81.7518768311,
        "dvar2": 162.150863647,
        "max": 127.954704285,
        "mean": 15.2195291519,
        "median": 10.5244426727,
        "min": 1.20513212681,
        "var": 207.313156128
    },
    "hfc": {
        "dmean": 1.54718613625,
        "dmean2": 2.11267137527,
        "dvar": 10.2400379181,
        "dvar2": 19.4331378937,
        "max": 57.7976303101,
        "mean": 7.02414369583,
        "median": 2.37917661667,
        "min": 1.21031492277e-16,
        "var": 76.1089859009
    },
    "melbands_crest": {
        "dmean": 2.88523554802,
        "dmean2": 4.65107917786,
        "dvar": 8.7965297699,
        "dvar2": 21.4307804108,
        "max": 31.9440917969,
        "mean": 22.4288959503,
        "median": 23.1934051514,
        "min": 2.80697464943,
        "var": 25.599773407
    },
    "melbands_flatness_db": {
        "dmean": 0.0264687426388,
        "dmean2": 0.036472260952,
        "dvar": 0.000909084978048,
        "dvar2": 0.00149222440086,
        "max": 0.641920268536,
        "mean": 0.394644320011,
        "median": 0.393906146288,
        "min": 0.00678610242903,
        "var": 0.00493099400774
    },
    "melbands_kurtosis": {
        "dmean": 18.8666477203,
        "dmean2": 28.5895080566,
        "dvar": 647.223937988,
        "dvar2": 1534.31262207,
        "max": 327.083465576,
        "mean": 49.3671226501,
        "median": 39.8086471558,
        "min": -1.20443975925,
        "var": 1792.14245605
    },
    "melbands_skewness": {
        "dmean": 0.94571775198,
        "dmean2": 1.43871724606,
        "dvar": 1.11078500748,
        "dvar2": 2.49163246155,
        "max": 14.6526422501,
        "mean": 4.12751960754,
        "median": 3.91078996658,
        "min": 0.147314459085,
        "var": 4.26526975632
    },
    "melbands_spread": {
        "dmean": 1.7348613739,
        "dmean2": 2.3688762188,
        "dvar": 82.0267944336,
        "dvar2": 141.443344116,
        "max": 194.148208618,
        "mean": 4.00979232788,
        "median": 2.18762731552,
        "min": 0.285649806261,
        "var": 127.268440247
    },
    "pitch_salience": {
        "dmean": 0.0696386918426,
        "dmean2": 0.107501775026,
        "dvar": 0.00507537461817,
        "dvar2": 0.0112517867237,
        "max": 0.814145088196,
        "mean": 0.410013943911,
        "median": 0.399764031172,
        "min": 0.113794609904,
        "var": 0.0189021863043
    },
    "silence_rate_20dB": {
        "dmean": 0,
        "dmean2": 0,
        "dvar": 0,
        "dvar2": 0,
        "max": 1,
        "mean": 1,
        "median": 1,
        "min": 1,
        "var": 0
    },
    "silence_rate_30dB": {
        "dmean": 0,
        "dmean2": 0,
        "dvar": 0,
        "dvar2": 0,
        "max": 1,
        "mean": 1,
        "median": 1,
        "min": 1,
        "var": 0
    },
    "silence_rate_60dB": {
        "dmean": 0.088235296309,
        "dmean2": 0.17660728097,
        "dvar": 0.0804491117597,
        "dvar2": 0.16865453124,
        "max": 1,
        "mean": 0.225831404328,
        "median": 0,
        "min": 0,
        "var": 0.174831137061
    },
    "spectral_centroid": {
        "dmean": 64.2058868408,
        "dmean2": 87.5769424438,
        "dvar": 117644.742188,
        "dvar2": 142315.421875,
        "max": 10667.0087891,
        "mean": 381.770385742,
        "median": 329.456512451,
        "min": 178.79901123,
        "var": 175707.46875
    },
    "spectral_complexity": {
        "dmean": 0.904024779797,
        "dmean2": 1.53679323196,
        "dvar": 0.843731224537,
        "dvar2": 1.90937244892,
        "max": 14,
        "mean": 4.95978355408,
        "median": 5,
        "min": 0,
        "var": 4.34179449081
    },
    "spectral_decrease": {
        "dmean": 1.10783549001e-09,
        "dmean2": 1.53981771778e-09,
        "dvar": 2.54459533421e-18,
        "dvar2": 4.23603327591e-18,
        "max": -7.1647561067e-29,
        "mean": -4.70764671689e-09,
        "median": -2.28709273742e-09,
        "min": -2.72854023819e-08,
        "var": 2.38757064591e-17
    },
    "spectral_energy": {
        "dmean": 0.0043160552159,
        "dmean2": 0.00599267939106,
        "dvar": 3.870285218e-05,
        "dvar2": 6.4311461756e-05,
        "max": 0.106888487935,
        "mean": 0.0184048376977,
        "median": 0.00887890718877,
        "min": 1.12483307415e-20,
        "var": 0.000367845932487
    },
    "spectral_energyband_high": {
        "dmean": 3.19757637044e-05,
        "dmean2": 4.46803023806e-05,
        "dvar": 6.53336087453e-08,
        "dvar2": 1.49859133103e-07,
        "max": 0.00670351600274,
        "mean": 5.81770618737e-05,
        "median": 6.56041720504e-06,
        "min": 8.09154779886e-21,
        "var": 8.35449895931e-08
    },
    "spectral_energyband_low": {
        "dmean": 0.000471154984552,
        "dmean2": 0.000705301878043,
        "dvar": 7.68643417359e-07,
        "dvar2": 1.32276522891e-06,
        "max": 0.0119128664955,
        "mean": 0.000893090560567,
        "median": 0.000434938410763,
        "min": 7.57551142111e-23,
        "var": 1.65664732776e-06
    },
    "spectral_energyband_middle_high": {
        "dmean": 0.000101914520201,
        "dmean2": 0.000135287642479,
        "dvar": 2.08311746519e-07,
        "dvar2": 2.44981436026e-07,
        "max": 0.0189452450722,
        "mean": 0.000363589002518,
        "median": 0.000108742424345,
        "min": 1.66803403999e-21,
        "var": 2.05366632144e-06
    },
    "spectral_energyband_middle_low": {
        "dmean": 0.00422503985465,
        "dmean2": 0.00590380700305,
        "dvar": 3.7484918721e-05,
        "dvar2": 6.31510993117e-05,
        "max": 0.105591103435,
        "mean": 0.0177605804056,
        "median": 0.00858769752085,
        "min": 4.62914787319e-22,
        "var": 0.000349443696905
    },
    "spectral_entropy": {
        "dmean": 0.236557081342,
        "dmean2": 0.327944457531,
        "dvar": 0.0767763480544,
        "dvar2": 0.126416355371,
        "max": 9.79527759552,
        "mean": 5.75095462799,
        "median": 5.70972108841,
        "min": 3.98410272598,
        "var": 0.419106692076
    },
    "spectral_flux": {
        "dmean": 0.0169538576156,
        "dmean2": 0.0272230040282,
        "dvar": 0.000499976740684,
        "dvar2": 0.00124803790823,
        "max": 0.200777754188,
        "mean": 0.0348393134773,
        "median": 0.0269853677601,
        "min": 1.06058148375e-10,
        "var": 0.000815237232018
    },
    "spectral_kurtosis": {
        "dmean": 7.39577484131,
        "dmean2": 11.9296884537,
        "dvar": 85.6210021973,
        "dvar2": 198.041183472,
        "max": 123.211997986,
        "mean": 22.4322605133,
        "median": 17.3702983856,
        "min": -1.20696127415,
        "var": 285.706542969
    },
    "spectral_rms": {
        "dmean": 0.000523746130057,
        "dmean2": 0.000705350190401,
        "dvar": 4.24488206363e-07,
        "dvar2": 6.33389504401e-07,
        "max": 0.0102118290961,
        "mean": 0.00362750166096,
        "median": 0.00294318678789,
        "min": 3.31269994075e-12,
        "var": 4.79718028146e-06
    },
    "spectral_rolloff": {
        "dmean": 125.448989868,
        "dmean2": 193.798339844,
        "dvar": 714697.1875,
        "dvar2": 959060.6875,
        "max": 18669.2871094,
        "mean": 457.592803955,
        "median": 322.998046875,
        "min": 172.265625,
        "var": 1046988.75
    },
    "spectral_skewness": {
        "dmean": 0.556638002396,
        "dmean2": 0.879750549793,
        "dvar": 0.362407267094,
        "dvar2": 0.830810427666,
        "max": 8.95942878723,
        "mean": 3.68002700806,
        "median": 3.52460455894,
        "min": -0.157326921821,
        "var": 1.44479644299
    },
    "spectral_spread": {
        "dmean": 549789.5,
        "dmean2": 800458.375,
        "dvar": 1.30727123354e+12,
        "dvar2": 1.54637683917e+12,
        "max": 41702344,
        "mean": 3280019.5,
        "median": 2725559.5,
        "min": 870289.875,
        "var": 4.06874043187e+12
    },
    "spectral_strongpeak": {
        "dmean": 0.212945893407,
        "dmean2": 0.318825632334,
        "dvar": 0.103508070111,
        "dvar2": 0.187136799097,
        "max": 5.82908678055,
        "mean": 1.16521382332,
        "median": 0.66783028841,
        "min": 3.60227758733e-09,
        "var": 1.1555365324
    },
    "zerocrossingrate": {
        "dmean": 0.00465567875654,
        "dmean2": 0.00534537481144,
        "dvar": 0.000337317440426,
        "dvar2": 0.000303956388962,
        "max": 0.501953125,
        "mean": 0.0213824138045,
        "median": 0.0166015625,
        "min": 0.0068359375,
        "var": 0.000864448724315
    },
    "barkbands": {
        "dmean": [1.20033964777e-05, 3.98732481699e-05, 0.000112351328426, 0.00121331016999, 0.00159828213509, 0.00188204157166, 0.000224476345466, 3.34284959536e-05, 0.000399207230657, 4.25039579568e-05, 5.08375305799e-05, 1.48493109009e-05, 1.60248891916e-05, 1.42285916809e-05, 9.90202806861e-06, 5.98522956352e-06, 4.59586544821e-06, 7.26275311536e-06, 1.64929440416e-06, 6.82175050315e-06, 3.04860623146e-06, 2.49896334026e-06, 4.70414943265e-06, 9.85707356449e-06, 1.02975345726e-05, 1.80728875421e-06, 3.35375432314e-07],
        "dmean2": [2.0417090127e-05, 7.12593246135e-05, 0.000189525075257, 0.00172936555464, 0.00242896517739, 0.002659649821, 0.00031573078013, 4.70576742373e-05, 0.000500951311551, 6.08178888797e-05, 6.76297713653e-05, 2.26680585911e-05, 2.31396425079e-05, 2.03198160307e-05, 1.54669560288e-05, 9.4084034572e-06, 7.53697986511e-06, 1.21681759992e-05, 2.64434629571e-06, 9.45966348809e-06, 3.88427588405e-06, 3.82341477234e-06, 7.66074299463e-06, 1.63642453117e-05, 1.60718991538e-05, 2.86022714135e-06, 5.53464133191e-07],
        "dvar": [2.64024524466e-10, 1.55820636394e-08, 3.69782711118e-08, 7.28510121917e-06, 9.28162262426e-06, 1.72807485797e-05, 1.54398799168e-06, 1.67889062652e-08, 2.35140237237e-06, 4.89721294628e-08, 1.72545881583e-07, 1.99725258554e-09, 2.23808882538e-09, 4.95968865977e-09, 8.18152157134e-10, 3.16294962444e-10, 2.83003703805e-10, 3.96234128841e-10, 2.31131658951e-11, 4.71848160544e-09, 9.66462243568e-10, 8.86046236381e-10, 9.67389390816e-10, 1.65901958837e-08, 2.72527334033e-09, 3.59959770324e-11, 1.10758245023e-12],
        "dvar2": [6.91298962519e-10, 4.62087150765e-08, 9.31870474119e-08, 1.11201752588e-05, 1.9858689484e-05, 3.07541413349e-05, 1.96525115825e-06, 2.86790005077e-08, 3.19236528412e-06, 9.25615424308e-08, 2.01218782081e-07, 4.26979429591e-09, 3.73034847456e-09, 1.00757553412e-08, 1.84113424506e-09, 7.70461083821e-10, 8.43790648464e-10, 1.10988906954e-09, 5.64082322518e-11, 1.05431707809e-08, 1.10646669604e-09, 2.14405915244e-09, 2.2319803783e-09, 4.5602249088e-08, 6.711806666e-09, 7.70482080914e-11, 2.79586054829e-12],
        "max": [0.000182973308256, 0.00219039223157, 0.00245230272412, 0.048064161092, 0.0404859595001, 0.0662696585059, 0.0446322076023, 0.00363149680197, 0.0330096334219, 0.00690407119691, 0.0164468381554, 0.00111315853428, 0.00142935663462, 0.00203872751445, 0.000839467567857, 0.000409519067034, 0.000348563859006, 0.000454297260148, 8.11209029052e-05, 0.0027116718702, 0.00122185505461, 0.000811761827208, 0.000763356511015, 0.00356351654045, 0.00142090138979, 0.000105278471892, 1.51456470121e-05],
        "mean": [1.4699602616e-05, 5.3422369092e-05, 0.000157210262842, 0.00221480545588, 0.0036248692777, 0.00988099165261, 0.000587105925661, 6.20965147391e-05, 0.00135453813709, 7.83083014539e-05, 0.000149524043081, 4.76555251225e-05, 3.74651172024e-05, 3.11337607855e-05, 1.6215879441e-05, 9.57442534855e-06, 8.45256363391e-06, 1.28447691168e-05, 3.05442586068e-06, 1.03718193714e-05, 5.27227484781e-06, 2.77118328995e-06, 7.0638420766e-06, 1.22598385133e-05, 1.91099334188e-05, 3.50775417246e-06, 5.38062977284e-07],
        "median": [9.48792148847e-06, 2.37570020545e-05, 7.52216219553e-05, 0.000876620179042, 0.0020864517428, 0.000379826466087, 0.000117992756714, 1.26489767354e-05, 4.93678890052e-05, 1.11251529233e-05, 1.70130952029e-05, 4.44286069978e-06, 1.0692113392e-05, 2.07153266274e-06, 4.11630890085e-06, 1.24320501982e-06, 1.46175182181e-06, 4.44281431555e-06, 8.39768119931e-07, 3.06670131067e-06, 4.75050995874e-07, 2.54170316794e-07, 4.75086494589e-07, 6.66101868774e-07, 5.07127879246e-07, 2.12829576185e-07, 2.84991816812e-08],
        "min": [3.06893303194e-23, 4.61829087522e-23, 8.99058383907e-24, 5.35850138735e-24, 3.64973881539e-23, 9.8015784458e-23, 6.3177414964e-23, 2.9089387875e-23, 2.2308718818e-22, 9.74611142674e-23, 4.49392663797e-23, 1.32304784907e-22, 6.20772127476e-23, 1.61698423811e-22, 1.54105681774e-22, 2.84887005879e-22, 1.08386686343e-22, 1.84422818052e-22, 3.06095297813e-22, 2.38774640225e-22, 4.15756051317e-22, 7.18367991808e-22, 6.1684717213e-22, 1.01246442495e-21, 1.27155199367e-21, 1.66044663697e-21, 2.45612299749e-21],
        "var": [3.20636878159e-10, 1.24311858585e-08, 5.11998798913e-08, 1.68616024894e-05, 2.2116182663e-05, 0.00023089525348, 9.55691757554e-06, 6.01450693694e-08, 1.56835249072e-05, 1.27451613707e-07, 1.30021817313e-06, 1.59026551927e-08, 1.11575610973e-08, 2.05377670426e-08, 1.67043601174e-09, 6.33548769002e-10, 4.23888674161e-10, 5.79838843606e-10, 5.28587867921e-11, 8.47535730486e-09, 3.22962034893e-09, 8.76881622869e-10, 1.32751343251e-09, 1.09561764106e-08, 3.19359849676e-09, 6.16612524929e-11, 1.79616445415e-12]
    },
    "erbbands": {
        "dmean": [0.000773878127802, 0.0119555257261, 0.116304002702, 1.835303545, 5.47316122055, 5.90043258667, 5.5719037056, 19.7250862122, 6.97024726868, 2.33516001701, 1.50161767006, 7.17068767548, 6.08542537689, 2.30613446236, 0.87431794405, 0.402863025665, 0.670424759388, 0.849943339825, 0.428093165159, 0.318469017744, 0.381810367107, 0.255409955978, 0.384921699762, 0.177407324314, 0.10085991025, 0.377199798822, 0.164710238576, 0.12977001071, 0.100735723972, 0.0873591676354, 0.146455541253, 0.186860620975, 0.170468166471, 0.147114962339, 0.0648020878434, 0.00920836627483, 0.00297362101264, 0.00116895523388, 2.73668047157e-05, 5.18367824043e-06],
        "dmean2": [0.00138033577241, 0.0210394449532, 0.186579719186, 2.6096906662, 7.54167461395, 9.24893283844, 7.93418455124, 28.4658813477, 10.1442546844, 3.29435753822, 2.04853868484, 9.35085010529, 7.3090634346, 3.03865146637, 1.18687772751, 0.603996932507, 0.926216185093, 1.1713129282, 0.634433805943, 0.514964163303, 0.59846329689, 0.418768435717, 0.638084948063, 0.282242625952, 0.151140123606, 0.597440183163, 0.252795696259, 0.151774793863, 0.162674531341, 0.12775786221, 0.241823256016, 0.284724414349, 0.287726134062, 0.236219033599, 0.102720953524, 0.0141860498115, 0.00480483891442, 0.00187151622958, 4.35094152635e-05, 7.21664855519e-06],
        "dvar": [9.53732615017e-06, 0.000971609668341, 0.0327652096748, 14.4743385315, 109.161514282, 136.38319397, 381.702026367, 2015.23376465, 339.21875, 292.031433105, 53.4377174377, 890.15246582, 816.708679199, 246.061248779, 16.0190582275, 1.46706342697, 3.35922574997, 14.4959793091, 2.37896108627, 0.718404054642, 1.328535676, 0.951698899269, 0.727884352207, 0.471933364868, 0.167878493667, 22.816942215, 1.85794019699, 2.82267737389, 1.84943830967, 0.652056753635, 0.887426793575, 2.69484567642, 5.72551870346, 1.39586448669, 0.0342759378254, 0.00124588329345, 8.88137146831e-05, 1.11771087177e-05, 6.87569334801e-09, 5.9329992308e-11],
        "dvar2": [2.79398100247e-05, 0.00287750526331, 0.0778758227825, 22.4820232391, 172.923812866, 321.408447266, 698.026794434, 3741.0949707, 566.736206055, 396.420654297, 85.7360839844, 1349.14526367, 1023.49768066, 322.469024658, 18.0499191284, 2.62929177284, 5.58197879791, 26.9448852539, 4.73071193695, 1.84961366653, 3.20771622658, 2.81900787354, 1.95789778233, 1.32236790657, 0.336758553982, 59.447265625, 2.57978892326, 5.06107091904, 4.89065313339, 1.27008283138, 1.97190356255, 6.81042528152, 15.8515348434, 3.67404150963, 0.0805296450853, 0.00262952758931, 0.000206647149753, 2.78837524093e-05, 1.68073981399e-08, 1.03955670461e-10],
        "max": [0.0647851750255, 0.536185503006, 1.87117779255, 65.1959457397, 170.739318848, 198.130020142, 426.333740234, 849.779418945, 440.784423828, 642.335388184, 151.114715576, 659.861572266, 900.046875, 658.257751465, 166.883422852, 30.7070102692, 58.9830741882, 113.338874817, 52.0727653503, 15.3376407623, 26.0490131378, 20.8821125031, 13.2348737717, 17.8816947937, 14.0065383911, 168.167007446, 50.9928092957, 64.9950027466, 36.7331886292, 20.5030632019, 20.2495155334, 45.9443817139, 65.9534606934, 32.9195251465, 2.83597183228, 0.576146066189, 0.176318749785, 0.0653605088592, 0.00147186091635, 0.000124524463899],
        "mean": [0.000943496706896, 0.0168338920921, 0.1893633008, 3.46143817902, 10.8443984985, 14.2209300995, 17.4261341095, 108.86365509, 33.8620223999, 6.61775159836, 3.35565567017, 22.9795341492, 21.9857063293, 7.16608715057, 2.68988990784, 1.3388633728, 1.58934640884, 2.14601659775, 0.792413413525, 0.541203677654, 0.668833851814, 0.494216710329, 0.695902705193, 0.363559931517, 0.176837533712, 0.506003201008, 0.306789278984, 0.170074090362, 0.101743683219, 0.110709764063, 0.233889982104, 0.276719659567, 0.192427366972, 0.241452291608, 0.12123182416, 0.0154813658446, 0.00617397716269, 0.00243994663469, 6.186736573e-05, 2.20385572902e-05],
        "median": [0.000570932927076, 0.00799916218966, 0.114761687815, 1.63018262386, 4.95268154144, 7.68594503403, 4.30527877808, 3.45717358589, 1.73973488808, 1.75243794918, 0.64011400938, 1.08857345581, 0.651732444763, 0.932665526867, 0.53230291605, 0.203148558736, 0.482300639153, 0.28843203187, 0.174321934581, 0.172270908952, 0.101259961724, 0.0957716330886, 0.248126044869, 0.0739794149995, 0.0723416432738, 0.125139951706, 0.0595939345658, 0.0136793665588, 0.0117798252031, 0.00803985912353, 0.016608607024, 0.0147741623223, 0.0109307263047, 0.0055441884324, 0.00341350305825, 0.00109800859354, 0.000297486607451, 8.38815540192e-05, 8.00654652267e-06, 1.02932508526e-05],
        "min": [1.9984340287e-21, 7.88051819184e-21, 9.94714413398e-21, 1.44290009477e-20, 7.32541715448e-20, 1.54538690024e-19, 2.8985812286e-19, 9.29288614547e-19, 1.13240053921e-18, 6.1272545675e-19, 1.1494801645e-18, 4.68826615169e-18, 3.93451932519e-18, 2.35799641611e-18, 2.28155500135e-18, 5.59787283074e-18, 3.82846401732e-18, 8.57582064324e-18, 6.4647878912e-18, 1.25129935638e-17, 1.43612864564e-17, 6.22703219491e-18, 9.5507059347e-18, 1.47391425602e-17, 1.4955132653e-17, 1.12472285556e-17, 1.41127252998e-17, 1.89198837752e-17, 1.99216971044e-17, 2.91776943032e-17, 1.62486958929e-17, 1.98041894809e-17, 1.53234480557e-17, 1.33995574726e-17, 8.9089353749e-18, 5.75430302433e-18, 3.20543116635e-18, 1.28967476722e-18, 3.72083365416e-19, 3.5445377488e-20],
        "var": [5.63722869629e-06, 0.000885420595296, 0.0514161363244, 32.592376709, 282.634246826, 369.350158691, 1740.00891113, 31141.7109375, 3556.2734375, 1433.73620605, 148.792205811, 4457.20703125, 6190.43408203, 2283.99365234, 118.978790283, 10.9787254333, 17.2094078064, 80.7352981567, 5.43717241287, 1.28248786926, 2.79801726341, 1.36460614204, 1.30853271484, 0.757330000401, 0.339669108391, 28.482465744, 6.25755310059, 5.62590312958, 1.45675981045, 1.07440686226, 1.21850597858, 2.32010602951, 3.65585494041, 1.18330359459, 0.078444570303, 0.00197177776136, 0.000163993376191, 2.70982218353e-05, 1.48674983436e-08, 5.41204026039e-10]
    },
    "gfcc": {
        "mean": [-160.959106445, 135.054336548, -73.8127365112, 0.0587199851871, -64.4694213867, -16.0659923553, -53.0346412659, -9.56702423096, -38.9317131042, -16.0111713409, -14.1249380112, -9.59214401245, -8.50866127014],
        "cov": [[12654.4619141, -1813.8717041, -185.875671387, -1009.63873291, -965.45324707, 384.110565186, -1327.01245117, 1118.87585449, -221.218963623, 371.449432373, 322.950897217, 130.720825195, 230.504699707], [-1813.8717041, 1326.68395996, -135.582489014, 146.036453247, 341.683776855, -218.832824707, 471.143341064, -481.316558838, 88.6714401245, -197.949996948, -66.9131088257, -156.821334839, -82.4442520142], [-185.875671387, -135.582489014, 339.912414551, -43.7873077393, -27.6656703949, 16.723236084, -84.7453536987, 68.7135162354, -45.748664856, 8.72645759583, -3.07244110107, 30.2187385559, 26.8930492401], [-1009.63873291, 146.036453247, -43.7873077393, 613.063110352, 230.441543579, -17.3210086823, 175.397903442, -147.315963745, 65.9011917114, -94.7197799683, -136.086486816, -39.6969947815, -46.071105957], [-965.45324707, 341.683776855, -27.6656703949, 230.441543579, 280.524627686, -41.6409912109, 143.482711792, -141.007461548, 48.1184844971, -81.1594924927, -84.7267227173, -61.6329498291, -29.4555282593], [384.110565186, -218.832824707, 16.723236084, -17.3210086823, -41.6409912109, 199.407546997, -40.7967224121, 47.9391555786, -41.1761322021, 40.9927520752, -17.7954883575, -17.3106098175, -30.1610050201], [-1327.01245117, 471.143341064, -84.7453536987, 175.397903442, 143.482711792, -40.7967224121, 361.540649414, -260.590698242, 23.4399585724, -83.475692749, -56.5888328552, -57.2462997437, -79.0765609741], [1118.87585449, -481.316558838, 68.7135162354, -147.315963745, -141.007461548, 47.9391555786, -260.590698242, 354.851928711, -13.0288009644, 76.2025756836, 42.6514778137, 76.5786972046, 68.7590408325], [-221.218963623, 88.6714401245, -45.748664856, 65.9011917114, 48.1184844971, -41.1761322021, 23.4399585724, -13.0288009644, 107.65221405, -10.2626228333, -5.32326507568, 6.22239112854, 7.41443872452], [371.449432373, -197.949996948, 8.72645759583, -94.7197799683, -81.1594924927, 40.9927520752, -83.475692749, 76.2025756836, -10.2626228333, 117.123733521, 39.6394233704, 20.6996250153, 15.9594049454], [322.950897217, -66.9131088257, -3.07244110107, -136.086486816, -84.7267227173, -17.7954883575, -56.5888328552, 42.6514778137, -5.32326507568, 39.6394233704, 117.700294495, 37.3894081116, 18.3275661469], [130.720825195, -156.821334839, 30.2187385559, -39.6969947815, -61.6329498291, -17.3106098175, -57.2462997437, 76.5786972046, 6.22239112854, 20.6996250153, 37.3894081116, 109.641784668, 29.238161087], [230.504699707, -82.4442520142, 26.8930492401, -46.071105957, -29.4555282593, -30.1610050201, -79.0765609741, 68.7590408325, 7.41443872452, 15.9594049454, 18.3275661469, 29.238161087, 86.0944976807]],
        "icov": [[0.000185975077329, -0.000174481931026, 0.000299633538816, -6.30807844573e-05, 0.000432648666902, -0.000260689441347, 0.000631421280559, -0.000263534660917, 0.000226247982937, 7.17787333997e-05, -5.87630529481e-05, 0.000135828042403, -1.16452893053e-05], [-0.000174481931026, 0.0036809546873, -0.000294327997835, 0.00158645585179, -0.00247975555249, 0.00237106950954, -0.00273365038447, 0.00210126233287, -0.00158255104907, 0.00187292986084, -0.000469059305033, 0.00213985261507, -0.000111566565465], [0.000299633538816, -0.000294327997835, 0.0039164503105, -1.07554278657e-05, 0.000323743443005, -0.000474153988762, 0.00168180116452, -0.00048250972759, 0.00191794033162, 0.000346108747181, 0.0005374707398, -0.000756713096052, -0.00052523839986], [-6.30807844573e-05, 0.00158645585179, -1.07554278657e-05, 0.0035846021492, -0.00244419905357, 0.00074024713831, -0.00142171711195, 0.00110016646795, -0.0016237127129, 0.00125476170797, 0.00194687221665, -2.44844504778e-05, 0.000349372712662], [0.000432648666902, -0.00247975555249, 0.000323743443005, -0.00244419905357, 0.00953091867268, -0.00117066537496, 0.00216982606798, -0.000866544956807, -0.000602475658525, 0.000646635016892, 0.00205919868313, 0.00116635218728, -0.000308760121698], [-0.000260689441347, 0.00237106950954, -0.000474153988762, 0.00074024713831, -0.00117066537496, 0.00876864977181, -0.00171635788865, 0.00050213484792, 0.000763627816923, -0.00129563792143, 0.00159538548905, 0.00237494311295, 0.00323484791443], [0.000631421280559, -0.00273365038447, 0.00168180116452, -0.00142171711195, 0.00216982606798, -0.00171635788865, 0.0105005856603, 0.00190621172078, 0.00141245638952, 0.000188248581253, 0.000870148418471, -0.00173087569419, 0.00291496049613], [-0.000263534660917, 0.00210126233287, -0.00048250972759, 0.00110016646795, -0.000866544956807, 0.00050213484792, 0.00190621172078, 0.00828948244452, -0.00173574092332, 0.000435758556705, 0.000927058223169, -0.00132846424822, -0.00121039745864], [0.000226247982937, -0.00158255104907, 0.00191794033162, -0.0016237127129, -0.000602475658525, 0.000763627816923, 0.00141245638952, -0.00173574092332, 0.0129045257345, -0.00164407142438, -0.000464204582386, -0.00194393272977, -0.000891810806934], [7.17787333997e-05, 0.00187292986084, 0.000346108747181, 0.00125476170797, 0.000646635016892, -0.00129563792143, 0.000188248581253, 0.000435758556705, -0.00164407142438, 0.0137615446001, -0.00253909267485, 0.00142506463453, -0.000595936202444], [-5.87630529481e-05, -0.000469059305033, 0.0005374707398, 0.00194687221665, 0.00205919868313, 0.00159538548905, 0.000870148418471, 0.000927058223169, -0.000464204582386, -0.00253909267485, 0.0142731238157, -0.00332426978275, 0.000505494652316], [0.000135828042403, 0.00213985261507, -0.000756713096052, -2.44844504778e-05, 0.00116635218728, 0.00237494311295, -0.00173087569419, -0.00132846424822, -0.00194393272977, 0.00142506463453, -0.00332426978275, 0.0147228054702, -0.00177806650754], [-1.16452893053e-05, -0.000111566565465, -0.00052523839986, 0.000349372712662, -0.000308760121698, 0.00323484791443, 0.00291496049613, -0.00121039745864, -0.000891810806934, -0.000595936202444, 0.000505494652316, -0.00177806650754, 0.0172456540167]]
    },
    "melbands": {
        "dmean": [8.63150489749e-06, 3.92290785385e-05, 0.000458083522972, 0.000421467906563, 0.000193024112377, 0.000406269449741, 0.000105097540654, 2.05028954952e-05, 1.49340303324e-05, 5.46397313883e-05, 2.98461200146e-05, 8.24038215796e-06, 4.1682274059e-06, 2.00650401894e-06, 5.28387033683e-07, 2.39391897594e-06, 1.40493341405e-06, 6.44044291676e-07, 8.22913250431e-07, 2.39573495264e-07, 5.1198685469e-07, 2.70865399443e-07, 2.99284238281e-07, 3.85438596595e-07, 1.3219069217e-07, 5.79677639223e-08, 1.17980619052e-07, 3.1230553077e-07, 1.28497703145e-07, 7.37801784112e-08, 6.47035705015e-08, 5.69465434808e-08, 4.99152257305e-08, 4.8707981648e-08, 7.82877194183e-08, 1.15534156464e-07, 1.18732998544e-07, 1.1572097236e-07, 1.39873648664e-07, 1.27658267957e-07],
        "dmean2": [1.53938945004e-05, 6.77260686643e-05, 0.000633751100395, 0.000627331086434, 0.000276130740531, 0.000581932079513, 0.000151223066496, 2.93971825158e-05, 2.02189476113e-05, 6.97101495462e-05, 3.57513818017e-05, 1.1380379874e-05, 5.46003457202e-06, 3.04970171783e-06, 7.8662174019e-07, 3.29726640302e-06, 1.98688280761e-06, 9.77072431851e-07, 1.32523086904e-06, 4.00607092388e-07, 8.09298398963e-07, 4.55839028746e-07, 5.02221610077e-07, 6.35598382814e-07, 2.1217857693e-07, 9.48583789295e-08, 1.68658161215e-07, 5.02252134993e-07, 1.95968169692e-07, 1.13193792117e-07, 8.55769641817e-08, 9.64617399291e-08, 7.44163770605e-08, 7.24865287793e-08, 1.32916127882e-07, 1.82233463875e-07, 1.86106760225e-07, 2.00139226081e-07, 2.30733434137e-07, 2.03805399224e-07],
        "dvar": [9.44904487987e-10, 4.54883331003e-09, 9.00361840195e-07, 5.4244878811e-07, 3.56854570782e-07, 8.24940229904e-07, 8.18506791234e-08, 2.33821211282e-08, 7.38487715424e-09, 4.85224447289e-08, 2.03497769746e-08, 3.49715456593e-09, 8.27079682519e-10, 3.40769877594e-11, 5.29244400041e-12, 4.8865807234e-11, 4.35616438754e-11, 6.69234893197e-12, 4.03258849924e-12, 5.41076244139e-13, 2.4794847165e-12, 1.32896330659e-12, 6.23003005521e-13, 1.19747419446e-12, 2.98466167146e-13, 3.75842511681e-14, 5.47314526599e-13, 1.55029183935e-11, 9.33485385345e-13, 6.59007082845e-13, 8.64798846683e-13, 6.81136624967e-13, 2.85518136911e-13, 1.95572656919e-13, 2.70315833519e-13, 2.87231826865e-13, 1.80428046635e-12, 2.64709781872e-12, 3.57317170643e-12, 4.56476815982e-13],
        "dvar2": [2.77629430556e-09, 1.24444339278e-08, 1.36779135573e-06, 1.07717301034e-06, 7.30617898625e-07, 1.51951451244e-06, 1.23943394215e-07, 3.23991713458e-08, 1.20455547759e-08, 7.06494418523e-08, 2.52955008051e-08, 4.82284434611e-09, 9.201239215e-10, 7.55651513584e-11, 8.496746709e-12, 8.31979207749e-11, 8.15270767562e-11, 1.36143596396e-11, 9.65627664634e-12, 1.4354881216e-12, 5.97481612796e-12, 3.98989608713e-12, 1.74397529838e-12, 3.26750041954e-12, 8.30445521377e-13, 9.95531646486e-14, 9.47882397573e-13, 4.11476824835e-11, 1.39422241113e-12, 1.18348657697e-12, 1.67978792768e-12, 1.88548070386e-12, 6.17216347476e-13, 4.02312921475e-13, 6.09589581504e-13, 6.17716327308e-13, 4.75883525294e-12, 7.40384403092e-12, 9.69134581613e-12, 1.15988219463e-12],
        "max": [0.000599653983954, 0.000780793605372, 0.0171238277107, 0.010986446403, 0.0113498801365, 0.0163323357701, 0.00701104616746, 0.00564175657928, 0.00177700922359, 0.00415937881917, 0.00445007532835, 0.00243675895035, 0.00120416888967, 0.000159240604262, 7.53429631004e-05, 0.000193810075871, 0.000194871754502, 8.15652674646e-05, 2.9757975426e-05, 1.04402970464e-05, 3.90080494981e-05, 2.6296453143e-05, 1.2171387425e-05, 2.40796052822e-05, 1.39133317134e-05, 4.00682893087e-06, 2.95729860227e-05, 0.000137406444992, 3.60264675692e-05, 3.01297222904e-05, 3.2593638025e-05, 2.22864546231e-05, 1.39333060361e-05, 1.27087751025e-05, 1.12106899905e-05, 1.32317354655e-05, 3.78645381716e-05, 4.4527281716e-05, 5.28681375727e-05, 1.78030149982e-05],
        "mean": [1.18778989417e-05, 5.45077164134e-05, 0.000867875060067, 0.000934901938308, 0.000564061105251, 0.00222010165453, 0.000508481753059, 5.12042861374e-05, 2.86204940494e-05, 0.000182167030289, 0.000107237538032, 2.44251114054e-05, 1.22155743156e-05, 6.62830916554e-06, 1.03395552742e-06, 5.67785536987e-06, 3.38947938872e-06, 1.03966317511e-06, 1.35644643251e-06, 3.6432047068e-07, 8.62976889948e-07, 4.80427956973e-07, 5.14915200256e-07, 6.9027180416e-07, 2.53335713296e-07, 9.44663085534e-08, 1.73784627577e-07, 3.99199308276e-07, 2.37239973444e-07, 1.06474843165e-07, 8.04684816558e-08, 5.08906303764e-08, 6.13413320139e-08, 5.65895064142e-08, 1.13071372709e-07, 1.98248400807e-07, 1.51831358153e-07, 1.22461003116e-07, 1.53080335963e-07, 2.29606143876e-07],
        "median": [6.63651690047e-06, 2.83614917862e-05, 0.00038226286415, 0.000535926490556, 0.000211702455999, 6.84276383254e-05, 2.78028528555e-05, 1.04586906673e-05, 2.93101788884e-06, 6.83843745719e-06, 2.68045437224e-06, 2.07518132811e-06, 2.02192427423e-06, 6.75785656767e-07, 2.84478460344e-07, 1.44678494962e-06, 2.6623172289e-07, 1.84513140766e-07, 3.84258811437e-07, 7.55933058372e-08, 1.20449215046e-07, 7.98116275291e-08, 1.76345025693e-07, 1.84316135687e-07, 4.58375986057e-08, 3.53329845382e-08, 5.84780721624e-08, 8.57747508576e-08, 5.18109466441e-08, 7.86332066127e-09, 3.47522610689e-09, 6.56479182126e-09, 2.8421065501e-09, 2.32109287346e-09, 1.01906234562e-08, 9.30961352452e-09, 6.86920653692e-09, 6.07449823775e-09, 3.70969188701e-09, 2.47408560305e-09],
        "min": [1.73029161159e-23, 7.48626238042e-24, 4.48450188007e-24, 7.7682667434e-24, 8.98770528563e-24, 2.14650850914e-23, 1.65136655134e-23, 6.13415952203e-24, 1.08412878103e-23, 3.35062453269e-23, 2.07601148102e-23, 1.08100023757e-23, 6.5463093683e-24, 1.27621570148e-23, 1.22348673974e-23, 7.22950235526e-24, 1.72811672207e-23, 9.60225790751e-24, 1.26614470873e-23, 1.80162073018e-23, 1.63381455397e-23, 7.01316277403e-24, 3.43980943898e-24, 1.23226194956e-23, 1.16313130742e-23, 1.21562574082e-23, 9.3287188109e-24, 6.79121044746e-24, 7.39636852482e-24, 1.01112522628e-23, 1.12157166947e-23, 1.04497201339e-23, 1.55351198481e-23, 1.63395796888e-23, 9.97508224879e-24, 7.46184240223e-24, 1.4445379505e-23, 1.02459573621e-23, 1.20792204076e-23, 1.08006070423e-23],
        "var": [6.35703767404e-10, 5.23273602226e-09, 2.20141100726e-06, 1.3857140857e-06, 1.39063615734e-06, 1.25755223053e-05, 8.73890826369e-07, 1.1260127053e-07, 1.84758768285e-08, 2.7827374538e-07, 1.58429756425e-07, 3.19159596529e-08, 5.91714011122e-09, 2.86224932644e-10, 1.85368109751e-11, 2.72719874461e-10, 2.37978081685e-10, 1.32796811741e-11, 8.74387368066e-12, 7.65296463354e-13, 5.17354865545e-12, 1.56191845482e-12, 8.88195441674e-13, 2.02117988145e-12, 4.71664536855e-13, 4.9265509749e-14, 1.07312498731e-12, 1.90612681888e-11, 3.15911879989e-12, 1.64988031917e-12, 1.40619601467e-12, 4.48942288509e-13, 3.71657592939e-13, 3.1470998225e-13, 3.64576668551e-13, 4.61312249251e-13, 1.32822713331e-12, 1.65043076861e-12, 2.3726424471e-12, 6.00242782995e-13]
    },
    "mfcc": {
        "mean": [-821.739929199, 174.36114502, 35.3781051636, 13.397644043, 6.85438776016, -18.581911087, -4.00257110596, -11.4615793228, -20.0106773376, -9.35277175903, -22.0592136383, -8.62621593475, -13.9963960648],
        "cov": [[6501.10205078, -62.4658241272, -158.713943481, -810.813659668, 307.635101318, -971.849182129, -73.0425949097, -197.028411865, -323.647766113, 439.280609131, -394.316314697, 183.573318481, -140.576583862], [-62.4658241272, 1165.64733887, -71.0058059692, 9.07795238495, -134.408203125, 99.5157470703, 50.546672821, -18.8169937134, -63.2689819336, -28.0245990753, 21.7318077087, -16.5512466431, -62.825881958], [-158.713943481, -71.0058059692, 306.050262451, -25.1760692596, 20.1210021973, -22.3473014832, 3.49422025681, -1.19765973091, 2.54969477654, -34.1724433899, -26.4168643951, 5.76890087128, 20.3534374237], [-810.813659668, 9.07795238495, -25.1760692596, 445.42855835, 28.8682155609, 194.246643066, 1.97477376461, 65.406791687, 152.907272339, -140.65272522, 92.7630462646, -38.3748931885, 32.9091644287], [307.635101318, -134.408203125, 20.1210021973, 28.8682155609, 273.449432373, -129.486724854, -51.5685958862, 0.000224901799811, 74.0480880737, -0.702369213104, -24.2955493927, 12.9101200104, 17.0066070557], [-971.849182129, 99.5157470703, -22.3473014832, 194.246643066, -129.486724854, 414.365142822, 65.0609512329, 35.6159553528, 43.5456428528, -73.9008026123, 101.447547913, -77.0555877686, -0.122830420732], [-73.0425949097, 50.546672821, 3.49422025681, 1.97477376461, -51.5685958862, 65.0609512329, 98.8224258423, 12.1027708054, -25.2977676392, 5.55930709839, 1.3530523777, -15.8330698013, -5.53183221817], [-197.028411865, -18.8169937134, -1.19765973091, 65.406791687, 0.000224901799811, 35.6159553528, 12.1027708054, 108.70841217, 42.7467536926, -45.684841156, 14.9518661499, 1.97743046284, 24.1386966705], [-323.647766113, -63.2689819336, 2.54969477654, 152.907272339, 74.0480880737, 43.5456428528, -25.2977676392, 42.7467536926, 175.142242432, -63.8278999329, 41.8723678589, -14.5369615555, 31.1457080841], [439.280609131, -28.0245990753, -34.1724433899, -140.65272522, -0.702369213104, -73.9008026123, 5.55930709839, -45.684841156, -63.8278999329, 150.227081299, -20.9261856079, 3.53490900993, -33.6162948608], [-394.316314697, 21.7318077087, -26.4168643951, 92.7630462646, -24.2955493927, 101.447547913, 1.3530523777, 14.9518661499, 41.8723678589, -20.9261856079, 125.459030151, -13.6366004944, 6.38353347778], [183.573318481, -16.5512466431, 5.76890087128, -38.3748931885, 12.9101200104, -77.0555877686, -15.8330698013, 1.97743046284, -14.5369615555, 3.53490900993, -13.6366004944, 104.453842163, 1.80465126038], [-140.576583862, -62.825881958, 20.3534374237, 32.9091644287, 17.0066070557, -0.122830420732, -5.53183221817, 24.1386966705, 31.1457080841, -33.6162948608, 6.38353347778, 1.80465126038, 96.1196975708]],
