{
"lowlevel": {
    "average_loudness": 0.925241649151,
    "barkbands_crest": {
        "dmean": 1.95390033722,
        "dmean2": 3.14373207092,
        "dvar": 3.58423304558,
        "dvar2": 8.86191082001,
        "max": 22.2548389435,
        "mean": 11.9537153244,
        "median": 11.4552202225,
        "min": 3.78722596169,
        "var": 12.3189792633
    },
    "barkbands_flatness_db": {
        "dmean": 0.0226058382541,
        "dmean2": 0.0305943768471,
        "dvar": 0.000602389569394,
        "dvar2": 0.00101930857636,
        "max": 0.452584177256,
        "mean": 0.239688426256,
        "median": 0.236190274358,
        "min": 0.0404414534569,
        "var": 0.0039727492258
    },
    "barkbands_kurtosis": {
        "dmean": 5.05634450912,
        "dmean2": 7.58970403671,
        "dvar": 90.2300643921,
        "dvar2": 207.074768066,
        "max": 221.609115601,
        "mean": 11.8948736191,
        "median": 8.68105792999,
        "min": -1.92432773113,
        "var": 176.156509399
    },
    "barkbands_skewness": {
        "dmean": 0.585490524769,
        "dmean2": 0.859645068645,
        "dvar": 0.464274972677,
        "dvar2": 0.866451382637,
        "max": 11.9498701096,
        "mean": 2.55076789856,
        "median": 2.54160571098,
        "min": -1.90863013268,
        "var": 2.00004649162
    },
    "barkbands_spread": {
        "dmean": 3.56656956673,
        "dmean2": 4.877784729,
        "dvar": 61.0889358521,
        "dvar2": 96.7586364746,
        "max": 98.6539154053,
        "mean": 11.5048627853,
        "median": 7.21880960464,
        "min": 0.572596669197,
        "var": 221.245697021
    },
    "dissonance": {
        "dmean": 0.0330219864845,
        "dmean2": 0.0540575161576,
        "dvar": 0.000962374557275,
        "dvar2": 0.00250937906094,
        "max": 0.498856335878,
        "mean": 0.414533138275,
        "median": 0.424175024033,
        "min": 0.200449079275,
        "var": 0.00274478294887
    },
    "dynamic_complexity": 3.7703564167,
    "erbbands_crest": {
        "dmean": 2.41610002518,
        "dmean2": 3.87064814568,
        "dvar": 5.38240242004,
        "dvar2": 12.6346588135,
        "max": 26.6418609619,
        "mean": 11.1278839111,
        "median": 10.2145929337,
        "min": 2.58197259903,
        "var": 19.0574493408
    },
    "erbbands_flatness_db": {
        "dmean": 0.0173629838973,
        "dmean2": 0.0246621612459,
        "dvar": 0.000349349342287,
        "dvar2": 0.000620059494395,
        "max": 0.312125861645,
        "mean": 0.198364898562,
        "median": 0.202111557126,
        "min": 0.0454543083906,
        "var": 0.00220648944378
    },
    "erbbands_kurtosis": {
        "dmean": 1.30152070522,
        "dmean2": 2.03470540047,
        "dvar": 3.11407661438,
        "dvar2": 7.22525978088,
        "max": 19.1044521332,
        "mean": 1.7380771637,
        "median": 0.802427530289,
        "min": -1.7668286562,
        "var": 9.77831554413
    },
    "erbbands_skewness": {
        "dmean": 0.371228575706,
        "dmean2": 0.545054197311,
        "dvar": 0.153433173895,
        "dvar2": 0.306541234255,
        "max": 3.86432337761,
        "mean": 0.66165971756,
        "median": 0.711483418941,
        "min": -3.60146784782,
        "var": 0.687230169773
    },
    "erbbands_spread": {
        "dmean": 7.53527212143,
        "dmean2": 10.8453626633,
        "dvar": 127.66028595,
        "dvar2": 238.443161011,
        "max": 145.132659912,
        "mean": 33.9217147827,
        "median": 28.1336917877,
        "min": 4.72692728043,
        "var": 511.901550293
    },
    "hfc": {
        "dmean": 4.41065168381,
        "dmean2": 5.87000799179,
        "dvar": 57.7381439209,
        "dvar2": 104.94834137,
        "max": 108.09727478,
        "mean": 15.0766534805,
        "median": 9.7879781723,
        "min": 1.16610059702e-16,
        "var": 238.984634399
    },
    "melbands_crest": {
        "dmean": 2.3009762764,
        "dmean2": 3.68903303146,
        "dvar": 5.8248052597,
        "dvar2": 13.2960548401,
        "max": 30.139623642,
        "mean": 17.3623962402,
        "median": 17.0180797577,
        "min": 2.89892101288,
        "var": 21.7315540314
    },
    "melbands_flatness_db": {
        "dmean": 0.0274895969778,
        "dmean2": 0.0355215258896,
        "dvar": 0.000940665020607,
        "dvar2": 0.00146309961565,
        "max": 0.597563743591,
        "mean": 0.342234373093,
        "median": 0.3428786695,
        "min": 0.00947295408696,
        "var": 0.00683718267828
    },
    "melbands_kurtosis": {
        "dmean": 9.8528175354,
        "dmean2": 14.9211673737,
        "dvar": 284.13659668,
        "dvar2": 675.090209961,
        "max": 301.335235596,
        "mean": 25.1615028381,
        "median": 16.9039459229,
        "min": -1.48862683773,
        "var": 740.310058594
    },
    "melbands_skewness": {
        "dmean": 0.750065505505,
        "dmean2": 1.11637270451,
        "dvar": 0.754252791405,
        "dvar2": 1.47666311264,
        "max": 11.0455732346,
        "mean": 3.52751851082,
        "median": 3.23715424538,
        "min": -0.747528910637,
        "var": 3.89593338966
    },
    "melbands_spread": {
        "dmean": 3.14060902596,
        "dmean2": 4.35129833221,
        "dvar": 54.508430481,
        "dvar2": 81.8134613037,
        "max": 137.01512146,
        "mean": 9.86246299744,
        "median": 6.58338165283,
        "min": 0.525936961174,
        "var": 145.797393799
    },
    "pitch_salience": {
        "dmean": 0.0517861507833,
        "dmean2": 0.0845746919513,
        "dvar": 0.00271110213362,
        "dvar2": 0.00641288887709,
        "max": 0.781439363956,
        "mean": 0.454037755728,
        "median": 0.449872523546,
        "min": 0.139347493649,
        "var": 0.00959610380232
    },
    "silence_rate_20dB": {
        "dmean": 0,
        "dmean2": 0,
        "dvar": 0,
        "dvar2": 0,
        "max": 1,
        "mean": 1,
        "median": 1,
        "min": 1,
        "var": 0
    },
    "silence_rate_30dB": {
        "dmean": 0.0170278642327,
        "dmean2": 0.0340821072459,
        "dvar": 0.0167378950864,
        "dvar2": 0.0360191650689,
        "max": 1,
        "mean": 0.982985317707,
        "median": 1,
        "min": 0,
        "var": 0.0167253669351
    },
    "silence_rate_60dB": {
        "dmean": 0.00928792543709,
        "dmean2": 0.018590239808,
        "dvar": 0.00920140836388,
        "dvar2": 0.0182443112135,
        "max": 1,
        "mean": 0.048723898828,
        "median": 0,
        "min": 0,
        "var": 0.0463491491973
    },
    "spectral_centroid": {
        "dmean": 139.493865967,
        "dmean2": 181.148773193,
        "dvar": 149161.875,
        "dvar2": 175047.40625,
        "max": 10949.6386719,
        "mean": 613.647155762,
        "median": 467.07131958,
        "min": 140.527877808,
        "var": 364259.78125
    },
    "spectral_complexity": {
        "dmean": 1.8034055233,
        "dmean2": 2.68628978729,
        "dvar": 4.10067415237,
        "dvar2": 7.68859529495,
        "max": 40,
        "mean": 10.7687549591,
        "median": 10,
        "min": 0,
        "var": 22.3804359436
    },
    "spectral_decrease": {
        "dmean": 2.28167795768e-09,
        "dmean2": 3.45629080911e-09,
        "dvar": 1.35235220679e-17,
        "dvar2": 2.91743657284e-17,
        "max": -7.58826749962e-29,
        "mean": -1.07071294053e-08,
        "median": -8.89223983336e-09,
        "min": -5.20350198485e-08,
        "var": 6.28112782174e-17
    },
    "spectral_energy": {
        "dmean": 0.00890570133924,
        "dmean2": 0.0134377479553,
        "dvar": 0.000205048068892,
        "dvar2": 0.000441517768195,
        "max": 0.205223798752,
        "mean": 0.0417785830796,
        "median": 0.0349956937134,
        "min": 1.08632894754e-20,
        "var": 0.000947563967202
    },
    "spectral_energyband_high": {
        "dmean": 0.000165459889104,
        "dmean2": 0.000209286707104,
        "dvar": 3.13316718348e-07,
        "dvar2": 4.28807709341e-07,
        "max": 0.0147760221735,
        "mean": 0.000359085563105,
        "median": 4.45704608865e-05,
        "min": 8.10146750386e-21,
        "var": 1.45197634538e-06
    },
    "spectral_energyband_low": {
        "dmean": 0.00583693850785,
        "dmean2": 0.00952043943107,
        "dvar": 9.4602284662e-05,
        "dvar2": 0.000222943301196,
        "max": 0.111211292446,
        "mean": 0.0248554516584,
        "median": 0.0161164477468,
        "min": 6.4258722384e-23,
        "var": 0.000467323319754
    },
    "spectral_energyband_middle_high": {
        "dmean": 0.00138114881702,
        "dmean2": 0.0018015661044,
        "dvar": 1.11383478725e-05,
        "dvar2": 1.77354504558e-05,
        "max": 0.0588910542428,
        "mean": 0.00380145944655,
        "median": 0.00091993046226,
        "min": 1.43905586577e-21,
        "var": 6.17557452642e-05
    },
    "spectral_energyband_middle_low": {
        "dmean": 0.00508645828813,
        "dmean2": 0.00762453256175,
        "dvar": 6.7213899456e-05,
        "dvar2": 0.000138506104122,
        "max": 0.142186924815,
        "mean": 0.0159489009529,
        "median": 0.0109440693632,
        "min": 3.54539359599e-22,
        "var": 0.000207418823265
    },
    "spectral_entropy": {
        "dmean": 0.221884056926,
        "dmean2": 0.30391445756,
        "dvar": 0.0673337206244,
        "dvar2": 0.105809114873,
        "max": 9.78685665131,
        "mean": 6.56730270386,
        "median": 6.50550222397,
        "min": 4.96118402481,
        "var": 0.417504817247
    },
    "spectral_flux": {
        "dmean": 0.022764865309,
        "dmean2": 0.0349612869322,
        "dvar": 0.000871843425557,
        "dvar2": 0.00203434191644,
        "max": 0.319368094206,
        "mean": 0.0644065663218,
        "median": 0.0542468987405,
        "min": 1.04227106112e-10,
        "var": 0.00217609643005
    },
    "spectral_kurtosis": {
        "dmean": 4.88867664337,
        "dmean2": 7.78739833832,
        "dvar": 39.8950080872,
        "dvar2": 104.309356689,
        "max": 92.3599853516,
        "mean": 13.9136180878,
        "median": 11.038895607,
        "min": -1.21285235882,
        "var": 134.844345093
    },
    "spectral_rms": {
        "dmean": 0.000653019989841,
        "dmean2": 0.000964924518485,
        "dvar": 7.82303288815e-07,
        "dvar2": 1.56417263497e-06,
        "max": 0.0141498530284,
        "mean": 0.00587086100131,
        "median": 0.00584312761202,
        "min": 3.25550784247e-12,
        "var": 6.29261876384e-06
    },
    "spectral_rolloff": {
        "dmean": 272.447631836,
        "dmean2": 452.19708252,
        "dvar": 1308805.25,
        "dvar2": 2718887.25,
        "max": 18260.15625,
        "mean": 708.380126953,
        "median": 409.130859375,
        "min": 107.666015625,
        "var": 1969768.75
    },
    "spectral_skewness": {
        "dmean": 0.455145537853,
        "dmean2": 0.685128211975,
        "dvar": 0.243754193187,
        "dvar2": 0.573900878429,
        "max": 8.09822654724,
        "mean": 2.82388114929,
        "median": 2.76053953171,
        "min": -0.0237057153136,
        "var": 1.24974477291
    },
    "spectral_spread": {
        "dmean": 750123.25,
        "dmean2": 1041334.25,
        "dvar": 2.02375299072e+12,
        "dvar2": 2.54484099891e+12,
        "max": 41102320,
        "mean": 4221458,
        "median": 3555141.75,
        "min": 882370.875,
        "var": 7.12435826688e+12
    },
    "spectral_strongpeak": {
        "dmean": 0.340978354216,
        "dmean2": 0.59931319952,
        "dvar": 0.59841221571,
        "dvar2": 1.47148191929,
        "max": 8.11050033569,
        "mean": 0.863105356693,
        "median": 0.614941060543,
        "min": 0,
        "var": 0.99563395977
    },
    "zerocrossingrate": {
        "dmean": 0.00780267408118,
        "dmean2": 0.00798080768436,
        "dvar": 0.000401479541324,
        "dvar2": 0.00034506819793,
        "max": 0.49560546875,
        "mean": 0.0306691974401,
        "median": 0.02099609375,
        "min": 0.00341796875,
        "var": 0.00133091560565
    },
    "barkbands": {
        "dmean": [6.38627971057e-05, 0.0024125429336, 0.00367611297406, 0.00214064610191, 0.00148515717592, 0.000515722029377, 0.00142383994535, 0.0010994708864, 0.00067102763569, 0.000602512969635, 0.000385896215448, 0.000306044443278, 0.000207237346331, 0.000153155604494, 0.000107577317976, 7.76056986069e-05, 5.917883027e-05, 7.64964279369e-05, 3.32831114065e-05, 2.04570533242e-05, 3.12963857141e-05, 5.11998368893e-05, 2.2172311219e-05, 3.29864742525e-05, 4.49252620456e-05, 1.4469497728e-05, 4.39795854845e-07],
        "dmean2": [0.000112091904157, 0.00399232422933, 0.00604206509888, 0.00359864463098, 0.00232578790747, 0.00080250139581, 0.00211744499393, 0.00165918830317, 0.00101635407191, 0.000840609602164, 0.000563536188565, 0.000463170232251, 0.00029035564512, 0.000222510716412, 0.000160552372108, 0.000119594260468, 8.97218342288e-05, 0.000113537083962, 4.56482739537e-05, 2.90422849503e-05, 4.75401648146e-05, 6.61764133838e-05, 3.01314285025e-05, 4.54056535091e-05, 6.28602574579e-05, 2.21574882744e-05, 7.25805591628e-07],
        "dvar": [1.71363083723e-08, 1.7151089196e-05, 4.31263215432e-05, 8.25393817649e-06, 4.76161494589e-06, 2.99172097584e-06, 1.81620252988e-05, 1.05037042886e-05, 3.27445150106e-06, 3.95736651626e-06, 3.86411920772e-06, 1.37854169679e-06, 5.88858370065e-07, 2.83256298417e-07, 1.63961772159e-07, 5.70541693889e-08, 2.79886833709e-08, 1.6666906788e-07, 2.26781207147e-08, 8.22563350766e-09, 2.41359963127e-08, 6.15323330067e-08, 1.08146274158e-08, 1.14311751176e-08, 1.95783727008e-08, 2.99756397482e-09, 3.12300467604e-12],
        "dvar2": [4.72479264602e-08, 3.79095727112e-05, 0.000105759347207, 2.08657911571e-05, 1.12604984679e-05, 6.89886201144e-06, 3.668104182e-05, 2.34475210164e-05, 6.85672875989e-06, 7.50966455598e-06, 6.34555226497e-06, 3.23296558236e-06, 1.12484497095e-06, 5.00182011365e-07, 3.06668567873e-07, 1.3476895333e-07, 5.69451401589e-08, 3.49280526279e-07, 4.44621690576e-08, 1.49293093443e-08, 5.56326256174e-08, 8.72121503903e-08, 2.23737099958e-08, 1.97693275084e-08, 4.00875492801e-08, 6.78895162309e-09, 8.56834568574e-12],
        "max": [0.00186730304267, 0.0578182302415, 0.0756366401911, 0.0333512090147, 0.0276569593698, 0.0394279435277, 0.0911771580577, 0.0517604500055, 0.0343910939991, 0.047606293112, 0.0415381975472, 0.0268119405955, 0.0136799514294, 0.013969451189, 0.00965400226414, 0.00601467723027, 0.00255915126763, 0.0101427221671, 0.00336092663929, 0.00196316814981, 0.00396597152576, 0.0075292265974, 0.0025547768455, 0.00221358775161, 0.00278911204077, 0.00129445642233, 3.07902228087e-05],
        "mean": [8.9788758487e-05, 0.00904765725136, 0.0125810205936, 0.00523316906765, 0.00355832930654, 0.00108347728383, 0.00254327780567, 0.00212061870843, 0.00127234915271, 0.00134215550497, 0.000635960372165, 0.000582199019846, 0.000420384196332, 0.000259632128291, 0.000187073805137, 0.000144338118844, 0.000125807491713, 0.000121268705698, 5.34853570571e-05, 3.1831466913e-05, 5.19922250533e-05, 9.66083680396e-05, 3.8557620428e-05, 5.85786874581e-05, 7.3455972597e-05, 2.52189165622e-05, 4.54131992456e-07],
        "median": [1.56100468303e-05, 0.00223077670671, 0.00783014018089, 0.00294845481403, 0.00259999372065, 0.000189573707758, 0.000534014776349, 0.000359801546438, 0.000351259193849, 3.22556225001e-05, 3.26072695316e-05, 0.000161598683917, 2.03833915293e-05, 7.05544371158e-05, 2.66741590167e-05, 4.25358193752e-05, 1.9725475795e-05, 2.01867642318e-05, 9.5160867204e-06, 3.72349813915e-06, 2.19736921281e-06, 5.5987570704e-06, 4.26733504355e-06, 3.93386972064e-06, 8.22104811959e-06, 3.13369423566e-06, 1.40305678187e-08],
        "min": [4.78474873037e-23, 3.05890408548e-23, 3.83295917592e-24, 8.36318935051e-24, 6.18304065694e-23, 9.53456038898e-23, 1.19774922185e-22, 2.60812119633e-23, 2.70184702266e-23, 5.7270746361e-23, 4.73007151886e-23, 9.60950659259e-23, 4.58074078059e-23, 2.19893778262e-22, 1.15736017459e-22, 1.0208296827e-22, 1.36184655274e-22, 2.41040273988e-22, 2.38694037573e-22, 3.90476050665e-22, 5.6494719276e-22, 6.50481929209e-22, 9.14160289745e-22, 7.74844172222e-22, 1.05419564647e-21, 1.66166377993e-21, 2.39315670063e-21],
        "var": [2.59494381538e-08, 0.000134863017593, 0.000164381010109, 4.0749047912e-05, 1.40121710501e-05, 8.42681492941e-06, 3.72473841708e-05, 2.88428309432e-05, 7.01476074028e-06, 2.01387847483e-05, 1.07710457087e-05, 2.33543141803e-06, 1.85211683856e-06, 6.55812414152e-07, 3.26273408291e-07, 1.34559527964e-07, 7.38573362469e-08, 2.59871427488e-07, 4.0077971164e-08, 1.5059766767e-08, 5.68108866617e-08, 2.53536370565e-07, 3.05779046528e-08, 3.77339404167e-08, 4.65310705522e-08, 6.38335651004e-09, 3.44260904506e-12]
    },
    "erbbands": {
        "dmean": [0.0452801659703, 0.66254222393, 3.41596388817, 5.79708003998, 5.96321582794, 5.25293254852, 1.99083983898, 5.6263628006, 17.0013885498, 23.1430892944, 22.7815647125, 16.9014759064, 12.5264215469, 20.2814350128, 12.631061554, 11.2511825562, 9.19066047668, 7.95304918289, 7.28780794144, 3.8117992878, 3.43927407265, 3.60295677185, 4.28311109543, 2.16885924339, 1.58876538277, 0.872086822987, 1.07600224018, 1.36623215675, 1.83275938034, 1.24896430969, 0.592467546463, 0.562262833118, 0.67384749651, 0.640811383724, 0.234654456377, 0.0949654504657, 0.020375194028, 0.00181803503074, 4.91736354888e-05, 1.13121213872e-05],
        "dmean2": [0.072754457593, 1.09436511993, 5.63349246979, 9.5579996109, 10.0748538971, 7.90228939056, 3.03742337227, 8.58714962006, 26.0591602325, 34.0665283203, 34.1342964172, 25.8050899506, 17.4258155823, 26.7099876404, 17.3888206482, 16.7035675049, 12.9622383118, 11.2350559235, 10.8240938187, 5.84230279922, 5.2442111969, 5.4130449295, 6.55894565582, 2.87870359421, 2.26943087578, 1.19635057449, 1.47154986858, 2.07241439819, 2.5025267601, 1.6871329546, 0.819578289986, 0.795849919319, 0.937715947628, 0.92806994915, 0.319559574127, 0.148926362395, 0.0303039103746, 0.00276377541013, 7.53789790906e-05, 1.69204358826e-05],
        "dvar": [0.00625400710851, 1.29023337364, 39.0424232483, 82.6478805542, 55.7614898682, 79.0295410156, 15.579202652, 336.947662354, 2877.55517578, 6661.11474609, 5189.25878906, 2639.62841797, 1674.95690918, 4495.30566406, 2115.36669922, 1867.28405762, 1286.56494141, 874.478637695, 565.94329834, 192.192550659, 79.9461288452, 121.620872498, 483.980651855, 84.0690231323, 97.2490692139, 18.5204238892, 27.3869552612, 62.2279548645, 88.7157058716, 41.0174255371, 7.44972419739, 4.53819799423, 4.42561340332, 4.13601255417, 0.623593091965, 0.144823253155, 0.00478516612202, 4.41998636234e-05, 2.85727335125e-08, 2.80926476526e-10],
        "dvar2": [0.0149820996448, 2.85786294937, 94.9806747437, 203.506027222, 148.556243896, 177.270065308, 37.0063438416, 789.664733887, 6217.91064453, 14219.1669922, 11711.0771484, 5958.28271484, 3442.06201172, 6958.29296875, 3827.34692383, 4438.06933594, 2440.61376953, 1339.65881348, 1134.64953613, 385.809967041, 184.942459106, 256.19732666, 1069.58361816, 146.106292725, 208.502731323, 34.8205032349, 53.8904266357, 129.900939941, 144.596755981, 64.0619430542, 16.1184329987, 9.67173862457, 8.16557693481, 9.00025844574, 1.12172567844, 0.329131096601, 0.0107035348192, 9.88162864815e-05, 6.59880186049e-08, 6.29293173127e-10],
        "max": [0.815221786499, 15.9858751297, 76.5520172119, 123.619056702, 73.8590164185, 127.064247131, 79.1809463501, 430.945465088, 941.58416748, 1881.42553711, 1377.15124512, 1078.93615723, 669.848388672, 1426.47790527, 1085.12023926, 889.485229492, 670.983581543, 821.219970703, 507.80682373, 323.239807129, 205.216873169, 148.682312012, 557.63861084, 182.390869141, 221.636383057, 94.8438796997, 125.884887695, 240.011825562, 269.263275146, 184.015609741, 67.3054122925, 52.1334152222, 39.5407867432, 42.3897209167, 15.122959137, 9.87520885468, 1.3129683733, 0.12363126874, 0.00287063815631, 0.000237113214098],
        "mean": [0.178794637322, 2.4752972126, 12.4398288727, 17.9205112457, 13.4653644562, 13.208275795, 5.12732982635, 12.0433082581, 31.0770759583, 42.898475647, 47.3078384399, 31.7192554474, 27.326883316, 44.1521339417, 25.4485874176, 21.6113471985, 19.8469429016, 14.6416139603, 13.81478405, 7.09872817993, 6.8215675354, 7.50451278687, 7.58013105392, 3.58132648468, 2.40952062607, 1.30449450016, 1.69188547134, 2.48445987701, 3.41032361984, 2.38098788261, 1.02063441277, 0.932108521461, 1.16888308525, 1.02514088154, 0.400344401598, 0.165125474334, 0.0337960086763, 0.0029215735849, 9.43768682191e-05, 5.07233344251e-05],
        "median": [0.0236319024116, 0.850895166397, 8.80347156525, 11.6434955597, 10.5589027405, 6.8397359848, 2.39448976517, 1.97812461853, 6.49444103241, 11.7769241333, 10.5876073837, 8.6845293045, 1.95584225655, 1.24447059631, 3.67707777023, 6.16093111038, 1.61453521252, 2.73427939415, 3.95413732529, 1.86890256405, 2.13291764259, 1.49544978142, 1.59456419945, 0.618407905102, 0.433090537786, 0.16116631031, 0.0818066596985, 0.107344925404, 0.192092105746, 0.155600607395, 0.126090541482, 0.0727635473013, 0.0877336338162, 0.100345566869, 0.0427600853145, 0.01945871301, 0.00446680979803, 0.0002822279057, 3.25341461576e-05, 4.49612598459e-05],
        "min": [2.01034050198e-21, 2.91679333038e-21, 3.02596259199e-21, 1.73045489444e-20, 2.36657859592e-20, 1.59814758164e-19, 1.04430156468e-18, 5.49133155425e-19, 1.13864833778e-18, 1.51063662912e-18, 7.22795589128e-19, 7.56903296012e-19, 1.39226315436e-18, 1.58633440852e-18, 2.71633705453e-18, 3.97822299927e-18, 2.28468980907e-18, 7.43407978735e-18, 8.41622358868e-18, 6.65020952449e-18, 6.11411459667e-18, 7.2027223331e-18, 1.29624247789e-17, 1.62240045516e-17, 9.47652851326e-18, 1.99640305537e-17, 2.17819998322e-17, 2.37899179035e-17, 2.66802457824e-17, 1.81336320594e-17, 2.59961376373e-17, 1.4980816611e-17, 1.50821528535e-17, 1.18782002725e-17, 8.2541011517e-18, 6.67070416493e-18, 3.05111731436e-18, 1.10280474068e-18, 3.82541513298e-19, 3.26233991295e-20],
        "var": [0.043221578002, 9.68395709991, 153.423675537, 335.865661621, 155.66242981, 319.029876709, 62.8333206177, 952.616394043, 6432.97363281, 11891.9960938, 15026.6113281, 4686.75732422, 6087.52587891, 19608.6210938, 7654.19580078, 3155.83886719, 4238.82617188, 2359.82592773, 1067.9888916, 408.646850586, 214.199874878, 284.861877441, 760.363464355, 166.583465576, 129.767776489, 31.2031917572, 59.4103240967, 154.545455933, 306.528747559, 163.3775177, 20.7064552307, 12.3640146255, 13.0255384445, 9.26617622375, 1.64835250378, 0.282561838627, 0.0107861487195, 0.000101200355857, 5.98434013455e-08, 1.29968347196e-09]
    },
    "gfcc": {
        "mean": [-59.6415328979, 135.168151855, -78.6218643188, 17.342924118, -41.0420913696, 17.7925834656, -43.2476768494, 13.0956306458, -20.2260932922, -2.2915520668, -20.8318500519, -9.57648563385, -23.1312732697],
        "cov": [[10061.4248047, -1200.7734375, -478.696258545, 399.931243896, -715.422912598, 778.361572266, 64.9127502441, 550.710021973, 63.0170402527, 143.255935669, -242.443527222, 244.649917603, 26.4277858734], [-1200.7734375, 1934.05859375, -282.059326172, -515.269470215, 687.968139648, -428.51751709, 161.379348755, -178.721984863, 102.839736938, -255.232772827, 255.125900269, -89.7692108154, -19.6510066986], [-478.696258545, -282.059326172, 711.782836914, 111.489990234, -104.407569885, 149.29447937, -58.7353858948, 50.4386940002, 61.0368232727, 118.480278015, -53.7959976196, 104.734519958, -1.86010587215], [399.931243896, -515.269470215, 111.489990234, 635.349731445, 6.3669719696, 42.9934501648, -81.9147186279, 4.65531635284, 93.129234314, 58.8342018127, -6.90647983551, -37.2701568604, 99.5545349121], [-715.422912598, 687.968139648, -104.407569885, 6.3669719696, 676.105041504, -227.9584198, -15.6410093307, -66.1948547363, 38.6036529541, -81.4629669189, 131.877716064, -113.604309082, 21.2069396973], [778.361572266, -428.51751709, 149.29447937, 42.9934501648, -227.9584198, 440.285705566, 116.590354919, 69.024307251, 26.8230495453, 63.7855186462, -70.4199142456, 65.3377304077, 27.4007778168], [64.9127502441, 161.379348755, -58.7353858948, -81.9147186279, -15.6410093307, 116.590354919, 347.579528809, 7.4166021347, -14.7184019089, -46.9473648071, 15.0923786163, 21.5575313568, -30.0966911316], [550.710021973, -178.721984863, 50.4386940002, 4.65531635284, -66.1948547363, 69.024307251, 7.4166021347, 230.80406189, 44.6964988708, 1.01823651791, -10.8203954697, 65.8623504639, 15.5499849319], [63.0170402527, 102.839736938, 61.0368232727, 93.129234314, 38.6036529541, 26.8230495453, -14.7184019089, 44.6964988708, 216.630386353, 15.8393325806, -11.3212718964, -1.6718275547, 59.2055549622], [143.255935669, -255.232772827, 118.480278015, 58.8342018127, -81.4629669189, 63.7855186462, -46.9473648071, 1.01823651791, 15.8393325806, 175.31312561, -66.3201522827, -33.3658103943, 15.7316589355], [-242.443527222, 255.125900269, -53.7959976196, -6.90647983551, 131.877716064, -70.4199142456, 15.0923786163, -10.8203954697, -11.3212718964, -66.3201522827, 160.289276123, 4.44160938263, -22.917514801], [244.649917603, -89.7692108154, 104.734519958, -37.2701568604, -113.604309082, 65.3377304077, 21.5575313568, 65.8623504639, -1.6718275547, -33.3658103943, 4.44160938263, 219.970123291, 4.39547395706], [26.4277858734, -19.6510066986, -1.86010587215, 99.5545349121, 21.2069396973, 27.4007778168, -30.0966911316, 15.5499849319, 59.2055549622, 15.7316589355, -22.917514801, 4.39547395706, 126.209388733]],
        "icov": [[0.00021040016145, -0.000384648476029, 0.000425274280133, -0.000553876336198, 0.000190373233636, -0.000586295849644, 0.000309185532387, -0.000643457053229, 0.000324196938891, -0.000395656912588, 0.000515319115948, -0.000332228461048, 0.000589908333495], [-0.000384648476029, 0.00402447767556, -0.00116468477063, 0.0040184580721, -0.00197774847038, 0.00296282931231, -0.00219313241541, 0.00321572017856, -0.00355302263051, 0.00247823586687, -0.00354375247844, 0.00113732391037, -0.00303515582345], [0.000425274280133, -0.00116468477063, 0.00291841640137, -0.00177161640022, 0.000310257222736, -0.00192671397235, 0.00120554398745, -0.00150116730947, 0.000520437897649, -0.00229301350191, 0.00157084781677, -0.00199779472314, 0.00240517663769], [-0.000553876336198, 0.0040184580721, -0.00177161640022, 0.00617746124044, -0.00182987260632, 0.00312131573446, -0.00199667853303, 0.00363104837015, -0.00393599784002, 0.00241627451032, -0.00426169624552, 0.00189992284868, -0.00474576000124], [0.000190373233636, -0.00197774847038, 0.000310257222736, -0.00182987260632, 0.00337602104992, -0.000538002583198, 0.000832892721519, -0.00138020131271, 0.00131497555412, -0.000607466965448, 0.000168014856172, 0.000663153012283, 0.000484651711304], [-0.000586295849644, 0.00296282931231, -0.00192671397235, 0.00312131573446, -0.000538002583198, 0.0063697504811, -0.0032681026496, 0.00243870471604, -0.0026687970385, 0.00138886552304, -0.00257365894504, 0.00104401237331, -0.0037035907153], [0.000309185532387, -0.00219313241541, 0.00120554398745, -0.00199667853303, 0.000832892721519, -0.0032681026496, 0.00495658116415, -0.00180345296394, 0.00181507354137, -0.000534538179636, 0.00189123093151, -0.000856483238749, 0.00274870195426], [-0.000643457053229, 0.00321572017856, -0.00150116730947, 0.00363104837015, -0.00138020131271, 0.00243870471604, -0.00180345296394, 0.0083236489445, -0.00387534219772, 0.0023546803277, -0.00324035692029, 5.97740436206e-05, -0.00307006016374], [0.000324196938891, -0.00355302263051, 0.000520437897649, -0.00393599784002, 0.00131497555412, -0.0026687970385, 0.00181507354137, -0.00387534219772, 0.00897621177137, -0.00208786246367, 0.00331208645366, -0.000594917568378, 0.000431660620961], [-0.000395656912588, 0.00247823586687, -0.00229301350191, 0.00241627451032, -0.000607466965448, 0.00138886552304, -0.000534538179636, 0.0023546803277, -0.00208786246367, 0.0103800557554, -0.000194598367671, 0.00318715022877, -0.00254884292372], [0.000515319115948, -0.00354375247844, 0.00157084781677, -0.00426169624552, 0.000168014856172, -0.00257365894504, 0.00189123093151, -0.00324035692029, 0.00331208645366, -0.000194598367671, 0.0122482161969, -0.00220235483721, 0.00487718917429], [-0.000332228461048, 0.00113732391037, -0.00199779472314, 0.00189992284868, 0.000663153012283, 0.00104401237331, -0.000856483238749, 5.97740436206e-05, -0.000594917568378, 0.00318715022877, -0.00220235483721, 0.00732668675482, -0.00260442518629], [0.000589908333495, -0.00303515582345, 0.00240517663769, -0.00474576000124, 0.000484651711304, -0.0037035907153, 0.00274870195426, -0.00307006016374, 0.000431660620961, -0.00254884292372, 0.00487718917429, -0.00260442518629, 0.0139540573582]]
    },
    "melbands": {
        "dmean": [0.000521261245012, 0.00140911259223, 0.000972326146439, 0.000400081917178, 9.32550101425e-05, 0.000124553233036, 0.000267363386229, 0.000253183039604, 0.000171541440068, 9.74779395619e-05, 6.62929815007e-05, 8.68447241373e-05, 4.76744244224e-05, 4.29931060353e-05, 2.18974728341e-05, 1.74574579432e-05, 1.54197077791e-05, 1.27369203256e-05, 6.25028314971e-06, 5.45769171367e-06, 3.93643813368e-06, 3.06707443087e-06, 6.00498151471e-06, 2.65615904027e-06, 1.72599914094e-06, 1.18607692912e-06, 1.02048454664e-06, 5.27921201865e-07, 6.59435158923e-07, 7.37941604712e-07, 8.94135553153e-07, 1.07352514078e-06, 1.11549650228e-06, 5.70086797325e-07, 3.53944471954e-07, 3.03439691152e-07, 3.81716063202e-07, 4.50321095968e-07, 5.87308306876e-07, 5.60401986149e-07],
        "dmean2": [0.000847960705869, 0.00234167999588, 0.00162314716727, 0.00063224643236, 0.000141378695844, 0.000191894956515, 0.000403628480854, 0.000375327799702, 0.000257933570538, 0.000149861603859, 9.0419256594e-05, 0.000115692630061, 6.6444335971e-05, 6.55111289234e-05, 3.1550462154e-05, 2.45770206675e-05, 2.19879220822e-05, 1.9387305656e-05, 9.11971073947e-06, 8.63036257215e-06, 6.14932605458e-06, 4.51200367024e-06, 9.78101525106e-06, 3.67331085727e-06, 2.34828326029e-06, 1.70736495875e-06, 1.52780353346e-06, 7.52197877318e-07, 9.37722973049e-07, 1.13358555609e-06, 1.326042252e-06, 1.52050290581e-06, 1.41615851135e-06, 8.0801828517e-07, 5.15073395491e-07, 4.56352751144e-07, 5.45342231817e-07, 6.36116510577e-07, 8.50293247368e-07, 8.14075406197e-07],
        "dvar": [8.14284703665e-07, 6.27036342848e-06, 1.98166026166e-06, 3.49706994029e-07, 2.96446636128e-08, 1.54828541099e-07, 6.62005504637e-07, 6.71878296998e-07, 2.67461985004e-07, 9.13514739409e-08, 4.71071786023e-08, 8.16861813746e-08, 4.38382095069e-08, 3.02498719407e-08, 4.84879691953e-09, 5.1095518927e-09, 3.79726738942e-09, 1.67030422826e-09, 7.08630099044e-10, 4.25044638375e-10, 9.49169284836e-11, 9.16371700743e-11, 7.2647476923e-10, 2.28082899789e-10, 4.99255602138e-11, 4.14017709005e-11, 3.64398441977e-11, 7.6447320696e-12, 1.12013402026e-11, 1.25341143714e-11, 3.24635388016e-11, 3.16675262402e-11, 3.18402179622e-11, 8.70627007987e-12, 2.92881994698e-12, 1.61702845124e-12, 2.18610568016e-12, 1.75883591545e-12, 3.82233741186e-12, 3.35319033824e-12],
        "dvar2": [1.85294538824e-06, 1.51077992996e-05, 4.9598043006e-06, 8.43069642542e-07, 6.08236945254e-08, 3.71525288756e-07, 1.41930945574e-06, 1.45305375554e-06, 6.03123680776e-07, 2.07493656035e-07, 9.38610043022e-08, 1.29455983711e-07, 7.64975567336e-08, 7.2278410812e-08, 9.15011710845e-09, 1.06333546412e-08, 5.76056491397e-09, 3.60322749415e-09, 1.25751697944e-09, 1.0248860649e-09, 2.27655977403e-10, 1.78516160187e-10, 1.88847515403e-09, 3.86191773005e-10, 8.89725237929e-11, 8.65142818496e-11, 8.24607188088e-11, 1.39632342147e-11, 1.97406917202e-11, 3.09954943656e-11, 6.68222976952e-11, 6.28394974944e-11, 3.97641086725e-11, 1.63661861841e-11, 6.34602223201e-12, 3.93732572587e-12, 4.76211734976e-12, 3.17806675074e-12, 7.78625601494e-12, 7.57000972323e-12],
        "max": [0.0115822441876, 0.0297112036496, 0.0174799691886, 0.00786456186324, 0.00275465194136, 0.00908330176026, 0.0139532191679, 0.0192917995155, 0.0098297894001, 0.00616447022185, 0.00424959696829, 0.00542675377801, 0.00526595814154, 0.00400975672528, 0.00118611496873, 0.0016997505445, 0.00181748089381, 0.000677650794387, 0.000682796118781, 0.000503231654875, 0.000174676300958, 0.000190798193216, 0.000661305326503, 0.000346511718817, 0.000144899167935, 0.000154545108671, 0.00012939987937, 6.93678739481e-05, 7.65830845921e-05, 7.55323999329e-05, 0.000183251511771, 0.000160923329531, 0.000190360951819, 7.60301481932e-05, 4.56536472484e-05, 2.33856808336e-05, 3.72100803361e-05, 2.4184009817e-05, 4.59094662801e-05, 3.60505728167e-05],
        "mean": [0.00209082546644, 0.00550790596753, 0.00304285250604, 0.000977613613941, 0.000253389182035, 0.000268696458079, 0.000478423287859, 0.000480234681163, 0.000352198665496, 0.00017760854098, 0.000143248893437, 0.00019365674234, 8.6360189016e-05, 7.89568657638e-05, 4.23087076342e-05, 3.69972949557e-05, 2.58146774286e-05, 2.2484733563e-05, 1.07612295324e-05, 9.09605932975e-06, 7.60780039855e-06, 6.06770481681e-06, 1.0984886103e-05, 4.02921386922e-06, 2.80704034594e-06, 1.82009694072e-06, 1.44592456763e-06, 7.21745038845e-07, 9.94335891846e-07, 1.1409617855e-06, 1.54647045747e-06, 1.83485849448e-06, 2.04384741664e-06, 1.02199271623e-06, 5.70116014842e-07, 4.93609604746e-07, 5.97669554736e-07, 7.59326610478e-07, 9.37257311762e-07, 8.50390506457e-07],
        "median": [0.000371386937331, 0.00373307918198, 0.0021240520291, 0.000726811238565, 0.000113626862003, 4.00368990086e-05, 0.000107512627437, 0.000119881806313, 8.47250048537e-05, 4.54936525784e-05, 6.1280279624e-06, 4.30809950558e-06, 7.74660747993e-06, 2.08055189432e-05, 6.47106935503e-06, 2.36827895606e-06, 4.88322348247e-06, 7.02175793776e-06, 1.78459845301e-06, 1.95580923901e-06, 2.37712697526e-06, 1.00889531041e-06, 2.19828029913e-06, 5.09124333803e-07, 4.42426710379e-07, 2.95293347108e-07, 2.19425331238e-07, 5.10277686772e-08, 3.63236480894e-08, 5.1692847336e-08, 5.3032454872e-08, 9.70311759829e-08, 9.74575158352e-08, 6.96526427646e-08, 6.15257107484e-08, 5.02218284737e-08, 3.32016725224e-08, 4.15150580579e-08, 7.87472558272e-08, 7.7554240363e-08],
        "min": [1.54707535314e-23, 2.29738068161e-24, 3.44578939908e-24, 3.21487521819e-24, 3.13282760982e-23, 1.32398754018e-23, 2.06083427052e-23, 1.41151749518e-23, 5.2186304324e-24, 4.34561700125e-24, 7.66215390759e-24, 6.56732383395e-24, 7.96557032212e-24, 1.07310594872e-23, 7.66690442796e-24, 4.19199107313e-24, 1.66759909996e-23, 1.65072504965e-23, 8.08142401239e-24, 7.45452492848e-24, 8.03682339453e-24, 7.16125326519e-24, 1.00211335819e-23, 1.24978996556e-23, 1.38719943783e-23, 6.21384354536e-24, 7.84098551936e-24, 1.41914972444e-23, 1.49733088886e-23, 8.54706967208e-24, 1.6901534221e-23, 1.46327576358e-23, 1.28296685199e-23, 9.89484562839e-24, 1.51380703772e-23, 1.45085672635e-23, 6.97584018688e-24, 1.04610142555e-23, 1.0681447236e-23, 1.01065569627e-23],
        "var": [6.2563622123e-06, 2.6098194212e-05, 7.81274866313e-06, 9.13626536203e-07, 1.63686209476e-07, 4.5755029987e-07, 1.35358561693e-06, 1.23409722619e-06, 7.252374985e-07, 1.63520113006e-07, 1.96321153112e-07, 3.88388656347e-07, 1.51351727595e-07, 4.55820909906e-08, 1.47893217672e-08, 1.57448756255e-08, 9.60009050033e-09, 2.67376720764e-09, 1.4111098956e-09, 8.21208823165e-10, 2.2939583566e-10, 2.36489633432e-10, 9.55228118826e-10, 4.03709732311e-10, 1.01945646369e-10, 6.4238801778e-11, 4.30009465535e-11, 1.3030107375e-11, 2.34261932769e-11, 2.54620682177e-11, 7.25185536621e-11, 8.56076806666e-11, 1.38236561087e-10, 2.82575681604e-11, 7.25199327672e-12, 3.65014182074e-12, 5.549513106e-12, 5.37917236795e-12, 9.49556405727e-12, 6.51465903792e-12]
    },
    "mfcc": {
        "mean": [-721.101196289, 173.718261719, 25.0752220154, 14.7405185699, 23.8370018005, 3.72821736336, -1.03729498386, 6.23974847794, 1.87219214439, -0.929141819477, 11.4464035034, -0.250008106232, 0.382888883352],
        "cov": [[7768.79199219, -1145.36169434, 65.2902679443, -470.392852783, -246.202453613, 63.9360618591, 1.24308264256, 422.86328125, 549.910522461, -6.73410367966, 312.73626709, -239.956588745, -110.170822144], [-1145.36169434, 2514.78295898, -722.181518555, -78.5190048218, 189.762283325, -174.582305908, 42.6049308777, 136.625610352, -286.089141846, 13.9389677048, -14.9486198425, -11.1452417374, 87.0884094238], [65.2902679443, -722.181518555, 881.391723633, -69.6058349609, -133.160232544, 155.849243164, -84.4684371948, 46.4515724182, 132.237426758, -10.2584867477, 84.8734130859, 30.0206069946, -15.6850376129], [-470.392852783, -78.5190048218, -69.6058349609, 530.930175781, 250.218414307, -16.0261116028, -51.91929245, -122.428634644, -21.3508167267, 52.5339584351, -125.952026367, 89.7968597412, 25.381778717], [-246.202453613, 189.762283325, -133.160232544, 250.218414307, 516.996398926, -46.9421272278, -59.0516090393, -101.90776062, -18.9240207672, 70.0398330688, -79.6098022461, 62.9638328552, 33.918674469], [63.9360618591, -174.582305908, 155.849243164, -16.0261116028, -46.9421272278, 322.904876709, 46.2795562744, -18.1009178162, 73.6428146362, 47.2303543091, 50.2343101501, -26.2875480652, -27.5346031189], [1.24308264256, 42.6049308777, -84.4684371948, -51.91929245, -59.0516090393, 46.2795562744, 269.093109131, 47.5084114075, -43.1471099854, -15.9205980301, 63.1843070984, 10.915230751, -19.5309257507], [422.86328125, 136.625610352, 46.4515724182, -122.428634644, -101.90776062, -18.1009178162, 47.5084114075, 365.242706299, 28.1401405334, -73.1632385254, 72.1940002441, -26.7986164093, -14.7042961121], [549.910522461, -286.089141846, 132.237426758, -21.3508167267, -18.9240207672, 73.6428146362, -43.1471099854, 28.1401405334, 278.731414795, 62.1463394165, 17.7520008087, -35.7927055359, -31.3136100769], [-6.73410367966, 13.9389677048, -10.2584867477, 52.5339584351, 70.0398330688, 47.2303543091, -15.9205980301, -73.1632385254, 62.1463394165, 249.517990112, -4.22597503662, -36.7552146912, 5.93859577179], [312.73626709, -14.9486198425, 84.8734130859, -125.952026367, -79.6098022461, 50.2343101501, 63.1843070984, 72.1940002441, 17.7520008087, -4.22597503662, 184.169967651, -5.46555948257, -35.5847091675], [-239.956588745, -11.1452417374, 30.0206069946, 89.7968597412, 62.9638328552, -26.2875480652, 10.915230751, -26.7986164093, -35.7927055359, -36.7552146912, -5.46555948257, 156.872299194, -4.94492483139], [-110.170822144, 87.0884094238, -15.6850376129, 25.381778717, 33.918674469, -27.5346031189, -19.5309257507, -14.7042961121, -31.3136100769, 5.93859577179, -35.5847091675, -4.94492483139, 127.931739807]],
