{
"lowlevel": {
    "average_loudness": 0.942038834095,
    "barkbands_crest": {
        "dmean": 1.92748999596,
        "dmean2": 3.00539851189,
        "dvar": 3.8049826622,
        "dvar2": 9.87689113617,
        "max": 21.7693691254,
        "mean": 10.6023597717,
        "median": 9.9680814743,
        "min": 3.90452003479,
        "var": 11.7060203552
    },
    "barkbands_flatness_db": {
        "dmean": 0.0162988398224,
        "dmean2": 0.0233801528811,
        "dvar": 0.000224254035857,
        "dvar2": 0.000432558852481,
        "max": 0.332033157349,
        "mean": 0.18752656877,
        "median": 0.187549158931,
        "min": 0.0689474120736,
        "var": 0.00194794579875
    },
    "barkbands_kurtosis": {
        "dmean": 1.74852120876,
        "dmean2": 2.57628941536,
        "dvar": 6.67546081543,
        "dvar2": 16.1033592224,
        "max": 34.2182540894,
        "mean": 3.56621432304,
        "median": 2.53220748901,
        "min": -1.91461467743,
        "var": 18.8495922089
    },
    "barkbands_skewness": {
        "dmean": 0.346483767033,
        "dmean2": 0.480911493301,
        "dvar": 0.128142505884,
        "dvar2": 0.265340447426,
        "max": 5.30781269073,
        "mean": 1.23007678986,
        "median": 1.13926959038,
        "min": -1.37304675579,
        "var": 0.826739549637
    },
    "barkbands_spread": {
        "dmean": 2.72262310982,
        "dmean2": 3.8011469841,
        "dvar": 21.7109527588,
        "dvar2": 36.1631164551,
        "max": 85.3168640137,
        "mean": 13.5707054138,
        "median": 11.0454082489,
        "min": 2.20591878891,
        "var": 112.484069824
    },
    "dissonance": {
        "dmean": 0.0333521291614,
        "dmean2": 0.0557087622583,
        "dvar": 0.00093773577828,
        "dvar2": 0.00246268650517,
        "max": 0.499937444925,
        "mean": 0.411114633083,
        "median": 0.418489813805,
        "min": 0.212793618441,
        "var": 0.00294923782349
    },
    "dynamic_complexity": 4.82743263245,
    "erbbands_crest": {
        "dmean": 2.59782886505,
        "dmean2": 3.99283432961,
        "dvar": 7.40904951096,
        "dvar2": 17.3049278259,
        "max": 29.5924720764,
        "mean": 13.8947954178,
        "median": 13.2573661804,
        "min": 3.09062623978,
        "var": 31.0212860107
    },
    "erbbands_flatness_db": {
        "dmean": 0.0157529618591,
        "dmean2": 0.0212223213166,
        "dvar": 0.00024468472111,
        "dvar2": 0.000455694505945,
        "max": 0.338105976582,
        "mean": 0.204599067569,
        "median": 0.206690624356,
        "min": 0.0821757689118,
        "var": 0.0018628120888
    },
    "erbbands_kurtosis": {
        "dmean": 1.70949912071,
        "dmean2": 2.50587534904,
        "dvar": 5.4422545433,
        "dvar2": 11.5131044388,
        "max": 38.9835624695,
        "mean": 3.82222151756,
        "median": 2.427775383,
        "min": -1.70008635521,
        "var": 26.6806201935
    },
    "erbbands_skewness": {
        "dmean": 0.348225682974,
        "dmean2": 0.512236714363,
        "dvar": 0.12662230432,
        "dvar2": 0.262119293213,
        "max": 4.13765716553,
        "mean": 0.964722931385,
        "median": 0.887901127338,
        "min": -3.29392671585,
        "var": 0.758758544922
    },
    "erbbands_spread": {
        "dmean": 5.25296401978,
        "dmean2": 7.46584129333,
        "dvar": 51.5998268127,
        "dvar2": 102.333465576,
        "max": 103.390617371,
        "mean": 24.0039596558,
        "median": 18.4773178101,
        "min": 3.39476490021,
        "var": 275.398010254
    },
    "hfc": {
        "dmean": 3.96117711067,
        "dmean2": 5.40472602844,
        "dvar": 34.2849311829,
        "dvar2": 64.7781829834,
        "max": 67.2284927368,
        "mean": 16.3547725677,
        "median": 12.5144081116,
        "min": 1.0048314607e-06,
        "var": 200.035812378
    },
    "melbands_crest": {
        "dmean": 2.35870027542,
        "dmean2": 3.73353338242,
        "dvar": 5.78373003006,
        "dvar2": 14.1378288269,
        "max": 30.7252521515,
        "mean": 14.2659025192,
        "median": 13.4346694946,
        "min": 5.52973270416,
        "var": 20.3080291748
    },
    "melbands_flatness_db": {
        "dmean": 0.0180169679224,
        "dmean2": 0.0241154655814,
        "dvar": 0.000300024024909,
        "dvar2": 0.000553990073968,
        "max": 0.440694600344,
        "mean": 0.252013981342,
        "median": 0.250137537718,
        "min": 0.0820081755519,
        "var": 0.00350237451494
    },
    "melbands_kurtosis": {
        "dmean": 3.10008454323,
        "dmean2": 4.58483505249,
        "dvar": 29.5184001923,
        "dvar2": 67.0570144653,
        "max": 92.0359268188,
        "mean": 7.15491247177,
        "median": 4.35553455353,
        "min": -1.44495511055,
        "var": 88.7832107544
    },
    "melbands_skewness": {
        "dmean": 0.428503274918,
        "dmean2": 0.607746779919,
        "dvar": 0.238498911262,
        "dvar2": 0.510750353336,
        "max": 8.14869403839,
        "mean": 1.70162177086,
        "median": 1.53018808365,
        "min": -0.982317864895,
        "var": 1.59129309654
    },
    "melbands_spread": {
        "dmean": 2.91138100624,
        "dmean2": 4.19087600708,
        "dvar": 34.285484314,
        "dvar2": 54.7684860229,
        "max": 185.649337769,
        "mean": 15.7010755539,
        "median": 13.737443924,
        "min": 1.84526026249,
        "var": 156.008926392
    },
    "pitch_salience": {
        "dmean": 0.05388250947,
        "dmean2": 0.0854813084006,
        "dvar": 0.00302218971774,
        "dvar2": 0.00746376160532,
        "max": 0.803967475891,
        "mean": 0.517788887024,
        "median": 0.499793320894,
        "min": 0.170299604535,
        "var": 0.0136269973591
    },
    "silence_rate_20dB": {
        "dmean": 0,
        "dmean2": 0,
        "dvar": 0,
        "dvar2": 0,
        "max": 1,
        "mean": 1,
        "median": 1,
        "min": 1,
        "var": 0
    },
    "silence_rate_30dB": {
        "dmean": 0,
        "dmean2": 0,
        "dvar": 0,
        "dvar2": 0,
        "max": 1,
        "mean": 1,
        "median": 1,
        "min": 1,
        "var": 0
    },
    "silence_rate_60dB": {
        "dmean": 0.00773993786424,
        "dmean2": 0.0154918665066,
        "dvar": 0.00768018793315,
        "dvar2": 0.0183505341411,
        "max": 1,
        "mean": 0.107501931489,
        "median": 0,
        "min": 0,
        "var": 0.0959470644593
    },
    "spectral_centroid": {
        "dmean": 113.462051392,
        "dmean2": 163.774246216,
        "dvar": 42832.6132812,
        "dvar2": 70403.25,
        "max": 4554.15771484,
        "mean": 821.430786133,
        "median": 703.929077148,
        "min": 215.13470459,
        "var": 246308.75
    },
    "spectral_complexity": {
        "dmean": 1.99845206738,
        "dmean2": 3.05189776421,
        "dvar": 4.55107975006,
        "dvar2": 9.13518047333,
        "max": 38,
        "mean": 11.9984531403,
        "median": 12,
        "min": 0,
        "var": 36.2164764404
    },
    "spectral_decrease": {
        "dmean": 1.52649748397e-09,
        "dmean2": 2.24594320919e-09,
        "dvar": 4.57857414425e-18,
        "dvar2": 9.34126297642e-18,
        "max": -6.79369233972e-16,
        "mean": -6.62117205508e-09,
        "median": -5.48494449859e-09,
        "min": -2.50232883303e-08,
        "var": 2.35213671001e-17
    },
    "spectral_energy": {
        "dmean": 0.00606995960698,
        "dmean2": 0.00888606999069,
        "dvar": 7.24386263755e-05,
        "dvar2": 0.000147345766891,
        "max": 0.10013768822,
        "mean": 0.0264732446522,
        "median": 0.0218380894512,
        "min": 2.65523758536e-09,
        "var": 0.000376813375624
    },
    "spectral_energyband_high": {
        "dmean": 0.00016975105973,
        "dmean2": 0.00021792150801,
        "dvar": 1.89665314565e-07,
        "dvar2": 3.35825831144e-07,
        "max": 0.00886553246528,
        "mean": 0.000393658760004,
        "median": 0.000106191058876,
        "min": 3.02362440641e-11,
        "var": 8.06207879123e-07
    },
    "spectral_energyband_low": {
        "dmean": 0.00176766049117,
        "dmean2": 0.00274761184119,
        "dvar": 7.61109185987e-06,
        "dvar2": 1.99672504095e-05,
        "max": 0.0362633243203,
        "mean": 0.00666155759245,
        "median": 0.00549124460667,
        "min": 1.72270053778e-09,
        "var": 3.60545636795e-05
    },
    "spectral_energyband_middle_high": {
        "dmean": 0.00137741281651,
        "dmean2": 0.00187920650933,
        "dvar": 7.12708879291e-06,
        "dvar2": 1.23011568576e-05,
        "max": 0.0618966221809,
        "mean": 0.00467804912478,
        "median": 0.00218814960681,
        "min": 1.14011480812e-10,
        "var": 5.34828322998e-05
    },
    "spectral_energyband_middle_low": {
        "dmean": 0.00506734382361,
        "dmean2": 0.00746838375926,
        "dvar": 6.04663000559e-05,
        "dvar2": 0.00012213581067,
        "max": 0.0759789273143,
        "mean": 0.0159646905959,
        "median": 0.0117416642606,
        "min": 9.02503682898e-10,
        "var": 0.000195803746465
    },
    "spectral_entropy": {
        "dmean": 0.163586094975,
        "dmean2": 0.222324192524,
        "dvar": 0.0246360618621,
        "dvar2": 0.0427894927561,
        "max": 8.43277740479,
        "mean": 7.02618503571,
        "median": 6.99342155457,
        "min": 5.75118732452,
        "var": 0.294166266918
    },
    "spectral_flux": {
        "dmean": 0.0210131034255,
        "dmean2": 0.0333588644862,
        "dvar": 0.000639038858935,
        "dvar2": 0.00155914702918,
        "max": 0.23787112534,
        "mean": 0.0613667778671,
        "median": 0.0538783594966,
        "min": 0.000130470449221,
        "var": 0.00199859519489
    },
    "spectral_kurtosis": {
        "dmean": 2.69880390167,
        "dmean2": 4.32808351517,
        "dvar": 10.0784339905,
        "dvar2": 26.862821579,
        "max": 39.0015945435,
        "mean": 7.67979240417,
        "median": 6.00900268555,
        "min": -1.13597428799,
        "var": 40.4146842957
    },
    "spectral_rms": {
        "dmean": 0.000537446292583,
        "dmean2": 0.000768830126617,
        "dvar": 4.46519038633e-07,
        "dvar2": 8.41246503569e-07,
        "max": 0.0098840938881,
        "mean": 0.00462419586256,
        "median": 0.00461578322574,
        "min": 1.60949548444e-06,
        "var": 4.44436045655e-06
    },
    "spectral_rolloff": {
        "dmean": 156.898681641,
        "dmean2": 259.148223877,
        "dvar": 264570.34375,
        "dvar2": 463902.78125,
        "max": 8118.01757812,
        "mean": 907.965270996,
        "median": 710.595703125,
        "min": 129.19921875,
        "var": 891692.4375
    },
    "spectral_skewness": {
        "dmean": 0.299504935741,
        "dmean2": 0.447754323483,
        "dvar": 0.0824085474014,
        "dvar2": 0.197293490171,
        "max": 4.84794950485,
        "mean": 2.10802769661,
        "median": 2.0587720871,
        "min": -0.351148426533,
        "var": 0.667407989502
    },
    "spectral_spread": {
        "dmean": 506538.40625,
        "dmean2": 724917.3125,
        "dvar": 380715761664,
        "dvar2": 680835088384,
        "max": 10215092,
        "mean": 4067199,
        "median": 3895795.5,
        "min": 1202027.25,
        "var": 2.0377117655e+12
    },
    "spectral_strongpeak": {
        "dmean": 0.546809792519,
        "dmean2": 0.904636979103,
        "dvar": 0.739854633808,
        "dvar2": 1.7240511179,
        "max": 8.05381584167,
        "mean": 1.50700497627,
        "median": 1.02694129944,
        "min": 4.20610813308e-05,
        "var": 2.10562849045
    },
    "zerocrossingrate": {
        "dmean": 0.00546746514738,
        "dmean2": 0.00610748678446,
        "dvar": 6.7563916673e-05,
        "dvar2": 5.53667305212e-05,
        "max": 0.25390625,
        "mean": 0.0387875810266,
        "median": 0.033203125,
        "min": 0.0087890625,
        "var": 0.000597495643888
    },
    "barkbands": {
        "dmean": [1.55867910507e-05, 0.000543081609067, 0.0012095423881, 0.000820442975964, 0.000825103779789, 0.00131391501054, 0.00160342035815, 0.00151330360677, 0.00185372773558, 0.000979827367701, 0.000218137851334, 0.000205913442187, 0.000209902122151, 0.000238409382291, 0.000165369376191, 6.34063108009e-05, 5.01758549944e-05, 1.96764849534e-05, 4.64289805677e-05, 6.20882638032e-05, 5.48214629816e-05, 5.28662567376e-05, 3.86121755582e-05, 3.03052074742e-05, 1.04017835838e-05, 2.42813916884e-06, 3.52565940887e-08],
        "dmean2": [2.71322387562e-05, 0.000871255469974, 0.00186909653712, 0.00134812563192, 0.00140205281787, 0.00200547254644, 0.00234005460516, 0.00227569183335, 0.00267907255329, 0.00137251394335, 0.000309631723212, 0.000309614173602, 0.000311547599267, 0.00034784708987, 0.000266812421614, 9.4575327239e-05, 7.78199319029e-05, 3.12153570121e-05, 6.99199154042e-05, 9.35799398576e-05, 8.13792721601e-05, 7.37565715099e-05, 5.2911513194e-05, 4.0533948777e-05, 1.40648680826e-05, 3.59608270628e-06, 6.30510115229e-08],
        "dvar": [4.77547001942e-10, 9.976461115e-07, 3.75836930289e-06, 1.6128350353e-06, 1.87529587947e-06, 7.34525247026e-06, 1.47796263263e-05, 1.59748196893e-05, 2.47466559813e-05, 6.15313592789e-06, 3.77177798327e-07, 6.14024315837e-07, 5.15021952197e-07, 3.37467383815e-07, 2.39123522761e-07, 2.83771548482e-08, 1.01773034444e-08, 1.59894364415e-09, 2.07303703093e-08, 4.1257848693e-08, 6.18202662395e-08, 1.70588609905e-08, 1.01589101575e-08, 1.08490239015e-08, 3.73862329983e-10, 2.51268450491e-11, 2.45765525444e-14],
        "dvar2": [1.38622902046e-09, 2.94936558021e-06, 9.2757954917e-06, 4.4459898163e-06, 5.07968297825e-06, 1.7180776922e-05, 3.0766484997e-05, 3.4820408473e-05, 5.66697526665e-05, 9.87873954728e-06, 7.60797149724e-07, 1.33337175612e-06, 8.74632462455e-07, 6.95161020303e-07, 5.4661387594e-07, 5.49608714095e-08, 2.41659012801e-08, 3.88843446331e-09, 4.6170939072e-08, 7.29312930048e-08, 1.50762943463e-07, 3.29078986283e-08, 1.69314979814e-08, 1.68813087953e-08, 6.35324015619e-10, 5.20699768025e-11, 6.7988786801e-14],
        "max": [0.00022837263532, 0.0160520281643, 0.0258191749454, 0.0138209871948, 0.0167595092207, 0.0320638306439, 0.0479234158993, 0.0532450452447, 0.065827280283, 0.0619988851249, 0.013004408218, 0.0211925189942, 0.0211683046073, 0.00997347384691, 0.00763448653743, 0.00345191592351, 0.00144259480294, 0.000517451087944, 0.00332255312242, 0.00584515975788, 0.00570933101699, 0.00235711480491, 0.00208160304464, 0.00397339556366, 0.000468940823339, 0.000116799288662, 2.98733402815e-06],
        "mean": [1.75240256794e-05, 0.00164694373962, 0.00425295718014, 0.00146140134893, 0.00124667899217, 0.00260072457604, 0.00286991405301, 0.00257575954311, 0.00434169173241, 0.00266707409173, 0.00048397629871, 0.000356691482011, 0.00040716942749, 0.000438590242993, 0.000262924906565, 0.000142387070809, 9.07577195903e-05, 3.88523876609e-05, 8.27992626e-05, 0.000127002364025, 0.000100325683889, 9.88564352156e-05, 7.82944262028e-05, 5.80683736189e-05, 2.15000527533e-05, 4.39150380771e-06, 3.19450634834e-08],
        "median": [9.80358890956e-06, 0.000782933086157, 0.00325650721788, 0.000871783529874, 0.000744595134165, 0.00102320383303, 0.000460466515506, 0.000563284789678, 0.00140102289151, 0.000270485994406, 8.039191016e-05, 0.000125475620735, 0.000113909991342, 0.000123312667711, 7.67374804127e-05, 4.43579629064e-05, 3.64504012396e-05, 1.90793853108e-05, 2.84529360215e-05, 2.71568969765e-05, 1.76823468792e-05, 1.80735678441e-05, 1.99375608645e-05, 1.67505731952e-05, 7.62802665122e-06, 1.15390037081e-06, 1.98986138678e-09],
        "min": [5.71043212716e-12, 1.10501374717e-09, 4.51691462011e-10, 2.1929541516e-10, 1.24037669025e-10, 1.58855512078e-10, 8.35557179002e-11, 1.24551063907e-10, 1.90736468286e-10, 4.64420038884e-12, 2.49157448146e-11, 4.33286774515e-11, 2.80364381884e-12, 6.18376790745e-12, 3.83678982682e-12, 5.46713119654e-13, 7.04627925018e-13, 5.43127120969e-13, 1.81469737241e-12, 3.31609175883e-12, 2.09422800282e-12, 1.92016584924e-12, 3.16265373265e-12, 3.74798282687e-12, 3.68916659374e-12, 6.08919338563e-12, 6.38549412998e-12],
        "var": [5.27285382024e-10, 3.76956381842e-06, 1.94589738385e-05, 3.14958924719e-06, 2.46469494414e-06, 1.61646948982e-05, 3.57384742529e-05, 2.60559136223e-05, 4.87351135234e-05, 3.92466572521e-05, 1.57174861215e-06, 9.50049127368e-07, 2.04644175028e-06, 9.85696829048e-07, 4.25683197136e-07, 1.31119961111e-07, 2.15680451277e-08, 3.40029182588e-09, 4.64354990015e-08, 1.7944429942e-07, 1.49205789057e-07, 5.45494174276e-08, 3.9337404445e-08, 3.50109559122e-08, 1.38966327334e-09, 7.74347461152e-11, 2.85935554747e-14]
    },
    "erbbands": {
        "dmean": [0.00497881602496, 0.165398076177, 1.15265905857, 2.07540345192, 3.00347352028, 2.60503649712, 3.83105349541, 13.4297571182, 22.3490161896, 21.1179275513, 37.7597503662, 42.8538703918, 31.5376319885, 14.9191436768, 7.07172298431, 8.87949466705, 8.90903377533, 9.90056419373, 11.6494207382, 5.39884757996, 2.51930713654, 2.73758864403, 1.17001211643, 0.99006062746, 3.67004275322, 2.53153204918, 1.75420975685, 2.41035795212, 1.94056558609, 1.51642632484, 1.02305209637, 0.807720899582, 0.401652097702, 0.162314251065, 0.0520531982183, 0.0157756451517, 0.00399923231453, 0.000337563396897, 8.59747342474e-06, 7.08021752871e-06],
        "dmean2": [0.00796476844698, 0.263056993484, 1.73907744884, 3.38116693497, 5.00946521759, 4.57227659225, 5.70449352264, 20.7541942596, 33.1594810486, 30.6979064941, 55.202911377, 63.5868263245, 45.0883674622, 21.2042598724, 9.82048034668, 12.9340276718, 13.1379747391, 14.7092018127, 17.5565414429, 8.00751590729, 3.60141015053, 4.27707338333, 1.81774115562, 1.51531338692, 5.40046834946, 3.87295413017, 2.68511891365, 3.48506379128, 2.76591801643, 2.1209359169, 1.42829763889, 1.06943571568, 0.564383506775, 0.223706752062, 0.0722243264318, 0.0227729827166, 0.00601355452091, 0.000532575242687, 1.28111250888e-05, 1.02356798379e-05],
        "dvar": [6.73547547194e-05, 0.0907739922404, 3.61338019371, 9.55630779266, 21.884147644, 22.9513092041, 79.5858612061, 908.582824707, 3582.6328125, 2966.87695312, 9051.88378906, 14318.6640625, 6104.26904297, 1465.98181152, 373.027862549, 1446.61889648, 1112.76049805, 446.340667725, 946.724731445, 229.878112793, 39.5109672546, 34.3017578125, 4.60281324387, 6.0405626297, 184.978973389, 55.8579101562, 34.9037322998, 145.57510376, 25.6787166595, 15.6903219223, 8.66320514679, 8.65605163574, 1.45166313648, 0.119649879634, 0.0087754316628, 0.000951884489041, 8.29914788483e-05, 8.44363228225e-07, 3.48594653143e-10, 9.6041750941e-11],
        "dvar2": [0.000174685934326, 0.263078302145, 8.69416618347, 26.587556839, 58.3856201172, 63.7099685669, 160.856307983, 2154.88183594, 7628.00146484, 6474.94189453, 18285.8496094, 33902.6523438, 9257.78515625, 2885.37597656, 784.13482666, 3130.15576172, 2029.33959961, 893.943908691, 2065.07275391, 473.925598145, 63.614402771, 82.4304580688, 10.743396759, 12.6815738678, 333.932739258, 115.57232666, 86.6203231812, 349.094787598, 50.424747467, 31.3775482178, 14.7944059372, 13.768157959, 2.69004631042, 0.207314223051, 0.0165971610695, 0.00213365186937, 0.000168183643837, 1.87504940641e-06, 7.71183006343e-10, 1.9679521901e-10],
        "max": [0.145254388452, 4.72048044205, 26.2164154053, 37.3869857788, 67.0457611084, 52.5324897766, 159.830200195, 403.927886963, 833.552490234, 784.497192383, 1431.23425293, 1680.15930176, 2076.5534668, 833.087219238, 394.040527344, 1054.33691406, 1096.78295898, 360.857513428, 594.725463867, 319.105926514, 222.867004395, 94.0809249878, 26.7922706604, 53.2071876526, 388.935028076, 169.741088867, 122.237724304, 306.565490723, 93.076713562, 71.6780319214, 67.2684326172, 116.05304718, 35.4090042114, 9.64573192596, 2.44940066338, 0.80156058073, 0.20466569066, 0.0188322663307, 0.000354936724762, 0.000117988936836],
        "mean": [0.0181578285992, 0.542624533176, 4.35580682755, 4.88111305237, 5.16513967514, 3.80816626549, 8.23051071167, 26.3347930908, 41.8856658936, 38.9721984863, 73.2226028442, 107.530075073, 89.2994537354, 41.1335906982, 16.5287895203, 15.6203975677, 18.7047519684, 20.3978366852, 20.2697963715, 11.5002975464, 6.60253667831, 5.27032470703, 2.5847761631, 2.13976764679, 7.24861431122, 5.08394765854, 3.32924985886, 4.36656951904, 3.60295748711, 2.89075708389, 2.12169265747, 1.54260098934, 0.766231477261, 0.327889323235, 0.106199339032, 0.0299168210477, 0.00652666063979, 0.000459659495391, 2.55067716353e-05, 3.16851255775e-05],
        "median": [0.0129840960726, 0.320546150208, 3.29147648811, 3.84950256348, 3.32546329498, 2.27560329437, 3.24055838585, 9.42952537537, 8.27156925201, 8.8713312149, 25.1255397797, 29.6904201508, 34.8662605286, 6.96104860306, 3.71294617653, 5.56381511688, 6.43294906616, 8.08416461945, 6.69314575195, 3.13580083847, 2.24728345871, 2.15526080132, 1.30479240417, 1.04213261604, 1.75454878807, 1.2387149334, 0.739472448826, 0.755029916763, 0.698040604591, 0.653393030167, 0.51835423708, 0.377114862204, 0.24001544714, 0.119903787971, 0.0357757098973, 0.00919428188354, 0.00138948287349, 8.83594184415e-05, 1.90245282283e-05, 2.73611076409e-05],
        "min": [1.87619129122e-08, 2.75860827514e-07, 6.04044771535e-07, 6.24393805992e-07, 5.7045565427e-07, 3.33660210572e-07, 1.15025238756e-06, 1.06062009309e-06, 8.64170885961e-07, 1.16990929655e-06, 5.3573266996e-06, 3.574329412e-06, 2.45855034109e-07, 2.93517672389e-07, 2.8944823498e-06, 1.31069543841e-06, 1.6345052245e-07, 1.73655962499e-07, 3.10672447768e-07, 1.43468795955e-07, 3.49580844272e-08, 4.77714827696e-08, 3.03652498701e-08, 4.86213060924e-08, 1.09290979822e-07, 1.07785474768e-07, 1.67279537777e-07, 5.86059911711e-08, 8.3242021276e-08, 7.34849976425e-08, 9.10410662414e-08, 6.88592507458e-08, 7.26471611756e-08, 4.24752286676e-08, 2.48923157642e-08, 1.88337931917e-08, 1.28494050955e-08, 3.64613694792e-09, 7.09334591065e-10, 1.0856060495e-10],
        "var": [0.000330975017278, 0.368495315313, 21.6895122528, 23.735660553, 35.1806335449, 26.9373912811, 211.224594116, 2015.05554199, 8498.12109375, 5890.65869141, 18095, 29962.7753906, 30703.6601562, 7629.42675781, 1284.88586426, 2068.51635742, 3844.67333984, 1589.99841309, 1988.72351074, 798.473815918, 245.749664307, 72.9962539673, 13.5451965332, 12.5547523499, 672.773620605, 184.503509521, 87.8672332764, 316.667419434, 78.3599395752, 44.9140357971, 32.865070343, 27.1480693817, 4.22606182098, 0.400191903114, 0.0300560742617, 0.00289538665675, 0.000219845387619, 1.77661001999e-06, 1.03773767357e-09, 5.27689558716e-10]
    },
    "gfcc": {
        "mean": [-53.5796775818, 127.56665802, -111.94669342, 21.9877300262, -73.5740203857, 22.2532730103, -34.9891624451, 7.05355072021, -13.3087310791, -0.605538487434, -17.6371707916, -17.6672458649, -11.1407518387],
        "cov": [[14031.5693359, -1961.12426758, -712.123596191, 364.665985107, -957.6015625, -114.346534729, -226.517120361, 337.814086914, -392.290863037, 161.294555664, -391.635070801, 146.825653076, -220.386047363], [-1961.12426758, 1049.20910645, 1.65031659603, -282.338378906, 329.268585205, -139.396133423, 88.872215271, -62.9929962158, 99.1238327026, -127.861419678, 174.898574829, -71.3683013916, 42.0893859863], [-712.123596191, 1.65031659603, 222.107147217, 56.528591156, 32.8034553528, 79.3285827637, 48.4252586365, -7.80868768692, 6.85650205612, 22.624130249, -27.2060909271, 13.205075264, -5.30645465851], [364.665985107, -282.338378906, 56.528591156, 409.47479248, -8.87193393707, 18.0972137451, -47.5070724487, -52.6583709717, 3.13980746269, 66.0600357056, -38.29945755, 5.93342924118, 28.7796230316], [-957.6015625, 329.268585205, 32.8034553528, -8.87193393707, 310.042053223, -20.0343723297, 20.2930412292, -27.1223220825, 26.7387142181, -8.12823104858, 28.6216163635, -11.9346418381, 29.5076694489], [-114.346534729, -139.396133423, 79.3285827637, 18.0972137451, -20.0343723297, 253.898681641, 128.620437622, -3.35320734978, 8.74641990662, 8.36944484711, -55.5015602112, -3.40082216263, -11.6918306351], [-226.517120361, 88.872215271, 48.4252586365, -47.5070724487, 20.2930412292, 128.620437622, 283.208129883, 56.0341644287, -5.91305446625, -13.0530939102, -42.4040222168, 4.65240812302, -7.78656435013], [337.814086914, -62.9929962158, -7.80868768692, -52.6583709717, -27.1223220825, -3.35320734978, 56.0341644287, 136.915374756, -15.4555635452, -1.53924250603, -24.3875026703, 11.4283342361, -7.74415874481], [-392.290863037, 99.1238327026, 6.85650205612, 3.13980746269, 26.7387142181, 8.74641990662, -5.91305446625, -15.4555635452, 104.829154968, 6.99940061569, 18.2104816437, -38.8945960999, -1.87166118622], [161.294555664, -127.861419678, 22.624130249, 66.0600357056, -8.12823104858, 8.36944484711, -13.0530939102, -1.53924250603, 6.99940061569, 106.392242432, -13.7472867966, 8.24263858795, -13.6497945786], [-391.635070801, 174.898574829, -27.2060909271, -38.29945755, 28.6216163635, -55.5015602112, -42.4040222168, -24.3875026703, 18.2104816437, -13.7472867966, 122.034988403, 5.44964981079, 4.24640226364], [146.825653076, -71.3683013916, 13.205075264, 5.93342924118, -11.9346418381, -3.40082216263, 4.65240812302, 11.4283342361, -38.8945960999, 8.24263858795, 5.44964981079, 96.9575653076, 9.12954711914], [-220.386047363, 42.0893859863, -5.30645465851, 28.7796230316, 29.5076694489, -11.6918306351, -7.78656435013, -7.74415874481, -1.87166118622, -13.6497945786, 4.24640226364, 9.12954711914, 91.2394332886]],
        "icov": [[0.00017014547484, -0.00013275440142, 0.000645731342956, -0.000287181057502, 0.000390112923924, -0.00014102406567, 0.000228460645303, -0.000387529144064, 0.000439781753812, -0.00020072470943, 0.000543639122043, -0.000224471048568, 0.000418881507358], [-0.00013275440142, 0.00639223819599, -0.00243756873533, 0.00344863208011, -0.00467971153557, 0.0045788642019, -0.0044516841881, 0.0037101523485, -0.0035137438681, 0.00403888244182, -0.0057660927996, 0.00314547331072, -0.00197803322226], [0.000645731342956, -0.00243756873533, 0.00862267613411, -0.00270277028903, 0.00203887792304, -0.0033504460007, 0.00188241538126, -0.00234500039369, 0.00216557271779, -0.00247411243618, 0.0042567178607, -0.00287358742207, 0.00267482502386], [-0.000287181057502, 0.00344863208011, -0.00270277028903, 0.00535119278356, -0.00269252830185, 0.00253403489478, -0.00213888171129, 0.00355914211832, -0.00237908144481, 0.000525296316482, -0.00260538631119, 0.00187038769946, -0.00285072042607], [0.000390112923924, -0.00467971153557, 0.00203887792304, -0.00269252830185, 0.00766898272559, -0.00268188049085, 0.00274780998006, -0.00245055626146, 0.00256700348109, -0.00320934318006, 0.00433719530702, -0.0021634362638, 0.000858738319948], [-0.00014102406567, 0.0045788642019, -0.0033504460007, 0.00253403489478, -0.00268188049085, 0.00958578195423, -0.00594346411526, 0.00432342384011, -0.00347079872154, 0.00280888914131, -0.00240323250182, 0.00228949496523, -0.00125984707847], [0.000228460645303, -0.0044516841881, 0.00188241538126, -0.00213888171129, 0.00274780998006, -0.00594346411526, 0.00870457012206, -0.0049977269955, 0.0029497272335, -0.00222927634604, 0.004898250103, -0.00251993141137, 0.0018091412494], [-0.000387529144064, 0.0037101523485, -0.00234500039369, 0.00355914211832, -0.00245055626146, 0.00432342384011, -0.0049977269955, 0.0120228054002, -0.00249042944051, 0.00193436036352, -0.00216354406439, 0.00121484918054, -0.0017486900324], [0.000439781753812, -0.0035137438681, 0.00216557271779, -0.00237908144481, 0.00256700348109, -0.00347079872154, 0.0029497272335, -0.00249042944051, 0.0149985384196, -0.00387075170875, 0.0016619276721, 0.00303941359743, 0.00167209364008], [-0.00020072470943, 0.00403888244182, -0.00247411243618, 0.000525296316482, -0.00320934318006, 0.00280888914131, -0.00222927634604, 0.00193436036352, -0.00387075170875, 0.013966945, -0.00307782227173, 0.000520237197634, 0.000815509411041], [0.000543639122043, -0.0057660927996, 0.0042567178607, -0.00260538631119, 0.00433719530702, -0.00240323250182, 0.004898250103, -0.00216354406439, 0.0016619276721, -0.00307782227173, 0.0170362368226, -0.00531859789044, 0.00287914439104], [-0.000224471048568, 0.00314547331072, -0.00287358742207, 0.00187038769946, -0.0021634362638, 0.00228949496523, -0.00251993141137, 0.00121484918054, 0.00303941359743, 0.000520237197634, -0.00531859789044, 0.0147904865444, -0.0029614593368], [0.000418881507358, -0.00197803322226, 0.00267482502386, -0.00285072042607, 0.000858738319948, -0.00125984707847, 0.0018091412494, -0.0017486900324, 0.00167209364008, 0.000815509411041, 0.00287914439104, -0.0029614593368, 0.0138246566057]]
    },
    "melbands": {
        "dmean": [9.30686946958e-05, 0.0004622732813, 0.000365616491763, 0.000213810853893, 0.00011567249021, 0.000299800856737, 0.000330244918587, 0.000233263956034, 0.000338380195899, 0.000264036032604, 0.000161918447702, 7.43984201108e-05, 2.55749946518e-05, 1.97091358132e-05, 2.23219740292e-05, 2.40614226641e-05, 1.98347916012e-05, 2.2148278731e-05, 1.20515287563e-05, 5.38086351298e-06, 2.96500979857e-06, 3.18552406497e-06, 1.86578563444e-06, 6.76319018567e-07, 7.68100733239e-07, 2.26199040299e-06, 3.21330367115e-06, 1.5057642031e-06, 9.76737283054e-07, 1.61289244716e-06, 1.35867719564e-06, 1.1832518112e-06, 1.05879621515e-06, 8.12042344478e-07, 6.33130468941e-07, 5.64443951134e-07, 4.93314757932e-07, 3.15056411182e-07, 1.99507454113e-07, 1.27089634816e-07],
        "dmean2": [0.000147139377077, 0.000705304788426, 0.000591649208218, 0.000369419256458, 0.000176289016963, 0.000463902571937, 0.000487427430926, 0.000344105967088, 0.0004905910464, 0.000390242232243, 0.000230119156186, 0.000107474101242, 3.55862830475e-05, 2.96905818686e-05, 3.27290508721e-05, 3.55865631718e-05, 2.98417253362e-05, 3.30491420755e-05, 1.88618305401e-05, 7.76257184043e-06, 4.40490339315e-06, 4.90242200613e-06, 2.99290149997e-06, 1.05478613932e-06, 1.19464425552e-06, 3.41829149875e-06, 4.86040471515e-06, 2.32966158364e-06, 1.48470257955e-06, 2.56470411841e-06, 1.94931817532e-06, 1.76738876689e-06, 1.52943039211e-06, 1.16194246402e-06, 9.32376735818e-07, 7.97894188054e-07, 6.71650241202e-07, 4.60304249827e-07, 2.81301282712e-07, 1.81008473987e-07],
        "dvar": [2.75542735295e-08, 5.82342011057e-07, 2.67475115834e-07, 1.29086259903e-07, 6.05342194149e-08, 4.12785993831e-07, 6.87399790422e-07, 4.05295480732e-07, 7.08102163571e-07, 5.34825346676e-07, 1.6439074102e-07, 3.99348323299e-08, 4.68364902417e-09, 4.64441685111e-09, 6.45447695291e-09, 7.62749596817e-09, 1.91097049296e-09, 3.82001452692e-09, 1.44941536551e-09, 2.01623689966e-10, 7.84177098256e-11, 5.00101141054e-11, 1.59820889162e-11, 1.67036133189e-12, 3.23913617283e-12, 6.62100652082e-11, 1.54819837506e-10, 1.92096963336e-11, 8.90491760192e-12, 6.29542459829e-11, 3.64751215343e-11, 1.00065207856e-11, 8.02468855254e-12, 4.85272108955e-12, 3.91535371833e-12, 2.82744227337e-12, 3.94514976243e-12, 1.02772575606e-12, 2.1232269957e-13, 6.94344890828e-14],
        "dvar2": [7.9305500833e-08, 1.46976526594e-06, 7.50160950247e-07, 3.54232696509e-07, 1.25349501445e-07, 9.69253846961e-07, 1.47253274463e-06, 9.11189033559e-07, 1.43955412568e-06, 1.23686550069e-06, 2.50224530873e-07, 7.63218324096e-08, 9.709252069e-09, 9.63734780868e-09, 1.42513991719e-08, 1.20013838867e-08, 3.99451538513e-09, 8.13939760036e-09, 3.26734461709e-09, 3.67111202548e-10, 1.19508139496e-10, 1.20541729376e-10, 3.71609132355e-11, 3.83182418087e-12, 6.65914155415e-12, 1.49378218128e-10, 2.66327765397e-10, 4.61143900843e-11, 2.17697439936e-11, 1.67209940338e-10, 8.11070655082e-11, 2.11545902323e-11, 1.75070808545e-11, 1.02669062488e-11, 7.89701290471e-12, 4.13121576878e-12, 6.94385608041e-12, 2.01952625629e-12, 4.44311633926e-13, 1.21849104699e-13],
        "max": [0.00273292232305, 0.0105764884502, 0.00536934565753, 0.004419432953, 0.00436815945432, 0.00780109409243, 0.0114260045812, 0.0102150347084, 0.0109967151657, 0.0103893605992, 0.0108072049916, 0.00462508108467, 0.00144524266943, 0.00165993813425, 0.00185815384611, 0.00279816286638, 0.000808130484074, 0.00110777537338, 0.000573201337829, 0.000325414293911, 0.000348179542925, 0.00011863331747, 5.99782651989e-05, 2.41937559622e-05, 4.54773435195e-05, 0.000163922464708, 0.000376617710572, 8.09730845504e-05, 6.28047855571e-05, 0.000173338848981, 0.000150452193338, 5.57973398827e-05, 5.41550580238e-05, 3.80775818485e-05, 4.1960451199e-05, 4.86288881802e-05, 7.96636595624e-05, 2.61206878349e-05, 1.0210777873e-05, 7.30798365112e-06],
        "mean": [0.00030092211091, 0.00174361537211, 0.000904177490156, 0.000328140857164, 0.000249466771493, 0.00059868034441, 0.000615206430666, 0.000417745992308, 0.000642791390419, 0.00067028432386, 0.000443989847554, 0.000193177576875, 5.74259574933e-05, 3.34896576533e-05, 3.98136216972e-05, 4.77143403259e-05, 3.78079494112e-05, 3.6592122342e-05, 1.92585721379e-05, 1.21974435388e-05, 6.74435159453e-06, 5.65737809666e-06, 3.53152449861e-06, 1.47690843733e-06, 1.48338153849e-06, 3.97411486119e-06, 6.62528418616e-06, 2.51302139986e-06, 1.75189632046e-06, 2.60431738752e-06, 2.44322836807e-06, 2.0893276087e-06, 1.79638527698e-06, 1.5182546349e-06, 1.24231826248e-06, 1.08551080302e-06, 8.89085697509e-07, 5.78903836868e-07, 3.65428974192e-07, 2.45756467621e-07],
        "median": [0.000166275814991, 0.00133479002398, 0.00072104530409, 0.000204806841793, 0.000106496197986, 0.000211480743019, 0.000111744491733, 6.09891794738e-05, 0.000195432352484, 0.000159629329573, 0.000136085960548, 2.51439523709e-05, 1.00059478427e-05, 1.11887029561e-05, 1.25104334074e-05, 1.20510803754e-05, 1.27388948385e-05, 1.01415789686e-05, 5.17110674991e-06, 3.56996952178e-06, 2.14589499592e-06, 2.26808629122e-06, 1.50438211222e-06, 7.44512703932e-07, 7.11205643711e-07, 1.23326219637e-06, 1.1066974821e-06, 6.45927457299e-07, 3.72081643718e-07, 4.9433657523e-07, 3.52520629576e-07, 3.93654602249e-07, 3.06260204752e-07, 3.55405262553e-07, 2.86424238993e-07, 2.44561761065e-07, 1.99461140937e-07, 1.68652007915e-07, 1.14886539393e-07, 7.93626071527e-08],
        "min": [2.43914277664e-10, 3.48122808358e-10, 1.11169538852e-10, 2.99945832061e-11, 3.34204539043e-11, 2.45092227763e-11, 1.53254700597e-11, 1.09995701783e-11, 5.39269358335e-11, 1.82199984267e-11, 6.13712260265e-13, 8.41704798308e-13, 6.62699669446e-12, 8.13259529164e-12, 7.02484565743e-13, 1.15462042596e-13, 3.53590095571e-13, 5.75552626392e-13, 3.20419905886e-13, 5.89306503444e-14, 3.30800010051e-14, 5.32160510862e-14, 2.89704749719e-14, 2.56252606482e-14, 3.78019657406e-14, 7.71941985702e-14, 6.07082946739e-14, 7.99100775785e-14, 8.65757931925e-14, 7.63323865921e-14, 1.39991930401e-14, 4.69660660189e-14, 3.61225704567e-14, 4.77048786487e-14, 5.83382016198e-14, 4.07228843203e-14, 4.3104253077e-14, 4.83035174901e-14, 5.38288557066e-14, 2.84023293166e-14],
        "var": [1.13738366281e-07, 3.23018707604e-06, 6.60974478706e-07, 1.62646728086e-07, 1.66036514315e-07, 9.24673599911e-07, 1.62662922776e-06, 7.56659687795e-07, 1.53435371431e-06, 1.26317434024e-06, 8.70326005042e-07, 2.0236599596e-07, 1.83410406862e-08, 7.66312080458e-09, 1.039133668e-08, 3.46022197562e-08, 6.14458617321e-09, 7.99106114613e-09, 2.49996690016e-09, 1.03397812534e-09, 4.1327560818e-10, 9.34095509275e-11, 3.47572526316e-11, 4.93187955752e-12, 6.18013236073e-12, 1.28350871598e-10, 7.77455322343e-10, 2.98729131709e-11, 1.89227869485e-11, 1.24625684772e-10, 9.00064189846e-11, 2.71892612591e-11, 1.81731834442e-11, 1.29492961493e-11, 1.23229889834e-11, 1.01347940457e-11, 1.12438513361e-11, 2.77891620305e-12, 5.45082696427e-13, 2.22570754687e-13]
    },
    "mfcc": {
        "mean": [-692.497558594, 146.742126465, 18.8070354462, 5.99772930145, -4.50779342651, 7.15092515945, -5.48290586472, 0.648949742317, 3.64303326607, 11.4643564224, 2.00740861893, -1.98382210732, -5.74258041382],
        "cov": [[11693.9658203, -951.011108398, -490.662475586, 8.88631343842, -683.308898926, -297.645355225, -268.14755249, -34.9447059631, -105.000144958, 235.490875244, -131.925735474, -384.396911621, -147.990371704], [-951.011108398, 1273.63513184, -238.474197388, -108.019844055, 105.624259949, -122.747421265, 64.4115753174, 51.4749603271, -71.7024078369, -49.1182594299, 33.7830696106, 50.3528289795, 23.8435668945], [-490.662475586, -238.474197388, 307.057312012, 7.87778091431, -36.9031295776, 110.341392517, 10.8862724304, 19.2860336304, 50.3565673828, -20.9108562469, 30.7532711029, 58.6902389526, -4.2690281868], [8.88631343842, -108.019844055, 7.87778091431, 305.465362549, 74.9457473755, 26.5382556915, -24.3280334473, -54.2966194153, 24.7386779785, -14.7975654602, -16.2514648438, 16.8292655945, 34.2232780457], [-683.308898926, 105.624259949, -36.9031295776, 74.9457473755, 260.107696533, 8.19446086884, -53.91015625, -76.1422119141, -28.456867218, -0.657421350479, -35.9171791077, 6.55721187592, 31.4046535492], [-297.645355225, -122.747421265, 110.341392517, 26.5382556915, 8.19446086884, 259.562194824, 60.4161376953, 19.3343524933, 72.3200454712, -16.5278987885, 45.0795326233, 46.9688072205, -53.0854301453], [-268.14755249, 64.4115753174, 10.8862724304, -24.3280334473, -53.91015625, 60.4161376953, 173.548706055, 88.3651199341, 54.7542762756, -6.11564064026, 21.0926513672, 13.6795167923, -21.7352085114], [-34.9447059631, 51.4749603271, 19.2860336304, -54.2966194153, -76.1422119141, 19.3343524933, 88.3651199341, 153.535476685, 40.751335144, 3.46527910233, 25.9224681854, -2.53003692627, -25.1848735809], [-105.000144958, -71.7024078369, 50.3565673828, 24.7386779785, -28.456867218, 72.3200454712, 54.7542762756, 40.751335144, 139.60144043, 28.9518222809, 9.92437648773, 7.81101179123, -49.7142715454], [235.490875244, -49.1182594299, -20.9108562469, -14.7975654602, -0.657421350479, -16.5278987885, -6.11564064026, 3.46527910233, 28.9518222809, 108.090087891, 3.95907878876, -18.2540798187, -25.7172813416], [-131.925735474, 33.7830696106, 30.7532711029, -16.2514648438, -35.9171791077, 45.0795326233, 21.0926513672, 25.9224681854, 9.92437648773, 3.95907878876, 109.193664551, 44.9500999451, -8.58065509796], [-384.396911621, 50.3528289795, 58.6902389526, 16.8292655945, 6.55721187592, 46.9688072205, 13.6795167923, -2.53003692627, 7.81101179123, -18.2540798187, 44.9500999451, 110.844680786, 21.6051654816], [-147.990371704, 23.8435668945, -4.2690281868, 34.2232780457, 31.4046535492, -53.0854301453, -21.7352085114, -25.1848735809, -49.7142715454, -25.7172813416, -8.58065509796, 21.6051654816, 124.685905457]],
