{
"lowlevel": {
    "average_loudness": 0.925607383251,
    "barkbands_crest": {
        "dmean": 1.91363811493,
        "dmean2": 2.96946382523,
        "dvar": 5.43242168427,
        "dvar2": 13.2729473114,
        "max": 24.0084686279,
        "mean": 13.7413158417,
        "median": 13.7634840012,
        "min": 3.60405349731,
        "var": 22.0505008698
    },
    "barkbands_flatness_db": {
        "dmean": 0.0266157779843,
        "dmean2": 0.0372162237763,
        "dvar": 0.000980872893706,
        "dvar2": 0.0020343628712,
        "max": 0.4525847435,
        "mean": 0.255277812481,
        "median": 0.250583946705,
        "min": 0.0638045892119,
        "var": 0.00451916037127
    },
    "barkbands_kurtosis": {
        "dmean": 5.52433109283,
        "dmean2": 8.81008148193,
        "dvar": 125.625740051,
        "dvar2": 308.043762207,
        "max": 157.104873657,
        "mean": 11.3337135315,
        "median": 5.99258899689,
        "min": -1.75724470615,
        "var": 227.06578064
    },
    "barkbands_skewness": {
        "dmean": 0.62281537056,
        "dmean2": 0.930939435959,
        "dvar": 0.658211410046,
        "dvar2": 1.44996476173,
        "max": 9.48173618317,
        "mean": 2.4114689827,
        "median": 2.24605345726,
        "min": -1.42136657238,
        "var": 2.82969021797
    },
    "barkbands_spread": {
        "dmean": 2.52528810501,
        "dmean2": 3.84508657455,
        "dvar": 21.9958248138,
        "dvar2": 47.4589500427,
        "max": 74.8662643433,
        "mean": 8.82276248932,
        "median": 7.06498384476,
        "min": 0.630352258682,
        "var": 52.9303283691
    },
    "dissonance": {
        "dmean": 0.0269918907434,
        "dmean2": 0.0433054938912,
        "dvar": 0.000810639932752,
        "dvar2": 0.00214161234908,
        "max": 0.498010724783,
        "mean": 0.434356898069,
        "median": 0.452550947666,
        "min": 0.240926191211,
        "var": 0.00254187732935
    },
    "dynamic_complexity": 4.39257717133,
    "erbbands_crest": {
        "dmean": 2.18316674232,
        "dmean2": 3.21479225159,
        "dvar": 6.59218788147,
        "dvar2": 12.1819791794,
        "max": 32.3196296692,
        "mean": 10.2236270905,
        "median": 8.51930522919,
        "min": 2.35475254059,
        "var": 30.9509429932
    },
    "erbbands_flatness_db": {
        "dmean": 0.0227712895721,
        "dmean2": 0.0295469202101,
        "dvar": 0.00072669191286,
        "dvar2": 0.00128264841624,
        "max": 0.403087556362,
        "mean": 0.219116851687,
        "median": 0.223793953657,
        "min": 0.0702855885029,
        "var": 0.00380046549253
    },
    "erbbands_kurtosis": {
        "dmean": 1.0338344574,
        "dmean2": 1.54546260834,
        "dvar": 4.24772644043,
        "dvar2": 8.68394088745,
        "max": 62.2861709595,
        "mean": 0.984566450119,
        "median": 0.0690822601318,
        "min": -1.73445701599,
        "var": 11.9567365646
    },
    "erbbands_skewness": {
        "dmean": 0.322537571192,
        "dmean2": 0.470583885908,
        "dvar": 0.12855233252,
        "dvar2": 0.269959360361,
        "max": 6.51971387863,
        "mean": 0.478051751852,
        "median": 0.422560244799,
        "min": -2.47751522064,
        "var": 0.548272669315
    },
    "erbbands_spread": {
        "dmean": 7.02965831757,
        "dmean2": 10.0541067123,
        "dvar": 141.709518433,
        "dvar2": 253.328231812,
        "max": 160.337814331,
        "mean": 28.6111545563,
        "median": 25.2155380249,
        "min": 2.60351777077,
        "var": 430.994598389
    },
    "hfc": {
        "dmean": 3.92070412636,
        "dmean2": 5.36067771912,
        "dvar": 74.7043228149,
        "dvar2": 157.524887085,
        "max": 165.600357056,
        "mean": 11.6920471191,
        "median": 6.06018161774,
        "min": 5.21258607478e-06,
        "var": 282.708404541
    },
    "melbands_crest": {
        "dmean": 2.21078300476,
        "dmean2": 3.4590921402,
        "dvar": 6.93841600418,
        "dvar2": 16.5292491913,
        "max": 31.2543449402,
        "mean": 18.4577999115,
        "median": 18.5344142914,
        "min": 3.94735193253,
        "var": 32.1670799255
    },
    "melbands_flatness_db": {
        "dmean": 0.031555544585,
        "dmean2": 0.0427028462291,
        "dvar": 0.00151319091674,
        "dvar2": 0.00302780442871,
        "max": 0.585078537464,
        "mean": 0.35386711359,
        "median": 0.347939759493,
        "min": 0.0568375140429,
        "var": 0.00732616754249
    },
    "melbands_kurtosis": {
        "dmean": 10.286611557,
        "dmean2": 16.1700992584,
        "dvar": 340.966552734,
        "dvar2": 839.703735352,
        "max": 263.693054199,
        "mean": 23.2160243988,
        "median": 13.4012584686,
        "min": -1.64478564262,
        "var": 798.285705566
    },
    "melbands_skewness": {
        "dmean": 0.762333810329,
        "dmean2": 1.11913633347,
        "dvar": 0.910255849361,
        "dvar2": 1.93494284153,
        "max": 12.1730995178,
        "mean": 3.33152675629,
        "median": 3.12887048721,
        "min": -0.915558815002,
        "var": 4.66621446609
    },
    "melbands_spread": {
        "dmean": 2.53184652328,
        "dmean2": 3.80088376999,
        "dvar": 31.3088932037,
        "dvar2": 54.6974906921,
        "max": 163.854919434,
        "mean": 9.2730178833,
        "median": 6.54165840149,
        "min": 0.614784002304,
        "var": 105.303741455
    },
    "pitch_salience": {
        "dmean": 0.0584698952734,
        "dmean2": 0.0923359543085,
        "dvar": 0.00491748703644,
        "dvar2": 0.0125033259392,
        "max": 0.794888734818,
        "mean": 0.426485061646,
        "median": 0.430456906557,
        "min": 0.0873932987452,
        "var": 0.0170127823949
    },
    "silence_rate_20dB": {
        "dmean": 0,
        "dmean2": 0,
        "dvar": 0,
        "dvar2": 0,
        "max": 1,
        "mean": 1,
        "median": 1,
        "min": 1,
        "var": 0
    },
    "silence_rate_30dB": {
        "dmean": 0.0464396290481,
        "dmean2": 0.0929512009025,
        "dvar": 0.0442825704813,
        "dvar2": 0.0967036560178,
        "max": 1,
        "mean": 0.95204949379,
        "median": 1,
        "min": 0,
        "var": 0.0456516221166
    },
    "silence_rate_60dB": {
        "dmean": 0.0216718260199,
        "dmean2": 0.0433772280812,
        "dvar": 0.0212018471211,
        "dvar2": 0.0492408163846,
        "max": 1,
        "mean": 0.109822116792,
        "median": 0,
        "min": 0,
        "var": 0.0977623984218
    },
    "spectral_centroid": {
        "dmean": 118.05443573,
        "dmean2": 176.050125122,
        "dvar": 130467.34375,
        "dvar2": 175151.84375,
        "max": 11339.2724609,
        "mean": 554.741333008,
        "median": 479.771942139,
        "min": 148.041000366,
        "var": 197883.140625
    },
    "spectral_complexity": {
        "dmean": 2.03869962692,
        "dmean2": 3.12625861168,
        "dvar": 10.9676036835,
        "dvar2": 18.9282436371,
        "max": 46,
        "mean": 11.4292345047,
        "median": 11,
        "min": 0,
        "var": 38.985912323
    },
    "spectral_decrease": {
        "dmean": 3.12605763497e-09,
        "dmean2": 5.06677588774e-09,
        "dvar": 7.75609474781e-17,
        "dvar2": 1.99586518945e-16,
        "max": -3.23694509002e-15,
        "mean": -8.66004423727e-09,
        "median": -7.12080794329e-09,
        "min": -8.39738731884e-08,
        "var": 8.22202970499e-17
    },
    "spectral_energy": {
        "dmean": 0.0121037801728,
        "dmean2": 0.0195499137044,
        "dvar": 0.00113655463792,
        "dvar2": 0.0029181134887,
        "max": 0.320099890232,
        "mean": 0.0337454490364,
        "median": 0.0275520682335,
        "min": 1.26897843344e-08,
        "var": 0.00124101049732
    },
    "spectral_energyband_high": {
        "dmean": 0.000118901683891,
        "dmean2": 0.000176535730134,
        "dvar": 1.75176012362e-07,
        "dvar2": 3.71725320747e-07,
        "max": 0.00560934469104,
        "mean": 0.000150537569425,
        "median": 1.09925313154e-05,
        "min": 2.08205910845e-10,
        "var": 2.62301966814e-07
    },
    "spectral_energyband_low": {
        "dmean": 0.00889512803406,
        "dmean2": 0.0151721872389,
        "dvar": 0.000916192133445,
        "dvar2": 0.00240848190151,
        "max": 0.312677294016,
        "mean": 0.0202319249511,
        "median": 0.0185596272349,
        "min": 7.50077955303e-09,
        "var": 0.000713777961209
    },
    "spectral_energyband_middle_high": {
        "dmean": 0.0010021883063,
        "dmean2": 0.00127568026073,
        "dvar": 6.71010639053e-06,
        "dvar2": 1.1719322174e-05,
        "max": 0.076729670167,
        "mean": 0.00298717734404,
        "median": 0.000887555012014,
        "min": 6.96352309149e-10,
        "var": 4.83077856188e-05
    },
    "spectral_energyband_middle_low": {
        "dmean": 0.004957200028,
        "dmean2": 0.00764417974278,
        "dvar": 0.000157452988788,
        "dvar2": 0.000384041923098,
        "max": 0.16479729116,
        "mean": 0.0119847832248,
        "median": 0.00675333011895,
        "min": 2.3487320977e-09,
        "var": 0.000264054950094
    },
    "spectral_entropy": {
        "dmean": 0.233528137207,
        "dmean2": 0.320433706045,
        "dvar": 0.0951540470123,
        "dvar2": 0.173185512424,
        "max": 9.78750514984,
        "mean": 6.6376581192,
        "median": 6.56230831146,
        "min": 5.30262136459,
        "var": 0.344303011894
    },
    "spectral_flux": {
        "dmean": 0.0286407321692,
        "dmean2": 0.0427595041692,
        "dvar": 0.00269452715293,
        "dvar2": 0.00520691554993,
        "max": 0.485101491213,
        "mean": 0.0606381371617,
        "median": 0.0387757271528,
        "min": 0.000112648944196,
        "var": 0.00507774576545
    },
    "spectral_kurtosis": {
        "dmean": 8.96560001373,
        "dmean2": 14.5440731049,
        "dvar": 122.145195007,
        "dvar2": 306.917480469,
        "max": 101.719566345,
        "mean": 20.8846988678,
        "median": 16.346370697,
        "min": -1.21676039696,
        "var": 301.882598877
    },
    "spectral_rms": {
        "dmean": 0.000783951079939,
        "dmean2": 0.00118821987417,
        "dvar": 2.81483130493e-06,
        "dvar2": 6.52156722936e-06,
        "max": 0.0176718011498,
        "mean": 0.00514631625265,
        "median": 0.0051845991984,
        "min": 3.51856192538e-06,
        "var": 6.43778639642e-06
    },
    "spectral_rolloff": {
        "dmean": 141.332122803,
        "dmean2": 245.68800354,
        "dvar": 238852.28125,
        "dvar2": 538260.375,
        "max": 9926.80664062,
        "mean": 526.022094727,
        "median": 409.130859375,
        "min": 86.1328125,
        "var": 462197.71875
    },
    "spectral_skewness": {
        "dmean": 0.680945634842,
        "dmean2": 1.07075273991,
        "dvar": 0.539987266064,
        "dvar2": 1.27032399178,
        "max": 7.60353803635,
        "mean": 3.15115380287,
        "median": 3.15121030807,
        "min": -0.0201492346823,
        "var": 1.57954466343
    },
    "spectral_spread": {
        "dmean": 682907.125,
        "dmean2": 916287.9375,
        "dvar": 2.03602185421e+12,
        "dvar2": 2.72406780314e+12,
        "max": 40791744,
        "mean": 2970092.5,
        "median": 2461830.25,
        "min": 825634.125,
        "var": 5.0988407849e+12
    },
    "spectral_strongpeak": {
        "dmean": 0.302327990532,
        "dmean2": 0.498734861612,
        "dvar": 0.640480935574,
        "dvar2": 1.23718822002,
        "max": 17.7680644989,
        "mean": 0.897351443768,
        "median": 0.503521680832,
        "min": 0.000131386288558,
        "var": 2.07017803192
    },
    "zerocrossingrate": {
        "dmean": 0.00518628768623,
        "dmean2": 0.00576444203034,
        "dvar": 8.27731200843e-05,
        "dvar2": 8.00709967734e-05,
        "max": 0.28759765625,
        "mean": 0.0229208953679,
        "median": 0.0185546875,
        "min": 0.00439453125,
        "var": 0.000425469712354
    },
    "barkbands": {
        "dmean": [2.70449909294e-05, 0.00523600401357, 0.00340477051213, 0.00236493395641, 0.00126379530411, 0.00035920549999, 0.00129784422461, 0.000731818145141, 0.00060721259797, 0.000424973637564, 0.000188552003237, 0.000178278278327, 0.000165785488207, 0.000285339570837, 0.000170487852301, 8.55490798131e-05, 4.89132871735e-05, 3.77222822863e-05, 3.04650948237e-05, 2.75926431641e-05, 2.6366324164e-05, 2.70055643341e-05, 2.05698397622e-05, 1.51512040247e-05, 2.33175414905e-05, 4.39242103312e-06, 6.39046930928e-08],
        "dmean2": [4.17728660977e-05, 0.00893997959793, 0.00594679638743, 0.00414908863604, 0.00212497916073, 0.000561126682442, 0.00178958836477, 0.00107304332778, 0.000772803206928, 0.000509174366016, 0.00026255013654, 0.000260603090283, 0.000252230471233, 0.000423424935434, 0.000200909897103, 0.000111725799798, 7.95745436335e-05, 5.86929090787e-05, 5.05057032569e-05, 4.43088429165e-05, 4.15176436945e-05, 4.05801838497e-05, 2.96511243505e-05, 2.38300217461e-05, 3.64537736459e-05, 5.95873007114e-06, 1.11561732297e-07],
        "dvar": [7.61455343223e-09, 0.000465111108497, 0.000115331386041, 6.88076179358e-05, 1.73522184923e-05, 9.50809351252e-07, 9.51356923906e-06, 7.97169832367e-06, 2.80508584183e-06, 1.86008071523e-06, 2.24635229529e-07, 2.49598031132e-07, 5.99705742843e-07, 2.30719206229e-06, 1.310110747e-06, 3.33192872404e-07, 3.45094655074e-08, 2.97497404489e-08, 2.56227181694e-08, 2.59265853231e-08, 1.28262955812e-08, 9.03885233328e-09, 4.12054701471e-09, 5.75664760305e-09, 2.38208404113e-08, 3.33494398763e-10, 6.56700171672e-14],
        "dvar2": [1.60665809545e-08, 0.00124963663984, 0.000326498644426, 0.000188051344594, 4.82859031763e-05, 2.46378544944e-06, 1.5075191186e-05, 1.58987531904e-05, 3.74495493816e-06, 2.47680986831e-06, 4.07207124908e-07, 5.47996535261e-07, 1.52537779741e-06, 5.309449989e-06, 9.63128627518e-07, 4.9427688964e-07, 9.29393095817e-08, 8.27578361395e-08, 7.16323853567e-08, 7.17137638162e-08, 3.27267883904e-08, 1.86625470633e-08, 8.21211898483e-09, 1.29268151738e-08, 5.99158624937e-08, 4.89849105723e-10, 1.57178618536e-13],
        "max": [0.00132929615211, 0.207011014223, 0.132691413164, 0.0995343178511, 0.0675085112453, 0.0139238825068, 0.0698887705803, 0.0571862235665, 0.0370907187462, 0.0403431206942, 0.00913881137967, 0.0114281149581, 0.0229323469102, 0.0484925583005, 0.0642453357577, 0.0227731522173, 0.00385001278482, 0.00395546620712, 0.00316165108234, 0.00304838968441, 0.0017558587715, 0.00122658710461, 0.000892058073077, 0.00138055405114, 0.00366185372695, 0.000491183775011, 4.48633863925e-06],
        "mean": [4.30317486462e-05, 0.00934145133942, 0.00931180547923, 0.00274427118711, 0.00211816374213, 0.000697596231475, 0.00321555440314, 0.00134133221582, 0.00160131964367, 0.000866433489136, 0.000443086639279, 0.000383521226468, 0.000253388017882, 0.000548682175577, 0.000388187821954, 0.000130604152218, 6.65058760205e-05, 5.32781123184e-05, 3.13869932143e-05, 2.91166870738e-05, 2.79355954262e-05, 3.02265616483e-05, 2.61855875578e-05, 1.75697314262e-05, 2.82149776467e-05, 6.5866015575e-06, 5.54030563649e-08],
        "median": [1.78952450369e-05, 0.0035626119934, 0.0064750155434, 0.00110334041528, 0.00101703358814, 0.000267774012173, 0.000805551069789, 0.000141343582072, 0.000356090284185, 0.000205436954275, 0.0001049489656, 8.80916923052e-05, 5.98201149842e-05, 6.53404640616e-05, 2.2345175239e-05, 2.97481092275e-05, 1.47837772602e-05, 1.31723099912e-05, 3.5258144635e-06, 2.31899821301e-06, 1.08191716208e-06, 1.52969687406e-06, 2.21220830099e-06, 1.20594961572e-06, 1.09605912257e-06, 3.41790155289e-07, 9.18378262327e-10],
        "min": [1.29416158345e-10, 2.42175013376e-09, 7.32852889485e-10, 7.7262124476e-10, 6.3927620142e-11, 5.07641498282e-11, 3.08591416309e-11, 7.9877000847e-11, 6.52140147439e-11, 7.90161859554e-12, 5.74108677265e-11, 6.88399198756e-11, 1.89952248375e-10, 1.89042642651e-10, 1.12217995313e-11, 1.04713650945e-11, 3.8358385912e-11, 9.71776305259e-12, 1.6946223938e-11, 2.04337068099e-11, 8.81050961354e-12, 1.24324725861e-11, 1.78865394718e-11, 2.09116873123e-11, 2.45601941562e-11, 3.60142887734e-11, 4.55859482107e-11],
        "var": [1.00556025728e-08, 0.000347289605998, 0.000114731024951, 4.88687219331e-05, 1.53586952365e-05, 1.40965994433e-06, 4.82495925098e-05, 1.72741947608e-05, 1.74945216713e-05, 5.91803245698e-06, 9.39594031024e-07, 1.30580929181e-06, 7.23204664155e-07, 4.9838963605e-06, 1.3019216567e-05, 6.71448674439e-07, 3.51095650331e-08, 2.5429249817e-08, 1.87047621836e-08, 1.92466220739e-08, 1.23998091794e-08, 1.19194956127e-08, 6.14517015052e-09, 6.72689770553e-09, 3.30387912584e-08, 1.00835007011e-09, 6.5567946309e-14]
    },
    "erbbands": {
        "dmean": [0.085520721972, 1.40393269062, 3.84001421928, 6.35828971863, 5.60087966919, 4.30048322678, 2.48927998543, 3.41111803055, 11.9140930176, 25.017791748, 11.0128335953, 11.8843393326, 14.4668302536, 7.1043510437, 6.1113910675, 6.81330871582, 7.04756069183, 14.1165075302, 6.36307287216, 9.82056236267, 2.90328669548, 2.86276626587, 2.03666162491, 1.62776017189, 1.5533349514, 1.20151543617, 1.16432905197, 1.01756882668, 0.931749761105, 0.783919274807, 0.568427145481, 0.319581151009, 0.258010804653, 0.260465830564, 0.179916635156, 0.0348722599447, 0.00560142844915, 0.000551321019884, 1.74990218511e-05, 1.4078631466e-05],
        "dmean2": [0.143413722515, 2.4080965519, 6.79175901413, 11.0826587677, 9.61495494843, 7.02821207047, 3.96183609962, 5.29630565643, 17.3455753326, 32.0643348694, 16.0222759247, 15.2881174088, 16.940700531, 9.19721984863, 8.47542762756, 10.1311826706, 10.2523775101, 19.1667728424, 10.1097316742, 9.5679359436, 3.96171402931, 4.67702150345, 3.20237493515, 2.66289687157, 2.55263233185, 1.90031707287, 1.89486563206, 1.57456862926, 1.38118720055, 1.18378984928, 0.814915418625, 0.489405602217, 0.402690947056, 0.405521124601, 0.279275983572, 0.0487998574972, 0.00715758791193, 0.000834518694319, 2.51780020335e-05, 2.24216983042e-05],
        "dvar": [0.133036509156, 33.1985855103, 188.226654053, 367.700805664, 401.503417969, 149.111450195, 49.1352958679, 81.9946975708, 656.168212891, 6245.54736328, 1869.25830078, 1132.76843262, 2291.61938477, 286.580993652, 185.243774414, 373.822235107, 368.247131348, 5498.24560547, 875.788574219, 6015.79199219, 130.090637207, 115.2552948, 91.1394119263, 75.2670898438, 55.9197044373, 39.908290863, 41.0836448669, 16.4733371735, 11.166182518, 6.50603103638, 3.17132401466, 1.70391499996, 2.11089849472, 2.44509267807, 1.83434855938, 0.0327241234481, 0.000352296250639, 3.66716994904e-06, 2.30633045994e-09, 1.39097333651e-09],
        "dvar2": [0.333106845617, 90.8078918457, 532.22644043, 1016.72259521, 1110.31689453, 387.609771729, 112.919792175, 211.3021698, 1395.9074707, 8527.09960938, 3233.62353516, 1577.18505859, 2598.00415039, 460.835266113, 370.132202148, 855.559814453, 779.794006348, 10228.8105469, 1593.45251465, 2515.76220703, 234.893234253, 309.515655518, 255.59425354, 210.76361084, 153.185195923, 106.704032898, 111.988014221, 38.0641937256, 22.581703186, 13.5264406204, 6.55772399902, 3.71372151375, 4.69241142273, 6.12843513489, 4.8428196907, 0.058550413698, 0.000447606405942, 8.1694624896e-06, 4.66231275809e-09, 3.53654661112e-09],
        "max": [3.40854406357, 55.0429534912, 163.37538147, 236.529220581, 259.895324707, 188.858184814, 116.200721741, 120.442352295, 276.782867432, 2083.44165039, 1189.0793457, 1091.92175293, 1597.61621094, 440.021514893, 230.024993896, 419.895355225, 470.511383057, 2748.68164062, 990.457580566, 4246.62060547, 353.034057617, 226.327178955, 228.736862183, 138.300674438, 146.258834839, 121.263900757, 111.526222229, 65.8700256348, 46.9755249023, 36.2912940979, 24.4216594696, 19.6248531342, 28.9198493958, 30.3929691315, 35.3324737549, 4.41110515594, 0.544431269169, 0.0412316545844, 0.000837210507598, 0.000351091613993],
        "mean": [0.133830904961, 2.61750149727, 9.81656551361, 10.8221578598, 7.74751901627, 7.9339222908, 4.77219200134, 7.19686603546, 26.9779319763, 63.6309700012, 23.9750804901, 29.5966720581, 39.8875541687, 19.2463970184, 15.3838653564, 15.4405107498, 15.2710142136, 29.4752063751, 11.8643875122, 25.471200943, 5.39653921127, 4.20762825012, 2.9796230793, 1.81113672256, 1.72843468189, 1.34846448898, 1.18414628506, 1.12727189064, 1.07342588902, 0.939745604992, 0.707587361336, 0.39220353961, 0.290093719959, 0.294881612062, 0.209528356791, 0.0532344207168, 0.00790525879711, 0.000638106605038, 3.19198043144e-05, 3.87889886042e-05],
        "median": [0.0952871367335, 1.23629415035, 7.0309381485, 7.72412443161, 3.04786252975, 4.07571744919, 2.37864089012, 2.9911608696, 10.0903263092, 8.55574321747, 4.66087388992, 8.15327358246, 7.37993812561, 6.15409374237, 4.45828962326, 3.88928413391, 3.87286710739, 3.59295272827, 1.84234905243, 2.05871224403, 0.983523905277, 0.98179101944, 0.77400547266, 0.335515379906, 0.231635212898, 0.106059655547, 0.0483288876712, 0.0404804386199, 0.0519034415483, 0.0778764262795, 0.0580088831484, 0.0288225077093, 0.0173675045371, 0.01007944718, 0.00747406901792, 0.00259255268611, 0.000386705767596, 2.05270171136e-05, 1.46481525007e-05, 3.09151982947e-05],
        "min": [2.86145258599e-08, 7.77863874646e-07, 1.19542642096e-06, 2.07721609513e-06, 1.90458149518e-06, 1.72127940345e-07, 3.88784144434e-07, 3.14100333298e-07, 2.92624633857e-07, 1.04451510197e-06, 2.20347988034e-06, 1.29236002522e-06, 3.06005745188e-07, 8.99185181424e-07, 2.80038398159e-06, 3.62278638022e-06, 1.22217861644e-05, 4.95532367495e-06, 6.9362222348e-06, 6.17702426098e-07, 8.36285039441e-07, 2.22343123824e-06, 7.95013079369e-07, 6.07771198702e-07, 1.03286720332e-06, 7.78466585416e-07, 7.73107331042e-07, 3.29183563963e-07, 3.76806156055e-07, 4.88059015424e-07, 4.85808186568e-07, 5.43450767054e-07, 3.06778872528e-07, 2.82887498315e-07, 1.72336370952e-07, 9.43752169746e-08, 8.14675189531e-08, 2.35149606453e-08, 5.27558485786e-09, 7.68772046023e-10],
        "var": [0.105999559164, 23.9014530182, 143.891296387, 288.645690918, 308.334838867, 185.334518433, 64.7400665283, 136.323272705, 1780.24304199, 38006.1054688, 5316.83691406, 6351.42089844, 13534.6748047, 1732.7532959, 748.008483887, 1857.32617188, 1189.78234863, 17092.640625, 2231.37524414, 63062.6328125, 560.413269043, 125.214050293, 79.2213058472, 55.3931159973, 44.8430175781, 33.4638938904, 32.3961219788, 18.3926372528, 15.1110830307, 8.7648859024, 4.61334991455, 2.24143242836, 2.43338131905, 3.15890431404, 2.2771999836, 0.0864028185606, 0.00112081144471, 4.91083937959e-06, 4.0205812013e-09, 1.61188418168e-09]
    },
    "gfcc": {
        "mean": [-95.8741149902, 170.837509155, -99.4893722534, 9.64598751068, -38.2092132568, 18.1227035522, -27.923084259, 7.47608661652, -10.8418502808, -6.18753194809, -10.5957632065, -8.86834335327, -12.7119541168],
        "cov": [[11556.1884766, -2666.87548828, 427.874938965, 955.970947266, -1344.94140625, 681.35949707, -503.50289917, 403.879364014, -189.233306885, 372.583435059, -409.534881592, 271.069549561, -361.656280518], [-2666.87548828, 2318.14599609, -507.397491455, -671.320678711, 1027.97827148, -534.216064453, 315.376922607, -193.091110229, 253.029998779, -351.258880615, 339.356384277, -180.213562012, 186.665603638], [427.874938965, -507.397491455, 838.34387207, 223.464782715, -128.183013916, 250.223007202, -99.3947067261, 112.02205658, -73.988822937, 86.6836090088, -124.593482971, 72.5801544189, -83.343536377], [955.970947266, -671.320678711, 223.464782715, 595.274719238, -256.090454102, 91.9035339355, -40.1916427612, 9.1431350708, -49.0218734741, 47.1905250549, -97.121307373, 40.4192771912, 15.9469537735], [-1344.94140625, 1027.97827148, -128.183013916, -256.090454102, 649.126220703, -244.912582397, 136.731414795, -67.8342895508, 80.7683792114, -142.217956543, 133.629165649, -66.0457687378, 82.7377319336], [681.35949707, -534.216064453, 250.223007202, 91.9035339355, -244.912582397, 289.926361084, -62.834274292, 71.8352890015, -62.7580718994, 73.1288299561, -79.4334640503, 22.7325325012, -51.2836875916], [-503.50289917, 315.376922607, -99.3947067261, -40.1916427612, 136.731414795, -62.834274292, 224.794525146, -46.8752670288, 22.0935592651, -35.5687675476, 60.2363815308, -22.9485759735, 38.7866363525], [403.879364014, -193.091110229, 112.02205658, 9.1431350708, -67.8342895508, 71.8352890015, -46.8752670288, 125.67829895, -9.01155853271, 44.3171844482, -20.2903690338, 26.1188163757, -21.2584686279], [-189.233306885, 253.029998779, -73.988822937, -49.0218734741, 80.7683792114, -62.7580718994, 22.0935592651, -9.01155853271, 126.483772278, -36.6941337585, 35.3595161438, -15.555346489, 23.4254627228], [372.583435059, -351.258880615, 86.6836090088, 47.1905250549, -142.217956543, 73.1288299561, -35.5687675476, 44.3171844482, -36.6941337585, 155.989303589, -25.3021469116, 43.937335968, -37.4702301025], [-409.534881592, 339.356384277, -124.593482971, -97.121307373, 133.629165649, -79.4334640503, 60.2363815308, -20.2903690338, 35.3595161438, -25.3021469116, 127.127876282, -8.36273860931, 40.3489303589], [271.069549561, -180.213562012, 72.5801544189, 40.4192771912, -66.0457687378, 22.7325325012, -22.9485759735, 26.1188163757, -15.555346489, 43.937335968, -8.36273860931, 108.515724182, -15.4362602234], [-361.656280518, 186.665603638, -83.343536377, 15.9469537735, 82.7377319336, -51.2836875916, 38.7866363525, -21.2584686279, 23.4254627228, -37.4702301025, 40.3489303589, -15.4362602234, 113.578804016]],
        "icov": [[0.000159328235895, -0.000265410984866, 0.00022815966804, -0.000393986672862, 0.000214387269807, -0.000339187943609, 0.000208954137634, -0.000441833399236, 0.000114943890367, -0.000181490788236, 0.000299611128867, -0.000312588002998, 0.000470389961265], [-0.000265410984866, 0.00786405615509, -0.0019181658281, 0.0048880437389, -0.00479734083638, 0.00464857881889, -0.00262718554586, 0.00327244610526, -0.0047171888873, 0.00583146745339, -0.0065989214927, 0.00397883774713, -0.00297838705592], [0.00022815966804, -0.0019181658281, 0.00295790587552, -0.00228940462694, -2.66084662144e-05, -0.00321944057941, 0.00110956677236, -0.00199220795184, 0.00120849336963, -0.0016729402123, 0.00268952548504, -0.00214693578891, 0.00213645771146], [-0.000393986672862, 0.0048880437389, -0.00228940462694, 0.00603385828435, -0.00178409332875, 0.00395042309538, -0.00217350875027, 0.00311478576623, -0.00263732858002, 0.00368245737627, -0.00311516574584, 0.00255720643327, -0.00419350154698], [0.000214387269807, -0.00479734083638, -2.66084662144e-05, -0.00178409332875, 0.0068745710887, -0.000226672636927, 0.000640879792627, -0.00208454788662, 0.00283670751378, -0.00198042509146, 0.00259635946713, -0.00144008465577, 0.00072227633791], [-0.000339187943609, 0.00464857881889, -0.00321944057941, 0.00395042309538, -0.000226672636927, 0.0106313517317, -0.00231197988614, 0.000645526859444, -0.00138826237526, 0.00331761874259, -0.00341576267965, 0.00406225817278, -0.00261482596397], [0.000208954137634, -0.00262718554586, 0.00110956677236, -0.00217350875027, 0.000640879792627, -0.00231197988614, 0.0067428839393, 1.77991787496e-05, 0.00153606687672, -0.00214937492274, 0.000582983135246, -0.00125972810201, 0.000888147274964], [-0.000441833399236, 0.00327244610526, -0.00199220795184, 0.00311478576623, -0.00208454788662, 0.000645526859444, 1.77991787496e-05, 0.0128920869902, -0.0029234373942, 0.000677853473462, -0.00334007688798, 0.000925235857721, -0.002328512026], [0.000114943890367, -0.0047171888873, 0.00120849336963, -0.00263732858002, 0.00283670751378, -0.00138826237526, 0.00153606687672, -0.0029234373942, 0.0123854326084, -0.00220528570935, 0.00273111090064, -0.00186520232819, 0.00110499223229], [-0.000181490788236, 0.00583146745339, -0.0016729402123, 0.00368245737627, -0.00198042509146, 0.00331761874259, -0.00214937492274, 0.000677853473462, -0.00220528570935, 0.0138042811304, -0.00601061806083, 0.000878770893905, -0.000841312401462], [0.000299611128867, -0.0065989214927, 0.00268952548504, -0.00311516574584, 0.00259635946713, -0.00341576267965, 0.000582983135246, -0.00334007688798, 0.00273111090064, -0.00601061806083, 0.018724899739, -0.00484104733914, 9.61373007158e-05], [-0.000312588002998, 0.00397883774713, -0.00214693578891, 0.00255720643327, -0.00144008465577, 0.00406225817278, -0.00125972810201, 0.000925235857721, -0.00186520232819, 0.000878770893905, -0.00484104733914, 0.0136275347322, -0.00173586641904], [0.000470389961265, -0.00297838705592, 0.00213645771146, -0.00419350154698, 0.00072227633791, -0.00261482596397, 0.000888147274964, -0.002328512026, 0.00110499223229, -0.000841312401462, 9.61373007158e-05, -0.00173586641904, 0.0141322650015]]
    },
    "melbands": {
        "dmean": [0.00113132130355, 0.0019527891418, 0.0010570952436, 0.000333483505528, 0.000104664533865, 7.67921446823e-05, 0.000199608693947, 0.000249756878475, 8.58087951201e-05, 7.65997174312e-05, 7.37982845749e-05, 3.29933827743e-05, 2.61471377598e-05, 1.50025416588e-05, 2.36722735281e-05, 1.78669615707e-05, 2.59491007455e-05, 1.16994478958e-05, 1.19553924378e-05, 9.01996463654e-06, 3.01098452837e-06, 3.01694444715e-06, 2.4918199415e-06, 1.66137692759e-06, 1.30747037019e-06, 1.15827845093e-06, 1.06791128474e-06, 7.69973269144e-07, 7.80178822879e-07, 6.25483778549e-07, 6.06534115377e-07, 5.71455188947e-07, 5.09611481903e-07, 4.26762397865e-07, 3.61247771252e-07, 2.41872868401e-07, 1.89482406654e-07, 1.7846551259e-07, 1.97725810835e-07, 2.29821793596e-07],
        "dmean2": [0.00194286950864, 0.0034750404302, 0.00184796692338, 0.000561360444408, 0.000169508377439, 0.00011856015044, 0.000290468684398, 0.000322869687807, 0.000125838807435, 9.66420338955e-05, 8.62895903992e-05, 4.1680639697e-05, 3.57138342224e-05, 2.1374780772e-05, 3.42441126122e-05, 2.61931054411e-05, 3.54015319317e-05, 1.87211899174e-05, 1.27588928081e-05, 9.96134713205e-06, 4.68729422209e-06, 5.02396460433e-06, 4.01297666031e-06, 2.62416847363e-06, 2.1642226784e-06, 1.94237372853e-06, 1.7212990997e-06, 1.2157341871e-06, 1.3052704162e-06, 1.0156618373e-06, 9.25591507439e-07, 8.39857648316e-07, 7.90488968505e-07, 6.46145906558e-07, 5.25049983935e-07, 3.53875805104e-07, 3.03559659187e-07, 2.8080245329e-07, 3.12743168251e-07, 3.62440630397e-07],
        "dvar": [2.25691528613e-05, 5.48521966266e-05, 1.1091307897e-05, 1.21873802073e-06, 8.76242580716e-08, 3.98331891915e-08, 1.92647959807e-07, 6.58259637021e-07, 1.28427544155e-07, 4.28512514361e-08, 5.61715580716e-08, 6.32755314811e-09, 3.43866246588e-09, 1.56348123337e-09, 5.63938451492e-09, 7.76740893826e-09, 1.69814367013e-08, 3.54079632281e-09, 7.35982519373e-09, 4.92999996382e-09, 1.51842635687e-10, 1.45026754494e-10, 8.22931167654e-11, 6.83226669684e-11, 5.35315645978e-11, 2.98475723304e-11, 3.42703365686e-11, 1.50818333516e-11, 2.36307241136e-11, 7.1105369856e-12, 5.93764794277e-12, 4.31549717836e-12, 3.2551058203e-12, 1.73599383566e-12, 1.23043632574e-12, 8.27686064218e-13, 6.93760858223e-13, 1.12668273149e-12, 1.22463801253e-12, 2.11444035024e-12],
        "dvar2": [5.86920323258e-05, 0.000151812724653, 3.0351578971e-05, 3.39573375641e-06, 1.99971154302e-07, 1.03042076205e-07, 3.85174615758e-07, 9.92897525975e-07, 2.21453632321e-07, 5.43396581065e-08, 6.43189324023e-08, 9.40956557116e-09, 6.58704824019e-09, 2.93389823547e-09, 1.33299025151e-08, 1.34438096211e-08, 3.03296943116e-08, 7.51927853315e-09, 4.58622340105e-09, 2.66264832405e-09, 3.73819281085e-10, 3.98428151582e-10, 2.20122309269e-10, 1.90908816533e-10, 1.51136006488e-10, 8.17085080151e-11, 9.57457169104e-11, 3.95901159078e-11, 6.60174206968e-11, 1.82686418077e-11, 1.34965172718e-11, 8.9433894318e-12, 7.19146703992e-12, 3.57386733055e-12, 2.62052510767e-12, 1.80131322185e-12, 1.58454575416e-12, 2.65779846048e-12, 2.62482635453e-12, 5.51266584464e-12],
        "max": [0.0430890247226, 0.0810793638229, 0.0422711260617, 0.0175193287432, 0.00495090754703, 0.00264195376076, 0.00504937395453, 0.0195460766554, 0.00982738286257, 0.00600836798549, 0.00788531359285, 0.00212730467319, 0.000860586529598, 0.000928019522689, 0.00153092236724, 0.00261301081628, 0.00487334001809, 0.00167729810346, 0.00452548312023, 0.00339370337315, 0.000213202525629, 0.000253823032835, 0.000195704342332, 0.000184142525541, 0.000123786987388, 0.000103966376628, 0.000126355647808, 6.93243491696e-05, 9.58091695793e-05, 4.30825639341e-05, 3.60925514542e-05, 2.76610608125e-05, 2.51559940807e-05, 1.78900081664e-05, 1.4375425053e-05, 1.45690892168e-05, 1.28717101688e-05, 2.24796622206e-05, 1.86332945304e-05, 3.22119885823e-05],
        "mean": [0.00195377040654, 0.00479650590569, 0.00187042285688, 0.00055524596246, 0.000210757483728, 0.000166070531122, 0.000462127442006, 0.000613699376117, 0.000182891060831, 0.000198310997803, 0.000200863200007, 8.13510487205e-05, 6.19766578893e-05, 2.87603179459e-05, 5.10647514602e-05, 3.35076656484e-05, 5.50735057914e-05, 1.6232881535e-05, 2.93716257147e-05, 2.1945203116e-05, 4.35297943113e-06, 4.02793557441e-06, 3.73632428818e-06, 2.23778556574e-06, 1.34072433866e-06, 1.2658531432e-06, 1.15688010283e-06, 8.28021768484e-07, 7.56061808715e-07, 6.46964736006e-07, 6.59428735617e-07, 6.24713777597e-07, 5.57810665214e-07, 5.14515136274e-07, 4.38649152557e-07, 2.88314708996e-07, 2.26260183922e-07, 1.92823478073e-07, 2.21754106633e-07, 2.58985551227e-07],
        "median": [0.000971379573457, 0.00455418881029, 0.00132185174152, 0.000269997748546, 0.000117470153782, 6.3326813688e-05, 0.000152432301547, 7.14406560292e-05, 3.62635983038e-05, 4.76124914712e-05, 3.43675310432e-05, 2.56398725469e-05, 1.65501714946e-05, 6.92049434292e-06, 1.23290010379e-05, 6.5527597144e-06, 6.12349367657e-06, 2.55800273408e-06, 2.0409231638e-06, 2.50346715802e-06, 8.06153025223e-07, 8.37643142404e-07, 1.03308354937e-06, 4.99275245147e-07, 2.12000131228e-07, 1.40222212508e-07, 1.34675772756e-07, 4.7411070625e-08, 2.56201779791e-08, 2.44582327724e-08, 2.17421227688e-08, 2.2878055006e-08, 3.56354945552e-08, 4.27426414262e-08, 3.78899223108e-08, 1.5171867318e-08, 1.55104888933e-08, 1.16218474844e-08, 6.62071908408e-09, 6.90024526406e-09],
        "min": [4.50947779118e-10, 1.07001651983e-09, 3.45556055992e-10, 4.03715880171e-11, 1.11259647328e-11, 7.57569441207e-12, 4.50584144648e-12, 1.17283153675e-11, 2.0342090859e-11, 6.57127650905e-12, 1.23295481897e-12, 3.02386175995e-12, 9.70715435117e-12, 9.04292873222e-12, 2.43239456355e-11, 2.05669422465e-11, 1.00881265147e-11, 1.59752298196e-11, 5.24540263655e-13, 5.30105093936e-13, 1.01821361672e-12, 2.37801748779e-12, 1.44180023823e-12, 3.85532290771e-13, 4.74930370638e-13, 7.04341045123e-13, 6.13966180413e-13, 5.47855164013e-13, 6.19086650434e-13, 1.33284632246e-13, 2.29274363167e-13, 1.91905031362e-13, 3.0832722985e-13, 2.40431806409e-13, 2.37127646078e-13, 3.25399727779e-13, 2.86724664194e-13, 1.69856533352e-13, 2.83253374098e-13, 2.22453172961e-13],
        "var": [1.73532062036e-05, 3.85575258406e-05, 8.75162913871e-06, 1.0697910966e-06, 1.19615521044e-07, 7.07824625579e-08, 6.08296943483e-07, 3.53494010596e-06, 4.01764623348e-07, 2.72608275509e-07, 3.35556109121e-07, 3.4291012696e-08, 1.38838496255e-08, 5.16724130151e-09, 2.45694042889e-08, 1.63612181581e-08, 6.50671978519e-08, 4.18330126095e-09, 7.62570522284e-08, 4.12763903057e-08, 2.0591185701e-10, 1.34517105788e-10, 9.39012062551e-11, 5.6866986814e-11, 3.76696694671e-11, 2.39347725667e-11, 2.48161144412e-11, 1.35102146484e-11, 1.69194467464e-11, 6.75003108963e-12, 6.65566473462e-12, 5.53620040436e-12, 4.01411022477e-12, 2.38218212517e-12, 1.71060962704e-12, 1.11220266937e-12, 8.34480054501e-13, 1.13758481801e-12, 1.58233398172e-12, 2.64553374867e-12]
    },
    "mfcc": {
        "mean": [-741.36505127, 196.874847412, 12.6850223541, 6.84557914734, 14.7681894302, 9.50073242188, 1.17371618748, 13.8927049637, 1.41193068027, 6.12191152573, 5.57810258865, 0.187516137958, 0.423154056072],
        "cov": [[8707.54003906, -1265.79724121, -80.3137969971, 471.379730225, -504.781768799, 82.5646286011, -301.566589355, 71.9455184937, -132.937484741, 167.248626709, 9.72099208832, -35.6664428711, 11.4269199371], [-1265.79724121, 2217.55078125, -630.287658691, -226.398178101, 443.77230835, -176.688323975, 101.753143311, 141.407226562, -69.0867996216, 13.767868042, 53.1524047852, -22.8721561432, 18.3213729858], [-80.3137969971, -630.287658691, 689.985412598, 98.6406097412, -57.8244857788, 131.639053345, 5.82933521271, 3.32217144966, 76.0566253662, -11.6951780319, -13.267080307, 31.1040172577, 39.347366333], [471.379730225, -226.398178101, 98.6406097412, 387.315460205, 18.9932899475, 48.7555885315, 7.71424293518, -7.42003583908, 50.4670906067, -26.1584720612, -25.3903923035, -6.68468379974, 21.9032993317], [-504.781768799, 443.77230835, -57.8244857788, 18.9932899475, 311.653900146, -46.9022331238, 10.519329071, 36.6572341919, 11.2514200211, -14.0701541901, -7.03692722321, -18.2376194, 22.0517158508], [82.5646286011, -176.688323975, 131.639053345, 48.7555885315, -46.9022331238, 138.290786743, 28.1934623718, -5.81576490402, 31.1420516968, 0.819285094738, 7.0755314827, -0.909992873669, -18.6452541351], [-301.566589355, 101.753143311, 5.82933521271, 7.71424293518, 10.519329071, 28.1934623718, 174.786239624, 1.14403891563, 19.3893280029, -11.751124382, 7.74978160858, 7.60006952286, -12.0553340912], [71.9455184937, 141.407226562, 3.32217144966, -7.42003583908, 36.6572341919, -5.81576490402, 1.14403891563, 118.319259644, -5.66883230209, 8.71134376526, 0.1337005198, -5.79386425018, 12.2118854523], [-132.937484741, -69.0867996216, 76.0566253662, 50.4670906067, 11.2514200211, 31.1420516968, 19.3893280029, -5.66883230209, 101.384597778, 4.26589250565, -13.7294578552, -9.07426166534, -9.74272346497], [167.248626709, 13.767868042, -11.6951780319, -26.1584720612, -14.0701541901, 0.819285094738, -11.751124382, 8.71134376526, 4.26589250565, 97.9163970947, 16.7491588593, -10.9190950394, 5.03741121292], [9.72099208832, 53.1524047852, -13.267080307, -25.3903923035, -7.03692722321, 7.0755314827, 7.74978160858, 0.1337005198, -13.7294578552, 16.7491588593, 68.9126586914, 14.5438909531, -12.4442882538], [-35.6664428711, -22.8721561432, 31.1040172577, -6.68468379974, -18.2376194, -0.909992873669, 7.60006952286, -5.79386425018, -9.07426166534, -10.9190950394, 14.5438909531, 74.8297271729, 24.6220302582], [11.4269199371, 18.3213729858, 39.347366333, 21.9032993317, 22.0517158508, -18.6452541351, -12.0553340912, 12.2118854523, -9.74272346497, 5.03741121292, -12.4442882538, 24.6220302582, 83.1781463623]],
