{
"lowlevel": {
    "average_loudness": 0.852841854095,
    "barkbands_crest": {
        "dmean": 1.65131533146,
        "dmean2": 2.74178981781,
        "dvar": 2.52043509483,
        "dvar2": 7.00193071365,
        "max": 19.4791355133,
        "mean": 8.24884128571,
        "median": 7.86004781723,
        "min": 3.09399700165,
        "var": 6.3458070755
    },
    "barkbands_flatness_db": {
        "dmean": 0.0132415685803,
        "dmean2": 0.0207778383046,
        "dvar": 0.000152456035721,
        "dvar2": 0.000361675920431,
        "max": 0.279257714748,
        "mean": 0.157448038459,
        "median": 0.156107470393,
        "min": 0.027024615556,
        "var": 0.00089287298033
    },
    "barkbands_kurtosis": {
        "dmean": 1.43778181076,
        "dmean2": 2.28874325752,
        "dvar": 3.69289755821,
        "dvar2": 9.26260471344,
        "max": 30.6156005859,
        "mean": 2.14271259308,
        "median": 1.48802614212,
        "min": -1.8547770977,
        "var": 9.92970275879
    },
    "barkbands_skewness": {
        "dmean": 0.344028145075,
        "dmean2": 0.541778981686,
        "dvar": 0.106885105371,
        "dvar2": 0.249432891607,
        "max": 5.18018245697,
        "mean": 1.26467096806,
        "median": 1.26210033894,
        "min": -1.90402507782,
        "var": 0.572348535061
    },
    "barkbands_spread": {
        "dmean": 3.23559308052,
        "dmean2": 4.77895832062,
        "dvar": 20.3704986572,
        "dvar2": 35.7215118408,
        "max": 83.7911605835,
        "mean": 18.3611869812,
        "median": 15.7658376694,
        "min": 2.77041363716,
        "var": 105.685920715
    },
    "dissonance": {
        "dmean": 0.0211850013584,
        "dmean2": 0.0351378470659,
        "dvar": 0.000375758158043,
        "dvar2": 0.00106108107138,
        "max": 0.500000119209,
        "mean": 0.455103069544,
        "median": 0.460764378309,
        "min": 0.295720338821,
        "var": 0.000785044685472
    },
    "dynamic_complexity": 2.36272573471,
    "erbbands_crest": {
        "dmean": 2.35993075371,
        "dmean2": 3.80085039139,
        "dvar": 4.82545995712,
        "dvar2": 12.1710224152,
        "max": 26.4479579926,
        "mean": 8.81139183044,
        "median": 7.99597883224,
        "min": 2.47154664993,
        "var": 13.6272058487
    },
    "erbbands_flatness_db": {
        "dmean": 0.0121656665578,
        "dmean2": 0.0181863121688,
        "dvar": 0.00014308936079,
        "dvar2": 0.000292792683467,
        "max": 0.268058747053,
        "mean": 0.16862873733,
        "median": 0.170061007142,
        "min": 0.0578270442784,
        "var": 0.000808304641396
    },
    "erbbands_kurtosis": {
        "dmean": 0.6669703722,
        "dmean2": 1.03218328953,
        "dvar": 0.571519911289,
        "dvar2": 1.37671983242,
        "max": 13.8262119293,
        "mean": 0.453507721424,
        "median": 0.0938861370087,
        "min": -1.64012157917,
        "var": 1.92861604691
    },
    "erbbands_skewness": {
        "dmean": 0.28046682477,
        "dmean2": 0.429224550724,
        "dvar": 0.0571883805096,
        "dvar2": 0.132988795638,
        "max": 1.78831613064,
        "mean": 0.187831148505,
        "median": 0.260892033577,
        "min": -2.31595277786,
        "var": 0.328232616186
    },
    "erbbands_spread": {
        "dmean": 5.28329563141,
        "dmean2": 7.97891330719,
        "dvar": 37.9066467285,
        "dvar2": 76.6370162964,
        "max": 118.170043945,
        "mean": 29.8322410583,
        "median": 27.8731060028,
        "min": 5.22415971756,
        "var": 161.277404785
    },
    "hfc": {
        "dmean": 4.67857789993,
        "dmean2": 6.80506038666,
        "dvar": 118.858604431,
        "dvar2": 253.808700562,
        "max": 236.645553589,
        "mean": 20.5318870544,
        "median": 14.5655784607,
        "min": 1.16036644866e-16,
        "var": 365.052459717
    },
    "melbands_crest": {
        "dmean": 2.1880209446,
        "dmean2": 3.62743186951,
        "dvar": 4.85947704315,
        "dvar2": 14.1282491684,
        "max": 27.3543930054,
        "mean": 12.7096567154,
        "median": 12.1699504852,
        "min": 1.28016281128,
        "var": 15.4082098007
    },
    "melbands_flatness_db": {
        "dmean": 0.0159227196127,
        "dmean2": 0.0242208763957,
        "dvar": 0.000264419068117,
        "dvar2": 0.000581813568715,
        "max": 0.364197164774,
        "mean": 0.220765769482,
        "median": 0.218878611922,
        "min": 0.000822653819341,
        "var": 0.00202404800802
    },
    "melbands_kurtosis": {
        "dmean": 3.03736615181,
        "dmean2": 4.87848806381,
        "dvar": 24.0431022644,
        "dvar2": 56.7119598389,
        "max": 132.424926758,
        "mean": 6.69440364838,
        "median": 5.02646923065,
        "min": -1.6103811264,
        "var": 58.2387733459
    },
    "melbands_skewness": {
        "dmean": 0.429358363152,
        "dmean2": 0.677546322346,
        "dvar": 0.188806459308,
        "dvar2": 0.435383856297,
        "max": 9.78494739532,
        "mean": 2.08141231537,
        "median": 2.00047183037,
        "min": -0.541848301888,
        "var": 0.91590821743
    },
    "melbands_spread": {
        "dmean": 4.14681911469,
        "dmean2": 6.27596330643,
        "dvar": 29.7264900208,
        "dvar2": 52.3804283142,
        "max": 151.652923584,
        "mean": 20.4832038879,
        "median": 17.003156662,
        "min": 2.44848871231,
        "var": 158.678695679
    },
    "pitch_salience": {
        "dmean": 0.049763482064,
        "dmean2": 0.0823238119483,
        "dvar": 0.00178870535456,
        "dvar2": 0.00492334878072,
        "max": 0.990093827248,
        "mean": 0.553484976292,
        "median": 0.554995596409,
        "min": 0.261879891157,
        "var": 0.00675499113277
    },
    "silence_rate_20dB": {
        "dmean": 0,
        "dmean2": 0,
        "dvar": 0,
        "dvar2": 0,
        "max": 1,
        "mean": 1,
        "median": 1,
        "min": 1,
        "var": 0
    },
    "silence_rate_30dB": {
        "dmean": 0.00463678501546,
        "dmean2": 0.00927715469152,
        "dvar": 0.00461531570181,
        "dvar2": 0.0115103553981,
        "max": 1,
        "mean": 0.994978785515,
        "median": 1,
        "min": 0,
        "var": 0.00499599799514
    },
    "silence_rate_60dB": {
        "dmean": 0.00154559500515,
        "dmean2": 0.00309238489717,
        "dvar": 0.00154320162255,
        "dvar2": 0.00308279669844,
        "max": 1,
        "mean": 0.0401699505746,
        "median": 0,
        "min": 0,
        "var": 0.0385562926531
    },
    "spectral_centroid": {
        "dmean": 159.009017944,
        "dmean2": 230.569671631,
        "dvar": 83966.625,
        "dvar2": 93235.046875,
        "max": 11239.0429688,
        "mean": 1034.44775391,
        "median": 916.087646484,
        "min": 263.311523438,
        "var": 304775.1875
    },
    "spectral_complexity": {
        "dmean": 2.53863978386,
        "dmean2": 3.99226903915,
        "dvar": 7.3234295845,
        "dvar2": 13.3829393387,
        "max": 57,
        "mean": 19.0513706207,
        "median": 19,
        "min": 0,
        "var": 42.9363059998
    },
    "spectral_decrease": {
        "dmean": 1.65007851827e-09,
        "dmean2": 2.69149214027e-09,
        "dvar": 6.76853771111e-18,
        "dvar2": 1.5474598769e-17,
        "max": 5.12835301515e-29,
        "mean": -8.57383675168e-09,
        "median": -7.87184895046e-09,
        "min": -8.54092547797e-08,
        "var": 2.62022429218e-17
    },
    "spectral_energy": {
        "dmean": 0.00651159975678,
        "dmean2": 0.0105707757175,
        "dvar": 0.000106283958303,
        "dvar2": 0.000242759138928,
        "max": 0.329396873713,
        "mean": 0.0342219769955,
        "median": 0.0313041396439,
        "min": 1.03597222749e-20,
        "var": 0.000418756186264
    },
    "spectral_energyband_high": {
        "dmean": 0.000247690710239,
        "dmean2": 0.000362528429832,
        "dvar": 1.3731329318e-06,
        "dvar2": 2.88108731183e-06,
        "max": 0.0222781971097,
        "mean": 0.000487388664624,
        "median": 0.000164780954947,
        "min": 7.47378362957e-21,
        "var": 2.47763546213e-06
    },
    "spectral_energyband_low": {
        "dmean": 0.00359613960609,
        "dmean2": 0.00590703496709,
        "dvar": 6.4947809733e-05,
        "dvar2": 0.000142022996442,
        "max": 0.278794467449,
        "mean": 0.013133905828,
        "median": 0.0102639142424,
        "min": 1.08535206764e-22,
        "var": 0.000180117756827
    },
    "spectral_energyband_middle_high": {
        "dmean": 0.00205691973679,
        "dmean2": 0.00303570576943,
        "dvar": 1.1196185369e-05,
        "dvar2": 2.55404283962e-05,
        "max": 0.0782439559698,
        "mean": 0.00742280855775,
        "median": 0.00427610659972,
        "min": 1.37317767505e-21,
        "var": 6.47819324513e-05
    },
    "spectral_energyband_middle_low": {
        "dmean": 0.00401137350127,
        "dmean2": 0.00665073143318,
        "dvar": 2.84240595647e-05,
        "dvar2": 8.04503215477e-05,
        "max": 0.0907014906406,
        "mean": 0.0153315765783,
        "median": 0.0138537669554,
        "min": 3.54743807102e-22,
        "var": 8.3023805928e-05
    },
    "spectral_entropy": {
        "dmean": 0.114184834063,
        "dmean2": 0.171410113573,
        "dvar": 0.0158014465123,
        "dvar2": 0.0291187949479,
        "max": 9.79895973206,
        "mean": 7.30814123154,
        "median": 7.2830491066,
        "min": 6.13143920898,
        "var": 0.09035667032
    },
    "spectral_flux": {
        "dmean": 0.0162816494703,
        "dmean2": 0.0261793639511,
        "dvar": 0.000363870727597,
        "dvar2": 0.000909064896405,
        "max": 0.39862665534,
        "mean": 0.072052963078,
        "median": 0.0650470554829,
        "min": 1.0178272114e-10,
        "var": 0.00132591289002
    },
    "spectral_kurtosis": {
        "dmean": 1.84682929516,
        "dmean2": 3.12689185143,
        "dvar": 2.77249407768,
        "dvar2": 8.23192977905,
        "max": 20.8891868591,
        "mean": 6.11276817322,
        "median": 5.71800994873,
        "min": -1.2409517765,
        "var": 8.37600708008
    },
    "spectral_rms": {
        "dmean": 0.000511358492076,
        "dmean2": 0.000828179065138,
        "dvar": 3.6160818695e-07,
        "dvar2": 8.64479204665e-07,
        "max": 0.0179265942425,
        "mean": 0.00551542360336,
        "median": 0.00552635733038,
        "min": 3.17915810864e-12,
        "var": 2.96734197036e-06
    },
    "spectral_rolloff": {
        "dmean": 254.471481323,
        "dmean2": 396.247558594,
        "dvar": 326238.53125,
        "dvar2": 480890.0625,
        "max": 18992.2851562,
        "mean": 1129.22473145,
        "median": 925.927734375,
        "min": 150.732421875,
        "var": 1086921.25
    },
    "spectral_skewness": {
        "dmean": 0.225368335843,
        "dmean2": 0.362606465816,
        "dvar": 0.0413516312838,
        "dvar2": 0.100002102554,
        "max": 3.73423194885,
        "mean": 1.82989835739,
        "median": 1.79935336113,
        "min": -0.00873112864792,
        "var": 0.193253874779
    },
    "spectral_spread": {
        "dmean": 351331.8125,
        "dmean2": 496972.84375,
        "dvar": 1.11701183693e+12,
        "dvar2": 1.28314507264e+12,
        "max": 42181788,
        "mean": 3720712.5,
        "median": 3394579.75,
        "min": 2157378.5,
        "var": 2.32459259085e+12
    },
    "spectral_strongpeak": {
        "dmean": 0.40615478158,
        "dmean2": 0.703560709953,
        "dvar": 0.782096207142,
        "dvar2": 2.03214550018,
        "max": 12.5327653885,
        "mean": 0.818712353706,
        "median": 0.404752969742,
        "min": 0,
        "var": 1.68272030354
    },
    "zerocrossingrate": {
        "dmean": 0.0061352122575,
        "dmean2": 0.00757600367069,
        "dvar": 0.000219498062506,
        "dvar2": 0.000302210391965,
        "max": 0.51708984375,
        "mean": 0.0432378798723,
        "median": 0.0380859375,
        "min": 0.01220703125,
        "var": 0.000742509146221
    },
    "barkbands": {
        "dmean": [5.90732051933e-05, 0.00205975514837, 0.00142342376057, 0.00190210470464, 0.00173898786306, 0.000768955505919, 0.000936926051509, 0.000851142802276, 0.00044590284233, 0.000474882515846, 0.000571492069867, 0.000698665040545, 0.000676218827721, 0.000628324225545, 0.000345510750776, 0.000196595487068, 0.000161925985594, 0.000127344421344, 0.000143988785567, 8.63319219206e-05, 7.80046684667e-05, 5.86446840316e-05, 4.17884111812e-05, 3.77905962523e-05, 2.37786007347e-05, 1.10816972665e-05, 2.70667688262e-09],
        "dmean2": [9.8095217254e-05, 0.00346050807275, 0.00232415995561, 0.00324338185601, 0.00286372820847, 0.00119702052325, 0.0014598161215, 0.00133069953881, 0.000654974661302, 0.00070757267531, 0.000832007557619, 0.00106104253791, 0.00107773405034, 0.00101008685306, 0.000518845568877, 0.000281138258288, 0.000252412428381, 0.000197120709345, 0.000224777497351, 0.000138351912028, 0.000121682685858, 9.34687413974e-05, 6.32985684206e-05, 5.41372428415e-05, 3.43555657309e-05, 1.60142262757e-05, 4.79608353032e-09],
        "dvar": [7.3567989034e-08, 4.61650306534e-05, 1.21164330267e-05, 1.12338266263e-05, 9.31547219807e-06, 1.03607885649e-06, 1.96666019292e-06, 1.66110544342e-06, 3.96417419779e-07, 1.0767786307e-06, 1.36183393806e-06, 1.96970518118e-06, 3.51325252268e-06, 2.50776338362e-06, 9.3409295232e-07, 2.46155394734e-07, 1.3020100198e-07, 1.15681359603e-07, 3.00719477764e-07, 6.51821139286e-08, 1.90154736401e-07, 1.05982316256e-07, 5.51128209736e-08, 3.42002017817e-08, 1.16558265262e-08, 2.44824049922e-09, 1.92693245707e-16],
        "dvar2": [1.44741065355e-07, 0.000105606894067, 3.20090839523e-05, 3.34826800099e-05, 2.63968922809e-05, 2.54220231e-06, 4.8457441153e-06, 3.86299916499e-06, 8.39515905682e-07, 2.12568397728e-06, 2.73747627944e-06, 4.31599164585e-06, 9.22272192838e-06, 5.75883314013e-06, 1.88665239875e-06, 4.34608779187e-07, 3.14797546253e-07, 2.53289442753e-07, 7.54726670493e-07, 1.42082512866e-07, 4.28197921565e-07, 2.37086410948e-07, 1.11531200275e-07, 7.17504562431e-08, 2.31314860599e-08, 4.71950478698e-09, 5.42008442014e-16],
        "max": [0.00787381641567, 0.222302854061, 0.098051391542, 0.0442665889859, 0.0798711851239, 0.0164577271789, 0.0202682763338, 0.0272547453642, 0.0131814237684, 0.0192370414734, 0.034511256963, 0.0203442107886, 0.0648315623403, 0.0452555939555, 0.0210722871125, 0.0142888380215, 0.0078252563253, 0.011833560653, 0.0181386079639, 0.00558815756813, 0.0132954558358, 0.00750102149323, 0.00527766160667, 0.00294225895777, 0.0026943879202, 0.00104524404742, 3.34523633683e-07],
        "mean": [0.00016483127547, 0.00662583205849, 0.00431213574484, 0.00426901783794, 0.00395337864757, 0.0020651628729, 0.00203046831302, 0.00175026757643, 0.00103578111157, 0.000958443211857, 0.00112029188313, 0.00117739359848, 0.0011230125092, 0.00109831744339, 0.000634281721432, 0.000426377926487, 0.000351918657543, 0.000277775863651, 0.000288738316158, 0.000152807377162, 0.000120035663713, 9.95605369098e-05, 6.94336922606e-05, 6.08888040006e-05, 3.85681596526e-05, 1.72522632056e-05, 2.44095010871e-09],
        "median": [7.65230142861e-05, 0.00460301339626, 0.00224740197882, 0.00260563543998, 0.00311008794233, 0.00147247826681, 0.00121432542801, 0.000976685318165, 0.000603265769314, 0.000418035255279, 0.000453172018752, 0.000533185666427, 0.000412469613366, 0.000291599193588, 0.000180976683623, 0.000112927104055, 9.11156239454e-05, 9.92004570435e-05, 9.4457056548e-05, 7.5110605394e-05, 3.89568012906e-05, 2.81677330349e-05, 1.2978891391e-05, 9.54752431426e-06, 4.6238478717e-06, 2.81464826912e-06, 8.5553802931e-10],
        "min": [1.23080902555e-23, 3.129990866e-23, 1.81611620709e-23, 2.61520832271e-23, 5.10458197143e-23, 2.90895267145e-23, 4.06788368898e-23, 5.95979554511e-23, 6.14031847466e-23, 6.74867853844e-23, 9.6669186271e-23, 1.16493298685e-22, 1.11672260459e-22, 4.64048374129e-23, 5.73671704071e-23, 9.52222765313e-23, 7.74899708029e-23, 1.78227634617e-22, 2.52496250893e-22, 1.59322879635e-22, 4.48702265354e-22, 4.44644465832e-22, 6.86808809812e-22, 8.64451298964e-22, 1.13537385123e-21, 1.50968065148e-21, 2.48077019285e-21],
        "var": [1.66319793493e-07, 7.53503918531e-05, 4.05798964493e-05, 2.39226919803e-05, 1.43940096677e-05, 4.25288817496e-06, 5.63082539884e-06, 4.63982314614e-06, 1.47450384702e-06, 3.03141609947e-06, 5.40895825907e-06, 4.67333757115e-06, 7.17902003089e-06, 8.66915524966e-06, 2.56945668298e-06, 1.01511909634e-06, 4.83811788854e-07, 3.20529494502e-07, 4.43277031081e-07, 8.47343883947e-08, 2.64438284603e-07, 1.31270496695e-07, 1.00270668213e-07, 6.01098761877e-08, 2.63139039447e-08, 5.11847231266e-09, 1.25159798513e-16]
    },
    "erbbands": {
        "dmean": [0.051752500236, 0.493910551071, 1.33553230762, 4.17917251587, 6.72059392929, 5.97995996475, 4.74675035477, 7.80406999588, 13.363026619, 14.8991956711, 13.8303689957, 10.3991346359, 11.9919462204, 15.9620304108, 21.4848079681, 24.3482513428, 31.3817501068, 33.9017753601, 18.326795578, 13.6134443283, 9.7327709198, 7.89859580994, 6.50537729263, 8.69393825531, 4.97303056717, 4.24518871307, 3.03230857849, 3.42188286781, 2.24954652786, 1.36407136917, 1.26715123653, 0.925898492336, 0.554052174091, 0.307475060225, 0.158423215151, 0.0614715404809, 0.0177897382528, 0.00211875489913, 4.01357356168e-05, 8.83176926436e-06],
        "dmean2": [0.0868486836553, 0.829248905182, 2.21081256866, 7.01596450806, 11.3950862885, 9.82296085358, 7.47253847122, 12.0596704483, 21.5936775208, 22.4690151215, 21.2432537079, 15.4178647995, 17.8515911102, 22.9426784515, 31.4382305145, 37.0805168152, 49.4120788574, 53.7900505066, 27.7603645325, 19.614408493, 14.0416326523, 12.1195602417, 9.77128219604, 13.540471077, 7.6643986702, 6.85564517975, 4.80663728714, 5.39215755463, 3.57734847069, 2.12550377846, 1.89701902866, 1.33791708946, 0.814532101154, 0.44737893343, 0.23286280036, 0.0884375199676, 0.0256473552436, 0.003339729039, 6.20292630629e-05, 1.39378298627e-05],
        "dvar": [0.0783573389053, 1.74617373943, 10.6427106857, 61.0355377197, 132.848114014, 140.609329224, 45.6788635254, 118.933166504, 499.382446289, 549.133239746, 388.37802124, 223.950637817, 573.387756348, 1257.26525879, 2222.8269043, 2427.64501953, 7151.08886719, 7126.88476562, 2187.86914062, 1342.9354248, 521.030883789, 293.276824951, 365.836914062, 1223.91833496, 215.297424316, 152.244873047, 208.196243286, 530.018737793, 130.480987549, 76.9459533691, 52.6591949463, 21.1861381531, 7.73685884476, 2.469871521, 0.474272876978, 0.072970494628, 0.00684569450095, 0.000110778943053, 3.62085508243e-08, 2.801686938e-10],
        "dvar2": [0.179860949516, 4.13001346588, 28.6120452881, 176.113800049, 407.165405273, 410.490478516, 121.137573242, 279.382354736, 1325.98303223, 1149.85595703, 951.495849609, 479.746185303, 1181.56738281, 2283.13134766, 4580.77294922, 5383.00048828, 18041.7402344, 16970.3125, 4542.92480469, 2628.55029297, 966.446289062, 681.900268555, 780.644897461, 3129.14501953, 526.941162109, 338.844360352, 488.80267334, 1248.94470215, 296.623565674, 167.219940186, 109.563728333, 42.835067749, 16.7209854126, 5.18001365662, 0.949262797832, 0.135022819042, 0.0138622177765, 0.000258583459072, 8.18329795038e-08, 6.28273877368e-10],
        "max": [9.07593154907, 40.2229270935, 87.4954681396, 126.12688446, 151.992889404, 344.476837158, 108.649429321, 196.173736572, 330.141693115, 550.834838867, 283.05456543, 300.595428467, 596.81036377, 1223.07543945, 1032.62976074, 922.038330078, 2732.0246582, 2187.71484375, 1245.57519531, 720.674377441, 621.355285645, 382.73840332, 750.979370117, 1199.74487305, 332.164794922, 269.365905762, 305.636352539, 882.530395508, 208.285140991, 243.344268799, 160.342529297, 94.2744369507, 58.2175369263, 44.6542282104, 16.0231819153, 7.23344516754, 1.77465426922, 0.191786199808, 0.0034980729688, 0.000375448638806],
        "mean": [0.202897101641, 1.46459436417, 4.30080604553, 10.4711141586, 14.364657402, 13.2032003403, 11.0300350189, 21.7333774567, 29.4151611328, 35.0014152527, 31.0084037781, 24.1306228638, 26.0814228058, 34.8907775879, 42.8786392212, 46.2006492615, 55.870803833, 62.5106925964, 36.0271224976, 30.037776947, 24.0841903687, 18.6448860168, 15.092666626, 17.5200824738, 10.7458763123, 7.68094444275, 4.87811231613, 5.18897390366, 3.85143995285, 2.20673346519, 2.04145717621, 1.47964632511, 0.874186933041, 0.470153689384, 0.259538918734, 0.0983338728547, 0.0269689317793, 0.00282996031456, 7.25306599634e-05, 4.25667167292e-05],
        "median": [0.109148323536, 1.06933665276, 2.29709076881, 7.17044448853, 9.88708877563, 9.40187454224, 7.96713066101, 14.6941680908, 15.5215291977, 21.8262023926, 20.7457695007, 14.9109201431, 13.9205770493, 15.6959047318, 18.0257778168, 22.323474884, 25.372428894, 18.8472137451, 13.0740480423, 8.77923202515, 6.57582330704, 5.45234251022, 5.53364610672, 5.31406259537, 4.65506792068, 3.76563692093, 1.91238582134, 1.59704220295, 1.04074251652, 0.57596039772, 0.354782730341, 0.230878069997, 0.138418242335, 0.0551420226693, 0.030805202201, 0.0142187578604, 0.00433930289, 0.000556361163035, 2.86988215521e-05, 3.82012149203e-05],
        "min": [1.94895243181e-21, 1.92222375437e-21, 1.38800276707e-20, 7.19890504967e-20, 7.3024428592e-20, 2.41074551698e-19, 3.01239998841e-19, 1.80395942383e-19, 4.40145233783e-19, 5.06953923521e-19, 9.61972588501e-19, 1.25786377901e-18, 1.88273297093e-18, 3.15299804848e-18, 3.69805154912e-18, 4.40429546099e-18, 4.89288168391e-18, 3.61697668215e-18, 2.1680019216e-18, 5.99633110848e-18, 4.94564960314e-18, 5.9094585326e-18, 1.10450465888e-17, 1.41963764207e-17, 1.03749641181e-17, 8.65734673724e-18, 1.36916233663e-17, 1.60257243957e-17, 1.45834059575e-17, 1.80702650614e-17, 1.89579655163e-17, 1.97092771231e-17, 1.46986520692e-17, 1.14480010067e-17, 7.27340822517e-18, 5.40244355281e-18, 2.94376147176e-18, 1.27445360998e-18, 3.15711704604e-19, 3.715528583e-20],
        "var": [0.108274787664, 3.16856861115, 42.8565368652, 137.735214233, 243.86819458, 197.391479492, 109.847442627, 516.57623291, 1455.67041016, 1707.11083984, 1045.71032715, 743.227478027, 1707.72387695, 5132.46289062, 6790.50146484, 6746.57177734, 14424.5996094, 24139.6347656, 5753.39257812, 4480.72900391, 2604.29736328, 1199.3326416, 967.959716797, 1729.12341309, 523.495788574, 200.30015564, 287.663757324, 622.925476074, 171.757949829, 97.7548828125, 93.6192474365, 40.1005020142, 12.7195749283, 4.66706180573, 1.09337854385, 0.172734513879, 0.012904974632, 0.000138838659041, 5.04812796009e-08, 8.34961377816e-10]
    },
    "gfcc": {
        "mean": [3.86279463768, 126.30947113, -119.886825562, 28.0358428955, -51.8208999634, 15.2019119263, -32.352306366, 3.51591730118, -24.666759491, 5.30834388733, -12.7966022491, -2.91709923744, -14.5144786835],
        "cov": [[5793.90625, -233.093612671, -167.135620117, 239.228210449, 20.3456726074, 84.6637496948, -178.306274414, 156.918899536, -47.2309837341, 53.339679718, -16.0457382202, 100.029701233, -116.836845398], [-233.093612671, 686.431884766, -44.6366157532, -124.207366943, 77.2985534668, -109.587783813, 111.529907227, -75.1436462402, 91.7354278564, -20.2740745544, 59.4648971558, -28.4632740021, 11.2918863297], [-167.135620117, -44.6366157532, 426.366729736, 12.3947982788, -63.9547080994, 67.7872314453, 5.75593280792, -23.2402801514, -24.2426643372, 38.3784790039, -2.01241850853, 11.4236927032, -14.3111743927], [239.228210449, -124.207366943, 12.3947982788, 182.581619263, 26.2607593536, 27.1765632629, -14.8169107437, 19.8282413483, 4.6825094223, 0.73225569725, -0.348206043243, -7.42231559753, 16.0754508972], [20.3456726074, 77.2985534668, -63.9547080994, 26.2607593536, 172.746124268, 9.65988349915, -3.84064793587, 23.3106842041, 50.43957901, 8.73292255402, 20.2477989197, 12.6512203217, -7.65980529785], [84.6637496948, -109.587783813, 67.7872314453, 27.1765632629, 9.65988349915, 161.749694824, 26.9093589783, -4.15586090088, -15.5753850937, 22.5033111572, 21.6300945282, 18.1494083405, -7.30829048157], [-178.306274414, 111.529907227, 5.75593280792, -14.8169107437, -3.84064793587, 26.9093589783, 182.81161499, -14.4590473175, -0.930206894875, 20.2842922211, 22.665014267, 24.2035121918, -0.623969316483], [156.918899536, -75.1436462402, -23.2402801514, 19.8282413483, 23.3106842041, -4.15586090088, -14.4590473175, 96.2070159912, 20.3301010132, -0.793728351593, -11.8072004318, 10.6791372299, 6.71065092087], [-47.2309837341, 91.7354278564, -24.2426643372, 4.6825094223, 50.43957901, -15.5753850937, -0.930206894875, 20.3301010132, 106.477767944, 28.9942245483, 18.8303813934, -5.06144809723, 11.5282392502], [53.339679718, -20.2740745544, 38.3784790039, 0.73225569725, 8.73292255402, 22.5033111572, 20.2842922211, -0.793728351593, 28.9942245483, 98.2508239746, 31.0469837189, 12.2523946762, -1.86348819733], [-16.0457382202, 59.4648971558, -2.01241850853, -0.348206043243, 20.2477989197, 21.6300945282, 22.665014267, -11.8072004318, 18.8303813934, 31.0469837189, 78.3745346069, 18.5322875977, -6.22921180725], [100.029701233, -28.4632740021, 11.4236927032, -7.42231559753, 12.6512203217, 18.1494083405, 24.2035121918, 10.6791372299, -5.06144809723, 12.2523946762, 18.5322875977, 82.2779541016, 10.4845190048], [-116.836845398, 11.2918863297, -14.3111743927, 16.0754508972, -7.65980529785, -7.30829048157, -0.623969316483, 6.71065092087, 11.5282392502, -1.86348819733, -6.22921180725, 10.4845190048, 67.0402908325]],
        "icov": [[0.000280831824057, -0.000502812326886, 0.000323310232488, -0.000739828683436, 0.000503454823047, -0.00046462577302, 0.000652949151117, -0.000659489887767, 0.00041035329923, -0.00063763896469, 0.000587822694797, -0.000847827468533, 0.0009984272765], [-0.000502812326886, 0.00525250704959, -0.00141904340126, 0.00402241479605, -0.0033665150404, 0.00378253683448, -0.00408100895584, 0.00420254096389, -0.00367795280181, 0.00411645649001, -0.00445045111701, 0.00396711053327, -0.00374646298587], [0.000323310232488, -0.00141904340126, 0.0034144250676, -0.0017092890339, 0.00223893439397, -0.00219699856825, 0.00154362653848, -0.000754657958169, 0.000935137970373, -0.0024503134191, 0.00211460888386, -0.0020801066421, 0.00234032119624], [-0.000739828683436, 0.00402241479605, -0.0017092890339, 0.00984309334308, -0.0040268865414, 0.00196695118211, -0.00313188997097, 0.00234811822884, -0.00227449671365, 0.00357888825238, -0.00401654699817, 0.00520144822076, -0.00589794805273], [0.000503454823047, -0.0033665150404, 0.00223893439397, -0.0040268865414, 0.0102454777807, -0.00340781896375, 0.0031834768597, -0.00350959808566, -0.00142180616967, -0.00225114193745, 0.00229583051987, -0.00468691764399, 0.00519628589973], [-0.00046462577302, 0.00378253683448, -0.00219699856825, 0.00196695118211, -0.00340781896375, 0.0103951059282, -0.00385678722523, 0.00298733869568, -0.000828022893984, 0.00203712377697, -0.00481717986986, 0.00239593628794, -0.00260187708773], [0.000652949151117, -0.00408100895584, 0.00154362653848, -0.00313188997097, 0.0031834768597, -0.00385678722523, 0.00953154917806, -0.00271772965789, 0.00282854493707, -0.00418182229623, 0.00280472892337, -0.00509430235252, 0.00366456527263], [-0.000659489887767, 0.00420254096389, -0.000754657958169, 0.00234811822884, -0.00350959808566, 0.00298733869568, -0.00271772965789, 0.0159347765148, -0.00558751309291, 0.00347668980248, -0.000579767860472, 0.000888082606252, -0.00341232237406], [0.00041035329923, -0.00367795280181, 0.000935137970373, -0.00227449671365, -0.00142180616967, -0.000828022893984, 0.00282854493707, -0.00558751309291, 0.0165205132216, -0.00668270466849, 0.000411010638345, 0.000184072458069, -0.000604632252362], [-0.00063763896469, 0.00411645649001, -0.0024503134191, 0.00357888825238, -0.00225114193745, 0.00203712377697, -0.00418182229623, 0.00347668980248, -0.00668270466849, 0.0168801154941, -0.0075158351101, 0.00270245084539, -0.00311056058854], [0.000587822694797, -0.00445045111701, 0.00211460888386, -0.00401654699817, 0.00229583051987, -0.00481717986986, 0.00280472892337, -0.000579767860472, 0.000411010638345, -0.0075158351101, 0.0212065093219, -0.00732747558504, 0.00584671739489], [-0.000847827468533, 0.00396711053327, -0.0020801066421, 0.00520144822076, -0.00468691764399, 0.00239593628794, -0.00509430235252, 0.000888082606252, 0.000184072458069, 0.00270245084539, -0.00732747558504, 0.0191540997475, -0.00788061879575], [0.0009984272765, -0.00374646298587, 0.00234032119624, -0.00589794805273, 0.00519628589973, -0.00260187708773, 0.00366456527263, -0.00341232237406, -0.000604632252362, -0.00311056058854, 0.00584671739489, -0.00788061879575, 0.0216803085059]]
    },
    "melbands": {
        "dmean": [0.00052809889894, 0.000648457324132, 0.000784511794336, 0.000436528993305, 0.000182766132639, 0.000176386616658, 0.000193310188479, 0.000178746529855, 0.000107202831714, 6.66655250825e-05, 6.3602856244e-05, 6.71047746437e-05, 6.77883726894e-05, 5.83557412028e-05, 8.0318597611e-05, 7.93710205471e-05, 6.90027154633e-05, 3.4380787838e-05, 2.82203254756e-05, 1.59663995873e-05, 1.19663318401e-05, 9.7925112641e-06, 6.54660607324e-06, 5.67570168641e-06, 8.03997863841e-06, 4.48594710178e-06, 3.2416992326e-06, 2.9379980333e-06, 2.01569764613e-06, 1.9031492684e-06, 2.17171850636e-06, 1.45855801748e-06, 8.8161215217e-07, 7.61528838211e-07, 7.8666846548e-07, 6.3400250383e-07, 5.73138152049e-07, 4.25734867804e-07, 3.15813224461e-07, 2.4949673616e-07],
        "dmean2": [0.000885360874236, 0.00108075060416, 0.00133065774571, 0.000726510828827, 0.00029001722578, 0.000276893289993, 0.000307298643747, 0.000273012294201, 0.000163135002367, 9.8793883808e-05, 9.48774249991e-05, 9.67112282524e-05, 9.9220284028e-05, 8.64715038915e-05, 0.000125093793031, 0.000126569648273, 0.00010927371477, 5.31234400114e-05, 4.2831790779e-05, 2.2964357413e-05, 1.77349847945e-05, 1.51569392983e-05, 1.03193169707e-05, 8.32388013805e-06, 1.2638046428e-05, 6.92292587701e-06, 5.21612764715e-06, 4.79273830933e-06, 3.212577667e-06, 3.02229341287e-06, 3.48689263774e-06, 2.34893923334e-06, 1.4072512613e-06, 1.21597383895e-06, 1.20014499316e-06, 9.49927596139e-07, 8.48092156502e-07, 6.39457027773e-07, 4.73211315466e-07, 3.61074455668e-07],
        "dvar": [4.76871173305e-06, 2.06596837415e-06, 1.75731338459e-06, 5.52210792648e-07, 7.98965729132e-08, 5.63784148255e-08, 9.09250630343e-08, 7.61065024335e-08, 2.21312088655e-08, 1.0082026769e-08, 1.68910059273e-08, 2.2173111347e-08, 2.09493080661e-08, 1.70381060371e-08, 2.92183592876e-08, 5.67894566927e-08, 3.3201516203e-08, 8.91483864507e-09, 7.40810079947e-09, 1.65323044143e-09, 8.20573164972e-10, 4.597005554e-10, 4.0547931679e-10, 1.90841328851e-10, 1.2126463167e-09, 1.45209066993e-10, 1.01240085759e-10, 6.32445762427e-11, 8.97406246536e-11, 8.0672614422e-11, 2.99586799812e-10, 4.61149035624e-11, 3.74252191737e-11, 2.07828268484e-11, 2.10128251604e-11, 1.09179479693e-11, 7.93621071637e-12, 4.26136599965e-12, 3.11560564674e-12, 1.528785128e-12],
        "dvar2": [1.10004421003e-05, 5.2135601436e-06, 5.16202135259e-06, 1.57146553192e-06, 2.27027811661e-07, 1.42900859146e-07, 2.3699716678e-07, 1.64172121231e-07, 5.25184198352e-08, 2.12924611276e-08, 3.49547235601e-08, 4.01523472249e-08, 4.19047907485e-08, 3.70342831957e-08, 6.32042116422e-08, 1.526120883e-07, 7.78147182245e-08, 1.94463041225e-08, 1.55299044735e-08, 2.70928390833e-09, 1.59076629647e-09, 1.08218123351e-09, 8.97388552357e-10, 4.10607853274e-10, 3.14045212058e-09, 3.3025732149e-10, 2.40780201333e-10, 1.41174932855e-10, 2.18076973146e-10, 1.78939099649e-10, 7.25951132541e-10, 1.05105237014e-10, 8.34129432192e-11, 4.45082928846e-11, 4.41122485761e-11, 2.33150269924e-11, 1.63038488959e-11, 9.13263561997e-12, 7.50391328935e-12, 2.99159221701e-12],
        "max": [0.0720993205905, 0.036841802299, 0.0183318387717, 0.0184382125735, 0.00658326875418, 0.00381414499134, 0.00439921068028, 0.00658108945936, 0.00218207528815, 0.00204395083711, 0.00296011078171, 0.00457211211324, 0.00256499252282, 0.0026209175121, 0.00313787884079, 0.00890451297164, 0.00496970256791, 0.00224489183165, 0.00201654736884, 0.00144825107418, 0.000912971445359, 0.000471003470011, 0.000749253900722, 0.000323861662764, 0.00121042411774, 0.0002854373015, 0.00022651256586, 0.000170338476892, 0.000231029625866, 0.000216327607632, 0.000693400506862, 0.000131496461108, 0.000176851346623, 0.000104340622784, 0.000100519435364, 8.83962929947e-05, 5.46371375094e-05, 4.45532241429e-05, 4.24067038693e-05, 3.73854927602e-05],
        "mean": [0.00183282338548, 0.00217401399277, 0.00201053987257, 0.00098666944541, 0.000432663044194, 0.000477776979096, 0.000429615960456, 0.000401903147576, 0.000237818225287, 0.000147266910062, 0.000132334578666, 0.000141340264236, 0.000135798763949, 0.000111597000796, 0.000134768793941, 0.000125272475998, 0.000118687625218, 5.7016419305e-05, 5.00563328387e-05, 3.45206826751e-05, 2.67042396445e-05, 2.08319597732e-05, 1.41792552313e-05, 1.23904583234e-05, 1.48533035826e-05, 9.03973341337e-06, 5.90306080994e-06, 4.97399287269e-06, 2.96092116514e-06, 2.78959782918e-06, 3.09588676828e-06, 2.46331569542e-06, 1.32640923312e-06, 1.1792354826e-06, 1.2252714896e-06, 9.80185177468e-07, 8.79346941929e-07, 6.49502908345e-07, 4.55025855217e-07, 3.77021308395e-07],
        "median": [0.00119490071665, 0.00136817700695, 0.00142331735697, 0.000772792031057, 0.00033360265661, 0.000336189259542, 0.000243471120484, 0.00023806381796, 0.000153049913934, 8.47234769026e-05, 6.57126001897e-05, 6.23756859568e-05, 5.62677596463e-05, 5.40183464182e-05, 5.22756672581e-05, 3.85192251997e-05, 2.8265563742e-05, 2.03857598535e-05, 1.31981187224e-05, 9.56871826929e-06, 6.74075999996e-06, 5.6362569012e-06, 4.58079330201e-06, 4.42647206e-06, 4.11366181652e-06, 3.29398471877e-06, 2.72194733952e-06, 2.24816949412e-06, 1.0312202221e-06, 8.88294437118e-07, 8.63882291924e-07, 6.35347362277e-07, 3.6505136336e-07, 2.73277407814e-07, 2.04706736895e-07, 1.50214617634e-07, 1.26364724906e-07, 1.01341058212e-07, 5.9332414537e-08, 3.76805999736e-08],
        "min": [1.52149590719e-23, 5.43457518875e-24, 1.08931522594e-23, 8.47749371796e-24, 1.01108562546e-23, 4.71747064919e-24, 8.14058305825e-24, 6.05608201394e-24, 7.58503171005e-24, 7.63389375452e-24, 9.30473428394e-24, 1.21714942566e-23, 1.16216668831e-23, 1.24773805946e-23, 1.25327854514e-23, 1.1274992492e-23, 6.12207811727e-24, 3.28544730642e-24, 4.74643131074e-24, 8.15905265863e-24, 4.69955680132e-24, 4.7525844258e-24, 1.04614504956e-23, 6.56017280984e-24, 1.26778017516e-23, 8.67476416453e-24, 5.86322682186e-24, 5.57289800417e-24, 7.24042650108e-24, 7.16758860712e-24, 7.65709178716e-24, 7.45237607137e-24, 1.00151792597e-23, 1.03478261263e-23, 9.37450429784e-24, 1.23858427529e-23, 1.25305348312e-23, 1.05648330838e-23, 8.81809309126e-24, 8.59583705324e-24],
        "var": [6.9808711487e-06, 7.78740104579e-06, 4.03729973186e-06, 8.96765982361e-07, 1.54071329916e-07, 2.31433617159e-07, 2.68003304882e-07, 2.39179769324e-07, 6.65916175535e-08, 3.24587325906e-08, 4.81546464925e-08, 8.28884765269e-08, 7.25512592226e-08, 3.95630515015e-08, 7.75941373377e-08, 1.11872978437e-07, 1.14073209545e-07, 1.73051653007e-08, 1.80716632769e-08, 7.02539937336e-09, 3.55671692098e-09, 1.63204350034e-09, 1.06351427664e-09, 5.27365817682e-10, 1.52877099868e-09, 3.57275015128e-10, 1.86028512039e-10, 8.73543876123e-11, 1.14897640013e-10, 1.18227858059e-10, 3.05710595727e-10, 6.36813726751e-11, 4.08293433785e-11, 2.88032393075e-11, 3.57004044382e-11, 2.08013155312e-11, 1.3806697105e-11, 6.92704704361e-12, 4.24590614403e-12, 3.24825583098e-12]
    },
    "mfcc": {
        "mean": [-637.463317871, 153.902252197, -5.41312122345, 21.7648391724, 1.2347728014, 11.3738622665, 3.12379002571, 1.21403932571, -4.35292577744, 2.43093752861, 1.41698181629, 1.35793483257, -1.65083515644],
        "cov": [[3855.73852539, -244.70249939, -204.03074646, 153.503967285, 166.728897095, -30.8340682983, -11.9772748947, 92.1908340454, -23.050151825, -32.5575027466, 73.1266326904, 65.0463790894, 15.692905426], [-244.70249939, 774.66217041, -94.7279129028, 1.80163764954, -71.5373687744, 7.3873705864, -25.3034210205, -4.94957971573, -15.7424621582, 16.942905426, 28.6960830688, 14.5920200348, 44.9343605042], [-204.03074646, -94.7279129028, 430.080718994, -29.9519710541, -39.5907173157, 61.4425125122, 38.0709571838, -36.3784713745, -16.7284374237, 2.036247015, -34.7546195984, 15.0823001862, 14.007434845], [153.503967285, 1.80163764954, -29.9519710541, 154.583190918, 18.7645874023, -12.4187555313, -7.60173177719, 7.04860401154, 17.5484333038, 17.5490665436, -9.10727596283, -3.07623839378, 16.9352893829], [166.728897095, -71.5373687744, -39.5907173157, 18.7645874023, 220.212936401, -13.8992586136, -47.4852790833, 6.79813241959, 1.34497129917, 16.3818912506, 18.1445198059, -10.2466278076, -3.57925438881], [-30.8340682983, 7.3873705864, 61.4425125122, -12.4187555313, -13.8992586136, 145.757156372, 56.7385063171, -0.562179028988, -9.75556182861, -1.82858836651, 42.1811447144, 19.5435009003, 0.140039592981], [-11.9772748947, -25.3034210205, 38.0709571838, -7.60173177719, -47.4852790833, 56.7385063171, 115.075241089, 23.8829097748, -10.4806880951, -22.7531719208, 26.364233017, 10.5787200928, 0.77762645483], [92.1908340454, -4.94957971573, -36.3784713745, 7.04860401154, 6.79813241959, -0.562179028988, 23.8829097748, 99.4982147217, 16.4467544556, -21.85754776, 14.4194068909, -7.20645618439, 0.191082581878], [-23.050151825, -15.7424621582, -16.7284374237, 17.5484333038, 1.34497129917, -9.75556182861, -10.4806880951, 16.4467544556, 77.4433364868, 22.3665218353, -16.2974090576, -7.80310773849, 3.65700364113], [-32.5575027466, 16.942905426, 2.036247015, 17.5490665436, 16.3818912506, -1.82858836651, -22.7531719208, -21.85754776, 22.3665218353, 94.5208206177, 7.32043266296, 2.82883858681, 1.13191235065], [73.1266326904, 28.6960830688, -34.7546195984, -9.10727596283, 18.1445198059, 42.1811447144, 26.364233017, 14.4194068909, -16.2974090576, 7.32043266296, 122.972251892, 23.2511386871, -6.52295064926], [65.0463790894, 14.5920200348, 15.0823001862, -3.07623839378, -10.2466278076, 19.5435009003, 10.5787200928, -7.20645618439, -7.80310773849, 2.82883858681, 23.2511386871, 65.7527313232, 22.0265007019], [15.692905426, 44.9343605042, 14.007434845, 16.9352893829, -3.57925438881, 0.140039592981, 0.77762645483, 0.191082581878, 3.65700364113, 1.13191235065, -6.52295064926, 22.0265007019, 72.5663375854]],
