{
"lowlevel": {
    "average_loudness": 0.0556805245578,
    "barkbands_crest": {
        "dmean": 2.12189030647,
        "dmean2": 3.38767027855,
        "dvar": 4.18435287476,
        "dvar2": 9.93052959442,
        "max": 26.1840248108,
        "mean": 12.2075061798,
        "median": 11.325053215,
        "min": 4.37174367905,
        "var": 18.2971992493
    },
    "barkbands_flatness_db": {
        "dmean": 0.0197092201561,
        "dmean2": 0.0296004004776,
        "dvar": 0.000336732598953,
        "dvar2": 0.000713936751708,
        "max": 0.466782927513,
        "mean": 0.283874958754,
        "median": 0.286488354206,
        "min": 0.110409408808,
        "var": 0.00334474281408
    },
    "barkbands_kurtosis": {
        "dmean": 4.31164979935,
        "dmean2": 6.68177080154,
        "dvar": 54.0442581177,
        "dvar2": 124.060768127,
        "max": 177.764175415,
        "mean": 11.0747747421,
        "median": 6.80546092987,
        "min": -1.95836424828,
        "var": 210.522613525
    },
    "barkbands_skewness": {
        "dmean": 0.509200334549,
        "dmean2": 0.767598152161,
        "dvar": 0.33593955636,
        "dvar2": 0.710638940334,
        "max": 12.3255243301,
        "mean": 1.9733273983,
        "median": 1.72893869877,
        "min": -3.47890925407,
        "var": 2.29655051231
    },
    "barkbands_spread": {
        "dmean": 1.96480238438,
        "dmean2": 2.93350577354,
        "dvar": 33.2762069702,
        "dvar2": 66.8253936768,
        "max": 105.569793701,
        "mean": 7.14861679077,
        "median": 4.16830062866,
        "min": 0.542955994606,
        "var": 144.972625732
    },
    "dissonance": {
        "dmean": 0.0295006036758,
        "dmean2": 0.0495805852115,
        "dvar": 0.000742508505937,
        "dvar2": 0.00202433555387,
        "max": 0.499952018261,
        "mean": 0.404370009899,
        "median": 0.411990135908,
        "min": 0.207377523184,
        "var": 0.00296784611419
    },
    "dynamic_complexity": 8.40539264679,
    "erbbands_crest": {
        "dmean": 2.3935687542,
        "dmean2": 3.76867794991,
        "dvar": 5.09256696701,
        "dvar2": 12.4929227829,
        "max": 31.3185958862,
        "mean": 12.8899173737,
        "median": 11.9413194656,
        "min": 3.41672730446,
        "var": 25.4949626923
    },
    "erbbands_flatness_db": {
        "dmean": 0.0145576614887,
        "dmean2": 0.0212873909622,
        "dvar": 0.000238471242483,
        "dvar2": 0.000462391937617,
        "max": 0.384945064783,
        "mean": 0.259593814611,
        "median": 0.263663887978,
        "min": 0.113302491605,
        "var": 0.00248860218562
    },
    "erbbands_kurtosis": {
        "dmean": 1.76794040203,
        "dmean2": 2.7234313488,
        "dvar": 6.91384792328,
        "dvar2": 15.3778791428,
        "max": 49.902557373,
        "mean": 4.11046981812,
        "median": 3.00392723083,
        "min": -1.84586036205,
        "var": 20.4619007111
    },
    "erbbands_skewness": {
        "dmean": 0.354923784733,
        "dmean2": 0.526578783989,
        "dvar": 0.172043815255,
        "dvar2": 0.312024891376,
        "max": 6.48444604874,
        "mean": 1.25022113323,
        "median": 1.25195991993,
        "min": -5.21222686768,
        "var": 1.00561058521
    },
    "erbbands_spread": {
        "dmean": 4.36032390594,
        "dmean2": 6.52724981308,
        "dvar": 72.5125274658,
        "dvar2": 171.739486694,
        "max": 130.927627563,
        "mean": 19.0220508575,
        "median": 14.5764598846,
        "min": 1.62452924252,
        "var": 239.145675659
    },
    "hfc": {
        "dmean": 2.83748316765,
        "dmean2": 3.95147800446,
        "dvar": 146.768127441,
        "dvar2": 266.949371338,
        "max": 359.955749512,
        "mean": 9.18077278137,
        "median": 0.936296164989,
        "min": 6.63127648295e-05,
        "var": 632.235656738
    },
    "melbands_crest": {
        "dmean": 2.73067331314,
        "dmean2": 4.28012275696,
        "dvar": 6.33501291275,
        "dvar2": 15.1715288162,
        "max": 32.7625656128,
        "mean": 16.9371299744,
        "median": 16.1268405914,
        "min": 5.42326259613,
        "var": 31.2477245331
    },
    "melbands_flatness_db": {
        "dmean": 0.0207307580858,
        "dmean2": 0.0292673371732,
        "dvar": 0.000459099654108,
        "dvar2": 0.000855740217958,
        "max": 0.582775950432,
        "mean": 0.350164294243,
        "median": 0.355466336012,
        "min": 0.0743228644133,
        "var": 0.00690444931388
    },
    "melbands_kurtosis": {
        "dmean": 6.74958658218,
        "dmean2": 10.4185876846,
        "dvar": 154.653182983,
        "dvar2": 359.185028076,
        "max": 319.186553955,
        "mean": 17.3424434662,
        "median": 9.32069969177,
        "min": -1.8660415411,
        "var": 650.772521973
    },
    "melbands_skewness": {
        "dmean": 0.569399535656,
        "dmean2": 0.85252892971,
        "dvar": 0.446815878153,
        "dvar2": 1.00725185871,
        "max": 13.6132144928,
        "mean": 2.44234132767,
        "median": 2.06094884872,
        "min": -1.85539114475,
        "var": 3.05774354935
    },
    "melbands_spread": {
        "dmean": 2.72182703018,
        "dmean2": 3.88220310211,
        "dvar": 107.392448425,
        "dvar2": 166.680130005,
        "max": 239.289489746,
        "mean": 8.99207496643,
        "median": 4.86587572098,
        "min": 0.675202786922,
        "var": 414.618133545
    },
    "pitch_salience": {
        "dmean": 0.0614488199353,
        "dmean2": 0.0955740213394,
        "dvar": 0.00313992914744,
        "dvar2": 0.00737282866612,
        "max": 0.873933196068,
        "mean": 0.519665718079,
        "median": 0.540535569191,
        "min": 0.102651074529,
        "var": 0.0177466385067
    },
    "silence_rate_20dB": {
        "dmean": 0,
        "dmean2": 0,
        "dvar": 0,
        "dvar2": 0,
        "max": 1,
        "mean": 1,
        "median": 1,
        "min": 1,
        "var": 0
    },
    "silence_rate_30dB": {
        "dmean": 0.00773993786424,
        "dmean2": 0.0154858687893,
        "dvar": 0.0076800477691,
        "dvar2": 0.0183432549238,
        "max": 1,
        "mean": 0.976789176464,
        "median": 1,
        "min": 0,
        "var": 0.0226719770581
    },
    "silence_rate_60dB": {
        "dmean": 0.0278637763113,
        "dmean2": 0.055749129504,
        "dvar": 0.02708838135,
        "dvar2": 0.0596098080277,
        "max": 1,
        "mean": 0.48201161623,
        "median": 0,
        "min": 0,
        "var": 0.24968008697
    },
    "spectral_centroid": {
        "dmean": 86.6184005737,
        "dmean2": 122.645050049,
        "dvar": 63107.6210938,
        "dvar2": 99272.859375,
        "max": 5186.33691406,
        "mean": 527.27331543,
        "median": 375.154388428,
        "min": 162.102737427,
        "var": 331540.25
    },
    "spectral_complexity": {
        "dmean": 1.08591330051,
        "dmean2": 1.75300037861,
        "dvar": 2.03748512268,
        "dvar2": 4.27580404282,
        "max": 36,
        "mean": 6.39458417892,
        "median": 5,
        "min": 0,
        "var": 16.7133808136
    },
    "spectral_decrease": {
        "dmean": 1.04622321917e-09,
        "dmean2": 1.42137779324e-09,
        "dvar": 5.35265968764e-18,
        "dvar2": 1.03629815798e-17,
        "max": -5.59299819186e-14,
        "mean": -4.29196278517e-09,
        "median": -9.17787901233e-10,
        "min": -6.28966390082e-08,
        "var": 5.66815191538e-17
    },
    "spectral_energy": {
        "dmean": 0.00413920357823,
        "dmean2": 0.00565332686529,
        "dvar": 8.42141016619e-05,
        "dvar2": 0.000162588752573,
        "max": 0.243302732706,
        "mean": 0.0170315653086,
        "median": 0.00360651803203,
        "min": 2.17107256617e-07,
        "var": 0.000890276103746
    },
    "spectral_energyband_high": {
        "dmean": 0.00020372934523,
        "dmean2": 0.000283414643491,
        "dvar": 2.53978919318e-06,
        "dvar2": 4.58686781712e-06,
        "max": 0.0455289557576,
        "mean": 0.00039830460446,
        "median": 1.58020304752e-06,
        "min": 3.46695394615e-10,
        "var": 7.45143097447e-06
    },
    "spectral_energyband_low": {
        "dmean": 0.0012842703145,
        "dmean2": 0.00158202426974,
        "dvar": 9.40483005252e-06,
        "dvar2": 1.64016346389e-05,
        "max": 0.101698614657,
        "mean": 0.00463614799082,
        "median": 0.000516926986165,
        "min": 5.71775089497e-08,
        "var": 0.000103041835246
    },
    "spectral_energyband_middle_high": {
        "dmean": 0.000467649864731,
        "dmean2": 0.000574449019041,
        "dvar": 4.4615508159e-06,
        "dvar2": 7.10311906005e-06,
        "max": 0.0896797925234,
        "mean": 0.00130142469425,
        "median": 7.21215110389e-05,
        "min": 9.02152486049e-09,
        "var": 3.28235655616e-05
    },
    "spectral_energyband_middle_low": {
        "dmean": 0.00327442423441,
        "dmean2": 0.00468424987048,
        "dvar": 7.41302719689e-05,
        "dvar2": 0.000147765007569,
        "max": 0.23829190433,
        "mean": 0.0108963837847,
        "median": 0.00173491425812,
        "min": 1.29819866856e-07,
        "var": 0.000525993062183
    },
    "spectral_entropy": {
        "dmean": 0.17301286757,
        "dmean2": 0.253909260035,
        "dvar": 0.0345431603491,
        "dvar2": 0.0658088698983,
        "max": 8.53539562225,
        "mean": 6.30868721008,
        "median": 6.20094299316,
        "min": 5.06057024002,
        "var": 0.431665569544
    },
    "spectral_flux": {
        "dmean": 0.0119556346908,
        "dmean2": 0.0193411465734,
        "dvar": 0.000361496349797,
        "dvar2": 0.000918401754461,
        "max": 0.339569360018,
        "mean": 0.0345299467444,
        "median": 0.0214862972498,
        "min": 0.000465947698103,
        "var": 0.00137203442864
    },
    "spectral_kurtosis": {
        "dmean": 7.97414398193,
        "dmean2": 13.6133022308,
        "dvar": 84.3939666748,
        "dvar2": 251.684265137,
        "max": 119.970001221,
        "mean": 21.1726493835,
        "median": 15.3123722076,
        "min": -1.29029285908,
        "var": 350.835083008
    },
    "spectral_rms": {
        "dmean": 0.000404053280363,
        "dmean2": 0.000540538749192,
        "dvar": 3.42604039361e-07,
        "dvar2": 6.11347559243e-07,
        "max": 0.015406768769,
        "mean": 0.0030477643013,
        "median": 0.00187578098848,
        "min": 1.45537605931e-05,
        "var": 7.32730813979e-06
    },
    "spectral_rolloff": {
        "dmean": 134.423522949,
        "dmean2": 226.627593994,
        "dvar": 368247.34375,
        "dvar2": 729053.625,
        "max": 8871.6796875,
        "mean": 659.270751953,
        "median": 452.197265625,
        "min": 107.666015625,
        "var": 1298487.375
    },
    "spectral_skewness": {
        "dmean": 0.572577536106,
        "dmean2": 0.945972621441,
        "dvar": 0.30921676755,
        "dvar2": 0.893425941467,
        "max": 8.77383804321,
        "mean": 3.29390144348,
        "median": 3.11414122581,
        "min": -0.396996557713,
        "var": 2.34167551994
    },
    "spectral_spread": {
        "dmean": 377719.3125,
        "dmean2": 597403.1875,
        "dvar": 184797528064,
        "dvar2": 378441203712,
        "max": 10617589,
        "mean": 2816001.5,
        "median": 2461174,
        "min": 662791.3125,
        "var": 2.19693436109e+12
    },
    "spectral_strongpeak": {
        "dmean": 0.219594731927,
        "dmean2": 0.332304358482,
        "dvar": 0.272413611412,
        "dvar2": 0.585782825947,
        "max": 11.5593585968,
        "mean": 0.733992755413,
        "median": 0.281492203474,
        "min": 0.000722516793758,
        "var": 1.60168492794
    },
    "zerocrossingrate": {
        "dmean": 0.00453852117062,
        "dmean2": 0.00514651834965,
        "dvar": 0.000126930768602,
        "dvar2": 0.000115546339657,
        "max": 0.29345703125,
        "mean": 0.0254979152232,
        "median": 0.017578125,
        "min": 0.00439453125,
        "var": 0.00111125165131
    },
    "barkbands": {
        "dmean": [4.99235102325e-06, 0.000558857398573, 0.000773150008172, 0.000144184727105, 0.00181952991989, 0.000638512894511, 0.000301858555758, 0.00052069715457, 0.000903462001588, 0.000282865774352, 0.000181741925189, 2.56774255831e-05, 5.34514329047e-05, 4.59967923234e-05, 5.79765764996e-05, 2.05095238925e-05, 1.71143728949e-05, 2.51709043368e-05, 1.78226491698e-05, 1.14205804493e-05, 2.36175783357e-05, 7.5456671766e-05, 6.63466853439e-05, 6.25254251645e-05, 8.63041896082e-06, 8.64194849015e-09, 8.01717137122e-10],
        "dmean2": [8.41446853883e-06, 0.000720185926184, 0.000960117962677, 0.000211433667573, 0.00263988110237, 0.000914843461942, 0.000447166821687, 0.000721748918295, 0.00138847681228, 0.000403396115871, 0.000222031623707, 3.5290413507e-05, 6.90933011356e-05, 7.19544186722e-05, 8.01876449259e-05, 3.03410088236e-05, 2.72636971204e-05, 3.79366210836e-05, 2.51178225881e-05, 1.70757411979e-05, 3.36737975886e-05, 0.000105517596239, 9.36323413043e-05, 9.25577478483e-05, 1.21095208669e-05, 1.34473445712e-08, 1.50514301023e-09],
        "dvar": [2.49598092195e-10, 1.68641781784e-06, 3.78356799047e-06, 1.14188551947e-07, 3.00471510855e-05, 4.46147805633e-06, 2.28881572184e-06, 5.21569290868e-06, 3.26711960952e-05, 3.21242464452e-06, 1.56333487666e-06, 1.58079860313e-08, 1.34944798447e-07, 6.49802842645e-08, 2.37824608007e-07, 1.62275686222e-08, 4.90178875268e-09, 1.62444067087e-08, 9.86602621822e-09, 5.39264854993e-09, 2.08141859304e-08, 3.71717419512e-07, 3.18350714679e-07, 4.33862823002e-07, 2.60830224086e-09, 3.09965777817e-15, 4.50160002517e-18],
        "dvar2": [6.46087461309e-10, 2.94301048598e-06, 7.16392059985e-06, 2.35297292761e-07, 6.342089182e-05, 8.51260756463e-06, 4.20261358158e-06, 1.03734510049e-05, 6.22319130343e-05, 6.0350566855e-06, 2.59312855633e-06, 2.6912468698e-08, 1.97388558831e-07, 1.48264874156e-07, 3.78496906706e-07, 3.55420048948e-08, 1.20377423585e-08, 3.20772812756e-08, 1.86456396989e-08, 1.17073248873e-08, 4.32409770212e-08, 7.93294475443e-07, 6.16220972915e-07, 9.63520960795e-07, 4.70398919816e-09, 6.75625411872e-15, 1.54856151604e-17],
        "max": [0.000299709499814, 0.0450703091919, 0.0571821779013, 0.00829842872918, 0.235949769616, 0.0539132431149, 0.0515676774085, 0.110824964941, 0.186446174979, 0.064452894032, 0.0661838427186, 0.00532571226358, 0.0173451770097, 0.0110049806535, 0.022069811821, 0.00358870904893, 0.00137204152998, 0.00536115048453, 0.0033278525807, 0.00211664428934, 0.00352809205651, 0.016703940928, 0.0181717369705, 0.026986759156, 0.0014588192571, 2.15118075175e-06, 2.75980713837e-08],
        "mean": [7.01703265804e-06, 0.0018975083949, 0.00258174957708, 0.000291838427074, 0.00468515511602, 0.00155203114264, 0.000619406055193, 0.00137876544613, 0.00223765172996, 0.000533325655852, 0.000349609588739, 5.63970606891e-05, 9.45911524468e-05, 9.58779201028e-05, 0.000114396163553, 3.29161048285e-05, 2.62804023805e-05, 4.40797266492e-05, 2.90053812932e-05, 1.82778476301e-05, 3.26285917254e-05, 0.000111216962978, 0.000115215625556, 0.000110161825432, 1.64756675076e-05, 1.3844729807e-08, 6.81085354781e-10],
        "median": [1.07997686882e-06, 0.000182023475645, 0.000194471649593, 6.55241674394e-05, 0.000650856818538, 0.000176852481673, 0.000138811956276, 7.69420657889e-05, 5.92177639192e-05, 1.73072094185e-05, 9.41510370467e-06, 5.57823022973e-06, 6.38889105176e-06, 5.29343287781e-06, 3.86494275517e-06, 1.39282599321e-06, 1.1689129451e-06, 8.79157369127e-07, 6.57225143641e-07, 4.8950710152e-07, 2.57791072045e-07, 3.05291194991e-07, 1.89167508324e-07, 1.89349464108e-07, 4.48647057283e-08, 2.26039242879e-10, 1.12719292233e-10],
        "min": [3.78883119323e-10, 2.05136352349e-08, 3.06192262656e-08, 4.59986715384e-09, 4.4070340266e-08, 2.33079440193e-08, 2.5547881588e-09, 1.39771083596e-09, 3.22986748458e-09, 1.3073140348e-09, 1.40648936942e-09, 3.99113053717e-09, 2.46536152604e-10, 2.76430378587e-10, 1.32896527116e-09, 1.73911288148e-10, 1.04719115324e-10, 7.60203150429e-11, 1.0859661087e-10, 7.90194923384e-11, 3.29034022251e-11, 7.11524936192e-11, 8.05184738328e-11, 7.04870953272e-11, 3.57722011735e-11, 1.39940567814e-11, 2.53652411575e-11],
        "var": [2.94759133768e-10, 2.06967106351e-05, 3.15082761517e-05, 4.75628610275e-07, 0.00019557759515, 2.15403415496e-05, 5.1781989896e-06, 3.48611429217e-05, 0.000167461359524, 8.13389124232e-06, 7.0833521022e-06, 7.94334482634e-08, 4.1652808136e-07, 2.88133918502e-07, 8.17374257167e-07, 2.78564051825e-08, 8.16787704139e-09, 3.69566350855e-08, 1.80366175329e-08, 1.02693080706e-08, 3.45152884051e-08, 6.21467165729e-07, 9.30809335387e-07, 9.78666321316e-07, 8.76929462379e-09, 7.46642348236e-15, 3.30538891234e-18]
    },
    "erbbands": {
        "dmean": [0.00438597192988, 0.170847892761, 0.935792028904, 0.456429392099, 1.85198938847, 8.78903484344, 8.15739345551, 3.67250132561, 3.16610264778, 6.80925989151, 14.0660858154, 22.4880084991, 7.45150995255, 10.8664550781, 3.32808804512, 1.17684721947, 2.31015086174, 2.19611740112, 2.42894983292, 2.31749296188, 0.964246451855, 0.837039411068, 1.17089951038, 1.23701107502, 0.629372537136, 0.489870488644, 0.971475243568, 0.971215009689, 2.28588175774, 2.92918133736, 1.75566363335, 1.66076946259, 0.749363601208, 0.191465109587, 0.015517026186, 0.000696046685334, 4.04591482948e-05, 6.47063097858e-06, 3.39672510563e-06, 5.15974079462e-06],
        "dmean2": [0.00653092283756, 0.216029167175, 1.13717865944, 0.626996040344, 2.76898646355, 12.7555332184, 11.7497215271, 5.08192062378, 4.47273015976, 9.6201467514, 20.0527935028, 35.2093925476, 11.2031030655, 14.2303009033, 4.24412345886, 1.54187512398, 3.04195189476, 3.33052539825, 3.28680944443, 3.31994152069, 1.41144049168, 1.30342638493, 1.74105155468, 1.88586652279, 0.878262042999, 0.705989599228, 1.43580293655, 1.33612585068, 3.15157032013, 4.1847615242, 2.47504115105, 2.39285302162, 1.14600729942, 0.271380931139, 0.0212803892791, 0.000958162476309, 5.60121443414e-05, 9.17965644476e-06, 4.70735449198e-06, 7.09599726179e-06],
        "dvar": [9.67850501183e-05, 0.161914736032, 5.54049921036, 1.14865875244, 40.652381897, 911.682006836, 494.466339111, 208.535385132, 404.545410156, 743.686584473, 4753.84716797, 24383.9003906, 2043.37402344, 6630.67724609, 275.158203125, 24.6368026733, 358.594421387, 181.341812134, 267.781188965, 521.157226562, 20.1941566467, 10.5460767746, 34.8109779358, 29.7620277405, 21.8324813843, 9.350025177, 42.6209907532, 39.9246940613, 444.63961792, 647.133544922, 257.263793945, 377.934814453, 41.009311676, 1.49679577351, 0.00830520223826, 1.79682265298e-05, 7.67323413697e-08, 2.30541208346e-09, 2.11207787371e-10, 1.52015677823e-10],
        "dvar2": [0.000230654462939, 0.274794995785, 9.82127952576, 2.00478792191, 58.9973258972, 1949.65625, 1054.15209961, 380.972381592, 628.618347168, 1484.05822754, 9776.43261719, 47056.7109375, 5091.96728516, 13897.6914062, 465.28213501, 38.3169937134, 616.398132324, 425.192230225, 370.286224365, 865.772521973, 37.5204849243, 24.9213237762, 74.4200286865, 58.2057151794, 45.9282646179, 18.9128475189, 89.3710784912, 79.9368209839, 942.959350586, 1461.61047363, 473.121307373, 878.865478516, 81.4622802734, 2.68521332741, 0.0149846328422, 3.25049441017e-05, 1.36609429546e-07, 4.19348067382e-09, 3.90803861494e-10, 2.90416773963e-10],
        "max": [0.244749069214, 14.0816364288, 75.9150695801, 35.293926239, 269.76385498, 1389.1282959, 653.819458008, 541.820495605, 856.066711426, 761.364196777, 3108.52978516, 4877.6953125, 1492.7869873, 3172.92211914, 603.604370117, 207.103088379, 922.258056641, 622.846862793, 938.570861816, 1029.43444824, 129.8540802, 69.426361084, 219.510253906, 174.568130493, 175.751678467, 94.6234817505, 172.493972778, 134.910980225, 769.515686035, 735.582946777, 543.646240234, 807.920166016, 228.514785767, 37.4837875366, 2.68890523911, 0.124822884798, 0.00952525716275, 0.00173951953184, 0.000527127820533, 0.000304179004161],
        "mean": [0.0120181348175, 0.590210080147, 3.22654557228, 1.46019792557, 4.2303185463, 21.7361450195, 21.4548530579, 8.08580684662, 6.66628313065, 16.3783988953, 41.3797988892, 56.6468162537, 15.3503389359, 23.4136257172, 7.31819820404, 2.96342611313, 4.41803455353, 5.10954141617, 5.19574689865, 4.51986980438, 1.84021437168, 1.47651088238, 2.06427073479, 2.17860102654, 1.04461991787, 0.83439463377, 1.35409235954, 1.41803634167, 3.43405532837, 4.55825424194, 3.17196035385, 2.92060089111, 1.32190907001, 0.37386199832, 0.0281272400171, 0.00129390123766, 8.34721504361e-05, 1.35637719723e-05, 1.13919186333e-05, 2.04024472623e-05],
        "median": [0.00170432578307, 0.0545570030808, 0.262228757143, 0.311233967543, 0.914280891418, 2.2539741993, 2.4170396328, 1.3361004591, 2.26151633263, 1.90471291542, 1.92764925957, 1.61553144455, 0.88603156805, 0.579972684383, 0.432411193848, 0.254967480898, 0.291392475367, 0.302100270987, 0.28797262907, 0.126947805285, 0.0886162146926, 0.0681944712996, 0.0541351288557, 0.0475118160248, 0.0251019168645, 0.0235193241388, 0.0164761375636, 0.00906707718968, 0.00968997646123, 0.00802649743855, 0.00518317800015, 0.00427034543827, 0.00268429820426, 0.00118557352107, 8.44543610583e-05, 8.43100679049e-06, 2.02861997423e-06, 3.23997340956e-07, 1.82991811926e-06, 4.17243154516e-06],
        "min": [2.48240013434e-07, 6.13553493167e-06, 3.64263651136e-05, 2.6130461265e-05, 6.36533950455e-05, 0.000182343894267, 0.000143815108459, 0.000208382087294, 6.39217760181e-05, 0.000210708007216, 5.63939938729e-05, 8.26471514301e-05, 2.45171468123e-05, 3.72966642317e-05, 0.000174749584403, 7.52549240133e-05, 1.36865955938e-05, 1.33649073177e-05, 8.12205762486e-05, 1.93981741177e-05, 1.09435377453e-05, 5.45434113519e-06, 4.31941998613e-06, 6.36305867374e-06, 4.54382279713e-06, 3.16901287079e-06, 1.6297011598e-06, 1.37685242407e-06, 2.21610889639e-06, 3.2235341223e-06, 2.20290758079e-06, 1.81948541922e-06, 8.55592304561e-07, 4.94423090913e-07, 1.66534505297e-07, 3.98478690045e-08, 3.4851364461e-08, 1.05875974654e-08, 3.58243212872e-09, 5.89193804856e-10],
        "var": [0.00063723832136, 1.99705612659, 53.8984718323, 9.53623962402, 214.268539429, 5667.56347656, 2719.29052734, 627.784423828, 864.184448242, 2929.72216797, 33490.46875, 115351, 5658.80078125, 23271.2617188, 1254.89770508, 164.427780151, 960.796203613, 884.21496582, 1093.14306641, 1543.01098633, 58.1618041992, 22.8641471863, 72.3080749512, 71.2535858154, 33.3448143005, 20.5015163422, 65.1502990723, 71.686668396, 658.05456543, 1243.56433105, 779.239379883, 789.363891602, 110.776611328, 5.13714504242, 0.0252453070134, 5.57558341825e-05, 2.53717871601e-07, 7.4796258076e-09, 8.57695470202e-10, 1.31067423581e-09]
    },
    "gfcc": {
        "mean": [-189.547622681, 177.183044434, -104.634384155, 25.2617969513, -72.8626327515, 2.20300221443, -36.4142608643, -11.6002178192, -4.926445961, -20.3260173798, 1.09648859501, -22.7180233002, 4.78820800781],
        "cov": [[13785.2939453, -3688.89086914, -949.651794434, 1269.88684082, -1235.94262695, 870.608764648, -342.23324585, 1017.96234131, -598.853210449, -249.573425293, -276.337463379, -10.5358371735, 275.484710693], [-3688.89086914, 1835.9354248, 474.761138916, -531.814208984, 757.639831543, -249.217910767, 315.339111328, -289.417480469, 250.461486816, 43.1248016357, 96.5821151733, -81.2525253296, -83.7642669678], [-949.651794434, 474.761138916, 754.662658691, 189.511108398, 222.731369019, 19.3928375244, 131.106521606, -63.5522079468, 71.4202041626, 18.478302002, 11.7749023438, -12.6469163895, -43.9102363586], [1269.88684082, -531.814208984, 189.511108398, 720.749389648, -54.1694869995, 165.060333252, 34.2610702515, 120.197685242, -5.9368224144, -44.4928817749, -36.4803504944, 24.7818450928, -8.62044811249], [-1235.94262695, 757.639831543, 222.731369019, -54.1694869995, 560.256896973, -22.535326004, 171.464675903, -53.67628479, 158.065917969, 8.89098453522, 24.9091281891, -31.3500385284, -49.6098899841], [870.608764648, -249.217910767, 19.3928375244, 165.060333252, -22.535326004, 259.161987305, 56.5596809387, 68.7720565796, -12.3565301895, -2.72188711166, -17.6640319824, -17.7970104218, -4.36793231964], [-342.23324585, 315.339111328, 131.106521606, 34.2610702515, 171.464675903, 56.5596809387, 254.203491211, -37.0916099548, 56.2222251892, 22.4958400726, 15.1662511826, -34.96043396, -45.7633132935], [1017.96234131, -289.417480469, -63.5522079468, 120.197685242, -53.67628479, 68.7720565796, -37.0916099548, 205.887619019, -15.4481649399, -26.3680877686, -17.3458595276, -4.08367347717, 10.9357070923], [-598.853210449, 250.461486816, 71.4202041626, -5.9368224144, 158.065917969, -12.3565301895, 56.2222251892, -15.4481649399, 146.086456299, 17.8755073547, 14.3045911789, -3.67866325378, -46.9571418762], [-249.573425293, 43.1248016357, 18.478302002, -44.4928817749, 8.89098453522, -2.72188711166, 22.4958400726, -26.3680877686, 17.8755073547, 107.462348938, 7.58575677872, -16.5114307404, -0.562546372414], [-276.337463379, 96.5821151733, 11.7749023438, -36.4803504944, 24.9091281891, -17.6640319824, 15.1662511826, -17.3458595276, 14.3045911789, 7.58575677872, 73.1705245972, 5.09767723083, -24.9986476898], [-10.5358371735, -81.2525253296, -12.6469163895, 24.7818450928, -31.3500385284, -17.7970104218, -34.96043396, -4.08367347717, -3.67866325378, -16.5114307404, 5.09767723083, 71.9182891846, 18.7505645752], [275.484710693, -83.7642669678, -43.9102363586, -8.62044811249, -49.6098899841, -4.36793231964, -45.7633132935, 10.9357070923, -46.9571418762, -0.562546372414, -24.9986476898, 18.7505645752, 89.422744751]],
        "icov": [[0.000260940607404, 0.000515654333867, 2.25060011871e-06, 5.47494491911e-05, -0.000153251021402, -0.000173147622263, -0.000333402364049, -0.000532745791133, 0.000206883822102, 0.000416026829043, -1.41084647112e-05, 0.000543029629625, -0.000519976834767], [0.000515654333867, 0.00755908386782, -0.00263537862338, 0.00389928347431, -0.00515753496438, 0.00312238233164, -0.00421733036637, 0.00213158177212, -0.0030460068956, 0.00370190478861, -0.0033801922109, 0.00543662300333, -0.00421487120911], [2.25060011871e-06, -0.00263537862338, 0.00285265408456, -0.00218820828013, 0.0013530900469, -0.00126499740873, 0.00114254583605, -0.000660748046357, 0.00147047953214, -0.00146469904575, 0.00128659291659, -0.00168153014965, 0.00154388847295], [5.47494491911e-05, 0.00389928347431, -0.00218820828013, 0.00431156856939, -0.00246544159018, 0.00102173618507, -0.00241709710099, 0.000751285464503, -0.00207384396344, 0.00228886748664, -0.00112915690988, 0.00148533680476, -0.00152342929505], [-0.000153251021402, -0.00515753496438, 0.0013530900469, -0.00246544159018, 0.00708825560287, -0.00217001698911, 0.0013134580804, -0.00201282300986, -0.000722843687981, -0.00136662111618, 0.00208890042268, -0.00258797686547, 0.00155089923646], [-0.000173147622263, 0.00312238233164, -0.00126499740873, 0.00102173618507, -0.00217001698911, 0.00721560465172, -0.00315151829273, 0.000750137143768, -0.00151238474064, 0.0009609455592, -0.00121411180589, 0.00285860314034, -0.00134739116766], [-0.000333402364049, -0.00421733036637, 0.00114254583605, -0.00241709710099, 0.0013134580804, -0.00315151829273, 0.00857873912901, 6.37475313852e-05, 0.00165534915868, -0.00282760942355, 0.00135528936516, -0.00149190146476, 0.00390507094562], [-0.000532745791133, 0.00213158177212, -0.000660748046357, 0.000751285464503, -0.00201282300986, 0.000750137143768, 6.37475313852e-05, 0.00907050166279, -0.00265060411766, 0.00164965156, -0.00153899181169, 0.00244726473466, -0.00109563872684], [0.000206883822102, -0.0030460068956, 0.00147047953214, -0.00207384396344, -0.000722843687981, -0.00151238474064, 0.00165534915868, -0.00265060411766, 0.0141000794247, -0.00358255486935, 0.00270141800866, -0.00454320339486, 0.00681738834828], [0.000416026829043, 0.00370190478861, -0.00146469904575, 0.00228886748664, -0.00136662111618, 0.0009609455592, -0.00282760942355, 0.00164965156, -0.00358255486935, 0.0127599146217, -0.00279883341864, 0.00566129153594, -0.00444311276078], [-1.41084647112e-05, -0.0033801922109, 0.00128659291659, -0.00112915690988, 0.00208890042268, -0.00121411180589, 0.00135528936516, -0.00153899181169, 0.00270141800866, -0.00279883341864, 0.0182253327221, -0.00566220376641, 0.007064669393], [0.000543029629625, 0.00543662300333, -0.00168153014965, 0.00148533680476, -0.00258797686547, 0.00285860314034, -0.00149190146476, 0.00244726473466, -0.00454320339486, 0.00566129153594, -0.00566220376641, 0.0219049509615, -0.00814784318209], [-0.000519976834767, -0.00421487120911, 0.00154388847295, -0.00152342929505, 0.00155089923646, -0.00134739116766, 0.00390507094562, -0.00109563872684, 0.00681738834828, -0.00444311276078, 0.007064669393, -0.00814784318209, 0.0196102745831]]
    },
    "melbands": {
        "dmean": [9.02824758668e-05, 0.000396186951548, 9.89939289866e-05, 0.00037883137702, 0.000320062827086, 9.08132351469e-05, 5.16245090694e-05, 7.82848946983e-05, 0.000143020763062, 0.000127844046801, 3.33656244038e-05, 4.49442923127e-05, 1.77408855961e-05, 2.62824573838e-06, 5.53178369955e-06, 4.1369507926e-06, 4.5305155254e-06, 3.87724094253e-06, 4.21365075454e-06, 2.1013447622e-06, 1.18791456316e-06, 9.88456008599e-07, 7.89290027114e-07, 1.45586341205e-06, 1.03731963463e-06, 6.30189276762e-07, 2.65143285105e-07, 3.65154562587e-07, 6.34633067875e-07, 6.31920784144e-07, 5.60959563245e-07, 1.26267968881e-06, 1.86770739674e-06, 1.51956510308e-06, 1.02825435988e-06, 1.0620615285e-06, 1.07011453565e-06, 6.25664483778e-07, 2.84434236164e-07, 1.30423146061e-07],
        "dmean2": [0.000122513665701, 0.000482658157125, 0.00013890604896, 0.0005559551646, 0.000454002147308, 0.000126697254018, 7.39267779863e-05, 0.000110369241156, 0.000208527577342, 0.000200393580599, 5.11273246957e-05, 5.95733072259e-05, 2.20352267206e-05, 3.86774809158e-06, 7.66168795963e-06, 5.60337821298e-06, 6.86553539708e-06, 5.34939135832e-06, 6.05224386163e-06, 2.95299810205e-06, 1.84151519989e-06, 1.54783344897e-06, 1.20384265756e-06, 2.19569392357e-06, 1.59758167229e-06, 8.78533569448e-07, 3.82570988222e-07, 5.27882093593e-07, 9.61065438787e-07, 9.15424720915e-07, 7.94017637418e-07, 1.76151172582e-06, 2.82078599412e-06, 2.141546247e-06, 1.43969873534e-06, 1.51294830175e-06, 1.57114027388e-06, 9.74630893325e-07, 4.20373737597e-07, 1.81256638143e-07],
        "dvar": [4.17126990726e-08, 9.53913172452e-07, 4.80725041996e-08, 1.57161923653e-06, 7.15821840913e-07, 1.08024003964e-07, 9.54457846092e-08, 9.31703709739e-08, 5.49729122667e-07, 8.06267451026e-07, 5.14555047459e-08, 1.10617946802e-07, 1.01341095515e-08, 1.41679501464e-10, 1.33591548934e-09, 8.9265939085e-10, 8.83734141421e-10, 4.79397410658e-10, 1.33804844982e-09, 3.90133064743e-10, 3.14222536879e-11, 1.5875889145e-11, 1.50744243477e-11, 5.99854124705e-11, 2.04748249605e-11, 2.0093397432e-11, 2.47746159525e-12, 5.53003823289e-12, 2.32047523557e-11, 2.07720351336e-11, 1.35946262927e-11, 1.59918744913e-10, 2.44437470265e-10, 1.86266932434e-10, 9.05226796299e-11, 9.94511833996e-11, 1.89122037475e-10, 2.8044396666e-11, 4.35593444995e-12, 5.59083378551e-13],
        "dvar2": [8.04684603395e-08, 1.64055643381e-06, 8.78696724271e-08, 3.44453519574e-06, 1.42518774737e-06, 1.9954798347e-07, 1.57748758056e-07, 1.78084917479e-07, 1.10968119316e-06, 1.57359875175e-06, 1.30909342033e-07, 2.36155827338e-07, 1.8115022371e-08, 2.80391737606e-10, 2.02607375321e-09, 1.50763868056e-09, 2.12207340589e-09, 6.91331214497e-10, 2.40040853861e-09, 6.37522812319e-10, 6.4844817016e-11, 3.76798904578e-11, 3.88232120063e-11, 1.15519184496e-10, 4.15590999114e-11, 4.05299786788e-11, 5.49569981537e-12, 1.134642727e-11, 5.2480901569e-11, 4.62491850373e-11, 2.81700149318e-11, 3.57016333163e-10, 5.57910273535e-10, 4.20437962223e-10, 1.63010160925e-10, 2.05389844021e-10, 4.63564880926e-10, 5.68265122458e-11, 9.21229845879e-12, 1.0205500724e-12],
        "max": [0.00639503169805, 0.0328390412033, 0.00566872488707, 0.0483212545514, 0.0306276995689, 0.0112163964659, 0.0123009169474, 0.00754377711564, 0.0249815806746, 0.0274528879672, 0.00775207998231, 0.0131697114557, 0.00444765528664, 0.00033130927477, 0.00148415064905, 0.0013187834993, 0.0014200147707, 0.00113503006287, 0.00163702003192, 0.000919570680708, 0.00014814856695, 8.1132275227e-05, 0.000100222729088, 0.000340000231517, 0.000129834195832, 0.000159045739565, 6.33827221463e-05, 7.03476034687e-05, 0.00014849404397, 0.000121164754091, 7.90863414295e-05, 0.000504798721522, 0.000461212417576, 0.000378406111849, 0.000362845952623, 0.000384394021239, 0.000573427241761, 0.000181678202352, 6.04289925832e-05, 2.53778707702e-05],
        "mean": [0.000290708441753, 0.00139975338243, 0.000300401588902, 0.000910298258532, 0.000859442981891, 0.000202184586669, 0.000103974816739, 0.000184525793884, 0.000403997575631, 0.000311111827614, 6.30642971373e-05, 9.39002929954e-05, 3.57340177288e-05, 5.19730610904e-06, 1.13624773803e-05, 7.87926364865e-06, 9.78434127319e-06, 7.73735246185e-06, 8.08859931567e-06, 3.59713703801e-06, 2.0098011646e-06, 1.57072599904e-06, 1.4048820276e-06, 2.31329636335e-06, 1.73442163032e-06, 9.67725441114e-07, 4.3949864903e-07, 5.80078733492e-07, 8.56335532262e-07, 7.87969327121e-07, 8.16802298687e-07, 1.70269595401e-06, 2.68472717835e-06, 2.40277563535e-06, 1.74857905222e-06, 1.78470588708e-06, 1.81253039955e-06, 1.05520416582e-06, 4.98207270994e-07, 2.43189703042e-07],
        "median": [3.06240326609e-05, 0.000122144308989, 6.95528942742e-05, 0.000119501972222, 9.53033159021e-05, 2.64624686679e-05, 3.03032138618e-05, 1.89574311662e-05, 1.68399437825e-05, 9.02054034668e-06, 3.5067346289e-06, 2.08302958526e-06, 1.48911067299e-06, 7.03051171058e-07, 6.87353349349e-07, 5.21125627984e-07, 5.54684902454e-07, 4.96472921441e-07, 1.96201199287e-07, 1.27317690612e-07, 8.79341044424e-08, 7.01120939084e-08, 5.12001605557e-08, 4.64790801402e-08, 3.41115082847e-08, 1.98652418959e-08, 1.27511965431e-08, 1.45842671273e-08, 1.02789963208e-08, 5.4873474653e-09, 4.94377250249e-09, 5.10177811108e-09, 5.0333293089e-09, 3.49312756498e-09, 2.64563504437e-09, 2.91710433586e-09, 2.36158026468e-09, 1.67586755584e-09, 1.58637847303e-09, 6.19673978797e-10],
        "min": [3.85286247351e-09, 1.56959121256e-08, 5.67907054716e-09, 6.39594111007e-09, 5.82979753361e-09, 4.9550283876e-09, 5.00320396224e-10, 1.54791979234e-09, 5.12672904129e-10, 4.45512154945e-10, 1.16055796917e-10, 1.51429230266e-10, 3.97158389509e-10, 5.42650313573e-10, 2.1559120808e-11, 2.35402426718e-11, 1.71094007018e-11, 1.15580378601e-10, 5.1639567622e-11, 1.33717056525e-11, 1.19465080189e-11, 6.2079842135e-12, 2.81010132698e-12, 4.96868431815e-12, 5.26261759864e-12, 3.56806598156e-12, 3.3885548447e-12, 1.65629608553e-12, 1.0552637323e-12, 7.18126946797e-13, 7.56838981677e-13, 1.4815140217e-12, 1.1543873496e-12, 1.83721722731e-12, 9.59690985534e-13, 1.82133735177e-12, 8.09756125e-13, 6.21698113996e-13, 5.62509782677e-13, 3.63644688363e-13],
        "var": [4.55087217688e-07, 1.02541353044e-05, 3.2588482668e-07, 9.11559254746e-06, 4.41737756773e-06, 3.80041626613e-07, 1.95849366946e-07, 3.68588217725e-07, 3.35042886945e-06, 3.57073759005e-06, 1.30838543555e-07, 3.68515856053e-07, 4.45395826887e-08, 3.91749549467e-10, 4.75027794877e-09, 2.2794528487e-09, 4.00581878779e-09, 1.8076606878e-09, 4.5473402821e-09, 1.01730901481e-09, 6.6441012414e-11, 2.9801980328e-11, 3.01481790921e-11, 1.2048982645e-10, 4.65809994743e-11, 3.15328319012e-11, 4.27039913847e-12, 1.22281186912e-11, 3.09900612117e-11, 2.68157666211e-11, 2.48036556572e-11, 1.99577993021e-10, 3.87942095115e-10, 3.77388814643e-10, 2.48733506014e-10, 2.80361178717e-10, 3.30325850006e-10, 7.32492747013e-11, 1.14761125949e-11, 1.8183665294e-12]
    },
    "mfcc": {
        "mean": [-818.76159668, 175.943527222, 36.8419075012, 11.6513233185, 3.24173760414, -2.26521897316, -8.88643455505, -4.78754043579, -3.8551132679, -0.234205633402, -0.507825255394, -4.95044517517, -7.21453237534],
        "cov": [[12456.1728516, -2815.73022461, -909.522277832, 365.189086914, -416.636077881, -261.596954346, 137.402206421, 616.675476074, 176.479385376, -7.81002759933, -100.607788086, -385.219268799, -295.275817871], [-2815.73022461, 1745.13696289, 32.1730613708, -146.00668335, 224.679367065, 111.48336792, 126.104743958, -97.9866027832, 27.2044677734, 107.866325378, 53.3020858765, 75.0027084351, 59.5466384888], [-909.522277832, 32.1730613708, 645.678283691, 165.657852173, 48.1634025574, 118.464866638, 29.2399539948, 27.0247020721, 18.251750946, 0.447513341904, -27.4575595856, 89.426864624, 67.0427627563], [365.189086914, -146.00668335, 165.657852173, 424.552825928, 99.0839385986, 77.2184524536, 71.4430847168, 125.29158783, 67.5043334961, 34.1736602783, -11.2767019272, 16.4285831451, 41.9857330322], [-416.636077881, 224.679367065, 48.1634025574, 99.0839385986, 304.200958252, 43.9888877869, 6.8002076149, 63.1853294373, 64.3793182373, 55.7306213379, 4.52880048752, 42.4052581787, 35.9377098083], [-261.596954346, 111.48336792, 118.464866638, 77.2184524536, 43.9888877869, 267.499359131, 89.1893539429, 42.1582107544, 34.8701171875, 79.6540985107, 17.8995666504, 7.65560245514, 49.2122535706], [137.402206421, 126.104743958, 29.2399539948, 71.4430847168, 6.8002076149, 89.1893539429, 165.315856934, 57.8446311951, 27.3241634369, 51.6211891174, 16.8415145874, -13.1071557999, 14.3843050003], [616.675476074, -97.9866027832, 27.0247020721, 125.29158783, 63.1853294373, 42.1582107544, 57.8446311951, 199.988128662, 38.587928772, 46.2586021423, -17.6356086731, -1.56095600128, 12.192855835], [176.479385376, 27.2044677734, 18.251750946, 67.5043334961, 64.3793182373, 34.8701171875, 27.3241634369, 38.587928772, 126.4557724, 26.438829422, 7.03465270996, -5.60898637772, -4.69367170334], [-7.81002759933, 107.866325378, 0.447513341904, 34.1736602783, 55.7306213379, 79.6540985107, 51.6211891174, 46.2586021423, 26.438829422, 145.344345093, 42.5535736084, 5.62818193436, 24.8410968781], [-100.607788086, 53.3020858765, -27.4575595856, -11.2767019272, 4.52880048752, 17.8995666504, 16.8415145874, -17.6356086731, 7.03465270996, 42.5535736084, 118.394676208, 16.3164234161, -17.4694747925], [-385.219268799, 75.0027084351, 89.426864624, 16.4285831451, 42.4052581787, 7.65560245514, -13.1071557999, -1.56095600128, -5.60898637772, 5.62818193436, 16.3164234161, 93.2840423584, 22.5320415497], [-295.275817871, 59.5466384888, 67.0427627563, 41.9857330322, 35.9377098083, 49.2122535706, 14.3843050003, 12.192855835, -4.69367170334, 24.8410968781, -17.4694747925, 22.5320415497, 98.9624176025]],
