{
"lowlevel": {
    "average_loudness": 0.94647616148,
    "barkbands_crest": {
        "dmean": 2.16323542595,
        "dmean2": 3.64222455025,
        "dvar": 3.87355470657,
        "dvar2": 12.0073986053,
        "max": 20.5770111084,
        "mean": 10.049074173,
        "median": 9.69357585907,
        "min": 3.78581190109,
        "var": 8.70821285248
    },
    "barkbands_flatness_db": {
        "dmean": 0.0161573905498,
        "dmean2": 0.0258173625916,
        "dvar": 0.00017067657609,
        "dvar2": 0.000468634068966,
        "max": 0.33756378293,
        "mean": 0.196892559528,
        "median": 0.193706318736,
        "min": 0.10506503284,
        "var": 0.00150881649461
    },
    "barkbands_kurtosis": {
        "dmean": 1.68536639214,
        "dmean2": 2.70256614685,
        "dvar": 4.90098381042,
        "dvar2": 12.6655321121,
        "max": 38.2562103271,
        "mean": 3.91479277611,
        "median": 2.57038879395,
        "min": -1.59284603596,
        "var": 20.0971012115
    },
    "barkbands_skewness": {
        "dmean": 0.375240206718,
        "dmean2": 0.593649923801,
        "dvar": 0.113373868167,
        "dvar2": 0.297302305698,
        "max": 5.34009122849,
        "mean": 1.46224808693,
        "median": 1.4328224659,
        "min": -0.74028980732,
        "var": 0.767511963844
    },
    "barkbands_spread": {
        "dmean": 2.53527402878,
        "dmean2": 3.92300820351,
        "dvar": 11.7213487625,
        "dvar2": 24.7726325989,
        "max": 85.0242004395,
        "mean": 14.9446973801,
        "median": 14.5648498535,
        "min": 2.90379595757,
        "var": 53.2416000366
    },
    "dissonance": {
        "dmean": 0.0241644177586,
        "dmean2": 0.0409950986505,
        "dvar": 0.000405546830734,
        "dvar2": 0.00112485082354,
        "max": 0.499468564987,
        "mean": 0.443754762411,
        "median": 0.447393000126,
        "min": 0.328405112028,
        "var": 0.000871323805768
    },
    "dynamic_complexity": 2.28001403809,
    "erbbands_crest": {
        "dmean": 2.91659903526,
        "dmean2": 4.59544897079,
        "dvar": 7.48979663849,
        "dvar2": 17.7424468994,
        "max": 31.3159160614,
        "mean": 12.2230949402,
        "median": 10.5171232224,
        "min": 3.16467475891,
        "var": 38.3531570435
    },
    "erbbands_flatness_db": {
        "dmean": 0.0141060166061,
        "dmean2": 0.0206488054246,
        "dvar": 0.000154989407747,
        "dvar2": 0.000322945677908,
        "max": 0.297129273415,
        "mean": 0.19862228632,
        "median": 0.199942827225,
        "min": 0.0995566770434,
        "var": 0.00106280192267
    },
    "erbbands_kurtosis": {
        "dmean": 1.14773321152,
        "dmean2": 1.76709401608,
        "dvar": 1.55363452435,
        "dvar2": 3.64382076263,
        "max": 19.7216510773,
        "mean": 1.82098150253,
        "median": 1.31856679916,
        "min": -1.75180447102,
        "var": 5.10493040085
    },
    "erbbands_skewness": {
        "dmean": 0.290144830942,
        "dmean2": 0.448655575514,
        "dvar": 0.0631184354424,
        "dvar2": 0.151159793139,
        "max": 2.98881554604,
        "mean": 0.841966688633,
        "median": 0.895074248314,
        "min": -1.02289819717,
        "var": 0.368292033672
    },
    "erbbands_spread": {
        "dmean": 5.79644298553,
        "dmean2": 8.70127105713,
        "dvar": 45.7924385071,
        "dvar2": 88.8179931641,
        "max": 141.450378418,
        "mean": 27.9575920105,
        "median": 24.7571487427,
        "min": 4.83857631683,
        "var": 231.625961304
    },
    "hfc": {
        "dmean": 3.72424125671,
        "dmean2": 5.66855859756,
        "dvar": 20.5241184235,
        "dvar2": 47.3308296204,
        "max": 67.8692169189,
        "mean": 19.575668335,
        "median": 17.3981819153,
        "min": 5.0585334975e-05,
        "var": 174.755172729
    },
    "melbands_crest": {
        "dmean": 2.75951385498,
        "dmean2": 4.66611909866,
        "dvar": 6.23033094406,
        "dvar2": 18.9830970764,
        "max": 27.1621055603,
        "mean": 13.9323120117,
        "median": 13.6434402466,
        "min": 4.4391746521,
        "var": 15.4156599045
    },
    "melbands_flatness_db": {
        "dmean": 0.0181742999703,
        "dmean2": 0.0286779906601,
        "dvar": 0.00026444598916,
        "dvar2": 0.000704305362888,
        "max": 0.426687508821,
        "mean": 0.246938720345,
        "median": 0.242586344481,
        "min": 0.121224813163,
        "var": 0.00302229216322
    },
    "melbands_kurtosis": {
        "dmean": 3.87092924118,
        "dmean2": 6.04352331161,
        "dvar": 30.9918117523,
        "dvar2": 67.3863220215,
        "max": 135.327606201,
        "mean": 9.44850826263,
        "median": 6.56533050537,
        "min": -1.27921354771,
        "var": 115.934356689
    },
    "melbands_skewness": {
        "dmean": 0.528368830681,
        "dmean2": 0.830322146416,
        "dvar": 0.227991580963,
        "dvar2": 0.539874792099,
        "max": 9.37493038177,
        "mean": 2.14378833771,
        "median": 2.04149913788,
        "min": -0.357463806868,
        "var": 1.36022162437
    },
    "melbands_spread": {
        "dmean": 2.72597932816,
        "dmean2": 4.37056303024,
        "dvar": 9.09933948517,
        "dvar2": 22.5261211395,
        "max": 61.9630012512,
        "mean": 15.7725095749,
        "median": 15.5185165405,
        "min": 2.27672243118,
        "var": 66.5331268311
    },
    "pitch_salience": {
        "dmean": 0.0601309649646,
        "dmean2": 0.101734273136,
        "dvar": 0.00279787927866,
        "dvar2": 0.00831398833543,
        "max": 0.806900560856,
        "mean": 0.50963228941,
        "median": 0.505594670773,
        "min": 0.27559119463,
        "var": 0.00722559681162
    },
    "silence_rate_20dB": {
        "dmean": 0,
        "dmean2": 0,
        "dvar": 0,
        "dvar2": 0,
        "max": 1,
        "mean": 1,
        "median": 1,
        "min": 1,
        "var": 0
    },
    "silence_rate_30dB": {
        "dmean": 0,
        "dmean2": 0,
        "dvar": 0,
        "dvar2": 0,
        "max": 1,
        "mean": 1,
        "median": 1,
        "min": 1,
        "var": 0
    },
    "silence_rate_60dB": {
        "dmean": 0.000773993786424,
        "dmean2": 0.00154858687893,
        "dvar": 0.000773391744588,
        "dvar2": 0.00154617498629,
        "max": 1,
        "mean": 0.014313345775,
        "median": 0,
        "min": 0,
        "var": 0.0141077004373
    },
    "spectral_centroid": {
        "dmean": 113.216522217,
        "dmean2": 176.877487183,
        "dvar": 12814.7998047,
        "dvar2": 29855.4023438,
        "max": 2428.30493164,
        "mean": 901.743408203,
        "median": 902.557678223,
        "min": 294.530303955,
        "var": 111333.796875
    },
    "spectral_complexity": {
        "dmean": 2.09210515022,
        "dmean2": 3.51374363899,
        "dvar": 3.62309861183,
        "dvar2": 9.26489830017,
        "max": 41,
        "mean": 17.3837528229,
        "median": 17,
        "min": 0,
        "var": 42.8436698914
    },
    "spectral_decrease": {
        "dmean": 2.27595076119e-09,
        "dmean2": 3.74899178368e-09,
        "dvar": 5.27843346255e-18,
        "dvar2": 1.53972044421e-17,
        "max": -1.67166288949e-14,
        "mean": -1.03704520527e-08,
        "median": -9.98090676774e-09,
        "min": -2.63875445938e-08,
        "var": 2.06082404692e-17
    },
    "spectral_energy": {
        "dmean": 0.00883349217474,
        "dmean2": 0.0145193375647,
        "dvar": 7.86102536949e-05,
        "dvar2": 0.00022767149494,
        "max": 0.104517124593,
        "mean": 0.0409160479903,
        "median": 0.0392826572061,
        "min": 6.7680772986e-08,
        "var": 0.000324601307511
    },
    "spectral_energyband_high": {
        "dmean": 0.000119557436847,
        "dmean2": 0.000181690789759,
        "dvar": 7.7181326219e-08,
        "dvar2": 1.65255002571e-07,
        "max": 0.0065850848332,
        "mean": 0.000433612091001,
        "median": 0.000152037013322,
        "min": 7.24173498945e-10,
        "var": 3.46136204143e-07
    },
    "spectral_energyband_low": {
        "dmean": 0.00646319938824,
        "dmean2": 0.010890414007,
        "dvar": 5.85737325309e-05,
        "dvar2": 0.000182355841389,
        "max": 0.0663869902492,
        "mean": 0.0181542020291,
        "median": 0.0157798118889,
        "min": 7.76399833313e-09,
        "var": 0.000123237958178
    },
    "spectral_energyband_middle_high": {
        "dmean": 0.00184250832535,
        "dmean2": 0.00274265254848,
        "dvar": 7.21627657185e-06,
        "dvar2": 1.60998279171e-05,
        "max": 0.047983340919,
        "mean": 0.00649113440886,
        "median": 0.00411350280046,
        "min": 9.56891454962e-09,
        "var": 4.11246837757e-05
    },
    "spectral_energyband_middle_low": {
        "dmean": 0.00488750962541,
        "dmean2": 0.00754506187513,
        "dvar": 2.74277390417e-05,
        "dvar2": 6.55891635688e-05,
        "max": 0.0676622912288,
        "mean": 0.0179825164378,
        "median": 0.0154730817303,
        "min": 4.84672852963e-08,
        "var": 0.000122937519336
    },
    "spectral_entropy": {
        "dmean": 0.112687692046,
        "dmean2": 0.167610943317,
        "dvar": 0.0110767399892,
        "dvar2": 0.0218935590237,
        "max": 8.35778236389,
        "mean": 7.21379804611,
        "median": 7.19098949432,
        "min": 6.34085798264,
        "var": 0.110880039632
    },
    "spectral_flux": {
        "dmean": 0.019052233547,
        "dmean2": 0.0309854466468,
        "dvar": 0.000325127301039,
        "dvar2": 0.000803436618298,
        "max": 0.21123111248,
        "mean": 0.0811760798097,
        "median": 0.0773590803146,
        "min": 0.000640200567432,
        "var": 0.00121656234842
    },
    "spectral_kurtosis": {
        "dmean": 1.96596670151,
        "dmean2": 3.38062381744,
        "dvar": 3.52010655403,
        "dvar2": 10.2107276917,
        "max": 19.3845081329,
        "mean": 4.97432899475,
        "median": 4.3429236412,
        "min": -1.26067733765,
        "var": 10.7679195404
    },
    "spectral_rms": {
        "dmean": 0.000666952633765,
        "dmean2": 0.00108886091039,
        "dvar": 3.88106656146e-07,
        "dvar2": 1.12322049972e-06,
        "max": 0.0100979171693,
        "mean": 0.0061359340325,
        "median": 0.00619068183005,
        "min": 8.12588586996e-06,
        "var": 2.26844053941e-06
    },
    "spectral_rolloff": {
        "dmean": 132.598388672,
        "dmean2": 236.615097046,
        "dvar": 204451.921875,
        "dvar2": 478555.6875,
        "max": 9991.40625,
        "mean": 728.174194336,
        "median": 753.662109375,
        "min": 107.666015625,
        "var": 267123.78125
    },
    "spectral_skewness": {
        "dmean": 0.221545398235,
        "dmean2": 0.372479140759,
        "dvar": 0.035229511559,
        "dvar2": 0.0959188640118,
        "max": 3.38620352745,
        "mean": 1.68005883694,
        "median": 1.66994535923,
        "min": 0.296521425247,
        "var": 0.228757068515
    },
    "spectral_spread": {
        "dmean": 318826.5,
        "dmean2": 466624.65625,
        "dvar": 245193031680,
        "dvar2": 364969000960,
        "max": 12957013,
        "mean": 3692885.5,
        "median": 3562032.25,
        "min": 1867249.25,
        "var": 1.26002620006e+12
    },
    "spectral_strongpeak": {
        "dmean": 0.70940810442,
        "dmean2": 1.24889540672,
        "dvar": 1.37101089954,
        "dvar2": 3.29375314713,
        "max": 7.82750082016,
        "mean": 1.1473274231,
        "median": 0.379333794117,
        "min": 0.000604123342782,
        "var": 2.57971072197
    },
    "zerocrossingrate": {
        "dmean": 0.00465719029307,
        "dmean2": 0.00602553784847,
        "dvar": 3.45248990925e-05,
        "dvar2": 4.51439191238e-05,
        "max": 0.228515625,
        "mean": 0.0349888950586,
        "median": 0.0341796875,
        "min": 0.0078125,
        "var": 0.000267388939392
    },
    "barkbands": {
        "dmean": [0.00039010940236, 0.00537703651935, 0.00185594288632, 0.000802038004622, 0.00172435725108, 0.0014692026889, 0.000758453563321, 0.000634820957202, 0.00127075111959, 0.0023140758276, 0.000784631469287, 0.000252808444202, 0.000136077025672, 0.000155276095029, 0.000204140713322, 9.73594142124e-05, 8.08455806691e-05, 6.63172177156e-05, 9.07715730136e-05, 6.6390100983e-05, 4.39050600107e-05, 2.73998593912e-05, 2.11829628824e-05, 3.11056392093e-05, 1.60523286468e-05, 1.22083951837e-08, 1.26272858836e-09],
        "dmean2": [0.000625314423814, 0.0090914433822, 0.00316383456811, 0.00138460611925, 0.0028093745932, 0.00227851630189, 0.00120090448763, 0.000933878473006, 0.00197260500863, 0.00336466752924, 0.00120752200019, 0.000395683833631, 0.000208217927138, 0.000256249360973, 0.000335697404807, 0.000154101537191, 0.000131616572617, 0.000106701372715, 0.000149120969581, 0.00011074552458, 7.11601678631e-05, 4.63770484203e-05, 3.20318067679e-05, 4.51425330539e-05, 2.38398934016e-05, 1.90355269325e-08, 2.28067209562e-09],
        "dvar": [3.95710770817e-07, 4.27941049566e-05, 7.25931840861e-06, 1.13939574931e-06, 4.11571818404e-06, 3.91022831536e-06, 1.44588375406e-06, 1.01043588074e-06, 7.62192439652e-06, 1.56821643031e-05, 2.97834571938e-06, 2.6386828722e-07, 1.53321380481e-07, 1.13045167893e-07, 1.52786654439e-07, 1.19448046121e-07, 4.41018386255e-08, 1.47611807222e-08, 2.12363104879e-08, 1.29201058741e-08, 6.03937566623e-09, 3.65959618165e-09, 5.1579607252e-09, 9.95128424108e-09, 1.43599452329e-08, 5.07618798477e-15, 2.97184942344e-18],
        "dvar2": [9.69092752712e-07, 0.000139550378663, 2.04247753572e-05, 3.35759250447e-06, 1.12243751573e-05, 9.67191044765e-06, 3.48572757503e-06, 2.57401461567e-06, 1.94149288291e-05, 3.22471423715e-05, 6.92305320626e-06, 5.9037495248e-07, 2.48077554943e-07, 2.48600940722e-07, 3.83607243748e-07, 2.48772920486e-07, 1.10344224424e-07, 3.5496501738e-08, 5.73250922287e-08, 3.66112935524e-08, 1.62747504362e-08, 9.64623581012e-09, 9.91954429708e-09, 2.00447693999e-08, 3.28708509301e-08, 1.15163116199e-14, 9.0246323e-18],
        "max": [0.00726198591292, 0.0540954321623, 0.0232631862164, 0.0124428644776, 0.0249592736363, 0.0274429172277, 0.022757474333, 0.0252132453024, 0.0388866402209, 0.0528572648764, 0.0247291792184, 0.0125329634175, 0.0181015878916, 0.00840305630118, 0.0101113729179, 0.0124948807061, 0.00633674860001, 0.00284526008181, 0.00297364150174, 0.002544865245, 0.00135535525624, 0.00112469121814, 0.00245557446033, 0.0026022028178, 0.00422197440639, 2.24458358389e-06, 1.53852308671e-08],
        "mean": [0.00110373017378, 0.0125096701086, 0.00392206292599, 0.0013965141261, 0.0042811287567, 0.00325311580673, 0.0014077789383, 0.0014005076373, 0.00231899926439, 0.00493082217872, 0.00139119755477, 0.000693244335707, 0.000280336767901, 0.000302003492834, 0.000425099831773, 0.000188317964785, 0.000204011128517, 0.0001639292459, 0.000237388463574, 0.000170787825482, 0.000117176459753, 6.96641000104e-05, 5.04133276991e-05, 7.3106130003e-05, 2.50159046118e-05, 1.76607688473e-08, 1.06848274672e-09],
        "median": [0.000336499040714, 0.0107235386968, 0.00276378635317, 0.000920918304473, 0.00355782359838, 0.00219354615547, 0.000780399539508, 0.000925874395762, 0.000821522553451, 0.00163128145505, 0.000326402514474, 0.000160592593602, 0.000111306835606, 0.000106095103547, 0.000158030525199, 6.68758075335e-05, 7.58064925321e-05, 8.60756917973e-05, 0.00016456040612, 6.5156033088e-05, 3.90656277887e-05, 7.38308472137e-06, 1.0045032468e-05, 2.41560337599e-05, 7.41819849281e-06, 5.75076786191e-09, 4.42097691788e-10],
        "min": [1.59240953757e-09, 5.13775777478e-09, 8.6739748717e-10, 1.29208144184e-09, 4.20741352869e-09, 1.71000955618e-08, 1.72604259774e-08, 5.6492548417e-09, 1.89943927253e-09, 1.47241241422e-09, 4.6951792454e-10, 6.93309465394e-10, 5.75821224036e-10, 3.80196929495e-10, 3.48698792063e-10, 6.64628796443e-10, 1.81500162122e-10, 2.5758606359e-10, 4.25325163977e-10, 7.55857487711e-10, 2.46029530082e-10, 6.76699668523e-11, 3.35613203895e-11, 1.50698949847e-11, 4.7393317569e-12, 2.73273331047e-12, 5.16693415484e-12],
        "var": [2.07969833355e-06, 6.83550097165e-05, 1.29250975078e-05, 2.36545656662e-06, 9.48738124862e-06, 1.07195210148e-05, 3.47540481016e-06, 2.55867985288e-06, 1.6705631424e-05, 5.47001618543e-05, 8.07469950814e-06, 2.36694677369e-06, 9.85566089184e-07, 2.95581230603e-07, 4.33116554177e-07, 3.73191170411e-07, 2.15246416246e-07, 5.49595711163e-08, 6.51620837289e-08, 5.03981389954e-08, 2.70471414154e-08, 1.38109959025e-08, 1.15150307067e-08, 2.30614922714e-08, 1.97631724319e-08, 7.06840015934e-15, 2.68452720369e-18]
    },
    "erbbands": {
        "dmean": [0.171786174178, 1.25735497475, 2.46319675446, 2.02455210686, 4.35872745514, 6.29733753204, 8.11172580719, 14.1996574402, 13.5679330826, 13.2831230164, 9.15259742737, 28.1583309174, 87.4700698853, 29.1947803497, 24.1316204071, 11.9540576935, 6.53696632385, 8.38614273071, 5.42108058929, 11.674202919, 5.65666246414, 2.97895288467, 2.78161120415, 5.55925989151, 3.39213895798, 3.19793987274, 1.98988103867, 1.65269482136, 0.730460166931, 0.89253371954, 0.612663507462, 0.674653828144, 0.521196007729, 0.309911519289, 0.0310881733894, 0.00130712625105, 5.6707434851e-05, 6.63259197609e-06, 4.85650571136e-06, 9.93543562799e-06],
        "dmean2": [0.29543530941, 2.10594844818, 4.12533187866, 3.47859835625, 7.54600095749, 9.9520816803, 12.7010335922, 22.1986255646, 21.2775859833, 20.152463913, 13.6531963348, 43.5669174194, 129.075439453, 44.2160148621, 38.3496322632, 18.5234584808, 9.72861671448, 13.6477603912, 8.69225883484, 19.2574176788, 8.64737892151, 4.70141935349, 4.44847869873, 9.22114181519, 5.52993059158, 5.38641357422, 3.2768368721, 2.70518684387, 1.1903424263, 1.47751128674, 0.925729632378, 1.01523721218, 0.767934978008, 0.453398764133, 0.0506448112428, 0.0021118670702, 8.79324070411e-05, 9.92721106741e-06, 7.7147697084e-06, 1.62279793585e-05],
        "dvar": [0.0608292818069, 2.20763587952, 10.9158592224, 8.19547271729, 27.5679702759, 62.2306442261, 128.653076172, 380.851867676, 475.92590332, 353.588928223, 315.148803711, 4215.86523438, 25388.3671875, 4003.38476562, 2228.72094727, 608.554870605, 310.445800781, 250.974258423, 120.004066467, 628.516418457, 361.811981201, 49.6627731323, 30.5864391327, 88.2307662964, 25.8340034485, 30.870716095, 14.0118551254, 9.93578910828, 2.42821121216, 5.94418764114, 4.75330972672, 4.02169275284, 4.49807882309, 4.65934324265, 0.0916022658348, 0.000151387546794, 2.12160657043e-07, 1.8925261358e-09, 6.57462695397e-11, 9.66414795411e-11],
        "dvar2": [0.20057092607, 6.77637195587, 29.4308815002, 23.4687690735, 82.5705413818, 156.279876709, 303.211761475, 953.752990723, 1115.7208252, 901.525634766, 754.027587891, 10687.4863281, 52972.2890625, 8563.11328125, 5503.26025391, 1403.77770996, 417.431182861, 584.627319336, 244.205871582, 1702.17016602, 711.112548828, 128.375961304, 70.9333877563, 237.935073853, 63.4095878601, 88.6334991455, 40.8595848083, 26.6345729828, 6.20356845856, 16.1803798676, 9.39559936523, 8.76819229126, 8.87380504608, 10.4930801392, 0.24431437254, 0.000399746029871, 5.32446676971e-07, 4.48905224104e-09, 1.57589538641e-10, 2.76189765502e-10],
        "max": [2.28658819199, 11.9944696426, 31.4652061462, 34.0486030579, 61.6872062683, 109.408203125, 265.264190674, 291.981628418, 384.804229736, 303.230285645, 705.566833496, 1035.54821777, 2140.30444336, 1443.06762695, 615.379150391, 615.690490723, 845.579772949, 396.160095215, 254.000946045, 464.682952881, 736.611999512, 230.701629639, 130.879989624, 203.215194702, 166.203582764, 84.007484436, 90.7129211426, 60.4684066772, 27.0145835876, 33.854309082, 72.2342910767, 53.2599143982, 50.9423446655, 73.8553848267, 11.0050859451, 0.444269359112, 0.0164759419858, 0.00150967296213, 0.000251833815128, 0.000120353404782],
        "mean": [0.357110589743, 2.69109129906, 5.56291866302, 4.24470615387, 8.23521900177, 15.4977769852, 18.5640392303, 29.7377052307, 25.6885585785, 28.2238121033, 21.8319950104, 57.1308097839, 189.025054932, 65.0728225708, 44.8838653564, 35.0102500916, 15.6777515411, 17.4034614563, 11.9638938904, 24.0298194885, 14.6059083939, 8.18702793121, 7.60675191879, 13.1927661896, 9.72848510742, 8.30049800873, 5.71539306641, 4.33077526093, 2.15597820282, 2.18174958229, 1.47809720039, 1.52399671078, 1.12272310257, 0.52293741703, 0.0434735044837, 0.00191453716252, 0.000109275199065, 1.58449001901e-05, 2.2721285859e-05, 4.7168101446e-05],
        "median": [0.251027822495, 2.29021453857, 4.16430807114, 2.96639108658, 6.16880083084, 11.9168357849, 13.778254509, 20.0463428497, 14.8245477676, 17.1203098297, 14.0093126297, 24.4442501068, 52.7041893005, 21.9062805176, 16.9739246368, 8.58713436127, 7.20046329498, 7.06491661072, 6.75859308243, 8.06443786621, 6.34969234467, 4.12863969803, 4.00301933289, 7.29908704758, 7.0693025589, 3.21189689636, 2.19466662407, 0.946696221828, 0.301787912846, 0.260640591383, 0.294281095266, 0.504649043083, 0.380788624287, 0.177279919386, 0.0111210523173, 0.000542796275113, 4.75377164548e-05, 8.29222790344e-06, 2.10293856071e-05, 4.52036947536e-05],
        "min": [2.27435847933e-07, 8.43551674734e-07, 1.08975859803e-06, 2.74903300124e-06, 6.35493506707e-06, 1.55087109306e-05, 2.26714673772e-05, 0.000181167255505, 0.000367710832506, 0.000104486593045, 0.000101278026705, 3.87940672226e-05, 6.38555939076e-05, 2.54916776612e-05, 4.96845786984e-05, 2.4708939236e-05, 2.37011881836e-05, 3.14412391162e-05, 2.35469979089e-05, 2.70725740847e-05, 2.51671481237e-05, 9.65790604823e-06, 1.65695855685e-05, 2.32813526964e-05, 3.20711733366e-05, 3.2823831134e-05, 2.7634034268e-05, 8.36843264551e-06, 2.77954200101e-06, 1.7847039544e-06, 7.17255034033e-07, 3.92365478774e-07, 2.02693755114e-07, 6.9150480897e-08, 2.93087385472e-08, 1.33766322463e-08, 5.32182742319e-09, 2.01785521625e-09, 7.93934640253e-10, 1.63042773726e-10],
        "var": [0.114246159792, 3.4486079216, 22.2877025604, 15.5235900879, 52.2066001892, 155.965515137, 310.495178223, 960.343505859, 1168.94238281, 987.475891113, 646.645507812, 9740.93847656, 89871.71875, 13720.7949219, 5572.73535156, 5768.2734375, 2530.38427734, 774.485656738, 405.27166748, 1399.78796387, 1338.96618652, 213.722000122, 108.670936584, 260.773040771, 125.999649048, 109.922447205, 58.5712051392, 45.1525688171, 11.2089319229, 16.9451255798, 10.6280231476, 8.58056926727, 9.08815765381, 6.73660326004, 0.0950317680836, 0.000161556788953, 2.55961765561e-07, 2.60919597039e-09, 1.7142591513e-10, 4.38541092329e-10]
    },
    "gfcc": {
        "mean": [-13.2461299896, 158.226638794, -131.01071167, 48.4779243469, -69.1814727783, 17.2892398834, -23.1662158966, 8.74374198914, -9.81143474579, -16.6558437347, 9.71381378174, -22.3340873718, 17.3445396423],
        "cov": [[3328.32543945, -869.713928223, -339.536712646, 144.099380493, -415.645080566, 434.079467773, -106.126594543, 206.093170166, -3.90622472763, -32.5475769043, -102.133140564, 57.4047393799, 43.379901886], [-869.713928223, 568.380310059, 77.6756210327, -91.4224700928, 241.077209473, -219.105194092, 120.157577515, -92.0381164551, 42.3858947754, -10.1929855347, 62.1803474426, -46.5935287476, 2.70750498772], [-339.536712646, 77.6756210327, 340.342987061, 28.1527767181, 18.7034244537, -1.84136283398, -50.3259620667, 12.6967172623, 9.77925777435, 15.7780313492, 27.8766937256, -17.7639923096, -30.6741027832], [144.099380493, -91.4224700928, 28.1527767181, 188.974304199, -112.278518677, -27.859544754, 39.7475624084, -55.9477233887, 59.6645927429, -5.92769289017, -16.1733989716, 32.822063446, -37.5329475403], [-415.645080566, 241.077209473, 18.7034244537, -112.278518677, 298.369598389, -28.2662448883, -12.9071922302, 26.4794464111, -55.5820236206, 23.0050392151, 34.6818389893, -41.4127807617, 32.4734535217], [434.079467773, -219.105194092, -1.84136283398, -27.859544754, -28.2662448883, 203.192016602, -50.4382476807, 59.5955581665, -47.2705955505, 14.3174600601, -13.0867795944, -8.02098751068, 8.41630172729], [-106.126594543, 120.157577515, -50.3259620667, 39.7475624084, -12.9071922302, -50.4382476807, 174.102478027, -59.168712616, 48.1640930176, -20.4006252289, -19.8468856812, 9.16540527344, -14.6152572632], [206.093170166, -92.0381164551, 12.6967172623, -55.9477233887, 26.4794464111, 59.5955581665, -59.168712616, 145.518463135, -17.7496185303, -7.9058880806, -12.2865972519, -14.3252887726, 29.8583011627], [-3.90622472763, 42.3858947754, 9.77925777435, 59.6645927429, -55.5820236206, -47.2705955505, 48.1640930176, -17.7496185303, 105.05721283, -9.38767528534, -7.48917675018, 16.4069805145, -17.6855487823], [-32.5475769043, -10.1929855347, 15.7780313492, -5.92769289017, 23.0050392151, 14.3174600601, -20.4006252289, -7.9058880806, -9.38767528534, 70.7073898315, 31.9093036652, -4.69530582428, -8.63455104828], [-102.133140564, 62.1803474426, 27.8766937256, -16.1733989716, 34.6818389893, -13.0867795944, -19.8468856812, -12.2865972519, -7.48917675018, 31.9093036652, 77.5421905518, -3.22790145874, -2.71578073502], [57.4047393799, -46.5935287476, -17.7639923096, 32.822063446, -41.4127807617, -8.02098751068, 9.16540527344, -14.3252887726, 16.4069805145, -4.69530582428, -3.22790145874, 53.6732368469, 8.04073143005], [43.379901886, 2.70750498772, -30.6741027832, -37.5329475403, 32.4734535217, 8.41630172729, -14.6152572632, 29.8583011627, -17.6855487823, -8.63455104828, -2.71578073502, 8.04073143005, 51.84425354]],
        "icov": [[0.000758992158808, -0.000936370634008, 0.00110684114043, -0.00139915687032, 0.00121371273417, -0.00196987926029, 0.000724458135664, -0.00134718068875, 0.000290593045065, -0.000217028326006, 0.000252700934652, -0.00029413192533, -0.000282729655737], [-0.000936370634008, 0.0316831506789, -0.010238061659, 0.0181359443814, -0.0186187922955, 0.0225458014756, -0.0159115921706, 0.017510753125, -0.0153240449727, 0.0113396663219, -0.0140539528802, 0.0162960514426, -0.00696973083541], [0.00110684114043, -0.010238061659, 0.00776773458347, -0.00771543290466, 0.00613337010145, -0.00871335435659, 0.00664908159524, -0.00714889820665, 0.00418728683144, -0.00320087489672, 0.00329937017523, -0.0043452908285, 0.00392523407936], [-0.00139915687032, 0.0181359443814, -0.00771543290466, 0.0209179501981, -0.00951023865491, 0.0146460905671, -0.00967063754797, 0.0128751574084, -0.0110525134951, 0.00596767803654, -0.00625010021031, 0.00531148072332, 0.000312707503326], [0.00121371273417, -0.0186187922955, 0.00613337010145, -0.00951023865491, 0.0171263087541, -0.0128332199529, 0.0084677208215, -0.0114286197349, 0.0107664549723, -0.00819004420191, 0.00703508779407, -0.00650643929839, 0.000712105073035], [-0.00196987926029, 0.0225458014756, -0.00871335435659, 0.0146460905671, -0.0128332199529, 0.0253778472543, -0.0115653043613, 0.0112828891724, -0.00735828885809, 0.00554602593184, -0.00828034151345, 0.0115104326978, -0.00372668774799], [0.000724458135664, -0.0159115921706, 0.00664908159524, -0.00967063754797, 0.0084677208215, -0.0115653043613, 0.0166839007288, -0.00604852288961, 0.00416275626048, -0.00389836449176, 0.00871015712619, -0.00787527486682, 0.00436649750918], [-0.00134718068875, 0.017510753125, -0.00714889820665, 0.0128751574084, -0.0114286197349, 0.0112828891724, -0.00604852288961, 0.0217676553875, -0.0111107286066, 0.00750457495451, -0.00563091924414, 0.0110497903079, -0.00815971102566], [0.000290593045065, -0.0153240449727, 0.00418728683144, -0.0110525134951, 0.0107664549723, -0.00735828885809, 0.00416275626048, -0.0111107286066, 0.0226236544549, -0.00588295096532, 0.00650310283527, -0.00982459727675, 0.00565844401717], [-0.000217028326006, 0.0113396663219, -0.00320087489672, 0.00596767803654, -0.00819004420191, 0.00554602593184, -0.00389836449176, 0.00750457495451, -0.00588295096532, 0.0233378894627, -0.0120943840593, 0.00547507824376, 0.00122183689382], [0.000252700934652, -0.0140539528802, 0.00329937017523, -0.00625010021031, 0.00703508779407, -0.00828034151345, 0.00871015712619, -0.00563091924414, 0.00650310283527, -0.0120943840593, 0.0241732485592, -0.00845259893686, 0.00336724566296], [-0.00029413192533, 0.0162960514426, -0.0043452908285, 0.00531148072332, -0.00650643929839, 0.0115104326978, -0.00787527486682, 0.0110497903079, -0.00982459727675, 0.00547507824376, -0.00845259893686, 0.0344614870846, -0.0139348125085], [-0.000282729655737, -0.00696973083541, 0.00392523407936, 0.000312707503326, 0.000712105073035, -0.00372668774799, 0.00436649750918, -0.00815971102566, 0.00565844401717, 0.00122183689382, 0.00336724566296, -0.0139348125085, 0.032998483628]]
    },
    "melbands": {
        "dmean": [0.00142587488517, 0.00140188541263, 0.000382425670978, 0.000376091600629, 0.000286945927655, 0.000310398958391, 0.000190074235434, 0.00015064307081, 7.16347349226e-05, 0.000210956757655, 0.000430305663031, 0.000115956405352, 9.8693803011e-05, 3.6710393033e-05, 1.96083328774e-05, 1.28417586893e-05, 1.81501127372e-05, 8.74631496117e-06, 1.49040188262e-05, 1.15818738777e-05, 7.38855305826e-06, 4.06579783885e-06, 3.10405607706e-06, 2.78227412309e-06, 5.22408618053e-06, 3.16831301461e-06, 1.95883467313e-06, 2.42806709139e-06, 1.56083046932e-06, 1.3391304492e-06, 1.06482684714e-06, 4.73968356118e-07, 4.78400352222e-07, 5.27781764958e-07, 3.79398358064e-07, 4.5626839551e-07, 4.0652230382e-07, 3.79941894835e-07, 3.76021574766e-07, 2.44332596822e-07],
        "dmean2": [0.00244414526969, 0.00233633490279, 0.000663616054226, 0.000627656525467, 0.000446619669674, 0.000482140283566, 0.000297013728414, 0.00022630787862, 0.000106806575786, 0.000326181325363, 0.000633998773992, 0.000177012989298, 0.000154835346621, 5.77418686589e-05, 3.02387834381e-05, 1.90391911019e-05, 2.98280428979e-05, 1.40811762321e-05, 2.41184952756e-05, 1.93039268197e-05, 1.12395509859e-05, 6.40648613626e-06, 4.95546873935e-06, 4.57944270238e-06, 8.70027452038e-06, 5.21729816683e-06, 3.22358641824e-06, 4.08565711041e-06, 2.59171633843e-06, 2.22898597713e-06, 1.73421904037e-06, 7.87472458796e-07, 7.96026540684e-07, 8.68069548687e-07, 5.9680121467e-07, 6.93390006745e-07, 6.13636018443e-07, 5.62310617624e-07, 5.61961655876e-07, 3.85443883033e-07],
        "dvar": [3.50488471668e-06, 2.89651802632e-06, 2.26377594004e-07, 2.4755809136e-07, 1.33221448095e-07, 1.74843592049e-07, 8.91109195322e-08, 4.65746765599e-08, 2.03443644153e-08, 2.20236472614e-07, 6.10502524978e-07, 7.17874684142e-08, 4.67873562116e-08, 4.32143876239e-09, 1.47262346761e-09, 2.29545382702e-09, 1.28228827556e-09, 4.29253355083e-10, 1.0701463049e-09, 7.30579430286e-10, 5.55018919712e-10, 1.10626133254e-10, 3.6156990596e-11, 3.68384142635e-11, 8.12465997257e-11, 2.24147662237e-11, 1.06046959408e-11, 1.87984454392e-11, 1.09715500574e-11, 7.61873029942e-12, 5.34674214625e-12, 1.22678961174e-12, 1.25629086127e-12, 1.8701284011e-12, 1.68904397847e-12, 2.52909954264e-12, 1.26099217873e-12, 1.70830992581e-12, 4.2038377987e-12, 3.88513960586e-12],
        "dvar2": [1.16617466119e-05, 7.9139135778e-06, 6.57189843878e-07, 6.70097563216e-07, 3.25057925465e-07, 4.34583569131e-07, 2.04673881399e-07, 1.18822917727e-07, 4.80498592026e-08, 5.58358351554e-07, 1.27464306843e-06, 1.55235511556e-07, 1.12836168853e-07, 1.01001358388e-08, 3.18138004829e-09, 3.43663364433e-09, 2.98194469117e-09, 9.00403696047e-10, 2.53463583455e-09, 1.72126990439e-09, 1.08610453964e-09, 2.72903116771e-10, 8.76686084839e-11, 8.96991092514e-11, 2.19398582635e-10, 5.90233903419e-11, 2.8145296857e-11, 5.48188300309e-11, 3.28173113684e-11, 2.14773060447e-11, 1.36181005708e-11, 3.25866677392e-12, 3.44972553128e-12, 4.78555086184e-12, 3.66196049179e-12, 5.217801885e-12, 2.84551158677e-12, 3.4505161315e-12, 8.40547943748e-12, 9.63107458368e-12],
        "max": [0.0169766172767, 0.0164507497102, 0.00483627431095, 0.00719757471234, 0.00825154595077, 0.00582509161904, 0.00549545884132, 0.00341636012308, 0.00574629101902, 0.00728459004313, 0.0104800797999, 0.00635939650238, 0.00292518618517, 0.00155152322259, 0.00082003994612, 0.00241088774055, 0.000902478233911, 0.000572885677684, 0.00111023965292, 0.000756089924835, 0.000754205160774, 0.000351134192897, 0.000153619999764, 0.000166376121342, 0.000197245943127, 9.92684144876e-05, 7.02448887751e-05, 6.81973542669e-05, 9.18672521948e-05, 4.45245968876e-05, 4.83425101265e-05, 1.95431384782e-05, 1.66419267771e-05, 2.516951281e-05, 3.83561309718e-05, 4.69764781883e-05, 2.85523256025e-05, 3.00030333165e-05, 5.55664846615e-05, 6.97278082953e-05],
        "mean": [0.00330630503595, 0.00330011500046, 0.000853229372296, 0.000867290131282, 0.000711942731868, 0.000663515122142, 0.000363198458217, 0.000319306127494, 0.000161831179867, 0.000413444096921, 0.00092422083253, 0.000235600600718, 0.000174480985152, 9.42457554629e-05, 4.8356683692e-05, 2.77872677543e-05, 3.49468646164e-05, 1.62006872415e-05, 3.06575093418e-05, 2.22526869038e-05, 1.86176675925e-05, 9.80441109277e-06, 6.9836351031e-06, 6.72403893986e-06, 1.13049572974e-05, 7.70459610067e-06, 5.3358776313e-06, 5.64539914194e-06, 3.86465217161e-06, 3.11018607135e-06, 2.39537871494e-06, 1.18326454412e-06, 1.18126627058e-06, 1.16435364816e-06, 8.42883423502e-07, 9.03617888071e-07, 8.88671252142e-07, 7.92388334503e-07, 6.87004103384e-07, 3.65140664371e-07],
        "median": [0.00277127232403, 0.00276042101905, 0.00065388076473, 0.000692896603141, 0.000563426874578, 0.000448966457043, 0.000213973442442, 0.00019411262474, 0.00010224734433, 0.000152039312525, 0.000251160789048, 6.92719186191e-05, 4.56166926597e-05, 2.74494159385e-05, 1.84147593245e-05, 1.010658616e-05, 1.17047702588e-05, 8.77188631421e-06, 1.03101601781e-05, 8.69443647389e-06, 5.90480294704e-06, 3.96379437007e-06, 3.49569972968e-06, 3.35754975822e-06, 5.61995602766e-06, 5.75068634134e-06, 2.91982360068e-06, 1.97364511223e-06, 1.39486769513e-06, 9.94977881419e-07, 3.6464467712e-07, 1.69485062429e-07, 1.24774842902e-07, 1.30247443053e-07, 1.36209550305e-07, 2.23511122499e-07, 3.37582207521e-07, 2.60117275275e-07, 2.25929753128e-07, 1.07979445829e-07],
        "min": [1.79079950868e-09, 7.5657735632e-10, 6.1467286816e-10, 6.65756061391e-10, 8.08637601324e-10, 4.38795844104e-09, 4.97816143863e-09, 1.05625652669e-09, 7.68297647724e-10, 2.21801313427e-10, 3.09061692905e-10, 7.75384131901e-11, 1.21038970513e-10, 1.63692462363e-10, 1.46687419156e-11, 4.56387254377e-11, 4.6371535084e-11, 3.7732164615e-11, 2.6473588946e-11, 6.04730154841e-11, 2.01245096976e-11, 8.89123583786e-12, 1.02876153776e-11, 2.03031983587e-11, 1.7370958838e-11, 1.85847309764e-11, 3.07729605686e-11, 1.62115702806e-11, 1.5701082795e-11, 3.66301737206e-12, 2.85508595932e-12, 1.30525505768e-12, 1.63473434008e-12, 8.35685904158e-13, 3.76020558007e-13, 3.58581870794e-13, 1.89140939239e-13, 1.52528760022e-13, 9.55001526535e-14, 4.64631486768e-14],
        "var": [5.89870114709e-06, 5.7756105889e-06, 4.61294035858e-07, 4.78361528167e-07, 3.51243414798e-07, 4.64310858206e-07, 2.30381942856e-07, 1.32944578013e-07, 4.21060057931e-08, 5.03742626279e-07, 2.16937974074e-06, 2.29172698596e-07, 1.19372572271e-07, 3.4245040581e-08, 8.04482258587e-09, 1.36614053403e-08, 3.81223097534e-09, 9.43915279272e-10, 2.68928634917e-09, 1.73797387593e-09, 2.35494224121e-09, 4.65101596125e-10, 1.26781266041e-10, 1.07371458946e-10, 2.12108372533e-10, 6.95019389263e-11, 4.39386686757e-11, 5.80845579967e-11, 3.58081585217e-11, 2.47300374623e-11, 1.9216192873e-11, 4.07172169245e-12, 4.4199934511e-12, 4.904330414e-12, 3.85945008591e-12, 4.5362108167e-12, 2.70775242506e-12, 3.6401593545e-12, 7.37133271089e-12, 4.71711992384e-12]
    },
    "mfcc": {
        "mean": [-638.057922363, 156.510299683, 9.76739692688, 25.127374649, 0.454401344061, -3.5378344059, 12.0861768723, 4.80760622025, 4.89738893509, 10.1283369064, -6.91231107712, -1.73810255527, -2.5847568512],
        "cov": [[3515.40600586, -1042.93847656, -41.4984779358, -251.373428345, -251.46031189, 76.7693405151, -121.711784363, 210.337127686, 85.1083602905, 42.8156929016, -52.111907959, -60.9023628235, -24.5593261719], [-1042.93847656, 785.455505371, -165.455230713, 111.209144592, 131.606369019, -59.5699501038, 109.16027832, -88.5040435791, 0.67236071825, -1.88423240185, 13.706413269, 35.1023712158, 17.1465873718], [-41.4984779358, -165.455230713, 339.330383301, 6.28624105453, -26.8168563843, 27.3947029114, -66.9430084229, 24.877161026, -46.7396278381, 26.020242691, 22.5433368683, 13.2926025391, -23.7541122437], [-251.373428345, 111.209144592, 6.28624105453, 229.146087646, -84.8477325439, 39.2577819824, -60.9154472351, 8.02946376801, -21.3337078094, -12.2546987534, 23.6250171661, 12.1067371368, 7.05084609985], [-251.46031189, 131.606369019, -26.8168563843, -84.8477325439, 274.310974121, -85.1810073853, 95.3240509033, -65.1667709351, 16.3522224426, -6.57610321045, -18.3645820618, 51.2641792297, 5.17314958572], [76.7693405151, -59.5699501038, 27.3947029114, 39.2577819824, -85.1810073853, 144.981796265, -17.8887710571, 12.808634758, -21.3842277527, 3.40195178986, 19.2713222504, -25.8123569489, 10.9382047653], [-121.711784363, 109.16027832, -66.9430084229, -60.9154472351, 95.3240509033, -17.8887710571, 144.643859863, -33.6927261353, 15.3151731491, -3.15375995636, -12.0282745361, 4.80030441284, 8.29385948181], [210.337127686, -88.5040435791, 24.877161026, 8.02946376801, -65.1667709351, 12.808634758, -33.6927261353, 100.523414612, 31.1942672729, 11.6199913025, -9.09385967255, -23.6926021576, -11.8052539825], [85.1083602905, 0.67236071825, -46.7396278381, -21.3337078094, 16.3522224426, -21.3842277527, 15.3151731491, 31.1942672729, 84.9869308472, 7.12963867188, -5.89526987076, -19.7381839752, -0.989418804646], [42.8156929016, -1.88423240185, 26.020242691, -12.2546987534, -6.57610321045, 3.40195178986, -3.15375995636, 11.6199913025, 7.12963867188, 56.7126502991, 10.6094532013, 0.0130126848817, -13.1867761612], [-52.111907959, 13.706413269, 22.5433368683, 23.6250171661, -18.3645820618, 19.2713222504, -12.0282745361, -9.09385967255, -5.89526987076, 10.6094532013, 62.706325531, 1.97260332108, 7.71280956268], [-60.9023628235, 35.1023712158, 13.2926025391, 12.1067371368, 51.2641792297, -25.8123569489, 4.80030441284, -23.6926021576, -19.7381839752, 0.0130126848817, 1.97260332108, 78.4730682373, 8.78652858734], [-24.5593261719, 17.1465873718, -23.7541122437, 7.05084609985, 5.17314958572, 10.9382047653, 8.29385948181, -11.8052539825, -0.989418804646, -13.1867761612, 7.71280956268, 8.78652858734, 46.1118774414]],
