{
"lowlevel": {
    "average_loudness": 0.655013382435,
    "barkbands_crest": {
        "dmean": 2.10913133621,
        "dmean2": 3.37224316597,
        "dvar": 4.02177047729,
        "dvar2": 9.70572757721,
        "max": 23.8699645996,
        "mean": 10.1751422882,
        "median": 9.34101200104,
        "min": 3.38700604439,
        "var": 14.1269731522
    },
    "barkbands_flatness_db": {
        "dmean": 0.0172619596124,
        "dmean2": 0.0266272574663,
        "dvar": 0.000236756182858,
        "dvar2": 0.000489606172778,
        "max": 0.360852062702,
        "mean": 0.204875946045,
        "median": 0.206073597074,
        "min": 0.087260812521,
        "var": 0.00163899769541
    },
    "barkbands_kurtosis": {
        "dmean": 1.83067440987,
        "dmean2": 2.74301505089,
        "dvar": 7.29394388199,
        "dvar2": 14.7936105728,
        "max": 50.9914054871,
        "mean": 3.66940617561,
        "median": 2.07558393478,
        "min": -1.93152689934,
        "var": 27.9353504181
    },
    "barkbands_skewness": {
        "dmean": 0.354727894068,
        "dmean2": 0.528884351254,
        "dvar": 0.138199955225,
        "dvar2": 0.298010319471,
        "max": 5.97632265091,
        "mean": 1.4307795763,
        "median": 1.34828913212,
        "min": -2.60237598419,
        "var": 0.712276995182
    },
    "barkbands_spread": {
        "dmean": 3.23823404312,
        "dmean2": 4.77591753006,
        "dvar": 25.6728363037,
        "dvar2": 48.8769874573,
        "max": 87.4650344849,
        "mean": 14.6175956726,
        "median": 12.427318573,
        "min": 1.1545394659,
        "var": 96.3374938965
    },
    "dissonance": {
        "dmean": 0.0211292412132,
        "dmean2": 0.0348500274122,
        "dvar": 0.000416312366724,
        "dvar2": 0.00104504602496,
        "max": 0.500000178814,
        "mean": 0.440788805485,
        "median": 0.449374943972,
        "min": 0.253111422062,
        "var": 0.00138749345206
    },
    "dynamic_complexity": 3.16573786736,
    "erbbands_crest": {
        "dmean": 2.36920905113,
        "dmean2": 3.603546381,
        "dvar": 5.28761386871,
        "dvar2": 11.418387413,
        "max": 30.5035552979,
        "mean": 10.6609945297,
        "median": 9.28615951538,
        "min": 3.08349323273,
        "var": 24.9121837616
    },
    "erbbands_flatness_db": {
        "dmean": 0.0128217926249,
        "dmean2": 0.0180921629071,
        "dvar": 0.000170221697772,
        "dvar2": 0.000292506476399,
        "max": 0.358857810497,
        "mean": 0.225370168686,
        "median": 0.225177139044,
        "min": 0.0981523841619,
        "var": 0.00130301341414
    },
    "erbbands_kurtosis": {
        "dmean": 0.785018265247,
        "dmean2": 1.20235097408,
        "dvar": 1.66116607189,
        "dvar2": 3.71437239647,
        "max": 28.2575893402,
        "mean": 0.526700735092,
        "median": -0.132375955582,
        "min": -1.7723596096,
        "var": 5.60009384155
    },
    "erbbands_skewness": {
        "dmean": 0.293667197227,
        "dmean2": 0.437225401402,
        "dvar": 0.093545421958,
        "dvar2": 0.194819927216,
        "max": 5.00263977051,
        "mean": 0.431008011103,
        "median": 0.370664536953,
        "min": -3.19703269005,
        "var": 0.563143730164
    },
    "erbbands_spread": {
        "dmean": 5.07143068314,
        "dmean2": 7.30558586121,
        "dvar": 40.0607299805,
        "dvar2": 69.9566650391,
        "max": 122.618606567,
        "mean": 29.6921520233,
        "median": 27.7034225464,
        "min": 4.86561489105,
        "var": 200.613586426
    },
    "hfc": {
        "dmean": 3.16033601761,
        "dmean2": 4.29234457016,
        "dvar": 22.1407089233,
        "dvar2": 41.3204231262,
        "max": 132.86907959,
        "mean": 13.8245697021,
        "median": 9.79810142517,
        "min": 3.65250925825e-05,
        "var": 146.902603149
    },
    "melbands_crest": {
        "dmean": 2.55150532722,
        "dmean2": 4.10388660431,
        "dvar": 5.88303518295,
        "dvar2": 14.7309427261,
        "max": 31.2598896027,
        "mean": 13.0074510574,
        "median": 12.185965538,
        "min": 4.1009812355,
        "var": 19.790687561
    },
    "melbands_flatness_db": {
        "dmean": 0.0191935226321,
        "dmean2": 0.027588903904,
        "dvar": 0.000363800412742,
        "dvar2": 0.000694310467225,
        "max": 0.443044960499,
        "mean": 0.246017664671,
        "median": 0.247401028872,
        "min": 0.0575094036758,
        "var": 0.0030210155528
    },
    "melbands_kurtosis": {
        "dmean": 3.30350446701,
        "dmean2": 5.01141548157,
        "dvar": 23.7097911835,
        "dvar2": 50.1953811646,
        "max": 108.850723267,
        "mean": 8.63054466248,
        "median": 5.92085647583,
        "min": -1.8229380846,
        "var": 87.8768463135
    },
    "melbands_skewness": {
        "dmean": 0.432892531157,
        "dmean2": 0.646075725555,
        "dvar": 0.210621550679,
        "dvar2": 0.447736084461,
        "max": 8.47996902466,
        "mean": 2.14429306984,
        "median": 2.05531644821,
        "min": -0.769735276699,
        "var": 1.17816340923
    },
    "melbands_spread": {
        "dmean": 3.95521998405,
        "dmean2": 6.01148939133,
        "dvar": 54.0602073669,
        "dvar2": 115.714996338,
        "max": 230.208251953,
        "mean": 16.8854007721,
        "median": 14.5825242996,
        "min": 1.47117853165,
        "var": 212.763626099
    },
    "pitch_salience": {
        "dmean": 0.0516729317605,
        "dmean2": 0.0818878039718,
        "dvar": 0.00228524417616,
        "dvar2": 0.00550404377282,
        "max": 0.796619474888,
        "mean": 0.552480280399,
        "median": 0.556867063046,
        "min": 0.221038863063,
        "var": 0.00857319217175
    },
    "silence_rate_20dB": {
        "dmean": 0,
        "dmean2": 0,
        "dvar": 0,
        "dvar2": 0,
        "max": 1,
        "mean": 1,
        "median": 1,
        "min": 1,
        "var": 0
    },
    "silence_rate_30dB": {
        "dmean": 0.002323779976,
        "dmean2": 0.00464936066419,
        "dvar": 0.00231837388128,
        "dvar2": 0.00617767730728,
        "max": 1,
        "mean": 0.998451411724,
        "median": 1,
        "min": 0,
        "var": 0.00154618220404
    },
    "silence_rate_60dB": {
        "dmean": 0.0100697129965,
        "dmean2": 0.0201472304761,
        "dvar": 0.00996803399175,
        "dvar2": 0.0259392149746,
        "max": 1,
        "mean": 0.0232288036495,
        "median": 0,
        "min": 0,
        "var": 0.022687876597
    },
    "spectral_centroid": {
        "dmean": 142.570800781,
        "dmean2": 213.198852539,
        "dvar": 42551.1757812,
        "dvar2": 90298.796875,
        "max": 4853.00732422,
        "mean": 856.993896484,
        "median": 770.080566406,
        "min": 238.337890625,
        "var": 184580.109375
    },
    "spectral_complexity": {
        "dmean": 1.89930284023,
        "dmean2": 2.95040678978,
        "dvar": 3.78845882416,
        "dvar2": 7.35361194611,
        "max": 42,
        "mean": 15.2109947205,
        "median": 15,
        "min": 0,
        "var": 32.2030296326
    },
    "spectral_decrease": {
        "dmean": 1.35526156964e-09,
        "dmean2": 1.98230210025e-09,
        "dvar": 3.37089499941e-18,
        "dvar2": 7.20535111309e-18,
        "max": -1.57209874052e-14,
        "mean": -6.13076123201e-09,
        "median": -4.87064477639e-09,
        "min": -3.97498425286e-08,
        "var": 2.11689134145e-17
    },
    "spectral_energy": {
        "dmean": 0.00534676387906,
        "dmean2": 0.00778090115637,
        "dvar": 5.2125651564e-05,
        "dvar2": 0.000110564702481,
        "max": 0.156230896711,
        "mean": 0.0243928097188,
        "median": 0.0193870030344,
        "min": 6.26475653576e-08,
        "var": 0.000335391931003
    },
    "spectral_energyband_high": {
        "dmean": 9.34472045628e-05,
        "dmean2": 0.000135865397169,
        "dvar": 9.86418982052e-08,
        "dvar2": 2.0991437566e-07,
        "max": 0.00564470794052,
        "mean": 0.000195363347302,
        "median": 7.08898878656e-05,
        "min": 7.41612049548e-10,
        "var": 1.970731347e-07
    },
    "spectral_energyband_low": {
        "dmean": 0.00123264011927,
        "dmean2": 0.00209887744859,
        "dvar": 4.20754940933e-06,
        "dvar2": 1.13236583275e-05,
        "max": 0.0411118529737,
        "mean": 0.0041757998988,
        "median": 0.00355123891495,
        "min": 2.50851304173e-08,
        "var": 9.53633752943e-06
    },
    "spectral_energyband_middle_high": {
        "dmean": 0.00135661975946,
        "dmean2": 0.00178152311128,
        "dvar": 6.39424069959e-06,
        "dvar2": 1.09871725726e-05,
        "max": 0.0723278224468,
        "mean": 0.00472630187869,
        "median": 0.00250045047142,
        "min": 1.36013769136e-08,
        "var": 3.86435494875e-05
    },
    "spectral_energyband_middle_low": {
        "dmean": 0.00439713336527,
        "dmean2": 0.00649441638961,
        "dvar": 3.97906005674e-05,
        "dvar2": 9.04701446416e-05,
        "max": 0.144936904311,
        "mean": 0.0160268582404,
        "median": 0.0115622067824,
        "min": 2.44109141789e-08,
        "var": 0.000201292525162
    },
    "spectral_entropy": {
        "dmean": 0.146905943751,
        "dmean2": 0.209364756942,
        "dvar": 0.0240714140236,
        "dvar2": 0.0431342236698,
        "max": 8.54962444305,
        "mean": 6.89547252655,
        "median": 6.87576436996,
        "min": 5.45487546921,
        "var": 0.171479433775
    },
    "spectral_flux": {
        "dmean": 0.0160958953202,
        "dmean2": 0.025364369154,
        "dvar": 0.000326814857544,
        "dvar2": 0.000775495660491,
        "max": 0.258054763079,
        "mean": 0.0545087382197,
        "median": 0.0473810993135,
        "min": 0.000250294950092,
        "var": 0.000991573324427
    },
    "spectral_kurtosis": {
        "dmean": 4.03909921646,
        "dmean2": 6.96169900894,
        "dvar": 15.9943628311,
        "dvar2": 47.9516220093,
        "max": 41.4521369934,
        "mean": 8.01834106445,
        "median": 6.50329780579,
        "min": -1.32713723183,
        "var": 37.7852401733
    },
    "spectral_rms": {
        "dmean": 0.00051686615916,
        "dmean2": 0.000749878410716,
        "dvar": 3.29457975567e-07,
        "dvar2": 6.55699750496e-07,
        "max": 0.0123458653688,
        "mean": 0.00454988563433,
        "median": 0.00434904033318,
        "min": 7.81790095061e-06,
        "var": 3.09641995955e-06
    },
    "spectral_rolloff": {
        "dmean": 251.944030762,
        "dmean2": 422.973022461,
        "dvar": 390486.125,
        "dvar2": 822620.4375,
        "max": 8957.8125,
        "mean": 998.846313477,
        "median": 839.794921875,
        "min": 215.33203125,
        "var": 925632.25
    },
    "spectral_skewness": {
        "dmean": 0.375729799271,
        "dmean2": 0.627028822899,
        "dvar": 0.11115848273,
        "dvar2": 0.309338748455,
        "max": 4.89405107498,
        "mean": 1.90954148769,
        "median": 1.83759582043,
        "min": -0.220535933971,
        "var": 0.460333675146
    },
    "spectral_spread": {
        "dmean": 329677.71875,
        "dmean2": 473095.09375,
        "dvar": 335364161536,
        "dvar2": 397834125312,
        "max": 23781458,
        "mean": 2939619.25,
        "median": 2734323.25,
        "min": 1327949.875,
        "var": 1.36856915149e+12
    },
    "spectral_strongpeak": {
        "dmean": 0.415932744741,
        "dmean2": 0.678442358971,
        "dvar": 0.395325422287,
        "dvar2": 0.877838492393,
        "max": 8.100730896,
        "mean": 1.16866385937,
        "median": 0.676517426968,
        "min": 0.000155676010763,
        "var": 1.55433356762
    },
    "zerocrossingrate": {
        "dmean": 0.00575555395335,
        "dmean2": 0.00661326898262,
        "dvar": 7.87297831266e-05,
        "dvar2": 7.4147079431e-05,
        "max": 0.3271484375,
        "mean": 0.0391381159425,
        "median": 0.03466796875,
        "min": 0.0078125,
        "var": 0.000660783960484
    },
    "barkbands": {
        "dmean": [2.30983860092e-05, 0.000582806067541, 0.000605417531915, 0.000705331854988, 0.00263234158047, 0.00108272279613, 0.000868379313033, 0.000598516024183, 0.000745604920667, 0.000650935631711, 0.000323351938277, 0.00020906671125, 0.000214842628338, 0.000208737546927, 0.000261925248196, 0.000112424895633, 0.000125727834529, 6.73651375109e-05, 4.75587439723e-05, 2.9792314308e-05, 2.40389872488e-05, 1.96250075533e-05, 2.22781236516e-05, 2.49037384492e-05, 3.52572715201e-06, 3.56402440893e-09, 1.08670927812e-09],
        "dmean2": [3.89984597859e-05, 0.000962045392953, 0.00103778019547, 0.00120058620814, 0.00394146423787, 0.00166968756821, 0.00133996375371, 0.000876200094353, 0.00105739000719, 0.000855987716932, 0.000455370289274, 0.000308391317958, 0.000309803202981, 0.000291622651275, 0.000402567646233, 0.000180467453902, 0.000179924027179, 0.000101969439129, 7.06783830537e-05, 4.64882359665e-05, 3.65734813386e-05, 3.06633519358e-05, 3.45369007846e-05, 3.56318014383e-05, 5.20222238265e-06, 5.85355497407e-09, 2.02874472777e-09],
        "dvar": [1.73889402877e-09, 7.87552721704e-07, 1.72758518602e-06, 1.09888367206e-06, 1.69599024957e-05, 4.91821265314e-06, 8.80816423887e-06, 3.40965311807e-06, 4.41838164988e-06, 2.85593318949e-06, 1.24436303395e-06, 5.21819117694e-07, 3.92482547795e-07, 2.05645790174e-07, 3.02484011172e-07, 5.27974037823e-08, 6.19965945248e-08, 2.08045971561e-08, 1.6306604067e-08, 8.91746498866e-09, 4.51859349937e-09, 5.90377702281e-09, 9.27790821947e-09, 2.08318944317e-08, 4.21519874561e-10, 3.76455640715e-16, 3.2502451236e-18],
        "dvar2": [4.67196903386e-09, 2.12196277971e-06, 4.71075600217e-06, 3.28296482621e-06, 3.80038982257e-05, 1.18984389701e-05, 2.35986044572e-05, 6.38117035123e-06, 8.40297070681e-06, 4.48497257821e-06, 2.30563045989e-06, 1.07483253942e-06, 9.37054096539e-07, 4.33239733866e-07, 6.5356681489e-07, 1.25079466784e-07, 1.14172983956e-07, 4.33471214478e-08, 3.57280818264e-08, 2.09544364083e-08, 1.0436601805e-08, 1.56465205237e-08, 2.20367137871e-08, 4.10255296401e-08, 8.49732062491e-10, 9.78585740171e-16, 1.067828794e-17],
        "max": [0.000462719006464, 0.011818096973, 0.0236047003418, 0.0154363103211, 0.067477107048, 0.0524487122893, 0.0827077180147, 0.0397522822022, 0.0379551313818, 0.0388055592775, 0.040613271296, 0.0240506380796, 0.0156014794484, 0.00853340420872, 0.0133563065901, 0.00434263516217, 0.00589574174955, 0.00321523169987, 0.0038719761651, 0.00213576527312, 0.00135674688499, 0.00173189095221, 0.00190111692064, 0.00384130980819, 0.000589302799199, 6.09866276591e-07, 1.94191933645e-08],
        "mean": [4.56999332528e-05, 0.00203610211611, 0.00141965632793, 0.0014873589389, 0.00585555145517, 0.00299710920081, 0.00261410186067, 0.00130293052644, 0.00164430495352, 0.00158427783754, 0.000680508906953, 0.000399664568249, 0.000466411962407, 0.000376134848921, 0.000509455159772, 0.000213157196413, 0.000283847068204, 0.000155533896759, 0.000100810677395, 5.92551805312e-05, 4.63414689875e-05, 3.49735091731e-05, 3.8661823055e-05, 3.59639052476e-05, 5.03025876242e-06, 4.23429336038e-09, 8.91315798945e-10],
        "median": [1.34529818752e-05, 0.00166979548521, 0.000826250412501, 0.000847816467285, 0.00359342922457, 0.00111198227387, 0.000476610875921, 0.000304523040541, 0.000271659693681, 0.000321905768942, 8.55797989061e-05, 0.000189390470041, 0.000176687695784, 0.000115616101539, 0.000249011354754, 9.38592420425e-05, 0.000125734761241, 6.77013522363e-05, 3.70128473151e-05, 2.23703809752e-05, 1.99362875719e-05, 1.20158038044e-05, 5.22523487234e-06, 4.04058800996e-06, 5.34368609806e-07, 9.45093558968e-10, 3.23702509242e-10],
        "min": [5.09281172789e-10, 1.48963401614e-08, 8.65692406649e-09, 1.15090914576e-09, 1.2752764178e-08, 1.59982893599e-09, 4.11992395755e-09, 2.41313324878e-09, 2.1423549601e-09, 3.57259200001e-09, 1.21044552159e-09, 6.11496575598e-10, 2.92236956856e-10, 1.09168907247e-09, 5.02839148098e-09, 3.96578464512e-10, 9.21122011999e-10, 3.26293242425e-10, 1.54854559731e-10, 1.8024964854e-10, 1.70793226784e-10, 1.64689289983e-10, 1.26721758087e-10, 7.03925112644e-11, 3.70828021068e-11, 1.42418542237e-11, 2.41055786443e-11],
        "var": [5.2213464663e-09, 2.60080309999e-06, 3.19620198752e-06, 3.32325134877e-06, 4.68478247058e-05, 2.32717593462e-05, 5.35692925041e-05, 1.15049497253e-05, 1.61689240485e-05, 1.44918003571e-05, 7.50990830056e-06, 8.49143816595e-07, 8.55554617374e-07, 4.38817437498e-07, 7.58258636324e-07, 1.12598378621e-07, 2.23291394263e-07, 7.06045639731e-08, 5.28308312653e-08, 1.54419588227e-08, 8.15909917407e-09, 6.47018172373e-09, 1.69260143679e-08, 4.16682226501e-08, 7.75667918784e-10, 4.29638271905e-16, 2.50588038641e-18]
    },
    "erbbands": {
        "dmean": [0.0109708160162, 0.155919417739, 0.620836675167, 1.49147856236, 6.03765153885, 8.94703674316, 10.2015581131, 7.29140520096, 13.0078687668, 7.88850831985, 17.2617454529, 18.8164749146, 10.4583034515, 23.407377243, 11.9154891968, 7.95581579208, 10.3122205734, 11.6401519775, 12.6013011932, 9.78036022186, 6.60812902451, 5.33597230911, 3.57282161713, 3.56110358238, 1.64282941818, 1.50495350361, 1.22573137283, 0.728071689606, 0.708421766758, 0.666053891182, 0.592372119427, 0.650879085064, 0.310417503119, 0.0814138427377, 0.00498040905222, 0.000230560719501, 1.61610187206e-05, 2.97624524137e-06, 3.02974240185e-06, 6.15290400674e-06],
        "dmean2": [0.0182370599359, 0.257865130901, 1.05594837666, 2.57673215866, 9.15728282928, 13.6434593201, 15.6301441193, 11.0489473343, 20.1757106781, 12.002986908, 24.6604385376, 26.8138656616, 14.1174297333, 29.9342460632, 16.5576591492, 11.2550401688, 14.6223564148, 16.3331241608, 19.0054664612, 15.1235618591, 10.3869466782, 7.34315538406, 5.16151332855, 5.29224920273, 2.50763440132, 2.34261083603, 1.84817612171, 1.10091912746, 1.12017416954, 1.0114979744, 0.912648618221, 0.97061175108, 0.454527318478, 0.115670546889, 0.00709342071787, 0.000325672473991, 2.31065514527e-05, 4.38591405327e-06, 4.33759623775e-06, 8.9051809482e-06],
        "dvar": [0.000309953815304, 0.0585169419646, 1.59741055965, 5.40314435959, 110.794685364, 255.601394653, 514.12902832, 234.736709595, 1421.49450684, 987.488098145, 2489.73754883, 3242.72998047, 734.288757324, 3820.27392578, 1524.15673828, 810.179382324, 892.240905762, 757.051818848, 770.775390625, 476.769165039, 152.280532837, 119.501480103, 60.3582305908, 84.5364456177, 13.0413970947, 25.2450370789, 10.6766939163, 5.92402124405, 8.19754219055, 7.03288698196, 8.70184898376, 15.9111804962, 2.83891272545, 0.197262704372, 0.00122342107352, 2.29924989981e-06, 5.97000981983e-09, 1.32835409339e-10, 1.95870351188e-11, 6.6761089712e-11],
        "dvar2": [0.000873409269843, 0.156384795904, 4.29847192764, 15.934592247, 240.764648438, 597.792541504, 1109.85827637, 634.802368164, 3846.6784668, 2619.98046875, 4721.72802734, 6226.12939453, 1285.04602051, 5526.45507812, 2634.24926758, 1531.20251465, 2060.23999023, 1672.09277344, 1646.76501465, 1133.34155273, 357.535583496, 208.667007446, 121.556770325, 186.423919678, 30.039264679, 59.9378738403, 24.866519928, 14.4952087402, 22.089220047, 16.7180156708, 20.6927700043, 32.7108192444, 5.80322551727, 0.378859788179, 0.00242570298724, 4.44784654974e-06, 1.09912106083e-08, 2.47727310887e-10, 3.98971203297e-11, 1.40283049066e-10],
        "max": [0.244306012988, 3.28714609146, 22.5974845886, 37.6117134094, 276.106323242, 309.03213501, 388.601165771, 405.706329346, 971.779724121, 714.57220459, 1024.75012207, 945.911560059, 798.042236328, 1641.5645752, 1403.83227539, 1035.98657227, 779.583068848, 502.082183838, 557.374694824, 476.367736816, 233.563232422, 293.705352783, 189.155532837, 304.349517822, 56.8714485168, 126.91998291, 77.9787139893, 54.7966690063, 59.5468406677, 61.1483802795, 71.3161773682, 116.216331482, 37.6505661011, 11.3512802124, 0.959761619568, 0.0417486764491, 0.00181831710506, 0.000234797087614, 7.64091964811e-05, 0.000175772656803],
        "mean": [0.0394919067621, 0.521831989288, 1.61551070213, 3.60981202126, 12.3867645264, 19.6051311493, 26.7465801239, 21.8267440796, 41.9160423279, 19.9031581879, 39.2683258057, 42.5629310608, 24.1673583984, 58.1153945923, 27.5867538452, 17.4699020386, 23.2152194977, 22.449306488, 23.5817947388, 19.3349514008, 14.3130474091, 13.1147317886, 8.57119655609, 8.81546020508, 3.39301514626, 3.02050423622, 2.46573591232, 1.33860778809, 1.21143209934, 1.37196874619, 0.94132900238, 0.8793207407, 0.471602737904, 0.121895596385, 0.0064085656777, 0.000322611624142, 3.20826293319e-05, 6.40857933831e-06, 1.32048298838e-05, 2.82237742795e-05],
        "median": [0.0287950448692, 0.408152461052, 1.01030755043, 2.23980307579, 6.41351366043, 10.688662529, 9.43301010132, 9.47568893433, 8.19284152985, 6.15349197388, 11.536614418, 8.15715408325, 8.78532123566, 11.8822460175, 8.01769733429, 9.07147598267, 9.42712593079, 7.9355969429, 10.6155366898, 9.28043842316, 7.24327039719, 5.65669345856, 3.81700658798, 3.52160096169, 1.5946085453, 1.1366019249, 1.03079640865, 0.567941427231, 0.446889698505, 0.239867031574, 0.146377325058, 0.0729545727372, 0.0641310736537, 0.0161853842437, 0.000497215078212, 4.60424926132e-05, 1.31093165692e-05, 3.00366855299e-06, 1.06017332655e-05, 2.2823254767e-05],
        "min": [3.13713201194e-07, 3.73463831238e-06, 1.034089928e-05, 7.51205425331e-06, 1.21020502775e-05, 6.26535038464e-05, 2.66216593445e-05, 1.38723389682e-05, 2.76603841485e-05, 9.20843303902e-05, 6.78797805449e-05, 3.7588441046e-05, 3.44358668372e-05, 0.00015791466285, 2.91143151117e-05, 2.37427975662e-05, 1.23878717204e-05, 4.0319035179e-05, 0.000295545032714, 7.70276383264e-05, 4.38229981228e-05, 3.74535593437e-05, 1.85231783689e-05, 1.39400644912e-05, 4.58168187834e-06, 8.77481943462e-06, 5.92566448177e-06, 8.19573779154e-06, 7.24442361388e-06, 3.52288566319e-06, 3.80468623007e-06, 1.20659012737e-06, 1.34465096835e-06, 7.03961973159e-07, 1.88419946312e-07, 6.35142995975e-08, 3.24900248927e-08, 1.54118886542e-08, 3.03157010606e-09, 4.24547924593e-10],
        "var": [0.00128657009918, 0.188368424773, 3.16178846359, 15.2316827774, 327.120605469, 696.752685547, 2223.63574219, 1394.02319336, 12663.9287109, 1832.36193848, 8456.99804688, 11324.1523438, 2027.95019531, 19990.0019531, 7906.53564453, 1476.22119141, 2062.40136719, 1568.46105957, 1838.54785156, 1089.28295898, 377.946746826, 487.977355957, 218.236495972, 297.867980957, 28.2554130554, 41.0230979919, 22.1632766724, 8.17547130585, 8.22796058655, 15.651052475, 13.684419632, 29.136423111, 5.56088542938, 0.401171863079, 0.00197788677178, 3.95243932871e-06, 1.28526451704e-08, 3.06524056137e-10, 1.01138160347e-10, 4.39391606433e-10]
    },
    "gfcc": {
        "mean": [-57.1769866943, 169.97454834, -151.281936646, 44.0653076172, -61.0733146667, 6.154774189, -30.7302436829, -14.6690559387, -2.34153985977, -24.8221874237, 4.49230098724, -20.6949901581, 8.3347196579],
        "cov": [[3067.37548828, -522.299499512, -451.693878174, 23.8330669403, -284.696350098, 90.4846801758, -80.4773635864, 122.295944214, -12.4230642319, -64.6171875, -9.14732074738, 8.90200328827, -30.2604846954], [-522.299499512, 814.086975098, 12.8221244812, -220.216766357, 309.631774902, -219.18447876, 191.453811646, -131.697814941, 60.5322113037, 32.5527381897, 50.6114273071, -17.8617343903, 54.1716690063], [-451.693878174, 12.8221244812, 412.188568115, 33.6421318054, -17.4521694183, 54.3974456787, -100.267662048, 39.62707901, -12.1450138092, 2.10871648788, -3.82897496223, -15.2380924225, 21.5331096649], [23.8330669403, -220.216766357, 33.6421318054, 278.43347168, -12.0137529373, 53.0964050293, -45.4668693542, -13.4293889999, -13.1525907516, -17.2605934143, 15.6672592163, 20.463054657, -44.1053886414], [-284.696350098, 309.631774902, -17.4521694183, -12.0137529373, 249.294326782, -65.1374511719, 69.7420043945, -71.4439315796, 7.53724193573, 24.8403129578, 27.4480514526, 6.48526668549, 13.4768829346], [90.4846801758, -219.18447876, 54.3974456787, 53.0964050293, -65.1374511719, 247.276306152, -35.866771698, 14.7607297897, -5.31210136414, -3.09825515747, -9.98708152771, -8.49725818634, -44.4927558899], [-80.4773635864, 191.453811646, -100.267662048, -45.4668693542, 69.7420043945, -35.866771698, 177.83682251, -31.6695671082, 3.79567790031, -1.15951550007, 13.2520151138, 16.9640884399, 10.6037483215], [122.295944214, -131.697814941, 39.62707901, -13.4293889999, -71.4439315796, 14.7607297897, -31.6695671082, 171.139633179, -5.06050872803, -14.0554285049, -23.2774753571, -4.63900089264, 44.923866272], [-12.4230642319, 60.5322113037, -12.1450138092, -13.1525907516, 7.53724193573, -5.31210136414, 3.79567790031, -5.06050872803, 95.7428131104, 24.6904888153, -4.42280721664, -1.90002596378, -14.9031848907], [-64.6171875, 32.5527381897, 2.10871648788, -17.2605934143, 24.8403129578, -3.09825515747, -1.15951550007, -14.0554285049, 24.6904888153, 81.900062561, 26.0801792145, -12.6312160492, -3.36319732666], [-9.14732074738, 50.6114273071, -3.82897496223, 15.6672592163, 27.4480514526, -9.98708152771, 13.2520151138, -23.2774753571, -4.42280721664, 26.0801792145, 83.515335083, 18.1162395477, -19.2615737915], [8.90200328827, -17.8617343903, -15.2380924225, 20.463054657, 6.48526668549, -8.49725818634, 16.9640884399, -4.63900089264, -1.90002596378, -12.6312160492, 18.1162395477, 71.3193893433, 15.0514745712], [-30.2604846954, 54.1716690063, 21.5331096649, -44.1053886414, 13.4768829346, -44.4927558899, 10.6037483215, 44.923866272, -14.9031848907, -3.36319732666, -19.2615737915, 15.0514745712, 103.14995575]],
        "icov": [[0.000501119939145, -0.000100210876553, 0.000761446368415, -6.91419700161e-05, 0.000473731430247, -0.000242821319262, 0.000488306104671, -0.000288885290502, 1.77657166205e-05, 0.000302480591927, -0.000314386095852, 5.0006325182e-05, -0.000133471068693], [-0.000100210876553, 0.0124010313302, -0.00455336784944, 0.0071030841209, -0.00973590370268, 0.00559284351766, -0.00788682047278, 0.00576967326924, -0.00825142581016, 0.0064850077033, -0.00737201794982, 0.00756276771426, -0.00403286376968], [0.000761446368415, -0.00455336784944, 0.00575807224959, -0.00280817551538, 0.0037144466769, -0.00303995539434, 0.00521491002291, -0.00271439738572, 0.0029723814223, -0.00165261467919, 0.00155911932234, -0.00192790885922, 9.47872831603e-06], [-6.91419700161e-05, 0.0071030841209, -0.00280817551538, 0.00848799291998, -0.00597405200824, 0.00266251410358, -0.00339450873435, 0.00326863024384, -0.00413647433743, 0.00448541063815, -0.00455630058423, 0.00254915142432, -0.000354875141056], [0.000473731430247, -0.00973590370268, 0.0037144466769, -0.00597405200824, 0.0135948415846, -0.00359417498112, 0.00466123875231, -0.00253295223229, 0.00610746908933, -0.00576592935249, 0.00451481435448, -0.00525458762422, 0.00152386946138], [-0.000242821319262, 0.00559284351766, -0.00303995539434, 0.00266251410358, -0.00359417498112, 0.0076771476306, -0.00392935890704, 0.00216258014552, -0.00300153647549, 0.00191979121882, -0.00192000251263, 0.00290176086128, 0.000854733167216], [0.000488306104671, -0.00788682047278, 0.00521491002291, -0.00339450873435, 0.00466123875231, -0.00392935890704, 0.0132664842531, -0.00335018592887, 0.0049428967759, -0.00267071695998, 0.00339156691916, -0.0057619693689, 0.00163768266793], [-0.000288885290502, 0.00576967326924, -0.00271439738572, 0.00326863024384, -0.00253295223229, 0.00216258014552, -0.00335018592887, 0.0109749389812, -0.00458570057526, 0.00389466248453, -0.00349874398671, 0.00472698826343, -0.00620087748393], [1.77657166205e-05, -0.00825142581016, 0.0029723814223, -0.00413647433743, 0.00610746908933, -0.00300153647549, 0.0049428967759, -0.00458570057526, 0.0179972983897, -0.00928264949471, 0.00835237000138, -0.0072410912253, 0.00625972310081], [0.000302480591927, 0.0064850077033, -0.00165261467919, 0.00448541063815, -0.00576592935249, 0.00191979121882, -0.00267071695998, 0.00389466248453, -0.00928264949471, 0.020877590403, -0.0112788071856, 0.00895152892917, -0.00496714469045], [-0.000314386095852, -0.00737201794982, 0.00155911932234, -0.00455630058423, 0.00451481435448, -0.00192000251263, 0.00339156691916, -0.00349874398671, 0.00835237000138, -0.0112788071856, 0.0222513005137, -0.0109243411571, 0.00785089563578], [5.0006325182e-05, 0.00756276771426, -0.00192790885922, 0.00254915142432, -0.00525458762422, 0.00290176086128, -0.0057619693689, 0.00472698826343, -0.0072410912253, 0.00895152892917, -0.0109243411571, 0.0231583807617, -0.00816636346281], [-0.000133471068693, -0.00403286376968, 9.47872831603e-06, -0.000354875141056, 0.00152386946138, 0.000854733167216, 0.00163768266793, -0.00620087748393, 0.00625972310081, -0.00496714469045, 0.00785089563578, -0.00816636346281, 0.017721645534]]
    },
    "melbands": {
        "dmean": [0.000130116590299, 0.000273904792266, 0.000341516599292, 0.000592314929236, 0.000339190097293, 0.00017403626407, 0.000193749627215, 8.484373393e-05, 0.000152861597599, 0.000107829706394, 5.46971423319e-05, 0.000101382895082, 4.80380986119e-05, 2.51770379691e-05, 2.1749172447e-05, 2.09496465686e-05, 2.18057957682e-05, 1.92094466911e-05, 1.52343436639e-05, 9.42255974223e-06, 8.78165701579e-06, 6.49756475468e-06, 5.20027242601e-06, 3.67166103388e-06, 3.14712110594e-06, 1.46349395891e-06, 9.63308821156e-07, 1.10072767256e-06, 9.13181281703e-07, 5.85939233133e-07, 4.20620779096e-07, 4.35795755038e-07, 3.67251004718e-07, 4.23097816338e-07, 3.55380251449e-07, 3.86605904623e-07, 4.04837834367e-07, 2.44553945095e-07, 1.51953727823e-07, 4.54220376866e-08],
        "dmean2": [0.000214054336539, 0.00046105220099, 0.000558969331905, 0.000897264166269, 0.000522853631992, 0.000266203307547, 0.000299490697216, 0.000129906620714, 0.00021603332425, 0.000153367815074, 7.3751572927e-05, 0.000129854888655, 6.63539613015e-05, 3.74234077753e-05, 3.0331499147e-05, 3.03114265989e-05, 3.03669476125e-05, 2.88977589662e-05, 2.32725724345e-05, 1.46261872942e-05, 1.3719519302e-05, 8.95191624295e-06, 7.75532771513e-06, 5.55503538635e-06, 4.71796420243e-06, 2.24366749535e-06, 1.52076529503e-06, 1.70480586803e-06, 1.38234440783e-06, 8.94781692296e-07, 6.59296574668e-07, 6.94124366873e-07, 5.6598315723e-07, 6.56019437884e-07, 5.51657819869e-07, 6.00816292717e-07, 6.07351296367e-07, 3.55765081395e-07, 2.19290200221e-07, 6.60190551116e-08],
        "dvar": [3.8802067337e-08, 2.69211398063e-07, 2.55864392784e-07, 9.17682427826e-07, 5.16392219652e-07, 1.31942343273e-07, 3.49406462874e-07, 9.50191960669e-08, 1.69049414467e-07, 1.11347532084e-07, 2.00993657273e-08, 7.27196365347e-08, 2.63999773154e-08, 9.33092270117e-09, 2.95150082152e-09, 4.49731674124e-09, 2.72124633938e-09, 1.73505765311e-09, 1.16943799089e-09, 4.65632060687e-10, 2.83856160799e-10, 1.97141303282e-10, 1.2622972112e-10, 6.90296847461e-11, 7.99890570446e-11, 9.38961061681e-12, 9.26783042671e-12, 1.19665111153e-11, 6.04258787104e-12, 2.34314737751e-12, 2.427848287e-12, 3.3402031141e-12, 1.85423378041e-12, 2.84135540617e-12, 2.97794709898e-12, 4.89811620083e-12, 7.09826815382e-12, 1.66059830817e-12, 6.94519637114e-13, 9.23099148661e-14],
        "dvar2": [1.06810190914e-07, 7.20293940049e-07, 6.37746154553e-07, 2.14029341805e-06, 1.13189310014e-06, 3.63833862593e-07, 9.30968496959e-07, 2.38800481611e-07, 3.13613440994e-07, 2.1641348269e-07, 3.48908031356e-08, 1.06059147242e-07, 4.59535876018e-08, 1.97722318518e-08, 5.97244964595e-09, 1.16228671132e-08, 5.95818194782e-09, 3.72430530859e-09, 2.59186783147e-09, 1.0836830322e-09, 6.44374109626e-10, 3.56597085194e-10, 2.73403522044e-10, 1.44655412648e-10, 1.80016057616e-10, 2.19149282055e-11, 2.25503695578e-11, 2.77022519507e-11, 1.46977378185e-11, 5.22516188303e-12, 6.34295047042e-12, 9.16751917435e-12, 4.69604953882e-12, 6.4877513084e-12, 7.29383480697e-12, 1.12203571087e-11, 1.50610704464e-11, 3.4249126972e-12, 1.47950824769e-12, 1.84510271103e-13],
        "max": [0.0025960765779, 0.00960326846689, 0.0112728374079, 0.016637403518, 0.0127379177138, 0.00816731993109, 0.015806671232, 0.00603882968426, 0.0098311798647, 0.00562956603244, 0.00388644193299, 0.00700072804466, 0.00640418985859, 0.00342514668591, 0.00149033102207, 0.00219749682583, 0.000939526304137, 0.000744627730455, 0.000981161254458, 0.000516094441991, 0.000371175963664, 0.000424707541242, 0.000174072381924, 0.000225853946176, 0.000296091806376, 6.11638461123e-05, 7.132790779e-05, 9.01936800801e-05, 6.28541456535e-05, 2.99576349789e-05, 4.04825186706e-05, 4.25522011938e-05, 3.25411747326e-05, 3.71458045265e-05, 4.41713091277e-05, 6.05846762483e-05, 7.47313606553e-05, 2.56847451965e-05, 2.15653726627e-05, 9.56437179411e-06],
        "mean": [0.000464696408017, 0.000821666966658, 0.000834330799989, 0.00121987145394, 0.00091522699222, 0.000501330243424, 0.000625983637292, 0.000200316804694, 0.000348369445419, 0.000234107850702, 0.00012002033327, 0.000249435630394, 0.000106066094304, 4.6465836931e-05, 4.82590330648e-05, 4.53861321148e-05, 3.95392307837e-05, 3.40261649399e-05, 3.0530616641e-05, 1.80825663847e-05, 1.76734010893e-05, 1.45677777255e-05, 1.00521610875e-05, 7.8285283962e-06, 7.28762415747e-06, 2.77701610685e-06, 1.74248737039e-06, 2.07340235647e-06, 1.73692296812e-06, 1.06574941583e-06, 6.75980345477e-07, 6.9488447707e-07, 6.43345913431e-07, 8.58361829614e-07, 5.53580719043e-07, 5.1381027788e-07, 5.38213498658e-07, 3.58687202606e-07, 2.20802789386e-07, 5.99278919822e-08],
        "median": [0.000389725639252, 0.000588330731262, 0.000546546420082, 0.000703204364982, 0.000362536287867, 0.000213079707464, 0.000119851923955, 6.26256514806e-05, 9.83593054116e-05, 3.89852975786e-05, 3.64021943824e-05, 4.65167795483e-05, 2.09078443731e-05, 1.96307319129e-05, 2.20389520109e-05, 1.76805697265e-05, 1.19076203191e-05, 1.44112282214e-05, 1.40050970003e-05, 8.59702322487e-06, 7.86939381214e-06, 5.963647709e-06, 3.32561103278e-06, 3.43968963534e-06, 2.4958449103e-06, 1.20316826724e-06, 6.7614200816e-07, 7.44604108149e-07, 6.77860498399e-07, 4.3472337552e-07, 2.51261951689e-07, 2.50466200669e-07, 1.71896488155e-07, 9.33815016424e-08, 8.91628033628e-08, 3.83363634171e-08, 3.77963438325e-08, 4.30271249741e-08, 3.57241809468e-08, 4.48394077424e-09],
        "min": [3.5421816591e-09, 5.47608802748e-09, 1.21540610909e-09, 2.79322720509e-09, 1.48993772875e-09, 3.0333813239e-10, 5.23697307742e-10, 8.61069993086e-10, 6.1165533749e-10, 1.96765853611e-10, 1.71991532127e-10, 6.65410671008e-10, 1.20566140405e-10, 6.62390003958e-11, 4.05050333552e-11, 2.75060304394e-11, 6.8157098021e-11, 4.43497405467e-10, 2.63496946484e-10, 3.34168352711e-11, 5.8859098151e-11, 5.14604747703e-11, 1.41171909232e-11, 1.75161603971e-11, 1.0993188998e-11, 3.4634612886e-12, 3.21836654549e-12, 6.57832035372e-12, 3.6293416189e-12, 4.51842773266e-12, 4.54102640907e-12, 3.62444687978e-12, 3.00753606047e-12, 1.67987661542e-12, 2.46458149028e-12, 1.36962034596e-12, 5.04796128942e-13, 7.15133464599e-13, 1.25663758913e-12, 4.0208594375e-13],
        "var": [1.27062122601e-07, 5.66858716411e-07, 8.36401113702e-07, 2.41177986027e-06, 2.09821405406e-06, 7.12791745627e-07, 2.92057939077e-06, 1.71316244746e-07, 5.94959431055e-07, 3.53760071903e-07, 5.87873323354e-08, 3.84790723729e-07, 1.61047140068e-07, 1.39905598218e-08, 7.73747466098e-09, 7.2364421122e-09, 5.50938183963e-09, 4.09889500119e-09, 2.96968338809e-09, 1.00089558863e-09, 7.27039151105e-10, 7.33037519574e-10, 3.28073429534e-10, 2.11972370212e-10, 2.65684280132e-10, 2.15787613472e-11, 1.38150975035e-11, 2.0579284804e-11, 1.25215306873e-11, 4.28374306513e-12, 2.71005136734e-12, 3.16442163271e-12, 2.47820058745e-12, 7.73133640442e-12, 4.09890394196e-12, 8.84142759006e-12, 1.18368630869e-11, 3.29793570925e-12, 1.20076388069e-12, 1.5394039125e-13]
    },
    "mfcc": {
        "mean": [-677.914123535, 168.52204895, -12.8923244476, 26.0723018646, 3.28454422951, 7.30833721161, -7.26824331284, 2.26383090019, -2.76930189133, -0.738439798355, -6.25133514404, -1.34161508083, -6.57491207123],
        "cov": [[3296.13061523, -639.800109863, -352.915161133, -90.9057693481, -213.801223755, -31.8671455383, -122.020393372, 145.929107666, -65.4042053223, -2.82965183258, 48.7810668945, 1.29149770737, -33.8797912598], [-639.800109863, 1090.00476074, -247.698364258, 56.8999633789, -1.56648874283, -6.78292942047, 77.0434188843, -128.423995972, 59.2079772949, 5.35036706924, 6.33500576019, -7.77080965042, 6.65223693848], [-352.915161133, -247.698364258, 461.6690979, -74.7775726318, 87.2695999146, -16.8238277435, -28.2899074554, 19.6632404327, -11.4525146484, 19.0801486969, -12.2919187546, -16.5228919983, -3.58768248558], [-90.9057693481, 56.8999633789, -74.7775726318, 239.460403442, 20.1840877533, -12.7612257004, 14.1892719269, -4.02536153793, -13.7369394302, -33.520160675, -26.7971324921, 30.6688365936, 16.8002433777], [-213.801223755, -1.56648874283, 87.2695999146, 20.1840877533, 172.217681885, 9.85904026031, -0.432430297136, -20.7895717621, 1.15078544617, -3.01532292366, -3.58428239822, 13.1423711777, 3.92603039742], [-31.8671455383, -6.78292942047, -16.8238277435, -12.7612257004, 9.85904026031, 234.316131592, 3.34290385246, 17.2944316864, -66.5598373413, 32.2417221069, 16.2750167847, 8.06540298462, -4.18682670593], [-122.020393372, 77.0434188843, -28.2899074554, 14.1892719269, -0.432430297136, 3.34290385246, 137.045578003, 0.507668673992, -0.946976840496, -4.53728294373, -20.8570919037, 12.0051641464, 4.91586828232], [145.929107666, -128.423995972, 19.6632404327, -4.02536153793, -20.7895717621, 17.2944316864, 0.507668673992, 124.173034668, -2.77794337273, -13.9989919662, -3.75281238556, 0.628951370716, 7.24403095245], [-65.4042053223, 59.2079772949, -11.4525146484, -13.7369394302, 1.15078544617, -66.5598373413, -0.946976840496, -2.77794337273, 144.403945923, -10.0969829559, 0.222223639488, -37.1012496948, 2.82681584358], [-2.82965183258, 5.35036706924, 19.0801486969, -33.520160675, -3.01532292366, 32.2417221069, -4.53728294373, -13.9989919662, -10.0969829559, 108.12902832, 13.140045166, -10.0653219223, -7.0886464119], [48.7810668945, 6.33500576019, -12.2919187546, -26.7971324921, -3.58428239822, 16.2750167847, -20.8570919037, -3.75281238556, 0.222223639488, 13.140045166, 90.8583374023, -2.46321606636, 0.0883358195424], [1.29149770737, -7.77080965042, -16.5228919983, 30.6688365936, 13.1423711777, 8.06540298462, 12.0051641464, 0.628951370716, -37.1012496948, -10.0653219223, -2.46321606636, 132.505325317, 17.9341201782], [-33.8797912598, 6.65223693848, -3.58768248558, 16.8002433777, 3.92603039742, -4.18682670593, 4.91586828232, 7.24403095245, 2.82681584358, -7.0886464119, 0.0883358195424, 17.9341201782, 88.2529907227]],
