{
"lowlevel": {
    "average_loudness": 0.828706741333,
    "barkbands_crest": {
        "dmean": 2.43034029007,
        "dmean2": 3.89532256126,
        "dvar": 5.05505418777,
        "dvar2": 12.7189350128,
        "max": 23.5215148926,
        "mean": 11.5074262619,
        "median": 10.895108223,
        "min": 3.96594381332,
        "var": 14.8582658768
    },
    "barkbands_flatness_db": {
        "dmean": 0.0229235365987,
        "dmean2": 0.0348518118262,
        "dvar": 0.000417113915319,
        "dvar2": 0.000951003690716,
        "max": 0.372222781181,
        "mean": 0.243685930967,
        "median": 0.243631020188,
        "min": 0.044892359525,
        "var": 0.00215908885002
    },
    "barkbands_kurtosis": {
        "dmean": 3.77887368202,
        "dmean2": 5.74517393112,
        "dvar": 28.1716423035,
        "dvar2": 61.7270812988,
        "max": 70.5117874146,
        "mean": 8.22732925415,
        "median": 5.77738952637,
        "min": -1.80788218975,
        "var": 75.4659729004
    },
    "barkbands_skewness": {
        "dmean": 0.519529879093,
        "dmean2": 0.771119475365,
        "dvar": 0.299598753452,
        "dvar2": 0.628470718861,
        "max": 6.56667470932,
        "mean": 2.0207130909,
        "median": 1.98846292496,
        "min": -2.89084529877,
        "var": 1.53660273552
    },
    "barkbands_spread": {
        "dmean": 2.83047294617,
        "dmean2": 4.30465888977,
        "dvar": 17.0253257751,
        "dvar2": 34.0449943542,
        "max": 71.2999801636,
        "mean": 10.0624876022,
        "median": 7.11106920242,
        "min": 1.34281492233,
        "var": 86.9927825928
    },
    "dissonance": {
        "dmean": 0.0258137527853,
        "dmean2": 0.0428287908435,
        "dvar": 0.000653888622764,
        "dvar2": 0.00167590659112,
        "max": 0.498716294765,
        "mean": 0.430491685867,
        "median": 0.440991550684,
        "min": 0.240506276488,
        "var": 0.00223564985208
    },
    "dynamic_complexity": 5.25193977356,
    "erbbands_crest": {
        "dmean": 2.70163917542,
        "dmean2": 4.23345851898,
        "dvar": 6.56830883026,
        "dvar2": 15.0897274017,
        "max": 27.1532096863,
        "mean": 11.4622926712,
        "median": 10.722079277,
        "min": 3.52127337456,
        "var": 22.7982063293
    },
    "erbbands_flatness_db": {
        "dmean": 0.016070716083,
        "dmean2": 0.0225742161274,
        "dvar": 0.000293203862384,
        "dvar2": 0.000486944773002,
        "max": 0.406894028187,
        "mean": 0.251397162676,
        "median": 0.246919885278,
        "min": 0.0967456027865,
        "var": 0.00224760267884
    },
    "erbbands_kurtosis": {
        "dmean": 1.30035161972,
        "dmean2": 1.95055520535,
        "dvar": 3.78524398804,
        "dvar2": 7.63331270218,
        "max": 32.1980285645,
        "mean": 1.60042560101,
        "median": 0.566855430603,
        "min": -1.7954993248,
        "var": 10.6112222672
    },
    "erbbands_skewness": {
        "dmean": 0.375659435987,
        "dmean2": 0.557312607765,
        "dvar": 0.157348737121,
        "dvar2": 0.30126273632,
        "max": 5.10207796097,
        "mean": 0.852924525738,
        "median": 0.86432415247,
        "min": -3.36936569214,
        "var": 0.839825153351
    },
    "erbbands_spread": {
        "dmean": 5.83537817001,
        "dmean2": 8.51028060913,
        "dvar": 54.9990730286,
        "dvar2": 109.551376343,
        "max": 94.1566085815,
        "mean": 27.9652481079,
        "median": 26.976650238,
        "min": 3.11928915977,
        "var": 228.912750244
    },
    "hfc": {
        "dmean": 2.97109746933,
        "dmean2": 4.13662195206,
        "dvar": 30.2027359009,
        "dvar2": 53.8972625732,
        "max": 110.051757812,
        "mean": 10.851773262,
        "median": 5.28175497055,
        "min": 1.22951054224e-16,
        "var": 200.760818481
    },
    "melbands_crest": {
        "dmean": 2.88756251335,
        "dmean2": 4.60800075531,
        "dvar": 7.26786136627,
        "dvar2": 19.2338218689,
        "max": 28.8202667236,
        "mean": 14.7598896027,
        "median": 14.1278295517,
        "min": 1.80269730091,
        "var": 20.0879611969
    },
    "melbands_flatness_db": {
        "dmean": 0.0244532451034,
        "dmean2": 0.036113999784,
        "dvar": 0.0005704172072,
        "dvar2": 0.00113765266724,
        "max": 0.429860949516,
        "mean": 0.281852155924,
        "median": 0.284501343966,
        "min": 0.0049401121214,
        "var": 0.00357815995812
    },
    "melbands_kurtosis": {
        "dmean": 6.21917009354,
        "dmean2": 9.51896190643,
        "dvar": 101.805763245,
        "dvar2": 231.690353394,
        "max": 160.849945068,
        "mean": 14.9141578674,
        "median": 11.1397562027,
        "min": -1.84076714516,
        "var": 254.367935181
    },
    "melbands_skewness": {
        "dmean": 0.612813532352,
        "dmean2": 0.912213981152,
        "dvar": 0.472246021032,
        "dvar2": 1.01577794552,
        "max": 10.3288326263,
        "mean": 2.5873529911,
        "median": 2.52062940598,
        "min": -0.782605051994,
        "var": 2.30349898338
    },
    "melbands_spread": {
        "dmean": 3.65839219093,
        "dmean2": 5.59675502777,
        "dvar": 65.5358123779,
        "dvar2": 103.678123474,
        "max": 199.284210205,
        "mean": 12.551030159,
        "median": 8.60873222351,
        "min": 1.46956288815,
        "var": 294.421386719
    },
    "pitch_salience": {
        "dmean": 0.0642551183701,
        "dmean2": 0.103676453233,
        "dvar": 0.00352553138509,
        "dvar2": 0.00848523527384,
        "max": 0.891314327717,
        "mean": 0.560170948505,
        "median": 0.56497335434,
        "min": 0.227705731988,
        "var": 0.01014887169
    },
    "silence_rate_20dB": {
        "dmean": 0,
        "dmean2": 0,
        "dvar": 0,
        "dvar2": 0,
        "max": 1,
        "mean": 1,
        "median": 1,
        "min": 1,
        "var": 0
    },
    "silence_rate_30dB": {
        "dmean": 0.0030959751457,
        "dmean2": 0.00619674660265,
        "dvar": 0.00308636645786,
        "dvar2": 0.00770750548691,
        "max": 1,
        "mean": 0.997679829597,
        "median": 1,
        "min": 0,
        "var": 0.00231482763775
    },
    "silence_rate_60dB": {
        "dmean": 0.0371517017484,
        "dmean2": 0.0743609592319,
        "dvar": 0.0357719995081,
        "dvar2": 0.07657866925,
        "max": 1,
        "mean": 0.174787312746,
        "median": 0,
        "min": 0,
        "var": 0.144234612584
    },
    "spectral_centroid": {
        "dmean": 150.159561157,
        "dmean2": 223.246292114,
        "dvar": 114144,
        "dvar2": 140915.609375,
        "max": 11084.6123047,
        "mean": 737.924865723,
        "median": 581.582702637,
        "min": 257.742218018,
        "var": 330854.3125
    },
    "spectral_complexity": {
        "dmean": 1.80650150776,
        "dmean2": 2.81177377701,
        "dvar": 4.47030830383,
        "dvar2": 8.38053798676,
        "max": 38,
        "mean": 10.9814386368,
        "median": 10,
        "min": 0,
        "var": 35.7026557922
    },
    "spectral_decrease": {
        "dmean": 1.37796229982e-09,
        "dmean2": 1.99364658116e-09,
        "dvar": 3.87230913928e-18,
        "dvar2": 8.08148427429e-18,
        "max": 6.3603956784e-29,
        "mean": -4.82811923774e-09,
        "median": -3.12025583149e-09,
        "min": -3.06262819549e-08,
        "var": 2.38616146102e-17
    },
    "spectral_energy": {
        "dmean": 0.00543468818069,
        "dmean2": 0.00783699378371,
        "dvar": 6.06678877375e-05,
        "dvar2": 0.000126064624055,
        "max": 0.122212439775,
        "mean": 0.0192067250609,
        "median": 0.0122762685642,
        "min": 1.09119630768e-20,
        "var": 0.000378232740331
    },
    "spectral_energyband_high": {
        "dmean": 7.82317511039e-05,
        "dmean2": 9.00677478057e-05,
        "dvar": 1.78131926987e-07,
        "dvar2": 2.26583480867e-07,
        "max": 0.017300279811,
        "mean": 0.000202288487344,
        "median": 2.05700798688e-05,
        "min": 7.70469465186e-21,
        "var": 1.28961585233e-06
    },
    "spectral_energyband_low": {
        "dmean": 0.000513058854267,
        "dmean2": 0.000769941834733,
        "dvar": 4.94680762131e-07,
        "dvar2": 1.14467979984e-06,
        "max": 0.00892758648843,
        "mean": 0.00160259159748,
        "median": 0.00124867004342,
        "min": 5.48110906803e-23,
        "var": 2.0690497422e-06
    },
    "spectral_energyband_middle_high": {
        "dmean": 0.000952224596404,
        "dmean2": 0.00131495809183,
        "dvar": 5.19531613463e-06,
        "dvar2": 9.70680684986e-06,
        "max": 0.0440272204578,
        "mean": 0.00281150406227,
        "median": 0.000951987633016,
        "min": 1.56573465878e-21,
        "var": 2.55387203651e-05
    },
    "spectral_energyband_middle_low": {
        "dmean": 0.00496049132198,
        "dmean2": 0.00725172972307,
        "dvar": 5.24694696651e-05,
        "dvar2": 0.000112942609121,
        "max": 0.110810652375,
        "mean": 0.0152249336243,
        "median": 0.00883420091122,
        "min": 3.38168615171e-22,
        "var": 0.000273719313554
    },
    "spectral_entropy": {
        "dmean": 0.189810067415,
        "dmean2": 0.268123418093,
        "dvar": 0.0386234596372,
        "dvar2": 0.0690811574459,
        "max": 9.80621147156,
        "mean": 6.69001483917,
        "median": 6.67101812363,
        "min": 5.46010398865,
        "var": 0.239685431123
    },
    "spectral_flux": {
        "dmean": 0.0169443581253,
        "dmean2": 0.0269133429974,
        "dvar": 0.000420973869041,
        "dvar2": 0.0010088061681,
        "max": 0.240404963493,
        "mean": 0.0510577782989,
        "median": 0.0412509702146,
        "min": 1.04460343153e-10,
        "var": 0.00138926168438
    },
    "spectral_kurtosis": {
        "dmean": 5.44229793549,
        "dmean2": 9.5348072052,
        "dvar": 31.4489078522,
        "dvar2": 94.5704727173,
        "max": 53.9614601135,
        "mean": 9.85676956177,
        "median": 7.56483364105,
        "min": -1.1993380785,
        "var": 72.2231903076
    },
    "spectral_rms": {
        "dmean": 0.000566493195947,
        "dmean2": 0.000806770171039,
        "dvar": 4.36003801951e-07,
        "dvar2": 8.6893317075e-07,
        "max": 0.0109193241224,
        "mean": 0.00377305899747,
        "median": 0.00346075813286,
        "min": 3.26279281371e-12,
        "var": 4.502304364e-06
    },
    "spectral_rolloff": {
        "dmean": 203.94821167,
        "dmean2": 335.340515137,
        "dvar": 391973.0625,
        "dvar2": 499326.3125,
        "max": 19056.8847656,
        "mean": 846.472167969,
        "median": 559.86328125,
        "min": 193.798828125,
        "var": 1244682.875
    },
    "spectral_skewness": {
        "dmean": 0.481169372797,
        "dmean2": 0.811059176922,
        "dvar": 0.191037222743,
        "dvar2": 0.522877395153,
        "max": 5.44784975052,
        "mean": 2.04922652245,
        "median": 1.95627999306,
        "min": -0.471762955189,
        "var": 0.807654261589
    },
    "spectral_spread": {
        "dmean": 366202.90625,
        "dmean2": 510927.875,
        "dvar": 1.02387731661e+12,
        "dvar2": 946268012544,
        "max": 41023844,
        "mean": 2749490,
        "median": 2494587.25,
        "min": 1050143,
        "var": 2.22063047475e+12
    },
    "spectral_strongpeak": {
        "dmean": 0.406674355268,
        "dmean2": 0.656399786472,
        "dvar": 0.350711673498,
        "dvar2": 0.804830253124,
        "max": 7.32746696472,
        "mean": 1.02862095833,
        "median": 0.573035180569,
        "min": 0,
        "var": 1.39731371403
    },
    "zerocrossingrate": {
        "dmean": 0.00567985977978,
        "dmean2": 0.0065541639924,
        "dvar": 0.000235420098761,
        "dvar2": 0.00021965871565,
        "max": 0.5126953125,
        "mean": 0.0345671400428,
        "median": 0.0283203125,
        "min": 0.00830078125,
        "var": 0.000969183980487
    },
    "barkbands": {
        "dmean": [4.32859735611e-07, 0.000136903836392, 0.000270668941084, 0.000869723560754, 0.00237369630486, 0.00121694128029, 0.00111549219582, 0.000803826958872, 0.000631220405921, 0.000405755126849, 0.00026435838663, 0.000261350302026, 0.000246410840191, 0.000131873690407, 0.000132501736516, 7.02848701621e-05, 5.70981137571e-05, 5.14132443641e-05, 3.18519232678e-05, 3.72457070625e-05, 2.06439272006e-05, 3.03853485093e-05, 2.08125711652e-05, 1.18938596643e-05, 2.58310501522e-06, 2.69753863691e-09, 7.0371880545e-10],
        "dmean2": [7.5871679428e-07, 0.000203507472179, 0.000402222794946, 0.00142870249692, 0.00362140545622, 0.0017240208108, 0.00168310059234, 0.00109154102392, 0.000948284869082, 0.000597304664552, 0.000364962295862, 0.000350479152985, 0.000374142691726, 0.000196458480787, 0.000201494534849, 0.000114687856694, 8.64463945618e-05, 7.90416597738e-05, 5.06323449372e-05, 5.93057338847e-05, 3.04102250084e-05, 3.92457259295e-05, 2.53156958934e-05, 1.39914909596e-05, 3.56083683073e-06, 4.17801659935e-09, 1.30244415253e-09],
        "dvar": [3.81894169066e-12, 4.31293862846e-08, 1.53559867044e-07, 2.20711467591e-06, 1.44802606883e-05, 7.22443337509e-06, 1.27074263219e-05, 9.10232756723e-06, 8.6973695943e-06, 2.06228128263e-06, 8.59947022036e-07, 5.53361473976e-07, 1.55429609094e-06, 2.05622285421e-07, 2.18024453602e-07, 9.83821095701e-08, 6.90922874469e-08, 1.90386799659e-08, 9.99420990411e-09, 2.77962595163e-08, 8.47927683623e-09, 5.65106468287e-08, 3.27350164753e-08, 8.18324608076e-09, 7.44321437818e-10, 6.89027685971e-16, 1.64691049914e-18],
        "dvar2": [9.90746113622e-12, 8.8964171141e-08, 3.64414518117e-07, 6.30678368907e-06, 3.43622887158e-05, 1.27655366668e-05, 3.16916339216e-05, 1.46433158079e-05, 1.77981037268e-05, 4.4481275836e-06, 1.48729225202e-06, 8.75564239777e-07, 3.43403871739e-06, 3.94676874294e-07, 5.02390548718e-07, 2.4320695502e-07, 1.36396309358e-07, 4.6860037628e-08, 2.51243914562e-08, 7.49871489347e-08, 1.48439411873e-08, 9.32879018478e-08, 4.33386162513e-08, 1.09792148706e-08, 1.09692821493e-09, 1.52488440406e-15, 5.31302284705e-18],
        "max": [4.50850457128e-05, 0.00380372744985, 0.00448489934206, 0.0162412188947, 0.0526359379292, 0.0542528107762, 0.0807137489319, 0.0835545882583, 0.0548201613128, 0.0258302409202, 0.0298962369561, 0.0199760571122, 0.0355986505747, 0.0121674779803, 0.0102700255811, 0.00809083040804, 0.00612850068137, 0.00239510904066, 0.00257681985386, 0.00403767032549, 0.00326376757585, 0.0106213092804, 0.00647961627692, 0.00338139710948, 0.000984268495813, 8.76043088738e-07, 1.6516940704e-08],
        "mean": [3.65536266145e-07, 0.00040769536281, 0.000732799642719, 0.001493316493, 0.00493062473834, 0.00335651054047, 0.00190511916298, 0.00187251088209, 0.00123584968969, 0.00076113617979, 0.0005238087615, 0.000497980974615, 0.000406888051657, 0.000218289351324, 0.000256902829278, 0.000106217012217, 0.000102071433503, 0.000102502701338, 5.57357489015e-05, 5.87025715504e-05, 4.84580705233e-05, 5.61210872547e-05, 4.71729399578e-05, 2.60424476437e-05, 3.91040430259e-06, 3.10925218905e-09, 5.8789495494e-10],
        "median": [9.95321016717e-08, 0.000272893812507, 0.000495045096613, 0.000756122404709, 0.00256413966417, 0.00113197497558, 0.000401219702326, 0.000186817880603, 0.000105789666122, 0.000142819917528, 8.00065827207e-05, 9.84057987807e-05, 5.00775495311e-05, 2.85826645268e-05, 4.4574837375e-05, 2.34024519159e-05, 2.00926388061e-05, 2.78200095636e-05, 1.96744149434e-05, 1.49923016579e-05, 6.26482915322e-06, 3.27002544509e-06, 1.70838825397e-06, 5.71607358779e-07, 5.87085686732e-08, 3.42534500763e-10, 2.02755007228e-10],
        "min": [3.42121843292e-23, 2.27820189529e-23, 6.78118086991e-24, 3.66459716831e-23, 3.36008991692e-23, 7.02834739982e-23, 4.1386830086e-23, 5.3987418921e-23, 8.59328840142e-23, 9.99505384032e-23, 1.0286439495e-22, 7.38858735863e-23, 9.93671978519e-23, 6.32090198873e-23, 6.96387853121e-23, 7.53404889193e-23, 2.12886699183e-22, 2.28323407055e-22, 3.00980500409e-22, 3.8620370622e-22, 4.30456884493e-22, 3.56220100333e-22, 7.11735905649e-22, 8.4104447062e-22, 1.42721946858e-21, 1.79016606594e-21, 2.390134341e-21],
        "var": [2.81346734105e-12, 2.19076639496e-07, 5.84261556469e-07, 3.83501401302e-06, 4.46467420261e-05, 3.58545548806e-05, 3.89465421904e-05, 3.34134165314e-05, 2.67361865554e-05, 4.61215176983e-06, 3.28978921971e-06, 2.31143735618e-06, 3.72248155145e-06, 5.40641508451e-07, 4.7366495437e-07, 1.27778022829e-07, 1.59577425052e-07, 4.02374347175e-08, 1.94730720438e-08, 2.59070169761e-08, 4.41514629301e-08, 2.32697544789e-07, 1.25735681422e-07, 4.49276349457e-08, 1.79656078902e-09, 8.97684141072e-16, 1.16345083146e-18]
    },
    "erbbands": {
        "dmean": [0.000765528995544, 0.0430139824748, 0.282933980227, 1.34936273098, 7.71436548233, 6.67824459076, 8.50653457642, 9.45802783966, 17.3983821869, 15.4819307327, 14.8846549988, 16.0080966949, 14.9560651779, 7.57555294037, 10.0082645416, 9.79363250732, 11.4531927109, 8.48392963409, 6.31373596191, 5.61937713623, 3.65694642067, 2.71877717972, 2.60415124893, 2.75005102158, 1.58342421055, 1.6247856617, 0.725208342075, 1.11336183548, 1.08957004547, 0.762338459492, 0.623995959759, 0.380471765995, 0.161571353674, 0.0534485839307, 0.00288685364649, 0.000137264942168, 9.92856075754e-06, 1.90449281945e-06, 2.899469564e-06, 6.22939751338e-06],
        "dmean2": [0.00122196064331, 0.0631130486727, 0.405424445868, 2.16563725471, 11.8285388947, 10.6008529663, 12.6912002563, 13.5467414856, 25.7221660614, 22.1614437103, 19.6450843811, 23.9843883514, 21.739654541, 11.1771059036, 12.9586610794, 13.319899559, 17.017988205, 12.5226621628, 9.70087432861, 8.45808410645, 6.13438749313, 4.06412649155, 3.95803809166, 4.42722702026, 2.55106639862, 2.56549406052, 1.06327772141, 1.51929676533, 1.46235573292, 0.936856150627, 0.802652657032, 0.440402925014, 0.205941960216, 0.0760825350881, 0.00424762815237, 0.000198696929147, 1.39655639941e-05, 2.61949503511e-06, 4.07514062317e-06, 8.92687148735e-06],
        "dvar": [1.30265345888e-06, 0.00410847179592, 0.16329716146, 4.2987613678, 165.098403931, 198.477386475, 386.335327148, 668.326904297, 2945.78930664, 3317.27832031, 2066.6081543, 6297.19042969, 2694.55932617, 845.475646973, 1090.94799805, 636.436035156, 3217.39868164, 847.629272461, 838.418945312, 188.378005981, 286.319122314, 130.717788696, 63.5768051147, 51.2197303772, 31.3996353149, 38.2117614746, 6.25977373123, 39.098236084, 83.5295562744, 31.5546264648, 29.1067199707, 8.79822158813, 2.10827112198, 0.374193102121, 0.00193873222452, 3.92910533265e-06, 9.21885234817e-09, 1.59492002938e-10, 2.31881111534e-11, 7.89373913457e-11],
        "dvar2": [3.14445492222e-06, 0.00805969908834, 0.342702805996, 11.6091108322, 388.808624268, 425.102203369, 979.501647949, 1136.97949219, 7020.35302734, 5580.04931641, 3478.11938477, 13323.6171875, 5886.13769531, 1799.04333496, 1570.6229248, 920.575134277, 6682.54833984, 1752.69494629, 1987.53991699, 397.466522217, 761.599365234, 288.66027832, 159.548553467, 138.556304932, 79.5573959351, 101.074272156, 10.4307317734, 75.0138549805, 131.302566528, 56.7620315552, 44.2816505432, 12.7977981567, 3.49910068512, 0.570608437061, 0.00321183796041, 6.54255609334e-06, 1.46659520084e-08, 2.39315733896e-10, 4.23693510831e-11, 1.62742708198e-10],
        "max": [0.0169957838953, 1.19714546204, 6.15654420853, 20.267162323, 121.9115448, 251.57963562, 266.827850342, 612.452941895, 1284.44616699, 1655.51928711, 924.679931641, 1610.28857422, 961.221801758, 584.715087891, 1456.49572754, 868.789733887, 1616.46374512, 530.659545898, 679.596435547, 222.921051025, 425.134124756, 215.625, 144.830886841, 156.333862305, 103.068702698, 135.635223389, 61.9994392395, 276.986022949, 409.800689697, 166.50100708, 176.183166504, 114.557373047, 54.6628456116, 21.4480991364, 1.4898942709, 0.0687726214528, 0.00361250387505, 0.000492423248943, 0.000125082864542, 0.000139740048326],
        "mean": [0.00205586571246, 0.131278902292, 0.846644878387, 2.77875828743, 12.7172908783, 14.6960735321, 20.7497615814, 27.021364212, 34.4611091614, 32.5555267334, 33.2549743652, 32.6866989136, 31.2065696716, 16.4290313721, 24.285068512, 20.4519309998, 20.3654918671, 15.1844215393, 12.0471754074, 10.6722412109, 6.03297185898, 4.99952936172, 5.00390338898, 4.77806901932, 2.77619814873, 2.66106534004, 1.44753146172, 2.54382610321, 2.11017298698, 1.63213086128, 1.36029422283, 0.743724644184, 0.333031177521, 0.0882415920496, 0.00396065600216, 0.000212733313674, 2.41286579694e-05, 5.07839422426e-06, 1.04562232082e-05, 2.22540493269e-05],
        "median": [0.00141555070877, 0.0887650251389, 0.632994413376, 1.76998698711, 6.18839788437, 6.82166814804, 8.07148456573, 8.79122447968, 7.0708360672, 4.33938837051, 5.12511110306, 3.61923861504, 3.59510159492, 3.64338612556, 4.59101867676, 4.88424682617, 2.74169158936, 2.26453542709, 2.21946454048, 2.43671035767, 1.45069944859, 1.09878337383, 1.47515451908, 1.40540921688, 0.936862409115, 0.739708840847, 0.294137239456, 0.230014517903, 0.140891686082, 0.0761415809393, 0.0437549352646, 0.0183151010424, 0.0068363440223, 0.00150024099275, 6.69077344355e-05, 1.60105955729e-05, 6.44089459456e-06, 1.42277451687e-06, 6.35736159893e-06, 1.39116627906e-05],
        "min": [1.20664628544e-21, 3.35493187731e-21, 8.94256720737e-21, 5.43267734024e-20, 1.52008111886e-19, 7.33597727822e-20, 2.78485656057e-19, 6.89893963275e-19, 4.67297799281e-19, 9.20704961331e-19, 1.39370420638e-18, 1.87668628065e-18, 2.55432442578e-18, 3.66624231867e-18, 3.52166562325e-18, 3.14159474335e-18, 3.76144460332e-18, 4.55657486227e-18, 3.16614753188e-18, 2.9519048581e-18, 5.56563470714e-18, 1.08772033707e-17, 1.36820834923e-17, 9.24154635357e-18, 2.31714117984e-17, 1.74753054796e-17, 1.59537315583e-17, 1.63537759548e-17, 1.30953800003e-17, 1.99496111413e-17, 1.75753976425e-17, 1.66194663676e-17, 1.44607367271e-17, 1.27877407771e-17, 1.2385798001e-17, 5.69107499267e-18, 3.48027433258e-18, 1.23326973484e-18, 3.42049833241e-19, 3.4913348489e-20],
        "var": [4.80194148622e-06, 0.0213529597968, 0.6785120368, 9.89494991302, 329.452026367, 645.562805176, 1246.92224121, 3443.59985352, 9468.7421875, 10643.9013672, 7933.1328125, 19312.3085938, 7336.07519531, 1910.14111328, 8547.62011719, 3224.03417969, 8547.75976562, 2098.66015625, 1708.4284668, 463.848602295, 405.02734375, 252.607528687, 117.140602112, 91.7954406738, 42.4945068359, 42.2916183472, 20.7661800385, 191.353164673, 361.706604004, 135.522445679, 106.2552948, 36.0897789001, 8.49113273621, 0.877717077732, 0.00322623015381, 7.05738329998e-06, 2.65182116266e-08, 7.05907998722e-10, 1.50328416382e-10, 5.06193476024e-10]
    },
    "gfcc": {
        "mean": [-120.314048767, 174.618637085, -150.581619263, 35.0659179688, -68.6237182617, -12.9902629852, -30.0273284912, -27.4796352386, -11.6351490021, -28.5548114777, 4.07919979095, -21.9166183472, 0.50089931488],
        "cov": [[10136.7802734, -45.8930549622, -918.935668945, 349.897918701, -378.56741333, 253.678619385, 88.1841812134, -124.148269653, 113.683494568, -265.467834473, -31.628326416, -229.441757202, -118.511177063], [-45.8930549622, 973.216796875, -31.3544044495, -360.542541504, 345.698394775, -288.348510742, 172.969024658, -30.4092922211, 102.564796448, 7.93453121185, 40.587726593, -20.0938568115, -39.3065719604], [-918.935668945, -31.3544044495, 579.298339844, 113.930389404, -118.790115356, 72.3479385376, -73.6111679077, 69.6791305542, 22.1610450745, 2.21150064468, 22.4992752075, 29.376001358, 55.4473152161], [349.897918701, -360.542541504, 113.930389404, 598.986938477, -26.4892692566, 138.183151245, -122.202072144, -0.578194320202, -41.2452697754, -51.9337043762, 10.59308815, 11.4747934341, 69.9586334229], [-378.56741333, 345.698394775, -118.790115356, -26.4892692566, 431.540008545, -123.091491699, 5.8539390564, -11.2766990662, 12.9689664841, 30.5456237793, 21.4047889709, 15.5771484375, -0.733145058155], [253.678619385, -288.348510742, 72.3479385376, 138.183151245, -123.091491699, 258.777160645, -24.6420192719, 18.0154018402, -25.299287796, -20.2710075378, -10.6462564468, -7.50581693649, 4.20494318008], [88.1841812134, 172.969024658, -73.6111679077, -122.202072144, 5.8539390564, -24.6420192719, 232.984298706, -11.4822998047, -6.19281721115, -3.85773968697, -20.188873291, 5.94472503662, -48.1834869385], [-124.148269653, -30.4092922211, 69.6791305542, -0.578194320202, -11.2766990662, 18.0154018402, -11.4822998047, 105.943824768, 24.4155426025, 2.04928159714, -1.5073043108, 1.4862370491, 17.3616046906], [113.683494568, 102.564796448, 22.1610450745, -41.2452697754, 12.9689664841, -25.299287796, -6.19281721115, 24.4155426025, 109.233337402, 29.3117046356, -3.69730257988, -1.78429758549, 2.70916891098], [-265.467834473, 7.93453121185, 2.21150064468, -51.9337043762, 30.5456237793, -20.2710075378, -3.85773968697, 2.04928159714, 29.3117046356, 111.85042572, 28.2184772491, 2.61430835724, 11.2244939804], [-31.628326416, 40.587726593, 22.4992752075, 10.59308815, 21.4047889709, -10.6462564468, -20.188873291, -1.5073043108, -3.69730257988, 28.2184772491, 71.5913772583, 14.4741153717, 4.6801109314], [-229.441757202, -20.0938568115, 29.376001358, 11.4747934341, 15.5771484375, -7.50581693649, 5.94472503662, 1.4862370491, -1.78429758549, 2.61430835724, 14.4741153717, 72.4133834839, 14.2179517746], [-118.511177063, -39.3065719604, 55.4473152161, 69.9586334229, -0.733145058155, 4.20494318008, -48.1834869385, 17.3616046906, 2.70916891098, 11.2244939804, 4.6801109314, 14.2179517746, 95.0333328247]],
        "icov": [[0.000186426826986, -0.000251201970968, 0.000456504902104, -0.000255538558122, 0.000384337559808, -0.000274953490589, 6.61494996166e-05, -1.81155792234e-06, -0.000340488477377, 0.000313677941449, -0.000217673106818, 0.000275360915111, 4.15313879785e-05], [-0.000251201970968, 0.00619187671691, -0.0025373743847, 0.00284291920252, -0.00470678415149, 0.00333137856796, -0.00424368493259, 0.00286089791916, -0.00484701758251, 0.00474521890283, -0.00534063996747, 0.00432363105938, -0.00202875072137], [0.000456504902104, -0.0025373743847, 0.00397740118206, -0.00166063150391, 0.00289438199252, -0.00184398936108, 0.00185707735363, -0.00208684848621, 0.000504869967699, -0.000888207054231, 0.000676292285789, -0.00165207160171, 0.00015276701015], [-0.000255538558122, 0.00284291920252, -0.00166063150391, 0.00387088675052, -0.00264401989989, 0.00040187544073, -0.00104642123915, 0.00176795967855, -0.00145751598757, 0.00298179010861, -0.00259102787822, 0.00153079850134, -0.00232723867521], [0.000384337559808, -0.00470678415149, 0.00289438199252, -0.00264401989989, 0.00670618191361, -0.00135139049962, 0.00316218123771, -0.00232964986935, 0.00300646363758, -0.00362130557187, 0.00311527051963, -0.00337468949147, 0.00162407464813], [-0.000274953490589, 0.00333137856796, -0.00184398936108, 0.00040187544073, -0.00135139049962, 0.00728049641475, -0.0021471013315, 0.000425977515988, -0.0011469166493, 0.00164018792566, -0.00175064627547, 0.0022310866043, -9.25681670196e-05], [6.61494996166e-05, -0.00424368493259, 0.00185707735363, -0.00104642123915, 0.00316218123771, -0.0021471013315, 0.00841961894184, -0.00209345156327, 0.00423728395253, -0.00372416316532, 0.00546872382984, -0.00465404102579, 0.00353085645474], [-1.81155792234e-06, 0.00286089791916, -0.00208684848621, 0.00176795967855, -0.00232964986935, 0.000425977515988, -0.00209345156327, 0.0125667955726, -0.00500352727249, 0.00327760656364, -0.00269958074205, 0.00266286265105, -0.00280686141923], [-0.000340488477377, -0.00484701758251, 0.000504869967699, -0.00145751598757, 0.00300646363758, -0.0011469166493, 0.00423728395253, -0.00500352727249, 0.0164948254824, -0.00830412656069, 0.00759324198589, -0.00467579718679, 0.002321600914], [0.000313677941449, 0.00474521890283, -0.000888207054231, 0.00298179010861, -0.00362130557187, 0.00164018792566, -0.00372416316532, 0.00327760656364, -0.00830412656069, 0.0168922916055, -0.0102891540155, 0.00540779344738, -0.0039712768048], [-0.000217673106818, -0.00534063996747, 0.000676292285789, -0.00259102787822, 0.00311527051963, -0.00175064627547, 0.00546872382984, -0.00269958074205, 0.00759324198589, -0.0102891540155, 0.0232114959508, -0.00804061815143, 0.00345848849975], [0.000275360915111, 0.00432363105938, -0.00165207160171, 0.00153079850134, -0.00337468949147, 0.0022310866043, -0.00465404102579, 0.00266286265105, -0.00467579718679, 0.00540779344738, -0.00804061815143, 0.0196873936802, -0.00405710330233], [4.15313879785e-05, -0.00202875072137, 0.00015276701015, -0.00232723867521, 0.00162407464813, -9.25681670196e-05, 0.00353085645474, -0.00280686141923, 0.002321600914, -0.0039712768048, 0.00345848849975, -0.00405710330233, 0.0145185133442]]
    },
    "melbands": {
        "dmean": [2.0916102585e-05, 0.000115004499094, 0.00042558266432, 0.000540007487871, 0.000285510293907, 0.00022338522831, 0.000261273002252, 0.000171775827766, 0.000116845112643, 0.000104576196463, 7.48783786548e-05, 3.16824953188e-05, 3.4000051528e-05, 3.0445480661e-05, 2.11170372495e-05, 2.64870395768e-05, 1.63359545695e-05, 1.04254268081e-05, 7.37869277145e-06, 6.73894828651e-06, 4.29637202615e-06, 3.1013212265e-06, 3.0300900562e-06, 2.21839627557e-06, 2.37729568653e-06, 1.04331002149e-06, 1.72682473476e-06, 9.34035824685e-07, 5.03453577494e-07, 4.50795852203e-07, 7.29462897198e-07, 6.7492976541e-07, 5.86212877351e-07, 4.0808552626e-07, 3.96125614088e-07, 3.30262793113e-07, 2.07077377468e-07, 1.25404852724e-07, 9.26069390061e-08, 3.21691828731e-08],
        "dmean2": [3.19348182529e-05, 0.000164046447026, 0.000671835674439, 0.000831937650219, 0.000427309569204, 0.000320914550684, 0.000387592648622, 0.000247004907578, 0.000153122382471, 0.000156124966452, 0.000110654938908, 4.62639400212e-05, 4.44659563072e-05, 4.03244048357e-05, 3.05797548208e-05, 4.09312378906e-05, 2.41906091105e-05, 1.61481111718e-05, 1.11603621917e-05, 1.04303026092e-05, 7.28282475393e-06, 4.64581216875e-06, 4.51065034213e-06, 3.56732857654e-06, 3.88441594623e-06, 1.63555682775e-06, 2.79975120066e-06, 1.45477667957e-06, 7.69152450175e-07, 6.45077136596e-07, 9.92976310954e-07, 8.70420308274e-07, 8.47570163387e-07, 5.14341536473e-07, 5.09881147082e-07, 4.14555330508e-07, 2.49255862173e-07, 1.67086867009e-07, 1.30332367121e-07, 4.79488804217e-08],
        "dvar": [9.99794247392e-10, 2.65228976559e-08, 4.84472479911e-07, 8.3070636947e-07, 4.08948864106e-07, 3.37232904712e-07, 6.60128137042e-07, 4.50914058092e-07, 1.23086650206e-07, 2.69913471129e-07, 6.80480241044e-08, 1.87286115505e-08, 1.20762608802e-08, 7.87219089915e-09, 4.5381089997e-09, 2.52246685761e-08, 3.15886139468e-09, 2.32205810136e-09, 3.51667805987e-10, 5.00697039385e-10, 3.83969189777e-10, 2.02843117303e-10, 1.03202141277e-10, 5.28878191242e-11, 4.25336640908e-11, 1.01519634713e-11, 8.90393661579e-11, 7.5694416013e-12, 2.05848706136e-12, 5.69163553094e-12, 2.003444112e-11, 3.80777527564e-11, 1.6518345719e-11, 1.05681860832e-11, 1.22448206089e-11, 7.06931778741e-12, 2.75404937571e-12, 1.19770979159e-12, 9.02739092246e-13, 1.81347151922e-13],
        "dvar2": [2.19720086569e-09, 5.37437010451e-08, 1.25459655465e-06, 1.99070973395e-06, 1.04358468889e-06, 5.80880850976e-07, 1.6268577383e-06, 7.34122863832e-07, 2.14727762682e-07, 5.62108880331e-07, 1.48323934468e-07, 4.17463503766e-08, 1.91582820719e-08, 1.24423964465e-08, 8.42260394762e-09, 6.13243784642e-08, 6.39487707232e-09, 5.45606138047e-09, 7.63581364804e-10, 1.1431435798e-09, 1.01145358755e-09, 4.42847258864e-10, 2.27803373387e-10, 1.45502748738e-10, 1.1801958022e-10, 2.08443106525e-11, 2.44951364747e-10, 1.92052485026e-11, 4.11879167925e-12, 8.35252440129e-12, 3.99221142255e-11, 5.99044494565e-11, 3.27382114473e-11, 1.80541883527e-11, 2.08053175382e-11, 1.21120526803e-11, 4.11742731923e-12, 2.05376340934e-12, 1.40153015062e-12, 2.9307115003e-13],
        "max": [0.000547353585716, 0.00267951563001, 0.00752626452595, 0.0140871964395, 0.0102924285457, 0.0125793395564, 0.0191437788308, 0.0202542487532, 0.00690161250532, 0.0103360665962, 0.00466788047925, 0.00282992026769, 0.00404085591435, 0.00284568406641, 0.0016607621219, 0.0047226077877, 0.0012159437174, 0.00111375935376, 0.000328348571202, 0.000540482986253, 0.000412229914218, 0.000288794748485, 0.000205929434742, 0.000161715041031, 0.000144124351209, 7.41986223147e-05, 0.000234977749642, 4.43931166956e-05, 2.90522311843e-05, 7.74028376327e-05, 0.000204846306588, 0.000278214196442, 0.000122068035125, 0.000105325438199, 0.000115357812319, 9.87553212326e-05, 6.13189913565e-05, 3.82493162761e-05, 3.39954603987e-05, 1.45773310578e-05],
        "mean": [5.96899735683e-05, 0.00034707193845, 0.000796949781943, 0.00100546877366, 0.000714148860425, 0.00062781770248, 0.000510576472152, 0.000377274962375, 0.00024057997507, 0.000205471544177, 0.000149925108417, 6.26560213277e-05, 7.31066538719e-05, 6.83432881488e-05, 3.83822189178e-05, 4.19856987719e-05, 2.69500214927e-05, 1.82498988579e-05, 1.44054538396e-05, 1.13602636702e-05, 6.5731437644e-06, 5.28437522007e-06, 5.10689278599e-06, 4.26093129136e-06, 3.84495933758e-06, 1.88071749108e-06, 2.34277285927e-06, 1.55479824571e-06, 9.08653703391e-07, 9.38781795412e-07, 1.55621012254e-06, 1.21795494579e-06, 9.73754140432e-07, 8.73045848948e-07, 8.41906398819e-07, 5.73217562305e-07, 4.14733193566e-07, 2.51654398653e-07, 1.553556217e-07, 4.29624087417e-08],
        "median": [4.02714576921e-05, 0.000256988336332, 0.000478314468637, 0.000484628835693, 0.000307917478494, 0.000199677975615, 0.000102768543002, 4.10091997765e-05, 3.37548444804e-05, 1.9537854314e-05, 1.62320920936e-05, 1.24050129671e-05, 1.3336874872e-05, 1.32478880914e-05, 9.30062196858e-06, 3.99728332923e-06, 3.15999591294e-06, 2.7961775686e-06, 2.7556218356e-06, 2.94200003736e-06, 1.24919313294e-06, 1.01838145383e-06, 1.16983358112e-06, 1.28743943151e-06, 1.03622619463e-06, 5.89983073951e-07, 5.7064221437e-07, 4.01754789436e-07, 1.84084967714e-07, 1.33247255008e-07, 1.10466579883e-07, 7.25548048308e-08, 4.78053898689e-08, 3.75936544117e-08, 2.54838798952e-08, 1.63160862598e-08, 8.45664871463e-09, 4.7085602084e-09, 2.72932099143e-09, 5.03062869139e-10],
        "min": [1.00737190498e-23, 4.20626235576e-24, 1.4575140813e-23, 7.01205600218e-24, 8.95617924841e-24, 1.4739894413e-23, 7.92150612968e-24, 9.74297412692e-24, 1.30186511938e-23, 1.14005941364e-23, 1.32100327937e-23, 1.53308017182e-23, 1.43755463822e-23, 6.85629541645e-24, 1.05928936551e-23, 7.94946414902e-24, 8.47941143882e-24, 4.66403478919e-24, 4.96969511856e-24, 3.80375357305e-24, 6.54041973278e-24, 8.61310916276e-24, 1.793272373e-23, 9.93684537185e-24, 6.08697775129e-24, 1.46220685705e-23, 1.81357670606e-23, 9.605147505e-24, 9.25605683292e-24, 1.16034378853e-23, 8.27956536139e-24, 8.46126290483e-24, 5.37338403719e-24, 1.45362909911e-23, 1.07693373849e-23, 7.6041071556e-24, 1.18141481551e-23, 1.11212537567e-23, 1.01779843734e-23, 1.00652766604e-23],
        "var": [4.63992622102e-09, 1.19534405485e-07, 9.6116025361e-07, 2.06960953619e-06, 1.3342623788e-06, 1.71618705735e-06, 2.1589660264e-06, 1.52165591771e-06, 4.26019340694e-07, 8.14674081084e-07, 1.8173111016e-07, 3.64657708474e-08, 6.45099902385e-08, 4.95448695403e-08, 1.0904596337e-08, 4.8522704077e-08, 7.72728547815e-09, 4.60171944994e-09, 8.73102534715e-10, 7.83725251363e-10, 6.31369456716e-10, 3.98001298585e-10, 1.99028529768e-10, 7.79323688915e-11, 6.86988591014e-11, 2.43808619127e-11, 6.85806064715e-11, 1.18710275984e-11, 5.98446465994e-12, 1.92518813391e-11, 8.57370632823e-11, 1.54476806347e-10, 5.36947743213e-11, 3.99921692984e-11, 4.05265612735e-11, 2.15568465856e-11, 1.16609612591e-11, 4.76972844901e-12, 2.3190642115e-12, 3.16844586592e-13]
    },
    "mfcc": {
        "mean": [-738.438293457, 173.563491821, -10.708325386, 28.8642177582, -8.92668914795, 0.628500461578, -8.42962360382, -4.72789907455, -15.8722295761, -6.03298711777, -11.1632118225, -6.78985023499, -5.08359766006],
        "cov": [[7934.32373047, 286.275756836, -956.197570801, 254.882034302, -491.141448975, 313.041870117, -131.373901367, 248.242767334, -133.173828125, 53.4735374451, -40.805015564, 201.165908813, -237.501663208], [286.275756836, 1615.63818359, -452.027618408, -9.66432285309, -26.3348064423, -140.550216675, 35.6415367126, -44.8880119324, 24.2016525269, 54.3958778381, 105.443992615, -0.824510157108, 63.7352752686], [-956.197570801, -452.027618408, 795.180786133, -30.7542152405, 20.7731494904, 6.13090896606, -44.4177017212, 37.9781837463, 12.7701597214, 6.50025224686, -25.4572181702, -35.8236122131, 53.8236808777], [254.882034302, -9.66432285309, -30.7542152405, 367.766265869, 120.262832642, 40.7554092407, 28.4174194336, 10.3215055466, 2.83901667595, -25.1198368073, -30.3932857513, 8.69320583344, 16.4840869904], [-491.141448975, -26.3348064423, 20.7731494904, 120.262832642, 381.651519775, -3.57257938385, 5.26576042175, -37.4482498169, 13.8857584, -0.0558363199234, -12.7075653076, -18.1542568207, 63.1745491028], [313.041870117, -140.550216675, 6.13090896606, 40.7554092407, -3.57257938385, 170.295959473, 35.4857521057, 28.6010513306, -8.02216243744, -4.03728866577, 12.6407232285, 4.20851182938, -35.53956604], [-131.373901367, 35.6415367126, -44.4177017212, 28.4174194336, 5.26576042175, 35.4857521057, 146.188293457, 16.9868888855, -3.13355231285, -16.151140213, 12.0775127411, -6.84132051468, -8.65917491913], [248.242767334, -44.8880119324, 37.9781837463, 10.3215055466, -37.4482498169, 28.6010513306, 16.9868888855, 132.511627197, 11.4883480072, -19.022808075, -0.580062270164, 15.9302177429, -16.572889328], [-133.173828125, 24.2016525269, 12.7701597214, 2.83901667595, 13.8857584, -8.02216243744, -3.13355231285, 11.4883480072, 107.399795532, 14.6081838608, 4.7625746727, 4.51312589645, -0.307067364454], [53.4735374451, 54.3958778381, 6.50025224686, -25.1198368073, -0.0558363199234, -4.03728866577, -16.151140213, -19.022808075, 14.6081838608, 106.582946777, 15.432387352, -4.28713274002, 17.8063812256], [-40.805015564, 105.443992615, -25.4572181702, -30.3932857513, -12.7075653076, 12.6407232285, 12.0775127411, -0.580062270164, 4.7625746727, 15.432387352, 88.9601669312, 20.3987617493, -5.132771492], [201.165908813, -0.824510157108, -35.8236122131, 8.69320583344, -18.1542568207, 4.20851182938, -6.84132051468, 15.9302177429, 4.51312589645, -4.28713274002, 20.3987617493, 94.1890029907, -8.20578956604], [-237.501663208, 63.7352752686, 53.8236808777, 16.4840869904, 63.1745491028, -35.53956604, -8.65917491913, -16.572889328, -0.307067364454, 17.8063812256, -5.132771492, -8.20578956604, 111.647605896]],
