{
"lowlevel": {
    "average_loudness": 0.876542687416,
    "barkbands_crest": {
        "dmean": 2.00044369698,
        "dmean2": 3.28204083443,
        "dvar": 3.72527122498,
        "dvar2": 9.52612495422,
        "max": 23.3472614288,
        "mean": 8.04985237122,
        "median": 7.25503444672,
        "min": 2.20172142982,
        "var": 14.9221096039
    },
    "barkbands_flatness_db": {
        "dmean": 0.018143389374,
        "dmean2": 0.0303577575833,
        "dvar": 0.00040929595707,
        "dvar2": 0.00104730867315,
        "max": 0.419129997492,
        "mean": 0.150665536523,
        "median": 0.126339390874,
        "min": 0.0724112316966,
        "var": 0.00388320558704
    },
    "barkbands_kurtosis": {
        "dmean": 2.82560133934,
        "dmean2": 4.52361822128,
        "dvar": 42.7879142761,
        "dvar2": 97.9659805298,
        "max": 132.336975098,
        "mean": 4.99915504456,
        "median": -0.334646463394,
        "min": -1.8672208786,
        "var": 176.377319336
    },
    "barkbands_skewness": {
        "dmean": 0.524616956711,
        "dmean2": 0.829162359238,
        "dvar": 0.400437891483,
        "dvar2": 0.959292531013,
        "max": 10.8675670624,
        "mean": 1.34150922298,
        "median": 0.914962470531,
        "min": -2.56641793251,
        "var": 2.50881028175
    },
    "barkbands_spread": {
        "dmean": 5.07705926895,
        "dmean2": 8.14097881317,
        "dvar": 39.9497947693,
        "dvar2": 97.990196228,
        "max": 82.8887329102,
        "mean": 29.6561527252,
        "median": 32.2812156677,
        "min": 1.1209359169,
        "var": 229.573043823
    },
    "dissonance": {
        "dmean": 0.011541614309,
        "dmean2": 0.0190210156143,
        "dvar": 0.000186882694834,
        "dvar2": 0.000474080530694,
        "max": 0.500000059605,
        "mean": 0.474300384521,
        "median": 0.482313930988,
        "min": 0.211088195443,
        "var": 0.000658146105707
    },
    "dynamic_complexity": 3.48020911217,
    "erbbands_crest": {
        "dmean": 1.95925176144,
        "dmean2": 3.20562815666,
        "dvar": 3.73960733414,
        "dvar2": 9.40396022797,
        "max": 25.8357658386,
        "mean": 8.04213809967,
        "median": 6.63433694839,
        "min": 2.44802689552,
        "var": 17.3463096619
    },
    "erbbands_flatness_db": {
        "dmean": 0.0120675070211,
        "dmean2": 0.0181322284043,
        "dvar": 0.000169462451595,
        "dvar2": 0.000327477493556,
        "max": 0.342334717512,
        "mean": 0.173576429486,
        "median": 0.167566388845,
        "min": 0.0971503183246,
        "var": 0.00111994729377
    },
    "erbbands_kurtosis": {
        "dmean": 0.837790608406,
        "dmean2": 1.29643845558,
        "dvar": 3.12592196465,
        "dvar2": 6.89935684204,
        "max": 31.460319519,
        "mean": 0.486295461655,
        "median": -0.570008277893,
        "min": -1.81978487968,
        "var": 11.7299051285
    },
    "erbbands_skewness": {
        "dmean": 0.297492951155,
        "dmean2": 0.457652151585,
        "dvar": 0.114482142031,
        "dvar2": 0.251128435135,
        "max": 5.29705286026,
        "mean": 0.0871184766293,
        "median": -0.205674469471,
        "min": -4.43740034103,
        "var": 1.13820075989
    },
    "erbbands_spread": {
        "dmean": 8.2906627655,
        "dmean2": 13.073223114,
        "dvar": 99.4924240112,
        "dvar2": 225.30140686,
        "max": 142.815658569,
        "mean": 47.510559082,
        "median": 44.7514953613,
        "min": 4.92514848709,
        "var": 384.550354004
    },
    "hfc": {
        "dmean": 5.27817821503,
        "dmean2": 7.58151292801,
        "dvar": 116.9348526,
        "dvar2": 220.249252319,
        "max": 243.800262451,
        "mean": 25.3771953583,
        "median": 18.5052814484,
        "min": 0.000204949828913,
        "var": 893.98626709
    },
    "melbands_crest": {
        "dmean": 3.18828129768,
        "dmean2": 5.28959560394,
        "dvar": 9.33569145203,
        "dvar2": 24.7760810852,
        "max": 33.2560653687,
        "mean": 12.3312063217,
        "median": 11.716091156,
        "min": 2.78183555603,
        "var": 24.418384552
    },
    "melbands_flatness_db": {
        "dmean": 0.0241058468819,
        "dmean2": 0.038973364979,
        "dvar": 0.000770960294176,
        "dvar2": 0.00192728929687,
        "max": 0.52757447958,
        "mean": 0.156024888158,
        "median": 0.125421926379,
        "min": 0.0146219553426,
        "var": 0.00876373052597
    },
    "melbands_kurtosis": {
        "dmean": 8.76782608032,
        "dmean2": 14.2487239838,
        "dvar": 407.297698975,
        "dvar2": 944.761413574,
        "max": 504.115905762,
        "mean": 17.8036899567,
        "median": 5.11788845062,
        "min": -1.90262436867,
        "var": 1305.96325684
    },
    "melbands_skewness": {
        "dmean": 0.767221033573,
        "dmean2": 1.24110853672,
        "dvar": 1.06826090813,
        "dvar2": 2.58541607857,
        "max": 19.2140369415,
        "mean": 2.72902798653,
        "median": 2.10155034065,
        "min": -0.271782755852,
        "var": 4.24143981934
    },
    "melbands_spread": {
        "dmean": 9.99123764038,
        "dmean2": 15.5299301147,
        "dvar": 203.850982666,
        "dvar2": 456.733734131,
        "max": 217.820648193,
        "mean": 39.3413467407,
        "median": 34.9625511169,
        "min": 0.965553760529,
        "var": 986.789489746
    },
    "pitch_salience": {
        "dmean": 0.0591835901141,
        "dmean2": 0.0986592620611,
        "dvar": 0.00350849330425,
        "dvar2": 0.0093496683985,
        "max": 0.811054050922,
        "mean": 0.599274754524,
        "median": 0.620852470398,
        "min": 0.121040984988,
        "var": 0.0102352583781
    },
    "silence_rate_20dB": {
        "dmean": 0,
        "dmean2": 0,
        "dvar": 0,
        "dvar2": 0,
        "max": 1,
        "mean": 1,
        "median": 1,
        "min": 1,
        "var": 0
    },
    "silence_rate_30dB": {
        "dmean": 0,
        "dmean2": 0,
        "dvar": 0,
        "dvar2": 0,
        "max": 1,
        "mean": 1,
        "median": 1,
        "min": 1,
        "var": 0
    },
    "silence_rate_60dB": {
        "dmean": 0.020139425993,
        "dmean2": 0.0402944609523,
        "dvar": 0.0197331905365,
        "dvar2": 0.0440958850086,
        "max": 1,
        "mean": 0.123499803245,
        "median": 0,
        "min": 0,
        "var": 0.108247093856
    },
    "spectral_centroid": {
        "dmean": 262.952880859,
        "dmean2": 411.209564209,
        "dvar": 96555.015625,
        "dvar2": 228757.40625,
        "max": 4722.77050781,
        "mean": 1817.77734375,
        "median": 1930.28344727,
        "min": 181.793273926,
        "var": 806133.8125
    },
    "spectral_complexity": {
        "dmean": 2.74748253822,
        "dmean2": 4.44788837433,
        "dvar": 7.45825433731,
        "dvar2": 17.10587883,
        "max": 54,
        "mean": 22.8490123749,
        "median": 25,
        "min": 0,
        "var": 195.08442688
    },
    "spectral_decrease": {
        "dmean": 1.65778091255e-09,
        "dmean2": 2.86637846791e-09,
        "dvar": 1.30155645158e-17,
        "dvar2": 3.60138391402e-17,
        "max": -8.61271300047e-14,
        "mean": -3.72512509728e-09,
        "median": -3.21232396239e-09,
        "min": -3.98383903644e-08,
        "var": 1.21478090398e-17
    },
    "spectral_energy": {
        "dmean": 0.00652423687279,
        "dmean2": 0.0111796949059,
        "dvar": 0.00019108116976,
        "dvar2": 0.000528964039404,
        "max": 0.156080767512,
        "mean": 0.0163612738252,
        "median": 0.0141060426831,
        "min": 3.43652999391e-07,
        "var": 0.000209196397918
    },
    "spectral_energyband_high": {
        "dmean": 0.000610923452768,
        "dmean2": 0.000865184003487,
        "dvar": 2.28531507673e-06,
        "dvar2": 4.11862401961e-06,
        "max": 0.035538688302,
        "mean": 0.00209366949275,
        "median": 0.000807841366623,
        "min": 6.03358252249e-09,
        "var": 1.424985021e-05
    },
    "spectral_energyband_low": {
        "dmean": 0.0029180070851,
        "dmean2": 0.00523082679138,
        "dvar": 5.21048350492e-05,
        "dvar2": 0.000143799581565,
        "max": 0.0749492198229,
        "mean": 0.00273613678291,
        "median": 0.000996092800051,
        "min": 1.0220128388e-07,
        "var": 3.62505015801e-05
    },
    "spectral_energyband_middle_high": {
        "dmean": 0.000670243171044,
        "dmean2": 0.00102355296258,
        "dvar": 6.59527415792e-07,
        "dvar2": 1.50886660322e-06,
        "max": 0.0168715585023,
        "mean": 0.00386024801992,
        "median": 0.00342379673384,
        "min": 1.31992381469e-08,
        "var": 1.04987821032e-05
    },
    "spectral_energyband_middle_low": {
        "dmean": 0.00434229848906,
        "dmean2": 0.0074745491147,
        "dvar": 0.000131123175379,
        "dvar2": 0.000366529682651,
        "max": 0.142594084144,
        "mean": 0.0085187247023,
        "median": 0.00682702893391,
        "min": 2.29205653568e-07,
        "var": 0.000105042454379
    },
    "spectral_entropy": {
        "dmean": 0.116449318826,
        "dmean2": 0.177343055606,
        "dvar": 0.0244309678674,
        "dvar2": 0.0500549226999,
        "max": 8.67336750031,
        "mean": 7.65577363968,
        "median": 7.82014083862,
        "min": 5.13487577438,
        "var": 0.278111606836
    },
    "spectral_flux": {
        "dmean": 0.0202067047358,
        "dmean2": 0.0327560044825,
        "dvar": 0.00109614618123,
        "dvar2": 0.00216760253534,
        "max": 0.358042746782,
        "mean": 0.0684591457248,
        "median": 0.0616595894098,
        "min": 0.000586219248362,
        "var": 0.00215035164729
    },
    "spectral_kurtosis": {
        "dmean": 1.20794129372,
        "dmean2": 1.99417543411,
        "dvar": 4.62172985077,
        "dvar2": 11.0137653351,
        "max": 53.1769371033,
        "mean": 2.65357089043,
        "median": 1.83846855164,
        "min": -1.12288665771,
        "var": 16.3954029083
    },
    "spectral_rms": {
        "dmean": 0.000652888207696,
        "dmean2": 0.00107371620834,
        "dvar": 1.12806048946e-06,
        "dvar2": 3.0059159144e-06,
        "max": 0.0123399319127,
        "mean": 0.00365607463755,
        "median": 0.00370971602388,
        "min": 1.83104129974e-05,
        "var": 2.59532089331e-06
    },
    "spectral_rolloff": {
        "dmean": 589.78692627,
        "dmean2": 978.413391113,
        "dvar": 857227.5,
        "dvar2": 1926073.375,
        "max": 9603.80859375,
        "mean": 2601.01538086,
        "median": 2627.05078125,
        "min": 129.19921875,
        "var": 3851460.75
    },
    "spectral_skewness": {
        "dmean": 0.170006662607,
        "dmean2": 0.272768557072,
        "dvar": 0.0462115630507,
        "dvar2": 0.0992035642266,
        "max": 5.5122756958,
        "mean": 1.12579476833,
        "median": 1.03580904007,
        "min": -0.46233394742,
        "var": 0.316874146461
    },
    "spectral_spread": {
        "dmean": 389162.84375,
        "dmean2": 588177.875,
        "dvar": 302613561344,
        "dvar2": 505919176704,
        "max": 23327240,
        "mean": 4612105,
        "median": 4507795,
        "min": 1302615.625,
        "var": 1.45037144883e+12
    },
    "spectral_strongpeak": {
        "dmean": 0.589840888977,
        "dmean2": 1.03073406219,
        "dvar": 1.8350199461,
        "dvar2": 4.5949139595,
        "max": 15.5936899185,
        "mean": 0.897397816181,
        "median": 0.544293224812,
        "min": 0.000563946436159,
        "var": 1.99142873287
    },
    "zerocrossingrate": {
        "dmean": 0.0108331488445,
        "dmean2": 0.0134959351271,
        "dvar": 0.000159178074682,
        "dvar2": 0.000195719971089,
        "max": 0.3232421875,
        "mean": 0.0897938460112,
        "median": 0.0888671875,
        "min": 0.00390625,
        "var": 0.00241787242703
    },
    "barkbands": {
        "dmean": [1.12547404569e-05, 0.00105384609196, 0.00128824007697, 0.00194889644627, 0.00201390311122, 0.00057410064619, 0.000605396984611, 0.000349291309249, 0.000347364490153, 0.000106547668111, 4.31926637248e-05, 9.84269936453e-05, 0.000136870046845, 0.000146687729284, 0.000182395393495, 0.000231757585425, 0.000212375249248, 0.000174271583091, 0.00017020550149, 0.000310254836222, 0.000148509352584, 0.00014267853112, 0.000139694326208, 0.000179380323971, 6.57517812215e-05, 5.05221926517e-08, 7.00568492107e-10],
        "dmean2": [1.93644882529e-05, 0.00190188875422, 0.00234600622207, 0.00348699884489, 0.00350253749639, 0.000942041806411, 0.000937005330343, 0.000535090221092, 0.000519632769283, 0.00017044825654, 6.9409259595e-05, 0.000154565044795, 0.000217656532186, 0.000238049018662, 0.00029539357638, 0.000395254319301, 0.000347341236193, 0.000292034324957, 0.000275234750006, 0.000470822065836, 0.000232065547607, 0.000206269018236, 0.000210396567127, 0.000273517827736, 9.71643603407e-05, 7.82799531862e-08, 1.30194099945e-09],
        "dvar": [4.22500451291e-10, 1.0090442629e-05, 1.26462582557e-05, 3.11135918309e-05, 3.09667411784e-05, 1.13507576316e-06, 8.54655922922e-07, 4.49749450127e-07, 3.85304588235e-07, 4.23089865365e-08, 7.46049177991e-09, 2.8150031639e-08, 5.16936715655e-08, 5.13327087504e-08, 6.95339963386e-08, 1.23314535472e-07, 9.23138188114e-08, 5.85774095896e-08, 5.94487090666e-08, 3.39421717399e-07, 1.31765631295e-07, 2.70501374189e-07, 2.02122990345e-07, 3.90412537854e-07, 3.90768768455e-08, 2.54245375567e-14, 1.18088190511e-18],
        "dvar2": [1.14410569907e-09, 2.79586074612e-05, 3.53265422746e-05, 8.799508214e-05, 8.57419072418e-05, 3.02477974401e-06, 2.10264624911e-06, 1.05865353817e-06, 8.70733458669e-07, 1.05441813503e-07, 1.80406729555e-08, 6.42271444917e-08, 1.22106627032e-07, 1.33244341782e-07, 1.75241751776e-07, 3.65237440292e-07, 2.28221978205e-07, 1.59811392564e-07, 1.62760230182e-07, 6.8393313768e-07, 3.04814903984e-07, 4.89736123654e-07, 4.62985752847e-07, 8.94018796771e-07, 7.82227260743e-08, 5.59633380761e-14, 3.74314695458e-18],
        "max": [0.000219933441258, 0.0398461446166, 0.036541543901, 0.0628820136189, 0.0846723169088, 0.0160288363695, 0.0123735200614, 0.0114571498707, 0.010337931104, 0.00506591051817, 0.00234194472432, 0.00264066085219, 0.00514143100008, 0.00383685203269, 0.00459538819268, 0.00431714067236, 0.00441584177315, 0.00316911470145, 0.00483127497137, 0.0118542369455, 0.00745293218642, 0.0153479464352, 0.0116788111627, 0.0144467558712, 0.00403599720448, 3.12339034281e-06, 1.19079563987e-08],
        "mean": [1.09094971776e-05, 0.000890211027581, 0.00103771698195, 0.00178944633808, 0.00266566453502, 0.00124592857901, 0.00122384820133, 0.0007344908081, 0.000799554749392, 0.000196363747818, 7.75640655775e-05, 0.000198635301786, 0.000284671463305, 0.000295118807117, 0.000410043168813, 0.000499322253745, 0.000557232531719, 0.000455223722383, 0.000490636506584, 0.000864149304107, 0.000355279858923, 0.00035553050111, 0.000342675164575, 0.000428571889643, 0.000152402863023, 8.40776621658e-08, 5.51466705634e-10],
        "median": [4.472992714e-06, 0.000216097134398, 0.000287064030999, 0.000644750194624, 0.0015404013684, 0.000790123362094, 0.000705677724909, 0.000350793707184, 0.000291684496915, 9.37337754294e-05, 3.21391453326e-05, 0.00010987206042, 0.000149448140291, 0.000201871647732, 0.000326318666339, 0.000352932343958, 0.000390514440369, 0.000330292299623, 0.000369153596694, 0.000348745903466, 0.000143971978105, 0.000113538488222, 0.000100155928521, 0.000140955831739, 4.36139525846e-05, 1.94234459627e-08, 1.8479874575e-10],
        "min": [7.57210405489e-10, 6.25324858561e-09, 5.84061368158e-08, 6.02893379664e-08, 3.08232621649e-08, 1.50481866967e-08, 2.98861602133e-09, 9.17196274486e-09, 6.8180905366e-10, 9.62858792697e-10, 3.91623844465e-10, 5.38399824723e-10, 5.91255600035e-10, 8.26818891131e-10, 1.25305044119e-09, 8.41269887086e-10, 6.97985336195e-10, 7.28187177224e-10, 6.13143535944e-10, 4.26235491346e-09, 1.83444115454e-09, 4.91076290743e-10, 4.44782155551e-10, 2.80037798506e-10, 6.56108457495e-12, 4.66286211032e-12, 6.73694390205e-12],
        "var": [3.71812247657e-10, 7.00790542396e-06, 8.28052179713e-06, 2.08530564123e-05, 2.28750468523e-05, 2.1837456643e-06, 2.4132384624e-06, 1.25987662614e-06, 1.4959902046e-06, 1.01164985722e-07, 2.00758520918e-08, 8.44631102837e-08, 1.58462441391e-07, 1.23468737456e-07, 1.91869773403e-07, 3.05830610614e-07, 3.53350486648e-07, 2.16770374095e-07, 2.73766602277e-07, 1.6856304228e-06, 4.87706870445e-07, 8.74342333645e-07, 6.97378254699e-07, 1.00597378605e-06, 1.27939458139e-07, 5.15826835727e-14, 9.25211131115e-19]
    },
    "erbbands": {
        "dmean": [0.0158983226866, 0.298031747341, 1.34131836891, 3.90220451355, 9.01588630676, 5.1038517952, 5.65864181519, 3.84314155579, 8.19470882416, 6.36848497391, 7.99998950958, 8.23638248444, 4.57929563522, 2.91767859459, 2.23408031464, 3.77815651894, 5.68596076965, 7.92034864426, 8.52234458923, 8.42008304596, 14.2128591537, 9.97819805145, 9.63450717926, 7.99007463455, 10.5451793671, 15.283575058, 8.00223445892, 4.88529443741, 5.26186800003, 4.89871072769, 3.86635494232, 4.25862312317, 2.69540667534, 1.29131877422, 0.12827655673, 0.0053782700561, 0.000229136712733, 2.67914201686e-05, 7.4929243965e-06, 8.39918357087e-06],
        "dmean2": [0.0279941111803, 0.540445625782, 2.45654702187, 6.9955701828, 16.2163944244, 8.64838027954, 9.01651096344, 6.49147033691, 12.9791040421, 9.95597362518, 12.3326931, 12.3515405655, 6.85653114319, 4.74272727966, 3.54487085342, 5.88374137878, 9.22360897064, 12.6983499527, 13.6963100433, 13.7390012741, 24.3157424927, 16.4084434509, 16.0460529327, 13.4931154251, 16.6373825073, 23.3748245239, 12.4473648071, 7.55697202682, 7.58873414993, 7.44409513474, 5.87540197372, 6.66896152496, 4.14603090286, 1.88060319424, 0.189123749733, 0.00786382425576, 0.000330087117618, 3.78650584025e-05, 1.12133320727e-05, 1.38942532431e-05],
        "dvar": [0.00196124985814, 0.820950388908, 14.68704319, 86.9758300781, 960.561889648, 104.001861572, 105.633644104, 61.9507408142, 161.388961792, 104.602607727, 227.617736816, 241.702026367, 112.999809265, 22.8096599579, 15.8925657272, 48.0202560425, 101.826881409, 162.203384399, 149.415725708, 145.25920105, 525.37310791, 189.599151611, 182.755065918, 142.895690918, 291.140380859, 970.868408203, 348.283660889, 182.96534729, 415.54699707, 259.101867676, 144.075210571, 236.158676147, 80.6330108643, 15.8869247437, 0.16332924366, 0.00028019133606, 5.19482227901e-07, 7.12387882018e-09, 3.54961976479e-10, 2.63758792585e-10],
        "dvar2": [0.00526083353907, 2.28695869446, 41.0906524658, 241.216384888, 2718.7734375, 281.82925415, 264.003448486, 166.873825073, 383.212188721, 254.267700195, 555.923278809, 558.661132812, 252.386016846, 60.6356925964, 35.2679290771, 110.650993347, 253.524551392, 398.541931152, 364.260742188, 381.614654541, 1563.8416748, 492.444000244, 504.78793335, 421.785461426, 711.286254883, 2047.625, 778.812988281, 398.724121094, 745.559448242, 565.106689453, 330.160705566, 547.902526855, 185.116592407, 32.5450210571, 0.348278403282, 0.000583621731494, 1.02879630504e-06, 1.39606610716e-08, 7.11892989003e-10, 6.9009403747e-10],
        "max": [0.380656480789, 11.7064027786, 43.1955566406, 93.4552993774, 389.08215332, 164.389358521, 145.32194519, 163.688079834, 171.502304077, 201.405593872, 312.385375977, 302.97555542, 221.095321655, 81.774597168, 119.967987061, 127.674758911, 148.014160156, 204.563949585, 174.026855469, 196.132278442, 255.051528931, 195.689437866, 180.5078125, 214.017929077, 306.304168701, 578.095397949, 471.214935303, 324.681945801, 668.805664062, 371.815856934, 293.626190186, 321.372192383, 235.926055908, 85.6020431519, 8.91008281708, 0.378773629665, 0.0176348108798, 0.00212226621807, 0.0004532453313, 0.000180871982593],
        "mean": [0.0149062732235, 0.245867952704, 1.08866798878, 3.7889714241, 8.08616924286, 8.09591388702, 13.0231399536, 7.33128881454, 16.7959957123, 14.1650438309, 17.5190048218, 17.9022598267, 11.467675209, 5.82186555862, 5.00142812729, 8.33522701263, 12.3445768356, 17.2726860046, 19.0314064026, 21.3411216736, 31.3478717804, 28.9138202667, 26.9232368469, 23.3741989136, 31.1259384155, 41.6635665894, 20.2819652557, 12.1114320755, 12.6469078064, 12.2680902481, 9.46427059174, 9.48556518555, 6.40166330338, 3.15657806396, 0.260137945414, 0.0113715035841, 0.00057350640418, 7.68379541114e-05, 2.62738303718e-05, 2.61689947365e-05],
        "median": [0.00384897389449, 0.060968324542, 0.265871226788, 1.57690703869, 2.64405298233, 4.97122097015, 6.7657327652, 5.04412317276, 10.0969552994, 8.27768230438, 9.51132488251, 8.26784515381, 3.90860295296, 3.23120880127, 3.06223297119, 4.6546254158, 6.8668756485, 11.6189374924, 15.008482933, 18.2485084534, 21.1558876038, 21.7912902832, 19.8502845764, 16.6755237579, 22.0695095062, 16.3875541687, 7.84869384766, 5.00611066818, 4.0285577774, 3.47323250771, 2.90873122215, 2.78603243828, 2.22511649132, 0.920620322227, 0.0621509514749, 0.00284870853648, 0.000171999141457, 2.67579980573e-05, 1.47588107211e-05, 2.05661763175e-05],
        "min": [5.9883113579e-08, 2.69805059361e-06, 4.76618079119e-05, 0.000165928315255, 0.000154214852955, 7.49427126721e-05, 0.000137451206683, 0.000120554766909, 9.65502331383e-05, 5.89361407037e-05, 0.000236524982029, 7.30212195776e-05, 3.05315661535e-05, 4.14012538386e-05, 2.47836815106e-05, 2.50774464803e-05, 2.72876295639e-05, 4.74689586554e-05, 5.02989387314e-05, 8.77500133356e-05, 2.80147014564e-05, 4.22306729888e-05, 4.39513933088e-05, 2.17417364183e-05, 7.74599975557e-05, 0.000234005347011, 0.00011581666331, 4.92518665851e-05, 2.40848039539e-05, 1.77509318746e-05, 1.3269334886e-05, 3.9283836486e-06, 4.91555420012e-06, 2.14924440911e-07, 3.7101642647e-08, 1.47661936012e-08, 8.60090132448e-09, 4.22489776497e-09, 1.14475562363e-09, 4.96627738933e-10],
        "var": [0.0016303564189, 0.551578998566, 9.51204109192, 61.8191108704, 610.7109375, 108.837226868, 293.022521973, 89.2565689087, 442.641204834, 374.818969727, 590.975280762, 712.283081055, 468.159606934, 58.8914833069, 43.4301834106, 148.011306763, 291.163330078, 450.315093994, 401.260559082, 454.818084717, 1234.72058105, 826.395202637, 732.778625488, 580.91619873, 1336.23022461, 4186.69677734, 1474.0012207, 635.452941895, 1199.38391113, 993.824523926, 466.577850342, 553.068481445, 203.166107178, 53.0879173279, 0.464618831873, 0.000846669485327, 1.80970448582e-06, 2.74022458058e-08, 1.588762788e-09, 6.32537300316e-10]
    },
    "gfcc": {
        "mean": [-33.8894538879, 94.7704696655, -140.77973938, 67.2540893555, -85.784576416, 9.92548084259, -54.8597373962, 0.945478081703, -14.3131093979, -14.134510994, -1.2143099308, -25.3304462433, 0.757201552391],
        "cov": [[11084.4560547, -2800.59570312, -2225.95532227, -153.946151733, -474.718566895, 372.062438965, -618.209411621, 523.705627441, -461.88961792, 277.369934082, -162.680435181, 77.5324783325, -143.10585022], [-2800.59570312, 1319.14343262, 496.106750488, -75.211517334, 254.878189087, -190.707321167, 266.050689697, -180.395492554, 185.332611084, -147.133499146, 110.271591187, -48.5270576477, 24.2549171448], [-2225.95532227, 496.106750488, 1117.72583008, 284.755432129, 38.254940033, 50.1453590393, 159.947677612, -104.753494263, 46.9283638, -38.4655990601, -6.02773571014, -17.2690296173, 9.7819519043], [-153.946151733, -75.211517334, 284.755432129, 287.827819824, 20.9748191833, 51.8508224487, 53.267616272, -7.16229104996, -0.828340113163, 0.908526718616, -16.9247550964, -8.80787467957, 1.57026815414], [-474.718566895, 254.878189087, 38.254940033, 20.9748191833, 180.267028809, 5.1248626709, 36.7091445923, -9.13593006134, 48.3441505432, -25.8975296021, 21.7706241608, -6.13673639297, 13.0640201569], [372.062438965, -190.707321167, 50.1453590393, 51.8508224487, 5.1248626709, 166.014877319, 40.2907333374, 69.4129714966, -41.6678466797, 28.7334709167, -14.9557514191, 2.70936274529, -9.85310077667], [-618.209411621, 266.050689697, 159.947677612, 53.267616272, 36.7091445923, 40.2907333374, 276.240966797, 27.4051036835, 7.10281801224, -45.1612892151, 48.230091095, -34.5513343811, -23.9961776733], [523.705627441, -180.395492554, -104.753494263, -7.16229104996, -9.13593006134, 69.4129714966, 27.4051036835, 148.365509033, -13.1147985458, 34.3149909973, 8.98407745361, 5.61227846146, -23.6628875732], [-461.88961792, 185.332611084, 46.9283638, -0.828340113163, 48.3441505432, -41.6678466797, 7.10281801224, -13.1147985458, 127.435829163, 7.66964483261, 22.7321033478, 5.11868143082, -0.387883633375], [277.369934082, -147.133499146, -38.4655990601, 0.908526718616, -25.8975296021, 28.7334709167, -45.1612892151, 34.3149909973, 7.66964483261, 78.3165206909, 3.71414589882, 9.28867530823, 1.79050445557], [-162.680435181, 110.271591187, -6.02773571014, -16.9247550964, 21.7706241608, -14.9557514191, 48.230091095, 8.98407745361, 22.7321033478, 3.71414589882, 68.4707183838, 14.0087251663, -8.88213729858], [77.5324783325, -48.5270576477, -17.2690296173, -8.80787467957, -6.13673639297, 2.70936274529, -34.5513343811, 5.61227846146, 5.11868143082, 9.28867530823, 14.0087251663, 56.9719009399, 18.6730537415], [-143.10585022, 24.2549171448, 9.7819519043, 1.57026815414, 13.0640201569, -9.85310077667, -23.9961776733, -23.6628875732, -0.387883633375, 1.79050445557, -8.88213729858, 18.6730537415, 65.2850646973]],
        "icov": [[0.000344015454175, -6.7386579758e-05, 0.000718949653674, -0.000584834488109, 0.000571111275349, -0.0006642350927, 0.000577233033255, -0.000409054424381, 0.000565525784623, -9.38314769883e-05, 9.5544513897e-05, -0.000171136096469, 0.000602718617301], [-6.7386579758e-05, 0.00770833482966, -0.00366059294902, 0.00591405108571, -0.00729392888024, 0.00577935529873, -0.00492844590917, 0.00340740848333, -0.00435623759404, 0.00424541952088, -0.00475421641022, 0.00384279107675, -0.00273821991868], [0.000718949653674, -0.00366059294902, 0.00459478097036, -0.00506989192218, 0.00471185380593, -0.00461022974923, 0.00267185992561, -0.00104068114888, 0.00241014780477, -0.00199615978636, 0.00261365994811, -0.00237073353492, 0.00243837153539], [-0.000584834488109, 0.00591405108571, -0.00506989192218, 0.0103763816878, -0.00705239875242, 0.00480299256742, -0.00520491693169, 0.00316472374834, -0.0038191282656, 0.00228851498105, -0.00204689358361, 0.0028259716928, -0.00277126417495], [0.000571111275349, -0.00729392888024, 0.00471185380593, -0.00705239875242, 0.015590691939, -0.00902085006237, 0.00646217586473, -0.00391195109114, 0.00116868130863, 0.000504477706272, 0.000535611063242, -0.000604178931098, 0.00014022058167], [-0.0006642350927, 0.00577935529873, -0.00461022974923, 0.00480299256742, -0.00902085006237, 0.0168377868831, -0.00742876483127, -0.000407131534303, 5.30121615157e-05, -0.00234987540171, 0.00187472999096, -0.000818842265289, -0.00100561452564], [0.000577233033255, -0.00492844590917, 0.00267185992561, -0.00520491693169, 0.00646217586473, -0.00742876483127, 0.0116525804624, -0.0048574320972, 0.00270263291895, 0.0032821088098, -0.00464474782348, 0.0035882499069, 0.00119709665887], [-0.000409054424381, 0.00340740848333, -0.00104068114888, 0.00316472374834, -0.00391195109114, -0.000407131534303, -0.0048574320972, 0.0132206063718, -0.00261056656018, -0.00207146443427, -0.00161695131101, -0.000582771725021, 0.00163306377362], [0.000565525784623, -0.00435623759404, 0.00241014780477, -0.0038191282656, 0.00116868130863, 5.30121615157e-05, 0.00270263291895, -0.00261056656018, 0.0146041894332, -0.00700446031988, 0.00274711358361, -0.00460124807432, 0.00437881378457], [-9.38314769883e-05, 0.00424541952088, -0.00199615978636, 0.00228851498105, 0.000504477706272, -0.00234987540171, 0.0032821088098, -0.00207146443427, -0.00700446031988, 0.0243895277381, -0.010540950112, 0.00695751933381, -0.00567359430715], [9.5544513897e-05, -0.00475421641022, 0.00261365994811, -0.00204689358361, 0.000535611063242, 0.00187472999096, -0.00464474782348, -0.00161695131101, 0.00274711358361, -0.010540950112, 0.0296934265643, -0.0148830143735, 0.00811796542257], [-0.000171136096469, 0.00384279107675, -0.00237073353492, 0.0028259716928, -0.000604178931098, -0.000818842265289, 0.0035882499069, -0.000582771725021, -0.00460124807432, 0.00695751933381, -0.0148830143735, 0.0295641906559, -0.0111096482724], [0.000602718617301, -0.00273821991868, 0.00243837153539, -0.00277126417495, 0.00014022058167, -0.00100561452564, 0.00119709665887, 0.00163306377362, 0.00437881378457, -0.00567359430715, 0.00811796542257, -0.0111096482724, 0.0226730108261]]
    },
    "melbands": {
        "dmean": [0.000219091874897, 0.000598069396801, 0.000868185714353, 0.000523827155121, 0.00017920191749, 8.9604734967e-05, 0.000128125480842, 6.71240268275e-05, 6.41998922219e-05, 5.07216027472e-05, 2.27852706303e-05, 1.26368267956e-05, 6.72967325954e-06, 1.18217349154e-05, 1.11051822387e-05, 1.42291873999e-05, 1.54061417561e-05, 1.31716296892e-05, 1.23877389342e-05, 1.21929215311e-05, 1.94866406673e-05, 1.18950065371e-05, 1.15458014989e-05, 1.08889698822e-05, 7.28475833967e-06, 7.09655159881e-06, 1.0350253433e-05, 1.12652187454e-05, 6.53175993648e-06, 3.68819473806e-06, 3.01857289742e-06, 3.17877197631e-06, 3.28815553985e-06, 2.92507888844e-06, 2.33153127738e-06, 2.5526248919e-06, 2.90949674309e-06, 2.06086269827e-06, 1.77544552571e-06, 1.01238504158e-06],
        "dmean2": [0.000389133521821, 0.00109219527803, 0.00155261519831, 0.000922043283936, 0.000288599694613, 0.000151136948261, 0.000200555703486, 0.000104511040263, 9.92689747363e-05, 7.53882777644e-05, 3.40710721503e-05, 2.05282958632e-05, 1.07149717223e-05, 1.84882283065e-05, 1.74325923581e-05, 2.22899670916e-05, 2.47506377491e-05, 2.10361868085e-05, 2.02293995244e-05, 1.99864716706e-05, 3.32950148731e-05, 1.94557105715e-05, 1.94446656678e-05, 1.81983323273e-05, 1.24953267004e-05, 1.13204378067e-05, 1.59413029905e-05, 1.73664539034e-05, 1.01707537397e-05, 5.90526678934e-06, 4.72454439659e-06, 4.72560304843e-06, 5.03239607497e-06, 4.4308840188e-06, 3.58922511623e-06, 3.98322299588e-06, 4.63574451715e-06, 3.20080130223e-06, 2.70493819698e-06, 1.50260541432e-06],
        "dvar": [4.13408628219e-07, 3.0987705486e-06, 5.98605811319e-06, 2.3189870717e-06, 9.43157800748e-08, 3.06923304549e-08, 3.98816268898e-08, 1.24080044017e-08, 1.32329196489e-08, 8.8255021069e-09, 2.82207390789e-09, 4.45726372478e-10, 1.74426389998e-10, 3.91670751387e-10, 4.57576754265e-10, 5.21847676183e-10, 5.90384852117e-10, 3.40135530852e-10, 3.95367544259e-10, 2.72556699432e-10, 9.70537206157e-10, 2.726503745e-10, 2.84992418553e-10, 2.60530930163e-10, 1.25171747967e-10, 1.36813782525e-10, 3.21758064636e-10, 6.5010657968e-10, 2.90827806282e-10, 8.0937430369e-11, 8.53462717165e-11, 1.61191573977e-10, 1.33909633382e-10, 8.74499639369e-11, 4.83674489349e-11, 9.6355354251e-11, 1.16212872658e-10, 5.09774965296e-11, 3.03654601463e-11, 9.14700520188e-12],
        "dvar2": [1.13370413146e-06, 8.66277150635e-06, 1.68360111275e-05, 6.50072979624e-06, 2.38153901932e-07, 8.2916393751e-08, 9.65193152069e-08, 2.99714884022e-08, 3.21493232036e-08, 2.01022007928e-08, 6.25400264909e-09, 1.1783223286e-09, 4.05374095402e-10, 8.72072025704e-10, 1.12134812547e-09, 1.17043041925e-09, 1.45055123468e-09, 8.24065649052e-10, 1.02133601576e-09, 7.38139716017e-10, 2.83918777377e-09, 6.97756186163e-10, 7.92791554627e-10, 7.13510528438e-10, 3.75384473505e-10, 3.69350688922e-10, 6.77331746246e-10, 1.42429301686e-09, 6.67659372233e-10, 1.93096150181e-10, 2.03340205784e-10, 3.14424930536e-10, 2.72929956413e-10, 2.06427014371e-10, 1.13859970063e-10, 2.41949738022e-10, 2.7758678689e-10, 1.1881748363e-10, 7.12010311821e-11, 1.86592963303e-11],
        "max": [0.00733945751563, 0.0209972523153, 0.0256550852209, 0.0225109960884, 0.00410105427727, 0.00337402382866, 0.00265353871509, 0.00235068821348, 0.00244105863385, 0.00173004751559, 0.00107653345913, 0.000343873543898, 0.000373370625312, 0.000367321132217, 0.000327553629177, 0.000609457143582, 0.000461769668618, 0.000259568856563, 0.000455461122328, 0.000185013996088, 0.000308848859277, 0.000205405958695, 0.00027946321643, 0.00021852235659, 0.000186925739399, 0.000274092744803, 0.00035566239967, 0.000505386444274, 0.000446114951046, 0.000160464973305, 0.000231796177104, 0.000418621581048, 0.000256389786955, 0.000235613362747, 0.00013376348943, 0.000311715208227, 0.000254205835517, 0.000173846696271, 0.000132670189487, 6.20980063104e-05],
        "mean": [0.00019398330187, 0.000489116937388, 0.000798206194304, 0.000601587467827, 0.000412415363826, 0.000175221284735, 0.000264713395154, 0.000151602042024, 0.000140038522659, 0.000112224814075, 5.47885647393e-05, 2.32757629419e-05, 1.37954002639e-05, 2.39360651904e-05, 2.1853029466e-05, 3.01778945868e-05, 3.11327567033e-05, 2.73948189715e-05, 2.89717117994e-05, 2.84552897938e-05, 3.920650488e-05, 2.97813585348e-05, 2.65201670118e-05, 2.4397550078e-05, 1.76895264303e-05, 1.8700495275e-05, 2.74405374512e-05, 2.80013355223e-05, 1.40578267747e-05, 7.93834260548e-06, 6.60454315948e-06, 6.81711344441e-06, 7.48006914364e-06, 6.58415046928e-06, 5.24929873791e-06, 5.54713597012e-06, 5.91268963035e-06, 4.51453524875e-06, 3.96444465878e-06, 2.24503787649e-06],
        "median": [4.95539643453e-05, 0.000121047291032, 0.000288237002678, 0.000291679258225, 0.000239110537223, 0.000122799101518, 0.000158404189278, 8.74307079357e-05, 7.60954862926e-05, 4.39994000772e-05, 1.60666386364e-05, 1.0825060599e-05, 7.27010319679e-06, 1.29409800138e-05, 9.4320066637e-06, 1.6865618818e-05, 1.98717007152e-05, 2.06804288609e-05, 2.35581646848e-05, 2.33076643781e-05, 2.41183970502e-05, 2.13032144529e-05, 1.93978776224e-05, 1.58125294547e-05, 1.21143493743e-05, 1.36844728331e-05, 1.48421231643e-05, 8.69730865816e-06, 4.71755174658e-06, 3.26998861055e-06, 2.54757333096e-06, 2.14953502109e-06, 2.15988143282e-06, 1.75892137122e-06, 1.62477931553e-06, 1.58858949817e-06, 1.72560373812e-06, 1.52748384608e-06, 1.29795341763e-06, 5.66587459616e-07],
        "min": [1.02407682334e-09, 1.78551662344e-08, 2.84010788221e-08, 8.24486523499e-09, 3.89310228499e-09, 2.93914559357e-09, 1.21235266271e-09, 8.64898597186e-10, 1.87841453503e-09, 1.13507800381e-10, 1.33370869904e-10, 1.54981860678e-10, 5.6244096186e-11, 6.2431351755e-11, 6.86939533034e-11, 5.59264544397e-11, 7.95488258598e-11, 7.24644094729e-11, 1.07675007799e-10, 9.15006889701e-11, 2.46244379054e-11, 4.48110888673e-11, 4.93481332187e-11, 2.44281712913e-11, 1.54074860509e-11, 2.7699615171e-11, 9.54818307752e-11, 1.64920452295e-10, 7.27666885081e-11, 5.40333229548e-11, 1.89335561118e-11, 1.22115859091e-11, 9.53734313747e-12, 8.74936408046e-12, 9.62438202051e-12, 1.65840464191e-12, 3.50633584667e-12, 5.46409705676e-12, 9.66512094425e-14, 7.35904257454e-14],
        "var": [3.05157925595e-07, 2.01785815079e-06, 3.98886186304e-06, 1.60922775194e-06, 2.38801646901e-07, 4.59516051876e-08, 1.10998371383e-07, 4.5381582936e-08, 3.62913965546e-08, 2.93158048947e-08, 1.18663061599e-08, 1.14455689371e-09, 4.79980111212e-10, 1.30674071563e-09, 1.17004472777e-09, 1.69878500156e-09, 1.52842116741e-09, 8.82333206498e-10, 9.84276549154e-10, 8.07416855597e-10, 2.1498249847e-09, 9.71118185866e-10, 7.87931664359e-10, 7.45457862106e-10, 3.68099134507e-10, 4.51645415511e-10, 1.58105728509e-09, 2.48033349415e-09, 9.46403400093e-10, 2.36947350629e-10, 2.30283611624e-10, 3.82445686231e-10, 3.95835475508e-10, 3.09277881083e-10, 1.46479384178e-10, 1.91900745294e-10, 2.36296732181e-10, 1.1073738454e-10, 7.75074310289e-11, 2.99753451227e-11]
    },
    "mfcc": {
        "mean": [-650.27557373, 86.5964508057, 10.5269804001, 30.3479480743, 7.16890954971, -7.03711748123, -10.9001340866, -7.37190341949, -7.43445253372, 2.77540659904, -3.82332158089, -1.07843697071, -5.20113277435],
        "cov": [[12278.1191406, -2694.29272461, -2154.91235352, -762.822937012, -228.050125122, -427.700805664, -129.99055481, -119.957977295, -179.660003662, 97.2311553955, -64.1674346924, -14.326253891, 47.6362609863], [-2694.29272461, 1230.9041748, 273.830932617, 136.389892578, 49.3825378418, 46.5967216492, 27.4927959442, 58.4792366028, 8.86169528961, -26.1955451965, 45.7293205261, 13.7928009033, 8.80998706818], [-2154.91235352, 273.830932617, 961.739074707, 276.622558594, 33.5761299133, 196.372283936, 90.4488372803, 44.725315094, 55.7810249329, -22.7572479248, 4.9706788063, 2.91492557526, -5.48717927933], [-762.822937012, 136.389892578, 276.622558594, 274.041595459, 27.8509693146, 83.7913742065, 31.9979972839, 34.9057388306, 18.668302536, 0.569992303848, -4.23464155197, 1.42999684811, 0.225500017405], [-228.050125122, 49.3825378418, 33.5761299133, 27.8509693146, 182.938430786, 27.7137508392, -54.0567741394, -22.6554546356, 23.8543167114, -11.6397838593, -0.905414223671, -5.82927513123, -8.69884777069], [-427.700805664, 46.5967216492, 196.372283936, 83.7913742065, 27.7137508392, 135.016937256, 47.0219154358, 17.2013149261, 25.5031051636, 0.817538142204, -7.53047180176, 2.80303478241, -13.8066177368], [-129.99055481, 27.4927959442, 90.4488372803, 31.9979972839, -54.0567741394, 47.0219154358, 208.220108032, 92.6401672363, 14.899723053, 35.7749176025, 9.44410133362, 21.9725513458, 11.1708574295], [-119.957977295, 58.4792366028, 44.725315094, 34.9057388306, -22.6554546356, 17.2013149261, 92.6401672363, 121.927940369, 19.1084251404, 19.6203594208, 31.7018852234, 19.854341507, 20.766292572], [-179.660003662, 8.86169528961, 55.7810249329, 18.668302536, 23.8543167114, 25.5031051636, 14.899723053, 19.1084251404, 70.4766769409, 18.0128078461, 3.52392172813, 2.92990279198, -6.27649068832], [97.2311553955, -26.1955451965, -22.7572479248, 0.569992303848, -11.6397838593, 0.817538142204, 35.7749176025, 19.6203594208, 18.0128078461, 81.8966293335, 26.3950023651, 10.9010219574, 2.51132702827], [-64.1674346924, 45.7293205261, 4.9706788063, -4.23464155197, -0.905414223671, -7.53047180176, 9.44410133362, 31.7018852234, 3.52392172813, 26.3950023651, 79.5618438721, 26.025352478, 14.6623268127], [-14.326253891, 13.7928009033, 2.91492557526, 1.42999684811, -5.82927513123, 2.80303478241, 21.9725513458, 19.854341507, 2.92990279198, 10.9010219574, 26.025352478, 59.6671295166, 23.6750621796], [47.6362609863, 8.80998706818, -5.48717927933, 0.225500017405, -8.69884777069, -13.8066177368, 11.1708574295, 20.766292572, -6.27649068832, 2.51132702827, 14.6623268127, 23.6750621796, 66.1337280273]],
