{
"lowlevel": {
    "average_loudness": 0.95242613554,
    "barkbands_crest": {
        "dmean": 2.22631335258,
        "dmean2": 3.69034957886,
        "dvar": 3.87637710571,
        "dvar2": 10.8074398041,
        "max": 22.9162864685,
        "mean": 10.2609834671,
        "median": 9.65088939667,
        "min": 3.96135258675,
        "var": 10.7283821106
    },
    "barkbands_flatness_db": {
        "dmean": 0.0201998353004,
        "dmean2": 0.0311940703541,
        "dvar": 0.000309472787194,
        "dvar2": 0.000678933924064,
        "max": 0.385888934135,
        "mean": 0.239057049155,
        "median": 0.238674357533,
        "min": 0.102742530406,
        "var": 0.00197320152074
    },
    "barkbands_kurtosis": {
        "dmean": 3.26158380508,
        "dmean2": 5.13248729706,
        "dvar": 18.7990016937,
        "dvar2": 49.0526123047,
        "max": 82.9969406128,
        "mean": 8.17603492737,
        "median": 6.55200767517,
        "min": -1.85565197468,
        "var": 52.9160690308
    },
    "barkbands_skewness": {
        "dmean": 0.4337195158,
        "dmean2": 0.675808429718,
        "dvar": 0.185704633594,
        "dvar2": 0.443206518888,
        "max": 6.84776926041,
        "mean": 1.86318385601,
        "median": 1.79990005493,
        "min": -0.465739130974,
        "var": 0.793402850628
    },
    "barkbands_spread": {
        "dmean": 2.57873225212,
        "dmean2": 3.82022595406,
        "dvar": 30.4421958923,
        "dvar2": 49.5451965332,
        "max": 81.2893371582,
        "mean": 9.19073581696,
        "median": 6.40772819519,
        "min": 0.894674658775,
        "var": 110.710327148
    },
    "dissonance": {
        "dmean": 0.0285234432667,
        "dmean2": 0.0477980710566,
        "dvar": 0.000630239141174,
        "dvar2": 0.00167230435181,
        "max": 0.499101936817,
        "mean": 0.428500682116,
        "median": 0.434491753578,
        "min": 0.258988529444,
        "var": 0.00161304371431
    },
    "dynamic_complexity": 1.85143554211,
    "erbbands_crest": {
        "dmean": 2.66219687462,
        "dmean2": 4.15549182892,
        "dvar": 5.9445233345,
        "dvar2": 14.4227676392,
        "max": 29.0143985748,
        "mean": 12.0015354156,
        "median": 10.9445352554,
        "min": 2.71304178238,
        "var": 24.4883956909
    },
    "erbbands_flatness_db": {
        "dmean": 0.0159606039524,
        "dmean2": 0.0230101309717,
        "dvar": 0.000226724878303,
        "dvar2": 0.000404540682212,
        "max": 0.36530816555,
        "mean": 0.229501470923,
        "median": 0.229060709476,
        "min": 0.111392788589,
        "var": 0.00177967885975
    },
    "erbbands_kurtosis": {
        "dmean": 1.67118000984,
        "dmean2": 2.63962697983,
        "dvar": 4.51920127869,
        "dvar2": 10.8711538315,
        "max": 30.6846199036,
        "mean": 2.89801239967,
        "median": 2.16731834412,
        "min": -1.87672400475,
        "var": 12.6558914185
    },
    "erbbands_skewness": {
        "dmean": 0.388339042664,
        "dmean2": 0.593701779842,
        "dvar": 0.152323320508,
        "dvar2": 0.326447784901,
        "max": 4.62463331223,
        "mean": 1.26642346382,
        "median": 1.26104152203,
        "min": -2.23908114433,
        "var": 0.637470662594
    },
    "erbbands_spread": {
        "dmean": 5.64753723145,
        "dmean2": 8.34226036072,
        "dvar": 70.2740249634,
        "dvar2": 127.650596619,
        "max": 117.229736328,
        "mean": 25.1537857056,
        "median": 20.2796077728,
        "min": 3.17438030243,
        "var": 318.144073486
    },
    "hfc": {
        "dmean": 3.39019989967,
        "dmean2": 5.00938177109,
        "dvar": 39.4178237915,
        "dvar2": 63.2252960205,
        "max": 133.416717529,
        "mean": 15.0868301392,
        "median": 10.7883653641,
        "min": 0.000107585925434,
        "var": 193.596343994
    },
    "melbands_crest": {
        "dmean": 2.65195798874,
        "dmean2": 4.32726716995,
        "dvar": 5.10704088211,
        "dvar2": 13.9403419495,
        "max": 28.5591697693,
        "mean": 12.9297132492,
        "median": 12.2369480133,
        "min": 4.234852314,
        "var": 16.3115882874
    },
    "melbands_flatness_db": {
        "dmean": 0.0212886650115,
        "dmean2": 0.0308726448566,
        "dvar": 0.000442468211986,
        "dvar2": 0.000799626752269,
        "max": 0.469332903624,
        "mean": 0.290432363749,
        "median": 0.293536633253,
        "min": 0.0879364088178,
        "var": 0.00355013157241
    },
    "melbands_kurtosis": {
        "dmean": 4.8718791008,
        "dmean2": 7.66649150848,
        "dvar": 43.8875579834,
        "dvar2": 106.909263611,
        "max": 94.4260406494,
        "mean": 12.9178342819,
        "median": 10.0311574936,
        "min": -0.512269496918,
        "var": 125.935066223
    },
    "melbands_skewness": {
        "dmean": 0.504773676395,
        "dmean2": 0.778090715408,
        "dvar": 0.254207283258,
        "dvar2": 0.593227088451,
        "max": 8.22771263123,
        "mean": 2.23649191856,
        "median": 2.07723093033,
        "min": -0.111075431108,
        "var": 1.26296067238
    },
    "melbands_spread": {
        "dmean": 2.57494091988,
        "dmean2": 3.83524823189,
        "dvar": 25.0522327423,
        "dvar2": 43.6056976318,
        "max": 113.306945801,
        "mean": 9.54507923126,
        "median": 7.31733417511,
        "min": 1.29908061028,
        "var": 84.7557067871
    },
    "pitch_salience": {
        "dmean": 0.0597684346139,
        "dmean2": 0.0985562950373,
        "dvar": 0.00246788701043,
        "dvar2": 0.00709331734106,
        "max": 0.813412129879,
        "mean": 0.594515562057,
        "median": 0.598838865757,
        "min": 0.276047766209,
        "var": 0.00749589502811
    },
    "silence_rate_20dB": {
        "dmean": 0,
        "dmean2": 0,
        "dvar": 0,
        "dvar2": 0,
        "max": 1,
        "mean": 1,
        "median": 1,
        "min": 1,
        "var": 0
    },
    "silence_rate_30dB": {
        "dmean": 0,
        "dmean2": 0,
        "dvar": 0,
        "dvar2": 0,
        "max": 1,
        "mean": 1,
        "median": 1,
        "min": 1,
        "var": 0
    },
    "silence_rate_60dB": {
        "dmean": 0.00154918665066,
        "dmean2": 0.00309957377613,
        "dvar": 0.00154677091632,
        "dvar2": 0.00386484852061,
        "max": 1,
        "mean": 0.013550135307,
        "median": 0,
        "min": 0,
        "var": 0.0133660361171
    },
    "spectral_centroid": {
        "dmean": 100.526901245,
        "dmean2": 152.842346191,
        "dvar": 41477.375,
        "dvar2": 68717.8359375,
        "max": 3669.51782227,
        "mean": 587.584777832,
        "median": 480.338317871,
        "min": 230.8256073,
        "var": 156614.28125
    },
    "spectral_complexity": {
        "dmean": 1.89852821827,
        "dmean2": 3.05075550079,
        "dvar": 3.57141876221,
        "dvar2": 7.65142059326,
        "max": 41,
        "mean": 12.806427002,
        "median": 12,
        "min": 0,
        "var": 17.9012355804
    },
    "spectral_decrease": {
        "dmean": 1.7717944889e-09,
        "dmean2": 2.89152879418e-09,
        "dvar": 2.70603431321e-18,
        "dvar2": 7.05258326166e-18,
        "max": -6.46413735798e-14,
        "mean": -8.43218916913e-09,
        "median": -7.93875809535e-09,
        "min": -2.13274908845e-08,
        "var": 1.20582361328e-17
    },
    "spectral_energy": {
        "dmean": 0.00689045479521,
        "dmean2": 0.0112443407997,
        "dvar": 4.09813947044e-05,
        "dvar2": 0.000106414037873,
        "max": 0.0849222242832,
        "mean": 0.0331934802234,
        "median": 0.0311036463827,
        "min": 2.53729268707e-07,
        "var": 0.000189799029613
    },
    "spectral_energyband_high": {
        "dmean": 0.000197278932319,
        "dmean2": 0.000253941951087,
        "dvar": 8.47719263675e-07,
        "dvar2": 1.22837366234e-06,
        "max": 0.0184618216008,
        "mean": 0.000413465953898,
        "median": 4.66274250357e-05,
        "min": 1.31845379059e-09,
        "var": 2.76625564766e-06
    },
    "spectral_energyband_low": {
        "dmean": 0.00243534729816,
        "dmean2": 0.0039141708985,
        "dvar": 1.15090924737e-05,
        "dvar2": 3.05008470605e-05,
        "max": 0.053154759109,
        "mean": 0.00796890072525,
        "median": 0.00643432326615,
        "min": 9.54219991911e-09,
        "var": 3.53524847014e-05
    },
    "spectral_energyband_middle_high": {
        "dmean": 0.000588552851696,
        "dmean2": 0.00087212206563,
        "dvar": 1.2165158978e-06,
        "dvar2": 2.50345851782e-06,
        "max": 0.0271222200245,
        "mean": 0.00220886501484,
        "median": 0.0010223921854,
        "min": 1.01222763504e-08,
        "var": 1.04806977106e-05
    },
    "spectral_energyband_middle_low": {
        "dmean": 0.0062411618419,
        "dmean2": 0.0101264165714,
        "dvar": 3.58473589586e-05,
        "dvar2": 9.3713599199e-05,
        "max": 0.0770867392421,
        "mean": 0.0240406598896,
        "median": 0.0217786207795,
        "min": 2.34857751025e-07,
        "var": 0.000162187163369
    },
    "spectral_entropy": {
        "dmean": 0.194479390979,
        "dmean2": 0.283054023981,
        "dvar": 0.0388853996992,
        "dvar2": 0.0680015310645,
        "max": 8.29949569702,
        "mean": 6.64183807373,
        "median": 6.59327602386,
        "min": 5.24109315872,
        "var": 0.267375856638
    },
    "spectral_flux": {
        "dmean": 0.0173726342618,
        "dmean2": 0.0284431595355,
        "dvar": 0.000256005121628,
        "dvar2": 0.000651175621897,
        "max": 0.191499099135,
        "mean": 0.0715328752995,
        "median": 0.068620711565,
        "min": 0.000503715476952,
        "var": 0.000761661562137
    },
    "spectral_kurtosis": {
        "dmean": 5.24856472015,
        "dmean2": 8.68064212799,
        "dvar": 38.5379486084,
        "dvar2": 104.225273132,
        "max": 93.9048843384,
        "mean": 11.9576711655,
        "median": 8.70620155334,
        "min": -1.22119832039,
        "var": 120.716110229
    },
    "spectral_rms": {
        "dmean": 0.000589381670579,
        "dmean2": 0.000965404964518,
        "dvar": 2.6531793651e-07,
        "dvar2": 7.02878992342e-07,
        "max": 0.00910224951804,
        "mean": 0.00555403251201,
        "median": 0.00550863146782,
        "min": 1.57334270625e-05,
        "var": 1.53660505475e-06
    },
    "spectral_rolloff": {
        "dmean": 174.215911865,
        "dmean2": 291.822296143,
        "dvar": 351848.4375,
        "dvar2": 636481.75,
        "max": 7385.88867188,
        "mean": 697.727844238,
        "median": 495.263671875,
        "min": 150.732421875,
        "var": 865164.625
    },
    "spectral_skewness": {
        "dmean": 0.457466214895,
        "dmean2": 0.719663202763,
        "dvar": 0.191914781928,
        "dvar2": 0.473943024874,
        "max": 7.33585643768,
        "mean": 2.49705648422,
        "median": 2.35473775864,
        "min": -0.207457527518,
        "var": 1.03763282299
    },
    "spectral_spread": {
        "dmean": 419084.75,
        "dmean2": 603328.5,
        "dvar": 377319784448,
        "dvar2": 490183163904,
        "max": 24819806,
        "mean": 3106886,
        "median": 2916422.5,
        "min": 795175.5625,
        "var": 1.67864198758e+12
    },
    "spectral_strongpeak": {
        "dmean": 0.449457347393,
        "dmean2": 0.751954078674,
        "dvar": 0.287790566683,
        "dvar2": 0.725655674934,
        "max": 6.70078420639,
        "mean": 1.10177445412,
        "median": 0.744463026524,
        "min": 0.00153330259491,
        "var": 0.973701417446
    },
    "zerocrossingrate": {
        "dmean": 0.00512449489906,
        "dmean2": 0.00600315397605,
        "dvar": 8.13756487332e-05,
        "dvar2": 7.12361143087e-05,
        "max": 0.1982421875,
        "mean": 0.0293675754219,
        "median": 0.0234375,
        "min": 0.00732421875,
        "var": 0.000536985113285
    },
    "barkbands": {
        "dmean": [2.59763601207e-05, 0.00104781636037, 0.00128584029153, 0.00133484206162, 0.00400399789214, 0.0021328208968, 0.00180363527033, 0.000984685495496, 0.00060291326372, 0.000180422444828, 0.000215735664824, 0.000102310543298, 0.000156410475029, 9.13857438718e-05, 7.56433000788e-05, 4.88939367642e-05, 7.21599717508e-05, 4.25124489993e-05, 5.4200336308e-05, 2.56239545706e-05, 4.60549490526e-05, 7.07781073288e-05, 6.04698107054e-05, 3.63381914212e-05, 7.76450815465e-06, 7.73834152312e-09, 1.45539802432e-09],
        "dmean2": [4.07896441175e-05, 0.00165991869289, 0.00210593780503, 0.00214732065797, 0.00691400514916, 0.00331819988787, 0.00249523087405, 0.00147867528722, 0.000879983592313, 0.000282995664747, 0.000326641398715, 0.000148260543938, 0.00024508300703, 0.000140869058669, 0.000123341858853, 7.53835338401e-05, 0.000113202673674, 6.72214155202e-05, 8.2661259512e-05, 3.74916635337e-05, 6.87086358084e-05, 9.99238764052e-05, 8.27707990538e-05, 4.78650035802e-05, 1.12073375931e-05, 1.29392816461e-08, 2.72013056524e-09],
        "dvar": [4.89467311127e-09, 2.76086962003e-06, 3.92748370359e-06, 3.65419282389e-06, 1.75188433786e-05, 6.46623993816e-06, 1.16730334412e-05, 2.56592943515e-06, 1.4531974557e-06, 1.8459284945e-07, 4.08834608834e-07, 1.59004102329e-07, 1.2425722673e-07, 6.12950259438e-08, 5.92752478212e-08, 2.38836808109e-08, 7.41413899163e-08, 4.19892174364e-08, 4.50331292257e-08, 1.3175682767e-08, 6.03999197324e-08, 1.22087527643e-07, 7.83808005167e-08, 2.63761830155e-08, 1.23151244757e-09, 1.16151997519e-15, 3.24519539276e-18],
        "dvar2": [1.15181464366e-08, 7.25355084796e-06, 1.13831483759e-05, 9.85717906588e-06, 5.31986224814e-05, 1.58463371918e-05, 2.33440296142e-05, 5.9629091993e-06, 2.77320123132e-06, 4.07811995728e-07, 8.10920880667e-07, 2.52576342064e-07, 3.04757236336e-07, 1.50426984646e-07, 1.66884788655e-07, 6.02064460509e-08, 1.85029577437e-07, 1.10771729567e-07, 1.06206215378e-07, 2.53024907693e-08, 1.23542406527e-07, 2.18570463062e-07, 1.37018631108e-07, 4.68140761711e-08, 2.6995556901e-09, 3.24384650272e-15, 1.04612473278e-17],
        "max": [0.00102821202017, 0.0208694860339, 0.02602635324, 0.0312903523445, 0.043615128845, 0.0369806215167, 0.0581474006176, 0.023888071999, 0.0224235467613, 0.0103769050911, 0.0258165858686, 0.0131820878014, 0.0103265102953, 0.00514573883265, 0.00619395216927, 0.00409294106066, 0.00697667663917, 0.00651314388961, 0.00668205600232, 0.00277447979897, 0.00587796093896, 0.00855799298733, 0.00590386847034, 0.00404495466501, 0.000867001595907, 6.50089361898e-07, 1.63344093806e-08],
        "mean": [7.35087887733e-05, 0.00374145898968, 0.00278978399001, 0.00258232327178, 0.0077967485413, 0.00464727729559, 0.00526018440723, 0.00203810073435, 0.00154461094644, 0.000356831209501, 0.000588182767387, 0.000265920883976, 0.000325923378114, 0.000166054145666, 0.000148850274854, 0.000104623286461, 0.000137421317049, 8.2774895418e-05, 0.000109005079139, 4.18990457547e-05, 7.89095720393e-05, 0.000129761261633, 0.00011047051521, 6.05901004747e-05, 1.22500405269e-05, 9.66420099502e-09, 1.13313336492e-09],
        "median": [2.64723894361e-05, 0.0031225765124, 0.0017717347946, 0.00151415041182, 0.00642805080861, 0.00313788233325, 0.00111770944204, 0.000782487448305, 0.000496534397826, 0.00014708811068, 8.56693732203e-05, 4.5914635848e-05, 0.000140897202073, 3.61711754522e-05, 4.30305408372e-05, 3.40113401762e-05, 3.97981093556e-05, 2.40809058596e-05, 3.50441587216e-05, 1.05442695713e-05, 1.06716961454e-05, 1.00739061963e-05, 7.96128279035e-06, 5.95884739596e-06, 1.35808261348e-06, 1.76840719845e-09, 5.00578578588e-10],
        "min": [5.94282609234e-12, 2.04293293393e-09, 5.77231240584e-09, 3.28795346505e-09, 1.52744270565e-08, 1.9907444937e-07, 9.06856545413e-09, 2.77855982667e-09, 4.48482850857e-09, 1.10141151755e-09, 1.09319842068e-09, 2.92271429281e-10, 3.4517517733e-09, 4.89105478341e-10, 3.63838091599e-11, 9.82760317569e-10, 8.20232104459e-10, 5.4031346064e-10, 1.55471879815e-09, 4.74553063512e-10, 3.40740380356e-10, 2.872554139e-10, 3.3403166344e-10, 1.01931810215e-10, 2.71609471025e-11, 3.25383470168e-12, 5.09940136992e-12],
        "var": [1.03506767601e-08, 1.06161978692e-05, 8.27555504657e-06, 9.20158527151e-06, 3.07236696244e-05, 2.10557318496e-05, 8.19349152152e-05, 7.55098835725e-06, 6.17113073531e-06, 5.56755594516e-07, 4.12819690609e-06, 1.27687280838e-06, 4.80485027765e-07, 1.23611044955e-07, 1.27012313555e-07, 6.66103616709e-08, 1.11497001853e-07, 7.4096377034e-08, 1.13315017813e-07, 2.65462318794e-08, 1.28951668898e-07, 3.28635138658e-07, 2.4042054747e-07, 6.31781276184e-08, 2.40262587603e-09, 1.50696161042e-15, 2.82216985082e-18]
    },
    "erbbands": {
        "dmean": [0.0171704851091, 0.289553433657, 1.35636091232, 2.83887052536, 7.15458679199, 16.6486415863, 18.1031322479, 18.2020530701, 13.5361709595, 39.3142662048, 15.2262449265, 15.3916311264, 6.93578052521, 5.43314599991, 7.91840839386, 4.51575374603, 7.06139802933, 4.9967546463, 4.14539718628, 2.40452957153, 2.81338453293, 3.99874091148, 2.25288653374, 2.15234422684, 2.36093735695, 1.28175318241, 1.61842238903, 1.97533607483, 2.46785926819, 2.30277323723, 1.64855623245, 1.03524398804, 0.470773696899, 0.163851678371, 0.0117336912081, 0.000523968250491, 3.15626930387e-05, 5.31440900886e-06, 4.12635836256e-06, 7.9259125414e-06],
        "dmean2": [0.0275484099984, 0.459061741829, 2.21296834946, 4.59103488922, 12.0871152878, 28.4284038544, 28.9229698181, 29.8696746826, 18.3022136688, 57.6650505066, 22.1314315796, 22.1745491028, 10.6829481125, 8.29825115204, 11.6276435852, 6.41858530045, 10.861158371, 7.70780849457, 6.6576256752, 3.86012578011, 4.30812931061, 6.31744337082, 3.42922449112, 3.12159347534, 3.77342700958, 1.92761600018, 2.27638697624, 2.9585955143, 3.43272352219, 3.25548624992, 2.25934290886, 1.43252646923, 0.64966160059, 0.231977581978, 0.0169907268137, 0.000750762876123, 4.42196906079e-05, 7.41739495425e-06, 6.34846401226e-06, 1.27822067952e-05],
        "dvar": [0.00126713141799, 0.193565994501, 4.43390417099, 15.5899391174, 74.3536224365, 348.384399414, 487.434783936, 486.949615479, 782.768981934, 7178.18994141, 738.960571289, 1049.1151123, 219.634689331, 183.218078613, 513.855651855, 215.697952271, 231.819732666, 176.052352905, 120.691459656, 124.384185791, 76.975440979, 269.432891846, 98.2581176758, 101.864120483, 79.9758987427, 34.7971458435, 76.6584854126, 105.840324402, 153.951461792, 125.666069031, 63.4470367432, 22.972990036, 5.28800582886, 0.541825592518, 0.00249666627496, 4.90536922371e-06, 1.56407811147e-08, 3.92119142711e-10, 3.72416819605e-11, 5.52666523657e-11],
        "dvar2": [0.00337763130665, 0.509960889816, 12.6158905029, 42.3256111145, 208.070632935, 1056.99291992, 1287.1751709, 1303.08300781, 1490.8885498, 15287.5966797, 1615.45629883, 1918.70629883, 461.569152832, 406.363372803, 907.979187012, 388.526733398, 535.204406738, 445.592346191, 332.372741699, 342.020172119, 203.325576782, 673.119262695, 239.632919312, 176.733688354, 196.911727905, 68.1420059204, 143.999084473, 212.569091797, 273.496185303, 221.343475342, 115.637008667, 37.9919586182, 10.8792552948, 1.13787341118, 0.00505333160982, 9.8143455034e-06, 2.92643687061e-08, 6.77420064488e-10, 6.78419403988e-11, 1.38085751167e-10],
        "max": [0.397566020489, 5.74384737015, 28.1240940094, 68.6971664429, 104.324531555, 195.652770996, 352.561157227, 301.772125244, 887.005615234, 1387.97644043, 413.810302734, 604.656433105, 419.216583252, 339.490142822, 863.319152832, 552.375610352, 407.582977295, 286.650787354, 197.252105713, 386.562042236, 252.682983398, 468.043823242, 305.22076416, 426.875854492, 187.817138672, 141.079910278, 254.113311768, 215.498474121, 278.909606934, 232.801055908, 196.070480347, 96.3661499023, 59.050151825, 17.2763080597, 0.897129058838, 0.0410702452064, 0.00242434209213, 0.000405614962801, 0.00014793749142, 0.000118640695291],
        "mean": [0.0725009962916, 0.963713109493, 3.31399607658, 6.32788276672, 13.1776456833, 30.1456069946, 39.5326156616, 36.3694381714, 45.4115447998, 99.3699493408, 38.3794517517, 40.8889160156, 16.0274143219, 13.212228775, 21.4229621887, 12.6622610092, 16.2384185791, 10.0549192429, 9.31335067749, 4.86313295364, 6.32894468307, 7.93677091599, 4.97421360016, 5.23613166809, 4.48052024841, 2.24241328239, 2.69140815735, 3.4176504612, 4.40471506119, 4.46066045761, 2.90984106064, 1.77386260033, 0.75932264328, 0.26498362422, 0.0187515113503, 0.000871256517712, 6.45104883006e-05, 1.12184307e-05, 1.82931817108e-05, 3.81936406484e-05],
        "median": [0.0593843236566, 0.777539074421, 2.08183264732, 4.23570585251, 9.89117908478, 22.9438514709, 28.5621089935, 25.0896492004, 14.9605169296, 23.9827404022, 20.143497467, 14.9969577789, 6.92441987991, 3.69427204132, 3.63786149025, 3.50704860687, 6.70731925964, 3.03252243996, 2.42569589615, 2.17269015312, 2.45094370842, 2.18664050102, 1.68828964233, 1.90949594975, 1.36879611015, 0.602301061153, 0.419773072004, 0.370311677456, 0.354519426823, 0.301445543766, 0.212801381946, 0.146579757333, 0.0884314030409, 0.0290029495955, 0.00207416666672, 0.000116491391964, 1.88964258996e-05, 3.48305616171e-06, 1.55223224283e-05, 3.519960228e-05],
        "min": [1.91106721559e-08, 6.75951412177e-07, 5.54772304895e-06, 9.9466269603e-06, 2.34388480749e-05, 6.10695642536e-05, 0.00087263865862, 0.00167614943348, 0.000245687522693, 0.00015106027422, 6.17746118223e-05, 0.000110486020276, 6.252311141e-05, 1.28999936351e-05, 5.31625046278e-05, 3.7950125261e-05, 0.00016180628154, 2.62894991465e-05, 1.14136237244e-05, 2.58807758655e-05, 4.73255749966e-05, 3.07115296891e-05, 3.87300387956e-05, 0.000113305810373, 1.65197943716e-05, 2.44981893047e-05, 1.64760840562e-05, 1.2861117284e-05, 1.11907002065e-05, 8.72908185556e-06, 9.1811771199e-06, 3.20849608215e-06, 1.51390543124e-06, 5.43230612493e-07, 6.88864147946e-08, 1.45022660547e-08, 5.56825741072e-09, 2.38103936567e-09, 8.41654912431e-10, 3.67910896193e-10],
        "var": [0.00405257707462, 0.764171421528, 11.3003120422, 38.5708847046, 125.827026367, 588.724121094, 1308.60864258, 1321.90356445, 8462.42285156, 34372.5664062, 2734.24389648, 4575.84667969, 665.565551758, 1069.98620605, 4476.56738281, 1764.42260742, 1067.30786133, 371.854156494, 461.542785645, 127.333213806, 168.026367188, 394.806884766, 182.903289795, 464.852020264, 145.831039429, 71.0004196167, 161.783691406, 239.459854126, 395.195861816, 367.970855713, 176.337677002, 58.692150116, 10.6368551254, 1.11631059647, 0.0053337784484, 1.07930500235e-05, 3.93500734219e-08, 1.11422338023e-09, 1.50231979634e-10, 2.75949846307e-10]
    },
    "gfcc": {
        "mean": [-50.2745704651, 170.909469604, -118.016372681, 42.8731498718, -75.8125762939, 3.65667653084, -38.5128593445, -9.93424129486, -2.72339439392, -21.1093616486, 9.03920173645, -20.903842926, 1.97217226028],
        "cov": [[2474.27880859, -902.771118164, -361.54486084, 353.791137695, -383.521087646, 225.495223999, -102.192344666, 155.601074219, 30.1625518799, 60.6308021545, -11.2947349548, 36.2182426453, -123.449012756], [-902.771118164, 962.81060791, 49.2355728149, -421.11895752, 366.274993896, -195.304351807, 176.785797119, -57.4786148071, 79.2815170288, -85.290222168, 55.1012954712, -28.3138427734, 60.6121826172], [-361.54486084, 49.2355728149, 454.490234375, 142.23727417, 36.9907188416, 86.9504089355, 7.67184019089, -11.7076950073, -27.8442649841, 57.6442565918, -27.3986644745, -32.3172798157, 67.9624328613], [353.791137695, -421.11895752, 142.23727417, 412.66204834, -66.3621063232, 137.709594727, -67.7342376709, 34.5154190063, -6.40367507935, 69.8804702759, -42.5364265442, -18.5723419189, 11.2987527847], [-383.521087646, 366.274993896, 36.9907188416, -66.3621063232, 293.193359375, -42.033203125, 17.2198886871, -5.11844682693, 39.4228630066, -3.34300041199, 1.49601244926, -42.113609314, 48.3328323364], [225.495223999, -195.304351807, 86.9504089355, 137.709594727, -42.033203125, 204.196792603, 1.82663571835, 22.4807491302, -31.3056583405, 42.8612327576, -6.15579605103, -10.4132928848, -0.931792736053], [-102.192344666, 176.785797119, 7.67184019089, -67.7342376709, 17.2198886871, 1.82663571835, 171.08581543, 15.7272224426, 7.4052271843, -26.8494567871, 29.0410690308, 21.4263401031, -11.6749916077], [155.601074219, -57.4786148071, -11.7076950073, 34.5154190063, -5.11844682693, 22.4807491302, 15.7272224426, 95.9992141724, 10.3397922516, 6.9072599411, -1.15888559818, -11.0536689758, 0.236770316958], [30.1625518799, 79.2815170288, -27.8442649841, -6.40367507935, 39.4228630066, -31.3056583405, 7.4052271843, 10.3397922516, 112.612350464, 25.0288219452, -6.726749897, -13.8907766342, -13.3322782516], [60.6308021545, -85.290222168, 57.6442565918, 69.8804702759, -3.34300041199, 42.8612327576, -26.8494567871, 6.9072599411, 25.0288219452, 99.3046264648, 4.57021903992, -24.5648345947, -1.13983845711], [-11.2947349548, 55.1012954712, -27.3986644745, -42.5364265442, 1.49601244926, -6.15579605103, 29.0410690308, -1.15888559818, -6.726749897, 4.57021903992, 76.4901351929, 36.0633430481, -13.4231243134], [36.2182426453, -28.3138427734, -32.3172798157, -18.5723419189, -42.113609314, -10.4132928848, 21.4263401031, -11.0536689758, -13.8907766342, -24.5648345947, 36.0633430481, 90.277381897, 7.18243551254], [-123.449012756, 60.6121826172, 67.9624328613, 11.2987527847, 48.3328323364, -0.931792736053, -11.6749916077, 0.236770316958, -13.3322782516, -1.13983845711, -13.4231243134, 7.18243551254, 81.4139862061]],
        "icov": [[0.000908307323698, -0.000261645618593, 0.000973936461378, -0.000736749672797, 0.0009879010031, -0.000872373755556, 0.000502804061398, -0.00105805427302, -0.000328788475599, -0.000212375656702, 0.000169978782651, -0.000341484410455, 0.000341346749337], [-0.000261645618593, 0.0211836714298, -0.00700855860487, 0.0142109422013, -0.0159069206566, 0.00578473415226, -0.0129658160731, 0.00871433597058, -0.0115744778886, 0.0116418963298, -0.0131051857024, 0.0119412755594, -0.00961115397513], [0.000973936461378, -0.00700855860487, 0.00659035239369, -0.00616495218128, 0.00593003071845, -0.00317188329063, 0.00335080060177, -0.00259083113633, 0.00420816754922, -0.00544134015217, 0.0046330797486, -0.00294293137267, 0.000616463425104], [-0.000736749672797, 0.0142109422013, -0.00616495218128, 0.0140593312681, -0.010735495016, 0.00240870448761, -0.00746131176129, 0.00507970713079, -0.00780128547922, 0.00647615129128, -0.00680238706991, 0.00686516007408, -0.00609983876348], [0.0009879010031, -0.0159069206566, 0.00593003071845, -0.010735495016, 0.0178704187274, -0.00479616597295, 0.00955881178379, -0.0066386340186, 0.00602562120184, -0.00748213659972, 0.00716869020835, -0.00498927384615, 0.0031103878282], [-0.000872373755556, 0.00578473415226, -0.00317188329063, 0.00240870448761, -0.00479616597295, 0.00983692426234, -0.00513211172074, 0.00224015442654, -9.29883026402e-05, 0.000734658155125, -0.0033082133159, 0.00357739650644, -0.00196450669318], [0.000502804061398, -0.0129658160731, 0.00335080060177, -0.00746131176129, 0.00955881178379, -0.00513211172074, 0.0159062985331, -0.00761211244389, 0.00547794532031, -0.00452953251079, 0.00601420691237, -0.00885887257755, 0.00783012900501], [-0.00105805427302, 0.00871433597058, -0.00259083113633, 0.00507970713079, -0.0066386340186, 0.00224015442654, -0.00761211244389, 0.0166696868837, -0.00564939016476, 0.00532823475078, -0.00687411567196, 0.00812879577279, -0.00650865165517], [-0.000328788475599, -0.0115744778886, 0.00420816754922, -0.00780128547922, 0.00602562120184, -9.29883026402e-05, 0.00547794532031, -0.00564939016476, 0.0189901608974, -0.0117527060211, 0.0107958614826, -0.00804108008742, 0.00834670476615], [-0.000212375656702, 0.0116418963298, -0.00544134015217, 0.00647615129128, -0.00748213659972, 0.000734658155125, -0.00452953251079, 0.00532823475078, -0.0117527060211, 0.0231470353901, -0.0140018602833, 0.0120458286256, -0.0065323417075], [0.000169978782651, -0.0131051857024, 0.0046330797486, -0.00680238706991, 0.00716869020835, -0.0033082133159, 0.00601420691237, -0.00687411567196, 0.0107958614826, -0.0140018602833, 0.0301408544183, -0.0183571241796, 0.0118405371904], [-0.000341484410455, 0.0119412755594, -0.00294293137267, 0.00686516007408, -0.00498927384615, 0.00357739650644, -0.00885887257755, 0.00812879577279, -0.00804108008742, 0.0120458286256, -0.0183571241796, 0.0268883928657, -0.0127420881763], [0.000341346749337, -0.00961115397513, 0.000616463425104, -0.00609983876348, 0.0031103878282, -0.00196450669318, 0.00783012900501, -0.00650865165517, 0.00834670476615, -0.0065323417075, 0.0118405371904, -0.0127420881763, 0.0239123590291]]
    },
    "melbands": {
        "dmean": [0.0002182447206, 0.000580818683375, 0.000545904913452, 0.000793290731963, 0.000696906528901, 0.000396827090299, 0.000246920448262, 0.00038303391193, 0.000110991873953, 8.96628989722e-05, 3.36101693392e-05, 2.19460162043e-05, 3.13562486554e-05, 1.14666436275e-05, 1.8290913431e-05, 1.1983688637e-05, 9.3919243227e-06, 7.17581860954e-06, 3.59428872798e-06, 3.42303314937e-06, 3.25360610987e-06, 4.63564174424e-06, 3.10146174343e-06, 1.99914916266e-06, 1.86356783161e-06, 2.32626825891e-06, 9.56847429734e-07, 8.64442995407e-07, 9.81619109552e-07, 1.08713720692e-06, 1.22353958432e-06, 1.35518052957e-06, 1.52506879658e-06, 1.2888240235e-06, 9.97427491711e-07, 8.77119987308e-07, 5.70795464228e-07, 3.46233264281e-07, 2.52256853628e-07, 1.06118683618e-07],
        "dmean2": [0.000342832965543, 0.000944548635744, 0.000883220112883, 0.00135998881888, 0.00115138257388, 0.000639682286419, 0.000331960036419, 0.000566011935007, 0.000160196010256, 0.00013027251407, 5.19501518284e-05, 3.37530473189e-05, 4.67918798677e-05, 1.62718097272e-05, 2.69635365839e-05, 1.85574499483e-05, 1.45472731674e-05, 1.14554441097e-05, 5.74724208491e-06, 5.2619679991e-06, 5.08755329065e-06, 7.40504219721e-06, 4.60171395389e-06, 3.19187347486e-06, 2.69180395662e-06, 3.77144942831e-06, 1.4625318272e-06, 1.32335151193e-06, 1.39015469358e-06, 1.63193078606e-06, 1.81806831279e-06, 1.96511791728e-06, 2.11025849239e-06, 1.84668203929e-06, 1.37622953389e-06, 1.28956230583e-06, 7.98405778824e-07, 4.89180536078e-07, 3.57375654403e-07, 1.60290966278e-07],
        "dvar": [1.43038562328e-07, 7.8426245409e-07, 5.35335118457e-07, 7.7427080214e-07, 6.19736795215e-07, 2.26579288665e-07, 2.145727791e-07, 6.33650245163e-07, 4.51926851497e-08, 3.32390612812e-08, 5.38928812688e-09, 3.0628950487e-09, 9.42806899218e-09, 1.9722985467e-09, 2.68752908816e-09, 5.20022414019e-10, 6.71281363829e-10, 3.58468116302e-10, 2.41582032157e-10, 1.12394885066e-10, 1.22242438394e-10, 3.76478098696e-10, 1.1282991208e-10, 1.72033498558e-10, 7.87288498283e-11, 7.60846385894e-11, 1.40193247636e-11, 1.93660157355e-11, 3.13143538877e-11, 3.63786570312e-11, 4.02354469187e-11, 4.90939303099e-11, 5.66552325887e-11, 3.67189195716e-11, 2.48401368919e-11, 1.89911680132e-11, 6.70964108926e-12, 3.20269223468e-12, 1.37843230753e-12, 2.42915605166e-13],
        "dvar2": [3.74451133212e-07, 2.18197419599e-06, 1.41133955367e-06, 2.3370416784e-06, 1.753734864e-06, 5.86388011925e-07, 4.04958484523e-07, 1.36881146773e-06, 9.74947624854e-08, 6.14251902675e-08, 1.13484608377e-08, 6.90673873649e-09, 1.76341785618e-08, 3.14053383299e-09, 4.59780569173e-09, 1.22514898226e-09, 1.68515823518e-09, 9.61708490621e-10, 6.44330755417e-10, 2.56129534248e-10, 3.36644850885e-10, 9.80252545801e-10, 2.28721375173e-10, 4.79775441597e-10, 1.37693134672e-10, 1.98100660875e-10, 2.80406947661e-11, 3.95899667216e-11, 6.33882876744e-11, 7.46049819145e-11, 7.98090135645e-11, 9.02408842096e-11, 1.04043863802e-10, 6.85884335438e-11, 4.74428656083e-11, 3.73079796223e-11, 1.17277845421e-11, 6.63619376465e-12, 3.00565627075e-12, 5.24819499925e-13],
        "max": [0.00393983209506, 0.0127073768526, 0.0128780072555, 0.0108557064086, 0.0114494385198, 0.00681734504178, 0.0134221510962, 0.0125573435798, 0.0034255371429, 0.00324370805174, 0.00208001164719, 0.00138231541496, 0.00401413347572, 0.00169668113813, 0.00195237412117, 0.000495220941957, 0.000576182384975, 0.000308105401928, 0.000457676971564, 0.000293639925076, 0.000347430206602, 0.000552253390197, 0.000373462215066, 0.000431504449807, 0.000386746047297, 0.000191519473447, 7.41127660149e-05, 0.00011804040696, 0.000181661627721, 0.000174511602381, 0.000138690622407, 0.000146199745359, 0.000184768126928, 0.000117905496154, 0.000130232685478, 8.57037739479e-05, 5.41373010492e-05, 5.7634566474e-05, 2.35706284002e-05, 1.13543010229e-05],
        "mean": [0.000841139059048, 0.00161248340737, 0.00124235125259, 0.00155351345893, 0.00148256088141, 0.000810149125755, 0.000793579325546, 0.000952355680056, 0.000284686102532, 0.000231794590945, 7.10008680471e-05, 4.79584014101e-05, 8.71401643963e-05, 2.48017258855e-05, 4.82921641378e-05, 2.45060873567e-05, 1.76089670276e-05, 1.53170458361e-05, 6.74255124977e-06, 7.39901997804e-06, 6.75966475683e-06, 8.54753398016e-06, 6.38117262497e-06, 3.46671572515e-06, 4.22992388849e-06, 4.24989548264e-06, 1.77126787548e-06, 1.36362484682e-06, 1.51517588165e-06, 1.7743979015e-06, 2.065758963e-06, 2.33591231336e-06, 2.79987921203e-06, 2.32926095123e-06, 1.6894222199e-06, 1.43225815918e-06, 9.3516700872e-07, 5.43037231182e-07, 3.88861735701e-07, 1.64151416016e-07],
        "median": [0.000754736538511, 0.00108995870687, 0.00090312899556, 0.00126518937759, 0.00114409194794, 0.000548663898371, 0.000225802315981, 0.000262904184638, 0.000124822880025, 7.9364515841e-05, 2.806799057e-05, 1.30547668959e-05, 1.22268329505e-05, 6.7626474447e-06, 1.37498400363e-05, 1.17214613056e-05, 3.94219250666e-06, 3.5789305457e-06, 2.28396811508e-06, 2.81263282886e-06, 2.46378385782e-06, 1.99622877517e-06, 1.60469767252e-06, 1.12751956749e-06, 1.46013553604e-06, 1.2249269048e-06, 5.05099933434e-07, 2.95907767622e-07, 2.31410581364e-07, 2.26895394917e-07, 1.96543112452e-07, 2.01163103952e-07, 1.72512486074e-07, 1.51555440198e-07, 1.18844234009e-07, 9.6372289704e-08, 8.01235913173e-08, 6.33034389352e-08, 4.20591135253e-08, 1.67542726359e-08],
        "min": [3.52838341877e-10, 2.24983631725e-09, 1.97527660895e-09, 2.42227660152e-09, 2.46210944965e-08, 3.68520076677e-08, 3.07871439453e-09, 1.38363320801e-09, 5.38347644241e-10, 6.42814690366e-10, 2.83324474992e-10, 3.33251447271e-11, 1.69473518552e-10, 5.39461739169e-11, 3.50989792786e-10, 2.00782557247e-10, 4.38796637914e-11, 2.49578586964e-11, 2.68395462105e-12, 8.74882735702e-11, 4.96005216066e-11, 3.61748964117e-11, 2.49117011741e-11, 4.48353576488e-11, 1.06375901143e-10, 1.24378441574e-11, 9.73348051464e-12, 1.70323980614e-11, 9.62174090402e-12, 1.29304258273e-11, 5.16934802255e-12, 6.78223449624e-12, 4.66013642605e-12, 5.17996192814e-12, 5.28264845062e-12, 4.00115834562e-12, 1.35632282315e-12, 1.1690303673e-12, 7.18490154525e-13, 3.75134900357e-13],
        "var": [4.67034652729e-07, 2.25455823966e-06, 1.294361482e-06, 1.33933053803e-06, 1.44258785895e-06, 6.62414436192e-07, 2.2061042273e-06, 2.88152136818e-06, 1.69420502516e-07, 1.4489310729e-07, 1.59253890075e-08, 1.49585215325e-08, 9.38782562798e-08, 7.57655538308e-09, 2.69193609626e-08, 1.43091971605e-09, 1.38732270116e-09, 1.28269050936e-09, 2.846118341e-10, 3.89883264562e-10, 1.992727372e-10, 4.9557641324e-10, 2.7089666621e-10, 2.07066003233e-10, 3.63221702715e-10, 1.29148705619e-10, 2.74650267806e-11, 3.5941132015e-11, 5.67626709524e-11, 7.22032225675e-11, 9.13553122039e-11, 1.17089213325e-10, 1.51328422016e-10, 1.03891041603e-10, 6.34543598221e-11, 4.39475018876e-11, 1.56397273604e-11, 6.30647617461e-12, 2.56606086206e-12, 4.61728094994e-13]
    },
    "mfcc": {
        "mean": [-680.902160645, 171.403060913, 23.007106781, 25.4185237885, 1.39180159569, -0.848723471165, -12.1626882553, 0.628136217594, -11.5719995499, -0.670194923878, 1.11435520649, 0.899480998516, -3.87567830086],
        "cov": [[2863.71875, -1270.64306641, -67.6036300659, -33.9181365967, -169.716384888, 9.11498737335, -134.822540283, 123.090759277, -82.1717529297, 37.4887275696, 131.277893066, 32.1219940186, 32.2047271729], [-1270.64306641, 1435.85095215, -319.942871094, -105.373779297, 54.696231842, -105.102294922, 68.8362121582, 20.0563335419, 45.8640441895, -12.0130357742, -16.2158164978, -19.1336555481, -1.35988605022], [-67.6036300659, -319.942871094, 452.439056396, 85.4883728027, 10.7246866226, 115.111961365, 52.2681121826, -40.8037185669, 36.4772949219, 27.8833847046, -27.1754665375, 11.4357433319, 0.734573364258], [-33.9181365967, -105.373779297, 85.4883728027, 191.136795044, 67.1767807007, 27.4286499023, -1.80138921738, -19.0016803741, 41.5219268799, 33.5234451294, -14.3125209808, 2.37952637672, -2.13343644142], [-169.716384888, 54.696231842, 10.7246866226, 67.1767807007, 236.98324585, 41.6456871033, 5.51680898666, -63.0362014771, 54.2717018127, 48.9139823914, -19.3766994476, -7.98762369156, -30.2018508911], [9.11498737335, -105.102294922, 115.111961365, 27.4286499023, 41.6456871033, 153.298538208, 29.3255443573, -17.8334560394, 20.3639392853, 19.5376625061, 8.3339176178, 17.6357059479, -7.42625999451], [-134.822540283, 68.8362121582, 52.2681121826, -1.80138921738, 5.51680898666, 29.3255443573, 154.901184082, 25.7397098541, 10.7542266846, -2.65540099144, -11.1149129868, 7.09971380234, 7.41353225708], [123.090759277, 20.0563335419, -40.8037185669, -19.0016803741, -63.0362014771, -17.8334560394, 25.7397098541, 128.263168335, -11.7103528976, -24.8792247772, 7.38447141647, -8.2784280777, 23.8938541412], [-82.1717529297, 45.8640441895, 36.4772949219, 41.5219268799, 54.2717018127, 20.3639392853, 10.7542266846, -11.7103528976, 104.533889771, 44.0782432556, -17.0030841827, -9.81022357941, -8.9754781723], [37.4887275696, -12.0130357742, 27.8833847046, 33.5234451294, 48.9139823914, 19.5376625061, -2.65540099144, -24.8792247772, 44.0782432556, 116.696006775, 22.2922554016, -7.84432554245, -11.3688821793], [131.277893066, -16.2158164978, -27.1754665375, -14.3125209808, -19.3766994476, 8.3339176178, -11.1149129868, 7.38447141647, -17.0030841827, 22.2922554016, 88.5361709595, 23.7789134979, -0.911393880844], [32.1219940186, -19.1336555481, 11.4357433319, 2.37952637672, -7.98762369156, 17.6357059479, 7.09971380234, -8.2784280777, -9.81022357941, -7.84432554245, 23.7789134979, 98.5337905884, 17.325510025], [32.2047271729, -1.35988605022, 0.734573364258, -2.13343644142, -30.2018508911, -7.42625999451, 7.41353225708, 23.8938541412, -8.9754781723, -11.3688821793, -0.911393880844, 17.325510025, 67.7737503052]],
