{
"lowlevel": {
    "average_loudness": 0.955417811871,
    "barkbands_crest": {
        "dmean": 3.20894765854,
        "dmean2": 5.08504247665,
        "dvar": 9.60519981384,
        "dvar2": 23.3755741119,
        "max": 25.0408306122,
        "mean": 10.5212564468,
        "median": 9.47434329987,
        "min": 2.45545887947,
        "var": 23.0384750366
    },
    "barkbands_flatness_db": {
        "dmean": 0.0249652098864,
        "dmean2": 0.0356773138046,
        "dvar": 0.000585061847232,
        "dvar2": 0.00121227186173,
        "max": 0.331171095371,
        "mean": 0.110866166651,
        "median": 0.104625478387,
        "min": 0.0151347480714,
        "var": 0.00253517390229
    },
    "barkbands_kurtosis": {
        "dmean": 3.88488030434,
        "dmean2": 6.07372570038,
        "dvar": 102.438949585,
        "dvar2": 235.565200806,
        "max": 195.886367798,
        "mean": 4.0568819046,
        "median": 1.01593017578,
        "min": -1.85979878902,
        "var": 151.514389038
    },
    "barkbands_skewness": {
        "dmean": 0.691802382469,
        "dmean2": 1.01288616657,
        "dvar": 0.752229690552,
        "dvar2": 1.59207975864,
        "max": 12.86236763,
        "mean": 1.28478765488,
        "median": 1.02889060974,
        "min": -1.83654952049,
        "var": 2.0751273632
    },
    "barkbands_spread": {
        "dmean": 7.93061971664,
        "dmean2": 11.4984607697,
        "dvar": 73.7578582764,
        "dvar2": 159.138534546,
        "max": 98.7276229858,
        "mean": 27.4855670929,
        "median": 25.1266994476,
        "min": 1.13422417641,
        "var": 245.9790802
    },
    "dissonance": {
        "dmean": 0.0219157636166,
        "dmean2": 0.0357913225889,
        "dvar": 0.00058892800007,
        "dvar2": 0.00146618997678,
        "max": 0.49999910593,
        "mean": 0.457991361618,
        "median": 0.471212655306,
        "min": 0.241633042693,
        "var": 0.00160722492728
    },
    "dynamic_complexity": 4.39653348923,
    "erbbands_crest": {
        "dmean": 2.82430458069,
        "dmean2": 4.32008934021,
        "dvar": 8.68340492249,
        "dvar2": 19.2367858887,
        "max": 30.5386295319,
        "mean": 9.53965950012,
        "median": 7.65271759033,
        "min": 2.4881374836,
        "var": 34.1954727173
    },
    "erbbands_flatness_db": {
        "dmean": 0.0211521014571,
        "dmean2": 0.0270845517516,
        "dvar": 0.000445967947599,
        "dvar2": 0.000686830317136,
        "max": 0.357583999634,
        "mean": 0.141818657517,
        "median": 0.131097957492,
        "min": 0.0494211390615,
        "var": 0.00275270733982
    },
    "erbbands_kurtosis": {
        "dmean": 1.21874463558,
        "dmean2": 1.74723207951,
        "dvar": 4.00585508347,
        "dvar2": 7.90665245056,
        "max": 33.349319458,
        "mean": 1.67311394215,
        "median": -0.119463443756,
        "min": -1.7146705389,
        "var": 17.6143684387
    },
    "erbbands_skewness": {
        "dmean": 0.382795274258,
        "dmean2": 0.548844218254,
        "dvar": 0.142846032977,
        "dvar2": 0.30843064189,
        "max": 4.73720216751,
        "mean": 0.430011093616,
        "median": 0.295789241791,
        "min": -1.62029564381,
        "var": 0.749922037125
    },
    "erbbands_spread": {
        "dmean": 9.82034683228,
        "dmean2": 13.9813194275,
        "dvar": 120.980979919,
        "dvar2": 248.126571655,
        "max": 119.686805725,
        "mean": 38.8018760681,
        "median": 38.2128181458,
        "min": 2.74041342735,
        "var": 466.061523438
    },
    "hfc": {
        "dmean": 9.2767124176,
        "dmean2": 12.4657878876,
        "dvar": 248.282653809,
        "dvar2": 411.27722168,
        "max": 161.074447632,
        "mean": 25.7504138947,
        "median": 18.3458843231,
        "min": 1.25193415133e-16,
        "var": 704.051330566
    },
    "melbands_crest": {
        "dmean": 4.04029273987,
        "dmean2": 6.2147154808,
        "dvar": 12.9631080627,
        "dvar2": 28.6755428314,
        "max": 36.0425758362,
        "mean": 15.1431388855,
        "median": 14.2645721436,
        "min": 2.5591750145,
        "var": 39.0367088318
    },
    "melbands_flatness_db": {
        "dmean": 0.0317457690835,
        "dmean2": 0.0451125204563,
        "dvar": 0.000999358133413,
        "dvar2": 0.00197380641475,
        "max": 0.43446919322,
        "mean": 0.176365807652,
        "median": 0.173990800977,
        "min": 0.00866948720068,
        "var": 0.00426525808871
    },
    "melbands_kurtosis": {
        "dmean": 10.9731655121,
        "dmean2": 17.4437007904,
        "dvar": 751.905578613,
        "dvar2": 1698.14941406,
        "max": 436.159942627,
        "mean": 14.223610878,
        "median": 5.11675930023,
        "min": -1.51790189743,
        "var": 1056.4732666
    },
    "melbands_skewness": {
        "dmean": 1.01734781265,
        "dmean2": 1.50214838982,
        "dvar": 1.8053920269,
        "dvar2": 3.75479364395,
        "max": 16.44896698,
        "mean": 2.41320014,
        "median": 1.96498608589,
        "min": -1.66273319721,
        "var": 4.90150117874
    },
    "melbands_spread": {
        "dmean": 9.24164104462,
        "dmean2": 13.4324293137,
        "dvar": 126.719024658,
        "dvar2": 226.473587036,
        "max": 219.597457886,
        "mean": 28.305185318,
        "median": 25.4216270447,
        "min": 0.696070313454,
        "var": 365.788116455
    },
    "pitch_salience": {
        "dmean": 0.0819741785526,
        "dmean2": 0.126808434725,
        "dvar": 0.00596262095496,
        "dvar2": 0.0133975353092,
        "max": 0.84008038044,
        "mean": 0.529644370079,
        "median": 0.53661853075,
        "min": 0.0907211229205,
        "var": 0.0182617306709
    },
    "silence_rate_20dB": {
        "dmean": 0,
        "dmean2": 0,
        "dvar": 0,
        "dvar2": 0,
        "max": 1,
        "mean": 1,
        "median": 1,
        "min": 1,
        "var": 0
    },
    "silence_rate_30dB": {
        "dmean": 0.0293663050979,
        "dmean2": 0.0587780363858,
        "dvar": 0.0285037476569,
        "dvar2": 0.0769791230559,
        "max": 1,
        "mean": 0.981467187405,
        "median": 1,
        "min": 0,
        "var": 0.018189240247
    },
    "silence_rate_60dB": {
        "dmean": 0.0262751150876,
        "dmean2": 0.0525908730924,
        "dvar": 0.0255848169327,
        "dvar2": 0.0544660836458,
        "max": 1,
        "mean": 0.122779920697,
        "median": 0,
        "min": 0,
        "var": 0.107705779374
    },
    "spectral_centroid": {
        "dmean": 251.971908569,
        "dmean2": 370.754119873,
        "dvar": 137651.125,
        "dvar2": 217397.796875,
        "max": 11010.2871094,
        "mean": 1551.95959473,
        "median": 1456.06835938,
        "min": 336.289794922,
        "var": 365935.4375
    },
    "spectral_complexity": {
        "dmean": 4.00154542923,
        "dmean2": 5.67362737656,
        "dvar": 25.4853115082,
        "dvar2": 41.5965881348,
        "max": 60,
        "mean": 17.6741313934,
        "median": 16,
        "min": 0,
        "var": 114.737068176
    },
    "spectral_decrease": {
        "dmean": 3.36842442827e-09,
        "dmean2": 5.05702235643e-09,
        "dvar": 3.20152215893e-17,
        "dvar2": 7.05568717419e-17,
        "max": 4.49461794285e-29,
        "mean": -7.24099979976e-09,
        "median": -5.01707164702e-09,
        "min": -4.28573656563e-08,
        "var": 5.31579778985e-17
    },
    "spectral_energy": {
        "dmean": 0.0133366603404,
        "dmean2": 0.0198033303022,
        "dvar": 0.000476794288261,
        "dvar2": 0.00104065961204,
        "max": 0.163790524006,
        "mean": 0.0296648442745,
        "median": 0.0210570637137,
        "min": 1.11857719765e-20,
        "var": 0.00083447562065
    },
    "spectral_energyband_high": {
        "dmean": 0.000717784801964,
        "dmean2": 0.000923930085264,
        "dvar": 1.95172060558e-06,
        "dvar2": 3.21728452946e-06,
        "max": 0.0134815275669,
        "mean": 0.00128360569943,
        "median": 0.000590324518271,
        "min": 8.17794859099e-21,
        "var": 4.20757078246e-06
    },
    "spectral_energyband_low": {
        "dmean": 0.0102380625904,
        "dmean2": 0.0160142909735,
        "dvar": 0.000439924013335,
        "dvar2": 0.000998853123747,
        "max": 0.148875594139,
        "mean": 0.0128622213379,
        "median": 0.00513659277931,
        "min": 7.46452752698e-23,
        "var": 0.000509167846758
    },
    "spectral_energyband_middle_high": {
        "dmean": 0.00257056765258,
        "dmean2": 0.00365771097131,
        "dvar": 1.97219560505e-05,
        "dvar2": 3.63252147508e-05,
        "max": 0.0872217044234,
        "mean": 0.00737359421328,
        "median": 0.00362839619629,
        "min": 1.80561309843e-21,
        "var": 8.90536175575e-05
    },
    "spectral_energyband_middle_low": {
        "dmean": 0.0038655011449,
        "dmean2": 0.00596578838304,
        "dvar": 4.17927149101e-05,
        "dvar2": 9.62047779467e-05,
        "max": 0.0919706523418,
        "mean": 0.00916314963251,
        "median": 0.00574099551886,
        "min": 1.9833412137e-22,
        "var": 0.000129321691929
    },
    "spectral_entropy": {
        "dmean": 0.181562244892,
        "dmean2": 0.229485318065,
        "dvar": 0.0360017158091,
        "dvar2": 0.0538861006498,
        "max": 9.80413627625,
        "mean": 7.80337524414,
        "median": 7.85173559189,
        "min": 5.71830320358,
        "var": 0.186582818627
    },
    "spectral_flux": {
        "dmean": 0.0361941754818,
        "dmean2": 0.054999191314,
        "dvar": 0.00212963111699,
        "dvar2": 0.00456433091313,
        "max": 0.34856146574,
        "mean": 0.0937765911222,
        "median": 0.0743509605527,
        "min": 1.05762808233e-10,
        "var": 0.00450794491917
    },
    "spectral_kurtosis": {
        "dmean": 1.08135509491,
        "dmean2": 1.62961089611,
        "dvar": 1.36514341831,
        "dvar2": 3.05610203743,
        "max": 14.8942966461,
        "mean": 3.39220285416,
        "median": 3.04319190979,
        "min": -1.18902111053,
        "var": 4.17934703827
    },
    "spectral_rms": {
        "dmean": 0.00107701029629,
        "dmean2": 0.00153570249677,
        "dvar": 2.21694563152e-06,
        "dvar2": 4.36223763245e-06,
        "max": 0.0126410294324,
        "mean": 0.00473413849249,
        "median": 0.00453249132261,
        "min": 3.30347511499e-12,
        "var": 6.52926246403e-06
    },
    "spectral_rolloff": {
        "dmean": 763.964294434,
        "dmean2": 1180.32983398,
        "dvar": 1821971.625,
        "dvar2": 3462963.25,
        "max": 18626.2207031,
        "mean": 1869.44824219,
        "median": 1356.59179688,
        "min": 64.599609375,
        "var": 3400893.5
    },
    "spectral_skewness": {
        "dmean": 0.182613253593,
        "dmean2": 0.264946043491,
        "dvar": 0.033161483705,
        "dvar2": 0.0633670687675,
        "max": 3.34579372406,
        "mean": 1.48019576073,
        "median": 1.45508801937,
        "min": -0.000872675387654,
        "var": 0.162245362997
    },
    "spectral_spread": {
        "dmean": 744326.5,
        "dmean2": 977354.4375,
        "dvar": 1.49179990016e+12,
        "dvar2": 2.06372221747e+12,
        "max": 39610808,
        "mean": 5591017,
        "median": 5360132.5,
        "min": 2562467.25,
        "var": 2.99882826957e+12
    },
    "spectral_strongpeak": {
        "dmean": 0.700365543365,
        "dmean2": 1.14092540741,
        "dvar": 1.47950685024,
        "dvar2": 3.38682985306,
        "max": 11.3205156326,
        "mean": 1.28500592709,
        "median": 0.387783646584,
        "min": 0,
        "var": 3.67505741119
    },
    "zerocrossingrate": {
        "dmean": 0.0164151545614,
        "dmean2": 0.0175101514906,
        "dvar": 0.000513049482834,
        "dvar2": 0.000587449641898,
        "max": 0.50341796875,
        "mean": 0.0758789032698,
        "median": 0.0673828125,
        "min": 0.0048828125,
        "var": 0.00191811355762
    },
    "barkbands": {
        "dmean": [0.000613354612142, 0.00872834771872, 0.00205856049433, 0.000959605327807, 0.000979885691777, 0.000604990695138, 0.000385001971154, 0.000696993025485, 0.00143788941205, 0.00121999962721, 0.000729628896806, 0.000768972618971, 0.000472071376862, 0.000558526080567, 0.000320868333802, 0.000280100124655, 0.00021712682792, 0.000141050826642, 0.00010593495972, 0.000116024908493, 9.69261018327e-05, 0.000128002138808, 0.00017645880871, 0.000133236564579, 9.89157852018e-05, 0.000122893310618, 5.51648099645e-06],
        "dmean2": [0.000947939930484, 0.0139609286562, 0.00367426453158, 0.00171921646688, 0.00161359854974, 0.000996457762085, 0.000595549528953, 0.0011125029996, 0.00201415875927, 0.00168761692476, 0.00104664487299, 0.00113063619938, 0.000706051243469, 0.000836713588797, 0.000505445757881, 0.000411417480791, 0.000340514932759, 0.000214891755604, 0.000164441546076, 0.000174402433913, 0.000139795083669, 0.000182770862011, 0.000235587838688, 0.00017899867089, 0.000133528184961, 0.000176663263119, 8.05628678791e-06],
        "dvar": [1.61272555488e-06, 0.000355848402251, 2.06820295716e-05, 6.84001997797e-06, 7.49597847971e-06, 1.42850444718e-06, 3.78999118311e-07, 3.01861859953e-06, 1.16915462058e-05, 1.24015450638e-05, 3.09959273181e-06, 5.68535961065e-06, 2.56952898781e-06, 2.3325183065e-06, 7.73145472976e-07, 8.82977360561e-07, 1.72110574681e-07, 5.50485843576e-08, 3.73376778384e-08, 5.12738935754e-08, 3.66076520208e-08, 6.40518180717e-08, 1.07309283237e-07, 8.08609499359e-08, 4.7650523527e-08, 1.05961625252e-07, 1.60227595081e-10],
        "dvar2": [3.74748901777e-06, 0.000856704136822, 5.86762253079e-05, 1.94146377908e-05, 1.9398976292e-05, 3.62052765013e-06, 8.58764565237e-07, 7.56862891649e-06, 2.09105564863e-05, 2.15201598621e-05, 5.90624222241e-06, 1.05465960587e-05, 5.02562852489e-06, 5.2421073633e-06, 1.74702120148e-06, 1.98498719328e-06, 4.14995952269e-07, 1.12242503292e-07, 8.43243839199e-08, 1.27330181954e-07, 7.11857026658e-08, 1.15302533743e-07, 1.73508908574e-07, 1.52193592839e-07, 1.00223644495e-07, 2.42441302589e-07, 3.58456153648e-10],
        "max": [0.0105779785663, 0.135118812323, 0.0333808399737, 0.0312970615923, 0.038342345506, 0.013932925649, 0.00806299038231, 0.0217636860907, 0.0659815147519, 0.0864714160562, 0.0247160773724, 0.0396608933806, 0.0309846512973, 0.0312882103026, 0.0157627146691, 0.0190657041967, 0.00460027251393, 0.00286377198063, 0.002245092066, 0.00320457224734, 0.00240565603599, 0.00284480419941, 0.00329769775271, 0.00320273428224, 0.00274750962853, 0.00373744824901, 0.000141555559821],
        "mean": [0.00066986726597, 0.0095813497901, 0.0021026590839, 0.000923808955122, 0.00129753956571, 0.00101591146085, 0.000711051688995, 0.00103596854024, 0.00275098136626, 0.0021501572337, 0.00137877406087, 0.00143595715053, 0.000725055579096, 0.000794927706011, 0.000473486550618, 0.000405295111705, 0.000383142934879, 0.000252827740042, 0.000192008112208, 0.000217567256186, 0.000188317848369, 0.00020078959642, 0.000266968476353, 0.000203542891541, 0.000150544627104, 0.000150382358697, 5.9949406932e-06],
        "median": [0.000116318304208, 0.00297248666175, 0.000707546016201, 0.000213282357436, 0.00051912246272, 0.000526405870914, 0.000395828654291, 0.000281233747955, 0.000531954341568, 0.000458501512185, 0.000264677946689, 0.000213107996387, 0.000157593633048, 0.000212180792005, 0.0001470571151, 0.000114071255666, 0.000199238944333, 0.000128270883579, 0.000104909260699, 0.000103797217889, 9.79303731583e-05, 8.17824693513e-05, 8.47538249218e-05, 6.42973318463e-05, 5.12575788889e-05, 2.90432344627e-05, 8.67908283908e-07],
        "min": [6.02264251571e-23, 7.07275332681e-24, 1.86794436856e-23, 2.50368484772e-23, 2.58466631058e-23, 3.50474176339e-23, 3.03243634272e-24, 4.21819450804e-23, 4.32765905606e-23, 5.04090890569e-23, 4.60699249379e-23, 1.8923398605e-22, 1.61456350798e-22, 6.44121021875e-23, 1.48664762961e-22, 1.95255481247e-22, 2.00460902992e-22, 2.18129304676e-22, 3.48077288742e-22, 4.85186463754e-22, 5.55945545147e-22, 3.64122441875e-22, 6.31663267351e-22, 7.07413301298e-22, 8.94475875131e-22, 2.32241236147e-21, 2.62272537196e-21],
        "var": [1.849122782e-06, 0.000366971624317, 1.55506259034e-05, 5.02270131619e-06, 7.19943000149e-06, 2.08794745049e-06, 8.25140830329e-07, 4.35134234067e-06, 4.53911197837e-05, 4.10587417718e-05, 9.33305364015e-06, 1.76412122528e-05, 6.23702544544e-06, 3.93389836972e-06, 1.3576513993e-06, 1.26846248349e-06, 2.86219119516e-07, 1.25299621345e-07, 6.99261093473e-08, 9.76728031787e-08, 7.93993493176e-08, 1.17008283951e-07, 2.19488526909e-07, 1.54378625439e-07, 7.9077302928e-08, 1.35821181857e-07, 1.90748389306e-10]
    },
    "erbbands": {
        "dmean": [0.335298329592, 1.75121974945, 2.49446320534, 2.87952065468, 2.86841225624, 3.75401067734, 4.2183008194, 4.95824766159, 5.47302246094, 8.08010292053, 17.3235359192, 25.3266963959, 46.3432312012, 25.2349491119, 22.8594551086, 29.8310413361, 20.2297039032, 29.8500652313, 15.892873764, 14.0837278366, 13.0695018768, 11.241104126, 8.34848022461, 5.40900039673, 5.21304273605, 5.35412931442, 4.11127853394, 4.21470499039, 4.59245443344, 4.45780086517, 5.41197538376, 3.73283290863, 1.68210661411, 0.997301161289, 0.800188839436, 0.927077531815, 0.104034647346, 0.0171868801117, 0.000608387344982, 3.04255536321e-05],
        "dmean2": [0.522612631321, 2.94385099411, 4.37145376205, 5.10170221329, 4.98806285858, 6.28675508499, 7.01117515564, 8.01936912537, 8.51957321167, 12.511639595, 26.8834629059, 36.4868469238, 62.5152549744, 37.3416213989, 32.766960144, 42.6139221191, 29.739238739, 43.1598892212, 25.0124130249, 21.6207065582, 19.1459598541, 17.1807346344, 12.645813942, 8.31287479401, 8.18920326233, 8.14310455322, 5.97981071472, 5.93687820435, 6.67563390732, 6.24316263199, 7.36726284027, 5.06548690796, 2.24150800705, 1.35794663429, 1.10344874859, 1.37624597549, 0.143636241555, 0.0237602386624, 0.00087901391089, 4.17715818912e-05],
        "dvar": [0.509497880936, 16.0717887878, 30.1807842255, 54.3024101257, 43.4652404785, 144.573059082, 78.5492401123, 117.477416992, 82.1133117676, 277.834197998, 1723.2635498, 4835.74365234, 18137.59375, 4079.85009766, 3040.68481445, 9155.3125, 3795.15917969, 6215.56689453, 1864.13916016, 1523.33776855, 1590.83630371, 433.648864746, 196.463088989, 83.0609207153, 117.212257385, 103.277008057, 65.4862976074, 71.1608200073, 89.3154296875, 78.970123291, 103.990005493, 66.2695159912, 11.3568553925, 4.24677801132, 3.65270185471, 7.40997982025, 0.0546021610498, 0.00128734880127, 1.82969688467e-06, 2.48759213228e-09],
        "dvar2": [1.17159092426, 41.8207511902, 84.4846420288, 153.63734436, 115.705780029, 377.638244629, 220.141342163, 266.116241455, 193.799362183, 646.555908203, 3979.65014648, 8028.14941406, 31317.2382812, 9164.86035156, 5661.83251953, 15423.1103516, 7252.87939453, 13277.9521484, 4339.87402344, 3281.02099609, 3579.95825195, 1007.78790283, 395.542938232, 168.421890259, 278.388763428, 253.073913574, 125.302154541, 143.100967407, 165.755310059, 145.588439941, 176.521591187, 123.330810547, 21.3463306427, 8.52435398102, 8.2515707016, 17.9582901001, 0.11061193794, 0.00258330302313, 3.8858111111e-06, 4.85645124115e-09],
        "max": [5.18317508698, 30.1095504761, 44.7355461121, 84.810760498, 69.205871582, 176.871322632, 101.643554688, 169.233337402, 108.019111633, 191.187347412, 630.260925293, 1492.65661621, 3025.39160156, 1106.48706055, 913.979736328, 2050.78100586, 1392.17687988, 1257.71594238, 773.486572266, 668.402404785, 746.159362793, 259.356140137, 175.675979614, 171.167663574, 158.448928833, 137.97958374, 100.716323853, 93.6559829712, 112.959625244, 95.1948852539, 118.840065002, 88.288772583, 50.2142410278, 29.2739238739, 25.5946350098, 33.7894515991, 2.38323569298, 0.353079319, 0.0156059907749, 0.000416319293436],
        "mean": [0.352884739637, 1.81620621681, 2.65779399872, 3.00692653656, 2.93149232864, 5.0075917244, 6.47190380096, 8.36130809784, 10.3681678772, 15.1085634232, 30.1636219025, 48.6497840881, 98.7893371582, 49.9460678101, 48.0043907166, 60.5349311829, 34.9672775269, 49.012966156, 24.7354068756, 23.0655841827, 22.686920166, 20.6948757172, 15.429189682, 10.590464592, 9.53332328796, 10.0644893646, 8.29285812378, 7.63916349411, 7.19600009918, 6.85316038132, 7.97616863251, 5.33272504807, 2.77238106728, 1.60192012787, 1.11970639229, 1.07795464993, 0.137760818005, 0.0214065499604, 0.000714398396667, 5.76430466026e-05],
        "median": [0.0758937820792, 0.566484749317, 1.07768249512, 0.96242249012, 1.0096436739, 2.02203011513, 3.23153352737, 3.9833843708, 5.68417167664, 5.68315505981, 7.20619821548, 12.3415575027, 15.2388744354, 13.323138237, 11.2023735046, 10.3198251724, 9.83553218842, 11.8156890869, 9.77729320526, 7.65685796738, 7.89373683929, 11.4659852982, 7.73931789398, 5.79906845093, 4.95499324799, 5.04277276993, 4.11211824417, 4.00500917435, 2.90402507782, 2.48232388496, 2.38824439049, 1.52622485161, 1.06855356693, 0.607725739479, 0.319167822599, 0.179561391473, 0.0332247763872, 0.00436423858628, 0.000138417410199, 3.61448255717e-05],
        "min": [5.63729494445e-22, 1.21345951931e-21, 1.43622901237e-20, 8.32421060227e-20, 8.58218820205e-20, 7.25898808894e-20, 1.46558193646e-19, 2.93238112089e-19, 5.75555695259e-20, 3.93493358758e-19, 9.36302278961e-19, 8.35276642798e-19, 1.84790742637e-18, 1.61406201964e-18, 4.37971289395e-18, 6.05427676475e-18, 7.65366646148e-18, 3.89537672502e-18, 6.24807773765e-18, 9.79734306922e-18, 1.01030946662e-17, 1.01293923923e-17, 1.11662988589e-17, 1.61459236649e-17, 1.83572686098e-17, 2.41672975512e-17, 2.17765040442e-17, 2.0657858071e-17, 1.35872985203e-17, 1.98894403692e-17, 1.57893674618e-17, 1.25984297406e-17, 1.29954557551e-17, 8.41789862942e-18, 7.90224829762e-18, 7.81982884857e-18, 4.56403892652e-18, 1.43277597922e-18, 3.66316624076e-19, 3.90493290999e-20],
        "var": [0.563569903374, 13.9381093979, 23.1945590973, 39.5710754395, 35.8805885315, 131.432495117, 95.7251052856, 187.344619751, 171.105789185, 643.272216797, 4452.95263672, 13999.0673828, 89414.109375, 10499.0058594, 10679.4111328, 33137.3945312, 7439.69042969, 14154.8046875, 2840.68017578, 2771.79272461, 2646.43676758, 783.590637207, 455.070068359, 201.110946655, 196.13835144, 199.991546631, 154.468658447, 136.895446777, 153.793960571, 145.029953003, 202.973983765, 115.071128845, 25.5778617859, 8.45621490479, 5.16003131866, 8.36516094208, 0.083472661674, 0.00187743525021, 2.37569361161e-06, 4.47763026656e-09]
    },
    "gfcc": {
        "mean": [1.86154532433, 68.0101013184, -114.607574463, 24.4527835846, -60.4636268616, 26.1425819397, -33.7610664368, 18.545425415, -21.5598659515, 8.46656990051, -16.7986698151, 6.87324428558, -10.8048915863],
        "cov": [[10324.4130859, -619.152160645, 353.271942139, 43.2213516235, -44.5649032593, 415.829681396, 29.8863887787, 290.172180176, -206.365142822, 94.3676681519, -326.728424072, 179.229827881, -136.328704834], [-619.152160645, 954.742919922, -43.9176177979, 82.6467971802, 247.06892395, 2.37133574486, 202.077072144, 23.1306324005, 61.3470993042, -29.6962757111, 114.19858551, -52.2648239136, 86.379737854], [353.271942139, -43.9176177979, 663.252502441, 331.429473877, 211.1277771, 189.347900391, 113.586105347, 91.2333526611, 64.3558349609, 39.8539848328, -24.239030838, 59.4395942688, -67.2608184814], [43.2213516235, 82.6467971802, 331.429473877, 577.823242188, 198.434280396, -22.4005718231, -25.4586429596, 42.6759033203, 73.9201812744, -4.03797721863, -7.6798582077, -3.20818996429, -6.70796632767], [-44.5649032593, 247.06892395, 211.1277771, 198.434280396, 354.069610596, 161.706451416, 137.721343994, 74.5786895752, 48.442741394, 30.8820514679, 9.97643184662, 31.309967041, -9.56623077393], [415.829681396, 2.37133574486, 189.347900391, -22.4005718231, 161.706451416, 355.601959229, 211.613983154, 60.1437110901, 19.1463508606, 53.4505462646, -6.955098629, 45.8429794312, -58.7498664856], [29.8863887787, 202.077072144, 113.586105347, -25.4586429596, 137.721343994, 211.613983154, 290.701965332, 73.8292922974, 29.765209198, 24.8886032104, 32.269821167, 30.3228626251, -17.1168575287], [290.172180176, 23.1306324005, 91.2333526611, 42.6759033203, 74.5786895752, 60.1437110901, 73.8292922974, 141.480712891, 60.9852218628, 26.5372028351, -13.2213249207, 10.6685781479, 10.84146595], [-206.365142822, 61.3470993042, 64.3558349609, 73.9201812744, 48.442741394, 19.1463508606, 29.765209198, 60.9852218628, 117.658721924, 35.8779678345, 20.0224075317, -6.44668149948, 24.4112052917], [94.3676681519, -29.6962757111, 39.8539848328, -4.03797721863, 30.8820514679, 53.4505462646, 24.8886032104, 26.5372028351, 35.8779678345, 80.0951538086, 12.6711063385, 11.0136203766, -8.26562690735], [-326.728424072, 114.19858551, -24.239030838, -7.6798582077, 9.97643184662, -6.955098629, 32.269821167, -13.2213249207, 20.0224075317, 12.6711063385, 109.077293396, 7.82297706604, 28.1368732452], [179.229827881, -52.2648239136, 59.4395942688, -3.20818996429, 31.309967041, 45.8429794312, 30.3228626251, 10.6685781479, -6.44668149948, 11.0136203766, 7.82297706604, 96.6132965088, -4.83839416504], [-136.328704834, 86.379737854, -67.2608184814, -6.70796632767, -9.56623077393, -58.7498664856, -17.1168575287, 10.84146595, 24.4112052917, -8.26562690735, 28.1368732452, -4.83839416504, 90.9409484863]],
        "icov": [[0.000146277438034, -8.2855054643e-05, 7.37509117243e-06, -0.000133744411869, 0.000271311233519, -0.000299573119264, 0.000199336980586, -0.000507416436449, 0.000563275068998, -0.000288089591777, 0.000315415905789, -0.000235637184232, -6.09183261986e-05], [-8.2855054643e-05, 0.00249713310041, 0.000272123754257, 0.000242153924773, -0.00225244718604, 0.00151189905591, -0.00226416322403, 0.00120993226301, -0.0009394804365, 0.00134979572613, -0.00147301866673, 0.00177828525193, -0.00118236069102], [7.37509117243e-06, 0.000272123754257, 0.00317292264663, -0.00174023641739, -0.000164329074323, -0.00100274814758, -0.000369201385183, -0.000686480372678, -0.00044184687431, -2.7400568797e-05, 0.000116528623039, -0.00112436700147, 0.00133844651282], [-0.000133744411869, 0.000242153924773, -0.00174023641739, 0.00384524441324, -0.00241729104891, 0.00173699425068, 0.000555889040697, 0.000942951999605, -0.00214575487189, 0.00152051693294, -0.000426173966844, 0.000992299173959, 0.000324940338032], [0.000271311233519, -0.00225244718604, -0.000164329074323, -0.00241729104891, 0.00771117722616, -0.00348932552151, 0.000992946908809, -0.00261943973601, 0.00202512345277, -0.00210226606578, 0.00146557856351, -0.00231101829559, -8.58997736941e-06], [-0.000299573119264, 0.00151189905591, -0.00100274814758, 0.00173699425068, -0.00348932552151, 0.00874452479184, -0.00544512225315, 0.0021900550928, -0.00158584769815, -0.00122525042389, 9.33802803047e-05, 0.0006141452468, 0.00181557820179], [0.000199336980586, -0.00226416322403, -0.000369201385183, 0.000555889040697, 0.000992946908809, -0.00544512225315, 0.00995041336864, -0.00412099668756, 0.00115153193474, 0.00072993215872, -0.00147447769996, -0.00157705449965, 0.00129782152362], [-0.000507416436449, 0.00120993226301, -0.000686480372678, 0.000942951999605, -0.00261943973601, 0.0021900550928, -0.00412099668756, 0.0140687813982, -0.00713590998203, 7.73858700995e-05, 0.00229448033497, 0.000807822565548, -0.00240606232546], [0.000563275068998, -0.0009394804365, -0.00044184687431, -0.00214575487189, 0.00202512345277, -0.00158584769815, 0.00115153193474, -0.00713590998203, 0.0173609200865, -0.0067914002575, -0.000629607180599, 0.000977355055511, -0.00352298258804], [-0.000288089591777, 0.00134979572613, -2.7400568797e-05, 0.00152051693294, -0.00210226606578, -0.00122525042389, 0.00072993215872, 7.73858700995e-05, -0.0067914002575, 0.0186270046979, -0.00376198603772, 0.000194409003598, 0.00218371488154], [0.000315415905789, -0.00147301866673, 0.000116528623039, -0.000426173966844, 0.00146557856351, 9.33802803047e-05, -0.00147447769996, 0.00229448033497, -0.000629607180599, -0.00376198603772, 0.0137478271499, -0.00265315477736, -0.00297746108845], [-0.000235637184232, 0.00177828525193, -0.00112436700147, 0.000992299173959, -0.00231101829559, 0.0006141452468, -0.00157705449965, 0.000807822565548, 0.000977355055511, 0.000194409003598, -0.00265315477736, 0.0135081512854, -0.00174533820245], [-6.09183261986e-05, -0.00118236069102, 0.00133844651282, 0.000324940338032, -8.58997736941e-06, 0.00181557820179, 0.00129782152362, -0.00240606232546, -0.00352298258804, 0.00218371488154, -0.00297746108845, -0.00174533820245, 0.0167174004018]]
    },
    "melbands": {
        "dmean": [0.00265741557814, 0.00154530222062, 0.000487204728415, 0.000236174324527, 0.000147516853758, 0.000112247900688, 8.12023281469e-05, 9.87812818494e-05, 0.000157158210641, 0.000180447881576, 0.000229331330047, 0.00010222736455, 8.59115025378e-05, 8.00932320999e-05, 7.25444842828e-05, 4.0060513129e-05, 6.28235284239e-05, 2.63716992777e-05, 2.4525434128e-05, 2.25441053772e-05, 1.45090525621e-05, 1.31372071337e-05, 1.01343212009e-05, 5.93056938669e-06, 4.63541164208e-06, 4.13333873439e-06, 4.00723865823e-06, 3.76104549105e-06, 2.89334275294e-06, 2.57042688645e-06, 2.70265309155e-06, 2.77217691291e-06, 2.37996732722e-06, 2.65761468654e-06, 3.24654274664e-06, 2.85220244223e-06, 2.13669159166e-06, 1.25189467326e-06, 9.2536424745e-07, 8.47936178161e-07],
        "dmean2": [0.00421614339575, 0.00264696963131, 0.000864342844579, 0.000397079100367, 0.000243692484219, 0.000181256677024, 0.000124623766169, 0.000154249093612, 0.000240486944676, 0.000256639352301, 0.000312584190397, 0.000151477914187, 0.000123074016301, 0.000114512338769, 0.000107053143438, 6.00137573201e-05, 9.14188058232e-05, 4.15456561313e-05, 3.81592180929e-05, 3.42518178513e-05, 2.20818365051e-05, 2.01512484637e-05, 1.58686871146e-05, 9.25610765989e-06, 7.19104991731e-06, 6.59383022139e-06, 6.31408101981e-06, 5.90509171161e-06, 4.32487422586e-06, 3.79049697585e-06, 3.92715128328e-06, 4.09693257097e-06, 3.46450838151e-06, 3.78525828637e-06, 4.53363509223e-06, 3.94327253161e-06, 2.96714415526e-06, 1.70203020389e-06, 1.26590771288e-06, 1.20094762224e-06],
        "dvar": [3.25247528963e-05, 1.16893152153e-05, 1.46478248553e-06, 4.8533752306e-07, 9.84502293022e-08, 5.24590682005e-08, 1.71403833349e-08, 5.12233384597e-08, 1.35358277475e-07, 2.36336646253e-07, 4.48882900628e-07, 6.68110402557e-08, 4.54463737753e-08, 7.92279166717e-08, 4.35980958002e-08, 1.35408919633e-08, 2.88834236528e-08, 7.10871317366e-09, 6.10162542714e-09, 6.43063380323e-09, 1.68743918838e-09, 6.09953587638e-10, 3.09209713389e-10, 1.03153090236e-10, 6.21268869683e-11, 6.52067289053e-11, 7.34931351887e-11, 5.05133990192e-11, 3.45911632671e-11, 2.69308932793e-11, 2.98599686643e-11, 3.07559706869e-11, 2.37131442954e-11, 2.8801674587e-11, 3.75305307665e-11, 3.32686031501e-11, 2.34133216287e-11, 5.89462333112e-12, 3.91584898188e-12, 3.2552146742e-12],
        "dvar2": [7.62934068916e-05, 3.07258378598e-05, 4.1332514229e-06, 1.26787779209e-06, 2.66552376615e-07, 1.21581621215e-07, 3.92632806268e-08, 1.23687783571e-07, 2.84975044451e-07, 4.04350032568e-07, 7.85717077179e-07, 1.47277305018e-07, 8.86562077085e-08, 1.40878810839e-07, 8.44735268402e-08, 2.41931221723e-08, 6.24369107527e-08, 1.6208810294e-08, 1.37110429677e-08, 1.43167140365e-08, 3.7192839919e-09, 1.44084932874e-09, 6.87247592168e-10, 2.2796094179e-10, 1.3250686659e-10, 1.56971061149e-10, 1.83010870347e-10, 1.24840165983e-10, 7.41901817758e-11, 5.55798115864e-11, 6.4245143927e-11, 5.82398226867e-11, 4.60411743453e-11, 5.40268940696e-11, 6.717947032e-11, 6.15360748468e-11, 4.47258376168e-11, 1.12021190934e-11, 7.61674924521e-12, 7.00239866092e-12],
        "max": [0.0378941185772, 0.0286752693355, 0.013783604838, 0.00898647028953, 0.0037978887558, 0.00334658753127, 0.00145386217628, 0.00270971050486, 0.00736183393747, 0.010184334591, 0.0152366310358, 0.00450226990506, 0.00349174370058, 0.00544355250895, 0.00371297844686, 0.00279058422893, 0.00275165075436, 0.00202714349143, 0.00151486787945, 0.00175838300493, 0.000867731811013, 0.000311599520501, 0.000254506798228, 0.000109671796963, 0.000157349102665, 0.000105360326415, 0.00014145525347, 8.90579322004e-05, 7.90398044046e-05, 7.17777948012e-05, 6.48311033729e-05, 6.22482184554e-05, 5.37382875336e-05, 5.79597144679e-05, 6.82455138303e-05, 5.54782054678e-05, 5.60616863368e-05, 3.7189154682e-05, 3.35181248374e-05, 2.32431702898e-05],
        "mean": [0.00287973228842, 0.00176991033368, 0.000519896449987, 0.000276536913589, 0.000233646482229, 0.000194568128791, 0.000155138943228, 0.000169253486092, 0.00027749047149, 0.000351338530891, 0.000481734954519, 0.000182855335879, 0.00016870930267, 0.00015244972019, 0.000129994587041, 6.78083670209e-05, 9.51235197135e-05, 3.55395131919e-05, 3.72445610992e-05, 3.08747621602e-05, 2.47159168794e-05, 2.26374413614e-05, 1.75802197191e-05, 1.02874937511e-05, 8.38120922708e-06, 6.84900533088e-06, 7.00511918694e-06, 6.67662334308e-06, 5.31710475116e-06, 4.69443057227e-06, 4.42895498054e-06, 4.23670599048e-06, 3.50383447767e-06, 3.94521885028e-06, 4.65162156615e-06, 3.96020323024e-06, 3.04870309265e-06, 2.0450872853e-06, 1.47884588841e-06, 1.30205069127e-06],
        "median": [0.000796902866568, 0.000795182189904, 0.000191945422557, 0.000111449910037, 0.000113448884804, 9.87806852208e-05, 8.52321609273e-05, 5.45337388758e-05, 5.27179836354e-05, 7.43579512346e-05, 6.83995822328e-05, 4.68219441245e-05, 3.46958622686e-05, 2.49336735578e-05, 2.47515708907e-05, 1.60649797181e-05, 2.12847207877e-05, 1.26475606521e-05, 1.05492463263e-05, 8.6102518253e-06, 8.27832081995e-06, 1.17211266115e-05, 8.0509316831e-06, 5.36443621968e-06, 4.35211359218e-06, 3.28292799168e-06, 3.5214500258e-06, 3.13028112942e-06, 2.39636551669e-06, 2.43075464823e-06, 2.1548546556e-06, 1.66503093624e-06, 1.31835111006e-06, 1.33576929784e-06, 1.36620417379e-06, 1.1651280829e-06, 8.02203317107e-07, 7.69172572745e-07, 5.71737075461e-07, 4.60678535319e-07],
        "min": [6.90738757069e-24, 5.36398909824e-24, 1.29161742179e-23, 5.55750890563e-24, 4.85064062518e-24, 6.6435538298e-24, 7.19134229366e-25, 5.68183890632e-24, 6.95777369443e-24, 5.74926876435e-24, 9.54748256169e-24, 6.16119615184e-24, 9.55012761231e-24, 2.52943500316e-23, 1.19495229973e-23, 1.54615901231e-23, 5.97757615437e-24, 9.05953501535e-24, 1.16473971592e-23, 1.68001892605e-23, 1.07285864082e-23, 1.18186454511e-23, 9.2750912577e-24, 9.22994948126e-24, 1.35740652802e-23, 1.14628510391e-23, 1.52552777528e-23, 1.64731070188e-23, 1.65992159008e-23, 8.55372765812e-24, 1.25394955023e-23, 6.05627212942e-24, 9.48477127517e-24, 1.2714731486e-23, 9.54528321749e-24, 8.26702878389e-24, 7.03220272084e-24, 1.10957601388e-23, 5.00885377947e-24, 7.84046644889e-24],
        "var": [3.47655950463e-05, 1.00444076452e-05, 1.07018445306e-06, 4.12781076875e-07, 1.22220711773e-07, 8.49223056321e-08, 3.79914730786e-08, 9.77709220251e-08, 4.49167515626e-07, 7.98738938101e-07, 2.19351159103e-06, 1.62613332577e-07, 1.50410855326e-07, 2.50486039022e-07, 1.31260790681e-07, 4.95742291662e-08, 5.77453711514e-08, 9.40331101873e-09, 1.03029025311e-08, 8.35966318391e-09, 2.94387403343e-09, 1.0321011823e-09, 6.29123975138e-10, 2.04509909008e-10, 1.41218398086e-10, 1.04257061317e-10, 1.20362386724e-10, 9.53429279971e-11, 7.20324216941e-11, 5.19819395861e-11, 5.04725289341e-11, 5.21309662105e-11, 4.00650346233e-11, 5.08233281848e-11, 7.03406013991e-11, 5.72194965021e-11, 3.97082158821e-11, 1.37936389741e-11, 7.99188232953e-12, 5.69505510459e-12]
    },
    "mfcc": {
        "mean": [-641.904174805, 102.929473877, 2.51931142807, 8.70941829681, 0.776059091091, 6.29274702072, 2.00412344933, 9.24391078949, 3.66468453407, 4.85815525055, 0.381639331579, 3.77292919159, -1.15580189228],
        "cov": [[7975.17089844, -350.623260498, 209.444137573, -58.1891403198, -11.2210969925, 134.653961182, 94.5431594849, 178.557144165, 149.257492065, 1.22523415089, -51.5753479004, -2.95665097237, 43.7524833679], [-350.623260498, 825.664245605, -132.824737549, 27.1343040466, 23.2019424438, 63.4281959534, 181.253387451, 78.3691177368, 74.348449707, 6.49643278122, 66.9031295776, 31.1089229584, 22.2814388275], [209.444137573, -132.824737549, 440.12399292, 165.16116333, 112.082374573, 122.76309967, 35.6811904907, 95.8699951172, 40.7955322266, 60.5858459473, 35.7184944153, 35.3170280457, 40.0330543518], [-58.1891403198, 27.1343040466, 165.16116333, 517.576660156, 223.914916992, 20.4577713013, -30.1321907043, 37.4302864075, 37.3221282959, 38.8174591064, -9.842710495, 19.5114841461, 38.3775939941], [-11.2210969925, 23.2019424438, 112.082374573, 223.914916992, 270.037567139, 76.6099624634, 19.6366615295, 43.8543434143, 52.5873451233, 45.69115448, 21.3480224609, 13.2218379974, 28.080291748], [134.653961182, 63.4281959534, 122.76309967, 20.4577713013, 76.6099624634, 292.944915771, 140.480361938, 139.606704712, 42.154258728, 33.9676246643, 90.9873886108, 15.2859592438, 32.4237518311], [94.5431594849, 181.253387451, 35.6811904907, -30.1321907043, 19.6366615295, 140.480361938, 222.209228516, 113.801223755, 56.3205528259, 21.2910919189, 64.5550537109, 32.1118125916, 23.6696548462], [178.557144165, 78.3691177368, 95.8699951172, 37.4302864075, 43.8543434143, 139.606704712, 113.801223755, 196.019821167, 77.7695465088, 24.8240966797, 65.7106933594, 20.1507320404, 38.3863449097], [149.257492065, 74.348449707, 40.7955322266, 37.3221282959, 52.5873451233, 42.154258728, 56.3205528259, 77.7695465088, 136.821090698, 58.9511146545, 30.6989707947, 7.55793333054, 22.5695571899], [1.22523415089, 6.49643278122, 60.5858459473, 38.8174591064, 45.69115448, 33.9676246643, 21.2910919189, 24.8240966797, 58.9511146545, 108.087966919, 34.578868866, 14.5249195099, 8.50645446777], [-51.5753479004, 66.9031295776, 35.7184944153, -9.842710495, 21.3480224609, 90.9873886108, 64.5550537109, 65.7106933594, 30.6989707947, 34.578868866, 97.5286865234, 29.1746101379, 11.7739162445], [-2.95665097237, 31.1089229584, 35.3170280457, 19.5114841461, 13.2218379974, 15.2859592438, 32.1118125916, 20.1507320404, 7.55793333054, 14.5249195099, 29.1746101379, 69.6521759033, 21.5343055725], [43.7524833679, 22.2814388275, 40.0330543518, 38.3775939941, 28.080291748, 32.4237518311, 23.6696548462, 38.3863449097, 22.5695571899, 8.50645446777, 11.7739162445, 21.5343055725, 69.7197418213]],
