{
"lowlevel": {
    "average_loudness": 0.958687901497,
    "barkbands_crest": {
        "dmean": 2.68607568741,
        "dmean2": 4.47176885605,
        "dvar": 7.44676351547,
        "dvar2": 20.0311794281,
        "max": 21.3986721039,
        "mean": 9.77624225616,
        "median": 9.28584194183,
        "min": 3.27315592766,
        "var": 13.6097841263
    },
    "barkbands_flatness_db": {
        "dmean": 0.0173395667225,
        "dmean2": 0.0286521352828,
        "dvar": 0.000308966002194,
        "dvar2": 0.000796655367594,
        "max": 0.363981455564,
        "mean": 0.148669570684,
        "median": 0.143190219998,
        "min": 0.0386505872011,
        "var": 0.00152825610712
    },
    "barkbands_kurtosis": {
        "dmean": 1.33321487904,
        "dmean2": 2.13049983978,
        "dvar": 4.71341562271,
        "dvar2": 11.2811641693,
        "max": 33.4665031433,
        "mean": 1.33386600018,
        "median": 0.540486097336,
        "min": -1.84353291988,
        "var": 10.5363149643
    },
    "barkbands_skewness": {
        "dmean": 0.422142654657,
        "dmean2": 0.658735871315,
        "dvar": 0.23679214716,
        "dvar2": 0.539071440697,
        "max": 4.3731584549,
        "mean": 0.978040933609,
        "median": 0.899396836758,
        "min": -4.94059896469,
        "var": 0.658542573452
    },
    "barkbands_spread": {
        "dmean": 4.68712520599,
        "dmean2": 7.20817947388,
        "dvar": 32.1664199829,
        "dvar2": 75.3990325928,
        "max": 78.0316772461,
        "mean": 26.753610611,
        "median": 24.762134552,
        "min": 2.90503978729,
        "var": 138.406951904
    },
    "dissonance": {
        "dmean": 0.0160972811282,
        "dmean2": 0.0269127450883,
        "dvar": 0.000300039653666,
        "dvar2": 0.000792448758148,
        "max": 0.49960911274,
        "mean": 0.463513672352,
        "median": 0.471158117056,
        "min": 0.235543802381,
        "var": 0.000854984042235
    },
    "dynamic_complexity": 2.84718465805,
    "erbbands_crest": {
        "dmean": 2.37957620621,
        "dmean2": 3.62851905823,
        "dvar": 5.50599718094,
        "dvar2": 13.1420726776,
        "max": 27.6537456512,
        "mean": 10.5801477432,
        "median": 10.2002897263,
        "min": 2.55150651932,
        "var": 21.4914283752
    },
    "erbbands_flatness_db": {
        "dmean": 0.0138469729573,
        "dmean2": 0.020118817687,
        "dvar": 0.000184084448847,
        "dvar2": 0.000383785780286,
        "max": 0.381416499615,
        "mean": 0.190492838621,
        "median": 0.188061758876,
        "min": 0.0971384122968,
        "var": 0.00156065670308
    },
    "erbbands_kurtosis": {
        "dmean": 0.824962198734,
        "dmean2": 1.27046871185,
        "dvar": 1.06342577934,
        "dvar2": 2.29529643059,
        "max": 14.9588985443,
        "mean": 0.799007117748,
        "median": 0.245281457901,
        "min": -1.5206233263,
        "var": 4.41682863235
    },
    "erbbands_skewness": {
        "dmean": 0.311938971281,
        "dmean2": 0.457229495049,
        "dvar": 0.0824361369014,
        "dvar2": 0.175077348948,
        "max": 2.82856464386,
        "mean": 0.215974748135,
        "median": 0.137642085552,
        "min": -3.01165604591,
        "var": 0.868991076946
    },
    "erbbands_spread": {
        "dmean": 6.34200525284,
        "dmean2": 9.69446086884,
        "dvar": 52.6481781006,
        "dvar2": 125.406417847,
        "max": 117.822944641,
        "mean": 32.7739677429,
        "median": 30.5758228302,
        "min": 6.06242513657,
        "var": 172.785751343
    },
    "hfc": {
        "dmean": 5.42266178131,
        "dmean2": 8.14263916016,
        "dvar": 38.3761558533,
        "dvar2": 86.1349029541,
        "max": 81.6475830078,
        "mean": 27.7649688721,
        "median": 29.2291603088,
        "min": 1.22546635696e-16,
        "var": 218.372177124
    },
    "melbands_crest": {
        "dmean": 3.0620238781,
        "dmean2": 5.00288820267,
        "dvar": 8.28707122803,
        "dvar2": 21.3336448669,
        "max": 29.6666107178,
        "mean": 13.4284696579,
        "median": 12.8314714432,
        "min": 1.84360694885,
        "var": 17.7845726013
    },
    "melbands_flatness_db": {
        "dmean": 0.0215549059212,
        "dmean2": 0.0344097465277,
        "dvar": 0.000544717302546,
        "dvar2": 0.00134914030787,
        "max": 0.333319932222,
        "mean": 0.175183326006,
        "median": 0.172502696514,
        "min": 0.00512457825243,
        "var": 0.00184461241588
    },
    "melbands_kurtosis": {
        "dmean": 4.07065582275,
        "dmean2": 6.5765914917,
        "dvar": 52.7381134033,
        "dvar2": 136.249557495,
        "max": 104.901397705,
        "mean": 6.4115114212,
        "median": 3.90113306046,
        "min": -1.48258244991,
        "var": 70.7677536011
    },
    "melbands_skewness": {
        "dmean": 0.629862189293,
        "dmean2": 0.979427874088,
        "dvar": 0.586891114712,
        "dvar2": 1.40240907669,
        "max": 9.12333297729,
        "mean": 1.92430126667,
        "median": 1.6061565876,
        "min": -2.44965982437,
        "var": 1.41147470474
    },
    "melbands_spread": {
        "dmean": 7.24024057388,
        "dmean2": 11.0264863968,
        "dvar": 91.8182449341,
        "dvar2": 205.571594238,
        "max": 206.030044556,
        "mean": 30.2325706482,
        "median": 27.1279296875,
        "min": 3.10744905472,
        "var": 315.603820801
    },
    "pitch_salience": {
        "dmean": 0.0635381564498,
        "dmean2": 0.103736683726,
        "dvar": 0.00384225742891,
        "dvar2": 0.0100042633712,
        "max": 0.798459708691,
        "mean": 0.508611500263,
        "median": 0.501871347427,
        "min": 0.215499132872,
        "var": 0.00795442052186
    },
    "silence_rate_20dB": {
        "dmean": 0,
        "dmean2": 0,
        "dvar": 0,
        "dvar2": 0,
        "max": 1,
        "mean": 1,
        "median": 1,
        "min": 1,
        "var": 0
    },
    "silence_rate_30dB": {
        "dmean": 0.00773993786424,
        "dmean2": 0.0154918665066,
        "dvar": 0.00768016604707,
        "dvar2": 0.0198996774852,
        "max": 1,
        "mean": 0.994586229324,
        "median": 1,
        "min": 0,
        "var": 0.00538429711014
    },
    "silence_rate_60dB": {
        "dmean": 0.00928792543709,
        "dmean2": 0.018590239808,
        "dvar": 0.00920159928501,
        "dvar2": 0.0197934824973,
        "max": 1,
        "mean": 0.0812064930797,
        "median": 0,
        "min": 0,
        "var": 0.074613109231
    },
    "spectral_centroid": {
        "dmean": 189.83555603,
        "dmean2": 280.664672852,
        "dvar": 107603.070312,
        "dvar2": 145617.390625,
        "max": 11096.2734375,
        "mean": 1558.09558105,
        "median": 1489.49731445,
        "min": 439.785461426,
        "var": 346788.25
    },
    "spectral_complexity": {
        "dmean": 3.71207427979,
        "dmean2": 5.73508930206,
        "dvar": 14.4093780518,
        "dvar2": 31.527048111,
        "max": 54,
        "mean": 23.6109828949,
        "median": 25,
        "min": 0,
        "var": 114.567214966
    },
    "spectral_decrease": {
        "dmean": 3.02426061971e-09,
        "dmean2": 4.99771868334e-09,
        "dvar": 2.51899574861e-17,
        "dvar2": 6.33068321962e-17,
        "max": 1.28569521965e-28,
        "mean": -9.17920406351e-09,
        "median": -8.74963035358e-09,
        "min": -4.66123282195e-08,
        "var": 3.87995088193e-17
    },
    "spectral_energy": {
        "dmean": 0.0117601342499,
        "dmean2": 0.0193607285619,
        "dvar": 0.000370603287593,
        "dvar2": 0.000928374880459,
        "max": 0.179220125079,
        "mean": 0.0371628031135,
        "median": 0.0356580838561,
        "min": 1.06300907818e-20,
        "var": 0.000598751998041
    },
    "spectral_energyband_high": {
        "dmean": 0.000246037030593,
        "dmean2": 0.000386562867789,
        "dvar": 1.13587823591e-07,
        "dvar2": 2.63074582563e-07,
        "max": 0.00467654177919,
        "mean": 0.000812989310361,
        "median": 0.000704040750861,
        "min": 7.68676971261e-21,
        "var": 4.00044427806e-07
    },
    "spectral_energyband_low": {
        "dmean": 0.00879088509828,
        "dmean2": 0.0149677908048,
        "dvar": 0.000317637663102,
        "dvar2": 0.000840883585624,
        "max": 0.16507896781,
        "mean": 0.0140335895121,
        "median": 0.0105019491166,
        "min": 3.29193738342e-23,
        "var": 0.000285133370198
    },
    "spectral_energyband_middle_high": {
        "dmean": 0.00206217868254,
        "dmean2": 0.00293225795031,
        "dvar": 5.93023287365e-06,
        "dvar2": 1.15066141007e-05,
        "max": 0.0331748984754,
        "mean": 0.00857440661639,
        "median": 0.00681901630014,
        "min": 1.35402266815e-21,
        "var": 4.3275358621e-05
    },
    "spectral_energyband_middle_low": {
        "dmean": 0.00471402704716,
        "dmean2": 0.00759631441906,
        "dvar": 5.95310084464e-05,
        "dvar2": 0.000156365305884,
        "max": 0.0853189155459,
        "mean": 0.0148891676217,
        "median": 0.0113258277997,
        "min": 2.71007320107e-22,
        "var": 0.000151609870954
    },
    "spectral_entropy": {
        "dmean": 0.110556147993,
        "dmean2": 0.154358685017,
        "dvar": 0.0138628315181,
        "dvar2": 0.0220689978451,
        "max": 9.80761241913,
        "mean": 7.62895917892,
        "median": 7.66082811356,
        "min": 6.25302743912,
        "var": 0.112074941397
    },
    "spectral_flux": {
        "dmean": 0.028296077624,
        "dmean2": 0.0438382513821,
        "dvar": 0.00138950534165,
        "dvar2": 0.00271194567904,
        "max": 0.354354381561,
        "mean": 0.0894261822104,
        "median": 0.0748892575502,
        "min": 1.03102332227e-10,
        "var": 0.00301301316358
    },
    "spectral_kurtosis": {
        "dmean": 1.25621747971,
        "dmean2": 2.16042423248,
        "dvar": 1.41632509232,
        "dvar2": 4.19180297852,
        "max": 12.029004097,
        "mean": 2.48764181137,
        "median": 2.19638156891,
        "min": -1.32798838615,
        "var": 2.79644012451
    },
    "spectral_rms": {
        "dmean": 0.000850981799886,
        "dmean2": 0.00136224227026,
        "dvar": 1.36798496442e-06,
        "dvar2": 3.26887766278e-06,
        "max": 0.0132230445743,
        "mean": 0.00561817688867,
        "median": 0.0058981673792,
        "min": 3.22037578895e-12,
        "var": 4.69251290269e-06
    },
    "spectral_rolloff": {
        "dmean": 388.230438232,
        "dmean2": 632.936706543,
        "dvar": 603789.75,
        "dvar2": 1005685.875,
        "max": 19595.2148438,
        "mean": 1566.37915039,
        "median": 1248.92578125,
        "min": 107.666015625,
        "var": 1716205.375
    },
    "spectral_skewness": {
        "dmean": 0.180509522557,
        "dmean2": 0.292933225632,
        "dvar": 0.0255193561316,
        "dvar2": 0.0602159053087,
        "max": 2.78889513016,
        "mean": 1.19139921665,
        "median": 1.17860877514,
        "min": -0.184135943651,
        "var": 0.0987797155976
    },
    "spectral_spread": {
        "dmean": 313161.375,
        "dmean2": 448672.53125,
        "dvar": 1.05432566989e+12,
        "dvar2": 1.10144677478e+12,
        "max": 40619204,
        "mean": 4045479.5,
        "median": 3910587.75,
        "min": 2741796.5,
        "var": 1.6550002688e+12
    },
    "spectral_strongpeak": {
        "dmean": 0.819165706635,
        "dmean2": 1.4215388298,
        "dvar": 1.80634748936,
        "dvar2": 4.0856962204,
        "max": 10.805762291,
        "mean": 1.6233382225,
        "median": 0.507403433323,
        "min": 0,
        "var": 3.48109984398
    },
    "zerocrossingrate": {
        "dmean": 0.00852602533996,
        "dmean2": 0.0102383987978,
        "dvar": 0.000209628939047,
        "dvar2": 0.000181370938662,
        "max": 0.49365234375,
        "mean": 0.0627084523439,
        "median": 0.0556640625,
        "min": 0.013671875,
        "var": 0.00123939069454
    },
    "barkbands": {
        "dmean": [0.000380222249078, 0.0071657798253, 0.00207667518407, 0.00118119083345, 0.00223194225691, 0.000648880493827, 0.000470662169391, 0.00103096710518, 0.0013515643077, 0.000624320528004, 0.000395106879296, 0.000452655105619, 0.000290287949611, 0.000397061405238, 0.000525224895682, 0.00043869719957, 0.000497749599162, 0.000323792773997, 0.000143111508805, 9.47464213823e-05, 9.2667840363e-05, 8.45328395371e-05, 5.63923094887e-05, 4.84231240989e-05, 1.84825239558e-05, 1.96827691923e-08, 9.67508828609e-09],
        "dmean2": [0.000648075190838, 0.0121769122779, 0.00371479382738, 0.00198302883655, 0.0038101116661, 0.00111114850733, 0.000720564683434, 0.00149170402437, 0.00198695412837, 0.000882612075657, 0.000607117370237, 0.000715466798283, 0.000452775944723, 0.000625582935754, 0.000776191067416, 0.000709873333108, 0.000788543198723, 0.000523607479408, 0.000236895750277, 0.000157909526024, 0.000155072208145, 0.000136975271744, 8.76865524333e-05, 7.51315965317e-05, 2.89259623969e-05, 3.21552171556e-08, 1.77956103187e-08],
        "dvar": [3.18038786418e-07, 0.0002236381697, 1.75221157406e-05, 4.07811194236e-06, 3.59590885637e-05, 1.94417953026e-06, 7.64026822253e-07, 3.94676180804e-06, 7.15578744348e-06, 1.61456284786e-06, 7.7070842508e-07, 7.87870590102e-07, 5.86440705774e-07, 9.20915397273e-07, 1.44837508742e-06, 7.81210587775e-07, 7.88343129443e-07, 2.11404866945e-07, 3.51312650082e-08, 2.36715962387e-08, 1.87378859096e-08, 1.20674892301e-08, 7.61685026163e-09, 5.92858340198e-09, 1.63248770058e-09, 1.74852238384e-15, 1.03592404735e-15],
        "dvar2": [9.17205909445e-07, 0.000597777368966, 5.05593416165e-05, 1.18817079056e-05, 9.82692363323e-05, 5.38690619578e-06, 1.6294109173e-06, 7.39945744499e-06, 1.42412873174e-05, 2.78779430118e-06, 1.54370934524e-06, 1.86606189345e-06, 1.4786318161e-06, 2.02753540179e-06, 2.86467957267e-06, 1.84618249932e-06, 1.92971469914e-06, 5.59462819183e-07, 9.27523657879e-08, 6.42881730073e-08, 4.99445107494e-08, 2.98417042188e-08, 1.55035895233e-08, 1.28750468065e-08, 3.56062668239e-09, 4.02903206878e-15, 2.96895466518e-15],
        "max": [0.00674592796713, 0.133389532566, 0.0303662084043, 0.0260627549142, 0.0585193224251, 0.0176987443119, 0.0160048324615, 0.0379963889718, 0.0474734604359, 0.022912543267, 0.0208848230541, 0.015714418143, 0.0132375182584, 0.0150988521054, 0.0230438541621, 0.0144609091803, 0.0139321479946, 0.0070433774963, 0.0025878297165, 0.00153489678632, 0.00197478453629, 0.00163654633798, 0.001703170361, 0.00135324255098, 0.000680855184328, 8.60489876686e-07, 3.56168300186e-07],
        "mean": [0.000747598765884, 0.00929112546146, 0.00295070442371, 0.00212739035487, 0.00263834395446, 0.000987088074908, 0.000983509817161, 0.00344072305597, 0.00446983193979, 0.00174334389158, 0.000785320531577, 0.000931769201998, 0.000466245372081, 0.000614831456915, 0.000903029809706, 0.0010306983022, 0.00104121526238, 0.000755361048505, 0.000356918928446, 0.000172755942913, 0.000193068612134, 0.000211853097426, 0.000157085276442, 0.000129654828925, 3.33236421284e-05, 2.78717209312e-08, 6.43244302267e-09],
        "median": [0.000490831153002, 0.00574390636757, 0.0019950538408, 0.00139713915996, 0.00119859084953, 0.000467933161417, 0.00047949393047, 0.000816382293124, 0.0012174322037, 0.000359325902537, 0.000353636889486, 0.000535948318429, 0.000214358515223, 0.000266166345682, 0.000385361316148, 0.000415492599132, 0.000664836668875, 0.000618124380708, 0.000294868747005, 0.000132553788717, 0.000158284776262, 0.000171782274265, 0.000119615193398, 9.19266967685e-05, 1.77580313903e-05, 1.43257077312e-08, 6.27874530146e-10],
        "min": [1.62186557923e-24, 2.40839360582e-23, 4.95090011307e-24, 7.89732675407e-24, 5.38556286627e-23, 6.28052366998e-23, 1.73252566567e-23, 9.11968392388e-23, 2.59211363084e-23, 1.32278645212e-22, 1.80205697026e-23, 1.04342997965e-22, 8.60324319496e-23, 1.09697445002e-22, 2.1498726538e-22, 1.46380146049e-22, 1.22053568998e-22, 2.05868071181e-22, 1.23958598664e-22, 2.25483230118e-22, 5.00218946677e-22, 4.58977349039e-22, 6.06432996491e-22, 8.66907193356e-22, 1.40334442289e-21, 1.61961277313e-21, 2.33128698355e-21],
        "var": [6.73276588259e-07, 0.000187440047739, 1.41359914778e-05, 6.11415271123e-06, 2.84878533421e-05, 2.19632352128e-06, 2.3800002964e-06, 3.66059030057e-05, 6.10664792475e-05, 1.48110284499e-05, 2.61263380708e-06, 2.0977179247e-06, 7.39301412978e-07, 1.49757227064e-06, 2.73232626569e-06, 3.06730794364e-06, 1.75588445472e-06, 4.51851832395e-07, 9.18400147043e-08, 2.95667028638e-08, 2.95175439646e-08, 3.4889680478e-08, 2.7697991456e-08, 2.1239342729e-08, 3.6759726374e-09, 2.82096763314e-15, 6.30289127453e-16]
    },
    "erbbands": {
        "dmean": [0.200691193342, 1.68061232567, 2.782746315, 2.9149980545, 7.01357078552, 6.9383020401, 5.68266439438, 4.33246135712, 3.25759029388, 13.5756731033, 27.0153808594, 25.321811676, 26.318447113, 14.1753311157, 16.7522449493, 14.0057382584, 12.3617811203, 17.3914718628, 21.0430717468, 24.6765365601, 25.4518089294, 32.2627449036, 17.4577522278, 7.62638187408, 5.97549009323, 4.48488664627, 3.87708878517, 3.67643475533, 3.49353885651, 1.72722876072, 1.68279576302, 1.04030299187, 0.888650238514, 0.359547823668, 0.0132650928572, 0.00061853392981, 5.25467476109e-05, 1.09551810965e-05, 7.28674422135e-06, 1.33632156576e-05],
        "dmean2": [0.346411854029, 2.89782166481, 4.96766805649, 4.94662189484, 11.8616409302, 12.0496406555, 9.73413181305, 7.38450241089, 5.37034654617, 20.4679794312, 38.7569503784, 37.233757019, 38.1358146667, 20.675573349, 25.9113674164, 21.7553787231, 19.0109539032, 27.3487663269, 31.822309494, 38.0871772766, 40.4913749695, 50.5007858276, 27.930803299, 12.3648233414, 9.95953655243, 7.50546455383, 6.55298709869, 5.96996164322, 5.71304225922, 2.74862885475, 2.63210725784, 1.60539352894, 1.36194527149, 0.546080768108, 0.0196480602026, 0.000909028458409, 8.15712774056e-05, 1.78951195267e-05, 1.17977951959e-05, 2.18239765672e-05],
        "dvar": [0.141008839011, 13.4919290543, 35.5467834473, 22.2849216461, 300.664733887, 362.699432373, 153.593338013, 89.9183731079, 82.3695602417, 485.219177246, 2671.43969727, 3848.07543945, 2184.60522461, 731.466369629, 1096.59082031, 871.593078613, 932.487731934, 2050.42797852, 3048.66162109, 3201.73535156, 2225.42724609, 3254.53564453, 599.80657959, 94.5539016724, 68.115814209, 54.5331535339, 47.5716056824, 22.8357944489, 19.6043834686, 6.95946884155, 6.95312595367, 2.00814270973, 2.62669205666, 0.588454723358, 0.00125572248362, 2.35388097281e-06, 1.01075983139e-08, 4.94188245881e-10, 1.4081268096e-10, 4.57604398818e-10],
        "dvar2": [0.388585954905, 35.8211975098, 100.911094666, 63.4632263184, 827.768188477, 1003.87585449, 412.669403076, 239.236282349, 198.804336548, 1004.66992188, 5252.64746094, 7737.85839844, 4019.11474609, 1386.98193359, 2360.58544922, 1995.9197998, 2253.92480469, 4196.09277344, 6508.48730469, 6696.41455078, 5490.36425781, 7890.38720703, 1564.17980957, 241.572570801, 189.909378052, 148.497695923, 129.936904907, 60.1431503296, 48.4834823608, 16.8667297363, 14.2383012772, 4.45340442657, 5.21058130264, 1.05909955502, 0.00228456314653, 4.15982140112e-06, 2.02107948155e-08, 1.26282428958e-09, 3.57988638733e-10, 1.14357068259e-09],
        "max": [3.10194516182, 31.4882602692, 43.5103569031, 45.8269119263, 155.693466187, 202.180999756, 165.325454712, 143.225387573, 154.813659668, 391.868804932, 996.703918457, 1242.83227539, 871.90423584, 539.475280762, 664.009887695, 517.011230469, 501.370178223, 701.481140137, 827.683959961, 1112.71374512, 671.264221191, 895.838684082, 374.828613281, 142.758895874, 103.726570129, 72.1545181274, 102.937713623, 64.9035720825, 59.5296554565, 49.773525238, 47.2997245789, 21.2780284882, 30.8603553772, 13.7910909653, 0.89609003067, 0.0376521497965, 0.00178000703454, 0.000251942285104, 0.000124326965306, 0.000200010981644],
        "mean": [0.324161857367, 1.82028377056, 3.46537804604, 5.76371622086, 8.93471050262, 8.20280742645, 8.61463546753, 6.66473770142, 6.14880752563, 38.9263038635, 102.595153809, 73.5771255493, 72.1565246582, 39.8879737854, 35.1903419495, 30.0614700317, 23.0882472992, 30.124256134, 36.3889503479, 48.5720710754, 65.7525177002, 73.0193405151, 42.4422111511, 20.380689621, 14.2206106186, 8.2311296463, 7.09167385101, 8.74824428558, 8.57314300537, 4.49773359299, 4.51526975632, 2.79424595833, 2.20869398117, 0.761807918549, 0.0249244645238, 0.00126215582713, 0.000128033425426, 2.61626009888e-05, 2.50058001257e-05, 4.52608728665e-05],
        "median": [0.226752325892, 0.916401803493, 2.24186754227, 4.17669820786, 4.41420602798, 3.44525527954, 3.61500549316, 3.87076640129, 3.85670304298, 21.4241943359, 25.2288417816, 23.296415329, 26.1576499939, 14.9992933273, 20.7187843323, 18.2414798737, 12.7198486328, 14.3974714279, 18.3726787567, 21.648273468, 29.46758461, 46.7147140503, 34.6013946533, 17.8341712952, 11.5738801956, 6.25487279892, 5.31546020508, 7.24793052673, 7.04368209839, 3.58956098557, 3.4205057621, 1.99514567852, 1.50151073933, 0.444543004036, 0.0135371861979, 0.000750255247112, 9.08656438696e-05, 2.01872098842e-05, 2.41405323322e-05, 4.3843218009e-05],
        "min": [4.97186237191e-22, 5.91363092531e-21, 9.25583843836e-21, 1.50255468033e-20, 1.31244185376e-19, 1.80690677175e-19, 1.97399544602e-19, 7.08910793859e-19, 3.55178714677e-19, 1.018901433e-18, 1.31225917609e-18, 5.53601378299e-19, 2.1314333007e-18, 3.91830327647e-18, 1.78279859279e-18, 4.34691270112e-18, 4.19265013433e-18, 5.27740651782e-18, 9.05114674736e-18, 1.03365895552e-17, 8.63953009402e-18, 6.46151473751e-18, 8.9080651809e-18, 8.65934106969e-18, 7.14904989187e-18, 1.12240939683e-17, 1.8424222263e-17, 2.014695162e-17, 1.63767649584e-17, 1.34073205626e-17, 1.8902195345e-17, 1.51356912915e-17, 1.44955064369e-17, 1.19508523729e-17, 1.24302581318e-17, 6.98616893028e-18, 2.71403108178e-18, 1.43990720668e-18, 3.13761807255e-19, 3.22707261517e-20],
        "var": [0.144767999649, 10.5025205612, 25.5749015808, 32.9190444946, 247.264816284, 284.140930176, 193.672302246, 92.9596633911, 98.920173645, 2654.11669922, 26941.9863281, 16882.5839844, 13830.2382812, 4284.53662109, 2959.02636719, 2146.99658203, 1333.14526367, 3804.36743164, 4742.34472656, 6565.88085938, 11006.7382812, 8444.18847656, 1356.5982666, 275.652740479, 161.19468689, 67.4177932739, 53.7774429321, 55.1561279297, 54.8273582458, 20.547624588, 23.9740619659, 8.24411010742, 8.18484020233, 1.63021755219, 0.00304753845558, 6.05744799032e-06, 2.60915804517e-08, 7.87826304194e-10, 2.334016036e-10, 7.88844101152e-10]
    },
    "gfcc": {
        "mean": [-2.2857336998, 117.875595093, -157.147994995, 60.5522232056, -71.4780273438, 28.2305526733, -29.13530159, 9.9356803894, 4.93209695816, -24.1539230347, -0.409778535366, -18.8379039764, 4.90181779861],
        "cov": [[7595.66894531, 714.643249512, -130.779067993, 428.928070068, 290.015808105, 27.6761951447, -8.8475561142, 91.2612991333, 61.9280471802, -81.8941574097, -28.3543224335, -70.1956481934, -36.9011116028], [714.643249512, 833.752990723, 77.0121688843, 226.150497437, 285.57635498, -79.8309860229, 270.224761963, 51.7205581665, 104.116996765, -123.487373352, 39.484161377, -59.5241737366, -90.6300125122], [-130.779067993, 77.0121688843, 355.308166504, 290.297302246, 164.672286987, 85.8855667114, 21.8702869415, 76.1657028198, 13.255068779, -3.63315010071, -27.6366157532, -8.96088504791, -36.9819335938], [428.928070068, 226.150497437, 290.297302246, 514.418273926, 308.357910156, 95.6130752563, 48.5573425293, 66.1833724976, 48.1587982178, -40.1263313293, -46.0491065979, -20.0371360779, -41.543586731], [290.015808105, 285.57635498, 164.672286987, 308.357910156, 321.544464111, 66.2333374023, 79.6938095093, 61.4299125671, 46.1861877441, -40.6770210266, -17.6389083862, -15.7524929047, -22.9424858093], [27.6761951447, -79.8309860229, 85.8855667114, 95.6130752563, 66.2333374023, 194.452346802, 80.7861328125, 60.3357696533, -19.6593589783, 18.3581752777, 9.28545379639, -0.864917457104, -19.8063755035], [-8.8475561142, 270.224761963, 21.8702869415, 48.5573425293, 79.6938095093, 80.7861328125, 367.203063965, 96.5998535156, 46.3407974243, -41.7816390991, 53.5894393921, -41.8805618286, -87.3274688721], [91.2612991333, 51.7205581665, 76.1657028198, 66.1833724976, 61.4299125671, 60.3357696533, 96.5998535156, 157.132659912, 69.0972061157, 6.81855344772, -2.7652554512, -22.3682937622, -36.137878418], [61.9280471802, 104.116996765, 13.255068779, 48.1587982178, 46.1861877441, -19.6593589783, 46.3407974243, 69.0972061157, 120.374778748, 13.6960821152, -12.9332351685, -21.9143733978, -23.3806667328], [-81.8941574097, -123.487373352, -3.63315010071, -40.1263313293, -40.6770210266, 18.3581752777, -41.7816390991, 6.81855344772, 13.6960821152, 77.3934020996, 12.2534570694, 5.21767187119, 15.6486988068], [-28.3543224335, 39.484161377, -27.6366157532, -46.0491065979, -17.6389083862, 9.28545379639, 53.5894393921, -2.7652554512, -12.9332351685, 12.2534570694, 86.7786102295, 38.2326698303, -6.80968904495], [-70.1956481934, -59.5241737366, -8.96088504791, -20.0371360779, -15.7524929047, -0.864917457104, -41.8805618286, -22.3682937622, -21.9143733978, 5.21767187119, 38.2326698303, 93.4445648193, 53.7477378845], [-36.9011116028, -90.6300125122, -36.9819335938, -41.543586731, -22.9424858093, -19.8063755035, -87.3274688721, -36.137878418, -23.3806667328, 15.6486988068, -6.80968904495, 53.7477378845, 89.9411010742]],
        "icov": [[0.000187725294381, -0.000390756846173, 0.000464476179332, -0.000386097177397, 0.000281634856947, -0.000250287936069, 0.000311218725983, -0.000381507503334, 0.000347371707903, -0.000291956384899, 0.000186667675734, -6.25765751465e-05, 5.41524859727e-05], [-0.000390756846173, 0.005645243451, -0.00162260269281, 0.000866944610607, -0.00412011472508, 0.00372611172497, -0.00260556000285, 0.0020689193625, -0.00366401067004, 0.00585793191567, -0.00547846779227, 0.00382648268715, -0.00134070939384], [0.000464476179332, -0.00162260269281, 0.00766964443028, -0.00436037778854, 0.000986085738987, -0.000679778284393, 0.00124153972138, -0.00376466172747, 0.00415459647775, -0.00404374906793, 0.0032562862616, -0.00316233816557, 0.00340965506621], [-0.000386097177397, 0.000866944610607, -0.00436037778854, 0.00808114372194, -0.00541312247515, -0.000915060460102, -0.000109733628051, 0.00256512081251, -0.00275451899506, 0.00203559105285, 0.00145059684291, -0.00111004582141, 0.00169969850685], [0.000281634856947, -0.00412011472508, 0.000986085738987, -0.00541312247515, 0.0116434684023, -0.00371988583356, 0.00146097247489, -0.00190672231838, 0.000569249910768, -0.000749166938476, 0.00111402780749, 0.000110599277832, -0.00303110759705], [-0.000250287936069, 0.00372611172497, -0.000679778284393, -0.000915060460102, -0.00371988583356, 0.0120742367581, -0.0042547499761, -0.0024322073441, 0.00417077029124, -0.00258095096797, -0.00072032539174, -0.000389999331674, 0.00126326701138], [0.000311218725983, -0.00260556000285, 0.00124153972138, -0.000109733628051, 0.00146097247489, -0.0042547499761, 0.00724526727572, -0.00256920978427, -0.00054473039927, 0.00223039463162, -0.00312749156728, 0.00155602558516, 0.00170379702467], [-0.000381507503334, 0.0020689193625, -0.00376466172747, 0.00256512081251, -0.00190672231838, -0.0024322073441, -0.00256920978427, 0.0139384884387, -0.00912117678672, 0.00278414878994, -0.0014004597906, 0.0014391556615, -0.000172567713889], [0.000347371707903, -0.00366401067004, 0.00415459647775, -0.00275451899506, 0.000569249910768, 0.00417077029124, -0.00054473039927, -0.00912117678672, 0.0202626436949, -0.0126680480316, 0.00929991621524, -0.00611815042794, 0.005588082131], [-0.000291956384899, 0.00585793191567, -0.00404374906793, 0.00203559105285, -0.000749166938476, -0.00258095096797, 0.00223039463162, 0.00278414878994, -0.0126680480316, 0.030048891902, -0.0168066248298, 0.0130657237023, -0.0100163603202], [0.000186667675734, -0.00547846779227, 0.0032562862616, 0.00145059684291, 0.00111402780749, -0.00072032539174, -0.00312749156728, -0.0014004597906, 0.00929991621524, -0.0168066248298, 0.033299703151, -0.0233681928366, 0.0149188246578], [-6.25765751465e-05, 0.00382648268715, -0.00316233816557, -0.00111004582141, 0.000110599277832, -0.000389999331674, 0.00155602558516, 0.0014391556615, -0.00611815042794, 0.0130657237023, -0.0233681928366, 0.0333939753473, -0.0215403605253], [5.41524859727e-05, -0.00134070939384, 0.00340965506621, 0.00169969850685, -0.00303110759705, 0.00126326701138, 0.00170379702467, -0.000172567713889, 0.005588082131, -0.0100163603202, 0.0149188246578, -0.0215403605253, 0.0302638392895]]
    },
    "melbands": {
        "dmean": [0.00188965082634, 0.00172937917523, 0.000572457211092, 0.000554181402549, 0.000198762718355, 0.000102769758087, 6.03213811701e-05, 0.000163433127454, 0.000237562824623, 0.000166084922967, 0.00013709886116, 6.34028401691e-05, 5.63123248867e-05, 5.49567557755e-05, 3.0432260246e-05, 3.17446974805e-05, 3.51695452991e-05, 3.53327668563e-05, 4.345851994e-05, 2.70852451649e-05, 2.99308703688e-05, 4.02388141083e-05, 2.61032455455e-05, 9.12168798095e-06, 6.7228570515e-06, 5.97278312853e-06, 3.68023688679e-06, 3.01144859804e-06, 2.72605120699e-06, 2.36129244513e-06, 2.34745266425e-06, 2.38626262217e-06, 1.3860449144e-06, 1.02594378859e-06, 1.07557229967e-06, 9.81717562354e-07, 6.09913058724e-07, 6.05994728176e-07, 7.25588847672e-07, 1.84877876563e-07],
        "dmean2": [0.00323124462739, 0.00299753341824, 0.000975593517069, 0.000950959627517, 0.000337609089911, 0.000176049739821, 9.70510009211e-05, 0.000243233298534, 0.000340716302162, 0.000243235306698, 0.000198693931452, 9.16657372727e-05, 8.70926887728e-05, 8.39091226226e-05, 4.78326473967e-05, 5.04362797074e-05, 5.52995370526e-05, 5.39320171811e-05, 6.54634422972e-05, 4.32125161751e-05, 4.79271184304e-05, 6.37467746856e-05, 4.1799768951e-05, 1.47774144352e-05, 1.09889369924e-05, 9.86553186522e-06, 6.26905102763e-06, 5.0820681281e-06, 4.60397586721e-06, 3.97656140194e-06, 3.83836959372e-06, 3.93507252738e-06, 2.29502165894e-06, 1.63631068517e-06, 1.70535349753e-06, 1.5246583871e-06, 9.71361487245e-07, 9.3228715059e-07, 1.1229036545e-06, 2.81241483435e-07],
        "dvar": [1.4253549125e-05, 1.40974143505e-05, 9.66156562754e-07, 2.41613543039e-06, 1.72241698237e-07, 4.88812688104e-08, 1.94118179309e-08, 7.21907795764e-08, 2.1080889212e-07, 1.44152437542e-07, 6.07388130902e-08, 1.48159671198e-08, 1.46375640497e-08, 1.17315632764e-08, 3.60967744584e-09, 8.23289258989e-09, 9.49290956953e-09, 8.60038795736e-09, 1.01024779653e-08, 3.62295282663e-09, 3.02981661982e-09, 5.02323427298e-09, 1.85549031695e-09, 1.20013152194e-10, 7.23488630117e-11, 6.01259042554e-11, 3.67016798897e-11, 2.23402615851e-11, 2.20712458726e-11, 1.23281324385e-11, 8.51117700623e-12, 8.8721339303e-12, 3.82452793393e-12, 2.58596898235e-12, 2.85852396441e-12, 2.23597594433e-12, 8.1197673368e-13, 9.38360717254e-13, 2.45750056589e-12, 1.92647642088e-13],
        "dvar2": [3.81354730052e-05, 3.86996216548e-05, 2.74158901448e-06, 6.6567590693e-06, 4.59407374365e-07, 1.31857618157e-07, 4.55148523315e-08, 1.43912515682e-07, 4.29986044992e-07, 2.89583056201e-07, 1.12072022773e-07, 2.77990732656e-08, 3.12000523195e-08, 2.70066404795e-08, 7.19031723051e-09, 2.1597013955e-08, 1.97818064152e-08, 1.8864753315e-08, 2.07766053251e-08, 7.60536256195e-09, 7.89539811308e-09, 1.24406733804e-08, 4.90203300174e-09, 3.00350994076e-10, 1.89437424081e-10, 1.64199390196e-10, 1.0319239907e-10, 5.96450250301e-11, 5.98557869935e-11, 3.32193751673e-11, 2.23860253251e-11, 2.24542519994e-11, 9.50830733593e-12, 6.35792026665e-12, 6.23123688065e-12, 5.039736857e-12, 1.98021590445e-12, 1.94115318437e-12, 4.98827801981e-12, 3.56079721915e-13],
        "max": [0.0333410874009, 0.03131769225, 0.00877375435084, 0.0155011126772, 0.00483104679734, 0.00320694595575, 0.00228207395412, 0.0051142484881, 0.00837933458388, 0.00785262789577, 0.00431536976248, 0.00200360873714, 0.00314950454049, 0.00194315251429, 0.000972975220066, 0.00175397132989, 0.00163273245562, 0.00119524740148, 0.00210145558231, 0.00133667036425, 0.000817999360152, 0.00103919778485, 0.000576318358071, 0.000165147343068, 0.000116993513075, 0.000103246253275, 7.61353294365e-05, 4.49109684268e-05, 5.98253500357e-05, 4.6146040404e-05, 3.56588898285e-05, 3.83557890018e-05, 3.44315703842e-05, 2.89295949187e-05, 3.27590860252e-05, 2.28490753216e-05, 1.21901884995e-05, 1.75720761035e-05, 2.37072745222e-05, 9.66156312643e-06],
        "mean": [0.00270908209495, 0.00208259373903, 0.00111241731793, 0.000639446894638, 0.000306410103804, 0.000157882182975, 0.000115773262223, 0.000510511978064, 0.000914613599889, 0.000460384006146, 0.000371784844901, 0.000180336894118, 0.000114755042887, 0.000111849760287, 5.38720887562e-05, 5.08629746037e-05, 5.58201536478e-05, 5.35894432687e-05, 7.20336684026e-05, 6.22843872407e-05, 6.90887754899e-05, 8.09651246527e-05, 5.50114637008e-05, 2.20283855015e-05, 1.59001338034e-05, 1.38731411425e-05, 6.60238492856e-06, 5.09922529091e-06, 4.40848270955e-06, 4.40311896455e-06, 5.32303329237e-06, 5.4513352552e-06, 3.04680384033e-06, 2.34672961597e-06, 2.60608067038e-06, 2.37964809457e-06, 1.45294598042e-06, 1.44753551012e-06, 1.55365330556e-06, 3.14536066526e-07],
        "median": [0.00175267807208, 0.00127951113973, 0.000825066817924, 0.000288895680569, 0.000138726274599, 8.83729735506e-05, 6.66401101626e-05, 0.00019321932632, 0.000211375983781, 0.000138434348628, 0.000115095848741, 5.18619417562e-05, 6.06994726695e-05, 6.39292775304e-05, 2.94837045658e-05, 2.0017299903e-05, 2.25381572818e-05, 2.36819087149e-05, 2.85504265776e-05, 2.43999656959e-05, 3.27696070599e-05, 4.8430669267e-05, 4.02452824346e-05, 1.96792043425e-05, 1.33934927362e-05, 1.15450384328e-05, 4.25450616603e-06, 3.8364159991e-06, 3.13428495247e-06, 3.42955991073e-06, 4.26354426963e-06, 4.40415124103e-06, 2.35643392443e-06, 1.73172099949e-06, 1.91543449546e-06, 1.68498297626e-06, 9.53965127337e-07, 9.6881888112e-07, 9.19808599065e-07, 1.6394764657e-07],
        "min": [5.88044686656e-24, 6.17904452425e-24, 4.88729623043e-24, 1.39738978523e-23, 6.88648433443e-24, 1.44002424617e-23, 4.39680618539e-24, 1.49302497049e-23, 8.95120784699e-24, 3.57056747276e-24, 1.12235437726e-23, 1.73185813157e-23, 3.91488750852e-24, 1.18772041738e-23, 7.5274543303e-24, 1.1450941606e-23, 8.64490972357e-24, 1.45724744631e-23, 1.40692648249e-23, 1.16172421623e-23, 1.02455708203e-23, 7.0265860312e-24, 5.77828701275e-24, 1.10406053509e-23, 6.47523300074e-24, 5.64092345218e-24, 5.58621437068e-24, 7.55518989087e-24, 1.16608109501e-23, 1.02311756865e-23, 1.28820417843e-23, 1.11173370623e-23, 5.991186766e-24, 7.74420175262e-24, 1.11424820037e-23, 1.01838235218e-23, 9.08699999663e-24, 9.74442247554e-24, 9.83977288202e-24, 1.05087387626e-23],
        "var": [1.28976435008e-05, 1.05776480268e-05, 1.25060751088e-06, 1.81906443686e-06, 2.18176850808e-07, 5.17738065753e-08, 3.13295878129e-08, 6.60704984057e-07, 2.49513595918e-06, 6.42776569748e-07, 3.98016965164e-07, 1.08833987156e-07, 4.31554205704e-08, 3.4494345158e-08, 8.35141822364e-09, 9.72289448953e-09, 1.64922262513e-08, 1.29623209943e-08, 1.86934041579e-08, 1.08966817791e-08, 1.12925429008e-08, 1.23413395059e-08, 3.24733573365e-09, 3.06727393484e-10, 1.90749999129e-10, 1.44691689186e-10, 5.6854295577e-11, 2.71843381139e-11, 2.55575491326e-11, 1.81557806983e-11, 2.12419751927e-11, 2.2863431634e-11, 9.330081846e-12, 6.6502224734e-12, 8.55139049849e-12, 6.94234600362e-12, 2.71121905308e-12, 3.18862449465e-12, 6.12540400347e-12, 4.3873428111e-13]
    },
    "mfcc": {
        "mean": [-613.851623535, 107.817077637, -7.02354192734, 18.9516887665, 4.32902145386, 4.69172477722, -5.82021379471, 20.3082523346, 9.70048713684, 4.7604598999, 1.26884317398, 5.15431213379, -6.24892997742],
        "cov": [[6417.56103516, 598.780822754, -161.514266968, 443.648498535, 258.381958008, 105.726341248, 16.1848297119, 165.100250244, 61.6890678406, 63.4476356506, 2.851115942, -2.18341779709, 71.2722473145], [598.780822754, 684.272583008, -82.889503479, 251.472885132, -1.05686700344, -0.193005159497, 77.7258224487, 168.776672363, 16.4754924774, 55.8254051208, 57.9080047607, 32.6013336182, 20.2029209137], [-161.514266968, -82.889503479, 261.959106445, 127.97593689, 129.244720459, 56.6087532043, 48.8154029846, 43.8915519714, 34.1505889893, 23.2791862488, 23.5006408691, 1.30671775341, 12.5330295563], [443.648498535, 251.472885132, 127.97593689, 474.06942749, 242.743026733, 108.139320374, 64.2699203491, 144.722503662, 72.6603775024, 68.4316864014, 19.0895462036, 0.674126386642, 27.3032608032], [258.381958008, -1.05686700344, 129.244720459, 242.743026733, 358.691650391, 73.2787857056, -12.2011327744, 17.6802749634, 71.3535079956, 2.39389038086, -27.0059509277, -19.5025844574, 27.2639312744], [105.726341248, -0.193005159497, 56.6087532043, 108.139320374, 73.2787857056, 159.545379639, 95.9720840454, 56.493106842, 7.99789333344, 31.8485507965, 17.8553199768, -16.3758354187, -11.6788930893], [16.1848297119, 77.7258224487, 48.8154029846, 64.2699203491, -12.2011327744, 95.9720840454, 231.816375732, 136.077041626, 3.29710221291, 56.4148406982, 71.6784515381, -2.84752225876, -6.54324769974], [165.100250244, 168.776672363, 43.8915519714, 144.722503662, 17.6802749634, 56.493106842, 136.077041626, 218.397689819, 46.7873344421, 78.1503143311, 70.3854293823, 24.4666137695, 5.75015640259], [61.6890678406, 16.4754924774, 34.1505889893, 72.6603775024, 71.3535079956, 7.99789333344, 3.29710221291, 46.7873344421, 125.972366333, 47.1027641296, 30.7985134125, 5.21081018448, 7.01120615005], [63.4476356506, 55.8254051208, 23.2791862488, 68.4316864014, 2.39389038086, 31.8485507965, 56.4148406982, 78.1503143311, 47.1027641296, 129.811309814, 68.6135787964, 5.11759328842, -16.7240047455], [2.851115942, 57.9080047607, 23.5006408691, 19.0895462036, -27.0059509277, 17.8553199768, 71.6784515381, 70.3854293823, 30.7985134125, 68.6135787964, 118.32975769, 34.5557594299, -6.90417528152], [-2.18341779709, 32.6013336182, 1.30671775341, 0.674126386642, -19.5025844574, -16.3758354187, -2.84752225876, 24.4666137695, 5.21081018448, 5.11759328842, 34.5557594299, 67.9462738037, 21.0299263], [71.2722473145, 20.2029209137, 12.5330295563, 27.3032608032, 27.2639312744, -11.6788930893, -6.54324769974, 5.75015640259, 7.01120615005, -16.7240047455, -6.90417528152, 21.0299263, 72.5850830078]],
