{
"lowlevel": {
    "average_loudness": 0.792788922787,
    "barkbands_crest": {
        "dmean": 2.0950050354,
        "dmean2": 3.23345637321,
        "dvar": 4.90227603912,
        "dvar2": 10.3524656296,
        "max": 24.0525550842,
        "mean": 9.05134487152,
        "median": 7.97632217407,
        "min": 2.65155053139,
        "var": 16.141620636
    },
    "barkbands_flatness_db": {
        "dmean": 0.017599157989,
        "dmean2": 0.0263372454792,
        "dvar": 0.000288386305328,
        "dvar2": 0.000587687303778,
        "max": 0.439553827047,
        "mean": 0.224073380232,
        "median": 0.19247622788,
        "min": 0.0900841057301,
        "var": 0.00731181399897
    },
    "barkbands_kurtosis": {
        "dmean": 0.986490786076,
        "dmean2": 1.52089858055,
        "dvar": 5.17310476303,
        "dvar2": 12.080742836,
        "max": 76.0714797974,
        "mean": 0.497544884682,
        "median": -0.653309106827,
        "min": -1.89303731918,
        "var": 13.0090808868
    },
    "barkbands_skewness": {
        "dmean": 0.430230587721,
        "dmean2": 0.63842010498,
        "dvar": 0.213547170162,
        "dvar2": 0.434251785278,
        "max": 8.05820178986,
        "mean": 0.227489650249,
        "median": 0.126454398036,
        "min": -2.1636095047,
        "var": 0.875921189785
    },
    "barkbands_spread": {
        "dmean": 4.83803796768,
        "dmean2": 7.6423535347,
        "dvar": 39.4149627686,
        "dvar2": 97.7693481445,
        "max": 74.376625061,
        "mean": 29.9070568085,
        "median": 36.3525009155,
        "min": 0.747344911098,
        "var": 432.191070557
    },
    "dissonance": {
        "dmean": 0.0128408074379,
        "dmean2": 0.0217833314091,
        "dvar": 0.000532995327376,
        "dvar2": 0.00148484064266,
        "max": 0.5,
        "mean": 0.470974236727,
        "median": 0.489565521479,
        "min": 0.229207590222,
        "var": 0.00142340909224
    },
    "dynamic_complexity": 4.58856534958,
    "erbbands_crest": {
        "dmean": 2.12648820877,
        "dmean2": 3.39372229576,
        "dvar": 3.66472220421,
        "dvar2": 9.51704120636,
        "max": 27.6242160797,
        "mean": 10.8473110199,
        "median": 9.92502117157,
        "min": 3.04230761528,
        "var": 16.6910610199
    },
    "erbbands_flatness_db": {
        "dmean": 0.0134689575061,
        "dmean2": 0.0194267015904,
        "dvar": 0.000169400926097,
        "dvar2": 0.00029262775206,
        "max": 0.526063323021,
        "mean": 0.296759217978,
        "median": 0.250681012869,
        "min": 0.142740905285,
        "var": 0.0100506115705
    },
    "erbbands_kurtosis": {
        "dmean": 1.52225112915,
        "dmean2": 2.37116718292,
        "dvar": 2.43793916702,
        "dvar2": 5.78953075409,
        "max": 16.0911712646,
        "mean": 4.09067630768,
        "median": 3.78592395782,
        "min": -1.82093954086,
        "var": 11.2781457901
    },
    "erbbands_skewness": {
        "dmean": 0.28895431757,
        "dmean2": 0.441170752048,
        "dvar": 0.0817046612501,
        "dvar2": 0.183539927006,
        "max": 2.86320829391,
        "mean": -0.940589725971,
        "median": -1.3744020462,
        "min": -3.06109571457,
        "var": 1.48635447025
    },
    "erbbands_spread": {
        "dmean": 5.11294364929,
        "dmean2": 8.02290344238,
        "dvar": 51.3883628845,
        "dvar2": 116.962402344,
        "max": 92.0196609497,
        "mean": 19.6609363556,
        "median": 17.3916282654,
        "min": 1.20614218712,
        "var": 216.828277588
    },
    "hfc": {
        "dmean": 5.90298032761,
        "dmean2": 9.06301689148,
        "dvar": 154.836639404,
        "dvar2": 319.07510376,
        "max": 166.294250488,
        "mean": 21.6137504578,
        "median": 19.3676662445,
        "min": 0.00052310526371,
        "var": 532.693786621
    },
    "melbands_crest": {
        "dmean": 3.08747506142,
        "dmean2": 4.75948429108,
        "dvar": 9.71820068359,
        "dvar2": 22.1046962738,
        "max": 33.3687324524,
        "mean": 14.182311058,
        "median": 13.1854906082,
        "min": 3.5085375309,
        "var": 30.1801738739
    },
    "melbands_flatness_db": {
        "dmean": 0.0220455192029,
        "dmean2": 0.0312708504498,
        "dvar": 0.000633247487713,
        "dvar2": 0.00118834420573,
        "max": 0.475582808256,
        "mean": 0.225132957101,
        "median": 0.203216001391,
        "min": 0.0412203110754,
        "var": 0.0106321787462
    },
    "melbands_kurtosis": {
        "dmean": 2.93219923973,
        "dmean2": 4.45131397247,
        "dvar": 54.5770339966,
        "dvar2": 123.067848206,
        "max": 228.675537109,
        "mean": 3.42333555222,
        "median": 1.0909409523,
        "min": -1.79839766026,
        "var": 92.3136062622
    },
    "melbands_skewness": {
        "dmean": 0.569669127464,
        "dmean2": 0.838601946831,
        "dvar": 0.46971938014,
        "dvar2": 0.948000788689,
        "max": 13.1397361755,
        "mean": 1.25915527344,
        "median": 1.04974961281,
        "min": -1.89642775059,
        "var": 1.97353351116
    },
    "melbands_spread": {
        "dmean": 10.6860132217,
        "dmean2": 16.621515274,
        "dvar": 214.523666382,
        "dvar2": 483.547943115,
        "max": 138.1118927,
        "mean": 46.512386322,
        "median": 38.8696937561,
        "min": 1.28142237663,
        "var": 1286.64929199
    },
    "pitch_salience": {
        "dmean": 0.0583963729441,
        "dmean2": 0.0905032083392,
        "dvar": 0.00325496098958,
        "dvar2": 0.00776622490957,
        "max": 0.864123940468,
        "mean": 0.577179789543,
        "median": 0.587716817856,
        "min": 0.100682251155,
        "var": 0.0130878863856
    },
    "silence_rate_20dB": {
        "dmean": 0,
        "dmean2": 0,
        "dvar": 0,
        "dvar2": 0,
        "max": 1,
        "mean": 1,
        "median": 1,
        "min": 1,
        "var": 0
    },
    "silence_rate_30dB": {
        "dmean": 0,
        "dmean2": 0,
        "dvar": 0,
        "dvar2": 0,
        "max": 1,
        "mean": 1,
        "median": 1,
        "min": 1,
        "var": 0
    },
    "silence_rate_60dB": {
        "dmean": 0.020139425993,
        "dmean2": 0.0402944609523,
        "dvar": 0.0197335537523,
        "dvar2": 0.0425453856587,
        "max": 1,
        "mean": 0.32094463706,
        "median": 0,
        "min": 0,
        "var": 0.217941403389
    },
    "spectral_centroid": {
        "dmean": 165.318054199,
        "dmean2": 257.599517822,
        "dvar": 42773.25,
        "dvar2": 97830.9140625,
        "max": 3541.35400391,
        "mean": 2077.36987305,
        "median": 2335.6784668,
        "min": 281.768707275,
        "var": 623452.9375
    },
    "spectral_complexity": {
        "dmean": 2.96049571037,
        "dmean2": 4.35877561569,
        "dvar": 13.0618619919,
        "dvar2": 23.5884914398,
        "max": 64,
        "mean": 20.0874958038,
        "median": 23,
        "min": 0,
        "var": 192.10295105
    },
    "spectral_decrease": {
        "dmean": 1.4162830908e-09,
        "dmean2": 2.09242956295e-09,
        "dvar": 9.7889984712e-18,
        "dvar2": 2.33168466937e-17,
        "max": -5.22370199125e-14,
        "mean": -3.44923734019e-09,
        "median": -2.47738096704e-09,
        "min": -3.36610064267e-08,
        "var": 1.9330416822e-17
    },
    "spectral_energy": {
        "dmean": 0.00567270535976,
        "dmean2": 0.00831276550889,
        "dvar": 0.000151896296302,
        "dvar2": 0.000361625687219,
        "max": 0.135982558131,
        "mean": 0.0149786295369,
        "median": 0.0113757289946,
        "min": 2.44601608301e-07,
        "var": 0.000329272588715
    },
    "spectral_energyband_high": {
        "dmean": 0.000554263941012,
        "dmean2": 0.000848981842864,
        "dvar": 2.18752438741e-06,
        "dvar2": 4.61550280306e-06,
        "max": 0.0173123348504,
        "mean": 0.00120341044385,
        "median": 0.000667829590384,
        "min": 4.01804101102e-09,
        "var": 4.04021557188e-06
    },
    "spectral_energyband_low": {
        "dmean": 0.00327996187843,
        "dmean2": 0.00478766765445,
        "dvar": 8.06910684332e-05,
        "dvar2": 0.00017286700313,
        "max": 0.118353456259,
        "mean": 0.00482017593458,
        "median": 0.0013883409556,
        "min": 9.76441505429e-09,
        "var": 0.000122403173009
    },
    "spectral_energyband_middle_high": {
        "dmean": 0.00131662178319,
        "dmean2": 0.00207262486219,
        "dvar": 3.59518799087e-06,
        "dvar2": 9.13732947083e-06,
        "max": 0.0267052352428,
        "mean": 0.00540905771777,
        "median": 0.00523078721017,
        "min": 1.41403418752e-07,
        "var": 1.8038736016e-05
    },
    "spectral_energyband_middle_low": {
        "dmean": 0.0026375062298,
        "dmean2": 0.0042278887704,
        "dvar": 5.70187148696e-05,
        "dvar2": 0.000147373939399,
        "max": 0.0951518937945,
        "mean": 0.00468278396875,
        "median": 0.0023806320969,
        "min": 6.6539634247e-08,
        "var": 7.7397628047e-05
    },
    "spectral_entropy": {
        "dmean": 0.117236375809,
        "dmean2": 0.158768877387,
        "dvar": 0.0154575761408,
        "dvar2": 0.0270719006658,
        "max": 8.27941799164,
        "mean": 7.13059854507,
        "median": 7.44541072845,
        "min": 5.4932551384,
        "var": 0.468870192766
    },
    "spectral_flux": {
        "dmean": 0.0143179977313,
        "dmean2": 0.0225032214075,
        "dvar": 0.000501502247062,
        "dvar2": 0.00117025838699,
        "max": 0.308622330427,
        "mean": 0.0560241602361,
        "median": 0.0573681928217,
        "min": 0.000494572159369,
        "var": 0.0023121132981
    },
    "spectral_kurtosis": {
        "dmean": 7.16830778122,
        "dmean2": 12.5712337494,
        "dvar": 123.474594116,
        "dvar2": 375.660339355,
        "max": 141.72454834,
        "mean": 13.3297252655,
        "median": 4.48629045486,
        "min": -0.378913879395,
        "var": 362.264678955
    },
    "spectral_rms": {
        "dmean": 0.000523426220752,
        "dmean2": 0.000735004781745,
        "dvar": 7.13722442924e-07,
        "dvar2": 1.55155782977e-06,
        "max": 0.0115180686116,
        "mean": 0.00322859105654,
        "median": 0.0033314069733,
        "min": 1.54478384502e-05,
        "var": 4.1895123104e-06
    },
    "spectral_rolloff": {
        "dmean": 419.858062744,
        "dmean2": 669.873291016,
        "dvar": 499690.53125,
        "dvar2": 1135053.875,
        "max": 6826.02539062,
        "mean": 2549.96630859,
        "median": 2734.71679688,
        "min": 64.599609375,
        "var": 1544363.5
    },
    "spectral_skewness": {
        "dmean": 0.521150350571,
        "dmean2": 0.909188747406,
        "dvar": 0.429299682379,
        "dvar2": 1.29398310184,
        "max": 9.26354694366,
        "mean": 1.5792427063,
        "median": 0.825772225857,
        "min": -0.0157624017447,
        "var": 2.2843644619
    },
    "spectral_spread": {
        "dmean": 258445.578125,
        "dmean2": 398761.375,
        "dvar": 106793959424,
        "dvar2": 182598205440,
        "max": 13686924,
        "mean": 2318071.5,
        "median": 2402965.5,
        "min": 519418.78125,
        "var": 962509799424
    },
    "spectral_strongpeak": {
        "dmean": 0.580448389053,
        "dmean2": 1.0422976017,
        "dvar": 1.35564041138,
        "dvar2": 3.71729636192,
        "max": 7.79770994186,
        "mean": 0.892659723759,
        "median": 0.459796369076,
        "min": 0.000611300987657,
        "var": 1.32015252113
    },
    "zerocrossingrate": {
        "dmean": 0.00828149169683,
        "dmean2": 0.010111451149,
        "dvar": 0.000110134467832,
        "dvar2": 0.000168336278875,
        "max": 0.17431640625,
        "mean": 0.0834851264954,
        "median": 0.07861328125,
        "min": 0.00830078125,
        "var": 0.0010972104501
    },
    "barkbands": {
        "dmean": [0.00016334868269, 0.00215984764509, 0.000812376500107, 0.00138984061778, 0.00128549116198, 0.000267082097707, 0.000145482204971, 4.94430569233e-05, 4.11901855841e-05, 7.01974131516e-05, 6.69223445584e-05, 6.01606698183e-05, 8.4737832367e-05, 8.08468248579e-05, 0.000103384787508, 0.000311800133204, 0.00075416843174, 0.000437048758613, 0.000362446415238, 0.000168761544046, 0.000179519556696, 0.000198596026166, 0.000130726461066, 7.13120825822e-05, 6.53747974866e-06, 4.58864057862e-09, 6.1315735822e-10],
        "dmean2": [0.000232572099776, 0.00313342176378, 0.00131446239538, 0.00218932447024, 0.00217412062921, 0.000419007177697, 0.000247319258051, 7.99645131337e-05, 6.47644992569e-05, 0.000102650883491, 9.57540905802e-05, 8.26515824883e-05, 0.000133076668135, 0.000130055341288, 0.00017007580027, 0.000516278319992, 0.00125207775272, 0.00073239847552, 0.000593619886786, 0.000276070582913, 0.000284724636003, 0.000305085268337, 0.00020478204533, 0.000109946471639, 9.65353956417e-06, 6.92392632118e-09, 1.13903753096e-09],
        "dvar": [3.84663309205e-07, 6.17788246018e-05, 2.6871002774e-06, 1.01968853414e-05, 2.1859201297e-05, 4.64380434551e-07, 4.32542833551e-07, 1.34532509577e-08, 1.32151578569e-08, 3.17769206504e-08, 3.63720360497e-08, 2.61156518633e-08, 3.54033495853e-08, 2.57251038249e-08, 3.70988075815e-08, 3.14341491503e-07, 1.38157133733e-06, 4.42043415205e-07, 2.76259584098e-07, 1.04758733244e-07, 1.3844871205e-07, 2.72861996109e-07, 1.54296600385e-07, 4.52806858675e-08, 3.43095163391e-10, 1.51426078449e-16, 1.28523518548e-18],
        "dvar2": [7.90969011177e-07, 0.000131496257382, 6.35004107608e-06, 2.40721237788e-05, 5.97622019995e-05, 1.11001179448e-06, 1.22339690733e-06, 3.31262270947e-08, 3.22926538843e-08, 7.07545879663e-08, 6.56362146856e-08, 4.05939495352e-08, 8.68233769324e-08, 6.54869083405e-08, 9.93081243905e-08, 8.54848849485e-07, 3.79867242373e-06, 1.21436266909e-06, 7.39657536997e-07, 2.65105427388e-07, 3.13776581606e-07, 5.92746403072e-07, 3.58094780495e-07, 1.01984376499e-07, 7.04470259905e-10, 3.2030963829e-16, 4.08744020504e-18],
        "max": [0.0104402890429, 0.102719850838, 0.0307215061039, 0.06963545084, 0.0612550638616, 0.010037060827, 0.0153753822669, 0.0016185689019, 0.00188474077731, 0.00564357638359, 0.00540241925046, 0.00596316764131, 0.00418012496084, 0.00251429295167, 0.00279233395122, 0.00786329805851, 0.0125459674746, 0.0089160585776, 0.00610493309796, 0.0043262578547, 0.00649457564577, 0.00650332868099, 0.00497700693086, 0.00272290152498, 0.000298818107694, 2.14643876006e-07, 1.09585807095e-08],
        "mean": [0.000166852463735, 0.00226113502868, 0.00130486290436, 0.00219734571874, 0.00159087474458, 0.00046649959404, 0.000229976038099, 7.72493440309e-05, 7.24935307517e-05, 0.000183137148269, 0.000196620982024, 0.000186468314496, 0.000192503677681, 0.000153582252096, 0.000183951095096, 0.000598007580265, 0.00157160242088, 0.00101847178303, 0.000879748782609, 0.000396259885747, 0.000419460120611, 0.000341050938005, 0.000181755138328, 9.8919539596e-05, 9.76351384452e-06, 6.81967948779e-09, 5.12040965184e-10],
        "median": [9.17956072044e-07, 0.000159956864081, 0.000451308791526, 0.000585679779761, 0.000495953659993, 0.000153312663315, 7.41028634366e-05, 4.3095471483e-05, 3.85678067687e-05, 6.17479308858e-05, 2.40502304223e-05, 5.06810829393e-05, 7.60456750868e-05, 9.33941191761e-05, 0.000117762632726, 0.000376251933631, 0.00104568561073, 0.000802485854365, 0.000710120308213, 0.000308174436213, 0.000306808680762, 0.000149936022353, 1.74204524228e-05, 6.95282960805e-06, 1.51161046347e-07, 4.24625695716e-10, 1.2465775634e-10],
        "min": [8.07258600244e-12, 1.78874126622e-09, 2.59510579692e-10, 2.1941655437e-10, 7.56936202606e-09, 7.86788501017e-09, 2.66762723022e-10, 2.70019295812e-09, 8.04856181702e-10, 3.19837434315e-10, 7.27119808808e-10, 8.59570692402e-10, 4.53033277559e-10, 2.1399779726e-09, 6.95186019861e-10, 4.24266710652e-09, 6.90099888345e-09, 1.13888614095e-08, 1.55176627104e-09, 6.27529528341e-10, 7.24367732463e-10, 6.94694024528e-10, 5.15029796588e-10, 1.2398293503e-10, 1.54086517851e-11, 3.68839030498e-12, 4.72628099851e-12],
        "var": [5.00055875818e-07, 7.52731211833e-05, 5.23166636412e-06, 2.67651703325e-05, 1.88609119505e-05, 8.10781273231e-07, 3.32864090069e-07, 1.60379567404e-08, 1.53937484981e-08, 1.2300176877e-07, 3.12330882934e-07, 1.47293590658e-07, 1.33887297693e-07, 3.85969620709e-08, 5.75268259695e-08, 5.96392453645e-07, 3.35733602697e-06, 1.28290616885e-06, 9.6263352134e-07, 2.34998722703e-07, 3.15691409014e-07, 4.32241932913e-07, 2.02219965217e-07, 6.05439822721e-08, 6.19155449133e-10, 2.7927269194e-16, 1.01457982789e-18]
    },
    "erbbands": {
        "dmean": [0.0977295264602, 0.356072068214, 0.735888898373, 2.89496445656, 5.67572593689, 3.15277671814, 2.50917387009, 1.95775973797, 1.92417216301, 1.7412661314, 1.00760793686, 0.866033732891, 1.68202340603, 2.40671873093, 2.49630355835, 2.79443860054, 4.12422227859, 3.86414670944, 4.08087301254, 7.61776685715, 24.890001297, 35.9249038696, 26.410785675, 18.8889102936, 15.2407045364, 8.12428092957, 6.95162630081, 7.36467552185, 7.21532869339, 5.21554803848, 3.56221175194, 2.14580273628, 0.858650445938, 0.153628826141, 0.00441371323541, 0.000258679268882, 3.29789363605e-05, 7.80866957939e-06, 4.44311854153e-06, 7.00469217918e-06],
        "dmean2": [0.14182446897, 0.53006285429, 1.18364226818, 4.60201072693, 9.49048995972, 5.46312093735, 4.18097877502, 3.02104878426, 3.17363619804, 2.97567152977, 1.61866140366, 1.36026620865, 2.68205523491, 3.2868616581, 3.57520127296, 3.86149072647, 6.38677024841, 6.22451877594, 6.59038162231, 12.6005420685, 41.1430206299, 59.75340271, 43.9705848694, 30.8756866455, 25.2399578094, 13.4594659805, 11.2366046906, 11.6328849792, 11.2654933929, 8.0053396225, 5.61383247375, 3.39929485321, 1.29343664646, 0.218187019229, 0.00633209431544, 0.000372288544895, 4.78772781207e-05, 1.15672191896e-05, 6.75195951771e-06, 1.03069714896e-05],
        "dvar": [0.146990597248, 1.46120214462, 2.12341785431, 42.2184143066, 326.344848633, 154.587173462, 55.908405304, 27.9143314362, 59.1668891907, 53.481590271, 5.00782346725, 7.88018703461, 14.064740181, 37.4480476379, 38.7884902954, 46.9144935608, 88.497543335, 58.3502922058, 66.3797531128, 170.441329956, 1719.66455078, 3236.26318359, 1633.86132812, 810.660400391, 522.774169922, 238.821243286, 219.663650513, 231.261154175, 367.934356689, 245.622772217, 119.008117676, 43.0279884338, 6.691842556, 0.189124003053, 0.000151312095113, 5.0786383099e-07, 8.51113668432e-09, 4.73810435331e-10, 1.10400709408e-10, 2.29684812836e-10],
        "dvar2": [0.317572057247, 3.13026714325, 5.04470539093, 104.221870422, 872.491577148, 430.460388184, 153.606765747, 62.5628395081, 158.260818481, 152.3956604, 11.9503955841, 19.4599952698, 36.0433311462, 73.5389175415, 71.6388549805, 74.672492981, 213.410903931, 145.780914307, 171.983688354, 462.644866943, 4649.33154297, 8950.60351562, 4508.12695312, 2129.66162109, 1403.81079102, 613.452209473, 513.648071289, 517.685302734, 820.329040527, 525.831848145, 286.907196045, 104.149024963, 14.1484937668, 0.356612801552, 0.00028035021387, 9.54183519752e-07, 1.69990510557e-08, 9.73578884178e-10, 2.30407498636e-10, 5.28136034905e-10],
        "max": [5.34253883362, 15.3457012177, 24.5674667358, 116.415916443, 258.082946777, 155.573501587, 107.201698303, 107.393630981, 181.055908203, 163.347351074, 29.8638305664, 46.3955612183, 91.3227233887, 215.064620972, 162.485671997, 216.745101929, 207.781982422, 96.5871276855, 107.996315002, 185.192428589, 566.944458008, 822.025695801, 580.90057373, 317.07421875, 273.237915039, 237.778564453, 204.966629028, 240.622634888, 249.333084106, 193.374389648, 136.818206787, 71.250831604, 40.5954322815, 7.18677854538, 0.188448086381, 0.00993683002889, 0.00126744410954, 0.000281135784462, 0.000125203383504, 0.000187081008335],
        "mean": [0.0928501412272, 0.408062011003, 1.30544626713, 4.86978816986, 7.71984052658, 3.67945122719, 4.09303808212, 3.22145295143, 3.11409950256, 2.72633218765, 1.6287612915, 1.56844341755, 3.6741964817, 7.17954444885, 7.51605463028, 9.08268260956, 10.2710914612, 8.21855449677, 7.71059560776, 15.4014062881, 53.0716285706, 81.4548721313, 63.962978363, 46.2302513123, 36.4287033081, 19.2936019897, 14.714302063, 17.8142700195, 12.9647283554, 7.3365278244, 4.83704662323, 2.91548728943, 1.21746385098, 0.244709342718, 0.00710275350139, 0.000433967128629, 6.22826846666e-05, 1.64230896189e-05, 1.34709616759e-05, 2.08521269087e-05],
        "median": [0.00237957760692, 0.0578964836895, 0.516880571842, 1.58344650269, 2.24980163574, 1.18019330502, 1.32406699657, 1.10846674442, 0.911423027515, 1.2778481245, 0.930065095425, 0.933562159538, 2.12137031555, 1.47535145283, 1.52065777779, 2.47067570686, 3.96997332573, 5.18287611008, 5.10077571869, 10.7560014725, 39.099521637, 60.9458465576, 51.9693717957, 38.8955726624, 28.3072357178, 15.4607458115, 10.3036336899, 13.1213512421, 6.53681659698, 0.983926296234, 0.526385784149, 0.295207679272, 0.0477288924158, 0.00605285540223, 0.000241422050749, 4.68900470878e-05, 1.86099405255e-05, 7.45248644307e-06, 9.94860238279e-06, 1.65086457855e-05],
        "min": [5.24964001158e-08, 1.88515357991e-07, 9.27906739889e-07, 3.45546914104e-06, 1.27698267534e-05, 3.07410373352e-05, 3.66937638319e-05, 9.11039533094e-05, 1.16667442853e-05, 2.31025969697e-05, 5.35679100722e-05, 1.61534244398e-05, 2.34854978771e-05, 8.79556955624e-06, 3.82913021895e-05, 3.40058250003e-05, 2.38283719227e-05, 7.26148064132e-05, 6.93814872648e-05, 9.64074060903e-05, 0.000506886746734, 0.000540190842003, 0.000884369830601, 9.93753492367e-05, 0.000107278050564, 3.62310820492e-05, 2.45418959821e-05, 3.3966403862e-05, 2.99194762192e-05, 2.13803159568e-05, 1.41809605338e-05, 7.45381748857e-06, 1.98326165446e-06, 5.41182771485e-07, 1.16388939375e-07, 2.08245491962e-08, 7.27942373047e-09, 2.83310641613e-09, 1.24661736489e-09, 6.2927257849e-10],
        "var": [0.170576289296, 1.80538654327, 4.63426923752, 101.358627319, 349.084259033, 119.72743988, 74.0439376831, 46.0156326294, 57.2065429688, 39.4493103027, 6.11245727539, 8.33735752106, 21.6833438873, 210.592285156, 309.176574707, 316.72668457, 353.2940979, 105.824523926, 96.9338302612, 336.266906738, 3967.97900391, 8564.54003906, 4865.58251953, 2631.41772461, 1688.51818848, 542.869812012, 428.079162598, 556.474060059, 568.22644043, 351.011749268, 143.648361206, 51.6222000122, 9.68752384186, 0.365368843079, 0.000298266852042, 9.79789888333e-07, 1.55266572932e-08, 8.65354288226e-10, 2.87935980614e-10, 5.90025028835e-10]
    },
    "gfcc": {
        "mean": [-126.623085022, 113.091926575, -197.476928711, 48.1258430481, -49.8057632446, -11.1458034515, -25.7536563873, -13.6035785675, -7.60661268234, -25.9273319244, 0.0133631341159, -14.6201534271, -3.80530500412],
        "cov": [[20126.5546875, -3124.65136719, 5118.45214844, 10880.1708984, -466.472259521, 983.64666748, -2638, 188.906295776, 749.800292969, -501.275604248, -647.484313965, -678.033813477, 338.322265625], [-3124.65136719, 1380.70629883, -571.529968262, -1773.40478516, 374.950073242, -363.901275635, 444.555725098, -251.51159668, -293.350524902, -132.548278809, -41.1030464172, 59.3321685791, -95.0717010498], [5118.45214844, -571.529968262, 1947.1138916, 3204.67822266, -119.715759277, 325.484313965, -855.63671875, 80.3892364502, 194.742660522, -232.16986084, -203.447402954, -253.217849731, 69.5056610107], [10880.1708984, -1773.40478516, 3204.67822266, 6923.86279297, -165.322235107, 494.82232666, -1615.05932617, 93.3304519653, 550.357666016, -329.520202637, -434.192199707, -459.820678711, 199.326278687], [-466.472259521, 374.950073242, -119.715759277, -165.322235107, 303.959716797, -108.769737244, 131.997268677, -82.5890197754, -55.9627418518, -66.8259429932, -55.1928672791, 8.14613246918, -21.7611961365], [983.64666748, -363.901275635, 325.484313965, 494.82232666, -108.769737244, 260.82019043, -110.120277405, 122.723503113, 84.4380264282, 26.8018951416, 22.6133804321, -30.7398719788, 15.776717186], [-2638, 444.555725098, -855.63671875, -1615.05932617, 131.997268677, -110.120277405, 553.106445312, 1.63107359409, -73.2932891846, 106.754081726, 110.082794189, 114.495605469, -58.0409393311], [188.906295776, -251.51159668, 80.3892364502, 93.3304519653, -82.5890197754, 122.723503113, 1.63107359409, 232.968414307, 138.343078613, 79.4814224243, 70.1438980103, -6.63403940201, 2.44146966934], [749.800292969, -293.350524902, 194.742660522, 550.357666016, -55.9627418518, 84.4380264282, -73.2932891846, 138.343078613, 210.437423706, 81.4189376831, 33.3317642212, -16.6106700897, 22.6973705292], [-501.275604248, -132.548278809, -232.16986084, -329.520202637, -66.8259429932, 26.8018951416, 106.754081726, 79.4814224243, 81.4189376831, 176.622360229, 125.208328247, 44.0578193665, 4.75135135651], [-647.484313965, -41.1030464172, -203.447402954, -434.192199707, -55.1928672791, 22.6133804321, 110.082794189, 70.1438980103, 33.3317642212, 125.208328247, 164.933319092, 67.2446670532, 2.78472781181], [-678.033813477, 59.3321685791, -253.217849731, -459.820678711, 8.14613246918, -30.7398719788, 114.495605469, -6.63403940201, -16.6106700897, 44.0578193665, 67.2446670532, 109.576820374, 32.405632019], [338.322265625, -95.0717010498, 69.5056610107, 199.326278687, -21.7611961365, 15.776717186, -58.0409393311, 2.44146966934, 22.6973705292, 4.75135135651, 2.78472781181, 32.405632019, 78.3435134888]],
        "icov": [[0.0004057243641, -0.000124274825794, 0.000163734715898, -0.000802262744401, 0.000274050427834, -0.000411235523643, 8.79177969182e-05, -0.000369179906556, 0.00087449332932, -0.000383533188142, 0.000252769532381, -0.000598823011387, 0.000237182117417], [-0.000124274825794, 0.00956657435745, -0.00865323375911, 0.00558464322239, -0.00609744386747, 0.00828258320689, -0.00444686738774, 0.00618883455172, -0.00409632502124, 0.00327597698197, -0.000184328382602, 0.00402601296082, -0.00190537248272], [0.000163734715898, -0.00865323375911, 0.011610282585, -0.00610821973532, 0.00499184988439, -0.00936444103718, 0.00624266266823, -0.00611804611981, 0.00374277797528, 0.000381088291761, -0.00225170655176, -0.00173451390583, 0.00181033322588], [-0.000802262744401, 0.00558464322239, -0.00610821973532, 0.00595968030393, -0.004608922638, 0.00485156523064, -0.00100549275521, 0.00550848059356, -0.00679817516357, 0.00272316671908, -6.16308752797e-05, 0.00474284216762, -0.0028312143404], [0.000274050427834, -0.00609744386747, 0.00499184988439, -0.004608922638, 0.00991371273994, -0.0033929455094, -0.00112252647523, -0.00371952168643, 0.00356437033042, -0.000699085881934, 0.00110877852421, -0.00401974329725, 0.00206900015473], [-0.000411235523643, 0.00828258320689, -0.00936444103718, 0.00485156523064, -0.0033929455094, 0.0151997571811, -0.00624039024115, 0.00195062032435, -0.00154507358093, 0.000946983112954, 0.000417551811552, 0.00242347083986, -0.00152300985064], [8.79177969182e-05, -0.00444686738774, 0.00624266266823, -0.00100549275521, -0.00112252647523, -0.00624039024115, 0.0123381009325, -0.00249822391197, -0.00139144866262, -0.00114754517563, -0.0005987281329, -0.00170483149122, 0.00260637630709], [-0.000369179906556, 0.00618883455172, -0.00611804611981, 0.00550848059356, -0.00371952168643, 0.00195062032435, -0.00249822391197, 0.0157877057791, -0.0124663254246, 0.00531778577715, -0.00375097314827, 0.0067852595821, -0.00263545033522], [0.00087449332932, -0.00409632502124, 0.00374277797528, -0.00679817516357, 0.00356437033042, -0.00154507358093, -0.00139144866262, -0.0124663254246, 0.0225376151502, -0.0119890822098, 0.00435897428542, -0.00759475771338, 0.00307129486464], [-0.000383533188142, 0.00327597698197, 0.000381088291761, 0.00272316671908, -0.000699085881934, 0.000946983112954, -0.00114754517563, 0.00531778577715, -0.0119890822098, 0.0240222513676, -0.0140460729599, 0.00831391476095, -0.00395869044587], [0.000252769532381, -0.000184328382602, -0.00225170655176, -6.16308752797e-05, 0.00110877852421, 0.000417551811552, -0.0005987281329, -0.00375097314827, 0.00435897428542, -0.0140460729599, 0.0205176416785, -0.0108563862741, 0.00408673938364], [-0.000598823011387, 0.00402601296082, -0.00173451390583, 0.00474284216762, -0.00401974329725, 0.00242347083986, -0.00170483149122, 0.0067852595821, -0.00759475771338, 0.00831391476095, -0.0108563862741, 0.0292510353029, -0.0161528605968], [0.000237182117417, -0.00190537248272, 0.00181033322588, -0.0028312143404, 0.00206900015473, -0.00152300985064, 0.00260637630709, -0.00263545033522, 0.00307129486464, -0.00395869044587, 0.00408673938364, -0.0161528605968, 0.0238059405237]]
    },
    "melbands": {
        "dmean": [0.000707923260052, 0.000379174947739, 0.000571163021959, 0.000334154610755, 8.42170993565e-05, 4.41141746705e-05, 2.97785227303e-05, 1.69166505657e-05, 7.64713240642e-06, 5.83733435633e-06, 8.43406269269e-06, 9.87801649899e-06, 9.92206423689e-06, 5.89527189732e-06, 9.15871078178e-06, 8.18276203063e-06, 7.6030960372e-06, 6.48615377941e-06, 7.81322887633e-06, 1.39536314236e-05, 3.81936515623e-05, 4.47330276074e-05, 3.12625707011e-05, 1.97008666873e-05, 1.7266605937e-05, 1.578517913e-05, 7.61684350437e-06, 5.17557828061e-06, 4.37582048107e-06, 4.82366567667e-06, 5.04228228237e-06, 4.46731473858e-06, 3.68897303815e-06, 2.76551668321e-06, 2.15630598177e-06, 1.79474898232e-06, 1.16103740311e-06, 6.92339028774e-07, 3.31270200604e-07, 5.85218948856e-08],
        "dmean2": [0.00102362572215, 0.000585182860959, 0.00090006866958, 0.000566138245631, 0.000140987714985, 6.81215387885e-05, 4.93021070724e-05, 2.87135280814e-05, 1.22240835481e-05, 9.19520061871e-06, 1.34637257361e-05, 1.35431164381e-05, 1.4108241885e-05, 8.27505664347e-06, 1.34587608045e-05, 1.28994133775e-05, 1.23682420963e-05, 1.05267436084e-05, 1.28594347188e-05, 2.27750879276e-05, 6.28132547718e-05, 7.4371266237e-05, 5.20038120158e-05, 3.30688817485e-05, 2.83887002297e-05, 2.60435153905e-05, 1.24458310893e-05, 8.64666617417e-06, 7.12643259249e-06, 7.96598578745e-06, 7.9522105807e-06, 7.00697000866e-06, 5.76846423428e-06, 4.30561840403e-06, 3.41721079167e-06, 2.91464516522e-06, 1.8444690113e-06, 1.05811204776e-06, 4.75123187016e-07, 8.73636238907e-08],
        "dvar": [7.21699370843e-06, 7.24800486296e-07, 1.74174522272e-06, 1.45259662077e-06, 7.09329768256e-08, 1.33937856361e-08, 1.5439306722e-08, 4.46964154577e-09, 2.72521116784e-10, 3.29840377233e-10, 3.65715180362e-10, 6.73975042442e-10, 7.69251662369e-10, 1.61836488655e-10, 5.55048673689e-10, 2.58467192094e-10, 2.20776646964e-10, 1.68241143239e-10, 2.18911583305e-10, 5.1227561082e-10, 4.15066025994e-09, 5.1958948255e-09, 2.02439420782e-09, 9.12855568913e-10, 7.21041226726e-10, 5.68606772777e-10, 1.74097999905e-10, 1.02099120824e-10, 9.09331984711e-11, 9.49451628429e-11, 9.51971973473e-11, 1.24493013121e-10, 1.14686718455e-10, 6.9311903439e-11, 4.42294707803e-11, 2.94654023403e-11, 1.28384559928e-11, 4.37226687147e-12, 1.02136398297e-12, 2.83531031498e-14],
        "dvar2": [1.5376455849e-05, 1.63217964655e-06, 4.32597335021e-06, 3.98202155338e-06, 1.966155736e-07, 3.03657863299e-08, 4.16394598801e-08, 1.25984360722e-08, 6.57348342425e-10, 8.13344336326e-10, 9.45207134784e-10, 1.32474153869e-09, 1.37883537921e-09, 3.07149722323e-10, 1.04121555822e-09, 6.21760976038e-10, 5.58980417509e-10, 4.28095475735e-10, 5.93588289632e-10, 1.33743982556e-09, 1.12752207571e-08, 1.44699328075e-08, 5.54144108378e-09, 2.53770715553e-09, 1.90058835337e-09, 1.55752533093e-09, 4.48700021582e-10, 2.67495442463e-10, 2.19833998227e-10, 2.27704743949e-10, 2.18967441401e-10, 2.87178586467e-10, 2.51091647474e-10, 1.51202786403e-10, 1.06585497373e-10, 7.49826103985e-11, 3.04548643248e-11, 9.37170306636e-12, 2.07255024774e-12, 5.92163850507e-14],
        "max": [0.0366209074855, 0.0113187143579, 0.0225844979286, 0.0153466230258, 0.00343898450956, 0.00220239371993, 0.00293448590674, 0.00146265816875, 0.000234581762925, 0.000304319924908, 0.000473447551485, 0.000942106300499, 0.000786248943768, 0.000244465918513, 0.000872225442436, 0.000277968589216, 0.000207565914025, 0.000193962143385, 0.000233825761825, 0.000333735806635, 0.000791554455645, 0.000956522882916, 0.000449848681455, 0.000380673009204, 0.000298851402476, 0.00026477171923, 0.000204797441256, 0.000163022414199, 0.000104385799204, 0.000137013790663, 0.00016183432308, 0.000159224975505, 0.00013489065168, 0.00011098167306, 9.9024764495e-05, 6.48035347695e-05, 4.22775447078e-05, 3.12437878165e-05, 1.83430020115e-05, 3.03949036606e-06],
        "mean": [0.000703961064573, 0.000617358484305, 0.000958515040111, 0.000420762924477, 0.000133882916998, 7.43076525396e-05, 4.79808113596e-05, 2.6360818083e-05, 1.21557204693e-05, 1.03072097772e-05, 1.83513748198e-05, 2.87658785965e-05, 2.93948287435e-05, 1.79361031769e-05, 2.55506201938e-05, 1.888537372e-05, 1.48112885654e-05, 1.14029708129e-05, 1.36260559884e-05, 2.84335492324e-05, 7.2872499004e-05, 8.97369682207e-05, 6.96888673701e-05, 4.44372344646e-05, 3.65470259567e-05, 3.38637291861e-05, 1.75461846084e-05, 1.08654157884e-05, 7.96244330559e-06, 1.02190897451e-05, 1.09833235911e-05, 8.09865014162e-06, 4.98771260027e-06, 3.66987183043e-06, 2.79566756944e-06, 2.41489078689e-06, 1.51708161411e-06, 9.38324092203e-07, 5.06380047227e-07, 8.740825308e-08],
        "median": [3.21709376294e-05, 0.00020957205561, 0.000355500844307, 0.000126464889036, 4.71139683214e-05, 2.49701279245e-05, 1.35846566991e-05, 1.28432011479e-05, 6.77191519571e-06, 5.99113809585e-06, 1.05902799987e-05, 5.76231423111e-06, 3.91892126572e-06, 5.40884366274e-06, 7.66018365539e-06, 8.81798769115e-06, 8.925815564e-06, 6.85252234689e-06, 8.55464622873e-06, 1.90783994185e-05, 4.65386547148e-05, 5.84409754083e-05, 5.22589434695e-05, 3.4523432987e-05, 2.74666308542e-05, 2.44410457526e-05, 1.31699334815e-05, 8.0279978647e-06, 4.79646269014e-06, 7.12302107786e-06, 7.47166495785e-06, 4.39172981714e-06, 8.86258305854e-07, 2.96033192626e-07, 2.77631016843e-07, 2.90181077389e-07, 1.24131133816e-07, 2.92932096357e-08, 1.55526560519e-08, 9.56195678192e-10],
        "min": [7.69631691711e-10, 5.05746333701e-10, 7.80299214131e-10, 1.63401536746e-09, 1.14429066222e-09, 1.17834531022e-09, 1.41108985607e-10, 3.68260311134e-10, 3.62274432675e-10, 1.07125128213e-10, 1.13480815023e-10, 2.43013179024e-11, 1.17479581618e-10, 1.12346069947e-10, 4.87102372326e-11, 5.58454463229e-11, 1.58878160628e-10, 1.43544329201e-10, 5.42751156518e-11, 2.21950693935e-10, 3.97827215615e-10, 4.1323100497e-10, 2.58545240772e-10, 3.59349799917e-10, 4.61352345216e-11, 6.51446882549e-11, 2.30303536658e-11, 1.93238966495e-11, 9.39063063421e-12, 1.5565208844e-11, 1.73527529151e-11, 1.64180422729e-11, 7.64082861652e-13, 9.61371954267e-12, 6.81950589748e-12, 8.28917143259e-12, 1.87368675263e-12, 1.3581753994e-12, 3.84634517162e-13, 1.79217440042e-13],
        "var": [8.64983303472e-06, 1.31140166104e-06, 3.80753340323e-06, 1.26567761072e-06, 7.97678296749e-08, 2.27284626675e-08, 1.42809248871e-08, 3.44280182141e-09, 3.36455585614e-10, 3.51441764579e-10, 5.49573886399e-10, 3.64746077786e-09, 6.47635944873e-09, 1.12781528561e-09, 2.4678115107e-09, 7.84314280189e-10, 3.60733137805e-10, 2.4391236253e-10, 3.21736443043e-10, 1.15762910369e-09, 8.3545641516e-09, 1.17112541886e-08, 5.71168756736e-09, 2.48050535667e-09, 1.85525717011e-09, 1.54894530535e-09, 4.43766023928e-10, 1.92683563549e-10, 1.4809242721e-10, 1.94895835581e-10, 2.18512874461e-10, 1.94339794257e-10, 1.57815940871e-10, 9.54128651087e-11, 5.175281384e-11, 3.35196349843e-11, 1.54270780178e-11, 6.08384740156e-12, 1.68037697472e-12, 5.12145325606e-14]
    },
    "mfcc": {
        "mean": [-722.833496094, 100.011787415, -52.6272621155, 27.9428768158, 0.14042724669, -2.34742951393, -7.42788505554, 6.21868610382, -8.10305595398, -8.68567276001, -2.99095129967, 3.91486215591, -11.9317064285],
        "cov": [[16988.2636719, -4489.68847656, 3966.41723633, 8144.12792969, 2907.64550781, 1781.05737305, -1362.33825684, 352.206817627, 453.275756836, 580.653625488, -721.571594238, 99.4326248169, -62.6587181091], [-4489.68847656, 2121.02636719, -1315.87841797, -2185.30566406, -753.082519531, -496.111022949, 458.100311279, -143.745025635, -203.174423218, -352.932098389, 28.9242191315, -175.655502319, -89.8230361938], [3966.41723633, -1315.87841797, 1735.08483887, 2105.96313477, 848.243225098, 468.987365723, -419.343780518, 153.721740723, 89.7856750488, 254.525802612, -158.088516235, -47.5512084961, 12.254070282], [8144.12792969, -2185.30566406, 2105.96313477, 4987.29736328, 1721.67468262, 1036.38989258, -813.647277832, 169.133346558, 283.306488037, 294.045928955, -473.275817871, 15.7484769821, -107.485694885], [2907.64550781, -753.082519531, 848.243225098, 1721.67468262, 756.707519531, 363.947601318, -281.152099609, 81.13722229, 98.8015136719, 81.8889694214, -188.728729248, -28.720664978, -34.4037017822], [1781.05737305, -496.111022949, 468.987365723, 1036.38989258, 363.947601318, 330.992218018, -136.498092651, 52.0767707825, 63.6958503723, 67.1597442627, -94.9331130981, 30.1873855591, -23.7050857544], [-1362.33825684, 458.100311279, -419.343780518, -813.647277832, -281.152099609, -136.498092651, 237.803207397, -9.68945980072, -51.9104194641, -60.5074920654, 70.6689376831, -9.03721141815, 12.3659353256], [352.206817627, -143.745025635, 153.721740723, 169.133346558, 81.13722229, 52.0767707825, -9.68945980072, 137.575866699, 57.9187889099, 67.162612915, 20.9337558746, 21.5034103394, 6.84774255753], [453.275756836, -203.174423218, 89.7856750488, 283.306488037, 98.8015136719, 63.6958503723, -51.9104194641, 57.9187889099, 139.447982788, 55.9592247009, 4.17340660095, 46.1607284546, -5.86883115768], [580.653625488, -352.932098389, 254.525802612, 294.045928955, 81.8889694214, 67.1597442627, -60.5074920654, 67.162612915, 55.9592247009, 206.597961426, 89.0211105347, 60.6829071045, 59.5517654419], [-721.571594238, 28.9242191315, -158.088516235, -473.275817871, -188.728729248, -94.9331130981, 70.6689376831, 20.9337558746, 4.17340660095, 89.0211105347, 195.265289307, 86.0312347412, 51.1773033142], [99.4326248169, -175.655502319, -47.5512084961, 15.7484769821, -28.720664978, 30.1873855591, -9.03721141815, 21.5034103394, 46.1607284546, 60.6829071045, 86.0312347412, 143.354095459, 55.6693763733], [-62.6587181091, -89.8230361938, 12.254070282, -107.485694885, -34.4037017822, -23.7050857544, 12.3659353256, 6.84774255753, -5.86883115768, 59.5517654419, 51.1773033142, 55.6693763733, 102.237678528]],
