{
"lowlevel": {
    "average_loudness": 0.869682848454,
    "barkbands_crest": {
        "dmean": 2.04254841805,
        "dmean2": 3.1230738163,
        "dvar": 3.82266521454,
        "dvar2": 8.63307285309,
        "max": 24.9402141571,
        "mean": 11.4690008163,
        "median": 10.5709152222,
        "min": 2.76239347458,
        "var": 18.7641906738
    },
    "barkbands_flatness_db": {
        "dmean": 0.0213854443282,
        "dmean2": 0.0289215259254,
        "dvar": 0.000506623182446,
        "dvar2": 0.000855849939398,
        "max": 0.400725007057,
        "mean": 0.194999054074,
        "median": 0.186060875654,
        "min": 0.0520331598818,
        "var": 0.0038321944885
    },
    "barkbands_kurtosis": {
        "dmean": 4.00560379028,
        "dmean2": 6.06198835373,
        "dvar": 53.3799209595,
        "dvar2": 106.042175293,
        "max": 125.273239136,
        "mean": 8.07717895508,
        "median": 4.39698696136,
        "min": -1.94503724575,
        "var": 151.700408936
    },
    "barkbands_skewness": {
        "dmean": 0.562766075134,
        "dmean2": 0.814038157463,
        "dvar": 0.442248016596,
        "dvar2": 0.885173618793,
        "max": 9.33581447601,
        "mean": 1.83318865299,
        "median": 1.76405310631,
        "min": -2.30731749535,
        "var": 2.1819331646
    },
    "barkbands_spread": {
        "dmean": 5.49482870102,
        "dmean2": 7.90587949753,
        "dvar": 107.087028503,
        "dvar2": 212.325088501,
        "max": 111.272651672,
        "mean": 19.1068687439,
        "median": 14.3428983688,
        "min": 0.767699837685,
        "var": 319.890625
    },
    "dissonance": {
        "dmean": 0.0303344335407,
        "dmean2": 0.0492401011288,
        "dvar": 0.00069973943755,
        "dvar2": 0.00182368466631,
        "max": 0.498846679926,
        "mean": 0.429527938366,
        "median": 0.438390314579,
        "min": 0.207192644477,
        "var": 0.00204111426137
    },
    "dynamic_complexity": 4.42618751526,
    "erbbands_crest": {
        "dmean": 3.11278367043,
        "dmean2": 4.79797649384,
        "dvar": 7.97796344757,
        "dvar2": 18.6601963043,
        "max": 30.9320545197,
        "mean": 12.7042684555,
        "median": 11.4344177246,
        "min": 2.77629303932,
        "var": 33.8429832458
    },
    "erbbands_flatness_db": {
        "dmean": 0.0176043137908,
        "dmean2": 0.0252271909267,
        "dvar": 0.000307793437969,
        "dvar2": 0.000593591073994,
        "max": 0.343457728624,
        "mean": 0.17146089673,
        "median": 0.169275939465,
        "min": 0.0648975074291,
        "var": 0.00166721362621
    },
    "erbbands_kurtosis": {
        "dmean": 1.95720267296,
        "dmean2": 2.89054393768,
        "dvar": 8.90728569031,
        "dvar2": 16.6321182251,
        "max": 46.5558891296,
        "mean": 2.97599506378,
        "median": 1.49033355713,
        "min": -1.84741544724,
        "var": 28.1822948456
    },
    "erbbands_skewness": {
        "dmean": 0.488410353661,
        "dmean2": 0.69102036953,
        "dvar": 0.280326426029,
        "dvar2": 0.524072229862,
        "max": 5.34159851074,
        "mean": 0.778981268406,
        "median": 0.75144636631,
        "min": -4.93043518066,
        "var": 1.43802165985
    },
    "erbbands_spread": {
        "dmean": 9.97207832336,
        "dmean2": 14.870642662,
        "dvar": 201.151428223,
        "dvar2": 463.280151367,
        "max": 156.629257202,
        "mean": 35.9026107788,
        "median": 29.8909797668,
        "min": 3.2644777298,
        "var": 559.653808594
    },
    "hfc": {
        "dmean": 5.80423116684,
        "dmean2": 8.0970916748,
        "dvar": 154.106613159,
        "dvar2": 295.344604492,
        "max": 184.953704834,
        "mean": 17.809967041,
        "median": 9.72507286072,
        "min": 1.17025489658e-16,
        "var": 547.544006348
    },
    "melbands_crest": {
        "dmean": 2.39074826241,
        "dmean2": 3.66654992104,
        "dvar": 5.40396642685,
        "dvar2": 11.6374540329,
        "max": 29.8064460754,
        "mean": 14.9045209885,
        "median": 14.0215892792,
        "min": 1.42197465897,
        "var": 24.9698467255
    },
    "melbands_flatness_db": {
        "dmean": 0.0268682055175,
        "dmean2": 0.034588009119,
        "dvar": 0.00091010495089,
        "dvar2": 0.00141968962271,
        "max": 0.525483429432,
        "mean": 0.258576959372,
        "median": 0.247169792652,
        "min": 0.00113857176621,
        "var": 0.00713711092249
    },
    "melbands_kurtosis": {
        "dmean": 8.44304084778,
        "dmean2": 12.5793485641,
        "dvar": 277.613220215,
        "dvar2": 591.301940918,
        "max": 318.852813721,
        "mean": 18.0925369263,
        "median": 10.2066574097,
        "min": -1.67502200603,
        "var": 822.823608398
    },
    "melbands_skewness": {
        "dmean": 0.728397071362,
        "dmean2": 1.06029391289,
        "dvar": 0.74892270565,
        "dvar2": 1.61786234379,
        "max": 14.9102554321,
        "mean": 2.69511175156,
        "median": 2.325725317,
        "min": -1.08315455914,
        "var": 3.80381631851
    },
    "melbands_spread": {
        "dmean": 6.30373716354,
        "dmean2": 8.73569869995,
        "dvar": 209.162902832,
        "dvar2": 360.837463379,
        "max": 274.634643555,
        "mean": 20.6188564301,
        "median": 13.330280304,
        "min": 0.858832657337,
        "var": 635.099365234
    },
    "pitch_salience": {
        "dmean": 0.057738121599,
        "dmean2": 0.089800670743,
        "dvar": 0.00299664656632,
        "dvar2": 0.00651896884665,
        "max": 0.987286329269,
        "mean": 0.487337708473,
        "median": 0.484259307384,
        "min": 0.169572770596,
        "var": 0.0129851680249
    },
    "silence_rate_20dB": {
        "dmean": 0,
        "dmean2": 0,
        "dvar": 0,
        "dvar2": 0,
        "max": 1,
        "mean": 1,
        "median": 1,
        "min": 1,
        "var": 0
    },
    "silence_rate_30dB": {
        "dmean": 0.0138996141031,
        "dmean2": 0.0278207100928,
        "dvar": 0.0137063898146,
        "dvar2": 0.0301381740719,
        "max": 1,
        "mean": 0.983024716377,
        "median": 1,
        "min": 0,
        "var": 0.0166870485991
    },
    "silence_rate_60dB": {
        "dmean": 0.0123552121222,
        "dmean2": 0.0247295200825,
        "dvar": 0.0122025003657,
        "dvar2": 0.0256639271975,
        "max": 1,
        "mean": 0.0987654328346,
        "median": 0,
        "min": 0,
        "var": 0.0890120640397
    },
    "spectral_centroid": {
        "dmean": 273.722045898,
        "dmean2": 378.001098633,
        "dvar": 228943.203125,
        "dvar2": 343599.8125,
        "max": 11319.3125,
        "mean": 1167.5168457,
        "median": 973.122497559,
        "min": 180.60017395,
        "var": 719877
    },
    "spectral_complexity": {
        "dmean": 2.410810709,
        "dmean2": 3.65996909142,
        "dvar": 9.90377140045,
        "dvar2": 22.0683479309,
        "max": 44,
        "mean": 11.0810184479,
        "median": 9,
        "min": 0,
        "var": 49.776550293
    },
    "spectral_decrease": {
        "dmean": 1.35623567932e-09,
        "dmean2": 1.86203608088e-09,
        "dvar": 5.94294611252e-18,
        "dvar2": 1.17707296586e-17,
        "max": -1.79296434288e-29,
        "mean": -6.25419804834e-09,
        "median": -4.74829375818e-09,
        "min": -4.37403748776e-08,
        "var": 3.49938758141e-17
    },
    "spectral_energy": {
        "dmean": 0.00548194022849,
        "dmean2": 0.00751040037721,
        "dvar": 9.11144306883e-05,
        "dvar2": 0.000178839487489,
        "max": 0.168172493577,
        "mean": 0.0252202060074,
        "median": 0.019014608115,
        "min": 1.06822249708e-20,
        "var": 0.000546527851839
    },
    "spectral_energyband_high": {
        "dmean": 0.000419256772147,
        "dmean2": 0.000589855422731,
        "dvar": 1.45084754877e-06,
        "dvar2": 2.88289402306e-06,
        "max": 0.019542247057,
        "mean": 0.000772778061219,
        "median": 0.000212230603211,
        "min": 7.49263187687e-21,
        "var": 3.45287207892e-06
    },
    "spectral_energyband_low": {
        "dmean": 0.00288107665256,
        "dmean2": 0.00412659533322,
        "dvar": 6.94015980116e-05,
        "dvar2": 0.000154445995577,
        "max": 0.125450909138,
        "mean": 0.0111656598747,
        "median": 0.0058315359056,
        "min": 9.79871330299e-23,
        "var": 0.000265650509391
    },
    "spectral_energyband_middle_high": {
        "dmean": 0.00181562197395,
        "dmean2": 0.00250845239498,
        "dvar": 1.53415458044e-05,
        "dvar2": 2.7484518796e-05,
        "max": 0.0705040991306,
        "mean": 0.00537235289812,
        "median": 0.00106764631346,
        "min": 1.89194906512e-21,
        "var": 9.1528694611e-05
    },
    "spectral_energyband_middle_low": {
        "dmean": 0.00259916461073,
        "dmean2": 0.00367927225307,
        "dvar": 1.50137284436e-05,
        "dvar2": 3.00195370073e-05,
        "max": 0.0636017918587,
        "mean": 0.00879882555455,
        "median": 0.00659209210426,
        "min": 1.84511687967e-22,
        "var": 6.77530988469e-05
    },
    "spectral_entropy": {
        "dmean": 0.222329646349,
        "dmean2": 0.301899850368,
        "dvar": 0.0632902607322,
        "dvar2": 0.100029945374,
        "max": 9.78827476501,
        "mean": 7.21014928818,
        "median": 7.22512769699,
        "min": 4.82446289062,
        "var": 0.331558942795
    },
    "spectral_flux": {
        "dmean": 0.0203750189394,
        "dmean2": 0.0317926444113,
        "dvar": 0.000551746110432,
        "dvar2": 0.00127313600387,
        "max": 0.265794456005,
        "mean": 0.0634756162763,
        "median": 0.0539033859968,
        "min": 1.03354852454e-10,
        "var": 0.00185820274055
    },
    "spectral_kurtosis": {
        "dmean": 1.86528337002,
        "dmean2": 2.89862847328,
        "dvar": 7.65936231613,
        "dvar2": 16.6074562073,
        "max": 40.9562339783,
        "mean": 5.10412883759,
        "median": 3.9495100975,
        "min": -1.5385068655,
        "var": 21.5067901611
    },
    "spectral_rms": {
        "dmean": 0.000495657615829,
        "dmean2": 0.000672767753713,
        "dvar": 4.21966575459e-07,
        "dvar2": 7.47565309211e-07,
        "max": 0.0128090092912,
        "mean": 0.00445634545758,
        "median": 0.00430706795305,
        "min": 3.22826314292e-12,
        "var": 4.7460434871e-06
    },
    "spectral_rolloff": {
        "dmean": 426.058105469,
        "dmean2": 691.543151855,
        "dvar": 1700732.125,
        "dvar2": 2865503.75,
        "max": 18733.8867188,
        "mean": 1271.12463379,
        "median": 624.462890625,
        "min": 86.1328125,
        "var": 3839419.75
    },
    "spectral_skewness": {
        "dmean": 0.303251445293,
        "dmean2": 0.433253288269,
        "dvar": 0.129183024168,
        "dvar2": 0.234461545944,
        "max": 5.45369386673,
        "mean": 1.70169329643,
        "median": 1.63262331486,
        "min": -0.499537914991,
        "var": 0.593592882156
    },
    "spectral_spread": {
        "dmean": 692808.625,
        "dmean2": 943858.25,
        "dvar": 1.62760556544e+12,
        "dvar2": 1.96857888768e+12,
        "max": 40138560,
        "mean": 5187002.5,
        "median": 4758176,
        "min": 2130993,
        "var": 5.58100171981e+12
    },
    "spectral_strongpeak": {
        "dmean": 0.499013632536,
        "dmean2": 0.810626685619,
        "dvar": 1.25080287457,
        "dvar2": 3.13713526726,
        "max": 12.6410217285,
        "mean": 1.11180222034,
        "median": 0.447851121426,
        "min": 0,
        "var": 2.83212065697
    },
    "zerocrossingrate": {
        "dmean": 0.0107369087636,
        "dmean2": 0.0117010148242,
        "dvar": 0.000634355528746,
        "dvar2": 0.000608599104453,
        "max": 0.501953125,
        "mean": 0.0490391105413,
        "median": 0.03955078125,
        "min": 0.0029296875,
        "var": 0.00251853722148
    },
    "barkbands": {
        "dmean": [1.29520631162e-05, 0.00128529244103, 0.00188697129488, 0.000459765607957, 0.000895901233889, 0.00136142177507, 0.000397761672502, 0.000529303797521, 0.000506185519043, 0.000542269728612, 0.000379181670723, 0.00069421029184, 0.000180921517313, 0.00011293564603, 0.000137499751872, 0.000173996741069, 0.000190128266695, 0.000135499358294, 0.000205673393793, 0.000136764501804, 0.000125250066048, 7.22442127881e-05, 7.71348641138e-05, 9.30821479415e-05, 6.43079838483e-05, 1.51039266711e-05, 3.5198313153e-09],
        "dmean2": [2.00959912036e-05, 0.00159651902504, 0.00292356801219, 0.000734391855076, 0.0012529573869, 0.00192319438793, 0.000632547948044, 0.000796764739789, 0.000732039334252, 0.000754089385737, 0.000540738285054, 0.000948854722083, 0.000270051590633, 0.000173971857294, 0.000212825660128, 0.000281766464468, 0.000297455699183, 0.000199900343432, 0.00030773691833, 0.000202995666768, 0.000184860429727, 0.000110366716399, 0.000117466901429, 0.000132664106786, 9.59563185461e-05, 2.19553185161e-05, 5.7892539651e-09],
        "dvar": [2.03973127277e-09, 1.15349448606e-05, 3.96788673243e-05, 2.00158592634e-06, 2.17865544982e-06, 7.27759834263e-06, 1.51591302711e-06, 1.5281426613e-06, 2.13365706259e-06, 3.28739361066e-06, 1.69872987499e-06, 5.24144888914e-06, 4.16668854086e-07, 2.559035579e-07, 2.9499210541e-07, 6.85577788317e-07, 5.7512852436e-07, 3.57386028327e-07, 4.32690768548e-07, 3.7697233779e-07, 2.06484557452e-07, 4.86633844332e-08, 1.58185628152e-07, 1.87071563573e-07, 8.92707632261e-08, 2.59611576681e-09, 2.77952326394e-16],
        "dvar2": [4.25304991225e-09, 2.09873978747e-05, 9.77255476755e-05, 5.12837004862e-06, 4.36581512986e-06, 1.39970379678e-05, 3.44139175468e-06, 3.53811560672e-06, 4.47040611107e-06, 5.56304621568e-06, 3.09869187731e-06, 8.85572171683e-06, 7.34158845717e-07, 4.80306937334e-07, 7.0549845077e-07, 1.87800890217e-06, 1.36303810905e-06, 7.02377292328e-07, 9.53213771027e-07, 7.64833544054e-07, 4.09265311418e-07, 1.15689346103e-07, 3.74619673948e-07, 4.00559883929e-07, 1.5665314379e-07, 4.82677453562e-09, 6.48294083296e-16],
        "max": [0.00140807137359, 0.0866452082992, 0.107918247581, 0.0275105591863, 0.02174891904, 0.0434126369655, 0.0227465424687, 0.016216089949, 0.0269825719297, 0.0493421815336, 0.0200244244188, 0.0547748841345, 0.0121563468128, 0.0155999707058, 0.0121508482844, 0.0169420745224, 0.0164676047862, 0.0207025781274, 0.0122384196147, 0.0186429657042, 0.0118086189032, 0.00331499846652, 0.00763782253489, 0.00917702540755, 0.00678201159462, 0.00088712683646, 3.40214882044e-07],
        "mean": [4.15789036197e-05, 0.00685920473188, 0.00354231987149, 0.00100425851997, 0.00220046797767, 0.00277150608599, 0.000499925110489, 0.0010685978923, 0.000948029628489, 0.00110299792141, 0.000725904712453, 0.00166003778577, 0.00036370853195, 0.000206425160286, 0.000244358845521, 0.000224849252845, 0.000272180885077, 0.000208281024243, 0.000353862211341, 0.000233883110923, 0.00019959488418, 0.000102850375697, 0.000105136015918, 0.000146292833961, 0.000109337313916, 2.4611101253e-05, 3.47362982822e-09],
        "median": [1.0118769751e-05, 0.00320262811147, 0.00122564123012, 0.000369804212824, 0.00111797056161, 0.000793944229372, 0.000198936642846, 0.000203431598493, 0.000105697006802, 8.58199200593e-05, 3.79207958758e-05, 5.07406512043e-05, 1.84506607184e-05, 1.20986496768e-05, 1.54909794219e-05, 1.78775808308e-05, 3.92798465327e-05, 2.40574809141e-05, 5.59877735213e-05, 4.79842710774e-05, 4.19459684053e-05, 1.90346872841e-05, 9.57580050454e-06, 1.68925544131e-05, 2.4349821615e-05, 6.37414632365e-06, 7.91046339543e-10],
        "min": [2.98798738337e-23, 2.22090314121e-23, 4.65201215456e-23, 4.77790252212e-24, 1.89984779683e-23, 2.24952869465e-23, 1.2241250071e-23, 4.75456060125e-23, 5.27016355989e-23, 5.33814790825e-23, 8.83656111391e-23, 1.63295015174e-22, 6.91904472606e-23, 1.43438679371e-22, 1.26107253822e-22, 1.92353760536e-22, 3.39223719787e-22, 2.32721312913e-22, 4.17988060673e-22, 2.00887708296e-22, 4.36500997909e-22, 5.02590073231e-22, 7.18059970023e-22, 6.89748168654e-22, 1.12513678433e-21, 1.76515920049e-21, 2.33321336926e-21],
        "var": [7.34318783557e-09, 0.000110969180241, 7.40414470783e-05, 3.34900892085e-06, 8.48882245919e-06, 2.54232345469e-05, 1.84800830993e-06, 4.98650069858e-06, 6.37482253296e-06, 1.10192286229e-05, 5.09880828758e-06, 3.12584015774e-05, 1.59431590419e-06, 7.6381644476e-07, 5.76519937567e-07, 6.82944744312e-07, 1.08676715627e-06, 7.6226569945e-07, 7.40332438909e-07, 6.38892913685e-07, 4.06964289823e-07, 7.92140966155e-08, 2.35903726775e-07, 3.47701160308e-07, 2.22697053687e-07, 5.60728929955e-09, 2.71575756488e-16]
    },
    "erbbands": {
        "dmean": [0.0226581171155, 0.351316094398, 1.82231676579, 2.00633859634, 1.89425134659, 2.86742854118, 8.57071590424, 11.8303747177, 6.76753377914, 7.88709068298, 10.9209938049, 11.800075531, 14.1657381058, 14.814655304, 20.7541561127, 30.8956298828, 9.93427658081, 5.2733297348, 6.87917041779, 7.45769882202, 9.26957893372, 9.14687347412, 8.18714523315, 6.32535123825, 12.1709861755, 6.13416242599, 3.40231060982, 5.4876499176, 2.71850562096, 1.827881217, 2.31062579155, 2.26780605316, 1.47656404972, 1.00532484055, 0.317232698202, 0.0927052199841, 0.0197710245848, 0.0030449568294, 5.69535222894e-05, 8.79398612597e-06],
        "dmean2": [0.0289463419467, 0.434898942709, 2.73197937012, 3.15870404243, 2.52777194977, 4.11853742599, 12.4621963501, 16.8010292053, 10.017455101, 12.4829778671, 15.9767560959, 16.6995754242, 19.5981445312, 20.1733608246, 28.9658641815, 42.0717658997, 14.9014987946, 7.7015709877, 10.103644371, 11.5167331696, 15.1850471497, 14.3170881271, 12.2342185974, 9.2722454071, 18.08934021, 9.05748939514, 4.97771024704, 8.11808013916, 4.02198696136, 2.91835570335, 3.55360412598, 3.28796482086, 2.14538311958, 1.5238455534, 0.439173996449, 0.136125490069, 0.0285559166223, 0.00433532940224, 7.99892659415e-05, 1.22167066365e-05],
        "dvar": [0.00316024315543, 0.882606983185, 32.0582122803, 45.1150779724, 13.5354824066, 34.2404212952, 205.281539917, 931.833862305, 476.185028076, 403.436279297, 613.020385742, 1041.7989502, 1524.14404297, 3401.94360352, 4660.77783203, 13621.3330078, 1039.64733887, 295.167388916, 557.767028809, 1125.64257812, 2549.62182617, 1219.3203125, 1416.7310791, 343.13394165, 2058.73950195, 434.744506836, 78.3952331543, 464.944946289, 72.8456954956, 97.9549636841, 157.846588135, 120.255371094, 45.3878631592, 21.9873600006, 1.9926725626, 0.092706412077, 0.00519660394639, 0.000140560863656, 4.63785987392e-08, 2.77467243626e-10],
        "dvar2": [0.00633261352777, 1.56946074963, 71.6244735718, 116.912094116, 23.9144153595, 72.5405502319, 422.571868896, 1689.52624512, 983.705688477, 944.352600098, 1325.06494141, 1944.7409668, 2861.68188477, 5721.29199219, 8376.78222656, 22080.8203125, 1923.39550781, 570.784851074, 980.510803223, 2871.3828125, 7020.43505859, 3162.24755859, 3037.17431641, 727.341430664, 4247.95654297, 928.31652832, 170.930908203, 926.085754395, 144.078277588, 242.929214478, 391.95135498, 280.330932617, 91.6190719604, 39.258266449, 3.56194710732, 0.167436078191, 0.00941273197532, 0.000254194921581, 8.08408913144e-08, 4.98584451503e-10],
        "max": [1.45427596569, 22.5278377533, 94.6452178955, 120.840629578, 56.1470108032, 114.621681213, 186.892883301, 482.019348145, 396.451599121, 283.638977051, 441.871673584, 544.521972656, 746.731140137, 1766.43994141, 1664.80456543, 2835.67358398, 604.891723633, 429.465942383, 543.86340332, 934.619384766, 1079.14465332, 790.74005127, 1357.17773438, 388.151092529, 1013.38763428, 438.976989746, 213.53805542, 558.046508789, 187.249511719, 200.643737793, 268.654205322, 202.890365601, 144.67225647, 105.816474915, 29.3605384827, 6.05847787857, 1.24710786343, 0.209018781781, 0.00370070221834, 0.000256580213318],
        "mean": [0.145914077759, 1.73514485359, 4.04696369171, 4.26540136337, 4.22844839096, 6.70528745651, 19.0268211365, 21.7065010071, 9.59975242615, 12.9766693115, 23.5223922729, 23.3252086639, 26.3672504425, 32.3938522339, 44.3670654297, 73.566619873, 21.7954998016, 11.4392366409, 13.4812326431, 12.1969223022, 12.0491333008, 13.9695625305, 13.1863527298, 11.4324226379, 21.0218429565, 11.2822217941, 6.36859130859, 8.62771511078, 4.25925445557, 2.48007774353, 3.14274311066, 3.3357334137, 2.26554656029, 1.62927830219, 0.538879752159, 0.151968091726, 0.0329073742032, 0.00462255720049, 0.000103511134512, 3.50167356373e-05],
        "median": [0.0718934088945, 0.738101243973, 1.49312949181, 1.64309763908, 1.95638310909, 3.11459064484, 8.43568992615, 4.45288276672, 2.76296567917, 4.38936042786, 5.95060396194, 4.68321752548, 5.48033428192, 2.87475347519, 2.62933182716, 2.79462146759, 1.2906639576, 0.822418510914, 0.919572472572, 1.00861239433, 1.37835383415, 2.23763465881, 1.7072892189, 1.71322512627, 3.74256277084, 2.50374031067, 1.57027602196, 1.45828783512, 0.761644303799, 0.278867483139, 0.277669698, 0.361348330975, 0.257131904364, 0.327651500702, 0.111746363342, 0.0384599938989, 0.00807932950556, 0.00082253490109, 3.35489603458e-05, 2.56478633673e-05],
        "min": [1.45697010175e-21, 3.39164690272e-21, 3.80982071048e-20, 4.0696588204e-20, 1.35180860695e-20, 7.85673788014e-20, 1.08848851902e-19, 2.14039135654e-19, 1.74366118834e-19, 7.65427030333e-19, 7.95836412698e-19, 1.57014100386e-18, 1.73941110851e-18, 1.67300287758e-18, 4.15112732194e-18, 6.92210916851e-18, 3.84490299122e-18, 6.13952434432e-18, 5.62763561636e-18, 9.74646318974e-18, 1.07312167459e-17, 2.08514812001e-17, 1.22618325785e-17, 2.29080738873e-17, 1.5366527622e-17, 1.02818177909e-17, 1.59174580341e-17, 1.56108436877e-17, 1.87242406711e-17, 1.91812447247e-17, 2.25842227513e-17, 1.51624555474e-17, 1.17544945847e-17, 1.15710796916e-17, 7.67488943445e-18, 6.69555308413e-18, 3.32108238972e-18, 1.32139093986e-18, 3.1341560632e-19, 3.4247248376e-20],
        "var": [0.0360564664006, 7.78043317795, 73.5854492188, 76.6193618774, 40.9247970581, 114.97064209, 709.321899414, 2675.60180664, 797.751403809, 793.868896484, 2213.3046875, 3395.96875, 4041.7890625, 12702.4238281, 19157.5703125, 70544.7109375, 3859.49780273, 1177.73425293, 1780.99475098, 1508.24291992, 2322.82861328, 2362.87963867, 2984.31469727, 659.352355957, 3505.08959961, 1031.42712402, 215.880737305, 952.598083496, 169.173461914, 111.052406311, 220.041717529, 179.765029907, 95.2389221191, 51.8802986145, 5.08784723282, 0.207040995359, 0.0120711177588, 0.000308272981783, 1.08803533294e-07, 1.13412501612e-09]
    },
    "gfcc": {
        "mean": [-47.4656982422, 99.3833999634, -86.6171798706, 37.4108123779, -62.2654571533, 13.8934144974, -30.5436344147, 20.4110641479, -31.4279823303, 7.03120183945, -13.1704568863, 0.0944117456675, -4.46667814255],
        "cov": [[11790.6474609, -1042.63464355, -1656.57080078, 318.03918457, -152.797561646, 435.78503418, -104.513282776, 63.2940292358, -251.224563599, -91.7805404663, 80.7077484131, 101.018608093, -58.1889533997], [-1042.63464355, 1337.23693848, 236.051834106, -279.508666992, 220.075363159, -151.924118042, 153.905654907, -79.9029998779, -48.0336799622, -19.350856781, 14.4477920532, -127.922790527, 93.8354797363], [-1656.57080078, 236.051834106, 1459.21142578, 129.489196777, -166.908706665, -108.25138855, -86.8108139038, 123.622886658, 152.986862183, -16.8235225677, -58.906829834, 29.8712482452, -56.2553863525], [318.03918457, -279.508666992, 129.489196777, 516.417724609, -42.7238006592, -148.534042358, -58.3117332458, 77.0137329102, 113.436027527, -32.8141365051, -9.89056873322, 89.3997268677, -59.2189979553], [-152.797561646, 220.075363159, -166.908706665, -42.7238006592, 348.559051514, 102.679985046, 52.4978866577, -58.7043876648, -28.8831653595, -30.1956481934, 62.9315414429, -19.232334137, -13.8253316879], [435.78503418, -151.924118042, -108.25138855, -148.534042358, 102.679985046, 453.031524658, 73.8407058716, -93.1203079224, -54.318359375, 8.60771274567, 47.137424469, -82.2433853149, 6.21169710159], [-104.513282776, 153.905654907, -86.8108139038, -58.3117332458, 52.4978866577, 73.8407058716, 189.853179932, -12.0897989273, -23.0377826691, 22.4092941284, -3.20521378517, -42.1328086853, 22.6918678284], [63.2940292358, -79.9029998779, 123.622886658, 77.0137329102, -58.7043876648, -93.1203079224, -12.0897989273, 193.931121826, 31.6458492279, -27.493976593, -19.3553066254, 51.9807929993, -12.6240558624], [-251.224563599, -48.0336799622, 152.986862183, 113.436027527, -28.8831653595, -54.318359375, -23.0377826691, 31.6458492279, 171.720214844, 20.9816188812, -15.0854988098, 29.9464893341, -10.0762243271], [-91.7805404663, -19.350856781, -16.8235225677, -32.8141365051, -30.1956481934, 8.60771274567, 22.4092941284, -27.493976593, 20.9816188812, 136.977600098, 17.9418106079, -15.7645978928, 16.1762256622], [80.7077484131, 14.4477920532, -58.906829834, -9.89056873322, 62.9315414429, 47.137424469, -3.20521378517, -19.3553066254, -15.0854988098, 17.9418106079, 128.195175171, 14.3406324387, -11.2203130722], [101.018608093, -127.922790527, 29.8712482452, 89.3997268677, -19.232334137, -82.2433853149, -42.1328086853, 51.9807929993, 29.9464893341, -15.7645978928, 14.3406324387, 127.039657593, -18.5049552917], [-58.1889533997, 93.8354797363, -56.2553863525, -59.2189979553, -13.8253316879, 6.21169710159, 22.6918678284, -12.6240558624, -10.0762243271, 16.1762256622, -11.2203130722, -18.5049552917, 110.332435608]],
        "icov": [[0.00013374077389, -0.000109716456791, 0.000213157065446, -0.000206363940379, 0.000238262437051, -0.000327660149196, 0.000212165265111, -0.000181276205694, 0.000153742075781, -1.2704222172e-05, 4.31513144576e-05, -0.000176051093149, 0.000136456845212], [-0.000109716456791, 0.00220290245488, -0.000910274451599, 0.00123526516836, -0.00169526424725, 0.00234616640955, -0.00179354916327, 0.000975736475084, -0.000137769442517, 0.00093590648612, -0.0009281145758, 0.00195130787324, -0.0015134117566], [0.000213157065446, -0.000910274451599, 0.00143769942224, -0.000653786410112, 0.00118546036538, -0.00125914637465, 0.00111752748489, -0.000938549463172, -0.00041954262997, -0.000201665228815, 0.000494170060847, -0.000669679953717, 0.00108011788689], [-0.000206363940379, 0.00123526516836, -0.000653786410112, 0.00361569458619, -0.00101001549046, 0.00202494999394, -0.00109533977229, 0.000477997964481, -0.00175230728928, 0.00110834091902, -0.000612087198533, 0.000257334177149, 0.000145697282278], [0.000238262437051, -0.00169526424725, 0.00118546036538, -0.00101001549046, 0.00533793121576, -0.00236638728529, 0.000501612317748, -7.40389077691e-05, -0.000110268680146, 0.000818675442133, -0.0010424728971, -0.00147898308933, 0.00183606753126], [-0.000327660149196, 0.00234616640955, -0.00125914637465, 0.00202494999394, -0.00236638728529, 0.00586816016585, -0.00283709540963, 0.0020319102332, -0.000344613828929, 0.00129140657373, -0.00196594302543, 0.00342480000108, -0.0013805613853], [0.000212165265111, -0.00179354916327, 0.00111752748489, -0.00109533977229, 0.000501612317748, -0.00283709540963, 0.00808596797287, -0.00191719376016, 0.000631811097264, -0.00205108057708, 0.00163885462098, -0.000286142487312, 0.00043644750258], [-0.000181276205694, 0.000975736475084, -0.000938549463172, 0.000477997964481, -7.40389077691e-05, 0.0020319102332, -0.00191719376016, 0.00741778034717, -0.000547608186025, 0.00173411995638, -0.000264579080977, -0.00105985649861, -0.000536990875844], [0.000153742075781, -0.000137769442517, -0.00041954262997, -0.00175230728928, -0.000110268680146, -0.000344613828929, 0.000631811097264, -0.000547608186025, 0.00812085717916, -0.00208752253093, 0.00105578126386, -0.00105187634472, -0.000164543205756], [-1.2704222172e-05, 0.00093590648612, -0.000201665228815, 0.00110834091902, 0.000818675442133, 0.00129140657373, -0.00205108057708, 0.00173411995638, -0.00208752253093, 0.00943774636835, -0.00262125302106, 0.00156891648658, -0.0012382514542], [4.31513144576e-05, -0.0009281145758, 0.000494170060847, -0.000612087198533, -0.0010424728971, -0.00196594302543, 0.00163885462098, -0.000264579080977, 0.00105578126386, -0.00262125302106, 0.0102362604812, -0.002962740371, 0.00137306004763], [-0.000176051093149, 0.00195130787324, -0.000669679953717, 0.000257334177149, -0.00147898308933, 0.00342480000108, -0.000286142487312, -0.00105985649861, -0.00105187634472, 0.00156891648658, -0.002962740371, 0.0129375383258, -0.000853787059896], [0.000136456845212, -0.0015134117566, 0.00108011788689, 0.000145697282278, 0.00183606753126, -0.0013805613853, 0.00043644750258, -0.000536990875844, -0.000164543205756, -0.0012382514542, 0.00137306004763, -0.000853787059896, 0.0113710779697]]
    },
    "melbands": {
        "dmean": [0.000280881446088, 0.000761902076192, 0.000321256666211, 0.000158369788551, 0.000250269979006, 0.000259620923316, 9.95705486275e-05, 9.51081237872e-05, 9.03999753064e-05, 7.50363833504e-05, 7.43406708352e-05, 6.26769979135e-05, 5.66257003811e-05, 8.30570861581e-05, 5.55791229999e-05, 1.64424109244e-05, 9.94457241177e-06, 1.18578427646e-05, 8.97889640328e-06, 1.21433449749e-05, 1.16558512673e-05, 1.00097677205e-05, 9.93312096398e-06, 5.95469055042e-06, 5.07965069119e-06, 9.21641458262e-06, 7.50831623009e-06, 3.61435331797e-06, 2.040589834e-06, 2.29421902986e-06, 3.91028424929e-06, 1.85191152013e-06, 9.78305138233e-07, 1.0342640735e-06, 1.20323625197e-06, 1.70151884049e-06, 1.37349718443e-06, 1.14739088986e-06, 8.52591938383e-07, 9.42470194332e-07],
        "dmean2": [0.000347664579749, 0.00109705817886, 0.000494314008392, 0.000220921821892, 0.000363124127034, 0.000362764170859, 0.000149493978824, 0.000145911704749, 0.000128969506477, 0.000109036242065, 0.000101711280877, 8.53979800013e-05, 8.01492496976e-05, 0.000113457143016, 7.65827790019e-05, 2.38712291321e-05, 1.51211170305e-05, 1.73281241587e-05, 1.41912041727e-05, 1.91983399418e-05, 1.94546228158e-05, 1.57828726515e-05, 1.51461881615e-05, 9.25051881495e-06, 7.52796404413e-06, 1.38961158882e-05, 1.1494026694e-05, 5.70510883335e-06, 3.02406942865e-06, 3.43218925991e-06, 5.87016666032e-06, 2.71887302006e-06, 1.50407333877e-06, 1.6701393406e-06, 1.88174999494e-06, 2.56969838119e-06, 2.00728595701e-06, 1.6980353621e-06, 1.24111431887e-06, 1.41753514526e-06],
        "dvar": [5.02405669067e-07, 5.10131849296e-06, 1.02350611542e-06, 8.99454803971e-08, 1.61021688427e-07, 3.74074005549e-07, 9.55180965434e-08, 5.58907480297e-08, 4.05039486395e-08, 4.912371665e-08, 4.47006875959e-08, 6.91891983706e-08, 3.67400332379e-08, 5.83723789305e-08, 4.0085577524e-08, 3.92858501286e-09, 1.45139367191e-09, 2.01608663097e-09, 1.01978347988e-09, 2.45845588331e-09, 4.02343802719e-09, 1.44834544358e-09, 1.59185542525e-09, 5.31816146676e-10, 2.18534190743e-10, 7.86040177392e-10, 1.70944636224e-09, 1.54270318742e-10, 2.96922243737e-11, 3.61527890957e-11, 2.93304575072e-10, 3.65262299573e-11, 1.79794547306e-11, 3.1930260519e-11, 4.45128933713e-11, 8.23545398543e-11, 4.1336399581e-11, 3.05971428749e-11, 1.22740437605e-11, 2.04008112487e-11],
        "dvar2": [9.3310217153e-07, 1.10014143502e-05, 2.57537271864e-06, 1.80735270305e-07, 3.24843824728e-07, 6.80021685184e-07, 1.99977662874e-07, 1.27922461957e-07, 8.55758415241e-08, 9.51517478143e-08, 8.5435345909e-08, 1.15163025782e-07, 6.51216325309e-08, 1.0113760851e-07, 6.82415191022e-08, 6.51438014643e-09, 2.77256662073e-09, 3.5009093402e-09, 2.44992914844e-09, 6.41937125678e-09, 1.07553486117e-08, 3.57028051567e-09, 3.62918961549e-09, 1.27092725233e-09, 4.80293027572e-10, 1.73448699847e-09, 3.28059934773e-09, 3.87761434073e-10, 6.47008488452e-11, 8.12054173904e-11, 5.80339776235e-10, 7.45016201509e-11, 4.64345333018e-11, 7.66472649238e-11, 1.10897423189e-10, 2.07891537318e-10, 9.38284727692e-11, 6.21846601989e-11, 2.44340294525e-11, 3.72021961847e-11],
        "max": [0.0204850286245, 0.0359648726881, 0.0191010385752, 0.00566931534559, 0.00500023644418, 0.00985166989267, 0.00516967056319, 0.0034993570298, 0.00377770629711, 0.00361742591485, 0.00404979055747, 0.00768900942057, 0.00390486721881, 0.00552184507251, 0.00393722625449, 0.00167988601606, 0.00109573639929, 0.00111252861097, 0.000843774701934, 0.000817936728708, 0.00124867283739, 0.000783820869401, 0.00125355029013, 0.000623935076874, 0.000298309372738, 0.000470524188131, 0.00119358440861, 0.000255165068666, 0.000144071134855, 0.000130555941723, 0.000435891764937, 0.000139145166031, 8.60141590238e-05, 0.000108964632091, 0.000148788371007, 0.000165491321241, 0.00012274493929, 0.000125897306134, 7.66223747632e-05, 9.9469354609e-05],
        "mean": [0.00168422108982, 0.00226746522821, 0.000731843931135, 0.000359687022865, 0.000606497225817, 0.00049041112652, 0.000135314403451, 0.00016168608272, 0.000187653306057, 0.0001434632577, 0.000132163710077, 0.000133005101816, 0.000115159447887, 0.000193801606656, 0.000110216024041, 3.29950671585e-05, 1.98810430447e-05, 2.2192063625e-05, 1.51533531607e-05, 1.74442593561e-05, 1.37680781336e-05, 1.36719063448e-05, 1.64695229614e-05, 8.78340779309e-06, 8.5223800852e-06, 1.54645076691e-05, 1.25221922644e-05, 6.24368840363e-06, 3.74894261768e-06, 3.8869011405e-06, 5.70391694055e-06, 2.72903162113e-06, 1.27039584186e-06, 1.3541827002e-06, 1.60962326845e-06, 2.27652003559e-06, 1.93818073058e-06, 1.66533914125e-06, 1.32475429382e-06, 1.44027308124e-06],
        "median": [0.000823022681288, 0.000954712508246, 0.00034224515548, 0.00018008799816, 0.000286598689854, 0.000113070847874, 4.04290403822e-05, 4.50326297141e-05, 4.37611888628e-05, 2.00534086616e-05, 2.02127266675e-05, 6.93225956638e-06, 6.50985657558e-06, 7.37005302653e-06, 4.95623589813e-06, 1.70050918769e-06, 1.2497755506e-06, 1.37231722874e-06, 1.0534190551e-06, 1.23786639961e-06, 1.50254413711e-06, 2.09794484363e-06, 1.70922339748e-06, 1.11155850391e-06, 1.08819085654e-06, 2.56125258602e-06, 2.43859471993e-06, 1.22834194372e-06, 8.44821443025e-07, 9.70714495452e-07, 6.90169031259e-07, 4.19119942308e-07, 2.02384342174e-07, 1.00519699231e-07, 1.20962511119e-07, 1.98037980681e-07, 2.20331784817e-07, 1.34395577334e-07, 1.76575611022e-07, 2.80266817754e-07],
        "min": [1.25535317043e-23, 1.47301251596e-23, 6.81041684392e-24, 2.52810790246e-24, 4.49658091825e-24, 4.63268072365e-24, 2.73195606848e-24, 9.8866974841e-24, 6.28590125589e-24, 9.50824146482e-24, 8.23615907895e-24, 6.41052589612e-24, 1.25040882694e-23, 1.65200047996e-23, 1.45744844807e-23, 7.14947162757e-24, 1.28987806238e-23, 9.56814756197e-24, 9.61051412574e-24, 1.60654599906e-23, 9.96407369485e-24, 2.12774971235e-23, 1.50170165159e-23, 1.02270941202e-23, 2.03045807696e-23, 1.42767273543e-23, 7.01775157792e-24, 6.74314673023e-24, 1.04161438472e-23, 9.70934261995e-24, 8.49508058298e-24, 1.00448538404e-23, 1.06252440519e-23, 1.09749460912e-23, 1.54553770546e-23, 7.63039042324e-24, 9.84031246288e-24, 7.9653447079e-24, 8.04811751611e-24, 1.06147821786e-23],
        "var": [6.04303750151e-06, 1.5181546587e-05, 1.86490262877e-06, 2.75300010344e-07, 6.37854611796e-07, 1.15826844649e-06, 1.53179811946e-07, 1.30714013835e-07, 1.35830603654e-07, 1.52246983021e-07, 1.10531317432e-07, 2.51058708045e-07, 1.33881059128e-07, 3.58551403679e-07, 1.47800037098e-07, 1.56909134574e-08, 5.54522072704e-09, 5.78230396897e-09, 1.96394855934e-09, 3.10057646224e-09, 3.76492881315e-09, 2.3609003641e-09, 5.54618262427e-09, 8.3216439295e-10, 3.8344183384e-10, 1.37574807102e-09, 2.53628096303e-09, 3.29531707477e-10, 8.30727223122e-11, 8.72755201442e-11, 5.54929269203e-10, 8.28863921942e-11, 1.87371645977e-11, 3.92411103611e-11, 6.17417714177e-11, 1.03372851945e-10, 6.28521956703e-11, 6.08892103404e-11, 2.92601047558e-11, 4.40611401531e-11]
    },
    "mfcc": {
        "mean": [-699.999755859, 128.416412354, 28.1852455139, 31.4401454926, 2.18309688568, -2.99786925316, 13.8567733765, 0.364582598209, 5.35056734085, 0.883934497833, -1.54136812687, 2.43634486198, 2.31728625298],
        "cov": [[9633.66601562, -1261.15905762, -1548.70910645, -99.2760772705, -72.9396743774, 188.036605835, 231.452987671, 114.998588562, -213.867370605, 64.8313827515, -199.406448364, 4.03229761124, -82.4810333252], [-1261.15905762, 1663.20959473, 101.804283142, -52.1480255127, 5.59568119049, -30.1986846924, 185.258621216, -120.347587585, 72.3543243408, -18.1954879761, -16.4461193085, -47.4944725037, -0.0553605817258], [-1548.70910645, 101.804283142, 1325.31726074, 144.368362427, 52.546585083, -133.33203125, -158.68031311, 56.1120300293, 119.192207336, -64.4417572021, 91.7108688354, 74.3241500854, 37.0252876282], [-99.2760772705, -52.1480255127, 144.368362427, 589.214050293, 3.53059697151, -191.645690918, -160.635345459, 93.5355224609, 28.729265213, -110.904449463, 134.888168335, 22.9649124146, -47.5719947815], [-72.9396743774, 5.59568119049, 52.546585083, 3.53059697151, 268.81652832, 42.6921844482, 6.32083415985, 71.3744659424, -66.5437240601, 24.5764636993, -22.023519516, 31.366689682, 11.3641443253], [188.036605835, -30.1986846924, -133.33203125, -191.645690918, 42.6921844482, 360.748077393, 103.217208862, -47.5966720581, -37.8824539185, 125.018463135, -73.6519546509, -14.0150680542, 33.4587669373], [231.452987671, 185.258621216, -158.68031311, -160.635345459, 6.32083415985, 103.217208862, 273.717163086, -27.0905437469, -22.364358902, 50.7760543823, -54.0233230591, -13.1509666443, 11.5774669647], [114.998588562, -120.347587585, 56.1120300293, 93.5355224609, 71.3744659424, -47.5966720581, -27.0905437469, 217.057922363, -9.59022426605, -32.9643592834, 12.1023902893, 32.0742111206, 19.084608078], [-213.867370605, 72.3543243408, 119.192207336, 28.729265213, -66.5437240601, -37.8824539185, -22.364358902, -9.59022426605, 183.108734131, -2.61850857735, -4.75931119919, -1.61884725094, 13.41685009], [64.8313827515, -18.1954879761, -64.4417572021, -110.904449463, 24.5764636993, 125.018463135, 50.7760543823, -32.9643592834, -2.61850857735, 153.071746826, -41.7429046631, 9.51375770569, 21.5187358856], [-199.406448364, -16.4461193085, 91.7108688354, 134.888168335, -22.023519516, -73.6519546509, -54.0233230591, 12.1023902893, -4.75931119919, -41.7429046631, 177.245788574, -0.149090483785, -25.7168827057], [4.03229761124, -47.4944725037, 74.3241500854, 22.9649124146, 31.366689682, -14.0150680542, -13.1509666443, 32.0742111206, -1.61884725094, 9.51375770569, -0.149090483785, 108.3073349, 29.0159664154], [-82.4810333252, -0.0553605817258, 37.0252876282, -47.5719947815, 11.3641443253, 33.4587669373, 11.5774669647, 19.084608078, 13.41685009, 21.5187358856, -25.7168827057, 29.0159664154, 105.202186584]],
