{
"lowlevel": {
    "average_loudness": 0.898875832558,
    "barkbands_crest": {
        "dmean": 2.0364048481,
        "dmean2": 3.0466542244,
        "dvar": 4.2861661911,
        "dvar2": 10.182715416,
        "max": 25.8645515442,
        "mean": 10.7164716721,
        "median": 10.0570926666,
        "min": 3.17523765564,
        "var": 15.6259336472
    },
    "barkbands_flatness_db": {
        "dmean": 0.0235616248101,
        "dmean2": 0.0313308909535,
        "dvar": 0.000715522794053,
        "dvar2": 0.00108163570985,
        "max": 0.381679624319,
        "mean": 0.184730470181,
        "median": 0.176300182939,
        "min": 0.0188657268882,
        "var": 0.00578807294369
    },
    "barkbands_kurtosis": {
        "dmean": 3.62436771393,
        "dmean2": 5.26418352127,
        "dvar": 34.4890899658,
        "dvar2": 66.3214111328,
        "max": 107.444770813,
        "mean": 8.29598426819,
        "median": 5.62329769135,
        "min": -1.82264268398,
        "var": 113.818756104
    },
    "barkbands_skewness": {
        "dmean": 0.542920172215,
        "dmean2": 0.776385188103,
        "dvar": 0.441614925861,
        "dvar2": 0.832600295544,
        "max": 9.69746494293,
        "mean": 2.21690630913,
        "median": 2.24195885658,
        "min": -1.78749203682,
        "var": 2.30999779701
    },
    "barkbands_spread": {
        "dmean": 5.87062883377,
        "dmean2": 8.1888999939,
        "dvar": 88.004486084,
        "dvar2": 159.675170898,
        "max": 102.831840515,
        "mean": 19.2014255524,
        "median": 13.9199638367,
        "min": 1.1103900671,
        "var": 302.974914551
    },
    "dissonance": {
        "dmean": 0.0227699559182,
        "dmean2": 0.0386026054621,
        "dvar": 0.000507553922944,
        "dvar2": 0.00142114644405,
        "max": 0.500000119209,
        "mean": 0.449270159006,
        "median": 0.456646442413,
        "min": 0.300650894642,
        "var": 0.00122735614423
    },
    "dynamic_complexity": 4.18777036667,
    "erbbands_crest": {
        "dmean": 2.2301504612,
        "dmean2": 3.4266576767,
        "dvar": 4.99066448212,
        "dvar2": 10.2674179077,
        "max": 30.4042453766,
        "mean": 9.53353786469,
        "median": 8.13869857788,
        "min": 2.26873207092,
        "var": 27.2309970856
    },
    "erbbands_flatness_db": {
        "dmean": 0.0217349175364,
        "dmean2": 0.0258208457381,
        "dvar": 0.00083710293984,
        "dvar2": 0.00114209402818,
        "max": 0.44327968359,
        "mean": 0.173064798117,
        "median": 0.162448272109,
        "min": 0.0384225472808,
        "var": 0.00632188050076
    },
    "erbbands_kurtosis": {
        "dmean": 0.699509441853,
        "dmean2": 1.04116678238,
        "dvar": 0.901066064835,
        "dvar2": 1.96658277512,
        "max": 14.0712203979,
        "mean": 0.0688061267138,
        "median": -0.606473684311,
        "min": -1.75528144836,
        "var": 3.36407351494
    },
    "erbbands_skewness": {
        "dmean": 0.32383415103,
        "dmean2": 0.459923446178,
        "dvar": 0.104987800121,
        "dvar2": 0.203428447247,
        "max": 2.92232251167,
        "mean": 0.263509958982,
        "median": 0.253344118595,
        "min": -3.58510971069,
        "var": 0.62002146244
    },
    "erbbands_spread": {
        "dmean": 9.43779945374,
        "dmean2": 12.994591713,
        "dvar": 134.509414673,
        "dvar2": 242.011672974,
        "max": 152.426391602,
        "mean": 47.484046936,
        "median": 42.2427330017,
        "min": 3.7881052494,
        "var": 719.005493164
    },
    "hfc": {
        "dmean": 8.65361404419,
        "dmean2": 11.3329334259,
        "dvar": 428.110931396,
        "dvar2": 754.789916992,
        "max": 291.258636475,
        "mean": 19.8679962158,
        "median": 8.52846717834,
        "min": 1.20799524363e-16,
        "var": 1154.57287598
    },
    "melbands_crest": {
        "dmean": 2.41948604584,
        "dmean2": 3.79654860497,
        "dvar": 6.09134960175,
        "dvar2": 14.9303455353,
        "max": 33.0856170654,
        "mean": 14.609623909,
        "median": 14.6838779449,
        "min": 2.63829898834,
        "var": 22.4430751801
    },
    "melbands_flatness_db": {
        "dmean": 0.027329960838,
        "dmean2": 0.0355761647224,
        "dvar": 0.00106744735967,
        "dvar2": 0.00164271972608,
        "max": 0.499195933342,
        "mean": 0.267178833485,
        "median": 0.265451937914,
        "min": 0.00609788438305,
        "var": 0.00977520830929
    },
    "melbands_kurtosis": {
        "dmean": 10.2938423157,
        "dmean2": 15.4526443481,
        "dvar": 317.291992188,
        "dvar2": 654.265563965,
        "max": 216.717208862,
        "mean": 27.1449565887,
        "median": 16.2585849762,
        "min": -1.81779837608,
        "var": 1064.86071777
    },
    "melbands_skewness": {
        "dmean": 0.782800376415,
        "dmean2": 1.13277626038,
        "dvar": 1.03149199486,
        "dvar2": 1.99100804329,
        "max": 12.8999204636,
        "mean": 3.7044210434,
        "median": 3.37942075729,
        "min": -0.813986480236,
        "var": 5.56751251221
    },
    "melbands_spread": {
        "dmean": 5.39741754532,
        "dmean2": 7.68829870224,
        "dvar": 101.554832458,
        "dvar2": 181.515075684,
        "max": 152.830841064,
        "mean": 17.4690055847,
        "median": 10.5540380478,
        "min": 1.13720083237,
        "var": 333.426177979
    },
    "pitch_salience": {
        "dmean": 0.0562286973,
        "dmean2": 0.0866997763515,
        "dvar": 0.0030375616625,
        "dvar2": 0.00661770394072,
        "max": 0.84039992094,
        "mean": 0.536407411098,
        "median": 0.539777159691,
        "min": 0.100826777518,
        "var": 0.012138934806
    },
    "silence_rate_20dB": {
        "dmean": 0,
        "dmean2": 0,
        "dvar": 0,
        "dvar2": 0,
        "max": 1,
        "mean": 1,
        "median": 1,
        "min": 1,
        "var": 0
    },
    "silence_rate_30dB": {
        "dmean": 0.0386996902525,
        "dmean2": 0.0774593353271,
        "dvar": 0.0372023209929,
        "dvar2": 0.0977942943573,
        "max": 1,
        "mean": 0.972157776356,
        "median": 1,
        "min": 0,
        "var": 0.0270667225122
    },
    "silence_rate_60dB": {
        "dmean": 0.030959751457,
        "dmean2": 0.0619674660265,
        "dvar": 0.0300014019012,
        "dvar2": 0.0612257681787,
        "max": 1,
        "mean": 0.192575410008,
        "median": 0,
        "min": 0,
        "var": 0.155487403274
    },
    "spectral_centroid": {
        "dmean": 220.848052979,
        "dmean2": 305.5184021,
        "dvar": 163371.234375,
        "dvar2": 242761.4375,
        "max": 11031.1796875,
        "mean": 1018.08886719,
        "median": 833.680114746,
        "min": 227.826889038,
        "var": 461720.25
    },
    "spectral_complexity": {
        "dmean": 2.8250772953,
        "dmean2": 4.33307504654,
        "dvar": 21.0158348083,
        "dvar2": 36.6357727051,
        "max": 58,
        "mean": 13.4825983047,
        "median": 11,
        "min": 0,
        "var": 83.9929428101
    },
    "spectral_decrease": {
        "dmean": 2.70365263511e-09,
        "dmean2": 4.24538582067e-09,
        "dvar": 3.81234474872e-17,
        "dvar2": 9.39902301336e-17,
        "max": -3.99135649928e-29,
        "mean": -7.47832373804e-09,
        "median": -6.29993213153e-09,
        "min": -7.0419709175e-08,
        "var": 5.61078793252e-17
    },
    "spectral_energy": {
        "dmean": 0.0106539381668,
        "dmean2": 0.0166044421494,
        "dvar": 0.000576054095291,
        "dvar2": 0.00141164497472,
        "max": 0.27483099699,
        "mean": 0.0300270095468,
        "median": 0.0250066947192,
        "min": 1.11075169747e-20,
        "var": 0.000881320098415
    },
    "spectral_energyband_high": {
        "dmean": 0.000778899819124,
        "dmean2": 0.0010215381626,
        "dvar": 4.47623870059e-06,
        "dvar2": 7.74943418946e-06,
        "max": 0.0294095501304,
        "mean": 0.001292039291,
        "median": 0.000146242746268,
        "min": 8.41511920562e-21,
        "var": 1.1500544133e-05
    },
    "spectral_energyband_low": {
        "dmean": 0.00637123035267,
        "dmean2": 0.0101330727339,
        "dvar": 0.000411237735534,
        "dvar2": 0.00100678647868,
        "max": 0.22289185226,
        "mean": 0.0149430660531,
        "median": 0.0109895076603,
        "min": 5.37586745021e-23,
        "var": 0.000512356986292
    },
    "spectral_energyband_middle_high": {
        "dmean": 0.00105141568929,
        "dmean2": 0.00163450825494,
        "dvar": 7.12078553988e-06,
        "dvar2": 1.73104253918e-05,
        "max": 0.0300057176501,
        "mean": 0.00263085239567,
        "median": 0.00134897162206,
        "min": 1.53912422212e-21,
        "var": 1.42013377626e-05
    },
    "spectral_energyband_middle_low": {
        "dmean": 0.00493399985135,
        "dmean2": 0.00803115032613,
        "dvar": 0.000101892605016,
        "dvar2": 0.000269520882284,
        "max": 0.127178877592,
        "mean": 0.0128023838624,
        "median": 0.00839829538018,
        "min": 3.76038911601e-22,
        "var": 0.000204045762075
    },
    "spectral_entropy": {
        "dmean": 0.226812809706,
        "dmean2": 0.280608505011,
        "dvar": 0.0753665864468,
        "dvar2": 0.109598524868,
        "max": 9.79201221466,
        "mean": 7.19394016266,
        "median": 7.22212934494,
        "min": 5.57103157043,
        "var": 0.50867241621
    },
    "spectral_flux": {
        "dmean": 0.024929722771,
        "dmean2": 0.0381425619125,
        "dvar": 0.00195876159705,
        "dvar2": 0.00420506019145,
        "max": 0.437054485083,
        "mean": 0.0665012449026,
        "median": 0.0452215708792,
        "min": 1.05392208849e-10,
        "var": 0.00412790151313
    },
    "spectral_kurtosis": {
        "dmean": 4.03892278671,
        "dmean2": 6.3992190361,
        "dvar": 38.7393684387,
        "dvar2": 108.21686554,
        "max": 55.3785209656,
        "mean": 9.01471424103,
        "median": 4.95634078979,
        "min": -1.19298791885,
        "var": 98.794593811
    },
    "spectral_rms": {
        "dmean": 0.000775753171183,
        "dmean2": 0.00116325961426,
        "dvar": 1.90931996258e-06,
        "dvar2": 4.19508751293e-06,
        "max": 0.0163746085018,
        "mean": 0.00477519398555,
        "median": 0.00493930932134,
        "min": 3.29189952207e-12,
        "var": 6.49216462989e-06
    },
    "spectral_rolloff": {
        "dmean": 588.330322266,
        "dmean2": 911.584594727,
        "dvar": 2411606.25,
        "dvar2": 4169298,
        "max": 18303.2226562,
        "mean": 1434.61303711,
        "median": 495.263671875,
        "min": 86.1328125,
        "var": 5338174
    },
    "spectral_skewness": {
        "dmean": 0.383510798216,
        "dmean2": 0.569336175919,
        "dvar": 0.202544435859,
        "dvar2": 0.550625741482,
        "max": 5.46880435944,
        "mean": 1.97591483593,
        "median": 1.80135703087,
        "min": 0.00277294777334,
        "var": 0.750496685505
    },
    "spectral_spread": {
        "dmean": 915844.6875,
        "dmean2": 979965.25,
        "dvar": 2.19287873126e+12,
        "dvar2": 2.50401311949e+12,
        "max": 40309268,
        "mean": 5112077.5,
        "median": 4432041,
        "min": 1078965.75,
        "var": 1.01042482053e+13
    },
    "spectral_strongpeak": {
        "dmean": 0.271815180779,
        "dmean2": 0.461020052433,
        "dvar": 0.193198874593,
        "dvar2": 0.465053290129,
        "max": 5.38711214066,
        "mean": 0.672779500484,
        "median": 0.395494967699,
        "min": 0,
        "var": 0.549709737301
    },
    "zerocrossingrate": {
        "dmean": 0.0155811607838,
        "dmean2": 0.0154279479757,
        "dvar": 0.000663053593598,
        "dvar2": 0.000590787210967,
        "max": 0.486328125,
        "mean": 0.0631079897285,
        "median": 0.04638671875,
        "min": 0.00439453125,
        "var": 0.00312206964009
    },
    "barkbands": {
        "dmean": [0.000710050400812, 0.00373079278506, 0.00279096583836, 0.00137138704304, 0.00301825534552, 0.000849374278914, 0.000732083048206, 0.000240685767494, 0.000436023168731, 0.000399448908865, 0.000191680621356, 0.000136318631121, 0.000167172183865, 0.000171032981598, 0.000128199520987, 9.89552572719e-05, 0.000124206213513, 7.636029477e-05, 0.000102472607978, 8.14996164991e-05, 0.000102428472019, 0.000132716915687, 0.000131570952362, 0.000142625489389, 0.000181075884029, 0.000132467263029, 1.14356125778e-05],
        "dmean2": [0.00111886637751, 0.00590604171157, 0.00488953571767, 0.00228610495105, 0.00484223756939, 0.00145646184683, 0.00108091032598, 0.000376218435122, 0.000699710624758, 0.000614293734543, 0.000312601914629, 0.000219387409743, 0.000278982945019, 0.000277635117527, 0.000212786646443, 0.000157028116519, 0.000201315880986, 0.000123248260934, 0.000165716788615, 0.00012303123367, 0.000152461783728, 0.000182659015991, 0.000198838693905, 0.000192190680536, 0.000236581472564, 0.000174445071025, 1.68820843101e-05],
        "dvar": [6.28404950476e-06, 0.000123659221572, 9.29566303967e-05, 8.03401326266e-06, 4.90414568048e-05, 1.06531806523e-05, 3.97368830818e-06, 4.4231717311e-07, 2.86051249532e-06, 9.00398163139e-07, 5.94730352077e-07, 2.33907513802e-07, 3.71493825924e-07, 3.56287330305e-07, 1.05664376804e-07, 4.03878281929e-08, 4.9855586326e-08, 5.08526767362e-08, 1.05433635156e-07, 3.96514501233e-08, 8.80555504068e-08, 1.41758974337e-07, 1.74496165073e-07, 2.14606302507e-07, 3.32787692514e-07, 1.62579851803e-07, 1.30864807879e-09],
        "dvar2": [1.38651139423e-05, 0.00030231080018, 0.000265123409918, 2.27179534704e-05, 0.000131262611831, 3.00174342556e-05, 8.35271566757e-06, 8.41158964704e-07, 7.32052376407e-06, 1.97131384994e-06, 1.35174116167e-06, 6.33217439372e-07, 9.72634097707e-07, 9.51710603658e-07, 2.72655540812e-07, 9.19138898325e-08, 1.20773890444e-07, 1.23516429085e-07, 2.64375756842e-07, 8.60823590187e-08, 1.88277894608e-07, 2.86315071207e-07, 4.15673980569e-07, 4.04746486993e-07, 5.44209228792e-07, 2.87916776642e-07, 2.91846147249e-09],
        "max": [0.0268768072128, 0.134113326669, 0.0917827785015, 0.0368061028421, 0.0962274000049, 0.0468532890081, 0.0492104813457, 0.0131904743612, 0.034615650773, 0.0234868824482, 0.0189084522426, 0.00777428084984, 0.00808741524816, 0.00975222140551, 0.00585450837389, 0.00479856738821, 0.00279809464701, 0.00348364165984, 0.00661644525826, 0.00211229478009, 0.00370440143161, 0.0051005911082, 0.00655283825472, 0.00929348543286, 0.0115683535114, 0.00814997032285, 0.000548300973605],
        "mean": [0.000773293082602, 0.00829777307808, 0.00433344068006, 0.00279680965468, 0.00607764907181, 0.0013473717263, 0.00124872673769, 0.000411511107814, 0.000712499837391, 0.000839967164211, 0.000306278845528, 0.000184849428479, 0.000213166567846, 0.000212326907786, 0.000209991456359, 0.00018651082064, 0.000252741214354, 0.000112821922812, 0.000150717198267, 0.000129096282762, 0.000148059552885, 0.000210889367736, 0.00019032919954, 0.000212935352465, 0.000274795922451, 0.000179817667231, 1.26729191834e-05],
        "median": [8.55040852912e-05, 0.00645983638242, 0.00188160617836, 0.00165244808886, 0.00290445704013, 0.000420343421865, 0.000387696607504, 0.000119801065011, 4.09024250985e-05, 0.000324651948176, 6.63411046844e-05, 3.06128022203e-05, 5.89321789448e-05, 5.59220279683e-05, 9.12666364457e-05, 8.52241719258e-05, 0.000137410053867, 3.39184916811e-05, 1.63259774126e-05, 9.80548884399e-06, 1.10032660814e-05, 1.73549960891e-05, 1.56503174367e-05, 9.92712102743e-06, 1.51150079546e-05, 5.39751772521e-06, 8.5937713834e-08],
        "min": [1.66517161718e-23, 5.60314608672e-24, 2.62384066982e-23, 1.39440615551e-23, 5.47652610171e-23, 4.68946032837e-23, 2.42380573909e-23, 6.65154704181e-23, 6.96254567182e-23, 1.83355230501e-22, 1.16721336284e-22, 1.01544788427e-22, 1.10777868898e-22, 1.2376822444e-22, 1.36358684301e-22, 1.77902434598e-22, 1.73652720995e-22, 1.20120468505e-22, 2.6348065306e-22, 4.24966311619e-22, 4.10564765959e-22, 3.11637140336e-22, 7.11042717794e-22, 1.01873643713e-21, 1.60848935474e-21, 1.6258922574e-21, 2.58678481863e-21],
        "var": [6.26223663858e-06, 0.000152176842676, 7.40572504583e-05, 1.29657119032e-05, 8.61526859808e-05, 1.16480568977e-05, 8.56037968333e-06, 1.11985411877e-06, 5.80470759814e-06, 2.84680072582e-06, 8.46401064791e-07, 2.79956395843e-07, 3.31360269001e-07, 4.13290905499e-07, 1.83902741924e-07, 8.62062989881e-08, 9.65572368727e-08, 6.59843735207e-08, 1.48308686221e-07, 8.27620212362e-08, 1.36097156656e-07, 3.11507847073e-07, 3.12951357273e-07, 5.58396095585e-07, 8.66468781169e-07, 2.9805536883e-07, 1.57773716314e-09]
    },
    "erbbands": {
        "dmean": [0.142083704472, 0.818296909332, 2.97328805923, 3.98431491852, 7.40374040604, 12.1871709824, 7.10610294342, 7.64889001846, 9.10054779053, 9.7534160614, 5.31764125824, 11.2724990845, 9.04187679291, 13.1548309326, 6.32376909256, 5.28768491745, 7.95832061768, 8.18892002106, 7.04786157608, 5.63762664795, 7.10699319839, 5.66900873184, 4.50721025467, 4.90792036057, 4.44963502884, 3.92039656639, 3.87986540794, 4.38926267624, 4.76306056976, 4.88348674774, 3.33876514435, 2.68368983269, 2.69745373726, 2.12295436859, 1.26474583149, 0.689524650574, 0.227522686124, 0.0379418805242, 0.00111233035568, 3.81563222618e-05],
        "dmean2": [0.231108620763, 1.32343375683, 5.18461799622, 6.87240219116, 11.8234462738, 19.5990123749, 11.9336690903, 13.1397743225, 14.1985664368, 13.9642095566, 8.24428939819, 18.0129947662, 14.211479187, 20.3251399994, 10.0542535782, 8.54193401337, 13.1588668823, 12.9970464706, 11.9752254486, 9.10453987122, 11.4565238953, 9.0574388504, 7.23239850998, 8.00398826599, 6.87877464294, 5.99899578094, 5.69712734222, 6.56062269211, 6.68546295166, 7.06438350677, 4.98552656174, 3.91559243202, 3.57085871696, 2.80163216591, 1.68530786037, 0.929986476898, 0.306271463633, 0.0492583364248, 0.00153786118608, 5.07010117872e-05],
        "dvar": [0.226917237043, 6.54406452179, 102.142585754, 113.801109314, 233.29095459, 1164.58288574, 468.738616943, 998.949890137, 484.082672119, 1779.5012207, 163.243148804, 2491.09570312, 359.795928955, 1520.57128906, 325.366271973, 341.4637146, 803.410705566, 800.766845703, 565.640563965, 149.541305542, 173.781158447, 129.469360352, 145.880584717, 369.196655273, 116.520545959, 97.1807937622, 107.703704834, 184.582931519, 181.437820435, 219.88885498, 108.515869141, 78.0226287842, 83.6874694824, 54.8576698303, 13.593380928, 4.92560100555, 0.545143187046, 0.0101761929691, 1.02718367998e-05, 7.73633246354e-09],
        "dvar2": [0.560070872307, 17.697473526, 291.82913208, 328.729217529, 594.251708984, 3073.00683594, 1276.70666504, 2813.51513672, 1040.91113281, 3597.45849609, 343.805419922, 6282.67529297, 881.655334473, 3343.79125977, 827.446655273, 909.288024902, 2074.26416016, 2090.7121582, 1559.55078125, 353.246765137, 441.823303223, 311.504852295, 359.902496338, 980.914489746, 268.930541992, 212.985351562, 227.729598999, 416.990844727, 382.394622803, 514.211853027, 247.435195923, 163.118972778, 156.54699707, 92.64037323, 23.3415184021, 9.52886867523, 1.01854431629, 0.0197966191918, 2.1366207875e-05, 1.41548834875e-08],
        "max": [6.04526138306, 34.2203979492, 114.924835205, 118.625617981, 266.112060547, 454.404876709, 392.247924805, 386.334442139, 345.551300049, 1285.02893066, 205.44859314, 1065.89025879, 243.218048096, 995.2109375, 324.167907715, 240.471130371, 392.372039795, 560.674804688, 275.763519287, 228.074020386, 244.132736206, 145.767684937, 189.915405273, 387.540710449, 162.22164917, 113.804824829, 152.896743774, 155.315536499, 176.165130615, 241.189056396, 131.489898682, 176.524475098, 212.699066162, 161.952545166, 63.2228012085, 53.7391204834, 13.4091367722, 1.25440251827, 0.0426362492144, 0.00103226292413],
        "mean": [0.259438872337, 1.74395048618, 5.22859859467, 7.78371810913, 16.3878383636, 20.0683326721, 13.5051269531, 10.4004268646, 16.2085380554, 15.5708322525, 10.21068573, 18.0056171417, 18.0831394196, 28.1083927155, 11.5450286865, 8.04281997681, 10.7707881927, 11.3162565231, 9.71286678314, 9.99777317047, 14.7618045807, 11.2179393768, 7.45616579056, 6.97913122177, 7.30963134766, 6.32685041428, 5.80173826218, 6.00679683685, 7.43459606171, 7.37275457382, 4.88689947128, 4.10356283188, 3.83949017525, 3.16685771942, 1.84100019932, 0.915407836437, 0.304190784693, 0.0489277541637, 0.0013701148564, 7.39108509151e-05],
        "median": [0.13905672729, 1.27511775494, 2.779763937, 4.57489347458, 10.0684661865, 5.67987537384, 4.41619300842, 2.55407261848, 5.47219133377, 4.08435535431, 3.22336149216, 1.55483877659, 7.64001750946, 9.28899669647, 2.659481287, 1.76533198357, 3.06822705269, 3.23563361168, 3.3817858696, 4.87359619141, 9.8386926651, 6.28578662872, 2.95587229729, 1.05797123909, 0.785585284233, 0.458625137806, 0.395342439413, 0.465079665184, 0.604069232941, 0.650758326054, 0.374092757702, 0.241010904312, 0.13214430213, 0.135688200593, 0.11186376214, 0.034882761538, 0.00828896369785, 0.000993601279333, 4.13941525039e-05, 3.47885506926e-05],
        "min": [3.72829497272e-22, 9.66121711913e-22, 1.756848903e-20, 5.91103459601e-20, 3.55410913322e-20, 2.62220571028e-19, 3.96762635033e-19, 3.26216846684e-19, 2.49517144771e-19, 8.10022198312e-19, 1.48667393056e-18, 1.48047017936e-18, 5.62260263592e-18, 3.31704781628e-18, 6.4141305233e-18, 3.99708974827e-18, 5.38095505485e-18, 4.70562370966e-18, 7.57743597777e-18, 5.99802103847e-18, 1.22045437037e-17, 9.70164571697e-18, 6.78907619213e-18, 1.32366682392e-17, 9.16753354108e-18, 2.23076218263e-17, 1.84392968024e-17, 1.57386100051e-17, 1.17762171748e-17, 2.1698041e-17, 1.70613627944e-17, 1.61294958579e-17, 2.01582327092e-17, 1.642559343e-17, 1.2754609712e-17, 6.21644883256e-18, 2.89598372638e-18, 1.38167069302e-18, 3.88674463004e-19, 3.64018535389e-20],
        "var": [0.227645725012, 6.86201477051, 86.9848556519, 120.90309906, 497.165588379, 1857.06811523, 1141.21777344, 840.668395996, 1016.17584229, 3482.43457031, 537.29284668, 4672.32861328, 760.21270752, 5255.69091797, 698.79498291, 374.36517334, 773.846801758, 1080.32800293, 605.781555176, 301.865936279, 313.980651855, 224.09942627, 202.496185303, 363.249267578, 274.096282959, 208.192581177, 182.394241333, 268.332763672, 373.589447021, 423.215393066, 208.526580811, 193.747009277, 203.282333374, 142.047821045, 31.3138542175, 8.1118516922, 0.95541280508, 0.0168173015118, 1.47439295688e-05, 1.53487444976e-08]
    },
    "gfcc": {
        "mean": [-50.4512443542, 106.628646851, -102.958877563, 19.8006324768, -42.5050849915, 4.74478387833, -47.3651924133, 8.63523960114, -24.1721000671, -6.21186256409, -23.6904449463, 3.09835577011, -7.30472612381],
        "cov": [[14566.53125, -3798.0078125, 2517.42797852, 1847.87036133, -1377.05065918, 1715.72229004, 128.272750854, 178.261825562, -418.995941162, 802.53503418, -471.581939697, 163.148239136, -702.235229492], [-3798.0078125, 4176.41601562, -1011.78308105, -310.436279297, 1473.94104004, -654.112548828, 560.905456543, 54.6461715698, 483.326293945, -553.062866211, 471.729309082, -246.079071045, 441.385162354], [2517.42797852, -1011.78308105, 1896.52478027, 740.430419922, 54.6196899414, 785.411987305, 198.870986938, 217.797531128, 33.0441703796, 316.975494385, -142.173568726, 102.919967651, -212.382720947], [1847.87036133, -310.436279297, 740.430419922, 969.916809082, 45.3488044739, 499.73626709, 275.419189453, 52.0184249878, 89.0628662109, 181.887802124, 22.7461986542, -58.3381767273, -87.702331543], [-1377.05065918, 1473.94104004, 54.6196899414, 45.3488044739, 938.225219727, -78.3743743896, 308.579711914, 140.282424927, 231.827835083, -125.989959717, 181.877243042, -70.4645614624, 185.5912323], [1715.72229004, -654.112548828, 785.411987305, 499.73626709, -78.3743743896, 567.485229492, 169.311538696, 91.3120346069, -7.0734128952, 177.118621826, -54.4646911621, 50.2887420654, -104.929504395], [128.272750854, 560.905456543, 198.870986938, 275.419189453, 308.579711914, 169.311538696, 388.074615479, 90.0848999023, 90.8840332031, -11.6742706299, 113.741920471, -40.697769165, 60.8107566833], [178.261825562, 54.6461715698, 217.797531128, 52.0184249878, 140.282424927, 91.3120346069, 90.0848999023, 144.994308472, 53.5812034607, 34.3494110107, 1.08867239952, 23.6821212769, 20.5865097046], [-418.995941162, 483.326293945, 33.0441703796, 89.0628662109, 231.827835083, -7.0734128952, 90.8840332031, 53.5812034607, 206.053939819, -24.47864151, 56.9185905457, -20.3122844696, 37.1457672119], [802.53503418, -553.062866211, 316.975494385, 181.887802124, -125.989959717, 177.118621826, -11.6742706299, 34.3494110107, -24.47864151, 179.78729248, -27.0375423431, 31.56640625, -72.6965789795], [-471.581939697, 471.729309082, -142.173568726, 22.7461986542, 181.877243042, -54.4646911621, 113.741920471, 1.08867239952, 56.9185905457, -27.0375423431, 133.004119873, -23.6101360321, 57.5776405334], [163.148239136, -246.079071045, 102.919967651, -58.3381767273, -70.4645614624, 50.2887420654, -40.697769165, 23.6821212769, -20.3122844696, 31.56640625, -23.6101360321, 99.3211593628, -3.08383345604], [-702.235229492, 441.385162354, -212.382720947, -87.702331543, 185.5912323, -104.929504395, 60.8107566833, 20.5865097046, 37.1457672119, -72.6965789795, 57.5776405334, -3.08383345604, 147.377471924]],
        "icov": [[0.000157515896717, -0.000105166131107, 3.12942975143e-05, -0.000230404679314, 0.000172313739313, -0.000186847697478, -1.54811459652e-06, -0.000251783756539, 0.0003309759486, -0.000238266409724, 0.000333507778123, -0.000178041969775, 0.000324309483403], [-0.000105166131107, 0.00188236811664, -7.85574520705e-05, 0.000439408264356, -0.00129922362976, 0.000800192181487, -0.00093643454602, 0.000517695734743, -0.00176475849003, 0.00301326788031, -0.00244712154381, 0.00142446602695, -0.000553490011953], [3.12942975143e-05, -7.85574520705e-05, 0.00201649381779, -0.000551510893274, -0.00101097126026, -0.00142654078081, -0.000105914245069, -0.00076181255281, 0.00029187038308, -0.00116207683459, 0.00209000194445, -0.00153220095672, 0.00187431287486], [-0.000230404679314, 0.000439408264356, -0.000551510893274, 0.00349462567829, -5.66819799133e-05, -0.00159068731591, -0.00106252951082, 0.00198890827596, -0.00211512390524, -0.000688972591888, -0.00134242209606, 0.00337560707703, -0.00124121888075], [0.000172313739313, -0.00129922362976, -0.00101097126026, -5.66819799133e-05, 0.00422324799001, -2.20324945985e-05, 0.00016216711083, -0.00208177603781, -0.00010430241673, -0.000575304147787, -0.000886171357706, 0.000978116528131, -0.00177940435242], [-0.000186847697478, 0.000800192181487, -0.00142654078081, -0.00159068731591, -2.20324945985e-05, 0.00784972403198, -0.00309479609132, -1.78385362233e-05, -0.000139651732752, 0.000122482670122, 0.00063407770358, -0.00232476065867, 0.000406106380979], [-1.54811459652e-06, -0.00093643454602, -0.000105914245069, -0.00106252951082, 0.00016216711083, -0.00309479609132, 0.00812811590731, -0.00334552535787, 0.00147177430335, 0.00149213126861, -0.00458423513919, 0.00168153620325, -0.00109065696597], [-0.000251783756539, 0.000517695734743, -0.00076181255281, 0.00198890827596, -0.00208177603781, -1.78385362233e-05, -0.00334552535787, 0.0140798185021, -0.00326903606765, -0.00305236270651, 0.00336599862203, -0.00152329786215, -0.00267049414106], [0.0003309759486, -0.00176475849003, 0.00029187038308, -0.00211512390524, -0.00010430241673, -0.000139651732752, 0.00147177430335, -0.00326903606765, 0.00972758978605, -0.00177076109685, 0.00114419776946, -0.00219261436723, 0.00208743941039], [-0.000238266409724, 0.00301326788031, -0.00116207683459, -0.000688972591888, -0.000575304147787, 0.000122482670122, 0.00149213126861, -0.00305236270651, -0.00177076109685, 0.0172883551568, -0.00888878852129, 0.00158251821995, 0.000857791746967], [0.000333507778123, -0.00244712154381, 0.00209000194445, -0.00134242209606, -0.000886171357706, 0.00063407770358, -0.00458423513919, 0.00336599862203, 0.00114419776946, -0.00888878852129, 0.0216470081359, -0.00496346829459, 0.000885954534169], [-0.000178041969775, 0.00142446602695, -0.00153220095672, 0.00337560707703, 0.000978116528131, -0.00232476065867, 0.00168153620325, -0.00152329786215, -0.00219261436723, 0.00158251821995, -0.00496346829459, 0.0180963203311, -0.00503069441766], [0.000324309483403, -0.000553490011953, 0.00187431287486, -0.00124121888075, -0.00177940435242, 0.000406106380979, -0.00109065696597, -0.00267049414106, 0.00208743941039, 0.000857791746967, 0.000885954534169, -0.00503069441766, 0.0147492410615]]
    },
    "melbands": {
        "dmean": [0.00110074155964, 0.00137128564529, 0.000738355505746, 0.000724432989955, 0.000307635637, 0.000167303849594, 0.000142574965139, 9.39767196542e-05, 4.59481343569e-05, 6.98980657035e-05, 4.51414271083e-05, 5.6066281104e-05, 2.40913577727e-05, 1.42226354001e-05, 1.58217608259e-05, 1.83279662451e-05, 1.56496917043e-05, 1.19950618682e-05, 8.793980669e-06, 6.03399485044e-06, 9.48937031353e-06, 6.34437765257e-06, 6.14101054452e-06, 3.36911375598e-06, 4.30381123806e-06, 3.93582286051e-06, 2.84693805952e-06, 2.68574513029e-06, 2.54620931628e-06, 2.5795725378e-06, 2.64010623141e-06, 2.75000206784e-06, 2.82067685475e-06, 2.91281526188e-06, 2.06035451811e-06, 1.81236976005e-06, 1.60321985732e-06, 1.7853500367e-06, 2.11887459045e-06, 1.83590839242e-06],
        "dmean2": [0.00174108275678, 0.002347368747, 0.00124975305516, 0.00115766469389, 0.000513588485774, 0.000287444679998, 0.000219414534513, 0.000136180213303, 7.14481357136e-05, 0.000111850713438, 7.11682077963e-05, 8.61755834194e-05, 3.8567923184e-05, 2.25451876759e-05, 2.59180760622e-05, 3.04264449369e-05, 2.48168962571e-05, 2.06191543839e-05, 1.45271405927e-05, 9.6715411928e-06, 1.55135894602e-05, 1.02195517684e-05, 1.00496072264e-05, 5.44627300769e-06, 7.16193108019e-06, 6.14178452452e-06, 4.52734275314e-06, 4.16561942984e-06, 3.90330706068e-06, 3.89763408748e-06, 4.01768602387e-06, 4.03570766139e-06, 3.93666732634e-06, 4.450247161e-06, 3.14378189614e-06, 2.73405612461e-06, 2.37940889747e-06, 2.49596860158e-06, 2.88644991997e-06, 2.52493828157e-06],
        "dvar": [1.12348643597e-05, 2.10520156543e-05, 2.96694679491e-06, 3.01747604681e-06, 7.66119342188e-07, 4.31256324873e-07, 1.09709255014e-07, 1.5382315155e-07, 1.51383527935e-08, 8.59055901969e-08, 9.07276564988e-09, 2.62287933595e-08, 6.55278453721e-09, 2.46030396056e-09, 3.40766859175e-09, 5.35641575539e-09, 2.59262855629e-09, 1.95025706695e-09, 5.05205322021e-10, 1.37308830972e-10, 2.97365104762e-10, 1.71901520796e-10, 1.89563365005e-10, 9.76337968805e-11, 3.29763355511e-10, 1.0769664327e-10, 4.69126994196e-11, 4.91417531667e-11, 4.57050994274e-11, 6.15604026089e-11, 6.44853198617e-11, 6.39300071215e-11, 6.30605984098e-11, 9.54817405696e-11, 4.62454310957e-11, 3.41564450335e-11, 3.29527308218e-11, 3.48313149157e-11, 6.76035477598e-11, 4.27740932951e-11],
        "dvar2": [2.63269648713e-05, 5.89939008933e-05, 8.32514433569e-06, 7.90341982793e-06, 2.08324536288e-06, 1.21367554584e-06, 2.34212123473e-07, 3.08140670313e-07, 3.46730431033e-08, 2.16007407516e-07, 2.22185896348e-08, 5.73525476e-08, 1.62574433915e-08, 6.6525163156e-09, 8.69053451424e-09, 1.43623095639e-08, 6.83837564353e-09, 5.38569189246e-09, 1.22951604453e-09, 3.0580787902e-10, 7.84719289548e-10, 4.13733075577e-10, 4.9663384516e-10, 2.35344993493e-10, 9.00678642779e-10, 2.49818887799e-10, 1.10250683583e-10, 1.08546831246e-10, 1.05527607486e-10, 1.34928360151e-10, 1.50386370024e-10, 1.44758233178e-10, 1.24567092752e-10, 2.51069165458e-10, 1.09612305343e-10, 8.26070184479e-11, 6.9161280869e-11, 6.77916611735e-11, 1.36168284981e-10, 8.04355471118e-11],
        "max": [0.0389766767621, 0.05733660236, 0.0182364676148, 0.0251397825778, 0.0111385425553, 0.00828115921468, 0.00479953689501, 0.011872369796, 0.00186007062439, 0.0059859091416, 0.00120886682998, 0.00422781985253, 0.00194987957366, 0.00103903887793, 0.00080712424824, 0.000910158967599, 0.000969721353613, 0.000493903236929, 0.000424085446866, 0.00023792036518, 0.000283152825432, 0.000191276150872, 0.000184113785508, 0.00014025841665, 0.000379231001716, 0.000167326477822, 7.46111472836e-05, 8.23658119771e-05, 9.3965070846e-05, 9.30967871682e-05, 9.65854342212e-05, 0.000104469174403, 0.000103598416899, 0.000176148518221, 9.78860480245e-05, 8.14873637864e-05, 0.000131244858494, 0.000105818027805, 0.000228043951211, 0.000145026628161],
        "mean": [0.00225267233327, 0.00264302734286, 0.00155647320207, 0.00140023871791, 0.000547166273464, 0.000237994041527, 0.00025972124422, 0.000148818900925, 8.3737038949e-05, 0.000112171852379, 8.79573854036e-05, 0.000117506846436, 4.02781952289e-05, 2.18100321945e-05, 2.15153413592e-05, 2.34386170632e-05, 2.05477626878e-05, 1.49255583892e-05, 1.46279544424e-05, 1.14641925393e-05, 1.89602560567e-05, 1.19425558296e-05, 1.01801888377e-05, 4.63030346509e-06, 5.67932556805e-06, 5.9159938246e-06, 4.71597331853e-06, 3.89054002881e-06, 3.62412833965e-06, 3.34870173901e-06, 3.48265371031e-06, 4.11600331063e-06, 4.25536200055e-06, 4.11699556935e-06, 2.83068425233e-06, 2.62286312136e-06, 2.37150220528e-06, 2.48337732955e-06, 2.92947083835e-06, 2.6436225653e-06],
        "median": [0.00162382423878, 0.00165511993691, 0.00101203203667, 0.000654699455481, 0.000161619493156, 6.26054534223e-05, 8.87725691427e-05, 4.11054425058e-05, 2.12901031773e-05, 8.63832337927e-06, 3.61112215614e-05, 3.55612792191e-05, 8.97818517842e-06, 4.59269722342e-06, 5.6345829762e-06, 5.73642864765e-06, 6.07108177064e-06, 4.50765901405e-06, 5.88190823692e-06, 7.17060765965e-06, 1.22201281556e-05, 5.92461628912e-06, 4.48730770586e-06, 1.24017469716e-06, 7.80894879426e-07, 5.89990349908e-07, 4.21585923505e-07, 2.49796073604e-07, 1.89048293464e-07, 2.59005787484e-07, 2.22485496693e-07, 2.90178405749e-07, 3.38440344194e-07, 3.48397549033e-07, 2.03676464139e-07, 1.76630493343e-07, 1.12691452614e-07, 7.99666892703e-08, 9.00516994307e-08, 1.13408574975e-07],
        "min": [3.55873889792e-24, 7.05097366608e-24, 8.86965461774e-24, 8.88441026098e-24, 1.54454579176e-23, 7.77440250352e-24, 4.19302921408e-24, 1.04736991389e-23, 1.30460593771e-23, 9.74924951542e-24, 2.87023758703e-23, 1.2968458341e-23, 1.86132645666e-23, 1.42175343874e-23, 1.1036941092e-23, 1.01225803054e-23, 8.98733530986e-24, 1.31162372321e-23, 9.17486253539e-24, 7.71560475595e-24, 1.63647585512e-23, 1.03863959025e-23, 6.79437693513e-24, 5.45215613731e-24, 1.18287791583e-23, 9.47879565382e-24, 5.35587724155e-24, 1.78796475905e-23, 1.11697458254e-23, 1.13372896265e-23, 8.38003153084e-24, 6.73678930019e-24, 5.26282557575e-24, 1.59627597671e-23, 1.0435597946e-23, 7.65050400974e-24, 1.00123969473e-23, 1.42978924924e-23, 1.24088924797e-23, 1.42684269599e-23],
        "var": [1.34338415592e-05, 1.91253820958e-05, 3.67507414012e-06, 5.06154719915e-06, 1.49009906636e-06, 3.91135415612e-07, 2.4773351015e-07, 3.02947057662e-07, 4.29797850643e-08, 1.65600056334e-07, 1.81709367553e-08, 9.43554425703e-08, 1.13578098038e-08, 3.35799232865e-09, 3.66828589726e-09, 4.81483031223e-09, 3.41002737159e-09, 1.77283643321e-09, 9.4981955634e-10, 2.91937113372e-10, 5.08008524136e-10, 2.85359652574e-10, 2.91585477985e-10, 1.18313928099e-10, 2.87864287962e-10, 2.22754481527e-10, 1.02888829401e-10, 9.31890259404e-11, 7.15545470098e-11, 8.42354866415e-11, 9.42504962964e-11, 1.18455106835e-10, 1.35853633898e-10, 1.49894485713e-10, 7.83521372782e-11, 6.52848122784e-11, 7.51275847088e-11, 8.14471198818e-11, 1.41884712312e-10, 1.00536863556e-10]
    },
    "mfcc": {
        "mean": [-700.26574707, 141.210891724, 3.19986891747, 19.6336803436, 19.8928070068, -2.41023015976, -9.59971237183, 5.26048994064, 2.05895090103, -5.31043148041, -7.44808959961, -6.99776887894, -1.33844923973],
        "cov": [[10481.1015625, -2952.24145508, 2097.41503906, 488.968261719, -684.074829102, 1085.37670898, 416.210083008, 29.6040725708, -52.8160667419, 212.753112793, 506.91418457, -38.1541748047, -115.056594849], [-2952.24145508, 3392.05688477, -1148.42773438, 228.227752686, 646.056945801, -334.126983643, 101.227493286, 372.894378662, 143.128692627, 103.459838867, -144.211547852, 43.3016967773, 138.302810669], [2097.41503906, -1148.42773438, 1478.55749512, 270.319732666, 59.4108352661, 556.99005127, 236.96824646, 113.824798584, 168.53868103, 129.94720459, 270.509399414, 70.2546844482, -29.2281227112], [488.968261719, 228.227752686, 270.319732666, 498.898071289, 218.807006836, 267.197021484, 216.357543945, 133.949371338, 133.058166504, 158.98550415, 110.133781433, 83.4582366943, 52.7056465149], [-684.074829102, 646.056945801, 59.4108352661, 218.807006836, 483.198974609, 74.7485809326, 125.373260498, 126.252952576, 176.795211792, 92.2221603394, 25.7790164948, 96.085395813, 51.6033058167], [1085.37670898, -334.126983643, 556.99005127, 267.197021484, 74.7485809326, 439.836700439, 218.399963379, 115.180076599, 89.6373519897, 115.437271118, 152.619232178, 65.5763015747, 18.2911109924], [416.210083008, 101.227493286, 236.96824646, 216.357543945, 125.373260498, 218.399963379, 367.88470459, 122.849700928, 116.950775146, 111.870018005, 45.2405929565, 70.8688354492, 27.7840919495], [29.6040725708, 372.894378662, 113.824798584, 133.949371338, 126.252952576, 115.180076599, 122.849700928, 212.410064697, 109.132301331, 66.2203216553, 47.2227020264, 44.7869033813, 40.0084838867], [-52.8160667419, 143.128692627, 168.53868103, 133.058166504, 176.795211792, 89.6373519897, 116.950775146, 109.132301331, 199.166152954, 77.5335922241, 24.4904251099, 73.3946762085, 32.4962501526], [212.753112793, 103.459838867, 129.94720459, 158.98550415, 92.2221603394, 115.437271118, 111.870018005, 66.2203216553, 77.5335922241, 135.492492676, 66.0051651001, 34.4282188416, 14.0555925369], [506.91418457, -144.211547852, 270.509399414, 110.133781433, 25.7790164948, 152.619232178, 45.2405929565, 47.2227020264, 24.4904251099, 66.0051651001, 149.768051147, 42.8559532166, 2.55888128281], [-38.1541748047, 43.3016967773, 70.2546844482, 83.4582366943, 96.085395813, 65.5763015747, 70.8688354492, 44.7869033813, 73.3946762085, 34.4282188416, 42.8559532166, 115.009262085, 42.57396698], [-115.056594849, 138.302810669, -29.2281227112, 52.7056465149, 51.6033058167, 18.2911109924, 27.7840919495, 40.0084838867, 32.4962501526, 14.0555925369, 2.55888128281, 42.57396698, 92.0301895142]],
