{
"lowlevel": {
    "average_loudness": 0.931961655617,
    "barkbands_crest": {
        "dmean": 3.00581765175,
        "dmean2": 5.09894895554,
        "dvar": 7.84532499313,
        "dvar2": 22.4693775177,
        "max": 25.3781833649,
        "mean": 11.2100887299,
        "median": 10.465256691,
        "min": 3.08847236633,
        "var": 19.0937290192
    },
    "barkbands_flatness_db": {
        "dmean": 0.0254350714386,
        "dmean2": 0.0392351932824,
        "dvar": 0.00058528908994,
        "dvar2": 0.00128418172244,
        "max": 0.389744818211,
        "mean": 0.192371726036,
        "median": 0.186771005392,
        "min": 0.0763533264399,
        "var": 0.00268390541896
    },
    "barkbands_kurtosis": {
        "dmean": 5.45981168747,
        "dmean2": 9.04019165039,
        "dvar": 149.249481201,
        "dvar2": 407.916900635,
        "max": 228.50378418,
        "mean": 8.57130718231,
        "median": 2.95574140549,
        "min": -1.88803398609,
        "var": 280.081054688
    },
    "barkbands_skewness": {
        "dmean": 0.675764381886,
        "dmean2": 1.05267000198,
        "dvar": 0.640445768833,
        "dvar2": 1.51141262054,
        "max": 12.6672067642,
        "mean": 1.97129571438,
        "median": 1.61534249783,
        "min": -4.00324487686,
        "var": 3.02801275253
    },
    "barkbands_spread": {
        "dmean": 5.14198207855,
        "dmean2": 7.75189495087,
        "dvar": 57.9095039368,
        "dvar2": 116.418693542,
        "max": 89.1627426147,
        "mean": 17.0182552338,
        "median": 13.4195556641,
        "min": 0.877809524536,
        "var": 180.678100586
    },
    "dissonance": {
        "dmean": 0.0212258156389,
        "dmean2": 0.0357595682144,
        "dvar": 0.000370477268007,
        "dvar2": 0.00100977520924,
        "max": 0.500000059605,
        "mean": 0.458438187838,
        "median": 0.465289145708,
        "min": 0.267687827349,
        "var": 0.000879375671502
    },
    "dynamic_complexity": 3.83897852898,
    "erbbands_crest": {
        "dmean": 2.42289304733,
        "dmean2": 3.86931777,
        "dvar": 4.82030630112,
        "dvar2": 11.6971712112,
        "max": 26.0779457092,
        "mean": 9.15454864502,
        "median": 8.25118160248,
        "min": 2.42051482201,
        "var": 17.0737075806
    },
    "erbbands_flatness_db": {
        "dmean": 0.0187716279179,
        "dmean2": 0.0266074053943,
        "dvar": 0.000341821520124,
        "dvar2": 0.000601074949373,
        "max": 0.321935206652,
        "mean": 0.198460638523,
        "median": 0.198470413685,
        "min": 0.0968775600195,
        "var": 0.00205344310962
    },
    "erbbands_kurtosis": {
        "dmean": 0.845957219601,
        "dmean2": 1.33382546902,
        "dvar": 1.13562273979,
        "dvar2": 2.62386798859,
        "max": 20.4201335907,
        "mean": 0.615354001522,
        "median": 0.200728654861,
        "min": -1.7640349865,
        "var": 3.11207699776
    },
    "erbbands_skewness": {
        "dmean": 0.351236134768,
        "dmean2": 0.53494310379,
        "dvar": 0.106752589345,
        "dvar2": 0.233422368765,
        "max": 2.73200559616,
        "mean": 0.472981899977,
        "median": 0.52686971426,
        "min": -3.73335075378,
        "var": 0.513427913189
    },
    "erbbands_spread": {
        "dmean": 9.72188663483,
        "dmean2": 14.4140625,
        "dvar": 151.444702148,
        "dvar2": 300.36907959,
        "max": 152.289703369,
        "mean": 38.5348548889,
        "median": 32.0631942749,
        "min": 6.22053194046,
        "var": 541.964599609
    },
    "hfc": {
        "dmean": 6.64030790329,
        "dmean2": 10.110581398,
        "dvar": 129.676712036,
        "dvar2": 278.205749512,
        "max": 115.184288025,
        "mean": 20.3303184509,
        "median": 11.7183408737,
        "min": 0.000248594995355,
        "var": 429.903259277
    },
    "melbands_crest": {
        "dmean": 3.40769100189,
        "dmean2": 5.51789808273,
        "dvar": 8.16159534454,
        "dvar2": 20.9701080322,
        "max": 31.425409317,
        "mean": 14.854883194,
        "median": 14.4911880493,
        "min": 3.51249694824,
        "var": 26.1147670746
    },
    "melbands_flatness_db": {
        "dmean": 0.0294855628163,
        "dmean2": 0.0432546101511,
        "dvar": 0.000881928252056,
        "dvar2": 0.00170977436937,
        "max": 0.472402364016,
        "mean": 0.221873730421,
        "median": 0.216770738363,
        "min": 0.0531696900725,
        "var": 0.00529501168057
    },
    "melbands_kurtosis": {
        "dmean": 12.8496303558,
        "dmean2": 20.4491825104,
        "dvar": 695.996520996,
        "dvar2": 1842.01342773,
        "max": 380.695220947,
        "mean": 22.9030609131,
        "median": 8.50354766846,
        "min": -1.80453312397,
        "var": 1605.10241699
    },
    "melbands_skewness": {
        "dmean": 0.912676393986,
        "dmean2": 1.39617276192,
        "dvar": 1.159039855,
        "dvar2": 2.59893727303,
        "max": 15.4137105942,
        "mean": 3.04878020287,
        "median": 2.50786447525,
        "min": -1.01467108727,
        "var": 5.54763126373
    },
    "melbands_spread": {
        "dmean": 5.92722702026,
        "dmean2": 8.91345977783,
        "dvar": 105.006507874,
        "dvar2": 185.14666748,
        "max": 209.864898682,
        "mean": 19.4161243439,
        "median": 14.6429405212,
        "min": 0.641674399376,
        "var": 384.21206665
    },
    "pitch_salience": {
        "dmean": 0.0823226645589,
        "dmean2": 0.13565300405,
        "dvar": 0.00614569243044,
        "dvar2": 0.0166482832283,
        "max": 0.844877123833,
        "mean": 0.545753836632,
        "median": 0.551342248917,
        "min": 0.124995797873,
        "var": 0.0165706425905
    },
    "silence_rate_20dB": {
        "dmean": 0,
        "dmean2": 0,
        "dvar": 0,
        "dvar2": 0,
        "max": 1,
        "mean": 1,
        "median": 1,
        "min": 1,
        "var": 0
    },
    "silence_rate_30dB": {
        "dmean": 0.0487993806601,
        "dmean2": 0.0976365730166,
        "dvar": 0.046417362988,
        "dvar2": 0.111350014806,
        "max": 1,
        "mean": 0.957800984383,
        "median": 1,
        "min": 0,
        "var": 0.0404170788825
    },
    "silence_rate_60dB": {
        "dmean": 0.0433772280812,
        "dmean2": 0.0867880657315,
        "dvar": 0.0414965972304,
        "dvar2": 0.0862316787243,
        "max": 1,
        "mean": 0.123499803245,
        "median": 0,
        "min": 0,
        "var": 0.108252100646
    },
    "spectral_centroid": {
        "dmean": 206.786331177,
        "dmean2": 311.90524292,
        "dvar": 77144.2265625,
        "dvar2": 147715.03125,
        "max": 5225.64355469,
        "mean": 1061.49450684,
        "median": 989.712646484,
        "min": 203.387664795,
        "var": 351222.96875
    },
    "spectral_complexity": {
        "dmean": 3.48102235794,
        "dmean2": 5.46609830856,
        "dvar": 16.5835933685,
        "dvar2": 37.0662307739,
        "max": 48,
        "mean": 15.5288419724,
        "median": 14,
        "min": 0,
        "var": 78.9925003052
    },
    "spectral_decrease": {
        "dmean": 3.50360673806e-09,
        "dmean2": 5.75060488117e-09,
        "dvar": 3.50068956369e-17,
        "dvar2": 9.01354493651e-17,
        "max": -6.84521680333e-14,
        "mean": -8.74514505256e-09,
        "median": -5.93389337666e-09,
        "min": -5.21437932832e-08,
        "var": 7.78376757889e-17
    },
    "spectral_energy": {
        "dmean": 0.0136638116091,
        "dmean2": 0.0223983377218,
        "dvar": 0.000515808002092,
        "dvar2": 0.00132020970341,
        "max": 0.199787184596,
        "mean": 0.0348502323031,
        "median": 0.0240856036544,
        "min": 2.80901815586e-07,
        "var": 0.00117442663759
    },
    "spectral_energyband_high": {
        "dmean": 0.00052321999101,
        "dmean2": 0.000801351445261,
        "dvar": 1.43846943956e-06,
        "dvar2": 3.02362695948e-06,
        "max": 0.0125167779624,
        "mean": 0.000752679537982,
        "median": 0.00019788616919,
        "min": 1.02194466223e-08,
        "var": 2.35316042563e-06
    },
    "spectral_energyband_low": {
        "dmean": 0.0106064137071,
        "dmean2": 0.0177174322307,
        "dvar": 0.000449742627097,
        "dvar2": 0.00121011817828,
        "max": 0.180274665356,
        "mean": 0.0167681016028,
        "median": 0.00247045233846,
        "min": 3.55074476488e-08,
        "var": 0.000814957253169
    },
    "spectral_energyband_middle_high": {
        "dmean": 0.00162912509404,
        "dmean2": 0.00240910612047,
        "dvar": 6.84862607159e-06,
        "dvar2": 1.43386378113e-05,
        "max": 0.0544451288879,
        "mean": 0.00603996217251,
        "median": 0.0017587961629,
        "min": 8.29707431649e-08,
        "var": 7.26336365915e-05
    },
    "spectral_energyband_middle_low": {
        "dmean": 0.00505270436406,
        "dmean2": 0.00821425113827,
        "dvar": 4.71758976346e-05,
        "dvar2": 0.000123486941447,
        "max": 0.0843049138784,
        "mean": 0.0125979855657,
        "median": 0.00968684069812,
        "min": 1.59132568456e-07,
        "var": 0.000125126418425
    },
    "spectral_entropy": {
        "dmean": 0.195643082261,
        "dmean2": 0.270557463169,
        "dvar": 0.0391641370952,
        "dvar2": 0.0696310475469,
        "max": 8.52934360504,
        "mean": 7.40618133545,
        "median": 7.41234445572,
        "min": 6.09179735184,
        "var": 0.178742662072
    },
    "spectral_flux": {
        "dmean": 0.0321803316474,
        "dmean2": 0.0520129613578,
        "dvar": 0.00180605158675,
        "dvar2": 0.00425919797271,
        "max": 0.373021245003,
        "mean": 0.0909489393234,
        "median": 0.0748302489519,
        "min": 0.000530001707375,
        "var": 0.0039662993513
    },
    "spectral_kurtosis": {
        "dmean": 2.27719902992,
        "dmean2": 3.75034594536,
        "dvar": 5.79989480972,
        "dvar2": 14.7976331711,
        "max": 33.689868927,
        "mean": 3.93790340424,
        "median": 3.06488800049,
        "min": -1.05147790909,
        "var": 13.9162826538
    },
    "spectral_rms": {
        "dmean": 0.0010243661236,
        "dmean2": 0.00160862063058,
        "dvar": 2.03390686693e-06,
        "dvar2": 4.49237404609e-06,
        "max": 0.0139611726627,
        "mean": 0.00510360579938,
        "median": 0.00484748929739,
        "min": 1.65544734045e-05,
        "var": 7.95335745352e-06
    },
    "spectral_rolloff": {
        "dmean": 390.101898193,
        "dmean2": 637.153259277,
        "dvar": 832553.4375,
        "dvar2": 1563285.25,
        "max": 9345.41015625,
        "mean": 1246.52038574,
        "median": 839.794921875,
        "min": 64.599609375,
        "var": 2180377.25
    },
    "spectral_skewness": {
        "dmean": 0.303133904934,
        "dmean2": 0.465338557959,
        "dvar": 0.078113861382,
        "dvar2": 0.176631256938,
        "max": 4.34843873978,
        "mean": 1.45751082897,
        "median": 1.41594696045,
        "min": -0.234357133508,
        "var": 0.327716141939
    },
    "spectral_spread": {
        "dmean": 586023.9375,
        "dmean2": 814090.9375,
        "dvar": 485088067584,
        "dvar2": 767078367232,
        "max": 13849351,
        "mean": 4038949,
        "median": 3704915.75,
        "min": 1697437.125,
        "var": 1.7578828759e+12
    },
    "spectral_strongpeak": {
        "dmean": 0.525588035583,
        "dmean2": 0.892633736134,
        "dvar": 0.992694497108,
        "dvar2": 2.58382368088,
        "max": 10.9201755524,
        "mean": 1.09180808067,
        "median": 0.473348379135,
        "min": 0.000941740756389,
        "var": 2.39448547363
    },
    "zerocrossingrate": {
        "dmean": 0.0101680504158,
        "dmean2": 0.0114393271506,
        "dvar": 0.000207456221688,
        "dvar2": 0.000206054741284,
        "max": 0.32568359375,
        "mean": 0.0487186722457,
        "median": 0.04052734375,
        "min": 0.0029296875,
        "var": 0.00137218483724
    },
    "barkbands": {
        "dmean": [0.000279635685729, 0.00896334461868, 0.00278535555117, 0.00193854246754, 0.00201006187126, 0.000931094808038, 0.000418194947997, 0.000713734712917, 0.00118318025488, 0.000654460513033, 0.000359476107405, 0.000445840472821, 0.000329881062498, 0.000412184454035, 0.000285336544039, 0.000141768032336, 0.00016978608619, 7.40441901144e-05, 6.88234795234e-05, 0.000104849037598, 0.000107021791337, 0.000112477348011, 9.69589018496e-05, 0.000155034213094, 4.5467979362e-05, 2.8468635449e-08, 2.16882267701e-09],
        "dmean2": [0.000486638600705, 0.0156091498211, 0.00446365727112, 0.00344134354964, 0.0033304002136, 0.0015280515654, 0.000690321903676, 0.00109298119787, 0.00178418925498, 0.000979641452432, 0.00055399001576, 0.000682127021719, 0.000490412698127, 0.000648738991003, 0.000450027087936, 0.000218459041207, 0.000263645051746, 0.000120699995023, 0.000113414324005, 0.000177020963747, 0.000172740794369, 0.000175537279574, 0.000143849858432, 0.000239596542087, 7.1775415563e-05, 4.49905925848e-08, 4.02701649804e-09],
        "dvar": [3.96487223497e-07, 0.000339304300724, 3.43821411661e-05, 1.69708564499e-05, 9.95797836367e-06, 2.07909010896e-06, 6.23588164217e-07, 3.52190818376e-06, 7.36231868359e-06, 2.84530119643e-06, 5.83429311973e-07, 1.5936411728e-06, 7.90010972196e-07, 2.06586651075e-06, 6.97894506629e-07, 1.53898852773e-07, 1.23067977142e-07, 1.76919563444e-08, 1.52610013515e-08, 5.0251095729e-08, 5.67810225505e-08, 4.71769752153e-08, 6.05170811241e-08, 2.17694037019e-07, 2.42647502091e-08, 9.51583579187e-15, 6.38509979253e-17],
        "dvar2": [1.0934365946e-06, 0.0010458114557, 7.40333125577e-05, 4.94826235808e-05, 2.57898973359e-05, 5.2765935834e-06, 1.49248046455e-06, 6.82136305841e-06, 1.55851557793e-05, 5.57175781069e-06, 1.31068134124e-06, 3.46227739101e-06, 1.47370735704e-06, 4.9400550779e-06, 1.54769429628e-06, 3.31440020318e-07, 2.6463825975e-07, 4.57139321952e-08, 3.89836216641e-08, 1.3484658723e-07, 1.41653359265e-07, 1.09587027453e-07, 1.10147453825e-07, 4.62258810785e-07, 5.4024162921e-08, 2.25234886758e-14, 1.86067740758e-16],
        "max": [0.00896111503243, 0.127408176661, 0.0549006871879, 0.0347230099142, 0.0413683503866, 0.0337648428977, 0.0232483409345, 0.037093617022, 0.0460091307759, 0.041235756129, 0.0199418608099, 0.0309763904661, 0.02289323695, 0.0406311452389, 0.0200570803136, 0.0104977274314, 0.0083320774138, 0.00181419716682, 0.00193212518934, 0.00306279351935, 0.00263657746837, 0.00281032081693, 0.00465539749712, 0.00429222919047, 0.00177903485019, 1.47467392253e-06, 1.9177346644e-07],
        "mean": [0.000284430600004, 0.0110826250166, 0.00447947299108, 0.00205372227356, 0.00328940851614, 0.00177583575714, 0.000669497647323, 0.00130424462259, 0.00259188585915, 0.00147198082414, 0.000933069444727, 0.000734359433409, 0.000749399419874, 0.000926759967115, 0.000681465375237, 0.000307518348563, 0.000409883708926, 0.000137396491482, 0.000135641457746, 0.00015669829736, 0.000141175187309, 0.00016983896785, 0.00014902681869, 0.000172429936356, 4.24182981078e-05, 2.79652798696e-08, 1.58428348218e-09],
        "median": [2.54767910519e-05, 0.000955602212343, 0.000508436758537, 0.000388517568354, 0.00176418549381, 0.00111815496348, 0.000314825359965, 0.000297172402497, 0.000439308176283, 0.000262151908828, 0.000202318580705, 0.000135061709443, 0.000109694665298, 0.000101373203506, 9.25788990571e-05, 7.6892087236e-05, 8.64015019033e-05, 4.49141298304e-05, 4.41316224169e-05, 4.58792637801e-05, 4.12373192376e-05, 5.70357260585e-05, 2.09264890145e-05, 2.10866273846e-05, 2.73705541076e-06, 3.01196090291e-09, 2.86090595658e-10],
        "min": [1.78108305882e-10, 8.61920201878e-10, 3.73531783282e-09, 7.87526399648e-09, 2.56018957145e-08, 4.59928344299e-08, 4.27910684664e-08, 1.66365357046e-08, 1.83978468016e-08, 1.72388148201e-08, 3.43561126215e-08, 2.48033504846e-09, 2.5183972685e-09, 2.02848182695e-09, 2.74411804391e-09, 5.65682745091e-09, 7.63877938681e-09, 2.04257344372e-09, 4.32848556997e-09, 3.98552835179e-09, 3.29732707804e-09, 3.87156262605e-09, 1.16513365622e-09, 6.71695699062e-10, 4.68937649128e-12, 3.70381936926e-12, 4.93127110326e-12],
        "var": [4.29545366387e-07, 0.00041981934919, 6.98583535268e-05, 1.54473891598e-05, 1.910508945e-05, 4.70198165203e-06, 1.29307375119e-06, 1.04726723293e-05, 2.56104194705e-05, 1.57205759024e-05, 5.99537543167e-06, 3.96873110731e-06, 3.56200666829e-06, 9.21637729334e-06, 3.39532221005e-06, 8.09865753126e-07, 7.08339939592e-07, 4.35722355974e-08, 4.17892103144e-08, 6.97600484045e-08, 6.85004764023e-08, 8.37072775539e-08, 1.96081415993e-07, 2.61691582182e-07, 2.40841604437e-08, 9.20271566335e-15, 3.77881580977e-17]
    },
    "erbbands": {
        "dmean": [0.183477699757, 2.27041649818, 3.90182328224, 4.33944892883, 5.71030426025, 7.57063627243, 10.3317108154, 6.91781663895, 6.58095788956, 7.29116630554, 18.8495426178, 25.3048706055, 25.7338485718, 13.6916151047, 12.7915334702, 18.4678020477, 12.9228429794, 23.059381485, 16.494140625, 9.33293819427, 6.77052354813, 9.10140705109, 4.53854465485, 2.95913910866, 3.7374382019, 4.81423997879, 3.93487477303, 4.75796175003, 3.80965614319, 3.64342617989, 2.7676217556, 2.7616443634, 2.73873066902, 0.960608839989, 0.0552674345672, 0.00248622777872, 0.000150104882778, 2.2134558094e-05, 1.054139193e-05, 1.63962595252e-05],
        "dmean2": [0.303698390722, 3.93235850334, 6.07561540604, 7.66987514496, 9.80396175385, 12.5267572403, 16.9122714996, 11.138258934, 10.8569793701, 11.2484693527, 28.3595867157, 37.7384414673, 37.1863594055, 21.3134918213, 19.4487400055, 28.7091827393, 19.0153369904, 35.5915298462, 25.7887363434, 14.4449949265, 10.5201730728, 14.4058322906, 7.3013792038, 4.88299798965, 6.07206392288, 8.15030384064, 6.28984928131, 7.77187395096, 5.9252038002, 5.64553594589, 4.07498216629, 4.21296596527, 4.28980875015, 1.49543988705, 0.0866890326142, 0.00387902022339, 0.000231663099839, 3.41293562087e-05, 1.67574089573e-05, 2.67472005362e-05],
        "dvar": [0.129561588168, 24.0333251953, 76.0546417236, 91.0559082031, 101.398391724, 186.780715942, 313.469329834, 115.274505615, 111.461975098, 295.350952148, 2458.29614258, 3260.05493164, 4696.51904297, 649.760314941, 982.27911377, 3307.62670898, 868.203613281, 6153.06201172, 2471.62353516, 544.380554199, 230.788482666, 364.894989014, 63.2015571594, 23.9831409454, 49.6807479858, 100.163063049, 77.8426971436, 118.378036499, 49.2542953491, 63.0275764465, 55.0373077393, 56.6425476074, 78.9492111206, 10.4129753113, 0.0411815792322, 7.96831955086e-05, 2.38943101749e-07, 4.53377424492e-09, 3.72236769186e-10, 6.74996281091e-10],
        "dvar2": [0.378376096487, 72.3375396729, 166.531585693, 259.818939209, 283.185394287, 497.563873291, 785.641052246, 300.862701416, 286.499481201, 638.609619141, 4659.45068359, 6628.14257812, 8555.42773438, 1360.56433105, 2291.01831055, 7275.82080078, 1573.09411621, 15385.1035156, 5502.06347656, 1247.18249512, 570.296142578, 850.79699707, 160.61895752, 60.7085609436, 124.987937927, 267.439697266, 190.266921997, 304.521759033, 114.336463928, 134.58392334, 105.543609619, 119.228302002, 167.632324219, 21.9144554138, 0.0892338454723, 0.00017122628924, 4.97211829042e-07, 9.37313160421e-09, 7.96719301643e-10, 1.6738019859e-09],
        "max": [3.9188451767, 35.7686195374, 86.9415512085, 79.7484664917, 90.2212142944, 193.846008301, 264.280639648, 166.103256226, 177.04145813, 376.479064941, 1048.1907959, 1109.71594238, 2174.34545898, 547.34576416, 982.580993652, 1079.95861816, 731.568054199, 2115.88623047, 1360.26904297, 643.362060547, 621.481079102, 452.667755127, 118.007858276, 99.6980514526, 126.930412292, 124.242973328, 111.673187256, 127.763595581, 88.5697479248, 133.883666992, 172.563095093, 97.500579834, 86.189491272, 36.5351524353, 2.92959618568, 0.126676425338, 0.00626348750666, 0.000770743470639, 0.000170394967427, 0.000220847447054],
        "mean": [0.246537417173, 2.71058344841, 5.98057222366, 5.58186244965, 7.70438623428, 11.69302845, 16.8322734833, 12.8669710159, 10.725725174, 13.1923618317, 39.0297546387, 60.8093299866, 60.8469276428, 28.0319252014, 40.2167396545, 33.1197929382, 33.8973655701, 56.1728019714, 39.1440505981, 22.7243766785, 17.8803672791, 22.8043403625, 9.81289291382, 6.34076881409, 7.11460018158, 7.26496648788, 5.47854852676, 6.21645498276, 6.11435937881, 4.83030557632, 4.25741481781, 3.62540984154, 2.77519583702, 0.950206637383, 0.0508534610271, 0.00236612069421, 0.000165148565429, 2.69608699455e-05, 2.31114536291e-05, 4.18109084421e-05],
        "median": [0.0216236468405, 0.234505444765, 0.709022879601, 1.33667707443, 3.10770511627, 4.97521829605, 8.929936409, 7.97070217133, 5.63386583328, 5.73993110657, 9.0890455246, 10.779291153, 10.7368879318, 9.19237613678, 7.10597085953, 6.45243453979, 5.95053386688, 6.81813812256, 5.84093332291, 4.79563236237, 4.87853765488, 4.94798803329, 3.31093835831, 2.23743391037, 2.33927798271, 2.28484797478, 1.79906594753, 1.66150331497, 2.15577340126, 1.06619143486, 0.595905542374, 0.522504627705, 0.264309585094, 0.06940998137, 0.00236071879044, 0.000160914598382, 3.09169008688e-05, 6.36094318907e-06, 1.54079098138e-05, 2.98953891615e-05],
        "min": [1.76453497147e-07, 2.1039782041e-06, 1.71731771843e-05, 3.35180884576e-05, 2.00312788365e-05, 7.27327133063e-05, 0.000313126947731, 0.000396029150579, 0.000555485370569, 0.000444558332674, 0.000522256421391, 0.000416195660364, 0.000260741362581, 0.0016394284321, 0.000486263248604, 0.000102065969259, 0.000102202306152, 0.000115294467832, 0.000182727133506, 0.000101548226667, 0.000469085091026, 0.000353453739081, 0.000143601471791, 0.000104301965621, 0.000259405991528, 0.000200457579922, 0.000138419665745, 0.000137287031976, 0.000113922957098, 8.02686772658e-05, 2.07212106034e-05, 2.65385624516e-05, 1.73297041783e-06, 1.23694135823e-07, 2.42614834889e-08, 1.29116770609e-08, 9.03439190125e-09, 2.38153674559e-09, 7.97328536528e-10, 4.20590728911e-10],
        "var": [0.201994389296, 28.1919555664, 140.849975586, 96.8107681274, 126.972366333, 336.498748779, 649.077148438, 253.063293457, 240.72227478, 645.222961426, 9240.51074219, 14723.6132812, 25211.1875, 2978.46777344, 13577.7607422, 7816.78125, 5712.00244141, 27144.6542969, 8678.38085938, 3489.97631836, 2129.59667969, 2287.39770508, 224.624176025, 79.7116394043, 117.703964233, 146.45463562, 104.128013611, 127.835441589, 93.1773376465, 131.583724976, 177.038635254, 93.0168762207, 86.67527771, 11.1904335022, 0.0416290313005, 8.21285211714e-05, 2.64653863269e-07, 5.30313659652e-09, 6.0975163807e-10, 1.54007029352e-09]
    },
    "gfcc": {
        "mean": [-43.9607124329, 134.480758667, -147.469284058, 47.7066841125, -80.4996032715, 19.7044239044, -32.8578186035, -11.0170516968, -4.31117200851, -22.3157138824, 3.55196833611, -19.9248867035, 8.79431724548],
        "cov": [[5970.76708984, -653.872192383, 148.273254395, 580.256347656, 238.350738525, 615.71282959, 326.226654053, 514.987731934, 105.569084167, 222.26272583, -170.72467041, -106.586334229, -60.8424682617], [-653.872192383, 1014.79919434, 10.7460336685, -88.642364502, 445.325561523, -91.581237793, 252.699966431, -98.9170150757, 203.692382812, -115.530815125, 57.3736801147, -23.5014915466, 9.31271743774], [148.273254395, 10.7460336685, 1008.54083252, 570.105651855, 124.900886536, 334.499786377, 176.897735596, 100.601951599, 32.3986701965, 43.8060073853, 14.9299507141, 20.102519989, -17.2258243561], [580.256347656, -88.642364502, 570.105651855, 698.502807617, 227.793624878, 235.14666748, 216.295776367, 153.087005615, 121.004501343, 65.9541244507, 26.7829284668, 11.9722108841, -31.0935077667], [238.350738525, 445.325561523, 124.900886536, 227.793624878, 505.835632324, 141.991256714, 237.883712769, 80.4077377319, 198.438842773, 19.0071659088, 16.5839214325, -19.2473125458, 13.8451480865], [615.71282959, -91.581237793, 334.499786377, 235.14666748, 141.991256714, 362.890258789, 178.881286621, 152.440750122, 26.1211910248, 79.4682312012, -4.39797878265, -9.00411605835, -11.8408260345], [326.226654053, 252.699966431, 176.897735596, 216.295776367, 237.883712769, 178.881286621, 373.430877686, 99.352973938, 102.74597168, 12.2032403946, 44.5684165955, 4.5360827446, -32.6819343567], [514.987731934, -98.9170150757, 100.601951599, 153.087005615, 80.4077377319, 152.440750122, 99.352973938, 217.336517334, 39.0926017761, 60.3723983765, 10.2932701111, 2.39385962486, 1.86198949814], [105.569084167, 203.692382812, 32.3986701965, 121.004501343, 198.438842773, 26.1211910248, 102.74597168, 39.0926017761, 190.384689331, 20.4693260193, 3.45037984848, -10.4718799591, -0.773538947105], [222.26272583, -115.530815125, 43.8060073853, 65.9541244507, 19.0071659088, 79.4682312012, 12.2032403946, 60.3723983765, 20.4693260193, 99.0963363647, 13.4267129898, 0.95485419035, 10.0453882217], [-170.72467041, 57.3736801147, 14.9299507141, 26.7829284668, 16.5839214325, -4.39797878265, 44.5684165955, 10.2932701111, 3.45037984848, 13.4267129898, 85.1972579956, 33.59141922, 2.33095550537], [-106.586334229, -23.5014915466, 20.102519989, 11.9722108841, -19.2473125458, -9.00411605835, 4.5360827446, 2.39385962486, -10.4718799591, 0.95485419035, 33.59141922, 75.5678329468, 24.6206436157], [-60.8424682617, 9.31271743774, -17.2258243561, -31.0935077667, 13.8451480865, -11.8408260345, -32.6819343567, 1.86198949814, -0.773538947105, 10.0453882217, 2.33095550537, 24.6206436157, 62.7216796875]],
        "icov": [[0.000279836065602, 5.89665651205e-05, 0.000230741337873, -0.000227917218581, 2.19871471927e-05, -0.000286785594653, -0.000132366010803, -0.000321231404087, 5.3512318118e-05, -0.000175662367838, 0.000631642353255, 8.43968664412e-05, 6.68422144372e-05], [5.89665651205e-05, 0.00704442942515, -0.00306321098469, 0.00487832631916, -0.00598789192736, 0.00391956232488, -0.00357213034295, 0.00148342608009, -0.00310697522946, 0.00507920235395, -0.00452692853287, 0.00335159827955, -0.00125445751473], [0.000230741337873, -0.00306321098469, 0.00413845898584, -0.00438691303134, 0.00322333653457, -0.00420909374952, 0.00174754322506, 0.000152456443175, 0.00147604348604, -0.00109575386159, 0.00209187460132, -0.00144474999979, -0.000276527862297], [-0.000227917218581, 0.00487832631916, -0.00438691303134, 0.00748358527198, -0.00506439991295, 0.00390211120248, -0.00273275375366, -6.21638537268e-05, -0.0029874984175, 0.00232194596902, -0.00345647591166, 0.00120798696298, 0.00123769871425], [2.19871471927e-05, -0.00598789192736, 0.00322333653457, -0.00506439991295, 0.0100775808096, -0.00496855471283, 0.00144476327114, -0.000773312407546, -0.00119316030759, -0.00263242516667, 0.00299266423099, -0.000598484359216, -0.00257110130042], [-0.000286785594653, 0.00391956232488, -0.00420909374952, 0.00390211120248, -0.00496855471283, 0.0108246207237, -0.00438192859292, -0.00174656556919, 0.00091880391119, -0.00188924151007, -9.54304196057e-05, 0.00169623910915, 0.000478758738609], [-0.000132366010803, -0.00357213034295, 0.00174754322506, -0.00273275375366, 0.00144476327114, -0.00438192859292, 0.00781979039311, -0.0012311807368, 0.000355165684596, -0.000101482990431, -0.000795908039436, -0.00268100458197, 0.0035948001314], [-0.000321231404087, 0.00148342608009, 0.000152456443175, -6.21638537268e-05, -0.000773312407546, -0.00174656556919, -0.0012311807368, 0.00852541811764, -0.00133023469243, -0.000342602928868, -0.00209217448719, 0.000689610140398, -0.00172892364208], [5.3512318118e-05, -0.00310697522946, 0.00147604348604, -0.0029874984175, -0.00119316030759, 0.00091880391119, 0.000355165684596, -0.00133023469243, 0.011805748567, -0.00528258038685, 0.00407912116498, -0.00160552340094, 0.00156925444026], [-0.000175662367838, 0.00507920235395, -0.00109575386159, 0.00232194596902, -0.00263242516667, -0.00188924151007, -0.000101482990431, -0.000342602928868, -0.00528258038685, 0.0202660765499, -0.00851054023951, 0.00471563870087, -0.0047384025529], [0.000631642353255, -0.00452692853287, 0.00209187460132, -0.00345647591166, 0.00299266423099, -9.54304196057e-05, -0.000795908039436, -0.00209217448719, 0.00407912116498, -0.00851054023951, 0.0218166206032, -0.00985415745527, 0.00358533277176], [8.43968664412e-05, 0.00335159827955, -0.00144474999979, 0.00120798696298, -0.000598484359216, 0.00169623910915, -0.00268100458197, 0.000689610140398, -0.00160552340094, 0.00471563870087, -0.00985415745527, 0.0222355630249, -0.0103159565479], [6.68422144372e-05, -0.00125445751473, -0.000276527862297, 0.00123769871425, -0.00257110130042, 0.000478758738609, 0.0035948001314, -0.00172892364208, 0.00156925444026, -0.0047384025529, 0.00358533277176, -0.0103159565479, 0.0240089539438]]
    },
    "melbands": {
        "dmean": [0.00204301741906, 0.00244486122392, 0.000819086388219, 0.000401716330089, 0.000368270935724, 0.000158139009727, 9.4434915809e-05, 8.9353765361e-05, 0.000163848657394, 0.000168645419762, 0.000128605155624, 5.66307098779e-05, 4.15526810684e-05, 5.19647073816e-05, 3.47051500285e-05, 3.4603432141e-05, 4.84898373543e-05, 2.884148671e-05, 1.93855721591e-05, 1.17604658953e-05, 8.01860460342e-06, 1.10608807518e-05, 6.73510703564e-06, 2.73062187262e-06, 2.56502062257e-06, 3.17865328725e-06, 3.23483754983e-06, 3.39187795362e-06, 2.4923044748e-06, 2.69144425147e-06, 2.82250539385e-06, 2.21193749894e-06, 2.28422413784e-06, 1.95467009689e-06, 1.6422019371e-06, 1.64416053394e-06, 1.84273426385e-06, 2.03686067834e-06, 1.7467481257e-06, 5.25289465259e-07],
        "dmean2": [0.00348405446857, 0.00396980717778, 0.00144554825965, 0.000682622601744, 0.000599170103669, 0.000254157959716, 0.000154761597514, 0.000138645831612, 0.000249849807005, 0.000252597266808, 0.000185703014722, 8.80001462065e-05, 6.32965093246e-05, 8.06770549389e-05, 5.44676913705e-05, 4.91424762004e-05, 7.55337023293e-05, 4.43300159532e-05, 2.96462585538e-05, 1.82328021765e-05, 1.28018018586e-05, 1.74598499143e-05, 1.08112080852e-05, 4.44452462034e-06, 4.27647319157e-06, 5.19770355822e-06, 5.42220095667e-06, 5.77450418859e-06, 4.01582065024e-06, 4.38959477833e-06, 4.62338857687e-06, 3.4626782508e-06, 3.68320934285e-06, 3.03594674733e-06, 2.40543818109e-06, 2.49626077675e-06, 2.85428950519e-06, 3.1371246223e-06, 2.7761138881e-06, 8.24177448067e-07],
        "dvar": [1.54288991325e-05, 2.88046248897e-05, 2.9999500839e-06, 3.56308419214e-07, 4.00729845751e-07, 5.57224666409e-08, 2.35817569916e-08, 4.41663630113e-08, 1.81436206503e-07, 1.47696553654e-07, 1.13009804181e-07, 1.20005170245e-08, 9.06429509229e-09, 2.35571846474e-08, 9.51247525194e-09, 8.99973251478e-09, 3.16321404625e-08, 7.84321230185e-09, 3.20055804082e-09, 1.40534561766e-09, 3.14910736376e-10, 6.02402794314e-10, 1.64073712949e-10, 2.20858002026e-11, 1.9464723236e-11, 4.27482944876e-11, 3.53942812559e-11, 5.3900935798e-11, 3.2893496954e-11, 3.98652777456e-11, 3.75077399695e-11, 1.47156141439e-11, 2.35152106121e-11, 2.01872737277e-11, 2.04389213887e-11, 2.0613098034e-11, 2.85036178688e-11, 4.21833575015e-11, 3.55087695358e-11, 3.52968262257e-12],
        "dvar2": [4.74021471746e-05, 7.43102209526e-05, 8.45451904752e-06, 9.764976312e-07, 9.86115196611e-07, 1.44591439266e-07, 5.79324321848e-08, 9.21460667769e-08, 3.52946102566e-07, 3.00522515317e-07, 2.06871334285e-07, 2.36105925921e-08, 2.09709103416e-08, 5.18274205774e-08, 2.06193231378e-08, 1.52076413684e-08, 7.95193315639e-08, 1.70501657237e-08, 7.02744262782e-09, 2.92678503655e-09, 7.8384904123e-10, 1.42088651955e-09, 3.77425757314e-10, 5.82359507839e-11, 5.02130489966e-11, 1.08279343825e-10, 9.4432468789e-11, 1.45198020274e-10, 8.14827857964e-11, 1.01465447155e-10, 9.67814578479e-11, 3.4009125377e-11, 5.75613168241e-11, 4.12863250532e-11, 3.97701281629e-11, 4.35911827468e-11, 6.41720634964e-11, 9.15716877326e-11, 7.85634474143e-11, 7.60685524986e-12],
        "max": [0.0304984021932, 0.0481497459114, 0.0146810291335, 0.00769769027829, 0.00912352371961, 0.00413393508643, 0.00301261036657, 0.00532074505463, 0.00974010303617, 0.00786859448999, 0.0104399295524, 0.00271083810367, 0.00265049282461, 0.0045669558458, 0.00288052717224, 0.00282848323695, 0.00486195133999, 0.00236101378687, 0.00179071910679, 0.00109503197018, 0.000639292295091, 0.000578387407586, 0.000324746652041, 6.09309099673e-05, 0.000100688353996, 0.000114400099847, 7.38535018172e-05, 9.12304021767e-05, 7.63261778047e-05, 7.3875511589e-05, 7.21102842363e-05, 5.91443531448e-05, 5.74507575948e-05, 7.95052983449e-05, 0.000127151535708, 8.52106386446e-05, 5.98574988544e-05, 7.52711493988e-05, 6.3551357016e-05, 2.64242062258e-05],
        "mean": [0.0027038063854, 0.00340734911151, 0.00108537753113, 0.000651466252748, 0.000608638918493, 0.000300943560433, 0.000157036352903, 0.000157882590429, 0.000339226477081, 0.00039665075019, 0.000292735814583, 0.000105322535092, 0.00011736516899, 0.000100332465081, 6.35155374766e-05, 8.86864145286e-05, 0.000108965214167, 5.94297489442e-05, 4.53797729278e-05, 2.39635464823e-05, 1.88768153748e-05, 2.68698950094e-05, 1.30571006594e-05, 5.3149260566e-06, 4.95511221743e-06, 5.60236139791e-06, 5.15955480296e-06, 4.68857524538e-06, 3.38385189025e-06, 3.22999107993e-06, 3.75265312869e-06, 3.71342434846e-06, 2.88607452603e-06, 2.53319240073e-06, 2.38992470258e-06, 2.47018215305e-06, 2.14108081309e-06, 2.00986414711e-06, 1.65141375419e-06, 5.04622221342e-07],
        "median": [0.0002580031869, 0.000413353758631, 0.000309156719595, 0.000367326720152, 0.000308893009787, 0.000193837826373, 8.1602112914e-05, 5.96385943936e-05, 6.8657558586e-05, 6.27065310255e-05, 4.92380313517e-05, 3.22897139995e-05, 2.49335334956e-05, 1.70351759152e-05, 1.32512977871e-05, 1.16215733215e-05, 1.15191969599e-05, 8.90490809979e-06, 6.2558128775e-06, 5.90733543504e-06, 5.17200260219e-06, 4.99391990161e-06, 3.67962229575e-06, 1.90259936517e-06, 1.5912831941e-06, 1.68794929323e-06, 1.49287120621e-06, 1.35890445563e-06, 1.06633456198e-06, 8.8729888148e-07, 9.70045789472e-07, 1.24069561025e-06, 8.22798142508e-07, 4.38013728399e-07, 3.01388752177e-07, 2.97460786669e-07, 2.92440915928e-07, 1.69968657815e-07, 1.18118812509e-07, 2.5402478343e-08],
        "min": [1.63421262633e-10, 1.40733757981e-09, 4.97377827813e-09, 2.59922816603e-09, 9.72815517031e-09, 8.70186145363e-09, 8.9916074586e-09, 4.20025969561e-09, 4.52834258979e-09, 2.40064079726e-09, 1.05784270232e-09, 6.34810870537e-09, 2.93791924122e-09, 2.17906595545e-10, 2.30116370403e-10, 2.92812274427e-10, 1.77283396297e-10, 3.03434000148e-10, 1.64253013968e-10, 1.38341088585e-10, 7.34996563612e-10, 4.91180707218e-10, 1.1299621655e-10, 7.58250268129e-11, 6.8305951173e-11, 2.37111108525e-10, 1.68615191254e-10, 1.11794677682e-10, 6.45942882516e-11, 1.00851868523e-10, 8.9692329952e-11, 7.57029300358e-11, 5.02438854411e-11, 3.97160811183e-11, 9.47168645599e-12, 1.63845482321e-11, 1.50508199653e-11, 1.58004292701e-13, 6.91258980395e-14, 5.96056204069e-14],
        "var": [2.26499687415e-05, 4.43796743639e-05, 3.26080453306e-06, 6.80613709392e-07, 8.43302473186e-07, 1.26200106365e-07, 5.33265733793e-08, 1.04958722602e-07, 7.17602404166e-07, 6.6466810722e-07, 6.20179719135e-07, 5.5470628979e-08, 1.01622056548e-07, 6.11411721252e-08, 3.76079221098e-08, 5.88546775759e-08, 1.35552141955e-07, 2.30847234661e-08, 2.17894093879e-08, 5.16305265208e-09, 2.07968775534e-09, 3.52944851123e-09, 5.4407744976e-10, 6.09277558961e-11, 5.45060663271e-11, 9.08423336554e-11, 6.98637120378e-11, 6.98054322679e-11, 4.18334464292e-11, 4.40966742288e-11, 4.31931782008e-11, 3.15778202198e-11, 3.46823784969e-11, 4.44497771923e-11, 6.24464785437e-11, 5.27020892205e-11, 3.57556831365e-11, 4.64901797614e-11, 3.51087006689e-11, 3.69034186889e-12]
    },
    "mfcc": {
        "mean": [-660.908935547, 129.673339844, 3.1004049778, 14.2650318146, -5.50712108612, 9.41201877594, -7.3876452446, 3.58940672874, -2.65941333771, 0.343381464481, -6.49052238464, -0.843408226967, -8.16027259827],
        "cov": [[5867.87792969, -817.469116211, -22.8305110931, 225.004592896, 118.685997009, 208.852386475, 301.594573975, 283.756896973, 435.101715088, 296.882781982, 265.147033691, 98.9911193848, -16.2933158875], [-817.469116211, 1115.61914062, -357.696685791, -2.23857402802, 87.0616378784, 67.8372268677, -13.3717651367, 75.4878158569, 45.8503990173, -27.6015510559, 33.251247406, 10.3760976791, -25.6791305542], [-22.8305110931, -357.696685791, 941.160522461, 251.006576538, 110.31855011, 225.866699219, 181.645782471, 122.902755737, 33.7330665588, 62.0893211365, 16.6976146698, 54.2133827209, 74.4176864624], [225.004592896, -2.23857402802, 251.006576538, 499.978393555, 175.643936157, 200.286376953, 104.264389038, 184.461532593, 92.7907714844, 136.221984863, 67.9735107422, 64.2165603638, 83.2157287598], [118.685997009, 87.0616378784, 110.31855011, 175.643936157, 300.467590332, 134.184402466, 52.2171592712, 80.7567596436, 118.173873901, 97.3998718262, 41.9896202087, 27.3362731934, 40.3307495117], [208.852386475, 67.8372268677, 225.866699219, 200.286376953, 134.184402466, 307.432617188, 142.988189697, 143.60748291, 110.504455566, 106.399871826, 81.7889022827, 42.8613815308, 27.2557029724], [301.594573975, -13.3717651367, 181.645782471, 104.264389038, 52.2171592712, 142.988189697, 281.86428833, 149.997451782, 89.1162261963, 62.2323722839, 94.6563339233, 54.3192481995, 23.0143489838], [283.756896973, 75.4878158569, 122.902755737, 184.461532593, 80.7567596436, 143.60748291, 149.997451782, 228.988433838, 103.986412048, 90.9372711182, 83.7820510864, 61.6432991028, 33.0028457642], [435.101715088, 45.8503990173, 33.7330665588, 92.7907714844, 118.173873901, 110.504455566, 89.1162261963, 103.986412048, 184.645690918, 87.2382965088, 78.1987380981, 23.8046016693, 22.8969306946], [296.882781982, -27.6015510559, 62.0893211365, 136.221984863, 97.3998718262, 106.399871826, 62.2323722839, 90.9372711182, 87.2382965088, 172.385498047, 72.0159759521, 30.192155838, 12.6610183716], [265.147033691, 33.251247406, 16.6976146698, 67.9735107422, 41.9896202087, 81.7889022827, 94.6563339233, 83.7820510864, 78.1987380981, 72.0159759521, 132.928665161, 42.5334358215, 5.85403013229], [98.9911193848, 10.3760976791, 54.2133827209, 64.2165603638, 27.3362731934, 42.8613815308, 54.3192481995, 61.6432991028, 23.8046016693, 30.192155838, 42.5334358215, 71.0673522949, 25.1874084473], [-16.2933158875, -25.6791305542, 74.4176864624, 83.2157287598, 40.3307495117, 27.2557029724, 23.0143489838, 33.0028457642, 22.8969306946, 12.6610183716, 5.85403013229, 25.1874084473, 81.4046401978]],
