{
"lowlevel": {
    "average_loudness": 0.963525831699,
    "barkbands_crest": {
        "dmean": 2.83868265152,
        "dmean2": 4.59726476669,
        "dvar": 10.2888145447,
        "dvar2": 26.7401714325,
        "max": 24.3540210724,
        "mean": 8.91264724731,
        "median": 7.8079791069,
        "min": 2.48857927322,
        "var": 18.1495246887
    },
    "barkbands_flatness_db": {
        "dmean": 0.019609708339,
        "dmean2": 0.0310687404126,
        "dvar": 0.000476699526189,
        "dvar2": 0.00114676135127,
        "max": 0.269607871771,
        "mean": 0.123383335769,
        "median": 0.119500011206,
        "min": 0.0215118266642,
        "var": 0.00185002014041
    },
    "barkbands_kurtosis": {
        "dmean": 2.29822039604,
        "dmean2": 3.78936553001,
        "dvar": 25.3884391785,
        "dvar2": 64.4142913818,
        "max": 67.442489624,
        "mean": 2.14566111565,
        "median": 0.742174506187,
        "min": -1.84280800819,
        "var": 25.0823078156
    },
    "barkbands_skewness": {
        "dmean": 0.50461012125,
        "dmean2": 0.764418661594,
        "dvar": 0.459569573402,
        "dvar2": 1.05756855011,
        "max": 7.68927049637,
        "mean": 1.2576161623,
        "median": 1.15623950958,
        "min": -2.02303886414,
        "var": 0.962128341198
    },
    "barkbands_spread": {
        "dmean": 5.40449523926,
        "dmean2": 8.36175632477,
        "dvar": 37.5126495361,
        "dvar2": 86.4116439819,
        "max": 92.6916656494,
        "mean": 25.604133606,
        "median": 23.0737380981,
        "min": 3.11290311813,
        "var": 164.433166504
    },
    "dissonance": {
        "dmean": 0.0136545859277,
        "dmean2": 0.0223332680762,
        "dvar": 0.000189875412616,
        "dvar2": 0.000507145130541,
        "max": 0.49912700057,
        "mean": 0.467617362738,
        "median": 0.473671615124,
        "min": 0.350470483303,
        "var": 0.000569194322452
    },
    "dynamic_complexity": 2.28054833412,
    "erbbands_crest": {
        "dmean": 2.25261378288,
        "dmean2": 3.46123313904,
        "dvar": 6.03903388977,
        "dvar2": 14.4520168304,
        "max": 27.4134845734,
        "mean": 8.52608013153,
        "median": 7.01534891129,
        "min": 2.44421219826,
        "var": 24.0775680542
    },
    "erbbands_flatness_db": {
        "dmean": 0.0139922052622,
        "dmean2": 0.020527491346,
        "dvar": 0.00026105644065,
        "dvar2": 0.000532339094207,
        "max": 0.341115385294,
        "mean": 0.15693166852,
        "median": 0.149426564574,
        "min": 0.0712639540434,
        "var": 0.00203158031218
    },
    "erbbands_kurtosis": {
        "dmean": 0.549558341503,
        "dmean2": 0.842383205891,
        "dvar": 0.564132511616,
        "dvar2": 1.24881410599,
        "max": 11.5676527023,
        "mean": -0.020728552714,
        "median": -0.559422135353,
        "min": -1.56546878815,
        "var": 2.37677598
    },
    "erbbands_skewness": {
        "dmean": 0.288158744574,
        "dmean2": 0.443086862564,
        "dvar": 0.088693715632,
        "dvar2": 0.204286545515,
        "max": 2.69440364838,
        "mean": 0.191944032907,
        "median": 0.119945287704,
        "min": -1.96155822277,
        "var": 0.425416916609
    },
    "erbbands_spread": {
        "dmean": 7.14856100082,
        "dmean2": 10.8885383606,
        "dvar": 72.0498275757,
        "dvar2": 168.227035522,
        "max": 107.419639587,
        "mean": 41.8332672119,
        "median": 41.2335777283,
        "min": 5.37018060684,
        "var": 320.497772217
    },
    "hfc": {
        "dmean": 7.08432245255,
        "dmean2": 11.6800756454,
        "dvar": 156.544250488,
        "dvar2": 426.546295166,
        "max": 121.503334045,
        "mean": 25.9494609833,
        "median": 23.2078514099,
        "min": 1.18904777835e-16,
        "var": 297.618774414
    },
    "melbands_crest": {
        "dmean": 3.24229955673,
        "dmean2": 5.14353275299,
        "dvar": 10.5185413361,
        "dvar2": 24.7077274323,
        "max": 29.33253479,
        "mean": 12.6465988159,
        "median": 11.4742488861,
        "min": 1.83616471291,
        "var": 27.3101596832
    },
    "melbands_flatness_db": {
        "dmean": 0.0235922113061,
        "dmean2": 0.0355143398046,
        "dvar": 0.000792513135821,
        "dvar2": 0.00167699519079,
        "max": 0.356954038143,
        "mean": 0.166247442365,
        "median": 0.165939211845,
        "min": 0.0047923149541,
        "var": 0.00348703423515
    },
    "melbands_kurtosis": {
        "dmean": 6.59125709534,
        "dmean2": 10.8055391312,
        "dvar": 226.770812988,
        "dvar2": 570.068481445,
        "max": 195.489273071,
        "mean": 9.9269285202,
        "median": 6.04658699036,
        "min": -1.5041834116,
        "var": 227.163208008
    },
    "melbands_skewness": {
        "dmean": 0.725915372372,
        "dmean2": 1.10346400738,
        "dvar": 1.12033009529,
        "dvar2": 2.61074018478,
        "max": 11.4749317169,
        "mean": 2.38397860527,
        "median": 2.12448215485,
        "min": -0.459412962198,
        "var": 2.18548321724
    },
    "melbands_spread": {
        "dmean": 7.01129150391,
        "dmean2": 10.4684104919,
        "dvar": 92.0941848755,
        "dvar2": 164.921524048,
        "max": 156.071746826,
        "mean": 28.4896125793,
        "median": 24.0617332458,
        "min": 1.77429485321,
        "var": 485.158660889
    },
    "pitch_salience": {
        "dmean": 0.0719532296062,
        "dmean2": 0.116760641336,
        "dvar": 0.00491009885445,
        "dvar2": 0.0123064434156,
        "max": 0.832338988781,
        "mean": 0.57748913765,
        "median": 0.59453523159,
        "min": 0.222925975919,
        "var": 0.0125535661355
    },
    "silence_rate_20dB": {
        "dmean": 0,
        "dmean2": 0,
        "dvar": 0,
        "dvar2": 0,
        "max": 1,
        "mean": 1,
        "median": 1,
        "min": 1,
        "var": 0
    },
    "silence_rate_30dB": {
        "dmean": 0.0540540553629,
        "dmean2": 0.108187131584,
        "dvar": 0.0511324033141,
        "dvar2": 0.144727647305,
        "max": 1,
        "mean": 0.970072984695,
        "median": 1,
        "min": 0,
        "var": 0.0290319565684
    },
    "silence_rate_60dB": {
        "dmean": 0.00146092043724,
        "dmean2": 0.00292397662997,
        "dvar": 0.00145879748743,
        "dvar2": 0.00291546015069,
        "max": 1,
        "mean": 0.0343065708876,
        "median": 0,
        "min": 0,
        "var": 0.0331295281649
    },
    "spectral_centroid": {
        "dmean": 255.711196899,
        "dmean2": 406.82510376,
        "dvar": 171356.40625,
        "dvar2": 319237.71875,
        "max": 11327.2363281,
        "mean": 1562.90808105,
        "median": 1438.86938477,
        "min": 470.504241943,
        "var": 534970.75
    },
    "spectral_complexity": {
        "dmean": 4.33162879944,
        "dmean2": 7.15935659409,
        "dvar": 23.0309791565,
        "dvar2": 57.0974502563,
        "max": 56,
        "mean": 25.4890518188,
        "median": 23,
        "min": 0,
        "var": 111.230712891
    },
    "spectral_decrease": {
        "dmean": 3.3703824176e-09,
        "dmean2": 5.2820610108e-09,
        "dvar": 3.96792848839e-17,
        "dvar2": 9.42989802603e-17,
        "max": 6.42196645502e-29,
        "mean": -8.47009129501e-09,
        "median": -6.91492907379e-09,
        "min": -4.67368437285e-08,
        "var": 5.42961287905e-17
    },
    "spectral_energy": {
        "dmean": 0.0131569197401,
        "dmean2": 0.0206403061748,
        "dvar": 0.0005780759966,
        "dvar2": 0.00137621525209,
        "max": 0.178198829293,
        "mean": 0.0343217849731,
        "median": 0.0284682698548,
        "min": 1.05827201514e-20,
        "var": 0.000805194547866
    },
    "spectral_energyband_high": {
        "dmean": 0.000662526697852,
        "dmean2": 0.00111970258877,
        "dvar": 1.9719800548e-06,
        "dvar2": 5.17930357091e-06,
        "max": 0.0163568202406,
        "mean": 0.00148171442561,
        "median": 0.000742199132219,
        "min": 7.59863216431e-21,
        "var": 3.68543965124e-06
    },
    "spectral_energyband_low": {
        "dmean": 0.0102128526196,
        "dmean2": 0.0163134224713,
        "dvar": 0.00062740634894,
        "dvar2": 0.00151560863014,
        "max": 0.168668761849,
        "mean": 0.0134601304308,
        "median": 0.00505688833073,
        "min": 4.99356336743e-23,
        "var": 0.000621800252702
    },
    "spectral_energyband_middle_high": {
        "dmean": 0.00139500561636,
        "dmean2": 0.00220259954222,
        "dvar": 4.6098139137e-06,
        "dvar2": 1.09037164293e-05,
        "max": 0.0422565564513,
        "mean": 0.00551755586639,
        "median": 0.00458782259375,
        "min": 1.41609160732e-21,
        "var": 1.49421675815e-05
    },
    "spectral_energyband_middle_low": {
        "dmean": 0.0048519638367,
        "dmean2": 0.00780621310696,
        "dvar": 5.05901916767e-05,
        "dvar2": 0.000138308721944,
        "max": 0.0875533297658,
        "mean": 0.0150166712701,
        "median": 0.0124062551185,
        "min": 3.03462471387e-22,
        "var": 0.000132941349875
    },
    "spectral_entropy": {
        "dmean": 0.113048747182,
        "dmean2": 0.170384019613,
        "dvar": 0.0202375929803,
        "dvar2": 0.038727723062,
        "max": 9.80825328827,
        "mean": 7.74810409546,
        "median": 7.78960227966,
        "min": 6.65436315536,
        "var": 0.136539340019
    },
    "spectral_flux": {
        "dmean": 0.0303064547479,
        "dmean2": 0.0447335988283,
        "dvar": 0.00183472479694,
        "dvar2": 0.00363294663839,
        "max": 0.381487846375,
        "mean": 0.0929745510221,
        "median": 0.073325432837,
        "min": 6.98081245587e-11,
        "var": 0.00394148798659
    },
    "spectral_kurtosis": {
        "dmean": 1.31758356094,
        "dmean2": 2.29629969597,
        "dvar": 2.22522759438,
        "dvar2": 6.66769599915,
        "max": 13.7251548767,
        "mean": 2.93818020821,
        "median": 2.36051130295,
        "min": -1.22798252106,
        "var": 3.96580290794
    },
    "spectral_rms": {
        "dmean": 0.000912496761885,
        "dmean2": 0.00137975648977,
        "dvar": 1.86439626759e-06,
        "dvar2": 4.1281873564e-06,
        "max": 0.0131853148341,
        "mean": 0.00535986805335,
        "median": 0.0052700964734,
        "min": 3.21319229904e-12,
        "var": 4.75647175335e-06
    },
    "spectral_rolloff": {
        "dmean": 554.72088623,
        "dmean2": 881.114562988,
        "dvar": 846860.875,
        "dvar2": 1464051.5,
        "max": 18798.4863281,
        "mean": 1926.47009277,
        "median": 1378.125,
        "min": 86.1328125,
        "var": 4173365
    },
    "spectral_skewness": {
        "dmean": 0.199427962303,
        "dmean2": 0.337182015181,
        "dvar": 0.0431582294405,
        "dvar2": 0.120269998908,
        "max": 2.5192732811,
        "mean": 1.20532250404,
        "median": 1.15812706947,
        "min": -0.0510510839522,
        "var": 0.107113189995
    },
    "spectral_spread": {
        "dmean": 389793.90625,
        "dmean2": 570884.5625,
        "dvar": 1.64657876173e+12,
        "dvar2": 2.29671095501e+12,
        "max": 41119416,
        "mean": 4513083.5,
        "median": 4330402,
        "min": 2334331,
        "var": 4.4260482089e+12
    },
    "spectral_strongpeak": {
        "dmean": 0.524591088295,
        "dmean2": 0.882810652256,
        "dvar": 0.615877211094,
        "dvar2": 1.41120648384,
        "max": 9.09459114075,
        "mean": 1.09131085873,
        "median": 0.603005111217,
        "min": 0,
        "var": 1.42845022678
    },
    "zerocrossingrate": {
        "dmean": 0.0106630064547,
        "dmean2": 0.0121342176571,
        "dvar": 0.000369922374375,
        "dvar2": 0.000474703585496,
        "max": 0.51806640625,
        "mean": 0.0718343704939,
        "median": 0.0595703125,
        "min": 0.01220703125,
        "var": 0.00269768061116
    },
    "barkbands": {
        "dmean": [0.000409204047173, 0.00861462019384, 0.00213044788688, 0.00116995489225, 0.00265981466509, 0.000859219988342, 0.00131636857986, 0.000939147255849, 0.000844040419906, 0.000601604348049, 0.000285996997263, 0.000223640890908, 0.000159982169862, 0.000274041114608, 0.000302365224343, 0.000278754916508, 0.000225597526878, 0.000150237203343, 0.000250870041782, 0.000268376345048, 0.000188455174793, 0.000200204143766, 0.000122137542348, 7.98587134341e-05, 5.1547151088e-05, 1.76545290742e-05, 3.38717626391e-07],
        "dmean2": [0.000692794390488, 0.0142092816532, 0.00367876002565, 0.00199831789359, 0.00443313829601, 0.0014200641308, 0.00205329991877, 0.00143105420284, 0.0011674243724, 0.000874973193277, 0.000433017936302, 0.000332218565745, 0.000251827703323, 0.000437502021668, 0.000471839768579, 0.000452188629424, 0.00038185287849, 0.000261165463598, 0.000449178944109, 0.000477470370242, 0.000337026896887, 0.000344592146575, 0.000200795693672, 0.000122639656183, 7.81943308539e-05, 2.77839208138e-05, 5.97394489432e-07],
        "dvar": [8.56561939599e-07, 0.000525206152815, 1.89806251001e-05, 2.78522134067e-06, 2.27299751714e-05, 2.18873947233e-06, 8.12521739135e-06, 9.15753389563e-06, 4.65019184048e-06, 2.91143282993e-06, 2.86514932668e-07, 9.12244928486e-08, 9.35042621109e-08, 3.07045468162e-07, 2.13978822217e-07, 2.78243788898e-07, 9.79773346899e-08, 8.24988148906e-08, 1.56434524001e-07, 3.75247623197e-07, 1.19313156688e-07, 1.87112732419e-07, 9.32645463081e-08, 3.54769795763e-08, 2.47342466508e-08, 3.57732576894e-09, 1.63018828037e-12],
        "dvar2": [2.34005210586e-06, 0.00133237463888, 5.28921736986e-05, 7.58940814194e-06, 6.60658115521e-05, 5.55066071684e-06, 1.82824805961e-05, 2.01265811484e-05, 8.68576807989e-06, 5.57582279725e-06, 6.33891318103e-07, 1.76435122512e-07, 2.1678209805e-07, 7.04249998762e-07, 5.34601724667e-07, 6.36649019725e-07, 2.63301245695e-07, 2.31227062386e-07, 4.4641191721e-07, 1.12032489596e-06, 3.44264748264e-07, 5.17280227541e-07, 2.1678125961e-07, 7.07434892888e-08, 5.00408994242e-08, 7.37084304703e-09, 4.41534222378e-12],
        "max": [0.00685282237828, 0.158625900745, 0.0365805774927, 0.0202057436109, 0.045221503824, 0.0212387554348, 0.0319823436439, 0.0673322454095, 0.0411592461169, 0.0376868695021, 0.0131215984002, 0.0077402619645, 0.00554877566174, 0.00971981044859, 0.00654913065955, 0.0130494199693, 0.00372162950225, 0.0042437762022, 0.00338849308901, 0.00794820673764, 0.00297823175788, 0.00484926812351, 0.00593483680859, 0.00286797899753, 0.0022831344977, 0.00104821880814, 1.63935383171e-05],
        "mean": [0.000377646705601, 0.00877798907459, 0.00341900554486, 0.00173175078817, 0.00426340522245, 0.00195983145386, 0.00264242943376, 0.00176582264248, 0.00208797794767, 0.00132220319938, 0.000651223526802, 0.000461339048343, 0.000362434075214, 0.000503224029671, 0.000594507378992, 0.000565949128941, 0.000479491311125, 0.000250399956712, 0.000419578747824, 0.000464823067887, 0.000304475281155, 0.000342751067365, 0.000257846113527, 0.000175419714651, 0.00011059899407, 2.93953908113e-05, 2.83291257119e-07],
        "median": [9.25849162741e-05, 0.00197767559439, 0.00139079708606, 0.00106658134609, 0.00215755053796, 0.00140234571882, 0.000952615169808, 0.000624922453426, 0.000559718231671, 0.000656294636428, 0.000336817029165, 0.000327037181705, 0.000185035751201, 0.000292550597806, 0.00035238431883, 0.000336214026902, 0.000350285612512, 0.000169513659785, 0.000253132311627, 0.000316944846418, 0.000180403992999, 0.000154933935846, 9.74961003521e-05, 7.01938770362e-05, 2.89518320642e-05, 4.62316256744e-06, 3.48077389134e-09],
        "min": [8.42156841016e-25, 1.97498537811e-23, 3.47713320942e-24, 1.41994164218e-24, 6.34117886944e-23, 4.49503672303e-23, 3.80108809094e-23, 2.69949085291e-23, 3.57834406356e-23, 6.18950931636e-23, 5.89270955156e-23, 4.763218823e-23, 8.31924254057e-23, 5.08274472385e-23, 6.38170423186e-23, 1.42834689596e-22, 1.94482296585e-22, 1.97470148284e-22, 1.89233885076e-22, 2.28210013033e-22, 3.28272310939e-22, 3.78544157131e-22, 5.54707803454e-22, 7.7149788737e-22, 1.07021277926e-21, 1.55902108644e-21, 2.10534167027e-21],
        "var": [7.05917500454e-07, 0.000446654856205, 2.37303702306e-05, 4.05972241424e-06, 3.26382178173e-05, 4.65035554953e-06, 1.79420185304e-05, 2.08526216738e-05, 1.88055855688e-05, 7.9166757132e-06, 1.28554836465e-06, 2.55502186519e-07, 3.853213002e-07, 5.00414842008e-07, 5.20075161603e-07, 7.51006382416e-07, 1.96655577156e-07, 8.25328072551e-08, 1.92993823589e-07, 3.12944962388e-07, 1.31526206815e-07, 2.84965750552e-07, 1.95581819185e-07, 8.68414034016e-08, 6.75670932537e-08, 7.4869683786e-09, 1.57758279096e-12]
    },
    "erbbands": {
        "dmean": [0.250178188086, 1.97668969631, 2.72173023224, 3.146484375, 8.58218193054, 7.8151473999, 6.71306324005, 7.26011753082, 15.1930065155, 24.378578186, 18.8530769348, 17.2105522156, 22.7392692566, 13.7413825989, 8.80142116547, 10.7188425064, 6.84851360321, 13.6181774139, 15.0401592255, 12.3134145737, 14.7079725266, 10.824347496, 8.01969528198, 12.6854753494, 11.0965423584, 12.9555673599, 9.46380901337, 6.4596953392, 7.68723201752, 5.5245051384, 3.19896841049, 1.82917392254, 1.29411303997, 0.75827395916, 0.296485930681, 0.109686799347, 0.0257424805313, 0.00274740252644, 6.59943179926e-05, 1.75423683686e-05],
        "dmean2": [0.402859151363, 3.42102026939, 4.69939136505, 5.31284141541, 14.3438796997, 13.1552152634, 10.8465843201, 11.9819631577, 24.1314411163, 37.9945106506, 27.9932518005, 24.1798553467, 31.3558635712, 19.7167263031, 13.0489826202, 15.7872619629, 10.7948207855, 21.6596755981, 23.1812076569, 19.3431396484, 23.9953289032, 18.4578990936, 13.8425388336, 22.7605628967, 19.9749279022, 22.9823360443, 17.0109081268, 11.5617656708, 13.3435440063, 9.25862979889, 5.1973567009, 2.88343429565, 1.9562536478, 1.12712025642, 0.439559221268, 0.16781514883, 0.0419196933508, 0.00460828607902, 0.000107816391392, 2.74348458333e-05],
        "dvar": [0.416349053383, 30.0188407898, 38.3328170776, 26.6666812897, 241.781158447, 234.081054688, 129.693954468, 204.246032715, 1294.81689453, 4356.06445312, 3516.70776367, 1710.90637207, 3444.37329102, 1258.22814941, 203.186538696, 200.49810791, 155.346618652, 679.21081543, 586.495544434, 438.864227295, 767.443664551, 280.890686035, 218.152282715, 426.987091064, 433.123046875, 932.996704102, 337.732208252, 174.998062134, 275.440063477, 195.027755737, 55.839138031, 15.6476697922, 11.1091995239, 5.39587783813, 0.811326265335, 0.136637359858, 0.00802559498698, 9.63554703048e-05, 4.30993019052e-08, 8.44822323209e-10],
        "dvar2": [0.940821945667, 81.3098831177, 106.707038879, 71.8717422485, 675.190673828, 671.339416504, 334.697174072, 529.623779297, 3201.046875, 10969.4316406, 5966.80908203, 3501.27709961, 6736.11572266, 1864.68261719, 335.218994141, 399.046020508, 352.898498535, 1477.17102051, 1415.42565918, 1037.16247559, 1886.68664551, 745.096191406, 613.349914551, 1214.16369629, 1244.3404541, 2793.43969727, 976.834716797, 506.819366455, 795.04498291, 451.819000244, 131.520828247, 34.1049690247, 22.0862407684, 12.024643898, 1.45909011364, 0.265764564276, 0.0182601381093, 0.000230124802329, 1.0399493533e-07, 2.0379293808e-09],
        "max": [4.30267858505, 35.8133735657, 51.7519721985, 52.441204071, 185.662124634, 201.370330811, 162.635864258, 256.602905273, 515.421386719, 1237.77331543, 1616.50195312, 829.371154785, 1211.95935059, 931.308654785, 436.54119873, 351.008636475, 280.159179688, 488.28237915, 398.4871521, 359.151184082, 437.685974121, 216.281723022, 216.710769653, 212.216995239, 196.460128784, 398.857391357, 197.967941284, 144.308868408, 162.530044556, 304.721618652, 128.30960083, 52.8311882019, 48.8834190369, 40.4699249268, 14.1326589584, 7.02518224716, 1.64548075199, 0.15663318336, 0.0033342060633, 0.000198186549824],
        "mean": [0.239748075604, 1.97560310364, 4.26654434204, 5.18880271912, 12.2921686172, 11.9204559326, 13.6342868805, 15.6157550812, 31.2729091644, 42.5367622375, 41.4948348999, 42.4288482666, 54.541179657, 37.0734939575, 22.6704940796, 23.1290664673, 17.9197711945, 27.3124523163, 31.4467716217, 26.9977340698, 32.783618927, 24.3738822937, 15.4053087234, 21.1362285614, 18.6226100922, 22.5259742737, 15.3854398727, 10.8575630188, 12.3169689178, 10.5837726593, 6.74740886688, 4.18937921524, 2.62709450722, 1.54386281967, 0.620027124882, 0.205256715417, 0.0390810184181, 0.00329728168435, 0.000100810371805, 4.68666912639e-05],
        "median": [0.0478926971555, 0.400942862034, 1.46429634094, 3.30376458168, 6.49084472656, 5.2271900177, 7.13280487061, 10.5038604736, 14.8603057861, 13.2185955048, 17.8283691406, 15.280125618, 19.5385971069, 20.0817985535, 14.272026062, 16.0172729492, 9.59915161133, 16.7512836456, 18.7812194824, 17.1120796204, 22.3628501892, 17.6315498352, 11.3199052811, 11.7067070007, 12.7186832428, 14.9520263672, 9.56210231781, 5.71260738373, 5.70404720306, 4.28901672363, 2.48122882843, 1.79164552689, 0.960096120834, 0.418935358524, 0.153305381536, 0.0419757515192, 0.0050931153819, 0.000297783582937, 3.64054867532e-05, 3.98111151299e-05],
        "min": [5.18241376513e-22, 4.86375212767e-21, 1.1432545641e-20, 1.39452780039e-20, 2.38704323814e-20, 1.85969911865e-19, 2.16491687396e-19, 4.96450229007e-19, 6.98569588636e-19, 4.10033481341e-19, 6.40080939992e-19, 9.09337431763e-19, 1.68158570362e-18, 1.66312427312e-18, 3.08264323545e-18, 1.9794148749e-18, 3.94184731824e-18, 3.58198321993e-18, 3.42622304263e-18, 5.26118509242e-18, 7.54022856663e-18, 1.24180770701e-17, 1.06172436652e-17, 1.05598216143e-17, 1.02261882404e-17, 9.46539383504e-18, 1.0375201519e-17, 1.52637868268e-17, 1.28866715784e-17, 1.29777755967e-17, 1.872865947e-17, 1.25914673614e-17, 1.24818617943e-17, 9.32883045181e-18, 8.35197316178e-18, 5.65709648106e-18, 2.71814113545e-18, 1.0851956164e-18, 2.96080330524e-19, 3.37704239893e-20],
        "var": [0.413142174482, 22.2999286652, 42.8308753967, 35.8959960938, 308.040588379, 346.238128662, 303.926177979, 361.665252686, 2466.26391602, 7857.60302734, 11235.71875, 5748.56542969, 10977.1660156, 6929.375, 1188.80761719, 610.667907715, 880.750915527, 1313.55712891, 1579.01135254, 1121.25305176, 1675.42211914, 539.699645996, 241.115646362, 528.537902832, 412.956054688, 780.500793457, 317.964935303, 200.956756592, 351.381835938, 402.168884277, 118.122367859, 37.1266136169, 27.020368576, 12.8855609894, 2.32959985733, 0.32248005271, 0.0142689878121, 0.000127573948703, 6.00645364557e-08, 1.22316601292e-09]
    },
    "gfcc": {
        "mean": [16.7440662384, 98.2786636353, -135.791259766, 44.4006614685, -70.3745803833, 14.853676796, -37.9475898743, 7.98297643661, -19.0828857422, -1.49455332756, -14.1677293777, -6.42550516129, -4.15237283707],
        "cov": [[9140.921875, -622.88861084, 300.694671631, 515.585083008, -396.800872803, 233.46257019, -366.087188721, 230.525817871, -250.924804688, 196.909973145, -251.955184937, 134.821365356, -342.254486084], [-622.88861084, 1747.5802002, -490.192108154, 42.3223114014, 380.155853271, -73.1472015381, 424.118621826, -76.0165786743, 334.809570312, -204.516845703, 238.196166992, -283.094482422, 183.292144775], [300.694671631, -490.192108154, 619.838317871, 220.392303467, 67.0814666748, 100.253723145, -59.4094009399, 109.308792114, -72.9082107544, 112.084060669, -85.0212554932, 106.18107605, -128.640640259], [515.585083008, 42.3223114014, 220.392303467, 370.789428711, 125.300262451, 73.6908874512, 19.5410461426, 33.3948440552, 7.51013946533, 11.501791954, 4.30180931091, -0.847474873066, -23.3088684082], [-396.800872803, 380.155853271, 67.0814666748, 125.300262451, 293.872833252, 42.9927940369, 162.545852661, 14.9584054947, 94.2805709839, -25.0243473053, 55.1597099304, -34.5620918274, 24.7715454102], [233.46257019, -73.1472015381, 100.253723145, 73.6908874512, 42.9927940369, 127.33921814, 34.9059028625, 41.4270172119, -6.94778203964, 18.1913948059, -2.66080975533, 15.2975282669, -10.5081834793], [-366.087188721, 424.118621826, -59.4094009399, 19.5410461426, 162.545852661, 34.9059028625, 248.317840576, 15.9110774994, 104.759315491, -43.3562927246, 79.5861282349, -54.2416915894, 40.2943954468], [230.525817871, -76.0165786743, 109.308792114, 33.3948440552, 14.9584054947, 41.4270172119, 15.9110774994, 98.8324508667, 30.3786182404, 42.1769485474, -15.6453561783, 9.85565090179, -28.5695762634], [-250.924804688, 334.809570312, -72.9082107544, 7.51013946533, 94.2805709839, -6.94778203964, 104.759315491, 30.3786182404, 159.744094849, -8.89916610718, 55.1036109924, -71.8994522095, 39.0285682678], [196.909973145, -204.516845703, 112.084060669, 11.501791954, -25.0243473053, 18.1913948059, -43.3562927246, 42.1769485474, -8.89916610718, 101.669876099, -5.06566762924, 37.4332809448, -50.9330787659], [-251.955184937, 238.196166992, -85.0212554932, 4.30180931091, 55.1597099304, -2.66080975533, 79.5861282349, -15.6453561783, 55.1036109924, -5.06566762924, 109.882293701, -17.0276317596, 39.4924316406], [134.821365356, -283.094482422, 106.18107605, -0.847474873066, -34.5620918274, 15.2975282669, -54.2416915894, 9.85565090179, -71.8994522095, 37.4332809448, -17.0276317596, 110.577476501, -23.2588214874], [-342.254486084, 183.292144775, -128.640640259, -23.3088684082, 24.7715454102, -10.5081834793, 40.2943954468, -28.5695762634, 39.0285682678, -50.9330787659, 39.4924316406, -23.2588214874, 98.6611328125]],
        "icov": [[0.000220792688197, -0.000372568698367, 0.00030383883859, -0.000458111258922, 0.000532508129254, -0.000480911810882, 0.000238443331909, -0.000472617510241, 0.000204280295293, -0.000306173315039, 0.000577628088649, -0.000652986112982, 0.000702834629919], [-0.000372568698367, 0.00385225797072, 0.000441156502347, 0.000290715310257, -0.00288100214675, 0.00228962977417, -0.001820998732, 0.000915759301279, -0.00186236901209, 0.00320690544322, -0.00383194047026, 0.00464658206329, -0.00080760876881], [0.00030383883859, 0.000441156502347, 0.00521200988442, -0.00250010052696, -0.00132090668194, -0.000781529466622, 4.41406409664e-05, -0.00274154148065, 0.000521636393387, -0.0013750580838, 0.00211970228702, -0.00242827227339, 0.00353889074177], [-0.000458111258922, 0.000290715310257, -0.00250010052696, 0.0054768640548, -0.00238924799487, -0.000695330789313, 0.00117816252168, 0.000947029562667, 8.82507738424e-05, 0.00148989399895, -0.0024240554776, 0.00245409389026, -0.00149317306932], [0.000532508129254, -0.00288100214675, -0.00132090668194, -0.00238924799487, 0.010019400157, -0.00249752122909, -0.00235816137865, 0.00109894201159, -0.00169469660614, -0.0014692543773, 0.00302004744299, -0.00446858163923, 0.0010620894609], [-0.000480911810882, 0.00228962977417, -0.000781529466622, -0.000695330789313, -0.00249752122909, 0.0133145861328, -0.00371810444631, -0.00321048079059, 0.00241840071976, 0.000265942944679, -0.00220818957314, 0.00341798271984, -0.00360090448521], [0.000238443331909, -0.001820998732, 4.41406409664e-05, 0.00117816252168, -0.00235816137865, -0.00371810444631, 0.0110580483451, -0.00286692823283, -0.00129538984038, 0.00317171006463, -0.00315382354893, -0.00140987813938, 0.0024756018538], [-0.000472617510241, 0.000915759301279, -0.00274154148065, 0.000947029562667, 0.00109894201159, -0.00321048079059, -0.00286692823283, 0.0210631899536, -0.00847354717553, -0.0038347421214, 0.00322961783968, -0.000674668757711, -0.00011878991063], [0.000204280295293, -0.00186236901209, 0.000521636393387, 8.82507738424e-05, -0.00169469660614, 0.00241840071976, -0.00129538984038, -0.00847354717553, 0.0184868834913, -0.00577075127512, -0.00132621149532, 0.00654247775674, -0.00459101144224], [-0.000306173315039, 0.00320690544322, -0.0013750580838, 0.00148989399895, -0.0014692543773, 0.000265942944679, 0.00317171006463, -0.0038347421214, -0.00577075127512, 0.0239041801542, -0.00980836618692, -0.000356077391189, 0.00799598358572], [0.000577628088649, -0.00383194047026, 0.00211970228702, -0.0024240554776, 0.00302004744299, -0.00220818957314, -0.00315382354893, 0.00322961783968, -0.00132621149532, -0.00980836618692, 0.0215179659426, -0.00790234096348, -0.00247141811997], [-0.000652986112982, 0.00464658206329, -0.00242827227339, 0.00245409389026, -0.00446858163923, 0.00341798271984, -0.00140987813938, -0.000674668757711, 0.00654247775674, -0.000356077391189, -0.00790234096348, 0.0235491469502, -0.00567465275526], [0.000702834629919, -0.00080760876881, 0.00353889074177, -0.00149317306932, 0.0010620894609, -0.00360090448521, 0.0024756018538, -0.00011878991063, -0.00459101144224, 0.00799598358572, -0.00247141811997, -0.00567465275526, 0.0222355015576]]
    },
    "melbands": {
        "dmean": [0.00232511782087, 0.00183626753278, 0.000640152138658, 0.000634297670331, 0.000241820613155, 0.000168549129739, 0.000242455629632, 0.000249732198426, 0.000149007435539, 0.000114710033813, 0.00011458319932, 5.86168644077e-05, 3.79950688512e-05, 2.50163102464e-05, 1.84364980669e-05, 1.70873900061e-05, 2.78881743725e-05, 2.42984297074e-05, 1.84279215318e-05, 1.97602912522e-05, 1.75581135409e-05, 1.28765314003e-05, 9.96223570837e-06, 6.99369502399e-06, 1.15059019663e-05, 9.00023678696e-06, 8.7000480562e-06, 9.29048746912e-06, 6.91801506036e-06, 4.56604675492e-06, 3.76835623683e-06, 4.58092199551e-06, 3.89285469282e-06, 3.01019076687e-06, 2.09770723814e-06, 1.47501293668e-06, 1.14951865271e-06, 1.00511715573e-06, 8.15661962861e-07, 6.43186467641e-07],
        "dmean2": [0.00376508501358, 0.00314818276092, 0.00107374286745, 0.00107274588663, 0.00039345989353, 0.00027615140425, 0.000382237660233, 0.00038999679964, 0.000221286856686, 0.00015812550555, 0.000158604685566, 8.4167906607e-05, 5.59415093448e-05, 3.79392913601e-05, 2.72076449619e-05, 2.69362499239e-05, 4.46542835562e-05, 3.77474825655e-05, 2.93879184028e-05, 3.07632144541e-05, 2.89958625217e-05, 2.1735784685e-05, 1.67978832906e-05, 1.21603770822e-05, 2.06057065952e-05, 1.60694762599e-05, 1.54646786541e-05, 1.63873100973e-05, 1.23650252135e-05, 8.09933499113e-06, 6.71181896905e-06, 8.07183369034e-06, 6.59419129079e-06, 5.00900387124e-06, 3.40565748047e-06, 2.45104888563e-06, 1.86076397313e-06, 1.56497230819e-06, 1.23213419556e-06, 9.89614818536e-07],
        "dvar": [3.72191752831e-05, 2.10220605368e-05, 8.80591585428e-07, 1.43242618833e-06, 1.66047840366e-07, 1.0041168963e-07, 2.88760645617e-07, 4.89131195991e-07, 1.97247203459e-07, 7.77950504016e-08, 8.96823380003e-08, 2.61667985058e-08, 4.23446433473e-09, 1.44489542553e-09, 5.63286084443e-10, 1.07019026974e-09, 3.18965676094e-09, 1.7503107852e-09, 1.03695541043e-09, 1.40204103882e-09, 1.10647213614e-09, 3.51695533807e-10, 2.16151999077e-10, 2.42422609764e-10, 3.39657885151e-10, 2.26473256815e-10, 3.08588876674e-10, 5.18123710602e-10, 1.69826042118e-10, 6.35898972368e-11, 6.97486374213e-11, 9.40819505635e-11, 7.91175736037e-11, 6.28046573081e-11, 2.18481951281e-11, 9.97294434535e-12, 7.05012654159e-12, 6.50104102495e-12, 5.58300454478e-12, 4.24043612723e-12],
        "dvar2": [8.96677011042e-05, 5.73059332964e-05, 2.41548264057e-06, 4.18810441261e-06, 4.38025239191e-07, 2.57171961948e-07, 7.0229719995e-07, 1.26392990296e-06, 3.33933314778e-07, 1.4605662102e-07, 1.73966128614e-07, 3.93605787963e-08, 6.9339223252e-09, 2.86061574428e-09, 1.18448517661e-09, 2.54687826384e-09, 6.95227120318e-09, 4.22552748347e-09, 2.58558130461e-09, 2.58334487135e-09, 2.75416311979e-09, 9.39227695618e-10, 5.94116589259e-10, 6.93455237677e-10, 9.7399222021e-10, 6.37681907278e-10, 9.13703168681e-10, 1.55636614707e-09, 4.89754181654e-10, 1.85409063103e-10, 2.015631273e-10, 2.74068351347e-10, 2.07842729139e-10, 1.4427059547e-10, 5.13207150388e-11, 2.48558309351e-11, 1.64784262624e-11, 1.37027975772e-11, 1.1460949377e-11, 1.00562457667e-11],
        "max": [0.0433822982013, 0.0321874879301, 0.0112263057381, 0.0117070507258, 0.00525287212804, 0.00569702684879, 0.00709854625165, 0.013393945992, 0.0120257278904, 0.00515381619334, 0.00633643101901, 0.0042169415392, 0.0019984068349, 0.00105844216887, 0.000532825710252, 0.000516821572091, 0.00112428911962, 0.000683939957526, 0.000591995893046, 0.00122395949438, 0.000561994791497, 0.000210984624573, 0.000215144609683, 0.000267500930931, 0.000216840737266, 0.00014936675143, 0.000201270711841, 0.00032670397195, 0.000156130859978, 7.14587877155e-05, 0.000118929478049, 8.87666028575e-05, 0.000129429943627, 0.000184676464414, 8.65071051521e-05, 3.82039288525e-05, 3.59311852662e-05, 4.18814524892e-05, 3.78289150831e-05, 3.86586543755e-05],
        "mean": [0.00230103358626, 0.00245067453943, 0.00110379257239, 0.000919584126677, 0.000483760639327, 0.000367435830412, 0.000502155744471, 0.000429120380431, 0.000325002300087, 0.00028273742646, 0.000269713636953, 0.000148185528815, 9.08740548766e-05, 5.14943494636e-05, 4.69469341624e-05, 3.71296446247e-05, 5.17877233506e-05, 4.85792334075e-05, 3.52671013388e-05, 4.11025066569e-05, 3.7134737795e-05, 2.65398484771e-05, 1.85571807378e-05, 1.09524326035e-05, 1.82572748599e-05, 1.42085291372e-05, 1.33124294734e-05, 1.55423331307e-05, 1.0478733202e-05, 7.21730521036e-06, 5.84986537433e-06, 6.88951922712e-06, 6.74555030855e-06, 5.5653772506e-06, 4.08824325859e-06, 3.03011756841e-06, 2.3655984478e-06, 1.89423599295e-06, 1.56967894327e-06, 1.22027563521e-06],
        "median": [0.000548930023797, 0.000782123883255, 0.000763116579037, 0.00046515656868, 0.000237105166889, 0.000255364720942, 0.000239483255427, 0.000131775537739, 0.000127820821945, 8.56722253957e-05, 9.03089676285e-05, 7.54532811698e-05, 4.90444544994e-05, 3.67363572877e-05, 3.08528105961e-05, 2.07859375223e-05, 3.01746713376e-05, 2.82243818219e-05, 2.10454018088e-05, 2.42767546297e-05, 2.52499776252e-05, 1.83102711162e-05, 1.32414807013e-05, 7.28117174731e-06, 9.57592419581e-06, 9.18189925869e-06, 9.10915878194e-06, 9.88913689071e-06, 6.51715981803e-06, 3.82826010537e-06, 2.83331633e-06, 3.14414705826e-06, 2.78689594779e-06, 2.07852690437e-06, 1.49788593262e-06, 1.04572723103e-06, 1.01662180896e-06, 6.89685691668e-07, 4.46423030098e-07, 3.01637811617e-07],
        "min": [7.34768002975e-24, 8.19795138986e-24, 2.88338679392e-24, 5.35912971506e-24, 7.900486142e-24, 1.17994832309e-23, 9.2352435268e-24, 4.0986514731e-24, 5.10878786223e-24, 6.10120367443e-24, 8.24365720185e-24, 6.2012596362e-24, 1.00811098876e-23, 4.95593028463e-24, 6.28636155622e-24, 8.4211674716e-24, 5.30197200931e-24, 5.07596414883e-24, 4.95264191795e-24, 1.02536771549e-23, 7.34663242247e-24, 1.23365815448e-23, 9.47337696826e-24, 8.32653177311e-24, 8.59603505732e-24, 6.39914815529e-24, 6.97060530592e-24, 6.00184901e-24, 6.56080942059e-24, 7.16060166608e-24, 7.2621438418e-24, 6.82856222246e-24, 7.57160924175e-24, 6.54861678644e-24, 1.0805509024e-23, 7.89654104861e-24, 7.88696664381e-24, 8.30178836196e-24, 1.0309012592e-23, 6.69579614325e-24],
        "var": [3.40466758644e-05, 1.84379714483e-05, 1.34608092139e-06, 1.7442458784e-06, 4.07878587794e-07, 1.85290446097e-07, 5.90770412146e-07, 8.19933234197e-07, 6.44298211228e-07, 3.06575941522e-07, 2.83711955262e-07, 1.36980858656e-07, 2.6361286487e-08, 3.41876571497e-09, 3.61722762854e-09, 2.79058198771e-09, 5.85914294859e-09, 4.22020196567e-09, 1.88037851956e-09, 4.65992799903e-09, 2.09322914557e-09, 6.92623514098e-10, 3.30244692703e-10, 2.0001530987e-10, 4.27378243906e-10, 2.45145903577e-10, 2.63595256733e-10, 4.18909434918e-10, 1.53702481298e-10, 7.62344909422e-11, 7.38212962981e-11, 1.09798781178e-10, 1.33038455252e-10, 1.26221116892e-10, 4.58182589091e-11, 1.9746978358e-11, 1.3730620807e-11, 1.37405260781e-11, 1.3786735642e-11, 8.69486774246e-12]
    },
    "mfcc": {
        "mean": [-610.190490723, 112.242401123, -5.16452503204, 24.895160675, -3.60497403145, 4.39625644684, -5.56335878372, 2.74316930771, 0.448930203915, 5.0378985405, -5.58082675934, -2.35907626152, 1.00010466576],
        "cov": [[5186.02441406, -455.485351562, 522.41619873, 227.383041382, 92.1991500854, 52.5109634399, -25.5964317322, 14.4799108505, -27.5632705688, 0.594259679317, 57.1898117065, 55.0559082031, -8.80894565582], [-455.485351562, 1366.2421875, -471.097412109, 123.430686951, -20.3738822937, 69.7422027588, 96.4225692749, 125.879119873, 90.5592269897, 180.160568237, 41.2585525513, 62.7432327271, 11.4005842209], [522.41619873, -471.097412109, 445.150939941, 96.8465118408, 101.858154297, 25.4355506897, 9.36002922058, -0.542354404926, 0.0588992387056, -16.776632309, 28.9611682892, 15.666800499, -2.55878329277], [227.383041382, 123.430686951, 96.8465118408, 293.692352295, 126.471343994, 87.832824707, 63.5213546753, 61.4632148743, 34.6949996948, 39.0890884399, 22.089931488, 40.9036941528, 23.7981681824], [92.1991500854, -20.3738822937, 101.858154297, 126.471343994, 166.444610596, 60.7305984497, 28.728471756, 29.6547546387, 32.5516586304, 29.7410774231, 4.53160333633, 26.7656536102, 12.1475801468], [52.5109634399, 69.7422027588, 25.4355506897, 87.832824707, 60.7305984497, 116.890304565, 74.6350708008, 50.4752655029, 19.998752594, 20.9844684601, 15.6356554031, 13.3459997177, 10.0123796463], [-25.5964317322, 96.4225692749, 9.36002922058, 63.5213546753, 28.728471756, 74.6350708008, 124.683929443, 64.0763473511, 12.8678340912, 22.6153583527, 21.1075134277, 19.0512542725, 5.89746284485], [14.4799108505, 125.879119873, -0.542354404926, 61.4632148743, 29.6547546387, 50.4752655029, 64.0763473511, 103.483337402, 44.5052032471, 37.1271209717, 9.82530784607, 16.4554538727, 5.08568906784], [-27.5632705688, 90.5592269897, 0.0588992387056, 34.6949996948, 32.5516586304, 19.998752594, 12.8678340912, 44.5052032471, 89.1604614258, 59.4375343323, 16.1882781982, 2.26590442657, 1.19428956509], [0.594259679317, 180.160568237, -16.776632309, 39.0890884399, 29.7410774231, 20.9844684601, 22.6153583527, 37.1271209717, 59.4375343323, 117.325271606, 48.4656066895, 30.2183246613, -1.73348510265], [57.1898117065, 41.2585525513, 28.9611682892, 22.089931488, 4.53160333633, 15.6356554031, 21.1075134277, 9.82530784607, 16.1882781982, 48.4656066895, 78.2065200806, 39.0295906067, 6.00246238708], [55.0559082031, 62.7432327271, 15.666800499, 40.9036941528, 26.7656536102, 13.3459997177, 19.0512542725, 16.4554538727, 2.26590442657, 30.2183246613, 39.0295906067, 83.0272293091, 28.9609775543], [-8.80894565582, 11.4005842209, -2.55878329277, 23.7981681824, 12.1475801468, 10.0123796463, 5.89746284485, 5.08568906784, 1.19428956509, -1.73348510265, 6.00246238708, 28.9609775543, 63.8518371582]],
