{
"lowlevel": {
    "average_loudness": 0.957289397717,
    "barkbands_crest": {
        "dmean": 2.29178500175,
        "dmean2": 3.68968915939,
        "dvar": 5.40350389481,
        "dvar2": 12.3638944626,
        "max": 23.7465858459,
        "mean": 8.73930835724,
        "median": 8.05735206604,
        "min": 2.79695916176,
        "var": 11.7674913406
    },
    "barkbands_flatness_db": {
        "dmean": 0.0219375062734,
        "dmean2": 0.0322862379253,
        "dvar": 0.000463247299194,
        "dvar2": 0.000996160786599,
        "max": 0.342428386211,
        "mean": 0.134991332889,
        "median": 0.126526355743,
        "min": 0.0363116115332,
        "var": 0.00211250176653
    },
    "barkbands_kurtosis": {
        "dmean": 2.87157726288,
        "dmean2": 4.48792600632,
        "dvar": 26.6615333557,
        "dvar2": 58.2247428894,
        "max": 68.2227554321,
        "mean": 3.41384339333,
        "median": 0.788472175598,
        "min": -1.93992948532,
        "var": 57.9351882935
    },
    "barkbands_skewness": {
        "dmean": 0.556383907795,
        "dmean2": 0.845677256584,
        "dvar": 0.355405390263,
        "dvar2": 0.803124964237,
        "max": 7.34120512009,
        "mean": 1.58810794353,
        "median": 1.32665669918,
        "min": -1.84658133984,
        "var": 1.33067536354
    },
    "barkbands_spread": {
        "dmean": 6.65856075287,
        "dmean2": 10.0734434128,
        "dvar": 61.9384231567,
        "dvar2": 121.619537354,
        "max": 103.343017578,
        "mean": 28.9831619263,
        "median": 27.4871292114,
        "min": 1.66893041134,
        "var": 212.56578064
    },
    "dissonance": {
        "dmean": 0.0127931544557,
        "dmean2": 0.0212838780135,
        "dvar": 0.000196082692128,
        "dvar2": 0.000527754600625,
        "max": 0.500000059605,
        "mean": 0.476956576109,
        "median": 0.481613457203,
        "min": 0.282130688429,
        "var": 0.000362376245903
    },
    "dynamic_complexity": 2.29124855995,
    "erbbands_crest": {
        "dmean": 2.37616109848,
        "dmean2": 3.92102408409,
        "dvar": 5.0974187851,
        "dvar2": 13.1953868866,
        "max": 27.5790901184,
        "mean": 7.81659555435,
        "median": 7.0749669075,
        "min": 2.39002919197,
        "var": 11.6227798462
    },
    "erbbands_flatness_db": {
        "dmean": 0.0141925942153,
        "dmean2": 0.0206069350243,
        "dvar": 0.00018985378847,
        "dvar2": 0.000391646841308,
        "max": 0.2453699857,
        "mean": 0.140518769622,
        "median": 0.139133885503,
        "min": 0.0341591574252,
        "var": 0.0010519673815
    },
    "erbbands_kurtosis": {
        "dmean": 0.670374572277,
        "dmean2": 1.06059074402,
        "dvar": 0.715548098087,
        "dvar2": 1.75704312325,
        "max": 10.4093923569,
        "mean": -0.00558112747967,
        "median": -0.259755134583,
        "min": -1.85167384148,
        "var": 1.44496142864
    },
    "erbbands_skewness": {
        "dmean": 0.331718146801,
        "dmean2": 0.495879620314,
        "dvar": 0.107406966388,
        "dvar2": 0.224288493395,
        "max": 2.62097454071,
        "mean": -0.23986788094,
        "median": -0.25141236186,
        "min": -2.39025878906,
        "var": 0.417945027351
    },
    "erbbands_spread": {
        "dmean": 9.0240354538,
        "dmean2": 14.0344753265,
        "dvar": 95.6165084839,
        "dvar2": 232.585601807,
        "max": 145.804443359,
        "mean": 45.9085121155,
        "median": 41.8039474487,
        "min": 10.6709747314,
        "var": 373.42388916
    },
    "hfc": {
        "dmean": 6.18362188339,
        "dmean2": 9.72615337372,
        "dvar": 62.669380188,
        "dvar2": 145.618743896,
        "max": 108.582427979,
        "mean": 26.8416824341,
        "median": 24.1350631714,
        "min": 1.16048543032e-16,
        "var": 288.08505249
    },
    "melbands_crest": {
        "dmean": 2.96496891975,
        "dmean2": 4.81323671341,
        "dvar": 6.74990701675,
        "dvar2": 17.1832523346,
        "max": 28.679265976,
        "mean": 15.1501064301,
        "median": 14.8420085907,
        "min": 1.00390386581,
        "var": 18.9788341522
    },
    "melbands_flatness_db": {
        "dmean": 0.0277460683137,
        "dmean2": 0.040256075561,
        "dvar": 0.000729302002583,
        "dvar2": 0.00153513986152,
        "max": 0.453377425671,
        "mean": 0.193194851279,
        "median": 0.182838454843,
        "min": 3.10632287892e-07,
        "var": 0.003688121913
    },
    "melbands_kurtosis": {
        "dmean": 9.85966682434,
        "dmean2": 15.5977420807,
        "dvar": 280.322174072,
        "dvar2": 663.337890625,
        "max": 256.283905029,
        "mean": 17.509223938,
        "median": 8.74112224579,
        "min": -1.297062397,
        "var": 589.835754395
    },
    "melbands_skewness": {
        "dmean": 0.888207554817,
        "dmean2": 1.3703353405,
        "dvar": 1.01046764851,
        "dvar2": 2.43945336342,
        "max": 13.7508811951,
        "mean": 3.27978610992,
        "median": 2.81660747528,
        "min": 5.79460538574e-05,
        "var": 3.57364988327
    },
    "melbands_spread": {
        "dmean": 7.54745483398,
        "dmean2": 11.5608110428,
        "dvar": 73.5746536255,
        "dvar2": 157.303970337,
        "max": 137.81854248,
        "mean": 25.5927333832,
        "median": 23.821313858,
        "min": 1.21463680267,
        "var": 239.167999268
    },
    "pitch_salience": {
        "dmean": 0.0714757889509,
        "dmean2": 0.115815073252,
        "dvar": 0.00455076200888,
        "dvar2": 0.0114008802921,
        "max": 0.99584197998,
        "mean": 0.530839800835,
        "median": 0.536001682281,
        "min": 0.17966581881,
        "var": 0.0100878374651
    },
    "silence_rate_20dB": {
        "dmean": 0,
        "dmean2": 0,
        "dvar": 0,
        "dvar2": 0,
        "max": 1,
        "mean": 1,
        "median": 1,
        "min": 1,
        "var": 0
    },
    "silence_rate_30dB": {
        "dmean": 0.014683152549,
        "dmean2": 0.0293776579201,
        "dvar": 0.0144677106291,
        "dvar2": 0.0416565947235,
        "max": 1,
        "mean": 0.99188876152,
        "median": 1,
        "min": 0,
        "var": 0.00804533809423
    },
    "silence_rate_60dB": {
        "dmean": 0.00154559500515,
        "dmean2": 0.00309238489717,
        "dvar": 0.00154320150614,
        "dvar2": 0.00308279669844,
        "max": 1,
        "mean": 0.0339899584651,
        "median": 0,
        "min": 0,
        "var": 0.032835137099
    },
    "spectral_centroid": {
        "dmean": 277.14642334,
        "dmean2": 409.654632568,
        "dvar": 111940.132812,
        "dvar2": 155211.328125,
        "max": 10643.9101562,
        "mean": 1616.3762207,
        "median": 1625.47021484,
        "min": 204.094711304,
        "var": 387804.09375
    },
    "spectral_complexity": {
        "dmean": 4.58964443207,
        "dmean2": 6.80092763901,
        "dvar": 19.2042751312,
        "dvar2": 38.8324508667,
        "max": 55,
        "mean": 26.4306678772,
        "median": 26,
        "min": 0,
        "var": 190.238922119
    },
    "spectral_decrease": {
        "dmean": 3.34632699328e-09,
        "dmean2": 5.51742695976e-09,
        "dvar": 3.07574769243e-17,
        "dvar2": 8.13509103738e-17,
        "max": 3.83723243544e-25,
        "mean": -9.23656795493e-09,
        "median": -8.19325318702e-09,
        "min": -5.25054488776e-08,
        "var": 3.61540131668e-17
    },
    "spectral_energy": {
        "dmean": 0.0129317026585,
        "dmean2": 0.0213513188064,
        "dvar": 0.000452035776107,
        "dvar2": 0.00119459745474,
        "max": 0.203180179,
        "mean": 0.0372955687344,
        "median": 0.0332622267306,
        "min": 1.09716315564e-20,
        "var": 0.000547743868083
    },
    "spectral_energyband_high": {
        "dmean": 0.000432591041317,
        "dmean2": 0.000670613022521,
        "dvar": 5.98484689363e-07,
        "dvar2": 1.14595070499e-06,
        "max": 0.0123704625294,
        "mean": 0.00125601852778,
        "median": 0.0008706235094,
        "min": 7.58365567158e-21,
        "var": 1.97965687221e-06
    },
    "spectral_energyband_low": {
        "dmean": 0.0108815524727,
        "dmean2": 0.0179457869381,
        "dvar": 0.000429541891208,
        "dvar2": 0.00114185642451,
        "max": 0.166510075331,
        "mean": 0.0196945816278,
        "median": 0.014719856903,
        "min": 4.44128721194e-23,
        "var": 0.000413083762396
    },
    "spectral_energyband_middle_high": {
        "dmean": 0.00184374977835,
        "dmean2": 0.00282438960858,
        "dvar": 4.8116526159e-06,
        "dvar2": 1.12387369882e-05,
        "max": 0.0391081087291,
        "mean": 0.0073079331778,
        "median": 0.00569558283314,
        "min": 1.75756513317e-21,
        "var": 4.04538513976e-05
    },
    "spectral_energyband_middle_low": {
        "dmean": 0.00420618895441,
        "dmean2": 0.00690080225468,
        "dvar": 3.55105366907e-05,
        "dvar2": 9.40110185184e-05,
        "max": 0.0719076395035,
        "mean": 0.0112296240404,
        "median": 0.00915589183569,
        "min": 3.91597066187e-22,
        "var": 6.90555170877e-05
    },
    "spectral_entropy": {
        "dmean": 0.138718247414,
        "dmean2": 0.190269708633,
        "dvar": 0.0275291670114,
        "dvar2": 0.0441156476736,
        "max": 9.79825305939,
        "mean": 7.75413656235,
        "median": 7.7979888916,
        "min": 5.87392091751,
        "var": 0.12772205472
    },
    "spectral_flux": {
        "dmean": 0.0265008118004,
        "dmean2": 0.040778812021,
        "dvar": 0.00127040734515,
        "dvar2": 0.00241240253672,
        "max": 0.351183414459,
        "mean": 0.0965400338173,
        "median": 0.0854233056307,
        "min": 1.04745559448e-10,
        "var": 0.00260482588783
    },
    "spectral_kurtosis": {
        "dmean": 1.17521452904,
        "dmean2": 1.96847307682,
        "dvar": 1.5312615633,
        "dvar2": 4.2274479866,
        "max": 18.8202056885,
        "mean": 3.24612736702,
        "median": 3.02645015717,
        "min": -1.23142635822,
        "var": 3.35834598541
    },
    "spectral_rms": {
        "dmean": 0.000926169042941,
        "dmean2": 0.00148514925968,
        "dvar": 1.47242337789e-06,
        "dvar2": 3.76071034225e-06,
        "max": 0.0140792243183,
        "mean": 0.0057526929304,
        "median": 0.00569657376036,
        "min": 3.27170148612e-12,
        "var": 3.29241083818e-06
    },
    "spectral_rolloff": {
        "dmean": 574.973693848,
        "dmean2": 940.187194824,
        "dvar": 940252,
        "dvar2": 1914635,
        "max": 19056.8847656,
        "mean": 1580.76745605,
        "median": 1356.59179688,
        "min": 86.1328125,
        "var": 2181774.5
    },
    "spectral_skewness": {
        "dmean": 0.186975479126,
        "dmean2": 0.292862832546,
        "dvar": 0.0352443382144,
        "dvar2": 0.0772166103125,
        "max": 3.32897090912,
        "mean": 1.2456125021,
        "median": 1.22894263268,
        "min": 0.0236543063074,
        "var": 0.118122145534
    },
    "spectral_spread": {
        "dmean": 488501.75,
        "dmean2": 690666.8125,
        "dvar": 1.07703225549e+12,
        "dvar2": 1.23345475994e+12,
        "max": 41676148,
        "mean": 4618644,
        "median": 4229226.5,
        "min": 2318263.75,
        "var": 3.36035499213e+12
    },
    "spectral_strongpeak": {
        "dmean": 0.398232787848,
        "dmean2": 0.705935299397,
        "dvar": 0.659740328789,
        "dvar2": 1.74725341797,
        "max": 9.93985939026,
        "mean": 0.649254500866,
        "median": 0.308047145605,
        "min": 0,
        "var": 1.0404843092
    },
    "zerocrossingrate": {
        "dmean": 0.0108670881018,
        "dmean2": 0.0129555910826,
        "dvar": 0.000253497215454,
        "dvar2": 0.000398345087888,
        "max": 0.49560546875,
        "mean": 0.0642816871405,
        "median": 0.05908203125,
        "min": 0.00732421875,
        "var": 0.00117049482651
    },
    "barkbands": {
        "dmean": [0.000192701132619, 0.00696599110961, 0.00464901281521, 0.00174656219315, 0.00200698734261, 0.000800970534328, 0.000710026943125, 0.00043851105147, 0.000694305868819, 0.000541112909559, 0.000388242624467, 0.000369792833226, 0.000343632360455, 0.00030519842403, 0.000301067455439, 0.000527669733856, 0.000472236046335, 0.000263079127762, 0.000264358561253, 0.000171957290149, 0.000153559289174, 0.000108793792606, 8.29011041787e-05, 8.16456595203e-05, 4.89261765324e-05, 2.03502022487e-05, 1.96777900641e-08],
        "dmean2": [0.000299731967971, 0.0112853115425, 0.00790243502706, 0.00281811412424, 0.00331802875735, 0.00132598588243, 0.00114699383266, 0.000696609204169, 0.0010784243932, 0.000808614247944, 0.000564414949622, 0.000586136069614, 0.000552035984583, 0.000496086082421, 0.000476798450109, 0.000871880794875, 0.000783417723142, 0.000437006732682, 0.000425480160629, 0.000278685067315, 0.000253252481343, 0.000171908104676, 0.000126049751998, 0.000122663463117, 7.21925316611e-05, 3.03456999973e-05, 3.57855540756e-08],
        "dvar": [1.07847739628e-07, 0.000233188358834, 6.35446340311e-05, 4.99874022353e-06, 1.25115675473e-05, 3.09393385578e-06, 3.21520701618e-06, 9.52163190959e-07, 1.74608169345e-06, 1.55203451868e-06, 1.16240551051e-06, 4.02255068366e-07, 3.99768453008e-07, 2.65016524281e-07, 2.23827058221e-07, 6.36293918888e-07, 3.46616701563e-07, 2.25763699291e-07, 1.38672277217e-07, 4.64673739486e-08, 5.0789608963e-08, 5.13851645678e-08, 4.79094524053e-08, 4.50533406138e-08, 1.37922340215e-08, 1.89142923546e-09, 3.82569545704e-15],
        "dvar2": [2.41263478529e-07, 0.00059067789698, 0.000186383811524, 1.4184707652e-05, 3.25160945067e-05, 7.84090843808e-06, 8.31357556308e-06, 2.28171325034e-06, 4.00602993977e-06, 3.38618156093e-06, 1.9952628918e-06, 9.55242626333e-07, 9.97493202703e-07, 6.97337384281e-07, 5.02047100781e-07, 1.68926169408e-06, 8.99017891243e-07, 5.67687038711e-07, 3.45619184827e-07, 1.25441346199e-07, 1.25939692452e-07, 1.08159461831e-07, 9.76788143703e-08, 1.0091996927e-07, 2.88609065535e-08, 4.16850198803e-09, 1.09665177804e-14],
        "max": [0.00354687054642, 0.129110455513, 0.0768806040287, 0.022546350956, 0.0437377989292, 0.020692281425, 0.0374302193522, 0.0201067570597, 0.0221648532897, 0.0298498254269, 0.0310774743557, 0.00952003709972, 0.0247030761093, 0.00897696055472, 0.0120636019856, 0.0145276840776, 0.00716617330909, 0.012887345627, 0.00566878495738, 0.00252796662971, 0.00403665518388, 0.00474002351984, 0.00371971353889, 0.00515338452533, 0.00278940261342, 0.00086620968068, 9.88104829958e-07],
        "mean": [0.000280961365206, 0.0094000576064, 0.0078961905092, 0.0032754719723, 0.00313533167355, 0.00114115525503, 0.0014801970683, 0.000764074909966, 0.00129468832165, 0.00105723238084, 0.000714039953891, 0.000657525553834, 0.000750484818127, 0.000514078361448, 0.000580964842811, 0.00102778803557, 0.000869846029673, 0.000425185833592, 0.000571966753341, 0.000407107174397, 0.000360083271516, 0.000208117591683, 0.000168623097125, 0.000173770953552, 0.000105311039079, 3.5318051232e-05, 1.4707571161e-08],
        "median": [0.000137593815452, 0.00557392369956, 0.00621087895706, 0.00265540624969, 0.00199168175459, 0.000551468110643, 0.000258633663179, 0.000207594493986, 0.00046728271991, 0.000292709184578, 0.000216443761019, 0.00035670294892, 0.000293791788863, 0.000292611075565, 0.000313944736263, 0.000637454155367, 0.000631347880699, 0.000268640025752, 0.000412074878113, 0.000326331966789, 0.00025431526592, 0.000110712760943, 7.5976808148e-05, 5.79881634621e-05, 3.29627364408e-05, 8.46195689519e-06, 1.73944691984e-09],
        "min": [8.18080628695e-24, 1.71517971877e-23, 8.22865464515e-24, 2.02292587527e-23, 1.03720252234e-22, 6.11863363501e-23, 3.83503908658e-23, 4.16810909808e-23, 1.10198882858e-22, 7.32878476003e-23, 4.48234426661e-23, 2.83122052666e-23, 4.93906506956e-23, 9.95501126077e-23, 6.0915738127e-23, 1.86615182415e-22, 1.70082955004e-22, 2.09650021822e-22, 3.60696059244e-22, 2.48617150454e-22, 5.29771317017e-22, 4.37203172467e-22, 6.6374413253e-22, 6.70891389036e-22, 1.18371989232e-21, 1.49023201161e-21, 2.47100841149e-21],
        "var": [1.66594674056e-07, 0.000217548600631, 5.63786379644e-05, 8.28470183478e-06, 1.56717978825e-05, 3.9084711716e-06, 1.20791246445e-05, 2.52351082963e-06, 4.93999004902e-06, 6.85330905981e-06, 4.10140137319e-06, 7.87265776125e-07, 2.7254741326e-06, 4.30746183611e-07, 8.19555793896e-07, 1.59746912232e-06, 7.65171876083e-07, 3.3748193573e-07, 3.96926736812e-07, 1.31612381438e-07, 1.45933626072e-07, 1.28440120761e-07, 1.08262099729e-07, 1.18497979429e-07, 4.45022045881e-08, 5.14409403962e-09, 2.52785886976e-15]
    },
    "erbbands": {
        "dmean": [0.145916953683, 1.84119331837, 5.39807748795, 5.38991308212, 7.152323246, 5.67849493027, 7.03191423416, 6.58257913589, 10.788892746, 7.5129904747, 10.0089187622, 14.0949392319, 17.2303829193, 13.2105340958, 15.9183826447, 11.7204093933, 14.7743339539, 13.2604837418, 14.1626691818, 16.8254699707, 33.1594467163, 25.9424743652, 14.5235548019, 12.6656589508, 12.9600334167, 7.84756565094, 6.86029100418, 5.28646326065, 3.6902153492, 3.50008487701, 2.24597430229, 1.95979905128, 1.20331454277, 0.656295955181, 0.319697320461, 0.108948133886, 0.0358852185309, 0.00429012579843, 8.28154225019e-05, 1.63138611242e-05],
        "dmean2": [0.233719915152, 3.11088442802, 9.41393756866, 8.57332324982, 11.8288621902, 9.37892627716, 11.6891069412, 10.9325275421, 17.4487724304, 12.3540124893, 15.6654996872, 22.1491546631, 25.9246082306, 19.6005516052, 23.8060398102, 18.6256771088, 23.5862197876, 21.345741272, 22.3238582611, 26.8480072021, 55.0138511658, 42.9220046997, 24.2850513458, 20.6534976959, 20.8564033508, 12.7444810867, 11.4280462265, 8.6118478775, 5.91592550278, 5.31545543671, 3.42559933662, 3.01691436768, 1.8670156002, 0.984297215939, 0.477077633142, 0.162219777703, 0.0530163869262, 0.00641631428152, 0.000123042671476, 2.63840574917e-05],
        "dvar": [0.108905702829, 17.2202358246, 107.096054077, 45.5140419006, 134.877258301, 111.027290344, 256.568603516, 241.905090332, 724.954833984, 378.27230835, 440.047973633, 781.781311035, 1265.67333984, 824.92956543, 1468.6673584, 421.511627197, 858.188842773, 580.11541748, 533.879516602, 616.624633789, 2765.06787109, 1057.86462402, 513.515686035, 607.724243164, 360.782989502, 102.900131226, 87.5325698853, 74.3228530884, 46.8409576416, 92.6756057739, 34.4115333557, 24.7610721588, 10.2167520523, 2.66808891296, 0.693412601948, 0.0600934140384, 0.00637777522206, 8.99109945749e-05, 2.95189224175e-08, 6.09328698609e-10],
        "dvar2": [0.240430980921, 46.6761550903, 315.496582031, 125.126281738, 357.438964844, 293.477386475, 691.753295898, 629.735290527, 1846.50854492, 929.891784668, 996.952270508, 1766.00756836, 2878.87329102, 1556.98937988, 2881.79882812, 1054.85742188, 2117.57641602, 1455.82324219, 1210.86706543, 1495.26623535, 7377.21777344, 2719.08398438, 1334.96643066, 1556.6697998, 905.281616211, 274.492340088, 229.742797852, 179.762023926, 98.3681182861, 181.507537842, 73.6674804688, 54.6517982483, 23.2862987518, 5.75920200348, 1.52139747143, 0.133300632238, 0.0139073422179, 0.000199844304007, 6.48629736588e-08, 1.57303559067e-09],
        "max": [2.67211818695, 34.4802818298, 84.5627746582, 79.0484085083, 130.561233521, 205.814682007, 265.242126465, 219.277542114, 502.981872559, 519.207641602, 380.019165039, 558.364074707, 694.754577637, 868.743041992, 953.54309082, 404.928314209, 1214.44555664, 518.163146973, 668.017272949, 603.744384766, 1005.01843262, 379.986114502, 388.203918457, 778.781982422, 274.923828125, 143.34413147, 158.624740601, 147.119812012, 113.489135742, 201.778884888, 101.958084106, 101.451400757, 73.656791687, 38.5708084106, 20.1807956696, 5.00621318817, 2.04347252846, 0.226700216532, 0.00423771049827, 0.000235732280998],
        "mean": [0.188324794173, 2.41858482361, 8.6507434845, 11.3022480011, 10.8064956665, 8.68038749695, 10.0238246918, 9.97420978546, 23.3125247955, 13.6418361664, 20.6530761719, 25.8354492188, 33.0132980347, 28.9038600922, 31.1391983032, 23.8779010773, 34.7232437134, 25.9203872681, 27.5125389099, 36.2926673889, 64.7674331665, 50.6632614136, 25.9602069855, 26.3878631592, 27.7747325897, 19.2034912109, 16.7603797913, 11.6758556366, 7.41895008087, 6.48392152786, 4.56260728836, 4.0380897522, 2.509547472, 1.43850898743, 0.624768674374, 0.202323049307, 0.0582021735609, 0.00616170465946, 0.000143279889016, 5.12666774739e-05],
        "median": [0.0788622424006, 1.50059103966, 6.61389160156, 9.43102550507, 7.08759832382, 5.08736038208, 4.44080638885, 4.89856719971, 4.4428653717, 4.54551029205, 6.63214349747, 10.9082269669, 11.5189743042, 10.7073822021, 14.2031593323, 14.6420412064, 14.2013816833, 15.0198736191, 16.6146030426, 21.987695694, 38.6173629761, 37.5346984863, 18.3371276855, 19.4702777863, 20.4723777771, 15.1958093643, 11.959736824, 7.83954811096, 4.19284534454, 2.96613287926, 1.95345878601, 1.36522805691, 0.846531510353, 0.425038605928, 0.19616535306, 0.0607820190489, 0.0117556359619, 0.000878082355484, 4.61072850158e-05, 4.57293135696e-05],
        "min": [4.53700033666e-22, 4.47958085531e-21, 1.07139534865e-20, 3.96901581989e-20, 8.91896444869e-20, 3.15162172334e-19, 4.69434872092e-19, 6.35571616582e-19, 6.44618801134e-19, 3.65390336887e-19, 1.07864837846e-18, 2.08757390987e-18, 2.2885796259e-18, 2.69896626167e-18, 1.4378711016e-18, 1.49782773734e-18, 2.76226522407e-18, 5.32807546625e-18, 2.88400139482e-18, 8.50230827502e-18, 9.81089394201e-18, 9.75700395229e-18, 1.00870920301e-17, 1.02108225333e-17, 2.0061321883e-17, 1.35843562389e-17, 1.69177725119e-17, 2.43572860487e-17, 1.80056175878e-17, 1.7105840296e-17, 1.81022405552e-17, 1.52463879098e-17, 1.02882598735e-17, 9.78209482181e-18, 8.55945901073e-18, 5.12766532026e-18, 2.85278483927e-18, 1.20107689938e-18, 2.89357239149e-19, 4.07361668576e-20],
        "var": [0.122881792486, 13.8255796432, 81.6164627075, 77.4858322144, 160.847366333, 151.105270386, 304.801757812, 300.753356934, 2924.87402344, 823.757263184, 1500.92297363, 1834.35498047, 4451.58642578, 3013.75268555, 4233.90673828, 881.875427246, 6487.80664062, 1110.38964844, 1775.24462891, 2055.44287109, 6961.89648438, 2510.60668945, 832.775695801, 1098.46118164, 840.213317871, 288.157989502, 271.609588623, 192.399597168, 122.313934326, 216.696777344, 73.8168182373, 61.6033096313, 25.2745895386, 8.36351966858, 1.9057353735, 0.162041574717, 0.0167649909854, 0.000212508035474, 7.48932862393e-08, 9.39495037322e-10]
    },
    "gfcc": {
        "mean": [24.970615387, 92.2328262329, -119.77557373, 56.2389297485, -46.6580696106, 23.0582332611, -34.6469154358, 14.0193414688, -25.2767906189, -2.12833690643, -20.2056999207, -4.63065624237, -8.74028110504],
        "cov": [[6734.99853516, -460.744506836, -517.211853027, -5.87906312943, -258.506225586, 79.1488113403, -179.568786621, 211.199691772, -104.226417542, 218.410476685, -48.7236404419, 99.6007385254, -57.5809326172], [-460.744506836, 1047.94763184, -432.379333496, -33.1153526306, 97.2172088623, -226.554534912, 194.566436768, -113.029945374, 119.563308716, -98.5502319336, 135.723434448, -136.032653809, 125.246917725], [-517.211853027, -432.379333496, 729.216308594, 81.6874465942, 6.35736513138, 124.060699463, -151.055404663, 6.23095273972, -48.7319793701, -27.4186058044, -74.2867965698, 79.176071167, -102.674385071], [-5.87906312943, -33.1153526306, 81.6874465942, 276.110046387, 37.3936691284, 17.2220611572, -12.3356399536, -40.7595176697, 32.4808006287, -63.031414032, 18.3676662445, -2.58564996719, 13.0411291122], [-258.506225586, 97.2172088623, 6.35736513138, 37.3936691284, 211.842834473, -18.0201911926, 45.4639091492, -1.63559222221, -11.5412931442, -16.4999351501, 8.67525863647, 9.50918579102, 15.9640846252], [79.1488113403, -226.554534912, 124.060699463, 17.2220611572, -18.0201911926, 181.176879883, 7.01296234131, 9.79050064087, -34.1435050964, -12.1024074554, -30.4981594086, 18.2903404236, -29.4781589508], [-179.568786621, 194.566436768, -151.055404663, -12.3356399536, 45.4639091492, 7.01296234131, 193.585540771, -10.2579927444, 11.104642868, -31.3131065369, 10.6067552567, -24.1020317078, 16.2706222534], [211.199691772, -113.029945374, 6.23095273972, -40.7595176697, -1.63559222221, 9.79050064087, -10.2579927444, 108.773162842, 3.36672973633, 29.6475410461, -16.0853252411, 9.99945926666, -8.56346321106], [-104.226417542, 119.563308716, -48.7319793701, 32.4808006287, -11.5412931442, -34.1435050964, 11.104642868, 3.36672973633, 105.232940674, 6.66682100296, 29.9910888672, -19.7964820862, 20.8951835632], [218.410476685, -98.5502319336, -27.4186058044, -63.031414032, -16.4999351501, -12.1024074554, -31.3131065369, 29.6475410461, 6.66682100296, 135.109176636, 11.256193161, 4.69302177429, 0.47512948513], [-48.7236404419, 135.723434448, -74.2867965698, 18.3676662445, 8.67525863647, -30.4981594086, 10.6067552567, -16.0853252411, 29.9910888672, 11.256193161, 86.0761032104, -10.0597248077, 22.0875968933], [99.6007385254, -136.032653809, 79.176071167, -2.58564996719, 9.50918579102, 18.2903404236, -24.1020317078, 9.99945926666, -19.7964820862, 4.69302177429, -10.0597248077, 89.3735961914, -8.94146823883], [-57.5809326172, 125.246917725, -102.674385071, 13.0411291122, 15.9640846252, -29.4781589508, 16.2706222534, -8.56346321106, 20.8951835632, 0.47512948513, 22.0875968933, -8.94146823883, 97.2155532837]],
        "icov": [[0.000256342784269, -0.00036802815157, 0.000419488264015, -0.000532110454515, 0.000365996413166, -0.000456179259345, 0.000506328069605, -0.00068077625474, 0.000558744766749, -0.00062089349376, 0.000487590092234, -0.00070399075048, 0.000504674389958], [-0.00036802815157, 0.00566901639104, -0.000383646751288, 0.00344707840122, -0.00211841776036, 0.00456138653681, -0.00328512839042, 0.00439403718337, -0.00382020627148, 0.00511613208801, -0.00502306688577, 0.00538347009569, -0.00328884483315], [0.000419488264015, -0.000383646751288, 0.00323810125701, -0.00127427384723, -7.35342619009e-05, -0.00182020594366, 0.0025794734247, -0.000698770512827, 0.000482630188344, -0.000421060365625, 0.00178671989124, -0.00221362314187, 0.00258924835362], [-0.000532110454515, 0.00344707840122, -0.00127427384723, 0.00750922737643, -0.0025637098588, 0.00213614967652, -0.00154795218259, 0.0045102131553, -0.00471231155097, 0.00560632999986, -0.00422774860635, 0.00397793157026, -0.00307237845846], [0.000365996413166, -0.00211841776036, -7.35342619009e-05, -0.0025637098588, 0.00667013414204, -0.000603210355621, -0.000488397781737, -0.00272398511879, 0.00329259526916, -0.00227673631161, 0.00136962451506, -0.00300221145153, 0.000491952581797], [-0.000456179259345, 0.00456138653681, -0.00182020594366, 0.00213614967652, -0.000603210355621, 0.0110869230703, -0.00475591234863, 0.00293107307516, -0.00122589746024, 0.0040670055896, -0.00333863217384, 0.00420398311689, -0.00245191692375], [0.000506328069605, -0.00328512839042, 0.0025794734247, -0.00154795218259, -0.000488397781737, -0.00475591234863, 0.00993234571069, -0.00246767629869, 0.00135728449095, -0.00130898365751, 0.00331468367949, -0.00287997419946, 0.00291929184459], [-0.00068077625474, 0.00439403718337, -0.000698770512827, 0.0045102131553, -0.00272398511879, 0.00293107307516, -0.00246767629869, 0.0149004692212, -0.00538726756349, 0.00265681371093, -0.00188538397197, 0.00376588082872, -0.00242597935721], [0.000558744766749, -0.00382020627148, 0.000482630188344, -0.00471231155097, 0.00329259526916, -0.00122589746024, 0.00135728449095, -0.00538726756349, 0.015584747307, -0.00473321974277, 0.000452638458228, -0.00226599536836, 0.00114256865345], [-0.00062089349376, 0.00511613208801, -0.000421060365625, 0.00560632999986, -0.00227673631161, 0.0040670055896, -0.00130898365751, 0.00265681371093, -0.00473321974277, 0.0144821004942, -0.00649380683899, 0.00491177430376, -0.00322192627937], [0.000487590092234, -0.00502306688577, 0.00178671989124, -0.00422774860635, 0.00136962451506, -0.00333863217384, 0.00331468367949, -0.00188538397197, 0.000452638458228, -0.00649380683899, 0.0196681059897, -0.00537368888035, 0.00222786539234], [-0.00070399075048, 0.00538347009569, -0.00221362314187, 0.00397793157026, -0.00300221145153, 0.00420398311689, -0.00287997419946, 0.00376588082872, -0.00226599536836, 0.00491177430376, -0.00537368888035, 0.0187161248177, -0.00423740083352], [0.000504674389958, -0.00328884483315, 0.00258924835362, -0.00307237845846, 0.000491952581797, -0.00245191692375, 0.00291929184459, -0.00242597935721, 0.00114256865345, -0.00322192627937, 0.00222786539234, -0.00423740083352, 0.0153169818223]]
    },
    "melbands": {
        "dmean": [0.00159749516752, 0.00269471737556, 0.000914724194445, 0.000465675693704, 0.00023806047102, 0.000147898681462, 0.000156989437528, 8.50179931149e-05, 8.69769719429e-05, 9.31786344154e-05, 9.1090449132e-05, 5.96978388785e-05, 5.67803290323e-05, 4.61806776002e-05, 3.49472575181e-05, 3.14368626277e-05, 2.57960437011e-05, 2.59114840446e-05, 2.32478760154e-05, 2.64666123257e-05, 4.25578800787e-05, 2.98938430205e-05, 2.02388418984e-05, 1.15397024274e-05, 1.12743737191e-05, 1.13839505502e-05, 7.74351065047e-06, 5.48319758309e-06, 4.99682664667e-06, 4.38505230704e-06, 2.93288508146e-06, 2.28531416724e-06, 2.17778983824e-06, 1.95753909793e-06, 1.37760184771e-06, 1.41451619129e-06, 1.20895856526e-06, 8.62373497057e-07, 8.24265384836e-07, 5.27496297309e-07],
        "dmean2": [0.00250794854946, 0.00468438584358, 0.00146023312118, 0.000767904566601, 0.000394735689042, 0.000243623289862, 0.000252857920714, 0.000139382391353, 0.00013670300541, 0.000146262449562, 0.000136555099743, 8.87612259248e-05, 8.19777487777e-05, 7.39909446565e-05, 5.67083989154e-05, 5.06707328896e-05, 4.19038951804e-05, 4.13223533542e-05, 3.72096583305e-05, 4.23379715357e-05, 7.09633532097e-05, 4.96659777127e-05, 3.40864062309e-05, 1.94794429262e-05, 1.85973894986e-05, 1.86184242921e-05, 1.2635391613e-05, 8.95235825737e-06, 8.45025715535e-06, 7.19535410099e-06, 4.85862483401e-06, 3.72867862097e-06, 3.35085974257e-06, 3.01779391521e-06, 2.14247961594e-06, 2.20380684368e-06, 1.87616808489e-06, 1.36499841119e-06, 1.26906900277e-06, 8.06100615591e-07],
        "dvar": [1.24913431137e-05, 2.99598814308e-05, 1.21431025946e-06, 6.44514500436e-07, 2.84029425757e-07, 1.13026111137e-07, 1.54681544018e-07, 4.39815188713e-08, 3.47114585963e-08, 3.56780418542e-08, 3.5425774314e-08, 1.72574612378e-08, 2.46236560031e-08, 7.16231074449e-09, 4.29158486526e-09, 2.82801559948e-09, 2.38070385628e-09, 1.87746174163e-09, 1.39885536488e-09, 1.12958509213e-09, 4.38068159525e-09, 1.51779644408e-09, 1.13015952152e-09, 4.00405791856e-10, 5.15498532749e-10, 3.24291038467e-10, 1.08576793389e-10, 5.14057685308e-11, 4.31933343259e-11, 4.16978916673e-11, 2.3201576077e-11, 1.58069737854e-11, 2.74827053476e-11, 3.00962726962e-11, 1.43413961262e-11, 9.891983066e-12, 1.0859015076e-11, 5.54861972341e-12, 5.30099835555e-12, 1.55528779959e-12],
        "dvar2": [2.92235326924e-05, 8.66085320013e-05, 3.38815334544e-06, 1.66962217918e-06, 7.7806845411e-07, 2.88773350121e-07, 3.9829222942e-07, 1.09390242642e-07, 7.91583190107e-08, 8.16820673322e-08, 7.9857514379e-08, 3.3899983265e-08, 4.2455408078e-08, 1.72160987688e-08, 1.05608091161e-08, 7.09315006731e-09, 6.06787864399e-09, 4.58827598138e-09, 3.3849167913e-09, 2.90476553921e-09, 1.1731208005e-08, 3.91027743518e-09, 2.91921042894e-09, 1.00944463899e-09, 1.32651833962e-09, 8.02429900304e-10, 2.80303918965e-10, 1.38732553223e-10, 1.19217177796e-10, 1.04368721998e-10, 5.57602505835e-11, 3.72972520923e-11, 5.47900093351e-11, 6.04084560152e-11, 3.21979838624e-11, 2.26362990852e-11, 2.51936787404e-11, 1.35428812262e-11, 1.0804885632e-11, 3.54335332776e-12],
        "max": [0.0284866597503, 0.0410653799772, 0.0115247452632, 0.00922701321542, 0.0093346145004, 0.00440325122327, 0.0078993383795, 0.00515159917995, 0.00395307363942, 0.00372195593081, 0.00391271710396, 0.003508169204, 0.00458206934854, 0.00126004184131, 0.00235265935771, 0.00152482022531, 0.0011030677706, 0.000968792766798, 0.000851263466757, 0.000417584000388, 0.00120823038742, 0.000506555836182, 0.000592637283262, 0.000422725948738, 0.000679504708387, 0.000265530281467, 0.000145729558426, 8.60872241901e-05, 8.72715172591e-05, 0.000141508484376, 7.08750521881e-05, 5.84041699767e-05, 0.000114551789011, 0.000103041784314, 7.27924489183e-05, 6.43706516712e-05, 7.04295380274e-05, 5.1099297707e-05, 8.48029740155e-05, 2.92036511382e-05],
        "mean": [0.00216377852485, 0.0042254566215, 0.00195266713854, 0.000711059081368, 0.000351482041879, 0.000223942173761, 0.000340774015058, 0.000148906052345, 0.000181183277164, 0.000164909870364, 0.000172036365257, 0.000126489787363, 0.000109428969154, 7.72242201492e-05, 7.38808521419e-05, 6.61447120365e-05, 4.58077192889e-05, 4.37791059085e-05, 4.39307987108e-05, 5.39554021088e-05, 7.76432716521e-05, 5.38656204299e-05, 3.30199909513e-05, 1.8724014808e-05, 2.12948216358e-05, 2.24291525228e-05, 1.60580566444e-05, 1.19258893392e-05, 1.09473276098e-05, 9.04752687347e-06, 5.83020391787e-06, 4.16418060922e-06, 3.84983104595e-06, 3.44365707861e-06, 2.51269466389e-06, 2.74514832199e-06, 2.29935858442e-06, 1.67122493622e-06, 1.64323830631e-06, 1.08666336018e-06],
        "median": [0.0011231363751, 0.00314703444019, 0.00165016611572, 0.000443242228357, 0.000167725986103, 0.000106215506094, 6.56310294289e-05, 4.86199423904e-05, 5.45005786989e-05, 6.37639677734e-05, 5.50968070456e-05, 4.06998442486e-05, 4.17739247496e-05, 3.94838607463e-05, 2.69681022473e-05, 2.89246254397e-05, 2.59244279732e-05, 2.40122171817e-05, 2.47610551014e-05, 3.25452674588e-05, 4.49346553069e-05, 3.74095798179e-05, 2.1695790565e-05, 1.19857595564e-05, 1.49545385284e-05, 1.54335994011e-05, 1.23486279335e-05, 8.89156217454e-06, 7.6222104326e-06, 6.00820885666e-06, 3.66930703422e-06, 2.3826519282e-06, 1.71130670878e-06, 1.5016796624e-06, 1.12352893211e-06, 9.795595588e-07, 7.16460590411e-07, 5.64418201066e-07, 4.7569753292e-07, 3.2773701264e-07],
        "min": [6.25522758288e-24, 7.26058268607e-24, 8.09732429279e-24, 1.56686960874e-23, 2.06890384427e-23, 1.39191146179e-23, 8.83232335313e-24, 5.01034354329e-24, 8.63795433697e-24, 1.51708759468e-23, 1.16306606863e-23, 1.16739612614e-23, 4.94053842508e-24, 4.0210543813e-24, 3.40447754233e-24, 7.2329480997e-24, 8.94730061892e-24, 4.31481632164e-24, 4.81137822907e-24, 1.35151626141e-23, 1.23534828897e-23, 1.02150939681e-23, 7.94960929943e-24, 8.67351381999e-24, 7.46750800125e-24, 1.49774346311e-23, 1.21265986047e-23, 7.72755047663e-24, 1.02865616106e-23, 1.05184299188e-23, 1.50978179607e-23, 9.6513455662e-24, 8.59362508726e-24, 8.5629131545e-24, 9.91218952426e-24, 1.0084998183e-23, 9.55732675693e-24, 7.05087426961e-24, 7.6324816935e-24, 8.40170785079e-24],
        "var": [1.32407567435e-05, 2.24088744289e-05, 2.06678828363e-06, 7.94049014985e-07, 3.48932445604e-07, 1.48806392986e-07, 6.3444127818e-07, 1.00492378863e-07, 1.25042788568e-07, 7.96602037667e-08, 1.32873850589e-07, 6.71012116982e-08, 8.66993303816e-08, 1.24560219916e-08, 2.48212987941e-08, 1.45162228904e-08, 3.83947229565e-09, 4.68043870328e-09, 4.29584368078e-09, 3.46314776856e-09, 1.04314414884e-08, 3.31533334119e-09, 1.8834596105e-09, 6.39105934841e-10, 8.5503365499e-10, 7.02859825896e-10, 2.35728769837e-10, 1.27812774253e-10, 1.18119083958e-10, 1.13089419773e-10, 5.30093538509e-11, 3.4751798661e-11, 6.932256158e-11, 6.50916334721e-11, 2.62634792386e-11, 2.40743727037e-11, 2.40849701294e-11, 1.03146458388e-11, 1.78815851015e-11, 4.59733249733e-12]
    },
    "mfcc": {
        "mean": [-611.077758789, 110.055656433, -3.22478437424, 36.1436805725, 14.4987897873, 12.1126317978, 7.68304824829, 9.90303421021, 7.31829738617, 3.26058220863, -5.09221029282, 1.18426001072, -0.829402089119],
        "cov": [[5025.03808594, -293.918762207, -439.95880127, -101.541259766, -179.159896851, -142.667251587, -28.9760017395, -125.36529541, 35.2451477051, 32.3833618164, 8.58180904388, 121.932754517, 40.8541564941], [-293.918762207, 873.432556152, -374.906494141, 98.1540603638, -106.280189514, -54.6157150269, 26.4831638336, -32.143245697, 8.79906749725, 16.5005092621, -8.70404529572, 26.6934490204, 25.8328495026], [-439.95880127, -374.906494141, 640.153381348, -37.8945541382, 150.584732056, 61.9898262024, -61.9131889343, 64.1079483032, -56.5375785828, -26.4785728455, 8.79243087769, -50.5385360718, -33.7570800781], [-101.541259766, 98.1540603638, -37.8945541382, 244.734054565, 49.2184104919, 24.5352935791, -11.8858594894, 32.9249839783, -14.8753604889, -6.80996513367, -4.52649450302, -17.2909545898, 3.33512544632], [-179.159896851, -106.280189514, 150.584732056, 49.2184104919, 216.881973267, 14.2451353073, -8.68709182739, 20.881231308, -21.7757415771, -13.1329011917, -16.86536026, -21.3827381134, -2.19791936874], [-142.667251587, -54.6157150269, 61.9898262024, 24.5352935791, 14.2451353073, 140.414672852, 31.8145771027, 36.6015968323, -0.786507070065, -17.9282455444, 7.00726366043, -17.1512985229, -10.995762825], [-28.9760017395, 26.4831638336, -61.9131889343, -11.8858594894, -8.68709182739, 31.8145771027, 126.448005676, 18.4918498993, 18.7605228424, -4.86442613602, -0.665000140667, 3.66823291779, -15.677063942], [-125.36529541, -32.143245697, 64.1079483032, 32.9249839783, 20.881231308, 36.6015968323, 18.4918498993, 155.591506958, -10.3097600937, -12.133649826, 10.4515504837, -40.8925056458, -23.0604534149], [35.2451477051, 8.79906749725, -56.5375785828, -14.8753604889, -21.7757415771, -0.786507070065, 18.7605228424, -10.3097600937, 91.3943328857, 18.0409488678, -10.3691902161, 9.66090011597, 3.36507749557], [32.3833618164, 16.5005092621, -26.4785728455, -6.80996513367, -13.1329011917, -17.9282455444, -4.86442613602, -12.133649826, 18.0409488678, 72.691192627, 14.8977594376, 11.8733139038, 2.26891136169], [8.58180904388, -8.70404529572, 8.79243087769, -4.52649450302, -16.86536026, 7.00726366043, -0.665000140667, 10.4515504837, -10.3691902161, 14.8977594376, 74.8293838501, 13.3977327347, -9.24712371826], [121.932754517, 26.6934490204, -50.5385360718, -17.2909545898, -21.3827381134, -17.1512985229, 3.66823291779, -40.8925056458, 9.66090011597, 11.8733139038, 13.3977327347, 79.2115631104, 27.6062774658], [40.8541564941, 25.8328495026, -33.7570800781, 3.33512544632, -2.19791936874, -10.995762825, -15.677063942, -23.0604534149, 3.36507749557, 2.26891136169, -9.24712371826, 27.6062774658, 64.8685913086]],
