{
"lowlevel": {
    "average_loudness": 0.583248317242,
    "barkbands_crest": {
        "dmean": 2.04812455177,
        "dmean2": 3.43160176277,
        "dvar": 3.83712887764,
        "dvar2": 11.0150356293,
        "max": 25.2719764709,
        "mean": 12.3699846268,
        "median": 11.7776737213,
        "min": 3.82897019386,
        "var": 17.011007309
    },
    "barkbands_flatness_db": {
        "dmean": 0.0221938304603,
        "dmean2": 0.0371030122042,
        "dvar": 0.000406402512453,
        "dvar2": 0.00111690151971,
        "max": 0.522038340569,
        "mean": 0.297653079033,
        "median": 0.28647428751,
        "min": 0.114320471883,
        "var": 0.00455571943894
    },
    "barkbands_kurtosis": {
        "dmean": 3.77544665337,
        "dmean2": 6.33662033081,
        "dvar": 36.2836265564,
        "dvar2": 111.887680054,
        "max": 106.98286438,
        "mean": 9.79709243774,
        "median": 5.59393024445,
        "min": -1.77219259739,
        "var": 132.338760376
    },
    "barkbands_skewness": {
        "dmean": 0.4619756639,
        "dmean2": 0.754093945026,
        "dvar": 0.225853249431,
        "dvar2": 0.630153894424,
        "max": 8.29650020599,
        "mean": 2.08378458023,
        "median": 1.94714570045,
        "min": -1.73518943787,
        "var": 2.16214632988
    },
    "barkbands_spread": {
        "dmean": 1.61177968979,
        "dmean2": 2.48876428604,
        "dvar": 9.91171646118,
        "dvar2": 15.3238325119,
        "max": 81.2954864502,
        "mean": 7.27645206451,
        "median": 6.11619615555,
        "min": 0.477010071278,
        "var": 55.572013855
    },
    "dissonance": {
        "dmean": 0.0293259322643,
        "dmean2": 0.0496441200376,
        "dvar": 0.000664545223117,
        "dvar2": 0.00182892009616,
        "max": 0.494491875172,
        "mean": 0.413214325905,
        "median": 0.419592171907,
        "min": 0.253712266684,
        "var": 0.00182376662269
    },
    "dynamic_complexity": 4.81533050537,
    "erbbands_crest": {
        "dmean": 2.21400213242,
        "dmean2": 3.51919269562,
        "dvar": 4.45549583435,
        "dvar2": 11.6088190079,
        "max": 33.4312782288,
        "mean": 12.4089717865,
        "median": 11.3588256836,
        "min": 3.2085185051,
        "var": 30.1585464478
    },
    "erbbands_flatness_db": {
        "dmean": 0.0131066199392,
        "dmean2": 0.0200437605381,
        "dvar": 0.000161149626365,
        "dvar2": 0.000328281865222,
        "max": 0.393821835518,
        "mean": 0.27708107233,
        "median": 0.279581606388,
        "min": 0.129850059748,
        "var": 0.00216399133205
    },
    "erbbands_kurtosis": {
        "dmean": 1.19238948822,
        "dmean2": 1.84188866615,
        "dvar": 3.78234839439,
        "dvar2": 8.15615844727,
        "max": 39.4681053162,
        "mean": 2.02443647385,
        "median": 0.609202623367,
        "min": -1.60088634491,
        "var": 21.7840671539
    },
    "erbbands_skewness": {
        "dmean": 0.308534413576,
        "dmean2": 0.497229933739,
        "dvar": 0.0973922908306,
        "dvar2": 0.240674346685,
        "max": 4.42838144302,
        "mean": 0.870835125446,
        "median": 0.805602014065,
        "min": -2.2035150528,
        "var": 0.519984066486
    },
    "erbbands_spread": {
        "dmean": 3.79700136185,
        "dmean2": 5.83247947693,
        "dvar": 27.4487190247,
        "dvar2": 50.1036758423,
        "max": 125.079277039,
        "mean": 22.4481525421,
        "median": 21.1041641235,
        "min": 1.91712534428,
        "var": 168.484832764
    },
    "hfc": {
        "dmean": 1.97564041615,
        "dmean2": 2.79533743858,
        "dvar": 14.9923858643,
        "dvar2": 29.3082046509,
        "max": 107.558738708,
        "mean": 8.77752304077,
        "median": 3.79857039452,
        "min": 7.1254260547e-05,
        "var": 159.034790039
    },
    "melbands_crest": {
        "dmean": 2.29957127571,
        "dmean2": 3.83899402618,
        "dvar": 5.2906498909,
        "dvar2": 14.6467952728,
        "max": 31.6196193695,
        "mean": 17.761346817,
        "median": 17.8143234253,
        "min": 6.29676103592,
        "var": 26.9617900848
    },
    "melbands_flatness_db": {
        "dmean": 0.0211519617587,
        "dmean2": 0.0332097746432,
        "dvar": 0.000488819205202,
        "dvar2": 0.00114173442125,
        "max": 0.649838745594,
        "mean": 0.373682022095,
        "median": 0.353850662708,
        "min": 0.113017767668,
        "var": 0.00916125345975
    },
    "melbands_kurtosis": {
        "dmean": 6.0882062912,
        "dmean2": 10.109588623,
        "dvar": 80.8412780762,
        "dvar2": 238.341827393,
        "max": 149.706375122,
        "mean": 18.0100059509,
        "median": 10.3336877823,
        "min": -1.52796041965,
        "var": 398.429718018
    },
    "melbands_skewness": {
        "dmean": 0.546467959881,
        "dmean2": 0.880551218987,
        "dvar": 0.306916236877,
        "dvar2": 0.803234279156,
        "max": 8.60399436951,
        "mean": 2.81602907181,
        "median": 2.64925408363,
        "min": -1.82027876377,
        "var": 3.52369618416
    },
    "melbands_spread": {
        "dmean": 1.88296604156,
        "dmean2": 3.00263905525,
        "dvar": 10.2429542542,
        "dvar2": 23.3785362244,
        "max": 79.7527236938,
        "mean": 8.4603099823,
        "median": 7.29895496368,
        "min": 0.488127857447,
        "var": 46.30128479
    },
    "pitch_salience": {
        "dmean": 0.0530545972288,
        "dmean2": 0.0909052938223,
        "dvar": 0.00259824981913,
        "dvar2": 0.00766325229779,
        "max": 0.753734469414,
        "mean": 0.435231178999,
        "median": 0.440833717585,
        "min": 0.0993234738708,
        "var": 0.01221747417
    },
    "silence_rate_20dB": {
        "dmean": 0,
        "dmean2": 0,
        "dvar": 0,
        "dvar2": 0,
        "max": 1,
        "mean": 1,
        "median": 1,
        "min": 1,
        "var": 0
    },
    "silence_rate_30dB": {
        "dmean": 0.00154918665066,
        "dmean2": 0.00309957377613,
        "dvar": 0.00154677825049,
        "dvar2": 0.0030899294652,
        "max": 1,
        "mean": 0.997677147388,
        "median": 1,
        "min": 0,
        "var": 0.00231740670279
    },
    "silence_rate_60dB": {
        "dmean": 0.0232378002256,
        "dmean2": 0.0464936085045,
        "dvar": 0.0226990040392,
        "dvar2": 0.0536288507283,
        "max": 1,
        "mean": 0.141695708036,
        "median": 0,
        "min": 0,
        "var": 0.121620371938
    },
    "spectral_centroid": {
        "dmean": 71.1807861328,
        "dmean2": 108.907691956,
        "dvar": 15649.8173828,
        "dvar2": 28976.4433594,
        "max": 3391.78735352,
        "mean": 510.972961426,
        "median": 464.062805176,
        "min": 142.861160278,
        "var": 96704.8828125
    },
    "spectral_complexity": {
        "dmean": 1.35321462154,
        "dmean2": 2.22084474564,
        "dvar": 2.19206571579,
        "dvar2": 4.68351125717,
        "max": 31,
        "mean": 8.75841999054,
        "median": 8,
        "min": 0,
        "var": 21.1231594086
    },
    "spectral_decrease": {
        "dmean": 1.1380391074e-09,
        "dmean2": 1.82748793875e-09,
        "dvar": 2.88162635248e-18,
        "dvar2": 7.28003973214e-18,
        "max": -5.44893008481e-14,
        "mean": -5.14179587796e-09,
        "median": -3.38172689851e-09,
        "min": -3.26254649963e-08,
        "var": 2.69880661581e-17
    },
    "spectral_energy": {
        "dmean": 0.00444912770763,
        "dmean2": 0.0071113887243,
        "dvar": 4.41382399003e-05,
        "dvar2": 0.000110336950456,
        "max": 0.132892176509,
        "mean": 0.0202024448663,
        "median": 0.0131885865703,
        "min": 2.12118109744e-07,
        "var": 0.000425671867561
    },
    "spectral_energyband_high": {
        "dmean": 2.85238547804e-05,
        "dmean2": 3.61081292795e-05,
        "dvar": 3.24337960933e-08,
        "dvar2": 3.5589028613e-08,
        "max": 0.00657169846818,
        "mean": 6.53616589261e-05,
        "median": 3.90087188862e-06,
        "min": 7.22527926378e-10,
        "var": 1.10282243782e-07
    },
    "spectral_energyband_low": {
        "dmean": 0.00249333726242,
        "dmean2": 0.00432854425162,
        "dvar": 2.5746794563e-05,
        "dvar2": 7.32009866624e-05,
        "max": 0.0952015519142,
        "mean": 0.00732986768708,
        "median": 0.00381355732679,
        "min": 1.17284535861e-07,
        "var": 7.75462540332e-05
    },
    "spectral_energyband_middle_high": {
        "dmean": 0.000940951809753,
        "dmean2": 0.0012666170951,
        "dvar": 1.10556784421e-05,
        "dvar2": 2.02065511985e-05,
        "max": 0.117834880948,
        "mean": 0.00290580419824,
        "median": 0.000621734943707,
        "min": 1.25433716747e-08,
        "var": 7.62748313718e-05
    },
    "spectral_energyband_middle_low": {
        "dmean": 0.00290566356853,
        "dmean2": 0.00454448489472,
        "dvar": 2.26991596719e-05,
        "dvar2": 5.28375676367e-05,
        "max": 0.108775861561,
        "mean": 0.012080071494,
        "median": 0.00701040588319,
        "min": 8.69544649618e-08,
        "var": 0.000214498490095
    },
    "spectral_entropy": {
        "dmean": 0.15317440033,
        "dmean2": 0.237787052989,
        "dvar": 0.0247590038925,
        "dvar2": 0.0548151619732,
        "max": 8.2909040451,
        "mean": 6.30283689499,
        "median": 6.3159198761,
        "min": 4.67817258835,
        "var": 0.318088084459
    },
    "spectral_flux": {
        "dmean": 0.0134517159313,
        "dmean2": 0.0217955242842,
        "dvar": 0.000292686978355,
        "dvar2": 0.000734512985218,
        "max": 0.228201121092,
        "mean": 0.0412560366094,
        "median": 0.0322197638452,
        "min": 0.000460562820081,
        "var": 0.000991483335383
    },
    "spectral_kurtosis": {
        "dmean": 12.6177597046,
        "dmean2": 22.4885826111,
        "dvar": 219.043395996,
        "dvar2": 670.834838867,
        "max": 157.683395386,
        "mean": 29.6404342651,
        "median": 16.9385471344,
        "min": -1.05452919006,
        "var": 882.48828125
    },
    "spectral_rms": {
        "dmean": 0.00044983861153,
        "dmean2": 0.00072621437721,
        "dvar": 2.78898937722e-07,
        "dvar2": 7.22294714706e-07,
        "max": 0.0113864345476,
        "mean": 0.00392641918734,
        "median": 0.00358704803512,
        "min": 1.43855659189e-05,
        "var": 4.2929209485e-06
    },
    "spectral_rolloff": {
        "dmean": 90.8025360107,
        "dmean2": 160.676132202,
        "dvar": 111593.9375,
        "dvar2": 217737.46875,
        "max": 7536.62109375,
        "mean": 548.733581543,
        "median": 495.263671875,
        "min": 129.19921875,
        "var": 365078.96875
    },
    "spectral_skewness": {
        "dmean": 0.875486314297,
        "dmean2": 1.55018782616,
        "dvar": 0.817060828209,
        "dvar2": 2.59986352921,
        "max": 10.0132875443,
        "mean": 3.40991950035,
        "median": 2.81678581238,
        "min": -0.0697566494346,
        "var": 3.46216654778
    },
    "spectral_spread": {
        "dmean": 318568.09375,
        "dmean2": 521915.8125,
        "dvar": 122980139008,
        "dvar2": 249594265600,
        "max": 8553009,
        "mean": 2099938.5,
        "median": 1857950.5,
        "min": 532556.1875,
        "var": 1.17965769933e+12
    },
    "spectral_strongpeak": {
        "dmean": 0.309789508581,
        "dmean2": 0.510068833828,
        "dvar": 0.357484668493,
        "dvar2": 0.859540522099,
        "max": 10.7341947556,
        "mean": 1.06432676315,
        "median": 0.51313662529,
        "min": 0.000523305265233,
        "var": 2.39188694954
    },
    "zerocrossingrate": {
        "dmean": 0.00290283397771,
        "dmean2": 0.00353772146627,
        "dvar": 2.43007834797e-05,
        "dvar2": 2.4403390853e-05,
        "max": 0.18603515625,
        "mean": 0.0223970431834,
        "median": 0.0205078125,
        "min": 0.00439453125,
        "var": 0.000259823049419
    },
    "barkbands": {
        "dmean": [3.37033384312e-06, 0.000242526031798, 0.0019716299139, 0.00102038937621, 0.00083967577666, 0.000449269486126, 0.000403110840125, 0.000395587703679, 0.00111649814062, 0.000805618299637, 6.54082614346e-05, 9.19139711186e-05, 6.41143196844e-05, 7.50622421037e-05, 2.52139125223e-05, 4.19224634243e-05, 2.15349864447e-05, 1.42889512063e-05, 1.19564010674e-05, 1.35970958581e-05, 6.79727418174e-06, 5.96349673287e-06, 6.2383196564e-06, 7.10833273843e-06, 1.40594795539e-06, 1.82511983304e-09, 9.45426514853e-10],
        "dmean2": [5.8657151385e-06, 0.00039988628123, 0.0034255515784, 0.00174903683364, 0.001425118302, 0.000660185236484, 0.000619451049715, 0.000535071594641, 0.00162978179287, 0.00104656163603, 0.000106580264401, 0.000140848438605, 9.63509082794e-05, 0.000112660665764, 4.03692647524e-05, 6.79459189996e-05, 3.35460717906e-05, 2.15826967178e-05, 1.78386544576e-05, 2.02073970286e-05, 1.02802378024e-05, 7.38132212064e-06, 7.61307956054e-06, 1.00839724837e-05, 2.19384082811e-06, 3.02797609208e-09, 1.75052428109e-09],
        "dvar": [5.10677368448e-11, 7.21622711808e-07, 1.92697589227e-05, 4.34255343862e-06, 2.47107732321e-06, 1.19443291169e-06, 5.30245756636e-07, 1.8968491986e-06, 1.55640518642e-05, 1.02065741885e-05, 3.72963562256e-08, 8.76870132061e-08, 6.19622824161e-08, 5.43917053619e-08, 6.76414257939e-09, 1.22495720234e-08, 2.75441092157e-09, 1.90386995058e-09, 1.26734711614e-09, 2.52706477966e-09, 1.18864040832e-09, 2.53578158471e-09, 3.52274920346e-09, 3.31394933717e-09, 9.52939047116e-11, 5.25539276018e-17, 2.33768168745e-18],
        "dvar2": [1.54259952034e-10, 1.762735792e-06, 5.60644148209e-05, 1.29358732011e-05, 7.1483514148e-06, 2.504844133e-06, 1.12845350486e-06, 3.79160610464e-06, 3.35143995471e-05, 1.86493525689e-05, 9.28802208477e-08, 2.10194514239e-07, 1.18133506533e-07, 1.15471394224e-07, 1.65141589292e-08, 3.22148068221e-08, 6.67535138277e-09, 4.3961585483e-09, 2.84860979249e-09, 5.06398389888e-09, 2.14533635301e-09, 3.76114028811e-09, 4.02394340071e-09, 5.55435342164e-09, 2.05845993029e-10, 1.17792266233e-16, 7.43006217111e-18],
        "max": [0.00010523077799, 0.034671202302, 0.0849762260914, 0.0456957146525, 0.0351422801614, 0.0270906202495, 0.0134478239343, 0.0511698238552, 0.100990630686, 0.112839616835, 0.00442774314433, 0.00788001250476, 0.00769177218899, 0.00692163221538, 0.00336429313757, 0.00340550765395, 0.00139321549796, 0.00123492069542, 0.000901563325897, 0.0017779560294, 0.00101209443528, 0.00179118767846, 0.00223153666593, 0.00181560043711, 0.000284976093099, 1.94735434889e-07, 1.72772853801e-08],
        "mean": [5.19834520674e-06, 0.000984612386674, 0.00443235924467, 0.00295034516603, 0.00227310648188, 0.00120812410023, 0.000996984890662, 0.000962011516094, 0.00327702844515, 0.00215853354894, 0.000137860741233, 0.000180259230547, 0.000136046553962, 0.000153700515511, 5.51642660866e-05, 0.000109177846753, 4.86613935209e-05, 3.03940851154e-05, 2.41221750912e-05, 2.78993411484e-05, 1.45869507833e-05, 9.21392256714e-06, 1.08472604552e-05, 1.40638812809e-05, 2.14444207813e-06, 2.17630002908e-09, 7.82240272557e-10],
        "median": [1.84963732863e-06, 0.000259458232904, 0.00191848631948, 0.00155012344476, 0.000926883716602, 0.000256165658357, 0.000280898471829, 9.63322381722e-05, 0.000102156715002, 0.000139599200338, 2.1171876142e-05, 5.60748921998e-05, 4.77650028188e-05, 4.90006823384e-05, 1.14286694952e-05, 2.21617301577e-05, 9.40760946833e-06, 5.7976858443e-06, 4.8099277592e-06, 2.5593715236e-06, 1.19621222439e-06, 2.38309610268e-07, 9.83262111731e-08, 1.12652777773e-07, 6.59005161552e-09, 4.45683795425e-10, 2.38855407675e-10],
        "min": [4.59148608023e-10, 1.49402836769e-08, 6.30308321092e-08, 5.64806734715e-09, 1.71476111088e-09, 1.05442392595e-08, 6.63578205717e-08, 1.43342360204e-09, 4.69649374946e-10, 5.56047208278e-09, 2.71637434768e-10, 1.929227611e-10, 1.91746574174e-09, 1.4939721682e-10, 1.23332666302e-09, 2.57774052104e-10, 5.53174672735e-10, 1.64341346087e-10, 3.01297098382e-10, 5.32957289412e-10, 1.55299814675e-10, 5.7283192946e-12, 4.41831510614e-12, 8.74784706478e-12, 6.17002542808e-12, 4.1655181908e-12, 5.7107916486e-12],
        "var": [6.9837080563e-11, 6.62274396745e-06, 3.86850151699e-05, 1.58187340276e-05, 1.33623943839e-05, 7.45837314753e-06, 2.77728986475e-06, 1.00638662843e-05, 0.000117604140542, 7.12095934432e-05, 1.50766567231e-07, 1.44352469533e-07, 1.21169279055e-07, 1.38796309557e-07, 2.80666956343e-08, 7.85881013599e-08, 1.0322729338e-08, 4.95079399698e-09, 3.01761282628e-09, 5.83364068163e-09, 2.68912958568e-09, 5.60082069612e-09, 1.04054587169e-08, 8.41164204957e-09, 1.79374626263e-10, 8.14644061713e-17, 2.17016127659e-18]
    },
    "erbbands": {
        "dmean": [0.00265081156977, 0.0825023651123, 1.49485564232, 3.33416771889, 3.21377682686, 2.13208317757, 3.58450508118, 3.57197165489, 7.04662704468, 3.32558178902, 13.1252555847, 25.8370666504, 23.6677455902, 11.5174407959, 2.66751456261, 3.12075209618, 2.76802611351, 2.72808432579, 2.65980768204, 1.86246490479, 1.79167878628, 1.36702501774, 0.737965643406, 0.62392437458, 0.543596208096, 0.673017978668, 0.296104729176, 0.310233801603, 0.21542544663, 0.201993554831, 0.174371615052, 0.174781262875, 0.103827960789, 0.0307374037802, 0.00249727955088, 0.000110199776827, 7.27764654584e-06, 1.3433410686e-06, 2.22821336138e-06, 4.99082489114e-06],
        "dmean2": [0.00418387306854, 0.137106969953, 2.58815097809, 5.77689647675, 5.67457818985, 3.47521448135, 5.3330206871, 5.14953660965, 10.8234071732, 4.99752187729, 18.3996982574, 37.6867294312, 31.6381607056, 16.2738380432, 4.10247278214, 4.69787788391, 4.21515655518, 4.1231675148, 3.99207901955, 2.98716235161, 2.87018179893, 2.08863139153, 1.10671436787, 0.927374184132, 0.814801871777, 0.992973923683, 0.444100826979, 0.45409744978, 0.264971077442, 0.252795398235, 0.223164319992, 0.231670871377, 0.150296002626, 0.0447547659278, 0.00407200027257, 0.000176210989594, 1.11382323666e-05, 2.07759853765e-06, 3.46386696037e-06, 7.91958973423e-06],
        "dvar": [4.82829636894e-05, 0.0655440837145, 11.3626346588, 38.6248550415, 44.8050270081, 20.5724544525, 62.9873466492, 81.3182754517, 174.445220947, 129.271224976, 1488.61706543, 8471.18457031, 8574.2265625, 2106.10546875, 39.8511657715, 102.481895447, 86.1384124756, 163.853668213, 46.6279907227, 26.165348053, 16.7776947021, 11.6301717758, 3.65031266212, 3.31417012215, 5.22603225708, 5.18059492111, 1.31026208401, 3.9710931778, 2.93474650383, 4.17360687256, 2.86840248108, 2.34455037117, 0.601622760296, 0.0484044291079, 0.0004530614533, 8.07226001598e-07, 1.88636661846e-09, 3.77915511385e-11, 1.20343552831e-11, 5.54820391019e-11],
        "dvar2": [0.000128646584926, 0.153419882059, 31.557220459, 114.97228241, 135.843780518, 48.8390731812, 156.874832153, 158.31968689, 367.585754395, 295.709747314, 3119.96362305, 19330.8652344, 15241.2255859, 3796.06420898, 88.049697876, 242.406845093, 184.301544189, 342.837646484, 104.489006042, 68.3971176147, 41.4693412781, 27.1661834717, 8.11971378326, 7.48616170883, 10.3787212372, 10.7504234314, 2.72695684433, 6.65342569351, 3.85978055, 7.07194852829, 4.03268289566, 4.26841449738, 1.0302888155, 0.104481630027, 0.00118180259597, 2.06301456274e-06, 4.06471167835e-09, 6.51660600481e-11, 2.69961917404e-11, 1.36575070697e-10],
        "max": [0.230043917894, 10.1905527115, 68.0531692505, 98.5807800293, 150.886566162, 98.5235977173, 128.860015869, 225.376342773, 243.191757202, 334.156951904, 952.59564209, 2408.92504883, 2951.85473633, 1995.12524414, 137.890167236, 323.866912842, 248.556945801, 410.504882812, 180.066955566, 143.88848877, 77.2722396851, 96.7229766846, 49.8850250244, 41.6880226135, 83.1428146362, 71.85597229, 27.8449211121, 72.74584198, 66.40625, 74.8310775757, 54.4777832031, 46.9106025696, 24.4782295227, 7.16091537476, 0.639551222324, 0.0268175844103, 0.00150211236905, 0.000220754634938, 6.87753490638e-05, 0.000155129455379],
        "mean": [0.011316196993, 0.345022320747, 3.94289541245, 9.110414505, 8.2351102829, 6.19987154007, 9.55373954773, 10.2731695175, 17.6295642853, 8.77022075653, 37.1033554077, 78.1667327881, 66.36277771, 28.9874591827, 6.11574459076, 6.89980554581, 6.55958509445, 5.35541343689, 6.26364326477, 4.80261468887, 4.444896698, 3.29093122482, 1.87645542622, 1.32476127148, 1.14855992794, 1.36872303486, 0.643335938454, 0.593709051609, 0.358869731426, 0.283230930567, 0.309691935778, 0.31022170186, 0.208697721362, 0.0495776310563, 0.00294319307432, 0.000149094033986, 1.67361395143e-05, 3.17436024488e-06, 1.0105032743e-05, 2.28103417612e-05],
        "median": [0.00456579681486, 0.0908452197909, 1.57205760479, 5.45059728622, 3.95031309128, 2.3937420845, 2.28837943077, 2.66879653931, 4.62117910385, 3.25483393669, 3.28674340248, 3.42720508575, 4.25109529495, 3.47529125214, 2.13543057442, 2.41364836693, 2.40566468239, 1.81554293633, 2.07259011269, 1.11722755432, 1.11572015285, 0.690303146839, 0.399254918098, 0.26448315382, 0.21956050396, 0.135881721973, 0.0660580545664, 0.0301546249539, 0.0111603168771, 0.00517958495766, 0.00382248265669, 0.00312128872611, 0.000958594144322, 0.000201358372578, 2.52056652243e-05, 1.21527909869e-05, 5.893051366e-06, 1.02035221516e-06, 6.43493785901e-06, 1.47356231537e-05],
        "min": [6.94544780799e-07, 1.4014257431e-05, 6.76210547681e-05, 4.67143399874e-05, 8.0638583313e-06, 5.90803983869e-06, 2.01811781153e-05, 0.000159879622515, 0.000974278256763, 0.000359047116945, 3.87665495509e-05, 1.5552750483e-05, 9.06280838535e-05, 0.000138409683132, 1.0495560673e-05, 2.00177273655e-05, 8.85062909219e-05, 1.9200027964e-05, 7.92459177319e-05, 1.9779208742e-05, 1.75470777322e-05, 3.0334414987e-05, 1.03687370938e-05, 1.5957015421e-05, 1.51431440827e-05, 2.40579411184e-05, 9.55863833951e-06, 5.29240378455e-06, 4.25653297498e-07, 1.96080080173e-07, 2.20349804181e-07, 9.48598312789e-07, 7.1329191087e-07, 1.45635723925e-07, 3.43432802197e-08, 1.52362193973e-08, 8.69972005546e-09, 3.19199600085e-09, 9.89245574345e-10, 3.33760324933e-10],
        "var": [0.000291890697554, 0.620752096176, 32.3637237549, 116.272636414, 180.421981812, 112.80002594, 289.938598633, 522.661987305, 901.332824707, 462.71975708, 9251.21191406, 66983.7109375, 59086.8476562, 10109.7939453, 133.877365112, 192.727172852, 194.032562256, 265.685791016, 182.424362183, 133.016098022, 73.9655990601, 47.1785888672, 14.1966295242, 8.14084911346, 10.0567684174, 12.4684839249, 3.22171711922, 8.19262123108, 7.25537538528, 7.83256673813, 8.089220047, 5.37097215652, 1.56891393661, 0.0936725065112, 0.000475789478514, 9.47311434629e-07, 3.67386387978e-09, 1.02376537803e-10, 1.12146153475e-10, 5.51980294805e-10]
    },
    "gfcc": {
        "mean": [-150.618331909, 204.009536743, -130.124908447, 14.7205591202, -39.3980178833, -8.02353954315, -21.6206378937, -13.0062665939, -10.3054428101, -23.7509899139, -5.89122819901, -29.3018512726, -0.119826517999],
        "cov": [[9402.5859375, -2741.94140625, -1275.54870605, 1252.44213867, -2044.6739502, 687.698364258, -365.674804688, 790.00213623, -46.2866401672, -114.798461914, 301.264343262, -546.388000488, 744.301635742], [-2741.94140625, 1509.43835449, 307.180267334, -621.652526855, 1006.83007812, -409.42791748, 317.933685303, -327.288360596, 147.811950684, 49.2194328308, -148.811416626, 241.124969482, -355.90435791], [-1275.54870605, 307.180267334, 647.217590332, -98.0391082764, 279.727355957, -0.645014286041, -29.2245254517, -109.56918335, -80.8142089844, 25.6787986755, -94.7415618896, -7.80216693878, -88.4729156494], [1252.44213867, -621.652526855, -98.0391082764, 491.71697998, -375.140991211, 187.517745972, -96.05909729, 94.7944412231, -10.6687822342, 4.01410198212, 92.691986084, -89.418182373, 140.636871338], [-2044.6739502, 1006.83007812, 279.727355957, -375.140991211, 874.420776367, -255.249450684, 198.73298645, -194.561752319, 74.8572158813, 39.4883918762, -128.070083618, 181.854660034, -245.482650757], [687.698364258, -409.42791748, -0.645014286041, 187.517745972, -255.249450684, 248.4974823, -45.9217567444, 99.3938522339, -11.3908548355, 6.95270061493, 55.2444763184, -79.3665847778, 92.055809021], [-365.674804688, 317.933685303, -29.2245254517, -96.05909729, 198.73298645, -45.9217567444, 282.692779541, -53.216709137, 92.3093261719, 58.4476852417, -48.230506897, 52.6343269348, -140.787948608], [790.00213623, -327.288360596, -109.56918335, 94.7944412231, -194.561752319, 99.3938522339, -53.216709137, 257.121551514, 15.0800828934, 0.417936503887, 72.6091918945, -65.3160171509, 114.382553101], [-46.2866401672, 147.811950684, -80.8142089844, -10.6687822342, 74.8572158813, -11.3908548355, 92.3093261719, 15.0800828934, 172.639160156, 38.5980300903, 21.557800293, 51.6264457703, -77.4123077393], [-114.798461914, 49.2194328308, 25.6787986755, 4.01410198212, 39.4883918762, 6.95270061493, 58.4476852417, 0.417936503887, 38.5980300903, 104.604690552, 14.4027099609, 19.2469234467, -21.7377281189], [301.264343262, -148.811416626, -94.7415618896, 92.691986084, -128.070083618, 55.2444763184, -48.230506897, 72.6091918945, 21.557800293, 14.4027099609, 121.39201355, 1.46700644493, 54.4771118164], [-546.388000488, 241.124969482, -7.80216693878, -89.418182373, 181.854660034, -79.3665847778, 52.6343269348, -65.3160171509, 51.6264457703, 19.2469234467, 1.46700644493, 149.087524414, -60.5307540894], [744.301635742, -355.90435791, -88.4729156494, 140.636871338, -245.482650757, 92.055809021, -140.787948608, 114.382553101, -77.4123077393, -21.7377281189, 54.4771118164, -60.5307540894, 230.532165527]],
        "icov": [[0.00037152148434, -0.000109996210085, 0.000517225998919, -0.000509848294314, 0.000424974161433, -0.000151143322, 4.79605914734e-05, -0.000513460021466, -1.40307438414e-05, 2.44395391746e-06, 0.000630659575108, 0.000369976070942, -0.000119212345453], [-0.000109996210085, 0.0146828740835, -0.00430183066055, 0.0084146829322, -0.00896013434976, 0.00869546737522, -0.0075190323405, 0.00900064129382, -0.00954924244434, 0.00373291084543, -0.00961707998067, 0.00351781607606, -0.00549081480131], [0.000517225998919, -0.00430183066055, 0.00480682961643, -0.0031074420549, 0.00176362169441, -0.00431775068864, 0.00388772925362, -0.00298091163859, 0.00426525203511, -0.00268090819009, 0.00496866926551, 0.000118866249977, 0.00292118662037], [-0.000509848294314, 0.0084146829322, -0.0031074420549, 0.00902828201652, -0.00473590521142, 0.00368533586152, -0.00422970112413, 0.00650909822434, -0.0061889635399, 0.0018379377434, -0.00734733743593, 0.00222183484584, -0.00397595809773], [0.000424974161433, -0.00896013434976, 0.00176362169441, -0.00473590521142, 0.0090991910547, -0.00376121909358, 0.00349367945455, -0.00593672133982, 0.00505138328299, -0.00209965975955, 0.00704256817698, -0.00377126666717, 0.00347516592592], [-0.000151143322, 0.00869546737522, -0.00431775068864, 0.00368533586152, -0.00376121909358, 0.0131981791928, -0.0060066585429, 0.00442478386685, -0.00659591890872, 0.00243695918471, -0.00727197481319, 0.00323380250484, -0.00454966491088], [4.79605914734e-05, -0.0075190323405, 0.00388772925362, -0.00422970112413, 0.00349367945455, -0.0060066585429, 0.0112306643277, -0.0049139270559, 0.00408338895068, -0.0053300447762, 0.00787280779332, -0.00183946394827, 0.006250155624], [-0.000513460021466, 0.00900064129382, -0.00298091163859, 0.00650909822434, -0.00593672133982, 0.00442478386685, -0.0049139270559, 0.0129293883219, -0.00796617660671, 0.00242517678998, -0.00907812267542, 0.0043082521297, -0.00623622536659], [-1.40307438414e-05, -0.00954924244434, 0.00426525203511, -0.0061889635399, 0.00505138328299, -0.00659591890872, 0.00408338895068, -0.00796617660671, 0.0167969018221, -0.00442993221804, 0.00514444662258, -0.00477709202096, 0.00792713556439], [2.44395391746e-06, 0.00373291084543, -0.00268090819009, 0.0018379377434, -0.00209965975955, 0.00243695918471, -0.0053300447762, 0.00242517678998, -0.00442993221804, 0.0136949140579, -0.00536359474063, 0.000381324905902, -0.00289096147753], [0.000630659575108, -0.00961707998067, 0.00496866926551, -0.00734733743593, 0.00704256817698, -0.00727197481319, 0.00787280779332, -0.00907812267542, 0.00514444662258, -0.00536359474063, 0.0216791555285, -0.00519590266049, 0.00395558774471], [0.000369976070942, 0.00351781607606, 0.000118866249977, 0.00222183484584, -0.00377126666717, 0.00323380250484, -0.00183946394827, 0.0043082521297, -0.00477709202096, 0.000381324905902, -0.00519590266049, 0.0132065406069, -0.0025142445229], [-0.000119212345453, -0.00549081480131, 0.00292118662037, -0.00397595809773, 0.00347516592592, -0.00454966491088, 0.006250155624, -0.00623622536659, 0.00792713556439, -0.00289096147753, 0.00395558774471, -0.0025142445229, 0.0130153289065]]
    },
    "melbands": {
        "dmean": [4.20671058237e-05, 0.000565321883187, 0.000557501334697, 0.000189138168935, 0.000116326518764, 8.60707368702e-05, 9.53598719207e-05, 4.95313033753e-05, 0.000136802176712, 0.000152156877448, 0.000123404999613, 6.19314523647e-05, 8.69478208188e-06, 1.02989142761e-05, 9.47425633058e-06, 4.9178579502e-06, 5.64567835681e-06, 5.56266104468e-06, 1.97688632397e-06, 3.25427481584e-06, 2.03140234589e-06, 1.47602918332e-06, 8.68016456934e-07, 8.06561843092e-07, 5.24076313013e-07, 4.8113986395e-07, 4.60399292024e-07, 4.72657831097e-07, 2.12328174598e-07, 1.69013006257e-07, 2.01958243906e-07, 1.40279624361e-07, 9.09337387611e-08, 1.27232539171e-07, 1.03408581253e-07, 1.1973101266e-07, 1.15939087664e-07, 8.53614068319e-08, 5.23246228568e-08, 1.87745641256e-08],
        "dmean2": [6.90235901857e-05, 0.000978102441877, 0.000971862580627, 0.000323059910443, 0.000174085434992, 0.000124211786897, 0.000147284255945, 7.021244528e-05, 0.000198940644623, 0.000218667264562, 0.00016384308401, 8.76020058058e-05, 1.39981530083e-05, 1.54922436195e-05, 1.45207040987e-05, 7.42275506127e-06, 8.64616595209e-06, 8.32110981719e-06, 3.14139583679e-06, 5.36702918907e-06, 3.25398559653e-06, 2.30344789998e-06, 1.32991976898e-06, 1.19195021853e-06, 8.04292596968e-07, 7.14841917215e-07, 7.26827579456e-07, 7.04527394646e-07, 3.25662085743e-07, 2.56171176716e-07, 2.99544893778e-07, 1.81489895112e-07, 1.18256522796e-07, 1.61999906823e-07, 1.29932544723e-07, 1.72953448896e-07, 1.55693712145e-07, 1.24000578694e-07, 7.63676482052e-08, 2.9552760239e-08],
        "dvar": [2.05382573171e-08, 1.60314903042e-06, 9.61972659752e-07, 1.36166093512e-07, 6.37887964672e-08, 4.11377811815e-08, 3.05532132927e-08, 3.59022251928e-08, 1.90109446407e-07, 2.88398155135e-07, 2.3942544658e-07, 6.78459031178e-08, 5.38697753072e-10, 9.99921923039e-10, 1.77619019492e-09, 5.3591686644e-10, 6.05976435697e-10, 2.14696080358e-10, 4.26217186544e-11, 1.12033909927e-10, 2.18225229554e-11, 1.58155606667e-11, 4.13029593166e-12, 7.71487040918e-12, 2.42668819067e-12, 2.46810514734e-12, 5.24751379502e-12, 2.18276243434e-12, 6.24620201482e-13, 7.26750690877e-13, 2.09948941912e-12, 1.2936174484e-12, 8.10316115422e-13, 1.71033478179e-12, 8.83862156641e-13, 1.51348443327e-12, 8.73000510857e-13, 3.62781067123e-13, 2.06319702534e-13, 1.86978084654e-14],
        "dvar2": [5.26841077431e-08, 4.42457348981e-06, 2.83244935417e-06, 3.9005234953e-07, 1.60943244509e-07, 8.19609411451e-08, 6.58950440879e-08, 7.60145439926e-08, 4.26616878713e-07, 6.14490488715e-07, 4.32422751828e-07, 1.21097684769e-07, 1.29902799628e-09, 2.16652917828e-09, 4.19819112807e-09, 9.76267400254e-10, 1.30148791744e-09, 4.72063277357e-10, 1.03424518949e-10, 2.99967883866e-10, 5.41162011036e-11, 3.85409516801e-11, 9.71307149294e-12, 1.68693566061e-11, 5.59910668177e-12, 5.33620283377e-12, 1.02584087058e-11, 4.73892279584e-12, 1.35213899539e-12, 1.54388264326e-12, 3.75603931638e-12, 1.81445527006e-12, 1.57636664139e-12, 3.01036539446e-12, 1.1472897285e-12, 3.30159966207e-12, 1.66628072017e-12, 5.93323784201e-13, 4.4421394731e-13, 4.80589892426e-14],
        "max": [0.00567173212767, 0.0251333024353, 0.0179792791605, 0.00913361925632, 0.00472945719957, 0.00505291530862, 0.0031210151501, 0.00663826148957, 0.0106237847358, 0.0129075869918, 0.0157109685242, 0.0109227076173, 0.000491421320476, 0.000720755371731, 0.00167610682547, 0.000778080313466, 0.000801664136816, 0.000400670833187, 0.000307632930344, 0.000356586213456, 7.83262366895e-05, 0.000118904958072, 3.87784384657e-05, 9.35885909712e-05, 4.13380294049e-05, 4.29489155067e-05, 8.12206562841e-05, 4.75922206533e-05, 1.9343180611e-05, 3.11357762257e-05, 4.94885462103e-05, 4.67772879347e-05, 3.79715384042e-05, 4.760754382e-05, 3.31783267029e-05, 3.79574412364e-05, 3.00003248412e-05, 1.86311681318e-05, 1.76658577402e-05, 4.25834878115e-06],
        "mean": [0.000171265885001, 0.00153314636555, 0.00154428218957, 0.000520095985848, 0.000327306683175, 0.000247711403063, 0.000233531420236, 0.000121404256788, 0.000405032100389, 0.000440494011855, 0.000342048384482, 0.000152526699821, 1.92447987502e-05, 1.8291073502e-05, 2.11343776755e-05, 1.00506713352e-05, 1.04191567516e-05, 1.23491927297e-05, 4.36353548139e-06, 8.6122099674e-06, 4.24109748565e-06, 3.31138721776e-06, 1.9649044134e-06, 1.63300512668e-06, 9.90572175397e-07, 9.27917824356e-07, 8.68920437824e-07, 9.21441198898e-07, 4.02971352287e-07, 3.32476531639e-07, 3.5348702454e-07, 2.24066226906e-07, 1.26936797074e-07, 1.69698481045e-07, 1.7489382742e-07, 1.80360487434e-07, 2.01136657552e-07, 1.71190663423e-07, 8.62686917458e-08, 2.47868925385e-08],
        "median": [5.36189945706e-05, 0.000600459985435, 0.00103617727291, 0.00022496523161, 8.04227674962e-05, 6.17052210146e-05, 5.97618818574e-05, 2.25645944738e-05, 2.57624942606e-05, 1.44328159877e-05, 1.73781572812e-05, 1.51624726641e-05, 4.1845096348e-06, 5.71570535612e-06, 6.60864589008e-06, 3.25274845636e-06, 3.08604171551e-06, 3.49588481185e-06, 8.91322031293e-07, 1.42464557484e-06, 1.10545045118e-06, 5.62127411285e-07, 5.08322784754e-07, 2.22932470706e-07, 1.83300869594e-07, 1.72931891029e-07, 7.95527270725e-08, 7.750539055e-08, 4.03763138479e-08, 2.76909144503e-08, 1.25676251628e-08, 5.99948890567e-09, 2.36960939759e-09, 1.95338945019e-09, 9.65924340512e-10, 1.60435209562e-09, 1.27228394486e-09, 6.93264556872e-10, 3.05223291086e-10, 8.39465510993e-11],
        "min": [4.38125491442e-09, 3.05537390943e-08, 7.36340233232e-09, 3.59004798112e-10, 5.73539493676e-10, 2.97938740346e-09, 1.50306327384e-08, 2.83659229439e-09, 2.21883900142e-10, 7.22956139398e-11, 5.06772013242e-10, 6.46198761167e-10, 2.88676981625e-11, 1.8248784428e-11, 1.65028171684e-10, 1.37641065212e-10, 2.00972693348e-11, 1.17053144955e-10, 6.31762489545e-11, 1.28889407827e-11, 2.35594148357e-11, 3.28201910094e-11, 1.61110638719e-11, 3.31579360323e-12, 1.43556833088e-11, 9.55008034459e-12, 1.45427142551e-11, 1.55262903229e-11, 4.27762165967e-12, 3.87836854646e-12, 1.82084859343e-12, 1.10703465709e-13, 1.31494072358e-13, 9.11890260026e-14, 7.89798253382e-14, 2.50903545987e-13, 7.78716216401e-14, 1.16530456075e-13, 7.47430275224e-14, 6.27827596768e-14],
        "var": [1.57848404569e-07, 5.08147149958e-06, 2.9112068205e-06, 8.0806267988e-07, 3.23757660681e-07, 2.67970108325e-07, 1.53482204723e-07, 1.56178671773e-07, 1.35343225338e-06, 2.12824238588e-06, 1.68738449702e-06, 3.23156058357e-07, 2.28521113144e-09, 1.75253278556e-09, 2.85061840799e-09, 1.01086927717e-09, 1.00308705786e-09, 8.1371054339e-10, 1.88742729779e-10, 7.62744312155e-10, 5.79739971307e-11, 6.3080270174e-11, 1.17348405299e-11, 2.20017927488e-11, 5.40889295159e-12, 5.10682425167e-12, 9.46365381893e-12, 5.31689232572e-12, 1.3912705623e-12, 1.28309895261e-12, 3.9896723078e-12, 3.03569300773e-12, 1.33862083744e-12, 3.06673393277e-12, 2.61867654297e-12, 2.871377398e-12, 1.88175083154e-12, 9.79108938023e-13, 3.6203359104e-13, 2.43379535275e-14]
    },
    "mfcc": {
        "mean": [-774.332580566, 202.203964233, 0.0984798148274, 13.2818098068, 10.6094961166, -2.37166285515, 4.06317663193, -3.52935433388, 2.10204577446, 0.290828734636, -8.90694904327, -0.236319482327, -10.9140443802],
        "cov": [[7574.17431641, -1416.94287109, -1129.71984863, 636.508300781, -877.426330566, -597.153137207, 235.661071777, -218.739379883, 231.437347412, 365.746704102, -240.307250977, 120.625350952, -442.258178711], [-1416.94287109, 1200.89416504, -102.865135193, -131.446365356, 267.84954834, 130.722000122, -59.0109786987, 121.881629944, -17.8593521118, -50.1591682434, 163.721084595, -37.9030990601, 147.192214966], [-1129.71984863, -102.865135193, 607.786193848, -108.365013123, 101.564445496, 168.045852661, -23.0843734741, -17.1148757935, -34.4966163635, -51.6679763794, -24.519493103, 8.91757202148, 45.1325416565], [636.508300781, -131.446365356, -108.365013123, 256.969421387, -42.7118530273, -33.4645957947, 46.2500305176, -31.431388855, 32.0686912537, 37.4715385437, -31.3701953888, 29.7997398376, -33.7367706299], [-877.426330566, 267.84954834, 101.564445496, -42.7118530273, 360.648498535, 25.4466018677, -8.67331981659, 36.8360748291, -3.28438782692, -53.7763061523, -31.3905830383, 25.3133964539, 68.2540283203], [-597.153137207, 130.722000122, 168.045852661, -33.4645957947, 25.4466018677, 283.653167725, -27.1454658508, 37.1422729492, -25.209280014, -7.30517244339, 75.9612731934, -37.1523246765, 68.9218902588], [235.661071777, -59.0109786987, -23.0843734741, 46.2500305176, -8.67331981659, -27.1454658508, 150.099761963, -28.8352603912, 49.4907531738, 39.5517883301, -17.0663509369, 3.80668902397, -44.2753677368], [-218.739379883, 121.881629944, -17.1148757935, -31.431388855, 36.8360748291, 37.1422729492, -28.8352603912, 146.973220825, -17.0007343292, 19.7356815338, 71.476852417, -10.8485383987, 52.2986412048], [231.437347412, -17.8593521118, -34.4966163635, 32.0686912537, -3.28438782692, -25.209280014, 49.4907531738, -17.0007343292, 122.249588013, 30.1551876068, -8.94502639771, 14.5317974091, -26.8199977875], [365.746704102, -50.1591682434, -51.6679763794, 37.4715385437, -53.7763061523, -7.30517244339, 39.5517883301, 19.7356815338, 30.1551876068, 141.581375122, 46.8359146118, 15.4373111725, -8.57301139832], [-240.307250977, 163.721084595, -24.519493103, -31.3701953888, -31.3905830383, 75.9612731934, -17.0663509369, 71.476852417, -8.94502639771, 46.8359146118, 211.851974487, 2.04115319252, 59.662071228], [120.625350952, -37.9030990601, 8.91757202148, 29.7997398376, 25.3133964539, -37.1523246765, 3.80668902397, -10.8485383987, 14.5317974091, 15.4373111725, 2.04115319252, 99.4421005249, 8.14337062836], [-442.258178711, 147.192214966, 45.1325416565, -33.7367706299, 68.2540283203, 68.9218902588, -44.2753677368, 52.2986412048, -26.8199977875, -8.57301139832, 59.662071228, 8.14337062836, 118.44947052]],
