{
"lowlevel": {
    "average_loudness": 0.947604477406,
    "barkbands_crest": {
        "dmean": 1.93164479733,
        "dmean2": 2.96850800514,
        "dvar": 3.94640755653,
        "dvar2": 8.69646835327,
        "max": 20.1639881134,
        "mean": 10.617609024,
        "median": 10.2551984787,
        "min": 2.39410662651,
        "var": 18.4677295685
    },
    "barkbands_flatness_db": {
        "dmean": 0.016222262755,
        "dmean2": 0.024559084326,
        "dvar": 0.000243753864197,
        "dvar2": 0.000559427891858,
        "max": 0.274968236685,
        "mean": 0.157440632582,
        "median": 0.157301619649,
        "min": 0.0721742585301,
        "var": 0.00112480600365
    },
    "barkbands_kurtosis": {
        "dmean": 1.23983800411,
        "dmean2": 1.92215418816,
        "dvar": 2.28168559074,
        "dvar2": 4.79437208176,
        "max": 26.9977760315,
        "mean": 1.51365101337,
        "median": 0.660236597061,
        "min": -1.80974316597,
        "var": 9.57851791382
    },
    "barkbands_skewness": {
        "dmean": 0.407443106174,
        "dmean2": 0.599590599537,
        "dvar": 0.182726874948,
        "dvar2": 0.358574599028,
        "max": 4.70513248444,
        "mean": 1.26451539993,
        "median": 1.34828948975,
        "min": -1.59207987785,
        "var": 0.976246237755
    },
    "barkbands_spread": {
        "dmean": 4.95775556564,
        "dmean2": 7.74849700928,
        "dvar": 28.1847496033,
        "dvar2": 61.8441009521,
        "max": 69.7649612427,
        "mean": 27.2221336365,
        "median": 26.2324352264,
        "min": 4.91138076782,
        "var": 98.5723495483
    },
    "dissonance": {
        "dmean": 0.00911283027381,
        "dmean2": 0.0153998089954,
        "dvar": 0.000101419405837,
        "dvar2": 0.000265798415057,
        "max": 0.49968791008,
        "mean": 0.481762826443,
        "median": 0.485258251429,
        "min": 0.356860816479,
        "var": 0.000201626680791
    },
    "dynamic_complexity": 2.39659714699,
    "erbbands_crest": {
        "dmean": 1.84397220612,
        "dmean2": 2.98299646378,
        "dvar": 2.85409426689,
        "dvar2": 7.48005580902,
        "max": 22.8494205475,
        "mean": 6.96774244308,
        "median": 6.20972919464,
        "min": 2.85134100914,
        "var": 8.08773422241
    },
    "erbbands_flatness_db": {
        "dmean": 0.0114773893729,
        "dmean2": 0.0165267288685,
        "dvar": 0.000112426867418,
        "dvar2": 0.000227361480938,
        "max": 0.293958514929,
        "mean": 0.191209360957,
        "median": 0.189828187227,
        "min": 0.130288302898,
        "var": 0.000452537729871
    },
    "erbbands_kurtosis": {
        "dmean": 0.552111744881,
        "dmean2": 0.872757732868,
        "dvar": 0.361725687981,
        "dvar2": 0.854819118977,
        "max": 9.19466590881,
        "mean": 0.137519136071,
        "median": -0.0390594005585,
        "min": -1.61019170284,
        "var": 1.20172762871
    },
    "erbbands_skewness": {
        "dmean": 0.221804827452,
        "dmean2": 0.338279426098,
        "dvar": 0.0371719524264,
        "dvar2": 0.0857336223125,
        "max": 1.28049182892,
        "mean": -0.510981202126,
        "median": -0.513862550259,
        "min": -2.54401707649,
        "var": 0.233914658427
    },
    "erbbands_spread": {
        "dmean": 6.35753822327,
        "dmean2": 9.59998130798,
        "dvar": 33.5545768738,
        "dvar2": 73.655418396,
        "max": 88.5912017822,
        "mean": 40.0336456299,
        "median": 38.8143157959,
        "min": 6.25638437271,
        "var": 187.984695435
    },
    "hfc": {
        "dmean": 5.48849010468,
        "dmean2": 8.22699832916,
        "dvar": 126.945579529,
        "dvar2": 309.030670166,
        "max": 149.815505981,
        "mean": 19.0159091949,
        "median": 16.214176178,
        "min": 0.0001607570739,
        "var": 197.941467285
    },
    "melbands_crest": {
        "dmean": 2.45876288414,
        "dmean2": 3.83485555649,
        "dvar": 7.30476570129,
        "dvar2": 16.7190113068,
        "max": 29.1114730835,
        "mean": 15.736951828,
        "median": 16.3047580719,
        "min": 3.01041150093,
        "var": 24.413444519
    },
    "melbands_flatness_db": {
        "dmean": 0.0213702935725,
        "dmean2": 0.0307955984026,
        "dvar": 0.000565424794331,
        "dvar2": 0.00114194408525,
        "max": 0.325494766235,
        "mean": 0.183148041368,
        "median": 0.189715489745,
        "min": 0.0254800971597,
        "var": 0.00280595733784
    },
    "melbands_kurtosis": {
        "dmean": 4.24164152145,
        "dmean2": 6.40711212158,
        "dvar": 27.4446620941,
        "dvar2": 56.3089981079,
        "max": 87.2736968994,
        "mean": 10.810292244,
        "median": 7.71418476105,
        "min": -1.38992190361,
        "var": 125.007675171
    },
    "melbands_skewness": {
        "dmean": 0.609637498856,
        "dmean2": 0.887995541096,
        "dvar": 0.411113321781,
        "dvar2": 0.804105162621,
        "max": 7.88562917709,
        "mean": 2.81382656097,
        "median": 2.73827934265,
        "min": -0.769929409027,
        "var": 2.30026245117
    },
    "melbands_spread": {
        "dmean": 7.63497543335,
        "dmean2": 11.4517965317,
        "dvar": 95.2916412354,
        "dvar2": 193.784133911,
        "max": 118.34828186,
        "mean": 29.1751880646,
        "median": 22.9679279327,
        "min": 3.17440366745,
        "var": 346.20715332
    },
    "pitch_salience": {
        "dmean": 0.0576752945781,
        "dmean2": 0.0890080705285,
        "dvar": 0.00290658557788,
        "dvar2": 0.00682343682274,
        "max": 0.818341612816,
        "mean": 0.474546223879,
        "median": 0.471974551678,
        "min": 0.201545611024,
        "var": 0.0140399802476
    },
    "silence_rate_20dB": {
        "dmean": 0,
        "dmean2": 0,
        "dvar": 0,
        "dvar2": 0,
        "max": 1,
        "mean": 1,
        "median": 1,
        "min": 1,
        "var": 0
    },
    "silence_rate_30dB": {
        "dmean": 0.00465116277337,
        "dmean2": 0.00930954236537,
        "dvar": 0.0046293954365,
        "dvar2": 0.0123261520639,
        "max": 1,
        "mean": 0.996127009392,
        "median": 1,
        "min": 0,
        "var": 0.00385780911893
    },
    "silence_rate_60dB": {
        "dmean": 0.00310077518225,
        "dmean2": 0.00620636157691,
        "dvar": 0.00309108383954,
        "dvar2": 0.00616794638336,
        "max": 1,
        "mean": 0.0247869864106,
        "median": 0,
        "min": 0,
        "var": 0.0241723675281
    },
    "spectral_centroid": {
        "dmean": 252.034210205,
        "dmean2": 379.061676025,
        "dvar": 65677.1875,
        "dvar2": 128125.71875,
        "max": 4108.47607422,
        "mean": 1748.6394043,
        "median": 1668.60754395,
        "min": 433.156097412,
        "var": 374163.9375
    },
    "spectral_complexity": {
        "dmean": 3.42325592041,
        "dmean2": 5.29092311859,
        "dvar": 11.4905996323,
        "dvar2": 24.0572948456,
        "max": 50,
        "mean": 24.1688613892,
        "median": 24,
        "min": 0,
        "var": 51.0125198364
    },
    "spectral_decrease": {
        "dmean": 1.78482628677e-09,
        "dmean2": 2.71013989028e-09,
        "dvar": 8.49640220545e-18,
        "dvar2": 2.03793364326e-17,
        "max": -1.01385608622e-13,
        "mean": -6.97706337149e-09,
        "median": -5.8402807035e-09,
        "min": -3.67551571401e-08,
        "var": 2.62313050855e-17
    },
    "spectral_energy": {
        "dmean": 0.00711160339415,
        "dmean2": 0.010780214332,
        "dvar": 0.000133373119752,
        "dvar2": 0.000319968617987,
        "max": 0.142040655017,
        "mean": 0.0280579011887,
        "median": 0.0235797390342,
        "min": 3.97233577587e-07,
        "var": 0.000406566046877
    },
    "spectral_energyband_high": {
        "dmean": 0.000388992397347,
        "dmean2": 0.000589228817262,
        "dvar": 7.08463915089e-07,
        "dvar2": 1.56282317221e-06,
        "max": 0.0154954260215,
        "mean": 0.000788189587183,
        "median": 0.000537917250767,
        "min": 5.24742471697e-09,
        "var": 1.04933519651e-06
    },
    "spectral_energyband_low": {
        "dmean": 0.00433112541214,
        "dmean2": 0.00706775160506,
        "dvar": 7.75669177528e-05,
        "dvar2": 0.000200879076147,
        "max": 0.116249941289,
        "mean": 0.0135362409055,
        "median": 0.0114660961553,
        "min": 3.18365778185e-07,
        "var": 0.000151765620103
    },
    "spectral_energyband_middle_high": {
        "dmean": 0.00196329667233,
        "dmean2": 0.00305787357502,
        "dvar": 2.55672712228e-05,
        "dvar2": 6.04120687058e-05,
        "max": 0.11419712007,
        "mean": 0.00579686975107,
        "median": 0.00427905935794,
        "min": 4.05973530349e-08,
        "var": 3.70199413737e-05
    },
    "spectral_energyband_middle_low": {
        "dmean": 0.00311283115298,
        "dmean2": 0.00440779607743,
        "dvar": 1.57928570843e-05,
        "dvar2": 2.98801805911e-05,
        "max": 0.0524436347187,
        "mean": 0.0102200666443,
        "median": 0.00702869100496,
        "min": 1.06765021712e-07,
        "var": 9.0569126769e-05
    },
    "spectral_entropy": {
        "dmean": 0.0986449494958,
        "dmean2": 0.143504753709,
        "dvar": 0.010103598237,
        "dvar2": 0.0200094450265,
        "max": 8.51619148254,
        "mean": 7.60388994217,
        "median": 7.59323549271,
        "min": 6.96850681305,
        "var": 0.0370153784752
    },
    "spectral_flux": {
        "dmean": 0.0195582248271,
        "dmean2": 0.0299781225622,
        "dvar": 0.000696146104019,
        "dvar2": 0.00144209258724,
        "max": 0.291861712933,
        "mean": 0.0662313252687,
        "median": 0.056039698422,
        "min": 0.000630264694337,
        "var": 0.00142565544229
    },
    "spectral_kurtosis": {
        "dmean": 1.37917780876,
        "dmean2": 2.41925978661,
        "dvar": 1.56772196293,
        "dvar2": 4.45958948135,
        "max": 15.5662479401,
        "mean": 2.45234489441,
        "median": 2.17761421204,
        "min": 0.187433958054,
        "var": 2.10819101334
    },
    "spectral_rms": {
        "dmean": 0.000641968741547,
        "dmean2": 0.000943648046814,
        "dvar": 7.43136467918e-07,
        "dvar2": 1.65755363923e-06,
        "max": 0.0117718409747,
        "mean": 0.0048974766396,
        "median": 0.00479631358758,
        "min": 1.9686161977e-05,
        "var": 3.38829181601e-06
    },
    "spectral_rolloff": {
        "dmean": 455.185119629,
        "dmean2": 707.50604248,
        "dvar": 305129.5,
        "dvar2": 620132.125,
        "max": 6589.16015625,
        "mean": 1682.45837402,
        "median": 1550.390625,
        "min": 150.732421875,
        "var": 1185467.375
    },
    "spectral_skewness": {
        "dmean": 0.178498268127,
        "dmean2": 0.306151360273,
        "dvar": 0.0228793770075,
        "dvar2": 0.0644804611802,
        "max": 2.63725686073,
        "mean": 0.924225270748,
        "median": 0.903348088264,
        "min": 0.317606270313,
        "var": 0.0587812699378
    },
    "spectral_spread": {
        "dmean": 273901.90625,
        "dmean2": 410092.875,
        "dvar": 328995864576,
        "dvar2": 362954555392,
        "max": 23179462,
        "mean": 3393573.75,
        "median": 3333685,
        "min": 2425171,
        "var": 496431726592
    },
    "spectral_strongpeak": {
        "dmean": 0.29526296258,
        "dmean2": 0.514802634716,
        "dvar": 0.258300960064,
        "dvar2": 0.654335677624,
        "max": 8.23115158081,
        "mean": 0.646296083927,
        "median": 0.554829597473,
        "min": 0,
        "var": 0.303488105536
    },
    "zerocrossingrate": {
        "dmean": 0.00862403120846,
        "dmean2": 0.0097697917372,
        "dvar": 8.50368451211e-05,
        "dvar2": 9.01745879673e-05,
        "max": 0.21044921875,
        "mean": 0.0589345246553,
        "median": 0.05322265625,
        "min": 0.01123046875,
        "var": 0.000663228332996
    },
    "barkbands": {
        "dmean": [0.000156782189151, 0.00139465171378, 0.00272068055347, 0.001513016643, 0.0016356096603, 0.000300318468362, 0.000198253575945, 0.000368886685465, 0.000245696079219, 0.000301746767946, 0.000405967555707, 0.000358624412911, 0.000590654322878, 0.000450505351182, 0.000329871050781, 0.000153857981786, 0.00025083910441, 0.000315045384923, 0.000164639335708, 0.000231371363043, 0.000125529477373, 6.15367971477e-05, 5.53777899768e-05, 3.81773461413e-05, 5.06158858116e-06, 4.84801176981e-09, 7.95131849252e-10],
        "dmean2": [0.000249560951488, 0.00235917046666, 0.00432322081178, 0.00251651625149, 0.0021182524506, 0.000448338279966, 0.000279069237877, 0.000529663579073, 0.000386121828342, 0.000487352372147, 0.000640607438982, 0.00054570537759, 0.000996924587525, 0.000704707985278, 0.000552281213459, 0.000255801161984, 0.000419994205004, 0.000537808111403, 0.000261578767095, 0.000374553143047, 0.000189604732441, 9.47516891756e-05, 8.64719113451e-05, 5.81929198233e-05, 7.7430941019e-06, 7.69752173113e-09, 1.49053325238e-09],
        "dvar": [3.61789354031e-08, 1.75496443262e-05, 2.66733241006e-05, 5.34313858225e-06, 7.03377463651e-06, 3.79361210889e-07, 4.54388725757e-07, 6.47330693937e-07, 1.99983603011e-07, 2.07046227274e-07, 3.15319903166e-06, 8.94542552032e-07, 3.25528503708e-06, 6.64101037273e-07, 2.61615952013e-07, 7.22560216104e-08, 1.85308863365e-07, 7.05689558345e-07, 6.07480004078e-08, 1.85319507295e-07, 7.74815092086e-08, 2.27383960549e-08, 1.5438754275e-08, 1.08811644139e-08, 2.05378880569e-10, 1.577894267e-16, 2.23332003188e-18],
        "dvar2": [8.60627338284e-08, 4.55457629869e-05, 6.94608388585e-05, 1.51406738951e-05, 1.0816906979e-05, 6.79493098232e-07, 8.68717052072e-07, 1.26856423321e-06, 4.28930349017e-07, 5.22956838722e-07, 6.56875545246e-06, 1.98314478439e-06, 8.95827179193e-06, 1.31540548409e-06, 7.30477381694e-07, 1.90503271824e-07, 4.98286624406e-07, 1.97971189664e-06, 1.51677284066e-07, 4.8107102657e-07, 1.55059410645e-07, 5.05506143611e-08, 3.85812803927e-08, 2.24969838314e-08, 4.25946611315e-10, 3.55661511256e-16, 6.95083921913e-18],
        "max": [0.00154887069948, 0.0373460501432, 0.070871040225, 0.0312037598342, 0.0397017486393, 0.00880273710936, 0.0145682934672, 0.0168304368854, 0.00746399955824, 0.0081515647471, 0.057121746242, 0.0130417430773, 0.0296703409404, 0.0180526655167, 0.0056095556356, 0.00312601495534, 0.00653963023797, 0.0120355319232, 0.00320957018994, 0.00830408558249, 0.00541064981371, 0.00309769180603, 0.00148492236622, 0.0016004628269, 0.000276114384178, 2.27788959251e-07, 1.58941677597e-08],
        "mean": [0.000187301659025, 0.0014735639561, 0.00972995441407, 0.00340714957565, 0.00418614083901, 0.000631398521364, 0.00034704169957, 0.000812086916994, 0.000444227829576, 0.00057564600138, 0.000643400475383, 0.000519245106261, 0.00085100310389, 0.000841556990054, 0.000658447039314, 0.000299433217151, 0.000492642400786, 0.000609862385318, 0.000384825048968, 0.000484131131088, 0.000234264516621, 0.000108193511551, 7.43026976124e-05, 5.50972181372e-05, 6.96743791195e-06, 6.03594729753e-09, 6.8997157987e-10],
        "median": [0.000113084082841, 0.000301012245473, 0.00738265179098, 0.00260883499868, 0.00148608803283, 0.000157947622938, 5.73002325837e-05, 0.00024255135213, 0.000222538685193, 0.000386991770938, 0.000255664286669, 0.00016643870913, 0.000350060639903, 0.000451808708021, 0.000466704688733, 0.000226313990424, 0.000367408298189, 0.000443128345069, 0.000304583023535, 0.000365442363545, 0.000150622610818, 6.563358329e-05, 3.59167133865e-05, 2.50534976658e-05, 2.77076787825e-06, 2.65439137337e-09, 2.67287997291e-10],
        "min": [1.82405618387e-10, 3.26253370986e-08, 1.10674733378e-07, 9.40291826623e-08, 4.92275553654e-09, 9.60470702971e-10, 1.89445015231e-09, 2.49604470426e-09, 1.66374358734e-09, 1.36383482285e-09, 5.87670490049e-09, 6.40443420519e-10, 5.85778270334e-09, 4.82460027484e-09, 3.76604347707e-09, 3.26437099574e-09, 4.38122826907e-09, 2.89586554736e-09, 7.57143325814e-09, 2.57399013215e-09, 1.47716150423e-09, 7.14629799781e-10, 4.53558718361e-10, 3.05798802946e-10, 1.20932444614e-10, 2.53358688196e-11, 5.01740732295e-11],
        "var": [4.85843010267e-08, 1.45484818859e-05, 8.96511191968e-05, 1.12382012958e-05, 3.6247933167e-05, 1.27284363316e-06, 8.72046598488e-07, 2.96541952594e-06, 5.15532519785e-07, 5.20783601132e-07, 4.75933347843e-06, 1.30874298065e-06, 3.24472284774e-06, 1.99292526304e-06, 4.47465026809e-07, 8.5875065281e-08, 2.87668314058e-07, 6.41396525225e-07, 1.01525365892e-07, 2.41407235535e-07, 1.30850551727e-07, 3.19073407695e-08, 1.54258597007e-08, 1.35032252047e-08, 2.62097815673e-10, 1.76796885741e-16, 1.58124580018e-18]
    },
    "erbbands": {
        "dmean": [0.0320773646235, 0.374888241291, 2.38832092285, 4.55417633057, 6.50719690323, 3.90377640724, 1.93902635574, 3.010222435, 3.50495672226, 3.06928610802, 9.15023803711, 5.50678157806, 11.2728261948, 7.59326553345, 15.6382904053, 16.3327770233, 28.1906700134, 24.8996620178, 14.0246896744, 15.6366834641, 10.7447252274, 10.6106843948, 17.5708961487, 12.0443983078, 7.88024997711, 10.8366117477, 7.52143383026, 4.00377702713, 2.29057717323, 1.62269103527, 1.61360037327, 0.820166230202, 0.619186103344, 0.118861556053, 0.00786467082798, 0.000370839436073, 2.6716503271e-05, 5.18257093063e-06, 4.51665482615e-06, 8.50421201903e-06],
        "dmean2": [0.0560140907764, 0.633929610252, 3.92228531837, 7.42172336578, 8.99706077576, 5.21852588654, 2.62418889999, 4.49761199951, 4.748919487, 4.85205888748, 12.8368816376, 8.59031009674, 17.9929141998, 12.05864048, 24.418838501, 25.016658783, 47.5493278503, 38.4517288208, 22.7248268127, 26.2332839966, 17.9813690186, 17.7694301605, 30.0224895477, 19.9150772095, 12.6204652786, 17.5715866089, 11.7303781509, 6.19949293137, 3.53739118576, 2.46540355682, 2.53254127502, 1.22184216976, 0.985333561897, 0.178863227367, 0.0119547955692, 0.000559973937925, 3.93508526031e-05, 7.61172850616e-06, 6.73491240377e-06, 1.28337351271e-05],
        "dvar": [0.0102682560682, 1.22186076641, 26.8262023926, 46.7694473267, 94.400680542, 75.680305481, 32.6482086182, 42.8154754639, 126.800704956, 65.5069351196, 519.095153809, 83.8143844604, 268.478729248, 641.952392578, 4194.75097656, 2016.78295898, 7660.47070312, 1989.97131348, 469.598358154, 672.28704834, 232.275405884, 621.83807373, 2542.51245117, 477.706237793, 122.524719238, 361.057159424, 325.187286377, 88.8387832642, 31.6927986145, 9.66665554047, 15.0580120087, 4.78297233582, 3.11166071892, 0.115916669369, 0.000574449892156, 1.2094038766e-06, 4.97661378773e-09, 1.52469939452e-10, 5.3817877238e-11, 1.85036042044e-10],
        "dvar2": [0.0273560229689, 3.23772931099, 73.0799713135, 119.808052063, 161.530395508, 122.025337219, 45.9112625122, 76.5971221924, 220.922393799, 168.481765747, 979.52520752, 184.435592651, 725.989929199, 1581.18920898, 7705.6796875, 4532.45458984, 20934.8828125, 3804.4362793, 1241.69299316, 1819.42565918, 624.964172363, 1650.03186035, 7146.09521484, 1280.15808105, 297.734375, 931.196594238, 760.516601562, 175.834487915, 68.4551773071, 22.8193950653, 38.2786941528, 9.882147789, 6.94166707993, 0.233408853412, 0.00114810152445, 2.41311909122e-06, 1.00243608969e-08, 3.14357401221e-10, 1.2537586247e-10, 4.44296238689e-10],
        "max": [0.832767188549, 10.71052742, 73.6720581055, 77.4336166382, 160.445526123, 183.23197937, 134.776412964, 112.317001343, 285.251525879, 162.549865723, 460.330841064, 147.478790283, 234.050674438, 691.948242188, 2079.79003906, 733.132751465, 1395.85205078, 1076.25842285, 264.719604492, 325.421081543, 200.683258057, 348.688873291, 768.832641602, 293.346740723, 172.634643555, 306.865478516, 409.628692627, 180.665710449, 105.851661682, 38.1835441589, 43.1134262085, 41.9130363464, 26.8290195465, 6.31176757812, 0.443722873926, 0.0200144201517, 0.00125015305821, 0.000200535738259, 8.086636808e-05, 0.000169735998497],
        "mean": [0.0288013070822, 0.514593183994, 7.36703920364, 15.2550773621, 16.0022373199, 10.1161022186, 4.34539222717, 6.29813241959, 7.00355386734, 5.87086772919, 20.5728092194, 10.9064674377, 21.3316383362, 14.3310432434, 25.8204307556, 24.985490799, 40.8202896118, 48.9450302124, 30.0412387848, 29.4940929413, 23.87134552, 24.087305069, 33.6578063965, 23.1377735138, 19.2963199615, 23.2748069763, 14.584394455, 7.73217821121, 4.15341901779, 2.50574302673, 2.12608218193, 1.300142169, 0.778898477554, 0.17000028491, 0.00969896744937, 0.000492613180541, 4.83874828205e-05, 1.06371353468e-05, 1.67168382177e-05, 3.35028962581e-05],
        "median": [0.00873389467597, 0.284438252449, 6.10888004303, 12.0636262894, 7.193546772, 3.31209254265, 1.5989471674, 1.72568035126, 1.07627213001, 3.29636311531, 4.38224411011, 5.64968824387, 14.8931522369, 5.83923101425, 9.39961147308, 9.24804973602, 17.9703788757, 25.9076976776, 21.1017780304, 19.7022094727, 19.9603557587, 17.5762233734, 23.0580730438, 16.202507019, 16.019536972, 17.203119278, 9.80320072174, 4.94790172577, 2.50505423546, 1.40492486954, 0.986936688423, 0.685699343681, 0.292486310005, 0.0672642216086, 0.00298458291218, 0.000181513358257, 2.75824713754e-05, 6.97212908563e-06, 1.41511936818e-05, 2.82437413262e-05],
        "min": [2.10201747564e-07, 1.31262568175e-05, 0.000111714049126, 0.000362005404895, 9.72666748567e-05, 1.15639013529e-05, 9.79297692538e-06, 9.63974434853e-06, 1.56617152243e-05, 4.0904051275e-05, 6.45197578706e-05, 3.17755548167e-05, 5.66827729926e-05, 9.8111006082e-05, 0.000177957321284, 5.75108606427e-05, 0.00026389042614, 0.000208962126635, 0.000320670049405, 0.000117260540719, 0.000203479910851, 0.000219107503654, 0.000192831488675, 0.000167643200257, 0.000400044635171, 0.000127958162921, 7.90248741396e-05, 5.90675517742e-05, 3.41122213285e-05, 2.68105231953e-05, 8.68472034199e-06, 8.41163455334e-06, 3.33995876645e-06, 2.10737516682e-06, 4.26815773835e-07, 1.03704579146e-07, 4.66734633164e-08, 2.4041082014e-08, 5.63380231355e-09, 1.30006283516e-09],
        "var": [0.00741738919169, 0.990212082863, 50.158870697, 187.775024414, 452.746032715, 399.353302002, 131.870635986, 133.366424561, 336.571289062, 92.4866485596, 2493.68212891, 221.972518921, 584.917419434, 1018.41162109, 7582.84667969, 2823.24682617, 7278.45800781, 6218.58056641, 902.957092285, 1139.9230957, 332.582122803, 812.409484863, 2366.4140625, 581.351318359, 207.206237793, 520.069519043, 440.520233154, 153.384185791, 48.0447616577, 11.7352790833, 14.3051700592, 6.03448677063, 3.45656561852, 0.152782946825, 0.000734608212952, 1.56542660079e-06, 6.68907906842e-09, 2.09689404729e-10, 1.29162541773e-10, 5.37865252337e-10]
    },
    "gfcc": {
        "mean": [-18.6618747711, 121.697761536, -171.672973633, 73.3345565796, -57.3056488037, 19.8699626923, -26.5301361084, -10.5694990158, -13.7204761505, -28.5231342316, -4.34332561493, -35.840057373, -3.47337460518],
        "cov": [[2461.06054688, 205.623550415, 209.313583374, -28.3970527649, -100.933998108, 109.603172302, -39.4179115295, -70.5738983154, -62.3837089539, -32.2825050354, 34.3874778748, 17.9799613953, 23.0068836212], [205.623550415, 536.336791992, 122.145576477, -93.8143615723, 64.5342178345, -104.525558472, 71.3953475952, -101.037902832, 19.6259899139, -71.3156890869, 62.181427002, -21.2111797333, -19.7369918823], [209.313583374, 122.145576477, 281.119842529, 102.7784729, 53.4096183777, 58.3308029175, 16.8759746552, 14.831196785, -4.97362089157, -24.8326911926, 0.139972001314, -26.6573123932, -29.8367710114], [-28.3970527649, -93.8143615723, 102.7784729, 224.015838623, 129.086425781, 63.4153823853, 20.9416160583, 48.5399513245, 17.5535678864, -9.14884662628, -34.3089981079, -36.6231117249, -8.8031539917], [-100.933998108, 64.5342178345, 53.4096183777, 129.086425781, 171.663803101, 36.5059356689, 61.8685760498, 13.0602912903, 18.3744869232, -29.1034679413, -14.9840831757, -39.7446479797, -17.8764286041], [109.603172302, -104.525558472, 58.3308029175, 63.4153823853, 36.5059356689, 146.915664673, 46.6217498779, 65.6713027954, 2.61910843849, 11.0015916824, -11.6060523987, -8.71281528473, -13.3884840012], [-39.4179115295, 71.3953475952, 16.8759746552, 20.9416160583, 61.8685760498, 46.6217498779, 114.781600952, 35.9467124939, 16.2024250031, -20.5805854797, -3.6443734169, -30.4574317932, -16.5892295837], [-70.5738983154, -101.037902832, 14.831196785, 48.5399513245, 13.0602912903, 65.6713027954, 35.9467124939, 98.6055221558, 26.9915180206, 16.3607788086, -15.2107954025, -12.9628667831, -7.81553125381], [-62.3837089539, 19.6259899139, -4.97362089157, 17.5535678864, 18.3744869232, 2.61910843849, 16.2024250031, 26.9915180206, 64.4549560547, 17.2929325104, -1.39059174061, -11.001584053, -9.69867610931], [-32.2825050354, -71.3156890869, -24.8326911926, -9.14884662628, -29.1034679413, 11.0015916824, -20.5805854797, 16.3607788086, 17.2929325104, 64.3175125122, 15.7947254181, 11.4372959137, 4.58857822418], [34.3874778748, 62.181427002, 0.139972001314, -34.3089981079, -14.9840831757, -11.6060523987, -3.6443734169, -15.2107954025, -1.39059174061, 15.7947254181, 61.7712631226, 33.8901939392, 0.825973331928], [17.9799613953, -21.2111797333, -26.6573123932, -36.6231117249, -39.7446479797, -8.71281528473, -30.4574317932, -12.9628667831, -11.001584053, 11.4372959137, 33.8901939392, 77.4719924927, 38.0256271362], [23.0068836212, -19.7369918823, -29.8367710114, -8.8031539917, -17.8764286041, -13.3884840012, -16.5892295837, -7.81553125381, -9.69867610931, 4.58857822418, 0.825973331928, 38.0256271362, 60.0712928772]],
        "icov": [[0.00064310367452, -0.00137131277006, 0.000604779808782, -0.00134010857437, 0.00172547984403, -0.00191068626009, 0.000900071056094, 0.000222579954425, 0.000759748916607, -0.000135067370138, 0.000412595603848, 0.00015656882897, -0.000199508111109], [-0.00137131277006, 0.0204614344984, -0.0137287685648, 0.0183336157352, -0.014532007277, 0.0133991036564, -0.0102518144995, 0.00971562508494, -0.0147532159463, 0.0118429930881, -0.0173848811537, 0.00966825801879, -0.00895713362843], [0.000604779808782, -0.0137287685648, 0.0146458521485, -0.0152880549431, 0.0109025062993, -0.0104511063546, 0.00723204016685, -0.00595959555358, 0.00993694085628, -0.00537530891597, 0.00902985502034, -0.00535103259608, 0.00770669756457], [-0.00134010857437, 0.0183336157352, -0.0152880549431, 0.0298104286194, -0.0236362293363, 0.0111513650045, -0.00383818498813, 0.00321594602428, -0.0128289824352, 0.00874608755112, -0.0117893861607, 0.00950351264328, -0.0104709500447], [0.00172547984403, -0.014532007277, 0.0109025062993, -0.0236362293363, 0.0283138155937, -0.0120630450547, 0.000649130204692, 0.000252102763625, 0.00680794706568, -0.0029673227109, 0.00774739542976, -0.00308676995337, 0.00563846994191], [-0.00191068626009, 0.0133991036564, -0.0104511063546, 0.0111513650045, -0.0120630450547, 0.0240803752095, -0.0118308290839, -0.00173610833008, -0.00424720067531, 0.00123595399782, -0.00574779091403, -0.000716319598723, -0.000386174302548], [0.000900071056094, -0.0102518144995, 0.00723204016685, -0.00383818498813, 0.000649130204692, -0.0118308290839, 0.0233473479748, -0.010450729169, 0.00473946565762, 0.00129907066002, 0.00237959669903, 0.00327576324344, 0.000520478119142], [0.000222579954425, 0.00971562508494, -0.00595959555358, 0.00321594602428, 0.000252102763625, -0.00173610833008, -0.010450729169, 0.0269214641303, -0.0137896379456, 0.00397540582344, -0.00630082376301, 0.00488270772621, -0.00461145117879], [0.000759748916607, -0.0147532159463, 0.00993694085628, -0.0128289824352, 0.00680794706568, -0.00424720067531, 0.00473946565762, -0.0137896379456, 0.0326981469989, -0.0167194455862, 0.0146449599415, -0.00866595562547, 0.0103519558907], [-0.000135067370138, 0.0118429930881, -0.00537530891597, 0.00874608755112, -0.0029673227109, 0.00123595399782, 0.00129907066002, 0.00397540582344, -0.0167194455862, 0.0340798534453, -0.0223614741117, 0.0127578731626, -0.0102478889748], [0.000412595603848, -0.0173848811537, 0.00902985502034, -0.0117893861607, 0.00774739542976, -0.00574779091403, 0.00237959669903, -0.00630082376301, 0.0146449599415, -0.0223614741117, 0.0483301654458, -0.029655341059, 0.019929330796], [0.00015656882897, 0.00966825801879, -0.00535103259608, 0.00950351264328, -0.00308676995337, -0.000716319598723, 0.00327576324344, 0.00488270772621, -0.00866595562547, 0.0127578731626, -0.029655341059, 0.0410545058548, -0.0256405603141], [-0.000199508111109, -0.00895713362843, 0.00770669756457, -0.0104709500447, 0.00563846994191, -0.000386174302548, 0.000520478119142, -0.00461145117879, 0.0103519558907, -0.0102478889748, 0.019929330796, -0.0256405603141, 0.035620149225]]
    },
    "melbands": {
        "dmean": [0.000331623043166, 0.000990796135738, 0.000778287067078, 0.000394066068111, 8.96184064914e-05, 6.81555175106e-05, 4.86418502987e-05, 3.77790202037e-05, 7.45941360947e-05, 3.47146815329e-05, 5.55886144866e-05, 2.83088447759e-05, 5.95745586907e-05, 3.55714910256e-05, 5.29682401975e-05, 6.06483372394e-05, 5.05651260028e-05, 2.40942099481e-05, 2.41563520831e-05, 1.41721202453e-05, 1.55231555254e-05, 1.21368238979e-05, 1.54503359227e-05, 1.34503234221e-05, 1.03908760138e-05, 7.24172878108e-06, 4.6688655857e-06, 8.84532801138e-06, 5.96678682996e-06, 3.06116407955e-06, 2.44383431891e-06, 1.57468377893e-06, 8.81626874616e-07, 9.8110763247e-07, 1.19121170883e-06, 4.72209336522e-07, 5.29425165041e-07, 5.52860399239e-07, 1.94164897493e-07, 7.04946216956e-08],
        "dmean2": [0.000561719585676, 0.00163193594199, 0.00123204581905, 0.000526187941432, 0.000118252981338, 0.000100614408439, 6.57234995742e-05, 5.92742762819e-05, 0.000104929269582, 5.50356417079e-05, 8.88960057637e-05, 4.60249466414e-05, 9.45272113313e-05, 5.43155583728e-05, 8.6399842985e-05, 0.000100757511973, 7.79312758823e-05, 3.93728587369e-05, 4.09555104852e-05, 2.38843567786e-05, 2.61008262896e-05, 2.03704585147e-05, 2.58856543951e-05, 2.28360258916e-05, 1.72958298208e-05, 1.18253838082e-05, 7.54732536734e-06, 1.44085106513e-05, 9.38843277254e-06, 4.79714981338e-06, 3.84466011383e-06, 2.48664218816e-06, 1.37155291213e-06, 1.52149550559e-06, 1.91770709534e-06, 7.3074517104e-07, 7.87625424437e-07, 9.02070155462e-07, 3.02437285882e-07, 1.07411516126e-07],
        "dvar": [1.0227038274e-06, 5.04959507452e-06, 1.20127378977e-06, 3.80954929824e-07, 8.03537290039e-08, 2.05421670785e-08, 2.28815117964e-08, 7.35803640239e-09, 3.6392084013e-08, 3.39821970563e-09, 6.54413456758e-09, 8.19428880305e-09, 7.43966239725e-08, 6.6373990748e-09, 3.2399839256e-08, 2.8604938862e-08, 8.06168642953e-09, 1.47548284701e-09, 1.6611368947e-09, 6.20990703304e-10, 3.66864844059e-10, 5.4913512626e-10, 1.8188214268e-09, 1.32506239314e-09, 3.1425390068e-10, 8.83801781759e-11, 6.44936326566e-11, 2.45609588223e-10, 2.16596976466e-10, 3.77125206064e-11, 3.45906220334e-11, 1.53239400336e-11, 3.56869611987e-12, 3.54995134851e-12, 9.35053683787e-12, 1.31619715127e-12, 2.15648354208e-12, 2.2864388334e-12, 4.13827338282e-13, 3.71961271191e-14],
        "dvar2": [2.65406060862e-06, 1.3698314433e-05, 2.92602726404e-06, 6.32882574791e-07, 1.0605703693e-07, 3.57523184391e-08, 3.99219608482e-08, 1.82995663067e-08, 6.66641284397e-08, 7.82231701635e-09, 1.76528693885e-08, 2.09303951948e-08, 1.49288723605e-07, 1.41088225547e-08, 8.27711872375e-08, 7.64099894468e-08, 1.56055612877e-08, 3.80885811779e-09, 4.61607063684e-09, 1.65203084546e-09, 1.00309049955e-09, 1.47209366919e-09, 5.03449770761e-09, 3.70610453437e-09, 8.37477198701e-10, 2.18202192426e-10, 1.59535690214e-10, 6.4262734023e-10, 5.18149523288e-10, 8.12306957809e-11, 7.18986328807e-11, 3.38000287481e-11, 8.64836414288e-12, 8.48884070676e-12, 2.46175805435e-11, 2.80285495334e-12, 4.42002380877e-12, 5.21165142292e-12, 9.14282430146e-13, 7.31063294753e-14],
        "max": [0.00834505353123, 0.0307020805776, 0.0149839268997, 0.00987479370087, 0.00728416163474, 0.00217193970457, 0.00361592439003, 0.00173508678563, 0.00346540939063, 0.00110355042852, 0.00118001631927, 0.00214557209983, 0.00875789672136, 0.00115862535313, 0.00381101784296, 0.00217985082418, 0.00210645725019, 0.000534902676009, 0.000498263980262, 0.000316945603117, 0.000246531271841, 0.000321397557855, 0.000712369452231, 0.000513731152751, 0.000216392130824, 0.000117371782835, 0.00018638317124, 0.000245667179115, 0.000358840683475, 0.000102864403743, 0.000105967017589, 7.48726379243e-05, 3.24821885442e-05, 2.46278814302e-05, 3.60173871741e-05, 1.90936152649e-05, 2.83810113615e-05, 2.03174058697e-05, 1.15677930808e-05, 3.30336933985e-06],
        "mean": [0.000329221162247, 0.00293657719158, 0.00268308748491, 0.000990440836176, 0.000208654528251, 0.000143923753058, 9.54989591264e-05, 7.26998259779e-05, 0.000166772981174, 6.56958218315e-05, 0.000102986647107, 5.01781469211e-05, 9.48258675635e-05, 5.6512948504e-05, 7.44620338082e-05, 8.77460770425e-05, 9.46275758906e-05, 4.63221440441e-05, 4.40009171143e-05, 2.73772529908e-05, 3.1181734812e-05, 2.47387979471e-05, 3.20240469591e-05, 2.43399535975e-05, 1.76645717147e-05, 1.57935464813e-05, 1.09193797471e-05, 1.72974760062e-05, 1.10104147097e-05, 5.3155185924e-06, 4.43093040303e-06, 2.70986492978e-06, 1.41289319799e-06, 1.36852793275e-06, 1.43555030263e-06, 7.70972974351e-07, 8.07394656022e-07, 6.38386381979e-07, 2.83952488189e-07, 8.99518326491e-08],
        "median": [7.85133452155e-05, 0.00250199204311, 0.00211005820893, 0.000377053831471, 6.46442058496e-05, 3.29230715579e-05, 1.4760884369e-05, 3.94839771616e-05, 3.33843599947e-05, 3.69201698049e-05, 7.13386834832e-05, 1.9025270376e-05, 3.51852249878e-05, 2.14113570109e-05, 2.83597109956e-05, 3.13621821988e-05, 4.91521714139e-05, 2.95089612337e-05, 3.00947340293e-05, 1.89373186004e-05, 2.49158874794e-05, 1.79673097591e-05, 2.21145728574e-05, 1.64472967299e-05, 1.1719070244e-05, 1.27236098706e-05, 8.21625508252e-06, 1.23924528452e-05, 7.25737436369e-06, 3.17842000186e-06, 2.79818050331e-06, 1.55254463152e-06, 8.40527491164e-07, 7.06624120994e-07, 6.25024028977e-07, 4.02516661779e-07, 4.18086955278e-07, 2.15732526954e-07, 1.18845299824e-07, 3.19021218331e-08],
        "min": [4.91448925999e-09, 3.95651404972e-08, 5.45290639309e-08, 2.33183539144e-09, 3.76104869471e-10, 2.06637831845e-10, 2.90720725271e-10, 4.35439517776e-10, 5.04848995941e-10, 2.10190545524e-10, 2.72116329469e-10, 3.39961336859e-10, 8.31534063828e-10, 9.34600452585e-11, 3.34760358323e-10, 5.45010259145e-10, 3.93774485241e-10, 5.96990956669e-10, 1.77494643983e-10, 1.95908830825e-10, 2.70875516462e-10, 2.53861265342e-10, 2.12380252274e-10, 9.89068202339e-11, 1.04544116419e-10, 4.19464962764e-10, 9.22978707352e-11, 8.9134193082e-11, 6.634925942e-11, 1.96600565688e-11, 4.37924557728e-11, 1.78633288717e-11, 1.57232612347e-11, 1.41118210867e-11, 3.99118281827e-12, 5.60210905443e-12, 4.83307838195e-12, 2.43515147283e-12, 1.68256315998e-12, 1.84247018684e-12],
        "var": [8.14635029656e-07, 8.13752467366e-06, 5.60070066058e-06, 1.86077397757e-06, 3.87200657315e-07, 7.00346234339e-08, 6.03651457709e-08, 1.21950121112e-08, 1.74838504563e-07, 7.55477280734e-09, 1.41305944723e-08, 1.32473125802e-08, 1.16625678004e-07, 1.16730340949e-08, 3.34075735964e-08, 3.29478595518e-08, 2.61371440047e-08, 2.74622058427e-09, 2.33041408393e-09, 9.08977892955e-10, 5.74867542458e-10, 7.34789229462e-10, 1.77103220977e-09, 1.28704713553e-09, 3.88971382881e-10, 1.57833801584e-10, 1.14397664952e-10, 3.22047499779e-10, 2.79667067282e-10, 6.00510891013e-11, 5.56650073258e-11, 2.30939538326e-11, 4.12657928661e-12, 4.03388260295e-12, 7.94469177945e-12, 1.68774814003e-12, 2.71272067309e-12, 2.46480028228e-12, 4.6894714674e-13, 5.03562103582e-14]
    },
    "mfcc": {
        "mean": [-625.78692627, 108.005455017, -28.1889591217, 37.7615356445, 5.49461889267, 17.0092391968, 6.25468587875, 7.2626786232, -1.85156130791, 7.32996845245, -7.75960588455, -1.35056102276, -15.3613433838],
        "cov": [[2253.375, 156.79045105, 173.797134399, -93.8383331299, -41.8176307678, 65.7861251831, 8.45930957794, -8.53019714355, -57.5340423584, -85.1258087158, -38.1748390198, 15.6590528488, -16.3903636932], [156.79045105, 579.529846191, 30.0665245056, 1.10889554024, -61.7558670044, -7.73049354553, -4.67681407928, -3.7904818058, -91.2030487061, -32.7127227783, -28.4186496735, 4.49051523209, 16.541809082], [173.797134399, 30.0665245056, 237.607223511, 16.2757606506, 43.4581413269, 22.4169025421, 26.77876091, 20.696969986, -2.1175596714, 0.42108130455, 4.79963350296, 17.5944194794, 7.77915382385], [-93.8383331299, 1.10889554024, 16.2757606506, 174.637161255, 97.9406051636, 33.5911827087, 20.7488651276, 20.2887382507, 32.1413383484, 24.8794822693, -4.91295671463, -9.33943557739, -26.1041851044], [-41.8176307678, -61.7558670044, 43.4581413269, 97.9406051636, 131.199020386, 50.2839431763, 27.3673877716, 29.7378025055, 29.289522171, 22.2531204224, 14.4231948853, -2.15738606453, -17.1774349213], [65.7861251831, -7.73049354553, 22.4169025421, 33.5911827087, 50.2839431763, 83.8254623413, 46.5461769104, 30.077589035, 20.4617004395, 12.5793933868, 8.95158863068, 7.72012376785, -5.75158119202], [8.45930957794, -4.67681407928, 26.77876091, 20.7488651276, 27.3673877716, 46.5461769104, 106.928657532, 54.7847824097, 22.8002185822, 22.751493454, 7.43813896179, 12.808804512, -1.53907358646], [-8.53019714355, -3.7904818058, 20.696969986, 20.2887382507, 29.7378025055, 30.077589035, 54.7847824097, 91.6702804565, 35.2795372009, 23.7661132812, 13.8761949539, 10.3877792358, -1.61968326569], [-57.5340423584, -91.2030487061, -2.1175596714, 32.1413383484, 29.289522171, 20.4617004395, 22.8002185822, 35.2795372009, 96.2864990234, 42.5499916077, 9.76164627075, -0.936563670635, -9.16344165802], [-85.1258087158, -32.7127227783, 0.42108130455, 24.8794822693, 22.2531204224, 12.5793933868, 22.751493454, 23.7661132812, 42.5499916077, 86.118057251, 31.1817321777, 9.11661338806, -6.24934387207], [-38.1748390198, -28.4186496735, 4.79963350296, -4.91295671463, 14.4231948853, 8.95158863068, 7.43813896179, 13.8761949539, 9.76164627075, 31.1817321777, 72.0172576904, 19.9512634277, 1.38440263271], [15.6590528488, 4.49051523209, 17.5944194794, -9.33943557739, -2.15738606453, 7.72012376785, 12.808804512, 10.3877792358, -0.936563670635, 9.11661338806, 19.9512634277, 48.5153808594, 13.4178199768], [-16.3903636932, 16.541809082, 7.77915382385, -26.1041851044, -17.1774349213, -5.75158119202, -1.53907358646, -1.61968326569, -9.16344165802, -6.24934387207, 1.38440263271, 13.4178199768, 55.6494255066]],
