{
"lowlevel": {
    "average_loudness": 0.331614166498,
    "barkbands_crest": {
        "dmean": 2.25965833664,
        "dmean2": 3.66504669189,
        "dvar": 4.24464273453,
        "dvar2": 11.1761388779,
        "max": 24.9425468445,
        "mean": 10.4698801041,
        "median": 10.0361614227,
        "min": 3.51549267769,
        "var": 12.2583732605
    },
    "barkbands_flatness_db": {
        "dmean": 0.0188730936497,
        "dmean2": 0.0294490233064,
        "dvar": 0.000299012754112,
        "dvar2": 0.000705980462953,
        "max": 0.431293576956,
        "mean": 0.196688324213,
        "median": 0.18724553287,
        "min": 0.080266341567,
        "var": 0.00306772999465
    },
    "barkbands_kurtosis": {
        "dmean": 3.8228931427,
        "dmean2": 6.014503479,
        "dvar": 36.4889831543,
        "dvar2": 86.9135131836,
        "max": 138.676879883,
        "mean": 8.86465835571,
        "median": 5.87804889679,
        "min": -1.94325256348,
        "var": 121.244979858
    },
    "barkbands_skewness": {
        "dmean": 0.511711001396,
        "dmean2": 0.787665009499,
        "dvar": 0.298551499844,
        "dvar2": 0.673372685909,
        "max": 9.22878360748,
        "mean": 2.27720546722,
        "median": 2.17151284218,
        "min": -0.720837593079,
        "var": 1.84735906124
    },
    "barkbands_spread": {
        "dmean": 3.90793013573,
        "dmean2": 6.02745294571,
        "dvar": 41.2702255249,
        "dvar2": 77.4549179077,
        "max": 96.9120101929,
        "mean": 14.8973655701,
        "median": 11.8232288361,
        "min": 0.970536828041,
        "var": 184.270980835
    },
    "dissonance": {
        "dmean": 0.0180500689894,
        "dmean2": 0.0298216473311,
        "dvar": 0.000316690449836,
        "dvar2": 0.000888647278771,
        "max": 0.500000119209,
        "mean": 0.446772605181,
        "median": 0.453813105822,
        "min": 0.294294059277,
        "var": 0.00106510147452
    },
    "dynamic_complexity": 4.04527521133,
    "erbbands_crest": {
        "dmean": 2.15986299515,
        "dmean2": 3.34037089348,
        "dvar": 4.35153436661,
        "dvar2": 10.3395776749,
        "max": 31.3007297516,
        "mean": 9.65900802612,
        "median": 8.54158878326,
        "min": 3.00782895088,
        "var": 18.890586853
    },
    "erbbands_flatness_db": {
        "dmean": 0.0128625519574,
        "dmean2": 0.0185576640069,
        "dvar": 0.000152446169523,
        "dvar2": 0.000295486184768,
        "max": 0.369935244322,
        "mean": 0.197344779968,
        "median": 0.190343812108,
        "min": 0.101169086993,
        "var": 0.00181298842654
    },
    "erbbands_kurtosis": {
        "dmean": 0.802836120129,
        "dmean2": 1.23433351517,
        "dvar": 1.12879419327,
        "dvar2": 2.55290603638,
        "max": 22.4373435974,
        "mean": 0.511730730534,
        "median": -0.0155191421509,
        "min": -1.82621490955,
        "var": 4.28866529465
    },
    "erbbands_skewness": {
        "dmean": 0.306451350451,
        "dmean2": 0.455651789904,
        "dvar": 0.0925773009658,
        "dvar2": 0.17880640924,
        "max": 3.72981715202,
        "mean": 0.621466040611,
        "median": 0.679733455181,
        "min": -2.77594327927,
        "var": 0.562312066555
    },
    "erbbands_spread": {
        "dmean": 7.2910861969,
        "dmean2": 10.8405418396,
        "dvar": 82.7820358276,
        "dvar2": 178.297836304,
        "max": 139.087890625,
        "mean": 42.5494003296,
        "median": 40.7241973877,
        "min": 4.27774906158,
        "var": 476.603790283
    },
    "hfc": {
        "dmean": 2.39110589027,
        "dmean2": 3.35965919495,
        "dvar": 17.5457744598,
        "dvar2": 34.3133544922,
        "max": 81.6104812622,
        "mean": 11.1026000977,
        "median": 4.93330144882,
        "min": 0.00010059534543,
        "var": 198.288375854
    },
    "melbands_crest": {
        "dmean": 3.20690941811,
        "dmean2": 5.20252466202,
        "dvar": 8.74391746521,
        "dvar2": 22.2668361664,
        "max": 32.1689376831,
        "mean": 16.2256546021,
        "median": 15.6203842163,
        "min": 5.43342018127,
        "var": 29.7642116547
    },
    "melbands_flatness_db": {
        "dmean": 0.0224157925695,
        "dmean2": 0.0344770699739,
        "dvar": 0.000460880663013,
        "dvar2": 0.00103816797491,
        "max": 0.56290948391,
        "mean": 0.247154459357,
        "median": 0.234433040023,
        "min": 0.068549759686,
        "var": 0.00603797892109
    },
    "melbands_kurtosis": {
        "dmean": 9.24541568756,
        "dmean2": 14.3271245956,
        "dvar": 221.66116333,
        "dvar2": 520.444519043,
        "max": 276.110351562,
        "mean": 23.9102725983,
        "median": 16.1304092407,
        "min": -0.847153902054,
        "var": 710.636291504
    },
    "melbands_skewness": {
        "dmean": 0.719621121883,
        "dmean2": 1.10094153881,
        "dvar": 0.584758043289,
        "dvar2": 1.31609153748,
        "max": 11.8232755661,
        "mean": 3.5486433506,
        "median": 3.31357073784,
        "min": -0.472431927919,
        "var": 3.80395150185
    },
    "melbands_spread": {
        "dmean": 4.16979646683,
        "dmean2": 6.51737070084,
        "dvar": 59.7645339966,
        "dvar2": 131.886047363,
        "max": 160.689041138,
        "mean": 14.3870859146,
        "median": 10.7341537476,
        "min": 0.738205909729,
        "var": 206.420227051
    },
    "pitch_salience": {
        "dmean": 0.0618088804185,
        "dmean2": 0.0986012816429,
        "dvar": 0.00305862934329,
        "dvar2": 0.00763460900635,
        "max": 0.787259697914,
        "mean": 0.530092000961,
        "median": 0.537366330624,
        "min": 0.158436998725,
        "var": 0.0118568968028
    },
    "silence_rate_20dB": {
        "dmean": 0,
        "dmean2": 0,
        "dvar": 0,
        "dvar2": 0,
        "max": 1,
        "mean": 1,
        "median": 1,
        "min": 1,
        "var": 0
    },
    "silence_rate_30dB": {
        "dmean": 0.002323779976,
        "dmean2": 0.00464936066419,
        "dvar": 0.00231828982942,
        "dvar2": 0.00540279829875,
        "max": 1,
        "mean": 0.997677147388,
        "median": 1,
        "min": 0,
        "var": 0.00231740158051
    },
    "silence_rate_60dB": {
        "dmean": 0.0255615804344,
        "dmean2": 0.0511429682374,
        "dvar": 0.0249079409987,
        "dvar2": 0.0547266788781,
        "max": 1,
        "mean": 0.0762679055333,
        "median": 0,
        "min": 0,
        "var": 0.070450104773
    },
    "spectral_centroid": {
        "dmean": 170.452728271,
        "dmean2": 260.516113281,
        "dvar": 53537.171875,
        "dvar2": 109644.289062,
        "max": 3524.41455078,
        "mean": 863.63684082,
        "median": 761.603088379,
        "min": 195.105773926,
        "var": 266140.5
    },
    "spectral_complexity": {
        "dmean": 1.68241667747,
        "dmean2": 2.6819062233,
        "dvar": 3.339148283,
        "dvar2": 7.07319259644,
        "max": 36,
        "mean": 11.0685253143,
        "median": 9,
        "min": 0,
        "var": 38.7390098572
    },
    "spectral_decrease": {
        "dmean": 1.19375198615e-09,
        "dmean2": 1.85503279404e-09,
        "dvar": 3.40915044838e-18,
        "dvar2": 8.17280666828e-18,
        "max": -7.06170487212e-14,
        "mean": -4.6255466124e-09,
        "median": -2.79434031469e-09,
        "min": -3.84093219452e-08,
        "var": 2.44498707203e-17
    },
    "spectral_energy": {
        "dmean": 0.00463861739263,
        "dmean2": 0.00717532075942,
        "dvar": 5.05773386976e-05,
        "dvar2": 0.00012055120169,
        "max": 0.149901717901,
        "mean": 0.0184649284929,
        "median": 0.0111660435796,
        "min": 2.75649796322e-07,
        "var": 0.000388863147236
    },
    "spectral_energyband_high": {
        "dmean": 0.000135259935632,
        "dmean2": 0.000190780599951,
        "dvar": 1.9756410552e-07,
        "dvar2": 3.75822509113e-07,
        "max": 0.0108386827633,
        "mean": 0.000320114078932,
        "median": 9.21479440876e-05,
        "min": 2.1193171662e-09,
        "var": 6.80390655816e-07
    },
    "spectral_energyband_low": {
        "dmean": 0.00265745795332,
        "dmean2": 0.00435951165855,
        "dvar": 2.29171982937e-05,
        "dvar2": 6.26680921414e-05,
        "max": 0.0935152769089,
        "mean": 0.00583296176046,
        "median": 0.00324909389019,
        "min": 1.68716979942e-07,
        "var": 5.25463001395e-05
    },
    "spectral_energyband_middle_high": {
        "dmean": 0.000785385433119,
        "dmean2": 0.00109823385719,
        "dvar": 3.13817554343e-06,
        "dvar2": 6.26638984613e-06,
        "max": 0.042417306453,
        "mean": 0.00320237036794,
        "median": 0.00062965741381,
        "min": 2.08822630299e-08,
        "var": 3.51789021806e-05
    },
    "spectral_energyband_middle_low": {
        "dmean": 0.00377006526105,
        "dmean2": 0.00577578647062,
        "dvar": 3.49352958438e-05,
        "dvar2": 7.9903526057e-05,
        "max": 0.131058782339,
        "mean": 0.0122537380084,
        "median": 0.00742982979864,
        "min": 1.39349225492e-07,
        "var": 0.000184972901479
    },
    "spectral_entropy": {
        "dmean": 0.161309093237,
        "dmean2": 0.235822722316,
        "dvar": 0.0289356186986,
        "dvar2": 0.0545157156885,
        "max": 8.56439685822,
        "mean": 7.07157659531,
        "median": 7.12325668335,
        "min": 4.81994390488,
        "var": 0.3062967062
    },
    "spectral_flux": {
        "dmean": 0.0139133324847,
        "dmean2": 0.0229324959219,
        "dvar": 0.000262723915512,
        "dvar2": 0.000741403375287,
        "max": 0.232410341501,
        "mean": 0.0483663789928,
        "median": 0.0422751754522,
        "min": 0.000525023613591,
        "var": 0.000941894541029
    },
    "spectral_kurtosis": {
        "dmean": 2.89443349838,
        "dmean2": 4.90209817886,
        "dvar": 33.6187896729,
        "dvar2": 95.0032501221,
        "max": 141.992034912,
        "mean": 8.24464130402,
        "median": 3.73023366928,
        "min": -1.37222790718,
        "var": 329.046081543
    },
    "spectral_rms": {
        "dmean": 0.000498611479998,
        "dmean2": 0.000764110474847,
        "dvar": 3.03853681771e-07,
        "dvar2": 7.03163379967e-07,
        "max": 0.0120932040736,
        "mean": 0.0037891685497,
        "median": 0.00330056063831,
        "min": 1.63989825523e-05,
        "var": 3.65676896763e-06
    },
    "spectral_rolloff": {
        "dmean": 266.965270996,
        "dmean2": 459.458435059,
        "dvar": 568300.25,
        "dvar2": 1180655,
        "max": 10056.0058594,
        "mean": 900.317932129,
        "median": 495.263671875,
        "min": 150.732421875,
        "var": 1592554.375
    },
    "spectral_skewness": {
        "dmean": 0.28192615509,
        "dmean2": 0.455331295729,
        "dvar": 0.117462217808,
        "dvar2": 0.303834021091,
        "max": 10.1798791885,
        "mean": 1.8321429491,
        "median": 1.53787302971,
        "min": -0.246950626373,
        "var": 1.86320161819
    },
    "spectral_spread": {
        "dmean": 449608.03125,
        "dmean2": 641633.125,
        "dvar": 469416411136,
        "dvar2": 669353246720,
        "max": 26981708,
        "mean": 4069898,
        "median": 3897073.5,
        "min": 641549.9375,
        "var": 2.41217568768e+12
    },
    "spectral_strongpeak": {
        "dmean": 0.363635122776,
        "dmean2": 0.60745036602,
        "dvar": 0.512778043747,
        "dvar2": 1.31953072548,
        "max": 8.29106044769,
        "mean": 0.791295230389,
        "median": 0.414926707745,
        "min": 0,
        "var": 1.26386916637
    },
    "zerocrossingrate": {
        "dmean": 0.00738019542769,
        "dmean2": 0.00871944334358,
        "dvar": 0.00010302674491,
        "dvar2": 0.000107230662252,
        "max": 0.2978515625,
        "mean": 0.0419228114188,
        "median": 0.03662109375,
        "min": 0.00634765625,
        "var": 0.000991143635474
    },
    "barkbands": {
        "dmean": [2.1535292035e-05, 0.000335676566465, 0.00127949693706, 0.00259126746096, 0.00107652938459, 0.000527495576534, 0.000325762142893, 0.000246989773586, 0.000372977781808, 0.000718004361261, 0.000146567792399, 0.000242820198764, 4.42742639279e-05, 8.28991906019e-05, 0.000222869130084, 5.34041282663e-05, 6.33977688267e-05, 6.28870766377e-05, 4.84122283524e-05, 5.49493415747e-05, 2.86267641059e-05, 2.945104643e-05, 2.96334292216e-05, 4.68349498988e-05, 1.23788595374e-05, 1.18093339552e-08, 7.40783989706e-10],
        "dmean2": [3.42445382557e-05, 0.0005719299661, 0.00217853952199, 0.00406882725656, 0.00178924784996, 0.000787943543401, 0.000459480070276, 0.000354169838829, 0.000533893762622, 0.000997391529381, 0.000210566184251, 0.000352446484612, 7.10219246685e-05, 0.000120596203487, 0.000349381996784, 7.70338447182e-05, 9.59238677751e-05, 9.49089735514e-05, 7.32517728466e-05, 8.43451634864e-05, 4.56264715467e-05, 4.28453713539e-05, 4.21655895479e-05, 6.89376611263e-05, 1.90937280422e-05, 1.90891409346e-08, 1.36280797758e-09],
        "dvar": [6.44677822237e-09, 5.60041087283e-07, 6.8594727054e-06, 2.4468095944e-05, 3.32189733854e-06, 1.16088278901e-06, 4.04360719131e-07, 5.01330760017e-07, 1.05135347894e-06, 5.32043168278e-06, 4.65810074957e-07, 5.60712010156e-07, 1.05145510076e-08, 5.20888043809e-08, 5.0218142178e-07, 2.09467607704e-08, 2.69763251737e-08, 2.24440714902e-08, 1.6529963176e-08, 3.76311781736e-08, 8.92841267586e-09, 1.82053501163e-08, 1.27751471624e-08, 5.37706341674e-08, 4.51371473531e-09, 4.35461882821e-15, 2.29760271882e-18],
        "dvar2": [1.63792961416e-08, 1.38747043366e-06, 2.12615323107e-05, 5.8065772464e-05, 9.13762505661e-06, 2.55626423495e-06, 9.26654934119e-07, 1.11758777166e-06, 2.50923585554e-06, 1.04707469291e-05, 8.78006460425e-07, 1.24065775253e-06, 2.74240701259e-08, 1.13220352205e-07, 1.28331294036e-06, 3.84449521107e-08, 4.91202065689e-08, 5.03608070801e-08, 3.58676928158e-08, 9.37829298664e-08, 1.9422536468e-08, 3.41253816316e-08, 2.44625031343e-08, 1.21158265642e-07, 1.03063273471e-08, 1.10780762547e-14, 7.37046546234e-18],
        "max": [0.00221378169954, 0.0200799293816, 0.0506255552173, 0.110229089856, 0.0371163487434, 0.0238988790661, 0.0113108279184, 0.020455500111, 0.0230926796794, 0.0431848391891, 0.0219891965389, 0.0138887632638, 0.00224771909416, 0.00471502169967, 0.0132684595883, 0.00442364858463, 0.0042564580217, 0.0050947018899, 0.00317547121085, 0.00483758561313, 0.00266955955885, 0.00386983249336, 0.00266521493904, 0.00701607344672, 0.00173596281093, 1.86962415683e-06, 2.01785823606e-08],
        "mean": [0.000131825479912, 0.000604871776886, 0.00262931291945, 0.00424727704376, 0.00253438623622, 0.0015862773871, 0.000809089106042, 0.000579891784582, 0.000791112601291, 0.00196652975865, 0.000314792821882, 0.000605263805483, 8.00902853371e-05, 0.000201078772079, 0.000494241772685, 0.000112554429506, 0.000142284843605, 0.000146119418787, 0.000107552776171, 0.000109481385152, 5.65044465475e-05, 5.39727552678e-05, 5.37973101018e-05, 8.58838175191e-05, 2.07236516871e-05, 1.60878457223e-08, 6.8036443146e-10],
        "median": [0.000113633665023, 0.000163021919434, 0.00129645701963, 0.00221831258386, 0.0013195623178, 0.000680355762597, 0.000438256480265, 0.000135171852889, 9.3124275736e-05, 7.69359248807e-05, 2.27406580962e-05, 3.9055790694e-05, 3.25596374751e-05, 1.71499850694e-05, 3.90535242332e-05, 3.7542951759e-05, 4.61813397123e-05, 5.5147040257e-05, 2.78817478829e-05, 2.79491287074e-05, 2.0298310119e-05, 1.06330235212e-05, 9.82214714895e-06, 1.57090616995e-05, 3.01028262584e-06, 2.48386822221e-09, 2.67415867228e-10],
        "min": [1.14386733419e-09, 1.36356570479e-08, 8.27342887533e-08, 8.99653826991e-08, 1.98428793396e-08, 1.23953629583e-08, 1.16166241071e-08, 2.47831799527e-09, 3.02341596203e-09, 1.10581488411e-10, 6.24267526561e-10, 1.27686572426e-09, 2.60149124465e-09, 2.21233742437e-09, 3.04491054592e-09, 4.92400564767e-09, 3.3564180324e-09, 1.54980517308e-09, 6.62429111564e-10, 8.0540962788e-10, 6.16132034281e-10, 3.01852792761e-10, 1.13858505957e-10, 5.64504498701e-10, 1.35641650689e-10, 3.51393913967e-11, 5.44640825495e-11],
        "var": [9.18099019032e-09, 1.75624234089e-06, 1.50147561726e-05, 4.25766520493e-05, 1.22489100249e-05, 6.05305876888e-06, 1.51058895881e-06, 2.09806421481e-06, 2.74036392511e-06, 3.19591090374e-05, 2.22031621888e-06, 2.65876769845e-06, 2.29080185932e-08, 2.70050520612e-07, 1.98715451916e-06, 7.90074210499e-08, 9.43824005617e-08, 7.82053817261e-08, 4.81476725156e-08, 6.93737902679e-08, 1.99808756207e-08, 4.47084822497e-08, 3.36307977022e-08, 1.43615849879e-07, 9.31073174115e-09, 6.61623957254e-15, 1.69447452173e-18]
    },
    "erbbands": {
        "dmean": [0.00393651518971, 0.105297170579, 1.06958937645, 5.6974029541, 4.92958211899, 4.11048269272, 3.69998168945, 4.5999546051, 4.87063932419, 4.6359167099, 5.2395734787, 8.21944999695, 27.7368946075, 7.08556222916, 5.48541641235, 11.0833892822, 2.31433558464, 4.12715291977, 2.9390296936, 14.5400562286, 3.12583184242, 2.5610640049, 3.0290555954, 3.29094099998, 2.06661176682, 2.87660813332, 1.3661262989, 1.04051804543, 1.06842386723, 0.91636121273, 0.852706313133, 1.04971528053, 0.672862589359, 0.258464992046, 0.0213992651552, 0.000944719882682, 4.46241683676e-05, 5.8363430071e-06, 2.95654558613e-06, 5.28173268322e-06],
        "dmean2": [0.00644116429612, 0.182281881571, 1.84626579285, 9.08550739288, 7.80165958405, 6.98301649094, 5.57227945328, 7.12811756134, 6.94939279556, 6.88825178146, 7.42577648163, 12.002196312, 37.8587188721, 9.78303623199, 7.89821863174, 15.9072408676, 3.59588932991, 6.124792099, 4.36354780197, 22.5901355743, 4.63794755936, 3.76045203209, 4.57434177399, 4.94380807877, 3.22248721123, 4.48298501968, 2.06963634491, 1.59459733963, 1.55549371243, 1.34823513031, 1.21394276619, 1.5528601408, 1.02614581585, 0.399923235178, 0.0308556072414, 0.00136122072581, 6.47160195513e-05, 8.47952469485e-06, 4.30337968282e-06, 8.05317358754e-06],
        "dvar": [0.000136495436891, 0.0493787378073, 4.53577184677, 108.683685303, 78.0252914429, 67.0096282959, 38.4680137634, 111.057731628, 75.1491241455, 229.022857666, 267.565490723, 663.748840332, 8417.99902344, 390.01449585, 399.97253418, 1302.11035156, 23.0337371826, 136.624404907, 53.225769043, 2121.74121094, 47.4239883423, 40.4041442871, 79.3194198608, 68.7464752197, 26.2056846619, 127.037193298, 13.6522407532, 18.8174476624, 25.6878757477, 12.9250230789, 11.4575490952, 30.0679855347, 11.319475174, 1.95181357861, 0.0130704501644, 2.65238741122e-05, 4.77148276445e-08, 6.29002960828e-10, 3.34537710034e-11, 6.13058007137e-11],
        "dvar2": [0.000330533803208, 0.125135228038, 13.7566680908, 273.787780762, 177.430603027, 185.55758667, 98.1255722046, 259.539306641, 171.844512939, 574.155822754, 557.877990723, 1672.44360352, 16193.5419922, 779.35357666, 756.361450195, 2839.73071289, 54.9830627441, 308.470123291, 120.715660095, 5357.38769531, 80.9857177734, 70.8442306519, 185.717910767, 156.513473511, 60.9893875122, 322.652252197, 29.2891387939, 37.448474884, 49.1753692627, 23.3025836945, 22.8156337738, 68.5202560425, 24.6009654999, 4.48160648346, 0.0266781151295, 5.55972328584e-05, 9.71669109617e-08, 1.24915000566e-09, 6.64439475662e-11, 1.4290708894e-10],
        "max": [0.26359936595, 5.89436435699, 45.1083526611, 192.534317017, 184.240570068, 186.428237915, 113.67943573, 219.546707153, 174.762710571, 399.36340332, 579.051696777, 652.224060059, 1958.25939941, 566.051330566, 781.579101562, 694.681091309, 134.797561646, 211.843414307, 177.752365112, 875.977050781, 266.978118896, 194.872665405, 323.176147461, 260.171905518, 91.1825790405, 288.839050293, 77.602142334, 127.192703247, 146.34928894, 124.942863464, 102.351730347, 184.122344971, 88.0480728149, 36.5912742615, 3.30336689949, 0.15151374042, 0.00603155139834, 0.000589901697822, 0.000123672682093, 0.000168299404322],
        "mean": [0.0103477332741, 0.198254048824, 2.30103754997, 10.3174934387, 9.24106502533, 9.82486057281, 9.91566753387, 13.0558099747, 12.5029659271, 11.1911706924, 13.2309455872, 18.8480167389, 79.0291976929, 16.8572101593, 13.2009973526, 28.5424804688, 5.59507036209, 9.8278875351, 7.98136949539, 32.7679176331, 7.81560182571, 6.5002746582, 7.20657396317, 7.83912324905, 4.812977314, 5.3719625473, 3.03081965446, 2.01876330376, 1.91528213024, 1.62425041199, 1.60457026958, 1.94388699532, 1.21749210358, 0.459396034479, 0.0365898571908, 0.00164520391263, 9.25881395233e-05, 1.35438694997e-05, 1.19277356134e-05, 2.2043235731e-05],
        "median": [0.0019291783683, 0.0647867918015, 1.11470448971, 5.78650474548, 5.12589025497, 4.37864780426, 5.44387769699, 4.98847675323, 7.18592834473, 3.75836706161, 3.45545244217, 2.58095884323, 2.05083155632, 2.32038354874, 1.74838662148, 1.49302363396, 1.82333540916, 1.06176686287, 1.40905153751, 2.46332716942, 2.53376555443, 2.33877301216, 3.20605778694, 2.36806321144, 1.39401686192, 1.29675519466, 1.12403082848, 0.591718316078, 0.379504442215, 0.261750429869, 0.300685882568, 0.355198651552, 0.214474976063, 0.0714055448771, 0.00528211053461, 0.000254127022345, 2.00081613002e-05, 3.43991064256e-06, 6.63352648189e-06, 1.32763416332e-05],
        "min": [7.20861862646e-07, 8.08817549114e-06, 7.04365666024e-05, 0.000241298068431, 0.000155187241035, 3.92857691622e-05, 0.000108638247184, 0.000102544589026, 0.000150265870616, 0.000129813008243, 4.1420058551e-05, 8.56878032209e-05, 8.84643486643e-06, 1.09039392555e-05, 4.26144179073e-05, 5.20680550835e-05, 0.000128448882606, 4.77850117022e-05, 0.000124949379824, 0.000426871032687, 0.000172207859578, 0.000121399381896, 9.4235612778e-05, 5.68388059037e-05, 4.5114018576e-05, 4.51006053481e-05, 3.35411132255e-05, 1.17772133308e-05, 1.09233351395e-05, 4.01277020501e-06, 4.71726070828e-06, 1.65640230989e-05, 4.62315983896e-06, 2.58985187429e-06, 5.19182947301e-07, 1.32273001441e-07, 6.43696509428e-08, 2.9311948424e-08, 7.64053442737e-09, 1.11757958443e-09],
        "var": [0.000571885320824, 0.148616075516, 11.630487442, 194.523269653, 169.355133057, 261.550720215, 161.962524414, 464.891174316, 278.55368042, 646.931396484, 1238.65930176, 1453.23632812, 52947.5625, 1501.05847168, 1910.29748535, 6369.14306641, 83.8532333374, 594.456298828, 292.619842529, 8518.79589844, 209.859390259, 166.139511108, 206.754241943, 239.55178833, 79.1138305664, 202.066314697, 35.9245185852, 41.2291984558, 58.8328437805, 36.5425643921, 30.1728420258, 85.0604782104, 26.076631546, 4.19661855698, 0.0293421074748, 5.81127824262e-05, 1.27848053921e-07, 2.0003552148e-09, 2.09968764597e-10, 5.34415733888e-10]
    },
    "gfcc": {
        "mean": [-76.7593612671, 140.088409424, -128.194061279, 52.4896430969, -76.1282348633, 7.97945404053, -46.543712616, -6.37427043915, -16.9591236115, -27.6111164093, -1.71451711655, -27.0444374084, 2.75125670433],
        "cov": [[6140.08056641, -1467.60900879, -1177.3527832, 323.12399292, -400.696563721, 404.359741211, -134.739379883, 578.23425293, -244.974822998, 4.26455545425, -77.8089370728, -123.653404236, 216.821868896], [-1467.60900879, 1193.43774414, 214.482696533, -550.240783691, 368.038391113, -108.76399231, 256.990356445, -226.705032349, 108.824409485, -18.4189624786, 53.1761474609, -45.9244384766, 33.2124137878], [-1177.3527832, 214.482696533, 666.668457031, -35.1956558228, -0.240434214473, 17.9964027405, 11.3602609634, -130.0415802, 41.2584381104, 34.1123313904, -21.6064472198, 49.9449234009, -90.1059951782], [323.12399292, -550.240783691, -35.1956558228, 614.244445801, -72.8270111084, -92.4706344604, -132.994613647, 36.2394142151, -31.3784732819, 24.5252914429, 8.21361446381, 50.6468925476, -43.720287323], [-400.696563721, 368.038391113, -0.240434214473, -72.8270111084, 294.998199463, -24.8426895142, 67.9752578735, -70.8798675537, 17.7853355408, 2.0814883709, 36.3479194641, -18.6503639221, 20.9193649292], [404.359741211, -108.76399231, 17.9964027405, -92.4706344604, -24.8426895142, 213.463760376, 20.3239498138, 32.3260726929, -14.9016981125, 19.2644500732, -25.2897129059, -9.68621826172, 12.1190061569], [-134.739379883, 256.990356445, 11.3602609634, -132.994613647, 67.9752578735, 20.3239498138, 166.657363892, -33.1052017212, 7.81739187241, -8.18897247314, 0.880576848984, -16.6258926392, 15.8807487488], [578.23425293, -226.705032349, -130.0415802, 36.2394142151, -70.8798675537, 32.3260726929, -33.1052017212, 151.251815796, -24.757276535, -15.0900239944, -11.2317819595, -3.01198339462, 25.4400691986], [-244.974822998, 108.824409485, 41.2584381104, -31.3784732819, 17.7853355408, -14.9016981125, 7.81739187241, -24.757276535, 90.9359741211, 22.6393184662, -5.96452999115, 4.78581905365, -12.2111625671], [4.26455545425, -18.4189624786, 34.1123313904, 24.5252914429, 2.0814883709, 19.2644500732, -8.18897247314, -15.0900239944, 22.6393184662, 96.1740112305, 20.015209198, 7.73402643204, -6.5901184082], [-77.8089370728, 53.1761474609, -21.6064472198, 8.21361446381, 36.3479194641, -25.2897129059, 0.880576848984, -11.2317819595, -5.96452999115, 20.015209198, 75.9865112305, 24.8709163666, -5.01136064529], [-123.653404236, -45.9244384766, 49.9449234009, 50.6468925476, -18.6503639221, -9.68621826172, -16.6258926392, -3.01198339462, 4.78581905365, 7.73402643204, 24.8709163666, 79.3158340454, 7.56473302841], [216.821868896, 33.2124137878, -90.1059951782, -43.720287323, 20.9193649292, 12.1190061569, 15.8807487488, 25.4400691986, -12.2111625671, -6.5901184082, -5.01136064529, 7.56473302841, 89.7744750977]],
        "icov": [[0.000507497345097, 3.13025120704e-05, 0.000609168957453, -0.000295164471027, 0.000366968975868, -0.000825968047138, -5.92736141698e-05, -0.000813408172689, 0.000516733329277, -0.00034412171226, 3.57691387762e-05, 0.000595705409069, -0.000505805539433], [3.13025120704e-05, 0.0124402334914, -0.00334979128093, 0.0080062225461, -0.00764314644039, 0.00788912642747, -0.00759737659246, 0.00639548152685, -0.00744139589369, 0.00279916473664, -0.00642128055915, 0.00477575091645, -0.00546096358448], [0.000609168957453, -0.00334979128093, 0.00416903104633, -0.00210757530294, 0.00236437073909, -0.00336179835722, 0.00199410039932, -0.0010745273903, 0.0029716596473, -0.00201551616192, 0.00403845636174, -0.003333741799, 0.00354326888919], [-0.000295164471027, 0.0080062225461, -0.00210757530294, 0.00788157153875, -0.00537962373346, 0.00678995763883, -0.00354660861194, 0.00420236028731, -0.00363474199548, 0.000652930582874, -0.00259009469301, 0.000550665485207, -0.0013900421327], [0.000366968975868, -0.00764314644039, 0.00236437073909, -0.00537962373346, 0.00987004116178, -0.00550944171846, 0.00346058770083, -0.00253955484368, 0.00381054729223, -0.00114458007738, 0.000664187129587, -2.52370391536e-05, 0.000719325907994], [-0.000825968047138, 0.00788912642747, -0.00336179835722, 0.00678995763883, -0.00550944171846, 0.0126005019993, -0.00524716125801, 0.00372126116417, -0.00354367122054, -0.000397664378397, -0.00133956968784, 0.00123091065325, -0.00222443719395], [-5.92736141698e-05, -0.00759737659246, 0.00199410039932, -0.00354660861194, 0.00346058770083, -0.00524716125801, 0.0126323485747, -0.00266636325978, 0.00445610564202, -0.00110406707972, 0.00385463866405, -0.00237982603721, 0.00259179575369], [-0.000813408172689, 0.00639548152685, -0.0010745273903, 0.00420236028731, -0.00253955484368, 0.00372126116417, -0.00266636325978, 0.0148665783927, -0.00414593657479, 0.00327257323079, -0.00335379363969, 0.00162985757925, -0.0037334584631], [0.000516733329277, -0.00744139589369, 0.0029716596473, -0.00363474199548, 0.00381054729223, -0.00354367122054, 0.00445610564202, -0.00414593657479, 0.0191752370447, -0.00671697221696, 0.00880511663854, -0.00562730943784, 0.00577535200864], [-0.00034412171226, 0.00279916473664, -0.00201551616192, 0.000652930582874, -0.00114458007738, -0.000397664378397, -0.00110406707972, 0.00327257323079, -0.00671697221696, 0.014751416631, -0.00767725100741, 0.00315735000186, -0.00284648872912], [3.57691387762e-05, -0.00642128055915, 0.00403845636174, -0.00259009469301, 0.000664187129587, -0.00133956968784, 0.00385463866405, -0.00335379363969, 0.00880511663854, -0.00767725100741, 0.0251266080886, -0.0123458597809, 0.00845278706402], [0.000595705409069, 0.00477575091645, -0.003333741799, 0.000550665485207, -2.52370391536e-05, 0.00123091065325, -0.00237982603721, 0.00162985757925, -0.00562730943784, 0.00315735000186, -0.0123458597809, 0.022576244548, -0.00960977282375], [-0.000505805539433, -0.00546096358448, 0.00354326888919, -0.0013900421327, 0.000719325907994, -0.00222443719395, 0.00259179575369, -0.0037334584631, 0.00577535200864, -0.00284648872912, 0.00845278706402, -0.00960977282375, 0.0198507271707]]
    },
    "melbands": {
        "dmean": [5.90436247876e-05, 0.0004111508606, 0.000931963848416, 0.000284739187919, 0.000139210518682, 0.000101210185676, 7.2513903433e-05, 4.91801001772e-05, 4.39958057541e-05, 5.8403951698e-05, 0.000137204449857, 2.67190716841e-05, 2.13046805584e-05, 2.9234586691e-05, 1.30916178023e-05, 4.19380467065e-06, 8.9377972472e-06, 4.31973649029e-06, 1.5996674847e-05, 1.18634707178e-05, 3.7449303818e-06, 2.91138599096e-06, 3.50205073119e-06, 3.53793961949e-06, 2.82862356471e-06, 1.86764907539e-06, 1.78157574737e-06, 1.9335975594e-06, 9.46275406477e-07, 8.62456715822e-07, 6.03010278155e-07, 6.60415196307e-07, 5.5537117305e-07, 5.15512112997e-07, 4.8966921895e-07, 6.31687157693e-07, 6.8639269557e-07, 5.76114700834e-07, 3.10611824261e-07, 2.05325250136e-07],
        "dmean2": [9.88604588201e-05, 0.000711221597157, 0.00147266651038, 0.000470950588351, 0.000216211425141, 0.000155300149345, 0.000102384743514, 7.29925232008e-05, 6.29182468401e-05, 8.40879074531e-05, 0.000187458586879, 3.71212336177e-05, 3.02423832181e-05, 4.21925760747e-05, 1.89648271771e-05, 6.91314380674e-06, 1.31792658067e-05, 6.20490254732e-06, 2.51094752457e-05, 1.8101225578e-05, 5.67143479202e-06, 4.22164794145e-06, 5.44249951417e-06, 5.39384564036e-06, 4.29475767305e-06, 2.95075255963e-06, 2.82215501102e-06, 2.9794882721e-06, 1.43891406879e-06, 1.39974224567e-06, 9.22435788198e-07, 9.89102318272e-07, 8.30812382446e-07, 7.77992340772e-07, 6.98759379247e-07, 9.7083102446e-07, 1.01818170606e-06, 9.02258193491e-07, 4.87976421937e-07, 3.21913859125e-07],
        "dvar": [2.13345607847e-08, 6.74174373216e-07, 2.89788681584e-06, 2.31015789609e-07, 5.42583826757e-08, 5.00112058432e-08, 1.56516684058e-08, 2.4194086734e-08, 1.80067853961e-08, 2.96169115899e-08, 2.04243875146e-07, 6.72415012559e-09, 9.16612208357e-09, 8.46516634567e-09, 1.44159550963e-09, 1.41447367707e-10, 6.46425191153e-10, 1.45265563467e-10, 2.74979838899e-09, 1.14103326787e-09, 9.87543311015e-11, 6.43330042016e-11, 1.11284002846e-10, 8.80290007554e-11, 5.16758233426e-11, 2.33656219373e-11, 3.70619993029e-11, 4.98526810111e-11, 6.45461635529e-12, 7.3394849226e-12, 7.63253522884e-12, 1.09214842031e-11, 5.3199077088e-12, 4.29112778297e-12, 3.27734389106e-12, 1.04854631922e-11, 1.53801624214e-11, 1.03318143971e-11, 1.81584500041e-12, 1.80139334439e-12],
        "dvar2": [5.16399722983e-08, 2.00609997592e-06, 6.99756219547e-06, 5.99799818701e-07, 1.43359400795e-07, 1.13417804926e-07, 3.51135582832e-08, 6.08841261851e-08, 3.81635096858e-08, 7.24894348991e-08, 3.93913467178e-07, 1.36888154145e-08, 1.73508354351e-08, 1.87687057007e-08, 3.19362070123e-09, 3.63156976713e-10, 1.44499401333e-09, 3.11417946985e-10, 6.94160728898e-09, 2.78284773003e-09, 1.67114877492e-10, 1.23741905611e-10, 2.18381937533e-10, 2.19321352746e-10, 1.17851964299e-10, 5.23065826763e-11, 9.61207988204e-11, 1.22687568438e-10, 1.39450577821e-11, 1.77181776195e-11, 1.56794507933e-11, 2.296012859e-11, 9.42313414798e-12, 8.43371032733e-12, 6.22177396409e-12, 2.69939695596e-11, 3.47538352263e-11, 2.29538454216e-11, 4.47102771473e-12, 4.25428832787e-12],
        "max": [0.00387601787224, 0.0181120187044, 0.0358667038381, 0.0111315743998, 0.00418148143217, 0.00491427397355, 0.00262237759307, 0.00412936368957, 0.00464862445369, 0.00437346845865, 0.0094847092405, 0.00262304022908, 0.00346968765371, 0.00178451696411, 0.000804498326033, 0.000222308837692, 0.000481506576762, 0.000328677764628, 0.00109772186261, 0.000629991933238, 0.00035006320104, 0.000268892326858, 0.0003744395799, 0.000327187852236, 0.000215929569094, 9.73420101218e-05, 0.00014192215167, 0.000173586246092, 5.0275662943e-05, 7.94324150775e-05, 7.21170508768e-05, 9.47168082348e-05, 7.30672836653e-05, 6.88873187755e-05, 4.15290996898e-05, 9.88394240267e-05, 0.000140239688335, 8.97128411452e-05, 3.54921685357e-05, 4.20856376877e-05],
        "mean": [0.000127798790345, 0.000868932460435, 0.00174378743395, 0.000660519173834, 0.000375353411073, 0.000295107078273, 0.000186678749742, 0.00011698542221, 0.000107333304186, 0.000132667337311, 0.000387916894397, 5.6850589317e-05, 4.58996182715e-05, 7.23057964933e-05, 3.26000554196e-05, 8.04400860943e-06, 2.08453420782e-05, 1.0149917216e-05, 3.68104119843e-05, 2.60570450337e-05, 7.91894035501e-06, 6.53056440569e-06, 7.10432823325e-06, 7.38115068089e-06, 6.21843037152e-06, 3.91840649172e-06, 3.33182651957e-06, 3.5138880321e-06, 1.9910487481e-06, 1.53494477217e-06, 1.06268964828e-06, 1.11210772502e-06, 9.67023197518e-07, 8.63865238898e-07, 8.59122621932e-07, 1.11369956812e-06, 1.20989955121e-06, 9.48513900312e-07, 5.55135727609e-07, 3.32634783717e-07],
        "median": [3.26287918142e-05, 0.000402299396228, 0.000995438313112, 0.000349819398252, 0.000194854379515, 0.000111803863547, 0.000106316205347, 3.33421558025e-05, 2.70422715403e-05, 1.39052817758e-05, 9.16698445508e-06, 8.99959832168e-06, 4.93867673867e-06, 4.81237248096e-06, 3.51450808012e-06, 2.97050223708e-06, 1.78690152097e-06, 1.8243742943e-06, 2.96076336781e-06, 3.07839400193e-06, 2.59387002188e-06, 2.03744980354e-06, 2.62148364527e-06, 2.8785404993e-06, 1.69637496583e-06, 9.1330343821e-07, 9.74661020336e-07, 7.57473287649e-07, 6.73512943195e-07, 4.74011642382e-07, 2.51058850154e-07, 2.06652956081e-07, 1.50830047119e-07, 1.3604253013e-07, 1.51402744564e-07, 1.98626992187e-07, 2.17432898353e-07, 1.5326999403e-07, 9.19518257092e-08, 4.43030678809e-08],
        "min": [7.16302306358e-09, 2.82568937138e-08, 3.99554842545e-08, 5.47619682933e-09, 3.50570728003e-09, 2.25652518893e-09, 2.36169972467e-09, 1.25395804851e-09, 3.45742517949e-10, 4.8835036015e-10, 1.84780593604e-11, 3.64187048574e-11, 1.26719315596e-10, 1.65287852849e-10, 2.36745040239e-10, 1.80654380344e-10, 9.32748184246e-11, 2.3709539887e-10, 3.07517955545e-10, 5.15817555335e-10, 1.75024633675e-10, 1.28480268091e-10, 1.3170388391e-10, 7.16841377923e-11, 4.17214804371e-11, 2.57946806276e-11, 3.67960939496e-11, 2.61778151239e-11, 2.49730670171e-11, 8.9216386015e-12, 6.17866955516e-12, 8.24998663135e-12, 2.49041911225e-12, 1.75362708296e-12, 1.70576107492e-12, 6.78594463607e-12, 1.06528128332e-11, 2.3307534288e-12, 2.82860974227e-12, 2.22246570106e-12],
        "var": [7.87313183537e-08, 1.73594855823e-06, 5.64337324249e-06, 7.95236701379e-07, 2.29640846783e-07, 2.3200924204e-07, 6.23556744017e-08, 6.87301522362e-08, 7.62603988846e-08, 7.36479819352e-08, 1.2803776599e-06, 2.22142233497e-08, 4.24171453517e-08, 3.888990463e-08, 6.67771926643e-09, 3.07919578724e-10, 2.95908053616e-09, 8.20542467306e-10, 1.1439883707e-08, 4.36614655541e-09, 3.00199060055e-10, 1.75552350434e-10, 4.18272361191e-10, 1.85380100159e-10, 1.69775971059e-10, 6.57194507148e-11, 5.94253257713e-11, 8.8058130232e-11, 1.6540309053e-11, 1.50143959765e-11, 1.49585569625e-11, 2.09954588437e-11, 1.48639382053e-11, 1.09387689878e-11, 8.43385951355e-12, 2.3695136131e-11, 3.83712991936e-11, 1.99274086815e-11, 4.016122504e-12, 3.09258456517e-12]
    },
    "mfcc": {
        "mean": [-700.584838867, 136.569366455, 16.0411243439, 27.2782802582, 7.56399488449, -4.93713760376, -4.82136392593, -0.63013446331, -6.73190069199, -3.15062046051, -12.4639406204, -2.42640042305, -7.87873601913],
        "cov": [[6520.99853516, -1545.26477051, -953.560791016, -113.011520386, -123.301956177, -347.060882568, 170.502120972, 128.958831787, 129.688110352, 322.540466309, -142.538406372, -195.777053833, -147.14289856], [-1545.26477051, 1436.73071289, -45.3006439209, -300.565093994, -8.96424865723, 121.303001404, 99.8320846558, -73.811126709, 58.7829704285, -0.435591876507, 16.0014839172, 10.2808818817, 4.11073064804], [-953.560791016, -45.3006439209, 649.287780762, -37.9233970642, -29.3704681396, 107.225730896, -67.9443588257, -5.66283464432, -25.4539966583, -77.0596466064, 81.7927780151, 9.0887336731, 8.78579330444], [-113.011520386, -300.565093994, -37.9233970642, 482.14276123, 71.1150283813, -17.5812358856, -55.8883018494, -14.3030576706, -57.8874435425, -79.0213165283, 8.8057641983, 59.2240562439, 37.1641921997], [-123.301956177, -8.96424865723, -29.3704681396, 71.1150283813, 166.751556396, 21.9828872681, -4.88282871246, -15.2132492065, -12.5377855301, -15.1889448166, -4.60882711411, 19.8834075928, 17.1521492004], [-347.060882568, 121.303001404, 107.225730896, -17.5812358856, 21.9828872681, 189.822540283, 18.9295787811, -31.4044246674, 11.526307106, -22.2638626099, 46.311882019, 6.86647796631, 20.3213710785], [170.502120972, 99.8320846558, -67.9443588257, -55.8883018494, -4.88282871246, 18.9295787811, 141.500152588, 12.2159500122, 5.66094350815, 23.3939342499, -22.4576873779, -16.2811450958, -11.196931839], [128.958831787, -73.811126709, -5.66283464432, -14.3030576706, -15.2132492065, -31.4044246674, 12.2159500122, 93.8230819702, 7.06914520264, 2.6527326107, -16.1361293793, -22.0247440338, -1.97976887226], [129.688110352, 58.7829704285, -25.4539966583, -57.8874435425, -12.5377855301, 11.526307106, 5.66094350815, 7.06914520264, 103.058639526, 29.1274185181, -17.0030345917, -20.7517242432, -14.07421875], [322.540466309, -0.435591876507, -77.0596466064, -79.0213165283, -15.1889448166, -22.2638626099, 23.3939342499, 2.6527326107, 29.1274185181, 107.719146729, -13.4035205841, -36.4113807678, -17.4999885559], [-142.538406372, 16.0014839172, 81.7927780151, 8.8057641983, -4.60882711411, 46.311882019, -22.4576873779, -16.1361293793, -17.0030345917, -13.4035205841, 102.443481445, 22.8161258698, 14.0016670227], [-195.777053833, 10.2808818817, 9.0887336731, 59.2240562439, 19.8834075928, 6.86647796631, -16.2811450958, -22.0247440338, -20.7517242432, -36.4113807678, 22.8161258698, 93.8696899414, 27.181886673], [-147.14289856, 4.11073064804, 8.78579330444, 37.1641921997, 17.1521492004, 20.3213710785, -11.196931839, -1.97976887226, -14.07421875, -17.4999885559, 14.0016670227, 27.181886673, 77.9160995483]],
