{
"lowlevel": {
    "average_loudness": 0.712872803211,
    "barkbands_crest": {
        "dmean": 2.46317315102,
        "dmean2": 4.1824464798,
        "dvar": 3.94131016731,
        "dvar2": 11.2180585861,
        "max": 23.3671321869,
        "mean": 12.3562088013,
        "median": 11.8963899612,
        "min": 4.41027832031,
        "var": 11.5268726349
    },
    "barkbands_flatness_db": {
        "dmean": 0.02579741925,
        "dmean2": 0.0405446365476,
        "dvar": 0.000520490400959,
        "dvar2": 0.00124646013137,
        "max": 0.468361377716,
        "mean": 0.30285808444,
        "median": 0.307419598103,
        "min": 0.111886613071,
        "var": 0.00367178232409
    },
    "barkbands_kurtosis": {
        "dmean": 8.9828748703,
        "dmean2": 14.3924560547,
        "dvar": 119.41506958,
        "dvar2": 299.163391113,
        "max": 120.397277832,
        "mean": 21.4886054993,
        "median": 17.3787250519,
        "min": -1.89404320717,
        "var": 291.883544922
    },
    "barkbands_skewness": {
        "dmean": 0.736686646938,
        "dmean2": 1.1620606184,
        "dvar": 0.522140026093,
        "dvar2": 1.28045082092,
        "max": 9.31676006317,
        "mean": 2.87047195435,
        "median": 2.83588933945,
        "min": -1.31749677658,
        "var": 2.11746072769
    },
    "barkbands_spread": {
        "dmean": 2.01997756958,
        "dmean2": 3.05121612549,
        "dvar": 27.7910766602,
        "dvar2": 55.8406486511,
        "max": 87.0887985229,
        "mean": 5.80729055405,
        "median": 2.89698934555,
        "min": 0.47510305047,
        "var": 104.570396423
    },
    "dissonance": {
        "dmean": 0.0281941853464,
        "dmean2": 0.0469001494348,
        "dvar": 0.000678064068779,
        "dvar2": 0.00181665446144,
        "max": 0.500000059605,
        "mean": 0.426294803619,
        "median": 0.435718685389,
        "min": 0.166691362858,
        "var": 0.00294072087854
    },
    "dynamic_complexity": 3.20153641701,
    "erbbands_crest": {
        "dmean": 2.41032528877,
        "dmean2": 3.88981366158,
        "dvar": 4.96597909927,
        "dvar2": 12.9322519302,
        "max": 27.9832935333,
        "mean": 11.1935014725,
        "median": 10.5351495743,
        "min": 3.11378693581,
        "var": 17.0647220612
    },
    "erbbands_flatness_db": {
        "dmean": 0.0167536344379,
        "dmean2": 0.0243043042719,
        "dvar": 0.000251822028076,
        "dvar2": 0.000502637587488,
        "max": 0.42900544405,
        "mean": 0.222429230809,
        "median": 0.223383411765,
        "min": 0.101100899279,
        "var": 0.00286972499453
    },
    "erbbands_kurtosis": {
        "dmean": 3.11496281624,
        "dmean2": 4.92609596252,
        "dvar": 26.0956192017,
        "dvar2": 59.4157104492,
        "max": 146.690353394,
        "mean": 7.71201038361,
        "median": 5.59798431396,
        "min": -1.86054265499,
        "var": 119.56816864
    },
    "erbbands_skewness": {
        "dmean": 0.47183355689,
        "dmean2": 0.706338882446,
        "dvar": 0.240463167429,
        "dvar2": 0.498434811831,
        "max": 8.84736347198,
        "mean": 1.85849285126,
        "median": 1.94400238991,
        "min": -3.15631532669,
        "var": 1.51442861557
    },
    "erbbands_spread": {
        "dmean": 7.1050362587,
        "dmean2": 10.4925041199,
        "dvar": 145.533187866,
        "dvar2": 279.622039795,
        "max": 169.41418457,
        "mean": 28.656829834,
        "median": 18.7829608917,
        "min": 1.33859574795,
        "var": 694.805847168
    },
    "hfc": {
        "dmean": 3.15179920197,
        "dmean2": 4.8300447464,
        "dvar": 19.6062889099,
        "dvar2": 45.0222244263,
        "max": 103.334495544,
        "mean": 10.4807071686,
        "median": 8.5703830719,
        "min": 0.000209622710827,
        "var": 93.1744155884
    },
    "melbands_crest": {
        "dmean": 3.18946290016,
        "dmean2": 5.45084238052,
        "dvar": 6.55180311203,
        "dvar2": 19.5401191711,
        "max": 31.4797706604,
        "mean": 17.2571697235,
        "median": 16.9123668671,
        "min": 7.52711057663,
        "var": 17.7576313019
    },
    "melbands_flatness_db": {
        "dmean": 0.0282982066274,
        "dmean2": 0.0424431115389,
        "dvar": 0.000681021017954,
        "dvar2": 0.00144039723091,
        "max": 0.589374244213,
        "mean": 0.388291627169,
        "median": 0.397932261229,
        "min": 0.122859314084,
        "var": 0.0056809107773
    },
    "melbands_kurtosis": {
        "dmean": 15.3144922256,
        "dmean2": 24.6241092682,
        "dvar": 445.498352051,
        "dvar2": 1130.19348145,
        "max": 305.424621582,
        "mean": 36.6102828979,
        "median": 28.0908603668,
        "min": -0.832297563553,
        "var": 1094.66418457
    },
    "melbands_skewness": {
        "dmean": 0.849661052227,
        "dmean2": 1.33000934124,
        "dvar": 0.898677110672,
        "dvar2": 2.15764188766,
        "max": 12.8292741776,
        "mean": 3.5718331337,
        "median": 3.24300837517,
        "min": -1.12071812153,
        "var": 4.06863117218
    },
    "melbands_spread": {
        "dmean": 1.51409292221,
        "dmean2": 2.40966057777,
        "dvar": 16.6298351288,
        "dvar2": 39.0648498535,
        "max": 92.3564529419,
        "mean": 4.32678508759,
        "median": 2.74184989929,
        "min": 0.487455636263,
        "var": 46.1398162842
    },
    "pitch_salience": {
        "dmean": 0.0738882049918,
        "dmean2": 0.125918105245,
        "dvar": 0.00377048016526,
        "dvar2": 0.0107074696571,
        "max": 0.815913379192,
        "mean": 0.546328425407,
        "median": 0.557279407978,
        "min": 0.158829897642,
        "var": 0.010763338767
    },
    "silence_rate_20dB": {
        "dmean": 0,
        "dmean2": 0,
        "dvar": 0,
        "dvar2": 0,
        "max": 1,
        "mean": 1,
        "median": 1,
        "min": 1,
        "var": 0
    },
    "silence_rate_30dB": {
        "dmean": 0.0626934990287,
        "dmean2": 0.125435546041,
        "dvar": 0.0587630607188,
        "dvar2": 0.142997145653,
        "max": 1,
        "mean": 0.878529965878,
        "median": 1,
        "min": 0,
        "var": 0.106714330614
    },
    "silence_rate_60dB": {
        "dmean": 0.00696594407782,
        "dmean2": 0.013937282376,
        "dvar": 0.00691669713706,
        "dvar2": 0.0137433111668,
        "max": 1,
        "mean": 0.0549323000014,
        "median": 0,
        "min": 0,
        "var": 0.051917925477
    },
    "spectral_centroid": {
        "dmean": 96.4077758789,
        "dmean2": 137.343307495,
        "dvar": 51406.6328125,
        "dvar2": 83437.1328125,
        "max": 3930.70629883,
        "mean": 443.859924316,
        "median": 295.766082764,
        "min": 140.706314087,
        "var": 256064.375
    },
    "spectral_complexity": {
        "dmean": 1.57043337822,
        "dmean2": 2.49167633057,
        "dvar": 3.01978516579,
        "dvar2": 5.59806346893,
        "max": 40,
        "mean": 8.28162479401,
        "median": 8,
        "min": 0,
        "var": 16.2532730103
    },
    "spectral_decrease": {
        "dmean": 4.7800536862e-09,
        "dmean2": 7.89987275596e-09,
        "dvar": 3.6137952628e-17,
        "dvar2": 1.0350137781e-16,
        "max": -2.17192109024e-13,
        "mean": -1.43101441807e-08,
        "median": -1.16763585467e-08,
        "min": -8.28756512306e-08,
        "var": 1.33994590381e-16
    },
    "spectral_energy": {
        "dmean": 0.018245074898,
        "dmean2": 0.0301602631807,
        "dvar": 0.000526660471223,
        "dvar2": 0.00150820752606,
        "max": 0.31579297781,
        "mean": 0.0549603812397,
        "median": 0.0449583679438,
        "min": 8.38746132104e-07,
        "var": 0.00195031217299
    },
    "spectral_energyband_high": {
        "dmean": 0.000139120777021,
        "dmean2": 0.000181560579222,
        "dvar": 2.84192310573e-07,
        "dvar2": 4.91432160743e-07,
        "max": 0.0152034563944,
        "mean": 0.000302194937831,
        "median": 2.51644287346e-05,
        "min": 2.01653294063e-09,
        "var": 1.22270910197e-06
    },
    "spectral_energyband_low": {
        "dmean": 0.0167121309787,
        "dmean2": 0.0279249157757,
        "dvar": 0.000464869313873,
        "dvar2": 0.00134325923864,
        "max": 0.298226118088,
        "mean": 0.040464039892,
        "median": 0.0306243281811,
        "min": 5.0473573765e-07,
        "var": 0.00143352115992
    },
    "spectral_energyband_middle_high": {
        "dmean": 0.000142126489663,
        "dmean2": 0.000212188868318,
        "dvar": 1.65023649856e-07,
        "dvar2": 4.1268106088e-07,
        "max": 0.013724071905,
        "mean": 0.000428127037594,
        "median": 0.000263077672571,
        "min": 7.28544469197e-09,
        "var": 5.74326634251e-07
    },
    "spectral_energyband_middle_low": {
        "dmean": 0.00767458695918,
        "dmean2": 0.0126329259947,
        "dvar": 0.000124431782751,
        "dvar2": 0.00037513114512,
        "max": 0.154931619763,
        "mean": 0.0204144231975,
        "median": 0.0151240173727,
        "min": 4.10934859474e-07,
        "var": 0.000359655939974
    },
    "spectral_entropy": {
        "dmean": 0.21798555553,
        "dmean2": 0.31583750248,
        "dvar": 0.0476054660976,
        "dvar2": 0.0920704081655,
        "max": 8.3093585968,
        "mean": 6.42469024658,
        "median": 6.35185527802,
        "min": 4.46572875977,
        "var": 0.48959261179
    },
    "spectral_flux": {
        "dmean": 0.0273601152003,
        "dmean2": 0.0450615882874,
        "dvar": 0.000826712523121,
        "dvar2": 0.00223487289622,
        "max": 0.374669492245,
        "mean": 0.0868056192994,
        "median": 0.0790468603373,
        "min": 0.000915830838494,
        "var": 0.00252079823986
    },
    "spectral_kurtosis": {
        "dmean": 5.07578468323,
        "dmean2": 8.03946018219,
        "dvar": 30.9052257538,
        "dvar2": 76.5586547852,
        "max": 96.1285324097,
        "mean": 13.9384279251,
        "median": 10.8539075851,
        "min": -1.03507816792,
        "var": 173.972793579
    },
    "spectral_rms": {
        "dmean": 0.00111187633593,
        "dmean2": 0.00182315555867,
        "dvar": 1.27362363855e-06,
        "dvar2": 3.59659929927e-06,
        "max": 0.0175525136292,
        "mean": 0.00670939963311,
        "median": 0.00662282574922,
        "min": 2.86057493213e-05,
        "var": 8.60388900037e-06
    },
    "spectral_rolloff": {
        "dmean": 107.565101624,
        "dmean2": 196.381271362,
        "dvar": 270178.25,
        "dvar2": 716721.375,
        "max": 8548.68164062,
        "mean": 346.328369141,
        "median": 236.865234375,
        "min": 64.599609375,
        "var": 437616.25
    },
    "spectral_skewness": {
        "dmean": 0.459146827459,
        "dmean2": 0.681206762791,
        "dvar": 0.176135867834,
        "dvar2": 0.392423391342,
        "max": 8.39988994598,
        "mean": 2.79422998428,
        "median": 2.80646777153,
        "min": -0.177987650037,
        "var": 1.81215000153
    },
    "spectral_spread": {
        "dmean": 525545.6875,
        "dmean2": 762249.5,
        "dvar": 360527396864,
        "dvar2": 642838888448,
        "max": 11513655,
        "mean": 3431310,
        "median": 3071093,
        "min": 927772.6875,
        "var": 2.3397358633e+12
    },
    "spectral_strongpeak": {
        "dmean": 0.27852088213,
        "dmean2": 0.469843566418,
        "dvar": 0.0934370309114,
        "dvar2": 0.231931686401,
        "max": 2.93379473686,
        "mean": 0.60815680027,
        "median": 0.443481594324,
        "min": 0,
        "var": 0.213684722781
    },
    "zerocrossingrate": {
        "dmean": 0.00432537076995,
        "dmean2": 0.00533139612526,
        "dvar": 5.77977916691e-05,
        "dvar2": 6.23142477707e-05,
        "max": 0.1650390625,
        "mean": 0.0184031967074,
        "median": 0.0126953125,
        "min": 0.00341796875,
        "var": 0.00040129214176
    },
    "barkbands": {
        "dmean": [0.000747404235881, 0.00564389396459, 0.0108495941386, 0.00595422647893, 0.00249038427137, 0.00128309126012, 0.000321430154145, 0.000161376286997, 6.96083225193e-05, 4.41042720922e-05, 2.74372105196e-05, 1.50853657033e-05, 2.06873937714e-05, 2.18741897697e-05, 1.61324387591e-05, 7.40440236768e-06, 7.46908381188e-06, 1.63640979736e-05, 2.82931214315e-05, 6.60737932776e-05, 5.07274162374e-05, 2.89381769107e-05, 1.54704830493e-05, 3.90460409108e-05, 9.31470094656e-06, 9.8885273303e-09, 2.29226992943e-09],
        "dmean2": [0.00135357619729, 0.00928070861846, 0.0181795600802, 0.0102426018566, 0.00401325710118, 0.0018440708518, 0.000534659891855, 0.000238636697759, 0.000108015774458, 7.09752712282e-05, 4.49509752798e-05, 2.48003325396e-05, 3.42415332852e-05, 3.63699109585e-05, 2.6206504117e-05, 1.16572182378e-05, 1.11129838842e-05, 2.40208883042e-05, 4.15060931118e-05, 0.000104207872937, 7.05384154571e-05, 3.83903970942e-05, 2.18222321564e-05, 5.47802119399e-05, 1.41567106766e-05, 1.61227333706e-08, 4.23111456982e-09],
        "dvar": [7.22859340385e-07, 5.07538461534e-05, 0.000283622095594, 0.000106548170152, 1.17340223369e-05, 5.01290787724e-06, 3.90396081684e-07, 7.91078562656e-08, 8.71267147318e-09, 3.10032599593e-09, 1.98372984705e-09, 5.74793213026e-10, 1.25000776396e-09, 3.24592930312e-09, 2.61927257661e-09, 5.09482012134e-10, 6.04917782532e-10, 4.80957007554e-09, 2.85984977921e-08, 1.4194026221e-07, 5.35579793848e-08, 1.91122531135e-08, 5.72694158762e-09, 2.16773514694e-08, 1.38174804931e-09, 1.29829705556e-15, 1.31756984106e-17],
        "dvar2": [2.40246936301e-06, 0.000126432976685, 0.000846913666464, 0.000334830838256, 3.26888839481e-05, 8.82825042936e-06, 1.11702195227e-06, 1.66957391912e-07, 2.15789377478e-08, 8.11465117323e-09, 4.96717467158e-09, 1.50677459398e-09, 3.33868244162e-09, 9.25270082774e-09, 6.89993040481e-09, 1.27953225793e-09, 1.03403829943e-09, 1.24720953565e-08, 6.53180123322e-08, 4.07565408977e-07, 1.0299719122e-07, 3.4634929591e-08, 1.20458150121e-08, 4.26240234219e-08, 3.07851766301e-09, 3.1989715442e-15, 4.18003182496e-17],
        "max": [0.0117803663015, 0.171456754208, 0.182794600725, 0.121040329337, 0.0438883826137, 0.0435133911669, 0.00866429135203, 0.00685166288167, 0.00143422582187, 0.000743652984966, 0.000909803027753, 0.000549271877389, 0.000648756395094, 0.00110740133096, 0.00124547677115, 0.000797164451797, 0.000925921776798, 0.00221600849181, 0.00428397767246, 0.0108410092071, 0.00672741420567, 0.00555981323123, 0.00308485142887, 0.00352110737003, 0.00067991897231, 6.94379934885e-07, 3.69237440623e-08],
        "mean": [0.00133506790735, 0.0153519725427, 0.0171404089779, 0.00931559875607, 0.00668697152287, 0.00329968030564, 0.00060798774939, 0.000329504953697, 0.000149377257912, 8.85841800482e-05, 4.55794397567e-05, 2.95723566524e-05, 3.8360049075e-05, 3.69731133105e-05, 3.01164309349e-05, 1.72820891748e-05, 1.71626033989e-05, 3.26183144352e-05, 4.95349704579e-05, 0.000102604833955, 8.81929663592e-05, 5.59874715691e-05, 2.79108717223e-05, 6.87512074364e-05, 1.4581587493e-05, 1.24147554459e-08, 1.90183024884e-09],
        "median": [0.00088757701451, 0.0106087513268, 0.00907596480101, 0.00344727304764, 0.0044132238254, 0.00193683779798, 0.000341778766597, 0.000176862507942, 0.000106023377157, 6.78207725286e-05, 3.00109295495e-05, 2.32105849136e-05, 2.55630147876e-05, 1.81193954631e-05, 1.24608495753e-05, 6.92778849043e-06, 5.54171128897e-06, 7.73585725256e-06, 3.84940403819e-06, 6.09688368058e-06, 4.4505131882e-06, 2.6157965749e-06, 1.97072290575e-06, 7.23346738596e-06, 1.05273716144e-06, 2.06995220964e-09, 6.56983467628e-10],
        "min": [8.97869956162e-09, 9.08135362465e-08, 2.76163945045e-07, 1.63862765135e-07, 1.89871300904e-07, 3.78585731653e-08, 7.31172988822e-09, 1.66784164257e-09, 1.56229784665e-09, 6.96249502496e-10, 8.05194910747e-10, 3.83129666881e-10, 2.18706136534e-10, 7.20656867514e-10, 1.69567671016e-09, 2.30446980942e-10, 1.12697885746e-10, 7.76931019519e-10, 9.55761858545e-11, 2.85577783643e-10, 3.05178687876e-10, 4.49924611456e-11, 3.96623948962e-11, 3.17643619741e-11, 3.93767136952e-11, 1.86326960805e-11, 3.24676154018e-11],
        "var": [2.51958067565e-06, 0.000315819168463, 0.000463043135824, 0.000193322979612, 4.37673043052e-05, 2.03906256502e-05, 5.97455994011e-07, 2.21673460032e-07, 2.17275424319e-08, 6.44969544439e-09, 3.15344794721e-09, 8.11059552852e-10, 2.20683671337e-09, 5.1290109937e-09, 4.52666837347e-09, 1.56194968071e-09, 1.88787252497e-09, 1.11486624377e-08, 6.71016806564e-08, 2.62712291033e-07, 1.56050475653e-07, 7.56342970476e-08, 1.70337131067e-08, 6.0797567869e-08, 2.44706455099e-09, 1.72048114636e-15, 1.08406403332e-17]
    },
    "erbbands": {
        "dmean": [0.219073981047, 1.26681864262, 9.28901576996, 18.8443984985, 8.74412441254, 9.788646698, 14.389919281, 8.29810810089, 6.83441448212, 2.1859292984, 3.43587303162, 1.52184987068, 1.40605998039, 1.25108587742, 0.916785299778, 0.548402369022, 0.919329166412, 0.979283750057, 1.02157890797, 0.52340734005, 0.387827217579, 0.417718291283, 0.79003739357, 1.04948139191, 2.03206586838, 3.07480335236, 1.84054994583, 2.0820915699, 1.10466921329, 0.599558472633, 0.423838078976, 0.820577144623, 0.595358371735, 0.207769334316, 0.0147727280855, 0.000652174057905, 3.71586902475e-05, 5.59451518711e-06, 8.55601956573e-06, 1.98192501557e-05],
        "dmean2": [0.367934376001, 2.10454440117, 15.7388105392, 31.6539783478, 14.8946809769, 15.8914117813, 21.1015739441, 12.166768074, 11.3454914093, 3.326151371, 5.05551767349, 2.37442851067, 2.22132611275, 2.00905156136, 1.48788070679, 0.901592612267, 1.50948381424, 1.64261198044, 1.67158031464, 0.804315686226, 0.601036369801, 0.611761033535, 1.16169929504, 1.50404381752, 2.9978685379, 4.77393531799, 2.49378156662, 3.02158856392, 1.47154831886, 0.805194199085, 0.601952135563, 1.2012270689, 0.833311021328, 0.309809923172, 0.0224044956267, 0.000982516212389, 5.46416595171e-05, 8.30267617857e-06, 1.3880620827e-05, 3.27371017192e-05],
        "dvar": [0.0687745586038, 2.89899611473, 223.857055664, 817.043701172, 160.81803894, 206.595031738, 841.233093262, 150.324264526, 152.28956604, 11.6954298019, 37.3556480408, 4.13166999817, 2.97400665283, 2.39792490005, 1.89465355873, 0.702764451504, 2.39380693436, 5.70236873627, 9.81177520752, 3.05636191368, 1.01164877415, 2.04827976227, 11.1175022125, 36.1546821594, 142.591506958, 293.150878906, 63.8720207214, 90.7277679443, 25.1260566711, 11.5770263672, 2.98409318924, 12.0721721649, 4.6295132637, 0.660219490528, 0.00359261664562, 6.98502435625e-06, 1.68817866353e-08, 2.90316271023e-10, 1.07419420581e-10, 6.17635775857e-10],
        "dvar2": [0.194199860096, 7.06335163116, 687.308044434, 2375.71044922, 489.139556885, 607.908508301, 1656.87341309, 343.522125244, 448.914093018, 27.7456817627, 76.3047180176, 10.2587757111, 7.14342880249, 5.87382364273, 4.76664066315, 1.84602940083, 6.28949165344, 16.2195053101, 26.6913070679, 7.12573099136, 2.40373778343, 3.74121165276, 29.4545135498, 86.2677688599, 349.523162842, 814.553405762, 105.345176697, 186.438873291, 41.5427742004, 21.3341503143, 5.72413110733, 24.4901332855, 9.38795471191, 1.46596813202, 0.00831250380725, 1.6039934053e-05, 3.65261456636e-08, 5.99560845416e-10, 3.01375979728e-10, 1.77067227547e-09],
        "max": [7.122797966, 31.7926616669, 184.206375122, 300.319122314, 137.247268677, 209.943389893, 545.592102051, 180.455841064, 178.823883057, 60.1969947815, 170.239593506, 36.2888565063, 23.3504829407, 18.4035701752, 20.9833564758, 14.8217048645, 31.3220481873, 54.5853233337, 81.3088150024, 72.5160064697, 33.7108650208, 55.0926895142, 114.462593079, 192.68006897, 371.057647705, 410.14465332, 197.294906616, 247.332519531, 187.117904663, 148.524261475, 52.9930229187, 97.7192230225, 44.4004249573, 16.2964630127, 1.16371119022, 0.0518851131201, 0.00232104863971, 0.000313542986987, 0.000141768963658, 0.000342041981639],
        "mean": [0.565550744534, 3.15205073357, 15.4334278107, 32.3017730713, 19.1472816467, 24.150390625, 32.337146759, 21.441904068, 14.562792778, 5.78385543823, 7.11606311798, 3.38788866997, 3.06541657448, 2.56443357468, 1.71022236347, 1.19374108315, 1.76951086521, 1.84292209148, 1.89324867725, 1.16737723351, 0.998282313347, 1.02524578571, 1.63968372345, 1.94397103786, 3.72265172005, 4.82227087021, 3.33282804489, 3.54964637756, 2.17328643799, 1.15399897099, 0.793160974979, 1.4313750267, 1.00884747505, 0.331952005625, 0.0237139090896, 0.00109216885176, 7.76554516051e-05, 1.12651950985e-05, 2.70285418082e-05, 6.07642032264e-05],
        "median": [0.351771831512, 2.25879335403, 8.52735614777, 15.0731840134, 10.9157657623, 15.0615539551, 14.7690858841, 15.2800245285, 9.09299182892, 3.54825258255, 4.14910984039, 2.50979590416, 2.27094984055, 1.90584886074, 1.23288023472, 0.94425034523, 1.20855128765, 1.02580583096, 0.789867460728, 0.531213462353, 0.390686243773, 0.337161242962, 0.41648337245, 0.26556417346, 0.214151620865, 0.286252945662, 0.223504215479, 0.141901522875, 0.0897202566266, 0.0774837806821, 0.0569863431156, 0.0879084542394, 0.116252176464, 0.0362986698747, 0.0023187098559, 0.000142776116263, 2.784260505e-05, 3.64008269571e-06, 2.28618882829e-05, 5.04491581523e-05],
        "min": [3.32414060722e-06, 1.45806670844e-05, 0.000218549830606, 0.000553164281882, 0.000599840190262, 0.00041564219282, 0.000255034741713, 0.000338782265317, 0.000129594482132, 0.000154127294081, 2.97889237117e-05, 3.17746707879e-05, 3.92051988456e-05, 2.48332453339e-05, 2.99246203213e-05, 2.04717471206e-05, 1.25207016026e-05, 2.68716648861e-05, 0.000103302802017, 3.15228353429e-05, 1.124348546e-05, 1.30804528453e-05, 4.72602987429e-05, 6.59052420815e-06, 5.43637634109e-06, 1.51051635839e-05, 9.49608147494e-06, 9.66596144281e-06, 2.56291900769e-06, 1.35821301228e-06, 9.79513401944e-07, 6.36412437416e-07, 5.39002940059e-07, 4.42581097104e-07, 2.61370416865e-07, 7.74632056277e-08, 3.26091260661e-08, 1.69997278476e-08, 3.76741970953e-09, 1.45894141212e-09],
        "var": [0.545820772648, 11.7039060593, 367.765411377, 1744.32104492, 469.485778809, 670.225646973, 2988.81420898, 484.684661865, 272.528564453, 52.0177154541, 100.978286743, 10.6174669266, 7.83031845093, 5.55007362366, 3.19904756546, 1.14946317673, 4.38831090927, 9.24197006226, 17.6413459778, 6.61503362656, 4.36270570755, 6.44641494751, 23.8880462646, 77.3451461792, 425.767883301, 550.188232422, 201.61882019, 261.314056396, 107.285964966, 44.920715332, 10.4534578323, 31.9673500061, 11.3850488663, 1.1940048933, 0.00610241340473, 1.21955799841e-05, 3.63645540347e-08, 7.69585672966e-10, 4.30664393036e-10, 2.29294716547e-09]
    },
    "gfcc": {
        "mean": [-93.8791503906, 172.489501953, -73.6326446533, 56.8864707947, -59.2224311829, 12.8254423141, -34.1734809875, -7.00395298004, -9.60483932495, -15.7804641724, 10.7450323105, -25.0467185974, 11.6896324158],
        "cov": [[5913.9453125, -1231.75109863, -268.039825439, 930.881469727, -320.861572266, 661.880493164, 270.486022949, 251.937255859, -183.562301636, 75.4669952393, -199.721817017, -214.296798706, -59.3015136719], [-1231.75109863, 1109.65466309, 85.2758178711, -611.521179199, 407.22253418, -287.646575928, 54.2260169983, -81.6708297729, 154.655227661, -123.206848145, 73.3827896118, -5.074862957, 45.3118972778], [-268.039825439, 85.2758178711, 619.631530762, -121.183776855, -141.801620483, 157.40196228, -31.1210517883, -64.1701660156, 10.5598087311, -6.27579498291, 53.3968467712, 26.504486084, -12.2380867004], [930.881469727, -611.521179199, -121.183776855, 517.762756348, -116.811965942, 83.0789413452, 21.65026474, 50.3795967102, -89.4374771118, 38.1596679688, -60.255897522, -27.502614975, -55.9610481262], [-320.861572266, 407.22253418, -141.801620483, -116.811965942, 371.876708984, -151.039627075, 67.0692520142, 24.9768199921, 55.031539917, -71.3170318604, -13.9618806839, -26.5633411407, 6.30658483505], [661.880493164, -287.646575928, 157.40196228, 83.0789413452, -151.039627075, 363.008056641, 52.0897598267, 49.8883857727, -3.29932141304, 26.3518161774, -22.7877902985, -3.53296232224, 27.9715862274], [270.486022949, 54.2260169983, -31.1210517883, 21.65026474, 67.0692520142, 52.0897598267, 137.765991211, 35.6235923767, 12.6574430466, -8.19858169556, -21.0273571014, -20.7887325287, 5.51687145233], [251.937255859, -81.6708297729, -64.1701660156, 50.3795967102, 24.9768199921, 49.8883857727, 35.6235923767, 91.8168945312, 5.25663995743, 12.5446367264, -16.5886459351, -10.539276123, 15.5010614395], [-183.562301636, 154.655227661, 10.5598087311, -89.4374771118, 55.031539917, -3.29932141304, 12.6574430466, 5.25663995743, 93.4398498535, -6.34236812592, 14.8565073013, 15.5565576553, 10.0707235336], [75.4669952393, -123.206848145, -6.27579498291, 38.1596679688, -71.3170318604, 26.3518161774, -8.19858169556, 12.5446367264, -6.34236812592, 96.4785614014, 25.2870483398, 14.6923265457, 27.6772232056], [-199.721817017, 73.3827896118, 53.3968467712, -60.255897522, -13.9618806839, -22.7877902985, -21.0273571014, -16.5886459351, 14.8565073013, 25.2870483398, 74.6755905151, 29.7040557861, 9.98966884613], [-214.296798706, -5.074862957, 26.504486084, -27.502614975, -26.5633411407, -3.53296232224, -20.7887325287, -10.539276123, 15.5565576553, 14.6923265457, 29.7040557861, 65.2658462524, 24.1512527466], [-59.3015136719, 45.3118972778, -12.2380867004, -55.9610481262, 6.30658483505, 27.9715862274, 5.51687145233, 15.5010614395, 10.0707235336, 27.6772232056, 9.98966884613, 24.1512527466, 85.8549880981]],
        "icov": [[0.00037687816075, -0.000604037079029, 0.000290158903226, -0.000872049015015, 0.000473452819278, -0.00079949159408, -5.51683042431e-05, -0.000504807394464, 0.000446677120635, -0.000229961035075, 0.000147147336975, 0.000551742035896, 0.000221855661948], [-0.000604037079029, 0.0224240925163, -0.00445827376097, 0.0168386101723, -0.0104659153149, 0.0120256589726, -0.0108474614099, 0.0100797871128, -0.0125024663284, 0.0122229158878, -0.0111756818369, 0.0125769292936, -0.0108953909948], [0.000290158903226, -0.00445827376097, 0.00354507262819, -0.00284535693936, 0.00262188399211, -0.00415932899341, 0.00215054047294, -0.000622177380137, 0.00270898547024, -0.00175432907417, 0.000553195772227, -0.00228006369434, 0.00316553725861], [-0.000872049015015, 0.0168386101723, -0.00284535693936, 0.0166759658605, -0.00760312145576, 0.0089196274057, -0.00814644619823, 0.00653181504458, -0.00695409160107, 0.00727818673477, -0.00619121128693, 0.00710379891098, -0.00483721029013], [0.000473452819278, -0.0104659153149, 0.00262188399211, -0.00760312145576, 0.0108624026179, -0.00325697055086, 0.00227740849368, -0.00670965854079, 0.00358418212272, -0.00194894056767, 0.00456869369373, -0.00332326465286, 0.00320800207555], [-0.00079949159408, 0.0120256589726, -0.00415932899341, 0.0089196274057, -0.00325697055086, 0.0126719707623, -0.007610747125, 0.00289032142609, -0.00824138522148, 0.00727812200785, -0.00434110034257, 0.00653891451657, -0.00831396784633], [-5.51683042431e-05, -0.0108474614099, 0.00215054047294, -0.00814644619823, 0.00227740849368, -0.007610747125, 0.0157559402287, -0.00591403711587, 0.00527211837471, -0.00657610176131, 0.00621133111417, -0.00532721914351, 0.00532850529999], [-0.000504807394464, 0.0100797871128, -0.000622177380137, 0.00653181504458, -0.00670965854079, 0.00289032142609, -0.00591403711587, 0.0208532530814, -0.00709528010339, 0.0033376859501, -0.00432795705274, 0.00650487607345, -0.00690348818898], [0.000446677120635, -0.0125024663284, 0.00270898547024, -0.00695409160107, 0.00358418212272, -0.00824138522148, 0.00527211837471, -0.00709528010339, 0.0221129767597, -0.00787824206054, 0.00557049969211, -0.0111940782517, 0.0085710901767], [-0.000229961035075, 0.0122229158878, -0.00175432907417, 0.00727818673477, -0.00194894056767, 0.00727812200785, -0.00657610176131, 0.0033376859501, -0.00787824206054, 0.0238333176821, -0.0132330907509, 0.00910875946283, -0.0123055996373], [0.000147147336975, -0.0111756818369, 0.000553195772227, -0.00619121128693, 0.00456869369373, -0.00434110034257, 0.00621133111417, -0.00432795705274, 0.00557049969211, -0.0132330907509, 0.0276448093355, -0.014163586311, 0.00788443814963], [0.000551742035896, 0.0125769292936, -0.00228006369434, 0.00710379891098, -0.00332326465286, 0.00653891451657, -0.00532721914351, 0.00650487607345, -0.0111940782517, 0.00910875946283, -0.014163586311, 0.0325577221811, -0.0138036739081], [0.000221855661948, -0.0108953909948, 0.00316553725861, -0.00483721029013, 0.00320800207555, -0.00831396784633, 0.00532850529999, -0.00690348818898, 0.0085710901767, -0.0123055996373, 0.00788443814963, -0.0138036739081, 0.024153644219]]
    },
    "melbands": {
        "dmean": [0.00164424953982, 0.00365058658645, 0.00279436027631, 0.00054929649923, 0.000486601900775, 0.000199007146875, 9.323105769e-05, 2.60881988652e-05, 2.49674867518e-05, 9.52233676799e-06, 7.20855041436e-06, 5.52479559701e-06, 3.80828441848e-06, 1.74397337105e-06, 1.83373663276e-06, 2.06126833291e-06, 1.94335370907e-06, 1.84785108104e-06, 1.01878379155e-06, 6.0654014078e-07, 4.63151053509e-07, 4.56181624031e-07, 5.94147422817e-07, 8.89746729626e-07, 8.92317302714e-07, 1.25087115066e-06, 2.34558069678e-06, 2.10383677768e-06, 1.11021540761e-06, 1.36427740927e-06, 1.22118854051e-06, 7.15509315796e-07, 4.66239214347e-07, 3.13720192935e-07, 2.05479423698e-07, 3.96065701125e-07, 5.86042403938e-07, 4.64806504397e-07, 3.15427882924e-07, 1.37520970611e-07],
        "dmean2": [0.00274426629767, 0.00614737439901, 0.00472219148651, 0.000930925889406, 0.000722475640941, 0.000292074953904, 0.000153309796588, 3.92746151192e-05, 3.67596003343e-05, 1.49621473611e-05, 1.14591248348e-05, 8.89595321496e-06, 6.21653680355e-06, 2.84533439299e-06, 3.02004355035e-06, 3.44486625181e-06, 3.28625378643e-06, 3.03455840367e-06, 1.59592502769e-06, 9.42021358696e-07, 7.26769940229e-07, 6.81733240526e-07, 9.04822400116e-07, 1.30659702791e-06, 1.32947423026e-06, 1.90047910564e-06, 3.65784853784e-06, 3.30197553922e-06, 1.59031014846e-06, 2.01099624064e-06, 1.81121856713e-06, 1.00639306311e-06, 6.80468133396e-07, 4.3688598339e-07, 2.82984899513e-07, 5.93741390276e-07, 8.68843187618e-07, 6.50743629649e-07, 4.60158361193e-07, 2.11761928881e-07],
        "dvar": [4.11603832617e-06, 3.10235664074e-05, 1.75743880391e-05, 6.17065950337e-07, 7.17808404715e-07, 8.50910808481e-08, 2.63841091197e-08, 1.68365965614e-09, 1.90523063992e-09, 1.616219103e-10, 7.8962877903e-11, 4.78847517194e-11, 3.64644356377e-11, 9.07091415869e-12, 7.8194239278e-12, 1.40434382873e-11, 2.49851788564e-11, 3.05910123621e-11, 8.15772015911e-12, 5.10027697159e-12, 1.16415145753e-12, 3.25176387553e-12, 2.98570911918e-12, 1.81146261186e-11, 2.98298781509e-11, 5.99707367099e-11, 2.40553882369e-10, 1.30816912858e-10, 2.22993915e-11, 5.31425979611e-11, 2.89467061432e-11, 1.02517655823e-11, 6.95610799864e-12, 5.47055716699e-12, 8.46350062516e-13, 3.09546463982e-12, 6.24597248922e-12, 3.13028552731e-12, 1.19202553644e-12, 3.46985271462e-13],
        "dvar2": [1.09241336759e-05, 9.39699457376e-05, 5.16754225828e-05, 1.81327334303e-06, 1.5241444089e-06, 1.84096862199e-07, 7.62670779864e-08, 3.93519927755e-09, 3.84774745399e-09, 4.00495359099e-10, 1.91825583196e-10, 1.18288295825e-10, 9.08691594192e-11, 2.36906796264e-11, 2.16907672379e-11, 3.62955915323e-11, 7.13719500167e-11, 8.3123813388e-11, 1.98354613984e-11, 1.26079320595e-11, 2.71157922505e-12, 5.77168868254e-12, 7.15793700354e-12, 4.75935992006e-11, 7.33975102918e-11, 1.50296358692e-10, 6.75383637905e-10, 3.5024838585e-10, 4.01790337112e-11, 1.11366818545e-10, 6.40260899853e-11, 1.87016201136e-11, 1.38230685578e-11, 1.26115871218e-11, 1.41230408444e-12, 7.07678013412e-12, 1.27653911747e-11, 6.2533129716e-12, 2.63627119267e-12, 8.06857131021e-13],
        "max": [0.0511960834265, 0.0715754553676, 0.0449923835695, 0.00983713939786, 0.0147673357278, 0.00436222739518, 0.00237097288482, 0.000649313442409, 0.00122378580272, 0.000237910207943, 0.00012257117487, 8.91411109478e-05, 0.000113631642307, 7.61359697208e-05, 3.45743210346e-05, 7.51052139094e-05, 0.000112168585474, 0.000136129616294, 7.35461144359e-05, 9.47740118136e-05, 2.98076211038e-05, 6.9548994361e-05, 5.40641194675e-05, 0.000135060356115, 0.000177577530849, 0.000209931677091, 0.000532455625944, 0.000282381020952, 0.000107865373138, 0.000248571275733, 0.000131145759951, 0.000117354480608, 9.59234821494e-05, 0.000103795457107, 3.60789708793e-05, 5.06585129187e-05, 6.45734908176e-05, 3.71314963559e-05, 2.02507635549e-05, 1.11595581984e-05],
        "mean": [0.00456882687286, 0.00682368641719, 0.00509915500879, 0.00146490382031, 0.00111367343925, 0.000512840168085, 0.000204586423934, 6.40598736936e-05, 5.19411369169e-05, 2.01523816941e-05, 1.52679076564e-05, 1.07324394776e-05, 6.44218971502e-06, 3.30951502292e-06, 3.40400515597e-06, 3.92611264033e-06, 3.34379956257e-06, 3.21387892654e-06, 1.93676146409e-06, 1.31829278871e-06, 1.10793166641e-06, 1.02478418285e-06, 1.21687264709e-06, 1.62047263075e-06, 1.49110428538e-06, 2.12080408346e-06, 3.61829415851e-06, 3.06532206196e-06, 1.91740809896e-06, 2.22135736294e-06, 1.98372481464e-06, 1.3167683619e-06, 8.61252885898e-07, 5.40126791293e-07, 3.75645868189e-07, 6.34742093553e-07, 9.89640966509e-07, 7.67569474647e-07, 4.93281106628e-07, 2.08592879858e-07],
        "median": [0.0031482919585, 0.00425933720544, 0.00272699515335, 0.000876749865711, 0.00059237779351, 0.000345127424225, 0.000134197820444, 3.71219866793e-05, 3.21950101352e-05, 1.46629417941e-05, 1.10921191663e-05, 7.57650559535e-06, 4.22626044383e-06, 2.5166798423e-06, 2.51004348684e-06, 2.50595735451e-06, 1.77268634616e-06, 1.29077795918e-06, 8.24204164473e-07, 5.60779312764e-07, 4.13686933598e-07, 3.14738599627e-07, 3.60258326282e-07, 3.56360629894e-07, 1.8653463485e-07, 1.37179313242e-07, 1.68275093415e-07, 1.94339108361e-07, 1.34613685532e-07, 1.0314865051e-07, 7.31747960003e-08, 5.26077563734e-08, 3.61861616227e-08, 3.93845454028e-08, 2.72338773755e-08, 3.54264066971e-08, 5.30423029943e-08, 7.6915668501e-08, 6.70340725151e-08, 1.33732864782e-08],
        "min": [3.46789477135e-08, 8.20189853812e-08, 9.49763077074e-08, 4.97170198344e-08, 1.23862893275e-08, 7.32774108059e-09, 1.91317828246e-09, 1.67869396162e-09, 1.53634882594e-10, 2.0477305962e-10, 1.88198068241e-10, 1.01393685115e-10, 9.4074720236e-11, 5.53522540303e-11, 4.46598001635e-11, 2.79208618031e-11, 4.39156072618e-11, 1.51692519657e-10, 1.03973156473e-10, 2.07571251853e-11, 1.01036904537e-11, 6.65403799768e-12, 5.05983935306e-11, 2.13757969658e-11, 3.98424739381e-12, 3.04776668313e-12, 5.31196744577e-12, 1.16893352636e-11, 4.604254044e-12, 9.26666902934e-12, 3.3557325755e-12, 1.25280211552e-12, 7.84853518981e-13, 8.18564075029e-13, 5.64905761058e-13, 4.21734804197e-13, 3.79125550398e-13, 3.47308472129e-13, 4.27090220828e-13, 3.61017395449e-13],
        "var": [2.89283107122e-05, 5.94457924308e-05, 3.77953838324e-05, 2.41475163421e-06, 2.4327941901e-06, 2.97651695291e-07, 4.99300298884e-08, 6.5939662619e-09, 5.07503861158e-09, 3.93808735621e-10, 2.04973163442e-10, 1.07144883243e-10, 5.81611703243e-11, 1.17020768076e-11, 1.22227453853e-11, 2.65138657557e-11, 3.66043827194e-11, 5.38942224182e-11, 1.66307558003e-11, 1.16013171292e-11, 5.32172700005e-12, 8.64799464678e-12, 7.40714174025e-12, 3.7189886587e-11, 5.03327622636e-11, 1.38145994644e-10, 4.67119232184e-10, 2.25394536368e-10, 6.39340663744e-11, 1.24997859285e-10, 7.79495148984e-11, 3.8364113969e-11, 2.42530891204e-11, 1.22599283156e-11, 2.91979808387e-12, 6.46005644811e-12, 1.61815682381e-11, 7.63673152493e-12, 2.24140649617e-12, 5.46562740813e-13]
    },
    "mfcc": {
        "mean": [-737.421691895, 175.83821106, 53.080657959, 38.1143875122, 18.5374469757, 7.03767442703, 7.74263477325, -5.41096067429, -1.49895894527, 0.691165924072, -3.04050850868, 2.57200980186, -6.92154169083],
        "cov": [[6335.76464844, -1770.69714355, -10.9030361176, 266.904693604, -264.27456665, 338.688446045, 373.056915283, 152.717193604, 228.663528442, 312.624511719, 47.426235199, 35.1457481384, -205.434112549], [-1770.69714355, 1796.02355957, -286.127380371, -259.286468506, 189.134933472, -180.753463745, -80.5947494507, 4.38646936417, 26.7659397125, -73.727684021, 12.1532449722, 6.59558296204, 38.5299263], [-10.9030361176, -286.127380371, 742.605529785, -167.975189209, -92.9194793701, 157.271743774, -7.48331308365, 0.596477627754, -62.6811218262, -47.609992981, 39.6230125427, 43.0665817261, -45.6301651001], [266.904693604, -259.286468506, -167.975189209, 336.969116211, 19.9323272705, -52.4201087952, 19.1034545898, -16.496301651, -41.0227203369, 18.0794773102, -31.7756710052, -16.772644043, 34.6550636292], [-264.27456665, 189.134933472, -92.9194793701, 19.9323272705, 147.162948608, -31.0303859711, -12.3540019989, 25.7587585449, 10.9750404358, -2.39916038513, -8.5094537735, -6.50348520279, 17.0064163208], [338.688446045, -180.753463745, 157.271743774, -52.4201087952, -31.0303859711, 149.924942017, 40.2009010315, 39.6142654419, 28.4924964905, 19.3423080444, 16.1449642181, 8.1618270874, -27.9150505066], [373.056915283, -80.5947494507, -7.48331308365, 19.1034545898, -12.3540019989, 40.2009010315, 126.382705688, 19.9727363586, 50.2380065918, 24.7536125183, 9.92873764038, -0.691591501236, -16.2212219238], [152.717193604, 4.38646936417, 0.596477627754, -16.496301651, 25.7587585449, 39.6142654419, 19.9727363586, 123.937316895, 26.3826560974, 31.9925403595, 1.17708206177, -9.59635448456, -1.77235722542], [228.663528442, 26.7659397125, -62.6811218262, -41.0227203369, 10.9750404358, 28.4924964905, 50.2380065918, 26.3826560974, 139.005889893, 25.1759986877, 1.50101220608, 4.0844707489, -11.8785123825], [312.624511719, -73.727684021, -47.609992981, 18.0794773102, -2.39916038513, 19.3423080444, 24.7536125183, 31.9925403595, 25.1759986877, 84.9962081909, 9.08095932007, -0.532650530338, -8.4409198761], [47.426235199, 12.1532449722, 39.6230125427, -31.7756710052, -8.5094537735, 16.1449642181, 9.92873764038, 1.17708206177, 1.50101220608, 9.08095932007, 55.3106422424, 13.213927269, -7.71404790878], [35.1457481384, 6.59558296204, 43.0665817261, -16.772644043, -6.50348520279, 8.1618270874, -0.691591501236, -9.59635448456, 4.0844707489, -0.532650530338, 13.213927269, 51.9553794861, 1.86120319366], [-205.434112549, 38.5299263, -45.6301651001, 34.6550636292, 17.0064163208, -27.9150505066, -16.2212219238, -1.77235722542, -11.8785123825, -8.4409198761, -7.71404790878, 1.86120319366, 61.1955413818]],
