{
"lowlevel": {
    "average_loudness": 0.969648838043,
    "barkbands_crest": {
        "dmean": 2.20218205452,
        "dmean2": 3.40426516533,
        "dvar": 4.7280921936,
        "dvar2": 11.0617895126,
        "max": 22.6503715515,
        "mean": 9.46111392975,
        "median": 8.85816383362,
        "min": 2.65090107918,
        "var": 13.421339035
    },
    "barkbands_flatness_db": {
        "dmean": 0.0157147310674,
        "dmean2": 0.0250243227929,
        "dvar": 0.000238143460592,
        "dvar2": 0.000610466813669,
        "max": 0.277119845152,
        "mean": 0.156554251909,
        "median": 0.15431278944,
        "min": 0.0779261738062,
        "var": 0.00109153729863
    },
    "barkbands_kurtosis": {
        "dmean": 1.43056404591,
        "dmean2": 2.2053155899,
        "dvar": 5.50976276398,
        "dvar2": 13.9689588547,
        "max": 32.6304626465,
        "mean": 1.62024879456,
        "median": 0.62486076355,
        "min": -1.90307879448,
        "var": 10.4289264679
    },
    "barkbands_skewness": {
        "dmean": 0.380510210991,
        "dmean2": 0.561793804169,
        "dvar": 0.183376848698,
        "dvar2": 0.413556665182,
        "max": 5.25424337387,
        "mean": 0.94661873579,
        "median": 1.00826025009,
        "min": -1.96863877773,
        "var": 0.971146583557
    },
    "barkbands_spread": {
        "dmean": 4.82243347168,
        "dmean2": 7.0034866333,
        "dvar": 31.8771133423,
        "dvar2": 63.2438621521,
        "max": 91.1015319824,
        "mean": 25.7385387421,
        "median": 22.3047523499,
        "min": 3.44714379311,
        "var": 197.396087646
    },
    "dissonance": {
        "dmean": 0.0183324497193,
        "dmean2": 0.0308422707021,
        "dvar": 0.000362206686987,
        "dvar2": 0.000984805403277,
        "max": 0.500000059605,
        "mean": 0.464770108461,
        "median": 0.471202552319,
        "min": 0.336861997843,
        "var": 0.000728503568098
    },
    "dynamic_complexity": 2.37551236153,
    "erbbands_crest": {
        "dmean": 2.38007545471,
        "dmean2": 3.66719198227,
        "dvar": 4.90383338928,
        "dvar2": 12.4050474167,
        "max": 27.0341300964,
        "mean": 9.55659770966,
        "median": 8.62463855743,
        "min": 2.06500983238,
        "var": 19.197927475
    },
    "erbbands_flatness_db": {
        "dmean": 0.013208434917,
        "dmean2": 0.0188662540168,
        "dvar": 0.000161739852047,
        "dvar2": 0.000300057581626,
        "max": 0.313769966364,
        "mean": 0.186386361718,
        "median": 0.181302413344,
        "min": 0.0895564705133,
        "var": 0.00182668643538
    },
    "erbbands_kurtosis": {
        "dmean": 0.90853947401,
        "dmean2": 1.34605491161,
        "dvar": 1.85789430141,
        "dvar2": 4.02430343628,
        "max": 22.2223911285,
        "mean": 0.973010659218,
        "median": 0.13439822197,
        "min": -1.6229827404,
        "var": 7.4664812088
    },
    "erbbands_skewness": {
        "dmean": 0.313401341438,
        "dmean2": 0.45682567358,
        "dvar": 0.097762838006,
        "dvar2": 0.200607568026,
        "max": 3.77141523361,
        "mean": 0.197281107306,
        "median": 0.18986672163,
        "min": -2.331802845,
        "var": 0.601899981499
    },
    "erbbands_spread": {
        "dmean": 6.21408748627,
        "dmean2": 8.78367137909,
        "dvar": 48.8234519958,
        "dvar2": 90.7419433594,
        "max": 127.985771179,
        "mean": 35.6951141357,
        "median": 32.1774101257,
        "min": 3.19022393227,
        "var": 394.781738281
    },
    "hfc": {
        "dmean": 5.74559402466,
        "dmean2": 8.31006813049,
        "dvar": 47.5371246338,
        "dvar2": 104.662879944,
        "max": 97.4668807983,
        "mean": 27.2131710052,
        "median": 23.9848957062,
        "min": 0.000263822439592,
        "var": 298.731018066
    },
    "melbands_crest": {
        "dmean": 2.67457222939,
        "dmean2": 4.14896631241,
        "dvar": 7.01473665237,
        "dvar2": 16.3441085815,
        "max": 29.5731182098,
        "mean": 13.838262558,
        "median": 13.2980365753,
        "min": 4.32410335541,
        "var": 21.8273563385
    },
    "melbands_flatness_db": {
        "dmean": 0.0181708745658,
        "dmean2": 0.0271192789078,
        "dvar": 0.000387098989449,
        "dvar2": 0.00094351178268,
        "max": 0.329178869724,
        "mean": 0.180566757917,
        "median": 0.178619459271,
        "min": 0.0442470423877,
        "var": 0.00219010817818
    },
    "melbands_kurtosis": {
        "dmean": 3.79693317413,
        "dmean2": 5.86548471451,
        "dvar": 48.4116630554,
        "dvar2": 120.088645935,
        "max": 79.1002349854,
        "mean": 7.34758281708,
        "median": 4.88133716583,
        "min": -1.65057206154,
        "var": 92.2116775513
    },
    "melbands_skewness": {
        "dmean": 0.526775181293,
        "dmean2": 0.786336183548,
        "dvar": 0.412245064974,
        "dvar2": 0.911654829979,
        "max": 7.44004631042,
        "mean": 1.96600401402,
        "median": 1.8265080452,
        "min": -1.88099992275,
        "var": 1.89574801922
    },
    "melbands_spread": {
        "dmean": 6.52571773529,
        "dmean2": 9.42343711853,
        "dvar": 65.8309555054,
        "dvar2": 123.779541016,
        "max": 178.818008423,
        "mean": 30.5884609222,
        "median": 26.312417984,
        "min": 3.02698969841,
        "var": 448.904571533
    },
    "pitch_salience": {
        "dmean": 0.058831308037,
        "dmean2": 0.0939683839679,
        "dvar": 0.00303863105364,
        "dvar2": 0.00766657292843,
        "max": 0.798501014709,
        "mean": 0.523132443428,
        "median": 0.522711634636,
        "min": 0.194317772985,
        "var": 0.00821764674038
    },
    "silence_rate_20dB": {
        "dmean": 0,
        "dmean2": 0,
        "dvar": 0,
        "dvar2": 0,
        "max": 1,
        "mean": 1,
        "median": 1,
        "min": 1,
        "var": 0
    },
    "silence_rate_30dB": {
        "dmean": 0,
        "dmean2": 0,
        "dvar": 0,
        "dvar2": 0,
        "max": 1,
        "mean": 1,
        "median": 1,
        "min": 1,
        "var": 0
    },
    "silence_rate_60dB": {
        "dmean": 0.00464396271855,
        "dmean2": 0.00929511990398,
        "dvar": 0.00462229037657,
        "dvar2": 0.0107581941411,
        "max": 1,
        "mean": 0.0363495759666,
        "median": 0,
        "min": 0,
        "var": 0.035028770566
    },
    "spectral_centroid": {
        "dmean": 213.371566772,
        "dmean2": 310.322845459,
        "dvar": 52510.9101562,
        "dvar2": 113813.921875,
        "max": 4446.99658203,
        "mean": 1479.69665527,
        "median": 1372.5657959,
        "min": 417.127441406,
        "var": 386161.3125
    },
    "spectral_complexity": {
        "dmean": 2.86687302589,
        "dmean2": 4.7079782486,
        "dvar": 10.1015014648,
        "dvar2": 25.5331783295,
        "max": 53,
        "mean": 20.4470214844,
        "median": 20,
        "min": 0,
        "var": 51.8621292114
    },
    "spectral_decrease": {
        "dmean": 1.68075731111e-09,
        "dmean2": 2.56057153258e-09,
        "dvar": 6.10141489273e-18,
        "dvar2": 1.51862948926e-17,
        "max": -8.3157364729e-14,
        "mean": -7.42528349917e-09,
        "median": -7.0479311276e-09,
        "min": -2.62819046526e-08,
        "var": 1.55893866226e-17
    },
    "spectral_energy": {
        "dmean": 0.0066796974279,
        "dmean2": 0.0101451184601,
        "dvar": 9.09856535145e-05,
        "dvar2": 0.000226273361477,
        "max": 0.103446468711,
        "mean": 0.0304930731654,
        "median": 0.0288074854761,
        "min": 3.37783632176e-07,
        "var": 0.0002497745445
    },
    "spectral_energyband_high": {
        "dmean": 0.000324228167301,
        "dmean2": 0.000471233623102,
        "dvar": 4.1561148123e-07,
        "dvar2": 8.67087919687e-07,
        "max": 0.0136249652132,
        "mean": 0.000963883241639,
        "median": 0.000482769683003,
        "min": 3.25539017965e-09,
        "var": 1.93676373783e-06
    },
    "spectral_energyband_low": {
        "dmean": 0.00352942361496,
        "dmean2": 0.00555191235617,
        "dvar": 5.80009436817e-05,
        "dvar2": 0.000143153054523,
        "max": 0.0847880914807,
        "mean": 0.009287818335,
        "median": 0.00787330698222,
        "min": 2.84855410371e-08,
        "var": 8.63598324941e-05
    },
    "spectral_energyband_middle_high": {
        "dmean": 0.00230562710203,
        "dmean2": 0.00330872135237,
        "dvar": 1.09425445771e-05,
        "dvar2": 2.05150099646e-05,
        "max": 0.066599778831,
        "mean": 0.00927486736327,
        "median": 0.00535326870158,
        "min": 7.9245296547e-08,
        "var": 0.000102468402474
    },
    "spectral_energyband_middle_low": {
        "dmean": 0.00393323367462,
        "dmean2": 0.00602662656456,
        "dvar": 5.34922510269e-05,
        "dvar2": 0.000128056533867,
        "max": 0.0945263206959,
        "mean": 0.0117567125708,
        "median": 0.00851626414806,
        "min": 1.96978206191e-07,
        "var": 0.000117319665151
    },
    "spectral_entropy": {
        "dmean": 0.117628730834,
        "dmean2": 0.163920015097,
        "dvar": 0.0153858400881,
        "dvar2": 0.0307405050844,
        "max": 8.51869869232,
        "mean": 7.54644060135,
        "median": 7.51270437241,
        "min": 6.52743387222,
        "var": 0.173419252038
    },
    "spectral_flux": {
        "dmean": 0.0197812560946,
        "dmean2": 0.0317693166435,
        "dvar": 0.00067074917024,
        "dvar2": 0.00154286785983,
        "max": 0.280942469835,
        "mean": 0.0755698829889,
        "median": 0.0670643299818,
        "min": 0.00058119156165,
        "var": 0.00157239672262
    },
    "spectral_kurtosis": {
        "dmean": 1.43147647381,
        "dmean2": 2.41316246986,
        "dvar": 2.44060444832,
        "dvar2": 6.90768480301,
        "max": 21.5993061066,
        "mean": 3.41791129112,
        "median": 2.97580003738,
        "min": -1.13519430161,
        "var": 8.08496856689
    },
    "spectral_rms": {
        "dmean": 0.000561420049053,
        "dmean2": 0.00084731366951,
        "dvar": 4.62133556312e-07,
        "dvar2": 1.09952372895e-06,
        "max": 0.010046062991,
        "mean": 0.00523943360895,
        "median": 0.00530140195042,
        "min": 1.81533741852e-05,
        "var": 2.29768534155e-06
    },
    "spectral_rolloff": {
        "dmean": 405.013580322,
        "dmean2": 654.770385742,
        "dvar": 544130.3125,
        "dvar2": 1042165,
        "max": 7816.55273438,
        "mean": 1694.12780762,
        "median": 1399.65820312,
        "min": 107.666015625,
        "var": 1994787.5
    },
    "spectral_skewness": {
        "dmean": 0.200022950768,
        "dmean2": 0.314485937357,
        "dvar": 0.0363695435226,
        "dvar2": 0.0868962779641,
        "max": 3.50392818451,
        "mean": 1.37357330322,
        "median": 1.39260983467,
        "min": -0.195013776422,
        "var": 0.257273256779
    },
    "spectral_spread": {
        "dmean": 356794.53125,
        "dmean2": 486796.84375,
        "dvar": 171645157376,
        "dvar2": 230498254848,
        "max": 10711245,
        "mean": 4377528.5,
        "median": 4070668.5,
        "min": 1730514.125,
        "var": 1.85309606707e+12
    },
    "spectral_strongpeak": {
        "dmean": 0.726360142231,
        "dmean2": 1.18194878101,
        "dvar": 1.49154102802,
        "dvar2": 3.45132231712,
        "max": 13.7421731949,
        "mean": 1.91765356064,
        "median": 0.549224972725,
        "min": 0.000819798267912,
        "var": 7.08756875992
    },
    "zerocrossingrate": {
        "dmean": 0.00837069749832,
        "dmean2": 0.00926713179797,
        "dvar": 0.000100987075712,
        "dvar2": 9.53669295995e-05,
        "max": 0.2705078125,
        "mean": 0.0649025067687,
        "median": 0.05712890625,
        "min": 0.0107421875,
        "var": 0.00124905083794
    },
    "barkbands": {
        "dmean": [7.37883674446e-05, 0.00256577320397, 0.00148168217856, 0.00108535634354, 0.00122531095985, 0.00112145300955, 0.000373745162506, 0.000631064700428, 0.00140893121716, 0.000481854222016, 0.000400208315114, 0.000781370094046, 0.000400523102144, 0.000556608079933, 0.000657087191939, 0.000391262467019, 0.000238143053139, 0.00014313198335, 0.000189095459064, 0.000169288454344, 6.78335563862e-05, 0.000109284956125, 8.38328051032e-05, 7.36981455702e-05, 2.38376305788e-05, 2.20332729839e-08, 1.3167762436e-09],
        "dmean2": [0.000106578241684, 0.00399391911924, 0.00236704852432, 0.00162324763369, 0.00209904834628, 0.00177696265746, 0.000590332085267, 0.000948242668528, 0.00203304737806, 0.000708121049684, 0.000570900097955, 0.00104272167664, 0.000588467170019, 0.000819447916001, 0.000900005921721, 0.000617055222392, 0.000357884971891, 0.000232599049923, 0.000290969124762, 0.000262893823674, 0.000112542264105, 0.000171969062649, 0.000117142866657, 0.000106574880192, 3.32329909725e-05, 3.49924036414e-08, 2.42366016145e-09],
        "dvar": [5.69580258514e-08, 4.23733399657e-05, 6.0982542891e-06, 1.26610175357e-05, 1.55432135216e-05, 3.95381266571e-06, 9.60836814556e-07, 1.9112294467e-06, 9.73589158093e-06, 8.08864456303e-07, 1.00935301361e-06, 5.46940191271e-06, 8.54228176195e-07, 2.46939725912e-06, 2.52368022302e-06, 9.55081418397e-07, 6.78536650867e-07, 6.7247754032e-08, 9.24354282006e-08, 7.60679128575e-08, 1.96894909266e-08, 1.02744188268e-07, 2.55502232704e-08, 2.98123019604e-08, 2.59599786112e-09, 2.28775276955e-15, 6.85063414614e-18],
        "dvar2": [1.09625830191e-07, 0.000101967700175, 1.79424605449e-05, 2.56898274529e-05, 4.42199780082e-05, 9.15454893402e-06, 2.42467444878e-06, 4.62642583443e-06, 1.8674905732e-05, 1.43350575854e-06, 1.99315991267e-06, 8.42322060635e-06, 1.74644117124e-06, 5.29169210495e-06, 4.11655037169e-06, 2.24281529881e-06, 1.17428726298e-06, 1.55606869612e-07, 2.23362022211e-07, 1.76035939603e-07, 5.44037455086e-08, 2.53048540344e-07, 4.44829773016e-08, 5.79552121849e-08, 4.43185133037e-09, 5.13341226013e-15, 2.03272803023e-17],
        "max": [0.00329051632434, 0.070766299963, 0.0302019827068, 0.0448853187263, 0.0466629453003, 0.0271191317588, 0.0164357982576, 0.0237867683172, 0.059579372406, 0.0261988006532, 0.016124041751, 0.0602537840605, 0.0139068057761, 0.0242284480482, 0.0357639975846, 0.0160271339118, 0.0243789758533, 0.00403385376558, 0.00528696132824, 0.00492439512163, 0.00141883385368, 0.00618649693206, 0.00401762174442, 0.004351681564, 0.00105498370249, 7.66667938024e-07, 5.36670370366e-08],
        "mean": [0.000100278855825, 0.00449373014271, 0.00401914678514, 0.00161696551368, 0.00191271386575, 0.00275304703973, 0.000802975904662, 0.00121270143427, 0.00325111346319, 0.0011018186342, 0.000905562366825, 0.00191902543884, 0.000760622322559, 0.00107642065268, 0.00157303863671, 0.000679670600221, 0.000448478240287, 0.000255799037404, 0.000410376262153, 0.000381061487133, 0.000126002953039, 0.000241650384851, 0.000214564832277, 0.000181302515557, 5.49900796614e-05, 3.89763066266e-08, 1.10656395158e-09],
        "median": [1.48490598804e-05, 0.00223100930452, 0.00331039261073, 0.000761302770115, 0.00120669079479, 0.00101204949897, 0.000457083340734, 0.000541741494089, 0.000915994402021, 0.000593441945966, 0.000321692030411, 0.000403399288189, 0.000303701555822, 0.000209612466278, 0.000296034151688, 0.000213970357436, 0.000129662614199, 0.000114617017971, 0.00020149887132, 0.000201579372515, 4.65528173663e-05, 6.27289409749e-05, 9.3909635325e-05, 6.75373230479e-05, 1.82556123036e-05, 1.36554225705e-08, 4.6232054296e-10],
        "min": [8.19764478521e-10, 1.97376142097e-08, 6.31928198658e-09, 5.01430275079e-09, 8.87855122755e-09, 3.70162589469e-09, 3.55682971964e-09, 5.46241318844e-09, 9.23999508018e-08, 9.28249654919e-09, 4.07394651347e-09, 8.73155414638e-09, 4.29275726077e-09, 4.50173986977e-09, 8.72801031448e-09, 1.06593200933e-09, 1.22597820784e-10, 2.61251242861e-10, 2.2318977777e-09, 9.32696919698e-10, 3.27407601031e-10, 6.05053063207e-10, 9.96237203843e-10, 6.49837295086e-10, 1.98693561604e-10, 2.7168881294e-12, 2.53535972598e-12],
        "var": [1.09497172218e-07, 5.56892409804e-05, 1.10026285256e-05, 1.81907780643e-05, 1.17159552246e-05, 1.67472444446e-05, 1.37507697673e-06, 4.05719674745e-06, 3.35958320647e-05, 4.00790941057e-06, 2.78053630609e-06, 2.92329841614e-05, 1.90392154309e-06, 7.2894395089e-06, 1.74178767338e-05, 2.2022329631e-06, 1.79049629878e-06, 1.58484070312e-07, 3.11832366151e-07, 2.60938691099e-07, 3.49698829893e-08, 3.3691031831e-07, 1.32832326472e-07, 1.19594105286e-07, 1.01039985267e-08, 5.26372785555e-15, 4.58092375078e-18]
    },
    "erbbands": {
        "dmean": [0.0573749467731, 0.666293680668, 1.62537264824, 2.40216779709, 5.07690525055, 3.22366833687, 5.5147767067, 11.1829442978, 6.31051111221, 6.1137213707, 20.5129833221, 29.277463913, 19.0443382263, 11.76537323, 19.2143497467, 23.7622337341, 18.3612308502, 24.6035480499, 28.2566795349, 26.5067310333, 19.553560257, 12.5020666122, 6.76626729965, 10.3036746979, 8.66574001312, 7.03013134003, 2.93385386467, 3.10483336449, 4.36428880692, 3.06550168991, 2.36481547356, 1.76327204704, 1.11929571629, 0.485210925341, 0.0374081544578, 0.00161748251412, 7.8597200627e-05, 1.06796223918e-05, 4.75654451293e-06, 7.93856179371e-06],
        "dmean2": [0.0900170952082, 1.0540702343, 2.57128167152, 3.80661487579, 8.40119552612, 5.42943429947, 8.38029670715, 18.1502399445, 9.79526424408, 9.62821865082, 30.7180175781, 42.3995552063, 27.6532917023, 16.79429245, 27.4285469055, 31.5159854889, 25.0717601776, 35.1727638245, 39.8168792725, 36.886882782, 29.9964962006, 18.8298912048, 10.6781654358, 15.5805578232, 13.574461937, 10.9399776459, 4.9221777916, 5.15824985504, 6.87006425858, 4.28647947311, 3.36898064613, 2.51673388481, 1.68148458004, 0.671467483044, 0.0515760779381, 0.00222567538731, 0.000106386258267, 1.44777741298e-05, 6.87821329848e-06, 1.19016440294e-05],
        "dvar": [0.0286413487047, 3.07971787453, 10.3857574463, 23.4634628296, 499.5418396, 42.6877784729, 87.7253494263, 495.366210938, 189.445205688, 174.715789795, 2698.5612793, 5214.71240234, 1510.00927734, 567.15411377, 2983.234375, 4547.28857422, 1581.16296387, 4572.41259766, 3732.78222656, 3827.11157227, 2214.01635742, 1536.234375, 179.935852051, 280.267303467, 166.930862427, 138.410064697, 28.9461078644, 57.4845581055, 191.385940552, 49.442363739, 21.8363609314, 18.4569339752, 5.59583568573, 1.0508658886, 0.00790705438703, 1.45864205479e-05, 2.94897972708e-08, 4.72512584615e-10, 4.43106176751e-11, 1.15200744777e-10],
        "dvar2": [0.0637183189392, 8.03851509094, 29.5308437347, 50.7938804626, 1324.65612793, 112.42414093, 193.821624756, 1219.45825195, 440.789367676, 448.366851807, 5952.90234375, 9980.71191406, 3154.62988281, 1165.29003906, 5148.00488281, 6957.16552734, 2716.10351562, 8337.0078125, 8151.40917969, 7093.52148438, 5217.99902344, 2730.62744141, 412.166137695, 684.341186523, 373.378662109, 324.635498047, 79.7347259521, 159.505645752, 501.611022949, 92.9570541382, 39.9025764465, 32.8111190796, 11.1014280319, 1.78568005562, 0.0137301655486, 2.5134657335e-05, 4.75829970981e-08, 7.65344787546e-10, 8.89441575946e-11, 2.84173129472e-10],
        "max": [2.16706633568, 18.4752044678, 36.3249740601, 63.3411178589, 274.478790283, 76.7337417603, 193.785491943, 322.127746582, 235.612243652, 249.031982422, 723.434387207, 1531.24755859, 691.31237793, 440.994873047, 1229.21862793, 1647.87902832, 845.194702148, 1303.92333984, 815.96307373, 1203.11437988, 1076.16784668, 1052.23608398, 225.630630493, 291.76272583, 192.650802612, 167.732727051, 55.9837265015, 85.4805221558, 260.604187012, 186.259963989, 107.232337952, 123.752906799, 39.3214302063, 21.3388156891, 1.70532572269, 0.073229201138, 0.00353653659113, 0.000440018047811, 0.000110549699457, 0.000121721284813],
        "mean": [0.100208707154, 1.14872634411, 4.50383520126, 4.66804790497, 6.18070316315, 5.81833648682, 14.4165296555, 25.2693367004, 14.4237508774, 12.594502449, 44.5524253845, 66.0579452515, 45.6449928284, 34.0519447327, 43.3341178894, 62.8361129761, 44.3901977539, 51.7034072876, 62.1631011963, 63.771686554, 39.4164352417, 24.8520431519, 13.5066795349, 22.1323642731, 20.7885513306, 15.5309610367, 5.92663002014, 5.87359762192, 8.56123161316, 7.5585975647, 5.93135309219, 4.13343048096, 2.80036950111, 1.17002236843, 0.0857147872448, 0.003835714655, 0.000221084876102, 3.38722056767e-05, 2.33930204558e-05, 3.85730054404e-05],
        "median": [0.0356328710914, 0.667163789272, 4.03950214386, 3.1976583004, 2.83372712135, 3.67471575737, 7.01258039474, 8.44371414185, 8.85976791382, 8.27036952972, 13.4423189163, 18.6532382965, 24.3793869019, 15.9754390717, 19.8427066803, 14.5173149109, 16.055267334, 14.9147768021, 18.7939052582, 16.8558731079, 14.0437488556, 8.43215465546, 6.09457397461, 9.90435886383, 11.8191232681, 8.41263198853, 3.46424722672, 1.70862054825, 2.05872273445, 3.19770216942, 2.53066420555, 1.28096747398, 1.20556533337, 0.406081974506, 0.0266290623695, 0.00123338378035, 9.18527439353e-05, 1.75876903086e-05, 2.2460018954e-05, 3.73181974282e-05],
        "min": [4.21330980771e-07, 4.83122448713e-06, 9.95657319436e-06, 1.01611385617e-05, 2.87293187284e-05, 2.1148189262e-05, 3.35409604304e-05, 1.3789373952e-05, 3.48464272975e-05, 7.11798056727e-05, 0.000364321895177, 0.00204778835177, 0.0013051800197, 0.00018373382045, 0.000742609554436, 0.00021954337717, 0.000221544789383, 0.000219995839871, 0.000393519498175, 0.000252014520811, 6.92349858582e-05, 1.03765660242e-05, 1.04119208117e-05, 0.000118502714031, 7.46154037188e-05, 5.16336331202e-05, 1.81327977771e-05, 4.09993663197e-06, 1.51868998728e-05, 3.03744873236e-05, 2.2050786356e-05, 1.10420614874e-05, 1.30165954033e-05, 4.13743646277e-06, 2.24314547381e-07, 2.18662172813e-08, 5.09440134522e-09, 1.6699982508e-09, 5.50662349053e-10, 4.47617498622e-10],
        "var": [0.0470083579421, 3.12630748749, 12.9310426712, 39.042678833, 408.584686279, 64.6812973022, 491.503234863, 1649.43017578, 364.687042236, 250.444122314, 8353.45898438, 16401.5800781, 4709.29248047, 2812.51464844, 8997.35546875, 30700.8046875, 8187.64746094, 16645.3789062, 12903.2412109, 20891.75, 6909.5625, 4216.45458984, 473.410766602, 970.284118652, 633.522583008, 453.237670898, 45.7157211304, 107.875991821, 471.804534912, 222.850326538, 103.940040588, 78.8652954102, 20.7801933289, 4.20147418976, 0.0281046684831, 5.31729092472e-05, 1.27845964926e-07, 2.26332330655e-09, 1.85768705974e-10, 3.47857714855e-10]
    },
    "gfcc": {
        "mean": [3.21435546875, 121.770431519, -145.415100098, 51.6521911621, -73.9181671143, 30.4579143524, -36.0503959656, 6.33163309097, -8.83785247803, -16.2746582031, 4.14655208588, -23.0879707336, 5.27146339417],
        "cov": [[2694.51855469, -380.751831055, -149.806167603, 201.240447998, 51.2003364563, 157.160476685, -41.7593040466, 19.7186431885, -23.6425209045, 19.940032959, -16.7252483368, 64.1113357544, -80.1876220703], [-380.751831055, 783.951965332, -154.776611328, -276.137176514, 280.898254395, -180.998321533, 82.0707321167, -16.1064720154, 49.0618972778, -40.8146934509, 144.612243652, -84.2124404907, 35.6261367798], [-149.806167603, -154.776611328, 439.922943115, 118.759841919, -194.943359375, 69.6614532471, -50.4130516052, 36.3783073425, -20.3778858185, 19.1542396545, -67.7031555176, 72.8570709229, 21.6837062836], [201.240447998, -276.137176514, 118.759841919, 280.928070068, -64.874420166, 8.66963291168, -41.6351165771, 10.7930927277, 4.06953716278, 6.64621019363, -69.6876602173, 61.2065963745, 19.3608322144], [51.2003364563, 280.898254395, -194.943359375, -64.874420166, 337.656829834, -10.4008340836, 23.5002918243, 12.8531847, 35.01795578, -16.1861038208, 64.6188201904, -34.6176185608, -10.5028953552], [157.160476685, -180.998321533, 69.6614532471, 8.66963291168, -10.4008340836, 271.856750488, 47.0508155823, -55.8144416809, -12.698390007, 19.0713653564, -14.1209907532, 31.8818092346, -71.1353988647], [-41.7593040466, 82.0707321167, -50.4130516052, -41.6351165771, 23.5002918243, 47.0508155823, 147.689163208, -19.5729579926, -17.442609787, -0.788800835609, 40.0657958984, -4.86333179474, -20.8169116974], [19.7186431885, -16.1064720154, 36.3783073425, 10.7930927277, 12.8531847, -55.8144416809, -19.5729579926, 178.124725342, 30.8780784607, -7.08400726318, -12.1093549728, -1.66209316254, 26.1335353851], [-23.6425209045, 49.0618972778, -20.3778858185, 4.06953716278, 35.01795578, -12.698390007, -17.442609787, 30.8780784607, 92.7004776001, -2.31457686424, -3.80109190941, -6.9046587944, 7.48643922806], [19.940032959, -40.8146934509, 19.1542396545, 6.64621019363, -16.1861038208, 19.0713653564, -0.788800835609, -7.08400726318, -2.31457686424, 75.8134002686, 14.4688711166, -2.31313252449, 14.0379180908], [-16.7252483368, 144.612243652, -67.7031555176, -69.6876602173, 64.6188201904, -14.1209907532, 40.0657958984, -12.1093549728, -3.80109190941, 14.4688711166, 106.657035828, 1.58218538761, 0.649215757847], [64.1113357544, -84.2124404907, 72.8570709229, 61.2065963745, -34.6176185608, 31.8818092346, -4.86333179474, -1.66209316254, -6.9046587944, -2.31313252449, 1.58218538761, 94.8843994141, 19.4940872192], [-80.1876220703, 35.6261367798, 21.6837062836, 19.3608322144, -10.5028953552, -71.1353988647, -20.8169116974, 26.1335353851, 7.48643922806, 14.0379180908, 0.649215757847, 19.4940872192, 97.9037246704]],
        "icov": [[0.000481256865896, -0.000204518495593, 0.000583692512009, -0.000602376938332, 0.0002178382274, -0.000527110241819, 0.000454857305158, -0.000426034675911, 0.000393723137677, -0.000249470205745, -4.05863866035e-05, -0.000349681737134, 0.000384814105928], [-0.000204518495593, 0.00989648792893, -0.00604447396472, 0.00766031164676, -0.00792148523033, 0.00801949389279, -0.00567959202453, 0.00531732803211, -0.00535883940756, 0.00419192016125, -0.00447521684691, 0.00311389705166, -0.00237643765286], [0.000583692512009, -0.00604447396472, 0.00817977916449, -0.00567748118192, 0.00670923944563, -0.00655412999913, 0.00476070307195, -0.00476883491501, 0.00414492283016, -0.00306477909908, 0.00311799556948, -0.00360818929039, 0.00105175736826], [-0.000602376938332, 0.00766031164676, -0.00567748118192, 0.0117912469432, -0.00658707134426, 0.00743001466617, -0.00469226948917, 0.00464982772246, -0.00478681316599, 0.00181297131348, 0.000493785366416, -0.00108687824104, -0.00158296641894], [0.0002178382274, -0.00792148523033, 0.00670923944563, -0.00658707134426, 0.0110087934881, -0.00756467226893, 0.00513603677973, -0.00509975571185, 0.00325610581785, -0.00198189495131, 0.000948237837292, -0.00144923792686, 0.00133304612245], [-0.000527110241819, 0.00801949389279, -0.00655412999913, 0.00743001466617, -0.00756467226893, 0.013529905118, -0.0070353182964, 0.00607611751184, -0.00511346757412, 0.000342211511452, -0.000789647339843, -0.000822902307846, 0.00304470071569], [0.000454857305158, -0.00567959202453, 0.00476070307195, -0.00469226948917, 0.00513603677973, -0.0070353182964, 0.0122785819694, -0.00362755265087, 0.00472111580893, -0.0012711082818, -0.000990251312032, -0.00112845702097, 0.00138359307311], [-0.000426034675911, 0.00531732803211, -0.00476883491501, 0.00464982772246, -0.00509975571185, 0.00607611751184, -0.00362755265087, 0.00991370435804, -0.00508880894631, 0.00259813736193, -0.00143240089528, 0.00189259869512, -0.00204779487103], [0.000393723137677, -0.00535883940756, 0.00414492283016, -0.00478681316599, 0.00325610581785, -0.00511346757412, 0.00472111580893, -0.00508880894631, 0.0154119301587, -0.00226343329996, 0.00269976863638, -0.00117208401207, 0.000658737437334], [-0.000249470205745, 0.00419192016125, -0.00306477909908, 0.00181297131348, -0.00198189495131, 0.000342211511452, -0.0012711082818, 0.00259813736193, -0.00226343329996, 0.0184067506343, -0.00709334202111, 0.0058332378976, -0.00591783924028], [-4.05863866035e-05, -0.00447521684691, 0.00311799556948, 0.000493785366416, 0.000948237837292, -0.000789647339843, -0.000990251312032, -0.00143240089528, 0.00269976863638, -0.00709334202111, 0.0184151027352, -0.00693448726088, 0.00257607852109], [-0.000349681737134, 0.00311389705166, -0.00360818929039, -0.00108687824104, -0.00144923792686, -0.000822902307846, -0.00112845702097, 0.00189259869512, -0.00117208401207, 0.0058332378976, -0.00693448726088, 0.0181854404509, -0.00622573681176], [0.000384814105928, -0.00237643765286, 0.00105175736826, -0.00158296641894, 0.00133304612245, 0.00304470071569, 0.00138359307311, -0.00204779487103, 0.000658737437334, -0.00591783924028, 0.00257607852109, -0.00622573681176, 0.0166909117252]]
    },
    "melbands": {
        "dmean": [0.000578106031753, 0.000858842220623, 0.000519895227626, 0.000286731607048, 0.000177163499757, 0.000234043778619, 9.06888162717e-05, 7.67076635384e-05, 0.000196850989596, 0.00018900273426, 9.70191395027e-05, 5.21196598129e-05, 5.31538426003e-05, 8.12575308373e-05, 6.63793834974e-05, 4.23008714279e-05, 5.11832913617e-05, 4.35205038229e-05, 6.11297873547e-05, 2.58165764535e-05, 2.22401413339e-05, 1.58963921422e-05, 6.41735368845e-06, 6.99692918715e-06, 9.3280486908e-06, 7.33703700462e-06, 7.75349235482e-06, 4.71533940072e-06, 2.13652015191e-06, 1.46468221374e-06, 2.11345445678e-06, 2.76779451269e-06, 2.12978329728e-06, 1.76677065156e-06, 1.51943311266e-06, 1.31699243866e-06, 1.11920144263e-06, 8.79355752659e-07, 6.89916475949e-07, 3.47595545236e-07],
        "dmean2": [0.000919294951018, 0.00135823024902, 0.000820772023872, 0.000488484278321, 0.000273022364127, 0.000375729519874, 0.000140708929393, 0.000120874654385, 0.000294475146802, 0.000273210345767, 0.000141282114782, 7.47524027247e-05, 7.55636938266e-05, 0.000109413740574, 8.14711020212e-05, 6.22029256192e-05, 7.26377402316e-05, 6.42124359729e-05, 8.27583717182e-05, 4.00391509174e-05, 3.43907195202e-05, 2.37339736486e-05, 1.02800131572e-05, 1.12179805001e-05, 1.406138108e-05, 1.16708333735e-05, 1.20120394058e-05, 7.52700589146e-06, 3.61482079825e-06, 2.46284866989e-06, 3.53398058905e-06, 4.51060896012e-06, 3.09338838633e-06, 2.62290859609e-06, 2.28184194384e-06, 1.96163250621e-06, 1.59161299962e-06, 1.33494245347e-06, 1.01211503534e-06, 4.97103371799e-07],
        "dvar": [2.38654843088e-06, 3.70207203559e-06, 2.29054307965e-06, 1.10265580133e-06, 7.7340622795e-08, 1.95360968291e-07, 4.18932160073e-08, 2.18498943383e-08, 2.69915034323e-07, 2.23948461553e-07, 3.91446590697e-08, 1.01025152688e-08, 1.8471986607e-08, 7.30803222382e-08, 5.30168051682e-08, 1.05000506068e-08, 2.16019468979e-08, 1.4627693723e-08, 2.65573998348e-08, 4.63497062952e-09, 3.56381968381e-09, 2.28112839729e-09, 3.87042786709e-10, 2.00083380419e-10, 2.48946530057e-10, 1.49733989097e-10, 1.82358281253e-10, 7.48718378962e-11, 1.4443674555e-11, 1.17259119081e-11, 2.7400089142e-11, 8.28153101651e-11, 3.58386341437e-11, 1.31226132391e-11, 9.12914795842e-12, 8.54787161192e-12, 8.87160223756e-12, 3.39314774195e-12, 1.94225711903e-12, 6.28610011266e-13],
        "dvar2": [5.24816050529e-06, 1.01664736576e-05, 5.27398287886e-06, 3.03223851006e-06, 1.7943099806e-07, 4.73858364103e-07, 9.97314657525e-08, 5.51070442611e-08, 5.71505836433e-07, 4.32487325952e-07, 8.0926177759e-08, 1.96515870243e-08, 3.52092293099e-08, 1.16966333508e-07, 6.31733740875e-08, 2.14487947403e-08, 4.02423019352e-08, 3.4980942587e-08, 4.06023055177e-08, 1.05224193803e-08, 7.47780148913e-09, 3.66475960689e-09, 8.94412544028e-10, 4.50335324587e-10, 6.02992711318e-10, 3.6574285267e-10, 4.1678377416e-10, 1.81136494692e-10, 4.00692638791e-11, 3.31989054303e-11, 7.57285970043e-11, 2.24826712802e-10, 6.97390825644e-11, 2.6435610645e-11, 1.85222098076e-11, 1.78070076046e-11, 1.7048610787e-11, 7.09411002164e-12, 3.59413410492e-12, 1.15619482304e-12],
        "max": [0.0174649618566, 0.0184445250779, 0.0188362598419, 0.0128313414752, 0.00510552944615, 0.00625722669065, 0.00367480819114, 0.00231863744557, 0.0071796127595, 0.010938283056, 0.00350039242767, 0.00227102614008, 0.00223257020116, 0.00842693448067, 0.00703713530675, 0.00189600232989, 0.00294323381968, 0.00199245614931, 0.00389551278204, 0.00111332850065, 0.0017025093548, 0.0013294290984, 0.000385910068871, 0.000196117718588, 0.00030279729981, 0.00019061396597, 0.000283506553387, 0.000137215960422, 5.57161110919e-05, 4.40259973402e-05, 6.64122126182e-05, 0.000145538913785, 0.000149857427459, 8.99959777598e-05, 6.08860718785e-05, 7.28914455976e-05, 8.05798990768e-05, 3.06105939671e-05, 2.62604607997e-05, 1.60947438417e-05],
        "mean": [0.00108004873618, 0.00209368020296, 0.000928143621422, 0.000405460625188, 0.000459467584733, 0.000549039221369, 0.000201240880415, 0.00014789996203, 0.000431625259807, 0.000420493772253, 0.000226257892791, 0.000142356599099, 0.000118674761325, 0.0001767132635, 0.00016937062901, 8.09812700027e-05, 9.98043688014e-05, 7.95951855252e-05, 0.00015243384405, 4.58996073576e-05, 4.33921995864e-05, 2.93449011224e-05, 1.13835239972e-05, 1.2332334336e-05, 1.8727776478e-05, 1.54951267177e-05, 1.60783110914e-05, 9.08059973881e-06, 3.84673694498e-06, 2.60857473222e-06, 3.6885865029e-06, 4.82897166876e-06, 4.69678707304e-06, 4.07219476983e-06, 3.53174618795e-06, 2.902323331e-06, 2.39569408222e-06, 2.05228343475e-06, 1.61552759437e-06, 7.71354677909e-07],
        "median": [0.0004530971637, 0.0018741391832, 0.000578044739086, 0.000229011435295, 0.000232879872783, 0.000192749488633, 0.000118677387945, 8.90790615813e-05, 0.000101657693449, 0.000119308373542, 0.000114341972221, 6.57284108456e-05, 5.34128339496e-05, 5.56737759325e-05, 2.33617756749e-05, 2.81761695078e-05, 1.95608154172e-05, 2.56721777987e-05, 2.10568960028e-05, 1.48247354446e-05, 1.41424279718e-05, 8.56058431964e-06, 4.32074421042e-06, 5.26956955582e-06, 7.70168480813e-06, 8.01123678684e-06, 7.82256847742e-06, 4.32733168054e-06, 1.97505255528e-06, 8.90842841272e-07, 8.59180431689e-07, 1.04445643956e-06, 1.29746672428e-06, 1.85075464287e-06, 1.48600827288e-06, 9.81110815701e-07, 6.66133075811e-07, 8.86679515588e-07, 6.23913649633e-07, 2.50186531048e-07],
        "min": [4.73713379634e-09, 5.82365844437e-09, 2.62308841315e-09, 1.66687197378e-09, 1.24012966563e-09, 3.69975605707e-10, 6.10544281798e-10, 7.34748761833e-10, 3.61581542485e-09, 1.32277637732e-08, 5.9537090813e-09, 5.97064453434e-10, 1.55764456888e-09, 1.5052369351e-09, 1.21552726218e-10, 3.71860653381e-10, 3.11326214808e-10, 5.65040847444e-10, 6.54097831454e-10, 1.17056503379e-10, 6.83340883878e-11, 8.61893455911e-12, 3.39968027688e-12, 1.12020956747e-11, 1.13120339484e-10, 6.10819589353e-11, 4.42093757436e-11, 2.81187365059e-11, 1.18799969862e-11, 2.51473147861e-12, 1.45436473194e-12, 6.23632742669e-12, 1.71894009443e-11, 1.48765531144e-11, 1.42182298921e-11, 6.92843742447e-12, 6.44197152219e-12, 1.1396049035e-11, 5.82224286144e-12, 2.3657872536e-12],
        "var": [3.82985808756e-06, 3.81763175028e-06, 2.86171143671e-06, 8.4848915094e-07, 3.92819856643e-07, 6.85975749093e-07, 7.23871877994e-08, 3.72988147035e-08, 9.43777195062e-07, 6.81583458118e-07, 1.29279953853e-07, 5.0490807979e-08, 4.8721631174e-08, 2.56845936519e-07, 4.35570143509e-07, 2.55625387524e-08, 7.81340574463e-08, 2.88234360823e-08, 1.98845270916e-07, 1.14018821051e-08, 1.28401111965e-08, 7.1862595874e-09, 7.25928817058e-10, 4.14604378607e-10, 8.08614231129e-10, 4.57413273924e-10, 5.87274617825e-10, 2.11247644377e-10, 2.20471488288e-11, 1.67454938804e-11, 5.19524458176e-11, 1.59755680906e-10, 1.45697773291e-10, 5.40009356675e-11, 3.62691612854e-11, 3.19487734879e-11, 3.15585682586e-11, 1.15681275323e-11, 7.54017768362e-12, 2.10560128361e-12]
    },
    "mfcc": {
        "mean": [-616.373535156, 118.699913025, 3.94654512405, 11.3708515167, 5.27645301819, 3.77119398117, 3.61019062996, 8.20610713959, -2.01224565506, 11.8742275238, -3.57980704308, -7.00828170776, 3.87765431404],
        "cov": [[2652.58935547, -422.568450928, -162.105194092, 46.5202064514, 76.5581512451, 137.298324585, -0.939544022083, 100.609039307, -46.1328163147, -38.2982177734, 65.9864883423, 18.9498958588, -9.43823242188], [-422.568450928, 1028.4810791, -392.737823486, -64.9780273438, 104.144798279, -145.551574707, 105.596679688, -35.0639801025, -65.5714950562, 71.2437438965, 45.8143920898, 3.9018509388, 28.3647956848], [-162.105194092, -392.737823486, 587.75, -4.7088394165, -100.229278564, 61.3910369873, -80.1298522949, -7.55610179901, 72.0176239014, -90.8647003174, -37.5902709961, 46.1892929077, -32.0844688416], [46.5202064514, -64.9780273438, -4.7088394165, 246.833282471, 30.8318500519, -80.8237457275, -43.1312446594, -11.39802742, 48.8454742432, -28.6352558136, -63.0120162964, 31.0794010162, 15.7672729492], [76.5581512451, 104.144798279, -100.229278564, 30.8318500519, 217.977767944, -32.4706230164, -18.4283027649, 30.6605091095, 21.1656112671, 11.8210248947, 10.9414405823, 21.6490573883, 14.0861749649], [137.298324585, -145.551574707, 61.3910369873, -80.8237457275, -32.4706230164, 296.967437744, 36.4394493103, 12.5295209885, -35.3930587769, -47.2930603027, 58.1422996521, 2.85748720169, -42.7801361084], [-0.939544022083, 105.596679688, -80.1298522949, -43.1312446594, -18.4283027649, 36.4394493103, 146.660705566, 13.5361099243, -37.7645149231, 15.7032794952, 43.157333374, -11.1003770828, 3.83535885811], [100.609039307, -35.0639801025, -7.55610179901, -11.39802742, 30.6605091095, 12.5295209885, 13.5361099243, 130.819839478, 9.32753753662, -21.6014575958, 40.6099395752, 2.66727805138, 2.4951069355], [-46.1328163147, -65.5714950562, 72.0176239014, 48.8454742432, 21.1656112671, -35.3930587769, -37.7645149231, 9.32753753662, 125.426696777, -14.4488801956, -26.7250843048, 29.5261230469, -8.09624290466], [-38.2982177734, 71.2437438965, -90.8647003174, -28.6352558136, 11.8210248947, -47.2930603027, 15.7032794952, -21.6014575958, -14.4488801956, 154.330749512, -3.27464342117, -45.9380569458, 22.6359424591], [65.9864883423, 45.8143920898, -37.5902709961, -63.0120162964, 10.9414405823, 58.1422996521, 43.157333374, 40.6099395752, -26.7250843048, -3.27464342117, 137.176620483, -2.54907250404, -29.3885879517], [18.9498958588, 3.9018509388, 46.1892929077, 31.0794010162, 21.6490573883, 2.85748720169, -11.1003770828, 2.66727805138, 29.5261230469, -45.9380569458, -2.54907250404, 99.6874771118, 2.99143147469], [-9.43823242188, 28.3647956848, -32.0844688416, 15.7672729492, 14.0861749649, -42.7801361084, 3.83535885811, 2.4951069355, -8.09624290466, 22.6359424591, -29.3885879517, 2.99143147469, 85.2560806274]],
