{
"lowlevel": {
    "average_loudness": 0.965779006481,
    "barkbands_crest": {
        "dmean": 3.17261075974,
        "dmean2": 5.28427362442,
        "dvar": 8.6865568161,
        "dvar2": 22.3435440063,
        "max": 24.0372219086,
        "mean": 9.22329998016,
        "median": 8.44016551971,
        "min": 2.33172464371,
        "var": 15.1272678375
    },
    "barkbands_flatness_db": {
        "dmean": 0.0240534543991,
        "dmean2": 0.0378830321133,
        "dvar": 0.000527772645,
        "dvar2": 0.00119488418568,
        "max": 0.346755683422,
        "mean": 0.149012550712,
        "median": 0.140802338719,
        "min": 0.0717308521271,
        "var": 0.00182133272756
    },
    "barkbands_kurtosis": {
        "dmean": 2.18409204483,
        "dmean2": 3.45024871826,
        "dvar": 9.63597488403,
        "dvar2": 21.355096817,
        "max": 57.1802825928,
        "mean": 1.84518957138,
        "median": 0.318243980408,
        "min": -1.61580383778,
        "var": 19.273393631
    },
    "barkbands_skewness": {
        "dmean": 0.528095543385,
        "dmean2": 0.836772024632,
        "dvar": 0.260300070047,
        "dvar2": 0.648370146751,
        "max": 5.94911718369,
        "mean": 1.35979235172,
        "median": 1.18335855007,
        "min": -0.32584926486,
        "var": 0.661313295364
    },
    "barkbands_spread": {
        "dmean": 7.56588935852,
        "dmean2": 11.8388414383,
        "dvar": 54.3225784302,
        "dvar2": 129.874511719,
        "max": 70.9218444824,
        "mean": 30.8227157593,
        "median": 30.748916626,
        "min": 1.86608064175,
        "var": 156.1275177
    },
    "dissonance": {
        "dmean": 0.00994608830661,
        "dmean2": 0.0163970962167,
        "dvar": 0.000101483485196,
        "dvar2": 0.000255183433183,
        "max": 0.499930739403,
        "mean": 0.480556547642,
        "median": 0.48394343257,
        "min": 0.335462063551,
        "var": 0.000216530024773
    },
    "dynamic_complexity": 1.70637261868,
    "erbbands_crest": {
        "dmean": 2.05391311646,
        "dmean2": 3.34533071518,
        "dvar": 4.01618480682,
        "dvar2": 9.7683391571,
        "max": 24.9632492065,
        "mean": 6.65854787827,
        "median": 5.78223848343,
        "min": 2.55598640442,
        "var": 8.63123893738
    },
    "erbbands_flatness_db": {
        "dmean": 0.0124548878521,
        "dmean2": 0.0183507800102,
        "dvar": 0.000137982351589,
        "dvar2": 0.000279948231764,
        "max": 0.346926003695,
        "mean": 0.17016659677,
        "median": 0.167869597673,
        "min": 0.10570333153,
        "var": 0.000737358292099
    },
    "erbbands_kurtosis": {
        "dmean": 0.530102610588,
        "dmean2": 0.84414100647,
        "dvar": 0.689913928509,
        "dvar2": 1.34810686111,
        "max": 33.2870979309,
        "mean": -0.567548334599,
        "median": -0.813286066055,
        "min": -1.67843258381,
        "var": 1.93174397945
    },
    "erbbands_skewness": {
        "dmean": 0.341969996691,
        "dmean2": 0.518001079559,
        "dvar": 0.100984930992,
        "dvar2": 0.210301488638,
        "max": 5.06522417068,
        "mean": -0.136501118541,
        "median": -0.26116079092,
        "min": -1.59779345989,
        "var": 0.4019767344
    },
    "erbbands_spread": {
        "dmean": 8.01417541504,
        "dmean2": 12.5436830521,
        "dvar": 53.2722396851,
        "dvar2": 124.201911926,
        "max": 142.836227417,
        "mean": 48.6119842529,
        "median": 48.0869827271,
        "min": 5.47009086609,
        "var": 176.312316895
    },
    "hfc": {
        "dmean": 6.26580619812,
        "dmean2": 10.2402105331,
        "dvar": 62.2366256714,
        "dvar2": 165.854171753,
        "max": 93.2704849243,
        "mean": 26.7040557861,
        "median": 25.6042194366,
        "min": 0.000502371636685,
        "var": 175.182815552
    },
    "melbands_crest": {
        "dmean": 3.4617202282,
        "dmean2": 5.74012136459,
        "dvar": 8.45942115784,
        "dvar2": 21.2188167572,
        "max": 28.7081718445,
        "mean": 12.7631750107,
        "median": 12.3229122162,
        "min": 4.27342748642,
        "var": 17.6979675293
    },
    "melbands_flatness_db": {
        "dmean": 0.0309680141509,
        "dmean2": 0.0475098527968,
        "dvar": 0.000896483310498,
        "dvar2": 0.00208363565616,
        "max": 0.428191512823,
        "mean": 0.166142836213,
        "median": 0.156336307526,
        "min": 0.0557308606803,
        "var": 0.00319010694511
    },
    "melbands_kurtosis": {
        "dmean": 6.60206222534,
        "dmean2": 10.6766281128,
        "dvar": 71.3394470215,
        "dvar2": 179.707183838,
        "max": 85.0102081299,
        "mean": 11.46870327,
        "median": 7.75221538544,
        "min": -0.817366838455,
        "var": 125.351325989
    },
    "melbands_skewness": {
        "dmean": 0.750638306141,
        "dmean2": 1.21303617954,
        "dvar": 0.589234471321,
        "dvar2": 1.47632598877,
        "max": 8.30523014069,
        "mean": 2.82985782623,
        "median": 2.63233971596,
        "min": 0.300024390221,
        "var": 1.34553802013
    },
    "melbands_spread": {
        "dmean": 9.35881328583,
        "dmean2": 14.8347377777,
        "dvar": 75.9572296143,
        "dvar2": 189.832397461,
        "max": 91.3652114868,
        "mean": 28.6897602081,
        "median": 27.6936683655,
        "min": 2.15813970566,
        "var": 204.294967651
    },
    "pitch_salience": {
        "dmean": 0.0818928256631,
        "dmean2": 0.13380266726,
        "dvar": 0.00554620986804,
        "dvar2": 0.0144419344142,
        "max": 0.885973215103,
        "mean": 0.585786402225,
        "median": 0.593581438065,
        "min": 0.192583829165,
        "var": 0.0103130489588
    },
    "silence_rate_20dB": {
        "dmean": 0,
        "dmean2": 0,
        "dvar": 0,
        "dvar2": 0,
        "max": 1,
        "mean": 1,
        "median": 1,
        "min": 1,
        "var": 0
    },
    "silence_rate_30dB": {
        "dmean": 0,
        "dmean2": 0,
        "dvar": 0,
        "dvar2": 0,
        "max": 1,
        "mean": 1,
        "median": 1,
        "min": 1,
        "var": 0
    },
    "silence_rate_60dB": {
        "dmean": 0.00232198135927,
        "dmean2": 0.00464576063678,
        "dvar": 0.00231668003835,
        "dvar2": 0.00617264257744,
        "max": 1,
        "mean": 0.0104448739439,
        "median": 0,
        "min": 0,
        "var": 0.0103354062885
    },
    "spectral_centroid": {
        "dmean": 326.231964111,
        "dmean2": 502.48336792,
        "dvar": 95049.59375,
        "dvar2": 207317.5,
        "max": 3055.25,
        "mean": 1799.38244629,
        "median": 1887.67736816,
        "min": 280.389038086,
        "var": 322649.75
    },
    "spectral_complexity": {
        "dmean": 5.31114530563,
        "dmean2": 7.92179632187,
        "dvar": 22.1392192841,
        "dvar2": 47.6849861145,
        "max": 57,
        "mean": 31.9369430542,
        "median": 34,
        "min": 0,
        "var": 113.224380493
    },
    "spectral_decrease": {
        "dmean": 2.72433653414e-09,
        "dmean2": 4.59949989207e-09,
        "dvar": 1.15395963703e-17,
        "dvar2": 3.10455640793e-17,
        "max": -9.16689751993e-14,
        "mean": -7.83358977685e-09,
        "median": -7.00428870459e-09,
        "min": -3.39163648277e-08,
        "var": 1.59456748191e-17
    },
    "spectral_energy": {
        "dmean": 0.010522224009,
        "dmean2": 0.017767380923,
        "dvar": 0.000171928550117,
        "dvar2": 0.00046288271551,
        "max": 0.132181867957,
        "mean": 0.0319879502058,
        "median": 0.029069242999,
        "min": 3.91546223e-07,
        "var": 0.000246418087045
    },
    "spectral_energyband_high": {
        "dmean": 0.000540215347428,
        "dmean2": 0.000889057351742,
        "dvar": 7.00515613516e-07,
        "dvar2": 1.7399462422e-06,
        "max": 0.0108722997829,
        "mean": 0.00143860583194,
        "median": 0.00122101581655,
        "min": 3.2306765263e-08,
        "var": 1.33688752157e-06
    },
    "spectral_energyband_low": {
        "dmean": 0.00654038134962,
        "dmean2": 0.0108214309439,
        "dvar": 0.00011477512453,
        "dvar2": 0.00029491467285,
        "max": 0.080751940608,
        "mean": 0.0102269044146,
        "median": 0.00698227062821,
        "min": 1.06459552285e-07,
        "var": 0.000121178884001
    },
    "spectral_energyband_middle_high": {
        "dmean": 0.00165346846916,
        "dmean2": 0.00255619431846,
        "dvar": 3.33414482157e-06,
        "dvar2": 7.77780223871e-06,
        "max": 0.0295800156891,
        "mean": 0.00610797386616,
        "median": 0.00554332975298,
        "min": 1.10554708499e-07,
        "var": 1.36350627145e-05
    },
    "spectral_energyband_middle_low": {
        "dmean": 0.00674921507016,
        "dmean2": 0.0113689126447,
        "dvar": 9.56094663707e-05,
        "dvar2": 0.000266829651082,
        "max": 0.125751972198,
        "mean": 0.0152313951403,
        "median": 0.0122964400798,
        "min": 1.64825550542e-07,
        "var": 0.000132306944579
    },
    "spectral_entropy": {
        "dmean": 0.138977855444,
        "dmean2": 0.200712710619,
        "dvar": 0.0237221475691,
        "dvar2": 0.048167783767,
        "max": 8.35515594482,
        "mean": 7.77301120758,
        "median": 7.82798147202,
        "min": 6.27309322357,
        "var": 0.0800506472588
    },
    "spectral_flux": {
        "dmean": 0.0282232239842,
        "dmean2": 0.0439451038837,
        "dvar": 0.000805174058769,
        "dvar2": 0.00165540492162,
        "max": 0.267674088478,
        "mean": 0.099916100502,
        "median": 0.0915170684457,
        "min": 0.000625736545771,
        "var": 0.00173454824835
    },
    "spectral_kurtosis": {
        "dmean": 1.33666861057,
        "dmean2": 2.34109258652,
        "dvar": 2.83694148064,
        "dvar2": 8.2056350708,
        "max": 25.7725086212,
        "mean": 1.94173645973,
        "median": 1.55791330338,
        "min": -0.518340587616,
        "var": 3.00479030609
    },
    "spectral_rms": {
        "dmean": 0.000855868274812,
        "dmean2": 0.00142245576717,
        "dvar": 8.60711452333e-07,
        "dvar2": 2.30266846302e-06,
        "max": 0.0113559644669,
        "mean": 0.00542135536671,
        "median": 0.00532543286681,
        "min": 1.95447264559e-05,
        "var": 1.8167190774e-06
    },
    "spectral_rolloff": {
        "dmean": 739.846435547,
        "dmean2": 1242.08056641,
        "dvar": 679550.1875,
        "dvar2": 1606564.625,
        "max": 7407.421875,
        "mean": 1879.79016113,
        "median": 2045.65429688,
        "min": 107.666015625,
        "var": 1344909.875
    },
    "spectral_skewness": {
        "dmean": 0.192867904902,
        "dmean2": 0.316740453243,
        "dvar": 0.0443360768259,
        "dvar2": 0.112624704838,
        "max": 3.3523170948,
        "mean": 0.844153404236,
        "median": 0.808434247971,
        "min": 0.22848045826,
        "var": 0.0775046944618
    },
    "spectral_spread": {
        "dmean": 335901.6875,
        "dmean2": 499240.34375,
        "dvar": 145938710528,
        "dvar2": 259476406272,
        "max": 10312116,
        "mean": 3844247.25,
        "median": 3737796.75,
        "min": 1983475.375,
        "var": 672751747072
    },
    "spectral_strongpeak": {
        "dmean": 0.436287283897,
        "dmean2": 0.743668019772,
        "dvar": 0.442295700312,
        "dvar2": 1.16732645035,
        "max": 7.0309844017,
        "mean": 0.726768016815,
        "median": 0.409129202366,
        "min": 0.00030295556644,
        "var": 0.644290685654
    },
    "zerocrossingrate": {
        "dmean": 0.0105411307886,
        "dmean2": 0.0126597732306,
        "dvar": 8.61669614096e-05,
        "dvar2": 0.000113009737106,
        "max": 0.171875,
        "mean": 0.0671706870198,
        "median": 0.06689453125,
        "min": 0.0107421875,
        "var": 0.00057882751571
    },
    "barkbands": {
        "dmean": [5.87671711401e-05, 0.00529333623126, 0.00181543640792, 0.00149579928257, 0.00404742965475, 0.00173079082742, 0.00157835648861, 0.000663639453705, 0.000781734765042, 0.000529097567778, 0.000297642400255, 0.000273138313787, 0.00024118401052, 0.000254049722571, 0.000163147109561, 0.000251070508966, 0.000448902428616, 0.000260681641521, 0.000377531978302, 0.000201918301173, 0.000206307056942, 0.000147604674567, 0.000114506867249, 9.69682587311e-05, 2.34068593272e-05, 1.81230035423e-08, 2.29223573456e-09],
        "dmean2": [0.000105023420474, 0.0088271535933, 0.00324610387906, 0.00252378755249, 0.0068856771104, 0.00288141286001, 0.00252888677642, 0.00104904663749, 0.00120895693544, 0.000840582419187, 0.000484931108076, 0.000426440092269, 0.000392436981201, 0.000417178147472, 0.00026256084675, 0.000401846249588, 0.000727009144612, 0.000424883182859, 0.000610431074165, 0.000340116646839, 0.000343426567269, 0.000253895239439, 0.000188252335647, 0.00014778401237, 3.5036355257e-05, 2.92740232055e-08, 4.27605728603e-09],
        "dvar": [1.25175514398e-08, 8.51951772347e-05, 1.05017561509e-05, 4.75328079119e-06, 4.47283455287e-05, 1.03570155261e-05, 7.1497929639e-06, 1.72511022356e-06, 3.32199601871e-06, 1.35617221986e-06, 2.78909851659e-07, 2.7261975788e-07, 2.90235192324e-07, 2.05287648214e-07, 1.33940019964e-07, 1.38539732575e-07, 2.09446440635e-07, 6.80231195815e-08, 1.49499484792e-07, 7.62042304814e-08, 5.43779776763e-08, 6.20081550551e-08, 5.05590485034e-08, 5.60023245555e-08, 3.90746501822e-09, 2.41491168493e-15, 8.88308598076e-17],
        "dvar2": [3.57536187323e-08, 0.000219174209633, 2.96408961731e-05, 1.23839799926e-05, 0.000122840123367, 2.65254202532e-05, 1.60413947015e-05, 3.88874195778e-06, 7.34128889235e-06, 3.01693467009e-06, 7.18830051483e-07, 5.75572755679e-07, 7.18570902336e-07, 5.10124436914e-07, 3.05060098071e-07, 3.47248800381e-07, 5.50145387024e-07, 1.84696403949e-07, 3.92147029515e-07, 2.14329617165e-07, 1.48806392986e-07, 1.60149369322e-07, 1.22465934282e-07, 1.20522685165e-07, 8.76352057588e-09, 6.05396809072e-15, 2.65459966851e-16],
        "max": [0.00096647121245, 0.0737795978785, 0.0276907905936, 0.030018389225, 0.10204590112, 0.0391417108476, 0.0417138338089, 0.0210933238268, 0.0488612130284, 0.0242187790573, 0.0111604006961, 0.0150275463238, 0.010965263471, 0.00870367977768, 0.00872080028057, 0.0112776933238, 0.0049088774249, 0.00317923096009, 0.00542437657714, 0.00327511294745, 0.00268816412427, 0.00248924596235, 0.00416877726093, 0.00315121351741, 0.00147020362783, 1.1994735587e-06, 2.42757579372e-07],
        "mean": [5.94907724007e-05, 0.00708950124681, 0.00213279156014, 0.00211334880441, 0.00561198452488, 0.00244684051722, 0.00260117114522, 0.00101848668419, 0.00133103271946, 0.000903260428458, 0.000476016080938, 0.000480169517687, 0.000380876939744, 0.000445260899141, 0.000301575841149, 0.000505712116137, 0.000986702507362, 0.000574175093789, 0.000860522850417, 0.000440795731265, 0.00055222370429, 0.000261048524408, 0.000211764883716, 0.000167511345353, 3.56831042154e-05, 2.48529907765e-08, 1.63530611275e-09],
        "median": [1.81059567694e-05, 0.00430995225906, 0.00112457131036, 0.001235880889, 0.00341379549354, 0.00112063786946, 0.00119566987269, 0.000347414897988, 0.000500383903272, 0.000473596213851, 0.000296360376524, 0.000296856393106, 0.000219125300646, 0.000263820111286, 0.000161882388056, 0.00039679571637, 0.000835664221086, 0.000517445674632, 0.000780958973337, 0.00039534206735, 0.000527720490936, 0.000187307159649, 0.000128034196678, 7.58512978791e-05, 1.17302997751e-05, 8.39903613326e-09, 5.3053034188e-10],
        "min": [9.47377065685e-10, 3.87587775208e-08, 3.76305671068e-08, 4.42800427436e-08, 1.96801259733e-08, 3.09684300426e-09, 7.63825003247e-09, 1.60600110988e-09, 5.4521418491e-09, 6.26756868627e-09, 1.52620067695e-08, 3.1079516738e-09, 1.09040321217e-09, 9.79578973492e-10, 8.22686985202e-09, 5.09998177023e-09, 2.70393645252e-08, 1.08775397578e-08, 7.96517429791e-09, 7.0022716514e-09, 1.36616353785e-08, 3.87452869788e-09, 2.26622698385e-09, 2.7168702843e-09, 2.82927459239e-10, 2.53449149688e-12, 3.53103440584e-12],
        "var": [1.09034301587e-08, 8.40565626277e-05, 8.90945011633e-06, 7.01335602571e-06, 4.66056626465e-05, 1.54937188199e-05, 1.65086548805e-05, 4.04252750741e-06, 8.8331189545e-06, 2.8410838695e-06, 4.66369016294e-07, 5.79740628837e-07, 4.24910666652e-07, 4.08892304904e-07, 3.05880689666e-07, 2.52230847764e-07, 4.82957375425e-07, 1.4289062733e-07, 3.23626181853e-07, 1.01136791386e-07, 1.08009537314e-07, 8.18787313506e-08, 8.69165788231e-08, 1.00920587442e-07, 6.21501161646e-09, 3.07245933848e-15, 4.78607529604e-17]
    },
    "erbbands": {
        "dmean": [0.109476096928, 1.33157229424, 2.28095531464, 3.21694278717, 11.0329217911, 13.7351961136, 12.5109510422, 15.5271530151, 24.0036468506, 16.2774906158, 14.297999382, 17.7667388916, 12.749912262, 16.9166755676, 11.4369306564, 9.82298564911, 10.8706588745, 11.2911424637, 10.5611534119, 8.77170276642, 14.4717540741, 24.1549549103, 15.6736516953, 19.8370265961, 12.7943077087, 9.81677246094, 10.1070451736, 6.77627944946, 5.10660982132, 4.01834726334, 3.43338394165, 2.50385379791, 1.35886085033, 0.494335174561, 0.0401199012995, 0.0017511282349, 9.22756444197e-05, 1.37689530675e-05, 6.71309271638e-06, 1.19034275485e-05],
        "dmean2": [0.182466641068, 2.21965932846, 4.01081895828, 5.5040974617, 18.7795619965, 23.6430912018, 21.24243927, 25.8290500641, 38.5620536804, 25.9431533813, 22.4518795013, 27.6349124908, 20.009973526, 26.6653518677, 18.623210907, 15.5567035675, 17.3555030823, 18.2752399445, 17.0403862, 13.8409872055, 23.1853065491, 38.8679199219, 26.0077800751, 31.7685470581, 21.3289031982, 16.6601371765, 16.926492691, 11.2205247879, 8.76798820496, 6.79559803009, 5.6228222847, 3.98603820801, 2.01265120506, 0.719977140427, 0.0589292310178, 0.00255613541231, 0.000133493449539, 2.05163687497e-05, 1.09409147626e-05, 2.00782742468e-05],
        "dvar": [0.0431465022266, 5.14140081406, 15.6638450623, 24.3062343597, 313.860961914, 554.350402832, 557.559631348, 954.622070312, 1516.7265625, 953.152587891, 782.622619629, 2004.78283691, 728.392822266, 1766.62927246, 365.566101074, 292.822052002, 735.948608398, 352.238616943, 575.970275879, 237.425765991, 361.895935059, 616.775512695, 247.116104126, 418.99786377, 198.021224976, 174.830718994, 153.062454224, 52.9081115723, 81.7039031982, 49.6627731323, 48.678352356, 34.506275177, 12.0097780228, 1.60054135323, 0.011663374491, 2.13764487853e-05, 4.9262613544e-08, 8.80132189351e-10, 8.27472187992e-11, 2.16174966816e-10],
        "dvar2": [0.113439954817, 13.1321430206, 43.5150527954, 63.2348213196, 870.205932617, 1517.08520508, 1499.18774414, 2397.52441406, 3421.41381836, 2209.02514648, 1700.53662109, 4647.1875, 1668.2220459, 3795.43896484, 922.769714355, 627.421569824, 1839.25146484, 889.808776855, 1326.56921387, 579.567321777, 929.58380127, 1640.0255127, 671.116271973, 1114.22399902, 536.971862793, 486.05279541, 424.907562256, 145.078491211, 212.80645752, 126.103538513, 117.395095825, 78.7540435791, 25.4150810242, 3.35173678398, 0.0258093047887, 4.66827295895e-05, 1.03057985257e-07, 1.85680382181e-09, 2.03266542487e-10, 5.815363191e-10],
        "max": [1.51012647152, 18.4266242981, 32.8184814453, 70.0689849854, 311.286895752, 255.15536499, 213.822509766, 475.39453125, 558.545410156, 477.773071289, 533.083190918, 1424.75134277, 686.845092773, 958.935852051, 358.68560791, 419.589477539, 590.171325684, 359.561035156, 538.709411621, 481.609954834, 391.757781982, 342.886871338, 213.167327881, 297.15411377, 147.626663208, 138.726501465, 140.488449097, 83.5570602417, 103.585250854, 91.5623016357, 128.643722534, 89.2770004272, 55.1810951233, 28.5034141541, 1.94511520863, 0.0821386128664, 0.00413677701727, 0.000498997454997, 0.000119831609481, 0.000148823120981],
        "mean": [0.134080901742, 1.79718852043, 3.01634025574, 4.98376846313, 14.629281044, 18.0515422821, 16.4049072266, 22.5486984253, 39.2801971436, 26.2488994598, 24.9595184326, 29.3171062469, 23.8022785187, 29.5801944733, 20.4646625519, 18.302072525, 18.2563400269, 20.2905464172, 20.2314891815, 18.4482002258, 32.208530426, 55.7268600464, 37.6739196777, 44.7335891724, 30.9594841003, 22.1080265045, 23.3846588135, 18.1369762421, 9.61910247803, 6.92144870758, 6.11797523499, 4.25451469421, 2.29472279549, 0.791923880577, 0.0585660226643, 0.00265986728482, 0.000169754159288, 2.92976837954e-05, 2.36345003941e-05, 4.02317418775e-05],
        "median": [0.0615785345435, 1.12499153614, 1.87272107601, 3.22315692902, 8.24706268311, 10.590057373, 7.56415462494, 10.2221183777, 19.0074138641, 12.1327972412, 9.96638011932, 10.8231496811, 12.7238664627, 17.3261966705, 13.1293087006, 12.2258968353, 10.961066246, 13.2427272797, 10.4076251984, 12.8954687119, 26.1735591888, 48.2157478333, 34.7444992065, 39.8849143982, 28.5427074432, 19.9717445374, 21.5859184265, 17.4193096161, 7.14692640305, 4.17897224426, 3.59542298317, 2.11902284622, 0.966892778873, 0.280121803284, 0.0163906533271, 0.000828253221698, 8.05818781373e-05, 1.73266416823e-05, 2.13884886762e-05, 3.76015159418e-05],
        "min": [7.82880363204e-07, 1.01386140159e-05, 4.16496804974e-05, 0.000114544047392, 0.000127477062051, 3.24966094922e-05, 2.43520426011e-05, 5.52665478608e-05, 0.000150828069309, 7.94380976004e-05, 3.54475450877e-05, 0.000106139210402, 0.000153940287419, 0.000545649905689, 0.000302437285427, 9.30558599066e-05, 5.22814443684e-05, 9.00303202798e-05, 0.000237540705712, 0.00026687112404, 0.000368623062968, 0.00120715273079, 0.001193658798, 0.000561851658858, 0.000378708355129, 0.000367327826098, 0.000465737684863, 0.000566079397686, 0.000198468143935, 3.5180204577e-05, 7.36475558369e-05, 4.35211550212e-05, 2.83042718365e-05, 1.48685785462e-05, 6.09040625932e-07, 4.51153781e-08, 7.59535900841e-09, 2.11997019939e-09, 9.29612276046e-10, 5.91096560587e-10],
        "var": [0.0430886186659, 5.08076620102, 13.3692426682, 34.2818145752, 352.740936279, 552.37286377, 614.351928711, 1514.5390625, 3397.60473633, 1737.41918945, 1928.72497559, 4676.78515625, 1635.24511719, 3387.89624023, 718.355651855, 572.273132324, 1017.97058105, 592.613891602, 1305.92041016, 499.717498779, 722.006958008, 1441.48815918, 502.387664795, 890.78692627, 389.538116455, 243.374832153, 237.801361084, 116.998764038, 105.029342651, 76.0862121582, 81.3444366455, 55.7966079712, 22.4483222961, 2.89368414879, 0.0190165229142, 3.60618832929e-05, 9.44359896948e-08, 1.78731474065e-09, 1.83499826445e-10, 3.49612810924e-10]
    },
    "gfcc": {
        "mean": [15.6009168625, 124.321372986, -154.224487305, 76.9366607666, -73.0854034424, 9.81656837463, -30.0004253387, 0.384869456291, -7.96853780746, -20.1424827576, 5.61234664917, -15.069237709, 6.50721788406],
        "cov": [[2420.50878906, -776.791259766, 21.5972213745, 44.3393516541, -397.069335938, 374.552429199, -333.526763916, 158.541427612, -49.5531768799, 156.876831055, 20.2028369904, -8.65442943573, -50.9883728027], [-776.791259766, 702.665466309, -60.2961082458, -40.2734298706, 285.397521973, -279.934967041, 257.032958984, -142.144546509, 89.39478302, -89.0211181641, 9.71560573578, -22.7036800385, 44.4860496521], [21.5972213745, -60.2961082458, 257.000823975, 43.893157959, -8.00083637238, 36.4250411987, -97.7332229614, -1.77711474895, -55.292098999, 7.79811239243, -7.41646289825, 18.4628353119, -7.77270412445], [44.3393516541, -40.2734298706, 43.893157959, 176.061981201, 85.5628356934, 42.7099685669, 19.2446117401, -4.10103797913, -5.53094577789, 6.54951047897, 22.3544807434, -0.106687918305, 8.08642864227], [-397.069335938, 285.397521973, -8.00083637238, 85.5628356934, 257.487823486, -66.4782714844, 146.834533691, -46.2306900024, 27.1208782196, -28.4003505707, 8.11663246155, -13.4846668243, 29.5293178558], [374.552429199, -279.934967041, 36.4250411987, 42.7099685669, -66.4782714844, 194.417755127, -57.4513473511, 77.8239822388, -29.2132434845, 40.9117012024, 5.90425443649, 7.81009864807, -16.2639007568], [-333.526763916, 257.032958984, -97.7332229614, 19.2446117401, 146.834533691, -57.4513473511, 226.239654541, -5.38029527664, 50.6946105957, -48.2685966492, 7.58316040039, -3.91386675835, 24.1320362091], [158.541427612, -142.144546509, -1.77711474895, -4.10103797913, -46.2306900024, 77.8239822388, -5.38029527664, 111.298957825, 15.8755273819, 38.4235153198, -0.186990812421, 5.32988262177, 3.87204766273], [-49.5531768799, 89.39478302, -55.292098999, -5.53094577789, 27.1208782196, -29.2132434845, 50.6946105957, 15.8755273819, 102.740615845, 22.7721672058, 10.9570093155, -12.7017278671, 2.14099287987], [156.876831055, -89.0211181641, 7.79811239243, 6.54951047897, -28.4003505707, 40.9117012024, -48.2685966492, 38.4235153198, 22.7721672058, 78.0883407593, 25.9214248657, -0.179371789098, -4.9677233696], [20.2028369904, 9.71560573578, -7.41646289825, 22.3544807434, 8.11663246155, 5.90425443649, 7.58316040039, -0.186990812421, 10.9570093155, 25.9214248657, 53.6858024597, 18.8370227814, 6.28384160995], [-8.65442943573, -22.7036800385, 18.4628353119, -0.106687918305, -13.4846668243, 7.81009864807, -3.91386675835, 5.32988262177, -12.7017278671, -0.179371789098, 18.8370227814, 42.6346092224, 17.3152370453], [-50.9883728027, 44.4860496521, -7.77270412445, 8.08642864227, 29.5293178558, -16.2639007568, 24.1320362091, 3.87204766273, 2.14099287987, -4.9677233696, 6.28384160995, 17.3152370453, 43.1476783752]],
        "icov": [[0.000872443139087, -0.00100369937718, 0.000661366910208, -0.00106246897485, 0.00160370348021, -0.00186493538786, 0.0010782686295, -0.000338282465236, 0.000335222255671, -0.000719673524145, 0.000370471912902, 0.000399925018428, -0.000303069100482], [-0.00100369937718, 0.0259598549455, -0.00966371782124, 0.0152564896271, -0.0151550192386, 0.0183527264744, -0.0162016544491, 0.0140628647059, -0.0104811890051, 0.00632167095318, -0.0138800917193, 0.0133595876396, -0.00955418031663], [0.000661366910208, -0.00966371782124, 0.00980111397803, -0.00710879592225, 0.00371279171668, -0.00685775792226, 0.00983840692788, -0.00637000007555, 0.0052882633172, -0.00208514835685, 0.00701550673693, -0.00907446723431, 0.00590354483575], [-0.00106246897485, 0.0152564896271, -0.00710879592225, 0.018433701247, -0.013322558254, 0.00792528502643, -0.00868358835578, 0.00874034501612, -0.00645858142525, 0.00574881630018, -0.0127823958173, 0.00994222797453, -0.00668919784948], [0.00160370348021, -0.0151550192386, 0.00371279171668, -0.013322558254, 0.020973438397, -0.0109056383371, 0.00231528817676, -0.00357026187703, 0.0066137961112, -0.00828806590289, 0.00932607706636, -0.00204851687886, -0.000571673503146], [-0.00186493538786, 0.0183527264744, -0.00685775792226, 0.00792528502643, -0.0109056383371, 0.0251179803163, -0.0117218215019, 0.00285928556696, -0.00363106955774, 0.00290505494922, -0.0090569416061, 0.00637677172199, -0.001341107185], [0.0010782686295, -0.0162016544491, 0.00983840692788, -0.00868358835578, 0.00231528817676, -0.0117218215019, 0.0244884323329, -0.0145734846592, 0.00245465710759, 0.00691903103143, 0.00356473983265, -0.00935751479119, 0.00689777173102], [-0.000338282465236, 0.0140628647059, -0.00637000007555, 0.00874034501612, -0.00357026187703, 0.00285928556696, -0.0145734846592, 0.0269865263253, -0.00804592948407, -0.00662587722763, -0.000589750125073, 0.00622415728867, -0.0112096630037], [0.000335222255671, -0.0104811890051, 0.0052882633172, -0.00645858142525, 0.0066137961112, -0.00363106955774, 0.00245465710759, -0.00804592948407, 0.0200957842171, -0.0101051004604, 0.00517448177561, -0.00210190122016, 0.00474897492677], [-0.000719673524145, 0.00632167095318, -0.00208514835685, 0.00574881630018, -0.00828806590289, 0.00290505494922, 0.00691903103143, -0.00662587722763, -0.0101051004604, 0.0340843014419, -0.0211984757334, 0.00962895900011, -0.00168040185235], [0.000370471912902, -0.0138800917193, 0.00701550673693, -0.0127823958173, 0.00932607706636, -0.0090569416061, 0.00356473983265, -0.000589750125073, 0.00517448177561, -0.0211984757334, 0.0439525060356, -0.0267106350511, 0.00829111877829], [0.000399925018428, 0.0133595876396, -0.00907446723431, 0.00994222797453, -0.00204851687886, 0.00637677172199, -0.00935751479119, 0.00622415728867, -0.00210190122016, 0.00962895900011, -0.0267106350511, 0.0521776564419, -0.0241548288614], [-0.000303069100482, -0.00955418031663, 0.00590354483575, -0.00668919784948, -0.000571673503146, -0.001341107185, 0.00689777173102, -0.0112096630037, 0.00474897492677, -0.00168040185235, 0.00829111877829, -0.0241548288614, 0.0400763340294]]
    },
    "melbands": {
        "dmean": [0.00127912475727, 0.00138925225474, 0.000716537120752, 0.000970012100879, 0.000444621720817, 0.000341428589309, 0.000354803778464, 0.000170848928974, 0.000120062853966, 0.000109341526695, 6.7476539698e-05, 7.33645283617e-05, 4.00531789637e-05, 3.31077462761e-05, 2.56972543866e-05, 2.30914210988e-05, 2.2783769964e-05, 2.02961437026e-05, 1.13578871606e-05, 1.52071352204e-05, 1.91990166059e-05, 2.75867514574e-05, 2.43885879172e-05, 1.07682335511e-05, 1.86676552403e-05, 1.31544484248e-05, 8.38665255287e-06, 6.65809420752e-06, 7.40913037589e-06, 5.15060310136e-06, 4.34766252511e-06, 3.09800930154e-06, 2.8918816497e-06, 2.13744920075e-06, 2.15806062442e-06, 1.80914366865e-06, 1.49334243815e-06, 1.06234438135e-06, 7.32764931399e-07, 3.4054201592e-07],
        "dmean2": [0.00211601355113, 0.00234417826869, 0.00122537987772, 0.0016455326695, 0.000757217989303, 0.000565796566661, 0.00056980777299, 0.000270601129159, 0.000188926438568, 0.000170032304595, 0.000106794184831, 0.000116100927698, 6.54767281958e-05, 5.13230479555e-05, 4.19811040047e-05, 3.68404253095e-05, 3.75059134967e-05, 3.28328569594e-05, 1.84497494047e-05, 2.44935217779e-05, 3.09905663016e-05, 4.48562641395e-05, 4.03524245485e-05, 1.77535748662e-05, 3.01160980598e-05, 2.17141750909e-05, 1.42672952279e-05, 1.13691703518e-05, 1.25105616462e-05, 8.53225446917e-06, 7.26773714632e-06, 5.28071632289e-06, 5.00478154208e-06, 3.59088880941e-06, 3.55619567927e-06, 2.99717612506e-06, 2.37329913944e-06, 1.62670392001e-06, 1.09139637061e-06, 5.02908960698e-07],
        "dvar": [5.29821045347e-06, 5.22951722814e-06, 9.61698219726e-07, 2.56256225839e-06, 6.91140428444e-07, 4.2545082124e-07, 3.34432797899e-07, 9.86672930026e-08, 5.55128529811e-08, 7.29183327053e-08, 2.04618046951e-08, 3.27040972081e-08, 4.26174651125e-09, 5.27360555225e-09, 2.2902253427e-09, 2.27000551689e-09, 1.60261837134e-09, 1.97261851298e-09, 4.54863147148e-10, 7.1874090013e-10, 6.01033611769e-10, 8.6912327335e-10, 6.47278897148e-10, 1.27218888202e-10, 3.89205251361e-10, 1.84758208732e-10, 1.1260796462e-10, 8.27627549826e-11, 8.81247019802e-11, 2.89795323155e-11, 2.10391912225e-11, 2.68631766137e-11, 2.90945861153e-11, 1.3955770567e-11, 1.83074458371e-11, 1.63455169538e-11, 1.35052750233e-11, 7.87788931311e-12, 3.57156621986e-12, 7.6885308016e-13],
        "dvar2": [1.36094358822e-05, 1.39538587973e-05, 2.57521878666e-06, 6.9517141128e-06, 1.89302363651e-06, 1.07146559003e-06, 7.54875941311e-07, 2.29204175639e-07, 1.16242453885e-07, 1.66450334405e-07, 4.66758152129e-08, 6.9744011455e-08, 1.12549853881e-08, 1.11783347023e-08, 5.93883919819e-09, 5.33678790049e-09, 4.0924206246e-09, 4.66733851567e-09, 1.06794884047e-09, 1.82671233695e-09, 1.5616937743e-09, 2.29174901278e-09, 1.74125491803e-09, 3.48315903898e-10, 1.03690334097e-09, 4.92576701649e-10, 3.1414593149e-10, 2.31533611728e-10, 2.45332532067e-10, 7.92130458449e-11, 5.88057449957e-11, 7.05205616125e-11, 7.53705223233e-11, 3.62583366109e-11, 4.53545534462e-11, 3.94398055881e-11, 3.04052200084e-11, 1.75772590927e-11, 7.51891170853e-12, 1.67439131137e-12],
        "max": [0.0177469812334, 0.0172538608313, 0.0108271948993, 0.0255330391228, 0.00737738609314, 0.00945850554854, 0.00902130827308, 0.00461937626824, 0.00616951752454, 0.00782858207822, 0.00341734453104, 0.00417802948505, 0.00108655635267, 0.00206714123487, 0.000902437488548, 0.000867536815349, 0.000815823150333, 0.000841446802951, 0.000444382661954, 0.000919569749385, 0.000458127062302, 0.000409044703702, 0.000338611804182, 0.000125294434838, 0.000282710825559, 0.000170132523635, 0.000136139671667, 0.000104645689134, 0.000107358544483, 5.85240086366e-05, 5.25993309566e-05, 6.12543444731e-05, 6.78333017277e-05, 6.09776216152e-05, 8.54407044244e-05, 6.60573641653e-05, 5.55905717192e-05, 4.983020699e-05, 4.04044149036e-05, 1.77279434865e-05],
        "mean": [0.0016593602486, 0.00197023106739, 0.00110558746383, 0.00131103815511, 0.000596508674789, 0.00049935473362, 0.000586383976042, 0.000270938617177, 0.000210519690881, 0.000177566733328, 0.00012000186689, 0.000126540515339, 6.72986498103e-05, 5.72293356527e-05, 4.2445037252e-05, 3.74478004233e-05, 3.81821373594e-05, 3.53799914592e-05, 2.11240931094e-05, 2.91680953524e-05, 3.84871491406e-05, 5.76215606998e-05, 5.04314375576e-05, 2.31473059102e-05, 3.87760046578e-05, 2.90600764856e-05, 1.66460195032e-05, 1.34564370455e-05, 1.47608943735e-05, 1.22528244901e-05, 1.02172489278e-05, 5.58461943001e-06, 4.27892746302e-06, 3.64220954907e-06, 3.67090456166e-06, 2.99652560898e-06, 2.41439192905e-06, 1.70212331341e-06, 1.15834882308e-06, 5.01501290273e-07],
        "median": [0.000944050552789, 0.00132747576572, 0.000727808102965, 0.000734149070922, 0.000301760388538, 0.00023271808459, 0.000277198007097, 0.00012167404202, 7.91816200945e-05, 6.52206217637e-05, 6.19953716523e-05, 7.08745137672e-05, 4.1617473471e-05, 3.43668652931e-05, 2.76126902463e-05, 2.17207198148e-05, 2.42877522396e-05, 1.68801689142e-05, 1.22026613099e-05, 2.19065696001e-05, 3.01964446408e-05, 4.79197915411e-05, 4.35464498878e-05, 2.08757064684e-05, 3.37934470735e-05, 2.57568972302e-05, 1.41552463901e-05, 1.14959711937e-05, 1.28866377054e-05, 1.15547809401e-05, 9.50866251515e-06, 4.20162905357e-06, 2.25135977416e-06, 2.21083564611e-06, 2.10396206057e-06, 1.58247371473e-06, 1.09766483547e-06, 7.06567504949e-07, 4.44956697265e-07, 1.51468498188e-07],
        "min": [9.03785313255e-09, 1.94222451455e-08, 2.08555945846e-08, 5.67532199014e-09, 7.45881023612e-10, 1.30363408957e-09, 2.16163931199e-09, 7.12897463284e-10, 2.42090236746e-10, 8.0477413622e-10, 7.19073189881e-10, 2.03234096219e-09, 1.50365608853e-09, 4.17103629413e-10, 7.44471151393e-11, 1.45134737561e-10, 1.50504178564e-10, 3.03799263524e-10, 6.12620454365e-10, 2.87229157125e-10, 4.2515194143e-10, 1.05554631702e-09, 1.28727528637e-09, 4.32272717621e-10, 4.10221578928e-10, 2.62362798154e-10, 2.86129953064e-10, 2.16582765611e-10, 2.72195072037e-10, 2.41841574544e-10, 3.33193028723e-10, 1.32933983266e-10, 1.2061303345e-11, 1.68527101996e-11, 4.64647521847e-11, 3.51202435189e-11, 2.12399802607e-11, 2.05239887585e-11, 1.21576403458e-11, 4.84228282471e-12],
        "var": [5.31299565409e-06, 4.96566281072e-06, 1.35280436098e-06, 2.76366563412e-06, 7.17895318303e-07, 6.8553976007e-07, 7.63168031881e-07, 1.87331437473e-07, 1.52512342311e-07, 1.67257084627e-07, 4.48838584077e-08, 6.44904929459e-08, 8.06262434594e-09, 1.04330979411e-08, 3.1630360553e-09, 3.85642540124e-09, 2.45485587413e-09, 4.44045555881e-09, 1.08253983555e-09, 1.14877407587e-09, 1.14373921445e-09, 1.84111192958e-09, 1.23458088197e-09, 2.28849147965e-10, 7.61758545131e-10, 3.72908121049e-10, 1.55348262032e-10, 1.09025587169e-10, 1.21312154766e-10, 5.69189244348e-11, 4.29801402801e-11, 3.46885714597e-11, 3.5917224056e-11, 2.16534359887e-11, 2.92975123328e-11, 2.42978293735e-11, 2.16938394332e-11, 1.32097423278e-11, 6.5101981965e-12, 1.28403028227e-12]
    },
    "mfcc": {
        "mean": [-594.96295166, 110.219429016, -6.24192619324, 45.4216957092, -1.55501592159, 2.97770357132, -1.09109890461, 9.56264972687, -2.14001655579, -0.623789489269, -5.72911500931, 7.38458490372, -5.76983642578],
        "cov": [[2553.52026367, -852.524291992, 235.206924438, -362.185546875, -4.43647813797, 3.84452438354, -110.963691711, -54.03515625, -83.130027771, 82.3595962524, 110.737411499, -21.6139316559, 86.7802429199], [-852.524291992, 761.381103516, -242.544235229, 237.089981079, -50.8948898315, 5.36097621918, 31.2445487976, 13.7881040573, 53.9384422302, -9.38310909271, -54.2171363831, 11.2062959671, -59.8632888794], [235.206924438, -242.544235229, 299.569793701, -98.0369262695, 67.8749313354, -19.0066719055, -35.2599411011, -31.5334606171, -54.8950805664, -34.0748710632, 19.8645610809, -50.2184829712, 42.8372383118], [-362.185546875, 237.089981079, -98.0369262695, 248.743972778, 37.3071174622, 51.8769340515, 54.6925239563, 16.2908935547, 25.2903499603, 2.6593401432, -49.6440162659, 36.7793388367, -27.5141048431], [-4.43647813797, -50.8948898315, 67.8749313354, 37.3071174622, 127.409553528, 35.4132080078, 20.9879169464, -26.5574836731, -5.08648300171, -0.0453395135701, 1.06984066963, -3.51816654205, 10.2278718948], [3.84452438354, 5.36097621918, -19.0066719055, 51.8769340515, 35.4132080078, 88.5141448975, 39.0989685059, 18.6663837433, -3.21690487862, 12.0041627884, -5.59946918488, 11.9432878494, -5.70947599411], [-110.963691711, 31.2445487976, -35.2599411011, 54.6925239563, 20.9879169464, 39.0989685059, 121.302787781, 41.0527992249, 25.4039154053, -9.95875644684, -15.2060184479, 24.1236953735, -14.3610229492], [-54.03515625, 13.7881040573, -31.5334606171, 16.2908935547, -26.5574836731, 18.6663837433, 41.0527992249, 86.6683959961, 34.1489677429, 12.2840566635, -7.18116760254, 6.98850488663, -8.42922782898], [-83.130027771, 53.9384422302, -54.8950805664, 25.2903499603, -5.08648300171, -3.21690487862, 25.4039154053, 34.1489677429, 80.072265625, 33.9373970032, 4.2964515686, 13.6460790634, -7.65495681763], [82.3595962524, -9.38310909271, -34.0748710632, 2.6593401432, -0.0453395135701, 12.0041627884, -9.95875644684, 12.2840566635, 33.9373970032, 72.7286376953, 27.6212863922, 15.5306348801, 1.41504526138], [110.737411499, -54.2171363831, 19.8645610809, -49.6440162659, 1.06984066963, -5.59946918488, -15.2060184479, -7.18116760254, 4.2964515686, 27.6212863922, 64.4195251465, 13.1134328842, 16.9618625641], [-21.6139316559, 11.2062959671, -50.2184829712, 36.7793388367, -3.51816654205, 11.9432878494, 24.1236953735, 6.98850488663, 13.6460790634, 15.5306348801, 13.1134328842, 72.8347167969, 9.78699588776], [86.7802429199, -59.8632888794, 42.8372383118, -27.5141048431, 10.2278718948, -5.70947599411, -14.3610229492, -8.42922782898, -7.65495681763, 1.41504526138, 16.9618625641, 9.78699588776, 50.8699264526]],
