{
"lowlevel": {
    "average_loudness": 0.969015240669,
    "barkbands_crest": {
        "dmean": 1.90622711182,
        "dmean2": 3.09571361542,
        "dvar": 3.96409893036,
        "dvar2": 10.3572063446,
        "max": 22.8720493317,
        "mean": 10.0730381012,
        "median": 9.59150981903,
        "min": 3.29295945168,
        "var": 12.5060939789
    },
    "barkbands_flatness_db": {
        "dmean": 0.0176062919199,
        "dmean2": 0.0278632491827,
        "dvar": 0.00036222251947,
        "dvar2": 0.000877648708411,
        "max": 0.365508884192,
        "mean": 0.178493916988,
        "median": 0.167485415936,
        "min": 0.0874434635043,
        "var": 0.00234403414652
    },
    "barkbands_kurtosis": {
        "dmean": 2.01547789574,
        "dmean2": 3.27992939949,
        "dvar": 14.9611253738,
        "dvar2": 40.2964668274,
        "max": 57.7710227966,
        "mean": 3.58199310303,
        "median": 1.36748600006,
        "min": -1.9018625021,
        "var": 38.4504432678
    },
    "barkbands_skewness": {
        "dmean": 0.431465476751,
        "dmean2": 0.678060352802,
        "dvar": 0.302247911692,
        "dvar2": 0.753635466099,
        "max": 6.91028118134,
        "mean": 1.47342538834,
        "median": 1.31186568737,
        "min": -4.16322374344,
        "var": 1.42521941662
    },
    "barkbands_spread": {
        "dmean": 4.37943649292,
        "dmean2": 6.73708343506,
        "dvar": 31.7971687317,
        "dvar2": 70.0930328369,
        "max": 90.2249145508,
        "mean": 23.6352920532,
        "median": 21.9733371735,
        "min": 1.87723171711,
        "var": 182.65397644
    },
    "dissonance": {
        "dmean": 0.0153166931123,
        "dmean2": 0.0252843014896,
        "dvar": 0.000320713996189,
        "dvar2": 0.000835983781144,
        "max": 0.5,
        "mean": 0.463041394949,
        "median": 0.476075023413,
        "min": 0.255572289228,
        "var": 0.00143372314051
    },
    "dynamic_complexity": 1.92362844944,
    "erbbands_crest": {
        "dmean": 2.31884622574,
        "dmean2": 3.72524547577,
        "dvar": 5.27646827698,
        "dvar2": 12.8719425201,
        "max": 28.8731899261,
        "mean": 9.4011631012,
        "median": 8.05927944183,
        "min": 2.82095074654,
        "var": 22.075252533
    },
    "erbbands_flatness_db": {
        "dmean": 0.0132258394733,
        "dmean2": 0.0192040223628,
        "dvar": 0.000193555257283,
        "dvar2": 0.000386249565054,
        "max": 0.349117159843,
        "mean": 0.189513117075,
        "median": 0.180931016803,
        "min": 0.0998574048281,
        "var": 0.00147385662422
    },
    "erbbands_kurtosis": {
        "dmean": 1.09587442875,
        "dmean2": 1.69326174259,
        "dvar": 5.05746459961,
        "dvar2": 10.0827913284,
        "max": 69.6675872803,
        "mean": 1.25638926029,
        "median": 0.0517139434814,
        "min": -1.66422986984,
        "var": 19.9318809509
    },
    "erbbands_skewness": {
        "dmean": 0.327405542135,
        "dmean2": 0.492755293846,
        "dvar": 0.132806062698,
        "dvar2": 0.275527179241,
        "max": 4.12809896469,
        "mean": -0.110543780029,
        "median": -0.0762263536453,
        "min": -5.69742012024,
        "var": 1.13135111332
    },
    "erbbands_spread": {
        "dmean": 6.35842657089,
        "dmean2": 9.84911727905,
        "dvar": 50.2005004883,
        "dvar2": 120.426528931,
        "max": 98.7024688721,
        "mean": 37.4540061951,
        "median": 37.1275215149,
        "min": 2.71307229996,
        "var": 253.896484375
    },
    "hfc": {
        "dmean": 6.09446716309,
        "dmean2": 9.17506885529,
        "dvar": 124.056838989,
        "dvar2": 244.234771729,
        "max": 241.845458984,
        "mean": 24.0913925171,
        "median": 20.8803882599,
        "min": 0.000374702765839,
        "var": 498.366485596
    },
    "melbands_crest": {
        "dmean": 2.34493374825,
        "dmean2": 3.86275649071,
        "dvar": 5.60486459732,
        "dvar2": 14.5160293579,
        "max": 29.7157783508,
        "mean": 15.6372461319,
        "median": 14.9378795624,
        "min": 4.29740905762,
        "var": 23.6150932312
    },
    "melbands_flatness_db": {
        "dmean": 0.0205273795873,
        "dmean2": 0.0309398323298,
        "dvar": 0.000599251012318,
        "dvar2": 0.0013676553499,
        "max": 0.467403620481,
        "mean": 0.212392061949,
        "median": 0.202328845859,
        "min": 0.0581051781774,
        "var": 0.00431989366189
    },
    "melbands_kurtosis": {
        "dmean": 5.66857147217,
        "dmean2": 9.20849323273,
        "dvar": 120.795951843,
        "dvar2": 326.581726074,
        "max": 174.074554443,
        "mean": 13.6044378281,
        "median": 8.13233947754,
        "min": -1.93716287613,
        "var": 273.554138184
    },
    "melbands_skewness": {
        "dmean": 0.615155041218,
        "dmean2": 0.970024824142,
        "dvar": 0.636250019073,
        "dvar2": 1.62617099285,
        "max": 11.0445966721,
        "mean": 2.81189346313,
        "median": 2.64352440834,
        "min": -1.24812555313,
        "var": 2.76423239708
    },
    "melbands_spread": {
        "dmean": 6.25071811676,
        "dmean2": 9.80344486237,
        "dvar": 117.318260193,
        "dvar2": 222.920135498,
        "max": 212.020095825,
        "mean": 24.4228153229,
        "median": 20.0566959381,
        "min": 1.42061662674,
        "var": 501.58972168
    },
    "pitch_salience": {
        "dmean": 0.0604287162423,
        "dmean2": 0.0989065095782,
        "dvar": 0.00388555647805,
        "dvar2": 0.0100248083472,
        "max": 0.79773658514,
        "mean": 0.493180125952,
        "median": 0.500614881516,
        "min": 0.138727813959,
        "var": 0.0120822647586
    },
    "silence_rate_20dB": {
        "dmean": 0,
        "dmean2": 0,
        "dvar": 0,
        "dvar2": 0,
        "max": 1,
        "mean": 1,
        "median": 1,
        "min": 1,
        "var": 0
    },
    "silence_rate_30dB": {
        "dmean": 0.0100697129965,
        "dmean2": 0.0201472304761,
        "dvar": 0.00996815506369,
        "dvar2": 0.0282646454871,
        "max": 1,
        "mean": 0.994192779064,
        "median": 1,
        "min": 0,
        "var": 0.00577335665002
    },
    "silence_rate_60dB": {
        "dmean": 0.00154918665066,
        "dmean2": 0.00309957377613,
        "dvar": 0.00154677091632,
        "dvar2": 0.0030899096746,
        "max": 1,
        "mean": 0.0120015488937,
        "median": 0,
        "min": 0,
        "var": 0.0118583170697
    },
    "spectral_centroid": {
        "dmean": 191.692260742,
        "dmean2": 287.69732666,
        "dvar": 63302.0742188,
        "dvar2": 111448.695312,
        "max": 4901.03320312,
        "mean": 1412.12487793,
        "median": 1368.59204102,
        "min": 274.921203613,
        "var": 473088.75
    },
    "spectral_complexity": {
        "dmean": 3.39349341393,
        "dmean2": 5.20185995102,
        "dvar": 13.0751199722,
        "dvar2": 25.8378925323,
        "max": 56,
        "mean": 23.1157569885,
        "median": 22,
        "min": 0,
        "var": 103.473503113
    },
    "spectral_decrease": {
        "dmean": 2.64977884079e-09,
        "dmean2": 4.4375871866e-09,
        "dvar": 2.99493942577e-17,
        "dvar2": 8.24744003166e-17,
        "max": -1.36549164987e-13,
        "mean": -8.6823215284e-09,
        "median": -7.89146703539e-09,
        "min": -5.32588018132e-08,
        "var": 3.18327521636e-17
    },
    "spectral_energy": {
        "dmean": 0.0103940917179,
        "dmean2": 0.0173339452595,
        "dvar": 0.000436924339738,
        "dvar2": 0.00119848258328,
        "max": 0.204935535789,
        "mean": 0.0349542535841,
        "median": 0.0319244116545,
        "min": 5.49352023427e-07,
        "var": 0.000482055678731
    },
    "spectral_energyband_high": {
        "dmean": 0.000408539519412,
        "dmean2": 0.000566311122384,
        "dvar": 2.54673955169e-06,
        "dvar2": 4.23088204116e-06,
        "max": 0.042080514133,
        "mean": 0.00102665205486,
        "median": 0.000394197384594,
        "min": 1.64803803937e-09,
        "var": 1.10384544314e-05
    },
    "spectral_energyband_low": {
        "dmean": 0.0078899115324,
        "dmean2": 0.0136179476976,
        "dvar": 0.000415530608734,
        "dvar2": 0.0011657072464,
        "max": 0.190498739481,
        "mean": 0.0168018043041,
        "median": 0.012569074519,
        "min": 2.06539326086e-07,
        "var": 0.000352506613126
    },
    "spectral_energyband_middle_high": {
        "dmean": 0.00185535859782,
        "dmean2": 0.00284745777026,
        "dvar": 8.64215598995e-06,
        "dvar2": 1.95598968276e-05,
        "max": 0.0525607541203,
        "mean": 0.00662790890783,
        "median": 0.00535121141002,
        "min": 2.00551667717e-07,
        "var": 5.09053606947e-05
    },
    "spectral_energyband_middle_low": {
        "dmean": 0.00376238673925,
        "dmean2": 0.00600984226912,
        "dvar": 3.61401907867e-05,
        "dvar2": 8.57367995195e-05,
        "max": 0.0735507830977,
        "mean": 0.0116321900859,
        "median": 0.00902453623712,
        "min": 1.68249755461e-07,
        "var": 9.26896827877e-05
    },
    "spectral_entropy": {
        "dmean": 0.115647807717,
        "dmean2": 0.16034591198,
        "dvar": 0.0172963477671,
        "dvar2": 0.028050865978,
        "max": 8.28583431244,
        "mean": 7.40578937531,
        "median": 7.50352907181,
        "min": 5.55600881577,
        "var": 0.162559345365
    },
    "spectral_flux": {
        "dmean": 0.0232347398996,
        "dmean2": 0.0353417731822,
        "dvar": 0.00133232655935,
        "dvar2": 0.0024436772801,
        "max": 0.367183595896,
        "mean": 0.0773947760463,
        "median": 0.0634750276804,
        "min": 0.000741182826459,
        "var": 0.00282221939415
    },
    "spectral_kurtosis": {
        "dmean": 2.03913903236,
        "dmean2": 3.51525259018,
        "dvar": 5.24606180191,
        "dvar2": 15.2265577316,
        "max": 38.2630500793,
        "mean": 3.97178173065,
        "median": 3.12954092026,
        "min": -0.829151153564,
        "var": 11.6163864136
    },
    "spectral_rms": {
        "dmean": 0.000742696342058,
        "dmean2": 0.00120075547602,
        "dvar": 1.35709808546e-06,
        "dvar2": 3.56174268745e-06,
        "max": 0.0141399120912,
        "mean": 0.00559833599254,
        "median": 0.00558083923534,
        "min": 2.31506619457e-05,
        "var": 2.76033779301e-06
    },
    "spectral_rolloff": {
        "dmean": 310.648406982,
        "dmean2": 521.836853027,
        "dvar": 302634.71875,
        "dvar2": 615880.1875,
        "max": 7730.41992188,
        "mean": 1363.10400391,
        "median": 1012.06054688,
        "min": 107.666015625,
        "var": 1304017.875
    },
    "spectral_skewness": {
        "dmean": 0.234640315175,
        "dmean2": 0.385772287846,
        "dvar": 0.0526176281273,
        "dvar2": 0.138905376196,
        "max": 4.04859399796,
        "mean": 1.29939758778,
        "median": 1.2176053524,
        "min": -0.324268311262,
        "var": 0.244502082467
    },
    "spectral_spread": {
        "dmean": 295997.5,
        "dmean2": 439078.125,
        "dvar": 96493322240,
        "dvar2": 181230501888,
        "max": 10724186,
        "mean": 3524798.75,
        "median": 3435388.75,
        "min": 1650155.375,
        "var": 508695117824
    },
    "spectral_strongpeak": {
        "dmean": 0.407687246799,
        "dmean2": 0.704304456711,
        "dvar": 0.771869421005,
        "dvar2": 1.98160040379,
        "max": 10.8562049866,
        "mean": 0.970469772816,
        "median": 0.476362645626,
        "min": 0,
        "var": 1.99581813812
    },
    "zerocrossingrate": {
        "dmean": 0.00680227577686,
        "dmean2": 0.00784012116492,
        "dvar": 7.4817238783e-05,
        "dvar2": 6.43602252239e-05,
        "max": 0.22802734375,
        "mean": 0.0512052588165,
        "median": 0.046875,
        "min": 0.00390625,
        "var": 0.00089786935132
    },
    "barkbands": {
        "dmean": [4.19965144829e-05, 0.00517390016466, 0.00318512879312, 0.00108849979006, 0.00113050325308, 0.000814313592855, 0.000807914533652, 0.000853483506944, 0.000883278669789, 0.000376388547011, 0.000453393731732, 0.000316278194077, 0.000253858743235, 0.000292446115054, 0.000180455259397, 0.000496924913023, 0.000572463322897, 0.00022435442952, 0.000159355127835, 0.000153996617883, 0.000177682726644, 0.000121341341583, 6.71546440572e-05, 4.16361035604e-05, 1.16587289085e-05, 1.00807735492e-08, 4.90117280094e-09],
        "dmean2": [6.86184648657e-05, 0.00909890513867, 0.00544428732246, 0.00189011730254, 0.00184539938346, 0.0013190319296, 0.0012833639048, 0.00130947562866, 0.00123257772066, 0.000547784729861, 0.000691019929945, 0.000487001176225, 0.000404350837925, 0.000457664194982, 0.000291947304504, 0.000839233398438, 0.000937182630878, 0.000369545508875, 0.000253400852671, 0.000243995556957, 0.000260647590039, 0.000175007546204, 0.000101736804936, 6.12085059402e-05, 1.81931827683e-05, 1.66442220007e-08, 9.14714792799e-09],
        "dvar": [6.78784495278e-09, 0.000211792023038, 5.10226091137e-05, 2.11733276956e-06, 3.41299960382e-06, 2.1349205781e-06, 3.90320929e-06, 6.89040280122e-06, 6.7095616032e-06, 1.741545816e-06, 1.49530580984e-06, 8.60058207763e-07, 4.47358615929e-07, 6.75543105899e-07, 1.19710094282e-07, 1.4045391481e-06, 9.57051838668e-07, 1.25803069295e-07, 5.59131763112e-08, 2.25762946116e-07, 7.04697185938e-07, 1.94744302462e-07, 5.40605498145e-08, 2.13137774097e-08, 9.16220099789e-10, 1.3434715461e-15, 7.70955518426e-16],
        "dvar2": [1.67209730506e-08, 0.000597826670855, 0.000146500809933, 6.11609175394e-06, 9.12000632525e-06, 5.07831327923e-06, 9.6559197118e-06, 1.57232971105e-05, 1.2731348761e-05, 3.17858189192e-06, 2.778020189e-06, 1.88352714758e-06, 1.03753768599e-06, 1.49492620949e-06, 2.85174053261e-07, 3.92661740989e-06, 2.51179835686e-06, 3.3247337683e-07, 1.28842088998e-07, 5.08157484091e-07, 1.50253322317e-06, 3.17851657883e-07, 1.16183834109e-07, 3.58248470889e-08, 2.05802752618e-09, 3.54529324667e-15, 2.25016335317e-15],
        "max": [0.00108920386992, 0.127593442798, 0.0772302672267, 0.0162461977452, 0.0406787507236, 0.0273614749312, 0.0400652363896, 0.042249456048, 0.060950897634, 0.0407323129475, 0.0481077320874, 0.0267380755395, 0.0129430117086, 0.0177464745939, 0.00843807775527, 0.0188487991691, 0.0157029088587, 0.00492017809302, 0.00407216558233, 0.0134772118181, 0.0229282677174, 0.0138143785298, 0.00717353262007, 0.0053685316816, 0.000837743747979, 1.03817922081e-06, 7.72384282755e-07],
        "mean": [4.70801714982e-05, 0.00889347121119, 0.00676304101944, 0.00213912851177, 0.00280960695818, 0.00177869712934, 0.00131204666104, 0.00134335912298, 0.00204239110462, 0.000744987337384, 0.00118282088079, 0.000559186097234, 0.000418168929173, 0.000484045100166, 0.000358306220733, 0.00093303603353, 0.00110024644528, 0.000502823502757, 0.000372092647012, 0.00030039541889, 0.000346494780388, 0.000255538732745, 0.000148229199112, 9.76171577349e-05, 2.13991115743e-05, 1.52591859148e-08, 3.24019522324e-09],
        "median": [1.31156220959e-05, 0.00621669413522, 0.00563407549635, 0.00138256524224, 0.00177389394958, 0.00070762418909, 0.00059386913199, 0.000442987773567, 0.00059930968564, 0.000138096802402, 0.000308910297463, 0.00019408283697, 0.000139564363053, 0.00019255153893, 0.000171652543941, 0.000371939269826, 0.000597363163251, 0.000262492132606, 0.000263574125711, 0.000128501444124, 9.58162127063e-05, 7.57702582632e-05, 5.29934368387e-05, 4.85558812215e-05, 9.62477588473e-06, 6.38764641181e-09, 5.32714039547e-10],
        "min": [1.07540620853e-09, 6.20827123043e-08, 1.24076350971e-07, 2.97153288642e-08, 9.20625087275e-09, 9.24115610701e-08, 6.30388186096e-09, 6.20322948564e-09, 1.06910844622e-08, 3.38427668112e-08, 8.21325318867e-09, 3.98092891984e-09, 4.98426366846e-09, 9.86230030975e-09, 4.3569361452e-09, 1.9948596941e-10, 4.77642281282e-08, 1.43378009465e-09, 4.58103821543e-09, 4.3008138717e-10, 6.08641803623e-10, 7.12047310003e-10, 1.26661126032e-10, 1.40800315851e-10, 3.22825793875e-12, 3.54992641186e-12, 6.9865827533e-12],
        "var": [8.39549851861e-09, 0.000172131607542, 4.70442428195e-05, 5.16026102559e-06, 1.25480282804e-05, 9.33612136578e-06, 5.85650741414e-06, 1.20287295431e-05, 3.05643989122e-05, 9.53137987381e-06, 1.61056887009e-05, 1.97592021323e-06, 9.29338966671e-07, 1.13256771783e-06, 2.53887009194e-07, 1.93542928173e-06, 1.78211780621e-06, 3.38399416933e-07, 1.5478366322e-07, 5.83258440656e-07, 2.21007439904e-06, 6.69406460929e-07, 1.95506288492e-07, 6.56725447357e-08, 2.36155517364e-09, 2.19504988391e-15, 4.25935043859e-16]
    },
    "erbbands": {
        "dmean": [0.0782574266195, 1.40673649311, 3.91068911552, 3.15488576889, 3.62782001495, 3.86665153503, 6.69712352753, 5.80168676376, 8.34139823914, 19.0304222107, 19.5105304718, 13.1068162918, 14.3759288788, 15.7002124786, 12.2822551727, 12.001036644, 10.531504631, 15.7511358261, 8.37459659576, 19.6825790405, 22.1150989532, 34.7342033386, 13.7207803726, 9.20563983917, 7.30437040329, 6.07687139511, 7.26858329773, 7.2861456871, 4.80366516113, 2.81018996239, 1.87486493587, 1.10119903088, 0.638013184071, 0.220626980066, 0.0102955121547, 0.000482194504002, 3.75070121663e-05, 7.68328391132e-06, 6.43999874228e-06, 1.21056018543e-05],
        "dmean2": [0.136041432619, 2.48579001427, 6.84940719604, 5.37766122818, 6.08889198303, 6.29311418533, 10.9597196579, 9.43285083771, 13.3631067276, 30.2164974213, 28.2964839935, 18.6221733093, 20.8677043915, 22.2011566162, 19.1596984863, 18.6475715637, 16.827003479, 24.4889698029, 13.4234199524, 31.8358078003, 37.1823005676, 56.6793518066, 22.5987491608, 14.9597253799, 11.5478429794, 9.55719184875, 11.0385513306, 10.8236856461, 6.9539642334, 4.10992765427, 2.8512904644, 1.62408852577, 0.94041955471, 0.333005011082, 0.0161226578057, 0.00074491056148, 5.60307344131e-05, 1.15108232421e-05, 1.03096608655e-05, 1.99721325771e-05],
        "dvar": [0.0522195063531, 15.7042274475, 95.2460021973, 23.8551883698, 27.2906208038, 53.6262588501, 174.321289062, 124.505805969, 528.391601562, 3176.24487305, 4008.953125, 1393.74645996, 2654.31420898, 2226.16333008, 652.372375488, 1242.1776123, 667.468322754, 1925.1875, 374.688964844, 1337.93286133, 2900.93530273, 3128.31713867, 529.63293457, 251.107528687, 141.535629272, 353.998718262, 1217.77941895, 1063.30493164, 315.294464111, 81.7030410767, 41.1912765503, 16.7622852325, 3.66638064384, 0.363498061895, 0.00186175643466, 3.85516204915e-06, 1.33096218491e-08, 6.17298323569e-10, 1.5854471902e-10, 5.3385457166e-10],
        "dvar2": [0.137177228928, 44.8588523865, 273.341705322, 68.238494873, 75.5140304565, 144.245101929, 446.7421875, 275.255249023, 1353.90222168, 7675.39013672, 8381.75, 2585.55566406, 6050.77832031, 4183.03076172, 1520.22973633, 2762.56811523, 1585.45739746, 4348.26416016, 992.167541504, 3368.47583008, 8053.28320312, 8199.98925781, 1418.98291016, 673.267211914, 301.194732666, 768.86315918, 2604.06958008, 2440.68286133, 526.255859375, 164.53767395, 93.7973556519, 32.8969497681, 5.64426326752, 0.714796602726, 0.00492631550878, 9.9550206869e-06, 2.88784871572e-08, 1.40732425713e-09, 3.97007038355e-10, 1.44361822496e-09],
        "max": [2.23832726479, 35.5982208252, 93.0747451782, 52.7973098755, 76.3024902344, 202.919250488, 254.104400635, 296.522766113, 686.581848145, 843.650695801, 1409.41784668, 947.962585449, 1192.40527344, 1676.15759277, 498.392364502, 869.133483887, 443.016937256, 880.519958496, 569.557922363, 510.526397705, 836.584289551, 697.263549805, 407.687866211, 271.574615479, 280.738891602, 565.400817871, 941.711181641, 872.684631348, 527.606567383, 213.769851685, 201.367782593, 147.361358643, 80.1109695435, 18.9995079041, 1.32523989677, 0.0631169751287, 0.00357974972576, 0.000770241254941, 0.000261032429989, 0.000227082593483],
        "mean": [0.101900674403, 2.49809885025, 8.21534347534, 7.37710428238, 8.31288433075, 9.22134017944, 14.5218648911, 12.4626331329, 13.9057006836, 29.3484268188, 39.9453620911, 30.7012290955, 33.1255683899, 43.0893707275, 27.2863826752, 23.2018318176, 19.8094577789, 27.1478862762, 17.6243534088, 39.029750824, 42.1717948914, 68.5922470093, 33.2091217041, 21.8560028076, 17.0802516937, 13.021686554, 13.8887224197, 13.4219503403, 9.71493434906, 6.15937376022, 4.02188301086, 2.35920000076, 1.47932994366, 0.465080410242, 0.0167423523962, 0.000864672998432, 9.10860762815e-05, 1.94942967937e-05, 2.2414709747e-05, 4.22302473453e-05],
        "median": [0.0526761636138, 1.72896575928, 5.8290643692, 5.60765028, 5.33253145218, 4.78089809418, 5.80229187012, 5.66452121735, 6.18423748016, 11.7297229767, 13.2618150711, 10.5679731369, 6.76294326782, 9.87712097168, 11.3289413452, 7.94934749603, 7.70402526855, 11.8804225922, 9.05044364929, 15.5539751053, 22.0025596619, 38.1612968445, 18.5727443695, 13.4578847885, 11.9731931686, 5.54192829132, 4.03268384933, 3.65318584442, 2.72233271599, 2.16024589539, 1.50998735428, 1.04053318501, 0.749849140644, 0.221930339932, 0.00653987657279, 0.000369229412172, 5.18418564752e-05, 1.18233001558e-05, 1.92411771422e-05, 3.83246078854e-05],
        "min": [4.98785425407e-07, 1.98603265744e-05, 0.000128149113152, 0.000128961197333, 5.7805373217e-05, 2.16358985199e-05, 0.000324325752445, 0.000871848664246, 0.000157483242219, 0.000187538855243, 8.28511983855e-05, 0.000232385413256, 0.000500016205478, 0.00119811180048, 0.000187651268789, 0.000239136206801, 0.000256757251918, 0.000559510895982, 0.000199708898435, 0.000178268819582, 0.000320200109854, 0.0031876291614, 0.000262224144535, 0.000139839859912, 0.000199932765099, 2.36721662077e-05, 2.30385303439e-05, 2.20898509724e-05, 2.27539858315e-05, 1.29789259518e-05, 3.30194939124e-06, 3.33870798386e-06, 1.57411147939e-06, 2.95479821943e-07, 2.68758668653e-08, 1.55634491961e-08, 6.72293820614e-09, 2.729791726e-09, 1.13731546403e-09, 7.57941653884e-10],
        "var": [0.0432747006416, 12.5659046173, 82.0935516357, 44.9399108887, 72.4393539429, 249.478897095, 697.321350098, 419.631591797, 790.572570801, 4234.19580078, 12605.1416016, 6461.49072266, 10813.328125, 22808.7402344, 2722.51708984, 3116.16577148, 1600.70812988, 3194.4855957, 726.433898926, 2957.82250977, 3601.90478516, 6583.98583984, 1367.49230957, 572.153259277, 403.065246582, 1092.69128418, 3348.60473633, 3154.37792969, 1080.95361328, 304.585449219, 130.661376953, 42.1682739258, 13.2802400589, 1.20249271393, 0.00292452913709, 6.81178698869e-06, 3.84994258695e-08, 1.62925395397e-09, 3.06494468694e-10, 6.65953847623e-10]
    },
    "gfcc": {
        "mean": [-9.2216386795, 136.554763794, -147.841674805, 68.1756439209, -62.5573234558, 18.0307064056, -30.9529953003, 1.75746107101, 0.442045301199, -26.1941509247, 3.27439546585, -20.2267074585, 2.21231603622],
        "cov": [[2925.25878906, -968.381103516, -390.680847168, 364.16619873, -220.976669312, 210.099807739, -342.824859619, 91.9735412598, -16.4377002716, 106.495750427, -83.643157959, -64.2423171997, -72.4915618896], [-968.381103516, 876.848388672, 95.8877182007, -361.852874756, 230.30078125, -164.933959961, 180.336090088, -47.5924415588, 81.6757583618, -105.747543335, 101.443641663, 38.5325546265, 13.6491270065], [-390.680847168, 95.8877182007, 329.938262939, 49.73878479, -13.9850530624, -15.1751127243, 42.1307601929, 12.5944766998, 5.99898386002, 26.4942970276, 18.0726203918, 20.7369422913, 50.7934799194], [364.16619873, -361.852874756, 49.73878479, 366.314453125, 25.6845989227, 11.1172008514, -146.517486572, 34.2607345581, -20.436914444, 36.2683525085, -14.4638319016, -27.3684825897, 32.3102722168], [-220.976669312, 230.30078125, -13.9850530624, 25.6845989227, 326.247406006, -37.0537872314, -38.2824707031, 27.5486354828, 29.2727870941, -55.0335731506, 25.9873313904, -17.7984905243, 7.373005867], [210.099807739, -164.933959961, -15.1751127243, 11.1172008514, -37.0537872314, 163.418334961, 30.140083313, 14.4670372009, -14.1664152145, 13.5893039703, -27.7979183197, -7.4069776535, -16.1170749664], [-342.824859619, 180.336090088, 42.1307601929, -146.517486572, -38.2824707031, 30.140083313, 258.950561523, -11.6045484543, 21.1713199615, -14.4587287903, 17.5240535736, 28.1801223755, -17.1805152893], [91.9735412598, -47.5924415588, 12.5944766998, 34.2607345581, 27.5486354828, 14.4670372009, -11.6045484543, 98.3495864868, 29.7891540527, 8.92994976044, -0.946831822395, -10.6514568329, -0.662044346333], [-16.4377002716, 81.6757583618, 5.99898386002, -20.436914444, 29.2727870941, -14.1664152145, 21.1713199615, 29.7891540527, 91.4624557495, 19.4629135132, 14.7315216064, 0.261798024178, -13.6438159943], [106.495750427, -105.747543335, 26.4942970276, 36.2683525085, -55.0335731506, 13.5893039703, -14.4587287903, 8.92994976044, 19.4629135132, 87.0406723022, 11.5685434341, -1.83231759071, -0.874801039696], [-83.643157959, 101.443641663, 18.0726203918, -14.4638319016, 25.9873313904, -27.7979183197, 17.5240535736, -0.946831822395, 14.7315216064, 11.5685434341, 70.7496414185, 25.4121570587, 9.64987277985], [-64.2423171997, 38.5325546265, 20.7369422913, -27.3684825897, -17.7984905243, -7.4069776535, 28.1801223755, -10.6514568329, 0.261798024178, -1.83231759071, 25.4121570587, 62.9768600464, 26.7403507233], [-72.4915618896, 13.6491270065, 50.7934799194, 32.3102722168, 7.373005867, -16.1170749664, -17.1805152893, -0.662044346333, -13.6438159943, -0.874801039696, 9.64987277985, 26.7403507233, 67.4403381348]],
        "icov": [[0.000742047384847, 0.000193941014004, 0.000779194175266, -0.000416295253672, 0.000497268512845, -0.000676358060446, 0.000706194143277, -0.000412664347095, -0.000379956356483, -4.42853743152e-05, -0.000207242235774, -0.000192694322322, 0.000359425175702], [0.000193941014004, 0.0150967240334, -0.00563536584377, 0.0130673861131, -0.00752751436085, 0.00769671238959, -0.00261484761722, 0.00638618366793, -0.00924651324749, 0.0111576505005, -0.0125524830073, 0.00734976539388, -0.00564823718742], [0.000779194175266, -0.00563536584377, 0.00696433754638, -0.00621393788606, 0.00356262014247, -0.00328708300367, 0.000479426933452, -0.00331808440387, 0.00304091628641, -0.00548167293891, 0.00448260223493, -0.00271966657601, -0.000394552393118], [-0.000416295253672, 0.0130673861131, -0.00621393788606, 0.015972558409, -0.00732027413324, 0.00669978652149, -0.000796105479822, 0.00495568150654, -0.0069065913558, 0.00836360454559, -0.0106418598443, 0.00789846573025, -0.00671498198062], [0.000497268512845, -0.00752751436085, 0.00356262014247, -0.00732027413324, 0.00869640428573, -0.00449390523136, 0.00257714465261, -0.00414949189872, 0.00234708515927, -0.0017144390149, 0.00335303763859, -0.00143529742491, 0.00201487122104], [-0.000676358060446, 0.00769671238959, -0.00328708300367, 0.00669978652149, -0.00449390523136, 0.0124337598681, -0.00376557419077, 0.00204296922311, -0.00225510564633, 0.00372695177794, -0.00307771633379, 0.00285438704304, -0.00159461516887], [0.000706194143277, -0.00261484761722, 0.000479426933452, -0.000796105479822, 0.00257714465261, -0.00376557419077, 0.00730393547565, -0.00127355440054, -2.26215252042e-06, -0.000429571373388, 0.000780386617407, -0.00300349993631, 0.00304835895076], [-0.000412664347095, 0.00638618366793, -0.00331808440387, 0.00495568150654, -0.00414949189872, 0.00204296922311, -0.00127355440054, 0.0156115563586, -0.0083957798779, 0.00511184521019, -0.00535174738616, 0.00512680504471, -0.00373981310986], [-0.000379956356483, -0.00924651324749, 0.00304091628641, -0.0069065913558, 0.00234708515927, -0.00225510564633, -2.26215252042e-06, -0.0083957798779, 0.0214417651296, -0.0119748683646, 0.00752964662388, -0.00628726696596, 0.00720111746341], [-4.42853743152e-05, 0.0111576505005, -0.00548167293891, 0.00836360454559, -0.0017144390149, 0.00372695177794, -0.000429571373388, 0.00511184521019, -0.0119748683646, 0.0257852766663, -0.0147370845079, 0.00818978436291, -0.00439203158021], [-0.000207242235774, -0.0125524830073, 0.00448260223493, -0.0106418598443, 0.00335303763859, -0.00307771633379, 0.000780386617407, -0.00535174738616, 0.00752964662388, -0.0147370845079, 0.0312387011945, -0.0148420520127, 0.00583142694086], [-0.000192694322322, 0.00734976539388, -0.00271966657601, 0.00789846573025, -0.00143529742491, 0.00285438704304, -0.00300349993631, 0.00512680504471, -0.00628726696596, 0.00818978436291, -0.0148420520127, 0.0299467463046, -0.0142221711576], [0.000359425175702, -0.00564823718742, -0.000394552393118, -0.00671498198062, 0.00201487122104, -0.00159461516887, 0.00304835895076, -0.00373981310986, 0.00720111746341, -0.00439203158021, 0.00583142694086, -0.0142221711576, 0.0262147933245]]
    },
    "melbands": {
        "dmean": [0.00108264386654, 0.00200324878097, 0.000538371677976, 0.000235646730289, 0.000223228489631, 0.000137012131745, 0.000134845453431, 0.000202267212444, 0.000172621919774, 8.6524814833e-05, 7.30399406166e-05, 6.28486013738e-05, 5.41372573934e-05, 3.08164162561e-05, 3.78974982596e-05, 2.38628454099e-05, 3.00440424326e-05, 1.45178773892e-05, 1.67670477822e-05, 3.64512125088e-05, 2.44685961661e-05, 3.80824239983e-05, 2.32986913034e-05, 9.07142475626e-06, 8.17712225398e-06, 6.46919170322e-06, 5.66734797758e-06, 4.23381743531e-06, 5.28194595972e-06, 5.07088043378e-06, 3.87035061067e-06, 3.07181107928e-06, 2.04538241633e-06, 1.53558517013e-06, 1.23528445783e-06, 7.99133317742e-07, 7.24863014057e-07, 5.07441143327e-07, 3.82062864901e-07, 1.30813290866e-07],
        "dmean2": [0.0018966817297, 0.00352979591116, 0.000916414312087, 0.000388265936635, 0.000362803024473, 0.000222127084271, 0.000214617786696, 0.000318483711453, 0.000245930423262, 0.000122831901535, 0.000106008767034, 8.81473097252e-05, 8.33332087495e-05, 4.85951240989e-05, 5.77305436309e-05, 3.86538922612e-05, 4.66514284199e-05, 2.36738706008e-05, 2.70242435363e-05, 6.1261409428e-05, 4.0922768676e-05, 6.19685451966e-05, 3.88118896808e-05, 1.50250352817e-05, 1.3344771105e-05, 1.04456212284e-05, 9.25725817069e-06, 6.63933042233e-06, 8.24862672744e-06, 7.63369735068e-06, 5.83830478718e-06, 4.42777582066e-06, 3.08564244733e-06, 2.2872907266e-06, 1.90503442354e-06, 1.21539540032e-06, 1.1012931509e-06, 7.620134852e-07, 5.61249294151e-07, 2.07098239002e-07],
        "dvar": [9.56516942097e-06, 2.79625455732e-05, 6.10792938005e-07, 1.29436813268e-07, 1.7387246487e-07, 6.3339946621e-08, 1.19895986472e-07, 3.79813769769e-07, 3.63255651337e-07, 5.71824507745e-08, 6.60804531094e-08, 3.86879825953e-08, 1.45976368771e-08, 1.19159322409e-08, 1.55776849198e-08, 3.17191850563e-09, 8.09038347427e-09, 1.30340871429e-09, 8.85470696765e-10, 7.51860351755e-09, 3.04649372396e-09, 3.46396977768e-09, 2.65851984871e-09, 1.95439345263e-10, 1.98193544909e-10, 1.05901086511e-10, 1.18796597559e-10, 2.23138840738e-10, 6.75776490322e-10, 7.01015412385e-10, 2.7695393201e-10, 1.42292913563e-10, 5.54103568584e-11, 2.35832985085e-11, 1.86275040531e-11, 6.84670202478e-12, 7.1162789203e-12, 2.39935046657e-12, 9.00958452808e-13, 2.09498380015e-13],
        "dvar2": [2.62741941697e-05, 8.02697468316e-05, 1.758583835e-06, 3.55690275455e-07, 4.48803746167e-07, 1.42734435826e-07, 3.04168167986e-07, 9.13723681606e-07, 7.4909723935e-07, 1.12158694776e-07, 1.48267218947e-07, 7.14237913257e-08, 2.95240596415e-08, 2.64773429848e-08, 3.30131797455e-08, 7.69524355348e-09, 1.77223178355e-08, 3.56928686607e-09, 2.14398720999e-09, 2.08171861971e-08, 8.3497448955e-09, 8.93308982342e-09, 7.36028882287e-09, 5.2624365976e-10, 5.36511446381e-10, 2.38963737687e-10, 2.89753360194e-10, 5.09521758119e-10, 1.53367518685e-09, 1.65819258324e-09, 6.09733596946e-10, 2.48791015567e-10, 1.12222627024e-10, 5.14597947587e-11, 4.57652526986e-11, 1.25174089843e-11, 1.47341791545e-11, 4.07679228917e-12, 1.5227734438e-12, 5.30689858377e-13],
        "max": [0.0250178538263, 0.0506658963859, 0.00844903849065, 0.00694229174405, 0.00949390139431, 0.00619645183906, 0.00947500113398, 0.0095339436084, 0.0131956944242, 0.0051943520084, 0.00574607029557, 0.00615840824321, 0.00355202285573, 0.00408979086205, 0.00265302322805, 0.0013482774375, 0.00201781559736, 0.00115249853116, 0.000486618082505, 0.00156024179887, 0.00101832393557, 0.000671193760354, 0.001032807515, 0.000203840740141, 0.000231960686506, 0.000200033231522, 0.000206610144232, 0.00046837789705, 0.00065763638122, 0.000945723848417, 0.000372422160581, 0.000329581758706, 0.000226361575187, 0.000133996611112, 0.000139015362947, 5.31663390575e-05, 0.000101642282971, 6.53513488942e-05, 2.93359062198e-05, 1.37933539008e-05],
        "mean": [0.00169299007393, 0.00419886317104, 0.00138931279071, 0.000574092904571, 0.000508715922479, 0.000296713405987, 0.000225533294724, 0.000308209913783, 0.000362762133591, 0.0001998495718, 0.000163757722476, 0.000167061996763, 0.000126274724607, 5.03995215695e-05, 7.21161850379e-05, 3.91257817682e-05, 4.9926511565e-05, 2.62476860371e-05, 3.22222258546e-05, 6.63031096337e-05, 4.20472388214e-05, 7.1355018008e-05, 4.81741626572e-05, 1.96048713406e-05, 1.75052573468e-05, 1.36935268529e-05, 1.06707511804e-05, 8.10014444141e-06, 8.720853657e-06, 9.44596649788e-06, 6.83943108015e-06, 5.77081345909e-06, 4.07904053645e-06, 3.21721836372e-06, 2.45767387241e-06, 1.68236090303e-06, 1.37412052936e-06, 1.07024357021e-06, 8.41361327275e-07, 2.17639339439e-07],
        "median": [0.00113790226169, 0.00296154757962, 0.00113546173088, 0.000392109301174, 0.000220530317165, 0.000131522654556, 0.000105329170765, 0.000119421434647, 0.000110532448161, 6.27187764621e-05, 2.95371683023e-05, 3.42431085301e-05, 4.12239533034e-05, 2.22996204684e-05, 1.63934801094e-05, 1.69364302565e-05, 1.99586465897e-05, 1.20799486467e-05, 1.54305798787e-05, 2.49211716437e-05, 2.12149334402e-05, 3.84370287065e-05, 2.19921021198e-05, 1.20382164823e-05, 9.7167394415e-06, 9.58738928603e-06, 5.7739530348e-06, 2.98363761431e-06, 2.43475415118e-06, 2.51461756307e-06, 1.7052984731e-06, 1.42293629324e-06, 1.3393160998e-06, 1.11859640128e-06, 9.28595738969e-07, 6.27314705071e-07, 6.09058190548e-07, 5.32383467089e-07, 4.22629057084e-07, 8.69064109565e-08],
        "min": [1.06430819713e-08, 5.44468079511e-08, 2.13135038507e-08, 2.06551797888e-09, 9.25983201228e-09, 1.85174702239e-08, 2.13545403582e-09, 1.9479236002e-09, 5.43665390484e-10, 1.62712243679e-09, 2.58292964794e-09, 5.19560749979e-09, 7.39328986921e-10, 5.48273815237e-10, 4.09135891832e-10, 6.50391684953e-10, 1.04648645305e-09, 2.55734322607e-10, 3.4940023097e-10, 6.96381632914e-11, 1.77629369547e-10, 4.12369072222e-09, 4.91020002436e-10, 5.32980361234e-11, 9.97131821556e-11, 2.39287839543e-10, 3.93649800257e-11, 5.93849015101e-12, 1.74757153193e-11, 1.11185722088e-11, 1.23507124666e-11, 1.38410047312e-11, 1.3353970707e-11, 4.6214802818e-12, 1.78664841168e-12, 1.80253143141e-12, 1.98873101147e-12, 6.83356962596e-13, 1.14499002727e-12, 3.18221435259e-14],
        "var": [7.68680820329e-06, 2.30376717809e-05, 1.30149135202e-06, 3.79409470952e-07, 7.34678110348e-07, 2.32470625861e-07, 1.75279083692e-07, 4.93837319482e-07, 1.27451687604e-06, 2.50119768452e-07, 2.79952786286e-07, 3.67763675513e-07, 1.05739445644e-07, 2.07258725737e-08, 5.25619014979e-08, 5.62836532936e-09, 1.39740992111e-08, 2.04152339478e-09, 1.85442239342e-09, 1.09510773783e-08, 3.69263397637e-09, 7.38253724819e-09, 4.09290823455e-09, 4.60819243875e-10, 4.18044071582e-10, 2.51785509109e-10, 2.7868499175e-10, 5.90811011225e-10, 1.42564637873e-09, 1.82743087329e-09, 7.80688458324e-10, 4.37745811821e-10, 1.47858267296e-10, 8.60657378698e-11, 5.04323388606e-11, 2.31093026659e-11, 1.45960413894e-11, 7.95257869973e-12, 3.25429288552e-12, 3.98674501615e-13]
    },
    "mfcc": {
        "mean": [-624.311523438, 125.663063049, -3.04632258415, 35.0956077576, 10.9928703308, 5.94482278824, -3.54953598976, 15.8381118774, 2.45311284065, 2.52090072632, -1.56130945683, 4.35932350159, -1.2338463068],
        "cov": [[3425.14331055, -1293.93286133, -212.91583252, -10.6641921997, 132.147735596, -5.71896839142, -192.904464722, -140.008773804, -11.948138237, 49.2187919617, -7.54548025131, 39.2947769165, -27.3368663788], [-1293.93286133, 1221.0201416, -124.901031494, -97.4510116577, -28.4915847778, -62.5420036316, 55.407169342, 136.286514282, -40.6528816223, -18.1233463287, 52.0617599487, -20.5740070343, 50.7544555664], [-212.91583252, -124.901031494, 353.704345703, 24.5056877136, -109.065574646, 27.3235111237, 13.7327775955, -23.43683815, 27.7248134613, -3.83778595924, -10.0842313766, 20.7693099976, 15.2229146957], [-10.6641921997, -97.4510116577, 24.5056877136, 230.034667969, 119.794662476, -36.061126709, -8.15173912048, -28.514465332, 0.68844717741, 25.3857021332, -45.3578453064, 11.6809940338, 6.1660027504], [132.147735596, -28.4915847778, -109.065574646, 119.794662476, 368.90411377, -48.3308067322, -25.5424880981, -22.0658226013, 10.4390172958, 25.5096282959, -39.100315094, -3.71486639977, -7.62363243103], [-5.71896839142, -62.5420036316, 27.3235111237, -36.061126709, -48.3308067322, 121.798217773, 35.4760513306, 9.22396373749, 12.1755914688, -5.91208648682, 16.2302246094, 5.13676166534, -10.306353569], [-192.904464722, 55.407169342, 13.7327775955, -8.15173912048, -25.5424880981, 35.4760513306, 108.117172241, 40.3443412781, 10.6536149979, -1.32026255131, 2.32894945145, 9.74384975433, -8.32133865356], [-140.008773804, 136.286514282, -23.43683815, -28.514465332, -22.0658226013, 9.22396373749, 40.3443412781, 112.693695068, 23.4620838165, 0.210924640298, 15.8317584991, 14.3559017181, 6.65417909622], [-11.948138237, -40.6528816223, 27.7248134613, 0.68844717741, 10.4390172958, 12.1755914688, 10.6536149979, 23.4620838165, 77.9911956787, 17.3653202057, 14.703751564, 4.49170398712, 3.97051858902], [49.2187919617, -18.1233463287, -3.83778595924, 25.3857021332, 25.5096282959, -5.91208648682, -1.32026255131, 0.210924640298, 17.3653202057, 74.8530502319, 18.1804485321, 15.3010444641, 1.61543571949], [-7.54548025131, 52.0617599487, -10.0842313766, -45.3578453064, -39.100315094, 16.2302246094, 2.32894945145, 15.8317584991, 14.703751564, 18.1804485321, 93.7654571533, 18.2970943451, 13.3729801178], [39.2947769165, -20.5740070343, 20.7693099976, 11.6809940338, -3.71486639977, 5.13676166534, 9.74384975433, 14.3559017181, 4.49170398712, 15.3010444641, 18.2970943451, 77.5575866699, 20.5247020721], [-27.3368663788, 50.7544555664, 15.2229146957, 6.1660027504, -7.62363243103, -10.306353569, -8.32133865356, 6.65417909622, 3.97051858902, 1.61543571949, 13.3729801178, 20.5247020721, 64.141166687]],
