{
"lowlevel": {
    "average_loudness": 0.945006132126,
    "barkbands_crest": {
        "dmean": 3.57747817039,
        "dmean2": 5.65086841583,
        "dvar": 9.24054336548,
        "dvar2": 20.956829071,
        "max": 26.3990268707,
        "mean": 11.4879760742,
        "median": 10.7463293076,
        "min": 2.47405457497,
        "var": 22.9659423828
    },
    "barkbands_flatness_db": {
        "dmean": 0.0292257461697,
        "dmean2": 0.0428027957678,
        "dvar": 0.000729174120352,
        "dvar2": 0.00161274720449,
        "max": 0.385212361813,
        "mean": 0.137527599931,
        "median": 0.132770240307,
        "min": 0.0294432621449,
        "var": 0.00245671044104
    },
    "barkbands_kurtosis": {
        "dmean": 7.10658740997,
        "dmean2": 10.8118772507,
        "dvar": 304.147155762,
        "dvar2": 566.026672363,
        "max": 556.486999512,
        "mean": 8.13428497314,
        "median": 2.98478603363,
        "min": -1.95517814159,
        "var": 491.596099854
    },
    "barkbands_skewness": {
        "dmean": 0.973498940468,
        "dmean2": 1.42499816418,
        "dvar": 1.12282407284,
        "dvar2": 2.3907058239,
        "max": 15.369887352,
        "mean": 1.96466839314,
        "median": 1.70059609413,
        "min": -2.0523109436,
        "var": 2.61793327332
    },
    "barkbands_spread": {
        "dmean": 10.0149803162,
        "dmean2": 15.2042322159,
        "dvar": 177.217803955,
        "dvar2": 371.880340576,
        "max": 105.766555786,
        "mean": 24.2141571045,
        "median": 20.7655792236,
        "min": 0.287095397711,
        "var": 310.399383545
    },
    "dissonance": {
        "dmean": 0.0269325319678,
        "dmean2": 0.04333197698,
        "dvar": 0.000878658029251,
        "dvar2": 0.00225279130973,
        "max": 0.499724566936,
        "mean": 0.444229424,
        "median": 0.455645531416,
        "min": 0.236450910568,
        "var": 0.00197236100212
    },
    "dynamic_complexity": 4.40137672424,
    "erbbands_crest": {
        "dmean": 3.13641357422,
        "dmean2": 5.00761413574,
        "dvar": 9.52860069275,
        "dvar2": 21.3018379211,
        "max": 32.4414176941,
        "mean": 10.1708316803,
        "median": 8.746758461,
        "min": 3.04114842415,
        "var": 25.8832778931
    },
    "erbbands_flatness_db": {
        "dmean": 0.025519926101,
        "dmean2": 0.0339357964694,
        "dvar": 0.00058067968348,
        "dvar2": 0.0010703720618,
        "max": 0.372771829367,
        "mean": 0.153318196535,
        "median": 0.150682270527,
        "min": 0.0423267818987,
        "var": 0.00216145231389
    },
    "erbbands_kurtosis": {
        "dmean": 2.37766003609,
        "dmean2": 3.58952116966,
        "dvar": 57.252040863,
        "dvar2": 120.799919128,
        "max": 240.587677002,
        "mean": 1.87686431408,
        "median": -0.243593454361,
        "min": -1.86242949963,
        "var": 84.1420211792
    },
    "erbbands_skewness": {
        "dmean": 0.590683043003,
        "dmean2": 0.856180429459,
        "dvar": 0.433634459972,
        "dvar2": 0.911417365074,
        "max": 12.1479988098,
        "mean": 0.758162438869,
        "median": 0.550783753395,
        "min": -2.28329849243,
        "var": 1.39969408512
    },
    "erbbands_spread": {
        "dmean": 14.0345001221,
        "dmean2": 21.2087116241,
        "dvar": 281.827758789,
        "dvar2": 609.08190918,
        "max": 156.538452148,
        "mean": 45.4940834045,
        "median": 42.2847480774,
        "min": 0.993343234062,
        "var": 644.826904297
    },
    "hfc": {
        "dmean": 12.0276031494,
        "dmean2": 17.2865314484,
        "dvar": 521.371154785,
        "dvar2": 945.711242676,
        "max": 259.169189453,
        "mean": 21.4261302948,
        "median": 13.5360078812,
        "min": 1.10437002696e-16,
        "var": 887.337036133
    },
    "melbands_crest": {
        "dmean": 4.49696350098,
        "dmean2": 7.12731170654,
        "dvar": 14.070646286,
        "dvar2": 31.7901649475,
        "max": 34.1238899231,
        "mean": 15.4101638794,
        "median": 14.3983182907,
        "min": 3.0018658638,
        "var": 34.7398872375
    },
    "melbands_flatness_db": {
        "dmean": 0.0391005724669,
        "dmean2": 0.0556163676083,
        "dvar": 0.00141612975858,
        "dvar2": 0.00287445983849,
        "max": 0.49919873476,
        "mean": 0.207720384002,
        "median": 0.20371927321,
        "min": 0.00670853909105,
        "var": 0.00498567288741
    },
    "melbands_kurtosis": {
        "dmean": 16.2717056274,
        "dmean2": 24.964887619,
        "dvar": 864.214904785,
        "dvar2": 1917.86682129,
        "max": 372.229675293,
        "mean": 21.5102596283,
        "median": 10.8054151535,
        "min": -1.71659111977,
        "var": 1177.67126465
    },
    "melbands_skewness": {
        "dmean": 1.23720145226,
        "dmean2": 1.82794010639,
        "dvar": 1.99148130417,
        "dvar2": 4.06690692902,
        "max": 16.4035167694,
        "mean": 3.07456946373,
        "median": 2.57908701897,
        "min": -1.25963568687,
        "var": 4.57653903961
    },
    "melbands_spread": {
        "dmean": 9.74545574188,
        "dmean2": 14.6645288467,
        "dvar": 201.42364502,
        "dvar2": 422.986175537,
        "max": 173.915893555,
        "mean": 21.637922287,
        "median": 16.6812458038,
        "min": 0.448240369558,
        "var": 357.001525879
    },
    "pitch_salience": {
        "dmean": 0.106331825256,
        "dmean2": 0.164848431945,
        "dvar": 0.00958226248622,
        "dvar2": 0.0224304795265,
        "max": 0.851499795914,
        "mean": 0.564118564129,
        "median": 0.57708209753,
        "min": 0.0755588710308,
        "var": 0.0206585358828
    },
    "silence_rate_20dB": {
        "dmean": 0,
        "dmean2": 0,
        "dvar": 0,
        "dvar2": 0,
        "max": 1,
        "mean": 1,
        "median": 1,
        "min": 1,
        "var": 0
    },
    "silence_rate_30dB": {
        "dmean": 0.0355486869812,
        "dmean2": 0.0711523592472,
        "dvar": 0.0342848971486,
        "dvar2": 0.0831053704023,
        "max": 1,
        "mean": 0.972200751305,
        "median": 1,
        "min": 0,
        "var": 0.0270265173167
    },
    "silence_rate_60dB": {
        "dmean": 0.0633694007993,
        "dmean2": 0.126836806536,
        "dvar": 0.0593540072441,
        "dvar2": 0.129311338067,
        "max": 1,
        "mean": 0.162162154913,
        "median": 0,
        "min": 0,
        "var": 0.13586601615
    },
    "spectral_centroid": {
        "dmean": 372.309997559,
        "dmean2": 541.584838867,
        "dvar": 222435.78125,
        "dvar2": 396007.21875,
        "max": 10553.8828125,
        "mean": 1358.94995117,
        "median": 1271.02490234,
        "min": 216.877929688,
        "var": 530455.75
    },
    "spectral_complexity": {
        "dmean": 3.78825354576,
        "dmean2": 5.46326351166,
        "dvar": 32.2797088623,
        "dvar2": 54.9850273132,
        "max": 63,
        "mean": 13.907336235,
        "median": 12,
        "min": 0,
        "var": 119.696479797
    },
    "spectral_decrease": {
        "dmean": 3.26945692741e-09,
        "dmean2": 5.02206010111e-09,
        "dvar": 3.62874340909e-17,
        "dvar2": 8.26592917271e-17,
        "max": 1.42545517057e-10,
        "mean": -5.94569504742e-09,
        "median": -3.57720586486e-09,
        "min": -4.8895220317e-08,
        "var": 5.7835654484e-17
    },
    "spectral_energy": {
        "dmean": 0.0130676245317,
        "dmean2": 0.0199755560607,
        "dvar": 0.000556978455279,
        "dvar2": 0.0012523252517,
        "max": 0.189764991403,
        "mean": 0.0243838410825,
        "median": 0.0149398157373,
        "min": 1.03978250897e-20,
        "var": 0.000900438288227
    },
    "spectral_energyband_high": {
        "dmean": 0.000717975373846,
        "dmean2": 0.00104152504355,
        "dvar": 2.22861081056e-06,
        "dvar2": 4.05128821512e-06,
        "max": 0.0143301747739,
        "mean": 0.000919227604754,
        "median": 0.000308572518406,
        "min": 7.72313254002e-21,
        "var": 3.3790145153e-06
    },
    "spectral_energyband_low": {
        "dmean": 0.00884728785604,
        "dmean2": 0.0138400848955,
        "dvar": 0.000441866286565,
        "dvar2": 0.00105910620186,
        "max": 0.169459417462,
        "mean": 0.00985929276794,
        "median": 0.000477552035591,
        "min": 6.30829220493e-23,
        "var": 0.00054611521773
    },
    "spectral_energyband_middle_high": {
        "dmean": 0.00239322800189,
        "dmean2": 0.00328834285028,
        "dvar": 4.9921360187e-05,
        "dvar2": 8.80075094756e-05,
        "max": 0.0880433544517,
        "mean": 0.00431783637032,
        "median": 0.00169729453046,
        "min": 1.42001071879e-21,
        "var": 8.32179648569e-05
    },
    "spectral_energyband_middle_low": {
        "dmean": 0.00614970875904,
        "dmean2": 0.010645231232,
        "dvar": 0.000185406228411,
        "dvar2": 0.000535668164957,
        "max": 0.113569758832,
        "mean": 0.0102903144434,
        "median": 0.00794597063214,
        "min": 3.71113970928e-22,
        "var": 0.000148608305608
    },
    "spectral_entropy": {
        "dmean": 0.27506712079,
        "dmean2": 0.384775370359,
        "dvar": 0.0873384177685,
        "dvar2": 0.168398350477,
        "max": 9.79719257355,
        "mean": 7.4660615921,
        "median": 7.46140861511,
        "min": 4.82802915573,
        "var": 0.271643072367
    },
    "spectral_flux": {
        "dmean": 0.037111543119,
        "dmean2": 0.0569849200547,
        "dvar": 0.00255065527745,
        "dvar2": 0.0044370549731,
        "max": 0.403036773205,
        "mean": 0.0935918018222,
        "median": 0.0708043426275,
        "min": 1.01969724331e-10,
        "var": 0.00595290213823
    },
    "spectral_kurtosis": {
        "dmean": 1.72839868069,
        "dmean2": 2.56122803688,
        "dvar": 5.05635452271,
        "dvar2": 10.3320798874,
        "max": 43.1564025879,
        "mean": 4.66442251205,
        "median": 4.2013335228,
        "min": -1.19919669628,
        "var": 12.3173456192
    },
    "spectral_rms": {
        "dmean": 0.00111515703611,
        "dmean2": 0.00161256350111,
        "dvar": 2.37682047555e-06,
        "dvar2": 4.68069220005e-06,
        "max": 0.0136064905673,
        "mean": 0.00414515146986,
        "median": 0.0038177780807,
        "min": 3.18499913943e-12,
        "var": 6.60681007503e-06
    },
    "spectral_rolloff": {
        "dmean": 1377.92614746,
        "dmean2": 2378.04296875,
        "dvar": 8371284,
        "dvar2": 18131054,
        "max": 18238.6230469,
        "mean": 2166.54199219,
        "median": 882.861328125,
        "min": 64.599609375,
        "var": 9419381
    },
    "spectral_skewness": {
        "dmean": 0.290303081274,
        "dmean2": 0.415601015091,
        "dvar": 0.10794468224,
        "dvar2": 0.220005586743,
        "max": 5.78923559189,
        "mean": 1.67737185955,
        "median": 1.62186801434,
        "min": 0.0633105039597,
        "var": 0.316327393055
    },
    "spectral_spread": {
        "dmean": 1171981.25,
        "dmean2": 1628349.5,
        "dvar": 3.11180840141e+12,
        "dvar2": 4.74941751296e+12,
        "max": 40867792,
        "mean": 5900273,
        "median": 5132057,
        "min": 2167513.75,
        "var": 6.93991951565e+12
    },
    "spectral_strongpeak": {
        "dmean": 0.432204604149,
        "dmean2": 0.70196133852,
        "dvar": 0.349495798349,
        "dvar2": 0.834661066532,
        "max": 5.74247407913,
        "mean": 0.86641228199,
        "median": 0.567451536655,
        "min": 0,
        "var": 0.708200335503
    },
    "zerocrossingrate": {
        "dmean": 0.0260204095393,
        "dmean2": 0.0291990675032,
        "dvar": 0.00137706799433,
        "dvar2": 0.00167804141529,
        "max": 0.4990234375,
        "mean": 0.0789284929633,
        "median": 0.0595703125,
        "min": 0.00341796875,
        "var": 0.0037819033023
    },
    "barkbands": {
        "dmean": [0.000292892887956, 0.00519984494895, 0.00426264991984, 0.0021813865751, 0.00247398600914, 0.0014413286699, 0.000736204499844, 0.000663992541377, 0.000772129220422, 0.000412400258938, 0.000345633277902, 0.00034463146585, 0.000508929078933, 0.000290452182526, 0.000221452079131, 0.000218591463636, 0.000202873328817, 0.00028201402165, 0.000203987845453, 0.000200497292099, 8.90144365258e-05, 7.44213539292e-05, 6.89019070705e-05, 7.89541300037e-05, 8.53895471664e-05, 0.000216042404645, 0.000108421801997],
        "dmean2": [0.000479219452245, 0.00803612731397, 0.00781968794763, 0.00408595288172, 0.00451557710767, 0.00230716424994, 0.0010546828853, 0.000923274492379, 0.00109420809895, 0.000618571415544, 0.000527230324224, 0.000517177279107, 0.00082527520135, 0.000431028252933, 0.000362904189387, 0.000315475946991, 0.000310815463308, 0.000416483730078, 0.000296339334454, 0.000274467136478, 0.000128965068143, 0.000107957137516, 9.72985799308e-05, 0.000116624396469, 0.000123159887153, 0.000329176342348, 0.000183216587175],
        "dvar": [6.79724621477e-07, 0.000147441023728, 0.000207859222428, 4.87182915094e-05, 4.93531115353e-05, 7.22395179764e-06, 1.60408831107e-06, 2.24048972086e-06, 1.67500343196e-06, 1.63361914929e-06, 1.21000493891e-06, 2.14231044993e-06, 4.68044527224e-06, 8.36493541101e-07, 4.58551170368e-07, 2.82449292399e-07, 2.82424167608e-07, 4.20320617422e-07, 1.82366321155e-07, 1.56762908432e-07, 7.69085275465e-08, 5.35696074166e-08, 4.13636733754e-08, 3.95724946145e-08, 4.78823842798e-08, 1.86842257222e-07, 7.18519288512e-08],
        "dvar2": [1.69434008512e-06, 0.000302799075143, 0.000578664592467, 0.000144709352753, 0.000142855118611, 1.91092221939e-05, 2.8671158816e-06, 4.24214249506e-06, 3.04850436805e-06, 3.41496934197e-06, 2.58189561464e-06, 4.898795396e-06, 1.13896121547e-05, 1.87690989151e-06, 1.11717622531e-06, 5.54715199996e-07, 5.94473874571e-07, 9.01362227523e-07, 3.67485512243e-07, 2.77098365586e-07, 1.38028994456e-07, 9.64577111517e-08, 8.42893612685e-08, 7.01619455867e-08, 9.50750802531e-08, 4.35055852677e-07, 1.82694620321e-07],
        "max": [0.00824220757931, 0.118548169732, 0.129271581769, 0.0652198046446, 0.0543168932199, 0.0401767119765, 0.0204715374857, 0.0236246380955, 0.0243773683906, 0.0184242483228, 0.0144608104602, 0.0216202698648, 0.0279649235308, 0.0118720829487, 0.00652431324124, 0.00655562058091, 0.00768706761301, 0.00951998773962, 0.00644685700536, 0.00527908327058, 0.00325670908205, 0.00285136909224, 0.0025643678382, 0.00235022464767, 0.00269753159955, 0.00265291659161, 0.00168038974516],
        "mean": [0.000288259878289, 0.00574956135824, 0.00289650098421, 0.00167720695026, 0.00237334915437, 0.00198531779461, 0.00139960856177, 0.0010804887861, 0.00163781340234, 0.000541560235433, 0.000483074254589, 0.000371963513317, 0.000524908886291, 0.000372814451111, 0.000304165587295, 0.000386181171052, 0.0003094394051, 0.000478155037854, 0.000338464917149, 0.000364671403076, 0.000112382083898, 0.000101000347058, 0.000100862736872, 0.000120976983453, 0.000100137483969, 0.000205061980523, 7.99225017545e-05],
        "median": [2.00080703507e-05, 0.00010635414219, 7.38158560125e-05, 0.000209723337321, 0.000871915370226, 0.000764755997807, 0.00048446081928, 0.000174606961082, 0.000579686835408, 8.71023366926e-05, 7.6187265222e-05, 4.31854896306e-05, 4.9548347306e-05, 2.81856282527e-05, 3.6894067307e-05, 5.60174521524e-05, 7.92426653788e-05, 0.000159239818458, 0.000104967177322, 0.00012451891962, 1.64230368682e-05, 2.98232280329e-05, 4.26544465881e-05, 4.48195787612e-05, 2.7265301469e-05, 2.18333825615e-05, 8.41188466438e-07],
        "min": [3.39898770152e-23, 2.59434942042e-23, 1.12222942169e-23, 1.04660858423e-23, 1.38201198318e-22, 8.13080007862e-23, 3.23538331403e-23, 2.30893560061e-23, 5.52885787199e-23, 6.56852227144e-23, 3.39638572271e-23, 7.83032295982e-23, 6.21595445826e-23, 5.95119759233e-23, 1.27027280207e-22, 1.20974533497e-22, 1.88485994451e-22, 2.14219306133e-22, 2.43338370955e-22, 4.55858003693e-22, 4.00007131231e-22, 5.31208230311e-22, 8.16003829299e-22, 9.04497665046e-22, 1.44969561776e-21, 1.68630118079e-21, 1.96506649983e-21],
        "var": [6.58599049075e-07, 0.000206172349863, 0.000131670050905, 2.85042442556e-05, 3.07798436552e-05, 1.06394936665e-05, 4.56844418295e-06, 6.25964912615e-06, 7.34894001653e-06, 2.61131458501e-06, 1.75951504389e-06, 2.1650337203e-06, 4.33002696809e-06, 1.21214407045e-06, 6.59922136492e-07, 5.99573354521e-07, 4.6580996127e-07, 7.17656121196e-07, 3.41211034538e-07, 3.94573419271e-07, 1.1056287974e-07, 7.62373204566e-08, 5.37066071615e-08, 6.58633254602e-08, 6.2143541868e-08, 1.9692416231e-07, 5.55010828407e-08]
    },
    "erbbands": {
        "dmean": [0.183587476611, 1.22764217854, 4.46879529953, 6.45671796799, 7.57772254944, 8.70118236542, 7.00587129593, 15.1295127869, 11.6411762238, 8.47951602936, 15.541062355, 16.7239151001, 13.2708759308, 11.4604969025, 13.1724243164, 13.6220035553, 23.1216030121, 14.9388237, 13.6631784439, 11.187743187, 10.9660158157, 11.5214138031, 15.7973461151, 10.1672582626, 11.1337795258, 8.82368278503, 3.79876804352, 3.70347356796, 2.88913941383, 2.26645708084, 1.93779242039, 1.72761154175, 1.25192034245, 0.859772801399, 0.679014325142, 0.750458538532, 0.429158419371, 0.193603396416, 0.0115125561133, 0.000184655829798],
        "dmean2": [0.271162420511, 1.93588840961, 8.04146385193, 11.8939838409, 14.0384368896, 15.7261562347, 11.7898235321, 24.2329902649, 17.2129478455, 12.512468338, 21.8710575104, 23.9802703857, 19.1098117828, 16.5382328033, 18.5161132812, 20.7110881805, 36.9552078247, 22.3397598267, 22.3340816498, 16.6794986725, 15.7994537354, 17.119594574, 23.0777931213, 14.3124017715, 15.2515335083, 11.9826164246, 5.01173353195, 5.45915794373, 4.2020778656, 3.23179006577, 2.73272180557, 2.53123283386, 1.90284657478, 1.24836754799, 1.0224083662, 1.17102181911, 0.652611374855, 0.31246560812, 0.0193406529725, 0.000300424435409],
        "dvar": [0.218603998423, 8.41894721985, 195.753601074, 421.044006348, 493.762664795, 577.951843262, 268.853515625, 965.70123291, 371.48550415, 281.379302979, 1002.99255371, 790.139709473, 1124.94519043, 1233.27734375, 1850.93066406, 3280.05175781, 9861.72753906, 2641.04492188, 2135.85595703, 859.488586426, 806.698913574, 1007.88232422, 1484.01074219, 572.276306152, 432.864318848, 314.449371338, 127.776443481, 144.14730835, 85.8228149414, 38.8354072571, 31.3268241882, 23.8022937775, 8.21959495544, 4.66727828979, 2.93273591995, 2.19634652138, 0.746703207493, 0.194954901934, 0.000810827768873, 1.69424950514e-07],
        "dvar2": [0.476827919483, 19.402048111, 540.76385498, 1214.13537598, 1452.47912598, 1654.15332031, 716.628356934, 2652.46606445, 736.899047852, 582.37322998, 1906.42785645, 1458.87548828, 2547.34155273, 2387.52441406, 3211.8605957, 7386.71923828, 23686.5214844, 5938.40625, 5464.64111328, 1797.27185059, 1496.78686523, 2102.51806641, 3316.82446289, 1146.49182129, 798.83807373, 532.959228516, 215.023880005, 288.030273438, 153.472930908, 76.1184005737, 60.965637207, 42.5029563904, 14.6947507858, 8.15626907349, 6.5450334549, 5.14933490753, 1.73973584175, 0.483479350805, 0.00207597925328, 4.27440454587e-07],
        "max": [5.79155778885, 21.7740955353, 115.192718506, 157.121826172, 170.600250244, 180.361633301, 203.627212524, 444.172485352, 364.238494873, 183.963867188, 568.538818359, 340.022003174, 577.222595215, 462.660217285, 516.647094727, 828.62512207, 1319.83483887, 651.757202148, 590.460754395, 375.618041992, 355.329315186, 492.456359863, 578.846496582, 436.03704834, 273.768920898, 243.529464722, 129.860397339, 139.954467773, 110.716415405, 78.303062439, 71.3186569214, 56.8447494507, 29.8556156158, 27.5627212524, 19.773481369, 9.00628566742, 5.30532121658, 2.83175802231, 0.18398950994, 0.0025335191749],
        "mean": [0.185548380017, 1.2112942934, 3.13714623451, 4.99280643463, 6.83613109589, 8.39663982391, 7.71223211288, 21.1566963196, 23.2529602051, 14.5792798996, 30.3864269257, 33.391456604, 24.7355136871, 17.3999252319, 18.3492984772, 15.3477210999, 23.59324646, 18.376739502, 18.6066417694, 19.0495986938, 19.391916275, 18.9475193024, 25.9922485352, 17.4718818665, 21.867723465, 16.1988162994, 5.23370504379, 4.3539853096, 3.73713612556, 3.36930990219, 2.84554624557, 2.56531643867, 1.92082417011, 1.12370109558, 0.730098366737, 0.717309951782, 0.4001480937, 0.157020449638, 0.00853761192411, 0.000163107906701],
        "median": [0.00415409076959, 0.0199990160763, 0.0919956192374, 0.501713454723, 2.44485020638, 2.16468906403, 2.19807672501, 8.575963974, 10.0778446198, 5.50099802017, 7.41274595261, 12.1200256348, 6.23315382004, 3.10060977936, 2.96791195869, 1.78597092628, 2.22011017799, 1.82605600357, 2.37245130539, 2.86119604111, 3.72774267197, 5.25417661667, 8.91435813904, 5.13338375092, 8.08497619629, 5.35594034195, 1.0552521944, 0.672913074493, 0.856675922871, 1.44029510021, 1.09269881248, 0.871673822403, 0.701259613037, 0.310422360897, 0.182419374585, 0.118878789246, 0.0291562769562, 0.00390443415381, 0.000134484420414, 2.88856481347e-05],
        "min": [1.02835049324e-21, 5.35478358372e-21, 1.28700894182e-20, 3.66338001525e-20, 2.13853924745e-19, 6.49686109567e-19, 3.88032958589e-19, 7.16582687246e-19, 4.4197655996e-19, 5.99347309607e-19, 4.46565809697e-19, 1.52982711593e-18, 1.81963211829e-18, 1.79492671493e-18, 1.61181488011e-18, 3.73367656374e-18, 3.18631853791e-18, 3.58781236171e-18, 2.76198832536e-18, 1.00207273295e-17, 6.8224636832e-18, 9.53216219972e-18, 1.30555446363e-17, 9.84469171466e-18, 1.62637919391e-17, 1.89318878203e-17, 1.7480624251e-17, 1.79487588469e-17, 1.85164859885e-17, 2.27900732642e-17, 2.06542598354e-17, 1.54835604437e-17, 1.57015010285e-17, 1.50188801541e-17, 1.12353874652e-17, 4.17436737484e-18, 4.09376689595e-18, 1.27109267175e-18, 2.37045199838e-19, 2.99956757368e-20],
        "var": [0.261448681355, 9.79862499237, 129.214675903, 265.320251465, 290.833892822, 403.838562012, 284.669952393, 1282.49841309, 1097.93615723, 585.365722656, 3178.77148438, 2592.81787109, 3403.21630859, 1975.23034668, 3113.99169922, 3414.77368164, 9140.75683594, 3210.84399414, 2687.96264648, 1778.24841309, 1559.99328613, 1672.94921875, 2256.64355469, 1021.06378174, 1173.5760498, 826.625976562, 204.524154663, 178.219207764, 122.215133667, 54.5528488159, 43.2083854675, 37.6995010376, 14.1931629181, 7.37842273712, 3.16711616516, 2.21796011925, 0.798326015472, 0.165252178907, 0.000620974169578, 1.38840945851e-07]
    },
    "gfcc": {
        "mean": [-28.4295787811, 61.4811058044, -97.0320205688, 15.2277030945, -66.0841903687, -3.65278720856, -45.8968162537, 18.5247383118, -26.7155799866, 1.99101471901, -16.7230129242, 3.58254289627, -17.5123710632],
        "cov": [[10631.1728516, -745.415222168, -862.125183105, 363.678833008, 576.253173828, 163.463882446, 167.746902466, 199.764007568, -102.281974792, 72.2348556519, -81.8247528076, -97.0946502686, -178.132949829], [-745.415222168, 1496.47338867, -32.915802002, 271.819854736, 153.437347412, 76.7985610962, 152.908477783, 156.694885254, 118.50050354, -35.4866104126, 149.240097046, -76.5018768311, -16.4431762695], [-862.125183105, -32.915802002, 1306.48217773, 124.775901794, 112.527435303, 18.5265750885, 109.282531738, -98.1025619507, 32.8501358032, 147.538818359, -47.4801673889, 86.3908233643, 25.853225708], [363.678833008, 271.819854736, 124.775901794, 876.620178223, 244.637130737, 72.5121231079, 74.5501022339, 122.470069885, 123.136566162, 26.8984851837, 52.650932312, 4.92874526978, 68.5678939819], [576.253173828, 153.437347412, 112.527435303, 244.637130737, 574.737731934, 110.92780304, 196.400939941, 74.041595459, 55.2736358643, 65.3806228638, 3.9873046875, 1.24277544022, 5.35246276855], [163.463882446, 76.7985610962, 18.5265750885, 72.5121231079, 110.92780304, 405.986816406, 197.235900879, 16.5616970062, 72.446647644, 86.0924835205, 13.8833227158, -8.2161693573, 30.0447044373], [167.746902466, 152.908477783, 109.282531738, 74.5501022339, 196.400939941, 197.235900879, 389.73046875, 74.9553146362, 28.2883110046, 87.57837677, 33.1394767761, 3.92551493645, 5.8989906311], [199.764007568, 156.694885254, -98.1025619507, 122.470069885, 74.041595459, 16.5616970062, 74.9553146362, 226.051895142, 94.0879745483, 1.57509100437, 53.0237693787, -8.31887817383, -2.02051401138], [-102.281974792, 118.50050354, 32.8501358032, 123.136566162, 55.2736358643, 72.446647644, 28.2883110046, 94.0879745483, 179.47102356, 43.1002960205, 13.545712471, 2.88436555862, 28.5343379974], [72.2348556519, -35.4866104126, 147.538818359, 26.8984851837, 65.3806228638, 86.0924835205, 87.57837677, 1.57509100437, 43.1002960205, 132.827102661, 25.9699039459, 18.6687068939, 28.714641571], [-81.8247528076, 149.240097046, -47.4801673889, 52.650932312, 3.9873046875, 13.8833227158, 33.1394767761, 53.0237693787, 13.545712471, 25.9699039459, 123.956855774, 34.9211883545, 3.85623335838], [-97.0946502686, -76.5018768311, 86.3908233643, 4.92874526978, 1.24277544022, -8.2161693573, 3.92551493645, -8.31887817383, 2.88436555862, 18.6687068939, 34.9211883545, 101.343231201, 28.3417358398], [-178.132949829, -16.4431762695, 25.853225708, 68.5678939819, 5.35246276855, 30.0447044373, 5.8989906311, -2.02051401138, 28.5343379974, 28.714641571, 3.85623335838, 28.3417358398, 93.4809494019]],
        "icov": [[0.000132493703859, 7.16000504326e-05, 0.000125297519844, -0.000101156125311, -0.000107508705696, -4.54197834188e-05, 3.36777884513e-05, -0.00015847364557, 0.000201005314011, -0.000282765802694, 0.000202799943509, -6.04508677498e-05, 0.000355280353688], [7.16000504326e-05, 0.00111397751607, -0.000131401626277, -0.000109316002636, -0.000239766362938, 8.14974464447e-06, -0.000394481729018, 0.000147021113662, -0.000702736782841, 0.00118343974464, -0.00184268911835, 0.0015063934261, -4.16225739173e-05], [0.000125297519844, -0.000131401626277, 0.0012475826079, -0.000346114218701, -3.95018105337e-05, 0.000290627678623, -0.000214982326725, 0.000355747586582, 9.85409351415e-05, -0.00177373748738, 0.00146818300709, -0.00140788324643, 0.000935639429372], [-0.000101156125311, -0.000109316002636, -0.000346114218701, 0.00168895686511, -0.000548382638954, -5.12459700985e-05, 0.00014907446166, -0.000252452475252, -0.000700772216078, 0.000934039242566, -0.000937027100008, 0.00061150622787, -0.00154185085557], [-0.000107508705696, -0.000239766362938, -3.95018105337e-05, -0.000548382638954, 0.00256899278611, 2.52904901572e-05, -0.000928939261939, -0.000235255720327, -1.1248213923e-05, -0.000718714494724, 0.000996755785309, -0.000564246671274, 0.000418589130277], [-4.54197834188e-05, 8.14974464447e-06, 0.000290627678623, -5.12459700985e-05, 2.52904901572e-05, 0.00393771473318, -0.00196004379541, 0.00131459732074, -0.00169637240469, -0.000947641208768, -0.00017491307517, 0.000680282362737, -0.000632971990854], [3.36777884513e-05, -0.000394481729018, -0.000214982326725, 0.00014907446166, -0.000928939261939, -0.00196004379541, 0.00489155529067, -0.00208490877412, 0.00202983315103, -0.00217908178456, 0.000569325347897, -0.000583727203775, 0.000477552675875], [-0.00015847364557, 0.000147021113662, 0.000355747586582, -0.000252452475252, -0.000235255720327, 0.00131459732074, -0.00208490877412, 0.00835668761283, -0.00494882417843, 0.00237747840583, -0.00355721497908, 0.00141364545561, 0.000212262180867], [0.000201005314011, -0.000702736782841, 9.85409351415e-05, -0.000700772216078, -1.1248213923e-05, -0.00169637240469, 0.00202983315103, -0.00494882417843, 0.0104319564998, -0.00413100421429, 0.00324797397479, -0.00151622737758, -0.000532661390025], [-0.000282765802694, 0.00118343974464, -0.00177373748738, 0.000934039242566, -0.000718714494724, -0.000947641208768, -0.00217908178456, 0.00237747840583, -0.00413100421429, 0.0152109991759, -0.00643730256706, 0.00296265399083, -0.00403470452875], [0.000202799943509, -0.00184268911835, 0.00146818300709, -0.000937027100008, 0.000996755785309, -0.00017491307517, 0.000569325347897, -0.00355721497908, 0.00324797397479, -0.00643730256706, 0.0158786978573, -0.00795241165906, 0.00297185592353], [-6.04508677498e-05, 0.0015063934261, -0.00140788324643, 0.00061150622787, -0.000564246671274, 0.000680282362737, -0.000583727203775, 0.00141364545561, -0.00151622737758, 0.00296265399083, -0.00795241165906, 0.0159490350634, -0.00498297065496], [0.000355280353688, -4.16225739173e-05, 0.000935639429372, -0.00154185085557, 0.000418589130277, -0.000632971990854, 0.000477552675875, 0.000212262180867, -0.000532661390025, -0.00403470452875, 0.00297185592353, -0.00498297065496, 0.0151832411066]]
    },
    "melbands": {
        "dmean": [0.00148977676872, 0.00206017587334, 0.00112618610729, 0.000593109289184, 0.000273370416835, 0.000314351636916, 0.000166529120179, 0.00010665764421, 0.000125251797726, 0.000111798864964, 6.77439238643e-05, 4.86886165163e-05, 4.38246934209e-05, 4.31434527854e-05, 3.6565856135e-05, 5.54710350116e-05, 2.55893155554e-05, 2.44287493842e-05, 1.77583424374e-05, 1.61528132594e-05, 1.27051789605e-05, 1.22775018099e-05, 1.35464579216e-05, 1.41613927553e-05, 7.84943495091e-06, 8.14919530967e-06, 9.02790361579e-06, 5.35841536475e-06, 2.34936669585e-06, 2.11520568882e-06, 2.23477354666e-06, 1.65930009643e-06, 1.38281291129e-06, 1.29084833134e-06, 1.21737593872e-06, 9.92092282104e-07, 1.18106390801e-06, 9.72544057731e-07, 7.67446863392e-07, 7.17979673936e-07],
        "dmean2": [0.00222624093294, 0.00351313734427, 0.00207420112565, 0.00108439370524, 0.000472760759294, 0.000503194285557, 0.000245882954914, 0.000150927415234, 0.000177095382242, 0.000158503695275, 9.74418144324e-05, 7.02649485902e-05, 6.5847481892e-05, 6.42843151581e-05, 5.56290833629e-05, 8.91201780178e-05, 3.78511504096e-05, 4.00411699957e-05, 2.82502096525e-05, 2.33862592722e-05, 1.82337807928e-05, 1.87868572539e-05, 2.02036208066e-05, 2.1316247512e-05, 1.14678559839e-05, 1.15541743071e-05, 1.25091592054e-05, 7.22400045561e-06, 3.15425518238e-06, 3.0379483178e-06, 3.36536072609e-06, 2.44843317887e-06, 2.01993907467e-06, 1.90684227164e-06, 1.78109553417e-06, 1.39241308261e-06, 1.76678588559e-06, 1.4996463733e-06, 1.13373130262e-06, 1.06459913241e-06],
        "dvar": [1.25958840727e-05, 3.25747132592e-05, 1.20424210763e-05, 2.83517647404e-06, 4.4480015049e-07, 3.79285211238e-07, 7.08353411483e-08, 4.81106177119e-08, 5.81440282588e-08, 3.65103112188e-08, 2.96473565697e-08, 2.14706883384e-08, 2.09679438257e-08, 3.39146701833e-08, 1.85169000133e-08, 5.70802534128e-08, 6.6158287737e-09, 7.22436643841e-09, 2.43466224958e-09, 1.66216196362e-09, 9.94034743407e-10, 1.25039267829e-09, 9.84592740672e-10, 1.03471320401e-09, 3.91043225578e-10, 2.77618039668e-10, 2.8773927685e-10, 1.30820840272e-10, 5.03739099045e-11, 4.5632199408e-11, 5.36917767191e-11, 3.13707289312e-11, 1.41152063995e-11, 1.39399230006e-11, 1.2981128325e-11, 7.16631832001e-12, 1.12035198827e-11, 4.25778292831e-12, 3.98660965351e-12, 3.15574693113e-12],
        "dvar2": [2.57542742474e-05, 8.66955961101e-05, 3.4599477658e-05, 8.2395172285e-06, 1.23181553136e-06, 1.0343961776e-06, 1.37498261665e-07, 9.521676958e-08, 1.1011204748e-07, 6.47729692105e-08, 6.59227623601e-08, 4.1554987007e-08, 4.34538272032e-08, 7.7757064787e-08, 3.96573760497e-08, 1.38454424814e-07, 1.47825049979e-08, 1.85926687379e-08, 5.82576742403e-09, 3.45897355203e-09, 1.81125048293e-09, 2.72352118635e-09, 2.05265804354e-09, 2.22249441073e-09, 8.2164786086e-10, 5.3867116323e-10, 5.13762754561e-10, 2.27118018836e-10, 8.45404440897e-11, 8.1069345681e-11, 1.14419689001e-10, 5.69187648403e-11, 2.58907895123e-11, 3.05187715377e-11, 2.6181522228e-11, 1.37285911805e-11, 2.06700698224e-11, 8.6394095003e-12, 7.00019729682e-12, 5.69204492568e-12],
        "max": [0.0410275682807, 0.0479056984186, 0.0268024727702, 0.0126441121101, 0.00638216268271, 0.00892951246351, 0.00478437030688, 0.00317642628215, 0.00379756931216, 0.00284229940735, 0.00289926957339, 0.00218005268835, 0.00171685323585, 0.00270263664424, 0.00170438992791, 0.00319132232107, 0.0010188104352, 0.00119326740969, 0.000437126116594, 0.00047544966219, 0.000374419236323, 0.000534543127287, 0.00048069623881, 0.000431990454672, 0.00037468719529, 0.000229313096497, 0.000334967975505, 0.000167401798535, 8.64861576702e-05, 7.97064203653e-05, 8.44284149935e-05, 7.2853792517e-05, 4.68746402476e-05, 4.6314264182e-05, 4.48006830993e-05, 2.99481016555e-05, 4.01198449254e-05, 2.20775909838e-05, 2.35887182498e-05, 2.35638781305e-05],
        "mean": [0.00161509530153, 0.00166098272894, 0.000917654426303, 0.000575946760364, 0.000286571244942, 0.000457975955214, 0.000332569208695, 0.000173467415152, 0.000254476180999, 0.000219231937081, 0.000121571763884, 7.05484635546e-05, 6.08951959293e-05, 4.69343467557e-05, 3.91681460314e-05, 5.63251342101e-05, 3.17355334118e-05, 3.20244253089e-05, 2.52432710113e-05, 2.74249050563e-05, 2.11531205423e-05, 1.87626628758e-05, 2.18988079723e-05, 2.28327062359e-05, 1.26530248963e-05, 1.41380660352e-05, 1.78706668521e-05, 8.69330324349e-06, 3.12266047331e-06, 2.67021641776e-06, 2.42880696533e-06, 2.03939384846e-06, 1.98612042368e-06, 1.83339102477e-06, 1.7085806121e-06, 1.39077110362e-06, 1.68779024534e-06, 1.47723915234e-06, 1.00705051409e-06, 9.18231364722e-07],
        "median": [3.42842395185e-05, 4.66500932816e-05, 0.000150347783347, 0.000209481571801, 8.61126172822e-05, 0.000199661633815, 0.000148199047544, 3.51435373886e-05, 5.19780587638e-05, 7.2266360803e-05, 2.80769017991e-05, 1.17968793347e-05, 9.88680039882e-06, 5.77330411033e-06, 3.61121874448e-06, 5.11886037202e-06, 2.71117278317e-06, 2.96519760923e-06, 3.19098307955e-06, 3.45447801919e-06, 4.08301002608e-06, 4.41346537627e-06, 6.72096302878e-06, 7.21734568288e-06, 2.81221355181e-06, 4.55420695289e-06, 6.18082094661e-06, 2.03811191568e-06, 4.42172932935e-07, 3.49909868191e-07, 3.56577118055e-07, 3.66984778566e-07, 6.88092427481e-07, 7.4695310559e-07, 6.27233305295e-07, 4.55785709619e-07, 5.1489780617e-07, 5.26904329945e-07, 2.7974235195e-07, 2.13573386532e-07],
        "min": [1.05148855667e-23, 6.61294523782e-24, 7.25850719303e-24, 3.61214075801e-23, 1.61320729831e-23, 1.57669392468e-23, 6.58070370376e-24, 6.38813526262e-24, 3.7497497332e-24, 9.73284278632e-24, 8.73825090132e-24, 7.09671497681e-24, 4.69900972628e-24, 7.74294351948e-24, 9.35427948195e-24, 6.31115584891e-24, 6.5424845762e-24, 2.88186113693e-24, 1.18392733749e-23, 1.1050388015e-23, 8.54704048422e-24, 1.03534798924e-23, 1.12854078225e-23, 1.0296563578e-23, 7.29390338184e-24, 1.02959309116e-23, 1.53039646702e-23, 1.2029377809e-23, 1.03103102682e-23, 1.01164540116e-23, 1.13121557292e-23, 1.06271878052e-23, 9.57656234124e-24, 1.60051957506e-23, 1.3770597353e-23, 8.22160301752e-24, 1.00161811131e-23, 1.09243217315e-23, 1.09142960982e-23, 1.37999145797e-23],
        "var": [1.72701038537e-05, 2.56228140643e-05, 7.69590042182e-06, 1.7739193936e-06, 3.75697567279e-07, 5.25963741893e-07, 2.08445527505e-07, 1.17205992467e-07, 2.13357850498e-07, 1.3265356813e-07, 8.99129446452e-08, 3.46717250466e-08, 3.13140411379e-08, 3.42594930203e-08, 2.10219130992e-08, 5.19558831513e-08, 8.86153461721e-09, 9.01184282753e-09, 3.90261600813e-09, 3.36138805679e-09, 1.9214474456e-09, 1.92102178609e-09, 1.6946335446e-09, 1.81673198707e-09, 6.2220467667e-10, 5.75153535909e-10, 8.57397319809e-10, 3.10823228267e-10, 8.24169760216e-11, 6.45227482554e-11, 6.02409788719e-11, 4.27003744863e-11, 2.19314080785e-11, 1.67613440488e-11, 1.67268039697e-11, 1.07283982045e-11, 1.72404330395e-11, 7.28698091451e-12, 5.94216342797e-12, 5.00932628711e-12]
    },
    "mfcc": {
        "mean": [-682.986877441, 107.975517273, 11.4312896729, 16.846244812, 0.942894876003, -18.1787910461, -7.42713260651, 3.73673295975, -9.64673805237, 3.53612112999, -3.08975768089, -5.14856815338, -0.0374895371497],
        "cov": [[9153.44433594, -675.047363281, -1289.93725586, 277.937438965, 291.776672363, 156.418899536, 325.821350098, 284.239044189, 69.2651290894, 262.444488525, 87.2461929321, -7.88193273544, 39.7644538879], [-675.047363281, 1195.19152832, 46.131477356, 41.3296852112, 38.9847412109, -21.2090740204, 109.901237488, 109.714683533, -45.4277534485, 109.215682983, 121.129478455, 3.57102274895, 9.4872303009], [-1289.93725586, 46.131477356, 1023.29968262, 165.561416626, -18.976026535, 137.11378479, -40.8777999878, -96.4792327881, 81.9166412354, -70.7941589355, 3.12970232964, 111.79524231, -2.62052440643], [277.937438965, 41.3296852112, 165.561416626, 745.592224121, 251.87399292, 54.8484649658, 83.0901184082, 90.2363891602, 91.6496353149, 49.4062385559, -6.83351564407, 86.8409805298, 70.1380462646], [291.776672363, 38.9847412109, -18.976026535, 251.87399292, 356.853302002, 66.9773635864, 19.4846973419, 45.5681800842, 66.9491729736, 57.7733573914, 6.01168727875, 28.5853881836, 32.2486839294], [156.418899536, -21.2090740204, 137.11378479, 54.8484649658, 66.9773635864, 430.476104736, 192.482147217, 1.5438195467, 169.351364136, 26.0116672516, 80.7850112915, 74.1887893677, -51.5157051086], [325.821350098, 109.901237488, -40.8777999878, 83.0901184082, 19.4846973419, 192.482147217, 323.092407227, 81.220664978, 87.7197570801, 59.6712226868, 89.5130157471, 50.6046485901, -4.14395713806], [284.239044189, 109.714683533, -96.4792327881, 90.2363891602, 45.5681800842, 1.5438195467, 81.220664978, 221.995803833, 24.5456085205, 81.3882675171, 69.2266387939, 9.41936206818, 38.9630088806], [69.2651290894, -45.4277534485, 81.9166412354, 91.6496353149, 66.9491729736, 169.351364136, 87.7197570801, 24.5456085205, 221.985961914, 72.836151123, 38.0030097961, 56.8906784058, -28.3271446228], [262.444488525, 109.215682983, -70.7941589355, 49.4062385559, 57.7733573914, 26.0116672516, 59.6712226868, 81.3882675171, 72.836151123, 175.231170654, 69.9717636108, 11.7473287582, 13.1298465729], [87.2461929321, 121.129478455, 3.12970232964, -6.83351564407, 6.01168727875, 80.7850112915, 89.5130157471, 69.2266387939, 38.0030097961, 69.9717636108, 146.106170654, 35.2029418945, -0.592248916626], [-7.88193273544, 3.57102274895, 111.79524231, 86.8409805298, 28.5853881836, 74.1887893677, 50.6046485901, 9.41936206818, 56.8906784058, 11.7473287582, 35.2029418945, 125.904899597, 27.8751621246], [39.7644538879, 9.4872303009, -2.62052440643, 70.1380462646, 32.2486839294, -51.5157051086, -4.14395713806, 38.9630088806, -28.3271446228, 13.1298465729, -0.592248916626, 27.8751621246, 113.218292236]],
