{
"lowlevel": {
    "average_loudness": 0.920728564262,
    "barkbands_crest": {
        "dmean": 2.50206232071,
        "dmean2": 3.9537024498,
        "dvar": 4.67532300949,
        "dvar2": 10.9701156616,
        "max": 26.263343811,
        "mean": 13.2352571487,
        "median": 12.1648178101,
        "min": 4.80568981171,
        "var": 22.8217086792
    },
    "barkbands_flatness_db": {
        "dmean": 0.0210160557181,
        "dmean2": 0.03139225021,
        "dvar": 0.00040795278619,
        "dvar2": 0.000822884088848,
        "max": 0.455099284649,
        "mean": 0.28867071867,
        "median": 0.288702368736,
        "min": 0.0282525978982,
        "var": 0.00271819275804
    },
    "barkbands_kurtosis": {
        "dmean": 6.65075206757,
        "dmean2": 10.2231178284,
        "dvar": 167.603973389,
        "dvar2": 316.168243408,
        "max": 401.549102783,
        "mean": 14.3396883011,
        "median": 7.27768802643,
        "min": -1.89700937271,
        "var": 662.609680176
    },
    "barkbands_skewness": {
        "dmean": 0.671864569187,
        "dmean2": 1.00611555576,
        "dvar": 0.601444125175,
        "dvar2": 1.21869540215,
        "max": 16.0531330109,
        "mean": 2.07617688179,
        "median": 1.67982435226,
        "min": -1.89539432526,
        "var": 3.08487892151
    },
    "barkbands_spread": {
        "dmean": 1.51908099651,
        "dmean2": 2.13035821915,
        "dvar": 12.8990440369,
        "dvar2": 20.7343521118,
        "max": 85.9262924194,
        "mean": 4.94059944153,
        "median": 3.71840929985,
        "min": 0.213187858462,
        "var": 36.7360572815
    },
    "dissonance": {
        "dmean": 0.0428038835526,
        "dmean2": 0.0711235702038,
        "dvar": 0.00135580589995,
        "dvar2": 0.00363661232404,
        "max": 0.498474270105,
        "mean": 0.379543453455,
        "median": 0.385023146868,
        "min": 0.159020081162,
        "var": 0.00360968965106
    },
    "dynamic_complexity": 4.28937673569,
    "erbbands_crest": {
        "dmean": 3.06168699265,
        "dmean2": 4.90547561646,
        "dvar": 7.75876283646,
        "dvar2": 19.652048111,
        "max": 29.2747802734,
        "mean": 14.6445035934,
        "median": 13.5633649826,
        "min": 2.23261117935,
        "var": 31.4577960968
    },
    "erbbands_flatness_db": {
        "dmean": 0.0179826356471,
        "dmean2": 0.0260398406535,
        "dvar": 0.0003272742033,
        "dvar2": 0.000594436365645,
        "max": 0.440120756626,
        "mean": 0.276988714933,
        "median": 0.275662899017,
        "min": 0.0602057091892,
        "var": 0.00233607692644
    },
    "erbbands_kurtosis": {
        "dmean": 3.09319734573,
        "dmean2": 4.83035373688,
        "dvar": 22.3291854858,
        "dvar2": 47.3992881775,
        "max": 85.967376709,
        "mean": 6.12473201752,
        "median": 3.39367389679,
        "min": -1.84802424908,
        "var": 73.392906189
    },
    "erbbands_skewness": {
        "dmean": 0.499026566744,
        "dmean2": 0.742526292801,
        "dvar": 0.242233708501,
        "dvar2": 0.489305078983,
        "max": 7.9948964119,
        "mean": 1.67467701435,
        "median": 1.51219785213,
        "min": -1.8199224472,
        "var": 1.49661278725
    },
    "erbbands_spread": {
        "dmean": 4.16253614426,
        "dmean2": 6.25299930573,
        "dvar": 67.6656951904,
        "dvar2": 138.043869019,
        "max": 127.250801086,
        "mean": 15.0149469376,
        "median": 11.6740026474,
        "min": 1.59793365002,
        "var": 203.997756958
    },
    "hfc": {
        "dmean": 1.98196160793,
        "dmean2": 2.70012331009,
        "dvar": 11.2886180878,
        "dvar2": 19.280292511,
        "max": 83.7559509277,
        "mean": 7.4897441864,
        "median": 4.89787912369,
        "min": 1.20346361737e-16,
        "var": 71.8473052979
    },
    "melbands_crest": {
        "dmean": 3.04043483734,
        "dmean2": 4.88947153091,
        "dvar": 7.05040168762,
        "dvar2": 18.447725296,
        "max": 33.1456336975,
        "mean": 16.0636367798,
        "median": 14.724943161,
        "min": 1.9043995142,
        "var": 30.9154033661
    },
    "melbands_flatness_db": {
        "dmean": 0.0229070838541,
        "dmean2": 0.0333756804466,
        "dvar": 0.000575407873839,
        "dvar2": 0.00102937570773,
        "max": 0.572587370872,
        "mean": 0.379539459944,
        "median": 0.381074905396,
        "min": 0.00513124698773,
        "var": 0.00395365431905
    },
    "melbands_kurtosis": {
        "dmean": 7.24939775467,
        "dmean2": 11.1820955276,
        "dvar": 148.673095703,
        "dvar2": 320.623352051,
        "max": 236.549942017,
        "mean": 16.3535709381,
        "median": 8.89036941528,
        "min": -1.48150765896,
        "var": 552.922546387
    },
    "melbands_skewness": {
        "dmean": 0.665756106377,
        "dmean2": 1.01946687698,
        "dvar": 0.60186958313,
        "dvar2": 1.34283769131,
        "max": 10.9107990265,
        "mean": 2.17344737053,
        "median": 1.77336025238,
        "min": -0.888721525669,
        "var": 2.57465863228
    },
    "melbands_spread": {
        "dmean": 1.81872653961,
        "dmean2": 2.68490409851,
        "dvar": 42.2608985901,
        "dvar2": 81.8512878418,
        "max": 133.349121094,
        "mean": 5.93760967255,
        "median": 4.66937541962,
        "min": 0.467699050903,
        "var": 51.884437561
    },
    "pitch_salience": {
        "dmean": 0.0693280100822,
        "dmean2": 0.111032307148,
        "dvar": 0.0036843358539,
        "dvar2": 0.00938133243471,
        "max": 0.827922582626,
        "mean": 0.531807601452,
        "median": 0.555447340012,
        "min": 0.134498342872,
        "var": 0.018497094512
    },
    "silence_rate_20dB": {
        "dmean": 0,
        "dmean2": 0,
        "dvar": 0,
        "dvar2": 0,
        "max": 1,
        "mean": 1,
        "median": 1,
        "min": 1,
        "var": 0
    },
    "silence_rate_30dB": {
        "dmean": 0.00464396271855,
        "dmean2": 0.00929511990398,
        "dvar": 0.00462236069143,
        "dvar2": 0.00920882821083,
        "max": 1,
        "mean": 0.991492629051,
        "median": 1,
        "min": 0,
        "var": 0.00843501463532
    },
    "silence_rate_60dB": {
        "dmean": 0.0232198145241,
        "dmean2": 0.0464756004512,
        "dvar": 0.0226809065789,
        "dvar2": 0.0505119226873,
        "max": 1,
        "mean": 0.0897138416767,
        "median": 0,
        "min": 0,
        "var": 0.0816656798124
    },
    "spectral_centroid": {
        "dmean": 67.0183105469,
        "dmean2": 95.0398254395,
        "dvar": 115035.828125,
        "dvar2": 130253.375,
        "max": 11580.4560547,
        "mean": 443.792724609,
        "median": 383.372314453,
        "min": 143.299621582,
        "var": 158692.6875
    },
    "spectral_complexity": {
        "dmean": 1.31578946114,
        "dmean2": 2.0960495472,
        "dvar": 1.64950311184,
        "dvar2": 3.52603054047,
        "max": 22,
        "mean": 7.62722349167,
        "median": 7,
        "min": 0,
        "var": 11.5795211792
    },
    "spectral_decrease": {
        "dmean": 1.52159451705e-09,
        "dmean2": 2.09630712789e-09,
        "dvar": 5.65489866217e-18,
        "dvar2": 1.07184599665e-17,
        "max": -1.71559243954e-30,
        "mean": -5.35054400785e-09,
        "median": -3.71458397375e-09,
        "min": -5.94664015807e-08,
        "var": 3.08267450288e-17
    },
    "spectral_energy": {
        "dmean": 0.00590581959113,
        "dmean2": 0.00813074596226,
        "dvar": 8.55369362398e-05,
        "dvar2": 0.000161513875355,
        "max": 0.232036679983,
        "mean": 0.0208734739572,
        "median": 0.0144581347704,
        "min": 1.09222567902e-20,
        "var": 0.000469708844321
    },
    "spectral_energyband_high": {
        "dmean": 1.83238553291e-05,
        "dmean2": 2.60182041529e-05,
        "dvar": 9.44100086997e-09,
        "dvar2": 2.02915106939e-08,
        "max": 0.00203273375519,
        "mean": 3.14538920065e-05,
        "median": 3.92148831452e-06,
        "min": 7.99765633699e-21,
        "var": 2.02305763253e-08
    },
    "spectral_energyband_low": {
        "dmean": 0.00185614603106,
        "dmean2": 0.00270027620718,
        "dvar": 1.2897178749e-05,
        "dvar2": 2.77973540506e-05,
        "max": 0.0482296049595,
        "mean": 0.00350969750434,
        "median": 0.0011574330274,
        "min": 8.21004588972e-23,
        "var": 3.2092902984e-05
    },
    "spectral_energyband_middle_high": {
        "dmean": 0.000409976608353,
        "dmean2": 0.000556570652407,
        "dvar": 1.05324568267e-06,
        "dvar2": 1.8052037376e-06,
        "max": 0.0300630889833,
        "mean": 0.00118522846606,
        "median": 0.000310525269015,
        "min": 1.44521569561e-21,
        "var": 7.18210412742e-06
    },
    "spectral_energyband_middle_low": {
        "dmean": 0.00506691262126,
        "dmean2": 0.00722700962797,
        "dvar": 7.58335663704e-05,
        "dvar2": 0.000148865030496,
        "max": 0.228891506791,
        "mean": 0.0166542809457,
        "median": 0.0102737015113,
        "min": 2.68856064864e-22,
        "var": 0.00039596753777
    },
    "spectral_entropy": {
        "dmean": 0.197836428881,
        "dmean2": 0.284377932549,
        "dvar": 0.0444563440979,
        "dvar2": 0.0761332139373,
        "max": 9.79500293732,
        "mean": 6.02424240112,
        "median": 6.01047897339,
        "min": 4.51985502243,
        "var": 0.293065011501
    },
    "spectral_flux": {
        "dmean": 0.0183612592518,
        "dmean2": 0.0285970922559,
        "dvar": 0.000389021995943,
        "dvar2": 0.000832143647131,
        "max": 0.328424721956,
        "mean": 0.0561065040529,
        "median": 0.0488890595734,
        "min": 1.04509602361e-10,
        "var": 0.00130324985366
    },
    "spectral_kurtosis": {
        "dmean": 9.55490493774,
        "dmean2": 16.2102775574,
        "dvar": 65.8100280762,
        "dvar2": 186.186920166,
        "max": 102.962242126,
        "mean": 26.5205459595,
        "median": 22.8727703094,
        "min": -1.19229865074,
        "var": 283.145965576
    },
    "spectral_rms": {
        "dmean": 0.000594102311879,
        "dmean2": 0.00081605638843,
        "dvar": 4.09192921325e-07,
        "dvar2": 7.2476115065e-07,
        "max": 0.0150458384305,
        "mean": 0.0040325797163,
        "median": 0.00375572848134,
        "min": 3.26433151343e-12,
        "var": 4.10267739426e-06
    },
    "spectral_rolloff": {
        "dmean": 113.565582275,
        "dmean2": 172.315063477,
        "dvar": 598363.25,
        "dvar2": 785247.125,
        "max": 18669.2871094,
        "mean": 521.492248535,
        "median": 409.130859375,
        "min": 107.666015625,
        "var": 685717.5625
    },
    "spectral_skewness": {
        "dmean": 0.682481706142,
        "dmean2": 1.11822271347,
        "dvar": 0.284421771765,
        "dvar2": 0.769210100174,
        "max": 8.56328964233,
        "mean": 3.762778759,
        "median": 3.67668366432,
        "min": -0.057635217905,
        "var": 1.79068088531
    },
    "spectral_spread": {
        "dmean": 392175.96875,
        "dmean2": 578768.125,
        "dvar": 1.02042271744e+12,
        "dvar2": 972526256128,
        "max": 39181076,
        "mean": 2268630.5,
        "median": 1970048,
        "min": 903749.4375,
        "var": 2.83099345715e+12
    },
    "spectral_strongpeak": {
        "dmean": 0.332761138678,
        "dmean2": 0.518534898758,
        "dvar": 0.174814522266,
        "dvar2": 0.335948169231,
        "max": 6.39014911652,
        "mean": 1.01003134251,
        "median": 0.678181767464,
        "min": 2.12492046181e-09,
        "var": 0.909748136997
    },
    "zerocrossingrate": {
        "dmean": 0.00364774814807,
        "dmean2": 0.00414263689891,
        "dvar": 0.000323532469338,
        "dvar2": 0.000300958752632,
        "max": 0.49951171875,
        "mean": 0.0212645921856,
        "median": 0.017578125,
        "min": 0.005859375,
        "var": 0.000534573395271
    },
    "barkbands": {
        "dmean": [1.19534533951e-05, 0.000970415654592, 0.000904460786842, 0.000557765015401, 0.00214614020661, 0.00275117531419, 0.00122636056039, 0.000402376113925, 0.000192290797713, 0.000275919242995, 9.33661649469e-05, 0.000138127114042, 7.29558814783e-05, 2.62073281192e-05, 3.18237580359e-05, 1.08435033326e-05, 8.64333651407e-06, 1.14945969472e-05, 6.58808585285e-06, 7.30432975615e-06, 6.79954564475e-06, 1.92731727111e-06, 2.1241282866e-06, 4.31863418271e-06, 1.01397813523e-06, 5.87779602768e-08, 5.43639178119e-09],
        "dmean2": [2.07403991226e-05, 0.00152586598415, 0.00136284402106, 0.000895803619642, 0.0033024426084, 0.00399411935359, 0.00167756446172, 0.00055849715136, 0.00028971710708, 0.000418912997702, 0.000121861769003, 0.000201889124583, 0.000100237062725, 3.69781664631e-05, 4.47699931101e-05, 1.59890259965e-05, 1.27858329506e-05, 1.76212215592e-05, 1.01235036709e-05, 1.04063501567e-05, 1.07597106762e-05, 2.90416414828e-06, 3.00411716125e-06, 6.8707945502e-06, 1.53972041517e-06, 7.41499519563e-08, 9.05999630874e-09],
        "dvar": [1.12416942422e-09, 4.93884954267e-06, 3.64958941645e-06, 1.5189249325e-06, 9.80095137493e-06, 5.25242867297e-05, 9.36264041229e-06, 2.61717218564e-06, 5.09045833041e-07, 8.5765248059e-07, 3.08871875632e-07, 2.32385772847e-07, 1.9511620053e-07, 1.65070535019e-08, 1.00496393429e-08, 8.29707413885e-10, 4.27726437602e-10, 6.40055231038e-10, 3.7205011294e-10, 1.29533661575e-09, 1.23773002958e-09, 1.40550612815e-10, 1.92545812627e-10, 3.41512085278e-09, 7.58434079429e-11, 9.79919541778e-14, 4.25958496084e-16],
        "dvar2": [3.37364247649e-09, 1.14248541649e-05, 8.14188933873e-06, 3.38486552209e-06, 2.37120057136e-05, 0.0001031636275, 1.4966287381e-05, 4.2504002522e-06, 9.12929124297e-07, 2.12455643123e-06, 2.82622693248e-07, 4.79206335058e-07, 3.90722675547e-07, 2.60503902894e-08, 1.91560918239e-08, 1.69304081865e-09, 8.2439538529e-10, 1.53172297068e-09, 8.66915761399e-10, 2.77008860294e-09, 2.86424239881e-09, 3.09041542357e-10, 3.25221294339e-10, 9.1300016436e-09, 1.41444814195e-10, 1.16188498709e-13, 1.1024506503e-15],
        "max": [0.000448146660347, 0.0289554018527, 0.0345334112644, 0.0206831283867, 0.0421268753707, 0.204463794827, 0.0886776298285, 0.0450825020671, 0.0198582466692, 0.0182614270598, 0.0265280324966, 0.00942666828632, 0.0121859908104, 0.00365493539721, 0.00186844973359, 0.000633281946648, 0.000409845873946, 0.000349609850673, 0.000420592317823, 0.00115069374442, 0.000844733789563, 0.000341856968589, 0.000396710936911, 0.0016608601436, 0.000254907790804, 1.13998003144e-05, 5.39237930752e-07],
        "mean": [1.27385810629e-05, 0.00154471315909, 0.00157856498845, 0.000808312848676, 0.00499834958464, 0.00671919761226, 0.00253822817467, 0.000971833476797, 0.000364717299817, 0.000589540228248, 0.000185510027222, 0.000229373486945, 0.000122097582789, 5.47358504264e-05, 5.41262379556e-05, 2.07089833566e-05, 1.43459328683e-05, 1.91443887161e-05, 1.18857342386e-05, 1.20710174087e-05, 1.07323639895e-05, 3.03425554193e-06, 3.21730863106e-06, 4.4738503675e-06, 1.74668252839e-06, 1.32404565534e-07, 9.70706892645e-09],
        "median": [2.77936101156e-06, 0.00031069322722, 0.000315149431117, 0.000236643769313, 0.00289087696001, 0.00221157120541, 0.000594114302658, 9.68830063357e-05, 0.000104353355709, 7.27804435883e-05, 2.33166720136e-05, 3.37431665685e-05, 1.22454166558e-05, 4.17211231252e-06, 8.08214099379e-06, 4.77260664411e-06, 3.92807987737e-06, 3.31136152454e-06, 2.42556916419e-06, 1.07605808353e-06, 1.16570913633e-06, 3.32570550654e-07, 3.09191364067e-07, 2.50295840942e-07, 1.17255623877e-07, 5.11526074831e-08, 6.93033275212e-09],
        "min": [1.54185435612e-23, 1.89746023042e-23, 4.34861593487e-23, 1.74716266422e-23, 4.75992864194e-23, 4.21939168335e-23, 2.61822398017e-23, 7.4904286704e-23, 5.2707675118e-23, 6.67102811964e-23, 1.04323207023e-22, 8.73103171963e-23, 1.03949299575e-22, 9.87924716617e-23, 2.14310334371e-22, 1.61825260023e-22, 9.07268927095e-23, 2.55834634513e-22, 1.76624909072e-22, 2.56065057628e-22, 5.2051990973e-22, 6.15365729216e-22, 6.40278385743e-22, 8.74224692356e-22, 1.42289151259e-21, 2.00600386222e-21, 1.97382318405e-21],
        "var": [1.08464504045e-09, 9.55013365456e-06, 8.97427344171e-06, 2.98894156003e-06, 3.61105267075e-05, 0.000209267163882, 3.5300552554e-05, 9.89755790215e-06, 1.73180262664e-06, 2.9418217764e-06, 1.58072555223e-06, 3.91213063722e-07, 3.22327224467e-07, 6.93433293009e-08, 2.38487345428e-08, 2.41511499688e-09, 1.0261002048e-09, 1.42564537953e-09, 8.26409385368e-10, 3.39781314196e-09, 2.79278267179e-09, 2.70425376536e-10, 3.99683008911e-10, 2.48940623671e-09, 2.12201839433e-10, 3.56898240345e-13, 5.0648583897e-16]
    },
    "erbbands": {
        "dmean": [0.0164363142103, 0.261932998896, 0.950995862484, 1.39193940163, 3.98705077171, 8.53638458252, 15.4157466888, 24.5586338043, 19.3846855164, 11.953877449, 8.29844665527, 4.4784412384, 8.88925647736, 5.86382627487, 2.82736945152, 5.64655256271, 3.10374927521, 1.5631415844, 1.69292891026, 1.05848062038, 0.50621342659, 0.408896714449, 0.571480989456, 0.409986078739, 0.248192921281, 0.351887255907, 0.314507395029, 0.207419902086, 0.0715426802635, 0.0712472200394, 0.0595787502825, 0.11080403626, 0.04690201208, 0.0180320627987, 0.00380025664344, 0.000461872899905, 8.78131686477e-05, 1.69780651049e-05, 2.91741594083e-06, 6.53584356769e-06],
        "dmean2": [0.0247729402035, 0.409932494164, 1.41872739792, 2.13900613785, 6.37632608414, 13.3040685654, 23.6155090332, 34.075088501, 27.1901435852, 16.2873210907, 11.7447538376, 6.64841413498, 13.9654340744, 7.47815036774, 3.99525308609, 8.30880737305, 4.34405469894, 2.12820124626, 2.31401062012, 1.51316988468, 0.728872299194, 0.589622080326, 0.884622097015, 0.609081685543, 0.353077977896, 0.486429303885, 0.479592502117, 0.334261476994, 0.106017023325, 0.10330928117, 0.0857008546591, 0.182896897197, 0.0671524330974, 0.0266042593867, 0.00470205256715, 0.000584731635172, 0.000118380310596, 2.44250550168e-05, 4.04633510698e-06, 9.00286249816e-06],
        "dvar": [0.00181234569754, 0.344660162926, 4.02648067474, 9.57562828064, 43.9715003967, 213.964736938, 2417.53320312, 6021.79199219, 2011.18188477, 1043.49084473, 1679.33129883, 393.160858154, 1054.75939941, 622.931091309, 88.2419204712, 429.514282227, 274.610137939, 60.6073570251, 47.2362632751, 9.66233730316, 1.97264075279, 1.07447719574, 1.85346782207, 1.41304552555, 0.598482191563, 2.92518877983, 2.2167994976, 1.22147023678, 0.189783334732, 0.180674031377, 0.184387803078, 2.88547205925, 0.178713530302, 0.0234614051878, 0.00086698535597, 7.74998534325e-06, 2.48488447596e-07, 6.36635011375e-09, 2.09992856437e-11, 1.04464957518e-10],
        "dvar2": [0.00390035286546, 0.800409197807, 8.95948219299, 19.7273025513, 116.901901245, 503.479034424, 5792.56835938, 10329.9091797, 3315.10375977, 1719.75854492, 2734.88525391, 670.008056641, 2949.16723633, 701.348754883, 173.283004761, 802.925415039, 474.407714844, 121.757209778, 94.4046859741, 19.430065155, 3.67619132996, 1.85289216042, 4.59238815308, 3.33448028564, 1.0428866148, 5.87793636322, 4.3822927475, 2.87987852097, 0.423592835665, 0.379880696535, 0.33933147788, 7.93800926208, 0.403208941221, 0.0425357557833, 0.00121689238586, 1.12606721814e-05, 3.66635731552e-07, 8.77770567342e-09, 3.80987706661e-11, 1.96493987747e-10],
        "max": [0.789997696877, 6.88931798935, 25.5873584747, 59.6081352234, 95.9053497314, 242.884490967, 1308.8046875, 2480.953125, 880.808532715, 937.173461914, 1201.14257812, 605.801025391, 726.203308105, 1143.09362793, 232.072479248, 485.404632568, 475.919891357, 204.825332642, 146.491256714, 57.8044319153, 43.4155769348, 22.8984508514, 20.0426578522, 24.2766838074, 20.0999851227, 55.2089538574, 40.8144378662, 24.2144641876, 12.7919006348, 12.5959711075, 10.4001226425, 47.5430221558, 11.5902137756, 4.35864305496, 0.971087634563, 0.0896223783493, 0.0166070517153, 0.00270390836522, 0.000109058899397, 0.000257635605522],
        "mean": [0.0267563406378, 0.422845423222, 1.68173372746, 2.42052149773, 7.40159463882, 19.0884952545, 39.5783576965, 54.2006645203, 45.751953125, 23.3772735596, 20.1077213287, 9.82749557495, 17.2443141937, 15.4205369949, 5.36311340332, 9.84142208099, 5.83965539932, 3.16382074356, 3.10714125633, 1.93588221073, 1.13232505322, 0.818618535995, 1.02470314503, 0.799102544785, 0.472016453743, 0.589338541031, 0.557206273079, 0.320791810751, 0.112926878035, 0.106508426368, 0.0868425220251, 0.105280414224, 0.0612554587424, 0.0302383266389, 0.00643967138603, 0.000911472132429, 0.000213630715734, 4.39165269199e-05, 1.09453594632e-05, 2.32929451158e-05],
        "median": [0.00395003613085, 0.0967843979597, 0.422826826572, 0.819604098797, 3.51146221161, 10.9500522614, 13.7606744766, 15.5087194443, 10.7319660187, 7.38810253143, 2.90958285332, 3.22783207893, 2.90039753914, 2.07531452179, 1.1949352026, 1.42317414284, 0.868850767612, 0.368302404881, 0.369128704071, 0.38776615262, 0.31013995409, 0.243563175201, 0.238313242793, 0.170530170202, 0.0914881080389, 0.0574663281441, 0.0599603578448, 0.0324849784374, 0.0115467058495, 0.0146531015635, 0.00707910535857, 0.00619423715398, 0.00331421545707, 0.0016440267209, 0.000614625227172, 0.000221731810598, 0.000100293924334, 2.59415373876e-05, 7.87302724348e-06, 1.60368654178e-05],
        "min": [5.5479469175e-22, 4.76226579068e-21, 3.86098021578e-20, 7.17225432431e-20, 1.12590125189e-19, 1.63843037274e-19, 2.30723911446e-19, 2.9013628819e-19, 2.47131478336e-19, 1.65955643634e-18, 7.34851177869e-19, 1.20734403329e-18, 1.55264437614e-18, 3.4164412183e-18, 3.85603311995e-18, 3.68472442868e-18, 4.39860569914e-18, 5.8621165046e-18, 7.56889120204e-18, 1.20321228681e-17, 6.20691764396e-18, 5.93628606781e-18, 1.23601835262e-17, 1.08839175957e-17, 9.18953075511e-18, 1.30331561659e-17, 2.44348259593e-17, 1.49397024259e-17, 1.68006189217e-17, 2.52192330624e-17, 1.65508864774e-17, 1.58259586234e-17, 1.58406046833e-17, 1.16029418616e-17, 1.24119675141e-17, 7.49113374292e-18, 3.54744594781e-18, 1.22848118628e-18, 2.76455444641e-19, 2.98161161516e-20],
        "var": [0.00423965975642, 0.661373913288, 9.86415481567, 20.3482570648, 139.121551514, 676.239929199, 6854.11279297, 21050.6699219, 10055.6933594, 2482.28076172, 6075.921875, 1476.35241699, 1943.83508301, 6059.02001953, 234.450378418, 819.34552002, 525.715148926, 170.546554565, 115.545875549, 25.9009971619, 7.87597036362, 2.99266004562, 3.74003124237, 3.23353600502, 1.78540754318, 7.5725979805, 7.22513961792, 2.66060376167, 0.371237486601, 0.334769546986, 0.327597141266, 1.92544782162, 0.21905182302, 0.0664187893271, 0.00257432810031, 2.528004552e-05, 7.7179430491e-07, 2.10672865819e-08, 1.14154269371e-10, 5.79565395675e-10]
    },
    "gfcc": {
        "mean": [-142.701080322, 174.670944214, -92.1822128296, 4.88856220245, -59.2209777832, -16.5137844086, -38.7406272888, -9.83298301697, -21.6103992462, -9.46797943115, -4.20836877823, -3.55095505714, -1.72344589233],
        "cov": [[8350.89941406, 328.381072998, -1152.71179199, 254.640365601, -380.863983154, -6.04222106934, 78.1965484619, -6.61959409714, 46.4130439758, -87.0079421997, 218.540847778, -143.211685181, 57.7077827454], [328.381072998, 771.471435547, 70.1920623779, -224.832839966, 336.052642822, 27.8425350189, 115.733055115, -6.45721483231, 116.204032898, -2.89300298691, 16.2079315186, -17.2204875946, -43.0695114136], [-1152.71179199, 70.1920623779, 746.07232666, 116.724975586, 72.4008026123, 145.202819824, 65.1643371582, 88.3284606934, 11.1848344803, -23.6408748627, -50.4571228027, 49.2320556641, 21.109167099], [254.640365601, -224.832839966, 116.724975586, 514.709716797, 4.32771015167, 21.1638813019, 45.9253959656, 22.9337215424, 30.2290019989, 49.4287338257, 2.85642623901, 3.45693421364, 26.856470108], [-380.863983154, 336.052642822, 72.4008026123, 4.32771015167, 420.390472412, 38.6796264648, 8.38483810425, 17.7493972778, 114.530151367, 71.7495346069, -32.3200378418, -19.9245967865, -53.8951187134], [-6.04222106934, 27.8425350189, 145.202819824, 21.1638813019, 38.6796264648, 283.592803955, 87.8181838989, 18.5076389313, 8.11511898041, 37.59400177, -9.39796829224, -17.548084259, -38.7315979004], [78.1965484619, 115.733055115, 65.1643371582, 45.9253959656, 8.38483810425, 87.8181838989, 215.983535767, 80.9913024902, 19.5212154388, -4.3746638298, 34.5370674133, 21.3495979309, 4.32578849792], [-6.61959409714, -6.45721483231, 88.3284606934, 22.9337215424, 17.7493972778, 18.5076389313, 80.9913024902, 218.794281006, 34.4844818115, -52.11510849, 15.4732160568, 31.6092720032, 19.22889328], [46.4130439758, 116.204032898, 11.1848344803, 30.2290019989, 114.530151367, 8.11511898041, 19.5212154388, 34.4844818115, 135.858062744, 55.0217323303, -15.9105176926, -3.04701018333, -6.00272846222], [-87.0079421997, -2.89300298691, -23.6408748627, 49.4287338257, 71.7495346069, 37.59400177, -4.3746638298, -52.11510849, 55.0217323303, 150.97668457, -7.7656621933, -29.9049682617, -17.7354698181], [218.540847778, 16.2079315186, -50.4571228027, 2.85642623901, -32.3200378418, -9.39796829224, 34.5370674133, 15.4732160568, -15.9105176926, -7.7656621933, 139.134750366, 33.1713447571, -4.94116735458], [-143.211685181, -17.2204875946, 49.2320556641, 3.45693421364, -19.9245967865, -17.548084259, 21.3495979309, 31.6092720032, -3.04701018333, -29.9049682617, 33.1713447571, 97.1009292603, 23.731256485], [57.7077827454, -43.0695114136, 21.109167099, 26.856470108, -53.8951187134, -38.7315979004, 4.32578849792, 19.22889328, -6.00272846222, -17.7354698181, -4.94116735458, 23.731256485, 86.2643203735]],
        "icov": [[0.000313778378768, -0.000888732261956, 0.000684074242599, -0.000717720598914, 0.000893093936611, -0.000539609696716, 0.00067824620055, -0.000478367321193, 9.89717500488e-06, 7.04553021933e-05, -0.000123149642604, 0.000203113188036, -0.000257014733506], [-0.000888732261956, 0.00706222373992, -0.00264508579858, 0.00430640345439, -0.0059849889949, 0.00232285447419, -0.00542078539729, 0.00409463746473, -0.00301942834631, 0.00261783949099, -0.00134158460423, 0.00135783920996, -3.23930034938e-05], [0.000684074242599, -0.00264508579858, 0.0034335560631, -0.00230195303448, 0.00207791500725, -0.00231521879323, 0.00210542744026, -0.00190852722153, 0.000836126739159, 6.32255687378e-05, 0.000837558647618, -0.000963700935245, -0.000938960933127], [-0.000717720598914, 0.00430640345439, -0.00230195303448, 0.00497052492574, -0.00360661535524, 0.00181281880941, -0.00366942118853, 0.00234324601479, -0.00171192502603, 0.000326718145516, -0.000743570621125, 0.000732344051357, -0.000427655875683], [0.000893093936611, -0.0059849889949, 0.00207791500725, -0.00360661535524, 0.00871885474771, -0.00196499959566, 0.0046292534098, -0.00359789794311, -0.000246779236477, -0.00263650505804, 0.00135652115569, -0.000832214544062, 0.00191104202531], [-0.000539609696716, 0.00232285447419, -0.00231521879323, 0.00181281880941, -0.00196499959566, 0.00629909243435, -0.00389862037264, 0.00120130530559, 0.00015006189642, -0.0011204025941, 0.000354811258148, 0.000823606620543, 0.00262499088421], [0.00067824620055, -0.00542078539729, 0.00210542744026, -0.00366942118853, 0.0046292534098, -0.00389862037264, 0.0107776885852, -0.00505168130621, 0.00176552613266, -0.00190248747822, -0.00044393769349, -0.00159520527814, -0.000660493969917], [-0.000478367321193, 0.00409463746473, -0.00190852722153, 0.00234324601479, -0.00359789794311, 0.00120130530559, -0.00505168130621, 0.00919546000659, -0.00445504719391, 0.00471783522516, -0.00139540422242, 0.000527511059772, -0.000968116160948], [9.89717500488e-06, -0.00301942834631, 0.000836126739159, -0.00171192502603, -0.000246779236477, 0.00015006189642, 0.00176552613266, -0.00445504719391, 0.0140803456306, -0.00619329512119, 0.00247003347613, -0.00217373133637, 7.78985559009e-05], [7.04553021933e-05, 0.00261783949099, 6.32255687378e-05, 0.000326718145516, -0.00263650505804, -0.0011204025941, -0.00190248747822, 0.00471783522516, -0.00619329512119, 0.0124080395326, -0.00193653709721, 0.00315303681418, -0.000822045025416], [-0.000123149642604, -0.00134158460423, 0.000837558647618, -0.000743570621125, 0.00135652115569, 0.000354811258148, -0.00044393769349, -0.00139540422242, 0.00247003347613, -0.00193653709721, 0.00975052639842, -0.00433646049351, 0.00230442592874], [0.000203113188036, 0.00135783920996, -0.000963700935245, 0.000732344051357, -0.000832214544062, 0.000823606620543, -0.00159520527814, 0.000527511059772, -0.00217373133637, 0.00315303681418, -0.00433646049351, 0.0146806072444, -0.00342789199203], [-0.000257014733506, -3.23930034938e-05, -0.000938960933127, -0.000427655875683, 0.00191104202531, 0.00262499088421, -0.000660493969917, -0.000968116160948, 7.78985559009e-05, -0.000822045025416, 0.00230442592874, -0.00342789199203, 0.0156438313425]]
    },
    "melbands": {
        "dmean": [0.000212492523133, 0.000439522438683, 0.000278884865111, 0.000462442490971, 0.000478059460875, 0.000527577183675, 0.000293330725981, 0.000122523357277, 5.93903605477e-05, 2.87743932859e-05, 4.49382496299e-05, 2.47133284574e-05, 9.84841244644e-06, 1.43839379234e-05, 1.32128416226e-05, 5.13272425451e-06, 2.89281183541e-06, 2.71239355243e-06, 2.30763839681e-06, 9.25859637846e-07, 5.7462557379e-07, 4.23490973844e-07, 6.41226677089e-07, 5.02544196479e-07, 3.51895891981e-07, 2.62188933675e-07, 1.49969721974e-07, 2.72116210454e-07, 2.30307819038e-07, 1.93892688571e-07, 1.0065942746e-07, 4.39355076765e-08, 3.13215515746e-08, 4.25594492981e-08, 3.25901616804e-08, 4.00302795356e-08, 8.82033148741e-08, 4.1406263307e-08, 2.43286066848e-08, 1.25788508498e-08],
        "dmean2": [0.000330590235535, 0.00065872160485, 0.000436492206063, 0.000730269646738, 0.000728121900465, 0.000738433154766, 0.000409686181229, 0.00016691730707, 8.4297695139e-05, 4.26967962994e-05, 6.99488373357e-05, 3.15309189318e-05, 1.34216379593e-05, 2.08696619666e-05, 1.82178555406e-05, 7.19103354641e-06, 4.00009957957e-06, 3.778304972e-06, 3.26573376697e-06, 1.36954361096e-06, 8.6858949544e-07, 6.33068282241e-07, 9.88397800938e-07, 7.52642279167e-07, 5.37538880963e-07, 3.77315870992e-07, 2.29807312735e-07, 3.74462359787e-07, 3.7218276816e-07, 3.08465359922e-07, 1.62835377182e-07, 6.54195915217e-08, 4.60789131296e-08, 6.23554754497e-08, 4.58607445353e-08, 5.86412589598e-08, 1.51964968609e-07, 6.26305052265e-08, 3.71500661345e-08, 1.64628186639e-08],
        "dvar": [2.63656971811e-07, 8.17065085812e-07, 2.69015117738e-07, 4.80620371945e-07, 1.69665145222e-06, 2.34541744248e-06, 4.65487659085e-07, 9.95340201371e-08, 8.43794225602e-08, 1.45177834199e-08, 2.59521186763e-08, 9.83806192068e-09, 1.62486102351e-09, 2.69190025826e-09, 2.59099897093e-09, 1.03788233563e-09, 1.7217005599e-10, 1.5246091889e-10, 4.93497707976e-11, 6.10930013176e-12, 2.47449109814e-12, 1.37150447249e-12, 2.29036212739e-12, 1.39778282265e-12, 1.1929166422e-12, 6.41393730662e-13, 3.19640743995e-13, 1.98735277367e-12, 1.24020964939e-12, 1.04047640729e-12, 3.0310679639e-13, 8.81406696219e-14, 2.42062568449e-14, 6.58314548707e-14, 4.85856235073e-14, 1.12704597987e-13, 2.30981032912e-12, 1.54064464636e-13, 4.83650425753e-14, 1.23586892741e-14],
        "dvar2": [5.93001857396e-07, 1.81178666026e-06, 5.94077334881e-07, 1.14729084544e-06, 3.89590741179e-06, 4.06349045079e-06, 7.71710574554e-07, 1.63431849387e-07, 1.34832220056e-07, 2.54303795799e-08, 7.17379151638e-08, 1.14119789174e-08, 2.01950123291e-09, 5.37682787183e-09, 4.3762344859e-09, 2.04071826104e-09, 3.49075851558e-10, 2.84684525953e-10, 8.66813634759e-11, 1.24645198676e-11, 4.79757943442e-12, 2.46091255013e-12, 5.01408419992e-12, 2.9763587428e-12, 2.87274913059e-12, 1.2342779793e-12, 7.0897085945e-13, 3.98511562291e-12, 2.67330732204e-12, 2.5610479449e-12, 7.17646916285e-13, 1.99824220213e-13, 5.16036899898e-14, 1.38045960297e-13, 8.66158883441e-14, 2.43382625251e-13, 6.49230018704e-12, 3.75129831712e-13, 1.25009621795e-13, 1.64931172289e-14],
        "max": [0.00802891235799, 0.0113918799907, 0.00891028530896, 0.0100204963237, 0.0346067138016, 0.0492815189064, 0.0154747990891, 0.00841983128339, 0.00865539256483, 0.00371152511798, 0.00360102998093, 0.00430103903636, 0.00172260298859, 0.00095959904138, 0.00117275316734, 0.000894928351045, 0.000326727633364, 0.000337508769007, 0.000124231606605, 4.70493978355e-05, 5.03422816109e-05, 2.91063988698e-05, 2.16892767639e-05, 1.82791191037e-05, 2.32030452025e-05, 2.20509700739e-05, 1.00662036857e-05, 4.72550855193e-05, 2.81539305433e-05, 2.55875474977e-05, 1.23134714158e-05, 9.07490357349e-06, 3.84388795283e-06, 7.425720014e-06, 5.88947068536e-06, 8.73756380315e-06, 4.19368043367e-05, 1.04605942397e-05, 6.3286997829e-06, 3.77308811039e-06],
        "mean": [0.000343010091456, 0.000791417027358, 0.000519178109244, 0.000958407821599, 0.00126627762802, 0.00124456023332, 0.000669908884447, 0.000241842659307, 0.000142743243487, 5.78345716349e-05, 8.57027844177e-05, 6.35134929325e-05, 1.88145404536e-05, 2.37549629674e-05, 2.16249281948e-05, 9.4338774943e-06, 5.49696142116e-06, 4.95713311466e-06, 3.835104053e-06, 1.68114911503e-06, 1.2120641486e-06, 7.53730205361e-07, 1.07364769519e-06, 8.1016742115e-07, 6.36688241684e-07, 4.2860003191e-07, 2.47493630923e-07, 4.31610715168e-07, 3.78738832296e-07, 2.8123125162e-07, 1.47885799606e-07, 6.24521305781e-08, 5.15049798366e-08, 6.07717609569e-08, 4.7018787086e-08, 5.20993665987e-08, 7.32589597874e-08, 4.71167957983e-08, 3.2584360099e-08, 2.20176605836e-08],
        "median": [6.15851022303e-05, 0.000224913936108, 0.000191696395632, 0.00053453311557, 0.000515955500305, 0.000366732187103, 0.000154309527716, 5.92502219661e-05, 1.748822433e-05, 1.75232744368e-05, 1.27987850647e-05, 7.79477613833e-06, 3.33401385433e-06, 3.89313072446e-06, 2.82152791442e-06, 1.12135660402e-06, 4.17950133169e-07, 4.76566583529e-07, 6.15720693986e-07, 3.14933913614e-07, 3.33886447379e-07, 2.17341948883e-07, 1.90214962004e-07, 1.59404947908e-07, 1.21802841591e-07, 7.32966327632e-08, 2.7230644406e-08, 3.3812852962e-08, 3.24018500919e-08, 2.92372561717e-08, 1.23294654486e-08, 5.28421573165e-09, 6.31296659392e-09, 7.92952015161e-09, 3.71166342106e-09, 3.25640336918e-09, 3.72309583163e-09, 2.21960094748e-09, 1.76303605048e-09, 1.03446107236e-09],
        "min": [5.50877071233e-24, 1.5960536757e-23, 1.22535484125e-23, 1.19070759697e-23, 7.61342439175e-24, 6.9525198808e-24, 3.90416255008e-24, 1.95135820514e-23, 5.04408785737e-24, 7.78877397149e-24, 7.65124238355e-24, 1.36804494842e-23, 1.39787367251e-23, 9.98389303624e-24, 9.30880007304e-24, 1.02560255938e-23, 1.12032779359e-23, 9.44445259431e-24, 1.88989947196e-23, 1.48107751431e-23, 5.05676800756e-24, 4.7880153245e-24, 8.8446224835e-24, 1.37351743429e-23, 8.04591501646e-24, 6.74725432896e-24, 6.55347380304e-24, 8.74665621426e-24, 1.41484775038e-23, 1.382292723e-23, 6.64157931096e-24, 7.38848859324e-24, 1.60104558751e-23, 1.33786849444e-23, 9.55037925894e-24, 1.08074243782e-23, 8.90064896271e-24, 9.90874535754e-24, 1.24119974362e-23, 8.71233682058e-24],
        "var": [5.42299119388e-07, 1.94081167137e-06, 7.22542836229e-07, 1.56654630246e-06, 5.43865962754e-06, 9.12826180866e-06, 2.11758879232e-06, 2.54344968198e-07, 3.21995230479e-07, 5.4978560371e-08, 5.12817663889e-08, 9.52621022066e-08, 7.22415371968e-09, 4.40945679969e-09, 6.12425044011e-09, 1.64512659051e-09, 6.11259320937e-10, 4.1337422374e-10, 1.10108144824e-10, 1.79730362537e-11, 9.74474580889e-12, 3.48917596205e-12, 5.06178736079e-12, 3.05338501878e-12, 2.46241655538e-12, 1.77170973205e-12, 6.56111720943e-13, 5.00708849382e-12, 3.62688655151e-12, 1.94446715673e-12, 6.27408389998e-13, 1.44578251281e-13, 5.70958617841e-14, 1.19220876661e-13, 9.14923180078e-14, 1.54817985146e-13, 1.42272662835e-12, 1.51498767958e-13, 7.48105258839e-14, 4.02150609634e-14]
    },
    "mfcc": {
        "mean": [-794.312316895, 205.91217041, 19.4894638062, 21.5220317841, -1.45107769966, -9.2255153656, -8.43831157684, -6.94039106369, -11.8982000351, -9.78972434998, -10.3587188721, -0.655121445656, -3.32632708549],
        "cov": [[5430.04589844, 467.362091064, -864.459838867, 162.958740234, -462.034973145, 36.9059791565, -26.4966011047, -71.2746200562, -141.900314331, 54.8355445862, -51.5495491028, 126.085021973, -12.9172067642], [467.362091064, 1373.22460938, -195.966064453, -156.608184814, 162.218551636, 35.6160163879, 23.9184455872, 79.7580947876, 53.4654045105, 19.9117259979, 101.357727051, 18.4978542328, 27.9397888184], [-864.459838867, -195.966064453, 700.695068359, 20.0251922607, 17.0158805847, 29.7349395752, 112.755523682, 122.098976135, 55.4420890808, 8.97712516785, -17.3119907379, -46.6545600891, 2.85224151611], [162.958740234, -156.608184814, 20.0251922607, 425.794403076, 55.3393707275, 14.1314477921, 3.56594491005, 2.41805028915, 52.5799865723, 18.6696567535, -5.15801239014, 22.6968975067, 39.5956535339], [-462.034973145, 162.218551636, 17.0158805847, 55.3393707275, 313.471923828, 73.5669250488, -21.0102214813, 0.314753115177, 60.7227706909, 36.769153595, 66.3004074097, 20.286108017, 22.5951786041], [36.9059791565, 35.6160163879, 29.7349395752, 14.1314477921, 73.5669250488, 312.169006348, 28.7856693268, -77.9361419678, 39.4772949219, 55.7768554688, 35.845954895, 59.6992607117, 54.5607528687], [-26.4966011047, 23.9184455872, 112.755523682, 3.56594491005, -21.0102214813, 28.7856693268, 167.415542603, 95.4740371704, 0.572218239307, 40.5776939392, 21.6795139313, -5.97200965881, 7.42584705353], [-71.2746200562, 79.7580947876, 122.098976135, 2.41805028915, 0.314753115177, -77.9361419678, 95.4740371704, 246.724487305, 44.4348449707, -6.20152807236, 41.1401481628, -5.95078420639, -12.2561283112], [-141.900314331, 53.4654045105, 55.4420890808, 52.5799865723, 60.7227706909, 39.4772949219, 0.572218239307, 44.4348449707, 177.526626587, 49.3900032043, 22.4576129913, 14.5878486633, 12.2603540421], [54.8355445862, 19.9117259979, 8.97712516785, 18.6696567535, 36.769153595, 55.7768554688, 40.5776939392, -6.20152807236, 49.3900032043, 121.371612549, 38.060295105, 3.36987113953, 15.0347146988], [-51.5495491028, 101.357727051, -17.3119907379, -5.15801239014, 66.3004074097, 35.845954895, 21.6795139313, 41.1401481628, 22.4576129913, 38.060295105, 115.353691101, 35.5978469849, 5.2905960083], [126.085021973, 18.4978542328, -46.6545600891, 22.6968975067, 20.286108017, 59.6992607117, -5.97200965881, -5.95078420639, 14.5878486633, 3.36987113953, 35.5978469849, 111.934341431, 45.1003112793], [-12.9172067642, 27.9397888184, 2.85224151611, 39.5956535339, 22.5951786041, 54.5607528687, 7.42584705353, -12.2561283112, 12.2603540421, 15.0347146988, 5.2905960083, 45.1003112793, 113.987579346]],
