{
"lowlevel": {
    "average_loudness": 0.97158396244,
    "barkbands_crest": {
        "dmean": 2.49475121498,
        "dmean2": 3.97083449364,
        "dvar": 5.30154037476,
        "dvar2": 12.4332818985,
        "max": 25.1601085663,
        "mean": 10.2863378525,
        "median": 9.15724754333,
        "min": 3.0163872242,
        "var": 19.5518741608
    },
    "barkbands_flatness_db": {
        "dmean": 0.0205135457218,
        "dmean2": 0.0292680114508,
        "dvar": 0.00036643553176,
        "dvar2": 0.000716103590094,
        "max": 0.342344492674,
        "mean": 0.15609420836,
        "median": 0.154039725661,
        "min": 0.0453312620521,
        "var": 0.0021009510383
    },
    "barkbands_kurtosis": {
        "dmean": 2.5902132988,
        "dmean2": 3.96649456024,
        "dvar": 12.3782567978,
        "dvar2": 26.55418396,
        "max": 91.4189529419,
        "mean": 5.05323982239,
        "median": 3.68243598938,
        "min": -1.8629873991,
        "var": 32.9200363159
    },
    "barkbands_skewness": {
        "dmean": 0.457586884499,
        "dmean2": 0.6818343997,
        "dvar": 0.201821088791,
        "dvar2": 0.43870344758,
        "max": 6.44673585892,
        "mean": 1.61827385426,
        "median": 1.61574196815,
        "min": -2.67514586449,
        "var": 0.801804661751
    },
    "barkbands_spread": {
        "dmean": 4.5890083313,
        "dmean2": 6.62029504776,
        "dvar": 45.0879821777,
        "dvar2": 84.3883056641,
        "max": 97.1033782959,
        "mean": 16.7998046875,
        "median": 13.3577804565,
        "min": 0.912370979786,
        "var": 153.40864563
    },
    "dissonance": {
        "dmean": 0.0256151966751,
        "dmean2": 0.0426047407091,
        "dvar": 0.000546324823517,
        "dvar2": 0.00144273869228,
        "max": 0.499724328518,
        "mean": 0.446313679218,
        "median": 0.454804182053,
        "min": 0.257422208786,
        "var": 0.00132052693516
    },
    "dynamic_complexity": 2.47289466858,
    "erbbands_crest": {
        "dmean": 3.27600193024,
        "dmean2": 4.98458957672,
        "dvar": 10.7375812531,
        "dvar2": 21.7532138824,
        "max": 32.8909835815,
        "mean": 12.041888237,
        "median": 9.85564517975,
        "min": 2.4193854332,
        "var": 48.5226554871
    },
    "erbbands_flatness_db": {
        "dmean": 0.019727293402,
        "dmean2": 0.02742725797,
        "dvar": 0.000398730509914,
        "dvar2": 0.00066980428528,
        "max": 0.3684900105,
        "mean": 0.17457485199,
        "median": 0.168291389942,
        "min": 0.0566879287362,
        "var": 0.00250540999696
    },
    "erbbands_kurtosis": {
        "dmean": 1.73218560219,
        "dmean2": 2.54709482193,
        "dvar": 8.6602306366,
        "dvar2": 17.4660930634,
        "max": 79.9883346558,
        "mean": 2.33806991577,
        "median": 0.681241989136,
        "min": -1.69446265697,
        "var": 25.9750995636
    },
    "erbbands_skewness": {
        "dmean": 0.421577990055,
        "dmean2": 0.607833087444,
        "dvar": 0.165147319436,
        "dvar2": 0.329450041056,
        "max": 7.63983201981,
        "mean": 0.993959009647,
        "median": 0.87290251255,
        "min": -2.44049549103,
        "var": 0.968313574791
    },
    "erbbands_spread": {
        "dmean": 7.77192306519,
        "dmean2": 11.282251358,
        "dvar": 83.0216217041,
        "dvar2": 161.013977051,
        "max": 118.361785889,
        "mean": 33.3758010864,
        "median": 31.3173789978,
        "min": 2.13492250443,
        "var": 330.073364258
    },
    "hfc": {
        "dmean": 5.39554786682,
        "dmean2": 6.85627126694,
        "dvar": 53.7811660767,
        "dvar2": 90.4484405518,
        "max": 173.578063965,
        "mean": 21.3463191986,
        "median": 17.5064640045,
        "min": 1.23322120829e-16,
        "var": 241.360519409
    },
    "melbands_crest": {
        "dmean": 3.20620417595,
        "dmean2": 5.17437696457,
        "dvar": 8.80071640015,
        "dvar2": 21.772403717,
        "max": 33.5618171692,
        "mean": 13.7303085327,
        "median": 12.9095983505,
        "min": 1.11422097683,
        "var": 25.3162536621
    },
    "melbands_flatness_db": {
        "dmean": 0.0242096912116,
        "dmean2": 0.0328053496778,
        "dvar": 0.000564545334782,
        "dvar2": 0.00102431490086,
        "max": 0.413167893887,
        "mean": 0.20415712893,
        "median": 0.204021126032,
        "min": 5.1121263823e-05,
        "var": 0.00351362652145
    },
    "melbands_kurtosis": {
        "dmean": 4.55109500885,
        "dmean2": 7.04495954514,
        "dvar": 35.0910873413,
        "dvar2": 82.8183135986,
        "max": 109.291000366,
        "mean": 10.5303516388,
        "median": 8.53234386444,
        "min": -1.8204665184,
        "var": 82.4735107422
    },
    "melbands_skewness": {
        "dmean": 0.569316744804,
        "dmean2": 0.852410137653,
        "dvar": 0.328756541014,
        "dvar2": 0.69806432724,
        "max": 7.19494438171,
        "mean": 2.17157053947,
        "median": 2.23159003258,
        "min": -1.55313491821,
        "var": 1.39641571045
    },
    "melbands_spread": {
        "dmean": 5.18784999847,
        "dmean2": 7.45621681213,
        "dvar": 88.6306762695,
        "dvar2": 160.299530029,
        "max": 195.847000122,
        "mean": 17.9881916046,
        "median": 14.3742618561,
        "min": 1.00890779495,
        "var": 264.171447754
    },
    "pitch_salience": {
        "dmean": 0.0693401917815,
        "dmean2": 0.110312081873,
        "dvar": 0.00392223568633,
        "dvar2": 0.00988844316453,
        "max": 0.992185175419,
        "mean": 0.569575607777,
        "median": 0.575736880302,
        "min": 0.173813864589,
        "var": 0.0139296110719
    },
    "silence_rate_20dB": {
        "dmean": 0,
        "dmean2": 0,
        "dvar": 0,
        "dvar2": 0,
        "max": 1,
        "mean": 1,
        "median": 1,
        "min": 1,
        "var": 0
    },
    "silence_rate_30dB": {
        "dmean": 0,
        "dmean2": 0,
        "dvar": 0,
        "dvar2": 0,
        "max": 1,
        "mean": 1,
        "median": 1,
        "min": 1,
        "var": 0
    },
    "silence_rate_60dB": {
        "dmean": 0.00386398774572,
        "dmean2": 0.00773096270859,
        "dvar": 0.00384899112396,
        "dvar2": 0.00767134455964,
        "max": 1,
        "mean": 0.0359212048352,
        "median": 0,
        "min": 0,
        "var": 0.0346299596131
    },
    "spectral_centroid": {
        "dmean": 200.222946167,
        "dmean2": 283.57244873,
        "dvar": 114879.75,
        "dvar2": 148735.453125,
        "max": 11048.9003906,
        "mean": 1040.51757812,
        "median": 893.336914062,
        "min": 262.517700195,
        "var": 359040.46875
    },
    "spectral_complexity": {
        "dmean": 3.39799070358,
        "dmean2": 4.71666002274,
        "dvar": 11.8377380371,
        "dvar2": 19.482427597,
        "max": 49,
        "mean": 18.7543449402,
        "median": 17,
        "min": 0,
        "var": 68.0423965454
    },
    "spectral_decrease": {
        "dmean": 1.84258708291e-09,
        "dmean2": 2.83161694092e-09,
        "dvar": 5.10561268513e-18,
        "dvar2": 1.19398467348e-17,
        "max": 1.50970398334e-28,
        "mean": -7.65133645331e-09,
        "median": -7.01050861807e-09,
        "min": -2.80670082731e-08,
        "var": 1.56581451838e-17
    },
    "spectral_energy": {
        "dmean": 0.00724643236026,
        "dmean2": 0.0110580874607,
        "dvar": 7.75970911491e-05,
        "dvar2": 0.000178704227437,
        "max": 0.112341165543,
        "mean": 0.0308140758425,
        "median": 0.0282459110022,
        "min": 1.08012945504e-20,
        "var": 0.000248454365646
    },
    "spectral_energyband_high": {
        "dmean": 0.000379608332878,
        "dmean2": 0.000456898793345,
        "dvar": 7.44996270896e-07,
        "dvar2": 1.27003079342e-06,
        "max": 0.0203003492206,
        "mean": 0.000830067321658,
        "median": 0.000268885720288,
        "min": 7.94305999318e-21,
        "var": 2.42575879383e-06
    },
    "spectral_energyband_low": {
        "dmean": 0.00271688215435,
        "dmean2": 0.00451027043164,
        "dvar": 2.41016514337e-05,
        "dvar2": 6.40157450107e-05,
        "max": 0.0553790256381,
        "mean": 0.00617207353935,
        "median": 0.00471180677414,
        "min": 5.21532352748e-23,
        "var": 3.69412518921e-05
    },
    "spectral_energyband_middle_high": {
        "dmean": 0.00136904523242,
        "dmean2": 0.00194126181304,
        "dvar": 5.01259364682e-06,
        "dvar2": 9.89622640191e-06,
        "max": 0.0600927509367,
        "mean": 0.00451113609597,
        "median": 0.00306634721346,
        "min": 1.41529360825e-21,
        "var": 2.99100629491e-05
    },
    "spectral_energyband_middle_low": {
        "dmean": 0.00634952075779,
        "dmean2": 0.00969571247697,
        "dvar": 6.75149276503e-05,
        "dvar2": 0.00015609159891,
        "max": 0.1052332744,
        "mean": 0.0205469001085,
        "median": 0.0174571499228,
        "min": 2.11635616274e-22,
        "var": 0.00020609870262
    },
    "spectral_entropy": {
        "dmean": 0.180309668183,
        "dmean2": 0.236524984241,
        "dvar": 0.0376460254192,
        "dvar2": 0.0588557682931,
        "max": 9.7969789505,
        "mean": 7.4406452179,
        "median": 7.45957040787,
        "min": 5.60829877853,
        "var": 0.221424967051
    },
    "spectral_flux": {
        "dmean": 0.0251356065273,
        "dmean2": 0.0380394198,
        "dvar": 0.000667839485686,
        "dvar2": 0.00145677977707,
        "max": 0.257626891136,
        "mean": 0.0858302339911,
        "median": 0.0766169950366,
        "min": 1.03929274908e-10,
        "var": 0.00180821423419
    },
    "spectral_kurtosis": {
        "dmean": 1.8966562748,
        "dmean2": 3.02450251579,
        "dvar": 6.72177267075,
        "dvar2": 16.2629585266,
        "max": 43.4924468994,
        "mean": 4.8373708725,
        "median": 3.66307067871,
        "min": -1.21336698532,
        "var": 17.4434070587
    },
    "spectral_rms": {
        "dmean": 0.000620131380856,
        "dmean2": 0.000931120943278,
        "dvar": 4.71130732649e-07,
        "dvar2": 1.03683044017e-06,
        "max": 0.0104690566659,
        "mean": 0.0052574086003,
        "median": 0.00524947466329,
        "min": 3.24620517099e-12,
        "var": 2.42221676672e-06
    },
    "spectral_rolloff": {
        "dmean": 359.70098877,
        "dmean2": 567.114440918,
        "dvar": 721719.8125,
        "dvar2": 1306197.5,
        "max": 19164.5507812,
        "mean": 1125.58251953,
        "median": 753.662109375,
        "min": 107.666015625,
        "var": 1807715
    },
    "spectral_skewness": {
        "dmean": 0.249163150787,
        "dmean2": 0.369537234306,
        "dvar": 0.0730375349522,
        "dvar2": 0.14501491189,
        "max": 4.94609022141,
        "mean": 1.66515254974,
        "median": 1.58103895187,
        "min": -0.20371979475,
        "var": 0.313519388437
    },
    "spectral_spread": {
        "dmean": 516301.25,
        "dmean2": 659161,
        "dvar": 1.01688423219e+12,
        "dvar2": 1.00097431962e+12,
        "max": 40814360,
        "mean": 4566292,
        "median": 4453904.5,
        "min": 1109516.5,
        "var": 2.9563247657e+12
    },
    "spectral_strongpeak": {
        "dmean": 0.644188523293,
        "dmean2": 1.0402777195,
        "dvar": 0.76299738884,
        "dvar2": 1.75879466534,
        "max": 16.4890804291,
        "mean": 1.53549230099,
        "median": 0.908641040325,
        "min": 0,
        "var": 2.5734539032
    },
    "zerocrossingrate": {
        "dmean": 0.00976392719895,
        "dmean2": 0.0106336595491,
        "dvar": 0.000296029320452,
        "dvar2": 0.000354938412784,
        "max": 0.50634765625,
        "mean": 0.0520352423191,
        "median": 0.04248046875,
        "min": 0.0078125,
        "var": 0.00124759797473
    },
    "barkbands": {
        "dmean": [3.82922517019e-05, 0.00152453244664, 0.00139509723522, 0.000957052456215, 0.00238798046485, 0.00140587240458, 0.00204752455465, 0.00201529730111, 0.00187218468636, 0.000939206511248, 0.000291578035103, 0.000322646868881, 0.000205313801416, 0.000175539942575, 0.000147554528667, 0.000111839224701, 0.000113078669528, 0.000145247249748, 7.04290287104e-05, 9.37845907174e-05, 8.86133275344e-05, 8.84177643456e-05, 9.97786046355e-05, 7.65379081713e-05, 4.11365253967e-05, 7.99418376118e-06, 2.63849786464e-09],
        "dmean2": [6.41461665509e-05, 0.00262465584092, 0.00234639481641, 0.00160213944037, 0.00388656090945, 0.00220830063336, 0.00321947224438, 0.00307685113512, 0.00275774719194, 0.00136740715243, 0.000460013339762, 0.000506847864017, 0.000325587927364, 0.000265062117251, 0.000228400269407, 0.000163282136782, 0.000177801412065, 0.000220061760047, 0.00010493145237, 0.000139314055559, 0.000119495307445, 0.000120824937767, 0.000135491674882, 0.000103783677332, 5.42608759133e-05, 1.09324710138e-05, 4.84393636313e-09],
        "dvar": [3.47630635389e-09, 9.20387537917e-06, 7.19608487998e-06, 1.98734028345e-06, 1.05252320282e-05, 6.36443883195e-06, 1.54612025653e-05, 1.83478841791e-05, 1.54221324919e-05, 5.39756774742e-06, 4.20177315164e-07, 5.10948495958e-07, 1.35621306185e-07, 2.29069058832e-07, 1.30054630176e-07, 6.04300467444e-08, 3.340829835e-08, 3.77746509628e-08, 2.29964545184e-08, 3.21220916533e-08, 3.25509503796e-08, 4.61738558499e-08, 1.20295709394e-07, 5.78086201131e-08, 2.85081096507e-08, 4.65348704015e-10, 3.36489026374e-16],
        "dvar2": [9.14941722385e-09, 2.53509388131e-05, 2.01388738788e-05, 5.22951086168e-06, 2.69015818049e-05, 1.40177344292e-05, 3.53723371518e-05, 3.6992078094e-05, 3.05186185869e-05, 1.04705750346e-05, 9.7064230431e-07, 1.25068970647e-06, 3.23518776213e-07, 4.64471384021e-07, 2.58412114817e-07, 1.10442243795e-07, 7.49816635448e-08, 8.9588709784e-08, 5.16913125637e-08, 7.52968745132e-08, 5.17355864815e-08, 9.31671522153e-08, 2.51851645316e-07, 1.11980817508e-07, 6.20523579187e-08, 1.13934228718e-09, 9.93584364327e-16],
        "max": [0.000725543359295, 0.03276874125, 0.0318638570607, 0.0303856506944, 0.0383361764252, 0.0434086322784, 0.0544702410698, 0.0680734068155, 0.0741020739079, 0.06304448843, 0.0171996522695, 0.0148192923516, 0.0073556099087, 0.0125908786431, 0.00779441557825, 0.00819170568138, 0.00468276906759, 0.00342319416814, 0.00538741052151, 0.00312387244776, 0.00744429742917, 0.00455175898969, 0.0131604755297, 0.00649365549907, 0.00746650760993, 0.000637990247924, 6.22140021278e-07],
        "mean": [6.13564334344e-05, 0.00241634948179, 0.00275707338005, 0.00190556352027, 0.0046703889966, 0.00269375182688, 0.00346096744761, 0.00325729767792, 0.0038725992199, 0.00205382076092, 0.000460772484075, 0.000522442569491, 0.000329975300701, 0.000278518680716, 0.000256628729403, 0.00021373644995, 0.00021772828768, 0.00031009275699, 0.000140248259413, 0.000183083786396, 0.000186726247193, 0.00016236686497, 0.000172586951521, 0.000136419504997, 7.80768459663e-05, 1.55424932018e-05, 1.97584748562e-09],
        "median": [3.13235359499e-05, 0.00151057320181, 0.001388775534, 0.0013235011138, 0.00344017427415, 0.0012792008929, 0.00116550386883, 0.000690656306688, 0.0011154570384, 0.000713590998203, 0.000237588465097, 0.000317280442687, 0.000139959302032, 0.000123834484839, 9.8832322692e-05, 9.79782780632e-05, 0.000131346547278, 0.000214502942981, 8.26793038868e-05, 8.6593296146e-05, 6.98917720001e-05, 5.01796785102e-05, 4.26153092121e-05, 3.0068169508e-05, 1.95071406779e-05, 3.67566099158e-06, 5.26942822709e-10],
        "min": [2.95968798447e-24, 7.13303097744e-24, 1.13946626913e-23, 2.07226423395e-24, 7.45272317017e-24, 4.33669246006e-23, 2.30165930539e-23, 3.39746614661e-23, 4.94158248249e-23, 4.80159154179e-23, 2.20022425698e-23, 7.28698144294e-23, 5.87905847136e-23, 1.22397663814e-22, 1.48444323669e-22, 1.27504206578e-22, 1.75607758131e-22, 1.18960830353e-22, 2.84406696873e-22, 1.918454943e-22, 3.41075687514e-22, 4.22664428119e-22, 5.47524246725e-22, 9.24618591108e-22, 8.80284254825e-22, 1.93646778028e-21, 2.34331967457e-21],
        "var": [6.34798569266e-09, 9.46608452068e-06, 1.16461642392e-05, 4.28281236964e-06, 2.04481075343e-05, 1.70852799783e-05, 3.34846336045e-05, 4.71976018162e-05, 7.05689526512e-05, 2.66930037469e-05, 7.60907198583e-07, 7.31509885554e-07, 2.55859418985e-07, 4.56135467175e-07, 3.06156692886e-07, 2.48708744266e-07, 9.22800964531e-08, 1.01526367757e-07, 4.68123388941e-08, 6.8115802776e-08, 1.53042236661e-07, 1.16097673697e-07, 2.495622482e-07, 1.28276752775e-07, 5.34904351923e-08, 7.38119565469e-10, 1.80405775492e-16]
    },
    "erbbands": {
        "dmean": [0.0251552071422, 0.416017383337, 1.55175721645, 2.12969708443, 6.31730556488, 8.86579322815, 9.77822589874, 12.8138113022, 19.154668808, 42.4676971436, 44.7568206787, 48.1556930542, 28.7959518433, 24.4124736786, 10.0152587891, 12.8833532333, 9.57663345337, 9.14060497284, 7.11050033569, 6.75733470917, 6.08935594559, 5.85956954956, 8.14175510406, 4.30200099945, 3.89387512207, 4.30245637894, 4.27970075607, 2.80958747864, 3.0470161438, 3.37309360504, 2.69660925865, 1.84257924557, 1.18734455109, 0.615093648434, 0.2181661129, 0.063602745533, 0.00929218623787, 0.00068295391975, 1.77334877662e-05, 8.82202766661e-06],
        "dmean2": [0.0417549870908, 0.721943616867, 2.64821386337, 3.51424980164, 10.6841716766, 14.3399610519, 15.4002933502, 20.4405078888, 30.6461658478, 66.4674301147, 67.3893432617, 69.3557052612, 40.7288589478, 36.0677909851, 15.5667037964, 20.2591838837, 15.0695590973, 13.8196334839, 11.0866804123, 10.3122625351, 8.72305774689, 9.0576543808, 12.4533786774, 6.60191726685, 5.68341159821, 6.28758430481, 5.76337766647, 3.81137704849, 4.17976570129, 4.58757972717, 3.67306447029, 2.53134536743, 1.61139678955, 0.818539083004, 0.296018242836, 0.0855056867003, 0.0133013240993, 0.0010706015164, 2.48707328865e-05, 1.28048295664e-05],
        "dvar": [0.00255429348908, 0.687742173672, 9.08504295349, 8.51068019867, 100.756111145, 161.909164429, 325.742767334, 754.356567383, 1157.94604492, 8601.55761719, 9962.16894531, 11656.9384766, 5760.39550781, 3882.25463867, 337.991485596, 813.254638672, 297.107543945, 645.621887207, 245.559432983, 238.97819519, 229.171173096, 86.7250823975, 115.994651794, 54.6385231018, 63.0278091431, 57.7631797791, 99.2167663574, 27.3760814667, 43.0636711121, 125.907516479, 73.4548339844, 28.9823169708, 15.3437004089, 5.72490406036, 0.94794023037, 0.0395949408412, 0.000350913847797, 1.78119944394e-06, 1.16278298101e-09, 1.16188725308e-10],
        "dvar2": [0.00679205683991, 1.90827584267, 25.5112094879, 22.1532020569, 270.906890869, 403.836090088, 703.146240234, 1739.6973877, 2727.11669922, 18861.3261719, 19654.015625, 22670.2929688, 10183.5009766, 8467.171875, 679.380004883, 2068.52514648, 711.296508789, 1313.45385742, 551.349487305, 507.559387207, 375.766448975, 178.012359619, 279.111541748, 119.769699097, 141.389633179, 130.198654175, 134.915054321, 51.8153915405, 83.5493545532, 245.769836426, 149.44833374, 61.126121521, 28.2454071045, 11.2046375275, 2.33991503716, 0.0975041911006, 0.000806088326499, 4.41698648501e-06, 2.5759347988e-09, 2.46005937843e-10],
        "max": [0.624941945076, 8.53594112396, 35.5266494751, 61.8986701965, 120.600769043, 170.012573242, 277.154327393, 517.856933594, 503.530212402, 1304.7911377, 1686.61767578, 2318.59472656, 2169.64868164, 1467.47351074, 515.940917969, 627.262695312, 382.13067627, 757.403076172, 315.070587158, 299.069335938, 553.29699707, 289.914703369, 185.439834595, 250.54397583, 168.474731445, 116.281021118, 507.818878174, 92.0929641724, 152.058364868, 335.364593506, 303.740814209, 137.155105591, 111.423194885, 104.561714172, 41.6821479797, 6.04766988754, 0.403346478939, 0.0180752072483, 0.000857060134877, 0.0002177481947],
        "mean": [0.0484012514353, 0.64284580946, 3.09657692909, 4.86773347855, 10.430182457, 17.1692276001, 18.3493309021, 22.0886192322, 34.49401474, 70.506729126, 80.600982666, 98.6355209351, 62.5261917114, 52.7632293701, 19.6239414215, 22.146030426, 16.8044719696, 15.1111421585, 12.8057346344, 12.2726774216, 12.5356254578, 12.7142972946, 17.8334255219, 9.18059444427, 7.91438913345, 8.63161563873, 9.00440120697, 5.68251180649, 5.72943019867, 5.7441945076, 4.70862817764, 3.20876264572, 2.1096405983, 1.1376003027, 0.412662148476, 0.125390157104, 0.016392165795, 0.000961110228673, 4.47107122454e-05, 3.92564252252e-05],
        "median": [0.0246216505766, 0.409751921892, 1.5823558569, 3.92554664612, 7.39272642136, 12.1977329254, 9.71497631073, 9.74817943573, 15.8048934937, 16.6574611664, 22.9007701874, 29.6369113922, 23.381444931, 19.4728603363, 12.2502660751, 14.1759653091, 8.08302974701, 7.03173542023, 5.74874162674, 5.383228302, 6.10090875626, 8.05924701691, 12.5314674377, 6.20918130875, 4.36404705048, 4.33409166336, 3.47154688835, 2.17298078537, 1.74764931202, 1.53370630741, 1.14518129826, 0.74326145649, 0.46602538228, 0.264929801226, 0.111136741936, 0.0316180363297, 0.00318047078326, 0.000142870048876, 2.47545212915e-05, 3.65214800695e-05],
        "min": [1.89872092481e-22, 2.28169310335e-21, 1.8078554122e-20, 1.08090130179e-20, 1.63627165753e-20, 1.3736689549e-20, 6.58139081171e-20, 4.90668908609e-19, 5.49611369217e-19, 3.69583341261e-19, 9.44041380772e-19, 1.04661642962e-18, 2.03837589538e-18, 1.91499942547e-18, 1.47329107883e-18, 2.31781673825e-18, 2.40856548248e-18, 7.36925198838e-18, 3.22195244473e-18, 8.43577565681e-18, 8.6318811549e-18, 7.52958192497e-18, 8.06203146783e-18, 1.06529820036e-17, 1.39439804548e-17, 1.05563482829e-17, 1.05830935136e-17, 1.71865731238e-17, 1.41861293073e-17, 1.46876522214e-17, 1.49872272608e-17, 1.76422387991e-17, 1.46740186306e-17, 7.0859120229e-18, 9.07171376611e-18, 7.09635931404e-18, 3.31408899123e-18, 1.49545486635e-18, 2.81497989354e-19, 3.43302217e-20],
        "var": [0.00405098916963, 0.664758741856, 14.0634050369, 19.1728610992, 121.226669312, 355.127288818, 779.530456543, 1616.84069824, 2702.10791016, 20020.5996094, 27305.0527344, 53940.4257812, 24571.0410156, 18584.1386719, 795.542785645, 1051.78552246, 600.328186035, 1327.08996582, 533.607727051, 530.616088867, 1031.12695312, 301.553771973, 310.438201904, 123.288742065, 140.803283691, 140.263015747, 544.159851074, 86.0385742188, 120.177314758, 302.796386719, 153.43762207, 61.3380088806, 34.1224784851, 12.2091255188, 1.34052455425, 0.0563242286444, 0.000752865918912, 3.23476615449e-06, 2.82616396952e-09, 4.23860196941e-10]
    },
    "gfcc": {
        "mean": [2.15718913078, 110.889701843, -120.038238525, 31.793838501, -77.7955932617, 12.6039705276, -39.0785522461, 12.796333313, -25.13164711, -6.23057556152, -16.2054653168, -5.81353664398, -8.80020332336],
        "cov": [[6893.63769531, -842.073486328, 0.674628078938, 242.382003784, -406.923217773, 259.098999023, -312.930358887, 219.536300659, -114.142662048, 274.433349609, -190.721343994, 61.3884887695, -149.197433472], [-842.073486328, 1295.28039551, -145.357498169, -135.861663818, 344.3699646, -210.774917603, 205.514175415, -127.205711365, 128.427459717, -172.456344604, 143.601959229, -91.928024292, 92.1782150269], [0.674628078938, -145.357498169, 417.015258789, 109.882484436, -18.3511543274, 85.8068389893, -21.5192089081, 66.0634460449, -17.2796115875, 62.5702590942, -4.95391798019, 42.7091445923, -42.0198287964], [242.382003784, -135.861663818, 109.882484436, 328.704681396, 61.0914573669, 66.7026519775, 8.53596019745, 26.3971271515, -10.270070076, -3.8510055542, 10.3327951431, 39.7688865662, -4.84308004379], [-406.923217773, 344.3699646, -18.3511543274, 61.0914573669, 269.192687988, 4.55082368851, 111.229316711, -14.2405033112, 26.7237071991, -58.5583534241, 25.8443050385, -5.44844913483, 32.2637710571], [259.098999023, -210.774917603, 85.8068389893, 66.7026519775, 4.55082368851, 196.474380493, 31.6979560852, 43.3702354431, -42.0629043579, 20.7125835419, -32.5455741882, 11.9202184677, -6.52956008911], [-312.930358887, 205.514175415, -21.5192089081, 8.53596019745, 111.229316711, 31.6979560852, 165.682189941, 17.7819366455, 23.0546073914, -47.595287323, 11.5147361755, -24.4413890839, 22.5928993225], [219.536300659, -127.205711365, 66.0634460449, 26.3971271515, -14.2405033112, 43.3702354431, 17.7819366455, 128.487640381, 26.8386058807, 37.1149902344, -32.2691726685, -1.18098843098, -13.1991157532], [-114.142662048, 128.427459717, -17.2796115875, -10.270070076, 26.7237071991, -42.0629043579, 23.0546073914, 26.8386058807, 105.858840942, 15.5285682678, 12.1020698547, -28.0182781219, 9.95120620728], [274.433349609, -172.456344604, 62.5702590942, -3.8510055542, -58.5583534241, 20.7125835419, -47.595287323, 37.1149902344, 15.5285682678, 116.853401184, 1.51968038082, 10.6840982437, -34.8914756775], [-190.721343994, 143.601959229, -4.95391798019, 10.3327951431, 25.8443050385, -32.5455741882, 11.5147361755, -32.2691726685, 12.1020698547, 1.51968038082, 92.3826904297, 20.6444606781, 5.6606221199], [61.3884887695, -91.928024292, 42.7091445923, 39.7688865662, -5.44844913483, 11.9202184677, -24.4413890839, -1.18098843098, -28.0182781219, 10.6840982437, 20.6444606781, 83.3766326904, 6.43949460983], [-149.197433472, 92.1782150269, -42.0198287964, -4.84308004379, 32.2637710571, -6.52956008911, 22.5928993225, -13.1991157532, 9.95120620728, -34.8914756775, 5.6606221199, 6.43949460983, 74.152130127]],
        "icov": [[0.000275021564448, -0.000545263523236, 0.000445287587354, -0.000508327619173, 0.000664502964355, -0.000576202000957, 0.000518086599186, -0.000539657310583, 0.00044611148769, -0.000791910628323, 0.000900775252376, -0.000521866604686, 0.000400588702178], [-0.000545263523236, 0.00476872501895, -0.00188409921248, 0.00265232450329, -0.00454561132938, 0.00336505565792, -0.00228074728511, 0.00245178141631, -0.00275907153264, 0.00429669814184, -0.00583266094327, 0.00407054228708, -0.0020302743651], [0.000445287587354, -0.00188409921248, 0.00427263369784, -0.00195002846885, 0.00185905897524, -0.00236905668862, 0.00142046005931, -0.00229963078164, 0.00134746846743, -0.00280894688331, 0.00230782409199, -0.00275078089908, 0.00223241047934], [-0.000508327619173, 0.00265232450329, -0.00195002846885, 0.00561074540019, -0.00372602487914, 0.000807021919172, -0.000648372923024, 0.00102001894265, -0.00217403098941, 0.00379250501283, -0.0040853205137, 0.000934342388064, -0.00068006280344], [0.000664502964355, -0.00454561132938, 0.00185905897524, -0.00372602487914, 0.0103980246931, -0.00321267382242, -0.00120207690634, -0.00137018808164, 0.0013917729957, -0.00306926248595, 0.0053665516898, -0.00448985537514, 0.00146226608194], [-0.000576202000957, 0.00336505565792, -0.00236905668862, 0.000807021919172, -0.00321267382242, 0.0106902206317, -0.00470485724509, 0.000672284688335, 0.00217447197065, 0.000555866921786, -0.00198994134553, 0.00323114614002, -0.00289880367927], [0.000518086599186, -0.00228074728511, 0.00142046005931, -0.000648372923024, -0.00120207690634, -0.00470485724509, 0.0126689663157, -0.00442912243307, 0.000174338536453, 0.00156775093637, 6.18442136329e-05, 0.000715315050911, 0.000747967453208], [-0.000539657310583, 0.00245178141631, -0.00229963078164, 0.00102001894265, -0.00137018808164, 0.000672284688335, -0.00442912243307, 0.0140323601663, -0.00588207039982, -0.00027743895771, 0.00166751956567, 0.000179944967385, -0.000351605209289], [0.00044611148769, -0.00275907153264, 0.00134746846743, -0.00217403098941, 0.0013917729957, 0.00217447197065, 0.000174338536453, -0.00588207039982, 0.0172959398478, -0.00705272890627, 0.00108040694613, 0.00337181077339, -0.00258023873903], [-0.000791910628323, 0.00429669814184, -0.00280894688331, 0.00379250501283, -0.00306926248595, 0.000555866921786, 0.00156775093637, -0.00027743895771, -0.00705272890627, 0.0192320905626, -0.00816884543747, 0.00208108662628, 0.00301751680672], [0.000900775252376, -0.00583266094327, 0.00230782409199, -0.0040853205137, 0.0053665516898, -0.00198994134553, 6.18442136329e-05, 0.00166751956567, 0.00108040694613, -0.00816884543747, 0.0227711461484, -0.0101125873625, 0.00302280019969], [-0.000521866604686, 0.00407054228708, -0.00275078089908, 0.000934342388064, -0.00448985537514, 0.00323114614002, 0.000715315050911, 0.000179944967385, 0.00337181077339, 0.00208108662628, -0.0101125873625, 0.0211271494627, -0.00609170738608], [0.000400588702178, -0.0020302743651, 0.00223241047934, -0.00068006280344, 0.00146226608194, -0.00289880367927, 0.000747967453208, -0.000351605209289, -0.00258023873903, 0.00301751680672, 0.00302280019969, -0.00609170738608, 0.0189186576754]]
    },
    "melbands": {
        "dmean": [0.000321124331094, 0.000708113540895, 0.000444774603238, 0.000576926919166, 0.000327079818817, 0.000277729675872, 0.00032990713953, 0.000449948915048, 0.000371292058844, 0.000285302317934, 0.000142155462527, 0.000105830971734, 3.70769776055e-05, 3.9300917706e-05, 2.3662321837e-05, 1.95765423996e-05, 1.82163075806e-05, 1.19786373034e-05, 1.12701045509e-05, 7.39882807466e-06, 7.57242469263e-06, 5.54273810849e-06, 9.77526451607e-06, 6.85837085257e-06, 3.49719357473e-06, 2.83586473415e-06, 3.53412769982e-06, 2.77718868347e-06, 2.87525267595e-06, 2.38465281654e-06, 1.59568878644e-06, 1.68752228547e-06, 1.98455904865e-06, 2.0370312086e-06, 1.66240124599e-06, 1.37903975883e-06, 1.10420978672e-06, 8.72302450716e-07, 7.25556503767e-07, 4.82977270622e-07],
        "dmean2": [0.000546527095139, 0.00120980839711, 0.000742719741538, 0.000945524603594, 0.000510870770086, 0.000439083582023, 0.000520358211361, 0.000701055920217, 0.000558360305149, 0.000410675595049, 0.000203004441573, 0.000156474998221, 5.86334026593e-05, 6.13015145063e-05, 3.79122793674e-05, 3.06271140289e-05, 2.78876032098e-05, 1.90326227312e-05, 1.69334034581e-05, 1.14057520477e-05, 1.08963668026e-05, 8.65002948558e-06, 1.55314046424e-05, 1.05949229692e-05, 5.50956247025e-06, 4.28448902312e-06, 5.32167905476e-06, 4.12093049817e-06, 4.03023977924e-06, 3.39526900461e-06, 2.2356161935e-06, 2.40571307586e-06, 2.79996606878e-06, 2.89298645839e-06, 2.32942693401e-06, 1.96012069864e-06, 1.5772441202e-06, 1.20743095522e-06, 9.97875872599e-07, 6.71870736824e-07],
        "dvar": [4.19683033215e-07, 1.85765941296e-06, 3.76896679199e-07, 6.76879153616e-07, 2.96947092693e-07, 3.06593335608e-07, 3.50397357352e-07, 8.80438392414e-07, 6.4394959054e-07, 4.02442651648e-07, 1.43058414892e-07, 7.42150518818e-08, 4.40488268083e-09, 8.14449752085e-09, 1.97167682181e-09, 1.27025190366e-09, 2.95729329913e-09, 7.66878616165e-10, 9.85681092303e-10, 2.05753358795e-10, 4.05175726303e-10, 8.86823808832e-11, 1.95583813034e-10, 8.67440355656e-11, 4.08677258701e-11, 4.14162003304e-11, 6.88120949111e-11, 2.58434298267e-11, 4.47829030803e-11, 1.99097127673e-11, 1.09914881016e-11, 1.2847337777e-11, 2.74642114606e-11, 5.73280416194e-11, 3.35252936523e-11, 1.60405265459e-11, 1.06878143488e-11, 8.34677119088e-12, 6.61113394931e-12, 4.0842134362e-12],
        "dvar2": [1.14766839943e-06, 5.12712631462e-06, 9.94114543573e-07, 1.7565221242e-06, 6.55076973999e-07, 7.01021349414e-07, 8.20221771392e-07, 1.91321510101e-06, 1.25173028209e-06, 7.78051685302e-07, 2.51563619713e-07, 1.62109685675e-07, 9.34743482617e-09, 1.95943226089e-08, 5.05317077071e-09, 2.99368396739e-09, 6.0799822954e-09, 1.78122239181e-09, 1.89979743048e-09, 4.62393845435e-10, 6.43577802162e-10, 1.83522405606e-10, 5.02446140249e-10, 2.06293995775e-10, 9.20841250474e-11, 9.68925426004e-11, 1.68105376841e-10, 5.85761925076e-11, 6.59230933731e-11, 3.88147257391e-11, 2.20348479046e-11, 2.66124899895e-11, 5.5149333017e-11, 1.18588902587e-10, 7.05360700404e-11, 3.71470632032e-11, 2.28312993511e-11, 1.62609873483e-11, 1.21052421559e-11, 8.70348064452e-12],
        "max": [0.00740080187097, 0.0154829369858, 0.0102932062, 0.0098042357713, 0.00821536872536, 0.0103753395379, 0.00911307707429, 0.0130881918594, 0.0118692982942, 0.0131361111999, 0.0112277874723, 0.00670030014589, 0.00130047707353, 0.00219820183702, 0.000934748561122, 0.000603551103268, 0.00158601615112, 0.000459359260276, 0.000734886794817, 0.000263016700046, 0.00065565854311, 0.000261496723397, 0.000249662494753, 0.00017680315068, 0.000219597102841, 0.000196023625904, 0.000202242677915, 7.50164763303e-05, 0.000335374177666, 0.000111595116323, 6.67087297188e-05, 7.08099105395e-05, 0.000122342156828, 0.000270426244242, 0.000214007683098, 0.000112469409942, 7.14488414815e-05, 7.23872726667e-05, 9.74459399004e-05, 8.93682445167e-05],
        "mean": [0.000541892077308, 0.00135792046785, 0.000975314760581, 0.00106947834138, 0.000651025446132, 0.000499397341628, 0.000586146430578, 0.000744715041947, 0.000680785393342, 0.000576981168706, 0.000295976060443, 0.000223194001592, 6.56734773656e-05, 6.26047331025e-05, 4.24169556936e-05, 3.12198208121e-05, 2.79845444311e-05, 1.96026594494e-05, 1.90040191228e-05, 1.37866618388e-05, 1.45296216942e-05, 1.06500428956e-05, 1.94421299966e-05, 1.33778185045e-05, 6.6571546995e-06, 5.16452882948e-06, 6.68846860208e-06, 5.19520426678e-06, 5.59555201107e-06, 4.63885498903e-06, 2.87631951323e-06, 3.04552054331e-06, 3.3686894767e-06, 3.21576089846e-06, 2.76446871794e-06, 2.33874675359e-06, 1.82306450824e-06, 1.47457990352e-06, 1.26842724057e-06, 8.66490154294e-07],
        "median": [0.000343817460816, 0.000779733352829, 0.000834264326841, 0.000776509812567, 0.000388831133023, 0.000224733186769, 0.000257382285781, 0.000170380793861, 0.000172028652742, 0.000162224605447, 0.000102655285446, 7.51462575863e-05, 3.73857146769e-05, 3.76245516236e-05, 2.56505918514e-05, 1.44133782669e-05, 1.16060664368e-05, 8.76338435774e-06, 7.17614966561e-06, 6.53196320854e-06, 6.54488349028e-06, 6.18026206212e-06, 1.24976959341e-05, 9.03970430954e-06, 4.30642467109e-06, 2.68777034762e-06, 3.18889465234e-06, 2.44009584094e-06, 2.16578382606e-06, 1.80592144261e-06, 9.9050589597e-07, 9.14985548661e-07, 9.93150479189e-07, 7.96057804564e-07, 6.55544852179e-07, 5.81584004067e-07, 3.7770539052e-07, 3.12582642437e-07, 2.88534664605e-07, 2.01849204018e-07],
        "min": [2.17921602333e-24, 9.60735552668e-24, 1.71484634615e-24, 1.72143570129e-24, 1.81435582454e-24, 1.04324693237e-23, 7.86547807275e-24, 4.63080362913e-24, 7.84028185543e-24, 6.49658943759e-24, 1.02039915397e-23, 7.6718876623e-24, 3.37135524507e-24, 7.44023076887e-24, 4.10852485619e-24, 4.67722059922e-24, 1.50593278594e-23, 4.0431302593e-24, 1.37334924914e-23, 1.01579023413e-23, 9.26101719029e-24, 8.14753844485e-24, 7.61208411708e-24, 5.3764811051e-24, 8.90008966033e-24, 1.07944263171e-23, 7.95096614019e-24, 6.47452697023e-24, 5.23477092095e-24, 6.79132404343e-24, 1.11603970348e-23, 7.77483006613e-24, 7.10756260312e-24, 8.39554053624e-24, 7.66174843309e-24, 1.05927674373e-23, 1.04207689387e-23, 1.14641723811e-23, 7.05916204228e-24, 5.11128579029e-24],
        "var": [4.67913793045e-07, 2.53337657341e-06, 6.71331065405e-07, 1.17268029953e-06, 7.487625453e-07, 7.25860672901e-07, 7.78058335982e-07, 2.10524081012e-06, 1.91424533114e-06, 1.814695338e-06, 6.23177243142e-07, 3.77175524591e-07, 1.02464579044e-08, 1.17922773768e-08, 2.91601942592e-09, 2.17091722376e-09, 5.83974202328e-09, 1.35029065707e-09, 2.19901674647e-09, 5.17991816107e-10, 1.6348667975e-09, 2.64052973931e-10, 5.29485733036e-10, 2.13130083027e-10, 7.91137780287e-11, 8.17974854517e-11, 1.19505363938e-10, 5.70262274902e-11, 2.32814462153e-10, 6.80326558977e-11, 2.9117812328e-11, 3.38474352712e-11, 6.20708970334e-11, 1.25243232452e-10, 6.32079943941e-11, 2.82702229681e-11, 2.20797633649e-11, 1.70805435767e-11, 1.47429811415e-11, 7.71446621861e-12]
    },
    "mfcc": {
        "mean": [-633.416259766, 130.745437622, 9.96311759949, 17.2425003052, -7.77047967911, -4.90933227539, -3.52903366089, 6.44888067245, -1.41915643215, -1.3670245409, -1.97492361069, -0.335321307182, -5.55461454391],
        "cov": [[4774.73339844, -806.562438965, 210.367095947, -37.666557312, -27.4928359985, -5.7578701973, -80.7586669922, -94.5116958618, 28.5387973785, 78.4237976074, 18.5858688354, 44.8091926575, -18.2084960938], [-806.562438965, 1342.64526367, -319.672180176, 87.692024231, 25.5738754272, -13.1445856094, 28.8264160156, 50.0303649902, -1.13062763214, -32.9573287964, 49.4303817749, -7.58664321899, 1.48106980324], [210.367095947, -319.672180176, 420.7762146, 1.8350379467, 29.7194442749, 10.5382604599, 11.315114975, -6.58865308762, -5.78533267975, 14.6335992813, -4.04045057297, 44.1381225586, 36.8738098145], [-37.666557312, 87.692024231, 1.8350379467, 247.000320435, 77.7883224487, 26.6509723663, 21.9077854156, 51.6713752747, 7.36077213287, -20.8703079224, 9.70127487183, 14.3987073898, 31.4483032227], [-27.4928359985, 25.5738754272, 29.7194442749, 77.7883224487, 131.037948608, 40.3377990723, 25.9736461639, 29.9511508942, 15.7948331833, -2.05744171143, 2.96061182022, 0.960734784603, 8.97137546539], [-5.7578701973, -13.1445856094, 10.5382604599, 26.6509723663, 40.3377990723, 129.491592407, 68.5302352905, 31.7066478729, 2.78776621819, -0.90480619669, -8.49932193756, -7.85122728348, -8.0776386261], [-80.7586669922, 28.8264160156, 11.315114975, 21.9077854156, 25.9736461639, 68.5302352905, 139.860702515, 65.9818725586, 13.6497869492, 4.59304904938, -2.5238969326, -4.60930871964, -11.0592861176], [-94.5116958618, 50.0303649902, -6.58865308762, 51.6713752747, 29.9511508942, 31.7066478729, 65.9818725586, 114.722709656, 39.2447624207, 1.45707929134, -6.50416374207, -14.1229925156, -0.931775510311], [28.5387973785, -1.13062763214, -5.78533267975, 7.36077213287, 15.7948331833, 2.78776621819, 13.6497869492, 39.2447624207, 105.870384216, 51.8008842468, -0.395654827356, -11.9565410614, -10.3600187302], [78.4237976074, -32.9573287964, 14.6335992813, -20.8703079224, -2.05744171143, -0.90480619669, 4.59304904938, 1.45707929134, 51.8008842468, 108.435676575, 29.5167808533, -6.3844871521, -17.4589443207], [18.5858688354, 49.4303817749, -4.04045057297, 9.70127487183, 2.96061182022, -8.49932193756, -2.5238969326, -6.50416374207, -0.395654827356, 29.5167808533, 79.0989990234, 25.6847686768, 0.615819275379], [44.8091926575, -7.58664321899, 44.1381225586, 14.3987073898, 0.960734784603, -7.85122728348, -4.60930871964, -14.1229925156, -11.9565410614, -6.3844871521, 25.6847686768, 73.3299255371, 30.2562484741], [-18.2084960938, 1.48106980324, 36.8738098145, 31.4483032227, 8.97137546539, -8.0776386261, -11.0592861176, -0.931775510311, -10.3600187302, -17.4589443207, 0.615819275379, 30.2562484741, 73.0592727661]],
