{
"lowlevel": {
    "average_loudness": 0.962498664856,
    "barkbands_crest": {
        "dmean": 2.4745028019,
        "dmean2": 4.0518693924,
        "dvar": 5.85597085953,
        "dvar2": 15.096570015,
        "max": 21.1370391846,
        "mean": 8.19437026978,
        "median": 7.48093891144,
        "min": 2.49859189987,
        "var": 10.2280607224
    },
    "barkbands_flatness_db": {
        "dmean": 0.0191655699164,
        "dmean2": 0.0301410108805,
        "dvar": 0.000341407983797,
        "dvar2": 0.000806995201856,
        "max": 0.328033745289,
        "mean": 0.139916792512,
        "median": 0.135492190719,
        "min": 0.0698876082897,
        "var": 0.00102479930501
    },
    "barkbands_kurtosis": {
        "dmean": 1.54177498817,
        "dmean2": 2.42533802986,
        "dvar": 18.4990386963,
        "dvar2": 45.6420135498,
        "max": 86.3483276367,
        "mean": 0.416045069695,
        "median": -0.649300932884,
        "min": -1.88088655472,
        "var": 26.5924854279
    },
    "barkbands_skewness": {
        "dmean": 0.5040833354,
        "dmean2": 0.758091270924,
        "dvar": 0.342809081078,
        "dvar2": 0.743446707726,
        "max": 8.49346446991,
        "mean": 1.00968933105,
        "median": 0.90695387125,
        "min": -3.23338103294,
        "var": 0.787964999676
    },
    "barkbands_spread": {
        "dmean": 8.10273170471,
        "dmean2": 12.6980762482,
        "dvar": 75.9842758179,
        "dvar2": 184.970092773,
        "max": 97.1654052734,
        "mean": 44.8330116272,
        "median": 44.0473632812,
        "min": 3.20826554298,
        "var": 226.148132324
    },
    "dissonance": {
        "dmean": 0.00729286344722,
        "dmean2": 0.0123115824535,
        "dvar": 7.98395994934e-05,
        "dvar2": 0.000193257932551,
        "max": 0.500000119209,
        "mean": 0.488039940596,
        "median": 0.491074383259,
        "min": 0.336864650249,
        "var": 0.000115558548714
    },
    "dynamic_complexity": 1.73327720165,
    "erbbands_crest": {
        "dmean": 1.70248425007,
        "dmean2": 2.82691693306,
        "dvar": 2.79589390755,
        "dvar2": 7.29236698151,
        "max": 19.9947929382,
        "mean": 6.78517961502,
        "median": 6.18643426895,
        "min": 3.05356645584,
        "var": 6.06074953079
    },
    "erbbands_flatness_db": {
        "dmean": 0.0109057901427,
        "dmean2": 0.0164693426341,
        "dvar": 9.70636756392e-05,
        "dvar2": 0.000196451816009,
        "max": 0.293559551239,
        "mean": 0.171764969826,
        "median": 0.168989509344,
        "min": 0.100836537778,
        "var": 0.000413224363001
    },
    "erbbands_kurtosis": {
        "dmean": 0.873872220516,
        "dmean2": 1.38841295242,
        "dvar": 0.891850411892,
        "dvar2": 2.09063649178,
        "max": 9.39579963684,
        "mean": 0.643078267574,
        "median": 0.202131152153,
        "min": -1.74354279041,
        "var": 2.93010306358
    },
    "erbbands_skewness": {
        "dmean": 0.301082253456,
        "dmean2": 0.473544865847,
        "dvar": 0.0791061297059,
        "dvar2": 0.171508848667,
        "max": 2.19463181496,
        "mean": -0.895316839218,
        "median": -1.00232052803,
        "min": -2.5748333931,
        "var": 0.503208994865
    },
    "erbbands_spread": {
        "dmean": 9.02229499817,
        "dmean2": 13.8849220276,
        "dvar": 87.3723068237,
        "dvar2": 192.288818359,
        "max": 134.173568726,
        "mean": 47.432144165,
        "median": 45.8246498108,
        "min": 7.69860458374,
        "var": 243.778289795
    },
    "hfc": {
        "dmean": 10.5764360428,
        "dmean2": 16.7874698639,
        "dvar": 319.434661865,
        "dvar2": 836.278503418,
        "max": 142.273147583,
        "mean": 34.797203064,
        "median": 29.5180358887,
        "min": 1.11561465403e-16,
        "var": 519.607055664
    },
    "melbands_crest": {
        "dmean": 3.53189849854,
        "dmean2": 5.64657974243,
        "dvar": 9.32245826721,
        "dvar2": 22.4576759338,
        "max": 30.601940155,
        "mean": 15.3556938171,
        "median": 14.9591417313,
        "min": 2.06614398956,
        "var": 20.827671051
    },
    "melbands_flatness_db": {
        "dmean": 0.0269587598741,
        "dmean2": 0.0407428666949,
        "dvar": 0.000719473988283,
        "dvar2": 0.0016219340032,
        "max": 0.381270706654,
        "mean": 0.15524174273,
        "median": 0.150499641895,
        "min": 0.00959192402661,
        "var": 0.00212126481347
    },
    "melbands_kurtosis": {
        "dmean": 7.51506185532,
        "dmean2": 11.597026825,
        "dvar": 446.291412354,
        "dvar2": 1032.72290039,
        "max": 384.482666016,
        "mean": 11.7566375732,
        "median": 6.71185779572,
        "min": -1.62145805359,
        "var": 645.977844238
    },
    "melbands_skewness": {
        "dmean": 0.822003543377,
        "dmean2": 1.26257789135,
        "dvar": 1.07144415379,
        "dvar2": 2.25598096848,
        "max": 17.7312240601,
        "mean": 2.94212150574,
        "median": 2.62916040421,
        "min": -0.754858791828,
        "var": 2.58333110809
    },
    "melbands_spread": {
        "dmean": 13.6149368286,
        "dmean2": 21.3862552643,
        "dvar": 223.286392212,
        "dvar2": 552.885131836,
        "max": 194.965118408,
        "mean": 41.1868400574,
        "median": 37.693321228,
        "min": 1.38866364956,
        "var": 409.98236084
    },
    "pitch_salience": {
        "dmean": 0.0755200833082,
        "dmean2": 0.12015427649,
        "dvar": 0.00452769873664,
        "dvar2": 0.011073754169,
        "max": 0.856650292873,
        "mean": 0.588799655437,
        "median": 0.596482157707,
        "min": 0.191266745329,
        "var": 0.0093935020268
    },
    "silence_rate_20dB": {
        "dmean": 0,
        "dmean2": 0,
        "dvar": 0,
        "dvar2": 0,
        "max": 1,
        "mean": 1,
        "median": 1,
        "min": 1,
        "var": 0
    },
    "silence_rate_30dB": {
        "dmean": 0,
        "dmean2": 0,
        "dvar": 0,
        "dvar2": 0,
        "max": 1,
        "mean": 1,
        "median": 1,
        "min": 1,
        "var": 0
    },
    "silence_rate_60dB": {
        "dmean": 0.00461893761531,
        "dmean2": 0.00924499239773,
        "dvar": 0.00459756935015,
        "dvar2": 0.01070028916,
        "max": 1,
        "mean": 0.026923077181,
        "median": 0,
        "min": 0,
        "var": 0.0261981673539
    },
    "spectral_centroid": {
        "dmean": 304.909729004,
        "dmean2": 458.867858887,
        "dvar": 137083.765625,
        "dvar2": 208456.28125,
        "max": 11057.03125,
        "mean": 2465.02001953,
        "median": 2507.89160156,
        "min": 352.904571533,
        "var": 357803.1875
    },
    "spectral_complexity": {
        "dmean": 5.11932277679,
        "dmean2": 7.60092449188,
        "dvar": 24.4237766266,
        "dvar2": 45.273601532,
        "max": 64,
        "mean": 34.7692298889,
        "median": 36,
        "min": 0,
        "var": 148.132919312
    },
    "spectral_decrease": {
        "dmean": 2.34291541723e-09,
        "dmean2": 3.63188035202e-09,
        "dvar": 8.82807267976e-18,
        "dvar2": 2.17600001366e-17,
        "max": -6.87722319195e-29,
        "mean": -6.85513024123e-09,
        "median": -6.21848084137e-09,
        "min": -2.96702307168e-08,
        "var": 1.52065459284e-17
    },
    "spectral_energy": {
        "dmean": 0.00938943680376,
        "dmean2": 0.0145768029615,
        "dvar": 0.000148031685967,
        "dvar2": 0.000363919069059,
        "max": 0.123058468103,
        "mean": 0.0290290210396,
        "median": 0.0266680121422,
        "min": 1.03785293247e-20,
        "var": 0.000257143314229
    },
    "spectral_energyband_high": {
        "dmean": 0.00120340706781,
        "dmean2": 0.00190834549721,
        "dvar": 4.73491900266e-06,
        "dvar2": 1.24928301375e-05,
        "max": 0.0165006257594,
        "mean": 0.00286243972369,
        "median": 0.00188388349488,
        "min": 7.52284739524e-21,
        "var": 7.24947994968e-06
    },
    "spectral_energyband_low": {
        "dmean": 0.00705999881029,
        "dmean2": 0.0110031915829,
        "dvar": 8.35275059217e-05,
        "dvar2": 0.000198093694053,
        "max": 0.0829889029264,
        "mean": 0.0134226595983,
        "median": 0.0108613558114,
        "min": 8.05806962751e-23,
        "var": 0.000121819488413
    },
    "spectral_energyband_middle_high": {
        "dmean": 0.00154265551828,
        "dmean2": 0.00246548699215,
        "dvar": 4.13245697928e-06,
        "dvar2": 1.03507618405e-05,
        "max": 0.0230835191905,
        "mean": 0.00577627541497,
        "median": 0.00509974779561,
        "min": 1.66379413351e-21,
        "var": 1.22326127894e-05
    },
    "spectral_energyband_middle_low": {
        "dmean": 0.00367410527542,
        "dmean2": 0.00585924554616,
        "dvar": 2.19848006964e-05,
        "dvar2": 5.83200453548e-05,
        "max": 0.0523400865495,
        "mean": 0.00928946118802,
        "median": 0.0078508015722,
        "min": 2.56766954507e-22,
        "var": 4.14846435888e-05
    },
    "spectral_entropy": {
        "dmean": 0.0943134427071,
        "dmean2": 0.140256986022,
        "dvar": 0.0118285948411,
        "dvar2": 0.0207887571305,
        "max": 9.79486179352,
        "mean": 7.86759471893,
        "median": 7.86071157455,
        "min": 6.95572757721,
        "var": 0.0367168523371
    },
    "spectral_flux": {
        "dmean": 0.0199034903198,
        "dmean2": 0.0311024021357,
        "dvar": 0.000547124946024,
        "dvar2": 0.00110764114652,
        "max": 0.293164372444,
        "mean": 0.0933903679252,
        "median": 0.0868840366602,
        "min": 1.0187506394e-10,
        "var": 0.00135287700687
    },
    "spectral_kurtosis": {
        "dmean": 1.03240704536,
        "dmean2": 1.79176962376,
        "dvar": 1.17812335491,
        "dvar2": 3.46739315987,
        "max": 15.6425304413,
        "mean": 1.50121045113,
        "median": 1.18157601357,
        "min": -1.19164955616,
        "var": 1.64965498447
    },
    "spectral_rms": {
        "dmean": 0.000813191058114,
        "dmean2": 0.00123231229372,
        "dvar": 7.62573336033e-07,
        "dvar2": 1.81936184163e-06,
        "max": 0.0109570547938,
        "mean": 0.00511417398229,
        "median": 0.00510074198246,
        "min": 3.1820425201e-12,
        "var": 2.16623061533e-06
    },
    "spectral_rolloff": {
        "dmean": 902.07421875,
        "dmean2": 1460.69091797,
        "dvar": 1278325,
        "dvar2": 2711191.75,
        "max": 18798.4863281,
        "mean": 3051.95068359,
        "median": 3143.84765625,
        "min": 129.19921875,
        "var": 2374629.75
    },
    "spectral_skewness": {
        "dmean": 0.162374049425,
        "dmean2": 0.269779413939,
        "dvar": 0.0245314817876,
        "dvar2": 0.0611344501376,
        "max": 2.5784881115,
        "mean": 0.542505919933,
        "median": 0.507900297642,
        "min": -0.184064656496,
        "var": 0.079485245049
    },
    "spectral_spread": {
        "dmean": 367845.34375,
        "dmean2": 508638.28125,
        "dvar": 1.16274403738e+12,
        "dvar2": 1.12927742362e+12,
        "max": 40492756,
        "mean": 3856069.25,
        "median": 3747272.5,
        "min": 2192334.25,
        "var": 1.86157327974e+12
    },
    "spectral_strongpeak": {
        "dmean": 0.288493275642,
        "dmean2": 0.507228255272,
        "dvar": 0.199212789536,
        "dvar2": 0.546510636806,
        "max": 3.70210957527,
        "mean": 0.474010527134,
        "median": 0.314036726952,
        "min": 0,
        "var": 0.290021210909
    },
    "zerocrossingrate": {
        "dmean": 0.0127028301358,
        "dmean2": 0.0153059996665,
        "dvar": 0.000286905822577,
        "dvar2": 0.000349455280229,
        "max": 0.50341796875,
        "mean": 0.092421874404,
        "median": 0.0888671875,
        "min": 0.01220703125,
        "var": 0.000989095540717
    },
    "barkbands": {
        "dmean": [0.000181776253157, 0.00347493821755, 0.00378573057242, 0.00210919906385, 0.00139568606392, 0.000709069543518, 0.000391572044464, 0.000268835370662, 0.0007755793049, 0.00017517482047, 0.000195574422833, 0.000260512344539, 0.000227541531785, 0.000174079890712, 0.000191803934285, 0.000281186366919, 0.000243478134507, 0.000436564616393, 0.000496096909046, 0.000403874961194, 0.000374853552785, 0.000359771307558, 0.000377794087399, 0.000154600056703, 2.9726221328e-05, 2.91306694322e-08, 1.04220374553e-08],
        "dmean2": [0.000299250823446, 0.00556546496227, 0.00597628299147, 0.00336515670642, 0.00231937202625, 0.00118500320241, 0.000651763984933, 0.000434359943029, 0.00131316320039, 0.00028858371661, 0.000319320970448, 0.000425378006184, 0.000374271854525, 0.000283733621472, 0.000309911585646, 0.000461485964479, 0.000402420846513, 0.0007212824421, 0.000833648489788, 0.000669256609399, 0.000612287723925, 0.000594577169977, 0.000630605849437, 0.000238027962041, 4.68692887807e-05, 4.84159947689e-08, 1.97749123743e-08],
        "dvar": [9.62407682437e-08, 5.52504534426e-05, 1.66198551597e-05, 6.8752392508e-06, 7.53726544644e-06, 1.17225852136e-06, 5.87474232816e-07, 4.24131172849e-07, 2.97658584714e-06, 1.61113860031e-07, 1.85816077192e-07, 1.88790124867e-07, 2.02330014076e-07, 1.27999342681e-07, 1.32086029225e-07, 2.26517371971e-07, 9.95864510855e-08, 2.14167002355e-07, 2.87883125338e-07, 2.74489536878e-07, 2.76722687431e-07, 5.29153339812e-07, 8.63219270286e-07, 8.07532742897e-08, 3.41373684876e-09, 4.81530818976e-15, 4.22448958004e-15],
        "dvar2": [2.42449033294e-07, 0.000132292101625, 4.23933452112e-05, 1.72032923729e-05, 2.00201830012e-05, 3.19527975989e-06, 1.35630807563e-06, 1.03704235244e-06, 8.12971939013e-06, 3.89634607245e-07, 4.59268676423e-07, 4.61060608359e-07, 4.78310198559e-07, 3.24425997178e-07, 3.13412584774e-07, 5.65136133446e-07, 2.50888518849e-07, 5.6676975646e-07, 7.62683612265e-07, 7.32971557227e-07, 7.22870083791e-07, 1.39015958212e-06, 2.3540960683e-06, 1.58617851298e-07, 7.66737429103e-09, 1.21060413687e-14, 1.21711807435e-14],
        "max": [0.0032681892626, 0.0642233937979, 0.0480077043176, 0.0303777530789, 0.0331108234823, 0.0189133714885, 0.0138615034521, 0.0100124310702, 0.0251683089882, 0.00682626245543, 0.00690596457571, 0.00474899541587, 0.00524502480403, 0.00607922533527, 0.00588250672445, 0.00803179200739, 0.00364300562069, 0.00536441477016, 0.00563835911453, 0.00701191648841, 0.00628253119066, 0.00660681677982, 0.00866855774075, 0.00410582870245, 0.00107322947588, 8.40081895603e-07, 8.21639105197e-07],
        "mean": [0.000231810714467, 0.00451237801462, 0.00642713485286, 0.00347874779254, 0.00208703614771, 0.00103008199949, 0.000550605996978, 0.000382285681553, 0.00167117489036, 0.000263011810603, 0.000315590034006, 0.000465961522423, 0.00034944358049, 0.000293733581202, 0.000326804089127, 0.000511114485562, 0.000467323348857, 0.00100523105357, 0.00123783492018, 0.0010159900412, 0.000927096873056, 0.000589394825511, 0.00052268744912, 0.000317967758747, 4.8558718845e-05, 3.50149420569e-08, 6.15513418012e-09],
        "median": [0.000131448236061, 0.00241514481604, 0.00509773287922, 0.00235488684848, 0.00150025612675, 0.000739885610528, 0.000335585675202, 0.00011537320097, 0.000266153889243, 8.27830008348e-05, 6.27629851806e-05, 0.000156093185069, 0.000116721188533, 0.000132878252771, 0.000148780731251, 0.00030773045728, 0.000337167119142, 0.000924792024307, 0.00118826224934, 0.000898808648344, 0.00078373902943, 0.000246740790317, 0.000160602561664, 0.000150315987412, 2.35545503529e-05, 1.25404930884e-08, 4.18104162403e-10],
        "min": [1.63419951809e-23, 6.56040583936e-23, 4.80414437456e-24, 4.38355292775e-24, 2.21159900015e-23, 7.5810971874e-23, 9.38613463194e-23, 1.48920593708e-23, 3.6640913507e-23, 1.75369411697e-23, 3.28822531954e-23, 1.45726186669e-22, 1.26660743876e-22, 1.99394602862e-22, 2.01359762662e-22, 2.27100508569e-22, 1.73171818765e-22, 1.70684041771e-22, 2.48318216347e-22, 2.77240103808e-22, 4.68594080966e-22, 6.9322622483e-22, 5.46894470665e-22, 9.70906475158e-22, 9.836685028e-22, 1.69116833898e-21, 2.21699812827e-21],
        "var": [1.14528575068e-07, 5.65111622564e-05, 3.07979898935e-05, 1.27092762341e-05, 7.06740820533e-06, 1.24778182453e-06, 7.18923104159e-07, 8.53544406709e-07, 9.32487819227e-06, 3.04155349795e-07, 4.37270585962e-07, 4.74367681136e-07, 4.10883899349e-07, 2.58729642155e-07, 3.16798065114e-07, 5.12951942255e-07, 1.91927242099e-07, 3.77809442398e-07, 5.13308805239e-07, 5.20880064414e-07, 4.76085517676e-07, 6.60456180412e-07, 7.93660092313e-07, 2.05937922715e-07, 5.97813931691e-09, 5.1360029104e-15, 2.36320985262e-15]
    },
    "erbbands": {
        "dmean": [0.10760962218, 0.812180399895, 3.55584478378, 6.0659737587, 4.98016309738, 5.32632732391, 4.45905303955, 6.45350694656, 6.40689134598, 3.95739245415, 7.76846885681, 20.0108718872, 8.2489900589, 5.353120327, 9.21344470978, 10.2166414261, 9.51444911957, 8.93692874908, 7.29851675034, 13.9325838089, 12.8369493484, 13.7661809921, 23.3390216827, 21.4865016937, 25.6693916321, 18.8819351196, 17.0136756897, 13.1681671143, 13.312335968, 12.6655702591, 9.91351699829, 4.43066692352, 2.06723809242, 0.61257237196, 0.0288254860789, 0.00137722562067, 0.000114352464152, 2.46475301537e-05, 1.0472737813e-05, 1.23185454868e-05],
        "dmean2": [0.171017020941, 1.33402311802, 5.59633970261, 9.6647310257, 8.10800552368, 9.02599430084, 7.41673469543, 10.8367843628, 10.666009903, 6.42218732834, 12.4343309402, 33.3576545715, 13.911450386, 8.84194850922, 15.0729484558, 16.4261264801, 15.4008102417, 14.51541996, 11.6884336472, 22.5968151093, 21.6576099396, 22.7840900421, 38.9244499207, 35.5551071167, 43.5820236206, 31.3581295013, 27.7503662109, 21.6388931274, 21.8778266907, 21.2288684845, 16.4791297913, 6.99519300461, 3.15728378296, 0.946299612522, 0.0452298745513, 0.00214834371582, 0.000179616909008, 3.99907985411e-05, 1.66814934346e-05, 1.93505566131e-05],
        "dvar": [0.0643861442804, 2.73679900169, 17.4357280731, 50.1255607605, 36.4777946472, 186.533416748, 61.8916244507, 121.141860962, 157.166625977, 49.798160553, 379.509307861, 2040.67993164, 346.500427246, 151.429458618, 376.727600098, 290.185699463, 357.015625, 379.771087646, 206.577560425, 713.324035645, 374.822692871, 304.918609619, 622.245727539, 534.20690918, 861.53302002, 674.392089844, 380.499481201, 525.097595215, 718.730529785, 815.25604248, 563.545166016, 68.3864364624, 16.5101852417, 1.4720364809, 0.00651138275862, 1.24419875647e-05, 5.33166826244e-08, 3.20042614632e-09, 3.88567428233e-10, 3.05141606427e-10],
        "dvar2": [0.148545950651, 6.88030338287, 43.7699661255, 127.784858704, 95.8658599854, 511.421905518, 167.006408691, 331.478302002, 370.873687744, 116.237518311, 923.675964355, 5538.40234375, 917.135009766, 417.246673584, 921.452148438, 664.56842041, 824.262878418, 959.94317627, 505.553649902, 1823.05432129, 936.304138184, 776.371154785, 1633.74304199, 1346.9621582, 2289.87426758, 1780.5847168, 924.776672363, 1420.80969238, 1891.73632812, 2210.85839844, 1528.97058105, 158.165390015, 30.4612236023, 2.99821305275, 0.014944289811, 2.77792896668e-05, 1.20539169757e-07, 8.28030177757e-09, 1.0151898211e-09, 7.5170480951e-10],
        "max": [2.45507097244, 13.4934930801, 42.770072937, 69.4958724976, 65.8181533813, 156.109054565, 91.7992401123, 217.363113403, 212.497253418, 111.165672302, 298.794219971, 614.389770508, 232.871459961, 186.350997925, 330.979492188, 203.436325073, 258.219177246, 350.965484619, 173.711029053, 363.546081543, 426.81149292, 187.459259033, 285.727172852, 222.621871948, 360.593658447, 396.326751709, 213.802536011, 276.771728516, 247.412124634, 269.678955078, 204.217849731, 94.7298431396, 66.6319122314, 22.575630188, 1.36254632473, 0.0621969513595, 0.00330484006554, 0.000579096144065, 0.000216571381316, 0.000174153276021],
        "mean": [0.141275733709, 1.05007886887, 6.23020410538, 11.0349674225, 8.35038280487, 6.96564435959, 6.35931062698, 9.04011535645, 9.13554859161, 6.26226186752, 12.195356369, 42.1294212341, 16.3422279358, 9.30080699921, 16.4571094513, 18.6398925781, 16.0031757355, 15.6555404663, 14.2737083435, 25.0872440338, 25.6448822021, 29.0946388245, 53.6017837524, 54.9257202148, 64.0263366699, 48.4997520447, 43.6699905396, 28.8594169617, 22.1253566742, 18.661649704, 13.8721513748, 8.24659061432, 4.30726909637, 1.1244276762, 0.0411154218018, 0.00215024757199, 0.000221030961256, 4.82376708533e-05, 2.92027052637e-05, 4.04652419093e-05],
        "median": [0.0639385506511, 0.596880555153, 4.81728744507, 8.38682937622, 6.3593711853, 4.37662696838, 3.91671037674, 6.27548885345, 5.77631807327, 3.57055473328, 3.90281677246, 6.14560031891, 3.15689396858, 2.64423656464, 3.72359371185, 6.80837249756, 5.72970485687, 6.38612604141, 6.72349405289, 13.2008457184, 16.8686294556, 22.0113582611, 47.9055862427, 52.9663467407, 60.0405654907, 42.9827194214, 39.8542289734, 21.2996177673, 9.50503158569, 6.51607990265, 4.39957046509, 3.38824653625, 2.0705537796, 0.560265660286, 0.016340047121, 0.000912570802029, 0.000110092660179, 2.51202691288e-05, 2.25452913583e-05, 3.63944673154e-05],
        "min": [1.63189890939e-21, 1.51859099822e-20, 1.34830447924e-20, 7.93138737613e-21, 2.7252770675e-20, 7.04664565582e-20, 2.95364069661e-19, 8.72014422139e-19, 1.60521377202e-18, 5.18563455117e-19, 2.77242894735e-19, 8.26977126122e-19, 7.10636137521e-19, 9.15116012124e-19, 2.50797211939e-18, 5.60461642068e-18, 4.33093363964e-18, 9.71659369782e-18, 9.17424942048e-18, 1.22970605465e-17, 1.24298271707e-17, 9.30643453672e-18, 1.07595791147e-17, 1.17504207202e-17, 1.18563345802e-17, 1.35656503765e-17, 1.63386732912e-17, 2.0275938856e-17, 2.17833961131e-17, 2.04642415594e-17, 1.77468093177e-17, 1.37768494392e-17, 1.85312114577e-17, 1.04198411479e-17, 8.28356780666e-18, 5.27038416801e-18, 3.41813404342e-18, 1.06758659552e-18, 2.77261066859e-19, 3.91829478494e-20],
        "var": [0.0694431066513, 2.54065179825, 31.5291671753, 90.6150054932, 54.6623382568, 144.761260986, 74.5211486816, 113.442138672, 182.868041992, 89.6504745483, 718.421142578, 6253.12304688, 847.565307617, 289.564575195, 942.383666992, 737.573059082, 780.625061035, 790.846252441, 485.135345459, 1601.97412109, 1022.10314941, 602.951293945, 1117.1015625, 937.98651123, 1580.89013672, 1216.26025391, 828.975646973, 700.461181641, 907.93145752, 851.574584961, 544.473632812, 140.44140625, 40.8864517212, 2.96845555305, 0.0087481085211, 1.8487453417e-05, 9.38437736409e-08, 3.98579835803e-09, 5.20085474687e-10, 5.15434028792e-10]
    },
    "gfcc": {
        "mean": [9.83179950714, 98.6733398438, -147.163360596, 99.057220459, -71.1097259521, 15.5610322952, -28.8252830505, 0.116034604609, -10.6763067245, -20.9131793976, 3.94452381134, -23.4337806702, -0.219873815775],
        "cov": [[4394.51367188, -60.5905914307, -354.134185791, -88.6419906616, -282.441680908, 230.994125366, -62.6179389954, 43.1889266968, -37.5156860352, -0.669815897942, 7.97477006912, 8.10980224609, -48.1024665833], [-60.5905914307, 573.002624512, -201.565551758, -145.087875366, 86.8517837524, -176.994537354, 186.468811035, -26.3313522339, 30.4208946228, -53.7223892212, 10.1630373001, -25.42329216, 51.0742454529], [-354.134185791, -201.565551758, 386.349151611, 207.11756897, -17.093996048, 38.0645637512, -99.2752456665, 14.0519552231, 0.121515005827, 31.6475200653, 8.17036342621, 10.2140283585, -11.2235689163], [-88.6419906616, -145.087875366, 207.11756897, 362.842285156, 57.8674201965, -59.1836509705, -96.1881561279, -77.1976623535, 54.953540802, 62.6238517761, 40.2811889648, 17.15899086, -11.9256134033], [-282.441680908, 86.8517837524, -17.093996048, 57.8674201965, 174.936920166, -11.9052343369, 2.49893260002, -56.053730011, 21.5968799591, 16.325958252, 19.6197872162, -7.84093141556, 10.2994909286], [230.994125366, -176.994537354, 38.0645637512, -59.1836509705, -11.9052343369, 215.965286255, -9.10262870789, 44.2423973083, -29.5288505554, -12.0848312378, -11.9654979706, 7.10190820694, -19.4329376221], [-62.6179389954, 186.468811035, -99.2752456665, -96.1881561279, 2.49893260002, -9.10262870789, 207.227935791, 58.1845817566, 21.4129676819, -53.8895187378, -7.50744199753, 7.90828037262, 17.6293621063], [43.1889266968, -26.3313522339, 14.0519552231, -77.1976623535, -56.053730011, 44.2423973083, 58.1845817566, 122.362983704, -3.93709111214, -24.454366684, -21.310918808, 2.34897112846, 15.5834503174], [-37.5156860352, 30.4208946228, 0.121515005827, 54.953540802, 21.5968799591, -29.5288505554, 21.4129676819, -3.93709111214, 86.5337524414, 34.4537696838, 10.3206939697, 3.87380647659, -1.28269827366], [-0.669815897942, -53.7223892212, 31.6475200653, 62.6238517761, 16.325958252, -12.0848312378, -53.8895187378, -24.454366684, 34.4537696838, 83.5934143066, 36.4518547058, 7.56004095078, -3.78566336632], [7.97477006912, 10.1630373001, 8.17036342621, 40.2811889648, 19.6197872162, -11.9654979706, -7.50744199753, -21.310918808, 10.3206939697, 36.4518547058, 59.1829719543, 30.246635437, 6.46176671982], [8.10980224609, -25.42329216, 10.2140283585, 17.15899086, -7.84093141556, 7.10190820694, 7.90828037262, 2.34897112846, 3.87380647659, 7.56004095078, 30.246635437, 58.6028671265, 22.6857700348], [-48.1024665833, 51.0742454529, -11.2235689163, -11.9256134033, 10.2994909286, -19.4329376221, 17.6293621063, 15.5834503174, -1.28269827366, -3.78566336632, 6.46176671982, 22.6857700348, 48.1751365662]],
        "icov": [[0.000485078111524, -0.00109234743286, 0.00114841200411, -0.00132976530585, 0.001418062835, -0.00158663396724, 0.000981651712209, -0.000720136100426, 0.000446840771474, -0.000473353342386, 0.000321547471685, -0.000463847798528, 0.000661326630507], [-0.00109234743286, 0.0106816692278, -0.00348298973404, 0.00750305131078, -0.0053195389919, 0.008859237656, -0.00717280153185, 0.00621825270355, -0.00468107685447, 0.00639551552013, -0.00838343799114, 0.00941458996385, -0.0089758913964], [0.00114841200411, -0.00348298973404, 0.00793642457575, -0.00727933039889, 0.00405506324023, -0.00532530900091, 0.00419197976589, -0.00509572215378, 0.00288087246008, -0.00189468869939, 0.0020338606555, -0.00211092852987, 0.00263457326218], [-0.00132976530585, 0.00750305131078, -0.00727933039889, 0.0130533184856, -0.00639451900497, 0.00888438336551, -0.00416333647445, 0.00710099563003, -0.0068997242488, 0.00477062957361, -0.00638189911842, 0.00408657127991, -0.00444666948169], [0.001418062835, -0.0053195389919, 0.00405506324023, -0.00639451900497, 0.0134745566174, -0.00816089194268, 0.00277316849679, 0.00143476028461, 0.000509407604113, -0.00205941125751, -0.000564178684726, 0.0025079685729, -0.00248787738383], [-0.00158663396724, 0.008859237656, -0.00532530900091, 0.00888438336551, -0.00816089194268, 0.015435452573, -0.0055579142645, 0.00217638886534, -0.00197468092665, 0.0042159226723, -0.00391012383625, 0.00203181779943, -0.000870593532454], [0.000981651712209, -0.00717280153185, 0.00419197976589, -0.00416333647445, 0.00277316849679, -0.0055579142645, 0.0149238361046, -0.0086158560589, -0.00250925472938, 0.00439467700198, 0.000438794406364, -0.006439212244, 0.00627343123779], [-0.000720136100426, 0.00621825270355, -0.00509572215378, 0.00710099563003, 0.00143476028461, 0.00217638886534, -0.0086158560589, 0.0202494636178, -0.00494661927223, 0.00285058422014, -0.00261555681936, 0.00822619069368, -0.012997565791], [0.000446840771474, -0.00468107685447, 0.00288087246008, -0.0068997242488, 0.000509407604113, -0.00197468092665, -0.00250925472938, -0.00494661927223, 0.0226955730468, -0.0155709451064, 0.0112522048876, -0.00797603745013, 0.00761236948892], [-0.000473353342386, 0.00639551552013, -0.00189468869939, 0.00477062957361, -0.00205941125751, 0.0042159226723, 0.00439467700198, 0.00285058422014, -0.0155709451064, 0.0334688276052, -0.0243183411658, 0.0123449238017, -0.00723884813488], [0.000321547471685, -0.00838343799114, 0.0020338606555, -0.00638189911842, -0.000564178684726, -0.00391012383625, 0.000438794406364, -0.00261555681936, 0.0112522048876, -0.0243183411658, 0.047108028084, -0.0286314375699, 0.0128844613209], [-0.000463847798528, 0.00941458996385, -0.00211092852987, 0.00408657127991, 0.0025079685729, 0.00203181779943, -0.006439212244, 0.00822619069368, -0.00797603745013, 0.0123449238017, -0.0286314375699, 0.0449972860515, -0.0265368837863], [0.000661326630507, -0.0089758913964, 0.00263457326218, -0.00444666948169, -0.00248787738383, -0.000870593532454, 0.00627343123779, -0.012997565791, 0.00761236948892, -0.00723884813488, 0.0128844613209, -0.0265368837863, 0.0429382957518]]
    },
    "melbands": {
        "dmean": [0.000937341654208, 0.00153902964666, 0.000967108178884, 0.0003638000926, 0.000160408497322, 0.000139412557473, 9.13559124456e-05, 4.30951586168e-05, 7.29003440938e-05, 0.000128321538796, 4.17191586166e-05, 2.22107009904e-05, 2.85574224108e-05, 3.14331082336e-05, 2.49792592513e-05, 2.16834832827e-05, 1.7297175873e-05, 1.23793561215e-05, 1.62504329637e-05, 2.12039940379e-05, 1.54176250362e-05, 1.58095062943e-05, 1.67204671015e-05, 2.45335832005e-05, 1.8781167455e-05, 2.25244039029e-05, 1.80178412847e-05, 1.2281258023e-05, 1.13384667202e-05, 1.10538176159e-05, 7.41438861951e-06, 7.79313995736e-06, 7.6385704233e-06, 7.88099623605e-06, 6.83457574269e-06, 3.86001738661e-06, 2.48239666689e-06, 1.56985197464e-06, 1.18656134873e-06, 3.30731012355e-07],
        "dmean2": [0.00149135314859, 0.00242569018155, 0.00153427186888, 0.000601118372288, 0.000267803872703, 0.000234454753809, 0.000151545580593, 6.94566842867e-05, 0.000118484676932, 0.000216059517697, 7.06076316419e-05, 3.70684356312e-05, 4.66792516818e-05, 5.11680736963e-05, 4.09262902394e-05, 3.46306514984e-05, 2.83638746623e-05, 1.99846163014e-05, 2.63587189693e-05, 3.49626316165e-05, 2.66854476649e-05, 2.61971308646e-05, 2.79394243989e-05, 4.07513107348e-05, 3.13809614454e-05, 3.81473073503e-05, 3.02322096104e-05, 2.05665328394e-05, 1.87715977518e-05, 1.84005730262e-05, 1.23548261399e-05, 1.27346247609e-05, 1.28371211758e-05, 1.33825533339e-05, 1.16147748486e-05, 6.25712800684e-06, 3.90475543099e-06, 2.40399413087e-06, 1.87605189694e-06, 5.11975486006e-07],
        "dvar": [4.57526539321e-06, 3.80379674425e-06, 1.19821402222e-06, 4.32727659927e-07, 1.03550092945e-07, 5.24768850596e-08, 3.20972048939e-08, 6.84225742731e-09, 3.48284991958e-08, 8.91645370871e-08, 8.99694985179e-09, 2.61773736021e-09, 3.79515041615e-09, 2.93255775219e-09, 2.36339525728e-09, 1.93053462105e-09, 1.44967737814e-09, 6.00879068724e-10, 9.72035674174e-10, 1.60390811743e-09, 6.06739547493e-10, 4.4503359331e-10, 3.04048564104e-10, 7.06163461039e-10, 4.05358163702e-10, 6.2639587961e-10, 4.50395137852e-10, 2.72838529547e-10, 1.63126401276e-10, 2.37541986081e-10, 1.80087306179e-10, 2.30607671847e-10, 2.55428650453e-10, 3.77227582504e-10, 2.93605084689e-10, 5.93985208241e-11, 2.08042923167e-11, 9.88572852051e-12, 4.74363170272e-12, 5.69984868765e-13],
        "dvar2": [1.07425976239e-05, 9.68937365542e-06, 3.06143124362e-06, 1.1433404552e-06, 2.88143382932e-07, 1.43557883803e-07, 7.55616724746e-08, 1.67546474472e-08, 8.70121823482e-08, 2.41975044446e-07, 2.43565576596e-08, 7.15132264517e-09, 9.20577747365e-09, 7.26033988485e-09, 5.73996628006e-09, 4.51978765525e-09, 3.73740149939e-09, 1.48424106339e-09, 2.3600028598e-09, 4.0423779879e-09, 1.62751312427e-09, 1.13700093785e-09, 7.9444800738e-10, 1.91514559766e-09, 1.05263475714e-09, 1.67893077219e-09, 1.24991850203e-09, 7.15690506858e-10, 4.02384570108e-10, 6.44805986383e-10, 4.88828422185e-10, 6.05649697061e-10, 6.77128075832e-10, 1.03695807496e-09, 8.03358768398e-10, 1.50542550648e-10, 4.32930254146e-11, 1.87615843e-11, 9.58284059743e-12, 1.23765245014e-12],
        "max": [0.0193724967539, 0.0179830323905, 0.0116845518351, 0.00793267227709, 0.00427349610254, 0.00434688432142, 0.00315454578958, 0.00123396178242, 0.00371414399706, 0.00443907780573, 0.00112311181147, 0.000750711129513, 0.000991121632978, 0.000622621679213, 0.000544278533198, 0.000504739931785, 0.000674599141348, 0.000312623888021, 0.000476040469948, 0.000574945064727, 0.000568496179767, 0.000271382625215, 0.000171353298356, 0.0003428850614, 0.000190417689737, 0.000262895075139, 0.000248456868576, 0.00022478660685, 0.00013421488984, 0.000231242083828, 0.000159376693773, 0.000158867143909, 0.000142945253174, 0.000198240304599, 0.000144868390635, 0.000104780985566, 7.24586570868e-05, 5.04766358063e-05, 3.09100905724e-05, 1.5305737179e-05],
        "mean": [0.00122051534709, 0.00261372490786, 0.00183816358913, 0.000548709766008, 0.000230923586059, 0.000200825103093, 0.000131539316499, 6.65756233502e-05, 0.000108530453872, 0.000277388462564, 7.43929413147e-05, 3.47345630871e-05, 4.83154981339e-05, 5.67469614907e-05, 3.96124160034e-05, 3.37503479386e-05, 2.83659774141e-05, 2.19056728383e-05, 2.72022098216e-05, 3.79294542654e-05, 2.77196450043e-05, 2.865215356e-05, 3.59517689503e-05, 5.25736577401e-05, 4.24488753197e-05, 5.07864933752e-05, 4.06687431678e-05, 2.92838049063e-05, 2.7170712201e-05, 2.38190204982e-05, 1.41675136547e-05, 1.24044772747e-05, 1.12464194899e-05, 1.04095342977e-05, 8.59637202666e-06, 6.01398051003e-06, 4.67123982162e-06, 3.09368192575e-06, 2.29852480516e-06, 4.55337072935e-07],
        "median": [0.000607561436482, 0.0020062122494, 0.00145486416295, 0.000399568118155, 0.000153025088366, 0.000144897479913, 8.38078267407e-05, 3.36508674081e-05, 3.34855576511e-05, 3.62141508958e-05, 1.46700340338e-05, 9.90268745227e-06, 9.92833702185e-06, 1.71709434653e-05, 1.42064182e-05, 1.13328715088e-05, 1.16806813821e-05, 1.0007711353e-05, 1.26452050608e-05, 2.10382349906e-05, 1.86240285984e-05, 2.04144562304e-05, 3.12207557727e-05, 4.77723297081e-05, 3.99552554882e-05, 4.73025975225e-05, 3.44593936461e-05, 2.60661872744e-05, 2.50610028161e-05, 1.98211237148e-05, 9.26920802158e-06, 5.46451474293e-06, 3.88536136597e-06, 3.34658307111e-06, 2.48773039857e-06, 2.11778024095e-06, 2.05074184123e-06, 1.44379646372e-06, 1.17479430628e-06, 1.83177888857e-07],
        "min": [1.80274548806e-23, 1.24667065177e-23, 1.97360199218e-24, 2.97428210843e-24, 9.69602664787e-24, 1.88816571346e-23, 2.19963844887e-23, 4.72831551448e-24, 2.8494231765e-24, 5.22219647812e-24, 3.41762509261e-24, 3.26466673802e-24, 6.63287265315e-24, 1.2459649368e-23, 1.74824103708e-23, 9.1444779799e-24, 1.97253943598e-23, 1.51601711044e-23, 1.78254765122e-23, 1.49276369976e-23, 1.36330310552e-23, 8.6868534579e-24, 1.00405632259e-23, 9.57369640957e-24, 9.64644516225e-24, 8.46039831328e-24, 8.98517777529e-24, 8.95479006436e-24, 8.91717875412e-24, 1.22295078764e-23, 1.2196979197e-23, 1.19097991176e-23, 1.42572030469e-23, 9.48060608959e-24, 1.13150476933e-23, 7.01161187349e-24, 8.91724501843e-24, 1.36228894594e-23, 1.07740397847e-23, 8.37465386605e-24],
        "var": [4.7797316256e-06, 5.6107041928e-06, 2.23076403927e-06, 4.31600852835e-07, 1.02581758199e-07, 5.06848678583e-08, 3.76319562179e-08, 1.36525413197e-08, 6.22952001095e-08, 2.86912694492e-07, 1.94943723386e-08, 4.61986049416e-09, 9.53540091331e-09, 7.46609174485e-09, 4.4978287761e-09, 4.06573397171e-09, 2.74904987663e-09, 1.21860366242e-09, 2.21791807142e-09, 3.29072613603e-09, 1.32069610803e-09, 8.1353840331e-10, 6.08163241989e-10, 1.12106268713e-09, 6.48367193268e-10, 1.02561326099e-09, 9.25144683084e-10, 4.50491033366e-10, 3.27485483176e-10, 3.43004263881e-10, 2.24250507053e-10, 2.87153162359e-10, 3.01145747228e-10, 3.33990113344e-10, 2.51035303656e-10, 8.65935725902e-11, 4.93300920945e-11, 2.3592830814e-11, 1.03709298094e-11, 8.75106627787e-13]
    },
    "mfcc": {
        "mean": [-598.537231445, 76.5340499878, 2.45224761963, 58.1477165222, 4.00474405289, 9.33029747009, 4.61478471756, 9.02738761902, -4.17834758759, 5.48354673386, -3.5541665554, 3.52262949944, -6.26569318771],
        "cov": [[3330.89575195, -79.0857925415, -115.776603699, -293.845153809, -163.79057312, 17.028924942, -12.8869409561, 48.8181343079, -50.3184700012, 21.6938610077, 35.9686775208, 11.8528499603, 4.43783998489], [-79.0857925415, 643.227416992, -305.350341797, -11.8140001297, -158.38117981, -75.9219741821, 66.8539123535, 31.9596691132, 73.7360992432, -31.313287735, -22.6529941559, 14.9950456619, -20.3573703766], [-115.776603699, -305.350341797, 416.426879883, 69.5660552979, 90.2226409912, 7.05585861206, -26.7368564606, -2.15488553047, -27.9435195923, 16.9328842163, 4.4092092514, -3.64617872238, 12.7826757431], [-293.845153809, -11.8140001297, 69.5660552979, 404.090393066, 66.2903366089, 32.3209877014, -91.5041885376, -70.9283981323, -46.2757949829, 31.4822731018, -8.03648662567, 13.6558227539, 25.9071788788], [-163.79057312, -158.38117981, 90.2226409912, 66.2903366089, 217.078186035, 78.05443573, -31.9753437042, -73.016494751, -38.6753883362, 5.2124671936, 2.63028025627, -0.787312328815, 5.7736697197], [17.028924942, -75.9219741821, 7.05585861206, 32.3209877014, 78.05443573, 137.162078857, -11.4043140411, -10.7332334518, -36.1200141907, 16.5009365082, 11.6025543213, 6.45116138458, 11.2149972916], [-12.8869409561, 66.8539123535, -26.7368564606, -91.5041885376, -31.9753437042, -11.4043140411, 116.126106262, 62.2113037109, 31.1698207855, -22.610206604, -6.77889919281, 2.57824540138, -10.7520475388], [48.8181343079, 31.9596691132, -2.15488553047, -70.9283981323, -73.016494751, -10.7332334518, 62.2113037109, 135.219787598, 51.6343688965, -0.183377817273, -7.15328264236, -1.7507570982, -7.56806230545], [-50.3184700012, 73.7360992432, -27.9435195923, -46.2757949829, -38.6753883362, -36.1200141907, 31.1698207855, 51.6343688965, 83.4904098511, 12.4429416656, -0.185700342059, -8.27663898468, -7.48855257034], [21.6938610077, -31.313287735, 16.9328842163, 31.4822731018, 5.2124671936, 16.5009365082, -22.610206604, -0.183377817273, 12.4429416656, 66.5429840088, 21.2260169983, 4.55224895477, -0.174062237144], [35.9686775208, -22.6529941559, 4.4092092514, -8.03648662567, 2.63028025627, 11.6025543213, -6.77889919281, -7.15328264236, -0.185700342059, 21.2260169983, 47.8344650269, 11.9997167587, 5.65928459167], [11.8528499603, 14.9950456619, -3.64617872238, 13.6558227539, -0.787312328815, 6.45116138458, 2.57824540138, -1.7507570982, -8.27663898468, 4.55224895477, 11.9997167587, 38.8197631836, 15.7123250961], [4.43783998489, -20.3573703766, 12.7826757431, 25.9071788788, 5.7736697197, 11.2149972916, -10.7520475388, -7.56806230545, -7.48855257034, -0.174062237144, 5.65928459167, 15.7123250961, 47.3549346924]],
