{
"lowlevel": {
    "average_loudness": 0.754629194736,
    "barkbands_crest": {
        "dmean": 2.29615712166,
        "dmean2": 3.67575407028,
        "dvar": 3.91737270355,
        "dvar2": 9.53322505951,
        "max": 21.1670608521,
        "mean": 8.89497661591,
        "median": 8.1879234314,
        "min": 3.37763619423,
        "var": 11.331445694
    },
    "barkbands_flatness_db": {
        "dmean": 0.0186248179525,
        "dmean2": 0.0291872061789,
        "dvar": 0.000245657778578,
        "dvar2": 0.000598162063397,
        "max": 0.36760443449,
        "mean": 0.242463573813,
        "median": 0.240868419409,
        "min": 0.0972311645746,
        "var": 0.000983677222393
    },
    "barkbands_kurtosis": {
        "dmean": 0.92976051569,
        "dmean2": 1.4730193615,
        "dvar": 2.31948471069,
        "dvar2": 6.15634536743,
        "max": 28.794254303,
        "mean": 0.422138929367,
        "median": -0.169500827789,
        "min": -1.73761689663,
        "var": 4.34281778336
    },
    "barkbands_skewness": {
        "dmean": 0.357145041227,
        "dmean2": 0.524623036385,
        "dvar": 0.122429683805,
        "dvar2": 0.266654014587,
        "max": 1.83532810211,
        "mean": -0.270979344845,
        "median": -0.199288502336,
        "min": -4.06282329559,
        "var": 0.493379503489
    },
    "barkbands_spread": {
        "dmean": 2.85238313675,
        "dmean2": 4.34301805496,
        "dvar": 8.24447441101,
        "dvar2": 17.2379741669,
        "max": 40.5262413025,
        "mean": 13.9824886322,
        "median": 13.0353107452,
        "min": 1.51898193359,
        "var": 35.1450424194
    },
    "dissonance": {
        "dmean": 0.0167534854263,
        "dmean2": 0.0273145735264,
        "dvar": 0.000275006023003,
        "dvar2": 0.000701198761817,
        "max": 0.499684751034,
        "mean": 0.467480689287,
        "median": 0.473646521568,
        "min": 0.323809951544,
        "var": 0.000644967833068
    },
    "dynamic_complexity": 4.28868675232,
    "erbbands_crest": {
        "dmean": 2.99489092827,
        "dmean2": 4.78659629822,
        "dvar": 6.80888032913,
        "dvar2": 16.1611480713,
        "max": 29.0666732788,
        "mean": 11.5952835083,
        "median": 10.8411474228,
        "min": 4.37807750702,
        "var": 19.7501525879
    },
    "erbbands_flatness_db": {
        "dmean": 0.0162707008421,
        "dmean2": 0.0240034535527,
        "dvar": 0.000232268430409,
        "dvar2": 0.000467761361506,
        "max": 0.460591256618,
        "mean": 0.328247874975,
        "median": 0.327155441046,
        "min": 0.177957206964,
        "var": 0.00124458177015
    },
    "erbbands_kurtosis": {
        "dmean": 1.33505773544,
        "dmean2": 2.08355784416,
        "dvar": 3.06113791466,
        "dvar2": 6.682929039,
        "max": 21.0780735016,
        "mean": 1.65607857704,
        "median": 0.84871339798,
        "min": -1.39302062988,
        "var": 7.38197803497
    },
    "erbbands_skewness": {
        "dmean": 0.37057363987,
        "dmean2": 0.550625443459,
        "dvar": 0.125128850341,
        "dvar2": 0.261484086514,
        "max": 1.91487896442,
        "mean": -0.441597133875,
        "median": -0.349087357521,
        "min": -3.42117571831,
        "var": 0.625296115875
    },
    "erbbands_spread": {
        "dmean": 3.52904748917,
        "dmean2": 5.51074266434,
        "dvar": 13.0567369461,
        "dvar2": 27.6541137695,
        "max": 58.8467712402,
        "mean": 15.4336061478,
        "median": 14.7065925598,
        "min": 1.77227783203,
        "var": 45.8583374023
    },
    "hfc": {
        "dmean": 5.80018997192,
        "dmean2": 8.11226844788,
        "dvar": 129.525543213,
        "dvar2": 271.286987305,
        "max": 191.894302368,
        "mean": 17.4831943512,
        "median": 11.0960836411,
        "min": 8.70600342751e-06,
        "var": 437.202789307
    },
    "melbands_crest": {
        "dmean": 2.3222630024,
        "dmean2": 3.66493844986,
        "dvar": 4.68325996399,
        "dvar2": 11.5021276474,
        "max": 24.9058551788,
        "mean": 9.75241947174,
        "median": 9.03658103943,
        "min": 3.48344039917,
        "var": 13.5852499008
    },
    "melbands_flatness_db": {
        "dmean": 0.0165871717036,
        "dmean2": 0.0241113808006,
        "dvar": 0.000208201701753,
        "dvar2": 0.000437558861449,
        "max": 0.352458536625,
        "mean": 0.239171594381,
        "median": 0.239145830274,
        "min": 0.130582556129,
        "var": 0.00116715405602
    },
    "melbands_kurtosis": {
        "dmean": 0.786156952381,
        "dmean2": 1.25180017948,
        "dvar": 1.13807404041,
        "dvar2": 2.90652012825,
        "max": 18.2496395111,
        "mean": 0.14390283823,
        "median": -0.270642280579,
        "min": -1.72028791904,
        "var": 2.32168698311
    },
    "melbands_skewness": {
        "dmean": 0.350628346205,
        "dmean2": 0.527178108692,
        "dvar": 0.113677024841,
        "dvar2": 0.245248034596,
        "max": 2.56949806213,
        "mean": 0.170101091266,
        "median": 0.237302288413,
        "min": -3.53200936317,
        "var": 0.458484619856
    },
    "melbands_spread": {
        "dmean": 6.05769824982,
        "dmean2": 9.06212615967,
        "dvar": 41.9018249512,
        "dvar2": 87.6419677734,
        "max": 91.9176864624,
        "mean": 31.3225154877,
        "median": 29.2478179932,
        "min": 6.69608545303,
        "var": 179.134094238
    },
    "pitch_salience": {
        "dmean": 0.0575728937984,
        "dmean2": 0.0904857218266,
        "dvar": 0.00239262846299,
        "dvar2": 0.00583595177159,
        "max": 0.830170512199,
        "mean": 0.59920746088,
        "median": 0.605822563171,
        "min": 0.315691590309,
        "var": 0.0083544049412
    },
    "silence_rate_20dB": {
        "dmean": 0,
        "dmean2": 0,
        "dvar": 0,
        "dvar2": 0,
        "max": 1,
        "mean": 1,
        "median": 1,
        "min": 1,
        "var": 0
    },
    "silence_rate_30dB": {
        "dmean": 0.00154798757285,
        "dmean2": 0.00309837330133,
        "dvar": 0.00154559011571,
        "dvar2": 0.00308876764029,
        "max": 1,
        "mean": 0.998453199863,
        "median": 1,
        "min": 0,
        "var": 0.00154439697508
    },
    "silence_rate_60dB": {
        "dmean": 0.0479876175523,
        "dmean2": 0.0960495769978,
        "dvar": 0.045685634017,
        "dvar2": 0.0945687443018,
        "max": 1,
        "mean": 0.20262953639,
        "median": 0,
        "min": 0,
        "var": 0.161573201418
    },
    "spectral_centroid": {
        "dmean": 196.480926514,
        "dmean2": 279.538879395,
        "dvar": 54419.3789062,
        "dvar2": 101265.664062,
        "max": 3770.72387695,
        "mean": 1848.16992188,
        "median": 1821.23486328,
        "min": 602.194885254,
        "var": 233193.3125
    },
    "spectral_complexity": {
        "dmean": 3.02012372017,
        "dmean2": 4.55460882187,
        "dvar": 10.6280851364,
        "dvar2": 20.4003067017,
        "max": 49,
        "mean": 17.2428455353,
        "median": 17,
        "min": 0,
        "var": 88.3044052124
    },
    "spectral_decrease": {
        "dmean": 6.86853407483e-10,
        "dmean2": 9.5113883436e-10,
        "dvar": 1.51138905329e-18,
        "dvar2": 2.87160567975e-18,
        "max": -1.16097925053e-15,
        "mean": -2.55760035373e-09,
        "median": -1.85884319048e-09,
        "min": -2.74743570117e-08,
        "var": 7.64090554617e-18
    },
    "spectral_energy": {
        "dmean": 0.00310006644577,
        "dmean2": 0.00429156748578,
        "dvar": 3.16413425026e-05,
        "dvar2": 6.11476425547e-05,
        "max": 0.121099978685,
        "mean": 0.0112387556583,
        "median": 0.0080054262653,
        "min": 5.1714685867e-09,
        "var": 0.00015034309763
    },
    "spectral_energyband_high": {
        "dmean": 0.000126585233374,
        "dmean2": 0.000193116284208,
        "dvar": 1.99708480864e-07,
        "dvar2": 4.62666491785e-07,
        "max": 0.00799999944866,
        "mean": 0.000246586336289,
        "median": 7.06728314981e-05,
        "min": 2.38603470315e-10,
        "var": 3.8586730966e-07
    },
    "spectral_energyband_low": {
        "dmean": 2.88138053293e-05,
        "dmean2": 4.83338662889e-05,
        "dvar": 5.13028552973e-09,
        "dvar2": 1.39299762836e-08,
        "max": 0.00104061677121,
        "mean": 4.5928722102e-05,
        "median": 1.93460837181e-05,
        "min": 5.85428441835e-11,
        "var": 7.24524085172e-09
    },
    "spectral_energyband_middle_high": {
        "dmean": 0.00290704495274,
        "dmean2": 0.00408867420629,
        "dvar": 3.03686956613e-05,
        "dvar2": 5.994098683e-05,
        "max": 0.112700350583,
        "mean": 0.00861096475273,
        "median": 0.00543267372996,
        "min": 4.26098401007e-09,
        "var": 0.00011769667617
    },
    "spectral_energyband_middle_low": {
        "dmean": 0.000595772406086,
        "dmean2": 0.000857305480167,
        "dvar": 7.9854953583e-07,
        "dvar2": 1.71988244801e-06,
        "max": 0.0181045010686,
        "mean": 0.00237624603324,
        "median": 0.00192216865253,
        "min": 7.37994609867e-10,
        "var": 4.48319042334e-06
    },
    "spectral_entropy": {
        "dmean": 0.128583431244,
        "dmean2": 0.181302323937,
        "dvar": 0.016544893384,
        "dvar2": 0.0302151087672,
        "max": 8.00332069397,
        "mean": 7.24005317688,
        "median": 7.26373291016,
        "min": 5.99324989319,
        "var": 0.083080843091
    },
    "spectral_flux": {
        "dmean": 0.0129161616787,
        "dmean2": 0.0201525092125,
        "dvar": 0.000272131554084,
        "dvar2": 0.000593573611695,
        "max": 0.214704155922,
        "mean": 0.0499003641307,
        "median": 0.0454974658787,
        "min": 7.1912923886e-05,
        "var": 0.000933524919674
    },
    "spectral_kurtosis": {
        "dmean": 6.28277587891,
        "dmean2": 11.1764631271,
        "dvar": 34.0141906738,
        "dvar2": 105.005447388,
        "max": 60.3839683533,
        "mean": 8.33129405975,
        "median": 6.38789558411,
        "min": -0.7601749897,
        "var": 57.6446723938
    },
    "spectral_rms": {
        "dmean": 0.000409529719036,
        "dmean2": 0.000560790300369,
        "dvar": 2.57650214053e-07,
        "dvar2": 4.84059341943e-07,
        "max": 0.0108695132658,
        "mean": 0.00293267238885,
        "median": 0.00279466854408,
        "min": 2.24618247557e-06,
        "var": 2.36405912801e-06
    },
    "spectral_rolloff": {
        "dmean": 255.997879028,
        "dmean2": 398.489013672,
        "dvar": 154768.203125,
        "dvar2": 297136.125,
        "max": 5986.23046875,
        "mean": 2132.53344727,
        "median": 2088.72070312,
        "min": 689.0625,
        "var": 531858.875
    },
    "spectral_skewness": {
        "dmean": 0.560569524765,
        "dmean2": 0.992864608765,
        "dvar": 0.262284070253,
        "dvar2": 0.791445732117,
        "max": 5.04678678513,
        "mean": 1.18676865101,
        "median": 1.08028173447,
        "min": -0.61953496933,
        "var": 0.455459535122
    },
    "spectral_spread": {
        "dmean": 208851.84375,
        "dmean2": 333840.5,
        "dvar": 47968346112,
        "dvar2": 104046854144,
        "max": 5355543,
        "mean": 1888552.25,
        "median": 1830094.25,
        "min": 758689.9375,
        "var": 177380130816
    },
    "spectral_strongpeak": {
        "dmean": 0.950366616249,
        "dmean2": 1.50633990765,
        "dvar": 1.73499310017,
        "dvar2": 3.62650179863,
        "max": 20.0255317688,
        "mean": 2.24732708931,
        "median": 1.45035767555,
        "min": 0.000524159695487,
        "var": 6.0165772438
    },
    "zerocrossingrate": {
        "dmean": 0.00642702076584,
        "dmean2": 0.00695545505732,
        "dvar": 5.25675786776e-05,
        "dvar2": 5.72224853386e-05,
        "max": 0.17138671875,
        "mean": 0.074283324182,
        "median": 0.07177734375,
        "min": 0.03271484375,
        "var": 0.000377742864657
    },
    "barkbands": {
        "dmean": [5.47181926436e-08, 7.25659310774e-06, 1.07620753624e-05, 5.66465387237e-05, 0.000266064045718, 0.00010395568097, 8.48815907375e-05, 7.49694445403e-05, 0.000364252482541, 0.000271675031399, 0.000496814260259, 0.00034319687984, 0.000465083634481, 0.000946541316807, 0.000599506718572, 0.000852420576848, 0.000335827440722, 0.00020765249792, 0.000188498888747, 0.000101950892713, 5.87713111599e-05, 3.29399008479e-05, 2.50391167356e-06, 5.01728791846e-09, 1.19974297164e-09, 4.82941797664e-10, 4.93792118306e-10],
        "dmean2": [9.82026122642e-08, 1.17359322758e-05, 1.95570992219e-05, 8.61899752636e-05, 0.000441746553406, 0.000159998293384, 0.000130686763441, 0.000106987783511, 0.00045656732982, 0.000394410453737, 0.000733502907678, 0.000566959730349, 0.000694690854289, 0.00146105827298, 0.000889920222107, 0.00126303778961, 0.000503168150317, 0.000323512242176, 0.000281314103631, 0.00015666912077, 9.47613807512e-05, 5.09913770657e-05, 3.99107375415e-06, 8.2273441393e-09, 2.06838612904e-09, 8.99128660414e-10, 9.23754961413e-10],
        "dvar": [6.29759805976e-15, 2.37714292695e-10, 8.74814942708e-10, 2.08112176381e-08, 2.91855457135e-07, 2.42943656303e-08, 2.55646792624e-08, 3.72673767401e-08, 3.59466667987e-07, 2.55931411175e-07, 9.58922328209e-07, 5.18895319601e-07, 1.68012434187e-06, 9.85761744232e-06, 2.22890525947e-06, 6.66960477247e-06, 8.3780685145e-07, 6.71419968512e-07, 1.88355016917e-07, 2.30114750366e-07, 4.9723116291e-08, 3.68727910427e-08, 1.35012570568e-10, 9.50904796099e-17, 3.27353708209e-18, 7.70018761612e-19, 8.35068865368e-19],
        "dvar2": [1.70366955406e-14, 5.22842047435e-10, 2.71992939282e-09, 4.56762911938e-08, 8.14725297005e-07, 5.62014292882e-08, 6.96053064075e-08, 7.35216829639e-08, 6.42270379103e-07, 5.41872623216e-07, 2.35290804085e-06, 1.45942851759e-06, 3.25007113133e-06, 1.68821643456e-05, 3.59816226592e-06, 1.59334140335e-05, 2.05513993023e-06, 1.70131170307e-06, 4.07219630461e-07, 5.52555206923e-07, 1.20990691244e-07, 9.21444609503e-08, 3.3157127044e-10, 2.49723656408e-16, 8.69443668872e-18, 2.41512274999e-18, 2.6151780355e-18],
        "max": [9.00127474779e-07, 0.000227303593419, 0.000415814865846, 0.00175443175249, 0.0066582527943, 0.00195875857025, 0.00309245893732, 0.00560025824234, 0.0120572205633, 0.00911492202431, 0.0171099938452, 0.0137401213869, 0.0368339642882, 0.0931507870555, 0.0449702814221, 0.0512538030744, 0.0156384091824, 0.0208085458726, 0.00808147527277, 0.0127534503117, 0.0040365527384, 0.00431598490104, 0.000243280897848, 2.1335488043e-07, 3.46773667559e-08, 8.87064022237e-09, 9.3877838836e-09],
        "mean": [4.90558846877e-08, 1.23067402455e-05, 1.3938039956e-05, 7.25189820514e-05, 0.000675717601553, 0.000293590564979, 0.000220308560529, 0.000172660846147, 0.000912328425329, 0.00056131609017, 0.000977713963948, 0.000565906113479, 0.000890432158485, 0.00172234536149, 0.00115935632493, 0.00138480041642, 0.000562426983379, 0.000375327508664, 0.000352124392521, 0.00015311189054, 0.000109902204713, 4.71149833174e-05, 3.4508425415e-06, 1.05364943437e-08, 1.71918590475e-09, 4.52808596174e-10, 4.85704476638e-10],
        "median": [2.49398688368e-08, 4.25121288572e-06, 6.27161853117e-06, 1.09761631393e-05, 0.000281260581687, 0.000221396956476, 0.000101555211586, 5.27693555341e-05, 0.000585875706747, 0.000163911870914, 0.000398770091124, 0.0002224448981, 0.000303994776914, 0.000371847505448, 0.000326627487084, 0.000441698473878, 0.00019838839944, 0.000108907239337, 0.00014933575585, 5.47013296455e-05, 2.61915429292e-05, 4.47151205663e-06, 4.386492094e-07, 4.22510781917e-09, 1.01722696932e-09, 1.86109336275e-10, 2.18764464877e-10],
        "min": [4.06814035583e-12, 1.54870231223e-11, 1.04411694134e-12, 5.27712595844e-12, 5.32297643463e-12, 2.26804460629e-11, 8.69893913846e-12, 6.70200700492e-11, 1.40564337947e-10, 2.83871759432e-10, 6.98240354424e-11, 5.10425202105e-10, 9.1748975084e-10, 5.70653628518e-11, 5.56522605777e-11, 1.4375631241e-10, 5.80482814594e-11, 4.98235445956e-11, 6.52281631486e-11, 8.17102774331e-11, 1.16016111648e-11, 1.82192524956e-11, 1.52798051989e-11, 2.4239936447e-11, 3.18020471068e-11, 3.28778948511e-11, 4.06954990539e-11],
        "var": [5.68431105408e-15, 4.80464446007e-10, 7.05417169122e-10, 3.83035434481e-08, 8.9404687742e-07, 7.75153594645e-08, 8.29545285796e-08, 1.09728162556e-07, 1.21797245356e-06, 1.0844261169e-06, 2.82974178845e-06, 9.20974457586e-07, 6.76342597217e-06, 3.04122731904e-05, 8.93361175258e-06, 9.69272969087e-06, 1.28837734792e-06, 1.21033656342e-06, 4.06371952977e-07, 2.75198459576e-07, 9.03511505612e-08, 4.90037166401e-08, 2.03606576044e-10, 3.71434005887e-16, 7.2313510541e-18, 5.76134708763e-19, 6.13986596991e-19]
    },
    "erbbands": {
        "dmean": [6.88654617989e-05, 0.00213076849468, 0.010741292499, 0.0854197144508, 0.238344788551, 1.2014799118, 1.35042059422, 0.740294396877, 1.070333004, 1.38654077053, 2.74771165848, 9.64478397369, 6.13029050827, 9.40056324005, 18.0027732849, 10.8312196732, 20.4804801941, 29.6100578308, 42.0163650513, 31.1985664368, 51.8708648682, 18.8006000519, 10.0524702072, 12.435833931, 5.85919904709, 4.72735261917, 3.7683866024, 1.58274400234, 1.33068501949, 0.373135507107, 0.031635530293, 0.00127257755958, 0.000127767052618, 2.97176702588e-05, 1.29532636493e-05, 5.78365643378e-06, 2.9736702345e-06, 1.38757832246e-06, 2.21938375944e-06, 4.17963792643e-06],
        "dmean2": [0.000109628905193, 0.00347319175489, 0.0188839621842, 0.131832569838, 0.366640329361, 1.96776771545, 2.20442581177, 1.11348843575, 1.68237829208, 2.06535792351, 3.61016845703, 12.0253734589, 8.93194484711, 14.1703109741, 27.1704235077, 17.5787258148, 31.4039325714, 44.3597755432, 64.889289856, 43.683391571, 76.4387512207, 28.0218524933, 15.6362190247, 19.3153133392, 8.67308044434, 7.26660442352, 6.00137758255, 2.36537528038, 2.04761385918, 0.567563176155, 0.0468065291643, 0.00188731646631, 0.000193131811102, 4.63282049168e-05, 2.02685696422e-05, 8.42480312713e-06, 4.22487210017e-06, 1.95522693502e-06, 3.0659280128e-06, 5.78582148592e-06],
        "dvar": [2.5280854743e-08, 1.92916413653e-05, 0.000694730726536, 0.047931086272, 0.2651694417, 5.70654344559, 6.43970918655, 1.18192183971, 6.10289716721, 5.71007204056, 20.7162284851, 300.803527832, 115.713790894, 228.969497681, 1020.49334717, 404.445129395, 2648.91772461, 7909.39794922, 21592.125, 6754.48583984, 27455.0488281, 2700.43139648, 1739.50866699, 1042.00134277, 324.765441895, 440.591339111, 190.735687256, 61.2056045532, 61.8403091431, 2.94390463829, 0.0150663768873, 3.08261041937e-05, 1.22869622032e-07, 3.86347176473e-09, 8.85946815909e-10, 1.17317863757e-10, 2.99469962717e-11, 7.23349678766e-12, 1.70182739428e-11, 5.89815002394e-11],
        "dvar2": [5.28365262653e-08, 4.34035609942e-05, 0.00208263588138, 0.114452563226, 0.591092824936, 15.8295850754, 16.9331283569, 2.59451937675, 16.9404525757, 12.751578331, 39.3377151489, 525.163330078, 244.738815308, 555.997802734, 2507.83813477, 1096.46936035, 5286.15625, 16188.5791016, 38293.4296875, 8994.83691406, 64635.1054688, 6581.24414062, 4557.74316406, 2287.76782227, 655.062805176, 1037.9909668, 507.383331299, 139.256332397, 154.163772583, 6.5828332901, 0.0296484772116, 6.6886874265e-05, 2.63962959934e-07, 8.34918534309e-09, 2.20225726544e-09, 2.6204607928e-10, 6.46174017072e-11, 1.5748352275e-11, 3.45677028668e-11, 1.16794254823e-10],
        "max": [0.00238589430228, 0.0640074163675, 0.399110853672, 2.70165896416, 9.29307842255, 31.4964790344, 49.2973861694, 14.5367383957, 51.5163764954, 46.0694847107, 102.115692139, 364.963104248, 195.032348633, 350.138000488, 572.617431641, 355.660797119, 1576.49121094, 1556.33569336, 4679.94628906, 2975.47607422, 3293.85766602, 872.096435547, 1112.6875, 590.456115723, 416.856719971, 557.800476074, 259.568939209, 194.051742554, 164.500640869, 37.4854278564, 1.95174694061, 0.13454169035, 0.00644529750571, 0.00129472184926, 0.000582314794883, 0.000171698979102, 8.09113989817e-05, 4.1582450649e-05, 7.68439640524e-05, 0.000155856396304],
        "mean": [0.00012314117339, 0.00367289921269, 0.0167171638459, 0.114332571626, 0.423744112253, 2.81970572472, 4.12361764908, 2.15003538132, 2.59440779686, 3.69605827332, 7.95002031326, 22.799823761, 13.6847352982, 21.6248073578, 37.9898338318, 21.8153057098, 42.4983711243, 57.4101905823, 84.6587295532, 61.8615150452, 84.599029541, 35.1635055542, 19.3898010254, 24.0349464417, 11.0497627258, 7.59583091736, 6.70808792114, 2.58287215233, 1.87449681759, 0.586633741856, 0.0539124011993, 0.00247958675027, 0.000298247148748, 7.74182772147e-05, 3.51703056367e-05, 1.69914892467e-05, 9.04061471374e-06, 4.02047089665e-06, 7.54922166379e-06, 1.4657201973e-05],
        "median": [4.06231047236e-05, 0.00145395100117, 0.00801600143313, 0.0236794073135, 0.165623530746, 1.33103883266, 1.87894248962, 1.67850458622, 0.943687081337, 1.82075917721, 4.38086557388, 14.639465332, 6.15828371048, 13.3247251511, 17.8828773499, 11.3096752167, 17.3582420349, 11.7022323608, 24.9760513306, 21.5972957611, 24.7893009186, 12.0756702423, 6.56355237961, 8.85493183136, 4.84299993515, 2.91894197464, 1.95779621601, 0.450382322073, 0.172221004963, 0.0534337051213, 0.00747703015804, 0.000552725279704, 0.000118106247101, 4.67401841888e-05, 2.04432544706e-05, 1.02541580418e-05, 5.75037756789e-06, 2.42099440584e-06, 5.24972938365e-06, 1.02471240098e-05],
        "min": [9.66154600768e-10, 3.34415450887e-09, 2.80157363974e-09, 9.00616647925e-09, 1.90780404807e-08, 1.96243927775e-08, 1.04284637814e-07, 1.93913066937e-07, 1.07094074053e-07, 1.97094095711e-06, 1.73144769633e-06, 4.90555885335e-06, 3.36805242114e-05, 2.46808140218e-05, 1.74628294189e-05, 1.95232823899e-05, 4.52786771348e-05, 1.42370336107e-05, 3.12699444294e-06, 3.70116413251e-06, 9.94114816422e-06, 4.42884584118e-06, 3.07144068756e-06, 5.21819720234e-06, 4.62411662738e-06, 4.22380117016e-06, 1.30033004098e-06, 5.82410791594e-07, 5.92715537096e-07, 6.12163148617e-07, 5.26289056779e-07, 5.16292800512e-07, 3.50773518676e-07, 2.98026890277e-07, 2.04450998353e-07, 9.62988195852e-08, 7.55253779516e-08, 3.26444684617e-08, 5.72770186835e-09, 5.15786746647e-10],
        "var": [4.88627769357e-08, 3.86919782613e-05, 0.000766896409914, 0.082256667316, 0.571611642838, 13.7914094925, 38.3727989197, 3.73177909851, 16.2398872375, 24.5094490051, 91.1035232544, 944.511474609, 460.584686279, 777.589538574, 3468.37426758, 985.861572266, 12230.8447266, 20204.7695312, 64083.0742188, 27870.8671875, 39884.6835938, 4475.97851562, 2741.28662109, 2499.51904297, 529.526794434, 581.689086914, 265.759124756, 112.584289551, 80.3748321533, 6.49719667435, 0.0365828610957, 6.04200649832e-05, 4.09078353414e-07, 1.19786092156e-08, 2.63856869687e-09, 3.86171317146e-10, 1.04520982147e-10, 2.28957217768e-11, 6.92510285227e-11, 2.59467392016e-10]
    },
    "gfcc": {
        "mean": [-142.472381592, 151.133773804, -240.468078613, 7.02509975433, -42.4206047058, -44.4648132324, -8.68798351288, -37.2398834229, -13.1407938004, -15.3431310654, -16.9127006531, -6.50902318954, 0.162856295705],
        "cov": [[7787.08496094, 176.806976318, -672.918029785, 718.761169434, -112.311317444, -155.400680542, 215.11000061, -265.834014893, 451.239257812, -300.860107422, -150.724777222, -4.89735269547, -93.1121520996], [176.806976318, 528.367431641, 122.317420959, -150.726638794, 62.3733673096, -62.5153770447, 2.2899711132, 18.9168338776, -23.8846988678, -25.4163303375, 50.6792907715, -16.6038913727, 33.9285430908], [-672.918029785, 122.317420959, 271.624420166, -3.23321223259, -50.5444869995, 86.5414657593, -8.85686206818, 55.8875427246, -20.5377616882, -23.4463386536, 16.3771762848, 21.0477180481, -9.28498649597], [718.761169434, -150.726638794, -3.23321223259, 418.488830566, -46.9764213562, 9.25662231445, 35.8641777039, -16.7170619965, 110.472084045, -69.9008636475, -62.2386665344, 46.6546897888, -56.9252662659], [-112.311317444, 62.3733673096, -50.5444869995, -46.9764213562, 278.848266602, -83.1061630249, -37.5514297485, 71.8314056396, -12.5181493759, 58.344165802, -5.28619432449, -12.5077476501, 49.3641357422], [-155.400680542, -62.5153770447, 86.5414657593, 9.25662231445, -83.1061630249, 239.689971924, 56.244556427, -60.1783103943, 30.7137527466, 7.55477428436, 14.7261695862, -9.50972747803, -46.2657623291], [215.11000061, 2.2899711132, -8.85686206818, 35.8641777039, -37.5514297485, 56.244556427, 141.172149658, 1.14337646961, -24.006439209, 9.36506843567, 10.0233831406, -7.93388175964, -25.1503162384], [-265.834014893, 18.9168338776, 55.8875427246, -16.7170619965, 71.8314056396, -60.1783103943, 1.14337646961, 167.830337524, 18.3597736359, -17.3634967804, 4.00665521622, 23.4441242218, 26.5185947418], [451.239257812, -23.8846988678, -20.5377616882, 110.472084045, -12.5181493759, 30.7137527466, -24.006439209, 18.3597736359, 157.305419922, -32.7672767639, -31.3445396423, 21.7647533417, -21.1020488739], [-300.860107422, -25.4163303375, -23.4463386536, -69.9008636475, 58.344165802, 7.55477428436, 9.36506843567, -17.3634967804, -32.7672767639, 113.533111572, 26.8264923096, -37.3749771118, 25.6076946259], [-150.724777222, 50.6792907715, 16.3771762848, -62.2386665344, -5.28619432449, 14.7261695862, 10.0233831406, 4.00665521622, -31.3445396423, 26.8264923096, 76.1754379272, 0.0984144732356, 4.3854765892], [-4.89735269547, -16.6038913727, 21.0477180481, 46.6546897888, -12.5077476501, -9.50972747803, -7.93388175964, 23.4441242218, 21.7647533417, -37.3749771118, 0.0984144732356, 71.1250228882, 22.2424354553], [-93.1121520996, 33.9285430908, -9.28498649597, -56.9252662659, 49.3641357422, -46.2657623291, -25.1503162384, 26.5185947418, -21.1020488739, 25.6076946259, 4.3854765892, 22.2424354553, 110.02217865]],
        "icov": [[0.000398257863708, -0.000190595746972, 0.000618383521214, -0.000361110229278, -0.000196632609004, 0.000466701283585, -0.00105627172161, 0.000936932570767, -0.00124236650299, 0.0014664826449, -0.000516938220244, 0.00100319902413, -0.000683447928168], [-0.000190595746972, 0.00962653104216, -0.0124201755971, 0.00594939803705, -0.00655992049724, 0.0109610967338, -0.0106761129573, 0.0123443314806, -0.0107421660796, 0.0106745632365, -0.00899043865502, 0.00742233078927, -0.00465015973896], [0.000618383521214, -0.0124201755971, 0.0234003160149, -0.00900897569954, 0.00982147268951, -0.0180786978453, 0.0163436643779, -0.0200464669615, 0.0165818277746, -0.012375453487, 0.0110366493464, -0.00952932890505, 0.00577321648598], [-0.000361110229278, 0.00594939803705, -0.00900897569954, 0.00814440567046, -0.00430150516331, 0.00799418147653, -0.00830093119293, 0.00891509465873, -0.00875991676003, 0.00593978725374, -0.00296438182704, 0.00113380886614, -0.000615045428276], [-0.000196632609004, -0.00655992049724, 0.00982147268951, -0.00430150516331, 0.0106478519738, -0.00823272671551, 0.010496025905, -0.0130893616006, 0.00979073066264, -0.0121574867517, 0.00811272207648, -0.00581101002172, 0.00333355157636], [0.000466701283585, 0.0109610967338, -0.0180786978453, 0.00799418147653, -0.00823272671551, 0.0228807274252, -0.0193694420159, 0.0215458255261, -0.0199079420418, 0.0143230529502, -0.0124660953879, 0.0103811118752, -0.00543395010754], [-0.00105627172161, -0.0106761129573, 0.0163436643779, -0.00830093119293, 0.010496025905, -0.0193694420159, 0.0278467796743, -0.0228652022779, 0.022178709507, -0.019246019423, 0.0121206566691, -0.0118353106081, 0.00914801005274], [0.000936932570767, 0.0123443314806, -0.0200464669615, 0.00891509465873, -0.0130893616006, 0.0215458255261, -0.0228652022779, 0.0321077406406, -0.0236815381795, 0.0215943157673, -0.0153352310881, 0.0120688937604, -0.00952227599919], [-0.00124236650299, -0.0107421660796, 0.0165818277746, -0.00875991676003, 0.00979073066264, -0.0199079420418, 0.022178709507, -0.0236815381795, 0.0298058539629, -0.0186537094414, 0.0151272276416, -0.0143270790577, 0.00949350278825], [0.0014664826449, 0.0106745632365, -0.012375453487, 0.00593978725374, -0.0121574867517, 0.0143230529502, -0.019246019423, 0.0215943157673, -0.0186537094414, 0.03544947505, -0.0183074325323, 0.0214828681201, -0.0135904038325], [-0.000516938220244, -0.00899043865502, 0.0110366493464, -0.00296438182704, 0.00811272207648, -0.0124660953879, 0.0121206566691, -0.0153352310881, 0.0151272276416, -0.0183074325323, 0.02769173868, -0.014152770862, 0.00823724456131], [0.00100319902413, 0.00742233078927, -0.00952932890505, 0.00113380886614, -0.00581101002172, 0.0103811118752, -0.0118353106081, 0.0120688937604, -0.0143270790577, 0.0214828681201, -0.014152770862, 0.0331330634654, -0.0141814434901], [-0.000683447928168, -0.00465015973896, 0.00577321648598, -0.000615045428276, 0.00333355157636, -0.00543395010754, 0.00914801005274, -0.00952227599919, 0.00949350278825, -0.0135904038325, 0.00823724456131, -0.0141814434901, 0.0182419065386]]
    },
    "melbands": {
        "dmean": [1.31177091589e-06, 4.42396503786e-06, 2.10099915421e-05, 4.0741484554e-05, 5.63418434467e-05, 1.74238703039e-05, 1.58310522238e-05, 1.57929989655e-05, 3.40967926604e-05, 5.39645261597e-05, 3.40241967933e-05, 3.86165665986e-05, 7.61179398978e-05, 3.641083822e-05, 3.87775071431e-05, 4.77345238323e-05, 6.15414464846e-05, 8.39992862893e-05, 4.45557088824e-05, 4.04527709179e-05, 6.76657873555e-05, 2.26482388825e-05, 8.71464544616e-06, 1.09024595076e-05, 1.10536911961e-05, 5.90933314015e-06, 3.25977612192e-06, 3.26348481394e-06, 3.14258591061e-06, 1.15373870813e-06, 9.20624358969e-07, 1.03160016351e-06, 4.29197655194e-07, 1.49495704704e-07, 1.80610886247e-08, 1.16958331908e-09, 9.6418727169e-11, 5.15327676365e-11, 1.76177874373e-11, 1.31819208327e-11],
        "dmean2": [2.10911753129e-06, 7.71290160628e-06, 3.15329089062e-05, 6.6464090196e-05, 9.33026021812e-05, 2.63027832261e-05, 2.48532433034e-05, 2.31877857004e-05, 4.37744201918e-05, 6.76049239701e-05, 4.94815212733e-05, 5.79779843974e-05, 0.000112622386951, 6.20439604972e-05, 5.96105783188e-05, 6.99927404639e-05, 9.27628134377e-05, 0.000132309825858, 6.45129402983e-05, 5.92865835642e-05, 0.000100314202427, 3.34754840878e-05, 1.34782085297e-05, 1.73917360371e-05, 1.7004836991e-05, 8.96426081454e-06, 4.86787257614e-06, 5.196839993e-06, 5.12568158229e-06, 1.83020506483e-06, 1.40551821914e-06, 1.68829683389e-06, 6.70202325637e-07, 2.39436872107e-07, 2.72403983814e-08, 1.92588078818e-09, 1.59101773423e-10, 8.24307427871e-11, 2.93559308806e-11, 2.23606931582e-11],
        "dvar": [8.54468665962e-12, 1.01034687561e-10, 2.71233768778e-09, 6.36540065102e-09, 1.17686074219e-08, 6.42639885751e-10, 1.21591525737e-09, 9.13377318223e-10, 2.61409605073e-09, 9.22925824653e-09, 3.74830477767e-09, 3.82185127989e-09, 2.1364156666e-08, 9.34938082509e-09, 4.28900426286e-09, 2.623601425e-08, 3.61058098974e-08, 1.02939750946e-07, 1.50449128711e-08, 9.91518156468e-09, 4.9579305994e-08, 4.06784295137e-09, 4.10525891059e-10, 2.48000131542e-09, 7.97991561718e-10, 1.68845187831e-10, 3.56481510977e-10, 1.87941232022e-10, 1.38681344186e-10, 1.95244653778e-11, 2.72122255285e-11, 4.66101775232e-11, 4.07317105391e-12, 4.89190122872e-13, 5.92695380622e-15, 1.24003479426e-16, 3.8862896807e-20, 3.35169286745e-20, 5.27565283273e-22, 2.84408186242e-22],
        "dvar2": [1.81157953222e-11, 2.91862062296e-10, 6.02962879626e-09, 1.7282362208e-08, 3.2339585232e-08, 1.44042655581e-09, 3.43223827137e-09, 1.94226990047e-09, 4.84285855862e-09, 1.63658260277e-08, 7.86470355507e-09, 8.89147777627e-09, 5.16822105112e-08, 2.67440700696e-08, 9.76826264321e-09, 4.75905110875e-08, 7.36981604632e-08, 1.7962619836e-07, 2.43127562527e-08, 2.04765289169e-08, 1.19688749578e-07, 9.95968907347e-09, 9.83117365294e-10, 6.66392763193e-09, 1.75625958221e-09, 3.49470952177e-10, 7.77839181954e-10, 4.59604881931e-10, 3.72372133128e-10, 4.35343081029e-11, 6.61535826119e-11, 1.24989546491e-10, 9.03022968901e-12, 1.20044458315e-12, 1.2351128658e-14, 3.08368961893e-16, 1.01623829917e-19, 8.63475359127e-20, 1.35883267494e-21, 7.6108078348e-22],
        "max": [4.35608562839e-05, 0.000139837677125, 0.000699845259078, 0.0012707702117, 0.00176361436024, 0.000316290330375, 0.000708267441951, 0.000811179343145, 0.000758588663302, 0.00204293592833, 0.00109687785152, 0.00142518931534, 0.00264689954929, 0.00198401208036, 0.00103180028964, 0.00500946957618, 0.00349463894963, 0.0103307701647, 0.00324213737622, 0.00213515711948, 0.00444519752637, 0.00105926324613, 0.00036766147241, 0.00130988250021, 0.000537018640898, 0.000225869705901, 0.000532948120963, 0.000306761095999, 0.000228899982176, 8.56259066495e-05, 0.000131352862809, 0.000137123919558, 4.15052782046e-05, 1.39358517117e-05, 1.46629827213e-06, 3.19471752164e-07, 3.50420026329e-09, 6.34014574175e-09, 6.61274979219e-10, 1.58724408617e-10],
        "mean": [2.29698025578e-06, 7.12798191671e-06, 2.86501272058e-05, 9.66579536907e-05, 0.000159935327247, 4.99253910675e-05, 3.89625165553e-05, 3.93849550164e-05, 9.51487090788e-05, 0.000127079911181, 6.95735143381e-05, 8.68389106472e-05, 0.000154852226842, 5.47831295989e-05, 7.81175622251e-05, 9.54289353103e-05, 0.000111177025246, 0.000157728049089, 8.45363174449e-05, 7.28286759113e-05, 0.000103477526864, 3.84594604839e-05, 1.65278252098e-05, 1.81698524102e-05, 2.03940708161e-05, 1.11205845315e-05, 4.96758639201e-06, 4.91176342621e-06, 5.27069732925e-06, 1.96110386241e-06, 1.30653484121e-06, 1.234312208e-06, 5.99773727572e-07, 2.02922535664e-07, 2.56965897449e-08, 1.25731458578e-09, 1.98597097101e-10, 8.39216335313e-11, 2.55036287228e-11, 1.75464139746e-11],
        "median": [7.49797777644e-07, 3.62935361409e-06, 5.88649754718e-06, 4.80422859255e-05, 7.68035388319e-05, 3.84426784876e-05, 1.60560957738e-05, 1.72393938556e-05, 5.90898198425e-05, 8.22209258331e-05, 2.61025852524e-05, 5.10733989358e-05, 6.68053326081e-05, 1.78163609235e-05, 3.9158432628e-05, 2.33782939176e-05, 2.1744544938e-05, 4.17471310357e-05, 2.46121417149e-05, 2.44524653681e-05, 2.87877992378e-05, 1.27220355353e-05, 5.29414228367e-06, 5.40323753739e-06, 7.17156535757e-06, 4.95760423291e-06, 1.79593439498e-06, 1.69748807366e-06, 1.48749313666e-06, 4.11819343071e-07, 1.84798068403e-07, 1.03947591867e-07, 4.69821657134e-08, 2.02639895974e-08, 3.9580063671e-09, 9.06854244476e-11, 6.03592245629e-11, 3.0727351219e-11, 1.49937076643e-11, 9.72059325394e-12],
        "min": [1.11601075603e-11, 2.48260938716e-12, 1.92699437136e-12, 1.39586400164e-12, 3.00695384391e-12, 4.19929802736e-12, 1.12597431379e-12, 2.10034958176e-11, 1.1766551275e-11, 2.23928462578e-11, 1.59704943714e-10, 1.28816762812e-10, 3.39002124983e-11, 7.52979692487e-11, 3.16395659672e-11, 1.58731361388e-10, 7.64389853497e-12, 5.02566131072e-12, 4.24193969881e-12, 4.92801893043e-12, 1.17363991789e-11, 4.0955524562e-12, 1.42061438568e-12, 2.15784811894e-12, 3.11574659302e-12, 2.76193304338e-12, 1.63764336293e-12, 3.35687749299e-12, 1.08758965375e-12, 2.8971969138e-13, 3.30964070169e-13, 3.25656168698e-13, 3.3970081522e-13, 2.32146577352e-13, 2.94244094151e-13, 2.41290087953e-13, 2.97652636046e-13, 2.24717515646e-13, 2.27134148078e-13, 2.61964142869e-13],
        "var": [1.72318322805e-11, 1.22270332747e-10, 5.15115239352e-09, 1.59250657106e-08, 5.19972580548e-08, 2.0203165807e-09, 3.25774496268e-09, 3.32412963822e-09, 1.12011813158e-08, 2.88331030163e-08, 1.44747174247e-08, 1.42722536012e-08, 6.81428673488e-08, 1.36377176219e-08, 1.36268276663e-08, 1.12060632773e-07, 9.27246830429e-08, 3.01219301946e-07, 5.73175000795e-08, 2.46067983767e-08, 6.54917400311e-08, 6.72556899062e-09, 1.18448539865e-09, 2.94503865739e-09, 1.8298527138e-09, 4.28676760755e-10, 3.93060112236e-10, 2.5040022833e-10, 1.77930087331e-10, 3.96231866762e-11, 4.14263137682e-11, 4.59771179462e-11, 7.48932773437e-12, 8.38095001385e-13, 9.34963945729e-15, 1.06148593998e-16, 1.61344240966e-19, 1.12207101792e-19, 1.59055825607e-21, 4.4847860751e-22]
    },
    "mfcc": {
        "mean": [-735.364868164, 156.074035645, -105.828666687, 20.4360771179, -26.3789253235, -5.37660598755, -10.3990688324, -16.2166099548, -1.82449519634, -13.4469108582, -8.15975761414, -15.7800521851, -5.08988809586],
        "cov": [[5850.12011719, 996.780090332, -1436.71142578, 1152.36071777, -613.557495117, 349.249511719, -305.935821533, 81.2663955688, 243.316085815, -102.769325256, 163.042114258, -342.165771484, 125.597465515], [996.780090332, 733.782043457, -171.553192139, -33.6086235046, 25.1335086823, -118.09879303, 49.1630172729, -44.3952827454, 1.37254703045, 12.7324323654, -27.7955322266, -8.27187919617, -29.1630554199], [-1436.71142578, -171.553192139, 664.775512695, -259.201599121, 50.1421546936, 5.21354198456, 38.5523109436, 97.8194580078, -70.0923843384, -15.4536180496, 34.7118034363, 48.3325576782, -48.9099807739], [1152.36071777, -33.6086235046, -259.201599121, 539.850158691, -81.3754043579, 41.4335212708, -105.69947052, 93.2999801636, 110.851524353, -59.3536834717, 51.6046218872, -58.4929389954, 52.8426551819], [-613.557495117, 25.1335086823, 50.1421546936, -81.3754043579, 325.84475708, -131.911605835, -3.20072674751, -21.3525276184, 6.19739627838, 47.7059059143, -54.0043792725, 64.3593902588, -12.6824207306], [349.249511719, -118.09879303, 5.21354198456, 41.4335212708, -131.911605835, 319.243347168, -25.7864074707, 14.3866462708, 3.16445231438, 11.9486589432, 93.6284637451, -86.4605407715, 9.9380273819], [-305.935821533, 49.1630172729, 38.5523109436, -105.69947052, -3.20072674751, -25.7864074707, 213.043457031, -53.8787231445, -48.9776954651, 41.778793335, -19.5706806183, 39.8293533325, -22.4984359741], [81.2663955688, -44.3952827454, 97.8194580078, 93.2999801636, -21.3525276184, 14.3866462708, -53.8787231445, 188.930053711, 47.7804107666, -38.7161064148, 54.7442626953, -21.6014194489, 5.9208073616], [243.316085815, 1.37254703045, -70.0923843384, 110.851524353, 6.19739627838, 3.16445231438, -48.9776954651, 47.7804107666, 115.3826828, 0.233863592148, -10.5573539734, 2.64512491226, 25.0467300415], [-102.769325256, 12.7324323654, -15.4536180496, -59.3536834717, 47.7059059143, 11.9486589432, 41.778793335, -38.7161064148, 0.233863592148, 122.455673218, 19.936750412, -30.4362945557, -8.83157348633], [163.042114258, -27.7955322266, 34.7118034363, 51.6046218872, -54.0043792725, 93.6284637451, -19.5706806183, 54.7442626953, -10.5573539734, 19.936750412, 137.817855835, -29.9699630737, -29.6821155548], [-342.165771484, -8.27187919617, 48.3325576782, -58.4929389954, 64.3593902588, -86.4605407715, 39.8293533325, -21.6014194489, 2.64512491226, -30.4362945557, -29.9699630737, 127.858283997, 10.5852270126], [125.597465515, -29.1630554199, -48.9099807739, 52.8426551819, -12.6824207306, 9.9380273819, -22.4984359741, 5.9208073616, 25.0467300415, -8.83157348633, -29.6821155548, 10.5852270126, 79.6511001587]],
