{
"lowlevel": {
    "average_loudness": 0.962014138699,
    "barkbands_crest": {
        "dmean": 3.05581116676,
        "dmean2": 5.05726957321,
        "dvar": 6.73473119736,
        "dvar2": 17.9810676575,
        "max": 23.8761005402,
        "mean": 8.58071899414,
        "median": 7.47274065018,
        "min": 2.29490232468,
        "var": 19.614730835
    },
    "barkbands_flatness_db": {
        "dmean": 0.0206092260778,
        "dmean2": 0.033212274313,
        "dvar": 0.000369615212549,
        "dvar2": 0.000896675745025,
        "max": 0.326321125031,
        "mean": 0.127289995551,
        "median": 0.117993719876,
        "min": 0.060272205621,
        "var": 0.00143947231118
    },
    "barkbands_kurtosis": {
        "dmean": 1.77603232861,
        "dmean2": 2.87881731987,
        "dvar": 13.7452831268,
        "dvar2": 33.9873809814,
        "max": 97.6468048096,
        "mean": 1.43646895885,
        "median": 0.0335917472839,
        "min": -1.8469619751,
        "var": 21.1746139526
    },
    "barkbands_skewness": {
        "dmean": 0.484470814466,
        "dmean2": 0.778399348259,
        "dvar": 0.253889977932,
        "dvar2": 0.569028675556,
        "max": 8.47118186951,
        "mean": 1.03155493736,
        "median": 0.806873679161,
        "min": -1.44894456863,
        "var": 0.896757781506
    },
    "barkbands_spread": {
        "dmean": 6.59124660492,
        "dmean2": 10.3377904892,
        "dvar": 38.8982543945,
        "dvar2": 85.0544509888,
        "max": 96.069152832,
        "mean": 29.4309692383,
        "median": 28.69090271,
        "min": 1.72691011429,
        "var": 166.985214233
    },
    "dissonance": {
        "dmean": 0.0128530794755,
        "dmean2": 0.0222235657275,
        "dvar": 0.000176483052201,
        "dvar2": 0.000511197722517,
        "max": 0.500000059605,
        "mean": 0.481052368879,
        "median": 0.485947489738,
        "min": 0.359951049089,
        "var": 0.000277660554275
    },
    "dynamic_complexity": 2.59079241753,
    "erbbands_crest": {
        "dmean": 2.20459055901,
        "dmean2": 3.60682988167,
        "dvar": 4.90491580963,
        "dvar2": 12.2289953232,
        "max": 25.0468063354,
        "mean": 6.95199298859,
        "median": 5.88453817368,
        "min": 2.40945076942,
        "var": 12.147813797
    },
    "erbbands_flatness_db": {
        "dmean": 0.0146062914282,
        "dmean2": 0.022278804332,
        "dvar": 0.000180717441253,
        "dvar2": 0.000360639707651,
        "max": 0.33698797226,
        "mean": 0.1652456671,
        "median": 0.159394413233,
        "min": 0.0902089178562,
        "var": 0.00101220502984
    },
    "erbbands_kurtosis": {
        "dmean": 0.788095414639,
        "dmean2": 1.25132346153,
        "dvar": 1.16325438023,
        "dvar2": 2.83581376076,
        "max": 22.1029567719,
        "mean": 0.495155096054,
        "median": 0.0207581520081,
        "min": -1.59807515144,
        "var": 3.40543580055
    },
    "erbbands_skewness": {
        "dmean": 0.307031720877,
        "dmean2": 0.488732099533,
        "dvar": 0.075441814959,
        "dvar2": 0.179519444704,
        "max": 3.44074511528,
        "mean": 0.123011693358,
        "median": 0.0454678758979,
        "min": -2.32031917572,
        "var": 0.361856162548
    },
    "erbbands_spread": {
        "dmean": 7.94741535187,
        "dmean2": 12.598282814,
        "dvar": 63.295211792,
        "dvar2": 159.545410156,
        "max": 125.507286072,
        "mean": 35.7767524719,
        "median": 34.3142051697,
        "min": 3.20892429352,
        "var": 205.859527588
    },
    "hfc": {
        "dmean": 8.78613471985,
        "dmean2": 13.3685655594,
        "dvar": 205.115127563,
        "dvar2": 495.421447754,
        "max": 126.982795715,
        "mean": 24.3180484772,
        "median": 18.8929691315,
        "min": 0.000309634371661,
        "var": 414.112762451
    },
    "melbands_crest": {
        "dmean": 3.8598613739,
        "dmean2": 6.49997711182,
        "dvar": 9.4441986084,
        "dvar2": 25.750749588,
        "max": 30.8050956726,
        "mean": 12.9454889297,
        "median": 12.0506048203,
        "min": 3.11953377724,
        "var": 30.345708847
    },
    "melbands_flatness_db": {
        "dmean": 0.028586897999,
        "dmean2": 0.0448868758976,
        "dvar": 0.000698372838087,
        "dvar2": 0.00157020485494,
        "max": 0.422686606646,
        "mean": 0.151696383953,
        "median": 0.140732780099,
        "min": 0.0316329188645,
        "var": 0.00330270361155
    },
    "melbands_kurtosis": {
        "dmean": 5.32878351212,
        "dmean2": 8.72127532959,
        "dvar": 98.6653823853,
        "dvar2": 234.451370239,
        "max": 225.697479248,
        "mean": 8.14136505127,
        "median": 3.81782913208,
        "min": -1.35111117363,
        "var": 181.646255493
    },
    "melbands_skewness": {
        "dmean": 0.704308211803,
        "dmean2": 1.13904857635,
        "dvar": 0.551487386227,
        "dvar2": 1.20342969894,
        "max": 10.9398212433,
        "mean": 2.15674495697,
        "median": 1.83429265022,
        "min": -1.27930951118,
        "var": 2.15048480034
    },
    "melbands_spread": {
        "dmean": 9.19975852966,
        "dmean2": 14.6659221649,
        "dvar": 82.3333892822,
        "dvar2": 190.662185669,
        "max": 142.694030762,
        "mean": 32.6572341919,
        "median": 31.5289230347,
        "min": 1.36714959145,
        "var": 293.824371338
    },
    "pitch_salience": {
        "dmean": 0.0817112997174,
        "dmean2": 0.13604862988,
        "dvar": 0.00511841382831,
        "dvar2": 0.0135311800987,
        "max": 0.835529148579,
        "mean": 0.614895582199,
        "median": 0.637286305428,
        "min": 0.18318772316,
        "var": 0.0135316196829
    },
    "silence_rate_20dB": {
        "dmean": 0,
        "dmean2": 0,
        "dvar": 0,
        "dvar2": 0,
        "max": 1,
        "mean": 1,
        "median": 1,
        "min": 1,
        "var": 0
    },
    "silence_rate_30dB": {
        "dmean": 0.00386996893212,
        "dmean2": 0.00774293439463,
        "dvar": 0.00385488336906,
        "dvar2": 0.0115538714454,
        "max": 1,
        "mean": 0.998065769672,
        "median": 1,
        "min": 0,
        "var": 0.00193054194096
    },
    "silence_rate_60dB": {
        "dmean": 0.0100619196892,
        "dmean2": 0.0201316289604,
        "dvar": 0.00996053870767,
        "dvar2": 0.0220484398305,
        "max": 1,
        "mean": 0.0266924556345,
        "median": 0,
        "min": 0,
        "var": 0.0259807892144
    },
    "spectral_centroid": {
        "dmean": 281.667022705,
        "dmean2": 447.729370117,
        "dvar": 67753.5234375,
        "dvar2": 162649.1875,
        "max": 3985.3293457,
        "mean": 1643.39611816,
        "median": 1638.34863281,
        "min": 316.904510498,
        "var": 249559.421875
    },
    "spectral_complexity": {
        "dmean": 5.30495357513,
        "dmean2": 7.73209428787,
        "dvar": 30.6800479889,
        "dvar2": 51.5465431213,
        "max": 61,
        "mean": 28.1253376007,
        "median": 27,
        "min": 0,
        "var": 180.563751221
    },
    "spectral_decrease": {
        "dmean": 2.51150211739e-09,
        "dmean2": 4.04089295358e-09,
        "dvar": 1.36187528903e-17,
        "dvar2": 2.88286108498e-17,
        "max": -1.00435759427e-13,
        "mean": -6.6062106896e-09,
        "median": -5.333898212e-09,
        "min": -3.73466377823e-08,
        "var": 2.70025633255e-17
    },
    "spectral_energy": {
        "dmean": 0.0100665148348,
        "dmean2": 0.0161104705185,
        "dvar": 0.000213667939533,
        "dvar2": 0.000454828579677,
        "max": 0.146469935775,
        "mean": 0.0271391104907,
        "median": 0.0223769117147,
        "min": 4.34383338188e-07,
        "var": 0.000428108905908
    },
    "spectral_energyband_high": {
        "dmean": 0.000584613066167,
        "dmean2": 0.000898051832337,
        "dvar": 8.57913278196e-07,
        "dvar2": 1.88526735201e-06,
        "max": 0.0110109997913,
        "mean": 0.00117952004075,
        "median": 0.000623887812253,
        "min": 4.19274348573e-09,
        "var": 2.13412181438e-06
    },
    "spectral_energyband_low": {
        "dmean": 0.00662245973945,
        "dmean2": 0.0108168264851,
        "dvar": 0.000127194754896,
        "dvar2": 0.00026546776644,
        "max": 0.102131441236,
        "mean": 0.0113445036113,
        "median": 0.00598871335387,
        "min": 1.45255498296e-07,
        "var": 0.000233376515098
    },
    "spectral_energyband_middle_high": {
        "dmean": 0.00279583665542,
        "dmean2": 0.00441051553935,
        "dvar": 2.14259071072e-05,
        "dvar2": 5.33226011612e-05,
        "max": 0.0477197729051,
        "mean": 0.00745430728421,
        "median": 0.00566097302362,
        "min": 1.100921736e-07,
        "var": 4.44467950729e-05
    },
    "spectral_energyband_middle_low": {
        "dmean": 0.00467642722651,
        "dmean2": 0.00800452381372,
        "dvar": 5.91962307226e-05,
        "dvar2": 0.000165744728292,
        "max": 0.077826179564,
        "mean": 0.00874756835401,
        "median": 0.00663821445778,
        "min": 1.29821856376e-07,
        "var": 6.51546361041e-05
    },
    "spectral_entropy": {
        "dmean": 0.120832316577,
        "dmean2": 0.187941193581,
        "dvar": 0.0156789477915,
        "dvar2": 0.0330414883792,
        "max": 8.55948257446,
        "mean": 7.91875696182,
        "median": 7.96117210388,
        "min": 6.79934310913,
        "var": 0.066131144762
    },
    "spectral_flux": {
        "dmean": 0.024936767295,
        "dmean2": 0.0389090068638,
        "dvar": 0.00106067920569,
        "dvar2": 0.00195553107187,
        "max": 0.315292447805,
        "mean": 0.0963759794831,
        "median": 0.0870632529259,
        "min": 0.000960276287515,
        "var": 0.00231656222604
    },
    "spectral_kurtosis": {
        "dmean": 1.23722457886,
        "dmean2": 2.08315014839,
        "dvar": 1.59714984894,
        "dvar2": 4.47783088684,
        "max": 14.4409294128,
        "mean": 2.6845138073,
        "median": 2.2532324791,
        "min": -0.73054766655,
        "var": 3.55218505859
    },
    "spectral_rms": {
        "dmean": 0.000891651085112,
        "dmean2": 0.00139763799962,
        "dvar": 1.15092336728e-06,
        "dvar2": 2.28145268011e-06,
        "max": 0.0119539741427,
        "mean": 0.00479252450168,
        "median": 0.0046723796986,
        "min": 2.05861269933e-05,
        "var": 3.50883465217e-06
    },
    "spectral_rolloff": {
        "dmean": 601.946777344,
        "dmean2": 992.570068359,
        "dvar": 694208.625,
        "dvar2": 1502534.25,
        "max": 9474.609375,
        "mean": 1864.52648926,
        "median": 1679.58984375,
        "min": 86.1328125,
        "var": 1995119
    },
    "spectral_skewness": {
        "dmean": 0.187652930617,
        "dmean2": 0.3014575243,
        "dvar": 0.0300888475031,
        "dvar2": 0.0727212205529,
        "max": 2.87835860252,
        "mean": 1.2676782608,
        "median": 1.22646021843,
        "min": 0.270182222128,
        "var": 0.114054434001
    },
    "spectral_spread": {
        "dmean": 505760.75,
        "dmean2": 775496.4375,
        "dvar": 310966517760,
        "dvar2": 658979094528,
        "max": 9585269,
        "mean": 4281134.5,
        "median": 4050427.5,
        "min": 2053132.75,
        "var": 1.12092721971e+12
    },
    "spectral_strongpeak": {
        "dmean": 0.347152978182,
        "dmean2": 0.596923232079,
        "dvar": 0.30594971776,
        "dvar2": 0.796294748783,
        "max": 6.67488861084,
        "mean": 0.532722711563,
        "median": 0.291743814945,
        "min": 0,
        "var": 0.479704320431
    },
    "zerocrossingrate": {
        "dmean": 0.0112676946446,
        "dmean2": 0.0135197006166,
        "dvar": 0.000115524308058,
        "dvar2": 0.000145139900269,
        "max": 0.26513671875,
        "mean": 0.0707633793354,
        "median": 0.068359375,
        "min": 0.00537109375,
        "var": 0.00102931633592
    },
    "barkbands": {
        "dmean": [0.000179724011105, 0.00527811981738, 0.00254402193241, 0.00228300667368, 0.00149111985229, 0.000692210043781, 0.000710239983164, 0.000712608336471, 0.000827379815746, 0.000627900648396, 0.000572025543079, 0.000604439526796, 0.000675843155477, 0.000440204166807, 0.000420524389483, 0.00040970853297, 0.00028330241912, 0.000260193424765, 0.000244179391302, 0.000158814247698, 0.000140582415042, 0.000132676577778, 0.000131713299197, 0.000141548123793, 4.495608664e-05, 3.12606509567e-08, 1.12203502045e-09],
        "dmean2": [0.000241296263994, 0.00884911231697, 0.00420957244933, 0.00407409574836, 0.00270906998776, 0.00114333059173, 0.00115395872854, 0.00116315193009, 0.00131468533073, 0.0010559958173, 0.000990374479443, 0.000945628155023, 0.0011169888312, 0.000728225917555, 0.000694127753377, 0.000699285126757, 0.00047092087334, 0.000435702007962, 0.000412267952925, 0.000258989137365, 0.000220023153815, 0.000212137805647, 0.000207658129511, 0.000218939399929, 7.15563946869e-05, 5.12235764916e-08, 2.07197370372e-09],
        "dvar": [8.83441231281e-08, 8.56705228216e-05, 4.3828797061e-05, 2.27761829592e-05, 9.12771338335e-06, 1.21585776469e-06, 1.386403369e-06, 2.08087658393e-06, 3.55421593667e-06, 9.46254203882e-07, 1.3304913864e-06, 8.52443804433e-07, 1.23040001654e-06, 5.68301288695e-07, 3.85416882409e-07, 5.34671357855e-07, 2.07577599554e-07, 1.9314896349e-07, 1.765484825e-07, 8.29487660781e-08, 6.86374335146e-08, 5.35886997e-08, 4.45653611791e-08, 6.6794534348e-08, 7.07527325616e-09, 3.29710518158e-15, 2.74934135418e-18],
        "dvar2": [1.32817319809e-07, 0.000217211694689, 0.000111178618681, 6.55317126075e-05, 2.66232400463e-05, 2.88678165816e-06, 3.37813844453e-06, 5.27489055457e-06, 9.03880845726e-06, 2.67516588792e-06, 3.64269021702e-06, 2.04443540497e-06, 3.14476983476e-06, 1.41609336879e-06, 1.03589286482e-06, 1.41359043937e-06, 5.3761715435e-07, 5.20677645e-07, 4.56008820038e-07, 2.13391857073e-07, 1.52858419256e-07, 1.29516124048e-07, 9.84867796205e-08, 1.31659874114e-07, 1.52790722296e-08, 7.9947009909e-15, 8.85355563289e-18],
        "max": [0.0041768993251, 0.0839758515358, 0.0588350966573, 0.0575967505574, 0.0341841354966, 0.0318410247564, 0.0185025520623, 0.0476711541414, 0.0573803372681, 0.011646522209, 0.0255595277995, 0.0202167201787, 0.0136679857969, 0.0185848772526, 0.00821065530181, 0.00629794038832, 0.00432537682354, 0.00493779126555, 0.00402274122462, 0.0026091481559, 0.00354424281977, 0.003383314237, 0.00384257710539, 0.00557052344084, 0.00237783812918, 9.12569021239e-07, 1.65798237362e-08],
        "mean": [0.000293244578643, 0.00710860500112, 0.00248373183422, 0.00234552426264, 0.00159917364363, 0.00106413825415, 0.00104537897278, 0.00107146578375, 0.00136211316567, 0.00096994015621, 0.000846188573632, 0.00103020423558, 0.00105875730515, 0.000750744424295, 0.000789253215771, 0.000626464025117, 0.000473934778711, 0.000459391245386, 0.000433301873272, 0.000288641633233, 0.000262666726485, 0.000236804960878, 0.000225209470955, 0.000246360781603, 6.78125652485e-05, 4.23388719639e-08, 9.46502876076e-10],
        "median": [0.000133969791932, 0.00305700534955, 0.000926015607547, 0.00101299083326, 0.000796248146798, 0.000490626436658, 0.00051919935504, 0.000515955558512, 0.000565024209209, 0.000490789301693, 0.000385984953027, 0.000571441021748, 0.000615945958998, 0.000431702123024, 0.000517618143931, 0.000395003240556, 0.000301939930068, 0.000292563461699, 0.000238276799791, 0.000136303133331, 0.000100333927548, 0.000109268345113, 0.000107616986497, 0.000109733278805, 2.83321078314e-05, 1.70830993795e-08, 3.90653259741e-10],
        "min": [4.03342692579e-09, 1.04228774944e-07, 2.25703526979e-08, 1.85915780548e-08, 9.67441238231e-09, 1.73514114188e-09, 2.56188625869e-09, 5.11900744016e-09, 1.56073092228e-08, 1.23540822017e-09, 1.16284359919e-08, 4.95163776648e-09, 9.02399222014e-09, 7.50811235406e-09, 7.44755190851e-09, 3.63813179582e-09, 4.65056437804e-09, 3.47619621976e-09, 3.86603238312e-09, 2.54986076698e-09, 7.1030115123e-10, 3.8288106019e-10, 6.26550866745e-10, 1.29507327085e-09, 3.6119721103e-10, 1.73216441191e-11, 2.66895585493e-11],
        "var": [2.13671043525e-07, 0.000121648765344, 3.5624463635e-05, 1.64399389178e-05, 6.61630292598e-06, 2.88020646622e-06, 2.45174055635e-06, 3.89862725569e-06, 6.33993840893e-06, 1.54379529249e-06, 2.16498642658e-06, 1.85202270586e-06, 1.91722369891e-06, 1.16950468509e-06, 7.98245253009e-07, 5.82283007589e-07, 2.68932950576e-07, 2.6462910796e-07, 2.68863630026e-07, 1.3735834159e-07, 1.53284602789e-07, 1.08730290549e-07, 9.55820596005e-08, 2.27065896752e-07, 1.71945337968e-08, 6.13325630382e-15, 2.23860426843e-18]
    },
    "erbbands": {
        "dmean": [0.150916740298, 1.22113060951, 2.48794198036, 6.06883764267, 4.99335241318, 5.89208030701, 4.94463777542, 6.31577110291, 8.6676530838, 11.3463573456, 18.0976924896, 20.0307502747, 15.2289218903, 20.6131534576, 24.9457454681, 24.5442962646, 26.9845294952, 25.6739616394, 22.2408561707, 19.3222408295, 20.9294757843, 15.0211820602, 13.489487648, 13.8764390945, 11.4995346069, 7.43791627884, 6.01349592209, 5.53698825836, 4.49864816666, 4.71600627899, 3.73098397255, 3.12046313286, 2.243932724, 0.902524411678, 0.0697057843208, 0.00302187516354, 0.000156061214511, 2.15551845031e-05, 8.9227078206e-06, 1.26272070702e-05],
        "dmean2": [0.246994182467, 2.01926708221, 4.02023267746, 10.6928939819, 8.99003124237, 10.7858934402, 8.38206005096, 10.3762722015, 14.0473003387, 18.7648601532, 29.1562709808, 32.1735191345, 25.2455635071, 34.2315788269, 42.1148910522, 38.5246124268, 43.7397422791, 42.6685905457, 36.3912391663, 32.7643928528, 35.3518295288, 24.8834571838, 22.7737617493, 23.3474769592, 19.3485946655, 12.0355501175, 9.73661994934, 8.59690666199, 7.07789611816, 7.59012651443, 5.96899366379, 4.91043233871, 3.42324280739, 1.4063962698, 0.108341701329, 0.00468343263492, 0.000238906301092, 3.27502275468e-05, 1.36039207064e-05, 1.99476980924e-05],
        "dvar": [0.063796274364, 4.88538265228, 40.4319267273, 178.177841187, 119.940719604, 137.948699951, 55.9787216187, 132.893859863, 239.976242065, 394.288360596, 1501.68725586, 2898.97485352, 657.432800293, 1085.50439453, 2484.08154297, 1309.52539062, 1812.23352051, 2214.82885742, 1098.94262695, 1273.98596191, 1439.06005859, 632.085754395, 488.886657715, 607.216552734, 408.83682251, 194.621963501, 128.779327393, 93.3139190674, 65.0887527466, 58.1062469482, 38.5765419006, 30.8330078125, 21.3882083893, 2.71363806725, 0.0203814618289, 3.58506295015e-05, 7.69204220319e-08, 1.29767141477e-09, 1.48738549255e-10, 3.14609172047e-10],
        "dvar2": [0.148265197873, 12.2180404663, 94.5966186523, 504.365936279, 345.844207764, 408.833374023, 151.761672974, 293.269256592, 568.637939453, 1080.21398926, 3787.32470703, 7461.57177734, 1880.18139648, 2983.00976562, 6503.86230469, 3156.58642578, 4448.15673828, 5535.48144531, 2982.74487305, 3476.33032227, 3754.44555664, 1660.31494141, 1318.86523438, 1609.94152832, 1074.52636719, 494.353790283, 305.862091064, 199.974411011, 150.965774536, 141.946044922, 84.2330093384, 63.7329216003, 41.7540245056, 5.64752197266, 0.0428373739123, 7.39330353099e-05, 1.54420646936e-07, 2.60640686811e-09, 3.18923332188e-10, 6.77912337377e-10],
        "max": [2.33032870293, 20.0766239166, 57.1295127869, 154.885620117, 107.162109375, 125.375473022, 100.832420349, 398.34967041, 258.842926025, 408.690887451, 1288.80615234, 1736.50073242, 432.116516113, 542.385192871, 1102.80944824, 978.608764648, 739.962585449, 1069.42590332, 506.834197998, 401.965484619, 363.379333496, 235.932769775, 241.874725342, 233.039550781, 210.31880188, 131.441360474, 148.245407104, 114.163032532, 133.058303833, 107.848243713, 134.518997192, 104.903839111, 99.1774520874, 45.1244087219, 4.09830665588, 0.163920283318, 0.00577256176621, 0.000718184921425, 0.000161731761182, 0.000171611653059],
        "mean": [0.229362204671, 1.48746943474, 2.76827478409, 6.41049337387, 5.35062360764, 5.8343706131, 6.66554880142, 9.56384944916, 13.1352949142, 17.0712585449, 28.2703361511, 33.1824913025, 26.0742073059, 33.9351043701, 40.0587921143, 43.402179718, 46.705329895, 43.9160919189, 43.827205658, 34.8892822266, 33.7498435974, 26.2836341858, 24.3804912567, 23.7519397736, 20.5429286957, 13.5876073837, 11.0773391724, 9.95278358459, 8.17471694946, 8.09852027893, 6.32002973557, 5.14202070236, 3.92261552811, 1.4524320364, 0.104626171291, 0.00467180646956, 0.000269739306532, 4.06168255722e-05, 2.3274886189e-05, 3.51754970325e-05],
        "median": [0.0775755271316, 0.672708332539, 1.14711630344, 2.90662479401, 2.5856654644, 2.48132681847, 3.56081819534, 3.92213797569, 6.67723798752, 9.38024902344, 13.0715179443, 13.631196022, 13.4367694855, 18.1054859161, 19.6295166016, 25.4483757019, 28.6415958405, 25.5739803314, 29.0140571594, 24.2291584015, 21.5493297577, 16.8197631836, 15.4206991196, 14.9196453094, 11.1423749924, 6.51964330673, 4.45169973373, 3.58298277855, 3.42628216743, 3.98270940781, 3.08021140099, 2.46272969246, 1.57547438145, 0.615947127342, 0.0414954014122, 0.00189217517618, 0.000126054321299, 2.03973650059e-05, 1.84235086635e-05, 2.95047939289e-05],
        "min": [2.67100244855e-06, 2.38484517467e-05, 3.53124378307e-05, 4.56973393739e-05, 6.20025384706e-05, 2.19591765926e-05, 1.16515529953e-05, 1.53846485773e-05, 4.66155797767e-05, 7.38117087167e-05, 0.000186786739505, 0.000369412475266, 0.000144570673001, 6.53463648632e-05, 0.000629528891295, 0.000155411078595, 0.000307417678414, 0.000304883666104, 0.000756190798711, 0.000494830950629, 0.000196045570192, 0.000237228159676, 0.000193340034457, 0.000175355467945, 0.000231757861911, 0.000100480865513, 4.83766671096e-05, 1.29675881908e-05, 1.23232421174e-05, 1.9196588255e-05, 2.159536416e-05, 2.98482209473e-05, 1.32704171847e-05, 7.06439595888e-06, 8.80316804341e-07, 1.15734856365e-07, 4.93174105998e-08, 1.67425096009e-08, 4.3319334786e-09, 1.05577180332e-09],
        "var": [0.136566355824, 5.91568756104, 38.0541114807, 129.417785645, 83.0000991821, 102.007553101, 79.8315353394, 345.915527344, 422.697967529, 559.557617188, 2887.22290039, 4587.45410156, 1244.79406738, 1955.96618652, 4212.515625, 2867.06811523, 3528.48974609, 3828.96508789, 2485.22583008, 1637.29907227, 1620.22973633, 815.626037598, 689.542724609, 803.741760254, 624.027648926, 314.888214111, 250.562545776, 219.892578125, 144.315933228, 115.943885803, 78.8813018799, 76.515335083, 75.3768157959, 7.99506378174, 0.0442178621888, 8.35946120787e-05, 2.23980464398e-07, 4.1096983594e-09, 3.89556109592e-10, 6.51332487944e-10]
    },
    "gfcc": {
        "mean": [6.09617328644, 111.884849548, -153.607696533, 56.7024116516, -69.3150939941, 38.1376647949, -34.9773750305, 8.36238574982, -6.45523691177, -12.8232288361, 6.3814034462, -18.7512836456, 2.17329740524],
        "cov": [[3640.10498047, -511.765136719, -218.631729126, 301.895111084, -245.770217896, -48.420841217, -212.308731079, -142.955047607, -130.33354187, 45.3030738831, -84.7957229614, 71.9749526978, 42.4367370605], [-511.765136719, 591.726074219, -26.856098175, -63.4288291931, 186.395431519, -116.385421753, 153.675979614, -47.6203994751, 75.3983917236, -77.1291122437, 31.6776161194, -56.0965614319, 19.1378746033], [-218.631729126, -26.856098175, 334.718139648, 102.788757324, 77.5250015259, 93.8511962891, -57.4075622559, 53.0859565735, -15.8653430939, -15.8323364258, -15.2935752869, -16.6887130737, -29.3012504578], [301.895111084, -63.4288291931, 102.788757324, 272.854858398, 110.310997009, 7.23431825638, -50.1698493958, -44.4735679626, -5.47563362122, -6.63932514191, -18.8732471466, 11.0445423126, 8.49967288971], [-245.770217896, 186.395431519, 77.5250015259, 110.310997009, 270.442474365, 32.9698600769, 31.482509613, -7.3828291893, 23.6671886444, -34.4099121094, 8.98093795776, -32.9346351624, 1.636921525], [-48.420841217, -116.385421753, 93.8511962891, 7.23431825638, 32.9698600769, 150.418319702, 12.282793045, 38.9976119995, -13.8001174927, 8.35799312592, -10.6669988632, 0.495610237122, -16.943567276], [-212.308731079, 153.675979614, -57.4075622559, -50.1698493958, 31.482509613, 12.282793045, 185.58921814, 21.2841339111, 37.7483444214, -10.3172073364, 6.4427614212, -16.8586616516, 12.1758384705], [-142.955047607, -47.6203994751, 53.0859565735, -44.4735679626, -7.3828291893, 38.9976119995, 21.2841339111, 102.849601746, 23.6858482361, 18.3381271362, 2.64600396156, -6.78167533875, -8.91174125671], [-130.33354187, 75.3983917236, -15.8653430939, -5.47563362122, 23.6671886444, -13.8001174927, 37.7483444214, 23.6858482361, 88.7548294067, 23.432592392, 26.508480072, 1.69884955883, 4.17293787003], [45.3030738831, -77.1291122437, -15.8323364258, -6.63932514191, -34.4099121094, 8.35799312592, -10.3172073364, 18.3381271362, 23.432592392, 83.553817749, 31.636051178, 17.8047809601, 7.52004289627], [-84.7957229614, 31.6776161194, -15.2935752869, -18.8732471466, 8.98093795776, -10.6669988632, 6.4427614212, 2.64600396156, 26.508480072, 31.636051178, 63.669418335, 25.4877815247, 8.48237323761], [71.9749526978, -56.0965614319, -16.6887130737, 11.0445423126, -32.9346351624, 0.495610237122, -16.8586616516, -6.78167533875, 1.69884955883, 17.8047809601, 25.4877815247, 54.8643379211, 24.8203449249], [42.4367370605, 19.1378746033, -29.3012504578, 8.49967288971, 1.636921525, -16.943567276, 12.1758384705, -8.91174125671, 4.17293787003, 7.52004289627, 8.48237323761, 24.8203449249, 48.3227119446]],
        "icov": [[0.000461863324745, -0.000308921124088, 0.000763619318604, -0.00112164777238, 0.000831768207718, -0.000622333027422, 0.000567545532249, -0.000302044529235, 0.000539222557563, -0.000178974340088, 0.000144825433381, 0.000264634174528, -0.000248090975219], [-0.000308921124088, 0.0117179695517, -0.0059481728822, 0.00816787034273, -0.00824575778097, 0.0108038913459, -0.00765640614554, 0.00908883567899, -0.00674467114732, 0.00556852854788, -0.00298890727572, 0.00407074345276, -0.00359045737423], [0.000763619318604, -0.0059481728822, 0.00948925036937, -0.00790617987514, 0.00512313982472, -0.00883261021227, 0.00636397581547, -0.00831102021039, 0.00443662563339, -0.000427866005339, -0.000903169449884, 0.00113891949877, 0.00167992769275], [-0.00112164777238, 0.00816787034273, -0.00790617987514, 0.0149389673024, -0.0108574749902, 0.0100439861417, -0.00569116184488, 0.0102756619453, -0.00633806968108, 0.000435686146375, 0.00465057743713, -0.00458553107455, -0.000434430403402], [0.000831768207718, -0.00824575778097, 0.00512313982472, -0.0108574749902, 0.0145956212655, -0.0112985689193, 0.00589845515788, -0.00650381250307, 0.00344131281599, 0.00119348906446, -0.0057311700657, 0.00760877877474, -0.00297530484386], [-0.000622333027422, 0.0108038913459, -0.00883261021227, 0.0100439861417, -0.0112985689193, 0.0217092521489, -0.0100543443114, 0.00662976223975, -0.0033374526538, 0.000343709922163, 0.00348419160582, -0.00515337381512, 0.00316612119786], [0.000567545532249, -0.00765640614554, 0.00636397581547, -0.00569116184488, 0.00589845515788, -0.0100543443114, 0.0133756045252, -0.00730463024229, 0.00155574770179, -0.000631457369309, -0.000261080247583, 0.00272969109938, -0.00244110170752], [-0.000302044529235, 0.00908883567899, -0.00831102021039, 0.0102756619453, -0.00650381250307, 0.00662976223975, -0.00730463024229, 0.0228310283273, -0.00963199045509, 0.000549044110812, 0.00103621417657, 0.00235341442749, -0.00222961907275], [0.000539222557563, -0.00674467114732, 0.00443662563339, -0.00633806968108, 0.00344131281599, -0.0033374526538, 0.00155574770179, -0.00963199045509, 0.0210748035461, -0.00693264370784, -0.00233846344054, -0.00249346136115, 0.00349770090543], [-0.000178974340088, 0.00556852854788, -0.000427866005339, 0.000435686146375, 0.00119348906446, 0.000343709922163, -0.000631457369309, 0.000549044110812, -0.00693264370784, 0.0236065126956, -0.01446509175, 0.00877819769084, -0.00708849914372], [0.000144825433381, -0.00298890727572, -0.000903169449884, 0.00465057743713, -0.0057311700657, 0.00348419160582, -0.000261080247583, 0.00103621417657, -0.00233846344054, -0.01446509175, 0.0366236828268, -0.0246816258878, 0.0100652379915], [0.000264634174528, 0.00407074345276, 0.00113891949877, -0.00458553107455, 0.00760877877474, -0.00515337381512, 0.00272969109938, 0.00235341442749, -0.00249346136115, 0.00877819769084, -0.0246816258878, 0.0488726049662, -0.0245869196951], [-0.000248090975219, -0.00359045737423, 0.00167992769275, -0.000434430403402, -0.00297530484386, 0.00316612119786, -0.00244110170752, -0.00222961907275, 0.00349770090543, -0.00708849914372, 0.0100652379915, -0.0245869196951, 0.0365069657564]]
    },
    "melbands": {
        "dmean": [0.00144242821261, 0.0012165029766, 0.000997008406557, 0.000361825339496, 0.000187705023563, 0.000136870963615, 0.000136084287078, 0.000123457823065, 0.00015444442397, 0.000122891680803, 7.69933612901e-05, 8.63587338245e-05, 8.03744551376e-05, 7.33239794499e-05, 5.67371935176e-05, 6.86920830049e-05, 4.75469350931e-05, 3.80837554985e-05, 2.85555324808e-05, 2.983797458e-05, 2.55650902545e-05, 1.69690174516e-05, 1.35304808282e-05, 1.34760030051e-05, 1.17810495794e-05, 9.91862543742e-06, 6.79315780872e-06, 4.90094544148e-06, 4.05867876907e-06, 3.60300782631e-06, 3.30798820869e-06, 2.59622584053e-06, 2.8412894153e-06, 2.66283313977e-06, 2.22232029046e-06, 2.30510590882e-06, 1.83216627647e-06, 1.73017258476e-06, 1.36775577175e-06, 5.94458811065e-07],
        "dmean2": [0.00242979987524, 0.00196383497678, 0.00176784710493, 0.00065481942147, 0.000324119289871, 0.000225476542255, 0.000220418092795, 0.000204001407837, 0.000250007113209, 0.000197162677068, 0.000128199259052, 0.00014412663586, 0.000137569644721, 0.000115808608825, 9.06582645257e-05, 0.000114969858259, 7.96940294094e-05, 6.27244953648e-05, 4.71822459076e-05, 5.19353125128e-05, 4.25493235525e-05, 2.81297670881e-05, 2.32252968999e-05, 2.24103405344e-05, 1.99859205168e-05, 1.68583483173e-05, 1.14047188617e-05, 7.97521079221e-06, 6.74905868436e-06, 5.84035069551e-06, 5.15461897521e-06, 4.14800206272e-06, 4.68199959869e-06, 4.25529924541e-06, 3.62684158972e-06, 3.67329630535e-06, 2.8666788694e-06, 2.62969888354e-06, 2.12460918192e-06, 9.4132826689e-07],
        "dvar": [6.17724117546e-06, 6.8303415901e-06, 4.87548004457e-06, 5.73640818402e-07, 9.20291967077e-08, 5.7372350426e-08, 5.26508330267e-08, 4.09620355413e-08, 1.02902980359e-07, 9.48679215185e-08, 1.67538516394e-08, 1.91469187172e-08, 2.73336073775e-08, 1.28431310031e-08, 7.50099005131e-09, 1.30568942325e-08, 7.61354268519e-09, 3.4043987629e-09, 1.88541338098e-09, 3.20486015504e-09, 2.16780726703e-09, 7.23377968637e-10, 5.03198704926e-10, 5.11799158609e-10, 4.25892154876e-10, 2.92738777663e-10, 1.41088252192e-10, 8.24767892871e-11, 5.43524704411e-11, 5.00294458639e-11, 3.03769683019e-11, 2.20941390183e-11, 2.65613364636e-11, 1.77873618612e-11, 1.49578682773e-11, 1.39849737693e-11, 1.25718740973e-11, 1.36208015353e-11, 8.67895859347e-12, 1.13177815644e-12],
        "dvar2": [1.55191282829e-05, 1.40685506267e-05, 1.3809039956e-05, 1.66682457348e-06, 2.58234507555e-07, 1.30515005026e-07, 1.22534501656e-07, 1.11424853344e-07, 2.60722430312e-07, 2.4476585736e-07, 4.81328683577e-08, 5.2445525256e-08, 7.30066531673e-08, 2.89523374164e-08, 1.87753741443e-08, 3.41550645544e-08, 1.91774294223e-08, 9.35950872361e-09, 4.92719909317e-09, 8.79681749666e-09, 5.85112402973e-09, 1.86530391133e-09, 1.39131950405e-09, 1.37450928417e-09, 1.13260612e-09, 7.67349794817e-10, 3.73367115003e-10, 2.06375694312e-10, 1.33418831538e-10, 1.18997894871e-10, 6.56607615501e-11, 5.17582539328e-11, 6.74566236203e-11, 4.36147853944e-11, 3.32784702572e-11, 3.17596678123e-11, 2.57082913985e-11, 2.69615284959e-11, 1.91109541386e-11, 2.40510627907e-12],
        "max": [0.0207775831223, 0.0244092196226, 0.024617774412, 0.00879932753742, 0.00347909401171, 0.0077103166841, 0.00400216411799, 0.0037132978905, 0.00962368585169, 0.0098181637004, 0.00216410052963, 0.00218310160562, 0.00369156617671, 0.00245329737663, 0.00185489165597, 0.00121615221724, 0.00193887960631, 0.00103677401785, 0.000492652237881, 0.000542695575859, 0.000539914413821, 0.000230748104514, 0.000260449945927, 0.000247952033533, 0.000196604873054, 0.000168875907548, 0.00013739168935, 9.4435250503e-05, 9.17168799788e-05, 0.000102707352198, 5.54771831958e-05, 8.21618305054e-05, 7.90178019088e-05, 5.56107879675e-05, 9.35542630032e-05, 8.14453087514e-05, 7.8845245298e-05, 7.80554983066e-05, 8.79375802469e-05, 2.14038536797e-05],
        "mean": [0.00202253600582, 0.00165865733288, 0.0010661247652, 0.000382992206141, 0.000242149602855, 0.000210507656448, 0.000208226803807, 0.000188307647477, 0.000239260771195, 0.000200784605113, 0.000126780345454, 0.000135900103487, 0.000124096681247, 0.000124080543173, 9.94412621367e-05, 0.000105910454295, 7.65598233556e-05, 6.9566493039e-05, 5.43856585864e-05, 4.31517873949e-05, 3.88494008803e-05, 2.81937518594e-05, 2.14413576032e-05, 2.27525106311e-05, 1.86356955965e-05, 1.67533344211e-05, 1.16666451504e-05, 8.33864305605e-06, 6.99365318724e-06, 6.15706312601e-06, 5.65524578633e-06, 4.54027122032e-06, 4.57508394902e-06, 4.39738369096e-06, 3.57829230779e-06, 3.52171332452e-06, 2.96800976685e-06, 2.92593313134e-06, 2.1722225938e-06, 9.03773468508e-07],
        "median": [0.000830873381346, 0.000787598139141, 0.000491242215503, 0.000190896884305, 0.000122854369693, 8.75478363014e-05, 0.00010703047883, 0.000102600693936, 0.000104447208287, 8.32958176034e-05, 6.4485015173e-05, 7.01242897776e-05, 5.67063361814e-05, 7.00666423654e-05, 5.7166966144e-05, 6.12009898759e-05, 4.25122707384e-05, 4.36398840975e-05, 3.54809817509e-05, 2.78416300716e-05, 2.38480297412e-05, 1.77989786607e-05, 1.30883609017e-05, 1.43018323797e-05, 1.08430522232e-05, 8.73285080161e-06, 6.04861679676e-06, 3.72526324099e-06, 2.8236261187e-06, 2.18082550418e-06, 2.00151612262e-06, 1.73073829046e-06, 2.13558473661e-06, 2.13901262214e-06, 1.63766367223e-06, 1.82928931736e-06, 1.32805428166e-06, 1.14024430786e-06, 8.6164214963e-07, 3.69122489019e-07],
        "min": [2.70832334337e-08, 2.3920170733e-08, 9.34008426157e-09, 2.74840417092e-09, 5.09528641501e-10, 4.06725542135e-10, 6.05734407078e-10, 7.19408199679e-10, 1.78337167256e-09, 2.31266961137e-09, 6.4036970171e-10, 1.01864031099e-10, 1.78190362465e-09, 6.46428521822e-10, 3.49810541644e-10, 9.13646158729e-10, 3.5816399846e-10, 1.45581535715e-09, 6.01636129804e-10, 4.23249602033e-10, 2.15717096963e-10, 3.00777597273e-10, 1.17732879001e-10, 2.12640419162e-10, 1.25003479789e-10, 1.5776199791e-10, 1.53249385404e-10, 4.65422422824e-11, 3.59002168271e-11, 1.02801846896e-11, 6.87514411721e-12, 5.26361289624e-12, 1.05653550145e-11, 1.10936563755e-11, 9.61730001192e-12, 2.44358110135e-11, 1.37059695191e-11, 9.33843453954e-12, 7.67289964204e-12, 5.54275592438e-12],
        "var": [9.88433839666e-06, 8.66137088451e-06, 3.50407617589e-06, 4.01022987262e-07, 1.10596225511e-07, 1.44239038491e-07, 9.82561445539e-08, 6.26427194561e-08, 1.94524915287e-07, 1.57841228088e-07, 3.07555474421e-08, 3.27395603961e-08, 4.57289281997e-08, 2.80286833743e-08, 1.6998066954e-08, 1.86555304538e-08, 1.30353186023e-08, 6.88481582856e-09, 3.98980581906e-09, 3.06043279608e-09, 2.3534323379e-09, 9.50699630131e-10, 6.22411178153e-10, 6.87483792117e-10, 5.42918043855e-10, 4.39012881603e-10, 2.13092404833e-10, 1.30623137307e-10, 9.84159212458e-11, 9.4345614654e-11, 6.94789850653e-11, 4.65513530501e-11, 4.50157307263e-11, 3.43839991201e-11, 2.76310363478e-11, 2.68317503632e-11, 3.31884832117e-11, 4.5906035917e-11, 2.38865507235e-11, 2.85639610922e-12]
    },
    "mfcc": {
        "mean": [-607.083312988, 106.340568542, -6.16127157211, 10.6339616776, 9.37922382355, 10.5457639694, 4.26475286484, 10.5766515732, -0.396784365177, 8.35086631775, 3.13684821129, 4.0738902092, 0.503703355789],
        "cov": [[3961.50512695, -679.315307617, -117.81061554, 154.443481445, -141.167419434, 53.8275489807, -174.34967041, -161.301925659, -121.440719604, -106.69783783, -96.9548416138, -118.085693359, -63.8129425049], [-679.315307617, 630.633056641, -135.796142578, 29.5989265442, -9.09659767151, -19.7818508148, 51.3254508972, 51.8535804749, 43.8756484985, 21.6689395905, 26.1013240814, 20.5445899963, -15.076921463], [-117.81061554, -135.796142578, 288.872558594, -7.39063167572, 83.4328308105, 1.67484891415, 7.11988115311, 18.7870788574, -2.1575729847, 2.30517578125, -4.64524698257, 4.03648900986, 10.2054843903], [154.443481445, 29.5989265442, -7.39063167572, 258.545684814, 103.798522949, 57.1866416931, -10.5028829575, -6.02896738052, 0.0491395406425, -8.65806770325, -23.0732212067, -15.3176183701, -8.05914974213], [-141.167419434, -9.09659767151, 83.4328308105, 103.798522949, 280.094299316, 57.4605064392, 18.6794242859, 16.0069694519, -11.1112165451, 11.8194179535, -7.21244001389, -6.10817861557, 1.08532845974], [53.8275489807, -19.7818508148, 1.67484891415, 57.1866416931, 57.4605064392, 124.98690033, 35.0955696106, 15.5833282471, 7.32349443436, -0.556324422359, -6.74350738525, -2.72503590584, -0.690986037254], [-174.34967041, 51.3254508972, 7.11988115311, -10.5028829575, 18.6794242859, 35.0955696106, 105.654411316, 38.4372291565, 32.8354682922, 8.13921642303, 13.0566205978, 3.22822952271, -1.22790789604], [-161.301925659, 51.8535804749, 18.7870788574, -6.02896738052, 16.0069694519, 15.5833282471, 38.4372291565, 90.3622970581, 32.0391693115, 17.541852951, 2.8157479763, 0.312457889318, -0.52904522419], [-121.440719604, 43.8756484985, -2.1575729847, 0.0491395406425, -11.1112165451, 7.32349443436, 32.8354682922, 32.0391693115, 76.1024551392, 27.0320301056, 18.8492412567, 6.90241765976, -3.58139944077], [-106.69783783, 21.6689395905, 2.30517578125, -8.65806770325, 11.8194179535, -0.556324422359, 8.13921642303, 17.541852951, 27.0320301056, 61.9506759644, 27.3094577789, 8.97261810303, 1.19268596172], [-96.9548416138, 26.1013240814, -4.64524698257, -23.0732212067, -7.21244001389, -6.74350738525, 13.0566205978, 2.8157479763, 18.8492412567, 27.3094577789, 62.6640739441, 29.1491603851, 8.14788341522], [-118.085693359, 20.5445899963, 4.03648900986, -15.3176183701, -6.10817861557, -2.72503590584, 3.22822952271, 0.312457889318, 6.90241765976, 8.97261810303, 29.1491603851, 65.5925674438, 24.4031066895], [-63.8129425049, -15.076921463, 10.2054843903, -8.05914974213, 1.08532845974, -0.690986037254, -1.22790789604, -0.52904522419, -3.58139944077, 1.19268596172, 8.14788341522, 24.4031066895, 49.5207366943]],
