{
"lowlevel": {
    "average_loudness": 0.987743854523,
    "barkbands_crest": {
        "dmean": 4.12569522858,
        "dmean2": 7.29570960999,
        "dvar": 10.3514184952,
        "dvar2": 31.1739082336,
        "max": 25.58934021,
        "mean": 15.6263961792,
        "median": 16.15883255,
        "min": 4.23401212692,
        "var": 13.2890834808
    },
    "barkbands_flatness_db": {
        "dmean": 0.0394490882754,
        "dmean2": 0.0634352266788,
        "dvar": 0.0013380741002,
        "dvar2": 0.00350048253313,
        "max": 0.36752051115,
        "mean": 0.191912934184,
        "median": 0.188612163067,
        "min": 0.0609890073538,
        "var": 0.00280306255445
    },
    "barkbands_kurtosis": {
        "dmean": 9.88145923615,
        "dmean2": 16.2489624023,
        "dvar": 165.650161743,
        "dvar2": 461.166809082,
        "max": 163.567092896,
        "mean": 14.527258873,
        "median": 8.46631717682,
        "min": -1.50496828556,
        "var": 295.19543457
    },
    "barkbands_skewness": {
        "dmean": 1.1302574873,
        "dmean2": 1.87665176392,
        "dvar": 1.07514679432,
        "dvar2": 2.97943949699,
        "max": 10.7559289932,
        "mean": 3.2713572979,
        "median": 2.92704868317,
        "min": 0.217966377735,
        "var": 2.4499475956
    },
    "barkbands_spread": {
        "dmean": 10.241976738,
        "dmean2": 16.5178165436,
        "dvar": 135.469650269,
        "dvar2": 327.208709717,
        "max": 86.1054153442,
        "mean": 19.6808052063,
        "median": 15.9553871155,
        "min": 0.854260981083,
        "var": 212.951217651
    },
    "dissonance": {
        "dmean": 0.0157773345709,
        "dmean2": 0.0268941093236,
        "dvar": 0.000222615839448,
        "dvar2": 0.000627031142358,
        "max": 0.500000059605,
        "mean": 0.474810421467,
        "median": 0.479632288218,
        "min": 0.365588754416,
        "var": 0.000381462305086
    },
    "dynamic_complexity": 1.43402886391,
    "erbbands_crest": {
        "dmean": 2.78562426567,
        "dmean2": 4.59390163422,
        "dvar": 7.82411956787,
        "dvar2": 19.7277946472,
        "max": 26.5032844543,
        "mean": 7.22894573212,
        "median": 5.97710800171,
        "min": 2.28042602539,
        "var": 16.1528358459
    },
    "erbbands_flatness_db": {
        "dmean": 0.0160943157971,
        "dmean2": 0.0229147877544,
        "dvar": 0.000255002552876,
        "dvar2": 0.000444586738013,
        "max": 0.273929417133,
        "mean": 0.13920968771,
        "median": 0.131686419249,
        "min": 0.0918288081884,
        "var": 0.000813909515273
    },
    "erbbands_kurtosis": {
        "dmean": 0.64812707901,
        "dmean2": 1.03310787678,
        "dvar": 0.667178153992,
        "dvar2": 1.6678044796,
        "max": 10.8498859406,
        "mean": -0.398091316223,
        "median": -0.761358499527,
        "min": -1.75932013988,
        "var": 1.38361954689
    },
    "erbbands_skewness": {
        "dmean": 0.325053483248,
        "dmean2": 0.497916519642,
        "dvar": 0.0874074697495,
        "dvar2": 0.208493068814,
        "max": 1.82861757278,
        "mean": 0.0177077967674,
        "median": 0.0143490387127,
        "min": -2.04580616951,
        "var": 0.260933578014
    },
    "erbbands_spread": {
        "dmean": 14.8468408585,
        "dmean2": 22.2515068054,
        "dvar": 191.088195801,
        "dvar2": 420.825500488,
        "max": 164.484146118,
        "mean": 64.5524978638,
        "median": 64.3781890869,
        "min": 11.2707443237,
        "var": 613.752380371
    },
    "hfc": {
        "dmean": 22.4425830841,
        "dmean2": 32.6521377563,
        "dvar": 906.615539551,
        "dvar2": 2222.71801758,
        "max": 183.097579956,
        "mean": 36.9723625183,
        "median": 23.8017101288,
        "min": 0.00154585076962,
        "var": 1134.29699707
    },
    "melbands_crest": {
        "dmean": 3.77615189552,
        "dmean2": 6.5248465538,
        "dvar": 8.33388233185,
        "dvar2": 22.9878120422,
        "max": 32.8267440796,
        "mean": 20.5855236053,
        "median": 20.5518245697,
        "min": 8.61172294617,
        "var": 13.2287397385
    },
    "melbands_flatness_db": {
        "dmean": 0.0476230122149,
        "dmean2": 0.0761133134365,
        "dvar": 0.00172737904359,
        "dvar2": 0.00473872199655,
        "max": 0.46002393961,
        "mean": 0.252816826105,
        "median": 0.250395804644,
        "min": 0.0946641117334,
        "var": 0.00387461553328
    },
    "melbands_kurtosis": {
        "dmean": 30.6105270386,
        "dmean2": 52.3329544067,
        "dvar": 1259.56018066,
        "dvar2": 3759.32495117,
        "max": 413.216949463,
        "mean": 52.5076942444,
        "median": 39.8702545166,
        "min": 0.119210481644,
        "var": 2025.73461914
    },
    "melbands_skewness": {
        "dmean": 1.74030041695,
        "dmean2": 2.9820189476,
        "dvar": 2.41492247581,
        "dvar2": 6.97311878204,
        "max": 16.0582332611,
        "mean": 5.8008852005,
        "median": 5.58960342407,
        "min": 0.879970371723,
        "var": 5.04703617096
    },
    "melbands_spread": {
        "dmean": 6.96935653687,
        "dmean2": 11.902012825,
        "dvar": 62.7509918213,
        "dvar2": 173.690261841,
        "max": 60.1964378357,
        "mean": 11.7781085968,
        "median": 9.35302829742,
        "min": 0.704537272453,
        "var": 80.9649429321
    },
    "pitch_salience": {
        "dmean": 0.120970994234,
        "dmean2": 0.213596865535,
        "dvar": 0.00907972361892,
        "dvar2": 0.0267108380795,
        "max": 0.789767146111,
        "mean": 0.420518010855,
        "median": 0.411820709705,
        "min": 0.130751043558,
        "var": 0.0121850874275
    },
    "silence_rate_20dB": {
        "dmean": 0,
        "dmean2": 0,
        "dvar": 0,
        "dvar2": 0,
        "max": 1,
        "mean": 1,
        "median": 1,
        "min": 1,
        "var": 0
    },
    "silence_rate_30dB": {
        "dmean": 0.178931057453,
        "dmean2": 0.358000785112,
        "dvar": 0.146912783384,
        "dvar2": 0.281759440899,
        "max": 1,
        "mean": 0.758420467377,
        "median": 1,
        "min": 0,
        "var": 0.183214515448
    },
    "silence_rate_60dB": {
        "dmean": 0.00154918665066,
        "dmean2": 0.00309957377613,
        "dvar": 0.00154677091632,
        "dvar2": 0.00308995530941,
        "max": 1,
        "mean": 0.00658149458468,
        "median": 0,
        "min": 0,
        "var": 0.00653817085549
    },
    "spectral_centroid": {
        "dmean": 323.37109375,
        "dmean2": 485.698852539,
        "dvar": 82604.2109375,
        "dvar2": 206749.515625,
        "max": 3068.78515625,
        "mean": 1287.10839844,
        "median": 1226.20666504,
        "min": 284.282653809,
        "var": 244479.25
    },
    "spectral_complexity": {
        "dmean": 6.18435335159,
        "dmean2": 8.82332420349,
        "dvar": 39.8033676147,
        "dvar2": 78.0562133789,
        "max": 56,
        "mean": 22.7166080475,
        "median": 21,
        "min": 0,
        "var": 123.169380188
    },
    "spectral_decrease": {
        "dmean": 9.21366449802e-09,
        "dmean2": 1.48547441015e-08,
        "dvar": 6.74150875742e-17,
        "dvar2": 1.70098708013e-16,
        "max": -6.48803114098e-13,
        "mean": -2.23333529448e-08,
        "median": -1.96419218668e-08,
        "min": -6.70332269692e-08,
        "var": 1.22638459362e-16
    },
    "spectral_energy": {
        "dmean": 0.0354395024478,
        "dmean2": 0.0568277686834,
        "dvar": 0.00100738578476,
        "dvar2": 0.00245363474824,
        "max": 0.259851694107,
        "mean": 0.0876446664333,
        "median": 0.0771590769291,
        "min": 2.58893214777e-06,
        "var": 0.0018689451972
    },
    "spectral_energyband_high": {
        "dmean": 0.00226827594452,
        "dmean2": 0.00328953936696,
        "dvar": 1.05303142846e-05,
        "dvar2": 2.57238298218e-05,
        "max": 0.0203493982553,
        "mean": 0.00265659647994,
        "median": 0.00104048615322,
        "min": 1.24584744299e-07,
        "var": 1.25276337712e-05
    },
    "spectral_energyband_low": {
        "dmean": 0.033958286047,
        "dmean2": 0.0573793202639,
        "dvar": 0.000998354167677,
        "dvar2": 0.00265775574371,
        "max": 0.226416006684,
        "mean": 0.0686430707574,
        "median": 0.0605242028832,
        "min": 1.15748468943e-06,
        "var": 0.00143904809374
    },
    "spectral_energyband_middle_high": {
        "dmean": 0.00251141237095,
        "dmean2": 0.00400021718815,
        "dvar": 1.2439105376e-05,
        "dvar2": 3.17166050081e-05,
        "max": 0.0363669097424,
        "mean": 0.00556648429483,
        "median": 0.00376426894218,
        "min": 1.13169839722e-07,
        "var": 2.69064148597e-05
    },
    "spectral_energyband_middle_low": {
        "dmean": 0.00693618552759,
        "dmean2": 0.0122248223051,
        "dvar": 0.000130375701701,
        "dvar2": 0.000362811639206,
        "max": 0.116217084229,
        "mean": 0.0126355532557,
        "median": 0.00976471789181,
        "min": 1.25194378597e-06,
        "var": 0.000117426432553
    },
    "spectral_entropy": {
        "dmean": 0.191316500306,
        "dmean2": 0.259953230619,
        "dvar": 0.0374619849026,
        "dvar2": 0.0742830038071,
        "max": 8.43974781036,
        "mean": 7.80191087723,
        "median": 7.85127162933,
        "min": 6.53767681122,
        "var": 0.111675269902
    },
    "spectral_flux": {
        "dmean": 0.049871660769,
        "dmean2": 0.0761597901583,
        "dvar": 0.00214983266778,
        "dvar2": 0.0046306271106,
        "max": 0.377199709415,
        "mean": 0.14937518537,
        "median": 0.139349669218,
        "min": 0.00160901586059,
        "var": 0.00466437125579
    },
    "spectral_kurtosis": {
        "dmean": 1.07948899269,
        "dmean2": 1.74195230007,
        "dvar": 1.35972380638,
        "dvar2": 3.41348028183,
        "max": 11.0674552917,
        "mean": 1.28977227211,
        "median": 0.977677822113,
        "min": -1.19022130966,
        "var": 2.20115399361
    },
    "spectral_rms": {
        "dmean": 0.00185729656368,
        "dmean2": 0.00301837851293,
        "dvar": 2.50517814493e-06,
        "dvar2": 6.37744960841e-06,
        "max": 0.0159221179783,
        "mean": 0.00895954947919,
        "median": 0.00867624022067,
        "min": 5.02572111145e-05,
        "var": 5.23308517586e-06
    },
    "spectral_rolloff": {
        "dmean": 610.695739746,
        "dmean2": 1134.26928711,
        "dvar": 1424435.75,
        "dvar2": 3944021.5,
        "max": 7816.55273438,
        "mean": 617.034606934,
        "median": 236.865234375,
        "min": 86.1328125,
        "var": 1004340.5
    },
    "spectral_skewness": {
        "dmean": 0.181645840406,
        "dmean2": 0.27938824892,
        "dvar": 0.026619495824,
        "dvar2": 0.0627827495337,
        "max": 2.57760286331,
        "mean": 0.990760207176,
        "median": 0.982516407967,
        "min": 0.182677403092,
        "var": 0.0765099897981
    },
    "spectral_spread": {
        "dmean": 802951.0625,
        "dmean2": 969116.625,
        "dvar": 628655849472,
        "dvar2": 1.05380872192e+12,
        "max": 12870172,
        "mean": 5184072,
        "median": 5016300.5,
        "min": 2572041.25,
        "var": 1.79896687002e+12
    },
    "spectral_strongpeak": {
        "dmean": 0.223669528961,
        "dmean2": 0.374296635389,
        "dvar": 0.103979431093,
        "dvar2": 0.296548843384,
        "max": 6.77387619019,
        "mean": 0.504920780659,
        "median": 0.459733247757,
        "min": 0,
        "var": 0.0905365943909
    },
    "zerocrossingrate": {
        "dmean": 0.0134960031137,
        "dmean2": 0.0156478919089,
        "dvar": 0.000130854998133,
        "dvar2": 0.000169414430275,
        "max": 0.11865234375,
        "mean": 0.0421481430531,
        "median": 0.0380859375,
        "min": 0.00390625,
        "var": 0.000525960815139
    },
    "barkbands": {
        "dmean": [0.00140462291893, 0.0303265303373, 0.00727970246226, 0.00309016928077, 0.00288136000745, 0.000986164202914, 0.000645504915155, 0.000868942297529, 0.000832569028717, 0.000798906141426, 0.000384108454455, 0.000775102467742, 0.000405278260587, 0.000445498444606, 0.000448253849754, 0.000234176564845, 0.000230071484111, 0.000227408934734, 0.000231371755945, 0.000178731264896, 0.000207018121728, 0.000246372947004, 0.000474803615361, 0.00128904462326, 0.000102088313724, 3.43057024565e-07, 3.1864968264e-07],
        "dmean2": [0.00225614570081, 0.0518244095147, 0.0118287457153, 0.00549128698185, 0.00511709740385, 0.00167459633667, 0.00110404205043, 0.00149919686373, 0.00137175770942, 0.0012678722851, 0.000648424378596, 0.00125860469416, 0.00066807604162, 0.000719633360859, 0.000766056007706, 0.000407402985729, 0.000383075646823, 0.000371472677216, 0.000379757548217, 0.000296056910884, 0.000322252104525, 0.000362953986041, 0.000690375105478, 0.00202859006822, 0.000162102587637, 5.88397426782e-07, 5.59638067443e-07],
        "dvar": [2.21287427848e-06, 0.00076680915663, 6.74592592986e-05, 2.93441717076e-05, 2.78166971839e-05, 1.75156458226e-06, 8.96109156656e-07, 1.96579912881e-06, 1.93431651496e-06, 1.82665212378e-06, 6.75343017065e-07, 2.27581654144e-06, 8.23072923595e-07, 1.41716714097e-06, 1.13036094262e-06, 1.82874018151e-07, 1.08876278659e-07, 1.26494498431e-07, 1.12478844017e-07, 8.12805041051e-08, 9.1705253169e-08, 1.06965131863e-07, 4.54384377235e-07, 4.43727321908e-06, 2.89011410359e-08, 6.64149291119e-13, 6.99081634595e-13],
        "dvar2": [5.93643699176e-06, 0.00209673377685, 0.000184697579243, 8.26750838314e-05, 7.88575489423e-05, 4.85708960696e-06, 2.38203710978e-06, 5.39053007742e-06, 4.70712166134e-06, 4.41444444732e-06, 1.8130240278e-06, 5.55455198992e-06, 1.95700022232e-06, 3.25215569319e-06, 2.90599473374e-06, 5.05545756369e-07, 2.77745613175e-07, 3.36252270472e-07, 2.68443841378e-07, 2.1897494662e-07, 2.39561074977e-07, 2.31110320215e-07, 1.08092581286e-06, 1.10180308184e-05, 7.27262872147e-08, 1.7527312067e-12, 1.86510854504e-12],
        "max": [0.0144862364978, 0.195965468884, 0.0806085243821, 0.04644241184, 0.0602576769888, 0.0146886017174, 0.0110960444435, 0.0190993845463, 0.0154835162684, 0.0143032735214, 0.0166070628911, 0.021755265072, 0.0165684260428, 0.0221826191992, 0.0149745279923, 0.0090798093006, 0.00456202263013, 0.0030425877776, 0.00562802050263, 0.00315610179678, 0.00319631723687, 0.00276491884142, 0.00522361742333, 0.0142677985132, 0.00132603337988, 1.09658158181e-05, 1.11204262794e-05],
        "mean": [0.00269457092509, 0.0518688894808, 0.0122893769294, 0.0040253540501, 0.00399475777522, 0.00149363547098, 0.000859457359184, 0.00107924093027, 0.0010337845888, 0.00104019208811, 0.000483746727696, 0.000977907679044, 0.000506222888362, 0.000566067523323, 0.000552749668714, 0.000313288415782, 0.000338219950208, 0.000336632074323, 0.000384577084333, 0.00027015581145, 0.000334065553034, 0.000370296504116, 0.000573652272578, 0.00115152425133, 0.000105791099486, 2.58465320258e-07, 2.15672812942e-07],
        "median": [0.00231560692191, 0.0451710633934, 0.00991694815457, 0.00266753090546, 0.00271117221564, 0.0011761962669, 0.000477647408843, 0.000517107080668, 0.000320981402183, 0.000267995259492, 0.000151882704813, 0.000308002287056, 0.00017987062165, 0.0002173568937, 0.000188463454833, 0.000182551782927, 0.000203537274501, 0.000220474845264, 0.000263086345512, 0.000177998808795, 0.000211678066989, 0.000196822336875, 0.000215585154365, 0.000237684100284, 3.21646766679e-05, 2.75463474253e-08, 3.92317067721e-09],
        "min": [4.6730459502e-08, 9.46693148762e-07, 1.13513301869e-07, 2.50057496487e-07, 8.6645633246e-07, 7.33310727696e-08, 1.77107750687e-08, 1.95932443603e-08, 1.12368834237e-08, 3.61355319001e-08, 3.78826170433e-09, 3.71750941142e-09, 1.06517736853e-08, 2.80967138444e-09, 1.4193355824e-08, 7.51934425836e-09, 1.37113129739e-08, 5.03648811545e-09, 1.92025169099e-08, 5.49552758855e-09, 6.18014750486e-09, 8.97096175123e-09, 2.07626236204e-08, 2.91838482269e-08, 4.1164605058e-09, 1.14645706123e-11, 8.0302570149e-12],
        "var": [3.17799776894e-06, 0.000992901041172, 0.0001110579542, 2.32148504438e-05, 2.38604807237e-05, 1.69552913576e-06, 1.25731287426e-06, 2.21641448661e-06, 3.23954373016e-06, 3.38642803399e-06, 9.29710495257e-07, 3.57760836778e-06, 1.17675733691e-06, 2.20062088374e-06, 1.42036753914e-06, 2.14716123992e-07, 1.63798077324e-07, 1.40234661217e-07, 1.62180228358e-07, 8.47614529675e-08, 1.18491776391e-07, 1.69495109503e-07, 5.81354981932e-07, 4.16750344812e-06, 2.88475465737e-08, 4.81468326579e-13, 4.81955241775e-13]
    },
    "erbbands": {
        "dmean": [0.968641936779, 7.09053373337, 10.5603370667, 8.18987464905, 11.8156652451, 8.86435317993, 8.45128631592, 8.65319061279, 7.86137104034, 13.0322227478, 18.155752182, 16.6405353546, 18.6746253967, 29.0517807007, 19.0601196289, 25.0892086029, 18.7805843353, 20.8480377197, 23.9875965118, 17.49634552, 12.6670045853, 12.784869194, 11.2867708206, 12.0378503799, 11.5792512894, 8.46455669403, 7.57109594345, 8.82275295258, 8.37066078186, 9.53915214539, 14.4203109741, 40.825668335, 10.7000141144, 2.30833220482, 0.133558526635, 0.00718921050429, 0.00105330965016, 0.000282323511783, 7.55475921324e-05, 4.60425144411e-05],
        "dmean2": [1.53029310703, 12.3134994507, 17.6450042725, 14.2854347229, 20.7952613831, 15.5162210464, 15.4025859833, 14.4836816788, 13.5237054825, 22.5676879883, 31.2573165894, 27.5069408417, 30.0579376221, 46.8205337524, 30.373588562, 40.8912200928, 30.7741909027, 33.2364768982, 39.6518783569, 30.6178283691, 21.7767086029, 21.2410049438, 18.4160652161, 19.308172226, 19.2793636322, 14.0211582184, 12.2049379349, 13.5532484055, 12.8710212708, 13.1084156036, 21.1900653839, 66.8918762207, 15.4714784622, 3.46948099136, 0.208517596126, 0.0110466675833, 0.00170159095433, 0.00046785135055, 0.000119452255603, 7.13037952664e-05],
        "dvar": [0.895962834358, 44.2640686035, 118.781761169, 214.105270386, 404.706359863, 252.186950684, 164.43536377, 114.866477966, 131.950027466, 368.28717041, 947.812866211, 873.867919922, 1256.18469238, 2471.39453125, 1293.96337891, 2978.53125, 1647.5892334, 3659.5390625, 2686.9921875, 1827.5255127, 468.354522705, 325.586090088, 271.931854248, 320.101196289, 343.341705322, 173.868240356, 103.105674744, 182.427001953, 129.501251221, 153.366439819, 419.830688477, 5007.40087891, 241.150756836, 12.9430160522, 0.0574798956513, 0.000137279115734, 4.59501052319e-06, 3.95045788082e-07, 1.81220354278e-08, 2.14708495427e-09],
        "dvar2": [2.24126362801, 123.25983429, 320.884552002, 595.647460938, 1084.66186523, 722.427734375, 503.522369385, 306.930664062, 349.921813965, 992.997009277, 2567.49023438, 2113.93188477, 2790.00585938, 6436.03466797, 2990.66870117, 7411.37548828, 3958.91333008, 8764.1171875, 6180.44775391, 5046.52441406, 1276.2746582, 837.807922363, 720.286682129, 790.344238281, 855.44128418, 460.610473633, 279.864746094, 466.303771973, 298.043945312, 304.971038818, 998.290283203, 12887.5029297, 533.219665527, 30.9509754181, 0.138828232884, 0.000327676680172, 1.1927558262e-05, 1.03867500911e-06, 4.59932927299e-08, 4.69462957398e-09],
        "max": [7.69394540787, 47.0702629089, 92.1410751343, 145.304107666, 216.525756836, 176.692672729, 137.976089478, 113.96156311, 161.067977905, 230.476272583, 390.934265137, 408.21661377, 517.552978516, 657.536621094, 777.72064209, 971.208251953, 776.674743652, 1196.86450195, 971.921447754, 742.342224121, 372.951019287, 188.005233765, 173.56791687, 192.136672974, 336.715026855, 174.520217896, 112.572929382, 129.975845337, 93.8401641846, 94.4402999878, 128.224624634, 454.952667236, 113.644218445, 27.0267238617, 2.01354670525, 0.0897041037679, 0.0327196680009, 0.00911754928529, 0.00138185173273, 0.000477754540043],
        "mean": [1.78251767159, 10.2513637543, 17.1024284363, 12.412856102, 15.3828201294, 11.5754117966, 11.441947937, 12.8030166626, 11.297077179, 17.4808807373, 23.3272895813, 21.9195137024, 25.6831417084, 38.1000366211, 27.0083446503, 33.2579803467, 24.6285934448, 27.5999565125, 33.7269668579, 21.5976276398, 18.2932243347, 19.5848655701, 17.9135036469, 18.9228534698, 18.5450820923, 13.05123806, 12.4370803833, 13.0186376572, 12.5594501495, 13.8749322891, 16.9161777496, 33.6931800842, 11.3419628143, 2.50099277496, 0.135916218162, 0.00730010773987, 0.000936668599024, 0.000230672696489, 9.38076846069e-05, 0.000109555621748],
        "median": [1.63702905178, 8.42906475067, 13.9183006287, 9.36152935028, 8.39732170105, 8.27628803253, 9.00280189514, 9.54227352142, 7.13415718079, 10.2335824966, 10.8395729065, 7.56700277328, 9.58730506897, 10.7761516571, 11.3227119446, 11.3072013855, 9.33718967438, 10.9919242859, 12.1895875931, 9.81408214569, 11.7229833603, 12.3268918991, 12.3835554123, 12.4103012085, 12.0980939865, 8.52599334717, 8.5578918457, 7.2072057724, 6.80752277374, 6.40786933899, 6.15790462494, 5.73810386658, 3.28909301758, 0.796005547047, 0.030569402501, 0.00165743578691, 0.000182261836017, 3.42418825312e-05, 4.73073414469e-05, 9.10664821276e-05],
        "min": [2.75725415122e-05, 0.00020419365319, 0.000213398656342, 0.000423975812737, 0.00257496512495, 0.00271556153893, 0.00102107797284, 0.000573633180466, 0.000349748443114, 0.000278516265098, 0.000376650568796, 0.000217478940613, 0.00113624893129, 0.000482584640849, 0.000264584843535, 9.66058723861e-05, 0.000363074766938, 0.000298236991512, 0.00035578434472, 0.000958188495133, 0.000314493838232, 0.000681553967297, 0.000382285448723, 0.00111379416194, 0.000475350825582, 0.000356254575308, 0.000238367676502, 0.000224951189011, 0.000404440390412, 0.000197214409127, 0.000784983043559, 0.000799824134447, 0.000390641129343, 0.000164929704624, 4.70670192954e-06, 2.79606723552e-07, 4.21047730015e-08, 1.01753832027e-08, 3.72861341802e-09, 3.53489038041e-09],
        "var": [1.40353310108, 52.4015083313, 187.347457886, 168.156097412, 434.697052002, 190.04888916, 118.073486328, 129.158599854, 170.249526978, 498.615661621, 1130.81994629, 1478.26147461, 2277.04223633, 3967.70068359, 2220.1237793, 4524.86083984, 2377.13574219, 4442.30761719, 5573.17871094, 1896.18908691, 522.012756348, 476.196380615, 344.332763672, 402.093383789, 433.930786133, 193.628005981, 143.681869507, 217.137115479, 188.038619995, 277.628356934, 523.520141602, 4178.32177734, 300.716186523, 14.5929031372, 0.0628843978047, 0.000153400265845, 3.67219831787e-06, 2.9563622661e-07, 1.61292295076e-08, 3.67928976175e-09]
    },
    "gfcc": {
        "mean": [29.1359920502, 121.481842041, -116.394729614, 80.8444213867, -62.823600769, 36.9266662598, -24.1206665039, 3.36466884613, 0.879336237907, -15.9744329453, 11.3458681107, -17.0363426208, 5.63573026657],
        "cov": [[2926.09814453, -1081.03991699, 100.440956116, -109.360816956, -429.303649902, 451.281799316, -366.496704102, 272.069824219, -162.815444946, 6.73508691788, -136.94972229, 41.5911102295, -126.775764465], [-1081.03991699, 891.517822266, -222.180480957, -100.023422241, 300.582000732, -286.644927979, 329.261169434, -181.933959961, 102.970581055, -48.4528274536, 78.6261520386, -44.4564094543, 59.4748382568], [100.440956116, -222.180480957, 320.746368408, 106.754089355, -85.7634887695, 42.3712158203, -99.7820739746, 36.1543998718, -15.2202949524, 18.2993927002, -9.28323936462, 13.5805711746, -23.3743305206], [-109.360816956, -100.023422241, 106.754089355, 159.244018555, 6.3849401474, -40.7000350952, -71.0828399658, -7.41252326965, 20.3081111908, 30.3668766022, 3.90752387047, -3.55576682091, 1.88599574566], [-429.303649902, 300.582000732, -85.7634887695, 6.3849401474, 224.023574829, -102.127151489, 96.9264526367, -83.4775543213, 41.6183280945, -0.495484679937, 35.9396247864, -16.8857936859, 22.5106544495], [451.281799316, -286.644927979, 42.3712158203, -40.7000350952, -102.127151489, 193.253219604, -72.7018814087, 60.5792007446, -62.3586006165, -8.52579784393, -17.9488983154, 23.1130065918, -13.5853204727], [-366.496704102, 329.261169434, -99.7820739746, -71.0828399658, 96.9264526367, -72.7018814087, 218.959716797, -44.5066947937, 13.2661647797, -49.3774795532, 35.8622817993, 6.13311719894, 24.9853534698], [272.069824219, -181.933959961, 36.1543998718, -7.41252326965, -83.4775543213, 60.5792007446, -44.5066947937, 109.136474609, -10.6794919968, -5.12090921402, -29.5482978821, 5.89604091644, -5.29924440384], [-162.815444946, 102.970581055, -15.2202949524, 20.3081111908, 41.6183280945, -62.3586006165, 13.2661647797, -10.6794919968, 96.1827926636, 27.5368804932, -4.21713829041, -34.0400352478, 2.39714789391], [6.73508691788, -48.4528274536, 18.2993927002, 30.3668766022, -0.495484679937, -8.52579784393, -49.3774795532, -5.12090921402, 27.5368804932, 59.5103721619, 0.364212155342, -17.7685012817, -12.3255224228], [-136.94972229, 78.6261520386, -9.28323936462, 3.90752387047, 35.9396247864, -17.9488983154, 35.8622817993, -29.5482978821, -4.21713829041, 0.364212155342, 56.0242004395, 14.6966819763, -3.43653392792], [41.5911102295, -44.4564094543, 13.5805711746, -3.55576682091, -16.8857936859, 23.1130065918, 6.13311719894, 5.89604091644, -34.0400352478, -17.7685012817, 14.6966819763, 54.9954185486, 12.2912511826], [-126.775764465, 59.4748382568, -23.3743305206, 1.88599574566, 22.5106544495, -13.5853204727, 24.9853534698, -5.29924440384, 2.39714789391, -12.3255224228, -3.43653392792, 12.2912511826, 45.6379394531]],
        "icov": [[0.000869542534929, 0.000772259256337, 0.000294722034596, 0.000815190200228, 5.05763018737e-05, -0.000326924229739, 0.00034343576408, -0.000270999327768, -3.0668630643e-05, 0.000461719115265, 0.000691911729518, -0.000286291498924, 0.00144008873031], [0.000772259256337, 0.0178189724684, -0.00155068235472, 0.0133327087387, -0.00481661874801, 0.0144441174343, -0.00807600840926, 0.00999474339187, -0.0053459261544, 0.0079806856811, -0.0104836989194, 0.0120447007939, -0.0117612583563], [0.000294722034596, -0.00155068235472, 0.00534110143781, -0.00484409416094, 0.00169823656324, -0.00253072520718, 0.00101833499502, -0.00141826854087, 0.000427337276051, -0.000237759857555, 0.00183189939708, -0.00273685180582, 0.00425046076998], [0.000815190200228, 0.0133327087387, -0.00484409416094, 0.0224219225347, -0.0047037252225, 0.0143923955038, -0.00108889408875, 0.00718078855425, -0.00443888315931, 0.00483238138258, -0.0104406932369, 0.00898553617299, -0.012151776813], [5.05763018737e-05, -0.00481661874801, 0.00169823656324, -0.0047037252225, 0.0101170400158, -0.00301920436323, 0.000558587897103, 0.000820864399429, 0.000322767620673, -0.00217468314804, 0.000576808524784, -0.00135235697962, 0.00118558749091], [-0.000326924229739, 0.0144441174343, -0.00253072520718, 0.0143923955038, -0.00301920436323, 0.022907871753, -0.00427899835631, 0.00617535272613, -0.000420237338403, 0.00622846186161, -0.0106661478058, 0.0100366491824, -0.0120565202087], [0.00034343576408, -0.00807600840926, 0.00101833499502, -0.00108889408875, 0.000558587897103, -0.00427899835631, 0.0153185464442, -0.00492424797267, 0.00071407557698, 0.00420226203278, -1.05424132926e-05, -0.00543383089826, 0.00409770989791], [-0.000270999327768, 0.00999474339187, -0.00141826854087, 0.00718078855425, 0.000820864399429, 0.00617535272613, -0.00492424797267, 0.0210770368576, -0.00590515648946, 0.0064025153406, -0.0022024710197, 0.00581669481471, -0.00791746936738], [-3.0668630643e-05, -0.0053459261544, 0.000427337276051, -0.00443888315931, 0.000322767620673, -0.000420237338403, 0.00071407557698, -0.00590515648946, 0.02038154006, -0.0101849343628, 0.00454677361995, 0.00393888959661, 0.00138328946196], [0.000461719115265, 0.0079806856811, -0.000237759857555, 0.00483238138258, -0.00217468314804, 0.00622846186161, 0.00420226203278, 0.0064025153406, -0.0101849343628, 0.0329707860947, -0.00995533727109, 0.00947338249534, -0.00193125370424], [0.000691911729518, -0.0104836989194, 0.00183189939708, -0.0104406932369, 0.000576808524784, -0.0106661478058, -1.05424132926e-05, -0.0022024710197, 0.00454677361995, -0.00995533727109, 0.0370302535594, -0.0196372307837, 0.0183940585703], [-0.000286291498924, 0.0120447007939, -0.00273685180582, 0.00898553617299, -0.00135235697962, 0.0100366491824, -0.00543383089826, 0.00581669481471, 0.00393888959661, 0.00947338249534, -0.0196372307837, 0.0401604734361, -0.0209030155092], [0.00144008873031, -0.0117612583563, 0.00425046076998, -0.012151776813, 0.00118558749091, -0.0120565202087, 0.00409770989791, -0.00791746936738, 0.00138328946196, -0.00193125370424, 0.0183940585703, -0.0209030155092, 0.0430022515357]]
    },
    "melbands": {
        "dmean": [0.00837096385658, 0.0068115000613, 0.0015237814514, 0.000694492657203, 0.000303963781334, 0.000188246616744, 0.00012243623496, 0.000156449634233, 0.000143247292726, 0.000111913686851, 9.74892172962e-05, 0.000123180332594, 5.46038172615e-05, 9.34417839744e-05, 4.7336157877e-05, 4.45602127002e-05, 3.8454123569e-05, 4.06842082157e-05, 2.89788949885e-05, 1.88227313629e-05, 1.52478141899e-05, 1.44782934512e-05, 1.16858409456e-05, 1.07242331069e-05, 1.03091424535e-05, 9.35923344514e-06, 8.20178956928e-06, 5.30129727849e-06, 4.54839755548e-06, 5.61709703106e-06, 5.39236771147e-06, 4.83572102894e-06, 5.18383012604e-06, 5.63890489502e-06, 5.80872256251e-06, 1.79382222996e-05, 2.71420358331e-05, 7.72135990701e-06, 3.74603519049e-06, 1.26023360281e-06],
        "dmean2": [0.0137894712389, 0.0116715505719, 0.00263587618247, 0.00120811001398, 0.000553231860977, 0.000316405639751, 0.000209724705201, 0.000269693293376, 0.000245393952355, 0.00018449050549, 0.000156118607265, 0.000198107663891, 8.80713196239e-05, 0.000149897590745, 8.02024514996e-05, 7.22111653886e-05, 6.20925929979e-05, 6.6949200118e-05, 5.00711757923e-05, 3.30720286001e-05, 2.60616598098e-05, 2.41419256781e-05, 1.97992267204e-05, 1.75824952748e-05, 1.66599293152e-05, 1.55125308083e-05, 1.40009860843e-05, 8.70795156516e-06, 7.56637564336e-06, 8.79774961504e-06, 8.66356731422e-06, 7.63305251894e-06, 7.68963036535e-06, 7.92218088463e-06, 8.29315467854e-06, 2.8507780371e-05, 4.48500359198e-05, 1.1034052477e-05, 5.42452426089e-06, 2.03556669476e-06],
        "dvar": [6.04850538366e-05, 4.42163582193e-05, 6.02806130701e-06, 1.75838829364e-06, 2.15348265442e-07, 5.69098794756e-08, 3.12685166648e-08, 5.19236067476e-08, 5.91567825836e-08, 3.69941162148e-08, 3.35270868845e-08, 4.39921592488e-08, 1.22750041243e-08, 3.7832830202e-08, 9.65829283217e-09, 1.20194680875e-08, 1.32792230545e-08, 8.34576052711e-09, 5.31268407045e-09, 1.46903889053e-09, 6.72504607557e-10, 4.34290048368e-10, 2.74639672115e-10, 2.46508036206e-10, 2.34534391907e-10, 2.06520356372e-10, 2.14161285927e-10, 5.84399681425e-11, 3.50522597059e-11, 5.87176418598e-11, 7.84805692655e-11, 4.50363912829e-11, 4.73060306205e-11, 5.74552384836e-11, 6.12640355113e-11, 8.69823102434e-10, 2.31179098087e-09, 1.25175120269e-10, 3.04791226979e-11, 5.32617222895e-12],
        "dvar2": [0.000164395823958, 0.000120974182209, 1.64782977663e-05, 4.90044658363e-06, 6.70346423703e-07, 1.53759842192e-07, 8.3606224166e-08, 1.41098780659e-07, 1.57241615284e-07, 9.01177017454e-08, 7.44390078466e-08, 1.13900995302e-07, 3.0402649287e-08, 8.99756216199e-08, 2.44973996644e-08, 2.91679391751e-08, 3.16951265233e-08, 1.8764440668e-08, 1.40267690796e-08, 3.96112342926e-09, 1.78193759748e-09, 1.1079305251e-09, 7.33488103588e-10, 6.33456842536e-10, 5.85428872046e-10, 5.07971664732e-10, 5.85007819964e-10, 1.52279758248e-10, 9.63275917365e-11, 1.49543405437e-10, 2.04696301576e-10, 1.08132183763e-10, 9.43419023458e-11, 1.22684432058e-10, 1.35290070813e-10, 2.20861284816e-09, 5.98017191322e-09, 2.73175232435e-10, 6.55852455678e-11, 1.36165636058e-11],
        "max": [0.0620488040149, 0.0499344281852, 0.0229998901486, 0.0158059671521, 0.00535784335807, 0.00257256254554, 0.00222280528396, 0.00234179780819, 0.00268335384317, 0.00233525573276, 0.00255166389979, 0.00273199332878, 0.0024735678453, 0.0029208092019, 0.00127540994436, 0.00220760307275, 0.00240415520966, 0.00192080950364, 0.00136948667932, 0.000859486928675, 0.000612238014583, 0.000208243451198, 0.000181255614734, 0.000138010276714, 0.000171665626112, 0.000297131715342, 0.000213488339796, 0.000121932265756, 7.42531410651e-05, 9.25855420064e-05, 8.23264708742e-05, 5.65141672269e-05, 5.36254556209e-05, 6.51469817967e-05, 5.79442166782e-05, 0.000210851299926, 0.000302489643218, 9.97151510091e-05, 4.75070082757e-05, 2.07617104024e-05],
        "mean": [0.0148916812614, 0.0107295885682, 0.00238588149659, 0.000944659113884, 0.000424696307164, 0.000282669963781, 0.000174339598743, 0.000208818382816, 0.000180427887244, 0.000141963930218, 0.000128823463456, 0.000158716225997, 7.64260694268e-05, 0.000119354910566, 5.39801294508e-05, 5.71209275222e-05, 4.78667025163e-05, 5.61687993468e-05, 3.45462030964e-05, 2.31188405451e-05, 2.10543839785e-05, 2.08955316339e-05, 1.70203566086e-05, 1.5431738575e-05, 1.51249378177e-05, 1.49304978549e-05, 1.13101987154e-05, 7.79352558311e-06, 7.0730529842e-06, 8.66622303874e-06, 7.14505858923e-06, 6.9140269261e-06, 7.5882821875e-06, 7.69739654061e-06, 7.64802734921e-06, 1.63366494235e-05, 2.20003585127e-05, 8.42192275741e-06, 4.19695561504e-06, 1.26050838389e-06],
        "median": [0.0129651874304, 0.00843636319041, 0.00173783011269, 0.000584205845371, 0.000335728604114, 0.000212981089135, 0.000108534608444, 0.000120435361168, 7.80630216468e-05, 4.37313610746e-05, 4.10493303207e-05, 4.06819672207e-05, 3.00634455925e-05, 3.44818326994e-05, 1.83644770004e-05, 1.93162868527e-05, 1.88707217603e-05, 1.90509035747e-05, 1.36682865559e-05, 1.1970981177e-05, 1.29547461256e-05, 1.26760742205e-05, 1.10385999506e-05, 9.74786053121e-06, 9.55531959335e-06, 9.95654409053e-06, 7.25858444639e-06, 4.98161080031e-06, 4.91769696964e-06, 4.97215796713e-06, 3.6705500861e-06, 3.70985026166e-06, 3.89083743357e-06, 3.27041561832e-06, 3.29031240653e-06, 3.78669506063e-06, 3.5281500459e-06, 2.57938654613e-06, 1.31543322368e-06, 3.34645079647e-07],
        "min": [2.60468311808e-07, 1.73186890606e-07, 1.37025551794e-07, 2.15216331867e-07, 4.86722022686e-08, 1.26993615623e-08, 4.91230389699e-09, 3.42550365851e-09, 2.6725917035e-09, 1.49410150918e-09, 5.94237636875e-09, 2.29929364437e-09, 6.81306677741e-10, 5.77506931165e-10, 1.53359436261e-10, 1.26400123701e-09, 4.11899792052e-10, 4.16897932842e-10, 1.2642455971e-09, 8.58625948119e-10, 3.19437809537e-10, 6.63079480212e-10, 6.59307053397e-10, 2.23145765754e-10, 1.06243258635e-09, 4.09914102661e-10, 1.9576225363e-10, 2.39132019741e-10, 1.05512099058e-10, 1.91295604357e-10, 1.03876268698e-10, 2.22317109166e-10, 1.79311565596e-10, 8.91950333037e-11, 3.23849058681e-10, 4.82792028578e-10, 4.65903149394e-10, 2.10609543694e-10, 3.64095337213e-10, 3.36042790816e-11],
        "var": [8.36951512611e-05, 6.06009416515e-05, 5.46952242075e-06, 1.54311408096e-06, 1.54357934434e-07, 6.11858510524e-08, 4.08616607217e-08, 6.47838263035e-08, 7.5584857484e-08, 6.12984791815e-08, 6.19044371319e-08, 7.24458644186e-08, 1.95153475602e-08, 6.14731590076e-08, 1.13035110161e-08, 1.67506080118e-08, 1.59350719287e-08, 1.93451619168e-08, 5.30104538043e-09, 1.84625592592e-09, 8.27379553758e-10, 6.26766694101e-10, 3.49095030661e-10, 2.98363722617e-10, 2.85124313049e-10, 2.79799849956e-10, 1.88469601037e-10, 7.36637001397e-11, 4.7133467268e-11, 8.6799144261e-11, 8.02544072864e-11, 6.02478830714e-11, 8.03421218443e-11, 9.33848137707e-11, 9.16688322472e-11, 7.93976828728e-10, 1.88318405314e-09, 1.62088564792e-10, 3.89393690903e-11, 5.08469395061e-12]
    },
    "mfcc": {
        "mean": [-593.679748535, 108.895782471, 27.2086811066, 35.8922462463, 14.4631242752, 20.5022945404, 7.1994137764, 16.1731128693, 0.372176796198, 11.9159984589, 0.0835458859801, 7.98753261566, -1.39185547829],
        "cov": [[2996.01538086, -1025.86120605, 299.87411499, -581.09375, 68.0626220703, -136.632720947, -31.6050701141, 81.7382507324, -10.4713392258, 14.6970767975, -51.0885925293, 25.5304546356, -88.001083374], [-1025.86120605, 919.263916016, -412.38458252, 219.884628296, -137.985977173, 80.1737594604, 64.9184417725, 3.66815400124, 17.6497058868, -7.50955057144, 39.5963020325, -19.141330719, 20.5724277496], [299.87411499, -412.38458252, 430.685028076, -68.9564285278, 53.4252929688, -44.8319511414, -39.6947937012, 0.925270020962, -18.9689903259, 7.15688085556, -31.3134346008, 26.4414730072, 0.0593572817743], [-581.09375, 219.884628296, -68.9564285278, 279.522674561, 18.3917331696, 17.1072902679, -30.6110534668, -53.5319023132, 2.8656847477, -0.913695037365, 21.4250717163, 7.59786510468, 34.4577522278], [68.0626220703, -137.985977173, 53.4252929688, 18.3917331696, 139.451324463, 7.40193080902, -37.9000244141, -40.9861984253, -8.68193721771, 15.1739578247, 3.60803222656, 0.368391364813, -0.890352427959], [-136.632720947, 80.1737594604, -44.8319511414, 17.1072902679, 7.40193080902, 82.9103851318, 18.7164287567, -14.7219963074, -17.3488426208, -4.16605043411, -1.28597438335, -4.63071203232, 3.69037747383], [-31.6050701141, 64.9184417725, -39.6947937012, -30.6110534668, -37.9000244141, 18.7164287567, 106.488197327, 51.5107955933, -18.0197982788, -37.4656143188, -14.6175508499, -0.459125161171, -0.107597842813], [81.7382507324, 3.66815400124, 0.925270020962, -53.5319023132, -40.9861984253, -14.7219963074, 51.5107955933, 87.9204330444, 13.099398613, -24.4617233276, -18.0536155701, 2.18160533905, -5.22584486008], [-10.4713392258, 17.6497058868, -18.9689903259, 2.8656847477, -8.68193721771, -17.3488426208, -18.0197982788, 13.099398613, 63.8162345886, 21.6172657013, -1.68132853508, -15.067234993, -3.43710327148], [14.6970767975, -7.50955057144, 7.15688085556, -0.913695037365, 15.1739578247, -4.16605043411, -37.4656143188, -24.4617233276, 21.6172657013, 77.2247543335, 20.4520683289, -9.88904094696, -14.7747411728], [-51.0885925293, 39.5963020325, -31.3134346008, 21.4250717163, 3.60803222656, -1.28597438335, -14.6175508499, -18.0536155701, -1.68132853508, 20.4520683289, 53.1981506348, 10.7614746094, -4.03671503067], [25.5304546356, -19.141330719, 26.4414730072, 7.59786510468, 0.368391364813, -4.63071203232, -0.459125161171, 2.18160533905, -15.067234993, -9.88904094696, 10.7614746094, 55.4984703064, 14.5965490341], [-88.001083374, 20.5724277496, 0.0593572817743, 34.4577522278, -0.890352427959, 3.69037747383, -0.107597842813, -5.22584486008, -3.43710327148, -14.7747411728, -4.03671503067, 14.5965490341, 53.1259613037]],
