{
"lowlevel": {
    "average_loudness": 0.962784290314,
    "barkbands_crest": {
        "dmean": 3.10812544823,
        "dmean2": 5.33953857422,
        "dvar": 6.35950279236,
        "dvar2": 18.0775432587,
        "max": 21.4674625397,
        "mean": 7.880818367,
        "median": 7.18644523621,
        "min": 2.45969605446,
        "var": 11.6474914551
    },
    "barkbands_flatness_db": {
        "dmean": 0.0161585025489,
        "dmean2": 0.0275810752064,
        "dvar": 0.000176513785846,
        "dvar2": 0.000486020435346,
        "max": 0.208236858249,
        "mean": 0.108385756612,
        "median": 0.106700472534,
        "min": 0.0447734408081,
        "var": 0.000371474656276
    },
    "barkbands_kurtosis": {
        "dmean": 0.602243006229,
        "dmean2": 0.990776002407,
        "dvar": 0.808455109596,
        "dvar2": 1.79392540455,
        "max": 14.3829727173,
        "mean": -0.672399222851,
        "median": -1.03748655319,
        "min": -1.72655594349,
        "var": 1.75901317596
    },
    "barkbands_skewness": {
        "dmean": 0.398156017065,
        "dmean2": 0.650060117245,
        "dvar": 0.109099984169,
        "dvar2": 0.271899044514,
        "max": 3.80313682556,
        "mean": 0.562471091747,
        "median": 0.47275570035,
        "min": -0.76459813118,
        "var": 0.339698016644
    },
    "barkbands_spread": {
        "dmean": 5.58183145523,
        "dmean2": 8.97084522247,
        "dvar": 22.9418430328,
        "dvar2": 55.9796409607,
        "max": 74.2143783569,
        "mean": 43.1364784241,
        "median": 43.5121536255,
        "min": 11.0648813248,
        "var": 74.1296768188
    },
    "dissonance": {
        "dmean": 0.00603010552004,
        "dmean2": 0.0105223990977,
        "dvar": 3.40375045198e-05,
        "dvar2": 9.53570997808e-05,
        "max": 0.499860584736,
        "mean": 0.491562396288,
        "median": 0.492941588163,
        "min": 0.444977015257,
        "var": 4.12896697526e-05
    },
    "dynamic_complexity": 1.55148053169,
    "erbbands_crest": {
        "dmean": 1.44655954838,
        "dmean2": 2.47522330284,
        "dvar": 1.88140618801,
        "dvar2": 4.97597360611,
        "max": 20.2516651154,
        "mean": 5.66296434402,
        "median": 5.09167909622,
        "min": 2.69245171547,
        "var": 4.2905831337
    },
    "erbbands_flatness_db": {
        "dmean": 0.00968182459474,
        "dmean2": 0.0152179151773,
        "dvar": 6.15126555203e-05,
        "dvar2": 0.000145182100823,
        "max": 0.214893400669,
        "mean": 0.16160595417,
        "median": 0.16071780026,
        "min": 0.11669113487,
        "var": 0.000329878501361
    },
    "erbbands_kurtosis": {
        "dmean": 0.471186727285,
        "dmean2": 0.768174469471,
        "dvar": 0.197799041867,
        "dvar2": 0.519782960415,
        "max": 5.33934116364,
        "mean": 0.162202820182,
        "median": 0.0819160938263,
        "min": -1.40279126167,
        "var": 0.501775622368
    },
    "erbbands_skewness": {
        "dmean": 0.215812936425,
        "dmean2": 0.342608362436,
        "dvar": 0.0282947067171,
        "dvar2": 0.0781399533153,
        "max": 1.12491071224,
        "mean": -0.408347070217,
        "median": -0.470878452063,
        "min": -2.04335045815,
        "var": 0.151123508811
    },
    "erbbands_spread": {
        "dmean": 4.95602655411,
        "dmean2": 7.74643182755,
        "dvar": 18.9642467499,
        "dvar2": 42.7406616211,
        "max": 79.0000076294,
        "mean": 34.0715637207,
        "median": 33.0769309998,
        "min": 15.0048503876,
        "var": 90.8898620605
    },
    "hfc": {
        "dmean": 6.1490149498,
        "dmean2": 9.68005847931,
        "dvar": 35.1020240784,
        "dvar2": 84.3327484131,
        "max": 83.8902511597,
        "mean": 37.7367897034,
        "median": 37.0073165894,
        "min": 0.00051369209541,
        "var": 231.917434692
    },
    "melbands_crest": {
        "dmean": 4.48504972458,
        "dmean2": 7.52496862411,
        "dvar": 11.3770465851,
        "dvar2": 32.3579368591,
        "max": 31.2642364502,
        "mean": 13.7385673523,
        "median": 13.3453807831,
        "min": 3.91334319115,
        "var": 24.1424560547
    },
    "melbands_flatness_db": {
        "dmean": 0.0246854759753,
        "dmean2": 0.0413216017187,
        "dvar": 0.000380744866561,
        "dvar2": 0.000984539510682,
        "max": 0.255687534809,
        "mean": 0.119530797005,
        "median": 0.115444466472,
        "min": 0.0450396947563,
        "var": 0.000966976804193
    },
    "melbands_kurtosis": {
        "dmean": 3.04794931412,
        "dmean2": 4.955057621,
        "dvar": 14.3287382126,
        "dvar2": 33.0603408813,
        "max": 59.4762611389,
        "mean": 4.14112138748,
        "median": 2.39237356186,
        "min": -1.16334319115,
        "var": 34.3253479004
    },
    "melbands_skewness": {
        "dmean": 0.629103422165,
        "dmean2": 1.02449727058,
        "dvar": 0.273145884275,
        "dvar2": 0.68757301569,
        "max": 7.05490016937,
        "mean": 1.91287994385,
        "median": 1.77143657207,
        "min": -0.123771883547,
        "var": 0.901020467281
    },
    "melbands_spread": {
        "dmean": 11.025185585,
        "dmean2": 18.2348442078,
        "dvar": 83.9995574951,
        "dvar2": 221.406219482,
        "max": 98.04322052,
        "mean": 48.3617553711,
        "median": 49.2021713257,
        "min": 6.25753211975,
        "var": 211.75491333
    },
    "pitch_salience": {
        "dmean": 0.0854473114014,
        "dmean2": 0.144106909633,
        "dvar": 0.00421933596954,
        "dvar2": 0.0121735827997,
        "max": 0.818707466125,
        "mean": 0.617250740528,
        "median": 0.626152336597,
        "min": 0.207299083471,
        "var": 0.00839187949896
    },
    "silence_rate_20dB": {
        "dmean": 0,
        "dmean2": 0,
        "dvar": 0,
        "dvar2": 0,
        "max": 1,
        "mean": 1,
        "median": 1,
        "min": 1,
        "var": 0
    },
    "silence_rate_30dB": {
        "dmean": 0,
        "dmean2": 0,
        "dvar": 0,
        "dvar2": 0,
        "max": 1,
        "mean": 1,
        "median": 1,
        "min": 1,
        "var": 0
    },
    "silence_rate_60dB": {
        "dmean": 0.00155038759112,
        "dmean2": 0.00310318078846,
        "dvar": 0.00154796463903,
        "dvar2": 0.00309357582591,
        "max": 1,
        "mean": 0.0240123942494,
        "median": 0,
        "min": 0,
        "var": 0.023435248062
    },
    "spectral_centroid": {
        "dmean": 196.56048584,
        "dmean2": 309.639648438,
        "dvar": 27680.8496094,
        "dvar2": 62982.0195312,
        "max": 3398.38232422,
        "mean": 2458.89477539,
        "median": 2491.79101562,
        "min": 825.652893066,
        "var": 103645.648438
    },
    "spectral_complexity": {
        "dmean": 4.02480602264,
        "dmean2": 6.60667181015,
        "dvar": 10.6071033478,
        "dvar2": 27.3588409424,
        "max": 63,
        "mean": 45.3687057495,
        "median": 47,
        "min": 0,
        "var": 90.2838745117
    },
    "spectral_decrease": {
        "dmean": 2.1812069928e-09,
        "dmean2": 3.57562135456e-09,
        "dvar": 4.48170178194e-18,
        "dvar2": 1.14617065623e-17,
        "max": -1.36602738127e-13,
        "mean": -7.60939666833e-09,
        "median": -7.17484649471e-09,
        "min": -2.17404689806e-08,
        "var": 1.21235031647e-17
    },
    "spectral_energy": {
        "dmean": 0.00846483651549,
        "dmean2": 0.0138511965051,
        "dvar": 6.67273707222e-05,
        "dvar2": 0.000169639039086,
        "max": 0.0854702815413,
        "mean": 0.0321424752474,
        "median": 0.030612513423,
        "min": 5.62161176276e-07,
        "var": 0.000197380941245
    },
    "spectral_energyband_high": {
        "dmean": 0.000596587371547,
        "dmean2": 0.000964526494499,
        "dvar": 4.07253679668e-07,
        "dvar2": 9.05446313482e-07,
        "max": 0.0089945346117,
        "mean": 0.00224973750301,
        "median": 0.00205920496956,
        "min": 3.23842854755e-08,
        "var": 1.19901744711e-06
    },
    "spectral_energyband_low": {
        "dmean": 0.00780124077573,
        "dmean2": 0.012946896255,
        "dvar": 6.17426921963e-05,
        "dvar2": 0.000160828771186,
        "max": 0.064325042069,
        "mean": 0.0134204681963,
        "median": 0.0105449166149,
        "min": 3.29987130954e-07,
        "var": 0.00010379095329
    },
    "spectral_energyband_middle_high": {
        "dmean": 0.00217848387547,
        "dmean2": 0.00342028075829,
        "dvar": 4.93434208693e-06,
        "dvar2": 1.25717524497e-05,
        "max": 0.0360399335623,
        "mean": 0.0114420969039,
        "median": 0.00937529932708,
        "min": 1.21858448665e-07,
        "var": 4.60659284727e-05
    },
    "spectral_energyband_middle_low": {
        "dmean": 0.00216768239625,
        "dmean2": 0.00356599129736,
        "dvar": 4.7495536819e-06,
        "dvar2": 1.2204003724e-05,
        "max": 0.0225393399596,
        "mean": 0.00618062540889,
        "median": 0.00555672636256,
        "min": 1.0598195388e-07,
        "var": 1.02912417788e-05
    },
    "spectral_entropy": {
        "dmean": 0.0584224313498,
        "dmean2": 0.092068053782,
        "dvar": 0.00242319493555,
        "dvar2": 0.0053515532054,
        "max": 8.36557102203,
        "mean": 8.05044651031,
        "median": 8.04157447815,
        "min": 7.64377737045,
        "var": 0.00967196468264
    },
    "spectral_flux": {
        "dmean": 0.0177094265819,
        "dmean2": 0.028593281284,
        "dvar": 0.000276001956081,
        "dvar2": 0.000657041440718,
        "max": 0.197559282184,
        "mean": 0.106379322708,
        "median": 0.105384610593,
        "min": 0.000749774102587,
        "var": 0.000965117767919
    },
    "spectral_kurtosis": {
        "dmean": 0.92739379406,
        "dmean2": 1.64241063595,
        "dvar": 0.654523432255,
        "dvar2": 2.0167119503,
        "max": 11.0149240494,
        "mean": 2.0130136013,
        "median": 1.87217283249,
        "min": -0.131693840027,
        "var": 0.963145375252
    },
    "spectral_rms": {
        "dmean": 0.000715263304301,
        "dmean2": 0.00116344238631,
        "dvar": 3.91046143022e-07,
        "dvar2": 9.77586410045e-07,
        "max": 0.00913157407194,
        "mean": 0.00543522508815,
        "median": 0.00546496734023,
        "min": 2.34190083575e-05,
        "var": 1.81681480171e-06
    },
    "spectral_rolloff": {
        "dmean": 557.25958252,
        "dmean2": 925.727905273,
        "dvar": 277078.3125,
        "dvar2": 634088.1875,
        "max": 6567.62695312,
        "mean": 2735.1328125,
        "median": 2691.65039062,
        "min": 107.666015625,
        "var": 742335.3125
    },
    "spectral_skewness": {
        "dmean": 0.133144333959,
        "dmean2": 0.226880028844,
        "dvar": 0.0125362835824,
        "dvar2": 0.0342152528465,
        "max": 2.54783272743,
        "mean": 0.868293046951,
        "median": 0.862431049347,
        "min": 0.39668494463,
        "var": 0.0306194964796
    },
    "spectral_spread": {
        "dmean": 271537.34375,
        "dmean2": 418137.0625,
        "dvar": 61760696320,
        "dvar2": 120888901632,
        "max": 7113321,
        "mean": 3732711.5,
        "median": 3639694,
        "min": 2764669.5,
        "var": 267156357120
    },
    "spectral_strongpeak": {
        "dmean": 0.344764351845,
        "dmean2": 0.635512888432,
        "dvar": 0.539423942566,
        "dvar2": 1.49528694153,
        "max": 7.40732383728,
        "mean": 0.386040210724,
        "median": 0.214056551456,
        "min": 0.000471706647659,
        "var": 0.421796292067
    },
    "zerocrossingrate": {
        "dmean": 0.00921943131834,
        "dmean2": 0.0118979252875,
        "dvar": 6.66072810418e-05,
        "dvar2": 0.000100136719993,
        "max": 0.1796875,
        "mean": 0.0860642045736,
        "median": 0.0849609375,
        "min": 0.0234375,
        "var": 0.000350735615939
    },
    "barkbands": {
        "dmean": [0.000481914088596, 0.00611977884546, 0.00271033379249, 0.00123902328778, 0.000883160100784, 0.000407904677559, 0.000409265689086, 0.000450919847935, 0.000507902761456, 0.000738595437724, 0.000394257338485, 0.000679956632666, 0.000765117118135, 0.000615379947703, 0.000445169542218, 0.000472257350339, 0.00055147340754, 0.000340908620274, 0.000367769272998, 0.000317978294333, 0.000252586702118, 0.000158421476954, 0.000119485957839, 0.000109303058707, 2.73503155768e-05, 2.56146446276e-08, 1.54318091639e-09],
        "dmean2": [0.000848783471156, 0.010419940576, 0.00466366577893, 0.00209927745163, 0.00144091714174, 0.000667282147333, 0.000689464795869, 0.000770363141783, 0.000861086242367, 0.00121896003839, 0.000652382383123, 0.00118530227337, 0.00129593582824, 0.00101931835525, 0.000754421984311, 0.00079405104043, 0.000923836138099, 0.000568553805351, 0.000620620732661, 0.000537580577657, 0.000423186313128, 0.00026617597905, 0.0001926212135, 0.000172119645867, 4.31699918408e-05, 4.18961931814e-08, 2.89179724611e-09],
        "dvar": [3.96671168801e-07, 3.85179955629e-05, 1.41178052218e-05, 2.8474598821e-06, 1.18715274766e-06, 2.27598675906e-07, 3.41028453477e-07, 2.68856894081e-07, 3.49235733665e-07, 1.58445732268e-06, 2.83444450133e-07, 1.46179127114e-06, 1.39346798278e-06, 8.85213637503e-07, 4.67291954465e-07, 2.4489904149e-07, 2.87323331349e-07, 1.28612370531e-07, 1.63653837149e-07, 7.78401556545e-08, 5.87425894594e-08, 3.95203159087e-08, 2.30835404125e-08, 2.65430095681e-08, 1.30123090081e-09, 1.4251798382e-15, 1.28100655547e-17],
        "dvar2": [1.13913552013e-06, 0.000104797371023, 3.53252762579e-05, 7.17193097444e-06, 2.89502781925e-06, 6.03502428476e-07, 9.69118104877e-07, 7.58065937134e-07, 9.18334194466e-07, 4.03024523621e-06, 7.40501775454e-07, 4.2498086259e-06, 3.87043701267e-06, 2.45962201006e-06, 1.28231909002e-06, 6.56595943838e-07, 7.65894981214e-07, 3.50226201817e-07, 4.55791848708e-07, 2.24260006121e-07, 1.51492685063e-07, 9.25836474153e-08, 4.88534901422e-08, 5.26648022969e-08, 3.09099879026e-09, 3.65117532969e-15, 3.87284374611e-17],
        "max": [0.00464319158345, 0.0483339391649, 0.0438634864986, 0.0161695182323, 0.0131746558473, 0.00582624599338, 0.0116975707933, 0.00617804238573, 0.00616916455328, 0.0201806277037, 0.0082322023809, 0.0147130517289, 0.016303665936, 0.0154055152088, 0.010260979645, 0.00704775843769, 0.00590310944244, 0.00426326598972, 0.00672471569851, 0.00267778569832, 0.00269686477259, 0.00290024466813, 0.00221724831499, 0.0031390786171, 0.000445982499514, 4.31685691638e-07, 7.95575871848e-08],
        "mean": [0.000527680269442, 0.0087702376768, 0.00316752283834, 0.00157663121354, 0.00144755234942, 0.000663719896693, 0.000647076405585, 0.00065590190934, 0.000885460001882, 0.00139192666393, 0.000695101276506, 0.00129095534794, 0.00143453956116, 0.00119554670528, 0.000871065130923, 0.00101801892743, 0.00132259412203, 0.000843412009999, 0.00103721616324, 0.000953393988311, 0.000761129544117, 0.00038896795013, 0.000292844284559, 0.000247236108407, 5.66841154068e-05, 4.0562223802e-08, 1.21071219716e-09],
        "median": [0.000265050883172, 0.00648383470252, 0.00155688938685, 0.000912094372325, 0.00100543769076, 0.000513404957019, 0.000478400295833, 0.000485217256937, 0.000689604436047, 0.000662677804939, 0.000476735440316, 0.00061793695204, 0.000701806566212, 0.000686428451445, 0.000544985756278, 0.00084567751037, 0.00116908992641, 0.000686263141688, 0.000961672281846, 0.00091980030993, 0.000719656527508, 0.00032828541589, 0.000231563943089, 0.000165448291227, 3.66419735656e-05, 2.41467610351e-08, 5.02712982353e-10],
        "min": [1.09004512083e-08, 1.39734567028e-07, 1.51959312689e-07, 3.32157625849e-08, 1.39905829144e-08, 2.45207942839e-08, 1.27267671957e-08, 1.52676680187e-08, 4.39127179064e-09, 2.97681324035e-09, 9.19225850993e-09, 5.56298918042e-09, 1.59401771782e-08, 9.0067446834e-09, 7.91203191852e-09, 2.55796397397e-08, 1.12870095492e-08, 1.18422303075e-08, 2.12236095365e-08, 1.16841949449e-08, 1.12802958085e-08, 2.89985901958e-09, 3.67081831598e-09, 3.68431840592e-09, 1.70220881834e-09, 4.61041968491e-12, 5.11416776983e-12],
        "var": [4.4108648467e-07, 5.72574390389e-05, 2.10928865272e-05, 4.06634399042e-06, 2.17854449147e-06, 3.44614193182e-07, 4.72480252256e-07, 3.65778220157e-07, 5.66602750496e-07, 4.33481955042e-06, 5.81956953738e-07, 3.64159177479e-06, 3.52235315404e-06, 2.04187745112e-06, 1.02388173673e-06, 5.05201853684e-07, 5.67233769289e-07, 3.39822889828e-07, 2.87668541432e-07, 1.61259080755e-07, 1.24318873418e-07, 8.60762767729e-08, 6.12403425748e-08, 6.92463402174e-08, 3.55581142308e-09, 2.38844084654e-15, 7.78042030982e-18]
    },
    "erbbands": {
        "dmean": [0.238245934248, 1.26585221291, 2.76122331619, 3.70964932442, 2.99445295334, 3.40445399284, 3.06985139847, 3.91102981567, 5.45405006409, 7.8843832016, 8.86881351471, 11.2380151749, 17.9650096893, 19.6000366211, 16.7297706604, 28.0238437653, 32.6402664185, 25.7662734985, 27.3637294769, 18.1005649567, 26.2321281433, 27.876947403, 18.4908294678, 16.9355430603, 18.1526870728, 16.4620361328, 11.1846675873, 9.57933807373, 6.06959295273, 4.12700510025, 3.16698527336, 2.75043320656, 1.58929264545, 0.551924645901, 0.038959428668, 0.00170899846125, 9.13365292945e-05, 1.34728879857e-05, 5.91664047533e-06, 9.82476831268e-06],
        "dmean2": [0.407802551985, 2.19554042816, 4.82547283173, 6.18138360977, 4.87067079544, 5.63385105133, 5.0502614975, 6.42283391953, 9.05161190033, 13.2848892212, 15.0536975861, 19.2641429901, 29.9060287476, 32.8215103149, 27.7546977997, 48.3257751465, 54.9119338989, 42.9882659912, 45.4601554871, 29.6945133209, 43.9869194031, 46.0432624817, 30.7960529327, 28.4943904877, 30.948261261, 27.6805305481, 18.9275588989, 16.0474758148, 10.2344636917, 6.79797649384, 5.06654167175, 4.17334604263, 2.52013206482, 0.864390194416, 0.0595067664981, 0.00260512367822, 0.00013873570424, 2.04844218388e-05, 9.18503155845e-06, 1.59869250638e-05],
        "dvar": [0.0752175226808, 1.65695536137, 13.2532911301, 25.7728900909, 14.6055803299, 22.1200695038, 13.28698349, 20.2541465759, 57.9467544556, 77.1593704224, 119.480644226, 181.444396973, 629.899353027, 1272.93554688, 412.081237793, 2613.37524414, 2623.36499023, 1469.59155273, 2095.48266602, 681.910400391, 761.186035156, 710.306884766, 385.976226807, 327.044891357, 418.848693848, 204.053756714, 117.081977844, 104.540527344, 58.0114898682, 28.3716602325, 18.4747028351, 18.5161342621, 5.22749328613, 0.545347630978, 0.00228798436001, 4.47832371719e-06, 1.32251667395e-08, 2.99636843115e-10, 3.58116938881e-11, 8.77222045004e-11],
        "dvar2": [0.200378939509, 4.63478851318, 35.5466308594, 59.5562400818, 35.4341239929, 58.4997291565, 33.0493164062, 53.555973053, 150.343597412, 211.766830444, 336.359741211, 459.429992676, 1771.73376465, 3185.11791992, 1035.43603516, 7553.65478516, 7329.20654297, 4099.56054688, 4803.72753906, 1860.17150879, 2090.27416992, 1906.33166504, 1053.58044434, 868.679321289, 1144.03686523, 590.881286621, 311.772399902, 262.355712891, 143.06590271, 64.2657394409, 38.4700088501, 34.374458313, 11.295838356, 1.21851301193, 0.00500199338421, 9.60989655141e-06, 2.71166449295e-08, 6.1359950454e-10, 8.0143384984e-11, 2.16835258082e-10],
        "max": [2.0509314537, 9.54721832275, 30.9861469269, 81.1723556519, 50.8933029175, 55.2016906738, 47.9012298584, 56.9950790405, 132.23828125, 125.254310608, 157.006774902, 160.094970703, 343.060058594, 733.701965332, 308.780609131, 715.136779785, 693.618530273, 510.222229004, 1114.13903809, 478.157043457, 342.619720459, 324.984619141, 296.690063477, 286.290435791, 321.346893311, 144.615112305, 132.369842529, 157.405014038, 107.524307251, 81.8653335571, 66.8061141968, 91.9420166016, 39.2391319275, 9.17527580261, 0.571591675282, 0.0258647855371, 0.00159237429034, 0.000276238424703, 9.44308267208e-05, 0.00010078275227],
        "mean": [0.320484936237, 1.69613134861, 3.34308099747, 5.2828040123, 4.47396421432, 4.8132982254, 4.94289159775, 6.33559751511, 8.90510368347, 11.8976964951, 14.3447284698, 19.5495414734, 33.5865974426, 38.1393585205, 34.1892700195, 59.6435966492, 66.8789520264, 57.0600128174, 58.7130012512, 41.4611244202, 62.8319625854, 72.7228393555, 51.6392936707, 47.3201522827, 52.2327728271, 47.6845054626, 35.0454368591, 25.5498828888, 14.5156822205, 10.5655269623, 7.65396547318, 6.22153806686, 3.47402048111, 1.23245048523, 0.086909674108, 0.00396538805217, 0.000249357195571, 4.30071086157e-05, 2.82686687569e-05, 4.3159488996e-05],
        "median": [0.196859687567, 1.3126796484, 1.94359922409, 3.05801987648, 3.03788280487, 3.25074505806, 3.72430157661, 4.79579162598, 6.31233501434, 9.22415828705, 10.8101387024, 15.3553266525, 21.7123813629, 17.463602066, 23.7198028564, 27.4759616852, 33.0532302856, 33.4521064758, 32.7180175781, 31.8810119629, 54.9282302856, 66.0388793945, 44.5072746277, 41.6739006042, 49.4408340454, 46.1548156738, 33.5253334045, 22.8831424713, 12.3394231796, 8.78338336945, 6.01459980011, 4.26554059982, 2.26317429543, 0.796418607235, 0.0594572126865, 0.00274775596336, 0.000184079734026, 3.41032937285e-05, 2.77594026556e-05, 4.20712676714e-05],
        "min": [2.72066699836e-06, 3.44258769474e-05, 0.000151389380335, 0.0001739920408, 3.0207729651e-05, 5.49977594346e-05, 0.000142749631777, 0.000216712724068, 0.000131462860736, 0.000327009707689, 0.000286012917059, 8.44429378049e-05, 0.000145979429362, 0.000127072940813, 0.000462041673018, 0.000246919400524, 0.00066081766272, 0.000621203857008, 0.000156561218319, 0.00119771971367, 0.0010827438673, 0.000777455279604, 0.000748529273551, 0.000517459237017, 0.00106927996967, 0.000507492513862, 0.000706100545358, 0.000278919760603, 0.000117514449812, 9.80664844974e-05, 0.000117938987387, 6.58953213133e-05, 7.79103502282e-05, 2.65357120952e-05, 7.04526485151e-07, 4.88786042752e-08, 1.20193748288e-08, 3.96103638778e-09, 1.08885578332e-09, 8.09437794569e-10],
        "var": [0.109826430678, 2.0454223156, 15.8529062271, 52.476272583, 27.1941051483, 26.4730186462, 19.5821971893, 32.6142082214, 100.954772949, 103.116294861, 175.327682495, 284.800842285, 1280.14941406, 3609.6262207, 1059.19482422, 7622.67333984, 7325.11621094, 4404.61083984, 5726.5390625, 1392.54821777, 1518.51330566, 1548.27978516, 1016.08111572, 771.735107422, 679.363769531, 414.118896484, 239.609146118, 189.645294189, 111.832931519, 68.819152832, 48.3896522522, 46.1674995422, 14.1182069778, 1.6575756073, 0.00728936586529, 1.4634640138e-05, 4.7120074953e-08, 1.0576131082e-09, 1.5214524085e-10, 3.07871311778e-10]
    },
    "gfcc": {
        "mean": [39.5332489014, 100.606491089, -164.673950195, 76.9296875, -65.9199981689, 32.994720459, -26.6960334778, 8.85291385651, -8.43631649017, -10.5365810394, 4.78013134003, -17.392490387, 6.50132226944],
        "cov": [[1954.33251953, -135.821502686, -10.9206504822, -65.4755249023, -12.7994947433, 189.177566528, -16.2287540436, 5.60918807983, -29.3997039795, -9.20374107361, 3.08111929893, 20.5429267883, -20.4640083313], [-135.821502686, 167.394683838, -26.0296573639, 0.863968074322, 34.0658683777, -62.1265792847, 43.1428337097, -27.5381813049, 10.2824363708, -18.5029411316, 12.0526294708, -12.4118890762, 11.0232934952], [-10.9206504822, -26.0296573639, 152.536178589, 54.4809608459, -22.5937004089, 10.9163513184, -39.7497901917, 19.0196781158, -9.11249732971, -4.55631542206, -21.9517841339, -1.78341341019, 0.165178820491], [-65.4755249023, 0.863968074322, 54.4809608459, 75.7755813599, 12.7025651932, -18.6875610352, -3.97476863861, -3.64099216461, 18.8054618835, 3.34841561317, -6.62033891678, -9.14291763306, -3.78040862083], [-12.7994947433, 34.0658683777, -22.5937004089, 12.7025651932, 79.5457382202, 31.516576767, 23.1092319489, -10.9907007217, 2.93521952629, 3.75125288963, 5.78076791763, -11.4308204651, -0.935874402523], [189.177566528, -62.1265792847, 10.9163513184, -18.6875610352, 31.516576767, 107.117935181, 16.287607193, 8.92957782745, -15.268237114, -6.13747549057, -0.697729229927, 3.28863286972, -10.9555740356], [-16.2287540436, 43.1428337097, -39.7497901917, -3.97476863861, 23.1092319489, 16.287607193, 81.2185516357, 14.8086652756, 14.7429418564, -9.40826034546, 13.5444993973, 2.80840325356, 3.05317044258], [5.60918807983, -27.5381813049, 19.0196781158, -3.64099216461, -10.9907007217, 8.92957782745, 14.8086652756, 59.0797119141, 20.8323001862, 15.7413787842, -1.93985760212, 7.03317117691, 16.799200058], [-29.3997039795, 10.2824363708, -9.11249732971, 18.8054618835, 2.93521952629, -15.268237114, 14.7429418564, 20.8323001862, 59.1525268555, 27.2559566498, 9.8149356842, -3.57591176033, 10.188085556], [-9.20374107361, -18.5029411316, -4.55631542206, 3.34841561317, 3.75125288963, -6.13747549057, -9.40826034546, 15.7413787842, 27.2559566498, 57.9191322327, 22.5114307404, 5.43938922882, 10.8393793106], [3.08111929893, 12.0526294708, -21.9517841339, -6.62033891678, 5.78076791763, -0.697729229927, 13.5444993973, -1.93985760212, 9.8149356842, 22.5114307404, 46.2504081726, 19.5752754211, 3.90712213516], [20.5429267883, -12.4118890762, -1.78341341019, -9.14291763306, -11.4308204651, 3.28863286972, 2.80840325356, 7.03317117691, -3.57591176033, 5.43938922882, 19.5752754211, 40.0640640259, 20.1521625519], [-20.4640083313, 11.0232934952, 0.165178820491, -3.78040862083, -0.935874402523, -10.9555740356, 3.05317044258, 16.799200058, 10.188085556, 10.8393793106, 3.90712213516, 20.1521625519, 47.4704971313]],
        "icov": [[0.000739912735298, -0.00198306352831, 0.00195056397934, -0.00224148482084, 0.00256151380017, -0.00391542864963, 0.00211771461181, -0.00131391710602, 0.000666478474159, -0.00053626432782, 0.000285028159851, -0.000386455561966, 0.000189822269022], [-0.00198306352831, 0.0555776543915, -0.0414614975452, 0.0555448420346, -0.0489517450333, 0.0639806166291, -0.0448985099792, 0.0389239378273, -0.0223788637668, 0.0196945350617, -0.0139242270961, 0.0136318253353, -0.0106142098084], [0.00195056397934, -0.0414614975452, 0.0494077131152, -0.0594704113901, 0.0442352592945, -0.0556905269623, 0.0422266311944, -0.0384837724268, 0.0240863468498, -0.0117896357551, 0.00835092924535, -0.00664014974609, 0.00413746060804], [-0.00224148482084, 0.0555448420346, -0.0594704113901, 0.0902323126793, -0.0615337565541, 0.0750416740775, -0.0512556172907, 0.0487993210554, -0.0366931222379, 0.0178592428565, -0.00736541673541, 0.00696584722027, -0.00289293401875], [0.00256151380017, -0.0489517450333, 0.0442352592945, -0.0615337565541, 0.0684294849634, -0.0690998509526, 0.0370554663241, -0.0302392225713, 0.024549106136, -0.0200576931238, 0.00722245918587, 0.00103464606218, -0.000585523142945], [-0.00391542864963, 0.0639806166291, -0.0556905269623, 0.0750416740775, -0.0690998509526, 0.0944657698274, -0.0566186457872, 0.042784050107, -0.0254999808967, 0.0210371799767, -0.0113646630198, 0.00737383216619, -0.0029609631747], [0.00211771461181, -0.0448985099792, 0.0422266311944, -0.0512556172907, 0.0370554663241, -0.0566186457872, 0.0606423430145, -0.0432717092335, 0.0144987469539, -0.00182174169458, -0.000126093655126, -0.0081447949633, 0.00695911003277], [-0.00131391710602, 0.0389239378273, -0.0384837724268, 0.0487993210554, -0.0302392225713, 0.042784050107, -0.0432717092335, 0.0606582798064, -0.0259749442339, 0.0029608127661, 0.00114634132478, 0.00539620406926, -0.0124766631052], [0.000666478474159, -0.0223788637668, 0.0240863468498, -0.0366931222379, 0.024549106136, -0.0254999808967, 0.0144987469539, -0.0259749442339, 0.0433246530592, -0.0189311988652, 0.00134653586429, 0.00472753401846, -0.00175668648444], [-0.00053626432782, 0.0196945350617, -0.0117896357551, 0.0178592428565, -0.0200576931238, 0.0210371799767, -0.00182174169458, 0.0029608127661, -0.0189311988652, 0.0433905422688, -0.0258456133306, 0.0113271204755, -0.00833827909082], [0.000285028159851, -0.0139242270961, 0.00835092924535, -0.00736541673541, 0.00722245918587, -0.0113646630198, -0.000126093655126, 0.00114634132478, 0.00134653586429, -0.0258456133306, 0.0517790354788, -0.0321034155786, 0.014842024073], [-0.000386455561966, 0.0136318253353, -0.00664014974609, 0.00696584722027, 0.00103464606218, 0.00737383216619, -0.0081447949633, 0.00539620406926, 0.00472753401846, 0.0113271204755, -0.0321034155786, 0.0588164441288, -0.0283453352749], [0.000189822269022, -0.0106142098084, 0.00413746060804, -0.00289293401875, -0.000585523142945, -0.0029609631747, 0.00695911003277, -0.0124766631052, -0.00175668648444, -0.00833827909082, 0.014842024073, -0.0283453352749, 0.0397329106927]]
    },
    "melbands": {
        "dmean": [0.00186232000124, 0.00140009645838, 0.000595081539359, 0.000200539638172, 0.000120955177408, 8.39050335344e-05, 8.01530331955e-05, 9.14400370675e-05, 7.47034646338e-05, 7.38524904591e-05, 9.51835754677e-05, 8.84544569999e-05, 5.37850028195e-05, 6.91240202286e-05, 9.64296486927e-05, 5.99036975473e-05, 5.31489495188e-05, 5.17568259966e-05, 3.0146969948e-05, 2.94609435514e-05, 3.4070941183e-05, 3.20664294122e-05, 2.74137673841e-05, 1.60665640578e-05, 1.53141736519e-05, 1.60358777066e-05, 1.31446249725e-05, 1.18557800306e-05, 8.23423670226e-06, 6.90535898684e-06, 5.98972610533e-06, 4.114436706e-06, 2.62290814135e-06, 2.53414555118e-06, 1.8728512714e-06, 2.08351843867e-06, 1.66064512541e-06, 1.28612157368e-06, 8.82379652012e-07, 3.70996957599e-07],
        "dmean2": [0.00320701743476, 0.00243203830905, 0.000979534466751, 0.000328648922732, 0.000198190813535, 0.000137813956826, 0.000134187575895, 0.000153877903358, 0.000125787759316, 0.000125743536046, 0.000158314651344, 0.000148405481013, 8.89410803211e-05, 0.000118937874504, 0.000161702249898, 0.000101097590232, 8.97236750461e-05, 8.51906079333e-05, 5.08322482347e-05, 4.95297390444e-05, 5.81982712902e-05, 5.37724481546e-05, 4.65032462671e-05, 2.68691255769e-05, 2.58316449617e-05, 2.73005825875e-05, 2.24358755077e-05, 1.99588557734e-05, 1.39880530696e-05, 1.16487917694e-05, 1.02431095002e-05, 7.04992817191e-06, 4.35140282207e-06, 4.2570018195e-06, 3.08513790515e-06, 3.26053577737e-06, 2.5837002795e-06, 2.06765253097e-06, 1.40684858252e-06, 5.71498333102e-07],
        "dvar": [4.03332842325e-06, 2.67140126198e-06, 6.15981036844e-07, 6.88367833845e-08, 1.90940028233e-08, 9.40319022646e-09, 1.30394468556e-08, 9.76878489212e-09, 8.51366888099e-09, 7.91881316076e-09, 1.90579978465e-08, 2.67933497611e-08, 4.97881069705e-09, 1.34050184286e-08, 2.61397214985e-08, 7.87705989325e-09, 6.21233198217e-09, 8.10300537779e-09, 2.07049266621e-09, 1.23330534674e-09, 1.29998911635e-09, 9.66858038076e-10, 7.58774154619e-10, 2.90894613952e-10, 2.59469362662e-10, 3.53147067145e-10, 1.49053269727e-10, 1.07787008485e-10, 6.89581655666e-11, 4.04602844284e-11, 5.05330846612e-11, 2.82414126807e-11, 1.08969569479e-11, 9.86670294079e-12, 6.35251573566e-12, 9.34034967426e-12, 6.93849795327e-12, 3.47235348114e-12, 1.60879838097e-12, 2.37123336374e-13],
        "dvar2": [1.08122785605e-05, 7.13664485374e-06, 1.45140199947e-06, 1.71574768615e-07, 4.82504596278e-08, 2.49485836434e-08, 3.50338815736e-08, 2.65709694247e-08, 2.37915411816e-08, 2.05452739266e-08, 5.28891455076e-08, 6.67031372359e-08, 1.27966890417e-08, 3.97910220329e-08, 7.26884223923e-08, 2.15799058623e-08, 1.73472614051e-08, 1.84731110409e-08, 5.66657520906e-09, 3.17431370078e-09, 3.53935059039e-09, 2.55127630133e-09, 2.07752037795e-09, 7.89338205909e-10, 6.93840485066e-10, 9.85420745003e-10, 4.16166073824e-10, 3.07673664324e-10, 1.83627488215e-10, 1.09434739048e-10, 1.24335625129e-10, 7.24034304733e-11, 2.55507420777e-11, 2.31423682301e-11, 1.45870364399e-11, 1.80479103884e-11, 1.29068682825e-11, 7.55808176461e-12, 3.96086852553e-12, 5.48050374614e-13],
        "max": [0.0159440413117, 0.0123347202316, 0.011481475085, 0.0030198469758, 0.00166573177557, 0.00131760025397, 0.00206569791771, 0.0010987976566, 0.00130574521609, 0.000963207799941, 0.00190872093663, 0.00320678390563, 0.00122348684818, 0.00157728220802, 0.00204934109934, 0.000996076036245, 0.000947417400312, 0.00232627475634, 0.000643848907202, 0.000618218851741, 0.000461356627056, 0.000408415187849, 0.000325097527821, 0.000198508656467, 0.000250706245424, 0.000334708631271, 0.000141361248097, 0.000101392579381, 0.000105171886389, 7.34415807528e-05, 0.000122020966955, 7.14895431884e-05, 5.31977457285e-05, 3.81106947316e-05, 3.42269486282e-05, 5.74786499783e-05, 5.56418563065e-05, 2.76106184174e-05, 2.11593778658e-05, 6.48177228868e-06],
        "mean": [0.00262381043285, 0.00195750687271, 0.00089837773703, 0.000322404695908, 0.000191543935216, 0.000140769014251, 0.000131809007144, 0.000136432718136, 0.000119356176583, 0.000125345453853, 0.000175981418579, 0.000164822515217, 0.000100989673228, 0.000130533284391, 0.000187898462173, 0.000117928851978, 0.000105490122223, 0.000100916433439, 5.9163543483e-05, 5.97445832682e-05, 7.55016881158e-05, 7.51120460336e-05, 6.32254450466e-05, 3.78247059416e-05, 3.76402967959e-05, 4.02851474064e-05, 3.4262167901e-05, 3.08711823891e-05, 2.22378785111e-05, 1.87774639926e-05, 1.3407683582e-05, 8.66930531629e-06, 6.18452531853e-06, 5.77097807763e-06, 4.25855887443e-06, 4.3913933041e-06, 3.5384396142e-06, 2.5712643037e-06, 1.79460039362e-06, 7.77813340846e-07],
        "median": [0.00182865851093, 0.00138620543294, 0.000555491715204, 0.000227746189921, 0.000144410107168, 0.000109060398245, 9.655921167e-05, 0.000103014957858, 8.83947723196e-05, 9.88718675217e-05, 0.000107533567643, 6.89924127073e-05, 7.07622530172e-05, 6.93188630976e-05, 8.07607648312e-05, 6.16628531134e-05, 6.06548710493e-05, 5.43843925698e-05, 3.94638991565e-05, 4.81732859043e-05, 6.53837996651e-05, 6.73481117701e-05, 5.53324789507e-05, 3.00543124467e-05, 3.2616462704e-05, 3.67684297089e-05, 3.2052215829e-05, 2.93413850159e-05, 2.07763041544e-05, 1.76571884367e-05, 1.16645733215e-05, 7.14772613719e-06, 5.00803025716e-06, 4.76549939776e-06, 3.42406201526e-06, 3.06415404339e-06, 2.30998830375e-06, 1.63702986811e-06, 1.0862676163e-06, 5.21397282682e-07],
        "min": [3.53610865034e-08, 6.98153712619e-08, 2.58654306862e-08, 2.05532590947e-09, 4.76263783966e-09, 4.73006167567e-09, 2.23142815337e-09, 3.67459862538e-09, 1.96929583751e-09, 5.32145272292e-10, 7.00510816021e-10, 3.87767512544e-10, 1.53625412391e-09, 8.48778436424e-10, 1.1276704015e-09, 1.36391054006e-09, 1.13707754323e-09, 1.61301610957e-10, 8.3258006045e-10, 1.9021983988e-09, 1.06800046584e-09, 6.40409170138e-10, 1.08432263168e-09, 3.33275129716e-10, 3.36944194768e-10, 1.10689590826e-09, 3.4120853365e-10, 3.46828926689e-10, 5.46124645506e-10, 2.38670055941e-10, 1.279393258e-10, 4.85078401058e-11, 8.31816768243e-11, 4.60352832243e-11, 8.72999103563e-11, 2.98970431745e-11, 4.35029165469e-11, 5.38582511922e-11, 6.00449273636e-11, 8.22952643531e-12],
        "var": [5.84920599067e-06, 3.29352997142e-06, 1.24658743061e-06, 1.14453932554e-07, 2.89887260863e-08, 1.51592161046e-08, 2.07891392989e-08, 1.37998945604e-08, 1.33357778154e-08, 1.18649268188e-08, 4.04621118832e-08, 7.64013279309e-08, 1.11372333578e-08, 3.26785958293e-08, 6.94131117029e-08, 2.22017355611e-08, 1.60569424423e-08, 1.99582856908e-08, 4.28490443127e-09, 2.35394992387e-09, 2.33538188787e-09, 1.89132864925e-09, 1.48820644696e-09, 7.78540565349e-10, 5.56052648371e-10, 4.96045871046e-10, 2.71997119272e-10, 2.01717254011e-10, 1.22141574632e-10, 8.27395305047e-11, 7.57436058318e-11, 4.52195572653e-11, 2.81041665634e-11, 2.03963807649e-11, 1.39522126491e-11, 2.40072597218e-11, 1.64903628946e-11, 8.407358143e-12, 4.08301170651e-12, 6.67443422579e-13]
    },
    "mfcc": {
        "mean": [-567.104858398, 87.3058700562, -16.6000499725, 31.1917762756, 4.7197136879, 13.6743679047, 9.09735488892, 10.3379745483, 4.64937877655, 7.63765525818, -0.491515696049, 8.01149559021, -0.574609875679],
        "cov": [[1920.5670166, -92.1951370239, -22.8074645996, -174.247039795, 14.7112159729, 86.3544464111, 37.5893516541, 57.0217247009, -34.7024497986, 10.1533050537, 25.3418960571, -13.5769882202, -34.4884796143], [-92.1951370239, 159.934768677, -61.4884223938, 33.2328681946, -22.0980052948, -6.39372634888, 13.6789608002, -3.39538431168, -1.11716616154, -8.21894931793, -10.0180625916, 2.51550126076, -1.12751555443], [-22.8074645996, -61.4884223938, 171.737915039, 20.3791236877, 24.5405063629, -21.4178314209, -20.4067764282, 1.3609149456, 8.24769115448, -4.81788015366, -13.1819133759, -13.5679235458, 4.1767873764], [-174.247039795, 33.2328681946, 20.3791236877, 112.517028809, 1.01741838455, -17.3236942291, -26.5154285431, -18.2928543091, 11.8893880844, 2.75797319412, -3.62991166115, 4.97279834747, 14.8467435837], [14.7112159729, -22.0980052948, 24.5405063629, 1.01741838455, 70.4905548096, 25.2487068176, 2.27877378464, -12.6412391663, 3.640001297, 5.6009979248, 2.14490103722, -6.24021482468, -4.3605093956], [86.3544464111, -6.39372634888, -21.4178314209, -17.3236942291, 25.2487068176, 71.654006958, 27.9582996368, 13.7009897232, -12.1160697937, -2.53646397591, 12.8722457886, -1.89611876011, -6.98377370834], [37.5893516541, 13.6789608002, -20.4067764282, -26.5154285431, 2.27877378464, 27.9582996368, 61.8121261597, 27.5879974365, -3.21030473709, -5.31092453003, 4.84726142883, 5.06760835648, -6.88866949081], [57.0217247009, -3.39538431168, 1.3609149456, -18.2928543091, -12.6412391663, 13.7009897232, 27.5879974365, 61.527469635, 8.63592910767, -3.53315162659, -2.69183945656, -3.62606978416, -5.2460231781], [-34.7024497986, -1.11716616154, 8.24769115448, 11.8893880844, 3.640001297, -12.1160697937, -3.21030473709, 8.63592910767, 57.514541626, 24.243309021, -3.65649271011, -4.08952903748, 5.05391979218], [10.1533050537, -8.21894931793, -4.81788015366, 2.75797319412, 5.6009979248, -2.53646397591, -5.31092453003, -3.53315162659, 24.243309021, 45.4675598145, 13.3073291779, 6.98303031921, -2.21157836914], [25.3418960571, -10.0180625916, -13.1819133759, -3.62991166115, 2.14490103722, 12.8722457886, 4.84726142883, -2.69183945656, -3.65649271011, 13.3073291779, 39.833480835, 15.9190120697, 4.2611322403], [-13.5769882202, 2.51550126076, -13.5679235458, 4.97279834747, -6.24021482468, -1.89611876011, 5.06760835648, -3.62606978416, -4.08952903748, 6.98303031921, 15.9190120697, 41.8202209473, 14.2560415268], [-34.4884796143, -1.12751555443, 4.1767873764, 14.8467435837, -4.3605093956, -6.98377370834, -6.88866949081, -5.2460231781, 5.05391979218, -2.21157836914, 4.2611322403, 14.2560415268, 36.4975357056]],
