{
"lowlevel": {
    "average_loudness": 0.974535763264,
    "barkbands_crest": {
        "dmean": 2.99049186707,
        "dmean2": 4.85562229156,
        "dvar": 6.42519569397,
        "dvar2": 15.6125421524,
        "max": 24.130941391,
        "mean": 10.3192386627,
        "median": 9.70186138153,
        "min": 2.33399152756,
        "var": 16.6698188782
    },
    "barkbands_flatness_db": {
        "dmean": 0.02288579382,
        "dmean2": 0.0359431803226,
        "dvar": 0.000385796563933,
        "dvar2": 0.000918344070669,
        "max": 0.273176699877,
        "mean": 0.124139770865,
        "median": 0.121785856783,
        "min": 0.0361349843442,
        "var": 0.00130833417643
    },
    "barkbands_kurtosis": {
        "dmean": 2.33625173569,
        "dmean2": 3.77489042282,
        "dvar": 20.7711849213,
        "dvar2": 53.1351470947,
        "max": 72.1505661011,
        "mean": 2.21151971817,
        "median": 0.422804117203,
        "min": -1.95683467388,
        "var": 31.1294326782
    },
    "barkbands_skewness": {
        "dmean": 0.560168623924,
        "dmean2": 0.842498242855,
        "dvar": 0.335927426815,
        "dvar2": 0.767136216164,
        "max": 7.68208122253,
        "mean": 1.14647948742,
        "median": 0.929673612118,
        "min": -1.87107694149,
        "var": 1.26689875126
    },
    "barkbands_spread": {
        "dmean": 6.61435699463,
        "dmean2": 9.61291790009,
        "dvar": 44.6089668274,
        "dvar2": 79.0710449219,
        "max": 118.631767273,
        "mean": 29.1563453674,
        "median": 25.2678070068,
        "min": 2.60350322723,
        "var": 301.058166504
    },
    "dissonance": {
        "dmean": 0.0188829936087,
        "dmean2": 0.0316431745887,
        "dvar": 0.000317326135701,
        "dvar2": 0.00088393088663,
        "max": 0.499910891056,
        "mean": 0.465076744556,
        "median": 0.47007521987,
        "min": 0.329409748316,
        "var": 0.000597804668359
    },
    "dynamic_complexity": 2.72628927231,
    "erbbands_crest": {
        "dmean": 2.79545021057,
        "dmean2": 4.41560792923,
        "dvar": 6.52018260956,
        "dvar2": 16.1144809723,
        "max": 27.9807186127,
        "mean": 9.94981956482,
        "median": 9.08673858643,
        "min": 2.27208161354,
        "var": 19.1076869965
    },
    "erbbands_flatness_db": {
        "dmean": 0.0185585450381,
        "dmean2": 0.0264915414155,
        "dvar": 0.000287989620119,
        "dvar2": 0.000530556309968,
        "max": 0.272557258606,
        "mean": 0.151369586587,
        "median": 0.151148244739,
        "min": 0.0531480647624,
        "var": 0.00151339755394
    },
    "erbbands_kurtosis": {
        "dmean": 0.803483724594,
        "dmean2": 1.26073265076,
        "dvar": 1.08339297771,
        "dvar2": 2.82887792587,
        "max": 13.6022586823,
        "mean": 0.530636310577,
        "median": -0.0144530534744,
        "min": -1.8343616724,
        "var": 3.28337883949
    },
    "erbbands_skewness": {
        "dmean": 0.347614824772,
        "dmean2": 0.531599462032,
        "dvar": 0.0935007184744,
        "dvar2": 0.22200730443,
        "max": 2.91467499733,
        "mean": 0.329419136047,
        "median": 0.317990601063,
        "min": -1.64688503742,
        "var": 0.419682860374
    },
    "erbbands_spread": {
        "dmean": 7.65382432938,
        "dmean2": 11.2117185593,
        "dvar": 69.4542312622,
        "dvar2": 122.494300842,
        "max": 144.311904907,
        "mean": 38.2358589172,
        "median": 33.2666625977,
        "min": 6.99564886093,
        "var": 451.874908447
    },
    "hfc": {
        "dmean": 8.73621559143,
        "dmean2": 11.6746959686,
        "dvar": 201.607254028,
        "dvar2": 345.253417969,
        "max": 415.479217529,
        "mean": 33.1860961914,
        "median": 25.9629306793,
        "min": 1.10173046054e-16,
        "var": 1208.89550781
    },
    "melbands_crest": {
        "dmean": 4.48519659042,
        "dmean2": 7.50850915909,
        "dvar": 12.5375242233,
        "dvar2": 33.6997108459,
        "max": 32.2853279114,
        "mean": 15.7383346558,
        "median": 15.3754358292,
        "min": 1.97275042534,
        "var": 31.9473514557
    },
    "melbands_flatness_db": {
        "dmean": 0.0287532359362,
        "dmean2": 0.0441170074046,
        "dvar": 0.000627903733402,
        "dvar2": 0.00137100007851,
        "max": 0.382291704416,
        "mean": 0.179705947638,
        "median": 0.175650656223,
        "min": 0.00758867245167,
        "var": 0.00268264999613
    },
    "melbands_kurtosis": {
        "dmean": 7.12652683258,
        "dmean2": 11.3416538239,
        "dvar": 183.627288818,
        "dvar2": 457.111816406,
        "max": 167.606842041,
        "mean": 10.3083238602,
        "median": 4.36420536041,
        "min": -1.25514090061,
        "var": 311.424346924
    },
    "melbands_skewness": {
        "dmean": 0.833257973194,
        "dmean2": 1.26973736286,
        "dvar": 0.804847419262,
        "dvar2": 1.79569876194,
        "max": 10.7727308273,
        "mean": 2.27848434448,
        "median": 1.90266954899,
        "min": -0.677455127239,
        "var": 2.95917916298
    },
    "melbands_spread": {
        "dmean": 8.39355278015,
        "dmean2": 12.5986032486,
        "dvar": 78.6169891357,
        "dvar2": 152.721588135,
        "max": 132.844085693,
        "mean": 30.5271186829,
        "median": 28.4272575378,
        "min": 1.56462144852,
        "var": 311.965209961
    },
    "pitch_salience": {
        "dmean": 0.0842896029353,
        "dmean2": 0.13711681962,
        "dvar": 0.00550782121718,
        "dvar2": 0.0134827177972,
        "max": 0.79801607132,
        "mean": 0.497654736042,
        "median": 0.494770586491,
        "min": 0.139620840549,
        "var": 0.0123712224886
    },
    "silence_rate_20dB": {
        "dmean": 0,
        "dmean2": 0,
        "dvar": 0,
        "dvar2": 0,
        "max": 1,
        "mean": 1,
        "median": 1,
        "min": 1,
        "var": 0
    },
    "silence_rate_30dB": {
        "dmean": 0,
        "dmean2": 0,
        "dvar": 0,
        "dvar2": 0,
        "max": 1,
        "mean": 1,
        "median": 1,
        "min": 1,
        "var": 0
    },
    "silence_rate_60dB": {
        "dmean": 0.00454890076071,
        "dmean2": 0.00910470448434,
        "dvar": 0.00452825380489,
        "dvar2": 0.00902188103646,
        "max": 1,
        "mean": 0.0295454543084,
        "median": 0,
        "min": 0,
        "var": 0.0286731421947
    },
    "spectral_centroid": {
        "dmean": 261.354095459,
        "dmean2": 387.993621826,
        "dvar": 119766.710938,
        "dvar2": 179036.8125,
        "max": 11025.2138672,
        "mean": 1689.41931152,
        "median": 1611.30432129,
        "min": 383.572998047,
        "var": 349066.6875
    },
    "spectral_complexity": {
        "dmean": 3.57695221901,
        "dmean2": 5.31866455078,
        "dvar": 13.9893102646,
        "dvar2": 27.4265079498,
        "max": 57,
        "mean": 21.2060604095,
        "median": 20,
        "min": 0,
        "var": 98.8891677856
    },
    "spectral_decrease": {
        "dmean": 2.66524757819e-09,
        "dmean2": 4.14762935108e-09,
        "dvar": 7.51967560995e-18,
        "dvar2": 1.7980562287e-17,
        "max": -4.44876155088e-29,
        "mean": -8.02288191437e-09,
        "median": -7.09461200898e-09,
        "min": -2.9773103094e-08,
        "var": 2.10453541377e-17
    },
    "spectral_energy": {
        "dmean": 0.0104654030874,
        "dmean2": 0.0162102859467,
        "dvar": 0.000112144298328,
        "dvar2": 0.000266619754257,
        "max": 0.113599270582,
        "mean": 0.0332902520895,
        "median": 0.0305945798755,
        "min": 1.01609275093e-20,
        "var": 0.000337651988957
    },
    "spectral_energyband_high": {
        "dmean": 0.000597592326812,
        "dmean2": 0.000747967336792,
        "dvar": 1.91461094801e-06,
        "dvar2": 3.04887066704e-06,
        "max": 0.0394879691303,
        "mean": 0.00169958232436,
        "median": 0.000801795977168,
        "min": 7.29147754621e-21,
        "var": 1.12363277367e-05
    },
    "spectral_energyband_low": {
        "dmean": 0.00846178084612,
        "dmean2": 0.0133602926508,
        "dvar": 0.000104644495877,
        "dvar2": 0.000259604712483,
        "max": 0.106484241784,
        "mean": 0.013837531209,
        "median": 0.0100665893406,
        "min": 7.99087697996e-23,
        "var": 0.000188266436453
    },
    "spectral_energyband_middle_high": {
        "dmean": 0.00318893534131,
        "dmean2": 0.00484333653003,
        "dvar": 1.7430029402e-05,
        "dvar2": 4.09455496992e-05,
        "max": 0.0509111732244,
        "mean": 0.0101104602218,
        "median": 0.00603470019996,
        "min": 1.39014245067e-21,
        "var": 9.19685044209e-05
    },
    "spectral_energyband_middle_low": {
        "dmean": 0.00344391493127,
        "dmean2": 0.00536733213812,
        "dvar": 1.99543101189e-05,
        "dvar2": 4.82212199131e-05,
        "max": 0.0508614592254,
        "mean": 0.00827450770885,
        "median": 0.00646191509441,
        "min": 3.68184356096e-22,
        "var": 4.21144759457e-05
    },
    "spectral_entropy": {
        "dmean": 0.137185588479,
        "dmean2": 0.187331616879,
        "dvar": 0.0184593610466,
        "dvar2": 0.0344672612846,
        "max": 10.0013332367,
        "mean": 7.77444934845,
        "median": 7.76002979279,
        "min": 6.49748849869,
        "var": 0.117817766964
    },
    "spectral_flux": {
        "dmean": 0.0273018721491,
        "dmean2": 0.0428663045168,
        "dvar": 0.000635344651528,
        "dvar2": 0.00143676460721,
        "max": 0.232227578759,
        "mean": 0.104119457304,
        "median": 0.101895205677,
        "min": 0.000351591355866,
        "var": 0.00186826335266
    },
    "spectral_kurtosis": {
        "dmean": 0.940999507904,
        "dmean2": 1.50233876705,
        "dvar": 0.825569570065,
        "dvar2": 2.19228959084,
        "max": 12.6147871017,
        "mean": 3.00058078766,
        "median": 2.95627188683,
        "min": -1.25668740273,
        "var": 2.72557473183
    },
    "spectral_rms": {
        "dmean": 0.000876589561813,
        "dmean2": 0.0013428311795,
        "dvar": 6.2603811557e-07,
        "dvar2": 1.44378225286e-06,
        "max": 0.0105275139213,
        "mean": 0.0054446561262,
        "median": 0.00546336593106,
        "min": 3.14850749639e-12,
        "var": 2.83405029222e-06
    },
    "spectral_rolloff": {
        "dmean": 571.27557373,
        "dmean2": 900.751831055,
        "dvar": 1327615.625,
        "dvar2": 2402706.25,
        "max": 18475.4882812,
        "mean": 1862.47485352,
        "median": 1227.39257812,
        "min": 86.1328125,
        "var": 4383265.5
    },
    "spectral_skewness": {
        "dmean": 0.160797089338,
        "dmean2": 0.243059173226,
        "dvar": 0.0216297451407,
        "dvar2": 0.0494226440787,
        "max": 2.34512329102,
        "mean": 1.28922080994,
        "median": 1.30208909512,
        "min": 3.82039979741e-06,
        "var": 0.109654419124
    },
    "spectral_spread": {
        "dmean": 618089.3125,
        "dmean2": 766561.5625,
        "dvar": 1.41538964275e+12,
        "dvar2": 1.57660453274e+12,
        "max": 40596816,
        "mean": 5145397.5,
        "median": 4492529,
        "min": 2631611.25,
        "var": 5.47103860326e+12
    },
    "spectral_strongpeak": {
        "dmean": 0.753063440323,
        "dmean2": 1.31523680687,
        "dvar": 1.52708828449,
        "dvar2": 3.75380587578,
        "max": 10.5627803802,
        "mean": 1.05903959274,
        "median": 0.330972790718,
        "min": 0,
        "var": 2.28477406502
    },
    "zerocrossingrate": {
        "dmean": 0.0121318828315,
        "dmean2": 0.0133632719517,
        "dvar": 0.000376625161152,
        "dvar2": 0.00037738220999,
        "max": 0.51708984375,
        "mean": 0.0710316076875,
        "median": 0.060546875,
        "min": 0.00830078125,
        "var": 0.00226091011427
    },
    "barkbands": {
        "dmean": [0.000507230346557, 0.00620200159028, 0.00376104703173, 0.000793158251327, 0.0010235082591, 0.000547515694052, 0.000471813516924, 0.00065152120078, 0.00145192490891, 0.0013158111833, 0.00124275952112, 0.000866682443302, 0.000321151397657, 0.000320560502587, 0.00064143241616, 0.000383724051062, 0.000396287301555, 0.000191888437257, 0.000206543743843, 0.000142233067891, 0.000129607637064, 7.10962558514e-05, 7.65032527852e-05, 0.000175875902642, 0.000153216693434, 6.82300524204e-05, 1.37520100907e-06],
        "dmean2": [0.000865671201609, 0.0100296298042, 0.00650669028983, 0.00139004306402, 0.00165997957811, 0.000895729812328, 0.000752292457037, 0.00102806417271, 0.00218665902503, 0.00208951183595, 0.00192489777692, 0.00139617233071, 0.00049458432477, 0.000484293879708, 0.000960956851486, 0.000572982244194, 0.000607374124229, 0.000290001946269, 0.000330180482706, 0.00022618357616, 0.000191314902622, 0.000102831771073, 0.0001074806205, 0.000240647947066, 0.000196736524231, 9.21989558265e-05, 2.29783609029e-06],
        "dvar": [4.09721479855e-07, 6.51377486065e-05, 3.52619608748e-05, 2.10407483792e-06, 2.44987381848e-06, 1.1835264786e-06, 1.35054017392e-06, 3.93543314203e-06, 7.00374403095e-06, 6.38952406007e-06, 6.81544906911e-06, 4.20128299083e-06, 5.51716595965e-07, 4.23511380632e-07, 2.16121406993e-06, 7.25276038338e-07, 5.61986553294e-07, 1.58931356964e-07, 1.60350140277e-07, 3.71788786424e-08, 3.61698226925e-08, 1.15008331747e-08, 2.4393491671e-08, 3.56502482646e-07, 3.76771140509e-07, 4.64147724699e-08, 4.15073739268e-11],
        "dvar2": [1.09305858587e-06, 0.000164768629475, 9.48190208874e-05, 5.61970136914e-06, 6.66022197038e-06, 2.74650642496e-06, 3.20715093949e-06, 9.75081093202e-06, 1.6728634364e-05, 1.56183668878e-05, 1.63050226547e-05, 1.10854962259e-05, 1.28699764446e-06, 8.9831138439e-07, 4.94530559081e-06, 1.47619527979e-06, 1.4663486354e-06, 3.16723969718e-07, 3.49848590986e-07, 8.66457554594e-08, 7.16932149203e-08, 2.32031496239e-08, 5.13974534044e-08, 6.56959571188e-07, 6.62496631776e-07, 8.28107502571e-08, 1.09198643183e-10],
        "max": [0.00564350234345, 0.0967101156712, 0.0394214130938, 0.0160559210926, 0.0182560104877, 0.0180710740387, 0.0238517876714, 0.0320692509413, 0.0293454024941, 0.0309643670917, 0.0469504483044, 0.0253662001342, 0.0146954581141, 0.00785286724567, 0.0194323230535, 0.0142438216135, 0.0103376200423, 0.00796950887889, 0.00571665074676, 0.00301081454381, 0.0037342493888, 0.00157195713837, 0.00346616585739, 0.0124324811623, 0.0185422357172, 0.00646977964789, 0.000154460707563],
        "mean": [0.000625161395874, 0.00930863805115, 0.00350023433566, 0.000805243034847, 0.00205899751745, 0.000796139589511, 0.000812228245195, 0.000950983900111, 0.00243077473715, 0.00230043777265, 0.00197411584668, 0.00150782230776, 0.000502532406244, 0.000581241270993, 0.00106637249701, 0.000641987659037, 0.000776862725616, 0.000388428015867, 0.000426671176683, 0.000346471671946, 0.000312040239805, 0.000155150308274, 0.000165259916685, 0.000376276817406, 0.000349574140273, 0.000128786152345, 1.86369061339e-06],
        "median": [0.00032174855005, 0.00697479583323, 0.00113645126112, 0.000314659555443, 0.00101888203062, 0.00035841728095, 0.000402945908718, 0.000367892440408, 0.00121425569523, 0.00109755713493, 0.000564187474083, 0.000278448860627, 0.00013640729594, 0.000128077706904, 0.000211635531741, 0.000158298091264, 0.000376213545678, 0.000136406597449, 0.000198203211767, 0.000259850523435, 0.000216631946387, 8.61331209308e-05, 7.14089401299e-05, 7.79833790148e-05, 4.35204710811e-05, 1.72632699105e-05, 3.27592744043e-08],
        "min": [9.38693106591e-23, 2.63573700781e-23, 1.31947083818e-23, 9.01088675219e-24, 4.5648591173e-23, 2.98262186703e-23, 9.33545126541e-23, 1.0348962717e-22, 5.83818411688e-23, 1.12362671523e-22, 5.56634706656e-23, 3.56034257325e-23, 1.30042344452e-22, 1.17935210202e-22, 1.50701664927e-22, 1.0683981215e-22, 1.25404561771e-22, 2.30815500697e-22, 2.9726500341e-22, 2.35997344967e-22, 3.12558908526e-22, 6.97325928644e-22, 6.44698076783e-22, 7.73965848179e-22, 1.15092407935e-21, 1.51368660075e-21, 2.26952490496e-21],
        "var": [7.05991965333e-07, 0.000100108270999, 3.34512224072e-05, 1.82779092484e-06, 6.59570059725e-06, 2.11528322325e-06, 2.09936911233e-06, 4.52610765933e-06, 1.31717388285e-05, 1.25810365716e-05, 1.55257093866e-05, 1.05546723717e-05, 1.37161396196e-06, 1.25275062146e-06, 4.27887653132e-06, 1.64347568443e-06, 1.44535397339e-06, 5.2275396456e-07, 3.95999762759e-07, 1.03761948367e-07, 1.06535630096e-07, 3.80026783375e-08, 8.24238810537e-08, 1.42871817843e-06, 1.81860218618e-06, 2.13600813481e-07, 8.8441844126e-11]
    },
    "erbbands": {
        "dmean": [0.225927755237, 1.36781132221, 4.15872049332, 3.19429969788, 2.41509079933, 4.69994306564, 3.42391705513, 5.09088850021, 4.31201124191, 10.0742893219, 15.9941701889, 35.4630699158, 32.7313346863, 54.8706169128, 28.6735267639, 36.2253036499, 13.2034873962, 14.6970300674, 26.8415679932, 25.367723465, 20.0801582336, 18.6673069, 8.0220079422, 13.2277498245, 7.59838104248, 6.46625995636, 6.35593748093, 4.35908842087, 2.59229540825, 2.2285797596, 2.25980257988, 2.98644018173, 3.33021330833, 1.78398108482, 1.1406224966, 0.523447334766, 0.0676646977663, 0.00646917847916, 0.000150990235852, 1.86612705875e-05],
        "dmean2": [0.358741819859, 2.28103280067, 7.03354978561, 5.475481987, 4.21587467194, 7.36416435242, 5.49033164978, 8.41714954376, 6.86730480194, 16.3004665375, 24.5013198853, 52.7227745056, 51.4990119934, 86.5189666748, 43.1740074158, 58.2947540283, 19.7681999207, 21.4685306549, 39.7414627075, 38.4150924683, 29.3654270172, 28.1857032776, 11.655175209, 20.8539466858, 11.7950115204, 10.2238473892, 9.5777425766, 6.44151306152, 3.73548865318, 3.20471692085, 3.19891166687, 4.14858484268, 4.49244689941, 2.38847541809, 1.48049283028, 0.718844413757, 0.0863419473171, 0.00887664686888, 0.000201156115509, 2.54995666182e-05],
        "dvar": [0.0825289264321, 3.59613466263, 40.0767669678, 28.8472881317, 18.1147975922, 52.0666656494, 60.2013130188, 78.0159454346, 76.3525772095, 779.113891602, 2052.51342773, 4036.59448242, 4860.60742188, 10150.2666016, 3583.30541992, 7881.47167969, 776.765441895, 831.186706543, 3759.5625, 4299.45410156, 1677.04492188, 1361.17663574, 245.698760986, 810.308288574, 160.929977417, 75.5308914185, 90.0808563232, 41.7697906494, 14.8325271606, 15.797039032, 26.1609764099, 84.2340164185, 133.558883667, 41.656627655, 28.2137184143, 2.71075344086, 0.0559051595628, 0.000591183605138, 3.12171977157e-07, 1.09304776341e-09],
        "dvar2": [0.205176115036, 9.21295166016, 107.467964172, 73.8872528076, 51.6746864319, 133.802536011, 129.59387207, 191.794723511, 183.395889282, 1949.65441895, 4837.63037109, 9393.82519531, 11492.5546875, 26068.7226562, 7178.29052734, 21732.3515625, 1669.35510254, 1698.2923584, 7946.05029297, 9894.24121094, 3370.8269043, 3350.80273438, 429.215301514, 1811.47570801, 370.604278564, 176.388458252, 189.21572876, 80.4140396118, 29.6981811523, 36.907623291, 57.065990448, 184.595581055, 237.615447998, 78.2680435181, 52.4042510986, 5.02410316467, 0.0796571522951, 0.000836162245832, 4.39343381231e-07, 1.63641111772e-09],
        "max": [3.05561184883, 19.9124355316, 49.2560768127, 38.3242912292, 70.3940353394, 108.90814209, 141.1118927, 129.731277466, 167.075561523, 402.632354736, 763.096679688, 726.262573242, 948.038391113, 1001.62182617, 1040.47924805, 1218.00048828, 562.380310059, 440.572814941, 970.532592773, 1358.35266113, 643.750976562, 672.580749512, 360.857513428, 528.672912598, 235.092483521, 142.49017334, 195.166992188, 144.16809082, 61.1178398132, 80.8575820923, 119.443832397, 220.816711426, 251.750991821, 159.565170288, 172.855941772, 49.5815696716, 7.07159662247, 0.670497238636, 0.016627881676, 0.001102788141],
        "mean": [0.324501365423, 1.86369919777, 4.13222742081, 3.30252313614, 3.57184243202, 10.1434307098, 5.50923967361, 7.03927135468, 7.92758560181, 15.9056358337, 25.7044296265, 61.3147735596, 59.4701957703, 102.413848877, 50.0949745178, 66.3445510864, 26.0575351715, 29.0122280121, 50.1921806335, 44.7550468445, 39.9062080383, 39.1539001465, 18.9264183044, 27.4934272766, 17.5887393951, 16.1691226959, 15.240685463, 10.2437515259, 5.82609176636, 4.42227935791, 4.91265106201, 5.92133998871, 7.06342458725, 3.94530034065, 2.55127716064, 0.966238856316, 0.144108906388, 0.0143101867288, 0.000356572767487, 6.05562927376e-05],
        "median": [0.227849259973, 1.22147452831, 1.50183010101, 1.27038300037, 2.42523598671, 4.02839326859, 2.71039772034, 3.41198921204, 4.32964801788, 7.70360469818, 11.3647022247, 30.3483924866, 30.5554237366, 45.2783050537, 17.3497848511, 13.283826828, 7.78579616547, 8.02428531647, 10.307299614, 12.3283061981, 15.9116392136, 19.5731201172, 7.64074325562, 10.0292749405, 10.8003530502, 12.2794237137, 10.7201681137, 7.0312795639, 3.32465839386, 1.9824668169, 2.12853193283, 1.81265449524, 1.21200680733, 0.559208393097, 0.27965593338, 0.155347853899, 0.01171534881, 0.000769542239141, 4.70766462968e-05, 4.34259854956e-05],
        "min": [1.4471073462e-21, 4.20741702725e-21, 8.95628354213e-21, 3.42833373614e-20, 2.65898791181e-20, 1.45432349134e-19, 4.93702903699e-19, 1.56021165703e-19, 9.82187848696e-19, 1.79766054686e-18, 2.13485224496e-18, 1.1512806265e-18, 2.34597231194e-18, 4.40614834556e-18, 1.67154114604e-18, 2.17122523765e-18, 5.82042660173e-18, 5.64262619701e-18, 7.96467148255e-18, 4.90973755684e-18, 8.02732958677e-18, 6.5545692477e-18, 1.48437064614e-17, 1.71523609336e-17, 8.68834284915e-18, 9.05262161039e-18, 1.04352018919e-17, 1.93015829602e-17, 2.95519571345e-17, 1.95627950171e-17, 1.89136253267e-17, 1.60163408588e-17, 1.3129329147e-17, 1.09198867175e-17, 8.71913216591e-18, 5.17231694331e-18, 3.13298730869e-18, 1.20150961824e-18, 3.52110520839e-19, 3.01653770093e-20],
        "var": [0.132880985737, 4.74598073959, 41.4130744934, 27.7604370117, 16.7113208771, 202.514907837, 104.877174377, 133.721313477, 144.709899902, 911.760009766, 2738.9453125, 8066.21728516, 8707.98828125, 22979.2089844, 8437.39648438, 21539.2617188, 2530.19799805, 2849.38867188, 9236.54785156, 6978.47363281, 4461.33105469, 3826.16479492, 1025.82080078, 2408.59057617, 386.289855957, 219.222351074, 254.283096313, 116.046203613, 49.4753952026, 48.8700752258, 81.2232589722, 259.452941895, 568.630859375, 198.413284302, 114.234992981, 11.5859060287, 0.328136503696, 0.00352930347435, 1.87878981706e-06, 6.84634526849e-09]
    },
    "gfcc": {
        "mean": [26.2926998138, 80.8356170654, -123.257659912, 39.1709747314, -59.8583030701, 28.1073207855, -26.3326740265, 26.6118907928, -24.2000579834, 4.51789569855, -20.7409114838, 0.532133638859, -0.373993843794],
        "cov": [[4761.73974609, -475.224609375, -63.2425193787, -171.09197998, -94.8363265991, 297.127349854, -290.027709961, 138.065307617, -91.2761993408, 32.6798591614, 5.1016497612, 1.18480634689, -71.5058135986], [-475.224609375, 810.862854004, -350.327301025, 86.9421768188, 155.485488892, -103.053260803, 206.536819458, -96.4972839355, 39.1720199585, -37.940776825, 35.0656585693, -56.6252784729, 44.1029472351], [-63.2425193787, -350.327301025, 913.071899414, 94.1222991943, -54.0574226379, 68.7797088623, 8.75530147552, 161.894378662, 13.940114975, 54.1810035706, -81.9234008789, 71.6869277954, -80.2794494629], [-171.09197998, 86.9421768188, 94.1222991943, 270.752593994, 36.8963661194, -54.08543396, 51.5911865234, 28.4124717712, 42.2178459167, -9.2547492981, 7.87349176407, 15.0063018799, 7.41792011261], [-94.8363265991, 155.485488892, -54.0574226379, 36.8963661194, 191.448760986, 61.0603790283, 79.0151901245, -20.6792354584, 5.75159645081, -0.701312839985, 1.75504434109, -18.1614570618, -8.41369628906], [297.127349854, -103.053260803, 68.7797088623, -54.08543396, 61.0603790283, 246.543334961, 52.6940727234, 17.7495212555, 11.4564752579, 32.5189437866, 23.3922843933, -17.6659526825, -19.8104820251], [-290.027709961, 206.536819458, 8.75530147552, 51.5911865234, 79.0151901245, 52.6940727234, 276.747283936, 93.7342300415, 63.8328590393, 21.8731079102, -6.51497554779, 4.95268392563, 10.5047979355], [138.065307617, -96.4972839355, 161.894378662, 28.4124717712, -20.6792354584, 17.7495212555, 93.7342300415, 235.338531494, 75.8327713013, 6.50771331787, -17.6440906525, 21.8926258087, 2.43944597244], [-91.2761993408, 39.1720199585, 13.940114975, 42.2178459167, 5.75159645081, 11.4564752579, 63.8328590393, 75.8327713013, 113.385009766, 36.4276695251, 14.8261041641, 2.78756427765, 9.5096282959], [32.6798591614, -37.940776825, 54.1810035706, -9.2547492981, -0.701312839985, 32.5189437866, 21.8731079102, 6.50771331787, 36.4276695251, 100.633705139, 33.3627052307, 10.0149259567, -16.4989967346], [5.1016497612, 35.0656585693, -81.9234008789, 7.87349176407, 1.75504434109, 23.3922843933, -6.51497554779, -17.6440906525, 14.8261041641, 33.3627052307, 102.660255432, 9.3987197876, 16.166513443], [1.18480634689, -56.6252784729, 71.6869277954, 15.0063018799, -18.1614570618, -17.6659526825, 4.95268392563, 21.8926258087, 2.78756427765, 10.0149259567, 9.3987197876, 80.8258972168, 17.5678501129], [-71.5058135986, 44.1029472351, -80.2794494629, 7.41792011261, -8.41369628906, -19.8104820251, 10.5047979355, 2.43944597244, 9.5096282959, -16.4989967346, 16.166513443, 17.5678501129, 90.3272094727]],
        "icov": [[0.000333104952006, -0.000243433547439, 0.000287729781121, -0.000200210997718, 0.000258980522631, -0.000820569810458, 0.000826095696539, -0.000839943124447, 0.000660682911985, -0.00055048923241, 0.000483577256091, -0.000402230449254, 0.000247061107075], [-0.000243433547439, 0.00365819945, -4.76416644233e-05, 0.000363278668374, -0.00196270295419, 0.00315073528327, -0.00388104794547, 0.00298017519526, -0.0020682301838, 0.00231337174773, -0.00230223871768, 0.00239930814132, -0.000586259295233], [0.000287729781121, -4.76416644233e-05, 0.00236148084514, -0.00138161389623, 0.00076624652138, -0.00168292608578, 0.00113533856347, -0.0019859354943, 0.00153670855798, -0.00200548185967, 0.00247069541365, -0.00202294369228, 0.00151031254791], [-0.000200210997718, 0.000363278668374, -0.00138161389623, 0.00543723907322, -0.00173275556881, 0.00266399956308, -0.00154407019727, 0.00146546645556, -0.00292790657841, 0.0025904874783, -0.00247151963413, 0.000501141243149, -0.000321154948324], [0.000258980522631, -0.00196270295419, 0.00076624652138, -0.00173275556881, 0.00845305528492, -0.00393633823842, 0.000301371648675, -0.00061624054797, 0.00162369129248, -0.00103283545468, 0.0020466435235, -0.00101154774893, 0.00136312399991], [-0.000820569810458, 0.00315073528327, -0.00168292608578, 0.00266399956308, -0.00393633823842, 0.00979846715927, -0.00535002956167, 0.003790527815, -0.00305275735445, 0.00258047250099, -0.00511372601613, 0.00431486451998, -0.00073152402183], [0.000826095696539, -0.00388104794547, 0.00113533856347, -0.00154407019727, 0.000301371648675, -0.00535002956167, 0.0107627231628, -0.00641666725278, 0.00213152822107, -0.00455926219001, 0.00455967523158, -0.0035748265218, 0.000283092638711], [-0.000839943124447, 0.00298017519526, -0.0019859354943, 0.00146546645556, -0.00061624054797, 0.003790527815, -0.00641666725278, 0.011352895759, -0.00769382063299, 0.00538434041664, -0.00264134537429, 0.00168857653625, -0.000853997771628], [0.000660682911985, -0.0020682301838, 0.00153670855798, -0.00292790657841, 0.00162369129248, -0.00305275735445, 0.00213152822107, -0.00769382063299, 0.0176292955875, -0.00823643431067, 0.00192534527741, -0.000202562703635, -0.00108498462941], [-0.00055048923241, 0.00231337174773, -0.00200548185967, 0.0025904874783, -0.00103283545468, 0.00258047250099, -0.00455926219001, 0.00538434041664, -0.00823643431067, 0.0180273018777, -0.00763510819525, 0.000422414508648, 0.00273843342438], [0.000483577256091, -0.00230223871768, 0.00247069541365, -0.00247151963413, 0.0020466435235, -0.00511372601613, 0.00455967523158, -0.00264134537429, 0.00192534527741, -0.00763510819525, 0.0164161883295, -0.00434839632362, -0.00117382546887], [-0.000402230449254, 0.00239930814132, -0.00202294369228, 0.000501141243149, -0.00101154774893, 0.00431486451998, -0.0035748265218, 0.00168857653625, -0.000202562703635, 0.000422414508648, -0.00434839632362, 0.017714202404, -0.00467523140833], [0.000247061107075, -0.000586259295233, 0.00151031254791, -0.000321154948324, 0.00136312399991, -0.00073152402183, 0.000283092638711, -0.000853997771628, -0.00108498462941, 0.00273843342438, -0.00117382546887, -0.00467523140833, 0.0146118495613]]
    },
    "melbands": {
        "dmean": [0.00177050812636, 0.0019068242982, 0.000526619784068, 0.000254804443102, 0.000126927479869, 0.000108166692371, 7.61791161494e-05, 0.000111115972686, 0.000135571244755, 0.00024049077183, 0.000170011771843, 0.000225724259508, 0.000122811310575, 9.91630804492e-05, 5.85842208238e-05, 3.33464704454e-05, 2.87010934699e-05, 4.29674146289e-05, 4.83489639009e-05, 3.14027602144e-05, 2.6266236091e-05, 2.5672294214e-05, 8.39111908135e-06, 8.96181609278e-06, 1.21927751024e-05, 7.18921592124e-06, 4.66214942207e-06, 4.99484804095e-06, 4.97412474942e-06, 3.58866168426e-06, 2.43136287281e-06, 1.6581905129e-06, 1.29375985125e-06, 1.3073018863e-06, 1.38109555792e-06, 1.56643920945e-06, 2.11308156395e-06, 2.66140636995e-06, 2.10360872188e-06, 1.44505554545e-06],
        "dmean2": [0.00282404758036, 0.00310111092404, 0.000897746242117, 0.000419570715167, 0.000199554226128, 0.000177944632014, 0.000122553843539, 0.000181743773283, 0.000206897981116, 0.000357758748578, 0.000269049050985, 0.000356274540536, 0.000187260913663, 0.000157754533575, 8.94285185495e-05, 5.27784031874e-05, 4.23567253165e-05, 6.39670106466e-05, 7.43927666917e-05, 4.8778441851e-05, 3.95598508476e-05, 3.92726542486e-05, 1.27057555801e-05, 1.36884791573e-05, 1.94169515453e-05, 1.11376975838e-05, 7.54562370275e-06, 7.99430927145e-06, 7.78889625508e-06, 5.4318002185e-06, 3.69174472326e-06, 2.46858417086e-06, 1.96494443117e-06, 1.92813604372e-06, 1.98640736926e-06, 2.32110710385e-06, 3.00597457681e-06, 3.78367599296e-06, 3.06149604512e-06, 1.98557336262e-06],
        "dvar": [5.25663654116e-06, 7.23856010154e-06, 7.24253084172e-07, 1.53616738885e-07, 5.71968925556e-08, 3.60929774956e-08, 2.89265713604e-08, 1.06218017493e-07, 1.41871709047e-07, 1.82796810577e-07, 1.30539476118e-07, 1.67972146414e-07, 7.0998126489e-08, 5.71145406525e-08, 2.24067644439e-08, 5.90544502188e-09, 3.35144667574e-09, 9.12528452801e-09, 1.48492089735e-08, 6.28723828555e-09, 2.96843905012e-09, 2.72044320404e-09, 3.48214457269e-10, 3.16046466775e-10, 7.02117475271e-10, 2.38788572249e-10, 4.39627154125e-11, 4.81324563539e-11, 6.34107488739e-11, 2.30011443919e-11, 1.34997247755e-11, 5.9694857564e-12, 4.77294679474e-12, 5.85604655046e-12, 8.73556175313e-12, 1.56832775933e-11, 4.95660699984e-11, 1.00020637606e-10, 5.43688115362e-11, 3.00278309162e-11],
        "dvar2": [1.3212858903e-05, 1.86649176612e-05, 1.86171382666e-06, 4.20523321054e-07, 1.28422399825e-07, 8.67863363396e-08, 6.89687240651e-08, 2.69465431302e-07, 3.30188782982e-07, 4.1699945541e-07, 3.10887571686e-07, 4.32330324429e-07, 1.51150516103e-07, 1.47343442336e-07, 4.73838284165e-08, 1.51545211935e-08, 6.7555276928e-09, 1.92649878272e-08, 3.48874813483e-08, 1.42410847559e-08, 6.31166541254e-09, 6.90106727319e-09, 7.24809379182e-10, 6.45151876366e-10, 1.60342761291e-09, 5.90543558499e-10, 1.05884495616e-10, 1.17698642499e-10, 1.45970097121e-10, 5.061295133e-11, 2.64195072069e-11, 1.26614803711e-11, 1.08774404414e-11, 1.40372366508e-11, 1.95882216697e-11, 3.70005033556e-11, 1.14615213154e-10, 2.03567260271e-10, 1.33602892638e-10, 5.37305408499e-11],
        "max": [0.0273407641798, 0.0212679449469, 0.00712734647095, 0.00471867388114, 0.00379556557164, 0.00267439847812, 0.00350009161048, 0.00512133026496, 0.00612649694085, 0.00503767933697, 0.0045728427358, 0.0038417337928, 0.00573475565761, 0.00324887386523, 0.00364603893831, 0.00128980819136, 0.000891499279533, 0.00142181676347, 0.00175630662125, 0.00132654304616, 0.000802673050202, 0.000855267164297, 0.000386565778172, 0.000369292072719, 0.000466276687803, 0.000289587856969, 0.000102337733551, 0.000112998306577, 0.000156963782501, 7.58525347919e-05, 7.49728424125e-05, 4.43442004325e-05, 3.27978887071e-05, 4.92652543471e-05, 6.20844148216e-05, 9.85967853921e-05, 0.000147387283505, 0.000210984697333, 0.000152275926666, 0.000129994659801],
        "mean": [0.00271703163162, 0.0022917157039, 0.000578007544391, 0.000514492974617, 0.000241336165345, 0.000152699969476, 0.0001399552566, 0.000173582884599, 0.000205478456337, 0.000409545289585, 0.000295341596939, 0.000418815237936, 0.000199410205823, 0.000163479984622, 0.000110613385914, 5.32056001248e-05, 5.24091556144e-05, 7.44525095797e-05, 7.98080072855e-05, 4.98104345752e-05, 4.74019325338e-05, 4.94675041409e-05, 1.6343594325e-05, 1.85151839105e-05, 2.32794573094e-05, 1.35601130751e-05, 1.03626543932e-05, 1.10786504592e-05, 1.02776484709e-05, 7.90398371464e-06, 5.08539778821e-06, 3.48668231709e-06, 2.44874786404e-06, 2.45284240918e-06, 2.76895298157e-06, 2.98319810099e-06, 3.89415617974e-06, 5.22626851307e-06, 4.11123119193e-06, 3.13480882141e-06],
        "median": [0.00204862654209, 0.00116058124695, 0.000259993394138, 0.000248608528636, 0.000129708147142, 7.23889970686e-05, 7.72413186496e-05, 8.45277463668e-05, 8.36660692585e-05, 0.000188270350918, 0.000139971176395, 0.000185853306903, 5.80486666877e-05, 3.48629619111e-05, 1.98904999706e-05, 1.52054362843e-05, 1.21738939924e-05, 1.48182461999e-05, 1.61640036822e-05, 1.13229225462e-05, 1.92076167878e-05, 2.40978479269e-05, 6.63465698381e-06, 6.16890611127e-06, 8.00394263933e-06, 7.13346707926e-06, 7.4965037129e-06, 8.07887317933e-06, 7.00222972227e-06, 5.32690228283e-06, 3.29127897203e-06, 2.00621616386e-06, 1.10423616206e-06, 1.01895761873e-06, 1.15871694106e-06, 1.14280908292e-06, 1.01155160337e-06, 8.44767612307e-07, 6.47277829557e-07, 3.88405226204e-07],
        "min": [1.45122007568e-23, 5.41153453386e-24, 5.26106562707e-24, 4.63599315059e-24, 1.5488433482e-23, 3.69117878314e-24, 1.65317256949e-23, 2.00956919796e-23, 1.68386241415e-23, 7.12851159332e-24, 1.13498167377e-23, 1.78468151997e-23, 6.64330612748e-24, 2.93221393129e-24, 1.0869351537e-23, 1.37388709451e-23, 8.80421150591e-24, 1.21671570993e-23, 1.1801870324e-23, 4.49604330955e-24, 1.0702754369e-23, 6.63663788625e-24, 8.77937816461e-24, 1.33489101784e-23, 1.47380169241e-23, 8.35172483498e-24, 3.3022460994e-24, 7.07701712001e-24, 7.7660208564e-24, 5.50879635031e-24, 1.20518974213e-23, 1.97636004712e-23, 1.0387946803e-23, 1.09858599818e-23, 1.15037731985e-23, 8.51715764427e-24, 1.03175362341e-23, 9.33576254992e-24, 9.33140014912e-24, 8.81439806678e-24],
        "var": [8.3824943431e-06, 9.13559233595e-06, 7.32324224373e-07, 4.37590585989e-07, 1.16277313111e-07, 6.42534772055e-08, 4.9601492691e-08, 1.15592563077e-07, 1.9291337594e-07, 3.88879442426e-07, 2.3297289431e-07, 3.76261425572e-07, 1.60523896398e-07, 1.21818018783e-07, 8.24339849714e-08, 1.4362335321e-08, 1.09151860883e-08, 2.22779821257e-08, 2.65332644744e-08, 1.09213171839e-08, 6.98762914197e-09, 6.76007827494e-09, 9.57452561678e-10, 1.11689391069e-09, 1.9199037915e-09, 3.85043968931e-10, 1.07271476424e-10, 1.16194130706e-10, 1.38246761261e-10, 6.74836853065e-11, 3.3975412761e-11, 1.76428923554e-11, 1.34210498617e-11, 1.72077751354e-11, 2.53039256215e-11, 3.99221870839e-11, 1.35000746693e-10, 3.26145971341e-10, 2.1098414682e-10, 1.36441566378e-10]
    },
    "mfcc": {
        "mean": [-612.30291748, 105.535774231, -1.72264719009, 19.9969940186, -1.41028809547, 4.79463720322, 10.8841047287, 12.0046224594, 14.9560861588, 8.27391052246, -6.69466161728, 2.29995441437, -0.663154304028],
        "cov": [[3681.77856445, -203.567596436, -200.729797363, -335.683868408, 141.319976807, -33.8339004517, -10.823592186, -1.76239359379, -85.41015625, 36.9153137207, -14.4232816696, -4.452231884, -44.8236160278], [-203.567596436, 632.119750977, -285.987915039, 116.621055603, -85.2362976074, 88.6656646729, 71.7012329102, 18.5099067688, 32.4102363586, 8.92978191376, 7.63212156296, 0.860162854195, -10.6323108673], [-200.729797363, -285.987915039, 737.914489746, 44.2873725891, 77.1288299561, -50.4992637634, -5.75411558151, 57.8811607361, 65.1290512085, 14.4085388184, 49.5781364441, 25.1179962158, 36.1443443298], [-335.683868408, 116.621055603, 44.2873725891, 357.196563721, -17.6763134003, -35.8510856628, -11.2069730759, 46.3318443298, 60.9540786743, -32.6891174316, 14.861828804, 24.5547504425, 17.8373947144], [141.319976807, -85.2362976074, 77.1288299561, -17.6763134003, 163.865219116, 23.3860702515, -1.06958329678, -5.78311920166, -25.2586746216, 3.81982207298, -9.49102210999, 2.54947924614, -6.91323757172], [-33.8339004517, 88.6656646729, -50.4992637634, -35.8510856628, 23.3860702515, 228.953659058, 66.075302124, -15.7228736877, -21.3991279602, 27.1667728424, 8.69809627533, -5.66419696808, 19.613079071], [-10.823592186, 71.7012329102, -5.75411558151, -11.2069730759, -1.06958329678, 66.075302124, 148.253616333, 55.7347946167, 44.9774856567, 25.5609359741, 22.0131721497, 23.7844543457, 9.78569889069], [-1.76239359379, 18.5099067688, 57.8811607361, 46.3318443298, -5.78311920166, -15.7228736877, 55.7347946167, 155.252487183, 96.37940979, 23.5539798737, 18.6846427917, 21.3682498932, 20.3350982666], [-85.41015625, 32.4102363586, 65.1290512085, 60.9540786743, -25.2586746216, -21.3991279602, 44.9774856567, 96.37940979, 174.13243103, 46.6261863708, 22.6648406982, 17.2340126038, 19.7746200562], [36.9153137207, 8.92978191376, 14.4085388184, -32.6891174316, 3.81982207298, 27.1667728424, 25.5609359741, 23.5539798737, 46.6261863708, 96.8457260132, 42.9441413879, 15.8169183731, 12.1953678131], [-14.4232816696, 7.63212156296, 49.5781364441, 14.861828804, -9.49102210999, 8.69809627533, 22.0131721497, 18.6846427917, 22.6648406982, 42.9441413879, 90.138343811, 38.4127349854, 18.8237934113], [-4.452231884, 0.860162854195, 25.1179962158, 24.5547504425, 2.54947924614, -5.66419696808, 23.7844543457, 21.3682498932, 17.2340126038, 15.8169183731, 38.4127349854, 76.2461166382, 35.5960693359], [-44.8236160278, -10.6323108673, 36.1443443298, 17.8373947144, -6.91323757172, 19.613079071, 9.78569889069, 20.3350982666, 19.7746200562, 12.1953678131, 18.8237934113, 35.5960693359, 71.6725540161]],
