{
"lowlevel": {
    "average_loudness": 0.885249197483,
    "barkbands_crest": {
        "dmean": 2.89876961708,
        "dmean2": 4.6131272316,
        "dvar": 6.96031284332,
        "dvar2": 18.7953014374,
        "max": 26.0282001495,
        "mean": 12.4930782318,
        "median": 11.9760656357,
        "min": 3.00857186317,
        "var": 22.1536617279
    },
    "barkbands_flatness_db": {
        "dmean": 0.03134528175,
        "dmean2": 0.0433390364051,
        "dvar": 0.000904632499442,
        "dvar2": 0.00174476392567,
        "max": 0.433756947517,
        "mean": 0.177371099591,
        "median": 0.179971829057,
        "min": 0.0314285419881,
        "var": 0.00572009664029
    },
    "barkbands_kurtosis": {
        "dmean": 8.15571308136,
        "dmean2": 12.3830957413,
        "dvar": 319.944488525,
        "dvar2": 647.948059082,
        "max": 312.074584961,
        "mean": 11.8119087219,
        "median": 5.68251991272,
        "min": -1.94613385201,
        "var": 513.038330078
    },
    "barkbands_skewness": {
        "dmean": 0.923552930355,
        "dmean2": 1.37405967712,
        "dvar": 1.17968857288,
        "dvar2": 2.38840770721,
        "max": 14.6295022964,
        "mean": 2.34742879868,
        "median": 1.95969593525,
        "min": -2.24383854866,
        "var": 3.111297369
    },
    "barkbands_spread": {
        "dmean": 7.97036266327,
        "dmean2": 11.7815818787,
        "dvar": 164.561431885,
        "dvar2": 330.417694092,
        "max": 119.130706787,
        "mean": 19.7956161499,
        "median": 11.9381093979,
        "min": 0.479653924704,
        "var": 389.195953369
    },
    "dissonance": {
        "dmean": 0.0253120437264,
        "dmean2": 0.040687546134,
        "dvar": 0.000752001767978,
        "dvar2": 0.00183307135012,
        "max": 0.498740971088,
        "mean": 0.446540504694,
        "median": 0.462293297052,
        "min": 0.208602890372,
        "var": 0.00241851015016
    },
    "dynamic_complexity": 3.38992881775,
    "erbbands_crest": {
        "dmean": 2.97057342529,
        "dmean2": 4.58853387833,
        "dvar": 9.58587932587,
        "dvar2": 19.8203220367,
        "max": 31.3121356964,
        "mean": 10.8218679428,
        "median": 8.4584646225,
        "min": 2.57518577576,
        "var": 44.2425918579
    },
    "erbbands_flatness_db": {
        "dmean": 0.0225442070514,
        "dmean2": 0.0320077836514,
        "dvar": 0.000513876380865,
        "dvar2": 0.00101412064396,
        "max": 0.393414586782,
        "mean": 0.148982718587,
        "median": 0.135171368718,
        "min": 0.0403508804739,
        "var": 0.00321239233017
    },
    "erbbands_kurtosis": {
        "dmean": 2.56324529648,
        "dmean2": 3.98311901093,
        "dvar": 38.8573760986,
        "dvar2": 75.8797225952,
        "max": 132.943267822,
        "mean": 2.90753936768,
        "median": 0.262092113495,
        "min": -1.89161574841,
        "var": 78.775970459
    },
    "erbbands_skewness": {
        "dmean": 0.566143751144,
        "dmean2": 0.859362661839,
        "dvar": 0.476893424988,
        "dvar2": 0.96473556757,
        "max": 9.49880981445,
        "mean": 0.681480586529,
        "median": 0.476791501045,
        "min": -3.57747101784,
        "var": 1.59639167786
    },
    "erbbands_spread": {
        "dmean": 13.6575222015,
        "dmean2": 20.8104553223,
        "dvar": 331.550872803,
        "dvar2": 746.681335449,
        "max": 184.392608643,
        "mean": 44.6042633057,
        "median": 38.4731216431,
        "min": 1.37935292721,
        "var": 886.384765625
    },
    "hfc": {
        "dmean": 9.73063659668,
        "dmean2": 14.3741998672,
        "dvar": 452.191253662,
        "dvar2": 909.911560059,
        "max": 468.297637939,
        "mean": 21.30311203,
        "median": 12.9783992767,
        "min": 1.18366488397e-16,
        "var": 919.132629395
    },
    "melbands_crest": {
        "dmean": 2.96668696404,
        "dmean2": 4.84127092361,
        "dvar": 7.63562679291,
        "dvar2": 18.2985057831,
        "max": 31.4969348907,
        "mean": 16.0267429352,
        "median": 15.8481378555,
        "min": 2.68439006805,
        "var": 23.3679103851
    },
    "melbands_flatness_db": {
        "dmean": 0.0389215499163,
        "dmean2": 0.0537587925792,
        "dvar": 0.00137887557503,
        "dvar2": 0.00269146962091,
        "max": 0.561998784542,
        "mean": 0.271310210228,
        "median": 0.276610285044,
        "min": 0.00844447314739,
        "var": 0.00856895186007
    },
    "melbands_kurtosis": {
        "dmean": 19.3263778687,
        "dmean2": 29.5511684418,
        "dvar": 1145.66601562,
        "dvar2": 2482.31396484,
        "max": 584.437438965,
        "mean": 31.3583831787,
        "median": 14.536283493,
        "min": -1.67835724354,
        "var": 2445.83447266
    },
    "melbands_skewness": {
        "dmean": 1.27067172527,
        "dmean2": 1.95696878433,
        "dvar": 2.04220938683,
        "dvar2": 4.4301276207,
        "max": 18.3651695251,
        "mean": 3.72570586205,
        "median": 3.04977416992,
        "min": -0.668870687485,
        "var": 6.65922021866
    },
    "melbands_spread": {
        "dmean": 7.70917606354,
        "dmean2": 12.0379266739,
        "dvar": 291.271514893,
        "dvar2": 678.830749512,
        "max": 261.375030518,
        "mean": 15.3760166168,
        "median": 9.65657043457,
        "min": 0.56297826767,
        "var": 381.071746826
    },
    "pitch_salience": {
        "dmean": 0.0765730217099,
        "dmean2": 0.123286448419,
        "dvar": 0.00528064230457,
        "dvar2": 0.0127764018252,
        "max": 0.802320659161,
        "mean": 0.490417718887,
        "median": 0.477391958237,
        "min": 0.0802574977279,
        "var": 0.015796855092
    },
    "silence_rate_20dB": {
        "dmean": 0,
        "dmean2": 0,
        "dvar": 0,
        "dvar2": 0,
        "max": 1,
        "mean": 1,
        "median": 1,
        "min": 1,
        "var": 0
    },
    "silence_rate_30dB": {
        "dmean": 0.0340030901134,
        "dmean2": 0.0680587813258,
        "dvar": 0.0328467525542,
        "dvar2": 0.0819881260395,
        "max": 1,
        "mean": 0.966795384884,
        "median": 1,
        "min": 0,
        "var": 0.0321019813418
    },
    "silence_rate_60dB": {
        "dmean": 0.0216383300722,
        "dmean2": 0.0433101318777,
        "dvar": 0.0211695674807,
        "dvar2": 0.0538092777133,
        "max": 1,
        "mean": 0.0664092674851,
        "median": 0,
        "min": 0,
        "var": 0.0619987174869
    },
    "spectral_centroid": {
        "dmean": 301.509613037,
        "dmean2": 438.567871094,
        "dvar": 272488.3125,
        "dvar2": 471578.28125,
        "max": 11031.3769531,
        "mean": 1044.88952637,
        "median": 735.322143555,
        "min": 148.825088501,
        "var": 663939.625
    },
    "spectral_complexity": {
        "dmean": 3.80834627151,
        "dmean2": 5.51894807816,
        "dvar": 19.6572780609,
        "dvar2": 35.9030914307,
        "max": 57,
        "mean": 13.4664096832,
        "median": 11,
        "min": 0,
        "var": 105.345184326
    },
    "spectral_decrease": {
        "dmean": 3.7754137594e-09,
        "dmean2": 5.69072300394e-09,
        "dvar": 2.39664167395e-17,
        "dvar2": 5.59894932359e-17,
        "max": 2.43634019918e-29,
        "mean": -1.01543982112e-08,
        "median": -8.84859030492e-09,
        "min": -4.89985900742e-08,
        "var": 6.28748453931e-17
    },
    "spectral_energy": {
        "dmean": 0.0146433403715,
        "dmean2": 0.0220941975713,
        "dvar": 0.000352277624188,
        "dvar2": 0.000824851100333,
        "max": 0.189245268703,
        "mean": 0.0402573086321,
        "median": 0.0356109701097,
        "min": 1.0644247364e-20,
        "var": 0.00094960880233
    },
    "spectral_energyband_high": {
        "dmean": 0.000723211676814,
        "dmean2": 0.00106424477417,
        "dvar": 5.02440570926e-06,
        "dvar2": 9.92927925836e-06,
        "max": 0.0469304993749,
        "mean": 0.00125468277838,
        "median": 0.000211343096453,
        "min": 7.62487656951e-21,
        "var": 9.95386380964e-06
    },
    "spectral_energyband_low": {
        "dmean": 0.0110475411639,
        "dmean2": 0.0173408016562,
        "dvar": 0.000247470365139,
        "dvar2": 0.000621211016551,
        "max": 0.163352832198,
        "mean": 0.0225058738142,
        "median": 0.0174205712974,
        "min": 1.33999030939e-22,
        "var": 0.000504692667164
    },
    "spectral_energyband_middle_high": {
        "dmean": 0.00183309195563,
        "dmean2": 0.0027747086715,
        "dvar": 1.13819205581e-05,
        "dvar2": 2.72691158898e-05,
        "max": 0.0351437665522,
        "mean": 0.00309365428984,
        "median": 0.00128996407147,
        "min": 1.49305858228e-21,
        "var": 1.98201723833e-05
    },
    "spectral_energyband_middle_low": {
        "dmean": 0.00573398685083,
        "dmean2": 0.00831134989858,
        "dvar": 6.48070927127e-05,
        "dvar2": 0.000127410152345,
        "max": 0.130110517144,
        "mean": 0.0154339000583,
        "median": 0.00989750772715,
        "min": 2.51201155857e-22,
        "var": 0.000245864910539
    },
    "spectral_entropy": {
        "dmean": 0.265183389187,
        "dmean2": 0.351677209139,
        "dvar": 0.0873895213008,
        "dvar2": 0.147380590439,
        "max": 9.80307769775,
        "mean": 7.37249708176,
        "median": 7.48582363129,
        "min": 4.55569982529,
        "var": 0.53988558054
    },
    "spectral_flux": {
        "dmean": 0.0345986038446,
        "dmean2": 0.0551923550665,
        "dvar": 0.00131407682784,
        "dvar2": 0.00299970223568,
        "max": 0.323444336653,
        "mean": 0.0879584923387,
        "median": 0.0781123116612,
        "min": 1.03170964827e-10,
        "var": 0.00270504225045
    },
    "spectral_kurtosis": {
        "dmean": 2.23337888718,
        "dmean2": 3.34841346741,
        "dvar": 10.5005531311,
        "dvar2": 23.8473911285,
        "max": 59.4535102844,
        "mean": 5.74439382553,
        "median": 4.33310699463,
        "min": -1.33706223965,
        "var": 33.6387290955
    },
    "spectral_rms": {
        "dmean": 0.00112013239413,
        "dmean2": 0.00164407014381,
        "dvar": 1.5156375639e-06,
        "dvar2": 3.26472854795e-06,
        "max": 0.0135878454894,
        "mean": 0.00573477568105,
        "median": 0.00589426932856,
        "min": 3.22251947349e-12,
        "var": 6.38778556095e-06
    },
    "spectral_rolloff": {
        "dmean": 692.343200684,
        "dmean2": 1168.3737793,
        "dvar": 3008114.75,
        "dvar2": 6422765.5,
        "max": 18583.1542969,
        "mean": 1139.0135498,
        "median": 430.6640625,
        "min": 86.1328125,
        "var": 3829505.75
    },
    "spectral_skewness": {
        "dmean": 0.332487851381,
        "dmean2": 0.471671193838,
        "dvar": 0.146982178092,
        "dvar2": 0.289205133915,
        "max": 6.6326880455,
        "mean": 1.81879091263,
        "median": 1.69798088074,
        "min": -0.267542004585,
        "var": 0.71646296978
    },
    "spectral_spread": {
        "dmean": 1042699,
        "dmean2": 1454091.625,
        "dvar": 2.83608848794e+12,
        "dvar2": 3.95210181837e+12,
        "max": 40436708,
        "mean": 5504371.5,
        "median": 4904892.5,
        "min": 1229035,
        "var": 7.34348443648e+12
    },
    "spectral_strongpeak": {
        "dmean": 0.388321220875,
        "dmean2": 0.680204093456,
        "dvar": 0.483801245689,
        "dvar2": 1.26076841354,
        "max": 6.1640958786,
        "mean": 0.740744650364,
        "median": 0.459265559912,
        "min": 0,
        "var": 0.744090080261
    },
    "zerocrossingrate": {
        "dmean": 0.015868762508,
        "dmean2": 0.0178179219365,
        "dvar": 0.000812021607999,
        "dvar2": 0.000919752696063,
        "max": 0.5,
        "mean": 0.051943320781,
        "median": 0.03369140625,
        "min": 0.00341796875,
        "var": 0.00252821971662
    },
    "barkbands": {
        "dmean": [0.000292981800158, 0.00789265520871, 0.00336540606804, 0.00154583563562, 0.0013709620107, 0.0022267291788, 0.0018715421902, 0.000356770615326, 0.00033940692083, 0.000783587049227, 0.000268098723609, 0.00031642569229, 0.000333128729835, 0.000234875071328, 0.000128948624479, 0.00015189833357, 9.36307260417e-05, 7.51690313336e-05, 0.000109247448563, 0.000106151725049, 0.00010406185902, 0.000103501486592, 0.000115776630992, 0.000150709529407, 0.000233366532484, 7.88225297583e-05, 6.11886616753e-06],
        "dmean2": [0.000495252141263, 0.0125915119424, 0.00540056917816, 0.00245572510175, 0.00211367197335, 0.00326955108903, 0.00301237916574, 0.000599932158366, 0.000516414525919, 0.00112033681944, 0.000431939639384, 0.000533228216227, 0.000589024159126, 0.000406996376114, 0.000209773759707, 0.000244218914304, 0.000154277979163, 0.000123336634715, 0.000170468629221, 0.000160084469826, 0.000154243549332, 0.000151399697643, 0.00018366020231, 0.000240907102125, 0.000355934927939, 0.000114498317998, 9.24748837861e-06],
        "dvar": [3.61268064353e-07, 0.000158095077495, 3.21300467476e-05, 6.38778965367e-06, 7.55921428208e-06, 2.24357518164e-05, 1.81025625352e-05, 7.91909371856e-07, 5.72734904836e-07, 4.38622100774e-06, 4.19202535795e-07, 5.51107916635e-07, 9.96896346805e-07, 3.49342599293e-07, 6.40360156012e-08, 2.10889083974e-07, 3.34516130351e-08, 3.05296410374e-08, 4.96166059349e-08, 7.17698682706e-08, 7.96469308284e-08, 8.15880980554e-08, 8.43070466772e-08, 5.14838347954e-07, 1.14294937248e-06, 8.6950379341e-08, 1.00926467184e-09],
        "dvar2": [9.20618958844e-07, 0.000401119847083, 7.875461597e-05, 1.5215701751e-05, 1.82412804861e-05, 4.06289545936e-05, 4.0140672354e-05, 2.0182346816e-06, 1.0662816976e-06, 8.45437079988e-06, 7.47534386392e-07, 1.46998297623e-06, 2.79540154224e-06, 9.58929263106e-07, 1.54104924377e-07, 5.43713838397e-07, 8.95901806075e-08, 8.20789054501e-08, 1.26214288798e-07, 1.64951259762e-07, 1.72825409095e-07, 1.67749192315e-07, 1.89664419281e-07, 1.19562753298e-06, 2.24224913836e-06, 1.52024597355e-07, 2.03934047427e-09],
        "max": [0.00839390233159, 0.150238901377, 0.0935480520129, 0.0279044397175, 0.0516649261117, 0.113421037793, 0.0529775694013, 0.0105902906507, 0.0158635601401, 0.0327990949154, 0.0184376407415, 0.00896388664842, 0.00974079407752, 0.00633533950895, 0.00254146917723, 0.00957665871829, 0.00275882310234, 0.00215307064354, 0.00332312425599, 0.00498126866296, 0.0055523281917, 0.00570324528962, 0.00413406221196, 0.0171504616737, 0.0249940082431, 0.00509464833885, 0.000553678430151],
        "mean": [0.000416437222157, 0.0144201405346, 0.00589715689421, 0.00317452964373, 0.00284859281965, 0.00482935737818, 0.00323870778084, 0.000376147596398, 0.000474859029055, 0.00115831079893, 0.000415463233367, 0.000367037340766, 0.000299951061606, 0.00023256696295, 0.000161547141033, 0.000191153056221, 0.000132596498588, 0.000113176400191, 0.000172522864887, 0.000177136011189, 0.000182772651897, 0.000181576891919, 0.000196251901798, 0.000198286637897, 0.000295501406072, 9.88287574728e-05, 6.72318674333e-06],
        "median": [8.2662103523e-05, 0.0080702425912, 0.00328919058666, 0.00138148665428, 0.00167558994144, 0.000707351835445, 0.000441663141828, 0.000106707782834, 0.000109313878056, 0.000183097974514, 8.66846530698e-05, 0.00010318934801, 5.87709364481e-05, 6.39041754766e-05, 5.31551158929e-05, 4.94119340146e-05, 4.32696106145e-05, 2.96631769743e-05, 5.1018276281e-05, 4.84300289827e-05, 4.27043451054e-05, 1.75019486051e-05, 9.37030472414e-06, 1.71957071871e-05, 3.32551280735e-05, 8.89243983693e-06, 4.96675056638e-07],
        "min": [1.76077367028e-23, 6.17515898986e-23, 4.13576296107e-23, 2.40558462991e-23, 4.21056527646e-23, 1.03023757474e-22, 1.9137775027e-23, 3.3881922978e-23, 2.26644755225e-23, 7.91409493925e-23, 2.7154059639e-23, 7.30364281635e-23, 8.50890426594e-23, 1.52991582984e-22, 2.77423523435e-22, 1.34740282511e-22, 1.22681413926e-22, 1.87614965794e-22, 2.43169491613e-22, 2.57107590957e-22, 5.48681814906e-22, 4.51410898158e-22, 6.41063813525e-22, 7.8473141402e-22, 1.3607557285e-21, 1.65324980213e-21, 2.20297685143e-21],
        "var": [7.84682868016e-07, 0.000333161238814, 5.40543951502e-05, 1.87029327208e-05, 1.48386652654e-05, 0.000104502338218, 4.94275845995e-05, 7.38602750516e-07, 1.31505692025e-06, 9.06715376914e-06, 1.89522813798e-06, 6.1633460291e-07, 7.03935484125e-07, 2.64675890094e-07, 8.34435454067e-08, 2.09797249795e-07, 5.36368141013e-08, 5.46981269167e-08, 1.00515933354e-07, 1.40508404911e-07, 1.75806206926e-07, 2.53136676065e-07, 2.4244280894e-07, 6.69137591558e-07, 1.6162122165e-06, 1.44762864807e-07, 1.23384635842e-09]
    },
    "erbbands": {
        "dmean": [0.182510480285, 1.95700085163, 4.08266353607, 4.55733442307, 4.34460783005, 5.10827541351, 5.95765972137, 24.978345871, 32.4595985413, 13.1504936218, 6.24565267563, 8.08381175995, 23.712146759, 12.6323041916, 11.5610198975, 11.2465057373, 13.7967891693, 14.3896827698, 8.51016616821, 7.1502790451, 6.33181619644, 4.95875930786, 4.11258602142, 4.67015504837, 5.41522979736, 4.78767108917, 4.73641872406, 3.84295988083, 3.97019219398, 3.22167205811, 3.33124828339, 2.92092657089, 2.69586133957, 3.09313249588, 1.50086164474, 0.48970875144, 0.1200170964, 0.0198550373316, 0.000663516810164, 3.20438521157e-05],
        "dmean2": [0.299893468618, 3.1140203476, 6.4720287323, 7.26514863968, 6.69364786148, 8.03475475311, 9.28266048431, 36.0260505676, 51.1619911194, 20.1641235352, 10.2728290558, 12.0094661713, 34.1194038391, 17.8966197968, 19.5507621765, 18.8025817871, 23.9064559937, 25.7872219086, 13.5126886368, 11.3586807251, 9.98851394653, 8.13065242767, 6.75635480881, 7.31429672241, 8.43260765076, 7.15056800842, 7.23050642014, 5.80123853683, 6.05401086807, 5.10167741776, 5.20060110092, 4.77150964737, 4.11184358597, 4.63318729401, 2.32563328743, 0.727387964725, 0.171418145299, 0.029234001413, 0.000977222225629, 4.78642832604e-05],
        "dvar": [0.120642416179, 9.08547878265, 37.6292495728, 52.250869751, 46.4304122925, 152.57484436, 121.111221313, 3268.57543945, 4963.37451172, 1412.76379395, 221.199264526, 368.36706543, 3587.92431641, 1085.65368652, 641.634887695, 701.287963867, 1542.82312012, 1840.3885498, 275.41317749, 295.507293701, 233.037002563, 94.8446350098, 93.1460494995, 78.5749893188, 140.695480347, 162.778137207, 233.774490356, 96.9218215942, 143.653488159, 79.7298202515, 70.4325714111, 153.031890869, 172.337554932, 271.064422607, 37.6021461487, 3.42233419418, 0.217491298914, 0.00760616827756, 9.01643943507e-06, 5.39507993835e-09],
        "dvar2": [0.312405467033, 23.3831119537, 93.6694335938, 116.3852005, 101.477333069, 380.620300293, 255.892089844, 5704.43798828, 11297.3466797, 2950.56494141, 563.66809082, 622.069030762, 6774.71630859, 2024.3470459, 1653.72387695, 1850.3079834, 4285.8671875, 5226.90673828, 662.519348145, 758.681762695, 573.57989502, 246.964614868, 255.145523071, 195.308990479, 351.795898438, 390.199401855, 544.114196777, 190.493560791, 326.229705811, 188.194915771, 154.84413147, 337.757720947, 390.022888184, 565.459472656, 75.604133606, 6.56542444229, 0.341527819633, 0.014627058059, 1.65763049154e-05, 9.69769686776e-09],
        "max": [4.4289188385, 32.9676475525, 85.8047485352, 92.9996795654, 92.1106567383, 229.986740112, 241.561233521, 1431.33129883, 943.187744141, 796.380249023, 144.866119385, 447.492370605, 845.450866699, 690.659118652, 234.038085938, 382.263031006, 381.300811768, 481.197540283, 170.22102356, 297.984741211, 258.499908447, 147.040237427, 129.852722168, 164.762985229, 183.369506836, 241.922134399, 318.776367188, 170.917892456, 225.522735596, 139.970077515, 102.256629944, 245.967880249, 315.58190918, 423.440216064, 111.992996216, 26.0373077393, 11.2807006836, 1.86459052563, 0.0593067482114, 0.00141818623524],
        "mean": [0.301861524582, 3.58576059341, 7.46769142151, 9.3643245697, 9.982421875, 9.14101219177, 11.9587507248, 54.7453727722, 58.4588623047, 19.9850063324, 7.34418344498, 12.3582925797, 36.1448173523, 21.4248332977, 15.1112213135, 13.9485731125, 13.5848760605, 12.8861665726, 10.593255043, 9.3129529953, 8.94900417328, 7.53276634216, 6.39839363098, 7.61611747742, 8.87170791626, 8.07880115509, 7.96241617203, 6.94126844406, 6.77921533585, 5.42137002945, 5.6021733284, 4.31320333481, 3.44127869606, 3.79263734818, 1.82060694695, 0.600838661194, 0.149966359138, 0.0238974746317, 0.000781223759986, 6.94365953677e-05],
        "median": [0.143743887544, 1.99765026569, 5.13133859634, 4.6660695076, 4.91156959534, 4.88196086884, 4.93326377869, 6.96135425568, 11.8444108963, 4.55006027222, 2.80743861198, 3.04647183418, 7.04812908173, 4.44132709503, 4.0907626152, 4.47237253189, 3.00542283058, 3.29982328415, 3.20344114304, 3.32163572311, 2.86294603348, 2.44430184364, 1.79923987389, 2.29281520844, 2.60551452637, 2.17726612091, 2.03363370895, 1.29514169693, 0.703655779362, 0.349381029606, 0.271831274033, 0.332563042641, 0.301471084356, 0.41529712081, 0.183728203177, 0.0461132973433, 0.0148667851463, 0.00263962685131, 9.64886276051e-05, 4.856884334e-05],
        "min": [1.97631462135e-21, 1.34598910054e-20, 3.06798607321e-20, 9.4811073457e-20, 1.15790732549e-19, 1.48566161658e-19, 2.84912539224e-19, 9.99415022325e-19, 4.52176730888e-19, 3.23590289746e-19, 8.78198527796e-19, 5.96001829318e-19, 1.35402249124e-18, 2.82869403111e-18, 1.16358173279e-18, 2.95517118754e-18, 4.00480403466e-18, 5.82539258053e-18, 1.69775594722e-17, 7.72223725272e-18, 8.02989301949e-18, 6.39286991361e-18, 7.06043899594e-18, 1.43381088556e-17, 1.145326932e-17, 1.34992021307e-17, 2.07247819457e-17, 1.86858958866e-17, 1.46258287424e-17, 1.8903358361e-17, 1.91671313691e-17, 1.49398926774e-17, 1.43339216674e-17, 1.41092130909e-17, 9.57109262807e-18, 5.93279991512e-18, 3.45161769424e-18, 1.14748955436e-18, 3.77326010289e-19, 2.98945981434e-20],
        "var": [0.217274993658, 19.4217014313, 61.7975730896, 123.843208313, 180.977020264, 200.300537109, 433.634735107, 15052.0898438, 13060.7333984, 3048.64331055, 212.848220825, 964.57019043, 7945.7421875, 3652.03100586, 863.362365723, 845.342346191, 1184.31445312, 1169.02270508, 359.453491211, 328.049224854, 289.933563232, 176.058410645, 161.990142822, 200.341018677, 273.940124512, 293.735534668, 359.783599854, 308.827178955, 405.070739746, 192.185394287, 194.249038696, 233.868728638, 211.737457275, 356.296508789, 51.7141113281, 5.03787946701, 0.397378653288, 0.0109197711572, 1.26127542899e-05, 1.00264037073e-08]
    },
    "gfcc": {
        "mean": [-17.8762626648, 97.8309249878, -78.5943908691, 35.7388801575, -48.9946517944, 19.7929344177, -34.7667198181, 12.7032604218, -29.5325069427, 10.0075292587, -13.7886314392, 1.3659709692, -4.99869203568],
        "cov": [[8312.140625, -994.936828613, -298.573242188, 482.602203369, -397.445281982, 231.82170105, -103.478927612, 192.473632812, -54.6041641235, 117.023460388, -118.478118896, 13.5548095703, -183.281494141], [-994.936828613, 1924.15319824, -107.900741577, -488.132232666, 216.994491577, -360.67401123, 140.6197052, -129.9949646, 62.2114334106, 13.441699028, 214.303512573, -190.663162231, 165.254699707], [-298.573242188, -107.900741577, 862.534301758, -48.1861953735, -38.6955604553, 67.267250061, 1.03839766979, -26.9824638367, -16.2858657837, 56.6685256958, -18.8786811829, 24.6588039398, 11.2525939941], [482.602203369, -488.132232666, -48.1861953735, 498.047515869, -3.06128692627, 105.882919312, 23.2807388306, 10.3002471924, 2.9148812294, -69.4150848389, -46.3331375122, 56.3081283569, -57.5408325195], [-397.445281982, 216.994491577, -38.6955604553, -3.06128692627, 281.77633667, -12.9089155197, 49.1340751648, 3.52103757858, -9.77701473236, -23.8412647247, -1.1383998394, -14.7708339691, -1.33050215244], [231.82170105, -360.67401123, 67.267250061, 105.882919312, -12.9089155197, 308.582580566, 27.134552002, -4.08703804016, 26.8202342987, -28.316324234, -27.6820964813, 35.2929191589, -51.2263336182], [-103.478927612, 140.6197052, 1.03839766979, 23.2807388306, 49.1340751648, 27.134552002, 162.108184814, 17.3077850342, 7.60877561569, 4.047539711, 16.2170848846, -8.57965373993, 26.0565471649], [192.473632812, -129.9949646, -26.9824638367, 10.3002471924, 3.52103757858, -4.08703804016, 17.3077850342, 150.752258301, 1.65388333797, -0.493568241596, -5.04828643799, 24.8181495667, 29.905664444], [-54.6041641235, 62.2114334106, -16.2858657837, 2.9148812294, -9.77701473236, 26.8202342987, 7.60877561569, 1.65388333797, 109.076522827, -2.27923941612, 40.6216964722, 15.6488723755, -3.23926496506], [117.023460388, 13.441699028, 56.6685256958, -69.4150848389, -23.8412647247, -28.316324234, 4.047539711, -0.493568241596, -2.27923941612, 120.472320557, 22.8808059692, -3.85514903069, 20.9014434814], [-118.478118896, 214.303512573, -18.8786811829, -46.3331375122, -1.1383998394, -27.6820964813, 16.2170848846, -5.04828643799, 40.6216964722, 22.8808059692, 132.156387329, 18.7388706207, 26.6437606812], [13.5548095703, -190.663162231, 24.6588039398, 56.3081283569, -14.7708339691, 35.2929191589, -8.57965373993, 24.8181495667, 15.6488723755, -3.85514903069, 18.7388706207, 115.618469238, 7.96531391144], [-183.281494141, 165.254699707, 11.2525939941, -57.5408325195, -1.33050215244, -51.2263336182, 26.0565471649, 29.905664444, -3.23926496506, 20.9014434814, 26.6437606812, 7.96531391144, 120.328956604]],
        "icov": [[0.000168595986906, -0.000134353525937, 7.51462721382e-05, -0.000243061469519, 0.000286025955575, -0.000205835123779, 0.000177406036528, -0.000392714166082, 0.000192679246538, -0.0004104807158, 0.000166009151144, -3.18650272675e-05, 0.000334617565386], [-0.000134353525937, 0.00251229247078, -5.69671901758e-05, 0.00166130647995, -0.00148364691995, 0.00200375798158, -0.00185669132043, 0.00242680055089, -0.00148444762453, 0.00204503140412, -0.00274085206911, 0.00276614353061, -0.00219101738185], [7.51462721382e-05, -5.69671901758e-05, 0.0013078955235, 5.4209089285e-05, 0.000227857410209, -0.000440687814262, 2.36504311033e-05, 0.000148027436808, 0.000281902495772, -0.000783131283242, 0.000393147201976, -0.000399187963922, -4.76964050904e-05], [-0.000243061469519, 0.00166130647995, 5.4209089285e-05, 0.00387090141885, -0.000996111193672, 0.00102787883952, -0.00200245715678, 0.00183048460167, -0.00099891773425, 0.00269192410633, -0.00109550706111, 0.000337820354616, -0.000674828072079], [0.000286025955575, -0.00148364691995, 0.000227857410209, -0.000996111193672, 0.00505512626842, -0.00102259521373, -0.000153667686391, -0.00180181255564, 0.00143210822716, -0.000695736380294, 0.00159530353267, -0.00132168643177, 0.00197089696303], [-0.000205835123779, 0.00200375798158, -0.000440687814262, 0.00102787883952, -0.00102259521373, 0.00584630062804, -0.00264479359612, 0.00221688789316, -0.00234016613103, 0.00232240092009, -0.00127280002926, 0.000954325427301, -0.000281086860923], [0.000177406036528, -0.00185669132043, 2.36504311033e-05, -0.00200245715678, -0.000153667686391, -0.00264479359612, 0.00889469869435, -0.00262826075777, 0.000912773073651, -0.00221456307918, 0.000950969115365, -0.000430462765507, -0.000313009426463], [-0.000392714166082, 0.00242680055089, 0.000148027436808, 0.00183048460167, -0.00180181255564, 0.00221688789316, -0.00262826075777, 0.0102476309985, -0.00189482804853, 0.00241413409822, -0.00152982980944, 0.000704576610588, -0.00430168351158], [0.000192679246538, -0.00148444762453, 0.000281902495772, -0.00099891773425, 0.00143210822716, -0.00234016613103, 0.000912773073651, -0.00189482804853, 0.0119696063921, -0.000865646405146, -0.00206013768911, -0.00213842024095, 0.00219128024764], [-0.0004104807158, 0.00204503140412, -0.000783131283242, 0.00269192410633, -0.000695736380294, 0.00232240092009, -0.00221456307918, 0.00241413409822, -0.000865646405146, 0.0120794866234, -0.00358859426342, 0.00208221562207, -0.00267750537023], [0.000166009151144, -0.00274085206911, 0.000393147201976, -0.00109550706111, 0.00159530353267, -0.00127280002926, 0.000950969115365, -0.00152982980944, -0.00206013768911, -0.00358859426342, 0.0131671829149, -0.00514900498092, 0.0010996661149], [-3.18650272675e-05, 0.00276614353061, -0.000399187963922, 0.000337820354616, -0.00132168643177, 0.000954325427301, -0.000430462765507, 0.000704576610588, -0.00213842024095, 0.00208221562207, -0.00514900498092, 0.0139289768413, -0.00353998341598], [0.000334617565386, -0.00219101738185, -4.76964050904e-05, -0.000674828072079, 0.00197089696303, -0.000281086860923, -0.000313009426463, -0.00430168351158, 0.00219128024764, -0.00267750537023, 0.0010996661149, -0.00353998341598, 0.0130649786443]]
    },
    "melbands": {
        "dmean": [0.00191151269246, 0.0023507613223, 0.000763865013141, 0.000323706015479, 0.000219204724999, 0.000546419003513, 0.000448308914201, 0.000124344427604, 4.76236346003e-05, 5.44963513676e-05, 0.000123329809867, 5.72635108256e-05, 3.7552563299e-05, 3.24303327943e-05, 3.39783182426e-05, 3.31004630425e-05, 2.60968245129e-05, 1.45203175634e-05, 8.61679836817e-06, 1.25501646835e-05, 6.72990881867e-06, 5.51348193767e-06, 4.40675512436e-06, 3.53695395461e-06, 3.97212625103e-06, 4.36819527749e-06, 3.89764318243e-06, 3.22371079164e-06, 3.27840120917e-06, 2.63160404756e-06, 2.26134829973e-06, 2.4734517865e-06, 1.97709846361e-06, 1.85810870335e-06, 1.94581116375e-06, 2.07612151826e-06, 1.95026655092e-06, 1.83864790415e-06, 2.07664879781e-06, 2.99026146422e-06],
        "dmean2": [0.003083512187, 0.00370717886835, 0.00119816220831, 0.000504895055201, 0.000341154984199, 0.000795188127086, 0.00070679030614, 0.000193101528566, 7.95395026216e-05, 8.01528585725e-05, 0.000178004382178, 8.06732132332e-05, 6.31543443887e-05, 5.42007910553e-05, 5.69783987885e-05, 5.86253445363e-05, 4.65965167677e-05, 2.31357589655e-05, 1.38143541335e-05, 2.04880652745e-05, 1.08087942863e-05, 9.03239288164e-06, 7.49353603169e-06, 5.8241903389e-06, 6.28458474239e-06, 6.99878910382e-06, 5.99463510298e-06, 4.96344591738e-06, 5.23316793988e-06, 3.99632699555e-06, 3.46578872268e-06, 3.77507058147e-06, 3.12980000672e-06, 2.98860504699e-06, 3.03782690025e-06, 3.2199245652e-06, 3.25756104758e-06, 2.93879338642e-06, 3.08424137074e-06, 4.49255003332e-06],
        "dvar": [1.03774200397e-05, 1.08727863335e-05, 1.35485061037e-06, 3.63079323051e-07, 1.81156806889e-07, 1.34299637011e-06, 8.98075541045e-07, 1.23844614563e-07, 1.21490035809e-08, 1.71935177207e-08, 9.90569546389e-08, 2.70686175696e-08, 7.20835702239e-09, 5.58859847288e-09, 6.95559077002e-09, 1.0242030335e-08, 5.69922109506e-09, 8.46086090078e-10, 3.59281687734e-10, 1.83686832411e-09, 2.06444181194e-10, 1.11988730789e-10, 1.07923961434e-10, 6.9068542552e-11, 5.81039556746e-11, 9.60024074126e-11, 6.76421835211e-11, 9.52573991908e-11, 1.3809532684e-10, 4.19954002129e-11, 3.51892404105e-11, 7.484477621e-11, 2.55208146283e-11, 2.94342016038e-11, 2.38748448095e-11, 3.52949960924e-11, 8.26815282906e-11, 8.6974032143e-11, 9.43286004862e-11, 2.80647144413e-10],
        "dvar2": [2.64917489403e-05, 2.74738540611e-05, 3.01872773889e-06, 8.7205927457e-07, 3.7984355572e-07, 2.44418833972e-06, 2.02812225325e-06, 2.59868102148e-07, 3.11265750952e-08, 2.90029245065e-08, 1.88007277302e-07, 5.2439531828e-08, 1.74499721339e-08, 1.46616159213e-08, 1.87862418954e-08, 2.88375066049e-08, 1.61658633147e-08, 2.01910799191e-09, 9.0178819967e-10, 4.87890128298e-09, 4.90301244049e-10, 2.87035367696e-10, 3.06903003011e-10, 1.82096587809e-10, 1.45948600427e-10, 2.45285514122e-10, 1.63122793051e-10, 2.3808582883e-10, 3.42980033263e-10, 8.69266186809e-11, 6.81017325865e-11, 1.66868213691e-10, 6.31750485258e-11, 7.06492989111e-11, 5.27065439904e-11, 7.95721474822e-11, 1.94418536825e-10, 2.12349360318e-10, 1.83556309041e-10, 6.13627038071e-10],
        "max": [0.0420804135501, 0.0348384529352, 0.0141753386706, 0.00871428102255, 0.00868170149624, 0.0277588237077, 0.012006547302, 0.00712799932808, 0.00105832610279, 0.00307911052369, 0.0046372548677, 0.00281902542338, 0.00122528488282, 0.000855008256622, 0.000955736381002, 0.0011540343985, 0.000839130370878, 0.000339430669555, 0.000259218126303, 0.000959402357694, 0.000172992236912, 0.000162086114869, 0.000149243467604, 9.65412473306e-05, 0.000140100979479, 0.000145240643178, 0.000154143024702, 0.000202196722967, 0.000243627466261, 0.000104594735603, 0.000108827000076, 0.000174233820871, 6.64793333272e-05, 9.40310565056e-05, 6.20577629888e-05, 0.000114338596177, 0.000181415511179, 0.00021774484776, 0.00022517623438, 0.000444088014774],
        "mean": [0.00348371826112, 0.00441456912085, 0.00166885030922, 0.000690212473273, 0.000434949761257, 0.00118303322233, 0.000813183432911, 0.00017061746621, 5.30283650733e-05, 8.08814365882e-05, 0.000185612647329, 9.28160443436e-05, 5.01827598782e-05, 3.97611183871e-05, 3.69915178453e-05, 2.8039998142e-05, 2.33240061789e-05, 1.7732147171e-05, 1.11224526336e-05, 1.50969026436e-05, 9.19520607567e-06, 8.04381033959e-06, 6.16843726675e-06, 5.33000547875e-06, 6.17966770733e-06, 6.63669379719e-06, 6.09791959505e-06, 5.2207965382e-06, 5.04876015839e-06, 4.42390819444e-06, 3.85797920899e-06, 4.03128569815e-06, 3.19821788253e-06, 2.91761421067e-06, 3.17491821988e-06, 3.1420004234e-06, 2.50919470091e-06, 2.29299848797e-06, 2.59331136476e-06, 3.48603452949e-06],
        "median": [0.00197456940077, 0.00340277585201, 0.000921130820643, 0.000361284590326, 0.000186983277672, 0.000167057994986, 0.000156853609951, 3.12350748572e-05, 1.76311932591e-05, 1.66514146258e-05, 3.3061234717e-05, 1.64185239555e-05, 1.11977433335e-05, 1.05444505607e-05, 8.52554148878e-06, 4.90723368785e-06, 5.98588576395e-06, 5.07778531755e-06, 3.84708846468e-06, 3.89798242395e-06, 2.74670082945e-06, 2.56189514403e-06, 1.80304664354e-06, 1.38978555242e-06, 1.79964581548e-06, 1.75961179139e-06, 1.81343500572e-06, 1.26458974137e-06, 1.20842776141e-06, 1.04382456811e-06, 6.3888552404e-07, 3.98849039129e-07, 2.88217961497e-07, 1.52663815811e-07, 1.39633954177e-07, 1.71233224933e-07, 2.03799146448e-07, 1.77898400011e-07, 2.57623128164e-07, 3.65286979331e-07],
        "min": [1.96801090107e-23, 1.82800228989e-23, 1.60838972477e-23, 1.04922996902e-23, 9.52703844247e-24, 2.15992734868e-23, 6.36758701376e-24, 3.53273883134e-24, 7.82080409082e-24, 3.02905212943e-24, 6.63498443379e-24, 1.19350182119e-23, 3.30456318109e-24, 5.2254848448e-24, 1.33896863986e-23, 6.16637541811e-24, 1.14115064493e-23, 2.83075162774e-23, 1.47579719496e-23, 7.63522771831e-24, 1.07063870735e-23, 7.51496350673e-24, 2.93923499056e-24, 1.15941916466e-23, 1.16870973732e-23, 8.32513627817e-24, 7.50470042635e-24, 8.84184174881e-24, 1.15613434785e-23, 1.61731426596e-23, 8.9688956862e-24, 7.48854613274e-24, 9.6777708288e-24, 1.14372856349e-23, 1.166366426e-23, 8.54197678607e-24, 9.13827437775e-24, 9.48772713698e-24, 1.04961895633e-23, 1.28797477768e-23],
        "var": [2.2390324375e-05, 1.91488143173e-05, 3.54097755917e-06, 8.36881440591e-07, 5.41385077213e-07, 5.94010862187e-06, 2.43437898462e-06, 2.54733151905e-07, 1.16688854135e-08, 4.48269688036e-08, 2.16813418774e-07, 7.15959558306e-08, 1.4152496064e-08, 6.83616097064e-09, 7.24380067041e-09, 6.72820732461e-09, 3.68535091333e-09, 1.10407172293e-09, 4.23073104328e-10, 1.6531123137e-09, 2.8825788978e-10, 2.12846629211e-10, 1.50131546084e-10, 1.22388835178e-10, 1.38553071793e-10, 1.6166776251e-10, 1.4104102608e-10, 1.4459568265e-10, 1.71815464634e-10, 1.0057686628e-10, 1.08184648739e-10, 1.82644760427e-10, 6.16673309639e-11, 6.21663345801e-11, 6.54445386772e-11, 7.21556009387e-11, 1.10896701544e-10, 9.81762310337e-11, 1.29196597864e-10, 3.45272144209e-10]
    },
    "mfcc": {
        "mean": [-674.40020752, 131.809646606, 27.3558483124, 28.0599060059, 13.7967453003, 9.44309043884, 13.7498340607, -2.30255198479, 4.89924097061, -0.7346804142, -2.58886504173, -0.74994289875, 3.25032615662],
        "cov": [[7013.06884766, -1364.32714844, -201.732376099, 140.154953003, -167.769729614, 54.4612693787, -73.2283325195, 140.755783081, -44.0247192383, 150.502212524, 47.4901809692, 74.777053833, 33.234462738], [-1364.32714844, 2189.65234375, -217.182556152, -70.77709198, -21.2198352814, -196.812850952, 133.956741333, -323.908874512, 29.0862751007, -20.1171131134, 19.2219791412, 23.1743240356, -30.7688827515], [-201.732376099, -217.182556152, 767.159362793, -41.0191116333, 4.06502914429, 101.305427551, -15.3638324738, 5.39392757416, 5.36934566498, -19.2569484711, 6.77624940872, -16.1591033936, 17.6981658936], [140.154953003, -70.77709198, -41.0191116333, 335.887329102, 8.59496307373, -16.8283996582, 32.6333618164, 25.1839447021, 18.1059989929, -13.5397510529, -20.3139019012, 2.80756235123, -3.81891322136], [-167.769729614, -21.2198352814, 4.06502914429, 8.59496307373, 183.651397705, 22.9791584015, 7.32835960388, 49.058681488, 4.23390197754, -14.6395654678, 5.88459157944, 2.94560289383, 2.15725064278], [54.4612693787, -196.812850952, 101.305427551, -16.8283996582, 22.9791584015, 266.798736572, -8.31838703156, 86.5956420898, -27.6133422852, 25.5295753479, 36.0983428955, -13.7632808685, 15.8983240128], [-73.2283325195, 133.956741333, -15.3638324738, 32.6333618164, 7.32835960388, -8.31838703156, 161.350311279, -12.2872972488, 54.7360534668, -0.772283673286, 3.50798869133, 7.2392745018, -7.78398036957], [140.755783081, -323.908874512, 5.39392757416, 25.1839447021, 49.058681488, 86.5956420898, -12.2872972488, 235.593460083, -5.61917972565, 8.43949985504, 3.92964220047, 15.2100515366, 28.4564552307], [-44.0247192383, 29.0862751007, 5.36934566498, 18.1059989929, 4.23390197754, -27.6133422852, 54.7360534668, -5.61917972565, 133.863296509, 6.03822755814, -13.7024250031, -13.2707204819, -2.52678084373], [150.502212524, -20.1171131134, -19.2569484711, -13.5397510529, -14.6395654678, 25.5295753479, -0.772283673286, 8.43949985504, 6.03822755814, 85.0589523315, 9.27636146545, -2.13519835472, -3.07499694824], [47.4901809692, 19.2219791412, 6.77624940872, -20.3139019012, 5.88459157944, 36.0983428955, 3.50798869133, 3.92964220047, -13.7024250031, 9.27636146545, 86.9600830078, 17.6966686249, 1.7315505743], [74.777053833, 23.1743240356, -16.1591033936, 2.80756235123, 2.94560289383, -13.7632808685, 7.2392745018, 15.2100515366, -13.2707204819, -2.13519835472, 17.6966686249, 97.7914505005, 22.7597846985], [33.234462738, -30.7688827515, 17.6981658936, -3.81891322136, 2.15725064278, 15.8983240128, -7.78398036957, 28.4564552307, -2.52678084373, -3.07499694824, 1.7315505743, 22.7597846985, 79.6863555908]],
