{
"lowlevel": {
    "average_loudness": 0.981009185314,
    "barkbands_crest": {
        "dmean": 2.6675722599,
        "dmean2": 4.38983154297,
        "dvar": 5.88739442825,
        "dvar2": 14.5767717361,
        "max": 22.2459430695,
        "mean": 7.11691474915,
        "median": 6.35904455185,
        "min": 2.32515406609,
        "var": 10.582406044
    },
    "barkbands_flatness_db": {
        "dmean": 0.0173924677074,
        "dmean2": 0.0278108157218,
        "dvar": 0.000238233624259,
        "dvar2": 0.000626801687758,
        "max": 0.257946580648,
        "mean": 0.124388583004,
        "median": 0.121196486056,
        "min": 0.0627365261316,
        "var": 0.000605567242019
    },
    "barkbands_kurtosis": {
        "dmean": 1.00914394855,
        "dmean2": 1.66632664204,
        "dvar": 3.00749731064,
        "dvar2": 7.59101724625,
        "max": 17.6855506897,
        "mean": -0.34750148654,
        "median": -0.8374376297,
        "min": -1.84969329834,
        "var": 3.08552360535
    },
    "barkbands_skewness": {
        "dmean": 0.493395715952,
        "dmean2": 0.740933477879,
        "dvar": 0.243944942951,
        "dvar2": 0.572483956814,
        "max": 3.72246742249,
        "mean": 0.359759986401,
        "median": 0.288476496935,
        "min": -4.17044687271,
        "var": 0.656821131706
    },
    "barkbands_spread": {
        "dmean": 8.03592205048,
        "dmean2": 12.2675085068,
        "dvar": 58.8399848938,
        "dvar2": 136.166503906,
        "max": 96.5793304443,
        "mean": 38.0246810913,
        "median": 36.6929664612,
        "min": 7.14948034286,
        "var": 152.338623047
    },
    "dissonance": {
        "dmean": 0.0091582685709,
        "dmean2": 0.0156809855253,
        "dvar": 7.42859847378e-05,
        "dvar2": 0.000207081044209,
        "max": 0.500000059605,
        "mean": 0.485696315765,
        "median": 0.488048732281,
        "min": 0.414711207151,
        "var": 0.000105675113446
    },
    "dynamic_complexity": 2.39143538475,
    "erbbands_crest": {
        "dmean": 2.29260349274,
        "dmean2": 3.85846686363,
        "dvar": 5.25120306015,
        "dvar2": 13.7054023743,
        "max": 26.9682064056,
        "mean": 7.04189825058,
        "median": 6.1588807106,
        "min": 2.65525102615,
        "var": 10.3113880157
    },
    "erbbands_flatness_db": {
        "dmean": 0.0149895939976,
        "dmean2": 0.0206965841353,
        "dvar": 0.000164783981745,
        "dvar2": 0.00031131846481,
        "max": 0.285795420408,
        "mean": 0.191828116775,
        "median": 0.194370806217,
        "min": 0.110026434064,
        "var": 0.000752330466639
    },
    "erbbands_kurtosis": {
        "dmean": 0.750048995018,
        "dmean2": 1.20064353943,
        "dvar": 0.996981143951,
        "dvar2": 2.16746640205,
        "max": 22.5352344513,
        "mean": 0.187155291438,
        "median": -0.0828020572662,
        "min": -1.7128623724,
        "var": 1.93548941612
    },
    "erbbands_skewness": {
        "dmean": 0.315325170755,
        "dmean2": 0.487230330706,
        "dvar": 0.0807969048619,
        "dvar2": 0.183418810368,
        "max": 1.75304985046,
        "mean": -0.418031036854,
        "median": -0.442893654108,
        "min": -4.00471019745,
        "var": 0.307214230299
    },
    "erbbands_spread": {
        "dmean": 8.32373332977,
        "dmean2": 12.8279914856,
        "dvar": 79.8532180786,
        "dvar2": 183.412857056,
        "max": 119.868591309,
        "mean": 35.3536872864,
        "median": 32.3963699341,
        "min": 7.68612957001,
        "var": 182.673690796
    },
    "hfc": {
        "dmean": 10.797167778,
        "dmean2": 13.7769651413,
        "dvar": 320.277435303,
        "dvar2": 540.388977051,
        "max": 479.791778564,
        "mean": 30.9663639069,
        "median": 25.0046710968,
        "min": 0.000162089068908,
        "var": 919.470581055
    },
    "melbands_crest": {
        "dmean": 3.96989488602,
        "dmean2": 6.41195964813,
        "dvar": 13.1272449493,
        "dvar2": 32.9477767944,
        "max": 29.4818191528,
        "mean": 11.8476390839,
        "median": 10.9696359634,
        "min": 3.13250041008,
        "var": 25.8828449249
    },
    "melbands_flatness_db": {
        "dmean": 0.025200555101,
        "dmean2": 0.0374767519534,
        "dvar": 0.000528695469256,
        "dvar2": 0.00124737375882,
        "max": 0.311423122883,
        "mean": 0.12116176635,
        "median": 0.113637648523,
        "min": 0.0295807160437,
        "var": 0.00208613183349
    },
    "melbands_kurtosis": {
        "dmean": 3.62073636055,
        "dmean2": 5.81629991531,
        "dvar": 42.0858573914,
        "dvar2": 105.745956421,
        "max": 76.7792205811,
        "mean": 3.57490158081,
        "median": 1.3199095726,
        "min": -1.87012827396,
        "var": 50.8962554932
    },
    "melbands_skewness": {
        "dmean": 0.693208754063,
        "dmean2": 1.05248999596,
        "dvar": 0.579384744167,
        "dvar2": 1.34923768044,
        "max": 8.10152053833,
        "mean": 1.58916437626,
        "median": 1.37470901012,
        "min": -1.37549757957,
        "var": 1.38953566551
    },
    "melbands_spread": {
        "dmean": 14.7899246216,
        "dmean2": 22.3689460754,
        "dvar": 242.854232788,
        "dvar2": 523.731262207,
        "max": 251.846176147,
        "mean": 53.2225074768,
        "median": 50.200668335,
        "min": 5.43753194809,
        "var": 709.530517578
    },
    "pitch_salience": {
        "dmean": 0.0710930153728,
        "dmean2": 0.114629387856,
        "dvar": 0.00411037774757,
        "dvar2": 0.0110924849287,
        "max": 0.84911864996,
        "mean": 0.621830821037,
        "median": 0.634633243084,
        "min": 0.306972026825,
        "var": 0.007882126607
    },
    "silence_rate_20dB": {
        "dmean": 0,
        "dmean2": 0,
        "dvar": 0,
        "dvar2": 0,
        "max": 1,
        "mean": 1,
        "median": 1,
        "min": 1,
        "var": 0
    },
    "silence_rate_30dB": {
        "dmean": 0,
        "dmean2": 0,
        "dvar": 0,
        "dvar2": 0,
        "max": 1,
        "mean": 1,
        "median": 1,
        "min": 1,
        "var": 0
    },
    "silence_rate_60dB": {
        "dmean": 0.00542215351015,
        "dmean2": 0.0108485082164,
        "dvar": 0.00539283826947,
        "dvar2": 0.0122807156295,
        "max": 1,
        "mean": 0.0189701896161,
        "median": 0,
        "min": 0,
        "var": 0.0186102464795
    },
    "spectral_centroid": {
        "dmean": 341.013519287,
        "dmean2": 521.835510254,
        "dvar": 103499.945312,
        "dvar2": 237994.796875,
        "max": 5321.99853516,
        "mean": 2378.83496094,
        "median": 2373.69995117,
        "min": 562.46862793,
        "var": 289684.25
    },
    "spectral_complexity": {
        "dmean": 5.28272676468,
        "dmean2": 7.41728019714,
        "dvar": 21.1591644287,
        "dvar2": 36.8963241577,
        "max": 60,
        "mean": 30.0100650787,
        "median": 30,
        "min": 0,
        "var": 120.974807739
    },
    "spectral_decrease": {
        "dmean": 1.89097337788e-09,
        "dmean2": 2.70313083028e-09,
        "dvar": 5.40272396704e-18,
        "dvar2": 1.19250699804e-17,
        "max": -3.17793581977e-14,
        "mean": -4.46222081507e-09,
        "median": -3.7779614992e-09,
        "min": -3.10596703912e-08,
        "var": 9.63041471288e-18
    },
    "spectral_energy": {
        "dmean": 0.00781232630834,
        "dmean2": 0.0109745999798,
        "dvar": 8.56789265526e-05,
        "dvar2": 0.000180661707418,
        "max": 0.123250104487,
        "mean": 0.0196501705796,
        "median": 0.0170197077096,
        "min": 1.34644594141e-07,
        "var": 0.000176305300556
    },
    "spectral_energyband_high": {
        "dmean": 0.00111329532228,
        "dmean2": 0.00144923862536,
        "dvar": 6.37312041363e-06,
        "dvar2": 1.08829608507e-05,
        "max": 0.0719446539879,
        "mean": 0.00232552457601,
        "median": 0.00133191002533,
        "min": 6.54324505689e-09,
        "var": 1.47602331708e-05
    },
    "spectral_energyband_low": {
        "dmean": 0.00313566369005,
        "dmean2": 0.00471414858475,
        "dvar": 2.28187254834e-05,
        "dvar2": 5.12327096658e-05,
        "max": 0.0442119091749,
        "mean": 0.00430845934898,
        "median": 0.00216528284363,
        "min": 2.87351653583e-08,
        "var": 3.07366790366e-05
    },
    "spectral_energyband_middle_high": {
        "dmean": 0.00237175845541,
        "dmean2": 0.00334622408263,
        "dvar": 8.90223509487e-06,
        "dvar2": 1.77862566488e-05,
        "max": 0.0409397371113,
        "mean": 0.00720332330093,
        "median": 0.00545665062964,
        "min": 5.13701507998e-08,
        "var": 3.25394867104e-05
    },
    "spectral_energyband_middle_low": {
        "dmean": 0.00451590679586,
        "dmean2": 0.00723284063861,
        "dvar": 5.74250589125e-05,
        "dvar2": 0.000138554765726,
        "max": 0.104508750141,
        "mean": 0.00636155856773,
        "median": 0.00360602885485,
        "min": 5.20488185884e-08,
        "var": 6.06227076787e-05
    },
    "spectral_entropy": {
        "dmean": 0.0968077853322,
        "dmean2": 0.138532489538,
        "dvar": 0.00750648649409,
        "dvar2": 0.0149223580956,
        "max": 8.58169841766,
        "mean": 7.90443229675,
        "median": 7.89361953735,
        "min": 7.17366838455,
        "var": 0.0379188545048
    },
    "spectral_flux": {
        "dmean": 0.0235502291471,
        "dmean2": 0.0348008051515,
        "dvar": 0.000669158704113,
        "dvar2": 0.00135430856608,
        "max": 0.318724215031,
        "mean": 0.0891730934381,
        "median": 0.0844039395452,
        "min": 0.000366939493688,
        "var": 0.00156688806601
    },
    "spectral_kurtosis": {
        "dmean": 1.307903409,
        "dmean2": 2.28051161766,
        "dvar": 1.8060477972,
        "dvar2": 5.32421398163,
        "max": 11.9904756546,
        "mean": 1.7322717905,
        "median": 1.33734989166,
        "min": -1.00197303295,
        "var": 2.55391073227
    },
    "spectral_rms": {
        "dmean": 0.000823256326839,
        "dmean2": 0.00111700582784,
        "dvar": 7.3380459753e-07,
        "dvar2": 1.44541115787e-06,
        "max": 0.0109655829147,
        "mean": 0.00412993645296,
        "median": 0.00407487340271,
        "min": 1.14612639663e-05,
        "var": 2.11455426324e-06
    },
    "spectral_rolloff": {
        "dmean": 817.061584473,
        "dmean2": 1271.86767578,
        "dvar": 827861.5625,
        "dvar2": 1781516.75,
        "max": 9108.54492188,
        "mean": 3138.5144043,
        "median": 2906.98242188,
        "min": 129.19921875,
        "var": 2216308.25
    },
    "spectral_skewness": {
        "dmean": 0.187486231327,
        "dmean2": 0.309077203274,
        "dvar": 0.0281789153814,
        "dvar2": 0.0775799378753,
        "max": 2.56092143059,
        "mean": 0.711334109306,
        "median": 0.712962090969,
        "min": -0.230908334255,
        "var": 0.0547157265246
    },
    "spectral_spread": {
        "dmean": 377590,
        "dmean2": 488358.9375,
        "dvar": 164043522048,
        "dvar2": 248573231104,
        "max": 10476173,
        "mean": 3599111.75,
        "median": 3425302.25,
        "min": 2027078.25,
        "var": 872343076864
    },
    "spectral_strongpeak": {
        "dmean": 0.754048109055,
        "dmean2": 1.29568123817,
        "dvar": 1.55682730675,
        "dvar2": 4.01133155823,
        "max": 12.6421747208,
        "mean": 0.962993383408,
        "median": 0.317684799433,
        "min": 0,
        "var": 2.03213047981
    },
    "zerocrossingrate": {
        "dmean": 0.0136109814048,
        "dmean2": 0.015576380305,
        "dvar": 0.000198003646801,
        "dvar2": 0.000222954055062,
        "max": 0.3310546875,
        "mean": 0.0975967049599,
        "median": 0.0927734375,
        "min": 0.0244140625,
        "var": 0.00135829090141
    },
    "barkbands": {
        "dmean": [0.000393048598198, 0.00173012900632, 0.00111742853187, 0.00229102396406, 0.00147963501513, 0.00046787559404, 0.000178367627086, 0.00059228495229, 0.000912991992664, 0.000291291798931, 0.000282618915662, 0.000332390598487, 0.000682437210344, 0.000526600924786, 0.000624089967459, 0.000401014753152, 0.00032004219247, 0.000408206455177, 0.000226954914979, 0.000431132037193, 0.000229057972319, 0.000315418088576, 0.000344412808772, 0.000165816178196, 2.22702419705e-05, 1.95501552724e-08, 8.13006273415e-10],
        "dmean2": [0.000578792416491, 0.00258857407607, 0.00193681882229, 0.00388675113209, 0.00254457886331, 0.000775766500738, 0.000296048005112, 0.000950815971009, 0.00145898561459, 0.000471955776447, 0.000460469658719, 0.000539793691132, 0.00111632165499, 0.000820321263745, 0.00100922118872, 0.000634949654341, 0.000513758335728, 0.000642560538836, 0.000351840193616, 0.000656328105833, 0.000331881747115, 0.00042082607979, 0.000475346751045, 0.000218782326556, 3.16364130413e-05, 2.79275305104e-08, 1.5066298209e-09],
        "dvar": [1.86584756534e-07, 1.29551772261e-05, 4.03905232815e-06, 2.64003210759e-05, 8.23565915198e-06, 6.21394804057e-07, 1.82618151712e-07, 2.41678526436e-06, 3.87029103877e-06, 3.67817449387e-07, 4.32112983617e-07, 4.41364647941e-07, 3.14838007398e-06, 1.05761262148e-06, 1.52950610754e-06, 5.99603083629e-07, 1.76517616524e-07, 3.73209559257e-07, 9.37823969593e-08, 4.06599980352e-07, 1.85961212651e-07, 5.0847535249e-07, 1.56697024067e-06, 2.16903004002e-07, 5.39882938355e-09, 6.56294002433e-15, 1.26543041366e-18],
        "dvar2": [4.24808121124e-07, 2.94754463539e-05, 1.08842523332e-05, 6.67140557198e-05, 2.20165456994e-05, 1.58287957674e-06, 4.86269641442e-07, 6.10038568993e-06, 9.54910865403e-06, 9.08642391551e-07, 1.05043898202e-06, 1.11625581667e-06, 8.20912737254e-06, 2.41717862082e-06, 3.97539042751e-06, 1.35303503157e-06, 4.16287065264e-07, 8.61217358761e-07, 2.20635612891e-07, 9.16426188269e-07, 4.25735578347e-07, 8.74760587521e-07, 2.95340169032e-06, 3.42913068607e-07, 1.17410152711e-08, 1.47184154919e-14, 3.95950059328e-18],
        "max": [0.00381009094417, 0.0354222878814, 0.0272272899747, 0.0685969442129, 0.031032724306, 0.00944756809622, 0.00905139464885, 0.0249432455748, 0.0301055200398, 0.011432569474, 0.0142971966416, 0.0092014465481, 0.0364992134273, 0.015733005479, 0.0273410752416, 0.0138298561797, 0.006457622163, 0.00968354567885, 0.00527497241274, 0.0141494572163, 0.00822505448014, 0.023608809337, 0.0369817838073, 0.0183319915086, 0.00159504497424, 2.33198966271e-06, 1.1074795303e-08],
        "mean": [0.000530799443368, 0.00198540184647, 0.00134595646523, 0.00185144110583, 0.00159079488367, 0.000615581520833, 0.000237943837419, 0.000722536933608, 0.00120247527957, 0.000415187998442, 0.000397985131713, 0.000524471979588, 0.001016980852, 0.000802461290732, 0.000973115907982, 0.000749832252041, 0.000638265861198, 0.000764851109125, 0.00047978720977, 0.000938896962907, 0.000455435743788, 0.000559247622732, 0.000543964270037, 0.000277046201518, 2.97021051665e-05, 2.41093847109e-08, 6.52890019825e-10],
        "median": [0.000319626589771, 0.000461541290861, 0.000779263093136, 0.000375041738153, 0.00067456450779, 0.00035044804099, 0.00013938320626, 0.000218635846977, 0.00042756809853, 0.000197189991013, 0.000126657731016, 0.000237896165345, 0.000340481637977, 0.000303158187307, 0.000383465434425, 0.000404483522289, 0.000451675994555, 0.00042888786993, 0.000338738871505, 0.000642764905933, 0.000237235246459, 0.00030668641557, 0.000201963994186, 9.19402737054e-05, 5.19482000527e-06, 4.16589251984e-09, 2.62911525883e-10],
        "min": [2.53542215001e-10, 1.44795802015e-08, 1.02723722861e-08, 1.23341603597e-08, 2.97295503771e-08, 2.72624922637e-09, 2.3521564696e-09, 2.92082025233e-09, 1.87660198492e-09, 6.95334567702e-10, 1.51177070862e-09, 9.98087168469e-10, 5.45160627752e-09, 5.12544406917e-09, 5.98243365957e-09, 8.62387494749e-09, 8.62825011438e-09, 4.37379732432e-09, 7.09432779189e-09, 6.87227785789e-09, 1.83392534492e-09, 2.36834607481e-10, 1.38743669331e-10, 9.12212944071e-11, 1.72726503239e-11, 8.45390077386e-12, 3.61232484897e-12],
        "var": [3.37424523877e-07, 1.51842095875e-05, 3.57106182491e-06, 2.10788730328e-05, 6.98700614521e-06, 7.34961815851e-07, 1.88106355381e-07, 2.7442965802e-06, 4.64377626486e-06, 5.21923539054e-07, 7.01518047208e-07, 8.07027504379e-07, 4.62500111098e-06, 1.87089096926e-06, 2.48047695095e-06, 1.23303345845e-06, 3.60587193882e-07, 8.75223918229e-07, 2.18117961026e-07, 9.01844316559e-07, 4.03563518603e-07, 1.03987099465e-06, 2.73595492217e-06, 7.48125273731e-07, 9.60985779841e-09, 9.02330984996e-15, 1.02515512523e-18]
    },
    "erbbands": {
        "dmean": [0.0455305948853, 0.427977144718, 1.21027255058, 4.35440301895, 7.49502325058, 3.92237997055, 3.93842101097, 3.52044510841, 2.45601916313, 4.91287994385, 16.0767002106, 21.4975948334, 10.6898002625, 9.91033172607, 9.92948532104, 15.511267662, 28.8612575531, 23.2532310486, 31.7058143616, 26.3266181946, 19.4744224548, 16.6989803314, 22.8942317963, 11.9947824478, 13.8958244324, 20.8338775635, 11.2877082825, 9.66627120972, 11.0227508545, 12.5249519348, 8.48561382294, 4.62917613983, 2.14879584312, 0.499534934759, 0.0212505701929, 0.00107258209027, 9.42154365475e-05, 1.90809150808e-05, 8.69058112585e-06, 1.07987161755e-05],
        "dmean2": [0.0694149658084, 0.651783525944, 2.08347988129, 7.41299390793, 12.7683782578, 6.74243879318, 6.63781690598, 5.81872272491, 4.07487916946, 8.18278884888, 25.8148708344, 34.2182006836, 16.9143733978, 15.7686109543, 16.2402191162, 24.9961605072, 46.5624313354, 36.7435874939, 49.8243217468, 41.4250526428, 30.3646621704, 26.4897842407, 36.3965301514, 18.1284103394, 21.3246612549, 31.7998600006, 16.8423843384, 13.9315385818, 14.9373006821, 17.2163009644, 11.5556764603, 6.09135532379, 2.9408018589, 0.683761954308, 0.0294518843293, 0.00145964242984, 0.000123677891679, 2.46908166446e-05, 1.09386337499e-05, 1.44399555211e-05],
        "dvar": [0.00893272459507, 0.802005290985, 5.17507791519, 76.1136474609, 276.737091064, 49.4207000732, 50.6106338501, 45.4557228088, 27.4127006531, 363.2996521, 1323.9864502, 2564.28369141, 419.458984375, 539.965820312, 441.824890137, 945.410522461, 6696.7421875, 2093.46386719, 3267.20214844, 2940.82666016, 996.536193848, 523.777038574, 1230.2364502, 284.940032959, 300.622131348, 1062.41223145, 503.995544434, 285.936126709, 545.272827148, 2052.55712891, 783.981323242, 167.027709961, 44.3789482117, 2.57236933708, 0.00709862913936, 1.59542087204e-05, 8.04094852924e-08, 2.7813531478e-09, 2.91040136435e-10, 1.88287524461e-10],
        "dvar2": [0.0198364350945, 1.91691195965, 13.8654632568, 195.888748169, 707.759765625, 128.65663147, 134.484176636, 114.861656189, 72.0715179443, 997.134277344, 3322.94921875, 6146.69921875, 1017.95758057, 1411.88208008, 1055.0847168, 2390.4152832, 17391.3515625, 4970.96240234, 7828.60302734, 7198.37988281, 2274.25097656, 1268.51074219, 2867.54785156, 640.036437988, 691.911437988, 2432.05029297, 1227.90356445, 614.102416992, 1008.45629883, 3560.96948242, 1511.6361084, 257.611053467, 89.8958892822, 5.34758424759, 0.0151870753616, 3.35093318427e-05, 1.53614976739e-07, 4.98272534344e-09, 4.93877216901e-10, 3.38808314737e-10],
        "max": [0.776317119598, 8.7365026474, 25.4727497101, 118.140846252, 225.742080688, 73.1735916138, 81.4587097168, 94.6351852417, 117.038619995, 429.362762451, 649.442565918, 773.774841309, 366.651794434, 421.905303955, 347.486572266, 425.850585938, 1660.82055664, 805.772460938, 1045.84350586, 713.52746582, 658.328735352, 392.535339355, 526.121704102, 283.327270508, 290.880371094, 795.408752441, 585.43347168, 283.262359619, 713.53692627, 1575.93603516, 755.659606934, 516.655212402, 240.915405273, 41.7465057373, 1.6311634779, 0.0770628526807, 0.0072377291508, 0.00135088083334, 0.000412879919168, 0.000279417843558],
        "mean": [0.0498327054083, 0.486760646105, 1.45951282978, 3.97622179985, 6.57226085663, 4.72286272049, 5.00041913986, 4.53300666809, 3.38771772385, 6.17791938782, 20.7534866333, 28.5349006653, 17.0021495819, 15.1654949188, 15.8673467636, 26.4062919617, 45.0433197021, 39.1481399536, 52.2406158447, 45.6506881714, 40.5957717896, 36.1844558716, 44.2030181885, 26.0111846924, 32.0409126282, 44.3195037842, 23.1961917877, 18.2636375427, 19.3822174072, 20.4908771515, 13.457118988, 7.91026306152, 3.33901047707, 0.718831121922, 0.0274487324059, 0.00149878184311, 0.000160576222697, 3.63398830814e-05, 2.18151508307e-05, 2.90390034934e-05],
        "median": [0.00905273854733, 0.136527001858, 0.825546205044, 1.34396219254, 1.68221366405, 2.02825784683, 2.6537733078, 2.38866496086, 2.15244054794, 2.76469659805, 7.33321237564, 10.5290365219, 8.66243553162, 6.38153219223, 6.3419675827, 12.0365905762, 16.8640117645, 17.6398601532, 21.3717155457, 18.2574138641, 25.8086795807, 25.2009277344, 25.8132305145, 16.9095344543, 23.5081424713, 29.5211467743, 12.7893209457, 9.13606929779, 10.4296741486, 9.38276576996, 4.85450458527, 2.7622320652, 0.955675125122, 0.145719498396, 0.00454424368218, 0.000332387833623, 5.91608913965e-05, 1.72623640537e-05, 1.61754087458e-05, 2.48805754381e-05],
        "min": [1.80120764526e-07, 4.08080950365e-06, 1.35274531203e-05, 2.38713037106e-05, 0.000101167010143, 8.81227679201e-05, 1.8036002075e-05, 2.85931728286e-05, 4.4461186917e-05, 4.07278421335e-05, 4.54322362202e-05, 4.71861530968e-05, 2.60586693912e-05, 3.05787252728e-05, 6.28774942015e-05, 6.26330438536e-05, 0.000248630763963, 0.000284500478301, 0.000338031735737, 0.000225649157073, 0.000626355002169, 0.000402735196985, 0.000255110760918, 0.000346485234331, 0.000336108496413, 0.00036325288238, 0.00013454099826, 3.77235155611e-05, 7.70576207287e-06, 6.54472569295e-06, 3.89599517803e-06, 2.42256442107e-06, 1.0773375152e-06, 2.94143035262e-07, 8.58332640519e-08, 3.2477576184e-08, 1.74951804155e-08, 7.07737557448e-09, 2.10260631128e-09, 3.63504587542e-10],
        "var": [0.0105148535222, 0.875944137573, 4.43000602722, 60.6646385193, 223.990493774, 51.1123504639, 49.3590736389, 54.0800857544, 27.4605026245, 318.225128174, 1585.84277344, 3002.72705078, 774.464660645, 728.872619629, 763.232543945, 1900.51452637, 9688.30175781, 3479.06274414, 6288.24414062, 5187.29443359, 2308.73413086, 1139.94128418, 2836.19067383, 751.327270508, 783.52947998, 2207.44262695, 990.795776367, 635.873962402, 1055.46691895, 3657.90283203, 1455.68017578, 585.129455566, 108.762863159, 5.28153324127, 0.0110886404291, 2.74339090538e-05, 1.88758278341e-07, 7.07864700189e-09, 7.87195642005e-10, 5.0090942505e-10]
    },
    "gfcc": {
        "mean": [-8.7380027771, 103.698669434, -178.253890991, 74.1242904663, -70.4740829468, 19.7610340118, -28.7365894318, -9.39081573486, -3.48956441879, -22.6888427734, 0.833267271519, -25.7449913025, -0.397475779057],
        "cov": [[2861.26220703, -998.716430664, 147.723724365, 127.956924438, -492.190551758, 426.528167725, -135.008178711, 57.4463348389, 13.6677217484, -45.6946182251, -121.785194397, 67.2994918823, -51.1424446106], [-998.716430664, 1037.52270508, -142.05960083, -90.0348358154, 411.684936523, -311.773956299, 228.117401123, -45.8620567322, 27.9644813538, 5.29593753815, 109.444602966, -88.0018081665, 17.3327617645], [147.723724365, -142.05960083, 443.653625488, 153.13861084, -50.0164299011, 128.378768921, -160.352203369, 59.0976219177, -15.8286151886, 2.06601929665, -7.43117856979, 13.2775430679, -2.77913045883], [127.956924438, -90.0348358154, 153.13861084, 152.398422241, 25.5149116516, 43.1444396973, -45.6602363586, 23.0253829956, 25.5598487854, 7.57445764542, -17.5136089325, 19.1195526123, 19.3232059479], [-492.190551758, 411.684936523, -50.0164299011, 25.5149116516, 292.976989746, -87.8776168823, 122.782264709, 7.20241546631, 35.8474655151, 25.0973529816, 47.0228004456, -26.507183075, 37.5674591064], [426.528167725, -311.773956299, 128.378768921, 43.1444396973, -87.8776168823, 265.41897583, -2.48116326332, 64.5020904541, 10.7251911163, 17.0116157532, 10.5054044724, 44.7689094543, -4.69992113113], [-135.008178711, 228.117401123, -160.352203369, -45.6602363586, 122.782264709, -2.48116326332, 233.71862793, 20.2943878174, 33.7266921997, 23.6118736267, 59.3028831482, 6.14709711075, -0.724930882454], [57.4463348389, -45.8620567322, 59.0976219177, 23.0253829956, 7.20241546631, 64.5020904541, 20.2943878174, 95.3556976318, 43.6739616394, 26.1336631775, 17.6043682098, 11.6408281326, 10.7365903854], [13.6677217484, 27.9644813538, -15.8286151886, 25.5598487854, 35.8474655151, 10.7251911163, 33.7266921997, 43.6739616394, 122.068099976, 51.4988861084, -0.577904164791, 11.5457239151, 19.7379455566], [-45.6946182251, 5.29593753815, 2.06601929665, 7.57445764542, 25.0973529816, 17.0116157532, 23.6118736267, 26.1336631775, 51.4988861084, 65.3379440308, 31.3522319794, 16.2656955719, 15.6076927185], [-121.785194397, 109.444602966, -7.43117856979, -17.5136089325, 47.0228004456, 10.5054044724, 59.3028831482, 17.6043682098, -0.577904164791, 31.3522319794, 91.7678756714, 27.4397602081, 0.820923984051], [67.2994918823, -88.0018081665, 13.2775430679, 19.1195526123, -26.507183075, 44.7689094543, 6.14709711075, 11.6408281326, 11.5457239151, 16.2656955719, 27.4397602081, 60.0915298462, 23.4694728851], [-51.1424446106, 17.3327617645, -2.77913045883, 19.3232059479, 37.5674591064, -4.69992113113, -0.724930882454, 10.7365903854, 19.7379455566, 15.6076927185, 0.820923984051, 23.4694728851, 59.4001693726]],
        "icov": [[0.000703686499037, -3.19010687235e-05, 0.000441868469352, -0.00111217971426, 0.00128855765797, -0.000941145757679, -0.000185790777323, 7.65988515923e-05, -0.000314371020067, 0.000545368704479, -5.41961053386e-05, 0.000723175995518, -0.000231702200836], [-3.19010687235e-05, 0.0107857082039, -0.00719917844981, 0.00800828728825, -0.00758143886924, 0.00890582706779, -0.00738820387051, 0.00648735230789, -0.00841376744211, 0.0103293191642, -0.0124662397429, 0.011282723397, -0.0060838018544], [0.000441868469352, -0.00719917844981, 0.0115479193628, -0.0110906558111, 0.00518132187426, -0.00847240071744, 0.00923707149923, -0.00728458818048, 0.0071786348708, -0.00674960529432, 0.00560810416937, -0.00525776483119, 0.0054994225502], [-0.00111217971426, 0.00800828728825, -0.0110906558111, 0.0219680201262, -0.0115869352594, 0.00797095615417, -0.00495471758768, 0.00529863405973, -0.00790311116725, 0.00679543893784, -0.00248333672062, -0.00129350810312, -0.00263299117796], [0.00128855765797, -0.00758143886924, 0.00518132187426, -0.0115869352594, 0.017137285322, -0.0060116876848, -2.22134531214e-05, -0.0026779670734, 0.00360910897143, -0.00479910802096, 0.00179878226481, 0.00436433963478, -0.005184460897], [-0.000941145757679, 0.00890582706779, -0.00847240071744, 0.00797095615417, -0.0060116876848, 0.0153603218496, -0.00827653985471, 0.0020728034433, -0.00527988420799, 0.00625468138605, -0.00812337454408, 0.00408020243049, -0.00324548990466], [-0.000185790777323, -0.00738820387051, 0.00923707149923, -0.00495471758768, -2.22134531214e-05, -0.00827653985471, 0.0161276701838, -0.00711296265945, 0.00489881681278, -0.00605057552457, 0.00540796248242, -0.0104378797114, 0.00889288727194], [7.65988515923e-05, 0.00648735230789, -0.00728458818048, 0.00529863405973, -0.0026779670734, 0.0020728034433, -0.00711296265945, 0.0222018174827, -0.0118565345183, 0.00746291596442, -0.0119302496314, 0.0121837090701, -0.00880378205329], [-0.000314371020067, -0.00841376744211, 0.0071786348708, -0.00790311116725, 0.00360910897143, -0.00527988420799, 0.00489881681278, -0.0118565345183, 0.024762365967, -0.0226465016603, 0.0184783097357, -0.0137050878257, 0.00747562246397], [0.000545368704479, 0.0103293191642, -0.00674960529432, 0.00679543893784, -0.00479910802096, 0.00625468138605, -0.00605057552457, 0.00746291596442, -0.0226465016603, 0.0431694611907, -0.0261190477759, 0.0157768167555, -0.0126539971679], [-5.41961053386e-05, -0.0124662397429, 0.00560810416937, -0.00248333672062, 0.00179878226481, -0.00812337454408, 0.00540796248242, -0.0119302496314, 0.0184783097357, -0.0261190477759, 0.0433811880648, -0.0335493199527, 0.0184820424765], [0.000723175995518, 0.011282723397, -0.00525776483119, -0.00129350810312, 0.00436433963478, 0.00408020243049, -0.0104378797114, 0.0121837090701, -0.0137050878257, 0.0157768167555, -0.0335493199527, 0.0564023330808, -0.0286745466292], [-0.000231702200836, -0.0060838018544, 0.0054994225502, -0.00263299117796, -0.005184460897, -0.00324548990466, 0.00889288727194, -0.00880378205329, 0.00747562246397, -0.0126539971679, 0.0184820424765, -0.0286745466292, 0.0361614115536]]
    },
    "melbands": {
        "dmean": [0.000456559588201, 0.000578971521463, 0.000897909107152, 0.000399188545998, 0.000135653637699, 7.96300519141e-05, 3.69677982235e-05, 6.45984910079e-05, 0.000144467150676, 0.000130574015202, 5.25256291439e-05, 4.02031801059e-05, 3.8241603761e-05, 3.39519137924e-05, 6.10550559941e-05, 6.02364489168e-05, 4.50503794127e-05, 5.47264135093e-05, 4.49621511507e-05, 3.18577003782e-05, 2.38342490775e-05, 1.81568848348e-05, 2.12384147744e-05, 2.20075344259e-05, 9.46628370002e-06, 8.97295012692e-06, 1.48018107211e-05, 1.46952143041e-05, 8.4940720626e-06, 5.23436074218e-06, 6.28037059869e-06, 6.63071750751e-06, 6.30348176855e-06, 7.8339526226e-06, 5.56064014745e-06, 3.64118568541e-06, 2.68576377493e-06, 1.78138611773e-06, 8.91859031071e-07, 2.50406316127e-07],
        "dmean2": [0.000673915026709, 0.000946139800362, 0.00152263196651, 0.000675372546539, 0.000227730182814, 0.000131620676257, 6.11007562838e-05, 0.000106769322883, 0.000234379665926, 0.000208001874853, 8.33503145259e-05, 6.42248487566e-05, 6.24360618531e-05, 5.49327705812e-05, 9.93973008008e-05, 9.73865899141e-05, 7.13361150702e-05, 8.63239329192e-05, 7.23072662367e-05, 5.01970171172e-05, 3.79429366149e-05, 2.96780981444e-05, 3.35701552103e-05, 3.50104601239e-05, 1.47460905282e-05, 1.40921320053e-05, 2.31187768804e-05, 2.26041120186e-05, 1.30219041239e-05, 7.84586154623e-06, 9.28500867303e-06, 9.33130286285e-06, 8.73097451404e-06, 1.10859973574e-05, 7.69225880504e-06, 5.09171286467e-06, 3.57839940079e-06, 2.45786281994e-06, 1.23191978219e-06, 3.55529266471e-07],
        "dvar": [8.53197548167e-07, 1.20945082926e-06, 3.58865827366e-06, 6.21786114152e-07, 5.7570694878e-08, 2.13420356943e-08, 6.31142205165e-09, 5.63382585028e-08, 9.66322915019e-08, 8.60655973156e-08, 1.07006430383e-08, 9.10939146337e-09, 7.71899966168e-09, 4.79418904575e-09, 2.86983432574e-08, 1.84739121778e-08, 8.2522895184e-09, 1.01669748176e-08, 1.01912407402e-08, 5.0326995904e-09, 1.37902966824e-09, 6.09750527847e-10, 9.76447922518e-10, 1.4097135681e-09, 1.9351263647e-10, 1.44868297913e-10, 3.5167568857e-10, 6.32340402262e-10, 2.72537159507e-10, 9.73372424329e-11, 1.24034171822e-10, 1.64515637224e-10, 3.3174077374e-10, 9.2804874896e-10, 3.68900104908e-10, 1.16068307743e-10, 5.55674742331e-11, 3.23399224067e-11, 7.28925773907e-12, 8.57796743792e-13],
        "dvar2": [1.86742772712e-06, 3.10355972033e-06, 9.09376012714e-06, 1.62227900091e-06, 1.50781843899e-07, 5.36418660602e-08, 1.66355089704e-08, 1.50360477846e-07, 2.45705393809e-07, 2.04786147151e-07, 2.58420271848e-08, 2.37758950306e-08, 1.84335124942e-08, 1.21575896017e-08, 7.47167945292e-08, 4.72873686874e-08, 1.96197049718e-08, 2.31024959163e-08, 2.6445444945e-08, 1.18409948513e-08, 3.18621862228e-09, 1.50714940528e-09, 2.26494245581e-09, 3.39517369774e-09, 4.53474119366e-10, 3.49482109918e-10, 8.45734038357e-10, 1.48699685898e-09, 6.58579801804e-10, 2.32515465215e-10, 2.74041705994e-10, 3.31082300464e-10, 6.01712513149e-10, 1.68119707045e-09, 7.63547225446e-10, 2.21688056801e-10, 8.31118299183e-11, 6.60447321832e-11, 1.67079093616e-11, 1.81474930569e-12],
        "max": [0.00869145803154, 0.00962388794869, 0.0261915065348, 0.00924764573574, 0.00270196958445, 0.00204750010744, 0.00192183442414, 0.00558727188036, 0.0049414653331, 0.00430091330782, 0.00180325214751, 0.0017223827308, 0.00177893612999, 0.00122342945542, 0.00379057135433, 0.00228222762235, 0.00166436808649, 0.00121215858962, 0.00219996110536, 0.00128746510018, 0.000650481495541, 0.000419909280026, 0.000430208456237, 0.000737996713724, 0.000268641626462, 0.000177780151716, 0.000308580056299, 0.000661646830849, 0.000432859669672, 0.000173322332557, 0.000174095315742, 0.000293721386697, 0.00068960362114, 0.000997651135549, 0.00053390552057, 0.000345579435816, 0.000315282348311, 0.000204412848689, 7.3476745456e-05, 2.01098700927e-05],
        "mean": [0.000534594117198, 0.000727106642444, 0.000812947924715, 0.000401544297347, 0.000180287926923, 0.000105281120341, 5.076609159e-05, 7.88313263911e-05, 0.000183810916496, 0.00017403633683, 8.02583672339e-05, 5.90967829339e-05, 5.59657746635e-05, 5.27122392668e-05, 9.41621765378e-05, 9.25450513023e-05, 6.97826908436e-05, 8.44862152007e-05, 7.0459478593e-05, 5.42381203559e-05, 4.59666734969e-05, 3.57946009899e-05, 3.93834707211e-05, 3.85671737604e-05, 1.83824940905e-05, 1.844437611e-05, 3.08586822939e-05, 2.90434873023e-05, 1.60709860211e-05, 9.82398341876e-06, 1.09203365355e-05, 1.10939026854e-05, 1.05960152723e-05, 1.20423092085e-05, 8.25243751024e-06, 5.87280692343e-06, 4.4511566557e-06, 2.66566758e-06, 1.28158887946e-06, 3.18720850601e-07],
        "median": [0.000124507540022, 0.000396726711188, 0.000255081104115, 0.000143363693496, 9.46131185628e-05, 5.85904635955e-05, 3.16917103191e-05, 3.19396858686e-05, 6.47805863991e-05, 5.93241275055e-05, 3.86443571188e-05, 2.33344053413e-05, 1.8819628167e-05, 2.34018207266e-05, 3.19741302519e-05, 3.68490836991e-05, 2.83881618088e-05, 3.22797859553e-05, 2.53715716099e-05, 2.42255737248e-05, 3.08837879857e-05, 2.59784428636e-05, 2.24418890866e-05, 1.90699811355e-05, 1.2005568351e-05, 1.31447723106e-05, 2.23113347602e-05, 1.80735205504e-05, 8.44227633934e-06, 4.8230340326e-06, 5.31115711055e-06, 5.73428633288e-06, 5.68133555134e-06, 4.93840161653e-06, 2.84238717541e-06, 1.94443941837e-06, 1.47628475133e-06, 7.18765022611e-07, 2.70018830406e-07, 4.73969805626e-08],
        "min": [2.87486390249e-09, 6.66228050505e-09, 6.45182751668e-09, 7.97063837155e-09, 9.37965816128e-10, 6.35180796849e-10, 6.19016615744e-10, 5.29329247101e-10, 3.36167954584e-10, 2.97320945641e-10, 1.21919585538e-10, 1.09166849172e-10, 2.33060765131e-10, 7.93451138126e-11, 3.51342344107e-10, 5.41326927728e-10, 5.57691393066e-10, 5.31309718443e-10, 3.63407498538e-10, 3.42204153903e-10, 8.71544836301e-10, 4.75728345606e-10, 2.77233819235e-10, 1.88381976685e-10, 2.97171176555e-10, 2.47728032532e-10, 2.08967787518e-10, 2.61815652491e-10, 9.74228545059e-11, 4.1482348806e-11, 1.16912746845e-11, 3.55370897639e-12, 4.73472649976e-12, 3.21911789759e-12, 2.76411467499e-12, 1.29992826399e-12, 1.58388374031e-12, 9.22623089039e-13, 2.79417792072e-13, 2.34759043802e-13],
        "var": [1.05783976778e-06, 1.18423758977e-06, 2.90260118163e-06, 5.34196942681e-07, 6.0965810178e-08, 2.59141010872e-08, 6.40422381792e-09, 5.18585352438e-08, 1.10163362876e-07, 1.06944654021e-07, 1.96963068078e-08, 1.20849970031e-08, 1.29629240675e-08, 7.76398056956e-09, 4.59535804964e-08, 2.72569486981e-08, 1.28043318171e-08, 1.91970919161e-08, 1.52250905217e-08, 9.27204979462e-09, 2.7380497869e-09, 1.14208220658e-09, 2.0024504277e-09, 3.12406922554e-09, 4.20122076017e-10, 3.06500713698e-10, 8.05873923149e-10, 1.16799303562e-09, 5.24376209121e-10, 1.95332472419e-10, 2.50015952385e-10, 3.10205888754e-10, 5.7262933284e-10, 1.57237378673e-09, 5.93618765254e-10, 3.04183844779e-10, 2.01513042364e-10, 7.35530594764e-11, 1.51943214954e-11, 1.39257062912e-12]
    },
    "mfcc": {
        "mean": [-610.83984375, 88.7021255493, -25.6696796417, 33.709777832, -1.64750862122, 16.3271045685, -5.00329494476, 8.76510715485, -5.30776834488, 12.1151409149, -6.60692071915, 1.68325972557, -6.50052309036],
        "cov": [[2878.71582031, -1067.58044434, 359.75201416, -305.506652832, -195.494277954, 150.226287842, -159.904846191, 159.26776123, 8.8145532608, -37.0790519714, 102.285461426, -103.745544434, -173.713577271], [-1067.58044434, 1111.33496094, -450.182128906, 264.361358643, 28.4708404541, -78.0394973755, 157.520996094, -70.7688598633, -8.31789302826, 63.4734840393, -32.2871246338, 87.8087844849, 82.6543655396], [359.75201416, -450.182128906, 573.434509277, -95.8215713501, 133.225250244, 13.6494207382, -65.7577285767, 26.5155220032, -26.4243812561, -36.5113525391, 12.5388069153, -29.3481769562, -1.98229038715], [-305.506652832, 264.361358643, -95.8215713501, 220.707427979, 63.6346473694, -22.721988678, 6.88449954987, -34.798915863, 27.3755683899, 7.97525215149, -28.1826076508, 15.6957197189, 31.5174255371], [-195.494277954, 28.4708404541, 133.225250244, 63.6346473694, 193.251525879, -6.12685489655, -3.75990772247, -20.7551746368, 26.4509944916, 15.0053043365, -28.0467567444, 2.03929805756, 30.0376987457], [150.226287842, -78.0394973755, 13.6494207382, -22.721988678, -6.12685489655, 106.94467926, 22.6489601135, 38.4503250122, 17.212146759, 12.3100690842, 24.2054405212, 5.52457761765, -11.851984024], [-159.904846191, 157.520996094, -65.7577285767, 6.88449954987, -3.75990772247, 22.6489601135, 162.355361938, 37.2654876709, -16.9204158783, 9.28195762634, 7.91017341614, 35.1639862061, 23.512834549], [159.26776123, -70.7688598633, 26.5155220032, -34.798915863, -20.7551746368, 38.4503250122, 37.2654876709, 88.5997085571, 16.5629806519, 16.5225086212, 30.8770751953, 9.55207061768, -0.230894982815], [8.8145532608, -8.31789302826, -26.4243812561, 27.3755683899, 26.4509944916, 17.212146759, -16.9204158783, 16.5629806519, 96.5507125854, 38.4200592041, 8.54746055603, -3.16914772987, 3.69848871231], [-37.0790519714, 63.4734840393, -36.5113525391, 7.97525215149, 15.0053043365, 12.3100690842, 9.28195762634, 16.5225086212, 38.4200592041, 72.3199462891, 30.0927696228, 20.4146575928, 15.6681976318], [102.285461426, -32.2871246338, 12.5388069153, -28.1826076508, -28.0467567444, 24.2054405212, 7.91017341614, 30.8770751953, 8.54746055603, 30.0927696228, 76.3169631958, 25.8650245667, 3.66580414772], [-103.745544434, 87.8087844849, -29.3481769562, 15.6957197189, 2.03929805756, 5.52457761765, 35.1639862061, 9.55207061768, -3.16914772987, 20.4146575928, 25.8650245667, 63.1486549377, 35.5940933228], [-173.713577271, 82.6543655396, -1.98229038715, 31.5174255371, 30.0376987457, -11.851984024, 23.512834549, -0.230894982815, 3.69848871231, 15.6681976318, 3.66580414772, 35.5940933228, 79.3795776367]],
