{
"lowlevel": {
    "average_loudness": 0.963071942329,
    "barkbands_crest": {
        "dmean": 1.96368336678,
        "dmean2": 3.26564383507,
        "dvar": 3.46129918098,
        "dvar2": 9.46085453033,
        "max": 19.1210365295,
        "mean": 7.98062515259,
        "median": 7.49443292618,
        "min": 2.99614953995,
        "var": 6.67232942581
    },
    "barkbands_flatness_db": {
        "dmean": 0.0171627700329,
        "dmean2": 0.0267363432795,
        "dvar": 0.00025722279679,
        "dvar2": 0.00059399852762,
        "max": 0.253214925528,
        "mean": 0.153440445662,
        "median": 0.152694568038,
        "min": 0.0727176815271,
        "var": 0.000790447928011
    },
    "barkbands_kurtosis": {
        "dmean": 1.80305659771,
        "dmean2": 2.84855914116,
        "dvar": 6.27925109863,
        "dvar2": 13.910528183,
        "max": 46.1846199036,
        "mean": 2.93673801422,
        "median": 1.359333992,
        "min": -1.64712560177,
        "var": 21.2961711884
    },
    "barkbands_skewness": {
        "dmean": 0.397928982973,
        "dmean2": 0.609192967415,
        "dvar": 0.155602425337,
        "dvar2": 0.353015959263,
        "max": 5.74147129059,
        "mean": 1.45655488968,
        "median": 1.36736273766,
        "min": -1.33923065662,
        "var": 0.863954782486
    },
    "barkbands_spread": {
        "dmean": 4.89357042313,
        "dmean2": 7.57952260971,
        "dvar": 31.5780849457,
        "dvar2": 73.1405105591,
        "max": 70.0908508301,
        "mean": 23.2624378204,
        "median": 22.3710021973,
        "min": 3.32207775116,
        "var": 96.2813262939
    },
    "dissonance": {
        "dmean": 0.0184678249061,
        "dmean2": 0.0309216957539,
        "dvar": 0.000281408982119,
        "dvar2": 0.000746970123146,
        "max": 0.4995405972,
        "mean": 0.462154388428,
        "median": 0.467556208372,
        "min": 0.325232952833,
        "var": 0.000605112698395
    },
    "dynamic_complexity": 1.41632115841,
    "erbbands_crest": {
        "dmean": 2.27747416496,
        "dmean2": 3.66717863083,
        "dvar": 5.12569093704,
        "dvar2": 12.4862794876,
        "max": 25.7442054749,
        "mean": 8.86528396606,
        "median": 8.08389091492,
        "min": 2.49246358871,
        "var": 15.3829679489
    },
    "erbbands_flatness_db": {
        "dmean": 0.0128899049014,
        "dmean2": 0.0185206886381,
        "dvar": 0.000154370834935,
        "dvar2": 0.00030837993836,
        "max": 0.294094115496,
        "mean": 0.170409098268,
        "median": 0.167034775019,
        "min": 0.101830288768,
        "var": 0.00104801787529
    },
    "erbbands_kurtosis": {
        "dmean": 0.63568341732,
        "dmean2": 0.972112834454,
        "dvar": 0.656431078911,
        "dvar2": 1.57634806633,
        "max": 14.1186962128,
        "mean": 0.33085629344,
        "median": -0.155992031097,
        "min": -1.66467475891,
        "var": 2.86446475983
    },
    "erbbands_skewness": {
        "dmean": 0.2877150774,
        "dmean2": 0.446738809347,
        "dvar": 0.0679823234677,
        "dvar2": 0.163247466087,
        "max": 3.23788928986,
        "mean": 0.255805879831,
        "median": 0.253369092941,
        "min": -1.76220297813,
        "var": 0.39823025465
    },
    "erbbands_spread": {
        "dmean": 7.40526676178,
        "dmean2": 10.7538566589,
        "dvar": 66.8746948242,
        "dvar2": 132.354949951,
        "max": 142.721664429,
        "mean": 42.7307739258,
        "median": 40.4902801514,
        "min": 6.50139570236,
        "var": 427.923339844
    },
    "hfc": {
        "dmean": 8.31062793732,
        "dmean2": 12.5127363205,
        "dvar": 174.768096924,
        "dvar2": 426.575836182,
        "max": 190.017120361,
        "mean": 28.2500267029,
        "median": 25.8327178955,
        "min": 0.000739636830986,
        "var": 312.709869385
    },
    "melbands_crest": {
        "dmean": 2.53069472313,
        "dmean2": 4.26599311829,
        "dvar": 5.55154657364,
        "dvar2": 14.72382164,
        "max": 25.9768714905,
        "mean": 10.9163942337,
        "median": 10.1903886795,
        "min": 4.35203790665,
        "var": 12.2656564713
    },
    "melbands_flatness_db": {
        "dmean": 0.0217868648469,
        "dmean2": 0.0329257100821,
        "dvar": 0.000477140361909,
        "dvar2": 0.00107617198955,
        "max": 0.330354481936,
        "mean": 0.183900684118,
        "median": 0.183289721608,
        "min": 0.0710847303271,
        "var": 0.00154786882922
    },
    "melbands_kurtosis": {
        "dmean": 4.89217329025,
        "dmean2": 7.52178382874,
        "dvar": 46.7515678406,
        "dvar2": 108.889953613,
        "max": 109.797515869,
        "mean": 12.0403985977,
        "median": 7.58500289917,
        "min": -1.58648133278,
        "var": 174.748062134
    },
    "melbands_skewness": {
        "dmean": 0.562679827213,
        "dmean2": 0.844884634018,
        "dvar": 0.325335890055,
        "dvar2": 0.731780827045,
        "max": 8.9031496048,
        "mean": 2.60902547836,
        "median": 2.36800956726,
        "min": -0.911059141159,
        "var": 1.89677989483
    },
    "melbands_spread": {
        "dmean": 5.30497980118,
        "dmean2": 8.32388019562,
        "dvar": 35.1403541565,
        "dvar2": 85.4074630737,
        "max": 76.3246994019,
        "mean": 23.1446418762,
        "median": 21.6889514923,
        "min": 2.24736762047,
        "var": 131.211624146
    },
    "pitch_salience": {
        "dmean": 0.0610001347959,
        "dmean2": 0.100179433823,
        "dvar": 0.0028535630554,
        "dvar2": 0.00737058091909,
        "max": 0.826133549213,
        "mean": 0.579310774803,
        "median": 0.578903675079,
        "min": 0.308044672012,
        "var": 0.00774012925103
    },
    "silence_rate_20dB": {
        "dmean": 0,
        "dmean2": 0,
        "dvar": 0,
        "dvar2": 0,
        "max": 1,
        "mean": 1,
        "median": 1,
        "min": 1,
        "var": 0
    },
    "silence_rate_30dB": {
        "dmean": 0.000774593325332,
        "dmean2": 0.00154978688806,
        "dvar": 0.000773989770096,
        "dvar2": 0.00232226261869,
        "max": 1,
        "mean": 0.999612867832,
        "median": 1,
        "min": 0,
        "var": 0.000387022679206
    },
    "silence_rate_60dB": {
        "dmean": 0.000774593325332,
        "dmean2": 0.00154978688806,
        "dvar": 0.000773989362642,
        "dvar2": 0.00154736766126,
        "max": 1,
        "mean": 0.0089043751359,
        "median": 0,
        "min": 0,
        "var": 0.0088249547407
    },
    "spectral_centroid": {
        "dmean": 206.224365234,
        "dmean2": 319.41317749,
        "dvar": 50772.3007812,
        "dvar2": 118887.15625,
        "max": 2853.41650391,
        "mean": 1189.09716797,
        "median": 1153.25964355,
        "min": 306.667205811,
        "var": 192851.734375
    },
    "spectral_complexity": {
        "dmean": 4.14562368393,
        "dmean2": 6.49283218384,
        "dvar": 20.809223175,
        "dvar2": 46.5313301086,
        "max": 54,
        "mean": 21.5656204224,
        "median": 21,
        "min": 0,
        "var": 51.5598373413
    },
    "spectral_decrease": {
        "dmean": 2.42377207194e-09,
        "dmean2": 3.84709331058e-09,
        "dvar": 8.71075944375e-18,
        "dvar2": 2.14491092665e-17,
        "max": -3.15197819017e-13,
        "mean": -9.39526856314e-09,
        "median": -8.90401086195e-09,
        "min": -4.12539264971e-08,
        "var": 1.58281556151e-17
    },
    "spectral_energy": {
        "dmean": 0.00967023056,
        "dmean2": 0.0152790127322,
        "dvar": 0.000137476978125,
        "dvar2": 0.000335291551892,
        "max": 0.159571379423,
        "mean": 0.0380222946405,
        "median": 0.036205098033,
        "min": 1.25670931084e-06,
        "var": 0.000256971630733
    },
    "spectral_energyband_high": {
        "dmean": 0.000659054610878,
        "dmean2": 0.00101282272954,
        "dvar": 1.9623719254e-06,
        "dvar2": 4.9402347031e-06,
        "max": 0.0210943017155,
        "mean": 0.00121565768495,
        "median": 0.000678150914609,
        "min": 9.99346738695e-09,
        "var": 2.45315368375e-06
    },
    "spectral_energyband_low": {
        "dmean": 0.00547003839165,
        "dmean2": 0.00910736527294,
        "dvar": 7.6053191151e-05,
        "dvar2": 0.000197674540686,
        "max": 0.125389263034,
        "mean": 0.0120080979541,
        "median": 0.00995889399201,
        "min": 1.12548470099e-07,
        "var": 8.55157122714e-05
    },
    "spectral_energyband_middle_high": {
        "dmean": 0.00230793724768,
        "dmean2": 0.00352643500082,
        "dvar": 1.11055032903e-05,
        "dvar2": 2.6175606763e-05,
        "max": 0.0468540154397,
        "mean": 0.00811634678394,
        "median": 0.00589368771762,
        "min": 8.16034173567e-08,
        "var": 5.05849420733e-05
    },
    "spectral_energyband_middle_low": {
        "dmean": 0.00555261969566,
        "dmean2": 0.00875331368297,
        "dvar": 3.78107542929e-05,
        "dvar2": 9.29724774323e-05,
        "max": 0.0873590633273,
        "mean": 0.0186801888049,
        "median": 0.0164941884577,
        "min": 1.06123911792e-06,
        "var": 0.000104836952232
    },
    "spectral_entropy": {
        "dmean": 0.149785876274,
        "dmean2": 0.210520491004,
        "dvar": 0.0229796785861,
        "dvar2": 0.0437447316945,
        "max": 8.29051113129,
        "mean": 7.51638412476,
        "median": 7.51392507553,
        "min": 6.65485239029,
        "var": 0.0908731967211
    },
    "spectral_flux": {
        "dmean": 0.0235407724977,
        "dmean2": 0.0345475003123,
        "dvar": 0.000585127272643,
        "dvar2": 0.00107758597005,
        "max": 0.317692816257,
        "mean": 0.0909382179379,
        "median": 0.0808608084917,
        "min": 0.00112103042193,
        "var": 0.00159743067343
    },
    "spectral_kurtosis": {
        "dmean": 1.30131828785,
        "dmean2": 2.14374065399,
        "dvar": 1.72447705269,
        "dvar2": 4.39055633545,
        "max": 16.1740493774,
        "mean": 2.72937130928,
        "median": 2.32215690613,
        "min": -0.975073575974,
        "var": 4.3331785202
    },
    "spectral_rms": {
        "dmean": 0.000748062739149,
        "dmean2": 0.00117511267308,
        "dvar": 6.39708161998e-07,
        "dvar2": 1.52621419147e-06,
        "max": 0.0124771548435,
        "mean": 0.00595095567405,
        "median": 0.00594323547557,
        "min": 3.50151094608e-05,
        "var": 1.68106714682e-06
    },
    "spectral_rolloff": {
        "dmean": 388.475830078,
        "dmean2": 661.916320801,
        "dvar": 466899.28125,
        "dvar2": 1156253.875,
        "max": 8010.3515625,
        "mean": 1258.06982422,
        "median": 1098.19335938,
        "min": 129.19921875,
        "var": 718963.375
    },
    "spectral_skewness": {
        "dmean": 0.205752044916,
        "dmean2": 0.321314662695,
        "dvar": 0.0399255417287,
        "dvar2": 0.0900763943791,
        "max": 3.5348534584,
        "mean": 1.32899439335,
        "median": 1.29281842709,
        "min": 0.249335005879,
        "var": 0.136472702026
    },
    "spectral_spread": {
        "dmean": 424185.15625,
        "dmean2": 587420.0625,
        "dvar": 210167873536,
        "dvar2": 366990622720,
        "max": 11320302,
        "mean": 4501209,
        "median": 4357143.5,
        "min": 1968898.625,
        "var": 1.11752760525e+12
    },
    "spectral_strongpeak": {
        "dmean": 0.740800023079,
        "dmean2": 1.27325618267,
        "dvar": 1.25992190838,
        "dvar2": 3.09170913696,
        "max": 10.0694360733,
        "mean": 1.27195429802,
        "median": 0.595354378223,
        "min": 0.00259833270684,
        "var": 2.31355309486
    },
    "zerocrossingrate": {
        "dmean": 0.00879946351051,
        "dmean2": 0.0105100600049,
        "dvar": 7.15503847459e-05,
        "dvar2": 9.11813767743e-05,
        "max": 0.1494140625,
        "mean": 0.057885620743,
        "median": 0.05419921875,
        "min": 0.00927734375,
        "var": 0.000449925020803
    },
    "barkbands": {
        "dmean": [0.00017883113469, 0.00376819283701, 0.00216348003596, 0.0015537540894, 0.00289983162656, 0.00176702276804, 0.00098295789212, 0.000735113513656, 0.00107165670488, 0.000631345494185, 0.00052873743698, 0.000677946431097, 0.000300275802147, 0.000517728272825, 0.000446899182862, 0.00037380651338, 0.000326533714542, 0.000230035700952, 0.000136624599691, 0.000148961014929, 0.000155051864567, 0.000168087412021, 0.000165021046996, 0.000144418794662, 3.66232161468e-05, 4.01655277926e-08, 7.38729433181e-09],
        "dmean2": [0.000274808611721, 0.00629813317209, 0.00374790048227, 0.00255310931243, 0.00479868613183, 0.00282298773527, 0.0015502643073, 0.00112446409184, 0.00161307747476, 0.000957547221333, 0.000805582501926, 0.00103445863351, 0.000474898435641, 0.000799723144155, 0.00069657957647, 0.000604841858149, 0.000513926963322, 0.000370935507817, 0.000226187126827, 0.000243231886998, 0.000253235048149, 0.000278997293208, 0.000268883042736, 0.000211625214433, 5.55644910492e-05, 6.52953673352e-08, 1.4134122317e-08],
        "dvar": [1.15969577053e-07, 4.26245533163e-05, 1.27365337903e-05, 4.12020699514e-06, 1.1087022358e-05, 7.4748231782e-06, 4.59667626274e-06, 3.89207252738e-06, 5.52901792616e-06, 1.87151863429e-06, 1.81880227501e-06, 2.55671238847e-06, 9.10283347366e-07, 1.17020135804e-06, 6.19176773853e-07, 4.91998491725e-07, 3.54200636821e-07, 1.55208198294e-07, 5.09928810288e-08, 7.23070385789e-08, 9.50947267597e-08, 2.14696498801e-07, 1.8278920777e-07, 8.07557256621e-08, 3.57071039403e-09, 1.10976062934e-14, 4.74667946279e-15],
        "dvar2": [2.63216406893e-07, 0.000109668355435, 3.56786658813e-05, 1.04112868939e-05, 3.03559772874e-05, 1.71844349097e-05, 1.09926068035e-05, 8.6315203589e-06, 1.25011220007e-05, 4.23047686127e-06, 3.78655886379e-06, 6.08249183642e-06, 2.44309876507e-06, 2.87558737e-06, 1.38189068366e-06, 1.15334114525e-06, 7.91016873336e-07, 3.62305996759e-07, 1.30134452547e-07, 1.83124242881e-07, 2.40769651327e-07, 5.70090946894e-07, 4.8698586852e-07, 1.80007930339e-07, 7.54488382881e-09, 3.0583984645e-14, 1.40622360083e-14],
        "max": [0.0047841030173, 0.0866749733686, 0.0524044558406, 0.0330232083797, 0.0504817254841, 0.0427226759493, 0.0433822087944, 0.0426237732172, 0.0355488471687, 0.0297879204154, 0.0264361053705, 0.0277127996087, 0.0292346850038, 0.0232532955706, 0.0132569493726, 0.0115492166951, 0.0110950106755, 0.00623474875465, 0.00298734009266, 0.00362637895159, 0.00329416058958, 0.00738264760002, 0.00714838085696, 0.00719612604007, 0.000736115616746, 2.34707249547e-06, 1.9111923848e-06],
        "mean": [0.000252554484177, 0.00619895849377, 0.0038898861967, 0.00322335818782, 0.00600886903703, 0.00372692197561, 0.00197808491066, 0.00114200636744, 0.00189830816817, 0.00128611538094, 0.00107177288737, 0.00149362452794, 0.000561957829632, 0.00108854018617, 0.000877219194081, 0.000628045119811, 0.00072381546488, 0.000426644372055, 0.000237431333517, 0.000274707534118, 0.000246137729846, 0.000222530696192, 0.000225652911467, 0.000273460609606, 6.56449774397e-05, 5.48791589949e-08, 4.45148495842e-09],
        "median": [4.87361467094e-05, 0.00461278855801, 0.00278787827119, 0.00243403040804, 0.00499423686415, 0.0021005384624, 0.000633014715277, 0.000457668473246, 0.0007528886199, 0.000396782095777, 0.000204581854632, 0.000309039489366, 0.000221189053264, 0.000333846110152, 0.000339807244018, 0.000298452941934, 0.000296930316836, 0.000222967981244, 0.000147615457536, 0.000152507986058, 0.000133397406898, 8.79398794496e-05, 7.91013007984e-05, 0.000130053362227, 3.06046895275e-05, 2.19249649547e-08, 5.96921512219e-10],
        "min": [1.90863929106e-08, 3.79702136399e-08, 5.09470794441e-08, 7.37035321663e-09, 6.71979023537e-08, 7.77399975505e-08, 9.51470653376e-08, 8.34182003473e-08, 2.77163024975e-07, 2.03561185685e-08, 1.88728965789e-09, 3.44999162571e-09, 3.50483886358e-09, 1.13482441222e-08, 2.57132004577e-08, 1.43247040896e-08, 3.1016833546e-09, 1.82126969062e-09, 3.36924099731e-10, 3.77143560826e-09, 4.21999657441e-10, 2.38053043944e-09, 2.66421684714e-09, 1.27292587582e-09, 1.1842991865e-11, 5.32570819042e-12, 7.16984674756e-12],
        "var": [2.5189808639e-07, 4.56415182271e-05, 1.4691198885e-05, 8.21776757221e-06, 2.03936688195e-05, 1.82413750736e-05, 1.67632679222e-05, 5.90148874835e-06, 9.97128427116e-06, 4.90899128636e-06, 6.55125313642e-06, 9.96778089757e-06, 1.24644122934e-06, 4.52306539955e-06, 1.93298387785e-06, 9.15301995974e-07, 1.31696026529e-06, 3.34143265945e-07, 7.24987643252e-08, 1.4102363366e-07, 1.11794435043e-07, 1.91774546465e-07, 1.7887950321e-07, 1.51642808532e-07, 8.15743472771e-09, 1.05561481052e-14, 2.48047902307e-15]
    },
    "erbbands": {
        "dmean": [0.0970711708069, 0.939091563225, 2.37322974205, 3.83444952965, 7.1891951561, 11.1580839157, 11.9260339737, 15.0997714996, 14.2445993423, 16.278181076, 15.3082590103, 25.3690338135, 23.6543483734, 15.9376850128, 22.5971736908, 28.9026489258, 14.4613733292, 25.4560909271, 20.6805725098, 21.293340683, 19.8811988831, 14.7282190323, 12.3136711121, 9.70934486389, 4.91160202026, 7.24612569809, 6.29835271835, 6.55226707458, 6.25444889069, 5.02723503113, 4.36936187744, 3.60917711258, 2.2361342907, 0.785322248936, 0.0451072193682, 0.00204480765387, 0.000125783408294, 2.14660067286e-05, 8.70994244906e-06, 1.20255963338e-05],
        "dmean2": [0.159488558769, 1.59010648727, 4.12532186508, 6.34429168701, 11.8982076645, 18.4646625519, 19.1975669861, 24.206735611, 22.934047699, 25.0765533447, 22.9193019867, 38.5342597961, 35.3236465454, 23.7540054321, 34.2381896973, 44.6566238403, 22.8329353333, 39.5370674133, 31.9963855743, 33.9931335449, 31.5106163025, 22.9083194733, 19.5439949036, 15.7580270767, 8.11097335815, 11.9133062363, 9.9925365448, 11.1486663818, 10.4746589661, 8.28843307495, 7.02106904984, 5.50735807419, 3.2654709816, 1.16002511978, 0.0692476853728, 0.00311330519617, 0.000184124539373, 3.24489628838e-05, 1.31768510983e-05, 1.87354071386e-05],
        "dvar": [0.0260575860739, 3.16379141808, 19.4128379822, 23.658039093, 72.3876571655, 220.429367065, 259.531860352, 671.276672363, 1074.79943848, 1681.46704102, 1387.46728516, 4252.44775391, 2056.14160156, 1316.49511719, 2455.234375, 5399.52587891, 1965.11254883, 2905.07080078, 1584.76843262, 1341.4309082, 1284.97729492, 799.202087402, 405.25994873, 248.219818115, 61.0499076843, 193.95072937, 103.551704407, 314.678894043, 324.528839111, 114.021484375, 135.975097656, 78.375289917, 20.3286190033, 1.68347871304, 0.00935525819659, 1.77598994924e-05, 5.8178855511e-08, 3.82928533327e-09, 2.79274714465e-10, 2.29562813203e-10],
        "dvar2": [0.0616787932813, 8.41529273987, 54.1872291565, 61.4580230713, 199.05557251, 597.116577148, 606.395324707, 1523.21740723, 2568.18481445, 3967.69775391, 3233.99804688, 10052.8857422, 4415.24414062, 2843.76831055, 5292.00830078, 12796.640625, 5337.15673828, 7160.29052734, 3565.62158203, 3154.19824219, 2931.88500977, 1914.36865234, 961.22479248, 579.746582031, 157.369262695, 505.278320312, 240.006515503, 850.61315918, 873.571411133, 296.731170654, 363.58605957, 197.652587891, 45.0456962585, 3.47678828239, 0.0212443526834, 3.9824135456e-05, 1.32107544459e-07, 1.0264038508e-08, 7.11616154891e-10, 5.51524159675e-10],
        "max": [2.23746180534, 23.6180038452, 72.775718689, 76.3405532837, 95.7791213989, 264.990203857, 364.040740967, 433.883148193, 632.786804199, 1207.11535645, 993.341430664, 1018.12316895, 1049.9979248, 774.355895996, 903.835449219, 1404.43774414, 1274.37683105, 1140.49377441, 786.267150879, 532.520751953, 754.177368164, 533.921020508, 306.211090088, 317.936706543, 83.1439819336, 234.108062744, 154.701690674, 228.460388184, 296.270294189, 124.12563324, 239.321868896, 134.748077393, 141.094085693, 23.4327468872, 1.32628023624, 0.0546860098839, 0.00389152881689, 0.00161400926299, 0.000382576865377, 0.000187577708857],
        "mean": [0.14908888936, 1.50600421429, 4.2780456543, 8.39581108093, 13.9593677521, 22.1339550018, 24.7584972382, 30.8098087311, 28.8027210236, 30.2899703979, 26.6432685852, 44.3631973267, 48.3708992004, 33.6221046448, 51.3194503784, 64.6976852417, 31.0019893646, 56.7573928833, 43.7397041321, 40.2471351624, 39.0910835266, 34.6630935669, 26.0168914795, 18.9985294342, 9.37039661407, 12.8548669815, 12.6987800598, 8.42845439911, 7.68854141235, 7.06358861923, 6.28080368042, 6.00188541412, 4.25015497208, 1.50856161118, 0.0667319595814, 0.00318690459244, 0.000241291490966, 4.17646260757e-05, 2.87951934297e-05, 4.73526924907e-05],
        "median": [0.0996325165033, 1.12446510792, 3.06663370132, 7.27809715271, 12.0183324814, 17.3078765869, 16.1425991058, 16.0511016846, 10.0334892273, 8.87857723236, 12.3011426926, 17.6473846436, 20.4162197113, 11.187335968, 14.9518404007, 16.4113101959, 14.9883766174, 18.1436500549, 20.0299568176, 19.0026245117, 20.2863559723, 15.9526357651, 13.6410856247, 10.4725723267, 6.61883068085, 7.06805944443, 6.85704565048, 4.19843530655, 2.95838189125, 2.54012513161, 2.27575612068, 2.51738190651, 2.22256469727, 0.755178630352, 0.0240403935313, 0.00125131208915, 0.000122253884911, 2.2735024686e-05, 2.46481595241e-05, 4.49635626865e-05],
        "min": [2.08566916626e-06, 5.59861746297e-06, 4.63367832708e-05, 4.95330241392e-05, 5.10751997354e-05, 0.000262200512225, 0.000381212070351, 0.000952408881858, 0.00264364015311, 0.00152599369176, 0.00263355975039, 0.00680570583791, 0.00194299058057, 0.000208979050512, 0.000108323991299, 0.000123893623822, 0.000167226186022, 0.00049151229905, 0.00134737428743, 0.00160744867753, 0.000436014757724, 0.000208997211303, 9.57024094532e-05, 4.00093340431e-05, 4.20836477133e-05, 0.000160991679877, 7.49647879275e-05, 5.05220559717e-05, 8.16752508399e-05, 3.88902699342e-05, 7.19289018889e-05, 4.76099994557e-05, 1.85026910913e-05, 7.98612802555e-07, 6.92410324632e-08, 1.8760593079e-08, 1.35461419859e-08, 3.96675137182e-09, 1.69745251188e-09, 1.55535018198e-09],
        "var": [0.0345210023224, 2.81620907784, 18.6911258698, 38.5950393677, 100.141746521, 406.610351562, 717.236633301, 1537.11547852, 3133.98266602, 4309.39599609, 2110.67138672, 6568.79052734, 5790.90478516, 3867.33325195, 9325.29199219, 18563.1132812, 2821.18530273, 11877.2783203, 5657.78027344, 3043.16040039, 3030.53198242, 2799.7980957, 1128.98242188, 578.87310791, 83.1349868774, 277.521209717, 259.49899292, 247.496368408, 264.991882324, 134.691558838, 133.922897339, 104.762687683, 37.7263946533, 4.0869717598, 0.0148404585198, 2.97858932754e-05, 1.05861481359e-07, 3.87378751299e-09, 3.58670343426e-10, 4.24008078648e-10]
    },
    "gfcc": {
        "mean": [22.3005428314, 127.570075989, -137.823974609, 61.714969635, -71.9130401611, 28.068819046, -42.9449386597, -1.26457536221, -9.66482448578, -19.9019012451, 3.87517428398, -21.0860881805, 9.97380828857],
        "cov": [[1721.24133301, -441.819671631, -156.553863525, 73.8494644165, -142.650375366, 83.8302459717, -50.4787521362, 65.1791915894, -28.9021320343, 22.1171684265, -51.559009552, 77.3466644287, -12.3215799332], [-441.819671631, 478.352294922, -90.1427459717, -154.383987427, 154.051757812, -44.3376312256, 123.811035156, -82.7943649292, 47.6411437988, -40.714630127, 47.8900718689, -64.4960632324, 37.9127883911], [-156.553863525, -90.1427459717, 345.888153076, 112.861465454, -114.268913269, -18.4838199615, -105.616500854, 38.2761001587, 8.22297477722, 35.1977500916, -10.994222641, 13.0133571625, -26.6650695801], [73.8494644165, -154.383987427, 112.861465454, 236.795211792, -15.1112995148, -64.8481063843, -52.4682884216, 40.6718673706, 10.7325286865, -19.7645931244, -14.7893257141, 37.1733169556, -7.4968047142], [-142.650375366, 154.051757812, -114.268913269, -15.1112995148, 240.06288147, 15.1433286667, 42.0217933655, -5.77351856232, -45.0619277954, -38.4350852966, 15.5374984741, -22.7571983337, 48.9027023315], [83.8302459717, -44.3376312256, -18.4838199615, -64.8481063843, 15.1433286667, 188.23135376, 54.4358177185, -59.7154045105, -36.4091720581, -2.48360204697, -7.09496641159, -10.6245975494, -28.3095798492], [-50.4787521362, 123.811035156, -105.616500854, -52.4682884216, 42.0217933655, 54.4358177185, 135.558731079, -41.1655502319, 11.0824861526, -35.0240478516, 5.42301893234, -17.785779953, -6.41101646423], [65.1791915894, -82.7943649292, 38.2761001587, 40.6718673706, -5.77351856232, -59.7154045105, -41.1655502319, 132.226303101, 5.006752491, 5.98994207382, -26.4827251434, 11.3205490112, 20.3117733002], [-28.9021320343, 47.6411437988, 8.22297477722, 10.7325286865, -45.0619277954, -36.4091720581, 11.0824861526, 5.006752491, 98.7405090332, 9.87018203735, -5.67216491699, -10.5928096771, -13.2231855392], [22.1171684265, -40.714630127, 35.1977500916, -19.7645931244, -38.4350852966, -2.48360204697, -35.0240478516, 5.98994207382, 9.87018203735, 77.0641937256, 19.9746131897, -8.91776943207, -7.71159267426], [-51.559009552, 47.8900718689, -10.994222641, -14.7893257141, 15.5374984741, -7.09496641159, 5.42301893234, -26.4827251434, -5.67216491699, 19.9746131897, 67.7982940674, 13.0079460144, -2.26172924042], [77.3466644287, -64.4960632324, 13.0133571625, 37.1733169556, -22.7571983337, -10.6245975494, -17.785779953, 11.3205490112, -10.5928096771, -8.91776943207, 13.0079460144, 64.5755157471, 11.8280029297], [-12.3215799332, 37.9127883911, -26.6650695801, -7.4968047142, 48.9027023315, -28.3095798492, -6.41101646423, 20.3117733002, -13.2231855392, -7.71159267426, -2.26172924042, 11.8280029297, 60.1464767456]],
        "icov": [[0.000983109464869, -0.000457274669316, 0.0016557861818, -0.0012630665442, 0.00141061050817, -0.00152822211385, 0.00117593922187, -0.000951456197072, 0.000503751332872, -0.000602314947173, 0.000434720685007, -0.000557082181331, -0.000193856321857], [-0.000457274669316, 0.0321564748883, -0.0185398329049, 0.0262430366129, -0.0224431995302, 0.0253489352763, -0.0246070902795, 0.0185784678906, -0.0182232223451, 0.0150021556765, -0.0115711782128, 0.010512156412, -0.00861492753029], [0.0016557861818, -0.0185398329049, 0.0179237741977, -0.0188128110021, 0.0168365556747, -0.0180155504495, 0.0186461806297, -0.0125745264813, 0.0108509631827, -0.00892314594239, 0.0054979310371, -0.00426177633926, 0.003978675697], [-0.0012630665442, 0.0262430366129, -0.0188128110021, 0.0295439641923, -0.0217197611928, 0.0244373902678, -0.0204425323755, 0.0157869551331, -0.0158071313053, 0.0138326939195, -0.00694790994748, 0.00364860054106, -0.00248790881597], [0.00141061050817, -0.0224431995302, 0.0168365556747, -0.0217197611928, 0.0258831903338, -0.0213338695467, 0.0185166765004, -0.0151100493968, 0.0153310950845, -0.00656671030447, 0.00254299258813, -0.000142395481816, -0.00216441554949], [-0.00152822211385, 0.0253489352763, -0.0180155504495, 0.0244373902678, -0.0213338695467, 0.0316472612321, -0.0248172692955, 0.0189580358565, -0.0107011562213, 0.00868350081146, -0.00337694655173, 0.00441505620256, -0.000273199373623], [0.00117593922187, -0.0246070902795, 0.0186461806297, -0.0204425323755, 0.0185166765004, -0.0248172692955, 0.0342148393393, -0.0146044837311, 0.010124200955, -0.00443977629766, 0.00479272240773, -0.00457468023524, 0.0060495538637], [-0.000951456197072, 0.0185784678906, -0.0125745264813, 0.0157869551331, -0.0151100493968, 0.0189580358565, -0.0146044837311, 0.0224278979003, -0.0103290844709, 0.00582449603826, -0.000449430692242, 0.00320890103467, -0.00560691440478], [0.000503751332872, -0.0182232223451, 0.0108509631827, -0.0158071313053, 0.0153310950845, -0.0107011562213, 0.010124200955, -0.0103290844709, 0.024360280484, -0.0112021211535, 0.00843149516732, -0.00409690104425, 0.00653791148216], [-0.000602314947173, 0.0150021556765, -0.00892314594239, 0.0138326939195, -0.00656671030447, 0.00868350081146, -0.00443977629766, 0.00582449603826, -0.0112021211535, 0.0299443118274, -0.0169874578714, 0.0133606819436, -0.00671534147114], [0.000434720685007, -0.0115711782128, 0.0054979310371, -0.00694790994748, 0.00254299258813, -0.00337694655173, 0.00479272240773, -0.000449430692242, 0.00843149516732, -0.0169874578714, 0.0303141064942, -0.0163456294686, 0.00998982507735], [-0.000557082181331, 0.010512156412, -0.00426177633926, 0.00364860054106, -0.000142395481816, 0.00441505620256, -0.00457468023524, 0.00320890103467, -0.00409690104425, 0.0133606819436, -0.0163456294686, 0.031201094389, -0.0134905632585], [-0.000193856321857, -0.00861492753029, 0.003978675697, -0.00248790881597, -0.00216441554949, -0.000273199373623, 0.0060495538637, -0.00560691440478, 0.00653791148216, -0.00671534147114, 0.00998982507735, -0.0134905632585, 0.0312449913472]]
    },
    "melbands": {
        "dmean": [0.000939439923968, 0.00119971635286, 0.000689770269673, 0.000673455768265, 0.00042543199379, 0.000337232166203, 0.000215182721149, 0.000170915576746, 0.000133980283863, 0.000155586269102, 0.000115862392704, 6.44289393676e-05, 8.024359704e-05, 8.24594681035e-05, 4.90934216941e-05, 2.98373015539e-05, 5.2842842706e-05, 3.49615365849e-05, 3.05253997794e-05, 2.72034521913e-05, 2.60585820797e-05, 1.58053589985e-05, 1.58589682542e-05, 1.24970738398e-05, 8.09886296338e-06, 4.05238324674e-06, 3.77930382456e-06, 5.49293508811e-06, 4.79564960187e-06, 3.42139128406e-06, 4.29690089732e-06, 3.63696767636e-06, 3.05265280076e-06, 2.94241567644e-06, 2.56340740634e-06, 2.87046509584e-06, 2.072088364e-06, 1.70750115558e-06, 1.33203786845e-06, 4.92924982609e-07],
        "dmean2": [0.00157203921117, 0.00205309898593, 0.00112643581815, 0.00112218863796, 0.000686776067596, 0.00054051540792, 0.000345383246895, 0.000263376656221, 0.000200453359867, 0.000236980326008, 0.000172815591213, 9.62392659858e-05, 0.000121594690427, 0.000123723497381, 7.63095667935e-05, 4.72638166684e-05, 8.22711881483e-05, 5.41638219147e-05, 4.75927336083e-05, 4.48443279311e-05, 4.09284657508e-05, 2.49243275903e-05, 2.47006228165e-05, 2.05404230655e-05, 1.31800434247e-05, 6.74127886668e-06, 6.30531167189e-06, 9.04023181647e-06, 7.63894331612e-06, 5.58810097573e-06, 7.50977460484e-06, 6.12435178482e-06, 5.03692672282e-06, 4.93203197038e-06, 4.22276525569e-06, 4.63242758997e-06, 3.17762214763e-06, 2.55033728536e-06, 1.95946972781e-06, 7.59466047384e-07],
        "dvar": [2.39630276155e-06, 5.20706953466e-06, 6.88387956416e-07, 6.33850106624e-07, 2.94673611734e-07, 3.2334980915e-07, 2.33276509221e-07, 2.02637906455e-07, 9.32191639436e-08, 1.467499402e-07, 5.14531492968e-08, 2.45049598391e-08, 3.90293948271e-08, 3.40744144012e-08, 1.30387611819e-08, 9.73861968845e-09, 1.40734321974e-08, 4.51583037631e-09, 3.19476467503e-09, 2.66418953565e-09, 2.42156517061e-09, 8.5354273649e-10, 9.30284183021e-10, 4.73187267147e-10, 1.80969947361e-10, 4.31187620331e-11, 3.59111421155e-11, 1.19332738135e-10, 6.71126834662e-11, 3.58898050168e-11, 1.73161499029e-10, 1.12819954767e-10, 5.72056291226e-11, 3.72800020021e-11, 4.30347008029e-11, 1.0123751143e-10, 1.83187857244e-11, 1.38578454267e-11, 5.17052156299e-12, 7.70654807331e-13],
        "dvar2": [5.91477237322e-06, 1.42047310874e-05, 1.82203586974e-06, 1.78459197286e-06, 7.10460312803e-07, 7.35572996291e-07, 5.56810050512e-07, 4.69271071779e-07, 2.14845826463e-07, 3.47928789779e-07, 1.10237202477e-07, 5.37840705306e-08, 8.0961591209e-08, 7.83020936979e-08, 3.22482804904e-08, 2.62556714148e-08, 3.48137447759e-08, 1.01310559941e-08, 7.26154958386e-09, 6.58253629382e-09, 5.43306777345e-09, 2.08713291094e-09, 2.04240446777e-09, 1.14683851304e-09, 4.22435364467e-10, 1.10744392823e-10, 9.49438236364e-11, 3.12680964454e-10, 1.56445759125e-10, 8.88301446289e-11, 4.77068717863e-10, 3.03738589835e-10, 1.4885306876e-10, 9.93189419596e-11, 1.16759657498e-10, 2.74914813136e-10, 4.42509535958e-11, 3.1842094933e-11, 1.08985138622e-11, 1.69843067561e-12],
        "max": [0.0209551174194, 0.0358824953437, 0.0117015028372, 0.013687485829, 0.0101725859568, 0.00920063257217, 0.00975581631064, 0.0131069924682, 0.00836179591715, 0.00589478388429, 0.00535649154335, 0.00359068228863, 0.00414375029504, 0.00318355392665, 0.00211742566898, 0.00323960999958, 0.00262020458467, 0.00120213429909, 0.00100246351212, 0.000757843197789, 0.00108304515015, 0.000444571312983, 0.000634639232885, 0.000437290640548, 0.000277554936474, 7.53208732931e-05, 5.88557268202e-05, 0.000189218073501, 0.000154907131218, 6.2863502535e-05, 0.000168593367562, 0.000184414791875, 0.00010958173516, 5.47937161173e-05, 0.000142006378155, 0.000187706085853, 7.12532564648e-05, 0.000116742070531, 5.24491588294e-05, 1.15317525342e-05],
        "mean": [0.00157204770949, 0.00221473141573, 0.00160124758258, 0.00133171444759, 0.000916620483622, 0.000694871123414, 0.000442436896265, 0.000306569039822, 0.000236305393628, 0.000272877980024, 0.000233424943872, 0.000126121245557, 0.000167740261531, 0.000187427853234, 9.72031266429e-05, 5.96294921706e-05, 0.000113335299829, 6.75539777149e-05, 5.89390583627e-05, 4.36841219198e-05, 4.88007935928e-05, 3.37423771271e-05, 3.37707242579e-05, 2.16688058572e-05, 1.4754797121e-05, 7.09346704753e-06, 6.34656407783e-06, 9.14900374482e-06, 9.37335971685e-06, 5.37244568477e-06, 4.76027571494e-06, 4.29267265645e-06, 4.12931603933e-06, 3.89088882002e-06, 3.48012667928e-06, 3.94070775656e-06, 3.54063854502e-06, 3.03104116028e-06, 2.57860574493e-06, 7.75991566115e-07],
        "median": [0.00115862919483, 0.00172176701017, 0.0014466396533, 0.00111896544695, 0.000655679032207, 0.000366619060514, 0.000152128734044, 9.21460741665e-05, 9.98174145934e-05, 0.000112418107165, 9.02409883565e-05, 3.4192991734e-05, 3.7285972212e-05, 3.87194013456e-05, 3.28364585584e-05, 2.40335230046e-05, 3.09803290293e-05, 2.80107942672e-05, 2.39944147324e-05, 1.93182422663e-05, 2.30935056607e-05, 1.53399359988e-05, 1.37282822834e-05, 1.05781555249e-05, 7.79843139753e-06, 4.7744629228e-06, 4.04886122851e-06, 4.70926079288e-06, 4.47643333246e-06, 3.05228581965e-06, 2.00366457648e-06, 1.65749133885e-06, 1.51445556185e-06, 1.37137453748e-06, 1.27444218379e-06, 1.3766034499e-06, 1.524330969e-06, 1.50539085553e-06, 1.35453137773e-06, 3.09719524694e-07],
        "min": [1.5075766413e-08, 1.84934059178e-08, 8.31033375448e-09, 9.94613724714e-09, 1.42853036067e-08, 2.16955555743e-08, 3.43938353353e-08, 2.06667554181e-08, 2.7024942284e-08, 4.0116336919e-08, 7.94095456058e-09, 6.10642370003e-10, 2.81715734074e-10, 3.74930059222e-10, 3.58693741376e-10, 4.57307358648e-10, 8.2456413919e-10, 2.12902917518e-09, 1.32684285781e-09, 1.84013937421e-09, 3.5280206534e-10, 2.55101911817e-10, 5.81954553991e-11, 9.57867951623e-11, 2.40525325351e-11, 1.37039190759e-11, 4.04750746807e-11, 1.43088901838e-10, 7.26981808086e-11, 1.13195416582e-11, 4.07286565585e-11, 5.87205700731e-11, 2.29727452339e-11, 2.38773497502e-11, 4.85697974895e-11, 4.08290276588e-11, 2.15664413411e-11, 1.84548487603e-11, 2.92079836879e-13, 1.94705471364e-13],
        "var": [2.92714025818e-06, 4.4677144615e-06, 1.10530027086e-06, 1.0274466149e-06, 7.28304826225e-07, 7.34311413453e-07, 7.56038559757e-07, 4.56804201576e-07, 1.59396535082e-07, 2.24904624702e-07, 1.44592561924e-07, 6.87610253181e-08, 1.43060432833e-07, 1.51701925688e-07, 3.0402699025e-08, 1.30241666341e-08, 5.57882238184e-08, 1.44805376578e-08, 7.51357376316e-09, 4.29674296143e-09, 5.57715695848e-09, 2.59478882825e-09, 3.33178151735e-09, 9.9128205644e-10, 4.02939903665e-10, 5.88003187807e-11, 4.88552462374e-11, 1.72892089534e-10, 2.03189520764e-10, 4.81441761457e-11, 1.23209567549e-10, 8.98811441941e-11, 5.91533072525e-11, 4.15052089919e-11, 4.03341977873e-11, 9.08897956897e-11, 3.22012694287e-11, 2.24153907241e-11, 1.20384674451e-11, 1.51492859056e-12]
    },
    "mfcc": {
        "mean": [-596.242431641, 118.239219666, 11.0106048584, 20.8286209106, 14.1681623459, 7.32106876373, -0.920717358589, 2.85393476486, -0.835958957672, 1.66096532345, -7.09814786911, 2.3523645401, -6.85872077942],
        "cov": [[1836.22290039, -483.301513672, -94.4954528809, -41.0751190186, -93.0811386108, 12.607840538, -66.4663391113, 62.1784095764, 1.15311098099, -3.79866409302, -12.8318252563, -9.33114814758, 6.58221960068], [-483.301513672, 577.793334961, -205.874206543, -82.9581985474, -2.74089241028, 36.6773376465, 75.5699081421, -29.4770317078, 19.5033359528, 32.1572952271, -1.57971823215, -15.2945165634, -16.1868171692], [-94.4954528809, -205.874206543, 427.837188721, 35.1183204651, -26.7106018066, -21.9579563141, -100.197547913, -23.0832309723, -32.0294036865, -5.36415052414, 32.3694419861, 23.0131397247, 19.7101135254], [-41.0751190186, -82.9581985474, 35.1183204651, 246.301391602, 71.8692169189, -101.963821411, -37.5040092468, 20.4796504974, 17.6517124176, -37.7167739868, -25.0353107452, 41.7067337036, 4.33294439316], [-93.0811386108, -2.74089241028, -26.7106018066, 71.8692169189, 165.599105835, -42.1502304077, 35.6105690002, -13.6011781693, 19.1025409698, -25.3096733093, -22.8999519348, 2.52213072777, -6.9968919754], [12.607840538, 36.6773376465, -21.9579563141, -101.963821411, -42.1502304077, 205.915084839, 45.7202453613, 21.7257843018, -39.4609603882, 23.4099273682, 7.8112449646, -46.6634368896, 2.41486930847], [-66.4663391113, 75.5699081421, -100.197547913, -37.5040092468, 35.6105690002, 45.7202453613, 135.549560547, 13.0555963516, -5.39416742325, -9.80015087128, -12.242017746, -17.8300704956, -11.6880140305], [62.1784095764, -29.4770317078, -23.0832309723, 20.4796504974, -13.6011781693, 21.7257843018, 13.0555963516, 103.553504944, 18.1605129242, -15.1406641006, -17.6086559296, -1.71876478195, -1.56000089645], [1.15311098099, 19.5033359528, -32.0294036865, 17.6517124176, 19.1025409698, -39.4609603882, -5.39416742325, 18.1605129242, 85.1985168457, 13.556060791, -9.56115722656, -10.5884160995, -5.86837816238], [-3.79866409302, 32.1572952271, -5.36415052414, -37.7167739868, -25.3096733093, 23.4099273682, -9.80015087128, -15.1406641006, 13.556060791, 76.0092010498, 17.5269165039, -10.6804094315, -6.26608848572], [-12.8318252563, -1.57971823215, 32.3694419861, -25.0353107452, -22.8999519348, 7.8112449646, -12.242017746, -17.6086559296, -9.56115722656, 17.5269165039, 57.0866699219, 9.64079475403, -0.495049923658], [-9.33114814758, -15.2945165634, 23.0131397247, 41.7067337036, 2.52213072777, -46.6634368896, -17.8300704956, -1.71876478195, -10.5884160995, -10.6804094315, 9.64079475403, 69.1782989502, 14.0292243958], [6.58221960068, -16.1868171692, 19.7101135254, 4.33294439316, -6.9968919754, 2.41486930847, -11.6880140305, -1.56000089645, -5.86837816238, -6.26608848572, -0.495049923658, 14.0292243958, 48.4108810425]],
