{
"lowlevel": {
    "average_loudness": 0.9744181633,
    "barkbands_crest": {
        "dmean": 2.34894180298,
        "dmean2": 3.75918412209,
        "dvar": 8.00037002563,
        "dvar2": 16.4142417908,
        "max": 20.9269618988,
        "mean": 6.19077730179,
        "median": 5.0222697258,
        "min": 2.15802264214,
        "var": 11.5300521851
    },
    "barkbands_flatness_db": {
        "dmean": 0.0133743286133,
        "dmean2": 0.0212995558977,
        "dvar": 0.000174305358087,
        "dvar2": 0.000391168548958,
        "max": 0.199648946524,
        "mean": 0.109629675746,
        "median": 0.107169516385,
        "min": 0.0557681806386,
        "var": 0.000321569561493
    },
    "barkbands_kurtosis": {
        "dmean": 0.506815850735,
        "dmean2": 0.822408378124,
        "dvar": 0.680188477039,
        "dvar2": 1.5894536972,
        "max": 10.0389356613,
        "mean": -0.920596241951,
        "median": -1.18749845028,
        "min": -1.75908792019,
        "var": 0.771374881268
    },
    "barkbands_skewness": {
        "dmean": 0.386608093977,
        "dmean2": 0.577141344547,
        "dvar": 0.162054657936,
        "dvar2": 0.305804431438,
        "max": 3.32199645042,
        "mean": 0.112618915737,
        "median": 0.0234398655593,
        "min": -2.00321125984,
        "var": 0.40394204855
    },
    "barkbands_spread": {
        "dmean": 5.82146072388,
        "dmean2": 9.09813404083,
        "dvar": 30.1313972473,
        "dvar2": 69.5566864014,
        "max": 71.4803466797,
        "mean": 43.3865776062,
        "median": 43.5530357361,
        "min": 12.5552520752,
        "var": 88.0027236938
    },
    "dissonance": {
        "dmean": 0.0069652707316,
        "dmean2": 0.0118801221251,
        "dvar": 5.11784783157e-05,
        "dvar2": 0.000139983691042,
        "max": 0.499999940395,
        "mean": 0.488355308771,
        "median": 0.490307271481,
        "min": 0.427454829216,
        "var": 7.40214309189e-05
    },
    "dynamic_complexity": 1.38965499401,
    "erbbands_crest": {
        "dmean": 1.56646227837,
        "dmean2": 2.57923936844,
        "dvar": 2.92741751671,
        "dvar2": 7.49061584473,
        "max": 24.7939300537,
        "mean": 6.3639497757,
        "median": 5.83614063263,
        "min": 2.68851923943,
        "var": 5.38019180298
    },
    "erbbands_flatness_db": {
        "dmean": 0.0109683666378,
        "dmean2": 0.0167887359858,
        "dvar": 0.000108509826532,
        "dvar2": 0.0002276537125,
        "max": 0.246196761727,
        "mean": 0.173149347305,
        "median": 0.171687230468,
        "min": 0.109403252602,
        "var": 0.000378790107789
    },
    "erbbands_kurtosis": {
        "dmean": 0.576993346214,
        "dmean2": 0.918669700623,
        "dvar": 0.408028006554,
        "dvar2": 1.02815055847,
        "max": 8.81970691681,
        "mean": 0.479097753763,
        "median": 0.321960926056,
        "min": -1.55356740952,
        "var": 1.0345518589
    },
    "erbbands_skewness": {
        "dmean": 0.221467465162,
        "dmean2": 0.350959539413,
        "dvar": 0.048104852438,
        "dvar2": 0.123530507088,
        "max": 1.79212999344,
        "mean": -0.64026850462,
        "median": -0.66411870718,
        "min": -2.4293820858,
        "var": 0.177904725075
    },
    "erbbands_spread": {
        "dmean": 5.62920284271,
        "dmean2": 8.94171619415,
        "dvar": 29.977104187,
        "dvar2": 72.1667251587,
        "max": 75.2248687744,
        "mean": 34.2641677856,
        "median": 32.9677124023,
        "min": 9.27717494965,
        "var": 91.2971954346
    },
    "hfc": {
        "dmean": 6.43850135803,
        "dmean2": 9.87583255768,
        "dvar": 94.7226791382,
        "dvar2": 209.945343018,
        "max": 138.1484375,
        "mean": 35.2209472656,
        "median": 31.1493110657,
        "min": 0.000715420988854,
        "var": 289.55670166
    },
    "melbands_crest": {
        "dmean": 3.46756315231,
        "dmean2": 5.18973731995,
        "dvar": 12.0030660629,
        "dvar2": 23.4051628113,
        "max": 28.3765144348,
        "mean": 10.6318721771,
        "median": 9.22567176819,
        "min": 3.27367806435,
        "var": 25.2379627228
    },
    "melbands_flatness_db": {
        "dmean": 0.0209247041494,
        "dmean2": 0.0311874952167,
        "dvar": 0.000546218187083,
        "dvar2": 0.000955616647843,
        "max": 0.250746995211,
        "mean": 0.0926669761539,
        "median": 0.0841744691133,
        "min": 0.0238971225917,
        "var": 0.00120418937877
    },
    "melbands_kurtosis": {
        "dmean": 2.41872549057,
        "dmean2": 3.70683217049,
        "dvar": 17.3683109283,
        "dvar2": 37.4142150879,
        "max": 62.1370162964,
        "mean": 2.13582205772,
        "median": 0.533779382706,
        "min": -1.62241101265,
        "var": 22.9545822144
    },
    "melbands_skewness": {
        "dmean": 0.565816342831,
        "dmean2": 0.842454075813,
        "dvar": 0.404362171888,
        "dvar2": 0.772603988647,
        "max": 7.3431429863,
        "mean": 1.42606270313,
        "median": 1.2318174839,
        "min": -0.518476486206,
        "var": 0.889897704124
    },
    "melbands_spread": {
        "dmean": 13.261548996,
        "dmean2": 20.2564201355,
        "dvar": 184.214111328,
        "dvar2": 363.30859375,
        "max": 169.695724487,
        "mean": 66.4505004883,
        "median": 68.6396636963,
        "min": 8.28639507294,
        "var": 491.872344971
    },
    "pitch_salience": {
        "dmean": 0.0643887892365,
        "dmean2": 0.101033329964,
        "dvar": 0.00389524293132,
        "dvar2": 0.00843957439065,
        "max": 0.820146620274,
        "mean": 0.620505273342,
        "median": 0.638152003288,
        "min": 0.269213378429,
        "var": 0.007723079063
    },
    "silence_rate_20dB": {
        "dmean": 0,
        "dmean2": 0,
        "dvar": 0,
        "dvar2": 0,
        "max": 1,
        "mean": 1,
        "median": 1,
        "min": 1,
        "var": 0
    },
    "silence_rate_30dB": {
        "dmean": 0,
        "dmean2": 0,
        "dvar": 0,
        "dvar2": 0,
        "max": 1,
        "mean": 1,
        "median": 1,
        "min": 1,
        "var": 0
    },
    "silence_rate_60dB": {
        "dmean": 0.002323779976,
        "dmean2": 0.00464936066419,
        "dvar": 0.00231836386956,
        "dvar2": 0.00617757206783,
        "max": 1,
        "mean": 0.0123886950314,
        "median": 0,
        "min": 0,
        "var": 0.0122343348339
    },
    "spectral_centroid": {
        "dmean": 193.038208008,
        "dmean2": 307.039794922,
        "dvar": 34293.6914062,
        "dvar2": 82660.2734375,
        "max": 4066.48022461,
        "mean": 2675.13696289,
        "median": 2699.79785156,
        "min": 1251.84790039,
        "var": 134811.6875
    },
    "spectral_complexity": {
        "dmean": 3.95120072365,
        "dmean2": 6.39287090302,
        "dvar": 10.8874521255,
        "dvar2": 26.1672554016,
        "max": 57,
        "mean": 33.6407279968,
        "median": 34,
        "min": 0,
        "var": 49.7404403687
    },
    "spectral_decrease": {
        "dmean": 1.24383026101e-09,
        "dmean2": 1.83195736358e-09,
        "dvar": 2.39034103922e-18,
        "dvar2": 4.80773750192e-18,
        "max": -7.6190830446e-14,
        "mean": -4.40988756623e-09,
        "median": -4.03727096199e-09,
        "min": -1.62034954343e-08,
        "var": 4.65569550148e-18
    },
    "spectral_energy": {
        "dmean": 0.00498103816062,
        "dmean2": 0.00734481588006,
        "dvar": 3.6455992813e-05,
        "dvar2": 7.4688323366e-05,
        "max": 0.0656856298447,
        "mean": 0.0198385752738,
        "median": 0.0184775590897,
        "min": 3.52451849039e-07,
        "var": 7.89255427662e-05
    },
    "spectral_energyband_high": {
        "dmean": 0.0006783681456,
        "dmean2": 0.00106026406866,
        "dvar": 1.26357315366e-06,
        "dvar2": 2.77985418506e-06,
        "max": 0.018617330119,
        "mean": 0.00272340071388,
        "median": 0.00244529405609,
        "min": 4.69829970484e-08,
        "var": 3.46944443663e-06
    },
    "spectral_energyband_low": {
        "dmean": 0.00321145053022,
        "dmean2": 0.00481137027964,
        "dvar": 2.85213209281e-05,
        "dvar2": 5.25790383108e-05,
        "max": 0.040153298527,
        "mean": 0.00475311232731,
        "median": 0.00201306142844,
        "min": 7.36672802759e-08,
        "var": 4.12647641497e-05
    },
    "spectral_energyband_middle_high": {
        "dmean": 0.00168216519523,
        "dmean2": 0.00261420826428,
        "dvar": 5.19870900462e-06,
        "dvar2": 1.21330658658e-05,
        "max": 0.0315614491701,
        "mean": 0.00808485038579,
        "median": 0.00662082340568,
        "min": 1.88086147546e-07,
        "var": 1.85558074008e-05
    },
    "spectral_energyband_middle_low": {
        "dmean": 0.00201649498194,
        "dmean2": 0.00335037568584,
        "dvar": 7.86645705375e-06,
        "dvar2": 2.06813438126e-05,
        "max": 0.0314866900444,
        "mean": 0.00501070963219,
        "median": 0.00412016641349,
        "min": 3.79542512974e-08,
        "var": 1.05492517832e-05
    },
    "spectral_entropy": {
        "dmean": 0.0642974153161,
        "dmean2": 0.101763792336,
        "dvar": 0.00436186185107,
        "dvar2": 0.0101516479626,
        "max": 8.49791145325,
        "mean": 7.99934387207,
        "median": 8.00508594513,
        "min": 7.34155321121,
        "var": 0.0175280980766
    },
    "spectral_flux": {
        "dmean": 0.0203223768622,
        "dmean2": 0.0325403921306,
        "dvar": 0.000467958278023,
        "dvar2": 0.00106011063326,
        "max": 0.212265431881,
        "mean": 0.0805927813053,
        "median": 0.0715592131019,
        "min": 0.000593676581047,
        "var": 0.000987821142189
    },
    "spectral_kurtosis": {
        "dmean": 0.834720671177,
        "dmean2": 1.47533643246,
        "dvar": 0.530407428741,
        "dvar2": 1.60829532146,
        "max": 10.2107906342,
        "mean": 1.50442278385,
        "median": 1.31166124344,
        "min": -0.405049800873,
        "var": 0.882367610931
    },
    "spectral_rms": {
        "dmean": 0.000524169183336,
        "dmean2": 0.000765348726418,
        "dvar": 3.44085265169e-07,
        "dvar2": 6.70827830618e-07,
        "max": 0.00800521951169,
        "mean": 0.00428451597691,
        "median": 0.00424580834806,
        "min": 1.85433400475e-05,
        "var": 9.97627694233e-07
    },
    "spectral_rolloff": {
        "dmean": 624.138549805,
        "dmean2": 960.768676758,
        "dvar": 492644.96875,
        "dvar2": 996867.875,
        "max": 9216.2109375,
        "mean": 3812.68945312,
        "median": 3768.31054688,
        "min": 150.732421875,
        "var": 1318739.25
    },
    "spectral_skewness": {
        "dmean": 0.124718651175,
        "dmean2": 0.215600699186,
        "dvar": 0.0108027597889,
        "dvar2": 0.030655214563,
        "max": 2.59250664711,
        "mean": 0.71522039175,
        "median": 0.707218527794,
        "min": 0.0487345047295,
        "var": 0.0284364614636
    },
    "spectral_spread": {
        "dmean": 269912.34375,
        "dmean2": 415369.75,
        "dvar": 80531750912,
        "dvar2": 163352035328,
        "max": 9095195,
        "mean": 3912807,
        "median": 3844737,
        "min": 2518715.25,
        "var": 268191154176
    },
    "spectral_strongpeak": {
        "dmean": 0.851456105709,
        "dmean2": 1.49748027325,
        "dvar": 2.27239990234,
        "dvar2": 5.70886564255,
        "max": 12.7164611816,
        "mean": 1.162774086,
        "median": 0.309198617935,
        "min": 0,
        "var": 3.12570667267
    },
    "zerocrossingrate": {
        "dmean": 0.0119547592476,
        "dmean2": 0.0136272273958,
        "dvar": 0.000122015713714,
        "dvar2": 0.000158834605827,
        "max": 0.24169921875,
        "mean": 0.116687685251,
        "median": 0.1171875,
        "min": 0.04052734375,
        "var": 0.000687318504788
    },
    "barkbands": {
        "dmean": [0.000100541998108, 0.00271524721757, 0.000770030368585, 0.000747416983359, 0.000956802105065, 0.000385333580198, 0.000280923617538, 0.000189425598364, 0.000275520229479, 0.000596485449933, 0.000141971569974, 0.000244192371611, 0.000242721915129, 0.000204082170967, 0.00033623946365, 0.000460475159343, 0.000441242649686, 0.000361001992133, 0.000495707499795, 0.000303145992802, 0.000329642323777, 0.000265151989879, 0.000179910712177, 6.75960473018e-05, 2.06764143513e-05, 2.26847216567e-08, 1.18130394355e-09],
        "dmean2": [0.000159518458531, 0.00417388929054, 0.00136464938987, 0.00130054727197, 0.00161393044982, 0.000619871716481, 0.000459601462353, 0.000316045072395, 0.000431308348197, 0.000961400801316, 0.000222913295147, 0.0003792460775, 0.000374560942873, 0.000327932008076, 0.00054894189816, 0.000766621960793, 0.000737677270081, 0.000590269686654, 0.000805190182291, 0.000477462628623, 0.000533195503522, 0.000436445814557, 0.000291536969598, 0.000107619685878, 3.22224004776e-05, 3.70776689351e-08, 2.20659202022e-09],
        "dvar": [3.48938513639e-08, 2.65278667939e-05, 1.78194795808e-06, 1.31548688387e-06, 1.5771879589e-06, 4.31702147807e-07, 4.11614678342e-07, 1.00279453363e-06, 6.92223864007e-07, 2.33899186242e-06, 1.7223193538e-07, 2.81797298385e-07, 4.85550970097e-07, 1.03239528926e-07, 1.79360881702e-07, 3.60886076578e-07, 3.94448477437e-07, 1.90480776041e-07, 7.96831614025e-07, 2.48822544791e-07, 5.77747357511e-07, 1.13994303774e-07, 1.17977783987e-07, 3.3325100901e-08, 5.16755571667e-09, 5.74328572303e-15, 3.19384625372e-17],
        "dvar2": [8.59562661049e-08, 5.28557757207e-05, 5.05676189277e-06, 3.69012764168e-06, 4.0018890104e-06, 1.03764693904e-06, 1.07715447939e-06, 2.93755965686e-06, 1.87882903901e-06, 6.41291353531e-06, 3.62888727068e-07, 6.39282689008e-07, 1.2088864878e-06, 2.50129289725e-07, 4.6581695301e-07, 9.35574121286e-07, 1.04080220353e-06, 4.72346613378e-07, 2.03083573069e-06, 5.7388535879e-07, 1.45594435708e-06, 2.8950273645e-07, 2.88708946528e-07, 8.33768609709e-08, 1.15126166378e-08, 1.45814180771e-14, 9.32485072045e-17],
        "max": [0.00153916352428, 0.0361237861216, 0.0142690911889, 0.011016625911, 0.0148019520566, 0.0117293810472, 0.00906721968204, 0.0265135839581, 0.0230141077191, 0.0336009971797, 0.00912645459175, 0.0103507256135, 0.0183903351426, 0.00647258432582, 0.0073479488492, 0.0101249348372, 0.011034950614, 0.00933779031038, 0.0131095834076, 0.00889346003532, 0.0122759211808, 0.00597010413185, 0.00832458399236, 0.00522951548919, 0.00208700029179, 2.22630842472e-06, 1.71580211372e-07],
        "mean": [0.000111621353426, 0.00305890082382, 0.00105442502536, 0.00111249380279, 0.00168060522992, 0.000719358213246, 0.00039525135071, 0.000301492371364, 0.000452632084489, 0.00101276859641, 0.000265332259005, 0.000517236534506, 0.000673964852467, 0.000414722482674, 0.000724948593415, 0.00115370983258, 0.000920007645618, 0.000932113383897, 0.00119572307449, 0.000777175533585, 0.000811487203464, 0.000846592360176, 0.000480295740999, 0.000179452545126, 4.62399220851e-05, 3.53805695852e-08, 8.78954076189e-10],
        "median": [2.24509822147e-05, 0.000683441641741, 0.000499497342389, 0.000790998281445, 0.00124023214448, 0.000444933422841, 0.000227051918046, 0.000191240280401, 0.000235985920881, 0.000598769634962, 0.000140359406942, 0.000229341312661, 0.000210486119613, 0.00027040054556, 0.0004935299512, 0.000805511430372, 0.000747996848077, 0.000788767123595, 0.000786056392826, 0.000479679816635, 0.000606104498729, 0.000763236603234, 0.000397301162593, 0.000139350479003, 3.01522759401e-05, 2.04460164355e-08, 2.98008617783e-10],
        "min": [2.05648085227e-08, 3.19683017835e-08, 2.40065070045e-08, 4.89758500422e-09, 1.04750554897e-08, 5.81013059886e-09, 7.76615771692e-10, 3.33432559341e-10, 1.10592877078e-08, 1.15331237893e-08, 2.10127781841e-09, 3.37199139722e-08, 4.1671368578e-09, 1.0249726401e-08, 2.97097759727e-08, 7.92786281067e-09, 2.19375486665e-08, 2.41498661069e-08, 4.04775803986e-08, 1.19669936183e-08, 1.58943507245e-08, 1.36620155189e-08, 7.52056372733e-09, 2.94159629988e-09, 2.71641847904e-10, 1.67301448303e-12, 2.62465721899e-12],
        "var": [3.93548980071e-08, 3.22123160004e-05, 1.97796634893e-06, 1.21891116578e-06, 2.23280630962e-06, 8.33932688238e-07, 3.70432104546e-07, 5.95335507114e-07, 6.88596969667e-07, 2.1728055799e-06, 2.67382915808e-07, 8.58488419908e-07, 1.39697363011e-06, 2.4226773121e-07, 4.5818609351e-07, 1.0716144061e-06, 5.62901675494e-07, 4.70624513582e-07, 1.33779155931e-06, 8.92836396815e-07, 7.9332801306e-07, 3.11392426511e-07, 2.01052984039e-07, 4.23707327002e-08, 6.92203849795e-09, 6.15625409537e-15, 1.77972011607e-17]
    },
    "erbbands": {
        "dmean": [0.0941169261932, 0.595662236214, 0.93059939146, 1.55564153194, 3.85907173157, 2.65412902832, 3.31058478355, 3.04508876801, 4.37399053574, 3.63175868988, 3.98325204849, 4.68955802917, 16.4597053528, 13.6026334763, 5.73200273514, 10.7181444168, 10.8992109299, 10.4120531082, 15.143945694, 15.4526147842, 27.3260211945, 21.8260726929, 16.7274913788, 23.649553299, 21.4843120575, 15.4752931595, 14.0104722977, 11.7186288834, 9.18035030365, 8.4686794281, 4.13315820694, 1.89038288593, 1.01262009144, 0.413302332163, 0.0313299335539, 0.00136580248363, 6.95987109793e-05, 1.07685264084e-05, 4.46776448371e-06, 6.29653186479e-06],
        "dmean2": [0.142026260495, 0.944076538086, 1.62374591827, 2.72192811966, 6.56674909592, 4.46147537231, 5.53389501572, 4.86245775223, 7.08347225189, 6.22515249252, 6.38201475143, 7.40603733063, 26.8181247711, 21.3454914093, 8.75942993164, 16.3925895691, 16.4358444214, 16.6222667694, 25.0110340118, 25.4106884003, 45.4468307495, 36.7186927795, 27.2884960175, 38.5013771057, 34.9437942505, 24.1919536591, 22.6743583679, 19.2261810303, 15.2541427612, 13.8864402771, 6.64627838135, 3.04850697517, 1.59505617619, 0.632909476757, 0.0478457845747, 0.0020732707344, 0.000104157763417, 1.61391326401e-05, 6.67842505209e-06, 9.32520561037e-06],
        "dvar": [0.0329821556807, 1.27712714672, 2.63122200966, 6.04119300842, 36.5243225098, 10.7042694092, 22.2658252716, 39.5280151367, 81.4797973633, 313.542999268, 264.50994873, 269.468292236, 2678.75610352, 922.943847656, 148.123046875, 550.868896484, 905.516479492, 272.279327393, 440.939239502, 403.839599609, 1418.54211426, 1090.80078125, 405.171875, 1506.06054688, 1706.03295898, 661.780395508, 1061.88537598, 578.463439941, 141.704483032, 212.585662842, 56.202255249, 12.5282049179, 10.9327907562, 2.37215900421, 0.00785204488784, 1.52227003127e-05, 4.49484964804e-08, 8.22917012311e-10, 5.66010537051e-11, 5.72063507676e-11],
        "dvar2": [0.0682812333107, 2.78889298439, 7.17286491394, 17.2043590546, 94.940574646, 29.3726654053, 61.0796089172, 87.778755188, 207.179855347, 887.969604492, 751.267456055, 742.061462402, 7455.99853516, 2329.82104492, 264.413970947, 1245.15026855, 2138.52416992, 662.848876953, 1171.17224121, 1033.71374512, 3802.4621582, 2902.74243164, 959.038574219, 3748.87207031, 4256.04394531, 1552.29541016, 2597.85571289, 1523.38879395, 358.201660156, 510.759918213, 138.634292603, 30.8103027344, 27.7696151733, 5.38259744644, 0.0168705657125, 3.28522255586e-05, 1.00338716891e-07, 1.88261095602e-09, 1.31922112123e-10, 1.24328672357e-10],
        "max": [1.20300066471, 8.26562786102, 16.0824794769, 25.4873809814, 68.4198074341, 30.5327796936, 68.3128433228, 147.791656494, 126.848152161, 422.991973877, 513.926818848, 488.499237061, 1203.7746582, 581.516052246, 392.48626709, 527.263671875, 782.032531738, 326.794616699, 387.313842773, 367.864379883, 619.39642334, 568.26184082, 585.141967773, 647.126464844, 758.433227539, 560.519470215, 630.47442627, 490.245605469, 195.601989746, 384.331298828, 154.690246582, 84.9953613281, 93.8039016724, 47.5492897034, 2.672519207, 0.11594337225, 0.00655450765043, 0.000872332428116, 0.000201680901228, 9.19564627111e-05],
        "mean": [0.100100979209, 0.635280489922, 1.24332666397, 2.62340593338, 5.35792446136, 4.94246053696, 5.77104616165, 5.49924325943, 6.44603395462, 4.8607840538, 7.27881288528, 8.41816997528, 27.026391983, 25.7049064636, 13.4381990433, 24.9608097076, 32.9496231079, 23.2636604309, 34.4809799194, 37.8433876038, 69.7597122192, 51.062538147, 49.1614341736, 59.6146697998, 56.1153564453, 41.0486869812, 33.3021087646, 32.0388565063, 29.2286376953, 23.7779903412, 11.3523893356, 5.14659309387, 2.49604535103, 0.965767681599, 0.0716476589441, 0.00328683573753, 0.000213070088648, 4.02944315283e-05, 2.29941852012e-05, 3.00941119349e-05],
        "median": [0.0138067947701, 0.169585108757, 0.54772156477, 2.00018501282, 3.09276270866, 3.89911961555, 3.87772655487, 2.8098628521, 3.71340823174, 2.78953194618, 4.66835308075, 5.13830327988, 15.0870475769, 14.2930021286, 9.17635154724, 12.3502931595, 10.618563652, 16.7976436615, 22.0611190796, 31.0660419464, 47.2097320557, 42.3632125854, 41.7058296204, 47.8774871826, 29.8180618286, 24.202753067, 22.510799408, 26.8904743195, 25.9824085236, 20.184299469, 9.54690551758, 4.08794546127, 1.81410872936, 0.630855321884, 0.0479797460139, 0.00224537868053, 0.000163427932421, 3.39636208082e-05, 2.19045923586e-05, 2.87317870971e-05],
        "min": [1.31548074478e-06, 6.01108331466e-06, 2.48497617577e-05, 2.58647796727e-05, 1.14674458018e-05, 3.13258060487e-05, 8.30523349578e-05, 3.76490825147e-05, 1.26514205476e-05, 6.99501515555e-06, 2.01671282412e-05, 0.000157550020958, 0.000432864617324, 0.000337632111041, 0.000197965506231, 0.00161984656006, 0.000299851148156, 0.00059699092526, 0.000374407478375, 0.00200220569968, 0.000703594705556, 0.00112546584569, 0.00116090697702, 0.00147017627023, 0.00209465669468, 0.000555166101549, 0.000662307837047, 0.00076052302029, 0.000331168383127, 0.000353657116648, 0.000187870755326, 0.000138903225888, 2.19355115405e-05, 5.22797654412e-06, 1.59388918064e-07, 1.47971155329e-08, 5.5120543685e-09, 1.56756996272e-09, 7.40130512433e-10, 5.87327353418e-10],
        "var": [0.0396601855755, 1.39182806015, 2.78468298912, 5.49893856049, 42.0723800659, 15.6291561127, 38.2177658081, 82.2090606689, 88.2525482178, 195.05809021, 196.592514038, 231.909820557, 2192.71533203, 1354.69458008, 347.797271729, 1616.34753418, 3138.36035156, 562.496276855, 1216.21191406, 946.835266113, 4088.49023438, 1484.14367676, 1256.33813477, 2292.15258789, 3859.17773438, 2515.51904297, 1645.15234375, 742.799133301, 346.693511963, 431.504882812, 97.5773544312, 24.3944568634, 12.0999898911, 3.06005692482, 0.0125705664977, 2.45239716605e-05, 6.8973193379e-08, 1.35308242388e-09, 1.32738195435e-10, 1.53131604619e-10]
    },
    "gfcc": {
        "mean": [21.4280796051, 82.8690872192, -169.145782471, 81.6569366455, -75.1310882568, 25.1837863922, -36.1042518616, -2.4508638382, -12.1360530853, -21.2298069, -5.47840452194, -13.7027873993, 4.98074436188],
        "cov": [[1014.66925049, -68.6335067749, 28.9629154205, 4.61413383484, -41.3024864197, 11.4279899597, -6.15790939331, 11.3497390747, -26.6954193115, 23.4779853821, 16.7604789734, -19.1055164337, -11.9459171295], [-68.6335067749, 262.553314209, 38.1840820312, 14.0775909424, 80.4392166138, -1.07005476952, 70.4882583618, 12.0534181595, 48.4553833008, 1.67081332207, 37.1334228516, 17.5426902771, 36.1936378479], [28.9629154205, 38.1840820312, 192.605575562, 73.2963104248, 7.19480419159, 41.7422561646, 3.48379826546, 57.9922065735, 33.7428092957, 17.8876686096, 4.15537071228, 22.7234096527, 14.2608594894], [4.61413383484, 14.0775909424, 73.2963104248, 117.235351562, 57.5688705444, 16.3139877319, 40.8676643372, 16.9780006409, 37.7269210815, 12.1533746719, 13.762298584, 5.70350265503, 1.33173489571], [-41.3024864197, 80.4392166138, 7.19480419159, 57.5688705444, 128.568969727, 59.3060379028, 60.9506797791, 17.3464717865, 24.7022438049, 18.9420490265, 30.1704559326, 8.32567405701, 18.8461666107], [11.4279899597, -1.07005476952, 41.7422561646, 16.3139877319, 59.3060379028, 110.148223877, 40.6249885559, 21.6095180511, 14.2896203995, 17.5926647186, 15.6246728897, 9.47243118286, 3.45885801315], [-6.15790939331, 70.4882583618, 3.48379826546, 40.8676643372, 60.9506797791, 40.6249885559, 100.813720703, 31.8937988281, 34.8196640015, 11.1593389511, 25.5077495575, 4.43034315109, 16.5038566589], [11.3497390747, 12.0534181595, 57.9922065735, 16.9780006409, 17.3464717865, 21.6095180511, 31.8937988281, 84.8979263306, 32.7083435059, 17.2928524017, 5.8891954422, 15.5744943619, 21.1656322479], [-26.6954193115, 48.4553833008, 33.7428092957, 37.7269210815, 24.7022438049, 14.2896203995, 34.8196640015, 32.7083435059, 74.1113739014, 21.7247238159, 18.6856384277, 14.4395198822, 2.89544796944], [23.4779853821, 1.67081332207, 17.8876686096, 12.1533746719, 18.9420490265, 17.5926647186, 11.1593389511, 17.2928524017, 21.7247238159, 50.0093536377, 30.3586673737, 7.07716655731, 5.95765113831], [16.7604789734, 37.1334228516, 4.15537071228, 13.762298584, 30.1704559326, 15.6246728897, 25.5077495575, 5.8891954422, 18.6856384277, 30.3586673737, 56.5272979736, 23.9467353821, 8.96922683716], [-19.1055164337, 17.5426902771, 22.7234096527, 5.70350265503, 8.32567405701, 9.47243118286, 4.43034315109, 15.5744943619, 14.4395198822, 7.07716655731, 23.9467353821, 49.7966880798, 27.8818836212], [-11.9459171295, 36.1936378479, 14.2608594894, 1.33173489571, 18.8461666107, 3.45885801315, 16.5038566589, 21.1656322479, 2.89544796944, 5.95765113831, 8.96922683716, 27.8818836212, 55.3673210144]],
        "icov": [[0.00110029510688, -0.000261143693933, 0.000419488555053, -0.00103677203879, 0.0013469994301, -0.00084248976782, 0.000379315548344, -0.000726581609342, 0.00093820085749, -0.000358280085493, -0.00100488355383, 0.000974793627393, -0.000254792539636], [-0.000261143693933, 0.0265181362629, -0.0288445167243, 0.0377394668758, -0.0330486819148, 0.0290830377489, -0.0236904453486, 0.0220853220671, -0.0193569231778, 0.0139667475596, -0.00893010012805, 0.00495280139148, -0.00435631256551], [0.000419488555053, -0.0288445167243, 0.0451724231243, -0.0530780702829, 0.0430459268391, -0.0397626645863, 0.0330530963838, -0.0321439132094, 0.0204918310046, -0.0138522870839, 0.00736409518868, -0.0044178836979, 0.000305877561914], [-0.00103677203879, 0.0377394668758, -0.0530780702829, 0.0776358693838, -0.0597566328943, 0.0513976328075, -0.0426843166351, 0.0389002636075, -0.0313959233463, 0.0171661693603, -0.00674793822691, 0.00255362130702, 0.00149379635695], [0.0013469994301, -0.0330486819148, 0.0430459268391, -0.0597566328943, 0.0625802725554, -0.0478499010205, 0.0303822010756, -0.0306325610727, 0.0243142116815, -0.0150365075096, 0.00218583527021, 0.00115407200065, -0.00400250870734], [-0.00084248976782, 0.0290830377489, -0.0397626645863, 0.0513976328075, -0.0478499010205, 0.051634196192, -0.0350529514253, 0.0276459697634, -0.0187086053193, 0.00870464928448, -0.00218565808609, -0.00304362573661, 0.00468234764412], [0.000379315548344, -0.0236904453486, 0.0330530963838, -0.0426843166351, 0.0303822010756, -0.0350529514253, 0.0463349670172, -0.0285878777504, 0.0104113118723, -0.00165565987118, -0.00619623856619, 0.00863050576299, -0.00666200788692], [-0.000726581609342, 0.0220853220671, -0.0321439132094, 0.0389002636075, -0.0306325610727, 0.0276459697634, -0.0285878777504, 0.0414453037083, -0.0212288890034, 0.00452678464353, 0.00163251673803, -0.000819213630166, -0.00510154338554], [0.00093820085749, -0.0193569231778, 0.0204918310046, -0.0313959233463, 0.0243142116815, -0.0187086053193, 0.0104113118723, -0.0212288890034, 0.0383226163685, -0.0189630556852, 0.00932074338198, -0.0124449916184, 0.0110311619937], [-0.000358280085493, 0.0139667475596, -0.0138522870839, 0.0171661693603, -0.0150365075096, 0.00870464928448, -0.00165565987118, 0.00452678464353, -0.0189630556852, 0.0485666878521, -0.0326406471431, 0.0196509491652, -0.0115573359653], [-0.00100488355383, -0.00893010012805, 0.00736409518868, -0.00674793822691, 0.00218583527021, -0.00218565808609, -0.00619623856619, 0.00163251673803, 0.00932074338198, -0.0326406471431, 0.052365809679, -0.0312610194087, 0.0147859724239], [0.000974793627393, 0.00495280139148, -0.0044178836979, 0.00255362130702, 0.00115407200065, -0.00304362573661, 0.00863050576299, -0.000819213630166, -0.0124449916184, 0.0196509491652, -0.0312610194087, 0.0509898103774, -0.0264899451286], [-0.000254792539636, -0.00435631256551, 0.000305877561914, 0.00149379635695, -0.00400250870734, 0.00468234764412, -0.00666200788692, -0.00510154338554, 0.0110311619937, -0.0115573359653, 0.0147859724239, -0.0264899451286, 0.0373563952744]]
    },
    "melbands": {
        "dmean": [0.000786058022641, 0.00056200765539, 0.000342397717759, 0.00023410441645, 0.000109725857328, 6.97888754075e-05, 6.44710307824e-05, 3.81343925255e-05, 3.100149479e-05, 3.65188352589e-05, 8.42030858621e-05, 5.97641192144e-05, 1.96794371732e-05, 2.79365631286e-05, 2.81222055492e-05, 2.27872351388e-05, 2.066702109e-05, 2.37229105551e-05, 2.1567553631e-05, 2.70341988653e-05, 3.39829457516e-05, 2.36228352151e-05, 2.31768954109e-05, 1.79445487447e-05, 2.15852705878e-05, 2.12852410186e-05, 1.18221450975e-05, 1.05994886326e-05, 1.01637533589e-05, 8.69085033628e-06, 7.51200104787e-06, 6.24333461019e-06, 5.56793384021e-06, 4.94694950248e-06, 2.82173164123e-06, 1.85798478469e-06, 1.08578751679e-06, 8.32977889331e-07, 5.72797546283e-07, 3.04818541963e-07],
        "dmean2": [0.00119711959269, 0.000915219716262, 0.000593241245952, 0.000395308539737, 0.000184799995623, 0.00011173949315, 0.000104157697933, 6.61601152387e-05, 4.91765749757e-05, 5.74391888222e-05, 0.000137269278639, 9.38098382903e-05, 3.06642141368e-05, 4.24672107329e-05, 4.24288737122e-05, 3.52877468686e-05, 3.31773844664e-05, 3.94654671254e-05, 3.50407790393e-05, 4.49963554274e-05, 5.62460627407e-05, 3.97104522563e-05, 3.8293102989e-05, 2.94428846246e-05, 3.52333045157e-05, 3.52479910362e-05, 1.87424466276e-05, 1.68536917045e-05, 1.65182827914e-05, 1.42849066833e-05, 1.24292510009e-05, 1.04980581455e-05, 9.22639537748e-06, 8.09400899016e-06, 4.60933642898e-06, 3.02460080093e-06, 1.78146206053e-06, 1.34587151024e-06, 8.98128121207e-07, 4.73066080531e-07],
        "dvar": [2.28044814321e-06, 9.05180513655e-07, 2.74353311625e-07, 1.05276825479e-07, 2.1122005478e-08, 1.84369373102e-08, 1.7301960753e-08, 4.4092935525e-08, 1.26700667735e-08, 1.49181893505e-08, 6.90759520694e-08, 1.81740382743e-08, 2.44299558361e-09, 3.62347440941e-09, 4.67842342644e-09, 4.35886793326e-09, 1.05239417181e-09, 1.1486881446e-09, 8.85819417817e-10, 1.08562780987e-09, 2.19626405951e-09, 1.37766276165e-09, 1.0358411906e-09, 4.02258670817e-10, 1.40488776168e-09, 1.93744442711e-09, 4.93531715495e-10, 2.86917822834e-10, 5.39458033799e-10, 4.73412808955e-10, 1.85471776826e-10, 6.84242176807e-11, 5.12477005277e-11, 9.26672974466e-11, 2.63409467849e-11, 1.04174828486e-11, 5.80993326366e-12, 6.81788262999e-12, 5.06671397546e-12, 9.44187002888e-13],
        "dvar2": [4.51699361292e-06, 2.19730395656e-06, 7.62094487072e-07, 2.74016656476e-07, 5.8978038453e-08, 4.21276489249e-08, 4.44654517651e-08, 1.26416367152e-07, 3.46111157512e-08, 4.11243057385e-08, 1.92342980654e-07, 4.64591565219e-08, 4.87142326477e-09, 7.61454277409e-09, 1.12039559852e-08, 1.13390354883e-08, 2.53841481168e-09, 3.04680436436e-09, 2.24967999785e-09, 2.65802602151e-09, 5.85937343089e-09, 3.57608520574e-09, 2.63069344086e-09, 9.86777659584e-10, 3.54656659596e-09, 5.23265164531e-09, 1.16200538081e-09, 6.87264356536e-10, 1.31743971288e-09, 1.25135757312e-09, 5.05352759639e-10, 1.71380437619e-10, 1.36739453094e-10, 2.22443841125e-10, 6.67950278421e-11, 2.61113578676e-11, 1.47789124688e-11, 1.78040950038e-11, 1.2133248399e-11, 2.1009576457e-12],
        "max": [0.00989027135074, 0.00839110929519, 0.00588677031919, 0.00403601536527, 0.00192407763097, 0.00288282474503, 0.00174281047657, 0.00482164090499, 0.00357080204412, 0.00362633424811, 0.0061326706782, 0.00252103130333, 0.00127215636894, 0.00112206395715, 0.00188814976718, 0.00219136686064, 0.000585776288062, 0.000566984701436, 0.000515139952768, 0.000763566116802, 0.000777682987973, 0.000701270007994, 0.000615740427747, 0.000425793608883, 0.0006642350927, 0.000787128810771, 0.000332236289978, 0.000357687356882, 0.000501862436067, 0.000354481075192, 0.00035910657607, 0.000140892036143, 0.000140122574521, 0.000250760553172, 0.000106263432826, 6.51979571558e-05, 6.99940137565e-05, 7.73983629188e-05, 7.11944230716e-05, 2.71975823125e-05],
        "mean": [0.000870464544278, 0.000722324708477, 0.000544470618479, 0.000384391925763, 0.000199299567612, 0.000126962069771, 9.57772135735e-05, 5.11112375534e-05, 5.71576565562e-05, 6.13374722889e-05, 0.000137693641591, 0.000108532891318, 4.11142937082e-05, 6.04809501965e-05, 7.29299208615e-05, 5.73105535295e-05, 4.12335175497e-05, 5.15994615853e-05, 4.54196851933e-05, 6.67779240757e-05, 7.89782206994e-05, 4.75813321827e-05, 5.34045720997e-05, 4.37112867075e-05, 4.75524138892e-05, 4.83133735543e-05, 2.90207099169e-05, 2.53675389104e-05, 2.14346327994e-05, 1.79000726348e-05, 1.91280523723e-05, 1.74011238414e-05, 1.46188449435e-05, 1.24787738969e-05, 6.88686304784e-06, 4.47693673777e-06, 2.60885690295e-06, 1.87167961485e-06, 1.25322492295e-06, 6.5336729449e-07],
        "median": [0.000153103261255, 0.000297787191812, 0.000394051981857, 0.000270130491117, 0.000148652325151, 6.82473910274e-05, 5.55482947675e-05, 3.00950250676e-05, 3.63780745829e-05, 3.3568150684e-05, 7.75543448981e-05, 5.53886602574e-05, 2.44758957706e-05, 2.45304418058e-05, 2.40508470597e-05, 2.55158065556e-05, 2.72445795417e-05, 3.09994029521e-05, 3.4204669646e-05, 5.16352411069e-05, 5.23469898326e-05, 3.86866449844e-05, 4.28777821071e-05, 3.78016447939e-05, 3.73192451661e-05, 2.57747051364e-05, 1.62853139045e-05, 1.54169138114e-05, 1.31643018904e-05, 1.30496264319e-05, 1.63084896485e-05, 1.51304575411e-05, 1.23491709019e-05, 1.01822915894e-05, 5.69755820834e-06, 3.40083465744e-06, 2.00849081011e-06, 1.35265577228e-06, 8.20940272206e-07, 4.21412579499e-07],
        "min": [1.13272848878e-08, 1.14500222637e-08, 4.00733446426e-09, 1.18939136318e-09, 2.85476198236e-09, 8.43603686906e-10, 1.90719121052e-10, 6.39792246959e-11, 2.02732566845e-10, 1.37310107728e-09, 2.12425677049e-09, 1.34474076319e-09, 2.46293985207e-10, 3.57030338627e-09, 2.25153673483e-09, 4.33461100346e-10, 1.22282550752e-09, 3.50304396601e-10, 2.26477880894e-09, 1.68898117714e-09, 8.34951607853e-10, 1.30164823364e-09, 8.37602431858e-10, 1.35307642868e-09, 1.06860087445e-09, 1.74862890834e-09, 7.33150706811e-10, 2.92134066937e-10, 4.51832710135e-10, 3.85005138881e-10, 5.16810816364e-10, 2.08170966576e-10, 1.55488733e-10, 1.88790219569e-10, 1.00727023944e-10, 1.26980870263e-10, 6.66106267366e-11, 1.1938346145e-11, 9.25446438232e-12, 2.0167322673e-12],
        "var": [2.79299160866e-06, 1.01675846054e-06, 2.54363925478e-07, 1.33883901299e-07, 3.47137643075e-08, 3.73386725983e-08, 1.84031421213e-08, 2.61757566733e-08, 1.09876152621e-08, 1.32480471038e-08, 5.63053390579e-08, 2.64696460306e-08, 4.73170569393e-09, 1.3617676764e-08, 1.3770920404e-08, 8.11904232734e-09, 2.43532216615e-09, 3.02469693736e-09, 1.78337000722e-09, 2.8843749611e-09, 5.59181945192e-09, 1.72800052045e-09, 2.39451392048e-09, 8.3757550895e-10, 1.90346405304e-09, 3.39394090609e-09, 1.39086830941e-09, 9.96035920409e-10, 8.8573948176e-10, 4.82654860523e-10, 2.42490666436e-10, 1.52041143564e-10, 1.23345680891e-10, 1.54236595717e-10, 3.99797799033e-11, 2.03974077212e-11, 8.02051827731e-12, 7.03277410266e-12, 5.50378839725e-12, 1.36936870263e-12]
    },
    "mfcc": {
        "mean": [-583.424682617, 67.3342208862, -15.6266708374, 35.9246063232, 1.20006275177, 14.2132024765, -5.40755414963, 12.1383647919, 0.0555921643972, -1.65095090866, -4.69089651108, -6.54132509232, -5.64180326462],
        "cov": [[979.828552246, -69.7973937988, 2.63536214828, -5.26397562027, -39.6198234558, -3.43782377243, 11.1866674423, -24.9512405396, -40.775592804, 30.2854557037, -21.5921211243, -6.2844581604, 25.8287239075], [-69.7973937988, 240.196487427, -14.3699789047, 24.6217708588, 18.0911006927, 10.2251653671, 25.9978370667, 22.6836929321, 25.7768268585, 0.803823471069, 15.3301267624, 9.86435985565, 6.80691766739], [2.63536214828, -14.3699789047, 186.632049561, 19.6749649048, 25.2616462708, -9.63605690002, -10.5993175507, 22.3648719788, 25.1653881073, -0.511146664619, 18.6449584961, 19.5152435303, -6.3000664711], [-5.26397562027, 24.6217708588, 19.6749649048, 120.909042358, 21.106338501, 11.7398929596, 11.9306335449, 17.6755218506, 19.6157302856, 15.5972414017, 13.0742530823, 17.8202495575, 6.08182382584], [-39.6198234558, 18.0911006927, 25.2616462708, 21.106338501, 80.1369476318, 33.7164154053, 21.7740211487, 18.0856876373, 18.0308074951, 5.78663730621, 18.8741321564, 14.3957204819, 5.68954324722], [-3.43782377243, 10.2251653671, -9.63605690002, 11.7398929596, 33.7164154053, 96.9475784302, 37.0002632141, 20.2607536316, -2.16610312462, 25.6741924286, 12.3067007065, 8.0603427887, 21.665512085], [11.1866674423, 25.9978370667, -10.5993175507, 11.9306335449, 21.7740211487, 37.0002632141, 82.7051544189, 19.9844474792, 17.2333011627, 21.4214267731, 3.66862750053, 7.89833927155, 17.7074050903], [-24.9512405396, 22.6836929321, 22.3648719788, 17.6755218506, 18.0856876373, 20.2607536316, 19.9844474792, 69.7466125488, 32.2459754944, 13.4291772842, 16.9690895081, 9.30659198761, 6.3856716156], [-40.775592804, 25.7768268585, 25.1653881073, 19.6157302856, 18.0308074951, -2.16610312462, 17.2333011627, 32.2459754944, 66.1555557251, 14.6017246246, 12.3028144836, 5.23294401169, -6.42919063568], [30.2854557037, 0.803823471069, -0.511146664619, 15.5972414017, 5.78663730621, 25.6741924286, 21.4214267731, 13.4291772842, 14.6017246246, 72.9570083618, 17.5264911652, 3.7092499733, 20.5107841492], [-21.5921211243, 15.3301267624, 18.6449584961, 13.0742530823, 18.8741321564, 12.3067007065, 3.66862750053, 16.9690895081, 12.3028144836, 17.5264911652, 49.7894058228, 24.3085155487, 5.90230798721], [-6.2844581604, 9.86435985565, 19.5152435303, 17.8202495575, 14.3957204819, 8.0603427887, 7.89833927155, 9.30659198761, 5.23294401169, 3.7092499733, 24.3085155487, 48.8771591187, 17.6005191803], [25.8287239075, 6.80691766739, -6.3000664711, 6.08182382584, 5.68954324722, 21.665512085, 17.7074050903, 6.3856716156, -6.42919063568, 20.5107841492, 5.90230798721, 17.6005191803, 55.0801811218]],
