{
"lowlevel": {
    "average_loudness": 0.943668007851,
    "barkbands_crest": {
        "dmean": 2.47342896461,
        "dmean2": 3.98503565788,
        "dvar": 5.08715343475,
        "dvar2": 11.2282447815,
        "max": 19.4147663116,
        "mean": 8.04951477051,
        "median": 7.34871006012,
        "min": 2.73632025719,
        "var": 11.3711719513
    },
    "barkbands_flatness_db": {
        "dmean": 0.0213149935007,
        "dmean2": 0.0340346693993,
        "dvar": 0.000472764542792,
        "dvar2": 0.00119644729421,
        "max": 0.28902566433,
        "mean": 0.149061024189,
        "median": 0.143592491746,
        "min": 0.0710619390011,
        "var": 0.0013077899348
    },
    "barkbands_kurtosis": {
        "dmean": 3.07769393921,
        "dmean2": 5.00495386124,
        "dvar": 34.6577262878,
        "dvar2": 86.7782592773,
        "max": 52.931678772,
        "mean": 3.06346964836,
        "median": 0.431340456009,
        "min": -1.8572934866,
        "var": 49.1946640015
    },
    "barkbands_skewness": {
        "dmean": 0.677603542805,
        "dmean2": 1.03638732433,
        "dvar": 0.566039204597,
        "dvar2": 1.25462460518,
        "max": 6.7779083252,
        "mean": 1.28950047493,
        "median": 1.1571611166,
        "min": -2.68733167648,
        "var": 1.89701592922
    },
    "barkbands_spread": {
        "dmean": 6.29572486877,
        "dmean2": 9.82818508148,
        "dvar": 45.6701774597,
        "dvar2": 98.7890548706,
        "max": 100.08656311,
        "mean": 27.9179058075,
        "median": 26.5230522156,
        "min": 3.23955512047,
        "var": 209.474075317
    },
    "dissonance": {
        "dmean": 0.011351137422,
        "dmean2": 0.0191480703652,
        "dvar": 0.000152943655849,
        "dvar2": 0.000420919444878,
        "max": 0.5,
        "mean": 0.480189949274,
        "median": 0.484876275063,
        "min": 0.364215493202,
        "var": 0.000280492473394
    },
    "dynamic_complexity": 2.78339982033,
    "erbbands_crest": {
        "dmean": 2.1332461834,
        "dmean2": 3.50620079041,
        "dvar": 4.61425685883,
        "dvar2": 11.9134893417,
        "max": 23.9421195984,
        "mean": 7.05104207993,
        "median": 6.33115053177,
        "min": 2.30418944359,
        "var": 10.0195264816
    },
    "erbbands_flatness_db": {
        "dmean": 0.0142815979198,
        "dmean2": 0.020873947069,
        "dvar": 0.000221950162086,
        "dvar2": 0.000415388931287,
        "max": 0.288758665323,
        "mean": 0.177077800035,
        "median": 0.174059972167,
        "min": 0.0985464900732,
        "var": 0.00114082556684
    },
    "erbbands_kurtosis": {
        "dmean": 0.836340606213,
        "dmean2": 1.31602072716,
        "dvar": 1.44747400284,
        "dvar2": 3.28605413437,
        "max": 19.8177452087,
        "mean": 0.549249053001,
        "median": -0.0327594280243,
        "min": -1.72193598747,
        "var": 3.61320590973
    },
    "erbbands_skewness": {
        "dmean": 0.305952787399,
        "dmean2": 0.472604215145,
        "dvar": 0.0803125798702,
        "dvar2": 0.168571740389,
        "max": 2.46565055847,
        "mean": -0.382619261742,
        "median": -0.374922662973,
        "min": -2.60799884796,
        "var": 0.546695649624
    },
    "erbbands_spread": {
        "dmean": 8.90867900848,
        "dmean2": 13.3542070389,
        "dvar": 92.7921981812,
        "dvar2": 181.503555298,
        "max": 144.962081909,
        "mean": 40.8245773315,
        "median": 37.1450042725,
        "min": 6.33256196976,
        "var": 442.993255615
    },
    "hfc": {
        "dmean": 5.21684455872,
        "dmean2": 7.48186588287,
        "dvar": 46.954624176,
        "dvar2": 99.3870925903,
        "max": 103.682434082,
        "mean": 19.6822929382,
        "median": 14.0688829422,
        "min": 0.000875692116097,
        "var": 308.604003906
    },
    "melbands_crest": {
        "dmean": 3.64206147194,
        "dmean2": 5.90811014175,
        "dvar": 9.2009677887,
        "dvar2": 20.8356227875,
        "max": 26.4381046295,
        "mean": 13.4410896301,
        "median": 13.152715683,
        "min": 3.0921690464,
        "var": 20.3215236664
    },
    "melbands_flatness_db": {
        "dmean": 0.0287641510367,
        "dmean2": 0.0444599427283,
        "dvar": 0.000855438469443,
        "dvar2": 0.00192772643641,
        "max": 0.34893143177,
        "mean": 0.174520328641,
        "median": 0.168018192053,
        "min": 0.039449878037,
        "var": 0.00333964591846
    },
    "melbands_kurtosis": {
        "dmean": 9.54688072205,
        "dmean2": 15.3865356445,
        "dvar": 331.115631104,
        "dvar2": 811.588562012,
        "max": 191.925109863,
        "mean": 13.5255765915,
        "median": 6.8049621582,
        "min": -1.73985993862,
        "var": 445.195404053
    },
    "melbands_skewness": {
        "dmean": 0.980564713478,
        "dmean2": 1.51380383968,
        "dvar": 1.31863045692,
        "dvar2": 2.89089822769,
        "max": 11.9130077362,
        "mean": 2.72781658173,
        "median": 2.54706144333,
        "min": -0.981936275959,
        "var": 3.45822381973
    },
    "melbands_spread": {
        "dmean": 9.61220836639,
        "dmean2": 14.7340402603,
        "dvar": 123.3671875,
        "dvar2": 238.102600098,
        "max": 149.403442383,
        "mean": 32.9513320923,
        "median": 26.6617012024,
        "min": 2.067735672,
        "var": 550.874328613
    },
    "pitch_salience": {
        "dmean": 0.0722530409694,
        "dmean2": 0.118689313531,
        "dvar": 0.00403728941455,
        "dvar2": 0.010370018892,
        "max": 0.828126192093,
        "mean": 0.598258793354,
        "median": 0.603886365891,
        "min": 0.279425114393,
        "var": 0.00870893802494
    },
    "silence_rate_20dB": {
        "dmean": 0,
        "dmean2": 0,
        "dvar": 0,
        "dvar2": 0,
        "max": 1,
        "mean": 1,
        "median": 1,
        "min": 1,
        "var": 0
    },
    "silence_rate_30dB": {
        "dmean": 0.0108527131379,
        "dmean2": 0.0217222645879,
        "dvar": 0.0107352919877,
        "dvar2": 0.0305605400354,
        "max": 1,
        "mean": 0.993803262711,
        "median": 1,
        "min": 0,
        "var": 0.00615851674229
    },
    "silence_rate_60dB": {
        "dmean": 0.0155038759112,
        "dmean2": 0.0310318078846,
        "dvar": 0.0152634624392,
        "dvar2": 0.0378265753388,
        "max": 1,
        "mean": 0.0348566994071,
        "median": 0,
        "min": 0,
        "var": 0.0336417146027
    },
    "spectral_centroid": {
        "dmean": 248.377105713,
        "dmean2": 382.138366699,
        "dvar": 59794.4179688,
        "dvar2": 135199.265625,
        "max": 3595.50732422,
        "mean": 1634.29724121,
        "median": 1589.2277832,
        "min": 350.696624756,
        "var": 496701.65625
    },
    "spectral_complexity": {
        "dmean": 3.97674417496,
        "dmean2": 5.84949588776,
        "dvar": 19.9964027405,
        "dvar2": 33.8813247681,
        "max": 58,
        "mean": 23.4190559387,
        "median": 20,
        "min": 0,
        "var": 194.601257324
    },
    "spectral_decrease": {
        "dmean": 3.1163680525e-09,
        "dmean2": 4.79636552697e-09,
        "dvar": 2.72248515715e-17,
        "dvar2": 6.32110579162e-17,
        "max": -4.43082988919e-13,
        "mean": -5.90887561103e-09,
        "median": -3.92618959566e-09,
        "min": -4.81696744714e-08,
        "var": 3.55433685863e-17
    },
    "spectral_energy": {
        "dmean": 0.012079118751,
        "dmean2": 0.0185593366623,
        "dvar": 0.00040104042273,
        "dvar2": 0.000927501998376,
        "max": 0.190785989165,
        "mean": 0.024086702615,
        "median": 0.0165420565754,
        "min": 1.75172101535e-06,
        "var": 0.000547409756109
    },
    "spectral_energyband_high": {
        "dmean": 0.000275409576716,
        "dmean2": 0.000378551339963,
        "dvar": 2.12378779452e-07,
        "dvar2": 3.4763169765e-07,
        "max": 0.00931189674884,
        "mean": 0.000831193348859,
        "median": 0.000408347317716,
        "min": 5.24810346292e-08,
        "var": 1.33618084419e-06
    },
    "spectral_energyband_low": {
        "dmean": 0.0090876929462,
        "dmean2": 0.0142878675833,
        "dvar": 0.000325464177877,
        "dvar2": 0.000792540144175,
        "max": 0.145531535149,
        "mean": 0.011178676039,
        "median": 0.00492410548031,
        "min": 1.31123772462e-06,
        "var": 0.000331362360157
    },
    "spectral_energyband_middle_high": {
        "dmean": 0.00164261588361,
        "dmean2": 0.002501741983,
        "dvar": 5.40286737305e-06,
        "dvar2": 1.36815706355e-05,
        "max": 0.0516735352576,
        "mean": 0.00582008901983,
        "median": 0.00389608019032,
        "min": 1.66280543112e-07,
        "var": 3.81405625376e-05
    },
    "spectral_energyband_middle_low": {
        "dmean": 0.00413691531867,
        "dmean2": 0.0063876863569,
        "dvar": 6.16144534433e-05,
        "dvar2": 0.000122670055134,
        "max": 0.0775647237897,
        "mean": 0.00794947426766,
        "median": 0.00484769837931,
        "min": 5.31286389105e-07,
        "var": 9.77950476226e-05
    },
    "spectral_entropy": {
        "dmean": 0.11240375042,
        "dmean2": 0.171181932092,
        "dvar": 0.0128010613844,
        "dvar2": 0.0268904305995,
        "max": 8.52779197693,
        "mean": 7.68083429337,
        "median": 7.70824432373,
        "min": 6.77941083908,
        "var": 0.0619143135846
    },
    "spectral_flux": {
        "dmean": 0.0308455526829,
        "dmean2": 0.0505825653672,
        "dvar": 0.001830924768,
        "dvar2": 0.00445615733042,
        "max": 0.361686885357,
        "mean": 0.0876897647977,
        "median": 0.0741722285748,
        "min": 0.00132352602668,
        "var": 0.00300065707415
    },
    "spectral_kurtosis": {
        "dmean": 1.61029040813,
        "dmean2": 2.73881340027,
        "dvar": 2.70214605331,
        "dvar2": 7.34927082062,
        "max": 16.2004032135,
        "mean": 2.97370624542,
        "median": 2.48721218109,
        "min": -1.30942904949,
        "var": 5.36422395706
    },
    "spectral_rms": {
        "dmean": 0.00105146190617,
        "dmean2": 0.00156872917432,
        "dvar": 2.08429128179e-06,
        "dvar2": 4.46603871751e-06,
        "max": 0.0136430449784,
        "mean": 0.00439622811973,
        "median": 0.0040172864683,
        "min": 4.13400084653e-05,
        "var": 4.17241835748e-06
    },
    "spectral_rolloff": {
        "dmean": 526.862548828,
        "dmean2": 869.581176758,
        "dvar": 684522.25,
        "dvar2": 1452421,
        "max": 9603.80859375,
        "mean": 1741.45739746,
        "median": 1593.45703125,
        "min": 107.666015625,
        "var": 1869578.75
    },
    "spectral_skewness": {
        "dmean": 0.213901400566,
        "dmean2": 0.348300874233,
        "dvar": 0.0406430698931,
        "dvar2": 0.100929364562,
        "max": 2.4987475872,
        "mean": 1.09033477306,
        "median": 1.01152729988,
        "min": 0.0482495985925,
        "var": 0.166921511292
    },
    "spectral_spread": {
        "dmean": 344895.46875,
        "dmean2": 476832.625,
        "dvar": 167997079552,
        "dvar2": 228301537280,
        "max": 12210528,
        "mean": 3720467.75,
        "median": 3539689.75,
        "min": 1731542.375,
        "var": 1.42899229491e+12
    },
    "spectral_strongpeak": {
        "dmean": 0.555631160736,
        "dmean2": 0.98092597723,
        "dvar": 1.21532952785,
        "dvar2": 2.99380946159,
        "max": 12.1084280014,
        "mean": 0.748793721199,
        "median": 0.298076927662,
        "min": 0,
        "var": 1.89771175385
    },
    "zerocrossingrate": {
        "dmean": 0.00968840811402,
        "dmean2": 0.0114463884383,
        "dvar": 0.0001058717462,
        "dvar2": 0.000122901183204,
        "max": 0.2763671875,
        "mean": 0.0652269646525,
        "median": 0.06103515625,
        "min": 0.0107421875,
        "var": 0.0010066323448
    },
    "barkbands": {
        "dmean": [0.000304856308503, 0.00483226869255, 0.00385016924702, 0.00255249626935, 0.00139783963095, 0.000546646944713, 0.000372811016859, 0.000339162885211, 0.000315275916364, 0.00028817934799, 0.000183952826774, 0.000284893234493, 0.000306141504552, 0.00035510348971, 0.000394841830712, 0.000422858051024, 0.000541230314411, 0.000229846205912, 0.000169130333234, 0.00016815699928, 0.000105299644929, 6.21398430667e-05, 4.53793909401e-05, 5.04680283484e-05, 1.37113383971e-05, 1.18812613081e-08, 9.04674390956e-10],
        "dmean2": [0.000476493878523, 0.00740385754034, 0.00681831641123, 0.00409885542467, 0.00229044794105, 0.000884441251401, 0.000640990270767, 0.000561809400097, 0.000498887966387, 0.000455788482213, 0.000282742810668, 0.000452556298114, 0.000497615488712, 0.000585081754252, 0.000679188990034, 0.000695777707733, 0.000896968878806, 0.000379446253646, 0.00026116828667, 0.000271597586107, 0.000164629309438, 8.83611137397e-05, 6.28783673164e-05, 6.9978821557e-05, 1.76347584784e-05, 1.82716597408e-08, 1.66384628297e-09],
        "dvar": [5.73023669403e-07, 0.000107006868348, 6.62031379761e-05, 2.3947635782e-05, 6.72078613206e-06, 9.03256022866e-07, 5.5498543361e-07, 4.60796172774e-07, 4.52826640185e-07, 3.4450093267e-07, 2.98295532275e-07, 5.09849712671e-07, 4.95713322834e-07, 4.80087862798e-07, 1.33797198032e-06, 6.91283503329e-07, 1.03109937299e-06, 1.50556616063e-07, 7.48371817849e-08, 8.36254372416e-08, 3.16960715452e-08, 1.49618877288e-08, 1.04863664419e-08, 2.09099386694e-08, 4.0011509661e-09, 4.88232713061e-15, 1.80140271195e-18],
        "dvar2": [1.25314249999e-06, 0.00023593728838, 0.000184021904715, 5.33962120244e-05, 1.5300591258e-05, 2.10143775803e-06, 1.49936795424e-06, 1.21271045828e-06, 1.08132940113e-06, 8.20581192329e-07, 6.90241279244e-07, 1.44181160522e-06, 1.26755105612e-06, 1.2960258573e-06, 4.00878980145e-06, 1.83353949978e-06, 2.87320449388e-06, 3.98407649982e-07, 1.66666865198e-07, 2.13261486692e-07, 7.35297263077e-08, 2.98046920477e-08, 2.08538875057e-08, 3.66347308045e-08, 6.23172091707e-09, 1.1490888773e-14, 5.46674319695e-18],
        "max": [0.00768042681739, 0.0781708806753, 0.060111105442, 0.0459058955312, 0.0256688240916, 0.00975875742733, 0.00861248187721, 0.0089567489922, 0.0116955479607, 0.0084759388119, 0.0177631471306, 0.0140700377524, 0.00933393090963, 0.0082294922322, 0.0269342772663, 0.0164003148675, 0.0165462587029, 0.00706386240199, 0.00392463011667, 0.00581061560661, 0.00371629535221, 0.00258121895604, 0.00229316949844, 0.0031911872793, 0.00213039456867, 2.23182610171e-06, 1.12615037295e-08],
        "mean": [0.000303177366732, 0.00532275019214, 0.00393640110269, 0.00310531351715, 0.00230370718054, 0.000873698852956, 0.000526265357621, 0.000519787194207, 0.000471025967272, 0.000458821217762, 0.000309744937113, 0.000426996819442, 0.000479250535136, 0.000577997998334, 0.000690974877216, 0.000762157549616, 0.00107956118882, 0.000524613657035, 0.000396963529056, 0.000371739064576, 0.000259215332335, 0.000145314668771, 0.000104963961348, 0.000111725938041, 2.45354858635e-05, 1.81179125036e-08, 7.69018349001e-10],
        "median": [2.48423511948e-05, 0.00137418229133, 0.00196984340437, 0.0012125633657, 0.001358275651, 0.00047912116861, 0.000290017342195, 0.000314222852467, 0.000212670376641, 0.000221663547563, 0.000109992310172, 0.000104059421574, 0.000161706047948, 0.000194131789613, 0.000262762361672, 0.000305053021293, 0.000373251416022, 0.000221280904952, 0.000211192265851, 0.00017507490702, 0.000124344864162, 5.62137975066e-05, 3.69204208255e-05, 3.01956479234e-05, 4.8299334594e-06, 3.70392361226e-09, 2.86330126276e-10],
        "min": [3.49532172095e-08, 4.31829874969e-07, 4.94195660394e-07, 9.69154925201e-08, 4.54781137194e-08, 2.17431743721e-08, 3.27785043552e-09, 3.85949361359e-09, 6.28360075083e-09, 7.8644637469e-09, 2.92860846685e-09, 1.90827886826e-09, 8.3886915192e-09, 1.73234155909e-08, 8.01611399481e-09, 4.28205133574e-08, 2.75054965471e-08, 1.39608591354e-08, 2.6529777486e-08, 1.93010496474e-08, 1.55783439482e-08, 1.09796074454e-08, 8.75291661373e-09, 5.61309532188e-09, 1.20735588194e-09, 2.05334169806e-11, 2.25306006491e-11],
        "var": [6.27662529951e-07, 0.000119304684631, 4.76986897411e-05, 3.04950790451e-05, 9.37238564802e-06, 1.37158770031e-06, 5.89171634147e-07, 5.35503318133e-07, 6.44045314857e-07, 5.86872658914e-07, 7.90289902852e-07, 7.87777253208e-07, 8.36497122236e-07, 1.00252145785e-06, 2.42173086917e-06, 1.41793407238e-06, 2.8610741083e-06, 5.49665287508e-07, 2.21122945732e-07, 2.43330021021e-07, 1.29220396161e-07, 6.19250073441e-08, 4.03318942688e-08, 7.439250993e-08, 1.12496794102e-08, 7.37259425466e-15, 1.67608123023e-18]
    },
    "erbbands": {
        "dmean": [0.146786868572, 1.12807202339, 3.76699256897, 6.80231809616, 6.24654102325, 4.70888757706, 6.31283140182, 3.90981864929, 4.82938098907, 6.0229640007, 7.55185842514, 6.74374628067, 8.5399646759, 8.55161380768, 7.00472402573, 12.2838039398, 12.5018119812, 17.177400589, 18.6285572052, 21.3745307922, 24.7421951294, 22.9581432343, 12.1167182922, 10.4435491562, 8.58480358124, 7.49856901169, 5.62810564041, 3.29099440575, 2.28268289566, 1.77641129494, 1.18849146366, 1.12327849865, 0.737731337547, 0.27652400732, 0.0179672427475, 0.000784923497122, 4.43546887254e-05, 6.7667683652e-06, 6.63416085445e-06, 1.36641911013e-05],
        "dmean2": [0.238157942891, 1.78132116795, 6.51321125031, 11.2892818451, 9.85463047028, 7.74051904678, 10.4940624237, 6.52311420441, 7.93085336685, 10.3341197968, 12.4069442749, 10.6786270142, 13.6705369949, 13.2525033951, 10.4810695648, 19.6305713654, 20.1034545898, 27.593547821, 29.5235862732, 35.6064033508, 40.9622421265, 37.3598098755, 20.1442241669, 16.5432910919, 13.5415744781, 11.8051567078, 8.84788990021, 5.07811832428, 3.23076915741, 2.57260489464, 1.63177478313, 1.60108220577, 0.978414475918, 0.340310424566, 0.0245599802583, 0.00104939460289, 5.72902317799e-05, 8.56192036736e-06, 9.70754626906e-06, 2.08105720958e-05],
        "dvar": [0.101543821394, 6.2225689888, 64.5837478638, 120.38483429, 210.537811279, 60.8636703491, 129.168731689, 46.4870948792, 79.4845046997, 130.200805664, 230.325286865, 217.662597656, 275.767211914, 336.255828857, 337.388519287, 1101.11120605, 776.341918945, 1128.06140137, 1642.58117676, 5204.39257812, 1756.67272949, 1367.06445312, 469.14151001, 265.582336426, 241.096633911, 142.171554565, 86.2525558472, 30.1125659943, 21.0039672852, 12.5695466995, 7.77684020996, 8.2493057251, 5.10203695297, 1.58653068542, 0.0152239864692, 2.62148678303e-05, 4.31932036804e-08, 5.19814580269e-10, 1.04789656119e-10, 4.86406248612e-10],
        "dvar2": [0.245313391089, 13.7364206314, 174.970428467, 293.126861572, 454.417510986, 149.332015991, 312.788726807, 109.790489197, 198.808837891, 345.609405518, 622.7109375, 528.47442627, 685.210205078, 738.594116211, 714.528137207, 3173.22314453, 1925.73950195, 3076.71264648, 4075.21655273, 15577.4072266, 4905.40283203, 3601.65014648, 1272.97253418, 679.503173828, 551.217407227, 355.682434082, 195.540557861, 66.1717987061, 40.1516304016, 25.0233249664, 15.5349397659, 15.2624368668, 8.49420928955, 2.29919266701, 0.0272102039307, 4.48706123279e-05, 6.17007884784e-08, 6.5086069867e-10, 2.14557954736e-10, 1.11462505892e-09],
        "max": [2.08543133736, 19.111661911, 59.5093841553, 83.0497283936, 144.754425049, 100.292182922, 113.987182617, 67.9780349731, 82.4329986572, 128.294906616, 218.680557251, 258.96383667, 199.877792358, 447.995300293, 604.523925781, 706.473632812, 461.078582764, 372.130004883, 867.722473145, 2141.88745117, 553.172668457, 522.527893066, 439.991729736, 220.826568604, 293.726287842, 179.101470947, 147.234817505, 136.729446411, 101.919784546, 77.8452758789, 61.2622070312, 53.3452835083, 55.1480674744, 42.3804473877, 3.37749624252, 0.147655755281, 0.00645101442933, 0.000691554741934, 0.000134110829094, 0.000222998671234],
        "mean": [0.145530089736, 1.24810421467, 4.01002025604, 8.29068565369, 8.28242206573, 7.52156829834, 9.32940006256, 6.15370798111, 7.56008243561, 8.6002664566, 11.8308897018, 10.321187973, 13.4319639206, 14.3087177277, 13.2695989609, 19.1984977722, 21.9122161865, 29.4536838531, 34.665813446, 40.2396888733, 51.8389816284, 49.4029312134, 29.1122322083, 23.9050216675, 19.7336158752, 17.2190265656, 13.508307457, 7.81695699692, 5.34854888916, 4.13013792038, 2.79647064209, 2.45107507706, 1.64802718163, 0.54856801033, 0.0273506678641, 0.00128523563035, 9.96942544589e-05, 1.84131149581e-05, 1.68515762198e-05, 2.99228195217e-05],
        "median": [0.0261503439397, 0.365878582001, 1.98776686192, 4.14301013947, 3.31201648712, 4.73685264587, 4.7511100769, 3.60843682289, 4.1987695694, 4.57889318466, 7.35763120651, 5.04944849014, 6.36983442307, 6.71178770065, 4.77813339233, 5.49915313721, 7.81494951248, 10.5990962982, 13.7452144623, 15.9013261795, 19.8590354919, 21.3246841431, 12.7154083252, 10.9980201721, 10.9309530258, 8.24594306946, 6.16198253632, 3.74339556694, 2.02667236328, 1.77722430229, 0.989153563976, 0.679316699505, 0.430224537849, 0.109839878976, 0.0032059813384, 0.000191754297703, 3.05984031002e-05, 7.70386759541e-06, 1.20158192658e-05, 2.17216929741e-05],
        "min": [1.82509229489e-05, 6.00289204158e-05, 0.000380648416467, 0.00139703450259, 0.000530370278284, 0.000167601654539, 9.37602017075e-05, 0.0002411963942, 7.04444537405e-05, 8.40624343255e-05, 0.000132745393785, 0.000119824129797, 0.00011790964345, 0.000245428702328, 0.000109502601845, 9.61054611253e-05, 0.000266319751972, 0.000640362326521, 0.000864449131768, 0.00141694827471, 0.00175291858613, 0.00134731014259, 0.000891996314749, 0.00126676366199, 0.000893209362403, 0.000974413182121, 0.000983137288131, 0.000336643395713, 0.000393282040022, 0.000250488898018, 0.000266541057499, 0.000136841001222, 9.75328948698e-05, 2.74113172054e-05, 8.13862357063e-07, 1.06624511886e-07, 4.16135996772e-08, 1.56709578647e-08, 4.07097067168e-09, 2.37532149505e-09],
        "var": [0.102793045342, 6.53638076782, 49.305770874, 131.480041504, 265.658538818, 87.0383987427, 177.911331177, 66.7123565674, 105.768127441, 142.511550903, 248.505584717, 279.315948486, 415.738677979, 681.943054199, 1044.53137207, 1639.08190918, 1588.75354004, 2288.06689453, 3787.59106445, 11678.2871094, 5291.24462891, 4310.37304688, 1576.44226074, 858.487792969, 630.787902832, 474.697265625, 338.362060547, 132.023971558, 87.0396347046, 50.347038269, 29.4070911407, 30.425157547, 18.1940975189, 4.78717803955, 0.0315496958792, 5.70865850023e-05, 1.27225192159e-07, 1.9703068066e-09, 2.56480225946e-10, 7.4191058852e-10]
    },
    "gfcc": {
        "mean": [-23.9228057861, 127.502006531, -154.294952393, 73.2128829956, -63.7855033875, 18.9776859283, -36.2027816772, -3.9198141098, -3.62263917923, -21.9876327515, 2.46163487434, -25.4564743042, 4.98151111603],
        "cov": [[3554.02246094, -491.114685059, -492.045196533, 292.751953125, 68.7753143311, 5.30281162262, 94.2580108643, -30.6657218933, -82.7615890503, -43.0661621094, -45.3956108093, 65.1276473999, 6.80580568314], [-491.114685059, 599.25982666, 38.3040275574, -185.20489502, 157.399902344, -32.6989135742, 93.0011367798, -67.8921813965, 44.8217849731, -48.2065582275, 76.431427002, -52.6973648071, 2.42590332031], [-492.045196533, 38.3040275574, 736.375183105, 50.180393219, -180.881607056, 161.416824341, -54.2616996765, 76.8759918213, 15.7501344681, 43.5711479187, -19.1764888763, -15.6136369705, -6.79855728149], [292.751953125, -185.20489502, 50.180393219, 269.004760742, 32.6174736023, -24.7397842407, 16.5675258636, 27.9514865875, 20.830165863, 15.8205060959, -22.8330116272, 29.2302150726, 23.091676712], [68.7753143311, 157.399902344, -180.881607056, 32.6174736023, 294.57131958, 8.79185676575, 84.2972640991, -4.84497833252, 46.7012329102, -21.317445755, 42.0854911804, 2.75376033783, 24.6303424835], [5.30281162262, -32.6989135742, 161.416824341, -24.7397842407, 8.79185676575, 170.866897583, 21.7847499847, 36.1957397461, -5.07025766373, 17.1007003784, 5.81743144989, 3.14919614792, -6.14155387878], [94.2580108643, 93.0011367798, -54.2616996765, 16.5675258636, 84.2972640991, 21.7847499847, 120.028617859, 6.36979341507, 13.5394649506, -14.3956384659, 27.0304317474, 10.8840665817, 6.68879127502], [-30.6657218933, -67.8921813965, 76.8759918213, 27.9514865875, -4.84497833252, 36.1957397461, 6.36979341507, 92.6385650635, 26.8870582581, 19.9835395813, -3.86184597015, 10.5156393051, 8.01784801483], [-82.7615890503, 44.8217849731, 15.7501344681, 20.830165863, 46.7012329102, -5.07025766373, 13.5394649506, 26.8870582581, 71.2210159302, 19.8262042999, 4.94838619232, -4.60139513016, 4.89240455627], [-43.0661621094, -48.2065582275, 43.5711479187, 15.8205060959, -21.317445755, 17.1007003784, -14.3956384659, 19.9835395813, 19.8262042999, 48.2587776184, 7.40674734116, 2.06644964218, 0.411937385798], [-45.3956108093, 76.431427002, -19.1764888763, -22.8330116272, 42.0854911804, 5.81743144989, 27.0304317474, -3.86184597015, 4.94838619232, 7.40674734116, 51.1779251099, 12.5961914062, 0.444312125444], [65.1276473999, -52.6973648071, -15.6136369705, 29.2302150726, 2.75376033783, 3.14919614792, 10.8840665817, 10.5156393051, -4.60139513016, 2.06644964218, 12.5961914062, 43.5951881409, 18.577627182], [6.80580568314, 2.42590332031, -6.79855728149, 23.091676712, 24.6303424835, -6.14155387878, 6.68879127502, 8.01784801483, 4.89240455627, 0.411937385798, 0.444312125444, 18.577627182, 41.4339256287]],
        "icov": [[0.000415123300627, 8.89939765329e-05, 0.000455427885754, -0.00061318196822, 0.000273074401775, -0.000563109933864, -0.000175636712811, 0.000103885278804, 0.000173173772055, 0.000402425095672, -2.5979914426e-05, 9.38556549954e-05, 3.92674664909e-05], [8.89939765329e-05, 0.0143535286188, -0.00720641948283, 0.0105389170349, -0.00644656596705, 0.00955342128873, -0.00937476195395, 0.00856561679393, -0.00720720179379, 0.00940895453095, -0.0135053405538, 0.0136831682175, -0.00803964491934], [0.000455427885754, -0.00720641948283, 0.00731220562011, -0.00789042189717, 0.0066654831171, -0.00927389413118, 0.00596140092239, -0.00497199920937, 0.00140095048118, -0.00170365278609, 0.00326654594392, -0.0029890963342, 0.00176390970591], [-0.00061318196822, 0.0105389170349, -0.00789042189717, 0.015207589604, -0.00839349720627, 0.0116441436112, -0.00885619968176, 0.00593311153352, -0.00392021937296, 0.00104536826257, -0.00224298192188, 0.0030722215306, -0.00419029593468], [0.000273074401775, -0.00644656596705, 0.0066654831171, -0.00839349720627, 0.0125093720853, -0.00970081239939, 0.00377626833506, -0.00327172665857, -0.00362115167081, 0.00394872808829, -0.00328607764095, 0.00116386590526, -0.00284479674883], [-0.000563109933864, 0.00955342128873, -0.00927389413118, 0.0116441436112, -0.00970081239939, 0.0194862000644, -0.00977582111955, 0.00316076749004, 0.00141232262831, -0.00215024733916, -0.00252159871161, 0.00332120945677, -0.000463946198579], [-0.000175636712811, -0.00937476195395, 0.00596140092239, -0.00885619968176, 0.00377626833506, -0.00977582111955, 0.0193604752421, -0.0066404924728, 0.00142249988858, 0.00122024246957, 0.000964633771218, -0.00775591935962, 0.00424438901246], [0.000103885278804, 0.00856561679393, -0.00497199920937, 0.00593311153352, -0.00327172665857, 0.00316076749004, -0.0066404924728, 0.0206169858575, -0.00987126957625, 0.00279643456452, -0.00483998795971, 0.00372437573969, -0.00562541000545], [0.000173173772055, -0.00720720179379, 0.00140095048118, -0.00392021937296, -0.00362115167081, 0.00141232262831, 0.00142249988858, -0.00987126957625, 0.0289525408298, -0.0181863699108, 0.0122519684955, -0.00592571869493, 0.00613835267723], [0.000402425095672, 0.00940895453095, -0.00170365278609, 0.00104536826257, 0.00394872808829, -0.00215024733916, 0.00122024246957, 0.00279643456452, -0.0181863699108, 0.0442182831466, -0.0258331894875, 0.0161591246724, -0.0101437103003], [-2.5979914426e-05, -0.0135053405538, 0.00326654594392, -0.00224298192188, -0.00328607764095, -0.00252159871161, 0.000964633771218, -0.00483998795971, 0.0122519684955, -0.0258331894875, 0.052420578897, -0.0324919186532, 0.0177578609437], [9.38556549954e-05, 0.0136831682175, -0.0029890963342, 0.0030722215306, 0.00116386590526, 0.00332120945677, -0.00775591935962, 0.00372437573969, -0.00592571869493, 0.0161591246724, -0.0324919186532, 0.0564891882241, -0.0271278638393], [3.92674664909e-05, -0.00803964491934, 0.00176390970591, -0.00419029593468, -0.00284479674883, -0.000463946198579, 0.00424438901246, -0.00562541000545, 0.00613835267723, -0.0101437103003, 0.0177578609437, -0.0271278638393, 0.0405983887613]]
    },
    "melbands": {
        "dmean": [0.00132367946208, 0.00178949080873, 0.00118813908193, 0.000345621170709, 0.000217345281271, 8.96680940059e-05, 7.47702142689e-05, 6.74886323395e-05, 6.06418689131e-05, 4.3902087782e-05, 4.33959830843e-05, 3.62274586223e-05, 2.53065809375e-05, 2.86469748971e-05, 3.09133865812e-05, 3.25899854943e-05, 3.47525092366e-05, 3.2259409636e-05, 2.52346890193e-05, 3.38740865118e-05, 3.48418179783e-05, 3.10589566652e-05, 1.8174525394e-05, 9.82227265922e-06, 9.28569443204e-06, 7.29778594177e-06, 6.35361766399e-06, 5.14188923262e-06, 4.03797321269e-06, 3.17616763823e-06, 1.72622242189e-06, 1.43924785334e-06, 1.2275284007e-06, 1.04005550838e-06, 7.81923915838e-07, 6.82665586282e-07, 7.67928554524e-07, 5.37533480838e-07, 5.06313995174e-07, 1.73770629885e-07],
        "dmean2": [0.00205157347955, 0.00297205103561, 0.00194490514696, 0.000551298435312, 0.00035701849265, 0.000146807404235, 0.000125335354824, 0.000114054251753, 9.91994675132e-05, 6.92882749718e-05, 6.94252521498e-05, 5.64472211408e-05, 3.8156456867e-05, 4.50843290309e-05, 5.05528878421e-05, 5.2201517974e-05, 5.59443069506e-05, 5.12969309057e-05, 4.22329758294e-05, 5.67752686038e-05, 5.84098015679e-05, 5.09863748448e-05, 3.07772170345e-05, 1.59252176672e-05, 1.49375719047e-05, 1.16268156489e-05, 1.04309838207e-05, 8.2453370851e-06, 6.37185394226e-06, 5.09754408995e-06, 2.72761803899e-06, 2.12161899071e-06, 1.83219958672e-06, 1.52849634105e-06, 1.13011992653e-06, 9.66605625763e-07, 1.16148180496e-06, 7.49501680275e-07, 6.76456352267e-07, 2.28769764021e-07],
        "dvar": [8.05599211162e-06, 1.516883367e-05, 4.08286314268e-06, 4.82543896396e-07, 1.35555112024e-07, 2.32261463395e-08, 2.06321342233e-08, 1.60631898893e-08, 1.49452095144e-08, 8.78934436344e-09, 7.38096206376e-09, 5.7926579089e-09, 6.20173512544e-09, 6.3900955638e-09, 4.01573529984e-09, 6.6254184361e-09, 4.82483741848e-09, 5.39208055983e-09, 4.7406585324e-09, 6.95247015514e-09, 4.24129087406e-09, 2.83951373525e-09, 1.81328851934e-09, 2.3515700498e-10, 2.17666648594e-10, 1.3658220388e-10, 1.71684916284e-10, 6.61116855705e-11, 4.32342842083e-11, 3.83108544888e-11, 8.75049598753e-12, 8.73020145759e-12, 6.72930938403e-12, 4.48759952809e-12, 3.86976084857e-12, 2.4068590003e-12, 4.30534904602e-12, 2.14829586412e-12, 3.51692069564e-12, 1.10737374132e-12],
        "dvar2": [1.79482940439e-05, 3.90476343455e-05, 9.43309441936e-06, 1.09221139155e-06, 3.19990761e-07, 5.34567554666e-08, 5.29495132184e-08, 4.19620320713e-08, 4.02661441967e-08, 2.10481942986e-08, 1.83558466205e-08, 1.27087966817e-08, 1.39143052635e-08, 1.87567010812e-08, 9.98298155253e-09, 1.61615822947e-08, 1.34306752386e-08, 1.34006388208e-08, 1.40442617536e-08, 1.94442062451e-08, 1.20620970989e-08, 7.61115970249e-09, 5.11385334079e-09, 5.98126270734e-10, 5.6674853699e-10, 3.23535809255e-10, 4.42471642659e-10, 1.61008387178e-10, 9.93499935098e-11, 1.00041717965e-10, 1.95554787641e-11, 1.85574437761e-11, 1.48176818038e-11, 9.38031857051e-12, 8.60458405916e-12, 5.17067248393e-12, 8.64746729085e-12, 3.3599965258e-12, 6.54081476481e-12, 1.9766907295e-12],
        "max": [0.0202138796449, 0.0302393622696, 0.0153880082071, 0.00736629171297, 0.00394701305777, 0.00147742091212, 0.00151692761574, 0.00162642286159, 0.00164549029432, 0.00143358134665, 0.00106914923526, 0.00175430707168, 0.00271539925598, 0.00163536472246, 0.000778083573096, 0.00120841013268, 0.000815501029138, 0.00156357011292, 0.00188810552936, 0.00200311630033, 0.00088619341841, 0.000745374243706, 0.000866152986418, 0.000269866897725, 0.000198564783204, 0.000146768128616, 0.000288396608084, 0.000105799401354, 0.000106574385427, 0.00013946571562, 5.75251142436e-05, 6.12728617853e-05, 6.44388055662e-05, 4.35162874055e-05, 4.12153349316e-05, 2.65738799499e-05, 3.75174095097e-05, 3.2326533983e-05, 4.45045807282e-05, 3.61848833563e-05],
        "mean": [0.00142529245932, 0.00198596110567, 0.00148778420407, 0.000533491373062, 0.000337775010848, 0.000143329554703, 0.000115167626063, 9.76711089606e-05, 9.33891351451e-05, 6.54637842672e-05, 6.68692809995e-05, 5.77533101023e-05, 4.4639029511e-05, 4.41430893261e-05, 4.89041522087e-05, 5.06936230522e-05, 5.45127695659e-05, 5.52480851184e-05, 4.77251778648e-05, 5.70989577682e-05, 6.60789446556e-05, 5.93541990384e-05, 3.35707954946e-05, 2.19661778829e-05, 1.88604080904e-05, 1.50438336277e-05, 1.30457847263e-05, 1.09670745587e-05, 8.77528236742e-06, 6.95675726092e-06, 3.66700191989e-06, 3.01171780848e-06, 2.6709390113e-06, 2.19329058382e-06, 1.63091499417e-06, 1.44316970818e-06, 1.53770361067e-06, 1.19253218145e-06, 9.68085601016e-07, 2.75348753576e-07],
        "median": [0.000306236557662, 0.000892244977877, 0.000703330209944, 0.000286146358121, 0.000182255520485, 8.31841753097e-05, 6.25640095677e-05, 5.3003001085e-05, 5.75921039854e-05, 2.95939353236e-05, 3.17676713166e-05, 2.53274538409e-05, 1.5321018509e-05, 1.12449179142e-05, 1.76546054718e-05, 1.54953559104e-05, 1.72845266206e-05, 2.05500728043e-05, 1.82364528882e-05, 2.00358881557e-05, 2.16646712943e-05, 2.29729157581e-05, 1.46553929881e-05, 8.5645215222e-06, 8.18116768642e-06, 7.82594543125e-06, 6.65040670356e-06, 4.96855000165e-06, 3.84339955417e-06, 3.04282116304e-06, 1.71721160314e-06, 1.1003058944e-06, 1.06628988306e-06, 8.86011605417e-07, 5.94675611865e-07, 4.21906719339e-07, 4.18262686708e-07, 3.156798698e-07, 2.20789345917e-07, 3.99677411167e-08],
        "min": [1.43955361409e-07, 1.46633482245e-07, 2.12190826687e-07, 1.8762275289e-08, 3.90861520927e-09, 4.81212047987e-09, 1.09742592791e-09, 9.07382335935e-10, 1.32887922888e-09, 6.29744478786e-10, 6.50002329738e-10, 1.09822706484e-09, 3.88530263518e-10, 2.18990062195e-10, 2.93672364204e-10, 9.09931852089e-10, 1.28510890818e-09, 1.6562629046e-09, 7.18294590474e-10, 3.54065909924e-09, 1.62213065202e-09, 1.43504197414e-09, 1.13025622195e-09, 6.83121836875e-10, 1.06276398792e-09, 1.10557296651e-09, 4.28446889078e-10, 6.61545429548e-10, 6.91738111236e-10, 3.30236976653e-10, 1.63231081429e-10, 2.30515134758e-10, 2.05150438304e-10, 1.10891108795e-10, 1.55081919528e-10, 1.32926683549e-10, 6.93148941022e-11, 6.49836920386e-11, 6.19979415029e-11, 9.07637333347e-12],
        "var": [9.00787927094e-06, 1.29338332044e-05, 4.80464450447e-06, 6.2322692429e-07, 2.04592083719e-07, 3.53023104083e-08, 2.57123584646e-08, 1.85153794519e-08, 1.59525423982e-08, 1.21630225891e-08, 1.08800870535e-08, 1.13683649161e-08, 1.74015823973e-08, 9.55851131579e-09, 7.03619251752e-09, 1.08015605349e-08, 8.71061534014e-09, 1.04276338675e-08, 1.33127597834e-08, 1.47760355063e-08, 1.12820259801e-08, 7.59817275764e-09, 2.97775049063e-09, 8.66008764699e-10, 5.7741939008e-10, 3.52222001565e-10, 3.39675981786e-10, 2.04805297721e-10, 1.43808812081e-10, 1.17736154159e-10, 3.12650461076e-11, 2.85945381956e-11, 2.30044819999e-11, 1.58564394254e-11, 1.10405165912e-11, 8.66745997891e-12, 1.33697644969e-11, 8.45482364675e-12, 9.96611213694e-12, 2.2999304284e-12]
    },
    "mfcc": {
        "mean": [-634.910827637, 113.638252258, -8.32343101501, 35.4727859497, 11.8909101486, 9.55693435669, -3.58420944214, 5.44908952713, -0.384002447128, 6.83804702759, -5.63246536255, 1.59604072571, -5.72190904617],
        "cov": [[3996.79467773, -676.611083984, -651.663818359, 268.745452881, -110.789779663, 97.7214736938, 54.2425384521, 74.6947174072, 14.574092865, -103.109481812, -137.588058472, 97.4031829834, -9.24186897278], [-676.611083984, 733.596801758, -63.217464447, -132.101882935, 41.0666236877, 24.3358612061, 54.9158630371, 6.92808628082, -43.0296440125, 28.0865039825, 50.2015151978, -10.2679986954, -15.0356788635], [-651.663818359, -63.217464447, 860.998657227, -87.3080062866, -3.11984682083, -4.44612503052, -20.250951767, -12.9674119949, 26.5172958374, 28.7496299744, 66.2708816528, -51.4976882935, -0.306408464909], [268.745452881, -132.101882935, -87.3080062866, 273.392181396, 22.4704189301, 3.85865211487, -15.2108325958, 17.9390048981, 33.9999046326, -2.34796094894, -32.2173919678, 22.7754402161, 18.49310112], [-110.789779663, 41.0666236877, -3.11984682083, 22.4704189301, 147.901977539, 34.9396934509, 20.481760025, 20.5668392181, 31.2016677856, 28.3414916992, 17.3539295197, 6.85446023941, 13.7165651321], [97.7214736938, 24.3358612061, -4.44612503052, 3.85865211487, 34.9396934509, 104.571632385, 48.0834655762, 24.2225933075, 4.72286510468, 9.65401935577, 4.38595485687, 11.1550827026, 0.614393234253], [54.2425384521, 54.9158630371, -20.250951767, -15.2108325958, 20.481760025, 48.0834655762, 101.227096558, 46.7211341858, 4.27007341385, -3.27891731262, 11.1275939941, 16.2525806427, 5.09456682205], [74.6947174072, 6.92808628082, -12.9674119949, 17.9390048981, 20.5668392181, 24.2225933075, 46.7211341858, 76.4204864502, 27.88621521, 2.33583903313, 5.89059209824, 18.6820316315, 9.09062957764], [14.574092865, -43.0296440125, 26.5172958374, 33.9999046326, 31.2016677856, 4.72286510468, 4.27007341385, 27.88621521, 71.5033798218, 23.2275733948, 2.13523364067, 8.27415180206, 14.645690918], [-103.109481812, 28.0865039825, 28.7496299744, -2.34796094894, 28.3414916992, 9.65401935577, -3.27891731262, 2.33583903313, 23.2275733948, 55.9133110046, 22.5530719757, -1.96559298038, 0.760704755783], [-137.588058472, 50.2015151978, 66.2708816528, -32.2173919678, 17.3539295197, 4.38595485687, 11.1275939941, 5.89059209824, 2.13523364067, 22.5530719757, 60.5953903198, 12.3753767014, -4.46953821182], [97.4031829834, -10.2679986954, -51.4976882935, 22.7754402161, 6.85446023941, 11.1550827026, 16.2525806427, 18.6820316315, 8.27415180206, -1.96559298038, 12.3753767014, 58.1944770813, 15.8668861389], [-9.24186897278, -15.0356788635, -0.306408464909, 18.49310112, 13.7165651321, 0.614393234253, 5.09456682205, 9.09062957764, 14.645690918, 0.760704755783, -4.46953821182, 15.8668861389, 45.5437164307]],
