{
"lowlevel": {
    "average_loudness": 0.935492515564,
    "barkbands_crest": {
        "dmean": 2.15436649323,
        "dmean2": 3.4645755291,
        "dvar": 3.87047195435,
        "dvar2": 9.23023891449,
        "max": 24.7957878113,
        "mean": 8.80710792542,
        "median": 8.07270050049,
        "min": 2.95108914375,
        "var": 11.699054718
    },
    "barkbands_flatness_db": {
        "dmean": 0.017441958189,
        "dmean2": 0.0275238733739,
        "dvar": 0.000211325168493,
        "dvar2": 0.000497356406413,
        "max": 0.372158735991,
        "mean": 0.207990944386,
        "median": 0.205725595355,
        "min": 0.0961851030588,
        "var": 0.00123715912923
    },
    "barkbands_kurtosis": {
        "dmean": 1.17554926872,
        "dmean2": 1.84532630444,
        "dvar": 4.75711917877,
        "dvar2": 10.2951374054,
        "max": 54.7858581543,
        "mean": 0.995022177696,
        "median": 0.268583536148,
        "min": -1.84346807003,
        "var": 9.41604804993
    },
    "barkbands_skewness": {
        "dmean": 0.366869360209,
        "dmean2": 0.553456246853,
        "dvar": 0.145736441016,
        "dvar2": 0.284245014191,
        "max": 6.74334573746,
        "mean": 0.764842808247,
        "median": 0.798112630844,
        "min": -1.37806797028,
        "var": 0.815991520882
    },
    "barkbands_spread": {
        "dmean": 3.5048930645,
        "dmean2": 5.24281692505,
        "dvar": 23.4556884766,
        "dvar2": 41.4387702942,
        "max": 83.7746734619,
        "mean": 17.4442272186,
        "median": 15.1790513992,
        "min": 1.27116787434,
        "var": 97.631652832
    },
    "dissonance": {
        "dmean": 0.020680077374,
        "dmean2": 0.0350285805762,
        "dvar": 0.000386356608942,
        "dvar2": 0.00108896626625,
        "max": 0.499999970198,
        "mean": 0.460836708546,
        "median": 0.466237723827,
        "min": 0.341756016016,
        "var": 0.000647272972856
    },
    "dynamic_complexity": 3.64853024483,
    "erbbands_crest": {
        "dmean": 2.54324841499,
        "dmean2": 3.9839360714,
        "dvar": 6.97308063507,
        "dvar2": 15.593580246,
        "max": 29.5822486877,
        "mean": 9.74447154999,
        "median": 8.55535125732,
        "min": 3.22098278999,
        "var": 20.9026908875
    },
    "erbbands_flatness_db": {
        "dmean": 0.0133936014026,
        "dmean2": 0.0192496459931,
        "dvar": 0.000205417411053,
        "dvar2": 0.000351820373908,
        "max": 0.354802250862,
        "mean": 0.254443973303,
        "median": 0.258377343416,
        "min": 0.127307146788,
        "var": 0.00134067004547
    },
    "erbbands_kurtosis": {
        "dmean": 0.689194440842,
        "dmean2": 1.07599639893,
        "dvar": 0.875495016575,
        "dvar2": 1.98070430756,
        "max": 16.6074829102,
        "mean": 0.213620424271,
        "median": -0.229923725128,
        "min": -1.69891059399,
        "var": 2.25102853775
    },
    "erbbands_skewness": {
        "dmean": 0.30931147933,
        "dmean2": 0.472395569086,
        "dvar": 0.0955955535173,
        "dvar2": 0.210369721055,
        "max": 3.67548894882,
        "mean": 0.0138588454574,
        "median": 0.034019164741,
        "min": -2.85448813438,
        "var": 0.403602838516
    },
    "erbbands_spread": {
        "dmean": 4.89204549789,
        "dmean2": 7.182284832,
        "dvar": 49.5253448486,
        "dvar2": 81.4881134033,
        "max": 110.668395996,
        "mean": 25.7221317291,
        "median": 23.3945465088,
        "min": 5.69326925278,
        "var": 206.377471924
    },
    "hfc": {
        "dmean": 5.3055062294,
        "dmean2": 7.40806627274,
        "dvar": 66.6514053345,
        "dvar2": 117.227027893,
        "max": 111.228561401,
        "mean": 19.2686271667,
        "median": 10.6399536133,
        "min": 0.000203337316634,
        "var": 348.586395264
    },
    "melbands_crest": {
        "dmean": 2.53505063057,
        "dmean2": 4.11808490753,
        "dvar": 5.84289646149,
        "dvar2": 13.8553581238,
        "max": 31.3994960785,
        "mean": 11.3184957504,
        "median": 10.3804473877,
        "min": 4.01302194595,
        "var": 17.5703372955
    },
    "melbands_flatness_db": {
        "dmean": 0.0176809765399,
        "dmean2": 0.0261168219149,
        "dvar": 0.000291704054689,
        "dvar2": 0.00055874051759,
        "max": 0.435166150331,
        "mean": 0.227494195104,
        "median": 0.216820955276,
        "min": 0.0659398287535,
        "var": 0.0030582761392
    },
    "melbands_kurtosis": {
        "dmean": 2.1173017025,
        "dmean2": 3.31653761864,
        "dvar": 13.951675415,
        "dvar2": 31.9108715057,
        "max": 86.091506958,
        "mean": 3.57927703857,
        "median": 1.91062831879,
        "min": -1.74529647827,
        "var": 33.9249382019
    },
    "melbands_skewness": {
        "dmean": 0.422300368547,
        "dmean2": 0.635576665401,
        "dvar": 0.191147774458,
        "dvar2": 0.376648575068,
        "max": 7.48520088196,
        "mean": 1.41306293011,
        "median": 1.3310918808,
        "min": -0.883809387684,
        "var": 1.12156224251
    },
    "melbands_spread": {
        "dmean": 5.39573717117,
        "dmean2": 8.04282855988,
        "dvar": 44.0122375488,
        "dvar2": 78.2019805908,
        "max": 161.852050781,
        "mean": 26.6609420776,
        "median": 22.3125133514,
        "min": 1.58332252502,
        "var": 243.580688477
    },
    "pitch_salience": {
        "dmean": 0.0584420822561,
        "dmean2": 0.0952120795846,
        "dvar": 0.00253982329741,
        "dvar2": 0.0064418008551,
        "max": 0.840684711933,
        "mean": 0.585701942444,
        "median": 0.594816923141,
        "min": 0.244975626469,
        "var": 0.00831018388271
    },
    "silence_rate_20dB": {
        "dmean": 0,
        "dmean2": 0,
        "dvar": 0,
        "dvar2": 0,
        "max": 1,
        "mean": 1,
        "median": 1,
        "min": 1,
        "var": 0
    },
    "silence_rate_30dB": {
        "dmean": 0,
        "dmean2": 0,
        "dvar": 0,
        "dvar2": 0,
        "max": 1,
        "mean": 1,
        "median": 1,
        "min": 1,
        "var": 0
    },
    "silence_rate_60dB": {
        "dmean": 0.0139426803216,
        "dmean2": 0.0278961639851,
        "dvar": 0.0137484204024,
        "dvar2": 0.0302175302058,
        "max": 1,
        "mean": 0.0704607069492,
        "median": 0,
        "min": 0,
        "var": 0.0654951110482
    },
    "spectral_centroid": {
        "dmean": 181.305801392,
        "dmean2": 259.877532959,
        "dvar": 41664.4882812,
        "dvar2": 64353.3710938,
        "max": 3201.26660156,
        "mean": 1275.44970703,
        "median": 1092.8840332,
        "min": 260.095977783,
        "var": 410428.25
    },
    "spectral_complexity": {
        "dmean": 2.31371021271,
        "dmean2": 3.57845807076,
        "dvar": 5.24940299988,
        "dvar2": 10.6111602783,
        "max": 42,
        "mean": 16.996515274,
        "median": 17,
        "min": 0,
        "var": 32.948890686
    },
    "spectral_decrease": {
        "dmean": 1.02903086052e-09,
        "dmean2": 1.49453294185e-09,
        "dvar": 1.91455047319e-18,
        "dvar2": 3.51295954731e-18,
        "max": -5.68772798499e-14,
        "mean": -4.17440970679e-09,
        "median": -3.37637162673e-09,
        "min": -2.00100611636e-08,
        "var": 9.43047109676e-18
    },
    "spectral_energy": {
        "dmean": 0.00429765880108,
        "dmean2": 0.00620962306857,
        "dvar": 3.38469071721e-05,
        "dvar2": 6.13598822383e-05,
        "max": 0.0777620822191,
        "mean": 0.0175029095262,
        "median": 0.0138497967273,
        "min": 2.3311089592e-07,
        "var": 0.000171784238773
    },
    "spectral_energyband_high": {
        "dmean": 0.000152852313477,
        "dmean2": 0.000220376983634,
        "dvar": 1.04401912893e-07,
        "dvar2": 1.89470085843e-07,
        "max": 0.00594211369753,
        "mean": 0.000315237411996,
        "median": 7.83618233982e-05,
        "min": 1.58649526849e-09,
        "var": 3.12798960067e-07
    },
    "spectral_energyband_low": {
        "dmean": 0.000439874944277,
        "dmean2": 0.000703819096088,
        "dvar": 3.99448282451e-07,
        "dvar2": 9.21787091102e-07,
        "max": 0.015423563309,
        "mean": 0.00162766431458,
        "median": 0.00081641151337,
        "min": 6.21696738534e-09,
        "var": 3.56939767698e-06
    },
    "spectral_energyband_middle_high": {
        "dmean": 0.00279706949368,
        "dmean2": 0.00390253867954,
        "dvar": 2.29640590987e-05,
        "dvar2": 4.17431947426e-05,
        "max": 0.0571701936424,
        "mean": 0.00890100095421,
        "median": 0.00302832433954,
        "min": 7.48980042431e-08,
        "var": 0.000104552833363
    },
    "spectral_energyband_middle_low": {
        "dmean": 0.00259263953194,
        "dmean2": 0.00396443717182,
        "dvar": 1.49496891027e-05,
        "dvar2": 3.0602888728e-05,
        "max": 0.0751007273793,
        "mean": 0.00739924283698,
        "median": 0.0058253640309,
        "min": 1.55345730946e-07,
        "var": 3.9685950469e-05
    },
    "spectral_entropy": {
        "dmean": 0.133045718074,
        "dmean2": 0.189385712147,
        "dvar": 0.0164070017636,
        "dvar2": 0.0292718652636,
        "max": 8.32306289673,
        "mean": 6.98760223389,
        "median": 6.9624786377,
        "min": 5.93489789963,
        "var": 0.107748530805
    },
    "spectral_flux": {
        "dmean": 0.0200534202158,
        "dmean2": 0.0307183582336,
        "dvar": 0.000531411904376,
        "dvar2": 0.00119049462955,
        "max": 0.255438029766,
        "mean": 0.0656562894583,
        "median": 0.0547387264669,
        "min": 0.000482815579744,
        "var": 0.00192293780856
    },
    "spectral_kurtosis": {
        "dmean": 4.96940326691,
        "dmean2": 8.61125087738,
        "dvar": 27.8514118195,
        "dvar2": 81.5727767944,
        "max": 76.8739242554,
        "mean": 9.31295776367,
        "median": 7.07693576813,
        "min": -1.404925704,
        "var": 73.4903564453
    },
    "spectral_rms": {
        "dmean": 0.000480777292978,
        "dmean2": 0.000688612344675,
        "dvar": 3.01941867065e-07,
        "dvar2": 4.9959402304e-07,
        "max": 0.00871007703245,
        "mean": 0.00381935550831,
        "median": 0.00367586687207,
        "min": 1.50806254169e-05,
        "var": 2.48851074502e-06
    },
    "spectral_rolloff": {
        "dmean": 344.123962402,
        "dmean2": 578.903015137,
        "dvar": 536871.1875,
        "dvar2": 1067314.625,
        "max": 8871.6796875,
        "mean": 1647.36413574,
        "median": 1421.19140625,
        "min": 215.33203125,
        "var": 1365610
    },
    "spectral_skewness": {
        "dmean": 0.440586686134,
        "dmean2": 0.742542505264,
        "dvar": 0.157697945833,
        "dvar2": 0.445098429918,
        "max": 6.38786077499,
        "mean": 1.80234849453,
        "median": 1.70874476433,
        "min": -0.0208990871906,
        "var": 0.612004339695
    },
    "spectral_spread": {
        "dmean": 324231.0625,
        "dmean2": 442442.25,
        "dvar": 399883206656,
        "dvar2": 458576363520,
        "max": 17965430,
        "mean": 2590172.25,
        "median": 2320433,
        "min": 984016.8125,
        "var": 1.95449153126e+12
    },
    "spectral_strongpeak": {
        "dmean": 0.883179724216,
        "dmean2": 1.39211785793,
        "dvar": 1.82536363602,
        "dvar2": 4.06161022186,
        "max": 13.8599920273,
        "mean": 1.90002846718,
        "median": 0.671167910099,
        "min": 0.00115127395838,
        "var": 5.37443685532
    },
    "zerocrossingrate": {
        "dmean": 0.00705038802698,
        "dmean2": 0.00782725587487,
        "dvar": 0.000104347098386,
        "dvar2": 9.87085149973e-05,
        "max": 0.28857421875,
        "mean": 0.0545563101768,
        "median": 0.048828125,
        "min": 0.01220703125,
        "var": 0.000801714078989
    },
    "barkbands": {
        "dmean": [7.46287753373e-07, 0.000130527972942, 0.000292265729513, 0.000348962581484, 0.00107436079998, 0.000795909378212, 0.000482471747091, 0.000181084542419, 0.000723198463675, 0.00111694657244, 0.000345694512362, 0.000719433359336, 0.000379313947633, 0.000771638937294, 0.000570115400478, 0.000688611587975, 0.00017816433683, 0.000112725596409, 0.000218173867324, 0.000162668336998, 2.44894818024e-05, 6.29504165772e-06, 2.19690064114e-05, 3.74267474399e-05, 2.04602019949e-06, 2.27434004962e-09, 1.00676267323e-09],
        "dmean2": [1.26795441702e-06, 0.000212916987948, 0.000471514533274, 0.000625006738119, 0.00181240832899, 0.00122610502876, 0.000765367003623, 0.000283073139144, 0.00107004004531, 0.00168905989267, 0.000530473829713, 0.00102592969779, 0.000594928627834, 0.00116539048031, 0.000895061471965, 0.000995856244117, 0.000273332174402, 0.000170898856595, 0.000315773126204, 0.000241312212893, 3.9348979044e-05, 8.93863307283e-06, 3.06560759782e-05, 5.33788042958e-05, 3.04946865981e-06, 3.66868868618e-09, 1.82461690201e-09],
        "dvar": [3.47561627916e-12, 4.55904647367e-08, 1.8858068529e-07, 1.6303502548e-07, 3.52491770172e-06, 2.90158823191e-06, 1.0611011021e-06, 4.41053003897e-07, 4.66044139102e-06, 9.78919342742e-06, 2.10522762245e-06, 2.37234917222e-06, 9.18482783163e-07, 4.55538383903e-06, 3.45099988408e-06, 3.92084712075e-06, 2.67434614898e-07, 9.45134317476e-08, 1.85775434147e-07, 1.21625106431e-07, 5.21334708736e-09, 5.96972860034e-10, 9.09194852738e-09, 2.48713760698e-08, 9.4191793254e-11, 9.55822351754e-17, 6.72003390794e-18],
        "dvar2": [8.97219971929e-12, 1.04061655293e-07, 4.42087213059e-07, 5.00431269757e-07, 8.15701696411e-06, 5.76087222726e-06, 2.59231683231e-06, 9.03752663817e-07, 8.54589416122e-06, 2.1465943064e-05, 4.0709383029e-06, 4.62830394099e-06, 1.98667066797e-06, 1.01690548036e-05, 8.06683237897e-06, 7.83204359323e-06, 6.35667163351e-07, 2.11903056879e-07, 3.76934821134e-07, 2.43281988332e-07, 1.3162809509e-08, 1.13154297043e-09, 1.45369138949e-08, 4.14389482728e-08, 1.95021332416e-10, 2.26521015233e-16, 1.88080903155e-17],
        "max": [3.92825095332e-05, 0.00435170345008, 0.0105613423511, 0.00558317825198, 0.0507418811321, 0.0285571683198, 0.0184767208993, 0.0242115873843, 0.0421159006655, 0.0447866246104, 0.0348796844482, 0.0267185494304, 0.0184373445809, 0.0313515998423, 0.0321958661079, 0.0282200668007, 0.0101558491588, 0.00521004013717, 0.00635229377076, 0.00534114381298, 0.00126760732383, 0.000546087336261, 0.00375238806009, 0.0043288897723, 0.000199797039386, 2.38994459778e-07, 4.78941544202e-08],
        "mean": [7.22597860658e-07, 0.000306722387904, 0.000931980612222, 0.00074590370059, 0.00206632749178, 0.00146297330502, 0.0010014444124, 0.000370576774003, 0.00116940273438, 0.00178219249938, 0.000587601563893, 0.00151244481094, 0.000707446830347, 0.0012520555174, 0.00077498704195, 0.00126329378691, 0.000363178492989, 0.000191433558939, 0.000539588916581, 0.000324261694914, 3.99381497118e-05, 1.00723709693e-05, 3.53558425559e-05, 6.02444779361e-05, 2.76690502687e-06, 2.40215647374e-09, 7.77975073252e-10],
        "median": [2.14467178239e-07, 0.000146571474033, 0.000419940130087, 0.000396895222366, 0.00143432384357, 0.000747278623749, 0.00055844389135, 0.000197514367756, 0.000254529819358, 0.000344250409398, 0.000168048209161, 0.00035674899118, 0.000338715588441, 0.000200476351893, 0.000169630526216, 0.00012138918828, 6.88433137839e-05, 5.3214491345e-05, 6.14218006376e-05, 4.82347240904e-05, 6.89475746185e-06, 1.59833439284e-06, 3.74878072762e-06, 5.60865464649e-06, 1.55077572117e-07, 4.36085723088e-10, 2.02972749719e-10],
        "min": [1.17081205842e-10, 2.85901469166e-10, 1.58024049401e-09, 8.9721359231e-09, 2.37715873652e-08, 1.61415432132e-08, 1.20059215902e-08, 5.52307319879e-08, 3.45168196247e-08, 2.46763747214e-08, 5.57680790436e-09, 1.70490943585e-09, 1.81422410428e-09, 1.01692023691e-08, 6.56811716127e-09, 1.0389216154e-09, 9.69563651587e-10, 6.41543529412e-09, 5.78535530593e-09, 2.00484873147e-09, 1.53697367333e-11, 1.10713079329e-11, 1.05836492348e-10, 1.42395928382e-10, 7.99723481881e-12, 2.78037575602e-12, 4.9715145195e-12],
        "var": [3.2609806782e-12, 2.00041256448e-07, 1.37940412515e-06, 7.41185544939e-07, 6.86319253873e-06, 5.70558768231e-06, 1.84803172942e-06, 8.28805070796e-07, 8.94474032975e-06, 1.67914695339e-05, 4.37174458057e-06, 7.7397626228e-06, 1.85635087746e-06, 8.63597779244e-06, 4.510328381e-06, 1.01078348962e-05, 8.49684397508e-07, 1.91564382135e-07, 8.34106344882e-07, 3.73491332084e-07, 9.06318309291e-09, 1.49127166171e-09, 2.20756106728e-08, 6.41485016217e-08, 1.8142772007e-10, 1.18809433689e-16, 4.93513158806e-18]
    },
    "erbbands": {
        "dmean": [0.00111729849596, 0.0390513017774, 0.267318129539, 0.668998897076, 3.58525323868, 3.04702782631, 3.35275316238, 7.92413139343, 7.9711971283, 5.64552545547, 4.01603555679, 12.8551664352, 34.9088134766, 25.2154846191, 14.058221817, 25.0417137146, 14.5520172119, 30.2592868805, 33.812286377, 31.3114776611, 27.2660694122, 9.78413486481, 5.37072896957, 10.3513936996, 9.53482913971, 6.63386297226, 2.29618144035, 0.230934008956, 0.22496034205, 0.343106925488, 0.686663627625, 1.05595183372, 0.4347217381, 0.0584940612316, 0.0017891919706, 0.000106512808998, 1.39190815389e-05, 3.39477401212e-06, 2.95615086543e-06, 5.35406388735e-06],
        "dmean2": [0.00186059111729, 0.0631301179528, 0.422757774591, 1.1403554678, 6.49835538864, 4.87551689148, 5.25560379028, 12.1729955673, 12.2824716568, 9.52416133881, 6.11040067673, 19.1382312775, 52.6457023621, 37.2691345215, 20.591299057, 35.6348381042, 21.8217487335, 46.0983161926, 51.4111366272, 46.0444030762, 38.9671363831, 14.1643638611, 7.95245313644, 15.1938552856, 13.6811733246, 9.55272769928, 3.38563132286, 0.342949151993, 0.32517144084, 0.493859916925, 0.963323116302, 1.5332788229, 0.611566483974, 0.0819124728441, 0.00255045644008, 0.000150504682097, 1.9582137611e-05, 4.79181107949e-06, 4.21884305979e-06, 7.69416055846e-06],
        "dvar": [2.93350785796e-06, 0.00420552771538, 0.175830021501, 0.675858616829, 21.7829437256, 59.2258300781, 245.184127808, 281.119506836, 323.227172852, 175.165405273, 187.42300415, 1494.43896484, 9833.96386719, 8323.68457031, 2087.04833984, 2878.11376953, 862.041137695, 6863.19970703, 10005.6953125, 7938.70703125, 7612.72949219, 660.124511719, 187.946487427, 425.981262207, 329.720581055, 181.048431396, 36.5213241577, 0.26048502326, 0.732096493244, 2.28685164452, 8.74390506744, 19.0819778442, 5.37003564835, 0.0731674656272, 7.44995413697e-05, 2.27252328955e-07, 2.55481724665e-09, 1.00466260311e-10, 1.84255267294e-11, 5.21755763594e-11],
        "dvar2": [7.65433378547e-06, 0.00921651348472, 0.380351364613, 1.86837911606, 66.0840530396, 115.736503601, 617.061340332, 572.554626465, 753.77166748, 467.150512695, 331.857879639, 3202.19775391, 22338.0292969, 15130.8515625, 3619.41772461, 5750.95263672, 1832.21582031, 15442.7402344, 22687.7890625, 17331.953125, 14493.9492188, 1346.48461914, 373.17956543, 917.114685059, 672.454345703, 349.915863037, 84.7601013184, 0.591926217079, 1.41059982777, 4.76526594162, 13.6034755707, 33.751121521, 10.5830059052, 0.137102603912, 0.00013983201643, 4.05960349781e-07, 4.26822799326e-09, 1.6567773542e-10, 3.24985281741e-11, 9.38159758213e-11],
        "max": [0.0255777612329, 1.43908560276, 11.6040334702, 15.3553209305, 80.1259307861, 263.029846191, 489.292938232, 351.824768066, 379.812713623, 229.951873779, 437.25604248, 799.788574219, 1484.22192383, 2052.59570312, 1662.96105957, 1078.55358887, 602.141906738, 1564.7623291, 1563.05908203, 1199.87841797, 1746.33044434, 653.974853516, 344.503723145, 291.0440979, 275.945373535, 224.211151123, 122.38230896, 8.34969043732, 19.478553772, 45.7573471069, 112.541511536, 125.280151367, 92.9065856934, 6.11418628693, 0.177126601338, 0.0115383360535, 0.00149932771455, 0.000297107995721, 8.33768208395e-05, 8.97434219951e-05],
        "mean": [0.0025088803377, 0.0994178429246, 0.795297563076, 2.19200348854, 5.81850624084, 5.98730611801, 5.88263273239, 14.9309091568, 15.5347633362, 11.7576322556, 8.78956413269, 21.3783473969, 57.629699707, 43.9378128052, 30.6433982849, 56.675075531, 34.3660392761, 54.0139122009, 54.2435874939, 59.2610778809, 50.4672737122, 22.8599319458, 11.8625278473, 23.2150764465, 24.1126976013, 15.6304349899, 4.62862205505, 0.472275823355, 0.368780046701, 0.489178687334, 1.11879181862, 1.657371521, 0.665171504021, 0.0871851146221, 0.00267587043345, 0.000180757866474, 3.00193987641e-05, 8.06149728305e-06, 1.13929627332e-05, 2.18727000174e-05],
        "median": [0.00141247792635, 0.0513866394758, 0.402248889208, 1.08446311951, 3.78896856308, 4.00167369843, 2.76922440529, 7.23721885681, 8.8070306778, 6.3951716423, 4.5004734993, 6.59704875946, 12.1506881714, 12.4005298615, 9.97185897827, 13.7597923279, 16.483625412, 14.9723920822, 13.5518989563, 9.97370815277, 4.90671110153, 4.34930706024, 3.74561190605, 3.28149652481, 3.17546677589, 2.30956554413, 0.826618313789, 0.164329335093, 0.0700259655714, 0.0737926661968, 0.113571889699, 0.145534366369, 0.0672594606876, 0.00802541896701, 0.000288187991828, 4.03400190407e-05, 1.29211066451e-05, 3.8249145291e-06, 8.83952634467e-06, 1.74156666617e-05],
        "min": [9.0797529495e-09, 7.69896146835e-08, 1.26063696371e-06, 1.74750766746e-05, 2.53784710367e-05, 7.02196120983e-05, 0.000263488560449, 5.73971119593e-05, 7.64457508922e-05, 0.000766069395468, 0.000984314014204, 0.00056801259052, 0.00114964647219, 0.00038966248394, 0.000117719529953, 5.85905690969e-05, 9.28482040763e-05, 0.000268535455689, 0.000445567624411, 0.000276927516097, 6.59826109768e-05, 9.05039123609e-05, 0.000352084258338, 0.000317554193316, 0.000227815355174, 0.000107381587441, 1.66655754583e-05, 8.05977492746e-07, 2.37025324168e-06, 2.63718447968e-06, 2.64907725978e-06, 3.91740377381e-06, 1.08885865302e-06, 2.05893911698e-07, 4.77263881749e-08, 1.12154374676e-08, 5.77810865821e-09, 2.70152278325e-09, 7.18422543677e-10, 3.51551704414e-10],
        "var": [8.73488988873e-06, 0.0202028397471, 1.06132245064, 6.69458150864, 39.124130249, 102.936882019, 254.444351196, 579.418701172, 550.594299316, 251.011276245, 446.918792725, 2379.13745117, 15358.5214844, 19042.328125, 6781.22167969, 11432.8613281, 2568.54174805, 12548.4316406, 15531.4716797, 19287.4238281, 20337.9453125, 3026.91918945, 604.742370605, 1564.99902344, 1527.81237793, 731.84588623, 83.5517959595, 0.610680520535, 1.80711150169, 4.3175406456, 21.6476097107, 44.0049171448, 10.7277727127, 0.159668445587, 0.000154100227519, 5.19484956385e-07, 6.75945743822e-09, 2.81846129768e-10, 8.56869089572e-11, 2.74513994869e-10]
    },
    "gfcc": {
        "mean": [-76.2690811157, 163.611984253, -178.279647827, 25.066696167, -56.3650245667, -0.428689241409, -34.1512794495, -17.7273960114, -13.2938365936, -29.069601059, 10.9366788864, -31.5973796844, 0.10499958694],
        "cov": [[4827.65820312, -1776.36035156, -665.940124512, 598.229553223, -329.717895508, 360.515167236, -272.887359619, 503.524871826, -258.194702148, -129.89352417, 275.795623779, -326.652893066, 231.867416382], [-1776.36035156, 1235.06347656, 170.817276001, -261.442321777, 396.713012695, -307.537445068, 292.875518799, -294.263031006, 133.110549927, 64.0898895264, -128.622634888, 143.958602905, -127.415809631], [-665.940124512, 170.817276001, 619.562988281, -15.408036232, -134.723907471, 224.369186401, -125.453620911, -77.7169723511, 77.4590759277, 19.9083824158, -59.2935333252, 81.6468734741, -75.5957183838], [598.229553223, -261.442321777, -15.408036232, 250.566131592, -28.5470104218, 83.4881896973, -18.1371021271, 55.6397666931, -17.4054718018, 8.67060756683, 24.218416214, -25.1191711426, 32.9815063477], [-329.717895508, 396.713012695, -134.723907471, -28.5470104218, 366.93157959, -155.631530762, 149.956008911, -48.6750259399, 5.66496419907, 24.3555374146, -39.99609375, 14.5491037369, -15.427822113], [360.515167236, -307.537445068, 224.369186401, 83.4881896973, -155.631530762, 343.292785645, -94.3775787354, 28.0396194458, -3.40556359291, -8.34042739868, 32.5547523499, -37.0083045959, -23.9351482391], [-272.887359619, 292.875518799, -125.453620911, -18.1371021271, 149.956008911, -94.3775787354, 277.510223389, -90.7361755371, -15.4003267288, 50.1323242188, -18.9080619812, 7.59865760803, -55.9610328674], [503.524871826, -294.263031006, -77.7169723511, 55.6397666931, -48.6750259399, 28.0396194458, -90.7361755371, 240.369232178, -26.8621578217, -38.8469581604, 60.949131012, -70.4310760498, 83.6759872437], [-258.194702148, 133.110549927, 77.4590759277, -17.4054718018, 5.66496419907, -3.40556359291, -15.4003267288, -26.8621578217, 133.779815674, 11.7526130676, -52.1086082458, 77.3539733887, -24.1447429657], [-129.89352417, 64.0898895264, 19.9083824158, 8.67060756683, 24.3555374146, -8.34042739868, 50.1323242188, -38.8469581604, 11.7526130676, 107.886047363, 20.0706672668, 12.9756937027, -8.48223686218], [275.795623779, -128.622634888, -59.2935333252, 24.218416214, -39.99609375, 32.5547523499, -18.9080619812, 60.949131012, -52.1086082458, 20.0706672668, 126.787033081, -51.7453575134, 16.2160263062], [-326.652893066, 143.958602905, 81.6468734741, -25.1191711426, 14.5491037369, -37.0083045959, 7.59865760803, -70.4310760498, 77.3539733887, 12.9756937027, -51.7453575134, 133.017669678, -17.6042690277], [231.867416382, -127.415809631, -75.5957183838, 32.9815063477, -15.427822113, -23.9351482391, -55.9610328674, 83.6759872437, -24.1447429657, -8.48223686218, 16.2160263062, -17.6042690277, 108.267852783]],
        "icov": [[0.000661535712425, 0.000314931734465, 0.000775436928961, -0.000929274130613, 5.10906611453e-05, -0.000519018038176, 0.000297790451441, -0.00024461367866, 0.000216763801291, 0.000268740113825, -0.000185829092516, 0.000128648913233, 0.000132052868139], [0.000314931734465, 0.0117965983227, -0.00967476516962, 0.00545954797417, -0.00824449118227, 0.00918909534812, -0.0093732085079, 0.00832919217646, -0.0113822007552, 0.00606507109478, -0.00716434093192, 0.00586982443929, -0.00567100988701], [0.000775436928961, -0.00967476516962, 0.0129931746051, -0.00567290373147, 0.00737390527502, -0.0108131635934, 0.0102552752942, -0.0076348008588, 0.0107042668387, -0.0064945933409, 0.00770709244534, -0.00674986746162, 0.00724189914763], [-0.000929274130613, 0.00545954797417, -0.00567290373147, 0.00918316375464, -0.00438097724691, 0.00375364325009, -0.00550593202934, 0.00384165137075, -0.00578552158549, 0.00173727294896, -0.00300460285507, 0.00235836091451, -0.00427320972085], [5.10906611453e-05, -0.00824449118227, 0.00737390527502, -0.00438097724691, 0.00996492058039, -0.00546457385644, 0.00516462884843, -0.00609989697114, 0.00789490900934, -0.0045125936158, 0.00596739118919, -0.00371741061099, 0.00417585298419], [-0.000519018038176, 0.00918909534812, -0.0108131635934, 0.00375364325009, -0.00546457385644, 0.013815225102, -0.0078090489842, 0.00711923604831, -0.0101418979466, 0.0053530158475, -0.00686655053869, 0.00699746282771, -0.0037068570964], [0.000297790451441, -0.0093732085079, 0.0102552752942, -0.00550593202934, 0.00516462884843, -0.0078090489842, 0.015016309917, -0.00634362641722, 0.0114768864587, -0.0078208046034, 0.00726421549916, -0.00532934162766, 0.00883516576141], [-0.00024461367866, 0.00832919217646, -0.0076348008588, 0.00384165137075, -0.00609989697114, 0.00711923604831, -0.00634362641722, 0.0147569105029, -0.0114602772519, 0.00714843301103, -0.00845340266824, 0.00803177431226, -0.00957784522325], [0.000216763801291, -0.0113822007552, 0.0107042668387, -0.00578552158549, 0.00789490900934, -0.0101418979466, 0.0114768864587, -0.0114602772519, 0.0255546756089, -0.00905435159802, 0.0116020636633, -0.0133445020765, 0.01013127435], [0.000268740113825, 0.00606507109478, -0.0064945933409, 0.00173727294896, -0.0045125936158, 0.0053530158475, -0.0078208046034, 0.00714843301103, -0.00905435159802, 0.0164100825787, -0.00912330951542, 0.00391228543594, -0.00625945953652], [-0.000185829092516, -0.00716434093192, 0.00770709244534, -0.00300460285507, 0.00596739118919, -0.00686655053869, 0.00726421549916, -0.00845340266824, 0.0116020636633, -0.00912330951542, 0.0179614368826, -0.00346401822753, 0.00650263996795], [0.000128648913233, 0.00586982443929, -0.00674986746162, 0.00235836091451, -0.00371741061099, 0.00699746282771, -0.00532934162766, 0.00803177431226, -0.0133445020765, 0.00391228543594, -0.00346401822753, 0.0182263031602, -0.00593079067767], [0.000132052868139, -0.00567100988701, 0.00724189914763, -0.00427320972085, 0.00417585298419, -0.0037068570964, 0.00883516576141, -0.00957784522325, 0.01013127435, -0.00625945953652, 0.00650263996795, -0.00593079067767, 0.0202130898833]]
    },
    "melbands": {
        "dmean": [2.24920931942e-05, 0.000106682455225, 0.000190800376004, 0.000250292971032, 0.000112148714834, 0.000172065541847, 0.000113841146231, 5.62170316698e-05, 3.46282067767e-05, 9.88518659142e-05, 0.000178889895324, 0.000110351902549, 4.40009498561e-05, 6.43484308966e-05, 5.85462657909e-05, 3.71156202164e-05, 6.55677577015e-05, 6.29943824606e-05, 4.58579197584e-05, 5.32883859705e-05, 2.93412413157e-05, 1.2190882444e-05, 6.1503451434e-06, 5.72793032916e-06, 9.79391916189e-06, 7.38069320505e-06, 7.06409127815e-06, 4.72012834507e-06, 2.11379392567e-06, 3.37594968869e-07, 8.23114731929e-08, 1.25504925563e-07, 1.3935036236e-07, 2.31536702699e-07, 3.37538864414e-07, 6.61565081828e-07, 6.76052593462e-07, 3.68157486719e-07, 1.36087322744e-07, 1.97028260374e-08],
        "dmean2": [3.7021778553e-05, 0.000167310674442, 0.000342744926456, 0.00042370610754, 0.000173653723323, 0.000264726520982, 0.000176337460289, 9.38600278459e-05, 5.34693863301e-05, 0.000146338439663, 0.000271470547887, 0.000162699259818, 6.3153274823e-05, 9.25627973629e-05, 8.29831406008e-05, 5.75517551624e-05, 9.97437091428e-05, 9.62270642049e-05, 6.98250005371e-05, 7.78407993494e-05, 4.1837192839e-05, 1.81626037374e-05, 9.43240411289e-06, 8.55660982779e-06, 1.46409465742e-05, 1.06168927232e-05, 1.02170833998e-05, 6.91346713211e-06, 3.21041147799e-06, 5.2025933428e-07, 1.2274338701e-07, 1.86902781252e-07, 2.02441029273e-07, 3.45063682516e-07, 4.6935338105e-07, 9.83314407677e-07, 1.00419083537e-06, 5.23383334894e-07, 1.92307538782e-07, 2.99655518177e-08],
        "dvar": [1.25846044696e-09, 2.85039281067e-08, 4.65643310577e-08, 1.7330650337e-07, 2.41936447765e-07, 1.26711796611e-07, 6.16462401126e-08, 2.1270983197e-08, 1.37974645043e-08, 8.80779182921e-08, 2.52433153491e-07, 1.48434253333e-07, 2.19991456163e-08, 2.34289281309e-08, 2.28864731611e-08, 7.72372832358e-09, 3.51992497372e-08, 3.71796993193e-08, 2.16259987695e-08, 2.73486921998e-08, 1.07672528671e-08, 1.25200072532e-09, 4.1253159222e-10, 2.81005885228e-10, 3.95951660348e-10, 2.23254220666e-10, 2.00211902612e-10, 1.05356799673e-10, 3.60399973753e-11, 1.00326886555e-12, 4.65190020294e-14, 2.24729157267e-13, 3.52248612223e-13, 1.11801540248e-12, 2.41761558689e-12, 7.23648268044e-12, 9.55592983215e-12, 4.67103569365e-12, 3.621808528e-13, 1.27939456243e-14],
        "dvar2": [3.04181391186e-09, 6.1286833386e-08, 1.47996061628e-07, 4.0074363028e-07, 6.01536214617e-07, 2.54679548561e-07, 1.45217754266e-07, 5.46193987816e-08, 2.72285447522e-08, 1.73879030285e-07, 5.72607063987e-07, 2.70851444384e-07, 3.86987082379e-08, 4.63238052362e-08, 4.40681056091e-08, 1.74904748462e-08, 7.94242112079e-08, 8.60382485257e-08, 5.21548599863e-08, 5.55860424356e-08, 2.05323615887e-08, 2.64706523367e-09, 8.71925698309e-10, 6.15518025437e-10, 8.59665061359e-10, 4.59739080139e-10, 4.01470245937e-10, 2.13602219246e-10, 8.80330322528e-11, 2.28521216707e-12, 8.93436529186e-14, 4.44626133871e-13, 7.25229067338e-13, 2.44044129523e-12, 3.69315905982e-12, 1.5259177602e-11, 1.66351186298e-11, 9.57764857007e-12, 6.82205106208e-13, 2.83804013276e-14],
        "max": [0.000636885408312, 0.00464531593025, 0.00317008560523, 0.0141567755491, 0.0158953666687, 0.0068772980012, 0.00496399169788, 0.00384657201357, 0.0031164905522, 0.00551348179579, 0.00771592929959, 0.00846223998815, 0.0055060936138, 0.00234803720377, 0.00370521470904, 0.00185850122944, 0.0035566627048, 0.00302102323622, 0.00291813514195, 0.00299689429812, 0.00223628850654, 0.000940872763749, 0.000505612173583, 0.000331927352818, 0.000296404788969, 0.000262750661932, 0.000202835828532, 0.000156038804562, 0.000124080528622, 2.71035351034e-05, 3.8873909034e-06, 9.43330542214e-06, 1.29586478579e-05, 3.53070208803e-05, 6.66541745886e-05, 6.82313620928e-05, 8.52529992699e-05, 9.0522422397e-05, 1.34524443638e-05, 2.70903774435e-06],
        "mean": [5.20282483194e-05, 0.000335551274475, 0.000471418985398, 0.000466093013529, 0.000209822173929, 0.000330667186063, 0.000230426288908, 0.000115274451673, 7.07707367837e-05, 0.000159889983479, 0.000294270779705, 0.000184961623745, 8.67100679898e-05, 0.00013263526489, 0.00013448917889, 7.28006925783e-05, 0.000108186068246, 9.71170084085e-05, 6.77354109939e-05, 9.61816840572e-05, 4.69448605145e-05, 2.50443808909e-05, 1.12732113848e-05, 9.60109628068e-06, 2.06489767152e-05, 1.68355254573e-05, 1.58025632118e-05, 9.81150333246e-06, 3.61015895578e-06, 5.56151803721e-07, 1.33352443754e-07, 1.94721081925e-07, 2.07291336096e-07, 3.03014672909e-07, 5.19315562997e-07, 1.00893100807e-06, 1.01922023532e-06, 5.3847890058e-07, 1.99723487526e-07, 2.41839703818e-08],
        "median": [2.65267881332e-05, 0.000168811820913, 0.000301184074488, 0.000315619749017, 0.000106900508399, 0.000167086604051, 0.000133729263325, 6.98124422343e-05, 3.2050160371e-05, 3.62845967175e-05, 5.55473707209e-05, 4.41244555986e-05, 2.69438387477e-05, 3.61901074939e-05, 2.44170350925e-05, 3.73129514628e-05, 2.3424572646e-05, 1.78980426426e-05, 1.54850986291e-05, 9.59692260949e-06, 3.93491700379e-06, 4.27032546213e-06, 3.52923029823e-06, 2.0991603833e-06, 2.53059124589e-06, 2.08638630284e-06, 2.03518379749e-06, 1.1869339005e-06, 4.9549959158e-07, 1.25692878328e-07, 3.76152193837e-08, 3.0379855076e-08, 2.76662337484e-08, 3.75403992336e-08, 4.95225549457e-08, 8.35468796367e-08, 7.67851986438e-08, 4.88303477653e-08, 1.64355231647e-08, 1.2033150032e-09],
        "min": [8.19321138712e-11, 4.18405976532e-10, 3.41475692167e-09, 2.33052022125e-09, 8.38307467887e-09, 1.66975300253e-09, 1.34364752657e-09, 9.49827416719e-09, 7.85475773313e-09, 3.95539379028e-09, 5.57272894497e-09, 9.3303165194e-10, 4.70681049691e-10, 2.28708510464e-10, 8.62725724193e-11, 2.29657820539e-10, 6.22354945357e-10, 8.53665804712e-10, 5.99017002667e-10, 1.45592066181e-10, 5.26679984347e-11, 7.04189137557e-11, 2.19481183228e-10, 1.72526423703e-10, 2.42566772224e-10, 1.84878362619e-10, 9.2852225908e-11, 4.42861754213e-11, 1.26918380319e-11, 4.56319877717e-13, 5.92900972459e-14, 1.05710871914e-12, 3.75898043161e-13, 1.18062168115e-12, 4.48036871275e-13, 3.01290654751e-12, 2.19072242985e-12, 8.25889107537e-13, 1.08261368078e-13, 8.52852876754e-14],
        "var": [4.86235895991e-09, 1.82400214044e-07, 2.15881897248e-07, 3.33676183573e-07, 2.76012372069e-07, 2.66015035777e-07, 1.07644964942e-07, 2.70920690326e-08, 3.03182154937e-08, 1.5952868182e-07, 4.00153169267e-07, 3.33643839667e-07, 6.07877694847e-08, 6.78502658502e-08, 9.67393205542e-08, 1.85948980658e-08, 6.12637336417e-08, 5.88244297717e-08, 2.83938312862e-08, 6.63183072902e-08, 2.54809808808e-08, 4.69111594015e-09, 7.96257226821e-10, 5.4591797749e-10, 1.41975331491e-09, 8.01973598641e-10, 7.46254558148e-10, 3.59397678285e-10, 6.40796513074e-11, 1.86785656386e-12, 1.10213521523e-13, 5.26780821655e-13, 7.59603263536e-13, 1.86216905611e-12, 5.54215614373e-12, 1.51512483115e-11, 1.9850921254e-11, 8.31735721962e-12, 8.00088619489e-13, 1.91710762662e-14]
    },
    "mfcc": {
        "mean": [-691.896850586, 169.737960815, -39.9142417908, 8.9940290451, 5.19560956955, -4.79516506195, 2.94601655006, -3.68078279495, -21.6266613007, 13.2067756653, -19.4934558868, -1.86937630177, -6.5601401329],
        "cov": [[4532.97509766, -1490.30151367, -675.607727051, 297.903930664, -16.7861442566, -246.598083496, 206.945709229, 219.852325439, -335.649993896, 624.56817627, -548.111083984, 77.844078064, -45.3593254089], [-1490.30151367, 1141.91442871, -101.585098267, 61.7659988403, 1.00838637352, 85.9821395874, 6.36034345627, -105.826622009, 147.699234009, -243.206359863, 240.313156128, -47.9298439026, 32.7206878662], [-675.607727051, -101.585098267, 839.236938477, -267.213989258, 57.6101303101, 209.890945435, -170.195892334, 30.7411651611, 34.0104560852, -147.122131348, 153.567733765, 48.3829231262, -66.7811813354], [297.903930664, 61.7659988403, -267.213989258, 288.181945801, -24.8129844666, -15.6045351028, 68.1159057617, -20.1074962616, 31.0273017883, 8.65083789825, -32.0522117615, 16.2663974762, 40.5185470581], [-16.7861442566, 1.00838637352, 57.6101303101, -24.8129844666, 226.93560791, -51.7088394165, -3.37838459015, 27.9031887054, 36.668636322, 1.48975110054, -22.3467063904, 15.7900886536, -0.691083669662], [-246.598083496, 85.9821395874, 209.890945435, -15.6045351028, -51.7088394165, 344.810699463, -33.6067237854, -6.91131830215, 23.626241684, -84.2779846191, 128.886947632, -6.01232624054, 3.12620592117], [206.945709229, 6.36034345627, -170.195892334, 68.1159057617, -3.37838459015, -33.6067237854, 264.875488281, -26.3137702942, -66.2787094116, 146.849090576, -62.5995407104, -5.01977825165, 19.3458271027], [219.852325439, -105.826622009, 30.7411651611, -20.1074962616, 27.9031887054, -6.91131830215, -26.3137702942, 143.024185181, -16.604352951, 45.6529006958, -23.8778381348, -20.4232139587, 5.58604478836], [-335.649993896, 147.699234009, 34.0104560852, 31.0273017883, 36.668636322, 23.626241684, -66.2787094116, -16.604352951, 187.394927979, -129.496749878, 63.4434432983, 16.2640075684, 15.9498023987], [624.56817627, -243.206359863, -147.122131348, 8.65083789825, 1.48975110054, -84.2779846191, 146.849090576, 45.6529006958, -129.496749878, 302.314605713, -136.096328735, -5.67877244949, -3.82896614075], [-548.111083984, 240.313156128, 153.567733765, -32.0522117615, -22.3467063904, 128.886947632, -62.5995407104, -23.8778381348, 63.4434432983, -136.096328735, 218.386764526, -17.7358989716, 15.8407258987], [77.844078064, -47.9298439026, 48.3829231262, 16.2663974762, 15.7900886536, -6.01232624054, -5.01977825165, -20.4232139587, 16.2640075684, -5.67877244949, -17.7358989716, 117.232330322, -11.9391260147], [-45.3593254089, 32.7206878662, -66.7811813354, 40.5185470581, -0.691083669662, 3.12620592117, 19.3458271027, 5.58604478836, 15.9498023987, -3.82896614075, 15.8407258987, -11.9391260147, 90.8291015625]],
