{
"lowlevel": {
    "average_loudness": 0.948290646076,
    "barkbands_crest": {
        "dmean": 3.24830508232,
        "dmean2": 5.2737159729,
        "dvar": 8.79767894745,
        "dvar2": 22.7399234772,
        "max": 25.0634346008,
        "mean": 11.1133403778,
        "median": 10.7715511322,
        "min": 2.4884531498,
        "var": 19.12059021
    },
    "barkbands_flatness_db": {
        "dmean": 0.0332545563579,
        "dmean2": 0.0516102351248,
        "dvar": 0.00120353803504,
        "dvar2": 0.00307791517116,
        "max": 0.406448155642,
        "mean": 0.135298892856,
        "median": 0.130143016577,
        "min": 0.0198931954801,
        "var": 0.00291126244701
    },
    "barkbands_kurtosis": {
        "dmean": 6.71424627304,
        "dmean2": 11.5470600128,
        "dvar": 238.255889893,
        "dvar2": 616.74395752,
        "max": 198.242599487,
        "mean": 6.50708770752,
        "median": 2.35255241394,
        "min": -1.86561834812,
        "var": 234.137252808
    },
    "barkbands_skewness": {
        "dmean": 0.964308977127,
        "dmean2": 1.5579636097,
        "dvar": 1.54375517368,
        "dvar2": 3.81486296654,
        "max": 11.4877576828,
        "mean": 1.89045894146,
        "median": 1.66506671906,
        "min": -3.21548581123,
        "var": 2.97763943672
    },
    "barkbands_spread": {
        "dmean": 9.02005767822,
        "dmean2": 14.148431778,
        "dvar": 102.987007141,
        "dvar2": 242.410171509,
        "max": 103.527816772,
        "mean": 25.4512119293,
        "median": 22.5163669586,
        "min": 0.464970976114,
        "var": 253.852096558
    },
    "dissonance": {
        "dmean": 0.0142248841003,
        "dmean2": 0.0239593237638,
        "dvar": 0.000374729075702,
        "dvar2": 0.00103964004666,
        "max": 0.499993503094,
        "mean": 0.479229986668,
        "median": 0.486752539873,
        "min": 0.286044478416,
        "var": 0.000592617900111
    },
    "dynamic_complexity": 3.40978336334,
    "erbbands_crest": {
        "dmean": 2.6687977314,
        "dmean2": 4.44604539871,
        "dvar": 8.5854511261,
        "dvar2": 21.6812095642,
        "max": 29.7660961151,
        "mean": 7.4112443924,
        "median": 6.02767896652,
        "min": 2.38515067101,
        "var": 16.5671024323
    },
    "erbbands_flatness_db": {
        "dmean": 0.021495366469,
        "dmean2": 0.0307512301952,
        "dvar": 0.000499645015225,
        "dvar2": 0.000966227089521,
        "max": 0.324330300093,
        "mean": 0.140565410256,
        "median": 0.127574294806,
        "min": 0.0585037060082,
        "var": 0.00230876775458
    },
    "erbbands_kurtosis": {
        "dmean": 1.11031663418,
        "dmean2": 1.75062465668,
        "dvar": 3.5255188942,
        "dvar2": 8.35406970978,
        "max": 24.2220115662,
        "mean": 0.160769179463,
        "median": -0.486634969711,
        "min": -1.78085076809,
        "var": 5.46735143661
    },
    "erbbands_skewness": {
        "dmean": 0.425366491079,
        "dmean2": 0.653383612633,
        "dvar": 0.203542947769,
        "dvar2": 0.458339184523,
        "max": 4.28041934967,
        "mean": -0.237062081695,
        "median": -0.312856584787,
        "min": -3.57629871368,
        "var": 0.575173139572
    },
    "erbbands_spread": {
        "dmean": 13.1297969818,
        "dmean2": 20.7094898224,
        "dvar": 223.344909668,
        "dvar2": 533.785827637,
        "max": 162.988830566,
        "mean": 49.8567733765,
        "median": 47.8198509216,
        "min": 3.23125433922,
        "var": 533.269836426
    },
    "hfc": {
        "dmean": 9.96122169495,
        "dmean2": 15.6556577682,
        "dvar": 238.756088257,
        "dvar2": 566.967407227,
        "max": 173.249923706,
        "mean": 25.3703613281,
        "median": 21.3484020233,
        "min": 1.14253587573e-16,
        "var": 485.726867676
    },
    "melbands_crest": {
        "dmean": 4.02759981155,
        "dmean2": 6.48395061493,
        "dvar": 12.6940822601,
        "dvar2": 33.0127944946,
        "max": 30.4845752716,
        "mean": 17.1994228363,
        "median": 17.7221279144,
        "min": 2.31989789009,
        "var": 32.3097686768
    },
    "melbands_flatness_db": {
        "dmean": 0.0404612533748,
        "dmean2": 0.0624943301082,
        "dvar": 0.00187792093493,
        "dvar2": 0.00451029557735,
        "max": 0.543354809284,
        "mean": 0.204302743077,
        "median": 0.200214371085,
        "min": 0.00769335962832,
        "var": 0.00539601733908
    },
    "melbands_kurtosis": {
        "dmean": 20.5441169739,
        "dmean2": 35.4617958069,
        "dvar": 1676.62731934,
        "dvar2": 4423.56982422,
        "max": 375.760345459,
        "mean": 26.59582901,
        "median": 12.7773237228,
        "min": -1.83282387257,
        "var": 1761.8157959
    },
    "melbands_skewness": {
        "dmean": 1.45446431637,
        "dmean2": 2.35349345207,
        "dvar": 3.44782376289,
        "dvar2": 8.48138904572,
        "max": 16.3010635376,
        "mean": 3.79940247536,
        "median": 3.35411596298,
        "min": -1.66621387005,
        "var": 7.01804494858
    },
    "melbands_spread": {
        "dmean": 11.0726900101,
        "dmean2": 17.1749858856,
        "dvar": 296.221588135,
        "dvar2": 595.477966309,
        "max": 224.958236694,
        "mean": 25.4625415802,
        "median": 17.7323093414,
        "min": 0.415347874165,
        "var": 704.915771484
    },
    "pitch_salience": {
        "dmean": 0.10181786865,
        "dmean2": 0.163543581963,
        "dvar": 0.00821104180068,
        "dvar2": 0.0211031995714,
        "max": 0.844065845013,
        "mean": 0.506144285202,
        "median": 0.506130278111,
        "min": 0.128416284919,
        "var": 0.0200214702636
    },
    "silence_rate_20dB": {
        "dmean": 0,
        "dmean2": 0,
        "dvar": 0,
        "dvar2": 0,
        "max": 1,
        "mean": 1,
        "median": 1,
        "min": 1,
        "var": 0
    },
    "silence_rate_30dB": {
        "dmean": 0.0741885602474,
        "dmean2": 0.148491874337,
        "dvar": 0.0686836466193,
        "dvar2": 0.149643331766,
        "max": 1,
        "mean": 0.935135126114,
        "median": 1,
        "min": 0,
        "var": 0.0606565363705
    },
    "silence_rate_60dB": {
        "dmean": 0.0309119019657,
        "dmean2": 0.0618716180325,
        "dvar": 0.029956266284,
        "dvar2": 0.0704187005758,
        "max": 1,
        "mean": 0.0741312727332,
        "median": 0,
        "min": 0,
        "var": 0.0686370804906
    },
    "spectral_centroid": {
        "dmean": 369.9190979,
        "dmean2": 576.853271484,
        "dvar": 227292.21875,
        "dvar2": 419518.3125,
        "max": 11393.7373047,
        "mean": 1529.51611328,
        "median": 1426.20739746,
        "min": 136.358139038,
        "var": 502263.3125
    },
    "spectral_complexity": {
        "dmean": 4.95054101944,
        "dmean2": 7.68290805817,
        "dvar": 28.0764198303,
        "dvar2": 58.2350692749,
        "max": 56,
        "mean": 24.0409259796,
        "median": 27,
        "min": 0,
        "var": 174.681655884
    },
    "spectral_decrease": {
        "dmean": 5.37909361498e-09,
        "dmean2": 8.93376217448e-09,
        "dvar": 8.9107581501e-17,
        "dvar2": 2.28666549688e-16,
        "max": -7.68465066369e-29,
        "mean": -1.07472084565e-08,
        "median": -7.1994956663e-09,
        "min": -6.99007003391e-08,
        "var": 1.21939260133e-16
    },
    "spectral_energy": {
        "dmean": 0.0208336636424,
        "dmean2": 0.0345185361803,
        "dvar": 0.00129496969748,
        "dvar2": 0.00331626343541,
        "max": 0.26876309514,
        "mean": 0.0428636409342,
        "median": 0.029828203842,
        "min": 1.06531759063e-20,
        "var": 0.00180273584556
    },
    "spectral_energyband_high": {
        "dmean": 0.000670986191835,
        "dmean2": 0.00104642554652,
        "dvar": 2.32542674894e-06,
        "dvar2": 5.19056266057e-06,
        "max": 0.015898194164,
        "mean": 0.00119056645781,
        "median": 0.000453227636172,
        "min": 7.43500146042e-21,
        "var": 4.45970090368e-06
    },
    "spectral_energyband_low": {
        "dmean": 0.0170712526888,
        "dmean2": 0.0286729559302,
        "dvar": 0.00127925164998,
        "dvar2": 0.00339486589655,
        "max": 0.237523630261,
        "mean": 0.0277273133397,
        "median": 0.0132201984525,
        "min": 1.67187986944e-22,
        "var": 0.00144829659257
    },
    "spectral_energyband_middle_high": {
        "dmean": 0.00266071688384,
        "dmean2": 0.00431481003761,
        "dvar": 1.5840967535e-05,
        "dvar2": 3.99195560021e-05,
        "max": 0.0314352735877,
        "mean": 0.0055903410539,
        "median": 0.00459637958556,
        "min": 1.65719345033e-21,
        "var": 2.43174235948e-05
    },
    "spectral_energyband_middle_low": {
        "dmean": 0.00684611173347,
        "dmean2": 0.0114488089457,
        "dvar": 0.000136357426527,
        "dvar2": 0.000368485896615,
        "max": 0.103888846934,
        "mean": 0.0116587691009,
        "median": 0.00802664738148,
        "min": 4.36538004952e-22,
        "var": 0.000160613941262
    },
    "spectral_entropy": {
        "dmean": 0.182723909616,
        "dmean2": 0.272497653961,
        "dvar": 0.0419932678342,
        "dvar2": 0.0876129418612,
        "max": 9.8000793457,
        "mean": 7.78379583359,
        "median": 7.80017137527,
        "min": 5.49733638763,
        "var": 0.143317684531
    },
    "spectral_flux": {
        "dmean": 0.0398569814861,
        "dmean2": 0.0614399760962,
        "dvar": 0.00316432793625,
        "dvar2": 0.00606955774128,
        "max": 0.458414047956,
        "mean": 0.11166203022,
        "median": 0.09242233634,
        "min": 1.03214221892e-10,
        "var": 0.00611389614642
    },
    "spectral_kurtosis": {
        "dmean": 1.56929051876,
        "dmean2": 2.48867917061,
        "dvar": 2.88573622704,
        "dvar2": 7.3720664978,
        "max": 19.9512233734,
        "mean": 3.8976893425,
        "median": 3.34406614304,
        "min": -1.18607842922,
        "var": 7.23351097107
    },
    "spectral_rms": {
        "dmean": 0.00139717990533,
        "dmean2": 0.00220890156925,
        "dvar": 3.59702767128e-06,
        "dvar2": 8.56590213516e-06,
        "max": 0.0161928348243,
        "mean": 0.00570471165702,
        "median": 0.00539450533688,
        "min": 3.22387082308e-12,
        "var": 9.27443034016e-06
    },
    "spectral_rolloff": {
        "dmean": 855.005493164,
        "dmean2": 1410.03320312,
        "dvar": 2392541.75,
        "dvar2": 4882425.5,
        "max": 18238.6230469,
        "mean": 1696.71618652,
        "median": 1033.59375,
        "min": 64.599609375,
        "var": 4667862.5
    },
    "spectral_skewness": {
        "dmean": 0.239586547017,
        "dmean2": 0.3654268682,
        "dvar": 0.0527325831354,
        "dvar2": 0.118388533592,
        "max": 3.43452739716,
        "mean": 1.34543156624,
        "median": 1.30053412914,
        "min": -0.0424350015819,
        "var": 0.184047088027
    },
    "spectral_spread": {
        "dmean": 778570,
        "dmean2": 1099515.125,
        "dvar": 1.59151043379e+12,
        "dvar2": 2.34753123942e+12,
        "max": 40541000,
        "mean": 4754748.5,
        "median": 4516264,
        "min": 1619685.875,
        "var": 4.19951542272e+12
    },
    "spectral_strongpeak": {
        "dmean": 0.374996304512,
        "dmean2": 0.609283983707,
        "dvar": 0.375202387571,
        "dvar2": 0.927206039429,
        "max": 6.67039394379,
        "mean": 0.635924756527,
        "median": 0.455012977123,
        "min": 0,
        "var": 0.519801855087
    },
    "zerocrossingrate": {
        "dmean": 0.0162136536092,
        "dmean2": 0.0176702681929,
        "dvar": 0.000606853398494,
        "dvar2": 0.000584979599807,
        "max": 0.4970703125,
        "mean": 0.0662987902761,
        "median": 0.0517578125,
        "min": 0.00537109375,
        "var": 0.00283929775469
    },
    "barkbands": {
        "dmean": [6.8384448241e-05, 0.00881015043706, 0.00952301733196, 0.00305560906418, 0.00179598084651, 0.00161724886857, 0.000528002623469, 0.000668092689011, 0.00137143814936, 0.000503318267874, 0.000574565900024, 0.000546036637388, 0.000345945940353, 0.000439439987531, 0.000485885451781, 0.000388468615711, 0.000384425511584, 0.000291401258437, 0.000217170600081, 0.000145924263052, 0.000101607918623, 0.000125338832731, 0.000163771182997, 0.000135643858812, 0.000139766198117, 4.90314123454e-05, 7.04056037648e-06],
        "dmean2": [0.00011470237223, 0.0154738267884, 0.0166230965406, 0.00514950603247, 0.00309783942066, 0.00280736293644, 0.000940331083257, 0.00115900533274, 0.00228513590991, 0.000857489125337, 0.000939903082326, 0.000952845206484, 0.000592014694121, 0.000733361055609, 0.000820365967229, 0.000634353084024, 0.000626375142019, 0.000485692813527, 0.000354276737198, 0.000248369848123, 0.000172467072844, 0.00020357966423, 0.000261486915406, 0.000209270408959, 0.000214440646232, 7.63833450037e-05, 1.17570398288e-05],
        "dvar": [3.41877246512e-08, 0.000613653101027, 0.000337505480275, 2.92092663585e-05, 1.770194649e-05, 1.56394962687e-05, 3.06685819851e-06, 3.72500744561e-06, 9.84504640655e-06, 1.50053722336e-06, 2.17491037802e-06, 2.19311050387e-06, 7.23957157334e-07, 7.51526954446e-07, 1.31204126319e-06, 6.77271088989e-07, 7.14670420621e-07, 1.29111683123e-07, 9.09205937205e-08, 5.43754197224e-08, 4.47777459556e-08, 1.2069817501e-07, 1.87654464412e-07, 1.84627438671e-07, 1.96088336679e-07, 3.18370574348e-08, 3.81337988964e-10],
        "dvar2": [8.47854906283e-08, 0.00167056138162, 0.000960012781434, 8.23376540211e-05, 4.78067267977e-05, 4.27834056609e-05, 8.58802832227e-06, 9.87990097201e-06, 2.47834104812e-05, 3.94767312173e-06, 5.69205076317e-06, 6.35609421806e-06, 1.93944811144e-06, 1.8694818209e-06, 3.44461909663e-06, 1.65737787938e-06, 1.87209684555e-06, 3.48495376556e-07, 2.12682891743e-07, 1.52999589886e-07, 1.26855894678e-07, 2.80613477344e-07, 4.43530524308e-07, 4.23974427122e-07, 4.20630840381e-07, 8.27763670941e-08, 9.55691081828e-10],
        "max": [0.00184103799984, 0.187002509832, 0.159986138344, 0.0560134798288, 0.039897672832, 0.0412727557123, 0.0259465165436, 0.0350745841861, 0.0273740570992, 0.0168621726334, 0.0163519028574, 0.0162087213248, 0.0116322766989, 0.00890059303492, 0.0151879489422, 0.00898797437549, 0.0184777732939, 0.00458857882768, 0.00447844900191, 0.00200624740683, 0.00285692908801, 0.00706738419831, 0.00652401708066, 0.00669341022149, 0.00644171331078, 0.00429657986388, 0.000330637180014],
        "mean": [6.14292512182e-05, 0.00852301344275, 0.0159628223628, 0.00517381960526, 0.00212466646917, 0.00155449891463, 0.00053056422621, 0.000611486146227, 0.00140955927782, 0.000612963049207, 0.000634786963928, 0.000600384140853, 0.000409951171605, 0.000529520737473, 0.000607111083809, 0.000564848654903, 0.000627122353762, 0.000545189948753, 0.000443064520368, 0.000277365354123, 0.000188516583876, 0.000197572051547, 0.000229312121519, 0.000184886710485, 0.000191797764273, 6.0322421632e-05, 7.06417040419e-06],
        "median": [1.0942393601e-05, 0.00257476675324, 0.00610018707812, 0.00175996101461, 0.000999435666017, 0.000633911462501, 0.000198687979719, 0.000161409188877, 0.000385960098356, 0.000284860871034, 0.000179151567863, 0.00024287684937, 0.000201796588954, 0.000237796717556, 0.000305242487229, 0.000348480010871, 0.000444578734459, 0.000463413918624, 0.000393242138671, 0.000242456415435, 0.000128066254547, 6.5642350819e-05, 4.6570217819e-05, 3.21074039675e-05, 3.09022907459e-05, 1.15929087769e-05, 7.09715038738e-07],
        "min": [6.00434851577e-23, 5.83022356371e-23, 3.16631917287e-23, 6.01885156574e-23, 8.15336339378e-23, 6.53661316337e-23, 4.68817795608e-23, 7.17621022572e-23, 8.99763199571e-23, 1.19944798648e-22, 3.01291980559e-23, 9.17100658329e-23, 1.31458709498e-22, 2.65612653786e-23, 5.65329910206e-23, 1.99611041051e-22, 2.98631941587e-22, 2.65259162059e-22, 2.46924797688e-22, 3.59513600923e-22, 4.72396062363e-22, 5.1004903708e-22, 5.09959725404e-22, 8.31285011667e-22, 1.1130176594e-21, 1.7300300758e-21, 2.30501551727e-21],
        "var": [2.99056317488e-08, 0.000437735696323, 0.000433438428445, 5.52913843421e-05, 1.41645459735e-05, 1.13618862088e-05, 2.04809634852e-06, 2.87806983579e-06, 9.73089754552e-06, 1.4926691847e-06, 2.25702251555e-06, 1.82289727491e-06, 6.12397627719e-07, 8.36083529521e-07, 1.33544904202e-06, 8.68542372245e-07, 7.62491595196e-07, 2.41639952492e-07, 1.67487357317e-07, 7.33197609293e-08, 5.09099322699e-08, 2.0027088965e-07, 3.37678699225e-07, 2.64025544539e-07, 3.3885294215e-07, 3.19773967306e-08, 4.26451485236e-10]
    },
    "erbbands": {
        "dmean": [0.144601196051, 2.40797972679, 9.96710205078, 10.9125585556, 6.57329368591, 5.7879691124, 11.5827903748, 11.915599823, 7.35258197784, 7.85902690887, 20.9231586456, 32.4899406433, 17.0734119415, 18.2227535248, 22.6307964325, 21.0668373108, 15.4747056961, 19.7102184296, 23.380569458, 21.4466972351, 22.5376873016, 19.2848110199, 17.8951263428, 10.8124723434, 9.49590778351, 6.56572246552, 4.8284163475, 3.97871398926, 4.08046531677, 5.05561733246, 4.58186674118, 2.68337440491, 2.54219675064, 1.76764452457, 0.892635643482, 0.3142824471, 0.063615731895, 0.0177104342729, 0.000730247062165, 3.25081709889e-05],
        "dmean2": [0.246814340353, 4.23793363571, 17.2881221771, 18.9312839508, 11.0723047256, 9.92063903809, 20.2593669891, 20.6330718994, 12.8277139664, 13.6862630844, 35.7464942932, 53.8268547058, 28.4641971588, 31.5506000519, 37.0818862915, 36.2829246521, 25.7133369446, 33.1251449585, 39.2068023682, 34.8764686584, 36.828037262, 31.1090888977, 29.8190231323, 17.4020137787, 15.4734973907, 11.1455421448, 8.39756202698, 6.73952722549, 6.63894462585, 7.93693256378, 7.46697759628, 4.2232632637, 3.87712883949, 2.66838288307, 1.40666937828, 0.491118371487, 0.0987067073584, 0.0283325389028, 0.0012087400537, 5.24442330061e-05],
        "dvar": [0.178340837359, 43.6519851685, 414.430053711, 367.581390381, 162.279815674, 166.542098999, 1051.67944336, 762.839172363, 496.565246582, 686.390991211, 2770.0300293, 6259.22851562, 2169.56225586, 2138.81884766, 3786.74853516, 3210.58105469, 1309.08337402, 1743.39990234, 2223.34960938, 2723.03759766, 2847.13500977, 1236.24023438, 499.618225098, 229.200958252, 141.119567871, 109.143066406, 96.8407440186, 69.1866989136, 120.754478455, 197.095687866, 161.266708374, 56.8487205505, 71.3855743408, 32.0992851257, 9.16935348511, 1.87872588634, 0.0288299880922, 0.00211507338099, 4.39915402239e-06, 2.92250912359e-09],
        "dvar2": [0.470074564219, 120.27797699, 1180.61035156, 1045.39477539, 440.244934082, 447.537567139, 2884.34716797, 2042.7923584, 1327.72875977, 1935.84631348, 7031.58105469, 15574.3173828, 5888.88085938, 5821.31103516, 10137.6132812, 9030.32910156, 3447.25976562, 4398.7578125, 5727.49804688, 7162.92871094, 7248.10302734, 3019.22436523, 1326.91174316, 523.748718262, 352.472259521, 308.347747803, 278.165985107, 190.358016968, 290.558959961, 407.386993408, 401.966064453, 135.866973877, 161.092254639, 66.5172348022, 21.199388504, 4.86420059204, 0.0734818130732, 0.00515349349007, 1.12091265692e-05, 7.36819272262e-09],
        "max": [3.08461523056, 50.9595069885, 159.987075806, 190.769104004, 145.425369263, 132.454238892, 295.977905273, 255.431350708, 348.500823975, 532.939331055, 799.408874512, 828.308227539, 713.692993164, 637.576782227, 972.205078125, 744.780700684, 460.588562012, 428.102600098, 556.098693848, 906.431945801, 789.766784668, 669.796813965, 275.280548096, 221.373657227, 120.113571167, 93.699005127, 122.467658997, 114.507835388, 226.518249512, 250.666549683, 222.524917603, 97.4141235352, 116.128417969, 85.6748657227, 38.5908889771, 32.726978302, 3.49534296989, 0.845452487469, 0.0319761745632, 0.000661482394207],
        "mean": [0.13404121995, 2.53652501106, 15.6968097687, 19.6058368683, 10.4588251114, 7.10705137253, 11.0982618332, 11.5072498322, 7.49539852142, 8.30819988251, 20.9802360535, 32.4698867798, 21.9250850677, 20.7510185242, 25.2012386322, 24.0758953094, 19.382314682, 24.0845775604, 31.3165683746, 30.4157581329, 34.3351325989, 34.802444458, 33.4926795959, 22.4431819916, 19.4983081818, 12.8576583862, 8.81462478638, 7.0340886116, 6.60882472992, 7.80824899673, 6.160551548, 3.77250242233, 3.29833650589, 2.40340662003, 1.17333376408, 0.389050662518, 0.0789159685373, 0.0202376544476, 0.000774222542532, 6.84364349581e-05],
        "median": [0.0377241708338, 0.923691809177, 6.30760145187, 9.04394721985, 4.45071268082, 3.62348246574, 4.49102067947, 4.53670120239, 3.09738659859, 3.56586170197, 5.90696287155, 8.72341156006, 10.3260335922, 8.03546905518, 8.24716281891, 10.4106340408, 10.1091976166, 11.3324832916, 17.0702629089, 16.1338729858, 23.0202884674, 25.8723449707, 27.5589599609, 19.6508464813, 17.068901062, 11.3027391434, 6.43017339706, 4.35862874985, 2.45190167427, 1.87647771835, 1.22527861595, 0.715762853622, 0.54542940855, 0.384607791901, 0.188859164715, 0.068722307682, 0.0175878405571, 0.00340791721828, 0.000110222608782, 5.05385651195e-05],
        "min": [3.18109631729e-21, 8.43613233968e-21, 3.01026857662e-20, 1.28203314348e-19, 2.84509598868e-19, 2.40195749846e-19, 3.36511807341e-19, 5.67820613029e-19, 7.37206367868e-19, 6.76879982397e-19, 2.3240904896e-18, 1.77115995478e-18, 2.75757304204e-18, 2.70370972889e-18, 2.15714393529e-18, 3.91815521114e-18, 6.20795575562e-18, 2.81436209302e-18, 2.32099435257e-18, 5.0599742356e-18, 1.35872943844e-17, 1.42052537231e-17, 1.61544568601e-17, 9.40453319429e-18, 1.84029653756e-17, 1.55839669352e-17, 1.4533373111e-17, 2.03967469301e-17, 1.90810235217e-17, 2.12692520772e-17, 1.17364835541e-17, 1.57155085049e-17, 1.28229654363e-17, 1.30744101446e-17, 7.5868724542e-18, 6.60481881555e-18, 2.97595720236e-18, 1.66345183664e-18, 3.25366324069e-19, 2.97573540163e-20],
        "var": [0.134672179818, 31.1087226868, 454.148895264, 631.527587891, 216.449325562, 143.963363647, 722.205505371, 593.619506836, 366.652954102, 467.94430542, 2464.2331543, 6048.76025391, 1987.79187012, 1883.34387207, 3944.97607422, 2722.69702148, 1181.76867676, 1773.47045898, 2368.50415039, 2868.11743164, 3289.49804688, 1808.56176758, 957.361755371, 424.615539551, 288.097259521, 150.186004639, 104.66645813, 83.8846588135, 185.507476807, 435.087982178, 243.356033325, 84.7530899048, 101.91116333, 57.7147369385, 13.9801177979, 1.97857236862, 0.032350294292, 0.00255422177725, 4.7352727961e-06, 4.61082638736e-09]
    },
    "gfcc": {
        "mean": [7.19587945938, 78.8068389893, -114.944839478, 43.9124221802, -42.2449989319, 14.9118528366, -34.9201469421, 12.4193029404, -27.7989387512, -3.33588552475, -23.5907592773, -2.80974173546, -17.3554172516],
        "cov": [[8019.35302734, -20.4994926453, -184.513519287, 173.010452271, -105.159858704, 16.7359695435, -109.351150513, -19.2190151215, -62.9959793091, 75.774597168, -128.747177124, 25.4829311371, -46.9045028687], [-20.4994926453, 1791.50805664, -485.928375244, 108.070732117, 474.053314209, -283.034729004, 427.234771729, -105.774803162, 111.294021606, -74.2516479492, 9.00905323029, -115.219161987, 95.4571914673], [-184.513519287, -485.928375244, 878.109741211, 257.385925293, 56.3746185303, 276.130157471, -82.0707321167, 112.788108826, -59.2008552551, 26.3392620087, 4.87659406662, -9.13973617554, -40.7810935974], [173.010452271, 108.070732117, 257.385925293, 541.230407715, 210.921737671, 29.0733757019, -1.75050961971, -13.5707550049, 5.85960102081, -33.7996406555, -7.81724405289, -69.9624557495, 30.9818172455], [-105.159858704, 474.053314209, 56.3746185303, 210.921737671, 420.522369385, -26.201675415, 116.853279114, 23.6759796143, 53.9350471497, -1.84329736233, -12.7943305969, -62.3513221741, 23.0792312622], [16.7359695435, -283.034729004, 276.130157471, 29.0733757019, -26.201675415, 286.616943359, 6.99716377258, 66.6515731812, -23.3276576996, 11.1495351791, 3.5592918396, -6.45432662964, -39.9320831299], [-109.351150513, 427.234771729, -82.0707321167, -1.75050961971, 116.853279114, 6.99716377258, 291.532073975, 2.24781060219, 4.20425319672, -35.8729820251, 5.7489900589, -27.949306488, -9.09165000916], [-19.2190151215, -105.774803162, 112.788108826, -13.5707550049, 23.6759796143, 66.6515731812, 2.24781060219, 132.820983887, 21.6994514465, 3.54483366013, 5.88396406174, 2.06485152245, -14.3734951019], [-62.9959793091, 111.294021606, -59.2008552551, 5.85960102081, 53.9350471497, -23.3276576996, 4.20425319672, 21.6994514465, 115.533119202, 25.1910362244, 1.25668561459, -11.7313327789, 1.03411519527], [75.774597168, -74.2516479492, 26.3392620087, -33.7996406555, -1.84329736233, 11.1495351791, -35.8729820251, 3.54483366013, 25.1910362244, 86.2038192749, 8.4719543457, 8.53670215607, -14.5446166992], [-128.747177124, 9.00905323029, 4.87659406662, -7.81724405289, -12.7943305969, 3.5592918396, 5.7489900589, 5.88396406174, 1.25668561459, 8.4719543457, 79.3299102783, 32.6205749512, 9.30275821686], [25.4829311371, -115.219161987, -9.13973617554, -69.9624557495, -62.3513221741, -6.45432662964, -27.949306488, 2.06485152245, -11.7313327789, 8.53670215607, 32.6205749512, 86.9883499146, 15.8024501801], [-46.9045028687, 95.4571914673, -40.7810935974, 30.9818172455, 23.0792312622, -39.9320831299, -9.09165000916, -14.3734951019, 1.03411519527, -14.5446166992, 9.30275821686, 15.8024501801, 71.9022979736]],
        "icov": [[0.00014836837363, -0.000109348715341, 0.000121717268485, -0.000206221026019, 0.000133383771754, -0.0001130471137, 0.000126566024846, -0.00017496671353, 0.000225845651585, -0.000296723184874, 0.00039661032497, -0.000341302889865, 0.000235707586398], [-0.000109348715341, 0.00215966510586, 0.000213727660594, 0.000525830080733, -0.00158236396965, 0.00113992521074, -0.00225446303375, 0.00129986437969, -0.00118115905207, 0.000842522014864, -0.00134625390638, 0.00216707889922, -0.00204276037402], [0.000121717268485, 0.000213727660594, 0.0025840010494, -0.00131716951728, -0.000369220448192, -0.00162695441395, 0.000451203493867, -0.00140833610203, 0.00149835436605, -0.00106006907299, 0.000249620672548, -0.000661405094434, 0.000696346978657], [-0.000206221026019, 0.000525830080733, -0.00131716951728, 0.00379168475047, -0.00181890837848, 0.000440923438873, 4.93356892548e-05, 0.00192148715723, -0.00105527439155, 0.00220748409629, -0.00160758220591, 0.00297039025463, -0.00197753123939], [0.000133383771754, -0.00158236396965, -0.000369220448192, -0.00181890837848, 0.00534334499389, -2.48051455856e-05, -0.000168599945027, -0.00202102959156, -0.000218973538722, -0.00200724578463, 0.00157845800277, -0.000249272095971, 5.55502301722e-05], [-0.0001130471137, 0.00113992521074, -0.00162695441395, 0.000440923438873, -2.48051455856e-05, 0.00642717676237, -0.00208233529702, -0.000777003297117, -0.000319748534821, 0.000137345763505, -0.00104093772825, 0.00182818807662, 0.000224177638302], [0.000126566024846, -0.00225446303375, 0.000451203493867, 4.93356892548e-05, -0.000168599945027, -0.00208233529702, 0.00714444508776, -0.00110596243758, 0.00159623241052, 0.00136518431827, 9.85689766821e-05, -0.00147288886365, 0.00345433177426], [-0.00017496671353, 0.00129986437969, -0.00140833610203, 0.00192148715723, -0.00202102959156, -0.000777003297117, -0.00110596243758, 0.0112759303302, -0.00392567412928, 0.00272602494806, -0.00178558786865, 0.0010078161722, -0.000517693057191], [0.000225845651585, -0.00118115905207, 0.00149835436605, -0.00105527439155, -0.000218973538722, -0.000319748534821, 0.00159623241052, -0.00392567412928, 0.0124397799373, -0.00471320655197, 0.000728313694708, -0.000239487359067, 0.00115584081504], [-0.000296723184874, 0.000842522014864, -0.00106006907299, 0.00220748409629, -0.00200724578463, 0.000137345763505, 0.00136518431827, 0.00272602494806, -0.00471320655197, 0.0161882266402, -0.00296220043674, 0.000292832992272, 0.00223489524797], [0.00039661032497, -0.00134625390638, 0.000249620672548, -0.00160758220591, 0.00157845800277, -0.00104093772825, 9.85689766821e-05, -0.00178558786865, 0.000728313694708, -0.00296220043674, 0.0172859188169, -0.00820527970791, 0.00040822365554], [-0.000341302889865, 0.00216707889922, -0.000661405094434, 0.00297039025463, -0.000249272095971, 0.00182818807662, -0.00147288886365, 0.0010078161722, -0.000239487359067, 0.000292832992272, -0.00820527970791, 0.0205392036587, -0.00703388964757], [0.000235707586398, -0.00204276037402, 0.000696346978657, -0.00197753123939, 5.55502301722e-05, 0.000224177638302, 0.00345433177426, -0.000517693057191, 0.00115584081504, 0.00223489524797, 0.00040822365554, -0.00703388964757, 0.020389014855]]
    },
    "melbands": {
        "dmean": [0.00191039266065, 0.0044422885403, 0.00170393229928, 0.000414695212385, 0.000361916871043, 0.000272776407655, 0.000112279602035, 9.00662562344e-05, 0.000196561173652, 0.000198271416593, 8.29904529382e-05, 7.35198555049e-05, 7.83625000622e-05, 6.2649793108e-05, 5.15187857673e-05, 3.29395588778e-05, 3.97961812268e-05, 3.92827423639e-05, 3.8467678678e-05, 2.46828731179e-05, 2.94381934509e-05, 2.17696724576e-05, 2.21233549382e-05, 1.21142829812e-05, 9.47503485804e-06, 8.95910761756e-06, 6.09222161074e-06, 4.46338162874e-06, 3.55079691872e-06, 2.38064126279e-06, 2.51415826824e-06, 2.28360363508e-06, 2.83980739368e-06, 3.1047700304e-06, 2.97746896649e-06, 1.98096654458e-06, 1.57878082518e-06, 1.79854578164e-06, 1.79629125796e-06, 1.48266701672e-06],
        "dmean2": [0.00330965593457, 0.00760527513921, 0.00294050178491, 0.000715902831871, 0.000625811575446, 0.000473543885164, 0.000195416985662, 0.000157014685101, 0.000333406293066, 0.00033040222479, 0.000139824885991, 0.000127215636894, 0.000127469262225, 0.000108903266664, 8.6151441792e-05, 5.60356784263e-05, 6.69924193062e-05, 6.56831107335e-05, 6.3611769292e-05, 3.98151350964e-05, 4.87017896376e-05, 3.50871050614e-05, 3.6684305087e-05, 2.0101748305e-05, 1.55307261593e-05, 1.48242334035e-05, 1.0288280464e-05, 7.66770335758e-06, 6.2678896029e-06, 4.03175499741e-06, 4.24340259997e-06, 3.75857007384e-06, 4.60658247903e-06, 4.85839200337e-06, 4.86582530357e-06, 3.244098707e-06, 2.46860327024e-06, 2.73236696557e-06, 2.75000274996e-06, 2.22295079766e-06],
        "dvar": [2.9931008612e-05, 9.05592823983e-05, 8.75107252796e-06, 7.83877339927e-07, 9.8622524547e-07, 4.07021531146e-07, 1.13828320991e-07, 7.90704675069e-08, 2.16814001419e-07, 2.3443320174e-07, 5.28899484209e-08, 3.51261491005e-08, 4.45853913789e-08, 2.93133339824e-08, 1.99570138193e-08, 7.42323758018e-09, 7.35589988921e-09, 5.87362736226e-09, 9.57014290037e-09, 2.81556777892e-09, 5.65392932472e-09, 1.99244953869e-09, 1.16853238197e-09, 2.32154698243e-10, 1.84830151184e-10, 1.41633371697e-10, 7.87808568381e-11, 4.94599673717e-11, 5.85282586285e-11, 1.88295108672e-11, 2.97611067734e-11, 3.02324172641e-11, 9.39460176319e-11, 7.19935916438e-11, 7.06034258835e-11, 3.06675171369e-11, 2.50795582218e-11, 3.45161330073e-11, 3.99730387679e-11, 2.43170848041e-11],
        "dvar2": [8.06397147244e-05, 0.000252778991126, 2.45882529271e-05, 2.11272185879e-06, 2.68956046057e-06, 1.09530935788e-06, 3.07586560666e-07, 2.20127034822e-07, 5.33415345672e-07, 5.93816025685e-07, 1.43150842291e-07, 9.54047862933e-08, 1.16888351442e-07, 8.47921270974e-08, 5.29305417274e-08, 2.02322230081e-08, 1.86473112507e-08, 1.49929952897e-08, 2.53532999039e-08, 6.9693419924e-09, 1.48413352719e-08, 4.84993734062e-09, 3.23521587298e-09, 6.06096450806e-10, 4.24347113004e-10, 3.42794598263e-10, 2.14706030732e-10, 1.40141676042e-10, 1.69004213402e-10, 5.20046505859e-11, 8.16507764179e-11, 7.00327573711e-11, 2.48447123985e-10, 1.45859643808e-10, 1.76981429512e-10, 7.81851389187e-11, 6.10190092898e-11, 7.91870458094e-11, 8.91960394434e-11, 5.35160839255e-11],
        "max": [0.039381723851, 0.0651032030582, 0.0271220523864, 0.00711748562753, 0.00965707562864, 0.00628086784855, 0.00482639763504, 0.00489656813443, 0.00567455030978, 0.00484341289848, 0.00349007593468, 0.00273908744566, 0.00256470195018, 0.00163889164105, 0.00177153770346, 0.00144232285675, 0.000931738701183, 0.000842602108605, 0.00140736496542, 0.0006186227547, 0.0013190676691, 0.00100646133069, 0.000565553200431, 0.000186096163816, 0.000198259629542, 0.000167068050359, 0.00010121219384, 6.21621220489e-05, 9.87016755971e-05, 4.82428295072e-05, 8.23903319542e-05, 9.00858722162e-05, 0.00021247350378, 0.000166597790667, 0.000147519414895, 7.64730357332e-05, 8.67149574333e-05, 7.16853683116e-05, 0.000109928449092, 7.93172803242e-05],
        "mean": [0.00181224045809, 0.00665788538754, 0.00326619646512, 0.000570654636249, 0.000367048836779, 0.00026527402224, 0.000115688759251, 9.13253825274e-05, 0.000201022296096, 0.000196440407308, 0.00010410232062, 8.00724010332e-05, 8.59369392856e-05, 6.57256314298e-05, 5.90293966525e-05, 3.86008941859e-05, 4.5367389248e-05, 4.98520712426e-05, 4.72471838293e-05, 3.57478347723e-05, 4.18113631895e-05, 3.58118450094e-05, 3.70932939404e-05, 2.19678240683e-05, 1.77395922947e-05, 1.71133524418e-05, 1.09534894364e-05, 7.93683193479e-06, 5.80164532948e-06, 4.32174147136e-06, 3.99967393605e-06, 3.56335203833e-06, 4.08037340094e-06, 4.52553604191e-06, 3.82588859793e-06, 2.5992742394e-06, 2.18349146053e-06, 2.27144573728e-06, 2.2883116344e-06, 1.9566894025e-06],
        "median": [0.000568736053538, 0.0028373755049, 0.00152620160952, 0.000274400721537, 0.000173308231751, 0.000108179556264, 4.68994003313e-05, 3.58141223842e-05, 5.1538394473e-05, 5.20544672327e-05, 4.60825649498e-05, 2.94022775051e-05, 2.57729134319e-05, 2.45599185291e-05, 2.58054697042e-05, 1.86353590834e-05, 1.96349265025e-05, 2.53577600233e-05, 2.12142367673e-05, 2.16968364839e-05, 2.60962424363e-05, 2.46926992986e-05, 2.88160990749e-05, 1.83787324204e-05, 1.49745628732e-05, 1.43347442645e-05, 9.04151784198e-06, 6.47425576972e-06, 4.12735835198e-06, 2.94276765089e-06, 2.31113199334e-06, 1.46088200381e-06, 1.09559744033e-06, 9.41085659178e-07, 7.14241707556e-07, 5.37249945864e-07, 3.79372409043e-07, 3.46550876884e-07, 3.40117566111e-07, 2.9972764537e-07],
        "min": [2.74462126975e-23, 1.40986372718e-23, 2.74153840133e-23, 2.01172136829e-23, 1.03009859323e-23, 1.24061448771e-23, 1.13363390491e-23, 6.91499218982e-24, 2.18091672855e-23, 1.0418560917e-23, 1.47707262527e-23, 1.25120218435e-23, 5.61091439449e-24, 8.61567769386e-24, 9.66036855723e-24, 1.5419872003e-23, 3.69697336092e-24, 3.06841924683e-24, 4.2704180466e-24, 1.0792033702e-23, 1.78144687471e-23, 1.42534228255e-23, 1.51156067741e-23, 1.43846309044e-23, 5.92271837259e-24, 1.05757469744e-23, 1.58994363245e-23, 9.1491070157e-24, 7.7824015531e-24, 1.28217357347e-23, 1.04250027552e-23, 9.19698456176e-24, 1.27894232031e-23, 1.25284672268e-23, 6.03467351226e-24, 8.81340331318e-24, 9.17304894417e-24, 7.3816894011e-24, 1.15287430128e-23, 1.09596350899e-23],
        "var": [2.17198685277e-05, 8.98982543731e-05, 1.63437325682e-05, 7.41379608371e-07, 6.96838810654e-07, 3.11779103868e-07, 8.33293682945e-08, 5.55507284616e-08, 2.10679061752e-07, 2.19976342919e-07, 4.86842068881e-08, 3.02192049162e-08, 4.54799682359e-08, 2.49623770543e-08, 1.69074922951e-08, 6.13527761928e-09, 7.28902271874e-09, 6.35676045135e-09, 9.70325597649e-09, 3.28431593033e-09, 5.7337827819e-09, 2.51089371517e-09, 1.62192836939e-09, 4.01667227257e-10, 3.12579490069e-10, 2.52656895405e-10, 1.15937870415e-10, 6.39629738064e-11, 5.56241094851e-11, 2.58522474261e-11, 3.31837959888e-11, 4.57549727273e-11, 1.28706031943e-10, 1.58805427142e-10, 1.02755824682e-10, 4.07610681319e-11, 3.34781542766e-11, 4.86808093836e-11, 5.8680026116e-11, 4.01330670086e-11]
    },
    "mfcc": {
        "mean": [-635.009033203, 108.604980469, -7.49415779114, 33.7976455688, 13.880654335, 7.93503046036, 5.59880828857, 10.5370035172, 2.37293291092, 1.28555285931, 0.560985326767, -5.06825828552, -4.38166236877],
        "cov": [[6435.96191406, 17.260931015, -198.874237061, 159.24836731, -87.3198623657, 66.9514007568, -108.188865662, -79.8042373657, 41.100643158, -36.9223098755, -105.205833435, 50.3323440552, 17.6591854095], [17.260931015, 1532.47570801, -651.175354004, 339.965270996, -101.489700317, 69.0768585205, 127.462486267, 42.4052810669, 163.585037231, 2.37203001976, 22.1396427155, 55.7903556824, 2.54335665703], [-198.874237061, -651.175354004, 844.867675781, -80.1125793457, 194.312759399, 66.3807449341, 94.3608779907, 43.340461731, -34.5772514343, 35.9229812622, -14.9091310501, 18.7467002869, 17.6988639832], [159.24836731, 339.965270996, -80.1125793457, 565.826416016, 168.754577637, 87.0035018921, 68.8795318604, -1.80670821667, 84.0118484497, 24.8715000153, -66.7276992798, 36.33543396, 17.0214271545], [-87.3198623657, -101.489700317, 194.312759399, 168.754577637, 364.830841064, 49.2672996521, 25.2390575409, 8.71527957916, 48.2225036621, 70.0620574951, -19.0470294952, 20.3497867584, 26.2389125824], [66.9514007568, 69.0768585205, 66.3807449341, 87.0035018921, 49.2672996521, 178.134078979, 80.2034759521, 19.9149341583, 36.5028839111, 30.1796607971, -3.23889923096, 30.8250579834, -7.10407543182], [-108.188865662, 127.462486267, 94.3608779907, 68.8795318604, 25.2390575409, 80.2034759521, 213.575805664, 75.2791366577, 38.1622467041, 9.59739398956, -1.24782800674, 29.3750762939, -4.26883888245], [-79.8042373657, 42.4052810669, 43.340461731, -1.80670821667, 8.71527957916, 19.9149341583, 75.2791366577, 140.631881714, 28.1855792999, 22.4589233398, 12.3585987091, 9.25739002228, 12.4161548615], [41.100643158, 163.585037231, -34.5772514343, 84.0118484497, 48.2225036621, 36.5028839111, 38.1622467041, 28.1855792999, 112.022117615, 35.9728507996, -5.00747823715, 16.0539970398, -3.40245079994], [-36.9223098755, 2.37203001976, 35.9229812622, 24.8715000153, 70.0620574951, 30.1796607971, 9.59739398956, 22.4589233398, 35.9728507996, 100.355377197, 22.1763210297, 19.2573375702, 0.817409694195], [-105.205833435, 22.1396427155, -14.9091310501, -66.7276992798, -19.0470294952, -3.23889923096, -1.24782800674, 12.3585987091, -5.00747823715, 22.1763210297, 101.013336182, 11.9866008759, 0.14837422967], [50.3323440552, 55.7903556824, 18.7467002869, 36.33543396, 20.3497867584, 30.8250579834, 29.3750762939, 9.25739002228, 16.0539970398, 19.2573375702, 11.9866008759, 66.2744140625, 17.3951358795], [17.6591854095, 2.54335665703, 17.6988639832, 17.0214271545, 26.2389125824, -7.10407543182, -4.26883888245, 12.4161548615, -3.40245079994, 0.817409694195, 0.14837422967, 17.3951358795, 64.0924682617]],
