{
"lowlevel": {
    "average_loudness": 0.944448113441,
    "barkbands_crest": {
        "dmean": 2.41297483444,
        "dmean2": 3.85896873474,
        "dvar": 5.94425106049,
        "dvar2": 14.2195444107,
        "max": 22.9110984802,
        "mean": 9.36583137512,
        "median": 8.54311180115,
        "min": 3.2208840847,
        "var": 15.0651512146
    },
    "barkbands_flatness_db": {
        "dmean": 0.0246515832841,
        "dmean2": 0.0352448970079,
        "dvar": 0.000708122737706,
        "dvar2": 0.00137100799475,
        "max": 0.412849485874,
        "mean": 0.121961720288,
        "median": 0.104001507163,
        "min": 0.0249319132417,
        "var": 0.00410453788936
    },
    "barkbands_kurtosis": {
        "dmean": 4.78763580322,
        "dmean2": 7.54907035828,
        "dvar": 95.2480010986,
        "dvar2": 260.327484131,
        "max": 181.73916626,
        "mean": 7.61051607132,
        "median": 2.64030647278,
        "min": -1.85882008076,
        "var": 154.069732666
    },
    "barkbands_skewness": {
        "dmean": 0.642316997051,
        "dmean2": 0.999388694763,
        "dvar": 0.614221513271,
        "dvar2": 1.57364690304,
        "max": 10.5462446213,
        "mean": 2.03781533241,
        "median": 1.82045471668,
        "min": -0.983505725861,
        "var": 1.99057424068
    },
    "barkbands_spread": {
        "dmean": 8.85851573944,
        "dmean2": 12.9363594055,
        "dvar": 110.412506104,
        "dvar2": 208.911575317,
        "max": 106.316917419,
        "mean": 31.1185531616,
        "median": 28.3486766815,
        "min": 0.881650626659,
        "var": 430.183685303
    },
    "dissonance": {
        "dmean": 0.018612369895,
        "dmean2": 0.0299072321504,
        "dvar": 0.000450535182608,
        "dvar2": 0.00108173163608,
        "max": 0.500000059605,
        "mean": 0.457397937775,
        "median": 0.471422374249,
        "min": 0.23353433609,
        "var": 0.0015355728101
    },
    "dynamic_complexity": 3.21803593636,
    "erbbands_crest": {
        "dmean": 2.655803442,
        "dmean2": 4.30725002289,
        "dvar": 6.51099443436,
        "dvar2": 14.9198112488,
        "max": 23.5395736694,
        "mean": 8.55368328094,
        "median": 7.49188089371,
        "min": 2.26236820221,
        "var": 19.1952285767
    },
    "erbbands_flatness_db": {
        "dmean": 0.0176017768681,
        "dmean2": 0.024616882205,
        "dvar": 0.000339188816724,
        "dvar2": 0.000653884722851,
        "max": 0.257842689753,
        "mean": 0.114855855703,
        "median": 0.109304830432,
        "min": 0.0374709106982,
        "var": 0.00120521977078
    },
    "erbbands_kurtosis": {
        "dmean": 1.31312298775,
        "dmean2": 2.01625823975,
        "dvar": 5.7600069046,
        "dvar2": 12.6726875305,
        "max": 33.8959960938,
        "mean": 0.827913165092,
        "median": -0.367398500443,
        "min": -1.82179677486,
        "var": 10.5018796921
    },
    "erbbands_skewness": {
        "dmean": 0.430146455765,
        "dmean2": 0.61918348074,
        "dvar": 0.222965583205,
        "dvar2": 0.410169154406,
        "max": 5.32775497437,
        "mean": 0.46945014596,
        "median": 0.256920933723,
        "min": -1.73043370247,
        "var": 1.09546470642
    },
    "erbbands_spread": {
        "dmean": 12.9019899368,
        "dmean2": 18.7587661743,
        "dvar": 188.770874023,
        "dvar2": 390.215545654,
        "max": 168.500930786,
        "mean": 56.5319519043,
        "median": 56.2576560974,
        "min": 5.59642124176,
        "var": 574.094909668
    },
    "hfc": {
        "dmean": 8.83954048157,
        "dmean2": 12.9220733643,
        "dvar": 182.62097168,
        "dvar2": 376.804412842,
        "max": 174.556976318,
        "mean": 26.7986545563,
        "median": 14.746471405,
        "min": 1.36755915037e-07,
        "var": 756.446166992
    },
    "melbands_crest": {
        "dmean": 2.95954561234,
        "dmean2": 4.77269029617,
        "dvar": 7.90826940536,
        "dvar2": 19.0591754913,
        "max": 26.60115242,
        "mean": 13.0290374756,
        "median": 12.3591098785,
        "min": 5.12782239914,
        "var": 17.1931037903
    },
    "melbands_flatness_db": {
        "dmean": 0.0307028628886,
        "dmean2": 0.043348275125,
        "dvar": 0.00110364495777,
        "dvar2": 0.00209277146496,
        "max": 0.56988722086,
        "mean": 0.200742051005,
        "median": 0.183104008436,
        "min": 0.0428097173572,
        "var": 0.00725686270744
    },
    "melbands_kurtosis": {
        "dmean": 12.8535394669,
        "dmean2": 21.0748271942,
        "dvar": 666.785888672,
        "dvar2": 1809.68664551,
        "max": 435.61819458,
        "mean": 24.8943824768,
        "median": 15.754825592,
        "min": -0.798372030258,
        "var": 906.432495117
    },
    "melbands_skewness": {
        "dmean": 0.942770063877,
        "dmean2": 1.45538556576,
        "dvar": 1.3560116291,
        "dvar2": 3.25486087799,
        "max": 15.182009697,
        "mean": 3.56905508041,
        "median": 3.25531983376,
        "min": 0.0440594889224,
        "var": 3.34517931938
    },
    "melbands_spread": {
        "dmean": 7.62041425705,
        "dmean2": 11.5723266602,
        "dvar": 113.673591614,
        "dvar2": 254.556350708,
        "max": 155.044464111,
        "mean": 24.4644260406,
        "median": 17.9782943726,
        "min": 0.660500586033,
        "var": 442.371917725
    },
    "pitch_salience": {
        "dmean": 0.0683220252395,
        "dmean2": 0.109047695994,
        "dvar": 0.00425418373197,
        "dvar2": 0.0106087969616,
        "max": 0.811122059822,
        "mean": 0.571919083595,
        "median": 0.575501799583,
        "min": 0.213739469647,
        "var": 0.0101627996191
    },
    "silence_rate_20dB": {
        "dmean": 0,
        "dmean2": 0,
        "dvar": 0,
        "dvar2": 0,
        "max": 1,
        "mean": 1,
        "median": 1,
        "min": 1,
        "var": 0
    },
    "silence_rate_30dB": {
        "dmean": 0.0030959751457,
        "dmean2": 0.00619674660265,
        "dvar": 0.00308635272086,
        "dvar2": 0.00925656780601,
        "max": 1,
        "mean": 0.998453199863,
        "median": 1,
        "min": 0,
        "var": 0.00154439127073
    },
    "silence_rate_60dB": {
        "dmean": 0.0061919502914,
        "dmean2": 0.0123934932053,
        "dvar": 0.00615363381803,
        "dvar2": 0.0153382280841,
        "max": 1,
        "mean": 0.039443153888,
        "median": 0,
        "min": 0,
        "var": 0.0378878489137
    },
    "spectral_centroid": {
        "dmean": 291.655273438,
        "dmean2": 426.113433838,
        "dvar": 171227.09375,
        "dvar2": 256858.9375,
        "max": 11474.2949219,
        "mean": 1407.58532715,
        "median": 1414.81958008,
        "min": 190.128082275,
        "var": 708567.8125
    },
    "spectral_complexity": {
        "dmean": 3.91021680832,
        "dmean2": 5.75213003159,
        "dvar": 24.3539962769,
        "dvar2": 49.3094520569,
        "max": 58,
        "mean": 18.250579834,
        "median": 14,
        "min": 0,
        "var": 156.335235596
    },
    "spectral_decrease": {
        "dmean": 2.73319411548e-09,
        "dmean2": 4.51152359915e-09,
        "dvar": 3.04090883026e-17,
        "dvar2": 8.00866607604e-17,
        "max": -4.22417729619e-18,
        "mean": -6.18788842388e-09,
        "median": -4.77926231923e-09,
        "min": -5.02504100552e-08,
        "var": 2.97780917703e-17
    },
    "spectral_energy": {
        "dmean": 0.0108152311295,
        "dmean2": 0.01772903651,
        "dvar": 0.000457085086964,
        "dvar2": 0.00119959353469,
        "max": 0.191841036081,
        "mean": 0.0257852673531,
        "median": 0.0200237259269,
        "min": 2.83471735668e-11,
        "var": 0.000481401046272
    },
    "spectral_energyband_high": {
        "dmean": 0.00084987631999,
        "dmean2": 0.00121814466547,
        "dvar": 1.89739319012e-06,
        "dvar2": 3.62760852113e-06,
        "max": 0.0221958030015,
        "mean": 0.00208290852606,
        "median": 0.000983503879979,
        "min": 9.13818586773e-12,
        "var": 7.24134133634e-06
    },
    "spectral_energyband_low": {
        "dmean": 0.00776043115184,
        "dmean2": 0.0130523396656,
        "dvar": 0.000359376252163,
        "dvar2": 0.000943371502217,
        "max": 0.181421220303,
        "mean": 0.0109043708071,
        "median": 0.00650027301162,
        "min": 7.51367544571e-12,
        "var": 0.00028729470796
    },
    "spectral_energyband_middle_high": {
        "dmean": 0.00143394921906,
        "dmean2": 0.00223147636279,
        "dvar": 8.06710340839e-06,
        "dvar2": 1.9568056814e-05,
        "max": 0.0561818443239,
        "mean": 0.00367119978182,
        "median": 0.0015077595599,
        "min": 1.60103169871e-12,
        "var": 2.99609419017e-05
    },
    "spectral_energyband_middle_low": {
        "dmean": 0.0038254619576,
        "dmean2": 0.00632433220744,
        "dvar": 2.91860669677e-05,
        "dvar2": 7.9244520748e-05,
        "max": 0.0627712979913,
        "mean": 0.0104159265757,
        "median": 0.00945205055177,
        "min": 8.51120215972e-12,
        "var": 4.6712684707e-05
    },
    "spectral_entropy": {
        "dmean": 0.227209866047,
        "dmean2": 0.302807062864,
        "dvar": 0.0799090266228,
        "dvar2": 0.140399441123,
        "max": 9.78433895111,
        "mean": 7.71052598953,
        "median": 7.90465545654,
        "min": 5.23524808884,
        "var": 0.36060655117
    },
    "spectral_flux": {
        "dmean": 0.0268783029169,
        "dmean2": 0.0414545685053,
        "dvar": 0.0015511077363,
        "dvar2": 0.00307407742366,
        "max": 0.333979606628,
        "mean": 0.0812372714281,
        "median": 0.0686089023948,
        "min": 1.41305645229e-05,
        "var": 0.00297921639867
    },
    "spectral_kurtosis": {
        "dmean": 1.10768127441,
        "dmean2": 1.6851798296,
        "dvar": 4.69556808472,
        "dvar2": 11.1718006134,
        "max": 32.9689064026,
        "mean": 2.80931520462,
        "median": 2.08050251007,
        "min": -1.18866503239,
        "var": 7.40213251114
    },
    "spectral_rms": {
        "dmean": 0.000870085379574,
        "dmean2": 0.00136941170786,
        "dvar": 1.80348240519e-06,
        "dvar2": 4.51481309938e-06,
        "max": 0.0136807160452,
        "mean": 0.00466999458149,
        "median": 0.0044198804535,
        "min": 1.66300267779e-07,
        "var": 3.34746619046e-06
    },
    "spectral_rolloff": {
        "dmean": 785.797973633,
        "dmean2": 1260.98474121,
        "dvar": 1759518.5,
        "dvar2": 3540328.5,
        "max": 14642.578125,
        "mean": 1866.79211426,
        "median": 818.26171875,
        "min": 86.1328125,
        "var": 4300914.5
    },
    "spectral_skewness": {
        "dmean": 0.21984051168,
        "dmean2": 0.317375600338,
        "dvar": 0.102635964751,
        "dvar2": 0.214263081551,
        "max": 5.17059993744,
        "mean": 1.40955841541,
        "median": 1.30536949635,
        "min": -0.0590776130557,
        "var": 0.283152580261
    },
    "spectral_spread": {
        "dmean": 806930.875,
        "dmean2": 1106513.25,
        "dvar": 1.73392461824e+12,
        "dvar2": 2.29899291853e+12,
        "max": 40589784,
        "mean": 6713189.5,
        "median": 6554189,
        "min": 2885160.75,
        "var": 3.51961402573e+12
    },
    "spectral_strongpeak": {
        "dmean": 0.467362493277,
        "dmean2": 0.818961977959,
        "dvar": 1.18474566936,
        "dvar2": 3.2776992321,
        "max": 15.6502456665,
        "mean": 0.74143743515,
        "median": 0.383157879114,
        "min": 0,
        "var": 1.33108043671
    },
    "zerocrossingrate": {
        "dmean": 0.016865355894,
        "dmean2": 0.0193410050124,
        "dvar": 0.000388813379686,
        "dvar2": 0.000438963004854,
        "max": 0.43994140625,
        "mean": 0.0837498605251,
        "median": 0.0771484375,
        "min": 0.0048828125,
        "var": 0.00233308132738
    },
    "barkbands": {
        "dmean": [0.000162601892953, 0.00579510768875, 0.00214024656452, 0.00110517884605, 0.00136584509164, 0.00105775357224, 0.00101289956365, 0.000464333890704, 0.000606138783041, 0.000451141415397, 0.000212929662666, 0.000263284367975, 0.000157545218826, 0.000259485415881, 0.000253689300735, 0.00028161163209, 0.000173177526449, 0.000193799976842, 0.000203421062906, 0.000127484861878, 0.000240085384576, 0.000183901385753, 0.000181215626071, 0.000149820378283, 0.000124931058963, 9.75795046543e-05, 7.213203844e-06],
        "dmean2": [0.000260433735093, 0.00959771685302, 0.00384934782051, 0.00186032103375, 0.00218048738316, 0.00173871242441, 0.0017468330916, 0.000767332909163, 0.000947292312048, 0.000691233901307, 0.000354918593075, 0.000444091041572, 0.000265922397375, 0.000439629919128, 0.000401704048272, 0.000436996197095, 0.000274560094113, 0.000309668364935, 0.000335911405273, 0.000209931735299, 0.000382201425964, 0.000283628323814, 0.000269491865765, 0.000220530462684, 0.00018533047114, 0.000141569646075, 1.07695022962e-05],
        "dvar": [9.49904617187e-08, 0.000220028770855, 2.45338997047e-05, 2.13994826481e-06, 3.25830205838e-06, 2.83379586108e-06, 6.55598614685e-06, 1.36139397e-06, 2.06785898627e-06, 2.58796558228e-06, 3.37915736282e-07, 7.83458801834e-07, 2.12304200886e-07, 8.73342230534e-07, 9.88341071206e-07, 8.83597863321e-07, 1.93411921146e-07, 1.30012082877e-07, 1.4840178153e-07, 4.97895307205e-08, 3.1069376405e-07, 8.97156766655e-08, 1.13117948786e-07, 7.47803170498e-08, 4.55437145774e-08, 3.93675385624e-08, 1.71759023671e-10],
        "dvar2": [2.22745754286e-07, 0.000566285103559, 7.03055338818e-05, 5.94426910538e-06, 8.36873823573e-06, 7.05061620465e-06, 1.86118886631e-05, 3.70828365703e-06, 4.87158558826e-06, 5.83469818594e-06, 9.33821695526e-07, 2.35488073486e-06, 5.69335099954e-07, 2.53909342973e-06, 2.39854421125e-06, 1.97375538846e-06, 4.69825153004e-07, 3.0406414453e-07, 3.99196125045e-07, 1.23988002088e-07, 6.35793128367e-07, 2.07494352367e-07, 2.22536428396e-07, 1.64857311802e-07, 1.01598971014e-07, 9.04117953837e-08, 3.80866754801e-10],
        "max": [0.00240953010507, 0.144383192062, 0.050295908004, 0.0205393079668, 0.0193434190005, 0.0208266545087, 0.0228463131934, 0.0130465123802, 0.0223431978375, 0.0259636752307, 0.0125831514597, 0.0192669704556, 0.00899611786008, 0.0195026192814, 0.0198937952518, 0.0175429992378, 0.00801502540708, 0.00505136139691, 0.00508202938363, 0.00245619961061, 0.010782067664, 0.00416648993269, 0.00503622740507, 0.00369661767036, 0.00268690404482, 0.00331227504648, 0.000191470564459],
        "mean": [0.000182625997695, 0.00691735185683, 0.0027395922225, 0.00215427880175, 0.00306433206424, 0.00182248069905, 0.00122464692686, 0.000612599833403, 0.00102897651959, 0.000730080122594, 0.000297056190902, 0.000409879750805, 0.000218608867726, 0.000402699079132, 0.000322774838423, 0.000413305009715, 0.000298487459077, 0.000383196078474, 0.000370495748939, 0.000238547843765, 0.000454415392596, 0.000347658788087, 0.000378778000595, 0.000330179318553, 0.000271477387287, 0.000160901676281, 9.82907567959e-06],
        "median": [4.30691579822e-05, 0.00345820514485, 0.00139744579792, 0.00171192642301, 0.00202348246239, 0.000983490492217, 0.000410444074078, 0.000179547670996, 0.000310361443553, 0.000128166924696, 0.000104503022158, 9.4297574833e-05, 8.19987690193e-05, 9.87437815638e-05, 7.5740419561e-05, 8.63168606884e-05, 9.47146108956e-05, 0.000127211518702, 0.00013002952619, 0.000121207689517, 0.0001391787373, 0.000151435742737, 0.000130776272272, 0.000107018931885, 0.000116265364341, 6.46738553769e-05, 2.35546212934e-06],
        "min": [3.55589277641e-12, 3.87762478377e-12, 7.8230260811e-13, 2.34639434618e-12, 3.74028108832e-12, 1.19912781961e-12, 6.44700980969e-13, 1.54479578543e-13, 3.79493664141e-13, 1.00484670498e-13, 5.52516609938e-14, 7.5258863811e-14, 1.83610369747e-13, 9.70843007765e-14, 1.59638984974e-13, 1.65645722507e-13, 1.16575545332e-13, 3.05995382028e-13, 1.44473422483e-13, 3.92973305806e-13, 6.7595289175e-13, 5.25954334338e-13, 7.14870491362e-13, 1.02697884918e-12, 1.19126952226e-12, 2.0497598844e-12, 2.97347021137e-12],
        "var": [1.14879547652e-07, 0.000177326510311, 1.83882057172e-05, 4.18887884734e-06, 8.71047996043e-06, 5.44675458514e-06, 5.83878772886e-06, 1.7316820049e-06, 4.70989425594e-06, 5.27594966115e-06, 6.20560228981e-07, 1.71759324985e-06, 2.35668977666e-07, 1.65626931903e-06, 1.12343161618e-06, 2.00635395231e-06, 4.20035291882e-07, 4.19659272666e-07, 3.25352004893e-07, 9.81273018397e-08, 7.93853189407e-07, 2.14288490952e-07, 3.44052665469e-07, 2.46905585755e-07, 1.18390282466e-07, 5.89516950811e-08, 2.72145334046e-10]
    },
    "erbbands": {
        "dmean": [0.168597340584, 1.31553852558, 2.53749418259, 2.83860445023, 3.83201241493, 5.71742105484, 6.40219545364, 8.32306957245, 12.8806085587, 15.848531723, 7.95370531082, 13.1958217621, 19.6804409027, 6.96667146683, 8.85389614105, 10.4846906662, 7.37330102921, 11.9137983322, 8.6551618576, 18.6236419678, 13.7827672958, 8.52914142609, 9.45566177368, 12.1577119827, 7.529920578, 5.97827482224, 10.7918605804, 7.96766757965, 6.31341362, 6.4168510437, 5.10672855377, 3.61156272888, 2.32859921455, 1.29282021523, 1.03098106384, 0.567346274853, 0.144310638309, 0.0268131643534, 0.000694379443303, 2.82827550109e-05],
        "dmean2": [0.274255126715, 2.23311638832, 4.60578584671, 4.8531537056, 6.21137285233, 9.38967895508, 10.4781837463, 13.5721006393, 21.9615631104, 27.1259708405, 12.6681947708, 21.1241455078, 28.9747829437, 11.2899417877, 14.7128648758, 17.8291759491, 12.5912504196, 20.0040149689, 14.2075061798, 27.9986686707, 21.1869106293, 13.6874246597, 14.9997425079, 20.3303871155, 12.4448127747, 9.7382144928, 17.3044033051, 12.6586675644, 9.81440639496, 9.78516960144, 7.79386806488, 5.36036348343, 3.46202516556, 1.93230593204, 1.57134270668, 0.858896434307, 0.201223447919, 0.0380374453962, 0.00100614363328, 4.06466351706e-05],
        "dvar": [0.169297456741, 12.0419425964, 41.8233757019, 14.7605895996, 21.2042388916, 76.7525405884, 121.142097473, 191.181884766, 1055.78381348, 1976.26147461, 242.390594482, 1077.24719238, 4328.63134766, 249.208587646, 546.864074707, 1023.79644775, 346.851928711, 1697.26757812, 484.025054932, 5946.04736328, 2053.70288086, 372.760314941, 356.057067871, 608.501403809, 185.979217529, 109.049339294, 826.269165039, 261.544952393, 107.136039734, 135.815841675, 93.6262359619, 47.1924209595, 18.7723846436, 4.91264247894, 3.33013367653, 1.5726839304, 0.0612008161843, 0.00208007427864, 1.54319866397e-06, 1.78668158046e-09],
        "dvar2": [0.398321896791, 32.3214149475, 119.851554871, 41.1810569763, 50.1380882263, 199.626586914, 292.670806885, 466.053833008, 2784.25952148, 5563.43212891, 592.791015625, 2697.08398438, 9539.77929688, 645.387573242, 1537.45263672, 2902.58862305, 949.981689453, 4875.77441406, 1331.26147461, 13370.0507812, 4920.90185547, 878.453063965, 877.27545166, 1621.95239258, 496.402313232, 274.599914551, 1787.12084961, 554.631225586, 250.180725098, 299.672210693, 191.884155273, 97.9113082886, 42.0791549683, 10.6539859772, 7.69744586945, 3.7627017498, 0.126807138324, 0.00415581185371, 3.19416812999e-06, 3.80673359501e-09],
        "max": [3.87457609177, 32.8061828613, 54.1890487671, 42.4686851501, 55.1176872253, 92.2723922729, 186.43939209, 197.672637939, 403.53137207, 444.257751465, 264.846557617, 547.171081543, 1166.00976562, 266.37008667, 468.311431885, 469.815826416, 273.819763184, 949.890991211, 459.185943604, 1723.85644531, 1191.20825195, 374.961334229, 299.608459473, 339.405700684, 187.683532715, 114.563476562, 623.381347656, 368.902740479, 144.134506226, 191.701599121, 164.94670105, 110.437446594, 61.6389427185, 25.6828536987, 24.3220615387, 22.4131183624, 3.56107759476, 0.425107628107, 0.0155242839828, 0.00041151753976],
        "mean": [0.194060400128, 1.55797278881, 3.14089083672, 5.63796854019, 8.60375881195, 11.522102356, 11.4223127365, 14.4639196396, 16.4332866669, 19.2447242737, 13.774766922, 22.2789745331, 33.5591545105, 11.3706321716, 13.7591915131, 16.6236381531, 11.1402626038, 19.5768089294, 13.9526042938, 23.615278244, 22.3785820007, 16.3077449799, 18.7564792633, 22.5058021545, 15.5877361298, 11.4865674973, 19.2592945099, 14.9414768219, 11.9442825317, 12.3915710449, 10.8060588837, 7.92466020584, 4.89622354507, 2.91741943359, 2.00775194168, 0.928922533989, 0.244600057602, 0.0425717420876, 0.00107442424633, 6.61728845444e-05],
        "median": [0.060448102653, 0.83969527483, 1.87721467018, 4.55129241943, 6.38779449463, 6.46797132492, 6.51023054123, 6.57923746109, 5.49647283554, 6.03844976425, 5.17069864273, 6.97963619232, 6.37550926208, 4.78242397308, 4.71072053909, 4.52761602402, 4.37029886246, 5.12954902649, 4.53854608536, 4.71448516846, 5.39921236038, 5.91067028046, 6.25970602036, 7.6507730484, 6.10333538055, 5.72748327255, 5.8283662796, 5.56535577774, 5.37672138214, 4.91700839996, 3.58035564423, 2.53447675705, 1.6792037487, 1.13089489937, 0.838988125324, 0.380412101746, 0.0961378961802, 0.0132124600932, 0.0003364662698, 4.2090225179e-05],
        "min": [1.87446377864e-10, 6.05135941356e-10, 8.74981809229e-10, 4.70151295673e-09, 1.11705844574e-08, 1.26838610726e-08, 9.28988352911e-09, 1.00901988986e-08, 1.06469455474e-08, 7.64520002861e-09, 1.95817495552e-09, 1.03367705506e-08, 5.34948085829e-09, 2.06540295977e-09, 3.49716899883e-09, 2.91134627517e-09, 8.90038442947e-09, 5.33586863583e-09, 5.34992805612e-09, 1.05616990709e-08, 9.25733445456e-09, 9.01768348882e-09, 1.62138800164e-08, 7.75008590637e-09, 8.97682461698e-09, 2.29759766768e-08, 2.51948879537e-08, 2.59746517628e-08, 1.96492049298e-08, 1.67868190459e-08, 1.9871121637e-08, 1.58311390663e-08, 1.9648160432e-08, 1.25832260167e-08, 8.65916316428e-09, 7.07378244869e-09, 3.80312759063e-09, 1.86381221567e-09, 4.30389529571e-10, 3.98639524168e-11],
        "var": [0.16089104116, 8.81942653656, 26.9255084991, 23.7577514648, 65.9720153809, 206.592803955, 284.201568604, 365.122894287, 1097.16638184, 1687.56652832, 731.178588867, 2114.86401367, 9840.38867188, 417.476135254, 1188.93457031, 2181.27587891, 438.678833008, 3378.40258789, 840.869995117, 7622.72070312, 5568.90332031, 979.230285645, 974.956420898, 1411.47216797, 471.68170166, 218.809799194, 1798.9934082, 582.449707031, 247.136428833, 331.241577148, 303.310699463, 161.89225769, 51.8127479553, 15.0618267059, 6.83623361588, 2.13456726074, 0.11934774369, 0.00388533738442, 2.63794254352e-06, 3.8683460879e-09]
    },
    "gfcc": {
        "mean": [10.6653852463, 65.5696487427, -76.0559539795, 43.2596054077, -62.1504058838, 20.645318985, -39.5438423157, 13.3414707184, -29.3258647919, 5.11351537704, -22.2090835571, 5.6725358963, -14.8865795135],
        "cov": [[10701.6035156, -1494.0625, -1347.76208496, 18.2339286804, -207.966629028, 211.267318726, -64.3988037109, 356.047058105, 56.8843955994, 368.441162109, -78.7669830322, 70.0982894897, -65.9298477173], [-1494.0625, 1080.02758789, 265.616790771, -159.256271362, -60.0787239075, -23.1409835815, 82.5021591187, -138.077636719, 26.5413303375, -55.5131645203, 52.4511604309, -60.6149215698, 15.9155550003], [-1347.76208496, 265.616790771, 844.417114258, -77.4245376587, -73.0364379883, -37.8795318604, 24.5819816589, -89.0695877075, -52.795375824, -33.324092865, -1.83159685135, 69.0449523926, -15.6238040924], [18.2339286804, -159.256271362, -77.4245376587, 305.266998291, 32.1869354248, -44.6927947998, -31.9757862091, 24.2190876007, 6.78227186203, -37.0007781982, 4.88388109207, -2.6085524559, 38.999370575], [-207.966629028, -60.0787239075, -73.0364379883, 32.1869354248, 317.833709717, 21.7504634857, -29.7820034027, 47.5383758545, -5.10717010498, -26.6256732941, -25.4765377045, 20.8583946228, 13.0708026886], [211.267318726, -23.1409835815, -37.8795318604, -44.6927947998, 21.7504634857, 153.257156372, 57.4418945312, -9.97323322296, -6.22614336014, 17.9766330719, 13.8678455353, -23.1295967102, -11.9172201157], [-64.3988037109, 82.5021591187, 24.5819816589, -31.9757862091, -29.7820034027, 57.4418945312, 140.29486084, 15.0517807007, -10.8588314056, 20.0044078827, 14.4706134796, -21.7269363403, -12.8106269836], [356.047058105, -138.077636719, -89.0695877075, 24.2190876007, 47.5383758545, -9.97323322296, 15.0517807007, 127.813941956, 18.8402442932, -0.99413561821, -14.6465463638, -3.70289516449, 4.73012733459], [56.8843955994, 26.5413303375, -52.795375824, 6.78227186203, -5.10717010498, -6.22614336014, -10.8588314056, 18.8402442932, 88.7586288452, 29.9446754456, -0.494575887918, -3.72712874413, 3.46248888969], [368.441162109, -55.5131645203, -33.324092865, -37.0007781982, -26.6256732941, 17.9766330719, 20.0044078827, -0.99413561821, 29.9446754456, 111.810081482, 17.1652870178, -4.41311407089, -15.847650528], [-78.7669830322, 52.4511604309, -1.83159685135, 4.88388109207, -25.4765377045, 13.8678455353, 14.4706134796, -14.6465463638, -0.494575887918, 17.1652870178, 69.9287948608, 4.38667392731, -13.142999649], [70.0982894897, -60.6149215698, 69.0449523926, -2.6085524559, 20.8583946228, -23.1295967102, -21.7269363403, -3.70289516449, -3.72712874413, -4.41311407089, 4.38667392731, 89.9548034668, 0.245420753956], [-65.9298477173, 15.9155550003, -15.6238040924, 38.999370575, 13.0708026886, -11.9172201157, -12.8106269836, 4.73012733459, 3.46248888969, -15.847650528, -13.142999649, 0.245420753956, 63.4810752869]],
        "icov": [[0.000201322734938, -2.21523478103e-05, 0.000308474292979, -0.00010971930169, 0.000393918948248, -0.00049961451441, 0.000385997875128, -0.000613650423475, 0.000445020530606, -0.000715807953384, 0.000551699777134, -0.000607778085396, 0.000220291403821], [-2.21523478103e-05, 0.00220413762145, -0.00050780113088, 0.00153262051754, -0.00071982719237, 0.00182642019354, -0.00211565033533, 0.00268179364502, -0.00245880521834, 0.00236537470482, -0.00246191606857, 0.00231113703921, -0.00157187005971], [0.000308474292979, -0.00050780113088, 0.00209990213625, -0.000200522335945, 0.000960901088547, -0.000613316136878, 0.000322852662066, -0.000509412086103, 0.00162252003793, -0.001119552413, 0.00170896772761, -0.00259707472287, 0.000873696117196], [-0.00010971930169, 0.00153262051754, -0.000200522335945, 0.00513871526346, -0.000968287466094, 0.00254196720198, -0.00138136034366, 0.00170947634615, -0.00215583480895, 0.00311227655038, -0.0033826616127, 0.00227319751866, -0.0032486517448], [0.000393918948248, -0.00071982719237, 0.000960901088547, -0.000968287466094, 0.00485022785142, -0.00295242737047, 0.00249404925853, -0.00345490220934, 0.00210409425199, -0.0015671272995, 0.00292332749814, -0.00311553128995, 0.000740056566428], [-0.00049961451441, 0.00182642019354, -0.000613316136878, 0.00254196720198, -0.00295242737047, 0.0116982264444, -0.00621000863612, 0.0053251683712, -0.00287467893213, 0.00322489230894, -0.00452435901389, 0.00484020356089, -0.00152893387713], [0.000385997875128, -0.00211565033533, 0.000322852662066, -0.00138136034366, 0.00249404925853, -0.00621000863612, 0.0127498041838, -0.00642667291686, 0.0047838264145, -0.00476437853649, 0.00199412624352, -0.00151315773837, 0.00220027170144], [-0.000613650423475, 0.00268179364502, -0.000509412086103, 0.00170947634615, -0.00345490220934, 0.0053251683712, -0.00642667291686, 0.0150552131236, -0.00620052171871, 0.00530667882413, -0.00266509549692, 0.004102808889, -0.0020975926891], [0.000445020530606, -0.00245880521834, 0.00162252003793, -0.00215583480895, 0.00210409425199, -0.00287467893213, 0.0047838264145, -0.00620052171871, 0.0172246620059, -0.00808618497103, 0.00413411855698, -0.00352615490556, 0.00116830237675], [-0.000715807953384, 0.00236537470482, -0.001119552413, 0.00311227655038, -0.0015671272995, 0.00322489230894, -0.00476437853649, 0.00530667882413, -0.00808618497103, 0.0163879282773, -0.00642431620508, 0.00414583692327, -0.000766720215324], [0.000551699777134, -0.00246191606857, 0.00170896772761, -0.0033826616127, 0.00292332749814, -0.00452435901389, 0.00199412624352, -0.00266509549692, 0.00413411855698, -0.00642431620508, 0.0210460256785, -0.00615280307829, 0.00539051974192], [-0.000607778085396, 0.00231113703921, -0.00259707472287, 0.00227319751866, -0.00311553128995, 0.00484020356089, -0.00151315773837, 0.004102808889, -0.00352615490556, 0.00414583692327, -0.00615280307829, 0.0173412561417, -0.00242090085521], [0.000220291403821, -0.00157187005971, 0.000873696117196, -0.0032486517448, 0.000740056566428, -0.00152893387713, 0.00220027170144, -0.0020975926891, 0.00116830237675, -0.000766720215324, 0.00539051974192, -0.00242090085521, 0.0196176189929]]
    },
    "melbands": {
        "dmean": [0.00156488455832, 0.00145428150427, 0.000498934125062, 0.000327889458276, 0.000216677697608, 0.000197422952624, 0.000197527231649, 0.000159543924383, 6.79248041706e-05, 8.55192847666e-05, 9.75390794338e-05, 2.80054009636e-05, 3.13156560878e-05, 3.3871125197e-05, 1.76102985279e-05, 1.74413817149e-05, 2.43245394813e-05, 1.55224952323e-05, 1.97978424694e-05, 2.44349521381e-05, 1.67197395058e-05, 1.01606783574e-05, 1.01583455034e-05, 9.1983429229e-06, 1.09105912998e-05, 6.96171537129e-06, 4.62602520201e-06, 4.13942098021e-06, 6.81038227413e-06, 6.51980099065e-06, 4.75969363833e-06, 3.73124953512e-06, 3.94054268327e-06, 3.70862926502e-06, 3.15393435812e-06, 2.77752951661e-06, 2.22230687541e-06, 1.84454256669e-06, 1.33773664857e-06, 1.11797965019e-06],
        "dmean2": [0.00256853550673, 0.00258594518527, 0.000843168294523, 0.00052694225451, 0.000352409871994, 0.000321182655171, 0.000339195190463, 0.000272711913567, 0.000106918691017, 0.000135521069751, 0.00014327968529, 4.58709073428e-05, 5.22167902091e-05, 5.71781674807e-05, 2.96560829156e-05, 2.97041169688e-05, 4.09822241636e-05, 2.59479256783e-05, 3.07685331791e-05, 3.773640492e-05, 2.57295905612e-05, 1.65474575624e-05, 1.63260501722e-05, 1.50098558152e-05, 1.83366955753e-05, 1.15469883895e-05, 7.72385283199e-06, 6.74584362059e-06, 1.0950466276e-05, 1.07362920971e-05, 7.53888980398e-06, 5.95596884523e-06, 6.22978268439e-06, 5.76883439862e-06, 4.95634367326e-06, 4.08041250921e-06, 3.39385564985e-06, 2.85591363536e-06, 2.03501554097e-06, 1.69820577867e-06],
        "dvar": [1.54639383254e-05, 1.46182874232e-05, 3.73976064338e-07, 1.89958768715e-07, 1.09856564734e-07, 1.07500447655e-07, 2.45435927582e-07, 2.05790883001e-07, 1.90901801034e-08, 4.00413497914e-08, 1.07161305607e-07, 4.58714977114e-09, 6.83014400593e-09, 1.49056997856e-08, 1.69609748468e-09, 2.93823321229e-09, 7.54566453764e-09, 2.2374193609e-09, 5.46584466576e-09, 8.57494875106e-09, 3.30347660338e-09, 6.74670652678e-10, 7.35684180242e-10, 2.75116207593e-10, 5.18412368589e-10, 1.79726969418e-10, 7.07724434612e-11, 5.080435031e-11, 3.15086040592e-10, 2.81574319416e-10, 8.13848363701e-11, 3.78317585592e-11, 4.36280143956e-11, 4.85649541415e-11, 3.5653393432e-11, 3.0228659853e-11, 1.75558283189e-11, 1.23949262312e-11, 5.52692613898e-12, 3.59990639728e-12],
        "dvar2": [3.82462712878e-05, 4.09304084314e-05, 1.02382443856e-06, 4.8710126066e-07, 2.65551392431e-07, 2.61961247361e-07, 6.64514686832e-07, 5.77952050662e-07, 4.3697859553e-08, 9.87992549994e-08, 2.37108437773e-07, 1.19246656993e-08, 1.90610887074e-08, 4.60775666511e-08, 4.40328840057e-09, 7.99180632782e-09, 2.17599538388e-08, 6.35640784452e-09, 1.2910676972e-08, 1.75710272998e-08, 8.08313771472e-09, 1.65212887815e-09, 1.92651872233e-09, 6.98578472846e-10, 1.39935363297e-09, 4.84297713044e-10, 1.85244000694e-10, 1.27603289046e-10, 7.32939986481e-10, 5.65835045485e-10, 1.96056962332e-10, 9.3525479028e-11, 9.81635328579e-11, 1.1026067559e-10, 7.83508813385e-11, 5.86739545838e-11, 3.95074667425e-11, 2.89978440565e-11, 1.24421827008e-11, 8.05878801191e-12],
        "max": [0.0380365736783, 0.0335001610219, 0.00687272567302, 0.00454368023202, 0.00494907051325, 0.00520437490195, 0.00540921417996, 0.00466068275273, 0.00228975806385, 0.00294037838466, 0.00567830121145, 0.00116469536442, 0.00172861234751, 0.00262666470371, 0.000699287804309, 0.00111754715908, 0.00177021312993, 0.00111042615026, 0.00147645687684, 0.00162570516113, 0.0014556965325, 0.000556220242288, 0.000621684012003, 0.00023953494383, 0.000318058708217, 0.00016143238463, 9.96713133645e-05, 7.78307148721e-05, 0.000356176227797, 0.000445563084213, 0.000158573471708, 8.53469173308e-05, 9.44360872381e-05, 9.64038845268e-05, 8.6491672846e-05, 0.000105315360997, 5.84796216572e-05, 5.12753722433e-05, 3.02481894323e-05, 2.26402480621e-05],
        "mean": [0.00185976084322, 0.00184159493074, 0.0010888595134, 0.000714054098353, 0.000432736589573, 0.00033888296457, 0.000252613099292, 0.000190640770597, 0.000116384617286, 0.000144893710967, 0.000163081145729, 4.15742651967e-05, 4.55152330687e-05, 5.10290046805e-05, 2.75631955446e-05, 2.41964025918e-05, 3.87960753869e-05, 2.29425950238e-05, 2.5100496714e-05, 3.15547840728e-05, 2.5465453291e-05, 1.67695907294e-05, 1.69984341483e-05, 1.72257678059e-05, 1.87172408914e-05, 1.28459059852e-05, 8.69155428518e-06, 7.01330191077e-06, 1.12930492833e-05, 1.10835608211e-05, 8.11177324067e-06, 6.55080202705e-06, 6.92422418069e-06, 6.68606935506e-06, 6.12490794083e-06, 5.66421658732e-06, 4.59181410406e-06, 3.60873809768e-06, 2.68943358606e-06, 2.38114739659e-06],
        "median": [0.000787794357166, 0.00111639522947, 0.000905739783775, 0.000481712457258, 0.000251396209933, 0.000168682192452, 8.94070908544e-05, 5.83771507081e-05, 4.00457392971e-05, 4.36657828686e-05, 2.79214618786e-05, 1.6618427253e-05, 1.5950499801e-05, 1.02479343695e-05, 1.06434144982e-05, 8.98566122487e-06, 8.83056509338e-06, 6.95763810654e-06, 5.49525293536e-06, 5.95657820668e-06, 6.1785658545e-06, 5.45605962543e-06, 5.13804616276e-06, 5.80497362535e-06, 6.00247130933e-06, 4.63223614133e-06, 3.56466102858e-06, 3.36366633746e-06, 3.49042124981e-06, 2.95524137073e-06, 3.15750367008e-06, 2.94197047879e-06, 2.84359430225e-06, 2.50158450399e-06, 1.97386225409e-06, 1.69715053744e-06, 1.44256443946e-06, 1.15938564704e-06, 9.81030780167e-07, 9.59017825153e-07],
        "min": [1.54236204971e-12, 5.62774111167e-13, 1.01588670202e-12, 9.00361274252e-13, 3.70679452844e-13, 2.31238341192e-13, 1.55411640046e-13, 7.2910136316e-14, 1.30780108287e-14, 6.77968626877e-14, 2.44380846803e-14, 7.9296115911e-15, 9.38556551271e-15, 1.05648801678e-14, 1.29269408085e-14, 1.69177805852e-14, 9.49237213219e-15, 8.08507940637e-15, 1.16512295688e-14, 1.43252177156e-14, 9.6281659132e-15, 7.31320115143e-15, 1.79217568791e-14, 1.00520296703e-14, 5.87964701611e-15, 4.77378028194e-15, 1.11907418011e-14, 1.46316708478e-14, 1.40932992476e-14, 1.35900947613e-14, 1.71159405551e-14, 1.25661640653e-14, 7.30331204177e-15, 1.09534141807e-14, 1.27912808587e-14, 9.24345032482e-15, 1.00409589497e-14, 1.46126075243e-14, 1.20979386516e-14, 1.01809455438e-14],
        "var": [1.34571128001e-05, 9.71791814663e-06, 6.34161892776e-07, 4.46249373454e-07, 2.90453726848e-07, 1.97834609139e-07, 2.43623986762e-07, 1.72748571003e-07, 5.81291175195e-08, 8.47911465485e-08, 2.41220817543e-07, 6.96204338624e-09, 1.36985969235e-08, 3.13944639174e-08, 2.96983615478e-09, 3.26922799943e-09, 1.57366955023e-08, 3.51129836318e-09, 6.76740530281e-09, 1.36152680241e-08, 8.09091105225e-09, 1.33565036808e-09, 1.33720801099e-09, 7.28085425283e-10, 1.09223774469e-09, 3.98980737337e-10, 1.52269655218e-10, 9.0726925972e-11, 6.05612338056e-10, 6.4340893724e-10, 1.51231902001e-10, 7.79153755404e-11, 9.92348286877e-11, 1.02536958091e-10, 9.85199422043e-11, 9.27587798238e-11, 5.69010706608e-11, 3.00036627487e-11, 1.50410205124e-11, 1.01318441484e-11]
    },
    "mfcc": {
        "mean": [-643.333984375, 98.3326416016, 36.9253044128, 28.3696346283, 7.49697685242, 8.91567420959, 1.79696464539, 7.14617776871, 0.148564875126, -0.367139101028, -0.497832506895, -1.96685051918, -3.17576003075],
        "cov": [[9156.12109375, -1449.8248291, -1235.28649902, -136.38243103, -215.210113525, -162.405349731, -70.694770813, -82.8314056396, 73.2377319336, 294.012756348, 200.161727905, 85.2497558594, -70.009437561], [-1449.8248291, 1159.36315918, 346.016143799, -105.094848633, -74.9367599487, 77.0393371582, 3.64170742035, -1.6861307621, -18.0700340271, -77.3781890869, 20.4468841553, 21.2326011658, 14.2255315781], [-1235.28649902, 346.016143799, 759.407714844, 8.22783565521, -129.971572876, 42.3586006165, -3.8103518486, -7.26455450058, -53.5234680176, -90.8338546753, -25.0333595276, 10.4070644379, 28.592634201], [-136.38243103, -105.094848633, 8.22783565521, 252.488708496, 75.3849411011, -50.8760261536, -10.7761068344, 17.3504867554, 22.3667316437, -39.1320037842, -32.0481834412, -9.64197063446, 13.9467468262], [-215.210113525, -74.9367599487, -129.971572876, 75.3849411011, 269.630889893, -7.44507312775, -4.74933576584, 38.066734314, 21.268283844, -11.5175800323, -57.8816146851, -20.325006485, -6.46155405045], [-162.405349731, 77.0393371582, 42.3586006165, -50.8760261536, -7.44507312775, 155.797424316, 29.2962017059, -12.1692752838, -18.9379653931, 5.21391248703, 15.4540491104, -2.37087202072, 0.644858539104], [-70.694770813, 3.64170742035, -3.8103518486, -10.7761068344, -4.74933576584, 29.2962017059, 145.998382568, 25.0880050659, -8.38735103607, 27.2290077209, 8.33838844299, -6.90277147293, -10.6157951355], [-82.8314056396, -1.6861307621, -7.26455450058, 17.3504867554, 38.066734314, -12.1692752838, 25.0880050659, 105.4451828, 9.38189697266, -15.093875885, -10.9564571381, -10.2116146088, -0.430052667856], [73.2377319336, -18.0700340271, -53.5234680176, 22.3667316437, 21.268283844, -18.9379653931, -8.38735103607, 9.38189697266, 102.139587402, 22.1115207672, -13.3975324631, -0.536275446415, -3.24497246742], [294.012756348, -77.3781890869, -90.8338546753, -39.1320037842, -11.5175800323, 5.21391248703, 27.2290077209, -15.093875885, 22.1115207672, 140.736801147, 16.3330059052, -26.5578708649, -3.21523070335], [200.161727905, 20.4468841553, -25.0333595276, -32.0481834412, -57.8816146851, 15.4540491104, 8.33838844299, -10.9564571381, -13.3975324631, 16.3330059052, 110.834259033, 24.9541053772, 1.04721319675], [85.2497558594, 21.2326011658, 10.4070644379, -9.64197063446, -20.325006485, -2.37087202072, -6.90277147293, -10.2116146088, -0.536275446415, -26.5578708649, 24.9541053772, 83.4442672729, 1.65460586548], [-70.009437561, 14.2255315781, 28.592634201, 13.9467468262, -6.46155405045, 0.644858539104, -10.6157951355, -0.430052667856, -3.24497246742, -3.21523070335, 1.04721319675, 1.65460586548, 76.4926300049]],
