{
"lowlevel": {
    "average_loudness": 0.961846709251,
    "barkbands_crest": {
        "dmean": 2.77906513214,
        "dmean2": 4.43166971207,
        "dvar": 8.18254470825,
        "dvar2": 19.9944629669,
        "max": 23.3061027527,
        "mean": 8.59923934937,
        "median": 7.84926700592,
        "min": 2.32761764526,
        "var": 15.1281986237
    },
    "barkbands_flatness_db": {
        "dmean": 0.0177163723856,
        "dmean2": 0.0285424161702,
        "dvar": 0.000327422865666,
        "dvar2": 0.000821997993626,
        "max": 0.295939445496,
        "mean": 0.138393819332,
        "median": 0.125673308969,
        "min": 0.0685496255755,
        "var": 0.00196492858231
    },
    "barkbands_kurtosis": {
        "dmean": 0.999320328236,
        "dmean2": 1.66922438145,
        "dvar": 2.96955895424,
        "dvar2": 7.63965940475,
        "max": 19.9524917603,
        "mean": 0.247789174318,
        "median": -0.762827157974,
        "min": -1.82377052307,
        "var": 7.26725435257
    },
    "barkbands_skewness": {
        "dmean": 0.425846815109,
        "dmean2": 0.670818507671,
        "dvar": 0.219728648663,
        "dvar2": 0.512325525284,
        "max": 4.51628732681,
        "mean": 0.593314111233,
        "median": 0.364781141281,
        "min": -1.7151144743,
        "var": 0.856517076492
    },
    "barkbands_spread": {
        "dmean": 5.50799894333,
        "dmean2": 8.78515720367,
        "dvar": 32.1077423096,
        "dvar2": 77.6471481323,
        "max": 82.0768280029,
        "mean": 34.605556488,
        "median": 34.8530883789,
        "min": 7.38704919815,
        "var": 175.838058472
    },
    "dissonance": {
        "dmean": 0.00992746744305,
        "dmean2": 0.0171132870018,
        "dvar": 0.000145646932651,
        "dvar2": 0.000414476060541,
        "max": 0.500000059605,
        "mean": 0.484147340059,
        "median": 0.490283221006,
        "min": 0.387188851833,
        "var": 0.000244536844548
    },
    "dynamic_complexity": 1.94977664948,
    "erbbands_crest": {
        "dmean": 2.16196370125,
        "dmean2": 3.61995077133,
        "dvar": 4.88000822067,
        "dvar2": 12.4244947433,
        "max": 29.6940422058,
        "mean": 8.75111198425,
        "median": 6.69339323044,
        "min": 3.04041862488,
        "var": 27.1386642456
    },
    "erbbands_flatness_db": {
        "dmean": 0.0112526165321,
        "dmean2": 0.0178387891501,
        "dvar": 0.000101481375168,
        "dvar2": 0.00024321951787,
        "max": 0.301724374294,
        "mean": 0.183916404843,
        "median": 0.1761315763,
        "min": 0.111359767616,
        "var": 0.0010933483718
    },
    "erbbands_kurtosis": {
        "dmean": 0.749562799931,
        "dmean2": 1.2417536974,
        "dvar": 0.669763147831,
        "dvar2": 1.76570677757,
        "max": 11.6790456772,
        "mean": 1.29831373692,
        "median": 1.02413129807,
        "min": -1.56123888493,
        "var": 2.70329809189
    },
    "erbbands_skewness": {
        "dmean": 0.25839522481,
        "dmean2": 0.424846023321,
        "dvar": 0.0544639118016,
        "dvar2": 0.144566804171,
        "max": 2.00042200089,
        "mean": -0.325932621956,
        "median": -0.471136331558,
        "min": -2.20544362068,
        "var": 0.409818291664
    },
    "erbbands_spread": {
        "dmean": 4.8577876091,
        "dmean2": 7.96314191818,
        "dvar": 22.8208942413,
        "dvar2": 60.4732589722,
        "max": 70.5485992432,
        "mean": 29.2162036896,
        "median": 29.0935459137,
        "min": 6.05856132507,
        "var": 137.739746094
    },
    "hfc": {
        "dmean": 5.49588060379,
        "dmean2": 8.94353961945,
        "dvar": 35.0150909424,
        "dvar2": 85.498374939,
        "max": 100.490814209,
        "mean": 33.20262146,
        "median": 31.1683673859,
        "min": 0.000671016750857,
        "var": 266.574310303
    },
    "melbands_crest": {
        "dmean": 3.54418134689,
        "dmean2": 5.68725442886,
        "dvar": 9.19879817963,
        "dvar2": 22.1593093872,
        "max": 28.7124423981,
        "mean": 14.6127185822,
        "median": 14.4017477036,
        "min": 3.72295761108,
        "var": 27.2242088318
    },
    "melbands_flatness_db": {
        "dmean": 0.0239889137447,
        "dmean2": 0.0369203388691,
        "dvar": 0.000670539098792,
        "dvar2": 0.00154927908443,
        "max": 0.353785872459,
        "mean": 0.149308502674,
        "median": 0.131104931235,
        "min": 0.0401583909988,
        "var": 0.0042799692601
    },
    "melbands_kurtosis": {
        "dmean": 3.80009293556,
        "dmean2": 6.28480386734,
        "dvar": 47.2409133911,
        "dvar2": 119.629272461,
        "max": 84.7872467041,
        "mean": 5.3224439621,
        "median": 1.60339355469,
        "min": -1.65405666828,
        "var": 79.8011550903
    },
    "melbands_skewness": {
        "dmean": 0.655308544636,
        "dmean2": 1.0423387289,
        "dvar": 0.58378058672,
        "dvar2": 1.38263130188,
        "max": 8.59401512146,
        "mean": 1.84245526791,
        "median": 1.57171595097,
        "min": -0.900088369846,
        "var": 1.92036521435
    },
    "melbands_spread": {
        "dmean": 9.97214698792,
        "dmean2": 15.8345832825,
        "dvar": 102.735282898,
        "dvar2": 240.724746704,
        "max": 106.967201233,
        "mean": 43.2077026367,
        "median": 44.1336936951,
        "min": 4.83305454254,
        "var": 366.88092041
    },
    "pitch_salience": {
        "dmean": 0.0721179693937,
        "dmean2": 0.115847632289,
        "dvar": 0.00495849223807,
        "dvar2": 0.0120536927134,
        "max": 0.822688758373,
        "mean": 0.547359526157,
        "median": 0.540820658207,
        "min": 0.141650602221,
        "var": 0.0114615084603
    },
    "silence_rate_20dB": {
        "dmean": 0,
        "dmean2": 0,
        "dvar": 0,
        "dvar2": 0,
        "max": 1,
        "mean": 1,
        "median": 1,
        "min": 1,
        "var": 0
    },
    "silence_rate_30dB": {
        "dmean": 0,
        "dmean2": 0,
        "dvar": 0,
        "dvar2": 0,
        "max": 1,
        "mean": 1,
        "median": 1,
        "min": 1,
        "var": 0
    },
    "silence_rate_60dB": {
        "dmean": 0.000774593325332,
        "dmean2": 0.00154978688806,
        "dvar": 0.00077398942085,
        "dvar2": 0.00154736766126,
        "max": 1,
        "mean": 0.00967866834253,
        "median": 0,
        "min": 0,
        "var": 0.00958477612585
    },
    "spectral_centroid": {
        "dmean": 175.859176636,
        "dmean2": 288.99130249,
        "dvar": 26270.5058594,
        "dvar2": 69361.921875,
        "max": 3328.31054688,
        "mean": 2090.2902832,
        "median": 2179.4921875,
        "min": 563.40234375,
        "var": 282019.9375
    },
    "spectral_complexity": {
        "dmean": 3.66769957542,
        "dmean2": 6.07748937607,
        "dvar": 8.94846725464,
        "dvar2": 23.777173996,
        "max": 55,
        "mean": 34.5447158813,
        "median": 37,
        "min": 0,
        "var": 105.283912659
    },
    "spectral_decrease": {
        "dmean": 2.47059239733e-09,
        "dmean2": 4.01920718929e-09,
        "dvar": 1.28017970573e-17,
        "dvar2": 3.18456661073e-17,
        "max": -9.22381135772e-14,
        "mean": -7.39620054091e-09,
        "median": -6.5067427002e-09,
        "min": -3.60922491893e-08,
        "var": 1.84674027453e-17
    },
    "spectral_energy": {
        "dmean": 0.00962094310671,
        "dmean2": 0.0156417954713,
        "dvar": 0.000185351324035,
        "dvar2": 0.000461851275759,
        "max": 0.139329850674,
        "mean": 0.0309265200049,
        "median": 0.0274532306939,
        "min": 4.08990814549e-07,
        "var": 0.000287032016786
    },
    "spectral_energyband_high": {
        "dmean": 0.000301318359561,
        "dmean2": 0.000473785388749,
        "dvar": 1.50636608964e-07,
        "dvar2": 3.39566781804e-07,
        "max": 0.0104632703587,
        "mean": 0.00137010263279,
        "median": 0.00129455653951,
        "min": 3.30310143681e-08,
        "var": 8.21033154352e-07
    },
    "spectral_energyband_low": {
        "dmean": 0.00797837693244,
        "dmean2": 0.0129810012877,
        "dvar": 0.000191107741557,
        "dvar2": 0.000477801455418,
        "max": 0.125025257468,
        "mean": 0.0124503048137,
        "median": 0.00813613925129,
        "min": 7.26701898657e-08,
        "var": 0.000201943679713
    },
    "spectral_energyband_middle_high": {
        "dmean": 0.00295737874694,
        "dmean2": 0.00480756023899,
        "dvar": 1.46675165524e-05,
        "dvar2": 3.69316403521e-05,
        "max": 0.0628787875175,
        "mean": 0.012876201421,
        "median": 0.00879313796759,
        "min": 2.45714375069e-07,
        "var": 9.20896491152e-05
    },
    "spectral_energyband_middle_low": {
        "dmean": 0.00180104142055,
        "dmean2": 0.00298973522149,
        "dvar": 4.4638768486e-06,
        "dvar2": 1.15281318358e-05,
        "max": 0.0324166864157,
        "mean": 0.00505035417154,
        "median": 0.00438405107707,
        "min": 8.3000173845e-08,
        "var": 9.47991975409e-06
    },
    "spectral_entropy": {
        "dmean": 0.0664446279407,
        "dmean2": 0.107073396444,
        "dvar": 0.00314176082611,
        "dvar2": 0.00761384889483,
        "max": 8.49497318268,
        "mean": 7.85722541809,
        "median": 7.92270183563,
        "min": 7.1035490036,
        "var": 0.0569205507636
    },
    "spectral_flux": {
        "dmean": 0.0228401534259,
        "dmean2": 0.0361030735075,
        "dvar": 0.000821772497147,
        "dvar2": 0.00163491559215,
        "max": 0.269989907742,
        "mean": 0.0941341891885,
        "median": 0.0844670236111,
        "min": 0.000639523903374,
        "var": 0.00179420993663
    },
    "spectral_kurtosis": {
        "dmean": 1.25682079792,
        "dmean2": 2.2326695919,
        "dvar": 1.88414287567,
        "dvar2": 5.9813914299,
        "max": 12.263458252,
        "mean": 2.78772306442,
        "median": 2.3990149498,
        "min": -0.42409658432,
        "var": 2.77487826347
    },
    "spectral_rms": {
        "dmean": 0.000773911364377,
        "dmean2": 0.0012354577193,
        "dvar": 8.65114429871e-07,
        "dvar2": 2.07437460631e-06,
        "max": 0.0116589693353,
        "mean": 0.00530059076846,
        "median": 0.00517529156059,
        "min": 1.99753703782e-05,
        "var": 2.07600578506e-06
    },
    "spectral_rolloff": {
        "dmean": 460.211761475,
        "dmean2": 738.304199219,
        "dvar": 360190.75,
        "dvar2": 800575.8125,
        "max": 8871.6796875,
        "mean": 2223.58032227,
        "median": 2260.98632812,
        "min": 86.1328125,
        "var": 1180746.625
    },
    "spectral_skewness": {
        "dmean": 0.156110227108,
        "dmean2": 0.27429407835,
        "dvar": 0.0220563113689,
        "dvar2": 0.0675670430064,
        "max": 2.2189719677,
        "mean": 1.05613982677,
        "median": 1.02307164669,
        "min": 0.368697822094,
        "var": 0.0490314736962
    },
    "spectral_spread": {
        "dmean": 222736.515625,
        "dmean2": 348118.78125,
        "dvar": 42013454336,
        "dvar2": 88873205760,
        "max": 7422034.5,
        "mean": 3605519.75,
        "median": 3633942,
        "min": 2133778.25,
        "var": 343698276352
    },
    "spectral_strongpeak": {
        "dmean": 0.791354775429,
        "dmean2": 1.36512196064,
        "dvar": 2.16911196709,
        "dvar2": 5.22209215164,
        "max": 13.2274055481,
        "mean": 1.56116580963,
        "median": 0.380957424641,
        "min": 0,
        "var": 5.30373191833
    },
    "zerocrossingrate": {
        "dmean": 0.00897533539683,
        "dmean2": 0.0107607273385,
        "dvar": 7.68003810663e-05,
        "dvar2": 0.000111423687486,
        "max": 0.19384765625,
        "mean": 0.0775244310498,
        "median": 0.078125,
        "min": 0.01025390625,
        "var": 0.000779127061833
    },
    "barkbands": {
        "dmean": [0.000170855404576, 0.00595538876951, 0.00290966243483, 0.000826801930089, 0.000870457908604, 0.000377945718355, 0.000242210138822, 0.000175556124304, 0.000289329647785, 0.000337332923664, 0.00123591872398, 0.00100126676261, 0.000485782278702, 0.000621163810138, 0.000656364427414, 0.000586522743106, 0.00047553339391, 0.000302763248328, 0.000277309474768, 0.000200585098355, 0.000115653754619, 7.87229728303e-05, 7.59283793741e-05, 6.03837688686e-05, 1.74759570655e-05, 1.90107218856e-08, 1.27994226329e-09],
        "dmean2": [0.000225396317546, 0.00971684791148, 0.00520360050723, 0.00143743550871, 0.00146913016215, 0.000642712111585, 0.000405176862841, 0.000286641443381, 0.000456528359791, 0.000549241842236, 0.00196525990032, 0.00166619173251, 0.000801531306934, 0.0010071687866, 0.00103283312637, 0.000983321690001, 0.000780803209636, 0.000504017283674, 0.000478378526168, 0.000335366668878, 0.000193639076315, 0.000131456035888, 0.000122025288874, 9.09851951292e-05, 2.64765549218e-05, 3.16097299446e-08, 2.37636421652e-09],
        "dvar": [9.52305825308e-08, 0.000143567987834, 2.20002912101e-05, 1.11724943963e-06, 8.84113148913e-07, 1.9783445282e-07, 4.05932212288e-07, 9.77676037905e-08, 6.76485058193e-07, 4.88112561925e-07, 9.23242805584e-06, 4.14538499172e-06, 1.00780175671e-06, 2.32822321777e-06, 1.50222842876e-06, 1.21557252442e-06, 5.41485633221e-07, 1.46838530668e-07, 8.6109281483e-08, 5.00376913237e-08, 1.69004046313e-08, 1.90433304681e-08, 1.31147004367e-08, 1.14389200334e-08, 2.9495428322e-09, 1.82166696109e-15, 3.09823352205e-18],
        "dvar2": [1.82880611987e-07, 0.000363696424756, 6.39574282104e-05, 3.16399427902e-06, 2.37189124164e-06, 5.34047728706e-07, 1.04669379652e-06, 2.23003127076e-07, 1.48952028667e-06, 1.12170368993e-06, 2.21001137106e-05, 1.10046075861e-05, 2.56491262007e-06, 5.78111621508e-06, 3.42081307281e-06, 3.02322291645e-06, 1.35516438604e-06, 3.92448583852e-07, 2.4414219979e-07, 1.34526615625e-07, 4.44235155328e-08, 4.53801760614e-08, 3.1006603507e-08, 2.2434731406e-08, 7.97961519083e-09, 5.12670460622e-15, 1.01197449848e-17],
        "max": [0.00231017312035, 0.0852706432343, 0.0496830269694, 0.0123222684488, 0.00997873675078, 0.0055488711223, 0.00989045016468, 0.00614616461098, 0.0211647022516, 0.0148645490408, 0.0498702935874, 0.0363971889019, 0.0261737257242, 0.0351754575968, 0.0260135494173, 0.0245073530823, 0.0170478895307, 0.00733265513554, 0.00453535001725, 0.00457787048072, 0.00236318609677, 0.00499706855044, 0.00289127370343, 0.00484815053642, 0.00214559910819, 1.45315993905e-06, 1.93177118746e-08],
        "mean": [0.0002159402502, 0.00714356685057, 0.00436493055895, 0.00120216328651, 0.00177230814006, 0.00069849769352, 0.000345316948369, 0.000296855578199, 0.000585234025493, 0.000553010089789, 0.00266500283033, 0.00208409503102, 0.000899456383195, 0.00113327661529, 0.00139653042424, 0.00124808982946, 0.00112331053242, 0.000755976012442, 0.000772528816015, 0.000631993054412, 0.000354414369212, 0.000208328478038, 0.000229316865443, 0.000201316448511, 4.50517618447e-05, 3.41230332879e-08, 1.02255814927e-09],
        "median": [1.9638266167e-05, 0.00349125918001, 0.00346397887915, 0.000838881358504, 0.00143864075653, 0.000529948738404, 0.000187643585377, 0.000147043145262, 0.000214376297663, 0.000254350306932, 0.000388165732147, 0.00077089649858, 0.00047452407307, 0.000463710195618, 0.00063963548746, 0.00079544459004, 0.000869795971084, 0.000645481981337, 0.000717427930795, 0.000557417457458, 0.00032840835047, 0.000182477713679, 0.000194220017875, 0.0001484695822, 3.32866438839e-05, 2.33638015601e-08, 4.22286705604e-10],
        "min": [9.79648140387e-10, 6.32802255041e-09, 2.92813329139e-08, 4.93798140155e-08, 1.43125955532e-08, 3.78317466243e-09, 5.26755883357e-09, 4.84142947954e-09, 2.81265766233e-09, 4.4637342711e-09, 8.17520202645e-08, 7.98743915453e-09, 4.57338611426e-09, 3.08792991177e-08, 1.87038793342e-08, 2.57067398479e-08, 2.67936623999e-08, 7.93733345716e-09, 3.43064776587e-08, 1.18233858259e-08, 7.53612994231e-09, 7.06503344716e-09, 6.98465685289e-09, 2.86356094392e-09, 4.00323552086e-10, 2.64366198204e-12, 6.30795372533e-12],
        "var": [1.62945667626e-07, 0.000132628600113, 1.87618607015e-05, 1.41067403092e-06, 1.67486791725e-06, 3.80753334639e-07, 4.30697753018e-07, 2.80738873926e-07, 2.54438850789e-06, 1.17240085729e-06, 3.53553732566e-05, 1.53024666361e-05, 3.44833279087e-06, 5.84061672271e-06, 5.34553646503e-06, 4.13629095419e-06, 1.81697316748e-06, 4.22339013539e-07, 2.30349286312e-07, 2.17494360299e-07, 5.502277034e-08, 3.97609269953e-08, 4.44495960039e-08, 5.39417186474e-08, 5.399140246e-09, 2.73482120603e-15, 2.49500151379e-18]
    },
    "erbbands": {
        "dmean": [0.153427660465, 1.45737409592, 3.43359184265, 2.7737467289, 2.625020504, 3.47554659843, 3.39687204361, 3.07557749748, 2.95143866539, 4.29272890091, 3.44717669487, 5.37401628494, 9.25249862671, 20.3077468872, 47.924407959, 42.2068557739, 19.7720737457, 30.1086406708, 29.0180873871, 33.8673706055, 33.4475326538, 23.3449344635, 14.8460922241, 15.1608400345, 11.0170097351, 10.3633966446, 6.3980178833, 3.23037958145, 2.83641982079, 2.62143588066, 2.22424030304, 1.59225523472, 0.818773031235, 0.329562813044, 0.027627563104, 0.00116637710016, 5.40775727131e-05, 7.40639234209e-06, 5.16164618602e-06, 1.08346284833e-05],
        "dmean2": [0.234266072512, 2.50935745239, 6.09550476074, 4.88645839691, 4.43241882324, 5.88547468185, 5.74959659576, 5.3115901947, 4.96384048462, 7.14248657227, 5.62154912949, 8.57988452911, 14.5193347931, 31.9450492859, 76.0311203003, 70.7850723267, 32.6911849976, 49.1893730164, 47.2240142822, 54.0977325439, 56.2395439148, 38.4767303467, 24.7606124878, 25.7067337036, 18.7357387543, 17.4049510956, 10.7451763153, 5.43288946152, 4.80347156525, 4.27030086517, 3.55751991272, 2.45664477348, 1.26261544228, 0.488537818193, 0.0419721268117, 0.00174708326813, 7.83588766353e-05, 1.06390043584e-05, 8.17460113467e-06, 1.75913755811e-05],
        "dvar": [0.0918809249997, 9.18899059296, 33.5398750305, 15.9045810699, 11.3405065536, 13.1626338959, 15.358877182, 16.3945465088, 48.0152511597, 115.532958984, 40.5343475342, 250.415298462, 452.412902832, 1718.99963379, 11831.6259766, 7880.03173828, 1810.94213867, 5733.48974609, 2757.33691406, 4554, 3804.50341797, 1659.41186523, 346.360778809, 284.796295166, 130.415359497, 145.038589478, 51.0412597656, 13.8847198486, 17.7124576569, 30.0847148895, 9.55699539185, 6.27965021133, 3.85957098007, 0.981760263443, 0.00386076467112, 7.04938884155e-06, 1.82292811957e-08, 3.00626523675e-10, 4.66338773153e-11, 2.16590592683e-10],
        "dvar2": [0.207219481468, 24.3874855042, 96.1036453247, 46.5846710205, 30.5327911377, 36.1609039307, 41.0779953003, 48.1666183472, 129.34916687, 298.66998291, 88.5151672363, 573.865356445, 951.437805176, 3966.23901367, 28579.4316406, 22113.0703125, 4722.62548828, 14408.3583984, 7045.85986328, 10163.4892578, 10449.3056641, 4170.43457031, 926.712402344, 765.470275879, 359.312866211, 364.137481689, 132.478897095, 36.0144615173, 44.0521316528, 69.4042282104, 22.4342384338, 13.3570652008, 8.78259754181, 2.44520139694, 0.00794617831707, 1.42897442856e-05, 3.8751963416e-08, 6.54062415339e-10, 1.13288600723e-10, 5.40541222893e-10],
        "max": [2.09749174118, 21.2061367035, 64.6034698486, 41.3107872009, 41.1086883545, 43.8230133057, 44.0026130676, 66.5542221069, 114.766609192, 195.907684326, 148.390197754, 383.691955566, 375.336761475, 585.537780762, 1888.20861816, 1750.00537109, 1306.19067383, 1344.22033691, 1197.48120117, 1598.796875, 1555.11914062, 1027.92126465, 455.201141357, 346.024963379, 186.341445923, 297.951019287, 140.293212891, 53.3340568542, 97.6007003784, 221.073577881, 66.3175582886, 83.6323013306, 89.6117095947, 42.5278167725, 2.19715023041, 0.0991979986429, 0.00583281880245, 0.000795923522674, 0.000188470658031, 0.000154869674589],
        "mean": [0.167345151305, 1.72076356411, 5.21786117554, 4.53862571716, 4.39255332947, 6.57755088806, 6.25391197205, 5.3701634407, 4.54138231277, 6.61231279373, 6.14400100708, 10.2332086563, 18.5704498291, 41.8381538391, 110.749092102, 88.6351470947, 43.6897315979, 59.3257904053, 63.2942237854, 70.9087905884, 78.2149505615, 62.2254142761, 42.0560836792, 43.1472511292, 32.92578125, 31.900850296, 20.0957107544, 10.1311645508, 7.76646661758, 6.81725692749, 6.65688228607, 5.04423522949, 2.61714720726, 0.957704007626, 0.0714464560151, 0.00322446785867, 0.00019789529324, 3.34320538968e-05, 2.46001436608e-05, 4.01789948228e-05],
        "median": [0.0350759141147, 0.942810893059, 3.78415894508, 3.58295488358, 3.33898925781, 4.86896800995, 4.64704656601, 3.79832553864, 2.87004208565, 3.11067533493, 3.27859830856, 4.28181314468, 8.00643825531, 13.6560049057, 26.2448329926, 36.9587211609, 26.052570343, 27.9931526184, 32.785030365, 36.1981391907, 53.9964027405, 48.3393669128, 36.0475616455, 38.8369445801, 30.7011203766, 27.3354187012, 18.5302371979, 9.37341690063, 6.92580127716, 5.63952970505, 5.53584194183, 3.5405330658, 2.07525873184, 0.734720408916, 0.0533472970128, 0.00247624330223, 0.000163590477314, 2.92495406029e-05, 2.38435040956e-05, 3.72297508875e-05],
        "min": [3.33001224817e-07, 1.32361697069e-06, 2.2143311071e-05, 0.000124579077237, 9.29186498979e-05, 4.23257988587e-05, 2.60861470451e-05, 3.42067687598e-05, 5.4280677432e-05, 0.00015295301273, 5.24421629962e-05, 6.59653887851e-05, 0.000162153140991, 0.000534640275873, 0.00289612705819, 0.000463635427877, 0.000296458398225, 0.00176679552533, 0.000434090674389, 0.00134191173129, 0.00202018022537, 0.0012202373473, 0.000517321226653, 0.00160251744092, 0.00109971268103, 0.00072534836363, 0.000418581068516, 0.000253815116594, 0.000284556095721, 0.000163276970852, 0.000212506740354, 0.000113902395242, 2.93117354886e-05, 6.92524190526e-06, 2.24535625648e-07, 2.24480416477e-08, 6.55687371065e-09, 3.01622637977e-09, 1.38798361693e-09, 6.69312438806e-10],
        "var": [0.105405449867, 7.36478662491, 29.6073970795, 15.8707418442, 14.615901947, 32.5952262878, 30.8419647217, 27.6630039215, 43.7624015808, 168.912643433, 113.172294617, 628.486938477, 1419.38513184, 5365.26269531, 46442.9414062, 25115.5761719, 7106.67285156, 12703.3730469, 10758.5966797, 11772.9169922, 15404.2988281, 6066.34619141, 1210.94726562, 862.428161621, 403.75668335, 664.54473877, 173.242584229, 45.3512229919, 40.8050422668, 62.4635467529, 36.801700592, 32.0976753235, 11.4633226395, 2.12797284126, 0.0104346945882, 1.97631634364e-05, 5.43486819993e-08, 1.01867170255e-09, 1.31766944578e-10, 3.83844789287e-10]
    },
    "gfcc": {
        "mean": [18.3384304047, 106.350189209, -164.536132812, 73.4842605591, -53.4426345825, 32.2358627319, -32.7702064514, -1.13039731979, -17.9895267487, -19.1319141388, 3.97679615021, -15.9568033218, 7.12386131287],
        "cov": [[2365.65551758, -1093.77502441, -53.8619346619, 135.800476074, -413.179595947, 629.710083008, -358.911987305, 307.106750488, -15.710650444, -17.7514266968, 23.3199672699, -88.1688156128, -104.762695312], [-1093.77502441, 1030.43884277, 41.7481689453, -176.571487427, 377.964996338, -446.368865967, 356.19821167, -204.36831665, 29.4084186554, 20.2714595795, -7.84263277054, 66.5986480713, 121.636276245], [-53.8619346619, 41.7481689453, 155.234054565, 109.372833252, 13.833439827, -12.4135122299, 14.2008781433, 12.8247394562, 27.0730361938, 10.0500192642, 18.3438529968, 16.102935791, -0.209668532014], [135.800476074, -176.571487427, 109.372833252, 212.833831787, -36.9393348694, 45.3258018494, -71.102684021, 39.7376022339, 49.0548667908, 4.1946606636, 29.6099834442, -3.69815301895, -34.2742004395], [-413.179595947, 377.964996338, 13.833439827, -36.9393348694, 237.109100342, -110.956504822, 152.397918701, -75.3096160889, 19.2896404266, 20.1374092102, 14.1269989014, 22.9577331543, 51.5707054138], [629.710083008, -446.368865967, -12.4135122299, 45.3258018494, -110.956504822, 364.060333252, -96.5407714844, 102.815925598, -26.696390152, -9.49810504913, 35.3747215271, -30.8687858582, -39.3105735779], [-358.911987305, 356.19821167, 14.2008781433, -71.102684021, 152.397918701, -96.5407714844, 185.770385742, -47.9381790161, 14.2785978317, 4.92268848419, 5.10593414307, 30.4843330383, 45.8724479675], [307.106750488, -204.36831665, 12.8247394562, 39.7376022339, -75.3096160889, 102.815925598, -47.9381790161, 123.591438293, 31.934299469, 4.34817552567, -0.435086011887, -16.6182918549, -13.3966178894], [-15.710650444, 29.4084186554, 27.0730361938, 49.0548667908, 19.2896404266, -26.696390152, 14.2785978317, 31.934299469, 83.6120758057, 27.9384803772, 4.28227949142, -0.312342047691, -7.53375911713], [-17.7514266968, 20.2714595795, 10.0500192642, 4.1946606636, 20.1374092102, -9.49810504913, 4.92268848419, 4.34817552567, 27.9384803772, 48.5255813599, 19.1401290894, -0.531341016293, -8.68120384216], [23.3199672699, -7.84263277054, 18.3438529968, 29.6099834442, 14.1269989014, 35.3747215271, 5.10593414307, -0.435086011887, 4.28227949142, 19.1401290894, 60.0966262817, 15.8873434067, -3.61954236031], [-88.1688156128, 66.5986480713, 16.102935791, -3.69815301895, 22.9577331543, -30.8687858582, 30.4843330383, -16.6182918549, -0.312342047691, -0.531341016293, 15.8873434067, 44.6208648682, 26.0128993988], [-104.762695312, 121.636276245, -0.209668532014, -34.2742004395, 51.5707054138, -39.3105735779, 45.8724479675, -13.3966178894, -7.53375911713, -8.68120384216, -3.61954236031, 26.0128993988, 60.9961891174]],
        "icov": [[0.00116014969535, -0.00110501179006, 0.000963147904258, -0.000839098182041, 0.00105489068665, -0.00207393383607, 0.00159506651107, -0.00169056467712, 0.000424101541284, -0.00057064788416, 0.000639781705104, -0.0004892651923, 0.00014640421432], [-0.00110501179006, 0.0262032747269, -0.0154654458165, 0.018003186211, -0.0119089661166, 0.0192173104733, -0.0195023361593, 0.0146771119907, -0.0120807662606, 0.0104277068749, -0.0143532827497, 0.015739383176, -0.0113164046779], [0.000963147904258, -0.0154654458165, 0.0229368116707, -0.0208399891853, 0.00906958337873, -0.0111017227173, 0.00581792835146, -0.010241350159, 0.0115633886307, -0.0120787220076, 0.0112300571054, -0.0121030835435, 0.00495303608477], [-0.000839098182041, 0.018003186211, -0.0208399891853, 0.0287077240646, -0.0120255975053, 0.0130177913234, -0.00397354364395, 0.0102561879903, -0.0181865375489, 0.0177967343479, -0.0169508103281, 0.0108760772273, -0.00284264469519], [0.00105489068665, -0.0119089661166, 0.00906958337873, -0.0120255975053, 0.0193529147655, -0.00946195516735, -0.000743487908039, -0.00129576167092, 0.00455917324871, -0.0105364145711, 0.0052669509314, -0.000717948365491, -0.00366946472786], [-0.00207393383607, 0.0192173104733, -0.0111017227173, 0.0130177913234, -0.00946195516735, 0.0207966547459, -0.0145293837413, 0.00735152512789, -0.00557795353234, 0.00926947873086, -0.0149766840041, 0.0135291693732, -0.00669170496985], [0.00159506651107, -0.0195023361593, 0.00581792835146, -0.00397354364395, -0.000743487908039, -0.0145293837413, 0.0332938991487, -0.0126928538084, 0.00270248088054, 0.000322133186273, 0.00740963453427, -0.0160625744611, 0.0105253243819], [-0.00169056467712, 0.0146771119907, -0.010241350159, 0.0102561879903, -0.00129576167092, 0.00735152512789, -0.0126928538084, 0.0269095059484, -0.016131542623, 0.00527028553188, -0.00696025136858, 0.0135000096634, -0.0125677268952], [0.000424101541284, -0.0120807662606, 0.0115633886307, -0.0181865375489, 0.00455917324871, -0.00557795353234, 0.00270248088054, -0.016131542623, 0.0327923037112, -0.0200347583741, 0.0127022489905, -0.00995711889118, 0.00781406741589], [-0.00057064788416, 0.0104277068749, -0.0120787220076, 0.0177967343479, -0.0105364145711, 0.00926947873086, 0.000322133186273, 0.00527028553188, -0.0200347583741, 0.0430583879352, -0.0210133306682, 0.00911552272737, 0.0025007117074], [0.000639781705104, -0.0143532827497, 0.0112300571054, -0.0169508103281, 0.0052669509314, -0.0149766840041, 0.00740963453427, -0.00696025136858, 0.0127022489905, -0.0210133306682, 0.0388546995819, -0.0232113488019, 0.00981184653938], [-0.0004892651923, 0.015739383176, -0.0121030835435, 0.0108760772273, -0.000717948365491, 0.0135291693732, -0.0160625744611, 0.0135000096634, -0.00995711889118, 0.00911552272737, -0.0232113488019, 0.0519850030541, -0.0252660512924], [0.00014640421432, -0.0113164046779, 0.00495303608477, -0.00284264469519, -0.00366946472786, -0.00669170496985, 0.0105253243819, -0.0125677268952, 0.00781406741589, 0.0025007117074, 0.00981184653938, -0.0252660512924, 0.0384247452021]]
    },
    "melbands": {
        "dmean": [0.00152503536083, 0.00179658294655, 0.000453315849882, 0.000200104201213, 0.00012459672871, 6.83545440552e-05, 4.65461635031e-05, 4.55318222521e-05, 2.63916299446e-05, 4.01784927817e-05, 4.74878579553e-05, 7.6764896221e-05, 0.000184092685231, 0.000121934121125, 7.28993254597e-05, 4.76795357827e-05, 5.92358737777e-05, 4.978454308e-05, 4.58195208921e-05, 4.12579502154e-05, 4.41108750238e-05, 3.0087401683e-05, 1.62902433658e-05, 1.59588435054e-05, 1.3877355741e-05, 1.20109016279e-05, 7.21942569726e-06, 7.45665920476e-06, 5.46556157133e-06, 2.7448847959e-06, 2.21849086302e-06, 1.88455794614e-06, 1.58955765528e-06, 1.67557118402e-06, 1.49483150835e-06, 1.30849491597e-06, 9.56291614784e-07, 6.64964431962e-07, 4.88865509851e-07, 2.46499439527e-07],
        "dmean2": [0.00239643361419, 0.00310793262906, 0.00079657783499, 0.00033952735248, 0.000209785619518, 0.000117489376862, 7.77507084422e-05, 7.57195230108e-05, 4.30705476901e-05, 6.36797994957e-05, 7.46474761399e-05, 0.000119455791719, 0.000292276527034, 0.000201214803383, 0.00012244762911, 7.76807137299e-05, 9.65719591477e-05, 8.06830648798e-05, 7.07936487743e-05, 6.75448827678e-05, 7.41992917028e-05, 4.95550484629e-05, 2.71682838502e-05, 2.66355837084e-05, 2.36728392338e-05, 2.07003449759e-05, 1.21687635328e-05, 1.25573587866e-05, 9.20377442526e-06, 4.64683716928e-06, 3.75271474695e-06, 3.21454945151e-06, 2.61942204816e-06, 2.7575238164e-06, 2.42445639742e-06, 2.09499921766e-06, 1.4693043795e-06, 1.04939090306e-06, 7.56121039558e-07, 3.6728562236e-07],
        "dvar": [9.24384130485e-06, 1.01878795249e-05, 3.95947211018e-07, 5.10631679163e-08, 1.76429839627e-08, 7.51109574537e-09, 1.28112622733e-08, 1.07520650161e-08, 2.20222240443e-09, 1.44901175503e-08, 1.14562874742e-08, 2.43644748821e-08, 2.04272126325e-07, 6.50412275149e-08, 1.83818187338e-08, 8.60026982963e-09, 2.34903989593e-08, 9.42075129018e-09, 9.27716570231e-09, 6.88972034979e-09, 5.65751889781e-09, 2.92209878516e-09, 5.62284718786e-10, 4.32194419142e-10, 2.51844461951e-10, 1.68204145057e-10, 7.31417287847e-11, 7.72112304648e-11, 3.76204484231e-11, 9.69618395991e-12, 7.22375805007e-12, 6.57322763928e-12, 9.58081183833e-12, 9.42130054526e-12, 4.23915763603e-12, 3.40872035459e-12, 2.88898158868e-12, 1.83430722868e-12, 2.60458039684e-12, 3.85137668285e-13],
        "dvar2": [2.2534171876e-05, 2.80899366771e-05, 1.15892805752e-06, 1.38728537991e-07, 4.77207322547e-08, 2.15567919071e-08, 3.38531478405e-08, 2.77993557063e-08, 4.9309352157e-09, 3.2336284761e-08, 2.41400233136e-08, 5.5290065859e-08, 4.88881994443e-07, 1.66724220207e-07, 5.14219244963e-08, 2.04350687483e-08, 5.8973149919e-08, 2.34830501711e-08, 2.07953263498e-08, 1.45270595553e-08, 1.5439306722e-08, 7.27501259234e-09, 1.34573152621e-09, 1.08946418553e-09, 6.88936574456e-10, 4.82091255805e-10, 1.96059932178e-10, 1.92336702121e-10, 1.00099609157e-10, 2.60008837377e-11, 1.95034301209e-11, 1.75347774495e-11, 2.12435555258e-11, 2.23595621185e-11, 1.027993142e-11, 8.47022885858e-12, 6.04960439382e-12, 4.00097229653e-12, 6.97724603788e-12, 8.82308223878e-13],
        "max": [0.0210574325174, 0.033476985991, 0.00609523942694, 0.00254220725037, 0.00168361398391, 0.00132899801247, 0.00164171133656, 0.0017896638019, 0.00111815880518, 0.00271272822283, 0.00194667780306, 0.0024997331202, 0.00813138857484, 0.00483062444255, 0.0024663428776, 0.00179796118755, 0.00284428056329, 0.00291300448589, 0.00206928444095, 0.00227493373677, 0.00199981639162, 0.00127869658172, 0.000596761179622, 0.000461067043943, 0.000307532493025, 0.000167725185747, 0.000145576457726, 0.000249390432145, 0.000137370865559, 6.07466608926e-05, 3.9339538489e-05, 5.17101325386e-05, 0.000117992698506, 0.000110691980808, 4.46887934231e-05, 4.19260177296e-05, 6.50501388009e-05, 6.1048034695e-05, 6.39850768493e-05, 2.52530153375e-05],
        "mean": [0.00172263931017, 0.00266704033129, 0.000805025920272, 0.000381660473067, 0.000247193878749, 0.000122490513604, 7.1224210842e-05, 7.22445911379e-05, 4.54404034826e-05, 7.84594158176e-05, 9.23310290091e-05, 0.000145439262269, 0.000405185855925, 0.000263652851572, 0.000141404132592, 9.05367924133e-05, 0.00011063402053, 9.70200271695e-05, 9.73285568762e-05, 8.30569188111e-05, 9.35549905989e-05, 6.90058659529e-05, 4.03583144362e-05, 3.70783927792e-05, 3.47693203366e-05, 2.90130537905e-05, 1.97838180611e-05, 2.09681911656e-05, 1.43524721352e-05, 7.13902181815e-06, 5.60616445e-06, 4.6416148507e-06, 3.54607550435e-06, 3.94542303184e-06, 3.94883863919e-06, 3.56661212209e-06, 2.85114583676e-06, 1.94762264982e-06, 1.31478191179e-06, 6.31784814686e-07],
        "median": [0.00063790823333, 0.00184087490197, 0.000655500509311, 0.000301121850498, 0.000189036072697, 8.9740686235e-05, 4.39146897406e-05, 3.43103019986e-05, 2.52851405094e-05, 2.85943806375e-05, 3.67301836377e-05, 4.80271555716e-05, 6.84455371811e-05, 8.06676180218e-05, 7.56450826884e-05, 4.73555737699e-05, 4.49165454484e-05, 4.82041068608e-05, 4.33331806562e-05, 4.92725775985e-05, 6.38828641968e-05, 5.20539724675e-05, 3.22858868458e-05, 3.10671493935e-05, 3.03846281895e-05, 2.63538950094e-05, 1.70564599102e-05, 1.78371374204e-05, 1.29300515255e-05, 6.57250757286e-06, 4.8136616897e-06, 4.15519298258e-06, 2.81418988379e-06, 3.19694777318e-06, 3.2819975786e-06, 2.64080040324e-06, 1.90370474229e-06, 1.47365051362e-06, 9.95536083792e-07, 4.77600281101e-07],
        "min": [2.97841218355e-09, 8.29916935174e-09, 2.07071995106e-08, 4.27143076465e-09, 1.11261244662e-09, 7.85608300635e-10, 8.93468965479e-10, 1.63884217308e-09, 3.59493129709e-10, 4.27384461155e-10, 7.74963537786e-10, 1.14905440718e-09, 1.07787414549e-08, 3.19497073242e-09, 3.42878309079e-10, 1.24716692529e-09, 3.38258043797e-09, 4.23094836943e-10, 1.48588064075e-09, 1.25763222059e-09, 3.01392644175e-09, 1.53793322522e-09, 4.96311103326e-10, 3.35735605983e-10, 1.48708567682e-09, 1.06770881025e-09, 3.30024479966e-10, 5.40233524582e-10, 2.42614373036e-10, 1.90208904183e-10, 1.33606334329e-10, 1.59143365153e-10, 1.15491644026e-10, 8.58980317431e-11, 1.12842311883e-10, 1.36736094669e-10, 4.25970578255e-11, 1.93552136124e-11, 1.50917126018e-11, 2.21739336961e-12],
        "var": [9.29715224629e-06, 8.91204490472e-06, 3.94430344386e-07, 8.53763424402e-08, 4.16955892035e-08, 1.31155957206e-08, 1.21245538054e-08, 1.76198131641e-08, 5.82644643643e-09, 4.44395453769e-08, 3.64895100802e-08, 7.0366006355e-08, 7.47104309085e-07, 2.50327104823e-07, 6.10624582009e-08, 2.42432456332e-08, 5.74164928935e-08, 3.30912754976e-08, 3.12735757291e-08, 1.57382196164e-08, 2.26199077247e-08, 9.3903356202e-09, 1.91752480561e-09, 1.09060704911e-09, 6.34087060636e-10, 3.66428776211e-10, 2.27144261733e-10, 3.37288086349e-10, 1.06410616429e-10, 2.34484081457e-11, 1.88835006659e-11, 1.3634544882e-11, 1.91687898193e-11, 2.0487318439e-11, 1.34081972955e-11, 1.29860488682e-11, 1.27055657662e-11, 5.95141210619e-12, 5.00523667651e-12, 8.60086741411e-13]
    },
    "mfcc": {
        "mean": [-591.311828613, 96.2072219849, -22.1756687164, 30.960641861, 16.2999858856, 17.3129920959, 12.913687706, 9.84676742554, -1.8662416935, -0.334361076355, -9.4085559845, 1.26128208637, 1.66004562378],
        "cov": [[2526.18505859, -1264.81689453, 259.429321289, -481.328338623, 89.9476623535, 15.357834816, -126.902923584, 207.665588379, -125.420967102, 187.594772339, 29.5896568298, 86.462097168, -26.6121768951], [-1264.81689453, 1234.48571777, -301.803009033, 303.126495361, -103.944725037, 2.21628332138, 151.149642944, -141.430969238, 158.518722534, -153.447341919, -0.890759646893, -88.1776580811, 65.9259262085], [259.429321289, -301.803009033, 222.825576782, 3.06399011612, 33.7842407227, 0.747886180878, -42.7183189392, 52.2141075134, -41.035823822, 42.4666023254, 16.2967643738, 44.6411705017, -29.6410121918], [-481.328338623, 303.126495361, 3.06399011612, 275.572753906, 14.6979103088, -25.4386005402, -5.52377128601, -45.9940414429, 32.0440368652, -27.7893867493, 5.12122297287, 8.84960365295, 3.16613459587], [89.9476623535, -103.944725037, 33.7842407227, 14.6979103088, 82.9563293457, 32.9405288696, 0.730448067188, 16.5243492126, -11.7543087006, 30.2556819916, 8.86126899719, 23.172246933, -1.40520918369], [15.357834816, 2.21628332138, 0.747886180878, -25.4386005402, 32.9405288696, 104.620361328, 50.8695373535, 17.2863616943, -15.524263382, 7.73986244202, 11.8080282211, 2.05372333527, 0.377439051867], [-126.902923584, 151.149642944, -42.7183189392, -5.52377128601, 0.730448067188, 50.8695373535, 103.148200989, 11.0011863708, 15.653801918, -27.7322807312, 2.13582420349, -6.95967960358, 16.1365470886], [207.665588379, -141.430969238, 52.2141075134, -45.9940414429, 16.5243492126, 17.2863616943, 11.0011863708, 81.0140075684, 8.87671947479, 28.1152591705, 0.366115897894, 16.9493999481, 1.46719563007], [-125.420967102, 158.518722534, -41.035823822, 32.0440368652, -11.7543087006, -15.524263382, 15.653801918, 8.87671947479, 83.1805267334, 0.824894726276, -0.595179319382, -21.1635799408, 17.370513916], [187.594772339, -153.447341919, 42.4666023254, -27.7893867493, 30.2556819916, 7.73986244202, -27.7322807312, 28.1152591705, 0.824894726276, 80.5209960938, 30.1679019928, 22.4416408539, -9.88870239258], [29.5896568298, -0.890759646893, 16.2967643738, 5.12122297287, 8.86126899719, 11.8080282211, 2.13582420349, 0.366115897894, -0.595179319382, 30.1679019928, 58.3610343933, 26.3713417053, 3.37261986732], [86.462097168, -88.1776580811, 44.6411705017, 8.84960365295, 23.172246933, 2.05372333527, -6.95967960358, 16.9493999481, -21.1635799408, 22.4416408539, 26.3713417053, 61.5547485352, 11.2227954865], [-26.6121768951, 65.9259262085, -29.6410121918, 3.16613459587, -1.40520918369, 0.377439051867, 16.1365470886, 1.46719563007, 17.370513916, -9.88870239258, 3.37261986732, 11.2227954865, 52.4995346069]],
