{
"lowlevel": {
    "average_loudness": 0.956668555737,
    "barkbands_crest": {
        "dmean": 4.09323167801,
        "dmean2": 6.7945971489,
        "dvar": 12.6435804367,
        "dvar2": 33.5753097534,
        "max": 26.2026405334,
        "mean": 13.7771186829,
        "median": 13.7917232513,
        "min": 2.53357625008,
        "var": 30.6112346649
    },
    "barkbands_flatness_db": {
        "dmean": 0.0342181511223,
        "dmean2": 0.053375467658,
        "dvar": 0.000930915179197,
        "dvar2": 0.00217467593029,
        "max": 0.536737203598,
        "mean": 0.140187680721,
        "median": 0.129089161754,
        "min": 0.0369792729616,
        "var": 0.00371661875397
    },
    "barkbands_kurtosis": {
        "dmean": 8.98941993713,
        "dmean2": 14.2206945419,
        "dvar": 829.46282959,
        "dvar2": 1833.07678223,
        "max": 614.630126953,
        "mean": 9.78252983093,
        "median": 2.11492395401,
        "min": -1.89011383057,
        "var": 1289.75537109
    },
    "barkbands_skewness": {
        "dmean": 1.10228312016,
        "dmean2": 1.71912479401,
        "dvar": 1.79362869263,
        "dvar2": 4.03750705719,
        "max": 20.9890346527,
        "mean": 2.22038865089,
        "median": 1.7171664238,
        "min": -1.96528351307,
        "var": 4.28755426407
    },
    "barkbands_spread": {
        "dmean": 10.9068489075,
        "dmean2": 17.3407211304,
        "dvar": 101.754165649,
        "dvar2": 240.464202881,
        "max": 114.25630188,
        "mean": 30.8525485992,
        "median": 29.7443962097,
        "min": 0.139823153615,
        "var": 260.984802246
    },
    "dissonance": {
        "dmean": 0.0136150084436,
        "dmean2": 0.0222419090569,
        "dvar": 0.000415246497141,
        "dvar2": 0.00101772777271,
        "max": 0.49999204278,
        "mean": 0.479788661003,
        "median": 0.488208442926,
        "min": 0.0535247512162,
        "var": 0.000615685188677
    },
    "dynamic_complexity": 2.92566895485,
    "erbbands_crest": {
        "dmean": 2.64624762535,
        "dmean2": 4.33613729477,
        "dvar": 7.54303216934,
        "dvar2": 18.4032306671,
        "max": 27.0765247345,
        "mean": 7.53276252747,
        "median": 6.31471204758,
        "min": 2.52062726021,
        "var": 15.0290956497
    },
    "erbbands_flatness_db": {
        "dmean": 0.0180132575333,
        "dmean2": 0.0268671792001,
        "dvar": 0.000310120783979,
        "dvar2": 0.000654072500765,
        "max": 0.287953853607,
        "mean": 0.114013329148,
        "median": 0.106993742287,
        "min": 0.0355352573097,
        "var": 0.0011677632574
    },
    "erbbands_kurtosis": {
        "dmean": 1.16038835049,
        "dmean2": 1.8579120636,
        "dvar": 2.84000563622,
        "dvar2": 6.81112766266,
        "max": 26.2766056061,
        "mean": 0.573786735535,
        "median": 0.119597434998,
        "min": -1.77204740047,
        "var": 3.73121643066
    },
    "erbbands_skewness": {
        "dmean": 0.427676737309,
        "dmean2": 0.649806439877,
        "dvar": 0.184959679842,
        "dvar2": 0.385333746672,
        "max": 4.27726697922,
        "mean": -0.336682677269,
        "median": -0.46869790554,
        "min": -3.99504089355,
        "var": 0.599047422409
    },
    "erbbands_spread": {
        "dmean": 12.8465681076,
        "dmean2": 19.9460296631,
        "dvar": 183.87260437,
        "dvar2": 429.936157227,
        "max": 189.440872192,
        "mean": 46.3473243713,
        "median": 43.0486869812,
        "min": 7.35991621017,
        "var": 402.66897583
    },
    "hfc": {
        "dmean": 10.4236297607,
        "dmean2": 15.0757789612,
        "dvar": 231.444351196,
        "dvar2": 512.342224121,
        "max": 261.442871094,
        "mean": 27.3015098572,
        "median": 20.2019691467,
        "min": 1.17115804546e-16,
        "var": 508.042480469
    },
    "melbands_crest": {
        "dmean": 5.72219800949,
        "dmean2": 9.30742073059,
        "dvar": 20.894033432,
        "dvar2": 53.280620575,
        "max": 36.5136566162,
        "mean": 22.4151268005,
        "median": 22.945892334,
        "min": 2.01325726509,
        "var": 58.1639213562
    },
    "melbands_flatness_db": {
        "dmean": 0.0433449149132,
        "dmean2": 0.0667029693723,
        "dvar": 0.00145177461673,
        "dvar2": 0.00322201871313,
        "max": 0.662158727646,
        "mean": 0.203815057874,
        "median": 0.194880828261,
        "min": 0.00582524389029,
        "var": 0.00584194017574
    },
    "melbands_kurtosis": {
        "dmean": 30.9752674103,
        "dmean2": 49.5103263855,
        "dvar": 6742.19775391,
        "dvar2": 15611.5644531,
        "max": 2030.29785156,
        "mean": 39.1372528076,
        "median": 14.0595359802,
        "min": -1.54162228107,
        "var": 9254.14550781
    },
    "melbands_skewness": {
        "dmean": 1.84805059433,
        "dmean2": 2.85891842842,
        "dvar": 4.71570539474,
        "dvar2": 10.4874534607,
        "max": 38.4451026917,
        "mean": 4.43639993668,
        "median": 3.5485253334,
        "min": -0.412444293499,
        "var": 11.5356588364
    },
    "melbands_spread": {
        "dmean": 11.7816524506,
        "dmean2": 18.7805614471,
        "dvar": 177.635040283,
        "dvar2": 410.263031006,
        "max": 188.00881958,
        "mean": 24.9507389069,
        "median": 20.6980571747,
        "min": 0.138810098171,
        "var": 362.17980957
    },
    "pitch_salience": {
        "dmean": 0.117053933442,
        "dmean2": 0.191878482699,
        "dvar": 0.00960857514292,
        "dvar2": 0.0252127666026,
        "max": 0.972852408886,
        "mean": 0.445534467697,
        "median": 0.457590639591,
        "min": 0.0263266712427,
        "var": 0.0238091088831
    },
    "silence_rate_20dB": {
        "dmean": 0,
        "dmean2": 0,
        "dvar": 0,
        "dvar2": 0,
        "max": 1,
        "mean": 1,
        "median": 1,
        "min": 1,
        "var": 0
    },
    "silence_rate_30dB": {
        "dmean": 0.0216383300722,
        "dmean2": 0.0432933904231,
        "dvar": 0.0211702808738,
        "dvar2": 0.059201490134,
        "max": 1,
        "mean": 0.986867487431,
        "median": 1,
        "min": 0,
        "var": 0.0129596507177
    },
    "silence_rate_60dB": {
        "dmean": 0.00386398774572,
        "dmean2": 0.00773096270859,
        "dvar": 0.00384903792292,
        "dvar2": 0.00844434648752,
        "max": 1,
        "mean": 0.0332174599171,
        "median": 0,
        "min": 0,
        "var": 0.0321131646633
    },
    "spectral_centroid": {
        "dmean": 397.249603271,
        "dmean2": 622.37121582,
        "dvar": 181135.609375,
        "dvar2": 331811.59375,
        "max": 11652.7460938,
        "mean": 1997.31164551,
        "median": 2051.78515625,
        "min": 109.877426147,
        "var": 392857.5
    },
    "spectral_complexity": {
        "dmean": 6.10510063171,
        "dmean2": 8.75454235077,
        "dvar": 36.5438156128,
        "dvar2": 69.0705718994,
        "max": 58,
        "mean": 23.3032054901,
        "median": 23,
        "min": 0,
        "var": 160.963729858
    },
    "spectral_decrease": {
        "dmean": 5.24220800102e-09,
        "dmean2": 8.39618774506e-09,
        "dvar": 3.46901218582e-17,
        "dvar2": 8.81402698753e-17,
        "max": 1.13878296635e-29,
        "mean": -1.0499126013e-08,
        "median": -9.0774525674e-09,
        "min": -4.43584120546e-08,
        "var": 5.34083356914e-17
    },
    "spectral_energy": {
        "dmean": 0.0202943589538,
        "dmean2": 0.0323708094656,
        "dvar": 0.00050882686628,
        "dvar2": 0.00128261419013,
        "max": 0.169304549694,
        "mean": 0.0421024747193,
        "median": 0.0365690849721,
        "min": 1.08312257254e-20,
        "var": 0.000809678807855
    },
    "spectral_energyband_high": {
        "dmean": 0.000752514926717,
        "dmean2": 0.00112640182488,
        "dvar": 2.26491147259e-06,
        "dvar2": 4.97139717481e-06,
        "max": 0.0300719421357,
        "mean": 0.00159584637731,
        "median": 0.00092811929062,
        "min": 7.75517124847e-21,
        "var": 3.66524318451e-06
    },
    "spectral_energyband_low": {
        "dmean": 0.0169609710574,
        "dmean2": 0.0280391778797,
        "dvar": 0.000462855939986,
        "dvar2": 0.00121733453125,
        "max": 0.165690079331,
        "mean": 0.0272756386548,
        "median": 0.0217233207077,
        "min": 6.34952375564e-23,
        "var": 0.000609567097854
    },
    "spectral_energyband_middle_high": {
        "dmean": 0.00278861122206,
        "dmean2": 0.00415719533339,
        "dvar": 1.43559182106e-05,
        "dvar2": 3.11774674628e-05,
        "max": 0.0400455854833,
        "mean": 0.00577674107626,
        "median": 0.00359535659663,
        "min": 1.59694749928e-21,
        "var": 3.47188179148e-05
    },
    "spectral_energyband_middle_low": {
        "dmean": 0.00578336976469,
        "dmean2": 0.00936499238014,
        "dvar": 8.07187971077e-05,
        "dvar2": 0.000197580637177,
        "max": 0.066470362246,
        "mean": 0.00815856084228,
        "median": 0.00455179391429,
        "min": 1.97599698178e-22,
        "var": 0.000100192497484
    },
    "spectral_entropy": {
        "dmean": 0.135865196586,
        "dmean2": 0.201672419906,
        "dvar": 0.0223045945168,
        "dvar2": 0.0447815656662,
        "max": 9.82123756409,
        "mean": 8.00180244446,
        "median": 8.03750991821,
        "min": 6.13530158997,
        "var": 0.0727359578013
    },
    "spectral_flux": {
        "dmean": 0.038979973644,
        "dmean2": 0.0607430636883,
        "dvar": 0.00157172803301,
        "dvar2": 0.00321339326911,
        "max": 0.374875456095,
        "mean": 0.119624167681,
        "median": 0.112259350717,
        "min": 1.0407317369e-10,
        "var": 0.00362633238547
    },
    "spectral_kurtosis": {
        "dmean": 0.845444917679,
        "dmean2": 1.30501246452,
        "dvar": 0.779237747192,
        "dvar2": 1.79238462448,
        "max": 12.9065561295,
        "mean": 3.2691488266,
        "median": 3.22680044174,
        "min": -1.25219488144,
        "var": 2.25681185722
    },
    "spectral_rms": {
        "dmean": 0.00146805378608,
        "dmean2": 0.00227291462943,
        "dvar": 1.91255844584e-06,
        "dvar2": 4.66691426482e-06,
        "max": 0.0128520494327,
        "mean": 0.00600794376805,
        "median": 0.00597303593531,
        "min": 3.25069983952e-12,
        "var": 4.98028430229e-06
    },
    "spectral_rolloff": {
        "dmean": 867.693664551,
        "dmean2": 1466.28869629,
        "dvar": 1434056.75,
        "dvar2": 3078278.5,
        "max": 19013.8183594,
        "mean": 1421.34155273,
        "median": 1012.06054688,
        "min": 64.599609375,
        "var": 2448437.5
    },
    "spectral_skewness": {
        "dmean": 0.164982259274,
        "dmean2": 0.252943664789,
        "dvar": 0.0292517878115,
        "dvar2": 0.0626114681363,
        "max": 2.73606109619,
        "mean": 1.37058758736,
        "median": 1.39815497398,
        "min": -0.282442629337,
        "var": 0.0814724490047
    },
    "spectral_spread": {
        "dmean": 670646.1875,
        "dmean2": 945420.375,
        "dvar": 1.09605421056e+12,
        "dvar2": 1.31546139853e+12,
        "max": 40702428,
        "mean": 5485315.5,
        "median": 5312595,
        "min": 2187831,
        "var": 2.56873096806e+12
    },
    "spectral_strongpeak": {
        "dmean": 0.353597670794,
        "dmean2": 0.608881950378,
        "dvar": 0.503854513168,
        "dvar2": 1.31628930569,
        "max": 8.25090503693,
        "mean": 0.507831931114,
        "median": 0.333404839039,
        "min": 0,
        "var": 0.512952625751
    },
    "zerocrossingrate": {
        "dmean": 0.0154019901529,
        "dmean2": 0.0194968990982,
        "dvar": 0.000326005363604,
        "dvar2": 0.000495173560921,
        "max": 0.50439453125,
        "mean": 0.0666114464402,
        "median": 0.0625,
        "min": 0.001953125,
        "var": 0.00124910054728
    },
    "barkbands": {
        "dmean": [0.00203231256455, 0.0149870477617, 0.00229315529577, 0.00109006720595, 0.00272097298875, 0.000850179931149, 0.000787142897025, 0.00115380762145, 0.000988887157291, 0.000577702827286, 0.000407549581723, 0.000433567212895, 0.00041052052984, 0.000524495437276, 0.000531755853444, 0.000440252799308, 0.000411977729527, 0.000259386200923, 0.000319160695653, 0.000232823993429, 0.000228239296121, 0.000176310437382, 0.000133321882458, 0.000140916978125, 9.79422329692e-05, 4.42870514235e-05, 1.52142582976e-08],
        "dmean2": [0.00320929475129, 0.0255778245628, 0.00417898595333, 0.00184311089106, 0.00461627729237, 0.00145711388905, 0.00131929630879, 0.00187584839296, 0.00155636668205, 0.000939164485317, 0.000669303408358, 0.000703986908775, 0.000670865119901, 0.000833544065244, 0.000859061197843, 0.00070162769407, 0.000678176642396, 0.000417398347054, 0.000521467765793, 0.000388942862628, 0.00036500825081, 0.000275106081972, 0.00020130246412, 0.000208906145417, 0.000142066259286, 6.49932771921e-05, 2.57582986052e-08],
        "dvar": [5.99504664933e-06, 0.000434788613347, 2.32548936765e-05, 3.02848820866e-06, 4.47032507509e-05, 4.63038850285e-06, 4.39767518401e-06, 1.03030479295e-05, 8.04577757663e-06, 2.90332309305e-06, 2.28874910135e-06, 1.49003187744e-06, 9.2243715244e-07, 1.93987034436e-06, 1.54257747909e-06, 6.91355751314e-07, 4.15117114017e-07, 1.73365137357e-07, 2.64165095132e-07, 1.67780271454e-07, 1.58710520282e-07, 1.30612519911e-07, 1.01089099758e-07, 2.0471429707e-07, 6.1835471854e-08, 3.53575058121e-09, 6.42847555566e-16],
        "dvar2": [1.55616744451e-05, 0.00118351611309, 6.51868031127e-05, 8.0328218246e-06, 0.000113750385935, 1.12162633741e-05, 1.08587601062e-05, 2.47900134127e-05, 1.76516005013e-05, 7.31607360649e-06, 5.1143406381e-06, 3.6170902149e-06, 2.34256276599e-06, 4.36107256974e-06, 3.57912222171e-06, 1.62121420999e-06, 1.037761308e-06, 4.11320627336e-07, 6.64439141929e-07, 4.35835801227e-07, 3.95872120862e-07, 2.91361970994e-07, 2.17498453026e-07, 4.69897372568e-07, 1.34829122089e-07, 7.50966844265e-09, 1.7248344722e-15],
        "max": [0.0205046646297, 0.160550624132, 0.0609119050205, 0.0169652421027, 0.0491554960608, 0.0340432338417, 0.0244757346809, 0.0607991293073, 0.058983605355, 0.028966518119, 0.0357537604868, 0.0220149289817, 0.012981351465, 0.0247341971844, 0.0254215802997, 0.0128088332713, 0.00870516337454, 0.00614555133507, 0.00849401392043, 0.00510189775378, 0.00608971109614, 0.00680667534471, 0.0070036444813, 0.0101799825206, 0.0055389511399, 0.000816919317003, 2.95223372859e-07],
        "mean": [0.00273082451895, 0.021952951327, 0.0020053756889, 0.0012706205016, 0.00262694363482, 0.000902408966795, 0.000748953956645, 0.00116939994041, 0.0011906264117, 0.000638637575321, 0.000441281794338, 0.000525844166987, 0.000463539530756, 0.000638577155769, 0.000649531604722, 0.000661416037474, 0.000654155272059, 0.000459753762698, 0.000572863093112, 0.000378213444492, 0.000346093263943, 0.000304625980789, 0.000236306441366, 0.000236706415308, 0.000183864540304, 0.000112911642645, 1.61535833598e-08],
        "median": [0.00193793477956, 0.016530027613, 0.000768445781432, 0.000574889476411, 0.00090091349557, 0.000254017708357, 0.000123810285004, 9.71743575064e-05, 0.000165949648363, 0.000160583134857, 0.000112023495603, 0.000185801574844, 0.000155536938109, 0.000193706058781, 0.000219161200221, 0.000389208784327, 0.000458223366877, 0.000336094322847, 0.000375677394914, 0.000226206466323, 0.000165609249962, 0.000147313985508, 0.000111088374979, 0.000112784277007, 0.000104157799797, 9.74568029051e-05, 7.38299243963e-09],
        "min": [1.48472788926e-23, 2.05580260013e-23, 2.39078670373e-23, 9.88124014436e-24, 3.94641425571e-23, 2.6764968197e-23, 3.41359298786e-23, 2.50471683556e-23, 2.52536416535e-23, 5.05896814063e-23, 4.56179455045e-23, 6.58200106441e-23, 2.21832911963e-22, 7.83262580258e-23, 7.04709515255e-23, 1.70054366685e-22, 9.69104325576e-23, 2.07455738949e-22, 3.01202896075e-22, 2.75585818314e-22, 3.28415871002e-22, 5.89536681374e-22, 6.82751161751e-22, 6.63337105547e-22, 1.20072172547e-21, 1.64378993362e-21, 2.53488892872e-21],
        "var": [7.71133909439e-06, 0.00048501737183, 1.63116310432e-05, 3.8794437387e-06, 3.66397762264e-05, 4.77032926938e-06, 4.73172303828e-06, 1.16154224088e-05, 1.25972164824e-05, 3.19918012792e-06, 2.57470651377e-06, 2.15830255001e-06, 9.9345243143e-07, 2.4918751933e-06, 2.09935592466e-06, 9.74804493126e-07, 5.74944237997e-07, 2.68048182761e-07, 4.74870319067e-07, 2.33070878153e-07, 2.34306568814e-07, 1.9677069929e-07, 1.40372165447e-07, 2.51620036806e-07, 9.56063956892e-08, 1.06047659543e-08, 6.57050868723e-16]
    },
    "erbbands": {
        "dmean": [0.679300129414, 2.61756443977, 2.72091341019, 3.29261064529, 5.72979021072, 11.326130867, 6.17770433426, 6.92888736725, 8.54508781433, 18.3083171844, 24.9205646515, 21.5373954773, 20.48695755, 15.5363378525, 15.2322893143, 17.8990116119, 17.5944423676, 24.1264057159, 24.5403938293, 27.3341617584, 22.5199966431, 22.1309356689, 14.4580287933, 15.4401702881, 14.7158412933, 10.9518222809, 8.97229671478, 8.98237705231, 6.6952753067, 4.66698598862, 3.80084729195, 3.07711744308, 2.33709073067, 1.34355950356, 0.604697108269, 0.203922063112, 0.0860401988029, 0.012890224345, 0.000225688170758, 2.60919769062e-05],
        "dmean2": [1.1262421608, 4.63864421844, 4.72332715988, 5.76177787781, 9.75374221802, 19.2891120911, 10.3312740326, 11.8886880875, 14.4102163315, 29.7359600067, 39.9354171753, 32.8418731689, 32.7324943542, 24.6253376007, 24.6303730011, 28.7916526794, 28.381729126, 37.9865379333, 37.1419067383, 43.9403152466, 35.5832824707, 36.0343742371, 23.1757354736, 24.8317451477, 23.5370235443, 18.3404197693, 14.446969986, 14.5446615219, 10.5625267029, 7.15060901642, 5.69065475464, 4.71687555313, 3.47704219818, 1.98557376862, 0.900917708874, 0.298660129309, 0.130239382386, 0.0197120942175, 0.00034192437306, 4.04204147344e-05],
        "dvar": [0.627874612808, 20.0150699615, 29.9856910706, 34.6296234131, 150.090667725, 821.585205078, 238.836166382, 328.737426758, 567.129638672, 2212.3347168, 5523.21923828, 4242.29101562, 3079.93481445, 2170.16015625, 2633.69702148, 2309.46264648, 1550.68725586, 3988.0949707, 3241.62353516, 3382.1003418, 1357.34570312, 1119.22644043, 516.736206055, 551.758666992, 668.25958252, 363.14855957, 269.426849365, 253.600952148, 200.003265381, 92.5897369385, 89.1184844971, 93.8104248047, 55.6161956787, 15.5185651779, 1.93220889568, 0.0803884342313, 0.0141942426562, 0.000346497254213, 1.01794796592e-07, 7.9216871951e-10],
        "dvar2": [1.72463524342, 54.5824317932, 80.0501937866, 96.4710006714, 382.842773438, 2089.40209961, 581.859191895, 812.305969238, 1414.54943848, 5387.88232422, 13093.2861328, 8372.28613281, 7667.31201172, 5326.42919922, 5618.51708984, 5717.78466797, 3824.64331055, 9206.12011719, 6996.70410156, 7877.94189453, 3279.45141602, 2839.64233398, 1234.00341797, 1363.0859375, 1638.36523438, 948.872436523, 661.55065918, 638.420898438, 457.91809082, 202.078918457, 189.325302124, 212.551101685, 129.105957031, 34.8069572449, 4.33920574188, 0.174986839294, 0.0318789221346, 0.00078104948625, 2.27680089893e-07, 1.86038051631e-09],
        "max": [6.01898002625, 34.6577453613, 64.2514801025, 63.8023986816, 99.1532440186, 212.900604248, 253.289016724, 349.747131348, 306.469970703, 538.643615723, 1248.61962891, 1777.02331543, 780.553588867, 714.016601562, 1041.43225098, 865.85333252, 501.294525146, 1183.47680664, 1039.04089355, 946.182800293, 531.018249512, 504.558074951, 373.886352539, 349.480560303, 496.940216064, 246.967269897, 261.785552979, 176.570526123, 264.009216309, 204.949707031, 210.361694336, 214.601455688, 170.057006836, 104.703132629, 20.7026557922, 5.19504833221, 1.82138442993, 0.240329936147, 0.00411836104468, 0.000246144249104],
        "mean": [1.06362521648, 3.17016148567, 2.69967031479, 3.69683933258, 6.0209145546, 10.4497804642, 6.62117433548, 7.39748239517, 8.34816169739, 18.2398014069, 26.2656784058, 26.1682052612, 25.3836269379, 17.8097324371, 19.2045326233, 21.9563598633, 21.2309589386, 30.5709877014, 32.5957565308, 36.3947372437, 37.1072731018, 36.9225997925, 26.4840679169, 28.6702690125, 25.9404907227, 17.7122650146, 13.6051654816, 13.9257574081, 11.4605398178, 8.34477043152, 6.68405246735, 5.16386461258, 3.79966926575, 2.30527424812, 1.1810542345, 0.503640949726, 0.202941775322, 0.0264845136553, 0.00050110660959, 7.01420431142e-05],
        "median": [0.844046890736, 2.00304579735, 1.04639256001, 1.84052503109, 2.62310576439, 2.89551496506, 2.32099533081, 2.01826667786, 1.9797296524, 2.42054367065, 2.68920612335, 4.29421615601, 5.45657634735, 5.05661201477, 5.84645700455, 8.21042060852, 7.93180847168, 10.1993541718, 10.8947324753, 15.3273477554, 23.9560451508, 26.3632545471, 19.5657253265, 20.6237335205, 16.34882164, 10.5132017136, 6.09622621536, 7.01897144318, 5.38062238693, 4.3337469101, 3.06471157074, 2.47301149368, 1.70400106907, 1.10256755352, 0.764261066914, 0.420256763697, 0.170291334391, 0.0208995789289, 0.000406829931308, 6.41053120489e-05],
        "min": [2.89270724862e-22, 5.55901439618e-21, 2.17763519593e-20, 5.90161507678e-20, 1.17321921411e-19, 7.78764180337e-20, 1.88250668534e-19, 2.27188800002e-19, 3.57969079226e-19, 5.73906490988e-19, 3.66191849051e-19, 6.32948575161e-19, 9.3592218947e-19, 2.20238968082e-18, 1.68669323371e-18, 3.05561614291e-18, 9.20562024521e-18, 5.17474182328e-18, 5.53709449446e-18, 5.2309359246e-18, 1.37650654242e-17, 5.70904342352e-18, 1.12178404828e-17, 1.36192938664e-17, 1.44392912425e-17, 1.39527948914e-17, 1.26556210081e-17, 1.63312766422e-17, 1.93913618351e-17, 2.06038679924e-17, 2.21727897321e-17, 1.24353643177e-17, 1.39687313531e-17, 1.25466010849e-17, 7.83177085507e-18, 5.13948697198e-18, 3.46205319805e-18, 1.23914178661e-18, 3.4264506724e-19, 4.02658048194e-20],
        "var": [0.938727021217, 16.7739925385, 24.0076122284, 31.7378330231, 128.863327026, 673.198547363, 236.03994751, 338.352233887, 560.403381348, 2469.67871094, 6271.99365234, 7153.75146484, 4594.89208984, 2440.3190918, 3679.86181641, 3060.22094727, 1758.8885498, 5046.04833984, 5129.36523438, 4796.34960938, 2119.78198242, 1621.21557617, 836.002685547, 940.204406738, 1148.4901123, 494.268554688, 404.085479736, 361.802856445, 294.478271484, 136.301818848, 124.307357788, 112.018478394, 68.9596405029, 21.8299846649, 2.96025395393, 0.221830964088, 0.0366764813662, 0.000744813703932, 2.28630000265e-07, 1.62207358656e-09]
    },
    "gfcc": {
        "mean": [28.0387630463, 54.7270469666, -101.514678955, 52.50730896, -38.1953468323, 27.9079284668, -33.8862075806, 23.3191699982, -21.5283718109, 10.2427310944, -16.9041938782, 9.7435092926, -9.79141235352],
        "cov": [[7298.13134766, -172.532043457, -613.474182129, -136.886581421, -453.14151001, 23.7709503174, -105.833305359, 7.32230472565, -104.958435059, 121.24647522, -133.102874756, 33.9511833191, -53.5784950256], [-172.532043457, 537.76739502, -101.02898407, -43.2009048462, -39.8972206116, -56.2500495911, 58.2375030518, 7.29494285583, 83.5533981323, -56.3565750122, 74.9689941406, -80.5924835205, 41.694442749], [-613.474182129, -101.02898407, 529.870300293, 147.767272949, 167.05657959, 53.2837600708, 25.324098587, 10.073469162, -32.9076805115, 8.53772544861, -15.9905061722, 42.6586151123, -18.4169521332], [-136.886581421, -43.2009048462, 147.767272949, 259.859558105, 137.980987549, 58.9164543152, -27.6165542603, -26.1770515442, 6.36114454269, 6.50937986374, 19.7244148254, -10.6926832199, 30.4037532806], [-453.14151001, -39.8972206116, 167.05657959, 137.980987549, 389.60345459, 34.4598007202, 8.11519241333, -10.8132886887, -24.0912361145, 31.4784431458, -32.3304328918, 23.2731685638, -34.0618400574], [23.7709503174, -56.2500495911, 53.2837600708, 58.9164543152, 34.4598007202, 150.35446167, 49.9316482544, 28.5732955933, 26.0568161011, 1.74890494347, 30.4285316467, -17.8786907196, 21.8930587769], [-105.833305359, 58.2375030518, 25.324098587, -27.6165542603, 8.11519241333, 49.9316482544, 189.527984619, 81.8337249756, 26.0856571198, -18.1694259644, -1.62218523026, 8.8986415863, 14.2083101273], [7.32230472565, 7.29494285583, 10.073469162, -26.1770515442, -10.8132886887, 28.5732955933, 81.8337249756, 126.613502502, 60.3151817322, 0.852430105209, 20.2399330139, 0.507382392883, 12.5309410095], [-104.958435059, 83.5533981323, -32.9076805115, 6.36114454269, -24.0912361145, 26.0568161011, 26.0856571198, 60.3151817322, 151.526092529, 48.9083175659, 64.6250228882, -32.3365211487, 30.1335258484], [121.24647522, -56.3565750122, 8.53772544861, 6.50937986374, 31.4784431458, 1.74890494347, -18.1694259644, 0.852430105209, 48.9083175659, 105.401916504, 30.5736694336, 14.7906122208, -9.16646957397], [-133.102874756, 74.9689941406, -15.9905061722, 19.7244148254, -32.3304328918, 30.4285316467, -1.62218523026, 20.2399330139, 64.6250228882, 30.5736694336, 119.65133667, 5.60619831085, 42.3011398315], [33.9511833191, -80.5924835205, 42.6586151123, -10.6926832199, 23.2731685638, -17.8786907196, 8.8986415863, 0.507382392883, -32.3365211487, 14.7906122208, 5.60619831085, 96.4973220825, 11.2740106583], [-53.5784950256, 41.694442749, -18.4169521332, 30.4037532806, -34.0618400574, 21.8930587769, 14.2083101273, 12.5309410095, 30.1335258484, -9.16646957397, 42.3011398315, 11.2740106583, 87.9843063354]],
        "icov": [[0.000235747240367, -0.00039504779852, 0.00034449598752, -0.000385732273571, 0.000508270924911, -0.000682550016791, 0.000416252150899, -0.000607163994573, 0.000576547288802, -0.000969605345745, 0.000910282600671, -0.000634435273241, 0.000267204246484], [-0.00039504779852, 0.00541084585711, -0.000673237314913, 0.00191197148524, -0.00223032268696, 0.00525383697823, -0.00364140537567, 0.00377052812837, -0.00320800673217, 0.00553309451789, -0.00616675429046, 0.00564129371196, -0.00180886383168], [0.00034449598752, -0.000673237314913, 0.00317943817936, -0.00210530776531, 0.000412999332184, -0.00159453507513, 0.000431494379882, -0.00152655446436, 0.00120816251729, -0.00145197764505, 0.00162849377375, -0.00240159407258, 0.00158597063273], [-0.000385732273571, 0.00191197148524, -0.00210530776531, 0.00801180303097, -0.00340130738914, 0.000661549856886, -0.00011004510452, 0.00315025262535, -0.00182284694165, 0.00295863882639, -0.003306358587, 0.00411383295432, -0.00426741503179], [0.000508270924911, -0.00223032268696, 0.000412999332184, -0.00340130738914, 0.00546040991321, -0.00303445477039, 0.00123590731528, -0.00218492210843, 0.00201072520576, -0.00438523758203, 0.004427252803, -0.00382393179461, 0.00282474304549], [-0.000682550016791, 0.00525383697823, -0.00159453507513, 0.000661549856886, -0.00303445477039, 0.0148540763184, -0.00627172319219, 0.00330209196545, -0.0024871523492, 0.00549487862736, -0.00895861815661, 0.00866695214063, -0.00317522720434], [0.000416252150899, -0.00364140537567, 0.000431494379882, -0.00011004510452, 0.00123590731528, -0.00627172319219, 0.0110965371132, -0.00730561790988, 0.00175276235677, -0.00252331071533, 0.00595969799906, -0.0052472888492, 0.00033890188206], [-0.000607163994573, 0.00377052812837, -0.00152655446436, 0.00315025262535, -0.00218492210843, 0.00330209196545, -0.00730561790988, 0.0174233894795, -0.00910932943225, 0.00716918474063, -0.00507235713303, 0.00231202505529, -0.000524733273778], [0.000576547288802, -0.00320800673217, 0.00120816251729, -0.00182284694165, 0.00201072520576, -0.0024871523492, 0.00175276235677, -0.00910932943225, 0.0184034574777, -0.0117368036881, -0.00031124096131, 0.00361882476136, -0.00267405877821], [-0.000969605345745, 0.00553309451789, -0.00145197764505, 0.00295863882639, -0.00438523758203, 0.00549487862736, -0.00252331071533, 0.00716918474063, -0.0117368036881, 0.0224625617266, -0.00939969252795, 0.00107794557698, 0.00252364296466], [0.000910282600671, -0.00616675429046, 0.00162849377375, -0.003306358587, 0.004427252803, -0.00895861815661, 0.00595969799906, -0.00507235713303, -0.00031124096131, -0.00939969252795, 0.0219760648906, -0.00956667773426, -0.0015493251849], [-0.000634435273241, 0.00564129371196, -0.00240159407258, 0.00411383295432, -0.00382393179461, 0.00866695214063, -0.0052472888492, 0.00231202505529, 0.00361882476136, 0.00107794557698, -0.00956667773426, 0.022292945534, -0.00748699670658], [0.000267204246484, -0.00180886383168, 0.00158597063273, -0.00426741503179, 0.00282474304549, -0.00317522720434, 0.00033890188206, -0.000524733273778, -0.00267405877821, 0.00252364296466, -0.0015493251849, -0.00748699670658, 0.0189788416028]]
    },
    "melbands": {
        "dmean": [0.00491496082395, 0.00197948142886, 0.000565512280446, 0.000700183620211, 0.000244723603828, 0.000156828711624, 0.000139773328556, 0.000214951069211, 0.000201229006052, 0.000138831004733, 0.000103136168036, 6.47753258818e-05, 5.518841499e-05, 4.81459901494e-05, 4.72681349493e-05, 3.8742156903e-05, 4.89058365929e-05, 4.17845731135e-05, 4.2072369979e-05, 3.37035053235e-05, 2.75671372947e-05, 2.60358083324e-05, 1.63917775353e-05, 1.23581176013e-05, 1.3480567759e-05, 1.23250938486e-05, 9.90485659713e-06, 7.17240936865e-06, 6.12220719631e-06, 5.2726627473e-06, 5.39707662028e-06, 4.12411873185e-06, 3.52502570422e-06, 2.53910047832e-06, 2.22935204874e-06, 2.28661201618e-06, 1.89609124845e-06, 1.79648725407e-06, 1.41494172112e-06, 1.09488394173e-06],
        "dmean2": [0.00824949145317, 0.00338983233087, 0.000980728189461, 0.00119939469732, 0.000405257451348, 0.000267719151452, 0.000234577921219, 0.000348744681105, 0.000321879721014, 0.000212380589801, 0.000165889083291, 0.000103385165858, 9.03349282453e-05, 7.7110613347e-05, 7.68397003412e-05, 6.28364359727e-05, 7.82143179094e-05, 6.43801467959e-05, 6.78495634929e-05, 5.44041286048e-05, 4.46818121418e-05, 4.28976454714e-05, 2.6383147997e-05, 2.01003385882e-05, 2.18242439587e-05, 1.99676214834e-05, 1.62887408806e-05, 1.21207422126e-05, 1.00144025055e-05, 8.53639357956e-06, 8.76998001331e-06, 6.56348538541e-06, 5.57048133487e-06, 3.93788650399e-06, 3.39307644026e-06, 3.50458367393e-06, 2.92552272185e-06, 2.73835371445e-06, 2.0818010853e-06, 1.65058474977e-06],
        "dvar": [3.85562925658e-05, 1.22043084048e-05, 9.19654837617e-07, 3.29508839059e-06, 2.85883942297e-07, 1.67637395521e-07, 1.40349243338e-07, 2.93182125688e-07, 3.71064686533e-07, 1.80595918664e-07, 8.21890608904e-08, 4.04311215618e-08, 4.45742678323e-08, 2.13728998943e-08, 1.31787922797e-08, 8.5143723183e-09, 1.8624264797e-08, 1.09598605746e-08, 1.02658965773e-08, 5.35916955258e-09, 2.10152384383e-09, 1.65449365319e-09, 6.36108721253e-10, 4.50470910573e-10, 4.29889152054e-10, 4.80540052195e-10, 3.35366151516e-10, 1.5884320248e-10, 1.30802646492e-10, 9.72430469481e-11, 9.7329123927e-11, 7.70409361306e-11, 5.00712804552e-11, 2.64106514436e-11, 2.62492007297e-11, 4.24595428261e-11, 4.01768132652e-11, 3.41315309349e-11, 1.87166445537e-11, 9.03633157884e-12],
        "dvar2": [0.00010567233403, 3.15678953484e-05, 2.55234590441e-06, 8.42407735036e-06, 7.1219125175e-07, 4.1093113623e-07, 3.47047517835e-07, 7.10263350356e-07, 8.58191242514e-07, 3.54392113877e-07, 2.06829255944e-07, 1.00218187526e-07, 9.73174394403e-08, 5.09158972761e-08, 3.22681650289e-08, 2.14658886222e-08, 4.26462065661e-08, 2.41496174169e-08, 2.44594211551e-08, 1.23000640784e-08, 5.21186693803e-09, 4.16002121639e-09, 1.56062385237e-09, 1.11457643115e-09, 1.0822289731e-09, 1.21245791185e-09, 8.26818113975e-10, 4.2308381798e-10, 3.32833677286e-10, 2.38085356985e-10, 2.48418036142e-10, 1.82560980222e-10, 1.09937003945e-10, 5.94522417408e-11, 5.47911785387e-11, 9.73404759574e-11, 9.38154484653e-11, 8.23261459004e-11, 4.11427905633e-11, 2.0492807104e-11],
        "max": [0.0482679381967, 0.0303338430822, 0.0101596321911, 0.0133315715939, 0.00770615087822, 0.00797267444432, 0.00481948815286, 0.00687894271687, 0.00835709553212, 0.0117188068107, 0.00396603997797, 0.00302342744544, 0.00503397872671, 0.00295891193673, 0.00161794864107, 0.00156736292411, 0.00272074202076, 0.00201423233375, 0.00193559925538, 0.00123935786542, 0.000704346282873, 0.000588626426179, 0.000313653872581, 0.000303697685013, 0.000319313112414, 0.000398590811528, 0.000317320635077, 0.000154978843057, 0.000177557260031, 0.000173349311808, 0.00011353357695, 0.000163864111528, 0.000132160479552, 9.85249207588e-05, 0.000102332043753, 0.00015812482161, 0.000141061347676, 0.000125709368149, 0.000116291579616, 7.3392118793e-05],
        "mean": [0.00752388313413, 0.00228686025366, 0.000664313032757, 0.000663665996399, 0.000264306232566, 0.000167313104612, 0.000135025722557, 0.000214459811104, 0.000210631944356, 0.000167848251294, 0.000124374681036, 7.076485781e-05, 6.3466206484e-05, 5.94030680077e-05, 5.31417608727e-05, 4.52565836895e-05, 5.87863469264e-05, 5.2409410273e-05, 4.93214902235e-05, 4.58226495539e-05, 4.33758032159e-05, 4.01050237997e-05, 2.77213621303e-05, 2.09301269933e-05, 2.36236701312e-05, 2.09213721973e-05, 1.5769570382e-05, 1.07267524072e-05, 8.65643141879e-06, 7.81441667641e-06, 7.99865483714e-06, 6.53550614516e-06, 5.71788632442e-06, 4.23329083787e-06, 3.80484334528e-06, 3.58326406058e-06, 3.02442958855e-06, 2.80454128188e-06, 2.18874811253e-06, 1.85489636806e-06],
        "median": [0.00585727533326, 0.0011688118102, 0.000342705723597, 0.000224243893172, 9.54337592702e-05, 4.54013643321e-05, 2.87355978799e-05, 2.47785010288e-05, 1.90160226339e-05, 2.40359113377e-05, 2.52004501817e-05, 1.89473612409e-05, 1.71401788975e-05, 2.01817947527e-05, 1.86294655578e-05, 1.46335614772e-05, 1.77127767529e-05, 1.65346245922e-05, 1.67520520336e-05, 2.26959691645e-05, 2.81371139863e-05, 2.70683849521e-05, 1.99448168132e-05, 1.48441677084e-05, 1.66658628586e-05, 1.28564061015e-05, 9.57029351412e-06, 6.08996060691e-06, 3.85783187085e-06, 3.34158653459e-06, 3.91420326196e-06, 2.72528404821e-06, 3.06552965412e-06, 1.9887779672e-06, 1.64422317539e-06, 1.65593019119e-06, 1.45014644204e-06, 1.31438503104e-06, 8.67334790655e-07, 9.51789047576e-07],
        "min": [5.12752685861e-24, 1.09342850447e-23, 1.14939708129e-23, 7.7760070466e-24, 6.02378920392e-24, 5.68409307636e-24, 5.66925578602e-24, 6.19405930829e-24, 2.75875347621e-24, 3.88931816e-24, 5.00959412543e-24, 9.10527080405e-24, 6.36137552299e-24, 5.49252451641e-24, 1.11632676997e-23, 1.8426332931e-23, 7.87424073968e-24, 7.88134285441e-24, 4.48273404279e-24, 6.47793721592e-24, 1.85531375884e-23, 5.41295685007e-24, 5.57091125798e-24, 1.29173440986e-23, 1.03275957883e-23, 8.52709413623e-24, 7.28165394971e-24, 9.75228110788e-24, 7.52278506261e-24, 7.68820209468e-24, 1.07276736962e-23, 1.05320582798e-23, 1.07570713867e-23, 9.89899661448e-24, 1.16713643313e-23, 9.15413521511e-24, 7.42527159953e-24, 8.98359295373e-24, 9.96832171083e-24, 8.55432167038e-24],
        "var": [4.98550543853e-05, 1.08852609628e-05, 8.7505452484e-07, 2.62383650806e-06, 2.84958844077e-07, 1.72897514972e-07, 1.44810030633e-07, 3.3032358715e-07, 4.28510105621e-07, 3.07423448476e-07, 1.17577663161e-07, 4.42802701173e-08, 5.30490211759e-08, 3.37143752915e-08, 1.41213449822e-08, 9.68094582277e-09, 2.27807088748e-08, 1.57903521369e-08, 1.23445893507e-08, 7.23753412757e-09, 2.99080538113e-09, 2.24781171454e-09, 1.0018517127e-09, 6.17148832038e-10, 6.99593993847e-10, 8.10568889786e-10, 4.87049178766e-10, 2.00941666084e-10, 1.76587897083e-10, 1.44467646179e-10, 1.29350377631e-10, 1.10578254886e-10, 6.91230545025e-11, 3.85321601015e-11, 3.91553837964e-11, 4.98686682227e-11, 4.49741667519e-11, 3.86750839687e-11, 2.61696150861e-11, 1.27073707459e-11]
    },
    "mfcc": {
        "mean": [-618.31829834, 85.4258575439, 4.30139064789, 34.1077537537, 22.2004776001, 13.4894294739, 8.82674789429, 13.664937973, 7.4226269722, 6.24559879303, 3.89415621758, 2.58993816376, 2.37321019173],
        "cov": [[5639.25878906, -135.068664551, -337.529693604, -241.275283813, -372.755371094, -79.4787826538, -151.111953735, -149.758331299, -37.9785461426, -10.0225229263, -10.6622467041, -39.0194396973, -70.0599822998], [-135.068664551, 471.901275635, -63.7544326782, 5.35246753693, -37.503364563, -60.1930770874, 4.71043729782, 22.5349197388, 13.6786441803, 10.2401943207, 13.1976184845, 22.5879669189, 10.4326114655], [-337.529693604, -63.7544326782, 391.071594238, 39.3351669312, 29.6100788116, 31.6859989166, 37.0289573669, 31.9811325073, 13.4487466812, -5.31005430222, 7.86454296112, 24.2459411621, 15.160692215], [-241.275283813, 5.35246753693, 39.3351669312, 227.883453369, 139.513336182, 67.6093826294, 32.679359436, 0.532999515533, 10.811498642, -13.3998098373, -20.6782016754, -8.82193279266, 12.2974939346], [-372.755371094, -37.503364563, 29.6100788116, 139.513336182, 297.215209961, 104.134429932, 28.6242637634, -16.718208313, -10.8938035965, 26.4398097992, -4.85307359695, -1.70537507534, 22.1105098724], [-79.4787826538, -60.1930770874, 31.6859989166, 67.6093826294, 104.134429932, 148.888092041, 47.7823066711, -7.83955621719, 5.08095169067, 8.25559902191, 2.47088623047, -4.86803674698, -0.0074698436074], [-151.111953735, 4.71043729782, 37.0289573669, 32.679359436, 28.6242637634, 47.7823066711, 130.481002808, 69.8712997437, 33.5215339661, -5.4336271286, -4.59092617035, 9.10004806519, 1.07791042328], [-149.758331299, 22.5349197388, 31.9811325073, 0.532999515533, -16.718208313, -7.83955621719, 69.8712997437, 130.043334961, 53.8815155029, 8.56032276154, 2.83785963058, 5.65335512161, 6.70376205444], [-37.9785461426, 13.6786441803, 13.4487466812, 10.811498642, -10.8938035965, 5.08095169067, 33.5215339661, 53.8815155029, 98.5475158691, 41.4669265747, 17.6590652466, 11.5721616745, 0.347282737494], [-10.0225229263, 10.2401943207, -5.31005430222, -13.3998098373, 26.4398097992, 8.25559902191, -5.4336271286, 8.56032276154, 41.4669265747, 106.37172699, 49.3475990295, 14.3186187744, 6.484623909], [-10.6622467041, 13.1976184845, 7.86454296112, -20.6782016754, -4.85307359695, 2.47088623047, -4.59092617035, 2.83785963058, 17.6590652466, 49.3475990295, 87.0051803589, 37.9881210327, 15.0382928848], [-39.0194396973, 22.5879669189, 24.2459411621, -8.82193279266, -1.70537507534, -4.86803674698, 9.10004806519, 5.65335512161, 11.5721616745, 14.3186187744, 37.9881210327, 77.6434707642, 39.7373657227], [-70.0599822998, 10.4326114655, 15.160692215, 12.2974939346, 22.1105098724, -0.0074698436074, 1.07791042328, 6.70376205444, 0.347282737494, 6.484623909, 15.0382928848, 39.7373657227, 71.9852600098]],
