{
"lowlevel": {
    "average_loudness": 0.971562325954,
    "barkbands_crest": {
        "dmean": 2.36504197121,
        "dmean2": 3.91648435593,
        "dvar": 5.04684209824,
        "dvar2": 12.914855957,
        "max": 21.9207668304,
        "mean": 7.136490345,
        "median": 6.42974424362,
        "min": 2.116096735,
        "var": 8.70523357391
    },
    "barkbands_flatness_db": {
        "dmean": 0.0147525854409,
        "dmean2": 0.0238707214594,
        "dvar": 0.000169664359419,
        "dvar2": 0.000450336985523,
        "max": 0.216845929623,
        "mean": 0.115463584661,
        "median": 0.112752869725,
        "min": 0.0594043694437,
        "var": 0.000576763530262
    },
    "barkbands_kurtosis": {
        "dmean": 0.767615973949,
        "dmean2": 1.26901435852,
        "dvar": 1.22270464897,
        "dvar2": 3.08364868164,
        "max": 18.255235672,
        "mean": -0.17278714478,
        "median": -0.50115942955,
        "min": -1.81980204582,
        "var": 1.82904374599
    },
    "barkbands_skewness": {
        "dmean": 0.366877555847,
        "dmean2": 0.5735206604,
        "dvar": 0.122700318694,
        "dvar2": 0.293218791485,
        "max": 3.84657979012,
        "mean": 0.648309886456,
        "median": 0.622628033161,
        "min": -1.59951615334,
        "var": 0.386265903711
    },
    "barkbands_spread": {
        "dmean": 5.5902261734,
        "dmean2": 8.86617469788,
        "dvar": 27.8349876404,
        "dvar2": 64.2342605591,
        "max": 79.2841796875,
        "mean": 34.3533210754,
        "median": 33.2534179688,
        "min": 8.2143945694,
        "var": 124.947616577
    },
    "dissonance": {
        "dmean": 0.0113724507391,
        "dmean2": 0.0192890036851,
        "dvar": 0.000103037593362,
        "dvar2": 0.000285820540739,
        "max": 0.499979436398,
        "mean": 0.480179846287,
        "median": 0.482971698046,
        "min": 0.375236868858,
        "var": 0.000175890818355
    },
    "dynamic_complexity": 1.36394798756,
    "erbbands_crest": {
        "dmean": 2.1565759182,
        "dmean2": 3.47102618217,
        "dvar": 3.79652142525,
        "dvar2": 9.41408348083,
        "max": 22.9120693207,
        "mean": 7.42621994019,
        "median": 6.69094991684,
        "min": 2.24112796783,
        "var": 10.7065563202
    },
    "erbbands_flatness_db": {
        "dmean": 0.0120867975056,
        "dmean2": 0.0180688146502,
        "dvar": 0.000115539092803,
        "dvar2": 0.000241279354668,
        "max": 0.28145840764,
        "mean": 0.169800832868,
        "median": 0.164869308472,
        "min": 0.107179500163,
        "var": 0.000879746279679
    },
    "erbbands_kurtosis": {
        "dmean": 0.562622249126,
        "dmean2": 0.908931076527,
        "dvar": 0.500528633595,
        "dvar2": 1.24399983883,
        "max": 9.96513748169,
        "mean": -0.0677536800504,
        "median": -0.326330423355,
        "min": -1.6290820837,
        "var": 1.23590171337
    },
    "erbbands_skewness": {
        "dmean": 0.283148735762,
        "dmean2": 0.440931975842,
        "dvar": 0.0619941018522,
        "dvar2": 0.147627100348,
        "max": 2.24080848694,
        "mean": -0.167873516679,
        "median": -0.150414273143,
        "min": -2.61601638794,
        "var": 0.291419774294
    },
    "erbbands_spread": {
        "dmean": 6.44610452652,
        "dmean2": 9.92535400391,
        "dvar": 39.0519523621,
        "dvar2": 92.1959838867,
        "max": 105.532119751,
        "mean": 38.1950912476,
        "median": 36.5732383728,
        "min": 10.4255609512,
        "var": 186.405395508
    },
    "hfc": {
        "dmean": 8.24167823792,
        "dmean2": 12.9342021942,
        "dvar": 99.6709976196,
        "dvar2": 271.224578857,
        "max": 136.610153198,
        "mean": 38.0408706665,
        "median": 37.1006851196,
        "min": 0.000695038819686,
        "var": 298.832305908
    },
    "melbands_crest": {
        "dmean": 3.09941315651,
        "dmean2": 5.08421373367,
        "dvar": 7.11159801483,
        "dvar2": 18.1735668182,
        "max": 28.0292415619,
        "mean": 10.4848108292,
        "median": 9.77431869507,
        "min": 3.08750343323,
        "var": 14.8135147095
    },
    "melbands_flatness_db": {
        "dmean": 0.020108634606,
        "dmean2": 0.0320401154459,
        "dvar": 0.000343629042618,
        "dvar2": 0.000853461737279,
        "max": 0.256623208523,
        "mean": 0.123349525034,
        "median": 0.12078525871,
        "min": 0.0303909722716,
        "var": 0.00101235613693
    },
    "melbands_kurtosis": {
        "dmean": 2.73620247841,
        "dmean2": 4.39016962051,
        "dvar": 14.8231735229,
        "dvar2": 36.5330810547,
        "max": 47.660900116,
        "mean": 4.22090864182,
        "median": 2.80436038971,
        "min": -1.70545399189,
        "var": 27.0088348389
    },
    "melbands_skewness": {
        "dmean": 0.521944105625,
        "dmean2": 0.814923703671,
        "dvar": 0.254119992256,
        "dvar2": 0.606390237808,
        "max": 6.34813213348,
        "mean": 1.76481175423,
        "median": 1.66502642632,
        "min": -0.539599835873,
        "var": 0.854617536068
    },
    "melbands_spread": {
        "dmean": 9.56597518921,
        "dmean2": 14.9583492279,
        "dvar": 97.1872329712,
        "dvar2": 221.92137146,
        "max": 187.004516602,
        "mean": 41.9447746277,
        "median": 39.3508987427,
        "min": 7.14103460312,
        "var": 304.800201416
    },
    "pitch_salience": {
        "dmean": 0.0638259872794,
        "dmean2": 0.106088623405,
        "dvar": 0.00298127462156,
        "dvar2": 0.00769071653485,
        "max": 0.836802601814,
        "mean": 0.621428728104,
        "median": 0.629207789898,
        "min": 0.259161829948,
        "var": 0.00719534372911
    },
    "silence_rate_20dB": {
        "dmean": 0,
        "dmean2": 0,
        "dvar": 0,
        "dvar2": 0,
        "max": 1,
        "mean": 1,
        "median": 1,
        "min": 1,
        "var": 0
    },
    "silence_rate_30dB": {
        "dmean": 0,
        "dmean2": 0,
        "dvar": 0,
        "dvar2": 0,
        "max": 1,
        "mean": 1,
        "median": 1,
        "min": 1,
        "var": 0
    },
    "silence_rate_60dB": {
        "dmean": 0.00464755995199,
        "dmean2": 0.00929872132838,
        "dvar": 0.00462625361979,
        "dvar2": 0.0107614630833,
        "max": 1,
        "mean": 0.0162601619959,
        "median": 0,
        "min": 0,
        "var": 0.0159964859486
    },
    "spectral_centroid": {
        "dmean": 230.781921387,
        "dmean2": 362.021392822,
        "dvar": 48755.7539062,
        "dvar2": 113713.507812,
        "max": 4176.79882812,
        "mean": 1965.40124512,
        "median": 1939.93212891,
        "min": 505.624481201,
        "var": 196582.84375
    },
    "spectral_complexity": {
        "dmean": 4.25948858261,
        "dmean2": 6.75939559937,
        "dvar": 13.3679714203,
        "dvar2": 30.1718482971,
        "max": 57,
        "mean": 34.5478134155,
        "median": 36,
        "min": 0,
        "var": 84.4765472412
    },
    "spectral_decrease": {
        "dmean": 1.85867710112e-09,
        "dmean2": 3.00109359586e-09,
        "dvar": 3.7171581805e-18,
        "dvar2": 9.32948227013e-18,
        "max": -1.52108076026e-13,
        "mean": -7.4578414555e-09,
        "median": -7.40135908117e-09,
        "min": -2.19387317202e-08,
        "var": 9.9335160232e-18
    },
    "spectral_energy": {
        "dmean": 0.0074284109287,
        "dmean2": 0.0119805233553,
        "dvar": 5.89210103499e-05,
        "dvar2": 0.000149508792674,
        "max": 0.0868929773569,
        "mean": 0.0315979793668,
        "median": 0.0315964780748,
        "min": 6.37130142422e-07,
        "var": 0.000162575801369
    },
    "spectral_energyband_high": {
        "dmean": 0.000668350141495,
        "dmean2": 0.00105417496525,
        "dvar": 1.27574014641e-06,
        "dvar2": 3.29016529577e-06,
        "max": 0.0192654840648,
        "mean": 0.0020362092182,
        "median": 0.00150787725579,
        "min": 3.45304620453e-08,
        "var": 3.73896773453e-06
    },
    "spectral_energyband_low": {
        "dmean": 0.00408090744168,
        "dmean2": 0.00677646836266,
        "dvar": 3.6360030208e-05,
        "dvar2": 8.93058895599e-05,
        "max": 0.0682363957167,
        "mean": 0.00743255903944,
        "median": 0.00580147327855,
        "min": 8.41058493961e-08,
        "var": 5.3396623116e-05
    },
    "spectral_energyband_middle_high": {
        "dmean": 0.00282724201679,
        "dmean2": 0.00429969234392,
        "dvar": 8.26735595183e-06,
        "dvar2": 1.92613697436e-05,
        "max": 0.0423721373081,
        "mean": 0.0107379518449,
        "median": 0.0099309226498,
        "min": 2.23333373128e-07,
        "var": 3.66086787835e-05
    },
    "spectral_energyband_middle_low": {
        "dmean": 0.00469940667972,
        "dmean2": 0.00767572969198,
        "dvar": 3.05872526951e-05,
        "dvar2": 8.3126629761e-05,
        "max": 0.0764229744673,
        "mean": 0.0126378191635,
        "median": 0.0107085220516,
        "min": 3.06617295109e-07,
        "var": 7.42271586205e-05
    },
    "spectral_entropy": {
        "dmean": 0.0821578502655,
        "dmean2": 0.124436125159,
        "dvar": 0.00576988840476,
        "dvar2": 0.0119745330885,
        "max": 8.41736984253,
        "mean": 7.92388486862,
        "median": 7.9394698143,
        "min": 7.17637968063,
        "var": 0.0368901528418
    },
    "spectral_flux": {
        "dmean": 0.0196233540773,
        "dmean2": 0.0306147113442,
        "dvar": 0.000368225941202,
        "dvar2": 0.000775998167228,
        "max": 0.246802017093,
        "mean": 0.102566570044,
        "median": 0.101085931063,
        "min": 0.000798204331659,
        "var": 0.00106880918611
    },
    "spectral_kurtosis": {
        "dmean": 0.979273855686,
        "dmean2": 1.68192589283,
        "dvar": 1.01373028755,
        "dvar2": 2.93897104263,
        "max": 12.5236129761,
        "mean": 2.10467243195,
        "median": 1.85445261002,
        "min": -0.668964624405,
        "var": 2.1103117466
    },
    "spectral_rms": {
        "dmean": 0.000647158594802,
        "dmean2": 0.0010248174658,
        "dvar": 3.73314122726e-07,
        "dvar2": 8.95953348845e-07,
        "max": 0.00920725986362,
        "mean": 0.00541113410145,
        "median": 0.00555210141465,
        "min": 2.49317145062e-05,
        "var": 1.54696738264e-06
    },
    "spectral_rolloff": {
        "dmean": 543.026672363,
        "dmean2": 888.027404785,
        "dvar": 446249.0625,
        "dvar2": 963237.9375,
        "max": 7881.15234375,
        "mean": 2478.06176758,
        "median": 2304.05273438,
        "min": 193.798828125,
        "var": 1298670.125
    },
    "spectral_skewness": {
        "dmean": 0.153538808227,
        "dmean2": 0.253891766071,
        "dvar": 0.0193921420723,
        "dvar2": 0.051401168108,
        "max": 2.35636591911,
        "mean": 1.03695690632,
        "median": 1.0333044529,
        "min": 0.0181240122765,
        "var": 0.0694172680378
    },
    "spectral_spread": {
        "dmean": 319839.6875,
        "dmean2": 465059.21875,
        "dvar": 92750012416,
        "dvar2": 175538225152,
        "max": 7529180,
        "mean": 4173478.25,
        "median": 4126170.5,
        "min": 1881899.375,
        "var": 598720315392
    },
    "spectral_strongpeak": {
        "dmean": 0.784819960594,
        "dmean2": 1.3742827177,
        "dvar": 1.19556641579,
        "dvar2": 2.97880673409,
        "max": 12.7002830505,
        "mean": 1.15845763683,
        "median": 0.517811477184,
        "min": 0,
        "var": 2.19183659554
    },
    "zerocrossingrate": {
        "dmean": 0.00909844599664,
        "dmean2": 0.0113019803539,
        "dvar": 8.58116982272e-05,
        "dvar2": 0.000104129547253,
        "max": 0.21630859375,
        "mean": 0.084127664566,
        "median": 0.0791015625,
        "min": 0.03125,
        "var": 0.000659367011394
    },
    "barkbands": {
        "dmean": [0.000175506633241, 0.00329890730791, 0.00119413679931, 0.00185512809549, 0.00205058627762, 0.00101254158653, 0.000972790177912, 0.00102463259827, 0.00114813062828, 0.000874928198755, 0.000643082254101, 0.000398149975808, 0.000403827754781, 0.000582559383474, 0.000721271033399, 0.000754233857151, 0.000541212793905, 0.000376483862055, 0.000272462260909, 0.000226902629947, 0.000194766413188, 0.000261339766439, 0.000184944976354, 0.000105402512418, 3.46236774931e-05, 3.86864371649e-08, 1.04907593723e-08],
        "dmean2": [0.000286469497951, 0.00550936860964, 0.00212122802623, 0.00308333220892, 0.00350384297781, 0.00172266410664, 0.00168392760679, 0.00166452303529, 0.00183085002936, 0.0013974737376, 0.000990846892819, 0.000639815116301, 0.000647066219244, 0.000939008779824, 0.00115812779404, 0.00119502702728, 0.000860910280608, 0.000621355255134, 0.000447012513177, 0.000379656965379, 0.000328180409269, 0.000425929378252, 0.000293824676191, 0.000160031224368, 5.28573000338e-05, 6.35549852745e-08, 1.93862277342e-08],
        "dvar": [5.42338902676e-08, 2.88541650662e-05, 4.69016595162e-06, 7.91207185102e-06, 8.4199318735e-06, 2.93443531518e-06, 3.97566964239e-06, 2.87030934487e-06, 4.12346298617e-06, 2.667621402e-06, 1.79885148555e-06, 4.13564407609e-07, 5.25859206846e-07, 9.11589836505e-07, 1.51479093802e-06, 1.29345983169e-06, 6.81882227127e-07, 1.93187887021e-07, 8.96857272892e-08, 8.73765486631e-08, 1.17924223275e-07, 2.72033872761e-07, 9.20899907442e-08, 2.11992094989e-08, 2.22157692242e-09, 4.33039368592e-15, 1.52235219907e-15],
        "dvar2": [1.35545761282e-07, 7.13822737453e-05, 1.40028923852e-05, 2.02582577913e-05, 2.41615944105e-05, 8.29476448416e-06, 1.10923565444e-05, 7.17143211659e-06, 1.00083607322e-05, 6.48587274554e-06, 4.27179702456e-06, 1.01901719063e-06, 1.35516177124e-06, 2.2649796847e-06, 3.64593620361e-06, 3.21813877235e-06, 1.64099492395e-06, 5.13882525865e-07, 2.33780255599e-07, 2.40452521894e-07, 3.39942403116e-07, 6.73238730542e-07, 2.32862305438e-07, 4.79777675366e-08, 4.84526463396e-09, 1.06144705587e-14, 4.43751370759e-15],
        "max": [0.00329135893844, 0.0598638318479, 0.0267733484507, 0.0532868765295, 0.0349418856204, 0.02661309205, 0.0210690051317, 0.0214177947491, 0.0307676214725, 0.0222142003477, 0.0331999436021, 0.0113207157701, 0.0101495143026, 0.0123374443501, 0.0177263412625, 0.019862415269, 0.0133600961417, 0.00456573581323, 0.0043494082056, 0.00410155020654, 0.00483684055507, 0.00992876384407, 0.00603470718488, 0.00238867243752, 0.00103392405435, 1.63738820902e-06, 6.51909147109e-07],
        "mean": [0.000338986428687, 0.00471511064097, 0.00133039127104, 0.00252566114068, 0.00331783969887, 0.00155769393314, 0.0014035825152, 0.00155354710296, 0.00197505787946, 0.00138941674959, 0.00112460379023, 0.000711891392712, 0.000719188596122, 0.00100846251007, 0.00133347476367, 0.00150129583199, 0.00118938088417, 0.000847817922477, 0.000718337774742, 0.000524066912476, 0.000448230654001, 0.000575349316932, 0.000436428730609, 0.00027374716592, 7.84177609603e-05, 6.32637124909e-08, 7.22227744276e-09],
        "median": [0.000206266486202, 0.00313345529139, 0.000732128566597, 0.00135006045457, 0.00228223763406, 0.0008868254954, 0.000762559473515, 0.000801462389063, 0.00108121847734, 0.000573202734813, 0.000321909639752, 0.000407951534726, 0.000362045888323, 0.000556950981263, 0.00062064192025, 0.000903775566258, 0.000788769917563, 0.000667327898555, 0.000612560368609, 0.000423685531132, 0.00033130904194, 0.000361408339813, 0.000292253127554, 0.000197415429284, 5.17350927112e-05, 3.5444994495e-08, 8.17119483187e-10],
        "min": [5.56306201105e-09, 5.97387952439e-08, 5.65182656231e-09, 3.00939682063e-08, 1.94220731942e-07, 9.79288117264e-09, 1.79974257719e-08, 2.52088714348e-08, 2.53451801768e-08, 1.21372343287e-08, 6.8931861108e-08, 7.34629868049e-09, 4.15192218384e-08, 3.41697443673e-08, 4.83960294062e-09, 1.82712844854e-09, 8.75250183441e-09, 1.44375178479e-08, 1.73125567215e-08, 1.70097749219e-08, 8.82339978858e-09, 8.58867821307e-09, 9.4675458584e-09, 4.42355929664e-09, 4.80208761644e-10, 2.57526161854e-12, 4.22019537372e-12],
        "var": [1.4632547618e-07, 3.53830255335e-05, 4.00258613809e-06, 1.30383159558e-05, 1.28089877762e-05, 4.37683411292e-06, 4.23582969233e-06, 4.40265648649e-06, 7.7193180914e-06, 4.93325615025e-06, 4.50236620964e-06, 8.66438995217e-07, 1.05809840534e-06, 1.83098472917e-06, 3.34609103447e-06, 2.96226949104e-06, 1.9729423002e-06, 3.97958501708e-07, 2.34742259408e-07, 1.66684628766e-07, 2.06934956282e-07, 5.93987408593e-07, 2.52164682024e-07, 8.03831312624e-08, 7.77031150534e-09, 8.07007591178e-15, 9.27714635425e-16]
    },
    "erbbands": {
        "dmean": [0.0960616916418, 0.771777927876, 1.2985637188, 3.59868264198, 7.79109048843, 6.65275239944, 5.99952220917, 9.6086473465, 14.1679229736, 14.8885974884, 23.0724182129, 27.1508789062, 24.8900108337, 24.0457229614, 20.5278663635, 13.2397031784, 17.192773819, 20.3182678223, 32.1410484314, 38.2792663574, 41.0870132446, 29.4447460175, 20.9968166351, 14.7298746109, 13.775393486, 9.63258171082, 8.35067653656, 7.34688615799, 10.1941823959, 8.15480995178, 4.75094985962, 2.72797846794, 1.64851951599, 0.693312942982, 0.0554100945592, 0.00238674320281, 0.000121672448586, 1.95096490643e-05, 7.20157049727e-06, 9.22213257581e-06],
        "dmean2": [0.158129364252, 1.29998672009, 2.28966450691, 6.04217195511, 13.326505661, 11.3088417053, 10.1222476959, 16.3268108368, 24.4858837128, 24.8055343628, 37.2808799744, 43.6083450317, 39.9916801453, 37.3161125183, 32.1348724365, 21.0872001648, 27.4849472046, 32.6608734131, 51.0778846741, 59.8630867004, 64.2468795776, 46.3149261475, 34.5487556458, 24.4609718323, 22.5502281189, 15.9290866852, 14.0860824585, 12.4776964188, 16.8334655762, 13.0091114044, 7.60703134537, 4.3530330658, 2.46457266808, 1.04000985622, 0.0844815298915, 0.00362564832903, 0.000183092692168, 2.99248695228e-05, 1.12633861136e-05, 1.48483895828e-05],
        "dvar": [0.0188409984112, 1.74549782276, 5.62182998657, 27.6123523712, 136.399627686, 105.48084259, 93.2242660522, 291.73147583, 1014.72473145, 496.156036377, 1414.84387207, 2747.9152832, 1754.09814453, 2167.69287109, 1291.48608398, 521.166931152, 1011.53369141, 1069.97741699, 2839.44140625, 4132.43359375, 4348.66894531, 1495.66052246, 638.177246094, 274.99810791, 252.103500366, 146.574432373, 205.989151001, 173.477035522, 493.59387207, 200.786575317, 60.5794563293, 18.5726165771, 4.75493478775, 0.849824368954, 0.00666919350624, 1.19500255096e-05, 2.75837717112e-08, 9.67038893407e-10, 9.43171929446e-11, 9.58228357772e-11],
        "dvar2": [0.0486981831491, 4.35419178009, 16.6370239258, 71.1560134888, 383.514007568, 282.627319336, 248.653717041, 826.024780273, 2858.05859375, 1320.74353027, 3463.296875, 6914.58984375, 4284.234375, 5238.63476562, 3154.42358398, 1353.31237793, 2566.18017578, 2602.62304688, 6348.76464844, 10103.4130859, 10670.140625, 3613.53149414, 1684.42175293, 737.088378906, 656.503173828, 398.395812988, 599.488464355, 479.66229248, 1290.39733887, 493.504150391, 154.334838867, 44.6070404053, 10.8500337601, 1.82735335827, 0.0145945288241, 2.58907002717e-05, 6.02635381597e-08, 2.51289544728e-09, 2.61697330473e-10, 2.52292159386e-10],
        "max": [1.87537062168, 13.8898582458, 29.0413455963, 90.5433807373, 120.232322693, 209.876937866, 169.718276978, 311.576141357, 387.189941406, 241.124435425, 574.353881836, 727.929321289, 582.513427734, 775.770080566, 546.474121094, 498.454376221, 455.708496094, 585.807312012, 1120.50219727, 1136.23669434, 1302.95214844, 630.054870605, 342.927429199, 298.982940674, 210.008895874, 200.611877441, 214.466827393, 171.162322998, 451.979614258, 320.377166748, 145.333816528, 78.0129013062, 34.049949646, 18.7878265381, 1.47359824181, 0.0660300478339, 0.0033827892039, 0.000509709003381, 0.000147665821714, 0.00011283026106],
        "mean": [0.140679165721, 1.02537715435, 1.6345436573, 5.2148065567, 11.0437011719, 10.3684854507, 9.66278266907, 15.0081634521, 19.8841342926, 24.2217597961, 36.7884216309, 45.5815429688, 43.3848114014, 43.3200492859, 40.7041702271, 26.3243045807, 32.9372444153, 39.4718856812, 62.7697753906, 78.7239227295, 86.9794464111, 70.4240112305, 49.6315193176, 38.7416992188, 35.2063560486, 24.0052833557, 19.6125106812, 16.8913154602, 20.8481712341, 18.0152702332, 11.1038951874, 6.56448125839, 4.19029378891, 1.68565952778, 0.119957715273, 0.00540860695764, 0.000329393253196, 5.52762758161e-05, 3.06806650769e-05, 4.31722473877e-05],
        "median": [0.0971685647964, 0.621709287167, 1.01847553253, 3.09567475319, 7.06488084793, 6.35956096649, 6.02725315094, 8.1921672821, 10.0719661713, 15.6511363983, 21.7712306976, 24.9159412384, 23.7320270538, 17.3574581146, 17.7943534851, 16.6362419128, 17.4213790894, 23.0326290131, 35.8727455139, 38.3901252747, 51.9042282104, 49.4512672424, 39.4492721558, 34.2132797241, 28.7232952118, 19.7611198425, 14.7017507553, 12.0552558899, 12.817276001, 11.6300525665, 7.61108064651, 4.29700422287, 3.06218242645, 1.15858757496, 0.0736179277301, 0.00338997645304, 0.000232667327509, 4.10363027186e-05, 2.84499565169e-05, 4.32372107753e-05],
        "min": [2.4229570954e-06, 1.04781074697e-05, 8.68652568897e-06, 5.67650822632e-05, 0.000354036688805, 0.000798032735474, 0.00027247008984, 9.95834197965e-05, 0.000154789289809, 0.000569187453948, 0.000549302611034, 0.00053563102847, 0.000347253720975, 0.00138625921682, 0.00173013145104, 0.000480866146972, 0.00152092869394, 0.00131663086358, 0.00127046974376, 0.000313621945679, 0.000114522517833, 0.000645460910164, 0.000878056511283, 0.000767051475123, 0.000939444522373, 0.000758258625865, 0.000454910245026, 0.000243364091148, 0.000353654118953, 0.000369568471797, 0.000221015390707, 0.000100237164588, 7.12795954314e-05, 1.20341273941e-05, 5.21830088474e-07, 3.55493270376e-08, 7.03704072791e-09, 2.73739808598e-09, 1.15226739261e-09, 8.94063101331e-10],
        "var": [0.0244046747684, 2.03113722801, 5.0511803627, 45.3032608032, 168.4402771, 195.532226562, 157.461608887, 436.871765137, 1039.32727051, 753.066345215, 2112.41357422, 4906.61669922, 3194.51489258, 4602.71630859, 3427.30712891, 1044.61328125, 2100.73706055, 2419.15942383, 5748.94873047, 10784.7109375, 10810.8154297, 5266.70898438, 1415.1809082, 601.84552002, 666.917602539, 309.224121094, 344.349578857, 325.226043701, 855.791442871, 528.113342285, 154.760192871, 58.5679397583, 16.9050159454, 3.16942405701, 0.0197836477309, 3.74564006052e-05, 1.01401298025e-07, 2.50218690212e-09, 2.54331361527e-10, 2.80527961971e-10]
    },
    "gfcc": {
        "mean": [37.0301017761, 100.854232788, -160.163192749, 66.1370925903, -75.9497070312, 25.0886421204, -40.7363700867, 6.96951770782, -4.83125591278, -16.7321300507, -2.17091083527, -17.8116588593, 4.67156362534],
        "cov": [[1752.80383301, -129.51675415, 200.841384888, 141.798019409, -100.937484741, 129.845153809, 9.42048549652, 32.8356018066, -15.3205814362, 55.3475570679, -47.4072036743, 29.8017253876, 10.4826164246], [-129.51675415, 451.958129883, -8.95570468903, -2.97927689552, 139.351074219, -95.7311859131, 86.9887084961, -17.4954547882, 35.3036003113, -14.2366762161, 32.1638717651, -24.9616222382, 38.6197433472], [200.841384888, -8.95570468903, 338.91973877, 170.785583496, -30.9263381958, 31.7520236969, -49.0281715393, 26.658164978, -30.4902667999, 68.9264373779, 2.93931818008, 38.7485733032, -11.4703140259], [141.798019409, -2.97927689552, 170.785583496, 238.772293091, 77.6701889038, 21.8540897369, 35.9800186157, 15.2903814316, 5.91874885559, 26.5557289124, 5.54874944687, 32.5870819092, 7.94802379608], [-100.937484741, 139.351074219, -30.9263381958, 77.6701889038, 197.077774048, 11.8779640198, 66.9349136353, 33.43126297, 24.2105350494, -12.5671930313, 11.3141222, 0.411863714457, 33.5409507751], [129.845153809, -95.7311859131, 31.7520236969, 21.8540897369, 11.8779640198, 175.669799805, 92.2423400879, 14.8852872849, -34.2323608398, -2.20243144035, 2.96596360207, 15.0170412064, -16.028055191], [9.42048549652, 86.9887084961, -49.0281715393, 35.9800186157, 66.9349136353, 92.2423400879, 198.657775879, 11.1711130142, -11.9474220276, -26.9621353149, 18.981880188, 7.6871972084, 3.5230486393], [32.8356018066, -17.4954547882, 26.658164978, 15.2903814316, 33.43126297, 14.8852872849, 11.1711130142, 95.9966201782, 32.6376647949, 12.8050365448, -4.23936033249, 3.09972310066, 11.6173219681], [-15.3205814362, 35.3036003113, -30.4902667999, 5.91874885559, 24.2105350494, -34.2323608398, -11.9474220276, 32.6376647949, 108.18572998, 23.6699333191, -6.36247634888, -19.562417984, 4.09178066254], [55.3475570679, -14.2366762161, 68.9264373779, 26.5557289124, -12.5671930313, -2.20243144035, -26.9621353149, 12.8050365448, 23.6699333191, 83.116645813, 18.6436023712, 8.51679611206, -5.69651031494], [-47.4072036743, 32.1638717651, 2.93931818008, 5.54874944687, 11.3141222, 2.96596360207, 18.981880188, -4.23936033249, -6.36247634888, 18.6436023712, 62.816368103, 29.4197120667, -0.611736297607], [29.8017253876, -24.9616222382, 38.7485733032, 32.5870819092, 0.411863714457, 15.0170412064, 7.6871972084, 3.09972310066, -19.562417984, 8.51679611206, 29.4197120667, 63.4227638245, 17.7506389618], [10.4826164246, 38.6197433472, -11.4703140259, 7.94802379608, 33.5409507751, -16.028055191, 3.5230486393, 11.6173219681, 4.09178066254, -5.69651031494, -0.611736297607, 17.7506389618, 50.2973556519]],
        "icov": [[0.000818188476842, -0.0011338981567, 0.0012493893737, -0.0018363535637, 0.00189837487414, -0.00180404540151, 0.00119941541925, -0.00103686365765, 0.000554475991521, -0.000786030199379, 0.00111912807915, -0.00047094427282, -0.000364443374565], [-0.0011338981567, 0.0160288736224, -0.0166681390256, 0.0169719886035, -0.0159497950226, 0.0165106505156, -0.0162412934005, 0.0120674017817, -0.00762408319861, 0.00557136815041, -0.00837329309434, 0.0083723841235, -0.00611162232235], [0.0012493893737, -0.0166681390256, 0.0261792130768, -0.0246648397297, 0.019540803507, -0.0185853019357, 0.0197651218623, -0.0158587936312, 0.0119761181995, -0.0103028938174, 0.00928322039545, -0.00896605569869, 0.00686677685007], [-0.0018363535637, 0.0169719886035, -0.0246648397297, 0.0300819911063, -0.0228717215359, 0.0195857863873, -0.0204068329185, 0.0160074681044, -0.0112066883594, 0.00688255485147, -0.00613413797691, 0.00381004437804, -0.00352979800664], [0.00189837487414, -0.0159497950226, 0.019540803507, -0.0228717215359, 0.0263458751142, -0.017904073, 0.0156037742272, -0.0150819215924, 0.00775000499561, -0.00502546643838, 0.00494145322591, -0.0034187072888, -0.000895177829079], [-0.00180404540151, 0.0165106505156, -0.0185853019357, 0.0195857863873, -0.017904073, 0.0272679142654, -0.0218731742352, 0.0111785670742, -0.00552967377007, 0.00465416908264, -0.0056355856359, 0.00493437657133, -0.000888796173967], [0.00119941541925, -0.0162412934005, 0.0197651218623, -0.0204068329185, 0.0156037742272, -0.0218731742352, 0.0260504651815, -0.0132341813296, 0.008296020329, -0.00355058419518, 0.00452555855736, -0.00646095629781, 0.00506725674495], [-0.00103686365765, 0.0120674017817, -0.0158587936312, 0.0160074681044, -0.0150819215924, 0.0111785670742, -0.0132341813296, 0.0235774591565, -0.011237161234, 0.00417935661972, -0.00432989746332, 0.00434653135017, -0.00629393523559], [0.000554475991521, -0.00762408319861, 0.0119761181995, -0.0112066883594, 0.00775000499561, -0.00552967377007, 0.008296020329, -0.011237161234, 0.0186892468482, -0.00879517849535, 0.00497948611155, -0.000204588170163, 0.00294087431394], [-0.000786030199379, 0.00557136815041, -0.0103028938174, 0.00688255485147, -0.00502546643838, 0.00465416908264, -0.00355058419518, 0.00417935661972, -0.00879517849535, 0.0218020845205, -0.0110196592286, 0.00449983077124, -0.00197078706697], [0.00111912807915, -0.00837329309434, 0.00928322039545, -0.00613413797691, 0.00494145322591, -0.0056355856359, 0.00452555855736, -0.00432989746332, 0.00497948611155, -0.0110196592286, 0.032291688025, -0.0203619226813, 0.0107999891043], [-0.00047094427282, 0.0083723841235, -0.00896605569869, 0.00381004437804, -0.0034187072888, 0.00493437657133, -0.00646095629781, 0.00434653135017, -0.000204588170163, 0.00449983077124, -0.0203619226813, 0.0360807962716, -0.0181311499327], [-0.000364443374565, -0.00611162232235, 0.00686677685007, -0.00352979800664, -0.000895177829079, -0.000888796173967, 0.00506725674495, -0.00629393523559, 0.00294087431394, -0.00197078706697, 0.0107999891043, -0.0181311499327, 0.0342543013394]]
    },
    "melbands": {
        "dmean": [0.000886989058927, 0.000750099425204, 0.000743200129364, 0.000492248742376, 0.000222927032155, 0.000213205144973, 0.000206697892281, 0.000179297581781, 0.000195247295778, 0.000166908939718, 0.000130449378048, 0.00010604900308, 8.32793375594e-05, 4.58082540717e-05, 3.7005469494e-05, 4.09228559874e-05, 4.28360326623e-05, 5.938378672e-05, 5.49256437807e-05, 4.78980546177e-05, 5.26818366779e-05, 3.46693341271e-05, 2.64043756033e-05, 1.69205577549e-05, 1.31471870191e-05, 1.10601058623e-05, 1.08035528683e-05, 6.11679888607e-06, 5.81526592214e-06, 5.3077683333e-06, 4.36256459579e-06, 6.28356337984e-06, 5.38343192602e-06, 4.67314521302e-06, 3.15636543746e-06, 2.20317906496e-06, 1.61606521942e-06, 1.3155807892e-06, 1.02105332189e-06, 5.07184040544e-07],
        "dmean2": [0.00146958406549, 0.00128584168851, 0.0012470446527, 0.000833923637401, 0.00037904898636, 0.000362750433851, 0.000359041907359, 0.000295830221148, 0.00031349688652, 0.000267647381406, 0.000210715210414, 0.000165162433404, 0.000129955267766, 7.39276729291e-05, 5.91507050558e-05, 6.54977702652e-05, 6.92234534654e-05, 9.46970976656e-05, 8.77845741343e-05, 7.70099868532e-05, 8.25778915896e-05, 5.45910588698e-05, 4.37551134382e-05, 2.82910805254e-05, 2.18706372834e-05, 1.7968359316e-05, 1.79342223419e-05, 1.01647028714e-05, 9.87129988061e-06, 8.96509845916e-06, 7.40921905162e-06, 1.05839835669e-05, 8.72265445651e-06, 7.54193888497e-06, 5.13352370035e-06, 3.56232294507e-06, 2.58505315287e-06, 2.00125441552e-06, 1.56802786933e-06, 7.68894551584e-07],
        "dvar": [1.90503601516e-06, 1.6401575067e-06, 1.09148379579e-06, 5.1943948165e-07, 1.11893520227e-07, 1.39240597719e-07, 2.05008120702e-07, 7.06305414155e-08, 9.62665751558e-08, 1.03097612225e-07, 5.02968404703e-08, 3.9786019812e-08, 2.68840913975e-08, 5.96653171314e-09, 5.03184605094e-09, 5.47793588268e-09, 5.03416508479e-09, 9.8516963476e-09, 9.44092803934e-09, 4.88517226671e-09, 7.99403121476e-09, 2.24766694146e-09, 1.3981928948e-09, 4.68387384434e-10, 2.27010882314e-10, 1.60087915146e-10, 2.05871666936e-10, 6.1923570438e-11, 9.55424905857e-11, 7.98733995611e-11, 5.64352488353e-11, 1.88451546035e-10, 1.08746185667e-10, 6.28308030604e-11, 2.74818796192e-11, 1.15373448642e-11, 6.35701300628e-12, 3.41672566975e-12, 1.69991158736e-12, 4.86590802373e-13],
        "dvar2": [4.70897566629e-06, 4.43593989985e-06, 2.87111993202e-06, 1.48100764363e-06, 3.02082725057e-07, 3.9640445948e-07, 5.79745517371e-07, 1.8498539589e-07, 2.31357205394e-07, 2.59457436869e-07, 1.22541408132e-07, 9.63000843512e-08, 6.57500720536e-08, 1.4368567669e-08, 1.31782629254e-08, 1.39743168148e-08, 1.21192815783e-08, 2.17569837702e-08, 2.2681597045e-08, 1.18965317597e-08, 1.88912299137e-08, 5.38982458664e-09, 3.67397978707e-09, 1.26933052957e-09, 6.1114374672e-10, 4.17558543298e-10, 5.70647085141e-10, 1.66178668048e-10, 2.81348166986e-10, 2.24787216618e-10, 1.53827395266e-10, 5.03431962784e-10, 2.6036589551e-10, 1.58522292515e-10, 7.11631101269e-11, 2.84760288266e-11, 1.54333559821e-11, 8.3483758101e-12, 3.92302856866e-12, 1.07836417747e-12],
        "max": [0.0172940790653, 0.013313149102, 0.0182322543114, 0.00850154459476, 0.00535149872303, 0.006325957831, 0.0053120679222, 0.00293511641212, 0.00456582382321, 0.00511615723372, 0.00318905897439, 0.00289952964522, 0.00339654344134, 0.00150060490705, 0.00143393222243, 0.00102332315873, 0.00126540870406, 0.00211444031447, 0.00135082157794, 0.000820713816211, 0.0015785790747, 0.000790428777691, 0.000749703962356, 0.000280056963675, 0.000305911846226, 0.000183257696335, 0.000149404921103, 0.000147232305608, 0.000150908002979, 0.000185495067853, 0.000129541935166, 0.000224265197176, 0.000214680374484, 0.000160003881319, 9.79284232017e-05, 5.17294465681e-05, 4.39859286416e-05, 3.3194955904e-05, 2.2178493964e-05, 1.44740597534e-05],
        "mean": [0.00132941105403, 0.0010527332779, 0.00111451384146, 0.000790499267168, 0.000365677056834, 0.000334153999574, 0.00029255222762, 0.000291967298836, 0.000310601841193, 0.000277531769825, 0.000219163077418, 0.000181564464583, 0.000153685963596, 8.2479295088e-05, 6.71877642162e-05, 7.25995923858e-05, 7.45097859181e-05, 0.000104184255179, 0.000103085425508, 9.52055052039e-05, 0.000103294296423, 7.39585448173e-05, 5.53761346964e-05, 3.75132549379e-05, 3.05420180666e-05, 2.67153445748e-05, 2.26804622798e-05, 1.40777938213e-05, 1.22629462567e-05, 1.11506487883e-05, 9.10383096198e-06, 1.18352945719e-05, 1.11665331133e-05, 9.67926735029e-06, 6.71939687891e-06, 4.89682543048e-06, 3.57945418727e-06, 3.03581191474e-06, 2.38900474869e-06, 1.08571691726e-06],
        "median": [0.000928271270823, 0.000687732244842, 0.000705875980202, 0.000535020779353, 0.000226359072258, 0.000188694946701, 0.00015535755665, 0.000179977287189, 0.00018537248252, 0.000150918320287, 0.000109088548925, 7.26278085494e-05, 5.30137222086e-05, 4.41530319222e-05, 3.57899771188e-05, 3.42540333804e-05, 4.09280473832e-05, 5.70360753045e-05, 4.51813393738e-05, 5.56887316634e-05, 5.54143553018e-05, 4.9243139074e-05, 3.97717521992e-05, 2.87905349978e-05, 2.65167691396e-05, 2.14419505937e-05, 1.78104437509e-05, 1.14044469228e-05, 9.06469813344e-06, 8.08023833088e-06, 6.19729598839e-06, 7.26654889149e-06, 6.62060347167e-06, 6.19950287728e-06, 4.5497672545e-06, 3.23915628542e-06, 2.30339082918e-06, 2.1531946004e-06, 1.71073929778e-06, 6.75549813423e-07],
        "min": [1.94752765026e-08, 7.68312169441e-09, 1.60666768778e-08, 4.53543123058e-08, 1.55531427737e-08, 1.98956784381e-09, 2.72591371697e-09, 6.34716235126e-09, 5.08205433292e-09, 2.98809399446e-09, 1.64117086587e-09, 5.16064080358e-09, 8.78524364367e-09, 7.82557407764e-10, 2.16778794915e-09, 3.94254140446e-09, 2.40440423127e-09, 2.82420709041e-09, 3.83504644708e-10, 2.33075475586e-10, 9.58659401862e-11, 5.26651056099e-10, 9.9420705002e-10, 5.67540681118e-10, 6.24796603343e-10, 5.99550131763e-10, 8.57991067083e-10, 3.63777480361e-10, 2.82288276088e-10, 2.23687929291e-10, 1.04635723697e-10, 2.48118414703e-10, 1.10905652717e-10, 2.41865472095e-10, 1.33404648439e-10, 5.49195341981e-11, 6.43935807454e-11, 6.17793732838e-11, 1.95153268545e-11, 6.01609127099e-12],
        "var": [2.45449314207e-06, 1.8231356762e-06, 1.75695606686e-06, 7.93525316567e-07, 1.99019339675e-07, 2.0278314139e-07, 2.04279217542e-07, 1.13810251889e-07, 1.55442165806e-07, 1.74210995851e-07, 9.16985598565e-08, 8.19052345946e-08, 6.72069120355e-08, 1.23593073553e-08, 9.60405799333e-09, 1.12479625614e-08, 1.04494644049e-08, 1.9538180851e-08, 2.16479723036e-08, 1.15457918781e-08, 2.10210444607e-08, 7.14447967454e-09, 3.11201686642e-09, 9.45965639154e-10, 4.28420826593e-10, 4.29201646446e-10, 3.50060591625e-10, 1.24416643654e-10, 1.37539105105e-10, 1.52602902537e-10, 1.04332112394e-10, 2.76743544747e-10, 2.64569061104e-10, 1.56252205619e-10, 6.07456515644e-11, 3.29325906823e-11, 1.87686706454e-11, 9.91990517507e-12, 5.68290033087e-12, 1.58891487207e-12]
    },
    "mfcc": {
        "mean": [-572.795288086, 91.3010025024, -8.86878108978, 23.5117950439, 5.66276693344, 3.95718431473, -7.66265678406, 9.13806629181, 2.85696959496, 5.28867292404, -1.16295742989, -2.3574757576, -1.6030780077],
        "cov": [[1737.03796387, -182.534881592, 188.817764282, -8.02748012543, -58.482219696, 88.6786346436, 19.2340202332, 30.5592556, 46.0032043457, 18.9049377441, 0.00951269082725, 0.413983345032, -14.0493030548], [-182.534881592, 454.1300354, -129.010070801, 56.6456222534, 11.3650875092, -36.0796394348, 23.8808670044, -20.5446109772, 26.7870559692, -2.97589159012, 18.9291305542, -0.161794632673, -20.7000770569], [188.817764282, -129.010070801, 362.271240234, 65.3189849854, 12.87748909, 34.7369880676, -0.380512654781, -31.6330490112, -21.9661865234, -39.5709724426, 31.8937320709, 41.0740394592, 17.2140769958], [-8.02748012543, 56.6456222534, 65.3189849854, 261.11416626, 85.4769973755, 19.9203071594, 14.6408758163, -0.467953503132, 41.5075492859, -20.5577163696, 3.86966753006, 47.0255432129, 34.8506317139], [-58.482219696, 11.3650875092, 12.87748909, 85.4769973755, 152.765350342, -17.2422847748, -21.1448860168, -8.44748210907, 33.658996582, 8.64857578278, -2.97644114494, 20.0374927521, 23.9989433289], [88.6786346436, -36.0796394348, 34.7369880676, 19.9203071594, -17.2422847748, 150.102600098, 89.7066497803, 42.8166275024, 5.34179973602, -5.8672451973, 17.9118900299, 8.8636341095, 0.490060776472], [19.2340202332, 23.8808670044, -0.380512654781, 14.6408758163, -21.1448860168, 89.7066497803, 183.064163208, 76.8181610107, 11.519285202, -26.1023311615, 10.1455183029, 17.8288822174, 2.55038237572], [30.5592556, -20.5446109772, -31.6330490112, -0.467953503132, -8.44748210907, 42.8166275024, 76.8181610107, 116.765106201, 31.0701065063, 8.58646011353, -9.01968669891, -0.523411095142, 5.74687004089], [46.0032043457, 26.7870559692, -21.9661865234, 41.5075492859, 33.658996582, 5.34179973602, 11.519285202, 31.0701065063, 93.0463027954, 33.3423156738, 7.88578748703, -0.992835760117, 4.27236700058], [18.9049377441, -2.97589159012, -39.5709724426, -20.5577163696, 8.64857578278, -5.8672451973, -26.1023311615, 8.58646011353, 33.3423156738, 88.0858383179, 11.4583311081, -7.43222904205, -11.4861764908], [0.00951269082725, 18.9291305542, 31.8937320709, 3.86966753006, -2.97644114494, 17.9118900299, 10.1455183029, -9.01968669891, 7.88578748703, 11.4583311081, 66.2986602783, 27.0044651031, 8.20502185822], [0.413983345032, -0.161794632673, 41.0740394592, 47.0255432129, 20.0374927521, 8.8636341095, 17.8288822174, -0.523411095142, -0.992835760117, -7.43222904205, 27.0044651031, 77.9854888916, 34.5287361145], [-14.0493030548, -20.7000770569, 17.2140769958, 34.8506317139, 23.9989433289, 0.490060776472, 2.55038237572, 5.74687004089, 4.27236700058, -11.4861764908, 8.20502185822, 34.5287361145, 65.6117935181]],
