{
"lowlevel": {
    "average_loudness": 0.920886456966,
    "barkbands_crest": {
        "dmean": 3.10105705261,
        "dmean2": 4.91977071762,
        "dvar": 8.34748363495,
        "dvar2": 21.0089263916,
        "max": 25.3029155731,
        "mean": 11.6122293472,
        "median": 10.7203884125,
        "min": 2.60039281845,
        "var": 28.5752296448
    },
    "barkbands_flatness_db": {
        "dmean": 0.0254239011556,
        "dmean2": 0.0385773070157,
        "dvar": 0.00060145551106,
        "dvar2": 0.00142750900704,
        "max": 0.345804899931,
        "mean": 0.149594172835,
        "median": 0.133117035031,
        "min": 0.0632390230894,
        "var": 0.00270288181491
    },
    "barkbands_kurtosis": {
        "dmean": 3.28107738495,
        "dmean2": 5.14664936066,
        "dvar": 42.5467720032,
        "dvar2": 117.247444153,
        "max": 120.566566467,
        "mean": 4.31916284561,
        "median": 1.34039354324,
        "min": -1.78760075569,
        "var": 80.7890930176
    },
    "barkbands_skewness": {
        "dmean": 0.576449394226,
        "dmean2": 0.876813113689,
        "dvar": 0.401780962944,
        "dvar2": 1.04727947712,
        "max": 9.76171398163,
        "mean": 1.72298812866,
        "median": 1.38852763176,
        "min": -0.165784806013,
        "var": 1.36967277527
    },
    "barkbands_spread": {
        "dmean": 8.2331609726,
        "dmean2": 12.6666717529,
        "dvar": 79.7169723511,
        "dvar2": 189.132278442,
        "max": 86.8449325562,
        "mean": 28.2163600922,
        "median": 27.6749858856,
        "min": 1.73124718666,
        "var": 235.110519409
    },
    "dissonance": {
        "dmean": 0.0121786305681,
        "dmean2": 0.021322125569,
        "dvar": 0.000136218703119,
        "dvar2": 0.00038062792737,
        "max": 0.5,
        "mean": 0.483345210552,
        "median": 0.487102210522,
        "min": 0.379861861467,
        "var": 0.000199606714887
    },
    "dynamic_complexity": 3.4938480854,
    "erbbands_crest": {
        "dmean": 2.05830836296,
        "dmean2": 3.39654946327,
        "dvar": 3.94285321236,
        "dvar2": 10.4008226395,
        "max": 25.8109016418,
        "mean": 6.54550981522,
        "median": 5.89169073105,
        "min": 2.11602783203,
        "var": 9.30470657349
    },
    "erbbands_flatness_db": {
        "dmean": 0.0135236186907,
        "dmean2": 0.02057781443,
        "dvar": 0.000165585850482,
        "dvar2": 0.000367817585357,
        "max": 0.243287548423,
        "mean": 0.14602547884,
        "median": 0.141431227326,
        "min": 0.0946707576513,
        "var": 0.000571790209506
    },
    "erbbands_kurtosis": {
        "dmean": 0.628010928631,
        "dmean2": 1.00055205822,
        "dvar": 0.529129981995,
        "dvar2": 1.29000234604,
        "max": 13.3519363403,
        "mean": -0.0256438944489,
        "median": -0.421367406845,
        "min": -1.63592255116,
        "var": 1.76373136044
    },
    "erbbands_skewness": {
        "dmean": 0.354915738106,
        "dmean2": 0.568447589874,
        "dvar": 0.0969963297248,
        "dvar2": 0.254983276129,
        "max": 3.22858452797,
        "mean": 0.337553888559,
        "median": 0.338066637516,
        "min": -1.71820509434,
        "var": 0.288871139288
    },
    "erbbands_spread": {
        "dmean": 9.18661689758,
        "dmean2": 14.3913354874,
        "dvar": 79.5773696899,
        "dvar2": 193.262420654,
        "max": 125.420402527,
        "mean": 46.6299781799,
        "median": 45.4197006226,
        "min": 10.8980407715,
        "var": 286.818054199
    },
    "hfc": {
        "dmean": 8.41802120209,
        "dmean2": 13.0047111511,
        "dvar": 150.759536743,
        "dvar2": 367.606872559,
        "max": 123.71219635,
        "mean": 29.3665142059,
        "median": 27.6848831177,
        "min": 0.000391511566704,
        "var": 563.26763916
    },
    "melbands_crest": {
        "dmean": 3.18216896057,
        "dmean2": 4.97818231583,
        "dvar": 8.47957801819,
        "dvar2": 19.3938655853,
        "max": 27.1336421967,
        "mean": 14.9011526108,
        "median": 14.658285141,
        "min": 4.49202489853,
        "var": 26.8020572662
    },
    "melbands_flatness_db": {
        "dmean": 0.0330734066665,
        "dmean2": 0.0486024692655,
        "dvar": 0.000991291250102,
        "dvar2": 0.00228958181106,
        "max": 0.416481524706,
        "mean": 0.180493995547,
        "median": 0.159720003605,
        "min": 0.0566658861935,
        "var": 0.00504418928176
    },
    "melbands_kurtosis": {
        "dmean": 8.79406261444,
        "dmean2": 14.1758489609,
        "dvar": 242.292861938,
        "dvar2": 676.673950195,
        "max": 292.491424561,
        "mean": 15.9237174988,
        "median": 9.25559616089,
        "min": -0.120806455612,
        "var": 468.867950439
    },
    "melbands_skewness": {
        "dmean": 0.822306990623,
        "dmean2": 1.28641855717,
        "dvar": 0.698957979679,
        "dvar2": 1.86238348484,
        "max": 13.2067337036,
        "mean": 3.06180405617,
        "median": 2.70639014244,
        "min": 0.3680344522,
        "var": 2.41554331779
    },
    "melbands_spread": {
        "dmean": 8.08813858032,
        "dmean2": 12.5838279724,
        "dvar": 76.0985031128,
        "dvar2": 189.234268188,
        "max": 100.705818176,
        "mean": 24.107088089,
        "median": 23.9495620728,
        "min": 1.12946915627,
        "var": 195.208679199
    },
    "pitch_salience": {
        "dmean": 0.0906937196851,
        "dmean2": 0.14396572113,
        "dvar": 0.00816631875932,
        "dvar2": 0.0207746233791,
        "max": 0.816240370274,
        "mean": 0.536645531654,
        "median": 0.556914329529,
        "min": 0.102527283132,
        "var": 0.0207709316164
    },
    "silence_rate_20dB": {
        "dmean": 0,
        "dmean2": 0,
        "dvar": 0,
        "dvar2": 0,
        "max": 1,
        "mean": 1,
        "median": 1,
        "min": 1,
        "var": 0
    },
    "silence_rate_30dB": {
        "dmean": 0.00696594407782,
        "dmean2": 0.013937282376,
        "dvar": 0.00691747898236,
        "dvar2": 0.0207118391991,
        "max": 1,
        "mean": 0.996518373489,
        "median": 1,
        "min": 0,
        "var": 0.00346940103918
    },
    "silence_rate_60dB": {
        "dmean": 0.0131578948349,
        "dmean2": 0.0263259783387,
        "dvar": 0.012983687222,
        "dvar2": 0.0333769358695,
        "max": 1,
        "mean": 0.0185686647892,
        "median": 0,
        "min": 0,
        "var": 0.0182228237391
    },
    "spectral_centroid": {
        "dmean": 315.571258545,
        "dmean2": 499.96685791,
        "dvar": 126919.429688,
        "dvar2": 312653.9375,
        "max": 3708.34570312,
        "mean": 1511.77954102,
        "median": 1533.03271484,
        "min": 313.345672607,
        "var": 375120.15625
    },
    "spectral_complexity": {
        "dmean": 4.4148607254,
        "dmean2": 6.93921804428,
        "dvar": 21.9509029388,
        "dvar2": 49.2193260193,
        "max": 62,
        "mean": 27.3299808502,
        "median": 29,
        "min": 0,
        "var": 206.394973755
    },
    "spectral_decrease": {
        "dmean": 3.32416272286e-09,
        "dmean2": 5.13004572156e-09,
        "dvar": 1.9942575143e-17,
        "dvar2": 5.29922803869e-17,
        "max": -8.91520201846e-14,
        "mean": -9.17675624379e-09,
        "median": -8.00370703047e-09,
        "min": -3.89273964174e-08,
        "var": 4.52719621932e-17
    },
    "spectral_energy": {
        "dmean": 0.0128267249092,
        "dmean2": 0.0198985915631,
        "dvar": 0.000286733498797,
        "dvar2": 0.000760002585594,
        "max": 0.150103613734,
        "mean": 0.037298835814,
        "median": 0.0331741571426,
        "min": 3.71990665826e-07,
        "var": 0.000716700276826
    },
    "spectral_energyband_high": {
        "dmean": 0.00105736847036,
        "dmean2": 0.00165682821535,
        "dvar": 2.90591583507e-06,
        "dvar2": 7.31662385078e-06,
        "max": 0.0153913879767,
        "mean": 0.00211445521563,
        "median": 0.00128668360412,
        "min": 1.43732057367e-08,
        "var": 5.55659562451e-06
    },
    "spectral_energyband_low": {
        "dmean": 0.0115316603333,
        "dmean2": 0.0179427322,
        "dvar": 0.000313864700729,
        "dvar2": 0.000849936564919,
        "max": 0.134185791016,
        "mean": 0.0191950052977,
        "median": 0.012441999279,
        "min": 8.90853826263e-08,
        "var": 0.00039924136945
    },
    "spectral_energyband_middle_high": {
        "dmean": 0.00174346775748,
        "dmean2": 0.0027186004445,
        "dvar": 5.62788545722e-06,
        "dvar2": 1.485041048e-05,
        "max": 0.0350531637669,
        "mean": 0.00623419648036,
        "median": 0.00489959865808,
        "min": 9.87189281432e-08,
        "var": 3.3203374187e-05
    },
    "spectral_energyband_middle_low": {
        "dmean": 0.0037921180483,
        "dmean2": 0.00614980095997,
        "dvar": 2.10000762308e-05,
        "dvar2": 5.40167711733e-05,
        "max": 0.0546613521874,
        "mean": 0.010897282511,
        "median": 0.00905985943973,
        "min": 1.07450347286e-07,
        "var": 7.53455024096e-05
    },
    "spectral_entropy": {
        "dmean": 0.13844025135,
        "dmean2": 0.20879226923,
        "dvar": 0.0253630299121,
        "dvar2": 0.0547899752855,
        "max": 8.48037242889,
        "mean": 7.94027662277,
        "median": 8.01577281952,
        "min": 6.75770378113,
        "var": 0.098636187613
    },
    "spectral_flux": {
        "dmean": 0.024722436443,
        "dmean2": 0.0391796976328,
        "dvar": 0.000768952711951,
        "dvar2": 0.00160064094234,
        "max": 0.289639234543,
        "mean": 0.098529741168,
        "median": 0.098096780479,
        "min": 0.00123023509514,
        "var": 0.00313855730928
    },
    "spectral_kurtosis": {
        "dmean": 1.08808934689,
        "dmean2": 1.77151703835,
        "dvar": 2.36328840256,
        "dvar2": 6.05123186111,
        "max": 22.9402961731,
        "mean": 1.83041548729,
        "median": 1.37377548218,
        "min": -0.625055551529,
        "var": 3.93214988708
    },
    "spectral_rms": {
        "dmean": 0.000948153610807,
        "dmean2": 0.00141545629594,
        "dvar": 1.04102093701e-06,
        "dvar2": 2.60912952399e-06,
        "max": 0.0121013447642,
        "mean": 0.00561216520146,
        "median": 0.00568902725354,
        "min": 1.90503997146e-05,
        "var": 4.89274816573e-06
    },
    "spectral_rolloff": {
        "dmean": 746.470458984,
        "dmean2": 1212.03649902,
        "dvar": 1049990,
        "dvar2": 2465996.25,
        "max": 7967.28515625,
        "mean": 1477.90344238,
        "median": 1012.06054688,
        "min": 86.1328125,
        "var": 1876373.625
    },
    "spectral_skewness": {
        "dmean": 0.221071526408,
        "dmean2": 0.349735379219,
        "dvar": 0.0683135092258,
        "dvar2": 0.165334388614,
        "max": 3.66364097595,
        "mean": 1.135892272,
        "median": 1.08422875404,
        "min": 0.201495945454,
        "var": 0.194475308061
    },
    "spectral_spread": {
        "dmean": 525304.125,
        "dmean2": 801393.9375,
        "dvar": 501112700928,
        "dvar2": 1.19819783373e+12,
        "max": 9253608,
        "mean": 4909563,
        "median": 4878007,
        "min": 2238491.75,
        "var": 940465651712
    },
    "spectral_strongpeak": {
        "dmean": 0.254879564047,
        "dmean2": 0.447862416506,
        "dvar": 0.2714189291,
        "dvar2": 0.717475533485,
        "max": 8.22042942047,
        "mean": 0.388064444065,
        "median": 0.276895731688,
        "min": 0.000347227236489,
        "var": 0.243312865496
    },
    "zerocrossingrate": {
        "dmean": 0.0131926639006,
        "dmean2": 0.0162870064378,
        "dvar": 0.000145660043927,
        "dvar2": 0.000201507427846,
        "max": 0.1865234375,
        "mean": 0.0632463023067,
        "median": 0.0634765625,
        "min": 0.0029296875,
        "var": 0.0010352259269
    },
    "barkbands": {
        "dmean": [0.000127765641082, 0.0100009348243, 0.00256814388558, 0.00100363488309, 0.00162252713926, 0.000935434480198, 0.000989692634903, 0.00114350009244, 0.00106405746192, 0.0009505203343, 0.000709588523023, 0.000330440525431, 0.000242999696638, 0.00025143509265, 0.000230650708545, 0.000183750264114, 0.000191128609003, 0.000216557993554, 0.000150827341713, 0.000208722776733, 0.000285934278509, 0.000289914023597, 0.000225857816986, 0.000180787581485, 6.16854813416e-05, 6.00296772291e-08, 1.26446197957e-09],
        "dmean2": [0.000217957480345, 0.0162240117788, 0.00422523310408, 0.00173888180871, 0.00268988427706, 0.00158093578648, 0.00171297718771, 0.00187228352297, 0.00179410586134, 0.0015842121793, 0.00120313768275, 0.000547659175936, 0.00039773559547, 0.000421366945375, 0.000384684855817, 0.000296172423987, 0.00031856604619, 0.000354343967047, 0.000255862338236, 0.00036207571975, 0.000495605927426, 0.000459485861938, 0.000356825214112, 0.000267145602265, 9.37504519243e-05, 9.93338318267e-08, 2.32988295323e-09],
        "dvar": [3.23491775589e-08, 0.000231262980378, 2.43350295932e-05, 3.25706741933e-06, 5.50606955585e-06, 2.00744989343e-06, 1.83673751053e-06, 3.46501155946e-06, 3.03129172607e-06, 2.51687606578e-06, 2.70510236078e-06, 4.38007646153e-07, 1.93330592424e-07, 1.64297503602e-07, 1.37186475513e-07, 9.49409084683e-08, 1.16697663088e-07, 9.5040711301e-08, 4.66188758708e-08, 1.43370172623e-07, 2.69460855407e-07, 2.25701711543e-07, 1.19252490549e-07, 5.97509028921e-08, 9.9761710004e-09, 1.69537625448e-14, 1.83064830289e-17],
        "dvar2": [7.95883181581e-08, 0.000659390934743, 6.20380596956e-05, 8.91900799616e-06, 1.54165991262e-05, 5.53242171009e-06, 5.36639481652e-06, 8.58578368934e-06, 8.05384570413e-06, 6.87543433742e-06, 7.29693920221e-06, 1.15422824365e-06, 5.15064812134e-07, 4.43332169198e-07, 3.7202514136e-07, 2.41674882773e-07, 2.92227099408e-07, 2.46267518378e-07, 1.24536811086e-07, 4.02683582479e-07, 7.38028177238e-07, 5.66649021039e-07, 2.69531852837e-07, 1.29701462015e-07, 2.17469757757e-08, 4.5119869619e-14, 5.41992791757e-17],
        "max": [0.00138047803193, 0.115951120853, 0.0558494962752, 0.0154049945995, 0.0270297750831, 0.0284765399992, 0.0144735947251, 0.0286979749799, 0.0249217301607, 0.0216299276799, 0.0268567111343, 0.0129087697715, 0.00731765665114, 0.00769517850131, 0.00638075172901, 0.00561701878905, 0.0080379601568, 0.00419123610482, 0.00308845448308, 0.00388956768438, 0.00432243617252, 0.00395588343963, 0.00326845864765, 0.00309138325974, 0.00163157249335, 1.81335292382e-06, 1.2410242789e-07],
        "mean": [0.000130316926516, 0.0150689827278, 0.00315181026235, 0.00123447400983, 0.00251183146611, 0.00148511712905, 0.00150185648818, 0.00179196917452, 0.00178160413634, 0.00164430215955, 0.00118241156451, 0.00062456598971, 0.000441089854576, 0.000474436645163, 0.00045395293273, 0.000371766043827, 0.000391343113733, 0.000472933723358, 0.000319229817251, 0.000363188912161, 0.000463934062282, 0.000508922734298, 0.000440734176664, 0.000376500189304, 0.000111515932076, 8.78875709986e-08, 1.00894459454e-09],
        "median": [5.94713019382e-05, 0.00948278047144, 0.00152561615687, 0.000600919360295, 0.00148686568718, 0.000844986003358, 0.000972519686911, 0.000940832658671, 0.000990273663774, 0.000881343439687, 0.000495706452057, 0.000322610780131, 0.000236678941292, 0.00027722195955, 0.000264757894911, 0.00020632208907, 0.000248092401307, 0.000310370262014, 0.000233756145462, 0.000250955665251, 0.00027206321829, 0.000255926250247, 0.000244796072366, 0.000229439974646, 6.30731956335e-05, 4.12561966812e-08, 2.9855987127e-10],
        "min": [1.39760969464e-09, 6.60985293166e-08, 1.21553007659e-08, 1.06237214581e-08, 9.06892427821e-09, 6.16748963012e-09, 2.12251389797e-08, 8.42180192251e-09, 2.02979890673e-08, 2.50238638699e-08, 1.55004737934e-08, 1.9905828097e-08, 2.42438913389e-09, 1.27040893361e-08, 1.20019523209e-08, 2.74575540082e-09, 1.5122076924e-09, 2.86835200036e-09, 3.01330893571e-09, 2.76468892224e-09, 2.82686452024e-09, 2.38693065313e-09, 2.77383493952e-09, 4.60683802217e-09, 7.33224814198e-10, 4.41725128697e-12, 3.9859795152e-12],
        "var": [3.24087707781e-08, 0.000271749449894, 2.51366800512e-05, 3.17579838338e-06, 8.67281050887e-06, 3.63995559383e-06, 2.83107692667e-06, 6.22674724582e-06, 5.60975786357e-06, 4.87349871037e-06, 4.95836320624e-06, 9.46884824771e-07, 3.62786067853e-07, 4.48851722012e-07, 3.6267411474e-07, 2.64395197291e-07, 2.73516150173e-07, 2.68557556637e-07, 1.04132794831e-07, 1.71725574205e-07, 3.25037632365e-07, 3.89397484923e-07, 2.73501058246e-07, 1.99308843207e-07, 2.50823308789e-08, 2.50785669493e-14, 1.06223936917e-17]
    },
    "erbbands": {
        "dmean": [0.187923356891, 2.5739569664, 3.58075118065, 3.12689256668, 4.34430932999, 5.67850112915, 5.09677410126, 8.84387111664, 13.7137737274, 17.743391037, 25.0678100586, 24.774389267, 29.7577438354, 23.5251922607, 26.4432029724, 11.7351484299, 10.1713418961, 10.9497680664, 11.7226228714, 11.7827854156, 8.94750881195, 9.88978672028, 11.198802948, 9.42196750641, 7.16837930679, 9.19431209564, 9.87262058258, 13.2063875198, 10.4525156021, 8.8805513382, 6.51846647263, 4.35565853119, 2.69784379005, 1.25459718704, 0.0974239185452, 0.00418870057911, 0.000214509112993, 3.00226602121e-05, 1.04279733932e-05, 1.49929019244e-05],
        "dmean2": [0.281078368425, 4.26397132874, 6.01366567612, 5.13084745407, 7.29535579681, 9.46304416656, 8.57978248596, 15.0592603683, 23.535282135, 29.653377533, 41.3656158447, 41.778503418, 50.4821166992, 38.9959907532, 44.5276107788, 19.4373264313, 16.576789856, 18.3069438934, 19.0698413849, 19.8350563049, 14.0381040573, 16.2513694763, 18.3477687836, 15.7115573883, 12.0665616989, 15.8920545578, 17.1088638306, 22.4503517151, 16.7378444672, 14.2520608902, 10.3039865494, 6.76220273972, 3.88908624649, 1.88440907001, 0.15290518105, 0.00648918468505, 0.00031985269743, 4.39276991528e-05, 1.61988118634e-05, 2.37019648921e-05],
        "dvar": [0.0427495390177, 17.9968833923, 53.7469215393, 31.6113529205, 47.421749115, 75.5949020386, 65.2495498657, 185.573257446, 370.982910156, 764.918579102, 2156.78930664, 1755.82470703, 2490.82202148, 1665.36071777, 3762.29907227, 634.94317627, 305.656188965, 280.374267578, 342.05960083, 355.675445557, 270.837585449, 294.043334961, 281.020172119, 177.541717529, 114.844062805, 258.993865967, 280.319091797, 631.950927734, 296.728729248, 214.089859009, 98.2191619873, 36.1984176636, 14.4136133194, 4.22720527649, 0.0210206117481, 3.91786343243e-05, 9.67284847775e-08, 1.7617552972e-09, 1.57266852319e-10, 3.48758327773e-10],
        "dvar2": [0.0983906239271, 51.8300743103, 140.680969238, 84.4971923828, 122.303726196, 209.809356689, 180.173568726, 541.74597168, 1051.21606445, 2070.15625, 5448.52246094, 4627.05810547, 6679.94433594, 4482.90234375, 10160.0498047, 1716.25183105, 806.656677246, 710.279052734, 907.650024414, 945.474914551, 666.135864258, 732.487487793, 738.011230469, 469.03527832, 307.498260498, 728.284362793, 769.166442871, 1720.9342041, 769.073730469, 532.797424316, 226.70300293, 85.4236679077, 27.4976463318, 9.15112400055, 0.047050666064, 8.70270523592e-05, 2.07946570185e-07, 3.78220521569e-09, 3.65512758949e-10, 9.08299491176e-10],
        "max": [2.08814120293, 30.8668327332, 65.0901870728, 56.9459114075, 109.324440002, 104.187896729, 156.106430054, 260.428863525, 307.876953125, 341.10458374, 997.404418945, 647.787719727, 745.737792969, 607.063354492, 1024.88757324, 617.725463867, 278.601318359, 322.582366943, 350.273345947, 296.454040527, 420.454864502, 432.201965332, 277.413146973, 160.740768433, 149.015686035, 166.407196045, 155.348617554, 192.951705933, 155.223007202, 132.491241455, 93.7640838623, 64.8605117798, 59.5333175659, 30.7253875732, 2.10860347748, 0.0924422964454, 0.00430616270751, 0.000507080869284, 0.000135667607537, 0.000170477826032],
        "mean": [0.359808534384, 3.61608958244, 4.17331027985, 4.82985877991, 5.62397909164, 8.47447109222, 8.77070236206, 13.424782753, 21.0472621918, 27.8122711182, 41.1049156189, 41.686050415, 50.250377655, 45.3729324341, 46.4961090088, 24.5593662262, 20.2224025726, 22.7045402527, 25.179058075, 23.3242168427, 20.5461997986, 21.5742378235, 25.1582126617, 20.0903091431, 15.7514839172, 16.9589042664, 17.0295658112, 20.1015110016, 18.3362560272, 15.4268980026, 12.3192472458, 8.65336418152, 5.78276777267, 2.38289117813, 0.174087017775, 0.00770473387092, 0.000435989379184, 6.42703744234e-05, 3.36823686666e-05, 4.85759737785e-05],
        "median": [0.249780938029, 2.18776345253, 1.88247799873, 2.8652472496, 2.84097719193, 4.74652910233, 5.30254173279, 7.584628582, 13.7129669189, 15.5759181976, 21.6690635681, 23.3446426392, 26.4676036835, 24.721446991, 19.5090103149, 13.1507854462, 11.0453195572, 14.0709123611, 15.4750185013, 13.8213768005, 11.8117036819, 13.9667882919, 16.6099090576, 14.1390972137, 11.7979164124, 11.7610864639, 11.2018880844, 10.3385944366, 9.37903022766, 7.81516075134, 6.86874055862, 5.35007238388, 3.41224455833, 1.3486495018, 0.106181874871, 0.00469832029194, 0.00026998584508, 4.05641003454e-05, 2.99440362141e-05, 4.50177722087e-05],
        "min": [2.18123432205e-06, 1.34031379275e-05, 1.76193207153e-05, 2.56990661001e-05, 3.93051632273e-05, 2.35417846852e-05, 3.95160604967e-05, 5.48756106582e-05, 0.000238688400714, 0.000310770556098, 0.000398286792915, 0.000483835290652, 0.000645581574645, 0.000381703750463, 0.000849397212733, 0.000907553650904, 0.000200254100491, 0.000467641279101, 0.000625493295956, 0.000540206383448, 0.000126007886138, 0.000107595937152, 0.000189754471648, 0.000234933977481, 0.000151185056893, 0.000135318710818, 0.000124254962429, 9.16288045119e-05, 0.000110062901513, 8.41818036861e-05, 7.42732154322e-05, 0.000104222584923, 6.13250595052e-05, 1.85896697076e-05, 1.00521231161e-06, 6.0568687843e-08, 9.92339277417e-09, 2.98022428957e-09, 8.87526108162e-10, 5.42944189608e-10],
        "var": [0.104163870215, 18.2761306763, 47.6858253479, 39.1366004944, 58.3107337952, 112.984970093, 129.347442627, 296.169281006, 572.692626953, 1217.18774414, 3701.70410156, 3064.11938477, 4661.29003906, 3565.00732422, 6978.95410156, 1435.71032715, 692.061218262, 829.15814209, 1039.67858887, 864.613464355, 830.055053711, 748.484191895, 778.517333984, 418.372375488, 249.781021118, 349.533172607, 384.332092285, 692.154907227, 503.745880127, 376.833557129, 213.387908936, 97.2841567993, 53.3966026306, 11.1276712418, 0.0513708777726, 9.97695533442e-05, 2.85522645527e-07, 5.55721335616e-09, 6.79232892153e-10, 1.13731501994e-09]
    },
    "gfcc": {
        "mean": [13.3952932358, 115.840065002, -132.787796021, 62.3195419312, -81.2992401123, 37.0498771667, -27.7764015198, 12.0283346176, -1.98193454742, -10.4032707214, 4.77429294586, -14.8353281021, 7.70542287827],
        "cov": [[6098.39404297, -1549.53125, -511.291442871, 382.797088623, -548.188049316, 69.3622207642, -410.321411133, 238.358352661, -275.699462891, 56.7989006042, -305.530303955, 71.6807174683, -112.820884705], [-1549.53125, 782.656982422, 95.5893859863, -230.313781738, 260.887023926, -56.7289085388, 166.05506897, -87.9138793945, 120.162704468, -65.4946212769, 126.294639587, -37.9477424622, 50.1840667725], [-511.291442871, 95.5893859863, 284.748626709, 24.4776668549, 41.4977149963, 52.4655647278, 12.448225975, -25.7542572021, 23.5407657623, 8.70910263062, 7.13517284393, -8.20603179932, 8.861079216], [382.797088623, -230.313781738, 24.4776668549, 190.141067505, -38.385761261, -16.4108257294, -32.4336891174, 1.52954280376, -14.8312892914, 29.4121189117, -31.9640827179, 6.01586055756, -4.56304740906], [-548.188049316, 260.887023926, 41.4977149963, -38.385761261, 164.350402832, 7.94073963165, 81.7327194214, -15.5513181686, 53.4613494873, -19.8650817871, 47.9615631104, -18.3568954468, 21.4708633423], [69.3622207642, -56.7289085388, 52.4655647278, -16.4108257294, 7.94073963165, 104.592346191, 18.3006324768, 22.1250801086, -20.1743965149, -3.45176792145, -15.0124311447, -1.32400166988, -10.4186134338], [-410.321411133, 166.05506897, 12.448225975, -32.4336891174, 81.7327194214, 18.3006324768, 122.088249207, 3.51348900795, 31.1363830566, -12.2948579788, 35.3421821594, -12.2565078735, 8.96741104126], [238.358352661, -87.9138793945, -25.7542572021, 1.52954280376, -15.5513181686, 22.1250801086, 3.51348900795, 86.3416061401, 21.875421524, 7.78961658478, -17.7377166748, 1.13366997242, -12.2736406326], [-275.699462891, 120.162704468, 23.5407657623, -14.8312892914, 53.4613494873, -20.1743965149, 31.1363830566, 21.875421524, 95.6044616699, 19.7338352203, 27.4088916779, -6.9853515625, 9.3049621582], [56.7989006042, -65.4946212769, 8.70910263062, 29.4121189117, -19.8650817871, -3.45176792145, -12.2948579788, 7.78961658478, 19.7338352203, 54.7609558105, 17.3349990845, 7.92576694489, 0.610405564308], [-305.530303955, 126.294639587, 7.13517284393, -31.9640827179, 47.9615631104, -15.0124311447, 35.3421821594, -17.7377166748, 27.4088916779, 17.3349990845, 73.947517395, 20.5702781677, 13.047911644], [71.6807174683, -37.9477424622, -8.20603179932, 6.01586055756, -18.3568954468, -1.32400166988, -12.2565078735, 1.13366997242, -6.9853515625, 7.92576694489, 20.5702781677, 39.9171485901, 13.2928647995], [-112.820884705, 50.1840667725, 8.861079216, -4.56304740906, 21.4708633423, -10.4186134338, 8.96741104126, -12.2736406326, 9.3049621582, 0.610405564308, 13.047911644, 13.2928647995, 34.7689781189]],
        "icov": [[0.000446125894086, -0.000188705147593, 0.000829312426504, -0.000866251182742, 0.00046529964311, -0.000779698311817, 0.000918724690564, -0.000893478631042, 0.000514560379088, -0.000204605777981, 0.000535645405762, -0.000372133683413, 0.000128763582325], [-0.000188705147593, 0.0249596145004, -0.00834774784744, 0.0214618369937, -0.0146546270698, 0.0166673678905, -0.00998984370381, 0.0141018349677, -0.0129520148039, 0.0187248401344, -0.0143417231739, 0.0130551336333, -0.00656687421724], [0.000829312426504, -0.00834774784744, 0.00911738816649, -0.0099742859602, 0.00588403316215, -0.011210382916, 0.00593752460554, -0.00333414622582, 0.00200970168225, -0.00529110245407, 0.00388413644396, -0.00255496124737, 0.000480278627947], [-0.000866251182742, 0.0214618369937, -0.0099742859602, 0.028278067708, -0.016777060926, 0.0201676655561, -0.0118138948455, 0.0140215605497, -0.00882722064853, 0.00689076632261, -0.00205050595105, 0.00316166761331, -0.00133238511626], [0.00046529964311, -0.0146546270698, 0.00588403316215, -0.016777060926, 0.0282403938472, -0.0168796982616, 0.00473857019097, -0.00840496458113, 0.000234719671425, 0.00291406852193, -0.00896523334086, 0.00992878526449, -0.00827166251838], [-0.000779698311817, 0.0166673678905, -0.011210382916, 0.0201676655561, -0.0168796982616, 0.0309820920229, -0.0130134429783, 0.00578820193186, -0.000311986281304, 0.00348430406302, 0.00214995839633, -0.00220820377581, 0.0040837530978], [0.000918724690564, -0.00998984370381, 0.00593752460554, -0.0118138948455, 0.00473857019097, -0.0130134429783, 0.0212257932872, -0.00986547674984, 0.00415615737438, -0.00092818721896, -0.00529292179272, 0.00483989622444, -0.00240639015101], [-0.000893478631042, 0.0141018349677, -0.00333414622582, 0.0140215605497, -0.00840496458113, 0.00578820193186, -0.00986547674984, 0.0291315130889, -0.0173661205918, 0.00780259305611, 0.00138822756708, -0.00192526576575, 0.00391516415402], [0.000514560379088, -0.0129520148039, 0.00200970168225, -0.00882722064853, 0.000234719671425, -0.000311986281304, 0.00415615737438, -0.0173661205918, 0.0299314074218, -0.0209261868149, 0.00880348496139, -0.00558307487518, 0.00244056573138], [-0.000204605777981, 0.0187248401344, -0.00529110245407, 0.00689076632261, 0.00291406852193, 0.00348430406302, -0.00092818721896, 0.00780259305611, -0.0209261868149, 0.0537804998457, -0.0380140952766, 0.0271174386144, -0.0146451070905], [0.000535645405762, -0.0143417231739, 0.00388413644396, -0.00205050595105, -0.00896523334086, 0.00214995839633, -0.00529292179272, 0.00138822756708, 0.00880348496139, -0.0380140952766, 0.0637624189258, -0.0506171137094, 0.0229499153793], [-0.000372133683413, 0.0130551336333, -0.00255496124737, 0.00316166761331, 0.00992878526449, -0.00220820377581, 0.00483989622444, -0.00192526576575, -0.00558307487518, 0.0271174386144, -0.0506171137094, 0.0749956518412, -0.0363645069301], [0.000128763582325, -0.00656687421724, 0.000480278627947, -0.00133238511626, -0.00827166251838, 0.0040837530978, -0.00240639015101, 0.00391516415402, 0.00244056573138, -0.0146451070905, 0.0229499153793, -0.0363645069301, 0.0515889041126]]
    },
    "melbands": {
        "dmean": [0.00233027338982, 0.00244621932507, 0.000505190808326, 0.000371014262782, 0.00019768634229, 0.00020029064035, 0.000206032200367, 0.000200992057216, 0.000212872109842, 0.000151115222252, 0.000152185093611, 0.00010050363926, 9.88959654933e-05, 4.26744845754e-05, 2.58050022239e-05, 2.48717369686e-05, 2.29269971896e-05, 2.111145659e-05, 1.77102374437e-05, 1.46173979374e-05, 1.11952158477e-05, 1.08970307338e-05, 1.17779945867e-05, 1.03830288936e-05, 8.16835017758e-06, 5.73497845835e-06, 5.73743454879e-06, 6.84863789502e-06, 6.66583400744e-06, 6.45634418106e-06, 8.66964910529e-06, 6.28383395451e-06, 5.67388542549e-06, 4.93018569614e-06, 4.29013016401e-06, 2.8187771477e-06, 2.73855630439e-06, 1.94152516997e-06, 1.80393760729e-06, 8.44680755563e-07],
        "dmean2": [0.00365773891099, 0.0040696579963, 0.000813040591311, 0.000616828387138, 0.000332674564561, 0.000340103724739, 0.000353179872036, 0.000332627416356, 0.000353532581357, 0.000255092454609, 0.000257960375166, 0.000167199323187, 0.000167427424458, 7.09395098966e-05, 4.20496871811e-05, 4.16589464294e-05, 3.85439925594e-05, 3.46991582774e-05, 2.97239075735e-05, 2.40973022301e-05, 1.74984088517e-05, 1.79454800673e-05, 1.95811971935e-05, 1.69914146682e-05, 1.37837432703e-05, 9.68436597759e-06, 9.89913405647e-06, 1.19304195323e-05, 1.15708753583e-05, 1.12563448056e-05, 1.47180780914e-05, 1.00835950434e-05, 9.40098561841e-06, 8.14985560282e-06, 6.90884962751e-06, 4.48231048722e-06, 4.31089256381e-06, 2.86455497189e-06, 2.69317297352e-06, 1.31068259179e-06],
        "dvar": [9.50998401095e-06, 2.14297779166e-05, 6.86360294821e-07, 3.18857217962e-07, 9.23519820617e-08, 9.14449813649e-08, 7.91831595848e-08, 9.7886456274e-08, 1.64468815456e-07, 6.61178631844e-08, 6.53494183211e-08, 3.10314796081e-08, 6.1310409194e-08, 6.04593486386e-09, 2.86943047101e-09, 2.10544470747e-09, 1.30399457898e-09, 1.16721765586e-09, 8.82783068867e-10, 5.95722859931e-10, 4.66738259153e-10, 4.51243875599e-10, 3.44652445472e-10, 2.19293305737e-10, 1.37075281681e-10, 6.94618737529e-11, 7.55474224845e-11, 1.60355187462e-10, 1.35861058514e-10, 1.2558526441e-10, 2.73674111151e-10, 1.02678636427e-10, 8.49054507257e-11, 6.14021750112e-11, 4.44396151822e-11, 1.55995563689e-11, 1.49842516867e-11, 8.14595179505e-12, 7.50801157356e-12, 2.1754865704e-12],
        "dvar2": [2.58910331468e-05, 5.87711838307e-05, 1.76145476871e-06, 8.58535031512e-07, 2.57160053252e-07, 2.5951499083e-07, 2.29088811921e-07, 2.60220048176e-07, 4.23281704798e-07, 1.74300240019e-07, 1.75920874312e-07, 8.37139637611e-08, 1.65109327099e-07, 1.59277018241e-08, 7.74323449804e-09, 5.80514525339e-09, 3.33354144288e-09, 3.13757508863e-09, 2.42504483161e-09, 1.50411971767e-09, 1.13088594045e-09, 1.10106812556e-09, 9.28613963502e-10, 5.61374224883e-10, 3.66754460135e-10, 1.84633516809e-10, 2.08436129467e-10, 4.51032128312e-10, 3.75183994983e-10, 3.46964207365e-10, 7.43426709082e-10, 2.62452309885e-10, 2.23853657833e-10, 1.48107165421e-10, 1.04738287487e-10, 3.57597562672e-11, 3.64065826097e-11, 1.6013933235e-11, 1.55432576532e-11, 4.94144005228e-12],
        "max": [0.0251083783805, 0.0309077445418, 0.0083746612072, 0.00747208716348, 0.00486466428265, 0.00569036230445, 0.00403662305325, 0.00427806470543, 0.00937477406114, 0.00392329320312, 0.00373761611991, 0.00249220640399, 0.0041788793169, 0.00111252767965, 0.00113134540152, 0.000876370526385, 0.000745263590943, 0.000580663734581, 0.000401827011956, 0.000522280926816, 0.000544115900993, 0.000582896231208, 0.000264707196038, 0.000191185143194, 0.000138592396979, 0.00012498513388, 8.01592686912e-05, 0.000140595089761, 0.000115802773507, 0.000104316306533, 0.000136672300869, 8.98670623428e-05, 8.00465495558e-05, 7.28084196453e-05, 6.32947412669e-05, 3.94390663132e-05, 5.03253177158e-05, 4.54267246823e-05, 4.26584301749e-05, 2.22388516704e-05],
        "mean": [0.00394498091191, 0.00325073348358, 0.000824960821774, 0.00052487035282, 0.000341036124155, 0.000310282222927, 0.000321103667375, 0.000320143532008, 0.000342347222613, 0.000253488076851, 0.000251511606621, 0.000183592841495, 0.000164521392435, 8.4506435087e-05, 4.74783664686e-05, 4.3354164518e-05, 4.28196362918e-05, 4.1614726797e-05, 3.39119069395e-05, 2.77063463727e-05, 2.34971721511e-05, 2.19245957851e-05, 2.33201117226e-05, 2.22905564442e-05, 1.57389386004e-05, 1.17017680168e-05, 1.09336924652e-05, 1.15043721962e-05, 1.058988164e-05, 1.05849785541e-05, 1.22000046758e-05, 1.06899615275e-05, 9.08419951884e-06, 8.34242655401e-06, 7.42821430322e-06, 5.7316992752e-06, 5.07182357978e-06, 4.19311163569e-06, 3.348769269e-06, 1.53415760451e-06],
        "median": [0.00262520695105, 0.00178458844312, 0.000494872569107, 0.000276991690043, 0.00020489563758, 0.000177821377292, 0.000212974875467, 0.000178719448741, 0.000182944349945, 0.000142580640386, 0.000127504856209, 9.62601334322e-05, 6.70720692142e-05, 4.22290249844e-05, 2.29504294111e-05, 2.43530412263e-05, 2.47362022492e-05, 2.34692797676e-05, 1.94663389266e-05, 1.5646828615e-05, 1.25615542856e-05, 1.35586769829e-05, 1.49796132973e-05, 1.47906221173e-05, 1.06463839984e-05, 8.49241041578e-06, 7.83861014497e-06, 7.58463238526e-06, 6.90401247994e-06, 6.0568322624e-06, 6.17105979472e-06, 5.39221491636e-06, 4.59193324787e-06, 4.09540734836e-06, 3.94211019739e-06, 3.48040066456e-06, 3.06045149046e-06, 2.44749639933e-06, 1.88342551155e-06, 8.66711445724e-07],
        "min": [1.92541005362e-08, 1.25573569321e-08, 5.02535701941e-09, 2.30238739185e-09, 1.24094323706e-09, 1.27075738821e-09, 3.81881726241e-09, 2.93932522766e-09, 4.75790562504e-09, 2.89643309337e-09, 3.04786351712e-09, 1.39252298581e-09, 2.29093100046e-09, 2.29459962142e-09, 9.14611941738e-10, 2.32482089135e-10, 9.808195367e-10, 1.06708941683e-09, 8.68820237976e-10, 4.10271733253e-10, 9.03356556226e-11, 6.97802163274e-11, 2.40549885566e-10, 7.95749577343e-11, 1.94367938411e-10, 1.17661144716e-10, 1.11657509627e-10, 7.65253277413e-11, 8.11390885036e-11, 6.26642696067e-11, 4.9021196824e-11, 5.93756085965e-11, 4.94479283908e-11, 4.80946948933e-11, 4.01158724295e-11, 4.86713447323e-11, 6.81490419652e-11, 4.86341487915e-11, 2.5631640907e-11, 1.20753953711e-11],
        "var": [1.49908019011e-05, 1.95203701878e-05, 9.50262460719e-07, 4.43108007175e-07, 1.81630994689e-07, 1.54379776518e-07, 1.24491236875e-07, 1.62020839412e-07, 2.6951494192e-07, 1.16958489116e-07, 1.20886440413e-07, 6.13532833427e-08, 1.06612915829e-07, 1.51255186154e-08, 6.03735328397e-09, 3.49804851751e-09, 3.60583962689e-09, 3.19165094353e-09, 2.03523931042e-09, 1.4560829209e-09, 1.32230260075e-09, 1.01382868767e-09, 7.76247843781e-10, 6.11508288451e-10, 2.78332329406e-10, 1.5335059611e-10, 1.30915778218e-10, 1.86454837681e-10, 1.63757452043e-10, 1.67558758535e-10, 2.81121070866e-10, 1.77498002407e-10, 1.28558094725e-10, 1.14620112013e-10, 8.40094105392e-11, 4.09536918267e-11, 3.71370052765e-11, 2.87257006376e-11, 2.12488204115e-11, 4.99355157918e-12]
    },
    "mfcc": {
        "mean": [-603.789855957, 108.020385742, 18.9246807098, 17.1921157837, -0.656426250935, 9.89380836487, 2.45043706894, 13.1407022476, 6.74030828476, 8.87660121918, 3.25562334061, 4.46744632721, 0.380388468504],
        "cov": [[6665.24316406, -1812.56347656, -201.639312744, 2.57458734512, -164.071655273, -261.615966797, -190.527328491, -52.392868042, -1.74941217899, -100.792312622, -19.0744419098, -98.7987976074, -220.057510376], [-1812.56347656, 971.651306152, -73.814453125, -80.6597900391, 69.1684036255, 58.5632972717, 73.5012741089, 53.6105003357, -5.42958784103, 40.0071792603, 2.07450318336, 31.241350174, 69.4939422607], [-201.639312744, -73.814453125, 243.496902466, 10.9325752258, 31.4675312042, 44.8341369629, -7.85735082626, -15.4885063171, 6.34894657135, -4.11064243317, 0.27655428648, -7.58432912827, 6.62281084061], [2.57458734512, -80.6597900391, 10.9325752258, 160.870300293, 9.80753421783, 10.5237598419, -18.6152019501, -25.5836448669, 3.83886265755, 6.2502913475, 0.844756782055, 10.5946111679, 6.76736354828], [-164.071655273, 69.1684036255, 31.4675312042, 9.80753421783, 82.0040206909, 20.625617981, -2.10322284698, 8.76167106628, 9.25464248657, 15.4346914291, 1.82131588459, 2.47462558746, 9.3944234848], [-261.615966797, 58.5632972717, 44.8341369629, 10.5237598419, 20.625617981, 82.7434921265, 39.5953674316, -0.298953860998, -2.89313077927, 6.07834529877, 0.668794035912, -7.2033200264, 3.59030032158], [-190.527328491, 73.5012741089, -7.85735082626, -18.6152019501, -2.10322284698, 39.5953674316, 88.3414001465, 31.5796794891, -0.00207059830427, -0.313343018293, 4.20417737961, -4.03484249115, 2.60464167595], [-52.392868042, 53.6105003357, -15.4885063171, -25.5836448669, 8.76167106628, -0.298953860998, 31.5796794891, 67.4750747681, 26.5617408752, 9.99819087982, 6.04229927063, 3.15971851349, 5.20471954346], [-1.74941217899, -5.42958784103, 6.34894657135, 3.83886265755, 9.25464248657, -2.89313077927, -0.00207059830427, 26.5617408752, 60.415271759, 29.0784873962, 7.67471837997, 1.60106039047, -1.43614971638], [-100.792312622, 40.0071792603, -4.11064243317, 6.2502913475, 15.4346914291, 6.07834529877, -0.313343018293, 9.99819087982, 29.0784873962, 52.8256645203, 22.406457901, 4.35863685608, 4.41318798065], [-19.0744419098, 2.07450318336, 0.27655428648, 0.844756782055, 1.82131588459, 0.668794035912, 4.20417737961, 6.04229927063, 7.67471837997, 22.406457901, 46.5491065979, 22.3324069977, 3.53030204773], [-98.7987976074, 31.241350174, -7.58432912827, 10.5946111679, 2.47462558746, -7.2033200264, -4.03484249115, 3.15971851349, 1.60106039047, 4.35863685608, 22.3324069977, 50.1300926208, 26.0283412933], [-220.057510376, 69.4939422607, 6.62281084061, 6.76736354828, 9.3944234848, 3.59030032158, 2.60464167595, 5.20471954346, -1.43614971638, 4.41318798065, 3.53030204773, 26.0283412933, 51.8840332031]],
