{
"lowlevel": {
    "average_loudness": 0.963307201862,
    "barkbands_crest": {
        "dmean": 4.90596389771,
        "dmean2": 8.48421955109,
        "dvar": 12.9158992767,
        "dvar2": 35.3562011719,
        "max": 22.4012069702,
        "mean": 9.71919727325,
        "median": 8.64875030518,
        "min": 2.52936840057,
        "var": 19.1809959412
    },
    "barkbands_flatness_db": {
        "dmean": 0.0233538877219,
        "dmean2": 0.040721334517,
        "dvar": 0.000317999889376,
        "dvar2": 0.000935834133998,
        "max": 0.222823664546,
        "mean": 0.116798914969,
        "median": 0.11287856847,
        "min": 0.0670942515135,
        "var": 0.000480726012029
    },
    "barkbands_kurtosis": {
        "dmean": 1.17814207077,
        "dmean2": 2.05595946312,
        "dvar": 1.88723468781,
        "dvar2": 5.14492559433,
        "max": 16.4036579132,
        "mean": -0.211742207408,
        "median": -0.734887361526,
        "min": -1.68546581268,
        "var": 2.30997228622
    },
    "barkbands_skewness": {
        "dmean": 0.552162110806,
        "dmean2": 0.903949737549,
        "dvar": 0.172035500407,
        "dvar2": 0.478825360537,
        "max": 4.13175725937,
        "mean": 0.890756547451,
        "median": 0.820568323135,
        "min": -0.997907936573,
        "var": 0.340181171894
    },
    "barkbands_spread": {
        "dmean": 8.3340587616,
        "dmean2": 14.0138254166,
        "dvar": 41.6777572632,
        "dvar2": 119.271965027,
        "max": 78.0257110596,
        "mean": 45.6912078857,
        "median": 46.3524017334,
        "min": 5.52692842484,
        "var": 88.2999649048
    },
    "dissonance": {
        "dmean": 0.00572949973866,
        "dmean2": 0.00996746867895,
        "dvar": 2.44899110839e-05,
        "dvar2": 6.8263769208e-05,
        "max": 0.500000119209,
        "mean": 0.491800785065,
        "median": 0.493142008781,
        "min": 0.442597448826,
        "var": 3.32328818331e-05
    },
    "dynamic_complexity": 0.672424852848,
    "erbbands_crest": {
        "dmean": 1.51181089878,
        "dmean2": 2.61204218864,
        "dvar": 1.91025567055,
        "dvar2": 5.50423955917,
        "max": 19.1467380524,
        "mean": 5.50382566452,
        "median": 5.02093744278,
        "min": 2.48340415955,
        "var": 3.89102196693
    },
    "erbbands_flatness_db": {
        "dmean": 0.00815033353865,
        "dmean2": 0.0132436975837,
        "dvar": 4.33599161624e-05,
        "dvar2": 0.000109350527055,
        "max": 0.279948562384,
        "mean": 0.147630497813,
        "median": 0.145785436034,
        "min": 0.107888512313,
        "var": 0.000293397344649
    },
    "erbbands_kurtosis": {
        "dmean": 0.444421261549,
        "dmean2": 0.763412952423,
        "dvar": 0.154284253716,
        "dvar2": 0.423568606377,
        "max": 8.65945148468,
        "mean": 0.192918464541,
        "median": 0.105569601059,
        "min": -1.30924892426,
        "var": 0.634784460068
    },
    "erbbands_skewness": {
        "dmean": 0.207774564624,
        "dmean2": 0.353935211897,
        "dvar": 0.0276813432574,
        "dvar2": 0.078547231853,
        "max": 2.61184000969,
        "mean": -0.382572859526,
        "median": -0.388246208429,
        "min": -1.39545047283,
        "var": 0.132572844625
    },
    "erbbands_spread": {
        "dmean": 5.68819713593,
        "dmean2": 9.65949630737,
        "dvar": 22.0491256714,
        "dvar2": 60.9224090576,
        "max": 79.4102172852,
        "mean": 40.6056900024,
        "median": 39.7910575867,
        "min": 8.64374923706,
        "var": 86.8119125366
    },
    "hfc": {
        "dmean": 12.595536232,
        "dmean2": 23.0263614655,
        "dvar": 104.10068512,
        "dvar2": 295.939880371,
        "max": 111.684837341,
        "mean": 57.5786819458,
        "median": 56.9443359375,
        "min": 0.000890215625986,
        "var": 226.138626099
    },
    "melbands_crest": {
        "dmean": 4.41105270386,
        "dmean2": 7.54308319092,
        "dvar": 9.60176372528,
        "dvar2": 28.3308258057,
        "max": 27.2253417969,
        "mean": 14.6447973251,
        "median": 14.5542163849,
        "min": 3.23163795471,
        "var": 15.5005636215
    },
    "melbands_flatness_db": {
        "dmean": 0.0360195934772,
        "dmean2": 0.0596908628941,
        "dvar": 0.000646787695587,
        "dvar2": 0.00183300545905,
        "max": 0.266937613487,
        "mean": 0.130221128464,
        "median": 0.127069085836,
        "min": 0.0276248250157,
        "var": 0.00118508131709
    },
    "melbands_kurtosis": {
        "dmean": 5.70787334442,
        "dmean2": 9.74542617798,
        "dvar": 34.7281417847,
        "dvar2": 95.0253295898,
        "max": 87.3894577026,
        "mean": 7.65829753876,
        "median": 5.85020256042,
        "min": -1.13599824905,
        "var": 45.5252952576
    },
    "melbands_skewness": {
        "dmean": 0.872656822205,
        "dmean2": 1.44956552982,
        "dvar": 0.464261382818,
        "dvar2": 1.28038144112,
        "max": 8.70003890991,
        "mean": 2.56681203842,
        "median": 2.44817328453,
        "min": -0.0685966983438,
        "var": 0.913618087769
    },
    "melbands_spread": {
        "dmean": 15.8523159027,
        "dmean2": 25.5867462158,
        "dvar": 124.268844604,
        "dvar2": 345.35647583,
        "max": 122.719329834,
        "mean": 42.4303359985,
        "median": 41.3186759949,
        "min": 5.92051887512,
        "var": 287.211334229
    },
    "pitch_salience": {
        "dmean": 0.118628576398,
        "dmean2": 0.203727096319,
        "dvar": 0.00817359331995,
        "dvar2": 0.0234949029982,
        "max": 0.8256316185,
        "mean": 0.583132207394,
        "median": 0.603521108627,
        "min": 0.165910825133,
        "var": 0.011805976741
    },
    "silence_rate_20dB": {
        "dmean": 0,
        "dmean2": 0,
        "dvar": 0,
        "dvar2": 0,
        "max": 1,
        "mean": 1,
        "median": 1,
        "min": 1,
        "var": 0
    },
    "silence_rate_30dB": {
        "dmean": 0.00464755995199,
        "dmean2": 0.00929872132838,
        "dvar": 0.00462595000863,
        "dvar2": 0.0107616176829,
        "max": 1,
        "mean": 0.994192779064,
        "median": 1,
        "min": 0,
        "var": 0.00577324815094
    },
    "silence_rate_60dB": {
        "dmean": 0.000774593325332,
        "dmean2": 0.00154978688806,
        "dvar": 0.000773989362642,
        "dvar2": 0.00154736742843,
        "max": 1,
        "mean": 0.00735578779131,
        "median": 0,
        "min": 0,
        "var": 0.00730192800984
    },
    "spectral_centroid": {
        "dmean": 246.417114258,
        "dmean2": 415.533508301,
        "dvar": 36045.1445312,
        "dvar2": 101855.4375,
        "max": 3529.58300781,
        "mean": 2403.89746094,
        "median": 2408.33105469,
        "min": 822.510314941,
        "var": 91266.7109375
    },
    "spectral_complexity": {
        "dmean": 3.94500398636,
        "dmean2": 6.75939559937,
        "dvar": 9.45709514618,
        "dvar2": 26.9994430542,
        "max": 63,
        "mean": 47.566783905,
        "median": 49,
        "min": 0,
        "var": 56.6103057861
    },
    "spectral_decrease": {
        "dmean": 4.06604838687e-09,
        "dmean2": 6.77351685852e-09,
        "dvar": 1.25643275655e-17,
        "dvar2": 3.39565615474e-17,
        "max": -2.20829241395e-13,
        "mean": -1.23610073288e-08,
        "median": -1.16437144371e-08,
        "min": -3.76187365703e-08,
        "var": 2.31959691364e-17
    },
    "spectral_energy": {
        "dmean": 0.0152234183624,
        "dmean2": 0.0254642087966,
        "dvar": 0.000173703345354,
        "dvar2": 0.000472869403893,
        "max": 0.146044269204,
        "mean": 0.0518758967519,
        "median": 0.049586866051,
        "min": 9.1420474746e-07,
        "var": 0.000336379365763
    },
    "spectral_energyband_high": {
        "dmean": 0.00175044126809,
        "dmean2": 0.00319761037827,
        "dvar": 2.13206021726e-06,
        "dvar2": 5.91057778365e-06,
        "max": 0.0123511375859,
        "mean": 0.00439753336832,
        "median": 0.00407852744684,
        "min": 6.61023307202e-08,
        "var": 3.39393477589e-06
    },
    "spectral_energyband_low": {
        "dmean": 0.0167443454266,
        "dmean2": 0.0286470633,
        "dvar": 0.000214863408473,
        "dvar2": 0.000589512113947,
        "max": 0.119581721723,
        "mean": 0.025693366304,
        "median": 0.0218419525772,
        "min": 4.85669772843e-07,
        "var": 0.000302792032016
    },
    "spectral_energyband_middle_high": {
        "dmean": 0.00212364597246,
        "dmean2": 0.00358847388998,
        "dvar": 3.06753236146e-06,
        "dvar2": 8.80088282429e-06,
        "max": 0.0299428552389,
        "mean": 0.0132657950744,
        "median": 0.013416823931,
        "min": 2.5617040933e-07,
        "var": 1.76246758201e-05
    },
    "spectral_energyband_middle_low": {
        "dmean": 0.00459588551894,
        "dmean2": 0.00799964554608,
        "dvar": 2.03986255656e-05,
        "dvar2": 5.94191915297e-05,
        "max": 0.0749149993062,
        "mean": 0.0102622294798,
        "median": 0.00901812594384,
        "min": 1.04323163441e-07,
        "var": 4.01232755394e-05
    },
    "spectral_entropy": {
        "dmean": 0.0630914643407,
        "dmean2": 0.10535890609,
        "dvar": 0.00237086950801,
        "dvar2": 0.00642431806773,
        "max": 8.58816337585,
        "mean": 8.16586494446,
        "median": 8.16910648346,
        "min": 7.77504777908,
        "var": 0.00620230054483
    },
    "spectral_flux": {
        "dmean": 0.025744786486,
        "dmean2": 0.0427629798651,
        "dvar": 0.000492103630677,
        "dvar2": 0.00122628663667,
        "max": 0.290480345488,
        "mean": 0.139164596796,
        "median": 0.136406421661,
        "min": 0.000956140574999,
        "var": 0.00104264600668
    },
    "spectral_kurtosis": {
        "dmean": 0.642583668232,
        "dmean2": 1.14215779305,
        "dvar": 0.281901210546,
        "dvar2": 0.893224179745,
        "max": 6.49414825439,
        "mean": 1.1683267355,
        "median": 1.07148265839,
        "min": -0.166259765625,
        "var": 0.417356967926
    },
    "spectral_rms": {
        "dmean": 0.00101905246265,
        "dmean2": 0.00168925873004,
        "dvar": 6.6127216769e-07,
        "dvar2": 1.80223560164e-06,
        "max": 0.0119365910068,
        "mean": 0.0069864904508,
        "median": 0.00695538846776,
        "min": 2.98648137687e-05,
        "var": 1.79948267487e-06
    },
    "spectral_rolloff": {
        "dmean": 1192.95776367,
        "dmean2": 1961.33044434,
        "dvar": 734673.3125,
        "dvar2": 2085061,
        "max": 6890.625,
        "mean": 2750.82275391,
        "median": 2648.58398438,
        "min": 107.666015625,
        "var": 1419431.25
    },
    "spectral_skewness": {
        "dmean": 0.146711871028,
        "dmean2": 0.262593507767,
        "dvar": 0.0126436157152,
        "dvar2": 0.0384047552943,
        "max": 2.2862329483,
        "mean": 0.813555955887,
        "median": 0.80829679966,
        "min": 0.374265044928,
        "var": 0.0214074887335
    },
    "spectral_spread": {
        "dmean": 253671.015625,
        "dmean2": 417654.6875,
        "dvar": 70624174080,
        "dvar2": 136600846336,
        "max": 13760822,
        "mean": 4491383.5,
        "median": 4477217.5,
        "min": 3052309.75,
        "var": 191698583552
    },
    "spectral_strongpeak": {
        "dmean": 0.213621526957,
        "dmean2": 0.371823489666,
        "dvar": 0.119819834828,
        "dvar2": 0.355590075254,
        "max": 6.21689128876,
        "mean": 0.37889072299,
        "median": 0.305015444756,
        "min": 0,
        "var": 0.131477966905
    },
    "zerocrossingrate": {
        "dmean": 0.0131315886974,
        "dmean2": 0.0174358598888,
        "dvar": 9.60461402428e-05,
        "dvar2": 0.000160665076692,
        "max": 0.19189453125,
        "mean": 0.0906016007066,
        "median": 0.08984375,
        "min": 0.03564453125,
        "var": 0.000410770328017
    },
    "barkbands": {
        "dmean": [0.000317444035318, 0.0165093168616, 0.00311956205405, 0.00201506447047, 0.00357400835492, 0.000355664815288, 0.00033046369208, 0.000314864271786, 0.000576560734771, 0.000637023302261, 0.000353420939064, 0.000973820104264, 0.00090902420925, 0.000567260954995, 0.000568035524338, 0.000546500785276, 0.000402289704653, 0.00036254254519, 0.00052034703549, 0.000299411389278, 0.0005945203593, 0.000728134124074, 0.000364281295333, 0.000186770848813, 5.27217271156e-05, 5.32144888155e-08, 2.82103052029e-09],
        "dmean2": [0.000470898899948, 0.0288085285574, 0.00517045380548, 0.00347247626632, 0.00612948834896, 0.000623831292614, 0.000585713773035, 0.000546368653886, 0.000980181153864, 0.00108972820453, 0.000592417782173, 0.00167759333272, 0.00153160525952, 0.000984593993053, 0.000970551045612, 0.000936089723837, 0.000696534407325, 0.000630234833807, 0.00090342387557, 0.000516496307682, 0.00111134257168, 0.00127691996749, 0.000634987081867, 0.000316674122587, 8.63251771079e-05, 8.97300367342e-08, 5.24155518988e-09],
        "dvar": [1.37806893008e-07, 0.000230955323786, 1.00092747743e-05, 4.74516627946e-06, 1.54830140673e-05, 2.87923484166e-07, 2.15976726281e-07, 1.39794067877e-07, 5.60293869967e-07, 6.93604363278e-07, 2.06647300161e-07, 1.42833187056e-06, 1.02940191482e-06, 3.45903629295e-07, 3.20356150496e-07, 2.86427592755e-07, 1.46148153135e-07, 9.49001162098e-08, 1.88716427374e-07, 6.38590194058e-08, 2.34472679495e-07, 4.73893322805e-07, 1.12346263847e-07, 3.91102545905e-08, 4.55678428324e-09, 3.93828095881e-15, 5.34010366497e-17],
        "dvar2": [3.13082381354e-07, 0.000618867401499, 2.52541722148e-05, 1.35900309033e-05, 4.34820758528e-05, 8.69279631388e-07, 5.96092036176e-07, 3.80115949383e-07, 1.50013238454e-06, 1.95038978745e-06, 5.87076442571e-07, 4.26296310252e-06, 2.85714190795e-06, 1.00084298538e-06, 9.00747181731e-07, 7.94807476723e-07, 4.12587894516e-07, 2.74712675719e-07, 5.4066561006e-07, 1.83651465591e-07, 6.85725751737e-07, 1.29804288918e-06, 3.09962558731e-07, 1.02883518593e-07, 1.14677574103e-08, 1.05009884726e-14, 1.57522889254e-16],
        "max": [0.00684702023864, 0.109103620052, 0.0251629371196, 0.0193932019174, 0.0610964074731, 0.00787034444511, 0.00669583911076, 0.00437827687711, 0.00812432449311, 0.00969819352031, 0.00514307431877, 0.0170124210417, 0.0131221627817, 0.00717045692727, 0.00927472487092, 0.00870751496404, 0.00554685574025, 0.00343272020109, 0.00473080808297, 0.00248669134453, 0.00392763828859, 0.00660089403391, 0.00328995916061, 0.00335508910939, 0.0011676257709, 7.17774412351e-07, 1.5784010543e-07],
        "mean": [0.000415965972934, 0.0194361340255, 0.00433137640357, 0.00258996733464, 0.00486932788044, 0.000551831675693, 0.000460395676782, 0.000429710489698, 0.000973049434833, 0.00113692716695, 0.000617601850536, 0.00192337320186, 0.00207484979182, 0.00117334979586, 0.00125314667821, 0.00128092069644, 0.000984314712696, 0.000946797372308, 0.00154622644186, 0.000825753959361, 0.00115181191359, 0.00133633764926, 0.000849717995152, 0.000576536578592, 0.00014038576046, 1.0375934778e-07, 2.12439510427e-09],
        "median": [0.000224831732339, 0.0145174926147, 0.00327114388347, 0.00189730722923, 0.0037095232401, 0.000357069278834, 0.000288608134724, 0.000288219482172, 0.000662224425469, 0.000709158775862, 0.000411139510106, 0.0013956913026, 0.00153194484301, 0.000914170697797, 0.00107828073669, 0.00113168172538, 0.000899535487406, 0.000902853789739, 0.0014907681616, 0.000793509767391, 0.00104243832175, 0.0011663865298, 0.00075803976506, 0.000513416074682, 0.000127007762785, 8.55089368201e-08, 8.46995307224e-10],
        "min": [2.32150454416e-09, 3.57269499318e-07, 4.86416134038e-08, 3.66671812913e-08, 4.03518392034e-08, 1.96773903838e-08, 2.3886030931e-09, 3.02493985416e-09, 1.94610128013e-09, 2.34547004041e-09, 6.50573150907e-09, 9.70936113731e-08, 3.9691705922e-08, 1.73691176997e-08, 6.34381569498e-09, 4.39377334516e-09, 9.20959841721e-09, 1.03297814746e-08, 2.87064949589e-08, 1.73449308249e-08, 1.97723899475e-08, 1.70925034126e-08, 1.29788908509e-08, 7.5212769346e-09, 6.14332640314e-10, 4.04743252802e-12, 5.89291115904e-12],
        "var": [3.39732508792e-07, 0.000284163688775, 1.32128925543e-05, 5.79886591368e-06, 1.93156374735e-05, 5.44481792986e-07, 3.13472696689e-07, 2.08111160305e-07, 1.06425034119e-06, 1.51412314153e-06, 3.84339926995e-07, 3.42369139616e-06, 3.25504879584e-06, 7.97822565346e-07, 6.2209733187e-07, 5.43854298485e-07, 2.52548915114e-07, 1.53647988554e-07, 3.47735152673e-07, 1.05276406259e-07, 2.93248689331e-07, 5.89128262618e-07, 1.92674932009e-07, 1.0742829204e-07, 7.70981767317e-09, 6.42245961003e-15, 3.15470340539e-17]
    },
    "erbbands": {
        "dmean": [0.429898202419, 3.88100337982, 3.75285816193, 5.75052213669, 10.8234081268, 12.0221099854, 3.8389005661, 2.96804666519, 4.24957370758, 5.51290416718, 7.16753435135, 13.3421115875, 18.4721889496, 17.4616775513, 16.7000007629, 40.5706710815, 40.262676239, 26.2877864838, 26.3025093079, 28.910358429, 27.8644332886, 20.3383998871, 16.7212772369, 24.3613433838, 25.5793838501, 13.6753377914, 14.5146760941, 31.2561149597, 26.7047977448, 18.4871559143, 10.276309967, 4.87558364868, 3.09079027176, 1.05068671703, 0.0983954593539, 0.00414676079527, 0.000195211148821, 2.96324305964e-05, 1.0190778994e-05, 1.65883993759e-05],
        "dmean2": [0.738656461239, 6.82738399506, 6.13720417023, 9.85080432892, 18.8238697052, 21.0020427704, 6.65415239334, 5.20692873001, 7.48837375641, 9.61471176147, 12.4102640152, 22.5481586456, 31.0532951355, 29.9085903168, 28.0586490631, 70.4435806274, 67.9538421631, 45.3493652344, 45.2221260071, 49.6560211182, 47.5299453735, 35.1848373413, 29.2133522034, 41.5912475586, 44.2191162109, 23.7296104431, 25.8408355713, 58.8603363037, 46.0999641418, 33.668674469, 17.6570186615, 8.34060955048, 5.25283575058, 1.71416425705, 0.160835966468, 0.00678131775931, 0.000323888816638, 5.02321890963e-05, 1.81973409781e-05, 2.84185025521e-05],
        "dvar": [0.165511906147, 12.7007665634, 10.5507183075, 38.6638946533, 124.071334839, 215.095596313, 32.9018135071, 18.6426258087, 46.7969856262, 44.5328788757, 73.2400360107, 321.883605957, 690.570373535, 511.904876709, 395.179840088, 2597.56323242, 2052.21264648, 841.656860352, 618.406982422, 946.838012695, 799.315673828, 357.38961792, 203.361221313, 406.3331604, 491.240753174, 139.930847168, 154.191864014, 694.299743652, 758.153686523, 228.229156494, 104.0729599, 23.1504478455, 13.3568515778, 1.67206037045, 0.0158543400466, 2.85564274236e-05, 5.27466106348e-08, 8.69568417272e-10, 7.43961142691e-11, 1.82163367723e-10],
        "dvar2": [0.435240536928, 34.60131073, 24.5427188873, 105.6199646, 354.407653809, 614.259765625, 88.6756668091, 54.9970932007, 131.561309814, 122.102882385, 196.519363403, 851.171569824, 1883.8729248, 1480.07531738, 1085.25231934, 7698.88037109, 5753.00048828, 2442.98632812, 1714.15026855, 2608.52954102, 2221.76782227, 1031.77270508, 600.093566895, 1209.55908203, 1440.75939941, 401.961395264, 448.419799805, 2018.21691895, 2066.95092773, 667.762512207, 284.874694824, 60.6279830933, 36.8427734375, 4.19371032715, 0.0408225208521, 7.30758838472e-05, 1.30738285975e-07, 2.24478502453e-09, 2.20286830444e-10, 5.16745368717e-10],
        "max": [3.840239048, 28.4574661255, 26.3704166412, 57.3964805603, 112.068122864, 254.222442627, 139.153167725, 67.7970962524, 105.516731262, 115.889633179, 105.070045471, 226.857284546, 354.874237061, 275.985076904, 371.583740234, 634.368408203, 601.52532959, 400.926818848, 296.021270752, 683.213317871, 555.829467773, 227.619888306, 143.066726685, 197.805465698, 244.756790161, 112.741333008, 105.041625977, 210.45161438, 250.859725952, 130.679946899, 104.142059326, 67.1708374023, 71.5974121094, 23.2412891388, 2.36276388168, 0.105751082301, 0.00436701439321, 0.000467263045721, 0.000131270993734, 0.000168641505297],
        "mean": [0.496050447226, 4.42952060699, 6.11522817612, 7.8847155571, 14.6310310364, 15.2013130188, 6.27129650116, 4.47976303101, 6.03518629074, 7.71287107468, 11.0441522598, 22.3171405792, 33.3745536804, 31.2860794067, 35.6461524963, 86.5697784424, 97.541519165, 63.7950897217, 61.7524986267, 70.5886306763, 69.7895965576, 54.3774147034, 47.9790496826, 70.8185958862, 73.3608779907, 39.2052192688, 37.4210891724, 52.6747283936, 49.4411239624, 34.3981513977, 22.9309310913, 13.7447385788, 8.80189609528, 3.07698154449, 0.252115339041, 0.0111843328923, 0.000643842853606, 0.000102165409771, 5.30116813025e-05, 7.18270312063e-05],
        "median": [0.349353253841, 3.26296567917, 5.09507369995, 5.72181797028, 11.5421409607, 10.49903965, 4.25887966156, 2.90104198456, 3.72052168846, 5.20179748535, 7.81130743027, 14.6844558716, 19.9546089172, 20.7512931824, 26.1284370422, 67.5330123901, 76.0566940308, 48.1397743225, 53.6770935059, 61.2737007141, 62.8865814209, 50.8219718933, 45.9130172729, 67.9642028809, 70.2564163208, 37.7779502869, 35.6158828735, 46.3078460693, 42.7481002808, 31.3334217072, 19.9881153107, 12.2533483505, 7.66657161713, 2.8001101017, 0.224494621158, 0.0100620817393, 0.000600948289502, 9.59863391472e-05, 5.26637777511e-05, 7.14085108484e-05],
        "min": [1.30453536258e-05, 6.7909124482e-05, 8.13830120023e-05, 8.75524638104e-05, 0.000164332508575, 8.71240408742e-05, 0.000100124641904, 0.00019484150107, 6.12095973338e-05, 4.51758605777e-05, 6.83391772327e-05, 5.90377094341e-05, 2.97224323731e-05, 0.000214526618947, 0.000697867071722, 0.00550648523495, 0.00273966556415, 0.0009441866423, 0.000367377942894, 0.000430756423157, 0.00033519405406, 0.000507404503878, 0.000568338378798, 0.00119718641508, 0.00123040238395, 0.000843579531647, 0.000590278708842, 0.000897684483789, 0.000508745550178, 0.000728727143724, 0.000294991303235, 0.000182555479114, 0.000110313063487, 1.93645282707e-05, 5.59724242066e-07, 4.56466047183e-08, 1.12218527804e-08, 3.97312716061e-09, 1.66851688022e-09, 1.28746968642e-09],
        "var": [0.230590909719, 15.0463180542, 17.1529808044, 48.6180419922, 146.049163818, 252.920883179, 63.1592025757, 31.8313064575, 63.4245796204, 69.3230895996, 111.357406616, 596.29675293, 1533.9822998, 994.520019531, 1031.65686035, 6163.80224609, 6785.71289062, 2582.78295898, 1364.77722168, 1897.84362793, 1534.3449707, 626.902038574, 339.557434082, 721.166687012, 854.775756836, 224.272598267, 234.481704712, 774.678100586, 866.871948242, 336.909881592, 167.073669434, 54.8748626709, 29.8019771576, 3.25866580009, 0.0275271683931, 4.96485736221e-05, 1.08870196414e-07, 2.03632866125e-09, 2.00736080536e-10, 4.20845303051e-10]
    },
    "gfcc": {
        "mean": [69.4828414917, 85.6866912842, -151.213104248, 84.0930786133, -63.8525352478, 47.6117591858, -30.309841156, 2.9831943512, -13.744427681, -14.9056816101, -1.48111486435, -17.1431694031, 2.0088763237],
        "cov": [[944.216308594, 57.1625137329, 43.2787513733, 20.2950210571, -44.0363960266, -22.2309932709, -16.7255725861, 11.138209343, 13.4378356934, -4.84242010117, -14.0712795258, 8.50826740265, 20.9312343597], [57.1625137329, 162.924362183, 36.2727851868, 12.9714050293, 28.8530273438, -38.6151237488, 17.728225708, -0.582690596581, 28.1811885834, -1.62093126774, 16.9368305206, 3.06572294235, 32.3481025696], [43.2787513733, 36.2727851868, 135.69140625, 53.1499671936, -5.03035974503, -21.7069244385, -14.0161428452, 48.4365310669, 12.2506742477, 9.64381217957, -9.74909210205, 8.60910320282, 22.6509227753], [20.2950210571, 12.9714050293, 53.1499671936, 76.3849258423, 30.5779018402, -7.17673301697, 2.5183365345, 5.73904705048, 15.4867143631, 7.2611951828, 0.219576880336, 1.19828224182, 7.84214782715], [-44.0363960266, 28.8530273438, -5.03035974503, 30.5779018402, 102.879463196, 45.058883667, 24.6136264801, -2.20235347748, 0.00631566438824, 20.9819087982, 29.3797779083, 1.07985281944, 7.57095766068], [-22.2309932709, -38.6151237488, -21.7069244385, -7.17673301697, 45.058883667, 74.3855209351, 27.7326602936, -7.62722015381, -15.0907440186, 7.95709466934, 21.2825737, 5.43097019196, -11.1269855499], [-16.7255725861, 17.728225708, -14.0161428452, 2.5183365345, 24.6136264801, 27.7326602936, 56.4265213013, 21.6976985931, 15.6160650253, -4.67124795914, 9.44649028778, 2.26347589493, 7.63929510117], [11.138209343, -0.582690596581, 48.4365310669, 5.73904705048, -2.20235347748, -7.62722015381, 21.6976985931, 90.6876907349, 27.5265846252, 1.31810176373, -22.4243774414, 0.891430497169, 24.1806907654], [13.4378356934, 28.1811885834, 12.2506742477, 15.4867143631, 0.00631566438824, -15.0907440186, 15.6160650253, 27.5265846252, 54.9726066589, 16.6441078186, 4.02182579041, -2.59899020195, 9.49806118011], [-4.84242010117, -1.62093126774, 9.64381217957, 7.2611951828, 20.9819087982, 7.95709466934, -4.67124795914, 1.31810176373, 16.6441078186, 53.647983551, 34.9873504639, 3.92281484604, -6.55173826218], [-14.0712795258, 16.9368305206, -9.74909210205, 0.219576880336, 29.3797779083, 21.2825737, 9.44649028778, -22.4243774414, 4.02182579041, 34.9873504639, 64.5098190308, 20.7819766998, -4.91975259781], [8.50826740265, 3.06572294235, 8.60910320282, 1.19828224182, 1.07985281944, 5.43097019196, 2.26347589493, 0.891430497169, -2.59899020195, 3.92281484604, 20.7819766998, 31.5304965973, 17.2390727997], [20.9312343597, 32.3481025696, 22.6509227753, 7.84214782715, 7.57095766068, -11.1269855499, 7.63929510117, 24.1806907654, 9.49806118011, -6.55173826218, -4.91975259781, 17.2390727997, 43.5077476501]],
        "icov": [[0.00133322330657, -0.0026839277707, 0.00219355965964, -0.00323339737952, 0.00359379011206, -0.00393777014688, 0.0027926620096, -0.00218078657053, 0.0010873649735, -0.000979466247372, 0.000167319289176, 0.000263148132944, -0.000586073205341], [-0.0026839277707, 0.0353735610843, -0.0288152582943, 0.0340583175421, -0.0340636707842, 0.0431652739644, -0.0305102411658, 0.0289221964777, -0.0169156193733, 0.0132922511548, -0.00632535479963, 0.00353850843385, -0.0063193961978], [0.00219355965964, -0.0288152582943, 0.0425949022174, -0.0441640391946, 0.0355529785156, -0.0390350706875, 0.0344273634255, -0.0366101898253, 0.0193199124187, -0.0114937247708, -0.00249449699186, 0.00262637319975, -0.0029851202853], [-0.00323339737952, 0.0340583175421, -0.0441640391946, 0.0660377517343, -0.0507572516799, 0.052113186568, -0.0382300503552, 0.040637742728, -0.026521442458, 0.0118501139805, 0.00853886827826, -0.0114842280746, 0.00670015765354], [0.00359379011206, -0.0340636707842, 0.0355529785156, -0.0507572516799, 0.0620184801519, -0.0586308389902, 0.032675396651, -0.0332291536033, 0.023507360369, -0.0158860255033, -0.0106857242063, 0.0207035336643, -0.0157549530268], [-0.00393777014688, 0.0431652739644, -0.0390350706875, 0.052113186568, -0.0586308389902, 0.0872995182872, -0.0562365986407, 0.0390139147639, -0.0126897897571, 0.00977722089738, 0.00272402400151, -0.015178764239, 0.0120153548196], [0.0027926620096, -0.0305102411658, 0.0344273634255, -0.0382300503552, 0.032675396651, -0.0562365986407, 0.0705008506775, -0.0411975570023, 0.00296990643255, 0.00931468885392, -0.0163108222187, 0.0114315468818, -0.00486180000007], [-0.00218078657053, 0.0289221964777, -0.0366101898253, 0.040637742728, -0.0332291536033, 0.0390139147639, -0.0411975570023, 0.0531798638403, -0.0224822685122, 0.000314557692036, 0.0162667147815, -0.00749772554263, -0.00551637541503], [0.0010873649735, -0.0169156193733, 0.0193199124187, -0.026521442458, 0.023507360369, -0.0126897897571, 0.00296990643255, -0.0224822685122, 0.0444381199777, -0.020497797057, -0.00220587593503, 0.00950010865927, -0.00538804288954], [-0.000979466247372, 0.0132922511548, -0.0114937247708, 0.0118501139805, -0.0158860255033, 0.00977722089738, 0.00931468885392, 0.000314557692036, -0.020497797057, 0.0529908500612, -0.0345655977726, 0.0138160437346, 0.000962508027442], [0.000167319289176, -0.00632535479963, -0.00249449699186, 0.00853886827826, -0.0106857242063, 0.00272402400151, -0.0163108222187, 0.0162667147815, -0.00220587593503, -0.0345655977726, 0.065761230886, -0.0505386851728, 0.0234988164157], [0.000263148132944, 0.00353850843385, 0.00262637319975, -0.0114842280746, 0.0207035336643, -0.015178764239, 0.0114315468818, -0.00749772554263, 0.00950010865927, 0.0138160437346, -0.0505386851728, 0.0917154625058, -0.0494282059371], [-0.000586073205341, -0.0063193961978, -0.0029851202853, 0.00670015765354, -0.0157549530268, 0.0120153548196, -0.00486180000007, -0.00551637541503, -0.00538804288954, 0.000962508027442, 0.0234988164157, -0.0494282059371, 0.0616086125374]]
    },
    "melbands": {
        "dmean": [0.00437102420256, 0.0029472229071, 0.000938954530284, 0.000941749603953, 0.000176047411514, 6.60568475723e-05, 6.55088369967e-05, 6.16375473328e-05, 6.37823759462e-05, 8.60963264131e-05, 9.47610024014e-05, 7.55175060476e-05, 4.76889035781e-05, 0.000103362952359, 0.000114623690024, 8.30354401842e-05, 5.27005940967e-05, 4.71903586003e-05, 4.44998768216e-05, 4.04714264732e-05, 3.56635355274e-05, 2.5080764317e-05, 1.70253206306e-05, 1.95834290935e-05, 2.25787644013e-05, 2.45442461164e-05, 1.53411565407e-05, 8.92349362402e-06, 8.31968554849e-06, 1.38282202897e-05, 1.92787229025e-05, 1.67780981428e-05, 1.45491612784e-05, 8.51890581544e-06, 6.34094976704e-06, 5.03743240188e-06, 2.79616824628e-06, 2.46989316111e-06, 1.77946333224e-06, 7.47288027014e-07],
        "dmean2": [0.00769533729181, 0.00490588787943, 0.00160787324421, 0.00161178014241, 0.000305091176415, 0.00011564604938, 0.000115722927148, 0.000107534004201, 0.000110077402496, 0.000145936894114, 0.000159518473083, 0.00012984170462, 8.00265697762e-05, 0.000177114226972, 0.000192906940356, 0.000141508760862, 9.11677198019e-05, 8.0937614257e-05, 7.63876741985e-05, 6.95501075825e-05, 6.08147747698e-05, 4.31905282312e-05, 2.93115590466e-05, 3.42925013683e-05, 3.86996725865e-05, 4.26516926382e-05, 2.64798418357e-05, 1.54097433551e-05, 1.4413698409e-05, 2.52716308751e-05, 3.60666890629e-05, 2.80185104202e-05, 2.64751633949e-05, 1.52371376316e-05, 1.06425932245e-05, 8.94416007213e-06, 4.7018247642e-06, 4.22907260145e-06, 2.96025723401e-06, 1.21845391732e-06],
        "dvar": [1.66360623552e-05, 6.12404846834e-06, 8.88779027264e-07, 1.0543570852e-06, 6.09465047319e-08, 9.21759735206e-09, 1.00001820158e-08, 5.21750775917e-09, 5.68467939388e-09, 1.34223228088e-08, 1.78551271546e-08, 9.62572599406e-09, 3.275244298e-09, 1.95386125057e-08, 1.70870873006e-08, 8.9699465633e-09, 3.60669560884e-09, 2.071532057e-09, 2.02050065568e-09, 1.54987778167e-09, 1.35085920228e-09, 5.71825753415e-10, 2.20303081333e-10, 2.90783702672e-10, 3.54489854137e-10, 4.58113047497e-10, 1.72947364763e-10, 6.12989589643e-11, 5.36646907467e-11, 1.29252053505e-10, 2.65389182852e-10, 3.39414690798e-10, 1.74328051994e-10, 5.18345227851e-11, 4.48402148745e-11, 2.09898608911e-11, 8.23400635869e-12, 7.57100285242e-12, 4.93831277953e-12, 1.09865252746e-12],
        "dvar2": [4.45398909505e-05, 1.63574659382e-05, 2.50237530963e-06, 2.96770781461e-06, 1.64725960872e-07, 2.75757496837e-08, 2.8017934639e-08, 1.41007312493e-08, 1.53193351338e-08, 3.56130414048e-08, 4.88802029963e-08, 2.77858891451e-08, 9.16173981125e-09, 5.78840051446e-08, 4.97569843105e-08, 2.51915057703e-08, 1.06041619929e-08, 5.71866287657e-09, 5.70849278958e-09, 4.20714618699e-09, 3.70852926146e-09, 1.65312641354e-09, 6.46077136235e-10, 8.47447667596e-10, 1.03781527816e-09, 1.32142929932e-09, 4.97294316837e-10, 1.76755818315e-10, 1.55280704961e-10, 3.88231474746e-10, 7.8004647186e-10, 9.05234165405e-10, 4.99599972503e-10, 1.52039950074e-10, 1.22994545104e-10, 5.87915896522e-11, 2.09141020474e-11, 2.10248554677e-11, 1.34341140642e-11, 2.79354469244e-12],
        "max": [0.0316347181797, 0.0245133377612, 0.00882878806442, 0.0132280969992, 0.00653744535521, 0.00155822711531, 0.00153625686653, 0.00119135878049, 0.000879348488525, 0.00128072150983, 0.00172369542997, 0.00122249731794, 0.00086115906015, 0.0023705791682, 0.00165983033367, 0.00129026523791, 0.000853252131492, 0.000604583125096, 0.000630155263934, 0.000639365869574, 0.000683992053382, 0.000296032929327, 0.000155621979502, 0.000182234609383, 0.000170629980857, 0.000271804863587, 0.000132440793095, 7.30622268748e-05, 6.65922925691e-05, 0.000100289391412, 0.000120901051559, 0.000146108024637, 0.000168794053025, 6.3722160121e-05, 7.86618111306e-05, 5.44555186934e-05, 4.72779793199e-05, 4.1948602302e-05, 4.45900222985e-05, 2.37013700826e-05],
        "mean": [0.00500169675797, 0.00439273286611, 0.0014928788878, 0.00123678019736, 0.000276786042377, 0.000100592369563, 9.36581636779e-05, 8.6534761067e-05, 9.71282934188e-05, 0.000144616045873, 0.000167575199157, 0.000128483050503, 9.35677162488e-05, 0.000199649206479, 0.000247160554864, 0.000181900250027, 0.000110873595986, 9.75891962298e-05, 9.61531914072e-05, 9.13035764825e-05, 8.00544366939e-05, 5.85764355492e-05, 4.19016359956e-05, 4.66678247903e-05, 5.77541504754e-05, 6.14665914327e-05, 3.98827833124e-05, 2.19858357013e-05, 2.06477216125e-05, 2.71572134807e-05, 3.09524803015e-05, 2.99689290841e-05, 2.27193868341e-05, 1.73929674929e-05, 1.36713260872e-05, 1.044243254e-05, 7.76251454226e-06, 6.56819156575e-06, 4.55372264696e-06, 1.96271753339e-06],
        "median": [0.00359681039117, 0.00374225853011, 0.00120221578982, 0.000936485012062, 0.000194979220396, 6.5444757638e-05, 5.80714913667e-05, 5.87555914535e-05, 6.91421373631e-05, 9.40580866882e-05, 9.89871477941e-05, 8.25461902423e-05, 6.55690819258e-05, 0.000138821516884, 0.000188604914001, 0.000130216241814, 8.01908317953e-05, 8.2653190475e-05, 8.24910966912e-05, 7.84419098636e-05, 7.12932160241e-05, 5.37397172593e-05, 3.94805974793e-05, 4.34826652054e-05, 5.47969139006e-05, 5.79846637265e-05, 3.78418590117e-05, 2.07777284231e-05, 1.93400119315e-05, 2.46010386036e-05, 2.69788670266e-05, 2.52705594903e-05, 1.9270235498e-05, 1.60962135851e-05, 1.17137060442e-05, 9.31061367737e-06, 6.86160865371e-06, 5.82491975365e-06, 3.86678493669e-06, 1.76826313236e-06],
        "min": [1.11940579473e-07, 6.05784862273e-08, 1.78350454405e-08, 9.64763291478e-09, 3.60886143191e-09, 4.13770262497e-09, 8.14170286745e-10, 4.97107022213e-10, 5.38742772616e-10, 3.15993092803e-10, 1.06956568602e-10, 7.72506780766e-10, 1.18565979257e-09, 7.18627157781e-09, 1.32357316218e-08, 3.16001247391e-09, 1.58831647834e-09, 6.52051301842e-10, 4.72647976313e-10, 4.03810290761e-10, 4.35013580713e-10, 5.54060741731e-10, 4.43167336162e-10, 5.75638647859e-10, 1.03897346282e-09, 9.43203293247e-10, 8.46876513361e-10, 4.80325446084e-10, 4.29573820959e-10, 3.15953513352e-10, 5.30171240243e-10, 2.04909006429e-10, 4.26396667974e-10, 3.90296933661e-10, 1.55467416718e-10, 1.55084958764e-10, 1.02704331151e-10, 8.19212614411e-11, 5.30988447656e-11, 4.81215241266e-12],
        "var": [2.06182503462e-05, 9.13109215617e-06, 1.22957362692e-06, 1.26692123104e-06, 1.0761292657e-07, 1.67441083221e-08, 1.40729712328e-08, 8.47266079518e-09, 8.4426030611e-09, 2.55702961027e-08, 3.98458723794e-08, 1.85676558573e-08, 7.57914886407e-09, 4.38315232998e-08, 4.44940937427e-08, 2.64502357794e-08, 8.81609274472e-09, 4.13188283588e-09, 3.73964503808e-09, 3.30931748671e-09, 2.42062392353e-09, 9.57489976194e-10, 3.43600564667e-10, 4.31952640323e-10, 5.87543624864e-10, 7.28682669759e-10, 2.89790191843e-10, 8.95341439877e-11, 8.04437003121e-11, 1.74234154882e-10, 2.93871288415e-10, 3.73649167162e-10, 2.18418977349e-10, 8.13244818709e-11, 6.95716401156e-11, 3.41216777056e-11, 2.03778018765e-11, 1.57070606521e-11, 1.03596150755e-11, 1.67204336314e-12]
    },
    "mfcc": {
        "mean": [-540.460632324, 71.4591293335, -2.74051237106, 27.7773151398, 12.764421463, 27.4604625702, 10.9232349396, 15.1835622787, 2.3060696125, 5.17648458481, 2.26014661789, -1.28414940834, -3.57272958755],
        "cov": [[930.560302734, 30.2768344879, 28.7588291168, 12.8008823395, -27.5921611786, -10.2816362381, -36.2299842834, -0.761134564877, 0.916731715202, -9.09043884277, -18.438867569, -2.1253221035, -0.29399523139], [30.2768344879, 151.179656982, 5.00554513931, 29.5078735352, 8.84136009216, -15.8089857101, 0.111913055182, -1.05650985241, 11.6565999985, 7.44666481018, -2.65423989296, 0.923578619957, 4.99680328369], [28.7588291168, 5.00554513931, 129.73538208, 48.3491287231, 1.16134727001, -48.0404472351, -27.765247345, 6.14900159836, 22.9575252533, 3.67089509964, -3.49502420425, -12.7939462662, -2.17697119713], [12.8008823395, 29.5078735352, 48.3491287231, 97.961769104, 28.8218822479, -16.7555217743, -16.8188037872, -0.923253536224, 25.3219738007, 14.5844841003, 0.616922318935, -4.38286018372, -0.648806214333], [-27.5921611786, 8.84136009216, 1.16134727001, 28.8218822479, 66.6723327637, 25.8331508636, 23.5278663635, -8.05591487885, 3.23087334633, 4.96648025513, 10.1607398987, 12.1913547516, 8.60313129425], [-10.2816362381, -15.8089857101, -48.0404472351, -16.7555217743, 25.8331508636, 91.6455230713, 38.9261550903, -10.4932317734, -37.8380966187, -9.33828449249, 12.5545825958, 23.9698543549, 9.43375301361], [-36.2299842834, 0.111913055182, -27.765247345, -16.8188037872, 23.5278663635, 38.9261550903, 68.7176895142, 17.2699375153, -6.04944181442, -3.03043889999, 7.23271226883, 13.3361110687, 11.608499527], [-0.761134564877, -1.05650985241, 6.14900159836, -0.923253536224, -8.05591487885, -10.4932317734, 17.2699375153, 56.4026145935, 34.7475242615, 7.11296892166, -13.718208313, -11.1067171097, -0.154393911362], [0.916731715202, 11.6565999985, 22.9575252533, 25.3219738007, 3.23087334633, -37.8380966187, -6.04944181442, 34.7475242615, 73.3105621338, 28.4544868469, -6.83952140808, -17.6130924225, -7.51642465591], [-9.09043884277, 7.44666481018, 3.67089509964, 14.5844841003, 4.96648025513, -9.33828449249, -3.03043889999, 7.11296892166, 28.4544868469, 41.9367179871, 17.2334632874, 2.16374754906, -3.99342536926], [-18.438867569, -2.65423989296, -3.49502420425, 0.616922318935, 10.1607398987, 12.5545825958, 7.23271226883, -13.718208313, -6.83952140808, 17.2334632874, 44.188911438, 25.9663105011, 6.02061653137], [-2.1253221035, 0.923578619957, -12.7939462662, -4.38286018372, 12.1913547516, 23.9698543549, 13.3361110687, -11.1067171097, -17.6130924225, 2.16374754906, 25.9663105011, 47.349319458, 22.9056148529], [-0.29399523139, 4.99680328369, -2.17697119713, -0.648806214333, 8.60313129425, 9.43375301361, 11.608499527, -0.154393911362, -7.51642465591, -3.99342536926, 6.02061653137, 22.9056148529, 36.5256233215]],
