{
"lowlevel": {
    "average_loudness": 0.882773041725,
    "barkbands_crest": {
        "dmean": 2.79462432861,
        "dmean2": 4.53543329239,
        "dvar": 6.98766756058,
        "dvar2": 17.8606815338,
        "max": 26.3685493469,
        "mean": 8.83552646637,
        "median": 7.85127067566,
        "min": 2.58393716812,
        "var": 18.6107463837
    },
    "barkbands_flatness_db": {
        "dmean": 0.0200181994587,
        "dmean2": 0.0321286395192,
        "dvar": 0.000483052746858,
        "dvar2": 0.00110970414244,
        "max": 0.443692862988,
        "mean": 0.147334247828,
        "median": 0.129874750972,
        "min": 0.0581007041037,
        "var": 0.00301296915859
    },
    "barkbands_kurtosis": {
        "dmean": 2.29093551636,
        "dmean2": 3.67683529854,
        "dvar": 48.9378890991,
        "dvar2": 120.488777161,
        "max": 119.643356323,
        "mean": 1.67766940594,
        "median": -0.293567657471,
        "min": -1.85859417915,
        "var": 57.83801651
    },
    "barkbands_skewness": {
        "dmean": 0.531022667885,
        "dmean2": 0.791805028915,
        "dvar": 0.534288704395,
        "dvar2": 1.15412008762,
        "max": 10.0495758057,
        "mean": 0.809712350368,
        "median": 0.582607448101,
        "min": -3.81297922134,
        "var": 1.47526037693
    },
    "barkbands_spread": {
        "dmean": 5.73055648804,
        "dmean2": 8.99796772003,
        "dvar": 40.1235198975,
        "dvar2": 92.2388916016,
        "max": 85.1697540283,
        "mean": 27.5864372253,
        "median": 28.1569290161,
        "min": 0.81647413969,
        "var": 154.370681763
    },
    "dissonance": {
        "dmean": 0.014865366742,
        "dmean2": 0.0248293746263,
        "dvar": 0.000399259093683,
        "dvar2": 0.00102572306059,
        "max": 0.5,
        "mean": 0.474848985672,
        "median": 0.486492305994,
        "min": 0.232069730759,
        "var": 0.00107099639717
    },
    "dynamic_complexity": 2.20374107361,
    "erbbands_crest": {
        "dmean": 2.55955982208,
        "dmean2": 4.13574695587,
        "dvar": 7.66285896301,
        "dvar2": 18.5396671295,
        "max": 31.8946838379,
        "mean": 9.09508037567,
        "median": 7.07338094711,
        "min": 2.61504292488,
        "var": 30.7274284363
    },
    "erbbands_flatness_db": {
        "dmean": 0.0163781214505,
        "dmean2": 0.0235510785133,
        "dvar": 0.000305481953546,
        "dvar2": 0.000545413990039,
        "max": 0.416254818439,
        "mean": 0.193930789828,
        "median": 0.185933753848,
        "min": 0.112508498132,
        "var": 0.00235591689125
    },
    "erbbands_kurtosis": {
        "dmean": 0.985899686813,
        "dmean2": 1.55380475521,
        "dvar": 4.37703561783,
        "dvar2": 10.4666700363,
        "max": 67.1957168579,
        "mean": 0.710557341576,
        "median": 0.0590264797211,
        "min": -1.83519530296,
        "var": 7.081407547
    },
    "erbbands_skewness": {
        "dmean": 0.355882138014,
        "dmean2": 0.533575415611,
        "dvar": 0.152666762471,
        "dvar2": 0.331146687269,
        "max": 4.70618057251,
        "mean": -0.0980728715658,
        "median": -0.257482022047,
        "min": -4.19664669037,
        "var": 0.670246660709
    },
    "erbbands_spread": {
        "dmean": 7.79207086563,
        "dmean2": 11.5733680725,
        "dvar": 95.4167022705,
        "dvar2": 198.205230713,
        "max": 141.684738159,
        "mean": 33.4004325867,
        "median": 30.3817615509,
        "min": 2.23579406738,
        "var": 313.507873535
    },
    "hfc": {
        "dmean": 5.84440851212,
        "dmean2": 9.01789474487,
        "dvar": 53.2269554138,
        "dvar2": 123.299812317,
        "max": 92.7370376587,
        "mean": 24.7231407166,
        "median": 20.8415679932,
        "min": 0.00110815325752,
        "var": 289.123199463
    },
    "melbands_crest": {
        "dmean": 3.29466915131,
        "dmean2": 5.38245630264,
        "dvar": 9.1226606369,
        "dvar2": 22.4509048462,
        "max": 32.7358360291,
        "mean": 12.4674634933,
        "median": 11.5333490372,
        "min": 2.97827339172,
        "var": 25.7998123169
    },
    "melbands_flatness_db": {
        "dmean": 0.0248545762151,
        "dmean2": 0.0376149378717,
        "dvar": 0.000768612080719,
        "dvar2": 0.00162688398268,
        "max": 0.474105805159,
        "mean": 0.157931923866,
        "median": 0.138532966375,
        "min": 0.0264011509717,
        "var": 0.0045588389039
    },
    "melbands_kurtosis": {
        "dmean": 6.70849657059,
        "dmean2": 10.6094503403,
        "dvar": 458.62020874,
        "dvar2": 1085.58679199,
        "max": 384.332061768,
        "mean": 8.22852325439,
        "median": 2.44467353821,
        "min": -1.90571916103,
        "var": 551.149353027
    },
    "melbands_skewness": {
        "dmean": 0.763630270958,
        "dmean2": 1.12661600113,
        "dvar": 1.17708790302,
        "dvar2": 2.46191692352,
        "max": 17.0775852203,
        "mean": 1.91007173061,
        "median": 1.56640815735,
        "min": -1.25171041489,
        "var": 3.18280887604
    },
    "melbands_spread": {
        "dmean": 8.97257328033,
        "dmean2": 13.5795297623,
        "dvar": 111.006858826,
        "dvar2": 203.38734436,
        "max": 297.208221436,
        "mean": 36.7545318604,
        "median": 35.1212043762,
        "min": 0.935577094555,
        "var": 478.07611084
    },
    "pitch_salience": {
        "dmean": 0.0758097171783,
        "dmean2": 0.121397309005,
        "dvar": 0.00524229509756,
        "dvar2": 0.0125600071624,
        "max": 0.878927528858,
        "mean": 0.601824879646,
        "median": 0.630521893501,
        "min": 0.0849815830588,
        "var": 0.0156638883054
    },
    "silence_rate_20dB": {
        "dmean": 0,
        "dmean2": 0,
        "dvar": 0,
        "dvar2": 0,
        "max": 1,
        "mean": 1,
        "median": 1,
        "min": 1,
        "var": 0
    },
    "silence_rate_30dB": {
        "dmean": 0.00154918665066,
        "dmean2": 0.00309957377613,
        "dvar": 0.00154677755199,
        "dvar2": 0.00463971309364,
        "max": 1,
        "mean": 0.999225735664,
        "median": 1,
        "min": 0,
        "var": 0.000773691979703
    },
    "silence_rate_60dB": {
        "dmean": 0.0154918665066,
        "dmean2": 0.0309957377613,
        "dvar": 0.0152520267293,
        "dvar2": 0.0331349223852,
        "max": 1,
        "mean": 0.0375532321632,
        "median": 0,
        "min": 0,
        "var": 0.0361433885992
    },
    "spectral_centroid": {
        "dmean": 244.59564209,
        "dmean2": 380.092041016,
        "dvar": 69547.5078125,
        "dvar2": 150572.796875,
        "max": 5984.29931641,
        "mean": 1816.44458008,
        "median": 1909.20947266,
        "min": 247.039733887,
        "var": 397386.59375
    },
    "spectral_complexity": {
        "dmean": 4.11386537552,
        "dmean2": 6.50135612488,
        "dvar": 16.8414173126,
        "dvar2": 35.6309013367,
        "max": 57,
        "mean": 28.6906700134,
        "median": 32,
        "min": 0,
        "var": 189.770065308
    },
    "spectral_decrease": {
        "dmean": 2.02941685679e-09,
        "dmean2": 3.20103010765e-09,
        "dvar": 9.43655087426e-18,
        "dvar2": 2.3141888068e-17,
        "max": -1.44132400242e-13,
        "mean": -5.74374192652e-09,
        "median": -4.68826488742e-09,
        "min": -3.61923007119e-08,
        "var": 1.67654637457e-17
    },
    "spectral_energy": {
        "dmean": 0.00805685855448,
        "dmean2": 0.012698774226,
        "dvar": 0.000141037176945,
        "dvar2": 0.000344517466146,
        "max": 0.139425903559,
        "mean": 0.0239206589758,
        "median": 0.0198005866259,
        "min": 6.44499664304e-07,
        "var": 0.000270823569736
    },
    "spectral_energyband_high": {
        "dmean": 0.000304153218167,
        "dmean2": 0.000472133600852,
        "dvar": 2.81842716277e-07,
        "dvar2": 6.42277996121e-07,
        "max": 0.0067303897813,
        "mean": 0.000853701436426,
        "median": 0.000715435598977,
        "min": 3.31822640476e-08,
        "var": 5.77489743137e-07
    },
    "spectral_energyband_low": {
        "dmean": 0.00489572016522,
        "dmean2": 0.00788609776646,
        "dvar": 0.000121979588585,
        "dvar2": 0.000306254369207,
        "max": 0.116104416549,
        "mean": 0.00668874150142,
        "median": 0.00331014161929,
        "min": 6.80026346345e-08,
        "var": 0.000135310983751
    },
    "spectral_energyband_middle_high": {
        "dmean": 0.00285145547241,
        "dmean2": 0.00431721564382,
        "dvar": 1.69056766026e-05,
        "dvar2": 3.89595334127e-05,
        "max": 0.0666780471802,
        "mean": 0.00990579370409,
        "median": 0.00615933304653,
        "min": 4.77264052279e-07,
        "var": 0.00010210624896
    },
    "spectral_energyband_middle_low": {
        "dmean": 0.00312685430981,
        "dmean2": 0.00496096117422,
        "dvar": 2.31378580793e-05,
        "dvar2": 5.48661555513e-05,
        "max": 0.0480472929776,
        "mean": 0.00724449986592,
        "median": 0.00571890594438,
        "min": 7.15642443083e-08,
        "var": 3.65856867575e-05
    },
    "spectral_entropy": {
        "dmean": 0.123271770775,
        "dmean2": 0.18576528132,
        "dvar": 0.0275354329497,
        "dvar2": 0.056313958019,
        "max": 8.72251415253,
        "mean": 7.70671892166,
        "median": 7.83156681061,
        "min": 4.84658241272,
        "var": 0.176472842693
    },
    "spectral_flux": {
        "dmean": 0.0235048029572,
        "dmean2": 0.0368061959743,
        "dvar": 0.000756606808864,
        "dvar2": 0.00165002001449,
        "max": 0.275109291077,
        "mean": 0.0899703726172,
        "median": 0.0824311450124,
        "min": 0.000802807393484,
        "var": 0.00164709833916
    },
    "spectral_kurtosis": {
        "dmean": 1.64174282551,
        "dmean2": 2.7892100811,
        "dvar": 4.17672014236,
        "dvar2": 10.8355836868,
        "max": 29.0360565186,
        "mean": 3.46049284935,
        "median": 2.7797369957,
        "min": -1.3228417635,
        "var": 8.59133434296
    },
    "spectral_rms": {
        "dmean": 0.000753940374125,
        "dmean2": 0.00115094939247,
        "dvar": 8.66245613906e-07,
        "dvar2": 1.94911444851e-06,
        "max": 0.0116629870608,
        "mean": 0.00455539580435,
        "median": 0.00439518457279,
        "min": 2.50754892477e-05,
        "var": 2.58554882748e-06
    },
    "spectral_rolloff": {
        "dmean": 464.841552734,
        "dmean2": 749.909362793,
        "dvar": 430762.59375,
        "dvar2": 871162.5625,
        "max": 9948.33984375,
        "mean": 2065.11621094,
        "median": 2131.78710938,
        "min": 86.1328125,
        "var": 1299621.75
    },
    "spectral_skewness": {
        "dmean": 0.215940728784,
        "dmean2": 0.354375451803,
        "dvar": 0.052303634584,
        "dvar2": 0.130539834499,
        "max": 3.9306447506,
        "mean": 1.18446815014,
        "median": 1.11079788208,
        "min": -0.167748108506,
        "var": 0.191159084439
    },
    "spectral_spread": {
        "dmean": 354566.25,
        "dmean2": 504794.34375,
        "dvar": 190399545344,
        "dvar2": 330469343232,
        "max": 12287400,
        "mean": 3626904.5,
        "median": 3538255.5,
        "min": 1398116.75,
        "var": 921724125184
    },
    "spectral_strongpeak": {
        "dmean": 0.709725379944,
        "dmean2": 1.17552173138,
        "dvar": 1.23717963696,
        "dvar2": 2.94838094711,
        "max": 10.6093101501,
        "mean": 1.32019758224,
        "median": 0.492707908154,
        "min": 0.00115085672587,
        "var": 3.06511092186
    },
    "zerocrossingrate": {
        "dmean": 0.00905532855541,
        "dmean2": 0.010228366591,
        "dvar": 0.000120808261272,
        "dvar2": 0.000133566223667,
        "max": 0.359375,
        "mean": 0.0714799910784,
        "median": 0.07275390625,
        "min": 0.0078125,
        "var": 0.000939133635256
    },
    "barkbands": {
        "dmean": [6.04431479587e-05, 0.00308831804432, 0.00217593926936, 0.000968107662629, 0.00148623879068, 0.000703685858753, 0.000524548813701, 0.000412026274716, 0.000541752728168, 0.000804371084087, 0.00104788772296, 0.000625266518909, 0.000386445724871, 0.000567766022868, 0.000469784048619, 0.000495409592986, 0.000344926811522, 0.000276222039247, 0.000305210036458, 0.000152286069351, 0.000132504777866, 7.75584194344e-05, 5.66256640013e-05, 4.05003629567e-05, 1.21202247101e-05, 9.86942882975e-09, 1.22047860707e-09],
        "dmean2": [0.000103156758996, 0.00500961625949, 0.00389953772537, 0.00163035094738, 0.0023951579351, 0.00109151226934, 0.000851731689181, 0.000672544236295, 0.000857435225043, 0.0012290176237, 0.00155787263066, 0.00102117925417, 0.000641801510938, 0.000926519627683, 0.000766838085838, 0.000810169265606, 0.000581311236601, 0.000452688342193, 0.00049291306641, 0.00024773698533, 0.000215599997318, 0.000122456316603, 8.81105370354e-05, 6.3990111812e-05, 1.89843285625e-05, 1.58924446936e-08, 2.27261742758e-09],
        "dvar": [9.29346732903e-09, 4.77743888041e-05, 2.96652979159e-05, 2.54944825429e-06, 8.71837437444e-06, 2.07667244467e-06, 1.73543310211e-06, 1.20624167721e-06, 1.73036789874e-06, 3.89490060115e-06, 9.27663131733e-06, 2.30946625379e-06, 7.34344325792e-07, 2.18107834371e-06, 7.44373153339e-07, 7.62017748457e-07, 4.93096592891e-07, 2.19469342255e-07, 1.81285471967e-07, 4.02408559808e-08, 3.87516614353e-08, 2.346576089e-08, 1.55918762346e-08, 5.70440539249e-09, 8.45645775627e-10, 5.69120590227e-16, 1.70195719755e-17],
        "dvar2": [2.50145397729e-08, 0.000114555601613, 8.19084889372e-05, 7.01160342942e-06, 2.1067518901e-05, 4.31389389632e-06, 4.60133969682e-06, 3.04886725644e-06, 4.06532444686e-06, 8.86844918568e-06, 1.99100686586e-05, 5.56497070647e-06, 1.89333945855e-06, 5.75000331082e-06, 1.91358549273e-06, 1.7113721924e-06, 1.37302481562e-06, 5.02934483393e-07, 4.63793355721e-07, 1.03234306437e-07, 9.56806616159e-08, 5.34086623816e-08, 3.56884157782e-08, 1.26047154936e-08, 1.94850446888e-09, 1.29077116783e-15, 4.92069463939e-17],
        "max": [0.00100245303474, 0.0680048167706, 0.0766218751669, 0.0241413991898, 0.0348000340164, 0.0227865353227, 0.0228114761412, 0.0195082593709, 0.0203678831458, 0.0343909561634, 0.052429202944, 0.0281232912093, 0.0162449721247, 0.0339240916073, 0.0186941232532, 0.0121068414301, 0.0180737115443, 0.0116348480806, 0.0062229395844, 0.00250614737161, 0.00199761707336, 0.00179776432924, 0.00213057198562, 0.00164876389317, 0.000847851508297, 7.25583731764e-07, 8.9741789111e-08],
        "mean": [7.25460558897e-05, 0.00367836584337, 0.00229022977874, 0.00134522502776, 0.00233415956609, 0.00119977828581, 0.000781669572461, 0.000584379711654, 0.000790274702013, 0.0012982954504, 0.00202829157934, 0.00102293048985, 0.000674546463415, 0.00095448945649, 0.000856709317304, 0.000978643889539, 0.00067166070221, 0.000608432746958, 0.000703839934431, 0.000368357519619, 0.000269219075562, 0.000160136652994, 0.000124110563775, 0.000100044628198, 2.43170889007e-05, 1.60163136087e-08, 9.19329667948e-10],
        "median": [3.72396934836e-05, 0.00147819146514, 0.000916831835639, 0.000856562284753, 0.00141847832128, 0.000507146934979, 0.000411395158153, 0.000264059432084, 0.000325280620018, 0.000381326215575, 0.000233570463024, 0.000493969128001, 0.000401689612772, 0.000428685074439, 0.000368442706531, 0.000596274097916, 0.000426985643571, 0.000364436942618, 0.000573170196731, 0.000315362180118, 0.00020758966275, 0.000104684993858, 8.25574388728e-05, 7.75761291152e-05, 1.68652077264e-05, 9.37583966021e-09, 2.82639023297e-10],
        "min": [3.5895675321e-09, 5.45311564792e-08, 6.1237446225e-09, 3.60525431731e-09, 1.0940363282e-08, 1.33827260385e-08, 5.86324411245e-09, 1.21598464631e-08, 1.858715315e-08, 1.63495705863e-08, 2.0350634955e-08, 4.48485693028e-08, 1.86577473471e-08, 1.38717268783e-07, 6.24848262021e-09, 5.72000615762e-08, 7.78018893755e-09, 2.36650805618e-08, 4.58332820585e-08, 2.8823837539e-08, 1.31532695846e-08, 1.32002664355e-09, 1.21954646382e-09, 1.22982080075e-09, 4.20789153521e-10, 4.3948399607e-12, 4.00274648496e-12],
        "var": [1.05057589295e-08, 5.03353039676e-05, 2.81033353531e-05, 2.7512194265e-06, 1.06418356154e-05, 5.54235066375e-06, 1.98198017642e-06, 1.52083009652e-06, 3.04386367134e-06, 8.56273163663e-06, 3.45306325471e-05, 4.44323268312e-06, 1.02203671304e-06, 3.71851365344e-06, 1.68622318597e-06, 1.69572513187e-06, 8.11495112885e-07, 8.05999945896e-07, 4.99729310377e-07, 1.04434761283e-07, 6.90002011083e-08, 3.97146955322e-08, 2.54107135333e-08, 1.09843485419e-08, 1.18293874696e-09, 7.3404484014e-16, 1.04764649696e-17]
    },
    "erbbands": {
        "dmean": [0.062979593873, 0.802608251572, 2.31179594994, 2.91026639938, 5.02369022369, 4.33709955215, 4.64444875717, 6.25277137756, 6.65893173218, 8.21991252899, 8.76455879211, 11.7072086334, 18.4424247742, 43.9723968506, 23.680639267, 21.7945194244, 16.6289176941, 20.7732925415, 28.08893013, 23.7021274567, 26.320772171, 16.6810379028, 14.3261508942, 15.5100860596, 11.697971344, 7.00889110565, 6.37171077728, 4.10984134674, 2.9921836853, 2.02749967575, 1.61607313156, 1.05487930775, 0.552524149418, 0.237262874842, 0.0203582942486, 0.000868229777552, 4.35347683378e-05, 6.43894645691e-06, 4.92314029543e-06, 9.47050466493e-06],
        "dmean2": [0.102027319372, 1.30871343613, 4.13235139847, 4.95161342621, 8.09519386292, 7.2659163475, 7.47224855423, 9.46082687378, 10.7177085876, 13.6885700226, 13.8695850372, 18.676815033, 29.3336620331, 64.4437942505, 35.5743980408, 34.8629302979, 27.0760574341, 33.42786026, 45.5813140869, 38.2107696533, 42.9174728394, 27.7455329895, 23.1757926941, 25.3636512756, 19.1482830048, 11.5085439682, 10.4185781479, 6.67165470123, 4.71988677979, 3.20245265961, 2.5098054409, 1.67582774162, 0.869259595871, 0.365798860788, 0.0317200906575, 0.00134249101393, 6.54163668514e-05, 9.59643239185e-06, 7.52818596084e-06, 1.48403514686e-05],
        "dvar": [0.0160604938865, 3.44100451469, 34.7984619141, 29.858915329, 119.563697815, 49.5695304871, 90.2323989868, 211.33631897, 303.839538574, 360.222961426, 704.368347168, 899.256469727, 2426.14550781, 15162.546875, 3158.79541016, 2163.84130859, 1189.42919922, 1754.3125, 4097.13378906, 1926.71923828, 2019.0213623, 820.086853027, 650.992553711, 532.526489258, 243.873336792, 84.8910598755, 78.3088760376, 52.4824371338, 34.4130935669, 19.8346309662, 13.239153862, 3.3301820755, 1.4590921402, 0.356459707022, 0.00367934862152, 6.46874377708e-06, 1.29118999936e-08, 2.07277389697e-10, 4.75318430448e-11, 1.79928877353e-10],
        "dvar2": [0.0384088493884, 8.38101005554, 96.338180542, 82.8926315308, 275.896636963, 131.233978271, 220.623626709, 402.458404541, 748.87512207, 972.258544922, 1651.49304199, 2189.65161133, 6138.828125, 32473.4570312, 7222.95849609, 4850.25585938, 3025.95922852, 4369.66308594, 10426.8691406, 4581.06298828, 5005.51318359, 2125.98266602, 1460.89050293, 1326.83752441, 613.423583984, 221.95866394, 197.336776733, 126.264808655, 78.6451034546, 47.280872345, 30.0736122131, 7.82187366486, 3.21009898186, 0.808088243008, 0.00867083948106, 1.50908927026e-05, 2.91617681114e-08, 4.61271243424e-10, 1.09137192339e-10, 4.34364405555e-10],
        "max": [1.23763477802, 17.3007335663, 79.5464859009, 79.0635757446, 120.912689209, 71.7244491577, 122.432632446, 229.86390686, 399.379852295, 353.454071045, 440.122467041, 546.391296387, 659.258117676, 2291.37597656, 946.706115723, 749.365356445, 604.222106934, 650.97845459, 1352.6763916, 794.911437988, 760.214294434, 575.184814453, 702.279418945, 419.674591064, 215.053222656, 125.031890869, 101.277793884, 97.2937240601, 65.7483062744, 68.3373336792, 59.491607666, 31.0361652374, 30.3420810699, 18.307062149, 1.67917323112, 0.0712540745735, 0.00323013449088, 0.00036861654371, 7.67019591876e-05, 0.000154676410602],
        "mean": [0.0745230540633, 0.935533285141, 2.54015159607, 3.89160013199, 7.21639680862, 7.023250103, 7.47787809372, 10.7744626999, 10.9769382477, 12.2935962677, 13.3869543076, 17.7582073212, 27.5322723389, 93.2640533447, 43.4824028015, 39.594417572, 32.5879325867, 39.5493659973, 50.9855728149, 47.7133522034, 53.3101463318, 37.6002120972, 33.0210037231, 37.4688987732, 28.8789405823, 17.3173561096, 14.1414642334, 8.200715065, 6.15934753418, 4.13028001785, 3.47227239609, 2.54731893539, 1.277577281, 0.511789143085, 0.0371507741511, 0.00167462811805, 0.000107969892269, 1.93252017198e-05, 1.73911157617e-05, 3.04202330881e-05],
        "median": [0.029702141881, 0.346784710884, 1.05781424046, 2.3988442421, 3.98416113853, 4.33764219284, 3.92130160332, 4.12743330002, 5.53033971786, 7.14262771606, 5.89612054825, 7.57991886139, 11.7406539917, 11.7928962708, 12.7339754105, 21.8056659698, 20.1495723724, 21.479429245, 22.578546524, 24.0712070465, 35.396282196, 25.0284194946, 20.2509841919, 27.7806816101, 24.5967006683, 15.167596817, 11.698559761, 6.06066083908, 4.11479663849, 2.55771589279, 2.32250809669, 1.91899204254, 0.990186095238, 0.368976056576, 0.0226034130901, 0.00106873537879, 8.329742559e-05, 1.63393196999e-05, 1.51775930135e-05, 2.59529824689e-05],
        "min": [1.85809187769e-06, 1.07956557258e-05, 1.08031690615e-05, 9.70558357949e-06, 9.06284731172e-06, 4.08925370721e-05, 0.000130082058604, 8.59732172103e-05, 6.11482610111e-05, 0.000166651312611, 0.000371631816961, 0.000420077005401, 0.000536418810952, 0.000581323343795, 0.00272594834678, 0.0021383271087, 0.000704163685441, 0.00429965602234, 0.00594544503838, 0.000673173402902, 0.00361639610492, 0.000671087647788, 0.00141367246397, 0.00212445831858, 0.00161375256721, 0.00134668592364, 0.00094385119155, 0.000198304987862, 8.97050194908e-05, 3.05939138343e-05, 2.97845999739e-05, 3.09709212161e-05, 1.67609850905e-05, 9.48448996496e-06, 4.98267297644e-07, 3.6166937889e-08, 9.06939146006e-09, 3.64717145374e-09, 1.12355658111e-09, 9.49762046787e-10],
        "var": [0.0179615225643, 3.51206994057, 33.4111404419, 29.535194397, 138.652389526, 68.3394699097, 145.644302368, 605.098022461, 464.021789551, 353.548309326, 1125.4987793, 1730.64746094, 3117.53442383, 68955.140625, 7687.94677734, 4706.68359375, 2010.2845459, 3232.28222656, 7475.34667969, 4424.23339844, 4170.92236328, 2023.89758301, 2271.14135742, 2009.54187012, 677.570617676, 220.41015625, 164.484542847, 80.9846801758, 57.3431816101, 30.0569763184, 21.1362628937, 6.6946554184, 2.3202381134, 0.50618994236, 0.00426401477307, 7.71797112975e-06, 1.787390147e-08, 3.50090678669e-10, 1.18847015562e-10, 3.91444543446e-10]
    },
    "gfcc": {
        "mean": [-9.52243709564, 111.512863159, -166.057128906, 60.3736686707, -66.0652770996, 23.9443244934, -36.4655685425, -0.279422700405, -12.880150795, -17.4501266479, 4.08266687393, -20.4414157867, 6.6661772728],
        "cov": [[4038.12426758, -139.757049561, -109.020851135, 568.864746094, -87.7509384155, 217.655059814, -18.6139507294, 61.4651794434, -86.5471878052, -93.1811294556, -117.73059845, -24.693813324, -67.7524414062], [-139.757049561, 916.651916504, 241.988235474, -39.1042633057, 279.216888428, -40.0292663574, 116.944000244, -149.449493408, 44.1259155273, -88.6382751465, -14.4752779007, -49.0713157654, 10.0863990784], [-109.020851135, 241.988235474, 693.655090332, 292.04208374, -13.6529340744, 144.84072876, -15.9781627655, -15.5320749283, 19.1239356995, 4.6541352272, -23.9194164276, 10.2093696594, -54.917930603], [568.864746094, -39.1042633057, 292.04208374, 499.849822998, 36.5621986389, 80.0006027222, -5.34293985367, 11.2239189148, 19.2220020294, -5.27518081665, -50.1807289124, -9.17390155792, -86.8579864502], [-87.7509384155, 279.216888428, -13.6529340744, 36.5621986389, 345.955505371, 88.9388656616, 85.8530960083, -14.8190383911, 51.1955718994, -13.8950939178, -10.4747085571, -24.00548172, 16.3552379608], [217.655059814, -40.0292663574, 144.84072876, 80.0006027222, 88.9388656616, 310.569122314, 61.3536071777, 13.775018692, -4.38183927536, 12.1871614456, -26.2163391113, -8.29494571686, -15.6025114059], [-18.6139507294, 116.944000244, -15.9781627655, -5.34293985367, 85.8530960083, 61.3536071777, 175.429458618, 26.9108428955, -12.651227951, -24.3914203644, -4.30006790161, -35.4507713318, -2.65188288689], [61.4651794434, -149.449493408, -15.5320749283, 11.2239189148, -14.8190383911, 13.775018692, 26.9108428955, 165.091003418, 24.9267864227, 22.541683197, 16.0065441132, -8.20888710022, 7.17963171005], [-86.5471878052, 44.1259155273, 19.1239356995, 19.2220020294, 51.1955718994, -4.38183927536, -12.651227951, 24.9267864227, 136.284423828, 38.2961730957, 12.5189876556, 9.08056163788, -8.29550933838], [-93.1811294556, -88.6382751465, 4.6541352272, -5.27518081665, -13.8950939178, 12.1871614456, -24.3914203644, 22.541683197, 38.2961730957, 88.8982315063, 45.5500602722, 6.09819984436, 0.508754193783], [-117.73059845, -14.4752779007, -23.9194164276, -50.1807289124, -10.4747085571, -26.2163391113, -4.30006790161, 16.0065441132, 12.5189876556, 45.5500602722, 108.002975464, 33.6190834045, 12.0751037598], [-24.693813324, -49.0713157654, 10.2093696594, -9.17390155792, -24.00548172, -8.29494571686, -35.4507713318, -8.20888710022, 9.08056163788, 6.09819984436, 33.6190834045, 91.8664093018, 36.9355621338], [-67.7524414062, 10.0863990784, -54.917930603, -86.8579864502, 16.3552379608, -15.6025114059, -2.65188288689, 7.17963171005, -8.29550933838, 0.508754193783, 12.0751037598, 36.9355621338, 89.256401062]],
        "icov": [[0.000536363862921, -0.000914467324037, 0.00117599917576, -0.00127872626763, 0.00106137804687, -0.00111589068547, 0.000714086112566, -0.000842145062052, 0.000431190099334, -1.26218928926e-05, 0.000169119753991, -0.000253588863416, -0.000188699617865], [-0.000914467324037, 0.00611729593948, -0.00497557409108, 0.00375736365095, -0.00498112337664, 0.00428280979395, -0.00336741888896, 0.00520580261946, -0.00291901570745, 0.00420852005482, -0.00228086160496, 0.00347602320835, -0.00107296300121], [0.00117599917576, -0.00497557409108, 0.00667094625533, -0.00502519961447, 0.00491573661566, -0.00496886810288, 0.00315717188641, -0.00385083514266, 0.00185566954315, -0.00234779110178, 0.00123764399905, -0.00249823927879, 0.000355725816917], [-0.00127872626763, 0.00375736365095, -0.00502519961447, 0.00707861827686, -0.00453992979601, 0.00374147901312, -0.00230004033074, 0.00242003239691, -0.00120101659559, 0.000714168476406, 0.000820651068352, -0.000223300303333, 0.00348985032178], [0.00106137804687, -0.00498112337664, 0.00491573661566, -0.00453992979601, 0.00882990006357, -0.0052244621329, 0.00138511345722, -0.0028770333156, -0.00040407202323, -0.00120022683404, 0.000471425853902, -0.000430513813626, -0.00219981721602], [-0.00111589068547, 0.00428280979395, -0.00496886810288, 0.00374147901312, -0.0052244621329, 0.00823204033077, -0.00412689568475, 0.00313057051972, -0.000545799499378, -0.000568532384932, 0.000949555833358, 0.000337523088092, 0.00095893786056], [0.000714086112566, -0.00336741888896, 0.00315717188641, -0.00230004033074, 0.00138511345722, -0.00412689568475, 0.0102949282154, -0.00440091919154, 0.00215883529745, 0.0013632531045, -0.00113716407213, 0.00147438177373, 4.81548559037e-05], [-0.000842145062052, 0.00520580261946, -0.00385083514266, 0.00242003239691, -0.0028770333156, 0.00313057051972, -0.00440091919154, 0.0117256566882, -0.00440950226039, 0.0028197937645, -0.00319895078428, 0.00482236687094, -0.00323008839041], [0.000431190099334, -0.00291901570745, 0.00185566954315, -0.00120101659559, -0.00040407202323, -0.000545799499378, 0.00215883529745, -0.00440950226039, 0.0119511811063, -0.00746582588181, 0.0033731625881, -0.00491688959301, 0.00375929148868], [-1.26218928926e-05, 0.00420852005482, -0.00234779110178, 0.000714168476406, -0.00120022683404, -0.000568532384932, 0.0013632531045, 0.0028197937645, -0.00746582588181, 0.0236863456666, -0.0114012574777, 0.0078739784658, -0.00384533568285], [0.000169119753991, -0.00228086160496, 0.00123764399905, 0.000820651068352, 0.000471425853902, 0.000949555833358, -0.00113716407213, -0.00319895078428, 0.0033731625881, -0.0114012574777, 0.0173595249653, -0.0093399034813, 0.00414433935657], [-0.000253588863416, 0.00347602320835, -0.00249823927879, -0.000223300303333, -0.000430513813626, 0.000337523088092, 0.00147438177373, 0.00482236687094, -0.00491688959301, 0.0078739784658, -0.0093399034813, 0.0215275138617, -0.0106926281005], [-0.000188699617865, -0.00107296300121, 0.000355725816917, 0.00348985032178, -0.00219981721602, 0.00095893786056, 4.81548559037e-05, -0.00323008839041, 0.00375929148868, -0.00384533568285, 0.00414433935657, -0.0106926281005, 0.0198640096933]]
    },
    "melbands": {
        "dmean": [0.000729355670046, 0.00113553344272, 0.000543367350474, 0.000350222166162, 0.000158486553119, 0.000136953734909, 0.00010312001541, 8.8563785539e-05, 7.5184245361e-05, 7.73869323893e-05, 9.49872628553e-05, 0.000175289387698, 0.000100393473986, 6.66589403409e-05, 5.41778063052e-05, 3.84500272048e-05, 4.43963435828e-05, 5.25137475051e-05, 3.81377103622e-05, 3.43006795447e-05, 3.33282987413e-05, 2.01288639801e-05, 1.42696108014e-05, 1.41389255077e-05, 1.41791715578e-05, 1.1908498891e-05, 6.96947654433e-06, 4.71211660624e-06, 4.26004135079e-06, 3.66100130123e-06, 2.31505100601e-06, 1.92199217963e-06, 1.35201287321e-06, 1.20430138395e-06, 1.06190373117e-06, 8.13061717508e-07, 6.43806004064e-07, 4.24125488507e-07, 3.59838566055e-07, 1.67238212612e-07],
        "dmean2": [0.00117767695338, 0.00193118257448, 0.000904141634237, 0.000569640658796, 0.000257773732301, 0.000208463927265, 0.000167008052813, 0.000147727041622, 0.000118189207569, 0.000124075595522, 0.000151113257743, 0.000257630919805, 0.000148865714436, 0.000107711115561, 8.7730542873e-05, 6.36486292933e-05, 7.23010307411e-05, 8.61183361849e-05, 6.19656930212e-05, 5.57353559998e-05, 5.53752033738e-05, 3.36545635946e-05, 2.33121154452e-05, 2.27106556849e-05, 2.33842602029e-05, 1.9634149794e-05, 1.14138701974e-05, 7.92064656707e-06, 6.99549309502e-06, 6.12398343947e-06, 3.74833007299e-06, 3.08329185827e-06, 2.14389410758e-06, 1.94359290617e-06, 1.65455082879e-06, 1.30496221118e-06, 1.03153195141e-06, 6.77283708228e-07, 5.7364809436e-07, 2.59124192326e-07],
        "dvar": [2.50081257036e-06, 7.71091981733e-06, 8.60179454776e-07, 4.86424539758e-07, 8.54477022472e-08, 9.02735095565e-08, 6.7349191113e-08, 4.05987670149e-08, 5.21164906786e-08, 3.75964184229e-08, 6.74400197909e-08, 2.23350056672e-07, 6.31301162457e-08, 3.19903499246e-08, 1.89811153462e-08, 6.09771744209e-09, 9.42215194755e-09, 1.91588593879e-08, 5.06956165935e-09, 5.06007591383e-09, 3.53422491273e-09, 1.55509083388e-09, 4.96730157007e-10, 6.95888346947e-10, 4.73875994e-10, 2.70698852223e-10, 9.10424791112e-11, 3.89814153179e-11, 3.26943645768e-11, 3.24026430687e-11, 1.76365051036e-11, 1.26289837962e-11, 8.19760578863e-12, 6.41950338373e-12, 6.37376219512e-12, 2.5576179629e-12, 1.08839770963e-12, 7.12143126587e-13, 7.42816181828e-13, 1.8780422638e-13],
        "dvar2": [5.89979981669e-06, 2.05056931009e-05, 2.2795352379e-06, 1.21081154703e-06, 2.09027291476e-07, 1.76293880827e-07, 1.70410487499e-07, 1.07319102938e-07, 1.1919473053e-07, 9.07097188474e-08, 1.67796400774e-07, 4.8075844461e-07, 1.38707235919e-07, 7.94209071842e-08, 4.49471535546e-08, 1.56043657995e-08, 2.40705677612e-08, 4.92853118317e-08, 1.2597370258e-08, 1.12349303194e-08, 9.20888165723e-09, 3.98462285389e-09, 1.20298804251e-09, 1.51917756153e-09, 1.19862464398e-09, 7.13137826569e-10, 2.39504777122e-10, 1.0309735704e-10, 8.32696411823e-11, 7.99211946623e-11, 4.28748599124e-11, 2.94420009206e-11, 1.87786678568e-11, 1.58043335363e-11, 1.45216009356e-11, 6.64168459813e-12, 2.52205786637e-12, 1.59072635706e-12, 1.72880329843e-12, 4.32484993998e-13],
        "max": [0.0163313988596, 0.0313134267926, 0.0137397479266, 0.00803014915437, 0.00349802942947, 0.00469446182251, 0.00541597278789, 0.00364028220065, 0.00364064471796, 0.00322773074731, 0.00381217827089, 0.00851917359978, 0.00347028300166, 0.00383647764102, 0.00282265921123, 0.00142423796933, 0.00144002982415, 0.00315396185033, 0.00126899254974, 0.00109513779171, 0.00130974315107, 0.000855722464621, 0.000399523007218, 0.000803385861218, 0.000386495812563, 0.000244121198193, 0.000114270682388, 7.53643616918e-05, 6.74873081152e-05, 9.25601416384e-05, 5.78882427362e-05, 3.76527132175e-05, 4.28515995736e-05, 4.32469678344e-05, 4.50913757959e-05, 3.95254646719e-05, 1.97362278413e-05, 1.85301014426e-05, 2.51902383752e-05, 1.26105469462e-05],
        "mean": [0.000870921474416, 0.00136105413549, 0.000787307042629, 0.000534626946319, 0.000270958524197, 0.000238810767769, 0.00016699306434, 0.000132377623231, 0.000111978471978, 0.000112671434181, 0.000131734181195, 0.000362819555448, 0.00018484100292, 0.00010674718942, 9.4876770163e-05, 6.57984564896e-05, 7.59630493121e-05, 8.63132227096e-05, 6.8580484367e-05, 6.44677202217e-05, 6.10804345342e-05, 3.99674827349e-05, 2.99667317449e-05, 2.92006770906e-05, 3.07478003378e-05, 2.62513458438e-05, 1.48401704791e-05, 1.04595601442e-05, 9.13507119549e-06, 6.70035842631e-06, 4.23433357355e-06, 3.81529162041e-06, 2.42616238211e-06, 2.31323747357e-06, 2.07946459341e-06, 1.72076659055e-06, 1.49454137954e-06, 9.0269810471e-07, 7.48787670091e-07, 3.21193908803e-07],
        "median": [0.000357897486538, 0.000571304815821, 0.000521929992829, 0.000325730215991, 0.000154316512635, 9.76822193479e-05, 8.71419615578e-05, 7.74064319558e-05, 4.41116571892e-05, 4.65939883725e-05, 5.53273857804e-05, 4.59095099359e-05, 3.53295399691e-05, 5.09037272423e-05, 5.16794389114e-05, 3.84430968552e-05, 3.87328291254e-05, 3.59756631951e-05, 2.74774283753e-05, 3.28204587277e-05, 3.98907977797e-05, 2.47774987656e-05, 1.95252159756e-05, 1.69261293195e-05, 2.19395624299e-05, 2.10313610296e-05, 1.2334389794e-05, 8.97222889762e-06, 7.808135706e-06, 4.81463303004e-06, 2.84762654701e-06, 2.48972241934e-06, 1.44553257542e-06, 1.43009287967e-06, 1.29501802348e-06, 1.25172493881e-06, 1.10810378828e-06, 6.70847668971e-07, 5.55499411803e-07, 1.98654092287e-07],
        "min": [1.62176636564e-08, 8.95773411003e-09, 1.6810539627e-09, 1.31115029944e-09, 3.47414541579e-09, 2.04576999785e-09, 9.77115721668e-10, 2.15961271088e-09, 3.11922776497e-09, 2.60743937552e-09, 2.69435473932e-09, 2.17844164929e-09, 3.63859720132e-09, 6.65984245529e-09, 6.88833323714e-10, 2.59095278565e-09, 8.65106297709e-09, 1.37568978431e-08, 1.52226981021e-10, 2.01923944232e-09, 3.53407525466e-09, 4.81520989748e-10, 9.89856974165e-10, 1.0529357386e-09, 1.80845893816e-09, 1.79593984129e-09, 1.02710084882e-09, 7.33631710936e-10, 8.08676792197e-10, 1.50475479299e-10, 9.49154782548e-11, 3.77764347581e-11, 1.88930069506e-11, 1.46012039265e-11, 1.21538681896e-11, 2.86493866825e-11, 1.25849834026e-11, 1.18609184974e-11, 8.82916916661e-12, 7.71017884954e-12],
        "var": [2.70485747933e-06, 7.70733186073e-06, 9.48492356656e-07, 5.60593434784e-07, 1.44683539816e-07, 2.5867069553e-07, 9.47541280993e-08, 4.14151450912e-08, 9.0760273963e-08, 6.64670665174e-08, 9.04145167624e-08, 9.98287760012e-07, 1.89206446066e-07, 5.8146010673e-08, 3.56209284291e-08, 9.47897582648e-09, 1.55203991881e-08, 3.18212762807e-08, 1.19167298251e-08, 1.07184696674e-08, 6.19589979323e-09, 3.08089087575e-09, 1.46095457954e-09, 2.46343989652e-09, 1.51036017026e-09, 6.50690223924e-10, 1.98643032578e-10, 8.71870214914e-11, 6.84154261021e-11, 5.22733870079e-11, 2.61492546366e-11, 2.17165400246e-11, 1.20890554511e-11, 9.47072628654e-12, 9.65626363592e-12, 3.73071625676e-12, 2.34051081467e-12, 1.15133423628e-12, 1.02728025739e-12, 2.51316843855e-13]
    },
    "mfcc": {
        "mean": [-621.10345459, 104.163131714, -20.1486530304, 22.8057994843, 7.57737255096, 7.94166278839, 3.85799455643, 3.96423768997, -2.90403985977, 3.20316100121, -6.412068367, 1.14174056053, -3.17584633827],
        "cov": [[4699.77539062, -432.203033447, -20.2311820984, 311.172515869, -47.6810264587, 140.964859009, 12.3572883606, 175.749893188, -22.9533405304, 43.1826629639, -36.20570755, -138.240432739, -36.0011367798], [-432.203033447, 1035.94775391, -39.8870773315, -15.3176727295, 82.3569030762, 112.889442444, 56.2173156738, 6.07991504669, 32.1220397949, -15.5748538971, -54.5856895447, -11.8977508545, -26.7524414062], [-20.2311820984, -39.8870773315, 756.940002441, 146.029449463, 42.6725959778, 128.203826904, -23.4662017822, 59.2921180725, -21.2569236755, -11.4512195587, 64.8638534546, 13.4842281342, -1.72639286518], [311.172515869, -15.3176727295, 146.029449463, 348.42779541, 50.9759407043, 24.728307724, -13.7189016342, 39.1345252991, 4.07775354385, -1.21616208553, 33.3298339844, 6.96295166016, -12.4101066589], [-47.6810264587, 82.3569030762, 42.6725959778, 50.9759407043, 219.8384552, 103.544784546, 1.21179461479, 34.3175125122, 46.2876625061, 18.1562023163, 25.7005233765, 31.4327983856, 22.0717868805], [140.964859009, 112.889442444, 128.203826904, 24.728307724, 103.544784546, 285.140441895, 43.5573272705, 55.7614784241, 29.159072876, 5.94222831726, 22.9178943634, -12.731294632, -1.42698442936], [12.3572883606, 56.2173156738, -23.4662017822, -13.7189016342, 1.21179461479, 43.5573272705, 201.850143433, 43.0309181213, 24.9531269073, 37.5501098633, -0.640833258629, -20.38712883, -5.38661146164], [175.749893188, 6.07991504669, 59.2921180725, 39.1345252991, 34.3175125122, 55.7614784241, 43.0309181213, 119.742347717, 43.2147598267, 13.558131218, 12.8930187225, -6.85238075256, 10.2839784622], [-22.9533405304, 32.1220397949, -21.2569236755, 4.07775354385, 46.2876625061, 29.159072876, 24.9531269073, 43.2147598267, 114.663642883, 30.0175018311, 11.2269153595, -1.43602859974, -7.16421985626], [43.1826629639, -15.5748538971, -11.4512195587, -1.21616208553, 18.1562023163, 5.94222831726, 37.5501098633, 13.558131218, 30.0175018311, 109.145477295, 34.0072937012, 21.0413627625, 2.48280191422], [-36.20570755, -54.5856895447, 64.8638534546, 33.3298339844, 25.7005233765, 22.9178943634, -0.640833258629, 12.8930187225, 11.2269153595, 34.0072937012, 92.4058837891, 39.1674079895, 4.97956895828], [-138.240432739, -11.8977508545, 13.4842281342, 6.96295166016, 31.4327983856, -12.731294632, -20.38712883, -6.85238075256, -1.43602859974, 21.0413627625, 39.1674079895, 90.2138290405, 31.3896179199], [-36.0011367798, -26.7524414062, -1.72639286518, -12.4101066589, 22.0717868805, -1.42698442936, -5.38661146164, 10.2839784622, -7.16421985626, 2.48280191422, 4.97956895828, 31.3896179199, 75.7557296753]],
