{
"lowlevel": {
    "average_loudness": 0.973990380764,
    "barkbands_crest": {
        "dmean": 2.63162541389,
        "dmean2": 4.10219049454,
        "dvar": 6.86288976669,
        "dvar2": 14.2988948822,
        "max": 22.9676589966,
        "mean": 7.8411488533,
        "median": 6.55693817139,
        "min": 2.06742811203,
        "var": 16.342206955
    },
    "barkbands_flatness_db": {
        "dmean": 0.0187882706523,
        "dmean2": 0.0297775156796,
        "dvar": 0.000399351032684,
        "dvar2": 0.000926748616621,
        "max": 0.409769713879,
        "mean": 0.132006347179,
        "median": 0.120509043336,
        "min": 0.0568640306592,
        "var": 0.0016658634413
    },
    "barkbands_kurtosis": {
        "dmean": 1.88559269905,
        "dmean2": 3.0061044693,
        "dvar": 64.9211578369,
        "dvar2": 147.386322021,
        "max": 233.352584839,
        "mean": 0.977236926556,
        "median": -0.764448642731,
        "min": -1.9137891531,
        "var": 86.8983078003
    },
    "barkbands_skewness": {
        "dmean": 0.52165210247,
        "dmean2": 0.802559375763,
        "dvar": 0.460716426373,
        "dvar2": 0.931844472885,
        "max": 12.0578336716,
        "mean": 0.756061196327,
        "median": 0.525905966759,
        "min": -5.32713937759,
        "var": 1.37916815281
    },
    "barkbands_spread": {
        "dmean": 6.59342288971,
        "dmean2": 9.85988235474,
        "dvar": 48.7006187439,
        "dvar2": 91.9718093872,
        "max": 99.8397140503,
        "mean": 35.7019691467,
        "median": 34.6340637207,
        "min": 0.619318783283,
        "var": 213.994293213
    },
    "dissonance": {
        "dmean": 0.00880099274218,
        "dmean2": 0.0147498473525,
        "dvar": 7.07297294866e-05,
        "dvar2": 0.000192237697775,
        "max": 0.499954134226,
        "mean": 0.484952390194,
        "median": 0.487458199263,
        "min": 0.389868766069,
        "var": 0.000123948324472
    },
    "dynamic_complexity": 2.80531382561,
    "erbbands_crest": {
        "dmean": 1.85570716858,
        "dmean2": 3.02956438065,
        "dvar": 3.17013764381,
        "dvar2": 7.77827119827,
        "max": 26.957359314,
        "mean": 7.14947080612,
        "median": 6.56439685822,
        "min": 2.54979014397,
        "var": 8.22443294525
    },
    "erbbands_flatness_db": {
        "dmean": 0.0117948846892,
        "dmean2": 0.0173795390874,
        "dvar": 0.000133313224069,
        "dvar2": 0.000262976391241,
        "max": 0.325919061899,
        "mean": 0.173913672566,
        "median": 0.167450025678,
        "min": 0.100226096809,
        "var": 0.00112685665954
    },
    "erbbands_kurtosis": {
        "dmean": 0.744339227676,
        "dmean2": 1.14698791504,
        "dvar": 2.39663600922,
        "dvar2": 3.39547038078,
        "max": 48.3258781433,
        "mean": 0.562917232513,
        "median": 0.0533769130707,
        "min": -1.57621979713,
        "var": 6.31730031967
    },
    "erbbands_skewness": {
        "dmean": 0.283460617065,
        "dmean2": 0.436179220676,
        "dvar": 0.0979194194078,
        "dvar2": 0.188769936562,
        "max": 3.18930482864,
        "mean": -0.530085206032,
        "median": -0.512996792793,
        "min": -5.70338964462,
        "var": 0.526008367538
    },
    "erbbands_spread": {
        "dmean": 7.15734529495,
        "dmean2": 11.2531604767,
        "dvar": 66.1385574341,
        "dvar2": 152.562561035,
        "max": 140.274276733,
        "mean": 37.8277397156,
        "median": 35.1898269653,
        "min": 6.1771478653,
        "var": 255.972106934
    },
    "hfc": {
        "dmean": 9.07980251312,
        "dmean2": 13.3053665161,
        "dvar": 255.198577881,
        "dvar2": 490.427001953,
        "max": 247.610198975,
        "mean": 35.2633895874,
        "median": 31.0142936707,
        "min": 0.000298016762827,
        "var": 847.360107422
    },
    "melbands_crest": {
        "dmean": 3.49766921997,
        "dmean2": 5.52571344376,
        "dvar": 8.97505569458,
        "dvar2": 20.6193752289,
        "max": 30.1191940308,
        "mean": 13.2202939987,
        "median": 12.2404022217,
        "min": 3.16455435753,
        "var": 30.1547603607
    },
    "melbands_flatness_db": {
        "dmean": 0.0265592709184,
        "dmean2": 0.0407135859132,
        "dvar": 0.000878938473761,
        "dvar2": 0.00183547055349,
        "max": 0.486371189356,
        "mean": 0.138590276241,
        "median": 0.122339196503,
        "min": 0.0360123738647,
        "var": 0.00374947977252
    },
    "melbands_kurtosis": {
        "dmean": 6.24265193939,
        "dmean2": 9.87637805939,
        "dvar": 244.736862183,
        "dvar2": 558.804443359,
        "max": 372.539642334,
        "mean": 8.51079463959,
        "median": 2.52709436417,
        "min": -1.87490856647,
        "var": 424.401153564
    },
    "melbands_skewness": {
        "dmean": 0.771889269352,
        "dmean2": 1.20370531082,
        "dvar": 0.957385838032,
        "dvar2": 1.9973641634,
        "max": 12.3032417297,
        "mean": 2.18970489502,
        "median": 1.73878872395,
        "min": -1.7961807251,
        "var": 3.01535773277
    },
    "melbands_spread": {
        "dmean": 12.2780418396,
        "dmean2": 19.0480251312,
        "dvar": 242.50743103,
        "dvar2": 518.843994141,
        "max": 226.861587524,
        "mean": 45.6471862793,
        "median": 42.8793754578,
        "min": 0.469111949205,
        "var": 697.30645752
    },
    "pitch_salience": {
        "dmean": 0.0748837292194,
        "dmean2": 0.119841016829,
        "dvar": 0.00507492246106,
        "dvar2": 0.0122047970071,
        "max": 0.849587976933,
        "mean": 0.587452769279,
        "median": 0.606387197971,
        "min": 0.159843340516,
        "var": 0.0118798874319
    },
    "silence_rate_20dB": {
        "dmean": 0,
        "dmean2": 0,
        "dvar": 0,
        "dvar2": 0,
        "max": 1,
        "mean": 1,
        "median": 1,
        "min": 1,
        "var": 0
    },
    "silence_rate_30dB": {
        "dmean": 0,
        "dmean2": 0,
        "dvar": 0,
        "dvar2": 0,
        "max": 1,
        "mean": 1,
        "median": 1,
        "min": 1,
        "var": 0
    },
    "silence_rate_60dB": {
        "dmean": 0.00773993786424,
        "dmean2": 0.0154918665066,
        "dvar": 0.00768007198349,
        "dvar2": 0.0168011114001,
        "max": 1,
        "mean": 0.0355761796236,
        "median": 0,
        "min": 0,
        "var": 0.0343106798828
    },
    "spectral_centroid": {
        "dmean": 255.245071411,
        "dmean2": 401.646331787,
        "dvar": 76757.5,
        "dvar2": 154470.171875,
        "max": 5891.57958984,
        "mean": 2139.69189453,
        "median": 2142.91552734,
        "min": 164.021316528,
        "var": 289864.3125
    },
    "spectral_complexity": {
        "dmean": 4.38390111923,
        "dmean2": 6.85515117645,
        "dvar": 16.8681182861,
        "dvar2": 36.2741165161,
        "max": 61,
        "mean": 31.6279964447,
        "median": 35,
        "min": 0,
        "var": 169.72795105
    },
    "spectral_decrease": {
        "dmean": 2.18366769111e-09,
        "dmean2": 3.44184170054e-09,
        "dvar": 9.22257827495e-18,
        "dvar2": 2.24182158742e-17,
        "max": -1.68954707538e-13,
        "mean": -6.42945918727e-09,
        "median": -6.27888407934e-09,
        "min": -2.65768953511e-08,
        "var": 1.66626981351e-17
    },
    "spectral_energy": {
        "dmean": 0.00868381839246,
        "dmean2": 0.0136244324967,
        "dvar": 0.00013675338414,
        "dvar2": 0.000332167983288,
        "max": 0.102595157921,
        "mean": 0.0274647641927,
        "median": 0.0279007684439,
        "min": 6.65747847961e-07,
        "var": 0.000272576260613
    },
    "spectral_energyband_high": {
        "dmean": 0.000882373424247,
        "dmean2": 0.00125380710233,
        "dvar": 4.63400010631e-06,
        "dvar2": 8.69945142767e-06,
        "max": 0.0314534083009,
        "mean": 0.00205976935104,
        "median": 0.00126117735635,
        "min": 7.77914266337e-09,
        "var": 1.06281158878e-05
    },
    "spectral_energyband_low": {
        "dmean": 0.00669286120683,
        "dmean2": 0.0106639480218,
        "dvar": 0.000127922787215,
        "dvar2": 0.000306089699734,
        "max": 0.0945598110557,
        "mean": 0.00976352952421,
        "median": 0.00477987946942,
        "min": 3.12954767878e-07,
        "var": 0.000164973404026
    },
    "spectral_energyband_middle_high": {
        "dmean": 0.0022150860168,
        "dmean2": 0.00341801717877,
        "dvar": 7.17437660569e-06,
        "dvar2": 1.65209894476e-05,
        "max": 0.0353728085756,
        "mean": 0.00954536348581,
        "median": 0.00764343654737,
        "min": 5.56012267339e-08,
        "var": 5.53101272089e-05
    },
    "spectral_energyband_middle_low": {
        "dmean": 0.0028827553615,
        "dmean2": 0.00489550968632,
        "dvar": 1.59984247148e-05,
        "dvar2": 4.26925034844e-05,
        "max": 0.0394843481481,
        "mean": 0.00740435626358,
        "median": 0.00687610916793,
        "min": 2.32928528021e-07,
        "var": 2.93547891488e-05
    },
    "spectral_entropy": {
        "dmean": 0.0905192568898,
        "dmean2": 0.133439511061,
        "dvar": 0.0102705368772,
        "dvar2": 0.0210972372442,
        "max": 8.59527587891,
        "mean": 7.88929033279,
        "median": 7.89481210709,
        "min": 6.11219358444,
        "var": 0.0627681314945
    },
    "spectral_flux": {
        "dmean": 0.0251192320138,
        "dmean2": 0.0402755253017,
        "dvar": 0.000954073388129,
        "dvar2": 0.00211233319715,
        "max": 0.285279393196,
        "mean": 0.0935533121228,
        "median": 0.0923270955682,
        "min": 0.000834081787616,
        "var": 0.00213031587191
    },
    "spectral_kurtosis": {
        "dmean": 1.26642739773,
        "dmean2": 2.1833987236,
        "dvar": 2.43563628197,
        "dvar2": 7.67566919327,
        "max": 14.6168727875,
        "mean": 2.51355624199,
        "median": 2.24480438232,
        "min": -1.16231572628,
        "var": 3.41116046906
    },
    "spectral_rms": {
        "dmean": 0.000765758333728,
        "dmean2": 0.00118237140123,
        "dvar": 8.87941666861e-07,
        "dvar2": 2.04166212825e-06,
        "max": 0.0100046405569,
        "mean": 0.00487556681037,
        "median": 0.00521730398759,
        "min": 2.54854876403e-05,
        "var": 3.0237822557e-06
    },
    "spectral_rolloff": {
        "dmean": 661.44708252,
        "dmean2": 1069.13781738,
        "dvar": 916030.3125,
        "dvar2": 1592055.875,
        "max": 9711.47460938,
        "mean": 2740.84228516,
        "median": 2605.51757812,
        "min": 86.1328125,
        "var": 3230056.25
    },
    "spectral_skewness": {
        "dmean": 0.181367188692,
        "dmean2": 0.301720499992,
        "dvar": 0.0299236513674,
        "dvar2": 0.0863873064518,
        "max": 2.14181256294,
        "mean": 0.967676103115,
        "median": 1.00412583351,
        "min": -0.422566235065,
        "var": 0.0865425169468
    },
    "spectral_spread": {
        "dmean": 357372.65625,
        "dmean2": 507118.6875,
        "dvar": 195815849984,
        "dvar2": 269392527360,
        "max": 11465584,
        "mean": 3978127.25,
        "median": 3851879.25,
        "min": 1823809.375,
        "var": 1.6607084544e+12
    },
    "spectral_strongpeak": {
        "dmean": 0.543612539768,
        "dmean2": 0.951130867004,
        "dvar": 0.955328881741,
        "dvar2": 2.47342658043,
        "max": 14.290148735,
        "mean": 0.808390974998,
        "median": 0.364872485399,
        "min": 0.00101962371264,
        "var": 1.26747441292
    },
    "zerocrossingrate": {
        "dmean": 0.0133710457012,
        "dmean2": 0.0145977558568,
        "dvar": 0.000237692132941,
        "dvar2": 0.000253048201557,
        "max": 0.33642578125,
        "mean": 0.0884672701359,
        "median": 0.08251953125,
        "min": 0.00537109375,
        "var": 0.00179159885738
    },
    "barkbands": {
        "dmean": [5.17683984071e-05, 0.00409208238125, 0.00328261195682, 0.0015956267016, 0.00110394251533, 0.000483083189465, 0.000451721192803, 0.000358401768608, 0.00052568706451, 0.000976421346422, 0.000556761340704, 0.000368157110643, 0.000329032947775, 0.000395932671381, 0.00045801338274, 0.000521618290804, 0.000544647045899, 0.000361313344911, 0.000377099117031, 0.000199919842998, 0.000178635586053, 0.000229735029279, 0.000242285241256, 0.000253676087596, 8.67156195454e-05, 7.56171516514e-08, 1.20219638688e-08],
        "dmean2": [8.46173716127e-05, 0.00610838318244, 0.00574419554323, 0.00281023792922, 0.00189406389836, 0.000785676762462, 0.000724711455405, 0.000571222684812, 0.000826569448691, 0.00156628910918, 0.000873563985806, 0.000596455531195, 0.000523467781022, 0.000652618764434, 0.000735148089007, 0.000867643626407, 0.000886738416739, 0.000595561810769, 0.000622841645963, 0.000340033846442, 0.000294782337733, 0.000362868944649, 0.000338239711709, 0.000354778661858, 0.000126409664517, 1.1703546221e-07, 2.22129141747e-08],
        "dvar": [1.45147058817e-08, 5.85540910834e-05, 3.44995096384e-05, 5.71031296204e-06, 4.07643483413e-06, 5.83886844652e-07, 1.07110156478e-06, 4.44036288627e-07, 5.5518262343e-07, 2.93092216452e-06, 1.56196006174e-06, 6.77084642575e-07, 5.81493964091e-07, 7.38764128982e-07, 4.49084978982e-07, 8.00019222424e-07, 4.11255285826e-07, 2.26024823746e-07, 1.87537949614e-07, 9.97107960643e-08, 7.21578032881e-08, 3.09637442797e-07, 7.33563240374e-07, 8.75314640325e-07, 8.67582556907e-08, 5.70740896493e-14, 4.02853740154e-15],
        "dvar2": [3.58319311999e-08, 0.000124452752061, 9.67813102761e-05, 1.6680049157e-05, 1.07641981231e-05, 1.55588350026e-06, 2.71234125648e-06, 1.07819141704e-06, 1.34450442602e-06, 7.28388022253e-06, 3.31092383021e-06, 1.72443662905e-06, 1.14828060305e-06, 1.93422715711e-06, 1.12516545414e-06, 2.178132263e-06, 1.0392978993e-06, 5.46081480479e-07, 4.80212463572e-07, 2.61686523118e-07, 1.85328673297e-07, 6.927464824e-07, 1.4544041278e-06, 1.77033291493e-06, 1.53312143425e-07, 1.29680418964e-13, 1.15759698444e-14],
        "max": [0.00121479888912, 0.0654113292694, 0.0589684024453, 0.0178657025099, 0.0239039678127, 0.012485104613, 0.01654644683, 0.00901752058417, 0.0147847011685, 0.0218908190727, 0.0285299792886, 0.0123168593273, 0.017882026732, 0.0152433197945, 0.0111624794081, 0.0159411467612, 0.00905082561076, 0.0118281021714, 0.00597233511508, 0.00427556643263, 0.00318451831117, 0.0108757931739, 0.0141694508493, 0.0165694784373, 0.00586362043396, 4.42956707047e-06, 1.12636655558e-06],
        "mean": [4.5875494834e-05, 0.00457999063656, 0.00393474055454, 0.00235204468481, 0.00170823605731, 0.000885649700649, 0.000688067753799, 0.000564062094782, 0.000993699184619, 0.00179696339183, 0.000865755951963, 0.000580892083235, 0.000554355850909, 0.00066656403942, 0.00092378037516, 0.00102398195304, 0.0012579173781, 0.000796342385001, 0.000964371254668, 0.000428820785601, 0.000416047463659, 0.000398742296966, 0.000409642903833, 0.00045894170762, 0.000169163133251, 1.18688696205e-07, 7.92817989037e-09],
        "median": [5.9060212152e-06, 0.00104987737723, 0.00192890246399, 0.00166382978205, 0.00107391295023, 0.000521504960489, 0.000345084059518, 0.000317716418067, 0.000617372454144, 0.000817551277578, 0.000276880193269, 0.000283119385131, 0.000200473950827, 0.000332108465955, 0.000558959553018, 0.000627296685707, 0.00102403294295, 0.000634222640656, 0.000809920951724, 0.000328728725435, 0.000356499047484, 0.000235522136791, 0.000148204460857, 0.000167122474522, 4.9308877351e-05, 3.14605621554e-08, 5.25113175165e-10],
        "min": [5.22413723392e-10, 4.32912869996e-08, 1.471157276e-07, 3.23772724187e-08, 1.21385795637e-07, 1.30475994453e-08, 4.03652611336e-10, 8.13506950692e-09, 4.43392167426e-09, 2.54749066286e-09, 3.47462614236e-09, 1.41026768041e-09, 6.41538711044e-10, 6.88332002508e-10, 7.84790288311e-10, 7.03388847167e-10, 1.77633963094e-09, 2.5872777254e-09, 1.10804405651e-08, 1.60568836005e-09, 2.38629627169e-09, 1.37511124709e-09, 1.6278995929e-09, 6.98243463049e-10, 1.7443986533e-10, 2.29237852659e-12, 3.70676839917e-12],
        "var": [1.30446426994e-08, 7.32249754947e-05, 3.58460056304e-05, 5.99675468038e-06, 4.63189826405e-06, 1.35595269057e-06, 1.32348009174e-06, 6.44395242944e-07, 1.75906779987e-06, 7.51375728214e-06, 3.32596982844e-06, 1.19752746741e-06, 1.42374517509e-06, 1.17542845146e-06, 1.18961054341e-06, 1.86750150988e-06, 1.10206610771e-06, 6.84255098804e-07, 5.95122855884e-07, 1.83312252489e-07, 1.36094456593e-07, 4.7361075417e-07, 1.21158643651e-06, 1.68352255514e-06, 2.6357267302e-07, 1.24923698773e-13, 2.37398072358e-15]
    },
    "erbbands": {
        "dmean": [0.10060916841, 1.02308046818, 3.48451256752, 4.44242763519, 4.95531749725, 3.08682537079, 3.59271144867, 4.22108221054, 5.81970834732, 7.19205474854, 6.71332168579, 12.9191541672, 14.6762237549, 33.5956687927, 21.0229644775, 13.6026706696, 15.3054437637, 14.7624607086, 25.6370067596, 18.6555557251, 30.0517101288, 24.1663169861, 21.0939083099, 17.1529045105, 18.3634624481, 9.64406585693, 7.93293762207, 7.13208627701, 7.94481039047, 8.1242389679, 6.85682344437, 5.87991571426, 3.87962388992, 1.76248633862, 0.161088883877, 0.00673185195774, 0.000314199045533, 4.21645927418e-05, 1.2333961422e-05, 1.19126216305e-05],
        "dmean2": [0.146681517363, 1.61631608009, 6.11442613602, 7.88703346252, 8.50200271606, 5.19910621643, 5.98220348358, 6.87635421753, 9.52921867371, 11.6075115204, 10.6320838928, 20.0600986481, 23.755853653, 52.6337547302, 33.1298141479, 21.7527961731, 24.1327419281, 23.7208347321, 41.2427215576, 30.0285625458, 49.8430099487, 39.4502906799, 34.0536270142, 28.4867782593, 29.9929084778, 16.3831367493, 13.314242363, 11.816485405, 12.816778183, 12.0490159988, 9.78629970551, 9.15625095367, 5.19098854065, 2.46542859077, 0.231785148382, 0.00952143874019, 0.000431431952165, 5.81468339078e-05, 1.74640535988e-05, 1.81555078598e-05],
        "dvar": [0.040952321142, 3.68996906281, 40.0543251038, 50.7963142395, 85.1505508423, 25.4441452026, 34.3013954163, 43.1789512634, 140.707855225, 464.055389404, 113.360389709, 389.967651367, 642.636047363, 3851.27978516, 2458.83227539, 768.391235352, 1179.65332031, 1385.24731445, 1552.66748047, 982.130004883, 2675.21875, 762.833251953, 747.268798828, 400.211395264, 506.07043457, 225.240112305, 135.991867065, 127.987823486, 316.366271973, 520.105224609, 668.565185547, 625.924133301, 178.330337524, 34.6538619995, 0.362868577242, 0.000567416776903, 1.0263159993e-06, 1.65614952863e-08, 8.42235448051e-10, 2.63606636519e-10],
        "dvar2": [0.0814080387354, 8.41239738464, 113.923194885, 149.986068726, 224.294342041, 67.4598617554, 89.9182739258, 115.16103363, 361.846496582, 1198.52954102, 259.236236572, 875.229187012, 1665.32836914, 8979.42871094, 4750.84472656, 1944.59155273, 2501.88427734, 3470.96972656, 3690.94311523, 2414.84814453, 7314.82324219, 1946.94689941, 1880.61755371, 1017.76647949, 1310.80969238, 607.1953125, 359.82635498, 313.99987793, 694.360839844, 1108.01586914, 1346.49645996, 1511.67077637, 275.462646484, 56.1457328796, 0.743640422821, 0.00109389785212, 1.75441914507e-06, 2.8413946751e-08, 1.47561873831e-09, 5.64651381207e-10],
        "max": [1.84485626221, 17.2026805878, 55.6995391846, 54.4052963257, 116.541213989, 55.9794044495, 79.2609329224, 77.2370452881, 198.862808228, 399.828887939, 158.500305176, 458.079284668, 426.631195068, 825.308837891, 1301.94946289, 356.467315674, 771.127807617, 712.294372559, 567.240478516, 561.394042969, 1104.58129883, 374.552490234, 710.489685059, 375.522949219, 364.91885376, 187.745635986, 127.169944763, 158.596817017, 291.011138916, 353.789855957, 401.730895996, 439.963745117, 370.573059082, 133.101043701, 15.7273864746, 0.600904285908, 0.022420424968, 0.00244700536132, 0.000565175607335, 0.000225379335461],
        "mean": [0.102306239307, 1.1755926609, 4.16034030914, 6.56184434891, 7.14862918854, 5.0068860054, 6.13387441635, 7.55413484573, 9.47529315948, 10.862326622, 12.6856164932, 25.1012172699, 28.5574073792, 64.5531082153, 37.7616386414, 24.4230308533, 27.1538963318, 26.8552875519, 54.826789856, 39.6374168396, 65.755607605, 63.9066543579, 51.843132019, 43.8386459351, 43.9608917236, 21.2211933136, 17.4630775452, 15.6558856964, 14.1431035995, 13.3919630051, 11.4102878571, 9.26617527008, 7.58707094193, 3.60902643204, 0.290573984385, 0.0126471314579, 0.000658604723867, 9.19631347642e-05, 3.5294706322e-05, 4.0122478822e-05],
        "median": [0.0127110779285, 0.343257367611, 1.93342506886, 4.8124461174, 4.41162157059, 3.1244468689, 3.75606799126, 4.2441110611, 4.95486021042, 5.92038345337, 7.97729492188, 15.265422821, 18.4140796661, 26.6080493927, 15.5070533752, 12.9415168762, 10.5739622116, 15.7045974731, 33.778793335, 27.5019454956, 44.3852958679, 54.9997520447, 42.9387779236, 37.5842628479, 33.7360420227, 16.8120479584, 14.737663269, 13.194653511, 8.79378795624, 5.8282828331, 3.89068031311, 3.44243764877, 2.67272472382, 1.10001170635, 0.0795226842165, 0.00361629272811, 0.000221733789658, 3.64686311514e-05, 2.5655304853e-05, 3.95501156163e-05],
        "min": [5.31040484475e-07, 1.40728652696e-05, 0.000130005850224, 0.000198026347789, 0.000379933044314, 0.000221716822125, 0.000165625373484, 8.39610438561e-05, 1.85819153558e-05, 4.74743173982e-05, 0.000110791661427, 0.000111340821604, 0.000124539918033, 6.85029372107e-05, 0.00012018030975, 6.44186802674e-05, 8.12745420262e-05, 3.57370008714e-05, 3.4878772567e-05, 6.73902177368e-05, 2.65880389634e-05, 9.45961801335e-05, 0.000173408596311, 0.000509788747877, 0.000348995032255, 8.8765838882e-05, 7.78338508098e-05, 9.8977034213e-05, 4.22732227889e-05, 5.97491634835e-05, 4.19534298999e-05, 1.6560401491e-05, 1.25598389786e-05, 4.30202135249e-06, 1.58562485808e-07, 1.72332033088e-08, 4.22489909724e-09, 1.64917290935e-09, 8.99131213927e-10, 8.48509540408e-10],
        "var": [0.0499036349356, 4.27175092697, 39.3325042725, 49.1802749634, 87.4390487671, 39.1394271851, 57.3649406433, 98.9047622681, 203.708023071, 447.075653076, 230.848434448, 1297.99560547, 1402.96032715, 10362.9746094, 6113.265625, 1640.72558594, 3191.48828125, 2232.18286133, 4285.23291016, 2167.5012207, 6751.80957031, 2476.578125, 2211.70385742, 1294.71801758, 1467.80810547, 410.429046631, 265.850585938, 219.767166138, 516.121704102, 824.778320312, 1059.5480957, 717.692932129, 526.342590332, 117.622802734, 0.8593993783, 0.00151080533396, 3.35156096298e-06, 5.22274774539e-08, 2.57517251967e-09, 7.36372129939e-10]
    },
    "gfcc": {
        "mean": [9.402094841, 99.7910690308, -160.353637695, 70.3169250488, -67.0587310791, 21.5541000366, -36.9966964722, 7.67174291611, -14.0918693542, -22.8831996918, -6.30883979797, -20.3203697205, 3.82588720322],
        "cov": [[5631.51416016, -1083.76477051, 37.1902694702, -369.432617188, -649.345581055, 712.042602539, -394.543304443, 319.097991943, -103.664863586, 186.521911621, -63.0300750732, 39.8899765015, 47.4855880737], [-1083.76477051, 955.171264648, -200.713668823, 79.6690597534, 410.235931396, -347.34552002, 274.95425415, -115.323303223, 100.718696594, -68.2672653198, 76.6997146606, -19.7432174683, 43.4580383301], [37.1902694702, -200.713668823, 537.493774414, 178.539855957, -43.7378768921, 198.74017334, -65.1875457764, 89.8577270508, 21.7454471588, 32.334487915, -3.15471458435, 18.6454334259, -14.013297081], [-369.432617188, 79.6690597534, 178.539855957, 263.130096436, 143.084182739, -46.9256820679, 61.8428611755, 8.50991916656, 80.6432647705, 1.73408603668, 27.7049293518, 16.8754901886, -13.1487531662], [-649.345581055, 410.235931396, -43.7378768921, 143.084182739, 335.022674561, -133.014038086, 180.95350647, -24.0237903595, 80.2656173706, -24.1136112213, 50.8212814331, -0.137098714709, 9.36114788055], [712.042602539, -347.34552002, 198.74017334, -46.9256820679, -133.014038086, 368.852905273, -51.6501121521, 77.1716918945, -41.9288482666, 48.8317489624, -0.975888669491, 4.7781085968, -5.26981639862], [-394.543304443, 274.95425415, -65.1875457764, 61.8428611755, 180.95350647, -51.6501121521, 175.900802612, -19.6691799164, 55.8502807617, -19.7621593475, 39.7016639709, -2.77003741264, 4.29970169067], [319.097991943, -115.323303223, 89.8577270508, 8.50991916656, -24.0237903595, 77.1716918945, -19.6691799164, 124.21598053, 26.1113433838, 34.1661987305, -4.23055362701, 7.244556427, 10.5018663406], [-103.664863586, 100.718696594, 21.7454471588, 80.6432647705, 80.2656173706, -41.9288482666, 55.8502807617, 26.1113433838, 99.1294403076, 21.2205677032, 23.2807064056, 4.31378364563, 0.233472913504], [186.521911621, -68.2672653198, 32.334487915, 1.73408603668, -24.1136112213, 48.8317489624, -19.7621593475, 34.1661987305, 21.2205677032, 64.7610244751, 21.7599010468, 9.33779811859, 4.57420539856], [-63.0300750732, 76.6997146606, -3.15471458435, 27.7049293518, 50.8212814331, -0.975888669491, 39.7016639709, -4.23055362701, 23.2807064056, 21.7599010468, 61.3345146179, 24.0066261292, 8.30621242523], [39.8899765015, -19.7432174683, 18.6454334259, 16.8754901886, -0.137098714709, 4.7781085968, -2.77003741264, 7.244556427, 4.31378364563, 9.33779811859, 24.0066261292, 45.7101593018, 21.2960567474], [47.4855880737, 43.4580383301, -14.013297081, -13.1487531662, 9.36114788055, -5.26981639862, 4.29970169067, 10.5018663406, 0.233472913504, 4.57420539856, 8.30621242523, 21.2960567474, 46.1793441772]],
        "icov": [[0.000365806918126, -0.000270458549494, 0.000576308812015, -0.000259444612311, 0.000396473391447, -0.000904893036932, 0.0007917531766, -0.000714709865861, -0.000233634913457, -0.000119507261843, 0.000246752053499, -0.000424182595452, 4.88121877424e-05], [-0.000270458549494, 0.00634549697861, -0.00270425993949, 0.00384329701774, -0.00398020260036, 0.0049589923583, -0.00468289013952, 0.00346251926385, -0.00168988190126, 0.00206216541119, -0.00536255072802, 0.00706070940942, -0.00688571156934], [0.000576308812015, -0.00270425993949, 0.00637815939263, -0.0059638377279, 0.00216048071161, -0.00551493978128, 0.00503207370639, -0.00367931206711, 0.000402138917707, 0.000295409263344, 0.00218694191426, -0.00298455171287, 0.00244226586074], [-0.000259444612311, 0.00384329701774, -0.0059638377279, 0.0129973581061, -0.0059931143187, 0.00480570318177, -0.00293983588926, 0.00380572373979, -0.00564305949956, 0.00131265027449, -0.00221858010627, -0.000453525019111, 0.000219232722884], [0.000396473391447, -0.00398020260036, 0.00216048071161, -0.0059931143187, 0.0124226976186, -0.00158955354709, -0.00420366926119, -0.00337450392544, 0.00147471542004, -0.000422708457336, 0.000172601168742, -0.000946419371758, 0.00118613289669], [-0.000904893036932, 0.0049589923583, -0.00551493978128, 0.00480570318177, -0.00158955354709, 0.0109729170799, -0.00819439347833, 0.00190982222557, 0.00261251162738, -0.00172967917752, -0.00481725251302, 0.00587355159223, -0.00382245657966], [0.0007917531766, -0.00468289013952, 0.00503207370639, -0.00293983588926, -0.00420366926119, -0.00819439347833, 0.0221827346832, -0.00277768517844, -0.00552467629313, 0.00593382306397, -0.0026396678295, -0.00204535503872, 0.00362421898171], [-0.000714709865861, 0.00346251926385, -0.00367931206711, 0.00380572373979, -0.00337450392544, 0.00190982222557, -0.00277768517844, 0.0156420674175, -0.00541207101196, -0.00309014995582, 0.00176511192694, 0.00238555064425, -0.00603720918298], [-0.000233634913457, -0.00168988190126, 0.000402138917707, -0.00564305949956, 0.00147471542004, 0.00261251162738, -0.00552467629313, -0.00541207101196, 0.0222403518856, -0.00919644348323, 0.00108859757893, -0.000508101948071, 0.00292718363926], [-0.000119507261843, 0.00206216541119, 0.000295409263344, 0.00131265027449, -0.000422708457336, -0.00172967917752, 0.00593382306397, -0.00309014995582, -0.00919644348323, 0.0301852338016, -0.0162613429129, 0.00672779371962, -0.00443692831323], [0.000246752053499, -0.00536255072802, 0.00218694191426, -0.00221858010627, 0.000172601168742, -0.00481725251302, -0.0026396678295, 0.00176511192694, 0.00108859757893, -0.0162613429129, 0.0397115722299, -0.024836268276, 0.0100002475083], [-0.000424182595452, 0.00706070940942, -0.00298455171287, -0.000453525019111, -0.000946419371758, 0.00587355159223, -0.00204535503872, 0.00238555064425, -0.000508101948071, 0.00672779371962, -0.024836268276, 0.0492202229798, -0.0256281681359], [4.88121877424e-05, -0.00688571156934, 0.00244226586074, 0.000219232722884, 0.00118613289669, -0.00382245657966, 0.00362421898171, -0.00603720918298, 0.00292718363926, -0.00443692831323, 0.0100002475083, -0.0256281681359, 0.0396914891899]]
    },
    "melbands": {
        "dmean": [0.00105031486601, 0.0016187770525, 0.000764131953474, 0.000275864586001, 0.000121862285596, 9.29296656977e-05, 8.99369624676e-05, 8.03692164482e-05, 5.55579172214e-05, 8.29379132483e-05, 7.80291302362e-05, 0.000146677077282, 7.74156724219e-05, 4.75314773212e-05, 3.25702312693e-05, 3.15909092024e-05, 3.08378257614e-05, 4.49482467957e-05, 3.01864056382e-05, 3.03735741909e-05, 3.84675622627e-05, 2.67727937171e-05, 3.15423130814e-05, 1.61854441103e-05, 1.51916210598e-05, 1.872863686e-05, 8.15804287413e-06, 6.54767063679e-06, 5.78243088967e-06, 4.7361813813e-06, 4.36931986769e-06, 4.8083134061e-06, 4.91089440402e-06, 4.70452368972e-06, 4.17452247348e-06, 4.11625023844e-06, 3.47444120052e-06, 2.76971741187e-06, 2.56249177255e-06, 1.23569316202e-06],
        "dmean2": [0.00151279917918, 0.00278830411844, 0.00134577800054, 0.000470817147288, 0.000203174044145, 0.000150824140292, 0.000145303594763, 0.00012870298815, 8.83238317329e-05, 0.000128921368741, 0.000126413753605, 0.000231110636378, 0.000122948054923, 7.69924445194e-05, 5.18852612004e-05, 5.05826792505e-05, 5.06371179654e-05, 7.24673227523e-05, 4.87619508931e-05, 5.03095507156e-05, 6.39445643174e-05, 4.34402063547e-05, 5.20331122971e-05, 2.67540654022e-05, 2.5285040465e-05, 3.07612899633e-05, 1.35113250508e-05, 1.11582476165e-05, 9.63384627539e-06, 7.96322183305e-06, 7.28651502868e-06, 7.96905715106e-06, 7.63973184803e-06, 6.91406103215e-06, 5.95800429437e-06, 6.36227696305e-06, 5.32702142664e-06, 3.79109496862e-06, 3.67619895769e-06, 1.79352514351e-06],
        "dvar": [3.96474024456e-06, 8.23654499982e-06, 1.40509496305e-06, 2.74287373259e-07, 3.45968764748e-08, 2.15874784715e-08, 3.27063673922e-08, 4.72153800501e-08, 7.55595763735e-09, 1.49093697388e-08, 1.8644943367e-08, 7.31583895686e-08, 3.17970680896e-08, 1.21790897367e-08, 4.04786648645e-09, 7.82991449455e-09, 5.9860623125e-09, 5.42581490848e-09, 2.1177943843e-09, 3.01975267014e-09, 4.47408821103e-09, 1.00810337855e-09, 1.585322984e-09, 4.88655949038e-10, 3.24544807695e-10, 5.57321966355e-10, 1.48782167142e-10, 1.05494619984e-10, 7.07767039421e-11, 5.01579923429e-11, 5.39267276667e-11, 9.59271412304e-11, 2.54583631953e-10, 1.7338613878e-10, 2.28567609284e-10, 3.08455927467e-10, 2.14036940949e-10, 9.37536367984e-11, 8.46434380919e-11, 1.75894090959e-11],
        "dvar2": [7.89640034782e-06, 2.25022213272e-05, 4.11901964981e-06, 7.26656026018e-07, 9.20463563148e-08, 5.77525227641e-08, 8.16581078311e-08, 1.19344136351e-07, 1.68384719501e-08, 3.39272610006e-08, 4.82466369078e-08, 1.71875740307e-07, 6.51308766919e-08, 3.10964480832e-08, 9.73016067718e-09, 1.45109826377e-08, 1.5330437364e-08, 1.31640147671e-08, 5.31646904278e-09, 7.65589724949e-09, 1.15190079697e-08, 2.56614063332e-09, 4.03524857973e-09, 1.23005861052e-09, 8.40698843874e-10, 1.46918088806e-09, 3.92109733571e-10, 2.87582763159e-10, 1.89681464979e-10, 1.34657687778e-10, 1.32453825685e-10, 2.32211722073e-10, 6.21336815332e-10, 3.60840274327e-10, 4.47363479594e-10, 7.11193492986e-10, 5.27416887941e-10, 1.4384081426e-10, 1.32519217821e-10, 3.12955703019e-11],
        "max": [0.0158589947969, 0.0235356856138, 0.00836196541786, 0.00625167647377, 0.00251698726788, 0.00183702050708, 0.00262947101146, 0.00393754569814, 0.00148244027514, 0.0025933503639, 0.00230301660486, 0.00361239141785, 0.0044529796578, 0.00191329733934, 0.0010380409658, 0.00245273043402, 0.00133945373818, 0.000919758982491, 0.000664145103656, 0.000834539299831, 0.00152691581752, 0.000491658167448, 0.000789353391156, 0.000420377880801, 0.000309178984025, 0.000335661927238, 0.000215859050513, 0.000134253932629, 9.58099626587e-05, 9.11541646929e-05, 0.000117000956379, 0.000151294880197, 0.000372324691853, 0.000211394915823, 0.000233984392253, 0.000290301541099, 0.000247285759542, 0.000252795871347, 0.00023329720716, 7.67916208133e-05],
        "mean": [0.00112854875624, 0.00199312018231, 0.0012072280515, 0.000432803382864, 0.000215200081584, 0.000166904908838, 0.000144295729115, 0.000122761644889, 0.000106939041871, 0.000156537775183, 0.000145492027514, 0.000273421523161, 0.000125502425362, 7.60690309107e-05, 5.81937893003e-05, 5.1363640523e-05, 5.04564486619e-05, 9.03612890397e-05, 5.85495326959e-05, 5.71373566345e-05, 8.01845526439e-05, 6.29480346106e-05, 6.77652933518e-05, 3.43405918102e-05, 3.41654849763e-05, 4.1189861804e-05, 1.8211432689e-05, 1.27920739033e-05, 1.12271573016e-05, 9.79843116511e-06, 8.74921352079e-06, 8.0090121628e-06, 7.63427306083e-06, 7.41688927519e-06, 6.6638581302e-06, 6.15600310994e-06, 5.3587414186e-06, 5.19797049492e-06, 5.05572097609e-06, 2.41357861341e-06],
        "median": [0.000206039505429, 0.000905731809326, 0.000940459140111, 0.000283858564217, 0.000132801767904, 9.54476709012e-05, 7.29863313609e-05, 6.97335053701e-05, 6.55180338072e-05, 9.16237331694e-05, 8.97120407899e-05, 0.000108775071567, 4.546625496e-05, 3.61991224054e-05, 2.58695254161e-05, 1.82184357982e-05, 2.79843352473e-05, 5.26999319845e-05, 3.82778016501e-05, 3.36966950272e-05, 5.16266190971e-05, 5.21269503224e-05, 5.55457590963e-05, 2.63774436462e-05, 2.80164367723e-05, 2.97769438475e-05, 1.4000172996e-05, 9.55443829298e-06, 8.70278017828e-06, 7.69469534134e-06, 7.0648034125e-06, 4.97095561514e-06, 3.62997229786e-06, 2.94594337902e-06, 2.12636587094e-06, 1.9651108687e-06, 2.0239249352e-06, 1.80808046935e-06, 1.43894806115e-06, 7.33009983378e-07],
        "min": [8.2484739039e-09, 5.12736804126e-08, 4.15378025309e-08, 3.29239071561e-08, 5.28538457445e-09, 1.88340143481e-09, 2.45569564683e-10, 8.40747416131e-10, 6.89148071942e-10, 4.91019780391e-10, 5.99580218807e-10, 2.45525322295e-10, 5.01082397797e-10, 1.72410308252e-10, 1.79126949384e-10, 5.89268772666e-11, 5.48228303032e-11, 5.93452509356e-11, 7.41341710242e-11, 7.08194683452e-11, 2.47590749985e-11, 7.44034001077e-11, 1.54930013263e-10, 1.57910393095e-10, 4.29866864327e-10, 3.4537275817e-10, 7.06760691638e-11, 5.27484410318e-11, 4.55339585481e-11, 5.93585666731e-11, 5.19548085109e-11, 1.99384658089e-11, 3.04803161877e-11, 3.07981244674e-11, 2.58095923106e-11, 1.58438019648e-11, 8.44048182042e-12, 8.92246086043e-12, 6.49217225118e-12, 2.26330304325e-12],
        "var": [5.10992231284e-06, 8.43015277496e-06, 1.41505915963e-06, 2.96646959441e-07, 6.20812414809e-08, 4.90673812692e-08, 4.88231961526e-08, 4.96392154048e-08, 1.78988237565e-08, 4.83032494003e-08, 4.00073680851e-08, 1.93561092487e-07, 7.16495804909e-08, 2.21796021549e-08, 9.90714710269e-09, 1.61399569265e-08, 8.75194583472e-09, 1.28973285385e-08, 4.93582597016e-09, 5.76459413537e-09, 1.15200267103e-08, 2.83745671403e-09, 3.82286247103e-09, 1.25317611843e-09, 8.93255081014e-10, 1.46475787055e-09, 3.1402536127e-10, 1.74481706861e-10, 1.3113765629e-10, 8.33596386363e-11, 8.15153708422e-11, 1.43811851316e-10, 3.0193303413e-10, 2.81788758993e-10, 3.71562447476e-10, 3.76512598876e-10, 2.45542225441e-10, 2.51007492569e-10, 2.73493616643e-10, 5.18670592586e-11]
    },
    "mfcc": {
        "mean": [-601.294006348, 91.4645614624, -14.9269924164, 31.7485656738, 8.74785709381, 2.40397143364, 1.59466743469, 11.5765838623, 5.54245376587, 0.136020198464, -4.65094804764, -4.27171421051, -6.52453947067],
        "cov": [[5574.33935547, -912.933837891, 316.731842041, -954.583984375, -101.067825317, -63.8294487, -71.1340179443, -19.1195087433, 8.55941581726, 141.882278442, -51.984828949, -109.052719116, 65.0489425659], [-912.933837891, 882.313293457, -440.552642822, 358.621704102, -6.93960189819, -3.93344640732, 66.9750289917, 6.05844211578, 44.0392417908, -50.025970459, 25.6374588013, 49.9347381592, -22.5156764984], [316.731842041, -440.552642822, 651.089355469, -156.743270874, 110.040092468, 62.242893219, -7.71727466583, 40.6276893616, 0.278968036175, 55.7665519714, 4.21917104721, -10.0558662415, 23.9952812195], [-954.583984375, 358.621704102, -156.743270874, 518.784912109, 83.6683120728, -4.03739070892, -9.45905017853, 37.3705749512, 35.6736755371, -22.651884079, 49.6812095642, 78.6797332764, -1.10536909103], [-101.067825317, -6.93960189819, 110.040092468, 83.6683120728, 123.74079895, 34.4364395142, 28.4759616852, 37.2629928589, 29.2431316376, 22.3279457092, 21.6981658936, 28.0666236877, 18.7861042023], [-63.8294487, -3.93344640732, 62.242893219, -4.03739070892, 34.4364395142, 147.475219727, 63.0755004883, 37.0227470398, -9.94309997559, 22.6860618591, 16.7729091644, 9.20082950592, 17.4384117126], [-71.1340179443, 66.9750289917, -7.71727466583, -9.45905017853, 28.4759616852, 63.0755004883, 104.942672729, 40.1691436768, 11.7641029358, 7.59915494919, 10.3570737839, 8.41214179993, 10.7593402863], [-19.1195087433, 6.05844211578, 40.6276893616, 37.3705749512, 37.2629928589, 37.0227470398, 40.1691436768, 80.5443725586, 28.949136734, 21.8564853668, 13.5191278458, 16.743188858, 14.4180727005], [8.55941581726, 44.0392417908, 0.278968036175, 35.6736755371, 29.2431316376, -9.94309997559, 11.7641029358, 28.949136734, 71.2290039062, 26.0824642181, 13.3789043427, 11.8674497604, 6.5110874176], [141.882278442, -50.025970459, 55.7665519714, -22.651884079, 22.3279457092, 22.6860618591, 7.59915494919, 21.8564853668, 26.0824642181, 69.2072753906, 26.8492794037, 6.92079353333, 14.6170530319], [-51.984828949, 25.6374588013, 4.21917104721, 49.6812095642, 21.6981658936, 16.7729091644, 10.3570737839, 13.5191278458, 13.3789043427, 26.8492794037, 55.9339447021, 29.8889808655, 9.88989257812], [-109.052719116, 49.9347381592, -10.0558662415, 78.6797332764, 28.0666236877, 9.20082950592, 8.41214179993, 16.743188858, 11.8674497604, 6.92079353333, 29.8889808655, 64.3856887817, 23.9307975769], [65.0489425659, -22.5156764984, 23.9952812195, -1.10536909103, 18.7861042023, 17.4384117126, 10.7593402863, 14.4180727005, 6.5110874176, 14.6170530319, 9.88989257812, 23.9307975769, 53.1782188416]],
