{
"lowlevel": {
    "average_loudness": 0.967064201832,
    "barkbands_crest": {
        "dmean": 1.95357263088,
        "dmean2": 3.20565772057,
        "dvar": 3.51077508926,
        "dvar2": 9.4276008606,
        "max": 24.3655662537,
        "mean": 9.43347167969,
        "median": 8.3056936264,
        "min": 2.47820258141,
        "var": 22.4236221313
    },
    "barkbands_flatness_db": {
        "dmean": 0.0182365626097,
        "dmean2": 0.029053747654,
        "dvar": 0.00038899408537,
        "dvar2": 0.000919571670238,
        "max": 0.460011214018,
        "mean": 0.172448560596,
        "median": 0.150949880481,
        "min": 0.0621713772416,
        "var": 0.00397734902799
    },
    "barkbands_kurtosis": {
        "dmean": 3.17725753784,
        "dmean2": 4.93381690979,
        "dvar": 100.939468384,
        "dvar2": 196.398986816,
        "max": 363.949859619,
        "mean": 7.40066432953,
        "median": 0.00888109207153,
        "min": -1.77368319035,
        "var": 629.982421875
    },
    "barkbands_skewness": {
        "dmean": 0.461958140135,
        "dmean2": 0.743229329586,
        "dvar": 0.358355790377,
        "dvar2": 0.848307013512,
        "max": 15.8164157867,
        "mean": 1.73169791698,
        "median": 1.14376854897,
        "min": -0.829619050026,
        "var": 3.4427087307
    },
    "barkbands_spread": {
        "dmean": 4.49199724197,
        "dmean2": 7.33092260361,
        "dvar": 26.0363845825,
        "dvar2": 70.3086929321,
        "max": 58.9246559143,
        "mean": 27.3384552002,
        "median": 31.1445293427,
        "min": 0.644458472729,
        "var": 220.473327637
    },
    "dissonance": {
        "dmean": 0.00956071447581,
        "dmean2": 0.0163977146149,
        "dvar": 0.00013733599917,
        "dvar2": 0.00037192821037,
        "max": 0.499999850988,
        "mean": 0.483643710613,
        "median": 0.489466577768,
        "min": 0.335887730122,
        "var": 0.000289770454401
    },
    "dynamic_complexity": 2.37595367432,
    "erbbands_crest": {
        "dmean": 1.45501494408,
        "dmean2": 2.41837787628,
        "dvar": 2.15651226044,
        "dvar2": 5.49065923691,
        "max": 22.3353939056,
        "mean": 6.46078920364,
        "median": 5.82664632797,
        "min": 2.59692072868,
        "var": 6.16850996017
    },
    "erbbands_flatness_db": {
        "dmean": 0.00992934592068,
        "dmean2": 0.0151838008314,
        "dvar": 0.000108795808046,
        "dvar2": 0.000196078806766,
        "max": 0.389618605375,
        "mean": 0.176503881812,
        "median": 0.16954742372,
        "min": 0.117374308407,
        "var": 0.00105533457827
    },
    "erbbands_kurtosis": {
        "dmean": 0.604360044003,
        "dmean2": 0.974450409412,
        "dvar": 0.682329893112,
        "dvar2": 1.62893271446,
        "max": 22.0557098389,
        "mean": 0.230704620481,
        "median": 0.000159740447998,
        "min": -1.63691604137,
        "var": 1.8145018816
    },
    "erbbands_skewness": {
        "dmean": 0.247762903571,
        "dmean2": 0.391396164894,
        "dvar": 0.0655799284577,
        "dvar2": 0.142628192902,
        "max": 2.89671134949,
        "mean": -0.333461910486,
        "median": -0.509466946125,
        "min": -1.9864397049,
        "var": 0.637415826321
    },
    "erbbands_spread": {
        "dmean": 6.2430934906,
        "dmean2": 10.0829916,
        "dvar": 39.0474052429,
        "dvar2": 96.7570800781,
        "max": 98.2354354858,
        "mean": 41.1919441223,
        "median": 40.3073234558,
        "min": 3.25854921341,
        "var": 149.950332642
    },
    "hfc": {
        "dmean": 5.6934709549,
        "dmean2": 9.42073440552,
        "dvar": 121.281433105,
        "dvar2": 328.045959473,
        "max": 208.691864014,
        "mean": 23.6371669769,
        "median": 23.7606716156,
        "min": 9.38884113566e-05,
        "var": 316.278381348
    },
    "melbands_crest": {
        "dmean": 2.81267976761,
        "dmean2": 4.66682243347,
        "dvar": 7.87521028519,
        "dvar2": 20.7715835571,
        "max": 28.8223285675,
        "mean": 14.5610103607,
        "median": 13.7746658325,
        "min": 3.03683590889,
        "var": 28.5419483185
    },
    "melbands_flatness_db": {
        "dmean": 0.0227918811142,
        "dmean2": 0.035422604531,
        "dvar": 0.00063015386695,
        "dvar2": 0.00157031940762,
        "max": 0.518725275993,
        "mean": 0.194402128458,
        "median": 0.161793097854,
        "min": 0.0462219454348,
        "var": 0.00747569976375
    },
    "melbands_kurtosis": {
        "dmean": 8.00170326233,
        "dmean2": 12.9513711929,
        "dvar": 391.147827148,
        "dvar2": 843.062744141,
        "max": 596.385498047,
        "mean": 21.6117839813,
        "median": 7.22646903992,
        "min": -1.55849289894,
        "var": 2537.51074219
    },
    "melbands_skewness": {
        "dmean": 0.656867384911,
        "dmean2": 1.06846427917,
        "dvar": 0.638003766537,
        "dvar2": 1.66665780544,
        "max": 15.2154970169,
        "mean": 3.1826851368,
        "median": 2.70081448555,
        "min": -0.503877520561,
        "var": 4.27719736099
    },
    "melbands_spread": {
        "dmean": 6.75647592545,
        "dmean2": 10.9369573593,
        "dvar": 64.1498184204,
        "dvar2": 170.163391113,
        "max": 91.7479934692,
        "mean": 28.4356594086,
        "median": 29.0059909821,
        "min": 0.420191794634,
        "var": 366.837646484
    },
    "pitch_salience": {
        "dmean": 0.0680523365736,
        "dmean2": 0.112920261919,
        "dvar": 0.00506390025839,
        "dvar2": 0.013467204757,
        "max": 0.832844913006,
        "mean": 0.575665593147,
        "median": 0.618191123009,
        "min": 0.0841956958175,
        "var": 0.0241489503533
    },
    "silence_rate_20dB": {
        "dmean": 0,
        "dmean2": 0,
        "dvar": 0,
        "dvar2": 0,
        "max": 1,
        "mean": 1,
        "median": 1,
        "min": 1,
        "var": 0
    },
    "silence_rate_30dB": {
        "dmean": 0.00154798757285,
        "dmean2": 0.00309717375785,
        "dvar": 0.00154558185022,
        "dvar2": 0.0038618312683,
        "max": 1,
        "mean": 0.998839437962,
        "median": 1,
        "min": 0,
        "var": 0.00115921697579
    },
    "silence_rate_60dB": {
        "dmean": 0.00232198135927,
        "dmean2": 0.00464576063678,
        "dvar": 0.00231665512547,
        "dvar2": 0.00462408084422,
        "max": 1,
        "mean": 0.0139264985919,
        "median": 0,
        "min": 0,
        "var": 0.0137329483405
    },
    "spectral_centroid": {
        "dmean": 205.007080078,
        "dmean2": 332.869110107,
        "dvar": 47844.4257812,
        "dvar2": 125709.539062,
        "max": 3131.00488281,
        "mean": 1668.8182373,
        "median": 1926.50964355,
        "min": 184.040649414,
        "var": 585949
    },
    "spectral_complexity": {
        "dmean": 3.66718268394,
        "dmean2": 5.96747970581,
        "dvar": 14.2281923294,
        "dvar2": 34.3923873901,
        "max": 58,
        "mean": 31.7628631592,
        "median": 38,
        "min": 0,
        "var": 254.219711304
    },
    "spectral_decrease": {
        "dmean": 2.38058683877e-09,
        "dmean2": 4.076423199e-09,
        "dvar": 1.99495697823e-17,
        "dvar2": 5.56214574203e-17,
        "max": -1.21704566997e-13,
        "mean": -6.881920811e-09,
        "median": -5.96553073606e-09,
        "min": -5.25499999071e-08,
        "var": 1.85204035159e-17
    },
    "spectral_energy": {
        "dmean": 0.00934533216059,
        "dmean2": 0.0159638412297,
        "dvar": 0.000308936141664,
        "dvar2": 0.000859318999574,
        "max": 0.207181423903,
        "mean": 0.0281179398298,
        "median": 0.0244008731097,
        "min": 4.96245945669e-07,
        "var": 0.000299714971334
    },
    "spectral_energyband_high": {
        "dmean": 0.000351776980096,
        "dmean2": 0.000577866798267,
        "dvar": 6.21989897809e-07,
        "dvar2": 1.74851345491e-06,
        "max": 0.019810533151,
        "mean": 0.00100964622106,
        "median": 0.000709124899004,
        "min": 2.03497929618e-09,
        "var": 1.24665564272e-06
    },
    "spectral_energyband_low": {
        "dmean": 0.00624067941681,
        "dmean2": 0.0107848374173,
        "dvar": 0.000196464796318,
        "dvar2": 0.000559909152798,
        "max": 0.178100943565,
        "mean": 0.0122613823041,
        "median": 0.00977043993771,
        "min": 6.40186215151e-08,
        "var": 0.000158184615429
    },
    "spectral_energyband_middle_high": {
        "dmean": 0.0018489168724,
        "dmean2": 0.00307741924189,
        "dvar": 1.0396432117e-05,
        "dvar2": 2.68763324129e-05,
        "max": 0.0490562170744,
        "mean": 0.00692992378026,
        "median": 0.00617222674191,
        "min": 1.19142544719e-08,
        "var": 3.90857567254e-05
    },
    "spectral_energyband_middle_low": {
        "dmean": 0.00397888105363,
        "dmean2": 0.0066383020021,
        "dvar": 6.26029068371e-05,
        "dvar2": 0.000172713684151,
        "max": 0.090010471642,
        "mean": 0.00967376306653,
        "median": 0.00817863084376,
        "min": 8.74844658938e-08,
        "var": 7.13451663614e-05
    },
    "spectral_entropy": {
        "dmean": 0.0976581722498,
        "dmean2": 0.145887061954,
        "dvar": 0.0145515063778,
        "dvar2": 0.0283750798553,
        "max": 8.2256526947,
        "mean": 7.66708850861,
        "median": 7.79022789001,
        "min": 6.43830347061,
        "var": 0.122835554183
    },
    "spectral_flux": {
        "dmean": 0.0216033607721,
        "dmean2": 0.0337739400566,
        "dvar": 0.00103343115188,
        "dvar2": 0.00186683330685,
        "max": 0.42154482007,
        "mean": 0.0815803781152,
        "median": 0.0761587992311,
        "min": 0.000729779712856,
        "var": 0.00238842191175
    },
    "spectral_kurtosis": {
        "dmean": 1.46580898762,
        "dmean2": 2.587911129,
        "dvar": 2.05515384674,
        "dvar2": 6.09833717346,
        "max": 12.9141492844,
        "mean": 2.81759119034,
        "median": 2.3662314415,
        "min": 0.03444647789,
        "var": 3.51964640617
    },
    "spectral_rms": {
        "dmean": 0.000748807215132,
        "dmean2": 0.0012425314635,
        "dvar": 1.28551448597e-06,
        "dvar2": 3.46325828104e-06,
        "max": 0.0142171801999,
        "mean": 0.00504324911162,
        "median": 0.00487911142409,
        "min": 2.2003236154e-05,
        "var": 1.9978635919e-06
    },
    "spectral_rolloff": {
        "dmean": 392.717315674,
        "dmean2": 666.213562012,
        "dvar": 290855.40625,
        "dvar2": 814308.8125,
        "max": 5060.30273438,
        "mean": 1784.9354248,
        "median": 2196.38671875,
        "min": 86.1328125,
        "var": 1440793.375
    },
    "spectral_skewness": {
        "dmean": 0.196360051632,
        "dmean2": 0.33382371068,
        "dvar": 0.0358876138926,
        "dvar2": 0.095579251647,
        "max": 2.96322727203,
        "mean": 1.02896237373,
        "median": 0.900907874107,
        "min": -0.0307780690491,
        "var": 0.204877778888
    },
    "spectral_spread": {
        "dmean": 263184.0625,
        "dmean2": 410641.0625,
        "dvar": 75870388224,
        "dvar2": 159876481024,
        "max": 8584774,
        "mean": 3497688,
        "median": 3481091,
        "min": 1775522.875,
        "var": 546856239104
    },
    "spectral_strongpeak": {
        "dmean": 0.298589199781,
        "dmean2": 0.514156401157,
        "dvar": 0.319366157055,
        "dvar2": 0.839203834534,
        "max": 5.25667953491,
        "mean": 0.541577339172,
        "median": 0.35448756814,
        "min": 0.0010630520992,
        "var": 0.439219176769
    },
    "zerocrossingrate": {
        "dmean": 0.00672463793308,
        "dmean2": 0.00860078260303,
        "dvar": 3.77353899239e-05,
        "dvar2": 6.25157554168e-05,
        "max": 0.142578125,
        "mean": 0.05907863006,
        "median": 0.06591796875,
        "min": 0.0048828125,
        "var": 0.00091566843912
    },
    "barkbands": {
        "dmean": [2.01749389817e-05, 0.00324470782652, 0.00322345015593, 0.00141571345739, 0.00197504484095, 0.000637588440441, 0.000516765576322, 0.000586316862609, 0.00052297039656, 0.000529988610651, 0.000340609811246, 0.000376615353161, 0.000346236309269, 0.000258586776908, 0.000234399951296, 0.000286405411316, 0.000391660927562, 0.000296872080071, 0.000381603371352, 0.0001899976196, 0.00013658971875, 0.000121638906421, 5.31450095878e-05, 2.98568284052e-05, 6.4107180151e-06, 9.36470190283e-09, 2.81336109964e-09],
        "dmean2": [3.3139684092e-05, 0.00566246872768, 0.00548566505313, 0.00230541382916, 0.00322509277612, 0.0010388197843, 0.000914295262191, 0.00101160875056, 0.000882654101588, 0.000876699981745, 0.00054760731291, 0.000608778616879, 0.000589560135268, 0.00042907363968, 0.000395378214307, 0.000494603882544, 0.000663569371682, 0.000507056422066, 0.000662547943648, 0.000320799299516, 0.000229820536333, 0.000201760296477, 8.5472536739e-05, 4.64547374577e-05, 1.01583646028e-05, 1.54558374987e-08, 5.33425748017e-09],
        "dvar": [3.07308889447e-09, 5.71232740185e-05, 4.86649041704e-05, 3.71139071831e-06, 1.48601384353e-05, 6.78768969919e-07, 3.49956712853e-06, 4.33555578638e-06, 2.19819003178e-06, 1.6830184677e-06, 7.4519368809e-07, 8.15478131244e-07, 6.85746101681e-07, 3.86559946719e-07, 1.678713204e-07, 2.9575127769e-07, 2.56981962821e-07, 1.56571047683e-07, 3.40166849355e-07, 1.24095649312e-07, 8.86502036224e-08, 8.91877647291e-08, 9.77533343161e-09, 4.25362634005e-09, 1.32735725189e-10, 1.7975574388e-15, 2.83233418002e-15],
        "dvar2": [7.42412620269e-09, 0.000166439087479, 0.000136743896292, 9.49777950154e-06, 4.00166682084e-05, 1.83875567927e-06, 1.02066114778e-05, 1.2239535863e-05, 6.09161634202e-06, 4.58128852188e-06, 1.67417874763e-06, 2.03457466341e-06, 1.94099698092e-06, 9.35567413762e-07, 4.09117518529e-07, 8.49239199852e-07, 7.29323744508e-07, 4.50983037581e-07, 9.74008116827e-07, 3.41804053505e-07, 2.49701599842e-07, 2.48264001357e-07, 2.35871322474e-08, 9.06674024748e-09, 3.29210519956e-10, 5.25161824902e-15, 8.46937063125e-15],
        "max": [0.000630770402495, 0.0935398042202, 0.0973051190376, 0.0237950049341, 0.0451610311866, 0.0106563931331, 0.0320274457335, 0.0394835434854, 0.0338430739939, 0.0187431424856, 0.0158450976014, 0.0211589019746, 0.0172805078328, 0.0156880300492, 0.00789114460349, 0.0126528516412, 0.00779817346483, 0.00509952474385, 0.00897694565356, 0.00846928916872, 0.00789343379438, 0.00688886037096, 0.0013406277867, 0.00189882970881, 0.000261600827798, 1.4162435491e-06, 1.89979016341e-06],
        "mean": [1.94363783521e-05, 0.00590657116845, 0.00472173793241, 0.00249967724085, 0.00359891564585, 0.00128454074729, 0.000614671676885, 0.000646421685815, 0.000751407351345, 0.0008985059103, 0.000580286956392, 0.000666513224132, 0.000565449998248, 0.000471080624266, 0.000435399357229, 0.000585293921176, 0.000941848382354, 0.000727603153791, 0.000952542817686, 0.000474644912174, 0.000340801110724, 0.000219754831051, 0.000118201889563, 8.06019888842e-05, 1.60497729667e-05, 1.57080783936e-08, 1.77336123564e-09],
        "median": [2.92095774057e-06, 0.0037407646887, 0.0030220602639, 0.0015839417465, 0.00220695347525, 0.00099970609881, 0.000305450026644, 0.000207255128771, 0.000321852276102, 0.000346965767676, 0.000241610934609, 0.000240682173171, 0.000289761082968, 0.000245162314968, 0.000325890287058, 0.000530797231477, 0.000934740353841, 0.000725954363588, 0.000969781773165, 0.000414813839598, 0.000263915368123, 0.000114018803288, 4.77318644698e-05, 3.41225531884e-05, 6.13334532318e-06, 5.32983257528e-09, 2.72400213497e-10],
        "min": [8.81370670891e-11, 8.92038620748e-09, 1.64318691986e-08, 1.74365446526e-08, 3.05464880057e-08, 5.67550495489e-09, 5.68363844877e-09, 1.58550008678e-08, 1.21966632349e-08, 3.83103770929e-09, 8.53474513285e-10, 6.80344836024e-10, 8.517730965e-10, 3.19340642818e-09, 4.35141339628e-10, 7.0876587932e-10, 4.96204355382e-10, 2.6649643603e-10, 3.72282094041e-10, 4.66962690737e-10, 5.36946265228e-10, 7.804548674e-10, 2.40713338151e-10, 2.2540243283e-10, 5.46493440778e-11, 5.82387176679e-12, 6.84055546582e-12],
        "var": [3.17942250305e-09, 5.25141695107e-05, 4.01556535508e-05, 7.12691553417e-06, 1.87792666111e-05, 1.3456939314e-06, 2.17820002035e-06, 3.47843683812e-06, 2.69071870207e-06, 3.37147821483e-06, 1.62906712831e-06, 2.16890725824e-06, 1.24681355373e-06, 9.08308834369e-07, 3.21605767795e-07, 3.6907096046e-07, 6.39779898393e-07, 3.94035055251e-07, 7.03739829078e-07, 2.48038190875e-07, 1.4161071249e-07, 1.08381009056e-07, 2.55577461417e-08, 1.38756748314e-08, 4.65496946545e-10, 1.39049362726e-15, 1.43551120494e-15]
    },
    "erbbands": {
        "dmean": [0.0413042418659, 0.910501599312, 3.52435851097, 4.16143083572, 5.68102216721, 7.10457086563, 5.19460391998, 5.24131917953, 6.62819719315, 10.5082654953, 10.6833400726, 11.7663269043, 15.6008853912, 15.3019380569, 13.4337415695, 14.8576097488, 14.7237291336, 13.8134794235, 12.1447658539, 10.9555463791, 17.8694438934, 20.4851379395, 16.6550292969, 18.1565361023, 16.4216709137, 8.57684421539, 6.59918832779, 5.10192584991, 4.62348413467, 2.60025072098, 1.4228965044, 0.740595221519, 0.476595193148, 0.128361389041, 0.00972186680883, 0.000429391686339, 2.72267279797e-05, 5.44066415387e-06, 5.31919522473e-06, 1.07476971607e-05],
        "dmean2": [0.0722151696682, 1.58779573441, 6.07471179962, 6.82258224487, 9.37756633759, 11.6979045868, 8.39657497406, 8.74126434326, 11.564371109, 18.782289505, 18.0543804169, 19.7245788574, 26.3342437744, 24.5462703705, 22.290927887, 24.3233337402, 25.145111084, 22.376209259, 20.4135112762, 18.2845859528, 30.9561252594, 34.9542427063, 28.5020656586, 31.1742134094, 28.4822673798, 14.5842647552, 11.1502904892, 8.56690120697, 7.73522996902, 4.19854307175, 2.28925061226, 1.19904959202, 0.732895731926, 0.197370618582, 0.0151072544977, 0.00066293310374, 4.19723437517e-05, 8.73818316904e-06, 8.89245256985e-06, 1.82660551218e-05],
        "dvar": [0.00817445293069, 4.71028995514, 67.7429962158, 43.3155250549, 94.0858078003, 202.665161133, 44.6794891357, 53.6457519531, 460.068267822, 1612.51574707, 1119.57617188, 1126.09545898, 2154.50415039, 1310.99926758, 1432.74987793, 1280.3347168, 1185.32739258, 1175.34912109, 567.152526855, 326.694396973, 892.698791504, 788.128356934, 515.63293457, 598.75390625, 727.263977051, 283.720428467, 177.706771851, 154.23550415, 134.336608887, 30.7787895203, 7.58650970459, 2.49328756332, 1.35872220993, 0.0556246116757, 0.000298355676932, 6.17874434283e-07, 1.03116217787e-08, 1.13421272374e-09, 2.03221647843e-10, 4.21193635525e-10],
        "dvar2": [0.0241092741489, 13.6221656799, 192.020065308, 115.023193359, 253.673446655, 548.036071777, 112.846565247, 148.135192871, 1333.67919922, 4647.58642578, 3098.54467773, 3133.26586914, 6146.21142578, 3109.39013672, 3618.44873047, 3203.90820312, 3444.82617188, 2860.73657227, 1349.24182129, 813.58001709, 2554.00952148, 2229.76489258, 1498.5189209, 1728.88635254, 2086.08447266, 782.519470215, 499.754455566, 437.043273926, 376.614318848, 80.1284942627, 18.6261787415, 5.84793996811, 2.66406559944, 0.125760510564, 0.000715748872608, 1.50000448684e-06, 2.96036350989e-08, 3.36490613151e-09, 5.83676940114e-10, 1.16849008247e-09],
        "max": [1.10037398338, 26.6396389008, 110.297607422, 78.0427246094, 106.314239502, 187.90687561, 84.8722763062, 97.0474472046, 391.947540283, 510.113616943, 585.569458008, 831.633361816, 898.647094727, 783.201049805, 840.251525879, 896.679626465, 725.069458008, 955.76751709, 489.704315186, 295.134155273, 637.069641113, 444.590270996, 308.576293945, 291.327209473, 406.586090088, 405.102203369, 328.112121582, 320.036682129, 265.551757812, 101.796081543, 44.9558677673, 39.4588699341, 42.3317260742, 5.50083351135, 0.279555946589, 0.01266218815, 0.00338172051124, 0.00118658854626, 0.000416895229137, 0.000290398253128],
        "mean": [0.0769718959928, 1.6505689621, 5.35458850861, 7.94862174988, 9.8715429306, 12.2658424377, 10.2558908463, 10.0154399872, 9.08653640747, 11.2043037415, 14.0403995514, 17.2852077484, 24.3851985931, 28.1955566406, 23.8327331543, 28.3772335052, 26.2026081085, 26.0053291321, 23.0859088898, 23.7968845367, 39.3756904602, 51.8201828003, 42.5930213928, 45.6466064453, 40.7655029297, 22.1398944855, 16.8610343933, 11.5819320679, 8.26706409454, 4.99812412262, 3.19845414162, 1.89278304577, 1.24789452553, 0.357788026333, 0.0239734183997, 0.00112844153773, 8.63127279445e-05, 1.74260021595e-05, 1.89654092537e-05, 3.48148496414e-05],
        "median": [0.0539736114442, 1.04341828823, 3.68156027794, 5.46452236176, 6.51871013641, 7.34776592255, 7.60193920135, 7.57847452164, 5.17423391342, 4.59796142578, 4.88641214371, 7.78228139877, 10.1276874542, 11.001367569, 9.97684574127, 11.4807367325, 13.9737844467, 12.6068735123, 15.6490411758, 20.4762134552, 37.7386779785, 52.4317703247, 43.1048812866, 46.0305862427, 40.9298286438, 20.0263175964, 12.9644002914, 8.64281845093, 4.55217075348, 2.26477408409, 1.23700118065, 0.846045434475, 0.493991971016, 0.135140314698, 0.00844844896346, 0.000423788500484, 4.51809319202e-05, 1.17418358059e-05, 1.67796388268e-05, 3.08629932988e-05],
        "min": [4.57383805497e-07, 6.47832939649e-06, 1.88692138181e-05, 6.76023919368e-05, 0.000106830499135, 8.64637841005e-05, 3.20158687828e-05, 6.27163462923e-05, 8.34202292026e-05, 0.000231095938943, 0.000237679210841, 0.000315282435622, 0.000127253937535, 0.000105758364953, 5.85482703173e-05, 2.00571194e-05, 4.11829350924e-05, 0.000146563586895, 5.87647155044e-05, 3.18473648804e-05, 3.39563266607e-05, 2.51465680776e-05, 1.8836102754e-05, 1.85629342013e-05, 2.36351388594e-05, 1.7165162717e-05, 2.22042017413e-05, 2.402951759e-05, 2.91204069072e-05, 1.29070358525e-05, 6.14662621956e-06, 4.57722762803e-06, 3.64893526239e-06, 1.04891319097e-06, 1.41852453339e-07, 3.32451755014e-08, 9.71597380328e-09, 3.70209396472e-09, 1.61894020412e-09, 6.71101230143e-10],
        "var": [0.00850993860513, 4.1760134697, 51.3817520142, 63.5960884094, 124.411590576, 240.890136719, 100.090789795, 91.4165878296, 315.364593506, 1043.38317871, 1166.73620605, 1408.29174805, 3131.30249023, 3271.08349609, 2947.44750977, 3544.79541016, 2245.36376953, 2945.75610352, 1112.3104248, 622.697143555, 1380.64953613, 1910.86657715, 1310.50927734, 1506.03515625, 1376.95947266, 550.721191406, 367.024230957, 187.314224243, 154.061340332, 50.2127914429, 19.4798870087, 6.9334487915, 4.10111093521, 0.23918145895, 0.00106732943095, 2.20596098188e-06, 1.31889512645e-08, 8.29915303147e-10, 1.9680776453e-10, 4.50496112636e-10]
    },
    "gfcc": {
        "mean": [-11.2576284409, 128.942337036, -152.251846313, 73.4815673828, -62.5933036804, 16.803976059, -28.3658695221, -2.45226716995, -12.5685110092, -24.1364631653, 2.86899256706, -20.2169303894, 4.77162885666],
        "cov": [[4596.35400391, -946.273132324, -1152.22314453, 416.79473877, -199.418365479, -206.620361328, -449.977264404, -14.4232339859, -214.447219849, -21.9690704346, -158.688064575, 100.607116699, -51.3345413208], [-946.273132324, 653.850891113, 309.584533691, -106.241416931, 200.596511841, -41.8878860474, 179.599349976, -64.1214752197, 93.4370040894, -31.5672550201, 58.7468719482, -18.0502681732, 12.9551706314], [-1152.22314453, 309.584533691, 1082.67285156, 109.374588013, 35.3738441467, 376.532653809, 101.86807251, 163.591461182, 100.48236084, 30.3478565216, 82.1379318237, 3.84257054329, 30.9507827759], [416.79473877, -106.241416931, 109.374588013, 353.170837402, 93.8408966064, -48.8330307007, -96.7147140503, 45.606464386, 22.7935428619, -5.50184822083, -16.0458431244, 53.86536026, 14.2227087021], [-199.418365479, 200.596511841, 35.3738441467, 93.8408966064, 228.324890137, -49.2313575745, 50.6310577393, -19.5683803558, 33.1843719482, -18.8999004364, 19.2071228027, 3.46354675293, 16.9565181732], [-206.620361328, -41.8878860474, 376.532653809, -48.8330307007, -49.2313575745, 375.712493896, 76.6671676636, 111.063453674, 5.54423427582, 41.6151847839, 44.7541122437, -12.741443634, 7.12020730972], [-449.977264404, 179.599349976, 101.86807251, -96.7147140503, 50.6310577393, 76.6671676636, 174.973190308, 9.42711448669, 47.399723053, 1.64071130753, 26.1110172272, -25.6026382446, -8.38760375977], [-14.4232339859, -64.1214752197, 163.591461182, 45.606464386, -19.5683803558, 111.063453674, 9.42711448669, 109.035812378, 23.248167038, 22.6282062531, 11.1337594986, 4.36204481125, 10.7794027328], [-214.447219849, 93.4370040894, 100.48236084, 22.7935428619, 33.1843719482, 5.54423427582, 47.399723053, 23.248167038, 83.5536346436, 27.1074008942, 20.6871623993, 1.80044341087, -1.60890936852], [-21.9690704346, -31.5672550201, 30.3478565216, -5.50184822083, -18.8999004364, 41.6151847839, 1.64071130753, 22.6282062531, 27.1074008942, 56.2155685425, 23.8805084229, 3.93015980721, 0.874714076519], [-158.688064575, 58.7468719482, 82.1379318237, -16.0458431244, 19.2071228027, 44.7541122437, 26.1110172272, 11.1337594986, 20.6871623993, 23.8805084229, 52.2118797302, 14.9165019989, 10.1171092987], [100.607116699, -18.0502681732, 3.84257054329, 53.86536026, 3.46354675293, -12.741443634, -25.6026382446, 4.36204481125, 1.80044341087, 3.93015980721, 14.9165019989, 49.6402816772, 19.2817001343], [-51.3345413208, 12.9551706314, 30.9507827759, 14.2227087021, 16.9565181732, 7.12020730972, -8.38760375977, 10.7794027328, -1.60890936852, 0.874714076519, 10.1171092987, 19.2817001343, 49.9380645752]],
        "icov": [[0.000728794024326, -0.000984792946838, 0.00161847658455, -0.00182512484025, 0.0012086678762, -0.0014551661443, 0.00101274636108, -0.000777345849201, 0.000730213650968, -4.51951964351e-05, 0.00034319848055, -0.000247725809459, 0.000706764985807], [-0.000984792946838, 0.00994777865708, -0.0064085656777, 0.00795805733651, -0.00786866992712, 0.00594940083101, -0.00384563626722, 0.00561382761225, -0.00552017055452, 0.00389296305366, -0.00195065571461, -0.00207072426565, -0.000973080692347], [0.00161847658455, -0.0064085656777, 0.00784636754543, -0.00787688605487, 0.00627202074975, -0.00728781381622, 0.00368908280507, -0.00425078859553, 0.00107221200597, 0.00099069729913, -0.00128774461336, 0.00236596376635, 0.000517778389622], [-0.00182512484025, 0.00795805733651, -0.00787688605487, 0.0158939249814, -0.0117624923587, 0.00679309759289, 0.000606890360359, 0.00125547708012, -0.00644194288179, 0.00175157492049, 0.00478655239567, -0.00925642624497, 0.00163698440883], [0.0012086678762, -0.00786866992712, 0.00627202074975, -0.0117624923587, 0.0153347365558, -0.00459941476583, -0.000526469724718, -0.00183922122233, 0.00335293612443, 0.000981194898486, -0.00522435689345, 0.00719055486843, -0.00312312017195], [-0.0014551661443, 0.00594940083101, -0.00728781381622, 0.00679309759289, -0.00459941476583, 0.0123564051464, -0.00632166303694, -0.0011477463413, 0.00306628504768, -0.00297145405784, -0.00273550325073, -0.000138903342304, -0.000712561712135], [0.00101274636108, -0.00384563626722, 0.00368908280507, 0.000606890360359, -0.000526469724718, -0.00632166303694, 0.0155890230089, -0.00282332091592, -0.00653062248603, 0.00461580650881, -0.000229724188102, 0.000979965436272, 0.00326422508806], [-0.000777345849201, 0.00561382761225, -0.00425078859553, 0.00125547708012, -0.00183922122233, -0.0011477463413, -0.00282332091592, 0.0211908183992, -0.00733056198806, 0.000465965247713, 0.000267520052148, 0.00118810578715, -0.00499593140557], [0.000730213650968, -0.00552017055452, 0.00107221200597, -0.00644194288179, 0.00335293612443, 0.00306628504768, -0.00653062248603, -0.00733056198806, 0.0300222132355, -0.0169584546238, 0.000967261032201, -9.61221667239e-05, 0.00336810084991], [-4.51951964351e-05, 0.00389296305366, 0.00099069729913, 0.00175157492049, 0.000981194898486, -0.00297145405784, 0.00461580650881, 0.000465965247713, -0.0169584546238, 0.0369021855295, -0.0169488415122, 0.00411720434204, -0.000752802821808], [0.00034319848055, -0.00195065571461, -0.00128774461336, 0.00478655239567, -0.00522435689345, -0.00273550325073, -0.000229724188102, 0.000267520052148, 0.000967261032201, -0.0169488415122, 0.0427570156753, -0.0190583597869, 0.00138578691985], [-0.000247725809459, -0.00207072426565, 0.00236596376635, -0.00925642624497, 0.00719055486843, -0.000138903342304, 0.000979965436272, 0.00118810578715, -9.61221667239e-05, 0.00411720434204, -0.0190583597869, 0.0399576090276, -0.0127034084871], [0.000706764985807, -0.000973080692347, 0.000517778389622, 0.00163698440883, -0.00312312017195, -0.000712561712135, 0.00326422508806, -0.00499593140557, 0.00336810084991, -0.000752802821808, 0.00138578691985, -0.0127034084871, 0.0277512464672]]
    },
    "melbands": {
        "dmean": [0.000635946751572, 0.00162019545678, 0.0006915461272, 0.000503466755617, 0.000185299344594, 0.000116721857921, 0.00010179891251, 0.000123533260194, 8.2452170318e-05, 7.69539547036e-05, 8.00596462796e-05, 6.45718391752e-05, 4.52750573459e-05, 3.92210567952e-05, 4.28750390711e-05, 3.12252705044e-05, 2.67818941211e-05, 2.09623849514e-05, 1.72889849637e-05, 1.58410985023e-05, 2.49101158261e-05, 2.41168363573e-05, 2.06453532883e-05, 1.40205611388e-05, 1.65311521414e-05, 1.62480937433e-05, 8.74449960975e-06, 6.10424558545e-06, 4.68990401714e-06, 4.03841750085e-06, 3.01171439787e-06, 3.00058559333e-06, 2.01469470085e-06, 1.32118270812e-06, 9.35845548611e-07, 5.98119470396e-07, 4.62698608317e-07, 4.31979003679e-07, 2.10437661963e-07, 8.75713297432e-08],
        "dmean2": [0.00111120624933, 0.00280543416739, 0.00114204594865, 0.000824691553134, 0.000301854597637, 0.000193033585674, 0.000177682348294, 0.000219641297008, 0.000139241834404, 0.000129589476273, 0.000134743459057, 0.00010426982044, 7.3425930168e-05, 6.42145896563e-05, 7.17626826372e-05, 5.24289062014e-05, 4.34456305811e-05, 3.49970323441e-05, 2.90276111627e-05, 2.69441115961e-05, 4.32025262853e-05, 4.13175293943e-05, 3.56323325832e-05, 2.41307207034e-05, 2.85051828541e-05, 2.82804576273e-05, 1.50501191456e-05, 1.04155451481e-05, 7.985031516e-06, 6.8572071541e-06, 5.07294862473e-06, 5.068482551e-06, 3.3322978652e-06, 2.12979102798e-06, 1.5136068896e-06, 9.68390736489e-07, 7.61783553571e-07, 6.69814312459e-07, 3.26259510075e-07, 1.37631616326e-07],
        "dvar": [2.1010648652e-06, 1.4940535948e-05, 1.08674305466e-06, 1.00501665656e-06, 6.443810463e-08, 2.62892907443e-08, 1.14915224003e-07, 2.22978542297e-07, 5.74509222417e-08, 5.23129592978e-08, 5.40080016265e-08, 2.36263968389e-08, 1.41913343299e-08, 1.01012984643e-08, 1.20659588987e-08, 6.24401197413e-09, 4.47393766478e-09, 2.00633776259e-09, 9.38461197642e-10, 9.16604625534e-10, 1.53715096207e-09, 1.04614228391e-09, 7.22503612494e-10, 3.71155800538e-10, 4.71071792685e-10, 7.12213787946e-10, 1.9986487465e-10, 1.46625822595e-10, 7.95681576182e-11, 7.54043633089e-11, 4.70913412431e-11, 5.51060412579e-11, 2.1458810423e-11, 6.7538310014e-12, 3.26930973613e-12, 1.35560204555e-12, 1.00660983455e-12, 9.92750369758e-13, 2.57065148248e-13, 2.12681994005e-14],
        "dvar2": [6.14440705249e-06, 4.25996877311e-05, 2.89768399853e-06, 2.70219538834e-06, 1.66937255131e-07, 7.25361886111e-08, 3.34377062927e-07, 6.39621418941e-07, 1.55508871558e-07, 1.45958395592e-07, 1.53767388156e-07, 5.63831150657e-08, 3.32401697278e-08, 2.55503458391e-08, 3.3543496869e-08, 1.73713914364e-08, 1.07040483144e-08, 4.83166839871e-09, 2.42112796478e-09, 2.48850873241e-09, 4.43032588393e-09, 2.94092461495e-09, 2.07145278708e-09, 1.05641928538e-09, 1.36178279764e-09, 2.07196881874e-09, 5.52484225036e-10, 4.1043429766e-10, 2.20174392607e-10, 2.13699294371e-10, 1.32047026091e-10, 1.56969909293e-10, 5.65731871072e-11, 1.73499478673e-11, 8.11993181027e-12, 3.32251999351e-12, 2.37216951811e-12, 2.0771019453e-12, 5.35957779893e-13, 5.12880008103e-14],
        "max": [0.0177703239024, 0.0492908880115, 0.0130292652175, 0.0119707267731, 0.0031835376285, 0.00213772221468, 0.00615002354607, 0.00700825313106, 0.00380314444192, 0.00574132148176, 0.0043965075165, 0.00315560703166, 0.00252133328468, 0.00222360203043, 0.00252577895299, 0.00216358434409, 0.00198280066252, 0.00103554723319, 0.000596409663558, 0.000793292827439, 0.000889672141057, 0.000500067661051, 0.000292416196316, 0.000243789589149, 0.000223846000154, 0.000376917683752, 0.000317135709338, 0.000239209257415, 0.000200233320356, 0.000219401059439, 0.000164305223734, 0.00017038344231, 8.24143862701e-05, 4.1195362428e-05, 2.52940844803e-05, 2.31303019973e-05, 2.49060722126e-05, 3.16306577588e-05, 1.53435139509e-05, 3.02284411191e-06],
        "mean": [0.00119977688882, 0.00272841472179, 0.00138757459354, 0.000867288676091, 0.000386344938306, 0.000229931043577, 0.000136160728289, 0.000130473767058, 0.000114346854389, 0.000109388885903, 0.000121776822198, 0.000114799651783, 7.72403800511e-05, 7.09245432517e-05, 7.32882253942e-05, 5.21056608704e-05, 4.80243907077e-05, 3.65797968698e-05, 3.21203879139e-05, 3.24128559441e-05, 5.00754940731e-05, 5.53095305804e-05, 4.59168368252e-05, 3.23270069202e-05, 3.75167983293e-05, 3.61767743016e-05, 2.03277395485e-05, 1.34733072628e-05, 1.08930889837e-05, 8.70658095664e-06, 6.09021708442e-06, 5.14842668053e-06, 3.25833707393e-06, 2.52165591519e-06, 1.95491179511e-06, 1.32136790398e-06, 1.09206860088e-06, 1.00040199413e-06, 5.40716939668e-07, 2.12090029095e-07],
        "median": [0.000840396620333, 0.00196666480042, 0.0010346157942, 0.000511057325639, 0.000291188596748, 0.000177654117579, 7.47789817979e-05, 4.91350583616e-05, 4.07124243793e-05, 4.84785668959e-05, 4.96804641443e-05, 4.43140525022e-05, 3.27466841554e-05, 2.55563754763e-05, 3.55731717718e-05, 2.64204900304e-05, 2.23690967687e-05, 2.30808109336e-05, 2.49058466579e-05, 2.83592544292e-05, 4.61518538941e-05, 5.44533322682e-05, 4.41274969489e-05, 3.10076829919e-05, 3.6285360693e-05, 3.51854432665e-05, 1.98720408662e-05, 1.0341667803e-05, 7.81164726504e-06, 6.36739059701e-06, 4.28067005487e-06, 2.74227818409e-06, 1.57637589382e-06, 1.05296862785e-06, 7.25161442006e-07, 5.33126240043e-07, 5.06475771545e-07, 3.90499820924e-07, 2.02638815949e-07, 8.03631294843e-08],
        "min": [2.38038655453e-09, 7.92766119417e-09, 1.39921993991e-08, 5.76155123611e-09, 1.45214484881e-09, 1.30773880613e-09, 1.15268106171e-09, 3.0593556577e-09, 1.71022784823e-09, 2.01230077046e-09, 6.2585581162e-10, 4.85144369122e-10, 1.49386017445e-10, 1.079374784e-10, 5.29359403534e-11, 8.37115515795e-11, 3.31357746797e-10, 1.27916219284e-10, 3.40770744955e-11, 5.22227330824e-11, 3.39178581055e-11, 2.20761482012e-11, 2.83312488053e-11, 1.18591716308e-11, 1.48154214591e-11, 1.65745282082e-11, 1.94246511237e-11, 8.9223550423e-12, 1.57851353516e-11, 9.00123465347e-12, 1.72192676784e-11, 1.96100687772e-11, 1.07922499062e-11, 5.98137902055e-12, 3.54994267489e-12, 2.16274589383e-12, 3.29779671453e-12, 3.35302488899e-12, 1.04477830467e-12, 8.44951170663e-13],
        "var": [1.97783106159e-06, 1.14978884085e-05, 1.60094441526e-06, 1.19377818919e-06, 1.454178431e-07, 4.63995597499e-08, 7.69978427684e-08, 1.49853875087e-07, 7.04616311964e-08, 6.10627353126e-08, 7.99343027325e-08, 5.70614595574e-08, 2.96343483086e-08, 2.64374921954e-08, 2.06127435121e-08, 1.27125625582e-08, 1.13550191472e-08, 3.39145644901e-09, 1.5913648177e-09, 1.2252546755e-09, 2.32480990014e-09, 2.31146879415e-09, 1.63395663666e-09, 8.32405699924e-10, 1.0783450799e-09, 1.16888876356e-09, 3.65789121215e-10, 2.72142836044e-10, 1.7545677411e-10, 1.04957390001e-10, 5.66993153817e-11, 6.18020426502e-11, 2.79541476772e-11, 1.2370888168e-11, 7.82082731909e-12, 3.54115738468e-12, 2.43798427627e-12, 2.68719118138e-12, 8.16282696818e-13, 7.92080295667e-14]
    },
    "mfcc": {
        "mean": [-623.928894043, 117.613540649, -9.76995849609, 41.1986083984, 5.42047834396, 9.41961097717, 5.65819644928, 10.6166219711, -1.7590007782, -0.361523419619, -4.5872168541, 0.537691116333, -5.73076581955],
        "cov": [[5603.88134766, -1351.10424805, -1202.9440918, 246.992630005, -70.4962234497, -239.186843872, -344.294433594, -156.412246704, -215.257980347, -179.631744385, -193.446609497, -178.232574463, -83.6714248657], [-1351.10424805, 839.289306641, 156.444412231, -18.5233459473, -2.85164666176, 95.3777008057, 96.0090026855, 42.4253807068, 43.2933921814, 29.196231842, 49.3074798584, 43.2098808289, 24.43998909], [-1202.9440918, 156.444412231, 1053.35522461, -128.616424561, 170.121322632, 147.836791992, 154.964752197, 157.318328857, 115.140899658, 80.9935073853, 119.793922424, 106.091720581, 68.7731018066], [246.992630005, -18.5233459473, -128.616424561, 423.057434082, 139.072036743, -46.1908988953, -103.206863403, -5.34819555283, -5.45632362366, -39.5178184509, -31.1760902405, -15.2062168121, -17.9535255432], [-70.4962234497, -2.85164666176, 170.121322632, 139.072036743, 211.543075562, 37.2755012512, 26.0315971375, 38.7679252625, 24.4127044678, 3.818379879, 6.73162603378, 12.9499444962, 9.6424741745], [-239.186843872, 95.3777008057, 147.836791992, -46.1908988953, 37.2755012512, 118.607017517, 73.5391540527, 44.6320610046, 23.4683132172, 30.2546863556, 32.0345153809, 19.7493858337, 22.0427246094], [-344.294433594, 96.0090026855, 154.964752197, -103.206863403, 26.0315971375, 73.5391540527, 135.446136475, 58.3368377686, 36.5883598328, 33.2467041016, 23.7000961304, 23.3644142151, 17.2080612183], [-156.412246704, 42.4253807068, 157.318328857, -5.34819555283, 38.7679252625, 44.6320610046, 58.3368377686, 88.0690155029, 40.2537002563, 21.4694538116, 22.7352676392, 22.9132957458, 18.8139190674], [-215.257980347, 43.2933921814, 115.140899658, -5.45632362366, 24.4127044678, 23.4683132172, 36.5883598328, 40.2537002563, 65.1924285889, 37.0911178589, 20.6844482422, 16.4940795898, 13.4927864075], [-179.631744385, 29.196231842, 80.9935073853, -39.5178184509, 3.818379879, 30.2546863556, 33.2467041016, 21.4694538116, 37.0911178589, 65.9092636108, 34.8591918945, 17.4756507874, 11.5018463135], [-193.446609497, 49.3074798584, 119.793922424, -31.1760902405, 6.73162603378, 32.0345153809, 23.7000961304, 22.7352676392, 20.6844482422, 34.8591918945, 66.9008178711, 34.1751747131, 17.028421402], [-178.232574463, 43.2098808289, 106.091720581, -15.2062168121, 12.9499444962, 19.7493858337, 23.3644142151, 22.9132957458, 16.4940795898, 17.4756507874, 34.1751747131, 54.6424827576, 23.3093185425], [-83.6714248657, 24.43998909, 68.7731018066, -17.9535255432, 9.6424741745, 22.0427246094, 17.2080612183, 18.8139190674, 13.4927864075, 11.5018463135, 17.028421402, 23.3093185425, 43.7912712097]],
