{
"lowlevel": {
    "average_loudness": 0.977210640907,
    "barkbands_crest": {
        "dmean": 2.81411623955,
        "dmean2": 4.66316747665,
        "dvar": 6.96177482605,
        "dvar2": 18.6338005066,
        "max": 20.7899684906,
        "mean": 8.75024986267,
        "median": 8.06775760651,
        "min": 2.59095311165,
        "var": 11.5378408432
    },
    "barkbands_flatness_db": {
        "dmean": 0.0239171739668,
        "dmean2": 0.035896807909,
        "dvar": 0.000635958276689,
        "dvar2": 0.00137465377338,
        "max": 0.32258656621,
        "mean": 0.108834296465,
        "median": 0.0987407341599,
        "min": 0.0226415060461,
        "var": 0.00180968164932
    },
    "barkbands_kurtosis": {
        "dmean": 2.61315226555,
        "dmean2": 4.14156484604,
        "dvar": 35.0031166077,
        "dvar2": 84.5613479614,
        "max": 93.9413986206,
        "mean": 1.62534105778,
        "median": -0.269203424454,
        "min": -1.70183980465,
        "var": 38.1395606995
    },
    "barkbands_skewness": {
        "dmean": 0.637083470821,
        "dmean2": 0.920543015003,
        "dvar": 0.503679513931,
        "dvar2": 1.04348564148,
        "max": 8.63989257812,
        "mean": 1.0607534647,
        "median": 0.822932422161,
        "min": -1.45075166225,
        "var": 1.27024877071
    },
    "barkbands_spread": {
        "dmean": 7.82879114151,
        "dmean2": 12.2377033234,
        "dvar": 56.1211738586,
        "dvar2": 138.04838562,
        "max": 77.5436248779,
        "mean": 33.0733757019,
        "median": 33.265411377,
        "min": 2.1524040699,
        "var": 160.152206421
    },
    "dissonance": {
        "dmean": 0.0149709861726,
        "dmean2": 0.0255490932614,
        "dvar": 0.000204824027605,
        "dvar2": 0.0005198578001,
        "max": 0.49979659915,
        "mean": 0.476777523756,
        "median": 0.481139600277,
        "min": 0.362773895264,
        "var": 0.000345473235939
    },
    "dynamic_complexity": 2.10528755188,
    "erbbands_crest": {
        "dmean": 2.82291388512,
        "dmean2": 4.49662446976,
        "dvar": 7.53302717209,
        "dvar2": 17.9808998108,
        "max": 25.9020671844,
        "mean": 8.04244613647,
        "median": 6.94943904877,
        "min": 2.3522799015,
        "var": 15.5243244171
    },
    "erbbands_flatness_db": {
        "dmean": 0.0188781581819,
        "dmean2": 0.027154026553,
        "dvar": 0.000303574750433,
        "dvar2": 0.000657876662444,
        "max": 0.259162038565,
        "mean": 0.144693300128,
        "median": 0.140853866935,
        "min": 0.0729142427444,
        "var": 0.00111378100701
    },
    "erbbands_kurtosis": {
        "dmean": 0.884407937527,
        "dmean2": 1.39284074306,
        "dvar": 1.15416312218,
        "dvar2": 3.0114171505,
        "max": 15.876871109,
        "mean": 0.352839976549,
        "median": -0.00215816497803,
        "min": -1.80112528801,
        "var": 2.12778782845
    },
    "erbbands_skewness": {
        "dmean": 0.396463632584,
        "dmean2": 0.608220517635,
        "dvar": 0.118268556893,
        "dvar2": 0.280245989561,
        "max": 2.35545921326,
        "mean": -0.144518911839,
        "median": -0.233677282929,
        "min": -2.74615740776,
        "var": 0.412430047989
    },
    "erbbands_spread": {
        "dmean": 10.7137746811,
        "dmean2": 15.904920578,
        "dvar": 130.014038086,
        "dvar2": 293.815032959,
        "max": 146.292678833,
        "mean": 39.8507843018,
        "median": 36.3122406006,
        "min": 6.84824943542,
        "var": 343.984161377
    },
    "hfc": {
        "dmean": 9.88478851318,
        "dmean2": 14.9097633362,
        "dvar": 148.077163696,
        "dvar2": 366.188323975,
        "max": 122.084121704,
        "mean": 27.3456840515,
        "median": 25.5530281067,
        "min": 3.07475971795e-07,
        "var": 276.791168213
    },
    "melbands_crest": {
        "dmean": 3.4538230896,
        "dmean2": 5.56008338928,
        "dvar": 9.36354064941,
        "dvar2": 22.6979866028,
        "max": 30.51304245,
        "mean": 14.1634473801,
        "median": 13.5637264252,
        "min": 3.78046226501,
        "var": 23.9247207642
    },
    "melbands_flatness_db": {
        "dmean": 0.0309648569673,
        "dmean2": 0.0457386635244,
        "dvar": 0.00103557889815,
        "dvar2": 0.00216409261338,
        "max": 0.398987859488,
        "mean": 0.159987777472,
        "median": 0.146312460303,
        "min": 0.053924061358,
        "var": 0.00305283069611
    },
    "melbands_kurtosis": {
        "dmean": 9.21289348602,
        "dmean2": 14.1707983017,
        "dvar": 343.95123291,
        "dvar2": 771.088806152,
        "max": 289.583526611,
        "mean": 10.9344100952,
        "median": 4.06678199768,
        "min": -1.633051157,
        "var": 455.350585938
    },
    "melbands_skewness": {
        "dmean": 1.01393997669,
        "dmean2": 1.47562849522,
        "dvar": 1.41391503811,
        "dvar2": 2.87541079521,
        "max": 13.2997922897,
        "mean": 2.46206474304,
        "median": 1.99726760387,
        "min": -0.486352354288,
        "var": 3.31283116341
    },
    "melbands_spread": {
        "dmean": 10.6852636337,
        "dmean2": 15.6989660263,
        "dvar": 104.499465942,
        "dvar2": 223.819442749,
        "max": 101.733673096,
        "mean": 36.2413406372,
        "median": 35.1750831604,
        "min": 1.213727355,
        "var": 349.196838379
    },
    "pitch_salience": {
        "dmean": 0.080422013998,
        "dmean2": 0.13066290319,
        "dvar": 0.00549068441615,
        "dvar2": 0.0143656888977,
        "max": 0.830296158791,
        "mean": 0.519729912281,
        "median": 0.511194348335,
        "min": 0.214240774512,
        "var": 0.0109108388424
    },
    "silence_rate_20dB": {
        "dmean": 0,
        "dmean2": 0,
        "dvar": 0,
        "dvar2": 0,
        "max": 1,
        "mean": 1,
        "median": 1,
        "min": 1,
        "var": 0
    },
    "silence_rate_30dB": {
        "dmean": 0,
        "dmean2": 0,
        "dvar": 0,
        "dvar2": 0,
        "max": 1,
        "mean": 1,
        "median": 1,
        "min": 1,
        "var": 0
    },
    "silence_rate_60dB": {
        "dmean": 0.00464396271855,
        "dmean2": 0.00929511990398,
        "dvar": 0.00462228944525,
        "dvar2": 0.0107578253374,
        "max": 1,
        "mean": 0.0348027832806,
        "median": 0,
        "min": 0,
        "var": 0.0335914939642
    },
    "spectral_centroid": {
        "dmean": 336.410858154,
        "dmean2": 510.699249268,
        "dvar": 149049.875,
        "dvar2": 261971.453125,
        "max": 11140.2490234,
        "mean": 1907.8638916,
        "median": 1980.26855469,
        "min": 292.12802124,
        "var": 378366.125
    },
    "spectral_complexity": {
        "dmean": 6.47523212433,
        "dmean2": 9.33694839478,
        "dvar": 40.4566764832,
        "dvar2": 74.5767364502,
        "max": 55,
        "mean": 25.8778038025,
        "median": 26,
        "min": 0,
        "var": 139.041381836
    },
    "spectral_decrease": {
        "dmean": 3.1596609773e-09,
        "dmean2": 4.8784394302e-09,
        "dvar": 2.02268175625e-17,
        "dvar2": 4.71960107678e-17,
        "max": -2.50126447044e-17,
        "mean": -7.20038251245e-09,
        "median": -5.91393733984e-09,
        "min": -3.53356526261e-08,
        "var": 2.70205809736e-17
    },
    "spectral_energy": {
        "dmean": 0.0125745711848,
        "dmean2": 0.0193632356822,
        "dvar": 0.000310921896016,
        "dvar2": 0.000729409628548,
        "max": 0.136566489935,
        "mean": 0.0296562444419,
        "median": 0.0248805675656,
        "min": 1.22292370675e-10,
        "var": 0.000418318406446
    },
    "spectral_energyband_high": {
        "dmean": 0.000579195737373,
        "dmean2": 0.00093054753961,
        "dvar": 8.92867774382e-07,
        "dvar2": 2.42076407631e-06,
        "max": 0.0101728197187,
        "mean": 0.0013294974342,
        "median": 0.00100247538649,
        "min": 1.40503537624e-11,
        "var": 1.50337621108e-06
    },
    "spectral_energyband_low": {
        "dmean": 0.00762675143778,
        "dmean2": 0.0116532212123,
        "dvar": 0.000206488432013,
        "dvar2": 0.000464293960249,
        "max": 0.122767955065,
        "mean": 0.0133419726044,
        "median": 0.0083665791899,
        "min": 1.26012169449e-11,
        "var": 0.000258369080257
    },
    "spectral_energyband_middle_high": {
        "dmean": 0.00338391959667,
        "dmean2": 0.00505532464013,
        "dvar": 1.42008411785e-05,
        "dvar2": 3.11516741931e-05,
        "max": 0.0428737737238,
        "mean": 0.00797581020743,
        "median": 0.0068797422573,
        "min": 4.21187563993e-11,
        "var": 3.379509144e-05
    },
    "spectral_energyband_middle_low": {
        "dmean": 0.00576978176832,
        "dmean2": 0.00930404104292,
        "dvar": 8.59174833749e-05,
        "dvar2": 0.000214713756577,
        "max": 0.0788842961192,
        "mean": 0.00925105251372,
        "median": 0.00552119873464,
        "min": 1.95758218663e-11,
        "var": 0.000101744713902
    },
    "spectral_entropy": {
        "dmean": 0.152464911342,
        "dmean2": 0.223552629352,
        "dvar": 0.0259837601334,
        "dvar2": 0.0533677749336,
        "max": 9.80032253265,
        "mean": 7.83218002319,
        "median": 7.87028932571,
        "min": 6.61171960831,
        "var": 0.0751439630985
    },
    "spectral_flux": {
        "dmean": 0.0329226367176,
        "dmean2": 0.0523073188961,
        "dvar": 0.00134537997656,
        "dvar2": 0.00309624290094,
        "max": 0.300186872482,
        "mean": 0.104978464544,
        "median": 0.0946251302958,
        "min": 1.6397667423e-05,
        "var": 0.00253750896081
    },
    "spectral_kurtosis": {
        "dmean": 1.15051698685,
        "dmean2": 1.94832599163,
        "dvar": 1.54318261147,
        "dvar2": 4.4783539772,
        "max": 13.4826908112,
        "mean": 3.14898204803,
        "median": 2.85302877426,
        "min": -1.24839019775,
        "var": 2.69658994675
    },
    "spectral_rms": {
        "dmean": 0.00104281527456,
        "dmean2": 0.00156729761511,
        "dvar": 1.59300020641e-06,
        "dvar2": 3.58012698598e-06,
        "max": 0.0115427728742,
        "mean": 0.0050723394379,
        "median": 0.00492683704942,
        "min": 3.45412274783e-07,
        "var": 3.20428421219e-06
    },
    "spectral_rolloff": {
        "dmean": 667.263244629,
        "dmean2": 1093.12365723,
        "dvar": 639820.5625,
        "dvar2": 1595907.5,
        "max": 8613.28125,
        "mean": 1996.45727539,
        "median": 2024.12109375,
        "min": 107.666015625,
        "var": 1377507.375
    },
    "spectral_skewness": {
        "dmean": 0.176971063018,
        "dmean2": 0.282175779343,
        "dvar": 0.0284186210483,
        "dvar2": 0.0717730596662,
        "max": 2.28790831566,
        "mean": 1.2127352953,
        "median": 1.20763111115,
        "min": 0.0185338780284,
        "var": 0.0739144980907
    },
    "spectral_spread": {
        "dmean": 592131.1875,
        "dmean2": 879506.4375,
        "dvar": 1.41713512858e+12,
        "dvar2": 1.86640800154e+12,
        "max": 41884340,
        "mean": 4465834,
        "median": 4426986,
        "min": 2226233.75,
        "var": 2.12984292966e+12
    },
    "spectral_strongpeak": {
        "dmean": 0.582434356213,
        "dmean2": 0.9845007658,
        "dvar": 0.987363159657,
        "dvar2": 2.25860118866,
        "max": 9.05170249939,
        "mean": 0.851302862167,
        "median": 0.41487044096,
        "min": 1.66436038853e-05,
        "var": 1.32916796207
    },
    "zerocrossingrate": {
        "dmean": 0.0113960010931,
        "dmean2": 0.0136166550219,
        "dvar": 0.000144571604324,
        "dvar2": 0.000189988568309,
        "max": 0.36328125,
        "mean": 0.0750064924359,
        "median": 0.07421875,
        "min": 0.009765625,
        "var": 0.000786144577432
    },
    "barkbands": {
        "dmean": [6.95344933774e-05, 0.00381205324084, 0.00432732980698, 0.00192137772683, 0.00270352489315, 0.000560461892746, 0.000740554241929, 0.00129819917493, 0.000663419195917, 0.00067659036722, 0.000316047924571, 0.000965881394222, 0.000775553751737, 0.000576196587645, 0.000565093883779, 0.000520836387295, 0.000323924294207, 0.00037379495916, 0.00046909917728, 0.000276489066891, 0.000182707663043, 0.000139280076837, 0.000115120768896, 9.48252200033e-05, 5.06333453814e-05, 1.69879640453e-05, 9.62026433626e-07],
        "dmean2": [0.000121247496281, 0.00607114285231, 0.00732646789402, 0.00303949555382, 0.00454317731783, 0.000955997733399, 0.00123586924747, 0.00209767278284, 0.00107400945853, 0.001079336158, 0.000516072497703, 0.00142010045238, 0.00122989807278, 0.000941917125601, 0.000885841902345, 0.000836076156702, 0.00051826518029, 0.00059489387786, 0.000755081360694, 0.000464185402961, 0.000305989146, 0.000232796810451, 0.000187475830899, 0.000148191247717, 7.88930410636e-05, 2.66909573838e-05, 1.5694799913e-06],
        "dvar": [2.00346601531e-08, 5.98149090365e-05, 8.27348267194e-05, 1.012528719e-05, 4.48254795629e-05, 1.40936981552e-06, 3.0554613204e-06, 6.80947323417e-06, 1.88870467355e-06, 2.09812242247e-06, 3.55129230911e-07, 3.89604474549e-06, 3.80336496164e-06, 9.20786874303e-07, 9.59935960054e-07, 6.82217148551e-07, 2.38348278003e-07, 2.23389903908e-07, 3.90869132616e-07, 1.30707050516e-07, 8.01247708182e-08, 5.36528759199e-08, 5.22663192726e-08, 2.50370693067e-08, 1.05049604571e-08, 1.21546672727e-09, 3.85897737376e-12],
        "dvar2": [5.32856638813e-08, 0.000133107547299, 0.000228856413742, 2.39206510741e-05, 0.000115748327516, 3.8736843635e-06, 7.57369707571e-06, 1.56932383106e-05, 4.88412706545e-06, 4.65190669274e-06, 8.74252805261e-07, 8.2033666331e-06, 9.54752613325e-06, 2.25961980505e-06, 2.41584029936e-06, 1.60525848969e-06, 5.65003233532e-07, 5.37443327175e-07, 9.93367393676e-07, 3.42033104062e-07, 2.20602871082e-07, 1.47445533116e-07, 1.35938932999e-07, 6.49113829354e-08, 2.77094134304e-08, 3.13893488979e-09, 9.42767391932e-12],
        "max": [0.00137588242069, 0.0635601431131, 0.0747184678912, 0.0275183562189, 0.0614700168371, 0.0143207199872, 0.022130087018, 0.0275981184095, 0.018113983795, 0.0246209297329, 0.00737853255123, 0.0300780832767, 0.0343002155423, 0.0134847974405, 0.0144345667213, 0.0117861954495, 0.00849069282413, 0.00667277956381, 0.00901504326612, 0.00395018141717, 0.0029023506213, 0.00241683120839, 0.00349138840102, 0.00204116362147, 0.00117885018699, 0.000357029697625, 2.08638284676e-05],
        "mean": [6.79533040966e-05, 0.00546373287216, 0.00574669335037, 0.00267252232879, 0.00258433190174, 0.000592143973336, 0.000745963363443, 0.00149561080616, 0.000869136303663, 0.000990826636553, 0.000363320956239, 0.001369089121, 0.000931402028073, 0.000819417007733, 0.000742633070331, 0.000753896369133, 0.000486609264044, 0.000599615974352, 0.000777746783569, 0.000465827441076, 0.000341948267305, 0.000261511100689, 0.000205470467336, 0.000189009559108, 9.13234616746e-05, 2.74535104836e-05, 1.06135553324e-06],
        "median": [2.34205472225e-05, 0.002884327434, 0.00345094222575, 0.0012256600894, 0.000798006425612, 0.000229827346629, 0.000161217700224, 0.000303729437292, 0.000316634686897, 0.000293565739412, 0.000150920037413, 0.000388572516385, 0.000376667216187, 0.000419103860622, 0.000362777383998, 0.000531392230187, 0.000326171488268, 0.00042976916302, 0.000612976436969, 0.000352280621883, 0.000274868390989, 0.000172083135112, 0.000114576825581, 0.00011417663336, 4.98651097587e-05, 1.27318071463e-05, 2.49124866514e-07],
        "min": [2.91726495391e-12, 4.79850447571e-12, 5.19090022702e-12, 2.72840647644e-12, 3.94592821959e-12, 3.90810647732e-13, 5.505337939e-13, 2.36661645142e-12, 1.56182141872e-12, 9.5736331189e-13, 9.66904291008e-13, 5.07836220992e-12, 2.54977766331e-12, 4.83874659091e-12, 1.69379950603e-12, 4.5693596476e-12, 1.22562480998e-11, 1.8382092723e-12, 2.3237952361e-12, 9.80941673376e-13, 1.46849221151e-12, 1.39594650943e-12, 1.84120318818e-12, 1.77321362888e-12, 1.68145011803e-12, 2.55649060948e-12, 3.56027772368e-12],
        "var": [1.81683184053e-08, 6.97486539138e-05, 7.06264327164e-05, 1.49769120981e-05, 3.63757826563e-05, 1.16458443244e-06, 3.19410628435e-06, 9.04885655473e-06, 2.46763761425e-06, 4.66001074528e-06, 4.00631137154e-07, 7.7242448242e-06, 4.47741012977e-06, 1.52443260504e-06, 1.28292776935e-06, 8.1298526311e-07, 3.35152975595e-07, 3.42441182966e-07, 5.50658796783e-07, 2.0110654475e-07, 9.9020411426e-08, 7.77585498213e-08, 7.14446315442e-08, 5.1031157966e-08, 1.47628069769e-08, 1.56484680769e-09, 4.55258053478e-12]
    },
    "erbbands": {
        "dmean": [0.0867104902864, 0.954466462135, 3.9594783783, 6.95967388153, 7.79902982712, 8.81876850128, 5.67213344574, 4.732172966, 8.32967948914, 17.7188034058, 26.8322525024, 14.8891839981, 19.9670944214, 13.2818002701, 21.8077640533, 35.1316986084, 36.1139373779, 21.9811000824, 27.9485588074, 29.3786487579, 27.1404457092, 17.3138484955, 18.9874343872, 24.7223320007, 18.2239246368, 13.5400514603, 8.91917133331, 6.28761339188, 4.99461889267, 4.41146183014, 3.34302330017, 2.25223064423, 1.46054136753, 0.687307238579, 0.308525264263, 0.104695595801, 0.0268497876823, 0.00421863095835, 0.000109268221422, 1.7502647097e-05],
        "dmean2": [0.14262881875, 1.5401815176, 6.64003801346, 11.1090984344, 13.0259885788, 15.3725309372, 9.88000488281, 8.04854297638, 14.0613126755, 29.6776657104, 42.7628326416, 23.9128818512, 32.1963500977, 21.3843708038, 32.9415817261, 54.0781173706, 57.2507324219, 36.3112258911, 44.0678596497, 46.4235916138, 43.3523368835, 27.7177391052, 30.3951396942, 39.5873794556, 29.1677246094, 22.8016643524, 14.9621944427, 10.571598053, 8.31360530853, 7.16324424744, 5.51301240921, 3.62946987152, 2.30192947388, 1.08611917496, 0.486111313105, 0.166491881013, 0.0421356111765, 0.00657668896019, 0.000170950021129, 2.66530441877e-05],
        "dvar": [0.0359795019031, 3.77653193474, 73.0946121216, 153.658721924, 303.009063721, 509.817047119, 131.185333252, 103.207542419, 360.165313721, 1350.67565918, 3053.63867188, 996.484130859, 1984.72583008, 631.55871582, 1650.234375, 5276.46972656, 9462.86914062, 1098.50634766, 1857.35974121, 2967.69018555, 1835.84423828, 637.747436523, 718.410339355, 909.403625488, 661.206359863, 329.617584229, 155.278656006, 116.368011475, 68.1581039429, 51.6832084656, 55.846736908, 16.758939743, 6.32867050171, 1.66193246841, 0.418830096722, 0.0538925677538, 0.00290660304017, 6.22255683993e-05, 4.00520221433e-08, 5.92528914822e-10],
        "dvar2": [0.0883733853698, 8.07998180389, 195.041519165, 387.993499756, 761.821960449, 1376.44921875, 362.894012451, 280.709564209, 943.881225586, 3162.06762695, 7184.39355469, 2647.54394531, 4796.29003906, 1435.68029785, 3632.46435547, 12009.1269531, 24080.2792969, 2799.02416992, 4178.41357422, 7573.95605469, 4342.34570312, 1473.0892334, 1705.67248535, 2225.92822266, 1736.74865723, 866.018615723, 428.328430176, 323.612487793, 185.809661865, 131.870437622, 150.380187988, 45.1665153503, 16.1274318695, 4.23697423935, 1.10910665989, 0.144137516618, 0.00729801505804, 0.000142473887536, 9.52606029614e-08, 1.40773737112e-09],
        "max": [1.45322203636, 15.7009992599, 76.409538269, 100.716140747, 172.640762329, 201.592529297, 102.154754639, 101.196266174, 163.872406006, 373.120025635, 577.901794434, 486.61730957, 590.004272461, 329.101165771, 451.85168457, 1261.53271484, 1793.30871582, 353.940093994, 535.518066406, 816.154296875, 559.183044434, 453.93069458, 450.439483643, 302.536346436, 379.282287598, 240.674240112, 117.854804993, 110.294830322, 76.5367889404, 75.3724594116, 123.534065247, 54.7314682007, 27.5625362396, 16.3443069458, 6.63400840759, 2.70605325699, 0.537692666054, 0.0742466896772, 0.00166528089903, 0.000202620532946],
        "mean": [0.113116167486, 1.43874049187, 5.59167480469, 9.95635890961, 7.90768671036, 7.87698841095, 5.952688694, 4.96946716309, 8.83099746704, 19.9558334351, 31.0813732147, 20.081861496, 29.8892192841, 19.8450813293, 32.4838752747, 48.3158035278, 45.5963401794, 33.1470832825, 41.8467292786, 41.2733383179, 41.1472396851, 29.2109985352, 31.7622108459, 42.8391189575, 30.5247306824, 23.1188316345, 16.4553260803, 11.3135614395, 9.22268676758, 8.00926113129, 5.7180185318, 4.28680419922, 2.79663705826, 1.31546711922, 0.517671227455, 0.169986769557, 0.0418790355325, 0.00567793287337, 0.000158919778187, 4.33032691944e-05],
        "median": [0.0612834580243, 0.788188815117, 3.3275976181, 5.44693851471, 2.82324767113, 2.33932137489, 2.64577245712, 1.79644477367, 2.34168696404, 5.14860868454, 8.22622776031, 8.6930065155, 9.12801933289, 8.84938430786, 12.5725755692, 18.6904525757, 19.6937046051, 20.0065937042, 21.8845443726, 24.9038791656, 30.3418903351, 21.2828235626, 23.6569595337, 33.7535820007, 23.9069137573, 17.3802757263, 13.8143663406, 8.22787666321, 6.09400701523, 4.92235326767, 3.08299684525, 2.46363711357, 1.54253923893, 0.751812040806, 0.260626584291, 0.0837304964662, 0.0179700497538, 0.00178471882828, 6.6829023126e-05, 3.70881716663e-05],
        "min": [1.31577873597e-10, 1.17234610908e-09, 5.65114222084e-09, 7.40890282458e-09, 1.7492748583e-08, 1.86819910653e-08, 6.93946278219e-09, 2.35467112475e-09, 7.0688677134e-09, 3.06006064932e-08, 4.20647836563e-08, 3.54120430757e-08, 5.77858685347e-08, 4.07958111737e-08, 8.74130492434e-08, 2.11771663317e-07, 1.33992699602e-07, 1.49114995907e-07, 2.14950674149e-07, 1.3368806151e-07, 2.94463148975e-07, 7.91886463958e-07, 1.74009699094e-07, 1.78524885541e-07, 6.56183942738e-08, 6.1124808326e-08, 4.94473546553e-08, 6.27076701676e-08, 5.29099679625e-08, 5.1360967035e-08, 4.98687420247e-08, 4.38404867964e-08, 2.88394694792e-08, 1.68760827535e-08, 1.17665175381e-08, 5.52940315757e-09, 5.62355095823e-09, 1.48087930807e-09, 3.08446462816e-10, 6.0912649924e-11],
        "var": [0.0362929441035, 4.53727388382, 69.0634384155, 181.541809082, 263.749053955, 366.842498779, 102.404426575, 92.646522522, 342.135040283, 1692.72717285, 3705.63256836, 1189.03735352, 4150.56298828, 1098.66845703, 3418.37695312, 7741.57177734, 10697.7939453, 1652.64147949, 3579.72998047, 3467.19946289, 2233.56713867, 977.64654541, 998.235229492, 1549.17443848, 824.691711426, 510.509185791, 209.318496704, 133.88973999, 98.8663864136, 80.5266189575, 67.5777587891, 29.6870975494, 12.2022953033, 2.84467291832, 0.543307304382, 0.0614142939448, 0.00377202499658, 9.10640810616e-05, 5.43413882781e-08, 8.20226719878e-10]
    },
    "gfcc": {
        "mean": [24.681394577, 75.9942474365, -129.927658081, 54.7165260315, -48.9526557922, 28.0201225281, -31.4251708984, 13.9841918945, -23.7721500397, -0.899804413319, -17.7593040466, -6.64156961441, -16.735490799],
        "cov": [[6504.23535156, -388.827575684, 93.5409393311, 28.1330490112, -237.235153198, 79.6585693359, -103.871696472, 147.28225708, -165.715255737, 204.240753174, -90.161026001, -11.5953397751, -124.738883972], [-388.827575684, 884.259399414, -146.410736084, 82.3525161743, -10.4694375992, -216.149871826, 159.77041626, -125.893959045, 183.923477173, -149.876525879, 96.4857025146, -86.2236251831, 54.8212432861], [93.5409393311, -146.410736084, 433.876831055, 55.9718475342, -75.8166351318, 31.1245288849, -57.6635055542, 43.5277099609, -26.8750972748, 7.60421848297, -33.7513504028, 39.9637680054, -15.5241632462], [28.1330490112, 82.3525161743, 55.9718475342, 223.336257935, 70.8983306885, 11.3280210495, 9.13985347748, -51.2140769958, 34.936958313, -28.4157676697, 28.281621933, -38.2176933289, 7.55443334579], [-237.235153198, -10.4694375992, -75.8166351318, 70.8983306885, 316.933074951, 106.890205383, 23.9296913147, -27.9658317566, -18.4102840424, 16.2224998474, 1.91268992424, -25.4590167999, -20.9100131989], [79.6585693359, -216.149871826, 31.1245288849, 11.3280210495, 106.890205383, 199.665847778, 21.4490299225, 37.2593650818, -54.6480865479, 25.3373146057, -17.2044315338, 10.5518293381, -19.7901210785], [-103.871696472, 159.77041626, -57.6635055542, 9.13985347748, 23.9296913147, 21.4490299225, 156.650024414, 25.030670166, 27.9754657745, -39.9159393311, 25.4545459747, -18.9814777374, -3.5100505352], [147.28225708, -125.893959045, 43.5277099609, -51.2140769958, -27.9658317566, 37.2593650818, 25.030670166, 144.829986572, 8.83089256287, 38.7406806946, -19.0748233795, 20.9452972412, -2.73476147652], [-165.715255737, 183.923477173, -26.8750972748, 34.936958313, -18.4102840424, -54.6480865479, 27.9754657745, 8.83089256287, 135.132415771, -7.5590057373, 24.2090682983, -28.3360557556, 9.45651054382], [204.240753174, -149.876525879, 7.60421848297, -28.4157676697, 16.2224998474, 25.3373146057, -39.9159393311, 38.7406806946, -7.5590057373, 117.417304993, 6.85360240936, 6.39562129974, -18.5353355408], [-90.161026001, 96.4857025146, -33.7513504028, 28.281621933, 1.91268992424, -17.2044315338, 25.4545459747, -19.0748233795, 24.2090682983, 6.85360240936, 72.4419784546, 6.23225450516, 3.57186126709], [-11.5953397751, -86.2236251831, 39.9637680054, -38.2176933289, -25.4590167999, 10.5518293381, -18.9814777374, 20.9452972412, -28.3360557556, 6.39562129974, 6.23225450516, 80.4195098877, 24.3397006989], [-124.738883972, 54.8212432861, -15.5241632462, 7.55443334579, -20.9100131989, -19.7901210785, -3.5100505352, -2.73476147652, 9.45651054382, -18.5353355408, 3.57186126709, 24.3397006989, 77.1843490601]],
        "icov": [[0.000218073677388, -0.000356288539479, 0.000214675834286, -0.000499678310007, 0.00043830848881, -0.000300043466268, 0.000251340272371, -0.000372395850718, 0.000572462799028, -0.000645910098683, 0.000641456863377, -0.000334953248966, 0.000588314142078], [-0.000356288539479, 0.00623405212536, -0.00135221891105, 0.00270037353039, -0.00236120191403, 0.00487471930683, -0.00465628085658, 0.00373246055096, -0.00492391455919, 0.00481411302462, -0.00559333246201, 0.00480955792591, -0.00450767017901], [0.000214675834286, -0.00135221891105, 0.00393083551899, -0.00311400648206, 0.00199735444039, -0.00157351861708, 0.00192411534954, -0.00197943183593, 0.00142287241761, -0.0011482470436, 0.00328524340875, -0.0036454021465, 0.00310524483211], [-0.000499678310007, 0.00270037353039, -0.00311400648206, 0.00962456222624, -0.00339968549088, 0.00122986978386, -0.00128534110263, 0.0034843175672, -0.00401803618297, 0.00444366456941, -0.00708884280175, 0.00681904051453, -0.00509740971029], [0.00043830848881, -0.00236120191403, 0.00199735444039, -0.00339968549088, 0.00633146427572, -0.0044519151561, 0.00122559035663, -0.0004641423875, 0.00230818497948, -0.00352916307747, 0.00377041753381, -0.00222325744107, 0.00312928901985], [-0.000300043466268, 0.00487471930683, -0.00157351861708, 0.00122986978386, -0.0044519151561, 0.0121563784778, -0.00543845631182, 0.000981082557701, -0.000883176573552, 0.00252551515587, -0.00293619628064, 0.00251733907498, -0.00262908171862], [0.000251340272371, -0.00465628085658, 0.00192411534954, -0.00128534110263, 0.00122559035663, -0.00543845631182, 0.0140545656905, -0.00692826043814, 0.00286642904393, 0.00217992370017, -0.0014865990961, -0.000550082884729, 0.00397202000022], [-0.000372395850718, 0.00373246055096, -0.00197943183593, 0.0034843175672, -0.0004641423875, 0.000981082557701, -0.00692826043814, 0.0141304219142, -0.00604380993173, -0.00176541216206, 0.00104131002445, -4.49466569989e-05, -0.0033981075976], [0.000572462799028, -0.00492391455919, 0.00142287241761, -0.00401803618297, 0.00230818497948, -0.000883176573552, 0.00286642904393, -0.00604380993173, 0.0151661606506, -0.00425880914554, 0.00184031191748, 9.07392532099e-05, 0.0024223306682], [-0.000645910098683, 0.00481411302462, -0.0011482470436, 0.00444366456941, -0.00352916307747, 0.00252551515587, 0.00217992370017, -0.00176541216206, -0.00425880914554, 0.0179399196059, -0.0106990588829, 0.00575009454042, -0.00188918842468], [0.000641456863377, -0.00559333246201, 0.00328524340875, -0.00708884280175, 0.00377041753381, -0.00293619628064, -0.0014865990961, 0.00104131002445, 0.00184031191748, -0.0106990588829, 0.0275066159666, -0.0125458901748, 0.00649046385661], [-0.000334953248966, 0.00480955792591, -0.0036454021465, 0.00681904051453, -0.00222325744107, 0.00251733907498, -0.000550082884729, -4.49466569989e-05, 9.07392532099e-05, 0.00575009454042, -0.0125458901748, 0.0254448857158, -0.0114150596783], [0.000588314142078, -0.00450767017901, 0.00310524483211, -0.00509740971029, 0.00312928901985, -0.00262908171862, 0.00397202000022, -0.0033981075976, 0.0024223306682, -0.00188918842468, 0.00649046385661, -0.0114150596783, 0.0210146401078]]
    },
    "melbands": {
        "dmean": [0.000952008413151, 0.00169985846151, 0.00110798515379, 0.000669512606692, 0.000224533810979, 0.00010682453285, 0.000132536180899, 0.000223329785513, 0.000203205796424, 9.02309402591e-05, 0.000103121637949, 6.11025679973e-05, 5.77573337068e-05, 0.000111425477371, 0.000103410115116, 5.71840428165e-05, 4.65118755528e-05, 5.16318432346e-05, 4.34986286564e-05, 3.85083876608e-05, 3.12051452056e-05, 1.82669700735e-05, 1.97760582523e-05, 1.6607958969e-05, 2.20434558287e-05, 1.76224166353e-05, 1.12373936645e-05, 8.95543962542e-06, 6.24243557468e-06, 4.95583253723e-06, 3.46352953784e-06, 3.01847808259e-06, 2.95154040941e-06, 2.35379479818e-06, 2.06943741432e-06, 1.7047188976e-06, 1.33266894409e-06, 1.21057655633e-06, 7.85312181506e-07, 5.76418472065e-07],
        "dmean2": [0.00151872169226, 0.00274604209699, 0.00178241194226, 0.00113667361438, 0.000394388654968, 0.000180339964572, 0.000222364033107, 0.0003691779566, 0.000324774504406, 0.000146762569784, 0.000165871053468, 9.7426258435e-05, 8.92698517418e-05, 0.000162722586538, 0.000167552803759, 9.12464311114e-05, 7.65542063164e-05, 8.30575736472e-05, 6.89641528879e-05, 6.12830699538e-05, 5.02208713442e-05, 2.92543863907e-05, 3.24455431837e-05, 2.66642146016e-05, 3.56669042958e-05, 2.87231086986e-05, 1.85925746337e-05, 1.52110142153e-05, 1.06076049633e-05, 8.33874310047e-06, 5.8690197875e-06, 5.01877002534e-06, 4.96714574183e-06, 3.79553875973e-06, 3.44305226463e-06, 2.83917643173e-06, 2.16742591874e-06, 1.91039384845e-06, 1.29100362756e-06, 9.29899329094e-07],
        "dvar": [3.8820262489e-06, 1.26290542539e-05, 3.5063303585e-06, 2.97291057905e-06, 2.21013721102e-07, 4.97538827915e-08, 9.41629636486e-08, 1.91011665152e-07, 1.62188754871e-07, 3.64564805011e-08, 5.23293870458e-08, 1.49711940622e-08, 9.8948493843e-09, 7.09414749167e-08, 4.62543567892e-08, 1.83962853839e-08, 5.39934008614e-09, 7.19970216778e-09, 7.22254789309e-09, 3.81452958109e-09, 2.4864144077e-09, 7.65965180172e-10, 7.68491548175e-10, 4.81141182451e-10, 7.43480776944e-10, 6.20023088427e-10, 2.05833738942e-10, 1.51904072654e-10, 7.74287578498e-11, 5.28704233171e-11, 3.87198363649e-11, 2.67065414922e-11, 2.33936706812e-11, 1.44153586637e-11, 2.45651554653e-11, 1.08032124913e-11, 5.66090186879e-12, 4.78681590893e-12, 1.85723940567e-12, 1.3126686153e-12],
        "dvar2": [9.05786055228e-06, 3.11454350594e-05, 9.0067878773e-06, 7.71788927523e-06, 6.18070941982e-07, 1.34133856022e-07, 2.42555955765e-07, 4.46419164746e-07, 3.82877999527e-07, 9.68164073356e-08, 1.22988950579e-07, 3.29332294768e-08, 2.29193304335e-08, 1.44632522847e-07, 1.11534227187e-07, 4.71247858513e-08, 1.37883624518e-08, 1.62825983807e-08, 1.80596195776e-08, 9.13865427776e-09, 5.93946625216e-09, 1.78571235576e-09, 1.80401482641e-09, 1.12546738595e-09, 1.82801640491e-09, 1.5812514631e-09, 5.26983456872e-10, 4.05518868485e-10, 2.14423062639e-10, 1.46440332083e-10, 1.08228072337e-10, 7.32527441483e-11, 6.4763257257e-11, 3.55784048056e-11, 6.65925994903e-11, 2.91752490222e-11, 1.50861111797e-11, 1.23137481114e-11, 4.8267730958e-12, 3.36425093513e-12],
        "max": [0.0155793298036, 0.0326400920749, 0.0148820932955, 0.0160662420094, 0.00397219602019, 0.00234968634322, 0.0030491205398, 0.00406369380653, 0.0040737260133, 0.00266268267296, 0.00329720438458, 0.00178568391129, 0.00110947468784, 0.00398024125025, 0.00287263444625, 0.00244631199166, 0.00082501739962, 0.00110558606684, 0.00138322962448, 0.000900717626791, 0.000697135808878, 0.000440236413851, 0.000494356791023, 0.00029191604699, 0.00028682051925, 0.000384393701097, 0.000122906145407, 0.00015302230895, 9.3658491096e-05, 7.62569834478e-05, 6.01231004111e-05, 4.79295958939e-05, 5.44176145922e-05, 4.26961669291e-05, 8.70051881066e-05, 3.29970935127e-05, 3.51897397195e-05, 2.4654185836e-05, 1.251935646e-05, 1.50106543515e-05],
        "mean": [0.00131261430215, 0.00265940930694, 0.00159382889979, 0.000608138507232, 0.000227195661864, 0.000113036789116, 0.000137931841891, 0.000257543957559, 0.0002364784159, 0.00012005132885, 0.000153477332788, 8.6907435616e-05, 7.73659412516e-05, 0.000157587972353, 0.000127067833091, 6.96775823599e-05, 6.3960076659e-05, 7.2414346505e-05, 5.64401125303e-05, 5.31279911229e-05, 4.53068460047e-05, 2.76516548183e-05, 3.16096338793e-05, 2.63019719569e-05, 3.64024490409e-05, 2.68340445473e-05, 1.776116369e-05, 1.43785937325e-05, 1.04169521364e-05, 8.60197542352e-06, 5.72400040255e-06, 5.3089179346e-06, 4.93114248457e-06, 4.08107689509e-06, 3.27121983901e-06, 2.91726360047e-06, 2.47940965892e-06, 2.11888891499e-06, 1.43224008298e-06, 1.01096463823e-06],
        "median": [0.000726829981431, 0.00162704917602, 0.00092328019673, 0.000175265915459, 9.60838442552e-05, 4.05664723075e-05, 3.32937888743e-05, 6.21452272753e-05, 6.09776907368e-05, 4.76617024106e-05, 4.48534992756e-05, 3.41411359841e-05, 3.25803957821e-05, 3.61774364137e-05, 4.9100817705e-05, 3.04903642245e-05, 3.39631733368e-05, 3.4259599488e-05, 2.75948168564e-05, 3.56487034878e-05, 3.09405695589e-05, 1.80410588655e-05, 2.33861846937e-05, 1.88882477232e-05, 2.77833423752e-05, 2.04153275263e-05, 1.32560580823e-05, 1.0458651559e-05, 8.27152780403e-06, 6.89181706548e-06, 3.83442738894e-06, 3.36947573487e-06, 3.18929301102e-06, 2.49058803092e-06, 1.68703115833e-06, 1.55157783865e-06, 1.48423521296e-06, 1.13105147648e-06, 8.14588645426e-07, 5.50014704004e-07],
        "min": [1.4815504509e-12, 2.53329952501e-12, 2.57407766976e-12, 1.14527983451e-12, 3.85870832899e-13, 6.11580691688e-14, 9.93648387312e-14, 4.05724987027e-13, 3.34370985761e-13, 2.20403420991e-13, 2.46299074885e-13, 1.5552224222e-13, 2.02149847426e-13, 4.97515169253e-13, 4.96389875818e-13, 2.02589735352e-13, 2.79351466004e-13, 4.62666526185e-13, 1.58014335123e-13, 2.22105591297e-13, 3.27312531462e-13, 8.30338944303e-13, 3.71997924001e-13, 7.70936117137e-14, 1.42675015682e-13, 5.80983286654e-14, 4.61557062102e-14, 3.67475757397e-14, 2.28057014191e-14, 3.95466604884e-14, 3.49826640095e-14, 3.13105966122e-14, 2.36099608966e-14, 2.39346658947e-14, 2.89646439971e-14, 3.19307026566e-14, 2.24116142582e-14, 2.21231504118e-14, 1.46018959456e-14, 1.43810524334e-14],
        "var": [4.26479664384e-06, 1.35089503601e-05, 3.92344554712e-06, 2.33621472034e-06, 1.62750083632e-07, 4.58171314222e-08, 9.02824197624e-08, 2.54677757994e-07, 1.99008979962e-07, 4.59840343581e-08, 1.13040854899e-07, 2.69070543624e-08, 1.60873359079e-08, 1.37269282163e-07, 6.13980049025e-08, 2.05160670674e-08, 7.77370345872e-09, 1.36665523343e-08, 8.83520634432e-09, 4.59431825917e-09, 2.95293878239e-09, 1.14972242837e-09, 1.08166076096e-09, 6.99317603825e-10, 1.23353172121e-09, 7.61120000359e-10, 2.9392363543e-10, 2.29591859413e-10, 9.57138118762e-11, 6.22736168188e-11, 4.36706712459e-11, 3.83813571203e-11, 2.90648720369e-11, 2.30236125304e-11, 2.61505522098e-11, 1.65206077984e-11, 9.66459464541e-12, 8.05048042118e-12, 3.13850681555e-12, 1.96315446538e-12]
    },
    "mfcc": {
        "mean": [-608.16796875, 92.8828048706, -9.98025035858, 30.6538124084, 11.1100959778, 14.6587276459, 9.01793003082, 12.245511055, 2.47766923904, 8.19826221466, 2.09740257263, 0.601002633572, -2.88128662109],
        "cov": [[4868.45507812, -121.363235474, 32.8905563354, -7.01675415039, -114.879127502, -71.5419387817, 32.8012542725, -127.475280762, -23.3050079346, 44.6225013733, 19.6664962769, 21.7688560486, 11.5218143463], [-121.363235474, 673.112548828, -102.785919189, 139.708740234, -121.557128906, -25.8906211853, -75.6540527344, 61.1993217468, -9.25680923462, 3.69520735741, 8.91031169891, 16.6598911285, -15.2227497101], [32.8905563354, -102.785919189, 467.512329102, 9.22144031525, -46.0226707458, -63.1642723083, -54.0778579712, 18.620141983, -6.56845474243, -12.270655632, -21.3719215393, -19.0241641998, 10.6078023911], [-7.01675415039, 139.708740234, 9.22144031525, 216.602020264, 29.5392169952, 41.1563568115, -25.3967170715, 10.8571481705, -28.8949203491, 31.4018936157, -3.68035030365, 4.6094789505, -13.8789863586], [-114.879127502, -121.557128906, -46.0226707458, 29.5392169952, 238.802032471, 106.940223694, 48.5391082764, -20.8483886719, 5.2786397934, 19.5152988434, 6.7393860817, -7.58681583405, -9.22501373291], [-71.5419387817, -25.8906211853, -63.1642723083, 41.1563568115, 106.940223694, 172.908203125, 66.1922073364, 9.28453731537, -18.8643989563, 12.1371326447, 8.34136676788, -2.95850419998, -15.0577545166], [32.8012542725, -75.6540527344, -54.0778579712, -25.3967170715, 48.5391082764, 66.1922073364, 166.633331299, 30.4881248474, 18.7228775024, -10.8420209885, 17.452501297, 4.05089998245, 13.3479328156], [-127.475280762, 61.1993217468, 18.620141983, 10.8571481705, -20.8483886719, 9.28453731537, 30.4881248474, 130.983505249, 26.7445602417, 5.66183519363, -4.20458364487, -2.07773184776, 0.766718566418], [-23.3050079346, -9.25680923462, -6.56845474243, -28.8949203491, 5.2786397934, -18.8643989563, 18.7228775024, 26.7445602417, 94.4985580444, 20.9291248322, 10.0721225739, -2.9069545269, 9.65736579895], [44.6225013733, 3.69520735741, -12.270655632, 31.4018936157, 19.5152988434, 12.1371326447, -10.8420209885, 5.66183519363, 20.9291248322, 96.1653823853, 30.1154575348, 8.43128299713, -8.69433403015], [19.6664962769, 8.91031169891, -21.3719215393, -3.68035030365, 6.7393860817, 8.34136676788, 17.452501297, -4.20458364487, 10.0721225739, 30.1154575348, 75.1150436401, 31.5925559998, 11.5189437866], [21.7688560486, 16.6598911285, -19.0241641998, 4.6094789505, -7.58681583405, -2.95850419998, 4.05089998245, -2.07773184776, -2.9069545269, 8.43128299713, 31.5925559998, 65.630531311, 30.963848114], [11.5218143463, -15.2227497101, 10.6078023911, -13.8789863586, -9.22501373291, -15.0577545166, 13.3479328156, 0.766718566418, 9.65736579895, -8.69433403015, 11.5189437866, 30.963848114, 73.0452423096]],
