{
"lowlevel": {
    "average_loudness": 0.807623565197,
    "barkbands_crest": {
        "dmean": 2.91100668907,
        "dmean2": 4.83143949509,
        "dvar": 9.93524360657,
        "dvar2": 26.955493927,
        "max": 22.0281772614,
        "mean": 7.8817024231,
        "median": 6.84942817688,
        "min": 2.57169723511,
        "var": 15.1011743546
    },
    "barkbands_flatness_db": {
        "dmean": 0.0223479848355,
        "dmean2": 0.0369279719889,
        "dvar": 0.000471487728646,
        "dvar2": 0.00130666210316,
        "max": 0.276706188917,
        "mean": 0.133885085583,
        "median": 0.136303126812,
        "min": 0.0497441887856,
        "var": 0.00136939622462
    },
    "barkbands_kurtosis": {
        "dmean": 1.71874701977,
        "dmean2": 2.97660326958,
        "dvar": 7.69317245483,
        "dvar2": 20.4732608795,
        "max": 29.9282531738,
        "mean": 0.380155175924,
        "median": -0.648791790009,
        "min": -1.88505148888,
        "var": 9.49294090271
    },
    "barkbands_skewness": {
        "dmean": 0.61561435461,
        "dmean2": 0.982467532158,
        "dvar": 0.367962509394,
        "dvar2": 0.965470731258,
        "max": 5.30948591232,
        "mean": 0.765558362007,
        "median": 0.711464464664,
        "min": -1.41094112396,
        "var": 1.11281681061
    },
    "barkbands_spread": {
        "dmean": 9.11654758453,
        "dmean2": 15.438000679,
        "dvar": 77.6332778931,
        "dvar2": 227.762969971,
        "max": 73.6427154541,
        "mean": 38.7470741272,
        "median": 38.817035675,
        "min": 4.47806358337,
        "var": 178.256637573
    },
    "dissonance": {
        "dmean": 0.00632537854835,
        "dmean2": 0.0104825999588,
        "dvar": 4.57075730083e-05,
        "dvar2": 0.000126205573906,
        "max": 0.5,
        "mean": 0.486622691154,
        "median": 0.49056443572,
        "min": 0.412271648645,
        "var": 0.000141931697726
    },
    "dynamic_complexity": 4.06559228897,
    "erbbands_crest": {
        "dmean": 1.73601996899,
        "dmean2": 2.85635757446,
        "dvar": 3.80668640137,
        "dvar2": 10.3229846954,
        "max": 30.7253360748,
        "mean": 6.75534439087,
        "median": 5.64593219757,
        "min": 2.76325774193,
        "var": 13.3074893951
    },
    "erbbands_flatness_db": {
        "dmean": 0.0153879290447,
        "dmean2": 0.0236481223255,
        "dvar": 0.00020358619804,
        "dvar2": 0.0004878815962,
        "max": 0.346533149481,
        "mean": 0.17835713923,
        "median": 0.171079739928,
        "min": 0.0851545482874,
        "var": 0.00233691418543
    },
    "erbbands_kurtosis": {
        "dmean": 0.841656923294,
        "dmean2": 1.35048723221,
        "dvar": 0.835459411144,
        "dvar2": 1.94818210602,
        "max": 14.7620429993,
        "mean": 0.621267974377,
        "median": 0.520913362503,
        "min": -1.66991043091,
        "var": 2.22686862946
    },
    "erbbands_skewness": {
        "dmean": 0.262950092554,
        "dmean2": 0.425022304058,
        "dvar": 0.0576108284295,
        "dvar2": 0.14364695549,
        "max": 1.5168274641,
        "mean": -0.851240456104,
        "median": -1.02522337437,
        "min": -3.79131436348,
        "var": 0.409853249788
    },
    "erbbands_spread": {
        "dmean": 9.22090148926,
        "dmean2": 14.5544786453,
        "dvar": 77.4127502441,
        "dvar2": 193.875732422,
        "max": 101.910667419,
        "mean": 39.9642333984,
        "median": 37.9887275696,
        "min": 9.90017127991,
        "var": 207.41418457
    },
    "hfc": {
        "dmean": 9.27876472473,
        "dmean2": 15.9443597794,
        "dvar": 280.280700684,
        "dvar2": 763.659423828,
        "max": 150.460327148,
        "mean": 24.7804679871,
        "median": 15.9241142273,
        "min": 4.40463554696e-06,
        "var": 528.373352051
    },
    "melbands_crest": {
        "dmean": 3.59501385689,
        "dmean2": 5.89409351349,
        "dvar": 10.8524465561,
        "dvar2": 28.4707622528,
        "max": 30.3494510651,
        "mean": 13.3501005173,
        "median": 12.58979702,
        "min": 2.59965586662,
        "var": 28.2955551147
    },
    "melbands_flatness_db": {
        "dmean": 0.0312462169677,
        "dmean2": 0.0501136146486,
        "dvar": 0.000988589948975,
        "dvar2": 0.00266173901036,
        "max": 0.324955523014,
        "mean": 0.157881483436,
        "median": 0.149972587824,
        "min": 0.0354679897428,
        "var": 0.00256197247654
    },
    "melbands_kurtosis": {
        "dmean": 7.73691940308,
        "dmean2": 13.1835517883,
        "dvar": 164.123291016,
        "dvar2": 445.653991699,
        "max": 136.955474854,
        "mean": 8.92585849762,
        "median": 4.24290370941,
        "min": -1.45282649994,
        "var": 190.204818726
    },
    "melbands_skewness": {
        "dmean": 0.990581691265,
        "dmean2": 1.59811258316,
        "dvar": 1.20617187023,
        "dvar2": 3.214158535,
        "max": 10.5033979416,
        "mean": 2.45406389236,
        "median": 2.19621419907,
        "min": -0.481533795595,
        "var": 2.80708551407
    },
    "melbands_spread": {
        "dmean": 14.7590389252,
        "dmean2": 23.4107494354,
        "dvar": 206.096969604,
        "dvar2": 505.223144531,
        "max": 119.310768127,
        "mean": 46.8071098328,
        "median": 40.859752655,
        "min": 3.34698438644,
        "var": 694.786071777
    },
    "pitch_salience": {
        "dmean": 0.087883785367,
        "dmean2": 0.148039489985,
        "dvar": 0.0083497883752,
        "dvar2": 0.0230996813625,
        "max": 0.815899014473,
        "mean": 0.610612809658,
        "median": 0.635947644711,
        "min": 0.199134618044,
        "var": 0.0152449952438
    },
    "silence_rate_20dB": {
        "dmean": 0,
        "dmean2": 0,
        "dvar": 0,
        "dvar2": 0,
        "max": 1,
        "mean": 1,
        "median": 1,
        "min": 1,
        "var": 0
    },
    "silence_rate_30dB": {
        "dmean": 0.0170278642327,
        "dmean2": 0.0340821072459,
        "dvar": 0.0167378913611,
        "dvar2": 0.0453145094216,
        "max": 1,
        "mean": 0.989172458649,
        "median": 1,
        "min": 0,
        "var": 0.0107103409246
    },
    "silence_rate_60dB": {
        "dmean": 0.00464396271855,
        "dmean2": 0.00929511990398,
        "dvar": 0.00462240353227,
        "dvar2": 0.0138562181965,
        "max": 1,
        "mean": 0.0819798931479,
        "median": 0,
        "min": 0,
        "var": 0.0752598643303
    },
    "spectral_centroid": {
        "dmean": 292.84866333,
        "dmean2": 461.426696777,
        "dvar": 72272.5,
        "dvar2": 191591.1875,
        "max": 3635.74707031,
        "mean": 2471.14257812,
        "median": 2630.79174805,
        "min": 429.913085938,
        "var": 480780.71875
    },
    "spectral_complexity": {
        "dmean": 4.40402460098,
        "dmean2": 6.86444616318,
        "dvar": 18.8878383636,
        "dvar2": 43.8321380615,
        "max": 62,
        "mean": 29.2590866089,
        "median": 29,
        "min": 0,
        "var": 217.389434814
    },
    "spectral_decrease": {
        "dmean": 3.76058206797e-09,
        "dmean2": 6.48290798821e-09,
        "dvar": 5.16201796566e-17,
        "dvar2": 1.36656907578e-16,
        "max": -7.87962775337e-16,
        "mean": -5.8749716203e-09,
        "median": -2.85039769565e-09,
        "min": -5.56602870461e-08,
        "var": 5.73918687766e-17
    },
    "spectral_energy": {
        "dmean": 0.0147006828338,
        "dmean2": 0.0252969395369,
        "dvar": 0.000782251649071,
        "dvar2": 0.00206017401069,
        "max": 0.217290177941,
        "mean": 0.0244211405516,
        "median": 0.0118820164353,
        "min": 3.37347016988e-09,
        "var": 0.000909764436074
    },
    "spectral_energyband_high": {
        "dmean": 0.00104092573747,
        "dmean2": 0.00183100556023,
        "dvar": 3.90497916669e-06,
        "dvar2": 1.08920776256e-05,
        "max": 0.0170520320535,
        "mean": 0.0021148645319,
        "median": 0.00120104185771,
        "min": 2.71531547247e-10,
        "var": 5.77707078264e-06
    },
    "spectral_energyband_low": {
        "dmean": 0.0125421071425,
        "dmean2": 0.0218023248017,
        "dvar": 0.000657266005874,
        "dvar2": 0.00178391044028,
        "max": 0.187252491713,
        "mean": 0.0132739720866,
        "median": 0.0031531683635,
        "min": 7.6799366866e-10,
        "var": 0.000607366673648
    },
    "spectral_energyband_middle_high": {
        "dmean": 0.00131223304197,
        "dmean2": 0.00209973473102,
        "dvar": 3.76652224077e-06,
        "dvar2": 9.86428858596e-06,
        "max": 0.0336149744689,
        "mean": 0.00470219505951,
        "median": 0.00353939272463,
        "min": 1.21549470489e-09,
        "var": 1.79195849341e-05
    },
    "spectral_energyband_middle_low": {
        "dmean": 0.00306063587777,
        "dmean2": 0.00517273042351,
        "dvar": 3.43823703588e-05,
        "dvar2": 9.51148977038e-05,
        "max": 0.0760185644031,
        "mean": 0.00536769255996,
        "median": 0.00366334035061,
        "min": 1.35476041496e-09,
        "var": 3.71715213987e-05
    },
    "spectral_entropy": {
        "dmean": 0.0882621780038,
        "dmean2": 0.141495674849,
        "dvar": 0.00734083727002,
        "dvar2": 0.017909059301,
        "max": 8.3403968811,
        "mean": 7.8380651474,
        "median": 7.86012172699,
        "min": 6.64794015884,
        "var": 0.0733852162957
    },
    "spectral_flux": {
        "dmean": 0.0294619202614,
        "dmean2": 0.0469824485481,
        "dvar": 0.00196035625413,
        "dvar2": 0.00388561235741,
        "max": 0.40417483449,
        "mean": 0.0899344310164,
        "median": 0.0637910664082,
        "min": 5.80815831199e-05,
        "var": 0.00469374191016
    },
    "spectral_kurtosis": {
        "dmean": 1.30026590824,
        "dmean2": 2.30867290497,
        "dvar": 1.72708463669,
        "dvar2": 5.28662061691,
        "max": 12.5232515335,
        "mean": 2.0529153347,
        "median": 1.75391674042,
        "min": -0.833429336548,
        "var": 2.19121146202
    },
    "spectral_rms": {
        "dmean": 0.00106700253673,
        "dmean2": 0.00177217414603,
        "dvar": 2.72169336313e-06,
        "dvar2": 6.88924410497e-06,
        "max": 0.0145598910749,
        "mean": 0.00419181073084,
        "median": 0.00340473372489,
        "min": 1.81416385203e-06,
        "var": 6.25424308964e-06
    },
    "spectral_rolloff": {
        "dmean": 842.644958496,
        "dmean2": 1446.39416504,
        "dvar": 1078554,
        "dvar2": 3024608.25,
        "max": 5770.8984375,
        "mean": 2836.80566406,
        "median": 3229.98046875,
        "min": 107.666015625,
        "var": 2005975.25
    },
    "spectral_skewness": {
        "dmean": 0.17686624825,
        "dmean2": 0.308955699205,
        "dvar": 0.0228822808713,
        "dvar2": 0.0674710795283,
        "max": 2.24224281311,
        "mean": 0.598329365253,
        "median": 0.622447967529,
        "min": -0.182496696711,
        "var": 0.142373099923
    },
    "spectral_spread": {
        "dmean": 340434.09375,
        "dmean2": 524922.3125,
        "dvar": 114915180544,
        "dvar2": 283396636672,
        "max": 7063134.5,
        "mean": 3542558,
        "median": 3534545.25,
        "min": 1931806.375,
        "var": 823901552640
    },
    "spectral_strongpeak": {
        "dmean": 0.29506483674,
        "dmean2": 0.509890437126,
        "dvar": 0.284445464611,
        "dvar2": 0.776463747025,
        "max": 6.18465280533,
        "mean": 0.440578371286,
        "median": 0.266079187393,
        "min": 3.31421870214e-05,
        "var": 0.384771704674
    },
    "zerocrossingrate": {
        "dmean": 0.0125978076831,
        "dmean2": 0.0162891540676,
        "dvar": 0.000108949323476,
        "dvar2": 0.000186060220585,
        "max": 0.16455078125,
        "mean": 0.0881572365761,
        "median": 0.0859375,
        "min": 0.01904296875,
        "var": 0.000864255533088
    },
    "barkbands": {
        "dmean": [0.00014015265333, 0.00862404331565, 0.00459141517058, 0.00147028442007, 0.00136977154762, 0.000383262347896, 0.00016898366448, 0.000164860481163, 0.000257440202404, 0.000216827596887, 0.000223707946134, 0.000185357625014, 0.00013686917373, 0.000165250879945, 0.000192206061911, 0.000389742082916, 0.000207436460187, 0.000258077518083, 0.000315749377478, 0.000322224572301, 0.000368379056454, 0.000416579307057, 0.000115339898912, 8.47102128319e-05, 2.48003962042e-05, 5.69171606912e-06, 2.68973906259e-07],
        "dmean2": [0.000214435276575, 0.015226541087, 0.00808124337345, 0.00256611290388, 0.00232852110639, 0.000613835232798, 0.000272429082543, 0.000279866362689, 0.000424875295721, 0.000344362983014, 0.00036506872857, 0.000311493407935, 0.000222842150833, 0.000275355268968, 0.000327354850015, 0.000607533962466, 0.000356870703399, 0.000448377017165, 0.000520146102645, 0.000544574460946, 0.000640087935608, 0.000753896485548, 0.000204537587706, 0.000149606465129, 4.28513012594e-05, 9.46830277826e-06, 4.79597645153e-07],
        "dvar": [8.24483308293e-08, 0.000372237991542, 0.000101334975625, 8.59854026203e-06, 9.5038130894e-06, 5.96085214966e-07, 3.09889287564e-07, 3.27155703417e-07, 6.38619269466e-07, 4.35885311845e-07, 8.27213739285e-07, 3.52319091235e-07, 4.78103636681e-08, 7.52848592356e-08, 1.45453569189e-07, 6.24390906978e-07, 7.45001997871e-08, 2.01099183528e-07, 1.81447077807e-07, 2.38248659912e-07, 4.08599134971e-07, 7.42412225918e-07, 5.61829800461e-08, 3.55008182851e-08, 3.58259288902e-09, 2.33266461702e-10, 2.08540519922e-12],
        "dvar2": [1.80966978292e-07, 0.00102471036371, 0.000285227462882, 2.37535768974e-05, 2.63212186837e-05, 1.49204583977e-06, 5.87923409512e-07, 8.23470770683e-07, 1.83258748621e-06, 1.12122995688e-06, 2.03505283025e-06, 1.00483805454e-06, 1.11384409252e-07, 1.97988967443e-07, 3.3174066516e-07, 1.13674127533e-06, 2.14642469132e-07, 5.61690569612e-07, 4.80116568724e-07, 6.84980761889e-07, 1.17097306429e-06, 2.08487176678e-06, 1.49921802972e-07, 9.86335351172e-08, 8.4345197493e-09, 4.90571361311e-10, 6.25943307603e-12],
        "max": [0.00290255784057, 0.119633093476, 0.101360745728, 0.0355096720159, 0.0479877181351, 0.0131994262338, 0.0166757833213, 0.0141294393688, 0.0144135989249, 0.0176638085395, 0.025901440531, 0.0118645997718, 0.00341006624512, 0.00311552453786, 0.00674071023241, 0.0124395582825, 0.00253800791688, 0.00464356737211, 0.00513734156266, 0.00701547600329, 0.00660731643438, 0.00703553948551, 0.00273799384013, 0.00184910709504, 0.0013839288149, 0.000414366542827, 2.81681532215e-05],
        "mean": [0.000161791685969, 0.00751043763012, 0.0046739988029, 0.00167664082255, 0.00201148283668, 0.000660968886223, 0.000253282109043, 0.000188339574379, 0.000415465619881, 0.000415272836108, 0.000394317001337, 0.000266585615464, 0.000223130977247, 0.000271492172033, 0.000344288215274, 0.000732354470529, 0.000438574148575, 0.000460971292341, 0.000829699798487, 0.000831992598251, 0.000729729188606, 0.000584313762374, 0.000179636073881, 0.00011790953431, 4.14479363826e-05, 6.85659188093e-06, 1.82016052008e-07],
        "median": [2.60898491433e-06, 0.00106416759081, 0.00118881347589, 0.000745368248317, 0.0011173178209, 0.000343521009199, 0.000108944019303, 6.70707158861e-05, 0.000144892183016, 0.000196285342099, 0.000121215882245, 0.000123696925584, 0.000124104029965, 0.000179852271685, 0.000199775167857, 0.00045904002036, 0.000362147780834, 0.00027429687907, 0.000722410040908, 0.000673410075251, 0.000491550599691, 0.000296617392451, 2.79204559774e-05, 9.1988231361e-06, 3.03280080516e-06, 3.14514778665e-07, 6.66453947584e-10],
        "min": [3.43514591772e-11, 1.84410473003e-10, 3.17326664945e-10, 3.74132003156e-10, 3.53794410435e-10, 3.64639263228e-10, 1.1844729364e-10, 7.14179548833e-11, 1.80850855125e-11, 1.17737538469e-11, 2.90411219378e-11, 6.85859216643e-11, 9.27038168452e-11, 1.84348092347e-10, 8.75189642979e-11, 4.23345442035e-10, 4.85255204075e-11, 6.69981292667e-11, 4.3791362897e-11, 1.28788132936e-10, 1.18795154269e-10, 1.5366652395e-11, 8.85794562699e-12, 9.82298704183e-12, 6.27767195865e-12, 9.20514272446e-12, 8.79254221514e-12],
        "var": [1.20324429531e-07, 0.000291270203888, 9.21118698898e-05, 7.79746005719e-06, 8.97005429579e-06, 8.86354200702e-07, 4.65831135443e-07, 3.5545076571e-07, 1.39460121318e-06, 1.23326071844e-06, 2.44797956839e-06, 5.04524848566e-07, 1.13423681114e-07, 1.02200147012e-07, 3.30481498168e-07, 1.27221812818e-06, 1.47912928128e-07, 3.04324402123e-07, 4.97772191466e-07, 5.51686241579e-07, 6.07505000971e-07, 7.02656336671e-07, 8.70767209449e-08, 4.62320528527e-08, 6.87796264387e-09, 4.02991667814e-10, 1.58784162034e-12]
    },
    "erbbands": {
        "dmean": [0.197718799114, 2.15666794777, 5.39224481583, 4.88355350494, 4.89904689789, 4.6033539772, 3.80055904388, 3.09678721428, 2.64475703239, 2.96882104874, 3.08804655075, 6.27176809311, 6.68636751175, 6.9611158371, 8.99819850922, 6.50238466263, 5.99634408951, 6.62362909317, 10.7542619705, 11.9320821762, 21.7429447174, 11.8114452362, 12.8536262512, 15.3839101791, 15.2924547195, 16.1546573639, 14.0947504044, 15.2124443054, 14.6057252884, 9.15255260468, 3.02386164665, 1.96391403675, 1.31469106674, 0.429149895906, 0.12091165781, 0.0378979146481, 0.00798333901912, 0.0012345634168, 4.01716097258e-05, 1.8501879822e-05],
        "dmean2": [0.340103209019, 3.899061203, 9.5733833313, 8.40350437164, 8.2830247879, 7.91110181808, 6.32831144333, 4.98738288879, 4.2561621666, 5.05549001694, 5.17664909363, 10.2652244568, 10.3557710648, 10.8932418823, 14.9469089508, 10.5977611542, 9.80862522125, 11.0549936295, 17.5923213959, 17.5936431885, 34.2964553833, 20.1703605652, 22.6271381378, 25.400138855, 25.4642505646, 27.2350292206, 23.8358745575, 27.4643630981, 26.0131072998, 16.6359233856, 5.39127492905, 3.42848181725, 2.33103942871, 0.745463788509, 0.208703637123, 0.0617574006319, 0.0135684153065, 0.00206187111326, 6.8574641773e-05, 3.18160491588e-05],
        "dvar": [0.185536876321, 24.4242362976, 135.340744019, 109.24634552, 88.4750061035, 123.115287781, 48.694732666, 51.1672897339, 102.505516052, 71.2094039917, 137.517471313, 388.601745605, 384.379730225, 574.680786133, 1584.07580566, 174.225189209, 94.534576416, 120.465644836, 444.116729736, 629.182373047, 1905.26098633, 257.19720459, 512.24810791, 551.077697754, 366.410491943, 640.106506348, 379.834869385, 1074.96203613, 797.507568359, 382.99130249, 39.228427887, 16.9628200531, 9.32965946198, 0.994916021824, 0.0819878950715, 0.00831196643412, 0.000520922243595, 2.7813417546e-05, 1.60704836105e-08, 1.24933885459e-09],
        "dvar2": [0.492585480213, 68.0400390625, 382.836761475, 300.948486328, 243.849456787, 342.104644775, 133.768692017, 128.421722412, 184.311523438, 198.468658447, 317.501983643, 1084.38781738, 1039.88122559, 1182.68945312, 4765.78369141, 458.663726807, 227.284729004, 310.840057373, 1127.99829102, 1101.06481934, 3886.93920898, 738.230773926, 1455.84924316, 1456.63928223, 992.194030762, 1819.29455566, 1077.75634766, 3044.39086914, 2248.02392578, 1066.2623291, 105.77419281, 47.7357711792, 25.425573349, 2.35962224007, 0.189792111516, 0.0183974448591, 0.00110746431164, 6.59231591271e-05, 4.16508569856e-08, 3.26024940378e-09],
        "max": [3.09827780724, 32.1980781555, 97.2185745239, 157.305282593, 127.771850586, 165.117431641, 90.9574737549, 150.233581543, 322.725372314, 91.8796081543, 360.274780273, 346.376800537, 500.068328857, 653.693603516, 913.367675781, 279.573730469, 192.821792603, 161.304931641, 401.164764404, 512.213562012, 757.349487305, 145.833343506, 217.430465698, 303.7159729, 213.341812134, 356.361938477, 283.965545654, 344.719696045, 250.056472778, 131.330780029, 66.7458496094, 39.3223609924, 34.4159355164, 21.1045322418, 5.82872343063, 2.39230704308, 0.51986771822, 0.103542327881, 0.00194879830815, 0.00027894822415],
        "mean": [0.181696042418, 1.80666077137, 5.33927297592, 5.71589183807, 6.58749723434, 5.87307500839, 6.19161987305, 5.21630573273, 4.32795333862, 3.89336919785, 4.27841997147, 9.89317417145, 13.5531721115, 12.5379486084, 16.8269100189, 10.8243532181, 10.4348754883, 11.621134758, 18.6277618408, 23.7009468079, 40.026096344, 26.6131038666, 24.4389133453, 34.4550971985, 42.5789756775, 41.0024642944, 36.1272735596, 23.4877624512, 22.2375411987, 11.2907676697, 4.67485523224, 3.00501251221, 1.63203680515, 0.664672613144, 0.201833203435, 0.0503747425973, 0.00867799017578, 0.00113343656994, 4.77746216347e-05, 3.35089462169e-05],
        "median": [0.00900246016681, 0.296183407307, 1.30090785027, 2.40040564537, 3.25062966347, 2.73603487015, 2.81052613258, 2.58205223083, 2.04408478737, 1.70301032066, 1.74792575836, 3.21724224091, 5.53845119476, 5.95066738129, 4.93701791763, 5.6801109314, 5.94683074951, 8.02422428131, 11.5691995621, 14.2613477707, 27.0155658722, 21.3559970856, 15.4406728745, 26.4670467377, 38.0153617859, 32.76820755, 27.3802871704, 12.6377182007, 12.8761749268, 3.88178563118, 0.598700165749, 0.252261549234, 0.122922025621, 0.0467772930861, 0.0132382838055, 0.0028570771683, 0.000327900896082, 2.89760846499e-05, 1.00593088064e-05, 1.57771028171e-05],
        "min": [4.54860593635e-09, 4.71643808453e-08, 2.66152966333e-07, 1.03668787688e-06, 6.46486398637e-07, 1.45814715324e-06, 3.84313079849e-06, 2.27934947361e-06, 1.9537631033e-06, 1.26625673147e-06, 1.80114500381e-06, 5.37049004379e-07, 2.08998656603e-07, 9.37605818763e-07, 1.31133595005e-06, 3.11785379381e-06, 7.73479587224e-06, 4.72095962323e-06, 2.30346768149e-06, 1.24385242088e-05, 1.63562763191e-05, 4.31927855971e-06, 4.72014653496e-06, 2.34060098592e-06, 2.23338543037e-06, 5.29160070073e-06, 9.53658764047e-06, 1.38131542826e-06, 6.8916199325e-07, 4.68750613436e-07, 1.99974351744e-07, 1.57370521947e-07, 1.92213434502e-07, 1.02625833165e-07, 2.95500637293e-08, 2.91766806271e-08, 1.88599429407e-08, 5.10807307563e-09, 1.46727519024e-09, 1.34151120768e-10],
        "var": [0.169210165739, 17.6531562805, 116.798286438, 100.250076294, 91.7112960815, 110.918609619, 83.4024963379, 70.9737243652, 160.676254272, 61.4669799805, 190.058807373, 822.98248291, 1331.07128906, 1367.09802246, 4903.92675781, 376.330230713, 206.270477295, 174.826812744, 717.078674316, 1715.94238281, 3136.5925293, 523.828796387, 742.263122559, 1134.02697754, 1188.91760254, 1414.82678223, 1041.37597656, 1042.29174805, 848.878479004, 344.705596924, 62.7148475647, 27.7798309326, 10.431016922, 1.77949082851, 0.164864376187, 0.0149359768257, 0.000873983313795, 3.51216003764e-05, 1.80371841907e-08, 1.57925839073e-09]
    },
    "gfcc": {
        "mean": [-25.7670021057, 97.557182312, -156.969467163, 79.4164199829, -55.9818077087, 7.51754331589, -22.0571880341, -6.3440451622, -19.3704147339, -7.54839849472, -18.2156467438, -7.90031909943, -1.63578224182],
        "cov": [[9166.796875, -1704.21862793, 1460.75891113, 557.646362305, -106.376670837, 1024.22021484, -444.091339111, 836.480834961, -375.640441895, 268.766174316, 63.0111122131, 247.958251953, -120.696800232], [-1704.21862793, 1140.54003906, -574.70324707, -58.5086517334, 164.663253784, -494.521728516, 192.27961731, -488.758453369, 230.155288696, -145.228088379, 35.2439537048, -133.017913818, 93.5820388794], [1460.75891113, -574.70324707, 1245.97619629, 58.0748100281, 6.50480794907, 569.859741211, -449.536804199, 477.422119141, -144.453826904, 192.867462158, 5.99248170853, 100.759338379, -39.7694511414], [557.646362305, -58.5086517334, 58.0748100281, 235.436950684, 73.3110046387, 64.3656616211, 26.5984249115, -1.09793782234, 2.87310743332, -5.76117897034, 39.287399292, -8.73947048187, -3.08494544029], [-106.376670837, 164.663253784, 6.50480794907, 73.3110046387, 167.274261475, -25.2501754761, 24.1927089691, -92.0152511597, 49.2949180603, 1.63305926323, 9.21828937531, -10.2038812637, 6.13858175278], [1024.22021484, -494.521728516, 569.859741211, 64.3656616211, -25.2501754761, 456.814422607, -131.560134888, 349.927398682, -113.676994324, 84.4043121338, 24.9699058533, 60.6778182983, -14.4756526947], [-444.091339111, 192.27961731, -449.536804199, 26.5984249115, 24.1927089691, -131.560134888, 326.222412109, -102.244812012, 63.8212432861, -102.565315247, -0.723791897297, -20.1205005646, 17.51030159], [836.480834961, -488.758453369, 477.422119141, -1.09793782234, -92.0152511597, 349.927398682, -102.244812012, 405.383056641, -69.8905334473, 88.2360076904, -21.0415420532, 65.0042495728, -2.62422156334], [-375.640441895, 230.155288696, -144.453826904, 2.87310743332, 49.2949180603, -113.676994324, 63.8212432861, -69.8905334473, 133.826385498, -0.770128428936, -0.598371088505, -39.8004684448, 21.2443733215], [268.766174316, -145.228088379, 192.867462158, -5.76117897034, 1.63305926323, 84.4043121338, -102.565315247, 88.2360076904, -0.770128428936, 111.961082458, 21.7915287018, 20.4753398895, -22.2375259399], [63.0111122131, 35.2439537048, 5.99248170853, 39.287399292, 9.21828937531, 24.9699058533, -0.723791897297, -21.0415420532, -0.598371088505, 21.7915287018, 84.9283905029, 8.12375545502, 3.3585858345], [247.958251953, -133.017913818, 100.759338379, -8.73947048187, -10.2038812637, 60.6778182983, -20.1205005646, 65.0042495728, -39.8004684448, 20.4753398895, 8.12375545502, 73.691116333, 8.58397006989], [-120.696800232, 93.5820388794, -39.7694511414, -3.08494544029, 6.13858175278, -14.4756526947, 17.51030159, -2.62422156334, 21.2443733215, -22.2375259399, 3.3585858345, 8.58397006989, 66.4355545044]],
        "icov": [[0.000195877117221, 1.20688764582e-05, 3.73221773771e-05, -0.000545079878066, 0.000209826946957, -0.000213496896322, 0.000146467922605, -4.21922450187e-05, 6.51254304103e-05, -0.000136998802191, 0.000199755450012, -0.000444206380052, 0.000210326863453], [1.20688764582e-05, 0.00743341771886, -0.00438945554197, 0.00423167645931, -0.00287475483492, 0.00541535764933, -0.00387042318471, 0.00443755742162, -0.00395783269778, 0.00439110537991, -0.00658521987498, 0.00838227570057, -0.00825373549014], [3.73221773771e-05, -0.00438945554197, 0.00819830037653, -0.00284075271338, -0.00165482540615, -0.0059935040772, 0.0086659071967, -0.00632702931762, 0.00124234869145, -0.000388554966776, 0.00349669600837, -0.00743355834857, 0.00759595539421], [-0.000545079878066, 0.00423167645931, -0.00284075271338, 0.0100360177457, -0.00532743195072, 0.00331448949873, -0.00314556155354, 0.00172381743323, -0.00190472009126, 0.00469829142094, -0.00756950769573, 0.00772611098364, -0.00450785923749], [0.000209826946957, -0.00287475483492, -0.00165482540615, -0.00532743195072, 0.016565548256, -0.00779036525637, -0.00288692978211, 0.0101553341374, -0.00423767231405, -0.00714184576645, 0.00902236811817, -0.00665902439505, 0.000495426880661], [-0.000213496896322, 0.00541535764933, -0.0059935040772, 0.00331448949873, -0.00779036525637, 0.0197608862072, -0.00470157992095, -0.00864639226347, 0.00547298137099, 0.00472705904394, -0.0123929670081, 0.011852549389, -0.006599530112], [0.000146467922605, -0.00387042318471, 0.0086659071967, -0.00314556155354, -0.00288692978211, -0.00470157992095, 0.014910640195, -0.00828207004815, -0.00209521292709, 0.00674106506631, 0.000849651696626, -0.00909308623523, 0.0098030557856], [-4.21922450187e-05, 0.00443755742162, -0.00632702931762, 0.00172381743323, 0.0101553341374, -0.00864639226347, -0.00828207004815, 0.0231785979122, -0.00794224254787, -0.00603754073381, 0.00676918821409, 0.0005925380392, -0.00965868588537], [6.51254304103e-05, -0.00395783269778, 0.00124234869145, -0.00190472009126, -0.00423767231405, 0.00547298137099, -0.00209521292709, -0.00794224254787, 0.0210315901786, -0.00891898199916, 0.00120642059483, 0.00603431509808, -0.00238022231497], [-0.000136998802191, 0.00439110537991, -0.000388554966776, 0.00469829142094, -0.00714184576645, 0.00472705904394, 0.00674106506631, -0.00603754073381, -0.00891898199916, 0.026930924505, -0.0131422011182, 0.000242788417381, 0.00572545873001], [0.000199755450012, -0.00658521987498, 0.00349669600837, -0.00756950769573, 0.00902236811817, -0.0123929670081, 0.000849651696626, 0.00676918821409, 0.00120642059483, -0.0131422011182, 0.0263145510107, -0.0115008288994, 0.00326101109385], [-0.000444206380052, 0.00838227570057, -0.00743355834857, 0.00772611098364, -0.00665902439505, 0.011852549389, -0.00909308623523, 0.0005925380392, 0.00603431509808, 0.000242788417381, -0.0115008288994, 0.0339991785586, -0.016747482121], [0.000210326863453, -0.00825373549014, 0.00759595539421, -0.00450785923749, 0.000495426880661, -0.006599530112, 0.0098030557856, -0.00965868588537, -0.00238022231497, 0.00572545873001, 0.00326101109385, -0.016747482121, 0.0316259376705]]
    },
    "melbands": {
        "dmean": [0.00212489068508, 0.00280909892172, 0.000831262790598, 0.000328897673171, 0.000148176128278, 6.90292363288e-05, 3.81662284781e-05, 3.46883534803e-05, 2.42384885496e-05, 4.13242196373e-05, 3.40076912835e-05, 2.94446253974e-05, 2.94642031804e-05, 2.18868826778e-05, 1.57849408424e-05, 1.22614092106e-05, 1.31809956656e-05, 1.95908451133e-05, 1.40617557918e-05, 2.40441313508e-05, 2.71000335488e-05, 1.24345733639e-05, 1.35334776132e-05, 1.2336367945e-05, 1.37069318953e-05, 1.34599486046e-05, 1.13521809908e-05, 1.17468161989e-05, 9.64332593867e-06, 8.49718617246e-06, 9.61420300882e-06, 7.40107134334e-06, 1.03967586256e-05, 3.21261927638e-06, 1.76308287791e-06, 1.45104604599e-06, 1.16678188533e-06, 1.05154981611e-06, 6.15065232523e-07, 2.99289297345e-07],
        "dmean2": [0.00370762986131, 0.00502994516864, 0.00142796186265, 0.00055956793949, 0.000249770935625, 0.000110773558845, 6.09820053796e-05, 5.9746846091e-05, 4.10522188758e-05, 6.78459764458e-05, 5.26994008396e-05, 4.70793929708e-05, 4.77460162074e-05, 3.64815350622e-05, 2.56801231444e-05, 2.01301045308e-05, 2.21194095502e-05, 3.19365717587e-05, 2.24925661314e-05, 3.54750955012e-05, 4.34454414062e-05, 2.13040038943e-05, 2.35844054259e-05, 2.16371554416e-05, 2.28195258387e-05, 2.21727950702e-05, 1.95379579964e-05, 1.99001897272e-05, 1.63161821547e-05, 1.47918908624e-05, 1.73199714482e-05, 1.2844732737e-05, 1.93448704522e-05, 5.67032930121e-06, 3.13907253258e-06, 2.53388861893e-06, 2.06624804377e-06, 1.87013847608e-06, 1.07951734662e-06, 5.14793839557e-07],
        "dvar": [2.18372679228e-05, 3.72213471564e-05, 2.79018763649e-06, 5.69176961562e-07, 8.14305778363e-08, 2.36095090145e-08, 1.69572924591e-08, 1.02822639292e-08, 7.38665351108e-09, 1.77184507066e-08, 9.73911618019e-09, 1.04411723711e-08, 1.30176553981e-08, 6.81550682557e-09, 5.98387617234e-10, 3.70836222841e-10, 4.94732532719e-10, 1.61651703134e-09, 7.80535802658e-10, 3.66925845263e-09, 2.76338241179e-09, 2.85213908047e-10, 4.70777528072e-10, 4.7356302213e-10, 4.32501423564e-10, 3.00602487346e-10, 2.91243446027e-10, 3.09684805577e-10, 1.70945937961e-10, 1.78857081923e-10, 4.50636972182e-10, 1.70912395348e-10, 5.74518987939e-10, 4.07891290188e-11, 1.29907586424e-11, 9.26631341103e-12, 6.06044207874e-12, 5.86898108237e-12, 2.17249634081e-12, 4.39177204803e-13],
        "dvar2": [5.95463679929e-05, 0.00010403219494, 7.6227597674e-06, 1.59068349603e-06, 2.2286270962e-07, 5.5200789717e-08, 2.991267678e-08, 2.87089250151e-08, 1.822006368e-08, 4.93425744708e-08, 2.64149022655e-08, 2.25024994194e-08, 3.63310164175e-08, 1.96842027123e-08, 1.38878264444e-09, 8.94591623002e-10, 1.30042088209e-09, 4.09845180016e-09, 1.38192879362e-09, 6.57834364759e-09, 5.78929304496e-09, 8.34244950898e-10, 1.32237332195e-09, 1.3311687308e-09, 1.14826326225e-09, 8.03595356924e-10, 8.40591429796e-10, 8.69353034005e-10, 4.80107342771e-10, 5.0852849709e-10, 1.26921162469e-09, 4.75918970899e-10, 1.63825830679e-09, 1.10337204651e-10, 3.45082608322e-11, 2.55334659666e-11, 1.71998318366e-11, 1.64111051137e-11, 5.17859453236e-12, 1.02631325747e-12],
        "max": [0.0292920973152, 0.0489585287869, 0.0232451949269, 0.011801562272, 0.00347538944334, 0.00303600705229, 0.00415020249784, 0.00106623768806, 0.00250513432547, 0.00242276955396, 0.00248273415491, 0.0024303465616, 0.00252838013694, 0.00171862368006, 0.000410319626098, 0.000322517793393, 0.00030457941466, 0.000765683536883, 0.000513579987455, 0.00105126691051, 0.00087657145923, 0.000159165792866, 0.000223913695663, 0.000227145588724, 0.000265199167188, 0.000201709728572, 0.000265350361587, 0.000213323350181, 0.000175808061613, 0.000131333348691, 0.000236831532675, 0.000177541893208, 0.000174803615664, 6.60968435113e-05, 4.00679455197e-05, 3.02940552501e-05, 2.25333096751e-05, 2.00628273888e-05, 2.96752987197e-05, 1.33489511427e-05],
        "mean": [0.00185802765191, 0.00274160178378, 0.00105635623913, 0.000440188829089, 0.000232325168326, 0.000118920856039, 6.46461849101e-05, 4.34501234849e-05, 3.38600220857e-05, 6.58095304971e-05, 6.73126924084e-05, 4.90200036438e-05, 5.49544638488e-05, 3.48239482264e-05, 2.55194463534e-05, 2.05840897252e-05, 2.11111291719e-05, 3.07938098558e-05, 2.53728103417e-05, 4.11776272813e-05, 4.68892176286e-05, 2.5555058528e-05, 2.56659586739e-05, 2.04118605325e-05, 2.8221105822e-05, 3.3322332456e-05, 2.78374809568e-05, 2.67114664894e-05, 2.3452388632e-05, 1.72108902916e-05, 1.25729293359e-05, 1.26655595523e-05, 1.10836754175e-05, 4.42254895461e-06, 2.660925702e-06, 2.17613660425e-06, 1.68993472016e-06, 1.22133155855e-06, 8.11947415968e-07, 4.77999606119e-07],
        "median": [0.000194378895685, 0.000620580627583, 0.000522659975104, 0.000215377498535, 0.000105824095954, 6.06574030826e-05, 3.02153512166e-05, 1.97762710741e-05, 1.47110104081e-05, 2.06522854569e-05, 2.75372240139e-05, 2.31907306443e-05, 1.66285153682e-05, 1.35139534905e-05, 1.44765890582e-05, 1.22177079902e-05, 1.36652924994e-05, 1.89879156096e-05, 1.42099488585e-05, 2.32429083553e-05, 3.20405779348e-05, 2.04488678719e-05, 1.78958980541e-05, 1.15694310807e-05, 2.13873499888e-05, 2.87434195343e-05, 2.39595756284e-05, 2.06327185879e-05, 1.79581656994e-05, 1.23415957205e-05, 5.34263608643e-06, 7.83198538556e-06, 4.65906032332e-06, 1.20545132631e-06, 3.04363510395e-07, 1.94794594677e-07, 1.24675651136e-07, 8.08755231674e-08, 6.07565553423e-08, 3.12445180839e-08],
        "min": [4.8149588483e-11, 1.16502765768e-10, 1.64937050129e-10, 5.7322278868e-11, 1.25530322248e-10, 5.54792323193e-11, 2.745568356e-11, 1.29152851608e-11, 1.32942762701e-11, 2.4597797757e-12, 1.02193481542e-12, 3.73199127851e-12, 3.56976362532e-12, 9.83481438649e-12, 6.5544141295e-12, 7.97677549014e-12, 7.89468490581e-12, 1.26152235359e-12, 9.67738042479e-12, 1.32765456615e-11, 1.75538663466e-11, 3.25858502508e-12, 3.89418879088e-12, 3.60601956281e-12, 1.73828150225e-12, 1.64389183689e-12, 1.99062793159e-12, 3.86604897401e-12, 7.06379529522e-12, 2.32582854885e-12, 4.02322408244e-13, 3.9733239485e-13, 2.57140852665e-13, 2.60371178827e-13, 1.21016559404e-13, 7.84140141057e-14, 1.07272257212e-13, 1.47624100444e-13, 1.04280374212e-13, 7.99743978723e-14],
        "var": [1.80254028237e-05, 3.04086024698e-05, 2.73106206805e-06, 5.0523436812e-07, 1.14444070221e-07, 3.68944448326e-08, 2.8495033888e-08, 8.69970495643e-09, 1.06426183422e-08, 3.93324413039e-08, 3.37622338975e-08, 2.12447428538e-08, 4.65256562165e-08, 1.3802864629e-08, 1.40133860072e-09, 8.31130775314e-10, 6.53608445145e-10, 2.17059414886e-09, 2.051634862e-09, 6.65311628012e-09, 4.054873326e-09, 5.17720533111e-10, 7.11321390678e-10, 6.86713963471e-10, 8.07862443608e-10, 8.42956149327e-10, 6.39343633591e-10, 6.46384779035e-10, 4.49674436576e-10, 3.00674651843e-10, 4.0179398697e-10, 2.31187013977e-10, 4.119199426e-10, 4.86520025655e-11, 2.09776397642e-11, 1.60502444668e-11, 8.83357536424e-12, 5.87839325827e-12, 3.12970678019e-12, 8.96613783653e-13]
    },
    "mfcc": {
        "mean": [-643.435546875, 97.2516098022, -27.1394958496, 60.4969596863, -7.08413028717, 20.901391983, 1.08534014225, 4.1273431778, 6.59367895126, -2.02473950386, -4.46520900726, -8.76380825043, 0.0745956525207],
        "cov": [[7631.54394531, -1256.17468262, 931.962158203, 12.0771512985, 462.15536499, 132.636306763, 334.02822876, 358.851776123, -83.3425445557, 121.135437012, 60.2223854065, 267.142913818, -64.5889358521], [-1256.17468262, 1000.94952393, -538.106079102, 248.457550049, -209.95552063, 60.568195343, -210.420150757, -187.849594116, 4.35717105865, -76.1037521362, -37.0494689941, -138.14251709, 62.244430542], [931.962158203, -538.106079102, 1227.26098633, -399.080383301, 614.558654785, -105.110740662, 130.355957031, 141.849716187, -40.3122177124, 211.42779541, -85.3837890625, 218.264190674, -72.5731277466], [12.0771512985, 248.457550049, -399.080383301, 339.610595703, -142.600448608, 108.470397949, -63.5700950623, -66.1371688843, -1.86045134068, -81.7988739014, 50.0640678406, -81.0764541626, 33.0195007324], [462.15536499, -209.95552063, 614.558654785, -142.600448608, 443.262878418, 10.4350252151, 37.153968811, 19.9021282196, -41.4267578125, 126.651161194, -52.2761688232, 114.584617615, -24.7759342194], [132.636306763, 60.568195343, -105.110740662, 108.470397949, 10.4350252151, 122.534660339, 26.7016925812, -7.63366365433, -25.4507331848, -20.8122634888, 17.5207061768, -10.1075639725, 10.1299753189], [334.02822876, -210.420150757, 130.355957031, -63.5700950623, 37.153968811, 26.7016925812, 157.748764038, 114.770591736, 9.90831279755, 8.88848876953, 12.3975954056, 43.7369346619, -19.8467006683], [358.851776123, -187.849594116, 141.849716187, -66.1371688843, 19.9021282196, -7.63366365433, 114.770591736, 166.404769897, 62.3362579346, 26.0908203125, -4.2080373764, 29.932477951, -18.8218479156], [-83.3425445557, 4.35717105865, -40.3122177124, -1.86045134068, -41.4267578125, -25.4507331848, 9.90831279755, 62.3362579346, 121.466812134, 34.2266349792, 13.5909605026, -23.8589553833, 8.99081516266], [121.135437012, -76.1037521362, 211.42779541, -81.7988739014, 126.651161194, -20.8122634888, 8.88848876953, 26.0908203125, 34.2266349792, 117.628135681, 7.74750137329, 44.4344024658, -13.8712263107], [60.2223854065, -37.0494689941, -85.3837890625, 50.0640678406, -52.2761688232, 17.5207061768, 12.3975954056, -4.2080373764, 13.5909605026, 7.74750137329, 87.9332885742, 10.041009903, 9.05311870575], [267.142913818, -138.14251709, 218.264190674, -81.0764541626, 114.584617615, -10.1075639725, 43.7369346619, 29.932477951, -23.8589553833, 44.4344024658, 10.041009903, 94.2391204834, -0.427123874426], [-64.5889358521, 62.244430542, -72.5731277466, 33.0195007324, -24.7759342194, 10.1299753189, -19.8467006683, -18.8218479156, 8.99081516266, -13.8712263107, 9.05311870575, -0.427123874426, 59.0576438904]],
