{
"lowlevel": {
    "average_loudness": 0.956732451916,
    "barkbands_crest": {
        "dmean": 2.8111076355,
        "dmean2": 4.93939447403,
        "dvar": 9.12246799469,
        "dvar2": 25.8480033875,
        "max": 23.4679889679,
        "mean": 8.22430610657,
        "median": 7.36387729645,
        "min": 2.69365739822,
        "var": 11.7980747223
    },
    "barkbands_flatness_db": {
        "dmean": 0.0187954660505,
        "dmean2": 0.0311022587121,
        "dvar": 0.000319584505633,
        "dvar2": 0.000934476149268,
        "max": 0.218249082565,
        "mean": 0.105137869716,
        "median": 0.102955460548,
        "min": 0.0309844519943,
        "var": 0.00071718468098
    },
    "barkbands_kurtosis": {
        "dmean": 1.63552355766,
        "dmean2": 2.81648254395,
        "dvar": 7.16648864746,
        "dvar2": 21.2513198853,
        "max": 31.1653671265,
        "mean": 1.61589944363,
        "median": 0.976871013641,
        "min": -1.86461877823,
        "var": 7.75648021698
    },
    "barkbands_skewness": {
        "dmean": 0.451217025518,
        "dmean2": 0.743537843227,
        "dvar": 0.241063028574,
        "dvar2": 0.686685204506,
        "max": 5.41400337219,
        "mean": 1.2210572958,
        "median": 1.12087869644,
        "min": -0.978406190872,
        "var": 0.541032254696
    },
    "barkbands_spread": {
        "dmean": 6.09310483932,
        "dmean2": 9.72229194641,
        "dvar": 43.628490448,
        "dvar2": 100.319816589,
        "max": 101.053665161,
        "mean": 25.9050655365,
        "median": 23.5256080627,
        "min": 6.41392040253,
        "var": 144.367019653
    },
    "dissonance": {
        "dmean": 0.0129068735987,
        "dmean2": 0.0222836397588,
        "dvar": 0.000161288582603,
        "dvar2": 0.000444417673862,
        "max": 0.500000059605,
        "mean": 0.478560268879,
        "median": 0.483059793711,
        "min": 0.39391669631,
        "var": 0.00027257585316
    },
    "dynamic_complexity": 3.19577550888,
    "erbbands_crest": {
        "dmean": 2.39736318588,
        "dmean2": 4.05072021484,
        "dvar": 6.42017221451,
        "dvar2": 16.4678649902,
        "max": 26.4569530487,
        "mean": 7.64426469803,
        "median": 6.41036987305,
        "min": 2.69108700752,
        "var": 16.6120223999
    },
    "erbbands_flatness_db": {
        "dmean": 0.0144762815908,
        "dmean2": 0.021705141291,
        "dvar": 0.000160053794389,
        "dvar2": 0.00036398510565,
        "max": 0.25280508399,
        "mean": 0.140207499266,
        "median": 0.139148250222,
        "min": 0.068582482636,
        "var": 0.000909354654141
    },
    "erbbands_kurtosis": {
        "dmean": 0.662969231606,
        "dmean2": 1.07081198692,
        "dvar": 0.740984022617,
        "dvar2": 1.92781591415,
        "max": 9.13496589661,
        "mean": -0.0199429318309,
        "median": -0.406281471252,
        "min": -1.57639050484,
        "var": 1.62092876434
    },
    "erbbands_skewness": {
        "dmean": 0.336504667997,
        "dmean2": 0.540536522865,
        "dvar": 0.0965884327888,
        "dvar2": 0.250810831785,
        "max": 2.3738219738,
        "mean": 0.205033510923,
        "median": 0.172977745533,
        "min": -2.01067733765,
        "var": 0.403040856123
    },
    "erbbands_spread": {
        "dmean": 7.12272500992,
        "dmean2": 11.2605028152,
        "dvar": 47.0210914612,
        "dvar2": 100.976089478,
        "max": 112.350784302,
        "mean": 40.0845108032,
        "median": 38.9425315857,
        "min": 10.7954406738,
        "var": 232.706375122
    },
    "hfc": {
        "dmean": 6.68574953079,
        "dmean2": 10.4727363586,
        "dvar": 102.311347961,
        "dvar2": 215.657272339,
        "max": 144.457763672,
        "mean": 27.7748794556,
        "median": 25.6655673981,
        "min": 8.74591205502e-06,
        "var": 353.311279297
    },
    "melbands_crest": {
        "dmean": 3.37569046021,
        "dmean2": 5.71020889282,
        "dvar": 8.74367809296,
        "dvar2": 25.6184768677,
        "max": 29.8241119385,
        "mean": 12.1176996231,
        "median": 11.3634529114,
        "min": 3.91467952728,
        "var": 17.9027862549
    },
    "melbands_flatness_db": {
        "dmean": 0.0240762960166,
        "dmean2": 0.0399727523327,
        "dvar": 0.00056315434631,
        "dvar2": 0.00165711296722,
        "max": 0.312169760466,
        "mean": 0.166691303253,
        "median": 0.163872778416,
        "min": 0.0443777702749,
        "var": 0.00125455716625
    },
    "melbands_kurtosis": {
        "dmean": 4.81697034836,
        "dmean2": 8.24631977081,
        "dvar": 79.3067092896,
        "dvar2": 232.942977905,
        "max": 108.769554138,
        "mean": 8.46214103699,
        "median": 5.60078525543,
        "min": -1.19494605064,
        "var": 94.373298645
    },
    "melbands_skewness": {
        "dmean": 0.691207170486,
        "dmean2": 1.13460254669,
        "dvar": 0.596564292908,
        "dvar2": 1.65609848499,
        "max": 9.32801628113,
        "mean": 2.29782032967,
        "median": 2.18500757217,
        "min": -0.0726592168212,
        "var": 1.60962104797
    },
    "melbands_spread": {
        "dmean": 7.33434581757,
        "dmean2": 11.9482965469,
        "dvar": 79.2320022583,
        "dvar2": 195.778656006,
        "max": 153.138900757,
        "mean": 26.0149517059,
        "median": 24.243013382,
        "min": 3.30649995804,
        "var": 170.952072144
    },
    "pitch_salience": {
        "dmean": 0.0782337188721,
        "dmean2": 0.133811280131,
        "dvar": 0.00562147563323,
        "dvar2": 0.0158225316554,
        "max": 0.830730319023,
        "mean": 0.610146939754,
        "median": 0.623487949371,
        "min": 0.175868675113,
        "var": 0.0126384757459
    },
    "silence_rate_20dB": {
        "dmean": 0,
        "dmean2": 0,
        "dvar": 0,
        "dvar2": 0,
        "max": 1,
        "mean": 1,
        "median": 1,
        "min": 1,
        "var": 0
    },
    "silence_rate_30dB": {
        "dmean": 0,
        "dmean2": 0,
        "dvar": 0,
        "dvar2": 0,
        "max": 1,
        "mean": 1,
        "median": 1,
        "min": 1,
        "var": 0
    },
    "silence_rate_60dB": {
        "dmean": 0.0061919502914,
        "dmean2": 0.0123934932053,
        "dvar": 0.00615364219993,
        "dvar2": 0.0137890568003,
        "max": 1,
        "mean": 0.0719257518649,
        "median": 0,
        "min": 0,
        "var": 0.0667518526316
    },
    "spectral_centroid": {
        "dmean": 264.704772949,
        "dmean2": 426.797454834,
        "dvar": 60789.2070312,
        "dvar2": 159389.734375,
        "max": 4032.13476562,
        "mean": 1531.74133301,
        "median": 1455.27038574,
        "min": 644.733215332,
        "var": 184145.59375
    },
    "spectral_complexity": {
        "dmean": 4.66099071503,
        "dmean2": 7.52439975739,
        "dvar": 19.699306488,
        "dvar2": 47.5892944336,
        "max": 61,
        "mean": 29.2799682617,
        "median": 31,
        "min": 0,
        "var": 124.459686279
    },
    "spectral_decrease": {
        "dmean": 2.23040719227e-09,
        "dmean2": 3.69647001897e-09,
        "dvar": 6.12008766788e-18,
        "dvar2": 1.70628202867e-17,
        "max": -3.37389549451e-15,
        "mean": -8.79143424726e-09,
        "median": -8.63982041466e-09,
        "min": -2.53976857323e-08,
        "var": 1.95794213474e-17
    },
    "spectral_energy": {
        "dmean": 0.00864691659808,
        "dmean2": 0.0142623214051,
        "dvar": 9.01647144929e-05,
        "dvar2": 0.000249244418228,
        "max": 0.0987602174282,
        "mean": 0.0357001535594,
        "median": 0.0352085977793,
        "min": 1.35271358559e-08,
        "var": 0.000312177638989
    },
    "spectral_energyband_high": {
        "dmean": 0.000504676718265,
        "dmean2": 0.000800813315436,
        "dvar": 1.23358643123e-06,
        "dvar2": 2.37676567849e-06,
        "max": 0.0172958094627,
        "mean": 0.00112368131522,
        "median": 0.000759469519835,
        "min": 2.38440295286e-10,
        "var": 2.79876849163e-06
    },
    "spectral_energyband_low": {
        "dmean": 0.00643927697092,
        "dmean2": 0.0109089575708,
        "dvar": 9.5634291938e-05,
        "dvar2": 0.000275696744211,
        "max": 0.0906828865409,
        "mean": 0.0122739393264,
        "median": 0.00986799225211,
        "min": 3.12495385124e-09,
        "var": 0.000128381303512
    },
    "spectral_energyband_middle_high": {
        "dmean": 0.00213676830754,
        "dmean2": 0.00332376779988,
        "dvar": 6.92165349392e-06,
        "dvar2": 1.62683791132e-05,
        "max": 0.031642857939,
        "mean": 0.00733605539426,
        "median": 0.00578816700727,
        "min": 1.89380156002e-09,
        "var": 3.24886568706e-05
    },
    "spectral_energyband_middle_low": {
        "dmean": 0.00597835332155,
        "dmean2": 0.00984972622246,
        "dvar": 4.66946148663e-05,
        "dvar2": 0.000125308521092,
        "max": 0.0622941032052,
        "mean": 0.0165785606951,
        "median": 0.015021443367,
        "min": 2.12363504559e-09,
        "var": 0.000119006159366
    },
    "spectral_entropy": {
        "dmean": 0.0978929027915,
        "dmean2": 0.150354444981,
        "dvar": 0.00807931553572,
        "dvar2": 0.0174771249294,
        "max": 8.70341682434,
        "mean": 7.8310546875,
        "median": 7.82431077957,
        "min": 7.24016094208,
        "var": 0.0350441709161
    },
    "spectral_flux": {
        "dmean": 0.0217218343168,
        "dmean2": 0.0346370115876,
        "dvar": 0.000526137242559,
        "dvar2": 0.00111140671652,
        "max": 0.247372537851,
        "mean": 0.101207248867,
        "median": 0.101070128381,
        "min": 0.000134369314765,
        "var": 0.00194444879889
    },
    "spectral_kurtosis": {
        "dmean": 1.00311088562,
        "dmean2": 1.71048629284,
        "dvar": 0.708457946777,
        "dvar2": 2.09392738342,
        "max": 9.54616260529,
        "mean": 3.30977845192,
        "median": 3.25183200836,
        "min": -0.867874383926,
        "var": 1.42372763157
    },
    "spectral_rms": {
        "dmean": 0.000679266406223,
        "dmean2": 0.00110425474122,
        "dvar": 4.39868983904e-07,
        "dvar2": 1.20137951853e-06,
        "max": 0.00981587637216,
        "mean": 0.00560634722933,
        "median": 0.00586087442935,
        "min": 3.63279582416e-06,
        "var": 3.39827647622e-06
    },
    "spectral_rolloff": {
        "dmean": 526.346557617,
        "dmean2": 888.199462891,
        "dvar": 593785,
        "dvar2": 1289225.875,
        "max": 9237.74414062,
        "mean": 1471.76806641,
        "median": 1248.92578125,
        "min": 86.1328125,
        "var": 1504700.625
    },
    "spectral_skewness": {
        "dmean": 0.17263944447,
        "dmean2": 0.281796962023,
        "dvar": 0.0218160171062,
        "dvar2": 0.0582947395742,
        "max": 2.15697360039,
        "mean": 1.27776324749,
        "median": 1.28835713863,
        "min": 0.494421750307,
        "var": 0.0585614219308
    },
    "spectral_spread": {
        "dmean": 383726.5625,
        "dmean2": 561538.25,
        "dvar": 220041003008,
        "dvar2": 339523796992,
        "max": 11622657,
        "mean": 4275510.5,
        "median": 4074310,
        "min": 2674273,
        "var": 1.0717864919e+12
    },
    "spectral_strongpeak": {
        "dmean": 0.624038815498,
        "dmean2": 1.09237134457,
        "dvar": 0.857215225697,
        "dvar2": 2.25793170929,
        "max": 8.23548316956,
        "mean": 0.831694602966,
        "median": 0.337977588177,
        "min": 0,
        "var": 1.28405630589
    },
    "zerocrossingrate": {
        "dmean": 0.00848029647022,
        "dmean2": 0.0105470260605,
        "dvar": 0.00010950621072,
        "dvar2": 0.000123273581266,
        "max": 0.240234375,
        "mean": 0.0606454387307,
        "median": 0.05517578125,
        "min": 0.0185546875,
        "var": 0.000711512228008
    },
    "barkbands": {
        "dmean": [0.000188909718418, 0.00408535869792, 0.0030370708555, 0.00156362087, 0.00286609050818, 0.00108928605914, 0.000686289276928, 0.000875165569596, 0.0028103350196, 0.00111470930278, 0.000427791819675, 0.000561324879527, 0.000711681670509, 0.000341593811754, 0.000255523715168, 0.000261225854047, 0.000362434366252, 0.000172877611476, 0.000237826781813, 0.000226190924877, 0.000152546228492, 8.53514720802e-05, 9.33992123464e-05, 9.53679918894e-05, 5.35017206857e-05, 1.62196301972e-05, 8.10662413642e-07],
        "dmean2": [0.000299206294585, 0.0072641260922, 0.0049718497321, 0.00252600968815, 0.00481680454686, 0.00178931094706, 0.00110243435483, 0.00141808448825, 0.00463242409751, 0.00185925746337, 0.00070794345811, 0.000910837377887, 0.0011123730801, 0.000565171765629, 0.000437672162661, 0.000431148975622, 0.00060604972532, 0.000293258228339, 0.00040944700595, 0.000399869866669, 0.000265972747002, 0.000138387069455, 0.000140224801726, 0.000134829315357, 7.81084600021e-05, 2.39707242145e-05, 1.34802746743e-06],
        "dvar": [5.03632264781e-08, 6.98078947607e-05, 2.76379287243e-05, 3.97402709496e-06, 2.3745240469e-05, 2.5090582767e-06, 1.83140184618e-06, 2.14844294533e-06, 2.46254148806e-05, 6.69626115268e-06, 5.01023180277e-07, 1.06755976503e-06, 1.84785210422e-06, 3.64101765626e-07, 2.03026857548e-07, 1.24269618595e-07, 2.6813694376e-07, 7.15577073152e-08, 1.18337041499e-07, 1.55015285941e-07, 5.50782850439e-08, 2.04279562155e-08, 1.45445497424e-07, 2.07267405017e-07, 3.84202216708e-08, 1.49013001938e-09, 3.49161389905e-12],
        "dvar2": [1.15591078043e-07, 0.000207195043913, 7.69421021687e-05, 9.84443886409e-06, 6.4554194978e-05, 6.90877141096e-06, 4.46119838671e-06, 5.36332117917e-06, 6.34161988273e-05, 1.77647216333e-05, 1.35396976475e-06, 2.70207215181e-06, 4.29297961091e-06, 8.73395094914e-07, 5.60010164463e-07, 3.56851671768e-07, 6.8002310627e-07, 1.82517879921e-07, 3.0932923778e-07, 4.25111778668e-07, 1.5347433191e-07, 4.80492801103e-08, 3.02030343846e-07, 3.56232419563e-07, 7.20649069308e-08, 3.02343972081e-09, 8.39324096336e-12],
        "max": [0.0024488188792, 0.0779034346342, 0.0661057755351, 0.0239503569901, 0.053422447294, 0.0167551785707, 0.0217961315066, 0.0197151284665, 0.0536263100803, 0.0442943908274, 0.00744596589357, 0.013403037563, 0.0261633731425, 0.00881479308009, 0.00732283201069, 0.0049675507471, 0.00540973758325, 0.00353117403574, 0.00435120053589, 0.00387890287675, 0.00240043969825, 0.00192817731295, 0.00826210994273, 0.00868983753026, 0.00351329986006, 0.000886137015186, 2.11793030758e-05],
        "mean": [0.000274839578196, 0.00593883311376, 0.00483697513118, 0.00217409268953, 0.00423564435914, 0.00184959883336, 0.00109674478881, 0.00150112621486, 0.00470207957551, 0.00177246250678, 0.000721295422409, 0.000911446579266, 0.00123586156406, 0.000581478641834, 0.000468760292279, 0.000524652772583, 0.00071792176459, 0.000324813794577, 0.000496648368426, 0.000417838193243, 0.000288586335955, 0.000180833594641, 0.000162908763741, 0.000167232676176, 9.18935984373e-05, 2.4904118618e-05, 7.30689862394e-07],
        "median": [0.000165695295436, 0.00416249642149, 0.00329133844934, 0.00147738703527, 0.00299946311861, 0.00122947851196, 0.000584217952564, 0.000623680942226, 0.00173745874781, 0.000540676468518, 0.000271862139925, 0.000351735041477, 0.000508027442265, 0.000340667000273, 0.000326606619637, 0.000406823441153, 0.000536087085493, 0.000248050433584, 0.000410594337154, 0.000329698435962, 0.000226416537771, 0.000139575116918, 8.14601153252e-05, 4.12042463722e-05, 3.42058447131e-05, 9.41675898503e-06, 1.15346345808e-07],
        "min": [1.46308465343e-10, 2.60764809745e-09, 3.91283949686e-10, 5.82003325741e-12, 1.05968456232e-10, 3.10820619243e-10, 1.2104978131e-10, 1.50451442971e-10, 1.14831609499e-10, 5.51242940183e-11, 3.09423008049e-11, 1.7496457061e-10, 2.08049702466e-10, 1.19488016703e-10, 5.58677791529e-11, 2.72743744256e-10, 4.94793650496e-10, 9.96587951052e-11, 1.42113529278e-10, 1.06219429086e-10, 7.07344183226e-11, 5.72167001278e-11, 2.3993839901e-11, 1.88459317596e-11, 2.27429047817e-11, 1.51296319223e-11, 4.70317751758e-12],
        "var": [1.12289960441e-07, 5.75579069846e-05, 4.33578279626e-05, 6.08363234278e-06, 2.39279761445e-05, 4.37609196524e-06, 3.28372311742e-06, 7.02289889887e-06, 4.96881402796e-05, 1.1407934835e-05, 1.16632293157e-06, 2.02595333576e-06, 4.43203271061e-06, 6.33890920199e-07, 3.25374941212e-07, 2.4464947046e-07, 4.48009330967e-07, 9.69444329257e-08, 1.54360407123e-07, 1.4761285172e-07, 6.16268494014e-08, 3.15252002281e-08, 2.04031039175e-07, 5.76893455673e-07, 7.68915171534e-08, 4.08482137004e-09, 3.82179791286e-12]
    },
    "erbbands": {
        "dmean": [0.0991396084428, 1.02171945572, 2.93592166901, 4.67145299911, 7.73628425598, 10.5568056107, 8.27175807953, 9.63053131104, 7.93591594696, 17.4326343536, 18.2795219421, 60.2831802368, 58.8272285461, 16.5072097778, 17.8382892609, 23.4428653717, 33.6333580017, 17.3800487518, 15.5571260452, 9.79040908813, 17.291267395, 17.7636547089, 9.90643119812, 10.2856063843, 12.5385913849, 10.6152448654, 7.59616136551, 5.04585123062, 3.18389487267, 2.76595830917, 2.7960486412, 2.31497764587, 1.40750479698, 0.76707559824, 0.315976947546, 0.102154530585, 0.0250542908907, 0.00378129677847, 8.16638494143e-05, 1.14869444587e-05],
        "dmean2": [0.176568374038, 1.7935847044, 4.80503320694, 7.44532680511, 13.176197052, 17.881029129, 13.5786018372, 15.8907279968, 13.2423934937, 27.6646251678, 28.9993896484, 98.6624603271, 96.0205612183, 26.1717681885, 28.9489765167, 38.3510971069, 52.0853729248, 28.4301052094, 26.1528244019, 16.3143482208, 28.4647254944, 29.3374347687, 16.7786273956, 17.385848999, 21.9951000214, 18.6096973419, 13.2837791443, 8.82591152191, 5.20751714706, 4.45453500748, 4.11552715302, 3.31585788727, 1.9249997139, 1.0976331234, 0.466476052999, 0.155170053244, 0.0370229370892, 0.00600399263203, 0.000127619568957, 1.80714450835e-05],
        "dvar": [0.032634884119, 4.33094978333, 22.2050228119, 47.2465896606, 208.955078125, 254.033721924, 98.5167617798, 220.214736938, 297.054077148, 1192.14367676, 993.201904297, 13057.4287109, 15783.6357422, 994.393005371, 849.390075684, 1768.94897461, 4273.04980469, 1084.99169922, 535.989746094, 261.166137695, 526.879089355, 735.338317871, 228.846237183, 223.002304077, 329.761199951, 338.943847656, 152.179122925, 68.2603225708, 26.9002666473, 43.3230056763, 152.057693481, 129.289382935, 39.3035736084, 8.12160968781, 1.28744566441, 0.0739911943674, 0.00389632582664, 7.72358980612e-05, 3.27103180098e-08, 1.92361404583e-10],
        "dvar2": [0.0984112024307, 12.8471240997, 63.2321472168, 119.172065735, 558.047607422, 695.967224121, 279.927368164, 606.087036133, 802.114135742, 2806.49291992, 2394.52001953, 33482.5429688, 41642.5078125, 2612.09594727, 2187.18969727, 4683.81787109, 9919.20703125, 2575.42993164, 1433.32055664, 720.151611328, 1495.53613281, 1813.74243164, 559.72857666, 565.222473145, 894.32409668, 941.904724121, 423.188079834, 187.167648315, 66.2537994385, 93.7646179199, 315.546875, 243.931671143, 64.619682312, 14.9067401886, 2.69690132141, 0.148127496243, 0.00803934782743, 0.00015631923452, 6.43735376116e-08, 4.37354097382e-10],
        "max": [1.54599142075, 20.2523269653, 57.4572639465, 108.729743958, 164.474151611, 176.693374634, 121.229522705, 158.170379639, 268.822784424, 484.969238281, 484.352020264, 1566.08630371, 1808.29052734, 427.543762207, 388.986785889, 508.744750977, 1371.5814209, 503.448272705, 317.204803467, 272.890136719, 276.093200684, 351.209655762, 224.362457275, 208.7421875, 220.64982605, 171.769836426, 134.900878906, 72.796005249, 58.0791664124, 130.553405762, 264.655426025, 209.053085327, 116.53805542, 58.2757568359, 21.5648403168, 6.74329614639, 1.37428867817, 0.149393111467, 0.00292872497812, 0.000213327817619],
        "mean": [0.130971267819, 1.48042452335, 5.0687789917, 7.31942939758, 9.89497470856, 15.691742897, 14.9779024124, 15.107667923, 12.473897934, 29.7010917664, 34.8333702087, 103.551330566, 96.4452896118, 32.9730148315, 32.8793563843, 39.912689209, 60.5672683716, 32.2782402039, 29.0123291016, 21.1627960205, 35.6270561218, 37.3849411011, 20.3440036774, 21.3101825714, 25.5872478485, 19.44880867, 14.4189758301, 9.19613456726, 6.6605257988, 5.58544683456, 4.64511966705, 3.835470438, 2.4587366581, 1.26812922955, 0.526911437511, 0.16247561574, 0.0375619195402, 0.00479090726003, 0.000127937470097, 4.82437644678e-05],
        "median": [0.083456389606, 1.07758796215, 3.60643076897, 5.06024074554, 6.20663356781, 10.2778835297, 11.1780776978, 9.62086486816, 7.83982467651, 13.1453752518, 17.74974823, 40.8140563965, 29.1253376007, 13.2733249664, 13.7899532318, 17.5028133392, 26.0644626617, 18.0182228088, 20.1285610199, 15.4775533676, 27.3957920074, 28.8757324219, 15.712389946, 17.5172138214, 21.4027233124, 15.3579883575, 11.2186632156, 6.91985702515, 5.16391420364, 3.87467861176, 2.10341024399, 0.992543458939, 0.631643593311, 0.457763791084, 0.192445486784, 0.0633864253759, 0.0130413053557, 0.00138500193134, 5.42064226465e-05, 4.6135388402e-05],
        "min": [7.46443902244e-08, 5.6746722521e-07, 6.9826694471e-07, 1.24583564798e-07, 5.95039750806e-08, 4.3105359282e-07, 1.74098329353e-06, 2.85326996163e-06, 1.29410568661e-06, 3.89334218198e-06, 2.49782510764e-06, 2.6186382911e-06, 2.07124344342e-06, 1.0818832834e-06, 1.7115959281e-06, 1.2662347217e-05, 1.10337914521e-05, 3.7241256905e-06, 5.19433751833e-06, 7.52579671826e-06, 1.77210476977e-05, 1.8377770175e-05, 5.97380903855e-06, 4.86584394821e-06, 7.68848622101e-06, 4.89839112561e-06, 2.28880389841e-06, 2.82753262582e-06, 2.29536021834e-06, 1.19690673728e-06, 5.07797551563e-07, 3.42404945286e-07, 3.35251769457e-07, 1.35705661819e-07, 2.5014617222e-07, 1.03906025117e-07, 2.14222364292e-08, 2.5248567681e-09, 6.77701061935e-10, 7.84142056842e-11],
        "var": [0.0286828298122, 3.56081843376, 35.0325737, 84.2465667725, 181.349914551, 312.055664062, 205.1769104, 330.733062744, 313.19833374, 2792.51635742, 2755.01538086, 27039.78125, 29018.3789062, 2721.4140625, 2146.15600586, 3333.11181641, 10791.4599609, 1957.88244629, 969.11706543, 493.872833252, 1068.9786377, 1234.48425293, 341.663726807, 311.580718994, 404.911132812, 320.677215576, 163.493240356, 73.0832824707, 40.0118103027, 62.3364639282, 215.376739502, 319.378723145, 105.931602478, 16.3268508911, 2.38699531555, 0.182072281837, 0.0108604505658, 0.000135335969389, 6.59628156541e-08, 7.37174654653e-10]
    },
    "gfcc": {
        "mean": [32.3343048096, 95.2427825928, -125.919555664, 44.0759506226, -57.7577476501, 17.0772666931, -32.4166641235, 14.7115087509, -25.7834587097, 3.19572401047, -20.8780155182, -3.84303545952, -10.7713460922],
        "cov": [[7038.03076172, 39.0669364929, 34.0473213196, -248.279678345, -235.915725708, 128.868179321, -62.1031341553, -42.9738998413, -16.8272476196, -90.3290786743, -31.8490867615, 31.3562030792, -14.5947160721], [39.0669364929, 479.018676758, -198.971679688, -29.4025402069, 15.1938886642, -63.6282043457, 104.178161621, -42.2022857666, 34.5225944519, -69.136177063, 22.8922138214, -49.148475647, 28.8144950867], [34.0473213196, -198.971679688, 352.338409424, 69.4498138428, 52.9071159363, -19.9307250977, -111.807678223, 36.9463882446, -20.268825531, 80.9180374146, -14.8869180679, 35.5436325073, -16.7743873596], [-248.279678345, -29.4025402069, 69.4498138428, 197.794342041, 78.7633666992, -33.0246391296, -57.6950531006, -20.0401420593, 12.1407909393, 22.939661026, 2.19330596924, -36.2903442383, 11.6544713974], [-235.915725708, 15.1938886642, 52.9071159363, 78.7633666992, 131.576690674, -18.5590877533, -6.93477058411, -0.640778183937, 1.9648630619, 29.5374126434, -14.3105182648, -10.8085803986, -9.21392059326], [128.868179321, -63.6282043457, -19.9307250977, -33.0246391296, -18.5590877533, 116.570854187, 47.6149368286, 23.3539657593, -1.54045057297, -28.3144130707, 0.331807434559, 2.72152090073, -4.99318599701], [-62.1031341553, 104.178161621, -111.807678223, -57.6950531006, -6.93477058411, 47.6149368286, 158.303833008, 25.7851524353, 4.48062896729, -41.1927528381, -4.71930837631, -5.28640651703, -17.4099140167], [-42.9738998413, -42.2022857666, 36.9463882446, -20.0401420593, -0.640778183937, 23.3539657593, 25.7851524353, 69.6928405762, 22.2437877655, 14.7262086868, -4.82435035706, 4.75907373428, -6.25690698624], [-16.8272476196, 34.5225944519, -20.268825531, 12.1407909393, 1.9648630619, -1.54045057297, 4.48062896729, 22.2437877655, 76.4452819824, 21.2589855194, 10.6512012482, -13.1073551178, -3.65963888168], [-90.3290786743, -69.136177063, 80.9180374146, 22.939661026, 29.5374126434, -28.3144130707, -41.1927528381, 14.7262086868, 21.2589855194, 86.9289016724, 13.3559751511, 18.8728923798, -11.6212778091], [-31.8490867615, 22.8922138214, -14.8869180679, 2.19330596924, -14.3105182648, 0.331807434559, -4.71930837631, -4.82435035706, 10.6512012482, 13.3559751511, 46.9188308716, 14.7039432526, 12.3318939209], [31.3562030792, -49.148475647, 35.5436325073, -36.2903442383, -10.8085803986, 2.72152090073, -5.28640651703, 4.75907373428, -13.1073551178, 18.8728923798, 14.7039432526, 57.223991394, 8.99391174316], [-14.5947160721, 28.8144950867, -16.7743873596, 11.6544713974, -9.21392059326, -4.99318599701, -17.4099140167, -6.25690698624, -3.65963888168, -11.6212778091, 12.3318939209, 8.99391174316, 63.6513442993]],
        "icov": [[0.000170305560459, -0.000200139184017, -0.000107459061837, 9.01037128642e-05, 0.000319396262057, -0.00038236042019, 0.000273073412245, 0.000170737912413, -6.33641466266e-05, -2.17677024921e-05, 0.000358137767762, -0.000173152031493, 0.000140011339681], [-0.000200139184017, 0.00699809985235, -0.000557993073016, 0.0037164457608, -0.00409405259416, 0.00667443033308, -0.00555867282674, 0.00419182563201, -0.0041509270668, 0.00519972853363, -0.006853914354, 0.0066129672341, -0.00411464599892], [-0.000107459061837, -0.000557993073016, 0.0069810920395, -0.00293686590157, -0.000330406182911, -0.00110451772343, 0.00482427328825, -0.00605960842222, 0.00370229990222, -0.00311137316748, 0.00318709062412, -0.00508627900854, 0.00294088246301], [9.01037128642e-05, 0.0037164457608, -0.00293686590157, 0.0126624573022, -0.00705682625994, 0.00368339195848, -0.00169511546846, 0.00561485206708, -0.00381731428206, 0.00310336169787, -0.00733774155378, 0.0116829471663, -0.00528052216396], [0.000319396262057, -0.00409405259416, -0.000330406182911, -0.00705682625994, 0.0149405384436, -0.00380092067644, 0.000350250920746, -0.00103698985185, 0.00296486634761, -0.00753746321425, 0.00911891181022, -0.00443371525034, 0.00264410558157], [-0.00038236042019, 0.00667443033308, -0.00110451772343, 0.00368339195848, -0.00380092067644, 0.0178576856852, -0.00744313187897, 0.000158708629897, -0.00363466143608, 0.00918104592711, -0.00883659347892, 0.00555398920551, -0.00284971971996], [0.000273073412245, -0.00555867282674, 0.00482427328825, -0.00169511546846, 0.000350250920746, -0.00744313187897, 0.0174430496991, -0.0100248362869, 0.00419727433473, 0.000208408033359, 0.00472034653649, -0.00768634630367, 0.00786405149847], [0.000170737912413, 0.00419182563201, -0.00605960842222, 0.00561485206708, -0.00103698985185, 0.000158708629897, -0.0100248362869, 0.0281501896679, -0.0108889928088, -0.000945064180996, -0.000101029399957, 0.00618637073785, -0.00624912092462], [-6.33641466266e-05, -0.0041509270668, 0.00370229990222, -0.00381731428206, 0.00296486634761, -0.00363466143608, 0.00419727433473, -0.0108889928088, 0.0223988220096, -0.00955723412335, -0.000112242436444, 0.00159956689458, 0.00309952744283], [-2.17677024921e-05, 0.00519972853363, -0.00311137316748, 0.00310336169787, -0.00753746321425, 0.00918104592711, 0.000208408033359, -0.000945064180996, -0.00955723412335, 0.0286719352007, -0.0122152557597, -0.00239930883981, 0.00323714315891], [0.000358137767762, -0.006853914354, 0.00318709062412, -0.00733774155378, 0.00911891181022, -0.00883659347892, 0.00472034653649, -0.000101029399957, -0.000112242436444, -0.0122152557597, 0.0380706004798, -0.0158940665424, -9.04228872969e-05], [-0.000173152031493, 0.0066129672341, -0.00508627900854, 0.0116829471663, -0.00443371525034, 0.00555398920551, -0.00768634630367, 0.00618637073785, 0.00159956689458, -0.00239930883981, -0.0158940665424, 0.0384489111602, -0.0109128318727], [0.000140011339681, -0.00411464599892, 0.00294088246301, -0.00528052216396, 0.00264410558157, -0.00284971971996, 0.00786405149847, -0.00624912092462, 0.00309952744283, 0.00323714315891, -9.04228872969e-05, -0.0109128318727, 0.0233718678355]]
    },
    "melbands": {
        "dmean": [0.00100499670953, 0.00141771091148, 0.000841823522933, 0.000676786934491, 0.000321514409734, 0.000209776961128, 0.000122464960441, 0.000197787376237, 0.00017530968762, 0.000417611270677, 0.000289713963866, 7.00586024323e-05, 6.05820823694e-05, 5.56445811526e-05, 8.66492846399e-05, 5.90812232986e-05, 3.32025665557e-05, 2.78930529021e-05, 1.7099418983e-05, 1.40396132338e-05, 2.48069154622e-05, 2.12404775084e-05, 1.44486593854e-05, 7.64902688388e-06, 9.01615658222e-06, 9.97285042104e-06, 8.9167342594e-06, 7.43062355468e-06, 5.5102400438e-06, 3.92673700844e-06, 2.8442632356e-06, 1.88863032236e-06, 1.77464289663e-06, 1.60144122674e-06, 1.655962933e-06, 1.62560263561e-06, 1.40084978284e-06, 1.00316412954e-06, 9.66660650192e-07, 5.64937579384e-07],
        "dmean2": [0.00180798862129, 0.00236598774791, 0.00135567050893, 0.00115502753761, 0.000529329641722, 0.000344744010363, 0.000202121518669, 0.000315227953251, 0.000280343694612, 0.000686561106704, 0.000474647531519, 0.000111812332761, 9.96466042125e-05, 9.1487840109e-05, 0.000138667222927, 9.1653149866e-05, 5.47561940039e-05, 4.67778227176e-05, 2.90459101961e-05, 2.37053882302e-05, 4.13524867326e-05, 3.53353352693e-05, 2.42819296545e-05, 1.29161917357e-05, 1.53438013513e-05, 1.74105171027e-05, 1.55577909027e-05, 1.30518919832e-05, 9.50631965679e-06, 6.87116471454e-06, 4.95666563438e-06, 3.13257896778e-06, 2.88021033157e-06, 2.55297322838e-06, 2.52732388617e-06, 2.30405521506e-06, 2.06837876249e-06, 1.47138177908e-06, 1.37653717047e-06, 8.45225201829e-07],
        "dvar": [4.18927265855e-06, 4.85627651869e-06, 1.13026055715e-06, 1.65018741427e-06, 1.26026876046e-07, 1.0403459072e-07, 6.10326793549e-08, 1.37687422352e-07, 1.04995201866e-07, 6.10711424542e-07, 3.86876763514e-07, 1.91350082446e-08, 9.42062605702e-09, 1.20741079357e-08, 2.36063524284e-08, 1.1255293586e-08, 4.11294687197e-09, 1.58289914509e-09, 1.09216036215e-09, 4.72355543568e-10, 1.11075926235e-09, 1.03707264998e-09, 3.9459993606e-10, 1.680175582e-10, 1.59719293347e-10, 2.31117708305e-10, 1.73339190224e-10, 1.65537972219e-10, 8.3941013862e-11, 3.42245086438e-11, 2.19339546526e-11, 8.9306834497e-12, 1.11064941966e-11, 1.72821392613e-11, 4.90947421605e-11, 5.87655202278e-11, 4.88652347752e-11, 2.15820226274e-11, 1.67461496059e-11, 4.07773901451e-12],
        "dvar2": [1.25471142383e-05, 1.39432249853e-05, 2.87436137114e-06, 4.49889648735e-06, 3.54603741926e-07, 2.85121444676e-07, 1.62286312388e-07, 3.31690642952e-07, 2.54409428635e-07, 1.58207285494e-06, 1.01634873317e-06, 5.04144495039e-08, 2.47847129486e-08, 3.20203064064e-08, 5.81406176536e-08, 2.58279335696e-08, 9.81725722937e-09, 4.16603906928e-09, 3.00514124696e-09, 1.35255218137e-09, 3.12912962208e-09, 2.56593879477e-09, 9.9374364293e-10, 4.25305485274e-10, 4.03942240768e-10, 6.3808364148e-10, 4.76008621408e-10, 4.61469612523e-10, 2.36963199063e-10, 9.4597676914e-11, 5.97833171856e-11, 2.26727490948e-11, 2.62942688456e-11, 3.75884601223e-11, 1.05392902738e-10, 1.10354801686e-10, 9.54489820515e-11, 3.68091529479e-11, 3.2988330817e-11, 7.80291282976e-12],
        "max": [0.018582418561, 0.0209047831595, 0.0155529752374, 0.0137594044209, 0.0034736264497, 0.00365054188296, 0.00354936742224, 0.00466385064647, 0.00554353790358, 0.010226980783, 0.00886113103479, 0.00175241578836, 0.00110330979805, 0.00122002325952, 0.00219932640903, 0.00185680971481, 0.000979625154287, 0.000471218780149, 0.000636543962173, 0.000391523062717, 0.000421870470745, 0.000398442149162, 0.000210433703614, 0.000213439299841, 0.000178215763299, 0.000216287124204, 0.000191198996617, 0.000114168527944, 0.000105873165012, 5.09239289386e-05, 3.89063570765e-05, 3.55098818545e-05, 5.03171795572e-05, 8.40835273266e-05, 0.000160947645782, 0.000140520874993, 0.000137704220833, 8.66718764883e-05, 8.62313754624e-05, 3.87768086512e-05],
        "mean": [0.00142877385952, 0.00252711516805, 0.00134451407939, 0.000926642969716, 0.000587486720178, 0.000336939323461, 0.000195684377104, 0.000335887481924, 0.000312613759888, 0.000701614131685, 0.000466172030428, 0.000126023485791, 0.000106528066681, 9.28267472773e-05, 0.00014489053865, 0.000102660596895, 5.55033620913e-05, 4.80145499751e-05, 3.13240161631e-05, 2.76768932963e-05, 4.64887125418e-05, 4.16586408392e-05, 2.58664076682e-05, 1.41305390571e-05, 1.72891486727e-05, 1.94720141735e-05, 1.64497705555e-05, 1.21649409266e-05, 9.4931356216e-06, 7.04972944732e-06, 4.73380987387e-06, 3.6781923427e-06, 3.49991501025e-06, 2.95750351142e-06, 2.68737653641e-06, 2.4947885322e-06, 2.26453857977e-06, 1.75675779701e-06, 1.44774685396e-06, 9.39400536026e-07],
        "median": [0.00100656074937, 0.00186882400885, 0.000987343024462, 0.000597425620072, 0.000460235081846, 0.000217977081775, 0.000118752031995, 0.000138391231303, 0.000145790356328, 0.000255973951425, 0.000127616745885, 4.89207886858e-05, 4.3177526095e-05, 3.41519298672e-05, 6.13362135482e-05, 4.20058677264e-05, 2.96949328913e-05, 3.29854265146e-05, 2.13703406189e-05, 2.0910956664e-05, 3.51996641257e-05, 3.15352917823e-05, 1.90814316738e-05, 1.04875462057e-05, 1.36448970807e-05, 1.57162103278e-05, 1.35461959871e-05, 9.14617157832e-06, 7.19535410099e-06, 5.55144379177e-06, 3.41379563906e-06, 2.82159612652e-06, 2.54174801739e-06, 1.86320130524e-06, 1.29218722122e-06, 6.82780523675e-07, 5.32671833753e-07, 4.3020631324e-07, 4.24352521122e-07, 3.59777317271e-07],
        "min": [7.09073133542e-10, 5.21245435703e-10, 2.27785949825e-11, 1.26117467164e-11, 5.49106281278e-11, 5.84714707208e-11, 2.08823791592e-11, 4.35741095983e-11, 2.12502220681e-11, 1.46093050851e-11, 9.77217699122e-12, 4.00551597099e-12, 4.35433243282e-12, 1.63723271052e-11, 4.34312100173e-11, 1.24786500577e-11, 6.64560377214e-12, 9.7417759623e-12, 3.99416567529e-12, 1.7397657967e-11, 2.25102384649e-11, 2.61539609414e-11, 6.62938454132e-12, 3.75808629008e-12, 3.62385468855e-12, 4.18604213792e-12, 6.66198866905e-12, 2.25336090932e-12, 8.92733586708e-13, 2.33814768762e-12, 1.40062831125e-12, 1.42549882488e-12, 8.54953965696e-13, 5.34851785257e-13, 2.83063909768e-13, 2.50530363599e-13, 1.46350244206e-13, 2.42270559083e-13, 2.00775133281e-13, 7.72616088403e-14],
        "var": [3.38815016221e-06, 6.8358349381e-06, 1.99061537387e-06, 1.46391448652e-06, 2.65128079491e-07, 1.60278744943e-07, 7.36885539254e-08, 3.49641027242e-07, 2.46354773026e-07, 1.2067340549e-06, 7.12247015144e-07, 4.63910794224e-08, 2.34195187687e-08, 2.22708358422e-08, 5.37795834532e-08, 2.63445212312e-08, 7.001592639e-09, 2.69846944789e-09, 1.65611635516e-09, 7.20684900646e-10, 2.08373429622e-09, 1.66482527764e-09, 6.10529626854e-10, 2.11828610208e-10, 2.21462403971e-10, 2.66344363231e-10, 1.952293327e-10, 1.50607207261e-10, 8.42506550636e-11, 3.76913014688e-11, 2.33704947755e-11, 1.25174124538e-11, 1.57659822697e-11, 2.38932883895e-11, 6.19380033373e-11, 1.19190254888e-10, 1.20001855675e-10, 5.78121543693e-11, 3.19082746336e-11, 7.49698306907e-12]
    },
    "mfcc": {
        "mean": [-603.059875488, 116.334960938, -6.32984304428, 29.923494339, 0.588838994503, 6.38562583923, 4.2763915062, 5.59087181091, 5.156229496, 4.38990306854, 0.935060322285, -0.848595261574, -2.30842161179],
        "cov": [[6281.81933594, 346.856292725, -64.5812530518, -249.839111328, -192.806106567, 49.0176277161, -72.1569519043, 84.909942627, -60.8342514038, -12.415802002, -35.8940238953, -100.307579041, -44.2254104614], [346.856292725, 427.017120361, -149.481140137, 11.6128416061, -98.9275817871, -4.62115001678, 11.3067808151, 34.7137641907, 12.2258682251, -19.2425823212, 11.1039733887, -11.3126316071, 21.0383815765], [-64.5812530518, -149.481140137, 239.428665161, 10.462802887, 91.2113418579, -31.0153770447, -17.1380844116, -43.4939956665, -8.66191482544, 8.28475761414, -16.9193267822, 9.99383831024, 8.99219989777], [-249.839111328, 11.6128416061, 10.462802887, 226.158676147, 103.282859802, 6.62302589417, -16.8556842804, -74.0477905273, 9.80204868317, 10.6983451843, -3.71820354462, 14.2130270004, -1.88320219517], [-192.806106567, -98.9275817871, 91.2113418579, 103.282859802, 183.27154541, 0.0471663996577, -29.0993919373, -75.3243637085, 6.48486566544, 17.4213867188, -8.64447307587, 7.07862234116, -7.18139123917], [49.0176277161, -4.62115001678, -31.0153770447, 6.62302589417, 0.0471663996577, 70.8759994507, 21.427854538, 23.025177002, -3.20864915848, 4.67407846451, 5.7522354126, -1.09022009373, -7.45878410339], [-72.1569519043, 11.3067808151, -17.1380844116, -16.8556842804, -29.0993919373, 21.427854538, 84.8098373413, 45.0974464417, 11.5063352585, -10.2564334869, -6.44921398163, -0.299592554569, -3.12993884087], [84.909942627, 34.7137641907, -43.4939956665, -74.0477905273, -75.3243637085, 23.025177002, 45.0974464417, 112.145401001, 19.0649166107, 7.45594358444, 5.31375074387, -3.75343990326, 1.72100925446], [-60.8342514038, 12.2258682251, -8.66191482544, 9.80204868317, 6.48486566544, -3.20864915848, 11.5063352585, 19.0649166107, 56.5880012512, 23.8685474396, 9.86459159851, -1.22408533096, 2.34082460403], [-12.415802002, -19.2425823212, 8.28475761414, 10.6983451843, 17.4213867188, 4.67407846451, -10.2564334869, 7.45594358444, 23.8685474396, 53.4803314209, 20.7636432648, 10.0640420914, -2.10550832748], [-35.8940238953, 11.1039733887, -16.9193267822, -3.71820354462, -8.64447307587, 5.7522354126, -6.44921398163, 5.31375074387, 9.86459159851, 20.7636432648, 53.7006263733, 25.0736999512, 11.4118232727], [-100.307579041, -11.3126316071, 9.99383831024, 14.2130270004, 7.07862234116, -1.09022009373, -0.299592554569, -3.75343990326, -1.22408533096, 10.0640420914, 25.0736999512, 54.5114784241, 19.5401439667], [-44.2254104614, 21.0383815765, 8.99219989777, -1.88320219517, -7.18139123917, -7.45878410339, -3.12993884087, 1.72100925446, 2.34082460403, -2.10550832748, 11.4118232727, 19.5401439667, 49.6398658752]],
