{
"lowlevel": {
    "average_loudness": 0.976652979851,
    "barkbands_crest": {
        "dmean": 2.85527515411,
        "dmean2": 4.61175584793,
        "dvar": 6.9199848175,
        "dvar2": 17.1786231995,
        "max": 23.7959957123,
        "mean": 9.93383598328,
        "median": 9.35992717743,
        "min": 2.70357871056,
        "var": 15.3385868073
    },
    "barkbands_flatness_db": {
        "dmean": 0.0197093263268,
        "dmean2": 0.0313465744257,
        "dvar": 0.000290762196528,
        "dvar2": 0.000778901507147,
        "max": 0.245052799582,
        "mean": 0.137353762984,
        "median": 0.134941488504,
        "min": 0.0621209852397,
        "var": 0.000800072040875
    },
    "barkbands_kurtosis": {
        "dmean": 1.6405236721,
        "dmean2": 2.72598648071,
        "dvar": 5.22029256821,
        "dvar2": 14.3469772339,
        "max": 21.1687278748,
        "mean": 1.54547870159,
        "median": 0.745260000229,
        "min": -1.76505625248,
        "var": 7.37271690369
    },
    "barkbands_skewness": {
        "dmean": 0.478020220995,
        "dmean2": 0.762280762196,
        "dvar": 0.216549068689,
        "dvar2": 0.557808041573,
        "max": 4.34825086594,
        "mean": 1.19269585609,
        "median": 1.1014598608,
        "min": -1.16013169289,
        "var": 0.539899230003
    },
    "barkbands_spread": {
        "dmean": 6.06461238861,
        "dmean2": 9.18510341644,
        "dvar": 29.8409957886,
        "dvar2": 70.0255966187,
        "max": 83.6725311279,
        "mean": 27.5603847504,
        "median": 25.7242031097,
        "min": 2.63741636276,
        "var": 122.993789673
    },
    "dissonance": {
        "dmean": 0.0159615632147,
        "dmean2": 0.0270640756935,
        "dvar": 0.00021649399423,
        "dvar2": 0.000622435414698,
        "max": 0.5,
        "mean": 0.474804013968,
        "median": 0.479365885258,
        "min": 0.372422009706,
        "var": 0.000340923201293
    },
    "dynamic_complexity": 1.62461471558,
    "erbbands_crest": {
        "dmean": 2.58039999008,
        "dmean2": 4.34121751785,
        "dvar": 6.28418302536,
        "dvar2": 16.8481273651,
        "max": 24.7836875916,
        "mean": 7.58964967728,
        "median": 6.59262943268,
        "min": 2.53935599327,
        "var": 13.5056257248
    },
    "erbbands_flatness_db": {
        "dmean": 0.0154091510922,
        "dmean2": 0.0232278872281,
        "dvar": 0.00019932120631,
        "dvar2": 0.000432945846114,
        "max": 0.310363292694,
        "mean": 0.157365918159,
        "median": 0.153665110469,
        "min": 0.0970015078783,
        "var": 0.000732326530851
    },
    "erbbands_kurtosis": {
        "dmean": 0.827467143536,
        "dmean2": 1.33863055706,
        "dvar": 1.36458587646,
        "dvar2": 3.50866246223,
        "max": 20.0368537903,
        "mean": 0.478941142559,
        "median": -0.0287184715271,
        "min": -1.43400752544,
        "var": 2.995865345
    },
    "erbbands_skewness": {
        "dmean": 0.299022048712,
        "dmean2": 0.476970285177,
        "dvar": 0.062685482204,
        "dvar2": 0.160477131605,
        "max": 3.32144117355,
        "mean": 0.430015653372,
        "median": 0.400280326605,
        "min": -1.52389073372,
        "var": 0.251356840134
    },
    "erbbands_spread": {
        "dmean": 8.74557113647,
        "dmean2": 13.5637388229,
        "dvar": 69.9466094971,
        "dvar2": 156.730163574,
        "max": 100.070114136,
        "mean": 38.1674194336,
        "median": 36.8612136841,
        "min": 4.04677295685,
        "var": 239.256210327
    },
    "hfc": {
        "dmean": 7.82184553146,
        "dmean2": 11.4683103561,
        "dvar": 67.3687438965,
        "dvar2": 147.814956665,
        "max": 122.540481567,
        "mean": 30.5281219482,
        "median": 27.5665035248,
        "min": 0.000479564507259,
        "var": 248.927581787
    },
    "melbands_crest": {
        "dmean": 3.41421556473,
        "dmean2": 5.58105325699,
        "dvar": 9.2267036438,
        "dvar2": 24.8187255859,
        "max": 27.1037158966,
        "mean": 13.3437271118,
        "median": 13.0407657623,
        "min": 3.70425105095,
        "var": 19.3625640869
    },
    "melbands_flatness_db": {
        "dmean": 0.0257878471166,
        "dmean2": 0.0391780175269,
        "dvar": 0.000513966428116,
        "dvar2": 0.00135187117849,
        "max": 0.308650523424,
        "mean": 0.159908846021,
        "median": 0.158271029592,
        "min": 0.0387502461672,
        "var": 0.00157159124501
    },
    "melbands_kurtosis": {
        "dmean": 5.2420334816,
        "dmean2": 8.71294784546,
        "dvar": 56.1584587097,
        "dvar2": 150.652450562,
        "max": 72.947013855,
        "mean": 8.18170166016,
        "median": 5.32179927826,
        "min": -1.37411201,
        "var": 80.6011886597
    },
    "melbands_skewness": {
        "dmean": 0.757230043411,
        "dmean2": 1.21874570847,
        "dvar": 0.562655389309,
        "dvar2": 1.43057191372,
        "max": 7.13080310822,
        "mean": 2.24069881439,
        "median": 2.03546619415,
        "min": -0.850136756897,
        "var": 1.37925636768
    },
    "melbands_spread": {
        "dmean": 7.36727380753,
        "dmean2": 11.4816131592,
        "dvar": 59.4459533691,
        "dvar2": 132.823394775,
        "max": 120.303688049,
        "mean": 27.554315567,
        "median": 26.1208896637,
        "min": 4.34566783905,
        "var": 173.253494263
    },
    "pitch_salience": {
        "dmean": 0.0813969001174,
        "dmean2": 0.132621213794,
        "dvar": 0.00535406731069,
        "dvar2": 0.0136809991673,
        "max": 0.817502260208,
        "mean": 0.551033496857,
        "median": 0.556400835514,
        "min": 0.181498378515,
        "var": 0.0111611215398
    },
    "silence_rate_20dB": {
        "dmean": 0,
        "dmean2": 0,
        "dvar": 0,
        "dvar2": 0,
        "max": 1,
        "mean": 1,
        "median": 1,
        "min": 1,
        "var": 0
    },
    "silence_rate_30dB": {
        "dmean": 0.0154798757285,
        "dmean2": 0.0309717375785,
        "dvar": 0.0152406748384,
        "dvar2": 0.0431761592627,
        "max": 1,
        "mean": 0.990715682507,
        "median": 1,
        "min": 0,
        "var": 0.00919795036316
    },
    "silence_rate_60dB": {
        "dmean": 0.000773993786424,
        "dmean2": 0.00154858687893,
        "dvar": 0.000773391744588,
        "dvar2": 0.00154617486987,
        "max": 1,
        "mean": 0.00851063802838,
        "median": 0,
        "min": 0,
        "var": 0.00843825563788
    },
    "spectral_centroid": {
        "dmean": 247.488082886,
        "dmean2": 375.918151855,
        "dvar": 55730.7734375,
        "dvar2": 120656.242188,
        "max": 3787.0690918,
        "mean": 1485.61791992,
        "median": 1411.75061035,
        "min": 513.315368652,
        "var": 238359.8125
    },
    "spectral_complexity": {
        "dmean": 3.78482961655,
        "dmean2": 5.912504673,
        "dvar": 9.93506622314,
        "dvar2": 21.558057785,
        "max": 54,
        "mean": 28.8820114136,
        "median": 28,
        "min": 0,
        "var": 66.2047042847
    },
    "spectral_decrease": {
        "dmean": 3.61853347286e-09,
        "dmean2": 5.89093751557e-09,
        "dvar": 2.3232839885e-17,
        "dvar2": 5.91636300917e-17,
        "max": -8.38161869554e-14,
        "mean": -1.02085326859e-08,
        "median": -8.87109852243e-09,
        "min": -4.3073693945e-08,
        "var": 3.60428268576e-17
    },
    "spectral_energy": {
        "dmean": 0.0140881435946,
        "dmean2": 0.022888308391,
        "dvar": 0.000345728069078,
        "dvar2": 0.00087392795831,
        "max": 0.166606515646,
        "mean": 0.0412983223796,
        "median": 0.036211501807,
        "min": 3.6513182522e-07,
        "var": 0.000549404532649
    },
    "spectral_energyband_high": {
        "dmean": 0.000669269356877,
        "dmean2": 0.000921868078876,
        "dvar": 7.41241365176e-07,
        "dvar2": 1.50980861235e-06,
        "max": 0.0142716877162,
        "mean": 0.00158292602282,
        "median": 0.00102033047006,
        "min": 3.35224612513e-08,
        "var": 2.75800903182e-06
    },
    "spectral_energyband_low": {
        "dmean": 0.0104978643358,
        "dmean2": 0.0175147447735,
        "dvar": 0.000240298730205,
        "dvar2": 0.000640262558591,
        "max": 0.135530173779,
        "mean": 0.0180924534798,
        "median": 0.0129279289395,
        "min": 1.02744778019e-07,
        "var": 0.000296486541629
    },
    "spectral_energyband_middle_high": {
        "dmean": 0.00300001306459,
        "dmean2": 0.00481430022046,
        "dvar": 1.86353026947e-05,
        "dvar2": 4.92926883453e-05,
        "max": 0.0575755797327,
        "mean": 0.00929910410196,
        "median": 0.00701637659222,
        "min": 1.19249804698e-07,
        "var": 5.30786746822e-05
    },
    "spectral_energyband_middle_low": {
        "dmean": 0.00744322594255,
        "dmean2": 0.0125677334145,
        "dvar": 0.000160724943271,
        "dvar2": 0.000435553549323,
        "max": 0.108826249838,
        "mean": 0.0141449170187,
        "median": 0.0107195302844,
        "min": 9.29350392198e-08,
        "var": 0.000153334331117
    },
    "spectral_entropy": {
        "dmean": 0.113715700805,
        "dmean2": 0.167520314455,
        "dvar": 0.00977705232799,
        "dvar2": 0.0221073366702,
        "max": 8.47527980804,
        "mean": 7.90072059631,
        "median": 7.9017572403,
        "min": 7.14231109619,
        "var": 0.0410771816969
    },
    "spectral_flux": {
        "dmean": 0.0316886417568,
        "dmean2": 0.0514751859009,
        "dvar": 0.00149698881432,
        "dvar2": 0.00311597296968,
        "max": 0.351561784744,
        "mean": 0.112142205238,
        "median": 0.0987710654736,
        "min": 0.000770022568759,
        "var": 0.00278454669751
    },
    "spectral_kurtosis": {
        "dmean": 0.954003870487,
        "dmean2": 1.57628691196,
        "dvar": 0.745917141438,
        "dvar2": 2.00545716286,
        "max": 8.76044750214,
        "mean": 2.0436065197,
        "median": 1.90222120285,
        "min": -0.6896007061,
        "var": 1.63269543648
    },
    "spectral_rms": {
        "dmean": 0.00102148251608,
        "dmean2": 0.00163275690284,
        "dvar": 1.333478167e-06,
        "dvar2": 3.17299623021e-06,
        "max": 0.0127492332831,
        "mean": 0.00611010799184,
        "median": 0.00594376120716,
        "min": 1.88739541045e-05,
        "var": 2.95769791592e-06
    },
    "spectral_rolloff": {
        "dmean": 490.731140137,
        "dmean2": 782.448547363,
        "dvar": 476170.3125,
        "dvar2": 1039339,
        "max": 8785.546875,
        "mean": 1447.60412598,
        "median": 1184.32617188,
        "min": 86.1328125,
        "var": 1115620.375
    },
    "spectral_skewness": {
        "dmean": 0.16220061481,
        "dmean2": 0.249844565988,
        "dvar": 0.0174965038896,
        "dvar2": 0.0425012260675,
        "max": 2.16525363922,
        "mean": 1.19009625912,
        "median": 1.20235538483,
        "min": 0.120617054403,
        "var": 0.0789472162724
    },
    "spectral_spread": {
        "dmean": 468146.21875,
        "dmean2": 671366.3125,
        "dvar": 219331461120,
        "dvar2": 417909899264,
        "max": 9866648,
        "mean": 4674763,
        "median": 4509497,
        "min": 2862887.25,
        "var": 861478977536
    },
    "spectral_strongpeak": {
        "dmean": 0.563867688179,
        "dmean2": 1.00089323521,
        "dvar": 0.951309561729,
        "dvar2": 2.53340148926,
        "max": 9.08479976654,
        "mean": 0.757640302181,
        "median": 0.403355449438,
        "min": 0.000481702387333,
        "var": 1.06142497063
    },
    "zerocrossingrate": {
        "dmean": 0.0101271122694,
        "dmean2": 0.0116637405008,
        "dvar": 8.61884109327e-05,
        "dvar2": 0.000105652812636,
        "max": 0.21435546875,
        "mean": 0.0635942444205,
        "median": 0.05859375,
        "min": 0.017578125,
        "var": 0.000598199723754
    },
    "barkbands": {
        "dmean": [8.05437230156e-05, 0.00711175007746, 0.00422271341085, 0.00286482507363, 0.00278977048583, 0.00119653891306, 0.00122762925457, 0.00076404918218, 0.00147329899482, 0.00157962122466, 0.00114507973194, 0.00104046694469, 0.000395792245399, 0.000355700787622, 0.000403024518164, 0.000216777960304, 0.000211820704862, 0.000158595634275, 0.000171342326212, 0.000141341763083, 0.000159311850439, 0.000182903779205, 0.000190050443052, 0.000156005553436, 4.93833649671e-05, 3.99976940457e-08, 2.86179324682e-09],
        "dmean2": [0.000126366343466, 0.0107997562736, 0.00761550758034, 0.00520236045122, 0.00474856095389, 0.00194570701569, 0.00201212964021, 0.00125671108253, 0.00237749214284, 0.00262625655159, 0.00192619371228, 0.00170530076139, 0.00065230356995, 0.000588294467889, 0.000678101088852, 0.000362150778528, 0.000344907748513, 0.000258715852397, 0.000280388310784, 0.00022167955467, 0.000244527065661, 0.000273492798442, 0.0002854722552, 0.000215449545067, 7.23835401004e-05, 6.31076559898e-08, 5.37590816307e-09],
        "dvar": [1.38405988892e-08, 8.90075170901e-05, 0.000106639112346, 5.58009378437e-05, 2.60897595581e-05, 3.1408965242e-06, 3.39478538081e-06, 1.76413368536e-06, 4.53254369859e-06, 9.9757926364e-06, 8.29076543596e-06, 3.79859852728e-06, 3.74847559215e-07, 3.2435670505e-07, 2.37717117102e-07, 8.77564332313e-08, 9.68179918459e-08, 5.50222623019e-08, 6.21160438641e-08, 6.3453654775e-08, 6.10854939964e-08, 6.56788614606e-08, 7.36682608249e-08, 7.91130787547e-08, 7.63178231722e-09, 5.05689384478e-15, 1.24239272223e-16],
        "dvar2": [3.20404431875e-08, 0.000195702072233, 0.00029314274434, 0.000156579830218, 7.19091985957e-05, 7.93654635345e-06, 8.60807540448e-06, 4.52608674095e-06, 1.06155584945e-05, 2.84907146124e-05, 2.18922468775e-05, 8.98964935914e-06, 9.57564679993e-07, 8.31857278172e-07, 6.16241607077e-07, 2.1977119502e-07, 2.40289239173e-07, 1.41020251476e-07, 1.49603010868e-07, 1.57460831929e-07, 1.29523513692e-07, 1.53240620193e-07, 1.71376015601e-07, 1.75601130081e-07, 1.55190686968e-08, 1.204203363e-14, 3.6219560282e-16],
        "max": [0.0010620317189, 0.095681771636, 0.105971515179, 0.0572745986283, 0.0535164400935, 0.0258019305766, 0.0404802970588, 0.0244940966368, 0.0347385630012, 0.0418567657471, 0.0539226159453, 0.0340553186834, 0.0111095411703, 0.0117921372876, 0.00663491571322, 0.00679535325617, 0.00572225823998, 0.00696074264124, 0.00586915155873, 0.00572978891432, 0.00471394928172, 0.00450818007812, 0.00315433531068, 0.00958259496838, 0.00247269729152, 1.34799711304e-06, 2.27420628107e-07],
        "mean": [0.000107383348222, 0.0125440927222, 0.00389584805816, 0.0022892516572, 0.00365771842189, 0.00183235958684, 0.00204069493338, 0.00115164020099, 0.00252097193152, 0.00225411308929, 0.00176193669904, 0.00191213400103, 0.000703764031641, 0.000621405313723, 0.000714072259143, 0.000421984237619, 0.000414083624491, 0.00034609346767, 0.000394848233555, 0.000310306175379, 0.000367774482584, 0.00035348100937, 0.000295589852612, 0.000296202255413, 9.05892302399e-05, 6.57081002942e-08, 2.02917727066e-09],
        "median": [4.81809329358e-05, 0.00915367901325, 0.00111667951569, 0.000528251170181, 0.00218924530782, 0.00110108579975, 0.00117134582251, 0.000628830923233, 0.00147576595191, 0.000794674095232, 0.000767711841036, 0.00115223450121, 0.000474965374451, 0.000438359449618, 0.00053610780742, 0.000317056226777, 0.000301891035633, 0.000254333717749, 0.000282227265416, 0.000196850989596, 0.000248136610026, 0.000222077142098, 0.000130008571432, 0.000148136416101, 4.89945159643e-05, 3.53437776823e-08, 6.203709213e-10],
        "min": [6.89002543908e-09, 7.81842430797e-08, 1.19360104023e-08, 8.28462543012e-09, 1.44346188335e-08, 8.05755995259e-09, 7.8367978773e-09, 6.79317757601e-09, 7.64083907256e-09, 1.00653307911e-08, 2.17203588448e-08, 7.06620140178e-09, 3.48026629737e-09, 1.43433513955e-08, 1.02969757165e-08, 2.73982214694e-09, 4.3571253272e-09, 1.71594605192e-09, 5.20683318683e-09, 3.98457622452e-09, 3.41336447995e-09, 4.17935730468e-09, 8.03689914619e-09, 6.69430644251e-09, 1.76780501349e-09, 4.86224038462e-12, 4.93639374169e-12],
        "var": [2.25197585024e-08, 0.000155363624799, 7.47339363443e-05, 3.58040852007e-05, 2.28867575061e-05, 5.14841804033e-06, 6.74240664011e-06, 2.71843168775e-06, 1.04837436083e-05, 1.48809222082e-05, 1.44883561006e-05, 8.85866393219e-06, 6.72750502417e-07, 4.80423580029e-07, 3.82251528208e-07, 1.4396435688e-07, 1.60919427117e-07, 1.05426764208e-07, 1.73730285269e-07, 1.70868190708e-07, 1.83179778901e-07, 1.50546469513e-07, 1.45344884572e-07, 2.22057522592e-07, 2.10838848602e-08, 1.14255842268e-14, 7.09713686381e-17]
    },
    "erbbands": {
        "dmean": [0.163079544902, 1.75245523453, 3.80943155289, 8.60701847076, 8.18436908722, 10.3093061447, 9.47179412842, 10.6840715408, 15.402425766, 19.2283058167, 16.9151077271, 25.8393783569, 48.7523040771, 46.0642204285, 43.8086624146, 37.354347229, 17.6517219543, 20.3100986481, 20.3305873871, 15.4384050369, 12.0898313522, 9.48988246918, 8.17653274536, 9.67586612701, 7.10200834274, 6.82111883163, 6.89274644852, 6.48185110092, 6.4302406311, 5.75481414795, 5.74401378632, 3.79718708992, 2.40113115311, 0.964020729065, 0.10089545697, 0.00413998309523, 0.000192067076568, 2.52123718383e-05, 1.06056077129e-05, 1.65731362358e-05],
        "dmean2": [0.245805427432, 2.66141533852, 6.71472787857, 15.3279571533, 14.9272356033, 17.266740799, 15.6278219223, 17.7386035919, 25.5782089233, 31.2588157654, 27.5281658173, 41.6321640015, 78.810295105, 77.8166885376, 73.3497772217, 61.4658164978, 29.0204524994, 33.3096313477, 33.9421730042, 25.32056427, 20.1559391022, 15.2432746887, 13.1460723877, 15.5193271637, 11.3121681213, 10.6649570465, 10.6669216156, 9.96468925476, 9.6619758606, 8.46281147003, 8.71499633789, 5.39610815048, 3.38819503784, 1.3654859066, 0.152708083391, 0.00621502520517, 0.000275989528745, 3.50620466634e-05, 1.57025751832e-05, 2.64824666374e-05],
        "dvar": [0.0461125224829, 5.5106921196, 67.6325759888, 468.411529541, 387.992462158, 289.281890869, 318.239349365, 249.410583496, 610.669189453, 990.172790527, 975.40612793, 1389.66809082, 6238.14160156, 8484.87792969, 8254.65625, 3710.72631836, 730.58416748, 1083.30737305, 616.44128418, 498.892303467, 204.273925781, 172.656311035, 162.325119019, 178.650146484, 102.544143677, 172.331832886, 146.609924316, 106.678627014, 93.5658721924, 59.6758041382, 70.5896987915, 37.5377464294, 23.9008083344, 2.92277598381, 0.0188138242811, 3.26755725837e-05, 7.31236227125e-08, 1.27063348732e-09, 1.60350469014e-10, 4.45492226442e-10],
        "dvar2": [0.105539351702, 12.1207084656, 185.10824585, 1274.74841309, 1108.30212402, 773.906555176, 714.228271484, 649.170288086, 1622.33850098, 2373.90893555, 2492.90185547, 3273.30932617, 16294.7021484, 23976.5800781, 21143.9804688, 9248.09960938, 1904.25024414, 2720.51733398, 1660.47924805, 1261.95019531, 505.925048828, 419.592437744, 391.3515625, 436.375, 252.825210571, 432.920043945, 328.839324951, 240.923171997, 219.751495361, 140.448654175, 170.199325562, 83.1324691772, 52.7307395935, 5.46262788773, 0.0396640896797, 6.77509378875e-05, 1.4182720065e-07, 2.49197329438e-09, 3.59378166115e-10, 1.10420328436e-09],
        "max": [1.91751337051, 24.8906726837, 93.6822814941, 169.614181519, 147.146453857, 190.986846924, 388.287414551, 217.547454834, 576.694702148, 674.301818848, 726.253234863, 626.203308105, 1117.26489258, 1378.98974609, 1403.43664551, 905.531921387, 592.317626953, 663.147216797, 380.647857666, 325.499572754, 249.128890991, 232.076461792, 416.217895508, 229.938842773, 248.100219727, 340.427642822, 248.063323975, 258.076171875, 197.401351929, 81.7377166748, 114.59299469, 175.779495239, 149.287261963, 46.7625961304, 3.44583511353, 0.150777623057, 0.00631103478372, 0.000889689370524, 0.000231152167544, 0.000188854435692],
        "mean": [0.289517372847, 3.03415298462, 4.55070018768, 7.68765354156, 7.6376452446, 13.9830303192, 13.7701568604, 15.8577079773, 24.5781707764, 33.2126350403, 27.5814819336, 46.669342041, 76.6859436035, 71.4726638794, 76.7841186523, 71.267250061, 36.1386604309, 36.8560256958, 37.0780639648, 28.9066581726, 25.217130661, 20.9911079407, 19.1184978485, 21.9711971283, 16.9853172302, 14.9650602341, 15.9205198288, 13.7847890854, 12.3813343048, 9.85383415222, 8.66948890686, 6.66204738617, 4.58464002609, 1.89017283916, 0.168048396707, 0.007216676604, 0.000381884368835, 5.42182569916e-05, 3.27032357745e-05, 5.1890645409e-05],
        "median": [0.205962687731, 2.15186500549, 2.14965844154, 1.86958658695, 3.24140000343, 8.41336250305, 7.32754516602, 9.42478084564, 14.1976547241, 17.7175388336, 16.6622810364, 29.3422374725, 40.706943512, 31.901884079, 40.7624816895, 46.3330154419, 25.9323692322, 25.4338474274, 28.4303741455, 20.7010269165, 19.7157745361, 16.2485980988, 14.1342077255, 16.1316776276, 11.6999635696, 9.72087574005, 10.0659999847, 8.80908870697, 7.41477298737, 5.62967586517, 3.89161491394, 3.11653089523, 2.27851223946, 1.03371345997, 0.101623803377, 0.00433599948883, 0.000231707788771, 3.29444701492e-05, 2.77282924799e-05, 4.66320962005e-05],
        "min": [2.69352358373e-06, 1.54959016072e-05, 1.38752657222e-05, 3.0969393265e-05, 2.13409348362e-05, 8.00556372269e-05, 5.59088330192e-05, 6.81191304466e-05, 0.000149054016219, 9.2373440566e-05, 0.000143759796629, 0.000143892699271, 0.00059632549528, 0.000627161469311, 0.000682606711052, 0.000301270047203, 0.000237925007241, 0.000527090451214, 0.000699155090842, 0.000282474444248, 0.00018177551101, 0.000270711490884, 0.000105462095235, 0.000160909898113, 0.000217419437831, 0.000183199328603, 0.00019428745145, 0.000131239110488, 9.58015225478e-05, 0.000173766689841, 0.000244188995566, 0.000195558517589, 8.46952316351e-05, 3.2394174923e-05, 1.17404294997e-06, 7.45033617022e-08, 1.18853620279e-08, 3.32147398474e-09, 1.24885057851e-09, 6.2978999793e-10],
        "var": [0.0825479775667, 9.72765254974, 53.3183250427, 329.343048096, 244.315155029, 313.677886963, 489.764160156, 399.48223877, 961.339294434, 2742.52807617, 1470.54504395, 2958.02270508, 10379.609375, 12773.9013672, 15329.3974609, 7959.98144531, 1338.12963867, 1703.98083496, 978.27331543, 793.430725098, 385.312438965, 336.082000732, 343.435943604, 429.507781982, 318.98059082, 417.356048584, 414.615631104, 286.916778564, 205.119003296, 120.417671204, 130.133850098, 95.1338119507, 65.4666366577, 9.54918289185, 0.0488079749048, 9.01848688954e-05, 2.413986806e-07, 4.35669811338e-09, 4.10926737082e-10, 7.61466056876e-10]
    },
    "gfcc": {
        "mean": [38.0065803528, 114.361000061, -145.205932617, 55.0633354187, -77.7253494263, 38.6924552917, -30.985294342, 8.54884624481, -9.44571399689, -9.72337055206, 4.91839647293, -12.9358453751, 9.39078998566],
        "cov": [[1626.50817871, -212.496231079, 126.054542542, 101.904945374, -103.935661316, 27.8811988831, -58.6834716797, 2.12683439255, -74.7042388916, -31.2181396484, -47.1185836792, -15.9356422424, -60.0067710876], [-212.496231079, 318.791931152, -40.6610946655, -88.8863525391, 94.7966003418, -45.4444465637, 69.5177688599, -10.3815641403, 29.3886051178, -19.4123535156, 24.8528423309, -14.9873123169, 38.7204475403], [126.054542542, -40.6610946655, 230.717910767, 67.7862930298, -0.924095392227, 44.4604377747, -68.2666931152, 6.49074602127, -24.2508087158, -8.03664016724, -23.855840683, -14.429517746, -35.2887115479], [101.904945374, -88.8863525391, 67.7862930298, 155.923049927, 14.6308469772, -3.37882018089, -19.1457500458, -11.7472505569, 1.07049489021, 9.88013267517, -11.0325603485, -8.04870414734, -26.7727966309], [-103.935661316, 94.7966003418, -0.924095392227, 14.6308469772, 123.694923401, 36.3073883057, 44.3857841492, 20.7057647705, 12.8504343033, 3.45967078209, 17.280538559, -5.71129560471, 16.5045681], [27.8811988831, -45.4444465637, 44.4604377747, -3.37882018089, 36.3073883057, 118.607826233, 33.977519989, 14.7159337997, -2.48052382469, -6.40857219696, -2.83127474785, -2.25933551788, -7.11183834076], [-58.6834716797, 69.5177688599, -68.2666931152, -19.1457500458, 44.3857841492, 33.977519989, 135.992599487, 28.4871253967, 19.4012889862, 2.83498358727, 16.5107479095, 1.40926873684, 26.2673606873], [2.12683439255, -10.3815641403, 6.49074602127, -11.7472505569, 20.7057647705, 14.7159337997, 28.4871253967, 79.9480819702, 29.8481464386, 17.5077972412, 10.0697422028, 7.07665729523, 6.18737888336], [-74.7042388916, 29.3886051178, -24.2508087158, 1.07049489021, 12.8504343033, -2.48052382469, 19.4012889862, 29.8481464386, 74.8372802734, 26.6156578064, 15.7535915375, 0.872793734074, 4.82080459595], [-31.2181396484, -19.4123535156, -8.03664016724, 9.88013267517, 3.45967078209, -6.40857219696, 2.83498358727, 17.5077972412, 26.6156578064, 58.8439750671, 25.548532486, 12.8305606842, 8.19648075104], [-47.1185836792, 24.8528423309, -23.855840683, -11.0325603485, 17.280538559, -2.83127474785, 16.5107479095, 10.0697422028, 15.7535915375, 25.548532486, 59.7750778198, 21.6915550232, 11.2846765518], [-15.9356422424, -14.9873123169, -14.429517746, -8.04870414734, -5.71129560471, -2.25933551788, 1.40926873684, 7.07665729523, 0.872793734074, 12.8305606842, 21.6915550232, 44.7498321533, 21.4206066132], [-60.0067710876, 38.7204475403, -35.2887115479, -26.7727966309, 16.5045681, -7.11183834076, 26.2673606873, 6.18737888336, 4.82080459595, 8.19648075104, 11.2846765518, 21.4206066132, 50.4528198242]],
        "icov": [[0.00076377519872, -0.000352176546585, 0.000175230175955, -0.000922820065171, 0.00117549113929, -0.000702751858626, 0.000291499658488, -0.000909535272513, 0.00100577715784, 8.43500820338e-05, -5.52370183868e-05, 0.000232996724662, 9.13634430617e-05], [-0.000352176546585, 0.0265359953046, -0.0149182677269, 0.0237238965929, -0.0266749318689, 0.0274213775992, -0.0178218483925, 0.0206646025181, -0.0171623211354, 0.0104473894462, -0.00325734424405, 0.00219720415771, 0.000444669800345], [0.000175230175955, -0.0149182677269, 0.0163075886667, -0.0164775401354, 0.0152574395761, -0.019401056692, 0.0147809106857, -0.0148817179725, 0.0119598153979, -0.00547828990966, 0.00185913604219, 0.000786107033491, -0.000278721097857], [-0.000922820065171, 0.0237238965929, -0.0164775401354, 0.0311969053, -0.0275660455227, 0.0275189150125, -0.0179478880018, 0.0222318675369, -0.0171553902328, 0.00571042159572, 0.000606468238402, -0.0019388680812, 0.00663847243413], [0.00117549113929, -0.0266749318689, 0.0152574395761, -0.0275660455227, 0.0399706959724, -0.0316439010203, 0.017084563151, -0.0238923206925, 0.0179841965437, -0.0081034693867, -0.00236746831797, 0.00492490362376, -0.00755041372031], [-0.000702751858626, 0.0274213775992, -0.019401056692, 0.0275189150125, -0.0316439010203, 0.0412844642997, -0.0235647428781, 0.0225111208856, -0.0181075464934, 0.0103815291077, -0.000774601765443, -0.00227064732462, 0.00601232983172], [0.000291499658488, -0.0178218483925, 0.0147809106857, -0.0179478880018, 0.017084563151, -0.0235647428781, 0.02542328462, -0.0182711202651, 0.0115704042837, -0.00477167824283, -0.00078171340283, 0.00348147540353, -0.00670110806823], [-0.000909535272513, 0.0206646025181, -0.0148817179725, 0.0222318675369, -0.0238923206925, 0.0225111208856, -0.0182711202651, 0.034891679883, -0.020241279155, 0.00432786997408, 0.000148179969983, -0.00360217061825, 0.00339723401703], [0.00100577715784, -0.0171623211354, 0.0119598153979, -0.0171553902328, 0.0179841965437, -0.0181075464934, 0.0115704042837, -0.020241279155, 0.0311772730201, -0.0128488596529, 4.7497178457e-06, 0.00289773917757, -0.000470875529572], [8.43500820338e-05, 0.0104473894462, -0.00547828990966, 0.00571042159572, -0.0081034693867, 0.0103815291077, -0.00477167824283, 0.00432786997408, -0.0128488596529, 0.0303675513715, -0.0110199255869, 0.000619885337073, -0.00415544304997], [-5.52370183868e-05, -0.00325734424405, 0.00185913604219, 0.000606468238402, -0.00236746831797, -0.000774601765443, -0.00078171340283, 0.000148179969983, 4.7497178457e-06, -0.0110199255869, 0.0284707974643, -0.0146064888686, 0.00673370342702], [0.000232996724662, 0.00219720415771, 0.000786107033491, -0.0019388680812, 0.00492490362376, -0.00227064732462, 0.00348147540353, -0.00360217061825, 0.00289773917757, 0.000619885337073, -0.0146064888686, 0.0401510819793, -0.0193475410342], [9.13634430617e-05, 0.000444669800345, -0.000278721097857, 0.00663847243413, -0.00755041372031, 0.00601232983172, -0.00670110806823, 0.00339723401703, -0.000470875529572, -0.00415544304997, 0.00673370342702, -0.0193475410342, 0.0367335900664]]
    },
    "melbands": {
        "dmean": [0.00182660168502, 0.00197550235316, 0.00140060076956, 0.000654123199638, 0.000357416312909, 0.000236935869907, 0.000235453495407, 0.000194200329133, 0.000142570846947, 0.000190016071429, 0.000254563841736, 0.000200864567887, 0.000166406403878, 0.000119614749565, 7.06611026544e-05, 3.86935207644e-05, 3.82595935662e-05, 3.44687468896e-05, 2.27891632676e-05, 1.76503253897e-05, 1.57420581672e-05, 1.07220485006e-05, 1.05591743704e-05, 8.57500344864e-06, 8.76877766132e-06, 6.86456905896e-06, 4.26188398706e-06, 5.12508813699e-06, 4.8749175221e-06, 4.04393085773e-06, 4.22330549554e-06, 4.05174614571e-06, 3.65221035281e-06, 3.0663918551e-06, 3.56412829206e-06, 3.00693500321e-06, 2.19539697355e-06, 1.79549169843e-06, 1.43400893649e-06, 6.73454053413e-07],
        "dmean2": [0.00276417192072, 0.00331549439579, 0.00248413626105, 0.00113372527994, 0.000595121877268, 0.000390535220504, 0.000388661777833, 0.000317029684084, 0.000231796089793, 0.000306917208945, 0.000412949710153, 0.000338553771144, 0.000281205080682, 0.000194593929336, 0.000117622868856, 6.35438555037e-05, 6.29378919257e-05, 5.75939702685e-05, 3.79616576538e-05, 2.88999399345e-05, 2.65942653641e-05, 1.75751756615e-05, 1.71813098859e-05, 1.42838189277e-05, 1.42054132084e-05, 1.12561237984e-05, 6.87520650899e-06, 8.16137162474e-06, 7.71239047026e-06, 6.27639019513e-06, 6.75176488585e-06, 6.27321651336e-06, 5.56356371817e-06, 4.62701382276e-06, 5.58983629162e-06, 4.52818403573e-06, 3.11597318614e-06, 2.61791865341e-06, 2.10498592423e-06, 1.00226998256e-06],
        "dvar": [5.89765340919e-06, 1.05630015241e-05, 1.21219318316e-05, 1.63933066233e-06, 3.73090983885e-07, 1.18186349596e-07, 1.33988777407e-07, 9.51295788809e-08, 6.59538557102e-08, 7.21823312233e-08, 1.6363490829e-07, 1.73944556536e-07, 1.63587230873e-07, 6.40592574541e-08, 1.02990282969e-08, 3.76735798113e-09, 3.76253206369e-09, 1.72118896913e-09, 1.08506803542e-09, 7.54556694904e-10, 3.98173494176e-10, 2.26570096018e-10, 2.31904523362e-10, 1.83828036127e-10, 1.53986684515e-10, 1.20013901594e-10, 4.20465051665e-11, 1.18981172137e-10, 9.15119299782e-11, 3.46993996037e-11, 5.0181754585e-11, 4.21735250888e-11, 2.24258979442e-11, 2.0920471952e-11, 3.06316465248e-11, 2.23077840922e-11, 1.32359583363e-11, 1.44960189685e-11, 9.63828582917e-12, 1.31884184563e-12],
        "dvar2": [1.31623019115e-05, 2.80734275293e-05, 3.28806308971e-05, 4.57110081697e-06, 8.7938968818e-07, 3.07955644985e-07, 3.55050332246e-07, 2.30886200825e-07, 1.68642344534e-07, 1.70186510218e-07, 4.29971322546e-07, 4.97920382259e-07, 4.33560757074e-07, 1.55282251058e-07, 2.50030840476e-08, 9.82091563628e-09, 9.35538224667e-09, 4.63855975852e-09, 2.74501932296e-09, 1.89217752578e-09, 9.89700099652e-10, 5.55767210031e-10, 5.47875245172e-10, 4.76225114898e-10, 3.81958187301e-10, 2.95763774583e-10, 1.07925286763e-10, 3.09120035125e-10, 2.17303328109e-10, 7.38181876736e-11, 1.19933216136e-10, 1.01129819796e-10, 5.36537619888e-11, 5.05306733956e-11, 7.80618833462e-11, 5.18735471244e-11, 2.87856873754e-11, 3.38181080362e-11, 1.76699280208e-11, 2.85128301178e-12],
        "max": [0.0224232710898, 0.035821210593, 0.0259728245437, 0.0137200811878, 0.0112001625821, 0.00450522918254, 0.00894228927791, 0.00602550804615, 0.00639294926077, 0.00394012778997, 0.00545111251995, 0.00632299715653, 0.00712753739208, 0.00443807896227, 0.00183506042231, 0.000959910568781, 0.00115512893535, 0.000648545392323, 0.000615687749814, 0.000650645873975, 0.000405049941037, 0.000271340162726, 0.000264368223725, 0.000369773886632, 0.000201022849069, 0.000254609331023, 0.000151206870214, 0.00029113329947, 0.000203322095331, 0.000112606539915, 0.000167582344147, 0.00013378688891, 5.72192911932e-05, 5.07957229274e-05, 7.32769476599e-05, 8.45655595185e-05, 0.000104633050796, 0.000104985978396, 9.55337600317e-05, 3.21930820064e-05],
        "mean": [0.00320041552186, 0.00313066411763, 0.0012747439323, 0.000785076234024, 0.000528925505932, 0.000356798351277, 0.000389319960959, 0.000333099218551, 0.00022570323199, 0.000330917828251, 0.000391958659748, 0.000292949116556, 0.000269638752798, 0.000214376283111, 0.000130596192321, 6.94004193065e-05, 6.46953340038e-05, 5.9193578636e-05, 4.17278934037e-05, 3.25306245941e-05, 2.9406761314e-05, 2.13196635741e-05, 2.00991908059e-05, 1.68874248629e-05, 1.78746613528e-05, 1.44841806105e-05, 9.4561246442e-06, 9.98675022856e-06, 1.02927897387e-05, 8.52477387525e-06, 8.01386249805e-06, 7.31829322831e-06, 6.29859187029e-06, 4.93738616569e-06, 5.08058201376e-06, 4.5495453378e-06, 3.8993725866e-06, 3.31568230649e-06, 2.66631809609e-06, 1.24577252336e-06],
        "median": [0.00238437438384, 0.0020443610847, 0.000359369325452, 0.000428056519013, 0.00030118986615, 0.000215838910663, 0.000233168131672, 0.000181957075256, 0.000133947920403, 0.00019771544612, 0.000203947987757, 0.000112387351692, 0.000125338716316, 0.000112933688797, 9.49281529756e-05, 4.75051747344e-05, 4.34441208199e-05, 4.46961566922e-05, 3.02026928694e-05, 2.27596174227e-05, 2.24118739425e-05, 1.61131247296e-05, 1.39947896969e-05, 1.21551447592e-05, 1.27124048959e-05, 9.63972615864e-06, 6.50731954011e-06, 6.08906930211e-06, 6.2303302002e-06, 5.53786412638e-06, 4.92312437927e-06, 4.06925846619e-06, 4.08031746701e-06, 2.43456020144e-06, 2.27948407883e-06, 1.9223232357e-06, 1.84458235708e-06, 1.62812091276e-06, 1.35023390158e-06, 7.00048872204e-07],
        "min": [2.34600481264e-08, 1.24480665775e-08, 4.40422764925e-09, 3.59281115969e-09, 2.51390153139e-09, 1.50338930194e-09, 2.0666057754e-09, 9.81395964494e-10, 9.36201338675e-10, 9.91003279438e-10, 2.86329204791e-09, 2.2488235718e-09, 2.73690559105e-09, 9.0121970997e-10, 8.04687483313e-10, 4.19197482282e-10, 8.05591593434e-10, 1.12090037252e-09, 6.81832146299e-10, 1.89262189254e-10, 1.99684754842e-10, 3.47298412251e-10, 9.29459634258e-11, 6.62646812422e-11, 1.20458656938e-10, 1.59756638474e-10, 2.32222713281e-11, 1.03166496179e-10, 1.04273145674e-10, 7.99950175545e-11, 7.45725911577e-11, 3.5840708873e-11, 1.06178732473e-10, 8.04599234461e-11, 9.01955524157e-11, 1.35873992613e-10, 1.09650802327e-10, 6.40865693846e-11, 4.51981230221e-11, 1.58627260632e-11],
        "var": [1.00012848634e-05, 1.19743845062e-05, 8.48841227707e-06, 1.32540390041e-06, 5.30067154614e-07, 1.90479241269e-07, 2.17584599227e-07, 2.49926273455e-07, 1.00259711644e-07, 1.63567193567e-07, 2.72459715234e-07, 2.54905899055e-07, 2.81392658508e-07, 1.48949936829e-07, 1.97476133224e-08, 6.70405064795e-09, 5.76352121584e-09, 2.6692126287e-09, 1.74132264164e-09, 1.14294351761e-09, 6.46994180453e-10, 3.7941844111e-10, 4.60911503408e-10, 3.00157204647e-10, 3.27825461222e-10, 2.91050794576e-10, 1.05245701043e-10, 2.42723174892e-10, 2.1733011224e-10, 1.004357153e-10, 1.11049149043e-10, 8.60844728834e-11, 4.18070821018e-11, 3.78290385128e-11, 4.69255849456e-11, 4.37655016394e-11, 3.50193207765e-11, 3.47399435607e-11, 2.765862539e-11, 3.60014904173e-12]
    },
    "mfcc": {
        "mean": [-577.669128418, 109.857543945, 5.01952791214, 10.6203794479, 0.0819127857685, 11.5319976807, 5.95382070541, 9.76187324524, 3.74343299866, 3.61002707481, 1.23387145996, 2.81279706955, 0.481971383095],
        "cov": [[1575.20239258, -247.923706055, 121.655769348, 34.7410202026, -34.3025360107, -3.12887120247, -13.7482919693, 10.6983060837, -47.0146713257, 4.5836648941, -50.1501960754, -6.3995423317, -18.9202022552], [-247.923706055, 391.648162842, -110.079162598, -32.7733192444, -1.39459478855, -19.3535270691, 37.5515289307, 10.175989151, 36.2806472778, -11.9743947983, 22.8476467133, -8.56276130676, 3.47073483467], [121.655769348, -110.079162598, 233.502685547, 10.7254571915, 56.8898468018, 10.6924085617, -24.1185817719, -7.21207284927, -26.0838489532, -6.36991930008, -11.011095047, -4.44494247437, -12.1607885361], [34.7410202026, -32.7733192444, 10.7254571915, 144.9793396, 15.9246034622, -0.799694418907, -9.37333106995, -18.5425949097, 1.50031006336, -6.01379680634, 14.2537870407, 4.21222639084, 3.25718545914], [-34.3025360107, -1.39459478855, 56.8898468018, 15.9246034622, 120.612419128, 14.1772584915, 3.76128411293, 2.46132087708, -5.25043487549, 6.88380622864, 3.45767331123, 5.02623414993, 5.79943752289], [-3.12887120247, -19.3535270691, 10.6924085617, -0.799694418907, 14.1772584915, 92.2233123779, 33.8717880249, 14.168806076, 5.47119760513, 9.38741779327, -4.89212799072, -5.48371505737, 2.63508415222], [-13.7482919693, 37.5515289307, -24.1185817719, -9.37333106995, 3.76128411293, 33.8717880249, 99.3489685059, 32.0034179688, 20.8072814941, 4.72088861465, 4.49641990662, 1.25613677502, 5.14927148819], [10.6983060837, 10.175989151, -7.21207284927, -18.5425949097, 2.46132087708, 14.168806076, 32.0034179688, 67.5723876953, 25.5472164154, 14.4799823761, 5.68307352066, -1.00608062744, 4.45288896561], [-47.0146713257, 36.2806472778, -26.0838489532, 1.50031006336, -5.25043487549, 5.47119760513, 20.8072814941, 25.5472164154, 71.428855896, 18.2802448273, 15.3878602982, 1.78746652603, 1.3988673687], [4.5836648941, -11.9743947983, -6.36991930008, -6.01379680634, 6.88380622864, 9.38741779327, 4.72088861465, 14.4799823761, 18.2802448273, 66.4047470093, 10.2438154221, 10.9963617325, 5.51022434235], [-50.1501960754, 22.8476467133, -11.011095047, 14.2537870407, 3.45767331123, -4.89212799072, 4.49641990662, 5.68307352066, 15.3878602982, 10.2438154221, 56.270980835, 18.4694652557, 7.85183763504], [-6.3995423317, -8.56276130676, -4.44494247437, 4.21222639084, 5.02623414993, -5.48371505737, 1.25613677502, -1.00608062744, 1.78746652603, 10.9963617325, 18.4694652557, 50.3902816772, 15.7726268768], [-18.9202022552, 3.47073483467, -12.1607885361, 3.25718545914, 5.79943752289, 2.63508415222, 5.14927148819, 4.45288896561, 1.3988673687, 5.51022434235, 7.85183763504, 15.7726268768, 46.1461830139]],
