{
"lowlevel": {
    "average_loudness": 0.888137698174,
    "barkbands_crest": {
        "dmean": 1.95541024208,
        "dmean2": 3.02079367638,
        "dvar": 4.66330957413,
        "dvar2": 10.7444286346,
        "max": 26.1584320068,
        "mean": 11.0880718231,
        "median": 8.99138355255,
        "min": 3.00805425644,
        "var": 36.2163925171
    },
    "barkbands_flatness_db": {
        "dmean": 0.0163086093962,
        "dmean2": 0.0243439152837,
        "dvar": 0.000248207943514,
        "dvar2": 0.000484633696033,
        "max": 0.466287583113,
        "mean": 0.208371311426,
        "median": 0.186955466866,
        "min": 0.0695823505521,
        "var": 0.0062527214177
    },
    "barkbands_kurtosis": {
        "dmean": 1.39412951469,
        "dmean2": 2.05858135223,
        "dvar": 8.19263362885,
        "dvar2": 15.6152944565,
        "max": 81.330909729,
        "mean": 2.71769666672,
        "median": 0.295440196991,
        "min": -1.77165591717,
        "var": 50.2028121948
    },
    "barkbands_skewness": {
        "dmean": 0.328762352467,
        "dmean2": 0.468444943428,
        "dvar": 0.132642760873,
        "dvar2": 0.232670739293,
        "max": 7.91314697266,
        "mean": 0.90919905901,
        "median": 0.706670105457,
        "min": -3.92844295502,
        "var": 1.685500741
    },
    "barkbands_spread": {
        "dmean": 3.56440353394,
        "dmean2": 5.27296829224,
        "dvar": 27.1392631531,
        "dvar2": 57.8893127441,
        "max": 81.5449295044,
        "mean": 18.3454685211,
        "median": 17.135433197,
        "min": 1.09789705276,
        "var": 135.891998291
    },
    "dissonance": {
        "dmean": 0.0232571680099,
        "dmean2": 0.0391763299704,
        "dvar": 0.000783890194725,
        "dvar2": 0.0021622874774,
        "max": 0.499868571758,
        "mean": 0.447180181742,
        "median": 0.463745176792,
        "min": 0.164142593741,
        "var": 0.00250489264727
    },
    "dynamic_complexity": 2.80149292946,
    "erbbands_crest": {
        "dmean": 2.44456911087,
        "dmean2": 3.77147555351,
        "dvar": 6.17900514603,
        "dvar2": 13.9251937866,
        "max": 32.0880126953,
        "mean": 12.9803686142,
        "median": 10.5047903061,
        "min": 2.91185903549,
        "var": 54.1454696655
    },
    "erbbands_flatness_db": {
        "dmean": 0.0133700175211,
        "dmean2": 0.0184476133436,
        "dvar": 0.000191967221326,
        "dvar2": 0.000323784013744,
        "max": 0.491450816393,
        "mean": 0.260228872299,
        "median": 0.243071481586,
        "min": 0.113270029426,
        "var": 0.00543929031119
    },
    "erbbands_kurtosis": {
        "dmean": 1.01467657089,
        "dmean2": 1.52905261517,
        "dvar": 3.43574619293,
        "dvar2": 7.19375276566,
        "max": 44.8412742615,
        "mean": 1.61834776402,
        "median": 0.21161031723,
        "min": -1.77108490467,
        "var": 19.2130241394
    },
    "erbbands_skewness": {
        "dmean": 0.31510284543,
        "dmean2": 0.454353183508,
        "dvar": 0.112961083651,
        "dvar2": 0.218260079622,
        "max": 5.91921901703,
        "mean": 0.508015215397,
        "median": 0.262787729502,
        "min": -2.77401852608,
        "var": 1.29482400417
    },
    "erbbands_spread": {
        "dmean": 4.36966466904,
        "dmean2": 6.22373485565,
        "dvar": 36.8280906677,
        "dvar2": 72.9672393799,
        "max": 104.968826294,
        "mean": 25.181388855,
        "median": 22.0902271271,
        "min": 2.63630843163,
        "var": 242.936477661
    },
    "hfc": {
        "dmean": 5.75574827194,
        "dmean2": 7.94464874268,
        "dvar": 135.342193604,
        "dvar2": 281.856567383,
        "max": 288.764709473,
        "mean": 26.3691692352,
        "median": 23.8369579315,
        "min": 0.00119038752746,
        "var": 427.079040527
    },
    "melbands_crest": {
        "dmean": 2.4157242775,
        "dmean2": 3.70597982407,
        "dvar": 6.23913145065,
        "dvar2": 14.2432785034,
        "max": 35.3882064819,
        "mean": 14.091960907,
        "median": 11.7648038864,
        "min": 3.45586419106,
        "var": 53.3542633057
    },
    "melbands_flatness_db": {
        "dmean": 0.0156421735883,
        "dmean2": 0.0215418636799,
        "dvar": 0.000295391684631,
        "dvar2": 0.000499619694892,
        "max": 0.438430935144,
        "mean": 0.193912014365,
        "median": 0.170212373137,
        "min": 0.0319290086627,
        "var": 0.0065418286249
    },
    "melbands_kurtosis": {
        "dmean": 2.39764165878,
        "dmean2": 3.60291695595,
        "dvar": 25.5887088776,
        "dvar2": 54.7967414856,
        "max": 130.534729004,
        "mean": 6.6634516716,
        "median": 2.46348714828,
        "min": -1.74799203873,
        "var": 180.259170532
    },
    "melbands_skewness": {
        "dmean": 0.358747929335,
        "dmean2": 0.515020787716,
        "dvar": 0.169749438763,
        "dvar2": 0.314365833998,
        "max": 9.14598083496,
        "mean": 1.58150708675,
        "median": 1.30428421497,
        "min": -1.21497416496,
        "var": 2.23330926895
    },
    "melbands_spread": {
        "dmean": 6.15199184418,
        "dmean2": 8.973985672,
        "dvar": 110.091873169,
        "dvar2": 197.518554688,
        "max": 251.096481323,
        "mean": 29.3981685638,
        "median": 26.2950611115,
        "min": 1.31251490116,
        "var": 521.809692383
    },
    "pitch_salience": {
        "dmean": 0.0488115735352,
        "dmean2": 0.0761430859566,
        "dvar": 0.00222744233906,
        "dvar2": 0.00535504566506,
        "max": 0.796641051769,
        "mean": 0.518290817738,
        "median": 0.541673660278,
        "min": 0.104584105313,
        "var": 0.0183889549226
    },
    "silence_rate_20dB": {
        "dmean": 0,
        "dmean2": 0,
        "dvar": 0,
        "dvar2": 0,
        "max": 1,
        "mean": 1,
        "median": 1,
        "min": 1,
        "var": 0
    },
    "silence_rate_30dB": {
        "dmean": 0,
        "dmean2": 0,
        "dvar": 0,
        "dvar2": 0,
        "max": 1,
        "mean": 1,
        "median": 1,
        "min": 1,
        "var": 0
    },
    "silence_rate_60dB": {
        "dmean": 0.0131680862978,
        "dmean2": 0.0263463780284,
        "dvar": 0.0129946712404,
        "dvar2": 0.0279770288616,
        "max": 1,
        "mean": 0.0646535009146,
        "median": 0,
        "min": 0,
        "var": 0.0604741796851
    },
    "spectral_centroid": {
        "dmean": 184.308731079,
        "dmean2": 261.720397949,
        "dvar": 51462.7265625,
        "dvar2": 96389.3359375,
        "max": 5790.47460938,
        "mean": 1659.28283691,
        "median": 1665.29589844,
        "min": 470.988250732,
        "var": 389092.4375
    },
    "spectral_complexity": {
        "dmean": 2.49961280823,
        "dmean2": 3.79077887535,
        "dvar": 7.87427377701,
        "dvar2": 14.1569223404,
        "max": 56,
        "mean": 17.2582263947,
        "median": 18,
        "min": 0,
        "var": 79.5682983398
    },
    "spectral_decrease": {
        "dmean": 8.48002779108e-10,
        "dmean2": 1.19898990736e-09,
        "dvar": 1.02088470192e-18,
        "dvar2": 2.05490234363e-18,
        "max": -1.2417150641e-13,
        "mean": -5.03143438024e-09,
        "median": -4.94954388586e-09,
        "min": -1.7320548551e-08,
        "var": 7.5983065718e-18
    },
    "spectral_energy": {
        "dmean": 0.0036344602704,
        "dmean2": 0.00510452175513,
        "dvar": 1.85501576198e-05,
        "dvar2": 3.72725917259e-05,
        "max": 0.0688407346606,
        "mean": 0.0213815476745,
        "median": 0.020946437493,
        "min": 5.76622824155e-07,
        "var": 0.000138150338898
    },
    "spectral_energyband_high": {
        "dmean": 0.000291464442853,
        "dmean2": 0.000412932160543,
        "dvar": 1.6219871668e-06,
        "dvar2": 3.35961863129e-06,
        "max": 0.0328405313194,
        "mean": 0.000555044738576,
        "median": 0.00024384324206,
        "min": 1.72278369348e-08,
        "var": 2.44345255851e-06
    },
    "spectral_energyband_low": {
        "dmean": 0.000360287027434,
        "dmean2": 0.000569235009607,
        "dvar": 4.76528668969e-07,
        "dvar2": 1.19040464597e-06,
        "max": 0.0188040044159,
        "mean": 0.00128082802985,
        "median": 0.000438644201495,
        "min": 2.26065495212e-08,
        "var": 4.67851577923e-06
    },
    "spectral_energyband_middle_high": {
        "dmean": 0.00265606073663,
        "dmean2": 0.00352962734178,
        "dvar": 1.32860404847e-05,
        "dvar2": 2.33596310864e-05,
        "max": 0.0537570044398,
        "mean": 0.0119782276452,
        "median": 0.00731746898964,
        "min": 4.88480907279e-07,
        "var": 0.000132711109472
    },
    "spectral_energyband_middle_low": {
        "dmean": 0.00217630714178,
        "dmean2": 0.0031929644756,
        "dvar": 1.16329902085e-05,
        "dvar2": 2.4498836865e-05,
        "max": 0.0602480098605,
        "mean": 0.00857883132994,
        "median": 0.00718594249338,
        "min": 5.22645358103e-08,
        "var": 4.90546990477e-05
    },
    "spectral_entropy": {
        "dmean": 0.131640344858,
        "dmean2": 0.177613824606,
        "dvar": 0.0191606283188,
        "dvar2": 0.029908914119,
        "max": 8.50749015808,
        "mean": 7.05354738235,
        "median": 7.16442251205,
        "min": 5.142121315,
        "var": 0.365619778633
    },
    "spectral_flux": {
        "dmean": 0.0220246631652,
        "dmean2": 0.0347630903125,
        "dvar": 0.000578709528781,
        "dvar2": 0.00139056250919,
        "max": 0.233375668526,
        "mean": 0.0668242797256,
        "median": 0.0557111203671,
        "min": 0.000759356829803,
        "var": 0.00170379935298
    },
    "spectral_kurtosis": {
        "dmean": 2.61952924728,
        "dmean2": 4.56400251389,
        "dvar": 6.88489341736,
        "dvar2": 20.6635303497,
        "max": 41.4357795715,
        "mean": 5.0202870369,
        "median": 4.11514043808,
        "min": -1.43587994576,
        "var": 15.716791153
    },
    "spectral_rms": {
        "dmean": 0.000393500551581,
        "dmean2": 0.000539838452823,
        "dvar": 1.88527693012e-07,
        "dvar2": 3.23682570524e-07,
        "max": 0.00819522421807,
        "mean": 0.00432934705168,
        "median": 0.00452056946233,
        "min": 2.37183230638e-05,
        "var": 2.11677843254e-06
    },
    "spectral_rolloff": {
        "dmean": 409.659240723,
        "dmean2": 682.797973633,
        "dvar": 749675,
        "dvar2": 1604036.125,
        "max": 9776.07421875,
        "mean": 2055.07495117,
        "median": 1787.25585938,
        "min": 150.732421875,
        "var": 2173630
    },
    "spectral_skewness": {
        "dmean": 0.286575555801,
        "dmean2": 0.479745358229,
        "dvar": 0.0667384415865,
        "dvar2": 0.188242226839,
        "max": 4.4788646698,
        "mean": 1.41155660152,
        "median": 1.33205902576,
        "min": -0.118421755731,
        "var": 0.290115565062
    },
    "spectral_spread": {
        "dmean": 340641.125,
        "dmean2": 484137.96875,
        "dvar": 329567764480,
        "dvar2": 501623226368,
        "max": 13029683,
        "mean": 3331656.25,
        "median": 3034810.5,
        "min": 1418603.25,
        "var": 1.56566749184e+12
    },
    "spectral_strongpeak": {
        "dmean": 0.876147985458,
        "dmean2": 1.43649220467,
        "dvar": 1.72426199913,
        "dvar2": 4.22798776627,
        "max": 17.3783168793,
        "mean": 2.669942379,
        "median": 1.90424096584,
        "min": 0.000855749938637,
        "var": 5.82984685898
    },
    "zerocrossingrate": {
        "dmean": 0.00833255145699,
        "dmean2": 0.00934904441237,
        "dvar": 0.000189511323697,
        "dvar2": 0.000192309627892,
        "max": 0.37060546875,
        "mean": 0.0691247805953,
        "median": 0.06591796875,
        "min": 0.009765625,
        "var": 0.00150441436563
    },
    "barkbands": {
        "dmean": [2.66635129265e-06, 0.000119022843137, 0.000210302576306, 0.000161262156325, 0.000273760524578, 0.000600657658651, 0.000627189816441, 0.000452907755971, 0.000658839649986, 0.001169219031, 0.00064559886232, 0.00072480092058, 0.00041537208017, 0.000298322702292, 0.000716795038898, 0.000388398213545, 0.000248950294917, 0.000217999928282, 0.000328532099957, 0.000152885273565, 5.10631580255e-05, 2.74418798654e-05, 3.95827446482e-05, 0.000138370218338, 3.2004492823e-05, 2.63927422139e-08, 8.54511739146e-10],
        "dmean2": [4.57480564364e-06, 0.000193470550585, 0.000323579908581, 0.00027137514553, 0.000418450974394, 0.000951425347012, 0.000971887086052, 0.000637995603029, 0.000894381082617, 0.00174352689646, 0.00092723738635, 0.00097042566631, 0.000619822996669, 0.000451207219157, 0.00108624191489, 0.00055393949151, 0.00037464190973, 0.000330595881678, 0.000474228232633, 0.000226401723921, 7.41042676964e-05, 4.04610582336e-05, 5.82654793106e-05, 0.00020780225168, 4.90628626721e-05, 4.27444888373e-08, 1.58347979173e-09],
        "dvar": [3.26443760912e-10, 6.96120494581e-08, 2.51794546102e-07, 8.03300324037e-08, 1.93491501932e-07, 3.23975564243e-06, 3.15879083246e-06, 1.00064369235e-06, 2.90264165415e-06, 5.12974611411e-06, 6.38627852823e-06, 6.87186548021e-06, 1.85105307082e-06, 7.6489084222e-07, 2.71623503068e-06, 9.04548414837e-07, 3.05633562903e-07, 1.85403308706e-07, 4.99479654081e-07, 9.47012068764e-08, 1.22549446147e-08, 7.42306260904e-09, 4.21333261613e-08, 8.67161475071e-07, 4.21347650104e-08, 3.38466810189e-14, 1.18475424775e-18],
        "dvar2": [8.40614744479e-10, 1.88878345853e-07, 5.4890466572e-07, 2.26919098623e-07, 4.58565352801e-07, 8.76050398801e-06, 7.67580513639e-06, 1.95703455574e-06, 4.2943029257e-06, 1.02438334579e-05, 1.0676056263e-05, 9.9675862657e-06, 4.04679303756e-06, 1.43052113799e-06, 6.21462049821e-06, 1.72313605162e-06, 6.74229113429e-07, 4.03401685389e-07, 1.02290539417e-06, 2.007725044e-07, 2.43673774492e-08, 1.45440335331e-08, 6.82700900256e-08, 1.99998294192e-06, 9.11513140522e-08, 8.54612875693e-14, 3.697169361e-18],
        "max": [0.000706724531483, 0.00403578206897, 0.0172918885946, 0.00450174650177, 0.00726955197752, 0.0549371503294, 0.0440604090691, 0.0244022086263, 0.0393637642264, 0.0422239713371, 0.0472586117685, 0.0471726134419, 0.0411810092628, 0.0228637699038, 0.0287129692733, 0.0196711830795, 0.0132422344759, 0.0080832876265, 0.0105146290734, 0.00543217360973, 0.00164557213429, 0.00381573452614, 0.00831416994333, 0.0257479827851, 0.00505315512419, 4.91749642606e-06, 9.97580507089e-09],
        "mean": [2.51715778177e-06, 0.000259018706856, 0.000822626636364, 0.000377699907403, 0.000893493765034, 0.00150044925977, 0.00119927630294, 0.00136123027187, 0.00197708560154, 0.00394330220297, 0.00100219296291, 0.00151367962826, 0.000804780749604, 0.000742141332012, 0.00167933350895, 0.000805941934232, 0.000508410681505, 0.00048310670536, 0.000741359544918, 0.000317922938848, 0.000100411765743, 5.63052126381e-05, 7.0470123319e-05, 0.000181553376024, 3.72119611711e-05, 2.77167515605e-08, 7.11815273391e-10],
        "median": [4.41170755039e-07, 4.76151617477e-05, 9.52617847361e-05, 0.000154322595336, 0.000534549704753, 0.000841908855364, 0.000564096204471, 0.000462566327769, 0.000394179514842, 0.0011657733703, 0.000130933825858, 0.000193854531972, 0.000241387766437, 0.000134935326059, 0.000284733454464, 0.000188597492524, 0.000222197617404, 0.000192043400602, 0.00027064915048, 0.000140765609103, 4.18154122599e-05, 2.83104236587e-05, 2.06385648198e-05, 2.58087075053e-05, 1.64767050137e-06, 1.4683024796e-09, 2.73236766546e-10],
        "min": [4.39522272744e-11, 4.62819782499e-09, 1.42107783319e-08, 4.98743757404e-09, 8.34131785865e-09, 7.4770536429e-09, 1.97407579172e-09, 3.51588647085e-09, 5.16058618061e-09, 2.6982643675e-08, 1.31981664708e-07, 1.18119891646e-09, 1.91006730432e-08, 5.99498450882e-09, 2.52277754242e-09, 1.05724040633e-09, 1.39147900313e-07, 1.75440497685e-08, 4.97447238956e-08, 1.27690462648e-08, 2.58446708479e-09, 8.58466908671e-10, 1.62234414791e-09, 3.69867758643e-09, 1.37226176603e-11, 6.04170359575e-12, 9.57858358602e-12],
        "var": [2.57836252349e-10, 1.7349171344e-07, 3.26625468006e-06, 3.30408596483e-07, 1.08759786599e-06, 4.74409171147e-06, 4.63020114694e-06, 5.66222524867e-06, 2.51413021033e-05, 5.94040830038e-05, 1.43492770803e-05, 2.50389548455e-05, 3.78761251341e-06, 3.91740013583e-06, 1.21990497064e-05, 3.10858422381e-06, 8.86837881353e-07, 6.16823569999e-07, 1.31651711399e-06, 2.4411792765e-07, 2.57747831967e-08, 1.49106327285e-08, 7.33469391889e-08, 1.0274984561e-06, 5.37617594887e-08, 3.74462999942e-14, 1.05722057488e-18]
    },
    "erbbands": {
        "dmean": [0.00196900358424, 0.0330492593348, 0.18649713695, 0.439396768808, 0.591081798077, 0.836230635643, 3.02747869492, 5.62464141846, 8.82335853577, 8.0852394104, 10.4071922302, 16.7534351349, 28.1114654541, 36.3225440979, 21.6596050262, 25.6987438202, 21.0969944, 13.0992193222, 40.2687187195, 17.1111335754, 20.1697864532, 10.1971206665, 8.64636993408, 15.3217811584, 15.6004686356, 7.0602555275, 2.49258756638, 1.65692865849, 0.858821451664, 1.24121367931, 1.11517059803, 2.2943379879, 2.52644729614, 0.667945921421, 0.037648063153, 0.00172673282214, 0.00010403880151, 1.56311598403e-05, 5.21576566825e-06, 5.37981441084e-06],
        "dmean2": [0.00315526756458, 0.0537891350687, 0.29009193182, 0.727222144604, 0.939016461372, 1.31952619553, 4.48008537292, 9.2562046051, 13.733423233, 12.1616926193, 14.1879796982, 22.0762939453, 39.6456832886, 48.5653152466, 28.7704162598, 33.8152694702, 30.5004577637, 18.9725894928, 59.9142532349, 24.3848323822, 28.1012630463, 14.8233242035, 12.7850761414, 22.3832607269, 22.0466003418, 10.6155548096, 3.59304022789, 2.39623451233, 1.25261747837, 1.86297547817, 1.60185062885, 3.40732645988, 3.75097346306, 1.01180648804, 0.0538574829698, 0.00246274285018, 0.000149924046127, 2.25353342103e-05, 7.40498217056e-06, 7.59396652938e-06],
        "dvar": [2.97722053801e-05, 0.00517981639132, 0.196150660515, 0.672835946083, 1.17186248302, 2.46341776848, 55.9108657837, 319.556854248, 735.785095215, 473.53616333, 505.845794678, 1907.8572998, 4299.51757812, 5817.94384766, 5038.15087891, 4914.02685547, 4638.20068359, 920.410827637, 8099.97753906, 1764.05175781, 2704.55249023, 464.226074219, 281.59866333, 1106.60705566, 1091.04797363, 169.445068359, 22.446264267, 16.0040626526, 4.73334932327, 69.2802200317, 24.4105911255, 250.226913452, 246.866424561, 16.5558338165, 0.0748075991869, 0.000149568397319, 4.33947661804e-07, 8.5235711822e-09, 4.7103493328e-10, 9.6235470981e-11],
        "dvar2": [7.92896826169e-05, 0.0141584863886, 0.442980200052, 1.8693010807, 2.78339600563, 6.20792341232, 137.681030273, 875.614868164, 1895.33984375, 1155.15551758, 916.051696777, 2703.91748047, 8090.65087891, 9385.51953125, 8452.56054688, 9407.94238281, 10194.5546875, 1797.7322998, 19010.2441406, 4007.42260742, 4433.49267578, 994.323059082, 551.928344727, 2298.3425293, 2069.35546875, 351.511657715, 43.1173400879, 31.6370658875, 8.51124000549, 126.068229675, 41.9257240295, 574.880187988, 553.215209961, 34.6388473511, 0.165089309216, 0.000325878878357, 8.85525935246e-07, 1.75054797324e-08, 9.94471727189e-10, 2.06135136738e-10],
        "max": [0.140214160085, 1.08441162109, 15.9280939102, 16.2223033905, 23.438243866, 23.8934726715, 193.887634277, 563.929199219, 744.443969727, 567.684753418, 663.165588379, 1129.63269043, 1587.51660156, 1701.24255371, 2054.86499023, 1698.98168945, 2119.34350586, 785.614318848, 1795.32836914, 1004.60162354, 1330.09313965, 532.139404297, 410.375305176, 552.847839355, 571.415283203, 260.136016846, 82.6357955933, 61.8288154602, 84.596572876, 363.754364014, 155.281265259, 450.752502441, 378.801483154, 88.9767456055, 7.48461818695, 0.324880957603, 0.0147728370503, 0.00215624039993, 0.000547044211999, 0.000245979317697],
        "mean": [0.00430403416976, 0.0816856622696, 0.697181522846, 1.31552517414, 1.9125084877, 2.41258406639, 8.80857086182, 12.836479187, 18.2847747803, 21.0966262817, 30.4359779358, 53.7625236511, 92.7501525879, 93.7485122681, 60.3230209351, 58.5581016541, 42.6650314331, 36.9320373535, 104.685409546, 37.4789657593, 46.2729644775, 24.4756336212, 22.060174942, 36.7358360291, 37.2245635986, 17.3996391296, 5.59730672836, 3.16081643105, 1.85812091827, 2.33747053146, 1.93281698227, 2.96761703491, 3.3168361187, 0.865829110146, 0.0407219268382, 0.00195734365843, 0.000146308055264, 2.5601055313e-05, 1.75892291736e-05, 2.81163356703e-05],
        "median": [0.000733052613214, 0.0242791771889, 0.128603935242, 0.426340728998, 1.00615358353, 1.26388990879, 3.26424360275, 6.94548463821, 8.94678211212, 7.31177186966, 13.609041214, 15.1926145554, 25.0967731476, 28.3223628998, 11.4276990891, 13.3993091583, 16.2408180237, 13.786031723, 19.9451694489, 15.6658887863, 11.7882537842, 11.8820123672, 11.64610672, 14.9424381256, 13.044752121, 8.80052375793, 2.74833703041, 1.42182910442, 0.996135592461, 0.840057432652, 0.513991951942, 0.487026035786, 0.441469103098, 0.0754619389772, 0.00215920316987, 0.000148596882354, 2.83133722405e-05, 8.26919676911e-06, 1.45186295413e-05, 2.70982400252e-05],
        "min": [3.95785484386e-08, 1.55562793225e-06, 1.33068788273e-05, 2.00623744604e-05, 1.02176827568e-05, 3.1800398574e-05, 3.64670959243e-05, 0.000124216603581, 4.07746847486e-05, 0.000122973302496, 0.000467879057396, 0.000140254662256, 0.000278225168586, 0.0042856587097, 0.00219578412361, 0.000143496319652, 0.00066808873089, 0.000722515338566, 0.000170310930116, 0.000229374607443, 0.00232086866163, 0.0064681917429, 0.00135870010126, 0.00449005421251, 0.00406309589744, 0.000516550557222, 0.000377707154257, 6.3229832449e-05, 2.05767664738e-05, 4.86407298013e-05, 5.51590856048e-05, 5.51668381377e-05, 7.47672675061e-05, 1.76512712642e-05, 5.11588211793e-07, 4.69922127877e-08, 1.33326603091e-08, 5.30622612516e-09, 2.01914374109e-09, 9.7781838182e-10],
        "var": [6.7542103352e-05, 0.0146247753873, 2.21041679382, 4.70780515671, 7.49336385727, 10.1662340164, 228.151687622, 414.891845703, 1000.9239502, 1642.82873535, 2546.37915039, 16531.8105469, 43788.71875, 44662.4101562, 42284.9960938, 21486.8066406, 9549.63574219, 5926.42675781, 43840.4804688, 4062.43603516, 10951.2578125, 1529.87915039, 1065.67541504, 3092.69897461, 3616.1315918, 609.361816406, 60.7075538635, 29.1483135223, 11.0464448929, 99.5121917725, 44.9555778503, 279.597442627, 323.734283447, 23.9241867065, 0.0911491662264, 0.000188726524357, 6.20204616553e-07, 1.23402026375e-08, 7.10917213986e-10, 3.10970610373e-10]
    },
    "gfcc": {
        "mean": [-50.5631599426, 105.934066772, -193.524963379, 32.5476722717, -76.6848831177, 8.97668933868, -30.0053195953, -1.2676358223, -9.35271453857, -26.7205505371, 4.49013566971, -29.6684513092, 1.97831273079],
        "cov": [[4870.52734375, 679.961975098, 456.345123291, 329.517578125, -391.690551758, -499.740325928, -968.083435059, -237.65007019, -182.931106567, 311.141235352, 479.419769287, 311.284942627, 205.214660645], [679.961975098, 2223.35986328, 516.440734863, 273.000061035, 131.712432861, -793.112121582, -62.6067047119, -373.257202148, 216.25050354, 205.2449646, 239.209503174, 153.725952148, -98.2598648071], [456.345123291, 516.440734863, 729.696777344, 280.322021484, -71.8669204712, -92.6499710083, -271.57989502, 45.6713829041, -5.08862018585, 142.789596558, 121.600524902, 69.9133300781, -72.230178833], [329.517578125, 273.000061035, 280.322021484, 547.732116699, 98.8831481934, -90.2742385864, -99.2964706421, -25.9692249298, 18.3495330811, 84.6192092896, 100.429992676, 134.252502441, -28.5505142212], [-391.690551758, 131.712432861, -71.8669204712, 98.8831481934, 319.618835449, 81.4955749512, 233.588500977, 11.5526256561, 54.6762084961, -25.6944046021, -73.9506988525, -0.27525305748, -15.6374521255], [-499.740325928, -793.112121582, -92.6499710083, -90.2742385864, 81.4955749512, 515.391357422, 172.450241089, 182.281280518, -51.7504005432, -68.8393478394, -132.707489014, -85.6983108521, 22.4107933044], [-968.083435059, -62.6067047119, -271.57989502, -99.2964706421, 233.588500977, 172.450241089, 570.800231934, 68.6701660156, 141.464447021, -79.4856491089, -186.886734009, -103.91796875, -51.8675079346], [-237.65007019, -373.257202148, 45.6713829041, -25.9692249298, 11.5526256561, 182.281280518, 68.6701660156, 275.168212891, 42.3387985229, -11.2628917694, -56.2831459045, -90.9347763062, -42.7672576904], [-182.931106567, 216.25050354, -5.08862018585, 18.3495330811, 54.6762084961, -51.7504005432, 141.464447021, 42.3387985229, 171.990020752, 43.0695152283, -21.2636756897, -46.0355644226, -64.4461746216], [311.141235352, 205.2449646, 142.789596558, 84.6192092896, -25.6944046021, -68.8393478394, -79.4856491089, -11.2628917694, 43.0695152283, 154.516586304, 89.5573654175, 32.5232543945, -19.1162509918], [479.419769287, 239.209503174, 121.600524902, 100.429992676, -73.9506988525, -132.707489014, -186.886734009, -56.2831459045, -21.2636756897, 89.5573654175, 200.078659058, 114.722335815, 6.23172712326], [311.284942627, 153.725952148, 69.9133300781, 134.252502441, -0.27525305748, -85.6983108521, -103.91796875, -90.9347763062, -46.0355644226, 32.5232543945, 114.722335815, 206.582397461, 79.057182312], [205.214660645, -98.2598648071, -72.230178833, -28.5505142212, -15.6374521255, 22.4107933044, -51.8675079346, -42.7672576904, -64.4461746216, -19.1162509918, 6.23172712326, 79.057182312, 145.376785278]],
        "icov": [[0.000381459889468, -0.000220273548621, 0.000249746866757, -0.000190283812117, 0.000225893003517, -0.000135895999847, 0.00051790161524, -0.000183319309144, 0.000165827310411, -0.000430027925177, -0.000108869862743, 9.00561790331e-05, -0.000451882660855], [-0.000220273548621, 0.00482733827084, -0.00476400973275, 0.00154934311286, -0.00392536260188, 0.00572960078716, -0.00257402239367, 0.00457382015884, -0.00349526293576, 0.00109616562258, -0.00415705051273, 0.00255062035285, -0.00198147678748], [0.000249746866757, -0.00476400973275, 0.00728502590209, -0.00231343042105, 0.0040502557531, -0.00560545409098, 0.003682841314, -0.00530376750976, 0.00377187784761, -0.00277799740434, 0.00514068640769, -0.00358034251258, 0.00367962196469], [-0.000190283812117, 0.00154934311286, -0.00231343042105, 0.00377861224115, -0.00278766150586, 0.00185968633741, -0.000318540376611, 0.00131404399872, -0.00147744605783, 8.48866839078e-05, -0.00101140304469, -0.00142916745972, 0.000771594932303], [0.000225893003517, -0.00392536260188, 0.0040502557531, -0.00278766150586, 0.00874789152294, -0.00505810696632, -4.44962752226e-05, -0.00332879065536, 0.00279850861989, -0.000986834522337, 0.0042717391625, -0.00278063910082, 0.00165829039179], [-0.000135895999847, 0.00572960078716, -0.00560545409098, 0.00185968633741, -0.00505810696632, 0.0107326209545, -0.00413030805066, 0.00288536422886, -0.00108384736814, 0.000325579487253, -0.00399364624172, 0.00346728926525, -0.00333075993694], [0.00051790161524, -0.00257402239367, 0.003682841314, -0.000318540376611, -4.44962752226e-05, -0.00413030805066, 0.0071905949153, -0.00206244713627, -0.00189921585843, -0.000448407896329, 0.00460118614137, -0.00267498428002, 0.00224360940047], [-0.000183319309144, 0.00457382015884, -0.00530376750976, 0.00131404399872, -0.00332879065536, 0.00288536422886, -0.00206244713627, 0.0105909546837, -0.00592974759638, 0.00217826361768, -0.00478058960289, 0.00437337066978, -0.0019655271899], [0.000165827310411, -0.00349526293576, 0.00377187784761, -0.00147744605783, 0.00279850861989, -0.00108384736814, -0.00189921585843, -0.00592974759638, 0.0153566682711, -0.00558332866058, 0.00377553678118, -0.00113568059169, 0.00356270023622], [-0.000430027925177, 0.00109616562258, -0.00277799740434, 8.48866839078e-05, -0.000986834522337, 0.000325579487253, -0.000448407896329, 0.00217826361768, -0.00558332866058, 0.012784444727, -0.00620213616639, 0.00234321202151, -0.00149359018542], [-0.000108869862743, -0.00415705051273, 0.00514068640769, -0.00101140304469, 0.0042717391625, -0.00399364624172, 0.00460118614137, -0.00478058960289, 0.00377553678118, -0.00620213616639, 0.018264895305, -0.0101105077192, 0.0065832384862], [9.00561790331e-05, 0.00255062035285, -0.00358034251258, -0.00142916745972, -0.00278063910082, 0.00346728926525, -0.00267498428002, 0.00437337066978, -0.00113568059169, 0.00234321202151, -0.0101105077192, 0.0154468324035, -0.00912620220333], [-0.000451882660855, -0.00198147678748, 0.00367962196469, 0.000771594932303, 0.00165829039179, -0.00333075993694, 0.00224360940047, -0.0019655271899, 0.00356270023622, -0.00149359018542, 0.0065832384862, -0.00912620220333, 0.0151347862557]]
    },
    "melbands": {
        "dmean": [2.5601908419e-05, 7.82949282438e-05, 7.67790552345e-05, 4.64348559035e-05, 9.06350978767e-05, 0.000123210076708, 0.000134246001835, 8.68368078955e-05, 9.10669841687e-05, 0.000109605774924, 0.000146642065374, 0.00015908262867, 7.32500557206e-05, 8.36841209093e-05, 5.67591341678e-05, 3.71771893697e-05, 2.60173746938e-05, 6.53382885503e-05, 3.89225315303e-05, 2.56500461546e-05, 2.62887842837e-05, 1.18971638585e-05, 1.20113463709e-05, 9.41689268075e-06, 1.42226836033e-05, 1.26905624711e-05, 8.59726060298e-06, 4.5569595386e-06, 1.84349516985e-06, 1.48761944274e-06, 8.15944360966e-07, 4.91582966333e-07, 5.98351732606e-07, 7.77354330239e-07, 6.14531984411e-07, 7.69368568854e-07, 1.81402413091e-06, 2.15816430682e-06, 1.11265603664e-06, 4.06750444881e-07],
        "dmean2": [4.08510240959e-05, 0.000122492667288, 0.000126088780235, 7.26710786694e-05, 0.000135444730404, 0.00019885522488, 0.000206883472856, 0.000130228043417, 0.00012090542441, 0.000144537290907, 0.000205610806006, 0.000214383428101, 9.5994611911e-05, 0.000103220467281, 8.10862984508e-05, 5.46754672541e-05, 3.81838799512e-05, 9.68336098595e-05, 5.64387228223e-05, 3.69654044334e-05, 3.67525753973e-05, 1.77463462023e-05, 1.80051902134e-05, 1.46758875417e-05, 2.09641984839e-05, 1.81945470104e-05, 1.25383730847e-05, 6.93832134857e-06, 2.72296392723e-06, 2.18745117309e-06, 1.19267122045e-06, 7.2159514275e-07, 9.39682365697e-07, 1.15250315957e-06, 8.97615791473e-07, 1.10634357497e-06, 2.76980881608e-06, 3.26559188579e-06, 1.65004450992e-06, 6.19957859271e-07],
        "dvar": [3.45284312253e-09, 3.02367979543e-08, 1.7030439281e-08, 6.19400397639e-09, 4.39744773928e-08, 1.41584521884e-07, 1.52659097807e-07, 4.96491807667e-08, 3.91887660101e-08, 7.74904336254e-08, 1.13569534221e-07, 1.08075035143e-07, 6.02075900247e-08, 6.84323353539e-08, 2.14495621265e-08, 2.35137509463e-08, 4.89613460886e-09, 2.0135663803e-08, 9.21048215474e-09, 4.13602485594e-09, 5.17566522973e-09, 9.00153895866e-10, 8.1894230286e-10, 3.32756683319e-10, 1.03943897933e-09, 6.70413558002e-10, 3.58459678607e-10, 7.28511001524e-11, 1.24497382889e-11, 1.44263594126e-11, 3.28310685929e-12, 1.19102145681e-12, 7.35557968701e-12, 3.07447851899e-11, 6.70254737128e-12, 1.31492811431e-11, 1.95025329219e-10, 2.16827000799e-10, 3.45495264342e-11, 8.10981230087e-12],
        "dvar2": [9.1017966497e-09, 7.16956947144e-08, 4.56050130992e-08, 1.47022491959e-08, 1.06731107508e-07, 3.80157331392e-07, 3.81995874932e-07, 1.19063578552e-07, 6.539462305e-08, 1.03713986732e-07, 2.06355565524e-07, 1.7625751525e-07, 9.25193717194e-08, 9.36372970273e-08, 4.30233271231e-08, 5.47114957783e-08, 9.60466373101e-09, 4.53645512266e-08, 1.94865261705e-08, 8.78302586216e-09, 8.69749428034e-09, 1.9104913207e-09, 1.79633852238e-09, 7.62854557301e-10, 2.18686646569e-09, 1.37978672932e-09, 7.26478543989e-10, 1.56146526265e-10, 2.55660371346e-11, 3.04686449681e-11, 6.19528213452e-12, 2.15966762702e-12, 1.46427522885e-11, 5.75124149693e-11, 1.18355551054e-11, 2.49372068134e-11, 4.76699235641e-10, 5.08284747625e-10, 7.48869438683e-11, 1.88546955826e-11],
        "max": [0.000997426919639, 0.00576802436262, 0.00233804644085, 0.00148092128802, 0.0051749185659, 0.0115984417498, 0.0102735934779, 0.00578358164057, 0.00529037276283, 0.00749956583604, 0.00798610132188, 0.00705032516271, 0.00530110253021, 0.00629481021315, 0.00354968081228, 0.00506606372073, 0.00192188448273, 0.00277788727544, 0.00223861890845, 0.00179081677925, 0.00188053678721, 0.00083328661276, 0.000900300568901, 0.000431628519436, 0.00053653458599, 0.000452233856777, 0.00031288980972, 0.000176498011569, 5.5149437685e-05, 5.62928944419e-05, 3.49372530764e-05, 3.08452217723e-05, 0.000107277228381, 0.000249507225817, 9.03572436073e-05, 8.1388912804e-05, 0.000429730745964, 0.00040305571747, 0.00014125953021, 6.92897228873e-05],
        "mean": [5.68349896639e-05, 0.000286421185592, 0.000249745731708, 0.000144486461068, 0.000264106492978, 0.000285200687358, 0.000273980229395, 0.00024054881942, 0.000260613684077, 0.000322421721648, 0.000469237478683, 0.000402610254241, 0.000162131647812, 0.000188898397028, 0.000116873357911, 6.62214515614e-05, 6.836263492e-05, 0.000166311889188, 7.80198097345e-05, 4.89172416565e-05, 5.34573373443e-05, 2.32985621551e-05, 2.59720036411e-05, 2.04820917133e-05, 3.04006189253e-05, 2.81376669591e-05, 1.84734599316e-05, 9.77693525783e-06, 3.66633094018e-06, 2.52571612691e-06, 1.49579204844e-06, 9.72064185589e-07, 1.15500972697e-06, 1.33716650907e-06, 1.02960302684e-06, 1.16928902116e-06, 2.14935676013e-06, 2.68322810371e-06, 1.51652795921e-06, 4.40248953737e-07],
        "median": [9.88800911728e-06, 7.70720944274e-05, 0.00010942715744, 8.33916201373e-05, 0.000107044681499, 0.00015926535707, 0.000130673768581, 8.58828134369e-05, 0.000104970298707, 7.45161014493e-05, 0.000111279281555, 9.89187610685e-05, 2.22994422074e-05, 3.02643438772e-05, 3.48067260347e-05, 2.44128877966e-05, 1.45720596265e-05, 2.86821759801e-05, 1.7555175873e-05, 1.54517474584e-05, 1.15866723718e-05, 1.06407333078e-05, 1.04409909909e-05, 9.31550584937e-06, 1.08404346975e-05, 9.62931790127e-06, 6.68227130518e-06, 4.34157936979e-06, 1.45552667163e-06, 9.71445501818e-07, 6.66636822189e-07, 5.09555036388e-07, 4.48208851367e-07, 4.1996111122e-07, 2.71195631285e-07, 2.41209505702e-07, 2.76452198023e-07, 3.11900208771e-07, 1.8386560896e-07, 1.12196021362e-08],
        "min": [7.87284903936e-10, 5.41694289424e-09, 3.14422043957e-09, 1.2696372842e-09, 1.23540255803e-09, 2.30783991917e-09, 5.57471513396e-10, 1.8024317594e-09, 2.89284485255e-09, 6.26644736101e-10, 1.03999364676e-09, 1.61900999274e-08, 1.29460033804e-08, 1.78655798488e-10, 3.25369731158e-10, 2.30785635047e-09, 8.85904016812e-10, 1.5193038494e-10, 4.33544145029e-10, 1.11167047789e-10, 1.24656540645e-09, 9.85676429366e-09, 4.34654368053e-10, 1.09820330607e-09, 2.85440693304e-09, 9.7662544718e-10, 3.50830364759e-10, 2.64105182168e-10, 2.17060938668e-10, 7.67842109339e-11, 1.31234910092e-11, 7.40991209364e-12, 1.98876852486e-11, 2.87893823364e-11, 3.23731701168e-11, 2.01807980049e-11, 4.44099028385e-11, 7.29644886177e-11, 2.73942708795e-11, 1.4386419573e-13],
        "var": [9.36464150669e-09, 3.05657408717e-07, 1.19818380995e-07, 3.37635661651e-08, 1.83621963856e-07, 1.96844069933e-07, 2.2081216855e-07, 2.20363006065e-07, 2.24130531024e-07, 6.28265354408e-07, 1.17609295103e-06, 8.6427428414e-07, 3.20264689435e-07, 3.87556667647e-07, 6.61843699845e-08, 3.37959313867e-08, 3.23425339843e-08, 1.07371107561e-07, 2.42204833967e-08, 1.01664863195e-08, 1.79824528601e-08, 2.27331753422e-09, 2.55651766423e-09, 8.63612403812e-10, 2.54789611631e-09, 2.18508522387e-09, 9.26381693578e-10, 2.23540061461e-10, 3.31970666234e-11, 2.34071876465e-11, 6.31628950531e-12, 2.67192713267e-12, 1.23732352489e-11, 4.09170371196e-11, 1.25526811168e-11, 2.0893019953e-11, 1.89963336727e-10, 2.49247705808e-10, 5.2549832541e-11, 9.72065570398e-12]
    },
    "mfcc": {
        "mean": [-663.342407227, 106.52268219, -41.6597976685, 8.76802158356, -11.0636978149, -8.60960483551, -2.2476348877, 5.85076570511, -7.49716424942, 9.1486158371, -8.718708992, -5.28356742859, -8.45570850372],
        "cov": [[5444.08886719, 758.191162109, 407.343933105, 414.723846436, 160.980575562, -453.91809082, -621.114807129, -747.215820312, -784.55871582, -205.039535522, -189.96081543, 102.663002014, 331.772766113], [758.191162109, 2019.55981445, 140.60244751, 591.157897949, -90.3881912231, -115.660667419, -345.831298828, -373.854919434, -240.577392578, -115.594612122, 167.275848389, 216.008285522, 119.030403137], [407.343933105, 140.60244751, 663.989318848, 90.9928894043, 177.381469727, -124.358879089, -71.3823471069, -146.677047729, -114.488380432, -24.414937973, 65.0913391113, 194.718215942, 88.9430923462], [414.723846436, 591.157897949, 90.9928894043, 593.264221191, 46.8592453003, 26.2852706909, -130.80329895, -85.7314987183, -72.1240158081, -66.7704544067, 85.2108154297, 141.944458008, 142.181564331], [160.980575562, -90.3881912231, 177.381469727, 46.8592453003, 253.24017334, -31.3764228821, 35.8702087402, -3.7291405201, -14.1383104324, -14.5978574753, 2.56820297241, 20.1301574707, 82.4630966187], [-453.91809082, -115.660667419, -124.358879089, 26.2852706909, -31.3764228821, 300.323974609, 137.561767578, 138.889450073, 161.778533936, 15.392118454, 8.04528331757, -44.4988136292, -3.29963827133], [-621.114807129, -345.831298828, -71.3823471069, -130.80329895, 35.8702087402, 137.561767578, 270.973144531, 189.848052979, 193.167388916, 40.6112861633, 17.880771637, -54.7122154236, -27.8835659027], [-747.215820312, -373.854919434, -146.677047729, -85.7314987183, -3.7291405201, 138.889450073, 189.848052979, 322.863586426, 206.541656494, 81.9528884888, 10.3786230087, -57.1423912048, -47.6534614563], [-784.55871582, -240.577392578, -114.488380432, -72.1240158081, -14.1383104324, 161.778533936, 193.167388916, 206.541656494, 342.483795166, 82.0876464844, 66.2281570435, -56.7858085632, -62.3115005493], [-205.039535522, -115.594612122, -24.414937973, -66.7704544067, -14.5978574753, 15.392118454, 40.6112861633, 81.9528884888, 82.0876464844, 207.244506836, 92.2975616455, -31.051776886, -83.815284729], [-189.96081543, 167.275848389, 65.0913391113, 85.2108154297, 2.56820297241, 8.04528331757, 17.880771637, 10.3786230087, 66.2281570435, 92.2975616455, 222.614440918, 75.5787277222, -8.10951328278], [102.663002014, 216.008285522, 194.718215942, 141.944458008, 20.1301574707, -44.4988136292, -54.7122154236, -57.1423912048, -56.7858085632, -31.051776886, 75.5787277222, 244.001281738, 115.002410889], [331.772766113, 119.030403137, 88.9430923462, 142.181564331, 82.4630966187, -3.29963827133, -27.8835659027, -47.6534614563, -62.3115005493, -83.815284729, -8.10951328278, 115.002410889, 269.870635986]],
