{
"lowlevel": {
    "average_loudness": 0.977910399437,
    "barkbands_crest": {
        "dmean": 3.06944584846,
        "dmean2": 5.26876592636,
        "dvar": 6.83336019516,
        "dvar2": 19.6487884521,
        "max": 24.2625617981,
        "mean": 8.84448432922,
        "median": 8.15768623352,
        "min": 2.77617049217,
        "var": 12.0966415405
    },
    "barkbands_flatness_db": {
        "dmean": 0.0277434606105,
        "dmean2": 0.0462392792106,
        "dvar": 0.000713529938366,
        "dvar2": 0.00200074864551,
        "max": 0.306885033846,
        "mean": 0.11924161762,
        "median": 0.113895811141,
        "min": 0.0207308791578,
        "var": 0.00236357119866
    },
    "barkbands_kurtosis": {
        "dmean": 3.18032932281,
        "dmean2": 5.65244913101,
        "dvar": 35.0955085754,
        "dvar2": 101.818778992,
        "max": 61.6666793823,
        "mean": 1.78463184834,
        "median": -0.0529758930206,
        "min": -1.78597342968,
        "var": 29.6437549591
    },
    "barkbands_skewness": {
        "dmean": 0.786591351032,
        "dmean2": 1.33340072632,
        "dvar": 0.779152333736,
        "dvar2": 2.193795681,
        "max": 7.32235956192,
        "mean": 1.12360942364,
        "median": 0.894194245338,
        "min": -4.04937314987,
        "var": 1.30562007427
    },
    "barkbands_spread": {
        "dmean": 8.41014766693,
        "dmean2": 13.7555828094,
        "dvar": 76.2940139771,
        "dvar2": 184.030990601,
        "max": 100.028297424,
        "mean": 29.2478618622,
        "median": 28.0209178925,
        "min": 2.16308021545,
        "var": 180.537460327
    },
    "dissonance": {
        "dmean": 0.0149609558284,
        "dmean2": 0.0252451524138,
        "dvar": 0.000230421428569,
        "dvar2": 0.00060386658879,
        "max": 0.499798983335,
        "mean": 0.477111667395,
        "median": 0.483265757561,
        "min": 0.328297883272,
        "var": 0.000437925045844
    },
    "dynamic_complexity": 2.75211238861,
    "erbbands_crest": {
        "dmean": 3.16045999527,
        "dmean2": 4.99055147171,
        "dvar": 8.72460460663,
        "dvar2": 20.3951320648,
        "max": 30.1656780243,
        "mean": 9.56750202179,
        "median": 8.38175201416,
        "min": 2.38064479828,
        "var": 21.8693618774
    },
    "erbbands_flatness_db": {
        "dmean": 0.0214601121843,
        "dmean2": 0.0311684459448,
        "dvar": 0.000378902099328,
        "dvar2": 0.000740015995689,
        "max": 0.385880380869,
        "mean": 0.151046037674,
        "median": 0.14447684586,
        "min": 0.0545402951539,
        "var": 0.00201583048329
    },
    "erbbands_kurtosis": {
        "dmean": 1.19990444183,
        "dmean2": 1.88048875332,
        "dvar": 2.29017877579,
        "dvar2": 5.68964862823,
        "max": 15.7633361816,
        "mean": 0.797066092491,
        "median": 0.310256719589,
        "min": -1.68994498253,
        "var": 4.14869451523
    },
    "erbbands_skewness": {
        "dmean": 0.412481963634,
        "dmean2": 0.640799343586,
        "dvar": 0.13162343204,
        "dvar2": 0.332189023495,
        "max": 3.86631512642,
        "mean": -0.268290400505,
        "median": -0.307284742594,
        "min": -3.26623487473,
        "var": 0.496137887239
    },
    "erbbands_spread": {
        "dmean": 10.9478464127,
        "dmean2": 17.6289825439,
        "dvar": 135.740707397,
        "dvar2": 308.578460693,
        "max": 140.669052124,
        "mean": 35.6114387512,
        "median": 31.5153636932,
        "min": 5.01592254639,
        "var": 346.943328857
    },
    "hfc": {
        "dmean": 8.63739871979,
        "dmean2": 13.4312105179,
        "dvar": 100.893844604,
        "dvar2": 228.584655762,
        "max": 114.549697876,
        "mean": 27.3443717957,
        "median": 24.5226802826,
        "min": 1.22258895957e-16,
        "var": 354.665100098
    },
    "melbands_crest": {
        "dmean": 3.93884992599,
        "dmean2": 6.87091064453,
        "dvar": 11.2338018417,
        "dvar2": 30.8284130096,
        "max": 32.9248924255,
        "mean": 13.508515358,
        "median": 13.0118150711,
        "min": 1.93117237091,
        "var": 20.5889911652
    },
    "melbands_flatness_db": {
        "dmean": 0.0364432260394,
        "dmean2": 0.0612068101764,
        "dvar": 0.00121545372531,
        "dvar2": 0.00345070404001,
        "max": 0.37334421277,
        "mean": 0.185276821256,
        "median": 0.179942294955,
        "min": 0.0122429290786,
        "var": 0.00394885987043
    },
    "melbands_kurtosis": {
        "dmean": 10.2087936401,
        "dmean2": 18.1523952484,
        "dvar": 346.698394775,
        "dvar2": 989.009399414,
        "max": 203.067764282,
        "mean": 10.3828849792,
        "median": 4.06282997131,
        "min": -1.72797179222,
        "var": 315.388549805
    },
    "melbands_skewness": {
        "dmean": 1.17862713337,
        "dmean2": 2.01763510704,
        "dvar": 1.88015305996,
        "dvar2": 5.20426225662,
        "max": 11.6902446747,
        "mean": 2.48050451279,
        "median": 2.07955360413,
        "min": -1.23393058777,
        "var": 3.02653741837
    },
    "melbands_spread": {
        "dmean": 11.7260122299,
        "dmean2": 19.2455406189,
        "dvar": 147.338058472,
        "dvar2": 368.191314697,
        "max": 179.49307251,
        "mean": 32.3363265991,
        "median": 29.6522426605,
        "min": 1.86501431465,
        "var": 434.842773438
    },
    "pitch_salience": {
        "dmean": 0.0882179737091,
        "dmean2": 0.15007302165,
        "dvar": 0.00569232646376,
        "dvar2": 0.0169014092535,
        "max": 0.798880636692,
        "mean": 0.550542235374,
        "median": 0.558613598347,
        "min": 0.175588414073,
        "var": 0.0102951629087
    },
    "silence_rate_20dB": {
        "dmean": 0,
        "dmean2": 0,
        "dvar": 0,
        "dvar2": 0,
        "max": 1,
        "mean": 1,
        "median": 1,
        "min": 1,
        "var": 0
    },
    "silence_rate_30dB": {
        "dmean": 0.00154798757285,
        "dmean2": 0.00309837330133,
        "dvar": 0.00154557998758,
        "dvar2": 0.00463790120557,
        "max": 1,
        "mean": 0.999226629734,
        "median": 1,
        "min": 0,
        "var": 0.000772795174271
    },
    "silence_rate_60dB": {
        "dmean": 0.00928792543709,
        "dmean2": 0.018590239808,
        "dvar": 0.00920138228685,
        "dvar2": 0.0213427376002,
        "max": 1,
        "mean": 0.0626450106502,
        "median": 0,
        "min": 0,
        "var": 0.0587212778628
    },
    "spectral_centroid": {
        "dmean": 330.113098145,
        "dmean2": 535.447998047,
        "dvar": 152821.703125,
        "dvar2": 297383.46875,
        "max": 11087.6875,
        "mean": 1703.05175781,
        "median": 1670.83825684,
        "min": 376.478302002,
        "var": 433737.9375
    },
    "spectral_complexity": {
        "dmean": 4.56346750259,
        "dmean2": 6.93725776672,
        "dvar": 19.1130657196,
        "dvar2": 39.6979522705,
        "max": 55,
        "mean": 24.8004646301,
        "median": 23,
        "min": 0,
        "var": 170.948608398
    },
    "spectral_decrease": {
        "dmean": 4.88622076134e-09,
        "dmean2": 8.82772077659e-09,
        "dvar": 5.93330035939e-17,
        "dvar2": 1.7054226211e-16,
        "max": 4.25055928548e-29,
        "mean": -8.59107363027e-09,
        "median": -7.23356885501e-09,
        "min": -4.62617002484e-08,
        "var": 4.80053838361e-17
    },
    "spectral_energy": {
        "dmean": 0.0189582947642,
        "dmean2": 0.0341055244207,
        "dvar": 0.000862278684508,
        "dvar2": 0.00247655599378,
        "max": 0.180165886879,
        "mean": 0.03490492329,
        "median": 0.0296203643084,
        "min": 1.09288225364e-20,
        "var": 0.000725038175005
    },
    "spectral_energyband_high": {
        "dmean": 0.000480428949231,
        "dmean2": 0.000757325207815,
        "dvar": 7.59994179589e-07,
        "dvar2": 1.69379313775e-06,
        "max": 0.0105846449733,
        "mean": 0.000959626864642,
        "median": 0.000552567536943,
        "min": 8.26773161478e-21,
        "var": 1.52025552325e-06
    },
    "spectral_energyband_low": {
        "dmean": 0.0152002787217,
        "dmean2": 0.0283292271197,
        "dvar": 0.000841816596221,
        "dvar2": 0.00244849547744,
        "max": 0.161331549287,
        "mean": 0.017131311819,
        "median": 0.0113999377936,
        "min": 1.6055334172e-23,
        "var": 0.000552464276552
    },
    "spectral_energyband_middle_high": {
        "dmean": 0.0032334800344,
        "dmean2": 0.00495825568214,
        "dvar": 1.41068830999e-05,
        "dvar2": 3.25330256601e-05,
        "max": 0.0392245575786,
        "mean": 0.00945253483951,
        "median": 0.00700996257365,
        "min": 1.44951790317e-21,
        "var": 5.98639635427e-05
    },
    "spectral_energyband_middle_low": {
        "dmean": 0.00530256703496,
        "dmean2": 0.00881881359965,
        "dvar": 6.60709556541e-05,
        "dvar2": 0.000168109938386,
        "max": 0.101737864316,
        "mean": 0.00909931771457,
        "median": 0.00664679100737,
        "min": 3.55476829277e-22,
        "var": 7.83186333138e-05
    },
    "spectral_entropy": {
        "dmean": 0.157590791583,
        "dmean2": 0.228599771857,
        "dvar": 0.0274353884161,
        "dvar2": 0.0553915500641,
        "max": 9.80091571808,
        "mean": 7.72699069977,
        "median": 7.77193498611,
        "min": 6.44740390778,
        "var": 0.115263111889
    },
    "spectral_flux": {
        "dmean": 0.0370760001242,
        "dmean2": 0.0599115975201,
        "dvar": 0.00232591037638,
        "dvar2": 0.0041841827333,
        "max": 0.366037279367,
        "mean": 0.11788135767,
        "median": 0.10577943176,
        "min": 1.04541007795e-10,
        "var": 0.00398825993761
    },
    "spectral_kurtosis": {
        "dmean": 1.42706668377,
        "dmean2": 2.3831884861,
        "dvar": 2.21279239655,
        "dvar2": 5.91927194595,
        "max": 16.7644081116,
        "mean": 4.39825868607,
        "median": 4.23453140259,
        "min": -1.23114359379,
        "var": 4.63476657867
    },
    "spectral_rms": {
        "dmean": 0.00138814456295,
        "dmean2": 0.00242405571043,
        "dvar": 2.98742520499e-06,
        "dvar2": 8.56372753333e-06,
        "max": 0.0132578881457,
        "mean": 0.005435815081,
        "median": 0.00537567818537,
        "min": 3.26531249956e-12,
        "var": 4.5054871407e-06
    },
    "spectral_rolloff": {
        "dmean": 795.779724121,
        "dmean2": 1331.17175293,
        "dvar": 1589869.5,
        "dvar2": 3247097.25,
        "max": 18518.5546875,
        "mean": 1896.12316895,
        "median": 1550.390625,
        "min": 107.666015625,
        "var": 2990627.5
    },
    "spectral_skewness": {
        "dmean": 0.216067567468,
        "dmean2": 0.349837243557,
        "dvar": 0.0386890918016,
        "dvar2": 0.0963792875409,
        "max": 2.62291145325,
        "mean": 1.48391401768,
        "median": 1.47234380245,
        "min": 0.0178283136338,
        "var": 0.100031301379
    },
    "spectral_spread": {
        "dmean": 653716.0625,
        "dmean2": 907441.375,
        "dvar": 1.6774356009e+12,
        "dvar2": 2.1952364544e+12,
        "max": 40542496,
        "mean": 4447518.5,
        "median": 4069599,
        "min": 2277173.25,
        "var": 3.58148158259e+12
    },
    "spectral_strongpeak": {
        "dmean": 0.763833105564,
        "dmean2": 1.33522725105,
        "dvar": 1.58848702908,
        "dvar2": 4.03386259079,
        "max": 10.8630552292,
        "mean": 0.877168476582,
        "median": 0.315286278725,
        "min": 0,
        "var": 1.8464704752
    },
    "zerocrossingrate": {
        "dmean": 0.0126537401229,
        "dmean2": 0.0153402006254,
        "dvar": 0.000411530723795,
        "dvar2": 0.000452317210147,
        "max": 0.4931640625,
        "mean": 0.0712127834558,
        "median": 0.06201171875,
        "min": 0.01025390625,
        "var": 0.00179816689342
    },
    "barkbands": {
        "dmean": [0.000337617500918, 0.00929790269583, 0.00685094436631, 0.00158608297352, 0.00260722171515, 0.000568101531826, 0.000399519514758, 0.000312607444357, 0.00135169946589, 0.00110070349183, 0.00066937628435, 0.00106305978261, 0.000482590170577, 0.000421489268774, 0.000553317833692, 0.00056401011534, 0.00037612154847, 0.000406427599955, 0.000271319557214, 0.000228590157349, 0.000126472601551, 7.96361491666e-05, 7.58035530453e-05, 8.04028095445e-05, 6.85806662659e-05, 4.01206998504e-05, 2.00338990908e-06],
        "dmean2": [0.000588271475863, 0.0173019096255, 0.0127153480425, 0.00279108458199, 0.00445966934785, 0.000946851330809, 0.000688600470312, 0.000542093650438, 0.00214065192267, 0.00176861893851, 0.00109304848593, 0.00162822450511, 0.000745895085856, 0.000681873527355, 0.000869653013069, 0.000893375370651, 0.000623360625468, 0.000676571100485, 0.000447640311904, 0.000387538864743, 0.000220506743062, 0.000134654532303, 0.000114848466183, 0.00011917672964, 9.95610898826e-05, 5.88865514146e-05, 3.33465095537e-06],
        "dvar": [2.39550900005e-07, 0.000328757509124, 0.000135811395012, 5.04356057718e-06, 2.79591367871e-05, 9.1167055416e-07, 1.12799432372e-06, 1.53754126586e-06, 1.0279437447e-05, 7.14817269909e-06, 2.30898285736e-06, 3.07530785904e-06, 1.73342971266e-06, 9.38458413202e-07, 1.41019825151e-06, 1.26688144064e-06, 5.85651093843e-07, 4.06279838217e-07, 1.76731504098e-07, 1.56800481932e-07, 8.14996710119e-08, 2.75906959502e-08, 2.18939923968e-08, 4.22865618077e-08, 3.3549365952e-08, 1.99096721332e-08, 4.43638077663e-11],
        "dvar2": [6.75341482292e-07, 0.000963435624726, 0.000393489055568, 1.46228694575e-05, 7.31329273549e-05, 2.21665368372e-06, 2.98994450532e-06, 4.27638678957e-06, 2.41384022956e-05, 1.61082043633e-05, 6.03548505751e-06, 7.12679138815e-06, 3.45502530763e-06, 2.39610403696e-06, 3.31447358803e-06, 2.98511145047e-06, 1.48823983182e-06, 1.04042817384e-06, 4.56493467027e-07, 4.18124244561e-07, 2.33816166428e-07, 7.41745580513e-08, 4.17067802516e-08, 8.22843873038e-08, 5.47548104635e-08, 4.13401579635e-08, 1.07366421309e-10],
        "max": [0.00355749786831, 0.109040610492, 0.0715550035238, 0.0184527672827, 0.0581141971052, 0.0102281849831, 0.0114954337478, 0.025023046881, 0.0377249270678, 0.0285896044225, 0.0215144604445, 0.0238864291459, 0.0232236906886, 0.0130807030946, 0.0211074613035, 0.0168237593025, 0.0130800325423, 0.0108350198716, 0.0046472651884, 0.00482552405447, 0.00332981231622, 0.00177483889274, 0.0029907100834, 0.00289995386265, 0.00389307527803, 0.00271566095762, 0.000112456276838],
        "mean": [0.000380995537853, 0.00888509023935, 0.00653181504458, 0.00211181282066, 0.00313803879544, 0.000749838422053, 0.00040755525697, 0.000350194983184, 0.00163988664281, 0.00157326611225, 0.00101331411861, 0.00186969619244, 0.000734863628168, 0.00058773526689, 0.000820140179712, 0.000971823348664, 0.000725625897758, 0.000723982288036, 0.00049997435417, 0.000409436877817, 0.000183250158443, 0.000133480527438, 0.000147024402395, 0.000143209283124, 0.000113065849291, 5.75586091145e-05, 2.25496273742e-06],
        "median": [0.000148640101543, 0.00503665953875, 0.00386294629425, 0.00157545763068, 0.0019296144601, 0.000389397435356, 0.000113816509838, 0.000136213348014, 0.000438167713583, 0.000285015936242, 0.000218617147766, 0.00106148864143, 0.000303467415506, 0.000255748047493, 0.000297070335364, 0.000400231248932, 0.000360530451871, 0.000492334831506, 0.000287616479909, 0.000222856004257, 9.77738527581e-05, 6.23657106189e-05, 7.42161646485e-05, 5.002143007e-05, 3.39918551617e-05, 1.35045784191e-05, 4.15775275542e-07],
        "min": [2.35296421543e-24, 1.23454286198e-24, 4.05415380159e-24, 2.62832771065e-23, 9.17727581867e-23, 1.59731317102e-23, 4.03619546197e-23, 9.12052705842e-23, 7.5563932193e-23, 2.69300105201e-23, 5.22170194122e-23, 8.08829372869e-23, 5.0472999412e-23, 6.59230358783e-23, 1.36624890146e-22, 2.0545246139e-22, 2.08939239213e-22, 2.7546480074e-22, 2.53488145663e-22, 3.36081907683e-22, 4.25771126447e-22, 4.33571585026e-22, 8.75339043582e-22, 9.44972767563e-22, 1.10316187106e-21, 1.76396245432e-21, 2.70362024314e-21],
        "var": [3.19552384553e-07, 0.000214999716263, 9.17082797969e-05, 4.79532582176e-06, 2.31784870266e-05, 1.17283514101e-06, 9.66736479313e-07, 1.0915139228e-06, 1.45968151628e-05, 1.37356828418e-05, 4.65110952064e-06, 6.36274262433e-06, 2.9720567909e-06, 1.23491884096e-06, 2.45906994678e-06, 2.30325281336e-06, 1.3890377204e-06, 5.81735605465e-07, 3.57899693881e-07, 2.45584232061e-07, 7.42527248576e-08, 4.05447977414e-08, 5.40847544528e-08, 8.24862311788e-08, 6.88558969841e-08, 2.72199844886e-08, 4.63840806042e-11]
    },
    "erbbands": {
        "dmean": [0.205497249961, 2.36362886429, 7.43731021881, 6.32827758789, 8.74168682098, 7.75978755951, 5.2737402916, 4.7899889946, 5.53407907486, 6.17470836639, 10.1714315414, 27.9957046509, 39.8221359253, 19.7947940826, 33.7622528076, 37.231300354, 22.8113803864, 19.1827373505, 19.0460529327, 34.0559577942, 23.356218338, 21.2276821136, 20.9856967926, 16.4310340881, 12.1981019974, 10.9308156967, 6.77105569839, 4.02889966965, 2.94643354416, 2.5904071331, 2.18054652214, 1.75315892696, 1.31995618343, 0.886714696884, 0.45161268115, 0.212335169315, 0.0698515921831, 0.00917329266667, 0.000227822150919, 2.64818809228e-05],
        "dmean2": [0.37334305048, 4.43844842911, 13.8560571671, 11.4348430634, 15.2141933441, 13.4675292969, 9.03154277802, 7.94041967392, 9.28391647339, 10.8229436874, 16.5582180023, 45.495098114, 63.6370201111, 30.555683136, 56.2704238892, 55.7701759338, 34.4449729919, 30.1788978577, 30.699098587, 51.2439117432, 38.0805549622, 34.5552787781, 34.5080795288, 26.9193553925, 20.3878631592, 18.3070487976, 11.9162817001, 6.95525884628, 4.95580339432, 4.09967422485, 3.31717514992, 2.63158226013, 1.96979939938, 1.31801772118, 0.648000538349, 0.317366033792, 0.104555465281, 0.0138663062826, 0.000344033265719, 4.47477541456e-05],
        "dvar": [0.113321438432, 22.753704071, 187.682403564, 82.0339279175, 239.527832031, 351.438812256, 96.6564407349, 70.2782821655, 150.45475769, 422.443450928, 880.53125, 5583.81054688, 8770.70703125, 1903.31152344, 6124.05175781, 4479.94287109, 2613.50097656, 2040.25268555, 1406.20849609, 5381.29150391, 1321.89868164, 1985.99243164, 1265.17626953, 652.344726562, 382.473724365, 378.343933105, 240.470077515, 73.8217544556, 39.7031593323, 23.9927539825, 23.0222454071, 18.5353851318, 12.3846435547, 5.65362215042, 1.49962520599, 0.516853988171, 0.0637853965163, 0.000763710297178, 4.8278769782e-07, 1.43788136953e-09],
        "dvar2": [0.330304175615, 66.5969543457, 541.026184082, 239.626571655, 632.674316406, 950.606689453, 263.795074463, 175.445892334, 376.198791504, 1141.59802246, 2277.31445312, 13742.8798828, 20161.6113281, 3672.88891602, 17945.1894531, 8950.56347656, 5326.27148438, 4705.88085938, 3628.57543945, 11795.5263672, 3067.56274414, 4852.44238281, 3355.50708008, 1569.44299316, 1025.76843262, 1020.24456787, 685.75958252, 211.531784058, 108.629051208, 55.3446273804, 49.2182312012, 39.7403907776, 22.6986503601, 9.44075489044, 2.7494893074, 1.05221247673, 0.136646032333, 0.00175894645508, 1.10720668545e-06, 3.70727293308e-09],
        "max": [2.29290866852, 27.4411334991, 84.3198547363, 59.5932617188, 155.073669434, 200.963287354, 113.28150177, 80.339225769, 152.143585205, 230.501464844, 441.99432373, 916.784362793, 997.504150391, 645.379394531, 1058.50927734, 1098.88085938, 886.524414062, 553.610839844, 613.404785156, 1376.20031738, 486.918395996, 867.517456055, 708.937744141, 312.628204346, 199.303421021, 308.422729492, 218.205383301, 77.5093612671, 70.2886810303, 70.6377258301, 104.882362366, 61.9907569885, 52.724067688, 48.9935722351, 23.2914943695, 11.8107128143, 5.06025457382, 0.54566514492, 0.0133364405483, 0.000466209487058],
        "mean": [0.217099353671, 2.16959381104, 6.80681276321, 8.51181030273, 10.0508394241, 8.67897891998, 7.07026433945, 5.93293190002, 6.20178365707, 6.38294219971, 11.7636899948, 34.7851982117, 57.8422698975, 31.8405075073, 56.9792404175, 69.9382553101, 38.8670730591, 29.4897403717, 30.7235298157, 58.0103263855, 48.0331573486, 43.0286903381, 38.3522224426, 32.7768554688, 23.5820598602, 19.6955490112, 9.42833614349, 6.42842340469, 4.88199663162, 4.55386304855, 4.04934501648, 3.13834691048, 2.26233649254, 1.4460183382, 0.704106390476, 0.316269725561, 0.0939877703786, 0.0124668749049, 0.000316261051921, 5.301244164e-05],
        "median": [0.131082937121, 1.14906096458, 3.63354921341, 6.82806396484, 6.09246635437, 4.83959579468, 4.29962396622, 2.92713570595, 2.11851096153, 2.08145332336, 4.67214727402, 9.51992702484, 13.7348527908, 10.5718326569, 21.5521965027, 41.4544715881, 17.8474235535, 13.295800209, 15.6396131516, 21.3378009796, 23.6799812317, 22.2627639771, 27.0452003479, 19.5033798218, 13.5381269455, 10.6931848526, 5.19667482376, 3.24671006203, 2.24218010902, 2.05162358284, 2.02743268013, 1.25166225433, 0.736077666283, 0.445311367512, 0.204908981919, 0.0750266164541, 0.0218341667205, 0.00260186358355, 8.78384089447e-05, 4.35887013737e-05],
        "min": [2.19191865606e-23, 4.73085615147e-22, 5.62116643712e-21, 4.85322601204e-20, 2.58986501628e-19, 2.07204749713e-19, 2.26388554458e-19, 1.66244717409e-19, 1.73252203817e-19, 1.60423449358e-18, 2.09776312066e-18, 1.7616575107e-18, 1.2324225985e-18, 1.04693179223e-18, 3.03380214939e-18, 2.71213477023e-18, 2.08172408858e-18, 3.73653860866e-18, 5.2025334375e-18, 6.87295975087e-18, 1.29129155377e-17, 1.20320020997e-17, 1.57209033769e-17, 1.31854839572e-17, 1.23583132708e-17, 1.86756818604e-17, 1.64288194344e-17, 1.60181226059e-17, 1.55705550288e-17, 1.96720721935e-17, 2.66909842411e-17, 2.22519773865e-17, 1.4035651919e-17, 1.033225182e-17, 9.42664869515e-18, 5.81031638669e-18, 3.36030667398e-18, 1.51413095022e-18, 4.07447740596e-19, 3.92558043668e-20],
        "var": [0.0891578271985, 14.3032445908, 121.070404053, 69.9169616699, 201.142852783, 260.246520996, 91.1332778931, 86.0848617554, 164.230422974, 321.301300049, 769.585083008, 7323.84863281, 15903.2587891, 4324.93066406, 11954.0957031, 10457.0410156, 5288.74414062, 3122.91967773, 1974.32714844, 11487.0908203, 3621.9140625, 4966.08105469, 1659.33203125, 1380.15673828, 753.97442627, 572.441589355, 202.096908569, 79.4046936035, 53.1077728271, 51.4090957642, 44.7614021301, 35.2244110107, 24.4097652435, 11.5357179642, 2.63089895248, 0.765074193478, 0.0795657262206, 0.000979544129223, 5.96635061356e-07, 1.82108972346e-09]
    },
    "gfcc": {
        "mean": [17.394033432, 80.3235092163, -122.346580505, 42.8279342651, -38.3452835083, 27.7323379517, -31.9247894287, 16.0399112701, -32.3584709167, -4.99848985672, -17.4622840881, 1.73437786102, -12.5931434631],
        "cov": [[8731.65917969, 298.14932251, 0.0341524779797, 257.389038086, -21.6867656708, 77.8097915649, -159.062210083, 168.049179077, 26.1410427094, 70.3905563354, -208.930847168, 63.3300590515, 17.0693130493], [298.14932251, 1391.5357666, -64.9351196289, 208.886032104, 390.999481201, 93.3317871094, 204.446060181, -149.959457397, 46.5161018372, -236.543441772, -0.749397575855, -152.268035889, -0.156554415822], [0.0341524779797, -64.9351196289, 569.243408203, 188.381286621, 71.9866790771, 43.8567504883, -88.3077087402, -9.32344341278, -28.4669113159, 57.240852356, -34.0656776428, 47.3615837097, -31.8582229614], [257.389038086, 208.886032104, 188.381286621, 345.446929932, 135.168777466, 2.758852005, -34.4553146362, -35.9626350403, 37.671661377, -11.0573692322, -7.97006607056, 23.538066864, 28.2387313843], [-21.6867656708, 390.999481201, 71.9866790771, 135.168777466, 345.905426025, 92.4489746094, 58.3660697937, -17.7144985199, 5.93701934814, -75.4528503418, -9.05365848541, -24.5655517578, -1.91736364365], [77.8097915649, 93.3317871094, 43.8567504883, 2.758852005, 92.4489746094, 165.151168823, 60.3595123291, 4.14486408234, -14.4117479324, -58.164100647, -4.00085735321, -29.1910972595, -11.925403595], [-159.062210083, 204.446060181, -88.3077087402, -34.4553146362, 58.3660697937, 60.3595123291, 174.580093384, 7.65731859207, 6.14212846756, -51.7718429565, 15.7940177917, -47.7223243713, -10.7505702972], [168.049179077, -149.959457397, -9.32344341278, -35.9626350403, -17.7144985199, 4.14486408234, 7.65731859207, 122.931213379, 32.3196487427, 16.1052837372, -27.7499904633, 5.70306301117, 8.96301078796], [26.1410427094, 46.5161018372, -28.4669113159, 37.671661377, 5.93701934814, -14.4117479324, 6.14212846756, 32.3196487427, 105.493019104, 9.10774803162, -10.9894809723, -11.8127603531, 24.3554267883], [70.3905563354, -236.543441772, 57.240852356, -11.0573692322, -75.4528503418, -58.164100647, -51.7718429565, 16.1052837372, 9.10774803162, 144.204574585, 29.9077262878, 43.1263237, -1.11601126194], [-208.930847168, -0.749397575855, -34.0656776428, -7.97006607056, -9.05365848541, -4.00085735321, 15.7940177917, -27.7499904633, -10.9894809723, 29.9077262878, 102.001998901, 16.1156253815, -11.5287857056], [63.3300590515, -152.268035889, 47.3615837097, 23.538066864, -24.5655517578, -29.1910972595, -47.7223243713, 5.70306301117, -11.8127603531, 43.1263237, 16.1156253815, 95.7825622559, 19.5239372253], [17.0693130493, -0.156554415822, -31.8582229614, 28.2387313843, -1.91736364365, -11.925403595, -10.7505702972, 8.96301078796, 24.3554267883, -1.11601126194, -11.5287857056, 19.5239372253, 70.1142272949]],
        "icov": [[0.000166998841451, -0.00026644958416, 0.000227496551815, -0.000238365944824, 0.00026677842834, -0.000424647296313, 0.000334975513397, -0.000474351050798, 0.000267986149993, -0.000501115107909, 0.000483147188788, -0.00033267994877, 0.000276204809779], [-0.00026644958416, 0.00265540089458, -0.000490940350574, -9.02305837371e-05, -0.00207181624137, 0.00179794058204, -0.00209094467573, 0.00304693193175, -0.00156643486116, 0.00285119470209, -0.00112474814523, 0.00233584851958, -0.00082276086323], [0.000227496551815, -0.000490940350574, 0.00353772286326, -0.00215018098243, 0.000344069412677, -0.00231851008721, 0.00154660502449, -0.00082938419655, 0.00141662487295, -0.00271739019081, 0.00243800040334, -0.00150427804329, 0.00265961093828], [-0.000238365944824, -9.02305837371e-05, -0.00215018098243, 0.00572709459811, -0.00178528449032, 0.0014597796835, 0.000258421583567, 0.00181179121137, -0.00256820186041, 0.00138271786273, -0.00126617355272, -0.000568582967389, -0.00235403585248], [0.00026677842834, -0.00207181624137, 0.000344069412677, -0.00178528449032, 0.00611458532512, -0.00314177782275, 0.000753419008106, -0.00239904387854, 0.0012353444472, -0.00106285524089, 0.00101496244315, -0.00183506507892, 0.00109267793596], [-0.000424647296313, 0.00179794058204, -0.00231851008721, 0.0014597796835, -0.00314177782275, 0.0110654374585, -0.00368845555931, 0.00120694306679, -0.000353280338459, 0.0052340705879, -0.00267011905089, 0.00294041004963, -0.00150949426461], [0.000334975513397, -0.00209094467573, 0.00154660502449, 0.000258421583567, 0.000753419008106, -0.00368845555931, 0.0104859136045, -0.00368035538122, 0.000902464438695, -0.0011409863364, -0.00102296238765, 0.000671708839945, 0.00129707122687], [-0.000474351050798, 0.00304693193175, -0.00082938419655, 0.00181179121137, -0.00239904387854, 0.00120694306679, -0.00368035538122, 0.0145623441786, -0.00566972047091, 0.00175357761327, 0.00193719461095, 0.000587254296988, -0.00111807545181], [0.000267986149993, -0.00156643486116, 0.00141662487295, -0.00256820186041, 0.0012353444472, -0.000353280338459, 0.000902464438695, -0.00566972047091, 0.0143627524376, -0.00382700935006, 0.00121129315812, 0.00216326536611, -0.00300713535398], [-0.000501115107909, 0.00285119470209, -0.00271739019081, 0.00138271786273, -0.00106285524089, 0.0052340705879, -0.0011409863364, 0.00175357761327, -0.00382700935006, 0.0154074179009, -0.00609376933426, 0.000277447252301, -0.000705816084519], [0.000483147188788, -0.00112474814523, 0.00243800040334, -0.00126617355272, 0.00101496244315, -0.00267011905089, -0.00102296238765, 0.00193719461095, 0.00121129315812, -0.00609376933426, 0.0152727058157, -0.004663833417, 0.00395890511572], [-0.00033267994877, 0.00233584851958, -0.00150427804329, -0.000568582967389, -0.00183506507892, 0.00294041004963, 0.000671708839945, 0.000587254296988, 0.00216326536611, 0.000277447252301, -0.004663833417, 0.0182299334556, -0.00648063188419], [0.000276204809779, -0.00082276086323, 0.00265961093828, -0.00235403585248, 0.00109267793596, -0.00150949426461, 0.00129707122687, -0.00111807545181, -0.00300713535398, -0.000705816084519, 0.00395890511572, -0.00648063188419, 0.0199537612498]]
    },
    "melbands": {
        "dmean": [0.00222289282829, 0.0036050977651, 0.00111380324233, 0.000657136028167, 0.000201321279746, 0.000106212435639, 8.28742122394e-05, 6.73831236782e-05, 0.00010635585204, 0.00019074123702, 0.000202694704058, 8.6174113676e-05, 9.56872900133e-05, 0.000123008139781, 9.30588503252e-05, 4.14772694057e-05, 3.9082053263e-05, 3.24313150486e-05, 4.52958447568e-05, 4.68328653369e-05, 2.63631955022e-05, 2.48159813054e-05, 2.01408620342e-05, 2.13564708247e-05, 1.39239500641e-05, 1.03358615888e-05, 8.82047879713e-06, 7.41771418689e-06, 5.01068279846e-06, 2.8986662528e-06, 2.32102934206e-06, 1.75912737177e-06, 1.53849350681e-06, 1.55963141424e-06, 1.37547419854e-06, 1.23909444483e-06, 1.10498797312e-06, 9.88683154901e-07, 8.46501052365e-07, 7.63362834277e-07],
        "dmean2": [0.00410620542243, 0.00675628148019, 0.00199871510267, 0.00113029836211, 0.000344422180206, 0.000175319277332, 0.00014080874098, 0.000117445721116, 0.000171688545379, 0.000308218790451, 0.000324525346514, 0.000132753804792, 0.000158241164172, 0.000194523134269, 0.000138541523484, 6.30722788628e-05, 6.25949905952e-05, 5.30697361683e-05, 7.03620680724e-05, 7.17809962225e-05, 4.39390496467e-05, 4.05615319323e-05, 3.27198176819e-05, 3.55287556886e-05, 2.29819197557e-05, 1.74383239937e-05, 1.49694460561e-05, 1.24993657664e-05, 8.90199407877e-06, 5.00753003507e-06, 4.04626098316e-06, 2.97508699987e-06, 2.62171352006e-06, 2.44669331551e-06, 2.11464521271e-06, 1.91802132576e-06, 1.66260485912e-06, 1.46995000705e-06, 1.29465922782e-06, 1.15695797831e-06],
        "dvar": [1.68185943039e-05, 4.90915990667e-05, 2.36078608395e-06, 1.89165007214e-06, 1.56264349016e-07, 3.26496447656e-08, 3.66449270928e-08, 5.42537286208e-08, 9.32886763394e-08, 2.42937034045e-07, 2.24630213097e-07, 4.1577965959e-08, 4.6601364545e-08, 4.95735221762e-08, 2.76010698741e-08, 2.16128910324e-08, 8.34572144726e-09, 4.87825380091e-09, 9.66227364785e-09, 1.10421156663e-08, 1.55328161444e-09, 2.81726997287e-09, 3.91001675482e-09, 9.16393350092e-10, 5.08783348785e-10, 2.72013328528e-10, 2.27162844091e-10, 1.92861795978e-10, 1.38670325223e-10, 3.42568855227e-11, 2.61412575614e-11, 1.41198676015e-11, 1.0303729224e-11, 8.91081999854e-12, 9.75987346497e-12, 6.52497717316e-12, 8.11709033322e-12, 6.69845342388e-12, 5.43903203726e-12, 4.25584871164e-12],
        "dvar2": [4.92652288813e-05, 0.000142108998261, 6.84522819938e-06, 4.98296230944e-06, 4.3711708031e-07, 8.00822732572e-08, 9.40783095871e-08, 1.47087746427e-07, 2.29809529628e-07, 5.8840720385e-07, 5.14116663908e-07, 8.17510112938e-08, 1.31241193913e-07, 1.28178456293e-07, 5.84395714043e-08, 4.23612860345e-08, 1.98667411411e-08, 1.29063888465e-08, 2.11593782495e-08, 2.49352218873e-08, 3.84375331564e-09, 6.81772460709e-09, 1.11664810731e-08, 2.21967777492e-09, 1.21584842194e-09, 7.20999038251e-10, 6.21924400868e-10, 5.2781368165e-10, 3.99345306823e-10, 9.6079554035e-11, 7.52101228518e-11, 3.86805483477e-11, 2.70607009023e-11, 2.07174156303e-11, 2.1942621331e-11, 1.45438244781e-11, 1.79549534962e-11, 1.24439946195e-11, 9.88653776901e-12, 7.54102249395e-12],
        "max": [0.0259907245636, 0.0413949713111, 0.00988866202533, 0.014997924678, 0.0039637661539, 0.00181570881978, 0.00201683724299, 0.00330112548545, 0.00458485865965, 0.00646076351404, 0.00498013431206, 0.00299886474386, 0.00300730322488, 0.00313567393459, 0.00180560734589, 0.00305483140983, 0.00114318798296, 0.00091673899442, 0.00190512498375, 0.00179860019125, 0.000492175517138, 0.00122078426648, 0.00155093404464, 0.000377863267204, 0.00029404781526, 0.000194809734239, 0.000161038857186, 0.000248948985245, 0.000170681756572, 6.170944107e-05, 5.33792481292e-05, 3.88242806366e-05, 4.19565621996e-05, 4.64795302832e-05, 7.13003319106e-05, 3.74365517928e-05, 3.7170444557e-05, 3.98844531446e-05, 4.07031875511e-05, 4.00762510253e-05],
        "mean": [0.00226740655489, 0.00343911768869, 0.00151062256191, 0.000733796739951, 0.000261877838057, 0.000136702336022, 8.96313285921e-05, 6.99161464581e-05, 0.000117583877, 0.000233198981732, 0.000292867887765, 0.000128790255985, 0.000154114313773, 0.000211611797567, 0.00015432354121, 5.80586056458e-05, 5.53726276848e-05, 4.56426641904e-05, 6.96251881891e-05, 7.72727216827e-05, 5.09708552272e-05, 4.66475612484e-05, 3.21759071085e-05, 3.65968189726e-05, 2.5582865419e-05, 1.78149111889e-05, 1.60777053679e-05, 1.2214131857e-05, 6.14043665337e-06, 4.34632920587e-06, 3.4844451875e-06, 2.79978075923e-06, 2.41819475377e-06, 2.64885579782e-06, 2.38681559495e-06, 2.11006727113e-06, 1.81181030712e-06, 1.61063917403e-06, 1.39805729304e-06, 1.16362252811e-06],
        "median": [0.00133677537087, 0.00195848708972, 0.00120093685109, 0.000412531371694, 0.00016495451564, 7.00053205946e-05, 2.97501046589e-05, 2.21705176955e-05, 3.91670982935e-05, 6.18870035396e-05, 6.11761133769e-05, 3.35970689775e-05, 4.12684457842e-05, 0.000106083389255, 6.27472254564e-05, 2.19956000365e-05, 2.27040509344e-05, 2.15500294871e-05, 2.43432241405e-05, 2.66840415861e-05, 2.63880174316e-05, 2.09104255191e-05, 2.04698226298e-05, 2.40217759711e-05, 1.40007141454e-05, 1.04130467662e-05, 7.86778309703e-06, 6.51626669423e-06, 3.27136422129e-06, 2.31409694607e-06, 1.63306015111e-06, 1.24675204916e-06, 9.98382233774e-07, 1.18325272069e-06, 1.16006822282e-06, 9.49664240579e-07, 6.52317112326e-07, 4.87279692152e-07, 4.47093157163e-07, 3.2889488466e-07],
        "min": [3.15340490848e-25, 1.70113811299e-24, 1.39874962366e-23, 1.89772954753e-23, 8.49870382112e-24, 3.21185407814e-24, 3.9623832459e-24, 1.78565323883e-23, 1.79339101768e-23, 9.97759398191e-24, 5.7328083927e-24, 3.61054418242e-24, 9.55556444167e-24, 8.65593484358e-24, 4.48536686606e-24, 5.46616354597e-24, 7.22543341071e-24, 6.68314518092e-24, 1.08620222304e-23, 1.06364419325e-23, 1.54604462748e-23, 1.15224384364e-23, 1.38905673194e-23, 1.41979864142e-23, 1.03564957076e-23, 9.31130076211e-24, 6.87840008787e-24, 1.42570452747e-23, 8.91903888813e-24, 1.11155542367e-23, 8.97412110084e-24, 7.08811244864e-24, 1.06352949287e-23, 1.12518709788e-23, 1.42068437444e-23, 1.6234725875e-23, 1.26702957401e-23, 1.05825280228e-23, 6.92605596402e-24, 9.25820647889e-24],
        "var": [1.17201816465e-05, 3.08999260596e-05, 2.04771527024e-06, 1.51129415826e-06, 1.33543650804e-07, 4.23848796061e-08, 3.62279415356e-08, 4.12970635466e-08, 9.01116692376e-08, 3.3089719409e-07, 4.17168450895e-07, 9.10434110324e-08, 9.68740110352e-08, 9.18132982974e-08, 6.37426325056e-08, 3.33323484369e-08, 1.24979484539e-08, 5.91827609142e-09, 1.91222486734e-08, 2.01083718565e-08, 3.880841426e-09, 7.44311678957e-09, 3.05310199344e-09, 1.52901291628e-09, 1.00528418923e-09, 4.5823686512e-10, 4.12507861203e-10, 2.46268061499e-10, 1.04724930117e-10, 3.81659530369e-11, 2.63750271623e-11, 1.78508579446e-11, 1.56876924645e-11, 1.83345422178e-11, 1.68841676751e-11, 1.32842885997e-11, 1.37088543642e-11, 1.32623573582e-11, 1.02645218714e-11, 7.92974887143e-12]
    },
    "mfcc": {
        "mean": [-622.988098145, 107.386627197, -12.1052427292, 25.6968021393, 17.0480632782, 11.2627096176, 15.4809761047, 16.9889163971, 0.401970416307, 1.99622154236, -4.69499254227, -1.83191549778, -0.623008728027],
        "cov": [[6539.67089844, 393.959350586, -59.9085464478, 218.414932251, 121.085197449, 30.5014266968, -129.726852417, 53.1077728271, 171.661483765, 66.4993133545, -128.561828613, -96.0714263916, 92.1334075928], [393.959350586, 1067.29272461, -164.684646606, 166.997055054, 152.614364624, 222.542831421, 139.846984863, 164.712478638, 17.4841308594, 25.849609375, -13.0125226974, -5.8501906395, -43.1164245605], [-59.9085464478, -164.684646606, 454.157714844, 95.0500640869, 76.893196106, 31.3370323181, -35.134967804, -53.1743469238, 12.4576234818, -62.1445236206, 12.3474273682, 38.2892951965, 23.1657485962], [218.414932251, 166.997055054, 95.0500640869, 323.961914062, 137.903564453, 78.2127914429, -27.3098659515, -0.767777204514, 41.4252548218, -53.113407135, -10.603181839, 36.3412017822, 61.3736381531], [121.085197449, 152.614364624, 76.893196106, 137.903564453, 280.962402344, 91.6583175659, 24.4400272369, 48.8034133911, 45.0711402893, -17.7019290924, -34.9901161194, 24.7879009247, 23.9553356171], [30.5014266968, 222.542831421, 31.3370323181, 78.2127914429, 91.6583175659, 177.412109375, 69.6196746826, 50.1351623535, 0.605251371861, -12.7032690048, -8.98096084595, 14.5634565353, 1.41709136963], [-129.726852417, 139.846984863, -35.134967804, -27.3098659515, 24.4400272369, 69.6196746826, 164.491012573, 64.1166915894, -15.67897892, 5.76873970032, 13.7452306747, 11.3170852661, -14.1675653458], [53.1077728271, 164.712478638, -53.1743469238, -0.767777204514, 48.8034133911, 50.1351623535, 64.1166915894, 156.719589233, 41.0280227661, 26.2086372375, -26.0440940857, -9.23932743073, -13.5589733124], [171.661483765, 17.4841308594, 12.4576234818, 41.4252548218, 45.0711402893, 0.605251371861, -15.67897892, 41.0280227661, 131.421844482, 26.2741241455, -25.6110248566, -13.5025415421, 7.30597829819], [66.4993133545, 25.849609375, -62.1445236206, -53.113407135, -17.7019290924, -12.7032690048, 5.76873970032, 26.2086372375, 26.2741241455, 114.985778809, 11.452375412, -16.3029060364, -37.7259941101], [-128.561828613, -13.0125226974, 12.3474273682, -10.603181839, -34.9901161194, -8.98096084595, 13.7452306747, -26.0440940857, -25.6110248566, 11.452375412, 81.934135437, 22.2352600098, -8.92757701874], [-96.0714263916, -5.8501906395, 38.2892951965, 36.3412017822, 24.7879009247, 14.5634565353, 11.3170852661, -9.23932743073, -13.5025415421, -16.3029060364, 22.2352600098, 86.461265564, 27.6463718414], [92.1334075928, -43.1164245605, 23.1657485962, 61.3736381531, 23.9553356171, 1.41709136963, -14.1675653458, -13.5589733124, 7.30597829819, -37.7259941101, -8.92757701874, 27.6463718414, 98.3170471191]],
