{
"lowlevel": {
    "average_loudness": 0.965418934822,
    "barkbands_crest": {
        "dmean": 2.96793675423,
        "dmean2": 4.62579488754,
        "dvar": 8.54135131836,
        "dvar2": 20.0176925659,
        "max": 26.2890377045,
        "mean": 13.8243722916,
        "median": 13.037150383,
        "min": 2.29295039177,
        "var": 26.2724018097
    },
    "barkbands_flatness_db": {
        "dmean": 0.0354886166751,
        "dmean2": 0.0507769547403,
        "dvar": 0.00156773789786,
        "dvar2": 0.00292968843132,
        "max": 0.487385749817,
        "mean": 0.249500736594,
        "median": 0.242992445827,
        "min": 0.0342610664666,
        "var": 0.0062702903524
    },
    "barkbands_kurtosis": {
        "dmean": 14.0941905975,
        "dmean2": 22.0131435394,
        "dvar": 637.092468262,
        "dvar2": 1474.12268066,
        "max": 292.332550049,
        "mean": 21.8850326538,
        "median": 10.1098585129,
        "min": -1.97061443329,
        "var": 1166.65820312
    },
    "barkbands_skewness": {
        "dmean": 1.29837155342,
        "dmean2": 1.93146777153,
        "dvar": 2.42260575294,
        "dvar2": 5.2306470871,
        "max": 14.4843053818,
        "mean": 2.68226218224,
        "median": 2.36936450005,
        "min": -10.6503238678,
        "var": 6.5850110054
    },
    "barkbands_spread": {
        "dmean": 8.87683963776,
        "dmean2": 13.6502332687,
        "dvar": 234.806488037,
        "dvar2": 476.914428711,
        "max": 122.094192505,
        "mean": 19.0218791962,
        "median": 10.3077421188,
        "min": 0.444272726774,
        "var": 574.858032227
    },
    "dissonance": {
        "dmean": 0.0314136445522,
        "dmean2": 0.0502506941557,
        "dvar": 0.00101158651523,
        "dvar2": 0.00252813473344,
        "max": 0.499620467424,
        "mean": 0.421449512243,
        "median": 0.432484745979,
        "min": 0.188783228397,
        "var": 0.00303817074746
    },
    "dynamic_complexity": 3.97229766846,
    "erbbands_crest": {
        "dmean": 3.63716101646,
        "dmean2": 5.76480579376,
        "dvar": 11.789440155,
        "dvar2": 26.5394420624,
        "max": 31.480381012,
        "mean": 13.9207324982,
        "median": 12.9963598251,
        "min": 2.7648999691,
        "var": 32.4286308289
    },
    "erbbands_flatness_db": {
        "dmean": 0.0279581602663,
        "dmean2": 0.0416072830558,
        "dvar": 0.000873209792189,
        "dvar2": 0.00192894856445,
        "max": 0.386665523052,
        "mean": 0.196046367288,
        "median": 0.199389263988,
        "min": 0.0640098750591,
        "var": 0.00294947158545
    },
    "erbbands_kurtosis": {
        "dmean": 4.71067142487,
        "dmean2": 7.35179281235,
        "dvar": 68.6990127563,
        "dvar2": 162.875473022,
        "max": 132.850860596,
        "mean": 6.49604177475,
        "median": 3.3473944664,
        "min": -1.9421505928,
        "var": 115.66583252
    },
    "erbbands_skewness": {
        "dmean": 0.854584753513,
        "dmean2": 1.23285782337,
        "dvar": 1.03037559986,
        "dvar2": 1.85923910141,
        "max": 8.83163642883,
        "mean": 1.17924511433,
        "median": 1.23399591446,
        "min": -7.35290384293,
        "var": 3.5987098217
    },
    "erbbands_spread": {
        "dmean": 16.6398429871,
        "dmean2": 26.8971271515,
        "dvar": 611.161315918,
        "dvar2": 1512.25537109,
        "max": 202.668228149,
        "mean": 38.8858108521,
        "median": 27.9755496979,
        "min": 1.3463101387,
        "var": 1182.89367676
    },
    "hfc": {
        "dmean": 12.2813606262,
        "dmean2": 18.893163681,
        "dvar": 922.852661133,
        "dvar2": 2204.75854492,
        "max": 513.83416748,
        "mean": 21.7802581787,
        "median": 9.11787891388,
        "min": 1.16408929081e-16,
        "var": 1454.89624023
    },
    "melbands_crest": {
        "dmean": 3.49195051193,
        "dmean2": 5.44874238968,
        "dvar": 11.7044229507,
        "dvar2": 26.7886638641,
        "max": 34.4752388,
        "mean": 18.9888820648,
        "median": 18.1462917328,
        "min": 1.00024986267,
        "var": 41.1112747192
    },
    "melbands_flatness_db": {
        "dmean": 0.0438214316964,
        "dmean2": 0.0601004846394,
        "dvar": 0.00264250882901,
        "dvar2": 0.00471211737022,
        "max": 0.598516106606,
        "mean": 0.311713695526,
        "median": 0.303263813257,
        "min": -4.31432667369e-08,
        "var": 0.0109579497948
    },
    "melbands_kurtosis": {
        "dmean": 29.1742477417,
        "dmean2": 47.2947044373,
        "dvar": 2521.40332031,
        "dvar2": 6382.10986328,
        "max": 533.155700684,
        "mean": 46.0366859436,
        "median": 22.8764972687,
        "min": -1.91913628578,
        "var": 3899.03466797
    },
    "melbands_skewness": {
        "dmean": 1.64049065113,
        "dmean2": 2.57763171196,
        "dvar": 4.22001934052,
        "dvar2": 10.1056013107,
        "max": 18.5442829132,
        "mean": 4.00047922134,
        "median": 3.34064006805,
        "min": -2.49388408661,
        "var": 9.58074569702
    },
    "melbands_spread": {
        "dmean": 12.028673172,
        "dmean2": 18.7829475403,
        "dvar": 742.395019531,
        "dvar2": 1596.84619141,
        "max": 307.0234375,
        "mean": 20.7322425842,
        "median": 7.95438480377,
        "min": 0.455808550119,
        "var": 1398.88049316
    },
    "pitch_salience": {
        "dmean": 0.0828480049968,
        "dmean2": 0.127938777208,
        "dvar": 0.00743697211146,
        "dvar2": 0.0160406585783,
        "max": 0.996097624302,
        "mean": 0.467631369829,
        "median": 0.467882782221,
        "min": 0.0710766091943,
        "var": 0.0230705272406
    },
    "silence_rate_20dB": {
        "dmean": 0,
        "dmean2": 0,
        "dvar": 0,
        "dvar2": 0,
        "max": 1,
        "mean": 1,
        "median": 1,
        "min": 1,
        "var": 0
    },
    "silence_rate_30dB": {
        "dmean": 0.0301391035318,
        "dmean2": 0.0603015087545,
        "dvar": 0.0292303562164,
        "dvar2": 0.0698071718216,
        "max": 1,
        "mean": 0.976438760757,
        "median": 1,
        "min": 0,
        "var": 0.0230069663376
    },
    "silence_rate_60dB": {
        "dmean": 0.0417310670018,
        "dmean2": 0.0834943950176,
        "dvar": 0.0399892479181,
        "dvar2": 0.0858010053635,
        "max": 1,
        "mean": 0.12398609519,
        "median": 0,
        "min": 0,
        "var": 0.108610540628
    },
    "spectral_centroid": {
        "dmean": 386.742126465,
        "dmean2": 566.22064209,
        "dvar": 535597.875,
        "dvar2": 975901.3125,
        "max": 11152.8125,
        "mean": 1016.3994751,
        "median": 589.923278809,
        "min": 130.166946411,
        "var": 1338524.75
    },
    "spectral_complexity": {
        "dmean": 2.45672345161,
        "dmean2": 3.72168540955,
        "dvar": 16.5631752014,
        "dvar2": 34.8679542542,
        "max": 49,
        "mean": 7.23870229721,
        "median": 5,
        "min": 0,
        "var": 35.8372802734
    },
    "spectral_decrease": {
        "dmean": 2.74067679662e-09,
        "dmean2": 4.00297972547e-09,
        "dvar": 3.53286225731e-17,
        "dvar2": 7.79100044617e-17,
        "max": 1.01465875632e-11,
        "mean": -6.48367270983e-09,
        "median": -4.80276263204e-09,
        "min": -6.18589268697e-08,
        "var": 5.25775088667e-17
    },
    "spectral_energy": {
        "dmean": 0.0111043853685,
        "dmean2": 0.0162504184991,
        "dvar": 0.000517530017532,
        "dvar2": 0.00114823016338,
        "max": 0.238475725055,
        "mean": 0.026446390897,
        "median": 0.0202748384327,
        "min": 1.04740557608e-20,
        "var": 0.000788159901276
    },
    "spectral_energyband_high": {
        "dmean": 0.00098159420304,
        "dmean2": 0.00152754457667,
        "dvar": 8.44338956085e-06,
        "dvar2": 1.92171373783e-05,
        "max": 0.0477903820574,
        "mean": 0.00136537710205,
        "median": 0.000130703207105,
        "min": 7.63365647778e-21,
        "var": 1.39272560773e-05
    },
    "spectral_energyband_low": {
        "dmean": 0.00609373953193,
        "dmean2": 0.00978260021657,
        "dvar": 0.000452307169326,
        "dvar2": 0.00103753793519,
        "max": 0.23094291985,
        "mean": 0.0104767326266,
        "median": 0.00724269729108,
        "min": 5.8181628271e-23,
        "var": 0.000483261886984
    },
    "spectral_energyband_middle_high": {
        "dmean": 0.00186452933121,
        "dmean2": 0.00283412961289,
        "dvar": 2.11170099647e-05,
        "dvar2": 5.2146413509e-05,
        "max": 0.0505467280746,
        "mean": 0.00296162860468,
        "median": 0.000243336311541,
        "min": 1.42068805369e-21,
        "var": 3.75360468752e-05
    },
    "spectral_energyband_middle_low": {
        "dmean": 0.0051958351396,
        "dmean2": 0.0075998576358,
        "dvar": 6.92876928952e-05,
        "dvar2": 0.000147161321365,
        "max": 0.0946899428964,
        "mean": 0.0119393570349,
        "median": 0.00729136401787,
        "min": 2.47889050771e-22,
        "var": 0.000190292630577
    },
    "spectral_entropy": {
        "dmean": 0.358770906925,
        "dmean2": 0.498249590397,
        "dvar": 0.172650933266,
        "dvar2": 0.29004585743,
        "max": 9.81447601318,
        "mean": 6.91815900803,
        "median": 6.88869857788,
        "min": 4.27677440643,
        "var": 0.784630596638
    },
    "spectral_flux": {
        "dmean": 0.0356613658369,
        "dmean2": 0.0583908930421,
        "dvar": 0.00221239984967,
        "dvar2": 0.0053387391381,
        "max": 0.414649248123,
        "mean": 0.0744619518518,
        "median": 0.058274962008,
        "min": 1.02342835595e-10,
        "var": 0.00399487186223
    },
    "spectral_kurtosis": {
        "dmean": 2.89050579071,
        "dmean2": 4.53313207626,
        "dvar": 18.7753276825,
        "dvar2": 42.8849983215,
        "max": 57.2583122253,
        "mean": 6.74337100983,
        "median": 4.79842376709,
        "min": -1.57480919361,
        "var": 49.9011611938
    },
    "spectral_rms": {
        "dmean": 0.00093178806128,
        "dmean2": 0.00130180327687,
        "dvar": 1.92756920114e-06,
        "dvar2": 3.71145983991e-06,
        "max": 0.0152531722561,
        "mean": 0.00448338594288,
        "median": 0.00444750860333,
        "min": 3.19665301174e-12,
        "var": 5.70060092286e-06
    },
    "spectral_rolloff": {
        "dmean": 813.095336914,
        "dmean2": 1378.4473877,
        "dvar": 4060088,
        "dvar2": 7834480.5,
        "max": 18841.5527344,
        "mean": 1707.44189453,
        "median": 409.130859375,
        "min": 86.1328125,
        "var": 9145282
    },
    "spectral_skewness": {
        "dmean": 0.413731843233,
        "dmean2": 0.604863166809,
        "dvar": 0.245007306337,
        "dvar2": 0.456016659737,
        "max": 6.13889503479,
        "mean": 1.95706653595,
        "median": 1.87278282642,
        "min": -0.808115363121,
        "var": 0.997324824333
    },
    "spectral_spread": {
        "dmean": 1230011.125,
        "dmean2": 1809579.75,
        "dvar": 3.86895446016e+12,
        "dvar2": 6.25249563443e+12,
        "max": 40926124,
        "mean": 6268489.5,
        "median": 5474686,
        "min": 1263720.25,
        "var": 1.31677227581e+13
    },
    "spectral_strongpeak": {
        "dmean": 0.481175661087,
        "dmean2": 0.795877873898,
        "dvar": 0.992245614529,
        "dvar2": 2.54350423813,
        "max": 16.1023387909,
        "mean": 1.04157137871,
        "median": 0.554189622402,
        "min": 0,
        "var": 1.72751867771
    },
    "zerocrossingrate": {
        "dmean": 0.0195259675384,
        "dmean2": 0.0209804289043,
        "dvar": 0.00120204791892,
        "dvar2": 0.00124170118943,
        "max": 0.49853515625,
        "mean": 0.0619366578758,
        "median": 0.0380859375,
        "min": 0.00341796875,
        "var": 0.00625466601923
    },
    "barkbands": {
        "dmean": [1.21423172459e-05, 0.00444322638214, 0.00226275529712, 0.000583726796322, 0.00256158644333, 0.00197487045079, 0.000265221227892, 0.0003263973922, 0.000658977718558, 0.000482368195662, 0.000142246251926, 0.000333658856107, 0.000371238507796, 0.000236278458033, 0.000133176989038, 0.000341045291862, 0.000208208235563, 0.000140903241117, 8.82234526216e-05, 0.000146753300214, 9.24563282751e-05, 0.000158643728355, 0.000100541488791, 0.00014058216766, 0.000378822092898, 0.000121882570966, 9.21693210643e-09],
        "dmean2": [1.96033797693e-05, 0.00712565891445, 0.00391758233309, 0.000955770199653, 0.00383751792833, 0.0028634078335, 0.000409770116676, 0.00047595507931, 0.000926561129745, 0.000721974414773, 0.000216458109207, 0.000451972795418, 0.0006039487198, 0.000399535172619, 0.000228230521316, 0.000637261662632, 0.000352638337063, 0.00021298698266, 0.000130324871861, 0.000214916697587, 0.000154498644406, 0.000267547642579, 0.000158668015501, 0.000213928055018, 0.000601981533691, 0.000193501051399, 1.58135211592e-08],
        "dvar": [1.17722809279e-09, 0.000349823443685, 3.25202199747e-05, 3.30491911882e-06, 2.72288471024e-05, 2.34573217313e-05, 1.01418720533e-06, 2.25793360187e-06, 4.40465964857e-06, 4.01320221499e-06, 4.95155973113e-07, 1.34630340654e-06, 1.31849935769e-06, 1.01881005321e-06, 3.48390898353e-07, 3.23948074765e-06, 8.12100665826e-07, 2.25405642595e-07, 9.21746945437e-08, 2.63374744236e-07, 9.66987840911e-08, 4.40847003347e-07, 1.38822770168e-07, 2.53971194297e-07, 2.75697902907e-06, 2.90039281481e-07, 1.75780459439e-15],
        "dvar2": [3.01146285686e-09, 0.000838421110529, 9.21825339901e-05, 7.59664953875e-06, 5.98377228016e-05, 4.57729765913e-05, 2.10912025977e-06, 5.11500593348e-06, 8.47767296364e-06, 8.90041246748e-06, 9.15989119221e-07, 2.31274589169e-06, 3.20926119457e-06, 2.8231070246e-06, 9.51819060901e-07, 9.48072647589e-06, 2.25084409067e-06, 4.34945320649e-07, 2.17726238816e-07, 5.69268593154e-07, 2.46664910719e-07, 1.14115982797e-06, 2.99546513816e-07, 5.33735089903e-07, 6.76872559779e-06, 6.49742389669e-07, 4.79179074349e-15],
        "max": [0.000529894663487, 0.200553372502, 0.0562573522329, 0.0210642386228, 0.0880667716265, 0.0760124102235, 0.0328338742256, 0.0395635105669, 0.0450535006821, 0.0422960594296, 0.0191404763609, 0.0225833579898, 0.0135048255324, 0.015565071255, 0.00950421113521, 0.0263480097055, 0.0118090864271, 0.01336924918, 0.00541992718354, 0.0117257284001, 0.00482254801318, 0.0148248272017, 0.00622247345746, 0.00907554943115, 0.0368009284139, 0.00826153811067, 8.69550888183e-07],
        "mean": [1.17646050057e-05, 0.00475808233023, 0.00546987634152, 0.000661305559333, 0.00522576319054, 0.00383449229412, 0.000328085647197, 0.000590553216171, 0.00116775860079, 0.000645391352009, 0.000171570369275, 0.000652691582218, 0.000391994224628, 0.000216883418034, 0.000121309094538, 0.000216185857425, 0.000209045319934, 0.000210844882531, 0.000124411657453, 0.000205828851904, 9.81821358437e-05, 0.000148172184709, 0.000117849122034, 0.000180067931069, 0.000530615681782, 0.000157676520757, 8.27669222048e-09],
        "median": [1.32879949888e-06, 0.00109157583211, 0.00491726165637, 6.80220473441e-05, 0.00193026254419, 0.000339738704497, 3.65593150491e-05, 1.57478098117e-05, 3.14343815262e-05, 2.05162632483e-05, 5.30716988578e-06, 1.10449227577e-05, 1.19704600365e-05, 1.26377699416e-05, 9.78980460786e-06, 7.46895693737e-06, 8.51134336699e-06, 1.1173193343e-05, 9.60671059147e-06, 1.06174220491e-05, 6.9926559263e-06, 1.97539475266e-06, 3.24800112139e-06, 1.14270515041e-05, 3.9806458517e-05, 4.3570789785e-06, 8.81977602063e-10],
        "min": [2.75860162049e-24, 9.72164569463e-24, 2.53913878116e-23, 9.91435810289e-24, 9.38554835051e-24, 9.54799137698e-24, 6.68364863195e-23, 3.7418563121e-23, 5.35413275454e-23, 3.43904164067e-23, 7.20526491949e-23, 7.11777708966e-23, 3.96393012325e-23, 5.73738410149e-23, 1.22856793482e-22, 1.05890932388e-22, 1.08743440799e-22, 1.02721005281e-22, 2.59125459287e-22, 2.02161573508e-22, 2.9362453024e-22, 5.54991490457e-22, 5.31436886378e-22, 7.03227264547e-22, 1.14216739513e-21, 1.72814448367e-21, 2.2840728632e-21],
        "var": [1.1568426217e-09, 0.00033163302578, 3.58236356988e-05, 3.89430806536e-06, 6.78550568409e-05, 6.84132028255e-05, 2.19929461309e-06, 6.75558749208e-06, 1.30922226163e-05, 6.08626032772e-06, 8.76332535427e-07, 6.14800819676e-06, 1.62040430496e-06, 9.12552707177e-07, 2.6307037615e-07, 1.75939374003e-06, 7.14193618023e-07, 5.00490671129e-07, 1.25570409182e-07, 4.08103687732e-07, 1.04452176686e-07, 4.79200650716e-07, 1.9037234722e-07, 3.93511044194e-07, 4.07480365539e-06, 4.17466793579e-07, 1.58413806449e-15]
    },
    "erbbands": {
        "dmean": [0.0620953477919, 1.20616030693, 2.93735742569, 1.70976638794, 5.25230550766, 8.20216560364, 14.005903244, 18.0566043854, 7.10501432419, 3.46738314629, 8.68772983551, 13.2021818161, 17.879611969, 11.2080783844, 10.0712299347, 12.0874004364, 14.5584955215, 13.3885345459, 8.49865722656, 8.62612438202, 19.831615448, 11.338968277, 7.48978853226, 5.78921794891, 4.42952299118, 7.12994337082, 5.19087219238, 3.07406949997, 5.30406236649, 4.92763757706, 2.66245603561, 2.20777320862, 3.20283412933, 4.66989374161, 2.38124990463, 0.808971166611, 0.193241506815, 0.0151616223156, 0.000309930735966, 3.00352603517e-05],
        "dmean2": [0.0919692665339, 1.95388448238, 4.87389850616, 2.88659214973, 8.01711368561, 12.4709415436, 20.6839637756, 26.0089473724, 10.4463338852, 5.0217590332, 12.5144767761, 18.3300991058, 26.6912231445, 16.8021526337, 12.4841194153, 16.8508987427, 23.8322620392, 22.0403995514, 14.1453933716, 15.7835197449, 36.7603302002, 19.3963718414, 10.8325405121, 8.62019062042, 6.60199832916, 10.3680725098, 8.0759677887, 5.29929733276, 9.03023719788, 7.96902322769, 4.19873332977, 3.47352075577, 4.9126086235, 7.41718578339, 3.80851483345, 1.27844965458, 0.305814623833, 0.023398919031, 0.000481507100631, 4.54926666862e-05],
        "dvar": [0.068846128881, 24.6122150421, 60.9270858765, 21.8522529602, 151.979064941, 373.673278809, 1538.11474609, 2697.49389648, 579.299499512, 185.774917603, 1481.72937012, 1866.64233398, 4493.37011719, 3903.38330078, 1443.81005859, 1973.95031738, 2281.921875, 2728.92333984, 1414.94287109, 2224.14990234, 9561.84765625, 2461.28100586, 598.499816895, 368.24206543, 219.250991821, 671.334411621, 416.922668457, 143.27722168, 545.984130859, 393.591033936, 91.2055206299, 60.4701385498, 147.375747681, 358.884674072, 135.619857788, 14.430472374, 0.853046238422, 0.00455279136077, 1.76365665538e-06, 6.99197322263e-09],
        "dvar2": [0.159837841988, 58.8455810547, 158.701934814, 58.2231521606, 361.958984375, 887.664855957, 2820.03686523, 5282.73974609, 1263.43823242, 361.068328857, 3526.11206055, 3626.85620117, 9913.93164062, 8827.62304688, 2099.9831543, 3757.5612793, 5641.22363281, 7350.05957031, 3872.68408203, 6492.27441406, 27978.7929688, 6823.45117188, 1023.12976074, 803.608947754, 535.758239746, 1458.51879883, 962.6015625, 402.330871582, 1436.12683105, 955.163696289, 194.33114624, 126.438720703, 324.028137207, 857.568786621, 340.173980713, 35.0096473694, 2.03178119659, 0.00964353885502, 3.7766656078e-06, 1.58791433336e-08],
        "max": [2.81642365456, 53.306427002, 77.8334350586, 42.9413642883, 148.657318115, 347.327392578, 732.89050293, 748.435058594, 570.224975586, 446.784790039, 980.284240723, 870.22467041, 1603.28857422, 1740.49169922, 1219.2154541, 922.471801758, 678.832275391, 883.090637207, 577.495361328, 791.532897949, 1175.67980957, 690.309082031, 740.17565918, 447.61932373, 257.811920166, 545.389648438, 565.294250488, 173.852554321, 509.347442627, 353.696990967, 160.805465698, 144.849502563, 197.114929199, 415.310333252, 269.291625977, 67.2459335327, 20.1533336639, 1.20457303524, 0.0231543723494, 0.00121169025078],
        "mean": [0.0643628537655, 1.39323318005, 6.16468429565, 3.68403625488, 8.90965270996, 16.528968811, 28.340089798, 33.9991149902, 10.2061872482, 6.02672767639, 14.6175012589, 23.4902877808, 26.8927726746, 15.2660446167, 19.5855007172, 18.520488739, 15.5955429077, 14.6950321198, 8.62655067444, 6.28346300125, 13.3194360733, 11.6667413712, 11.6307086945, 8.67305755615, 6.24355173111, 10.1422805786, 6.69346952438, 2.86312127113, 4.95508432388, 5.01849985123, 3.13847851753, 2.70120716095, 4.19339227676, 6.58768749237, 3.14742255211, 1.01016879082, 0.243622452021, 0.0202388186008, 0.000432143744547, 5.69313269807e-05],
        "median": [0.00570638012141, 0.453824371099, 5.24289178848, 2.85543012619, 1.53606581688, 5.87158203125, 3.57058262825, 2.54437947273, 1.14563882351, 0.956721842289, 0.941118597984, 1.01096880436, 1.11622333527, 0.82602673769, 0.473964959383, 0.45789155364, 0.606341183186, 0.75686776638, 0.736240506172, 0.441628098488, 0.463738083839, 0.511727154255, 0.630071759224, 0.646879971027, 0.488750934601, 0.5081641078, 0.445264995098, 0.204621747136, 0.086410716176, 0.0673317238688, 0.109753876925, 0.141245692968, 0.275672644377, 0.534529864788, 0.179121643305, 0.0330344103277, 0.00638685468584, 0.000748675782233, 3.45545486198e-05, 3.02001262753e-05],
        "min": [6.07848402282e-22, 1.67462866473e-21, 1.93066071389e-20, 3.84076728203e-20, 3.23803469699e-20, 2.14105151775e-20, 1.20065059117e-19, 1.4235035172e-19, 6.61434969397e-19, 7.83691281655e-19, 8.45364110368e-19, 1.13953228366e-18, 1.10026291805e-18, 1.66958558768e-18, 3.58195220066e-18, 2.73712348294e-18, 2.40364272386e-18, 3.4393441951e-18, 3.92228656471e-18, 6.4617074706e-18, 7.00648779484e-18, 5.94686694862e-18, 6.5796994083e-18, 1.14353467977e-17, 1.45858759189e-17, 1.12968494662e-17, 1.25279307913e-17, 1.17285062242e-17, 1.86798607769e-17, 1.72789046781e-17, 1.55490714939e-17, 1.43040935345e-17, 1.17937831823e-17, 9.20639448626e-18, 9.70023371967e-18, 6.51677536552e-18, 3.20553828624e-18, 1.15900028957e-18, 2.82077351825e-19, 3.41592053396e-20],
        "var": [0.0731158182025, 23.2974834442, 63.3953018188, 23.6426753998, 280.663330078, 765.87689209, 5030.52636719, 7512.60253906, 963.33013916, 559.905822754, 3395.94873047, 5125.51318359, 6725.09082031, 5044.98779297, 5392.13916016, 4616.85693359, 2677.87939453, 3059.92407227, 1149.26611328, 1235.34216309, 5276.14746094, 2116.76269531, 1598.84777832, 581.720397949, 276.68258667, 1029.78894043, 564.29901123, 106.156829834, 588.705505371, 467.924591064, 127.402061462, 92.661239624, 225.033126831, 618.635986328, 165.509979248, 17.7023067474, 1.08661746979, 0.00777401169762, 2.98102190754e-06, 1.1450706161e-08]
    },
    "gfcc": {
        "mean": [-80.1735076904, 88.6907806396, -70.5368499756, 33.2586364746, -50.9807701111, 9.89198207855, -49.336555481, 13.3438673019, -42.2241134644, 0.255840420723, -17.7810115814, -9.27023887634, -7.17918205261],
        "cov": [[10225.8164062, -1410.25, -1203.79077148, -110.907539368, -636.991210938, 312.236328125, -189.665115356, 522.97277832, -585.497009277, 93.5504684448, 115.489311218, 97.1598129272, 192.519073486], [-1410.25, 3295.12329102, -453.435333252, -498.015167236, 745.093444824, -507.182617188, 335.902496338, -140.591583252, 177.644165039, -127.275939941, 269.170684814, -391.091094971, 271.165496826], [-1203.79077148, -453.435333252, 1629.5234375, 370.674682617, -100.131057739, 236.533905029, -143.590164185, -104.761421204, 183.831588745, -29.524980545, -156.609054565, 85.992149353, -93.1741790771], [-110.907539368, -498.015167236, 370.674682617, 807.145935059, 90.4962387085, -4.38421630859, -61.1901817322, -114.750205994, 159.25402832, -30.4372711182, -120.405769348, 49.7039680481, -57.4103431702], [-636.991210938, 745.093444824, -100.131057739, 90.4962387085, 563.392272949, 8.37263393402, 160.335144043, -154.823226929, 86.3603820801, 1.47197198868, 19.5176029205, -74.0218734741, 9.51812362671], [312.236328125, -507.182617188, 236.533905029, -4.38421630859, 8.37263393402, 564.870483398, 111.706855774, -25.5377941132, -64.6047592163, 3.91327500343, -46.0393676758, 42.7326049805, -113.917274475], [-189.665115356, 335.902496338, -143.590164185, -61.1901817322, 160.335144043, 111.706855774, 352.783477783, 2.95033574104, -39.8209037781, -21.6394062042, 33.0895614624, -44.6353378296, -36.0371513367], [522.97277832, -140.591583252, -104.761421204, -114.750205994, -154.823226929, -25.5377941132, 2.95033574104, 383.381072998, -68.4966659546, -14.8616161346, 65.9212417603, -26.609582901, 83.8204116821], [-585.497009277, 177.644165039, 183.831588745, 159.25402832, 86.3603820801, -64.6047592163, -39.8209037781, -68.4966659546, 286.041931152, 21.4163818359, -57.4466896057, 6.44975757599, -23.2531280518], [93.5504684448, -127.275939941, -29.524980545, -30.4372711182, 1.47197198868, 3.91327500343, -21.6394062042, -14.8616161346, 21.4163818359, 145.694030762, 3.89875817299, 32.8545150757, -25.780960083], [115.489311218, 269.170684814, -156.609054565, -120.405769348, 19.5176029205, -46.0393676758, 33.0895614624, 65.9212417603, -57.4466896057, 3.89875817299, 176.817733765, -34.9897727966, 47.8938026428], [97.1598129272, -391.091094971, 85.992149353, 49.7039680481, -74.0218734741, 42.7326049805, -44.6353378296, -26.609582901, 6.44975757599, 32.8545150757, -34.9897727966, 161.818618774, -38.1370849609], [192.519073486, 271.165496826, -93.1741790771, -57.4103431702, 9.51812362671, -113.917274475, -36.0371513367, 83.8204116821, -23.2531280518, -25.780960083, 47.8938026428, -38.1370849609, 178.357040405]],
        "icov": [[0.000152066961164, -6.20085193077e-05, 0.000155221234309, -0.000167178979609, 0.000184288539458, -0.000231271973462, 0.000148924678797, -0.000130241765874, 0.000241097877733, -0.000181452240213, 5.95144410909e-05, -0.000100422046671, -0.000141090786201], [-6.20085193077e-05, 0.00166836031713, -0.000312335730996, 0.00130255287513, -0.00146230775863, 0.00129633909091, -0.00112003926188, 0.000927111774217, -0.00137908163015, 0.00120480544865, -0.00129211763851, 0.00191110814922, -0.0012194867013], [0.000155221234309, -0.000312335730996, 0.00105975277256, -0.000603298773058, 0.00060270173708, -0.000879969738889, 0.000606875983067, -0.000166578989592, -6.21795043116e-05, -8.63298482727e-05, 0.000436103349784, -0.000454442371847, 3.85788152926e-05], [-0.000167178979609, 0.00130255287513, -0.000603298773058, 0.00277897529304, -0.00162787584122, 0.00133153004572, -0.000747729092836, 0.000815738574602, -0.00168746639974, 0.00158457166981, -0.000392598158214, 0.00109729496762, -0.000468563521281], [0.000184288539458, -0.00146230775863, 0.00060270173708, -0.00162787584122, 0.00431168591604, -0.00153784838039, -0.000219458044739, 0.000426149257692, 0.000474617001601, -0.0015607617097, 0.000624158536084, -0.000671695685014, -0.00011672690016], [-0.000231271973462, 0.00129633909091, -0.000879969738889, 0.00133153004572, -0.00153784838039, 0.00376972719096, -0.00172001507599, 0.000602546322625, -0.00039693681174, 0.00103269936517, -0.000541468267329, 0.00108224083669, 0.00058108032681], [0.000148924678797, -0.00112003926188, 0.000606875983067, -0.000747729092836, -0.000219458044739, -0.00172001507599, 0.00494947982952, -0.00124507350847, 0.00138559297193, -0.000133123598062, 0.000507103395648, -0.000830458418932, 0.00196442496963], [-0.000130241765874, 0.000927111774217, -0.000166578989592, 0.000815738574602, 0.000426149257692, 0.000602546322625, -0.00124507350847, 0.00428130896762, -0.000913447875064, 0.000681029283442, -0.00155854574405, 0.00158204999752, -0.00225875526667], [0.000241097877733, -0.00137908163015, -6.21795043116e-05, -0.00168746639974, 0.000474617001601, -0.00039693681174, 0.00138559297193, -0.000913447875064, 0.00628150301054, -0.00202254834585, 0.00209888140671, -0.00144117360469, 0.00134601152968], [-0.000181452240213, 0.00120480544865, -8.63298482727e-05, 0.00158457166981, -0.0015607617097, 0.00103269936517, -0.000133123598062, 0.000681029283442, -0.00202254834585, 0.00888837594539, -0.00156976364087, -0.000250157841947, 0.000614142569248], [5.95144410909e-05, -0.00129211763851, 0.000436103349784, -0.000392598158214, 0.000624158536084, -0.000541468267329, 0.000507103395648, -0.00155854574405, 0.00209888140671, -0.00156976364087, 0.00851396936923, -0.000874331977684, 3.09952301905e-05], [-0.000100422046671, 0.00191110814922, -0.000454442371847, 0.00109729496762, -0.000671695685014, 0.00108224083669, -0.000830458418932, 0.00158204999752, -0.00144117360469, -0.000250157841947, -0.000874331977684, 0.00994912069291, -0.000727481383365], [-0.000141090786201, -0.0012194867013, 3.85788152926e-05, -0.000468563521281, -0.00011672690016, 0.00058108032681, 0.00196442496963, -0.00225875526667, 0.00134601152968, 0.000614142569248, 3.09952301905e-05, -0.000727481383365, 0.00941858720034]]
    },
    "melbands": {
        "dmean": [0.000944724772125, 0.00155856250785, 0.00039311114233, 0.00049287173897, 0.000464577169623, 0.000379096920369, 0.000103080703411, 4.40532603534e-05, 6.99654483469e-05, 9.17007928365e-05, 9.23652114579e-05, 4.9077141739e-05, 2.63224228547e-05, 4.32339620602e-05, 2.62910816673e-05, 3.53475406882e-05, 2.43004687945e-05, 1.46952024807e-05, 9.08079255169e-06, 1.7605299945e-05, 2.40800491156e-05, 1.24346752273e-05, 8.26243558549e-06, 7.47978492655e-06, 4.7377179726e-06, 3.14078965857e-06, 3.741848559e-06, 5.17884427609e-06, 4.1216558202e-06, 1.77155425263e-06, 1.83014640243e-06, 2.78386733044e-06, 3.7075558339e-06, 2.40399572249e-06, 1.48960918978e-06, 1.56325052103e-06, 1.25044743982e-06, 1.98574139176e-06, 3.3968083244e-06, 4.28212615589e-06],
        "dmean2": [0.00147011061199, 0.00252754078247, 0.000640021171421, 0.000742616713978, 0.000691951718181, 0.000549734046217, 0.000150763400597, 6.30318463664e-05, 9.9658012914e-05, 0.000129140520585, 0.000137137729325, 7.38348389859e-05, 3.45873304468e-05, 5.73098477616e-05, 4.17057417508e-05, 5.79273619223e-05, 4.03340491175e-05, 2.45138307946e-05, 1.56693440658e-05, 3.32318122673e-05, 4.44431389042e-05, 2.14511455852e-05, 1.27663352032e-05, 1.08992117021e-05, 7.19703530194e-06, 4.80468543174e-06, 5.56475151825e-06, 7.6097389865e-06, 6.44496367386e-06, 2.94135134027e-06, 3.22721666635e-06, 4.78438187201e-06, 6.22412972007e-06, 3.81486051992e-06, 2.37847825701e-06, 2.48663172897e-06, 1.97815757019e-06, 3.04746095026e-06, 5.32213607585e-06, 6.80738912706e-06],
        "dvar": [1.61540301633e-05, 2.45525225182e-05, 1.00433703665e-06, 1.0340662584e-06, 1.57278066126e-06, 1.10689518351e-06, 1.20242347634e-07, 2.79634786438e-08, 8.39212717096e-08, 8.89984335117e-08, 1.15013939705e-07, 7.29267597421e-08, 1.13075273589e-08, 2.46612401611e-08, 1.05553690233e-08, 1.10899271988e-08, 1.05416475549e-08, 4.49911929934e-09, 1.52138202036e-09, 1.23852572642e-08, 1.30730786196e-08, 3.06106717751e-09, 1.25048771338e-09, 5.27414001361e-10, 2.77649542246e-10, 1.28025284818e-10, 1.70290989643e-10, 3.96116611734e-10, 3.24688081976e-10, 3.24860416345e-11, 6.02844371644e-11, 1.48729320526e-10, 2.85772655539e-10, 9.71781058401e-11, 3.03993219486e-11, 3.16334597406e-11, 2.13894440354e-11, 6.60062490776e-11, 1.7648264794e-10, 3.02082220349e-10],
        "dvar2": [3.82621110475e-05, 5.87754439039e-05, 2.54125598076e-06, 2.46134413828e-06, 2.93524749395e-06, 2.17691854232e-06, 2.60517367678e-07, 5.44233600408e-08, 2.00878218948e-07, 1.71160081663e-07, 2.52706001902e-07, 1.61683615829e-07, 1.8315661876e-08, 4.04774773699e-08, 2.41721149763e-08, 2.62472852341e-08, 2.8844162614e-08, 1.23675203412e-08, 4.24356061401e-09, 3.63444527807e-08, 3.813864069e-08, 8.5302138686e-09, 2.87257484466e-09, 9.51767331614e-10, 6.12946582379e-10, 3.27671667577e-10, 4.06446126755e-10, 8.47435066564e-10, 7.66222474358e-10, 8.47555775563e-11, 1.70345362815e-10, 4.03079569722e-10, 7.18241077724e-10, 2.31156871422e-10, 6.63329460804e-11, 6.54866300076e-11, 4.66049560055e-11, 1.50426879286e-10, 4.04543176735e-10, 7.15937253926e-10],
        "max": [0.0423831678927, 0.0534548684955, 0.0104084350169, 0.0138494027779, 0.0238510519266, 0.015612674877, 0.00785836298019, 0.00464116875082, 0.00716590927914, 0.00583248771727, 0.00790422223508, 0.00749284308404, 0.00298445974477, 0.00338163087144, 0.00149369065184, 0.00162215763703, 0.00188095041085, 0.000995302805677, 0.000590392039157, 0.0019203715492, 0.00129312323406, 0.000718520313967, 0.000876524252817, 0.000805157760624, 0.000385141465813, 0.000224407835049, 0.000274589168839, 0.000432378612459, 0.000526913267095, 6.858271081e-05, 0.000113541391329, 0.000185125420103, 0.000474907137686, 0.00017510469479, 9.35758434935e-05, 9.96468806989e-05, 8.55549660628e-05, 0.000150398453115, 0.000257134146523, 0.000384930492146],
        "mean": [0.0009836939862, 0.00280144647695, 0.000787565426435, 0.000968977285083, 0.000956298783422, 0.000722286757082, 0.000143164288602, 8.10082347016e-05, 0.000110996545118, 0.00016658178356, 0.000138547780807, 6.69236615067e-05, 4.48756800324e-05, 8.58382991282e-05, 2.48998803727e-05, 4.01412944484e-05, 2.44288603426e-05, 1.41847121995e-05, 8.2249780462e-06, 1.0890028534e-05, 1.61925563589e-05, 1.17303598017e-05, 1.02146741483e-05, 1.162405988e-05, 6.50124457025e-06, 4.15009981225e-06, 5.08942730448e-06, 7.18911451258e-06, 5.16430782227e-06, 1.90221533103e-06, 1.52798077124e-06, 2.5514536901e-06, 3.40594351655e-06, 2.50327479989e-06, 1.70465966676e-06, 1.78319112365e-06, 1.51274912241e-06, 2.37216499954e-06, 4.5482738642e-06, 5.94591574554e-06],
        "median": [0.00014997406106, 0.00215760851279, 0.000532415462658, 0.000293595978292, 0.000177714697202, 5.56582308491e-05, 1.11770168587e-05, 5.21633683093e-06, 4.79628351968e-06, 4.36283880845e-06, 5.02643479194e-06, 2.0128959477e-06, 1.13438602511e-06, 1.21651135032e-06, 8.55021539792e-07, 1.42320254781e-06, 1.25628685055e-06, 1.10613382276e-06, 6.36476045202e-07, 4.59934398123e-07, 5.1822075875e-07, 4.91486559895e-07, 4.99733232573e-07, 5.53166785267e-07, 4.98026679452e-07, 3.58492087571e-07, 2.96448661175e-07, 3.32796560087e-07, 2.71087600368e-07, 1.44333398566e-07, 8.46716190495e-08, 4.05121163283e-08, 3.04989526967e-08, 3.39453549714e-08, 4.92925451567e-08, 6.63749375462e-08, 7.11229191097e-08, 1.18026498797e-07, 3.105745634e-07, 4.72070667001e-07],
        "min": [5.34113343123e-24, 7.43829569307e-24, 7.47998620305e-24, 1.55341878089e-24, 5.01215634565e-24, 3.11987624925e-24, 1.35592457392e-23, 9.2315185256e-24, 6.59705679033e-24, 7.72320621963e-24, 5.45315601851e-24, 6.0147559577e-24, 1.13202731079e-23, 7.98541964022e-24, 7.42350770654e-24, 3.69238652919e-24, 6.70882654769e-24, 4.04178959019e-24, 7.39082835468e-24, 6.57432063575e-24, 9.12207275247e-24, 5.38415277741e-24, 8.17485196483e-24, 4.65905826017e-24, 8.55070237654e-24, 8.78959627992e-24, 6.45939267376e-24, 7.17739493703e-24, 7.00297226886e-24, 7.64088779531e-24, 6.39920968644e-24, 1.01162828288e-23, 1.05439937453e-23, 8.77099809522e-24, 8.483283957e-24, 9.35900318105e-24, 8.51582999137e-24, 8.4492414535e-24, 7.50101802365e-24, 7.21563418055e-24],
        "var": [1.59960400197e-05, 2.49979329965e-05, 1.16234934922e-06, 2.37483573073e-06, 5.07854838361e-06, 3.12136694447e-06, 2.05123555475e-07, 1.07570400587e-07, 1.71278387029e-07, 2.6687433774e-07, 1.77804466261e-07, 1.01927035701e-07, 3.11350412119e-08, 1.06018248403e-07, 1.2043474662e-08, 1.52935886177e-08, 1.04379234145e-08, 3.63357499644e-09, 1.13384968081e-09, 6.61842847194e-09, 7.34661176338e-09, 2.42540254547e-09, 1.88519466704e-09, 1.45396450435e-09, 3.88271942375e-10, 1.42123035562e-10, 2.17820539383e-10, 6.0196958529e-10, 4.15868922632e-10, 3.33596449076e-11, 4.2273740064e-11, 1.4622260347e-10, 3.18668036403e-10, 1.13781192801e-10, 4.02296078394e-11, 4.49837632421e-11, 3.10887739163e-11, 8.63861274181e-11, 2.76041439706e-10, 5.42504763335e-10]
    },
    "mfcc": {
        "mean": [-742.730834961, 125.366348267, 33.979839325, 30.4983348846, 24.1704406738, -4.57675600052, 15.7954568863, -7.16286849976, -1.7619549036, -3.7757153511, -5.36975431442, -7.51606559753, -9.83224582672],
        "cov": [[8535.14257812, -1498.67993164, -946.949890137, -319.145202637, -209.050643921, -558.134521484, 536.005981445, -87.9858474731, -114.573028564, -91.9212188721, -169.250091553, 24.5036048889, -62.820854187], [-1498.67993164, 3222.44335938, -746.653320312, 81.6985549927, 108.598426819, -144.304260254, 244.524154663, -180.206039429, 59.5889205933, 117.576377869, -40.5280723572, 65.6785888672, -120.601165771], [-946.949890137, -746.653320312, 1549.26757812, 17.0945129395, 148.143493652, 197.453384399, -241.381759644, 141.905792236, 61.0045661926, -1.61964416504, 67.1933670044, -100.210113525, 33.0073852539], [-319.145202637, 81.6985549927, 17.0945129395, 691.92791748, 140.882171631, 36.53490448, -180.615447998, -15.9719638824, 60.7609100342, 14.2288599014, -9.71608448029, 18.9980068207, -30.5119991302], [-209.050643921, 108.598426819, 148.143493652, 140.882171631, 347.929656982, 66.7569885254, -60.1901016235, -4.87854194641, 63.1738014221, 21.0292949677, -6.79615974426, 27.8692588806, -4.82979249954], [-558.134521484, -144.304260254, 197.453384399, 36.53490448, 66.7569885254, 708.96081543, -77.9301147461, 106.67653656, 11.5702180862, -2.80710744858, 121.631835938, -56.5398635864, 53.0217170715], [536.005981445, 244.524154663, -241.381759644, -180.615447998, -60.1901016235, -77.9301147461, 519.34387207, 58.856464386, -34.017124176, 39.2842140198, -28.9314804077, -13.8191242218, -14.390627861], [-87.9858474731, -180.206039429, 141.905792236, -15.9719638824, -4.87854194641, 106.67653656, 58.856464386, 217.106170654, 36.6658859253, 24.4634075165, 16.9201927185, -16.9045028687, 35.7822151184], [-114.573028564, 59.5889205933, 61.0045661926, 60.7609100342, 63.1738014221, 11.5702180862, -34.017124176, 36.6658859253, 181.366149902, 34.9466781616, -3.25466251373, 4.96197462082, 4.93668413162], [-91.9212188721, 117.576377869, -1.61964416504, 14.2288599014, 21.0292949677, -2.80710744858, 39.2842140198, 24.4634075165, 34.9466781616, 136.174835205, 17.7626686096, 2.71050691605, 3.17343878746], [-169.250091553, -40.5280723572, 67.1933670044, -9.71608448029, -6.79615974426, 121.631835938, -28.9314804077, 16.9201927185, -3.25466251373, 17.7626686096, 141.272613525, 26.6115932465, 29.6720314026], [24.5036048889, 65.6785888672, -100.210113525, 18.9980068207, 27.8692588806, -56.5398635864, -13.8191242218, -16.9045028687, 4.96197462082, 2.71050691605, 26.6115932465, 144.553009033, 26.1641750336], [-62.820854187, -120.601165771, 33.0073852539, -30.5119991302, -4.82979249954, 53.0217170715, -14.390627861, 35.7822151184, 4.93668413162, 3.17343878746, 29.6720314026, 26.1641750336, 110.494819641]],
