{
"lowlevel": {
    "average_loudness": 0.9623914361,
    "barkbands_crest": {
        "dmean": 3.07788038254,
        "dmean2": 5.00613355637,
        "dvar": 9.63287830353,
        "dvar2": 24.6184482574,
        "max": 24.1042308807,
        "mean": 10.5115947723,
        "median": 9.65571975708,
        "min": 2.68967485428,
        "var": 20.8102779388
    },
    "barkbands_flatness_db": {
        "dmean": 0.0244496241212,
        "dmean2": 0.0383281670511,
        "dvar": 0.000684426981024,
        "dvar2": 0.00168489816133,
        "max": 0.444711685181,
        "mean": 0.157898426056,
        "median": 0.137741029263,
        "min": 0.0494510009885,
        "var": 0.00375092565082
    },
    "barkbands_kurtosis": {
        "dmean": 4.52451753616,
        "dmean2": 7.1757183075,
        "dvar": 98.9371414185,
        "dvar2": 248.31678772,
        "max": 197.809967041,
        "mean": 6.2179517746,
        "median": 1.12352991104,
        "min": -1.87936866283,
        "var": 239.189971924
    },
    "barkbands_skewness": {
        "dmean": 0.658462047577,
        "dmean2": 1.01031041145,
        "dvar": 0.617407858372,
        "dvar2": 1.67379498482,
        "max": 11.1915311813,
        "mean": 1.7767816782,
        "median": 1.47024023533,
        "min": -1.53649246693,
        "var": 2.18688821793
    },
    "barkbands_spread": {
        "dmean": 6.60116863251,
        "dmean2": 10.5349521637,
        "dvar": 53.5431442261,
        "dvar2": 133.062591553,
        "max": 94.6329498291,
        "mean": 28.1874217987,
        "median": 28.8693389893,
        "min": 0.561032414436,
        "var": 229.165313721
    },
    "dissonance": {
        "dmean": 0.0127994948998,
        "dmean2": 0.0213615261018,
        "dvar": 0.000161699499586,
        "dvar2": 0.000420712021878,
        "max": 0.499999970198,
        "mean": 0.47663089633,
        "median": 0.481650650501,
        "min": 0.334893971682,
        "var": 0.000352380389813
    },
    "dynamic_complexity": 3.13989567757,
    "erbbands_crest": {
        "dmean": 2.29991889,
        "dmean2": 3.69502544403,
        "dvar": 5.81901311874,
        "dvar2": 14.2139072418,
        "max": 29.2627086639,
        "mean": 7.32317113876,
        "median": 6.2887377739,
        "min": 2.26284956932,
        "var": 15.444562912
    },
    "erbbands_flatness_db": {
        "dmean": 0.0125347515568,
        "dmean2": 0.0184648986906,
        "dvar": 0.0001875016751,
        "dvar2": 0.000394023809349,
        "max": 0.301590830088,
        "mean": 0.165568605065,
        "median": 0.160231515765,
        "min": 0.0915783718228,
        "var": 0.000783286814112
    },
    "erbbands_kurtosis": {
        "dmean": 1.00857388973,
        "dmean2": 1.52369582653,
        "dvar": 6.84358596802,
        "dvar2": 15.2616415024,
        "max": 37.0983467102,
        "mean": 0.20503179729,
        "median": -0.499636650085,
        "min": -1.82572615147,
        "var": 10.1997470856
    },
    "erbbands_skewness": {
        "dmean": 0.365870475769,
        "dmean2": 0.530551552773,
        "dvar": 0.193381711841,
        "dvar2": 0.398444086313,
        "max": 5.27013158798,
        "mean": 0.0268182754517,
        "median": -0.121293924749,
        "min": -2.33508777618,
        "var": 0.771072626114
    },
    "erbbands_spread": {
        "dmean": 9.37193202972,
        "dmean2": 13.9262561798,
        "dvar": 111.72518158,
        "dvar2": 221.599029541,
        "max": 153.234848022,
        "mean": 47.9418640137,
        "median": 45.0248222351,
        "min": 5.23693561554,
        "var": 394.023406982
    },
    "hfc": {
        "dmean": 5.26578330994,
        "dmean2": 7.88697957993,
        "dvar": 57.8286743164,
        "dvar2": 124.273391724,
        "max": 88.0811843872,
        "mean": 21.3286724091,
        "median": 16.7177295685,
        "min": 1.12280000805e-16,
        "var": 269.663391113
    },
    "melbands_crest": {
        "dmean": 3.28286719322,
        "dmean2": 5.37711334229,
        "dvar": 9.29287433624,
        "dvar2": 24.0813312531,
        "max": 28.0704956055,
        "mean": 14.4056396484,
        "median": 14.0848426819,
        "min": 2.07965111732,
        "var": 20.8724517822
    },
    "melbands_flatness_db": {
        "dmean": 0.0313349813223,
        "dmean2": 0.0473725497723,
        "dvar": 0.00108341919258,
        "dvar2": 0.00265801372007,
        "max": 0.528737127781,
        "mean": 0.191985502839,
        "median": 0.170512005687,
        "min": 0.00682378700003,
        "var": 0.00652534887195
    },
    "melbands_kurtosis": {
        "dmean": 12.9504613876,
        "dmean2": 20.589963913,
        "dvar": 539.418457031,
        "dvar2": 1393.58862305,
        "max": 298.503051758,
        "mean": 22.7374687195,
        "median": 10.7396621704,
        "min": -1.1313586235,
        "var": 1213.34472656
    },
    "melbands_skewness": {
        "dmean": 0.996598660946,
        "dmean2": 1.51957774162,
        "dvar": 1.32048881054,
        "dvar2": 3.27274036407,
        "max": 13.9095001221,
        "mean": 3.432751894,
        "median": 2.99504709244,
        "min": -0.0122111849487,
        "var": 4.17504024506
    },
    "melbands_spread": {
        "dmean": 7.82655191422,
        "dmean2": 11.71778965,
        "dvar": 85.2368087769,
        "dvar2": 186.105010986,
        "max": 130.370529175,
        "mean": 26.3738269806,
        "median": 22.9720153809,
        "min": 0.509988903999,
        "var": 365.54800415
    },
    "pitch_salience": {
        "dmean": 0.0815479829907,
        "dmean2": 0.134170413017,
        "dvar": 0.00586703931913,
        "dvar2": 0.016167094931,
        "max": 0.825097322464,
        "mean": 0.522644400597,
        "median": 0.527773737907,
        "min": 0.164649561048,
        "var": 0.0118544735014
    },
    "silence_rate_20dB": {
        "dmean": 0,
        "dmean2": 0,
        "dvar": 0,
        "dvar2": 0,
        "max": 1,
        "mean": 1,
        "median": 1,
        "min": 1,
        "var": 0
    },
    "silence_rate_30dB": {
        "dmean": 0.0061919502914,
        "dmean2": 0.0123934932053,
        "dvar": 0.00615353090689,
        "dvar2": 0.0168878808618,
        "max": 1,
        "mean": 0.996133029461,
        "median": 1,
        "min": 0,
        "var": 0.00385200814344
    },
    "silence_rate_60dB": {
        "dmean": 0.0061919502914,
        "dmean2": 0.0123934932053,
        "dvar": 0.00615364545956,
        "dvar2": 0.013789050281,
        "max": 1,
        "mean": 0.0665119886398,
        "median": 0,
        "min": 0,
        "var": 0.0620892159641
    },
    "spectral_centroid": {
        "dmean": 295.229431152,
        "dmean2": 460.850738525,
        "dvar": 151914.171875,
        "dvar2": 279620.625,
        "max": 11184.9599609,
        "mean": 1635.56616211,
        "median": 1721.05517578,
        "min": 138.030563354,
        "var": 526246.6875
    },
    "spectral_complexity": {
        "dmean": 4.63931894302,
        "dmean2": 7.28117752075,
        "dvar": 25.8189277649,
        "dvar2": 59.8269195557,
        "max": 52,
        "mean": 22.8143844604,
        "median": 23,
        "min": 0,
        "var": 153.059371948
    },
    "spectral_decrease": {
        "dmean": 3.28385141302e-09,
        "dmean2": 5.2846251819e-09,
        "dvar": 2.92166710537e-17,
        "dvar2": 7.4024313608e-17,
        "max": -1.8539254423e-28,
        "mean": -7.32997573749e-09,
        "median": -6.02543259731e-09,
        "min": -4.98257044512e-08,
        "var": 3.49018933299e-17
    },
    "spectral_energy": {
        "dmean": 0.0126905646175,
        "dmean2": 0.020326429978,
        "dvar": 0.000429939333117,
        "dvar2": 0.00108565459959,
        "max": 0.189645051956,
        "mean": 0.0295995697379,
        "median": 0.0250067785382,
        "min": 1.08838308581e-20,
        "var": 0.000528946169652
    },
    "spectral_energyband_high": {
        "dmean": 0.000471241015475,
        "dmean2": 0.000718219089322,
        "dvar": 6.32245246379e-07,
        "dvar2": 1.29236480007e-06,
        "max": 0.0100223366171,
        "mean": 0.00132640369702,
        "median": 0.000835702463519,
        "min": 7.46123132533e-21,
        "var": 2.16583816837e-06
    },
    "spectral_energyband_low": {
        "dmean": 0.00860753748566,
        "dmean2": 0.0140895824879,
        "dvar": 0.000291420932626,
        "dvar2": 0.000764151744079,
        "max": 0.1825735569,
        "mean": 0.0141894742846,
        "median": 0.00947944447398,
        "min": 8.65468639231e-23,
        "var": 0.000293498364044
    },
    "spectral_energyband_middle_high": {
        "dmean": 0.00120389438234,
        "dmean2": 0.00186520488933,
        "dvar": 2.43693102675e-06,
        "dvar2": 5.7077186284e-06,
        "max": 0.022940767929,
        "mean": 0.00474559050053,
        "median": 0.00332360342145,
        "min": 1.91494553433e-21,
        "var": 1.94089898287e-05
    },
    "spectral_energyband_middle_low": {
        "dmean": 0.00617669662461,
        "dmean2": 0.0101530849934,
        "dvar": 0.000186224337085,
        "dvar2": 0.000481233961182,
        "max": 0.123515360057,
        "mean": 0.0108183957636,
        "median": 0.00661280052736,
        "min": 5.05905964849e-22,
        "var": 0.000195704895305
    },
    "spectral_entropy": {
        "dmean": 0.143792524934,
        "dmean2": 0.20688764751,
        "dvar": 0.0428676530719,
        "dvar2": 0.0845532491803,
        "max": 9.77325344086,
        "mean": 7.71013593674,
        "median": 7.8182425499,
        "min": 5.3280172348,
        "var": 0.176629826427
    },
    "spectral_flux": {
        "dmean": 0.0289741903543,
        "dmean2": 0.0428661182523,
        "dvar": 0.00145051721483,
        "dvar2": 0.00281253247522,
        "max": 0.315669983625,
        "mean": 0.090872682631,
        "median": 0.0771149843931,
        "min": 1.04325596773e-10,
        "var": 0.00324560748413
    },
    "spectral_kurtosis": {
        "dmean": 1.36027622223,
        "dmean2": 2.35098052025,
        "dvar": 3.05740332603,
        "dvar2": 7.61917924881,
        "max": 23.013092041,
        "mean": 2.01841616631,
        "median": 1.43916082382,
        "min": -1.2646586895,
        "var": 5.22115945816
    },
    "spectral_rms": {
        "dmean": 0.000989709282294,
        "dmean2": 0.00152175186668,
        "dvar": 1.73279556748e-06,
        "dvar2": 4.17983801526e-06,
        "max": 0.0136021897197,
        "mean": 0.00498639373109,
        "median": 0.00493931723759,
        "min": 3.25858437455e-12,
        "var": 4.01353008783e-06
    },
    "spectral_rolloff": {
        "dmean": 573.564025879,
        "dmean2": 923.810058594,
        "dvar": 880994.6875,
        "dvar2": 1827450.5,
        "max": 18346.2890625,
        "mean": 1537.99865723,
        "median": 1291.9921875,
        "min": 86.1328125,
        "var": 2128852.5
    },
    "spectral_skewness": {
        "dmean": 0.216941982508,
        "dmean2": 0.35325139761,
        "dvar": 0.0644360929728,
        "dvar2": 0.138041824102,
        "max": 3.77449321747,
        "mean": 0.956803619862,
        "median": 0.868352890015,
        "min": -0.087246119976,
        "var": 0.182687819004
    },
    "spectral_spread": {
        "dmean": 394857.125,
        "dmean2": 552821.0625,
        "dvar": 1.14565316608e+12,
        "dvar2": 1.22004937114e+12,
        "max": 40845092,
        "mean": 4167964.75,
        "median": 4033797.25,
        "min": 2148337.25,
        "var": 1.94710247834e+12
    },
    "spectral_strongpeak": {
        "dmean": 0.40802282095,
        "dmean2": 0.714462339878,
        "dvar": 0.627852141857,
        "dvar2": 1.58566451073,
        "max": 7.43409395218,
        "mean": 0.57758897543,
        "median": 0.322573214769,
        "min": 0,
        "var": 0.714897990227
    },
    "zerocrossingrate": {
        "dmean": 0.00990281254053,
        "dmean2": 0.0120326718315,
        "dvar": 0.000213799328776,
        "dvar2": 0.000235701460042,
        "max": 0.47705078125,
        "mean": 0.0622957013547,
        "median": 0.06103515625,
        "min": 0.00341796875,
        "var": 0.00114796648268
    },
    "barkbands": {
        "dmean": [0.000213820516365, 0.00687113637105, 0.00218238285743, 0.00182313041296, 0.00391908409074, 0.000976122915745, 0.000478203874081, 0.000296077691019, 0.000594830722548, 0.000432082277257, 0.000264719565166, 0.000199952264666, 0.000205116535653, 0.000306005415041, 0.000262075511273, 0.00029502317193, 0.000272848556051, 0.000210691665416, 0.000205182019272, 0.000201214905246, 0.000171891122591, 0.000136754548294, 7.82100687502e-05, 9.50943285716e-05, 1.68818169186e-05, 3.15561194952e-08, 2.84347851931e-08],
        "dmean2": [0.000319263752317, 0.0113207977265, 0.00378595339134, 0.00313801690936, 0.00667040515691, 0.001560107572, 0.000769780483097, 0.000475875538541, 0.000915899930988, 0.000644976855256, 0.000413905188907, 0.000322886888171, 0.000324930006173, 0.000481505150674, 0.000418898445787, 0.000467858044431, 0.000434550689533, 0.000341714941896, 0.000347709225025, 0.000332240801072, 0.000271666416666, 0.000218948480324, 0.000123200399685, 0.000139524621773, 2.6207540941e-05, 5.23838004085e-08, 4.97253367371e-08],
        "dvar": [1.5542444487e-07, 0.000233812970691, 1.23622376123e-05, 1.09371467261e-05, 0.000123951074784, 4.08791493101e-06, 1.3320685639e-06, 5.78601429879e-07, 1.06334084649e-06, 1.38874963795e-06, 4.55286254919e-07, 2.41458451455e-07, 2.71426046083e-07, 3.0561440667e-07, 3.11135266884e-07, 3.10332723075e-07, 3.07697547441e-07, 1.03609274049e-07, 1.12157707122e-07, 1.08189759374e-07, 8.43075369517e-08, 6.08505317246e-08, 3.83456004727e-08, 7.33010736553e-08, 3.0619691227e-09, 6.45559342135e-15, 6.7066535634e-15],
        "dvar2": [3.26080680679e-07, 0.00062601926038, 3.44272812072e-05, 3.26601038978e-05, 0.000325354543747, 9.55935047386e-06, 2.8875863336e-06, 1.42348039844e-06, 2.44785610448e-06, 3.0404280551e-06, 9.72052703219e-07, 6.0645817257e-07, 6.26119799563e-07, 6.93073957336e-07, 7.2279806318e-07, 7.29862222215e-07, 7.36784556921e-07, 2.54511348885e-07, 2.98185483416e-07, 2.74109908105e-07, 1.88588131778e-07, 1.54641867312e-07, 7.29469675775e-08, 1.36217181534e-07, 6.04865979525e-09, 1.59262116299e-14, 1.76874574015e-14],
        "max": [0.00413204310462, 0.168958127499, 0.0327499136329, 0.0273251496255, 0.0955169126391, 0.027112763375, 0.0206823218614, 0.0112082213163, 0.0142012983561, 0.0258682332933, 0.0110290087759, 0.00963151175529, 0.0105551052839, 0.0148674948141, 0.00774938147515, 0.0104182194918, 0.00848117657006, 0.00521628791466, 0.0043680742383, 0.00495902821422, 0.00465126428753, 0.00315714837052, 0.00449123093858, 0.00578464753926, 0.00129851454403, 1.41346606597e-06, 8.06747152637e-07],
        "mean": [0.000255767139606, 0.00949533935636, 0.0031580158975, 0.00247865798883, 0.00405298033729, 0.00157687498722, 0.000815492414404, 0.000427599763498, 0.00102526613045, 0.000740287592635, 0.000474474858493, 0.0003515999706, 0.000370073365048, 0.000529815966729, 0.000428359460784, 0.000538934487849, 0.000586544629186, 0.000426545302616, 0.000373947841581, 0.000442918622866, 0.00037070052349, 0.000272027013125, 0.000179069378646, 0.00019846210489, 2.97795813822e-05, 3.5922820274e-08, 2.06075299047e-08],
        "median": [8.24601738714e-05, 0.00515026040375, 0.00196646642871, 0.00108077365439, 0.00118939147796, 0.000675998628139, 0.000317438301863, 0.000197077635676, 0.000490740931127, 0.000259573047515, 0.000180381408427, 0.000148339910083, 0.000197023211513, 0.000327274872689, 0.000188589765457, 0.000295853649732, 0.000254643062362, 0.000221622613026, 0.000251771794865, 0.000259945139987, 0.000229004101129, 0.000163319127751, 9.57059673965e-05, 8.96859783097e-05, 1.1712981177e-05, 8.42502956289e-09, 8.93024543203e-10],
        "min": [1.09243666966e-24, 3.45135733712e-23, 2.44521226862e-23, 4.19675737072e-23, 1.08746659352e-22, 1.29845242822e-23, 9.67271580812e-23, 3.93950572745e-23, 1.9876004315e-22, 5.54908363451e-23, 1.19546038926e-22, 2.27725766034e-22, 7.37391328361e-23, 9.82300390798e-23, 1.31628017981e-22, 3.21430173209e-22, 1.57179639219e-22, 3.20150072841e-22, 2.82582143641e-22, 2.50645974484e-22, 3.99163163658e-22, 4.8509937351e-22, 7.34158134609e-22, 1.12942313895e-21, 1.10637719238e-21, 1.50016534813e-21, 2.19067920411e-21],
        "var": [2.180886014e-07, 0.000210940124816, 1.3842682165e-05, 1.43700317494e-05, 0.000100712073618, 7.15595342626e-06, 3.21935317515e-06, 7.8837416595e-07, 2.42114447246e-06, 2.81623215415e-06, 1.31885508381e-06, 5.49212927581e-07, 5.49362482616e-07, 6.52844448723e-07, 5.90176796322e-07, 7.77724494583e-07, 1.27484588575e-06, 3.15661708328e-07, 1.87304920019e-07, 3.54913680667e-07, 2.13194851995e-07, 1.15532280631e-07, 7.45359614029e-08, 1.76194049573e-07, 8.34911073611e-09, 1.01692226078e-14, 5.03080057132e-15]
    },
    "erbbands": {
        "dmean": [0.169930458069, 1.65446650982, 2.74378752708, 4.13849258423, 13.7195320129, 11.0303707123, 8.32184791565, 7.468937397, 6.88911914825, 6.28113555908, 7.40001630783, 14.2258205414, 16.5282173157, 8.77580070496, 8.87202072144, 8.90741062164, 9.72635746002, 14.1695890427, 11.939412117, 13.631102562, 17.0776062012, 11.9864625931, 9.88195800781, 12.1076431274, 8.7943983078, 8.79329967499, 9.68564224243, 5.15368843079, 5.12545251846, 3.48068523407, 2.34667277336, 2.20264649391, 1.50324082375, 0.350951731205, 0.0161230247468, 0.000800741894636, 8.77935235621e-05, 2.25514249905e-05, 1.07261712401e-05, 1.46421234604e-05],
        "dmean2": [0.284303337336, 2.75506711006, 4.70092248917, 7.02489423752, 23.677614212, 18.2174434662, 13.4581565857, 12.0995817184, 11.2104282379, 9.73673248291, 11.4398145676, 21.7278614044, 25.4789199829, 13.4004907608, 13.4944057465, 14.1867084503, 15.2700929642, 22.1655712128, 18.2517642975, 21.7244586945, 27.1795959473, 19.3974990845, 15.9279098511, 20.4289321899, 15.0154981613, 14.3475322723, 15.6802368164, 7.80998039246, 8.13608455658, 5.57705450058, 3.68660140038, 3.22609615326, 2.18786287308, 0.527347147465, 0.0256523471326, 0.00126084790099, 0.000132230328745, 3.50144146068e-05, 1.67579983099e-05, 2.30201349041e-05],
        "dvar": [0.160926058888, 13.4207229614, 24.3611049652, 43.5368232727, 1730.13549805, 779.785888672, 308.758880615, 298.615081787, 266.082824707, 242.453659058, 320.742431641, 697.930603027, 2440.46289062, 370.514099121, 422.578765869, 474.120849609, 668.985900879, 839.734619141, 566.700805664, 720.508300781, 1031.91711426, 522.514709473, 254.32069397, 398.781890869, 195.038772583, 204.915679932, 296.82711792, 70.422454834, 79.282371521, 44.2749786377, 35.5578422546, 30.9304676056, 25.4878673553, 1.41979193687, 0.00606242148206, 1.21931961985e-05, 5.17434450842e-08, 3.00126035135e-09, 3.69480557261e-10, 5.44641942657e-10],
        "dvar2": [0.414590716362, 36.8547439575, 68.6198654175, 131.304092407, 4678.42480469, 1952.01647949, 714.502563477, 752.29107666, 596.025878906, 455.809020996, 784.430175781, 1555.77783203, 5828.96142578, 792.715026855, 924.117858887, 1162.86633301, 1532.73535156, 1809.77319336, 1308.47265625, 1684.74230957, 2580.35400391, 1264.99597168, 670.928710938, 1060.56274414, 499.087249756, 498.481658936, 707.99206543, 153.788070679, 187.31552124, 114.055023193, 69.5139694214, 61.4155082703, 49.5700874329, 2.40278744698, 0.014628126286, 2.7997095458e-05, 1.023615539e-07, 6.81507117406e-09, 8.74145644758e-10, 1.36083933011e-09],
        "max": [3.38471865654, 41.4029159546, 42.3946228027, 67.5269165039, 386.781982422, 317.072998047, 248.649612427, 238.523025513, 250.654769897, 359.726318359, 285.577697754, 406.056060791, 1035.63549805, 329.700653076, 408.442810059, 479.211700439, 571.600158691, 857.776977539, 385.963745117, 452.218688965, 707.454956055, 466.804351807, 268.14553833, 256.341125488, 197.641403198, 282.901306152, 285.22946167, 107.853385925, 119.05166626, 85.0491943359, 148.028579712, 116.679595947, 132.126831055, 31.1056194305, 1.98095905781, 0.0872545987368, 0.00555417593569, 0.000963009486441, 0.000238785607507, 0.0002053585049],
        "mean": [0.196251884103, 2.33400440216, 4.07505989075, 6.76067352295, 12.8148155212, 12.3702507019, 11.7329721451, 11.7577590942, 12.35688591, 10.0200157166, 12.5359640121, 24.5731067657, 27.6099662781, 16.644739151, 17.2584552765, 16.7538146973, 18.8086967468, 25.9590320587, 22.0834007263, 25.243927002, 35.4767456055, 27.6412029266, 23.1277503967, 23.3060646057, 17.367067337, 19.3357753754, 20.8505916595, 11.5636148453, 10.1495447159, 6.95404195786, 5.19237422943, 4.3946762085, 2.99176812172, 0.706080913544, 0.0262491051108, 0.00140723527875, 0.000159817805979, 3.65516352758e-05, 2.41933721554e-05, 3.70759698853e-05],
        "median": [0.0945901051164, 1.24041628838, 2.62258172035, 4.02315425873, 3.19024276733, 4.06510543823, 4.91470766068, 5.15592575073, 4.85418128967, 4.31891775131, 6.84541606903, 11.1990280151, 10.4634656906, 8.43129348755, 7.65653800964, 8.16875553131, 10.7858762741, 16.0571842194, 12.5579433441, 11.7965841293, 18.9263515472, 14.2067689896, 12.3029947281, 13.5256080627, 12.1136083603, 11.3443374634, 11.2326564789, 7.73738670349, 5.96441078186, 4.09323310852, 2.71461749077, 2.22782063484, 1.28106117249, 0.290158987045, 0.00833075027913, 0.000490134581923, 6.739069795e-05, 1.52061948029e-05, 1.80115221156e-05, 3.1986310205e-05],
        "min": [8.0452392151e-22, 8.38072739451e-21, 1.95508047498e-20, 1.14098618283e-19, 1.95938278352e-19, 4.21291176834e-19, 2.24959780896e-19, 1.37483660435e-19, 5.20248990712e-19, 2.00744699189e-18, 1.47728077771e-18, 4.22216807449e-18, 2.87805851571e-18, 2.54277781161e-18, 7.47184223667e-18, 7.41707047241e-18, 3.52485812683e-18, 5.22408149246e-18, 5.73395975794e-18, 9.8998100676e-18, 1.64653361497e-17, 1.03503042097e-17, 1.66636096882e-17, 2.00042662731e-17, 9.833481763e-18, 1.24587114905e-17, 1.62554887001e-17, 1.27534409058e-17, 1.59549839097e-17, 2.1074790187e-17, 2.13163467782e-17, 2.10348886486e-17, 2.00811179695e-17, 1.28641838462e-17, 7.78005138727e-18, 4.90972473554e-18, 3.02304673348e-18, 1.28714607609e-18, 3.17320260702e-19, 3.07472113286e-20],
        "var": [0.135528072715, 12.0215330124, 23.6884040833, 66.1362533569, 1254.28466797, 798.69342041, 483.170776367, 460.523498535, 612.704711914, 644.798217773, 515.955627441, 1531.2010498, 4186.56738281, 954.675842285, 1255.78759766, 1085.11804199, 1379.84033203, 1750.80395508, 1235.20617676, 1669.36328125, 3238.88110352, 2004.23413086, 948.338928223, 840.530761719, 353.090057373, 639.49041748, 872.907470703, 173.312683105, 159.704681396, 79.8944702148, 66.9048309326, 59.3492469788, 63.4671134949, 4.44160747528, 0.0126069104299, 2.73975911114e-05, 1.29921630787e-07, 4.9803481339e-09, 5.68588010008e-10, 7.4075962031e-10]
    },
    "gfcc": {
        "mean": [-19.803314209, 122.38218689, -143.540985107, 78.2132034302, -67.0759429932, 24.817691803, -27.4258174896, -1.74123156071, -2.06947445869, -19.4208221436, 4.21807003021, -21.8002758026, 6.8944940567],
        "cov": [[9829.75585938, -1030.33337402, -849.046813965, 106.121917725, -701.441040039, 283.496612549, -248.993270874, 325.895385742, -142.987380981, 155.639450073, 31.6526489258, 125.149017334, 112.599411011], [-1030.33337402, 663.246887207, 119.584877014, -70.1209945679, 256.62512207, -146.879989624, 113.963027954, -98.3130493164, 70.5519866943, -77.6302947998, 26.6109390259, -56.1117515564, 14.9141321182], [-849.046813965, 119.584877014, 732.800720215, 125.203353882, -12.3270521164, -41.3557395935, -38.3473854065, -72.6081008911, -11.1418209076, -45.9821052551, -34.580821991, -42.0655517578, -31.2651138306], [106.121917725, -70.1209945679, 125.203353882, 175.743240356, -10.7120342255, -5.81528234482, -5.51075029373, -11.4248542786, 8.6555557251, -5.69352817535, -9.32452774048, -1.51091349125, -15.0163269043], [-701.441040039, 256.62512207, -12.3270521164, -10.7120342255, 275.547821045, -19.3030757904, 92.8823013306, -13.7481012344, 53.952381134, -14.6136789322, 32.4422416687, -11.1738071442, 17.0059432983], [283.496612549, -146.879989624, -41.3557395935, -5.81528234482, -19.3030757904, 200.639190674, 36.509552002, 23.2636833191, -2.73566961288, 30.8434200287, 7.67355394363, 11.1128520966, -9.89810752869], [-248.993270874, 113.963027954, -38.3473854065, -5.51075029373, 92.8823013306, 36.509552002, 130.888824463, 10.8033790588, 31.7285518646, -5.37252807617, 14.0219802856, -7.84011268616, -3.27144646645], [325.895385742, -98.3130493164, -72.6081008911, -11.4248542786, -13.7481012344, 23.2636833191, 10.8033790588, 146.925231934, 29.3903522491, 28.6614952087, 12.1392230988, 1.52055227757, 16.8821849823], [-142.987380981, 70.5519866943, -11.1418209076, 8.6555557251, 53.952381134, -2.73566961288, 31.7285518646, 29.3903522491, 86.317817688, 18.5059280396, 6.10178947449, -5.49987363815, -0.0220064725727], [155.639450073, -77.6302947998, -45.9821052551, -5.69352817535, -14.6136789322, 30.8434200287, -5.37252807617, 28.6614952087, 18.5059280396, 72.930015564, 29.9677734375, 12.634645462, 8.82400894165], [31.6526489258, 26.6109390259, -34.580821991, -9.32452774048, 32.4422416687, 7.67355394363, 14.0219802856, 12.1392230988, 6.10178947449, 29.9677734375, 61.300491333, 23.9762496948, 11.7861719131], [125.149017334, -56.1117515564, -42.0655517578, -1.51091349125, -11.1738071442, 11.1128520966, -7.84011268616, 1.52055227757, -5.49987363815, 12.634645462, 23.9762496948, 53.57213974, 18.153301239], [112.599411011, 14.9141321182, -31.2651138306, -15.0163269043, 17.0059432983, -9.89810752869, -3.27144646645, 16.8821849823, -0.0220064725727, 8.82400894165, 11.7861719131, 18.153301239, 55.468875885]],
        "icov": [[0.000178779533599, -0.000201959192054, 0.000261311244685, -0.000415662012529, 0.000463539880002, -0.0003187036491, 0.000287081464194, -0.000361745915143, 0.000270539982012, -8.49169155117e-05, -2.34142116824e-05, -5.7901848777e-05, -0.000308265531203], [-0.000201959192054, 0.00896560400724, -0.00161211623345, 0.00494433101267, -0.00282886996865, 0.00468107499182, -0.00463854102418, 0.00638239597902, -0.00752219231799, 0.00869807042181, -0.00950112938881, 0.00926285982132, -0.0044835973531], [0.000261311244685, -0.00161211623345, 0.00234905211255, -0.00245454907417, 0.00106615677942, -0.00115482334513, 0.00166702794377, -0.000782784307376, 0.00130870786961, -0.000624007137958, 0.00101740751415, -6.07991751167e-05, 0.000269690615823], [-0.000415662012529, 0.00494433101267, -0.00245454907417, 0.00999744050205, -0.00207345443778, 0.00312272575684, -0.00304221734405, 0.00385874393396, -0.00530517753214, 0.0043553407304, -0.00394425867125, 0.00313248485327, -0.000205627526157], [0.000463539880002, -0.00282886996865, 0.00106615677942, -0.00207345443778, 0.0083907013759, -0.00154153909534, -0.00143209623639, -0.000852214347105, -0.000985586550087, 0.000502875831444, -0.00224052509293, 0.000246903917287, -0.00249848607928], [-0.0003187036491, 0.00468107499182, -0.00115482334513, 0.00312272575684, -0.00154153909534, 0.0090507240966, -0.00549313565716, 0.00283680134453, -0.0023262030445, 0.000832393881865, -0.0028627240099, 0.00254958099686, 0.000123624617117], [0.000287081464194, -0.00463854102418, 0.00166702794377, -0.00304221734405, -0.00143209623639, -0.00549313565716, 0.0147702880204, -0.00404657144099, 0.00137477251701, -0.00112955132499, 0.00212742039002, -0.0027384783607, 0.00296643609181], [-0.000361745915143, 0.00638239597902, -0.000782784307376, 0.00385874393396, -0.000852214347105, 0.00283680134453, -0.00404657144099, 0.0135827613994, -0.0087849041447, 0.00508657284081, -0.00800729077309, 0.00878536049277, -0.00596989970654], [0.000270539982012, -0.00752219231799, 0.00130870786961, -0.00530517753214, -0.000985586550087, -0.0023262030445, 0.00137477251701, -0.0087849041447, 0.0235106851906, -0.0139576094225, 0.0119945816696, -0.00856782589108, 0.00590172829106], [-8.49169155117e-05, 0.00869807042181, -0.000624007137958, 0.0043553407304, 0.000502875831444, 0.000832393881865, -0.00112955132499, 0.00508657284081, -0.0139576094225, 0.0322328880429, -0.022170972079, 0.0119196912274, -0.00728251272812], [-2.34142116824e-05, -0.00950112938881, 0.00101740751415, -0.00394425867125, -0.00224052509293, -0.0028627240099, 0.00212742039002, -0.00800729077309, 0.0119945816696, -0.022170972079, 0.0401184782386, -0.0224825143814, 0.00721152126789], [-5.7901848777e-05, 0.00926285982132, -6.07991751167e-05, 0.00313248485327, 0.000246903917287, 0.00254958099686, -0.0027384783607, 0.00878536049277, -0.00856782589108, 0.0119196912274, -0.0224825143814, 0.0384360700846, -0.0137167861685], [-0.000308265531203, -0.0044835973531, 0.000269690615823, -0.000205627526157, -0.00249848607928, 0.000123624617117, 0.00296643609181, -0.00596989970654, 0.00590172829106, -0.00728251272812, 0.00721152126789, -0.0137167861685, 0.0268533546478]]
    },
    "melbands": {
        "dmean": [0.00173314940184, 0.00169391790405, 0.000957118929364, 0.000967995496467, 0.000295762118185, 0.00017041087267, 0.000103147162008, 6.55531766824e-05, 6.87197898515e-05, 8.83570173755e-05, 8.23073787615e-05, 3.59354307875e-05, 3.46433080267e-05, 2.09437293961e-05, 2.5881385227e-05, 1.92847546714e-05, 3.04799159494e-05, 2.11996466533e-05, 1.87060340977e-05, 1.95285119844e-05, 2.32552756643e-05, 1.43818742799e-05, 1.2068916476e-05, 1.0570485756e-05, 1.09187994894e-05, 7.05040292814e-06, 6.26316159469e-06, 6.43776866127e-06, 7.48379261495e-06, 4.19514481109e-06, 3.0956300634e-06, 3.2088005355e-06, 2.63699030256e-06, 1.78562868314e-06, 1.45758917824e-06, 1.50840594415e-06, 1.35819880143e-06, 1.30226339934e-06, 6.64393155603e-07, 1.96332464952e-07],
        "dmean2": [0.00288449996151, 0.00284043815918, 0.00162577466108, 0.00167432799935, 0.000476766610518, 0.000272902805591, 0.000166470126715, 0.000103427992144, 0.000107131927507, 0.000136824004585, 0.0001259718847, 5.49244396097e-05, 5.42984744243e-05, 3.32333002007e-05, 4.09297754231e-05, 3.09038041451e-05, 4.74707521789e-05, 3.24353786709e-05, 2.98315189866e-05, 3.15547404171e-05, 3.72671420337e-05, 2.31221511058e-05, 1.93161049538e-05, 1.71449682966e-05, 1.84400432772e-05, 1.21055863929e-05, 1.04688788269e-05, 1.07378718894e-05, 1.21464372569e-05, 6.67342328597e-06, 4.81965389554e-06, 5.15170131621e-06, 4.28502289651e-06, 2.824755029e-06, 2.34388812714e-06, 2.31780222748e-06, 2.00868635147e-06, 1.94023778022e-06, 9.68444169303e-07, 3.13221477199e-07],
        "dvar": [1.5853853256e-05, 1.11547960842e-05, 3.33678508468e-06, 8.1081807366e-06, 3.47243116039e-07, 1.38704677966e-07, 5.9771601002e-08, 2.42368880521e-08, 2.07456007928e-08, 2.72225815223e-08, 5.93486610967e-08, 6.59713883522e-09, 7.47637152188e-09, 2.69022470967e-09, 3.83562692718e-09, 1.99625271868e-09, 4.07877775999e-09, 1.676271566e-09, 1.76982650757e-09, 1.58579693821e-09, 1.98074245894e-09, 8.14524059312e-10, 5.55645141009e-10, 2.72255634703e-10, 3.4032637819e-10, 1.37293079683e-10, 8.69727276309e-11, 1.31843827522e-10, 1.85255075169e-10, 5.02411237613e-11, 2.65892221435e-11, 2.87845806218e-11, 2.79824045879e-11, 1.19062147294e-11, 1.15770648276e-11, 1.70288574908e-11, 1.28194382193e-11, 2.13127380327e-11, 3.53180700831e-12, 7.19242048731e-13],
        "dvar2": [4.19947027694e-05, 3.05293069687e-05, 9.24742744246e-06, 2.14640222111e-05, 8.04333183169e-07, 3.40177393809e-07, 1.34652140105e-07, 4.75386947585e-08, 4.75624943874e-08, 6.24117220127e-08, 1.41039890877e-07, 1.42621265908e-08, 1.56903592341e-08, 6.16762108052e-09, 1.00717754137e-08, 4.82417794601e-09, 8.70145022702e-09, 3.75935504948e-09, 3.89398424616e-09, 3.8207850217e-09, 5.03049291112e-09, 1.99052774263e-09, 1.41151379474e-09, 6.78271772081e-10, 9.19501252916e-10, 3.55487361769e-10, 2.18108919814e-10, 3.30042770891e-10, 4.46244041719e-10, 1.1850118109e-10, 5.93948432104e-11, 7.05172517601e-11, 7.47051170924e-11, 2.94326785166e-11, 2.31373236542e-11, 3.52577064766e-11, 2.70744104219e-11, 4.5878145033e-11, 6.19078573127e-12, 1.58387268145e-12],
        "max": [0.04084001109, 0.0329652875662, 0.0181336030364, 0.024532308802, 0.00728577654809, 0.00525038084015, 0.0041695763357, 0.00326024810784, 0.00200070464052, 0.00222101155668, 0.00509857619181, 0.00146973435767, 0.00159490515944, 0.000946197367739, 0.000895468809176, 0.000856849132106, 0.00193616317119, 0.000716108945198, 0.000702762161382, 0.000556869897991, 0.000914141361136, 0.0005334491143, 0.000395814276999, 0.000232477716054, 0.000247931369813, 0.000169772523805, 0.000140234085848, 0.000227649637964, 0.000212562110391, 9.91419947241e-05, 5.85228117416e-05, 6.29261412541e-05, 7.7907810919e-05, 6.14105229033e-05, 7.29806270101e-05, 0.000115989241749, 5.34337777935e-05, 0.000121676435811, 4.16426228185e-05, 1.94418480532e-05],
        "mean": [0.00227592978626, 0.00264700013213, 0.00134279008489, 0.00096638884861, 0.000424505240517, 0.000276681937976, 0.000184253207408, 0.000100724748336, 0.000118086121802, 0.000151581436512, 0.000133418929181, 6.34345342405e-05, 6.55560143059e-05, 3.68551991414e-05, 4.64486911369e-05, 3.53462564817e-05, 5.16450345458e-05, 3.67790671589e-05, 3.01209147437e-05, 3.45038497471e-05, 4.50868210464e-05, 2.96141970466e-05, 2.43453141593e-05, 2.06619170058e-05, 1.88684171007e-05, 1.23636291391e-05, 1.1939302567e-05, 1.32817303893e-05, 1.49350589709e-05, 8.66780192155e-06, 6.03553962719e-06, 5.89593446421e-06, 4.78800802739e-06, 3.48417529494e-06, 3.04238983517e-06, 2.8041420137e-06, 2.59067428487e-06, 2.32854358728e-06, 1.37305971748e-06, 3.01863849472e-07],
        "median": [0.00124427536502, 0.00167874083854, 0.000732516753487, 0.000247670628596, 0.000198073030333, 0.000123023040942, 7.13510453352e-05, 4.25066209573e-05, 6.00824932917e-05, 7.24886558601e-05, 4.66670862806e-05, 2.89444033115e-05, 2.4621223929e-05, 1.85214612429e-05, 2.36472078541e-05, 2.03814342967e-05, 3.03524684568e-05, 1.94662534341e-05, 1.28032188513e-05, 1.7449609004e-05, 2.21139398491e-05, 1.48167473526e-05, 1.11989229481e-05, 1.04952732727e-05, 1.08573149191e-05, 8.58606745169e-06, 7.84736857895e-06, 7.38795188227e-06, 7.62766012485e-06, 5.08831271873e-06, 3.75065246772e-06, 3.39066514243e-06, 2.8056526844e-06, 1.97067129193e-06, 1.54100655436e-06, 1.3910657799e-06, 1.2148376527e-06, 9.4613130841e-07, 5.95390929448e-07, 9.34055250923e-08],
        "min": [8.80909534377e-24, 1.13026815097e-23, 2.00688454653e-23, 2.32866027868e-23, 1.12449392581e-23, 2.63468734949e-24, 1.17788639845e-23, 1.9234404177e-23, 1.54568837789e-23, 2.69661561268e-23, 1.41651082694e-23, 9.65785682411e-24, 2.21997843845e-23, 2.59002867147e-23, 1.3918937913e-23, 4.91321267775e-24, 1.09030319534e-23, 8.28814343488e-24, 1.00654304883e-23, 1.94621088773e-23, 1.86867438044e-23, 9.61013389479e-24, 1.19795920084e-23, 1.74654198846e-23, 1.65731882241e-23, 6.78241464837e-24, 7.9106498259e-24, 7.71818748655e-24, 1.1809214619e-23, 7.68315890692e-24, 6.9164555268e-24, 8.22925654602e-24, 1.12835950201e-23, 1.19508727383e-23, 1.17078231157e-23, 1.29862921195e-23, 1.27596184604e-23, 1.33089322854e-23, 1.3011322676e-23, 1.00369888972e-23],
        "var": [1.36381058837e-05, 1.08773683678e-05, 3.56662826562e-06, 6.31141892882e-06, 5.37453786364e-07, 2.32998530691e-07, 1.38324978138e-07, 5.70217295603e-08, 3.88858865108e-08, 5.77684815539e-08, 1.01695761145e-07, 1.59544431e-08, 2.5484620636e-08, 5.55257795298e-09, 7.41554906369e-09, 3.73208530746e-09, 8.30641955218e-09, 3.58932994438e-09, 3.4712208663e-09, 3.29148130973e-09, 6.08845152072e-09, 2.681300737e-09, 1.99696925662e-09, 7.46641692917e-10, 6.24806706373e-10, 2.0741833251e-10, 1.76362854876e-10, 3.80450365656e-10, 5.25906984628e-10, 1.21247720197e-10, 5.7754617061e-11, 5.44511102873e-11, 4.23820700757e-11, 2.15631852651e-11, 2.22061865424e-11, 2.58099461942e-11, 2.3595120649e-11, 4.54734860877e-11, 1.06971098646e-11, 1.65027735401e-12]
    },
    "mfcc": {
        "mean": [-631.739196777, 106.728004456, 4.37776327133, 37.8464393616, 7.30451917648, 14.6659479141, 1.39816331863, 9.73306369781, 2.22120022774, 8.87517929077, -3.65879940987, 3.72495341301, -6.26097774506],
        "cov": [[8752.98828125, -1003.20471191, -606.241516113, -284.414398193, -443.016265869, -153.485809326, -131.592834473, 31.4574661255, -58.4436988831, 52.1102142334, -92.5274429321, 142.988967896, -71.8926391602], [-1003.20471191, 796.787658691, -58.1657981873, 127.243278503, 106.669204712, 21.3202075958, 37.3432731628, 11.7252511978, 23.7088184357, 16.1174163818, -13.775765419, -27.2994155884, 37.0879096985], [-606.241516113, -58.1657981873, 650.288024902, 97.9589996338, 23.5264987946, 33.2620048523, -38.0970878601, -29.9026374817, -21.90832901, -51.7154006958, 3.65076470375, -18.1938800812, -47.9219741821], [-284.414398193, 127.243278503, 97.9589996338, 234.963287354, 51.9093589783, -12.0793924332, -16.4676628113, -1.77882254124, 4.02968597412, -9.77338409424, -20.9675807953, 16.9424781799, -4.91874504089], [-443.016265869, 106.669204712, 23.5264987946, 51.9093589783, 131.370544434, 12.1813163757, 17.1196670532, 3.00375318527, 19.3707122803, 8.26838874817, 3.38331580162, 0.0301912296563, 19.1594715118], [-153.485809326, 21.3202075958, 33.2620048523, -12.0793924332, 12.1813163757, 178.803787231, 24.4294643402, 24.1100559235, -17.5704517365, 12.8487854004, 21.8209095001, -30.3071575165, 8.34932899475], [-131.592834473, 37.3432731628, -38.0970878601, -16.4676628113, 17.1196670532, 24.4294643402, 108.461433411, 21.5602016449, 13.6676588058, 9.26052284241, 13.7259378433, 6.652780056, 12.6190090179], [31.4574661255, 11.7252511978, -29.9026374817, -1.77882254124, 3.00375318527, 24.1100559235, 21.5602016449, 85.8399200439, 26.1284160614, 19.2847366333, 9.88040542603, 5.13861894608, 15.3602409363], [-58.4436988831, 23.7088184357, -21.90832901, 4.02968597412, 19.3707122803, -17.5704517365, 13.6676588058, 26.1284160614, 77.2914810181, 34.7577209473, 11.2353200912, 6.53346681595, 7.24856328964], [52.1102142334, 16.1174163818, -51.7154006958, -9.77338409424, 8.26838874817, 12.8487854004, 9.26052284241, 19.2847366333, 34.7577209473, 76.2611160278, 25.1524276733, 4.55270004272, 2.30287361145], [-92.5274429321, -13.775765419, 3.65076470375, -20.9675807953, 3.38331580162, 21.8209095001, 13.7259378433, 9.88040542603, 11.2353200912, 25.1524276733, 70.4784011841, 10.9804811478, 12.9052991867], [142.988967896, -27.2994155884, -18.1938800812, 16.9424781799, 0.0301912296563, -30.3071575165, 6.652780056, 5.13861894608, 6.53346681595, 4.55270004272, 10.9804811478, 68.378326416, 16.3443832397], [-71.8926391602, 37.0879096985, -47.9219741821, -4.91874504089, 19.1594715118, 8.34932899475, 12.6190090179, 15.3602409363, 7.24856328964, 2.30287361145, 12.9052991867, 16.3443832397, 59.9561424255]],
