{
"lowlevel": {
    "average_loudness": 0.97156637907,
    "barkbands_crest": {
        "dmean": 3.14983868599,
        "dmean2": 5.24801540375,
        "dvar": 7.38822078705,
        "dvar2": 19.3928222656,
        "max": 20.4222679138,
        "mean": 9.62536811829,
        "median": 9.30263614655,
        "min": 2.47674655914,
        "var": 12.5079612732
    },
    "barkbands_flatness_db": {
        "dmean": 0.0232368949801,
        "dmean2": 0.0362257510424,
        "dvar": 0.000463551084977,
        "dvar2": 0.00120320683345,
        "max": 0.233446463943,
        "mean": 0.101299524307,
        "median": 0.0991655290127,
        "min": 0.0242101978511,
        "var": 0.00104012002703
    },
    "barkbands_kurtosis": {
        "dmean": 1.42191398144,
        "dmean2": 2.42983651161,
        "dvar": 5.23239707947,
        "dvar2": 14.6501483917,
        "max": 17.2321186066,
        "mean": -0.0101555874571,
        "median": -0.671707630157,
        "min": -1.94048285484,
        "var": 4.60621023178
    },
    "barkbands_skewness": {
        "dmean": 0.585206985474,
        "dmean2": 0.931201398373,
        "dvar": 0.330552190542,
        "dvar2": 0.872945606709,
        "max": 4.20783424377,
        "mean": 0.85743445158,
        "median": 0.786126315594,
        "min": -1.85647058487,
        "var": 0.604470193386
    },
    "barkbands_spread": {
        "dmean": 8.75413799286,
        "dmean2": 13.8968791962,
        "dvar": 82.1668243408,
        "dvar2": 186.654006958,
        "max": 117.528366089,
        "mean": 42.691078186,
        "median": 41.9174461365,
        "min": 9.90917205811,
        "var": 198.760986328
    },
    "dissonance": {
        "dmean": 0.0071982620284,
        "dmean2": 0.0121708968654,
        "dvar": 5.01544018334e-05,
        "dvar2": 0.00012819407857,
        "max": 0.5,
        "mean": 0.488690972328,
        "median": 0.491392225027,
        "min": 0.429629474878,
        "var": 8.87278729351e-05
    },
    "dynamic_complexity": 3.01765656471,
    "erbbands_crest": {
        "dmean": 2.1541466713,
        "dmean2": 3.60947179794,
        "dvar": 4.6361413002,
        "dvar2": 11.8371458054,
        "max": 23.4630870819,
        "mean": 7.26400947571,
        "median": 6.59655666351,
        "min": 2.70467448235,
        "var": 8.66589069366
    },
    "erbbands_flatness_db": {
        "dmean": 0.0160241648555,
        "dmean2": 0.0237280670553,
        "dvar": 0.000196143271751,
        "dvar2": 0.000456899520941,
        "max": 0.216856509447,
        "mean": 0.136467859149,
        "median": 0.136558756232,
        "min": 0.0587290301919,
        "var": 0.00070534623228
    },
    "erbbands_kurtosis": {
        "dmean": 1.05707776546,
        "dmean2": 1.68160259724,
        "dvar": 2.25752234459,
        "dvar2": 4.83705472946,
        "max": 19.5688362122,
        "mean": 1.02109932899,
        "median": 0.75111413002,
        "min": -1.4410431385,
        "var": 3.27785396576
    },
    "erbbands_skewness": {
        "dmean": 0.337845683098,
        "dmean2": 0.498986750841,
        "dvar": 0.1068007797,
        "dvar2": 0.208414703608,
        "max": 1.39049005508,
        "mean": -0.703641891479,
        "median": -0.748923242092,
        "min": -3.74969935417,
        "var": 0.387559115887
    },
    "erbbands_spread": {
        "dmean": 8.66289901733,
        "dmean2": 13.6863422394,
        "dvar": 63.4283561707,
        "dvar2": 160.172973633,
        "max": 95.2238616943,
        "mean": 36.0116577148,
        "median": 34.840549469,
        "min": 10.5100154877,
        "var": 146.794128418
    },
    "hfc": {
        "dmean": 9.88567352295,
        "dmean2": 14.3421163559,
        "dvar": 155.928131104,
        "dvar2": 336.169830322,
        "max": 130.876464844,
        "mean": 34.2402877808,
        "median": 31.0205097198,
        "min": 5.04664467371e-06,
        "var": 474.281555176
    },
    "melbands_crest": {
        "dmean": 3.48001551628,
        "dmean2": 5.64833450317,
        "dvar": 9.29066753387,
        "dvar2": 23.6801548004,
        "max": 27.5967445374,
        "mean": 14.3353815079,
        "median": 14.1776304245,
        "min": 4.61570978165,
        "var": 18.7181301117
    },
    "melbands_flatness_db": {
        "dmean": 0.0317019969225,
        "dmean2": 0.0490502268076,
        "dvar": 0.0008900622488,
        "dvar2": 0.00231527350843,
        "max": 0.320007920265,
        "mean": 0.152217626572,
        "median": 0.149602353573,
        "min": 0.0460130423307,
        "var": 0.00185671367217
    },
    "melbands_kurtosis": {
        "dmean": 6.58567285538,
        "dmean2": 10.9145908356,
        "dvar": 102.248016357,
        "dvar2": 280.240142822,
        "max": 91.1399307251,
        "mean": 8.05421733856,
        "median": 5.00470733643,
        "min": -1.45394361019,
        "var": 105.055458069
    },
    "melbands_skewness": {
        "dmean": 0.94474619627,
        "dmean2": 1.49880349636,
        "dvar": 0.981196641922,
        "dvar2": 2.57273674011,
        "max": 8.95741176605,
        "mean": 2.528632164,
        "median": 2.35276293755,
        "min": -0.283009946346,
        "var": 1.80147349834
    },
    "melbands_spread": {
        "dmean": 14.3872852325,
        "dmean2": 22.9374713898,
        "dvar": 222.877655029,
        "dvar2": 518.936950684,
        "max": 218.925537109,
        "mean": 41.172958374,
        "median": 38.9258003235,
        "min": 5.1087141037,
        "var": 427.866210938
    },
    "pitch_salience": {
        "dmean": 0.0905136615038,
        "dmean2": 0.145217299461,
        "dvar": 0.00736595969647,
        "dvar2": 0.0199771299958,
        "max": 0.836907327175,
        "mean": 0.548541009426,
        "median": 0.555441260338,
        "min": 0.174247011542,
        "var": 0.0120694218203
    },
    "silence_rate_20dB": {
        "dmean": 0,
        "dmean2": 0,
        "dvar": 0,
        "dvar2": 0,
        "max": 1,
        "mean": 1,
        "median": 1,
        "min": 1,
        "var": 0
    },
    "silence_rate_30dB": {
        "dmean": 0,
        "dmean2": 0,
        "dvar": 0,
        "dvar2": 0,
        "max": 1,
        "mean": 1,
        "median": 1,
        "min": 1,
        "var": 0
    },
    "silence_rate_60dB": {
        "dmean": 0.00464396271855,
        "dmean2": 0.00929511990398,
        "dvar": 0.00462240213528,
        "dvar2": 0.0123070552945,
        "max": 1,
        "mean": 0.0665119886398,
        "median": 0,
        "min": 0,
        "var": 0.0620892234147
    },
    "spectral_centroid": {
        "dmean": 275.727386475,
        "dmean2": 420.995269775,
        "dvar": 75332.8984375,
        "dvar2": 159252.640625,
        "max": 5478.39208984,
        "mean": 2323.17529297,
        "median": 2318.41113281,
        "min": 1132.3795166,
        "var": 197725.46875
    },
    "spectral_complexity": {
        "dmean": 5.15479898453,
        "dmean2": 7.38032531738,
        "dvar": 30.0317497253,
        "dvar2": 48.5872459412,
        "max": 61,
        "mean": 33.554523468,
        "median": 38,
        "min": 0,
        "var": 207.59046936
    },
    "spectral_decrease": {
        "dmean": 3.21213611265e-09,
        "dmean2": 5.15339726448e-09,
        "dvar": 2.44975295585e-17,
        "dvar2": 6.43328604106e-17,
        "max": -6.5178735305e-16,
        "mean": -7.35934113649e-09,
        "median": -6.6959038314e-09,
        "min": -3.78302829063e-08,
        "var": 2.85238278813e-17
    },
    "spectral_energy": {
        "dmean": 0.0126704638824,
        "dmean2": 0.0201686061919,
        "dvar": 0.000367041124264,
        "dvar2": 0.000956996576861,
        "max": 0.149196326733,
        "mean": 0.0308814849705,
        "median": 0.0280916485935,
        "min": 2.92803470359e-09,
        "var": 0.000453427666798
    },
    "spectral_energyband_high": {
        "dmean": 0.000653398863506,
        "dmean2": 0.000982364290394,
        "dvar": 9.46520344769e-07,
        "dvar2": 2.01700368052e-06,
        "max": 0.011928210035,
        "mean": 0.00190901278984,
        "median": 0.00140416726936,
        "min": 1.64750449394e-10,
        "var": 2.75738352684e-06
    },
    "spectral_energyband_low": {
        "dmean": 0.0100386561826,
        "dmean2": 0.0166544914246,
        "dvar": 0.000330549781211,
        "dvar2": 0.000899172038771,
        "max": 0.134363159537,
        "mean": 0.0149800945073,
        "median": 0.0114518217742,
        "min": 6.02195349142e-10,
        "var": 0.00029055585037
    },
    "spectral_energyband_middle_high": {
        "dmean": 0.00282462546602,
        "dmean2": 0.00415503187105,
        "dvar": 1.06758216134e-05,
        "dvar2": 2.29960460274e-05,
        "max": 0.0312881395221,
        "mean": 0.00839722156525,
        "median": 0.00682544894516,
        "min": 1.1303495917e-09,
        "var": 3.51133458025e-05
    },
    "spectral_energyband_middle_low": {
        "dmean": 0.0034592137672,
        "dmean2": 0.00546651752666,
        "dvar": 3.84264130844e-05,
        "dvar2": 9.66542138485e-05,
        "max": 0.0698037818074,
        "mean": 0.00664963107556,
        "median": 0.00487946532667,
        "min": 9.44330391661e-10,
        "var": 5.01396752952e-05
    },
    "spectral_entropy": {
        "dmean": 0.0913468673825,
        "dmean2": 0.135696366429,
        "dvar": 0.00960184447467,
        "dvar2": 0.0184840653092,
        "max": 8.88604068756,
        "mean": 8.0015039444,
        "median": 7.97730016708,
        "min": 7.42836761475,
        "var": 0.0388539098203
    },
    "spectral_flux": {
        "dmean": 0.0277639105916,
        "dmean2": 0.0423245280981,
        "dvar": 0.001087899087,
        "dvar2": 0.00210495153442,
        "max": 0.327943742275,
        "mean": 0.100080519915,
        "median": 0.0935407653451,
        "min": 5.41113186046e-05,
        "var": 0.00251264870167
    },
    "spectral_kurtosis": {
        "dmean": 0.96410048008,
        "dmean2": 1.6007090807,
        "dvar": 0.809804618359,
        "dvar2": 2.22314596176,
        "max": 13.1875514984,
        "mean": 3.18780970573,
        "median": 3.15217494965,
        "min": -1.03810346127,
        "var": 1.82158887386
    },
    "spectral_rms": {
        "dmean": 0.00100441288669,
        "dmean2": 0.00153619982302,
        "dvar": 1.5003460021e-06,
        "dvar2": 3.69447366211e-06,
        "max": 0.0120647167787,
        "mean": 0.00513023044914,
        "median": 0.00523512065411,
        "min": 1.69015356732e-06,
        "var": 3.80899155061e-06
    },
    "spectral_rolloff": {
        "dmean": 837.862121582,
        "dmean2": 1364.08056641,
        "dvar": 1345362.75,
        "dvar2": 2825634.5,
        "max": 12209.3261719,
        "mean": 2612.0300293,
        "median": 2411.71875,
        "min": 107.666015625,
        "var": 2790979
    },
    "spectral_skewness": {
        "dmean": 0.176450222731,
        "dmean2": 0.260813564062,
        "dvar": 0.0267784893513,
        "dvar2": 0.0551956892014,
        "max": 2.11123538017,
        "mean": 1.16213536263,
        "median": 1.19808661938,
        "min": 0.0522665791214,
        "var": 0.107235014439
    },
    "spectral_spread": {
        "dmean": 569787.6875,
        "dmean2": 839987.625,
        "dvar": 639484362752,
        "dvar2": 1.1711011881e+12,
        "max": 12580704,
        "mean": 4453400.5,
        "median": 4160708.75,
        "min": 2328832.5,
        "var": 2.19149605274e+12
    },
    "spectral_strongpeak": {
        "dmean": 0.377067387104,
        "dmean2": 0.687341272831,
        "dvar": 0.71721124649,
        "dvar2": 2.02095794678,
        "max": 8.266456604,
        "mean": 0.520386815071,
        "median": 0.291601330042,
        "min": 1.47576811287e-05,
        "var": 0.734258174896
    },
    "zerocrossingrate": {
        "dmean": 0.0141692264006,
        "dmean2": 0.0168863609433,
        "dvar": 0.000333638192387,
        "dvar2": 0.00035798738827,
        "max": 0.3935546875,
        "mean": 0.0886881873012,
        "median": 0.08056640625,
        "min": 0.02392578125,
        "var": 0.00164699112065
    },
    "barkbands": {
        "dmean": [6.39620193397e-05, 0.00713741220534, 0.00359013909474, 0.00110145448707, 0.00130929634906, 0.000603269378189, 0.000480774673633, 0.000309902912704, 0.00111965590622, 0.000419054878876, 0.000306341651594, 0.000460558250779, 0.00034846374183, 0.000532514415681, 0.000932738068514, 0.000642974569928, 0.000541250687093, 0.000381708465284, 0.000364609004464, 0.000290554045932, 0.000202461451408, 0.000129847991047, 8.68030911079e-05, 0.000116690600407, 0.00015192097635, 8.45406029839e-05, 3.18636693919e-06],
        "dmean2": [0.000109167798655, 0.0119792595506, 0.00619935197756, 0.00180946942419, 0.00219705910422, 0.000952961447183, 0.00077037140727, 0.000515827909112, 0.00176850752905, 0.000670386420097, 0.000476984656416, 0.000749582890421, 0.000536173814908, 0.00082953623496, 0.00148886186071, 0.00102892913856, 0.000874353805557, 0.000615755445324, 0.000598800368607, 0.000455855595646, 0.000332722294843, 0.000215693653445, 0.000133748355438, 0.000172915111762, 0.000228297605645, 0.00013722924632, 5.49629294255e-06],
        "dvar": [6.98090563134e-09, 0.000142928984133, 5.34971914021e-05, 2.1965590804e-06, 1.25693150039e-05, 1.07642892999e-06, 1.42070200582e-06, 4.63805406525e-07, 5.08915172759e-06, 9.11016456939e-07, 4.09680154689e-07, 1.58102238856e-06, 5.11945188464e-07, 9.63791649156e-07, 2.5041056233e-06, 7.65553465953e-07, 4.6501122597e-07, 2.74289078561e-07, 1.70569478541e-07, 2.06083925036e-07, 7.35308987032e-08, 5.36189403988e-08, 2.06006234293e-08, 5.56768995352e-08, 1.04279195057e-07, 3.97549335673e-08, 6.65710819803e-11],
        "dvar2": [1.86269630831e-08, 0.000386579486076, 0.000147726852447, 5.92773767494e-06, 3.36831799359e-05, 2.39105247601e-06, 3.47623154084e-06, 1.21093273719e-06, 1.21563107314e-05, 2.33365858548e-06, 9.36826211273e-07, 3.916084097e-06, 1.1138405398e-06, 2.22859557653e-06, 6.63698574499e-06, 1.8288726551e-06, 1.05692015495e-06, 6.0131861801e-07, 4.53927384569e-07, 4.93861477935e-07, 1.87992398537e-07, 1.43334645486e-07, 4.89333444875e-08, 1.05072096801e-07, 2.29038889188e-07, 1.03546490493e-07, 1.78965522957e-10],
        "max": [0.000714181747753, 0.0846020579338, 0.0593780875206, 0.0161475297064, 0.0411255843937, 0.0179434735328, 0.0129323089495, 0.00811164081097, 0.022744115442, 0.0153990173712, 0.00880439672619, 0.0195300243795, 0.0112718548626, 0.0107674133033, 0.0197155550122, 0.0127654084936, 0.00906286668032, 0.00560862664133, 0.00371167715639, 0.00749575532973, 0.00321265985258, 0.00331284012645, 0.00218926905654, 0.00366219226271, 0.00372562394477, 0.00186878093518, 7.60192924645e-05],
        "mean": [7.71080885897e-05, 0.0101821757853, 0.00377289997414, 0.00159838655964, 0.0015194179723, 0.000866857124493, 0.000604572007433, 0.000348791363649, 0.00148164213169, 0.000578678795137, 0.000448872538982, 0.000620182196144, 0.000501956790686, 0.000748392951209, 0.00149428460281, 0.00113690341823, 0.00105866848025, 0.000751955667511, 0.000853062665556, 0.000648366578389, 0.000477156514535, 0.000304832268739, 0.00020035050693, 0.000261063338257, 0.00024338629737, 9.85818987829e-05, 2.98669374388e-06],
        "median": [3.86998435715e-05, 0.00767914671451, 0.00178136909381, 0.00100468983874, 0.000763972464483, 0.000438860821305, 0.00019593637262, 0.000138990144478, 0.000415541609982, 0.000201107061002, 0.000181623341632, 0.000263992580585, 0.00020464908448, 0.000337664358085, 0.000520541216247, 0.000836274353787, 0.000838987354655, 0.000578630715609, 0.000825837487355, 0.00052718364168, 0.000429856794653, 0.000233113518334, 0.000116004965093, 0.000120081131172, 8.26070390758e-05, 2.45346273005e-05, 1.46701793824e-07],
        "min": [2.97590146969e-11, 2.4086616035e-10, 2.50107906608e-10, 1.5620357785e-10, 3.41730255204e-10, 1.38300149111e-10, 4.83242335036e-11, 2.99525057534e-11, 8.0465682728e-11, 4.42272780898e-11, 4.77782674535e-11, 2.15405610016e-11, 3.70236410974e-11, 5.94083671146e-11, 9.16985307131e-11, 1.67979866128e-10, 7.92598972565e-11, 9.78413045027e-11, 1.69257233229e-10, 7.77657382933e-11, 5.79130493561e-11, 3.33163253929e-11, 5.61305776164e-12, 3.56172773566e-12, 1.65119263748e-12, 3.54811254162e-12, 4.5482116337e-12],
        "var": [8.90556428601e-09, 0.000131869659526, 4.10454449593e-05, 3.31547016685e-06, 9.74727117864e-06, 2.15922523239e-06, 1.94418657884e-06, 4.49532734592e-07, 8.56341011968e-06, 1.47786067828e-06, 7.17469049505e-07, 1.88793796951e-06, 8.76353738022e-07, 1.4529280179e-06, 5.17504531672e-06, 1.28230044538e-06, 9.50884043505e-07, 5.4099530189e-07, 3.28013783246e-07, 3.44821273757e-07, 1.31304261686e-07, 8.178336941e-08, 5.56256800621e-08, 1.63559107591e-07, 2.12355033113e-07, 4.43643983772e-08, 6.45351688755e-11]
    },
    "erbbands": {
        "dmean": [0.135151103139, 1.87484371662, 4.37897109985, 3.59944033623, 3.34094190598, 4.99353551865, 5.42859792709, 4.71066522598, 6.5628452301, 5.71226263046, 8.90360069275, 20.5219612122, 24.8473987579, 13.0693798065, 9.15277004242, 20.0753993988, 15.3592662811, 21.8946361542, 34.1383934021, 39.9752235413, 35.8452072144, 27.7543087006, 22.992723465, 19.5141468048, 16.0187683105, 14.0711488724, 10.0082511902, 6.50416231155, 4.95059585571, 3.35662555695, 2.48582625389, 2.14258956909, 2.24240469933, 1.841563344, 1.04573249817, 0.462200909853, 0.126829698682, 0.020084310323, 0.000432423868915, 2.84163270408e-05],
        "dmean2": [0.229474768043, 3.15696191788, 7.49720573425, 6.04537582397, 5.62422704697, 8.28279590607, 9.2105884552, 7.45671033859, 10.1897850037, 9.46875476837, 14.5498809814, 33.5982246399, 38.7311096191, 19.7092781067, 14.3341255188, 32.4076881409, 23.2731838226, 34.0663833618, 52.937374115, 63.3291130066, 56.795841217, 44.0547981262, 36.3374786377, 32.2901115417, 25.6867275238, 22.3666477203, 16.1482830048, 10.8269701004, 8.20658397675, 5.46166801453, 3.78230643272, 3.10529494286, 3.35346794128, 2.72935390472, 1.63627040386, 0.748947799206, 0.209040418267, 0.0334206968546, 0.000714887457434, 4.52871718153e-05],
        "dvar": [0.044645216316, 10.4807949066, 81.5157318115, 30.0737380981, 33.0884246826, 178.165237427, 185.444900513, 70.5714111328, 221.690979004, 271.207855225, 328.708190918, 2084.47631836, 3029.37060547, 626.692749023, 286.817321777, 3153.04150391, 965.565429688, 1815.41308594, 2702.00512695, 4427.07275391, 2744.53881836, 1223.07507324, 1178.59362793, 464.428924561, 443.858062744, 460.749664307, 179.357025146, 88.5476150513, 85.2691650391, 33.6598701477, 16.5970478058, 14.2769794464, 24.1389789581, 16.0491733551, 5.36166906357, 1.13478624821, 0.0912909507751, 0.00236273114569, 1.07992934772e-06, 2.38500397209e-09],
        "dvar2": [0.1113396734, 28.8568191528, 228.376693726, 83.2730712891, 87.1202392578, 476.195007324, 499.297393799, 147.412460327, 513.755371094, 686.541809082, 817.249145508, 5530.77685547, 6813.94824219, 1363.57019043, 704.549499512, 7848.68847656, 2125.94970703, 4332.50146484, 6184.68554688, 11518.4013672, 6641.75585938, 2719.28442383, 2512.03369141, 1257.40283203, 1183.33666992, 1084.32666016, 428.198822021, 226.297546387, 230.075332642, 86.9828414917, 35.9361457825, 25.9964237213, 48.0465164185, 33.4566955566, 12.6625261307, 2.93192100525, 0.236579805613, 0.00615865318105, 2.81392840407e-06, 6.09203665292e-09],
        "max": [1.40185177326, 23.4854621887, 73.569732666, 50.8831100464, 54.1841773987, 155.945220947, 131.828338623, 116.264961243, 166.907073975, 261.975738525, 228.061462402, 474.285888672, 760.440673828, 361.680480957, 217.100143433, 874.260742188, 440.42098999, 469.296875, 564.606140137, 751.516357422, 813.319091797, 431.084075928, 371.44317627, 204.698059082, 264.339630127, 317.434143066, 140.424804688, 115.724113464, 136.716751099, 64.6580352783, 60.6538238525, 51.9579772949, 76.1321487427, 52.5065689087, 24.3011341095, 9.16068077087, 3.2938747406, 0.391817629337, 0.00818234402686, 0.000426643207902],
        "mean": [0.171758681536, 2.67088341713, 5.13630199432, 5.04136800766, 4.51991653442, 5.71112537384, 6.15085983276, 6.96332502365, 9.12252235413, 6.71042490005, 11.0504131317, 25.6838378906, 34.648311615, 20.1761398315, 14.7198438644, 27.2644615173, 23.9790706635, 33.1279258728, 59.2091293335, 70.2367858887, 68.9455566406, 58.1402816772, 46.3984603882, 44.0858764648, 36.9549865723, 31.1053600311, 22.7269058228, 16.4798851013, 11.4941120148, 7.07809925079, 5.79891967773, 5.07225084305, 4.59455776215, 3.14785265923, 1.47894597054, 0.573978126049, 0.144103914499, 0.0211812164634, 0.000484011339722, 5.91948555666e-05],
        "median": [0.116265274584, 2.01907062531, 2.95845961571, 3.28281354904, 2.93487262726, 2.52934813499, 2.67928695679, 3.25977063179, 3.10361027718, 2.87028288841, 4.27688741684, 9.39697933197, 8.27230072021, 7.39067029953, 7.21810531616, 11.469701767, 10.495762825, 14.9365901947, 27.7458705902, 32.1058120728, 53.6092300415, 45.2401428223, 35.2125320435, 42.711933136, 35.0399932861, 24.8633537292, 19.4714679718, 14.9065322876, 9.06377029419, 4.30200386047, 3.28047156334, 2.45386004448, 1.95935404301, 1.13950753212, 0.422431558371, 0.163767978549, 0.0285140294582, 0.00232493272051, 8.59616266098e-05, 4.44620854978e-05],
        "min": [7.53346363069e-09, 5.44422995574e-08, 2.26199105668e-07, 4.87556121698e-07, 6.79351330746e-07, 1.54115980422e-06, 1.38816562867e-06, 6.75946353113e-07, 6.27167310085e-07, 1.42137594139e-06, 5.04041508975e-07, 2.17714637074e-06, 1.60843160302e-06, 1.63996844549e-06, 1.90735295291e-06, 9.10145047328e-07, 1.3950112816e-06, 3.12926135848e-06, 3.72903173229e-06, 5.54617508897e-06, 1.07679989014e-05, 4.44903889729e-06, 6.11401173956e-06, 1.01221348814e-05, 5.11951202498e-06, 4.29820602221e-06, 3.44417867382e-06, 1.95444158635e-06, 1.54513782036e-06, 3.01975973116e-07, 1.38400523042e-07, 1.04307702031e-07, 3.9580665856e-08, 1.54337183034e-08, 1.6214704246e-08, 1.59149369239e-08, 5.41197175963e-09, 2.20950635565e-09, 6.23292528701e-10, 7.82107018038e-11],
        "var": [0.0443463101983, 9.26919174194, 61.5797996521, 32.3104476929, 33.2373542786, 146.602752686, 170.951950073, 148.333129883, 416.895965576, 254.25819397, 409.736755371, 2116.81933594, 6048.51953125, 1324.66381836, 505.593963623, 3682.50610352, 1779.59545898, 2655.90209961, 5820.83203125, 8841.89941406, 4532.43017578, 2619.09716797, 2316.73364258, 883.037597656, 678.89239502, 867.213378906, 343.297424316, 162.185531616, 116.797080994, 59.1339187622, 50.5641326904, 49.4649467468, 61.1872711182, 35.0528068542, 8.9836473465, 1.35518085957, 0.102512016892, 0.00257775676437, 1.1769301409e-06, 3.08742120758e-09]
    },
    "gfcc": {
        "mean": [30.064863205, 65.5154953003, -126.221794128, 61.8200836182, -42.4282569885, 24.7132720947, -35.1970100403, 20.320646286, -22.6457595825, 5.05546379089, -20.365114212, -1.78438735008, -7.18996047974],
        "cov": [[8259.05371094, -908.818237305, 194.17199707, -452.852844238, -252.131912231, 424.754211426, -285.758605957, 318.779418945, -64.6672515869, 167.925964355, -170.28805542, 56.1965522766, -106.069442749], [-908.818237305, 881.84753418, -454.445953369, 235.410385132, 31.4027557373, -185.346847534, 142.670898438, -145.26260376, 95.3199081421, -94.7128143311, 115.822685242, -90.8069610596, 89.1533889771], [194.17199707, -454.445953369, 518.171203613, -43.1341438293, 6.98691082001, 33.4991760254, -109.630332947, 56.6480636597, -59.0941619873, 70.9558258057, -59.9446105957, 60.0848121643, -76.8433303833], [-452.852844238, 235.410385132, -43.1341438293, 334.36315918, 24.7609863281, -35.5001525879, 18.245721817, -65.0157012939, 48.9013366699, -63.1667785645, 90.7746200562, -61.2508354187, 54.4298439026], [-252.131912231, 31.4027557373, 6.98691082001, 24.7609863281, 164.202728271, 38.2542381287, 70.3604507446, 2.72949075699, -12.9156122208, 2.42029762268, -19.4500961304, -8.17417621613, -2.67621898651], [424.754211426, -185.346847534, 33.4991760254, -35.5001525879, 38.2542381287, 224.19569397, 49.33152771, 60.5675430298, -22.0186882019, -12.6077079773, -2.07373905182, 1.23369836807, -1.43946003914], [-285.758605957, 142.670898438, -109.630332947, 18.245721817, 70.3604507446, 49.33152771, 163.027526855, 6.55188274384, 0.338462382555, -29.0963382721, 22.0604457855, -3.24375748634, 17.1132984161], [318.779418945, -145.26260376, 56.6480636597, -65.0157012939, 2.72949075699, 60.5675430298, 6.55188274384, 105.514762878, 9.35741996765, 31.9380207062, -26.4750957489, 11.0245513916, -7.73693227768], [-64.6672515869, 95.3199081421, -59.0941619873, 48.9013366699, -12.9156122208, -22.0186882019, 0.338462382555, 9.35741996765, 97.6185150146, 9.232462883, 10.9775190353, -31.1681079865, 18.2247257233], [167.925964355, -94.7128143311, 70.9558258057, -63.1667785645, 2.42029762268, -12.6077079773, -29.0963382721, 31.9380207062, 9.232462883, 88.9237442017, -8.76294517517, 18.9075317383, -28.4259662628], [-170.28805542, 115.822685242, -59.9446105957, 90.7746200562, -19.4500961304, -2.07373905182, 22.0604457855, -26.4750957489, 10.9775190353, -8.76294517517, 103.983688354, 7.91578149796, 23.5662345886], [56.1965522766, -90.8069610596, 60.0848121643, -61.2508354187, -8.17417621613, 1.23369836807, -3.24375748634, 11.0245513916, -31.1681079865, 18.9075317383, 7.91578149796, 93.9379959106, -4.11335420609], [-106.069442749, 89.1533889771, -76.8433303833, 54.4298439026, -2.67621898651, -1.43946003914, 17.1132984161, -7.73693227768, 18.2247257233, -28.4259662628, 23.5662345886, -4.11335420609, 67.0161361694]],
        "icov": [[0.000186389093869, -8.98039434105e-05, 0.000158290087711, -8.28327683848e-05, 0.000311776966555, -0.000502923736349, 0.000422636017902, -0.000368242501281, 0.000226210569963, -0.000345532578649, 0.000351855967892, -0.00013944755483, 0.000174093380338], [-8.98039434105e-05, 0.00518579734489, 0.00227900734171, -0.000554479076527, -0.0011645690538, 0.00408084504306, -0.00321808760054, 0.00257874000818, -0.00206994940527, 0.00147848716006, -0.00258676498197, 0.0018859981792, -0.000601335428655], [0.000158290087711, 0.00227900734171, 0.00534835131839, -0.00287937209941, -0.000331584567903, 0.000436025613453, 0.00128340977244, -0.000934351817705, 0.00129013380501, -0.0017439146759, 0.0018858241383, -0.00230354676023, 0.00335536221974], [-8.28327683848e-05, -0.000554479076527, -0.00287937209941, 0.00851076841354, -0.00282992701977, 0.00122784473933, 0.000675050891005, 0.00163351907395, -0.00317826517858, 0.00517645804211, -0.00761233596131, 0.00485932826996, -0.00364272901788], [0.000311776966555, -0.0011645690538, -0.000331584567903, -0.00282992701977, 0.0105659924448, -0.00303220981732, -0.0038205285091, 0.000585860805586, 0.00275550573133, -0.00521512608975, 0.00625370303169, -0.000743080046959, 0.00015486360644], [-0.000502923736349, 0.00408084504306, 0.000436025613453, 0.00122784473933, -0.00303220981732, 0.0109160011634, -0.0044072358869, -0.00149941956624, -0.00099635112565, 0.00501857884228, -0.00546630611643, 0.00345473457128, -0.00112249166705], [0.000422636017902, -0.00321808760054, 0.00128340977244, 0.000675050891005, -0.0038205285091, -0.0044072358869, 0.0138182677329, -0.00466463994235, 0.00138157163747, 0.00195062381681, -0.000741026189644, -0.0027741487138, 0.00210095266812], [-0.000368242501281, 0.00257874000818, -0.000934351817705, 0.00163351907395, 0.000585860805586, -0.00149941956624, -0.00466463994235, 0.0182937998325, -0.0049124234356, -0.00375509029254, 0.00126524118241, 0.0009931914974, -0.0037579741329], [0.000226210569963, -0.00206994940527, 0.00129013380501, -0.00317826517858, 0.00275550573133, -0.00099635112565, 0.00138157163747, -0.0049124234356, 0.0167694855481, -0.00646695727482, 0.00308134127408, 0.00236606178805, -0.0019006539369], [-0.000345532578649, 0.00147848716006, -0.0017439146759, 0.00517645804211, -0.00521512608975, 0.00501857884228, 0.00195062381681, -0.00375509029254, -0.00646695727482, 0.0226192846894, -0.00846073403955, 0.000330819195369, 0.00459874467924], [0.000351855967892, -0.00258676498197, 0.0018858241383, -0.00761233596131, 0.00625370303169, -0.00546630611643, -0.000741026189644, 0.00126524118241, 0.00308134127408, -0.00846073403955, 0.0218271277845, -0.00754207745194, 0.000245641829679], [-0.00013944755483, 0.0018859981792, -0.00230354676023, 0.00485932826996, -0.000743080046959, 0.00345473457128, -0.0027741487138, 0.0009931914974, 0.00236606178805, 0.000330819195369, -0.00754207745194, 0.0179978031665, -0.00519640231505], [0.000174093380338, -0.000601335428655, 0.00335536221974, -0.00364272901788, 0.00015486360644, -0.00112249166705, 0.00210095266812, -0.0037579741329, -0.0019006539369, 0.00459874467924, 0.000245641829679, -0.00519640231505, 0.0238771736622]]
    },
    "melbands": {
        "dmean": [0.00166232744232, 0.00235185283236, 0.000606311426964, 0.000288192299195, 0.000194961714442, 0.000108505482785, 9.94548609015e-05, 5.90259041928e-05, 8.00533161964e-05, 0.000150379099068, 0.000123456091387, 5.19746317877e-05, 3.38250501954e-05, 4.54058499599e-05, 5.26054864167e-05, 3.20050748996e-05, 4.53057364211e-05, 5.01611211803e-05, 8.42809677124e-05, 4.07383849961e-05, 4.49519939139e-05, 3.19773280353e-05, 2.81300308416e-05, 1.60424042406e-05, 1.79885591933e-05, 1.31532169689e-05, 1.17861090985e-05, 9.69963548414e-06, 7.22629965821e-06, 5.20862386111e-06, 3.87199997931e-06, 3.41132908943e-06, 2.20257402361e-06, 1.88711726423e-06, 1.45918158978e-06, 1.63454137692e-06, 1.36492724323e-06, 1.70312841874e-06, 1.58912280313e-06, 1.65561243648e-06],
        "dmean2": [0.00278554297984, 0.00398402800784, 0.00101046450436, 0.000482021569042, 0.000331287155859, 0.000170840503415, 0.00015399257245, 9.83833888313e-05, 0.000130487693241, 0.000244114053203, 0.000193219762878, 7.87814205978e-05, 5.29951503268e-05, 7.36338479328e-05, 8.5332452727e-05, 4.87691104354e-05, 7.14827838237e-05, 7.78199464548e-05, 0.000136440197821, 6.60286095808e-05, 7.2710798122e-05, 5.19262430316e-05, 4.38448114437e-05, 2.61294189841e-05, 3.00460469589e-05, 2.14320734813e-05, 1.90817627299e-05, 1.54446515808e-05, 1.17816789498e-05, 8.57195664139e-06, 6.51422578812e-06, 5.74851492274e-06, 3.60115745934e-06, 3.06818947138e-06, 2.25600138037e-06, 2.48685455517e-06, 2.02399974114e-06, 2.56324483416e-06, 2.4200307962e-06, 2.49948357123e-06],
        "dvar": [6.98245457897e-06, 2.15304571611e-05, 7.8584179164e-07, 4.54122073279e-07, 2.83703968762e-07, 3.53009852461e-08, 4.93887384323e-08, 2.50774458976e-08, 2.52461198613e-08, 1.08086467776e-07, 7.49716448922e-08, 1.01758290683e-08, 4.72737493595e-09, 1.72267640153e-08, 1.71474887622e-08, 3.99562027908e-09, 8.73705907622e-09, 6.90697321559e-09, 2.47695446376e-08, 2.82869039303e-09, 4.54935955574e-09, 1.54510315653e-09, 1.48994006022e-09, 4.0861741768e-10, 4.01274763417e-10, 2.33240649017e-10, 4.03338723531e-10, 1.87342905078e-10, 9.61220894546e-11, 4.53595321026e-11, 3.21208407095e-11, 4.05086970912e-11, 1.51345429245e-11, 9.83947992528e-12, 5.56173596761e-12, 7.51280548189e-12, 6.04244952684e-12, 1.35497914971e-11, 1.52301678213e-11, 1.35436254226e-11],
        "dvar2": [1.83105767064e-05, 6.04109591222e-05, 2.16369562622e-06, 1.1864009366e-06, 7.76570004746e-07, 7.51323412373e-08, 1.15424484193e-07, 6.32908410125e-08, 5.91791398108e-08, 2.80308853462e-07, 1.69373919334e-07, 2.22904574798e-08, 1.13591056561e-08, 4.09184828243e-08, 4.26232347195e-08, 8.56894377677e-09, 2.1244709103e-08, 1.5211815807e-08, 6.83210288344e-08, 6.31910923587e-09, 1.12565565757e-08, 3.56513929489e-09, 3.32976890505e-09, 9.71338787181e-10, 1.09812525739e-09, 6.20178297606e-10, 1.04293251812e-09, 4.42391234756e-10, 2.21830762093e-10, 1.23861448875e-10, 8.38451391649e-11, 1.11281810156e-10, 3.95556885857e-11, 2.57212480481e-11, 1.26006757112e-11, 1.55218702474e-11, 1.20196803899e-11, 2.82620940539e-11, 3.18573882552e-11, 2.99974732554e-11],
        "max": [0.0172641836107, 0.0358067192137, 0.00848388299346, 0.00757003109902, 0.00574085349217, 0.00231786328368, 0.00225441134535, 0.00239153346047, 0.001946055796, 0.00308170565404, 0.00371789443307, 0.00139843788929, 0.000832277873997, 0.00247226702049, 0.0019175184425, 0.00127996085212, 0.00107333890628, 0.00109230470844, 0.00211256742477, 0.000537377782166, 0.00104850158095, 0.000574166828301, 0.000483856652863, 0.000191338316654, 0.000193239728105, 0.000146672260598, 0.000321931525832, 0.000170743151102, 0.000112851790618, 7.89176192484e-05, 6.70041918056e-05, 0.000106584964669, 5.35897852387e-05, 3.78746590286e-05, 3.57312310371e-05, 3.8475736801e-05, 3.14200624416e-05, 6.46477637929e-05, 6.0653728724e-05, 5.32580816071e-05],
        "mean": [0.00230460288003, 0.00316579407081, 0.00087202352006, 0.000359571393346, 0.000223502967856, 0.000163071294082, 0.000135511407279, 6.79578370182e-05, 9.91081760731e-05, 0.00019074541342, 0.00017075134383, 7.79053079896e-05, 5.093260188e-05, 6.14532618783e-05, 7.14387351763e-05, 4.73654035886e-05, 6.26698601991e-05, 8.2131504314e-05, 0.000128868501633, 7.11010143277e-05, 8.24837989057e-05, 6.12396179349e-05, 5.15762731084e-05, 3.12122429023e-05, 3.70407542505e-05, 2.94427100016e-05, 2.3654947654e-05, 1.96893088287e-05, 1.50078158185e-05, 1.12410734801e-05, 8.89482089406e-06, 7.17359944247e-06, 4.51971072835e-06, 3.56317423211e-06, 3.18033721669e-06, 3.34589549311e-06, 3.04104742099e-06, 3.34367359756e-06, 2.87659372589e-06, 2.60508181782e-06],
        "median": [0.0017273996491, 0.00223255902529, 0.0005847082939, 0.000200056339963, 0.000101284509583, 7.94467559899e-05, 4.80062590213e-05, 2.92927179544e-05, 3.48530775227e-05, 6.12726871623e-05, 3.75430463464e-05, 2.79919058812e-05, 2.3517108275e-05, 2.53836933553e-05, 2.90768875857e-05, 2.00750782824e-05, 2.65892122115e-05, 4.13340749219e-05, 3.86940337194e-05, 4.83923322463e-05, 6.44559113425e-05, 4.76104869449e-05, 3.6047098547e-05, 2.50262855843e-05, 3.55432785e-05, 2.81547727354e-05, 1.99029473151e-05, 1.51706708493e-05, 1.20233607959e-05, 1.02826425064e-05, 7.901432582e-06, 5.65734717384e-06, 2.99245061797e-06, 2.00653812499e-06, 1.76135006313e-06, 1.65315964296e-06, 1.50408561694e-06, 1.43305624078e-06, 1.08240703867e-06, 8.46156183343e-07],
        "min": [6.89092741202e-11, 1.0506906456e-10, 8.62100113519e-11, 8.41691785713e-11, 5.05870415002e-11, 1.83898851008e-11, 9.52630075518e-12, 1.40411805447e-11, 3.94576949239e-12, 1.21160859123e-11, 7.42228500883e-12, 6.39231289429e-12, 6.82055020101e-12, 3.45045910247e-12, 2.71222822847e-12, 3.54814571821e-12, 5.76020524681e-12, 5.70183310289e-12, 7.25129808629e-12, 6.55371546962e-12, 1.40613640523e-11, 4.45434964955e-12, 3.90294827707e-12, 4.54207938622e-12, 8.80473732118e-12, 4.78707004592e-12, 2.55767434142e-12, 2.81765409615e-12, 2.36591063581e-12, 1.26240500258e-12, 1.05877188527e-12, 1.16959859766e-12, 2.12858254785e-13, 1.33370826319e-13, 8.57882084056e-14, 6.64521809433e-14, 6.04170102077e-14, 2.92969960086e-14, 1.53959842515e-14, 1.17133839995e-14],
        "var": [6.79841923557e-06, 1.69116410689e-05, 8.73306703397e-07, 3.94758473021e-07, 2.2927203247e-07, 7.55626885507e-08, 8.34577349451e-08, 2.38985720102e-08, 3.63473091625e-08, 1.33029061544e-07, 1.50497527329e-07, 2.17236912903e-08, 7.30001259441e-09, 2.14615099026e-08, 2.17076046027e-08, 7.52133910709e-09, 1.13716680517e-08, 1.2743420541e-08, 4.77751207484e-08, 5.43682032728e-09, 7.03509117628e-09, 3.25179216887e-09, 2.79923462188e-09, 7.77748976333e-10, 7.05160430048e-10, 4.21829959851e-10, 4.80303186112e-10, 3.87106596778e-10, 1.83772164153e-10, 7.59453541721e-11, 5.46231913867e-11, 5.02707736549e-11, 2.35907942486e-11, 1.714843198e-11, 1.55459221884e-11, 2.19376600219e-11, 1.83051906966e-11, 3.31121692565e-11, 3.1279735746e-11, 2.57642362306e-11]
    },
    "mfcc": {
        "mean": [-603.702270508, 84.2118835449, -10.6952533722, 38.5617904663, 18.9106788635, 11.2906017303, 8.52874279022, 8.54648113251, 11.5102357864, 6.35990285873, -0.415797829628, 0.626303315163, -1.5273475647],
        "cov": [[6987.59667969, -142.305953979, -80.0294570923, -414.785217285, -44.4394874573, -43.6052856445, -90.440536499, 31.4409790039, 56.6057891846, 157.963592529, 16.1190490723, -11.5968809128, -57.1644325256], [-142.305953979, 471.922210693, -264.705047607, 135.73210144, -99.7897109985, 4.61154222488, -10.4620981216, -16.8929424286, 0.54818624258, -11.0949697495, 1.13176560402, 2.3366048336, 16.1463298798], [-80.0294570923, -264.705047607, 374.697479248, -9.17377090454, 80.6772766113, -26.4143409729, -32.9826965332, -15.1108379364, -36.0414352417, -9.18190860748, 3.38186955452, 8.22658157349, 11.6322565079], [-414.785217285, 135.73210144, -9.17377090454, 305.612609863, 22.4934120178, -1.75687348843, -25.8583889008, -39.1095504761, -19.8554706573, -17.4839267731, -22.0552520752, 29.2513885498, 25.36469841], [-44.4394874573, -99.7897109985, 80.6772766113, 22.4934120178, 130.247650146, 24.9149494171, 13.2921552658, -6.45899963379, 18.6332893372, 15.8905735016, 0.199170917273, -2.16469788551, -7.91563463211], [-43.6052856445, 4.61154222488, -26.4143409729, -1.75687348843, 24.9149494171, 107.096908569, 66.2425689697, 38.0606842041, 8.38243103027, -3.43240714073, 11.9815683365, 2.59026241302, -15.8028326035], [-90.440536499, -10.4620981216, -32.9826965332, -25.8583889008, 13.2921552658, 66.2425689697, 164.003005981, 57.8739433289, 20.6363754272, -23.4906673431, 16.0224514008, 11.9258337021, -4.47405815125], [31.4409790039, -16.8929424286, -15.1108379364, -39.1095504761, -6.45899963379, 38.0606842041, 57.8739433289, 99.5668182373, 25.1490192413, -4.10450410843, 0.376616120338, 2.03271341324, -6.02394628525], [56.6057891846, 0.54818624258, -36.0414352417, -19.8554706573, 18.6332893372, 8.38243103027, 20.6363754272, 25.1490192413, 88.6161193848, 43.6111755371, 4.32008266449, -14.5016784668, -13.8509998322], [157.963592529, -11.0949697495, -9.18190860748, -17.4839267731, 15.8905735016, -3.43240714073, -23.4906673431, -4.10450410843, 43.6111755371, 84.184135437, 20.3786334991, -7.85101222992, -11.7531795502], [16.1190490723, 1.13176560402, 3.38186955452, -22.0552520752, 0.199170917273, 11.9815683365, 16.0224514008, 0.376616120338, 4.32008266449, 20.3786334991, 61.2703590393, 17.999671936, -0.416517853737], [-11.5968809128, 2.3366048336, 8.22658157349, 29.2513885498, -2.16469788551, 2.59026241302, 11.9258337021, 2.03271341324, -14.5016784668, -7.85101222992, 17.999671936, 64.2812805176, 25.2752323151], [-57.1644325256, 16.1463298798, 11.6322565079, 25.36469841, -7.91563463211, -15.8028326035, -4.47405815125, -6.02394628525, -13.8509998322, -11.7531795502, -0.416517853737, 25.2752323151, 52.0752906799]],
