{
"lowlevel": {
    "average_loudness": 0.984284222126,
    "barkbands_crest": {
        "dmean": 2.71915388107,
        "dmean2": 4.39477157593,
        "dvar": 7.48749923706,
        "dvar2": 17.8447399139,
        "max": 23.4169406891,
        "mean": 8.81487464905,
        "median": 8.07634353638,
        "min": 2.38471794128,
        "var": 13.1057806015
    },
    "barkbands_flatness_db": {
        "dmean": 0.0173284839839,
        "dmean2": 0.0278635267168,
        "dvar": 0.00024375342764,
        "dvar2": 0.000629365735222,
        "max": 0.232349157333,
        "mean": 0.130848795176,
        "median": 0.127860099077,
        "min": 0.0623107627034,
        "var": 0.000490941398311
    },
    "barkbands_kurtosis": {
        "dmean": 0.964517235756,
        "dmean2": 1.58251452446,
        "dvar": 2.03281521797,
        "dvar2": 5.13410234451,
        "max": 18.6833095551,
        "mean": 0.0898797214031,
        "median": -0.420052051544,
        "min": -1.71071088314,
        "var": 2.77475500107
    },
    "barkbands_skewness": {
        "dmean": 0.410946458578,
        "dmean2": 0.64125585556,
        "dvar": 0.160026505589,
        "dvar2": 0.369838744402,
        "max": 4.37830591202,
        "mean": 0.857981920242,
        "median": 0.771323025227,
        "min": -1.54477667809,
        "var": 0.454228132963
    },
    "barkbands_spread": {
        "dmean": 5.19833755493,
        "dmean2": 8.34656715393,
        "dvar": 22.4672870636,
        "dvar2": 57.7122001648,
        "max": 59.3202514648,
        "mean": 34.2469367981,
        "median": 34.3156166077,
        "min": 5.68456506729,
        "var": 59.4853477478
    },
    "dissonance": {
        "dmean": 0.0104603888467,
        "dmean2": 0.0179198980331,
        "dvar": 0.000120817909192,
        "dvar2": 0.000345387263224,
        "max": 0.499999821186,
        "mean": 0.483667045832,
        "median": 0.487654715776,
        "min": 0.378405928612,
        "var": 0.000199669419089
    },
    "dynamic_complexity": 1.35126900673,
    "erbbands_crest": {
        "dmean": 2.40065574646,
        "dmean2": 3.94237136841,
        "dvar": 6.02028369904,
        "dvar2": 14.7171325684,
        "max": 28.8592472076,
        "mean": 7.82106018066,
        "median": 6.69481706619,
        "min": 2.66515469551,
        "var": 16.058713913
    },
    "erbbands_flatness_db": {
        "dmean": 0.0129806818441,
        "dmean2": 0.0202744826674,
        "dvar": 0.000149407715071,
        "dvar2": 0.000322978943586,
        "max": 0.309416979551,
        "mean": 0.170150130987,
        "median": 0.167147219181,
        "min": 0.113682433963,
        "var": 0.000697096809745
    },
    "erbbands_kurtosis": {
        "dmean": 0.748276948929,
        "dmean2": 1.18084287643,
        "dvar": 0.764369487762,
        "dvar2": 1.6954382658,
        "max": 15.7831478119,
        "mean": 0.454085439444,
        "median": 0.193203210831,
        "min": -1.50731122494,
        "var": 1.6640021801
    },
    "erbbands_skewness": {
        "dmean": 0.28241276741,
        "dmean2": 0.440882444382,
        "dvar": 0.062801502645,
        "dvar2": 0.147710248828,
        "max": 2.43809080124,
        "mean": -0.224080353975,
        "median": -0.271708071232,
        "min": -3.59066438675,
        "var": 0.348193705082
    },
    "erbbands_spread": {
        "dmean": 6.49501657486,
        "dmean2": 10.1765966415,
        "dvar": 35.0072402954,
        "dvar2": 82.9952392578,
        "max": 77.7341156006,
        "mean": 34.4000778198,
        "median": 33.2927818298,
        "min": 6.83859825134,
        "var": 140.130371094
    },
    "hfc": {
        "dmean": 7.30087566376,
        "dmean2": 12.0074548721,
        "dvar": 81.8590087891,
        "dvar2": 212.348587036,
        "max": 103.301116943,
        "mean": 36.149394989,
        "median": 35.6659431458,
        "min": 0.000243570757448,
        "var": 184.009262085
    },
    "melbands_crest": {
        "dmean": 3.67991709709,
        "dmean2": 5.97676467896,
        "dvar": 10.3339395523,
        "dvar2": 26.384771347,
        "max": 29.6232662201,
        "mean": 15.49314785,
        "median": 15.5766477585,
        "min": 4.60862255096,
        "var": 24.4132423401
    },
    "melbands_flatness_db": {
        "dmean": 0.0218877606094,
        "dmean2": 0.0341433361173,
        "dvar": 0.000409231230151,
        "dvar2": 0.00100508471951,
        "max": 0.280564814806,
        "mean": 0.148543804884,
        "median": 0.144507348537,
        "min": 0.0701495632529,
        "var": 0.000902942498215
    },
    "melbands_kurtosis": {
        "dmean": 4.00111103058,
        "dmean2": 6.39235115051,
        "dvar": 34.6204910278,
        "dvar2": 85.9287796021,
        "max": 80.9491195679,
        "mean": 6.34616422653,
        "median": 3.79111242294,
        "min": -1.67175793648,
        "var": 59.1661338806
    },
    "melbands_skewness": {
        "dmean": 0.656830132008,
        "dmean2": 1.02215385437,
        "dvar": 0.436303734779,
        "dvar2": 0.998491287231,
        "max": 8.43237113953,
        "mean": 2.1800327301,
        "median": 1.96234631538,
        "min": -0.635873675346,
        "var": 1.4157627821
    },
    "melbands_spread": {
        "dmean": 8.02368164062,
        "dmean2": 12.6019973755,
        "dvar": 53.984413147,
        "dvar2": 128.843505859,
        "max": 83.649887085,
        "mean": 35.5834350586,
        "median": 35.4773368835,
        "min": 5.43750286102,
        "var": 148.057556152
    },
    "pitch_salience": {
        "dmean": 0.0822489634156,
        "dmean2": 0.133799239993,
        "dvar": 0.0057834777981,
        "dvar2": 0.0155921606347,
        "max": 0.84694558382,
        "mean": 0.53435510397,
        "median": 0.529796421528,
        "min": 0.158034265041,
        "var": 0.0112048592418
    },
    "silence_rate_20dB": {
        "dmean": 0,
        "dmean2": 0,
        "dvar": 0,
        "dvar2": 0,
        "max": 1,
        "mean": 1,
        "median": 1,
        "min": 1,
        "var": 0
    },
    "silence_rate_30dB": {
        "dmean": 0.000774593325332,
        "dmean2": 0.00154978688806,
        "dvar": 0.000773989595473,
        "dvar2": 0.0023222619202,
        "max": 1,
        "mean": 0.999612867832,
        "median": 1,
        "min": 0,
        "var": 0.000387024047086
    },
    "silence_rate_60dB": {
        "dmean": 0.00154918665066,
        "dmean2": 0.00309957377613,
        "dvar": 0.00154677091632,
        "dvar2": 0.00308989710175,
        "max": 1,
        "mean": 0.00929152127355,
        "median": 0,
        "min": 0,
        "var": 0.00920563563704
    },
    "spectral_centroid": {
        "dmean": 196.118667603,
        "dmean2": 319.54510498,
        "dvar": 27224.7011719,
        "dvar2": 71257.3828125,
        "max": 2906.82080078,
        "mean": 2046.71008301,
        "median": 2062.53735352,
        "min": 1004.98394775,
        "var": 81408
    },
    "spectral_complexity": {
        "dmean": 4.46630525589,
        "dmean2": 7.32623004913,
        "dvar": 13.6206674576,
        "dvar2": 31.9104595184,
        "max": 59,
        "mean": 38.4916763306,
        "median": 39,
        "min": 0,
        "var": 63.4027824402
    },
    "spectral_decrease": {
        "dmean": 3.01029468019e-09,
        "dmean2": 4.83094542147e-09,
        "dvar": 1.41198522879e-17,
        "dvar2": 3.30180788204e-17,
        "max": -4.08922129827e-14,
        "mean": -9.81116787813e-09,
        "median": -8.96899621239e-09,
        "min": -3.78569211534e-08,
        "var": 2.04891843636e-17
    },
    "spectral_energy": {
        "dmean": 0.0117832031101,
        "dmean2": 0.0189329572022,
        "dvar": 0.00021232610743,
        "dvar2": 0.00049720617244,
        "max": 0.145483776927,
        "mean": 0.0403084866703,
        "median": 0.0370784774423,
        "min": 1.76428827103e-07,
        "var": 0.000316235964419
    },
    "spectral_energyband_high": {
        "dmean": 0.000508826808073,
        "dmean2": 0.000879164668731,
        "dvar": 7.47791489175e-07,
        "dvar2": 2.08460983231e-06,
        "max": 0.00929463654757,
        "mean": 0.0015612373827,
        "median": 0.00143041007686,
        "min": 1.84991684193e-08,
        "var": 7.35705100396e-07
    },
    "spectral_energyband_low": {
        "dmean": 0.0094334948808,
        "dmean2": 0.0148987593129,
        "dvar": 0.000182859163033,
        "dvar2": 0.000431286229286,
        "max": 0.133971527219,
        "mean": 0.0185247864574,
        "median": 0.0146138304844,
        "min": 3.04014591279e-08,
        "var": 0.000237343134359
    },
    "spectral_energyband_middle_high": {
        "dmean": 0.00304585788399,
        "dmean2": 0.00465708086267,
        "dvar": 1.07726591523e-05,
        "dvar2": 2.36611595028e-05,
        "max": 0.0434089899063,
        "mean": 0.0125601794571,
        "median": 0.0110646244138,
        "min": 5.83013530786e-08,
        "var": 5.57579005545e-05
    },
    "spectral_energyband_middle_low": {
        "dmean": 0.00428023841232,
        "dmean2": 0.00720807537436,
        "dvar": 4.06018734793e-05,
        "dvar2": 0.000108525680844,
        "max": 0.0552847571671,
        "mean": 0.00850700493902,
        "median": 0.00639617722481,
        "min": 7.57556293252e-08,
        "var": 4.86304852529e-05
    },
    "spectral_entropy": {
        "dmean": 0.0683272406459,
        "dmean2": 0.107921279967,
        "dvar": 0.00432582106441,
        "dvar2": 0.00911824405193,
        "max": 8.3415813446,
        "mean": 7.92435598373,
        "median": 7.94223737717,
        "min": 6.87534713745,
        "var": 0.018278138712
    },
    "spectral_flux": {
        "dmean": 0.028395941481,
        "dmean2": 0.0447252467275,
        "dvar": 0.000915349752177,
        "dvar2": 0.00201826472767,
        "max": 0.293417870998,
        "mean": 0.110230438411,
        "median": 0.101216755807,
        "min": 0.000420034310082,
        "var": 0.00183336157352
    },
    "spectral_kurtosis": {
        "dmean": 1.00084364414,
        "dmean2": 1.7329313755,
        "dvar": 0.791370749474,
        "dvar2": 2.3842663765,
        "max": 12.052696228,
        "mean": 2.15874195099,
        "median": 1.94065332413,
        "min": -0.146204471588,
        "var": 1.40084767342
    },
    "spectral_rms": {
        "dmean": 0.000862468674313,
        "dmean2": 0.00136394903529,
        "dvar": 8.74413046859e-07,
        "dvar2": 1.99362011699e-06,
        "max": 0.0119136637077,
        "mean": 0.00612145662308,
        "median": 0.0060144928284,
        "min": 1.31196684379e-05,
        "var": 1.85313626844e-06
    },
    "spectral_rolloff": {
        "dmean": 470.853942871,
        "dmean2": 777.565490723,
        "dvar": 256287.828125,
        "dvar2": 632272.625,
        "max": 5297.16796875,
        "mean": 1860.32971191,
        "median": 1894.921875,
        "min": 86.1328125,
        "var": 439438.65625
    },
    "spectral_skewness": {
        "dmean": 0.146748244762,
        "dmean2": 0.245909959078,
        "dvar": 0.0161839555949,
        "dvar2": 0.0445346310735,
        "max": 2.88743829727,
        "mean": 0.982535779476,
        "median": 0.967493474483,
        "min": 0.363168478012,
        "var": 0.045049559325
    },
    "spectral_spread": {
        "dmean": 262256.71875,
        "dmean2": 418349.5625,
        "dvar": 58998202368,
        "dvar2": 128894394368,
        "max": 8412724,
        "mean": 3815779.5,
        "median": 3826565.75,
        "min": 2363320.75,
        "var": 175078391808
    },
    "spectral_strongpeak": {
        "dmean": 0.693723917007,
        "dmean2": 1.2479133606,
        "dvar": 1.85126185417,
        "dvar2": 4.91198921204,
        "max": 12.4091482162,
        "mean": 0.867085516453,
        "median": 0.377013146877,
        "min": 0.000605203618761,
        "var": 2.08876872063
    },
    "zerocrossingrate": {
        "dmean": 0.00765005499125,
        "dmean2": 0.00967519544065,
        "dvar": 3.94275739382e-05,
        "dvar2": 6.50319707347e-05,
        "max": 0.12158203125,
        "mean": 0.0689327195287,
        "median": 0.068359375,
        "min": 0.025390625,
        "var": 0.000168745100382
    },
    "barkbands": {
        "dmean": [0.0003587223473, 0.00758660910651, 0.00348381209187, 0.00096629204927, 0.00120033300482, 0.0010537058115, 0.000773144245613, 0.000864173984155, 0.00130492274184, 0.00070291821612, 0.0011431388557, 0.00080266664736, 0.000903166772332, 0.000785113137681, 0.000589908391703, 0.000633849005681, 0.000370921101421, 0.00035277500865, 0.000330788723659, 0.000240440975176, 0.000251464109169, 0.000141761425766, 8.4165505541e-05, 6.08862428635e-05, 1.39224503073e-05, 1.5169950629e-08, 5.02821695392e-09],
        "dmean2": [0.00059484760277, 0.0121106030419, 0.00584085751325, 0.00168253236916, 0.00209273654036, 0.0018078989815, 0.00131604028866, 0.00140315049794, 0.00211269943975, 0.00112292333506, 0.00179948110599, 0.00126929371618, 0.0014277115697, 0.00125237682369, 0.000937333272304, 0.00101842579897, 0.000610727060121, 0.000582780572586, 0.000552738900296, 0.000407577434089, 0.000439191557234, 0.000243169139139, 0.000142614473589, 0.000102596117358, 2.25110234169e-05, 2.57742431842e-08, 9.59840207315e-09],
        "dvar": [3.63598729791e-07, 0.000153167551616, 2.04012794711e-05, 1.90792479771e-06, 3.99594318878e-06, 4.14483383793e-06, 2.33746845879e-06, 3.79180664822e-06, 9.27912151383e-06, 2.118394832e-06, 4.76962577522e-06, 1.68390101862e-06, 2.74969897873e-06, 2.12673353417e-06, 1.37731501582e-06, 1.11809799819e-06, 1.4683806171e-07, 1.30150155542e-07, 1.06964478164e-07, 8.11210583151e-08, 2.12256964005e-07, 5.56493660042e-08, 1.20291856476e-08, 5.77384051681e-09, 2.84341467038e-10, 5.72445671001e-16, 5.46594066632e-16],
        "dvar2": [9.97486608867e-07, 0.0003643562668, 5.79865481996e-05, 5.44163958693e-06, 1.10752234832e-05, 1.12882426038e-05, 6.27688041277e-06, 9.8283016996e-06, 2.23463066504e-05, 5.27743122802e-06, 1.12081697807e-05, 4.01251418225e-06, 6.39115387457e-06, 5.11732059749e-06, 3.09380743602e-06, 2.47504954132e-06, 3.55721482492e-07, 3.46942243823e-07, 2.90607857778e-07, 2.20174300125e-07, 5.99302779847e-07, 1.52159771005e-07, 3.26568923015e-08, 1.49072967304e-08, 6.64255650484e-10, 1.54157497653e-15, 1.6077445551e-15],
        "max": [0.00675146188587, 0.126177117229, 0.0417722500861, 0.0138701107353, 0.0174830965698, 0.0262884907424, 0.0204331614077, 0.0300333090127, 0.0482079088688, 0.020072568208, 0.0302565786988, 0.0178023036569, 0.029960276559, 0.02672146447, 0.0272662639618, 0.0190814193338, 0.00585475517437, 0.00479955784976, 0.00402707839385, 0.00316350418143, 0.00514526572078, 0.00333551387303, 0.00122994615231, 0.00133059709333, 0.00030259785126, 3.42929297403e-07, 4.92242520522e-07],
        "mean": [0.000428615923738, 0.0110342502594, 0.00634538196027, 0.00130657362752, 0.00156268244609, 0.00144682405517, 0.00101165834349, 0.0011736638844, 0.00179545837454, 0.00105541979428, 0.00195968546905, 0.00149727275129, 0.00156843487639, 0.00131328927819, 0.00104474602267, 0.00127383321524, 0.000859572086483, 0.00089844269678, 0.000878811464645, 0.000595045334194, 0.000516723375767, 0.000320950959576, 0.000210783618968, 0.000176880610525, 3.35195982188e-05, 2.55118202119e-08, 3.19044723973e-09],
        "median": [7.51609477447e-05, 0.00705836899579, 0.00557408714667, 0.000882886582986, 0.000992253539152, 0.000869563198648, 0.000554029014893, 0.000525932060555, 0.000746584031731, 0.000392268411815, 0.000585971167311, 0.000564947607927, 0.000532573205419, 0.000648633693345, 0.000497715547681, 0.000701587414369, 0.000717502669431, 0.000771115242969, 0.000777406035922, 0.000514456245583, 0.000425772712333, 0.000271606753813, 0.000190822393051, 0.000161419797223, 2.79061951005e-05, 1.92604545646e-08, 6.74828581904e-10],
        "min": [7.12852310514e-09, 1.39851072944e-08, 3.22562576649e-09, 2.32414034684e-08, 2.1584673604e-08, 6.83638745613e-09, 1.04513091514e-08, 6.37658947866e-09, 6.64215082935e-09, 4.27648361168e-09, 3.41846373431e-09, 1.01998995916e-08, 7.13171699473e-09, 3.46064932266e-09, 3.62259910958e-09, 1.92382620945e-09, 1.01647135153e-08, 3.86917875517e-09, 7.56861329165e-09, 9.4861611899e-09, 3.95815513698e-09, 2.74543054957e-09, 3.1874254347e-09, 1.89680804397e-09, 4.00760188923e-11, 2.38774104655e-12, 3.70896369173e-12],
        "var": [4.99397629028e-07, 0.000172839747393, 2.4254550226e-05, 1.9961498765e-06, 3.63113667845e-06, 3.7967110984e-06, 2.24704740504e-06, 5.09386745762e-06, 1.11093140731e-05, 3.76120578949e-06, 1.2922492715e-05, 5.15428109793e-06, 6.30953218206e-06, 3.65156506632e-06, 3.15953730023e-06, 3.07145569423e-06, 3.29766351115e-07, 3.07015881162e-07, 2.26337419917e-07, 1.13542178326e-07, 1.83976396784e-07, 6.06348038446e-08, 1.60455222442e-08, 9.72385727493e-09, 6.02556504692e-10, 6.08014225583e-16, 2.93106169337e-16]
    },
    "erbbands": {
        "dmean": [0.237406924367, 1.67871570587, 3.87288165092, 3.25741767883, 3.8946890831, 3.79504108429, 6.83574438095, 8.87670230865, 10.3633413315, 12.3880348206, 22.0132007599, 29.3768405914, 21.7411956787, 30.407951355, 38.9614677429, 28.2791595459, 38.980556488, 36.7622451782, 27.4512004852, 30.0992202759, 35.6928482056, 21.2676105499, 18.7432594299, 16.7448635101, 15.2388515472, 10.8363399506, 10.7214298248, 9.39109897614, 5.4327173233, 3.21429824829, 2.45825433731, 1.42981028557, 1.02228355408, 0.289788275957, 0.0193836688995, 0.000849446514621, 5.17956759722e-05, 9.57232805376e-06, 7.00919918017e-06, 1.3556860722e-05],
        "dmean2": [0.383320093155, 2.69576835632, 6.41619253159, 5.6227722168, 6.83023023605, 6.67580938339, 11.9410009384, 15.2299423218, 17.5867938995, 20.4150848389, 35.8327674866, 48.0870132446, 35.2357597351, 47.7046699524, 62.1643562317, 43.7474937439, 60.6390342712, 58.0605430603, 43.6118888855, 47.4206352234, 57.4673461914, 34.9386634827, 31.2607460022, 27.906993866, 25.5286865234, 18.2511196136, 18.3936691284, 16.5417804718, 9.25300312042, 5.52233409882, 4.18797636032, 2.41438937187, 1.71433877945, 0.467125862837, 0.0308817848563, 0.00135502615012, 8.5126805061e-05, 1.63888416864e-05, 1.14451440822e-05, 2.18702880375e-05],
        "dvar": [0.212683454156, 6.59537124634, 24.4345684052, 21.1290054321, 36.3964614868, 42.244720459, 195.268692017, 309.208709717, 393.761291504, 556.390563965, 2072.93432617, 5663.07958984, 2373.13427734, 3181.76513672, 4749.17675781, 2213.29785156, 5360.57373047, 4249.60302734, 2435.85668945, 3829.68554688, 3787.33227539, 502.932312012, 344.94644165, 343.894592285, 222.843261719, 164.612503052, 234.376251221, 375.934753418, 69.5044708252, 23.2485046387, 10.5958023071, 3.32100510597, 1.80774271488, 0.141948625445, 0.000675767369103, 1.26887152874e-06, 5.54325696456e-09, 3.26384641536e-10, 9.60977408759e-11, 2.82422335518e-10],
        "dvar2": [0.51041996479, 15.9825925827, 69.5817947388, 59.5398101807, 100.142623901, 117.670814514, 527.653808594, 843.781005859, 1060.77612305, 1400.0871582, 5433.64257812, 13964.4804688, 5888.71386719, 7139.3515625, 11329.7412109, 5143.92626953, 12413.7470703, 10078.1533203, 5659.55419922, 8539.07324219, 8524.22753906, 1227.4942627, 894.47869873, 964.637817383, 589.556640625, 449.151885986, 648.891174316, 1067.4987793, 188.154525757, 62.077167511, 28.7796573639, 8.76462268829, 4.79119968414, 0.337107688189, 0.00152496260125, 2.83408121504e-06, 1.36993119071e-08, 9.06445474236e-10, 2.44999937005e-10, 6.6706079549e-10],
        "max": [5.01954269409, 22.9373664856, 48.2863845825, 51.4642562866, 50.362411499, 68.7248458862, 137.47428894, 308.35446167, 311.827301025, 293.222076416, 794.3203125, 1026.50292969, 925.880371094, 835.46887207, 1145.08032227, 633.479248047, 1538.98522949, 847.26739502, 1120.86950684, 1470.61938477, 1207.27758789, 356.994873047, 250.953033447, 240.619186401, 200.59703064, 146.031463623, 172.904556274, 205.988647461, 142.453582764, 59.8230819702, 32.2998313904, 26.8759727478, 19.2756576538, 6.35493516922, 0.441573381424, 0.0195775460452, 0.00103195477277, 0.00031484675128, 0.00011776995234, 0.000161537071108],
        "mean": [0.281221717596, 2.61734867096, 7.68346452713, 5.3217010498, 4.96455621719, 4.59855127335, 8.68610858917, 12.6536598206, 13.9352378845, 17.4245033264, 32.0621871948, 38.6787452698, 32.4037895203, 55.9808959961, 70.2024002075, 58.396282196, 72.8303909302, 68.3007202148, 52.3375244141, 60.1461715698, 74.6906585693, 53.066608429, 50.0231666565, 44.8633537292, 40.7316665649, 27.2528610229, 24.3704776764, 17.8505153656, 12.3936605453, 7.63733482361, 5.90673589706, 3.88937211037, 2.79828095436, 0.786624908447, 0.0456315129995, 0.00215841410682, 0.000165728401043, 3.20069302688e-05, 2.89274466923e-05, 5.06046853843e-05],
        "median": [0.115344777703, 1.80193734169, 6.91810560226, 4.21217155457, 2.91580986977, 2.81378936768, 4.92355108261, 7.42565250397, 8.17559909821, 8.87973403931, 14.6988725662, 16.7678318024, 14.5194864273, 21.5641174316, 26.6970939636, 23.6229667664, 26.2954139709, 33.9046669006, 31.8352565765, 31.8102264404, 41.8142242432, 44.5628395081, 43.6072463989, 38.6891937256, 35.8372192383, 23.8489894867, 20.2822780609, 14.0994949341, 10.457116127, 6.70345020294, 5.28662395477, 3.56690049171, 2.49252128601, 0.679873764515, 0.0374049656093, 0.00181221950334, 0.000149282699567, 2.9489503504e-05, 2.74629637715e-05, 4.71307430416e-05],
        "min": [6.17832199623e-07, 2.35032621276e-06, 3.68330347555e-06, 4.12740919273e-05, 9.64363352978e-05, 5.72119570279e-05, 3.94477428927e-05, 6.50654619676e-05, 0.000181183655513, 7.56981171435e-05, 0.000160849667736, 0.000161201140145, 0.000138293020427, 0.000156346068252, 0.000182929070434, 0.000386831670767, 0.000272263336228, 0.000264639471425, 0.000221764712478, 0.000110323460831, 0.000260770437308, 0.000495659071021, 0.00025807248312, 0.000414328445913, 0.000262393878074, 0.000448615843197, 0.000284647627268, 9.81199627859e-05, 8.26869872981e-05, 8.2030564954e-05, 0.000120248048916, 6.83737889631e-05, 1.06011957541e-05, 1.36060293698e-06, 6.64185861865e-08, 1.1130319777e-08, 4.92965179788e-09, 2.28005303526e-09, 7.00818569843e-10, 2.96986713e-10],
        "var": [0.220642820001, 7.4819726944, 30.0367908478, 21.040063858, 38.398147583, 35.9874839783, 165.931854248, 301.419799805, 381.478912354, 701.546325684, 2732.45092773, 6181.68212891, 3105.65136719, 8541.53417969, 12116.6923828, 7554.42285156, 13233.4414062, 8453.140625, 4610.60839844, 9108.08398438, 10792.2255859, 1182.40612793, 823.725341797, 711.846984863, 474.068237305, 224.846374512, 279.749359131, 295.688842773, 84.7126922607, 28.3668632507, 13.4969921112, 5.23476552963, 2.80578112602, 0.277983546257, 0.00136419699993, 2.60565502685e-06, 8.65459437449e-09, 3.03783748157e-10, 1.22945167935e-10, 4.27146235049e-10]
    },
    "gfcc": {
        "mean": [39.0297813416, 109.520111084, -161.036804199, 72.9793548584, -65.6463088989, 31.7800254822, -28.2082157135, 7.87763834, -4.86004543304, -13.628484726, 6.58886384964, -19.1705417633, 4.43468475342],
        "cov": [[1163.74072266, 76.0551681519, 16.1660041809, 11.4615936279, 2.07036089897, 63.6750335693, 22.9161148071, -50.2327728271, -34.9438476562, -11.3732824326, -15.4704303741, -8.72282600403, -14.8962335587], [76.0551681519, 116.695449829, 9.02945995331, -9.95927810669, 2.53717827797, -20.7593231201, 25.7328624725, -23.9094467163, -6.33039188385, -18.8195419312, 24.1440448761, -1.3344193697, -8.11080169678], [16.1660041809, 9.02945995331, 165.35168457, 127.83392334, 6.314453125, -29.6082878113, -44.1030387878, 25.5269374847, 39.9059791565, 13.5254135132, -13.1383695602, 3.39105772972, -1.30591142178], [11.4615936279, -9.95927810669, 127.83392334, 201.177154541, 58.1660461426, -32.5619850159, -40.7777519226, 8.78642368317, 63.5750999451, 11.6570672989, -23.6149349213, -4.57041454315, 2.78133916855], [2.07036089897, 2.53717827797, 6.314453125, 58.1660461426, 124.821975708, 47.9753570557, 10.8607759476, 17.6401576996, 22.5644893646, 10.6452407837, 16.9328670502, -5.41560602188, 13.1974773407], [63.6750335693, -20.7593231201, -29.6082878113, -32.5619850159, 47.9753570557, 126.270988464, 75.5025100708, -12.6584234238, -42.7505302429, -8.99486351013, 24.7091903687, 6.38484430313, -13.9679222107], [22.9161148071, 25.7328624725, -44.1030387878, -40.7777519226, 10.8607759476, 75.5025100708, 125.192146301, -2.25332140923, -30.2441806793, -20.0507354736, 26.6335391998, 9.88668346405, -8.06662464142], [-50.2327728271, -23.9094467163, 25.5269374847, 8.78642368317, 17.6401576996, -12.6584234238, -2.25332140923, 103.463386536, 67.1477508545, 13.5814628601, -21.3957557678, -8.79393768311, 20.5951709747], [-34.9438476562, -6.33039188385, 39.9059791565, 63.5750999451, 22.5644893646, -42.7505302429, -30.2441806793, 67.1477508545, 122.462760925, 42.0586738586, -29.9085063934, -19.5120449066, 21.0137310028], [-11.3732824326, -18.8195419312, 13.5254135132, 11.6570672989, 10.6452407837, -8.99486351013, -20.0507354736, 13.5814628601, 42.0586738586, 68.8177337646, 19.8723011017, 0.359526127577, 6.40089988708], [-15.4704303741, 24.1440448761, -13.1383695602, -23.6149349213, 16.9328670502, 24.7091903687, 26.6335391998, -21.3957557678, -29.9085063934, 19.8723011017, 99.3768844604, 41.770942688, -13.5256195068], [-8.72282600403, -1.3344193697, 3.39105772972, -4.57041454315, -5.41560602188, 6.38484430313, 9.88668346405, -8.79393768311, -19.5120449066, 0.359526127577, 41.770942688, 52.7444152832, 15.6311073303], [-14.8962335587, -8.11080169678, -1.30591142178, 2.78133916855, 13.1974773407, -13.9679222107, -8.06662464142, 20.5951709747, 21.0137310028, 6.40089988708, -13.5256195068, 15.6311073303, 56.1620101929]],
        "icov": [[0.00109630473889, -0.00226519396529, 0.00117357028648, -0.00155080051627, 0.00145783543121, -0.00246928771958, 0.00136522029061, -0.000921556900721, 0.000968006905168, -0.00122300395742, 0.000971938308794, -0.000379534845706, -0.00023803577642], [-0.00226519396529, 0.0293547697365, -0.0184202119708, 0.0201074723154, -0.0166401360184, 0.0234169494361, -0.0171717647463, 0.0191493723541, -0.0139982290566, 0.0157909840345, -0.00939657073468, 0.00680232746527, 0.00174164562486], [0.00117357028648, -0.0184202119708, 0.0290771257132, -0.0273419208825, 0.01901226677, -0.0192465744913, 0.0155019154772, -0.0201598256826, 0.0131327528507, -0.0112149883062, 0.00188543251716, -0.00231589726172, -0.00249078450724], [-0.00155080051627, 0.0201074723154, -0.0273419208825, 0.0360612459481, -0.0263815261424, 0.0239669326693, -0.0156975816935, 0.0234835706651, -0.0186400171369, 0.0120332082734, 0.0035206170287, -0.00621164310724, 0.00954437814653], [0.00145783543121, -0.0166401360184, 0.01901226677, -0.0263815261424, 0.0339969880879, -0.0280530489981, 0.016335112974, -0.0172455646098, 0.00842361245304, -0.00508856959641, -0.0105257034302, 0.0133036514744, -0.015372928232], [-0.00246928771958, 0.0234169494361, -0.0192465744913, 0.0239669326693, -0.0280530489981, 0.0418722331524, -0.0256104655564, 0.0171045828611, -0.00594152603298, 0.00670091761276, 0.00208017253317, -0.00401639845222, 0.0112258540466], [0.00136522029061, -0.0171717647463, 0.0155019154772, -0.0156975816935, 0.016335112974, -0.0256104655564, 0.0266024880111, -0.0144404936582, 0.00653943605721, -0.00304005574435, -0.00222009047866, 0.000447613798315, -0.00483120046556], [-0.000921556900721, 0.0191493723541, -0.0201598256826, 0.0234835706651, -0.0172455646098, 0.0171045828611, -0.0144404936582, 0.0340689085424, -0.0232208445668, 0.0136444764212, -0.00180883798748, 0.000615954166278, 0.00115460040979], [0.000968006905168, -0.0139982290566, 0.0131327528507, -0.0186400171369, 0.00842361245304, -0.00594152603298, 0.00653943605721, -0.0232208445668, 0.0337423533201, -0.0211215745658, 0.00736793968827, 0.00164409610443, -0.00343994679861], [-0.00122300395742, 0.0157909840345, -0.0112149883062, 0.0120332082734, -0.00508856959641, 0.00670091761276, -0.00304005574435, 0.0136444764212, -0.0211215745658, 0.0357938036323, -0.0191297084093, 0.0122446166351, -0.00567005155608], [0.000971938308794, -0.00939657073468, 0.00188543251716, 0.0035206170287, -0.0105257034302, 0.00208017253317, -0.00222009047866, -0.00180883798748, 0.00736793968827, -0.0191297084093, 0.0385585799813, -0.0348730534315, 0.0205209944397], [-0.000379534845706, 0.00680232746527, -0.00231589726172, -0.00621164310724, 0.0133036514744, -0.00401639845222, 0.000447613798315, 0.000615954166278, 0.00164409610443, 0.0122446166351, -0.0348730534315, 0.0574500858784, -0.0295500922948], [-0.00023803577642, 0.00174164562486, -0.00249078450724, 0.00954437814653, -0.015372928232, 0.0112258540466, -0.00483120046556, 0.00115460040979, -0.00343994679861, -0.00567005155608, 0.0205209944397, -0.0295500922948, 0.0378504246473]]
    },
    "melbands": {
        "dmean": [0.00210190191865, 0.00191163772251, 0.000570065167267, 0.000274673016975, 0.000213000341319, 0.000195372893359, 0.00015892983356, 0.000146824968397, 0.000192912906641, 0.000187535857549, 0.000112959663966, 0.000123043733765, 0.000149239989696, 9.14519187063e-05, 9.1614194389e-05, 8.98274520296e-05, 7.37321388442e-05, 5.02273251186e-05, 5.0357026339e-05, 3.97886469727e-05, 4.30603722634e-05, 2.42421083385e-05, 2.19892681343e-05, 1.69282193383e-05, 1.51275198732e-05, 1.41861519296e-05, 9.75128477876e-06, 7.4822737588e-06, 7.50722119847e-06, 7.10585618435e-06, 5.17167154612e-06, 3.59808655048e-06, 2.52252789323e-06, 1.75318609763e-06, 1.59645605891e-06, 1.25558381114e-06, 8.89546242888e-07, 8.58952375893e-07, 5.46127523648e-07, 1.82251042702e-07],
        "dmean2": [0.00339777278714, 0.00308074057102, 0.000984181300737, 0.00048426023568, 0.000370516849216, 0.000335236487444, 0.000270376331173, 0.000240083580138, 0.000313403113978, 0.000307829497615, 0.00018365510914, 0.000193522209884, 0.000235052866628, 0.000148234481458, 0.000143271987326, 0.000142262651934, 0.000117624673294, 8.10143974377e-05, 8.06247116998e-05, 6.30198483123e-05, 7.00089367456e-05, 4.01030956709e-05, 3.67584070773e-05, 2.80360327451e-05, 2.55507056863e-05, 2.39395867538e-05, 1.66257905221e-05, 1.26226332213e-05, 1.28610427055e-05, 1.2340396097e-05, 9.11395272851e-06, 6.15729140918e-06, 4.28075600212e-06, 3.00197166325e-06, 2.73096861747e-06, 2.14522151509e-06, 1.49576885633e-06, 1.44643809108e-06, 9.01313512713e-07, 2.90724329943e-07],
        "dvar": [1.44199120768e-05, 6.01056262894e-06, 6.09722064837e-07, 2.0773615006e-07, 1.71078767153e-07, 1.46156850178e-07, 9.49257525917e-08, 8.41527594275e-08, 1.35590070727e-07, 2.50719836004e-07, 6.35626662415e-08, 5.09023401207e-08, 8.30098301208e-08, 2.52661820355e-08, 2.82791674522e-08, 2.76286069578e-08, 1.86578290595e-08, 1.05384927451e-08, 1.11695390714e-08, 5.04692865277e-09, 5.95118576641e-09, 6.74427957925e-10, 4.90049001378e-10, 3.65490249177e-10, 2.82513484828e-10, 1.90634799613e-10, 1.13413174685e-10, 7.33122312857e-11, 8.85882270318e-11, 1.9590296052e-10, 1.028804264e-10, 3.00465763381e-11, 1.4227684135e-11, 6.02411913755e-12, 4.47309767351e-12, 2.49776132936e-12, 1.07692273068e-12, 1.10541426273e-12, 5.28279351687e-13, 5.61593753814e-14],
        "dvar2": [3.43209867424e-05, 1.60957824846e-05, 1.72814179678e-06, 5.79725792704e-07, 4.61286475684e-07, 3.97700347321e-07, 2.55153366879e-07, 2.10046465554e-07, 3.43955576909e-07, 6.11493703673e-07, 1.59334163641e-07, 1.14860000622e-07, 1.89935335015e-07, 6.23021207957e-08, 6.59048779994e-08, 6.52486704666e-08, 4.40608296515e-08, 2.53330156852e-08, 2.58822190347e-08, 1.15240164078e-08, 1.29486972256e-08, 1.69271818784e-09, 1.29556021466e-09, 9.92962267965e-10, 7.97858112911e-10, 5.18836196228e-10, 3.02578961886e-10, 2.01173466774e-10, 2.41178216287e-10, 5.6216098443e-10, 2.91609486558e-10, 8.27647880786e-11, 3.77995829082e-11, 1.6267695524e-11, 1.22204251926e-11, 6.7369699229e-12, 2.8541468234e-12, 2.9356929214e-12, 1.365761562e-12, 1.23519616302e-13],
        "max": [0.0394165851176, 0.0238141939044, 0.00831401906908, 0.00432602036744, 0.00387533684261, 0.00607912195846, 0.00445472961292, 0.00384058873169, 0.00568640604615, 0.00704221520573, 0.00473617529497, 0.0032417550683, 0.00495056109503, 0.00242113182321, 0.00263062561862, 0.00305423256941, 0.00178857671563, 0.00203005666845, 0.00252402387559, 0.001145803486, 0.00191056053154, 0.000352728646249, 0.000274122692645, 0.000380726385629, 0.000216293512494, 0.000175635839696, 0.000120682219858, 9.63451166172e-05, 0.00012024687021, 0.000177123962203, 0.000120442600746, 8.6190062575e-05, 5.47284325876e-05, 3.26698318531e-05, 1.99984406208e-05, 1.75450568349e-05, 1.63815238921e-05, 1.41911823448e-05, 1.01322139017e-05, 4.55114559372e-06],
        "mean": [0.00280685257167, 0.0039024183061, 0.000964923761785, 0.000339848687872, 0.000280049978755, 0.000281716551399, 0.000210708647501, 0.000206144526601, 0.00028044852661, 0.000241410642047, 0.000159974748385, 0.000216928805457, 0.000261875102296, 0.000164655808476, 0.000159050192451, 0.000154279943672, 0.00012573353888, 8.39072527015e-05, 8.71178781381e-05, 7.75942462496e-05, 8.42723893584e-05, 5.28424352524e-05, 5.00690621266e-05, 4.04601705668e-05, 3.56429300155e-05, 3.38588579325e-05, 2.313224104e-05, 1.67201033037e-05, 1.58987386385e-05, 1.30983835334e-05, 9.11867209652e-06, 7.41797975934e-06, 5.31122032044e-06, 3.83559836337e-06, 3.50879554389e-06, 2.83991903416e-06, 2.22904941438e-06, 2.1455894057e-06, 1.37030838232e-06, 4.16181137552e-07],
        "median": [0.00155274290591, 0.00343526201323, 0.000781158450991, 0.00020825813408, 0.000164518656675, 0.000169426042703, 0.00012309817248, 9.78055904852e-05, 0.00012292523752, 0.000100382938399, 6.63994069328e-05, 8.13552833279e-05, 8.95781777217e-05, 5.62420755159e-05, 5.96337777097e-05, 5.36339539394e-05, 5.96314530412e-05, 4.65917983092e-05, 3.9243921492e-05, 4.28288476542e-05, 4.80201815662e-05, 4.2942345317e-05, 4.26235237683e-05, 3.3360451198e-05, 3.00741958199e-05, 2.93068114843e-05, 1.99108053494e-05, 1.42658000186e-05, 1.28562896862e-05, 1.03356915133e-05, 6.96897723174e-06, 6.14952159594e-06, 4.46480862593e-06, 3.33086290993e-06, 3.0868545764e-06, 2.54632459473e-06, 2.00538806894e-06, 1.87602074675e-06, 1.1675422229e-06, 3.38629519092e-07],
        "min": [5.02407582204e-09, 2.17151141513e-09, 9.36721278322e-09, 5.65964475285e-09, 1.51541779125e-09, 1.60659230364e-09, 2.51940801554e-09, 8.61607785119e-10, 1.23375210048e-09, 1.03246289296e-09, 6.95336066503e-10, 6.51610099212e-10, 5.13635523003e-10, 1.18032239538e-09, 5.50818501921e-10, 8.31717639205e-10, 4.22486795548e-10, 3.58746060636e-10, 2.49070930547e-10, 9.31762514367e-11, 3.84479587057e-10, 5.81508508013e-10, 2.48505105382e-10, 2.17992165985e-10, 3.62074786819e-10, 2.29732191603e-10, 1.99858837813e-10, 3.40718953051e-10, 2.05260045072e-10, 1.07932759952e-10, 4.21185100685e-11, 3.73796202324e-11, 7.48070910772e-11, 3.18904035124e-11, 7.14581241401e-11, 6.18090717497e-11, 2.98834568202e-11, 7.11130026393e-12, 2.67279471125e-12, 4.74881635751e-13],
        "var": [1.53638284246e-05, 7.55795872465e-06, 6.04506169566e-07, 1.81745818395e-07, 1.51995124043e-07, 1.40184141628e-07, 8.85331701284e-08, 1.159367784e-07, 1.91095821833e-07, 2.71137139407e-07, 8.33455686688e-08, 1.29844892172e-07, 2.24753051725e-07, 6.70557369631e-08, 6.85370693532e-08, 6.15148820771e-08, 3.41215233846e-08, 1.69719598375e-08, 2.42228601621e-08, 1.16642144832e-08, 1.48790153531e-08, 1.39351929995e-09, 1.0037717324e-09, 8.4266743583e-10, 5.17813236733e-10, 3.72998160136e-10, 1.83642948071e-10, 9.95966434325e-11, 1.26281776702e-10, 1.56409815655e-10, 8.22114112897e-11, 3.4988484332e-11, 1.80789706122e-11, 7.32430002065e-12, 5.45437002855e-12, 3.40551154984e-12, 1.8848802727e-12, 1.8052299022e-12, 8.45111144693e-13, 1.18183159656e-13]
    },
    "mfcc": {
        "mean": [-569.472351074, 96.6955566406, -12.6441717148, 28.9044589996, 7.09240341187, 11.732131958, 6.44601106644, 11.7350301743, 2.99243044853, 8.0032119751, 1.22832381725, 6.69447183609, -0.635219812393],
        "cov": [[1141.83227539, 74.3454284668, -3.08462667465, -21.6273155212, -35.7061767578, 94.9048843384, 32.1362304688, 10.578537941, -24.4359054565, -20.1714096069, -15.426735878, -13.2424993515, -16.2406978607], [74.3454284668, 129.034103394, -30.2955284119, -37.7088508606, -37.1057891846, -10.8223419189, 32.0999679565, 5.98281621933, -32.449962616, -13.956029892, 2.98624968529, 4.9358830452, -0.127961486578], [-3.08462667465, -30.2955284119, 157.799606323, 92.0806350708, 21.2874031067, -13.6406850815, -52.559425354, -2.26490426064, 8.14539146423, 1.53744614124, 2.40028095245, 7.92272615433, -0.623816788197], [-21.6273155212, -37.7088508606, 92.0806350708, 191.461456299, 86.2561035156, -15.4235525131, -81.0080947876, -14.9658212662, 39.2715110779, 25.368434906, -5.22090101242, 12.6829814911, 7.00835847855], [-35.7061767578, -37.1057891846, 21.2874031067, 86.2561035156, 154.529342651, -1.91900777817, -38.1127700806, -10.8907680511, 37.4167633057, 40.3376350403, -1.22903335094, 11.6110458374, 14.950047493], [94.9048843384, -10.8223419189, -13.6406850815, -15.4235525131, -1.91900777817, 123.841812134, 73.293838501, 12.8221063614, -31.0258178711, -19.1769351959, 7.52943754196, 4.54808330536, -7.10103225708], [32.1362304688, 32.0999679565, -52.559425354, -81.0080947876, -38.1127700806, 73.293838501, 152.646499634, 49.4403533936, -55.700630188, -37.5879211426, 8.1448802948, 11.5715637207, 0.314994961023], [10.578537941, 5.98281621933, -2.26490426064, -14.9658212662, -10.8907680511, 12.8221063614, 49.4403533936, 82.5695343018, 9.10907554626, -0.797351360321, -5.29635477066, 1.03485751152, 1.59328138828], [-24.4359054565, -32.449962616, 8.14539146423, 39.2715110779, 37.4167633057, -31.0258178711, -55.700630188, 9.10907554626, 138.448013306, 58.6166992188, -12.0346240997, -16.4253826141, -0.793069839478], [-20.1714096069, -13.956029892, 1.53744614124, 25.368434906, 40.3376350403, -19.1769351959, -37.5879211426, -0.797351360321, 58.6166992188, 76.8234024048, 17.6263370514, 2.05999732018, -2.71755433083], [-15.426735878, 2.98624968529, 2.40028095245, -5.22090101242, -1.22903335094, 7.52943754196, 8.1448802948, -5.29635477066, -12.0346240997, 17.6263370514, 61.458442688, 25.7110729218, 4.28353023529], [-13.2424993515, 4.9358830452, 7.92272615433, 12.6829814911, 11.6110458374, 4.54808330536, 11.5715637207, 1.03485751152, -16.4253826141, 2.05999732018, 25.7110729218, 51.0710868835, 20.3755950928], [-16.2406978607, -0.127961486578, -0.623816788197, 7.00835847855, 14.950047493, -7.10103225708, 0.314994961023, 1.59328138828, -0.793069839478, -2.71755433083, 4.28353023529, 20.3755950928, 50.9949645996]],
