{
"lowlevel": {
    "average_loudness": 0.920359492302,
    "barkbands_crest": {
        "dmean": 1.80802607536,
        "dmean2": 2.99207139015,
        "dvar": 3.34612941742,
        "dvar2": 8.52371025085,
        "max": 18.1566772461,
        "mean": 6.81824016571,
        "median": 6.27891111374,
        "min": 2.44878029823,
        "var": 5.91233158112
    },
    "barkbands_flatness_db": {
        "dmean": 0.0132763106376,
        "dmean2": 0.0204705987126,
        "dvar": 0.00018321047537,
        "dvar2": 0.000468521408038,
        "max": 0.178522542119,
        "mean": 0.0857962071896,
        "median": 0.0852214470506,
        "min": 0.0258427131921,
        "var": 0.000568241055589
    },
    "barkbands_kurtosis": {
        "dmean": 0.956049203873,
        "dmean2": 1.60691547394,
        "dvar": 2.89403772354,
        "dvar2": 8.28073978424,
        "max": 17.9904899597,
        "mean": 0.530993998051,
        "median": 0.0111699104309,
        "min": -1.57061493397,
        "var": 3.63872051239
    },
    "barkbands_skewness": {
        "dmean": 0.333383560181,
        "dmean2": 0.537846922874,
        "dvar": 0.149955540895,
        "dvar2": 0.395970463753,
        "max": 4.04042291641,
        "mean": 0.935062348843,
        "median": 0.929661750793,
        "min": -1.85736620426,
        "var": 0.377583116293
    },
    "barkbands_spread": {
        "dmean": 3.89932584763,
        "dmean2": 6.13490438461,
        "dvar": 14.7982225418,
        "dvar2": 36.1768341064,
        "max": 63.260974884,
        "mean": 27.9009647369,
        "median": 27.9466609955,
        "min": 7.77765798569,
        "var": 55.3019142151
    },
    "dissonance": {
        "dmean": 0.012805682607,
        "dmean2": 0.0220748111606,
        "dvar": 0.000136886228574,
        "dvar2": 0.000375742645701,
        "max": 0.5,
        "mean": 0.476872682571,
        "median": 0.479694157839,
        "min": 0.405894994736,
        "var": 0.000237018466578
    },
    "dynamic_complexity": 2.85472035408,
    "erbbands_crest": {
        "dmean": 2.09675526619,
        "dmean2": 3.43518710136,
        "dvar": 3.87458562851,
        "dvar2": 9.36605262756,
        "max": 21.8076400757,
        "mean": 7.78782367706,
        "median": 6.94074296951,
        "min": 2.59769296646,
        "var": 10.5256853104
    },
    "erbbands_flatness_db": {
        "dmean": 0.0116485450417,
        "dmean2": 0.0168903917074,
        "dvar": 0.000114626316645,
        "dvar2": 0.000202660754439,
        "max": 0.235674187541,
        "mean": 0.136170104146,
        "median": 0.134070262313,
        "min": 0.0734057351947,
        "var": 0.000681953097228
    },
    "erbbands_kurtosis": {
        "dmean": 0.42072352767,
        "dmean2": 0.678739964962,
        "dvar": 0.194854453206,
        "dvar2": 0.431345045567,
        "max": 6.48772621155,
        "mean": -0.113064020872,
        "median": -0.333817720413,
        "min": -1.33796167374,
        "var": 0.806530714035
    },
    "erbbands_skewness": {
        "dmean": 0.238865420222,
        "dmean2": 0.372683793306,
        "dvar": 0.0371819026768,
        "dvar2": 0.0901725068688,
        "max": 1.81860935688,
        "mean": -0.0293447487056,
        "median": -0.0521953441203,
        "min": -1.36911320686,
        "var": 0.224623039365
    },
    "erbbands_spread": {
        "dmean": 5.03520584106,
        "dmean2": 8.18741321564,
        "dvar": 23.6631546021,
        "dvar2": 60.2645072937,
        "max": 62.7533874512,
        "mean": 34.841594696,
        "median": 35.3868637085,
        "min": 7.87370872498,
        "var": 85.9339752197
    },
    "hfc": {
        "dmean": 4.86532592773,
        "dmean2": 7.35156869888,
        "dvar": 64.4306488037,
        "dvar2": 136.513214111,
        "max": 117.107551575,
        "mean": 22.6773376465,
        "median": 18.1619758606,
        "min": 1.22041870234e-16,
        "var": 300.950256348
    },
    "melbands_crest": {
        "dmean": 2.68615818024,
        "dmean2": 4.34784841537,
        "dvar": 6.49212694168,
        "dvar2": 15.8966417313,
        "max": 24.8974342346,
        "mean": 11.4873895645,
        "median": 10.8145074844,
        "min": 1.55666673183,
        "var": 16.5832023621
    },
    "melbands_flatness_db": {
        "dmean": 0.0181614086032,
        "dmean2": 0.0286016613245,
        "dvar": 0.000423544261139,
        "dvar2": 0.0010403257329,
        "max": 0.286716133356,
        "mean": 0.154087528586,
        "median": 0.151851043105,
        "min": 0.00498992251232,
        "var": 0.00129239552189
    },
    "melbands_kurtosis": {
        "dmean": 2.74569344521,
        "dmean2": 4.60830879211,
        "dvar": 22.662109375,
        "dvar2": 64.5727386475,
        "max": 50.2784004211,
        "mean": 4.75845146179,
        "median": 3.81167078018,
        "min": -1.24607360363,
        "var": 25.7960090637
    },
    "melbands_skewness": {
        "dmean": 0.479419797659,
        "dmean2": 0.770624339581,
        "dvar": 0.325046807528,
        "dvar2": 0.881943821907,
        "max": 6.18920183182,
        "mean": 1.87628984451,
        "median": 1.86922049522,
        "min": -0.754773676395,
        "var": 0.749661028385
    },
    "melbands_spread": {
        "dmean": 5.97897672653,
        "dmean2": 9.47768688202,
        "dvar": 40.2264823914,
        "dvar2": 89.6249542236,
        "max": 120.867332458,
        "mean": 31.0204029083,
        "median": 30.3913211823,
        "min": 5.29193019867,
        "var": 119.745643616
    },
    "pitch_salience": {
        "dmean": 0.0546304136515,
        "dmean2": 0.087029337883,
        "dvar": 0.00220231153071,
        "dvar2": 0.00553872343153,
        "max": 0.806110262871,
        "mean": 0.579330503941,
        "median": 0.576516032219,
        "min": 0.295539438725,
        "var": 0.00724234990776
    },
    "silence_rate_20dB": {
        "dmean": 0,
        "dmean2": 0,
        "dvar": 0,
        "dvar2": 0,
        "max": 1,
        "mean": 1,
        "median": 1,
        "min": 1,
        "var": 0
    },
    "silence_rate_30dB": {
        "dmean": 0,
        "dmean2": 0,
        "dvar": 0,
        "dvar2": 0,
        "max": 1,
        "mean": 1,
        "median": 1,
        "min": 1,
        "var": 0
    },
    "silence_rate_60dB": {
        "dmean": 0.00618238002062,
        "dmean2": 0.0123743228614,
        "dvar": 0.00614418368787,
        "dvar2": 0.0122211566195,
        "max": 1,
        "mean": 0.074903473258,
        "median": 0,
        "min": 0,
        "var": 0.0692938119173
    },
    "spectral_centroid": {
        "dmean": 182.8543396,
        "dmean2": 292.175354004,
        "dvar": 93876.09375,
        "dvar2": 139573.96875,
        "max": 10992.6503906,
        "mean": 1658.58642578,
        "median": 1664.6171875,
        "min": 629.739440918,
        "var": 167082.78125
    },
    "spectral_complexity": {
        "dmean": 3.35548686981,
        "dmean2": 5.39211130142,
        "dvar": 10.9616184235,
        "dvar2": 23.0829143524,
        "max": 52,
        "mean": 25.3915061951,
        "median": 25,
        "min": 0,
        "var": 101.974067688
    },
    "spectral_decrease": {
        "dmean": 1.98432581477e-09,
        "dmean2": 3.2745219869e-09,
        "dvar": 1.19093171528e-17,
        "dvar2": 3.10425035111e-17,
        "max": 1.43109474524e-29,
        "mean": -6.12335027128e-09,
        "median": -5.30834043388e-09,
        "min": -3.504408852e-08,
        "var": 1.88869040842e-17
    },
    "spectral_energy": {
        "dmean": 0.00784306135029,
        "dmean2": 0.0128866536543,
        "dvar": 0.000179930997547,
        "dvar2": 0.000464180309791,
        "max": 0.136835947633,
        "mean": 0.0251678265631,
        "median": 0.0220088306814,
        "min": 1.10155601784e-20,
        "var": 0.00030956271803
    },
    "spectral_energyband_high": {
        "dmean": 0.000255272403592,
        "dmean2": 0.000394771108404,
        "dvar": 4.2410974288e-07,
        "dvar2": 1.04457501493e-06,
        "max": 0.00692783715203,
        "mean": 0.000696457515005,
        "median": 0.000447319238447,
        "min": 8.22972977422e-21,
        "var": 6.94286825365e-07
    },
    "spectral_energyband_low": {
        "dmean": 0.0050686406903,
        "dmean2": 0.0086984904483,
        "dvar": 0.000143486075103,
        "dvar2": 0.000395759823732,
        "max": 0.111220426857,
        "mean": 0.00810978841037,
        "median": 0.00499744946137,
        "min": 4.17276053752e-23,
        "var": 0.000123872552649
    },
    "spectral_energyband_middle_high": {
        "dmean": 0.00179437582847,
        "dmean2": 0.0027393263299,
        "dvar": 8.31140096125e-06,
        "dvar2": 1.51828380694e-05,
        "max": 0.0609685853124,
        "mean": 0.00811920315027,
        "median": 0.00619924534112,
        "min": 1.65818945979e-21,
        "var": 6.85274062562e-05
    },
    "spectral_energyband_middle_low": {
        "dmean": 0.0033762131352,
        "dmean2": 0.0054569686763,
        "dvar": 2.75067723123e-05,
        "dvar2": 6.82202226017e-05,
        "max": 0.0562553219497,
        "mean": 0.00900642201304,
        "median": 0.00798079557717,
        "min": 2.49800340838e-22,
        "var": 4.43098178948e-05
    },
    "spectral_entropy": {
        "dmean": 0.0907019674778,
        "dmean2": 0.134454786777,
        "dvar": 0.0112979486585,
        "dvar2": 0.018231227994,
        "max": 9.79964065552,
        "mean": 7.72942733765,
        "median": 7.72829532623,
        "min": 7.05156087875,
        "var": 0.0506758056581
    },
    "spectral_flux": {
        "dmean": 0.0211781803519,
        "dmean2": 0.0326691307127,
        "dvar": 0.000862189219333,
        "dvar2": 0.00166167330462,
        "max": 0.277375042439,
        "mean": 0.0784094706178,
        "median": 0.068559601903,
        "min": 1.04955037716e-10,
        "var": 0.00218399195001
    },
    "spectral_kurtosis": {
        "dmean": 0.99772644043,
        "dmean2": 1.71615815163,
        "dvar": 0.893036305904,
        "dvar2": 2.48182487488,
        "max": 11.623500824,
        "mean": 4.75544834137,
        "median": 4.75637388229,
        "min": -1.20414173603,
        "var": 2.16874718666
    },
    "spectral_rms": {
        "dmean": 0.000671864429023,
        "dmean2": 0.0010708021,
        "dvar": 8.99424605905e-07,
        "dvar2": 2.2269910005e-06,
        "max": 0.0115541545674,
        "mean": 0.00463289488107,
        "median": 0.00463379221037,
        "min": 3.27824464623e-12,
        "var": 3.090269729e-06
    },
    "spectral_rolloff": {
        "dmean": 380.258148193,
        "dmean2": 612.539611816,
        "dvar": 522179.3125,
        "dvar2": 746960.875,
        "max": 18303.2226562,
        "mean": 1782.63146973,
        "median": 1808.7890625,
        "min": 150.732421875,
        "var": 815799.6875
    },
    "spectral_skewness": {
        "dmean": 0.14428588748,
        "dmean2": 0.243865594268,
        "dvar": 0.0197024513036,
        "dvar2": 0.0507741644979,
        "max": 2.48942255974,
        "mean": 1.56717312336,
        "median": 1.58590352535,
        "min": -0.0117255477235,
        "var": 0.0560594238341
    },
    "spectral_spread": {
        "dmean": 327004.28125,
        "dmean2": 455106.8125,
        "dvar": 1.0866245632e+12,
        "dvar2": 1.11254752461e+12,
        "max": 40380832,
        "mean": 4235826,
        "median": 4128841.5,
        "min": 2593177,
        "var": 1.57491068928e+12
    },
    "spectral_strongpeak": {
        "dmean": 0.479089319706,
        "dmean2": 0.824707865715,
        "dvar": 0.673504054546,
        "dvar2": 1.71400785446,
        "max": 10.0848836899,
        "mean": 0.772198557854,
        "median": 0.361595511436,
        "min": 0,
        "var": 1.3698502779
    },
    "zerocrossingrate": {
        "dmean": 0.00785212125629,
        "dmean2": 0.00963609665632,
        "dvar": 0.000289530435111,
        "dvar2": 0.000292244803859,
        "max": 0.49462890625,
        "mean": 0.0683277025819,
        "median": 0.06591796875,
        "min": 0.02294921875,
        "var": 0.000575325218961
    },
    "barkbands": {
        "dmean": [8.88366266736e-05, 0.00273584481329, 0.00235947105102, 0.000944934727158, 0.00129861501046, 0.00052214297466, 0.00075669423677, 0.000736328482162, 0.00073739286745, 0.00058092654217, 0.000792675826233, 0.000498052686453, 0.000354755698936, 0.000335852382705, 0.000390277680708, 0.000351435417542, 0.000303244014503, 0.000214811429032, 0.000186329940334, 9.20682796277e-05, 8.1902348029e-05, 8.31824290799e-05, 6.16613906459e-05, 2.59358221228e-05, 1.77626116056e-05, 2.55063569057e-05, 5.1635552154e-06],
        "dmean2": [0.000142339238664, 0.00469452189282, 0.00415085209534, 0.00161122588906, 0.00223130872473, 0.000874588207807, 0.00122289464343, 0.0012584333308, 0.00118749123067, 0.000911961309612, 0.00128460198175, 0.000722981698345, 0.000586899288464, 0.000547880888917, 0.000632285606116, 0.000570259464439, 0.00050566974096, 0.00034228671575, 0.000308291317197, 0.000150636202306, 0.000135882437462, 0.00014007576101, 0.000101628727862, 4.10128486692e-05, 2.25998555834e-05, 3.61173442798e-05, 8.19309661892e-06],
        "dvar": [3.18806172572e-08, 3.99658201786e-05, 3.07868103846e-05, 3.3583385175e-06, 6.60290288579e-06, 9.99862663775e-07, 1.40581994401e-06, 2.57703300122e-06, 3.45941180058e-06, 4.17126057073e-06, 2.44801276494e-06, 1.81743394023e-06, 6.96082508966e-07, 4.96964617014e-07, 7.15109081284e-07, 5.86194744301e-07, 2.26773110512e-07, 8.9491244637e-08, 4.57973534651e-08, 1.97924929779e-08, 3.26722400246e-08, 5.23772563099e-08, 2.490457085e-08, 3.48195627886e-09, 1.13903031451e-09, 3.39106498437e-09, 1.74820491416e-10],
        "dvar2": [6.94182631378e-08, 0.000107875610411, 8.84312466951e-05, 9.01396742847e-06, 1.81265750143e-05, 2.73419072983e-06, 3.29409090227e-06, 6.97229188518e-06, 7.76590604801e-06, 9.84339658316e-06, 5.49565811525e-06, 3.18581282954e-06, 1.79115659193e-06, 1.14471822599e-06, 1.5523401089e-06, 1.16048704513e-06, 6.06098751632e-07, 2.19100911636e-07, 1.23960816723e-07, 5.03543127195e-08, 8.52304467003e-08, 1.41416236943e-07, 6.6070903415e-08, 8.99957353084e-09, 1.82793735704e-09, 6.61046550832e-09, 4.1848616239e-10],
        "max": [0.00224451394752, 0.056199491024, 0.0501254945993, 0.0297895055264, 0.0262052230537, 0.0167718175799, 0.0150947086513, 0.0212645065039, 0.0361619889736, 0.0340016931295, 0.0269305706024, 0.0268572829664, 0.0171192921698, 0.0141776520759, 0.0220553912222, 0.0172773636878, 0.00785485934466, 0.00569076044485, 0.00275778025389, 0.0017046375433, 0.00174885126762, 0.00240469328128, 0.00158773991279, 0.00070191710256, 0.000535112689249, 0.000986273633316, 0.000185856450116],
        "mean": [0.000111654975626, 0.00387065066025, 0.00345811294392, 0.00159749982413, 0.00242848764174, 0.00103773525916, 0.00143308856059, 0.000930832524318, 0.00138137699105, 0.000944369356148, 0.00161254382692, 0.001009024214, 0.000688689877279, 0.000604764732998, 0.000721398799215, 0.000752378196921, 0.000687752908561, 0.00054434093181, 0.000517446082085, 0.000226353426115, 0.000157635120559, 0.000166196055943, 0.000130583459395, 5.40616492799e-05, 4.41881129518e-05, 5.04032977915e-05, 6.27561985311e-06],
        "median": [3.01692180074e-05, 0.00154291337822, 0.00224494142458, 0.00110955827404, 0.0017216791166, 0.000694261398166, 0.000813180347905, 0.000522888614796, 0.000650144589599, 0.000296525424346, 0.000876890902873, 0.000428337225458, 0.00037449633237, 0.000357638957212, 0.000378731027013, 0.000406203849707, 0.000430904008681, 0.000443296361482, 0.000445252779173, 0.00016440062609, 9.13111362024e-05, 0.000102097343188, 8.2353973994e-05, 2.57338488154e-05, 2.28426142712e-05, 2.13514049392e-05, 1.53022824634e-06],
        "min": [1.15171183585e-23, 6.30407148355e-24, 8.50005119554e-24, 1.77522228885e-23, 4.37006790278e-23, 4.39472580141e-23, 3.00476456156e-23, 2.40850704402e-23, 8.23097531616e-23, 2.08304985579e-23, 9.04290819405e-23, 9.11695383406e-23, 1.24284240446e-22, 1.12150120841e-22, 1.36425996224e-22, 1.84521507707e-22, 1.49795068109e-22, 2.01628732676e-22, 2.69937195579e-22, 5.02170676908e-22, 2.79248505808e-22, 5.45626588175e-22, 6.5799688325e-22, 1.05709219225e-21, 1.20391160129e-21, 2.03450584849e-21, 2.33107998645e-21],
        "var": [4.68903991191e-08, 3.87789477827e-05, 2.2876116418e-05, 3.80964252145e-06, 7.39702636565e-06, 1.6854335172e-06, 3.1245840546e-06, 2.21060849981e-06, 6.14730151938e-06, 6.12317398918e-06, 6.98592839399e-06, 6.4000673774e-06, 1.19300341339e-06, 1.07230982849e-06, 1.75825687165e-06, 1.66946585978e-06, 7.70302108322e-07, 2.19884725539e-07, 1.47789350535e-07, 4.23543760064e-08, 4.20534078671e-08, 5.64348603405e-08, 3.1162052494e-08, 6.18815976239e-09, 4.16871870357e-09, 7.18155712676e-09, 2.11817632878e-10]
    },
    "erbbands": {
        "dmean": [0.0672551393509, 0.697742760181, 2.40265083313, 3.14796257019, 4.36758232117, 4.36389923096, 2.85428237915, 5.33133029938, 5.93111658096, 19.2278442383, 11.4929599762, 15.5015678406, 19.5352420807, 22.1448078156, 25.8248519897, 16.7118968964, 15.8301115036, 17.8066673279, 14.6640930176, 21.2002544403, 19.6626567841, 16.7764644623, 11.3629245758, 8.97137928009, 7.85291099548, 4.17467832565, 3.47628259659, 3.00073862076, 2.86368656158, 3.16448831558, 1.37232375145, 0.642206668854, 0.425982564688, 0.204806998372, 0.125639200211, 0.111836276948, 0.0461931377649, 0.0136143332347, 0.000530852586962, 1.61541665875e-05],
        "dmean2": [0.11578694731, 1.19962894917, 4.20929002762, 5.58969974518, 7.39865064621, 7.57100868225, 4.66835403442, 9.05792331696, 9.7129650116, 30.6092815399, 19.2332992554, 24.8749732971, 31.7315044403, 34.5457344055, 39.4098854065, 24.3525676727, 25.3014297485, 29.0070514679, 22.5958156586, 33.8693008423, 32.2329406738, 27.9760856628, 17.9445056915, 14.9589891434, 12.8913412094, 6.88098621368, 5.81089639664, 4.98225927353, 4.82339811325, 5.40085268021, 2.26098299026, 1.05454182625, 0.625527083874, 0.273690909147, 0.157206326723, 0.156264662743, 0.0689632073045, 0.0208530053496, 0.000849894538987, 2.39518576564e-05],
        "dvar": [0.0254050735384, 2.6631834507, 31.5408649445, 54.210483551, 50.4928588867, 86.7419662476, 18.6466770172, 122.87046051, 162.08265686, 1122.40783691, 611.902832031, 1551.60754395, 7433.4140625, 1584.94848633, 2515.64501953, 2384.70874023, 1212.25537109, 1656.59240723, 992.565856934, 2454.03466797, 1715.38916016, 680.83404541, 295.499023438, 138.2394104, 92.2527542114, 39.7969779968, 52.223285675, 52.0454025269, 59.0164718628, 78.467086792, 11.4558830261, 3.17581176758, 0.652949690819, 0.147785812616, 0.0596879534423, 0.0675200745463, 0.0110693722963, 0.00103997730184, 1.88957392311e-06, 7.8243522772e-10],
        "dvar2": [0.0677047222853, 7.38597345352, 90.7155838013, 151.336090088, 143.05670166, 242.832199097, 44.073387146, 342.794189453, 389.228088379, 2878.97167969, 1640.19909668, 3128.99902344, 19154.6289062, 4090.19726562, 5035.00390625, 4172.48730469, 2873.50146484, 3833.53979492, 2166.46069336, 5514.44873047, 3476.63842773, 1704.48718262, 710.24810791, 363.364685059, 233.290649414, 102.669219971, 134.410842896, 134.137313843, 158.181762695, 218.136764526, 29.7753944397, 8.79496383667, 1.4852244854, 0.274224936962, 0.0960599333048, 0.129513114691, 0.0230234283954, 0.00227472255938, 4.54316568721e-06, 1.70761371709e-09],
        "max": [1.56569647789, 14.3292942047, 52.6208686829, 66.9733352661, 89.1400604248, 100.828956604, 82.3504257202, 190.666366577, 230.232131958, 500.721984863, 311.834655762, 968.878112793, 1515.38684082, 624.590637207, 868.974121094, 1218.78283691, 599.372619629, 795.801452637, 683.888549805, 1424.63391113, 908.569885254, 523.332824707, 371.834625244, 180.075164795, 154.302688599, 84.9514923096, 66.8730316162, 74.7323684692, 93.6913223267, 98.7612228394, 35.3037261963, 23.4177780151, 9.03597259521, 5.07617330551, 4.05933332443, 5.34580898285, 1.31458222866, 0.387482434511, 0.0189885236323, 0.000388811167795],
        "mean": [0.080927491188, 0.984639883041, 3.72923016548, 4.747402668, 8.42816734314, 6.92469167709, 6.19111871719, 10.0723104477, 11.1218233109, 34.3757629395, 17.9892425537, 28.7030944824, 30.5486812592, 49.2938194275, 57.5282936096, 36.3595466614, 33.8261985779, 33.6461524963, 30.384721756, 41.1638069153, 45.7320022583, 41.9392662048, 30.9115009308, 25.0598583221, 23.1516819, 11.1793766022, 7.25934553146, 5.42254924774, 5.63913154602, 6.27084779739, 2.93719696999, 1.23122346401, 0.915773272514, 0.490836948156, 0.301569700241, 0.235552668571, 0.0830548405647, 0.0202836189419, 0.000680422061123, 4.50456136605e-05],
        "median": [0.033822953701, 0.393124103546, 2.27710771561, 3.14054775238, 5.69542789459, 4.2021651268, 3.85438489914, 6.45633649826, 7.17979240417, 19.5942821503, 12.001914978, 13.7454738617, 12.4263820648, 25.2444572449, 33.440612793, 17.3064517975, 17.3984394073, 21.748878479, 14.8914575577, 21.9069080353, 23.7904491425, 26.37200737, 24.2269821167, 21.3791294098, 18.6217136383, 8.69369125366, 4.83549165726, 2.67682695389, 3.39455127716, 4.11503839493, 1.67529428005, 0.547031462193, 0.472560614347, 0.257734924555, 0.1536988765, 0.105338871479, 0.0336004197598, 0.00690851779655, 0.000192757666809, 3.44551299349e-05],
        "min": [5.05264930167e-22, 4.7731754467e-22, 5.68907319943e-21, 5.54107095846e-20, 1.27025680574e-19, 1.0523438928e-19, 2.10354588862e-19, 3.26429199457e-19, 3.6744241689e-19, 6.54731963002e-19, 5.57512960319e-19, 2.10714272842e-18, 1.16994533664e-18, 1.42330010831e-18, 3.72906792696e-18, 3.87741118929e-18, 6.93518482604e-18, 5.35266216918e-18, 7.51125822004e-18, 9.43826065659e-18, 9.51043299221e-18, 9.12443743117e-18, 1.13637071664e-17, 1.49348501844e-17, 1.35557027024e-17, 2.23840053384e-17, 1.28813403993e-17, 1.35968673456e-17, 1.73304793893e-17, 2.26240945112e-17, 1.65410099409e-17, 1.80592734854e-17, 1.90326715061e-17, 1.32924756336e-17, 9.76805094937e-18, 7.09790448742e-18, 3.36562482494e-18, 1.4071942814e-18, 3.62262999635e-19, 3.32807007549e-20],
        "var": [0.0223627444357, 2.50548148155, 25.6403388977, 43.0503540039, 81.1650695801, 87.3111877441, 50.3732070923, 184.089233398, 220.628494263, 2048.46728516, 557.665893555, 3029.55664062, 7667.41064453, 4590.31835938, 9108.22167969, 8065.08789062, 3108.57104492, 3275.3425293, 2716.58911133, 5978.90625, 6102.23339844, 2628.20898438, 741.209899902, 360.4112854, 346.659088135, 90.0197067261, 70.6126785278, 65.044631958, 65.1625289917, 77.7501525879, 16.0798797607, 4.03982877731, 1.60600304604, 0.471984356642, 0.20186214149, 0.15598782897, 0.0201620850712, 0.00154614006169, 2.26691827265e-06, 1.59596880156e-09]
    },
    "gfcc": {
        "mean": [25.4751605988, 82.2107467651, -124.273574829, 29.6415290833, -47.1356697083, 11.8149118423, -33.6676025391, 13.5329122543, -25.8911895752, 1.33157277107, -22.3176441193, 6.72896957397, -22.0268001556],
        "cov": [[7429.46435547, -192.560516357, -58.8086776733, -13.0768356323, -158.9427948, 243.617675781, -18.7133407593, 9.75973129272, -94.4956893921, 30.9283561707, -12.0537643433, 52.4010391235, -42.9798660278], [-192.560516357, 317.224212646, -95.0183029175, 83.3046875, 35.7164230347, -14.185508728, 48.4147224426, -2.31598377228, 38.5572738647, -28.2113666534, 23.2660713196, -20.5398025513, 6.02028989792], [-58.8086776733, -95.0183029175, 338.763946533, 2.48165726662, 60.6092720032, -22.7220935822, -15.3501424789, 37.8200454712, -23.8862915039, 37.5045776367, -11.2438640594, 15.1289873123, -39.5666046143], [-13.0768356323, 83.3046875, 2.48165726662, 150.983886719, 32.3941955566, 9.95121765137, 2.32873749733, -17.7518291473, 22.4917430878, -15.5790052414, 5.68207788467, -16.4782428741, 2.50958061218], [-158.9427948, 35.7164230347, 60.6092720032, 32.3941955566, 149.974258423, 34.9682312012, 32.5292625427, 26.1547279358, 6.19798326492, 4.50622415543, -1.18626511097, 2.33277773857, -8.34768009186], [243.617675781, -14.185508728, -22.7220935822, 9.95121765137, 34.9682312012, 109.607177734, 55.7348747253, 15.0743865967, -0.16343216598, -7.62187099457, 9.69141578674, -0.294033050537, 15.7845611572], [-18.7133407593, 48.4147224426, -15.3501424789, 2.32873749733, 32.5292625427, 55.7348747253, 87.8578796387, 20.4605045319, 3.76629018784, -13.387254715, 12.7928161621, 2.32443404198, 4.65863323212], [9.75973129272, -2.31598377228, 37.8200454712, -17.7518291473, 26.1547279358, 15.0743865967, 20.4605045319, 67.7256774902, 20.2512817383, 16.9403457642, 3.93709897995, 6.40286064148, 0.121947132051], [-94.4956893921, 38.5572738647, -23.8862915039, 22.4917430878, 6.19798326492, -0.16343216598, 3.76629018784, 20.2512817383, 64.3450317383, 22.9879226685, 12.3444690704, -9.8378944397, 12.3806810379], [30.9283561707, -28.2113666534, 37.5045776367, -15.5790052414, 4.50622415543, -7.62187099457, -13.387254715, 16.9403457642, 22.9879226685, 60.6924552917, 23.1642398834, 8.05802059174, -8.38213920593], [-12.0537643433, 23.2660713196, -11.2438640594, 5.68207788467, -1.18626511097, 9.69141578674, 12.7928161621, 3.93709897995, 12.3444690704, 23.1642398834, 48.0198059082, 19.4965877533, 3.26520991325], [52.4010391235, -20.5398025513, 15.1289873123, -16.4782428741, 2.33277773857, -0.294033050537, 2.32443404198, 6.40286064148, -9.8378944397, 8.05802059174, 19.4965877533, 51.8471260071, 16.7223873138], [-42.9798660278, 6.02028989792, -39.5666046143, 2.50958061218, -8.34768009186, 15.7845611572, 4.65863323212, 0.121947132051, 12.3806810379, -8.38213920593, 3.26520991325, 16.7223873138, 55.9083557129]],
        "icov": [[0.000182519594091, -0.000135793772643, 6.33638119325e-05, -0.000139600160765, 0.000415811722632, -0.000860038329847, 0.000383078062441, -0.000137127644848, 0.000248673430178, -0.000413313391618, 0.000578310573474, -0.000594282115344, 0.000506264623255], [-0.000135793772643, 0.00639740098268, 0.00149480660912, -0.00232408987358, -0.00214870274067, 0.00554218841717, -0.00451027415693, -0.000659225333948, -0.00160522712395, 0.00350748794153, -0.00494801066816, 0.00322012719698, -0.000932188879233], [6.33638119325e-05, 0.00149480660912, 0.00508959777653, -0.00220018438995, -0.0014769770205, 0.00195027131122, -0.000934234121814, -0.00303123798221, 0.0033437598031, -0.00370261562057, 0.00216850452125, -0.00137819664087, 0.0018917475827], [-0.000139600160765, -0.00232408987358, -0.00220018438995, 0.0108688957989, -0.00202447012998, -0.00244271592237, 0.00341133889742, 0.0046706488356, -0.0059917778708, 0.00582799455151, -0.00363712827675, 0.00198607426137, 9.92277546175e-06], [0.000415811722632, -0.00214870274067, -0.0014769770205, -0.00202447012998, 0.0107050575316, -0.00549102155492, -0.000324881955748, -0.00191787886433, 0.000401887256885, -0.00311057688668, 0.00558783952147, -0.00431420700625, 0.00318524008617], [-0.000860038329847, 0.00554218841717, 0.00195027131122, -0.00244271592237, -0.00549102155492, 0.023509318009, -0.0137906316668, -0.00204045395367, 0.00309560098685, 0.00144291610923, -0.00778239499778, 0.0091006513685, -0.00880844611675], [0.000383078062441, -0.00451027415693, -0.000934234121814, 0.00341133889742, -0.000324881955748, -0.0137906316668, 0.0251510608941, -0.00408803718165, -0.00143765483517, 0.00724093802273, -0.00426510768011, -0.00264188530855, 0.00416730390862], [-0.000137127644848, -0.000659225333948, -0.00303123798221, 0.0046706488356, -0.00191787886433, -0.00204045395367, -0.00408803718165, 0.0238226484507, -0.010672621429, -0.00139777816366, 0.00346523639746, -0.00397758046165, 0.00133026798721], [0.000248673430178, -0.00160522712395, 0.0033437598031, -0.0059917778708, 0.000401887256885, 0.00309560098685, -0.00143765483517, -0.010672621429, 0.033323302865, -0.0164785664529, -0.00111445668153, 0.0103181460872, -0.0105425184593], [-0.000413313391618, 0.00350748794153, -0.00370261562057, 0.00582799455151, -0.00311057688668, 0.00144291610923, 0.00724093802273, -0.00139777816366, -0.0164785664529, 0.0393865071237, -0.0214162953198, 0.00186486926395, 0.00519765587524], [0.000578310573474, -0.00494801066816, 0.00216850452125, -0.00363712827675, 0.00558783952147, -0.00778239499778, -0.00426510768011, 0.00346523639746, -0.00111445668153, -0.0214162953198, 0.0455754995346, -0.0210565384477, 0.00672693317756], [-0.000594282115344, 0.00322012719698, -0.00137819664087, 0.00198607426137, -0.00431420700625, 0.0091006513685, -0.00264188530855, -0.00397758046165, 0.0103181460872, 0.00186486926395, -0.0210565384477, 0.0381326787174, -0.0170340072364], [0.000506264623255, -0.000932188879233, 0.0018917475827, 9.92277546175e-06, 0.00318524008617, -0.00880844611675, 0.00416730390862, 0.00133026798721, -0.0105425184593, 0.00519765587524, 0.00672693317756, -0.0170340072364, 0.0301425866783]]
    },
    "melbands": {
        "dmean": [0.000676845724229, 0.00114599335939, 0.000547461851966, 0.000316789199132, 0.000114456510346, 0.000111828136141, 0.000105924940726, 0.000208713361644, 8.71774900588e-05, 0.000106039908133, 9.95804075501e-05, 9.00051600183e-05, 0.000104705322883, 5.3189261962e-05, 4.70879604109e-05, 3.84237791877e-05, 3.30115217366e-05, 2.51111687248e-05, 2.75653510471e-05, 2.51994988503e-05, 2.4174727514e-05, 2.21974569286e-05, 1.13716541819e-05, 1.0908152035e-05, 7.76652177592e-06, 8.87303667696e-06, 3.96469476982e-06, 2.82065957435e-06, 2.39750829678e-06, 2.21932691602e-06, 1.72444595137e-06, 1.65706239841e-06, 1.89708555354e-06, 1.83194640613e-06, 9.02020758531e-07, 5.83183634717e-07, 3.24967601273e-07, 3.55932684215e-07, 2.57678408389e-07, 1.58580093057e-07],
        "dmean2": [0.00115340691991, 0.00197900133207, 0.000957694952376, 0.000544801354408, 0.000191910308786, 0.000189023747225, 0.000174516186235, 0.000337071745889, 0.000143980083521, 0.000171190753463, 0.000161803996889, 0.00013865713845, 0.000166125304531, 7.86538803368e-05, 7.15696514817e-05, 6.23580563115e-05, 5.35912986379e-05, 3.84745326301e-05, 4.39993345935e-05, 4.16130496887e-05, 4.00084863941e-05, 3.65189553122e-05, 1.83650117833e-05, 1.75513850991e-05, 1.30059534058e-05, 1.45004069054e-05, 6.61525791656e-06, 4.65761695523e-06, 4.0198951865e-06, 3.7429515487e-06, 2.85686019197e-06, 2.80419862975e-06, 3.24857728629e-06, 3.11079315907e-06, 1.50018172462e-06, 9.84455823527e-07, 5.42238353773e-07, 5.47806905615e-07, 3.76406433134e-07, 2.22438330866e-07],
        "dvar": [2.53412099482e-06, 7.24532037566e-06, 1.20678839721e-06, 3.99994576128e-07, 3.44511796868e-08, 5.13995566109e-08, 3.64735122105e-08, 1.41101168083e-07, 3.17693391594e-08, 7.67295418314e-08, 1.85216975979e-07, 2.71289586351e-08, 4.44183427817e-08, 2.02049950104e-08, 1.97692084924e-08, 7.92100784963e-09, 6.10031047898e-09, 2.82296075405e-09, 3.9983647504e-09, 3.39424643947e-09, 2.47835196809e-09, 1.26159660496e-09, 3.09899439443e-10, 2.02562702722e-10, 1.11435263794e-10, 1.06987044224e-10, 2.79993268154e-11, 1.93583430536e-11, 2.04503376039e-11, 2.32651658355e-11, 1.60280764355e-11, 1.72354699957e-11, 2.70753211518e-11, 2.4240895749e-11, 4.06128039185e-12, 2.56228111645e-12, 7.70941036704e-13, 4.07893418477e-13, 2.89317208428e-13, 8.48043017103e-14],
        "dvar2": [6.82023801346e-06, 2.06726672332e-05, 3.35942468155e-06, 1.09933512249e-06, 8.86577922188e-08, 1.42447504459e-07, 8.69837961659e-08, 3.72072122445e-07, 8.34140436723e-08, 1.60076311317e-07, 4.71520053225e-07, 6.84092356096e-08, 9.32407075993e-08, 3.35656054062e-08, 4.04395059661e-08, 1.97884855169e-08, 1.42366536338e-08, 5.67583890998e-09, 8.91806894998e-09, 8.36473024179e-09, 5.43231459815e-09, 3.29069815841e-09, 7.67858387984e-10, 5.11895192901e-10, 2.95040880616e-10, 2.7298022176e-10, 7.1714967298e-11, 5.01681786391e-11, 5.24614483799e-11, 6.11088540881e-11, 4.12308243103e-11, 4.55006483879e-11, 7.54509024703e-11, 6.7362004863e-11, 1.05829858765e-11, 7.00405141871e-12, 2.14389595486e-12, 9.50691565402e-13, 6.30044952842e-13, 1.5730503651e-13],
        "max": [0.0142248477787, 0.0258306022733, 0.0104982899502, 0.00700491201133, 0.00338464882225, 0.00389382895082, 0.00334222591482, 0.00582309579477, 0.00213841162622, 0.00663802819327, 0.00737789785489, 0.00260688387789, 0.00375577621162, 0.00322858639993, 0.00328649790026, 0.00191964616533, 0.00151574984193, 0.00116204307415, 0.00163614586927, 0.00149297236931, 0.000970365363173, 0.000680326716974, 0.000348469999153, 0.000176134461071, 0.000153804794536, 0.000146167891216, 6.26235632808e-05, 5.82332504564e-05, 4.3109710532e-05, 4.6859622671e-05, 4.55156805401e-05, 5.14799285156e-05, 5.92220349063e-05, 5.60937551199e-05, 2.18612512981e-05, 2.22764774662e-05, 1.11901745186e-05, 8.51114964462e-06, 6.48758032185e-06, 3.72436602447e-06],
        "mean": [0.000894482247531, 0.00179490179289, 0.000991041655652, 0.000555075937882, 0.000238551045186, 0.000213167455513, 0.000206297976547, 0.000353003822966, 0.00014050291793, 0.000190893872059, 0.000150223364471, 0.000190408478375, 0.000221496768063, 0.000109776578029, 8.75620171428e-05, 7.31072286726e-05, 5.80176638323e-05, 4.68484104204e-05, 4.99737579958e-05, 5.24902097823e-05, 5.15669416927e-05, 4.80306298414e-05, 2.7236983442e-05, 2.62453577307e-05, 1.87065343198e-05, 2.2700514819e-05, 1.00264596767e-05, 6.41280803393e-06, 4.66905430585e-06, 3.77922583539e-06, 2.89043100565e-06, 3.01840236716e-06, 3.56106534127e-06, 3.49884112438e-06, 1.80625659141e-06, 1.0137624713e-06, 6.04315573582e-07, 6.86430382757e-07, 5.42784448498e-07, 3.66617626923e-07],
        "median": [0.000399101234507, 0.00104703893885, 0.000722046475857, 0.000389816414099, 0.0001527955028, 0.000137733892188, 0.000136170347105, 0.000213880703086, 8.69601863087e-05, 8.39913845994e-05, 5.33944075869e-05, 8.88420108822e-05, 0.000125691876747, 5.35048893653e-05, 3.45847365679e-05, 4.3012205424e-05, 3.48366193066e-05, 2.13914172491e-05, 2.88231531158e-05, 2.73442128673e-05, 2.53348625847e-05, 2.69449465122e-05, 1.87907153304e-05, 2.07639168366e-05, 1.48070930663e-05, 1.83355205081e-05, 7.79177844379e-06, 4.76294280816e-06, 3.04692639475e-06, 1.91663070837e-06, 1.39615303851e-06, 1.77074855401e-06, 2.20169522436e-06, 2.28539533964e-06, 1.04525895495e-06, 4.51688578096e-07, 2.55563179508e-07, 3.46181053601e-07, 2.68411696425e-07, 1.92824870737e-07],
        "min": [4.35080652272e-24, 2.13626057489e-24, 1.06550700939e-23, 8.30824913277e-24, 7.16115229099e-24, 7.99127693244e-24, 5.82846645493e-24, 7.03824776196e-24, 4.02982335912e-24, 1.42244684748e-23, 5.42932216398e-24, 5.06186168243e-24, 1.26316667993e-23, 8.98578519818e-24, 1.28072230606e-23, 1.31804844308e-23, 9.37119660407e-24, 1.1849271398e-23, 9.81201286676e-24, 1.31783253185e-23, 1.06131129489e-23, 9.87685328887e-24, 8.65792119534e-24, 9.60220820927e-24, 1.26740025975e-23, 9.60882359682e-24, 1.44721487109e-23, 1.45997027861e-23, 8.20215444076e-24, 6.98558577451e-24, 8.15983284206e-24, 7.65377699364e-24, 1.34904176253e-23, 1.31513699414e-23, 8.19294054539e-24, 1.16465467672e-23, 1.08133345241e-23, 1.51564177042e-23, 9.31558979886e-24, 1.25545359243e-23],
        "var": [2.28853923545e-06, 6.20780656391e-06, 1.17865056382e-06, 4.22147024892e-07, 7.164981497e-08, 7.98306487582e-08, 5.88002038171e-08, 2.08714425298e-07, 3.38740058226e-08, 1.42406577197e-07, 1.98271209229e-07, 7.56287406034e-08, 1.41996707725e-07, 6.41054000994e-08, 5.5510422925e-08, 1.32892559179e-08, 1.08941788923e-08, 7.6797350701e-09, 8.57516369024e-09, 8.86048390214e-09, 8.10000777562e-09, 4.37031832945e-09, 7.79966757847e-10, 5.16833020825e-10, 2.67158656309e-10, 3.64433733191e-10, 7.38395594668e-11, 3.72067376908e-11, 2.94793980893e-11, 2.941270838e-11, 1.9740310081e-11, 1.92869453047e-11, 2.72964515574e-11, 2.38676717279e-11, 5.87748686526e-12, 3.02122736551e-12, 9.90418901406e-13, 9.04365883396e-13, 6.88100834992e-13, 2.58152494607e-13]
    },
    "mfcc": {
        "mean": [-616.570922852, 117.948493958, -15.9359197617, 24.1018180847, 3.69237494469, 5.13015174866, -0.22568243742, 12.187084198, -2.05598974228, 0.458306908607, 2.0657916069, -4.15455245972, 5.54476499557],
        "cov": [[5356.44970703, -35.5661888123, 2.38446688652, -93.9787979126, -93.6468582153, 151.240509033, 49.4091186523, 72.3127746582, -11.2486333847, -11.5641593933, 4.41786289215, -0.325797915459, -68.64793396], [-35.5661888123, 268.157684326, -44.5557250977, 65.2075042725, 14.1113328934, -2.80797338486, 18.494140625, 32.2118415833, 3.09229469299, 9.64664649963, 27.7333908081, 1.26639688015, 27.5571632385], [2.38446688652, -44.5557250977, 200.253494263, 38.8136749268, 20.0402488708, -22.7064380646, -0.64898121357, -21.1936454773, -8.38188743591, -4.45223712921, 16.1484966278, 19.1897296906, -15.8249025345], [-93.9787979126, 65.2075042725, 38.8136749268, 139.644180298, 49.3529548645, 11.9494934082, -14.2493085861, 2.51705288887, -12.4581775665, 13.5085124969, 10.5560007095, -7.74156713486, 18.5321292877], [-93.6468582153, 14.1113328934, 20.0402488708, 49.3529548645, 106.514793396, 18.5988998413, 13.3971652985, 6.6912355423, 16.9051494598, 20.838312149, 6.50177335739, 1.22233819962, 6.83529090881], [151.240509033, -2.80797338486, -22.7064380646, 11.9494934082, 18.5988998413, 83.0486221313, 36.6514282227, 25.0105018616, 2.36041164398, 10.077832222, 0.59211486578, -8.42659282684, -12.0284547806], [49.4091186523, 18.494140625, -0.64898121357, -14.2493085861, 13.3971652985, 36.6514282227, 88.7032852173, 47.6640434265, 9.6727437973, 0.190127536654, 13.9577665329, 5.44464731216, -14.9261779785], [72.3127746582, 32.2118415833, -21.1936454773, 2.51705288887, 6.6912355423, 25.0105018616, 47.6640434265, 74.4648742676, 23.0782356262, 1.80365431309, -2.64246964455, -5.17639255524, -6.11020851135], [-11.2486333847, 3.09229469299, -8.38188743591, -12.4581775665, 16.9051494598, 2.36041164398, 9.6727437973, 23.0782356262, 62.9325027466, 18.8544082642, -8.51292037964, 7.50068664551, -1.90152299404], [-11.5641593933, 9.64664649963, -4.45223712921, 13.5085124969, 20.838312149, 10.077832222, 0.190127536654, 1.80365431309, 18.8544082642, 56.7802009583, 20.6660079956, -2.62363314629, -8.972905159], [4.41786289215, 27.7333908081, 16.1484966278, 10.5560007095, 6.50177335739, 0.59211486578, 13.9577665329, -2.64246964455, -8.51292037964, 20.6660079956, 65.0032348633, 26.5905418396, -10.642168045], [-0.325797915459, 1.26639688015, 19.1897296906, -7.74156713486, 1.22233819962, -8.42659282684, 5.44464731216, -5.17639255524, 7.50068664551, -2.62363314629, 26.5905418396, 60.3208274841, 17.704536438], [-68.64793396, 27.5571632385, -15.8249025345, 18.5321292877, 6.83529090881, -12.0284547806, -14.9261779785, -6.11020851135, -1.90152299404, -8.972905159, -10.642168045, 17.704536438, 69.5216751099]],
