{
"lowlevel": {
    "average_loudness": 0.944544196129,
    "barkbands_crest": {
        "dmean": 2.47241520882,
        "dmean2": 3.97052192688,
        "dvar": 4.84924125671,
        "dvar2": 11.9905138016,
        "max": 21.998456955,
        "mean": 7.83270549774,
        "median": 7.11501502991,
        "min": 2.42602515221,
        "var": 11.1573419571
    },
    "barkbands_flatness_db": {
        "dmean": 0.0193850509822,
        "dmean2": 0.0292522516102,
        "dvar": 0.000334185053362,
        "dvar2": 0.000726514204871,
        "max": 0.28267994523,
        "mean": 0.0976785197854,
        "median": 0.0945150181651,
        "min": 0.0329487472773,
        "var": 0.00106422940735
    },
    "barkbands_kurtosis": {
        "dmean": 0.791563689709,
        "dmean2": 1.26467359066,
        "dvar": 2.79275012016,
        "dvar2": 5.88500261307,
        "max": 29.9372520447,
        "mean": -0.535526931286,
        "median": -1.12809574604,
        "min": -1.82249474525,
        "var": 5.61356019974
    },
    "barkbands_skewness": {
        "dmean": 0.445189863443,
        "dmean2": 0.698408484459,
        "dvar": 0.184140026569,
        "dvar2": 0.407673895359,
        "max": 5.39659881592,
        "mean": 0.517836809158,
        "median": 0.391832858324,
        "min": -1.17908620834,
        "var": 0.598454296589
    },
    "barkbands_spread": {
        "dmean": 6.3248591423,
        "dmean2": 10.053571701,
        "dvar": 32.5268707275,
        "dvar2": 80.1909484863,
        "max": 86.4471511841,
        "mean": 42.7701911926,
        "median": 43.1911964417,
        "min": 5.35898447037,
        "var": 107.67755127
    },
    "dissonance": {
        "dmean": 0.00700735440478,
        "dmean2": 0.0117426970974,
        "dvar": 5.15404062753e-05,
        "dvar2": 0.000139867086546,
        "max": 0.499947965145,
        "mean": 0.488519668579,
        "median": 0.491278290749,
        "min": 0.442376285791,
        "var": 8.38593186927e-05
    },
    "dynamic_complexity": 3.27049207687,
    "erbbands_crest": {
        "dmean": 2.28468346596,
        "dmean2": 3.78270697594,
        "dvar": 4.55828952789,
        "dvar2": 11.1090784073,
        "max": 20.2895126343,
        "mean": 7.74696922302,
        "median": 6.98958730698,
        "min": 2.92919325829,
        "var": 9.34249687195
    },
    "erbbands_flatness_db": {
        "dmean": 0.0169139504433,
        "dmean2": 0.0239826105535,
        "dvar": 0.000244560214924,
        "dvar2": 0.000460491603008,
        "max": 0.246692359447,
        "mean": 0.149699643254,
        "median": 0.148648351431,
        "min": 0.070494890213,
        "var": 0.00086216267664
    },
    "erbbands_kurtosis": {
        "dmean": 0.924826920033,
        "dmean2": 1.47406208515,
        "dvar": 0.718394100666,
        "dvar2": 1.71656250954,
        "max": 13.021686554,
        "mean": 1.322509408,
        "median": 1.08527612686,
        "min": -1.77261948586,
        "var": 2.79526090622
    },
    "erbbands_skewness": {
        "dmean": 0.290721684694,
        "dmean2": 0.450771421194,
        "dvar": 0.0638725087047,
        "dvar2": 0.156873971224,
        "max": 0.880303621292,
        "mean": -0.875201463699,
        "median": -0.908301651478,
        "min": -3.0350522995,
        "var": 0.302836328745
    },
    "erbbands_spread": {
        "dmean": 7.07763528824,
        "dmean2": 11.0680418015,
        "dvar": 48.8420524597,
        "dvar2": 108.789573669,
        "max": 94.3018188477,
        "mean": 33.264415741,
        "median": 30.8357372284,
        "min": 11.101433754,
        "var": 149.001235962
    },
    "hfc": {
        "dmean": 7.23104858398,
        "dmean2": 9.95108604431,
        "dvar": 103.676734924,
        "dvar2": 232.510025024,
        "max": 169.057647705,
        "mean": 26.6242847443,
        "median": 23.350063324,
        "min": 2.59298349192e-06,
        "var": 360.199737549
    },
    "melbands_crest": {
        "dmean": 3.97591400146,
        "dmean2": 6.41414928436,
        "dvar": 12.3176393509,
        "dvar2": 31.3283977509,
        "max": 28.6796035767,
        "mean": 14.5544023514,
        "median": 13.8142023087,
        "min": 4.59975719452,
        "var": 25.6455554962
    },
    "melbands_flatness_db": {
        "dmean": 0.0251517537981,
        "dmean2": 0.0386556535959,
        "dvar": 0.000603024265729,
        "dvar2": 0.00136069022119,
        "max": 0.383000582457,
        "mean": 0.138268142939,
        "median": 0.128552213311,
        "min": 0.0474533550441,
        "var": 0.00218861340545
    },
    "melbands_kurtosis": {
        "dmean": 3.70424103737,
        "dmean2": 5.7592420578,
        "dvar": 37.7149658203,
        "dvar2": 80.0510101318,
        "max": 105.590034485,
        "mean": 4.7236995697,
        "median": 1.86821174622,
        "min": -1.50683546066,
        "var": 83.2791976929
    },
    "melbands_skewness": {
        "dmean": 0.687216460705,
        "dmean2": 1.06250226498,
        "dvar": 0.465767413378,
        "dvar2": 1.00691485405,
        "max": 9.40681266785,
        "mean": 1.98165512085,
        "median": 1.70782494545,
        "min": -0.270782768726,
        "var": 1.45242595673
    },
    "melbands_spread": {
        "dmean": 13.0239896774,
        "dmean2": 20.8761672974,
        "dvar": 159.767807007,
        "dvar2": 380.366424561,
        "max": 145.106674194,
        "mean": 51.5387535095,
        "median": 51.7410545349,
        "min": 3.06808781624,
        "var": 427.126647949
    },
    "pitch_salience": {
        "dmean": 0.0717463418841,
        "dmean2": 0.11607054621,
        "dvar": 0.0045676138252,
        "dvar2": 0.0111446306109,
        "max": 0.812616229057,
        "mean": 0.558424592018,
        "median": 0.567939758301,
        "min": 0.22404332459,
        "var": 0.0114485956728
    },
    "silence_rate_20dB": {
        "dmean": 0,
        "dmean2": 0,
        "dvar": 0,
        "dvar2": 0,
        "max": 1,
        "mean": 1,
        "median": 1,
        "min": 1,
        "var": 0
    },
    "silence_rate_30dB": {
        "dmean": 0,
        "dmean2": 0,
        "dvar": 0,
        "dvar2": 0,
        "max": 1,
        "mean": 1,
        "median": 1,
        "min": 1,
        "var": 0
    },
    "silence_rate_60dB": {
        "dmean": 0.00928792543709,
        "dmean2": 0.018590239808,
        "dvar": 0.00920167658478,
        "dvar2": 0.0182447247207,
        "max": 1,
        "mean": 0.0881670564413,
        "median": 0,
        "min": 0,
        "var": 0.080394372344
    },
    "spectral_centroid": {
        "dmean": 234.446105957,
        "dmean2": 373.741394043,
        "dvar": 48555.5273438,
        "dvar2": 122453.726562,
        "max": 3416.14526367,
        "mean": 2418.6965332,
        "median": 2466.42138672,
        "min": 652.802490234,
        "var": 197665.578125
    },
    "spectral_complexity": {
        "dmean": 4.7863779068,
        "dmean2": 7.08288145065,
        "dvar": 22.1617851257,
        "dvar2": 43.8358726501,
        "max": 58,
        "mean": 29.3248252869,
        "median": 32,
        "min": 0,
        "var": 200.262802124
    },
    "spectral_decrease": {
        "dmean": 1.68607350304e-09,
        "dmean2": 2.53271403849e-09,
        "dvar": 6.23626228978e-18,
        "dvar2": 1.44778014631e-17,
        "max": -7.70852921561e-16,
        "mean": -4.48131887154e-09,
        "median": -3.6921019575e-09,
        "min": -2.88325665565e-08,
        "var": 1.16222011078e-17
    },
    "spectral_energy": {
        "dmean": 0.00684663234279,
        "dmean2": 0.0101354131475,
        "dvar": 0.000100774719613,
        "dvar2": 0.00023230953957,
        "max": 0.11845728755,
        "mean": 0.0193284414709,
        "median": 0.0161258392036,
        "min": 3.18714588055e-09,
        "var": 0.000203020244953
    },
    "spectral_energyband_high": {
        "dmean": 0.000546401366591,
        "dmean2": 0.000812601181678,
        "dvar": 9.98090399662e-07,
        "dvar2": 2.57491933553e-06,
        "max": 0.0148778269067,
        "mean": 0.00150090409443,
        "median": 0.00116556510329,
        "min": 7.83616574407e-11,
        "var": 2.08225083043e-06
    },
    "spectral_energyband_low": {
        "dmean": 0.00366009678692,
        "dmean2": 0.00580356176943,
        "dvar": 3.34343749273e-05,
        "dvar2": 7.46275400161e-05,
        "max": 0.0565759502351,
        "mean": 0.00668086530641,
        "median": 0.00427981559187,
        "min": 1.90216020712e-09,
        "var": 5.40888395335e-05
    },
    "spectral_energyband_middle_high": {
        "dmean": 0.002130409237,
        "dmean2": 0.00313048204407,
        "dvar": 6.59810166326e-06,
        "dvar2": 1.4036563698e-05,
        "max": 0.0337250977755,
        "mean": 0.00706118391827,
        "median": 0.00597300520167,
        "min": 5.16696518904e-10,
        "var": 3.00226656691e-05
    },
    "spectral_energyband_middle_low": {
        "dmean": 0.00329247745685,
        "dmean2": 0.00542828347534,
        "dvar": 4.73863765365e-05,
        "dvar2": 0.000116762108519,
        "max": 0.0735541582108,
        "mean": 0.0055615818128,
        "median": 0.00337220728397,
        "min": 8.37445779389e-10,
        "var": 5.22915397596e-05
    },
    "spectral_entropy": {
        "dmean": 0.101071730256,
        "dmean2": 0.145890280604,
        "dvar": 0.0109912678599,
        "dvar2": 0.0220732968301,
        "max": 8.56712627411,
        "mean": 7.88944673538,
        "median": 7.90875101089,
        "min": 7.01910352707,
        "var": 0.0448892265558
    },
    "spectral_flux": {
        "dmean": 0.019523974508,
        "dmean2": 0.029496030882,
        "dvar": 0.000533912912942,
        "dvar2": 0.0011762031354,
        "max": 0.2814489007,
        "mean": 0.0773060619831,
        "median": 0.0725087225437,
        "min": 6.28486159258e-05,
        "var": 0.00148065574467
    },
    "spectral_kurtosis": {
        "dmean": 1.16368699074,
        "dmean2": 1.94695353508,
        "dvar": 1.39124429226,
        "dvar2": 3.69375753403,
        "max": 13.6125564575,
        "mean": 4.11240720749,
        "median": 3.98010921478,
        "min": -0.368438959122,
        "var": 3.25104570389
    },
    "spectral_rms": {
        "dmean": 0.000684589147568,
        "dmean2": 0.000980848097242,
        "dvar": 6.62407614982e-07,
        "dvar2": 1.41953057664e-06,
        "max": 0.0107502602041,
        "mean": 0.00402529817075,
        "median": 0.00396642507985,
        "min": 1.76335208835e-06,
        "var": 2.65402059085e-06
    },
    "spectral_rolloff": {
        "dmean": 558.996948242,
        "dmean2": 905.112915039,
        "dvar": 436143.15625,
        "dvar2": 1024981,
        "max": 8699.4140625,
        "mean": 2975.36376953,
        "median": 3057.71484375,
        "min": 129.19921875,
        "var": 1036526.375
    },
    "spectral_skewness": {
        "dmean": 0.181342422962,
        "dmean2": 0.278066277504,
        "dvar": 0.0277579370886,
        "dvar2": 0.0612434856594,
        "max": 2.03766226768,
        "mean": 1.22677779198,
        "median": 1.19981694221,
        "min": 0.306027591228,
        "var": 0.0909484773874
    },
    "spectral_spread": {
        "dmean": 481508.40625,
        "dmean2": 635331.4375,
        "dvar": 232144781312,
        "dvar2": 426762371072,
        "max": 9322549,
        "mean": 4011102.75,
        "median": 3950677,
        "min": 2167020,
        "var": 923045134336
    },
    "spectral_strongpeak": {
        "dmean": 0.559611141682,
        "dmean2": 0.973615705967,
        "dvar": 1.10458505154,
        "dvar2": 2.95112609863,
        "max": 8.25737190247,
        "mean": 0.66687643528,
        "median": 0.299838870764,
        "min": 5.13112026965e-05,
        "var": 1.10835397243
    },
    "zerocrossingrate": {
        "dmean": 0.0119987940416,
        "dmean2": 0.0141348158941,
        "dvar": 0.000114583410323,
        "dvar2": 0.000150135514559,
        "max": 0.19873046875,
        "mean": 0.0953511670232,
        "median": 0.0966796875,
        "min": 0.00830078125,
        "var": 0.000746634847019
    },
    "barkbands": {
        "dmean": [1.49249190144e-05, 0.00165880855639, 0.00193069688976, 0.00222216150723, 0.000897910678759, 0.000274286285276, 0.000284124864265, 0.000115721210022, 0.000327259331243, 0.000763370946515, 0.000145160622196, 0.000132462431793, 0.000183741401997, 0.000384298909921, 0.000512429920491, 0.000509725243319, 0.000438221701188, 0.000374869705411, 0.00033727628761, 0.000330630689859, 0.000214845960727, 0.000100376702903, 9.54974311753e-05, 7.3885639722e-05, 4.61019881186e-05, 3.6572208046e-05, 2.82328642243e-06],
        "dmean2": [2.42609658017e-05, 0.00241734064184, 0.00324043934233, 0.0036907591857, 0.00156168045942, 0.000447633967269, 0.000454769964563, 0.000197413770366, 0.000515574647579, 0.00119057751726, 0.000222409857088, 0.000215539723285, 0.000300546613289, 0.000611642899457, 0.00081421219511, 0.000834238890093, 0.000713900953997, 0.000585478148423, 0.000543605245184, 0.000548485608306, 0.000359867321094, 0.000159245624673, 0.000140534393722, 0.000109125823656, 6.24678868917e-05, 4.95028871228e-05, 4.56128782389e-06],
        "dvar": [3.505642443e-10, 1.16222317956e-05, 1.08708582047e-05, 2.58416130237e-05, 4.1808007154e-06, 1.99845061388e-07, 3.3245277109e-07, 1.40080672395e-07, 5.96924337515e-07, 2.73352884506e-06, 2.49520439866e-07, 4.83644164717e-08, 1.57973872206e-07, 4.41409952145e-07, 1.18974082852e-06, 5.24273218616e-07, 3.16024426184e-07, 2.75602246802e-07, 1.6971536354e-07, 2.56515590991e-07, 1.64064204e-07, 3.46801520834e-08, 4.48871482206e-08, 4.34906617386e-08, 5.52625278871e-09, 3.77110165317e-09, 3.86291727772e-11],
        "dvar2": [9.45744371705e-10, 2.31720423471e-05, 2.82353812509e-05, 6.69293294777e-05, 1.12695943244e-05, 5.05460434397e-07, 8.04986768799e-07, 3.49145750533e-07, 1.39100006891e-06, 6.99370366419e-06, 5.69061455735e-07, 1.17463194726e-07, 4.22747802986e-07, 1.03385707462e-06, 2.89024342237e-06, 1.28899364427e-06, 8.34237084746e-07, 6.38969595457e-07, 4.146463084e-07, 7.18683338619e-07, 4.58095996692e-07, 8.91284201998e-08, 1.06693455848e-07, 1.17500270846e-07, 1.14132356899e-08, 7.9993718316e-09, 9.84424416983e-11],
        "max": [0.000154638124513, 0.0288565289229, 0.0340930595994, 0.0492300242186, 0.0215991828591, 0.00604049209505, 0.00674534961581, 0.00865106936544, 0.0141546903178, 0.0180342681706, 0.00996095780283, 0.00384341320023, 0.00445993756875, 0.00951620284468, 0.0168204270303, 0.00932293664664, 0.00781524088234, 0.00652525620535, 0.00511983176693, 0.00771407270804, 0.00593401165679, 0.00221833912656, 0.00490553444251, 0.00394498836249, 0.00123034359422, 0.000621011073235, 7.9618410382e-05],
        "mean": [2.40675872192e-05, 0.00245014112443, 0.00299085117877, 0.00256354454905, 0.00114694819786, 0.000419093150413, 0.000368846900528, 0.000161747753737, 0.000500490888953, 0.00106058630627, 0.000202450100915, 0.000195661574253, 0.000279698491795, 0.000646722037345, 0.000839625135995, 0.000981691875495, 0.000968886655755, 0.000727773469407, 0.000814826285932, 0.000808475655504, 0.00049204134848, 0.00019882376364, 0.000196501903702, 0.000142316144775, 9.05699998839e-05, 5.316282477e-05, 2.89807280751e-06],
        "median": [1.74627275555e-05, 0.000776310334913, 0.00194214482326, 0.00104468630161, 0.000620828126557, 0.000266760383965, 0.000166657526279, 6.16935503785e-05, 0.000159324350534, 0.000147478291183, 4.49190665677e-05, 0.000103540136479, 0.000102210855403, 0.000354955293005, 0.00039131756057, 0.000716769718565, 0.000742558971979, 0.000542822526768, 0.000712017063051, 0.000661658821627, 0.000376366457203, 0.000110427179607, 0.00010151269089, 6.24945823802e-05, 5.03104674863e-05, 1.39237772601e-05, 9.50133909328e-08],
        "min": [1.07200272964e-11, 7.08834768659e-10, 2.57431687078e-10, 3.04415215258e-10, 1.50469123272e-10, 5.28933147281e-11, 2.57284419464e-11, 1.54571563882e-11, 2.68141168991e-11, 3.16598483541e-11, 2.83939408444e-12, 1.27786331863e-11, 1.50891139861e-11, 3.17466296307e-11, 2.42006831241e-11, 1.26718399662e-10, 4.65473840028e-11, 3.36116620647e-11, 5.86978382566e-11, 2.81970401889e-11, 1.01589136409e-11, 4.53808952222e-12, 3.4548379782e-12, 9.26527951584e-12, 8.84247883248e-12, 1.22214339343e-11, 1.71141677219e-11],
        "var": [5.60132107363e-10, 1.94383192138e-05, 1.35885138661e-05, 2.39853634412e-05, 3.60680519407e-06, 2.60181451495e-07, 4.13208567807e-07, 2.51286678576e-07, 1.28158865209e-06, 5.04874833496e-06, 4.63272215256e-07, 7.74580115603e-08, 2.96568032354e-07, 8.7326884568e-07, 1.99822034119e-06, 1.00869522157e-06, 8.20075513275e-07, 5.27767667791e-07, 4.04021221811e-07, 6.01125407229e-07, 2.77413391814e-07, 6.0570201299e-08, 8.62915356947e-08, 5.58805801631e-08, 1.33972113403e-08, 6.85680934254e-09, 4.03039095154e-11]
    },
    "erbbands": {
        "dmean": [0.0247232988477, 0.458760678768, 2.054510355, 4.39502191544, 5.77402067184, 2.3618888855, 1.62071490288, 2.66706418991, 4.39905071259, 2.88322377205, 2.91574621201, 6.83275365829, 20.4774990082, 16.2819766998, 3.7192440033, 5.69241714478, 8.31020545959, 14.6997966766, 21.1213283539, 27.1977405548, 27.3366546631, 21.5261287689, 20.145690918, 19.6706695557, 15.201956749, 16.1932907104, 11.5208721161, 5.47064638138, 3.69221425056, 3.39338612556, 2.62259173393, 1.99231541157, 1.04389202595, 0.559794068336, 0.332398295403, 0.184801012278, 0.0549956299365, 0.0122022312135, 0.000260409287876, 1.43960669448e-05],
        "dmean2": [0.0372440554202, 0.677662014961, 3.40036034584, 7.31046962738, 9.7789440155, 4.03481960297, 2.73565340042, 4.27858257294, 6.94192504883, 4.70503330231, 4.88286161423, 10.6885347366, 30.9431648254, 26.0473384857, 5.76036167145, 9.08884620667, 13.5673513412, 23.6858654022, 33.4379005432, 41.6634407043, 45.2462806702, 34.7370147705, 31.2594337463, 31.9036426544, 24.3761882782, 27.0332107544, 19.205373764, 9.20751571655, 5.98392534256, 5.15898132324, 3.90010046959, 3.05582213402, 1.47086656094, 0.777901351452, 0.457838237286, 0.259409368038, 0.0747034996748, 0.0178465172648, 0.00037922343472, 1.94942349481e-05],
        "dvar": [0.00171711109579, 0.925068855286, 14.4127368927, 77.5055847168, 202.276596069, 21.0357284546, 5.92128944397, 23.2960414886, 82.1284561157, 60.6348495483, 62.4684638977, 385.270935059, 1900.03808594, 2304.40258789, 62.4245300293, 84.8300094604, 384.4581604, 591.371398926, 1983.16430664, 2191.07080078, 1319.19213867, 775.54510498, 928.296142578, 608.345703125, 375.476165771, 744.198669434, 392.673828125, 138.806686401, 52.3231735229, 39.4568328857, 43.5817337036, 48.0119285583, 3.73079109192, 0.833547890186, 0.293873786926, 0.0934189260006, 0.00896816980094, 0.000611728813965, 2.71884431413e-07, 4.2138387224e-10],
        "dvar2": [0.00452553806826, 1.78416001797, 35.3914337158, 203.697906494, 520.84161377, 54.2914161682, 15.8608093262, 58.6056060791, 193.752548218, 160.639038086, 157.565460205, 910.857971191, 4589.67724609, 5819.00097656, 138.665710449, 194.223876953, 1040.60168457, 1372.73425293, 4995.04589844, 4908.58105469, 3515.12963867, 1992.70153809, 2137.54638672, 1383.31811523, 945.01751709, 2077.72485352, 1086.06726074, 391.686309814, 139.963546753, 94.379234314, 102.23260498, 132.128005981, 8.94037246704, 1.72181510925, 0.639889478683, 0.202126637101, 0.0190563630313, 0.00146930408664, 6.53082565805e-07, 8.899774806e-10],
        "max": [0.346352696419, 8.08251571655, 36.8350486755, 91.5948791504, 156.747344971, 41.4127693176, 24.7746372223, 70.5266265869, 119.403297424, 115.837402344, 196.110702515, 441.07421875, 496.529937744, 613.777648926, 151.201400757, 158.341369629, 237.460525513, 425.868896484, 620.152648926, 642.501525879, 451.818054199, 353.218292236, 433.892364502, 353.41494751, 253.509597778, 454.556304932, 259.097839355, 173.684051514, 90.0296173096, 79.2632369995, 167.164993286, 129.104156494, 25.8070201874, 18.5330448151, 7.48827219009, 2.97414708138, 0.995889782906, 0.343917131424, 0.00659917946905, 0.000223169146921],
        "mean": [0.0422464311123, 0.673209607601, 3.13191366196, 6.24384975433, 6.66272115707, 3.49585175514, 2.39566397667, 3.86420798302, 5.64546871185, 3.96766352654, 4.60100126266, 11.2718315125, 29.6802883148, 23.6530227661, 6.14171981812, 9.38571834564, 13.6481971741, 26.202047348, 39.5623626709, 48.3310165405, 58.3693275452, 50.8706130981, 41.6161346436, 45.143989563, 40.1128807068, 38.4530677795, 28.3496856689, 11.488863945, 7.09771728516, 7.15978622437, 5.19996547699, 3.48390603065, 2.0960958004, 1.12639844418, 0.587263345718, 0.28217408061, 0.0777447223663, 0.0149013092741, 0.000329041446093, 3.63916478818e-05],
        "median": [0.0196415744722, 0.219078302383, 1.89702785015, 3.79538822174, 2.7360265255, 1.82342970371, 1.57206523418, 2.27355122566, 2.34251093864, 1.98546886444, 1.75949251652, 3.8867418766, 5.77483654022, 3.82640266418, 2.82607698441, 5.07181119919, 5.63208246231, 15.0129680634, 20.1643276215, 28.1089076996, 45.8428955078, 40.9071044922, 31.6253070831, 39.3131637573, 35.4073295593, 31.2405281067, 23.0974407196, 7.78553009033, 3.72480750084, 3.89909005165, 2.61043477058, 1.48465692997, 1.03637742996, 0.61175775528, 0.296713709831, 0.101017974317, 0.015045245178, 0.00137811270542, 5.57345811103e-05, 2.83860554191e-05],
        "min": [1.34266411322e-08, 1.91383946913e-07, 4.38443436224e-07, 1.30017770061e-06, 4.56783737945e-07, 4.25743706955e-07, 1.01053706203e-06, 4.9039778105e-07, 4.24790556508e-07, 7.46444413835e-07, 3.89936730016e-07, 6.18399951691e-07, 1.02310343664e-06, 4.96641632708e-07, 1.94058571878e-07, 6.49554920074e-07, 7.33687443244e-07, 8.74802253747e-07, 1.51627580181e-06, 1.99704209081e-06, 7.33853494239e-06, 3.01320869767e-06, 1.89870570466e-06, 3.55215729542e-06, 1.82175938335e-06, 1.31055355723e-06, 7.67105973409e-07, 2.68032835038e-07, 1.76089230308e-07, 8.99333656434e-08, 1.16162070185e-07, 1.859209533e-07, 1.35882515906e-07, 8.36136138105e-08, 7.13917316375e-08, 4.17562695532e-08, 2.02552570272e-08, 7.66147678632e-09, 2.55742205191e-09, 2.69528954711e-10],
        "var": [0.00314067443833, 1.52750086784, 17.7561340332, 75.9790267944, 175.18359375, 25.3522357941, 7.38327932358, 27.8988246918, 105.970733643, 63.1459960938, 152.440795898, 809.912231445, 3710.14233398, 4201.78759766, 137.611297607, 160.293502808, 680.881408691, 1257.44909668, 3710.18554688, 4228.91064453, 2780.73730469, 2019.93286133, 1838.91784668, 1277.00720215, 1071.04650879, 1454.68615723, 797.953857422, 192.591278076, 81.2422637939, 82.4314575195, 75.2267532349, 46.749370575, 8.4935131073, 2.15997195244, 0.589321792126, 0.169354379177, 0.01579939574, 0.00078675954137, 3.48763649072e-07, 8.81371586825e-10]
    },
    "gfcc": {
        "mean": [5.75881719589, 61.3490180969, -132.703445435, 63.098903656, -41.8446807861, 16.0447463989, -42.2916107178, 15.9075489044, -27.5056037903, -0.0604980252683, -23.9008369446, -7.45126008987, -11.9794206619],
        "cov": [[8256.76464844, -739.847351074, 24.1960525513, -126.063537598, -247.351104736, 7.64519357681, -63.484249115, 26.0754394531, -166.320022583, 113.456039429, -225.959320068, 108.62386322, -89.5981063843], [-739.847351074, 697.918395996, -306.377624512, 169.11378479, 73.3384628296, -3.0771458149, 112.069343567, -49.1456184387, 94.8493347168, -118.162841797, 147.97756958, -107.748497009, 129.948394775], [24.1960525513, -306.377624512, 458.777862549, -112.172828674, 112.222579956, -27.6235637665, -70.5686950684, 62.313835144, -45.1442871094, 91.3908996582, -78.616355896, 105.856414795, -125.421455383], [-126.063537598, 169.11378479, -112.172828674, 216.094009399, -30.5921001434, 21.4725570679, -8.63918590546, -39.1523780823, 41.6901435852, -20.6867675781, 75.5304641724, -65.3173599243, 61.8778419495], [-247.351104736, 73.3384628296, 112.222579956, -30.5921001434, 264.83706665, -28.8662414551, 59.6067619324, 47.5684089661, 2.10005092621, 56.9252319336, 12.5061779022, 56.1877059937, -32.3358001709], [7.64519357681, -3.0771458149, -27.6235637665, 21.4725570679, -28.8662414551, 145.332992554, 30.9383735657, 2.78079223633, -5.15062475204, -42.8584709167, 16.3577327728, -10.1522369385, 30.5296802521], [-63.484249115, 112.069343567, -70.5686950684, -8.63918590546, 59.6067619324, 30.9383735657, 127.723075867, 24.480966568, 7.28848028183, -12.6707000732, 8.03667354584, -3.40517377853, 23.7209281921], [26.0754394531, -49.1456184387, 62.313835144, -39.1523780823, 47.5684089661, 2.78079223633, 24.480966568, 97.6861419678, 24.7787685394, 20.0355205536, -25.6694202423, 25.6007499695, -4.26826953888], [-166.320022583, 94.8493347168, -45.1442871094, 41.6901435852, 2.10005092621, -5.15062475204, 7.28848028183, 24.7787685394, 83.0198059082, -8.2982006073, 27.0548419952, -17.3697109222, 23.5721912384], [113.456039429, -118.162841797, 91.3908996582, -20.6867675781, 56.9252319336, -42.8584709167, -12.6707000732, 20.0355205536, -8.2982006073, 128.494842529, 13.946855545, 42.9291610718, -39.5159950256], [-225.959320068, 147.97756958, -78.616355896, 75.5304641724, 12.5061779022, 16.3577327728, 8.03667354584, -25.6694202423, 27.0548419952, 13.946855545, 115.689193726, -6.335272789, 32.2931785583], [108.62386322, -107.748497009, 105.856414795, -65.3173599243, 56.1877059937, -10.1522369385, -3.40517377853, 25.6007499695, -17.3697109222, 42.9291610718, -6.335272789, 93.2202911377, -22.3190345764], [-89.5981063843, 129.948394775, -125.421455383, 61.8778419495, -32.3358001709, 30.5296802521, 23.7209281921, -4.26826953888, 23.5721912384, -39.5159950256, 32.2931785583, -22.3190345764, 102.253829956]],
        "icov": [[0.000150138279423, 2.87358398054e-05, 0.000206347802305, -0.000178672853508, 0.000159138275194, -7.07243307261e-05, 1.55471479957e-05, -0.000119819036627, 0.000221917347517, -0.000201126153115, 0.000377452321118, -0.000366011459846, 0.000191114289919], [2.87358398054e-05, 0.0072881965898, -0.000159040049766, 0.000301775085973, -0.0036967464257, 0.00407889438793, -0.00394154852256, 0.0023502910044, -0.00305205420591, 0.0065747005865, -0.00757193285972, 0.00556359998882, -0.00413896795362], [0.000206347802305, -0.000159040049766, 0.00649838522077, -0.00131027703173, -0.00149755855091, -0.00185785291251, 0.00385941076092, -0.00262197316624, 0.00137118226849, -0.00145294005051, 0.00360370567068, -0.00475298939273, 0.00516979023814], [-0.000178672853508, 0.000301775085973, -0.00131027703173, 0.00972183793783, -0.00108146655839, -0.000377920048777, 0.00117282313295, 0.00269465800375, -0.00282802269794, -0.000529116776306, -0.00480177439749, 0.00697992183268, -0.00493159610778], [0.000159138275194, -0.0036967464257, -0.00149755855091, -0.00108146655839, 0.00858645793051, -0.000285912363324, -0.00237067742273, -0.00260209548287, 0.00194375310093, -0.00384460971691, 0.00228322320618, -0.00505472021177, 0.0031387922354], [-7.07243307261e-05, 0.00407889438793, -0.00185785291251, -0.000377920048777, -0.000285912363324, 0.0118196774274, -0.00534069817513, -0.000432314001955, 0.000708433508407, 0.00718386843801, -0.00747100356966, 0.00338760507293, -0.00398242752999], [1.55471479957e-05, -0.00394154852256, 0.00385941076092, 0.00117282313295, -0.00237067742273, -0.00534069817513, 0.0154941380024, -0.00441249040887, 0.00264379777946, -0.0036343424581, 0.00501860538498, -0.00253274431452, 0.00196144427173], [-0.000119819036627, 0.0023502910044, -0.00262197316624, 0.00269465800375, -0.00260209548287, -0.000432314001955, -0.00441249040887, 0.0193350631744, -0.0101051796228, -0.00072575325612, 0.00211449153721, 0.0011281024199, -0.00517411762848], [0.000221917347517, -0.00305205420591, 0.00137118226849, -0.00282802269794, 0.00194375310093, 0.000708433508407, 0.00264379777946, -0.0101051796228, 0.0203843638301, -0.000938018667512, -0.000837543979287, -0.00093544239644, 0.00183306669351], [-0.000201126153115, 0.0065747005865, -0.00145294005051, -0.000529116776306, -0.00384460971691, 0.00718386843801, -0.0036343424581, -0.00072575325612, -0.000938018667512, 0.018976688385, -0.011671744287, 0.0023840921931, -0.000785172102042], [0.000377452321118, -0.00757193285972, 0.00360370567068, -0.00480177439749, 0.00228322320618, -0.00747100356966, 0.00501860538498, 0.00211449153721, -0.000837543979287, -0.011671744287, 0.0253447834402, -0.0112457377836, 0.00437974696979], [-0.000366011459846, 0.00556359998882, -0.00475298939273, 0.00697992183268, -0.00505472021177, 0.00338760507293, -0.00253274431452, 0.0011281024199, -0.00093544239644, 0.0023840921931, -0.0112457377836, 0.0267184134573, -0.00889972504228], [0.000191114289919, -0.00413896795362, 0.00516979023814, -0.00493159610778, 0.0031387922354, -0.00398242752999, 0.00196144427173, -0.00517411762848, 0.00183306669351, -0.000785172102042, 0.00437974696979, -0.00889972504228, 0.0219913050532]]
    },
    "melbands": {
        "dmean": [0.000335645483574, 0.00087734661065, 0.00084327487275, 0.000265684910119, 6.16743636783e-05, 5.954961307e-05, 6.29138303339e-05, 2.94126166409e-05, 2.73731620837e-05, 4.59063812741e-05, 0.000105737984995, 7.17202638043e-05, 1.50221103468e-05, 1.27863986563e-05, 1.86950110219e-05, 1.77667297976e-05, 3.23808162648e-05, 3.63738508895e-05, 4.14181049564e-05, 3.38937534252e-05, 3.64625229849e-05, 2.60220749624e-05, 2.06233435165e-05, 1.90406717593e-05, 1.79619291885e-05, 1.1536513739e-05, 1.39456369652e-05, 1.08580916276e-05, 8.34684487927e-06, 5.81497897656e-06, 2.72574766313e-06, 2.11807218875e-06, 2.25678877541e-06, 2.01023840418e-06, 1.72381407992e-06, 1.37586278015e-06, 1.1933254882e-06, 7.49303183056e-07, 6.6983693614e-07, 4.48685341325e-07],
        "dmean2": [0.000493208703119, 0.00140307750553, 0.00139128917363, 0.000447131053079, 0.000103362057416, 9.5517054433e-05, 9.91754932329e-05, 4.84950614918e-05, 4.64588265459e-05, 7.10356034688e-05, 0.000159846516908, 0.000114270587801, 2.26903739531e-05, 2.08920901059e-05, 3.01234158542e-05, 2.91544747597e-05, 5.22336995346e-05, 5.7961071434e-05, 6.47494962323e-05, 5.27703050466e-05, 6.12249787082e-05, 4.24088648288e-05, 3.27832858602e-05, 2.95973859465e-05, 2.95496411127e-05, 1.87778514373e-05, 2.29415927606e-05, 1.80714469025e-05, 1.41017490023e-05, 9.94420315692e-06, 4.61598892798e-06, 3.51803282683e-06, 3.58494480679e-06, 3.08162998408e-06, 2.60861315837e-06, 2.09164682019e-06, 1.88519459243e-06, 1.11599433694e-06, 9.56914618655e-07, 6.5704972485e-07],
        "dvar": [4.15945550003e-07, 2.72788861366e-06, 3.29416911882e-06, 3.85390080737e-07, 8.62429860859e-09, 1.0296684394e-08, 1.58279274132e-08, 6.91681512066e-09, 4.86219287055e-09, 1.45439589261e-08, 5.12719964263e-08, 4.32291358266e-08, 1.78316972299e-09, 4.92486829096e-10, 1.28629362717e-09, 1.37867195438e-09, 2.95095725633e-09, 5.25126253592e-09, 8.63602434009e-09, 2.99754421285e-09, 2.36983810353e-09, 1.22806931291e-09, 8.07981848094e-10, 8.30819024689e-10, 5.07942909955e-10, 2.06023587079e-10, 3.96449456597e-10, 3.1987165694e-10, 1.92262900045e-10, 1.22901008814e-10, 3.21360507649e-11, 1.80595677302e-11, 1.86511639466e-11, 1.23608944261e-11, 1.60724870912e-11, 2.09419374203e-11, 1.51643350654e-11, 2.18435425997e-12, 1.13574189116e-12, 6.11801299726e-13],
        "dvar2": [9.2500528126e-07, 6.01934380029e-06, 8.53572964843e-06, 9.95485947897e-07, 2.30668195655e-08, 2.5179144103e-08, 3.76182889283e-08, 1.82892634371e-08, 1.29486599221e-08, 3.28347091738e-08, 1.24500374454e-07, 1.10166268996e-07, 4.00102218023e-09, 1.24765009435e-09, 2.97326074872e-09, 3.73835629119e-09, 6.9417751547e-09, 1.28516255415e-08, 2.04245402813e-08, 6.9358607746e-09, 6.33590158117e-09, 3.23955173798e-09, 2.00797378724e-09, 1.8116919076e-09, 1.19660226172e-09, 5.10115172325e-10, 1.04144759483e-09, 8.72022010157e-10, 5.27936805383e-10, 3.45636685939e-10, 9.0823133736e-11, 4.98776193958e-11, 4.7962273042e-11, 2.96384201903e-11, 3.71406655431e-11, 5.65820827692e-11, 4.12620215773e-11, 5.39512271663e-12, 2.32877194091e-12, 1.42223819527e-12],
        "max": [0.00545486668125, 0.0166154373437, 0.0190830435604, 0.00679882289842, 0.000860628962982, 0.00141695723869, 0.00161419028882, 0.00115320249461, 0.00135283719283, 0.00275764218532, 0.00251369015314, 0.00279518007301, 0.000864133529831, 0.00041184204747, 0.000511299120262, 0.00047857518075, 0.00089191517327, 0.000885640387423, 0.00170123588759, 0.000777508714236, 0.000548857438844, 0.000476570246974, 0.000417259172536, 0.000456540670712, 0.000322882813634, 0.000185511860764, 0.00024974369444, 0.000270197167993, 0.000176405199454, 0.000164101613336, 7.63035641285e-05, 4.47081220045e-05, 5.14838757226e-05, 4.62318203063e-05, 0.000106987878098, 7.95230153017e-05, 7.41517578717e-05, 2.09374211408e-05, 2.08787896554e-05, 1.69146678672e-05],
        "mean": [0.000529380980879, 0.00141101842746, 0.00117025023792, 0.000344944739481, 9.47840526351e-05, 8.81199666765e-05, 8.24192538857e-05, 3.99779128202e-05, 4.24775425927e-05, 7.336516137e-05, 0.000150324325659, 0.000101385587186, 2.22756862058e-05, 1.88437406905e-05, 3.13778073178e-05, 2.64193349722e-05, 5.37040541531e-05, 6.28423586022e-05, 6.52790986351e-05, 6.09889357293e-05, 7.1899194154e-05, 5.41125191376e-05, 4.3209445721e-05, 3.466677299e-05, 3.74754308723e-05, 2.7318519642e-05, 3.20138897223e-05, 2.28140506806e-05, 1.87285095308e-05, 1.20992253869e-05, 4.82244649902e-06, 3.7465645164e-06, 4.10155234931e-06, 3.99697137254e-06, 3.19247328662e-06, 2.35123570747e-06, 1.99886358132e-06, 1.43524573559e-06, 1.28981810121e-06, 8.37701350065e-07],
        "median": [0.000190447753994, 0.000777663837653, 0.000670674780849, 0.000168465470779, 6.14276941633e-05, 5.22141162946e-05, 3.54316325684e-05, 1.86107645277e-05, 1.39274598041e-05, 2.37829008256e-05, 2.62218218268e-05, 1.34043057187e-05, 7.19894069334e-06, 1.04449763967e-05, 1.28526698973e-05, 1.18522457342e-05, 2.89142590191e-05, 3.05492758343e-05, 3.03467204503e-05, 4.08602900279e-05, 5.4772997828e-05, 4.26722835982e-05, 2.96213802358e-05, 2.4311544621e-05, 3.17674130201e-05, 2.30831683439e-05, 2.43778395088e-05, 1.81054474524e-05, 1.46394168041e-05, 8.76708236319e-06, 2.69158408628e-06, 1.92341735783e-06, 2.0871441393e-06, 2.12579629988e-06, 1.53415885507e-06, 1.1112061884e-06, 7.84529163411e-07, 6.93251308803e-07, 6.87666670274e-07, 4.53184895832e-07],
        "min": [1.58813934226e-10, 2.77116218861e-10, 1.95600743935e-10, 2.92115914791e-11, 3.6162323136e-11, 1.04422399547e-11, 6.35526310397e-12, 8.56348065376e-12, 2.45720154293e-12, 4.49263716507e-12, 4.83045287797e-12, 1.9010817226e-12, 4.31256972407e-13, 1.19023074816e-12, 1.46478597481e-12, 1.32750288626e-12, 1.97357082933e-12, 2.87428587875e-12, 1.89134276816e-12, 2.22133466135e-12, 7.64127563307e-12, 2.52257004348e-12, 2.01001390011e-12, 1.71073105768e-12, 3.25233633428e-12, 1.28957749427e-12, 1.19070280979e-12, 7.39330146583e-13, 5.97215527899e-13, 1.83449921378e-13, 1.48696376392e-13, 6.98929033139e-14, 3.45379852647e-14, 5.5936239798e-14, 6.3120807138e-14, 1.002985943e-13, 1.07200977695e-13, 9.2592505386e-14, 7.83073489407e-14, 6.23297664567e-14],
        "var": [7.23866207863e-07, 3.97530266127e-06, 3.11427788802e-06, 3.54480420128e-07, 1.13751381647e-08, 1.35215474373e-08, 2.05707681999e-08, 7.87038700878e-09, 1.28019168599e-08, 3.13825054832e-08, 9.9500134354e-08, 7.87239144984e-08, 3.70015929008e-09, 6.66215138612e-10, 3.00858449265e-09, 2.28655050449e-09, 6.15857631558e-09, 9.58469303924e-09, 1.32002657693e-08, 5.47177902988e-09, 4.71097338917e-09, 2.4012423161e-09, 2.64590993559e-09, 1.52053603042e-09, 9.69702873554e-10, 5.06274022705e-10, 1.04461805872e-09, 5.55552825965e-10, 3.71300240554e-10, 1.81872211735e-10, 4.23599141874e-11, 2.5014552929e-11, 2.91980120637e-11, 2.70193294821e-11, 2.95478468082e-11, 2.09471537338e-11, 1.58665684757e-11, 4.31363582007e-12, 3.09982855357e-12, 1.2785652528e-12]
    },
    "mfcc": {
        "mean": [-627.724487305, 80.3104629517, -18.8447761536, 44.3669967651, 20.7486629486, 6.87806558609, 3.23655962944, 5.36184215546, 3.32400465012, 9.06157207489, -6.26447534561, -5.72004699707, -3.4995059967],
        "cov": [[7298.81445312, -359.593383789, -84.4313964844, -20.0998859406, -253.953567505, -19.8361663818, -56.7987747192, -101.271903992, 62.4561195374, -86.5087432861, -72.4543914795, 19.9822864532, -81.1213760376], [-359.593383789, 466.598632812, -176.454025269, 118.566452026, 60.3815307617, 10.4366598129, 56.1771736145, 61.0154151917, -8.35518074036, 53.4803314209, 8.00830173492, -12.4455423355, 31.654838562], [-84.4313964844, -176.454025269, 266.604309082, -62.6737556458, 34.8111152649, -8.49664592743, -37.5254516602, -7.61214160919, -16.6288604736, -26.2992038727, 9.30479621887, 0.42004981637, -12.5298566818], [-20.0998859406, 118.566452026, -62.6737556458, 174.495452881, 44.9027442932, 2.66196131706, 7.19344997406, -29.0404319763, 6.28282403946, 10.5955972672, 12.890007019, 56.2829360962, 32.2745628357], [-253.953567505, 60.3815307617, 34.8111152649, 44.9027442932, 147.267059326, 6.27456998825, 11.2937870026, 20.0975036621, -7.64354991913, 13.6431159973, 21.143321991, 9.49507904053, 26.4028663635], [-19.8361663818, 10.4366598129, -8.49664592743, 2.66196131706, 6.27456998825, 88.05052948, 43.5682029724, 12.189699173, -12.5436115265, -1.04518210888, -0.0573009289801, -10.9376020432, 4.72738313675], [-56.7987747192, 56.1771736145, -37.5254516602, 7.19344997406, 11.2937870026, 43.5682029724, 102.818061829, 21.082572937, 9.36871910095, 7.09496164322, 9.02181720734, 3.09935379028, 13.0450019836], [-101.271903992, 61.0154151917, -7.61214160919, -29.0404319763, 20.0975036621, 12.189699173, 21.082572937, 114.26965332, 21.7956447601, 26.855922699, -6.91537618637, -49.1279563904, -6.68774175644], [62.4561195374, -8.35518074036, -16.6288604736, 6.28282403946, -7.64354991913, -12.5436115265, 9.36871910095, 21.7956447601, 87.4551315308, 21.6189994812, -1.22373580933, -6.48888540268, -9.88540935516], [-86.5087432861, 53.4803314209, -26.2992038727, 10.5955972672, 13.6431159973, -1.04518210888, 7.09496164322, 26.855922699, 21.6189994812, 64.193107605, 14.8451738358, -4.86383533478, 2.84068894386], [-72.4543914795, 8.00830173492, 9.30479621887, 12.890007019, 21.143321991, -0.0573009289801, 9.02181720734, -6.91537618637, -1.22373580933, 14.8451738358, 53.9757881165, 32.66954422, 13.1966199875], [19.9822864532, -12.4455423355, 0.42004981637, 56.2829360962, 9.49507904053, -10.9376020432, 3.09935379028, -49.1279563904, -6.48888540268, -4.86383533478, 32.66954422, 100.386512756, 35.3713569641], [-81.1213760376, 31.654838562, -12.5298566818, 32.2745628357, 26.4028663635, 4.72738313675, 13.0450019836, -6.68774175644, -9.88540935516, 2.84068894386, 13.1966199875, 35.3713569641, 63.5873222351]],
