{
"lowlevel": {
    "average_loudness": 0.976265370846,
    "barkbands_crest": {
        "dmean": 3.3239300251,
        "dmean2": 5.23131418228,
        "dvar": 10.1280708313,
        "dvar2": 22.8609142303,
        "max": 22.9587612152,
        "mean": 9.27415180206,
        "median": 8.2258644104,
        "min": 2.74748301506,
        "var": 18.7742805481
    },
    "barkbands_flatness_db": {
        "dmean": 0.0195842217654,
        "dmean2": 0.0302544180304,
        "dvar": 0.00030729683931,
        "dvar2": 0.000699289899785,
        "max": 0.258238434792,
        "mean": 0.135626792908,
        "median": 0.130520924926,
        "min": 0.0593433566391,
        "var": 0.000958011543844
    },
    "barkbands_kurtosis": {
        "dmean": 1.14948952198,
        "dmean2": 1.77606666088,
        "dvar": 3.26722049713,
        "dvar2": 7.1714682579,
        "max": 30.3651123047,
        "mean": 0.257096618414,
        "median": -0.454488277435,
        "min": -1.89811956882,
        "var": 5.76807928085
    },
    "barkbands_skewness": {
        "dmean": 0.43112385273,
        "dmean2": 0.6594581604,
        "dvar": 0.188080087304,
        "dvar2": 0.417273700237,
        "max": 5.4375743866,
        "mean": 0.923750281334,
        "median": 0.825746536255,
        "min": -1.05591392517,
        "var": 0.558354616165
    },
    "barkbands_spread": {
        "dmean": 6.17721271515,
        "dmean2": 9.58025455475,
        "dvar": 44.5956230164,
        "dvar2": 95.5291442871,
        "max": 100.261627197,
        "mean": 35.0546646118,
        "median": 34.2522506714,
        "min": 7.22231864929,
        "var": 130.92477417
    },
    "dissonance": {
        "dmean": 0.0124391838908,
        "dmean2": 0.0205720476806,
        "dvar": 0.00019220726972,
        "dvar2": 0.000508592231199,
        "max": 0.499993234873,
        "mean": 0.477301388979,
        "median": 0.482840627432,
        "min": 0.235248208046,
        "var": 0.00040131516289
    },
    "dynamic_complexity": 1.19477415085,
    "erbbands_crest": {
        "dmean": 1.98493611813,
        "dmean2": 3.13050603867,
        "dvar": 3.85930943489,
        "dvar2": 8.88361549377,
        "max": 27.2078437805,
        "mean": 7.267578125,
        "median": 6.29009723663,
        "min": 2.54897332191,
        "var": 11.062245369
    },
    "erbbands_flatness_db": {
        "dmean": 0.0133260125294,
        "dmean2": 0.0199153572321,
        "dvar": 0.000126171726151,
        "dvar2": 0.000266444083536,
        "max": 0.278524547815,
        "mean": 0.175377115607,
        "median": 0.171220988035,
        "min": 0.108317814767,
        "var": 0.000687305058818
    },
    "erbbands_kurtosis": {
        "dmean": 0.671344518661,
        "dmean2": 1.03743803501,
        "dvar": 0.625798285007,
        "dvar2": 1.34262490273,
        "max": 10.3931341171,
        "mean": 0.24527066946,
        "median": -0.150234222412,
        "min": -1.65177738667,
        "var": 2.03230977058
    },
    "erbbands_skewness": {
        "dmean": 0.28083896637,
        "dmean2": 0.438183695078,
        "dvar": 0.0644049793482,
        "dvar2": 0.142993062735,
        "max": 1.82801628113,
        "mean": -0.41901281476,
        "median": -0.376600891352,
        "min": -2.53553318977,
        "var": 0.298151522875
    },
    "erbbands_spread": {
        "dmean": 6.39703226089,
        "dmean2": 9.9367609024,
        "dvar": 36.8494567871,
        "dvar2": 80.0971984863,
        "max": 90.6679534912,
        "mean": 38.5038223267,
        "median": 36.8988609314,
        "min": 8.46880435944,
        "var": 173.476745605
    },
    "hfc": {
        "dmean": 7.5318236351,
        "dmean2": 11.0949411392,
        "dvar": 44.1099128723,
        "dvar2": 83.4528198242,
        "max": 72.9966812134,
        "mean": 36.4950752258,
        "median": 37.0863800049,
        "min": 1.88059592247,
        "var": 187.2396698
    },
    "melbands_crest": {
        "dmean": 3.29191803932,
        "dmean2": 5.33207416534,
        "dvar": 8.35173130035,
        "dvar2": 20.5340843201,
        "max": 26.843957901,
        "mean": 14.0573730469,
        "median": 13.9695596695,
        "min": 4.42654323578,
        "var": 20.0274105072
    },
    "melbands_flatness_db": {
        "dmean": 0.0251877922565,
        "dmean2": 0.0380078181624,
        "dvar": 0.000579767744057,
        "dvar2": 0.00128466077149,
        "max": 0.31867402792,
        "mean": 0.154260113835,
        "median": 0.147673889995,
        "min": 0.0627642646432,
        "var": 0.00187038688455
    },
    "melbands_kurtosis": {
        "dmean": 4.62372922897,
        "dmean2": 7.05271482468,
        "dvar": 50.0446128845,
        "dvar2": 107.012016296,
        "max": 129.474060059,
        "mean": 7.52634429932,
        "median": 4.40120649338,
        "min": -1.4817391634,
        "var": 107.711936951
    },
    "melbands_skewness": {
        "dmean": 0.67137169838,
        "dmean2": 1.02367591858,
        "dvar": 0.507259368896,
        "dvar2": 1.12241899967,
        "max": 10.2612485886,
        "mean": 2.35077929497,
        "median": 2.10986995697,
        "min": 0.150723934174,
        "var": 1.66291201115
    },
    "melbands_spread": {
        "dmean": 9.40552043915,
        "dmean2": 14.9331607819,
        "dvar": 103.603790283,
        "dvar2": 240.423965454,
        "max": 113.207168579,
        "mean": 36.4672355652,
        "median": 35.2580528259,
        "min": 3.60951328278,
        "var": 259.305877686
    },
    "pitch_salience": {
        "dmean": 0.0861624032259,
        "dmean2": 0.133821338415,
        "dvar": 0.00641417084262,
        "dvar2": 0.0160895567387,
        "max": 0.795057535172,
        "mean": 0.515819191933,
        "median": 0.507083654404,
        "min": 0.153601184487,
        "var": 0.0153484791517
    },
    "silence_rate_20dB": {
        "dmean": 0,
        "dmean2": 0,
        "dvar": 0,
        "dvar2": 0,
        "max": 1,
        "mean": 1,
        "median": 1,
        "min": 1,
        "var": 0
    },
    "silence_rate_30dB": {
        "dmean": 0,
        "dmean2": 0,
        "dvar": 0,
        "dvar2": 0,
        "max": 1,
        "mean": 1,
        "median": 1,
        "min": 1,
        "var": 0
    },
    "silence_rate_60dB": {
        "dmean": 0,
        "dmean2": 0,
        "dvar": 0,
        "dvar2": 0,
        "max": 0,
        "mean": 0,
        "median": 0,
        "min": 0,
        "var": 0
    },
    "spectral_centroid": {
        "dmean": 228.063537598,
        "dmean2": 352.649749756,
        "dvar": 42469.2773438,
        "dvar2": 92514.625,
        "max": 3261.08569336,
        "mean": 2062.77441406,
        "median": 2071.28027344,
        "min": 540.88293457,
        "var": 196428.265625
    },
    "spectral_complexity": {
        "dmean": 5.61550378799,
        "dmean2": 8.30876636505,
        "dvar": 32.0134429932,
        "dvar2": 57.0140075684,
        "max": 59,
        "mean": 32.3129348755,
        "median": 33,
        "min": 5,
        "var": 148.994247437
    },
    "spectral_decrease": {
        "dmean": 3.3290672441e-09,
        "dmean2": 4.99042718261e-09,
        "dvar": 1.29762833629e-17,
        "dvar2": 2.96324484255e-17,
        "max": -1.20189702635e-09,
        "mean": -9.42979916374e-09,
        "median": -8.28640978057e-09,
        "min": -2.79210574661e-08,
        "var": 2.20774240793e-17
    },
    "spectral_energy": {
        "dmean": 0.0129920113832,
        "dmean2": 0.0193917825818,
        "dvar": 0.000191346989595,
        "dvar2": 0.000436119007645,
        "max": 0.109073340893,
        "mean": 0.0389004461467,
        "median": 0.0348756797612,
        "min": 0.00500004552305,
        "var": 0.000334828393534
    },
    "spectral_energyband_high": {
        "dmean": 0.000572161166929,
        "dmean2": 0.000822954811156,
        "dvar": 3.63729668607e-07,
        "dvar2": 7.19605225186e-07,
        "max": 0.0069368397817,
        "mean": 0.00169607356656,
        "median": 0.00133814115543,
        "min": 5.30681936652e-05,
        "var": 1.47745492995e-06
    },
    "spectral_energyband_low": {
        "dmean": 0.0107743777335,
        "dmean2": 0.0162591189146,
        "dvar": 0.000187045399798,
        "dvar2": 0.00043560017366,
        "max": 0.0928333550692,
        "mean": 0.0170619878918,
        "median": 0.0103156268597,
        "min": 7.56357758291e-06,
        "var": 0.000275924016023
    },
    "spectral_energyband_middle_high": {
        "dmean": 0.00257205357775,
        "dmean2": 0.00391097180545,
        "dvar": 5.39236543773e-06,
        "dvar2": 1.21433549793e-05,
        "max": 0.0308050923049,
        "mean": 0.0107547994703,
        "median": 0.0105105536059,
        "min": 0.000370693509467,
        "var": 2.97205879178e-05
    },
    "spectral_energyband_middle_low": {
        "dmean": 0.0036193607375,
        "dmean2": 0.00571699580178,
        "dvar": 1.54932076839e-05,
        "dvar2": 3.54439944203e-05,
        "max": 0.0484757833183,
        "mean": 0.010183759965,
        "median": 0.00938242767006,
        "min": 0.000710793945473,
        "var": 3.48958492395e-05
    },
    "spectral_entropy": {
        "dmean": 0.147371947765,
        "dmean2": 0.197032317519,
        "dvar": 0.0238098260015,
        "dvar2": 0.0398235544562,
        "max": 8.62981700897,
        "mean": 7.70957946777,
        "median": 7.80443382263,
        "min": 6.54635429382,
        "var": 0.105024695396
    },
    "spectral_flux": {
        "dmean": 0.0334810465574,
        "dmean2": 0.0530451089144,
        "dvar": 0.00109235697892,
        "dvar2": 0.00278271501884,
        "max": 0.262457221746,
        "mean": 0.110753588378,
        "median": 0.108764104545,
        "min": 0.0168023109436,
        "var": 0.0019148576539
    },
    "spectral_kurtosis": {
        "dmean": 1.08762967587,
        "dmean2": 1.83635604382,
        "dvar": 0.930898725986,
        "dvar2": 2.74335718155,
        "max": 9.41826248169,
        "mean": 2.10641264915,
        "median": 1.85958719254,
        "min": -1.12197053432,
        "var": 2.03853416443
    },
    "spectral_rms": {
        "dmean": 0.000996466493234,
        "dmean2": 0.00146766169928,
        "dvar": 9.79423020908e-07,
        "dvar2": 2.14784699892e-06,
        "max": 0.0103156678379,
        "mean": 0.00599188590422,
        "median": 0.0058330995962,
        "min": 0.0022086405661,
        "var": 2.04890511668e-06
    },
    "spectral_rolloff": {
        "dmean": 637.917053223,
        "dmean2": 1053.64111328,
        "dvar": 623408.625,
        "dvar2": 1235119,
        "max": 8505.61523438,
        "mean": 2216.28149414,
        "median": 2196.38671875,
        "min": 86.1328125,
        "var": 1366134.75
    },
    "spectral_skewness": {
        "dmean": 0.156267896295,
        "dmean2": 0.257087111473,
        "dvar": 0.0198028422892,
        "dvar2": 0.0475579835474,
        "max": 2.27660179138,
        "mean": 0.929305613041,
        "median": 0.8986068964,
        "min": 0.150714874268,
        "var": 0.0738102123141
    },
    "spectral_spread": {
        "dmean": 363666.8125,
        "dmean2": 523732.90625,
        "dvar": 294015238144,
        "dvar2": 385859649536,
        "max": 19242440,
        "mean": 3903887.75,
        "median": 3725346,
        "min": 2615086.75,
        "var": 1.00247948493e+12
    },
    "spectral_strongpeak": {
        "dmean": 0.568486809731,
        "dmean2": 0.997865259647,
        "dvar": 1.02802491188,
        "dvar2": 2.46004509926,
        "max": 9.12829399109,
        "mean": 0.862135708332,
        "median": 0.487603366375,
        "min": 0.0396778658032,
        "var": 1.42869138718
    },
    "zerocrossingrate": {
        "dmean": 0.0107482438907,
        "dmean2": 0.0128873670474,
        "dvar": 0.000105353014078,
        "dvar2": 0.000155214453116,
        "max": 0.2080078125,
        "mean": 0.0724955797195,
        "median": 0.06982421875,
        "min": 0.00634765625,
        "var": 0.000595129211433
    },
    "barkbands": {
        "dmean": [0.000247324001975, 0.00964212883264, 0.00320465280674, 0.00076057750266, 0.00198170309886, 0.00107543484773, 0.000746084260754, 0.000543548550922, 0.00103500531986, 0.000785232579801, 0.000613302283455, 0.000526943011209, 0.000532791775186, 0.000644760963041, 0.000569811614696, 0.000394054077333, 0.0004787829821, 0.000554646190722, 0.000374363793526, 0.000258231040789, 0.000167070174939, 0.000166480836924, 0.000154429784743, 0.000115489485324, 2.79680498352e-05, 3.74203743547e-08, 1.85932211849e-08],
        "dmean2": [0.000450153194834, 0.0142313959077, 0.00571863539517, 0.00132894865237, 0.00314369564876, 0.00180986465421, 0.00119611667469, 0.00087810237892, 0.00161892804317, 0.00129566853866, 0.00098084739875, 0.000813783379272, 0.000818971078843, 0.00101462518796, 0.000906748929992, 0.000609983224422, 0.000756946159527, 0.000885862740688, 0.00059281376889, 0.000409412983572, 0.000261808861978, 0.000255477207247, 0.00023738744494, 0.000169291044585, 4.21113218181e-05, 5.74156047151e-08, 3.12661825319e-08],
        "dvar": [1.02153407511e-07, 0.000174459579284, 1.76474313776e-05, 8.85990004917e-07, 8.85644567461e-06, 1.88390924905e-06, 2.20079755309e-06, 1.38308519126e-06, 2.56996304415e-06, 1.82418193617e-06, 9.90202011053e-07, 8.5128738192e-07, 9.5616053386e-07, 1.07101402591e-06, 8.59479769133e-07, 2.89296536948e-07, 3.04117435235e-07, 3.24055605461e-07, 1.62660185765e-07, 7.85302631812e-08, 2.90271540138e-08, 3.40419781253e-08, 3.78852895722e-08, 2.87062924542e-08, 4.3236894065e-09, 1.49731166051e-14, 1.3997364296e-14],
        "dvar2": [3.07849944647e-07, 0.000402560661314, 5.10435456818e-05, 2.49346453529e-06, 2.12144968827e-05, 4.91812215841e-06, 5.09416486238e-06, 2.98915483654e-06, 5.93254662817e-06, 4.79098071082e-06, 2.24490418077e-06, 1.98409406948e-06, 1.88347848962e-06, 2.34651247411e-06, 1.96589121515e-06, 6.43976761694e-07, 6.96059771599e-07, 8.26851874081e-07, 4.04014855349e-07, 1.87754991998e-07, 6.87763446194e-08, 7.92886964973e-08, 8.02183066639e-08, 5.24614307551e-08, 9.47462286405e-09, 1.99391572724e-14, 1.75992694132e-14],
        "max": [0.00305338273756, 0.0752552896738, 0.0326718017459, 0.00919792428613, 0.0414891019464, 0.0160808227956, 0.0205847937614, 0.0134508991614, 0.0170821025968, 0.0171517636627, 0.0197904203087, 0.0140156131238, 0.015891129151, 0.0179415848106, 0.0167455859482, 0.00801510363817, 0.00811472069472, 0.00622608605772, 0.00533985253423, 0.00373008777387, 0.0018643012736, 0.00182235531975, 0.00322455074638, 0.00315244775265, 0.00151444994844, 3.88664238926e-06, 3.99400369133e-06],
        "mean": [0.000252620055107, 0.0114171765745, 0.00476407865062, 0.00111990456935, 0.00314094009809, 0.00192189123482, 0.00127816444729, 0.00072874315083, 0.00169399869628, 0.00123008654919, 0.00108621560503, 0.000908783462364, 0.00089818314882, 0.00110493262764, 0.00111457356252, 0.000797715154476, 0.00101953325793, 0.00132591451984, 0.000950191228185, 0.000723577279132, 0.000453121203464, 0.00036649251706, 0.000320157851093, 0.000237028463744, 4.63789074274e-05, 5.14591746992e-08, 1.41589442393e-08],
        "median": [0.000117835974379, 0.00326397363096, 0.00385599141009, 0.000844286230858, 0.0016969840508, 0.00117252313066, 0.000373105285689, 0.000246355630225, 0.0010338810971, 0.000446507852757, 0.000509920180775, 0.00040526711382, 0.000386569474358, 0.000601456966251, 0.000634290568996, 0.000544042151887, 0.000814058759715, 0.00117542187218, 0.000802319904324, 0.000634716823697, 0.000387574284105, 0.000285327871097, 0.000229200493777, 0.000153029322973, 2.15883683268e-05, 2.12714752479e-08, 9.3216034891e-10],
        "min": [8.09077818076e-08, 1.79424785074e-06, 1.72925975761e-08, 1.00302408157e-07, 2.62583580479e-06, 6.83255029799e-06, 5.25245513927e-06, 2.90525235869e-06, 5.08075299877e-06, 8.60982936501e-07, 1.66948052538e-06, 4.29858664575e-06, 3.42791190633e-06, 1.0945318536e-05, 3.75133822672e-06, 4.23265419158e-06, 4.05398395742e-06, 1.73184685082e-06, 6.34080242889e-06, 1.26551174162e-06, 1.57947306434e-05, 2.22113180826e-06, 1.10852770376e-05, 7.62533727539e-06, 9.64629066402e-07, 3.50311751829e-10, 8.63319398609e-12],
        "var": [1.29742232957e-07, 0.000237688291236, 1.81057021109e-05, 1.16991043342e-06, 1.34797783176e-05, 4.8252736633e-06, 5.04283798364e-06, 2.18174000111e-06, 4.59272450826e-06, 3.53524342245e-06, 3.12020733872e-06, 2.12757549889e-06, 2.51512938121e-06, 2.02783576242e-06, 2.56678208643e-06, 7.46204420921e-07, 8.30194835544e-07, 8.4702253389e-07, 4.22959601565e-07, 2.5575957352e-07, 8.95777176879e-08, 8.76592594068e-08, 1.10299502865e-07, 1.00696048833e-07, 1.08885016559e-08, 2.02732880532e-14, 1.39571446306e-14]
    },
    "erbbands": {
        "dmean": [0.201554059982, 2.42923998833, 3.86255192757, 2.75461316109, 4.38456296921, 8.15143108368, 6.85646343231, 8.22823047638, 8.92775726318, 12.4743432999, 13.467297554, 19.6663799286, 26.1791095734, 22.2036304474, 19.8256855011, 18.8243293762, 21.8924980164, 29.2324581146, 25.563911438, 29.9727401733, 21.8459224701, 26.5928993225, 28.9536457062, 22.6295318604, 16.1241474152, 11.3882246017, 7.52864408493, 6.4330072403, 5.77256441116, 5.42329072952, 4.46599721909, 3.17431330681, 1.57417476177, 0.564046442509, 0.0365870594978, 0.00164604722522, 0.000112690169772, 2.27083182835e-05, 1.03118964034e-05, 1.50968080561e-05],
        "dmean2": [0.303752362728, 3.61596393585, 6.78745794296, 4.83368110657, 7.07037067413, 13.2689580917, 11.4325723648, 13.6774749756, 14.0974779129, 19.327753067, 21.2140731812, 30.5934295654, 42.6090240479, 35.5274887085, 31.2881679535, 29.4145259857, 33.4828605652, 44.7293357849, 40.2354011536, 48.1960792542, 33.4041213989, 41.6147155762, 46.0922355652, 36.4197731018, 25.6162109375, 17.7342796326, 12.0418977737, 9.99425029755, 8.73563289642, 8.24611663818, 7.01266956329, 4.96072435379, 2.23904299736, 0.836383640766, 0.0549975223839, 0.00244337506592, 0.000164185737958, 3.37490964739e-05, 1.48380222527e-05, 2.22706185014e-05],
        "dvar": [0.0741318315268, 11.3007974625, 26.1810894012, 11.0827598572, 32.5644760132, 223.043701172, 76.1965866089, 136.100524902, 282.856079102, 842.192260742, 777.451904297, 1027.86303711, 1743.55273438, 1277.19384766, 1085.1270752, 1027.84228516, 1154.64428711, 2874.40673828, 1807.12207031, 2038.21203613, 921.116760254, 991.151428223, 858.251831055, 607.354736328, 281.011688232, 153.270004272, 65.3757476807, 46.2315635681, 42.6394500732, 39.9218215942, 35.2226448059, 19.1359500885, 6.62061309814, 1.65901744366, 0.026615364477, 4.40414150944e-05, 1.02246055178e-07, 5.75021097404e-09, 3.30153043793e-10, 2.39501890542e-10],
        "dvar2": [0.153372108936, 26.5473117828, 72.9516220093, 31.0150680542, 73.6941833496, 561.298400879, 203.718505859, 336.776580811, 701.481201172, 1699.26062012, 1658.39318848, 2193.05419922, 4598.35205078, 3102.55151367, 2453.54614258, 2384.8828125, 2533.21166992, 5793.81835938, 4154.05175781, 4866.16162109, 2069.59179688, 2304.03125, 2240.17382812, 1495.12341309, 680.149902344, 349.699829102, 160.072692871, 109.023658752, 101.255813599, 89.5112609863, 78.549987793, 41.7890930176, 11.7938508987, 3.62869024277, 0.0650682374835, 0.000104752376501, 1.79626781005e-07, 7.19019288553e-09, 4.84279283341e-10, 5.42859091013e-10],
        "max": [2.2420668602, 19.8590068817, 42.1323623657, 26.9898414612, 45.7289466858, 224.598480225, 90.3115768433, 151.644683838, 310.247009277, 385.889373779, 386.65322876, 463.603729248, 508.624206543, 604.587158203, 518.590820312, 556.063110352, 661.919677734, 1027.1706543, 785.199279785, 694.882385254, 503.818878174, 473.241363525, 349.207427979, 267.129486084, 246.467727661, 166.960250854, 86.333366394, 68.2000427246, 78.0067214966, 90.0228652954, 120.183448792, 75.4639892578, 48.7471351624, 31.1342945099, 3.2421836853, 0.13839417696, 0.00722311763093, 0.00251422822475, 0.000570076226722, 0.000124978454551],
        "mean": [0.256734609604, 2.83634400368, 5.67657423019, 4.99890375137, 7.25142383575, 11.7756500244, 11.0970678329, 15.5643157959, 14.5838422775, 21.74725914, 21.1455364227, 33.1417503357, 42.221824646, 43.3220024109, 34.6918334961, 35.8742370605, 41.4658660889, 53.3232765198, 51.6203536987, 57.6057319641, 48.8371124268, 62.1008720398, 71.102684021, 60.3604888916, 44.760219574, 31.369556427, 20.5238704681, 16.4432964325, 13.2933664322, 11.4093885422, 8.81990432739, 5.88067626953, 3.41737341881, 1.03047001362, 0.0549392215908, 0.00263416045345, 0.000219040579395, 4.4999011152e-05, 3.17738813465e-05, 5.00059250044e-05],
        "median": [0.0623203739524, 0.903980731964, 4.67884635925, 3.93412566185, 3.42194008827, 6.49155282974, 7.48638391495, 9.21465396881, 6.18711948395, 5.06467723846, 10.4335374832, 19.9468803406, 21.6329345703, 19.4110927582, 18.8359947205, 16.3070583344, 20.2700500488, 27.9621677399, 29.648859024, 37.1938514709, 34.528881073, 50.2598571777, 62.9979095459, 54.4115180969, 39.5317802429, 27.184047699, 17.7860393524, 13.3531885147, 10.4486694336, 8.37329673767, 6.07035255432, 3.76267695427, 2.29060840607, 0.520856678486, 0.0166516005993, 0.000975859933533, 0.000125498496345, 2.80946442217e-05, 2.78675779555e-05, 4.65793564217e-05],
        "min": [8.57308114064e-05, 0.000478364090668, 0.000745516677853, 0.00130138196982, 0.009645761922, 0.0812334790826, 0.0722212642431, 0.0632726624608, 0.11246099323, 0.205392763019, 0.0742289349437, 0.132142499089, 0.403428971767, 0.150356426835, 0.140537366271, 0.231088832021, 0.306890279055, 0.846860945225, 0.431778460741, 0.627541840076, 0.732101857662, 0.361114054918, 0.359818667173, 0.210893467069, 0.848489940166, 0.186359837651, 0.334019809961, 0.44431450963, 0.227877020836, 0.22255627811, 0.233029544353, 0.166678994894, 0.116557247937, 0.0203607529402, 0.000568489544094, 4.74051121273e-05, 1.03024094642e-05, 2.42007331508e-06, 3.1289225717e-06, 6.10771576248e-06],
        "var": [0.116428352892, 14.6362133026, 24.8619270325, 15.0066509247, 70.8418655396, 291.470031738, 136.91885376, 414.745727539, 429.689086914, 2308.84692383, 1368.47277832, 1993.03662109, 3164.56469727, 4427.10205078, 2099.68554688, 2977.6081543, 3865.77539062, 5937.46142578, 4100.34277344, 4422.13183594, 2461.11376953, 2761.8671875, 2393.42285156, 1477.89819336, 833.154724121, 480.972900391, 188.510910034, 140.079742432, 108.495857239, 112.267463684, 92.4117965698, 50.4140129089, 24.1511077881, 4.4447684288, 0.0484009422362, 8.50727010402e-05, 2.05370241702e-07, 7.73775710172e-09, 4.95138208212e-10, 4.5151393735e-10]
    },
    "gfcc": {
        "mean": [32.4733200073, 107.410339355, -160.727676392, 77.0797958374, -67.28465271, 25.7824115753, -30.8573894501, 3.09725093842, -5.13552808762, -21.4505195618, 5.47282075882, -18.5239925385, 5.56719684601],
        "cov": [[963.911437988, 38.2166557312, -28.0226078033, 8.65543174744, -89.0368423462, 23.916557312, 18.2982139587, 21.5170650482, 45.0532112122, -7.50928878784, 29.6130752563, 48.2981376648, -22.6693286896], [38.2166557312, 410.761688232, -28.4351615906, -35.2259674072, 110.966941833, -22.2154159546, 99.6088180542, -47.4548301697, 21.7154273987, -51.6980667114, 34.7815666199, -7.19955873489, 26.4690132141], [-28.0226078033, -28.4351615906, 405.446685791, 229.565994263, 87.7146911621, 112.884460449, 5.87942123413, 85.7351226807, 13.1472702026, 21.2691898346, -46.2338294983, -26.8269443512, -27.4640445709], [8.65543174744, -35.2259674072, 229.565994263, 335.839233398, 147.157485962, 29.7130355835, 37.2770385742, 60.3029670715, 36.0078392029, -9.93205547333, -43.9336166382, -20.2698764801, -0.603545665741], [-89.0368423462, 110.966941833, 87.7146911621, 147.157485962, 221.354705811, 74.4785842896, 79.6566467285, 19.9389877319, 15.7503843307, -18.2424411774, -15.2026166916, -16.2305450439, 13.319726944], [23.916557312, -22.2154159546, 112.884460449, 29.7130355835, 74.4785842896, 183.545837402, 90.4946136475, 31.1853923798, -12.6058225632, -5.63284778595, -5.56160736084, -2.30279779434, -12.9620609283], [18.2982139587, 99.6088180542, 5.87942123413, 37.2770385742, 79.6566467285, 90.4946136475, 181.423751831, 41.4367179871, 15.2552404404, -24.9509811401, 16.2472572327, -1.39083242416, 7.0625], [21.5170650482, -47.4548301697, 85.7351226807, 60.3029670715, 19.9389877319, 31.1853923798, 41.4367179871, 115.286056519, 57.1557235718, 40.1478652954, -8.02985286713, -14.8273773193, -14.8631801605], [45.0532112122, 21.7154273987, 13.1472702026, 36.0078392029, 15.7503843307, -12.6058225632, 15.2552404404, 57.1557235718, 116.365791321, 51.9181213379, 16.3357162476, -6.83407306671, 3.58614563942], [-7.50928878784, -51.6980667114, 21.2691898346, -9.93205547333, -18.2424411774, -5.63284778595, -24.9509811401, 40.1478652954, 51.9181213379, 100.619766235, 35.2420768738, -2.78300070763, -15.2018785477], [29.6130752563, 34.7815666199, -46.2338294983, -43.9336166382, -15.2026166916, -5.56160736084, 16.2472572327, -8.02985286713, 16.3357162476, 35.2420768738, 84.1106338501, 41.7845115662, 1.14947211742], [48.2981376648, -7.19955873489, -26.8269443512, -20.2698764801, -16.2305450439, -2.30279779434, -1.39083242416, -14.8273773193, -6.83407306671, -2.78300070763, 41.7845115662, 71.3343582153, 36.5322380066], [-22.6693286896, 26.4690132141, -27.4640445709, -0.603545665741, 13.319726944, -12.9620609283, 7.0625, -14.8631801605, 3.58614563942, -15.2018785477, 1.14947211742, 36.5322380066, 80.1989517212]],
        "icov": [[0.00168493750971, -0.00217222096398, 0.00209333235398, -0.00263738492504, 0.00298233237118, -0.00305007398129, 0.00173024798278, -0.00148782122415, -3.31848204951e-05, -0.000680565543007, 0.00160335563123, -0.00280694547109, 0.00160194025375], [-0.00217222096398, 0.0124675547704, -0.00954771973193, 0.0115033555776, -0.0114482082427, 0.0132789919153, -0.00982909183949, 0.0087480917573, -0.00569351948798, 0.00765956426039, -0.00812868960202, 0.00801385380328, -0.00320494291373], [0.00209333235398, -0.00954771973193, 0.0143372882158, -0.0137161267921, 0.0101689519361, -0.0153458043933, 0.0108397696167, -0.00984260905534, 0.00552258780226, -0.00620406260714, 0.00586671289057, -0.00534824933857, 0.0025307959877], [-0.00263738492504, 0.0115033555776, -0.0137161267921, 0.0193180870265, -0.0154555086046, 0.0169725716114, -0.0110628120601, 0.00814947206527, -0.00654878374189, 0.00740618351847, -0.00423529418185, 0.00481925997883, -0.00173702475149], [0.00298233237118, -0.0114482082427, 0.0101689519361, -0.0154555086046, 0.0201655868441, -0.0162137132138, 0.00788631848991, -0.00667622173205, 0.00399514427409, -0.00595967005938, 0.00545808626339, -0.00429368764162, 0.000655260111671], [-0.00305007398129, 0.0132789919153, -0.0153458043933, 0.0169725716114, -0.0162137132138, 0.0273191537708, -0.0175258982927, 0.01076515764, -0.00411854824051, 0.00499762548134, -0.0038305001799, 0.00370632391423, -0.000227402138989], [0.00173024798278, -0.00982909183949, 0.0108397696167, -0.0110628120601, 0.00788631848991, -0.0175258982927, 0.0214614886791, -0.0140970293432, 0.00421912642196, 0.00199577398598, -0.00363444210961, 0.000822464295197, -0.00141593557782], [-0.00148782122415, 0.0087480917573, -0.00984260905534, 0.00814947206527, -0.00667622173205, 0.01076515764, -0.0140970293432, 0.0255001857877, -0.0104963546619, -0.00243785395287, 0.00330904265866, 0.000278969964711, 0.00203174864873], [-3.31848204951e-05, -0.00569351948798, 0.00552258780226, -0.00654878374189, 0.00399514427409, -0.00411854824051, 0.00421912642196, -0.0104963546619, 0.0189855527133, -0.0093414504081, 0.000269659474725, 0.00123499031179, -0.00312043586746], [-0.000680565543007, 0.00765956426039, -0.00620406260714, 0.00740618351847, -0.00595967005938, 0.00499762548134, 0.00199577398598, -0.00243785395287, -0.0093414504081, 0.0283673871309, -0.0205452665687, 0.0134651791304, -0.0036635894794], [0.00160335563123, -0.00812868960202, 0.00586671289057, -0.00423529418185, 0.00545808626339, -0.0038305001799, -0.00363444210961, 0.00330904265866, 0.000269659474725, -0.0205452665687, 0.041546177119, -0.0316796973348, 0.0144497267902], [-0.00280694547109, 0.00801385380328, -0.00534824933857, 0.00481925997883, -0.00429368764162, 0.00370632391423, 0.000822464295197, 0.000278969964711, 0.00123499031179, 0.0134651791304, -0.0316796973348, 0.0456626825035, -0.0217912346125], [0.00160194025375, -0.00320494291373, 0.0025307959877, -0.00173702475149, 0.000655260111671, -0.000227402138989, -0.00141593557782, 0.00203174864873, -0.00312043586746, -0.0036635894794, 0.0144497267902, -0.0217912346125, 0.024353146553]]
    },
    "melbands": {
        "dmean": [0.00237746397033, 0.00230339146219, 0.000463280157419, 0.000493032799568, 0.000240359193413, 0.000189996877452, 0.000141035445267, 0.00013014592696, 0.000125644990476, 0.000132497196319, 0.000135942624183, 9.48351080297e-05, 8.15099119791e-05, 4.61180061393e-05, 6.40373036731e-05, 5.24586139363e-05, 5.70607408008e-05, 4.74628104712e-05, 4.52305066574e-05, 3.16947407555e-05, 2.73635359918e-05, 3.10777213599e-05, 2.84962243313e-05, 2.97976639558e-05, 1.97969256988e-05, 1.42354874697e-05, 1.21569537441e-05, 7.74466752773e-06, 5.88296825299e-06, 4.35765059592e-06, 3.7080446873e-06, 3.40215706274e-06, 3.93600203097e-06, 3.01250770463e-06, 2.86926251647e-06, 2.38640905081e-06, 1.86351019238e-06, 1.30973205614e-06, 8.02957742962e-07, 3.75457290147e-07],
        "dmean2": [0.00348671921529, 0.00369002739899, 0.000811001169495, 0.000788435805589, 0.000398208328988, 0.000317826925311, 0.000222085887799, 0.000202850744245, 0.000197725457838, 0.000205489792279, 0.000221007590881, 0.000151834421558, 0.000129334584926, 7.03168334439e-05, 0.000100236356957, 7.98205655883e-05, 8.85789995664e-05, 7.51278639655e-05, 7.35796129447e-05, 5.13668528583e-05, 4.2592841055e-05, 4.98362387589e-05, 4.57031674159e-05, 4.71351704618e-05, 3.18774800689e-05, 2.28993139899e-05, 1.94889526028e-05, 1.19926426123e-05, 9.48012075241e-06, 6.9530788096e-06, 5.7759111769e-06, 5.23143171449e-06, 6.28070347375e-06, 4.60912269773e-06, 4.48676519227e-06, 3.80467486139e-06, 2.89519175567e-06, 1.90772334463e-06, 1.15907062082e-06, 5.86462476804e-07],
        "dvar": [1.03456613942e-05, 9.09006757865e-06, 2.81122254364e-07, 5.86970088534e-07, 1.01768854677e-07, 6.58844498957e-08, 6.70870790032e-08, 8.54247801385e-08, 6.88164334406e-08, 4.55639685981e-08, 4.64222509322e-08, 2.40966482323e-08, 1.84694748384e-08, 7.81223263857e-09, 1.29662653947e-08, 1.06419077994e-08, 1.04922879274e-08, 6.4844725145e-09, 6.76031097768e-09, 2.00858818467e-09, 1.43499256922e-09, 1.42173572915e-09, 1.06981246084e-09, 1.01392527707e-09, 4.99899899253e-10, 2.04637209955e-10, 2.0567403336e-10, 7.99655897055e-11, 3.96364191468e-11, 2.32290141983e-11, 1.5069384976e-11, 1.6888214785e-11, 2.03776630986e-11, 1.50104668278e-11, 1.47593586658e-11, 9.52898350504e-12, 7.60165454888e-12, 5.17858325666e-12, 1.70381005311e-12, 1.35382677291e-12],
        "dvar2": [2.26163392654e-05, 2.34851577261e-05, 7.98656344614e-07, 1.40424185702e-06, 2.60597971646e-07, 1.64646891676e-07, 1.65256508922e-07, 1.72688785938e-07, 1.4809567972e-07, 9.99752103326e-08, 1.21938867892e-07, 5.92903290908e-08, 4.32268763007e-08, 1.78570083165e-08, 2.79973324524e-08, 2.09013855113e-08, 2.18071445346e-08, 1.51538301907e-08, 1.60643196523e-08, 4.68745264826e-09, 3.19647064373e-09, 3.36302607984e-09, 2.64826383045e-09, 2.49430720523e-09, 1.2716827591e-09, 5.21377607754e-10, 4.81266249075e-10, 1.73823233585e-10, 1.02991143391e-10, 5.89016196928e-11, 3.50569434593e-11, 4.09774748855e-11, 5.02657880597e-11, 3.3363180274e-11, 3.35708821853e-11, 2.3317419176e-11, 1.5471015094e-11, 9.66363794541e-12, 3.40532701863e-12, 3.18790805386e-12],
        "max": [0.0178881548345, 0.0206473935395, 0.00419374275953, 0.0103515852243, 0.00358845107257, 0.00347850169055, 0.00447187572718, 0.00403369730338, 0.00398080749437, 0.00318584102206, 0.0025907093659, 0.00222178222612, 0.00235090381466, 0.00178640999366, 0.00272352714092, 0.00170364638325, 0.00175765808672, 0.00138149445411, 0.00177214806899, 0.000586088688578, 0.00058429146884, 0.000568481278606, 0.000418745650677, 0.000429152743891, 0.000253517297097, 0.000166908459505, 0.000186162418686, 0.000145197249367, 6.74953553244e-05, 5.2468454669e-05, 4.06794970331e-05, 4.7711408115e-05, 4.32889864896e-05, 6.59985817038e-05, 7.80996269896e-05, 5.72839562665e-05, 5.6468474213e-05, 4.14461974287e-05, 2.13034272747e-05, 3.115495565e-05],
        "mean": [0.00289531587623, 0.00336432666518, 0.000902647851035, 0.000763302086852, 0.000402031815611, 0.000359835714335, 0.000231854079175, 0.000217095439439, 0.000194448177353, 0.000215797525016, 0.000213387276744, 0.000176872388693, 0.000137463503052, 8.00060879556e-05, 0.000112449139124, 9.21518585528e-05, 9.89199761534e-05, 8.27072653919e-05, 8.70578733156e-05, 5.96002646489e-05, 5.40650762559e-05, 6.44409519737e-05, 5.9350481024e-05, 6.72743917676e-05, 4.69237602374e-05, 3.51066519215e-05, 2.98847262457e-05, 1.82607473107e-05, 1.37931283462e-05, 1.02322264866e-05, 8.90178489499e-06, 7.39470351618e-06, 7.22865888747e-06, 6.08181790085e-06, 5.32049989488e-06, 4.16286638938e-06, 3.36226412401e-06, 2.69092197414e-06, 1.58453826771e-06, 5.648553838e-07],
        "median": [0.000721715856344, 0.00237796828151, 0.000762817566283, 0.00038812708226, 0.000274551246548, 0.000234286548221, 8.71491574799e-05, 4.69938568131e-05, 9.23829356907e-05, 0.000129659645609, 0.000103767182736, 7.10842359695e-05, 6.96880670148e-05, 3.04710483761e-05, 5.26554795215e-05, 3.85640159948e-05, 4.59904113086e-05, 4.16042857978e-05, 5.01745416841e-05, 4.01801116823e-05, 3.70713460143e-05, 4.81092574773e-05, 4.90608872497e-05, 5.55910155526e-05, 4.13448069594e-05, 3.04399382003e-05, 2.49205259024e-05, 1.49687484736e-05, 1.14150061563e-05, 8.6728396127e-06, 7.09943378752e-06, 5.70435031477e-06, 5.20104413226e-06, 4.32237811765e-06, 3.57865178557e-06, 2.81714596895e-06, 2.06365029953e-06, 1.73416617599e-06, 9.6885230505e-07, 2.04889161637e-07],
        "min": [1.14873864732e-06, 4.62774551124e-07, 1.95072829001e-07, 5.78317838063e-07, 2.29341571867e-06, 1.53180258167e-06, 1.46622562625e-06, 7.18525200227e-07, 3.02088835724e-07, 5.85027976285e-07, 6.24918300218e-07, 2.25027392275e-07, 3.91855678572e-07, 5.45379748473e-07, 3.69440812165e-07, 5.01040574363e-07, 9.45301280808e-07, 1.9183764266e-07, 2.22379341608e-07, 8.33719468574e-07, 3.76698238824e-07, 1.92623133444e-07, 1.59444169867e-07, 1.23247360762e-07, 6.730932256e-08, 4.59094650296e-07, 1.48286432022e-07, 2.02287608886e-08, 9.25599081825e-08, 1.06088961616e-07, 3.12850914952e-07, 2.89592669844e-08, 5.37362012665e-08, 1.68804419332e-07, 1.16565807673e-07, 7.8519768465e-08, 7.2859720035e-08, 6.37392574276e-08, 4.6673680032e-08, 5.13975839667e-09],
        "var": [1.5146270016e-05, 1.05960389192e-05, 4.13339535044e-07, 8.47969829465e-07, 1.73518628799e-07, 1.94195337144e-07, 1.15489243058e-07, 2.17948624481e-07, 1.2135907923e-07, 8.51078567621e-08, 8.52429025144e-08, 7.23627024968e-08, 3.62277781107e-08, 2.1142659179e-08, 4.47448336161e-08, 2.86347479062e-08, 2.10876081042e-08, 1.27517409965e-08, 2.02754080192e-08, 4.20492085595e-09, 3.75273279118e-09, 3.84168341583e-09, 2.4837207846e-09, 2.60051735701e-09, 1.11685261039e-09, 5.20034237894e-10, 6.17218720578e-10, 2.47904113904e-10, 1.04607732199e-10, 5.48772242925e-11, 4.6208491894e-11, 3.76924810808e-11, 4.11764684849e-11, 3.87984575023e-11, 3.69481112372e-11, 1.97887643771e-11, 2.12580751613e-11, 1.68234662312e-11, 5.33606405589e-12, 2.92261635899e-12]
    },
    "mfcc": {
        "mean": [-576.75769043, 92.1290283203, -10.0656509399, 34.1405754089, 7.56186914444, 10.1059017181, 2.15375137329, 14.2983102798, -1.50618124008, 6.83099651337, -2.12968373299, -0.969150424004, -6.29745483398],
        "cov": [[1164.36340332, -4.24793386459, -81.2209014893, -49.0203361511, -125.354393005, -32.0604171753, -77.5755386353, 42.6848068237, -52.8648147583, 7.89042234421, -4.9456782341, 36.1763801575, -5.20212650299], [-4.24793386459, 404.320953369, -109.743156433, -36.2716674805, -17.5339279175, 28.476102829, 38.5353050232, 22.0290126801, -10.8454933167, -25.5997905731, 5.45804262161, 1.60548639297, -24.9824905396], [-81.2209014893, -109.743156433, 358.619293213, 95.9122085571, 99.736076355, 41.1071929932, 33.4385948181, 33.6857452393, 51.550907135, 50.0057792664, 25.8620700836, 11.0370416641, 10.3405723572], [-49.0203361511, -36.2716674805, 95.9122085571, 311.748199463, 131.083526611, 25.5267658234, 16.6231136322, 33.5310821533, 73.4860916138, 28.1053390503, -20.3440990448, 7.49459695816, 25.625169754], [-125.354393005, -17.5339279175, 99.736076355, 131.083526611, 186.177780151, 60.9083328247, 17.6750602722, 16.9423389435, 54.1193008423, 18.616891861, 1.6576372385, -3.0577609539, 11.8572216034], [-32.0604171753, 28.476102829, 41.1071929932, 25.5267658234, 60.9083328247, 142.11946106, 91.5194015503, 61.5332717896, 21.0910549164, 10.4419765472, -9.50649452209, -8.96992397308, -15.6501922607], [-77.5755386353, 38.5353050232, 33.4385948181, 16.6231136322, 17.6750602722, 91.5194015503, 161.823516846, 80.7835083008, 24.141374588, -0.405154258013, 13.2526855469, -0.767924726009, -7.21887254715], [42.6848068237, 22.0290126801, 33.6857452393, 33.5310821533, 16.9423389435, 61.5332717896, 80.7835083008, 129.308746338, 45.7475090027, 21.940032959, -10.6471338272, -2.95396494865, -4.53560447693], [-52.8648147583, -10.8454933167, 51.550907135, 73.4860916138, 54.1193008423, 21.0910549164, 24.141374588, 45.7475090027, 111.010559082, 55.6447677612, 6.51861810684, -8.38303470612, 20.0862350464], [7.89042234421, -25.5997905731, 50.0057792664, 28.1053390503, 18.616891861, 10.4419765472, -0.405154258013, 21.940032959, 55.6447677612, 103.178024292, 40.8352775574, 11.7275037766, -12.5007247925], [-4.9456782341, 5.45804262161, 25.8620700836, -20.3440990448, 1.6576372385, -9.50649452209, 13.2526855469, -10.6471338272, 6.51861810684, 40.8352775574, 95.6399459839, 51.7377738953, 6.81666278839], [36.1763801575, 1.60548639297, 11.0370416641, 7.49459695816, -3.0577609539, -8.96992397308, -0.767924726009, -2.95396494865, -8.38303470612, 11.7275037766, 51.7377738953, 92.1897201538, 47.5646781921], [-5.20212650299, -24.9824905396, 10.3405723572, 25.625169754, 11.8572216034, -15.6501922607, -7.21887254715, -4.53560447693, 20.0862350464, -12.5007247925, 6.81666278839, 47.5646781921, 116.554374695]],
