{
"lowlevel": {
    "average_loudness": 0.96148109436,
    "barkbands_crest": {
        "dmean": 2.95318889618,
        "dmean2": 4.9139213562,
        "dvar": 10.3103046417,
        "dvar2": 26.1611633301,
        "max": 24.4042854309,
        "mean": 8.41652965546,
        "median": 7.32655286789,
        "min": 2.77388620377,
        "var": 14.5658502579
    },
    "barkbands_flatness_db": {
        "dmean": 0.0193995311856,
        "dmean2": 0.0316721051931,
        "dvar": 0.000356836098945,
        "dvar2": 0.000954627408646,
        "max": 0.212147414684,
        "mean": 0.0970537438989,
        "median": 0.0937561243773,
        "min": 0.035998698324,
        "var": 0.000864828994963
    },
    "barkbands_kurtosis": {
        "dmean": 1.70393013954,
        "dmean2": 2.84274888039,
        "dvar": 8.51434707642,
        "dvar2": 23.0390739441,
        "max": 35.0552482605,
        "mean": 0.864512264729,
        "median": -0.195968389511,
        "min": -1.74245619774,
        "var": 10.855050087
    },
    "barkbands_skewness": {
        "dmean": 0.507002472878,
        "dmean2": 0.795086681843,
        "dvar": 0.305527955294,
        "dvar2": 0.794719040394,
        "max": 5.78361272812,
        "mean": 1.13037455082,
        "median": 1.01478123665,
        "min": -0.520540714264,
        "var": 0.703334927559
    },
    "barkbands_spread": {
        "dmean": 6.95170021057,
        "dmean2": 11.101067543,
        "dvar": 48.4016532898,
        "dvar2": 127.662231445,
        "max": 84.2079391479,
        "mean": 35.3917274475,
        "median": 34.6595191956,
        "min": 6.22985744476,
        "var": 139.86932373
    },
    "dissonance": {
        "dmean": 0.0110799176618,
        "dmean2": 0.0185969714075,
        "dvar": 0.000101560894109,
        "dvar2": 0.000275841652183,
        "max": 0.5,
        "mean": 0.480876743793,
        "median": 0.48408088088,
        "min": 0.398066341877,
        "var": 0.000197941422812
    },
    "dynamic_complexity": 2.87941861153,
    "erbbands_crest": {
        "dmean": 2.2469265461,
        "dmean2": 3.68802714348,
        "dvar": 4.84784650803,
        "dvar2": 12.2718362808,
        "max": 25.8215904236,
        "mean": 7.29779577255,
        "median": 6.27530765533,
        "min": 2.42934989929,
        "var": 13.0640468597
    },
    "erbbands_flatness_db": {
        "dmean": 0.0146351996809,
        "dmean2": 0.0210268199444,
        "dvar": 0.000181832772796,
        "dvar2": 0.000354011222953,
        "max": 0.233803570271,
        "mean": 0.130061358213,
        "median": 0.125550895929,
        "min": 0.0625222474337,
        "var": 0.000978494877927
    },
    "erbbands_kurtosis": {
        "dmean": 0.651939570904,
        "dmean2": 1.02911245823,
        "dvar": 0.599696099758,
        "dvar2": 1.45977735519,
        "max": 8.26854991913,
        "mean": 0.00412436574697,
        "median": -0.233268737793,
        "min": -1.62462711334,
        "var": 1.35380983353
    },
    "erbbands_skewness": {
        "dmean": 0.294069379568,
        "dmean2": 0.4604626894,
        "dvar": 0.0712852776051,
        "dvar2": 0.162201866508,
        "max": 1.73538243771,
        "mean": -0.348402291536,
        "median": -0.37487873435,
        "min": -1.85711491108,
        "var": 0.257212519646
    },
    "erbbands_spread": {
        "dmean": 8.45882320404,
        "dmean2": 12.63601017,
        "dvar": 78.5746688843,
        "dvar2": 168.360931396,
        "max": 109.972732544,
        "mean": 45.4505767822,
        "median": 42.9274215698,
        "min": 11.5336942673,
        "var": 337.136260986
    },
    "hfc": {
        "dmean": 6.62956237793,
        "dmean2": 10.4365434647,
        "dvar": 77.3656311035,
        "dvar2": 186.772354126,
        "max": 116.641777039,
        "mean": 29.0387516022,
        "median": 28.1364994049,
        "min": 6.16597708358e-06,
        "var": 316.419250488
    },
    "melbands_crest": {
        "dmean": 3.28525495529,
        "dmean2": 5.37364625931,
        "dvar": 8.87932014465,
        "dvar2": 20.744392395,
        "max": 27.4628562927,
        "mean": 13.1646347046,
        "median": 12.5281620026,
        "min": 4.76523637772,
        "var": 18.7945632935
    },
    "melbands_flatness_db": {
        "dmean": 0.0251048393548,
        "dmean2": 0.0403253808618,
        "dvar": 0.000673295930028,
        "dvar2": 0.00177085259929,
        "max": 0.316548079252,
        "mean": 0.152472227812,
        "median": 0.146159723401,
        "min": 0.0647877752781,
        "var": 0.00160431419499
    },
    "melbands_kurtosis": {
        "dmean": 6.62596845627,
        "dmean2": 10.9358072281,
        "dvar": 118.391777039,
        "dvar2": 313.283660889,
        "max": 133.582931519,
        "mean": 10.0061359406,
        "median": 6.37167930603,
        "min": -1.26767122746,
        "var": 165.438568115
    },
    "melbands_skewness": {
        "dmean": 0.805236339569,
        "dmean2": 1.27610015869,
        "dvar": 0.863212764263,
        "dvar2": 2.19932627678,
        "max": 10.4551391602,
        "mean": 2.68336129189,
        "median": 2.50805568695,
        "min": -0.0286323837936,
        "var": 1.91037845612
    },
    "melbands_spread": {
        "dmean": 9.46512126923,
        "dmean2": 14.8340568542,
        "dvar": 87.2594528198,
        "dvar2": 224.037765503,
        "max": 106.690406799,
        "mean": 33.8486671448,
        "median": 32.7613220215,
        "min": 3.16416120529,
        "var": 233.507064819
    },
    "pitch_salience": {
        "dmean": 0.0774311125278,
        "dmean2": 0.129216507077,
        "dvar": 0.00609333720058,
        "dvar2": 0.0160569641739,
        "max": 0.81210154295,
        "mean": 0.570246398449,
        "median": 0.58065778017,
        "min": 0.202067658305,
        "var": 0.0100399060175
    },
    "silence_rate_20dB": {
        "dmean": 0,
        "dmean2": 0,
        "dvar": 0,
        "dvar2": 0,
        "max": 1,
        "mean": 1,
        "median": 1,
        "min": 1,
        "var": 0
    },
    "silence_rate_30dB": {
        "dmean": 0,
        "dmean2": 0,
        "dvar": 0,
        "dvar2": 0,
        "max": 1,
        "mean": 1,
        "median": 1,
        "min": 1,
        "var": 0
    },
    "silence_rate_60dB": {
        "dmean": 0.00464396271855,
        "dmean2": 0.00929511990398,
        "dvar": 0.0046222913079,
        "dvar2": 0.0107578337193,
        "max": 1,
        "mean": 0.0665119886398,
        "median": 0,
        "min": 0,
        "var": 0.0620892234147
    },
    "spectral_centroid": {
        "dmean": 273.803863525,
        "dmean2": 438.916534424,
        "dvar": 69416.75,
        "dvar2": 183575.9375,
        "max": 3253.63720703,
        "mean": 1895.41430664,
        "median": 1938.68139648,
        "min": 485.594940186,
        "var": 201254.203125
    },
    "spectral_complexity": {
        "dmean": 4.48142433167,
        "dmean2": 7.15724229813,
        "dvar": 20.658454895,
        "dvar2": 48.0179672241,
        "max": 55,
        "mean": 28.8244400024,
        "median": 32,
        "min": 0,
        "var": 155.017044067
    },
    "spectral_decrease": {
        "dmean": 2.79879230902e-09,
        "dmean2": 4.56019177975e-09,
        "dvar": 1.82851649302e-17,
        "dvar2": 4.65449302902e-17,
        "max": -3.60528308461e-15,
        "mean": -7.23254167667e-09,
        "median": -6.30484642272e-09,
        "min": -2.96715718662e-08,
        "var": 2.48715541617e-17
    },
    "spectral_energy": {
        "dmean": 0.0108918398619,
        "dmean2": 0.0176921188831,
        "dvar": 0.000270453223493,
        "dvar2": 0.000683789141476,
        "max": 0.115442231297,
        "mean": 0.0299312118441,
        "median": 0.0266911834478,
        "min": 1.50790988585e-08,
        "var": 0.000392352842027
    },
    "spectral_energyband_high": {
        "dmean": 0.000571127282456,
        "dmean2": 0.000881285115611,
        "dvar": 8.45303077313e-07,
        "dvar2": 2.03361696549e-06,
        "max": 0.0126708596945,
        "mean": 0.00165169104002,
        "median": 0.00126706261653,
        "min": 9.939183504e-11,
        "var": 2.26003180614e-06
    },
    "spectral_energyband_low": {
        "dmean": 0.00764174154028,
        "dmean2": 0.0129082472995,
        "dvar": 0.000233227969147,
        "dvar2": 0.00061421218561,
        "max": 0.0937801375985,
        "mean": 0.0117172924802,
        "median": 0.00822285562754,
        "min": 3.02957947618e-09,
        "var": 0.000208635115996
    },
    "spectral_energyband_middle_high": {
        "dmean": 0.00188630039338,
        "dmean2": 0.00300966808572,
        "dvar": 6.08061372986e-06,
        "dvar2": 1.46505899465e-05,
        "max": 0.0372050218284,
        "mean": 0.007454383187,
        "median": 0.00583173381165,
        "min": 9.27170895615e-10,
        "var": 3.5689019569e-05
    },
    "spectral_energyband_middle_low": {
        "dmean": 0.00488848006353,
        "dmean2": 0.00778715033084,
        "dvar": 7.58121605031e-05,
        "dvar2": 0.00017984455917,
        "max": 0.090419575572,
        "mean": 0.0110710905865,
        "median": 0.00875841919333,
        "min": 4.33516911258e-09,
        "var": 0.000105907383841
    },
    "spectral_entropy": {
        "dmean": 0.0993778854609,
        "dmean2": 0.145624130964,
        "dvar": 0.00842423271388,
        "dvar2": 0.017517041415,
        "max": 8.52863883972,
        "mean": 7.89467477798,
        "median": 7.91425132751,
        "min": 6.98957681656,
        "var": 0.0507953539491
    },
    "spectral_flux": {
        "dmean": 0.0271408688277,
        "dmean2": 0.0410289466381,
        "dvar": 0.00109946203884,
        "dvar2": 0.0019127598498,
        "max": 0.266816496849,
        "mean": 0.0941059216857,
        "median": 0.0841552689672,
        "min": 0.000122796976939,
        "var": 0.00274184299633
    },
    "spectral_kurtosis": {
        "dmean": 0.867707133293,
        "dmean2": 1.47558403015,
        "dvar": 0.785276949406,
        "dvar2": 2.21527242661,
        "max": 10.3896656036,
        "mean": 2.87403488159,
        "median": 2.7403883934,
        "min": -0.369085788727,
        "var": 1.73233103752
    },
    "spectral_rms": {
        "dmean": 0.00085457530804,
        "dmean2": 0.00134421349503,
        "dvar": 1.1934594113e-06,
        "dvar2": 2.91324431601e-06,
        "max": 0.0106125669554,
        "mean": 0.00507097039372,
        "median": 0.00510295806453,
        "min": 3.8355333345e-06,
        "var": 3.48641106029e-06
    },
    "spectral_rolloff": {
        "dmean": 670.063354492,
        "dmean2": 1083.61608887,
        "dvar": 640711.625,
        "dvar2": 1514899.375,
        "max": 9517.67578125,
        "mean": 2097.70019531,
        "median": 2067.1875,
        "min": 86.1328125,
        "var": 1597514.75
    },
    "spectral_skewness": {
        "dmean": 0.150731503963,
        "dmean2": 0.246197804809,
        "dvar": 0.0179637577385,
        "dvar2": 0.0486099757254,
        "max": 2.14629936218,
        "mean": 1.15275418758,
        "median": 1.15544128418,
        "min": 0.378325164318,
        "var": 0.0485022030771
    },
    "spectral_spread": {
        "dmean": 421153.875,
        "dmean2": 593328.25,
        "dvar": 180178436096,
        "dvar2": 293320097792,
        "max": 9266913,
        "mean": 4675554.5,
        "median": 4547895,
        "min": 2619939.5,
        "var": 1.31896809882e+12
    },
    "spectral_strongpeak": {
        "dmean": 0.562370836735,
        "dmean2": 0.971804320812,
        "dvar": 1.22189486027,
        "dvar2": 3.1580452919,
        "max": 9.75524139404,
        "mean": 0.773900747299,
        "median": 0.3965292871,
        "min": 0,
        "var": 1.48331928253
    },
    "zerocrossingrate": {
        "dmean": 0.0107803577557,
        "dmean2": 0.0130701279268,
        "dvar": 9.63133279583e-05,
        "dvar2": 0.000116944662295,
        "max": 0.23828125,
        "mean": 0.0796608403325,
        "median": 0.0771484375,
        "min": 0.0224609375,
        "var": 0.000716778449714
    },
    "barkbands": {
        "dmean": [0.000215840904275, 0.00583305489272, 0.00219738180749, 0.00169033324346, 0.00299405329861, 0.00100628752261, 0.000301727792248, 0.000434393441537, 0.000554580474272, 0.0005979721318, 0.000364308158169, 0.000312225194648, 0.000350495130988, 0.000392116227886, 0.000518953136634, 0.000455593835795, 0.000424450845458, 0.000332755647833, 0.000297892169328, 0.00026094232453, 0.000207854012842, 0.000166117722983, 7.94654333731e-05, 8.73710523592e-05, 4.21409786213e-05, 4.75463457406e-05, 1.19481899219e-06],
        "dmean2": [0.000300799816614, 0.0100201433524, 0.00383993377909, 0.00287919747643, 0.00483392598107, 0.00158686551731, 0.000497472763527, 0.000702615827322, 0.000869575887918, 0.000947880616877, 0.000566285685636, 0.000509435369167, 0.000548798649106, 0.000636147917248, 0.000834888371173, 0.00074886076618, 0.000690417422447, 0.000552333658561, 0.00050471490249, 0.000436058064224, 0.000341588573065, 0.000286487746052, 0.000115167458716, 0.000127640843857, 6.29261849099e-05, 7.35888970667e-05, 2.00075692192e-06],
        "dvar": [1.73010107574e-07, 0.000193721090909, 1.11271792775e-05, 7.5246475717e-06, 4.50244224339e-05, 4.64790900878e-06, 4.39240722017e-07, 1.59222304319e-06, 1.27410294226e-06, 1.44125522183e-06, 6.47623949135e-07, 3.63133949577e-07, 7.85213046584e-07, 8.79258720943e-07, 9.8557450201e-07, 6.50754316212e-07, 4.70989675705e-07, 3.08042586994e-07, 1.34881929625e-07, 1.57534927325e-07, 9.7817441258e-08, 9.15668252333e-08, 1.40108866731e-08, 5.60927944093e-08, 8.06321676095e-09, 6.35899466417e-09, 1.51699000583e-11],
        "dvar2": [3.40808526289e-07, 0.000510025187396, 3.17017584166e-05, 2.02616975002e-05, 0.000109805849206, 1.00698071037e-05, 1.08819574507e-06, 3.82724874726e-06, 2.91597393698e-06, 3.38414315593e-06, 1.39705821312e-06, 8.98374594271e-07, 1.8036171241e-06, 2.29039392252e-06, 2.48358310273e-06, 1.70388238985e-06, 1.11397798719e-06, 8.2751409991e-07, 3.75583169898e-07, 4.24607264904e-07, 2.37922506585e-07, 2.46828562922e-07, 2.78312910496e-08, 1.08345240335e-07, 1.3454571679e-08, 1.13812097524e-08, 3.63493436739e-11],
        "max": [0.003383963136, 0.0852047801018, 0.0267098192126, 0.0356980487704, 0.058823697269, 0.0402884036303, 0.00994592998177, 0.0187918692827, 0.0145092075691, 0.0148646235466, 0.0175553001463, 0.00821569934487, 0.0178280062973, 0.0167699474841, 0.0129363657907, 0.0108474930748, 0.00963254179806, 0.00979351811111, 0.00290124397725, 0.0059235910885, 0.00375104835257, 0.00284836022183, 0.00177077355329, 0.00780326174572, 0.0020667584613, 0.00236589624546, 0.000113791458716],
        "mean": [0.000243477756158, 0.00600417982787, 0.00370878260583, 0.00280313426629, 0.00438930140808, 0.0015491443919, 0.000380568177206, 0.000643806997687, 0.000867405498866, 0.00112604256719, 0.000682888203301, 0.000524810689967, 0.000608771690167, 0.000598968996201, 0.000846472918056, 0.000844799273182, 0.00088544836035, 0.000672471069265, 0.000625030894298, 0.000582858396228, 0.000447768485174, 0.000313911790727, 0.000206148382858, 0.000210460100789, 9.75127259153e-05, 6.57233322272e-05, 1.29496493173e-06],
        "median": [3.94631206291e-05, 0.00242230622098, 0.00271178525873, 0.0020213748794, 0.0025233363267, 0.000603009248152, 0.00019017404702, 0.000208563782508, 0.00035672885133, 0.00054947391618, 0.000267507653916, 0.000326462148223, 0.000279535277514, 0.000287687813397, 0.00043136664317, 0.000498559500556, 0.00058693025494, 0.000458658032585, 0.000537021376658, 0.000458527531009, 0.000341658567777, 0.000178573362064, 0.000120092357974, 0.000105922437797, 4.9232658057e-05, 2.30949681281e-05, 2.4161232659e-07],
        "min": [1.74698588928e-10, 6.18943063468e-10, 1.01429808996e-09, 1.10738762604e-09, 1.91624480173e-10, 9.29196788957e-11, 9.08267905331e-12, 1.89389684491e-11, 2.59990556861e-10, 7.14843254035e-11, 2.80335650527e-11, 9.60383925164e-11, 5.04476738161e-11, 6.13967071628e-11, 9.53405271398e-11, 1.09289091665e-10, 7.1754470421e-11, 1.02568377403e-10, 1.0971790837e-10, 6.37541963666e-11, 2.78621726385e-11, 1.49759545043e-11, 6.18502254621e-12, 4.63163708775e-12, 4.45987777958e-12, 5.20308102159e-12, 4.42109109738e-12],
        "var": [2.54475907013e-07, 0.000151887346874, 1.28380861497e-05, 8.4404637164e-06, 4.79617883684e-05, 9.39948677114e-06, 5.03725743783e-07, 2.2303033802e-06, 2.19652133637e-06, 3.66155813936e-06, 2.54551423495e-06, 5.36623247172e-07, 1.85443161627e-06, 1.46385241351e-06, 1.89803017747e-06, 1.17941669942e-06, 1.26747818285e-06, 6.27422195976e-07, 2.20470141699e-07, 2.87156325385e-07, 1.87074221003e-07, 1.36433826015e-07, 4.75220325313e-08, 1.97780721578e-07, 2.79927352409e-08, 2.06966497274e-08, 2.25440013879e-11]
    },
    "erbbands": {
        "dmean": [0.143108397722, 1.4154343605, 2.55376601219, 4.19796609879, 10.2797727585, 8.65600395203, 8.89465999603, 7.61048603058, 4.6584610939, 4.03252840042, 10.9240922928, 14.0573120117, 15.9752492905, 14.4404764175, 17.5293521881, 13.4473323822, 13.4899377823, 19.390504837, 25.7708396912, 22.9994564056, 22.7721652985, 19.004365921, 16.4944286346, 18.2290611267, 12.5153284073, 11.9461116791, 11.5379562378, 6.34568929672, 6.41499423981, 3.35382294655, 2.33980536461, 2.05065107346, 1.32354009151, 0.59431385994, 0.271963447332, 0.176444932818, 0.108381457627, 0.0070827677846, 0.000173992375494, 1.87143505173e-05],
        "dmean2": [0.229279011488, 2.51543164253, 4.52100849152, 6.96724700928, 17.0669326782, 14.3561439514, 13.8540964127, 12.1258945465, 7.67739248276, 6.7216963768, 17.349609375, 21.8972091675, 24.1359081268, 22.6846656799, 26.5416278839, 21.5326595306, 21.1616859436, 31.0228404999, 41.5257263184, 36.5236282349, 36.9592552185, 31.0789470673, 27.4011268616, 30.5886726379, 21.355222702, 20.1004238129, 19.1959133148, 10.61577034, 11.1708230972, 5.16338014603, 3.48905992508, 3.04885721207, 1.87894332409, 0.870934784412, 0.406756490469, 0.271384328604, 0.171622663736, 0.0105849094689, 0.00027002976276, 2.90611314995e-05],
        "dvar": [0.110351040959, 11.9698181152, 22.314201355, 28.6253871918, 677.500366211, 357.473724365, 317.397705078, 352.490264893, 103.502166748, 66.0474472046, 1130.97827148, 990.526611328, 1016.28704834, 1253.8067627, 1468.0402832, 684.726013184, 1026.78833008, 2256.44189453, 3159.92724609, 2396.00317383, 1258.25866699, 942.705200195, 767.514526367, 627.132080078, 235.752426147, 331.135955811, 356.903320312, 88.9188919067, 140.419219971, 26.8257446289, 14.1113805771, 24.0723495483, 15.1930570602, 1.62719845772, 0.380918830633, 0.110189326108, 0.0306145008653, 0.000324720866047, 1.48301509739e-07, 7.43513139945e-10],
        "dvar2": [0.2650128901, 32.8482513428, 63.4562416077, 76.4376373291, 1723.57519531, 905.416137695, 699.303100586, 787.715087891, 249.817214966, 171.979568481, 2642.84326172, 2267.65869141, 2319.90673828, 2820.66625977, 3122.43115234, 1717.29846191, 2168.41357422, 5574.82177734, 8098.74365234, 5915.68164062, 3176.12207031, 2351.63671875, 2061.83374023, 1738.77416992, 648.640197754, 911.243591309, 913.751037598, 215.192382812, 382.600769043, 57.398651123, 30.1774082184, 54.668182373, 21.9849834442, 2.42073154449, 0.782629489899, 0.196976259351, 0.0617031157017, 0.000411981483921, 2.31907890225e-07, 1.68689939795e-09],
        "max": [2.5701212883, 20.1585273743, 36.2931747437, 77.3316726685, 220.290374756, 183.504470825, 232.918914795, 335.976165771, 178.740829468, 99.0764694214, 523.550964355, 444.077972412, 468.411590576, 629.666992188, 866.005004883, 426.669281006, 872.428466797, 811.680541992, 830.616943359, 965.394104004, 487.281616211, 480.760406494, 442.301055908, 346.56036377, 148.835586548, 260.49307251, 236.153533936, 90.7151489258, 114.90070343, 50.4831008911, 66.4691772461, 148.761077881, 125.241256714, 36.5798797607, 15.0856676102, 9.49941158295, 4.26580381393, 0.68491256237, 0.0126724457368, 0.00045309815323],
        "mean": [0.148228779435, 1.42972767353, 3.74194574356, 8.56717300415, 13.1550188065, 12.8206739426, 14.0023431778, 11.3846931458, 6.65771818161, 5.94769668579, 16.7682361603, 22.4919090271, 29.7935218811, 28.3986148834, 35.0705909729, 25.3783473969, 25.8754558563, 34.3981513977, 43.0262031555, 44.0337638855, 49.795879364, 44.2528190613, 35.9525184631, 37.4025878906, 28.7193393707, 26.8374538422, 23.704662323, 13.8197927475, 11.6505308151, 8.02990818024, 5.84512805939, 4.70329475403, 3.18847584724, 1.40897881985, 0.54512321949, 0.281439900398, 0.133621037006, 0.0111221130937, 0.00027798282099, 5.01862741658e-05],
        "median": [0.047487732023, 0.608048737049, 2.39446115494, 7.21736526489, 7.42148113251, 7.53016519547, 6.0299115181, 4.21363449097, 3.1726140976, 3.19745922089, 5.5393872261, 9.63430309296, 16.5631313324, 11.8150901794, 14.3781614304, 15.5655422211, 13.8751468658, 16.8237457275, 22.3582496643, 23.9641437531, 33.3621444702, 30.1031246185, 26.345123291, 29.2123851776, 24.8060092926, 20.6872901917, 18.3614063263, 9.76616668701, 7.15057611465, 4.79316043854, 3.28403949738, 2.61271572113, 1.51782381535, 0.744144976139, 0.245558708906, 0.11497309804, 0.0419433824718, 0.00315141887404, 0.000108423213533, 4.40528347099e-05],
        "min": [2.15707274265e-08, 1.40918047009e-07, 8.8001434051e-07, 3.05317689708e-06, 1.72207478499e-06, 4.95717870308e-07, 5.14489556735e-07, 9.886382486e-07, 2.24425249939e-07, 2.68570545359e-07, 1.48094670749e-06, 6.72954774927e-06, 2.79936193692e-06, 1.44252476275e-06, 2.3921400043e-06, 5.1368106142e-06, 1.82059091003e-06, 3.54473081643e-06, 5.17457283422e-06, 4.59099919681e-06, 4.84770635012e-06, 4.58549857285e-06, 5.09115852765e-06, 6.42755185254e-06, 4.71300427307e-06, 2.97879319078e-06, 1.73625448951e-06, 9.01128828446e-07, 5.6966973716e-07, 2.79731978026e-07, 1.48582401494e-07, 9.36360819992e-08, 7.82694229429e-08, 4.27645687751e-08, 3.41749526456e-08, 2.05651460305e-08, 1.02177137862e-08, 2.85889378837e-09, 6.37220776145e-10, 9.52001949495e-11],
        "var": [0.104078404605, 8.43591880798, 19.7613658905, 45.5613899231, 567.422668457, 392.828186035, 643.785888672, 679.501525879, 157.867111206, 74.651763916, 1602.67858887, 1688.97351074, 1999.20458984, 4040.36230469, 6269.203125, 1159.44580078, 2536.94604492, 4679.71240234, 5664.70898438, 5350.74462891, 2859.79101562, 2883.91967773, 1572.84191895, 1155.57788086, 432.67276001, 617.664001465, 593.237121582, 176.767684937, 186.365844727, 78.6985473633, 41.659286499, 56.7285728455, 69.3964691162, 6.60343408585, 0.971405625343, 0.382185280323, 0.0724026858807, 0.00144644232932, 5.6400227777e-07, 1.63320845736e-09]
    },
    "gfcc": {
        "mean": [32.1828117371, 73.4348754883, -122.357826233, 53.9162559509, -50.2957229614, 20.3514595032, -37.2473526001, 9.65081977844, -32.17710495, -3.53963375092, -24.2586250305, -1.2821341753, -10.9425601959],
        "cov": [[7006.62060547, -369.73425293, -92.2430725098, -69.3739395142, -160.285507202, 176.130752563, -105.994438171, -19.9991645813, 45.4412727356, 78.0394592285, -47.832233429, 38.9436721802, -122.132125854], [-369.73425293, 603.793518066, -343.646270752, 10.5999498367, 92.4945144653, -39.2822036743, 129.758621216, -43.6512718201, 88.0012283325, -66.8656845093, 122.837150574, -86.3330764771, 91.2238540649], [-92.2430725098, -343.646270752, 513.40612793, 10.6693649292, -60.5611572266, -12.9035015106, -87.49974823, 25.5174236298, -60.8682289124, 91.7871856689, -67.7021484375, 107.702209473, -65.3085784912], [-69.3739395142, 10.5999498367, 10.6693649292, 164.602233887, -3.30644822121, 4.25758743286, -20.1980800629, -8.7171497345, 39.0201225281, -15.8459434509, 37.2921714783, -14.5702142715, 31.6992549896], [-160.285507202, 92.4945144653, -60.5611572266, -3.30644822121, 217.873886108, 34.3416671753, 72.2917785645, 30.0702342987, 20.2941493988, 27.1848602295, 14.4004116058, 22.4163570404, 7.07115459442], [176.130752563, -39.2822036743, -12.9035015106, 4.25758743286, 34.3416671753, 121.7264328, 38.1368293762, 16.0423526764, 0.173194646835, 3.67798185349, 6.44668960571, -9.23720836639, -6.4945192337], [-105.994438171, 129.758621216, -87.49974823, -20.1980800629, 72.2917785645, 38.1368293762, 128.043609619, 39.8004646301, 28.3724594116, -4.82549476624, 22.0737724304, -9.29463481903, 7.72899341583], [-19.9991645813, -43.6512718201, 25.5174236298, -8.7171497345, 30.0702342987, 16.0423526764, 39.8004646301, 115.354927063, 36.4722061157, 14.7500457764, -14.7353420258, 10.8982915878, -4.81989049911], [45.4412727356, 88.0012283325, -60.8682289124, 39.0201225281, 20.2941493988, 0.173194646835, 28.3724594116, 36.4722061157, 92.4205474854, 11.2340164185, 25.4667282104, -21.7927742004, 15.7668981552], [78.0394592285, -66.8656845093, 91.7871856689, -15.8459434509, 27.1848602295, 3.67798185349, -4.82549476624, 14.7500457764, 11.2340164185, 85.0769958496, 5.45607852936, 39.3125762939, -19.033000946], [-47.832233429, 122.837150574, -67.7021484375, 37.2921714783, 14.4004116058, 6.44668960571, 22.0737724304, -14.7353420258, 25.4667282104, 5.45607852936, 90.3712844849, -0.568141043186, 32.3968658447], [38.9436721802, -86.3330764771, 107.702209473, -14.5702142715, 22.4163570404, -9.23720836639, -9.29463481903, 10.8982915878, -21.7927742004, 39.3125762939, -0.568141043186, 88.6487731934, -5.04539585114], [-122.132125854, 91.2238540649, -65.3085784912, 31.6992549896, 7.07115459442, -6.4945192337, 7.72899341583, -4.81989049911, 15.7668981552, -19.033000946, 32.3968658447, -5.04539585114, 69.6835632324]],
        "icov": [[0.000179750539246, 3.40155311278e-05, 0.000248814088991, 2.58320342255e-05, 0.000229320066865, -0.00038794442662, 0.000230550998822, 9.25280546653e-05, -0.000298568163998, -0.000166429701494, 0.000144808771438, -0.000408895371947, 0.000338523910614], [3.40155311278e-05, 0.00793234631419, -0.000125020524138, 0.00348712271079, -0.00280244415626, 0.00468816095963, -0.00567080685869, 0.00492561561987, -0.00544211966917, 0.00453617610037, -0.00721292616799, 0.00479944422841, -0.00416598655283], [0.000248814088991, -0.000125020524138, 0.00540656363592, -0.00286425440572, 0.00214179977775, -0.000747283454984, 0.00124767620582, -0.00157974951435, 0.00270502618514, -0.00485499808565, 0.00323074450716, -0.0045745423995, 0.00266383611597], [2.58320342255e-05, 0.00348712271079, -0.00286425440572, 0.0117400214076, -0.00270988070406, 0.000733959313948, 0.000514666317031, 0.0035303030163, -0.00834590196609, 0.0071133854799, -0.00732403574511, 0.00366580998525, -0.00451251771301], [0.000229320066865, -0.00280244415626, 0.00214179977775, -0.00270988070406, 0.00820066127926, -0.00302376435138, -0.00100242486224, -0.00200313329697, 0.00232255202718, -0.00528215384111, 0.00448669819161, -0.00508351018652, 0.00174711318687], [-0.00038794442662, 0.00468816095963, -0.000747283454984, 0.000733959313948, -0.00302376435138, 0.013530141674, -0.00672574900091, 0.00155223929323, 7.59261965868e-05, 0.00176807108801, -0.00539617147297, 0.00612858310342, -0.00201209099032], [0.000230550998822, -0.00567080685869, 0.00124767620582, 0.000514666317031, -0.00100242486224, -0.00672574900091, 0.0182967502624, -0.00700327008963, 0.00122152955737, -0.000580997497309, 0.00174325762782, -0.00391532992944, 0.00419509224594], [9.25280546653e-05, 0.00492561561987, -0.00157974951435, 0.0035303030163, -0.00200313329697, 0.00155223929323, -0.00700327008963, 0.0165188591927, -0.0108022764325, 0.00395480357111, -0.000715161324479, 0.00056250882335, -0.00320767331868], [-0.000298568163998, -0.00544211966917, 0.00270502618514, -0.00834590196609, 0.00232255202718, 7.59261965868e-05, 0.00122152955737, -0.0108022764325, 0.0257786791772, -0.0118271233514, 0.00321761821397, 0.00273565505631, 0.00146054395009], [-0.000166429701494, 0.00453617610037, -0.00485499808565, 0.0071133854799, -0.00528215384111, 0.00176807108801, -0.000580997497309, 0.00395480357111, -0.0118271233514, 0.0264289677143, -0.0101290121675, -0.00207747053355, 0.00147604756057], [0.000144808771438, -0.00721292616799, 0.00323074450716, -0.00732403574511, 0.00448669819161, -0.00539617147297, 0.00174325762782, -0.000715161324479, 0.00321761821397, -0.0101290121675, 0.0255734529346, -0.00826055556536, -0.00112721847836], [-0.000408895371947, 0.00479944422841, -0.0045745423995, 0.00366580998525, -0.00508351018652, 0.00612858310342, -0.00391532992944, 0.00056250882335, 0.00273565505631, -0.00207747053355, -0.00826055556536, 0.0248847734183, -0.00693859066814], [0.000338523910614, -0.00416598655283, 0.00266383611597, -0.00451251771301, 0.00174711318687, -0.00201209099032, 0.00419509224594, -0.00320767331868, 0.00146054395009, 0.00147604756057, -0.00112721847836, -0.00693859066814, 0.0239893943071]]
    },
    "melbands": {
        "dmean": [0.00146663398482, 0.00153784255963, 0.000849353265949, 0.000711500528269, 0.00030244505615, 0.000169196428033, 6.92186586093e-05, 5.03079936607e-05, 8.78790815477e-05, 9.05628985493e-05, 8.04004594102e-05, 6.22256702627e-05, 5.18763627042e-05, 4.1467781557e-05, 2.7995545679e-05, 3.49414876837e-05, 3.86823630834e-05, 4.28404709965e-05, 3.09765309794e-05, 3.73604125343e-05, 2.90057250822e-05, 2.42268179136e-05, 1.82867006515e-05, 1.51514523168e-05, 1.66328882187e-05, 1.08946242108e-05, 9.12764335226e-06, 8.63215427671e-06, 8.32917794469e-06, 5.27489692104e-06, 3.76750108444e-06, 4.09890208175e-06, 2.82787618744e-06, 1.76605612978e-06, 1.47132743678e-06, 1.40421229844e-06, 1.26758220631e-06, 1.05894287117e-06, 7.64132892073e-07, 4.73673168244e-07],
        "dmean2": [0.00245951558463, 0.00273248832673, 0.00141554512084, 0.00117629452143, 0.000466748169856, 0.000268437666818, 0.000114716160169, 8.34208258311e-05, 0.000139694617246, 0.000141025928315, 0.00012248843268, 9.90584303509e-05, 7.99330955488e-05, 6.56313350191e-05, 4.46257581643e-05, 5.46927112737e-05, 6.23071391601e-05, 6.95987109793e-05, 5.07374825247e-05, 6.09286325925e-05, 4.70443010272e-05, 3.94319758925e-05, 3.02100816043e-05, 2.52502395597e-05, 2.80196400126e-05, 1.87952609849e-05, 1.55304005602e-05, 1.45817512021e-05, 1.385761243e-05, 8.6703676061e-06, 6.41502992949e-06, 7.20041180102e-06, 4.81144934383e-06, 2.57959823102e-06, 2.24234781854e-06, 2.11119368032e-06, 1.93020673578e-06, 1.58022317009e-06, 1.13305156901e-06, 7.2782972893e-07],
        "dvar": [1.21109760585e-05, 1.02147314465e-05, 1.92689208234e-06, 2.86914814751e-06, 3.31124539343e-07, 1.63274975762e-07, 2.22551630458e-08, 1.06171675895e-08, 7.1162411075e-08, 3.89807297552e-08, 2.57894878786e-08, 2.46716762575e-08, 1.30228166029e-08, 5.74253089525e-09, 3.57877549817e-09, 8.12142886275e-09, 8.38705638273e-09, 9.50281275891e-09, 3.58235241471e-09, 5.77731329443e-09, 2.224491924e-09, 1.7623860149e-09, 9.30171273339e-10, 4.88482754246e-10, 5.14117748374e-10, 1.80376741321e-10, 1.35828098768e-10, 1.91309787456e-10, 1.72055231173e-10, 7.42726158354e-11, 3.40990881365e-11, 5.11794599756e-11, 2.65471828548e-11, 6.27097549236e-12, 5.46699361129e-12, 4.92331175828e-12, 1.29499301907e-11, 1.16967199815e-11, 3.43057288306e-12, 8.73900994972e-13],
        "dvar2": [3.09290808218e-05, 2.84302586806e-05, 5.09445453645e-06, 7.12256905899e-06, 7.29389398657e-07, 3.55718412948e-07, 5.52584680236e-08, 2.72442228777e-08, 1.66029309412e-07, 8.618870595e-08, 5.91442415043e-08, 5.6184841668e-08, 2.86385493098e-08, 1.3271185928e-08, 7.57480211888e-09, 1.88098532306e-08, 2.12415542933e-08, 2.44672193617e-08, 9.0544167719e-09, 1.44768135257e-08, 5.23711118916e-09, 4.39587966028e-09, 2.23038965075e-09, 1.35625466413e-09, 1.41781109075e-09, 5.06235775521e-10, 3.63698487993e-10, 5.26589050143e-10, 4.50848441913e-10, 1.80745765577e-10, 8.28290283583e-11, 1.41002945431e-10, 6.88634982371e-11, 1.28267656913e-11, 1.24954812122e-11, 1.02357931159e-11, 2.98309398017e-11, 1.82386328262e-11, 5.42305046355e-12, 1.53300484286e-12],
        "max": [0.0231515876949, 0.0217302385718, 0.0136087052524, 0.0151860667393, 0.00729889888316, 0.0075196782127, 0.00232012872584, 0.00118528888561, 0.00434873113409, 0.00289633660577, 0.00243791565299, 0.00256272195838, 0.00239980453625, 0.00100685004145, 0.00168624217622, 0.00187631009612, 0.00133878388442, 0.00149328121915, 0.000913352007046, 0.000988591695204, 0.000632695271634, 0.000668761262204, 0.000610069138929, 0.000296898448141, 0.000303668290144, 0.000126750994241, 0.000127662176965, 0.000202021954465, 0.000141312644701, 0.000133710171212, 5.96850804868e-05, 6.8809822551e-05, 4.64659424324e-05, 2.566027797e-05, 3.67830143659e-05, 4.52036438219e-05, 0.000112602188892, 0.000105364524643, 6.12097792327e-05, 2.32090169447e-05],
        "mean": [0.00153875455726, 0.00203521060757, 0.00156511401292, 0.00100005429704, 0.000489299593028, 0.000258993561147, 9.52839691308e-05, 7.44085773476e-05, 0.00013314485841, 0.000144294914207, 0.000147336599184, 0.000114822105388, 9.90479238681e-05, 7.94283041614e-05, 5.17138687428e-05, 6.1957478465e-05, 6.27860426903e-05, 6.76998970448e-05, 5.20982212038e-05, 6.67371496093e-05, 5.79422849114e-05, 5.01817521581e-05, 3.59004625352e-05, 2.94951478281e-05, 3.07775517285e-05, 2.15078689507e-05, 1.92844072444e-05, 1.75231707544e-05, 1.58150760399e-05, 1.08045305751e-05, 7.15463829692e-06, 6.7759178819e-06, 5.51060384169e-06, 4.02471778216e-06, 3.39612870448e-06, 3.17078024636e-06, 2.69113343165e-06, 2.3956847599e-06, 1.70484395312e-06, 9.93691401163e-07],
        "median": [0.000582875858527, 0.00127866049297, 0.00126515573356, 0.000592272845097, 0.000233974002185, 9.58060918492e-05, 4.50806073786e-05, 3.68090077245e-05, 4.50714724138e-05, 5.83184410061e-05, 8.0086691014e-05, 4.10152351833e-05, 4.01622710342e-05, 4.74282023788e-05, 3.07702393911e-05, 2.67744562734e-05, 2.88424835162e-05, 3.18847341987e-05, 2.79973046418e-05, 3.61802303814e-05, 3.85625316994e-05, 3.11782205245e-05, 2.50525154115e-05, 2.01109105546e-05, 2.32491765928e-05, 1.80687402462e-05, 1.56154001161e-05, 1.2205380699e-05, 1.1297135643e-05, 7.78007051849e-06, 4.13112138631e-06, 4.10785196436e-06, 2.95817289953e-06, 2.45564001489e-06, 1.95058851205e-06, 1.81730854365e-06, 1.42289593441e-06, 1.09421500838e-06, 8.64945945978e-07, 5.11240443757e-07],
        "min": [1.86873988506e-10, 4.43910658232e-10, 4.91812757186e-10, 6.34425845192e-11, 1.94226613959e-11, 2.10444682514e-11, 1.78279157929e-12, 3.02037106263e-12, 1.94521863894e-11, 3.95316730739e-11, 1.26691070829e-11, 5.87437000085e-12, 7.65865669494e-12, 1.08590289538e-11, 5.95531002984e-12, 6.44755299498e-12, 3.68266745224e-12, 7.58619989744e-12, 5.90996956235e-12, 8.57338245536e-12, 4.34571259186e-12, 4.84314411492e-12, 4.34169106917e-12, 4.83565791576e-12, 5.30563136827e-12, 3.60383944908e-12, 2.65828808618e-12, 1.87550452599e-12, 1.13780187529e-12, 8.03469541334e-13, 4.6230499897e-13, 4.25278979784e-13, 1.33544813662e-13, 1.45336989514e-13, 8.4751487512e-14, 6.2509093496e-14, 6.11468612289e-14, 5.45356911485e-14, 5.26383881687e-14, 2.82536563996e-14],
        "var": [1.01901105154e-05, 7.83934501669e-06, 2.06296704164e-06, 2.72874171969e-06, 6.6392391318e-07, 3.2422252616e-07, 3.05211287355e-08, 1.37320785853e-08, 9.90325119687e-08, 7.01399898162e-08, 5.00973307282e-08, 7.55233457994e-08, 4.96039795905e-08, 1.38781164338e-08, 7.73228858719e-09, 2.03248227137e-08, 1.60463535792e-08, 1.72043375102e-08, 6.95080881741e-09, 1.05518846993e-08, 4.62888705144e-09, 5.04996533479e-09, 2.03849670477e-09, 9.28689736224e-10, 8.79823824906e-10, 2.6747287718e-10, 2.70597322327e-10, 3.33140598441e-10, 2.7606211761e-10, 1.31003347059e-10, 6.18236295491e-11, 6.35793639958e-11, 4.6384125707e-11, 1.92503183533e-11, 1.45396672133e-11, 1.36682444876e-11, 2.77369776452e-11, 4.87700747842e-11, 1.33283419024e-11, 2.82205487277e-12]
    },
    "mfcc": {
        "mean": [-604.133789062, 93.7477264404, -5.1226477623, 34.8786468506, 11.18516922, 11.6707220078, 6.58030700684, 8.35357475281, 2.25807261467, 1.07820415497, -8.18229961395, -4.71807289124, -6.16068696976],
        "cov": [[6371.93945312, -78.6921005249, -190.847625732, -151.110687256, -73.5103607178, 71.2114181519, -113.662452698, 16.0649490356, -19.670759201, 70.6355133057, -14.5129899979, 19.0824756622, 31.3083305359], [-78.6921005249, 460.011657715, -252.801864624, 19.5735816956, -22.9552345276, 13.6927442551, 59.8139266968, 16.3903522491, 6.67162942886, 34.4186859131, 13.602812767, 17.3610687256, 8.96447372437], [-190.847625732, -252.801864624, 432.467498779, 17.3839454651, -16.017282486, -21.4310588837, -68.5333938599, -40.7516479492, -35.0933151245, -44.8630752563, 11.1675481796, -21.1822776794, 8.56981468201], [-151.110687256, 19.5735816956, 17.3839454651, 133.16394043, 39.0140457153, -4.32264852524, -17.6802368164, -1.79855883121, 4.87515211105, -4.87882328033, -0.708697915077, 17.256734848, 18.4981746674], [-73.5103607178, -22.9552345276, -16.017282486, 39.0140457153, 110.122398376, 25.2708644867, 8.84175682068, 4.55481338501, 14.618683815, 6.30117559433, 4.3012471199, 6.44072008133, 14.6877117157], [71.2114181519, 13.6927442551, -21.4310588837, -4.32264852524, 25.2708644867, 107.043632507, 33.840511322, 0.69339966774, -12.4053277969, 4.67209243774, 11.5617446899, -9.3625459671, 16.6060237885], [-113.662452698, 59.8139266968, -68.5333938599, -17.6802368164, 8.84175682068, 33.840511322, 99.1827468872, 35.9333229065, 12.3017482758, 8.74179172516, 8.66346549988, 6.71338796616, 6.52038145065], [16.0649490356, 16.3903522491, -40.7516479492, -1.79855883121, 4.55481338501, 0.69339966774, 35.9333229065, 82.9325561523, 37.3899345398, 19.0226154327, 10.9389028549, 9.39516639709, 8.30359649658], [-19.670759201, 6.67162942886, -35.0933151245, 4.87515211105, 14.618683815, -12.4053277969, 12.3017482758, 37.3899345398, 74.713180542, 36.6900291443, 10.4993638992, 5.2155880928, -3.26778745651], [70.6355133057, 34.4186859131, -44.8630752563, -4.87882328033, 6.30117559433, 4.67209243774, 8.74179172516, 19.0226154327, 36.6900291443, 71.68334198, 29.9451789856, 9.37603759766, -3.7920923233], [-14.5129899979, 13.602812767, 11.1675481796, -0.708697915077, 4.3012471199, 11.5617446899, 8.66346549988, 10.9389028549, 10.4993638992, 29.9451789856, 61.3830718994, 17.8805332184, 9.87543964386], [19.0824756622, 17.3610687256, -21.1822776794, 17.256734848, 6.44072008133, -9.3625459671, 6.71338796616, 9.39516639709, 5.2155880928, 9.37603759766, 17.8805332184, 63.4223175049, 20.3628845215], [31.3083305359, 8.96447372437, 8.56981468201, 18.4981746674, 14.6877117157, 16.6060237885, 6.52038145065, 8.30359649658, -3.26778745651, -3.7920923233, 9.87543964386, 20.3628845215, 57.0938453674]],
