{
"lowlevel": {
    "average_loudness": 0.972792387009,
    "barkbands_crest": {
        "dmean": 2.97869992256,
        "dmean2": 4.89129447937,
        "dvar": 7.4686050415,
        "dvar2": 20.9387283325,
        "max": 22.0099811554,
        "mean": 9.53586292267,
        "median": 9.04643154144,
        "min": 2.54533982277,
        "var": 12.7519168854
    },
    "barkbands_flatness_db": {
        "dmean": 0.0241433754563,
        "dmean2": 0.0378731787205,
        "dvar": 0.000611910887528,
        "dvar2": 0.00145082862582,
        "max": 0.330139368773,
        "mean": 0.0987827330828,
        "median": 0.0870301872492,
        "min": 0.024340050295,
        "var": 0.00185599899851
    },
    "barkbands_kurtosis": {
        "dmean": 3.34212064743,
        "dmean2": 5.49971485138,
        "dvar": 43.8510246277,
        "dvar2": 102.502441406,
        "max": 90.1479568481,
        "mean": 2.52362155914,
        "median": 0.357366323471,
        "min": -1.86314797401,
        "var": 53.8533706665
    },
    "barkbands_skewness": {
        "dmean": 0.692920029163,
        "dmean2": 1.08671152592,
        "dvar": 0.618118107319,
        "dvar2": 1.45028352737,
        "max": 7.82569503784,
        "mean": 1.40011560917,
        "median": 1.1809232235,
        "min": -2.81151413918,
        "var": 1.25769197941
    },
    "barkbands_spread": {
        "dmean": 8.65525627136,
        "dmean2": 13.560593605,
        "dvar": 80.9376144409,
        "dvar2": 198.486755371,
        "max": 88.6959228516,
        "mean": 33.0168190002,
        "median": 33.4961967468,
        "min": 1.21451151371,
        "var": 182.87512207
    },
    "dissonance": {
        "dmean": 0.0113434819505,
        "dmean2": 0.0189949534833,
        "dvar": 0.000114885544463,
        "dvar2": 0.000330586393829,
        "max": 0.499937653542,
        "mean": 0.48125359416,
        "median": 0.484845817089,
        "min": 0.361758172512,
        "var": 0.000231694226386
    },
    "dynamic_complexity": 2.79332304001,
    "erbbands_crest": {
        "dmean": 2.24344801903,
        "dmean2": 3.76758527756,
        "dvar": 5.39632320404,
        "dvar2": 13.7772769928,
        "max": 26.1640834808,
        "mean": 6.50082349777,
        "median": 5.4417924881,
        "min": 2.43616747856,
        "var": 10.6136484146
    },
    "erbbands_flatness_db": {
        "dmean": 0.0130762634799,
        "dmean2": 0.0192859601229,
        "dvar": 0.000162894983077,
        "dvar2": 0.000327490997734,
        "max": 0.260470420122,
        "mean": 0.120134577155,
        "median": 0.115954652429,
        "min": 0.0627986639738,
        "var": 0.000712296692654
    },
    "erbbands_kurtosis": {
        "dmean": 0.694781064987,
        "dmean2": 1.14714610577,
        "dvar": 0.6542121768,
        "dvar2": 1.49962055683,
        "max": 8.85445976257,
        "mean": -0.0718894675374,
        "median": -0.284830331802,
        "min": -1.78203439713,
        "var": 1.2446886301
    },
    "erbbands_skewness": {
        "dmean": 0.33150228858,
        "dmean2": 0.514621078968,
        "dvar": 0.111923418939,
        "dvar2": 0.254381775856,
        "max": 2.608533144,
        "mean": -0.255074173212,
        "median": -0.293520092964,
        "min": -2.57542252541,
        "var": 0.323828220367
    },
    "erbbands_spread": {
        "dmean": 10.7056732178,
        "dmean2": 16.6449546814,
        "dvar": 123.367958069,
        "dvar2": 285.413818359,
        "max": 169.105636597,
        "mean": 46.0103034973,
        "median": 42.7996482849,
        "min": 12.2531929016,
        "var": 308.460418701
    },
    "hfc": {
        "dmean": 7.18401098251,
        "dmean2": 10.8576850891,
        "dvar": 82.5369949341,
        "dvar2": 168.344070435,
        "max": 128.384246826,
        "mean": 29.7333488464,
        "median": 28.2905445099,
        "min": 1.16030861219e-16,
        "var": 320.050231934
    },
    "melbands_crest": {
        "dmean": 3.61469745636,
        "dmean2": 5.90502929688,
        "dvar": 9.64456748962,
        "dvar2": 24.7822723389,
        "max": 29.872838974,
        "mean": 15.3807382584,
        "median": 15.1693944931,
        "min": 2.30077910423,
        "var": 22.6489963531
    },
    "melbands_flatness_db": {
        "dmean": 0.0318456590176,
        "dmean2": 0.0492444857955,
        "dvar": 0.00102430267725,
        "dvar2": 0.00233249901794,
        "max": 0.452037632465,
        "mean": 0.165378034115,
        "median": 0.154083162546,
        "min": 0.00597431557253,
        "var": 0.00346366222948
    },
    "melbands_kurtosis": {
        "dmean": 11.6001653671,
        "dmean2": 19.106218338,
        "dvar": 425.95111084,
        "dvar2": 1057.91931152,
        "max": 210.339279175,
        "mean": 14.7296724319,
        "median": 7.56168937683,
        "min": -1.59680557251,
        "var": 515.397277832
    },
    "melbands_skewness": {
        "dmean": 1.08599638939,
        "dmean2": 1.71552240849,
        "dvar": 1.55829548836,
        "dvar2": 3.78743028641,
        "max": 12.8406190872,
        "mean": 3.04891681671,
        "median": 2.68764615059,
        "min": -0.878318727016,
        "var": 2.94568586349
    },
    "melbands_spread": {
        "dmean": 10.743938446,
        "dmean2": 16.6448192596,
        "dvar": 145.185180664,
        "dvar2": 310.317047119,
        "max": 156.203598022,
        "mean": 30.542257309,
        "median": 28.0199489594,
        "min": 0.865440428257,
        "var": 364.333496094
    },
    "pitch_salience": {
        "dmean": 0.0801234915853,
        "dmean2": 0.13041973114,
        "dvar": 0.00542639149353,
        "dvar2": 0.0142590422183,
        "max": 0.810559868813,
        "mean": 0.539815068245,
        "median": 0.543510079384,
        "min": 0.153411537409,
        "var": 0.0116119477898
    },
    "silence_rate_20dB": {
        "dmean": 0,
        "dmean2": 0,
        "dvar": 0,
        "dvar2": 0,
        "max": 1,
        "mean": 1,
        "median": 1,
        "min": 1,
        "var": 0
    },
    "silence_rate_30dB": {
        "dmean": 0.0154559509829,
        "dmean2": 0.0309358090162,
        "dvar": 0.0152168786153,
        "dvar2": 0.0454470999539,
        "max": 1,
        "mean": 0.992277979851,
        "median": 1,
        "min": 0,
        "var": 0.00766244670376
    },
    "silence_rate_60dB": {
        "dmean": 0.00772797549143,
        "dmean2": 0.0154679045081,
        "dvar": 0.00766859762371,
        "dvar2": 0.0167746376246,
        "max": 1,
        "mean": 0.0718146711588,
        "median": 0,
        "min": 0,
        "var": 0.0666573867202
    },
    "spectral_centroid": {
        "dmean": 348.745605469,
        "dmean2": 546.096740723,
        "dvar": 191149.296875,
        "dvar2": 342912.9375,
        "max": 11346.8134766,
        "mean": 1835.14611816,
        "median": 1881.91760254,
        "min": 189.761535645,
        "var": 407409.84375
    },
    "spectral_complexity": {
        "dmean": 4.1808347702,
        "dmean2": 6.43155431747,
        "dvar": 13.8466796875,
        "dvar2": 31.0033054352,
        "max": 60,
        "mean": 31.4108104706,
        "median": 37,
        "min": 0,
        "var": 190.6743927
    },
    "spectral_decrease": {
        "dmean": 4.3401771066e-09,
        "dmean2": 7.36646654786e-09,
        "dvar": 4.61383313145e-17,
        "dvar2": 1.22895573566e-16,
        "max": 1.28712522263e-28,
        "mean": -9.16708664533e-09,
        "median": -7.92957699502e-09,
        "min": -5.08040116642e-08,
        "var": 4.86766739904e-17
    },
    "spectral_energy": {
        "dmean": 0.0166942626238,
        "dmean2": 0.0282327979803,
        "dvar": 0.000668793916702,
        "dvar2": 0.00177888933104,
        "max": 0.195732310414,
        "mean": 0.0372955985367,
        "median": 0.0327568612993,
        "min": 1.00385467839e-20,
        "var": 0.000733945227694
    },
    "spectral_energyband_high": {
        "dmean": 0.000638548459392,
        "dmean2": 0.000936617550906,
        "dvar": 1.2188064602e-06,
        "dvar2": 2.38162897404e-06,
        "max": 0.0148086277768,
        "mean": 0.00160940305796,
        "median": 0.00116229150444,
        "min": 7.40452744811e-21,
        "var": 2.75895536106e-06
    },
    "spectral_energyband_low": {
        "dmean": 0.0134023064747,
        "dmean2": 0.022799199447,
        "dvar": 0.000649749010336,
        "dvar2": 0.00175442185719,
        "max": 0.179100573063,
        "mean": 0.0194438621402,
        "median": 0.0131962746382,
        "min": 4.39635085488e-23,
        "var": 0.000561938853934
    },
    "spectral_energyband_middle_high": {
        "dmean": 0.00179762905464,
        "dmean2": 0.00272494577803,
        "dvar": 4.08686719311e-06,
        "dvar2": 9.33435330808e-06,
        "max": 0.0453495718539,
        "mean": 0.00711315264925,
        "median": 0.00697388034314,
        "min": 1.29616829093e-21,
        "var": 2.36573596339e-05
    },
    "spectral_energyband_middle_low": {
        "dmean": 0.00603198586032,
        "dmean2": 0.0101231411099,
        "dvar": 9.62205667747e-05,
        "dvar2": 0.0002564782626,
        "max": 0.0825792625546,
        "mean": 0.0107400147244,
        "median": 0.00793185550719,
        "min": 2.96106602192e-22,
        "var": 0.000106603059976
    },
    "spectral_entropy": {
        "dmean": 0.127852857113,
        "dmean2": 0.181754559278,
        "dvar": 0.0245232377201,
        "dvar2": 0.0449572205544,
        "max": 9.79632377625,
        "mean": 7.93759059906,
        "median": 7.96635770798,
        "min": 6.24505901337,
        "var": 0.0852362290025
    },
    "spectral_flux": {
        "dmean": 0.0331390276551,
        "dmean2": 0.0511142574251,
        "dvar": 0.00182473973837,
        "dvar2": 0.00328077119775,
        "max": 0.35763657093,
        "mean": 0.108265832067,
        "median": 0.0948992073536,
        "min": 1.00192548702e-10,
        "var": 0.00384958111681
    },
    "spectral_kurtosis": {
        "dmean": 0.91147506237,
        "dmean2": 1.42444074154,
        "dvar": 0.942245006561,
        "dvar2": 2.4667930603,
        "max": 13.7926368713,
        "mean": 3.17914605141,
        "median": 3.05623292923,
        "min": -1.18162584305,
        "var": 2.49645876884
    },
    "spectral_rms": {
        "dmean": 0.00115231133532,
        "dmean2": 0.00189242709894,
        "dvar": 2.15595082409e-06,
        "dvar2": 5.58754209123e-06,
        "max": 0.0138187678531,
        "mean": 0.00561445951462,
        "median": 0.00565313315019,
        "min": 3.12948950608e-12,
        "var": 4.86383805764e-06
    },
    "spectral_rolloff": {
        "dmean": 818.511779785,
        "dmean2": 1336.3762207,
        "dvar": 1478270.875,
        "dvar2": 2777281.25,
        "max": 19013.8183594,
        "mean": 1913.21118164,
        "median": 1722.65625,
        "min": 107.666015625,
        "var": 2468162
    },
    "spectral_skewness": {
        "dmean": 0.150460720062,
        "dmean2": 0.235722377896,
        "dvar": 0.0273657217622,
        "dvar2": 0.0574724636972,
        "max": 2.9334666729,
        "mean": 1.28222489357,
        "median": 1.24765217304,
        "min": -0.0420057401061,
        "var": 0.0783167853951
    },
    "spectral_spread": {
        "dmean": 535355.6875,
        "dmean2": 737814.0625,
        "dvar": 1.17137447322e+12,
        "dvar2": 1.42016013926e+12,
        "max": 40464844,
        "mean": 4894511.5,
        "median": 4649413,
        "min": 2353037,
        "var": 2.39326724096e+12
    },
    "spectral_strongpeak": {
        "dmean": 0.290155529976,
        "dmean2": 0.502629756927,
        "dvar": 0.283498942852,
        "dvar2": 0.691899657249,
        "max": 7.18721532822,
        "mean": 0.492229580879,
        "median": 0.341593265533,
        "min": 0,
        "var": 0.387580603361
    },
    "zerocrossingrate": {
        "dmean": 0.0131032196805,
        "dmean2": 0.0154913170263,
        "dvar": 0.000402825506171,
        "dvar2": 0.000418089417508,
        "max": 0.51025390625,
        "mean": 0.0755934789777,
        "median": 0.0712890625,
        "min": 0.00732421875,
        "var": 0.00153408723418
    },
    "barkbands": {
        "dmean": [0.000108732325316, 0.00799444224685, 0.00620797462761, 0.00192571256775, 0.00336730270647, 0.00156443659216, 0.000532094796654, 0.000298416329315, 0.00100952270441, 0.000539519300219, 0.000337325240253, 0.000384913029848, 0.000386897067074, 0.000483383337269, 0.000341849285178, 0.000364652340068, 0.00038158998359, 0.000372787821107, 0.000272160192253, 0.000196340857656, 0.000159483606694, 0.000156171867275, 0.000142006989336, 0.000141291340697, 8.51187069202e-05, 2.31853264268e-05, 2.95807694783e-06],
        "dmean2": [0.00016943247465, 0.0134782735258, 0.0109480824322, 0.00330370967276, 0.00599136855453, 0.00246770540252, 0.000896546058357, 0.000499221554492, 0.00159719691146, 0.000845936418045, 0.000539706612471, 0.000617399287876, 0.00062195234932, 0.000804061652161, 0.000567010836676, 0.000600383034907, 0.000621634011623, 0.000626275665127, 0.00045266514644, 0.000329550588503, 0.000261995941401, 0.000245791161433, 0.000210778162, 0.000209889534744, 0.000123940422782, 3.36578268616e-05, 4.69321776109e-06],
        "dvar": [4.44610783745e-08, 0.000235081082792, 0.000152682318003, 9.13506210054e-06, 7.17753937352e-05, 8.08443382994e-06, 1.23736947444e-06, 3.30094593437e-07, 3.71441956304e-06, 1.42871340358e-06, 3.1345027196e-07, 6.84507540427e-07, 8.64520529831e-07, 4.01559390184e-07, 2.59666734337e-07, 3.01468617181e-07, 3.56786813427e-07, 2.50251503076e-07, 1.22549081993e-07, 6.04072738497e-08, 5.2436689657e-08, 9.19155667134e-08, 8.24611561256e-08, 9.35070616492e-08, 4.74786467919e-08, 2.68995403729e-09, 2.27294693483e-11],
        "dvar2": [1.15317547511e-07, 0.000632048409898, 0.000429593637818, 2.49961703958e-05, 0.000197894085431, 1.86511897482e-05, 3.43941678693e-06, 8.5382623638e-07, 8.37307561596e-06, 3.23547510561e-06, 7.4051251886e-07, 1.52103291384e-06, 1.98284419639e-06, 1.01419971088e-06, 6.82642962602e-07, 7.4002753081e-07, 9.35759032927e-07, 6.76929175825e-07, 3.13933185225e-07, 1.51019477812e-07, 1.21532806929e-07, 1.93649881908e-07, 1.60317455311e-07, 2.23865512794e-07, 1.1434954672e-07, 6.21689721925e-09, 5.42385199254e-11],
        "max": [0.00348825263791, 0.106306031346, 0.104345262051, 0.0345000699162, 0.0579084381461, 0.0448200851679, 0.0232585947961, 0.00787788163871, 0.0225179679692, 0.026228711009, 0.00628648512065, 0.0205628536642, 0.0230022687465, 0.00691705709323, 0.00533394282684, 0.00627420423552, 0.0107679320499, 0.00552730727941, 0.00739776855335, 0.00239083939232, 0.00260416534729, 0.00518533913419, 0.00347686884925, 0.0055970037356, 0.00342463725246, 0.000948634988163, 6.36260519968e-05],
        "mean": [0.00015526797506, 0.0102796880528, 0.00750911096111, 0.00270067853853, 0.00321930693462, 0.00211080117151, 0.000730901083443, 0.000407891842769, 0.00136141083203, 0.00090258277487, 0.000567471375689, 0.000621107465122, 0.000557665422093, 0.000854542071465, 0.0005990282516, 0.000712481909432, 0.000730874657165, 0.000747023790609, 0.000663890095893, 0.000470648461487, 0.000378941418603, 0.000305463559926, 0.000245646486292, 0.000265807902906, 0.000146166159539, 4.6044413466e-05, 5.16082354807e-06],
        "median": [5.23821290699e-05, 0.00594680849463, 0.00390434940346, 0.00160936301108, 0.00140922295395, 0.000974836933892, 0.000422188197263, 0.000241452333285, 0.000609971990343, 0.000452477310318, 0.000292039039778, 0.000350758258719, 0.000315478304401, 0.000657279160805, 0.000462093681563, 0.000565261696465, 0.000564203772228, 0.000602349289693, 0.000604261585977, 0.00042577192653, 0.000336709257681, 0.000198957233806, 0.000107752886834, 0.000137608556543, 6.16893012193e-05, 2.95385671052e-05, 3.28377996084e-06],
        "min": [1.82524900756e-24, 2.32444334383e-23, 9.08839391385e-24, 2.01141450139e-23, 3.24490865169e-23, 9.76267056378e-23, 7.25267293554e-23, 3.40777119438e-23, 3.71949526088e-23, 5.43656982355e-24, 4.00064465641e-23, 5.35438582112e-23, 1.00993362033e-22, 9.62404750789e-23, 9.98062399665e-23, 2.07365089365e-22, 2.3006511096e-22, 2.27842618422e-22, 1.43915769824e-22, 1.98219338953e-22, 2.77247348707e-22, 5.22754771607e-22, 4.49006854016e-22, 9.89068703769e-22, 1.1519596707e-21, 1.55929513041e-21, 2.59029246025e-21],
        "var": [5.90200102124e-08, 0.000206873519346, 0.000123178819194, 1.22958281281e-05, 4.95756466989e-05, 1.10299642984e-05, 1.55937721047e-06, 4.0037036797e-07, 4.82917903355e-06, 3.89469596485e-06, 6.83464122631e-07, 1.45340084146e-06, 1.24519738165e-06, 7.11777488505e-07, 3.77860260414e-07, 5.10421557465e-07, 5.98615599756e-07, 4.88465900617e-07, 3.10459427055e-07, 1.37342453854e-07, 1.0555498875e-07, 1.53181417772e-07, 1.47777200254e-07, 1.49317472165e-07, 7.18060491067e-08, 4.57307036683e-09, 4.3572624675e-11]
    },
    "erbbands": {
        "dmean": [0.164139941335, 2.10301685333, 6.88055086136, 6.46624517441, 9.59098243713, 11.1571340561, 10.5060625076, 12.7609443665, 7.90108203888, 7.17310285568, 8.15048313141, 23.9167709351, 18.3258495331, 12.6152667999, 14.2038660049, 14.6913900375, 17.200756073, 16.8879585266, 21.5334777832, 19.2048168182, 18.7802085876, 19.3705997467, 18.9594593048, 15.191163063, 13.2588434219, 9.96551132202, 6.963555336, 6.17645072937, 5.86851406097, 5.14222383499, 3.84660148621, 2.82995700836, 2.45082092285, 1.26351451874, 0.458975225687, 0.136511355639, 0.0384229980409, 0.00841150432825, 0.00025121300132, 2.15940617636e-05],
        "dmean2": [0.269907236099, 3.62279319763, 12.1632442474, 11.2205591202, 16.907207489, 20.0234642029, 16.7520828247, 20.4058036804, 13.284576416, 12.0922212601, 13.0121688843, 37.3883590698, 29.3532791138, 19.7137336731, 22.9874191284, 23.3997821808, 27.1629505157, 27.6569538116, 35.7952613831, 31.6217308044, 30.5183315277, 31.3866825104, 31.9203739166, 24.9703845978, 21.941072464, 16.6608943939, 11.5826530457, 10.0866231918, 9.32908535004, 7.75540924072, 5.69455814362, 4.24380254745, 3.68061542511, 1.86126792431, 0.659707307816, 0.197258338332, 0.0585161522031, 0.0125374449417, 0.000386072439142, 3.50356858689e-05],
        "dvar": [0.0874450951815, 17.3469352722, 191.744827271, 126.776794434, 461.103942871, 832.30255127, 334.927032471, 722.709411621, 279.090606689, 213.752120972, 209.34727478, 2382.09399414, 1896.60302734, 555.199829102, 573.529968262, 799.544128418, 1727.30004883, 567.886413574, 754.403747559, 993.34552002, 691.473266602, 676.410827637, 671.473327637, 317.380493164, 376.777984619, 156.802780151, 83.8477325439, 100.998138428, 125.447052002, 124.996833801, 54.4313354492, 32.0919075012, 36.5557174683, 10.7666444778, 1.25209891796, 0.0841140598059, 0.0105507131666, 0.00021959595324, 2.154903882e-07, 9.6428720564e-10],
        "dvar2": [0.214968681335, 47.4696273804, 540.098205566, 355.10369873, 1253.81811523, 2332.28930664, 791.757263184, 1678.94165039, 802.261352539, 551.929077148, 511.333831787, 5543.34277344, 4366.46191406, 1373.78442383, 1430.09423828, 1743.21618652, 3801.14306641, 1488.39416504, 1982.70263672, 2562.71337891, 1770.94763184, 1733.55505371, 1801.24133301, 795.063293457, 917.206115723, 390.721160889, 217.265853882, 222.381332397, 269.664215088, 251.486465454, 109.631065369, 73.6708068848, 91.7350692749, 25.6094837189, 3.09282803535, 0.191268354654, 0.0266753956676, 0.000515802996233, 5.25058510448e-07, 2.43985631698e-09],
        "max": [1.8778642416, 29.7054901123, 117.260520935, 87.7087249756, 165.241455078, 198.48765564, 290.150970459, 532.088317871, 394.244110107, 281.526275635, 200.577331543, 651.813049316, 633.166015625, 393.825073242, 277.51461792, 734.497192383, 1077.62805176, 307.643981934, 280.208526611, 473.998718262, 364.750640869, 329.6434021, 280.210418701, 289.489074707, 506.119445801, 136.658325195, 114.204696655, 111.567321777, 200.000762939, 181.443222046, 91.0762329102, 100.574356079, 92.4795150757, 60.2408447266, 18.8745098114, 4.58735561371, 2.20040225983, 0.245967537165, 0.00725633185357, 0.00032409070991],
        "mean": [0.203888073564, 2.66176271439, 8.64752864838, 9.00426959991, 9.99720573425, 10.4225730896, 14.3975133896, 16.7710380554, 10.9438295364, 10.5183944702, 12.5915842056, 31.2856864929, 29.0377407074, 23.1782417297, 24.6173553467, 25.5390377045, 27.5505695343, 31.6884269714, 41.4807929993, 35.5862808228, 39.8933601379, 40.3303947449, 40.5837135315, 37.309047699, 30.7618083954, 23.2342815399, 16.4411640167, 14.2764701843, 11.6367177963, 8.62587165833, 6.77243614197, 5.28819465637, 4.35480976105, 2.16457247734, 0.776694536209, 0.25953695178, 0.0722160190344, 0.0167296174914, 0.000485824333737, 5.89282426517e-05],
        "median": [0.0936393290758, 1.56992614269, 4.6931476593, 6.10673761368, 4.41042327881, 4.47949123383, 6.6009516716, 7.45129919052, 6.35185527802, 5.89078617096, 7.96074390411, 12.6858768463, 14.7465171814, 14.3504295349, 14.558637619, 15.392991066, 15.6928024292, 25.6933326721, 33.4438095093, 26.73138237, 32.7033538818, 32.7781906128, 33.3571777344, 34.4986190796, 26.0161075592, 20.8388938904, 15.3822278976, 12.4515657425, 8.04620933533, 3.80757260323, 3.0935292244, 2.70017337799, 2.12274909019, 0.901776850224, 0.356893539429, 0.154827013612, 0.0464657619596, 0.0116417547688, 0.000332641560817, 5.40958099009e-05],
        "min": [5.69202851219e-22, 5.50707326983e-21, 1.30003097802e-20, 4.09749667918e-20, 8.77802385831e-20, 1.31709991458e-19, 3.60042950269e-19, 9.26285948924e-19, 7.40908621495e-19, 9.66791742749e-19, 1.01427511523e-18, 7.45818662213e-19, 4.95131496315e-19, 1.03073962834e-18, 1.27222415143e-18, 2.95009850243e-18, 4.0992688878e-18, 4.77326516348e-18, 5.50673820675e-18, 1.17898077523e-17, 7.59915195039e-18, 1.11477278269e-17, 1.1709059208e-17, 9.45994106044e-18, 9.63786181994e-18, 9.7980006778e-18, 1.19530270307e-17, 1.16393907481e-17, 2.2631238043e-17, 1.16047997093e-17, 1.43305434617e-17, 1.77351559973e-17, 1.71680326975e-17, 1.00714351555e-17, 9.30955797072e-18, 6.28509034775e-18, 3.25835149361e-18, 1.5380930284e-18, 3.28047268133e-19, 3.49176524131e-20],
        "var": [0.0933616012335, 14.0848064423, 150.533172607, 114.939453125, 348.933166504, 546.888183594, 446.712921143, 914.697692871, 361.738494873, 317.139801025, 278.536193848, 2987.62231445, 3447.04101562, 1126.23681641, 1068.74133301, 1833.12609863, 2795.84790039, 941.758850098, 1369.14257812, 1438.7878418, 1451.53491211, 1338.4309082, 1373.39135742, 835.745849609, 886.894897461, 355.13684082, 168.63482666, 181.735290527, 206.625289917, 202.107681274, 99.7212982178, 52.5484542847, 52.808139801, 16.4612827301, 1.85717618465, 0.150817677379, 0.0138936219737, 0.000422952347435, 3.84723165325e-07, 1.52202872528e-09]
    },
    "gfcc": {
        "mean": [36.3251647949, 69.2414550781, -113.128448486, 48.5146789551, -47.1468162537, 20.3116092682, -37.7225875854, 14.8875541687, -25.0334644318, 3.44455003738, -18.8659324646, 0.603146612644, -12.5678052902],
        "cov": [[10831.2646484, 674.594787598, -210.167617798, 325.618591309, 183.632537842, 277.079437256, 215.000366211, 116.110198975, -99.1099395752, -1.46959793568, -33.1484031677, -20.8471908569, -31.7180500031], [674.594787598, 732.569213867, 29.6156482697, 10.9678850174, 216.063705444, -16.7959899902, 116.73916626, 16.2100143433, 36.6295318604, -50.5545005798, 5.33157730103, -51.1475372314, 14.3277215958], [-210.167617798, 29.6156482697, 426.217010498, 154.993499756, 65.1061325073, 40.7250137329, -63.0930747986, -14.958776474, 16.3972396851, 7.12053966522, -14.6123561859, -5.27044153214, 9.61757183075], [325.618591309, 10.9678850174, 154.993499756, 221.288208008, 35.894657135, 25.8081073761, -37.0447425842, -14.263425827, 25.3699111938, -1.18317568302, 7.88331127167, -13.707285881, 16.1576118469], [183.632537842, 216.063705444, 65.1061325073, 35.894657135, 247.560928345, 21.8277893066, 89.2838897705, 42.9094047546, 31.4695491791, -1.08225560188, -0.88214212656, -7.89143228531, -7.48198413849], [277.079437256, -16.7959899902, 40.7250137329, 25.8081073761, 21.8277893066, 123.415756226, 51.5961036682, 11.726483345, -12.0538129807, -2.5978808403, 2.5862994194, -13.8377256393, -7.20692014694], [215.000366211, 116.73916626, -63.0930747986, -37.0447425842, 89.2838897705, 51.5961036682, 213.785446167, 50.9778556824, 8.97306442261, 7.67834854126, 10.613615036, -1.2281242609, -20.1884841919], [116.110198975, 16.2100143433, -14.958776474, -14.263425827, 42.9094047546, 11.726483345, 50.9778556824, 81.1988601685, 32.6867980957, 5.68089294434, -2.46773505211, 1.02090287209, -6.05274772644], [-99.1099395752, 36.6295318604, 16.3972396851, 25.3699111938, 31.4695491791, -12.0538129807, 8.97306442261, 32.6867980957, 68.3249511719, 19.880865097, 5.5514831543, -0.42477118969, 5.49039649963], [-1.46959793568, -50.5545005798, 7.12053966522, -1.18317568302, -1.08225560188, -2.5978808403, 7.67834854126, 5.68089294434, 19.880865097, 68.3923721313, 24.5134868622, 17.9108409882, 3.37233519554], [-33.1484031677, 5.33157730103, -14.6123561859, 7.88331127167, -0.88214212656, 2.5862994194, 10.613615036, -2.46773505211, 5.5514831543, 24.5134868622, 51.8783187866, 23.5498409271, 8.15093708038], [-20.8471908569, -51.1475372314, -5.27044153214, -13.707285881, -7.89143228531, -13.8377256393, -1.2281242609, 1.02090287209, -0.42477118969, 17.9108409882, 23.5498409271, 70.0874252319, 23.815870285], [-31.7180500031, 14.3277215958, 9.61757183075, 16.1576118469, -7.48198413849, -7.20692014694, -20.1884841919, -6.05274772644, 5.49039649963, 3.37233519554, 8.15093708038, 23.815870285, 52.2003822327]],
        "icov": [[0.000160087802215, -0.000365135871107, 0.00034811272053, -0.000617036246695, 0.000158576454851, -0.00045190617675, 0.000197518631467, -0.000536822539289, 0.000744074117392, -0.000645896885544, 0.000717228860594, -0.000586922571529, 0.000418080046074], [-0.000365135871107, 0.00356357870623, -0.00125240080524, 0.00223455089144, -0.00238917116076, 0.0023863457609, -0.00186704238877, 0.00254411902279, -0.00300585874356, 0.00419349595904, -0.00407172460109, 0.004411930684, -0.00343282567337], [0.00034811272053, -0.00125240080524, 0.0045798337087, -0.0036726850085, -0.000453038490377, -0.00259385909885, 0.00207037408836, -0.000927904911805, 0.00174712366425, -0.00303678447381, 0.00414106342942, -0.0029195684474, 0.00181618588977], [-0.000617036246695, 0.00223455089144, -0.0036726850085, 0.00990243256092, -0.00177071313374, 0.000864667468704, -0.000410675507737, 0.00423799920827, -0.00641495548189, 0.00483107892796, -0.00628126692027, 0.00529100047424, -0.00424908241257], [0.000158576454851, -0.00238917116076, -0.000453038490377, -0.00177071313374, 0.00738556776196, -0.000824775954243, -0.00137564609759, -0.00280940975063, 0.000343809078913, -0.00165953137912, 0.0023382124491, -0.00254503032193, 0.00233769998886], [-0.00045190617675, 0.0023863457609, -0.00259385909885, 0.000864667468704, -0.000824775954243, 0.0128950374201, -0.00439232541248, -6.27465342404e-05, 0.00144534057472, 0.00296070985496, -0.00490815471858, 0.00588782457635, -0.0030263774097], [0.000197518631467, -0.00186704238877, 0.00207037408836, -0.000410675507737, -0.00137564609759, -0.00439232541248, 0.00896116811782, -0.00414636917412, 0.00203443551436, -0.00281496578828, 0.000969052256551, -0.0028810033109, 0.00369048584253], [-0.000536822539289, 0.00254411902279, -0.000927904911805, 0.00423799920827, -0.00280940975063, -6.27465342404e-05, -0.00414636917412, 0.0222772527486, -0.0135248787701, 0.00456258933991, -0.000674571667332, 0.00098533264827, -0.000813603866845], [0.000744074117392, -0.00300585874356, 0.00174712366425, -0.00641495548189, 0.000343809078913, 0.00144534057472, 0.00203443551436, -0.0135248787701, 0.0284740328789, -0.0109048299491, 0.00358785269782, -0.000751136511099, -9.96372909867e-05], [-0.000645896885544, 0.00419349595904, -0.00303678447381, 0.00483107892796, -0.00165953137912, 0.00296070985496, -0.00281496578828, 0.00456258933991, -0.0109048299491, 0.0255854316056, -0.0135565372184, 0.00265617668629, -0.00246906629764], [0.000717228860594, -0.00407172460109, 0.00414106342942, -0.00628126692027, 0.0023382124491, -0.00490815471858, 0.000969052256551, -0.000674571667332, 0.00358785269782, -0.0135565372184, 0.0339026898146, -0.0136616537347, 0.00412635551766], [-0.000586922571529, 0.004411930684, -0.0029195684474, 0.00529100047424, -0.00254503032193, 0.00588782457635, -0.0028810033109, 0.00098533264827, -0.000751136511099, 0.00265617668629, -0.0136616537347, 0.0275121238083, -0.0137307615951], [0.000418080046074, -0.00343282567337, 0.00181618588977, -0.00424908241257, 0.00233769998886, -0.0030263774097, 0.00369048584253, -0.000813603866845, -9.96372909867e-05, -0.00246906629764, 0.00412635551766, -0.0137307615951, 0.0283741876483]]
    },
    "melbands": {
        "dmean": [0.00187382276636, 0.00329517875798, 0.00113054434769, 0.000839016749524, 0.000342841784004, 0.000283167406451, 0.000115574257507, 7.3982970207e-05, 8.53289966471e-05, 0.000149749030243, 9.24956839299e-05, 5.61562119401e-05, 4.87723409606e-05, 3.71280002582e-05, 5.53485369892e-05, 2.97125552606e-05, 3.58059769496e-05, 4.32243577961e-05, 2.64989321295e-05, 2.79533778667e-05, 2.47513562499e-05, 2.14384490391e-05, 2.09698209801e-05, 2.0055582354e-05, 1.32915338327e-05, 1.09899992822e-05, 8.94249114936e-06, 6.78123979014e-06, 4.86330418425e-06, 4.15067597714e-06, 3.93578511648e-06, 3.4044774111e-06, 3.36668063028e-06, 2.95859922517e-06, 2.46286913352e-06, 1.87979037491e-06, 1.80423580787e-06, 1.87897876458e-06, 1.6016704194e-06, 9.64334162745e-07],
        "dmean2": [0.00311582395807, 0.00575408386067, 0.00194585788995, 0.00152157444973, 0.000552839774173, 0.000449481682153, 0.000194797146833, 0.000124434256577, 0.000133790352265, 0.000236472391407, 0.000147545812069, 8.7499145593e-05, 7.79825568316e-05, 6.02145591984e-05, 8.6518797616e-05, 4.80378657812e-05, 5.89058399783e-05, 7.15619607945e-05, 4.38507158833e-05, 4.61026356788e-05, 4.02091463911e-05, 3.46228953276e-05, 3.49405054294e-05, 3.36287921527e-05, 2.201164898e-05, 1.83156371349e-05, 1.46740640048e-05, 1.13613896247e-05, 8.20465629658e-06, 6.8210729296e-06, 6.494549325e-06, 5.44758859178e-06, 5.32785043106e-06, 4.49691651738e-06, 3.69200120076e-06, 2.8714639484e-06, 2.75812021755e-06, 2.85488499685e-06, 2.43545241574e-06, 1.43218323956e-06],
        "dvar": [1.23050440379e-05, 4.31881198892e-05, 3.1804727314e-06, 4.98164899909e-06, 3.198946672e-07, 3.12347310683e-07, 5.75773171363e-08, 2.12786606113e-08, 2.46189593156e-08, 9.14570463806e-08, 4.87559006501e-08, 1.21315322232e-08, 6.57995169462e-09, 6.01311800352e-09, 1.665271121e-08, 3.8948306802e-09, 2.40762143555e-09, 3.14325276918e-09, 1.71277414474e-09, 2.28533525437e-09, 1.3519539932e-09, 9.41294819867e-10, 1.02057184925e-09, 8.8929419384e-10, 2.44666620297e-10, 2.2071280914e-10, 1.41432449086e-10, 7.59447019161e-11, 4.21963956831e-11, 3.16079280804e-11, 4.36711430907e-11, 3.57737173218e-11, 5.19367188145e-11, 4.50835445365e-11, 2.37406830306e-11, 1.25498804057e-11, 1.45318375389e-11, 2.22033641473e-11, 1.50118112385e-11, 6.72272350635e-12],
        "dvar2": [3.21990628436e-05, 0.000120557167975, 8.81748928805e-06, 1.38367295222e-05, 7.69318262428e-07, 7.22836716704e-07, 1.66411155078e-07, 5.46001466262e-08, 5.63188926606e-08, 2.1447168308e-07, 1.10510541163e-07, 2.91210717762e-08, 1.57072594931e-08, 1.52190722247e-08, 3.37832375408e-08, 9.41433597745e-09, 6.30122620748e-09, 8.2706783644e-09, 4.33703561953e-09, 5.64907542966e-09, 3.51053142111e-09, 2.39920638911e-09, 2.78702150247e-09, 2.38653630191e-09, 6.22063456301e-10, 5.7583060542e-10, 3.61188967624e-10, 1.90833154834e-10, 1.14806240903e-10, 7.6125147852e-11, 9.99679991565e-11, 7.90761345293e-11, 1.12810379094e-10, 9.23530349417e-11, 4.99074045979e-11, 2.57249308661e-11, 3.55984304534e-11, 5.58195954736e-11, 3.70657254889e-11, 1.57955194063e-11],
        "max": [0.0237950496376, 0.0498504526913, 0.0150210987777, 0.0144696580246, 0.00897821877152, 0.010495425202, 0.00537581834942, 0.00253746495582, 0.00219574407674, 0.00369525514543, 0.00349650927819, 0.0019140833756, 0.000886704772711, 0.00126131018624, 0.00299647427164, 0.00127334473655, 0.00051689526299, 0.000640406564344, 0.000522845191881, 0.000631107308436, 0.000639692239929, 0.000505738949869, 0.00046025365009, 0.000386126106605, 0.000257524749031, 0.000329662347212, 0.000211432299693, 0.000110825938464, 7.52021296648e-05, 6.86230923748e-05, 7.53529093345e-05, 0.000102513142338, 0.000117351119115, 0.000110256391054, 6.44958490739e-05, 4.21625409217e-05, 8.18742264528e-05, 9.01161401998e-05, 6.58376666252e-05, 4.63291871711e-05],
        "mean": [0.00238166656345, 0.00430764444172, 0.00162715546321, 0.000771171820816, 0.000480851507746, 0.000380005076295, 0.00015946548956, 0.000107896601548, 0.000127340681502, 0.000192422201508, 0.000145710509969, 9.89674954326e-05, 8.22599540697e-05, 6.05135064689e-05, 8.47248229547e-05, 4.58126160083e-05, 6.29700880381e-05, 7.48167949496e-05, 4.54859873571e-05, 4.81637180201e-05, 4.6748915338e-05, 4.08831547247e-05, 3.92895162804e-05, 3.69488770957e-05, 2.94050187222e-05, 2.36158339249e-05, 1.92173774849e-05, 1.4227115571e-05, 1.03585662146e-05, 8.65151014295e-06, 8.20970399218e-06, 6.59740135234e-06, 5.52874234927e-06, 4.5838000915e-06, 4.10242819271e-06, 3.24777488458e-06, 3.26356507685e-06, 3.16985210702e-06, 2.6816285299e-06, 1.53714972839e-06],
        "median": [0.00130675337277, 0.00268989033066, 0.00110555149149, 0.0003236529883, 0.000241915346123, 0.000173727166839, 9.13870680961e-05, 5.94401062699e-05, 7.16693102731e-05, 8.10365381767e-05, 7.09573942004e-05, 5.5392167269e-05, 4.45358309662e-05, 3.66235544789e-05, 4.12734116253e-05, 2.93061511911e-05, 4.82693722006e-05, 5.53806894459e-05, 3.46087072103e-05, 3.51778253389e-05, 3.54637413693e-05, 3.29360555043e-05, 3.03159431496e-05, 2.7841570045e-05, 2.67393170361e-05, 1.97575918719e-05, 1.54543504323e-05, 1.26096065287e-05, 9.71166900854e-06, 7.35424828235e-06, 7.00799773767e-06, 4.75132628708e-06, 2.79875166598e-06, 1.84941154657e-06, 1.94193580683e-06, 1.41098064432e-06, 1.80603910849e-06, 1.58977195497e-06, 1.18425612072e-06, 5.87739691582e-07],
        "min": [5.90852163731e-24, 6.94537911189e-24, 7.809278833e-24, 9.18274010039e-24, 1.14475581816e-23, 2.00738705093e-23, 1.20930814826e-23, 9.39190499169e-24, 7.7204444176e-24, 4.96103934228e-24, 2.30348133742e-24, 3.66923030618e-24, 4.36622047038e-24, 5.15321571956e-24, 1.140469148e-23, 7.93965545253e-24, 8.64107664843e-24, 9.0612815534e-24, 8.30198163288e-24, 2.02206585911e-23, 6.88412485146e-24, 1.22693713845e-23, 8.50191527386e-24, 1.35629028984e-23, 6.81534722458e-24, 4.8901530902e-24, 8.03156011457e-24, 6.12326022534e-24, 7.41243525488e-24, 6.88657268685e-24, 6.76984651643e-24, 1.36429186377e-23, 7.91022068557e-24, 6.60622374848e-24, 8.66908673259e-24, 9.52425376348e-24, 1.00735210457e-23, 1.16124671872e-23, 1.15813332139e-23, 7.18170211757e-24],
        "var": [1.15568045658e-05, 3.34615760949e-05, 3.20825733979e-06, 3.24970960719e-06, 4.27133528547e-07, 4.15616170812e-07, 7.34018854587e-08, 3.11096997052e-08, 3.47080479912e-08, 1.10165188971e-07, 9.68676800994e-08, 2.77388405578e-08, 1.38239908409e-08, 9.14055497958e-09, 3.2152978946e-08, 5.61858559678e-09, 3.89556653602e-09, 5.49963630192e-09, 2.51137977081e-09, 3.36245675747e-09, 2.68892197397e-09, 1.68348401886e-09, 1.70666203392e-09, 1.47885870216e-09, 5.58820045793e-10, 4.93894425357e-10, 3.22758014759e-10, 1.48150547385e-10, 7.07096256547e-11, 6.2319253924e-11, 6.82170361865e-11, 5.97716043327e-11, 7.64116478424e-11, 6.85888429386e-11, 3.98381813649e-11, 2.24381953989e-11, 2.07388585471e-11, 2.98178669256e-11, 2.29881790687e-11, 9.80513933935e-12]
    },
    "mfcc": {
        "mean": [-603.657287598, 95.5372924805, -0.486905753613, 31.3675498962, 15.3075361252, 8.64128112793, 5.25997400284, 6.97443675995, 3.09530258179, 3.9952352047, 0.269035458565, -1.20086503029, -4.63459253311],
        "cov": [[8963.19238281, 518.311523438, -162.934738159, 177.865539551, -4.52168941498, 209.792816162, 291.471191406, 172.840454102, 98.3921432495, 106.328063965, -74.8743209839, 66.8734664917, -42.3082962036], [518.311523438, 729.454284668, -124.605766296, 93.0685272217, 75.2942657471, 30.0533447266, 87.3846740723, 73.8071517944, 55.3989524841, 41.493309021, 25.645904541, -14.6439399719, -15.0518894196], [-162.934738159, -124.605766296, 392.419616699, 66.02003479, 100.058494568, 50.2963676453, -45.9053878784, -35.276309967, -13.3222970963, -19.075592041, -4.24646902084, -36.9584732056, 16.6710586548], [177.865539551, 93.0685272217, 66.02003479, 179.469650269, 88.6809158325, 25.0274772644, -2.22380614281, 11.5552816391, 21.6353931427, 16.7579536438, 1.10477495193, -6.44502878189, 21.5976886749], [-4.52168941498, 75.2942657471, 100.058494568, 88.6809158325, 191.373718262, 25.6456394196, -20.5064849854, 7.14304733276, 7.60862541199, 17.7497425079, 3.68708825111, -39.0230484009, 14.3101472855], [209.792816162, 30.0533447266, 50.2963676453, 25.0274772644, 25.6456394196, 101.287536621, 58.4908180237, 13.2568149567, 15.2118434906, 5.75507545471, 8.77716255188, 8.04827785492, -3.05183768272], [291.471191406, 87.3846740723, -45.9053878784, -2.22380614281, -20.5064849854, 58.4908180237, 134.350311279, 52.8670120239, 30.617773056, 18.7894687653, 15.927148819, 26.8964328766, -6.6762213707], [172.840454102, 73.8071517944, -35.276309967, 11.5552816391, 7.14304733276, 13.2568149567, 52.8670120239, 94.4226455688, 33.8285179138, 19.6748428345, 11.5720472336, 0.91557687521, 1.5650305748], [98.3921432495, 55.3989524841, -13.3222970963, 21.6353931427, 7.60862541199, 15.2118434906, 30.617773056, 33.8285179138, 69.0102005005, 29.9718952179, 10.6878204346, 6.67167425156, -1.12830936909], [106.328063965, 41.493309021, -19.075592041, 16.7579536438, 17.7497425079, 5.75507545471, 18.7894687653, 19.6748428345, 29.9718952179, 70.9213562012, 25.569644928, 1.36595499516, -5.25419950485], [-74.8743209839, 25.645904541, -4.24646902084, 1.10477495193, 3.68708825111, 8.77716255188, 15.927148819, 11.5720472336, 10.6878204346, 25.569644928, 61.5208473206, 15.4670667648, 0.987657010555], [66.8734664917, -14.6439399719, -36.9584732056, -6.44502878189, -39.0230484009, 8.04827785492, 26.8964328766, 0.91557687521, 6.67167425156, 1.36595499516, 15.4670667648, 67.6670303345, 14.6076917648], [-42.3082962036, -15.0518894196, 16.6710586548, 21.5976886749, 14.3101472855, -3.05183768272, -6.6762213707, 1.5650305748, -1.12830936909, -5.25419950485, 0.987657010555, 14.6076917648, 50.6545181274]],
