{
"lowlevel": {
    "average_loudness": 0.813881337643,
    "barkbands_crest": {
        "dmean": 3.11536049843,
        "dmean2": 5.06402254105,
        "dvar": 8.83446216583,
        "dvar2": 20.1797485352,
        "max": 26.1037597656,
        "mean": 11.0714979172,
        "median": 10.0561122894,
        "min": 2.58846116066,
        "var": 26.4654750824
    },
    "barkbands_flatness_db": {
        "dmean": 0.0249065160751,
        "dmean2": 0.0394498929381,
        "dvar": 0.000527366355527,
        "dvar2": 0.00121351459529,
        "max": 0.505460441113,
        "mean": 0.174062743783,
        "median": 0.162913128734,
        "min": 0.0555143579841,
        "var": 0.00428126379848
    },
    "barkbands_kurtosis": {
        "dmean": 2.88700532913,
        "dmean2": 4.57816076279,
        "dvar": 24.9152851105,
        "dvar2": 51.6440086365,
        "max": 97.7259597778,
        "mean": 3.64215111732,
        "median": 1.00318479538,
        "min": -1.80321073532,
        "var": 84.522315979
    },
    "barkbands_skewness": {
        "dmean": 0.645730376244,
        "dmean2": 0.975374937057,
        "dvar": 0.451893001795,
        "dvar2": 0.951804459095,
        "max": 8.90828514099,
        "mean": 1.39942193031,
        "median": 1.261708498,
        "min": -2.54699635506,
        "var": 1.82533180714
    },
    "barkbands_spread": {
        "dmean": 8.15296173096,
        "dmean2": 12.6302347183,
        "dvar": 62.2914886475,
        "dvar2": 150.216247559,
        "max": 83.3921203613,
        "mean": 30.4537982941,
        "median": 27.1808223724,
        "min": 0.329640239477,
        "var": 335.139801025
    },
    "dissonance": {
        "dmean": 0.0161505769938,
        "dmean2": 0.0274914093316,
        "dvar": 0.00037598705967,
        "dvar2": 0.00105055549648,
        "max": 0.5,
        "mean": 0.474155664444,
        "median": 0.484184116125,
        "min": 0.179725795984,
        "var": 0.000977240386419
    },
    "dynamic_complexity": 3.48156380653,
    "erbbands_crest": {
        "dmean": 2.71084713936,
        "dmean2": 4.53197002411,
        "dvar": 8.08577156067,
        "dvar2": 19.0924606323,
        "max": 28.1096611023,
        "mean": 7.86730003357,
        "median": 6.44888544083,
        "min": 2.46511149406,
        "var": 18.7122955322
    },
    "erbbands_flatness_db": {
        "dmean": 0.017138056457,
        "dmean2": 0.0265467185527,
        "dvar": 0.000290876138024,
        "dvar2": 0.000659221201204,
        "max": 0.484277456999,
        "mean": 0.180292412639,
        "median": 0.163947358727,
        "min": 0.0966202840209,
        "var": 0.00359603762627
    },
    "erbbands_kurtosis": {
        "dmean": 1.17322516441,
        "dmean2": 1.89306342602,
        "dvar": 7.4654545784,
        "dvar2": 15.7753200531,
        "max": 91.7893447876,
        "mean": 0.701100945473,
        "median": -0.263703107834,
        "min": -1.64379310608,
        "var": 20.9928798676
    },
    "erbbands_skewness": {
        "dmean": 0.441065102816,
        "dmean2": 0.675728797913,
        "dvar": 0.203304618597,
        "dvar2": 0.489247262478,
        "max": 7.03739023209,
        "mean": -0.161424607038,
        "median": -0.188234135509,
        "min": -2.09818267822,
        "var": 0.865217745304
    },
    "erbbands_spread": {
        "dmean": 9.55037212372,
        "dmean2": 15.0827121735,
        "dvar": 84.4959945679,
        "dvar2": 201.10786438,
        "max": 124.198059082,
        "mean": 42.6942672729,
        "median": 39.8747177124,
        "min": 0.764021635056,
        "var": 390.372467041
    },
    "hfc": {
        "dmean": 7.29291534424,
        "dmean2": 10.1792030334,
        "dvar": 147.064682007,
        "dvar2": 252.906616211,
        "max": 162.128799438,
        "mean": 21.3773117065,
        "median": 10.696811676,
        "min": 0.0384160354733,
        "var": 603.954223633
    },
    "melbands_crest": {
        "dmean": 3.55474662781,
        "dmean2": 5.76381063461,
        "dvar": 11.4861698151,
        "dvar2": 29.0446815491,
        "max": 28.5685119629,
        "mean": 15.4628152847,
        "median": 15.3505458832,
        "min": 3.5326924324,
        "var": 29.5091876984
    },
    "melbands_flatness_db": {
        "dmean": 0.0312191732228,
        "dmean2": 0.0465165711939,
        "dvar": 0.00083221757086,
        "dvar2": 0.00163993053138,
        "max": 0.604958355427,
        "mean": 0.197984158993,
        "median": 0.187016680837,
        "min": 0.0307328421623,
        "var": 0.00910268444568
    },
    "melbands_kurtosis": {
        "dmean": 9.10512638092,
        "dmean2": 14.4852285385,
        "dvar": 214.693374634,
        "dvar2": 488.45803833,
        "max": 218.230438232,
        "mean": 17.2135314941,
        "median": 8.19617271423,
        "min": -1.54047143459,
        "var": 646.729736328
    },
    "melbands_skewness": {
        "dmean": 0.947261691093,
        "dmean2": 1.45653271675,
        "dvar": 1.04974830151,
        "dvar2": 2.27875351906,
        "max": 12.4836997986,
        "mean": 3.05584335327,
        "median": 2.51835680008,
        "min": -1.58461272717,
        "var": 4.82298183441
    },
    "melbands_spread": {
        "dmean": 11.0131225586,
        "dmean2": 16.655670166,
        "dvar": 193.447738647,
        "dvar2": 367.937957764,
        "max": 148.754577637,
        "mean": 30.1041545868,
        "median": 22.9308815002,
        "min": 0.868579447269,
        "var": 607.26385498
    },
    "pitch_salience": {
        "dmean": 0.0896424204111,
        "dmean2": 0.139228075743,
        "dvar": 0.00601131655276,
        "dvar2": 0.0139467027038,
        "max": 0.882889151573,
        "mean": 0.505517959595,
        "median": 0.52171754837,
        "min": 0.0966348573565,
        "var": 0.0192097611725
    },
    "silence_rate_20dB": {
        "dmean": 0,
        "dmean2": 0,
        "dvar": 0,
        "dvar2": 0,
        "max": 1,
        "mean": 1,
        "median": 1,
        "min": 1,
        "var": 0
    },
    "silence_rate_30dB": {
        "dmean": 0.020030817017,
        "dmean2": 0.0400925204158,
        "dvar": 0.0196294896305,
        "dvar2": 0.0477369613945,
        "max": 1,
        "mean": 0.983063876629,
        "median": 1,
        "min": 0,
        "var": 0.0166493039578
    },
    "silence_rate_60dB": {
        "dmean": 0.0739599391818,
        "dmean2": 0.148033931851,
        "dvar": 0.0684901103377,
        "dvar2": 0.143080353737,
        "max": 1,
        "mean": 0.103926099837,
        "median": 0,
        "min": 0,
        "var": 0.0931271389127
    },
    "spectral_centroid": {
        "dmean": 352.534912109,
        "dmean2": 535.225219727,
        "dvar": 113364.804688,
        "dvar2": 235123.390625,
        "max": 4131.96533203,
        "mean": 1909.6953125,
        "median": 1871.27697754,
        "min": 202.154434204,
        "var": 773977.625
    },
    "spectral_complexity": {
        "dmean": 4.94453001022,
        "dmean2": 7.59676170349,
        "dvar": 30.4422512054,
        "dvar2": 55.9985237122,
        "max": 60,
        "mean": 20.3010005951,
        "median": 15,
        "min": 0,
        "var": 195.374389648
    },
    "spectral_decrease": {
        "dmean": 2.66099609014e-09,
        "dmean2": 4.24286872303e-09,
        "dvar": 1.94251637437e-17,
        "dvar2": 4.7866109782e-17,
        "max": -2.71749393821e-11,
        "mean": -6.36032826407e-09,
        "median": -3.30694649442e-09,
        "min": -4.42062635386e-08,
        "var": 5.23088306776e-17
    },
    "spectral_energy": {
        "dmean": 0.0104551771656,
        "dmean2": 0.0165679845959,
        "dvar": 0.00029051155434,
        "dvar2": 0.000706704158802,
        "max": 0.171038225293,
        "mean": 0.0259442850947,
        "median": 0.0138562154025,
        "min": 0.000106048908492,
        "var": 0.000820865738206
    },
    "spectral_energyband_high": {
        "dmean": 0.000707153638359,
        "dmean2": 0.000923936255276,
        "dvar": 1.56675366725e-06,
        "dvar2": 2.50158996096e-06,
        "max": 0.0179841984063,
        "mean": 0.00182520435192,
        "median": 0.000618286721874,
        "min": 3.23873905472e-08,
        "var": 6.75419232721e-06
    },
    "spectral_energyband_low": {
        "dmean": 0.00708426395431,
        "dmean2": 0.0115358652547,
        "dvar": 0.000229550845688,
        "dvar2": 0.000643634528387,
        "max": 0.157746016979,
        "mean": 0.0150989638641,
        "median": 0.0052057527937,
        "min": 3.54281519321e-06,
        "var": 0.000531817262527
    },
    "spectral_energyband_middle_high": {
        "dmean": 0.00135861942545,
        "dmean2": 0.00206026341766,
        "dvar": 5.4202910178e-06,
        "dvar2": 1.16570136015e-05,
        "max": 0.04830307886,
        "mean": 0.00334169343114,
        "median": 0.00208565453067,
        "min": 1.84575037565e-06,
        "var": 1.70970579347e-05
    },
    "spectral_energyband_middle_low": {
        "dmean": 0.00518188765272,
        "dmean2": 0.00891310162842,
        "dvar": 0.000163756529219,
        "dvar2": 0.000450054125395,
        "max": 0.137806907296,
        "mean": 0.00614777207375,
        "median": 0.00298375892453,
        "min": 1.79788585228e-05,
        "var": 0.00013250624761
    },
    "spectral_entropy": {
        "dmean": 0.146863803267,
        "dmean2": 0.223881214857,
        "dvar": 0.0247917585075,
        "dvar2": 0.0546966046095,
        "max": 8.40129375458,
        "mean": 7.63556528091,
        "median": 7.82039499283,
        "min": 4.41849136353,
        "var": 0.37774515152
    },
    "spectral_flux": {
        "dmean": 0.025267470628,
        "dmean2": 0.0394636802375,
        "dvar": 0.00102409592364,
        "dvar2": 0.00197059591301,
        "max": 0.380534291267,
        "mean": 0.0823310539126,
        "median": 0.0701994299889,
        "min": 0.00421546958387,
        "var": 0.00307840132155
    },
    "spectral_kurtosis": {
        "dmean": 2.60408258438,
        "dmean2": 4.49087524414,
        "dvar": 48.5047798157,
        "dvar2": 120.164573669,
        "max": 163.040023804,
        "mean": 4.78985595703,
        "median": 1.52178478241,
        "min": -0.420852661133,
        "var": 185.577301025
    },
    "spectral_rms": {
        "dmean": 0.000942060607485,
        "dmean2": 0.0014645649353,
        "dvar": 1.26535428535e-06,
        "dvar2": 2.74284138868e-06,
        "max": 0.0129176843911,
        "mean": 0.00436349166557,
        "median": 0.00367671856657,
        "min": 0.000321655621519,
        "var": 6.27143572274e-06
    },
    "spectral_rolloff": {
        "dmean": 733.324035645,
        "dmean2": 1164.83496094,
        "dvar": 843869.3125,
        "dvar2": 1709795,
        "max": 7816.55273438,
        "mean": 1874.26965332,
        "median": 1378.125,
        "min": 86.1328125,
        "var": 2856084.25
    },
    "spectral_skewness": {
        "dmean": 0.272866606712,
        "dmean2": 0.442859202623,
        "dvar": 0.167845338583,
        "dvar2": 0.409509062767,
        "max": 10.5761413574,
        "mean": 1.12533175945,
        "median": 0.823024630547,
        "min": 0.0044630235061,
        "var": 1.17456948757
    },
    "spectral_spread": {
        "dmean": 395749.15625,
        "dmean2": 587582.6875,
        "dvar": 125598089216,
        "dvar2": 243052658688,
        "max": 9037999,
        "mean": 3897388.5,
        "median": 3934017.25,
        "min": 487657,
        "var": 1.57501004186e+12
    },
    "spectral_strongpeak": {
        "dmean": 0.324224412441,
        "dmean2": 0.551382362843,
        "dvar": 0.336969345808,
        "dvar2": 0.91323530674,
        "max": 6.41241884232,
        "mean": 0.490903496742,
        "median": 0.293386816978,
        "min": 0.013471737504,
        "var": 0.326726466417
    },
    "zerocrossingrate": {
        "dmean": 0.012635123916,
        "dmean2": 0.0146717783064,
        "dvar": 0.000158544018632,
        "dvar2": 0.000177023655851,
        "max": 0.2607421875,
        "mean": 0.0713619887829,
        "median": 0.0634765625,
        "min": 0.00390625,
        "var": 0.0016249428736
    },
    "barkbands": {
        "dmean": [0.000155629008077, 0.00521707674488, 0.00226933904923, 0.000834947626572, 0.00261853425764, 0.00123708078172, 0.000778434448875, 0.000213276318391, 0.000619875732809, 0.000372336246073, 0.00016791827511, 0.00018191280833, 0.000252504192758, 0.000142831617268, 0.000209685284062, 0.000183017458767, 0.00020304179634, 0.000177890280611, 0.000257185252849, 0.000251000194112, 0.000189942482393, 0.000232343765674, 0.000152722423081, 0.000112890142191, 5.72710123379e-05, 9.87491759474e-08, 5.93564877249e-08],
        "dmean2": [0.000267091265414, 0.00833446159959, 0.00395388575271, 0.00140631245449, 0.00485900882632, 0.00212139217183, 0.00131261989009, 0.000364094332326, 0.00100056594238, 0.000622532214038, 0.000278309686109, 0.000304508081172, 0.000417155446485, 0.000239294284256, 0.000333428033628, 0.000300127168885, 0.00033435394289, 0.000282569322735, 0.000403367477702, 0.000383764796425, 0.000282105116639, 0.000337454228429, 0.000212041151826, 0.000161255913554, 8.61998414621e-05, 1.69479235979e-07, 1.05036846776e-07],
        "dvar": [7.36278238378e-08, 0.000140458869282, 5.23314374732e-05, 7.135314263e-06, 0.000110713088361, 4.20276410296e-06, 1.86940098956e-06, 1.59536639899e-07, 3.89755450669e-06, 1.01142404674e-06, 3.7326580582e-07, 1.35335284313e-07, 3.83180577046e-07, 7.27197431161e-08, 8.47423748951e-08, 9.58158423714e-08, 1.44226078191e-07, 6.7441767726e-08, 2.29115983075e-07, 2.49650128126e-07, 1.33002330927e-07, 1.88328954209e-07, 7.09358971562e-08, 3.94697394768e-08, 1.29353141531e-08, 2.25355731255e-13, 8.14832820358e-14],
        "dvar2": [1.917220942e-07, 0.000382520025596, 0.000147097802255, 1.76890480361e-05, 0.000323614716763, 1.100710233e-05, 4.61651279693e-06, 4.14793930759e-07, 9.48865636019e-06, 2.57083365796e-06, 9.39692995416e-07, 3.42044955914e-07, 1.0109199593e-06, 1.8937261359e-07, 2.04509447599e-07, 2.21021423386e-07, 3.73270182763e-07, 1.57962674052e-07, 5.27291035723e-07, 5.72474675664e-07, 2.65550113454e-07, 3.62912743412e-07, 1.26892388153e-07, 7.69254100419e-08, 2.65304826996e-08, 5.8380638648e-13, 2.11606109696e-13],
        "max": [0.00307332561351, 0.142732799053, 0.0769987329841, 0.0343351662159, 0.113753989339, 0.0169320516288, 0.0148761235178, 0.00423061661422, 0.0259830225259, 0.0182582065463, 0.0169372204691, 0.00622283760458, 0.0109727270901, 0.00414625648409, 0.00308942305855, 0.00442575337365, 0.004852254875, 0.00290758605115, 0.00494166649878, 0.007812124677, 0.00437622936442, 0.00508951442316, 0.00346712279133, 0.0023916226346, 0.00147448887583, 8.26590530778e-06, 3.80264100386e-06],
        "mean": [0.000240355540882, 0.0113162649795, 0.00314077408984, 0.000859299732838, 0.00207398505881, 0.00130828970578, 0.000818975910079, 0.000227858763537, 0.000734319852199, 0.000438811635831, 0.000220610352699, 0.000206429715035, 0.000373615563149, 0.000175456370926, 0.00030360481469, 0.000317389407428, 0.000357657903805, 0.000330538663547, 0.000459029397462, 0.000516478496138, 0.000419643998612, 0.000488891091663, 0.000302448112052, 0.00022520722996, 8.82708845893e-05, 7.74156845296e-08, 4.69988385987e-08],
        "median": [9.49023014982e-05, 0.00336801982485, 0.00106290227268, 0.000194784064661, 0.000568474119063, 0.000514528132044, 0.000337191100698, 0.000101266356069, 0.00015756074572, 0.000169261882547, 4.30858854088e-05, 6.68643479003e-05, 0.000188547594007, 8.27089606901e-05, 0.000175405686605, 0.00012917908316, 0.000131107357447, 0.000155877860379, 0.000177527719643, 0.000182863135706, 0.000141525320942, 0.000165076373378, 0.000102666046587, 5.80464584345e-05, 1.85839035112e-05, 2.46905468293e-10, 2.44927855775e-10],
        "min": [2.11494946001e-08, 3.93238593688e-07, 2.08051432082e-07, 8.35426760659e-07, 2.12191662285e-06, 3.97616474856e-07, 1.33300113703e-06, 5.71288367723e-08, 7.11482854854e-08, 1.03663062134e-07, 8.22765144903e-09, 1.632839286e-08, 9.14767497306e-08, 1.66743614471e-08, 4.85173856646e-08, 1.33855388995e-08, 7.98990740236e-09, 6.5457759213e-09, 8.1465039159e-09, 4.78922723701e-09, 3.63059826647e-09, 1.45813028318e-09, 2.43858488957e-10, 1.37195177094e-11, 6.48726471847e-12, 9.15716634464e-12, 1.36222023245e-11],
        "var": [1.15294994885e-07, 0.000380774406949, 4.59617185697e-05, 7.6107771747e-06, 6.27725821687e-05, 4.09628228226e-06, 2.00186809707e-06, 1.51550068495e-07, 5.11794223712e-06, 1.14364343062e-06, 6.04160277362e-07, 2.32462326721e-07, 5.03223134274e-07, 7.88886609371e-08, 1.36187580324e-07, 2.01837551117e-07, 2.88490838329e-07, 1.67326049905e-07, 4.67190375275e-07, 6.84119868311e-07, 4.10542838836e-07, 5.62853131214e-07, 2.08583415429e-07, 1.13765217691e-07, 2.73098699211e-08, 1.77920788454e-13, 6.34055457335e-14]
    },
    "erbbands": {
        "dmean": [0.138858541846, 1.26751601696, 2.7235417366, 2.29012846947, 6.54609727859, 8.64289474487, 7.62858200073, 11.8049716949, 12.6315002441, 8.34161663055, 4.11990976334, 14.1881980896, 13.1601247787, 9.77596759796, 7.29194545746, 7.71535396576, 11.0280714035, 7.99881267548, 9.9800786972, 9.46812820435, 10.4082670212, 11.0666007996, 9.54230117798, 11.9660606384, 12.118481636, 11.978471756, 8.93105316162, 8.18835449219, 8.94053840637, 5.79356765747, 4.26205301285, 2.87916207314, 1.70483827591, 0.929836273193, 0.251659154892, 0.00637571327388, 0.000414554262534, 7.22857221263e-05, 1.77301753865e-05, 1.31539873109e-05],
        "dmean2": [0.223239824176, 2.03185510635, 4.55064868927, 3.72171330452, 12.0243301392, 16.1129322052, 13.2877731323, 20.1342124939, 21.6035823822, 14.1953725815, 6.92972612381, 22.2129688263, 22.6457099915, 16.1743469238, 12.3231010437, 12.9423713684, 18.2727489471, 13.2337350845, 16.1548786163, 15.438454628, 17.0680027008, 18.0715389252, 15.0491552353, 19.0787086487, 19.1176891327, 18.4565887451, 13.2861909866, 12.3121862411, 13.0133876801, 8.34886646271, 6.10932922363, 4.23604488373, 2.4274585247, 1.41663777828, 0.3891697824, 0.00983860902488, 0.00063240545569, 0.000114767535706, 2.77133676718e-05, 2.0436495106e-05],
        "dvar": [0.100422807038, 8.19177818298, 54.1063232422, 47.0348510742, 652.876281738, 1293.14477539, 378.132476807, 422.15057373, 407.264434814, 276.487762451, 79.1566772461, 2183.30883789, 1383.46557617, 1041.8145752, 1004.71734619, 230.535675049, 667.134521484, 230.617385864, 187.947921753, 321.420074463, 270.486358643, 464.134307861, 220.006912231, 495.880401611, 523.979614258, 585.762451172, 296.878997803, 242.257217407, 282.753692627, 111.254150391, 58.228729248, 28.3963088989, 8.27896404266, 3.32910728455, 0.261586368084, 0.00016438345483, 1.14076988211e-06, 5.54396812902e-08, 2.51651033345e-09, 4.55635168484e-10],
        "dvar2": [0.300632059574, 21.7750434875, 146.115447998, 106.291427612, 1938.64941406, 3760.13598633, 1047.38879395, 1106.04870605, 1037.11303711, 713.958312988, 202.746139526, 5163.79492188, 3797.45996094, 2813.67895508, 3050.14746094, 572.42010498, 1791.77368164, 595.45880127, 462.99307251, 757.774414062, 646.270385742, 1189.33911133, 503.033782959, 1173.64074707, 1173.45532227, 1411.57629395, 567.335205078, 537.071899414, 523.883666992, 215.471908569, 112.422744751, 58.4755744934, 16.2713756561, 6.76165485382, 0.57015222311, 0.000359248690074, 2.73181422017e-06, 1.37159631208e-07, 6.10131767331e-09, 1.04528241618e-09],
        "max": [3.09275960922, 34.9889602661, 85.8562088013, 86.2581863403, 278.753295898, 414.261932373, 178.921463013, 195.044082642, 213.299301147, 181.536529541, 173.104446411, 729.868286133, 504.382324219, 812.891662598, 817.340454102, 237.897415161, 459.413330078, 249.388824463, 149.30090332, 228.85534668, 194.851928711, 307.5730896, 153.440979004, 284.937805176, 235.483963013, 367.553131104, 297.890563965, 176.955459595, 218.609390259, 135.988555908, 86.011932373, 63.2884101868, 37.4268913269, 21.741985321, 6.84504079819, 0.170124605298, 0.0173283815384, 0.00345045118593, 0.000779764959589, 0.000216633256059],
        "mean": [0.243922933936, 2.75557923317, 4.75989151001, 2.85048317909, 5.19339036942, 6.59869670868, 7.24612665176, 12.7197771072, 13.0736322403, 8.84908866882, 5.19973039627, 16.4779434204, 15.434923172, 12.8186988831, 9.65528106689, 9.42615604401, 16.626789093, 11.2631492615, 15.7137088776, 13.2784776688, 19.1393680573, 20.7623977661, 17.7460079193, 21.6149463654, 22.6954154968, 23.9583339691, 20.6324462891, 16.6769428253, 18.4662132263, 11.9171361923, 8.19156742096, 5.57315397263, 3.27044463158, 1.52988374233, 0.325378000736, 0.008560359478, 0.000554758997168, 9.15119817364e-05, 3.18795755447e-05, 3.48717730958e-05],
        "median": [0.0633433237672, 0.781803548336, 1.99767768383, 0.855463027954, 1.15652191639, 1.68834209442, 2.38218522072, 5.02891588211, 5.80306863785, 3.72372031212, 2.5203101635, 3.86017990112, 4.06545782089, 5.32910108566, 2.0655143261, 3.59882092476, 8.77738285065, 5.9147310257, 9.94057369232, 6.659968853, 8.20800590515, 7.67835187912, 8.58290576935, 9.42854404449, 8.67849636078, 8.77937698364, 6.3207654953, 5.75318050385, 6.56484174728, 4.49876070023, 2.69302225113, 1.4224063158, 0.883408844471, 0.395612716675, 0.0393576696515, 0.00145199825056, 0.000111966815894, 1.77288420673e-05, 1.44279429151e-05, 1.92967327166e-05],
        "min": [9.00399845705e-06, 0.000124538433738, 0.000986557803117, 0.00339885964058, 0.00463327625766, 0.00537865608931, 0.00452813366428, 0.00720091117546, 0.0173270460218, 0.00520202796906, 0.0014665867202, 0.00188660086133, 0.00516045792028, 0.0023937788792, 0.000835748389363, 0.0026608929038, 0.00375312217511, 0.00151290534995, 0.00306282029487, 0.00100683514029, 0.000841940403916, 0.000670942594297, 0.000370173482224, 0.000359897123417, 0.000366023305105, 0.000195746135432, 0.000206605080166, 0.000111742519948, 7.36606234568e-05, 4.89497542731e-05, 1.80992337846e-05, 6.2864633037e-06, 1.84646626167e-06, 5.69478970647e-07, 2.38537353425e-07, 1.12805849994e-07, 5.57973720561e-08, 1.6337128983e-08, 5.18352045731e-08, 1.18175933039e-07],
        "var": [0.182632401586, 23.4864387512, 65.9307174683, 58.2804870605, 393.976409912, 726.507385254, 274.721496582, 427.303405762, 400.359283447, 259.995697021, 89.4779052734, 2861.89111328, 1543.04614258, 1093.48583984, 1232.45239258, 369.662628174, 881.170593262, 287.899108887, 316.150817871, 463.600280762, 611.572692871, 967.188720703, 517.359863281, 940.431884766, 1154.72558594, 1437.06188965, 1071.21618652, 657.286743164, 839.664428711, 321.612792969, 151.964309692, 71.4381713867, 24.3787651062, 7.28951263428, 0.490678429604, 0.000313517637551, 1.51467088472e-06, 5.82902686119e-08, 3.21490123412e-09, 1.39417577483e-09]
    },
    "gfcc": {
        "mean": [-38.4308433533, 114.169845581, -145.34387207, 71.7921524048, -66.7094726562, 19.2918510437, -28.1730632782, -1.08147585392, -4.03119945526, -8.10356616974, 6.1573548317, -13.2926893234, 3.77124595642],
        "cov": [[9195.63964844, -3736.77685547, 650.971923828, 1769.6003418, -913.795288086, 1433.6126709, -718.315368652, 1238.47509766, -240.513595581, 386.41317749, -301.272766113, 3.46353387833, 146.428237915], [-3736.77685547, 2532.5559082, -163.036743164, -908.950683594, 572.95880127, -868.262817383, 494.373840332, -625.506713867, 213.133041382, -232.160217285, 205.05015564, 50.2350234985, -42.205165863], [650.971923828, -163.036743164, 954.111877441, 273.120269775, 41.0154876709, 189.097549438, -133.489013672, 169.290054321, -73.2196426392, 61.3381271362, -85.5913543701, 42.004535675, 24.2726306915], [1769.6003418, -908.950683594, 273.120269775, 723.723571777, -70.9167022705, 388.358459473, -109.555671692, 269.241516113, 17.709186554, 86.8340682983, -31.024312973, -35.8467559814, 16.8130378723], [-913.795288086, 572.95880127, 41.0154876709, -70.9167022705, 402.382568359, -126.874443054, 203.30078125, -110.897369385, 76.2043838501, -11.6704015732, 34.8310012817, 19.1223487854, -20.470041275], [1433.6126709, -868.262817383, 189.097549438, 388.358459473, -126.874443054, 484.677001953, -112.581039429, 276.382019043, -60.4810295105, 96.8277816772, -58.079044342, -25.3081970215, 34.6853866577], [-718.315368652, 494.373840332, -133.489013672, -109.555671692, 203.30078125, -112.581039429, 263.683898926, -90.6301193237, 80.4844741821, -45.9621162415, 55.5376052856, 16.5499782562, -9.78399276733], [1238.47509766, -625.506713867, 169.290054321, 269.241516113, -110.897369385, 276.382019043, -90.6301193237, 320.746643066, -17.2200679779, 81.4044113159, -56.1616744995, 6.49774456024, 42.4471282959], [-240.513595581, 213.133041382, -73.2196426392, 17.709186554, 76.2043838501, -60.4810295105, 80.4844741821, -17.2200679779, 164.546051025, 6.93380355835, 56.2405281067, -0.422166079283, 7.07870817184], [386.41317749, -232.160217285, 61.3381271362, 86.8340682983, -11.6704015732, 96.8277816772, -45.9621162415, 81.4044113159, 6.93380355835, 128.191299438, 9.15607357025, 7.12445545197, 13.2148914337], [-301.272766113, 205.05015564, -85.5913543701, -31.024312973, 34.8310012817, -58.079044342, 55.5376052856, -56.1616744995, 56.2405281067, 9.15607357025, 126.125144958, 11.0136833191, 6.44927453995], [3.46353387833, 50.2350234985, 42.004535675, -35.8467559814, 19.1223487854, -25.3081970215, 16.5499782562, 6.49774456024, -0.422166079283, 7.12445545197, 11.0136833191, 85.311958313, 21.7011909485], [146.428237915, -42.205165863, 24.2726306915, 16.8130378723, -20.470041275, 34.6853866577, -9.78399276733, 42.4471282959, 7.07870817184, 13.2148914337, 6.44927453995, 21.7011909485, 58.2701034546]],
        "icov": [[0.000454261171399, -0.000273952551652, 0.000275699712802, -0.000943177670706, 0.000645739142783, -0.000301185325952, 0.000305032386677, -0.000836485822219, 0.00041640229756, -0.000470021652291, 0.000563133566175, -0.000683794962242, 0.000132380038849], [-0.000273952551652, 0.00595107907429, -0.0028616769705, 0.0046723112464, -0.00299173640087, 0.00417087832466, -0.00411702599376, 0.00291177188046, -0.00322828488424, 0.00363204185851, -0.00423867069185, 0.00327493576333, -0.00268542626873], [0.000275699712802, -0.0028616769705, 0.00295775989071, -0.00291102100164, 0.000662608770654, -0.00203246204183, 0.00304197799414, -0.00199130806141, 0.00211488478817, -0.0017726640217, 0.00261855288409, -0.00265214103274, 0.0010892865248], [-0.000943177670706, 0.0046723112464, -0.00291102100164, 0.00788448192179, -0.00353869656101, 0.00142396904994, -0.00263927970082, 0.00250495038927, -0.00439582113177, 0.00386690394953, -0.00459912419319, 0.004078513477, -0.00101957668085], [0.000645739142783, -0.00299173640087, 0.000662608770654, -0.00353869656101, 0.00734506407753, -0.00166634772904, -0.00201340997592, -0.000833334052004, 0.00123868172523, -0.00394732365385, 0.00354507053271, -0.00240648537874, 0.00204517552629], [-0.000301185325952, 0.00417087832466, -0.00203246204183, 0.00142396904994, -0.00166634772904, 0.00910171773285, -0.00382148916833, -0.000638739089482, 8.89050352271e-05, 0.000790078949649, -0.00276719545946, 0.00417675636709, -0.00340519892052], [0.000305032386677, -0.00411702599376, 0.00304197799414, -0.00263927970082, -0.00201340997592, -0.00382148916833, 0.0118070328608, -0.00282316654921, 0.000326006265823, 0.000538706895895, 0.00119653146248, -0.00377757684328, 0.00246502668597], [-0.000836485822219, 0.00291177188046, -0.00199130806141, 0.00250495038927, -0.000833334052004, -0.000638739089482, -0.00282316654921, 0.0107314726338, -0.00336037995294, 0.000151291998918, 8.75677214935e-05, 0.00103322742507, -0.00390679389238], [0.00041640229756, -0.00322828488424, 0.00211488478817, -0.00439582113177, 0.00123868172523, 8.89050352271e-05, 0.000326006265823, -0.00336037995294, 0.0114331925288, -0.00336470711045, -0.000121238452266, -0.000580261927098, -0.000508725643158], [-0.000470021652291, 0.00363204185851, -0.0017726640217, 0.00386690394953, -0.00394732365385, 0.000790078949649, 0.000538706895895, 0.000151291998918, -0.00336470711045, 0.0137793226168, -0.005548002664, 0.00118030386511, -0.000983986072242], [0.000563133566175, -0.00423867069185, 0.00261855288409, -0.00459912419319, 0.00354507053271, -0.00276719545946, 0.00119653146248, 8.75677214935e-05, -0.000121238452266, -0.005548002664, 0.014883521013, -0.00403902120888, -8.94012991921e-05], [-0.000683794962242, 0.00327493576333, -0.00265214103274, 0.004078513477, -0.00240648537874, 0.00417675636709, -0.00377757684328, 0.00103322742507, -0.000580261927098, 0.00118030386511, -0.00403902120888, 0.0174619983882, -0.00695364689454], [0.000132380038849, -0.00268542626873, 0.0010892865248, -0.00101957668085, 0.00204517552629, -0.00340519892052, 0.00246502668597, -0.00390679389238, -0.000508725643158, -0.000983986072242, -8.94012991921e-05, -0.00695364689454, 0.0236139632761]]
    },
    "melbands": {
        "dmean": [0.00138229934964, 0.00148728606291, 0.000434574147221, 0.000599455030169, 0.000278692983557, 0.00025697358069, 0.00018827043823, 8.04524388514e-05, 3.34847900376e-05, 9.95715308818e-05, 6.70705194352e-05, 4.15472895838e-05, 2.42723981501e-05, 2.19394041778e-05, 2.09935788007e-05, 2.44923194259e-05, 1.51767089847e-05, 1.58447128342e-05, 1.34821902975e-05, 1.24079006127e-05, 1.32146087708e-05, 1.25446340462e-05, 1.11971839942e-05, 7.64129708841e-06, 1.0735804608e-05, 1.0318067325e-05, 8.20399327495e-06, 8.37504194351e-06, 6.96107463227e-06, 4.70008808406e-06, 5.2861637414e-06, 5.67789766137e-06, 4.6030509111e-06, 3.11652820528e-06, 2.66751976596e-06, 2.26887868848e-06, 1.7375580228e-06, 1.40289478168e-06, 1.00480201581e-06, 8.27990049856e-07],
        "dmean2": [0.00221679103561, 0.00241454225034, 0.000698164571077, 0.00111560837831, 0.000494209758472, 0.000439219234977, 0.000321381550748, 0.00013728828344, 5.74895711907e-05, 0.000158450508025, 0.000115124821605, 6.87294523232e-05, 4.13503221353e-05, 3.71471942344e-05, 3.44787949871e-05, 4.08281521231e-05, 2.54543429037e-05, 2.62329685938e-05, 2.15541240323e-05, 2.01884831768e-05, 2.1663858206e-05, 2.07409739232e-05, 1.81965770025e-05, 1.20354288811e-05, 1.7336471501e-05, 1.65510191437e-05, 1.2950222299e-05, 1.31237047754e-05, 1.06634661279e-05, 7.25598101781e-06, 8.17122509034e-06, 8.47988758323e-06, 6.83888265485e-06, 4.57484475191e-06, 3.83567157769e-06, 3.3277106013e-06, 2.63095012087e-06, 2.08747997021e-06, 1.51589892994e-06, 1.29594150167e-06],
        "dvar": [1.04461396404e-05, 1.13536771096e-05, 1.56287569553e-06, 6.92118692314e-06, 5.6859050801e-07, 1.88442456306e-07, 9.38361139902e-08, 2.56125698428e-08, 8.68544880461e-09, 1.10534955411e-07, 3.57346934265e-08, 2.00594598709e-08, 1.05526769545e-08, 2.52175214044e-09, 2.74338907147e-09, 4.22392698596e-09, 9.30758692341e-10, 4.99010444077e-10, 4.98136587535e-10, 5.44168432537e-10, 4.41036318577e-10, 6.10026529291e-10, 3.36161071202e-10, 1.36228195391e-10, 4.14163259244e-10, 3.67849473104e-10, 2.59572030537e-10, 2.8087293602e-10, 1.8734408469e-10, 8.55900697538e-11, 1.04924118005e-10, 1.15199932926e-10, 8.1874375335e-11, 3.01741305553e-11, 2.07061711527e-11, 1.80368810165e-11, 1.00840421083e-11, 5.82433537163e-12, 3.12071180529e-12, 2.95658072677e-12],
        "dvar2": [3.05833927996e-05, 3.0061826692e-05, 3.28859982801e-06, 2.03741947189e-05, 1.59664591592e-06, 4.95523863719e-07, 2.35622081846e-07, 6.61534400592e-08, 2.13838102781e-08, 2.59740403408e-07, 9.92033903913e-08, 5.51969563389e-08, 2.98578477498e-08, 6.68503208345e-09, 6.94422963576e-09, 1.10309077428e-08, 2.46899967138e-09, 1.26072197126e-09, 1.20211840482e-09, 1.20976373363e-09, 1.07697228913e-09, 1.6096187716e-09, 8.21711532151e-10, 3.22704529765e-10, 1.00442032469e-09, 8.71176963901e-10, 6.32132624023e-10, 6.74867772776e-10, 3.91076504513e-10, 1.85139556463e-10, 2.41691194836e-10, 2.31218294511e-10, 1.74535635944e-10, 6.02231597924e-11, 4.19183021627e-11, 3.76235709254e-11, 2.20724064026e-11, 1.23259250029e-11, 6.98270824842e-12, 6.3050211753e-12],
        "max": [0.035402867943, 0.0381762906909, 0.0140757411718, 0.0295455977321, 0.00693628471345, 0.00390641624108, 0.00325078936294, 0.00178398459684, 0.0020834361203, 0.00477028172463, 0.00262094964273, 0.00348179158755, 0.00278666429222, 0.000972818874288, 0.00132915668655, 0.00114756217226, 0.000520790286828, 0.00026289006928, 0.00024351994216, 0.000422681303462, 0.00024271964503, 0.000366913358448, 0.000217531123781, 0.000111478264444, 0.000259041698882, 0.000174038577825, 0.000187890516827, 0.00024978001602, 0.000266302551609, 9.71608096734e-05, 0.000116452378279, 0.000146260077599, 9.80384647846e-05, 7.1248934546e-05, 5.29838216607e-05, 4.27284758189e-05, 3.65241903637e-05, 2.85130809061e-05, 2.08287674468e-05, 1.89241400221e-05],
        "mean": [0.00273423455656, 0.0030497785192, 0.000568098679651, 0.000454905093648, 0.000258052110439, 0.000273646612186, 0.000199545858777, 8.58446801431e-05, 4.09042913816e-05, 0.00011503539281, 7.75291919126e-05, 5.31477853656e-05, 3.21798106597e-05, 2.4502611268e-05, 3.00411738863e-05, 3.54450930899e-05, 1.83291504072e-05, 2.4260214559e-05, 1.90450427908e-05, 1.87708337762e-05, 2.2805392291e-05, 2.18392215174e-05, 1.84201362572e-05, 1.43091156133e-05, 1.78314658115e-05, 1.71903611772e-05, 1.51282119987e-05, 1.6096231775e-05, 1.47516893776e-05, 8.9978102551e-06, 9.80734330369e-06, 1.10214359665e-05, 8.62715205585e-06, 5.88683178648e-06, 4.71000248581e-06, 4.1441689973e-06, 3.16012437906e-06, 2.46784770752e-06, 1.69898612512e-06, 1.17958188639e-06],
        "median": [0.000731275009457, 0.00116178998724, 0.000174291912117, 0.000109924963908, 8.35471582832e-05, 0.000107446285256, 8.84170658537e-05, 3.67203356291e-05, 1.79382568604e-05, 2.38351640292e-05, 2.05831984204e-05, 2.11478400161e-05, 5.89716182731e-06, 6.8885692599e-06, 1.66820609593e-05, 1.66620538948e-05, 8.32167734188e-06, 1.45009798871e-05, 9.59068347584e-06, 7.14124053047e-06, 9.55230370892e-06, 7.11911388862e-06, 8.53900291986e-06, 6.49147114018e-06, 7.51274728827e-06, 6.12980647929e-06, 5.59108502785e-06, 5.82748953093e-06, 4.24595054938e-06, 3.0917640288e-06, 3.2970851862e-06, 3.53379323315e-06, 2.86114391201e-06, 2.07754510484e-06, 1.42006956594e-06, 1.06984691683e-06, 7.01587225649e-07, 5.90056288274e-07, 3.8533758584e-07, 2.22051383503e-07],
        "min": [1.62547593163e-07, 1.64262118574e-07, 7.4946933637e-07, 3.17853022125e-07, 1.75794255597e-07, 1.28537465116e-07, 3.06887216084e-07, 2.61019472703e-08, 8.76170780373e-09, 1.11498010824e-08, 3.03552205594e-08, 8.98982488451e-09, 1.79239023623e-09, 1.70893599272e-09, 7.03271263447e-09, 6.85697454372e-09, 3.85613735387e-10, 4.97634822239e-09, 1.99918193111e-09, 9.16225317837e-10, 6.38384900498e-10, 3.52502860235e-10, 5.02940467051e-10, 2.99235969337e-10, 2.47040915502e-10, 1.97640584454e-10, 9.07643474268e-11, 1.33041341832e-10, 1.17874335293e-10, 9.49092818225e-11, 1.10517454563e-11, 2.73205399276e-11, 1.70189539545e-11, 1.56538855229e-12, 2.57027710747e-12, 2.7444596617e-13, 1.82419238135e-13, 4.74321713091e-14, 4.48801423542e-14, 5.81346155568e-14],
        "var": [2.37373533309e-05, 2.20822475967e-05, 2.12122972698e-06, 3.8757002585e-06, 3.89284508628e-07, 1.86843124084e-07, 9.64336592801e-08, 2.40460309442e-08, 9.91385018523e-09, 1.4147903471e-07, 3.91863679283e-08, 1.98344949354e-08, 1.42347111876e-08, 4.14435774587e-09, 4.11673939382e-09, 4.79848516477e-09, 9.60634349845e-10, 8.00222943464e-10, 7.63588081654e-10, 9.5867547234e-10, 9.08954078671e-10, 1.19342424831e-09, 6.3320004795e-10, 3.36109473587e-10, 7.01635138878e-10, 7.12109760048e-10, 5.22065612962e-10, 7.07312486359e-10, 6.32321750516e-10, 1.97823715742e-10, 2.41767800224e-10, 3.0746541424e-10, 1.95030977479e-10, 8.1225130788e-11, 5.1078318658e-11, 4.33437105651e-11, 2.34458286119e-11, 1.47292299885e-11, 7.48727815858e-12, 5.42025322195e-12]
    },
    "mfcc": {
        "mean": [-653.674438477, 103.596359253, -0.00415483536199, 37.6084747314, 2.83161854744, 13.0580778122, -0.806487739086, 5.40677642822, -2.2414393425, 7.14620637894, 1.0949960947, 4.19477367401, -0.0736317411065],
        "cov": [[8760.10742188, -3534.73339844, 606.051330566, 453.950073242, 183.767074585, 240.891784668, 33.4387245178, 416.755340576, 442.815155029, 179.995437622, 207.827072144, 122.586669922, 95.6564178467], [-3534.73339844, 2490.88818359, -428.567260742, -150.990005493, -162.532531738, -176.198364258, -49.0387992859, -155.092056274, -237.955535889, -105.7473526, -115.791976929, -33.0102005005, 1.58262240887], [606.051330566, -428.567260742, 854.463867188, 97.0567550659, 245.368255615, 30.5686721802, 53.3912696838, 23.8911266327, 106.887023926, -34.5977592468, 53.0376586914, -41.5988922119, -6.95391368866], [453.950073242, -150.990005493, 97.0567550659, 331.024536133, 95.1531829834, 88.1178970337, 5.59086608887, 63.2505607605, 34.9350280762, 51.4507637024, 39.2863044739, 41.9040756226, 12.8225889206], [183.767074585, -162.532531738, 245.368255615, 95.1531829834, 262.23727417, 57.3518867493, 68.6471176147, 23.3924427032, 90.8828659058, 19.1186408997, 58.7621765137, 7.05500221252, 8.68832111359], [240.891784668, -176.198364258, 30.5686721802, 88.1178970337, 57.3518867493, 173.392654419, 48.604598999, 43.6872520447, 20.6322231293, 51.7842407227, 22.8292675018, 20.7808227539, 8.56974029541], [33.4387245178, -49.0387992859, 53.3912696838, 5.59086608887, 68.6471176147, 48.604598999, 160.689346313, 43.6516952515, 41.5312576294, 6.88901948929, 23.9778423309, 1.87816476822, 8.65714073181], [416.755340576, -155.092056274, 23.8911266327, 63.2505607605, 23.3924427032, 43.6872520447, 43.6516952515, 148.314468384, 63.70054245, 26.8583965302, 17.2492752075, 22.8968048096, -6.54165220261], [442.815155029, -237.955535889, 106.887023926, 34.9350280762, 90.8828659058, 20.6322231293, 41.5312576294, 63.70054245, 147.290466309, 30.7476158142, 50.1189308167, 0.612085878849, -2.24550056458], [179.995437622, -105.7473526, -34.5977592468, 51.4507637024, 19.1186408997, 51.7842407227, 6.88901948929, 26.8583965302, 30.7476158142, 123.213310242, 29.4430580139, 35.1021766663, 3.74146366119], [207.827072144, -115.791976929, 53.0376586914, 39.2863044739, 58.7621765137, 22.8292675018, 23.9778423309, 17.2492752075, 50.1189308167, 29.4430580139, 83.4462127686, 16.9417495728, 11.7874403], [122.586669922, -33.0102005005, -41.5988922119, 41.9040756226, 7.05500221252, 20.7808227539, 1.87816476822, 22.8968048096, 0.612085878849, 35.1021766663, 16.9417495728, 88.5139846802, 33.3680343628], [95.6564178467, 1.58262240887, -6.95391368866, 12.8225889206, 8.68832111359, 8.56974029541, 8.65714073181, -6.54165220261, -2.24550056458, 3.74146366119, 11.7874403, 33.3680343628, 85.7309112549]],
