{
"lowlevel": {
    "average_loudness": 0.981878876686,
    "barkbands_crest": {
        "dmean": 4.01477336884,
        "dmean2": 6.93273687363,
        "dvar": 10.7475709915,
        "dvar2": 32.4194259644,
        "max": 26.8113632202,
        "mean": 11.9904460907,
        "median": 11.3413944244,
        "min": 2.63208913803,
        "var": 23.6764945984
    },
    "barkbands_flatness_db": {
        "dmean": 0.0391180105507,
        "dmean2": 0.0637482777238,
        "dvar": 0.0019351617666,
        "dvar2": 0.00479839229956,
        "max": 0.765934288502,
        "mean": 0.213964059949,
        "median": 0.200849696994,
        "min": 0.0432746484876,
        "var": 0.00934418104589
    },
    "barkbands_kurtosis": {
        "dmean": 36.1203079224,
        "dmean2": 63.355430603,
        "dvar": 179768.84375,
        "dvar2": 480002,
        "max": 12404.0205078,
        "mean": 32.5857315063,
        "median": 1.9727230072,
        "min": -1.92604851723,
        "var": 131154.234375
    },
    "barkbands_skewness": {
        "dmean": 1.3354729414,
        "dmean2": 2.21317410469,
        "dvar": 10.0732412338,
        "dvar2": 26.8964881897,
        "max": 87.3572769165,
        "mean": 2.25751566887,
        "median": 1.41459608078,
        "min": -3.42940592766,
        "var": 14.1743116379
    },
    "barkbands_spread": {
        "dmean": 8.00967121124,
        "dmean2": 12.6452007294,
        "dvar": 116.283561707,
        "dvar2": 270.133056641,
        "max": 125.026489258,
        "mean": 21.9760551453,
        "median": 19.6957778931,
        "min": 0.0118195442483,
        "var": 341.504272461
    },
    "dissonance": {
        "dmean": 0.023694563657,
        "dmean2": 0.0405634045601,
        "dvar": 0.000731542182621,
        "dvar2": 0.00187221961096,
        "max": 0.500000059605,
        "mean": 0.466705739498,
        "median": 0.477687090635,
        "min": 0.221922367811,
        "var": 0.00111211196054
    },
    "dynamic_complexity": 3.79619407654,
    "erbbands_crest": {
        "dmean": 3.58168339729,
        "dmean2": 5.74452877045,
        "dvar": 10.6987695694,
        "dvar2": 27.3921813965,
        "max": 30.5579223633,
        "mean": 11.1519861221,
        "median": 10.2079839706,
        "min": 2.20203089714,
        "var": 32.6337928772
    },
    "erbbands_flatness_db": {
        "dmean": 0.0233061183244,
        "dmean2": 0.0359192304313,
        "dvar": 0.000470260478323,
        "dvar2": 0.000964856881183,
        "max": 0.362330704927,
        "mean": 0.189969286323,
        "median": 0.184293195605,
        "min": 0.0849487781525,
        "var": 0.0026950116735
    },
    "erbbands_kurtosis": {
        "dmean": 2.39425945282,
        "dmean2": 3.83566069603,
        "dvar": 17.2831783295,
        "dvar2": 40.2099075317,
        "max": 50.612651825,
        "mean": 2.52767753601,
        "median": 0.523118376732,
        "min": -1.7672328949,
        "var": 26.5811100006
    },
    "erbbands_skewness": {
        "dmean": 0.616196036339,
        "dmean2": 0.939447641373,
        "dvar": 0.512451171875,
        "dvar2": 1.0784432888,
        "max": 4.69832706451,
        "mean": 0.415485709906,
        "median": 0.378036737442,
        "min": -6.23496723175,
        "var": 1.59879529476
    },
    "erbbands_spread": {
        "dmean": 11.7643537521,
        "dmean2": 18.7508621216,
        "dvar": 202.256332397,
        "dvar2": 472.614868164,
        "max": 147.110336304,
        "mean": 36.8041343689,
        "median": 33.3976707458,
        "min": 3.61876797676,
        "var": 540.989074707
    },
    "hfc": {
        "dmean": 6.06949472427,
        "dmean2": 7.53078126907,
        "dvar": 66.1829223633,
        "dvar2": 90.3295898438,
        "max": 158.46937561,
        "mean": 18.6196460724,
        "median": 13.0195360184,
        "min": 0.00123808695935,
        "var": 404.911956787
    },
    "melbands_crest": {
        "dmean": 4.73063087463,
        "dmean2": 8.01948928833,
        "dvar": 16.597864151,
        "dvar2": 46.9839248657,
        "max": 39.968914032,
        "mean": 16.873714447,
        "median": 16.4563713074,
        "min": 4.26174211502,
        "var": 47.1853179932
    },
    "melbands_flatness_db": {
        "dmean": 0.0413365662098,
        "dmean2": 0.0620643012226,
        "dvar": 0.00197115819901,
        "dvar2": 0.00414348673075,
        "max": 0.76643383503,
        "mean": 0.245837569237,
        "median": 0.224093779922,
        "min": 0.0190874990076,
        "var": 0.0150499213487
    },
    "melbands_kurtosis": {
        "dmean": 90.3714675903,
        "dmean2": 142.157470703,
        "dvar": 1964208.5,
        "dvar2": 4777695,
        "max": 42419.9375,
        "mean": 89.829536438,
        "median": 8.44359302521,
        "min": -1.90400671959,
        "var": 1725885.375
    },
    "melbands_skewness": {
        "dmean": 1.62626969814,
        "dmean2": 2.56883215904,
        "dvar": 23.5779953003,
        "dvar2": 45.9729309082,
        "max": 143.478179932,
        "mean": 3.60986638069,
        "median": 2.59845018387,
        "min": -1.44404053688,
        "var": 40.7265510559
    },
    "melbands_spread": {
        "dmean": 10.0289506912,
        "dmean2": 15.7156715393,
        "dvar": 327.200378418,
        "dvar2": 669.326660156,
        "max": 291.300811768,
        "mean": 25.8239154816,
        "median": 19.2339744568,
        "min": 0.00674779061228,
        "var": 811.355834961
    },
    "pitch_salience": {
        "dmean": 0.100137732923,
        "dmean2": 0.171047449112,
        "dvar": 0.00815582461655,
        "dvar2": 0.0225850399584,
        "max": 0.854323923588,
        "mean": 0.511487483978,
        "median": 0.510689735413,
        "min": 0.00914439745247,
        "var": 0.0195616707206
    },
    "silence_rate_20dB": {
        "dmean": 0,
        "dmean2": 0,
        "dvar": 0,
        "dvar2": 0,
        "max": 1,
        "mean": 1,
        "median": 1,
        "min": 1,
        "var": 0
    },
    "silence_rate_30dB": {
        "dmean": 0,
        "dmean2": 0,
        "dvar": 0,
        "dvar2": 0,
        "max": 1,
        "mean": 1,
        "median": 1,
        "min": 1,
        "var": 0
    },
    "silence_rate_60dB": {
        "dmean": 0.0325329191983,
        "dmean2": 0.0651162788272,
        "dvar": 0.0314742177725,
        "dvar2": 0.0763806849718,
        "max": 1,
        "mean": 0.0541795678437,
        "median": 0,
        "min": 0,
        "var": 0.0512450151145
    },
    "spectral_centroid": {
        "dmean": 337.2784729,
        "dmean2": 504.520874023,
        "dvar": 234866.59375,
        "dvar2": 490989.0625,
        "max": 6202.28417969,
        "mean": 1284.74475098,
        "median": 1245.58886719,
        "min": 129.870956421,
        "var": 686859.4375
    },
    "spectral_complexity": {
        "dmean": 3.99070477486,
        "dmean2": 5.59224796295,
        "dvar": 21.0378093719,
        "dvar2": 32.6228408813,
        "max": 55,
        "mean": 14.3660993576,
        "median": 12,
        "min": 0,
        "var": 150.015609741
    },
    "spectral_decrease": {
        "dmean": 3.05926550759e-09,
        "dmean2": 4.90046137003e-09,
        "dvar": 1.65652595677e-17,
        "dvar2": 3.66342179821e-17,
        "max": -9.14788752561e-13,
        "mean": -6.81649581225e-09,
        "median": -4.6149981614e-09,
        "min": -3.01952525206e-08,
        "var": 3.63226488239e-17
    },
    "spectral_energy": {
        "dmean": 0.0118589391932,
        "dmean2": 0.0188155248761,
        "dvar": 0.000241960413405,
        "dvar2": 0.000532142352313,
        "max": 0.116666860878,
        "mean": 0.027415862307,
        "median": 0.0194014273584,
        "min": 3.81885593015e-06,
        "var": 0.000555219419766
    },
    "spectral_energyband_high": {
        "dmean": 0.000401965138735,
        "dmean2": 0.000466170109576,
        "dvar": 7.00615714777e-07,
        "dvar2": 9.21969274259e-07,
        "max": 0.0185134653002,
        "mean": 0.00095290527679,
        "median": 0.000210868398426,
        "min": 3.01310448814e-10,
        "var": 3.36506377607e-06
    },
    "spectral_energyband_low": {
        "dmean": 0.00765132158995,
        "dmean2": 0.0128872226924,
        "dvar": 0.000172823041794,
        "dvar2": 0.000389936176362,
        "max": 0.100756131113,
        "mean": 0.012998775579,
        "median": 0.00482761207968,
        "min": 3.21652777302e-07,
        "var": 0.00033170208917
    },
    "spectral_energyband_middle_high": {
        "dmean": 0.00201439810917,
        "dmean2": 0.00283351587132,
        "dvar": 5.92269452682e-06,
        "dvar2": 1.31454680741e-05,
        "max": 0.0285329241306,
        "mean": 0.00512040732428,
        "median": 0.00348936580122,
        "min": 4.67421545913e-10,
        "var": 2.94100718747e-05
    },
    "spectral_energyband_middle_low": {
        "dmean": 0.00552460085601,
        "dmean2": 0.00864841323346,
        "dvar": 0.000111989946163,
        "dvar2": 0.000265217880951,
        "max": 0.100165389478,
        "mean": 0.00853215809911,
        "median": 0.00318100093864,
        "min": 5.85011328269e-09,
        "var": 0.000183749056305
    },
    "spectral_entropy": {
        "dmean": 0.221845299006,
        "dmean2": 0.331664919853,
        "dvar": 0.0624146051705,
        "dvar2": 0.121234118938,
        "max": 8.6870470047,
        "mean": 7.45313692093,
        "median": 7.48421382904,
        "min": 5.61232852936,
        "var": 0.342403292656
    },
    "spectral_flux": {
        "dmean": 0.0308083910495,
        "dmean2": 0.0491770543158,
        "dvar": 0.00137609557714,
        "dvar2": 0.00319385412149,
        "max": 0.303877651691,
        "mean": 0.104493170977,
        "median": 0.0957399457693,
        "min": 0.00207156175748,
        "var": 0.00283880787902
    },
    "spectral_kurtosis": {
        "dmean": 1.94637620449,
        "dmean2": 3.21161961555,
        "dvar": 6.56905603409,
        "dvar2": 16.4588603973,
        "max": 30.8498878479,
        "mean": 3.9467394352,
        "median": 2.8324804306,
        "min": -1.33165287971,
        "var": 15.5327425003
    },
    "spectral_rms": {
        "dmean": 0.00109567027539,
        "dmean2": 0.00171173876151,
        "dvar": 1.39950236644e-06,
        "dvar2": 2.89780336971e-06,
        "max": 0.0106687080115,
        "mean": 0.00469420943409,
        "median": 0.00435065571219,
        "min": 6.10386196058e-05,
        "var": 4.71158182336e-06
    },
    "spectral_rolloff": {
        "dmean": 585.269165039,
        "dmean2": 982.867614746,
        "dvar": 1450355.875,
        "dvar2": 3403853,
        "max": 10357.4707031,
        "mean": 1371.32666016,
        "median": 1055.12695312,
        "min": 21.533203125,
        "var": 2817745
    },
    "spectral_skewness": {
        "dmean": 0.28875669837,
        "dmean2": 0.44683521986,
        "dvar": 0.10142865777,
        "dvar2": 0.214252367616,
        "max": 4.12804698944,
        "mean": 1.45973718166,
        "median": 1.33484172821,
        "min": -0.504556119442,
        "var": 0.391991645098
    },
    "spectral_spread": {
        "dmean": 619235.5,
        "dmean2": 886237.5625,
        "dvar": 627081019392,
        "dvar2": 1.10736939418e+12,
        "max": 14209752,
        "mean": 4484627,
        "median": 4087720.5,
        "min": 1613229.375,
        "var": 3.10699360256e+12
    },
    "spectral_strongpeak": {
        "dmean": 0.573141217232,
        "dmean2": 0.959905564785,
        "dvar": 0.891099214554,
        "dvar2": 1.94063746929,
        "max": 9.39086341858,
        "mean": 0.918993711472,
        "median": 0.290713012218,
        "min": 0,
        "var": 2.20668911934
    },
    "zerocrossingrate": {
        "dmean": 0.012172235176,
        "dmean2": 0.0126680592075,
        "dvar": 0.000269899755949,
        "dvar2": 0.00025480450131,
        "max": 0.341796875,
        "mean": 0.0556973218918,
        "median": 0.04833984375,
        "min": 0,
        "var": 0.00210456876084
    },
    "barkbands": {
        "dmean": [0.00173680763692, 0.00521221989766, 0.00437094690278, 0.00152525946032, 0.00310048786923, 0.00101989181712, 0.000355174619472, 0.000540490145795, 0.000858520099428, 0.000528086035047, 0.00048235891154, 0.000635312346276, 0.000375761068426, 0.000396373507101, 0.000388312531868, 0.000285617017653, 0.000152450083988, 9.11614624783e-05, 9.18735167943e-05, 6.64699764457e-05, 8.35000755615e-05, 8.3866303612e-05, 0.000101355064544, 0.000121648299682, 6.90905944793e-05, 1.6765051214e-07, 1.37507555564e-07],
        "dmean2": [0.00317007186823, 0.00866667926311, 0.00755857443437, 0.0026154096704, 0.0051018432714, 0.00166191300377, 0.000584625639021, 0.000883128726855, 0.00135424558539, 0.000858021143358, 0.000777678040322, 0.000966201012488, 0.00061594665749, 0.000613246986177, 0.000623127561994, 0.000413277710322, 0.000233465965721, 0.000143714059959, 0.000140114789247, 9.71092376858e-05, 0.000118610092613, 0.000114857546578, 0.000140374904731, 0.000158916605869, 9.49699024204e-05, 3.02645474903e-07, 2.43184985038e-07],
        "dvar": [5.56261647944e-06, 7.4785311881e-05, 8.50730139064e-05, 9.66322295426e-06, 8.32675796119e-05, 5.29723456566e-06, 7.72361715917e-07, 1.54093572746e-06, 3.19357286571e-06, 1.33589469442e-06, 1.40748716149e-06, 2.13651105696e-06, 6.40591906631e-07, 7.56423162329e-07, 7.37025175113e-07, 6.63343939777e-07, 1.70925076759e-07, 2.44155131668e-08, 2.45491538209e-08, 1.16772991277e-08, 2.57508396828e-08, 3.09989118819e-08, 5.93896558598e-08, 1.25199065337e-07, 5.09461273168e-08, 7.64023176322e-13, 4.44854412638e-13],
        "dvar2": [1.89724851225e-05, 0.000192528648768, 0.000229248820688, 2.54399328696e-05, 0.00022475681908, 1.26640179587e-05, 2.04600951292e-06, 4.01402212447e-06, 7.3152045843e-06, 3.23830795423e-06, 3.47637114828e-06, 4.75689012092e-06, 1.43293107158e-06, 1.82035387297e-06, 1.79729011052e-06, 1.41013742905e-06, 4.01943424322e-07, 5.7967593392e-08, 5.74586103141e-08, 2.44697506702e-08, 5.26250509836e-08, 6.09049166655e-08, 1.11829621119e-07, 1.73578641238e-07, 1.03456379463e-07, 2.14114555079e-12, 1.3227811858e-12],
        "max": [0.0233723651618, 0.0710360631347, 0.078286960721, 0.0278452113271, 0.089431732893, 0.0254487041384, 0.0155842974782, 0.0117352949455, 0.0252895187587, 0.0115873524919, 0.0207492187619, 0.0208148173988, 0.0113220214844, 0.0136098349467, 0.0111175682396, 0.0153771322221, 0.0116246752441, 0.00250462326221, 0.00184541463386, 0.00135499413591, 0.00241697346792, 0.00324754510075, 0.0047684465535, 0.0107829263434, 0.00418691569939, 1.48146655192e-05, 8.71015618031e-06],
        "mean": [0.00172639987431, 0.00679864920676, 0.00439801299945, 0.00159744673874, 0.00325750815682, 0.00118173705414, 0.000412266090279, 0.000582518288866, 0.00123241287656, 0.000680386263411, 0.000642397673801, 0.000991899054497, 0.000614761025645, 0.000614821910858, 0.000550634169485, 0.000484188232804, 0.000316980178468, 0.000163560456713, 0.000161983349244, 0.000126811384689, 0.000170425380929, 0.000163529242855, 0.000200747133931, 0.00022839041776, 0.000117164912808, 1.26682948576e-07, 1.05296443564e-07],
        "median": [0.000946477113757, 0.00205753580667, 0.00094964238815, 0.000417030125391, 0.000378648750484, 0.000216596541577, 7.40791147109e-05, 6.73378453939e-05, 0.000210820697248, 0.00013303704327, 0.000113659101771, 0.000184174597962, 0.000131785287522, 0.000122495141113, 0.000128986022901, 8.73794633662e-05, 5.89439587202e-05, 6.19287602603e-05, 6.64721737849e-05, 4.07214138249e-05, 4.7261488362e-05, 2.72403940471e-05, 2.07975372177e-05, 2.12829108932e-05, 7.40594441595e-06, 4.24177276637e-10, 4.31357172204e-10],
        "min": [1.18998315202e-07, 1.81804207244e-08, 7.22960002975e-09, 2.26450191931e-09, 2.53936960348e-09, 2.20303303378e-10, 3.2036542863e-10, 4.24253132625e-11, 6.15799078396e-11, 3.7489161081e-11, 2.82472309432e-11, 2.07716881889e-11, 3.79583170451e-11, 8.44801451017e-11, 5.2227822761e-11, 6.29191698742e-11, 3.4348236061e-11, 3.68728762801e-11, 5.45256860496e-11, 4.99671484744e-11, 5.39640276909e-11, 8.07903882682e-11, 6.4854427384e-11, 2.27350256676e-11, 5.45548241998e-12, 4.68900569414e-12, 6.91176933396e-12],
        "var": [5.18938759342e-06, 0.00011691263353, 7.88690231275e-05, 9.204505659e-06, 8.63009408931e-05, 6.65934476274e-06, 8.17561044641e-07, 1.72311069946e-06, 7.0841424531e-06, 2.18294781007e-06, 2.34163803725e-06, 5.22718482898e-06, 1.5539302467e-06, 1.55734562668e-06, 1.27009877815e-06, 1.95676693693e-06, 8.99168242086e-07, 6.0100504129e-08, 5.04463883999e-08, 3.71831490042e-08, 7.59600737865e-08, 1.07920662629e-07, 1.95603504949e-07, 4.13158829815e-07, 1.13790584066e-07, 5.83609495366e-13, 3.71449724278e-13]
    },
    "erbbands": {
        "dmean": [0.187260523438, 1.12231421471, 4.12867832184, 5.13917827606, 8.72992324829, 11.0769491196, 5.57430887222, 9.90639400482, 5.57806777954, 5.56647920609, 14.8466453552, 18.7030735016, 19.6712722778, 13.2016592026, 21.5027923584, 21.2179985046, 16.3328952789, 17.5413417816, 21.5578575134, 14.8356466293, 14.2118196487, 8.97869300842, 5.21725225449, 5.15646791458, 3.54319453239, 3.0355079174, 3.75226807594, 3.16216158867, 3.0343914032, 2.81547141075, 3.12241101265, 2.67798018456, 1.94790506363, 1.15753662586, 0.282530754805, 0.00707238307223, 0.000537759391591, 0.00012107736984, 2.99413040921e-05, 1.54553854372e-05],
        "dmean2": [0.315740972757, 1.8525301218, 7.05072307587, 8.89325904846, 14.7563390732, 18.7767410278, 9.00680160522, 16.3289775848, 9.13407993317, 9.06050777435, 24.1457271576, 29.025100708, 31.1833610535, 21.0202236176, 33.2275428772, 31.9654712677, 25.4780349731, 27.6104679108, 32.801448822, 23.3513832092, 20.3895645142, 13.3289804459, 7.87642335892, 7.82093381882, 5.23519468307, 4.45070457458, 5.31315231323, 4.628698349, 4.18517827988, 3.85134601593, 4.29941368103, 3.63041567802, 2.59336304665, 1.58431148529, 0.401906758547, 0.00981818232685, 0.000815086765215, 0.000197891669814, 4.86393764731e-05, 2.36946871155e-05],
        "dvar": [0.0888560190797, 4.02036619186, 76.4650726318, 109.17868042, 478.991973877, 1241.19262695, 172.201477051, 530.946899414, 137.803329468, 183.789123535, 1145.17358398, 1552.33703613, 1894.73510742, 997.015197754, 2839.10473633, 2175.04736328, 1014.57501221, 1573.43444824, 2089.57299805, 1178.77734375, 1818.76525879, 668.938110352, 77.8273086548, 76.0040588379, 36.9155960083, 24.5800628662, 51.4222450256, 35.0981330872, 43.1264419556, 36.3464508057, 61.3962898254, 54.2095031738, 34.7739601135, 15.5541038513, 0.796577990055, 0.000448694801889, 3.40167912327e-06, 2.16482703763e-07, 1.08652651321e-08, 4.41013614516e-10],
        "dvar2": [0.230523616076, 10.1048965454, 200.160049438, 291.200744629, 1275.11962891, 3374.39135742, 429.197967529, 1280.89367676, 361.072998047, 492.923156738, 2814.80053711, 3436.01733398, 4381.03857422, 2605.61694336, 6668.90917969, 4805.10302734, 2104.94873047, 3960.20239258, 4981.12890625, 2989.26904297, 3442.35205078, 1527.79345703, 186.259185791, 180.107315063, 74.7481002808, 50.6127891541, 104.0991745, 75.0485916138, 90.2281799316, 69.1576156616, 119.633453369, 90.1681747437, 50.0661010742, 32.6325721741, 1.73897278309, 0.000935085408855, 8.44063197292e-06, 5.94795039888e-07, 3.13913375294e-08, 9.85907355755e-10],
        "max": [2.49763536453, 16.3662586212, 76.5738449097, 73.0044937134, 219.08644104, 340.394866943, 181.349594116, 252.639938354, 103.732780457, 275.251159668, 344.822875977, 581.715515137, 564.467773438, 535.526000977, 1027.73376465, 823.271972656, 432.411560059, 536.032226562, 701.036804199, 559.819824219, 857.339294434, 792.717468262, 169.973968506, 102.027580261, 89.6566696167, 57.4374656677, 100.503341675, 91.6985931396, 105.367614746, 103.369117737, 162.561096191, 191.026779175, 176.26449585, 75.6764373779, 16.6599693298, 0.383157342672, 0.0298441648483, 0.006561441347, 0.00137795193586, 0.000277570215985],
        "mean": [0.239389494061, 1.38864564896, 4.5055475235, 5.9095158577, 9.78942108154, 10.351524353, 6.58615446091, 10.914607048, 6.50604391098, 6.8402762413, 16.9014930725, 26.0907268524, 27.3506336212, 20.3319473267, 32.8360443115, 37.3889427185, 30.1444911957, 26.3952083588, 37.8790168762, 23.1181030273, 24.8157272339, 19.8052482605, 10.2528324127, 9.12978553772, 6.91837835312, 5.95144987106, 7.04736042023, 6.38145256042, 5.85147571564, 5.54302215576, 5.91614675522, 4.87649440765, 3.68024873734, 2.03347754478, 0.411864817142, 0.0107664316893, 0.000733419612516, 0.000133122361149, 4.08368905482e-05, 3.63293984265e-05],
        "median": [0.0821914970875, 0.369416415691, 0.989031076431, 1.73174250126, 1.24563765526, 1.12325954437, 1.41603088379, 1.84549605846, 1.30083036423, 1.38056397438, 2.3612370491, 4.7222328186, 5.31798648834, 6.41465950012, 7.04613685608, 8.99565887451, 7.55670785904, 7.81476688385, 9.73518180847, 6.87551021576, 4.47572135925, 3.45006489754, 3.64135742188, 4.14268112183, 2.8642334938, 1.9447312355, 1.84408628941, 1.69512820244, 1.03346800804, 0.754641413689, 0.564752817154, 0.462293058634, 0.310533314943, 0.146920651197, 0.0196738801897, 0.000574428122491, 4.70988816232e-05, 8.12975304143e-06, 1.42520548252e-05, 2.49744443863e-05],
        "min": [3.4198535559e-06, 1.1728403706e-06, 1.40723423101e-05, 9.70875225903e-06, 9.98004634312e-06, 6.49442699796e-06, 2.26883321375e-06, 2.87040120384e-06, 6.01954889135e-06, 2.05546029974e-06, 1.01486580206e-06, 1.54767212734e-06, 9.65021968113e-07, 1.54363522142e-06, 1.15084674235e-06, 1.00719307738e-06, 1.84508724033e-06, 3.96678660763e-06, 3.53393670594e-06, 3.83334008802e-06, 2.39584596784e-06, 1.9840015284e-06, 1.89124045846e-06, 2.59550802184e-06, 2.51019741881e-06, 2.31181434174e-06, 2.53621533375e-06, 2.01136276701e-06, 2.66386700787e-06, 2.67015479949e-06, 1.78675088591e-06, 7.58601288453e-07, 6.1610217017e-07, 5.05365107983e-07, 1.62752016308e-07, 1.06478573514e-07, 6.35460750686e-08, 8.84405881862e-09, 5.26790833177e-09, 5.68909364063e-09],
        "var": [0.141476526856, 5.53916358948, 76.4347229004, 110.269493103, 566.488220215, 1108.42797852, 201.018463135, 655.380187988, 161.823379517, 199.035079956, 1422.89379883, 3239.96679688, 3604.42651367, 2164.29638672, 6355.61083984, 7066.67871094, 3139.08984375, 2022.41894531, 5620.10888672, 1752.0526123, 5403.87597656, 3878.68310547, 244.447174072, 162.866134644, 99.306678772, 80.2834777832, 141.263153076, 111.306816101, 136.846298218, 133.773681641, 182.625854492, 161.970230103, 113.553039551, 33.7901611328, 1.4985896349, 0.000955885800067, 5.14111252414e-06, 2.44188555598e-07, 1.23274306318e-08, 1.14003151364e-09]
    },
    "gfcc": {
        "mean": [-62.8449783325, 114.168586731, -129.627548218, 57.2042388916, -57.9326553345, 38.1209449768, -28.4036045074, 1.23646187782, -8.88529682159, -12.7475709915, 1.15362405777, -18.3137645721, 7.14080619812],
        "cov": [[12043.0996094, -1458.02612305, -1695.95007324, -392.561767578, -1556.24243164, 179.564437866, -1128.6060791, 313.909820557, -590.501647949, 78.5490188599, -391.985076904, 42.7796821594, -68.3178634644], [-1458.02612305, 1712.59118652, 372.662384033, 35.893245697, 665.663635254, -225.462478638, 417.717041016, -314.821960449, 269.107910156, -170.376663208, 89.784866333, -111.26096344, 23.2714042664], [-1695.95007324, 372.662384033, 1596.15979004, 390.268859863, 251.073120117, 65.0202102661, 5.1046500206, -4.42691278458, 194.965255737, -44.4799499512, -84.8461990356, -56.4549636841, -65.4537277222], [-392.561767578, 35.893245697, 390.268859863, 455.785980225, 291.688049316, 53.6221122742, 16.3561820984, 21.1724052429, 110.729873657, -4.62192344666, -20.0710678101, -31.0144271851, -15.3521766663], [-1556.24243164, 665.663635254, 251.073120117, 291.688049316, 839.853027344, 34.6999473572, 274.323486328, -99.3268661499, 184.358383179, -28.8187656403, 94.320892334, -75.5976104736, 20.1890506744], [179.564437866, -225.462478638, 65.0202102661, 53.6221122742, 34.6999473572, 251.293380737, 20.3440704346, 66.9515075684, -28.2823734283, 43.5415115356, 16.0349178314, -28.4264659882, -25.587934494], [-1128.6060791, 417.717041016, 5.1046500206, 16.3561820984, 274.323486328, 20.3440704346, 433.419830322, -38.3274002075, 79.5936126709, -55.0378265381, 70.0730514526, -46.1554679871, -12.6889019012], [313.909820557, -314.821960449, -4.42691278458, 21.1724052429, -99.3268661499, 66.9515075684, -38.3274002075, 248.590087891, 14.7628335953, 22.5836677551, -69.6971130371, 4.34156608582, 29.59100914], [-590.501647949, 269.107910156, 194.965255737, 110.729873657, 184.358383179, -28.2823734283, 79.5936126709, 14.7628335953, 211.950042725, -1.51509988308, -14.4027929306, -15.3434715271, 21.0112400055], [78.5490188599, -170.376663208, -44.4799499512, -4.62192344666, -28.8187656403, 43.5415115356, -55.0378265381, 22.5836677551, -1.51509988308, 113.374893188, 28.1886367798, -1.84669804573, -12.9118804932], [-391.985076904, 89.784866333, -84.8461990356, -20.0710678101, 94.320892334, 16.0349178314, 70.0730514526, -69.6971130371, -14.4027929306, 28.1886367798, 148.625244141, 17.2985591888, -16.0938186646], [42.7796821594, -111.26096344, -56.4549636841, -31.0144271851, -75.5976104736, -28.4264659882, -46.1554679871, 4.34156608582, -15.3434715271, -1.84669804573, 17.2985591888, 109.43081665, 35.7497367859], [-68.3178634644, 23.2714042664, -65.4537277222, -15.3521766663, 20.1890506744, -25.587934494, -12.6889019012, 29.59100914, 21.0112400055, -12.9118804932, -16.0938186646, 35.7497367859, 110.495010376]],
        "icov": [[0.000241301604547, -0.000423251389293, 0.000391620094888, -0.000360445032129, 0.000397109834012, -0.000556336715817, 0.000609798182268, -0.000304929766571, 0.00039040169213, -8.28910633572e-05, 0.000569043157157, -0.000204619165743, 0.000435697234934], [-0.000423251389293, 0.0032214068342, -0.00115762173664, 0.00186004524585, -0.00176365696825, 0.00236696307547, -0.0017748803366, 0.00241235923022, -0.00259744864888, 0.002320865402, -0.00178814271931, 0.00241043511778, -0.00162214098964], [0.000391620094888, -0.00115762173664, 0.00164698786102, -0.00137484632432, 0.000854737067129, -0.00149499974214, 0.00129947985988, -0.000622585881501, 0.000272911682259, -8.56858896441e-05, 0.00149648822844, -0.000782771909144, 0.00149344210513], [-0.000360445032129, 0.00186004524585, -0.00137484632432, 0.00499237654731, -0.00258738407865, 0.00104595348239, -0.000482332048705, 0.000788728590123, -0.00215847301297, 0.00139290490188, -0.000637191173155, 0.000833787373267, -7.63825228205e-05], [0.000397109834012, -0.00176365696825, 0.000854737067129, -0.00258738407865, 0.00388858956285, -0.00184222345706, 0.000349569309037, -0.000368743319996, 0.000230850229855, -0.000734388187993, -0.000293469493045, 0.000367216794984, -0.000525688868947], [-0.000556336715817, 0.00236696307547, -0.00149499974214, 0.00104595348239, -0.00184222345706, 0.00757612427697, -0.00234817713499, -0.000137348717544, -0.000118151328934, -0.000533031707164, -0.00252504972741, 0.00254543987103, -0.000955733295996], [0.000609798182268, -0.0017748803366, 0.00129947985988, -0.000482332048705, 0.000349569309037, -0.00234817713499, 0.00561224902049, -0.00178917020094, 0.000194717853446, 0.00175967812538, -0.000174809305463, -5.05506977788e-05, 0.00212907791138], [-0.000304929766571, 0.00241235923022, -0.000622585881501, 0.000788728590123, -0.000368743319996, -0.000137348717544, -0.00178917020094, 0.00784139800817, -0.00283196358941, 0.0004568194272, 0.00141538167372, 0.00145149917807, -0.00289724138565], [0.00039040169213, -0.00259744864888, 0.000272911682259, -0.00215847301297, 0.000230850229855, -0.000118151328934, 0.000194717853446, -0.00283196358941, 0.00989036634564, -0.0039983028546, 0.00288548041135, -0.00211681192741, 0.000118651791126], [-8.28910633572e-05, 0.002320865402, -8.56858896441e-05, 0.00139290490188, -0.000734388187993, -0.000533031707164, 0.00175967812538, 0.0004568194272, -0.0039983028546, 0.014462929219, -0.00503180129454, 0.00317447888665, 0.000383603037335], [0.000569043157157, -0.00178814271931, 0.00149648822844, -0.000637191173155, -0.000293469493045, -0.00252504972741, -0.000174809305463, 0.00141538167372, 0.00288548041135, -0.00503180129454, 0.0134679833427, -0.00526799447834, 0.003125510877], [-0.000204619165743, 0.00241043511778, -0.000782771909144, 0.000833787373267, 0.000367216794984, 0.00254543987103, -5.05506977788e-05, 0.00145149917807, -0.00211681192741, 0.00317447888665, -0.00526799447834, 0.0147645259276, -0.00562493223697], [0.000435697234934, -0.00162214098964, 0.00149344210513, -7.63825228205e-05, -0.000525688868947, -0.000955733295996, 0.00212907791138, -0.00289724138565, 0.000118651791126, 0.000383603037335, 0.003125510877, -0.00562493223697, 0.0137277804315]]
    },
    "melbands": {
        "dmean": [0.00154967058916, 0.00171806220897, 0.000924044754356, 0.00082373933401, 0.000216842294321, 0.000209760168218, 8.14569066279e-05, 6.64487306494e-05, 0.000128357380163, 0.000123679827084, 9.96426315396e-05, 5.37368941878e-05, 6.74414623063e-05, 6.50865840726e-05, 5.67772221984e-05, 3.40666774719e-05, 3.43964347849e-05, 3.73192124243e-05, 2.70368000201e-05, 2.03583167604e-05, 1.62462492881e-05, 9.26433494897e-06, 7.36968468118e-06, 4.32807291872e-06, 4.54925520899e-06, 3.41152258443e-06, 2.36632376982e-06, 2.20096262638e-06, 2.48096080213e-06, 2.32138199863e-06, 1.97568783733e-06, 1.862995191e-06, 1.68912481513e-06, 1.67709981724e-06, 1.89388629224e-06, 1.87993612144e-06, 1.73344699306e-06, 1.52583641011e-06, 1.15775742415e-06, 1.04408434254e-06],
        "dmean2": [0.00262999814004, 0.00292063807137, 0.00157442607451, 0.00137785833795, 0.000345176493283, 0.000342484185239, 0.000133859211928, 0.000107642998046, 0.000208995028515, 0.000191221755813, 0.000157992340974, 8.64115645527e-05, 0.000105316612462, 9.90465778159e-05, 8.73810058692e-05, 5.43984460819e-05, 5.49670148757e-05, 5.718344255e-05, 4.26153928856e-05, 3.10864270432e-05, 2.28442804655e-05, 1.42581702676e-05, 1.12348971015e-05, 6.92601042829e-06, 7.04908325133e-06, 5.14938983542e-06, 3.60733565685e-06, 3.29905469698e-06, 3.66384438166e-06, 3.47654781763e-06, 2.95088898383e-06, 2.69060001301e-06, 2.37176823248e-06, 2.46739045906e-06, 2.72095326181e-06, 2.72171246252e-06, 2.38828783949e-06, 2.13097769119e-06, 1.66319898653e-06, 1.50098026097e-06],
        "dvar": [5.92219248574e-06, 1.24388161566e-05, 3.12943348035e-06, 5.96637255512e-06, 2.6679936127e-07, 2.26613920518e-07, 3.05778478094e-08, 2.2221527729e-08, 8.5999197097e-08, 6.88545540584e-08, 4.79428621247e-08, 1.76330043899e-08, 2.36501165318e-08, 2.31706511755e-08, 2.36285195854e-08, 4.57661730735e-09, 7.01459157426e-09, 7.32629112932e-09, 4.24436485957e-09, 3.20306980939e-09, 2.63713539894e-09, 7.08006764327e-10, 2.64143928952e-10, 5.43439529488e-11, 6.44935285732e-11, 3.43337858144e-11, 2.03733297593e-11, 1.43564778121e-11, 2.17234563671e-11, 2.16763725025e-11, 1.41540000206e-11, 1.68302663472e-11, 1.29159209369e-11, 1.40574375057e-11, 2.29002442009e-11, 2.5901487552e-11, 2.74648932069e-11, 2.28489692444e-11, 1.36204216308e-11, 1.41395090081e-11],
        "dvar2": [1.54390745593e-05, 3.04440945911e-05, 8.17012005427e-06, 1.63117147167e-05, 6.56842530589e-07, 5.45119689832e-07, 8.03979460784e-08, 5.84049395513e-08, 2.02947873618e-07, 1.56447683253e-07, 1.11086983168e-07, 4.61864502199e-08, 5.66649838163e-08, 5.06771868913e-08, 5.06046511362e-08, 1.03916510952e-08, 1.77584826844e-08, 1.75060073104e-08, 1.04543511625e-08, 7.33760652238e-09, 4.53030235548e-09, 1.64144886572e-09, 6.02523253512e-10, 1.34401795249e-10, 1.55786328282e-10, 7.9932262198e-11, 4.74410996598e-11, 3.23047075201e-11, 4.60982502171e-11, 4.58619843491e-11, 3.20875166715e-11, 3.70541999861e-11, 2.67326525499e-11, 2.90928479224e-11, 4.74621938973e-11, 5.00341781895e-11, 5.39351237283e-11, 3.69833295932e-11, 2.60281258352e-11, 3.19848071639e-11],
        "max": [0.0182818174362, 0.0295497700572, 0.0125614637509, 0.0228078328073, 0.00619160244241, 0.00522468937561, 0.00194891786668, 0.00245792930946, 0.00321060814895, 0.00397891877219, 0.00271517899819, 0.00211771018803, 0.00293783890083, 0.00212307530455, 0.00260396162048, 0.000880752399098, 0.0011708913371, 0.00155306502711, 0.000971091212705, 0.00125429965556, 0.0011444108095, 0.000792085542344, 0.000324182154145, 8.26984614832e-05, 9.34615673032e-05, 6.58041171846e-05, 5.09945057274e-05, 4.78914880659e-05, 7.38692178857e-05, 6.9372516009e-05, 5.26179392182e-05, 6.15993340034e-05, 6.6240754677e-05, 6.19019483565e-05, 8.75942641869e-05, 0.000132166125695, 0.000150854524691, 0.000146159320138, 8.64095345605e-05, 6.91562381689e-05],
        "mean": [0.00204108911566, 0.00221709115431, 0.00111970596481, 0.000818806642201, 0.000253957579844, 0.000236027801293, 9.45789870457e-05, 8.07134565548e-05, 0.000147855331306, 0.000172640633537, 0.000134530782816, 7.87594326539e-05, 9.71779372776e-05, 9.66604347923e-05, 0.000107888270577, 5.16436011821e-05, 4.78718247905e-05, 6.55194962746e-05, 3.62293285434e-05, 3.28520291077e-05, 2.58860709437e-05, 1.93500782188e-05, 1.36785956784e-05, 7.65537970437e-06, 7.3988467193e-06, 5.86784653933e-06, 4.06578283219e-06, 3.90958348362e-06, 4.33954755863e-06, 4.13233556174e-06, 3.6049150367e-06, 3.29510430674e-06, 3.12923225465e-06, 3.05720118376e-06, 3.44599220625e-06, 3.22635719385e-06, 2.91856417789e-06, 2.73325713351e-06, 2.08262281376e-06, 1.64866571595e-06],
        "median": [0.000775925873313, 0.000539780594409, 0.000326861278154, 8.02686990937e-05, 5.24329007021e-05, 4.0858038119e-05, 1.94053845917e-05, 1.36434273372e-05, 1.78497884917e-05, 2.959027006e-05, 2.47716707236e-05, 1.73485750565e-05, 1.80432944035e-05, 2.24412178795e-05, 1.35515156217e-05, 1.36406461024e-05, 1.0924804883e-05, 1.18514617498e-05, 8.44195437821e-06, 6.96546430845e-06, 4.13982115788e-06, 3.47018021785e-06, 3.03487922793e-06, 2.84517227556e-06, 3.05113508148e-06, 2.23281222134e-06, 1.34886158776e-06, 1.18344087241e-06, 1.10733299152e-06, 9.73969008555e-07, 8.91383251655e-07, 5.72546468902e-07, 4.39662244389e-07, 3.71634627072e-07, 2.95344875667e-07, 3.26060131783e-07, 2.57215788224e-07, 2.1048566623e-07, 1.66629092746e-07, 9.32431447609e-08],
        "min": [5.69271207951e-08, 5.31482768906e-09, 1.27898258651e-09, 3.95528720887e-10, 7.7842995938e-11, 4.80017171844e-11, 8.19907128302e-11, 1.4176067438e-11, 7.09749359978e-12, 8.85943315238e-12, 3.711496388e-12, 5.80756970292e-12, 4.14637248147e-12, 2.1392729168e-12, 2.73306030585e-12, 4.38389038612e-12, 7.90792344801e-12, 5.71933993221e-12, 4.522885972e-12, 4.85469563855e-12, 2.52786029956e-12, 1.84554541788e-12, 2.12598211605e-12, 1.49222528865e-12, 2.16282764268e-12, 2.10760293766e-12, 1.52460205918e-12, 1.50491663402e-12, 1.65461622268e-12, 1.20262404636e-12, 1.23531686182e-12, 1.29421831325e-12, 1.82056930295e-12, 1.36232930319e-12, 1.22088081832e-12, 5.7482832513e-13, 3.29671674074e-13, 2.59521326955e-13, 4.71842346011e-14, 4.10417447911e-14],
        "var": [9.41294729273e-06, 1.52115362653e-05, 3.40177712133e-06, 5.78974504606e-06, 3.33070715897e-07, 2.85656142296e-07, 3.52259057479e-08, 2.6366299366e-08, 1.15050468708e-07, 1.48223605834e-07, 8.97772949315e-08, 3.77350559688e-08, 5.03441413002e-08, 4.29515552014e-08, 8.83876438706e-08, 8.81517348006e-09, 8.43686187579e-09, 2.03923793407e-08, 5.67685853881e-09, 7.93376297992e-09, 6.89185286618e-09, 3.82156661871e-09, 1.12362497084e-09, 1.29419919226e-10, 1.18986848152e-10, 7.26900206693e-11, 4.56442245111e-11, 3.84810516785e-11, 5.62524193892e-11, 5.1892282138e-11, 3.94171535689e-11, 4.5770293805e-11, 4.19428866638e-11, 4.42786120269e-11, 6.37875377518e-11, 6.43696138058e-11, 6.68540015014e-11, 6.8014129051e-11, 3.55487306258e-11, 2.4409849142e-11]
    },
    "mfcc": {
        "mean": [-688.708496094, 115.142272949, 8.10064983368, 18.8795146942, 13.3110513687, 21.2152137756, 9.01843833923, 9.40476322174, 5.27741765976, 5.74529218674, 0.329306930304, 1.21977424622, -3.13919425011],
        "cov": [[12943.6650391, -1698.79125977, -1022.46008301, -1044.16699219, -782.379821777, -732.959838867, -617.887207031, -377.742706299, -353.833648682, -270.200500488, -299.700897217, -262.232025146, -326.810974121], [-1698.79125977, 1686.8795166, 2.84684967995, 338.297485352, 157.435836792, 253.925186157, 86.0955810547, 72.7937011719, 62.2761955261, 15.9851703644, 36.2113113403, -8.52644920349, 24.3441619873], [-1022.46008301, 2.84684967995, 1202.9375, 152.284835815, 193.959564209, 47.0465660095, -117.606552124, 53.969493866, 69.4684753418, 36.6494407654, 6.40431118011, 2.91469693184, 32.1033821106], [-1044.16699219, 338.297485352, 152.284835815, 490.78112793, 285.142730713, 158.846618652, 40.4982528687, 77.6075592041, 103.773155212, 45.3036499023, 16.8337135315, 30.6162986755, 58.1167640686], [-782.379821777, 157.435836792, 193.959564209, 285.142730713, 499.6590271, 162.471618652, 22.1870098114, 23.6355266571, 90.1118621826, 64.8553237915, 1.22983574867, 22.5260353088, 87.1998596191], [-732.959838867, 253.925186157, 47.0465660095, 158.846618652, 162.471618652, 286.400024414, 122.324806213, 35.4856987, -10.8055343628, 65.8731307983, 57.7043952942, 11.0440788269, 18.3423271179], [-617.887207031, 86.0955810547, -117.606552124, 40.4982528687, 22.1870098114, 122.324806213, 280.72567749, 60.3488883972, -19.7373905182, 53.1256484985, 67.0867156982, 5.43086910248, -8.5534029007], [-377.742706299, 72.7937011719, 53.969493866, 77.6075592041, 23.6355266571, 35.4856987, 60.3488883972, 167.973587036, 84.1266784668, 23.3790817261, 16.8263511658, 15.8025636673, 5.23844385147], [-353.833648682, 62.2761955261, 69.4684753418, 103.773155212, 90.1118621826, -10.8055343628, -19.7373905182, 84.1266784668, 234.33934021, 50.9792785645, -14.0993690491, 14.6027336121, 9.69595336914], [-270.200500488, 15.9851703644, 36.6494407654, 45.3036499023, 64.8553237915, 65.8731307983, 53.1256484985, 23.3790817261, 50.9792785645, 141.675292969, 56.0006370544, -7.91848516464, -3.32855963707], [-299.700897217, 36.2113113403, 6.40431118011, 16.8337135315, 1.22983574867, 57.7043952942, 67.0867156982, 16.8263511658, -14.0993690491, 56.0006370544, 137.058425903, 15.4700708389, -10.9393415451], [-262.232025146, -8.52644920349, 2.91469693184, 30.6162986755, 22.5260353088, 11.0440788269, 5.43086910248, 15.8025636673, 14.6027336121, -7.91848516464, 15.4700708389, 97.0015945435, 31.1130542755], [-326.810974121, 24.3441619873, 32.1033821106, 58.1167640686, 87.1998596191, 18.3423271179, -8.5534029007, 5.23844385147, 9.69595336914, -3.32855963707, -10.9393415451, 31.1130542755, 96.3279724121]],
