{
"lowlevel": {
    "average_loudness": 0.981027603149,
    "barkbands_crest": {
        "dmean": 2.75840377808,
        "dmean2": 4.57467031479,
        "dvar": 5.11091327667,
        "dvar2": 13.799911499,
        "max": 20.2378978729,
        "mean": 6.64508485794,
        "median": 5.92143964767,
        "min": 2.03847813606,
        "var": 10.4349489212
    },
    "barkbands_flatness_db": {
        "dmean": 0.0200238656253,
        "dmean2": 0.0322248637676,
        "dvar": 0.000354175514076,
        "dvar2": 0.00081061484525,
        "max": 0.262309163809,
        "mean": 0.120251126587,
        "median": 0.113132610917,
        "min": 0.0210934095085,
        "var": 0.000816437765025
    },
    "barkbands_kurtosis": {
        "dmean": 1.27742564678,
        "dmean2": 2.11680579185,
        "dvar": 5.39254236221,
        "dvar2": 12.954410553,
        "max": 34.855594635,
        "mean": 0.00334705947898,
        "median": -0.619261264801,
        "min": -1.82465279102,
        "var": 5.64884328842
    },
    "barkbands_skewness": {
        "dmean": 0.558243870735,
        "dmean2": 0.823078811169,
        "dvar": 0.282949924469,
        "dvar2": 0.604775190353,
        "max": 5.3879442215,
        "mean": 0.503225803375,
        "median": 0.387416750193,
        "min": -2.27387332916,
        "var": 0.663769006729
    },
    "barkbands_spread": {
        "dmean": 7.27888774872,
        "dmean2": 11.7217550278,
        "dvar": 45.4812545776,
        "dvar2": 107.468582153,
        "max": 88.8227615356,
        "mean": 32.1409225464,
        "median": 32.2822875977,
        "min": 5.46775627136,
        "var": 108.98462677
    },
    "dissonance": {
        "dmean": 0.00929292477667,
        "dmean2": 0.0157457273453,
        "dvar": 8.57127743075e-05,
        "dvar2": 0.000217276290641,
        "max": 0.500000178814,
        "mean": 0.487010121346,
        "median": 0.489884376526,
        "min": 0.402092039585,
        "var": 0.000115811919386
    },
    "dynamic_complexity": 2.65758895874,
    "erbbands_crest": {
        "dmean": 2.14279341698,
        "dmean2": 3.54602432251,
        "dvar": 4.5317864418,
        "dvar2": 12.1493644714,
        "max": 24.5865211487,
        "mean": 6.53434228897,
        "median": 5.4866528511,
        "min": 2.04689073563,
        "var": 10.8316926956
    },
    "erbbands_flatness_db": {
        "dmean": 0.0149683877826,
        "dmean2": 0.0209383908659,
        "dvar": 0.00016676967789,
        "dvar2": 0.000290470168693,
        "max": 0.314340800047,
        "mean": 0.186534330249,
        "median": 0.181416004896,
        "min": 0.0935952216387,
        "var": 0.000937480013818
    },
    "erbbands_kurtosis": {
        "dmean": 0.580329239368,
        "dmean2": 0.905675292015,
        "dvar": 0.448963224888,
        "dvar2": 0.908739328384,
        "max": 9.24323272705,
        "mean": -0.109527021646,
        "median": -0.376852273941,
        "min": -1.57011914253,
        "var": 1.17202973366
    },
    "erbbands_skewness": {
        "dmean": 0.288218617439,
        "dmean2": 0.431062847376,
        "dvar": 0.0650942623615,
        "dvar2": 0.151521667838,
        "max": 1.8060041666,
        "mean": -0.148947909474,
        "median": -0.165008157492,
        "min": -1.91860795021,
        "var": 0.258620381355
    },
    "erbbands_spread": {
        "dmean": 7.37258672714,
        "dmean2": 11.1726436615,
        "dvar": 48.714225769,
        "dvar2": 110.024482727,
        "max": 97.7159423828,
        "mean": 36.5763931274,
        "median": 36.552116394,
        "min": 5.75652885437,
        "var": 155.583328247
    },
    "hfc": {
        "dmean": 7.41609287262,
        "dmean2": 10.7161664963,
        "dvar": 77.2407913208,
        "dvar2": 137.504943848,
        "max": 109.043807983,
        "mean": 31.6225852966,
        "median": 29.2303848267,
        "min": 1.24463405081e-16,
        "var": 413.939056396
    },
    "melbands_crest": {
        "dmean": 4.16238641739,
        "dmean2": 6.98182058334,
        "dvar": 13.4682235718,
        "dvar2": 33.7520332336,
        "max": 25.9854545593,
        "mean": 10.4783763885,
        "median": 9.36950016022,
        "min": 2.21978712082,
        "var": 24.375169754
    },
    "melbands_flatness_db": {
        "dmean": 0.031578656286,
        "dmean2": 0.0481691434979,
        "dvar": 0.000954259827267,
        "dvar2": 0.00189221196342,
        "max": 0.325399011374,
        "mean": 0.112148597836,
        "median": 0.100038170815,
        "min": 0.00659271795303,
        "var": 0.00255784089677
    },
    "melbands_kurtosis": {
        "dmean": 4.43715047836,
        "dmean2": 7.09815406799,
        "dvar": 70.7061462402,
        "dvar2": 168.848175049,
        "max": 117.858016968,
        "mean": 4.33708763123,
        "median": 1.71236562729,
        "min": -1.65047180653,
        "var": 78.8290786743
    },
    "melbands_skewness": {
        "dmean": 0.796477913857,
        "dmean2": 1.20539927483,
        "dvar": 0.67648178339,
        "dvar2": 1.4560033083,
        "max": 8.86821174622,
        "mean": 1.62326478958,
        "median": 1.40959537029,
        "min": -1.05949258804,
        "var": 1.44854474068
    },
    "melbands_spread": {
        "dmean": 14.0224142075,
        "dmean2": 21.6457195282,
        "dvar": 179.875930786,
        "dvar2": 403.640136719,
        "max": 172.758636475,
        "mean": 45.2441978455,
        "median": 44.4908676147,
        "min": 2.88125395775,
        "var": 366.165863037
    },
    "pitch_salience": {
        "dmean": 0.072291508317,
        "dmean2": 0.11810977757,
        "dvar": 0.00414673611522,
        "dvar2": 0.00919182691723,
        "max": 0.878517329693,
        "mean": 0.671797156334,
        "median": 0.702382326126,
        "min": 0.344882428646,
        "var": 0.0100868940353
    },
    "silence_rate_20dB": {
        "dmean": 0,
        "dmean2": 0,
        "dvar": 0,
        "dvar2": 0,
        "max": 1,
        "mean": 1,
        "median": 1,
        "min": 1,
        "var": 0
    },
    "silence_rate_30dB": {
        "dmean": 0,
        "dmean2": 0,
        "dvar": 0,
        "dvar2": 0,
        "max": 1,
        "mean": 1,
        "median": 1,
        "min": 1,
        "var": 0
    },
    "silence_rate_60dB": {
        "dmean": 0.0123839005828,
        "dmean2": 0.0247869864106,
        "dvar": 0.0122307045385,
        "dvar2": 0.0272707473487,
        "max": 1,
        "mean": 0.0757927298546,
        "median": 0,
        "min": 0,
        "var": 0.0700485184789
    },
    "spectral_centroid": {
        "dmean": 345.618164062,
        "dmean2": 520.025878906,
        "dvar": 133725.1875,
        "dvar2": 234858.9375,
        "max": 10924.3857422,
        "mean": 2317.97680664,
        "median": 2357.46459961,
        "min": 470.569213867,
        "var": 290270.8125
    },
    "spectral_complexity": {
        "dmean": 5.93188858032,
        "dmean2": 8.98993015289,
        "dvar": 30.6316432953,
        "dvar2": 62.406578064,
        "max": 62,
        "mean": 34.9721565247,
        "median": 37,
        "min": 0,
        "var": 219.742752075
    },
    "spectral_decrease": {
        "dmean": 2.50239651223e-09,
        "dmean2": 3.49986795101e-09,
        "dvar": 9.70532997942e-18,
        "dvar2": 1.93236173973e-17,
        "max": 4.59029039363e-30,
        "mean": -5.52574253021e-09,
        "median": -4.24612478511e-09,
        "min": -2.13051141174e-08,
        "var": 1.89092594675e-17
    },
    "spectral_energy": {
        "dmean": 0.00985910277814,
        "dmean2": 0.0136729534715,
        "dvar": 0.000139737938298,
        "dvar2": 0.000272267672699,
        "max": 0.085899502039,
        "mean": 0.0237236917019,
        "median": 0.0190715044737,
        "min": 1.12718617681e-20,
        "var": 0.000303006003378
    },
    "spectral_energyband_high": {
        "dmean": 0.000751818995923,
        "dmean2": 0.00111645658035,
        "dvar": 8.60665750224e-07,
        "dvar2": 1.71327462795e-06,
        "max": 0.00911955162883,
        "mean": 0.00222997530364,
        "median": 0.00160485482775,
        "min": 8.17065502287e-21,
        "var": 3.56883106178e-06
    },
    "spectral_energyband_low": {
        "dmean": 0.0064929286018,
        "dmean2": 0.00984976720065,
        "dvar": 0.000117299809062,
        "dvar2": 0.000250687153311,
        "max": 0.0607989057899,
        "mean": 0.00704950001091,
        "median": 0.00133328686934,
        "min": 5.40285974603e-23,
        "var": 0.000152378634084
    },
    "spectral_energyband_middle_high": {
        "dmean": 0.00231331703253,
        "dmean2": 0.00361277419142,
        "dvar": 5.76490992898e-06,
        "dvar2": 1.22770024973e-05,
        "max": 0.0253797043115,
        "mean": 0.00820417143404,
        "median": 0.00739738345146,
        "min": 1.6767512433e-21,
        "var": 2.98629838653e-05
    },
    "spectral_energyband_middle_low": {
        "dmean": 0.0034601863008,
        "dmean2": 0.00499038305134,
        "dvar": 1.52668817464e-05,
        "dvar2": 3.22662053804e-05,
        "max": 0.033360876143,
        "mean": 0.00734189525247,
        "median": 0.00630593067035,
        "min": 3.94583832414e-22,
        "var": 3.27903035213e-05
    },
    "spectral_entropy": {
        "dmean": 0.0755026489496,
        "dmean2": 0.116126477718,
        "dvar": 0.00751645723358,
        "dvar2": 0.0148719875142,
        "max": 9.79118442535,
        "mean": 8.00405693054,
        "median": 8.01163673401,
        "min": 6.63641738892,
        "var": 0.0247142761946
    },
    "spectral_flux": {
        "dmean": 0.0248939264566,
        "dmean2": 0.039494112134,
        "dvar": 0.000696491508279,
        "dvar2": 0.00145416602027,
        "max": 0.228794530034,
        "mean": 0.10179335624,
        "median": 0.0988860353827,
        "min": 1.0616902496e-10,
        "var": 0.00216449005529
    },
    "spectral_kurtosis": {
        "dmean": 1.03082692623,
        "dmean2": 1.79695367813,
        "dvar": 2.31511259079,
        "dvar2": 5.53717184067,
        "max": 32.0524139404,
        "mean": 1.48816037178,
        "median": 1.1720199585,
        "min": -1.23178529739,
        "var": 3.43703389168
    },
    "spectral_rms": {
        "dmean": 0.00091014575446,
        "dmean2": 0.00120906194206,
        "dvar": 8.45670342642e-07,
        "dvar2": 1.47337402723e-06,
        "max": 0.00915447436273,
        "mean": 0.0044398563914,
        "median": 0.00431350758299,
        "min": 3.31616309933e-12,
        "var": 3.4327144931e-06
    },
    "spectral_rolloff": {
        "dmean": 836.327575684,
        "dmean2": 1250.76000977,
        "dvar": 746573.375,
        "dvar2": 1281395.25,
        "max": 19121.484375,
        "mean": 2989.5703125,
        "median": 3122.31445312,
        "min": 150.732421875,
        "var": 1979678.125
    },
    "spectral_skewness": {
        "dmean": 0.16941870749,
        "dmean2": 0.279671758413,
        "dvar": 0.0336621068418,
        "dvar2": 0.0797672867775,
        "max": 4.21873664856,
        "mean": 0.745992898941,
        "median": 0.725540816784,
        "min": -0.147655054927,
        "var": 0.095853254199
    },
    "spectral_spread": {
        "dmean": 360053.4375,
        "dmean2": 531764.8125,
        "dvar": 1.06106467123e+12,
        "dvar2": 1.04272278323e+12,
        "max": 40863820,
        "mean": 3777061.5,
        "median": 3740717.25,
        "min": 1599685.25,
        "var": 1.48990590976e+12
    },
    "spectral_strongpeak": {
        "dmean": 0.64816981554,
        "dmean2": 1.10546910763,
        "dvar": 0.856726109982,
        "dvar2": 2.18048167229,
        "max": 8.1618270874,
        "mean": 0.88567173481,
        "median": 0.414556980133,
        "min": 0,
        "var": 1.30832588673
    },
    "zerocrossingrate": {
        "dmean": 0.0143744405359,
        "dmean2": 0.0158281046897,
        "dvar": 0.000285651505692,
        "dvar2": 0.000352655071765,
        "max": 0.49560546875,
        "mean": 0.0972453802824,
        "median": 0.09814453125,
        "min": 0.01806640625,
        "var": 0.000981381745078
    },
    "barkbands": {
        "dmean": [4.66123638034e-05, 0.00454661948606, 0.00225928612053, 0.00166040589102, 0.00137845100835, 0.000651016074698, 0.000648312270641, 0.000391961861169, 0.000839093176182, 0.000657296564896, 0.000445074198069, 0.000613248674199, 0.000526976888068, 0.000540596549399, 0.000639586476609, 0.000388742279029, 0.000363151921192, 0.000324203167111, 0.000355453492375, 0.000321000319673, 0.000327795307385, 0.000203557749046, 0.000158009439474, 8.12237994978e-05, 1.83107640623e-05, 1.60784914272e-08, 8.62505789012e-10],
        "dmean2": [7.46395890019e-05, 0.0076154647395, 0.00376035086811, 0.00260268035345, 0.002395657124, 0.00110624614172, 0.00106946611777, 0.000666523876134, 0.00139628024772, 0.00105413352139, 0.000748198712245, 0.00100041227415, 0.000899386708625, 0.00089114549337, 0.0010321236914, 0.000634833180811, 0.000623584375717, 0.000548053358216, 0.000585598056205, 0.000530324527062, 0.00053588510491, 0.00031002072501, 0.000237414584262, 0.000118351475976, 2.7710080758e-05, 2.52469476436e-08, 1.59722257642e-09],
        "dvar": [4.10653555605e-09, 7.23139455658e-05, 1.66835379787e-05, 6.27921963314e-06, 3.69801409761e-06, 8.9323799557e-07, 1.82153769401e-06, 2.69025861144e-07, 1.28087731355e-06, 1.58110833581e-06, 4.76500673585e-07, 9.77537865765e-07, 5.05486525526e-07, 8.7837099727e-07, 1.06342247364e-06, 3.35532917006e-07, 2.86872506194e-07, 1.48355738361e-07, 1.54499090854e-07, 1.35459160333e-07, 1.47836743736e-07, 5.36628554926e-08, 6.20391844564e-08, 1.94973228673e-08, 1.07169673136e-09, 1.10576752544e-15, 1.20614172627e-18],
        "dvar2": [1.05824051744e-08, 0.000180728238774, 4.17141927755e-05, 1.46175098052e-05, 9.62407284533e-06, 2.24669747695e-06, 4.79060599901e-06, 7.07028391389e-07, 3.2378409287e-06, 3.74472506337e-06, 1.27980251818e-06, 2.37093263422e-06, 1.25476492485e-06, 2.00700515052e-06, 2.46087734013e-06, 7.89922296462e-07, 7.49227638153e-07, 3.81625198997e-07, 4.02846666248e-07, 3.27405302869e-07, 3.71137332422e-07, 1.22252799883e-07, 1.3193913162e-07, 3.61039340646e-08, 2.13320516806e-09, 2.68199345518e-15, 3.66754512813e-18],
        "max": [0.00073959241854, 0.0460415109992, 0.0193507671356, 0.0206172969192, 0.0128694903105, 0.00890924688429, 0.0179499518126, 0.00566093344241, 0.0141909802333, 0.0212115440518, 0.00892834179103, 0.0129647068679, 0.00797153636813, 0.016703799367, 0.0109170405194, 0.00696048419923, 0.00789278838784, 0.00421201949939, 0.00403226353228, 0.00389223662205, 0.00337658682838, 0.00269155227579, 0.00297729345039, 0.0031094008591, 0.000589840637986, 6.35312119357e-07, 6.82007383901e-09],
        "mean": [6.80985176587e-05, 0.00406300090253, 0.00205096672289, 0.00169556029141, 0.00145878049079, 0.000901757040992, 0.000833950645756, 0.000569978030398, 0.00136797479354, 0.00100887939334, 0.000646748929285, 0.000971981033217, 0.00081478379434, 0.000872273929417, 0.00111637439113, 0.0006661589141, 0.000633809715509, 0.00065455614822, 0.000764680036809, 0.000735950074159, 0.000736513116863, 0.000525575247593, 0.000352223229129, 0.000178255912033, 3.4841872548e-05, 2.55120458093e-08, 7.25133952884e-10],
        "median": [4.96309876326e-05, 0.000348588975612, 0.00040652664029, 0.000650719623081, 0.000774110550992, 0.000463276432129, 0.0005267605884, 0.000394261354813, 0.00083211279707, 0.000504585099407, 0.000380927231163, 0.000548221170902, 0.000587340560742, 0.000504948024172, 0.000541468034498, 0.000413619622122, 0.000450677442132, 0.00053956604097, 0.000666596926749, 0.000557326478884, 0.000523875409272, 0.000392418034608, 0.000197754969122, 0.000106804676761, 1.73569878825e-05, 1.11207540954e-08, 2.67173533297e-10],
        "min": [9.73255327436e-24, 4.00072007151e-23, 4.26135758467e-24, 1.23112827755e-23, 1.05407259679e-22, 8.08094848703e-23, 2.03938530028e-23, 7.52898819145e-23, 5.24847808915e-23, 9.95187285655e-23, 1.27407296593e-22, 1.46750317451e-22, 1.27127762154e-22, 1.10216124202e-22, 5.73557098359e-23, 2.36202751725e-22, 1.38376136112e-22, 1.69429147086e-22, 2.57520070547e-22, 2.9702771405e-22, 4.75440333394e-22, 5.79257306286e-22, 6.40311858689e-22, 1.02952633775e-21, 1.15480128652e-21, 1.99262599296e-21, 2.5027635844e-21],
        "var": [4.85626960867e-09, 6.93098263582e-05, 1.57476642926e-05, 7.07748267814e-06, 3.89589877159e-06, 1.32035336264e-06, 1.5623179479e-06, 3.44494367255e-07, 2.58789577856e-06, 2.71433736998e-06, 7.77728530466e-07, 2.03665013032e-06, 8.00697364411e-07, 2.04536604542e-06, 2.36385631069e-06, 6.32419357771e-07, 5.14200678481e-07, 3.21885607946e-07, 3.43431338479e-07, 3.70443501652e-07, 4.02038409675e-07, 1.94185190594e-07, 1.87140486219e-07, 6.44717204068e-08, 3.08325742715e-09, 2.07437881739e-15, 1.08474118405e-18]
    },
    "erbbands": {
        "dmean": [0.0547752305865, 1.25862753391, 2.96954607964, 3.24047803879, 5.04933643341, 3.80816698074, 4.30038642883, 6.12895345688, 8.50646591187, 8.86033725739, 9.12297916412, 19.7693042755, 24.1787414551, 14.7630519867, 21.6540603638, 22.7980651855, 23.7841053009, 23.8414115906, 30.6616611481, 27.6961460114, 19.5530185699, 18.5714817047, 17.8942470551, 17.8890647888, 16.6669044495, 14.3836526871, 15.506196022, 11.7880830765, 7.65030241013, 6.52435445786, 4.35823154449, 2.06709265709, 1.19990944862, 0.377872228622, 0.0253434106708, 0.00112195452675, 6.53732276987e-05, 1.09954771688e-05, 6.62263209961e-06, 1.17081654025e-05],
        "dmean2": [0.0809340626001, 2.1169192791, 4.96041059494, 4.58398389816, 8.32909965515, 6.42873287201, 6.8746843338, 10.6744003296, 13.8343734741, 15.0076265335, 15.1738739014, 32.7849082947, 38.2243614197, 23.7430458069, 35.7358551025, 37.1258811951, 40.2595329285, 38.8480453491, 49.7582206726, 43.6947517395, 31.7257843018, 31.4256000519, 30.2896003723, 29.9982032776, 27.2784156799, 23.0725669861, 25.2174892426, 19.7772655487, 11.9344425201, 9.95777511597, 6.52466011047, 3.05897951126, 1.76992380619, 0.555211484432, 0.036678891629, 0.0016124638496, 8.95614357432e-05, 1.5177772184e-05, 8.89232887857e-06, 1.59928240464e-05],
        "dvar": [0.00769769679755, 5.82359838486, 32.4399719238, 18.3333301544, 48.3080329895, 24.1823978424, 35.8084564209, 80.5666503906, 267.674133301, 295.833404541, 130.694107056, 880.035827637, 1995.09094238, 653.712036133, 1285.00170898, 1218.19262695, 973.971191406, 1270.73669434, 2346.17504883, 1690.2902832, 894.857788086, 716.102600098, 459.563842773, 456.235351562, 340.091705322, 245.214492798, 363.151580811, 197.229858398, 77.8196868896, 75.1625061035, 60.8675575256, 12.9441919327, 4.5343952179, 0.463400632143, 0.00286887027323, 5.29881799594e-06, 1.2830575713e-08, 2.73386785432e-10, 4.76857095477e-11, 1.67230229664e-10],
        "dvar2": [0.0151417199522, 14.4951181412, 74.7422103882, 36.7294769287, 115.118743896, 62.808506012, 90.3637390137, 224.325378418, 708.309875488, 766.615966797, 337.146118164, 2293.34423828, 4598.9921875, 1622.08691406, 3380.74511719, 2814.3581543, 2373.49487305, 2667.54443359, 5775.70019531, 3694.43261719, 2015.55541992, 1796.1842041, 1152.09143066, 1142.9395752, 875.491577148, 567.655883789, 926.07409668, 530.309082031, 187.072067261, 156.018539429, 134.752105713, 26.1401824951, 8.34039783478, 0.826753973961, 0.00542859267443, 9.8289019661e-06, 2.14357438466e-08, 4.28123286822e-10, 7.76295208671e-11, 3.09737180348e-10],
        "max": [0.506481051445, 12.7216091156, 27.0607337952, 44.2456855774, 46.2874794006, 32.9623641968, 52.8596153259, 85.6179199219, 268.186096191, 220.389373779, 119.614952087, 318.373199463, 803.492614746, 522.390869141, 470.623565674, 560.303894043, 400.597564697, 763.382629395, 592.069519043, 644.860412598, 428.065643311, 370.840209961, 257.857391357, 204.886550903, 251.934829712, 177.824066162, 171.338256836, 124.96118927, 92.7443618774, 145.160171509, 94.974357605, 66.3735046387, 45.7983169556, 15.4963283539, 0.868733823299, 0.0400470644236, 0.00240697339177, 0.000346781132976, 9.68410022324e-05, 0.000106203850009],
        "mean": [0.0677633285522, 1.06870985031, 2.67190122604, 4.16356992722, 5.35020828247, 4.38074588776, 5.64597511292, 8.18881607056, 11.2600336075, 11.8991956711, 14.354139328, 31.5520954132, 39.6149673462, 22.9733047485, 33.776348114, 38.9715156555, 38.7104759216, 41.8286590576, 54.4872398376, 49.5447006226, 37.6961746216, 35.6352157593, 36.0256843567, 36.6612739563, 38.9454574585, 34.0090446472, 32.9062271118, 25.8417892456, 18.7422065735, 15.9759550095, 9.09124565125, 4.5252289772, 2.55351233482, 0.786755084991, 0.0424419082701, 0.00203489838168, 0.000160772979143, 3.24489774357e-05, 2.21093850996e-05, 3.28459391312e-05],
        "median": [0.00785168260336, 0.0739565044641, 0.376851588488, 1.80419695377, 2.54182481766, 2.10198616982, 3.08926725388, 4.2707695961, 7.12707710266, 7.69938325882, 10.6994991302, 19.9269104004, 21.176404953, 15.0188322067, 20.5040054321, 23.5518798828, 28.5038394928, 27.7306747437, 29.8729438782, 28.55260849, 24.1671638489, 26.5244312286, 28.8647670746, 28.7175273895, 33.5894737244, 25.6662864685, 22.7534046173, 19.3691043854, 14.0350856781, 9.76170158386, 5.10497426987, 2.59577226639, 1.52647864819, 0.41678750515, 0.0134076010436, 0.000790535530541, 0.000101597252069, 2.27401887969e-05, 1.97350200324e-05, 2.79178639175e-05],
        "min": [2.00611574163e-21, 5.57448041182e-21, 5.8229334792e-21, 2.8458076225e-20, 8.87892890705e-20, 4.4427751793e-19, 6.29717297495e-19, 6.0643650595e-19, 2.39169218705e-19, 1.36770240421e-18, 1.16376340233e-18, 1.05912546843e-18, 3.21298022342e-18, 5.39911539161e-18, 2.90706587863e-18, 7.17821628027e-18, 6.49520745822e-18, 5.37501879319e-18, 2.92804648769e-18, 9.35257218975e-18, 1.10687494492e-17, 6.60835542626e-18, 7.51659353499e-18, 9.48153874623e-18, 1.86112444907e-17, 1.27795177747e-17, 1.74342558146e-17, 1.81474161971e-17, 1.81770573872e-17, 2.14596525106e-17, 1.74327834331e-17, 2.29792445072e-17, 1.52736633633e-17, 1.07132942236e-17, 1.00947393148e-17, 5.95527648032e-18, 4.22912921293e-18, 1.49861542007e-18, 2.92137393188e-19, 3.94225588084e-20],
        "var": [0.0129839135334, 5.29025888443, 31.1477241516, 31.9155044556, 50.3239974976, 29.5276451111, 49.7139472961, 110.100723267, 248.27772522, 266.825408936, 191.867172241, 1502.4263916, 3783.14648438, 886.107910156, 2245.67382812, 2967.5793457, 1724.04174805, 3405.28344727, 4835.68652344, 4297.84960938, 2040.98901367, 1473.34179688, 1005.17669678, 904.06817627, 863.576843262, 777.383972168, 878.759094238, 468.97253418, 243.007537842, 280.341156006, 141.941635132, 36.8115310669, 14.5829524994, 1.56903398037, 0.0072746919468, 1.4422032109e-05, 4.83036650678e-08, 1.24676680091e-09, 2.27091442873e-10, 4.75279704482e-10]
    },
    "gfcc": {
        "mean": [-6.72005987167, 96.908416748, -182.594726562, 63.8267173767, -82.6758041382, 18.9976005554, -27.2030315399, -9.1417427063, -6.83082723618, -17.9967002869, -0.0519051142037, -20.6297416687, 0.778679072857],
        "cov": [[9720.94433594, -335.063201904, 140.054672241, 381.436737061, -411.321594238, 441.001678467, -416.828857422, 185.774307251, -140.18901062, -65.4974899292, -6.26349067688, -213.085891724, 69.0776062012], [-335.063201904, 1201.56079102, 408.28527832, 393.92489624, 404.039459229, -24.1884918213, 459.643829346, -130.533615112, 163.446243286, -24.3987255096, 103.998527527, -24.2954273224, -80.5213317871], [140.054672241, 408.28527832, 559.812683105, 281.575164795, 184.7631073, 160.992752075, 110.314727783, 62.6837463379, 40.5875205994, 12.7805452347, 36.8168869019, -47.3045310974, -11.6003961563], [381.436737061, 393.92489624, 281.575164795, 378.111755371, 185.940216064, 17.217748642, 163.187469482, -32.5896072388, 78.1419830322, -10.2404842377, 34.7890472412, -14.5843515396, -41.3426322937], [-411.321594238, 404.039459229, 184.7631073, 185.940216064, 364.08493042, 92.777961731, 224.689483643, 41.142993927, 103.181625366, 39.1820526123, 39.9467773438, 13.3217096329, -18.3057079315], [441.001678467, -24.1884918213, 160.992752075, 17.217748642, 92.777961731, 254.561676025, 7.40982294083, 137.723815918, -4.35153055191, 36.0675811768, 18.8207092285, -29.0887832642, 34.9813079834], [-416.828857422, 459.643829346, 110.314727783, 163.187469482, 224.689483643, 7.40982294083, 301.602844238, -13.1891927719, 95.173034668, 1.2411711216, 42.2905578613, 18.888092041, -38.5981330872], [185.774307251, -130.533615112, 62.6837463379, -32.5896072388, 41.142993927, 137.723815918, -13.1891927719, 183.047775269, 22.6548252106, 40.6331977844, -8.08753967285, -8.7524728775, 38.6202964783], [-140.18901062, 163.446243286, 40.5875205994, 78.1419830322, 103.181625366, -4.35153055191, 95.173034668, 22.6548252106, 99.0496063232, 26.9867916107, 15.1377134323, 1.83272528648, -9.62262535095], [-65.4974899292, -24.3987255096, 12.7805452347, -10.2404842377, 39.1820526123, 36.0675811768, 1.2411711216, 40.6331977844, 26.9867916107, 57.9985847473, 19.579164505, 9.17054080963, 6.74790477753], [-6.26349067688, 103.998527527, 36.8168869019, 34.7890472412, 39.9467773438, 18.8207092285, 42.2905578613, -8.08753967285, 15.1377134323, 19.579164505, 54.0363311768, 17.1884727478, -5.37675142288], [-213.085891724, -24.2954273224, -47.3045310974, -14.5843515396, 13.3217096329, -29.0887832642, 18.888092041, -8.7524728775, 1.83272528648, 9.17054080963, 17.1884727478, 55.7861404419, 7.74626302719], [69.0776062012, -80.5213317871, -11.6003961563, -41.3426322937, -18.3057079315, 34.9813079834, -38.5981330872, 38.6202964783, -9.62262535095, 6.74790477753, -5.37675142288, 7.74626302719, 50.390171051]],
        "icov": [[0.00020768858667, -0.000374872761313, 0.000562822504435, -0.000826832663734, 0.000582360080443, -0.000712991110049, 0.000580278981943, -0.000393354712287, 0.000227652169997, -5.29045246367e-05, 0.000139803596539, 6.98793010088e-05, 7.46707009966e-05], [-0.000374872761313, 0.00666526984423, -0.00412622326985, 0.0027714963071, -0.00374369439669, 0.00395615585148, -0.00657609058544, 0.0045393272303, -0.00304177822545, 0.00412871222943, -0.00776221230626, 0.00684212055057, -0.00314777693711], [0.000562822504435, -0.00412622326985, 0.00721528567374, -0.00585057353601, 0.00246791820973, -0.00450729066506, 0.00439460994676, -0.00394890690222, 0.00358746340498, -0.00259475782514, 0.00293073151261, -0.00089379370911, 0.00139681191649], [-0.000826832663734, 0.0027714963071, -0.00585057353601, 0.010287694633, -0.0041992762126, 0.00373175321147, -0.00346195907332, 0.00389393395744, -0.00513384770602, 0.00448639877141, -0.00334669812582, 0.000855525955558, 0.000833750935271], [0.000582360080443, -0.00374369439669, 0.00246791820973, -0.0041992762126, 0.0107107404619, -0.00647572753951, 5.56273116672e-05, -0.0014640368754, -0.00109549961053, -0.00545063475147, 0.00677714217454, -0.00603693258017, 0.0020653156098], [-0.000712991110049, 0.00395615585148, -0.00450729066506, 0.00373175321147, -0.00647572753951, 0.0159238092601, -0.00477297930047, -0.00447310879827, 0.00510840397328, 0.000335255026584, -0.01029193867, 0.0107158040628, -0.00612626643851], [0.000580278981943, -0.00657609058544, 0.00439460994676, -0.00346195907332, 5.56273116672e-05, -0.00477297930047, 0.0159507524222, -0.00471356231719, -0.00234954664484, 0.00267237960361, 0.0036097986158, -0.00891191512346, 0.00698044616729], [-0.000393354712287, 0.0045393272303, -0.00394890690222, 0.00389393395744, -0.0014640368754, -0.00447310879827, -0.00471356231719, 0.0171374492347, -0.00797986425459, -0.0017209420912, 0.00230449065566, 0.00101627595723, -0.00529682543129], [0.000227652169997, -0.00304177822545, 0.00358746340498, -0.00513384770602, -0.00109549961053, 0.00510840397328, -0.00234954664484, -0.00797986425459, 0.0264286547899, -0.013023913838, 0.00207921001129, 0.00460698874667, -0.00188232713845], [-5.29045246367e-05, 0.00412871222943, -0.00259475782514, 0.00448639877141, -0.00545063475147, 0.000335255026584, 0.00267237960361, -0.0017209420912, -0.013023913838, 0.0364613644779, -0.0170040801167, 0.0003109741956, 0.00167477794457], [0.000139803596539, -0.00776221230626, 0.00293073151261, -0.00334669812582, 0.00677714217454, -0.01029193867, 0.0036097986158, 0.00230449065566, 0.00207921001129, -0.0170040801167, 0.0423637852073, -0.0202757269144, 0.00625047739595], [6.98793010088e-05, 0.00684212055057, -0.00089379370911, 0.000855525955558, -0.00603693258017, 0.0107158040628, -0.00891191512346, 0.00101627595723, 0.00460698874667, 0.0003109741956, -0.0202757269144, 0.0387191735208, -0.0131811015308], [7.46707009966e-05, -0.00314777693711, 0.00139681191649, 0.000833750935271, 0.0020653156098, -0.00612626643851, 0.00698044616729, -0.00529682543129, -0.00188232713845, 0.00167477794457, 0.00625047739595, -0.0131811015308, 0.0322376005352]]
    },
    "melbands": {
        "dmean": [0.000890213064849, 0.00161019328516, 0.000582681153901, 0.000318528938806, 0.000145154976053, 0.000133261055453, 0.000128649480757, 9.05519264052e-05, 7.78157191235e-05, 0.000133819325129, 0.000121067321743, 6.26585242571e-05, 6.68085122015e-05, 7.34383866074e-05, 5.69156327401e-05, 5.07576514792e-05, 4.9218062486e-05, 5.20303328813e-05, 4.92023609695e-05, 2.96451271424e-05, 2.53034631896e-05, 2.1756563001e-05, 1.91172330233e-05, 1.61491698236e-05, 1.60470535775e-05, 1.38653040267e-05, 1.19854257719e-05, 1.05633462226e-05, 1.13144560601e-05, 8.6207410277e-06, 6.77282378092e-06, 4.53789834864e-06, 4.52554104413e-06, 3.70362977264e-06, 3.02459875456e-06, 1.69384406945e-06, 1.19439289392e-06, 9.52864922965e-07, 6.44503018066e-07, 2.41512907451e-07],
        "dmean2": [0.00144951639231, 0.00269307894632, 0.000804315437563, 0.000536703446414, 0.000235967978369, 0.000231452955632, 0.000208346929867, 0.000153054963448, 0.000128733387101, 0.000220511719817, 0.000190886697965, 0.000101577104942, 0.000111184410343, 0.000118661511806, 9.6034957096e-05, 8.69298673933e-05, 7.93433209765e-05, 8.64886096679e-05, 7.89912592154e-05, 4.84165975649e-05, 4.11277433159e-05, 3.72244685423e-05, 3.25636901835e-05, 2.71555563813e-05, 2.70614527835e-05, 2.32895181398e-05, 1.92220104509e-05, 1.74084780156e-05, 1.8588565581e-05, 1.41083601193e-05, 1.14858794404e-05, 7.26221742298e-06, 6.90091928846e-06, 5.6385656535e-06, 4.6561290219e-06, 2.62142589236e-06, 1.80693905349e-06, 1.43326644775e-06, 9.70423116087e-07, 3.69116747834e-07],
        "dvar": [2.42860210165e-06, 9.37183904171e-06, 5.57132125323e-07, 2.11749693335e-07, 3.40710215596e-08, 3.60755585405e-08, 6.45177493652e-08, 2.52429490644e-08, 9.29894206081e-09, 3.76280624437e-08, 4.97832104429e-08, 1.28075470229e-08, 1.08430553425e-08, 1.61526578779e-08, 6.10497385978e-09, 4.84913442733e-09, 6.25783735941e-09, 7.50932205307e-09, 7.14900272314e-09, 1.83824722111e-09, 1.74683190135e-09, 1.20269583181e-09, 5.97355831466e-10, 3.9251349393e-10, 3.76611408726e-10, 2.35392455528e-10, 1.75813377745e-10, 1.46472653451e-10, 2.11147238582e-10, 1.11490400245e-10, 6.47341139026e-11, 2.57780498336e-11, 3.16857755311e-11, 2.60906504734e-11, 3.16243177478e-11, 8.92755487591e-12, 4.20043774069e-12, 2.95424600581e-12, 1.36238112805e-12, 2.23399234224e-13],
        "dvar2": [5.85191901337e-06, 2.13589137275e-05, 1.03908780602e-06, 5.38515564585e-07, 8.79022152844e-08, 9.69161533249e-08, 1.7063230473e-07, 6.4534205535e-08, 2.29723760015e-08, 9.63806243703e-08, 1.15022260161e-07, 3.14279162694e-08, 2.88022814487e-08, 3.95730559433e-08, 1.55141304248e-08, 1.24908758892e-08, 1.29213360012e-08, 1.81899046936e-08, 1.64665312496e-08, 4.27961843741e-09, 4.05876177112e-09, 3.09613867877e-09, 1.57721913308e-09, 1.04297182002e-09, 9.56247858674e-10, 5.97380811485e-10, 4.52883286428e-10, 3.56637192001e-10, 5.59903956532e-10, 2.89423540689e-10, 1.79630643693e-10, 6.50050846485e-11, 7.55165027733e-11, 5.60391698323e-11, 7.4198668043e-11, 2.03891764583e-11, 8.56513211051e-12, 6.01778913159e-12, 2.36700090951e-12, 4.51595602276e-13],
        "max": [0.00882096588612, 0.0151736726984, 0.00740636326373, 0.00332094961777, 0.00150370108895, 0.00183851993643, 0.00392619566992, 0.00198337715119, 0.000961780140642, 0.00239960313775, 0.00402554636821, 0.0022351143416, 0.00129660288803, 0.00153163215145, 0.0010456002783, 0.000947753724176, 0.00173613242805, 0.00136757676955, 0.00102361838799, 0.000542606518138, 0.000668257067446, 0.000475213164464, 0.00027778770891, 0.000209791614907, 0.000188047953998, 0.000171114967088, 0.000192907726159, 0.00011050930334, 0.000137777664349, 0.000108467625978, 8.79003418959e-05, 5.10485260747e-05, 8.94218246685e-05, 7.79830515967e-05, 6.80831581121e-05, 4.31503613072e-05, 3.83683327527e-05, 3.06195288431e-05, 3.00357987726e-05, 8.0006693679e-06],
        "mean": [0.00089060026221, 0.00146865367424, 0.00077661848627, 0.00034746248275, 0.000199095782591, 0.000182015108294, 0.000172392828972, 0.000127520674141, 0.000118560688861, 0.000212390543311, 0.000194404958165, 8.89316143002e-05, 9.95587470243e-05, 0.00011636983254, 8.86348061613e-05, 7.83113500802e-05, 7.92344872025e-05, 8.56096521602e-05, 8.2407874288e-05, 5.01947106386e-05, 4.36992268078e-05, 3.77272590413e-05, 3.3241147321e-05, 3.07318769046e-05, 2.93092180073e-05, 2.90440220851e-05, 2.58752897935e-05, 2.19619087147e-05, 2.14317897189e-05, 1.77143720066e-05, 1.39141511681e-05, 1.03487582237e-05, 1.02209351098e-05, 8.22768379294e-06, 5.60516355108e-06, 3.45679177371e-06, 2.46888407673e-06, 1.88503918253e-06, 1.32543448217e-06, 4.17492117322e-07],
        "median": [9.8607975815e-05, 0.000171235849848, 0.000392888352508, 0.000179905677214, 0.000118687115901, 9.45091087488e-05, 0.000112249850645, 8.43670786708e-05, 8.46287002787e-05, 0.00013106399274, 0.000101502562757, 5.48607495148e-05, 6.02744657954e-05, 6.19521742919e-05, 6.08446498518e-05, 5.48391908524e-05, 4.63994729216e-05, 4.62729549326e-05, 4.10521206504e-05, 2.99199127767e-05, 2.63961774181e-05, 2.53666694334e-05, 2.5048835596e-05, 2.37607564486e-05, 2.18992372538e-05, 2.47215139098e-05, 2.12332415686e-05, 1.54528006533e-05, 1.43437982842e-05, 1.21791608763e-05, 1.04768359961e-05, 8.03558396001e-06, 6.77305479257e-06, 4.50795459983e-06, 3.03682509184e-06, 1.96568862521e-06, 1.43967520216e-06, 1.07460834897e-06, 7.22196773495e-07, 1.57915607701e-07],
        "min": [1.35759822122e-23, 4.00715504658e-24, 5.89958897085e-24, 1.68298299201e-23, 2.50325349858e-23, 1.4106825648e-23, 3.67624406848e-24, 1.65873608991e-23, 9.58819488415e-24, 6.38387580816e-24, 1.5568212563e-23, 2.03497335901e-23, 1.14844192851e-23, 1.34353314683e-23, 2.12628669092e-23, 9.71258483827e-24, 1.04554788185e-23, 5.11451933114e-24, 6.3124444532e-24, 1.70656788204e-23, 1.27946336294e-23, 7.13467811901e-24, 5.47545001655e-24, 8.99648215206e-24, 7.06166746451e-24, 1.14116594883e-23, 1.49133507266e-23, 6.48197855034e-24, 9.11630381267e-24, 1.37797796939e-23, 9.31715095459e-24, 1.08477754024e-23, 1.03357502435e-23, 1.17561952776e-23, 8.24520573581e-24, 1.39379668158e-23, 1.41617177452e-23, 1.08488482532e-23, 9.2659909583e-24, 8.7484311513e-24],
        "var": [2.76803143606e-06, 9.25522454054e-06, 9.92923446574e-07, 2.18254569972e-07, 5.20609297894e-08, 5.21568388478e-08, 5.86601700547e-08, 2.51047094224e-08, 1.42909781786e-08, 6.96622493024e-08, 9.37016721991e-08, 1.58461315181e-08, 1.80895902702e-08, 3.33250653739e-08, 1.05332373934e-08, 7.79387843153e-09, 1.68520006838e-08, 1.38539251182e-08, 1.43938967412e-08, 3.59365404101e-09, 3.5041380908e-09, 2.13053130693e-09, 9.97835480909e-10, 7.81078091094e-10, 6.57240040169e-10, 5.08363240392e-10, 4.37540337295e-10, 3.7188976898e-10, 4.17240186845e-10, 2.49500115013e-10, 1.40803729787e-10, 7.12546480153e-11, 9.78555847464e-11, 8.86637152586e-11, 6.08167544103e-11, 2.12034192287e-11, 1.16143743928e-11, 7.93712838509e-12, 4.58932978425e-12, 5.65023342784e-13]
    },
    "mfcc": {
        "mean": [-606.023803711, 84.0373916626, -25.5414218903, 23.8950500488, -14.9098482132, 13.0948963165, -5.21789979935, 4.95063304901, -3.69347786903, 4.61155223846, -2.94502162933, -0.888158202171, -4.92787885666],
        "cov": [[7964.87695312, -249.062210083, 168.810043335, 16.2812728882, -3.29469013214, 54.0005302429, -120.379302979, 8.11855888367, -97.3441009521, 60.4213256836, -117.248321533, -20.0245037079, -135.917694092], [-249.062210083, 818.684814453, 137.39125061, 413.68850708, 33.9491004944, 271.290435791, 160.264373779, 138.090621948, 40.13331604, 54.2468986511, 111.322937012, 80.9831085205, 33.690284729], [168.810043335, 137.39125061, 449.774078369, 91.7701416016, 132.126647949, 62.0833358765, 87.2780685425, 30.1115818024, 18.5158138275, 47.3233299255, -1.40140593052, 29.0918750763, -12.8918209076], [16.2812728882, 413.68850708, 91.7701416016, 526.279052734, 2.47111845016, 200.417419434, 38.0729827881, 97.5355072021, -0.557869851589, 26.4020347595, 68.8232574463, 33.8799247742, 26.2259101868], [-3.29469013214, 33.9491004944, 132.126647949, 2.47111845016, 230.091140747, 50.8070259094, 92.4489135742, 33.3690109253, 82.4675140381, 50.6787490845, 33.712097168, 24.7572479248, 20.0588665009], [54.0005302429, 271.290435791, 62.0833358765, 200.417419434, 50.8070259094, 185.651794434, 89.6378097534, 69.2886810303, 15.5034742355, 32.040512085, 46.2141914368, 36.8320846558, 23.969625473], [-120.379302979, 160.264373779, 87.2780685425, 38.0729827881, 92.4489135742, 89.6378097534, 158.513320923, 77.2406463623, 61.0417404175, 30.6432609558, 47.9567680359, 31.9999542236, 24.9067897797], [8.11855888367, 138.090621948, 30.1115818024, 97.5355072021, 33.3690109253, 69.2886810303, 77.2406463623, 104.572029114, 56.8443107605, 32.218372345, 39.3985328674, 27.430229187, 18.0337791443], [-97.3441009521, 40.13331604, 18.5158138275, -0.557869851589, 82.4675140381, 15.5034742355, 61.0417404175, 56.8443107605, 115.352020264, 51.4776878357, 40.5979232788, 10.5265293121, 17.3242740631], [60.4213256836, 54.2468986511, 47.3233299255, 26.4020347595, 50.6787490845, 32.040512085, 30.6432609558, 32.218372345, 51.4776878357, 77.8530578613, 34.5368385315, 13.744550705, -3.53120756149], [-117.248321533, 111.322937012, -1.40140593052, 68.8232574463, 33.712097168, 46.2141914368, 47.9567680359, 39.3985328674, 40.5979232788, 34.5368385315, 83.4265060425, 30.2435722351, 16.8863506317], [-20.0245037079, 80.9831085205, 29.0918750763, 33.8799247742, 24.7572479248, 36.8320846558, 31.9999542236, 27.430229187, 10.5265293121, 13.744550705, 30.2435722351, 62.2090377808, 21.3724746704], [-135.917694092, 33.690284729, -12.8918209076, 26.2259101868, 20.0588665009, 23.969625473, 24.9067897797, 18.0337791443, 17.3242740631, -3.53120756149, 16.8863506317, 21.3724746704, 56.6694869995]],
