{
"lowlevel": {
    "average_loudness": 0.973093628883,
    "barkbands_crest": {
        "dmean": 2.24308681488,
        "dmean2": 3.73564243317,
        "dvar": 4.58631849289,
        "dvar2": 12.2040300369,
        "max": 21.51212883,
        "mean": 9.16693973541,
        "median": 8.63198757172,
        "min": 2.38124394417,
        "var": 11.1145792007
    },
    "barkbands_flatness_db": {
        "dmean": 0.0154786687344,
        "dmean2": 0.02439997904,
        "dvar": 0.000197064975509,
        "dvar2": 0.000512039521709,
        "max": 0.172484591603,
        "mean": 0.0904837995768,
        "median": 0.0889194458723,
        "min": 0.0313624255359,
        "var": 0.000574212579522
    },
    "barkbands_kurtosis": {
        "dmean": 1.12169015408,
        "dmean2": 1.84988391399,
        "dvar": 3.36080503464,
        "dvar2": 8.92272090912,
        "max": 17.9500789642,
        "mean": 0.358724355698,
        "median": -0.469653844833,
        "min": -1.78698456287,
        "var": 5.39475154877
    },
    "barkbands_skewness": {
        "dmean": 0.418790072203,
        "dmean2": 0.654305815697,
        "dvar": 0.185172259808,
        "dvar2": 0.469499439001,
        "max": 4.22081327438,
        "mean": 0.952549040318,
        "median": 0.896730840206,
        "min": -2.42374706268,
        "var": 0.669418036938
    },
    "barkbands_spread": {
        "dmean": 6.64593648911,
        "dmean2": 10.3580780029,
        "dvar": 43.2804107666,
        "dvar2": 91.8725738525,
        "max": 92.6920776367,
        "mean": 38.9943771362,
        "median": 37.9748153687,
        "min": 12.2811365128,
        "var": 128.696426392
    },
    "dissonance": {
        "dmean": 0.0103477491066,
        "dmean2": 0.0177819356322,
        "dvar": 0.000101358622487,
        "dvar2": 0.000280534761259,
        "max": 0.5,
        "mean": 0.483487606049,
        "median": 0.486878186464,
        "min": 0.409143775702,
        "var": 0.000159733128385
    },
    "dynamic_complexity": 2.62064051628,
    "erbbands_crest": {
        "dmean": 2.46159648895,
        "dmean2": 4.04782009125,
        "dvar": 6.07761240005,
        "dvar2": 15.5867481232,
        "max": 25.0980548859,
        "mean": 7.5352768898,
        "median": 6.2013502121,
        "min": 2.27078199387,
        "var": 17.2671775818
    },
    "erbbands_flatness_db": {
        "dmean": 0.0136302160099,
        "dmean2": 0.0195439755917,
        "dvar": 0.000138107745443,
        "dvar2": 0.000295421166811,
        "max": 0.264485687017,
        "mean": 0.125962018967,
        "median": 0.124785237014,
        "min": 0.0521275661886,
        "var": 0.000920758640859
    },
    "erbbands_kurtosis": {
        "dmean": 0.749214231968,
        "dmean2": 1.20644974709,
        "dvar": 0.697420716286,
        "dvar2": 1.6679918766,
        "max": 9.29972457886,
        "mean": 0.318027436733,
        "median": 0.0782685279846,
        "min": -1.58703100681,
        "var": 1.6144092083
    },
    "erbbands_skewness": {
        "dmean": 0.297458261251,
        "dmean2": 0.472830235958,
        "dvar": 0.0628629997373,
        "dvar2": 0.150672391057,
        "max": 1.74160897732,
        "mean": -0.375063657761,
        "median": -0.422492474318,
        "min": -2.0281791687,
        "var": 0.251277178526
    },
    "erbbands_spread": {
        "dmean": 8.56875228882,
        "dmean2": 13.4195871353,
        "dvar": 79.6556777954,
        "dvar2": 193.430480957,
        "max": 108.06816864,
        "mean": 42.0648841858,
        "median": 40.1324691772,
        "min": 7.59527540207,
        "var": 298.31552124
    },
    "hfc": {
        "dmean": 7.55503225327,
        "dmean2": 11.7174139023,
        "dvar": 75.3180541992,
        "dvar2": 177.966720581,
        "max": 114.467834473,
        "mean": 36.7880859375,
        "median": 37.2353477478,
        "min": 1.86916253142e-07,
        "var": 365.357971191
    },
    "melbands_crest": {
        "dmean": 2.8762011528,
        "dmean2": 4.83232069016,
        "dvar": 7.86884355545,
        "dvar2": 20.9402732849,
        "max": 30.0700035095,
        "mean": 14.770907402,
        "median": 14.2772521973,
        "min": 3.78567314148,
        "var": 22.6825237274
    },
    "melbands_flatness_db": {
        "dmean": 0.0200995001942,
        "dmean2": 0.0317929089069,
        "dvar": 0.000367891305359,
        "dvar2": 0.000902351981495,
        "max": 0.261856645346,
        "mean": 0.147971555591,
        "median": 0.146401166916,
        "min": 0.041764780879,
        "var": 0.00135866552591
    },
    "melbands_kurtosis": {
        "dmean": 4.99917793274,
        "dmean2": 8.18832874298,
        "dvar": 68.3276824951,
        "dvar2": 184.373687744,
        "max": 93.2257232666,
        "mean": 9.09677219391,
        "median": 5.83036708832,
        "min": -1.66663706303,
        "var": 120.906745911
    },
    "melbands_skewness": {
        "dmean": 0.683754205704,
        "dmean2": 1.07631039619,
        "dvar": 0.532665848732,
        "dvar2": 1.37734138966,
        "max": 8.71435546875,
        "mean": 2.57810425758,
        "median": 2.45588541031,
        "min": -0.798829913139,
        "var": 1.99688279629
    },
    "melbands_spread": {
        "dmean": 9.03503799438,
        "dmean2": 14.2416305542,
        "dvar": 89.8768692017,
        "dvar2": 219.478256226,
        "max": 159.769683838,
        "mean": 38.1703720093,
        "median": 36.4493560791,
        "min": 5.53046989441,
        "var": 314.499450684
    },
    "pitch_salience": {
        "dmean": 0.0628151446581,
        "dmean2": 0.101923204958,
        "dvar": 0.0036004439462,
        "dvar2": 0.00973088108003,
        "max": 0.822788834572,
        "mean": 0.530770003796,
        "median": 0.522928476334,
        "min": 0.261393666267,
        "var": 0.00888676382601
    },
    "silence_rate_20dB": {
        "dmean": 0,
        "dmean2": 0,
        "dvar": 0,
        "dvar2": 0,
        "max": 1,
        "mean": 1,
        "median": 1,
        "min": 1,
        "var": 0
    },
    "silence_rate_30dB": {
        "dmean": 0,
        "dmean2": 0,
        "dvar": 0,
        "dvar2": 0,
        "max": 1,
        "mean": 1,
        "median": 1,
        "min": 1,
        "var": 0
    },
    "silence_rate_60dB": {
        "dmean": 0.00154798757285,
        "dmean2": 0.00309837330133,
        "dvar": 0.0015455794055,
        "dvar2": 0.00308882654645,
        "max": 1,
        "mean": 0.0332559943199,
        "median": 0,
        "min": 0,
        "var": 0.0321503095329
    },
    "spectral_centroid": {
        "dmean": 280.108276367,
        "dmean2": 447.1590271,
        "dvar": 122650.03125,
        "dvar2": 217568,
        "max": 11380.5966797,
        "mean": 2177.24804688,
        "median": 2178.95336914,
        "min": 881.53527832,
        "var": 244719.390625
    },
    "spectral_complexity": {
        "dmean": 4.32817316055,
        "dmean2": 6.84895420074,
        "dvar": 13.7916402817,
        "dvar2": 31.4713401794,
        "max": 58,
        "mean": 33.1678276062,
        "median": 35,
        "min": 0,
        "var": 104.277297974
    },
    "spectral_decrease": {
        "dmean": 2.23161089608e-09,
        "dmean2": 3.54858942231e-09,
        "dvar": 8.98886170159e-18,
        "dvar2": 2.28246312158e-17,
        "max": -7.48680510677e-18,
        "mean": -8.38787084234e-09,
        "median": -8.16691247962e-09,
        "min": -3.08755438994e-08,
        "var": 1.90078196918e-17
    },
    "spectral_energy": {
        "dmean": 0.00883641373366,
        "dmean2": 0.0139836575836,
        "dvar": 0.00013225460134,
        "dvar2": 0.000334848009516,
        "max": 0.120366305113,
        "mean": 0.03499449417,
        "median": 0.0343134142458,
        "min": 4.52108177285e-11,
        "var": 0.000306209665723
    },
    "spectral_energyband_high": {
        "dmean": 0.000681090925355,
        "dmean2": 0.00103786343243,
        "dvar": 9.79417905e-07,
        "dvar2": 2.1984394607e-06,
        "max": 0.0167494788766,
        "mean": 0.0023355036974,
        "median": 0.00200370559469,
        "min": 1.22063999533e-11,
        "var": 2.63996821559e-06
    },
    "spectral_energyband_low": {
        "dmean": 0.0064073652029,
        "dmean2": 0.0104794474319,
        "dvar": 0.000115446411655,
        "dvar2": 0.000301747175399,
        "max": 0.0954985022545,
        "mean": 0.0159156899899,
        "median": 0.0144671434537,
        "min": 1.58722271437e-11,
        "var": 0.00015273738245
    },
    "spectral_energyband_middle_high": {
        "dmean": 0.00301836780272,
        "dmean2": 0.00471065053716,
        "dvar": 1.48155158968e-05,
        "dvar2": 3.6681030906e-05,
        "max": 0.0485443212092,
        "mean": 0.0103966165334,
        "median": 0.00680577149615,
        "min": 1.02334512392e-11,
        "var": 7.70551123424e-05
    },
    "spectral_energyband_middle_low": {
        "dmean": 0.003752165474,
        "dmean2": 0.00614177295938,
        "dvar": 3.34741707775e-05,
        "dvar2": 8.41466753627e-05,
        "max": 0.0508531294763,
        "mean": 0.00785189494491,
        "median": 0.00607591168955,
        "min": 3.14415182258e-12,
        "var": 4.3748808821e-05
    },
    "spectral_entropy": {
        "dmean": 0.0897550657392,
        "dmean2": 0.133820340037,
        "dvar": 0.00832584500313,
        "dvar2": 0.0146541465074,
        "max": 9.79545783997,
        "mean": 7.99057722092,
        "median": 7.97542333603,
        "min": 7.03920984268,
        "var": 0.0354554355145
    },
    "spectral_flux": {
        "dmean": 0.0222690757364,
        "dmean2": 0.0332864262164,
        "dvar": 0.000684606144205,
        "dvar2": 0.00121625175234,
        "max": 0.298833072186,
        "mean": 0.0984319970012,
        "median": 0.0935650914907,
        "min": 2.08731689781e-05,
        "var": 0.0019447557861
    },
    "spectral_kurtosis": {
        "dmean": 0.686943531036,
        "dmean2": 1.13522017002,
        "dvar": 0.374941527843,
        "dvar2": 1.09448254108,
        "max": 6.47854137421,
        "mean": 2.70730853081,
        "median": 2.68606996536,
        "min": -1.23503196239,
        "var": 0.942815482616
    },
    "spectral_rms": {
        "dmean": 0.000688589701895,
        "dmean2": 0.00106568401679,
        "dvar": 5.96056963786e-07,
        "dvar2": 1.45119042827e-06,
        "max": 0.0108365369961,
        "mean": 0.00560160540044,
        "median": 0.00578588806093,
        "min": 2.10019322822e-07,
        "var": 2.7630042041e-06
    },
    "spectral_rolloff": {
        "dmean": 626.029602051,
        "dmean2": 1005.37316895,
        "dvar": 662665.3125,
        "dvar2": 1306960.25,
        "max": 11563.3300781,
        "mean": 2294.57592773,
        "median": 2110.25390625,
        "min": 107.666015625,
        "var": 1837587.375
    },
    "spectral_skewness": {
        "dmean": 0.122984774411,
        "dmean2": 0.19892372191,
        "dvar": 0.0111194457859,
        "dvar2": 0.0259031560272,
        "max": 2.09986019135,
        "mean": 1.11876869202,
        "median": 1.13409268856,
        "min": 0.00509918434545,
        "var": 0.0383872613311
    },
    "spectral_spread": {
        "dmean": 458051.65625,
        "dmean2": 623109.5,
        "dvar": 1.19820045517e+12,
        "dvar2": 1.34681644237e+12,
        "max": 41827644,
        "mean": 4791853.5,
        "median": 4540518,
        "min": 3196117,
        "var": 2.03548105114e+12
    },
    "spectral_strongpeak": {
        "dmean": 0.827753961086,
        "dmean2": 1.50963699818,
        "dvar": 3.20085430145,
        "dvar2": 8.64456558228,
        "max": 11.913225174,
        "mean": 1.03030538559,
        "median": 0.396373212337,
        "min": 4.58567637907e-06,
        "var": 3.45432972908
    },
    "zerocrossingrate": {
        "dmean": 0.0101783210412,
        "dmean2": 0.0120164090768,
        "dvar": 0.000152914697537,
        "dvar2": 0.000162687982083,
        "max": 0.38427734375,
        "mean": 0.0832574293017,
        "median": 0.07861328125,
        "min": 0.0205078125,
        "var": 0.00086400017608
    },
    "barkbands": {
        "dmean": [0.000195860237, 0.00340724131092, 0.00397832738236, 0.00155719532631, 0.00162218802143, 0.000813559279777, 0.000667158921715, 0.000330787297571, 0.000405510363635, 0.000773644598667, 0.000896000361536, 0.000766727433074, 0.000348526518792, 0.000688752799761, 0.000872928008903, 0.000552872952539, 0.000548451440409, 0.000217956956476, 0.000328806403559, 0.00024778523948, 0.000352271512384, 0.00016824483464, 0.000130529690068, 0.000124702710309, 5.48473108211e-05, 3.72485555999e-05, 2.77658227787e-06],
        "dmean2": [0.000327639689203, 0.00559354247525, 0.00698185246438, 0.00277488469146, 0.00271921837702, 0.00132750836201, 0.00112730788533, 0.000562859408092, 0.000647672393825, 0.00125104677863, 0.00136099988595, 0.00118020782247, 0.000556640385184, 0.00110518315341, 0.0013704089215, 0.000914598524105, 0.000892444397323, 0.000345616572304, 0.000550240860321, 0.00040650201845, 0.000566254311707, 0.000267310446361, 0.00020132791542, 0.000187188576092, 8.16769897938e-05, 5.4219039157e-05, 4.51555479231e-06],
        "dvar": [1.71323179643e-07, 2.74993926723e-05, 6.77966454532e-05, 1.13319574666e-05, 1.00693796412e-05, 2.18638933802e-06, 1.99896248887e-06, 4.58025709804e-07, 1.00064482922e-06, 3.18558954859e-06, 4.0702266233e-06, 3.83853466701e-06, 5.3997194982e-07, 2.46916829383e-06, 4.07330344387e-06, 1.23441964206e-06, 9.58605255619e-07, 1.88978674487e-07, 1.70220715745e-07, 1.15807139878e-07, 2.0118916666e-07, 1.03605827917e-07, 6.58652368202e-08, 4.59496511951e-08, 6.87188839166e-09, 3.818187988e-09, 1.09639748669e-10],
        "dvar2": [4.28599918223e-07, 7.28205195628e-05, 0.000191779326997, 3.27257876052e-05, 2.37368421949e-05, 5.27591009813e-06, 5.354510904e-06, 1.2465901591e-06, 2.49431968768e-06, 8.12945745565e-06, 9.35549996939e-06, 9.34204490477e-06, 1.24434995996e-06, 6.63154924041e-06, 1.02979147414e-05, 3.32401396008e-06, 2.35758761846e-06, 4.02756512585e-07, 4.67648590075e-07, 2.7295095606e-07, 4.90123454711e-07, 2.57888331134e-07, 1.42574620554e-07, 9.65771178585e-08, 1.57297836978e-08, 8.50673398389e-09, 3.02464497892e-10],
        "max": [0.00347075564787, 0.0555139183998, 0.0695524811745, 0.0370064750314, 0.033303193748, 0.0164502374828, 0.0139611028135, 0.00705983024091, 0.0131396008655, 0.0242361556739, 0.031578887254, 0.0387824140489, 0.0152847729623, 0.0229316689074, 0.0280272960663, 0.014081438072, 0.0151375643909, 0.012013210915, 0.00442074611783, 0.00569953722879, 0.00577442999929, 0.00549545977265, 0.00348763284273, 0.00314868357964, 0.00100299844053, 0.00108174257912, 0.000242013949901],
        "mean": [0.000197844390641, 0.00815481692553, 0.00627829553559, 0.00210338248871, 0.00218935799785, 0.00129758613184, 0.00083482946502, 0.000431704771472, 0.000589186616708, 0.00104627595283, 0.00150826585013, 0.00141726795118, 0.000598438084126, 0.00106637645513, 0.00143754400779, 0.000950178713538, 0.00101172795985, 0.000481059774756, 0.000746108475141, 0.000667764572427, 0.000918252859265, 0.000333140284056, 0.000251492805546, 0.000284404144622, 0.00013282072905, 6.2993109168e-05, 3.39039365826e-06],
        "median": [6.20732535026e-05, 0.0065873330459, 0.00387471541762, 0.00119495647959, 0.0012640672503, 0.000771099585108, 0.000389759312384, 0.000234583800193, 0.000322221807437, 0.000431536900578, 0.000297697697533, 0.000349351787008, 0.000320575636579, 0.000316000398016, 0.000471079663839, 0.000525097362697, 0.000697814335581, 0.000360014033504, 0.000564091838896, 0.000592863652855, 0.000715599046089, 0.000212397659197, 0.000128483152366, 0.000189191283425, 9.39150268096e-05, 3.42844723491e-05, 1.15899183584e-06],
        "min": [3.06621047996e-12, 1.11615820753e-11, 3.99206535884e-12, 9.52470117751e-14, 1.57214519181e-13, 3.99351558766e-13, 1.03104468865e-13, 8.14793599344e-13, 1.27368146412e-12, 6.84421215449e-13, 3.99023397874e-13, 1.69297312714e-12, 8.88521190217e-13, 5.83476572179e-13, 6.06212454367e-13, 1.13698850682e-12, 1.47687081748e-12, 6.61636110483e-13, 1.31303583457e-12, 1.82109427364e-12, 1.30233410861e-12, 1.49897379665e-12, 1.12030816481e-12, 1.01000555575e-12, 1.26084841352e-12, 2.51115165988e-12, 3.2061352271e-12],
        "var": [1.65932490859e-07, 5.00121532241e-05, 6.07676774962e-05, 8.73876797414e-06, 1.09053671622e-05, 3.12333963848e-06, 2.02366186386e-06, 4.39876998826e-07, 1.13625549147e-06, 3.91123603549e-06, 9.92822879198e-06, 1.28113151732e-05, 1.10976498036e-06, 4.63077594759e-06, 8.33516423882e-06, 1.95081656784e-06, 1.6229640778e-06, 3.4587944242e-07, 3.58996175009e-07, 2.32157859159e-07, 4.91209561915e-07, 1.56888106062e-07, 1.61447630376e-07, 1.1790177723e-07, 1.74140453169e-08, 7.01909330658e-09, 8.59785784235e-11]
    },
    "erbbands": {
        "dmean": [0.0894288048148, 0.848075628281, 3.91576099396, 5.29251766205, 4.68900775909, 6.34577035904, 6.14421510696, 6.4142036438, 9.43545627594, 8.66213607788, 7.18033456802, 7.70459365845, 20.4166755676, 31.2821865082, 28.2873535156, 31.9225940704, 16.2079963684, 31.9957942963, 28.5223369598, 43.2993240356, 28.7372360229, 24.9220657349, 11.0761222839, 16.2063789368, 14.7114677429, 10.3371562958, 14.2734575272, 12.6815185547, 5.88112449646, 4.49886751175, 3.73790931702, 3.00438690186, 1.95620417595, 0.802750647068, 0.323585361242, 0.142352744937, 0.0934812501073, 0.0119240991771, 0.00029624949093, 1.75198638317e-05],
        "dmean2": [0.154592707753, 1.39601099491, 6.80023336411, 9.43694400787, 8.15851974487, 10.5975074768, 9.90811443329, 10.6366186142, 16.0157203674, 15.0317716599, 11.9774284363, 12.4056844711, 32.8161239624, 49.0996246338, 39.8654518127, 48.3832359314, 25.3934116364, 50.8233795166, 45.5607337952, 69.8970184326, 46.6615829468, 40.5494804382, 17.0595417023, 26.7985420227, 25.1425094604, 16.9165077209, 23.0506496429, 20.5415821075, 9.44392776489, 7.03998994827, 5.75693035126, 4.4858212471, 2.98893499374, 1.21654307842, 0.475390404463, 0.211872652173, 0.137660056353, 0.0176620353013, 0.000448383449111, 2.66424976871e-05],
        "dvar": [0.0333383828402, 1.47178709507, 58.066444397, 135.790161133, 63.4787750244, 172.080200195, 163.973510742, 189.272994995, 430.603271484, 450.791900635, 208.137268066, 365.836029053, 2218.02392578, 4543.63427734, 6472.984375, 7730.79882812, 942.28503418, 5201.81445312, 2990.98852539, 8517.203125, 2922.68286133, 1596.75805664, 616.397888184, 528.378173828, 341.010131836, 195.175064087, 357.966644287, 275.356536865, 151.063781738, 68.7291107178, 56.3436050415, 24.6945285797, 12.0617389679, 1.72117948532, 0.220651343465, 0.0557804629207, 0.0221061650664, 0.000921814527828, 8.17662680674e-07, 6.03342154015e-10],
        "dvar2": [0.0931159481406, 3.82342290878, 164.422210693, 390.523071289, 163.313171387, 418.938720703, 387.798034668, 475.713928223, 1150.0657959, 1273.78613281, 540.767456055, 916.197143555, 5084.07226562, 11467.6083984, 12575.1171875, 17202.2089844, 2013.72583008, 13956.7734375, 7500.46923828, 22608.2910156, 7866.26171875, 4106.69775391, 1368.28295898, 1352.97143555, 920.826599121, 497.752380371, 851.328735352, 640.462280273, 407.641418457, 154.068695068, 123.652885437, 52.1586151123, 25.0570354462, 4.02302789688, 0.482837021351, 0.119856864214, 0.0522361546755, 0.00231791124679, 2.17396927837e-06, 1.4571601703e-09],
        "max": [1.93662774563, 13.7580690384, 61.9538230896, 105.191551208, 73.7914733887, 141.14125061, 228.607818604, 183.357528687, 250.887176514, 177.27671814, 173.45526123, 305.003265381, 635.813598633, 861.793334961, 1663.27087402, 1653.40441895, 696.180175781, 988.143066406, 789.032348633, 1081.73364258, 872.97442627, 617.905334473, 696.766662598, 295.554321289, 242.192749023, 236.513824463, 279.093139648, 242.860595703, 235.25163269, 112.53188324, 88.3905639648, 63.2808837891, 54.5453948975, 15.986992836, 6.57234048843, 4.00236368179, 2.08126926422, 0.651199579239, 0.0212481506169, 0.000440932810307],
        "mean": [0.161215335131, 2.12304282188, 7.07003831863, 7.56163215637, 6.53048467636, 8.15713787079, 9.19211673737, 9.33922100067, 11.8049001694, 10.7310771942, 10.8342561722, 12.2903146744, 29.7770900726, 48.1983184814, 49.8986320496, 63.1321525574, 32.7528190613, 53.470954895, 53.7833328247, 72.1008987427, 58.4224433899, 51.7557144165, 26.8455600739, 36.4596824646, 35.3976898193, 29.6407032013, 35.2081413269, 33.2227325439, 13.1262216568, 8.67358589172, 7.19261598587, 6.37638044357, 4.32083272934, 1.91994738579, 0.726274490356, 0.275701761246, 0.133063316345, 0.0175609495491, 0.000452934531495, 6.0980903072e-05],
        "median": [0.12661677599, 1.75195360184, 4.86822986603, 5.33905315399, 4.19521856308, 4.39164209366, 5.03733444214, 5.62614011765, 5.20450496674, 5.84404754639, 6.01244544983, 7.04680585861, 12.9481554031, 15.4594278336, 11.0031089783, 15.0440568924, 19.2212352753, 17.741891861, 22.8224163055, 29.6588459015, 38.7143325806, 38.5513114929, 20.015996933, 26.3004817963, 29.95195961, 26.3413925171, 26.338640213, 25.8199634552, 9.56444454193, 4.70101690292, 3.68084836006, 4.04828548431, 2.77987504005, 1.37857866287, 0.462203532457, 0.1533960253, 0.063766464591, 0.0076809595339, 0.000225521973334, 5.78644539928e-05],
        "min": [2.70664213264e-10, 2.67455169123e-09, 5.40522915315e-09, 1.8112403799e-09, 4.33167918201e-10, 6.56170839886e-10, 2.2497868013e-09, 2.49279308306e-09, 1.53735180142e-09, 4.2367660491e-09, 2.67168935864e-08, 2.74209490669e-08, 2.26287379945e-08, 1.92870661664e-08, 2.26612062448e-08, 7.79958355679e-08, 4.00346955587e-08, 4.01656485849e-08, 2.6348562443e-08, 4.21799768446e-08, 6.85179273319e-08, 8.62937739043e-08, 3.74421524896e-08, 4.27762856248e-08, 8.59889368598e-08, 8.52719850286e-08, 5.44348282006e-08, 5.93468669763e-08, 5.2092488545e-08, 3.67102082066e-08, 3.16932826649e-08, 2.15136566339e-08, 1.84412680682e-08, 1.62376689872e-08, 8.53849968507e-09, 9.98867211166e-09, 3.80551723467e-09, 1.23186250089e-09, 4.1874895218e-10, 5.33897717703e-11],
        "var": [0.034227900207, 3.0885682106, 58.1597595215, 95.2105255127, 64.1177520752, 174.528915405, 210.905593872, 202.996765137, 463.189910889, 324.060272217, 259.382385254, 414.652252197, 3320.02368164, 8132.02783203, 18226.8066406, 28346.8984375, 2473.98339844, 10082.7792969, 6338.23876953, 14626.4814453, 5132.33154297, 2964.74243164, 1103.60949707, 1134.36401367, 585.382019043, 378.097442627, 873.978515625, 726.092102051, 185.372009277, 155.041503906, 131.496673584, 63.8683242798, 29.3083343506, 3.9720082283, 0.551129639149, 0.122705750167, 0.0332526937127, 0.00105273793451, 7.53390736463e-07, 1.14636766746e-09]
    },
    "gfcc": {
        "mean": [50.8245315552, 62.9873886108, -120.608230591, 53.4468307495, -48.5777854919, 24.2727890015, -33.832233429, 12.103679657, -27.7299098969, 6.74756479263, -20.8262996674, 0.478611260653, -8.04074478149],
        "cov": [[6461.26855469, 136.894958496, -128.673660278, -15.2885694504, -52.4413452148, 91.3644638062, -69.9568634033, 6.51121330261, -48.0210990906, 31.8033695221, -14.5774669647, 4.84806966782, -13.6434822083], [136.894958496, 538.916625977, -99.895652771, 118.001449585, 130.027145386, 57.9750137329, 134.262313843, -9.89783668518, 28.8775520325, 14.2329025269, 72.4088668823, -51.9403076172, 83.3413925171], [-128.673660278, -99.895652771, 380.223876953, 69.2184524536, -18.7345466614, -29.9669151306, -34.2016372681, 33.9379348755, 36.5179595947, 6.83124685287, -22.2696647644, 47.6378135681, -72.0434112549], [-15.2885694504, 118.001449585, 69.2184524536, 176.961730957, 57.3045730591, 13.1528377533, 27.8442192078, 16.5254554749, 45.2363204956, -0.542129635811, 19.5004291534, -9.81403827667, 15.2661027908], [-52.4413452148, 130.027145386, -18.7345466614, 57.3045730591, 179.122619629, 90.2759628296, 88.4897918701, 20.3057193756, 13.1197834015, 18.1954212189, 16.6973705292, -13.8477277756, 20.9941883087], [91.3644638062, 57.9750137329, -29.9669151306, 13.1528377533, 90.2759628296, 166.883834839, 92.8460006714, 13.9655103683, 13.0486698151, 13.5411195755, 29.1763248444, -11.4909439087, 19.4438400269], [-69.9568634033, 134.262313843, -34.2016372681, 27.8442192078, 88.4897918701, 92.8460006714, 141.89239502, 38.4062271118, 19.950334549, 13.4139385223, 25.9073600769, -10.6800498962, 23.4346523285], [6.51121330261, -9.89783668518, 33.9379348755, 16.5254554749, 20.3057193756, 13.9655103683, 38.4062271118, 102.486915588, 45.5251121521, 0.69274944067, -6.7257270813, 6.85531377792, 8.62604045868], [-48.0210990906, 28.8775520325, 36.5179595947, 45.2363204956, 13.1197834015, 13.0486698151, 19.950334549, 45.5251121521, 79.0358963013, 26.4015331268, 14.4913816452, 3.54345846176, 7.72355890274], [31.8033695221, 14.2329025269, 6.83124685287, -0.542129635811, 18.1954212189, 13.5411195755, 13.4139385223, 0.69274944067, 26.4015331268, 72.3579940796, 32.1734733582, 3.11200428009, 0.0579325892031], [-14.5774669647, 72.4088668823, -22.2696647644, 19.5004291534, 16.6973705292, 29.1763248444, 25.9073600769, -6.7257270813, 14.4913816452, 32.1734733582, 67.8785476685, 10.449461937, 15.698381424], [4.84806966782, -51.9403076172, 47.6378135681, -9.81403827667, -13.8477277756, -11.4909439087, -10.6800498962, 6.85531377792, 3.54345846176, 3.11200428009, 10.449461937, 57.6615715027, 2.74390745163], [-13.6434822083, 83.3413925171, -72.0434112549, 15.2661027908, 20.9941883087, 19.4438400269, 23.4346523285, 8.62604045868, 7.72355890274, 0.0579325892031, 15.698381424, 2.74390745163, 77.5810012817]],
        "icov": [[0.000190905804629, -0.000328472058754, 0.000222468806896, -0.000201495669899, 0.000310330098728, -0.000554088095669, 0.00055922428146, -0.000441818032414, 0.000450363702839, -0.000502436829265, 0.000550994125661, -0.000530708581209, 0.000430582062108], [-0.000328472058754, 0.0054257963784, -0.000985087011941, -0.000341405102517, -0.00247166701593, 0.00391362002119, -0.00515722017735, 0.00343065708876, -0.00222497410141, 0.00304160290398, -0.00560340238735, 0.00570659851655, -0.00471839820966], [0.000222468806896, -0.000985087011941, 0.00549275008962, -0.00327164120972, 0.00122212758288, -0.00177724962123, 0.00195695343427, -0.00212316936813, 0.000428599014413, -0.00243263249286, 0.00400402164087, -0.00635156687349, 0.00597505178303], [-0.000201495669899, -0.000341405102517, -0.00327164120972, 0.0107632502913, -0.00380760012195, 0.00247441371903, -0.000455788889667, 0.00243831146508, -0.00655073486269, 0.00538330571726, -0.00469117518514, 0.00455885287374, -0.00311181135476], [0.000310330098728, -0.00247166701593, 0.00122212758288, -0.00380760012195, 0.0116989184171, -0.00564679782838, -0.00102254457306, -0.0026287001092, 0.0041733616963, -0.00530738756061, 0.00552092073485, -0.00316990097053, 0.00202790182084], [-0.000554088095669, 0.00391362002119, -0.00177724962123, 0.00247441371903, -0.00564679782838, 0.0145463654771, -0.009327464737, 0.00442837644368, -0.00401216233149, 0.0046884547919, -0.00775913381949, 0.00636327406392, -0.0044905138202], [0.00055922428146, -0.00515722017735, 0.00195695343427, -0.000455788889667, -0.00102254457306, -0.009327464737, 0.0201307479292, -0.00865347590297, 0.00361430714838, -0.0033644346986, 0.00262668961659, -0.00445546489209, 0.00430995924398], [-0.000441818032414, 0.00343065708876, -0.00212316936813, 0.00243831146508, -0.0026287001092, 0.00442837644368, -0.00865347590297, 0.0194049961865, -0.0126820281148, 0.00570145295933, -0.00041692648665, 0.00241821142845, -0.00489955069497], [0.000450363702839, -0.00222497410141, 0.000428599014413, -0.00655073486269, 0.0041733616963, -0.00401216233149, 0.00361430714838, -0.0126820281148, 0.0270574726164, -0.0114962933585, 0.00233891489916, -0.00265859509818, 0.00128657580353], [-0.000502436829265, 0.00304160290398, -0.00243263249286, 0.00538330571726, -0.00530738756061, 0.0046884547919, -0.0033644346986, 0.00570145295933, -0.0114962933585, 0.0250879600644, -0.0144306356087, 0.00613916385919, -0.00220190896653], [0.000550994125661, -0.00560340238735, 0.00400402164087, -0.00469117518514, 0.00552092073485, -0.00775913381949, 0.00262668961659, -0.00041692648665, 0.00233891489916, -0.0144306356087, 0.031967535615, -0.0142459524795, 0.00427444092929], [-0.000530708581209, 0.00570659851655, -0.00635156687349, 0.00455885287374, -0.00316990097053, 0.00636327406392, -0.00445546489209, 0.00241821142845, -0.00265859509818, 0.00613916385919, -0.0142459524795, 0.0308644492179, -0.0106278341264], [0.000430582062108, -0.00471839820966, 0.00597505178303, -0.00311181135476, 0.00202790182084, -0.0044905138202, 0.00430995924398, -0.00489955069497, 0.00128657580353, -0.00220190896653, 0.00427444092929, -0.0106278341264, 0.0233991760761]]
    },
    "melbands": {
        "dmean": [0.000865354784764, 0.00162166915834, 0.000849837204441, 0.000422614917625, 0.000202081195312, 0.000150356907398, 0.000141264958074, 8.93268588698e-05, 6.23731611995e-05, 5.23208036611e-05, 0.000104702456156, 0.00012592105486, 9.85166989267e-05, 8.18633488961e-05, 6.73726608511e-05, 3.61935781257e-05, 7.09724627086e-05, 4.29498395533e-05, 8.27563126222e-05, 4.5234861318e-05, 3.81629106414e-05, 3.39118596457e-05, 1.3092185327e-05, 9.39653818932e-06, 1.52284046635e-05, 1.2656686522e-05, 1.07363421193e-05, 7.52263395043e-06, 8.85186182131e-06, 1.1152854313e-05, 7.45088755139e-06, 3.68574001186e-06, 3.33828575094e-06, 2.4836740522e-06, 2.33715559261e-06, 1.96725250134e-06, 2.04401681003e-06, 1.60123204296e-06, 1.05343235646e-06, 6.33051570276e-07],
        "dmean2": [0.00144252518658, 0.00275410688482, 0.00151207542513, 0.000719803734683, 0.000323171436321, 0.000246875977609, 0.000239245171542, 0.00015512763639, 0.000103380785731, 8.28341726447e-05, 0.000168827726156, 0.000199105736101, 0.000143224257044, 0.000120006392535, 0.000106873158074, 5.85383822909e-05, 0.000112608628115, 6.85527120368e-05, 0.000129443738842, 7.45325378375e-05, 6.30655122222e-05, 5.54158905288e-05, 2.12021495827e-05, 1.5043620806e-05, 2.52604659181e-05, 2.14352894545e-05, 1.83920783456e-05, 1.21361244965e-05, 1.42852695717e-05, 1.85693952517e-05, 1.20886770674e-05, 6.07213360126e-06, 5.31845171281e-06, 3.93232585338e-06, 3.67963889403e-06, 3.03328056361e-06, 3.08041762764e-06, 2.5266499506e-06, 1.62716537488e-06, 9.79789547273e-07],
        "dvar": [2.26925612878e-06, 8.17886757432e-06, 3.4216077438e-06, 7.39096435609e-07, 1.55106263833e-07, 9.0604167724e-08, 8.86038122871e-08, 4.6570804102e-08, 1.70901124363e-08, 1.72873182436e-08, 6.00481087076e-08, 7.52984519181e-08, 6.18316633449e-08, 5.21420169264e-08, 2.52066403306e-08, 5.18005682792e-09, 2.79090759392e-08, 8.04908317775e-09, 4.50889032777e-08, 1.0488253821e-08, 6.88487222789e-09, 3.15125658901e-09, 9.43636502271e-10, 1.98392885453e-10, 4.93943552726e-10, 2.85419660129e-10, 1.48815071377e-10, 1.18565712803e-10, 1.6530177227e-10, 2.38795122565e-10, 9.7922843445e-11, 6.31928745443e-11, 3.5368014073e-11, 2.44763879304e-11, 2.40744438273e-11, 1.4170195399e-11, 1.07336604882e-11, 8.41407672703e-12, 3.29068651668e-12, 1.01243416862e-12],
        "dvar2": [6.22639208814e-06, 2.28882527153e-05, 9.80163622444e-06, 1.80158542662e-06, 3.55536627694e-07, 2.2634411323e-07, 2.36223684169e-07, 1.32054651658e-07, 4.44669794319e-08, 4.25712158858e-08, 1.393315614e-07, 1.91809235162e-07, 1.29098211232e-07, 1.25719651578e-07, 5.54573951206e-08, 1.23905952165e-08, 7.49372262021e-08, 2.11321573573e-08, 1.14781514071e-07, 2.81132859214e-08, 1.83219555083e-08, 8.04930166964e-09, 2.29172281152e-09, 4.29590585327e-10, 1.28262622745e-09, 7.80402908962e-10, 4.04507177754e-10, 3.02049163459e-10, 3.58284180102e-10, 6.12304595915e-10, 2.25919463692e-10, 1.71454878073e-10, 8.89897044942e-11, 5.83973633339e-11, 5.55669885105e-11, 3.13676515318e-11, 2.33107942671e-11, 1.73979823603e-11, 7.84895759498e-12, 2.47446832989e-12],
        "max": [0.0153658064082, 0.0232694428414, 0.0170875433832, 0.00937706045806, 0.00671124411747, 0.00374740571715, 0.00320857111365, 0.00176379189361, 0.00152297865134, 0.00176102493424, 0.00321923592128, 0.00338817294687, 0.00409150775522, 0.00551840569824, 0.00217149266973, 0.00159283878747, 0.00225939997472, 0.00142706080806, 0.00304928654805, 0.00143633992411, 0.00141382496804, 0.000867970753461, 0.000831782759633, 0.000259493594058, 0.000306038418785, 0.00023631901422, 0.000132758912514, 0.000182338349987, 0.000258294661762, 0.000196413733647, 0.000152308683028, 0.000146098376717, 8.77064230735e-05, 7.22349213902e-05, 6.64772305754e-05, 4.79489972349e-05, 4.20406031481e-05, 4.66433630208e-05, 2.31344401982e-05, 1.21486673379e-05],
        "mean": [0.00190203334205, 0.00349967950024, 0.00129421171732, 0.000549549004063, 0.000311741721816, 0.00022651758627, 0.000177838795935, 0.000108925240056, 9.34714116738e-05, 7.94920269982e-05, 0.000147034559632, 0.000184893957339, 0.000165208315593, 0.000156750742462, 0.000122489014757, 6.24528693152e-05, 0.000108342217572, 7.18508963473e-05, 0.000131026274175, 7.14341877028e-05, 6.94251939422e-05, 6.30886788713e-05, 2.67653558694e-05, 2.09313147934e-05, 3.07315749524e-05, 2.67738651019e-05, 2.39316486841e-05, 1.86401721294e-05, 2.03597937798e-05, 2.37746953644e-05, 1.78615246114e-05, 7.23496486899e-06, 5.66364542465e-06, 4.4288067329e-06, 4.16495367972e-06, 3.79838547815e-06, 3.99144710173e-06, 3.21995958075e-06, 2.28626345233e-06, 1.37631457164e-06],
        "median": [0.00156065472402, 0.00294802174903, 0.000965283019468, 0.000317483732942, 0.00018612218264, 0.000137299342896, 8.06104508229e-05, 5.82757493248e-05, 4.68737343908e-05, 4.46739213658e-05, 5.81539061386e-05, 5.7753532019e-05, 3.46323759004e-05, 3.01145300909e-05, 3.97977128159e-05, 3.31140909111e-05, 3.00070223602e-05, 3.07663940475e-05, 4.01717225031e-05, 3.34420983563e-05, 4.46299127361e-05, 4.53923421446e-05, 1.91313411051e-05, 1.61505886354e-05, 2.09734516829e-05, 2.16191729123e-05, 2.07064967981e-05, 1.60703857546e-05, 1.53069522639e-05, 1.74480010173e-05, 1.34310248541e-05, 4.82208952235e-06, 3.19631953971e-06, 2.16578382606e-06, 2.01151192414e-06, 2.10180746762e-06, 2.59447892859e-06, 1.86222519005e-06, 1.56258215611e-06, 9.69732127487e-07],
        "min": [2.89461163372e-12, 3.1797735018e-12, 3.05654400444e-13, 3.93652565243e-14, 6.68068234739e-14, 6.3218886777e-14, 2.1999676725e-14, 5.63163271984e-14, 2.55411468884e-13, 1.62799949303e-13, 1.09286562547e-13, 7.72488152547e-14, 5.78541460073e-14, 2.0964035629e-13, 1.2547154613e-13, 8.59099710858e-14, 6.86765572254e-14, 3.53384415643e-14, 4.24601150138e-14, 7.76362006909e-14, 7.9968760021e-14, 9.67384335073e-14, 3.9043272196e-14, 3.23925558414e-14, 3.21835352151e-14, 5.59996825658e-14, 6.92531969271e-14, 5.42552859735e-14, 3.62532371473e-14, 2.81642198848e-14, 3.91911607605e-14, 3.20335358445e-14, 2.31228068377e-14, 1.90623782221e-14, 1.69305707827e-14, 1.83396422777e-14, 1.1425099724e-14, 1.09260380759e-14, 1.70186452685e-14, 1.29037092358e-14],
        "var": [3.1821120956e-06, 9.21548962651e-06, 2.44316720455e-06, 7.27797896616e-07, 2.08046202488e-07, 1.06803597077e-07, 9.35129094159e-08, 3.33581802181e-08, 2.19990177186e-08, 2.01606251693e-08, 8.76284431683e-08, 1.25265515294e-07, 1.52336838255e-07, 1.73745902998e-07, 6.77967051388e-08, 1.19910934515e-08, 5.19951406375e-08, 1.39357254625e-08, 8.80556854099e-08, 1.49665080329e-08, 1.07984039488e-08, 5.44187450657e-09, 1.57212665108e-09, 4.20048329453e-10, 9.8022789885e-10, 4.44795006382e-10, 2.52466686446e-10, 2.06130279512e-10, 3.8906247668e-10, 4.4591913495e-10, 2.69654520935e-10, 7.49322687232e-11, 5.57696805403e-11, 5.21010144749e-11, 5.10068896842e-11, 3.20056724179e-11, 2.48582803647e-11, 1.93286012196e-11, 6.67765322204e-12, 2.15717482939e-12]
    },
    "mfcc": {
        "mean": [-586.3046875, 86.0308456421, -4.48777914047, 32.8096694946, 10.4946508408, 14.3739309311, 9.28416633606, 2.79486393929, 8.20637989044, 2.1319873333, -6.05783462524, 2.7861866951, -1.79953718185],
        "cov": [[4742.79199219, 271.929718018, -120.211952209, -5.28372764587, 10.8828258514, 57.9541282654, 59.9880714417, -9.08705234528, 18.4581356049, 55.4176979065, -31.8827362061, 11.9677352905, -44.3148422241], [271.929718018, 376.842529297, -84.071937561, 80.1057739258, 18.1660442352, 75.5810165405, 104.101585388, 5.02347040176, 43.7732696533, 33.9099464417, 24.845035553, 21.7635803223, -0.818507790565], [-120.211952209, -84.071937561, 303.849517822, 51.6553535461, 22.9942264557, -23.9330635071, -76.0399475098, 33.1816635132, -33.0324172974, 6.16983890533, 28.5590343475, 4.25752449036, 17.9283676147], [-5.28372764587, 80.1057739258, 51.6553535461, 176.295089722, 46.0845375061, 7.16247463226, -5.85875272751, 15.6500682831, 18.9665966034, 11.8830747604, 19.9657096863, 17.2962017059, 5.15929508209], [10.8828258514, 18.1660442352, 22.9942264557, 46.0845375061, 97.4770736694, 39.8836669922, 22.9615764618, 25.7896499634, 21.7178344727, 23.2049694061, 13.337849617, 5.46783494949, 8.72723388672], [57.9541282654, 75.5810165405, -23.9330635071, 7.16247463226, 39.8836669922, 147.512329102, 83.2857513428, 16.010515213, 14.3913993835, 29.2514266968, 19.4266281128, 12.9819059372, 14.105922699], [59.9880714417, 104.101585388, -76.0399475098, -5.85875272751, 22.9615764618, 83.2857513428, 142.264892578, 35.6707763672, 42.9093475342, 29.3816509247, 13.332365036, 18.7363204956, 2.07544970512], [-9.08705234528, 5.02347040176, 33.1816635132, 15.6500682831, 25.7896499634, 16.010515213, 35.6707763672, 106.608650208, 40.4470596313, 26.01404953, 7.5052857399, 6.33876609802, 3.51672172546], [18.4581356049, 43.7732696533, -33.0324172974, 18.9665966034, 21.7178344727, 14.3913993835, 42.9093475342, 40.4470596313, 88.8408966064, 40.1023788452, 6.52881002426, 8.95482540131, -1.74514472485], [55.4176979065, 33.9099464417, 6.16983890533, 11.8830747604, 23.2049694061, 29.2514266968, 29.3816509247, 26.01404953, 40.1023788452, 76.8586120605, 27.5412387848, 8.60735416412, 2.75254154205], [-31.8827362061, 24.845035553, 28.5590343475, 19.9657096863, 13.337849617, 19.4266281128, 13.332365036, 7.5052857399, 6.52881002426, 27.5412387848, 62.0795593262, 29.6557331085, 9.97700023651], [11.9677352905, 21.7635803223, 4.25752449036, 17.2962017059, 5.46783494949, 12.9819059372, 18.7363204956, 6.33876609802, 8.95482540131, 8.60735416412, 29.6557331085, 69.4955978394, 25.9285469055], [-44.3148422241, -0.818507790565, 17.9283676147, 5.15929508209, 8.72723388672, 14.105922699, 2.07544970512, 3.51672172546, -1.74514472485, 2.75254154205, 9.97700023651, 25.9285469055, 54.1161117554]],
