{
"lowlevel": {
    "average_loudness": 0.975159406662,
    "barkbands_crest": {
        "dmean": 3.04864954948,
        "dmean2": 5.15437030792,
        "dvar": 6.67216014862,
        "dvar2": 19.4887466431,
        "max": 21.2392711639,
        "mean": 9.35421466827,
        "median": 8.95912742615,
        "min": 2.85232877731,
        "var": 11.3569049835
    },
    "barkbands_flatness_db": {
        "dmean": 0.0210980549455,
        "dmean2": 0.0343443788588,
        "dvar": 0.000371823087335,
        "dvar2": 0.000904138723854,
        "max": 0.25789886713,
        "mean": 0.0982455909252,
        "median": 0.0922937244177,
        "min": 0.0218952540308,
        "var": 0.00111224828288
    },
    "barkbands_kurtosis": {
        "dmean": 2.14108562469,
        "dmean2": 3.62758970261,
        "dvar": 16.2683982849,
        "dvar2": 44.917678833,
        "max": 67.0783309937,
        "mean": 2.14284324646,
        "median": 0.922116279602,
        "min": -1.6622928381,
        "var": 18.4213123322
    },
    "barkbands_skewness": {
        "dmean": 0.537558019161,
        "dmean2": 0.884473621845,
        "dvar": 0.309192985296,
        "dvar2": 0.817170798779,
        "max": 7.79448747635,
        "mean": 1.44484996796,
        "median": 1.29989004135,
        "min": -0.569703996181,
        "var": 0.677326619625
    },
    "barkbands_spread": {
        "dmean": 6.67755222321,
        "dmean2": 10.8621273041,
        "dvar": 54.1126708984,
        "dvar2": 132.93661499,
        "max": 93.7237167358,
        "mean": 29.9087142944,
        "median": 28.5764064789,
        "min": 4.84768819809,
        "var": 152.443054199
    },
    "dissonance": {
        "dmean": 0.0108169689775,
        "dmean2": 0.0186885818839,
        "dvar": 9.02290266822e-05,
        "dvar2": 0.000255632039625,
        "max": 0.499789208174,
        "mean": 0.484077841043,
        "median": 0.486582666636,
        "min": 0.419847428799,
        "var": 0.000129389794893
    },
    "dynamic_complexity": 2.97268462181,
    "erbbands_crest": {
        "dmean": 2.35579991341,
        "dmean2": 3.93142986298,
        "dvar": 5.19242858887,
        "dvar2": 14.6013050079,
        "max": 24.3005199432,
        "mean": 7.36837911606,
        "median": 6.76204872131,
        "min": 2.46822667122,
        "var": 10.0343322754
    },
    "erbbands_flatness_db": {
        "dmean": 0.0145965246484,
        "dmean2": 0.0223824046552,
        "dvar": 0.000178859787411,
        "dvar2": 0.000378462427761,
        "max": 0.229937449098,
        "mean": 0.117825262249,
        "median": 0.117286108434,
        "min": 0.0430294089019,
        "var": 0.000790123129264
    },
    "erbbands_kurtosis": {
        "dmean": 0.678877174854,
        "dmean2": 1.10949087143,
        "dvar": 0.829856395721,
        "dvar2": 2.288636446,
        "max": 15.4962711334,
        "mean": 0.109665155411,
        "median": -0.1823554039,
        "min": -1.69917559624,
        "var": 1.64432132244
    },
    "erbbands_skewness": {
        "dmean": 0.334444582462,
        "dmean2": 0.534094333649,
        "dvar": 0.0861321091652,
        "dvar2": 0.228390574455,
        "max": 1.6620028019,
        "mean": -0.0603160001338,
        "median": -0.0559166967869,
        "min": -3.07790708542,
        "var": 0.264475107193
    },
    "erbbands_spread": {
        "dmean": 8.45937633514,
        "dmean2": 12.7654752731,
        "dvar": 71.928604126,
        "dvar2": 166.797180176,
        "max": 115.981407166,
        "mean": 42.000579834,
        "median": 38.2426338196,
        "min": 10.6733446121,
        "var": 294.546173096
    },
    "hfc": {
        "dmean": 7.91941308975,
        "dmean2": 12.1738214493,
        "dvar": 109.962051392,
        "dvar2": 270.041229248,
        "max": 111.689918518,
        "mean": 29.4949245453,
        "median": 28.4080982208,
        "min": 1.48732287926e-05,
        "var": 329.317077637
    },
    "melbands_crest": {
        "dmean": 3.30710244179,
        "dmean2": 5.54752588272,
        "dvar": 7.35305547714,
        "dvar2": 20.5608615875,
        "max": 25.9877090454,
        "mean": 13.4620828629,
        "median": 13.3421554565,
        "min": 4.33960914612,
        "var": 12.999130249
    },
    "melbands_flatness_db": {
        "dmean": 0.029553135857,
        "dmean2": 0.0482381768525,
        "dvar": 0.000682753277943,
        "dvar2": 0.00174956186675,
        "max": 0.384283185005,
        "mean": 0.179597780108,
        "median": 0.174329057336,
        "min": 0.0736268982291,
        "var": 0.00191467197146
    },
    "melbands_kurtosis": {
        "dmean": 7.63058519363,
        "dmean2": 12.6188688278,
        "dvar": 216.25553894,
        "dvar2": 613.178894043,
        "max": 279.421356201,
        "mean": 11.9653596878,
        "median": 7.15454769135,
        "min": -1.39104580879,
        "var": 235.523147583
    },
    "melbands_skewness": {
        "dmean": 0.884326279163,
        "dmean2": 1.40973317623,
        "dvar": 0.805160880089,
        "dvar2": 2.15637755394,
        "max": 14.021062851,
        "mean": 2.83187603951,
        "median": 2.48495221138,
        "min": 0.364488124847,
        "var": 1.91492807865
    },
    "melbands_spread": {
        "dmean": 7.96948099136,
        "dmean2": 13.2729082108,
        "dvar": 58.1740036011,
        "dvar2": 162.267379761,
        "max": 84.4183044434,
        "mean": 24.9783039093,
        "median": 23.6204357147,
        "min": 1.77442288399,
        "var": 138.75617981
    },
    "pitch_salience": {
        "dmean": 0.0836100578308,
        "dmean2": 0.142161592841,
        "dvar": 0.00445736665279,
        "dvar2": 0.0126915816218,
        "max": 0.818034291267,
        "mean": 0.604828000069,
        "median": 0.6102643013,
        "min": 0.222671151161,
        "var": 0.00864363089204
    },
    "silence_rate_20dB": {
        "dmean": 0,
        "dmean2": 0,
        "dvar": 0,
        "dvar2": 0,
        "max": 1,
        "mean": 1,
        "median": 1,
        "min": 1,
        "var": 0
    },
    "silence_rate_30dB": {
        "dmean": 0.00464396271855,
        "dmean2": 0.00929511990398,
        "dvar": 0.00462233927101,
        "dvar2": 0.0138562126085,
        "max": 1,
        "mean": 0.997679829597,
        "median": 1,
        "min": 0,
        "var": 0.00231481809169
    },
    "silence_rate_60dB": {
        "dmean": 0.0061919502914,
        "dmean2": 0.0123934932053,
        "dvar": 0.00615342333913,
        "dvar2": 0.0153382457793,
        "max": 1,
        "mean": 0.0672853812575,
        "median": 0,
        "min": 0,
        "var": 0.0627587586641
    },
    "spectral_centroid": {
        "dmean": 275.169433594,
        "dmean2": 449.449890137,
        "dvar": 66941.890625,
        "dvar2": 173721.765625,
        "max": 3184.81835938,
        "mean": 1529.71606445,
        "median": 1532.09265137,
        "min": 364.240631104,
        "var": 175944.3125
    },
    "spectral_complexity": {
        "dmean": 5.14551067352,
        "dmean2": 7.78466320038,
        "dvar": 22.7623252869,
        "dvar2": 47.7847671509,
        "max": 57,
        "mean": 30.3147716522,
        "median": 32,
        "min": 0,
        "var": 159.067901611
    },
    "spectral_decrease": {
        "dmean": 3.46649109417e-09,
        "dmean2": 5.93226134882e-09,
        "dvar": 1.66252880647e-17,
        "dvar2": 4.69170424519e-17,
        "max": -8.29945910428e-16,
        "mean": -1.02613038067e-08,
        "median": -1.02906385635e-08,
        "min": -3.88663679018e-08,
        "var": 3.16339343403e-17
    },
    "spectral_energy": {
        "dmean": 0.0134503329173,
        "dmean2": 0.0229356773198,
        "dvar": 0.000252430094406,
        "dvar2": 0.000709076877683,
        "max": 0.153053998947,
        "mean": 0.041403748095,
        "median": 0.0415070913732,
        "min": 4.48145964782e-09,
        "var": 0.000498930341564
    },
    "spectral_energyband_high": {
        "dmean": 0.00051670364337,
        "dmean2": 0.000836757069919,
        "dvar": 7.28242355308e-07,
        "dvar2": 1.87562500287e-06,
        "max": 0.00760497525334,
        "mean": 0.00127000897191,
        "median": 0.000958365097176,
        "min": 3.7681074927e-10,
        "var": 1.39540918553e-06
    },
    "spectral_energyband_low": {
        "dmean": 0.0114248888567,
        "dmean2": 0.0195892136544,
        "dvar": 0.000199919784791,
        "dvar2": 0.000586666108575,
        "max": 0.121124170721,
        "mean": 0.0199600197375,
        "median": 0.017733450979,
        "min": 1.22751464549e-09,
        "var": 0.000238686086959
    },
    "spectral_energyband_middle_high": {
        "dmean": 0.00262690172531,
        "dmean2": 0.00400058599189,
        "dvar": 1.03659367596e-05,
        "dvar2": 2.40255994868e-05,
        "max": 0.0355075336993,
        "mean": 0.00807776115835,
        "median": 0.00656799087301,
        "min": 2.94523766486e-10,
        "var": 4.03758785978e-05
    },
    "spectral_energyband_middle_low": {
        "dmean": 0.00513162650168,
        "dmean2": 0.00864707026631,
        "dvar": 4.15083704866e-05,
        "dvar2": 0.000109159031126,
        "max": 0.0736697912216,
        "mean": 0.0135324187577,
        "median": 0.0122518278658,
        "min": 2.26614127463e-09,
        "var": 8.75621190062e-05
    },
    "spectral_entropy": {
        "dmean": 0.105881690979,
        "dmean2": 0.163372784853,
        "dvar": 0.0120037030429,
        "dvar2": 0.0229897517711,
        "max": 8.66402244568,
        "mean": 7.92850542068,
        "median": 7.94224119186,
        "min": 6.50941705704,
        "var": 0.0529090538621
    },
    "spectral_flux": {
        "dmean": 0.0244029834867,
        "dmean2": 0.0381077602506,
        "dvar": 0.000635060889181,
        "dvar2": 0.00127030652948,
        "max": 0.273327857256,
        "mean": 0.113178171217,
        "median": 0.111834399402,
        "min": 0.000175868437509,
        "var": 0.00231686607003
    },
    "spectral_kurtosis": {
        "dmean": 0.977316856384,
        "dmean2": 1.65195262432,
        "dvar": 1.66580224037,
        "dvar2": 3.87224054337,
        "max": 35.2540550232,
        "mean": 3.97222018242,
        "median": 3.87656402588,
        "min": -0.526175022125,
        "var": 3.51607704163
    },
    "spectral_rms": {
        "dmean": 0.00096542853862,
        "dmean2": 0.00162532203831,
        "dvar": 9.61117507359e-07,
        "dvar2": 2.67293808065e-06,
        "max": 0.0122196963057,
        "mean": 0.00601846165955,
        "median": 0.00636354647577,
        "min": 2.09097015613e-06,
        "var": 4.17201363234e-06
    },
    "spectral_rolloff": {
        "dmean": 585.746398926,
        "dmean2": 983.97277832,
        "dvar": 777001.5,
        "dvar2": 1830833.625,
        "max": 12123.1933594,
        "mean": 1427.21960449,
        "median": 1335.05859375,
        "min": 86.1328125,
        "var": 1219627.25
    },
    "spectral_skewness": {
        "dmean": 0.186462327838,
        "dmean2": 0.308292210102,
        "dvar": 0.0418048650026,
        "dvar2": 0.102935932577,
        "max": 4.23017835617,
        "mean": 1.53444445133,
        "median": 1.54421138763,
        "min": 0.421287596226,
        "var": 0.0898001268506
    },
    "spectral_spread": {
        "dmean": 571501.75,
        "dmean2": 838056.5625,
        "dvar": 482092417024,
        "dvar2": 898743730176,
        "max": 13399152,
        "mean": 5053390,
        "median": 4749998,
        "min": 1648398,
        "var": 2.07230179738e+12
    },
    "spectral_strongpeak": {
        "dmean": 0.269047290087,
        "dmean2": 0.475711554289,
        "dvar": 0.30366486311,
        "dvar2": 0.831107258797,
        "max": 7.14459276199,
        "mean": 0.370556712151,
        "median": 0.254440128803,
        "min": 0,
        "var": 0.243590086699
    },
    "zerocrossingrate": {
        "dmean": 0.0104568526149,
        "dmean2": 0.013235787861,
        "dvar": 0.000135813039378,
        "dvar2": 0.000197564193513,
        "max": 0.22509765625,
        "mean": 0.0669477805495,
        "median": 0.06201171875,
        "min": 0.01171875,
        "var": 0.000793469022028
    },
    "barkbands": {
        "dmean": [0.000887935864739, 0.00877686962485, 0.00340081402101, 0.00210125558078, 0.00190959789325, 0.00129829638172, 0.00126674794592, 0.0012729811715, 0.000976194161922, 0.000744600256439, 0.000582330161706, 0.000523879367393, 0.000405910570407, 0.000623727682978, 0.000659399258438, 0.000502061157022, 0.000281731714495, 0.000290510855848, 0.000271270109806, 0.000218702014536, 0.000173960681423, 0.000103022219264, 6.22554507572e-05, 5.63894354855e-05, 7.62620547903e-05, 6.63813552819e-05, 5.25249697603e-06],
        "dmean2": [0.00150513893459, 0.0152487410232, 0.0059112678282, 0.00347687560134, 0.0032307265792, 0.00212578638457, 0.00217310152948, 0.00211385451257, 0.00154977932107, 0.00123517937027, 0.00097653461853, 0.000852227793075, 0.000668986176606, 0.00103300670162, 0.00108350883238, 0.000828678777907, 0.000470122613478, 0.000509785022587, 0.00045751495054, 0.000380478741135, 0.000304002547637, 0.000172340267454, 0.000100589197245, 8.77315906109e-05, 0.00011569698836, 9.86337618087e-05, 8.50958804222e-06],
        "dvar": [1.28413171296e-06, 0.000122987257782, 2.09544577956e-05, 7.36666879675e-06, 6.71524094287e-06, 6.9146608439e-06, 5.03002002006e-06, 6.42364602754e-06, 3.08409562422e-06, 1.8972059479e-06, 1.20931019865e-06, 8.01887381385e-07, 4.87651277581e-07, 8.63879108692e-07, 9.40425422868e-07, 6.50531433166e-07, 1.26381550558e-07, 2.91827205956e-07, 1.86789279155e-07, 1.41366342632e-07, 1.10945784115e-07, 4.08380920192e-08, 1.17016965007e-08, 9.04790287137e-09, 2.52315395244e-08, 1.61968056744e-08, 1.83114898245e-10],
        "dvar2": [3.40097585649e-06, 0.000364537350833, 5.95835736021e-05, 1.98908783204e-05, 1.85377393791e-05, 1.79871913133e-05, 1.44888381328e-05, 1.74910037458e-05, 7.81798371463e-06, 4.88760360895e-06, 3.16872365147e-06, 2.02540218197e-06, 1.26457359784e-06, 2.11342808143e-06, 2.36730011238e-06, 1.58194336564e-06, 3.28891189838e-07, 8.28259942409e-07, 5.11138807724e-07, 3.97350419234e-07, 3.10485006594e-07, 1.0746479262e-07, 3.009490257e-08, 1.94255918018e-08, 5.52695844647e-08, 3.33068435054e-08, 4.13746259476e-10],
        "max": [0.00872396118939, 0.106579497457, 0.0389726758003, 0.0341714844108, 0.0361433662474, 0.0420022346079, 0.0281551610678, 0.0343095399439, 0.0183083079755, 0.0167406275868, 0.0128613272682, 0.0108471335843, 0.00712153268978, 0.0151150850579, 0.0133759491146, 0.0155049562454, 0.00420060614124, 0.00509429210797, 0.00437244959176, 0.00332139665261, 0.00296871131286, 0.00251210108399, 0.00127345521469, 0.00127675780095, 0.00304193189368, 0.00153147382662, 0.00023835671891],
        "mean": [0.00108518276829, 0.0131600694731, 0.00446752971038, 0.00314946519211, 0.00346010155044, 0.00196746992879, 0.00159337848891, 0.00164435489569, 0.00135785830207, 0.00115629530046, 0.000814431579784, 0.000837690138724, 0.000651670095976, 0.00104668468703, 0.00115279410966, 0.000947488821112, 0.000561832624953, 0.000470955943456, 0.000449026643764, 0.000365991349099, 0.000292612530757, 0.000200147667783, 0.00012997390877, 0.000142818840686, 0.000164557117387, 0.000126726808958, 6.7010382736e-06],
        "median": [0.000664433115162, 0.0115472795442, 0.00303777283989, 0.00196596095338, 0.0025873912964, 0.00123812817037, 0.000675026560202, 0.000549240561668, 0.000519838591572, 0.000328441034071, 0.000232504069572, 0.000309211696731, 0.000278058636468, 0.000590957759414, 0.000521749665495, 0.000599762424827, 0.000469683523988, 0.000381467689294, 0.000350502610672, 0.000282595166937, 0.000206430908293, 0.000132578192279, 8.36845574668e-05, 9.99411495286e-05, 9.41427570069e-05, 5.89848750678e-05, 1.37658503263e-06],
        "min": [9.87947085251e-11, 3.52983170471e-10, 3.5501629414e-10, 1.5908102613e-10, 9.02280195003e-10, 9.65491991911e-11, 1.80404042399e-11, 1.86416524578e-11, 1.09893427691e-10, 2.05580240331e-11, 2.56467655273e-12, 1.05456095245e-11, 3.01226578403e-12, 7.11175562884e-11, 2.71681739605e-11, 1.47725200128e-11, 1.79238533737e-11, 2.59903522315e-11, 9.609570778e-11, 9.47134558282e-12, 4.16611051213e-11, 4.03860868359e-11, 3.38864457328e-11, 2.94833671366e-11, 3.67520805455e-11, 5.46320939876e-11, 7.60173781561e-12],
        "var": [1.4761408238e-06, 0.000127603663714, 2.40133249463e-05, 1.27850453282e-05, 1.15005013868e-05, 7.91710044723e-06, 6.3614438659e-06, 8.79615799931e-06, 4.32358592661e-06, 3.56271152668e-06, 2.01544798983e-06, 1.72993259184e-06, 9.49542595663e-07, 1.81257075837e-06, 2.56075418292e-06, 1.55089207965e-06, 2.12338306937e-07, 2.37856227159e-07, 1.95125920754e-07, 1.422918956e-07, 1.05737143485e-07, 5.658561264e-08, 2.20584670529e-08, 2.43755415852e-08, 5.6665744097e-08, 4.48840964395e-08, 3.48107376258e-10]
    },
    "erbbands": {
        "dmean": [0.22900262475, 2.08556079865, 4.16044139862, 4.8598074913, 6.78059244156, 7.31288909912, 9.15924358368, 10.8769350052, 13.0417671204, 25.4625511169, 27.5741424561, 22.6461048126, 23.4056892395, 22.708026886, 21.2831192017, 20.3475952148, 17.9435749054, 24.6216068268, 35.2442207336, 28.2014884949, 23.7448005676, 15.3094987869, 15.168797493, 13.600312233, 12.5894775391, 10.8214511871, 8.2964963913, 6.02860021591, 3.80453228951, 2.75001788139, 1.61476314068, 1.21967303753, 1.04266786575, 0.874647498131, 0.571081161499, 0.314264953136, 0.120438687503, 0.0243645329028, 0.000497258559335, 2.44125712925e-05],
        "dmean2": [0.395837724209, 3.65060806274, 7.28550815582, 8.2070350647, 11.5787448883, 12.2938232422, 15.0716953278, 18.2254581451, 22.4067211151, 43.7653160095, 45.5281600952, 36.2762260437, 38.7042732239, 37.2920074463, 34.710357666, 33.2432022095, 29.5185508728, 40.2945289612, 57.8522949219, 45.3312034607, 38.9314498901, 25.0887832642, 26.2186717987, 23.047876358, 21.3361244202, 18.6771183014, 14.641210556, 10.4144229889, 6.33234834671, 4.61731719971, 2.57547426224, 1.94012391567, 1.61300444603, 1.32468986511, 0.879634678364, 0.475214511156, 0.184534713626, 0.0366761796176, 0.000751616782509, 3.87246218452e-05],
        "dvar": [0.109938487411, 6.65871715546, 28.5206565857, 44.4099464417, 98.856590271, 111.188529968, 186.583282471, 656.13458252, 579.291625977, 1991.34729004, 3773.38891602, 1498.81286621, 2014.44750977, 1945.5826416, 1489.82641602, 1238.73205566, 977.150634766, 1509.83422852, 2775.03662109, 2187.31567383, 955.025817871, 362.007019043, 724.02532959, 431.742004395, 522.202941895, 311.664825439, 234.705718994, 136.58946228, 49.5695495605, 28.2986927032, 7.70389509201, 3.70442700386, 3.70515751839, 3.38940238953, 1.22229671478, 0.323111653328, 0.0575104244053, 0.00307616777718, 1.30433136292e-06, 1.08506070795e-09],
        "dvar2": [0.317758798599, 19.8225002289, 82.1124954224, 121.415596008, 275.457641602, 298.212371826, 447.792022705, 1814.04382324, 1631.18933105, 5687.63769531, 10595.5439453, 3822.34008789, 5431.64892578, 5332.63330078, 3837.75952148, 3195.96704102, 2465.55200195, 3832.1184082, 7024.52685547, 5479.80810547, 2333.77685547, 930.58996582, 2052.68408203, 1173.07421875, 1468.65661621, 870.195983887, 659.681152344, 378.471282959, 128.924560547, 77.7663803101, 18.9996337891, 8.35105228424, 8.38269042969, 7.67826223373, 2.53523516655, 0.648599088192, 0.123979195952, 0.0067454376258, 2.79378355117e-06, 2.39447928152e-09],
        "max": [3.11747312546, 22.7849063873, 44.4904403687, 76.8982162476, 136.287261963, 189.397888184, 162.274703979, 402.238952637, 328.45123291, 412.180206299, 926.975830078, 373.300170898, 521.48260498, 657.281738281, 401.733886719, 427.576019287, 309.799224854, 419.96383667, 718.955810547, 876.035339355, 435.010070801, 231.465911865, 235.326293945, 207.835784912, 231.977050781, 143.729766846, 132.896789551, 107.480934143, 83.8486862183, 81.6237564087, 29.7844238281, 21.4934692383, 25.7938938141, 39.1997795105, 18.7164421082, 8.40298080444, 3.39964962006, 0.907812833786, 0.0190529767424, 0.000518065469805],
        "mean": [0.302723884583, 3.14398050308, 6.047560215, 7.85523748398, 10.6137008667, 12.7552070618, 15.1105604172, 15.4882297516, 17.636051178, 31.2318496704, 36.8955955505, 31.7894191742, 34.8001937866, 36.1276664734, 33.7546806335, 34.1815834045, 31.047077179, 43.3273925781, 65.2376556396, 54.8999176025, 49.0049095154, 32.5813560486, 26.1827602386, 24.5180835724, 20.0166435242, 17.9439487457, 13.806927681, 10.2634687424, 7.41380262375, 5.17218971252, 3.54565644264, 2.90062999725, 2.44702839851, 1.83739197254, 1.15466570854, 0.595559179783, 0.217559218407, 0.0392121523619, 0.000836420571432, 7.57046800572e-05],
        "median": [0.225208908319, 2.76756072044, 4.67347955704, 5.79401731491, 7.04018497467, 8.39216136932, 10.1742744446, 9.25473976135, 8.36394691467, 12.3227415085, 12.639380455, 12.9579362869, 11.7560577393, 10.4740133286, 10.5510225296, 13.5535354614, 13.8870563507, 25.0726661682, 35.8464584351, 27.1775398254, 34.7989234924, 27.9710636139, 21.2891845703, 19.8258647919, 15.4452943802, 13.8215970993, 10.4261102676, 6.81171274185, 4.90715456009, 3.22626566887, 2.26520514488, 2.04543113708, 1.64970707893, 1.06727516651, 0.638083279133, 0.309566646814, 0.0951027274132, 0.0122126452625, 0.000285078596789, 6.52384987916e-05],
        "min": [3.19658388648e-09, 1.04753468122e-07, 4.17011932541e-07, 1.83827398814e-06, 1.76569585619e-06, 2.58137879428e-06, 7.83584027886e-07, 8.44814962875e-07, 1.32651496187e-06, 6.59036345496e-07, 8.12527957805e-07, 2.58980458057e-06, 1.29394277337e-06, 2.28748319842e-07, 2.32943520473e-07, 4.10791614058e-07, 2.36822813804e-07, 2.31084936786e-06, 2.44583179665e-06, 1.96378118744e-06, 8.6892617901e-07, 7.33316596779e-07, 1.13725354822e-06, 1.92371612684e-06, 3.35617551173e-06, 5.62975174034e-07, 1.70122734744e-06, 1.29655313685e-06, 1.5047838815e-06, 1.58278533036e-06, 8.37262803088e-07, 6.78552794398e-07, 6.91694651778e-07, 4.62662796963e-07, 2.68182617447e-07, 2.76655072184e-07, 5.36698507858e-08, 1.70655667375e-08, 1.37382472065e-09, 1.62971386386e-10],
        "var": [0.0998902320862, 7.13381624222, 31.9885253906, 65.2021408081, 148.558914185, 206.721572876, 327.765014648, 589.661254883, 725.612854004, 2413.97949219, 4882.89648438, 2191.97705078, 3013.21166992, 3923.17797852, 2915.14038086, 2679.30615234, 2043.60058594, 2701.13427734, 7025.92285156, 6611.78271484, 2709.85205078, 656.50982666, 630.901184082, 486.20703125, 464.464080811, 331.37689209, 214.078231812, 139.064300537, 73.0197982788, 38.6599731445, 16.244184494, 9.28271102905, 8.64676475525, 7.6720790863, 2.7298104763, 0.803391098976, 0.150867193937, 0.00817043613642, 3.44334307556e-06, 3.52709261797e-09]
    },
    "gfcc": {
        "mean": [45.0587768555, 77.7892532349, -104.832962036, 39.8414077759, -42.3416175842, 21.0266780853, -39.6289978027, 18.0819454193, -23.2217273712, 12.0965433121, -22.3414669037, 2.13193440437, -12.280418396],
        "cov": [[7975.22753906, -42.3359985352, -371.101593018, -2.94015002251, -272.746368408, -81.3209915161, 95.9301757812, 7.46508693695, -240.285675049, -52.4965782166, 47.7273368835, 103.499755859, 53.5857276917], [-42.3359985352, 619.67956543, -228.262268066, 1.54014420509, -13.4689540863, -59.8108596802, 71.2016677856, -28.1516399384, 48.4800834656, -59.9996070862, 62.4082870483, -63.4604110718, 45.6250724792], [-371.101593018, -228.262268066, 399.301483154, 15.9416446686, 65.6367340088, -30.7311611176, -64.520072937, 9.90376663208, -28.1409568787, 33.3426055908, -38.6045799255, 56.109413147, -33.1276779175], [-2.94015002251, 1.54014420509, 15.9416446686, 207.669067383, 36.2852134705, -41.2006759644, -24.1396617889, -24.012506485, 19.9265422821, -7.04305553436, 7.6156001091, -14.1789178848, 19.9955654144], [-272.746368408, -13.4689540863, 65.6367340088, 36.2852134705, 145.894821167, 12.9002943039, -7.37400627136, -4.72340583801, 2.04904389381, 9.23281002045, -12.0530490875, 4.66846656799, 6.70362615585], [-81.3209915161, -59.8108596802, -30.7311611176, -41.2006759644, 12.9002943039, 162.742279053, 64.3051071167, -2.68555140495, -31.8384590149, -27.9990558624, 5.26415157318, -1.95438063145, 10.5205583572], [95.9301757812, 71.2016677856, -64.520072937, -24.1396617889, -7.37400627136, 64.3051071167, 150.360107422, 16.8092899323, -44.0606231689, -50.9370536804, 13.0872402191, -5.68479633331, 0.155557185411], [7.46508693695, -28.1516399384, 9.90376663208, -24.012506485, -4.72340583801, -2.68555140495, 16.8092899323, 77.6985626221, 32.9501914978, 14.2059049606, -8.1642742157, -10.7488260269, -12.9734306335], [-240.285675049, 48.4800834656, -28.1409568787, 19.9265422821, 2.04904389381, -31.8384590149, -44.0606231689, 32.9501914978, 133.745132446, 53.0635223389, -10.9759111404, -40.3644599915, -5.76202917099], [-52.4965782166, -59.9996070862, 33.3426055908, -7.04305553436, 9.23281002045, -27.9990558624, -50.9370536804, 14.2059049606, 53.0635223389, 87.8652496338, 8.79862213135, 2.09836220741, -21.1699542999], [47.7273368835, 62.4082870483, -38.6045799255, 7.6156001091, -12.0530490875, 5.26415157318, 13.0872402191, -8.1642742157, -10.9759111404, 8.79862213135, 72.8200073242, 22.3613624573, 8.16051864624], [103.499755859, -63.4604110718, 56.109413147, -14.1789178848, 4.66846656799, -1.95438063145, -5.68479633331, -10.7488260269, -40.3644599915, 2.09836220741, 22.3613624573, 79.0119171143, 19.5072994232], [53.5857276917, 45.6250724792, -33.1276779175, 19.9955654144, 6.70362615585, 10.5205583572, 0.155557185411, -12.9734306335, -5.76202917099, -21.1699542999, 8.16051864624, 19.5072994232, 61.8303031921]],
        "icov": [[0.000162360913237, -1.73507523868e-05, 0.000235621220781, -0.000155019180966, 0.000263621594058, 9.7387470305e-05, -9.71618555923e-06, -0.00025923983776, 0.000524821982253, -0.000331530842232, 0.000263023684965, -0.000250824843533, -7.12397450116e-05], [-1.73507523868e-05, 0.0046322629787, 0.000442204996943, 0.00244775321335, -0.00152437004726, 0.00415444700047, -0.00265214708634, 0.00318418839015, -0.0035201003775, 0.0043867523782, -0.00588038703427, 0.00489738536999, -0.00341971125454], [0.000235621220781, 0.000442204996943, 0.00476489588618, -0.000955583993345, -0.00119680992793, 0.000356346281478, 0.00136731937528, -0.00151102768723, 0.00168226286769, -0.000639575358946, 0.00273081846535, -0.00416657794267, 0.00297202402726], [-0.000155019180966, 0.00244775321335, -0.000955583993345, 0.00790514890105, -0.00257216300815, 0.00401076441631, -0.00139077333733, 0.00399118615314, -0.00364420795813, 0.00429490627721, -0.00567331118509, 0.00562674412504, -0.00419848691672], [0.000263621594058, -0.00152437004726, -0.00119680992793, -0.00257216300815, 0.0091957161203, -0.00245724152774, 0.000103834325273, -0.000877621001564, 0.00203135260381, -0.00394120672718, 0.00371788186021, -0.00160448777024, -0.000820934423245], [9.7387470305e-05, 0.00415444700047, 0.000356346281478, 0.00401076441631, -0.00245724152774, 0.0120894731954, -0.00551518518478, 0.00367136928253, -0.00205447827466, 0.00380039960146, -0.00575323496014, 0.00600613793358, -0.00528839929029], [-9.71618555923e-06, -0.00265214708634, 0.00136731937528, -0.00139077333733, 0.000103834325273, -0.00551518518478, 0.0135659584776, -0.00660197483376, 0.00442849844694, 0.00318836676888, 0.000951172143687, -0.00270053069107, 0.00488642929122], [-0.00025923983776, 0.00318418839015, -0.00151102768723, 0.00399118615314, -0.000877621001564, 0.00367136928253, -0.00660197483376, 0.0203056167811, -0.00901856366545, 0.00247522559948, -0.00338478502817, 0.00369499833323, -0.0011896090582], [0.000524821982253, -0.0035201003775, 0.00168226286769, -0.00364420795813, 0.00203135260381, -0.00205447827466, 0.00442849844694, -0.00901856366545, 0.0204476434737, -0.0134479021654, 0.00664377259091, 0.00299178622663, -0.00207122205757], [-0.000331530842232, 0.0043867523782, -0.000639575358946, 0.00429490627721, -0.00394120672718, 0.00380039960146, 0.00318836676888, 0.00247522559948, -0.0134479021654, 0.0284592304379, -0.0117652742192, 0.000415752787376, 0.0055231959559], [0.000263023684965, -0.00588038703427, 0.00273081846535, -0.00567331118509, 0.00371788186021, -0.00575323496014, 0.000951172143687, -0.00338478502817, 0.00664377259091, -0.0117652742192, 0.0273063015193, -0.013951074332, 0.00466073583812], [-0.000250824843533, 0.00489738536999, -0.00416657794267, 0.00562674412504, -0.00160448777024, 0.00600613793358, -0.00270053069107, 0.00369499833323, 0.00299178622663, 0.000415752787376, -0.013951074332, 0.0305832289159, -0.0149008659646], [-7.12397450116e-05, -0.00341971125454, 0.00297202402726, -0.00419848691672, -0.000820934423245, -0.00528839929029, 0.00488642929122, -0.0011896090582, -0.00207122205757, 0.0055231959559, 0.00466073583812, -0.0149008659646, 0.0282196439803]]
    },
    "melbands": {
        "dmean": [0.00226715789177, 0.00231760065071, 0.000872459379025, 0.000468814192573, 0.00029747915687, 0.000240123699768, 0.000212867933442, 0.000273955898592, 0.000217656343011, 0.000145297439303, 0.000119153643027, 9.50633984758e-05, 7.65902514104e-05, 5.97325051785e-05, 5.01619688293e-05, 3.83085352951e-05, 5.12828410137e-05, 6.26275432296e-05, 4.88846890221e-05, 3.68619439541e-05, 2.89430172415e-05, 1.75261011464e-05, 1.51356689457e-05, 1.39567291626e-05, 1.13796377263e-05, 1.11890349217e-05, 7.40661380405e-06, 7.73205101723e-06, 5.53606014364e-06, 4.84141537527e-06, 3.34759647558e-06, 2.35592938225e-06, 1.98558791453e-06, 1.50976234181e-06, 1.02241813238e-06, 8.62661750034e-07, 7.66214839132e-07, 7.86056432389e-07, 7.44492751892e-07, 7.88455224665e-07],
        "dmean2": [0.00393007835373, 0.00403783144429, 0.00146394909825, 0.000794106104877, 0.000489047437441, 0.000401446188334, 0.000365216459613, 0.000466920842882, 0.000356495467713, 0.000234055580222, 0.000197050670977, 0.000155729212565, 0.00012713081378, 9.58863893175e-05, 8.37166589918e-05, 6.350363401e-05, 8.47366100061e-05, 0.000104449442006, 8.01090500318e-05, 6.05691529927e-05, 4.85157506773e-05, 2.9103448469e-05, 2.55914656009e-05, 2.46448926191e-05, 1.92738989426e-05, 1.89452875929e-05, 1.25593160192e-05, 1.34035135488e-05, 9.74874092208e-06, 8.52943776408e-06, 5.76309139433e-06, 3.96765290134e-06, 3.34351125275e-06, 2.51444225796e-06, 1.67707457877e-06, 1.38961877383e-06, 1.21811922327e-06, 1.2441820445e-06, 1.16327146316e-06, 1.20895549571e-06],
        "dvar": [8.9294890131e-06, 8.12848065834e-06, 1.30703870127e-06, 4.50831862508e-07, 1.64823163118e-07, 2.96511984743e-07, 1.51463609654e-07, 2.15647020241e-07, 2.20343750357e-07, 6.57314203067e-08, 5.23549914533e-08, 3.32995924168e-08, 2.01860679283e-08, 1.09954720884e-08, 8.33196356353e-09, 4.67196903386e-09, 6.64500632297e-09, 9.64115454138e-09, 5.72400216114e-09, 5.13021003457e-09, 1.34615885106e-09, 4.69651262325e-10, 4.59617705006e-10, 8.52622139558e-10, 2.69490235683e-10, 3.44986428313e-10, 2.14463335979e-10, 1.66360453191e-10, 1.0496248315e-10, 8.73024569303e-11, 3.86902107574e-11, 1.88897890385e-11, 1.46525569455e-11, 7.79611705054e-12, 2.99963157611e-12, 2.02954189912e-12, 1.32584590008e-12, 1.87791362322e-12, 2.64514235168e-12, 2.60358293085e-12],
        "dvar2": [2.60335837083e-05, 2.38726915995e-05, 3.51496009898e-06, 1.25049200506e-06, 4.0961830905e-07, 8.0872723629e-07, 4.27510201462e-07, 5.98426538545e-07, 6.15209728494e-07, 1.69451254806e-07, 1.40312934604e-07, 9.11779522994e-08, 5.26310834914e-08, 2.65299160418e-08, 2.10238759735e-08, 1.27008839002e-08, 1.66777720523e-08, 2.43487026097e-08, 1.45855674205e-08, 1.27791581761e-08, 3.42246342377e-09, 1.23179422218e-09, 1.24331867024e-09, 2.45539411026e-09, 7.25148774361e-10, 9.63272017707e-10, 6.11921568971e-10, 4.67915484137e-10, 2.97428526252e-10, 2.45951148337e-10, 1.04978886695e-10, 4.93046159455e-11, 3.93647163477e-11, 2.18329104795e-11, 7.54236863937e-12, 4.88462785844e-12, 3.02148193618e-12, 4.31744483914e-12, 6.48072567833e-12, 5.77825894771e-12],
        "max": [0.0292956661433, 0.0262060314417, 0.0128281163052, 0.00941719952971, 0.00436638807878, 0.00861250888556, 0.00564281735569, 0.00414469931275, 0.00694924965501, 0.00276377727278, 0.00255457614549, 0.00257060583681, 0.00136345322244, 0.00131944438908, 0.000861502659973, 0.00069736095611, 0.000895645818673, 0.00127962313127, 0.00109384162351, 0.00147131946869, 0.000479358190205, 0.000260024040472, 0.000252346682828, 0.00031151555595, 0.000165130346431, 0.00018455843383, 0.000194901018403, 0.000106727631646, 9.72029592958e-05, 9.38158264034e-05, 6.73336326145e-05, 5.40282344446e-05, 5.51619559701e-05, 4.25409562013e-05, 1.822721606e-05, 1.44974746945e-05, 1.32797285914e-05, 1.98174948309e-05, 3.36086195603e-05, 3.55137744918e-05],
        "mean": [0.0033082133159, 0.00370682845823, 0.00150539178867, 0.00082417431986, 0.000538050371688, 0.000350222311681, 0.000286075024633, 0.000345944223227, 0.000289581308607, 0.000195422224351, 0.000172652318724, 0.00014651400852, 0.00011353224545, 9.67288506217e-05, 7.99756453489e-05, 6.19033235125e-05, 8.34650636534e-05, 0.000108281310531, 8.37150364532e-05, 6.6187538323e-05, 5.50469812879e-05, 3.39220023307e-05, 2.67204668489e-05, 2.13791754504e-05, 1.97747267521e-05, 1.64863449754e-05, 1.1774860468e-05, 1.21278771985e-05, 8.77988077264e-06, 7.38376456866e-06, 5.47466697753e-06, 4.35523270426e-06, 3.44609907188e-06, 2.63912784249e-06, 2.05827700483e-06, 1.8200470322e-06, 1.72986176494e-06, 1.73066325715e-06, 1.60856063758e-06, 1.53079417942e-06],
        "median": [0.00274149607867, 0.00323669379577, 0.00108573760372, 0.000593814183958, 0.00039402503171, 0.00021175321308, 0.000131348206196, 0.000130977190565, 9.58746531978e-05, 7.71023405832e-05, 5.42211273569e-05, 4.07346087741e-05, 3.43350911862e-05, 3.5283377656e-05, 3.18805396091e-05, 2.80615313386e-05, 4.62733878521e-05, 5.83661167184e-05, 3.6948480556e-05, 3.57020180672e-05, 4.11788278143e-05, 2.80981457763e-05, 2.17099805013e-05, 1.65031542565e-05, 1.56937185238e-05, 1.21996972666e-05, 8.89101193025e-06, 8.96252549865e-06, 6.64411936668e-06, 4.99959014633e-06, 3.52352162736e-06, 2.86940849037e-06, 2.12387249121e-06, 1.65883409409e-06, 1.26162160541e-06, 1.20188269648e-06, 1.23305346733e-06, 1.15824821023e-06, 9.49888658397e-07, 8.43931275085e-07],
        "min": [7.01528210523e-11, 1.9229831616e-10, 3.24987564637e-10, 2.62317945143e-10, 3.18983797709e-11, 1.84471691395e-11, 2.02236959818e-11, 8.09460224543e-12, 8.71765420268e-12, 1.6585075327e-11, 6.00011923826e-12, 6.91782297679e-13, 5.98964508634e-13, 1.05404161961e-12, 7.72048495013e-13, 6.85770830313e-13, 5.06248515331e-12, 4.89982750554e-12, 2.06621590497e-12, 1.92862761351e-12, 1.01799124685e-12, 9.41031540885e-13, 5.22678254844e-13, 1.31461725186e-12, 1.22640786415e-12, 4.46256573361e-12, 3.49805525258e-13, 2.9600302244e-13, 9.6733948976e-13, 1.09122834466e-12, 5.72154574153e-13, 7.54280698231e-13, 9.85622716256e-13, 7.85663960105e-13, 4.47284651808e-13, 4.21046091872e-13, 2.61527643075e-13, 3.94543176341e-13, 1.99982527283e-13, 4.89750818025e-13],
        "var": [8.84146629687e-06, 9.46338514041e-06, 2.19930461753e-06, 7.03908767719e-07, 3.14341207286e-07, 2.8189913337e-07, 1.94002097942e-07, 2.80085430404e-07, 2.94606309126e-07, 8.99584762237e-08, 7.80333238026e-08, 6.73520403893e-08, 3.59017064966e-08, 2.3898277135e-08, 1.73234866452e-08, 7.89697462977e-09, 1.13599405438e-08, 2.1815285578e-08, 1.47037244602e-08, 1.15038574222e-08, 3.19047499531e-09, 7.97073962389e-10, 5.57500323684e-10, 6.19532092294e-10, 3.24440696531e-10, 3.22238152828e-10, 1.83557988254e-10, 1.7084274273e-10, 9.25542836816e-11, 7.74010924798e-11, 4.25731047637e-11, 2.6019896307e-11, 1.96543285119e-11, 1.02886432013e-11, 5.93966542617e-12, 4.11441367087e-12, 3.35707633567e-12, 4.12013348786e-12, 5.3047241079e-12, 5.82408123465e-12]
    },
    "mfcc": {
        "mean": [-601.311889648, 110.961196899, 0.859186768532, 27.8786468506, 17.6901760101, 9.66471862793, 3.18050956726, 3.01034712791, 7.93512535095, 6.22059869766, 2.55196762085, 0.156662747264, -1.11254167557],
        "cov": [[7150.06884766, 213.31439209, -314.771789551, 2.35882997513, -309.289672852, -108.10900116, 114.036369324, -36.0581207275, -65.5171508789, -118.427520752, -207.016738892, 52.8388938904, 104.698768616], [213.31439209, 485.090545654, -119.259819031, 2.25533819199, -52.2954368591, -34.5320243835, 7.65145397186, 10.9600172043, 2.04926466942, -1.10292303562, -1.12120258808, 26.1689033508, 2.36883640289], [-314.771789551, -119.259819031, 234.482147217, 28.9797096252, 42.8255729675, -6.05658149719, -16.4173259735, -6.14138221741, -3.6873281002, -34.8833503723, 0.92935103178, 15.0885238647, -0.233012780547], [2.35882997513, 2.25533819199, 28.9797096252, 242.118209839, 62.0444641113, -23.9251441956, -51.0286560059, -35.6129188538, -0.00675815530121, -12.6465330124, -6.48206567764, 14.4131946564, 14.6064043045], [-309.289672852, -52.2954368591, 42.8255729675, 62.0444641113, 166.482284546, 19.3983287811, -53.2256126404, -37.9517745972, 15.8319406509, 12.4522848129, 7.66286373138, -11.5194129944, 1.61623847485], [-108.10900116, -34.5320243835, -6.05658149719, -23.9251441956, 19.3983287811, 111.176994324, 51.2686004639, 20.1732215881, -6.30422925949, -5.66490602493, -3.6488506794, -30.9703578949, -26.9956817627], [114.036369324, 7.65145397186, -16.4173259735, -51.0286560059, -53.2256126404, 51.2686004639, 179.541290283, 75.6711349487, -24.7461128235, -42.3604011536, -31.9706420898, -0.0295558143407, -17.9749279022], [-36.0581207275, 10.9600172043, -6.14138221741, -35.6129188538, -37.9517745972, 20.1732215881, 75.6711349487, 89.8543701172, 15.1060285568, -9.58192539215, -15.9927253723, -13.2579603195, -17.8003292084], [-65.5171508789, 2.04926466942, -3.6873281002, -0.00675815530121, 15.8319406509, -6.30422925949, -24.7461128235, 15.1060285568, 71.2314071655, 41.5848503113, 13.0556955338, -16.0565853119, -10.7532310486], [-118.427520752, -1.10292303562, -34.8833503723, -12.6465330124, 12.4522848129, -5.66490602493, -42.3604011536, -9.58192539215, 41.5848503113, 99.3099212646, 40.7953071594, -11.3252887726, -15.2386713028], [-207.016738892, -1.12120258808, 0.92935103178, -6.48206567764, 7.66286373138, -3.6488506794, -31.9706420898, -15.9927253723, 13.0556955338, 40.7953071594, 80.2100830078, 21.1061515808, -0.342348635197], [52.8388938904, 26.1689033508, 15.0885238647, 14.4131946564, -11.5194129944, -30.9703578949, -0.0295558143407, -13.2579603195, -16.0565853119, -11.3252887726, 21.1061515808, 80.8497695923, 35.4222946167], [104.698768616, 2.36883640289, -0.233012780547, 14.6064043045, 1.61623847485, -26.9956817627, -17.9749279022, -17.8003292084, -10.7532310486, -15.2386713028, -0.342348635197, 35.4222946167, 63.7123641968]],
