{
"lowlevel": {
    "average_loudness": 0.858951508999,
    "barkbands_crest": {
        "dmean": 2.06173491478,
        "dmean2": 3.35141205788,
        "dvar": 4.58093833923,
        "dvar2": 11.5307664871,
        "max": 26.109790802,
        "mean": 13.2498664856,
        "median": 12.4108390808,
        "min": 5.03446722031,
        "var": 20.4369678497
    },
    "barkbands_flatness_db": {
        "dmean": 0.0256278347224,
        "dmean2": 0.0371710509062,
        "dvar": 0.000613405194599,
        "dvar2": 0.00121536594816,
        "max": 0.508355796337,
        "mean": 0.243023395538,
        "median": 0.235086739063,
        "min": 0.06434237957,
        "var": 0.00412472663447
    },
    "barkbands_kurtosis": {
        "dmean": 6.74001502991,
        "dmean2": 10.6084423065,
        "dvar": 193.592071533,
        "dvar2": 455.019836426,
        "max": 369.329772949,
        "mean": 17.1583385468,
        "median": 9.27505111694,
        "min": -1.88822925091,
        "var": 981.261413574
    },
    "barkbands_skewness": {
        "dmean": 0.692689418793,
        "dmean2": 1.05197548866,
        "dvar": 0.754947662354,
        "dvar2": 1.54580032825,
        "max": 15.4849281311,
        "mean": 2.85156917572,
        "median": 2.50389695168,
        "min": -4.56830072403,
        "var": 3.95712804794
    },
    "barkbands_spread": {
        "dmean": 4.00566101074,
        "dmean2": 6.01623487473,
        "dvar": 55.238243103,
        "dvar2": 126.39037323,
        "max": 100.911117554,
        "mean": 11.9428596497,
        "median": 8.15526199341,
        "min": 0.217772468925,
        "var": 152.801589966
    },
    "dissonance": {
        "dmean": 0.0257892869413,
        "dmean2": 0.0404874235392,
        "dvar": 0.00073138740845,
        "dvar2": 0.00173243018799,
        "max": 0.499553710222,
        "mean": 0.431240648031,
        "median": 0.445228129625,
        "min": 0.11464650929,
        "var": 0.00301097659394
    },
    "dynamic_complexity": 6.86980390549,
    "erbbands_crest": {
        "dmean": 2.67829632759,
        "dmean2": 4.18059444427,
        "dvar": 6.57199668884,
        "dvar2": 16.344379425,
        "max": 27.1732940674,
        "mean": 10.9921274185,
        "median": 10.2380924225,
        "min": 2.56503081322,
        "var": 26.5875587463
    },
    "erbbands_flatness_db": {
        "dmean": 0.0182131230831,
        "dmean2": 0.0253038182855,
        "dvar": 0.000383932929253,
        "dvar2": 0.000630616326816,
        "max": 0.423458456993,
        "mean": 0.204386785626,
        "median": 0.194718033075,
        "min": 0.0931589752436,
        "var": 0.00362163432874
    },
    "erbbands_kurtosis": {
        "dmean": 1.68605053425,
        "dmean2": 2.61627316475,
        "dvar": 7.3036646843,
        "dvar2": 15.8801593781,
        "max": 54.0191268921,
        "mean": 2.52628302574,
        "median": 0.635500192642,
        "min": -1.79724466801,
        "var": 31.7388534546
    },
    "erbbands_skewness": {
        "dmean": 0.420760005713,
        "dmean2": 0.635921478271,
        "dvar": 0.233938604593,
        "dvar2": 0.466553837061,
        "max": 5.87500095367,
        "mean": 0.82977193594,
        "median": 0.751741111279,
        "min": -4.98044252396,
        "var": 1.28092241287
    },
    "erbbands_spread": {
        "dmean": 9.1020154953,
        "dmean2": 13.5429191589,
        "dvar": 131.653060913,
        "dvar2": 252.90385437,
        "max": 146.589797974,
        "mean": 38.4055709839,
        "median": 33.8526916504,
        "min": 2.58245897293,
        "var": 639.221435547
    },
    "hfc": {
        "dmean": 4.24303770065,
        "dmean2": 6.21203184128,
        "dvar": 62.9195785522,
        "dvar2": 130.343109131,
        "max": 120.82144928,
        "mean": 15.2528324127,
        "median": 9.94205760956,
        "min": 1.22991645631e-16,
        "var": 286.011260986
    },
    "melbands_crest": {
        "dmean": 2.34193491936,
        "dmean2": 3.69585084915,
        "dvar": 6.18717384338,
        "dvar2": 13.9190883636,
        "max": 33.4655914307,
        "mean": 17.9005279541,
        "median": 17.6054592133,
        "min": 2.3339445591,
        "var": 24.6091213226
    },
    "melbands_flatness_db": {
        "dmean": 0.0297270789742,
        "dmean2": 0.0413552336395,
        "dvar": 0.00107060489245,
        "dvar2": 0.00191982870456,
        "max": 0.58912217617,
        "mean": 0.298248589039,
        "median": 0.291026860476,
        "min": 0.00586259085685,
        "var": 0.00657507637516
    },
    "melbands_kurtosis": {
        "dmean": 13.607673645,
        "dmean2": 20.8016452789,
        "dvar": 567.055114746,
        "dvar2": 1352.4642334,
        "max": 392.209442139,
        "mean": 34.1730270386,
        "median": 19.1959648132,
        "min": -1.91591954231,
        "var": 1820.37585449
    },
    "melbands_skewness": {
        "dmean": 0.933138370514,
        "dmean2": 1.40425145626,
        "dvar": 1.29552507401,
        "dvar2": 2.64329314232,
        "max": 15.4232378006,
        "mean": 3.93642354012,
        "median": 3.33864283562,
        "min": -1.87614774704,
        "var": 6.19094800949
    },
    "melbands_spread": {
        "dmean": 4.36168003082,
        "dmean2": 6.42175626755,
        "dvar": 205.802841187,
        "dvar2": 348.612365723,
        "max": 257.652099609,
        "mean": 11.6693668365,
        "median": 6.70179843903,
        "min": 0.426091790199,
        "var": 516.368530273
    },
    "pitch_salience": {
        "dmean": 0.0647428035736,
        "dmean2": 0.102201513946,
        "dvar": 0.00444705691189,
        "dvar2": 0.0103761758655,
        "max": 0.82921987772,
        "mean": 0.424348920584,
        "median": 0.436347335577,
        "min": 0.0886589735746,
        "var": 0.0167360454798
    },
    "silence_rate_20dB": {
        "dmean": 0,
        "dmean2": 0,
        "dvar": 0,
        "dvar2": 0,
        "max": 1,
        "mean": 1,
        "median": 1,
        "min": 1,
        "var": 0
    },
    "silence_rate_30dB": {
        "dmean": 0.0294573642313,
        "dmean2": 0.0589604340494,
        "dvar": 0.0285895448178,
        "dvar2": 0.072551779449,
        "max": 1,
        "mean": 0.97676217556,
        "median": 1,
        "min": 0,
        "var": 0.0226976852864
    },
    "silence_rate_60dB": {
        "dmean": 0.0186046510935,
        "dmean2": 0.0372381694615,
        "dvar": 0.018257919699,
        "dvar2": 0.0389559194446,
        "max": 1,
        "mean": 0.285050362349,
        "median": 0,
        "min": 0,
        "var": 0.203796297312
    },
    "spectral_centroid": {
        "dmean": 202.963134766,
        "dmean2": 300.849304199,
        "dvar": 203589.765625,
        "dvar2": 300431.1875,
        "max": 11359.3847656,
        "mean": 840.170776367,
        "median": 623.798583984,
        "min": 173.08895874,
        "var": 512183.90625
    },
    "spectral_complexity": {
        "dmean": 2.54883718491,
        "dmean2": 3.86966633797,
        "dvar": 16.391620636,
        "dvar2": 32.3600463867,
        "max": 57,
        "mean": 12.484120369,
        "median": 12,
        "min": 0,
        "var": 102.787437439
    },
    "spectral_decrease": {
        "dmean": 2.53275667106e-09,
        "dmean2": 4.10449763066e-09,
        "dvar": 1.81005382175e-17,
        "dvar2": 4.71333567995e-17,
        "max": -4.06338718198e-30,
        "mean": -1.00333767961e-08,
        "median": -1.09909565893e-08,
        "min": -5.07213968604e-08,
        "var": 7.63789593223e-17
    },
    "spectral_energy": {
        "dmean": 0.00981021020561,
        "dmean2": 0.0158167760819,
        "dvar": 0.000268000701908,
        "dvar2": 0.000696801173035,
        "max": 0.195718720555,
        "mean": 0.0392517931759,
        "median": 0.0429345108569,
        "min": 1.11710305517e-20,
        "var": 0.00116088963114
    },
    "spectral_energyband_high": {
        "dmean": 0.000279442698229,
        "dmean2": 0.000403431156883,
        "dvar": 6.96811582657e-07,
        "dvar2": 1.28658450649e-06,
        "max": 0.017004320398,
        "mean": 0.000534994702321,
        "median": 0.000117264607979,
        "min": 7.85639989932e-21,
        "var": 1.77782987976e-06
    },
    "spectral_energyband_low": {
        "dmean": 0.00723260920495,
        "dmean2": 0.0122952908278,
        "dvar": 0.000180431146873,
        "dvar2": 0.000494404754136,
        "max": 0.149127691984,
        "mean": 0.024093573913,
        "median": 0.0252680722624,
        "min": 1.73044982553e-22,
        "var": 0.000544418813661
    },
    "spectral_energyband_middle_high": {
        "dmean": 0.00111150892917,
        "dmean2": 0.00154332455713,
        "dvar": 5.45436751054e-06,
        "dvar2": 1.01206223917e-05,
        "max": 0.0431020967662,
        "mean": 0.00331874634139,
        "median": 0.00114015350118,
        "min": 1.6709966229e-21,
        "var": 3.10295617965e-05
    },
    "spectral_energyband_middle_low": {
        "dmean": 0.00515863997862,
        "dmean2": 0.00801633950323,
        "dvar": 8.71571828611e-05,
        "dvar2": 0.000203671821509,
        "max": 0.10824342072,
        "mean": 0.012601451017,
        "median": 0.00750512210652,
        "min": 3.67121224031e-22,
        "var": 0.000197893648874
    },
    "spectral_entropy": {
        "dmean": 0.225625544786,
        "dmean2": 0.303557932377,
        "dvar": 0.0704096630216,
        "dvar2": 0.106091566384,
        "max": 9.79500770569,
        "mean": 6.96853971481,
        "median": 7.11765623093,
        "min": 4.06215572357,
        "var": 0.582781195641
    },
    "spectral_flux": {
        "dmean": 0.0225680544972,
        "dmean2": 0.0352222025394,
        "dvar": 0.000952109927312,
        "dvar2": 0.00219724932685,
        "max": 0.345950722694,
        "mean": 0.0681497901678,
        "median": 0.0576788187027,
        "min": 1.05693093166e-10,
        "var": 0.00354108423926
    },
    "spectral_kurtosis": {
        "dmean": 3.69445586205,
        "dmean2": 5.86663389206,
        "dvar": 29.196100235,
        "dvar2": 62.1176605225,
        "max": 73.1569824219,
        "mean": 7.2626581192,
        "median": 3.88930273056,
        "min": -1.2272990942,
        "var": 98.0014190674
    },
    "spectral_rms": {
        "dmean": 0.000662640668452,
        "dmean2": 0.00104350107722,
        "dvar": 8.50811261444e-07,
        "dvar2": 2.17117030843e-06,
        "max": 0.013818288222,
        "mean": 0.00522453058511,
        "median": 0.00647204183042,
        "min": 3.30129760334e-12,
        "var": 1.09986667667e-05
    },
    "spectral_rolloff": {
        "dmean": 235.980041504,
        "dmean2": 395.331665039,
        "dvar": 809650.875,
        "dvar2": 1372125,
        "max": 18884.6191406,
        "mean": 658.756835938,
        "median": 387.59765625,
        "min": 86.1328125,
        "var": 1637366.875
    },
    "spectral_skewness": {
        "dmean": 0.404353827238,
        "dmean2": 0.599481880665,
        "dvar": 0.212634935975,
        "dvar2": 0.392636597157,
        "max": 7.00659513474,
        "mean": 1.80879235268,
        "median": 1.52342331409,
        "min": -0.509083151817,
        "var": 1.21010100842
    },
    "spectral_spread": {
        "dmean": 509065.03125,
        "dmean2": 694070.6875,
        "dvar": 1.3128817705e+12,
        "dvar2": 1.31543138304e+12,
        "max": 39936780,
        "mean": 3787410.75,
        "median": 3562237.5,
        "min": 1053494.375,
        "var": 3.14246404506e+12
    },
    "spectral_strongpeak": {
        "dmean": 0.220315486193,
        "dmean2": 0.382215440273,
        "dvar": 0.246921628714,
        "dvar2": 0.65767878294,
        "max": 6.96995210648,
        "mean": 0.542437851429,
        "median": 0.482709228992,
        "min": 1.31072386278e-09,
        "var": 0.294486939907
    },
    "zerocrossingrate": {
        "dmean": 0.00756495259702,
        "dmean2": 0.00860496237874,
        "dvar": 0.000340867380146,
        "dvar2": 0.000295947917039,
        "max": 0.498046875,
        "mean": 0.0313695184886,
        "median": 0.02294921875,
        "min": 0.00341796875,
        "var": 0.00147050258238
    },
    "barkbands": {
        "dmean": [6.42749218969e-05, 0.00458169775084, 0.00333421654068, 0.00174984068144, 0.00178571266588, 0.00154407299124, 0.000876130710822, 0.000669985718559, 0.00089467514772, 0.000346899731085, 0.000277243438177, 0.000377903750632, 0.000141368043842, 0.000125797829241, 0.000167177728144, 0.000142001343193, 0.000113538793812, 0.000116646981041, 0.000110675602627, 8.14806408016e-05, 5.34145474376e-05, 5.42083034816e-05, 5.62262866879e-05, 0.000104225407995, 1.62715314218e-05, 1.44031329086e-08, 2.63975130643e-09],
        "dmean2": [0.000108620457468, 0.00772042619064, 0.00572480726987, 0.00289385416545, 0.0028319391422, 0.0023139952682, 0.0013983878307, 0.00104252516758, 0.00136693939567, 0.000501791422721, 0.000439144816482, 0.000549589167349, 0.000220833317144, 0.000201774091693, 0.000258304236922, 0.000222923539695, 0.000178391710506, 0.000183810363524, 0.000172218031366, 0.000123111283756, 8.17857653601e-05, 7.54057909944e-05, 8.32693986013e-05, 0.000151570216985, 2.59322605416e-05, 2.30772201348e-08, 4.97604979444e-09],
        "dvar": [1.74752532445e-08, 6.72757450957e-05, 5.73153229197e-05, 2.41269153776e-05, 1.24631114886e-05, 1.21000175568e-05, 5.43654368812e-06, 5.32495505468e-06, 5.8490036281e-06, 1.33273010761e-06, 1.14425290576e-06, 1.39513895192e-06, 1.7662945595e-07, 1.37096350272e-07, 1.6916817458e-07, 1.72079211325e-07, 1.3415709077e-07, 8.33189162108e-08, 7.15757693115e-08, 4.52571526921e-08, 1.71336527188e-08, 3.56068206031e-08, 3.84556990696e-08, 1.79679474854e-07, 4.55368409646e-09, 3.27532499989e-15, 4.12861407956e-16],
        "dvar2": [4.70172167866e-08, 0.000198205423658, 0.00015596592857, 5.62069471925e-05, 3.20430735883e-05, 2.53617090493e-05, 1.34782030727e-05, 1.27192724904e-05, 1.35972131829e-05, 2.1944947548e-06, 2.26451697927e-06, 2.38674442699e-06, 3.73143365096e-07, 3.22391059626e-07, 3.972876641e-07, 3.87924899314e-07, 3.38335610195e-07, 2.07419432741e-07, 1.66804667856e-07, 9.94208377847e-08, 4.12516563131e-08, 6.40188844159e-08, 7.53871418624e-08, 3.5488497474e-07, 1.08996136561e-08, 7.37998885229e-15, 1.21640813368e-15],
        "max": [0.00141440983862, 0.0930765718222, 0.0962653979659, 0.078877016902, 0.0446932688355, 0.054108299315, 0.0251430571079, 0.0389036461711, 0.0310647971928, 0.0264356508851, 0.0219605490565, 0.0349657796323, 0.00807593017817, 0.0061662318185, 0.00630748970434, 0.00743409059942, 0.00682468200102, 0.0037701248657, 0.00416968110949, 0.00330773554742, 0.00209365738556, 0.00593136809766, 0.00506716780365, 0.00717277219519, 0.00120659335516, 1.10745918391e-06, 4.92779236083e-07],
        "mean": [0.000104333150375, 0.0159483924508, 0.0068764151074, 0.00209517031908, 0.00338086113334, 0.00307255401276, 0.00145669444464, 0.000948935281485, 0.00140008190647, 0.000575748155825, 0.000418747134972, 0.000872070319019, 0.000228950302699, 0.000188608362805, 0.000275795086054, 0.000225444717216, 0.000177766705747, 0.000197133354959, 0.000204276147997, 0.000151484739035, 9.13132462301e-05, 8.34516322357e-05, 8.98406578926e-05, 0.000166728510521, 2.09556346817e-05, 1.71139316052e-08, 1.87333615287e-09],
        "median": [1.27617076942e-05, 0.0123894689605, 0.00265498762019, 0.000593772390857, 0.00133412866853, 0.000749635219108, 0.000318438222166, 0.000124868689454, 0.000203953997698, 5.4666226788e-05, 9.41955295275e-05, 0.000146517078974, 6.18033081992e-05, 5.69248149986e-05, 5.92822689214e-05, 4.61352938146e-05, 5.25726172782e-05, 5.05710413563e-05, 4.44493998657e-05, 3.41959603247e-05, 2.78602292383e-05, 1.30128692035e-05, 1.34500705826e-05, 1.45000749399e-05, 1.45554383835e-06, 2.25404694909e-09, 2.13246739711e-10],
        "min": [6.9213538797e-23, 5.1216371442e-23, 6.8967786537e-23, 3.42939481843e-23, 6.09990923257e-23, 3.69346979298e-23, 7.93485965154e-23, 1.67428217177e-23, 1.18428494392e-22, 4.25470235965e-23, 1.9208367034e-23, 7.54076430704e-23, 9.90135546636e-23, 1.17015133329e-22, 1.19245956238e-22, 1.77868482024e-22, 2.06639854825e-22, 2.6062267942e-22, 2.67080837527e-22, 4.23206634307e-22, 4.39483321271e-22, 5.02728811776e-22, 6.10251436682e-22, 9.15912898863e-22, 1.36841139008e-21, 1.55155515538e-21, 2.55686939557e-21],
        "var": [3.6264019343e-08, 0.000278253748547, 9.88710598904e-05, 2.56073835772e-05, 2.67809191428e-05, 3.74898445443e-05, 1.06360157588e-05, 6.97103587299e-06, 1.03570482679e-05, 3.69721965399e-06, 2.16229545913e-06, 9.46855743678e-06, 4.37268965925e-07, 2.15100143919e-07, 3.46099199078e-07, 3.6200822251e-07, 1.80665395533e-07, 1.54581229594e-07, 1.94855189761e-07, 8.81987460843e-08, 3.17486197332e-08, 7.14691594794e-08, 8.21351306968e-08, 4.34401613347e-07, 6.39838404481e-09, 4.16766595125e-15, 2.25553756546e-16]
    },
    "erbbands": {
        "dmean": [0.0846550315619, 1.2455946207, 3.84375762939, 4.6205291748, 5.49490976334, 5.83364582062, 9.9600687027, 13.4630784988, 13.7827911377, 11.2805604935, 16.0988769531, 17.9882354736, 13.6040201187, 10.5490350723, 12.8316802979, 10.3444013596, 6.34445905685, 5.80203771591, 7.4137096405, 7.30421972275, 7.05970573425, 6.04865264893, 5.76186227798, 6.87319660187, 3.77158045769, 3.84803247452, 2.6670422554, 1.84731507301, 1.93079686165, 1.8559705019, 1.45100843906, 2.59262347221, 1.35505437851, 0.362912982702, 0.0126759177074, 0.000622447580099, 5.31318182766e-05, 9.75028342509e-06, 6.21099616183e-06, 1.12043135232e-05],
        "dmean2": [0.144272133708, 2.11419487, 6.48399305344, 7.93389129639, 8.95222377777, 9.3042755127, 16.2144489288, 19.4834499359, 21.6915054321, 17.7775535583, 24.7934875488, 27.7042713165, 19.9203090668, 15.4483442307, 18.8412284851, 15.0876569748, 9.65494251251, 8.9161272049, 12.2421483994, 10.8012914658, 11.0702228546, 9.46248340607, 9.15019702911, 10.519824028, 5.73098278046, 5.83874607086, 4.12154579163, 2.78327870369, 2.66032075882, 2.66586184502, 2.20823717117, 3.68372511864, 1.97383093834, 0.568342804909, 0.0195525065064, 0.000948341970798, 8.01292335382e-05, 1.47373166328e-05, 9.65270555753e-06, 1.78618120117e-05],
        "dvar": [0.0210078060627, 4.89479923248, 62.6069755554, 167.241241455, 137.338729858, 171.602172852, 674.212097168, 937.647766113, 1333.74291992, 1302.11950684, 2537.69848633, 2524.41870117, 1455.14538574, 1591.20996094, 2001.03100586, 780.0625, 369.993988037, 216.013839722, 519.566894531, 363.69821167, 403.287536621, 354.684631348, 191.809814453, 281.120819092, 77.1962051392, 107.023605347, 48.5955429077, 22.0810470581, 50.6033172607, 40.0082168579, 24.2037220001, 105.781105042, 33.4897041321, 2.32258844376, 0.00244076410308, 5.71769351154e-06, 4.1561587949e-08, 1.32723132484e-09, 1.43491454829e-10, 3.33264721375e-10],
        "dvar2": [0.060677330941, 14.3106002808, 175.650787354, 381.725982666, 348.300872803, 423.14855957, 1631.03417969, 1858.93652344, 3425.87353516, 3291.72070312, 5871.59277344, 6000.96337891, 2989.54443359, 2826.0793457, 4165.66113281, 1425.5177002, 783.94140625, 432.784759521, 1379.49169922, 782.10333252, 971.155151367, 864.085754395, 480.963012695, 625.504333496, 179.508834839, 234.805755615, 124.069206238, 48.2130775452, 89.7295837402, 69.1083908081, 45.5723190308, 196.594512939, 72.9781951904, 5.50319337845, 0.00564910424873, 1.28316232804e-05, 8.6939770938e-08, 2.66300359542e-09, 3.12898040811e-10, 8.54099402314e-10],
        "max": [1.46563053131, 24.9775695801, 94.648727417, 175.294418335, 131.537368774, 154.991317749, 377.960144043, 491.402160645, 475.400817871, 613.686767578, 709.565246582, 774.625427246, 541.416687012, 548.524414062, 1267.25512695, 874.919372559, 407.418182373, 261.510192871, 467.277679443, 276.747802734, 338.22454834, 281.574829102, 219.995223999, 291.382110596, 118.109336853, 159.35534668, 97.3330993652, 72.2955245972, 239.482559204, 194.531356812, 111.742431641, 206.011688232, 99.26927948, 27.3309936523, 0.870744109154, 0.0409835875034, 0.0030740853399, 0.000508383440319, 0.000194924650714, 0.000220598303713],
        "mean": [0.245463132858, 4.22874832153, 9.62665462494, 6.96765708923, 8.70637226105, 10.5522727966, 19.3991298676, 26.0467758179, 23.4496841431, 17.4016704559, 26.1220798492, 28.5884361267, 24.8001556396, 16.680305481, 27.7255306244, 23.951166153, 11.3842172623, 10.4708681107, 12.4110660553, 12.5939102173, 12.2427892685, 10.376127243, 10.771780014, 13.4035100937, 7.39117431641, 7.07532691956, 4.59971284866, 3.27036976814, 2.96290135384, 2.8787560463, 2.38628339767, 4.09596395493, 2.09594774246, 0.497647345066, 0.0170210897923, 0.000897651771083, 9.50960529735e-05, 1.79053731699e-05, 2.26731845032e-05, 4.53026077594e-05],
        "median": [0.214430958033, 3.08479166031, 7.58877372742, 2.80003476143, 3.02849411964, 3.42225503922, 4.83895874023, 5.89663314819, 5.57313394547, 4.82944154739, 5.12960386276, 4.47162246704, 2.8301897049, 3.9863345623, 4.60134553909, 5.18226623535, 3.26861143112, 3.7854590416, 2.95331716537, 3.06499123573, 3.18303346634, 3.08297133446, 3.01255846024, 2.80535078049, 1.83184564114, 1.63587486744, 1.24997127056, 0.895954787731, 0.499238491058, 0.454945892096, 0.374796420336, 0.380628854036, 0.163628324866, 0.0394343659282, 0.00127279805019, 0.00010206947627, 2.64726204477e-05, 4.81745155412e-06, 2.23328879656e-05, 4.85322962049e-05],
        "min": [2.73460175176e-21, 8.20954624415e-21, 6.76370529613e-20, 1.03164408572e-19, 8.35948145435e-20, 3.27628482098e-19, 1.46912718087e-19, 3.77385127853e-19, 1.03790611437e-18, 1.01794366125e-18, 4.09629713805e-19, 1.85949684714e-18, 2.78295859466e-18, 9.89839993145e-19, 1.16065258284e-18, 3.30876112091e-18, 3.34852203859e-18, 5.61748693742e-18, 8.15242659235e-18, 6.06291046239e-18, 1.02045930361e-17, 1.22759219459e-17, 1.31070250489e-17, 1.66102846628e-17, 1.9129544282e-17, 1.66881273215e-17, 2.07111251938e-17, 1.33886056013e-17, 1.80509156525e-17, 1.5879472246e-17, 1.87906086804e-17, 1.68612611868e-17, 1.87339534259e-17, 1.22772743862e-17, 1.07790261309e-17, 5.51429987832e-18, 3.18850705102e-18, 1.39290959601e-18, 3.42629324959e-19, 3.65757101015e-20],
        "var": [0.0671291947365, 20.41340065, 126.6147995, 194.817855835, 201.702514648, 376.849822998, 1850.69018555, 2677.9375, 2308.00708008, 1619.53149414, 4416.73974609, 4402.07128906, 3923.30517578, 2856.25927734, 8543.61621094, 5755.05126953, 959.384033203, 499.661315918, 711.704101562, 745.904968262, 916.632568359, 567.120483398, 410.058959961, 836.510070801, 199.39932251, 199.6171875, 75.0951080322, 47.6145133972, 99.5532684326, 85.4378738403, 54.7627258301, 268.023132324, 68.9436264038, 3.49174189568, 0.00387205393054, 9.87793828244e-06, 8.45637018188e-08, 2.84628787206e-09, 5.23887488946e-10, 1.52652224195e-09]
    },
    "gfcc": {
        "mean": [-104.63860321, 152.311691284, -119.894210815, 58.1735153198, -66.4249572754, 14.6193113327, -28.4941749573, -5.79006052017, -3.1560177803, -22.2810935974, 12.9604520798, -21.5192260742, 3.86311721802],
        "cov": [[23525.96875, -1161.38146973, -1999.90771484, 1853.21923828, 197.98399353, 1414.16833496, 649.10736084, 1081.95495605, 681.853393555, 475.859985352, 266.86895752, 111.306396484, 536.615722656], [-1161.38146973, 1287.69311523, -13.0852956772, -536.468505859, 263.073303223, -318.698181152, 192.164916992, -162.9246521, 59.9384803772, -119.174118042, 88.4459609985, -4.34124040604, -20.8469181061], [-1999.90771484, -13.0852956772, 661.24810791, -73.3521118164, -104.189598083, -64.0998687744, -174.409225464, -128.583938599, -104.348899841, -21.5113773346, -36.2929840088, -14.1047801971, -44.1022605896], [1853.21923828, -536.468505859, -73.3521118164, 634.735778809, 55.8246078491, 244.021362305, 58.4999504089, 112.205871582, 56.425655365, 111.208427429, -14.4420394897, 23.4772205353, 91.2978668213], [197.98399353, 263.073303223, -104.189598083, 55.8246078491, 354.774139404, 39.2315483093, 190.358657837, 38.6282424927, 72.4388885498, 18.1044197083, 38.3427314758, 36.4045143127, 48.4055862427], [1414.16833496, -318.698181152, -64.0998687744, 244.021362305, 39.2315483093, 385.046569824, 118.718353271, 135.879943848, 78.0729446411, 85.8207550049, 5.82103490829, 26.4202194214, 33.3597793579], [649.10736084, 192.164916992, -174.409225464, 58.4999504089, 190.358657837, 118.718353271, 302.248687744, 75.2258682251, 109.247070312, 35.3176040649, 41.4179534912, 44.7844200134, 28.6384963989], [1081.95495605, -162.9246521, -128.583938599, 112.205871582, 38.6282424927, 135.879943848, 75.2258682251, 191.512420654, 94.8542175293, 63.7351875305, 15.3949813843, 20.5386676788, 39.0460243225], [681.853393555, 59.9384803772, -104.348899841, 56.425655365, 72.4388885498, 78.0729446411, 109.247070312, 94.8542175293, 179.009094238, 71.1497650146, 11.7106971741, 29.5916004181, 9.39911460876], [475.859985352, -119.174118042, -21.5113773346, 111.208427429, 18.1044197083, 85.8207550049, 35.3176040649, 63.7351875305, 71.1497650146, 115.743606567, 23.9984016418, 23.8549575806, 10.7464742661], [266.86895752, 88.4459609985, -36.2929840088, -14.4420394897, 38.3427314758, 5.82103490829, 41.4179534912, 15.3949813843, 11.7106971741, 23.9984016418, 89.6534423828, 24.5530033112, 1.84952056408], [111.306396484, -4.34124040604, -14.1047801971, 23.4772205353, 36.4045143127, 26.4202194214, 44.7844200134, 20.5386676788, 29.5916004181, 23.8549575806, 24.5530033112, 74.8605957031, 18.3190975189], [536.615722656, -20.8469181061, -44.1022605896, 91.2978668213, 48.4055862427, 33.3597793579, 28.6384963989, 39.0460243225, 9.39911460876, 10.7464742661, 1.84952056408, 18.3190975189, 82.4133911133]],
        "icov": [[0.000111527748231, -0.000184706426808, 0.000270805234322, -0.000303538894514, 0.000219280220335, -0.0002927108726, 0.000194401494809, -0.00027126367786, -4.90685088153e-05, 5.3697709518e-05, -0.000226992546231, 6.27124754828e-05, -0.000251325807767], [-0.000184706426808, 0.00417311955243, -0.000988494488411, 0.00309918262064, -0.00197860901244, 0.00209886813536, -0.0025766605977, 0.00364978029393, -0.00358687108383, 0.00195093988441, -0.00287609198131, 0.00248557236046, -0.00255852472037], [0.000270805234322, -0.000988494488411, 0.00278857257217, -0.000930592825171, 0.000587211863603, -0.00133585266303, 0.00179539143573, 1.4236464267e-05, 0.000904480926692, -0.00088631757535, 0.000494463834912, -0.00083624717081, 0.00026224568137], [-0.000303538894514, 0.00309918262064, -0.000930592825171, 0.00529744895175, -0.00189751375001, 0.000589863571804, -0.0017544036964, 0.00309507525526, -0.00186350848526, -0.000906463305, -0.000559618230909, 0.00181064067874, -0.00364633603022], [0.000219280220335, -0.00197860901244, 0.000587211863603, -0.00189751375001, 0.00581951020285, -0.000670444977004, -0.00152706657536, -0.00140491954517, 0.000724992074538, -0.000319430342643, -4.96670691064e-06, -0.000893326418009, -0.00130476010963], [-0.0002927108726, 0.00209886813536, -0.00133585266303, 0.000589863571804, -0.000670444977004, 0.00621238397434, -0.00331544666551, -0.000398637843318, -0.000713838031515, -0.0004275101237, -0.000166169149452, 0.00075546692824, 0.000261565262917], [0.000194401494809, -0.0025766605977, 0.00179539143573, -0.0017544036964, -0.00152706657536, -0.00331544666551, 0.00900657754391, -0.00181214080658, -0.000450285093393, 0.000193419342395, 0.00018521900347, -0.00286748865619, 0.00161386292893], [-0.00027126367786, 0.00364978029393, 1.4236464267e-05, 0.00309507525526, -0.00140491954517, -0.000398637843318, -0.00181214080658, 0.0135682187974, -0.00647882977501, 3.92558868043e-05, -0.0029343070928, 0.00264832819812, -0.0053327861242], [-4.90685088153e-05, -0.00358687108383, 0.000904480926692, -0.00186350848526, 0.000724992074538, -0.000713838031515, -0.000450285093393, -0.00647882977501, 0.0147524382919, -0.00732368277386, 0.00585894100368, -0.00410194788128, 0.00510255945846], [5.3697709518e-05, 0.00195093988441, -0.00088631757535, -0.000906463305, -0.000319430342643, -0.0004275101237, 0.000193419342395, 3.92558868043e-05, -0.00732368277386, 0.0172591172159, -0.00612483266741, -0.000195710032131, -0.000285728339804], [-0.000226992546231, -0.00287609198131, 0.000494463834912, -0.000559618230909, -4.96670691064e-06, -0.000166169149452, 0.00018521900347, -0.0029343070928, 0.00585894100368, -0.00612483266741, 0.0176281891763, -0.00595190282911, 0.00408893218264], [6.27124754828e-05, 0.00248557236046, -0.00083624717081, 0.00181064067874, -0.000893326418009, 0.00075546692824, -0.00286748865619, 0.00264832819812, -0.00410194788128, -0.000195710032131, -0.00595190282911, 0.0189073588699, -0.00584820099175], [-0.000251325807767, -0.00255852472037, 0.00026224568137, -0.00364633603022, -0.00130476010963, 0.000261565262917, 0.00161386292893, -0.0053327861242, 0.00510255945846, -0.000285728339804, 0.00408893218264, -0.00584820099175, 0.0205927211791]]
    },
    "melbands": {
        "dmean": [0.00101327046286, 0.00184548413381, 0.000817904714495, 0.000388379092328, 0.000326775741996, 0.000300694839098, 0.000204976167879, 0.000125930295326, 0.000137568218634, 0.000118841810036, 6.94128175383e-05, 4.40460535174e-05, 3.67270004062e-05, 4.81048118672e-05, 1.6711299395e-05, 1.45008480104e-05, 1.17282888823e-05, 1.20675713333e-05, 1.33461107907e-05, 1.03670254248e-05, 8.26961422717e-06, 6.78721562508e-06, 5.72763838136e-06, 5.74798332309e-06, 6.29891064818e-06, 3.19861987919e-06, 2.76860237136e-06, 2.81245615952e-06, 1.95469237951e-06, 1.3343341152e-06, 1.10105872864e-06, 1.17446961667e-06, 1.03278728147e-06, 1.1045623296e-06, 7.30320323328e-07, 1.28703072733e-06, 1.80052825272e-06, 1.11440340334e-06, 6.64044023324e-07, 1.70780666053e-07],
        "dmean2": [0.00170474685729, 0.00314774713479, 0.00134847778827, 0.000615247408859, 0.000524489267264, 0.000440996082034, 0.00032410476706, 0.000197760673473, 0.000214109531953, 0.000182301868335, 0.00010079031199, 6.39916834189e-05, 5.64949550608e-05, 6.86468556523e-05, 2.6330617402e-05, 2.1901947548e-05, 1.82291587407e-05, 2.00959420908e-05, 2.02680530492e-05, 1.62079359143e-05, 1.31724964376e-05, 1.064533717e-05, 9.26265875023e-06, 9.08297261049e-06, 9.74960130407e-06, 4.82641053168e-06, 4.34420235251e-06, 4.38445249529e-06, 3.09955794364e-06, 2.11823908103e-06, 1.69230179381e-06, 1.64934249369e-06, 1.47687546814e-06, 1.62227559031e-06, 1.12435429855e-06, 1.93814571503e-06, 2.58600766756e-06, 1.66630809417e-06, 1.03516583749e-06, 2.72772979315e-07],
        "dvar": [3.21610309584e-06, 1.19444393931e-05, 4.26508677265e-06, 6.69522307817e-07, 6.29691044196e-07, 4.37388564478e-07, 2.76401664223e-07, 1.70661351717e-07, 1.69084145796e-07, 1.20235782219e-07, 3.96299064676e-08, 2.78631322459e-08, 1.676508532e-08, 2.32685533064e-08, 2.06588368634e-09, 2.27451657508e-09, 9.49325951183e-10, 1.68109115517e-09, 1.10565345768e-09, 1.11097775424e-09, 6.56958432099e-10, 5.04249531019e-10, 2.5839036466e-10, 1.76982553612e-10, 2.44385484072e-10, 7.00014143873e-11, 3.84284097599e-11, 6.43911104992e-11, 2.73374760329e-11, 1.0913520955e-11, 8.5282995943e-12, 1.71030620222e-11, 1.53812726444e-11, 1.43621971954e-11, 5.22057050367e-12, 2.8221066109e-11, 5.21024785816e-11, 2.2914139336e-11, 8.69686614391e-12, 4.69487513102e-13],
        "dvar2": [9.56489930104e-06, 3.37646451953e-05, 9.91467459244e-06, 1.75354057319e-06, 1.52349502969e-06, 8.8236282636e-07, 7.04184230926e-07, 4.36046065033e-07, 3.83979681828e-07, 2.81476900454e-07, 7.97375747652e-08, 4.62216824815e-08, 3.39211396749e-08, 4.17613819081e-08, 4.95749485907e-09, 4.14979695051e-09, 1.90209092921e-09, 4.59299887012e-09, 2.37993402763e-09, 2.40784214789e-09, 1.70295999524e-09, 1.21029530842e-09, 6.7703825879e-10, 4.23489104895e-10, 5.42523026503e-10, 1.63305674539e-10, 8.97448226844e-11, 1.41795297726e-10, 7.18971340796e-11, 2.64345212386e-11, 1.91551826484e-11, 3.30716357078e-11, 2.5779722107e-11, 2.58567108696e-11, 1.04666848105e-11, 5.13148620818e-11, 1.04179699589e-10, 5.16781756277e-11, 2.05805580911e-11, 1.14114436216e-12],
        "max": [0.0201664399356, 0.035753339529, 0.0290423836559, 0.0122857447714, 0.0113133145496, 0.00946030206978, 0.00621799426153, 0.00752166565508, 0.00530474400148, 0.00529302004725, 0.00282131740823, 0.00262367352843, 0.00317651988007, 0.00484208995476, 0.000886210880708, 0.00107595964801, 0.000606581219472, 0.000862194225192, 0.000508589670062, 0.000751752173528, 0.000454771041404, 0.000382561702281, 0.000230201141676, 0.000175797977136, 0.000279833475361, 0.000165116056451, 8.84798937477e-05, 0.000131679145852, 7.64990472817e-05, 5.22754780832e-05, 5.54122962058e-05, 0.000129418855067, 0.00012925354531, 0.000109176966362, 4.9349382607e-05, 0.000120574091852, 0.000129283565911, 8.04122319096e-05, 4.75045271742e-05, 1.33412322612e-05],
        "mean": [0.00340035464615, 0.00555480550975, 0.00129711604677, 0.000679019431118, 0.000650676432997, 0.000587907037698, 0.000350277929101, 0.000185844124644, 0.000226642892812, 0.000184572025319, 0.000122385230497, 6.52792441542e-05, 7.07417202648e-05, 0.000115619899589, 2.63027941401e-05, 2.45751489274e-05, 1.86232318811e-05, 1.78214759217e-05, 2.222020521e-05, 1.54287099576e-05, 1.32639379444e-05, 1.07426822069e-05, 8.97013160284e-06, 1.01366831586e-05, 1.14911554192e-05, 5.57729754291e-06, 4.95448239235e-06, 4.74337502965e-06, 3.09955544253e-06, 2.24505470214e-06, 1.76663218099e-06, 1.67555731423e-06, 1.59594696925e-06, 1.61005334576e-06, 1.08739004645e-06, 2.16239550355e-06, 2.65921084974e-06, 1.62094568168e-06, 9.54481492954e-07, 2.03689069167e-07],
        "median": [0.00281712133437, 0.00546291330829, 0.000620341510512, 0.000236872700043, 0.000171910971403, 0.000128035128, 8.41889923322e-05, 3.89082306356e-05, 3.96353789256e-05, 2.44054026552e-05, 1.18194802781e-05, 1.25553642647e-05, 1.42836179293e-05, 1.4654635379e-05, 6.09175685895e-06, 6.01359715802e-06, 6.25862321613e-06, 3.89466868e-06, 5.19265722687e-06, 2.60232036453e-06, 3.48627690983e-06, 2.84928546535e-06, 2.45905812335e-06, 2.30802584156e-06, 2.17286969928e-06, 1.40057784392e-06, 1.15483896934e-06, 9.73273358795e-07, 7.86335647263e-07, 5.84579424867e-07, 4.14309027974e-07, 2.562607051e-07, 2.5247570079e-07, 2.26527134828e-07, 1.69528107108e-07, 2.65905214292e-07, 2.16656147245e-07, 1.16805928485e-07, 6.80208671611e-08, 1.43244234252e-08],
        "min": [2.14782953561e-23, 2.6479277487e-23, 1.74287031427e-23, 1.40393638411e-23, 7.89755867918e-24, 8.9446697678e-24, 1.64178804445e-23, 9.67865198643e-24, 4.27937280117e-24, 1.4323574648e-23, 1.42326379183e-23, 3.86889652331e-24, 3.11402822614e-24, 7.16927834718e-24, 6.54244276657e-24, 1.12343361786e-23, 9.65525516084e-24, 1.34887925718e-23, 8.86852812437e-24, 9.13245021768e-24, 1.20961320077e-23, 1.14945253821e-23, 1.27522315669e-23, 1.1790413697e-23, 1.34369612549e-23, 1.14279944311e-23, 1.78334313855e-23, 8.76732042567e-24, 1.19028563528e-23, 1.30186622379e-23, 6.22742260255e-24, 1.0628782882e-23, 8.98970820347e-24, 8.9689785166e-24, 1.16618254252e-23, 8.18920844445e-24, 1.15481750234e-23, 1.31149024794e-23, 1.33337561604e-23, 8.35434227546e-24],
        "var": [1.22633773572e-05, 3.188073606e-05, 5.21865831615e-06, 1.13551652703e-06, 1.77534070644e-06, 1.25982114696e-06, 5.00903695411e-07, 2.00082794777e-07, 3.31049562874e-07, 2.119745659e-07, 1.05069652534e-07, 5.38397202376e-08, 5.12252107399e-08, 1.89027062447e-07, 3.80684417323e-09, 6.3850662535e-09, 2.07571249078e-09, 1.8257358958e-09, 2.5095507894e-09, 2.09743999946e-09, 1.22821020021e-09, 7.40378591768e-10, 3.67699232173e-10, 3.93756999229e-10, 7.020504178e-10, 1.51524265357e-10, 8.83560030696e-11, 1.05791181371e-10, 3.67907787568e-11, 2.02707902547e-11, 1.67158179659e-11, 3.1202755657e-11, 3.10085325472e-11, 2.88402340204e-11, 9.76344179116e-12, 7.39248662285e-11, 1.18680953953e-10, 4.45872540278e-11, 1.358884099e-11, 5.97865615522e-13]
    },
    "mfcc": {
        "mean": [-726.387695312, 141.439178467, 22.3448467255, 30.672492981, 7.56019878387, 6.00137901306, 2.6942486763, 6.49571609497, -6.00387954712, 3.45515990257, -4.95078420639, 4.75834512711, -1.73914515972],
        "cov": [[21757.4550781, -827.255493164, -1815.6081543, 852.848937988, 64.1072158813, 760.22277832, 248.35887146, 941.301147461, 582.737182617, 1205.09655762, 420.570770264, 583.22668457, 53.8703536987], [-827.255493164, 1550.92785645, -221.863464355, -117.662345886, -73.3192367554, -133.405517578, 16.6327190399, -0.215038657188, -93.2988357544, -80.0403900146, -17.0221710205, -22.2114276886, -2.01358962059], [-1815.6081543, -221.863464355, 705.891418457, -115.96723938, 15.2700767517, -24.3595256805, -57.5399780273, -138.038299561, -64.046295166, -146.765029907, -34.5028076172, -45.7879447937, -9.62609577179], [852.848937988, -117.662345886, -115.96723938, 339.180541992, 64.8632736206, 94.4401016235, 41.3633117676, 38.3324356079, 56.7221183777, 62.0138626099, 17.6558532715, 12.6774339676, 25.9946727753], [64.1072158813, -73.3192367554, 15.2700767517, 64.8632736206, 157.031448364, 45.562286377, 21.6251087189, 11.5231790543, 27.2881259918, 31.6217803955, 8.14558124542, -4.78980112076, 2.48352742195], [760.22277832, -133.405517578, -24.3595256805, 94.4401016235, 45.562286377, 246.158355713, 90.0593261719, 95.1395492554, 85.3266296387, 79.8080291748, 66.5902938843, 47.9722824097, 30.2897930145], [248.35887146, 16.6327190399, -57.5399780273, 41.3633117676, 21.6251087189, 90.0593261719, 165.143951416, 75.7705535889, 25.9102687836, 41.41614151, 11.0227842331, 14.8811912537, 8.70038795471], [941.301147461, -0.215038657188, -138.038299561, 38.3324356079, 11.5231790543, 95.1395492554, 75.7705535889, 177.683135986, 94.5197525024, 99.0202560425, 43.5985145569, 55.7710266113, 31.2081756592], [582.737182617, -93.2988357544, -64.046295166, 56.7221183777, 27.2881259918, 85.3266296387, 25.9102687836, 94.5197525024, 179.352935791, 94.1501541138, 59.7628746033, 36.3828849792, 44.2748031616], [1205.09655762, -80.0403900146, -146.765029907, 62.0138626099, 31.6217803955, 79.8080291748, 41.41614151, 99.0202560425, 94.1501541138, 183.026046753, 65.2283859253, 53.2978630066, 11.8878145218], [420.570770264, -17.0221710205, -34.5028076172, 17.6558532715, 8.14558124542, 66.5902938843, 11.0227842331, 43.5985145569, 59.7628746033, 65.2283859253, 122.280097961, 64.3138504028, 55.1513328552], [583.22668457, -22.2114276886, -45.7879447937, 12.6774339676, -4.78980112076, 47.9722824097, 14.8811912537, 55.7710266113, 36.3828849792, 53.2978630066, 64.3138504028, 107.538383484, 46.355014801], [53.8703536987, -2.01358962059, -9.62609577179, 25.9946727753, 2.48352742195, 30.2897930145, 8.70038795471, 31.2081756592, 44.2748031616, 11.8878145218, 55.1513328552, 46.355014801, 114.712234497]],
