{
"lowlevel": {
    "average_loudness": 0.942829549313,
    "barkbands_crest": {
        "dmean": 2.0723361969,
        "dmean2": 3.26844549179,
        "dvar": 5.88855886459,
        "dvar2": 13.3107433319,
        "max": 25.4119815826,
        "mean": 16.3362503052,
        "median": 17.0613803864,
        "min": 3.01802897453,
        "var": 29.7422084808
    },
    "barkbands_flatness_db": {
        "dmean": 0.0320209898055,
        "dmean2": 0.0448540300131,
        "dvar": 0.00144443963654,
        "dvar2": 0.00268796365708,
        "max": 0.571456849575,
        "mean": 0.269299328327,
        "median": 0.269737035036,
        "min": 0.0371594019234,
        "var": 0.00997994933277
    },
    "barkbands_kurtosis": {
        "dmean": 14.6215543747,
        "dmean2": 22.6771240234,
        "dvar": 470.873687744,
        "dvar2": 1004.11468506,
        "max": 247.115921021,
        "mean": 30.3380088806,
        "median": 18.6544132233,
        "min": -1.81750011444,
        "var": 1270.80700684
    },
    "barkbands_skewness": {
        "dmean": 1.09725439548,
        "dmean2": 1.66130578518,
        "dvar": 1.56584131718,
        "dvar2": 3.30648589134,
        "max": 14.0549440384,
        "mean": 3.84578990936,
        "median": 3.76597690582,
        "min": -4.74668312073,
        "var": 6.16472816467
    },
    "barkbands_spread": {
        "dmean": 4.67354202271,
        "dmean2": 7.41519832611,
        "dvar": 83.3206481934,
        "dvar2": 205.221282959,
        "max": 91.637878418,
        "mean": 10.4180135727,
        "median": 5.20593357086,
        "min": 0.247573778033,
        "var": 141.865753174
    },
    "dissonance": {
        "dmean": 0.0263474527746,
        "dmean2": 0.0445007383823,
        "dvar": 0.00068479788024,
        "dvar2": 0.00183589826338,
        "max": 0.499015271664,
        "mean": 0.444121479988,
        "median": 0.454364418983,
        "min": 0.244127765298,
        "var": 0.00162868283223
    },
    "dynamic_complexity": 4.62070941925,
    "erbbands_crest": {
        "dmean": 2.5313308239,
        "dmean2": 4.06317281723,
        "dvar": 6.45165872574,
        "dvar2": 15.640042305,
        "max": 27.3957290649,
        "mean": 10.7528610229,
        "median": 9.78265285492,
        "min": 2.97321128845,
        "var": 18.6880302429
    },
    "erbbands_flatness_db": {
        "dmean": 0.0226731356233,
        "dmean2": 0.0320909693837,
        "dvar": 0.000659872544929,
        "dvar2": 0.00130219489802,
        "max": 0.385975092649,
        "mean": 0.200127154589,
        "median": 0.200191870332,
        "min": 0.0457040555775,
        "var": 0.00337997940369
    },
    "erbbands_kurtosis": {
        "dmean": 2.35765457153,
        "dmean2": 3.92857956886,
        "dvar": 24.3815059662,
        "dvar2": 61.5618591309,
        "max": 67.1354446411,
        "mean": 2.55145382881,
        "median": 0.187880039215,
        "min": -1.8321236372,
        "var": 47.4192352295
    },
    "erbbands_skewness": {
        "dmean": 0.586021125317,
        "dmean2": 0.902850925922,
        "dvar": 0.474079787731,
        "dvar2": 1.00253164768,
        "max": 6.20238637924,
        "mean": 0.739415049553,
        "median": 0.490405529737,
        "min": -4.4867272377,
        "var": 2.05264759064
    },
    "erbbands_spread": {
        "dmean": 10.1582479477,
        "dmean2": 16.0936832428,
        "dvar": 168.697906494,
        "dvar2": 400.948364258,
        "max": 162.902236938,
        "mean": 38.6794509888,
        "median": 36.7004013062,
        "min": 2.26954770088,
        "var": 525.864318848
    },
    "hfc": {
        "dmean": 4.30858945847,
        "dmean2": 6.90673542023,
        "dvar": 69.648109436,
        "dvar2": 178.9634552,
        "max": 93.4467926025,
        "mean": 10.4939126968,
        "median": 7.54744434357,
        "min": 1.12616577288e-16,
        "var": 120.251602173
    },
    "melbands_crest": {
        "dmean": 2.16836071014,
        "dmean2": 3.50462532043,
        "dvar": 7.43642759323,
        "dvar2": 17.3754196167,
        "max": 34.3144989014,
        "mean": 18.6733818054,
        "median": 19.0124320984,
        "min": 1.66830480099,
        "var": 26.5190582275
    },
    "melbands_flatness_db": {
        "dmean": 0.0370197556913,
        "dmean2": 0.0518286265433,
        "dvar": 0.00224484107457,
        "dvar2": 0.00412581767887,
        "max": 0.713362932205,
        "mean": 0.364795446396,
        "median": 0.37250623107,
        "min": 0.00444499682635,
        "var": 0.0141305169091
    },
    "melbands_kurtosis": {
        "dmean": 24.0401477814,
        "dmean2": 36.7441520691,
        "dvar": 967.232971191,
        "dvar2": 2060.15454102,
        "max": 516.416381836,
        "mean": 57.5868797302,
        "median": 42.0849914551,
        "min": -1.73030567169,
        "var": 3707.6940918
    },
    "melbands_skewness": {
        "dmean": 1.21111834049,
        "dmean2": 1.83899760246,
        "dvar": 1.62617993355,
        "dvar2": 3.43852949142,
        "max": 17.7140674591,
        "mean": 5.11727714539,
        "median": 4.99241161346,
        "min": -1.25728356838,
        "var": 7.53172492981
    },
    "melbands_spread": {
        "dmean": 4.76556968689,
        "dmean2": 7.21221637726,
        "dvar": 190.469848633,
        "dvar2": 367.276306152,
        "max": 217.601409912,
        "mean": 10.3341903687,
        "median": 3.62927293777,
        "min": 0.27337256074,
        "var": 309.453887939
    },
    "pitch_salience": {
        "dmean": 0.0671763196588,
        "dmean2": 0.10449180752,
        "dvar": 0.0057803010568,
        "dvar2": 0.0133043555543,
        "max": 0.849825322628,
        "mean": 0.376805990934,
        "median": 0.374579519033,
        "min": 0.0694419741631,
        "var": 0.0199444424361
    },
    "silence_rate_20dB": {
        "dmean": 0,
        "dmean2": 0,
        "dvar": 0,
        "dvar2": 0,
        "max": 1,
        "mean": 1,
        "median": 1,
        "min": 1,
        "var": 0
    },
    "silence_rate_30dB": {
        "dmean": 0.0525502301753,
        "dmean2": 0.105181746185,
        "dvar": 0.0497888699174,
        "dvar2": 0.112679608166,
        "max": 1,
        "mean": 0.91969114542,
        "median": 1,
        "min": 0,
        "var": 0.0738586708903
    },
    "silence_rate_60dB": {
        "dmean": 0.0216383300722,
        "dmean2": 0.0433101318777,
        "dvar": 0.0211696997285,
        "dvar2": 0.0445283092558,
        "max": 1,
        "mean": 0.0872586891055,
        "median": 0,
        "min": 0,
        "var": 0.0796447321773
    },
    "spectral_centroid": {
        "dmean": 231.694503784,
        "dmean2": 349.10736084,
        "dvar": 246390.53125,
        "dvar2": 403908.1875,
        "max": 11451.0126953,
        "mean": 738.568969727,
        "median": 499.737091064,
        "min": 120.812431335,
        "var": 484537.8125
    },
    "spectral_complexity": {
        "dmean": 2.35239577293,
        "dmean2": 3.78963661194,
        "dvar": 12.925280571,
        "dvar2": 31.4422130585,
        "max": 37,
        "mean": 8.99845600128,
        "median": 7,
        "min": 0,
        "var": 43.1505737305
    },
    "spectral_decrease": {
        "dmean": 3.2828273433e-09,
        "dmean2": 5.65776803185e-09,
        "dvar": 4.99623773601e-17,
        "dvar2": 1.33502398064e-16,
        "max": -6.51607882731e-29,
        "mean": -1.0679952922e-08,
        "median": -6.92585633288e-09,
        "min": -5.53645662649e-08,
        "var": 1.03045654232e-16
    },
    "spectral_energy": {
        "dmean": 0.0127036347985,
        "dmean2": 0.0218753740191,
        "dvar": 0.000738734961487,
        "dvar2": 0.00197457242757,
        "max": 0.211539953947,
        "mean": 0.0412603728473,
        "median": 0.0273965038359,
        "min": 1.04605995356e-20,
        "var": 0.00151337322313
    },
    "spectral_energyband_high": {
        "dmean": 0.000178481830517,
        "dmean2": 0.000295453792205,
        "dvar": 4.63977187337e-07,
        "dvar2": 1.20947868254e-06,
        "max": 0.0123080927879,
        "mean": 0.000169910228578,
        "median": 1.79223916348e-05,
        "min": 8.01316031892e-21,
        "var": 3.77791536721e-07
    },
    "spectral_energyband_low": {
        "dmean": 0.00806849170476,
        "dmean2": 0.0130345197394,
        "dvar": 0.000341167964507,
        "dvar2": 0.000854181649629,
        "max": 0.195422858,
        "mean": 0.0308177471161,
        "median": 0.019020402804,
        "min": 6.88684089956e-23,
        "var": 0.00100193312392
    },
    "spectral_energyband_middle_high": {
        "dmean": 0.000828843738418,
        "dmean2": 0.0012087150244,
        "dvar": 3.78155027647e-06,
        "dvar2": 7.75780063123e-06,
        "max": 0.0387922786176,
        "mean": 0.00218427996151,
        "median": 0.000416668335674,
        "min": 1.41241513685e-21,
        "var": 1.5907928173e-05
    },
    "spectral_energyband_middle_low": {
        "dmean": 0.00754884816706,
        "dmean2": 0.0131387319416,
        "dvar": 0.000398800213588,
        "dvar2": 0.00113337626681,
        "max": 0.177510976791,
        "mean": 0.014651925303,
        "median": 0.00509076798335,
        "min": 2.93817466684e-22,
        "var": 0.000510433805175
    },
    "spectral_entropy": {
        "dmean": 0.281925737858,
        "dmean2": 0.415365278721,
        "dvar": 0.144752845168,
        "dvar2": 0.287557393312,
        "max": 9.80677700043,
        "mean": 6.65519666672,
        "median": 6.74989557266,
        "min": 4.05988073349,
        "var": 0.704991400242
    },
    "spectral_flux": {
        "dmean": 0.030075289309,
        "dmean2": 0.0479753166437,
        "dvar": 0.00289348815568,
        "dvar2": 0.00608414178714,
        "max": 0.414202928543,
        "mean": 0.0646836608648,
        "median": 0.0408246703446,
        "min": 1.02277075698e-10,
        "var": 0.00470331637189
    },
    "spectral_kurtosis": {
        "dmean": 5.48968648911,
        "dmean2": 9.29308700562,
        "dvar": 65.6737442017,
        "dvar2": 174.444442749,
        "max": 110.048919678,
        "mean": 12.5351934433,
        "median": 8.34928035736,
        "min": -1.18991446495,
        "var": 212.260925293
    },
    "spectral_rms": {
        "dmean": 0.000883889966644,
        "dmean2": 0.00145189941395,
        "dvar": 2.69962310995e-06,
        "dvar2": 6.75390947436e-06,
        "max": 0.014365946874,
        "mean": 0.00557902036235,
        "median": 0.00516994157806,
        "min": 3.19459909914e-12,
        "var": 9.12850464374e-06
    },
    "spectral_rolloff": {
        "dmean": 291.329833984,
        "dmean2": 495.446929932,
        "dvar": 1437184.875,
        "dvar2": 2997418,
        "max": 18626.2207031,
        "mean": 570.003356934,
        "median": 172.265625,
        "min": 86.1328125,
        "var": 1443074.25
    },
    "spectral_skewness": {
        "dmean": 0.511750519276,
        "dmean2": 0.831505596638,
        "dvar": 0.362282156944,
        "dvar2": 0.91232842207,
        "max": 8.61110973358,
        "mean": 2.38583993912,
        "median": 2.13003659248,
        "min": -0.1806935817,
        "var": 1.52710843086
    },
    "spectral_spread": {
        "dmean": 717456.875,
        "dmean2": 1033014.5625,
        "dvar": 1.80487376077e+12,
        "dvar2": 2.47559094272e+12,
        "max": 40722652,
        "mean": 3503983.25,
        "median": 3116912,
        "min": 746188.125,
        "var": 3.8330260521e+12
    },
    "spectral_strongpeak": {
        "dmean": 0.207966983318,
        "dmean2": 0.34956112504,
        "dvar": 0.17584939301,
        "dvar2": 0.476676166058,
        "max": 7.76025152206,
        "mean": 0.750578939915,
        "median": 0.580725669861,
        "min": 0,
        "var": 0.390576720238
    },
    "zerocrossingrate": {
        "dmean": 0.00818720087409,
        "dmean2": 0.00975882727653,
        "dvar": 0.000508105615154,
        "dvar2": 0.00054749433184,
        "max": 0.48779296875,
        "mean": 0.0256225112826,
        "median": 0.01513671875,
        "min": 0.00341796875,
        "var": 0.00100273627322
    },
    "barkbands": {
        "dmean": [1.37302113217e-05, 0.00276301545091, 0.00510082859546, 0.00324616627768, 0.00405723508447, 0.000418746582, 0.00057437364012, 0.000188654317753, 0.000197625457076, 0.000191099781659, 0.000124456128106, 0.000128510277136, 0.000133699082653, 0.000135933107231, 0.000116463503218, 0.000168193044374, 0.00010376447608, 0.00012054976105, 5.37793275726e-05, 3.53783907485e-05, 4.19774223701e-05, 2.71797016467e-05, 3.13939235639e-05, 2.49839249591e-05, 1.35557702379e-05, 2.87785733235e-05, 1.68853250671e-06],
        "dmean2": [2.41012821789e-05, 0.00445451121777, 0.0086217392236, 0.00522518903017, 0.00745655689389, 0.000698760442901, 0.000988113461062, 0.000329580449034, 0.000293907214655, 0.000276879931334, 0.00018873999943, 0.000193622487132, 0.00020244398911, 0.000204178984859, 0.000186219695024, 0.000267132680165, 0.000153852801304, 0.000180458140676, 8.69350187713e-05, 5.93215518165e-05, 7.34830828151e-05, 4.4923996029e-05, 5.30673678441e-05, 4.0088827518e-05, 2.26627234952e-05, 4.96890497743e-05, 2.90316575047e-06],
        "dvar": [5.39699451796e-10, 2.4719925932e-05, 0.000191854967852, 7.57248999435e-05, 0.000170207596966, 1.07701771412e-06, 2.57069496001e-06, 3.47851454308e-07, 4.88502394091e-07, 4.16908733314e-07, 1.23633299154e-07, 1.38574378639e-07, 2.16217259208e-07, 1.58756037649e-07, 1.35538968493e-07, 7.15275916718e-07, 9.95859323893e-08, 1.09378369473e-07, 2.04122159175e-08, 2.05817425325e-08, 8.44014635959e-08, 1.25777237514e-08, 4.17087591131e-08, 1.23098278237e-08, 2.29846475186e-09, 9.71775815373e-09, 4.39560540744e-11],
        "dvar2": [1.49306478292e-09, 6.35597461951e-05, 0.000505436502863, 0.000198373803869, 0.000490410719067, 2.89392369268e-06, 6.94354139341e-06, 9.49446643972e-07, 8.93287335657e-07, 8.31480349461e-07, 2.54565037494e-07, 2.91372032279e-07, 4.59531975139e-07, 2.77553340311e-07, 2.8822449849e-07, 1.78915877314e-06, 1.79242064746e-07, 2.24755780209e-07, 5.16975973142e-08, 5.21231697803e-08, 2.37215488141e-07, 2.85730656913e-08, 1.1700819158e-07, 2.86401302674e-08, 5.34390975915e-09, 2.48090312738e-08, 1.13735701412e-10],
        "max": [0.000289068499114, 0.0879660621285, 0.149516046047, 0.101424448192, 0.100469902158, 0.0090892566368, 0.0272304266691, 0.00616470584646, 0.0167965851724, 0.0119062960148, 0.00476319063455, 0.00643522106111, 0.010016117245, 0.00783658027649, 0.00677649816498, 0.0227237287909, 0.00681738741696, 0.0056818141602, 0.00184601556975, 0.00288004311733, 0.00669355364516, 0.00229276786558, 0.00468965666369, 0.00191669282503, 0.000669703644235, 0.001028104336, 9.00345330592e-05],
        "mean": [1.32524673973e-05, 0.0106570608914, 0.013611103408, 0.00891787, 0.00379795092158, 0.000534844526555, 0.000879924977198, 0.000207202683669, 0.000263351103058, 0.000395400915295, 0.000220786489081, 0.000230545701925, 0.000248941709287, 0.00025468232343, 0.000182120755198, 0.000247068237513, 0.000151739252033, 0.000186471181223, 7.01025419403e-05, 3.81767604267e-05, 3.89146334783e-05, 2.3649274226e-05, 2.90382267849e-05, 2.5088314942e-05, 1.30725748022e-05, 2.08677392948e-05, 1.21453206248e-06],
        "median": [6.36307186141e-06, 0.00364363892004, 0.00444772373885, 0.00157717068214, 0.000657983997371, 0.000227123367949, 0.000198385343538, 4.78267975268e-05, 3.4203461837e-05, 1.81850955414e-05, 2.38738048211e-05, 2.92892727884e-05, 3.00549963868e-05, 2.87471011688e-05, 2.21585669351e-05, 1.46989805216e-05, 2.09441168408e-05, 1.90400023712e-05, 1.31493088702e-05, 1.11548297355e-05, 4.35958008893e-06, 1.89621300706e-06, 1.73181285845e-06, 1.18624075185e-06, 5.30778550001e-07, 2.28148294923e-07, 8.59306226175e-09],
        "min": [3.830520018e-24, 3.09810826366e-23, 3.00655716908e-23, 1.97325824604e-23, 7.60780864874e-23, 3.42443856313e-23, 8.32412401185e-23, 3.02474041294e-23, 4.27067710852e-23, 8.28046781827e-23, 7.3984897718e-23, 9.37149905334e-23, 1.50659609174e-22, 5.63171397443e-23, 1.13649410945e-22, 2.00758196268e-22, 2.32868861457e-22, 1.35314447032e-22, 2.34012798122e-22, 2.89586774095e-22, 4.89475443697e-22, 5.76613751351e-22, 4.68907605844e-22, 1.01888537407e-21, 1.27281851301e-21, 1.77051204456e-21, 2.38854318963e-21],
        "var": [4.44765502206e-10, 0.000292465469101, 0.0004345975467, 0.000270170159638, 0.000110785418656, 9.95895447886e-07, 4.98229837831e-06, 2.80778493789e-07, 7.90849981058e-07, 1.62044955232e-06, 3.83382229074e-07, 3.32380636792e-07, 7.39519180115e-07, 4.34107420233e-07, 3.13723489853e-07, 9.49542595663e-07, 2.18106578131e-07, 2.7471136832e-07, 2.48569715922e-08, 1.69349636536e-08, 5.40372937508e-08, 1.33321798046e-08, 2.81734937602e-08, 1.47007588325e-08, 2.54563747859e-09, 7.19436066277e-09, 3.15595986844e-11]
    },
    "erbbands": {
        "dmean": [0.0427581146359, 0.779365301132, 4.55798387527, 9.51514911652, 12.3169593811, 12.9986763, 7.71964645386, 3.3347659111, 7.81858825684, 6.63914966583, 3.83961772919, 3.80419993401, 4.84676647186, 6.10970878601, 3.80091094971, 5.05719137192, 6.01535320282, 6.29268503189, 5.6562833786, 6.43235063553, 9.24307537079, 6.10408639908, 5.58139705658, 5.06846618652, 1.98601043224, 1.61875593662, 2.36488223076, 1.00847172737, 0.918269276619, 0.986029565334, 0.825617671013, 0.660066068172, 0.349845856428, 0.181909158826, 0.0861289724708, 0.100960552692, 0.0602032802999, 0.00882182084024, 0.000230797042605, 1.85728094948e-05],
        "dmean2": [0.0685238093138, 1.26316201687, 7.83507633209, 15.3349285126, 21.9004669189, 24.3533668518, 13.9398880005, 5.59949970245, 13.5962209702, 11.3226051331, 5.96666002274, 5.7171754837, 7.3373708725, 8.60858726501, 5.40178442001, 7.76097393036, 9.0997095108, 9.58297729492, 8.74070453644, 10.259552002, 14.1830425262, 8.70381832123, 8.11234283447, 7.77326917648, 3.19070053101, 2.72202062607, 4.20675420761, 1.66043567657, 1.50396549702, 1.6759698391, 1.39494550228, 1.10108411312, 0.545703530312, 0.303552687168, 0.144121393561, 0.173628985882, 0.104793056846, 0.0151087446138, 0.000394241302274, 3.03973865812e-05],
        "dvar": [0.00419918587431, 2.17844963074, 146.554626465, 614.829467773, 1624.47045898, 2082.55419922, 687.78314209, 71.4400024414, 604.838806152, 275.361663818, 142.209762573, 161.843948364, 263.916320801, 294.291595459, 149.103363037, 209.328262329, 491.966827393, 411.868286133, 351.550292969, 346.164215088, 2902.70556641, 306.557006836, 222.543151855, 259.889709473, 27.6566505432, 56.9493331909, 367.375518799, 16.4308376312, 14.5865354538, 30.9974136353, 24.3512134552, 10.1511602402, 2.80511498451, 0.5746986866, 0.0739885121584, 0.11352904886, 0.0428542047739, 0.00108622421976, 7.39569372854e-07, 1.50252776887e-09],
        "dvar2": [0.0103549603373, 5.61827707291, 393.44833374, 1563.81298828, 4670.70019531, 6047.41992188, 1966.17822266, 196.214950562, 1646.42480469, 756.026855469, 294.435913086, 324.59463501, 598.06427002, 629.812744141, 267.78213501, 495.178222656, 1021.31750488, 754.148132324, 676.253356934, 770.366699219, 7262.35791016, 546.815185547, 428.101837158, 576.887390137, 74.7442855835, 144.341461182, 1041.05053711, 41.7252883911, 34.2390899658, 81.0393981934, 67.6792144775, 26.2480792999, 6.20424079895, 1.35606944561, 0.173615440726, 0.287668704987, 0.110241882503, 0.00274058477953, 1.87479611213e-06, 3.71963460033e-09],
        "max": [1.17885041237, 23.6489276886, 124.405937195, 274.973968506, 435.952636719, 363.338104248, 204.704589844, 75.1877593994, 444.357940674, 170.173049927, 338.395751953, 258.772033691, 312.026519775, 273.327819824, 253.699539185, 222.713989258, 456.233795166, 444.438598633, 472.103179932, 347.713470459, 1532.76049805, 371.486968994, 257.612579346, 357.435577393, 64.9461746216, 152.941665649, 466.228607178, 65.722869873, 73.1306762695, 113.308197021, 111.308364868, 54.3222045898, 33.4148902893, 12.3126840591, 2.76013088226, 2.9923491478, 2.12675952911, 0.437200397253, 0.0112971663475, 0.000299027131405],
        "mean": [0.167622044683, 2.98077821732, 11.5766201019, 30.9034843445, 16.677822113, 11.72336483, 8.52247333527, 4.24601697922, 11.9186792374, 8.62999629974, 5.00687885284, 5.06923294067, 9.81535243988, 12.345656395, 7.48811769485, 9.48418807983, 11.80772686, 11.2608451843, 10.9820184708, 10.6044387817, 13.3957509995, 9.46831130981, 9.18146324158, 6.93724346161, 2.83207583427, 1.66844010353, 2.06476330757, 0.983247637749, 0.819108664989, 0.868402898312, 0.789624333382, 0.624181866646, 0.355243623257, 0.183868587017, 0.0755673348904, 0.0757946968079, 0.0426461547613, 0.00646351790056, 0.000184795528185, 5.01431313751e-05],
        "median": [0.0675829797983, 1.27542150021, 5.64745473862, 9.37944793701, 2.63307023048, 2.39377093315, 1.69803547859, 2.07229995728, 3.0671710968, 2.45916700363, 1.26291310787, 0.780213534832, 0.728292226791, 1.30709350109, 0.624802947044, 1.37703490257, 1.59713196754, 1.32180023193, 1.31249439716, 1.06371116638, 1.06152510643, 1.2991194725, 1.04692804813, 0.865144789219, 0.929910480976, 0.452953487635, 0.20417805016, 0.12191607058, 0.0749611184001, 0.0484144575894, 0.0511617176235, 0.0327321849763, 0.016473820433, 0.00823717471212, 0.00268033728935, 0.00123510020785, 0.000349921581801, 4.90000347781e-05, 2.14904994209e-05, 3.51118469553e-05],
        "min": [2.59294414361e-22, 8.98479542387e-21, 3.33265931231e-20, 5.05135450955e-20, 1.56687588934e-19, 2.18190755148e-19, 3.83843521431e-19, 2.85495598158e-19, 8.731637896e-19, 1.2484390899e-18, 5.52052482602e-19, 1.13189006538e-18, 1.85010648603e-18, 3.30687680347e-18, 2.3249096052e-18, 4.56441239857e-18, 7.0298233871e-18, 4.09177008195e-18, 4.19033237425e-18, 5.98730946313e-18, 1.35724679991e-17, 1.54816678545e-17, 6.80721833092e-18, 1.10805905397e-17, 9.54385026178e-18, 1.13812988165e-17, 2.10625594944e-17, 1.93196717458e-17, 2.15482005408e-17, 1.58863676236e-17, 1.50661303651e-17, 1.71486535101e-17, 1.72585163303e-17, 1.27794995767e-17, 1.02592250068e-17, 7.00169676473e-18, 2.97864967525e-18, 1.4939552913e-18, 2.8895101592e-19, 3.60316449783e-20],
        "var": [0.0534946098924, 20.7385978699, 245.626251221, 2048.54785156, 1474.85644531, 1212.33776855, 455.112945557, 58.64402771, 1121.77880859, 287.749786377, 220.265075684, 245.975692749, 891.256774902, 947.083374023, 418.974517822, 532.573425293, 1630.70458984, 927.725097656, 973.465454102, 747.468017578, 3373.01660156, 723.950744629, 597.510742188, 417.795654297, 30.9196796417, 45.5274200439, 223.004760742, 14.4972486496, 14.8342571259, 24.8035812378, 17.1967887878, 8.86612796783, 3.68627309799, 0.67583912611, 0.0711362361908, 0.0861037001014, 0.0311260242015, 0.00081677059643, 5.51751611511e-07, 2.38043362799e-09]
    },
    "gfcc": {
        "mean": [-96.7620391846, 137.755401611, -89.0046310425, 44.9439926147, -28.5878944397, 8.89012336731, -30.9717597961, 3.72065186501, -17.4925994873, -5.23539113998, -8.40521717072, -9.54442024231, -13.4310445786],
        "cov": [[10166.8056641, -1354.95629883, -820.17755127, -241.735153198, -275.434417725, 257.812042236, -552.972351074, 484.989959717, -345.302734375, 67.4571456909, -320.190338135, 450.426727295, -53.7382926941], [-1354.95629883, 1690.73083496, 152.386367798, -198.898269653, 408.72454834, -234.478286743, 245.008331299, -231.698287964, 254.42817688, -218.572952271, 142.195114136, -299.8331604, 166.948730469], [-820.17755127, 152.386367798, 1325.55834961, 253.424621582, 79.5205307007, -207.327255249, 7.11267662048, -138.515640259, 25.7109889984, -1.745013237, -43.2949180603, -75.206741333, -110.240531921], [-241.735153198, -198.898269653, 253.424621582, 521.660339355, -36.8076438904, -93.2025604248, -44.9927597046, -36.1346855164, 2.30852484703, -7.18163967133, 58.164226532, -44.213432312, -55.0672988892], [-275.434417725, 408.72454834, 79.5205307007, -36.8076438904, 354.525115967, -33.1851158142, 38.8061408997, -66.8241500854, 63.2348899841, -80.8703536987, 5.98226833344, -47.5451202393, 52.387588501], [257.812042236, -234.478286743, -207.327255249, -93.2025604248, -33.1851158142, 364.1590271, 48.4407310486, 3.84845805168, 9.4164018631, 50.4309005737, 34.9182624817, 71.4728164673, 20.2693481445], [-552.972351074, 245.008331299, 7.11267662048, -44.9927597046, 38.8061408997, 48.4407310486, 222.271621704, 3.72091221809, 52.9485778809, 12.3171167374, 73.7255630493, -18.7772350311, 25.4680728912], [484.989959717, -231.698287964, -138.515640259, -36.1346855164, -66.8241500854, 3.84845805168, 3.72091221809, 357.171295166, 76.5676193237, 50.6543121338, 31.7255935669, 104.347671509, 9.05632209778], [-345.302734375, 254.42817688, 25.7109889984, 2.30852484703, 63.2348899841, 9.4164018631, 52.9485778809, 76.5676193237, 247.078704834, 55.0945510864, 96.2558517456, -11.2251825333, 85.278427124], [67.4571456909, -218.572952271, -1.745013237, -7.18163967133, -80.8703536987, 50.4309005737, 12.3171167374, 50.6543121338, 55.0945510864, 222.949447632, 47.8631134033, 68.6100692749, -7.06290388107], [-320.190338135, 142.195114136, -43.2949180603, 58.164226532, 5.98226833344, 34.9182624817, 73.7255630493, 31.7255935669, 96.2558517456, 47.8631134033, 173.867202759, 17.3958244324, 26.9348640442], [450.426727295, -299.8331604, -75.206741333, -44.213432312, -47.5451202393, 71.4728164673, -18.7772350311, 104.347671509, -11.2251825333, 68.6100692749, 17.3958244324, 181.774688721, 19.4785137177], [-53.7382926941, 166.948730469, -110.240531921, -55.0672988892, 52.387588501, 20.2693481445, 25.4680728912, 9.05632209778, 85.278427124, -7.06290388107, 26.9348640442, 19.4785137177, 162.117706299]],
        "icov": [[0.000155779969646, -0.000215695385123, 6.12898656982e-05, -0.000132115892484, 6.19845814072e-05, -0.000241838060902, 0.000426107319072, -0.000289262243314, 0.000286825088551, -0.000170365878148, 0.000358938239515, -0.000385797960917, 5.84052686463e-05], [-0.000215695385123, 0.00467596808448, -0.000307843205519, 0.00296694855206, -0.00189484353177, 0.0031852722168, -0.00286964699626, 0.00245912792161, -0.00311092776246, 0.00320159527473, -0.00446783099324, 0.00458329869434, -0.00159331294708], [6.12898656982e-05, -0.000307843205519, 0.00113168917596, -0.000665541621856, -6.89221487846e-05, 0.000299949781038, -0.00015589328541, 0.0003588309919, -0.000556379789487, -0.000306803995045, 0.00112457585055, -0.00085165159544, 0.00106482161209], [-0.000132115892484, 0.00296694855206, -0.000665541621856, 0.00447775004432, -0.000829883327242, 0.00232741725631, -0.000884032633621, 0.00159720680676, -0.00173389457632, 0.00228572241031, -0.00460263155401, 0.00343393185176, -0.000640145328362], [6.19845814072e-05, -0.00189484353177, -6.89221487846e-05, -0.000829883327242, 0.00451455591246, -0.0010110817384, 0.000705376325641, -0.000150500549353, -0.00011991730571, 0.000227817712585, 0.00187722081318, -0.002068212023, 0.000217862150748], [-0.000241838060902, 0.0031852722168, 0.000299949781038, 0.00232741725631, -0.0010110817384, 0.00583206582814, -0.00298074446619, 0.00266526709311, -0.00274653965607, 0.0020081163384, -0.00321567547508, 0.00158961466514, -0.000573382596485], [0.000426107319072, -0.00286964699626, -0.00015589328541, -0.000884032633621, 0.000705376325641, -0.00298074446619, 0.00841407012194, -0.00235401233658, 0.00274465978146, -0.0021711057052, 1.16157934826e-05, -0.00153488677461, 0.000288668787107], [-0.000289262243314, 0.00245912792161, 0.0003588309919, 0.00159720680676, -0.000150500549353, 0.00266526709311, -0.00235401233658, 0.00598260993138, -0.00449100229889, 0.00235516321845, -0.00183695286978, -0.000524862669408, 0.000742505013477], [0.000286825088551, -0.00311092776246, -0.000556379789487, -0.00173389457632, -0.00011991730571, -0.00274653965607, 0.00274465978146, -0.00449100229889, 0.0111455377191, -0.00454479083419, -0.00068582536187, 0.000254460406723, -0.00344423414208], [-0.000170365878148, 0.00320159527473, -0.000306803995045, 0.00228572241031, 0.000227817712585, 0.0020081163384, -0.0021711057052, 0.00235516321845, -0.00454479083419, 0.00871650036424, -0.00369782652706, 0.000564525194932, 0.000416095164837], [0.000358938239515, -0.00446783099324, 0.00112457585055, -0.00460263155401, 0.00187722081318, -0.00321567547508, 1.16157934826e-05, -0.00183695286978, -0.00068582536187, -0.00369782652706, 0.0144656384364, -0.00638830894604, 0.00238133803941], [-0.000385797960917, 0.00458329869434, -0.00085165159544, 0.00343393185176, -0.002068212023, 0.00158961466514, -0.00153488677461, -0.000524862669408, 0.000254460406723, 0.000564525194932, -0.00638830894604, 0.0143509628251, -0.00429259147495], [5.84052686463e-05, -0.00159331294708, 0.00106482161209, -0.000640145328362, 0.000217862150748, -0.000573382596485, 0.000288668787107, 0.000742505013477, -0.00344423414208, 0.000416095164837, 0.00238133803941, -0.00429259147495, 0.0101996148005]]
    },
    "melbands": {
        "dmean": [0.000584655674174, 0.00188172876369, 0.00162543298211, 0.000939827237744, 0.000347785680788, 7.48552556615e-05, 0.000122040844872, 6.6182386945e-05, 3.42506427842e-05, 2.36538126046e-05, 2.55308768828e-05, 2.66964525508e-05, 1.3069941815e-05, 1.20494114526e-05, 1.80516290129e-05, 1.07848172775e-05, 1.24583839352e-05, 9.82326491794e-06, 9.79436754278e-06, 9.80044569587e-06, 1.09366710603e-05, 6.4562850639e-06, 5.63613912163e-06, 5.800055078e-06, 4.30693853559e-06, 1.66451775385e-06, 1.19066987736e-06, 1.0811845641e-06, 1.64545554071e-06, 9.7770305274e-07, 5.08018445089e-07, 5.34139815045e-07, 5.12188819357e-07, 5.88524301293e-07, 4.64864513106e-07, 4.84741178752e-07, 3.78512510224e-07, 2.61737000073e-07, 1.95788061319e-07, 1.43585523915e-07],
        "dmean2": [0.000925174274016, 0.00319323060103, 0.00269071036018, 0.00172485224903, 0.000639350386336, 0.000125186998048, 0.000211025384488, 0.000113553243864, 5.15588471899e-05, 3.55245974788e-05, 3.85725434171e-05, 3.75728704967e-05, 1.91649360204e-05, 1.72882282641e-05, 2.83411191049e-05, 1.59973369591e-05, 1.87035511772e-05, 1.52267739395e-05, 1.53039945872e-05, 1.58245984494e-05, 1.72381733137e-05, 9.35223215492e-06, 8.60865748109e-06, 8.69416089699e-06, 6.67007816446e-06, 2.72816168945e-06, 1.95241068468e-06, 1.82325766218e-06, 2.93249377137e-06, 1.6412561763e-06, 8.42847043714e-07, 8.84020948888e-07, 8.61573937527e-07, 1.01987814105e-06, 7.83314646924e-07, 8.20812829261e-07, 6.2938551082e-07, 4.07865456964e-07, 3.30190687237e-07, 2.34247906405e-07],
        "dvar": [9.3768142051e-07, 2.15085765376e-05, 1.83486954484e-05, 8.99328006199e-06, 1.60181252795e-06, 3.5204152482e-08, 1.31458577357e-07, 2.96692803659e-08, 1.47816363594e-08, 5.79579140236e-09, 7.61663798698e-09, 5.95408877757e-09, 1.49221357493e-09, 1.53734514008e-09, 3.09789105479e-09, 1.3835644852e-09, 1.67338820578e-09, 1.10795495001e-09, 9.51913103897e-10, 1.18567011764e-09, 4.75153738577e-09, 3.53447382473e-10, 3.25880850083e-10, 2.79582107465e-10, 2.06407307912e-10, 1.938565454e-11, 1.08916565003e-11, 2.83821108976e-11, 1.96799146424e-10, 2.77089289014e-11, 4.02248850548e-12, 5.17925719673e-12, 4.79555414476e-12, 1.37202861919e-11, 6.84605800869e-12, 9.6800891955e-12, 3.12700755047e-12, 1.67248821129e-12, 8.43357230839e-13, 3.32443789294e-13],
        "dvar2": [2.3267089091e-06, 5.6620920077e-05, 4.90893326059e-05, 2.59868593275e-05, 4.62177695226e-06, 9.56343981784e-08, 3.5714532487e-07, 8.16454743813e-08, 2.73530762485e-08, 1.16783178683e-08, 1.68791878252e-08, 1.23020837961e-08, 2.81643264266e-09, 3.14025383474e-09, 7.65372121236e-09, 2.86399659544e-09, 3.24899684934e-09, 2.15392148561e-09, 1.85248649753e-09, 3.07134806476e-09, 1.19236629459e-08, 6.50825060511e-10, 6.29511887063e-10, 5.61561297463e-10, 4.66837790647e-10, 5.21033736989e-11, 2.94607983842e-11, 7.20822221356e-11, 5.58575241616e-10, 7.43736669473e-11, 9.91380588733e-12, 1.21825145458e-11, 1.10243723872e-11, 3.72265239468e-11, 1.86483484904e-11, 2.73087455427e-11, 7.81413649065e-12, 3.65474317476e-12, 2.09316635205e-12, 7.70420836502e-13],
        "max": [0.0188289657235, 0.050637062639, 0.0396863333881, 0.0267880745232, 0.010379745625, 0.00190045009367, 0.0064490865916, 0.00177157658618, 0.00375990266912, 0.00140388298314, 0.00166710885242, 0.00120651209727, 0.000647379027214, 0.000795111060143, 0.00118868029676, 0.000802319089416, 0.000871326657943, 0.000805928721093, 0.000679607852362, 0.000529917189851, 0.00191613426432, 0.000399206182919, 0.000388049258618, 0.000324598804582, 0.000312431657221, 4.92671460961e-05, 4.50468469353e-05, 0.000104499951703, 0.000348985427991, 9.01135572349e-05, 3.06916917907e-05, 4.3675510824e-05, 4.80754715682e-05, 8.04134979262e-05, 5.72188546357e-05, 6.96977367625e-05, 3.55234624294e-05, 2.84299421764e-05, 1.99829883059e-05, 9.85476708593e-06],
        "mean": [0.00239749485627, 0.00571783352643, 0.00483594182879, 0.000926884706132, 0.00035956146894, 9.48871092987e-05, 0.000188568796148, 8.26993273222e-05, 4.36190966866e-05, 3.12335250783e-05, 5.21714209754e-05, 5.39326720173e-05, 2.49136428465e-05, 2.19926041609e-05, 3.59907317034e-05, 1.94903277588e-05, 2.11540500459e-05, 1.83503780136e-05, 1.49662664626e-05, 1.47690516314e-05, 1.53126547957e-05, 9.21157698031e-06, 8.79665367393e-06, 8.8014994617e-06, 5.37594587513e-06, 2.20070796786e-06, 1.60100341873e-06, 9.5215506235e-07, 1.39046710501e-06, 8.97597487892e-07, 4.71207698638e-07, 4.71478017516e-07, 4.39635812199e-07, 5.13571364991e-07, 4.52481486946e-07, 4.39671055119e-07, 3.58518235544e-07, 2.61104872834e-07, 1.93239856117e-07, 1.4156017869e-07],
        "median": [0.000915910524782, 0.00313985766843, 0.00150026835036, 0.000164747383678, 7.01302560628e-05, 4.49446670245e-05, 4.83408330183e-05, 2.30133628065e-05, 8.61073112901e-06, 4.49876961284e-06, 3.15267993756e-06, 4.93036077387e-06, 2.2940062081e-06, 1.974006409e-06, 4.23490200774e-06, 1.87500336324e-06, 2.4446394491e-06, 1.45138687913e-06, 2.04584466701e-06, 7.28506961423e-07, 1.16374940262e-06, 1.41617817917e-06, 6.72973442306e-07, 9.49949310325e-07, 6.10983590832e-07, 5.00335545439e-07, 5.99934594447e-07, 1.44237716881e-07, 1.20980899965e-07, 8.7788301073e-08, 5.07463475685e-08, 3.61966456808e-08, 2.85528845012e-08, 2.18333440216e-08, 2.42383375593e-08, 3.06876550837e-08, 1.53300554473e-08, 1.1203337813e-08, 8.46641690089e-09, 5.94143534371e-09],
        "min": [5.54163505207e-24, 1.67795305711e-23, 1.17513879592e-23, 1.44280718967e-23, 1.31130526006e-23, 6.90842571165e-24, 1.40136185766e-23, 1.21331690272e-23, 3.96772777853e-24, 7.3719169922e-24, 9.75950628491e-24, 1.40584321869e-23, 8.17414593432e-24, 1.01335052401e-23, 1.40293989502e-23, 1.46125359753e-23, 6.47459638998e-24, 5.54328377136e-24, 7.86190611057e-24, 9.91630658932e-24, 1.57639226427e-23, 1.73704820524e-23, 8.68009291994e-24, 4.81005215388e-24, 9.64411092284e-24, 8.22428356688e-24, 4.49003573932e-24, 8.7474182539e-24, 1.39856503021e-23, 1.35529443183e-23, 9.92553862849e-24, 1.2222596666e-23, 1.15549260951e-23, 7.82700611526e-24, 8.08510562623e-24, 1.12630854255e-23, 9.12068041298e-24, 1.19569209349e-23, 1.27821238732e-23, 9.90303637117e-24],
        "var": [1.36105181809e-05, 4.29628016718e-05, 4.91919272463e-05, 6.13563088336e-06, 9.88463398244e-07, 3.02049123491e-08, 2.53851538901e-07, 2.70820272874e-08, 2.48723406315e-08, 8.89000784099e-09, 2.73157940711e-08, 1.94828579936e-08, 4.3723780152e-09, 3.65716212869e-09, 1.11829736582e-08, 4.10114475713e-09, 3.32377814161e-09, 3.07177439041e-09, 2.03721062242e-09, 2.06962180727e-09, 5.16659781624e-09, 6.819267373e-10, 7.61220642076e-10, 6.98246571673e-10, 2.81050460682e-10, 2.24802780557e-11, 1.00621533675e-11, 2.23135034755e-11, 1.17681892009e-10, 2.2517803594e-11, 3.62587737612e-12, 5.28683954254e-12, 4.85627510427e-12, 1.00912837114e-11, 5.28862544036e-12, 6.24450664788e-12, 3.08610255406e-12, 2.20924385556e-12, 9.50654268847e-13, 3.80543334474e-13]
    },
    "mfcc": {
        "mean": [-749.012023926, 163.244064331, 13.9605016708, 41.8856964111, 25.6621799469, 10.7289657593, 7.1360077858, 7.61810302734, -3.36283826828, 5.16925668716, 0.6656473279, 2.17668581009, -1.28920996189],
        "cov": [[8120.99462891, -870.08026123, -1212.83166504, -493.781829834, -70.5926971436, -286.019744873, -116.511169434, 238.91619873, 28.24376297, -84.5422592163, -226.660675049, -9.35339355469, -124.669487], [-870.08026123, 1813.69262695, -67.7901077271, 34.7559776306, 156.617446899, 27.9609737396, 40.453578949, -29.4798679352, 93.8894195557, 79.7433700562, -80.2540664673, -83.0755233765, 61.3449745178], [-1212.83166504, -67.7901077271, 1099.45629883, 345.637329102, 43.9745063782, 67.5849990845, -28.333612442, -74.0216140747, -68.9771957397, 10.9595823288, 100.892837524, -24.652557373, 30.5233287811], [-493.781829834, 34.7559776306, 345.637329102, 582.286865234, 106.422294617, -86.7298660278, -32.4470901489, -52.3672790527, -50.3298072815, -42.9687995911, 45.075252533, -1.2566139698, -26.1043872833], [-70.5926971436, 156.617446899, 43.9745063782, 106.422294617, 276.51083374, 10.4881982803, -36.4089241028, 27.2841110229, 28.250120163, -6.07760667801, -35.5204582214, -3.0753057003, -7.24278497696], [-286.019744873, 27.9609737396, 67.5849990845, -86.7298660278, 10.4881982803, 359.399353027, 51.598285675, -54.4844360352, -47.137588501, 16.170589447, 2.58012509346, -35.8549880981, -12.6770324707], [-116.511169434, 40.453578949, -28.333612442, -32.4470901489, -36.4089241028, 51.598285675, 145.69670105, 50.9026260376, -22.0630931854, 0.628675341606, 16.4454746246, 9.1054353714, 5.62559127808], [238.91619873, -29.4798679352, -74.0216140747, -52.3672790527, 27.2841110229, -54.4844360352, 50.9026260376, 194.336166382, 34.2960357666, 9.6398525238, 3.19251894951, 41.2636222839, 26.5501174927], [28.24376297, 93.8894195557, -68.9771957397, -50.3298072815, 28.250120163, -47.137588501, -22.0630931854, 34.2960357666, 149.855880737, 55.0449676514, -21.6928901672, 13.8516073227, 50.0055084229], [-84.5422592163, 79.7433700562, 10.9595823288, -42.9687995911, -6.07760667801, 16.170589447, 0.628675341606, 9.6398525238, 55.0449676514, 166.889953613, 42.0334854126, -8.90623664856, 63.5176010132], [-226.660675049, -80.2540664673, 100.892837524, 45.075252533, -35.5204582214, 2.58012509346, 16.4454746246, 3.19251894951, -21.6928901672, 42.0334854126, 168.823684692, 103.376663208, 22.8693065643], [-9.35339355469, -83.0755233765, -24.652557373, -1.2566139698, -3.0753057003, -35.8549880981, 9.1054353714, 41.2636222839, 13.8516073227, -8.90623664856, 103.376663208, 201.98890686, 48.2053642273], [-124.669487, 61.3449745178, 30.5233287811, -26.1043872833, -7.24278497696, -12.6770324707, 5.62559127808, 26.5501174927, 50.0055084229, 63.5176010132, 22.8693065643, 48.2053642273, 156.151397705]],
