{
"lowlevel": {
    "average_loudness": 0.973789930344,
    "barkbands_crest": {
        "dmean": 2.92696237564,
        "dmean2": 4.7776889801,
        "dvar": 8.53438568115,
        "dvar2": 19.3533325195,
        "max": 25.3182029724,
        "mean": 7.71779203415,
        "median": 6.43547725677,
        "min": 2.2282371521,
        "var": 17.7923622131
    },
    "barkbands_flatness_db": {
        "dmean": 0.0184442605823,
        "dmean2": 0.0296815149486,
        "dvar": 0.000361972081009,
        "dvar2": 0.000863815250341,
        "max": 0.297406762838,
        "mean": 0.12090510875,
        "median": 0.113867245615,
        "min": 0.0561837516725,
        "var": 0.000990801607259
    },
    "barkbands_kurtosis": {
        "dmean": 1.37388539314,
        "dmean2": 2.25568366051,
        "dvar": 6.79378890991,
        "dvar2": 16.7584400177,
        "max": 40.1650619507,
        "mean": 0.442044615746,
        "median": -0.597086668015,
        "min": -1.84491062164,
        "var": 10.0336303711
    },
    "barkbands_skewness": {
        "dmean": 0.525085151196,
        "dmean2": 0.830989778042,
        "dvar": 0.305897325277,
        "dvar2": 0.717603325844,
        "max": 6.24459457397,
        "mean": 0.530428290367,
        "median": 0.335408210754,
        "min": -2.63145017624,
        "var": 0.871491670609
    },
    "barkbands_spread": {
        "dmean": 7.63672924042,
        "dmean2": 11.814699173,
        "dvar": 54.704044342,
        "dvar2": 120.565139771,
        "max": 91.7141952515,
        "mean": 34.2709350586,
        "median": 33.1370887756,
        "min": 3.22913050652,
        "var": 211.3152771
    },
    "dissonance": {
        "dmean": 0.0096957013011,
        "dmean2": 0.0164581462741,
        "dvar": 0.000128122163005,
        "dvar2": 0.000334673968609,
        "max": 0.500000178814,
        "mean": 0.485298395157,
        "median": 0.489781707525,
        "min": 0.340895473957,
        "var": 0.000259942607954
    },
    "dynamic_complexity": 2.43559479713,
    "erbbands_crest": {
        "dmean": 2.15627241135,
        "dmean2": 3.56737184525,
        "dvar": 4.26135158539,
        "dvar2": 10.3548717499,
        "max": 24.0215263367,
        "mean": 7.40945672989,
        "median": 6.49972915649,
        "min": 2.41545057297,
        "var": 12.296505928
    },
    "erbbands_flatness_db": {
        "dmean": 0.0149920219555,
        "dmean2": 0.0217812452465,
        "dvar": 0.000193584215594,
        "dvar2": 0.000365369138308,
        "max": 0.310857743025,
        "mean": 0.176293969154,
        "median": 0.171843588352,
        "min": 0.101331233978,
        "var": 0.000973239191808
    },
    "erbbands_kurtosis": {
        "dmean": 0.890553176403,
        "dmean2": 1.40519833565,
        "dvar": 1.23275518417,
        "dvar2": 2.64075422287,
        "max": 17.9491996765,
        "mean": 0.646673619747,
        "median": 0.151636600494,
        "min": -1.85303711891,
        "var": 3.08362317085
    },
    "erbbands_skewness": {
        "dmean": 0.345575898886,
        "dmean2": 0.523858189583,
        "dvar": 0.102848634124,
        "dvar2": 0.211493834853,
        "max": 2.61810588837,
        "mean": -0.0410195179284,
        "median": -0.0633043274283,
        "min": -3.48781776428,
        "var": 0.44517031312
    },
    "erbbands_spread": {
        "dmean": 8.97894763947,
        "dmean2": 13.5072956085,
        "dvar": 95.4039459229,
        "dvar2": 212.397872925,
        "max": 113.665641785,
        "mean": 36.6112442017,
        "median": 34.0931587219,
        "min": 7.1440038681,
        "var": 331.968292236
    },
    "hfc": {
        "dmean": 9.90952110291,
        "dmean2": 15.1139364243,
        "dvar": 118.16494751,
        "dvar2": 263.686126709,
        "max": 184.541397095,
        "mean": 42.1731491089,
        "median": 42.3682060242,
        "min": 9.44419880398e-05,
        "var": 643.641418457
    },
    "melbands_crest": {
        "dmean": 3.99494075775,
        "dmean2": 6.47322702408,
        "dvar": 14.7666425705,
        "dvar2": 35.1229782104,
        "max": 30.5317802429,
        "mean": 11.4197397232,
        "median": 9.72111225128,
        "min": 2.37571358681,
        "var": 32.981502533
    },
    "melbands_flatness_db": {
        "dmean": 0.0277578253299,
        "dmean2": 0.043625228107,
        "dvar": 0.000774516607635,
        "dvar2": 0.00175585784018,
        "max": 0.371956884861,
        "mean": 0.119233243167,
        "median": 0.106232874095,
        "min": 0.028574982658,
        "var": 0.00272785872221
    },
    "melbands_kurtosis": {
        "dmean": 4.72059488297,
        "dmean2": 7.72358083725,
        "dvar": 86.2617721558,
        "dvar2": 209.401062012,
        "max": 138.545501709,
        "mean": 5.43660736084,
        "median": 1.79620695114,
        "min": -1.79450583458,
        "var": 120.043457031
    },
    "melbands_skewness": {
        "dmean": 0.770445346832,
        "dmean2": 1.21359229088,
        "dvar": 0.798037409782,
        "dvar2": 1.85254251957,
        "max": 10.6553449631,
        "mean": 1.69390583038,
        "median": 1.42740750313,
        "min": -0.939176023006,
        "var": 2.01950383186
    },
    "melbands_spread": {
        "dmean": 13.5778017044,
        "dmean2": 21.3232841492,
        "dvar": 199.281860352,
        "dvar2": 422.328582764,
        "max": 209.375152588,
        "mean": 47.20262146,
        "median": 45.5708847046,
        "min": 2.33475470543,
        "var": 668.703979492
    },
    "pitch_salience": {
        "dmean": 0.0864790603518,
        "dmean2": 0.14651748538,
        "dvar": 0.00787446647882,
        "dvar2": 0.018982456997,
        "max": 0.858278512955,
        "mean": 0.649577319622,
        "median": 0.690121114254,
        "min": 0.102044336498,
        "var": 0.0166789200157
    },
    "silence_rate_20dB": {
        "dmean": 0,
        "dmean2": 0,
        "dvar": 0,
        "dvar2": 0,
        "max": 1,
        "mean": 1,
        "median": 1,
        "min": 1,
        "var": 0
    },
    "silence_rate_30dB": {
        "dmean": 0,
        "dmean2": 0,
        "dvar": 0,
        "dvar2": 0,
        "max": 1,
        "mean": 1,
        "median": 1,
        "min": 1,
        "var": 0
    },
    "silence_rate_60dB": {
        "dmean": 0.0131578948349,
        "dmean2": 0.0263259783387,
        "dvar": 0.0129845133051,
        "dvar2": 0.0287312120199,
        "max": 1,
        "mean": 0.0518375225365,
        "median": 0,
        "min": 0,
        "var": 0.0491488799453
    },
    "spectral_centroid": {
        "dmean": 299.028930664,
        "dmean2": 472.065826416,
        "dvar": 95519.046875,
        "dvar2": 214054.203125,
        "max": 4700.63525391,
        "mean": 2072.66845703,
        "median": 2066.13256836,
        "min": 304.779083252,
        "var": 364444.21875
    },
    "spectral_complexity": {
        "dmean": 4.59907102585,
        "dmean2": 7.29384422302,
        "dvar": 17.6465682983,
        "dvar2": 38.3631668091,
        "max": 60,
        "mean": 34.2371368408,
        "median": 37,
        "min": 0,
        "var": 165.23828125
    },
    "spectral_decrease": {
        "dmean": 1.9763546355e-09,
        "dmean2": 3.16209858298e-09,
        "dvar": 6.70534731617e-18,
        "dvar2": 1.70548330307e-17,
        "max": -1.59001552023e-14,
        "mean": -6.97936952676e-09,
        "median": -6.79314249297e-09,
        "min": -2.71486051417e-08,
        "var": 1.65870789379e-17
    },
    "spectral_energy": {
        "dmean": 0.00773763377219,
        "dmean2": 0.0123085286468,
        "dvar": 9.60594043136e-05,
        "dvar2": 0.000243717324338,
        "max": 0.104314297438,
        "mean": 0.0301669798791,
        "median": 0.0302840750664,
        "min": 6.85768455355e-08,
        "var": 0.000269135431154
    },
    "spectral_energyband_high": {
        "dmean": 0.00093629816547,
        "dmean2": 0.00138811219949,
        "dvar": 1.78408970442e-06,
        "dvar2": 3.56651685252e-06,
        "max": 0.0245616994798,
        "mean": 0.00283041968942,
        "median": 0.0018793803174,
        "min": 1.11629852029e-08,
        "var": 8.95614448382e-06
    },
    "spectral_energyband_low": {
        "dmean": 0.00555623322725,
        "dmean2": 0.00919900368899,
        "dvar": 8.34211095935e-05,
        "dvar2": 0.000200888724066,
        "max": 0.0912060961127,
        "mean": 0.00857886206359,
        "median": 0.00385693996213,
        "min": 2.77288236816e-08,
        "var": 0.00014560490672
    },
    "spectral_energyband_middle_high": {
        "dmean": 0.00344886234961,
        "dmean2": 0.0053830249235,
        "dvar": 1.69305803865e-05,
        "dvar2": 4.04659840569e-05,
        "max": 0.0558863542974,
        "mean": 0.0122179808095,
        "median": 0.0100617390126,
        "min": 3.87218701547e-09,
        "var": 9.55287468969e-05
    },
    "spectral_energyband_middle_low": {
        "dmean": 0.00396893499419,
        "dmean2": 0.00652592116967,
        "dvar": 5.77772843826e-05,
        "dvar2": 0.00015020823048,
        "max": 0.0763801112771,
        "mean": 0.00803945492953,
        "median": 0.00632118433714,
        "min": 2.61755221942e-08,
        "var": 6.44154497422e-05
    },
    "spectral_entropy": {
        "dmean": 0.0978584811091,
        "dmean2": 0.141963258386,
        "dvar": 0.0134840840474,
        "dvar2": 0.0238998346031,
        "max": 8.6400976181,
        "mean": 8.03503799438,
        "median": 8.03809070587,
        "min": 6.59823179245,
        "var": 0.0522886998951
    },
    "spectral_flux": {
        "dmean": 0.0214891824871,
        "dmean2": 0.0340212658048,
        "dvar": 0.000620491278823,
        "dvar2": 0.00158700207248,
        "max": 0.27732822299,
        "mean": 0.107543177903,
        "median": 0.108944319189,
        "min": 0.000261871813564,
        "var": 0.00165359582752
    },
    "spectral_kurtosis": {
        "dmean": 0.892008125782,
        "dmean2": 1.48383426666,
        "dvar": 1.10778284073,
        "dvar2": 2.74692463875,
        "max": 18.9739379883,
        "mean": 1.54883170128,
        "median": 1.32592535019,
        "min": -0.907632827759,
        "var": 2.41308903694
    },
    "spectral_rms": {
        "dmean": 0.000665760075208,
        "dmean2": 0.00103711301927,
        "dvar": 5.47820434349e-07,
        "dvar2": 1.28201622829e-06,
        "max": 0.0100881140679,
        "mean": 0.00515683367848,
        "median": 0.00543557154015,
        "min": 8.17950149212e-06,
        "var": 2.8381903121e-06
    },
    "spectral_rolloff": {
        "dmean": 748.938781738,
        "dmean2": 1210.04553223,
        "dvar": 1078854.875,
        "dvar2": 2213169.75,
        "max": 8720.94726562,
        "mean": 2878.53686523,
        "median": 2390.18554688,
        "min": 86.1328125,
        "var": 3411882
    },
    "spectral_skewness": {
        "dmean": 0.170177236199,
        "dmean2": 0.254462361336,
        "dvar": 0.0293621048331,
        "dvar2": 0.0561376623809,
        "max": 3.38150477409,
        "mean": 0.944059193134,
        "median": 0.971216380596,
        "min": -0.106399253011,
        "var": 0.142101049423
    },
    "spectral_spread": {
        "dmean": 415604.46875,
        "dmean2": 590431.5625,
        "dvar": 151051288576,
        "dvar2": 297687941120,
        "max": 8589284,
        "mean": 4347420.5,
        "median": 4214869,
        "min": 1999469.375,
        "var": 937541959680
    },
    "spectral_strongpeak": {
        "dmean": 0.710585474968,
        "dmean2": 1.22202801704,
        "dvar": 1.39998888969,
        "dvar2": 3.41405677795,
        "max": 11.4041566849,
        "mean": 1.00380194187,
        "median": 0.395306646824,
        "min": 0,
        "var": 2.28013539314
    },
    "zerocrossingrate": {
        "dmean": 0.0138117074966,
        "dmean2": 0.0157437156886,
        "dvar": 0.00020476867212,
        "dvar2": 0.000233223312534,
        "max": 0.3203125,
        "mean": 0.0953587815166,
        "median": 0.08642578125,
        "min": 0.00830078125,
        "var": 0.00187620369252
    },
    "barkbands": {
        "dmean": [7.1789661888e-05, 0.0041155857034, 0.00140508892946, 0.00237888959236, 0.00112850754522, 0.000608823960647, 0.000730547704734, 0.000642210128717, 0.000618898717221, 0.000570103991777, 0.000628404493909, 0.000836820399854, 0.00108441105112, 0.00077939662151, 0.000903652340639, 0.000760125636589, 0.000585382862482, 0.000351685797796, 0.000207720993785, 0.000195997738047, 0.000304136628984, 0.000293270946713, 0.000272022443824, 0.000205461357837, 2.85033038381e-05, 2.67750817073e-08, 1.24911991861e-09],
        "dmean2": [0.000112783964141, 0.00681925565004, 0.00246665580198, 0.00403081066906, 0.00194199802354, 0.00103152962402, 0.00123923493084, 0.00109888729639, 0.00103816133924, 0.000965357758105, 0.0010486880783, 0.00138488621451, 0.00180720875505, 0.00128469348419, 0.00142880121712, 0.00123834027909, 0.000968800741248, 0.000569817144424, 0.000345855252817, 0.000334592681611, 0.000494907377288, 0.000461314019049, 0.000409843050875, 0.00029649346834, 4.26320948463e-05, 4.21490291558e-08, 2.31862840039e-09],
        "dvar": [2.3689448625e-08, 6.70789304422e-05, 6.35467540633e-06, 3.93710834032e-05, 3.42337739312e-06, 6.76261947774e-07, 8.85330962319e-07, 1.14152430797e-06, 8.18197349872e-07, 8.71218276188e-07, 1.09225402412e-06, 2.52699055636e-06, 3.88623129766e-06, 1.59055878157e-06, 2.22707876674e-06, 1.63393247021e-06, 8.73803230661e-07, 2.24970222007e-07, 9.26865837414e-08, 9.79535172974e-08, 2.18081694925e-07, 1.89732176636e-07, 2.44180853315e-07, 2.56042994806e-07, 3.62458729697e-09, 2.38085333715e-15, 3.12901766893e-18],
        "dvar2": [5.4955158646e-08, 0.000155827729031, 1.77214260475e-05, 0.00010119680519, 9.35709158512e-06, 1.77614549557e-06, 2.28708404393e-06, 3.09406641463e-06, 2.01678403755e-06, 2.3802706437e-06, 2.9599023037e-06, 6.55689382256e-06, 1.02583089756e-05, 3.94225662603e-06, 4.83137364427e-06, 3.94165817852e-06, 1.9874996724e-06, 5.49285800844e-07, 2.48640986911e-07, 2.74840516568e-07, 5.38597987543e-07, 4.3769236413e-07, 5.09554979544e-07, 4.84880786189e-07, 7.59519291904e-09, 5.41446541533e-15, 9.71923653988e-18],
        "max": [0.00214901356958, 0.0860304534435, 0.0232766456902, 0.0543576814234, 0.0183783508837, 0.0117643419653, 0.0100408801809, 0.0170487035066, 0.0182289220393, 0.0127699058503, 0.0150022357702, 0.0310459472239, 0.0370449274778, 0.0250719506294, 0.0234309770167, 0.0194911118597, 0.0247137024999, 0.00761537114158, 0.00285465223715, 0.00512422574684, 0.0105450721458, 0.00675810454413, 0.00878503452986, 0.0106904739514, 0.00118599459529, 1.05542244455e-06, 1.5575864154e-08],
        "mean": [9.83623540378e-05, 0.00554912723601, 0.00159831834026, 0.00242680357769, 0.00149730709381, 0.000905649503693, 0.00104844407178, 0.000897576974239, 0.000975953938905, 0.000915248994716, 0.00102884368971, 0.00150141667109, 0.00197615358047, 0.0013616415672, 0.00176889833529, 0.00136375357397, 0.001152620418, 0.000711206928827, 0.000392525893403, 0.000428263447247, 0.000699300551787, 0.000721184303984, 0.000645567779429, 0.000445940881036, 5.68668328924e-05, 4.64599345662e-08, 1.00412311799e-09],
        "median": [4.26876249549e-05, 0.00169073720463, 0.000717254471965, 0.000729785417207, 0.000955024152063, 0.000658300588839, 0.00065580959199, 0.000580778811127, 0.000581039173994, 0.000541353132576, 0.00052376196254, 0.000616635428742, 0.000821908179205, 0.000738907488994, 0.000905581575353, 0.000759545364417, 0.000738646835089, 0.000512338709086, 0.000302119529806, 0.000356554082828, 0.000519594294019, 0.000461518706288, 0.0003397964756, 0.000176567598828, 2.69473730441e-05, 1.96508569417e-08, 3.80584369575e-10],
        "min": [8.79614880933e-10, 2.06196979491e-08, 6.03689986889e-09, 4.98787011693e-10, 2.00991534527e-09, 1.24138894719e-08, 1.86482029818e-09, 6.98289559509e-09, 1.38201095012e-09, 6.34732599814e-10, 1.15386555866e-09, 3.92669424754e-10, 3.86594534163e-10, 1.78417974839e-10, 1.89550874996e-10, 2.01648669984e-10, 1.63308339074e-10, 1.86579862671e-10, 2.89895524253e-10, 6.98999413906e-10, 1.08545494815e-09, 3.06749381451e-09, 3.16635806463e-09, 3.15200909817e-09, 1.2296540175e-10, 8.88203746663e-12, 9.32716057167e-12],
        "var": [3.02781550943e-08, 0.000107996391307, 6.080075309e-06, 3.46491615346e-05, 3.34168726113e-06, 8.87774319835e-07, 1.5077629314e-06, 1.25689336983e-06, 1.66931056356e-06, 1.44595719576e-06, 2.10563803194e-06, 6.18541071162e-06, 1.06128045445e-05, 3.67166990145e-06, 6.53939105177e-06, 3.69403937839e-06, 2.25821827371e-06, 5.2991811117e-07, 1.3170719626e-07, 1.38027772323e-07, 5.00726230257e-07, 6.2628419073e-07, 8.94614061053e-07, 9.36990772971e-07, 1.00397699043e-08, 5.69850224408e-15, 2.52573354829e-18]
    },
    "erbbands": {
        "dmean": [0.110966816545, 1.02163136005, 1.7693810463, 4.83720350266, 6.34381341934, 3.24937653542, 4.21808052063, 5.11425447464, 8.87900161743, 12.8586769104, 14.0689191818, 13.8179349899, 15.8044395447, 20.7305049896, 25.5752830505, 34.7427177429, 45.9594192505, 33.2383232117, 44.0695762634, 45.8526077271, 34.2899246216, 32.610534668, 21.1189613342, 11.5559720993, 8.6569480896, 9.23278713226, 10.857667923, 12.8542804718, 11.0926132202, 9.47961807251, 7.40522813797, 6.30049085617, 2.32832241058, 0.601620912552, 0.0505728237331, 0.00220794952475, 0.000120643264381, 1.94731728698e-05, 7.45757643017e-06, 9.64196715358e-06],
        "dmean2": [0.154478490353, 1.74864065647, 3.12795329094, 7.87521839142, 11.0078210831, 5.55292606354, 7.17578411102, 8.76855182648, 15.119222641, 22.0868587494, 24.1845970154, 23.6106548309, 26.4366016388, 34.0121955872, 42.3096504211, 57.0231246948, 76.0233535767, 53.5988960266, 70.8787765503, 73.5220108032, 55.2235336304, 53.3557891846, 34.0553512573, 18.7479743958, 14.6157655716, 15.636806488, 17.7069263458, 20.873128891, 17.6278991699, 14.5164585114, 11.1909446716, 9.04790592194, 3.43104815483, 0.870463311672, 0.0740823149681, 0.00318934349343, 0.000167359001352, 2.69518131972e-05, 1.07163859866e-05, 1.48916815306e-05],
        "dvar": [0.0602387748659, 3.79775476456, 12.3412189484, 116.60383606, 258.85446167, 20.0067920685, 33.8684616089, 52.6893997192, 146.602874756, 381.937072754, 605.686645508, 394.210540771, 593.701660156, 1308.76428223, 1844.02075195, 4699.30419922, 6748.31787109, 2486.58618164, 5122.74462891, 5923.67773438, 2766.28393555, 2717.37988281, 796.047790527, 233.960845947, 165.658859253, 213.874969482, 223.486450195, 399.663299561, 268.68182373, 256.625732422, 186.101104736, 248.962127686, 28.1615657806, 1.50431287289, 0.0191071629524, 3.24671636918e-05, 6.09803194607e-08, 1.2256270443e-09, 9.82115500037e-11, 1.22561474858e-10],
        "dvar2": [0.121471576393, 9.60552024841, 35.413898468, 289.517547607, 705.666931152, 54.810798645, 88.9774856567, 141.197967529, 375.62411499, 1044.24841309, 1604.88269043, 1047.05456543, 1462.57739258, 3602.74560547, 4551.51953125, 11739.5302734, 17637.5839844, 6019.34130859, 12059.5390625, 13645.1953125, 6451.43994141, 6358.89453125, 1969.7253418, 596.664367676, 447.831237793, 598.278137207, 575.975585938, 986.753295898, 617.113525391, 581.913696289, 388.480895996, 497.929962158, 55.9234771729, 3.00453948975, 0.0427451133728, 7.06243808963e-05, 1.12592658752e-07, 2.00980565523e-09, 1.70876215955e-10, 2.96818319923e-10],
        "max": [3.04027676582, 18.8125743866, 35.9265213013, 103.211082458, 153.09312439, 53.7542037964, 99.8801727295, 111.271186829, 176.774581909, 251.983108521, 354.247589111, 264.69442749, 411.967224121, 502.988861084, 713.67980957, 1333.28588867, 1380.49621582, 659.617736816, 1232.79174805, 1343.52856445, 1094.81689453, 1303.55163574, 456.34677124, 211.115310669, 163.34046936, 254.285491943, 268.402038574, 338.922576904, 249.592514038, 285.894927979, 272.428710938, 319.794464111, 127.538757324, 25.5983352661, 3.13389706612, 0.134913980961, 0.00624033156782, 0.000825867638923, 0.00023440780933, 0.000128172148834],
        "mean": [0.136473670602, 1.302511096, 2.09397935867, 5.61751270294, 6.46101903915, 4.4121594429, 5.98739719391, 7.59789705276, 13.0477752686, 18.1846923828, 20.1793708801, 22.0821037292, 26.0581207275, 35.208065033, 47.4803237915, 67.6519317627, 88.9843444824, 68.6275787354, 87.362991333, 89.5977630615, 69.8113021851, 65.3895111084, 43.7774505615, 24.8267726898, 17.6758594513, 20.465177536, 25.4772453308, 28.9644260406, 27.1356105804, 22.0293369293, 17.3149700165, 13.0413036346, 5.01505422592, 1.30098664761, 0.0958910882473, 0.00447333324701, 0.000308514776407, 5.71619493712e-05, 3.20390718116e-05, 4.31893713539e-05],
        "median": [0.0318978391588, 0.433416843414, 0.934422492981, 2.09608197212, 2.81230354309, 2.80214262009, 4.33273839951, 5.34331130981, 8.29734230042, 11.7785720825, 12.7345619202, 13.2968168259, 16.7775230408, 19.871421814, 24.0179004669, 28.4003772736, 37.8794593811, 39.3627586365, 45.9041023254, 46.857509613, 43.559211731, 43.0928192139, 32.3632278442, 20.5660705566, 13.7232484818, 17.0420608521, 20.9462528229, 20.2830619812, 16.90533638, 12.9351816177, 9.02596187592, 4.99197864532, 2.26545190811, 0.617119371891, 0.0405109152198, 0.00196725921705, 0.000159016461112, 3.37359670084e-05, 2.89676063403e-05, 4.54071159766e-05],
        "min": [3.39714574693e-07, 4.87586521558e-06, 8.96459459909e-06, 3.18900447382e-06, 3.92682704842e-06, 5.48235720998e-06, 2.90635853162e-05, 0.000127565130242, 3.46590786648e-05, 7.95718151494e-05, 6.83372272761e-05, 4.0293107304e-05, 2.33616592595e-05, 1.80633614946e-05, 5.53338250029e-05, 1.3302627849e-05, 1.46278098327e-05, 1.52327284013e-05, 7.40844416214e-06, 1.31208016683e-05, 8.43603811518e-06, 1.09616767077e-05, 1.12417892524e-05, 1.31970928123e-05, 1.53793662321e-05, 3.34883552568e-05, 6.44466272206e-05, 3.87985419366e-05, 0.000106871731987, 0.000122119614389, 7.69801335991e-05, 8.41027795104e-05, 4.00985627493e-05, 3.83206634069e-06, 1.87178230249e-07, 4.91073635089e-08, 1.54096539973e-08, 4.71991512541e-09, 1.70631109242e-09, 2.81407508407e-10],
        "var": [0.0923561528325, 5.58577203751, 11.7384757996, 121.502197266, 191.749694824, 24.2587032318, 47.5296783447, 63.5948371887, 258.799530029, 455.298370361, 686.733276367, 713.733825684, 1144.26574707, 2432.11645508, 4454.69140625, 12217.3945312, 19918.0488281, 6917.23193359, 14703.3408203, 16034.0810547, 7483.54736328, 6708.00244141, 1900.44934082, 478.600280762, 242.792266846, 307.239440918, 495.522155762, 981.014892578, 904.561035156, 798.597167969, 685.006408691, 789.443725586, 102.790603638, 5.18946170807, 0.0431983135641, 8.36049512145e-05, 2.6521735208e-07, 6.84284273689e-09, 6.12300599112e-10, 4.92383744888e-10]
    },
    "gfcc": {
        "mean": [22.4097824097, 96.1858139038, -164.483795166, 63.4352531433, -80.2427139282, 34.1647377014, -35.4505844116, -4.41083574295, -2.32164978981, -13.9518194199, 0.420257210732, -15.8563499451, 3.25088810921],
        "cov": [[4222.53466797, -405.593322754, -545.437683105, 235.030578613, 459.52935791, 223.115783691, -175.431793213, 10.7885885239, -16.5418720245, -3.98559832573, -85.9810333252, -42.7247161865, -125.279556274], [-405.593322754, 636.278564453, 54.5523910522, -24.0832843781, 192.029037476, -56.9073982239, 136.373458862, -6.43991708755, 57.9453964233, -40.8865203857, 50.4884910583, -43.4679832458, 25.4157619476], [-545.437683105, 54.5523910522, 552.395385742, 188.735900879, -144.579833984, 1.95930767059, 33.0738220215, 65.3733520508, 2.33655309677, 12.3394460678, -4.5019402504, 2.43309545517, -0.671821177006], [235.030578613, -24.0832843781, 188.735900879, 280.935974121, 88.8481216431, 13.4669103622, 30.550699234, 38.6237640381, 40.6906509399, 28.9804935455, -7.51163625717, -5.24859952927, -21.0239295959], [459.52935791, 192.029037476, -144.579833984, 88.8481216431, 396.939086914, 103.388473511, 51.9068832397, 37.0972747803, 67.8423995972, 18.3900356293, 49.3610420227, -16.3047523499, 4.04865884781], [223.115783691, -56.9073982239, 1.95930767059, 13.4669103622, 103.388473511, 153.515716553, 44.7429962158, 32.6778526306, -6.52394294739, 26.9789428711, 28.1872062683, 15.3802547455, 2.61947917938], [-175.431793213, 136.373458862, 33.0738220215, 30.550699234, 51.9068832397, 44.7429962158, 151.318939209, 27.7795963287, 18.6009311676, 9.87910842896, 37.6424255371, 6.43911600113, 14.2011518478], [10.7885885239, -6.43991708755, 65.3733520508, 38.6237640381, 37.0972747803, 32.6778526306, 27.7795963287, 111.801376343, 53.1429901123, 24.7532253265, 10.9979791641, 12.810418129, 13.2782793045], [-16.5418720245, 57.9453964233, 2.33655309677, 40.6906509399, 67.8423995972, -6.52394294739, 18.6009311676, 53.1429901123, 110.204467773, 40.7817955017, 10.9791078568, 2.86444139481, 16.5101146698], [-3.98559832573, -40.8865203857, 12.3394460678, 28.9804935455, 18.3900356293, 26.9789428711, 9.87910842896, 24.7532253265, 40.7817955017, 74.6304244995, 36.8514099121, 19.3792476654, 10.7969713211], [-85.9810333252, 50.4884910583, -4.5019402504, -7.51163625717, 49.3610420227, 28.1872062683, 37.6424255371, 10.9979791641, 10.9791078568, 36.8514099121, 77.7426681519, 36.4647407532, 16.8600559235], [-42.7247161865, -43.4679832458, 2.43309545517, -5.24859952927, -16.3047523499, 15.3802547455, 6.43911600113, 12.810418129, 2.86444139481, 19.3792476654, 36.4647407532, 55.8958358765, 32.559173584], [-125.279556274, 25.4157619476, -0.671821177006, -21.0239295959, 4.04865884781, 2.61947917938, 14.2011518478, 13.2782793045, 16.5101146698, 10.7969713211, 16.8600559235, 32.559173584, 56.4707221985]],
        "icov": [[0.000531031691935, -0.000530632387381, 0.00126887275837, -0.00154172012117, 0.000638996367343, -0.00160612829495, 0.0013244379079, -0.00062759272987, 0.000280087580904, 0.000254953047261, 0.000302472966723, -0.000251424935414, 0.000625239161309], [-0.000530632387381, 0.00882468093187, -0.00694980006665, 0.00867087952793, -0.00948116742074, 0.0109598739073, -0.00887512415648, 0.0044066933915, -0.00241669360548, 0.00244698300958, -0.0022903282661, 0.0036253076978, -0.00180408486631], [0.00126887275837, -0.00694980006665, 0.0120678106323, -0.0142089277506, 0.0129961175844, -0.0136224702001, 0.00986994896084, -0.00648522982374, 0.00106721662451, 0.00358307198621, -0.00590346613899, 0.00597914354876, -0.00314244651236], [-0.00154172012117, 0.00867087952793, -0.0142089277506, 0.022096298635, -0.0177069809288, 0.0185822844505, -0.0142256813124, 0.00651354296133, -0.00051250657998, -0.00799182616174, 0.0119914393872, -0.01151694078, 0.00792592950165], [0.000638996367343, -0.00948116742074, 0.0129961175844, -0.0177069809288, 0.021990397945, -0.0207277853042, 0.0133701339364, -0.00605804985389, -0.00370388734154, 0.00858875922859, -0.0146455895156, 0.0140387462452, -0.00758670875803], [-0.00160612829495, 0.0109598739073, -0.0136224702001, 0.0185822844505, -0.0207277853042, 0.0308487676084, -0.0176371224225, 0.00378920463845, 0.00536877661943, -0.00981508381665, 0.0094356443733, -0.0096165407449, 0.00489408941939], [0.0013244379079, -0.00887512415648, 0.00986994896084, -0.0142256813124, 0.0133701339364, -0.0176371224225, 0.0208779796958, -0.00631245737895, -0.000378088094294, 0.00530463363975, -0.00979732349515, 0.00720906024799, -0.00428769085556], [-0.00062759272987, 0.0044066933915, -0.00648522982374, 0.00651354296133, -0.00605804985389, 0.00378920463845, -0.00631245737895, 0.0172977894545, -0.00840623490512, 0.000452216656413, 0.00244207843207, -0.00389804830775, 0.000640488869976], [0.000280087580904, -0.00241669360548, 0.00106721662451, -0.00051250657998, -0.00370388734154, 0.00536877661943, -0.000378088094294, -0.00840623490512, 0.0220775548369, -0.0152427991852, 0.00996134057641, -0.00452615134418, -0.000285678135697], [0.000254953047261, 0.00244698300958, 0.00358307198621, -0.00799182616174, 0.00858875922859, -0.00981508381665, 0.00530463363975, 0.000452216656413, -0.0152427991852, 0.036734174937, -0.0277237761766, 0.0172260627151, -0.00929087586701], [0.000302472966723, -0.0022903282661, -0.00590346613899, 0.0119914393872, -0.0146455895156, 0.0094356443733, -0.00979732349515, 0.00244207843207, 0.00996134057641, -0.0277237761766, 0.0539398677647, -0.0445265248418, 0.0205543339252], [-0.000251424935414, 0.0036253076978, 0.00597914354876, -0.01151694078, 0.0140387462452, -0.0096165407449, 0.00720906024799, -0.00389804830775, -0.00452615134418, 0.0172260627151, -0.0445265248418, 0.0711754709482, -0.0375765487552], [0.000625239161309, -0.00180408486631, -0.00314244651236, 0.00792592950165, -0.00758670875803, 0.00489408941939, -0.00428769085556, 0.000640488869976, -0.000285678135697, -0.00929087586701, 0.0205543339252, -0.0375765487552, 0.0414538793266]]
    },
    "melbands": {
        "dmean": [0.0010676154634, 0.00106110936031, 0.000899070990272, 0.000310196424834, 0.000136430666316, 0.000115200113214, 0.000136365721119, 0.000137924653245, 0.00011685188656, 8.66733316798e-05, 8.0936588347e-05, 8.50547585287e-05, 8.41168948682e-05, 9.0684814495e-05, 0.000111184206617, 9.73269925453e-05, 6.56058618915e-05, 7.6076874393e-05, 7.43292912375e-05, 6.01478350291e-05, 4.05376704293e-05, 3.74098890461e-05, 2.66341685347e-05, 1.58529473993e-05, 9.58518194238e-06, 8.13043880044e-06, 5.61032129553e-06, 6.98077110428e-06, 7.22017693988e-06, 8.76114427228e-06, 7.86624514149e-06, 7.37708251108e-06, 5.39491202289e-06, 5.85002271691e-06, 4.63996002509e-06, 4.29821966463e-06, 3.97389794671e-06, 1.97609483621e-06, 9.63465822679e-07, 4.0974566673e-07],
        "dmean2": [0.00161044334527, 0.00187206233386, 0.00151107716374, 0.000526550982613, 0.000231650716159, 0.000197169283638, 0.000231665879255, 0.000236018589931, 0.000200704467716, 0.000146846025018, 0.000135218244395, 0.000140216798172, 0.000138942617923, 0.000148223742144, 0.000184410018846, 0.000161463132827, 0.0001068640413, 0.000124839745695, 0.000118202013255, 9.7983473097e-05, 6.53326424072e-05, 6.15382450633e-05, 4.39382056356e-05, 2.58576164924e-05, 1.57324611791e-05, 1.37242768687e-05, 9.44243674894e-06, 1.19466367323e-05, 1.20239246826e-05, 1.4486668988e-05, 1.28285828396e-05, 1.19990645544e-05, 8.55043072079e-06, 9.13353142096e-06, 7.10351196176e-06, 6.43123939881e-06, 5.86495116295e-06, 3.04243076243e-06, 1.44752698361e-06, 6.11293273778e-07],
        "dvar": [4.92712433697e-06, 3.9760971049e-06, 4.86733415528e-06, 3.48008683204e-07, 3.30694653883e-08, 2.54381244957e-08, 3.21123749814e-08, 4.4417209466e-08, 4.06282261167e-08, 1.55821879844e-08, 1.55994843709e-08, 2.29660486184e-08, 1.89560349639e-08, 2.75865801314e-08, 5.37509805554e-08, 3.11239460871e-08, 1.0744044765e-08, 1.68739671125e-08, 1.70219163209e-08, 1.15564935399e-08, 3.64614871629e-09, 4.11945499934e-09, 1.28583621528e-09, 4.8176845846e-10, 1.59158769497e-10, 1.75889844356e-10, 6.79164779971e-11, 1.21571377965e-10, 9.59508791865e-11, 2.86949131123e-10, 1.44424944226e-10, 1.2968073837e-10, 7.30010912831e-11, 1.13873577234e-10, 6.52313897342e-11, 9.50823864088e-11, 1.18902943047e-10, 2.51486591968e-11, 4.88789130698e-12, 8.73602622534e-13],
        "dvar2": [1.05585504571e-05, 1.13827281893e-05, 1.26328332044e-05, 9.37388222155e-07, 8.78639312418e-08, 6.71188118417e-08, 8.19842966848e-08, 1.2172552033e-07, 1.072823963e-07, 3.99950188523e-08, 3.85847478412e-08, 6.33873966649e-08, 4.95950835955e-08, 6.77771367918e-08, 1.38425022556e-07, 8.29018844684e-08, 2.63692108149e-08, 4.11785663346e-08, 3.79206355205e-08, 2.75946288042e-08, 8.78164563289e-09, 9.38471700351e-09, 3.29204263849e-09, 1.15538267842e-09, 4.08489964077e-10, 4.77239414653e-10, 1.87055884671e-10, 3.40912714725e-10, 2.61257404599e-10, 7.15521586425e-10, 3.64892421834e-10, 3.09577058433e-10, 1.76655440276e-10, 2.6724816804e-10, 1.43617132076e-10, 2.0824891811e-10, 2.45403947163e-10, 5.75040015605e-11, 1.07276227831e-11, 1.8247267846e-12],
        "max": [0.0262043848634, 0.0202097650617, 0.020227426663, 0.00596135901287, 0.00258566858247, 0.00238268007524, 0.00237478548661, 0.00312957027927, 0.00280765583739, 0.00205860286951, 0.00212995219044, 0.00211559003219, 0.00212788092904, 0.00247095432132, 0.00488457968459, 0.00260219397023, 0.00140581000596, 0.00230263383128, 0.0025424330961, 0.0018437281251, 0.00110119860619, 0.00174873473588, 0.000502395327203, 0.000342475599609, 0.000170107072336, 0.000117525494716, 0.000129240026581, 0.000186555276741, 0.000188312638784, 0.000526667339727, 0.000253330130363, 0.000159072398674, 0.000170113533386, 0.000189891419723, 0.000155733359861, 0.000196749751922, 0.000233141792705, 0.000126696468215, 6.49811845506e-05, 2.14624687942e-05],
        "mean": [0.00142318534199, 0.0013625677675, 0.00101169629488, 0.000375579227693, 0.000204343014047, 0.000175398803549, 0.000203278264962, 0.000198490641196, 0.000165468416526, 0.000136862581712, 0.000127849663841, 0.000137019029353, 0.00014690271928, 0.00016610349121, 0.000202268493013, 0.000179919588845, 0.000118831048894, 0.000135743233841, 0.000138157629408, 0.000105020400952, 7.63752614148e-05, 7.06787031959e-05, 4.96430548083e-05, 3.14466378768e-05, 1.88773319678e-05, 1.41312866617e-05, 1.16569863167e-05, 1.39433923323e-05, 1.52974571392e-05, 1.731073462e-05, 1.65390356415e-05, 1.63593522302e-05, 1.20727345347e-05, 1.24881735246e-05, 1.00939205367e-05, 9.00283430383e-06, 7.58648320698e-06, 3.86393594454e-06, 1.88929300293e-06, 7.96681717929e-07],
        "median": [0.000407853134675, 0.000564902671613, 0.000413966481574, 0.000208021709113, 0.0001532266906, 0.000125713035231, 0.000130165106384, 0.000129881547764, 0.000102197765955, 8.11158752185e-05, 7.96941967565e-05, 7.43277196307e-05, 7.51659244997e-05, 6.81821693433e-05, 7.88666366134e-05, 8.01788919489e-05, 6.4165891672e-05, 6.64890758344e-05, 6.89644657541e-05, 5.3744057368e-05, 4.71227067464e-05, 4.37837261416e-05, 3.51183989551e-05, 2.2245609216e-05, 1.49720444824e-05, 1.02607746157e-05, 9.17330999073e-06, 1.13602691272e-05, 1.25122833197e-05, 1.22005640151e-05, 1.13260684884e-05, 9.8726750366e-06, 7.62443414715e-06, 6.87764759277e-06, 5.32251033292e-06, 3.85507155443e-06, 2.72344709629e-06, 1.76001788077e-06, 9.12449763746e-07, 3.61867279253e-07],
        "min": [4.52182202793e-09, 5.55217960496e-09, 6.01980465476e-10, 3.23862076046e-10, 1.21775856066e-09, 2.69603050995e-09, 4.59163762567e-10, 1.075602718e-09, 4.23114515646e-10, 2.42290881802e-10, 1.10048609114e-10, 6.68556460193e-11, 1.66607797003e-10, 8.16528511471e-11, 2.07724115686e-11, 3.91793195109e-11, 2.58032466921e-11, 9.59198345751e-12, 1.54203576991e-11, 1.72779620472e-11, 7.17112870821e-12, 1.13113112626e-11, 7.30852964953e-12, 1.21954790017e-11, 1.04908486412e-11, 9.63664911757e-12, 1.16203418415e-11, 2.35112485036e-11, 5.64549761106e-11, 1.06399515934e-11, 2.84056684424e-11, 5.5791413156e-11, 6.37240954449e-11, 6.89604415238e-11, 3.639779797e-11, 4.48944388609e-11, 4.54116744208e-11, 3.5377430152e-11, 6.38509080678e-12, 1.2940947142e-12],
        "var": [8.0088921095e-06, 4.8635024541e-06, 4.33798322774e-06, 3.16070043027e-07, 4.69149590288e-08, 3.27479803275e-08, 5.82568269181e-08, 5.35458681838e-08, 4.83190909506e-08, 3.02709857181e-08, 2.94826580927e-08, 4.00840534098e-08, 4.17670023012e-08, 7.22379951412e-08, 1.39426887813e-07, 7.59970930631e-08, 2.41072157792e-08, 4.28440785072e-08, 4.42306635762e-08, 2.61102677257e-08, 9.04991104278e-09, 9.74279590338e-09, 2.76626410667e-09, 1.11174514039e-09, 3.03764624565e-10, 2.10095052466e-10, 1.0787191973e-10, 1.60289920226e-10, 1.77825504322e-10, 4.48743098236e-10, 3.46775497206e-10, 3.52231827039e-10, 2.04914196722e-10, 3.0384633698e-10, 2.23790513898e-10, 2.87106866059e-10, 3.2235156211e-10, 6.80465267466e-11, 1.29962308276e-11, 2.30424381832e-12]
    },
    "mfcc": {
        "mean": [-584.142822266, 85.6116867065, -8.90478515625, 14.3171281815, -1.78698015213, 19.0533485413, -8.44465923309, 7.54983615875, 0.513626217842, 2.74243664742, -2.29122877121, 6.85291957855, -3.18391871452],
        "cov": [[4468.06298828, -451.202819824, -781.980224609, 12.6048288345, 404.822235107, 216.371994019, -2.44317007065, 51.0899658203, -5.24321126938, 20.3142185211, 49.8974342346, -6.45805311203, -1.32026147842], [-451.202819824, 628.311279297, -102.328308105, 27.330789566, 38.224571228, 5.82125234604, 71.3845443726, 35.2084350586, 26.9146499634, 19.8331794739, 18.6361618042, 5.05629014969, 18.416973114], [-781.980224609, -102.328308105, 668.266174316, 126.29196167, -127.607704163, -65.872505188, -16.2106590271, 5.65178775787, 1.43691635132, 8.46088600159, -14.4673471451, -10.8186397552, -21.7507400513], [12.6048288345, 27.330789566, 126.29196167, 272.362640381, 70.6516876221, 24.5472507477, 2.67828083038, 24.7265911102, 38.4571876526, 34.8541412354, 32.3861083984, 8.97917747498, 18.2100334167], [404.822235107, 38.224571228, -127.607704163, 70.6516876221, 257.290496826, 65.5382232666, 31.0214385986, 34.8443946838, 35.0256576538, 48.0647926331, 38.8402061462, 17.8677310944, 26.4151115417], [216.371994019, 5.82125234604, -65.872505188, 24.5472507477, 65.5382232666, 129.517074585, 70.4261169434, 15.2501077652, 3.29993319511, 13.9948978424, 20.1891994476, 14.908987999, 20.3369140625], [-2.44317007065, 71.3845443726, -16.2106590271, 2.67828083038, 31.0214385986, 70.4261169434, 146.129150391, 50.7918548584, -1.87912881374, 6.17868423462, 24.4423713684, 15.1962146759, 20.2387905121], [51.0899658203, 35.2084350586, 5.65178775787, 24.7265911102, 34.8443946838, 15.2501077652, 50.7918548584, 77.7545623779, 34.6999740601, 20.9553871155, 15.3436288834, 7.69359874725, 9.9987077713], [-5.24321126938, 26.9146499634, 1.43691635132, 38.4571876526, 35.0256576538, 3.29993319511, -1.87912881374, 34.6999740601, 82.7714309692, 44.1262550354, 19.1475296021, 7.75619363785, 12.8404102325], [20.3142185211, 19.8331794739, 8.46088600159, 34.8541412354, 48.0647926331, 13.9948978424, 6.17868423462, 20.9553871155, 44.1262550354, 66.4672546387, 31.7133197784, 12.2135267258, 12.6178417206], [49.8974342346, 18.6361618042, -14.4673471451, 32.3861083984, 38.8402061462, 20.1891994476, 24.4423713684, 15.3436288834, 19.1475296021, 31.7133197784, 63.2388114929, 33.8560676575, 13.9507045746], [-6.45805311203, 5.05629014969, -10.8186397552, 8.97917747498, 17.8677310944, 14.908987999, 15.1962146759, 7.69359874725, 7.75619363785, 12.2135267258, 33.8560676575, 62.3675460815, 29.6400413513], [-1.32026147842, 18.416973114, -21.7507400513, 18.2100334167, 26.4151115417, 20.3369140625, 20.2387905121, 9.9987077713, 12.8404102325, 12.6178417206, 13.9507045746, 29.6400413513, 58.811252594]],
