{
"lowlevel": {
    "average_loudness": 0.981963515282,
    "barkbands_crest": {
        "dmean": 1.83758425713,
        "dmean2": 3.02334213257,
        "dvar": 2.86668968201,
        "dvar2": 7.52882575989,
        "max": 20.7485904694,
        "mean": 6.71669626236,
        "median": 6.12716531754,
        "min": 2.62177610397,
        "var": 5.96035385132
    },
    "barkbands_flatness_db": {
        "dmean": 0.014325639233,
        "dmean2": 0.0215051304549,
        "dvar": 0.000141770360642,
        "dvar2": 0.000324448337778,
        "max": 0.223720341921,
        "mean": 0.142697274685,
        "median": 0.142604514956,
        "min": 0.0723041445017,
        "var": 0.000582763401326
    },
    "barkbands_kurtosis": {
        "dmean": 0.748943686485,
        "dmean2": 1.19491124153,
        "dvar": 0.676321744919,
        "dvar2": 1.65353095531,
        "max": 13.3158569336,
        "mean": 0.627234995365,
        "median": 0.339956045151,
        "min": -1.42738294601,
        "var": 1.63890814781
    },
    "barkbands_skewness": {
        "dmean": 0.278393357992,
        "dmean2": 0.432962119579,
        "dvar": 0.0732526779175,
        "dvar2": 0.177841573954,
        "max": 2.58035469055,
        "mean": 0.501043796539,
        "median": 0.466847330332,
        "min": -1.01246619225,
        "var": 0.199931100011
    },
    "barkbands_spread": {
        "dmean": 3.93444180489,
        "dmean2": 5.84538125992,
        "dvar": 16.1360206604,
        "dvar2": 34.9805145264,
        "max": 63.2598571777,
        "mean": 19.3466053009,
        "median": 18.2711238861,
        "min": 4.08809900284,
        "var": 51.3691253662
    },
    "dissonance": {
        "dmean": 0.0169563125819,
        "dmean2": 0.0290507525206,
        "dvar": 0.000269338866929,
        "dvar2": 0.000723818026017,
        "max": 0.5,
        "mean": 0.47415971756,
        "median": 0.479012310505,
        "min": 0.279946535826,
        "var": 0.000422762619564
    },
    "dynamic_complexity": 0.942465722561,
    "erbbands_crest": {
        "dmean": 2.11649107933,
        "dmean2": 3.41978311539,
        "dvar": 3.8629629612,
        "dvar2": 9.68102931976,
        "max": 25.9305324554,
        "mean": 8.01760673523,
        "median": 7.43260240555,
        "min": 2.6840929985,
        "var": 8.83364582062
    },
    "erbbands_flatness_db": {
        "dmean": 0.0149992732331,
        "dmean2": 0.0205591674894,
        "dvar": 0.000200253285584,
        "dvar2": 0.000388094311347,
        "max": 0.303589642048,
        "mean": 0.208391919732,
        "median": 0.209619998932,
        "min": 0.115229316056,
        "var": 0.000805761083029
    },
    "erbbands_kurtosis": {
        "dmean": 0.948993623257,
        "dmean2": 1.44216179848,
        "dvar": 1.13954985142,
        "dvar2": 2.40914773941,
        "max": 16.1824131012,
        "mean": 1.17901325226,
        "median": 0.795129299164,
        "min": -1.70835506916,
        "var": 3.2264945507
    },
    "erbbands_skewness": {
        "dmean": 0.318593889475,
        "dmean2": 0.493466705084,
        "dvar": 0.0732544586062,
        "dvar2": 0.178032338619,
        "max": 3.18518686295,
        "mean": 0.651085197926,
        "median": 0.621046900749,
        "min": -0.939879119396,
        "var": 0.244441002607
    },
    "erbbands_spread": {
        "dmean": 5.62809419632,
        "dmean2": 8.13203525543,
        "dvar": 54.7709274292,
        "dvar2": 111.091400146,
        "max": 91.2475891113,
        "mean": 23.5153827667,
        "median": 20.5188961029,
        "min": 5.18568611145,
        "var": 142.563644409
    },
    "hfc": {
        "dmean": 6.63642263412,
        "dmean2": 9.98364257812,
        "dvar": 48.045791626,
        "dvar2": 106.627250671,
        "max": 108.847930908,
        "mean": 36.0948753357,
        "median": 35.1301040649,
        "min": 0.000456355162896,
        "var": 154.176757812
    },
    "melbands_crest": {
        "dmean": 2.36540055275,
        "dmean2": 4.00896167755,
        "dvar": 5.39070463181,
        "dvar2": 15.1323986053,
        "max": 25.830619812,
        "mean": 8.56163597107,
        "median": 7.9782705307,
        "min": 3.8075594902,
        "var": 7.64903736115
    },
    "melbands_flatness_db": {
        "dmean": 0.0172103196383,
        "dmean2": 0.0247240569443,
        "dvar": 0.000238383174292,
        "dvar2": 0.000525364477653,
        "max": 0.261748254299,
        "mean": 0.160932064056,
        "median": 0.162192374468,
        "min": 0.0586483962834,
        "var": 0.00105155725032
    },
    "melbands_kurtosis": {
        "dmean": 1.41388142109,
        "dmean2": 2.25171542168,
        "dvar": 3.7665784359,
        "dvar2": 9.37700462341,
        "max": 23.2503299713,
        "mean": 2.06369972229,
        "median": 1.29292106628,
        "min": -1.26065385342,
        "var": 6.7725610733
    },
    "melbands_skewness": {
        "dmean": 0.381689041853,
        "dmean2": 0.586015641689,
        "dvar": 0.178835853934,
        "dvar2": 0.433792203665,
        "max": 4.34532499313,
        "mean": 0.941420614719,
        "median": 0.844709694386,
        "min": -1.04800367355,
        "var": 0.398208856583
    },
    "melbands_spread": {
        "dmean": 4.77862024307,
        "dmean2": 7.53987836838,
        "dvar": 20.6108169556,
        "dvar2": 53.648979187,
        "max": 78.158531189,
        "mean": 26.9896221161,
        "median": 26.2870941162,
        "min": 5.5077586174,
        "var": 58.3927955627
    },
    "pitch_salience": {
        "dmean": 0.0554429814219,
        "dmean2": 0.09146694839,
        "dvar": 0.00217941589653,
        "dvar2": 0.00595711125061,
        "max": 0.865277290344,
        "mean": 0.650497734547,
        "median": 0.65271538496,
        "min": 0.353830605745,
        "var": 0.00460468698293
    },
    "silence_rate_20dB": {
        "dmean": 0,
        "dmean2": 0,
        "dvar": 0,
        "dvar2": 0,
        "max": 1,
        "mean": 1,
        "median": 1,
        "min": 1,
        "var": 0
    },
    "silence_rate_30dB": {
        "dmean": 0,
        "dmean2": 0,
        "dvar": 0,
        "dvar2": 0,
        "max": 1,
        "mean": 1,
        "median": 1,
        "min": 1,
        "var": 0
    },
    "silence_rate_60dB": {
        "dmean": 0.000773993786424,
        "dmean2": 0.00154858687893,
        "dvar": 0.000773391744588,
        "dvar2": 0.00154617486987,
        "max": 1,
        "mean": 0.00889748521149,
        "median": 0,
        "min": 0,
        "var": 0.00881831161678
    },
    "spectral_centroid": {
        "dmean": 160.271728516,
        "dmean2": 247.292251587,
        "dvar": 26445.7871094,
        "dvar2": 61923.6679688,
        "max": 2701.62792969,
        "mean": 1229.58691406,
        "median": 1188.01574707,
        "min": 575.433959961,
        "var": 81944.34375
    },
    "spectral_complexity": {
        "dmean": 4.13390111923,
        "dmean2": 6.32365465164,
        "dvar": 14.3636484146,
        "dvar2": 32.3367614746,
        "max": 55,
        "mean": 29.9245643616,
        "median": 29,
        "min": 0,
        "var": 49.2239952087
    },
    "spectral_decrease": {
        "dmean": 1.6975660877e-09,
        "dmean2": 2.79503198364e-09,
        "dvar": 2.447343296e-18,
        "dvar2": 6.61182834406e-18,
        "max": -1.78974063759e-13,
        "mean": -9.94370186191e-09,
        "median": -9.84657688718e-09,
        "min": -1.93016767014e-08,
        "var": 6.89164410655e-18
    },
    "spectral_energy": {
        "dmean": 0.00676897587255,
        "dmean2": 0.0110837677494,
        "dvar": 3.87317159039e-05,
        "dvar2": 0.000103055899672,
        "max": 0.0786438435316,
        "mean": 0.040803771466,
        "median": 0.0403932332993,
        "min": 7.35305718536e-07,
        "var": 0.000113177884487
    },
    "spectral_energyband_high": {
        "dmean": 0.000498627137858,
        "dmean2": 0.000716079841368,
        "dvar": 9.93886942524e-07,
        "dvar2": 2.09699987863e-06,
        "max": 0.0113779408857,
        "mean": 0.000907436071429,
        "median": 0.000408376508858,
        "min": 1.07391056048e-08,
        "var": 1.92109087038e-06
    },
    "spectral_energyband_low": {
        "dmean": 0.00287719629705,
        "dmean2": 0.00485963467509,
        "dvar": 1.26554223243e-05,
        "dvar2": 3.51648159267e-05,
        "max": 0.0320238769054,
        "mean": 0.00690157245845,
        "median": 0.00618346361443,
        "min": 1.17380807296e-07,
        "var": 1.71550691448e-05
    },
    "spectral_energyband_middle_high": {
        "dmean": 0.00337712094188,
        "dmean2": 0.00515504321083,
        "dvar": 1.08338599603e-05,
        "dvar2": 2.54823607975e-05,
        "max": 0.046219509095,
        "mean": 0.01481752377,
        "median": 0.0138368075714,
        "min": 6.28257197377e-08,
        "var": 4.22856210207e-05
    },
    "spectral_energyband_middle_low": {
        "dmean": 0.00567611772567,
        "dmean2": 0.00925552099943,
        "dvar": 3.54853364115e-05,
        "dvar2": 9.46291256696e-05,
        "max": 0.0638332366943,
        "mean": 0.0196132604033,
        "median": 0.0180565770715,
        "min": 1.41878814475e-07,
        "var": 8.04754163255e-05
    },
    "spectral_entropy": {
        "dmean": 0.119216397405,
        "dmean2": 0.160086631775,
        "dvar": 0.0123376715928,
        "dvar2": 0.0204740613699,
        "max": 8.32875728607,
        "mean": 7.63059854507,
        "median": 7.61418056488,
        "min": 6.79015254974,
        "var": 0.0602242909372
    },
    "spectral_flux": {
        "dmean": 0.0214063134044,
        "dmean2": 0.031267888844,
        "dvar": 0.000382707890822,
        "dvar2": 0.000721141055692,
        "max": 0.224177822471,
        "mean": 0.104108080268,
        "median": 0.100457347929,
        "min": 0.000887781032361,
        "var": 0.00115878973156
    },
    "spectral_kurtosis": {
        "dmean": 1.92516565323,
        "dmean2": 3.15676355362,
        "dvar": 3.20614767075,
        "dvar2": 8.64258861542,
        "max": 17.5173931122,
        "mean": 4.27729845047,
        "median": 3.94302654266,
        "min": -1.06797778606,
        "var": 7.59340238571
    },
    "spectral_rms": {
        "dmean": 0.000518089800607,
        "dmean2": 0.00084274681285,
        "dvar": 2.09571936693e-07,
        "dvar2": 5.53753068289e-07,
        "max": 0.00875932071358,
        "mean": 0.00623531220481,
        "median": 0.00627758167684,
        "min": 2.6783791327e-05,
        "var": 9.29483235268e-07
    },
    "spectral_rolloff": {
        "dmean": 311.84967041,
        "dmean2": 527.211486816,
        "dvar": 282199.1875,
        "dvar2": 685011.4375,
        "max": 6718.359375,
        "mean": 1485.81542969,
        "median": 1378.125,
        "min": 495.263671875,
        "var": 488634.1875
    },
    "spectral_skewness": {
        "dmean": 0.252150803804,
        "dmean2": 0.386450260878,
        "dvar": 0.0474640317261,
        "dvar2": 0.106507964432,
        "max": 3.1706943512,
        "mean": 1.5732446909,
        "median": 1.59037470818,
        "min": 0.263309895992,
        "var": 0.164685249329
    },
    "spectral_spread": {
        "dmean": 383271.125,
        "dmean2": 515669.375,
        "dvar": 177660870656,
        "dvar2": 266032054272,
        "max": 8069978,
        "mean": 3511294,
        "median": 3293007,
        "min": 2016636.625,
        "var": 867291103232
    },
    "spectral_strongpeak": {
        "dmean": 0.945127308369,
        "dmean2": 1.58353257179,
        "dvar": 1.02189159393,
        "dvar2": 2.39183521271,
        "max": 8.75113964081,
        "mean": 1.67981874943,
        "median": 1.43509054184,
        "min": 0.00416252808645,
        "var": 2.03452467918
    },
    "zerocrossingrate": {
        "dmean": 0.00691605778411,
        "dmean2": 0.00846051704139,
        "dvar": 5.68010909774e-05,
        "dvar2": 7.45947545511e-05,
        "max": 0.16943359375,
        "mean": 0.0574165843427,
        "median": 0.05322265625,
        "min": 0.02197265625,
        "var": 0.000298311526421
    },
    "barkbands": {
        "dmean": [9.02697793208e-05, 0.00150489842054, 0.0016302006552, 0.00133937923238, 0.00149428460281, 0.00089479010785, 0.00163887289818, 0.00223211664706, 0.00274780346081, 0.0016409290256, 0.00207834411412, 0.000673893257044, 0.000768319936469, 0.000748497899622, 0.000651116773952, 0.000346981571056, 0.000291836855467, 0.000211387683521, 0.00015355036885, 0.000100482553535, 0.000113955306006, 0.00015711193555, 0.000143443830893, 9.25088170334e-05, 1.04682494566e-05, 8.03329935906e-09, 1.56527557582e-09],
        "dmean2": [0.000142144694109, 0.00254276348278, 0.00284136785194, 0.00239527761005, 0.00260630366392, 0.00148276612163, 0.00256384350359, 0.00362672563642, 0.00428842473775, 0.00253238901496, 0.0031595765613, 0.00107219198253, 0.00125256681349, 0.00120822130702, 0.00105437892489, 0.000563735724427, 0.000485227123136, 0.000350814225385, 0.000251824443694, 0.000159697272466, 0.000176234301762, 0.000237910731812, 0.000213319188333, 0.000135066511575, 1.53662749653e-05, 1.27903092562e-08, 2.91503376992e-09],
        "dvar": [6.60603083347e-09, 3.05511684928e-06, 5.91704610997e-06, 5.31543264515e-06, 1.04065411506e-05, 2.03449371838e-06, 4.32929800809e-06, 7.57747238822e-06, 1.32267095978e-05, 3.72265776605e-06, 6.53821552987e-06, 5.87077295222e-07, 1.17224305995e-06, 1.05238950709e-06, 1.0793499996e-06, 2.42470150624e-07, 1.57511266252e-07, 7.44635073602e-08, 3.89544787538e-08, 2.27256293783e-08, 5.35616031527e-08, 1.06036480929e-07, 9.21373413121e-08, 3.73718016533e-08, 4.84186968297e-10, 2.38549915405e-16, 3.36578777952e-18],
        "dvar2": [1.57049520055e-08, 8.40204211272e-06, 1.66234694916e-05, 1.51109807121e-05, 2.79354972008e-05, 5.41032022738e-06, 1.02839749161e-05, 1.97978788492e-05, 3.27846064465e-05, 8.62126125867e-06, 1.46754255184e-05, 1.53693338234e-06, 2.79120195046e-06, 2.39646806222e-06, 2.97195879284e-06, 5.64984588891e-07, 3.98955847913e-07, 1.92522733755e-07, 9.95696254336e-08, 5.40111670944e-08, 1.23777851968e-07, 2.29802154195e-07, 1.97064949248e-07, 8.35267854882e-08, 9.94384796726e-10, 5.30887111175e-16, 1.03420588734e-17],
        "max": [0.000844011316076, 0.0180090591311, 0.01921851933, 0.0202906411141, 0.0319212116301, 0.0175869911909, 0.0335229635239, 0.0390404164791, 0.0545816868544, 0.0260298270732, 0.035735860467, 0.0107535514981, 0.017277142033, 0.0188156981021, 0.0219768993556, 0.010229261592, 0.00979125592858, 0.00342482374981, 0.00254550599493, 0.00186474830844, 0.00271946983412, 0.00466683413833, 0.00598741741851, 0.00248636305332, 0.000386497122236, 2.22064699074e-07, 1.63912741158e-08],
        "mean": [0.000213932871702, 0.00309271365404, 0.00278802681714, 0.0016542377416, 0.00193999544717, 0.00154148554429, 0.0033819405362, 0.00407079234719, 0.00599010102451, 0.00340639404021, 0.00401540892199, 0.00142013945151, 0.00159861566499, 0.00146568019409, 0.00124048721045, 0.000689301465172, 0.000602125190198, 0.000392302841647, 0.000289421586785, 0.00018187816022, 0.000169837687281, 0.000250125012826, 0.000240904846578, 0.000151611646288, 1.63089644047e-05, 1.18457288423e-08, 1.26345522933e-09],
        "median": [0.000197136614588, 0.00257301167585, 0.00227212766185, 0.00102323584724, 0.00116719584912, 0.000886818394065, 0.00231777667068, 0.00283551192842, 0.00465351715684, 0.0026330833789, 0.00254649901763, 0.00114843051415, 0.00117209844757, 0.00102131580934, 0.000827521958854, 0.000493597821333, 0.000439184514107, 0.000291080359602, 0.000199359114049, 0.000119147363876, 7.84592921264e-05, 9.20238671824e-05, 9.25398635445e-05, 6.40357466182e-05, 5.61988326808e-06, 5.1700195236e-09, 6.07310590706e-10],
        "min": [1.51400392223e-09, 4.48276509246e-08, 5.14967908316e-08, 8.9872198572e-09, 1.51714765195e-08, 2.56896326434e-09, 4.67262850634e-08, 7.5540418365e-09, 2.55252814441e-08, 1.44389238343e-08, 1.39478084638e-09, 4.81670436869e-09, 3.01313951567e-09, 2.42550290963e-09, 2.07727857138e-09, 1.99675231904e-09, 7.34568461613e-10, 4.05093597555e-10, 1.2586254261e-09, 2.55680421279e-10, 6.03470384775e-10, 1.16007181639e-09, 1.91243976211e-09, 1.11376186052e-09, 1.62986277252e-10, 4.68475779003e-12, 6.24425511297e-12],
        "var": [1.22992327434e-08, 5.00273017678e-06, 6.0831821429e-06, 4.26782889917e-06, 8.16008378024e-06, 3.82867165172e-06, 1.21707062135e-05, 1.56760233949e-05, 2.92213153443e-05, 9.68445328908e-06, 2.00285394385e-05, 1.303715635e-06, 2.52327618e-06, 2.44323859988e-06, 1.90490106888e-06, 5.3519102039e-07, 3.97059068291e-07, 1.22315867657e-07, 6.568234312e-08, 3.4630897261e-08, 7.16437824622e-08, 2.02021027462e-07, 2.22480821321e-07, 6.34826022861e-08, 8.3119616745e-10, 3.60224477742e-16, 2.94886993243e-18]
    },
    "erbbands": {
        "dmean": [0.0312893688679, 0.396725952625, 1.63142681122, 3.09313464165, 5.99768018723, 4.12559652328, 6.21482276917, 7.04000806808, 15.5213165283, 35.7066650391, 47.4793434143, 59.2361831665, 49.7109298706, 61.3777160645, 53.8523902893, 26.7017498016, 30.5589504242, 36.2157554626, 36.3926506042, 21.8099822998, 18.2703208923, 15.8373355865, 11.6658639908, 7.8881020546, 7.13052845001, 4.43934202194, 4.2911233902, 4.91681671143, 5.48455858231, 5.25435018539, 3.98723506927, 2.67808938026, 1.08200228214, 0.23460033536, 0.0128252692521, 0.000615435710642, 4.83773183078e-05, 9.59075077844e-06, 5.15821284353e-06, 8.18584430817e-06],
        "dmean2": [0.0520858503878, 0.671629369259, 2.82982206345, 5.47237110138, 11.0085964203, 6.94154310226, 10.2119760513, 11.7303199768, 24.9531974792, 55.6935691833, 75.7170181274, 91.8457794189, 77.6694641113, 94.7584838867, 84.2618331909, 42.5138511658, 49.4660835266, 57.3773841858, 59.2306747437, 34.9789123535, 29.7202320099, 26.1216907501, 19.1134033203, 13.0808897018, 11.6471614838, 7.03364181519, 6.68567752838, 7.55109786987, 8.28102970123, 7.92314815521, 5.95126914978, 3.93445467949, 1.56263625622, 0.332712799311, 0.0184643007815, 0.000877398299053, 6.79503573338e-05, 1.35439640871e-05, 7.72139173932e-06, 1.31276665343e-05],
        "dvar": [0.00135901779868, 0.230067893863, 5.84555625916, 19.7292690277, 232.740875244, 52.8487319946, 80.5509872437, 173.706283569, 470.930908203, 2117.83081055, 3449.98095703, 7632.66699219, 4039.25708008, 5074.46972656, 4323.86523438, 1010.43457031, 2044.81311035, 2415.37548828, 2712.22924805, 1309.703125, 588.225158691, 410.825744629, 221.930480957, 97.1971130371, 102.703308105, 49.8557357788, 72.2447052002, 98.7900695801, 127.450912476, 120.030197144, 74.161895752, 31.6589794159, 5.13556432724, 0.230982348323, 0.000705958169419, 1.57587703598e-06, 9.04910990585e-09, 3.34119815149e-10, 4.028876191e-11, 5.93827556572e-11],
        "dvar2": [0.00371225527488, 0.627947509289, 16.2476119995, 55.2324104309, 656.578308105, 133.442489624, 202.072006226, 469.160583496, 1169.78076172, 5314.48242188, 8858.31738281, 18610.0742188, 9043.4765625, 12401.8818359, 10656.09375, 2564.03637695, 4885.48583984, 5432.06542969, 7115.10644531, 3213.86035156, 1420.36218262, 1068.3079834, 575.213867188, 247.557998657, 257.489776611, 119.427787781, 168.310150146, 221.555175781, 276.370666504, 249.189071655, 165.558700562, 70.1185455322, 11.4098796844, 0.460077464581, 0.00140491267666, 3.09216716232e-06, 1.79298211833e-08, 6.83115231048e-10, 8.78606284949e-11, 1.50569834378e-10],
        "max": [0.40325820446, 4.7911400795, 20.4254131317, 34.9550285339, 114.065963745, 85.8476257324, 115.656669617, 217.507522583, 393.1456604, 711.873657227, 811.336425781, 1589.98339844, 1162.91577148, 1002.83465576, 1113.24316406, 436.085784912, 756.114257812, 1029.92956543, 903.607666016, 762.259460449, 440.739013672, 397.431243896, 180.106491089, 108.293281555, 148.998397827, 83.3344573975, 98.0055007935, 113.000762939, 160.462890625, 204.792602539, 125.884689331, 72.8331604004, 36.3975334167, 7.2294793129, 0.414704203606, 0.0171707905829, 0.00123584328685, 0.000239660817897, 9.64125574683e-05, 0.000101468351204],
        "mean": [0.061531715095, 0.810969233513, 2.99218201637, 4.82490110397, 5.83034133911, 6.09339141846, 11.1253814697, 12.2887363434, 31.4167423248, 76.7177276611, 99.3145599365, 130.488586426, 112.924263, 141.168319702, 115.031433105, 61.6635704041, 67.9561920166, 80.4589691162, 73.2506866455, 47.0535163879, 38.6668434143, 35.0744438171, 23.638507843, 15.7846784592, 14.0326023102, 8.02851581573, 6.48446702957, 7.299888134, 8.64919948578, 8.70534038544, 6.5090637207, 4.27957391739, 1.83946526051, 0.398284673691, 0.0215601474047, 0.00109765701927, 0.000104359467514, 2.23342194658e-05, 2.65206654149e-05, 5.00755922985e-05],
        "median": [0.0476661063731, 0.664981782436, 2.47263455391, 3.33949065208, 3.02136564255, 3.85018897057, 7.19074821472, 7.50394010544, 21.383398056, 56.2100753784, 76.5696563721, 98.4739379883, 91.5425109863, 109.023498535, 85.3961791992, 48.4661445618, 50.9414367676, 60.2053146362, 54.9901123047, 31.0814876556, 28.7406387329, 26.0057067871, 18.395778656, 11.6545820236, 9.37118721008, 5.24165630341, 3.47472596169, 3.04402756691, 3.12535667419, 3.18974328041, 2.59760975838, 1.7406951189, 0.823331773281, 0.154063865542, 0.00784767884761, 0.00043467929936, 5.49179785594e-05, 1.32768700496e-05, 2.48861051659e-05, 4.98184781463e-05],
        "min": [8.97577251635e-07, 1.18236321214e-05, 5.49224714632e-05, 5.43896967429e-05, 5.15703140991e-05, 4.58060603705e-05, 4.72009778605e-05, 5.85300367675e-05, 0.000501182454173, 0.000512373633683, 0.00028089270927, 0.000429655134212, 0.000698786461726, 0.00097582890885, 0.000135712965857, 0.00015647438704, 0.00014730085968, 9.60433972068e-05, 0.000148502353113, 6.70334920869e-05, 0.000126315484522, 5.45862167201e-05, 2.90488042083e-05, 3.51759481418e-05, 6.20903883828e-05, 1.73467960849e-05, 2.23288025154e-05, 2.24637096835e-05, 2.66009355983e-05, 7.06659993739e-05, 5.66468443139e-05, 3.13682976412e-05, 1.487332338e-05, 3.17691637974e-06, 2.22571983954e-07, 6.89662513764e-08, 1.31742101672e-08, 3.1459495009e-09, 1.44941836311e-09, 1.045963538e-09],
        "var": [0.00256543396972, 0.348112076521, 6.02172517776, 21.4842472076, 142.789535522, 58.9427528381, 154.825012207, 290.313598633, 1121.77783203, 4851.49072266, 6815.92871094, 16653.5644531, 8515.34667969, 14056.0791016, 10723.1738281, 2320.0859375, 4297.93115234, 5960.29443359, 4827.40869141, 3034.86083984, 1350.73510742, 1133.2401123, 391.709686279, 160.140319824, 176.736740112, 70.1536636353, 87.4079055786, 148.957061768, 240.557327271, 291.071411133, 150.97869873, 57.889629364, 8.58060359955, 0.43184414506, 0.00134294771124, 3.07425261781e-06, 1.81149690803e-08, 6.73478606217e-10, 1.02198201291e-10, 1.76511763539e-10]
    },
    "gfcc": {
        "mean": [26.7038192749, 138.664031982, -169.200332642, 35.9072761536, -78.9727401733, 29.9788379669, -25.4544487, 2.72994613647, 5.36044979095, -22.6300144196, 4.06619882584, -22.8448638916, 0.0961220040917],
        "cov": [[1348.39208984, -329.59576416, -0.276220917702, 136.941741943, -149.456985474, 71.7200088501, -68.7226715088, -14.6138935089, -62.2862625122, 12.6777791977, -35.4942169189, 17.6918487549, -1.90990269184], [-329.59576416, 468.067108154, -70.6667251587, -138.478515625, 207.11781311, -105.872245789, 97.2883758545, -18.9239635468, 64.0333938599, -37.2575149536, 66.1685256958, -24.8333969116, 12.7188949585], [-0.276220917702, -70.6667251587, 174.619064331, 41.8767433167, -92.9689407349, 42.8317260742, -37.9857673645, 9.94874286652, -11.7558965683, 18.9011154175, -23.8220825195, 8.38313865662, -8.28595352173], [136.941741943, -138.478515625, 41.8767433167, 153.292312622, -32.9056510925, 10.0124225616, -30.9792118073, -13.803147316, -27.4841384888, 3.66839551926, -31.5352191925, 0.99285775423, -5.77203083038], [-149.456985474, 207.11781311, -92.9689407349, -32.9056510925, 197.265472412, -20.4237804413, 53.610168457, 20.2023525238, 25.5521774292, -23.3035869598, 29.4983406067, -24.996805191, 9.80286979675], [71.7200088501, -105.872245789, 42.8317260742, 10.0124225616, -20.4237804413, 127.382858276, 21.9026088715, 15.7498321533, -16.4346675873, 12.6881608963, -10.7130413055, 2.02701640129, -9.52519702911], [-68.7226715088, 97.2883758545, -37.9857673645, -30.9792118073, 53.610168457, 21.9026088715, 110.518028259, 5.41809034348, 13.4567470551, -9.72920131683, 16.4605026245, -9.77178478241, -5.61890459061], [-14.6138935089, -18.9239635468, 9.94874286652, -13.803147316, 20.2023525238, 15.7498321533, 5.41809034348, 91.5052642822, 28.1944293976, 11.1469974518, 2.3686337471, -5.73985624313, 3.03105759621], [-62.2862625122, 64.0333938599, -11.7558965683, -27.4841384888, 25.5521774292, -16.4346675873, 13.4567470551, 28.1944293976, 80.7839431763, 13.6605119705, 9.48750019073, -0.643239974976, -5.8121676445], [12.6777791977, -37.2575149536, 18.9011154175, 3.66839551926, -23.3035869598, 12.6881608963, -9.72920131683, 11.1469974518, 13.6605119705, 50.9657402039, 12.3843231201, -2.43945670128, -2.91447663307], [-35.4942169189, 66.1685256958, -23.8220825195, -31.5352191925, 29.4983406067, -10.7130413055, 16.4605026245, 2.3686337471, 9.48750019073, 12.3843231201, 49.388053894, 13.9149484634, 1.23979747295], [17.6918487549, -24.8333969116, 8.38313865662, 0.99285775423, -24.996805191, 2.02701640129, -9.77178478241, -5.73985624313, -0.643239974976, -2.43945670128, 13.9149484634, 46.6676139832, 16.1625423431], [-1.90990269184, 12.7188949585, -8.28595352173, -5.77203083038, 9.80286979675, -9.52519702911, -5.61890459061, 3.03105759621, -5.8121676445, -2.91447663307, 1.23979747295, 16.1625423431, 38.0601539612]],
        "icov": [[0.00101771776099, -0.00100028200541, 0.00167634198442, -0.00155685911886, 0.00198945682496, -0.00157021800987, 0.00100904412102, -0.000820436456706, 0.000447592930868, 7.66327648307e-05, -8.30252756714e-05, 0.000149651750689, -0.000163515403983], [-0.00100028200541, 0.0481197498739, -0.0354086980224, 0.0292356479913, -0.0430198051035, 0.0355127193034, -0.024952000007, 0.0292293131351, -0.0200378987938, 0.0194861870259, -0.0296338777989, 0.0201461855322, -0.0146070579067], [0.00167634198442, -0.0354086980224, 0.035916659981, -0.0236845370382, 0.0360348746181, -0.02927961573, 0.020380904898, -0.0231520608068, 0.0143944937736, -0.0144383525476, 0.0218917857856, -0.0142653919756, 0.0108254412189], [-0.00155685911886, 0.0292356479913, -0.0236845370382, 0.0278441663831, -0.029522607103, 0.0235740598291, -0.0149906668812, 0.0184951685369, -0.00852759275585, 0.00676688970998, -0.00884289015085, 0.00643288437277, -0.00419172318652], [0.00198945682496, -0.0430198051035, 0.0360348746181, -0.029522607103, 0.0514008179307, -0.0345787890255, 0.0217830725014, -0.0277036484331, 0.0135412309319, -0.0079397847876, 0.0142576145008, -0.0053974990733, 0.00466076331213], [-0.00157021800987, 0.0355127193034, -0.02927961573, 0.0235740598291, -0.0345787890255, 0.0386700816453, -0.02318126522, 0.0192131884396, -0.00954687781632, 0.00750546948984, -0.0140175065026, 0.00765916286036, -0.004793073982], [0.00100904412102, -0.024952000007, 0.020380904898, -0.0149906668812, 0.0217830725014, -0.02318126522, 0.0261095967144, -0.014452977106, 0.00774956913665, -0.00544353201985, 0.00982293765992, -0.00625578407198, 0.00724951783195], [-0.000820436456706, 0.0292293131351, -0.0231520608068, 0.0184951685369, -0.0277036484331, 0.0192131884396, -0.014452977106, 0.031637262553, -0.0172753743827, 0.0108006885275, -0.0183673854917, 0.014879597351, -0.0122853582725], [0.000447592930868, -0.0200378987938, 0.0143944937736, -0.00852759275585, 0.0135412309319, -0.00954687781632, 0.00774956913665, -0.0172753743827, 0.0278980042785, -0.0181520879269, 0.0206390079111, -0.0179995540529, 0.0150437569246], [7.66327648307e-05, 0.0194861870259, -0.0144383525476, 0.00676688970998, -0.0079397847876, 0.00750546948984, -0.00544353201985, 0.0108006885275, -0.0181520879269, 0.0436857119203, -0.0355774536729, 0.0265508014709, -0.0159083772451], [-8.30252756714e-05, -0.0296338777989, 0.0218917857856, -0.00884289015085, 0.0142576145008, -0.0140175065026, 0.00982293765992, -0.0183673854917, 0.0206390079111, -0.0355774536729, 0.0669085010886, -0.0416141040623, 0.0249760076404], [0.000149651750689, 0.0201461855322, -0.0142653919756, 0.00643288437277, -0.0053974990733, 0.00765916286036, -0.00625578407198, 0.014879597351, -0.0179995540529, 0.0265508014709, -0.0416141040623, 0.0560329258442, -0.0308113507926], [-0.000163515403983, -0.0146070579067, 0.0108254412189, -0.00419172318652, 0.00466076331213, -0.004793073982, 0.00724951783195, -0.0122853582725, 0.0150437569246, -0.0159083772451, 0.0249760076404, -0.0308113507926, 0.0458669364452]]
    },
    "melbands": {
        "dmean": [0.000346701708622, 0.000706767954398, 0.000631464645267, 0.000367800268577, 0.000194253632799, 0.000160235431395, 0.000262331799604, 0.000418421986979, 0.000414771871874, 0.000375574687496, 0.000257193634752, 0.000252298894338, 0.000250313634751, 7.55784567446e-05, 7.79658730607e-05, 6.85383492964e-05, 7.40898176446e-05, 6.58343633404e-05, 4.53587235825e-05, 2.42096120928e-05, 2.31155245274e-05, 1.91669714695e-05, 1.32412733365e-05, 1.01528667074e-05, 6.66809000904e-06, 6.15327871856e-06, 4.59553484689e-06, 2.90681168735e-06, 2.71025623988e-06, 2.97123415294e-06, 2.97815722661e-06, 3.15197485179e-06, 3.28992086907e-06, 2.93211496682e-06, 2.53377857007e-06, 1.94677249965e-06, 1.58897591973e-06, 8.55541770761e-07, 4.56223546053e-07, 1.18904530666e-07],
        "dmean2": [0.00058176217135, 0.0012146786321, 0.00113333831541, 0.000653711380437, 0.000318517384585, 0.000266545190243, 0.000416504888562, 0.000660677906126, 0.000645962776616, 0.000584281166084, 0.00040138073382, 0.000387471780414, 0.000383582344512, 0.000119762989925, 0.000124763930216, 0.000110276887426, 0.000116841692943, 0.000107152154669, 7.29601379135e-05, 3.91447792936e-05, 3.7950117985e-05, 3.20588696923e-05, 2.18882323679e-05, 1.67931175383e-05, 1.11346907943e-05, 1.01046880445e-05, 7.46038222132e-06, 4.65263065053e-06, 4.30619411418e-06, 4.68954794997e-06, 4.62713251181e-06, 4.84452175442e-06, 5.11117787028e-06, 4.42400732936e-06, 3.84971326639e-06, 2.92737126983e-06, 2.39513451561e-06, 1.25956876218e-06, 6.66176163122e-07, 1.72952823618e-07],
        "dvar": [1.53776255729e-07, 9.65295271271e-07, 1.12556392651e-06, 7.30466979348e-07, 7.14557302217e-08, 8.0112812384e-08, 1.17325456017e-07, 2.64727646027e-07, 2.61299021531e-07, 2.82945308072e-07, 1.02973274352e-07, 8.19017529352e-08, 9.36217645631e-08, 6.70120181567e-09, 1.43012393039e-08, 8.06103983564e-09, 1.09056781383e-08, 8.57972715096e-09, 6.98969060409e-09, 1.64683022774e-09, 1.06096653685e-09, 7.5629863483e-10, 3.39282046902e-10, 1.72928227293e-10, 7.03980831962e-11, 6.84007780971e-11, 4.38057888574e-11, 2.34118228276e-11, 2.64432746533e-11, 3.63010489723e-11, 3.81979829711e-11, 4.49630124799e-11, 4.63027151343e-11, 3.98160497628e-11, 3.06609286571e-11, 1.74734740566e-11, 1.17502457417e-11, 3.31086243491e-12, 8.96057804779e-13, 5.7494807526e-14],
        "dvar2": [4.23844568331e-07, 2.67151972366e-06, 3.17306285069e-06, 1.99834539671e-06, 1.75398554347e-07, 2.15255511193e-07, 2.87724247983e-07, 6.76224772178e-07, 6.60832256472e-07, 6.95984908816e-07, 2.29424514941e-07, 2.02072811817e-07, 2.18609557123e-07, 1.7199383251e-08, 3.49599247329e-08, 1.88712103721e-08, 2.4244663166e-08, 2.14137063637e-08, 1.89244566684e-08, 3.76937059343e-09, 2.60336929792e-09, 1.96493732396e-09, 9.09729014342e-10, 4.4265952015e-10, 1.82288156791e-10, 1.759811602e-10, 1.10352081639e-10, 5.70114580545e-11, 6.24379159486e-11, 8.57012238953e-11, 8.71955008197e-11, 9.95823007388e-11, 1.02907515842e-10, 8.38013755611e-11, 7.13836836863e-11, 3.86753337689e-11, 2.68642833673e-11, 7.68831439485e-12, 1.86002255265e-12, 1.16095731661e-13],
        "max": [0.00404850486666, 0.00898133497685, 0.00855612754822, 0.00825862213969, 0.00379484053701, 0.00417793961242, 0.00504769803956, 0.00717691984028, 0.00793210696429, 0.010525463149, 0.00565050728619, 0.00410120002925, 0.00501383375376, 0.00109431007877, 0.00238062650897, 0.00179960986134, 0.00225482555106, 0.00188962405082, 0.00192766892724, 0.00104373181239, 0.000602966523729, 0.000552016426809, 0.000281731132418, 0.000220207730308, 9.29139860091e-05, 0.000128124258481, 0.00010424782522, 5.85739835515e-05, 5.24120696355e-05, 6.82870813762e-05, 6.92638059263e-05, 9.37124641496e-05, 9.8631142464e-05, 0.000148468039697, 7.28483719286e-05, 5.94277589698e-05, 4.38160750491e-05, 2.98949507851e-05, 1.38574005177e-05, 3.22617347592e-06],
        "mean": [0.000723813252989, 0.00143382826354, 0.000877043989021, 0.000423755816882, 0.000362834543921, 0.000281999295112, 0.000544404669199, 0.000885339570232, 0.000869357318152, 0.000813331920654, 0.000562164350413, 0.00056513119489, 0.000499042856973, 0.000164447483257, 0.000161553674843, 0.000144181016367, 0.000149766667164, 0.000120575954497, 8.43523812364e-05, 4.76564637211e-05, 4.40070616605e-05, 3.81255922548e-05, 2.51995934377e-05, 1.82583335118e-05, 1.20208505905e-05, 1.10477412818e-05, 8.51382628753e-06, 4.57725354863e-06, 3.87104682886e-06, 4.20882088292e-06, 4.20543483415e-06, 4.74262469652e-06, 5.11282587468e-06, 4.72260944662e-06, 3.87445606975e-06, 3.11489429805e-06, 2.43755835072e-06, 1.41774023632e-06, 7.35201638236e-07, 1.9052947664e-07],
        "median": [0.00061452871887, 0.00127428444102, 0.000599452061579, 0.000233923405176, 0.00024932299857, 0.00017295080761, 0.000377011107048, 0.000674904324114, 0.000671195215546, 0.000617107900325, 0.000453806889709, 0.00043912322144, 0.000335828372044, 0.000135662703542, 0.0001190436451, 0.000105437269667, 0.000107261585072, 8.86066336534e-05, 4.96127649967e-05, 3.30546972691e-05, 3.09993083647e-05, 2.69708125415e-05, 1.88101512322e-05, 1.34771407829e-05, 8.61159514898e-06, 7.29167504687e-06, 5.42239104107e-06, 2.85865189653e-06, 2.13545035876e-06, 1.8369528334e-06, 1.63627976235e-06, 1.6229735138e-06, 1.91482422451e-06, 1.69906070369e-06, 1.4880706658e-06, 1.2406554788e-06, 9.91449837784e-07, 6.3360397462e-07, 2.83172738591e-07, 6.70224338251e-08],
        "min": [1.02764152743e-08, 2.46734472853e-08, 9.75461666997e-09, 3.99443367272e-09, 2.84419798824e-09, 6.56568188706e-10, 8.40994029971e-09, 4.53836124237e-09, 2.56267362886e-09, 3.0222793157e-09, 3.09424708078e-09, 4.56153737005e-09, 2.63467359041e-10, 6.03570637914e-10, 2.54726545412e-10, 3.13160913867e-10, 1.7047926959e-10, 2.66079519529e-10, 1.59902521779e-10, 6.24905613367e-11, 1.54371349037e-10, 4.42857486793e-11, 3.76405920322e-11, 2.16337590203e-11, 2.68695222322e-11, 5.25990882794e-11, 2.32282092866e-11, 9.19087982804e-12, 1.05944203063e-11, 1.78481673885e-11, 1.08860585477e-11, 1.1456407871e-11, 3.06057262867e-11, 3.44701697741e-11, 3.32599919828e-11, 2.7775547487e-11, 1.64467710284e-11, 1.23650777117e-11, 6.45570619531e-12, 1.08327539647e-12],
        "var": [2.83289097069e-07, 1.01735065527e-06, 8.72234636518e-07, 5.14599605594e-07, 1.41320953162e-07, 1.38479421707e-07, 3.04103110693e-07, 5.85182192481e-07, 5.26938777057e-07, 6.31306022569e-07, 2.23098567176e-07, 2.27878089731e-07, 2.66586738462e-07, 1.56209267743e-08, 2.93274773355e-08, 1.8462444018e-08, 2.63147779123e-08, 1.56182409228e-08, 1.26642465403e-08, 3.46119444217e-09, 2.21246532206e-09, 1.78493331227e-09, 5.55103907285e-10, 2.71117545081e-10, 1.06629878538e-10, 1.11524664503e-10, 7.79108513815e-11, 2.91486210169e-11, 3.0610774332e-11, 4.67590827169e-11, 5.55199081154e-11, 7.79017822472e-11, 8.90265014486e-11, 9.87384479734e-11, 5.5898806417e-11, 3.58028259817e-11, 1.85884242027e-11, 5.14306652821e-12, 1.55971156129e-12, 1.06203836957e-13]
    },
    "mfcc": {
        "mean": [-582.371948242, 135.486038208, -16.584733963, -2.18770289421, -9.0063533783, 6.5493850708, -7.01069498062, 16.964931488, 0.52162873745, 13.0578975677, 1.26664495468, 3.06284618378, -4.15627813339],
        "cov": [[1372.15588379, -396.332519531, 77.557182312, 14.630812645, -45.5766296387, 44.9056816101, -20.6683769226, -14.6151618958, -35.0223121643, -17.7955436707, -36.4105987549, -17.4520549774, -39.3292922974], [-396.332519531, 604.450561523, -235.374450684, -5.23442840576, 44.2117195129, -41.8506202698, 37.9157218933, 30.5785388947, 1.74855780602, 33.1645469666, 24.8865890503, 23.5209369659, 25.5549564362], [77.557182312, -235.374450684, 303.714599609, -24.2499446869, -47.5835380554, 19.5879974365, -44.134349823, -24.1203022003, -0.544764041901, -32.3208732605, 3.05829119682, -2.80186486244, -10.1343412399], [14.630812645, -5.23442840576, -24.2499446869, 133.200958252, 18.8337574005, -7.67322349548, -12.2258930206, -13.7480754852, -4.25734519958, -6.02747774124, -18.1336708069, -5.50702095032, -4.29349279404], [-45.5766296387, 44.2117195129, -47.5835380554, 18.8337574005, 104.129585266, -17.1272106171, 7.49235010147, 5.41696357727, 12.6174268723, 13.8235425949, -3.05162334442, 3.28051996231, 6.24561786652], [44.9056816101, -41.8506202698, 19.5879974365, -7.67322349548, -17.1272106171, 98.056602478, 27.0624809265, 6.14274978638, -9.85313987732, -1.77117788792, -0.856100618839, -7.43316507339, -13.3109369278], [-20.6683769226, 37.9157218933, -44.134349823, -12.2258930206, 7.49235010147, 27.0624809265, 103.716636658, 18.4906616211, 7.36328935623, 6.85589075089, 1.09505748749, 6.85174322128, -3.37995386124], [-14.6151618958, 30.5785388947, -24.1203022003, -13.7480754852, 5.41696357727, 6.14274978638, 18.4906616211, 68.7442932129, 17.773859024, 9.7088470459, 0.490135729313, 5.35469102859, 5.95995759964], [-35.0223121643, 1.74855780602, -0.544764041901, -4.25734519958, 12.6174268723, -9.85313987732, 7.36328935623, 17.773859024, 61.1632881165, 22.0944099426, 4.2476773262, 5.39377069473, 6.14359378815], [-17.7955436707, 33.1645469666, -32.3208732605, -6.02747774124, 13.8235425949, -1.77117788792, 6.85589075089, 9.7088470459, 22.0944099426, 61.5811653137, 18.3882083893, 6.14332580566, 1.21359598637], [-36.4105987549, 24.8865890503, 3.05829119682, -18.1336708069, -3.05162334442, -0.856100618839, 1.09505748749, 0.490135729313, 4.2476773262, 18.3882083893, 53.935043335, 19.9674701691, 3.42381072044], [-17.4520549774, 23.5209369659, -2.80186486244, -5.50702095032, 3.28051996231, -7.43316507339, 6.85174322128, 5.35469102859, 5.39377069473, 6.14332580566, 19.9674701691, 49.0471191406, 15.602596283], [-39.3292922974, 25.5549564362, -10.1343412399, -4.29349279404, 6.24561786652, -13.3109369278, -3.37995386124, 5.95995759964, 6.14359378815, 1.21359598637, 3.42381072044, 15.602596283, 44.4424819946]],
