{
"lowlevel": {
    "average_loudness": 0.97936296463,
    "barkbands_crest": {
        "dmean": 3.04314613342,
        "dmean2": 4.83195877075,
        "dvar": 8.84191226959,
        "dvar2": 19.9009838104,
        "max": 24.0138530731,
        "mean": 10.7933206558,
        "median": 10.0158748627,
        "min": 2.66576075554,
        "var": 17.1686840057
    },
    "barkbands_flatness_db": {
        "dmean": 0.0235059056431,
        "dmean2": 0.0375796929002,
        "dvar": 0.000496727181599,
        "dvar2": 0.00121901114471,
        "max": 0.305905967951,
        "mean": 0.158119499683,
        "median": 0.152434155345,
        "min": 0.0771393924952,
        "var": 0.00123783259187
    },
    "barkbands_kurtosis": {
        "dmean": 2.47968292236,
        "dmean2": 3.86795043945,
        "dvar": 12.5671548843,
        "dvar2": 28.627199173,
        "max": 51.0225868225,
        "mean": 2.68758964539,
        "median": 0.76044678688,
        "min": -1.61769044399,
        "var": 29.8181266785
    },
    "barkbands_skewness": {
        "dmean": 0.567054986954,
        "dmean2": 0.879320025444,
        "dvar": 0.312735497952,
        "dvar2": 0.728719830513,
        "max": 6.58775758743,
        "mean": 1.65740561485,
        "median": 1.42309641838,
        "min": -0.812407076359,
        "var": 0.969972670078
    },
    "barkbands_spread": {
        "dmean": 6.46792030334,
        "dmean2": 10.4457883835,
        "dvar": 41.588394165,
        "dvar2": 103.722236633,
        "max": 64.5547866821,
        "mean": 28.5042972565,
        "median": 29.7592868805,
        "min": 2.98000335693,
        "var": 104.15058136
    },
    "dissonance": {
        "dmean": 0.00814177747816,
        "dmean2": 0.0137790162116,
        "dvar": 5.52396813873e-05,
        "dvar2": 0.000148434060975,
        "max": 0.500000059605,
        "mean": 0.485705405474,
        "median": 0.487897515297,
        "min": 0.425111532211,
        "var": 9.19180747587e-05
    },
    "dynamic_complexity": 0.944085478783,
    "erbbands_crest": {
        "dmean": 1.90919232368,
        "dmean2": 3.19632411003,
        "dvar": 2.75974345207,
        "dvar2": 7.6291475296,
        "max": 20.1682167053,
        "mean": 6.691614151,
        "median": 6.22976732254,
        "min": 2.71530365944,
        "var": 4.72409534454
    },
    "erbbands_flatness_db": {
        "dmean": 0.012238916941,
        "dmean2": 0.0193176232278,
        "dvar": 0.000133898138301,
        "dvar2": 0.000305394059978,
        "max": 0.247860476375,
        "mean": 0.162134841084,
        "median": 0.161052182317,
        "min": 0.112958438694,
        "var": 0.000353361974703
    },
    "erbbands_kurtosis": {
        "dmean": 0.566409051418,
        "dmean2": 0.92645072937,
        "dvar": 0.273367494345,
        "dvar2": 0.71152150631,
        "max": 4.93858242035,
        "mean": 0.178018093109,
        "median": 0.126085996628,
        "min": -1.70974457264,
        "var": 0.712750434875
    },
    "erbbands_skewness": {
        "dmean": 0.250756770372,
        "dmean2": 0.401145398617,
        "dvar": 0.0414688102901,
        "dvar2": 0.102658040822,
        "max": 1.05322134495,
        "mean": -0.556286275387,
        "median": -0.570584774017,
        "min": -1.88854861259,
        "var": 0.125870257616
    },
    "erbbands_spread": {
        "dmean": 7.30571079254,
        "dmean2": 11.7687625885,
        "dvar": 40.7926216125,
        "dvar2": 101.780921936,
        "max": 89.3701858521,
        "mean": 41.5010070801,
        "median": 39.3818588257,
        "min": 12.9688854218,
        "var": 154.819213867
    },
    "hfc": {
        "dmean": 8.12282562256,
        "dmean2": 12.8976316452,
        "dvar": 96.8786392212,
        "dvar2": 241.067169189,
        "max": 114.404052734,
        "mean": 34.6772918701,
        "median": 33.0056037903,
        "min": 0.000410888431361,
        "var": 211.203353882
    },
    "melbands_crest": {
        "dmean": 3.54700016975,
        "dmean2": 5.77104330063,
        "dvar": 9.74536037445,
        "dvar2": 24.3206310272,
        "max": 30.1194133759,
        "mean": 17.1523704529,
        "median": 16.5484085083,
        "min": 4.95880222321,
        "var": 22.1110992432
    },
    "melbands_flatness_db": {
        "dmean": 0.030160849914,
        "dmean2": 0.0469463914633,
        "dvar": 0.000865483889356,
        "dvar2": 0.00201194291003,
        "max": 0.35587027669,
        "mean": 0.188567355275,
        "median": 0.180005967617,
        "min": 0.0649475380778,
        "var": 0.00248488294892
    },
    "melbands_kurtosis": {
        "dmean": 8.28549480438,
        "dmean2": 12.9891386032,
        "dvar": 118.477882385,
        "dvar2": 266.714813232,
        "max": 160.272567749,
        "mean": 15.7291688919,
        "median": 10.1431350708,
        "min": -1.50030767918,
        "var": 296.277984619
    },
    "melbands_skewness": {
        "dmean": 0.867205381393,
        "dmean2": 1.35424733162,
        "dvar": 0.741624593735,
        "dvar2": 1.69164049625,
        "max": 10.9567146301,
        "mean": 3.44532489777,
        "median": 3.10828185081,
        "min": 0.129197791219,
        "var": 2.28049898148
    },
    "melbands_spread": {
        "dmean": 7.89385604858,
        "dmean2": 12.6533470154,
        "dvar": 61.7325019836,
        "dvar2": 148.73928833,
        "max": 90.7068328857,
        "mean": 24.0972328186,
        "median": 23.3404331207,
        "min": 1.93832087517,
        "var": 150.217468262
    },
    "pitch_salience": {
        "dmean": 0.08449793607,
        "dmean2": 0.135129705071,
        "dvar": 0.00564117450267,
        "dvar2": 0.0144449947402,
        "max": 0.806864261627,
        "mean": 0.521451473236,
        "median": 0.53366202116,
        "min": 0.18511326611,
        "var": 0.0119974547997
    },
    "silence_rate_20dB": {
        "dmean": 0,
        "dmean2": 0,
        "dvar": 0,
        "dvar2": 0,
        "max": 1,
        "mean": 1,
        "median": 1,
        "min": 1,
        "var": 0
    },
    "silence_rate_30dB": {
        "dmean": 0.0479876175523,
        "dmean2": 0.09601239115,
        "dvar": 0.0456853881478,
        "dvar2": 0.125507950783,
        "max": 1,
        "mean": 0.968665361404,
        "median": 1,
        "min": 0,
        "var": 0.0303530804813
    },
    "silence_rate_60dB": {
        "dmean": 0.000773993786424,
        "dmean2": 0.00154858687893,
        "dvar": 0.000773391744588,
        "dvar2": 0.00154617498629,
        "max": 1,
        "mean": 0.0092843323946,
        "median": 0,
        "min": 0,
        "var": 0.0091977706179
    },
    "spectral_centroid": {
        "dmean": 232.083511353,
        "dmean2": 372.278778076,
        "dvar": 42433.6953125,
        "dvar2": 104936.445312,
        "max": 3015.52807617,
        "mean": 1636.86291504,
        "median": 1675.05847168,
        "min": 329.077301025,
        "var": 158535.859375
    },
    "spectral_complexity": {
        "dmean": 4.20510816574,
        "dmean2": 6.48703050613,
        "dvar": 12.4232597351,
        "dvar2": 28.1561527252,
        "max": 60,
        "mean": 36.9342346191,
        "median": 38,
        "min": 0,
        "var": 68.9156723022
    },
    "spectral_decrease": {
        "dmean": 4.62528060297e-09,
        "dmean2": 7.46452943901e-09,
        "dvar": 2.58598976817e-17,
        "dvar2": 6.09582480615e-17,
        "max": -1.34193898398e-13,
        "mean": -1.4474315968e-08,
        "median": -1.31418778082e-08,
        "min": -4.20295300785e-08,
        "var": 4.01689989676e-17
    },
    "spectral_energy": {
        "dmean": 0.0177000556141,
        "dmean2": 0.0285554435104,
        "dvar": 0.000370309979189,
        "dvar2": 0.000870455347467,
        "max": 0.161612302065,
        "mean": 0.0577748529613,
        "median": 0.0530307330191,
        "min": 5.43745500181e-07,
        "var": 0.000581322121434
    },
    "spectral_energyband_high": {
        "dmean": 0.000708251434844,
        "dmean2": 0.00118093006313,
        "dvar": 1.29042928165e-06,
        "dvar2": 3.23712288264e-06,
        "max": 0.0113268615678,
        "mean": 0.00145287567284,
        "median": 0.00102222303394,
        "min": 1.02969295313e-08,
        "var": 1.72827708411e-06
    },
    "spectral_energyband_low": {
        "dmean": 0.0167822353542,
        "dmean2": 0.0268708020449,
        "dvar": 0.000390726985643,
        "dvar2": 0.000912212650292,
        "max": 0.147793292999,
        "mean": 0.0375643745065,
        "median": 0.0311902593821,
        "min": 3.18476395478e-07,
        "var": 0.000617093115579
    },
    "spectral_energyband_middle_high": {
        "dmean": 0.00223800865933,
        "dmean2": 0.00351988128386,
        "dvar": 5.22450409335e-06,
        "dvar2": 1.35454429255e-05,
        "max": 0.0312756970525,
        "mean": 0.0101722860709,
        "median": 0.00974981766194,
        "min": 1.28201378402e-07,
        "var": 2.22313246923e-05
    },
    "spectral_energyband_middle_low": {
        "dmean": 0.00546468934044,
        "dmean2": 0.00874523911625,
        "dvar": 4.0900620661e-05,
        "dvar2": 9.86639715848e-05,
        "max": 0.0827047899365,
        "mean": 0.0147987958044,
        "median": 0.0123087409884,
        "min": 1.32935298325e-07,
        "var": 0.000102103898826
    },
    "spectral_entropy": {
        "dmean": 0.107217520475,
        "dmean2": 0.167919516563,
        "dvar": 0.0126163512468,
        "dvar2": 0.0286014061421,
        "max": 8.31336975098,
        "mean": 7.86598110199,
        "median": 7.87185621262,
        "min": 6.97789049149,
        "var": 0.0338873192668
    },
    "spectral_flux": {
        "dmean": 0.0334725305438,
        "dmean2": 0.0533382222056,
        "dvar": 0.00113191979472,
        "dvar2": 0.00298582646064,
        "max": 0.34493291378,
        "mean": 0.118245966733,
        "median": 0.108330868185,
        "min": 0.000737391004805,
        "var": 0.00193777342793
    },
    "spectral_kurtosis": {
        "dmean": 1.24583804607,
        "dmean2": 2.15774416924,
        "dvar": 1.2115111351,
        "dvar2": 3.49766135216,
        "max": 11.2372169495,
        "mean": 2.44898915291,
        "median": 2.17205476761,
        "min": -0.146554946899,
        "var": 1.8476678133
    },
    "spectral_rms": {
        "dmean": 0.00110658525955,
        "dmean2": 0.00177632598206,
        "dvar": 1.20191236874e-06,
        "dvar2": 2.78657512354e-06,
        "max": 0.0125566925853,
        "mean": 0.0073376307264,
        "median": 0.00719286454841,
        "min": 2.30322257266e-05,
        "var": 2.5251081297e-06
    },
    "spectral_rolloff": {
        "dmean": 524.631408691,
        "dmean2": 877.17578125,
        "dvar": 318984.5,
        "dvar2": 725324.8125,
        "max": 5555.56640625,
        "mean": 1399.49804688,
        "median": 1485.79101562,
        "min": 86.1328125,
        "var": 698066.8125
    },
    "spectral_skewness": {
        "dmean": 0.15214112401,
        "dmean2": 0.260339409113,
        "dvar": 0.0153915183619,
        "dvar2": 0.0444084778428,
        "max": 1.84840965271,
        "mean": 1.0676831007,
        "median": 1.06220674515,
        "min": 0.26673951745,
        "var": 0.0302253905684
    },
    "spectral_spread": {
        "dmean": 416690.9375,
        "dmean2": 673565.4375,
        "dvar": 224803061760,
        "dvar2": 552097546240,
        "max": 6429179.5,
        "mean": 3786262,
        "median": 3712700.25,
        "min": 2290020.5,
        "var": 431650865152
    },
    "spectral_strongpeak": {
        "dmean": 0.248384073377,
        "dmean2": 0.417217135429,
        "dvar": 0.0775908231735,
        "dvar2": 0.198963835835,
        "max": 3.62316632271,
        "mean": 0.586729586124,
        "median": 0.519831061363,
        "min": 0.000603544409387,
        "var": 0.116598919034
    },
    "zerocrossingrate": {
        "dmean": 0.0086862668395,
        "dmean2": 0.0113111874089,
        "dvar": 5.27750125912e-05,
        "dvar2": 8.31496145111e-05,
        "max": 0.1279296875,
        "mean": 0.0530356541276,
        "median": 0.05322265625,
        "min": 0.01025390625,
        "var": 0.000304999703076
    },
    "barkbands": {
        "dmean": [0.000284396664938, 0.0125431455672, 0.00642271665856, 0.00420154957101, 0.00175486761145, 0.000671271642204, 0.000452635547845, 0.000231292346143, 0.000768005149439, 0.000724475015886, 0.00036560674198, 0.000549938820768, 0.000432676053606, 0.000416299095377, 0.000494329724461, 0.000838215695694, 0.00068494619336, 0.000294032128295, 0.00019103314844, 0.000182734962436, 0.00018317931972, 0.000175274079083, 0.000169459162862, 0.000172543746885, 2.17210636038e-05, 2.08980264205e-08, 3.6260081604e-09],
        "dmean2": [0.00046542607015, 0.0200104489923, 0.0105497799814, 0.00674079079181, 0.00296318321489, 0.00111177412327, 0.000749909435399, 0.000376533571398, 0.0012305151904, 0.00119565112982, 0.000605400127824, 0.000917185447179, 0.000729023304302, 0.000691955152433, 0.000833284109831, 0.00141433870886, 0.00115189701319, 0.000496577646118, 0.000317266996717, 0.000309067894705, 0.000305278546875, 0.000291182135697, 0.000283913570456, 0.000302650558297, 3.74791561626e-05, 3.63834651296e-08, 6.82677159247e-09],
        "dvar": [3.49925727505e-07, 0.000364049425116, 5.14586099598e-05, 3.02098178508e-05, 6.35491551293e-06, 9.08516256004e-07, 5.6961386008e-07, 2.68893415978e-07, 1.03312686406e-06, 1.45403225815e-06, 2.8222251558e-07, 7.35539913421e-07, 2.7560736271e-07, 2.23499313279e-07, 4.36992849018e-07, 6.15029364326e-07, 4.29730476981e-07, 1.66229810361e-07, 7.38181356041e-08, 6.4168041547e-08, 6.86338523792e-08, 7.89753684671e-08, 8.50685566434e-08, 1.27989835619e-07, 1.61337254667e-09, 1.61586156595e-15, 3.35094889552e-16],
        "dvar2": [9.11575682494e-07, 0.000826288247481, 0.000130301545141, 6.96223651175e-05, 1.73330718098e-05, 2.41659427047e-06, 1.54303006639e-06, 6.71704356137e-07, 2.72816419056e-06, 4.04802995035e-06, 7.64223273109e-07, 2.00509589376e-06, 7.37669040518e-07, 5.79546451718e-07, 1.17049603432e-06, 1.69358077073e-06, 1.18917125747e-06, 4.36557144212e-07, 1.89254350857e-07, 1.76078586378e-07, 1.75782517431e-07, 1.89376450521e-07, 2.15575241214e-07, 3.38467600614e-07, 4.23806856276e-09, 4.39586679164e-15, 9.92941254562e-16],
        "max": [0.00431847013533, 0.134414747357, 0.0767655670643, 0.0814410820603, 0.0248581375927, 0.0104313716292, 0.012653933838, 0.00896808505058, 0.0136670861393, 0.0178141668439, 0.00884263217449, 0.0124139990658, 0.00728513393551, 0.00533562432975, 0.0130251515657, 0.00746575277299, 0.00915963109583, 0.00565810408443, 0.00374053907581, 0.00307144434191, 0.00341623695567, 0.00389372580685, 0.00336860748939, 0.00523367337883, 0.000546735536773, 5.73066529341e-07, 3.9457023604e-07],
        "mean": [0.000237786196521, 0.0194299854338, 0.0117875272408, 0.00820038933307, 0.00288393278606, 0.0010866104858, 0.000697597395629, 0.000353110051947, 0.00137727695983, 0.00123079144396, 0.000609595095739, 0.00100897264201, 0.000792814360466, 0.000801694230177, 0.000986627303064, 0.00182886119001, 0.00169385678601, 0.000632763141766, 0.000462277210318, 0.000428446801379, 0.000412359629991, 0.000312342628604, 0.000270320946584, 0.000216407672269, 3.24200664181e-05, 2.72626845543e-08, 2.54469045835e-09],
        "median": [2.12490522244e-05, 0.0128314914182, 0.00837570428848, 0.00555838970467, 0.00199366384186, 0.000741211057175, 0.000408445484936, 0.000199364469154, 0.000947714142967, 0.000756132532842, 0.00040912113036, 0.000670719135087, 0.00062880263431, 0.00062150118174, 0.00079479831038, 0.00164331845008, 0.00154645345174, 0.000539148575626, 0.00039959611604, 0.000376991723897, 0.000338710902724, 0.000183882802958, 0.000149824147229, 0.000111070556159, 1.99650348804e-05, 1.6099816591e-08, 8.19302625743e-10],
        "min": [8.77716566094e-09, 1.01822806187e-07, 1.0797479888e-07, 5.40815960903e-08, 2.07540615804e-08, 2.98628499706e-09, 6.00464700184e-09, 3.98662969303e-09, 8.04938338206e-09, 4.79374362428e-09, 5.19760545714e-09, 2.62597255052e-09, 7.41399697191e-09, 1.69405272032e-08, 6.95712021326e-09, 1.90532940536e-08, 2.14465742943e-08, 1.28993793425e-08, 5.34649347017e-09, 3.79126596783e-09, 6.22153617513e-09, 8.34969704488e-10, 3.12385728396e-10, 2.42440734155e-10, 6.17855211438e-11, 3.58993607411e-12, 4.78955113417e-12],
        "var": [3.07030035174e-07, 0.000447889557108, 0.000112798516057, 8.73560857144e-05, 8.27810981718e-06, 1.16493754376e-06, 8.11822644664e-07, 3.27389955146e-07, 2.00780755222e-06, 2.47512070928e-06, 4.88753983063e-07, 1.38214659273e-06, 4.14252468772e-07, 4.15466928416e-07, 6.75066758049e-07, 1.07751498035e-06, 7.84342603311e-07, 2.17994539753e-07, 1.18780626224e-07, 8.52974082477e-08, 9.96171323209e-08, 1.19795345199e-07, 1.07785453451e-07, 1.13999284679e-07, 1.63833679956e-09, 1.45457114032e-15, 1.76947922304e-16]
    },
    "erbbands": {
        "dmean": [0.360733985901, 2.92218089104, 6.25116157532, 12.1044197083, 8.16258430481, 5.72173452377, 4.4647026062, 6.03731489182, 6.95162773132, 4.383664608, 7.05268764496, 19.5428085327, 12.4907665253, 24.3746337891, 16.9370212555, 22.4630851746, 18.5609283447, 18.9284744263, 22.5775871277, 25.8901290894, 49.2731399536, 33.7843780518, 16.3508396149, 13.3290367126, 9.11249542236, 8.45910644531, 7.57592535019, 7.06892538071, 6.41792869568, 5.68614387512, 4.93136835098, 3.80000638962, 2.65175580978, 0.5405356884, 0.035550173372, 0.00164514908101, 0.000109718544991, 1.91556555365e-05, 1.05586013888e-05, 1.97686986212e-05],
        "dmean2": [0.560273647308, 4.73280620575, 10.240395546, 19.6307315826, 13.4879302979, 9.73385810852, 7.23087930679, 10.1560544968, 11.5957307816, 7.10297060013, 11.4056348801, 31.224281311, 20.1152153015, 40.5443267822, 27.9809818268, 37.2829933167, 31.0749950409, 31.0946731567, 37.7575759888, 43.0129737854, 82.9289932251, 56.2732658386, 27.5207519531, 22.1810417175, 15.3384904861, 14.3166456223, 12.7879390717, 11.6034154892, 10.6486082077, 9.59666442871, 8.32957744598, 6.59576654434, 4.69633579254, 0.939222216606, 0.0610928013921, 0.00283062225208, 0.000188587800949, 3.29509748553e-05, 1.69524064404e-05, 3.17167650792e-05],
        "dvar": [0.431537777185, 17.4350204468, 47.5827178955, 242.074203491, 113.390602112, 62.2588157654, 34.6005172729, 91.2014694214, 125.395248413, 70.9042816162, 162.590942383, 735.925231934, 348.640411377, 2128.21435547, 576.284606934, 1387.89196777, 532.670288086, 486.009918213, 961.51739502, 1189.79260254, 2147.04345703, 941.954528809, 453.939666748, 361.059906006, 169.036651611, 137.067932129, 127.584877014, 93.6450271606, 106.846954346, 90.862991333, 73.8316497803, 52.7140388489, 36.1429901123, 1.00371754169, 0.0041667772457, 8.74572106113e-06, 3.96574364459e-08, 1.28188648585e-09, 1.51154200267e-10, 4.35433744617e-10],
        "dvar2": [0.953404605389, 42.3209762573, 124.538955688, 528.419067383, 303.675720215, 172.732406616, 87.926574707, 248.411132812, 352.239837646, 181.483505249, 416.254730225, 1951.18969727, 870.282714844, 6141.65722656, 1585.34375, 3779.69726562, 1427.05065918, 1248.44445801, 2624.8059082, 3036.88745117, 6006.42871094, 2601.06958008, 1202.52416992, 917.532592773, 454.411834717, 373.729522705, 342.902954102, 224.561889648, 258.297027588, 225.106826782, 190.830108643, 133.907943726, 98.7668991089, 2.65665459633, 0.0106960702688, 2.24494724534e-05, 1.03573668753e-07, 3.39742123323e-09, 3.58392121536e-10, 1.00888519761e-09],
        "max": [3.91141557693, 32.559513092, 75.6524200439, 253.628677368, 131.838546753, 67.5152053833, 72.0707092285, 105.359077454, 155.98109436, 170.210083008, 226.74559021, 411.511962891, 417.323150635, 824.481445312, 429.023071289, 543.342956543, 352.234161377, 248.713043213, 650.688354492, 1015.68518066, 464.189849854, 415.421691895, 363.036895752, 381.163665771, 175.503051758, 133.889328003, 127.324569702, 138.358840942, 124.773651123, 113.437210083, 99.3588256836, 100.69744873, 77.113861084, 11.4603261948, 0.942475616932, 0.0393220894039, 0.00217832252383, 0.000404823600547, 0.000137474635267, 0.000178405127372],
        "mean": [0.440882980824, 4.82028532028, 12.7363300323, 25.6014652252, 14.1758146286, 9.02868080139, 7.81888055801, 8.86388015747, 11.1644020081, 7.12656164169, 12.4332408905, 33.9553947449, 24.6811065674, 41.2601051331, 32.4264564514, 42.8285369873, 37.1003227234, 40.4207801819, 48.3349494934, 60.2812805176, 113.700759888, 91.1065368652, 41.4759902954, 30.5929031372, 22.0200805664, 20.1897506714, 17.1917934418, 15.000038147, 11.3980951309, 9.12752628326, 7.74255752563, 5.28000402451, 3.02939939499, 0.781147539616, 0.0523624755442, 0.00248187268153, 0.000183155629202, 3.35635595548e-05, 3.6628334783e-05, 6.92042594892e-05],
        "median": [0.19134619832, 3.48935627937, 9.48607254028, 18.0553455353, 10.3144731522, 6.03921365738, 5.50236034393, 5.55943536758, 6.63350534439, 4.45713090897, 8.02789115906, 22.552740097, 17.761472702, 23.9599819183, 22.5203666687, 28.6539268494, 29.6481304169, 32.2503166199, 38.2800292969, 52.0903892517, 103.179618835, 85.2050704956, 36.6133918762, 25.8415050507, 19.0389728546, 17.6423339844, 14.8165197372, 11.2792682648, 6.74855613708, 4.8241353035, 4.29572439194, 2.89278841019, 1.45762526989, 0.4730476439, 0.0308926831931, 0.0014988562325, 0.000119428223115, 2.25413532462e-05, 3.35342847393e-05, 6.41385558993e-05],
        "min": [5.60625403523e-06, 1.5003358385e-05, 8.34325619508e-05, 0.000237298969296, 9.11538518267e-05, 7.81975977588e-05, 4.59117909486e-05, 2.4240822313e-05, 0.000110003769805, 2.33728296735e-05, 9.03510735952e-05, 0.000213017076021, 0.00011394215835, 0.000212256039958, 0.000124419879285, 0.00010731437942, 0.000300359388348, 0.000802170543466, 0.000605953799095, 0.000519766646903, 0.000903176493011, 0.00108711980283, 0.00071209348971, 0.000563364417758, 0.000216237880522, 0.000230451885727, 0.000303348497255, 9.8349446489e-05, 3.35839686159e-05, 1.1172761333e-05, 8.09112862044e-06, 6.52630751574e-06, 3.23295762428e-06, 1.19955325317e-06, 1.46432526549e-07, 1.63198272674e-08, 7.05314029403e-09, 2.50402143465e-09, 9.54403445164e-10, 7.27094773278e-10],
        "var": [0.480084449053, 20.9862289429, 107.454269409, 714.830993652, 165.295425415, 84.7760009766, 61.9598083496, 106.101860046, 178.559692383, 96.7421569824, 222.073425293, 1377.25915527, 738.396057129, 3085.47729492, 1121.20288086, 2527.03686523, 838.097106934, 961.053771973, 1653.98937988, 1838.29553223, 3713.60424805, 1917.5690918, 650.346130371, 553.115844727, 241.708435059, 189.045791626, 158.672912598, 160.857162476, 159.945358276, 121.933158875, 87.9066085815, 55.3295402527, 27.6778736115, 0.957698225975, 0.00470795016736, 9.76303272182e-06, 4.0308936633e-08, 1.23518839601e-09, 2.30437266491e-10, 7.15811021568e-10]
    },
    "gfcc": {
        "mean": [39.391620636, 121.038772583, -153.430541992, 77.4259872437, -51.8206367493, 34.8209533691, -30.2324886322, 2.33572411537, -4.74378919601, -23.6456546783, -3.25548052788, -20.4521102905, 6.79263925552],
        "cov": [[1499.89794922, -287.147338867, -14.7447271347, -24.694190979, -267.112854004, 107.397140503, -101.82572937, 7.55533981323, -29.1021461487, 18.450296402, -4.02384662628, 30.2503147125, -39.1572723389], [-287.147338867, 290.598571777, -27.0455265045, -25.9207897186, 157.670181274, -103.85647583, 87.3785705566, -21.4024887085, 31.7042675018, -5.24128389359, 19.4068336487, -28.9237346649, 29.7688121796], [-14.7447271347, -27.0455265045, 181.571151733, 63.560256958, 19.4864768982, 37.7680549622, -35.0088806152, 4.00405693054, -6.18791389465, -1.74967896938, -1.00617456436, 1.25816690922, 2.75183296204], [-24.694190979, -25.9207897186, 63.560256958, 59.9565544128, 21.8041820526, 12.8624887466, -10.9820480347, -8.5611410141, 4.51631402969, -0.0449583344162, 4.81797409058, 5.63411045074, 3.66821432114], [-267.112854004, 157.670181274, 19.4864768982, 21.8041820526, 180.786270142, -22.4575309753, 75.0409698486, 10.189743042, 27.3343868256, 7.55327177048, 20.5151481628, -16.0774078369, 32.8457336426], [107.397140503, -103.85647583, 37.7680549622, 12.8624887466, -22.4575309753, 91.5452423096, 1.80744886398, 26.2759284973, -4.90932846069, 1.00905168056, 1.90687453747, 12.1356754303, -2.25154352188], [-101.82572937, 87.3785705566, -35.0088806152, -10.9820480347, 75.0409698486, 1.80744886398, 98.2020111084, 27.5654659271, 26.831861496, -0.923994898796, 13.5908622742, -8.16977024078, 15.8157091141], [7.55533981323, -21.4024887085, 4.00405693054, -8.5611410141, 10.189743042, 26.2759284973, 27.5654659271, 65.6402206421, 25.0517749786, 20.7320690155, 4.53676366806, -0.0308639928699, 7.54766941071], [-29.1021461487, 31.7042675018, -6.18791389465, 4.51631402969, 27.3343868256, -4.90932846069, 26.831861496, 25.0517749786, 55.7154426575, 28.1746711731, 16.7823162079, -1.55627965927, 5.0376791954], [18.450296402, -5.24128389359, -1.74967896938, -0.0449583344162, 7.55327177048, 1.00905168056, -0.923994898796, 20.7320690155, 28.1746711731, 53.6045188904, 27.528169632, 11.6439256668, 7.43694591522], [-4.02384662628, 19.4068336487, -1.00617456436, 4.81797409058, 20.5151481628, 1.90687453747, 13.5908622742, 4.53676366806, 16.7823162079, 27.528169632, 45.8701553345, 23.5232982635, 12.8330726624], [30.2503147125, -28.9237346649, 1.25816690922, 5.63411045074, -16.0774078369, 12.1356754303, -8.16977024078, -0.0308639928699, -1.55627965927, 11.6439256668, 23.5232982635, 41.7930145264, 18.0213775635], [-39.1572723389, 29.7688121796, 2.75183296204, 3.66821432114, 32.8457336426, -2.25154352188, 15.8157091141, 7.54766941071, 5.0376791954, 7.43694591522, 12.8330726624, 18.0213775635, 36.7132759094]],
        "icov": [[0.00100196199492, -0.000571188749745, 0.000392638961785, -0.000561887572985, 0.00187999906484, -0.00154105410911, 0.000405008206144, -5.58396714041e-05, 0.000231862926739, -0.000550883938558, -0.000559744483326, 0.00090810097754, -0.00055125891231], [-0.000571188749745, 0.0477893836796, -0.019418887794, 0.0422115139663, -0.0243262425065, 0.041673026979, -0.0242716297507, 0.0247088577598, -0.0173500403762, 0.0131081975996, -0.0153086008504, 0.0122829666361, -0.0133783398196], [0.000392638961785, -0.019418887794, 0.0192016791552, -0.0272260792553, 0.00797845330089, -0.0203344691545, 0.0161449201405, -0.0138937328011, 0.00851069018245, -0.00316707231104, 0.00364842871204, -0.000924028514419, 0.00361378793605], [-0.000561887572985, 0.0422115139663, -0.0272260792553, 0.0699873045087, -0.0267794970423, 0.0333783440292, -0.0186889134347, 0.0299129169434, -0.024145135656, 0.0137213561684, -0.0109764933586, 0.0026258516591, -0.00879010744393], [0.00187999906484, -0.0243262425065, 0.00797845330089, -0.0267794970423, 0.0295814219862, -0.0198622252792, 0.00304254656658, -0.0102782472968, 0.0100360205397, -0.00892890430987, 0.000411506422097, 0.00854840688407, -0.00698167830706], [-0.00154105410911, 0.041673026979, -0.0203344691545, 0.0333783440292, -0.0198622252792, 0.054589305073, -0.025902274996, 0.0130828777328, -0.0100384829566, 0.0118918707594, -0.0121901258826, 0.00330639677122, -0.00605182582512], [0.000405008206144, -0.0242716297507, 0.0161449201405, -0.0186889134347, 0.00304254656658, -0.025902274996, 0.039583530277, -0.0209171399474, 0.000533404236194, 0.00760178873315, -0.00266571994871, -0.000692138099112, 0.00336565403268], [-5.58396714041e-05, 0.0247088577598, -0.0138937328011, 0.0299129169434, -0.0102782472968, 0.0130828777328, -0.0209171399474, 0.0428160615265, -0.0176505893469, -0.00497108139098, 0.00143458612729, 0.00694842683151, -0.012318844907], [0.000231862926739, -0.0173500403762, 0.00851069018245, -0.024145135656, 0.0100360205397, -0.0100384829566, 0.000533404236194, -0.0176505893469, 0.0415123514831, -0.0199081040919, 0.00208133063279, 0.000476690736832, 0.00726957665756], [-0.000550883938558, 0.0131081975996, -0.00316707231104, 0.0137213561684, -0.00892890430987, 0.0118918707594, 0.00760178873315, -0.00497108139098, -0.0199081040919, 0.0475519113243, -0.0284828562289, 0.00706876907498, -0.00629954924807], [-0.000559744483326, -0.0153086008504, 0.00364842871204, -0.0109764933586, 0.000411506422097, -0.0121901258826, -0.00266571994871, 0.00143458612729, 0.00208133063279, -0.0284828562289, 0.06276448071, -0.0395733863115, 0.0153470607474], [0.00090810097754, 0.0122829666361, -0.000924028514419, 0.0026258516591, 0.00854840688407, 0.00330639677122, -0.000692138099112, 0.00694842683151, 0.000476690736832, 0.00706876907498, -0.0395733863115, 0.0714215189219, -0.0404826141894], [-0.00055125891231, -0.0133783398196, 0.00361378793605, -0.00879010744393, -0.00698167830706, -0.00605182582512, 0.00336565403268, -0.012318844907, 0.00726957665756, -0.00629954924807, 0.0153470607474, -0.0404826141894, 0.0598486997187]]
    },
    "melbands": {
        "dmean": [0.00336625985801, 0.00326709216461, 0.00185078859795, 0.000465997087304, 0.000156909038196, 0.000131631386466, 0.000103633217805, 4.57061505585e-05, 7.40375908208e-05, 0.000119059826829, 6.5142805397e-05, 0.000106939951365, 5.17217449669e-05, 6.12816438661e-05, 4.72864267067e-05, 4.66175661131e-05, 3.86758874811e-05, 3.90330424125e-05, 3.70668640244e-05, 4.774899935e-05, 6.44383690087e-05, 4.02617624786e-05, 2.62716348516e-05, 1.52196635099e-05, 1.16240116768e-05, 7.3856635936e-06, 7.32775970391e-06, 6.08619757259e-06, 5.28174496139e-06, 4.77423009215e-06, 4.20748438046e-06, 3.93571781387e-06, 3.55083557224e-06, 3.19800892612e-06, 3.08504809254e-06, 2.54711562775e-06, 2.37191011365e-06, 2.21659024646e-06, 9.74693193712e-07, 3.0473219681e-07],
        "dmean2": [0.00532593438402, 0.00532184168696, 0.003020507982, 0.000779651280027, 0.000258095940808, 0.000220779693336, 0.000172542277141, 7.37885275157e-05, 0.00011946963059, 0.000190423219465, 0.000105029022961, 0.000177708847332, 8.56330516399e-05, 0.000102354249975, 7.89502373664e-05, 7.80761401984e-05, 6.39391582808e-05, 6.55162293697e-05, 6.2611681642e-05, 8.03278599051e-05, 0.000109087588498, 6.74816619721e-05, 4.45975965704e-05, 2.56669882219e-05, 1.94691947399e-05, 1.24789030451e-05, 1.24616963149e-05, 1.03282654891e-05, 9.01666317077e-06, 8.01761507319e-06, 6.90678689352e-06, 6.53596862321e-06, 5.94632774664e-06, 5.40304017704e-06, 5.23437165612e-06, 4.39821724285e-06, 4.14512032876e-06, 3.94007793147e-06, 1.7372798311e-06, 5.20620176303e-07],
        "dvar": [3.16374425893e-05, 1.23879890452e-05, 5.07868708155e-06, 4.09096230669e-07, 4.46001600096e-08, 4.08592200074e-08, 2.84873955536e-08, 7.95134091902e-09, 1.25575105869e-08, 2.79971157369e-08, 9.86022552496e-09, 3.95273467291e-08, 5.92029891777e-09, 1.02499431165e-08, 3.56807161594e-09, 3.18147441725e-09, 2.08978501171e-09, 2.59009391712e-09, 2.0349704144e-09, 2.88158163997e-09, 3.60597640636e-09, 1.39526268317e-09, 7.3379341492e-10, 5.0729942469e-10, 2.63162658332e-10, 1.42100442524e-10, 9.20181084108e-11, 7.11872505388e-11, 5.97527652357e-11, 4.42897107877e-11, 3.39498915092e-11, 4.07984306061e-11, 3.21166704342e-11, 3.03085993802e-11, 3.0998082573e-11, 1.86616277986e-11, 2.41216057545e-11, 2.7609492817e-11, 4.02359742746e-12, 3.09890676488e-13],
        "dvar2": [6.98257208569e-05, 3.29369686369e-05, 1.14317308544e-05, 1.09781217361e-06, 1.19158350742e-07, 1.11022359306e-07, 7.8881576826e-08, 1.97489047338e-08, 3.21091739863e-08, 7.39733252431e-08, 2.48747014098e-08, 1.13321867445e-07, 1.62698476913e-08, 2.81910619293e-08, 9.56282342202e-09, 8.33786728549e-09, 5.48567724579e-09, 6.92347512654e-09, 5.32487121063e-09, 7.57594431633e-09, 1.00664747649e-08, 3.88732290801e-09, 1.96211313863e-09, 1.36367950265e-09, 6.72768118992e-10, 3.85526360835e-10, 2.54771453934e-10, 1.97634089649e-10, 1.64148569737e-10, 1.15069266615e-10, 8.09477762598e-11, 9.98118254714e-11, 8.08081726533e-11, 7.58163531955e-11, 8.115410427e-11, 4.80799913771e-11, 6.12584358239e-11, 7.49846088e-11, 1.11670343111e-11, 7.97702398928e-13],
        "max": [0.0353682823479, 0.0283245164901, 0.0350543856621, 0.00631576869637, 0.00223993347026, 0.00232937396504, 0.00269243912771, 0.00161575106904, 0.00166849733796, 0.00270474515855, 0.00220265169628, 0.0034560430795, 0.00132778496481, 0.00166012288537, 0.000808665878139, 0.000785282929428, 0.000478555419249, 0.00106473953929, 0.000979249365628, 0.000952744157985, 0.000536847161129, 0.000489523867145, 0.00029504604754, 0.000363547907909, 0.000325170985889, 0.000192540494027, 0.000118491559988, 0.000109616426926, 8.84077671799e-05, 8.57199847815e-05, 8.33769227029e-05, 7.96250460553e-05, 8.39770145831e-05, 6.5147098212e-05, 7.0813948696e-05, 4.87686083943e-05, 8.50322612678e-05, 7.96496096882e-05, 2.32955426327e-05, 6.93091760695e-06],
        "mean": [0.00483690295368, 0.00677736476064, 0.00396596547216, 0.000798227265477, 0.000273218320217, 0.00019960955251, 0.000165732664755, 7.2924856795e-05, 0.000128032595967, 0.000207228775253, 0.000122027908219, 0.000173590276972, 9.29657689994e-05, 0.0001144472335, 9.03478285181e-05, 8.26319883345e-05, 7.42586998967e-05, 7.63089410611e-05, 7.33121123631e-05, 9.78201351245e-05, 0.000139343042974, 9.97791357804e-05, 5.55445476493e-05, 3.01790860249e-05, 2.41875786742e-05, 1.54563385877e-05, 1.58700877364e-05, 1.28117444547e-05, 1.07472487798e-05, 9.84808957583e-06, 8.23997015686e-06, 6.61076410324e-06, 5.60923444937e-06, 4.80731614516e-06, 4.7242256187e-06, 3.69071790374e-06, 3.05724483951e-06, 2.40482177105e-06, 1.19118737985e-06, 4.70393104024e-07],
        "median": [0.00283520668745, 0.00561716035008, 0.00302514689974, 0.000571591546759, 0.000203201489057, 0.000127552222693, 0.000100013530755, 4.43911048933e-05, 7.987418212e-05, 0.000140345626278, 8.51670265547e-05, 9.836609388e-05, 6.42447994323e-05, 7.37844820833e-05, 6.78203941789e-05, 6.48740679026e-05, 5.7489167375e-05, 5.88375150983e-05, 6.02301515755e-05, 8.29158016131e-05, 0.000125845137518, 9.20339443837e-05, 4.84971751575e-05, 2.51884684985e-05, 2.00436606974e-05, 1.25904016386e-05, 1.36377375384e-05, 1.09253796836e-05, 9.1717520263e-06, 7.99085410108e-06, 5.87993372392e-06, 3.86983674616e-06, 3.10339714815e-06, 2.41261341216e-06, 2.5547712994e-06, 2.1189000563e-06, 1.59581838943e-06, 1.08151687073e-06, 6.46245553071e-07, 2.91720283485e-07],
        "min": [4.02409057187e-08, 3.94276824522e-08, 3.47279325297e-08, 4.5108961011e-09, 2.38367703354e-09, 6.74642119947e-10, 1.46896916853e-09, 1.5313385282e-10, 7.25675797231e-10, 1.33327826557e-09, 5.64074897902e-10, 8.31729130013e-10, 5.16753195789e-10, 3.58966134595e-10, 2.57432380968e-10, 6.84019563213e-10, 1.55061929963e-09, 1.08668085641e-09, 4.90709861634e-10, 1.31567468031e-09, 1.04458497407e-09, 9.00557850514e-10, 9.39962552238e-10, 4.75242289966e-10, 4.53850929061e-10, 2.22821872065e-10, 7.54818152426e-11, 1.4863864306e-10, 2.06695785487e-10, 7.02460034585e-11, 5.27990082211e-11, 2.03882171562e-11, 9.09423057693e-12, 5.34059428625e-12, 4.1458663759e-12, 5.27930216904e-12, 3.79031007969e-12, 2.88443097532e-12, 1.05402188713e-12, 9.89016811156e-13],
        "var": [3.72959329979e-05, 2.08815326914e-05, 1.38473751576e-05, 5.83940050092e-07, 6.65660593313e-08, 4.90139591136e-08, 4.05758910915e-08, 1.11209566001e-08, 2.14196571591e-08, 5.18018978823e-08, 2.0413407853e-08, 5.83241117624e-08, 1.0535520012e-08, 1.93729814413e-08, 6.63026789027e-09, 4.74867700717e-09, 3.74558650762e-09, 4.43539160955e-09, 3.24759175108e-09, 4.62570648452e-09, 5.96490323801e-09, 2.58325494329e-09, 1.12805464969e-09, 6.07468686464e-10, 3.9261430218e-10, 1.73399100634e-10, 1.23561855192e-10, 9.01108215823e-11, 6.75547673357e-11, 6.05318087321e-11, 5.82498910218e-11, 5.98227439808e-11, 4.23419597995e-11, 3.92031337948e-11, 3.54926539547e-11, 2.0741989723e-11, 2.4104275867e-11, 2.11884849943e-11, 2.97825197663e-12, 3.45706563419e-13]
    },
    "mfcc": {
        "mean": [-572.153137207, 108.289520264, -12.4376926422, 33.3597869873, 19.7673969269, 20.739982605, 4.08937931061, 17.1707267761, 9.62940406799, 4.25313854218, -6.64199018478, 4.69620418549, -3.70560503006],
        "cov": [[1540.45397949, -298.744628906, 96.9442672729, -175.075057983, -128.995117188, -15.6573371887, -84.6125640869, -2.99272799492, -81.645362854, 9.32004928589, -4.59509325027, -25.2914104462, -10.355257988], [-298.744628906, 347.083831787, -150.241500854, 101.386985779, 23.481508255, -7.8142747879, 47.2280044556, -16.6039791107, 47.9427032471, 2.62834787369, 12.1822872162, 19.7122745514, 5.32205343246], [96.9442672729, -150.241500854, 205.510116577, -25.678188324, 29.2383480072, 12.4076147079, -26.4877700806, 5.94195270538, -30.4328918457, -8.64416313171, -9.42526340485, -11.8661804199, -2.42480158806], [-175.075057983, 101.386985779, -25.678188324, 95.6502609253, 38.5196990967, 8.31362724304, 10.6093244553, -11.4812393188, 13.6911201477, -1.84202158451, 3.78085231781, 5.1386961937, 1.53919935226], [-128.995117188, 23.481508255, 29.2383480072, 38.5196990967, 79.9658203125, 20.5918922424, 16.8473834991, -3.57191038132, 12.5967292786, 3.91109228134, 3.55939674377, 7.59772348404, 4.15485811234], [-15.6573371887, -7.8142747879, 12.4076147079, 8.31362724304, 20.5918922424, 47.1656723022, 16.8325843811, 9.76591777802, -3.24314713478, -1.92706978321, -3.13703107834, 1.0838547945, 1.51067185402], [-84.6125640869, 47.2280044556, -26.4877700806, 10.6093244553, 16.8473834991, 16.8325843811, 67.5248184204, 25.824382782, 23.9192276001, 5.26064634323, 1.46128499508, 8.82405757904, 6.40148115158], [-2.99272799492, -16.6039791107, 5.94195270538, -11.4812393188, -3.57191038132, 9.76591777802, 25.824382782, 50.3357124329, 18.2568759918, 7.86405658722, -3.13055324554, 1.15207755566, -0.338792026043], [-81.645362854, 47.9427032471, -30.4328918457, 13.6911201477, 12.5967292786, -3.24314713478, 23.9192276001, 18.2568759918, 57.0306015015, 25.0296211243, 13.1123046875, 7.98908185959, 0.632763445377], [9.32004928589, 2.62834787369, -8.64416313171, -1.84202158451, 3.91109228134, -1.92706978321, 5.26064634323, 7.86405658722, 25.0296211243, 46.593460083, 22.2526493073, 8.65469741821, -0.566759049892], [-4.59509325027, 12.1822872162, -9.42526340485, 3.78085231781, 3.55939674377, -3.13703107834, 1.46128499508, -3.13055324554, 13.1123046875, 22.2526493073, 40.931022644, 16.8727455139, 5.92420387268], [-25.2914104462, 19.7122745514, -11.8661804199, 5.1386961937, 7.59772348404, 1.0838547945, 8.82405757904, 1.15207755566, 7.98908185959, 8.65469741821, 16.8727455139, 38.2662811279, 18.3172340393], [-10.355257988, 5.32205343246, -2.42480158806, 1.53919935226, 4.15485811234, 1.51067185402, 6.40148115158, -0.338792026043, 0.632763445377, -0.566759049892, 5.92420387268, 18.3172340393, 37.0705299377]],
