{
"lowlevel": {
    "average_loudness": 0.983233630657,
    "barkbands_crest": {
        "dmean": 3.07843708992,
        "dmean2": 5.30104446411,
        "dvar": 7.99235486984,
        "dvar2": 23.7157001495,
        "max": 21.9953403473,
        "mean": 8.92617416382,
        "median": 8.24776554108,
        "min": 2.47458744049,
        "var": 13.2100448608
    },
    "barkbands_flatness_db": {
        "dmean": 0.0244049206376,
        "dmean2": 0.0409175418317,
        "dvar": 0.000562463188544,
        "dvar2": 0.00155425700359,
        "max": 0.299714952707,
        "mean": 0.143944635987,
        "median": 0.13618016243,
        "min": 0.0388957411051,
        "var": 0.00138803117443
    },
    "barkbands_kurtosis": {
        "dmean": 2.96101498604,
        "dmean2": 4.86726951599,
        "dvar": 23.5232887268,
        "dvar2": 60.041633606,
        "max": 53.5746421814,
        "mean": 2.27145862579,
        "median": -0.200314044952,
        "min": -1.83509409428,
        "var": 40.3143806458
    },
    "barkbands_skewness": {
        "dmean": 0.701771974564,
        "dmean2": 1.12144231796,
        "dvar": 0.456933498383,
        "dvar2": 1.18627178669,
        "max": 6.88999271393,
        "mean": 1.40835475922,
        "median": 1.11208450794,
        "min": -0.690926849842,
        "var": 1.41910338402
    },
    "barkbands_spread": {
        "dmean": 8.63955974579,
        "dmean2": 13.690328598,
        "dvar": 76.2930984497,
        "dvar2": 185.687652588,
        "max": 89.550239563,
        "mean": 36.1532974243,
        "median": 36.1082229614,
        "min": 3.51297235489,
        "var": 243.408981323
    },
    "dissonance": {
        "dmean": 0.00746827665716,
        "dmean2": 0.0126195093617,
        "dvar": 4.61277850263e-05,
        "dvar2": 0.000127265913761,
        "max": 0.499547690153,
        "mean": 0.487487375736,
        "median": 0.489417225122,
        "min": 0.441386908293,
        "var": 7.02096076566e-05
    },
    "dynamic_complexity": 1.19660508633,
    "erbbands_crest": {
        "dmean": 1.85987842083,
        "dmean2": 3.09902405739,
        "dvar": 3.00267362595,
        "dvar2": 7.76813411713,
        "max": 19.290933609,
        "mean": 6.63360691071,
        "median": 6.09119415283,
        "min": 2.61441469193,
        "var": 5.83807373047
    },
    "erbbands_flatness_db": {
        "dmean": 0.0113037815318,
        "dmean2": 0.017324026674,
        "dvar": 9.82244673651e-05,
        "dvar2": 0.000212263475987,
        "max": 0.240842819214,
        "mean": 0.165428355336,
        "median": 0.163780987263,
        "min": 0.112528651953,
        "var": 0.000454785884358
    },
    "erbbands_kurtosis": {
        "dmean": 0.697112441063,
        "dmean2": 1.11979758739,
        "dvar": 0.607046186924,
        "dvar2": 1.49704456329,
        "max": 9.44125843048,
        "mean": -0.119621865451,
        "median": -0.322074651718,
        "min": -1.74214625359,
        "var": 1.33992695808
    },
    "erbbands_skewness": {
        "dmean": 0.333223521709,
        "dmean2": 0.50695079565,
        "dvar": 0.0922073051333,
        "dvar2": 0.20842705667,
        "max": 1.4824385643,
        "mean": -0.636324942112,
        "median": -0.699579834938,
        "min": -2.59460258484,
        "var": 0.285819590092
    },
    "erbbands_spread": {
        "dmean": 11.2390890121,
        "dmean2": 17.8942699432,
        "dvar": 99.4447784424,
        "dvar2": 242.063858032,
        "max": 130.427383423,
        "mean": 53.580909729,
        "median": 51.0669708252,
        "min": 14.2480020523,
        "var": 356.973175049
    },
    "hfc": {
        "dmean": 10.3957509995,
        "dmean2": 16.1959171295,
        "dvar": 186.636367798,
        "dvar2": 454.808197021,
        "max": 118.141647339,
        "mean": 28.6967735291,
        "median": 26.16248703,
        "min": 0.000570000440348,
        "var": 327.466461182
    },
    "melbands_crest": {
        "dmean": 3.39313077927,
        "dmean2": 5.5758357048,
        "dvar": 7.76807785034,
        "dvar2": 20.7793369293,
        "max": 28.8381118774,
        "mean": 15.0826120377,
        "median": 14.8106231689,
        "min": 4.38992595673,
        "var": 20.0181694031
    },
    "melbands_flatness_db": {
        "dmean": 0.0324846170843,
        "dmean2": 0.0528370141983,
        "dvar": 0.000934567535296,
        "dvar2": 0.00239991466515,
        "max": 0.360359042883,
        "mean": 0.163890644908,
        "median": 0.15482416749,
        "min": 0.0438507646322,
        "var": 0.00314308144152
    },
    "melbands_kurtosis": {
        "dmean": 12.2007312775,
        "dmean2": 20.2534637451,
        "dvar": 327.876983643,
        "dvar2": 846.196838379,
        "max": 188.993743896,
        "mean": 17.6886730194,
        "median": 8.49290657043,
        "min": -1.26155889034,
        "var": 588.067199707
    },
    "melbands_skewness": {
        "dmean": 1.14107048512,
        "dmean2": 1.84120571613,
        "dvar": 1.31584668159,
        "dvar2": 3.49157834053,
        "max": 11.5679826736,
        "mean": 3.45284295082,
        "median": 2.91726946831,
        "min": 0.365500897169,
        "var": 3.74690651894
    },
    "melbands_spread": {
        "dmean": 12.8633737564,
        "dmean2": 20.6935329437,
        "dvar": 161.914367676,
        "dvar2": 400.133911133,
        "max": 136.019424438,
        "mean": 34.4409065247,
        "median": 31.2187480927,
        "min": 1.98090624809,
        "var": 477.195526123
    },
    "pitch_salience": {
        "dmean": 0.0864679515362,
        "dmean2": 0.145610660315,
        "dvar": 0.00594090437517,
        "dvar2": 0.0167341586202,
        "max": 0.821942865849,
        "mean": 0.603493094444,
        "median": 0.616866290569,
        "min": 0.200801596045,
        "var": 0.00950443744659
    },
    "silence_rate_20dB": {
        "dmean": 0,
        "dmean2": 0,
        "dvar": 0,
        "dvar2": 0,
        "max": 1,
        "mean": 1,
        "median": 1,
        "min": 1,
        "var": 0
    },
    "silence_rate_30dB": {
        "dmean": 0.00310077518225,
        "dmean2": 0.00620636157691,
        "dvar": 0.00309115601704,
        "dvar2": 0.00927099678665,
        "max": 1,
        "mean": 0.998450815678,
        "median": 1,
        "min": 0,
        "var": 0.00154678407125
    },
    "silence_rate_60dB": {
        "dmean": 0.00310077518225,
        "dmean2": 0.00620636157691,
        "dvar": 0.0030911709182,
        "dvar2": 0.0061678881757,
        "max": 1,
        "mean": 0.018590239808,
        "median": 0,
        "min": 0,
        "var": 0.0182442851365
    },
    "spectral_centroid": {
        "dmean": 372.169464111,
        "dmean2": 587.217102051,
        "dvar": 107028.304688,
        "dvar2": 245291.859375,
        "max": 3633.10595703,
        "mean": 2025.61193848,
        "median": 2076.14306641,
        "min": 375.18536377,
        "var": 385338.3125
    },
    "spectral_complexity": {
        "dmean": 6.5085272789,
        "dmean2": 9.35376262665,
        "dvar": 35.2297554016,
        "dvar2": 65.9803771973,
        "max": 61,
        "mean": 30.5840435028,
        "median": 32,
        "min": 0,
        "var": 138.071014404
    },
    "spectral_decrease": {
        "dmean": 4.14088630052e-09,
        "dmean2": 7.09095138163e-09,
        "dvar": 4.21494414076e-17,
        "dvar2": 1.15918219072e-16,
        "max": -7.48281102879e-14,
        "mean": -7.74184538699e-09,
        "median": -5.98234928262e-09,
        "min": -4.38185878693e-08,
        "var": 3.68716386703e-17
    },
    "spectral_energy": {
        "dmean": 0.0162037722766,
        "dmean2": 0.0276808701456,
        "dvar": 0.000630848924629,
        "dvar2": 0.00172659335658,
        "max": 0.171400144696,
        "mean": 0.0318224392831,
        "median": 0.0250633601099,
        "min": 3.34119107492e-07,
        "var": 0.000555279257242
    },
    "spectral_energyband_high": {
        "dmean": 0.00081294903066,
        "dmean2": 0.00129039853346,
        "dvar": 1.93776531887e-06,
        "dvar2": 4.59161810795e-06,
        "max": 0.0136313121766,
        "mean": 0.00175615691114,
        "median": 0.00115059502423,
        "min": 2.35300259277e-08,
        "var": 3.57208909918e-06
    },
    "spectral_energyband_low": {
        "dmean": 0.0124439271167,
        "dmean2": 0.0218417160213,
        "dvar": 0.000502736715134,
        "dvar2": 0.00139471609145,
        "max": 0.141721412539,
        "mean": 0.0145787671208,
        "median": 0.00780717749149,
        "min": 1.95804208403e-08,
        "var": 0.000400931225158
    },
    "spectral_energyband_middle_high": {
        "dmean": 0.00223414506763,
        "dmean2": 0.00344650680199,
        "dvar": 7.89816931501e-06,
        "dvar2": 1.93551095435e-05,
        "max": 0.0320007577538,
        "mean": 0.0059772641398,
        "median": 0.00520847178996,
        "min": 1.63483178994e-07,
        "var": 1.7500929971e-05
    },
    "spectral_energyband_middle_low": {
        "dmean": 0.00618329551071,
        "dmean2": 0.0102368080989,
        "dvar": 5.49367796339e-05,
        "dvar2": 0.000140521515277,
        "max": 0.0768494307995,
        "mean": 0.012053146027,
        "median": 0.0101239951327,
        "min": 1.31011233861e-07,
        "var": 8.00924099167e-05
    },
    "spectral_entropy": {
        "dmean": 0.110408514738,
        "dmean2": 0.166398063302,
        "dvar": 0.0108279054984,
        "dvar2": 0.0242766439915,
        "max": 8.45002651215,
        "mean": 7.85853242874,
        "median": 7.85862207413,
        "min": 7.1065363884,
        "var": 0.0433653891087
    },
    "spectral_flux": {
        "dmean": 0.0331390425563,
        "dmean2": 0.053011957556,
        "dvar": 0.00183273549192,
        "dvar2": 0.0033264644444,
        "max": 0.328164100647,
        "mean": 0.107581801713,
        "median": 0.0922105461359,
        "min": 0.000578030361794,
        "var": 0.00295615498908
    },
    "spectral_kurtosis": {
        "dmean": 1.06013441086,
        "dmean2": 1.84833812714,
        "dvar": 1.04186987877,
        "dvar2": 3.17037248611,
        "max": 9.33435726166,
        "mean": 1.52888321877,
        "median": 1.30922269821,
        "min": -0.693679332733,
        "var": 1.51219034195
    },
    "spectral_rms": {
        "dmean": 0.00122715556063,
        "dmean2": 0.0020272936672,
        "dvar": 2.36904315898e-06,
        "dvar2": 6.31814509688e-06,
        "max": 0.0129313440993,
        "mean": 0.00528804305941,
        "median": 0.00494490237907,
        "min": 1.80546358024e-05,
        "var": 3.08292305817e-06
    },
    "spectral_rolloff": {
        "dmean": 865.635864258,
        "dmean2": 1448.80651855,
        "dvar": 1205187.125,
        "dvar2": 2736284,
        "max": 8268.75,
        "mean": 2352.85400391,
        "median": 2433.25195312,
        "min": 107.666015625,
        "var": 2936493.75
    },
    "spectral_skewness": {
        "dmean": 0.165953978896,
        "dmean2": 0.273657172918,
        "dvar": 0.0223042089492,
        "dvar2": 0.0637100562453,
        "max": 1.85722410679,
        "mean": 0.714125454426,
        "median": 0.689080297947,
        "min": 0.199841499329,
        "var": 0.0461837351322
    },
    "spectral_spread": {
        "dmean": 389571.40625,
        "dmean2": 565666.875,
        "dvar": 151133552640,
        "dvar2": 283725529088,
        "max": 8221648,
        "mean": 4004178.75,
        "median": 3824601.25,
        "min": 2192896.25,
        "var": 814555463680
    },
    "spectral_strongpeak": {
        "dmean": 0.305305868387,
        "dmean2": 0.535646796227,
        "dvar": 0.279174923897,
        "dvar2": 0.73557806015,
        "max": 5.55189990997,
        "mean": 0.474813371897,
        "median": 0.36825209856,
        "min": 0.00061055761762,
        "var": 0.240107670426
    },
    "zerocrossingrate": {
        "dmean": 0.0126154460013,
        "dmean2": 0.0146651053801,
        "dvar": 0.000132293687784,
        "dvar2": 0.00017772600404,
        "max": 0.2099609375,
        "mean": 0.0803602784872,
        "median": 0.076171875,
        "min": 0.01171875,
        "var": 0.00110962695908
    },
    "barkbands": {
        "dmean": [0.000164203098393, 0.00723961228505, 0.00517478585243, 0.00374208320864, 0.0029450180009, 0.000638125406113, 0.000254119193414, 0.0002992208465, 0.000416707014665, 0.000314783654176, 0.00026785209775, 0.000210480036912, 0.00028875269345, 0.000275747297565, 0.000286283233436, 0.0003520695318, 0.000343022780726, 0.000442379066953, 0.00067730457522, 0.000325745932059, 0.000234269915381, 0.000212479513721, 0.000223388851737, 0.000132057670271, 2.88034188998e-05, 2.34004513544e-08, 1.2232729274e-09],
        "dmean2": [0.000247801450314, 0.0130872810259, 0.00914197228849, 0.00613978644833, 0.00494537502527, 0.00104788446333, 0.000430195301306, 0.000493891537189, 0.000691192923114, 0.000511737482157, 0.000430311309174, 0.000341503182426, 0.000480358867208, 0.000449896819191, 0.000472493178677, 0.000584589666687, 0.000546783441678, 0.000715982052498, 0.00107877177652, 0.000534026126843, 0.000404124351917, 0.000342443498084, 0.000350006943336, 0.000202143535716, 4.43158896815e-05, 3.67554768843e-08, 2.29564833809e-09],
        "dvar": [8.73568595239e-08, 0.00026605615858, 7.29935782147e-05, 2.49229342444e-05, 1.53426608449e-05, 2.29281954489e-06, 2.95287208019e-07, 4.48833532118e-07, 5.62175500818e-07, 3.41660324921e-07, 2.40292109766e-07, 1.59855616744e-07, 3.50682114458e-07, 1.85878946013e-07, 2.36266401998e-07, 4.10213743862e-07, 2.77606943655e-07, 4.69189160412e-07, 8.25537426863e-07, 2.75857559018e-07, 1.85481383141e-07, 1.03400864759e-07, 2.92919537515e-07, 8.46552765665e-08, 5.01381380857e-09, 4.27438236173e-15, 2.92770961839e-18],
        "dvar2": [1.77175621729e-07, 0.000738813250791, 0.000206992801395, 6.21244180365e-05, 4.23083220085e-05, 5.65587970414e-06, 7.7599264614e-07, 1.15599868877e-06, 1.36117250804e-06, 8.74141676377e-07, 5.52282699573e-07, 3.78275274215e-07, 9.61614887274e-07, 4.39384336914e-07, 5.92650962972e-07, 1.0195304867e-06, 6.74336661177e-07, 1.13763223908e-06, 2.18628542825e-06, 7.06055118371e-07, 5.11120902047e-07, 2.51105262805e-07, 6.99601514498e-07, 1.88976201798e-07, 1.08428235279e-08, 1.01764020591e-14, 9.29077518055e-18],
        "max": [0.00388974766247, 0.10061904043, 0.0673234164715, 0.0519779771566, 0.0376463346183, 0.0201630108058, 0.00908301305026, 0.00826350785792, 0.0103047452867, 0.0088365348056, 0.00602962635458, 0.00663349870592, 0.00994700193405, 0.00605443818495, 0.00659208977595, 0.00727065047249, 0.0092696249485, 0.00791323836893, 0.0155136007816, 0.00668184598908, 0.00454994384199, 0.00376710132696, 0.00611235573888, 0.00333862309344, 0.000832637713756, 9.23930940644e-07, 1.29766268842e-08],
        "mean": [0.000189664482605, 0.0057182982564, 0.00621800823137, 0.00535708945245, 0.00432745506987, 0.000869159353897, 0.000342835730407, 0.000382689322578, 0.000631522503681, 0.000504680268932, 0.00040150192217, 0.000322834908729, 0.000414634327171, 0.000433695066022, 0.000421856791945, 0.000530757126398, 0.000548244745005, 0.000748498074245, 0.00131477066316, 0.000631620525382, 0.000377887132345, 0.000445580488304, 0.000404289079597, 0.000241551257204, 4.32847009506e-05, 3.33995160418e-08, 9.41145161804e-10],
        "median": [5.26486182935e-05, 0.00125252781436, 0.00413291715086, 0.00317316851579, 0.00303511042148, 0.000357382203219, 0.000178770991624, 0.000145850528497, 0.000356773962267, 0.000263260561042, 0.000207639386645, 0.000190421109437, 0.000221090682317, 0.000240532841417, 0.000225674710236, 0.000285303365672, 0.000318382517435, 0.000499136047438, 0.00110079569276, 0.000506202690303, 0.000241196103161, 0.0003148529795, 0.000183304859092, 9.49070526985e-05, 1.25231372294e-05, 9.79878311824e-09, 3.75281083986e-10],
        "min": [1.79495196484e-09, 9.22966414407e-09, 6.57176091323e-09, 1.13834754956e-08, 1.04025630776e-07, 4.45382974945e-09, 3.14305070859e-09, 4.6596162484e-09, 3.20290594047e-09, 1.6497725408e-09, 2.41175950322e-08, 6.72594246964e-09, 3.60728513726e-09, 9.45928935181e-09, 6.81789336099e-09, 9.80697834052e-09, 1.14324523182e-08, 2.28511822797e-08, 2.93837629783e-08, 4.66265390742e-08, 8.65719584908e-09, 3.35823324704e-09, 7.96530730263e-10, 2.99073349419e-10, 2.3878963043e-11, 1.34644214181e-11, 1.98141485858e-11],
        "var": [1.24264445844e-07, 0.000181476993021, 5.96017780481e-05, 3.78334152629e-05, 1.8409016775e-05, 3.10991504193e-06, 3.17691899454e-07, 5.61873093829e-07, 8.72910391081e-07, 6.1226029402e-07, 4.01216794899e-07, 2.14747828409e-07, 3.90875840139e-07, 3.94663999259e-07, 3.45603893948e-07, 6.27357394478e-07, 4.92561866849e-07, 7.55287373977e-07, 1.18360412671e-06, 3.37168245323e-07, 1.9064918888e-07, 2.0543505741e-07, 5.21388130892e-07, 1.7006600217e-07, 8.98942253968e-09, 6.20965486401e-15, 2.19370573196e-18]
    },
    "erbbands": {
        "dmean": [0.140790894628, 1.86610198021, 5.50691890717, 9.08291053772, 13.3792896271, 8.13072681427, 5.53832149506, 5.03194856644, 3.79811906815, 4.67891979218, 6.70618629456, 9.60909938812, 9.25032424927, 9.62933731079, 10.5822553635, 8.3080739975, 12.3888092041, 13.4307518005, 12.4619932175, 17.4577770233, 18.5530967712, 18.18085289, 22.0344085693, 29.5505657196, 32.3595542908, 15.1070899963, 9.73319816589, 9.08372974396, 8.0887260437, 7.38351488113, 6.07858705521, 3.41193223, 1.96175527573, 0.607029795647, 0.0407977588475, 0.00183050835039, 0.000110465880425, 1.81545055966e-05, 1.1158163943e-05, 1.91635481315e-05],
        "dmean2": [0.251254856586, 3.37884497643, 9.84364509583, 15.3401966095, 22.7299785614, 13.7160797119, 8.76856040955, 8.40202617645, 6.42219018936, 7.87608575821, 10.9329690933, 15.8210325241, 15.3077878952, 15.2727451324, 17.0715694427, 13.4701156616, 20.5311946869, 21.9345760345, 20.2005596161, 28.4059009552, 30.1918487549, 29.3946552277, 35.7018814087, 47.5123748779, 51.7975311279, 24.6318435669, 16.6846942902, 15.4909238815, 13.1217012405, 11.7308931351, 9.56960105896, 5.30646848679, 2.97421836853, 0.898294210434, 0.0630320012569, 0.0027988278307, 0.000162971351529, 2.64635054918e-05, 1.8003383957e-05, 3.24563516187e-05],
        "dvar": [0.0980728715658, 17.3218307495, 94.5099639893, 162.452590942, 301.253112793, 151.764419556, 112.016098022, 157.216842651, 124.809288025, 90.6774597168, 266.717071533, 290.496582031, 266.530853271, 426.360565186, 382.71572876, 203.193344116, 603.583251953, 451.876403809, 405.474334717, 910.926452637, 1127.07739258, 771.537780762, 1248.02685547, 1765.97888184, 1860.9954834, 632.086608887, 384.156646729, 284.060272217, 144.519943237, 221.215454102, 238.62071228, 57.3391723633, 20.3189487457, 2.17808294296, 0.0170976053923, 3.0661260098e-05, 7.02568243582e-08, 1.38731215404e-09, 2.33790514725e-10, 8.06367805861e-10],
        "dvar2": [0.267477154732, 48.3787651062, 266.037780762, 443.260894775, 829.661193848, 387.683227539, 263.855438232, 419.978118896, 334.422943115, 242.247161865, 655.400146484, 732.834228516, 650.194519043, 1034.72290039, 932.958129883, 460.877716064, 1651.54248047, 1066.2545166, 994.206970215, 2268.52783203, 2924.06567383, 1844.18225098, 2996.52905273, 4351.92919922, 4992.17626953, 1661.1072998, 1051.34692383, 772.452514648, 363.276672363, 528.274047852, 567.572998047, 132.934402466, 45.4886283875, 4.66841459274, 0.0411534309387, 7.23133052816e-05, 1.55351969511e-07, 2.99768365686e-09, 5.75365977085e-10, 2.17178985906e-09],
        "max": [2.04983925819, 24.382232666, 78.6977005005, 116.359291077, 172.093978882, 212.990493774, 166.761779785, 203.24156189, 242.363113403, 152.684356689, 302.412384033, 245.997299194, 247.702301025, 416.90057373, 261.36315918, 252.66027832, 384.4894104, 308.474884033, 239.988128662, 475.234588623, 358.450256348, 419.987091064, 442.967163086, 542.269836426, 560.314575195, 350.740539551, 268.810791016, 180.783905029, 152.455490112, 239.948348999, 172.861999512, 83.1686401367, 57.1213684082, 16.719461441, 1.80197238922, 0.078236117959, 0.00334824062884, 0.000458003458334, 0.000130769578391, 0.000196103384951],
        "mean": [0.116870857775, 1.48796463013, 6.13964653015, 13.5836935043, 19.6677322388, 11.5271654129, 8.18803596497, 6.68007230759, 4.81709098816, 6.49903535843, 9.33598423004, 14.459523201, 14.9920101166, 16.5822734833, 16.5138912201, 14.0797786713, 19.217042923, 22.5526256561, 19.6688575745, 28.4043254852, 29.2430839539, 30.638174057, 38.4475326538, 54.7468414307, 64.2059173584, 30.4114208221, 16.4007072449, 14.8533735275, 16.1603450775, 14.4627132416, 10.9231939316, 6.11685991287, 3.4819123745, 0.996721804142, 0.0498628094792, 0.00242236955091, 0.000194047170226, 3.70918824046e-05, 2.63056244876e-05, 4.13919406128e-05],
        "median": [0.0264906063676, 0.365401953459, 3.51531910896, 9.29482746124, 14.580581665, 7.62735176086, 3.98744416237, 3.00575590134, 2.50165653229, 3.11519861221, 3.96444010735, 7.95931816101, 8.49974250793, 8.36640644073, 8.94388961792, 8.96755599976, 11.0739479065, 12.604637146, 11.3926753998, 14.4524583817, 17.254940033, 18.3386516571, 25.4905967712, 42.8937454224, 55.0754890442, 24.0995864868, 11.078707695, 9.27342033386, 11.7248401642, 8.53092098236, 4.70262432098, 2.50192332268, 1.34369242191, 0.315425306559, 0.00941041950136, 0.000560291751754, 7.8717872384e-05, 1.91350591194e-05, 2.03551753657e-05, 3.44053005392e-05],
        "min": [2.58812320908e-07, 2.12786699194e-06, 5.23123844687e-06, 2.738924195e-05, 0.000244002323598, 0.000360570207704, 0.000117441704788, 2.3492895707e-05, 2.90271873382e-05, 7.35367648304e-05, 0.000104446218756, 8.75479454407e-05, 4.32578199252e-05, 0.000432944303611, 0.000750778708607, 0.000278643419733, 0.000175228837179, 0.000455341418274, 0.000365343439626, 0.000424668192863, 0.00062597845681, 0.000740914605558, 0.0009633989539, 0.000992169720121, 0.0031304617878, 0.00152446143329, 0.000458664173493, 0.000316041900078, 0.000154649838805, 5.80706582696e-05, 1.69417762663e-05, 1.1799067579e-05, 1.4968686628e-06, 3.75021102172e-07, 1.26503010733e-07, 5.07991622101e-08, 2.50399807555e-08, 8.87985862619e-09, 2.97479108013e-09, 7.95521315489e-10],
        "var": [0.0708886384964, 11.6561822891, 72.2365264893, 192.394180298, 363.363983154, 179.074707031, 183.470748901, 165.421813965, 107.719535828, 119.195884705, 336.565856934, 452.743469238, 494.668182373, 734.729919434, 586.649047852, 322.770812988, 710.468017578, 1037.28161621, 651.427185059, 2003.87158203, 1450.64599609, 1417.27075195, 1922.20703125, 2635.95800781, 2621.27709961, 779.703674316, 381.0206604, 296.24810791, 251.737213135, 422.606994629, 409.143310547, 109.227920532, 39.2937927246, 4.25665044785, 0.0213186386973, 4.16254079028e-05, 1.28516433051e-07, 2.96088331631e-09, 3.57219864799e-10, 7.54987183882e-10]
    },
    "gfcc": {
        "mean": [9.41165828705, 107.699714661, -152.259750366, 88.3880462646, -67.8361740112, 22.4817752838, -30.0645542145, -6.19054937363, -14.699549675, -31.2127399445, -0.676405310631, -26.0073108673, -2.69190120697],
        "cov": [[2126.29736328, -314.548797607, -47.0632667542, -13.2873125076, -159.144775391, 115.619697571, -97.8527526855, 98.3427429199, -6.67602825165, 49.8706970215, -8.02754974365, 3.05801653862, -19.0567836761], [-314.548797607, 567.718383789, -103.935523987, -29.571264267, 189.878097534, -164.196334839, 137.737121582, -81.1638183594, 90.2924118042, -47.1166801453, 57.8214263916, -9.0763425827, 44.2891960144], [-47.0632667542, -103.935523987, 395.146179199, 120.367645264, -2.93163824081, 110.690422058, -55.243560791, 35.5350112915, -11.4280996323, 9.13682365417, -4.98872280121, 5.04735422134, -3.40167117119], [-13.2873125076, -29.571264267, 120.367645264, 139.793487549, 67.1807861328, 27.2824459076, 19.1834068298, -8.18018913269, 22.7791633606, 7.8218665123, -0.254761695862, 0.926830649376, 9.15570068359], [-159.144775391, 189.878097534, -2.93163824081, 67.1807861328, 198.958786011, -6.9040389061, 76.7410888672, -21.4907169342, 54.8988380432, -7.85476303101, 16.1217384338, -10.2272815704, 23.8924064636], [115.619697571, -164.196334839, 110.690422058, 27.2824459076, -6.9040389061, 154.917602539, 1.5048841238, 40.9198455811, -16.2379169464, 20.6648368835, -9.4421081543, -2.75150537491, -11.3418369293], [-97.8527526855, 137.737121582, -55.243560791, 19.1834068298, 76.7410888672, 1.5048841238, 148.588317871, 1.39676403999, 34.456615448, -8.85430622101, 16.0808887482, -7.14715576172, 6.29245710373], [98.3427429199, -81.1638183594, 35.5350112915, -8.18018913269, -21.4907169342, 40.9198455811, 1.39676403999, 96.1152496338, 14.2181081772, 14.890712738, -1.55394542217, -0.153818488121, -9.91624164581], [-6.67602825165, 90.2924118042, -11.4280996323, 22.7791633606, 54.8988380432, -16.2379169464, 34.456615448, 14.2181081772, 76.6400680542, 16.2748203278, 14.7028360367, -2.61498713493, 6.56918287277], [49.8706970215, -47.1166801453, 9.13682365417, 7.8218665123, -7.85476303101, 20.6648368835, -8.85430622101, 14.890712738, 16.2748203278, 58.1024513245, 16.2721805573, 5.55883312225, 0.501950740814], [-8.02754974365, 57.8214263916, -4.98872280121, -0.254761695862, 16.1217384338, -9.4421081543, 16.0808887482, -1.55394542217, 14.7028360367, 16.2721805573, 51.1989707947, 24.8614425659, 4.31869745255], [3.05801653862, -9.0763425827, 5.04735422134, 0.926830649376, -10.2272815704, -2.75150537491, -7.14715576172, -0.153818488121, -2.61498713493, 5.55883312225, 24.8614425659, 49.7291603088, 20.7409763336], [-19.0567836761, 44.2891960144, -3.40167117119, 9.15570068359, 23.8924064636, -11.3418369293, 6.29245710373, -9.91624164581, 6.56918287277, 0.501950740814, 4.31869745255, 20.7409763336, 44.5897941589]],
        "icov": [[0.00061491766246, -0.000597965437919, 0.000833806174342, -0.00120051682461, 0.000991281238385, -0.00121622579172, 0.0009309372399, -0.000816613901407, 3.40869664797e-05, -7.22120676073e-05, -4.07561783504e-05, 0.000103492529888, -3.50412883563e-05], [-0.000597965437919, 0.0217174012214, -0.0102444989607, 0.0210131183267, -0.013359034434, 0.0186321176589, -0.0134847406298, 0.0124398320913, -0.0133018782362, 0.0109353763983, -0.0185402799398, 0.0138760302216, -0.0131780933589], [0.000833806174342, -0.0102444989607, 0.0106359329075, -0.0154638532549, 0.00779323559254, -0.0124499173835, 0.0095616299659, -0.00778051605448, 0.00615290086716, -0.00256023765542, 0.00556011078879, -0.00463533867151, 0.00483616348356], [-0.00120051682461, 0.0210131183267, -0.0154638532549, 0.0351538993418, -0.0176911316812, 0.0195424500853, -0.0158187225461, 0.0154524054378, -0.0144419083372, 0.00672284513712, -0.0121113816276, 0.00901990383863, -0.0106341252103], [0.000991281238385, -0.013359034434, 0.00779323559254, -0.0176911316812, 0.019132854417, -0.0137744359672, 0.00690363766626, -0.00639975722879, 0.00293419184163, -0.00261982926168, 0.00579457078129, -0.00198498438112, 0.00172599649522], [-0.00121622579172, 0.0186321176589, -0.0124499173835, 0.0195424500853, -0.0137744359672, 0.0277442764491, -0.0147971529514, 0.00799624156207, -0.0064641572535, 0.00353938364424, -0.0109927337617, 0.00903423968703, -0.00790971610695], [0.0009309372399, -0.0134847406298, 0.0095616299659, -0.0158187225461, 0.00690363766626, -0.0147971529514, 0.0195344313979, -0.00939599890262, 0.005647753831, -0.00233541592024, 0.00582567090169, -0.00480751134455, 0.00632625306025], [-0.000816613901407, 0.0124398320913, -0.00778051605448, 0.0154524054378, -0.00639975722879, 0.00799624156207, -0.00939599890262, 0.0218626372516, -0.0129482466727, 0.00448519689962, -0.00760738691315, 0.00523010129109, -0.00465925270692], [3.40869664797e-05, -0.0133018782362, 0.00615290086716, -0.0144419083372, 0.00293419184163, -0.0064641572535, 0.005647753831, -0.0129482466727, 0.0305616222322, -0.0135792801157, 0.00929671060294, -0.00642082095146, 0.00750517332926], [-7.22120676073e-05, 0.0109353763983, -0.00256023765542, 0.00672284513712, -0.00261982926168, 0.00353938364424, -0.00233541592024, 0.00448519689962, -0.0135792801157, 0.031216526404, -0.021417170763, 0.0125393578783, -0.0109463678673], [-4.07561783504e-05, -0.0185402799398, 0.00556011078879, -0.0121113816276, 0.00579457078129, -0.0109927337617, 0.00582567090169, -0.00760738691315, 0.00929671060294, -0.021417170763, 0.0550416745245, -0.0367754884064, 0.0235406011343], [0.000103492529888, 0.0138760302216, -0.00463533867151, 0.00901990383863, -0.00198498438112, 0.00903423968703, -0.00480751134455, 0.00523010129109, -0.00642082095146, 0.0125393578783, -0.0367754884064, 0.0516864433885, -0.0304162018001], [-3.50412883563e-05, -0.0131780933589, 0.00483616348356, -0.0106341252103, 0.00172599649522, -0.00790971610695, 0.00632625306025, -0.00465925270692, 0.00750517332926, -0.0109463678673, 0.0235406011343, -0.0304162018001, 0.0440733842552]]
    },
    "melbands": {
        "dmean": [0.00166127737612, 0.00275644520298, 0.00166502280626, 0.0007678627735, 0.00021387176821, 0.000114067166578, 5.55073747819e-05, 5.41481858818e-05, 5.72021672269e-05, 6.20490463916e-05, 4.68937250844e-05, 4.08133528254e-05, 3.70795569324e-05, 2.51122764894e-05, 2.47347888944e-05, 2.89698145934e-05, 2.65253165708e-05, 2.11714013858e-05, 2.23058941629e-05, 2.55712620856e-05, 2.28645967582e-05, 2.03572890314e-05, 1.9393999537e-05, 2.28126955335e-05, 2.57195624727e-05, 2.94233268505e-05, 1.73323714989e-05, 9.36341348279e-06, 6.4885921347e-06, 5.55917540623e-06, 5.51639686819e-06, 4.9560617299e-06, 4.25722009822e-06, 4.58719341623e-06, 3.98741576646e-06, 2.74120338872e-06, 1.93518712877e-06, 1.58500142788e-06, 9.55207383413e-07, 3.82536853749e-07],
        "dmean2": [0.00299848453142, 0.00491004390642, 0.00276950933039, 0.00129429239314, 0.000334628653945, 0.00018907582853, 9.3644419394e-05, 9.09317968762e-05, 9.22909603105e-05, 0.000103226011561, 7.74779109634e-05, 6.50576548651e-05, 5.95224228164e-05, 4.03132107749e-05, 4.0798473492e-05, 4.88481637149e-05, 4.34401335951e-05, 3.44057189068e-05, 3.69493718608e-05, 4.21567092417e-05, 3.7872192479e-05, 3.30040602421e-05, 3.15215729643e-05, 3.70303387172e-05, 4.17318478867e-05, 4.73578329547e-05, 2.85074675048e-05, 1.55126817845e-05, 1.11329827632e-05, 9.57680913416e-06, 9.45627471083e-06, 8.18763419375e-06, 7.05231059328e-06, 7.25975769456e-06, 6.35879587207e-06, 4.36002846982e-06, 3.03572028315e-06, 2.4478092655e-06, 1.42546582538e-06, 6.02601630817e-07],
        "dvar": [1.42294857142e-05, 2.62183093582e-05, 4.89148260385e-06, 1.00568706785e-06, 1.22686998338e-07, 8.05190722986e-08, 2.3096600188e-08, 1.24771153409e-08, 1.87553865771e-08, 1.13590443718e-08, 6.82038958644e-09, 7.73398234344e-09, 4.78006834115e-09, 2.43563236246e-09, 2.09793760142e-09, 3.11391024077e-09, 1.89195281664e-09, 1.26633104003e-09, 1.31456578956e-09, 2.29073515712e-09, 1.63828617339e-09, 1.0683253171e-09, 8.02918675991e-10, 1.38596711885e-09, 1.38334466104e-09, 1.72324865488e-09, 6.38992025959e-10, 2.80248685369e-10, 1.975050401e-10, 1.02416915226e-10, 1.04079883601e-10, 5.39258360188e-11, 5.14716012867e-11, 9.40742136968e-11, 1.05754141555e-10, 4.44430499347e-11, 1.62019200139e-11, 1.34590463774e-11, 4.7274441306e-12, 1.1537577534e-12],
        "dvar2": [3.93373993575e-05, 7.32459520805e-05, 1.32092063723e-05, 2.7968201266e-06, 2.94696974379e-07, 2.12661916521e-07, 6.13602750832e-08, 3.36120855593e-08, 4.44818759604e-08, 2.86769452629e-08, 1.66299383153e-08, 1.89868387679e-08, 1.12130162933e-08, 5.88723514383e-09, 5.44936362701e-09, 8.46643910535e-09, 4.35546088084e-09, 3.13179127076e-09, 3.28360250101e-09, 5.69152902585e-09, 4.20847667826e-09, 2.56922638719e-09, 1.98434157994e-09, 3.38258288046e-09, 3.42312245216e-09, 4.64210803131e-09, 1.68798763855e-09, 7.53617446225e-10, 5.41425293488e-10, 2.82973255938e-10, 2.81586476358e-10, 1.36570435516e-10, 1.30073521398e-10, 2.31666921757e-10, 2.60098054206e-10, 1.062090485e-10, 3.71185304715e-11, 3.16898694785e-11, 1.0038129182e-11, 2.60686784659e-12],
        "max": [0.0240798909217, 0.0336135476828, 0.0196822881699, 0.0092234602198, 0.00433345045894, 0.00474524917081, 0.00329582649283, 0.00169751816429, 0.0028473297134, 0.0014185331529, 0.00121661368757, 0.00173490855377, 0.00095097895246, 0.000811654492281, 0.000748096033931, 0.000843479589093, 0.000702572171576, 0.000408413790865, 0.000534048071131, 0.000620500999503, 0.00044236832764, 0.000564141897485, 0.00027873297222, 0.000463944626972, 0.000492391525768, 0.000753480242565, 0.000333583244355, 0.00022809728398, 0.000226937816478, 0.000102610785689, 9.92401182884e-05, 8.32436708151e-05, 0.000100314551673, 0.000143348195706, 0.000124594167573, 7.6530239312e-05, 4.27815321018e-05, 4.50402330898e-05, 2.60605629592e-05, 1.41190857903e-05],
        "mean": [0.00133830192499, 0.00288991094567, 0.00267526973039, 0.00113202945795, 0.000323207816109, 0.000152370645083, 7.14861816959e-05, 7.34187997296e-05, 7.94170337031e-05, 9.20573584153e-05, 7.41672483855e-05, 6.69283181196e-05, 5.57145649509e-05, 3.81537611247e-05, 3.87993532058e-05, 4.20266696892e-05, 4.23418387072e-05, 3.08469316224e-05, 3.41181621479e-05, 3.77923388442e-05, 3.3868560422e-05, 3.18577804137e-05, 3.05780413328e-05, 3.76456555387e-05, 4.37715971202e-05, 5.43809037481e-05, 3.34403121087e-05, 1.68295955518e-05, 1.00779579952e-05, 8.56703354657e-06, 8.57575014379e-06, 9.27458222577e-06, 8.50983997225e-06, 7.94634797785e-06, 6.72072292218e-06, 4.69331416753e-06, 3.36289872394e-06, 2.68632697953e-06, 1.65078347436e-06, 5.27958491148e-07],
        "median": [0.000284665700747, 0.00150688772555, 0.00193036778364, 0.000854690326378, 0.000179625829333, 6.67306230753e-05, 3.76032330678e-05, 3.30757429765e-05, 3.44453219441e-05, 5.13345403306e-05, 4.11434411944e-05, 3.23831154674e-05, 2.94625097013e-05, 2.20550937229e-05, 2.36027317442e-05, 2.32136444538e-05, 2.22561684495e-05, 1.7036416466e-05, 1.78937971214e-05, 1.90630598809e-05, 1.92926781892e-05, 1.81624054676e-05, 1.88123322005e-05, 2.45437167905e-05, 3.23337590089e-05, 4.52624808531e-05, 2.84162615571e-05, 1.26906115838e-05, 6.69935161568e-06, 4.95340464113e-06, 5.10089421368e-06, 6.79089680489e-06, 5.7868892327e-06, 4.10466009271e-06, 2.81186999018e-06, 1.83710335477e-06, 1.38140808303e-06, 1.03291483811e-06, 6.31354566849e-07, 1.20772966739e-07],
        "min": [2.62023713837e-09, 2.95101765246e-09, 9.44046263385e-09, 2.5501924128e-08, 5.94634430584e-09, 5.43168232614e-10, 5.09113806668e-10, 8.53393411493e-10, 7.9196665892e-10, 5.19390752629e-10, 1.58236507231e-10, 1.51011547711e-09, 3.12934522739e-09, 9.61354218454e-10, 4.03555550088e-10, 4.0472400431e-10, 9.35421851089e-10, 6.51336873325e-10, 4.07394146196e-10, 6.37916774959e-10, 6.8258970698e-10, 8.38020819405e-10, 5.48063150418e-10, 1.24579679905e-09, 6.78946454613e-10, 1.38710576358e-09, 2.92409008118e-09, 5.92740800887e-10, 3.42529560271e-10, 1.68199509876e-10, 1.51521753478e-10, 8.81753281501e-11, 6.31798224848e-11, 2.23110297598e-11, 1.11457319069e-11, 5.7416033733e-12, 7.58254310035e-12, 8.44217111582e-13, 3.37127000578e-13, 2.68905584648e-13],
        "var": [9.83067820925e-06, 1.95534375962e-05, 6.27958979749e-06, 1.14079455216e-06, 2.04933144232e-07, 8.95085392472e-08, 2.08867465545e-08, 1.59963686741e-08, 2.44821318773e-08, 1.78911978566e-08, 1.27637669323e-08, 1.30207435944e-08, 7.87735654484e-09, 3.1316949034e-09, 2.82663759066e-09, 3.6700662509e-09, 4.40275060853e-09, 1.93317295505e-09, 2.23812057776e-09, 3.88483512026e-09, 2.08857575679e-09, 1.84308535101e-09, 1.22684151727e-09, 2.14171902435e-09, 1.93333615783e-09, 2.23506457786e-09, 7.86039511258e-10, 3.12920939161e-10, 1.79981599069e-10, 1.09429638961e-10, 1.06628456065e-10, 8.36466729215e-11, 9.42843442209e-11, 1.67236349768e-10, 1.66949426506e-10, 7.58862278571e-11, 3.21226760469e-11, 2.41116293598e-11, 9.63448851948e-12, 1.8017189303e-12]
    },
    "mfcc": {
        "mean": [-599.157836914, 88.7480697632, -2.81504774094, 44.9635238647, 6.42367839813, 14.6914997101, 5.0581536293, 15.2920274734, -7.9592833519, 5.10108184814, -4.81117343903, -9.72012138367, -8.42761516571],
        "cov": [[2165.72827148, -288.986602783, -59.8411865234, -140.161804199, -66.0411834717, -59.5818748474, -44.6746368408, -12.0877466202, -3.34631752968, 15.24289608, 21.3993282318, 33.2299156189, -10.1671457291], [-288.986602783, 562.31829834, -214.667739868, 125.571548462, -11.451543808, 6.0665769577, -3.05223059654, 17.9547481537, 9.66587257385, -9.99060153961, 12.9478292465, 6.85473442078, 15.0691680908], [-59.8411865234, -214.667739868, 403.085021973, -25.9486312866, 83.1778793335, 18.9593772888, 13.460439682, 10.935839653, -13.3373231888, 12.4001379013, -2.14929366112, -8.35111618042, -0.349283486605], [-140.161804199, 125.571548462, -25.9486312866, 183.928512573, 37.7672576904, 44.1313400269, -0.223678231239, 10.3696184158, 21.3851604462, 4.38749504089, 4.96096563339, 8.13425636292, 5.52071237564], [-66.0411834717, -11.451543808, 83.1778793335, 37.7672576904, 143.551055908, 34.8840255737, 2.02844572067, 7.62477588654, 16.0985107422, 11.3283061981, 9.41062736511, -0.164742574096, 0.763056993484], [-59.5818748474, 6.0665769577, 18.9593772888, 44.1313400269, 34.8840255737, 119.391075134, 39.0148010254, 11.1639318466, 15.6757507324, 16.4208679199, 1.66520786285, 4.60419368744, -9.47148227692], [-44.6746368408, -3.05223059654, 13.460439682, -0.223678231239, 2.02844572067, 39.0148010254, 81.6366653442, 32.9685974121, 15.1485118866, 11.489200592, 13.5115175247, 0.40270537138, -3.78893089294], [-12.0877466202, 17.9547481537, 10.935839653, 10.3696184158, 7.62477588654, 11.1639318466, 32.9685974121, 73.22265625, 19.7197151184, 17.2688598633, 10.3676204681, 2.34833526611, -1.14096438885], [-3.34631752968, 9.66587257385, -13.3373231888, 21.3851604462, 16.0985107422, 15.6757507324, 15.1485118866, 19.7197151184, 66.7763061523, 26.3483581543, 11.5615530014, 5.86674261093, -7.76731538773], [15.24289608, -9.99060153961, 12.4001379013, 4.38749504089, 11.3283061981, 16.4208679199, 11.489200592, 17.2688598633, 26.3483581543, 61.0138435364, 26.9743061066, 9.71554851532, -9.13939666748], [21.3993282318, 12.9478292465, -2.14929366112, 4.96096563339, 9.41062736511, 1.66520786285, 13.5115175247, 10.3676204681, 11.5615530014, 26.9743061066, 56.8010101318, 20.653175354, -1.39586830139], [33.2299156189, 6.85473442078, -8.35111618042, 8.13425636292, -0.164742574096, 4.60419368744, 0.40270537138, 2.34833526611, 5.86674261093, 9.71554851532, 20.653175354, 53.6918830872, 9.103307724], [-10.1671457291, 15.0691680908, -0.349283486605, 5.52071237564, 0.763056993484, -9.47148227692, -3.78893089294, -1.14096438885, -7.76731538773, -9.13939666748, -1.39586830139, 9.103307724, 51.3155822754]],
