{
"lowlevel": {
    "average_loudness": 0.972620546818,
    "barkbands_crest": {
        "dmean": 2.74917793274,
        "dmean2": 4.61189317703,
        "dvar": 7.35792255402,
        "dvar2": 18.2177791595,
        "max": 21.2039737701,
        "mean": 7.09123897552,
        "median": 6.22796535492,
        "min": 2.05954694748,
        "var": 11.1774454117
    },
    "barkbands_flatness_db": {
        "dmean": 0.0157883334905,
        "dmean2": 0.0260873138905,
        "dvar": 0.000200926835532,
        "dvar2": 0.000529192911927,
        "max": 0.210957244039,
        "mean": 0.119072794914,
        "median": 0.116388492286,
        "min": 0.051732186228,
        "var": 0.000435688154539
    },
    "barkbands_kurtosis": {
        "dmean": 0.87080603838,
        "dmean2": 1.45810687542,
        "dvar": 1.2345033884,
        "dvar2": 3.23287963867,
        "max": 11.7091264725,
        "mean": 0.0241287313402,
        "median": -0.352799892426,
        "min": -1.70666611195,
        "var": 1.8558011055
    },
    "barkbands_skewness": {
        "dmean": 0.364596933126,
        "dmean2": 0.586182773113,
        "dvar": 0.107264474034,
        "dvar2": 0.266723781824,
        "max": 3.4580745697,
        "mean": 0.880558788776,
        "median": 0.846251547337,
        "min": -0.393529236317,
        "var": 0.286707907915
    },
    "barkbands_spread": {
        "dmean": 5.23911046982,
        "dmean2": 8.37237358093,
        "dvar": 23.4540557861,
        "dvar2": 57.7487411499,
        "max": 71.396194458,
        "mean": 33.0284004211,
        "median": 31.8908481598,
        "min": 11.5625152588,
        "var": 86.8249359131
    },
    "dissonance": {
        "dmean": 0.0102811297402,
        "dmean2": 0.0173359923065,
        "dvar": 0.000160408773809,
        "dvar2": 0.000317464931868,
        "max": 0.499938845634,
        "mean": 0.483577936888,
        "median": 0.485979288816,
        "min": 0.173184797168,
        "var": 0.000188456921023
    },
    "dynamic_complexity": 1.34487497807,
    "erbbands_crest": {
        "dmean": 1.59034276009,
        "dmean2": 2.71711993217,
        "dvar": 2.20735216141,
        "dvar2": 6.30207014084,
        "max": 14.6766452789,
        "mean": 5.58860969543,
        "median": 5.1500658989,
        "min": 2.44439387321,
        "var": 3.67249178886
    },
    "erbbands_flatness_db": {
        "dmean": 0.0111994380131,
        "dmean2": 0.0172299686819,
        "dvar": 8.5717998445e-05,
        "dvar2": 0.00018083275063,
        "max": 0.226019650698,
        "mean": 0.166315764189,
        "median": 0.165942132473,
        "min": 0.0997407585382,
        "var": 0.000473665597383
    },
    "erbbands_kurtosis": {
        "dmean": 0.374623119831,
        "dmean2": 0.625178992748,
        "dvar": 0.138192504644,
        "dvar2": 0.380979061127,
        "max": 3.59334278107,
        "mean": -0.498373895884,
        "median": -0.618923425674,
        "min": -1.53668379784,
        "var": 0.329182595015
    },
    "erbbands_skewness": {
        "dmean": 0.24014391005,
        "dmean2": 0.391157388687,
        "dvar": 0.0369655452669,
        "dvar2": 0.10140915215,
        "max": 1.44281363487,
        "mean": -0.167384624481,
        "median": -0.194488987327,
        "min": -1.82953810692,
        "var": 0.155819654465
    },
    "erbbands_spread": {
        "dmean": 5.64340734482,
        "dmean2": 9.01086997986,
        "dvar": 23.5585365295,
        "dvar2": 58.0381546021,
        "max": 86.363494873,
        "mean": 40.8224563599,
        "median": 40.1749076843,
        "min": 16.3875751495,
        "var": 121.026908875
    },
    "hfc": {
        "dmean": 5.8617105484,
        "dmean2": 8.90962696075,
        "dvar": 35.481803894,
        "dvar2": 79.5551452637,
        "max": 91.7766647339,
        "mean": 32.7944908142,
        "median": 31.3208560944,
        "min": 0.00172698544338,
        "var": 176.024765015
    },
    "melbands_crest": {
        "dmean": 3.59794974327,
        "dmean2": 5.95081186295,
        "dvar": 9.87737369537,
        "dvar2": 24.4334411621,
        "max": 25.7380332947,
        "mean": 10.7646417618,
        "median": 9.84739017487,
        "min": 3.53589296341,
        "var": 17.738035202
    },
    "melbands_flatness_db": {
        "dmean": 0.0229110978544,
        "dmean2": 0.0370885059237,
        "dvar": 0.000420184136601,
        "dvar2": 0.00103739765473,
        "max": 0.259909212589,
        "mean": 0.134946420789,
        "median": 0.132094472647,
        "min": 0.0540532693267,
        "var": 0.00105698104016
    },
    "melbands_kurtosis": {
        "dmean": 3.2146756649,
        "dmean2": 5.29387664795,
        "dvar": 16.8101043701,
        "dvar2": 43.249332428,
        "max": 46.6143531799,
        "mean": 5.46104812622,
        "median": 4.13514280319,
        "min": -0.92159318924,
        "var": 27.4420413971
    },
    "melbands_skewness": {
        "dmean": 0.545639634132,
        "dmean2": 0.879015386105,
        "dvar": 0.264508157969,
        "dvar2": 0.635511815548,
        "max": 6.15794038773,
        "mean": 2.07385253906,
        "median": 1.95404553413,
        "min": 0.169009208679,
        "var": 0.708955347538
    },
    "melbands_spread": {
        "dmean": 8.15877914429,
        "dmean2": 13.1569108963,
        "dvar": 55.5146026611,
        "dvar2": 139.272598267,
        "max": 89.1624069214,
        "mean": 35.2573776245,
        "median": 33.8204536438,
        "min": 7.65627241135,
        "var": 155.663116455
    },
    "pitch_salience": {
        "dmean": 0.0769667252898,
        "dmean2": 0.127634614706,
        "dvar": 0.00468366732821,
        "dvar2": 0.0116149839014,
        "max": 0.842655360699,
        "mean": 0.646995842457,
        "median": 0.664777457714,
        "min": 0.266856998205,
        "var": 0.00819240044802
    },
    "silence_rate_20dB": {
        "dmean": 0,
        "dmean2": 0,
        "dvar": 0,
        "dvar2": 0,
        "max": 1,
        "mean": 1,
        "median": 1,
        "min": 1,
        "var": 0
    },
    "silence_rate_30dB": {
        "dmean": 0,
        "dmean2": 0,
        "dvar": 0,
        "dvar2": 0,
        "max": 1,
        "mean": 1,
        "median": 1,
        "min": 1,
        "var": 0
    },
    "silence_rate_60dB": {
        "dmean": 0.000778816174716,
        "dmean2": 0.000779423222411,
        "dvar": 0.000778209650889,
        "dvar2": 0.000778815709054,
        "max": 1,
        "mean": 0.00077821011655,
        "median": 0,
        "min": 0,
        "var": 0.000777604524046
    },
    "spectral_centroid": {
        "dmean": 217.762649536,
        "dmean2": 355.328460693,
        "dvar": 34719.4921875,
        "dvar2": 89059.484375,
        "max": 3207.38720703,
        "mean": 1875.73388672,
        "median": 1870.56689453,
        "min": 830.173828125,
        "var": 127972.335938
    },
    "spectral_complexity": {
        "dmean": 4.24766349792,
        "dmean2": 6.89711618423,
        "dvar": 10.8498649597,
        "dvar2": 26.6565914154,
        "max": 57,
        "mean": 37.9719848633,
        "median": 38,
        "min": 0,
        "var": 41.0186271667
    },
    "spectral_decrease": {
        "dmean": 2.46878584242e-09,
        "dmean2": 3.97105992533e-09,
        "dvar": 6.51247071761e-18,
        "dvar2": 1.57514197241e-17,
        "max": -3.21206386142e-13,
        "mean": -8.12928035998e-09,
        "median": -7.36962091352e-09,
        "min": -2.63320814042e-08,
        "var": 1.2734902134e-17
    },
    "spectral_energy": {
        "dmean": 0.00961144361645,
        "dmean2": 0.0153933353722,
        "dvar": 9.57926022238e-05,
        "dvar2": 0.000231727826758,
        "max": 0.102570869029,
        "mean": 0.0336563363671,
        "median": 0.0309662334621,
        "min": 1.36894948355e-06,
        "var": 0.000198507928872
    },
    "spectral_energyband_high": {
        "dmean": 0.000452235253761,
        "dmean2": 0.000648124085274,
        "dvar": 3.75482187565e-07,
        "dvar2": 7.33078366011e-07,
        "max": 0.00955225620419,
        "mean": 0.00156763999257,
        "median": 0.00108579779044,
        "min": 1.01240487993e-07,
        "var": 1.76063019808e-06
    },
    "spectral_energyband_low": {
        "dmean": 0.00714706163853,
        "dmean2": 0.0116460677236,
        "dvar": 8.34113379824e-05,
        "dvar2": 0.000193978848984,
        "max": 0.0781048312783,
        "mean": 0.0102775283158,
        "median": 0.00687681790441,
        "min": 4.87955617245e-07,
        "var": 0.000104908140202
    },
    "spectral_energyband_middle_high": {
        "dmean": 0.00202723545954,
        "dmean2": 0.00317008513957,
        "dvar": 4.46415060651e-06,
        "dvar2": 1.11574981929e-05,
        "max": 0.031272303313,
        "mean": 0.00939764641225,
        "median": 0.00791538879275,
        "min": 4.28971247857e-07,
        "var": 2.35257739405e-05
    },
    "spectral_energyband_middle_low": {
        "dmean": 0.00459108082578,
        "dmean2": 0.00762327574193,
        "dvar": 2.5324334274e-05,
        "dvar2": 6.75655901432e-05,
        "max": 0.0643056929111,
        "mean": 0.0132662393153,
        "median": 0.0115491030738,
        "min": 3.13940233809e-07,
        "var": 5.35850667802e-05
    },
    "spectral_entropy": {
        "dmean": 0.0739333927631,
        "dmean2": 0.113424964249,
        "dvar": 0.00414904300123,
        "dvar2": 0.00926254224032,
        "max": 8.66467761993,
        "mean": 7.89133119583,
        "median": 7.87582731247,
        "min": 7.49481773376,
        "var": 0.0199710857123
    },
    "spectral_flux": {
        "dmean": 0.0203562956303,
        "dmean2": 0.0334146022797,
        "dvar": 0.000385106133763,
        "dvar2": 0.000929920934141,
        "max": 0.228027433157,
        "mean": 0.109504103661,
        "median": 0.105942822993,
        "min": 0.0492933429778,
        "var": 0.000897987629287
    },
    "spectral_kurtosis": {
        "dmean": 1.06321704388,
        "dmean2": 1.84536516666,
        "dvar": 1.05522990227,
        "dvar2": 3.14341425896,
        "max": 12.6699838638,
        "mean": 2.04473948479,
        "median": 1.80567216873,
        "min": -0.267452955246,
        "var": 1.87411630154
    },
    "spectral_rms": {
        "dmean": 0.000787232420407,
        "dmean2": 0.00125074083917,
        "dvar": 5.15403939971e-07,
        "dvar2": 1.2130384448e-06,
        "max": 0.0100034568459,
        "mean": 0.00561417359859,
        "median": 0.00549644976854,
        "min": 3.65453197446e-05,
        "var": 1.31644787871e-06
    },
    "spectral_rolloff": {
        "dmean": 577.489135742,
        "dmean2": 952.715515137,
        "dvar": 417072.8125,
        "dvar2": 959281.875,
        "max": 8139.55078125,
        "mean": 2177.4831543,
        "median": 2196.38671875,
        "min": 150.732421875,
        "var": 1027811.6875
    },
    "spectral_skewness": {
        "dmean": 0.146377757192,
        "dmean2": 0.251191884279,
        "dvar": 0.01703479141,
        "dvar2": 0.0476602204144,
        "max": 2.64739847183,
        "mean": 0.953564286232,
        "median": 0.934533774853,
        "min": 0.418826401234,
        "var": 0.0488505028188
    },
    "spectral_spread": {
        "dmean": 309719.3125,
        "dmean2": 457890.71875,
        "dvar": 104020852736,
        "dvar2": 165700567040,
        "max": 12010281,
        "mean": 3745141,
        "median": 3584172.5,
        "min": 2457057.75,
        "var": 556261769216
    },
    "spectral_strongpeak": {
        "dmean": 0.370063215494,
        "dmean2": 0.654472351074,
        "dvar": 0.226754263043,
        "dvar2": 0.617181658745,
        "max": 3.98393321037,
        "mean": 0.507220804691,
        "median": 0.333434432745,
        "min": 0,
        "var": 0.238354355097
    },
    "zerocrossingrate": {
        "dmean": 0.00876776687801,
        "dmean2": 0.0110691040754,
        "dvar": 6.64735125611e-05,
        "dvar2": 8.85124463821e-05,
        "max": 0.1826171875,
        "mean": 0.0747720077634,
        "median": 0.0712890625,
        "min": 0.00341796875,
        "var": 0.000473393069115
    },
    "barkbands": {
        "dmean": [0.000137555238325, 0.00618958892301, 0.00184357538819, 0.00112605420873, 0.00213488796726, 0.00153580715414, 0.00137098587584, 0.00129405513871, 0.000832943245769, 0.000638798985165, 0.000766146753449, 0.000496085966006, 0.000380666082492, 0.000346049753716, 0.000384858285543, 0.000457851128886, 0.000569936877582, 0.00042193630361, 0.000268078234512, 0.000143648430821, 0.000176199726411, 0.000130054671899, 8.3184299001e-05, 0.000116385708679, 2.87081784336e-05, 2.55936765114e-08, 3.18398862831e-09],
        "dmean2": [0.000228787786909, 0.0102822082117, 0.00314176105894, 0.00190553360153, 0.00355251715519, 0.00264022755437, 0.0023481589742, 0.00217687967233, 0.00136842008214, 0.00104659376666, 0.00128043477889, 0.00079289166024, 0.00060012092581, 0.000571927521378, 0.000616760225967, 0.000762753596064, 0.000962826830801, 0.000702535966411, 0.000447745638667, 0.000233512997511, 0.000287036062218, 0.000206382785109, 0.000123506964883, 0.000167363570654, 4.40815201728e-05, 3.98675510382e-08, 4.85652362769e-09],
        "dvar": [4.26784758645e-08, 7.61485935072e-05, 4.59164493805e-06, 1.85835392585e-06, 8.35318769532e-06, 4.99778934682e-06, 4.60733872387e-06, 4.88131308884e-06, 1.43408749409e-06, 5.74590842461e-07, 1.11659085178e-06, 5.459202157e-07, 3.7923237528e-07, 2.54466471006e-07, 6.06388482538e-07, 3.36782875365e-07, 3.46647311744e-07, 2.20273818741e-07, 7.16448553817e-08, 2.61518113831e-08, 4.59395543828e-08, 2.68541544557e-08, 1.82858563846e-08, 5.74260852204e-08, 4.91900298272e-09, 4.91691614453e-15, 1.48721706066e-15],
        "dvar2": [1.09781893798e-07, 0.000182267191121, 1.25385313368e-05, 5.20998491993e-06, 2.30265322898e-05, 1.38341310958e-05, 1.37215520226e-05, 1.36753606057e-05, 4.12710551245e-06, 1.49511322434e-06, 3.11521307594e-06, 1.47602429479e-06, 9.44497401179e-07, 6.28071177289e-07, 1.60316653819e-06, 8.81723565271e-07, 9.12301800327e-07, 5.90028207625e-07, 1.97981364636e-07, 6.34663308574e-08, 1.19636879958e-07, 6.25560261369e-08, 3.77603157631e-08, 1.04771260112e-07, 1.11549383064e-08, 9.85011649747e-15, 1.75456532865e-15],
        "max": [0.00196822825819, 0.0725160092115, 0.022589052096, 0.0125334234908, 0.04822794348, 0.029832335189, 0.0329172834754, 0.0252518635243, 0.0159926787019, 0.00982361007482, 0.0116449203342, 0.00899235717952, 0.00961176678538, 0.00610646465793, 0.015408760868, 0.00770183745772, 0.00879019498825, 0.00584059394896, 0.00362111232243, 0.00319037726149, 0.00354763376527, 0.00299746776, 0.00238284980878, 0.00362782785669, 0.0017627121415, 1.2944443597e-06, 1.30119292407e-06],
        "mean": [0.000145706202602, 0.00710303895175, 0.00239900266752, 0.00159530062228, 0.00363310356624, 0.00239178026095, 0.0019602694083, 0.00185686047189, 0.00139570806641, 0.00120556622278, 0.00128499919083, 0.000927541870624, 0.000681282312144, 0.000663305283524, 0.000710607157089, 0.000960386940278, 0.0012798900716, 0.00100840488449, 0.000703334342688, 0.000400491815526, 0.000507266726345, 0.000344121246599, 0.00018480909057, 0.000266351853497, 4.71575440315e-05, 3.65462646812e-08, 2.55414689398e-09],
        "median": [7.36270303605e-05, 0.00372934550978, 0.00166886695661, 0.00115781719796, 0.00274923932739, 0.00153800065164, 0.0010901580099, 0.000895270262845, 0.00091506895842, 0.000828532967716, 0.000848866824526, 0.000519881374203, 0.000388159183785, 0.000419021467678, 0.000423206482083, 0.000682019162923, 0.00106647296343, 0.000783139723353, 0.00060694955755, 0.000332656840328, 0.000422073877417, 0.000254584185313, 8.20406130515e-05, 0.00012070016237, 2.22650032811e-05, 1.44812046798e-08, 4.70119998486e-10],
        "min": [1.04607682516e-08, 2.33614656509e-07, 1.20675849757e-07, 8.63261035988e-08, 9.05138008989e-08, 2.16369357986e-08, 4.25643413848e-08, 4.65362290925e-08, 2.35637180879e-08, 1.32219142301e-08, 1.51548480432e-08, 1.72676184462e-08, 5.09070900989e-08, 4.03413764616e-08, 1.50666323862e-08, 3.23391731172e-08, 6.24835720942e-08, 7.55316094114e-08, 7.13066512503e-08, 5.46853833328e-08, 2.86777961378e-08, 3.84932086206e-08, 8.27553137128e-09, 3.62200669457e-09, 1.19469845128e-09, 6.35123897919e-10, 1.49753438816e-11],
        "var": [4.19579748723e-08, 8.57630730025e-05, 5.5750856518e-06, 2.26672750614e-06, 1.04314667624e-05, 6.59442548567e-06, 6.92278445058e-06, 7.327314961e-06, 2.37191420638e-06, 1.31740569032e-06, 1.86032445981e-06, 1.23455595258e-06, 7.70754752466e-07, 5.22322636698e-07, 8.54216068547e-07, 7.56188796913e-07, 7.61125477311e-07, 5.67840345411e-07, 1.59449328407e-07, 8.23229271418e-08, 1.04777399201e-07, 7.78715474326e-08, 7.14730958862e-08, 2.17846221062e-07, 1.0203291545e-08, 7.53351103288e-15, 1.40308339559e-15]
    },
    "erbbands": {
        "dmean": [0.168945923448, 1.45174157619, 2.2093565464, 2.54254603386, 6.66399335861, 6.74101543427, 8.91854190826, 14.6065349579, 18.1686592102, 24.9977054596, 21.6934871674, 19.2780342102, 19.7761917114, 19.0325984955, 30.56873703, 19.0255012512, 17.1881351471, 15.6903762817, 17.1386795044, 21.1243648529, 22.0268745422, 30.8296394348, 24.8567867279, 14.6216917038, 11.4059047699, 5.79603719711, 7.50282764435, 7.09646463394, 4.75666427612, 2.88048219681, 2.47138690948, 2.51162910461, 1.93900120258, 0.592222630978, 0.0283603072166, 0.00130616722163, 8.70799340191e-05, 1.42403614518e-05, 6.7073988248e-06, 1.11415247375e-05],
        "dmean2": [0.278227865696, 2.43082737923, 3.74223351479, 4.31648397446, 11.0910739899, 11.4026317596, 14.9970331192, 25.0810375214, 32.1498374939, 41.3489341736, 36.5600013733, 31.9276752472, 33.0815238953, 31.9921016693, 50.447517395, 30.6605606079, 27.0728492737, 25.2298870087, 27.5196495056, 35.2628440857, 35.9765129089, 51.8909835815, 41.2793579102, 24.3374729156, 19.1305999756, 9.25730705261, 12.506477356, 11.5631160736, 7.51091098785, 4.32487392426, 3.75369238853, 3.67589044571, 2.88276648521, 0.885191500187, 0.0436535663903, 0.00198651687242, 0.000128221625346, 2.05451251531e-05, 1.00363267848e-05, 1.75709828909e-05],
        "dvar": [0.0679732486606, 3.97306990623, 6.62429189682, 8.0766954422, 93.492515564, 112.475105286, 148.004669189, 521.360229492, 767.342346191, 2061.38964844, 1468.546875, 789.085510254, 618.860900879, 740.181640625, 1898.77758789, 858.93182373, 737.99432373, 525.455200195, 935.414428711, 1321.55639648, 677.910705566, 1176.0760498, 693.967163086, 426.551971436, 113.332420349, 37.872379303, 76.705406189, 78.3228912354, 35.8586463928, 21.4354324341, 16.6854038239, 25.834438324, 16.956993103, 1.99861860275, 0.0129608437419, 2.27019827435e-05, 4.99515522279e-08, 1.26713539661e-09, 8.37316813107e-11, 1.19980567148e-10],
        "dvar2": [0.163797646761, 9.7002363205, 17.15691185, 22.6426086426, 250.318634033, 313.014892578, 383.578125, 1459.11853027, 2254.95605469, 5925.8359375, 4005.1496582, 2286.61450195, 1618.73132324, 2019.87902832, 5168.16845703, 2415.39428711, 1786.53308105, 1325.89074707, 2342.15161133, 3482.23901367, 1747.93078613, 3171.68139648, 1833.96691895, 1192.75512695, 312.225921631, 91.7917938232, 192.186386108, 196.378707886, 83.6691970825, 44.5042762756, 35.8436660767, 49.4324264526, 32.0867462158, 4.32799959183, 0.0313967056572, 5.36721636308e-05, 1.05649810678e-07, 2.08957628978e-09, 1.4857691466e-10, 2.86994039644e-10],
        "max": [2.12651753426, 15.8465986252, 26.1960945129, 26.5228004456, 98.8027420044, 241.041595459, 187.645141602, 324.973846436, 341.554016113, 557.618835449, 415.91494751, 347.420288086, 329.672821045, 318.430389404, 573.205810547, 411.270874023, 414.968231201, 347.539581299, 442.346008301, 792.397827148, 404.409881592, 512.804626465, 339.017700195, 435.827941895, 150.551055908, 104.803405762, 128.842407227, 154.139770508, 101.75969696, 85.6174087524, 72.272567749, 90.5336837769, 67.3131637573, 38.4696540833, 2.5877571106, 0.106459356844, 0.0050526545383, 0.000814390310552, 0.000191036626347, 0.000118340649351],
        "mean": [0.179544299841, 1.66344499588, 2.95237803459, 4.11991643906, 8.84341907501, 11.669169426, 15.493024826, 22.4744186401, 26.2858467102, 39.0439224243, 34.6711921692, 32.9638748169, 36.6943283081, 36.6752662659, 54.484577179, 38.3057823181, 33.9115409851, 31.7062988281, 35.5071640015, 46.0245742798, 56.1995849609, 72.7760391235, 60.8422317505, 39.4743919373, 30.2131328583, 17.4784793854, 20.3174705505, 20.9045772552, 13.253742218, 6.33239793777, 5.32313680649, 5.71572256088, 4.07857131958, 1.08286726475, 0.040350034833, 0.00204336433671, 0.000187092271517, 3.65625164704e-05, 2.6872725357e-05, 4.34181019955e-05],
        "median": [0.0751812756062, 0.89939647913, 2.13132238388, 3.33681845665, 5.81295204163, 8.27478981018, 11.5079393387, 13.8695402145, 16.1689720154, 19.0444030762, 15.5242958069, 22.0654296875, 24.9700489044, 24.5017185211, 35.3768997192, 22.7293758392, 20.3824234009, 20.390542984, 21.4746284485, 32.3488082886, 43.3581581116, 60.4145927429, 48.050907135, 30.7754821777, 26.8162250519, 14.8912115097, 16.0102272034, 17.4918689728, 9.87449836731, 3.20236968994, 2.30803823471, 2.68872833252, 1.72097349167, 0.511119306087, 0.0148001993075, 0.000810601748526, 9.48562883423e-05, 2.06697641261e-05, 2.33627470152e-05, 4.06159742852e-05],
        "min": [8.96920755622e-06, 4.54663058918e-05, 0.00012956954015, 0.000238521271967, 0.00031330724596, 0.000289812480332, 0.000192272564163, 0.000189262384083, 0.000461565970909, 0.00088289816631, 0.000967767497059, 0.000563156034332, 0.000339693535352, 0.000573925615754, 0.000581042782869, 0.000848038354889, 0.00217701005749, 0.00251337583177, 0.000947832479142, 0.000758758396842, 0.0028538221959, 0.00347752682865, 0.00494274264202, 0.00225568260066, 0.00440874230117, 0.00249776779674, 0.00080017792061, 0.00204100087285, 0.00139863789082, 0.000286347494693, 0.000229254277656, 7.01686585671e-05, 6.76031195326e-05, 2.55028498941e-05, 4.67566587758e-06, 2.58948944065e-06, 1.20724075714e-06, 4.37170314171e-07, 1.01813022013e-07, 1.1900948671e-08],
        "var": [0.0730382651091, 4.42023706436, 8.08444786072, 10.3239784241, 96.4775619507, 137.951293945, 204.635162354, 637.657470703, 980.674926758, 3358.10229492, 2297.82666016, 1297.22583008, 1235.55065918, 1388.04077148, 3317.44433594, 1858.9342041, 1638.82299805, 1126.06445312, 1791.83837891, 2153.83227539, 2017.52355957, 2519.86303711, 1769.88793945, 876.079956055, 234.843902588, 112.54347229, 219.783752441, 165.297576904, 108.375816345, 69.2208938599, 61.8838691711, 94.2420959473, 55.8369483948, 5.21092700958, 0.016343427822, 3.29859540216e-05, 1.14525803951e-07, 2.9181379535e-09, 2.28963278892e-10, 2.89845397683e-10]
    },
    "gfcc": {
        "mean": [37.6147003174, 120.380813599, -162.418746948, 68.46459198, -74.2655181885, 19.1352443695, -33.4675712585, 2.73622512817, -5.55509805679, -19.1783027649, 5.63935089111, -14.7876911163, 10.2841262817],
        "cov": [[639.902648926, -150.978424072, 50.3750915527, -24.3189544678, -83.1425704956, 99.6223678589, -71.6868438721, 41.9140281677, 15.9503097534, 15.6330137253, 14.1899805069, -14.2705535889, -30.5686511993], [-150.978424072, 351.850006104, -89.6176528931, -50.6435928345, 86.744682312, -119.048614502, 110.69594574, -6.83737707138, 61.4252929688, -15.1183166504, 42.1516456604, -8.01233291626, 18.8886222839], [50.3750915527, -89.6176528931, 204.905395508, 86.0935211182, -25.1585540771, 57.7646942139, -30.79337883, 23.3620529175, -19.3096160889, 17.7252445221, -6.03694868088, 16.7801017761, 4.71926879883], [-24.3189544678, -50.6435928345, 86.0935211182, 119.873931885, 26.9081420898, 32.3199310303, 2.87356972694, -8.16411590576, -0.589756309986, 0.969147384167, -9.53882408142, 12.4523944855, 13.3848314285], [-83.1425704956, 86.744682312, -25.1585540771, 26.9081420898, 111.303031921, 8.85987281799, 36.1833648682, 2.44562625885, 23.0850849152, 6.27657461166, 11.5573062897, -3.14277243614, 13.8481197357], [99.6223678589, -119.048614502, 57.7646942139, 32.3199310303, 8.85987281799, 115.15397644, -11.4208850861, 11.9415607452, -16.6820659637, 8.73361110687, -5.22356414795, 2.34011650085, -7.07927942276], [-71.6868438721, 110.69594574, -30.79337883, 2.87356972694, 36.1833648682, -11.4208850861, 120.778076172, 36.3029899597, 32.9256668091, -9.08048152924, 18.1763401031, 4.87217187881, 6.69380569458], [41.9140281677, -6.83737707138, 23.3620529175, -8.16411590576, 2.44562625885, 11.9415607452, 36.3029899597, 79.3656921387, 31.9704837799, 15.337351799, 7.74080085754, 0.261070430279, -1.34942686558], [15.9503097534, 61.4252929688, -19.3096160889, -0.589756309986, 23.0850849152, -16.6820659637, 32.9256668091, 31.9704837799, 77.9473342896, 25.9289150238, 23.3571872711, -2.24184250832, -1.7516040802], [15.6330137253, -15.1183166504, 17.7252445221, 0.969147384167, 6.27657461166, 8.73361110687, -9.08048152924, 15.337351799, 25.9289150238, 51.7672119141, 23.1920032501, 6.52654457092, 2.56106281281], [14.1899805069, 42.1516456604, -6.03694868088, -9.53882408142, 11.5573062897, -5.22356414795, 18.1763401031, 7.74080085754, 23.3571872711, 23.1920032501, 45.6290206909, 17.4069786072, 4.98694562912], [-14.2705535889, -8.01233291626, 16.7801017761, 12.4523944855, -3.14277243614, 2.34011650085, 4.87217187881, 0.261070430279, -2.24184250832, 6.52654457092, 17.4069786072, 36.9942550659, 22.4656658173], [-30.5686511993, 18.8886222839, 4.71926879883, 13.3848314285, 13.8481197357, -7.07927942276, 6.69380569458, -1.34942686558, -1.7516040802, 2.56106281281, 4.98694562912, 22.4656658173, 42.837638855]],
        "icov": [[0.00295361992903, -0.00174484902527, 0.00138313160278, -0.00149121449795, 0.00401409994811, -0.00474958028644, 0.00383375864476, -0.00305281137116, -0.00105269439518, 0.00172029784881, -0.00313106458634, 0.00222536199726, -0.000535616651177], [-0.00174484902527, 0.0256591066718, -0.0138895465061, 0.0190430935472, -0.0202921740711, 0.0232997592539, -0.0199451595545, 0.0187492929399, -0.0115448404104, 0.012162797153, -0.0125840529799, 0.0127996886149, -0.00930836424232], [0.00138313160278, -0.0138895465061, 0.0189997516572, -0.019529376179, 0.0150063438341, -0.0148378964514, 0.0139773925766, -0.0168740022928, 0.0103027913719, -0.008754638955, 0.00383196375333, -0.00679843174294, 0.00516538694501], [-0.00149121449795, 0.0190430935472, -0.019529376179, 0.0328121855855, -0.0207391101867, 0.0157897211611, -0.018033048138, 0.0218812301755, -0.0143639948219, 0.00952520314604, -5.7734821894e-05, 0.00275319255888, -0.0073348605074], [0.00401409994811, -0.0202921740711, 0.0150063438341, -0.0207391101867, 0.032604355365, -0.0239699147642, 0.0155930668116, -0.016069971025, 0.0063653504476, -0.00809374451637, 0.000999507494271, 0.00165016716346, -0.00104282156099], [-0.00474958028644, 0.0232997592539, -0.0148378964514, 0.0157897211611, -0.0239699147642, 0.0365383438766, -0.0202621687204, 0.0160967241973, -0.00404088525102, 0.00543133588508, -0.00574862491339, 0.00576247740537, -0.00234442017972], [0.00383375864476, -0.0199451595545, 0.0139773925766, -0.018033048138, 0.0155930668116, -0.0202621687204, 0.0322442054749, -0.0240695290267, 0.00529028009623, 0.0012712967582, -0.000822158297524, -0.00750563526526, 0.00561125017703], [-0.00305281137116, 0.0187492929399, -0.0168740022928, 0.0218812301755, -0.016069971025, 0.0160967241973, -0.0240695290267, 0.0379922352731, -0.0165041387081, 0.00324377254583, 0.000243686881731, 0.00606476468965, -0.00668842019513], [-0.00105269439518, -0.0115448404104, 0.0103027913719, -0.0143639948219, 0.0063653504476, -0.00404088525102, 0.00529028009623, -0.0165041387081, 0.0320367664099, -0.0167559143156, 3.24509019265e-05, -0.00182897504419, 0.00688746524975], [0.00172029784881, 0.012162797153, -0.008754638955, 0.00952520314604, -0.00809374451637, 0.00543133588508, 0.0012712967582, 0.00324377254583, -0.0167559143156, 0.0437430515885, -0.0266712103039, 0.0123759722337, -0.00941540114582], [-0.00313106458634, -0.0125840529799, 0.00383196375333, -5.7734821894e-05, 0.000999507494271, -0.00574862491339, -0.000822158297524, 0.000243686881731, 3.24509019265e-05, -0.0266712103039, 0.0611151792109, -0.0394288934767, 0.0169324986637], [0.00222536199726, 0.0127996886149, -0.00679843174294, 0.00275319255888, 0.00165016716346, 0.00576247740537, -0.00750563526526, 0.00606476468965, -0.00182897504419, 0.0123759722337, -0.0394288934767, 0.0718300268054, -0.0362793281674], [-0.000535616651177, -0.00930836424232, 0.00516538694501, -0.0073348605074, -0.00104282156099, -0.00234442017972, 0.00561125017703, -0.00668842019513, 0.00688746524975, -0.00941540114582, 0.0169324986637, -0.0362793281674, 0.0455506332219]]
    },
    "melbands": {
        "dmean": [0.00164719996974, 0.00135069014505, 0.000529201352037, 0.000472400046419, 0.000316136953188, 0.000319100217894, 0.000268118776148, 0.000281919288682, 0.0001724306494, 0.000118602707516, 0.000101938509033, 7.93082508608e-05, 9.94273214019e-05, 5.90359704802e-05, 5.27759839315e-05, 3.68042638001e-05, 3.2439314964e-05, 2.93837092613e-05, 3.04914046865e-05, 3.70728230337e-05, 2.83707104245e-05, 4.06619874411e-05, 2.48767864832e-05, 2.02096562134e-05, 1.29806003315e-05, 1.08454942165e-05, 6.4390692387e-06, 4.22783386966e-06, 5.36667948836e-06, 4.85452255816e-06, 5.10128211317e-06, 3.34101741828e-06, 1.94813014787e-06, 1.65759058746e-06, 1.53341932219e-06, 1.44599459873e-06, 1.72925217612e-06, 1.57855515681e-06, 1.04552805169e-06, 3.4570652474e-07],
        "dmean2": [0.00272851856425, 0.00224712304771, 0.00087828328833, 0.000803180155344, 0.000521553680301, 0.000548642245121, 0.000470845581731, 0.000467670732178, 0.000291842356091, 0.000195705724764, 0.000170413113665, 0.000133660912979, 0.0001664506417, 9.46920117713e-05, 8.78272185219e-05, 5.95057135797e-05, 5.29149583599e-05, 4.73196669191e-05, 4.99209054396e-05, 6.13113443251e-05, 4.59891889477e-05, 6.82905083522e-05, 4.16489674535e-05, 3.33464704454e-05, 2.1672953153e-05, 1.84319706023e-05, 1.07340629256e-05, 6.81323354002e-06, 8.91936451808e-06, 8.1099478848e-06, 8.51611275721e-06, 5.33107322553e-06, 3.05317553284e-06, 2.51073242907e-06, 2.38978941525e-06, 2.13808539229e-06, 2.60560045717e-06, 2.35553284256e-06, 1.56569331011e-06, 5.26836402059e-07],
        "dvar": [5.96272320763e-06, 2.59072680819e-06, 3.64730908586e-07, 4.89115734581e-07, 1.67318091826e-07, 2.27330673397e-07, 1.73863000441e-07, 2.52525978794e-07, 8.45777847758e-08, 2.8005285202e-08, 1.61983546576e-08, 1.21667032005e-08, 1.99210248297e-08, 8.18050072127e-09, 7.12662195923e-09, 3.96170829475e-09, 2.25512808427e-09, 2.3297463958e-09, 4.19818313446e-09, 2.53073317857e-09, 1.03051500666e-09, 1.91096560798e-09, 7.31593452485e-10, 4.86648776832e-10, 3.47651657462e-10, 1.09438111351e-10, 3.80051615179e-11, 2.18471213342e-11, 4.45451557585e-11, 3.98114770317e-11, 3.0990630201e-11, 1.54011716574e-11, 9.82821549839e-12, 7.94400396159e-12, 6.7220968375e-12, 6.21360471756e-12, 1.40951451899e-11, 1.20695536898e-11, 4.12734429966e-12, 1.24447468389e-12],
        "dvar2": [1.42290946314e-05, 6.3577608671e-06, 9.90388912214e-07, 1.35693721859e-06, 4.37562192701e-07, 6.36122933884e-07, 5.10138647769e-07, 7.253834724e-07, 2.27968328659e-07, 7.95239145646e-08, 4.24867998561e-08, 3.27263478539e-08, 5.54172814304e-08, 2.17632738497e-08, 1.92537434884e-08, 9.90781146015e-09, 5.60963808738e-09, 5.85447734736e-09, 1.10656515062e-08, 6.82428558108e-09, 2.67981770108e-09, 5.24709786731e-09, 1.98648208993e-09, 1.28074573169e-09, 9.72336100524e-10, 3.09692493872e-10, 1.06970474145e-10, 5.39167044344e-11, 1.13195529339e-10, 1.04222588893e-10, 8.08830294408e-11, 3.83983088381e-11, 2.29501938287e-11, 1.70502448965e-11, 1.53737925168e-11, 1.32394087013e-11, 2.80071660308e-11, 2.45047506592e-11, 8.24853033099e-12, 2.81883045551e-12],
        "max": [0.020408872515, 0.012803289108, 0.00526283215731, 0.0100786313415, 0.00594197399914, 0.00654496951029, 0.00573341920972, 0.00602720025927, 0.00317166186869, 0.00214029662311, 0.00169252057094, 0.00123666226864, 0.00164842966478, 0.00138371391222, 0.00107966305222, 0.00119524658658, 0.000687704246957, 0.000545343966223, 0.00136124400888, 0.000750981736928, 0.00052198121557, 0.000613113166764, 0.000294078228762, 0.000256836297922, 0.000387039704947, 0.000128955914988, 6.7163935455e-05, 8.10089259176e-05, 0.000104791906779, 9.91988927126e-05, 7.70410842961e-05, 6.01630126766e-05, 5.35512190254e-05, 4.91156351927e-05, 4.85199816467e-05, 3.94209673686e-05, 6.90173037583e-05, 5.33886086487e-05, 3.43674510077e-05, 3.34893848049e-05],
        "mean": [0.00184596795589, 0.00184708426241, 0.000890776340384, 0.000721342279576, 0.000588715192862, 0.000497982604429, 0.000394905218855, 0.000435022899183, 0.000273229030427, 0.00020138140826, 0.000181625917321, 0.000144330057083, 0.000173930093297, 0.000117447852972, 9.29663074203e-05, 6.31659277133e-05, 5.99763225182e-05, 5.63892826904e-05, 5.5793345382e-05, 6.95352136972e-05, 6.51033042232e-05, 8.32897130749e-05, 5.60342523386e-05, 4.65377488581e-05, 3.04441400658e-05, 2.53406251431e-05, 1.56815403898e-05, 1.066781806e-05, 1.29188229039e-05, 1.17691288324e-05, 1.29581812871e-05, 8.70323947311e-06, 4.05374930779e-06, 3.28535702465e-06, 2.98846839542e-06, 3.09456322611e-06, 3.68200016965e-06, 3.11903454531e-06, 1.99463897843e-06, 4.99946793298e-07],
        "median": [0.000884267268702, 0.00127345649526, 0.000709531654138, 0.000531494210009, 0.000441483338363, 0.000318872189382, 0.000231399739278, 0.000216456581256, 0.000122000848933, 0.000133027147967, 0.000122393175843, 9.40748213907e-05, 0.000114169102744, 7.20200478099e-05, 5.24795905221e-05, 3.47878703906e-05, 3.85196071875e-05, 3.34849537467e-05, 3.27477609972e-05, 4.93462248414e-05, 5.00729256601e-05, 6.80697194184e-05, 4.40114927187e-05, 3.5248354834e-05, 2.3125547159e-05, 2.21674945351e-05, 1.38079030876e-05, 8.69630366651e-06, 9.85341375781e-06, 9.22685740079e-06, 1.1074142094e-05, 6.80845050738e-06, 2.17019055526e-06, 1.5821881334e-06, 1.30996886583e-06, 1.44356920373e-06, 1.63233414696e-06, 1.21598327496e-06, 9.84141252047e-07, 1.89623136748e-07],
        "min": [8.08021667353e-08, 6.64423822627e-08, 4.41095515669e-08, 2.24157545858e-08, 7.82210385353e-09, 4.29756452647e-09, 7.5548980405e-09, 1.00066914754e-08, 7.53708739865e-09, 3.1483449181e-09, 1.62766589096e-09, 2.28222685195e-09, 2.02137329097e-09, 1.69604419398e-09, 3.3275708855e-09, 5.5074487193e-09, 4.55583304415e-09, 1.53180301776e-09, 1.19817378241e-09, 8.08063782554e-10, 4.18254320067e-09, 3.37878902634e-09, 5.34068789193e-09, 2.7233835187e-09, 1.6268317804e-09, 2.84133605533e-09, 3.06786551718e-09, 1.36076572232e-09, 5.74797709429e-10, 2.2625748497e-10, 1.73012171256e-09, 1.08529796261e-09, 1.67241540061e-10, 1.4244298796e-10, 1.46506015652e-10, 7.99491445269e-11, 3.08197495302e-11, 4.60932646218e-11, 4.8626856014e-11, 1.20051668259e-11],
        "var": [6.63098626319e-06, 3.17751459988e-06, 4.82216364617e-07, 4.92126446261e-07, 2.67341903282e-07, 2.88677085791e-07, 2.35653800473e-07, 4.11586313476e-07, 1.36136378615e-07, 4.82992632556e-08, 3.16414308088e-08, 2.27013625675e-08, 3.37317729304e-08, 1.81901995688e-08, 1.31938859838e-08, 7.3925217059e-09, 4.3790167048e-09, 4.68669414389e-09, 5.58508217452e-09, 4.27802859804e-09, 2.98460389736e-09, 3.70407615691e-09, 1.5584301627e-09, 1.31865751651e-09, 6.42445319166e-10, 2.11032052944e-10, 7.10297584638e-11, 5.98549751429e-11, 1.18508314273e-10, 7.93056800785e-11, 5.77335713958e-11, 3.8397431068e-11, 2.94401447665e-11, 2.22266597488e-11, 2.02485528344e-11, 2.27997620783e-11, 4.65652273685e-11, 3.63410135318e-11, 1.21500457265e-11, 2.25614579102e-12]
    },
    "mfcc": {
        "mean": [-569.753723145, 107.108352661, -11.179268837, 29.9401874542, 1.78536689281, 3.26959133148, -1.63790714741, 8.01337432861, 3.37402486801, -3.184715271, -4.44665384293, 7.0736079216, -5.28659963608],
        "cov": [[631.576538086, -131.189544678, 52.8806419373, -120.31955719, 9.90050888062, -5.33793735504, -35.4024009705, 8.57824611664, -30.0291996002, 45.7542610168, 9.78335952759, 24.2735080719, -2.83018350601], [-131.189544678, 374.112579346, -165.029602051, 52.8185958862, -51.2174835205, -55.1898078918, 10.123167038, 5.2688164711, 27.5909423828, -9.68430805206, 46.3688011169, 29.4351444244, 0.640430688858], [52.8806419373, -165.029602051, 243.025939941, 8.37774753571, 28.9325351715, 22.6309452057, 1.97501456738, 4.78267145157, -9.44085121155, 2.67140221596, -24.9465866089, 1.26257956028, 15.6897678375], [-120.31955719, 52.8185958862, 8.37774753571, 123.236557007, 4.84283876419, 10.5166425705, 5.03709459305, 11.6111164093, 22.4711208344, -3.70663046837, -2.10346889496, -6.74994087219, 9.5858335495], [9.90050888062, -51.2174835205, 28.9325351715, 4.84283876419, 99.9005966187, 39.1271858215, 0.719721674919, -14.8590250015, 1.15383732319, 9.39431190491, -1.12616980076, -2.52898287773, -1.13676214218], [-5.33793735504, -55.1898078918, 22.6309452057, 10.5166425705, 39.1271858215, 86.6944122314, 20.4495048523, 3.53578829765, -7.83218574524, 0.778292477131, -13.1865873337, -9.03287696838, 4.36846542358], [-35.4024009705, 10.123167038, 1.97501456738, 5.03709459305, 0.719721674919, 20.4495048523, 67.7076187134, 28.5940475464, 13.1692695618, -2.56557297707, 3.53362894058, -1.69630479813, -0.926891028881], [8.57824611664, 5.2688164711, 4.78267145157, 11.6111164093, -14.8590250015, 3.53578829765, 28.5940475464, 65.9408569336, 23.7581233978, 14.1212778091, 3.45750045776, 7.22682571411, 1.87811350822], [-30.0291996002, 27.5909423828, -9.44085121155, 22.4711208344, 1.15383732319, -7.83218574524, 13.1692695618, 23.7581233978, 51.8483085632, 19.0511989594, 12.3030138016, 2.67625689507, 3.38432097435], [45.7542610168, -9.68430805206, 2.67140221596, -3.70663046837, 9.39431190491, 0.778292477131, -2.56557297707, 14.1212778091, 19.0511989594, 57.6255722046, 24.9430084229, 14.9386634827, -1.22320318222], [9.78335952759, 46.3688011169, -24.9465866089, -2.10346889496, -1.12616980076, -13.1865873337, 3.53362894058, 3.45750045776, 12.3030138016, 24.9430084229, 55.9815139771, 25.8722190857, 4.94911193848], [24.2735080719, 29.4351444244, 1.26257956028, -6.74994087219, -2.52898287773, -9.03287696838, -1.69630479813, 7.22682571411, 2.67625689507, 14.9386634827, 25.8722190857, 52.6800842285, 15.333480835], [-2.83018350601, 0.640430688858, 15.6897678375, 9.5858335495, -1.13676214218, 4.36846542358, -0.926891028881, 1.87811350822, 3.38432097435, -1.22320318222, 4.94911193848, 15.333480835, 40.0844345093]],
