{
"lowlevel": {
    "average_loudness": 0.956239402294,
    "barkbands_crest": {
        "dmean": 1.77463114262,
        "dmean2": 2.77495026588,
        "dvar": 5.28526830673,
        "dvar2": 14.5032682419,
        "max": 25.6227931976,
        "mean": 17.5677013397,
        "median": 18.1059818268,
        "min": 5.04357004166,
        "var": 13.0302276611
    },
    "barkbands_flatness_db": {
        "dmean": 0.0255781188607,
        "dmean2": 0.0379435159266,
        "dvar": 0.000715968897566,
        "dvar2": 0.00178576074541,
        "max": 0.384889215231,
        "mean": 0.204644486308,
        "median": 0.203191921115,
        "min": 0.0521325021982,
        "var": 0.00232272152789
    },
    "barkbands_kurtosis": {
        "dmean": 9.93049526215,
        "dmean2": 15.5733423233,
        "dvar": 285.451080322,
        "dvar2": 677.970397949,
        "max": 301.670318604,
        "mean": 24.2253227234,
        "median": 17.4616928101,
        "min": -1.42552113533,
        "var": 590.932250977
    },
    "barkbands_skewness": {
        "dmean": 0.811976969242,
        "dmean2": 1.24460446835,
        "dvar": 0.94264549017,
        "dvar2": 2.26363015175,
        "max": 13.8794355392,
        "mean": 4.09235239029,
        "median": 3.83777284622,
        "min": -0.560140728951,
        "var": 3.25401043892
    },
    "barkbands_spread": {
        "dmean": 4.27555513382,
        "dmean2": 6.7558093071,
        "dvar": 40.2531051636,
        "dvar2": 91.5063018799,
        "max": 86.7939300537,
        "mean": 11.9884157181,
        "median": 10.1452007294,
        "min": 0.68715941906,
        "var": 82.9488220215
    },
    "dissonance": {
        "dmean": 0.0210517719388,
        "dmean2": 0.0344939939678,
        "dvar": 0.000516627624165,
        "dvar2": 0.00136153714266,
        "max": 0.499155879021,
        "mean": 0.450441807508,
        "median": 0.459635972977,
        "min": 0.250728130341,
        "var": 0.0015416307142
    },
    "dynamic_complexity": 2.35235214233,
    "erbbands_crest": {
        "dmean": 2.57577705383,
        "dmean2": 4.07386302948,
        "dvar": 5.95755195618,
        "dvar2": 14.0148973465,
        "max": 27.3059654236,
        "mean": 9.12627601624,
        "median": 7.80940294266,
        "min": 2.12389612198,
        "var": 23.1575164795
    },
    "erbbands_flatness_db": {
        "dmean": 0.0185467768461,
        "dmean2": 0.0259702764452,
        "dvar": 0.000327806017594,
        "dvar2": 0.000660214805976,
        "max": 0.273501604795,
        "mean": 0.114700399339,
        "median": 0.109595917165,
        "min": 0.0331880263984,
        "var": 0.00149082939606
    },
    "erbbands_kurtosis": {
        "dmean": 0.936117053032,
        "dmean2": 1.46093356609,
        "dvar": 1.78866374493,
        "dvar2": 4.10329532623,
        "max": 17.5545349121,
        "mean": 0.702111661434,
        "median": -0.132986783981,
        "min": -1.79138159752,
        "var": 6.32065200806
    },
    "erbbands_skewness": {
        "dmean": 0.358909696341,
        "dmean2": 0.544470489025,
        "dvar": 0.120367862284,
        "dvar2": 0.257023721933,
        "max": 3.41679263115,
        "mean": 0.543102860451,
        "median": 0.519193351269,
        "min": -2.28710198402,
        "var": 0.632612287998
    },
    "erbbands_spread": {
        "dmean": 12.1361541748,
        "dmean2": 18.2122402191,
        "dvar": 210.777618408,
        "dvar2": 436.553924561,
        "max": 215.319320679,
        "mean": 57.8588562012,
        "median": 54.6995697021,
        "min": 5.81733036041,
        "var": 868.455810547
    },
    "hfc": {
        "dmean": 11.1755437851,
        "dmean2": 17.8180236816,
        "dvar": 395.50088501,
        "dvar2": 1013.28204346,
        "max": 239.257858276,
        "mean": 30.8636035919,
        "median": 25.4125213623,
        "min": 4.37861331193e-07,
        "var": 593.942321777
    },
    "melbands_crest": {
        "dmean": 2.10423088074,
        "dmean2": 3.3891518116,
        "dvar": 6.23694324493,
        "dvar2": 16.6027355194,
        "max": 35.1921005249,
        "mean": 26.9285430908,
        "median": 27.3577632904,
        "min": 6.41784906387,
        "var": 15.0362939835
    },
    "melbands_flatness_db": {
        "dmean": 0.0269614085555,
        "dmean2": 0.0403020009398,
        "dvar": 0.000902424915694,
        "dvar2": 0.0022174557671,
        "max": 0.512172341347,
        "mean": 0.307939559221,
        "median": 0.307957291603,
        "min": 0.070672467351,
        "var": 0.00302258739248
    },
    "melbands_kurtosis": {
        "dmean": 28.5712738037,
        "dmean2": 43.4089164734,
        "dvar": 2276.04492188,
        "dvar2": 5146.19384766,
        "max": 942.831848145,
        "mean": 71.5157318115,
        "median": 50.9922866821,
        "min": -0.082555770874,
        "var": 6257.50146484
    },
    "melbands_skewness": {
        "dmean": 1.29516720772,
        "dmean2": 1.92848134041,
        "dvar": 2.27747154236,
        "dvar2": 4.97113084793,
        "max": 23.7106380463,
        "mean": 6.24690771103,
        "median": 5.75700569153,
        "min": 0.938609004021,
        "var": 10.1585388184
    },
    "melbands_spread": {
        "dmean": 2.12898039818,
        "dmean2": 3.33987927437,
        "dvar": 12.5458078384,
        "dvar2": 30.8638496399,
        "max": 69.3219604492,
        "mean": 6.98695325851,
        "median": 5.86809110641,
        "min": 0.445768237114,
        "var": 25.5109577179
    },
    "pitch_salience": {
        "dmean": 0.0569369718432,
        "dmean2": 0.0941908359528,
        "dvar": 0.00403256667778,
        "dvar2": 0.0117157390341,
        "max": 0.766345918179,
        "mean": 0.322666019201,
        "median": 0.317105442286,
        "min": 0.0742301940918,
        "var": 0.00779330125079
    },
    "silence_rate_20dB": {
        "dmean": 0.0061919502914,
        "dmean2": 0.0123934932053,
        "dvar": 0.00615358259529,
        "dvar2": 0.0184367783368,
        "max": 1,
        "mean": 0.996906399727,
        "median": 1,
        "min": 0,
        "var": 0.00308400182985
    },
    "silence_rate_30dB": {
        "dmean": 0.143962845206,
        "dmean2": 0.288148730993,
        "dvar": 0.123237386346,
        "dvar2": 0.28722858429,
        "max": 1,
        "mean": 0.449342608452,
        "median": 0,
        "min": 0,
        "var": 0.247431635857
    },
    "silence_rate_60dB": {
        "dmean": 0.00154798757285,
        "dmean2": 0.00309837330133,
        "dvar": 0.0015455794055,
        "dvar2": 0.00308882747777,
        "max": 1,
        "mean": 0.0247486457229,
        "median": 0,
        "min": 0,
        "var": 0.0241359155625
    },
    "spectral_centroid": {
        "dmean": 230.347839355,
        "dmean2": 350.682312012,
        "dvar": 157589.65625,
        "dvar2": 246749.46875,
        "max": 11194.8408203,
        "mean": 1036.77624512,
        "median": 875.880249023,
        "min": 207.139434814,
        "var": 362690.59375
    },
    "spectral_complexity": {
        "dmean": 3.58049535751,
        "dmean2": 5.86676979065,
        "dvar": 20.0392417908,
        "dvar2": 48.9209976196,
        "max": 49,
        "mean": 16.8886318207,
        "median": 16,
        "min": 0,
        "var": 69.6906280518
    },
    "spectral_decrease": {
        "dmean": 7.54665219205e-09,
        "dmean2": 1.25351080627e-08,
        "dvar": 2.30536004342e-16,
        "dvar2": 6.38568927452e-16,
        "max": -1.00290395021e-16,
        "mean": -3.08242142921e-08,
        "median": -2.71180518041e-08,
        "min": -1.42812467629e-07,
        "var": 2.7485901501e-16
    },
    "spectral_energy": {
        "dmean": 0.0290012806654,
        "dmean2": 0.0481272824109,
        "dvar": 0.00339904078282,
        "dvar2": 0.00937968492508,
        "max": 0.546315848827,
        "mean": 0.119137108326,
        "median": 0.104555428028,
        "min": 4.18234197275e-10,
        "var": 0.00407349551097
    },
    "spectral_energyband_high": {
        "dmean": 0.000854446785524,
        "dmean2": 0.00135342031717,
        "dvar": 2.55990380538e-06,
        "dvar2": 6.45795716991e-06,
        "max": 0.0171439163387,
        "mean": 0.00154434528667,
        "median": 0.000764614203945,
        "min": 2.94445440252e-11,
        "var": 4.21262802774e-06
    },
    "spectral_energyband_low": {
        "dmean": 0.027262898162,
        "dmean2": 0.0457116663456,
        "dvar": 0.00324301794171,
        "dvar2": 0.00901567842811,
        "max": 0.53174161911,
        "mean": 0.0977659747005,
        "median": 0.0816697701812,
        "min": 2.74442746306e-10,
        "var": 0.00360162951984
    },
    "spectral_energyband_middle_high": {
        "dmean": 0.00129617005587,
        "dmean2": 0.00205190735869,
        "dvar": 4.50459265267e-06,
        "dvar2": 1.1082121091e-05,
        "max": 0.0280034914613,
        "mean": 0.00348148518242,
        "median": 0.00248120678589,
        "min": 1.25686501137e-11,
        "var": 1.22444835142e-05
    },
    "spectral_energyband_middle_low": {
        "dmean": 0.0050964015536,
        "dmean2": 0.00791526772082,
        "dvar": 3.82154539693e-05,
        "dvar2": 8.99838778423e-05,
        "max": 0.0826694816351,
        "mean": 0.0167627166957,
        "median": 0.0160262454301,
        "min": 2.45578488101e-11,
        "var": 0.000148193357745
    },
    "spectral_entropy": {
        "dmean": 0.215309903026,
        "dmean2": 0.30667039752,
        "dvar": 0.0514573119581,
        "dvar2": 0.0991788804531,
        "max": 9.79729938507,
        "mean": 7.58433866501,
        "median": 7.5986495018,
        "min": 6.07624769211,
        "var": 0.200371980667
    },
    "spectral_flux": {
        "dmean": 0.0373244695365,
        "dmean2": 0.0577437095344,
        "dvar": 0.00375991826877,
        "dvar2": 0.00689447205514,
        "max": 0.610413908958,
        "mean": 0.103402629495,
        "median": 0.0805122107267,
        "min": 3.07706577587e-05,
        "var": 0.00673895468935
    },
    "spectral_kurtosis": {
        "dmean": 1.17498803139,
        "dmean2": 1.79643809795,
        "dvar": 1.81243252754,
        "dvar2": 4.17499065399,
        "max": 16.8688392639,
        "mean": 3.3536696434,
        "median": 2.87682056427,
        "min": -1.19023633003,
        "var": 5.96676683426
    },
    "spectral_rms": {
        "dmean": 0.00116523320321,
        "dmean2": 0.00188627291936,
        "dvar": 3.9310093598e-06,
        "dvar2": 1.06773013613e-05,
        "max": 0.0230866000056,
        "mean": 0.0103728510439,
        "median": 0.010099766776,
        "min": 6.38774906747e-07,
        "var": 8.63543573359e-06
    },
    "spectral_rolloff": {
        "dmean": 129.98197937,
        "dmean2": 231.87701416,
        "dvar": 301742.84375,
        "dvar2": 611222.125,
        "max": 11498.7304688,
        "mean": 289.989227295,
        "median": 172.265625,
        "min": 64.599609375,
        "var": 315403.1875
    },
    "spectral_skewness": {
        "dmean": 0.209857672453,
        "dmean2": 0.308746129274,
        "dvar": 0.0494375452399,
        "dvar2": 0.0963703393936,
        "max": 3.52276134491,
        "mean": 1.57982218266,
        "median": 1.52385866642,
        "min": -0.00324943615124,
        "var": 0.213113948703
    },
    "spectral_spread": {
        "dmean": 1051273,
        "dmean2": 1485309.375,
        "dvar": 2.37191325286e+12,
        "dvar2": 3.94051741286e+12,
        "max": 40112588,
        "mean": 6666061,
        "median": 6412478,
        "min": 2106434.5,
        "var": 6.26972740813e+12
    },
    "spectral_strongpeak": {
        "dmean": 0.126480832696,
        "dmean2": 0.225650727749,
        "dvar": 0.193639293313,
        "dvar2": 0.573834717274,
        "max": 9.36011219025,
        "mean": 0.56910097599,
        "median": 0.54019755125,
        "min": 0,
        "var": 0.148220002651
    },
    "zerocrossingrate": {
        "dmean": 0.00828755367547,
        "dmean2": 0.0106408251449,
        "dvar": 0.00019318635168,
        "dvar2": 0.000239451110247,
        "max": 0.35791015625,
        "mean": 0.0289267934859,
        "median": 0.02490234375,
        "min": 0.001953125,
        "var": 0.000506344018504
    },
    "barkbands": {
        "dmean": [0.00299697625451, 0.024334281683, 0.00354868895374, 0.00158038781956, 0.00203399290331, 0.00110582006164, 0.00122744822875, 0.00165219116025, 0.000408247113228, 0.000314175122185, 0.000214787549339, 0.000226392279728, 0.000267116469331, 0.000176073386683, 0.000136680580908, 0.000189723839867, 0.000231861544307, 0.000195775428438, 0.000147591825225, 9.06845161808e-05, 0.00011232374527, 0.000103984617454, 0.000128751140437, 0.000180710005225, 0.000226196832955, 0.000170512736076, 2.12830218516e-05],
        "dmean2": [0.00513780210167, 0.0408232659101, 0.00643977802247, 0.00271158316173, 0.0033300940413, 0.00165971426759, 0.00185034133028, 0.00230729184113, 0.000612607342191, 0.000479149370221, 0.000341513194144, 0.000345670647221, 0.000419824267738, 0.000277215905953, 0.000224378571147, 0.000308546121232, 0.000376958574634, 0.000332760595484, 0.000248585507507, 0.000150972802658, 0.000187933430425, 0.000165755700436, 0.000212657731026, 0.000291392905638, 0.000360582693247, 0.000268984556897, 3.75900890504e-05],
        "dvar": [1.64463981491e-05, 0.00278486171737, 9.10679009394e-05, 6.50327547191e-06, 7.79859419708e-06, 4.72497231385e-06, 6.65171546643e-06, 1.23872505355e-05, 5.49032961317e-07, 3.37978178777e-07, 1.94272530507e-07, 2.87978906499e-07, 4.89571505113e-07, 1.47356118418e-07, 5.63379032315e-08, 2.12650476783e-07, 1.52734500602e-07, 1.36094470804e-07, 1.11518176027e-07, 3.37376029336e-08, 5.94314961688e-08, 4.5438138585e-08, 6.03849414915e-08, 1.22932732438e-07, 1.80594199151e-07, 1.26374445131e-07, 3.36907879372e-09],
        "dvar2": [4.32231281593e-05, 0.00783325731754, 0.000266032933723, 1.79292528628e-05, 2.09666541195e-05, 1.02065305327e-05, 1.25626211229e-05, 2.41272737185e-05, 1.07611936073e-06, 6.852739034e-07, 4.43257874849e-07, 6.62063655454e-07, 1.14841191134e-06, 3.01871210695e-07, 1.47874430922e-07, 5.75753801968e-07, 3.94384812807e-07, 3.64146330867e-07, 2.70034973937e-07, 8.70988401402e-08, 1.61230502727e-07, 1.08542948851e-07, 1.60976370012e-07, 2.97194105769e-07, 4.05372048817e-07, 3.09490644668e-07, 9.33466548503e-09],
        "max": [0.0630443245173, 0.514233827591, 0.0928919687867, 0.024563357234, 0.037550996989, 0.0372223295271, 0.0536604821682, 0.0525505244732, 0.01404796727, 0.0162737686187, 0.00608316157013, 0.0109263090417, 0.0148368831724, 0.0068972427398, 0.0030809242744, 0.00873172283173, 0.00691986549646, 0.00543209770694, 0.00622883392498, 0.00362029531971, 0.0035666176118, 0.00405200151727, 0.00284856557846, 0.00574899278581, 0.00525509845465, 0.00315042585135, 0.000700359698385],
        "mean": [0.0124794868752, 0.079159066081, 0.00584164913744, 0.00255084130913, 0.00447187852114, 0.00228427094407, 0.00241512642242, 0.00404836516827, 0.000743214972317, 0.000635517644696, 0.00038683830644, 0.000405322498409, 0.000426553247962, 0.000287081551505, 0.000206156721106, 0.000284827430733, 0.000405527098337, 0.000303176057059, 0.000205591786653, 0.000144035497215, 0.000180596747668, 0.000188979436643, 0.00021097928402, 0.000303051405353, 0.000366737978766, 0.000185217810213, 1.71783340193e-05],
        "median": [0.00957532785833, 0.0664612948895, 0.0039189113304, 0.00105769734364, 0.00225074100308, 0.00084547617007, 0.000766781740822, 0.000812364392914, 0.000323452346493, 0.000231886995607, 0.000126461280161, 0.000180319620995, 0.000128097977722, 9.72481357167e-05, 9.6257252153e-05, 0.000123048521345, 0.000223876122618, 0.000146882914123, 9.94873480522e-05, 5.82960565225e-05, 9.80656623142e-05, 7.65799413784e-05, 9.81041230261e-05, 0.000132277215016, 0.000145644909935, 3.34010510414e-05, 7.73126771492e-07],
        "min": [1.57704502235e-10, 1.81623618922e-10, 9.88817187852e-12, 2.97579972816e-12, 4.86647657935e-12, 3.18892199973e-12, 1.99932041409e-12, 1.74960588552e-12, 8.3454949765e-13, 1.95982856679e-12, 8.15170088549e-13, 2.34167963882e-13, 5.09596271431e-13, 1.13038441454e-12, 1.81823328095e-12, 1.25345046842e-12, 1.24393410069e-12, 1.01765015685e-12, 1.80921044205e-12, 1.66184243016e-12, 2.23599437577e-12, 2.38214591282e-12, 2.63682283473e-12, 3.54982558105e-12, 5.81547613884e-12, 5.72601514814e-12, 6.79904873721e-12],
        "var": [0.000134214453283, 0.00283544324338, 6.73743124935e-05, 1.12474790512e-05, 2.74070480373e-05, 1.4768607798e-05, 2.03126437555e-05, 5.79923471378e-05, 2.06733943742e-06, 1.66770951182e-06, 5.55481449283e-07, 8.01419105301e-07, 1.09729296582e-06, 3.42079431448e-07, 9.43275324516e-08, 2.38416347997e-07, 3.02052541201e-07, 1.93726478415e-07, 1.41838739864e-07, 6.67252919584e-08, 7.05579239479e-08, 1.05393084482e-07, 1.07596605403e-07, 2.37557387095e-07, 3.91004505218e-07, 1.53751571474e-07, 2.51522314088e-09]
    },
    "erbbands": {
        "dmean": [0.935592293739, 5.07519054413, 5.25584602356, 4.2383646965, 6.31401252747, 7.14021062851, 6.07572841644, 11.2320156097, 15.0661010742, 23.512468338, 31.711227417, 11.5518760681, 7.71828222275, 8.91738891602, 9.90947532654, 9.8863697052, 10.6495904922, 10.4241352081, 7.41196489334, 8.03861999512, 9.77523231506, 11.0509967804, 10.1174840927, 9.66865634918, 6.02790355682, 4.48997879028, 3.44777846336, 5.21931838989, 3.89034724236, 3.96004676819, 3.68594861031, 3.11985707283, 3.4982509613, 2.17644762993, 1.96331489086, 0.738732218742, 0.322587221861, 0.0776375383139, 0.00227468949743, 7.68752142903e-05],
        "dmean2": [1.5447769165, 8.5093536377, 9.4188375473, 7.48254346848, 10.6096010208, 11.3758583069, 9.11024093628, 17.1738090515, 22.9736442566, 33.8699264526, 43.8438606262, 17.0700683594, 12.1109933853, 13.1237125397, 15.5258970261, 15.1412448883, 16.607460022, 16.1265602112, 12.0961761475, 13.3922071457, 16.1472873688, 18.0951366425, 16.7514820099, 16.0729637146, 10.0645933151, 7.45008802414, 5.78997373581, 8.65616321564, 6.14262390137, 6.50778961182, 6.08811664581, 5.00941467285, 5.61704206467, 3.45495605469, 3.17584180832, 1.15875697136, 0.525621056557, 0.125189483166, 0.00388632062823, 0.000126629034639],
        "dvar": [2.81001234055, 144.560714722, 186.486373901, 72.1220779419, 81.5662231445, 122.10295105, 187.346221924, 590.420227051, 856.825561523, 2667.4934082, 5866.43212891, 364.128509521, 247.286590576, 321.55645752, 472.43081665, 470.540435791, 876.960021973, 570.038513184, 159.06867981, 264.755187988, 562.550231934, 405.771759033, 270.583526611, 531.609191895, 157.724121094, 81.5270462036, 44.2778320312, 138.460464478, 59.843711853, 68.6184539795, 45.0080528259, 36.8111228943, 44.7627449036, 14.118265152, 17.6891937256, 2.24699616432, 0.468061804771, 0.0302493069321, 3.55798256351e-05, 2.5363988243e-08],
        "dvar2": [8.21902751923, 403.404846191, 527.169372559, 210.598709106, 225.337844849, 295.79309082, 323.094421387, 1361.58312988, 1688.70202637, 4641.49365234, 11507.3388672, 715.007202148, 551.289672852, 573.203552246, 957.855651855, 1119.24865723, 2054.68115234, 1154.14025879, 394.563812256, 728.62097168, 1549.12927246, 1007.91906738, 711.60357666, 1313.89050293, 368.285339355, 206.261383057, 117.62322998, 372.363983154, 142.122680664, 174.743087769, 119.530738831, 90.401550293, 109.352333069, 33.0315933228, 38.6952972412, 5.31331825256, 1.17801034451, 0.0778966844082, 9.70054752543e-05, 6.51426717013e-08],
        "max": [17.8770713806, 102.944465637, 126.748344421, 97.1065216064, 74.7492523193, 156.627502441, 551.527648926, 418.43157959, 422.818023682, 858.03515625, 1431.66259766, 425.687652588, 302.130187988, 625.241577148, 387.819946289, 560.665039062, 750.989990234, 399.648498535, 161.628707886, 257.242523193, 518.317382812, 352.111114502, 217.963485718, 483.796783447, 243.821365356, 177.090881348, 79.6781158447, 176.665496826, 151.854064941, 126.196411133, 87.0024871826, 67.7732315063, 111.745521545, 34.2665214539, 59.9547958374, 15.0284891129, 5.33144426346, 1.68060052395, 0.0771826133132, 0.00160578510258],
        "mean": [3.87122440338, 11.3243865967, 8.95461750031, 7.01109886169, 12.7397947311, 14.9390192032, 13.9537944794, 21.8027744293, 32.8759918213, 55.3486366272, 77.0000991821, 25.1183185577, 16.47905159, 17.6469974518, 19.2053642273, 18.6218338013, 18.3169689178, 18.3566188812, 12.1251363754, 12.3394565582, 16.4117145538, 19.9683551788, 17.4406833649, 13.7104816437, 8.99373912811, 7.30305814743, 5.85411643982, 8.3796377182, 6.95231151581, 6.16952991486, 6.42894411087, 5.0828795433, 5.6772518158, 3.56507706642, 3.02618694305, 0.905721783638, 0.332274883986, 0.0745230019093, 0.00201682536863, 0.000184692631592],
        "median": [3.41349649429, 8.454246521, 6.26902961731, 4.27870845795, 7.96525764465, 5.27353477478, 5.3840212822, 7.31712388992, 11.8718233109, 17.0200252533, 17.4592018127, 12.3857412338, 6.18870067596, 6.24824523926, 8.56646060944, 7.98864507675, 6.27238559723, 6.79596996307, 5.87029743195, 5.77565526962, 8.49382686615, 11.0023374557, 9.79050540924, 7.04585647583, 3.9040646553, 3.18070459366, 3.06588840485, 4.16179561615, 2.679459095, 2.42724537849, 3.19463610649, 2.48226499557, 2.29602885246, 1.70651638508, 0.90198880434, 0.212093040347, 0.0443524904549, 0.00766819855198, 0.00024176792067, 0.000140245843795],
        "min": [8.63604743273e-09, 2.83184160565e-08, 2.13575201968e-08, 7.16749903873e-09, 2.32779608922e-08, 1.54788608597e-08, 5.93935425286e-08, 1.53151766824e-08, 1.45015173203e-08, 5.26297903036e-08, 2.39749340381e-08, 2.38760513582e-08, 5.05253616723e-08, 3.68631667413e-08, 3.64153720511e-08, 1.10442464063e-08, 1.90373654618e-08, 5.49928458327e-08, 7.35779863703e-08, 1.03730954493e-07, 6.41598347784e-08, 7.56120144274e-08, 5.7116743335e-08, 5.62493944756e-08, 1.11137161696e-07, 8.25982269248e-08, 7.83851774599e-08, 9.33504722411e-08, 9.10086512818e-08, 5.84392800818e-08, 8.04635931217e-08, 9.93111513026e-08, 3.83044103103e-08, 3.16365209585e-08, 6.5261694715e-08, 2.0279374624e-08, 1.36153248675e-08, 3.13149994824e-09, 8.83421058528e-10, 1.15239102982e-10],
        "var": [4.12491083145, 129.69921875, 136.486206055, 70.497833252, 181.193222046, 470.488830566, 1331.41442871, 1313.86889648, 2540.80517578, 10078.0908203, 30489.1230469, 1738.85534668, 1166.86083984, 1530.06164551, 1424.43652344, 1624.34545898, 2051.87231445, 1429.59362793, 301.156555176, 365.996398926, 629.268676758, 792.631164551, 508.10067749, 601.914611816, 295.990905762, 166.936599731, 68.2490844727, 172.739883423, 146.570053101, 117.628379822, 91.3458099365, 67.544052124, 84.2114639282, 24.4171333313, 42.6241722107, 3.32677912712, 0.535955250263, 0.0302553903311, 2.79948417301e-05, 2.59152166393e-08]
    },
    "gfcc": {
        "mean": [32.5847473145, 87.525642395, -68.0448608398, 42.5731811523, -46.0447769165, 28.2066783905, -31.4345149994, 27.8762989044, -11.471362114, 12.6030807495, -8.19961929321, 6.84557104111, -9.71108818054],
        "cov": [[8135.15332031, -779.631103516, -225.634552002, 25.1861515045, -315.852172852, 104.739974976, -239.725982666, 104.552497864, -87.1455307007, 166.060546875, -147.093276978, 164.431518555, -110.121315002], [-779.631103516, 979.876037598, -347.712860107, -184.187423706, 46.5657424927, -67.3824310303, 178.852264404, -90.7666015625, 74.3587112427, -75.1554260254, 110.636367798, -100.577011108, 69.8153305054], [-225.634552002, -347.712860107, 658.500549316, -9.2124042511, -107.393928528, 61.6801948547, -106.564689636, 14.9657859802, -68.788772583, 19.2703933716, -60.0204086304, 56.3083381653, -74.2037887573], [25.1861515045, -184.187423706, -9.2124042511, 510.744812012, 20.871219635, -72.8759384155, -105.801605225, -0.191352084279, 27.7921161652, -65.3206481934, -6.49556398392, -12.863779068, 70.9794769287], [-315.852172852, 46.5657424927, -107.393928528, 20.871219635, 325.677886963, -55.786605835, 27.5074234009, -0.304949700832, -7.0304312706, -4.00379371643, -7.55854892731, -5.81487321854, 4.94129896164], [104.739974976, -67.3824310303, 61.6801948547, -72.8759384155, -55.786605835, 149.787445068, 36.7046661377, -1.41465556622, -6.08151817322, 10.1285352707, -4.35642623901, -31.3559379578, -38.4247779846], [-239.725982666, 178.852264404, -106.564689636, -105.801605225, 27.5074234009, 36.7046661377, 188.852233887, -4.89126634598, 0.838387310505, -1.80558395386, 24.8954410553, -43.6628456116, -22.335855484], [104.552497864, -90.7666015625, 14.9657859802, -0.191352084279, -0.304949700832, -1.41465556622, -4.89126634598, 92.2179946899, 13.7948389053, -0.828380167484, -13.1516418457, -4.36365795135, -8.127825737], [-87.1455307007, 74.3587112427, -68.788772583, 27.7921161652, -7.0304312706, -6.08151817322, 0.838387310505, 13.7948389053, 102.339942932, 6.85104799271, -4.52525806427, -33.1440048218, 5.0016283989], [166.060546875, -75.1554260254, 19.2703933716, -65.3206481934, -4.00379371643, 10.1285352707, -1.80558395386, -0.828380167484, 6.85104799271, 73.0564727783, -6.77069807053, 3.13287758827, -25.5405139923], [-147.093276978, 110.636367798, -60.0204086304, -6.49556398392, -7.55854892731, -4.35642623901, 24.8954410553, -13.1516418457, -4.52525806427, -6.77069807053, 76.0534515381, -1.25064086914, 7.31891965866], [164.431518555, -100.577011108, 56.3083381653, -12.863779068, -5.81487321854, -31.3559379578, -43.6628456116, -4.36365795135, -33.1440048218, 3.13287758827, -1.25064086914, 86.3130950928, 9.35587978363], [-110.121315002, 69.8153305054, -74.2037887573, 70.9794769287, 4.94129896164, -38.4247779846, -22.335855484, -8.127825737, 5.0016283989, -25.5405139923, 7.31891965866, 9.35587978363, 90.0597076416]],
        "icov": [[0.000196355962544, -0.000142489225254, 0.000355292431777, -0.000238889828324, 0.000250102253631, -0.000373326474801, 0.000302970933262, -0.000382383965189, 0.000451535132015, -0.000609250331763, 0.000597221776843, -0.000644519168418, 0.000519762106705], [-0.000142489225254, 0.00446420162916, -0.000161584146554, 0.00328094302677, -0.000182590025361, 0.00388130568899, -0.00169353722595, 0.00448796153069, -0.00336877559312, 0.00595764582977, -0.00436675082892, 0.00559343537316, -0.00305242161267], [0.000355292431777, -0.000161584146554, 0.00310276099481, -0.000566204253118, 0.00106306991074, -0.00135687284637, 0.00166642211843, -0.000817507330794, 0.002114236122, -0.000891820993274, 0.00239653419703, -0.0020298587624, 0.00291047617793], [-0.000238889828324, 0.00328094302677, -0.000566204253118, 0.00544196227565, -0.00048429906019, 0.00393112190068, 0.000227040072787, 0.00366005301476, -0.00322558684275, 0.00681828893721, -0.00360926589929, 0.00601884769276, -0.00371979968622], [0.000250102253631, -0.000182590025361, 0.00106306991074, -0.00048429906019, 0.00394302140921, 0.00101480807643, -0.000156634210725, -0.000486630597152, 0.00151926022954, -0.000866349379066, 0.0018349760212, -0.000435311929323, 0.00140486250166], [-0.000373326474801, 0.00388130568899, -0.00135687284637, 0.00393112190068, 0.00101480807643, 0.0133099108934, -0.00269939238206, 0.00473070517182, -0.00233066198416, 0.0059653064236, -0.00388059252873, 0.00943863764405, -0.00114499393385], [0.000302970933262, -0.00169353722595, 0.00166642211843, 0.000227040072787, -0.000156634210725, -0.00269939238206, 0.00931251328439, -0.00183963414747, 0.00274566421285, -0.00118794478476, 0.000604179513175, 0.000775774591602, 0.00325879035518], [-0.000382383965189, 0.00448796153069, -0.000817507330794, 0.00366005301476, -0.000486630597152, 0.00473070517182, -0.00183963414747, 0.0163267552853, -0.00551335094497, 0.00752823613584, -0.00327326962724, 0.00644033728167, -0.00240444135852], [0.000451535132015, -0.00336877559312, 0.002114236122, -0.00322558684275, 0.00151926022954, -0.00233066198416, 0.00274566421285, -0.00551335094497, 0.0161463320255, -0.00744899734855, 0.00532859144732, -7.01191238477e-05, 0.00311849615537], [-0.000609250331763, 0.00595764582977, -0.000891820993274, 0.00681828893721, -0.000866349379066, 0.0059653064236, -0.00118794478476, 0.00752823613584, -0.00744899734855, 0.0261870920658, -0.00590915093198, 0.00779936881736, -0.000984270242043], [0.000597221776843, -0.00436675082892, 0.00239653419703, -0.00360926589929, 0.0018349760212, -0.00388059252873, 0.000604179513175, -0.00327326962724, 0.00532859144732, -0.00590915093198, 0.0207066833973, -0.00736184883863, 0.00414294656366], [-0.000644519168418, 0.00559343537316, -0.0020298587624, 0.00601884769276, -0.000435311929323, 0.00943863764405, 0.000775774591602, 0.00644033728167, -7.01191238477e-05, 0.00779936881736, -0.00736184883863, 0.025968875736, -0.00659949891269], [0.000519762106705, -0.00305242161267, 0.00291047617793, -0.00371979968622, 0.00140486250166, -0.00114499393385, 0.00325879035518, -0.00240444135852, 0.00311849615537, -0.000984270242043, 0.00414294656366, -0.00659949891269, 0.0193575285375]]
    },
    "melbands": {
        "dmean": [0.00736979674548, 0.00399777153507, 0.000777085020673, 0.000485593511257, 0.000224995033932, 0.000236850682995, 0.00023818158661, 0.000278666469967, 0.000236912193941, 6.39136706013e-05, 3.87628715544e-05, 3.81239406124e-05, 3.05390422e-05, 2.79443138425e-05, 2.29967354244e-05, 2.52607896982e-05, 1.98713278223e-05, 1.2342887203e-05, 9.09383925318e-06, 1.45661961142e-05, 1.21776247397e-05, 1.2111918295e-05, 1.20223749036e-05, 9.52403570409e-06, 8.31067882245e-06, 4.98266354043e-06, 3.12802671942e-06, 3.29378804054e-06, 2.13112525671e-06, 2.73760565506e-06, 3.2854429719e-06, 2.35371226154e-06, 2.12350914808e-06, 2.38668826569e-06, 2.29068541557e-06, 1.95284360416e-06, 2.07902667171e-06, 2.88749356514e-06, 1.83041129276e-06, 1.93894265976e-06],
        "dmean2": [0.0122310137376, 0.00691355532035, 0.00136179814581, 0.000804218754638, 0.000342293060385, 0.000357155542588, 0.000363713363186, 0.000397942116251, 0.000327622168697, 9.64297287283e-05, 6.09270391578e-05, 5.56815248274e-05, 4.89926351293e-05, 4.26396254625e-05, 3.51903254341e-05, 4.02624864364e-05, 3.04235309159e-05, 2.00800168386e-05, 1.51722506416e-05, 2.43333852268e-05, 2.02461433219e-05, 1.984082337e-05, 1.96869914362e-05, 1.61430616572e-05, 1.38334689836e-05, 8.39054246171e-06, 5.11809685122e-06, 5.49981950826e-06, 3.60543890565e-06, 4.65467155664e-06, 5.45244029126e-06, 3.71653868569e-06, 3.50336244992e-06, 4.00844373871e-06, 3.82047301173e-06, 3.27404109157e-06, 3.3461979001e-06, 4.68029611511e-06, 2.87754414785e-06, 3.10704149342e-06],
        "dvar": [0.000213102481212, 9.85443984973e-05, 2.13120415538e-06, 4.72402888363e-07, 1.96511962258e-07, 2.39998485085e-07, 2.2400726607e-07, 3.51390667674e-07, 3.28742004285e-07, 1.23337642322e-08, 6.20983753308e-09, 6.03329652904e-09, 4.42567804626e-09, 3.70463593136e-09, 4.45179182407e-09, 3.46957440556e-09, 2.1767869729e-09, 4.82502315879e-10, 2.92927015977e-10, 1.23012533493e-09, 7.11964043276e-10, 5.43819045351e-10, 3.8589326179e-10, 3.67386815414e-10, 4.2368586417e-10, 1.14124557027e-10, 5.21039079937e-11, 4.49996775953e-11, 1.60931962201e-11, 4.33158543756e-11, 4.78759740186e-11, 1.99564063191e-11, 2.26287374255e-11, 2.48658107993e-11, 1.65099600657e-11, 1.6854859522e-11, 1.5521703714e-11, 3.05071974627e-11, 1.22983220829e-11, 1.11405676351e-11],
        "dvar2": [0.00060743058566, 0.000272017292446, 6.195172773e-06, 1.29239401758e-06, 3.706471432e-07, 5.43500448202e-07, 4.26324191949e-07, 6.10345523455e-07, 6.23901826202e-07, 2.45595295212e-08, 1.39378562025e-08, 1.08291580148e-08, 1.00312229634e-08, 7.93197596494e-09, 1.06987227966e-08, 8.03665045623e-09, 4.3223233881e-09, 1.19239584873e-09, 7.97011456832e-10, 3.24342552815e-09, 1.92364102425e-09, 1.3479650729e-09, 9.66764557297e-10, 9.97485205545e-10, 1.04617037255e-09, 2.94594904027e-10, 1.17227547114e-10, 1.16066746492e-10, 4.26678171961e-11, 1.19732126991e-10, 1.27273025452e-10, 4.6096945705e-11, 5.64474578191e-11, 6.46590420095e-11, 4.4509902708e-11, 4.49121712043e-11, 3.7535665548e-11, 7.5875840333e-11, 2.93696976461e-11, 2.72531389817e-11],
        "max": [0.150921598077, 0.0821146965027, 0.0153701649979, 0.00852150190622, 0.0152757624164, 0.00834304373711, 0.00847259256989, 0.0107101453468, 0.0105946939439, 0.0028046714142, 0.00149257201701, 0.00274751312099, 0.000885149114765, 0.00119440304115, 0.00146977580152, 0.000967202766333, 0.000906361674424, 0.000348116300302, 0.00023319653701, 0.000687495048624, 0.000528983830009, 0.000496252207085, 0.000247529125772, 0.000311484473059, 0.000437897251686, 0.000171917286934, 0.00018249436107, 0.000110873006633, 4.51433043054e-05, 0.00010402087355, 8.53531018947e-05, 7.85190713941e-05, 9.04805565369e-05, 6.32752344245e-05, 5.74643745495e-05, 4.08369996876e-05, 5.21701513208e-05, 7.25421996322e-05, 7.40454706829e-05, 3.10089635605e-05],
        "mean": [0.0275807064027, 0.00792078115046, 0.00143309985287, 0.00105268217158, 0.000522337737493, 0.000469593040179, 0.00050918123452, 0.000661171798129, 0.000563224952202, 0.000125397564261, 7.81984199421e-05, 7.12502514943e-05, 5.579676872e-05, 5.50399927306e-05, 3.9497637772e-05, 4.07007501053e-05, 3.33989155479e-05, 1.93218602362e-05, 1.3250023585e-05, 2.12316299439e-05, 1.90895352716e-05, 2.06476088351e-05, 2.01430793823e-05, 1.44338746395e-05, 1.07406531242e-05, 6.96412416801e-06, 4.60962291982e-06, 5.13847089678e-06, 3.32921308654e-06, 4.10022767028e-06, 5.11148527949e-06, 4.06742401537e-06, 3.37961864716e-06, 3.38468817063e-06, 3.95270853915e-06, 2.84126736005e-06, 3.29577551383e-06, 4.44448505732e-06, 2.97710130326e-06, 2.90165326078e-06],
        "median": [0.0234237834811, 0.00561756361276, 0.000882106309291, 0.00059025111841, 0.000221170397708, 0.000146234902786, 0.00016079384659, 0.000182181887794, 0.000124840342323, 6.05339519097e-05, 2.65565467998e-05, 2.36743107962e-05, 2.14566389332e-05, 2.62954963546e-05, 1.27007797346e-05, 1.3377301002e-05, 1.11588087748e-05, 8.41513156047e-06, 5.98871611146e-06, 9.21876289794e-06, 9.59175213211e-06, 1.12680872917e-05, 9.65186518442e-06, 7.30071496946e-06, 4.95043786941e-06, 2.72325360129e-06, 1.81952225375e-06, 1.88339117813e-06, 1.49093375512e-06, 2.07731750379e-06, 2.22666949412e-06, 1.45839499055e-06, 1.25588917399e-06, 1.20825450267e-06, 1.94099902728e-06, 1.36934102102e-06, 1.46173783833e-06, 1.68897372532e-06, 1.22690153148e-06, 1.37201936923e-06],
        "min": [7.12179273887e-11, 2.02353810791e-11, 1.80155955258e-12, 1.77470213004e-12, 1.77642774622e-12, 3.77246844874e-13, 2.72613556078e-13, 5.70623192794e-13, 1.50561095709e-13, 1.4640089e-13, 2.69416650447e-13, 1.6944246299e-13, 1.28309201371e-13, 3.28503534325e-14, 4.08736731256e-14, 4.99376541095e-14, 1.08393471336e-13, 1.21299942746e-13, 1.11131515503e-13, 1.21282649722e-13, 6.90012351185e-14, 8.25024524067e-14, 5.20676675332e-14, 5.15763443781e-14, 4.17247853835e-14, 7.32393610819e-14, 7.75741504453e-14, 4.99606087024e-14, 4.48803693591e-14, 6.13430137307e-14, 4.78843683184e-14, 5.58206435177e-14, 3.92077253368e-14, 2.787533591e-14, 3.64383104582e-14, 7.35012907743e-14, 5.96840285527e-14, 3.42683136912e-14, 1.17603324946e-14, 2.75761249095e-14],
        "var": [0.000254424696323, 8.10582059785e-05, 2.47198158831e-06, 1.45105900629e-06, 1.29454622311e-06, 5.8728642216e-07, 7.00533064446e-07, 1.41277575949e-06, 1.73461512532e-06, 5.70087195229e-08, 2.86068964073e-08, 2.87015087252e-08, 1.13998437357e-08, 1.16225100655e-08, 1.03085930903e-08, 7.44332284697e-09, 5.49030154673e-09, 8.80550798943e-10, 4.38915737089e-10, 1.46284850899e-09, 8.63196569778e-10, 9.57109946853e-10, 7.98370092259e-10, 4.81262973917e-10, 4.55496557139e-10, 1.61917493302e-10, 1.08949578526e-10, 8.7935637938e-11, 2.62924525901e-11, 4.29577068362e-11, 6.69569469314e-11, 5.29645598213e-11, 3.9310017047e-11, 3.77977232846e-11, 3.43314890405e-11, 2.27261976599e-11, 3.01252425783e-11, 5.43416145415e-11, 2.35297059614e-11, 1.66094690085e-11]
    },
    "mfcc": {
        "mean": [-625.708129883, 120.715629578, 37.9561195374, 27.7091217041, 21.6330280304, 8.06677818298, 6.38668251038, 13.8999204636, 10.1633710861, 5.57446670532, 12.230928421, 13.6501293182, 4.19027376175],
        "cov": [[6016.7890625, -459.28515625, -168.90071106, -38.4391403198, -29.22955513, -63.5152626038, -159.442062378, -38.0950393677, 10.4724750519, -3.90875720978, 36.667098999, 7.34835386276, 48.6590919495], [-459.28515625, 1035.17578125, -282.614532471, -197.598648071, -142.123687744, 5.3134765625, 78.5395126343, 0.65757983923, -14.6751022339, 12.6573638916, 33.9432220459, 30.5395832062, -12.6284160614], [-168.90071106, -282.614532471, 715.206604004, -53.4096107483, -18.0246086121, -2.3108253479, -66.5506210327, 11.7754888535, -37.3700332642, -52.7217140198, -9.98410606384, 31.788225174, -18.3468112946], [-38.4391403198, -197.598648071, -53.4096107483, 396.888336182, 146.256668091, -32.2718429565, -42.5574951172, -6.16876125336, 29.2944087982, -63.5746765137, -43.2945747375, -17.1257591248, 7.61459875107], [-29.22955513, -142.123687744, -18.0246086121, 146.256668091, 233.398529053, -16.2640857697, -35.428237915, -15.1510953903, 20.2522754669, -31.558385849, -21.2706222534, -19.3195667267, 4.73791503906], [-63.5152626038, 5.3134765625, -2.3108253479, -32.2718429565, -16.2640857697, 119.754127502, 30.4901924133, -7.61911869049, -8.64349651337, 22.3681945801, 19.0252532959, -20.2432117462, -16.075044632], [-159.442062378, 78.5395126343, -66.5506210327, -42.5574951172, -35.428237915, 30.4901924133, 151.366394043, 22.7042713165, -24.0857162476, 24.0683116913, 6.96116065979, -0.870776116848, -8.32464313507], [-38.0950393677, 0.65757983923, 11.7754888535, -6.16876125336, -15.1510953903, -7.61911869049, 22.7042713165, 78.3215103149, 0.396447867155, 12.6599559784, 0.287254601717, -0.673317968845, 7.61018228531], [10.4724750519, -14.6751022339, -37.3700332642, 29.2944087982, 20.2522754669, -8.64349651337, -24.0857162476, 0.396447867155, 91.0098342896, 14.93009758, -4.79310894012, -7.1676197052, -6.77047967911], [-3.90875720978, 12.6573638916, -52.7217140198, -63.5746765137, -31.558385849, 22.3681945801, 24.0683116913, 12.6599559784, 14.93009758, 131.335098267, 41.8723678589, -28.3085517883, 4.98842382431], [36.667098999, 33.9432220459, -9.98410606384, -43.2945747375, -21.2706222534, 19.0252532959, 6.96116065979, 0.287254601717, -4.79310894012, 41.8723678589, 89.0231933594, 0.238847106695, -4.87310838699], [7.34835386276, 30.5395832062, 31.788225174, -17.1257591248, -19.3195667267, -20.2432117462, -0.870776116848, -0.673317968845, -7.1676197052, -28.3085517883, 0.238847106695, 81.7314987183, 0.311114519835], [48.6590919495, -12.6284160614, -18.3468112946, 7.61459875107, 4.73791503906, -16.075044632, -8.32464313507, 7.61018228531, -6.77047967911, 4.98842382431, -4.87310838699, 0.311114519835, 65.6357421875]],
