{
"lowlevel": {
    "average_loudness": 0.621331214905,
    "barkbands_crest": {
        "dmean": 2.1571969986,
        "dmean2": 3.49414467812,
        "dvar": 4.2880692482,
        "dvar2": 10.8393211365,
        "max": 24.6735115051,
        "mean": 10.236076355,
        "median": 9.59835910797,
        "min": 2.98078393936,
        "var": 16.5000305176
    },
    "barkbands_flatness_db": {
        "dmean": 0.0181175395846,
        "dmean2": 0.0286310929805,
        "dvar": 0.000302683503833,
        "dvar2": 0.000651559792459,
        "max": 0.430276542902,
        "mean": 0.204335406423,
        "median": 0.198493078351,
        "min": 0.035273425281,
        "var": 0.0026704701595
    },
    "barkbands_kurtosis": {
        "dmean": 1.82178807259,
        "dmean2": 2.81722044945,
        "dvar": 13.9290294647,
        "dvar2": 29.9069423676,
        "max": 89.2504653931,
        "mean": 2.95564079285,
        "median": 0.381845474243,
        "min": -1.85062837601,
        "var": 63.6286010742
    },
    "barkbands_skewness": {
        "dmean": 0.44345960021,
        "dmean2": 0.683969318867,
        "dvar": 0.272192180157,
        "dvar2": 0.607647061348,
        "max": 7.78463411331,
        "mean": 1.22296345234,
        "median": 0.996666491032,
        "min": -1.99189078808,
        "var": 1.61566853523
    },
    "barkbands_spread": {
        "dmean": 3.95347571373,
        "dmean2": 6.14988183975,
        "dvar": 25.4866962433,
        "dvar2": 57.4197425842,
        "max": 64.2813796997,
        "mean": 20.2096099854,
        "median": 18.9388198853,
        "min": 0.995690107346,
        "var": 129.224334717
    },
    "dissonance": {
        "dmean": 0.0178962834179,
        "dmean2": 0.0303165335208,
        "dvar": 0.000471540377475,
        "dvar2": 0.00131686567329,
        "max": 0.499999970198,
        "mean": 0.459779381752,
        "median": 0.471072286367,
        "min": 0.238413780928,
        "var": 0.00130837631878
    },
    "dynamic_complexity": 4.69077062607,
    "erbbands_crest": {
        "dmean": 2.32893013954,
        "dmean2": 3.72743844986,
        "dvar": 5.60793590546,
        "dvar2": 13.3437318802,
        "max": 30.6675243378,
        "mean": 10.2008609772,
        "median": 8.84536647797,
        "min": 3.01399183273,
        "var": 24.8069324493
    },
    "erbbands_flatness_db": {
        "dmean": 0.0135628739372,
        "dmean2": 0.0200969614089,
        "dvar": 0.000197205110453,
        "dvar2": 0.000397868774598,
        "max": 0.409949094057,
        "mean": 0.24803327024,
        "median": 0.241519868374,
        "min": 0.0829101055861,
        "var": 0.00229660538025
    },
    "erbbands_kurtosis": {
        "dmean": 0.78383988142,
        "dmean2": 1.22571325302,
        "dvar": 1.28893470764,
        "dvar2": 2.88435983658,
        "max": 21.3197402954,
        "mean": 0.26975491643,
        "median": -0.450548887253,
        "min": -1.81391143799,
        "var": 4.84844398499
    },
    "erbbands_skewness": {
        "dmean": 0.343349963427,
        "dmean2": 0.525128483772,
        "dvar": 0.149381369352,
        "dvar2": 0.316721439362,
        "max": 4.20918226242,
        "mean": 0.0433206930757,
        "median": -0.0120441000909,
        "min": -2.60543632507,
        "var": 0.823144257069
    },
    "erbbands_spread": {
        "dmean": 5.8046002388,
        "dmean2": 8.82625675201,
        "dvar": 38.1999588013,
        "dvar2": 89.8675765991,
        "max": 87.1683654785,
        "mean": 35.1540718079,
        "median": 35.6068496704,
        "min": 3.22207117081,
        "var": 272.187957764
    },
    "hfc": {
        "dmean": 3.34002375603,
        "dmean2": 4.92232275009,
        "dvar": 31.8498344421,
        "dvar2": 62.6796112061,
        "max": 116.681900024,
        "mean": 13.7375268936,
        "median": 8.35249996185,
        "min": 1.22707929298e-16,
        "var": 258.110992432
    },
    "melbands_crest": {
        "dmean": 2.8450050354,
        "dmean2": 4.59782743454,
        "dvar": 6.82021284103,
        "dvar2": 17.2719974518,
        "max": 32.6812934875,
        "mean": 14.066778183,
        "median": 13.052321434,
        "min": 2.50777506828,
        "var": 28.3109092712
    },
    "melbands_flatness_db": {
        "dmean": 0.0207682028413,
        "dmean2": 0.0311494022608,
        "dvar": 0.000535783590749,
        "dvar2": 0.00105884566437,
        "max": 0.457233548164,
        "mean": 0.210808247328,
        "median": 0.203884124756,
        "min": 0.00501695880666,
        "var": 0.00432128692046
    },
    "melbands_kurtosis": {
        "dmean": 3.85230875015,
        "dmean2": 6.05129718781,
        "dvar": 45.7758026123,
        "dvar2": 109.97089386,
        "max": 131.202148438,
        "mean": 9.02495288849,
        "median": 4.16359996796,
        "min": -1.81030797958,
        "var": 197.709197998
    },
    "melbands_skewness": {
        "dmean": 0.53975892067,
        "dmean2": 0.827742576599,
        "dvar": 0.35796096921,
        "dvar2": 0.855714201927,
        "max": 9.38250255585,
        "mean": 2.17988324165,
        "median": 2.01849555969,
        "min": -0.916941344738,
        "var": 2.43784332275
    },
    "melbands_spread": {
        "dmean": 6.76016283035,
        "dmean2": 10.5263490677,
        "dvar": 82.6983642578,
        "dvar2": 184.303695679,
        "max": 141.178329468,
        "mean": 26.5400066376,
        "median": 22.9076538086,
        "min": 0.909653306007,
        "var": 316.891174316
    },
    "pitch_salience": {
        "dmean": 0.0579580999911,
        "dmean2": 0.0935055837035,
        "dvar": 0.00295958900824,
        "dvar2": 0.00723547115922,
        "max": 0.898624062538,
        "mean": 0.598961472511,
        "median": 0.612868964672,
        "min": 0.164196684957,
        "var": 0.0119088031352
    },
    "silence_rate_20dB": {
        "dmean": 0,
        "dmean2": 0,
        "dvar": 0,
        "dvar2": 0,
        "max": 1,
        "mean": 1,
        "median": 1,
        "min": 1,
        "var": 0
    },
    "silence_rate_30dB": {
        "dmean": 0.000774593325332,
        "dmean2": 0.00154978688806,
        "dvar": 0.000773992040195,
        "dvar2": 0.00232227263041,
        "max": 1,
        "mean": 0.999612867832,
        "median": 1,
        "min": 0,
        "var": 0.000387006264646
    },
    "silence_rate_60dB": {
        "dmean": 0.0387296676636,
        "dmean2": 0.0774893462658,
        "dvar": 0.0372312106192,
        "dvar2": 0.0800127014518,
        "max": 1,
        "mean": 0.203252032399,
        "median": 0,
        "min": 0,
        "var": 0.161944150925
    },
    "spectral_centroid": {
        "dmean": 228.724121094,
        "dmean2": 347.824035645,
        "dvar": 105006.632812,
        "dvar2": 196561.71875,
        "max": 10525.6474609,
        "mean": 1510.4810791,
        "median": 1482.7052002,
        "min": 268.847900391,
        "var": 452565.71875
    },
    "spectral_complexity": {
        "dmean": 2.86831903458,
        "dmean2": 4.55947303772,
        "dvar": 13.3970108032,
        "dvar2": 29.2422542572,
        "max": 47,
        "mean": 14.9097948074,
        "median": 12,
        "min": 0,
        "var": 104.829246521
    },
    "spectral_decrease": {
        "dmean": 7.52847340024e-10,
        "dmean2": 1.12876652469e-09,
        "dvar": 1.72742639881e-18,
        "dvar2": 3.68280909197e-18,
        "max": 9.6847331239e-29,
        "mean": -3.3134317512e-09,
        "median": -2.37947128667e-09,
        "min": -3.46589104083e-08,
        "var": 1.19444045e-17
    },
    "spectral_energy": {
        "dmean": 0.00308608962223,
        "dmean2": 0.0046049291268,
        "dvar": 2.90451771434e-05,
        "dvar2": 6.13368611084e-05,
        "max": 0.139038994908,
        "mean": 0.0137516940013,
        "median": 0.00988761894405,
        "min": 1.07644430078e-20,
        "var": 0.000207274628337
    },
    "spectral_energyband_high": {
        "dmean": 0.000120628683362,
        "dmean2": 0.000182893199963,
        "dvar": 5.6393993475e-08,
        "dvar2": 1.23042028122e-07,
        "max": 0.00394619163126,
        "mean": 0.000263223715592,
        "median": 0.000103411002783,
        "min": 8.0469785966e-21,
        "var": 1.52889498395e-07
    },
    "spectral_energyband_low": {
        "dmean": 0.000203338451684,
        "dmean2": 0.000327198125888,
        "dvar": 4.35536946952e-07,
        "dvar2": 1.17230058549e-06,
        "max": 0.0194555185735,
        "mean": 0.000380470242817,
        "median": 0.000215883410419,
        "min": 6.44870439735e-23,
        "var": 4.66835274437e-07
    },
    "spectral_energyband_middle_high": {
        "dmean": 0.00166041310877,
        "dmean2": 0.0024189655669,
        "dvar": 1.36783992275e-05,
        "dvar2": 2.79572977888e-05,
        "max": 0.0769460126758,
        "mean": 0.00582892866805,
        "median": 0.00216845050454,
        "min": 1.24985748574e-21,
        "var": 9.58665332291e-05
    },
    "spectral_energyband_middle_low": {
        "dmean": 0.00213563861325,
        "dmean2": 0.00328681175597,
        "dvar": 1.66083627846e-05,
        "dvar2": 3.80717174266e-05,
        "max": 0.122348167002,
        "mean": 0.00746972532943,
        "median": 0.00565824890509,
        "min": 3.91906577341e-22,
        "var": 5.9280278947e-05
    },
    "spectral_entropy": {
        "dmean": 0.129644483328,
        "dmean2": 0.189403429627,
        "dvar": 0.0222639571875,
        "dvar2": 0.0399417318404,
        "max": 9.80176734924,
        "mean": 7.23215198517,
        "median": 7.3176240921,
        "min": 5.34521532059,
        "var": 0.207680135965
    },
    "spectral_flux": {
        "dmean": 0.0136773120612,
        "dmean2": 0.0211248472333,
        "dvar": 0.000313166092383,
        "dvar2": 0.000674658513162,
        "max": 0.288069814444,
        "mean": 0.0498829782009,
        "median": 0.0420402809978,
        "min": 1.03751833513e-10,
        "var": 0.00142067705747
    },
    "spectral_kurtosis": {
        "dmean": 3.2159216404,
        "dmean2": 5.7012925148,
        "dvar": 10.800157547,
        "dvar2": 32.6084899902,
        "max": 33.7639541626,
        "mean": 4.96846246719,
        "median": 3.57222270966,
        "min": -1.13209342957,
        "var": 22.3931102753
    },
    "spectral_rms": {
        "dmean": 0.000378902332159,
        "dmean2": 0.000557608203962,
        "dvar": 2.12543611156e-07,
        "dvar2": 4.15273603949e-07,
        "max": 0.0116467932239,
        "mean": 0.00321350549348,
        "median": 0.003105874639,
        "min": 3.24066272948e-12,
        "var": 3.08966127704e-06
    },
    "spectral_rolloff": {
        "dmean": 383.646453857,
        "dmean2": 631.563354492,
        "dvar": 430742.9375,
        "dvar2": 845739.125,
        "max": 18733.8867188,
        "mean": 1774.8840332,
        "median": 1679.58984375,
        "min": 236.865234375,
        "var": 1170846.75
    },
    "spectral_skewness": {
        "dmean": 0.338025301695,
        "dmean2": 0.585372269154,
        "dvar": 0.110108189285,
        "dvar2": 0.293498963118,
        "max": 4.19006872177,
        "mean": 1.12033987045,
        "median": 0.957740426064,
        "min": -0.316484868526,
        "var": 0.407601803541
    },
    "spectral_spread": {
        "dmean": 268784.53125,
        "dmean2": 415265.6875,
        "dvar": 503847616512,
        "dvar2": 577861976064,
        "max": 39239812,
        "mean": 2773679.25,
        "median": 2688809,
        "min": 1491090.25,
        "var": 808867135488
    },
    "spectral_strongpeak": {
        "dmean": 0.477803587914,
        "dmean2": 0.750300765038,
        "dvar": 0.741018116474,
        "dvar2": 1.63213801384,
        "max": 13.4504575729,
        "mean": 1.33211326599,
        "median": 0.61261510849,
        "min": 3.66808938779e-09,
        "var": 3.24618172646
    },
    "zerocrossingrate": {
        "dmean": 0.00681872852147,
        "dmean2": 0.00822926964611,
        "dvar": 0.000112477486255,
        "dvar2": 0.00012437083933,
        "max": 0.51025390625,
        "mean": 0.0583262629807,
        "median": 0.056640625,
        "min": 0.01123046875,
        "var": 0.000625869026408
    },
    "barkbands": {
        "dmean": [1.72469196968e-06, 7.15001006029e-05, 0.000123630146845, 0.00014974300575, 0.00096105854027, 0.000614629592746, 0.0002964042651, 0.000777605513576, 0.000440333998995, 0.000611171126366, 0.000212700979318, 0.000453307788121, 0.000231194047956, 0.000365394953405, 0.000176345871296, 0.000178300149855, 0.000209529651329, 0.000175291890628, 0.000150681924424, 0.00010438895697, 4.39649666077e-05, 2.4813820346e-05, 2.0510475224e-05, 5.6584185586e-06, 5.95349604282e-07, 7.848987571e-10, 4.99813190835e-10],
        "dmean2": [2.68317626251e-06, 0.000115979135444, 0.000199184985831, 0.00024407087767, 0.00155241310131, 0.000992895336822, 0.000472948711831, 0.00118448480498, 0.000674319802783, 0.000832288758829, 0.000315299344948, 0.000671526591759, 0.000354736141162, 0.000541603425518, 0.000279797386611, 0.000280067266431, 0.000346046901541, 0.000275122671155, 0.000249880162301, 0.000168039405253, 6.87319843564e-05, 3.85952589568e-05, 3.23755884892e-05, 8.96576602827e-06, 9.47466105572e-07, 1.3864611681e-09, 9.30090671147e-10],
        "dvar": [3.24082677361e-10, 2.55483200817e-07, 4.6819227606e-08, 6.60832029098e-08, 1.58245723014e-06, 8.23857590149e-07, 9.79991227723e-07, 1.08275235107e-05, 5.25077803104e-06, 6.08426535109e-06, 1.29710281271e-06, 3.33700995725e-06, 1.03834543097e-06, 2.50088487519e-06, 4.05242872148e-07, 3.92671580585e-07, 1.60535662985e-07, 1.41013046573e-07, 7.45655839296e-08, 3.33737624203e-08, 9.11674558068e-09, 4.40748193498e-09, 3.56849150229e-09, 2.88430584972e-10, 5.41435949894e-12, 3.83957967039e-18, 8.57522838192e-19],
        "dvar2": [7.09206637861e-10, 7.06635375991e-07, 1.26480813378e-07, 1.6825572402e-07, 4.12106646763e-06, 2.30314117289e-06, 2.14347141991e-06, 2.40218905674e-05, 1.11572690003e-05, 1.30313628688e-05, 2.26439215112e-06, 7.37557456887e-06, 2.29480770031e-06, 4.81448660139e-06, 8.68584436375e-07, 9.65212393567e-07, 3.88515218219e-07, 2.79340810039e-07, 1.80936297056e-07, 8.25052595133e-08, 2.28256240575e-08, 9.76115277496e-09, 8.33469915307e-09, 7.07578884374e-10, 1.33531762037e-11, 1.01346656687e-17, 2.71012141261e-18],
        "max": [0.000694933638442, 0.0157147049904, 0.00332437455654, 0.00415133591741, 0.0166629906744, 0.014784546569, 0.0346566364169, 0.11016202718, 0.0638960823417, 0.0726340860128, 0.0392313450575, 0.0646015703678, 0.0269846823066, 0.0496360622346, 0.014005289413, 0.0206457506865, 0.0104143191129, 0.0109057994559, 0.00652417633682, 0.00318460236304, 0.001440086402, 0.0013323398307, 0.00106055091601, 0.000324460881529, 4.05910031986e-05, 3.10809866733e-08, 1.11703934991e-08],
        "mean": [1.46549814417e-06, 9.43592385738e-05, 0.000207938574022, 0.00027009556652, 0.00270604901016, 0.00149685132783, 0.000591103511397, 0.00149891071487, 0.000666214094963, 0.00147633312736, 0.000375976815121, 0.00110129627865, 0.000436378468294, 0.000662473437842, 0.000267902039923, 0.000334171956638, 0.000452546490123, 0.000384798855521, 0.000344693922671, 0.000224146831897, 8.60495929373e-05, 3.75468625862e-05, 2.67541290668e-05, 6.89587523084e-06, 7.35001549401e-07, 8.84597950446e-10, 4.28176272216e-10],
        "median": [1.70450164205e-07, 2.92583463306e-05, 9.84019425232e-05, 0.000125777427456, 0.00190083426423, 0.000975450035185, 0.000247426331043, 0.000274308549706, 7.88584293332e-05, 5.70523770875e-05, 4.22088924097e-05, 6.85549457557e-05, 4.54687360616e-05, 7.38557500881e-05, 7.24841447663e-05, 0.000130148575408, 0.000207696168218, 0.000172825282789, 0.000141419382999, 9.11574315978e-05, 3.46708839061e-05, 1.16550918392e-05, 5.32944704901e-06, 1.48114907006e-06, 1.21900242789e-07, 3.05905106801e-10, 1.41682318655e-10],
        "min": [1.37816492943e-23, 1.88979139802e-23, 2.83675265042e-23, 1.05752421035e-23, 2.79490610375e-23, 5.89760932441e-23, 2.89593867533e-23, 1.12889352929e-22, 1.42033572948e-22, 4.51540132507e-23, 4.45187277865e-23, 7.43538195643e-23, 5.4232615823e-23, 1.13009234543e-22, 1.14590288502e-22, 1.17513933235e-22, 8.4321455755e-23, 1.84156536476e-22, 2.92469764092e-22, 3.00769590557e-22, 4.58961698038e-22, 5.01398173823e-22, 7.13896299057e-22, 7.26628488823e-22, 1.37335589451e-21, 1.60690880565e-21, 2.84242421954e-21],
        "var": [3.35995703482e-10, 1.79857934768e-07, 9.55487848842e-08, 1.63049804769e-07, 7.16437943993e-06, 2.63263950728e-06, 1.80888025625e-06, 1.95723278011e-05, 7.85418342275e-06, 3.13427044603e-05, 3.28523128701e-06, 1.77547244675e-05, 3.05629055219e-06, 6.54495306662e-06, 6.21599440365e-07, 9.26065069962e-07, 6.02227942181e-07, 4.66203573524e-07, 2.52188840477e-07, 1.08693406276e-07, 1.92034654845e-08, 6.65133592648e-09, 4.9292601112e-09, 3.06030090158e-10, 6.75335872294e-12, 4.36889543949e-18, 6.56312136466e-19]
    },
    "erbbands": {
        "dmean": [0.000946572341491, 0.0209491010755, 0.129320427775, 0.269556164742, 1.57534492016, 3.95766448975, 6.72723865509, 3.903891325, 3.50781774521, 7.16657924652, 18.6466274261, 9.22263717651, 13.9541654587, 17.5583171844, 9.18097305298, 18.4634494781, 10.6328287125, 14.9415302277, 13.3478517532, 6.47071361542, 10.1436958313, 10.297129631, 9.03373718262, 8.58191299438, 6.33466768265, 4.73244476318, 2.37543916702, 1.26140010357, 0.831556141376, 0.921147763729, 0.522613406181, 0.175928324461, 0.07848136127, 0.013615638949, 0.000403336656746, 2.60540546151e-05, 4.57251917396e-06, 1.39019800827e-06, 1.85049759693e-06, 3.73190550818e-06],
        "dmean2": [0.00159494695254, 0.0342155955732, 0.206768378615, 0.441882520914, 2.53022384644, 6.42472887039, 10.655456543, 6.41415882111, 5.65567874908, 10.5632209778, 28.6813697815, 14.2111301422, 19.71367836, 24.0363311768, 13.2375059128, 26.0980854034, 15.3340597153, 22.0436534882, 19.5911235809, 10.2438993454, 15.8034915924, 16.8703136444, 14.1896791458, 13.7296180725, 10.3527727127, 7.59400749207, 3.605864048, 1.98866808414, 1.30671918392, 1.46972441673, 0.813838064671, 0.278672039509, 0.125117659569, 0.02136820741, 0.000635418517049, 4.06560757256e-05, 7.05376351107e-06, 2.14984856939e-06, 2.74748254014e-06, 5.53998370378e-06],
        "dvar": [0.000104469894723, 0.0167556237429, 0.0699993744493, 0.175166532397, 7.35836744308, 33.9845542908, 108.078025818, 43.5220108032, 75.8039169312, 1155.48339844, 5062.5625, 2298.35107422, 2857.29077148, 6300.00097656, 1463.09436035, 5490.1328125, 2140.84130859, 5722.97265625, 3789.01635742, 793.714477539, 554.996398926, 354.144714355, 315.265655518, 238.205535889, 160.255523682, 73.5033569336, 26.5077552795, 6.86590909958, 4.80431699753, 8.3108921051, 2.37158799171, 0.289046674967, 0.0494028814137, 0.00230163219385, 1.91445201381e-06, 5.82838399765e-09, 9.57053394868e-11, 6.68659311948e-12, 9.43692346489e-12, 4.13449621761e-11],
        "dvar2": [0.000253240956226, 0.0476687774062, 0.18388903141, 0.462794423103, 18.1240367889, 90.6081771851, 280.946807861, 120.922973633, 174.443084717, 2372.82470703, 11977.5605469, 5065.95703125, 6155.39453125, 13147.6621094, 3324.38867188, 11859.8525391, 4741.58349609, 10542.7431641, 8246.46972656, 2015.17419434, 1167.83325195, 884.584106445, 650.287536621, 554.812194824, 379.677246094, 175.735031128, 61.6765861511, 16.0885505676, 11.205283165, 18.3899993896, 5.60025501251, 0.716199398041, 0.118142567575, 0.00548317469656, 4.57792657471e-06, 1.37597435668e-08, 2.16464846048e-10, 1.46942371465e-11, 1.88405211571e-11, 8.56909335156e-11],
        "max": [0.308095067739, 3.93313765526, 5.48359966278, 6.44634342194, 42.3419761658, 94.4152984619, 190.417770386, 109.707756042, 314.253936768, 1031.77490234, 1641.73095703, 1292.83813477, 1183.88098145, 2718.79516602, 1045.32995605, 3188.17016602, 1443.83203125, 2974.85571289, 2080.16845703, 966.682128906, 721.256958008, 346.269134521, 602.627075195, 314.985809326, 397.400939941, 192.964019775, 97.5190963745, 54.516746521, 35.619228363, 68.6346282959, 22.6554775238, 11.3015642166, 3.11909270287, 0.800250947475, 0.0219362825155, 0.00117899652105, 0.000159125323989, 3.88883490814e-05, 7.32888220227e-05, 0.000161436299095],
        "mean": [0.00107836117968, 0.0298460740596, 0.222351431847, 0.563598394394, 3.84210801125, 10.5141763687, 16.1871395111, 9.10710716248, 7.69143104553, 14.1513395309, 35.7219390869, 14.8496408463, 30.9447460175, 41.7253913879, 19.6978702545, 46.3620567322, 23.0561389923, 31.2862911224, 25.557800293, 11.2134771347, 23.4008140564, 24.5728263855, 21.140827179, 20.058177948, 14.5027389526, 10.7227640152, 5.26025438309, 2.5021905899, 1.34115159512, 1.22689807415, 0.654335260391, 0.206756696105, 0.0984292402864, 0.0183637402952, 0.000559280626476, 4.66996207251e-05, 1.21635430332e-05, 3.97823123421e-06, 8.25767619972e-06, 1.68367096194e-05],
        "median": [0.000315793819027, 0.0115669919178, 0.107555292547, 0.345482677221, 1.88068854809, 5.90066337585, 9.27311611176, 5.61373090744, 3.69576430321, 4.49685668945, 6.23292970657, 3.46636867523, 1.95455420017, 2.3666639328, 2.49366259575, 2.9975104332, 2.41102313995, 3.99247121811, 4.90862369537, 4.3124089241, 9.51603412628, 11.5120944977, 10.6227636337, 8.6301908493, 6.3404750824, 4.23008823395, 1.76420855522, 1.08608675003, 0.451485544443, 0.259165525436, 0.129704266787, 0.0405587181449, 0.0225620251149, 0.003929305356, 0.000140598160215, 1.86301549547e-05, 6.86666044203e-06, 2.18744480662e-06, 6.00972543907e-06, 1.22394958453e-05],
        "min": [8.16059163159e-22, 3.618100924e-21, 2.68899453476e-20, 4.16486892449e-20, 4.72562920202e-20, 1.46694471652e-19, 2.4308532437e-19, 5.68572675302e-19, 5.05397634898e-19, 1.25452672562e-18, 2.49387778893e-18, 3.75437799934e-18, 1.16572950725e-18, 1.76185603404e-18, 1.71531161495e-18, 3.08397892535e-18, 2.74392063283e-18, 4.56161032424e-18, 7.49083843944e-18, 4.30936697312e-18, 6.69147591089e-18, 4.91850443057e-18, 8.45244913642e-18, 1.41652975908e-17, 1.42146538036e-17, 1.57043581103e-17, 1.39841036776e-17, 2.09986697183e-17, 1.6377807206e-17, 2.07224443333e-17, 2.24219414957e-17, 1.35618776057e-17, 1.3808463455e-17, 1.63019431633e-17, 8.84384122378e-18, 5.6705046652e-18, 3.05128461164e-18, 1.28945742552e-18, 4.30395643643e-19, 3.92746033387e-20],
        "var": [8.89981820364e-05, 0.0115111768246, 0.125230446458, 0.472235113382, 28.2480678558, 167.30770874, 389.849121094, 126.255615234, 183.096557617, 2060.99438477, 9307.49414062, 3151.16186523, 9957.97851562, 29335.2636719, 3122.41967773, 34706.9414062, 6889.125, 16178.6376953, 8143.43554688, 920.640808105, 3505.10131836, 1300.54370117, 1184.72814941, 817.275268555, 519.685424805, 249.841445923, 78.284828186, 14.4544229507, 7.11545276642, 12.0020618439, 3.0293815136, 0.296441525221, 0.05597044155, 0.00302717229351, 2.50286211667e-06, 8.22887891161e-09, 2.20527845984e-10, 2.17836824967e-11, 7.24603571589e-11, 3.08832293072e-10]
    },
    "gfcc": {
        "mean": [-103.303970337, 140.539749146, -184.467208862, 48.2773094177, -71.2729415894, -23.5094833374, -37.8146820068, -22.1314296722, -12.3365573883, -28.6482982635, 4.26223134995, -21.439781189, 3.06276297569],
        "cov": [[7244.43359375, -259.57901001, -919.109436035, -27.9794979095, -528.840454102, -237.331115723, 185.901077271, -155.159790039, -35.6722564697, -170.000732422, -55.8049240112, -99.3285675049, -170.011001587], [-259.57901001, 648.286132812, 190.491104126, -324.277648926, 156.446014404, -161.203201294, 46.5095863342, -45.2266426086, -83.0922470093, -39.4293899536, 11.277089119, -45.6439666748, 16.2130908966], [-919.109436035, 190.491104126, 604.524230957, 279.443847656, 35.2163085938, 45.3394966125, -159.919418335, 18.8429603577, 62.8327903748, -51.7344398499, 0.199224919081, 16.6745243073, 4.22090339661], [-27.9794979095, -324.277648926, 279.443847656, 899.62298584, -4.1577706337, 77.7553710938, -209.962692261, 47.2076148987, 223.187042236, -42.4196014404, -6.35836458206, 70.2040481567, -61.992805481], [-528.840454102, 156.446014404, 35.2163085938, -4.1577706337, 220.608566284, -7.93055868149, 16.4716873169, 11.339017868, -24.3684597015, 13.451256752, 7.00644254684, -4.84462308884, 9.53873538971], [-237.331115723, -161.203201294, 45.3394966125, 77.7553710938, -7.93055868149, 392.771606445, 119.197494507, -0.281623780727, -22.0433158875, 2.0500202179, 11.9195041656, 10.0194530487, -27.3457431793], [185.901077271, 46.5095863342, -159.919418335, -209.962692261, 16.4716873169, 119.197494507, 268.42767334, -4.83823490143, -92.4720153809, 11.1622905731, -11.4638834, -23.7021713257, -6.55926179886], [-155.159790039, -45.2266426086, 18.8429603577, 47.2076148987, 11.339017868, -0.281623780727, -4.83823490143, 136.290237427, 47.5124130249, 5.73507452011, -4.33412981033, -2.27902817726, 12.3558635712], [-35.6722564697, -83.0922470093, 62.8327903748, 223.187042236, -24.3684597015, -22.0433158875, -92.4720153809, 47.5124130249, 160.896713257, 7.73605108261, 0.597184300423, 18.5681400299, -24.3064250946], [-170.000732422, -39.4293899536, -51.7344398499, -42.4196014404, 13.451256752, 2.0500202179, 11.1622905731, 5.73507452011, 7.73605108261, 86.4705505371, 14.4970502853, -14.8498058319, 8.14416599274], [-55.8049240112, 11.277089119, 0.199224919081, -6.35836458206, 7.00644254684, 11.9195041656, -11.4638834, -4.33412981033, 0.597184300423, 14.4970502853, 62.6681518555, 25.1953868866, -21.6803722382], [-99.3285675049, -45.6439666748, 16.6745243073, 70.2040481567, -4.84462308884, 10.0194530487, -23.7021713257, -2.27902817726, 18.5681400299, -14.8498058319, 25.1953868866, 66.1215286255, 5.43161058426], [-170.011001587, 16.2130908966, 4.22090339661, -61.992805481, 9.53873538971, -27.3457431793, -6.55926179886, 12.3558635712, -24.3064250946, 8.14416599274, -21.6803722382, 5.43161058426, 82.1175537109]],
        "icov": [[0.000318913283991, -0.000419285788666, 0.000773967884015, -0.000455293105915, 0.000925888074562, 5.45843213331e-05, -1.89796392078e-05, 8.59719802975e-05, 0.000215175066842, 0.000630390015431, -0.000153790097102, 0.000659158278722, 0.000172687345184], [-0.000419285788666, 0.00733178202063, -0.00489296857268, 0.00346971745603, -0.0054412856698, 0.00333850528114, -0.00342572107911, 0.00269483402371, -0.00309840776026, 0.00407362310216, -0.00451900949702, 0.00354120391421, -0.00112850184087], [0.000773967884015, -0.00489296857268, 0.00653021689504, -0.00318494066596, 0.00412531802431, -0.0025395154953, 0.00335635920055, -0.00145951460581, 0.00209618592635, 0.000313017721055, 0.00155981688295, 0.000248985510552, -2.40330336965e-05], [-0.000455293105915, 0.00346971745603, -0.00318494066596, 0.00436548935249, -0.00356725696474, 0.00052838458214, -0.000155417103088, 0.000948068045545, -0.00365369045176, 0.00128058600239, 0.000544577313121, -0.00148582155816, 0.00130051036831], [0.000925888074562, -0.0054412856698, 0.00412531802431, -0.00356725696474, 0.0103111425415, -0.00141944212373, 0.00135704211425, -0.00212529720739, 0.00375149981119, -0.00226743426174, 0.00151693332009, -0.0004249777121, 0.000607816502452], [5.45843213331e-05, 0.00333850528114, -0.0025395154953, 0.00052838458214, -0.00141944212373, 0.00541608082131, -0.00426604086533, 0.00137485878076, -0.000611171126366, 0.00181629299186, -0.00317283021286, 0.0018411136698, 8.36410326883e-05], [-1.89796392078e-05, -0.00342572107911, 0.00335635920055, -0.000155417103088, 0.00135704211425, -0.00426604086533, 0.0095330318436, -0.00280104391277, 0.00406203232706, -0.00306230969727, 0.00592677341774, -0.00336150988005, 0.00324505660683], [8.59719802975e-05, 0.00269483402371, -0.00145951460581, 0.000948068045545, -0.00212529720739, 0.00137485878076, -0.00280104391277, 0.0103114116937, -0.00535034388304, 0.00321501051076, -0.003916435875, 0.00437204912305, -0.00385958771221], [0.000215175066842, -0.00309840776026, 0.00209618592635, -0.00365369045176, 0.00375149981119, -0.000611171126366, 0.00406203232706, -0.00535034388304, 0.0149693153799, -0.00589365558699, 0.00553411152214, -0.00491220457479, 0.00548279099166], [0.000630390015431, 0.00407362310216, 0.000313017721055, 0.00128058600239, -0.00226743426174, 0.00181629299186, -0.00306230969727, 0.00321501051076, -0.00589365558699, 0.021433269605, -0.0127448514104, 0.0127500286326, -0.00648701004684], [-0.000153790097102, -0.00451900949702, 0.00155981688295, 0.000544577313121, 0.00151693332009, -0.00317283021286, 0.00592677341774, -0.003916435875, 0.00553411152214, -0.0127448514104, 0.0337264239788, -0.0201479773968, 0.0138737494126], [0.000659158278722, 0.00354120391421, 0.000248985510552, -0.00148582155816, -0.0004249777121, 0.0018411136698, -0.00336150988005, 0.00437204912305, -0.00491220457479, 0.0127500286326, -0.0201479773968, 0.0315206833184, -0.0108556598425], [0.000172687345184, -0.00112850184087, -2.40330336965e-05, 0.00130051036831, 0.000607816502452, 8.36410326883e-05, 0.00324505660683, -0.00385958771221, 0.00548279099166, -0.00648701004684, 0.0138737494126, -0.0108556598425, 0.0211853869259]]
    },
    "melbands": {
        "dmean": [1.3621753169e-05, 5.29188473593e-05, 7.55472938181e-05, 0.000196049950318, 0.000214714556932, 9.09066293389e-05, 5.4875137721e-05, 9.63596467045e-05, 0.000145954458276, 5.42935231351e-05, 7.49317041482e-05, 7.76339511503e-05, 2.8618842407e-05, 5.34904611413e-05, 3.67918109987e-05, 2.57555748249e-05, 3.01584950648e-05, 2.57580632024e-05, 1.00192792161e-05, 1.01015375549e-05, 1.39699050123e-05, 1.21130196931e-05, 1.20234262795e-05, 7.2077191362e-06, 7.82099414209e-06, 5.48572234038e-06, 4.63358310299e-06, 3.16810428558e-06, 1.77657011591e-06, 1.16967225949e-06, 6.75599721944e-07, 4.90926197472e-07, 4.75191967553e-07, 5.33571324013e-07, 3.4219368672e-07, 1.70201730043e-07, 9.11196664788e-08, 6.72024853543e-08, 2.819015954e-08, 5.18710452369e-09],
        "dmean2": [2.2042706405e-05, 8.48789422889e-05, 0.000120906588563, 0.000312997814035, 0.000341514940374, 0.00014888131409, 8.98444777704e-05, 0.000140186457429, 0.000223887909669, 8.3791797806e-05, 0.000105120518128, 0.000106325402157, 4.01795768994e-05, 7.90846970631e-05, 5.33359088877e-05, 3.69362096535e-05, 4.40783041995e-05, 3.75006420654e-05, 1.55320667545e-05, 1.59140527103e-05, 2.21032823902e-05, 2.01206676138e-05, 1.95985157916e-05, 1.11375820779e-05, 1.26142676891e-05, 9.00054146769e-06, 7.65838649386e-06, 5.06302330905e-06, 2.70141458714e-06, 1.84397174507e-06, 1.07712571662e-06, 7.84968108292e-07, 7.49867069771e-07, 8.50895219173e-07, 5.37158484804e-07, 2.77481433386e-07, 1.46586316419e-07, 1.09550136074e-07, 4.33779376863e-08, 8.47981329599e-09],
        "dvar": [1.40057858644e-08, 2.17285549553e-08, 1.65986264733e-08, 8.60908144773e-08, 9.09981352493e-08, 2.0218363872e-08, 2.22386074e-08, 2.23422460977e-07, 3.15618393643e-07, 7.74534854031e-08, 8.26968857837e-08, 1.18917910186e-07, 1.70897926921e-08, 4.96631464841e-08, 2.77205387533e-08, 1.09225961609e-08, 2.35520882796e-08, 1.67313665145e-08, 1.00777231005e-09, 2.88704193885e-09, 1.05343656021e-09, 5.42784039936e-10, 5.37618560781e-10, 2.42479036849e-10, 1.99863237071e-10, 1.37747244167e-10, 7.64225557837e-11, 3.98055303996e-11, 1.50652459258e-11, 6.43338377362e-12, 2.02347925742e-12, 1.60065060165e-12, 1.82623512666e-12, 2.88909998356e-12, 1.09608470304e-12, 2.53232520673e-13, 7.52520468899e-14, 3.49746985117e-14, 9.51695641646e-15, 4.44774194807e-16],
        "dvar2": [3.73456963132e-08, 5.91854352194e-08, 4.17706509381e-08, 2.23377526254e-07, 2.38788970819e-07, 5.69325493416e-08, 4.87014162331e-08, 4.64412977408e-07, 7.36340268759e-07, 1.7220598636e-07, 1.76334964408e-07, 2.51988836908e-07, 2.94401232281e-08, 1.15214021434e-07, 5.568350403e-08, 2.20587281774e-08, 4.38845866313e-08, 3.67175090332e-08, 2.11872230871e-09, 7.38408356682e-09, 2.31604158074e-09, 1.36860922595e-09, 1.27764454572e-09, 5.05279429408e-10, 4.74537742434e-10, 3.12496778454e-10, 2.06626063481e-10, 9.26726542727e-11, 3.37237529568e-11, 1.57881589746e-11, 4.76847988179e-12, 3.85683152082e-12, 4.12588756563e-12, 6.47097349663e-12, 2.59449449772e-12, 6.33753357952e-13, 1.87172014541e-13, 8.59248178793e-14, 2.25988644437e-14, 1.09848431265e-15],
        "max": [0.0037282789126, 0.00393015984446, 0.00184485618956, 0.00447201682255, 0.00554996961728, 0.00217109941877, 0.00482521392405, 0.0172815602273, 0.0110807809979, 0.00697603868321, 0.00654800049961, 0.0120458165184, 0.0043716467917, 0.00647951709107, 0.00619203597307, 0.00259976554662, 0.00619057565928, 0.00438310205936, 0.000946485961322, 0.00202243472449, 0.00107576546725, 0.000501256086864, 0.000829116324894, 0.00039725707029, 0.000279676693026, 0.000399501150241, 0.000128921325086, 0.000153381814016, 8.58827188495e-05, 3.93037116737e-05, 3.22027153743e-05, 2.11369078897e-05, 2.11996011785e-05, 4.58930771856e-05, 1.71994706761e-05, 7.66164885135e-06, 5.77974105909e-06, 2.27216628446e-06, 1.55351199282e-06, 3.57801923201e-07],
        "mean": [1.69344875758e-05, 8.87560599949e-05, 0.000167853359017, 0.000521786161698, 0.000542299414519, 0.00021529966034, 0.000119196687592, 0.000186343007954, 0.00027683400549, 8.48548588692e-05, 0.000162662661751, 0.000184315184015, 5.37581181561e-05, 0.000120555254398, 7.97066604719e-05, 4.94540399814e-05, 5.71819182369e-05, 4.62908428744e-05, 1.54487061081e-05, 1.55779780471e-05, 3.09220886265e-05, 2.56503681157e-05, 2.408272303e-05, 1.56276510097e-05, 1.65821420524e-05, 1.18513862617e-05, 8.77926413523e-06, 6.77157095197e-06, 3.65432447325e-06, 2.08668438972e-06, 1.2181353668e-06, 7.63441050822e-07, 6.31934938156e-07, 6.95770381753e-07, 4.20424186132e-07, 1.90362797525e-07, 1.02011462388e-07, 7.94422874151e-08, 3.74610955589e-08, 6.31445162824e-09],
        "median": [5.11986945639e-06, 4.17196242779e-05, 8.32996884128e-05, 0.000277174520306, 0.000373499002308, 0.000139897165354, 5.57315033802e-05, 5.42626003153e-05, 4.391136099e-05, 1.2073898688e-05, 8.55945927469e-06, 8.0761310528e-06, 6.99105839885e-06, 8.14721443021e-06, 6.05537707088e-06, 4.99008183397e-06, 6.56201473248e-06, 6.65628613206e-06, 4.93049947181e-06, 6.05662216913e-06, 1.17230028991e-05, 1.11770268632e-05, 1.06360175778e-05, 7.3226974564e-06, 6.68556140226e-06, 4.44311990577e-06, 3.86576721212e-06, 2.32569459513e-06, 1.10139581011e-06, 8.33708384107e-07, 4.71984407113e-07, 2.3953268169e-07, 1.51435656903e-07, 1.28402035671e-07, 7.64939471765e-08, 3.57887088853e-08, 1.81878867522e-08, 1.75302972139e-08, 7.27512183829e-09, 1.00012809146e-09],
        "min": [6.79995102629e-24, 1.10293230623e-23, 6.71887269131e-24, 7.4732114656e-24, 7.57888175044e-24, 1.2149361975e-23, 6.76159976452e-24, 1.64557394571e-23, 2.46729138095e-23, 2.0351379154e-23, 5.38963259968e-24, 7.25338196372e-24, 6.34502519744e-24, 6.00127629698e-24, 7.72049569356e-24, 5.92312187495e-24, 9.15203526738e-24, 1.33043284932e-23, 6.78229789695e-24, 7.85070349685e-24, 7.30690617614e-24, 4.77179949973e-24, 6.25733541922e-24, 8.21477542639e-24, 1.17861522704e-23, 1.09476246826e-23, 8.97164486646e-24, 1.08821831485e-23, 6.8386848856e-24, 1.31259157665e-23, 1.1205710783e-23, 9.23673210733e-24, 9.0639005716e-24, 1.18830370114e-23, 1.46280560248e-23, 9.10294760869e-24, 7.75169356464e-24, 9.32972066425e-24, 1.24474086134e-23, 1.40769073093e-23],
        "var": [1.02130810475e-08, 2.65007447098e-08, 5.57918902189e-08, 4.17319768076e-07, 3.22049658052e-07, 5.95644422674e-08, 5.12963005406e-08, 4.05547581295e-07, 6.00935607054e-07, 1.12043210265e-07, 3.03904357679e-07, 5.96201630287e-07, 4.20905905685e-08, 1.99029926762e-07, 1.20680226701e-07, 3.2447125875e-08, 6.53463843037e-08, 3.5300452339e-08, 1.86073123576e-09, 2.89811374898e-09, 6.8796404129e-09, 1.7243961814e-09, 2.22351403956e-09, 7.28997529009e-10, 5.98384675143e-10, 4.97810959121e-10, 1.55734203311e-10, 1.25720461819e-10, 4.68331172454e-11, 1.24311594005e-11, 3.82447025438e-12, 2.29338878617e-12, 2.50613657431e-12, 4.33038414155e-12, 1.38426021947e-12, 2.48079687218e-13, 7.56744656088e-14, 3.68333056384e-14, 1.1807003163e-14, 5.64202081661e-16]
    },
    "mfcc": {
        "mean": [-712.178344727, 136.654876709, -42.0123748779, 41.5883026123, -10.8413391113, -9.95391178131, -14.9680147171, -7.5006403923, -17.6717433929, -7.93862962723, -12.342587471, -3.01480150223, -7.9893488884],
        "cov": [[7008.25878906, -497.026672363, -660.541564941, 237.164672852, -737.865356445, 28.1177139282, -277.343811035, 202.396850586, -271.223144531, 174.15586853, -120.626731873, 120.106735229, -185.853134155], [-497.026672363, 1140.12145996, -156.715148926, -261.574310303, -70.52394104, -205.070831299, 224.934890747, -181.747314453, 28.1398830414, -162.242416382, 35.1012916565, -36.2973518372, -112.170227051], [-660.541564941, -156.715148926, 649.842346191, 178.131500244, 240.960357666, 98.6828308105, -132.464935303, 110.131835938, -8.62151908875, 22.4377365112, -47.9009513855, -0.719563066959, 126.200645447], [237.164672852, -261.574310303, 178.131500244, 515.626098633, 215.060653687, -14.0545864105, -218.770217896, 66.7341690063, -11.8332033157, 57.4331741333, -63.966003418, 45.7928695679, 107.838775635], [-737.865356445, -70.52394104, 240.960357666, 215.060653687, 351.552978516, -4.27143239975, -103.515129089, 30.8709850311, 15.9143772125, 16.3495693207, -19.873708725, 6.93077659607, 113.695793152], [28.1177139282, -205.070831299, 98.6828308105, -14.0545864105, -4.27143239975, 291.31854248, 72.9873886108, 93.9547119141, -15.8686971664, 41.2714958191, 6.78023195267, -30.1304950714, 28.2489280701], [-277.343811035, 224.934890747, -132.464935303, -218.770217896, -103.515129089, 72.9873886108, 324.045928955, -4.63946723938, 56.7046318054, -50.7375297546, 43.4551086426, -20.0908946991, -65.8170700073], [202.396850586, -181.747314453, 110.131835938, 66.7341690063, 30.8709850311, 93.9547119141, -4.63946723938, 190.970031738, 0.157845601439, 45.8022232056, -25.6952285767, 22.7562065125, 62.3221282959], [-271.223144531, 28.1398830414, -8.62151908875, -11.8332033157, 15.9143772125, -15.8686971664, 56.7046318054, 0.157845601439, 131.208496094, 12.7150936127, 4.86040258408, -4.44201755524, -17.4226131439], [174.15586853, -162.242416382, 22.4377365112, 57.4331741333, 16.3495693207, 41.2714958191, -50.7375297546, 45.8022232056, 12.7150936127, 136.790786743, -8.32998085022, 13.1586647034, 33.2778511047], [-120.626731873, 35.1012916565, -47.9009513855, -63.966003418, -19.873708725, 6.78023195267, 43.4551086426, -25.6952285767, 4.86040258408, -8.32998085022, 115.680404663, 9.94817066193, -17.7710552216], [120.106735229, -36.2973518372, -0.719563066959, 45.7928695679, 6.93077659607, -30.1304950714, -20.0908946991, 22.7562065125, -4.44201755524, 13.1586647034, 9.94817066193, 82.2849807739, 26.7114963531], [-185.853134155, -112.170227051, 126.200645447, 107.838775635, 113.695793152, 28.2489280701, -65.8170700073, 62.3221282959, -17.4226131439, 33.2778511047, -17.7710552216, 26.7114963531, 131.115615845]],
