{
"lowlevel": {
    "average_loudness": 0.883034229279,
    "barkbands_crest": {
        "dmean": 2.5501832962,
        "dmean2": 4.18527030945,
        "dvar": 6.81858158112,
        "dvar2": 16.9310932159,
        "max": 26.0073833466,
        "mean": 11.8833885193,
        "median": 10.1396303177,
        "min": 2.81665968895,
        "var": 34.8819847107
    },
    "barkbands_flatness_db": {
        "dmean": 0.0265028420836,
        "dmean2": 0.0391019098461,
        "dvar": 0.000800490495749,
        "dvar2": 0.00160296005197,
        "max": 0.488460868597,
        "mean": 0.190688610077,
        "median": 0.177204936743,
        "min": 0.0764073058963,
        "var": 0.00432128971443
    },
    "barkbands_kurtosis": {
        "dmean": 5.70458602905,
        "dmean2": 9.21776390076,
        "dvar": 322.900939941,
        "dvar2": 786.705688477,
        "max": 405.490356445,
        "mean": 7.81899690628,
        "median": 1.50216674805,
        "min": -1.73306524754,
        "var": 482.447631836
    },
    "barkbands_skewness": {
        "dmean": 0.704658210278,
        "dmean2": 1.0957608223,
        "dvar": 1.02036225796,
        "dvar2": 2.2855682373,
        "max": 16.8113899231,
        "mean": 1.73500669003,
        "median": 1.24714040756,
        "min": -2.08509874344,
        "var": 3.8111717701
    },
    "barkbands_spread": {
        "dmean": 4.7644071579,
        "dmean2": 7.32064199448,
        "dvar": 31.6437835693,
        "dvar2": 70.285118103,
        "max": 57.5924530029,
        "mean": 17.0995502472,
        "median": 15.7775812149,
        "min": 0.189434692264,
        "var": 100.119689941
    },
    "dissonance": {
        "dmean": 0.0165652837604,
        "dmean2": 0.0274038482457,
        "dvar": 0.00027679768391,
        "dvar2": 0.00071799417492,
        "max": 0.499866068363,
        "mean": 0.469398319721,
        "median": 0.475892156363,
        "min": 0.332875341177,
        "var": 0.00060120143462
    },
    "dynamic_complexity": 3.64796376228,
    "erbbands_crest": {
        "dmean": 2.52919793129,
        "dmean2": 4.21454429626,
        "dvar": 5.38226318359,
        "dvar2": 14.6389522552,
        "max": 24.9921741486,
        "mean": 8.63693332672,
        "median": 7.89106321335,
        "min": 3.04712438583,
        "var": 11.284740448
    },
    "erbbands_flatness_db": {
        "dmean": 0.0192833188921,
        "dmean2": 0.0278838742524,
        "dvar": 0.000359498691978,
        "dvar2": 0.000728807412088,
        "max": 0.362030565739,
        "mean": 0.202530920506,
        "median": 0.200544267893,
        "min": 0.0929834023118,
        "var": 0.00152551417705
    },
    "erbbands_kurtosis": {
        "dmean": 0.932652533054,
        "dmean2": 1.5012191534,
        "dvar": 1.30066072941,
        "dvar2": 3.24130010605,
        "max": 11.3543796539,
        "mean": 0.84071546793,
        "median": 0.366065740585,
        "min": -1.53296113014,
        "var": 3.18138980865
    },
    "erbbands_skewness": {
        "dmean": 0.342655777931,
        "dmean2": 0.529445111752,
        "dvar": 0.115624479949,
        "dvar2": 0.2695928514,
        "max": 2.96573877335,
        "mean": 0.0225710980594,
        "median": 0.0191886648536,
        "min": -2.5106742382,
        "var": 0.412524938583
    },
    "erbbands_spread": {
        "dmean": 6.77715539932,
        "dmean2": 10.7192249298,
        "dvar": 62.130443573,
        "dvar2": 145.311965942,
        "max": 90.8511810303,
        "mean": 27.8073387146,
        "median": 25.4608669281,
        "min": 2.52744245529,
        "var": 174.444747925
    },
    "hfc": {
        "dmean": 7.15710020065,
        "dmean2": 9.82207012177,
        "dvar": 136.343261719,
        "dvar2": 290.157989502,
        "max": 202.420944214,
        "mean": 18.2948417664,
        "median": 12.4981002808,
        "min": 0.00104018719867,
        "var": 381.129516602
    },
    "melbands_crest": {
        "dmean": 3.08943009377,
        "dmean2": 4.90870857239,
        "dvar": 9.66098499298,
        "dvar2": 23.08319664,
        "max": 35.4940795898,
        "mean": 17.5030002594,
        "median": 15.6778230667,
        "min": 3.53799819946,
        "var": 68.5476455688
    },
    "melbands_flatness_db": {
        "dmean": 0.0331887975335,
        "dmean2": 0.0464811585844,
        "dvar": 0.00125720526557,
        "dvar2": 0.00226632063277,
        "max": 0.611435890198,
        "mean": 0.234470099211,
        "median": 0.219343855977,
        "min": 0.0606207922101,
        "var": 0.0087223527953
    },
    "melbands_kurtosis": {
        "dmean": 11.0548057556,
        "dmean2": 17.781375885,
        "dvar": 942.212768555,
        "dvar2": 2432.72045898,
        "max": 688.947814941,
        "mean": 18.0093631744,
        "median": 5.06675720215,
        "min": -1.61182618141,
        "var": 1370.66455078
    },
    "melbands_skewness": {
        "dmean": 0.861781060696,
        "dmean2": 1.34232831001,
        "dvar": 1.2826603651,
        "dvar2": 2.81214404106,
        "max": 15.5634622574,
        "mean": 2.76097035408,
        "median": 2.06982135773,
        "min": -1.78764104843,
        "var": 5.88961029053
    },
    "melbands_spread": {
        "dmean": 6.13062524796,
        "dmean2": 9.4681558609,
        "dvar": 53.005695343,
        "dvar2": 115.164573669,
        "max": 82.5606765747,
        "mean": 20.5450630188,
        "median": 17.9719429016,
        "min": 0.27405667305,
        "var": 205.074172974
    },
    "pitch_salience": {
        "dmean": 0.0728299245238,
        "dmean2": 0.119025528431,
        "dvar": 0.00494435196742,
        "dvar2": 0.011467342265,
        "max": 0.85156673193,
        "mean": 0.504847705364,
        "median": 0.538074433804,
        "min": 0.0911093279719,
        "var": 0.0295177474618
    },
    "silence_rate_20dB": {
        "dmean": 0.0193498451263,
        "dmean2": 0.0387146733701,
        "dvar": 0.0189753826708,
        "dvar2": 0.0434095971286,
        "max": 1,
        "mean": 0.979497075081,
        "median": 1,
        "min": 0,
        "var": 0.0200823750347
    },
    "silence_rate_30dB": {
        "dmean": 0.0487616099417,
        "dmean2": 0.0975609719753,
        "dvar": 0.0463843755424,
        "dvar2": 0.105079911649,
        "max": 1,
        "mean": 0.846808493137,
        "median": 1,
        "min": 0,
        "var": 0.12972381711
    },
    "silence_rate_60dB": {
        "dmean": 0.0317337475717,
        "dmean2": 0.0634920671582,
        "dvar": 0.0307267401367,
        "dvar2": 0.0695248693228,
        "max": 1,
        "mean": 0.0959381014109,
        "median": 0,
        "min": 0,
        "var": 0.0867321640253
    },
    "spectral_centroid": {
        "dmean": 231.780288696,
        "dmean2": 341.833496094,
        "dvar": 77654.953125,
        "dvar2": 158736.734375,
        "max": 3367.34082031,
        "mean": 1172.37011719,
        "median": 1104.14331055,
        "min": 145.089859009,
        "var": 259548.046875
    },
    "spectral_complexity": {
        "dmean": 3.94736838341,
        "dmean2": 5.51916360855,
        "dvar": 19.2041530609,
        "dvar2": 33.4092483521,
        "max": 59,
        "mean": 19.647195816,
        "median": 19,
        "min": 0,
        "var": 99.5149383545
    },
    "spectral_decrease": {
        "dmean": 5.44574962902e-09,
        "dmean2": 8.2904048071e-09,
        "dvar": 1.49100020097e-16,
        "dvar2": 3.14848049255e-16,
        "max": -3.55611969993e-13,
        "mean": -1.41096014872e-08,
        "median": -6.2301062087e-09,
        "min": -1.46127590028e-07,
        "var": 4.6667031413e-16
    },
    "spectral_energy": {
        "dmean": 0.0210259407759,
        "dmean2": 0.0319041237235,
        "dvar": 0.00216095265932,
        "dvar2": 0.00455342326313,
        "max": 0.557650268078,
        "mean": 0.0549122616649,
        "median": 0.025233456865,
        "min": 1.46642014442e-06,
        "var": 0.00679606758058
    },
    "spectral_energyband_high": {
        "dmean": 0.000295830337564,
        "dmean2": 0.000433279259596,
        "dvar": 8.252896464e-07,
        "dvar2": 2.09495442505e-06,
        "max": 0.0190992765129,
        "mean": 0.000390988949221,
        "median": 0.00011383650417,
        "min": 1.05926325489e-08,
        "var": 8.90467845238e-07
    },
    "spectral_energyband_low": {
        "dmean": 0.018008152023,
        "dmean2": 0.0279725175351,
        "dvar": 0.00208145868964,
        "dvar2": 0.00445976154879,
        "max": 0.526229202747,
        "mean": 0.0394679047167,
        "median": 0.00745742721483,
        "min": 5.83012180755e-08,
        "var": 0.00616195192561
    },
    "spectral_energyband_middle_high": {
        "dmean": 0.00272297742777,
        "dmean2": 0.00389409298077,
        "dvar": 1.52826851263e-05,
        "dvar2": 3.10789691866e-05,
        "max": 0.0720232054591,
        "mean": 0.00670384056866,
        "median": 0.00435582501814,
        "min": 1.31889493105e-07,
        "var": 5.24576025782e-05
    },
    "spectral_energyband_middle_low": {
        "dmean": 0.00349953421392,
        "dmean2": 0.00532039348036,
        "dvar": 3.18844540743e-05,
        "dvar2": 6.88821164658e-05,
        "max": 0.106760717928,
        "mean": 0.0090262722224,
        "median": 0.00569368386641,
        "min": 4.83091582737e-07,
        "var": 9.62953199632e-05
    },
    "spectral_entropy": {
        "dmean": 0.178550317883,
        "dmean2": 0.248142793775,
        "dvar": 0.0410631746054,
        "dvar2": 0.0727123469114,
        "max": 8.37550830841,
        "mean": 7.4397854805,
        "median": 7.47010755539,
        "min": 5.93629741669,
        "var": 0.139263555408
    },
    "spectral_flux": {
        "dmean": 0.0317379310727,
        "dmean2": 0.0506717041135,
        "dvar": 0.00288509693928,
        "dvar2": 0.00731464289129,
        "max": 0.586725592613,
        "mean": 0.0895437896252,
        "median": 0.0723562538624,
        "min": 0.00121095834766,
        "var": 0.00492050359026
    },
    "spectral_kurtosis": {
        "dmean": 3.13250017166,
        "dmean2": 5.24826478958,
        "dvar": 14.4439191818,
        "dvar2": 40.4109573364,
        "max": 43.4792671204,
        "mean": 6.19523477554,
        "median": 4.80747032166,
        "min": -0.326102018356,
        "var": 24.5149555206
    },
    "spectral_rms": {
        "dmean": 0.00114727159962,
        "dmean2": 0.00168195553124,
        "dvar": 3.20822778122e-06,
        "dvar2": 6.48859167995e-06,
        "max": 0.0233248583972,
        "mean": 0.00596096878871,
        "median": 0.00496165361255,
        "min": 3.78239856218e-05,
        "var": 1.80398310476e-05
    },
    "spectral_rolloff": {
        "dmean": 296.650299072,
        "dmean2": 479.750579834,
        "dvar": 205456.53125,
        "dvar2": 480872.90625,
        "max": 7084.42382812,
        "mean": 1058.37963867,
        "median": 1033.59375,
        "min": 64.599609375,
        "var": 586225.25
    },
    "spectral_skewness": {
        "dmean": 0.323964685202,
        "dmean2": 0.529521524906,
        "dvar": 0.115087680519,
        "dvar2": 0.290984869003,
        "max": 4.72212934494,
        "mean": 1.74598264694,
        "median": 1.65574729443,
        "min": 0.303050041199,
        "var": 0.275563269854
    },
    "spectral_spread": {
        "dmean": 478459.40625,
        "dmean2": 663460,
        "dvar": 318435131392,
        "dvar2": 674180562944,
        "max": 10054538,
        "mean": 3228012.5,
        "median": 3108429,
        "min": 1119829.125,
        "var": 848560586752
    },
    "spectral_strongpeak": {
        "dmean": 0.333131462336,
        "dmean2": 0.566113173962,
        "dvar": 0.303792744875,
        "dvar2": 0.843603491783,
        "max": 6.06082344055,
        "mean": 0.639077663422,
        "median": 0.474845051765,
        "min": 0,
        "var": 0.387049138546
    },
    "zerocrossingrate": {
        "dmean": 0.00770384585485,
        "dmean2": 0.00865995045751,
        "dvar": 6.22078878223e-05,
        "dvar2": 7.60479306336e-05,
        "max": 0.14404296875,
        "mean": 0.0415524505079,
        "median": 0.0390625,
        "min": 0.001953125,
        "var": 0.000551196280867
    },
    "barkbands": {
        "dmean": [0.00171968271025, 0.0161534529179, 0.00182457268238, 0.00119692203589, 0.00182526675053, 0.000677639502101, 0.000685204926413, 0.000587533228099, 0.000402193400078, 0.000547460862435, 0.000577407772653, 0.000565988011658, 0.000653899740428, 0.000569721101783, 0.000463935895823, 0.000244049646426, 0.00018835181254, 0.000151762520545, 0.000110690263682, 0.000180291128345, 7.04228295945e-05, 5.96721838519e-05, 6.78722935845e-05, 6.51260415907e-05, 1.33231442305e-05, 1.08596287518e-08, 1.95567273487e-09],
        "dmean2": [0.00267331884243, 0.0252502597868, 0.00294402847067, 0.00199183658697, 0.00299181556329, 0.00105223502032, 0.00107284903061, 0.00088289094856, 0.000629121030215, 0.000850362819619, 0.000953314593062, 0.000907232286409, 0.00106428784784, 0.000908759480808, 0.000723615055904, 0.00037773718941, 0.000288873910904, 0.000235926258028, 0.000168262035004, 0.000282469816739, 0.000103633588878, 9.42819824559e-05, 0.000107024156023, 9.71931003733e-05, 2.01612583624e-05, 1.7606959446e-08, 3.51402551502e-09],
        "dvar": [1.50428795678e-05, 0.00183528091293, 1.2284258446e-05, 9.26588018046e-06, 8.9232580649e-06, 1.88798424006e-06, 2.45680598709e-06, 1.26159261526e-06, 4.30320994838e-07, 8.87760961632e-07, 1.24314419736e-06, 1.06105653686e-06, 1.56995020006e-06, 1.50583048253e-06, 9.06217508145e-07, 2.01131186373e-07, 1.1884732487e-07, 1.09129167924e-07, 9.72537606003e-08, 5.52412018351e-07, 4.85221072211e-08, 5.22782173107e-08, 7.40459427107e-08, 3.13598000901e-08, 1.62685676042e-09, 1.51310111698e-15, 1.52330818825e-17],
        "dvar2": [3.45231928804e-05, 0.00400101626292, 3.15638280881e-05, 2.29059005505e-05, 2.31400663324e-05, 4.48521041108e-06, 5.63589992453e-06, 2.44086891144e-06, 1.01377770534e-06, 1.95301140593e-06, 3.25913401866e-06, 2.56412477029e-06, 3.93925711251e-06, 3.9567589738e-06, 2.02894261747e-06, 4.50753333325e-07, 2.64302912001e-07, 2.559866914e-07, 2.28516654488e-07, 1.30049988911e-06, 1.16659442995e-07, 1.34959194042e-07, 2.00135787054e-07, 7.90349972135e-08, 4.1834105069e-09, 4.19679202618e-15, 4.68096611735e-17],
        "max": [0.0489238612354, 0.485696852207, 0.0374007858336, 0.061977814883, 0.0321733504534, 0.021567851305, 0.0267338752747, 0.0185334403068, 0.00886762421578, 0.0137757975608, 0.0194701757282, 0.0181972365826, 0.0151040516794, 0.021444587037, 0.0219710543752, 0.00752024911344, 0.00541143352166, 0.00561503507197, 0.00741296913475, 0.0152918985114, 0.00414634915069, 0.00460400665179, 0.00707345688716, 0.0039669633843, 0.000801298068836, 9.41402390708e-07, 3.95879560244e-08],
        "mean": [0.00291819148697, 0.0330654121935, 0.00291449041106, 0.00173690950032, 0.00301537662745, 0.00127915048506, 0.00102164922282, 0.00109592382796, 0.0006767414161, 0.000974320340902, 0.000850188836921, 0.00095952587435, 0.00103316910099, 0.000914410687983, 0.000718668277841, 0.000426763814176, 0.000337883189786, 0.000234131177422, 0.00018500580336, 0.000225467811106, 0.000101818266558, 6.79114746163e-05, 7.43990531191e-05, 7.11426546331e-05, 1.36808148454e-05, 1.1211118256e-08, 1.72001224374e-09],
        "median": [0.000273175595794, 0.00317855598405, 0.000621553801466, 0.00038634322118, 0.0016603769036, 0.000519951456226, 0.000394317525206, 0.000414232432377, 0.00036846063449, 0.000454241584521, 0.00034553205478, 0.000431217369623, 0.000428359955549, 0.000350685237208, 0.000292587501463, 0.00020194175886, 0.000138299845275, 9.5526316727e-05, 6.06515786785e-05, 4.6979970648e-05, 2.65157796093e-05, 1.48362678374e-05, 1.52054599312e-05, 1.31760989461e-05, 2.34443086811e-06, 2.91749824299e-09, 3.72173819541e-10],
        "min": [6.45571773816e-09, 7.99592658751e-09, 3.45860158291e-08, 2.01599785754e-08, 2.96040099101e-07, 6.86863455002e-09, 3.74877151543e-09, 9.18146714213e-09, 2.80392349339e-08, 1.2586482967e-08, 1.36513840232e-08, 1.50625307782e-08, 1.37736559935e-08, 3.4663150128e-09, 7.09883352101e-09, 6.01447247561e-09, 1.09131317316e-08, 1.41184273161e-08, 1.16488498847e-08, 2.31057617484e-09, 1.4437862017e-09, 7.69745989171e-10, 1.19911403029e-09, 9.75944658421e-10, 3.89405507839e-10, 2.74536417905e-11, 4.49265104285e-11],
        "var": [3.3728309063e-05, 0.00500509468839, 2.3860087822e-05, 1.41893815453e-05, 1.4914348867e-05, 3.98934616896e-06, 3.90812692785e-06, 3.48196294908e-06, 8.17050533897e-07, 2.13755947698e-06, 1.73916600943e-06, 2.1271107471e-06, 2.63249603449e-06, 2.61131185653e-06, 1.57886768193e-06, 4.06461964531e-07, 2.63606949602e-07, 1.63219311844e-07, 1.79226816499e-07, 6.541981179e-07, 6.49150351251e-08, 4.82069992813e-08, 5.79903662867e-08, 3.2903312075e-08, 1.43186273949e-09, 1.10782507435e-15, 1.38395224327e-17]
    },
    "erbbands": {
        "dmean": [0.543212532997, 3.55789041519, 2.91272068024, 2.76567149162, 5.00368452072, 7.773873806, 4.43474340439, 6.86502504349, 8.86184024811, 14.6706485748, 8.46028900146, 10.2600021362, 11.8224134445, 16.7025375366, 25.1331253052, 28.0845775604, 28.3991451263, 28.4357585907, 25.819355011, 18.3482265472, 10.9369878769, 10.0843362808, 8.74464893341, 6.53036260605, 6.89678668976, 7.19391870499, 2.81616854668, 2.86613035202, 1.95466661453, 2.51254653931, 1.81560564041, 1.63811135292, 0.856898546219, 0.290845572948, 0.0238040667027, 0.00105381570756, 6.10881470493e-05, 9.49965215113e-06, 1.10393330033e-05, 2.35793959291e-05],
        "dmean2": [0.790704607964, 5.66471529007, 4.73141527176, 4.53739118576, 8.18076896667, 12.866768837, 7.03496932983, 10.9455471039, 13.8004560471, 21.4893417358, 13.2619800568, 15.9112873077, 18.6640453339, 25.9023551941, 40.9448356628, 44.6937561035, 45.7502288818, 45.1439361572, 40.2292251587, 28.6299667358, 16.483259201, 15.2375764847, 13.3918848038, 9.82295036316, 10.6166400909, 11.1650981903, 4.14576482773, 4.33073949814, 3.00729823112, 4.09256649017, 2.82226252556, 2.50726509094, 1.27058959007, 0.437928974628, 0.0365323536098, 0.00160261697602, 8.95969351404e-05, 1.39395779115e-05, 1.62137748703e-05, 3.55116426363e-05],
        "dvar": [1.86261212826, 92.1361694336, 45.3569030762, 33.4970436096, 132.707000732, 207.336090088, 57.2412376404, 238.671203613, 542.562072754, 944.517211914, 216.457122803, 276.516967773, 360.962341309, 960.248718262, 2379.37084961, 2527.58154297, 2784.94726562, 3957.72216797, 3338.81762695, 1077.30432129, 421.690734863, 335.364654541, 319.993499756, 318.352081299, 470.965667725, 793.186523438, 53.2023200989, 101.722244263, 49.5669975281, 174.917877197, 38.0975646973, 22.7935428619, 5.61314821243, 0.732762038708, 0.00537823839113, 1.01234709291e-05, 2.73637361659e-08, 5.93077476019e-10, 4.7928711e-10, 2.5595316977e-09],
        "dvar2": [3.47476887703, 218.170318604, 109.853607178, 86.742225647, 323.656036377, 538.23236084, 129.786499023, 594.23034668, 1270.50793457, 1705.91308594, 530.002075195, 637.826965332, 847.815917969, 2085.02807617, 6061.40722656, 6168.56640625, 6817.24804688, 10258.4277344, 7822.96777344, 2427.921875, 949.542419434, 731.549682617, 729.182861328, 713.505187988, 1095.29748535, 1903.70788574, 129.125839233, 241.090103149, 124.069702148, 481.724121094, 101.507766724, 60.5086936951, 13.5475921631, 1.8736025095, 0.0141167668626, 2.64770096692e-05, 7.00392561725e-08, 1.50096746143e-09, 9.98865101742e-10, 5.36642907889e-09],
        "max": [18.498260498, 92.8235244751, 83.7042617798, 78.9347000122, 250.756530762, 171.888900757, 115.43573761, 269.829620361, 371.770477295, 629.8359375, 240.051635742, 208.168838501, 263.612121582, 544.404052734, 771.765869141, 896.54309082, 696.68762207, 1257.1394043, 1241.03808594, 537.597351074, 286.205291748, 282.80166626, 276.546722412, 507.052032471, 375.255279541, 628.44354248, 147.480102539, 202.323822021, 138.001281738, 339.085449219, 119.909141541, 77.3214263916, 68.6161346436, 16.1898994446, 1.43620812893, 0.0620455294847, 0.002969031455, 0.00044467204134, 0.000276610604487, 0.000606295419857],
        "mean": [1.42269814014, 5.34527587891, 4.89526796341, 4.57759237289, 7.56381177902, 11.5909137726, 9.87613105774, 10.8190832138, 12.0837459564, 26.1907634735, 16.3635177612, 17.5806484222, 21.1927776337, 30.7005615234, 40.4066619873, 48.6621322632, 47.2537460327, 48.4352912903, 39.7846755981, 33.0811195374, 20.103559494, 18.8692893982, 14.0334348679, 11.0473575592, 9.95941448212, 9.23848628998, 4.34237480164, 3.86331534386, 2.37254476547, 2.55964541435, 2.03424787521, 1.75658643246, 0.953347980976, 0.306855201721, 0.0239490997046, 0.0011006151326, 8.04022420198e-05, 1.3291641153e-05, 2.83806311927e-05, 6.20070277364e-05],
        "median": [0.104087077081, 0.490472584963, 0.923959493637, 1.30301594734, 2.99908065796, 5.8174366951, 5.04602432251, 3.56219983101, 4.62054443359, 7.70149707794, 8.35821914673, 9.45876312256, 12.3056049347, 13.9617137909, 17.9443149567, 23.4414653778, 21.6314620972, 19.4600696564, 16.7089996338, 16.9937171936, 9.60466098785, 8.26274299622, 6.04756832123, 3.91595387459, 2.91085362434, 2.16097617149, 1.35614049435, 0.860984027386, 0.524107635021, 0.480364829302, 0.405919998884, 0.33951690793, 0.184694543481, 0.0544803850353, 0.00360583118163, 0.000206217489904, 3.17178055411e-05, 5.75500780542e-06, 1.45826734297e-05, 2.98337308777e-05],
        "min": [2.5397937975e-07, 2.30304544857e-06, 2.80302047031e-05, 7.24895580788e-05, 0.000322925159708, 0.000929667148739, 0.000228624572628, 4.8320278438e-05, 4.6930690587e-05, 0.000105994775367, 0.000333925825544, 0.000501170638017, 0.000521004374605, 0.000688511296175, 0.000638452009298, 0.000504228810314, 0.000618860882241, 0.000313420430757, 0.000267964729574, 0.000334860756993, 0.000367738044588, 0.000603601394687, 0.000925988599192, 0.000473959051305, 0.000244191673119, 0.000124024183606, 6.55536714476e-05, 6.97793147992e-05, 3.87593390769e-05, 2.86381364276e-05, 3.72237918782e-05, 1.6742360458e-05, 1.84110413102e-05, 1.01186269603e-05, 5.19644515862e-07, 1.17520315257e-07, 6.45938200705e-08, 2.01688035162e-08, 7.03780145273e-09, 2.39413777692e-09],
        "var": [8.39757442474, 161.182418823, 92.3628387451, 60.241519928, 215.253265381, 289.75982666, 167.862228394, 383.979003906, 698.717651367, 2651.22387695, 493.111114502, 549.092956543, 756.128173828, 2525.51245117, 3665.15600586, 5020.68017578, 4731.07470703, 7564.83251953, 5052.37744141, 2220.93798828, 899.711303711, 770.581359863, 512.586120605, 599.061218262, 689.853088379, 915.700561523, 84.2151260376, 127.575027466, 52.4401130676, 122.26424408, 33.1791419983, 20.7225894928, 6.29353094101, 0.670337617397, 0.00454118428752, 8.74031138665e-06, 2.73455142974e-08, 6.45014208711e-10, 1.50097989593e-09, 8.1082358605e-09]
    },
    "gfcc": {
        "mean": [-42.2843437195, 145.308334351, -153.610839844, 42.9359550476, -55.0182609558, 27.9221324921, -29.5791740417, -4.06174087524, -4.49339485168, -15.7246370316, 10.7398424149, -18.5393447876, 8.69306373596],
        "cov": [[6829.21826172, -600.894226074, 104.885452271, 722.489807129, -292.205291748, 287.928436279, 15.8631410599, 258.987213135, 50.1357803345, 26.4737606049, 99.4906234741, 87.4512863159, 28.0123348236], [-600.894226074, 1165.5411377, 410.323059082, -211.769958496, 365.034576416, -285.227478027, 303.006713867, -115.082603455, 151.650512695, -63.7606010437, 30.7419281006, -11.9183454514, -6.19524717331], [104.885452271, 410.323059082, 731.294433594, 177.166320801, 222.991195679, 41.4485435486, 199.276519775, 92.7238388062, 90.8247070312, 25.5384998322, 47.9430274963, -3.32161736488, -0.810221374035], [722.489807129, -211.769958496, 177.166320801, 361.861572266, 68.4704589844, 151.809677124, 64.1614837646, 72.4473953247, 15.5251960754, 19.214302063, 25.5002288818, 13.5228672028, -6.52023506165], [-292.205291748, 365.034576416, 222.991195679, 68.4704589844, 485.145233154, 76.5854263306, 249.741851807, -6.6626791954, 104.540924072, 27.4223880768, 40.2323303223, 12.8954620361, -1.48005151749], [287.928436279, -285.227478027, 41.4485435486, 151.809677124, 76.5854263306, 263.80090332, 31.0468482971, 89.4445877075, 8.28191184998, 42.4035720825, 18.8128700256, 4.80640792847, 20.2981567383], [15.8631410599, 303.006713867, 199.276519775, 64.1614837646, 249.741851807, 31.0468482971, 296.088043213, 35.7029800415, 110.708297729, 22.8042984009, 45.5702018738, 18.1596488953, 13.8461961746], [258.987213135, -115.082603455, 92.7238388062, 72.4473953247, -6.6626791954, 89.4445877075, 35.7029800415, 138.069366455, 46.465801239, 49.5676460266, 25.6726970673, 14.5890550613, 27.0703639984], [50.1357803345, 151.650512695, 90.8247070312, 15.5251960754, 104.540924072, 8.28191184998, 110.708297729, 46.465801239, 153.706481934, 59.5417709351, 49.8403129578, 27.9999237061, 32.3732566833], [26.4737606049, -63.7606010437, 25.5384998322, 19.214302063, 27.4223880768, 42.4035720825, 22.8042984009, 49.5676460266, 59.5417709351, 107.914146423, 50.533164978, 22.9490032196, 25.1474933624], [99.4906234741, 30.7419281006, 47.9430274963, 25.5002288818, 40.2323303223, 18.8128700256, 45.5702018738, 25.6726970673, 49.8403129578, 50.533164978, 91.9536056519, 46.02967453, 18.7660484314], [87.4512863159, -11.9183454514, -3.32161736488, 13.5228672028, 12.8954620361, 4.80640792847, 18.1596488953, 14.5890550613, 27.9999237061, 22.9490032196, 46.02967453, 75.9154205322, 33.0433273315], [28.0123348236, -6.19524717331, -0.810221374035, -6.52023506165, -1.48005151749, 20.2981567383, 13.8461961746, 27.0703639984, 32.3732566833, 25.1474933624, 18.7660484314, 33.0433273315, 82.3765640259]],
        "icov": [[0.000222712522373, -0.0002699047036, 0.000203980918741, -0.000609307433479, 0.000349279929651, -0.000222471440793, 4.12201952713e-05, -0.000304662185954, -2.4171952191e-06, 2.83485151158e-05, -7.29352104827e-05, -0.000182449744898, 9.41252437769e-05], [-0.0002699047036, 0.00693271495402, -0.00345188099891, 0.0043124333024, -0.00325917638838, 0.0056374007836, -0.0027022738941, 0.00317475991324, -0.00343502918258, 0.00484366063029, -0.00255506974645, 0.00285138539039, -0.00180658174213], [0.000203980918741, -0.00345188099891, 0.00390014611185, -0.00322085176595, 0.000892925774679, -0.00178399228025, 0.000852624652907, -0.00331138935871, 0.00173581927083, -0.00185516476631, 0.000312305666739, -0.000240323905018, 0.000764383061323], [-0.000609307433479, 0.0043124333024, -0.00322085176595, 0.00797740183771, -0.00205871392973, 0.000989711959846, -0.00200657593086, 0.00211636861786, -0.00171817070805, 0.00296582002193, -0.00124163669534, 0.000521108391695, 0.00033586245263], [0.000349279929651, -0.00325917638838, 0.000892925774679, -0.00205871392973, 0.00648976117373, -0.00482045346871, -0.00205280515365, 0.00155544257723, 0.000152744833031, -0.00273618567735, 0.0016730701318, -0.00217886758037, 0.00188836164307], [-0.000222471440793, 0.0056374007836, -0.00178399228025, 0.000989711959846, -0.00482045346871, 0.0120054772124, -0.00141771964263, -0.00195650313981, -0.000556814251468, 0.00280103203841, -0.00269839633256, 0.00407407013699, -0.00325895077549], [4.12201952713e-05, -0.0027022738941, 0.000852624652907, -0.00200657593086, -0.00205280515365, -0.00141771964263, 0.00890601333231, -0.0027569308877, -0.00162979157176, 0.000198914814973, -0.000514007697348, -0.000494927575346, 0.000249178818194], [-0.000304662185954, 0.00317475991324, -0.00331138935871, 0.00211636861786, 0.00155544257723, -0.00195650313981, -0.0027569308877, 0.0158393438905, -0.00429179565981, -0.00140487204771, 0.00034286713344, 0.000423763412982, -0.0018869159976], [-2.4171952191e-06, -0.00343502918258, 0.00173581927083, -0.00171817070805, 0.000152744833031, -0.000556814251468, -0.00162979157176, -0.00429179565981, 0.0148751437664, -0.00696580484509, -0.000466181285447, -0.00131580454763, -0.00163750152569], [2.83485151158e-05, 0.00484366063029, -0.00185516476631, 0.00296582002193, -0.00273618567735, 0.00280103203841, 0.000198914814973, -0.00140487204771, -0.00696580484509, 0.0202293824404, -0.00933872070163, 0.00387891498394, -0.00260650366545], [-7.29352104827e-05, -0.00255506974645, 0.000312305666739, -0.00124163669534, 0.0016730701318, -0.00269839633256, -0.000514007697348, 0.00034286713344, -0.000466181285447, -0.00933872070163, 0.0229263510555, -0.0124406348914, 0.00320765352808], [-0.000182449744898, 0.00285138539039, -0.000240323905018, 0.000521108391695, -0.00217886758037, 0.00407407013699, -0.000494927575346, 0.000423763412982, -0.00131580454763, 0.00387891498394, -0.0124406348914, 0.0243879277259, -0.00839929934591], [9.41252437769e-05, -0.00180658174213, 0.000764383061323, 0.00033586245263, 0.00188836164307, -0.00325895077549, 0.000249178818194, -0.0018869159976, -0.00163750152569, -0.00260650366545, 0.00320765352808, -0.00839929934591, 0.0174984149635]]
    },
    "melbands": {
        "dmean": [0.00470946542919, 0.00257357931696, 0.000523201364558, 0.000449403189123, 0.000192566309124, 0.000147642116644, 0.000128335217596, 0.000156891692313, 6.59547222313e-05, 6.18409976596e-05, 6.23261512374e-05, 7.12222608854e-05, 8.61485896166e-05, 6.11950599705e-05, 9.19004742173e-05, 5.00466958329e-05, 5.55720944249e-05, 4.28259736509e-05, 3.11615185637e-05, 2.17851138586e-05, 1.18038606161e-05, 1.13891719593e-05, 9.90031185211e-06, 6.75818500895e-06, 5.44628528587e-06, 3.97815983888e-06, 8.75622390595e-06, 3.67424695469e-06, 1.74295269062e-06, 1.87807381735e-06, 1.56741464252e-06, 1.04973389625e-06, 1.27983935272e-06, 1.42215537835e-06, 1.02616218101e-06, 1.15430202641e-06, 9.46358341025e-07, 6.42552322461e-07, 4.26380040608e-07, 1.93045394781e-07],
        "dmean2": [0.00727075990289, 0.00408658897504, 0.000855728867464, 0.000740305520594, 0.000311406736728, 0.000229947385378, 0.000200492926524, 0.000230353369261, 0.000104476661363, 9.60557372309e-05, 9.84637445072e-05, 0.00011087286839, 0.000141808224726, 9.65315266512e-05, 0.000150961219333, 8.02774156909e-05, 8.88001086423e-05, 6.77240241203e-05, 4.83104122395e-05, 3.43342908309e-05, 1.81350296771e-05, 1.74540437001e-05, 1.53214332386e-05, 1.06161442091e-05, 8.30147655506e-06, 6.14327836956e-06, 1.391022397e-05, 5.6919770941e-06, 2.60253955275e-06, 2.86839463115e-06, 2.41778002419e-06, 1.62524565894e-06, 2.06678896575e-06, 2.33136256611e-06, 1.60960428275e-06, 1.82675751148e-06, 1.44530497437e-06, 9.48997069372e-07, 6.51907384963e-07, 2.94544236112e-07],
        "dvar": [0.000148153849295, 4.54678811366e-05, 1.40169856877e-06, 5.80180653742e-07, 1.07391073811e-07, 1.05613338519e-07, 9.90798909584e-08, 1.07459605658e-07, 1.36738220746e-08, 1.00564516714e-08, 1.00658139601e-08, 1.79976407111e-08, 2.85109589271e-08, 1.09115561031e-08, 3.33543255238e-08, 8.65265636918e-09, 1.54804240537e-08, 9.08764263841e-09, 3.39481465161e-09, 1.85998161317e-09, 5.28373123032e-10, 4.31063629236e-10, 3.5898034545e-10, 2.7247967771e-10, 2.48890769106e-10, 1.44448161765e-10, 1.55419765946e-09, 1.69092198576e-10, 2.20340534013e-11, 3.76844805361e-11, 3.32485323995e-11, 1.3836072045e-11, 2.97815140604e-11, 6.006157377e-11, 1.2892113592e-11, 1.62160077033e-11, 6.48942748496e-12, 2.94253033398e-12, 1.69409430061e-12, 3.48943015325e-13],
        "dvar2": [0.000308565766318, 0.000108552856545, 3.41626309819e-06, 1.48714354964e-06, 2.66651966285e-07, 2.49971407129e-07, 2.31568577647e-07, 1.92361810036e-07, 3.51654882991e-08, 2.35391155456e-08, 2.36717259128e-08, 3.89294392278e-08, 7.49277120349e-08, 2.58267451869e-08, 8.47173922125e-08, 2.07607850911e-08, 4.04498159412e-08, 2.20040163867e-08, 7.87188447759e-09, 4.20130374934e-09, 1.22678189829e-09, 9.85054815494e-10, 8.28549562293e-10, 6.58797960629e-10, 5.56237667038e-10, 3.54066914676e-10, 3.61235485968e-09, 4.15171008683e-10, 5.41111704055e-11, 9.65279800536e-11, 7.67121921541e-11, 3.53757821647e-11, 7.75336531089e-11, 1.66370403565e-10, 3.41671899107e-11, 4.41712569299e-11, 1.68000856282e-11, 6.91064826891e-12, 4.22242102394e-12, 9.15299303364e-13],
        "max": [0.148071110249, 0.0704040676355, 0.0236555058509, 0.00924758519977, 0.0033834031783, 0.00533678522334, 0.00487551651895, 0.00654591014609, 0.00189921364654, 0.00124838389456, 0.00135186535772, 0.00235202838667, 0.00289451982826, 0.00173747783992, 0.00240108370781, 0.00147706759162, 0.00237324857153, 0.001717943931, 0.00111462478526, 0.000891880772542, 0.000383726903237, 0.000308935297653, 0.000242118170718, 0.000335103570251, 0.000449709070381, 0.00030995788984, 0.00077731575584, 0.000274062622339, 7.78678368079e-05, 0.000141084747156, 0.000117093244626, 6.32722221781e-05, 0.000123366160551, 0.000209536810871, 5.73602301301e-05, 8.51614022395e-05, 4.25061298301e-05, 5.1726532547e-05, 3.24861612171e-05, 1.22558212752e-05],
        "mean": [0.01050332468, 0.00415448611602, 0.000879174272995, 0.000714881927706, 0.00038187741302, 0.000241337591433, 0.000182157527888, 0.000284224632196, 0.000124544763821, 0.000103463578853, 0.000106993262307, 0.000125221122289, 0.000129500389448, 0.000106702289486, 0.000144675635966, 8.4243954916e-05, 9.02221363503e-05, 6.24488384346e-05, 5.02811235492e-05, 3.74334595108e-05, 2.05927972274e-05, 1.99615242309e-05, 1.59393621288e-05, 1.01046571217e-05, 8.9463965196e-06, 6.21238905296e-06, 1.03679167296e-05, 4.83538087792e-06, 2.62882099378e-06, 2.58356112681e-06, 2.03839636015e-06, 1.25694100461e-06, 1.36871938139e-06, 1.42273859183e-06, 1.12514294415e-06, 1.24062250961e-06, 1.00723332253e-06, 7.13588349299e-07, 4.51755852282e-07, 1.94630587202e-07],
        "median": [0.00100673246197, 0.000729300547391, 0.000262970803306, 0.000375096627977, 0.000194396037841, 8.27509866212e-05, 7.34864443075e-05, 8.67561102496e-05, 6.64310573484e-05, 5.54828729946e-05, 5.88797302044e-05, 5.17176740686e-05, 5.50406912225e-05, 5.06990945723e-05, 5.92265023442e-05, 3.9634629502e-05, 3.30475522787e-05, 2.56479361269e-05, 2.39542805502e-05, 1.68094411492e-05, 8.68129154696e-06, 7.86921827967e-06, 6.69868541081e-06, 4.08956293541e-06, 2.87760190076e-06, 1.99801343115e-06, 1.88015530966e-06, 1.16478815926e-06, 8.24831374757e-07, 6.34449975223e-07, 4.19250483219e-07, 2.77576361896e-07, 2.55381110037e-07, 2.52447250659e-07, 2.18587828726e-07, 2.30262756418e-07, 1.80672927286e-07, 1.30568238887e-07, 8.47927594805e-08, 3.07338652306e-08],
        "min": [2.52538878698e-09, 1.09272741966e-08, 1.32179147627e-08, 7.57959668363e-08, 1.24870531693e-08, 9.72863345439e-10, 7.37078620361e-10, 9.49483713875e-10, 3.04396330364e-09, 3.67698649306e-09, 2.54477239281e-09, 2.26748597676e-09, 1.84939052961e-09, 2.20319895661e-09, 8.6427820456e-10, 1.42834022387e-09, 4.44023373625e-10, 3.50943135663e-10, 4.80123329982e-10, 3.85747239706e-10, 4.02526512122e-10, 4.97654972786e-10, 8.88374374064e-10, 6.53154752506e-10, 3.09614139882e-10, 8.0504533595e-11, 7.381475986e-11, 7.38607092154e-11, 4.25299101492e-11, 3.57646794125e-11, 3.96508659239e-11, 1.89758035674e-11, 1.53205642617e-11, 1.77858613254e-11, 2.46510971358e-11, 1.31153907179e-11, 9.13708345096e-12, 9.952749562e-12, 2.12127659188e-11, 3.77798747148e-12],
        "var": [0.000480334216263, 8.30349163152e-05, 2.47864477387e-06, 9.61034629654e-07, 2.28757798482e-07, 1.82642878599e-07, 1.35788113198e-07, 3.0522866723e-07, 2.77048872732e-08, 1.93126705739e-08, 2.01948715528e-08, 4.60262548074e-08, 4.00251565225e-08, 2.3396944826e-08, 5.7432902878e-08, 1.60257265236e-08, 2.80239547124e-08, 1.26853523241e-08, 6.03075189787e-09, 3.61326457643e-09, 1.08562570045e-09, 9.48792155953e-10, 6.5086697143e-10, 3.45894979326e-10, 4.63570459797e-10, 2.17904902455e-10, 1.83864623526e-09, 1.94290472599e-10, 3.40301675728e-11, 4.47303895312e-11, 4.24952399658e-11, 1.4382246262e-11, 2.57167377671e-11, 4.09009839886e-11, 1.10723027968e-11, 1.34720082312e-11, 6.39300504895e-12, 3.5869811895e-12, 1.60860951295e-12, 2.94863471747e-13]
    },
    "mfcc": {
        "mean": [-660.549621582, 146.678100586, -16.2278461456, 11.7437114716, 10.7242927551, 14.6376152039, 5.02936792374, 6.14582204819, -2.77033376694, 6.28101444244, -2.01119375229, 4.45529413223, -1.19811248779],
        "cov": [[7107.39648438, -1161.74621582, 224.255584717, 219.741531372, -69.5989151001, 18.5909519196, -26.5965614319, 195.720993042, -37.7119636536, 83.1277542114, -93.4351425171, 107.229698181, 54.5598220825], [-1161.74621582, 1481.62463379, 39.5470581055, 194.317779541, 4.68477201462, 20.3207931519, 30.6779823303, 33.3040122986, 76.4935531616, 3.16267108917, 88.1252288818, 12.7966108322, 23.8724098206], [224.255584717, 39.5470581055, 532.017700195, 149.90184021, 59.45262146, -7.36310005188, 64.9754638672, 65.5913772583, 45.4386062622, 49.2142066956, 31.072467804, 33.8779563904, 22.2179222107], [219.741531372, 194.317779541, 149.90184021, 296.691833496, 63.2310600281, 94.6520004272, 76.2254486084, 83.774269104, 37.3950157166, 38.7036247253, 55.4308357239, 28.1513404846, 33.6091690063], [-69.5989151001, 4.68477201462, 59.45262146, 63.2310600281, 202.026550293, 110.458892822, 78.1975631714, 48.2322807312, 39.554561615, 39.1504707336, 37.3027687073, 33.222454071, 1.54910624027], [18.5909519196, 20.3207931519, -7.36310005188, 94.6520004272, 110.458892822, 199.991012573, 108.280731201, 71.8426818848, 47.929145813, 52.6426582336, 43.8600578308, 31.6577911377, 14.0632047653], [-26.5965614319, 30.6779823303, 64.9754638672, 76.2254486084, 78.1975631714, 108.280731201, 160.680496216, 77.5895385742, 48.4718322754, 48.0133514404, 38.9365158081, 26.4797458649, 11.9904689789], [195.720993042, 33.3040122986, 65.5913772583, 83.774269104, 48.2322807312, 71.8426818848, 77.5895385742, 131.000030518, 48.0173797607, 40.7121505737, 24.8120727539, 22.8317432404, 19.3092498779], [-37.7119636536, 76.4935531616, 45.4386062622, 37.3950157166, 39.554561615, 47.929145813, 48.4718322754, 48.0173797607, 125.571922302, 61.0320777893, 23.4205093384, 23.9022464752, 19.3503608704], [83.1277542114, 3.16267108917, 49.2142066956, 38.7036247253, 39.1504707336, 52.6426582336, 48.0133514404, 40.7121505737, 61.0320777893, 113.574401855, 42.9892654419, 29.6762199402, 15.4150848389], [-93.4351425171, 88.1252288818, 31.072467804, 55.4308357239, 37.3027687073, 43.8600578308, 38.9365158081, 24.8120727539, 23.4205093384, 42.9892654419, 106.05506134, 42.9209136963, 15.6707048416], [107.229698181, 12.7966108322, 33.8779563904, 28.1513404846, 33.222454071, 31.6577911377, 26.4797458649, 22.8317432404, 23.9022464752, 29.6762199402, 42.9209136963, 82.8033599854, 33.8418464661], [54.5598220825, 23.8724098206, 22.2179222107, 33.6091690063, 1.54910624027, 14.0632047653, 11.9904689789, 19.3092498779, 19.3503608704, 15.4150848389, 15.6707048416, 33.8418464661, 75.3100357056]],
