{
"lowlevel": {
    "average_loudness": 0.980301737785,
    "barkbands_crest": {
        "dmean": 3.42278623581,
        "dmean2": 5.75441837311,
        "dvar": 7.8418431282,
        "dvar2": 21.5875911713,
        "max": 20.8734092712,
        "mean": 8.72017097473,
        "median": 8.04959201813,
        "min": 2.38409519196,
        "var": 11.9998121262
    },
    "barkbands_flatness_db": {
        "dmean": 0.0221765916795,
        "dmean2": 0.0373760089278,
        "dvar": 0.000358952907845,
        "dvar2": 0.00091133773094,
        "max": 0.254329413176,
        "mean": 0.141017496586,
        "median": 0.13669963181,
        "min": 0.0803200304508,
        "var": 0.0007203281275
    },
    "barkbands_kurtosis": {
        "dmean": 1.51622414589,
        "dmean2": 2.49414753914,
        "dvar": 3.64010500908,
        "dvar2": 8.92188072205,
        "max": 17.4164829254,
        "mean": 0.858317673206,
        "median": 0.13067483902,
        "min": -1.6291936636,
        "var": 5.29645586014
    },
    "barkbands_skewness": {
        "dmean": 0.518175721169,
        "dmean2": 0.838293254375,
        "dvar": 0.207952797413,
        "dvar2": 0.487135648727,
        "max": 4.12100028992,
        "mean": 1.13373482227,
        "median": 1.02343702316,
        "min": -0.476591676474,
        "var": 0.452872604132
    },
    "barkbands_spread": {
        "dmean": 5.33125925064,
        "dmean2": 8.63233089447,
        "dvar": 20.2426376343,
        "dvar2": 48.3691368103,
        "max": 69.521697998,
        "mean": 27.343585968,
        "median": 27.2990055084,
        "min": 4.350918293,
        "var": 58.5111236572
    },
    "dissonance": {
        "dmean": 0.0117468545213,
        "dmean2": 0.0203629340976,
        "dvar": 0.000110777749796,
        "dvar2": 0.000307018024614,
        "max": 0.5,
        "mean": 0.482000887394,
        "median": 0.484978735447,
        "min": 0.409557670355,
        "var": 0.000169364837348
    },
    "dynamic_complexity": 1.33474051952,
    "erbbands_crest": {
        "dmean": 2.12655544281,
        "dmean2": 3.47659611702,
        "dvar": 4.29951524734,
        "dvar2": 11.2015275955,
        "max": 25.1840648651,
        "mean": 7.15813684464,
        "median": 6.21642398834,
        "min": 2.61250376701,
        "var": 11.3277463913
    },
    "erbbands_flatness_db": {
        "dmean": 0.011016510427,
        "dmean2": 0.0173956826329,
        "dvar": 8.34368838696e-05,
        "dvar2": 0.000196721885004,
        "max": 0.247083246708,
        "mean": 0.173668071628,
        "median": 0.174519434571,
        "min": 0.105100266635,
        "var": 0.000388653541449
    },
    "erbbands_kurtosis": {
        "dmean": 0.468705415726,
        "dmean2": 0.745380342007,
        "dvar": 0.261909335852,
        "dvar2": 0.646850943565,
        "max": 5.71124649048,
        "mean": -0.220702275634,
        "median": -0.438781261444,
        "min": -1.56896936893,
        "var": 0.712928116322
    },
    "erbbands_skewness": {
        "dmean": 0.285128831863,
        "dmean2": 0.452435970306,
        "dvar": 0.0545597560704,
        "dvar2": 0.133297279477,
        "max": 1.77106809616,
        "mean": -0.0889083594084,
        "median": -0.106325700879,
        "min": -2.10036492348,
        "var": 0.202235475183
    },
    "erbbands_spread": {
        "dmean": 6.57129001617,
        "dmean2": 10.2472572327,
        "dvar": 36.5805854797,
        "dvar2": 85.6160354614,
        "max": 97.1571655273,
        "mean": 36.7212753296,
        "median": 35.2684822083,
        "min": 13.1904001236,
        "var": 127.022155762
    },
    "hfc": {
        "dmean": 5.83938455582,
        "dmean2": 9.25952339172,
        "dvar": 57.3223991394,
        "dvar2": 141.759140015,
        "max": 92.3313903809,
        "mean": 24.0241889954,
        "median": 23.4487285614,
        "min": 0.000526176125277,
        "var": 111.97580719
    },
    "melbands_crest": {
        "dmean": 4.49755048752,
        "dmean2": 7.43998765945,
        "dvar": 13.0596017838,
        "dvar2": 34.2470397949,
        "max": 29.5956306458,
        "mean": 13.7267065048,
        "median": 12.9758319855,
        "min": 4.00040102005,
        "var": 22.9331283569
    },
    "melbands_flatness_db": {
        "dmean": 0.0298626609147,
        "dmean2": 0.0492641068995,
        "dvar": 0.000619772064965,
        "dvar2": 0.00148612132762,
        "max": 0.340822309256,
        "mean": 0.170044273138,
        "median": 0.163156747818,
        "min": 0.076352596283,
        "var": 0.00152762595098
    },
    "melbands_kurtosis": {
        "dmean": 5.09435939789,
        "dmean2": 8.40718269348,
        "dvar": 39.5721511841,
        "dvar2": 94.0484619141,
        "max": 64.6401519775,
        "mean": 7.22438287735,
        "median": 4.85426568985,
        "min": -1.29527699947,
        "var": 57.8055534363
    },
    "melbands_skewness": {
        "dmean": 0.797620296478,
        "dmean2": 1.29472267628,
        "dvar": 0.52080976963,
        "dvar2": 1.20753121376,
        "max": 7.52079248428,
        "mean": 2.31344771385,
        "median": 2.12972760201,
        "min": 0.188102722168,
        "var": 1.09291398525
    },
    "melbands_spread": {
        "dmean": 8.31231975555,
        "dmean2": 13.5446939468,
        "dvar": 47.8281440735,
        "dvar2": 114.574913025,
        "max": 71.1839675903,
        "mean": 27.9061145782,
        "median": 27.7312831879,
        "min": 4.47278308868,
        "var": 112.578613281
    },
    "pitch_salience": {
        "dmean": 0.0925811454654,
        "dmean2": 0.156350359321,
        "dvar": 0.00669648637995,
        "dvar2": 0.0160175226629,
        "max": 0.82394105196,
        "mean": 0.564694702625,
        "median": 0.580666720867,
        "min": 0.136930838227,
        "var": 0.0118168611079
    },
    "silence_rate_20dB": {
        "dmean": 0,
        "dmean2": 0,
        "dvar": 0,
        "dvar2": 0,
        "max": 1,
        "mean": 1,
        "median": 1,
        "min": 1,
        "var": 0
    },
    "silence_rate_30dB": {
        "dmean": 0,
        "dmean2": 0,
        "dvar": 0,
        "dvar2": 0,
        "max": 1,
        "mean": 1,
        "median": 1,
        "min": 1,
        "var": 0
    },
    "silence_rate_60dB": {
        "dmean": 0.00232198135927,
        "dmean2": 0.00464576063678,
        "dvar": 0.00231668003835,
        "dvar2": 0.00617264257744,
        "max": 1,
        "mean": 0.0100580267608,
        "median": 0,
        "min": 0,
        "var": 0.00995678734034
    },
    "spectral_centroid": {
        "dmean": 223.688446045,
        "dmean2": 363.937957764,
        "dvar": 36672.6289062,
        "dvar2": 93240.4375,
        "max": 2638.28735352,
        "mean": 1621.00061035,
        "median": 1644.94104004,
        "min": 367.376281738,
        "var": 106324.992188
    },
    "spectral_complexity": {
        "dmean": 4.66253852844,
        "dmean2": 7.32404184341,
        "dvar": 16.3528862,
        "dvar2": 36.0375366211,
        "max": 56,
        "mean": 32.9593811035,
        "median": 34,
        "min": 0,
        "var": 75.7971343994
    },
    "spectral_decrease": {
        "dmean": 3.72745034838e-09,
        "dmean2": 5.98659832818e-09,
        "dvar": 1.64308443725e-17,
        "dvar2": 3.7215639926e-17,
        "max": -3.48705683469e-13,
        "mean": -8.58346993482e-09,
        "median": -7.18510850817e-09,
        "min": -3.0515327154e-08,
        "var": 2.2918198578e-17
    },
    "spectral_energy": {
        "dmean": 0.0144362607971,
        "dmean2": 0.0231323670596,
        "dvar": 0.000246872543357,
        "dvar2": 0.000559627544135,
        "max": 0.118954651058,
        "mean": 0.0345751158893,
        "median": 0.0292524173856,
        "min": 1.38627626711e-06,
        "var": 0.000349333538907
    },
    "spectral_energyband_high": {
        "dmean": 0.000295243546134,
        "dmean2": 0.000500034773722,
        "dvar": 1.90865335981e-07,
        "dvar2": 4.79667278341e-07,
        "max": 0.00504006166011,
        "mean": 0.00075853994349,
        "median": 0.000627133704256,
        "min": 2.70203113217e-08,
        "var": 3.43705437444e-07
    },
    "spectral_energyband_low": {
        "dmean": 0.0104605816305,
        "dmean2": 0.0173955913633,
        "dvar": 0.000175237553776,
        "dvar2": 0.000387751875678,
        "max": 0.0934069082141,
        "mean": 0.0154932346195,
        "median": 0.0106658721343,
        "min": 8.47630303724e-08,
        "var": 0.000219036941417
    },
    "spectral_energyband_middle_high": {
        "dmean": 0.00191534298938,
        "dmean2": 0.00300238118507,
        "dvar": 4.08855021305e-06,
        "dvar2": 9.89414274954e-06,
        "max": 0.0302901808172,
        "mean": 0.0077519658953,
        "median": 0.00759853003547,
        "min": 9.6524836124e-08,
        "var": 1.60506297107e-05
    },
    "spectral_energyband_middle_low": {
        "dmean": 0.00620636204258,
        "dmean2": 0.010167889297,
        "dvar": 0.000116661030916,
        "dvar2": 0.000302754226141,
        "max": 0.0841702669859,
        "mean": 0.012179643847,
        "median": 0.00918868742883,
        "min": 2.36609849935e-07,
        "var": 0.000118734627904
    },
    "spectral_entropy": {
        "dmean": 0.0773332938552,
        "dmean2": 0.125107303262,
        "dvar": 0.00497053237632,
        "dvar2": 0.0122997658327,
        "max": 8.33517837524,
        "mean": 7.81267595291,
        "median": 7.8144159317,
        "min": 6.82957363129,
        "var": 0.0198175851256
    },
    "spectral_flux": {
        "dmean": 0.0308782346547,
        "dmean2": 0.0487037375569,
        "dvar": 0.00102658476681,
        "dvar2": 0.00212217262015,
        "max": 0.268218815327,
        "mean": 0.111199185252,
        "median": 0.099300801754,
        "min": 0.00117740232963,
        "var": 0.00195308972616
    },
    "spectral_kurtosis": {
        "dmean": 1.3425141573,
        "dmean2": 2.3680562973,
        "dvar": 1.61420297623,
        "dvar2": 4.96480083466,
        "max": 12.2435531616,
        "mean": 2.77255821228,
        "median": 2.52708005905,
        "min": -0.844324827194,
        "var": 2.43134403229
    },
    "spectral_rms": {
        "dmean": 0.00113203993533,
        "dmean2": 0.00178916484583,
        "dvar": 1.14050749289e-06,
        "dvar2": 2.53187408816e-06,
        "max": 0.0107728047296,
        "mean": 0.00561455870047,
        "median": 0.00534218503162,
        "min": 3.67758693756e-05,
        "var": 2.20848619392e-06
    },
    "spectral_rolloff": {
        "dmean": 510.697357178,
        "dmean2": 856.510559082,
        "dvar": 264488.6875,
        "dvar2": 632428.75,
        "max": 7192.08984375,
        "mean": 1510.83178711,
        "median": 1528.85742188,
        "min": 107.666015625,
        "var": 532919.0625
    },
    "spectral_skewness": {
        "dmean": 0.182190537453,
        "dmean2": 0.311347097158,
        "dvar": 0.027232054621,
        "dvar2": 0.077491492033,
        "max": 2.64481830597,
        "mean": 1.10420835018,
        "median": 1.0926015377,
        "min": 0.331545203924,
        "var": 0.054715372622
    },
    "spectral_spread": {
        "dmean": 241619.421875,
        "dmean2": 360426,
        "dvar": 57444077568,
        "dvar2": 110052720640,
        "max": 7709223,
        "mean": 3520659,
        "median": 3441041,
        "min": 2301836.25,
        "var": 370666569728
    },
    "spectral_strongpeak": {
        "dmean": 0.518109858036,
        "dmean2": 0.930414140224,
        "dvar": 0.592146217823,
        "dvar2": 1.64813792706,
        "max": 6.89772939682,
        "mean": 0.598705470562,
        "median": 0.331205099821,
        "min": 0.00173627096228,
        "var": 0.560415804386
    },
    "zerocrossingrate": {
        "dmean": 0.00769572053105,
        "dmean2": 0.00987261999398,
        "dvar": 4.30809304817e-05,
        "dvar2": 6.88770815032e-05,
        "max": 0.1435546875,
        "mean": 0.0563699454069,
        "median": 0.05615234375,
        "min": 0.01708984375,
        "var": 0.000235945437453
    },
    "barkbands": {
        "dmean": [0.000102773075923, 0.00773882400244, 0.00462200446054, 0.00114832748659, 0.00358171318658, 0.00100538670085, 0.000736644782592, 0.000601210340392, 0.00131198274903, 0.000801948830485, 0.000455202010926, 0.000352396804374, 0.000340615399182, 0.000504212570377, 0.000373168179067, 0.000380495825084, 0.000409350992413, 0.000220255198656, 0.000277536426438, 0.000169615843333, 0.000106129482447, 7.07428625901e-05, 4.78614856547e-05, 3.35380427714e-05, 6.78092283124e-06, 6.61494370391e-09, 1.6293720817e-09],
        "dmean2": [0.00018031023501, 0.0132893770933, 0.00797270517796, 0.00198522722349, 0.00587530480698, 0.00167468900327, 0.00125658523757, 0.00101562100463, 0.00210781744681, 0.00130518921651, 0.000743048498407, 0.000589967530686, 0.000557824794669, 0.000837032624986, 0.000611483352259, 0.000629862071946, 0.000690944842063, 0.00036486366298, 0.000474485277664, 0.000291298725642, 0.000183427415323, 0.000116018178232, 7.38740200177e-05, 5.11772450409e-05, 1.01869773061e-05, 1.08654072406e-08, 3.02447156209e-09],
        "dvar": [1.6973157102e-08, 9.25706699491e-05, 5.22196496604e-05, 1.89523927929e-06, 7.49571263441e-05, 2.95966333397e-06, 1.02311423689e-06, 6.42383099603e-07, 2.49217009696e-06, 1.85272699582e-06, 4.1833953901e-07, 2.15692409711e-07, 2.08495720244e-07, 7.12463872787e-07, 4.13837454971e-07, 2.40649882244e-07, 2.49196432378e-07, 8.40950278302e-08, 1.70575688685e-07, 4.9352312459e-08, 2.17701607852e-08, 1.35100259868e-08, 1.39990019576e-08, 1.21368648465e-08, 1.78498563153e-10, 1.09221285424e-16, 1.32967993066e-17],
        "dvar2": [4.47929764391e-08, 0.000229840472457, 0.000136181959533, 5.37257892574e-06, 0.000195282744244, 7.99447570898e-06, 2.86542331196e-06, 1.69694783381e-06, 6.1953965087e-06, 4.9893465075e-06, 1.09370193968e-06, 5.55115661882e-07, 4.92900994686e-07, 1.75765228505e-06, 1.04415437363e-06, 6.13782560777e-07, 6.38069707293e-07, 2.25642736496e-07, 4.58725594399e-07, 1.33558089033e-07, 5.75996281782e-08, 3.53489610916e-08, 3.21165991579e-08, 2.62164494558e-08, 3.89867277351e-10, 2.68624084895e-16, 3.96384320878e-17],
        "max": [0.000754066626541, 0.0674920603633, 0.0600832216442, 0.0164255294949, 0.0653757676482, 0.0210508778691, 0.0117138223723, 0.00813988223672, 0.0202697366476, 0.0144662866369, 0.0138527592644, 0.00587798422202, 0.00893322471529, 0.012383938767, 0.00941237062216, 0.0105083035305, 0.00749978190288, 0.00697729829699, 0.00409513246268, 0.00198716949672, 0.00103675050195, 0.00149377959315, 0.00294969719835, 0.00263653229922, 0.000316379824653, 1.85414535281e-07, 7.95611967419e-08],
        "mean": [9.74206777755e-05, 0.00880976766348, 0.0052921990864, 0.00200487324037, 0.00352976704016, 0.00151345552877, 0.00107600830961, 0.000897061021533, 0.00260573974811, 0.00137351476587, 0.00084528257139, 0.000638306781184, 0.00068275234662, 0.000868219824042, 0.000681054429151, 0.000827345240396, 0.000852918834426, 0.00049884658074, 0.000559466308914, 0.000362100923667, 0.000195026150323, 0.000156457943376, 0.00011603232997, 7.6543459727e-05, 1.49511006384e-05, 1.17091332186e-08, 1.27547550299e-09],
        "median": [4.75130545965e-05, 0.00537618901581, 0.00315892603248, 0.00156203273218, 0.00120858196169, 0.000981977209449, 0.000704647332896, 0.000613288662862, 0.00183726125397, 0.000656670250464, 0.000529004668351, 0.000473549065646, 0.000405863218475, 0.000467395875603, 0.000412444467656, 0.000623148051091, 0.000634998606984, 0.00043129036203, 0.000469899823656, 0.000315270706778, 0.00015036854893, 0.00010465374362, 7.10210661055e-05, 4.42349773948e-05, 1.03540933196e-05, 8.1479853975e-09, 5.36112931826e-10],
        "min": [2.91173640754e-09, 4.542662424e-08, 3.0630314285e-08, 7.22548776366e-08, 8.7291169848e-08, 1.85890911553e-08, 3.47384099264e-09, 1.32572051115e-08, 1.77137877699e-08, 4.51063364437e-09, 4.90762319671e-09, 5.00600849662e-09, 3.57694740494e-09, 4.13565670598e-09, 2.37119763824e-08, 9.30438925906e-09, 8.56843573871e-09, 8.83360495862e-09, 4.42621406194e-09, 9.72706093449e-09, 9.93792692583e-09, 3.5132523557e-09, 4.20739931783e-09, 1.73809855397e-09, 3.96112642687e-10, 3.41163230479e-12, 4.1926006937e-12],
        "var": [1.4839643292e-08, 0.000102731784864, 4.58206559415e-05, 2.87375087282e-06, 6.21501239948e-05, 3.16382784149e-06, 1.23743336644e-06, 7.9589545976e-07, 6.30292834103e-06, 4.2499968913e-06, 8.88491911155e-07, 3.82647300512e-07, 9.91026581687e-07, 1.42602368669e-06, 7.31192869807e-07, 7.46933835671e-07, 5.50445179215e-07, 1.28367162233e-07, 1.85856890766e-07, 6.42290487463e-08, 2.44470861333e-08, 2.40914896921e-08, 4.13492990958e-08, 2.40857414013e-08, 3.50524498316e-10, 1.86693446643e-16, 8.34322241808e-18]
    },
    "erbbands": {
        "dmean": [0.156172454357, 2.02709364891, 5.56021356583, 3.92842888832, 8.65190696716, 13.341594696, 7.81436014175, 8.34218120575, 9.26366710663, 14.5540876389, 16.4224033356, 30.4597129822, 26.5576992035, 16.2179489136, 16.8879909515, 13.83979702, 14.9511127472, 23.3843593597, 17.9923667908, 18.6528263092, 21.2501163483, 19.924036026, 12.4535274506, 12.1557064056, 12.6343955994, 8.57510375977, 6.04258823395, 3.43442106247, 2.67272114754, 1.71468997002, 1.36234927177, 0.925117731094, 0.452492386103, 0.142245918512, 0.0105517357588, 0.000460160226794, 2.62719549937e-05, 4.60112778455e-06, 7.15712030797e-06, 1.61086391017e-05],
        "dmean2": [0.27805134654, 3.45980358124, 9.44514274597, 6.84829950333, 14.2099046707, 23.2318096161, 13.4004821777, 14.1625623703, 15.5414457321, 25.4673728943, 26.0172863007, 49.149646759, 42.8052368164, 27.0173492432, 27.7695713043, 22.8759593964, 24.1805686951, 38.4213867188, 29.2410736084, 30.2603645325, 34.8794898987, 33.878036499, 20.4876270294, 20.6389369965, 21.6951198578, 14.7372980118, 10.5477972031, 5.83672857285, 4.43214464188, 2.74373745918, 2.12838554382, 1.41263151169, 0.691391646862, 0.21277141571, 0.0157059822232, 0.000682354613673, 3.91468893213e-05, 7.11868733561e-06, 1.13409778351e-05, 2.57219890045e-05],
        "dvar": [0.0312451664358, 7.07749462128, 79.4982376099, 25.7487125397, 315.449279785, 1281.46923828, 267.449890137, 209.491165161, 157.490142822, 645.142028809, 340.541625977, 1684.27575684, 2137.66699219, 414.043426514, 753.857421875, 363.391143799, 421.307434082, 1614.52282715, 865.579833984, 1154.9630127, 663.675720215, 554.789489746, 211.844482422, 232.282196045, 375.627258301, 117.548072815, 80.7315368652, 22.7462387085, 20.8354892731, 10.0605106354, 14.8879795074, 8.70945930481, 1.68094348907, 0.0943468809128, 0.000301109015709, 6.10782649346e-07, 2.63390220745e-09, 8.09818670455e-11, 6.34465813221e-11, 3.09636122298e-10],
        "dvar2": [0.0892799571157, 17.4382400513, 197.720230103, 71.9278030396, 774.116210938, 3530.3515625, 747.428466797, 574.708435059, 453.542449951, 1759.15197754, 794.473937988, 4317.85058594, 5830.56152344, 1110.25, 1893.80444336, 927.633361816, 990.700561523, 3969.41577148, 2034.57080078, 2825.90454102, 1743.64770508, 1470.30737305, 556.774169922, 612.568603516, 1010.61022949, 320.18069458, 215.527359009, 60.1780929565, 54.8926391602, 23.4592170715, 34.4187431335, 18.2786884308, 3.9250061512, 0.204941570759, 0.000669986649882, 1.34939284635e-06, 5.69788394245e-09, 1.77441103477e-10, 1.45602585544e-10, 7.04079905489e-10],
        "max": [1.23340451717, 18.4619312286, 70.3005981445, 57.3771743774, 129.994796753, 248.170303345, 167.341293335, 179.546463013, 173.80859375, 229.408309937, 252.251113892, 549.943237305, 506.109313965, 290.622009277, 730.609313965, 295.348419189, 445.019287109, 600.680786133, 591.08795166, 618.338500977, 477.724395752, 417.723724365, 256.260772705, 254.045089722, 196.121505737, 112.73248291, 66.727722168, 41.4090652466, 42.6045455933, 70.8389663696, 106.113494873, 55.4418716431, 40.6114120483, 9.10841560364, 0.312525719404, 0.0152800902724, 0.001376670436, 0.000233105689404, 7.62045237934e-05, 0.000133890804136],
        "mean": [0.174724444747, 2.24103760719, 6.35729169846, 6.91855144501, 10.1453485489, 11.3077220917, 9.42031478882, 12.0450124741, 15.0444726944, 17.0833854675, 32.2953796387, 59.2327308655, 48.2368888855, 32.3101005554, 33.0212059021, 26.6058654785, 32.106628418, 44.5074653625, 36.7196006775, 40.1996650696, 50.4365730286, 45.1401672363, 29.3646850586, 27.5186195374, 25.0596179962, 18.2737865448, 10.6093273163, 6.83338737488, 5.60265207291, 4.28905439377, 3.10125017166, 2.02152228355, 1.05918502808, 0.339016854763, 0.0227817669511, 0.0010676656384, 8.15204984974e-05, 1.57638460223e-05, 2.10942471313e-05, 4.14250534959e-05],
        "median": [0.1160762012, 1.29706704617, 3.51339650154, 5.69974327087, 4.69151449203, 3.21085143089, 5.24337768555, 7.47605800629, 10.7418069839, 9.25853443146, 23.4214477539, 39.461566925, 24.5632038116, 22.9543228149, 20.9665412903, 20.4202003479, 20.2678642273, 23.5900249481, 24.9119205475, 24.810213089, 40.2754936218, 35.7600746155, 25.7785663605, 24.1769828796, 20.8251152039, 16.1487522125, 7.96543073654, 5.47774076462, 3.87625718117, 2.37552666664, 1.81827235222, 1.09372627735, 0.662188708782, 0.239208906889, 0.0152366077527, 0.000737056310754, 6.37628545519e-05, 1.33461799123e-05, 1.87342866411e-05, 3.57265962521e-05],
        "min": [1.1414998653e-06, 1.09447073555e-05, 3.82559774152e-05, 0.000133053603349, 9.42140104598e-05, 0.000381424935767, 0.00039080096758, 0.00014247042418, 0.000100605415355, 8.08433251223e-05, 0.000191818529856, 0.000377591844881, 9.59849348874e-05, 0.000135817332193, 0.000249408010859, 0.000225290015806, 0.000166536046891, 0.000322426349157, 0.00129569589626, 0.000812372774817, 0.000525722047314, 0.000506494252477, 0.000350406218786, 0.000372713315301, 0.000287904171273, 0.000550692842808, 0.000466064724606, 0.000287456525257, 0.000114807859063, 0.000162390730111, 9.24650375964e-05, 3.54736912414e-05, 3.15937541018e-05, 9.82757683232e-06, 6.58930787267e-07, 4.45126993043e-08, 8.02851385373e-09, 2.72948286195e-09, 1.41875122761e-09, 1.72138070464e-09],
        "var": [0.0314774103463, 7.53794431686, 72.5232009888, 29.0489940643, 303.481048584, 887.045959473, 213.93977356, 222.312576294, 228.607681274, 548.28314209, 882.599487305, 3968.08544922, 4689.50732422, 921.216552734, 1459.05944824, 673.548095703, 1842.07287598, 3860.2355957, 1736.1237793, 2863.68261719, 1676.52160645, 1234.02075195, 398.622161865, 346.461090088, 391.55255127, 154.086273193, 83.5535430908, 28.3025569916, 30.2510948181, 30.9169998169, 41.0588912964, 20.1642513275, 2.95849514008, 0.187513500452, 0.000675004266668, 1.39353755912e-06, 6.22151308249e-09, 1.95348931475e-10, 1.00494335076e-10, 4.4731457427e-10]
    },
    "gfcc": {
        "mean": [17.8464622498, 132.177078247, -159.723205566, 64.7123336792, -63.8256950378, 23.2273807526, -27.0338726044, 7.78795576096, -3.39222979546, -18.0821590424, 1.80400168896, -23.3045711517, 5.08847618103],
        "cov": [[1357.87731934, -100.907913208, -80.3532943726, 0.364180326462, -111.062644958, 4.88969564438, 9.76844215393, -25.256855011, -24.5613155365, -10.3215618134, -17.5705184937, -6.87831687927, -9.94722557068], [-100.907913208, 227.001663208, -17.6621017456, -26.7329139709, 93.31224823, -71.3384628296, 72.5877914429, -20.7229957581, 32.5936279297, 0.876694500446, 26.0010643005, -12.9434289932, 23.4369812012], [-80.3532943726, -17.6621017456, 170.757385254, 41.4988136292, -12.2602081299, 21.5684871674, -54.6312637329, 11.5554885864, -2.59999966621, 7.15187835693, 7.90244817734, 3.78289937973, -5.33336114883], [0.364180326462, -26.7329139709, 41.4988136292, 77.7247695923, 12.7310209274, -14.1571178436, -6.80896472931, 3.10707616806, 8.74587249756, -0.706134259701, 7.14820861816, -4.02726125717, -1.49927937984], [-111.062644958, 93.31224823, -12.2602081299, 12.7310209274, 144.088531494, 15.7539243698, 60.4769477844, 39.1399726868, 38.2626113892, 14.0620250702, 22.8741073608, -4.74473667145, 17.0730438232], [4.88969564438, -71.3384628296, 21.5684871674, -14.1571178436, 15.7539243698, 139.24546814, 37.5928955078, 20.5291404724, 19.4695930481, 3.15947294235, -6.62141132355, 9.54089641571, -17.9095649719], [9.76844215393, 72.5877914429, -54.6312637329, -6.80896472931, 60.4769477844, 37.5928955078, 136.943862915, 23.0428256989, 33.0628433228, -8.46709156036, 11.1400766373, -10.2359399796, 1.07849824429], [-25.256855011, -20.7229957581, 11.5554885864, 3.10707616806, 39.1399726868, 20.5291404724, 23.0428256989, 107.016654968, 21.5018539429, 9.90723896027, 12.0679264069, -4.68189144135, 12.6840381622], [-24.5613155365, 32.5936279297, -2.59999966621, 8.74587249756, 38.2626113892, 19.4695930481, 33.0628433228, 21.5018539429, 87.0137939453, 15.2637615204, 2.14448642731, -0.573730349541, -1.02508556843], [-10.3215618134, 0.876694500446, 7.15187835693, -0.706134259701, 14.0620250702, 3.15947294235, -8.46709156036, 9.90723896027, 15.2637615204, 41.021648407, 15.4806270599, -2.91023874283, -0.882869839668], [-17.5705184937, 26.0010643005, 7.90244817734, 7.14820861816, 22.8741073608, -6.62141132355, 11.1400766373, 12.0679264069, 2.14448642731, 15.4806270599, 49.5487289429, 14.0627918243, 6.49520111084], [-6.87831687927, -12.9434289932, 3.78289937973, -4.02726125717, -4.74473667145, 9.54089641571, -10.2359399796, -4.68189144135, -0.573730349541, -2.91023874283, 14.0627918243, 56.8720550537, 19.9471721649], [-9.94722557068, 23.4369812012, -5.33336114883, -1.49927937984, 17.0730438232, -17.9095649719, 1.07849824429, 12.6840381622, -1.02508556843, -0.882869839668, 6.49520111084, 19.9471721649, 38.3739318848]],
        "icov": [[0.000845995615236, -6.72887617839e-05, 0.000603779393714, -0.000583637447562, 0.00097646471113, -0.000363139581168, -0.000141658834764, -4.97079454362e-05, 9.582003986e-05, -0.000214365951251, -9.44626153796e-05, 0.000267566880211, -0.000387471634895], [-6.72887617839e-05, 0.051846973598, -0.0253528542817, 0.0439109504223, -0.0313181839883, 0.0419375486672, -0.0309559516609, 0.0274267587811, -0.0168003384024, 0.0104079870507, -0.0133943203837, 0.0115545699373, -0.0121285002679], [0.000603779393714, -0.0253528542817, 0.0218669772148, -0.0265274234116, 0.0163375232369, -0.0241235289723, 0.0198228675872, -0.0143213253468, 0.00789287406951, -0.00423629069701, 0.00359225994907, -0.00395996170118, 0.00485645513982], [-0.000583637447562, 0.0439109504223, -0.0265274234116, 0.0542059093714, -0.028987288475, 0.0387605912983, -0.026364043355, 0.0235262066126, -0.0163559373468, 0.0118179656565, -0.0129256453365, 0.0101901264861, -0.00786172877997], [0.00097646471113, -0.0313181839883, 0.0163375232369, -0.028987288475, 0.0312163885683, -0.0269603636116, 0.0152286794037, -0.0177477747202, 0.00765633117408, -0.00836895685643, 0.00441325874999, -0.00335835362785, 0.00049661914818], [-0.000363139581168, 0.0419375486672, -0.0241235289723, 0.0387605912983, -0.0269603636116, 0.0459451787174, -0.0298746395856, 0.0197622850537, -0.0132276387885, 0.00556310731918, -0.00499095022678, 0.00151766091585, 3.01165036944e-05], [-0.000141658834764, -0.0309559516609, 0.0198228675872, -0.026364043355, 0.0152286794037, -0.0298746395856, 0.0329947136343, -0.0165386423469, 0.00602341908962, 0.00189082417637, 0.00128290534485, -0.00133619504049, 0.00509760621935], [-4.97079454362e-05, 0.0274267587811, -0.0143213253468, 0.0235262066126, -0.0177477747202, 0.0197622850537, -0.0165386423469, 0.0265382844955, -0.0107261650264, 0.0052094142884, -0.00985002331436, 0.0103938933462, -0.0129250111058], [9.582003986e-05, -0.0168003384024, 0.00789287406951, -0.0163559373468, 0.00765633117408, -0.0132276387885, 0.00602341908962, -0.0107261650264, 0.0213803667575, -0.0110440785065, 0.00967353209853, -0.00771315908059, 0.00722894119099], [-0.000214365951251, 0.0104079870507, -0.00423629069701, 0.0118179656565, -0.00836895685643, 0.00556310731918, 0.00189082417637, 0.0052094142884, -0.0110440785065, 0.0379161834717, -0.0173826925457, 0.0100177358836, -0.00368234701455], [-9.44626153796e-05, -0.0133943203837, 0.00359225994907, -0.0129256453365, 0.00441325874999, -0.00499095022678, 0.00128290534485, -0.00985002331436, 0.00967353209853, -0.0173826925457, 0.0363863706589, -0.0166938640177, 0.00945463590324], [0.000267566880211, 0.0115545699373, -0.00395996170118, 0.0101901264861, -0.00335835362785, 0.00151766091585, -0.00133619504049, 0.0103938933462, -0.00771315908059, 0.0100177358836, -0.0166938640177, 0.0339953117073, -0.0231564734131], [-0.000387471634895, -0.0121285002679, 0.00485645513982, -0.00786172877997, 0.00049661914818, 3.01165036944e-05, 0.00509760621935, -0.0129250111058, 0.00722894119099, -0.00368234701455, 0.00945463590324, -0.0231564734131, 0.0482013486326]]
    },
    "melbands": {
        "dmean": [0.00175972282887, 0.00273642712273, 0.000706889608409, 0.000918776437175, 0.000306196219753, 0.000188177582459, 0.000139440002386, 0.000152734632138, 0.000167536883964, 0.000188279445865, 0.000135050810059, 7.05738639226e-05, 5.70753181819e-05, 3.94517192035e-05, 3.80971359846e-05, 3.64195366274e-05, 4.96732936881e-05, 3.27669367834e-05, 2.76357568509e-05, 2.69761385425e-05, 2.89243653242e-05, 2.53118541877e-05, 1.44242112583e-05, 9.92943023448e-06, 1.08142985482e-05, 1.15193142847e-05, 6.63795754008e-06, 6.19095180809e-06, 4.81174311062e-06, 2.13848989006e-06, 2.07823518394e-06, 1.71511032931e-06, 1.22242011003e-06, 9.62253807302e-07, 8.62473200414e-07, 7.86190810231e-07, 5.41227279882e-07, 3.7206953607e-07, 2.42269180717e-07, 9.40086053447e-08],
        "dmean2": [0.00307257799432, 0.00457782717422, 0.00120698777027, 0.00151589652523, 0.000543040107004, 0.000317110825563, 0.000233824219322, 0.0002674513089, 0.000264559290372, 0.000303923501633, 0.000217935346882, 0.000117016155855, 9.34107083594e-05, 6.57204145682e-05, 6.22910447419e-05, 5.94791636104e-05, 8.18479456939e-05, 5.40373512194e-05, 4.52161948488e-05, 4.47363090643e-05, 4.76089117001e-05, 4.30071922892e-05, 2.40520585066e-05, 1.66169738804e-05, 1.84480213647e-05, 1.98632642423e-05, 1.11889567052e-05, 1.06862034954e-05, 8.51145068737e-06, 3.6428950807e-06, 3.54083067577e-06, 2.85439455183e-06, 2.02853493647e-06, 1.53339919962e-06, 1.37863003147e-06, 1.22312610529e-06, 8.49325090257e-07, 5.87175975397e-07, 3.68914214732e-07, 1.43669723229e-07],
        "dvar": [4.13619090978e-06, 1.65330093296e-05, 7.08860056875e-07, 5.05747084389e-06, 5.10008419496e-07, 9.7060855353e-08, 3.3468936067e-08, 6.87101362473e-08, 3.62912722096e-08, 6.77961651263e-08, 5.60967876595e-08, 8.49858405871e-09, 7.50202655553e-09, 3.09464520676e-09, 2.72075295626e-09, 2.75869393995e-09, 7.7037869417e-09, 3.06993075405e-09, 2.42812481233e-09, 1.78473502643e-09, 1.29805344251e-09, 9.06167696435e-10, 2.71111660899e-10, 2.25490293104e-10, 1.69996433597e-10, 3.52800427761e-10, 6.7976520246e-11, 6.23510063025e-11, 5.43490009941e-11, 7.59934476458e-12, 8.13773007313e-12, 8.37531866776e-12, 4.31264659401e-12, 3.71695599646e-12, 5.78962398856e-12, 4.28819566661e-12, 3.64718108145e-12, 1.09948411053e-12, 4.33901287296e-13, 2.28798913409e-14],
        "dvar2": [1.09170377982e-05, 3.87948311982e-05, 1.9329324914e-06, 1.31928209157e-05, 1.44483158238e-06, 2.65449443759e-07, 9.57647401378e-08, 1.87584177525e-07, 8.36003835047e-08, 1.73067704168e-07, 1.52559692879e-07, 2.23716067893e-08, 1.92951059574e-08, 8.16175305118e-09, 6.63352617281e-09, 6.4662359911e-09, 1.91458013887e-08, 7.2800765416e-09, 6.23043305836e-09, 4.27155733007e-09, 3.44537331998e-09, 2.40410003016e-09, 7.04250768813e-10, 6.19531981272e-10, 4.53752868612e-10, 9.64512136825e-10, 1.8206954e-10, 1.74271638786e-10, 1.47063305977e-10, 1.89486377977e-11, 2.16975864359e-11, 2.19704948679e-11, 1.10813146853e-11, 8.73083202957e-12, 1.3471106175e-11, 9.81265763089e-12, 7.71824618107e-12, 2.6842256716e-12, 9.4977725771e-13, 5.11341423576e-14],
        "max": [0.0150658898056, 0.0290537383407, 0.00856828410178, 0.0162176974118, 0.00596649199724, 0.00361081911251, 0.00235849781893, 0.00225695199333, 0.00265886751004, 0.00374246411957, 0.00260100886226, 0.00126317341346, 0.00202095927671, 0.000933855888434, 0.000807845150121, 0.00122507812921, 0.00136176019441, 0.00122454378288, 0.000704088655766, 0.00102760537993, 0.00059115991462, 0.000515490595717, 0.000216066036955, 0.000389406486647, 0.000191519982764, 0.000201747869141, 0.000103856466012, 7.86923556007e-05, 5.12921797053e-05, 2.3890121156e-05, 2.83866775135e-05, 2.58590025624e-05, 4.6600071073e-05, 4.37257840531e-05, 5.56853156013e-05, 4.80225535284e-05, 3.99957098125e-05, 3.05827343254e-05, 2.34656636167e-05, 2.62556272901e-06],
        "mean": [0.00202571577393, 0.00333330174908, 0.00124870042782, 0.000883015454747, 0.000330057111569, 0.000284475856461, 0.000227165175602, 0.000175030669197, 0.000319173879689, 0.00036520321737, 0.000234891616856, 0.000131903187139, 0.000109853412141, 7.46416626498e-05, 6.63250903017e-05, 7.47474550735e-05, 8.50816286402e-05, 5.97641119384e-05, 5.02176335431e-05, 5.61776214454e-05, 6.09802154941e-05, 5.15922183695e-05, 3.06920410367e-05, 2.20013225771e-05, 2.22915750783e-05, 2.06850654649e-05, 1.35785057864e-05, 1.19820315376e-05, 7.38521384847e-06, 4.07195648222e-06, 3.98829934056e-06, 3.29269937538e-06, 2.69005272457e-06, 2.23903771257e-06, 1.79648634457e-06, 1.59437183811e-06, 1.09588029318e-06, 8.03395494131e-07, 5.27692691321e-07, 1.99886528662e-07],
        "median": [0.00127716828138, 0.00196292065084, 0.00102258205879, 0.000284125271719, 0.000171911888174, 0.000182849296834, 0.000162932788953, 9.43939230638e-05, 0.00022458366584, 0.000237957865465, 0.000110315842903, 8.71559241205e-05, 6.80303783156e-05, 5.20800094819e-05, 4.7937995987e-05, 4.03814083256e-05, 4.29367973993e-05, 3.76823845727e-05, 3.08489798044e-05, 3.53047216777e-05, 4.71810162708e-05, 3.92453293898e-05, 2.47167390626e-05, 1.89792754099e-05, 1.90906848729e-05, 1.65871533682e-05, 1.1715722394e-05, 1.02931489891e-05, 5.32795183972e-06, 3.1560196021e-06, 3.21812808579e-06, 2.2702276965e-06, 1.45797253026e-06, 1.1925187664e-06, 9.89973500509e-07, 8.71101576649e-07, 5.56107863758e-07, 4.89537853809e-07, 3.55194202939e-07, 1.36674628948e-07],
        "min": [1.17803375943e-08, 1.79965198299e-08, 6.65265389443e-08, 1.27956720775e-08, 1.69920717497e-08, 3.13835446519e-09, 1.40079825517e-09, 1.23141474795e-09, 1.15425990987e-09, 1.95943306025e-09, 4.66205463123e-10, 5.68879887641e-10, 7.73329844606e-10, 5.35499200538e-10, 4.42955838675e-10, 4.10117828586e-10, 4.87694495899e-10, 1.78855541488e-09, 1.68063785111e-09, 8.38805302994e-10, 5.44956746396e-10, 5.92794757726e-10, 3.08614134248e-10, 3.74384717672e-10, 2.99543334581e-10, 1.42888922916e-10, 2.76215383899e-10, 3.58242102649e-10, 2.57790733205e-10, 2.03122921261e-10, 1.59643784303e-10, 5.06168162939e-11, 8.00073757246e-11, 7.76790923251e-11, 5.94548368871e-11, 2.52907781523e-11, 2.12797730825e-11, 2.13549403855e-11, 1.76725856171e-11, 4.73661127681e-12],
        "var": [4.61237596028e-06, 1.69016020664e-05, 8.14017823814e-07, 4.13271800426e-06, 3.52055593567e-07, 1.08576081459e-07, 4.78040256269e-08, 5.83768233753e-08, 9.90777166976e-08, 1.65005346275e-07, 1.24061514839e-07, 1.9047909916e-08, 1.53518158186e-08, 5.58477086798e-09, 4.75186467952e-09, 1.58577009302e-08, 1.67764770964e-08, 5.55475176967e-09, 3.97553234777e-09, 6.45101438934e-09, 2.62733101941e-09, 1.87238580196e-09, 5.85585357982e-10, 2.78037759482e-10, 2.49963966192e-10, 3.31458027691e-10, 9.19551379486e-11, 7.61841631447e-11, 5.02273223013e-11, 1.08267960569e-11, 1.01323914536e-11, 1.07452120118e-11, 1.0504369076e-11, 1.00253529436e-11, 1.45287089651e-11, 1.16306088024e-11, 7.21446730481e-12, 1.77881765307e-12, 7.34177042078e-13, 4.96645232535e-14]
    },
    "mfcc": {
        "mean": [-593.285095215, 122.325820923, -15.3982725143, 29.3821754456, 5.14950609207, 6.21968412399, 2.87581467628, 11.9022712708, 5.71114826202, 9.33684158325, -0.305171191692, 2.04556965828, -2.00313234329],
        "cov": [[1417.87060547, -123.496864319, -55.4040908813, -25.3039035797, -131.921905518, 8.42861557007, -19.4048194885, -4.47390890121, -21.8473930359, 2.78498053551, -9.31914138794, -7.91374826431, -48.9214439392], [-123.496864319, 271.573822021, -93.3236846924, 47.7478790283, 5.17525339127, -1.55118298531, 28.7290649414, -8.55899143219, 29.5211734772, -5.90337944031, 20.4666728973, 11.5403347015, 15.9301986694], [-55.4040908813, -93.3236846924, 199.952331543, -13.6230182648, 25.2675380707, 1.70224297047, -35.6230812073, -10.1848859787, -41.6248970032, 1.98151993752, -12.1461496353, -13.8718824387, -4.84969568253], [-25.3039035797, 47.7478790283, -13.6230182648, 124.289665222, 18.9361686707, -34.9224662781, 3.28712368011, -24.6593399048, 6.62004899979, -6.62212753296, -16.7778148651, 30.9590988159, 10.7757949829], [-131.921905518, 5.17525339127, 25.2675380707, 18.9361686707, 106.863739014, -12.1108264923, 3.87142395973, 1.0384761095, 18.3909034729, 12.8821439743, -4.41283941269, 27.1262149811, 24.2700271606], [8.42861557007, -1.55118298531, 1.70224297047, -34.9224662781, -12.1108264923, 116.798484802, 0.19092951715, 30.6268024445, -4.70830535889, 15.5880298615, 32.9448814392, -37.4985618591, 2.49022984505], [-19.4048194885, 28.7290649414, -35.6230812073, 3.28712368011, 3.87142395973, 0.19092951715, 103.148231506, 27.0523300171, 19.0171813965, 9.45657539368, 7.23586273193, 35.7857704163, -17.849111557], [-4.47390890121, -8.55899143219, -10.1848859787, -24.6593399048, 1.0384761095, 30.6268024445, 27.0523300171, 86.5491943359, 33.929599762, 18.7865467072, 9.89622974396, 4.76519536972, 10.4392871857], [-21.8473930359, 29.5211734772, -41.6248970032, 6.62004899979, 18.3909034729, -4.70830535889, 19.0171813965, 33.929599762, 72.7620849609, 27.9944286346, 9.50479507446, 14.1234054565, 8.73679637909], [2.78498053551, -5.90337944031, 1.98151993752, -6.62212753296, 12.8821439743, 15.5880298615, 9.45657539368, 18.7865467072, 27.9944286346, 73.5704498291, 26.3551940918, 9.71593570709, -13.1879415512], [-9.31914138794, 20.4666728973, -12.1461496353, -16.7778148651, -4.41283941269, 32.9448814392, 7.23586273193, 9.89622974396, 9.50479507446, 26.3551940918, 55.0480728149, -0.757409334183, -4.86454820633], [-7.91374826431, 11.5403347015, -13.8718824387, 30.9590988159, 27.1262149811, -37.4985618591, 35.7857704163, 4.76519536972, 14.1234054565, 9.71593570709, -0.757409334183, 82.3031616211, 11.6119995117], [-48.9214439392, 15.9301986694, -4.84969568253, 10.7757949829, 24.2700271606, 2.49022984505, -17.849111557, 10.4392871857, 8.73679637909, -13.1879415512, -4.86454820633, 11.6119995117, 60.8588180542]],
