{
"lowlevel": {
    "average_loudness": 0.977788567543,
    "barkbands_crest": {
        "dmean": 3.23370337486,
        "dmean2": 5.41693687439,
        "dvar": 11.4869613647,
        "dvar2": 30.2484722137,
        "max": 23.0268745422,
        "mean": 8.64569377899,
        "median": 7.72869682312,
        "min": 1.9047344923,
        "var": 15.1354427338
    },
    "barkbands_flatness_db": {
        "dmean": 0.019245037809,
        "dmean2": 0.0318273678422,
        "dvar": 0.000421838543843,
        "dvar2": 0.001112288679,
        "max": 0.232590466738,
        "mean": 0.0828178226948,
        "median": 0.0775497406721,
        "min": 0.0325029976666,
        "var": 0.000801021815278
    },
    "barkbands_kurtosis": {
        "dmean": 1.50165712833,
        "dmean2": 2.62612080574,
        "dvar": 6.66924095154,
        "dvar2": 18.758687973,
        "max": 27.0734367371,
        "mean": 0.664817690849,
        "median": 0.0405929088593,
        "min": -1.68296444416,
        "var": 5.31674289703
    },
    "barkbands_skewness": {
        "dmean": 0.478260993958,
        "dmean2": 0.790704965591,
        "dvar": 0.320777356625,
        "dvar2": 0.873584985733,
        "max": 5.19502782822,
        "mean": 1.10937380791,
        "median": 1.00680792332,
        "min": -1.37797820568,
        "var": 0.410072028637
    },
    "barkbands_spread": {
        "dmean": 6.76136255264,
        "dmean2": 10.9542627335,
        "dvar": 43.2308731079,
        "dvar2": 116.819747925,
        "max": 70.2695465088,
        "mean": 35.4650535583,
        "median": 35.2909011841,
        "min": 5.65176486969,
        "var": 116.433174133
    },
    "dissonance": {
        "dmean": 0.0102180782706,
        "dmean2": 0.017156066373,
        "dvar": 8.82871609065e-05,
        "dvar2": 0.000241906513111,
        "max": 0.499762415886,
        "mean": 0.482486605644,
        "median": 0.485860109329,
        "min": 0.39226859808,
        "var": 0.000168659200426
    },
    "dynamic_complexity": 2.42165970802,
    "erbbands_crest": {
        "dmean": 2.24318099022,
        "dmean2": 3.6511349678,
        "dvar": 5.63462114334,
        "dvar2": 14.59897995,
        "max": 25.8112487793,
        "mean": 6.76490879059,
        "median": 5.25933599472,
        "min": 2.36426901817,
        "var": 15.7646722794
    },
    "erbbands_flatness_db": {
        "dmean": 0.01072510425,
        "dmean2": 0.0163999311626,
        "dvar": 0.000106435327325,
        "dvar2": 0.000225791562116,
        "max": 0.295142710209,
        "mean": 0.120276704431,
        "median": 0.117646284401,
        "min": 0.0709965080023,
        "var": 0.000612532079685
    },
    "erbbands_kurtosis": {
        "dmean": 0.420544087887,
        "dmean2": 0.668071627617,
        "dvar": 0.218923449516,
        "dvar2": 0.564941763878,
        "max": 5.65032863617,
        "mean": -0.347046673298,
        "median": -0.466814756393,
        "min": -1.49492108822,
        "var": 0.498314321041
    },
    "erbbands_skewness": {
        "dmean": 0.271967023611,
        "dmean2": 0.42657366395,
        "dvar": 0.0596922114491,
        "dvar2": 0.146206140518,
        "max": 2.32811141014,
        "mean": -0.0394595377147,
        "median": -0.0986347422004,
        "min": -1.41716098785,
        "var": 0.229201614857
    },
    "erbbands_spread": {
        "dmean": 6.9648733139,
        "dmean2": 10.7267093658,
        "dvar": 43.8689613342,
        "dvar2": 116.125534058,
        "max": 84.9107971191,
        "mean": 44.9595413208,
        "median": 44.7270317078,
        "min": 10.2316961288,
        "var": 133.203521729
    },
    "hfc": {
        "dmean": 6.05436182022,
        "dmean2": 10.0840883255,
        "dvar": 88.7948074341,
        "dvar2": 243.421615601,
        "max": 103.135116577,
        "mean": 30.3691120148,
        "median": 31.5561923981,
        "min": 1.28849633256e-05,
        "var": 214.359893799
    },
    "melbands_crest": {
        "dmean": 3.80509519577,
        "dmean2": 6.37994480133,
        "dvar": 11.8591871262,
        "dvar2": 30.5356407166,
        "max": 30.8540172577,
        "mean": 13.873000145,
        "median": 13.0508985519,
        "min": 5.10152006149,
        "var": 24.0982131958
    },
    "melbands_flatness_db": {
        "dmean": 0.0273630917072,
        "dmean2": 0.044386215508,
        "dvar": 0.000841171015054,
        "dvar2": 0.00217606010847,
        "max": 0.307205587626,
        "mean": 0.136101156473,
        "median": 0.130524262786,
        "min": 0.0156359784305,
        "var": 0.00157951388974
    },
    "melbands_kurtosis": {
        "dmean": 5.60012245178,
        "dmean2": 9.60355377197,
        "dvar": 99.0498123169,
        "dvar2": 276.600006104,
        "max": 127.212295532,
        "mean": 8.22980976105,
        "median": 5.79500770569,
        "min": -1.27990889549,
        "var": 81.382598877
    },
    "melbands_skewness": {
        "dmean": 0.767721772194,
        "dmean2": 1.25552010536,
        "dvar": 0.862192451954,
        "dvar2": 2.32319712639,
        "max": 10.4021043777,
        "mean": 2.46244382858,
        "median": 2.30307984352,
        "min": -0.194680690765,
        "var": 1.2064357996
    },
    "melbands_spread": {
        "dmean": 9.34517002106,
        "dmean2": 15.2220582962,
        "dvar": 97.2234725952,
        "dvar2": 247.524261475,
        "max": 161.596405029,
        "mean": 33.4569320679,
        "median": 32.4939117432,
        "min": 3.79475831985,
        "var": 183.921615601
    },
    "pitch_salience": {
        "dmean": 0.0819270163774,
        "dmean2": 0.135554045439,
        "dvar": 0.00634571397677,
        "dvar2": 0.016824292019,
        "max": 0.805925250053,
        "mean": 0.571945726871,
        "median": 0.576359450817,
        "min": 0.182431712747,
        "var": 0.0107626281679
    },
    "silence_rate_20dB": {
        "dmean": 0,
        "dmean2": 0,
        "dvar": 0,
        "dvar2": 0,
        "max": 1,
        "mean": 1,
        "median": 1,
        "min": 1,
        "var": 0
    },
    "silence_rate_30dB": {
        "dmean": 0,
        "dmean2": 0,
        "dvar": 0,
        "dvar2": 0,
        "max": 1,
        "mean": 1,
        "median": 1,
        "min": 1,
        "var": 0
    },
    "silence_rate_60dB": {
        "dmean": 0.0061919502914,
        "dmean2": 0.0123934932053,
        "dvar": 0.00615342427045,
        "dvar2": 0.0137890577316,
        "max": 1,
        "mean": 0.0696055665612,
        "median": 0,
        "min": 0,
        "var": 0.0647603571415
    },
    "spectral_centroid": {
        "dmean": 257.061859131,
        "dmean2": 420.663818359,
        "dvar": 55378.6796875,
        "dvar2": 143307.53125,
        "max": 3601.63232422,
        "mean": 1956.4407959,
        "median": 1963.83215332,
        "min": 831.76574707,
        "var": 164674.890625
    },
    "spectral_complexity": {
        "dmean": 4.36687326431,
        "dmean2": 7.15879154205,
        "dvar": 14.3932981491,
        "dvar2": 36.0081329346,
        "max": 60,
        "mean": 34.5738601685,
        "median": 38,
        "min": 0,
        "var": 145.542510986
    },
    "spectral_decrease": {
        "dmean": 3.15951664831e-09,
        "dmean2": 5.26883825458e-09,
        "dvar": 2.25048084494e-17,
        "dvar2": 5.91552127018e-17,
        "max": -3.23756173001e-15,
        "mean": -7.7069479687e-09,
        "median": -6.78761136186e-09,
        "min": -3.93209518279e-08,
        "var": 2.74385321761e-17
    },
    "spectral_energy": {
        "dmean": 0.0122387036681,
        "dmean2": 0.0203788504004,
        "dvar": 0.000332213821821,
        "dvar2": 0.000870915362611,
        "max": 0.151081606746,
        "mean": 0.0318423621356,
        "median": 0.0286431889981,
        "min": 1.44210687836e-08,
        "var": 0.000422576093115
    },
    "spectral_energyband_high": {
        "dmean": 0.000537831278052,
        "dmean2": 0.000921708939131,
        "dvar": 8.16464819309e-07,
        "dvar2": 2.31568265008e-06,
        "max": 0.0102763865143,
        "mean": 0.00194875174202,
        "median": 0.0019353692187,
        "min": 3.89952126145e-10,
        "var": 1.64559742188e-06
    },
    "spectral_energyband_low": {
        "dmean": 0.00925572309643,
        "dmean2": 0.0159167442471,
        "dvar": 0.00030007364694,
        "dvar2": 0.000799616100267,
        "max": 0.142931848764,
        "mean": 0.013179730624,
        "median": 0.00861147791147,
        "min": 5.3774544817e-09,
        "var": 0.000271216820693
    },
    "spectral_energyband_middle_high": {
        "dmean": 0.001800497761,
        "dmean2": 0.00281382189132,
        "dvar": 4.36327445641e-06,
        "dvar2": 1.0476672287e-05,
        "max": 0.0245133098215,
        "mean": 0.0070322137326,
        "median": 0.00620943913236,
        "min": 2.85046541926e-09,
        "var": 1.7933005438e-05
    },
    "spectral_energyband_middle_low": {
        "dmean": 0.00482485955581,
        "dmean2": 0.00755488034338,
        "dvar": 7.95376181486e-05,
        "dvar2": 0.000195306434762,
        "max": 0.0944650545716,
        "mean": 0.0109404437244,
        "median": 0.00838499423116,
        "min": 3.0656359673e-09,
        "var": 0.000109059343231
    },
    "spectral_entropy": {
        "dmean": 0.0724474564195,
        "dmean2": 0.110453009605,
        "dvar": 0.0051084337756,
        "dvar2": 0.0112171508372,
        "max": 8.56155395508,
        "mean": 8.05480194092,
        "median": 8.0714931488,
        "min": 7.17646980286,
        "var": 0.0252818986773
    },
    "spectral_flux": {
        "dmean": 0.0284905806184,
        "dmean2": 0.0432882383466,
        "dvar": 0.00119429582264,
        "dvar2": 0.00225577340461,
        "max": 0.317275315523,
        "mean": 0.0995243564248,
        "median": 0.0864480212331,
        "min": 0.000120087752293,
        "var": 0.00273950956762
    },
    "spectral_kurtosis": {
        "dmean": 0.577977240086,
        "dmean2": 0.970601677895,
        "dvar": 0.329630494118,
        "dvar2": 0.898634076118,
        "max": 8.0238571167,
        "mean": 2.51749873161,
        "median": 2.38315343857,
        "min": 0.418587207794,
        "var": 0.921003997326
    },
    "spectral_rms": {
        "dmean": 0.000930805224925,
        "dmean2": 0.00150297093205,
        "dvar": 1.33102264499e-06,
        "dvar2": 3.37078813573e-06,
        "max": 0.0121407033876,
        "mean": 0.0052483715117,
        "median": 0.00528626283631,
        "min": 3.75091121896e-06,
        "var": 3.52030065187e-06
    },
    "spectral_rolloff": {
        "dmean": 746.029907227,
        "dmean2": 1209.47851562,
        "dvar": 533764.875,
        "dvar2": 1360752.125,
        "max": 9517.67578125,
        "mean": 2150.12597656,
        "median": 2110.25390625,
        "min": 86.1328125,
        "var": 1227258.5
    },
    "spectral_skewness": {
        "dmean": 0.111078046262,
        "dmean2": 0.184053316712,
        "dvar": 0.010719477199,
        "dvar2": 0.0305170677602,
        "max": 1.8474957943,
        "mean": 1.17476952076,
        "median": 1.15897107124,
        "min": 0.60962665081,
        "var": 0.0408282391727
    },
    "spectral_spread": {
        "dmean": 339178.5,
        "dmean2": 519249.8125,
        "dvar": 117296947200,
        "dvar2": 202425892864,
        "max": 8997933,
        "mean": 4968936,
        "median": 4897464.5,
        "min": 3104293.5,
        "var": 529311334400
    },
    "spectral_strongpeak": {
        "dmean": 0.465852588415,
        "dmean2": 0.814799785614,
        "dvar": 0.489003092051,
        "dvar2": 1.19260835648,
        "max": 6.51310777664,
        "mean": 0.771556258202,
        "median": 0.413065671921,
        "min": 0,
        "var": 0.884115159512
    },
    "zerocrossingrate": {
        "dmean": 0.0111888963729,
        "dmean2": 0.0136071993038,
        "dvar": 0.000105387691292,
        "dvar2": 0.000153511515236,
        "max": 0.20703125,
        "mean": 0.0824164375663,
        "median": 0.0810546875,
        "min": 0.0205078125,
        "var": 0.000598793849349
    },
    "barkbands": {
        "dmean": [0.000165386460139, 0.00734778307378, 0.00273578520864, 0.0010838068556, 0.00268653570674, 0.000675393384881, 0.000783467083238, 0.000806730240583, 0.00120305235032, 0.000706899154466, 0.000486371165607, 0.000302195985569, 0.000381981895771, 0.000314276665449, 0.000303176027955, 0.000286289228825, 0.00030589470407, 0.000261284440057, 0.000307855108986, 0.000249541451922, 0.000240486013354, 0.000148129140143, 0.000100990335341, 7.35324501875e-05, 4.76257846458e-05, 1.80428050953e-05, 7.53954907395e-07],
        "dmean2": [0.000280965294223, 0.0127869350836, 0.00470168329775, 0.00183752528392, 0.00448513776064, 0.00107203877997, 0.00130359397735, 0.00129011669196, 0.00186010310426, 0.0010467635002, 0.000725790916476, 0.000496242661029, 0.000641458726022, 0.000507604505401, 0.000491450016852, 0.000474999949802, 0.0005120569258, 0.000444252626039, 0.000527367694303, 0.000434289308032, 0.000421984499553, 0.000259080319665, 0.000163122589584, 0.000117459181638, 7.38695962355e-05, 2.8054762879e-05, 1.29022350848e-06],
        "dvar": [9.27119998551e-08, 0.00024392940395, 1.7510539692e-05, 1.76480637037e-06, 5.25173563801e-05, 9.95353843791e-07, 2.92770801025e-06, 2.52607787843e-06, 5.32280682819e-06, 2.09277004615e-06, 7.14309294381e-07, 1.48198836314e-07, 4.49032626193e-07, 1.88366854559e-07, 2.85804759415e-07, 1.57740643658e-07, 1.50171445057e-07, 1.08802652221e-07, 1.60277593864e-07, 1.48932784327e-07, 1.31575092155e-07, 5.00066867914e-08, 1.65563385224e-08, 1.0039584275e-08, 4.90428453404e-09, 9.6063024202e-10, 3.15653319455e-12],
        "dvar2": [2.43257943566e-07, 0.0006506855716, 4.96762113471e-05, 4.30051386502e-06, 0.000134272762807, 2.20562856157e-06, 7.77276363806e-06, 6.14646114627e-06, 1.24263806356e-05, 4.41348811364e-06, 1.3380325754e-06, 3.44869846458e-07, 1.1834184761e-06, 4.28195221502e-07, 7.06733544575e-07, 4.08411381159e-07, 3.87855038753e-07, 3.04923275962e-07, 4.51079074537e-07, 4.32176790355e-07, 3.77440755983e-07, 1.45947993246e-07, 4.18357650744e-08, 2.29131664753e-08, 1.03548281061e-08, 1.99820626712e-09, 8.40368226396e-12],
        "max": [0.00201055849902, 0.119700804353, 0.0416825190187, 0.0172547511756, 0.0649860724807, 0.0122104659677, 0.028013676405, 0.015632931143, 0.0319846197963, 0.0196193493903, 0.013559483923, 0.0058938045986, 0.0094449762255, 0.00526302307844, 0.00930241122842, 0.00666310731322, 0.00688970321789, 0.00316367158666, 0.00376794766635, 0.00437242118642, 0.00390820205212, 0.00216344301589, 0.00172933365684, 0.00157023733482, 0.00104892335366, 0.00044384424109, 2.85010519292e-05],
        "mean": [0.000154709632625, 0.00735049461946, 0.00452413456514, 0.00219647213817, 0.00300897634588, 0.00129689811729, 0.0012068048818, 0.00106314395089, 0.00193724501878, 0.00116782693658, 0.000897078367416, 0.000579958665185, 0.000690419925377, 0.000552337616682, 0.000540122040547, 0.000629472662695, 0.000643061590381, 0.000522913876921, 0.000642772240099, 0.000576155201998, 0.00058553222334, 0.00037651808816, 0.000280181324342, 0.000228902121307, 0.000145679150592, 4.37368871644e-05, 8.25900258405e-07],
        "median": [4.53449538327e-05, 0.00319874379784, 0.00252195959911, 0.00164480146486, 0.00116137170698, 0.000816646323074, 0.000527981203049, 0.000456173438579, 0.00087488774443, 0.000442501564976, 0.000435164372902, 0.000437030626927, 0.000524083268829, 0.000391671957914, 0.000360587233445, 0.000549760996364, 0.000551936042029, 0.000465015764348, 0.000550380151253, 0.00052480364684, 0.000520359782968, 0.000344634259818, 0.000238659820752, 0.000207401666557, 0.000114224705612, 2.42005171458e-05, 2.9445939731e-07],
        "min": [5.2250946625e-11, 4.04039912638e-09, 9.63979895907e-10, 3.09290981715e-10, 3.67779973143e-10, 2.1391077798e-10, 8.81153067178e-11, 5.69225222513e-10, 3.48151063534e-10, 1.17136217392e-10, 1.15066595141e-10, 6.6541341881e-11, 8.29952703785e-11, 4.21397444716e-10, 1.22058474439e-10, 4.24034835023e-10, 3.90610765955e-10, 1.30925451036e-10, 1.04229076758e-10, 2.38356862026e-10, 1.49080067735e-10, 1.1519137727e-10, 2.75962273866e-11, 1.92318504871e-11, 2.5374102125e-11, 6.76610330264e-12, 5.61279018055e-12],
        "var": [8.48711536605e-08, 0.000186148186913, 2.81646207441e-05, 4.39028008259e-06, 4.71310486319e-05, 2.15492218558e-06, 5.10590280101e-06, 3.24065513269e-06, 8.95712946658e-06, 5.45927923667e-06, 2.4067267077e-06, 3.50193630538e-07, 5.77763444198e-07, 3.46781007465e-07, 4.74652154026e-07, 2.53925406923e-07, 2.63476692908e-07, 1.39446214575e-07, 2.30286588021e-07, 1.71839488416e-07, 1.9052515654e-07, 8.52693560205e-08, 5.69259270833e-08, 3.635533119e-08, 1.54268189334e-08, 2.74756795093e-09, 3.18396264215e-12]
    },
    "erbbands": {
        "dmean": [0.186358779669, 1.74800848961, 3.34303188324, 3.10226893425, 7.86703920364, 9.12941837311, 5.33281564713, 5.8829627037, 6.26694107056, 18.4794654846, 19.3685035706, 27.416267395, 20.2402591705, 23.3245391846, 13.7581071854, 12.4979724884, 16.6459274292, 14.9845809937, 15.977016449, 13.3787384033, 16.4779663086, 15.1482334137, 13.9367733002, 14.7200956345, 14.7264947891, 11.1737670898, 11.2788772583, 8.8370513916, 6.07541799545, 3.56436085701, 2.61439228058, 1.99828135967, 1.08287274837, 0.670921802521, 0.308526158333, 0.112800039351, 0.0290530584753, 0.00348479603417, 8.35651226225e-05, 1.59694754984e-05],
        "dmean2": [0.32476401329, 3.06966781616, 5.81129074097, 5.30517148972, 12.8642778397, 15.6036520004, 8.71871948242, 9.25750827789, 10.4548530579, 30.4595508575, 30.4384613037, 43.3296203613, 30.9015235901, 33.825717926, 20.9839782715, 20.6015090942, 28.1645851135, 24.526473999, 26.1106548309, 21.755197525, 27.5815734863, 25.6876544952, 23.83685112, 25.2576122284, 25.7221336365, 19.4504013062, 19.6432800293, 15.5193195343, 10.6794042587, 6.0748462677, 4.25171804428, 3.28515577316, 1.72964823246, 1.06934916973, 0.479124546051, 0.174605369568, 0.0449642427266, 0.0057557253167, 0.000138461851748, 2.65735325229e-05],
        "dvar": [0.176057860255, 13.6129846573, 31.1063156128, 16.3588085175, 414.56036377, 563.196166992, 79.9814605713, 78.9794311523, 121.455032349, 1919.03271484, 1658.11535645, 3635.84838867, 1801.51660156, 2440.41796875, 480.924438477, 264.498077393, 1034.33691406, 457.577545166, 640.730773926, 332.665283203, 576.92779541, 313.002990723, 330.451843262, 482.553497314, 400.822601318, 360.629760742, 311.43057251, 181.980789185, 77.3327102661, 26.0050029755, 12.0360479355, 7.15599155426, 2.87211966515, 1.06922197342, 0.209961503744, 0.0363129116595, 0.00254304311238, 4.69727747259e-05, 2.5451775798e-08, 5.57651202993e-10],
        "dvar2": [0.45800614357, 37.1242294312, 88.7635192871, 44.5817451477, 1047.88244629, 1508.86547852, 199.943099976, 181.370285034, 317.473754883, 4943.73486328, 4107.59960938, 9060.88183594, 3716.44848633, 5018.67333984, 844.825439453, 658.020690918, 2748.58764648, 1039.77319336, 1598.42114258, 811.987304688, 1586.41784668, 826.923400879, 915.101928711, 1332.80725098, 1139.13525391, 1046.47644043, 888.06854248, 529.654541016, 220.0834198, 73.0208740234, 28.7650871277, 17.402217865, 6.68888664246, 2.4526116848, 0.444649189711, 0.0763331353664, 0.00536538334563, 0.000117124960525, 6.29686383036e-08, 1.45237610827e-09],
        "max": [2.8066983223, 30.7515335083, 55.2600669861, 54.5098228455, 213.830108643, 206.424026489, 110.789535522, 121.393241882, 115.230575562, 735.629577637, 459.763092041, 991.625183105, 823.30859375, 849.035339355, 406.60446167, 195.883712769, 444.097290039, 310.447143555, 332.456787109, 253.443984985, 299.132415771, 197.83480835, 185.846618652, 204.775466919, 215.567718506, 221.591262817, 212.601974487, 156.887161255, 78.682144165, 56.6415023804, 62.6380996704, 39.8012733459, 27.4137420654, 17.0015010834, 5.91910457611, 2.96876430511, 0.742960512638, 0.0999458357692, 0.00227216049097, 0.000201788832783],
        "mean": [0.159873411059, 1.83487045765, 5.21050405502, 6.61006307602, 9.35692405701, 9.72545146942, 8.77188968658, 11.1213817596, 10.1669368744, 28.2641334534, 27.6792469025, 43.6895332336, 34.0571136475, 45.7286605835, 29.1588668823, 25.6646575928, 32.6975364685, 28.7645397186, 30.0744876862, 28.319393158, 37.8865356445, 34.8414955139, 29.2453136444, 29.7976970673, 33.0596847534, 25.3982620239, 25.7134838104, 21.0948619843, 15.3141422272, 9.39203548431, 7.28399181366, 5.70591306686, 3.28467059135, 1.90359580517, 0.902665138245, 0.291144609451, 0.0638120397925, 0.00617013033479, 0.00017546939489, 4.9205536925e-05],
        "median": [0.045901671052, 0.920871138573, 3.10818266869, 5.57675409317, 4.30057382584, 3.73720502853, 5.11457681656, 6.63231945038, 6.52499341965, 10.6395788193, 12.8623800278, 19.541267395, 18.0424118042, 16.4088783264, 18.3820381165, 19.8770484924, 25.6612892151, 22.1460342407, 21.4393196106, 22.1125659943, 34.1332855225, 30.8851299286, 25.6474266052, 24.9032821655, 29.0069675446, 22.6511516571, 22.4039783478, 18.8253154755, 13.9349803925, 8.34017372131, 6.29317092896, 4.95756530762, 2.96603488922, 1.51518619061, 0.693764567375, 0.185867160559, 0.0304669123143, 0.00269647664391, 0.000103222038888, 4.60819464934e-05],
        "min": [8.52618526892e-08, 7.05376919541e-07, 1.49986431097e-06, 1.86112367828e-06, 7.30850729269e-07, 1.00621457477e-06, 5.28634473085e-07, 2.28678982239e-06, 1.30070247906e-06, 5.12607039127e-06, 1.32000532176e-05, 9.98742234515e-06, 3.76002071789e-06, 5.23484050063e-06, 4.33753666584e-06, 3.26158715325e-06, 4.57139867649e-06, 2.09022418858e-05, 7.82301231084e-06, 1.16719893413e-05, 3.75879571948e-05, 1.78007703653e-05, 8.70159055921e-06, 4.86954195367e-06, 8.00129328127e-06, 1.0368364201e-05, 5.91282014284e-06, 6.22865309197e-06, 4.36941991211e-06, 1.64734797181e-06, 8.58851819885e-07, 3.89543600932e-07, 3.32814636295e-07, 2.91904655114e-07, 1.7224024873e-07, 4.5709057872e-08, 1.33453870177e-08, 2.71672040419e-09, 8.15051470759e-10, 1.23508800409e-10],
        "var": [0.134641975164, 10.1234855652, 37.1249046326, 28.1493015289, 384.12902832, 461.037414551, 121.96434021, 184.155395508, 158.403137207, 3434.05908203, 2206.12255859, 6031.49072266, 3112.4987793, 8828.828125, 1735.43566895, 547.369567871, 1286.49230957, 783.477783203, 1010.34289551, 672.749389648, 895.239746094, 580.045898438, 435.723846436, 554.41619873, 570.926879883, 374.807647705, 400.954772949, 255.975952148, 142.665161133, 54.821395874, 41.7238998413, 23.8861732483, 8.21068191528, 2.82725429535, 0.629531264305, 0.0996780321002, 0.00719800544903, 8.46268085297e-05, 4.34270859273e-08, 8.03355437728e-10]
    },
    "gfcc": {
        "mean": [46.4404258728, 69.4627761841, -123.89176178, 47.8866653442, -61.6155853271, 25.2875022888, -35.7847175598, 17.6484355927, -27.5768356323, 5.08568191528, -21.6193332672, -2.66935276985, -12.8363895416],
        "cov": [[6108.51611328, -61.682346344, -55.2148933411, 182.325332642, -144.080291748, 44.2517166138, -0.997451245785, -78.7009658813, -19.7360076904, -30.7651748657, 39.8613166809, 22.0522232056, 0.987327337265], [-61.682346344, 287.013977051, -49.2438240051, 21.4287662506, 28.2420120239, -44.0865287781, 44.6347770691, -6.63102865219, 32.5986747742, -27.2442169189, 17.3792858124, -31.2138309479, 37.4337043762], [-55.2148933411, -49.2438240051, 227.036453247, 42.0681800842, 64.3976364136, -7.88503789902, -16.2999782562, 11.8944482803, -25.3681602478, 52.4626121521, -4.2624835968, 42.4920463562, -29.7202548981], [182.325332642, 21.4287662506, 42.0681800842, 157.077865601, 4.77559185028, 12.0129089355, 1.66788613796, -13.5119361877, 20.9734077454, -0.838823080063, 35.0100250244, -5.42451858521, 1.96971142292], [-144.080291748, 28.2420120239, 64.3976364136, 4.77559185028, 191.374328613, 45.3286705017, 66.3103561401, 43.7643051147, -0.474063932896, 40.7104148865, -10.0483531952, 27.9101085663, -2.70762515068], [44.2517166138, -44.0865287781, -7.88503789902, 12.0129089355, 45.3286705017, 100.251235962, 57.1595573425, 26.0177745819, -0.24704374373, 1.57857048512, 8.21577835083, 5.73299455643, 2.99261879921], [-0.997451245785, 44.6347770691, -16.2999782562, 1.66788613796, 66.3103561401, 57.1595573425, 112.949073792, 56.5000228882, 30.4315223694, 6.07947254181, 1.57842063904, -0.302425384521, 4.97845029831], [-78.7009658813, -6.63102865219, 11.8944482803, -13.5119361877, 43.7643051147, 26.0177745819, 56.5000228882, 80.2288208008, 46.1841468811, 23.6863365173, -8.97017669678, 2.56101679802, -3.72611689568], [-19.7360076904, 32.5986747742, -25.3681602478, 20.9734077454, -0.474063932896, -0.24704374373, 30.4315223694, 46.1841468811, 85.2524871826, 25.2634105682, 12.9435968399, -15.9602546692, 2.52168607712], [-30.7651748657, -27.2442169189, 52.4626121521, -0.838823080063, 40.7104148865, 1.57857048512, 6.07947254181, 23.6863365173, 25.2634105682, 64.5903701782, 14.9401502609, 14.7451639175, -18.2417545319], [39.8613166809, 17.3792858124, -4.2624835968, 35.0100250244, -10.0483531952, 8.21577835083, 1.57842063904, -8.97017669678, 12.9435968399, 14.9401502609, 53.907699585, 13.7332305908, 5.00024414062], [22.0522232056, -31.2138309479, 42.4920463562, -5.42451858521, 27.9101085663, 5.73299455643, -0.302425384521, 2.56101679802, -15.9602546692, 14.7451639175, 13.7332305908, 52.1225585938, 10.387304306], [0.987327337265, 37.4337043762, -29.7202548981, 1.96971142292, -2.70762515068, 2.99261879921, 4.97845029831, -3.72611689568, 2.52168607712, -18.2417545319, 5.00024414062, 10.387304306, 44.5615730286]],
        "icov": [[0.000184504242497, -8.32609803183e-05, 0.000204027513973, -0.000374610099243, 0.000317240250297, -0.000169295992237, -0.000149707659148, 0.000179573529749, 0.000110425658931, -0.000332796073053, 0.00044936320046, -0.000526615825947, 0.000210724261706], [-8.32609803183e-05, 0.0100277401507, -0.00261117867194, 0.00243204785511, -0.00523741915822, 0.00965095777065, -0.00735720666125, 0.00443485146388, -0.00329713476822, 0.0070640607737, -0.00966694951057, 0.0111329052597, -0.00847653020173], [0.000204027513973, -0.00261117867194, 0.0113232219592, -0.0067902058363, 0.00149883329868, -0.000639639794827, 0.0029270965606, -0.00522024184465, 0.00757523812354, -0.0104449493811, 0.008534966968, -0.010244011879, 0.00613738317043], [-0.000374610099243, 0.00243204785511, -0.0067902058363, 0.0131679549813, -0.00399241968989, 0.000187989338883, -0.000754423788749, 0.00603957520798, -0.00900134630501, 0.0105921858922, -0.0119810858741, 0.00824804138392, -0.00254422985017], [0.000317240250297, -0.00523741915822, 0.00149883329868, -0.00399241968989, 0.0134076494724, -0.00613968772814, -0.00220817141235, -0.00293904542923, 0.00618924852461, -0.0126859787852, 0.0113551327959, -0.00921222753823, 0.00212651817128], [-0.000169295992237, 0.00965095777065, -0.000639639794827, 0.000187989338883, -0.00613968772814, 0.0254951249808, -0.0137074980885, -0.00053837581072, 0.00381427328102, 0.00573991332203, -0.0124988155439, 0.0113009857014, -0.00823515746742], [-0.000149707659148, -0.00735720666125, 0.0029270965606, -0.000754423788749, -0.00220817141235, -0.0137074980885, 0.0273819975555, -0.0147207090631, 3.65770574717e-06, 0.00156654766761, 0.00199919752777, -0.00547083793208, 0.00635760603473], [0.000179573529749, 0.00443485146388, -0.00522024184465, 0.00603957520798, -0.00293904542923, -0.00053837581072, -0.0147207090631, 0.0405652709305, -0.0238872468472, 0.0031765033491, 0.00640608835965, -0.00288680451922, 2.22715461859e-05], [0.000110425658931, -0.00329713476822, 0.00757523812354, -0.00900134630501, 0.00618924852461, 0.00381427328102, 3.65770574717e-06, -0.0238872468472, 0.0384191274643, -0.0211579911411, -0.000666199717671, 0.00745913991705, -0.00615973351523], [-0.000332796073053, 0.0070640607737, -0.0104449493811, 0.0105921858922, -0.0126859787852, 0.00573991332203, 0.00156654766761, 0.0031765033491, -0.0211579911411, 0.0483045466244, -0.0226229671389, 0.00420538242906, 0.0081026442349], [0.00044936320046, -0.00966694951057, 0.008534966968, -0.0119810858741, 0.0113551327959, -0.0124988155439, 0.00199919752777, 0.00640608835965, -0.000666199717671, -0.0226229671389, 0.0474088266492, -0.027070844546, 0.00794155243784], [-0.000526615825947, 0.0111329052597, -0.010244011879, 0.00824804138392, -0.00921222753823, 0.0113009857014, -0.00547083793208, -0.00288680451922, 0.00745913991705, 0.00420538242906, -0.027070844546, 0.0523649230599, -0.0253553781658], [0.000210724261706, -0.00847653020173, 0.00613738317043, -0.00254422985017, 0.00212651817128, -0.00823515746742, 0.00635760603473, 2.22715461859e-05, -0.00615973351523, 0.0081026442349, 0.00794155243784, -0.0253553781658, 0.042421169579]]
    },
    "melbands": {
        "dmean": [0.00188054738101, 0.00189558579586, 0.000590997980908, 0.00067461974686, 0.000209739926504, 0.000127793944557, 0.000112156310934, 0.000193500847672, 0.000172793414094, 0.000169882827322, 0.000102655612864, 9.80204858934e-05, 5.94902667217e-05, 2.74757294392e-05, 4.47082929895e-05, 3.49996407749e-05, 2.87228303932e-05, 2.78107054328e-05, 2.2336604161e-05, 1.91471663129e-05, 2.27975633607e-05, 1.84734981303e-05, 1.42443859659e-05, 1.32055238282e-05, 1.3220751498e-05, 1.18747493616e-05, 1.05340395748e-05, 7.65012009651e-06, 8.10575329524e-06, 6.06407047599e-06, 5.60287935514e-06, 3.92779384129e-06, 2.66549000116e-06, 2.15675595427e-06, 1.63334891568e-06, 1.87683667718e-06, 1.2225619912e-06, 8.79420269939e-07, 7.12169082817e-07, 6.11021903296e-07],
        "dmean2": [0.00327079487033, 0.00331728742458, 0.000993478810415, 0.0011339377379, 0.00035337996087, 0.000201179820579, 0.000187527068192, 0.000315657875035, 0.000274830090348, 0.000266856106464, 0.000155990244821, 0.000142837467138, 8.92115931492e-05, 4.42831260443e-05, 7.37342561479e-05, 5.88345574215e-05, 4.71209787065e-05, 4.61966992589e-05, 3.59983932867e-05, 3.13404016197e-05, 3.86231622542e-05, 3.13440687023e-05, 2.43885933742e-05, 2.25625208259e-05, 2.27329455811e-05, 2.04440548259e-05, 1.84292384802e-05, 1.33068851937e-05, 1.41143664223e-05, 1.05457575046e-05, 9.85836049949e-06, 6.8308736445e-06, 4.62703792437e-06, 3.63526987712e-06, 2.6583302315e-06, 3.16398381983e-06, 2.03170043278e-06, 1.4392663843e-06, 1.15511704735e-06, 9.92333866634e-07],
        "dvar": [1.70756429725e-05, 1.19228889162e-05, 5.89671572016e-07, 3.62562695955e-06, 1.31721535013e-07, 3.67901051845e-08, 4.4515122255e-08, 1.85459285262e-07, 1.29721968278e-07, 1.34706624522e-07, 4.60206415198e-08, 4.49960460003e-08, 1.00373691581e-08, 1.33724653573e-09, 5.59252777421e-09, 3.09799408349e-09, 1.84776149936e-09, 1.8149126646e-09, 1.93837457196e-09, 7.23612170184e-10, 1.14473419632e-09, 4.57573673396e-10, 3.40613481864e-10, 2.69480049386e-10, 3.88470311474e-10, 2.42510317383e-10, 1.94513058438e-10, 1.62908492252e-10, 1.51215331923e-10, 6.84246340144e-11, 7.99721816547e-11, 3.15489648295e-11, 1.5246606061e-11, 8.47025748152e-12, 4.57315348784e-12, 7.2481400222e-12, 2.38057815648e-12, 1.61059533765e-12, 1.259748382e-12, 8.78587187812e-13],
        "dvar2": [4.49494436907e-05, 3.33461357513e-05, 1.54384804318e-06, 9.40876998357e-06, 3.42937767073e-07, 8.28326207625e-08, 1.18117590375e-07, 4.75460723237e-07, 3.19749489108e-07, 3.3128426935e-07, 9.65202815451e-08, 9.31094135126e-08, 1.70836607083e-08, 2.95109559012e-09, 1.44234375554e-08, 7.85841969275e-09, 4.21853885157e-09, 4.51361348297e-09, 4.78109374313e-09, 1.82474557686e-09, 3.20046678048e-09, 1.22598886598e-09, 9.16831166542e-10, 7.643131128e-10, 1.07138364847e-09, 6.90258072922e-10, 5.63529556352e-10, 4.69109084911e-10, 4.31070512619e-10, 1.93425719885e-10, 2.33325470056e-10, 9.07538974526e-11, 4.40951719582e-11, 2.29677214747e-11, 1.11985655124e-11, 1.87087931952e-11, 5.80359718616e-12, 3.87549410966e-12, 2.84335185605e-12, 2.13455750471e-12],
        "max": [0.0273866578937, 0.0312469825149, 0.0096358731389, 0.016888929531, 0.00365764158778, 0.00247253873385, 0.00284863007255, 0.00706664612517, 0.00419066892937, 0.00573680782691, 0.00398209691048, 0.00358420866542, 0.00198396085761, 0.000849938543979, 0.00111767579801, 0.000674802926369, 0.000616093573626, 0.000556979503017, 0.000762426818255, 0.000508477503899, 0.000495050393511, 0.000251902587479, 0.000241760251811, 0.000161097646924, 0.000177856127266, 0.000152257227455, 0.00013231082994, 0.000159551520483, 0.000144509918755, 8.71032316354e-05, 0.000105523598904, 5.31230143679e-05, 4.11289402109e-05, 2.82029704977e-05, 3.17935446219e-05, 3.51679191226e-05, 2.55928298429e-05, 1.93769901671e-05, 1.74356100615e-05, 1.63068216352e-05],
        "mean": [0.00176901905797, 0.00271835154854, 0.00124786165543, 0.000722327036783, 0.00032782877679, 0.000246574898483, 0.000180207905942, 0.00028875094722, 0.000241967107286, 0.000273079669569, 0.000163266537129, 0.000185465847608, 0.000117130526633, 5.36394545634e-05, 8.32228543004e-05, 6.57955679344e-05, 5.08869743499e-05, 4.83595576952e-05, 3.89645720134e-05, 3.96035175072e-05, 4.65911762149e-05, 3.87366271752e-05, 2.7155949283e-05, 2.46936360782e-05, 2.38592929236e-05, 2.4456941901e-05, 2.20334804908e-05, 1.55090856424e-05, 1.65304754773e-05, 1.4243935766e-05, 1.15019111036e-05, 9.06263721845e-06, 6.22003926765e-06, 5.00931264469e-06, 4.09361746279e-06, 4.20802825829e-06, 3.27135398948e-06, 2.38928555518e-06, 1.87608668512e-06, 1.52844938839e-06],
        "median": [0.00067181274062, 0.00174646428786, 0.00104856176767, 0.000271450699074, 0.000193975269212, 0.000153265922563, 0.000109020766104, 0.000113475631224, 0.000105494342279, 0.000118710508104, 8.11197969597e-05, 6.09191265539e-05, 6.25145476079e-05, 4.20180112997e-05, 5.95896781306e-05, 5.05251591676e-05, 3.74896771973e-05, 3.32148629241e-05, 2.47974858212e-05, 3.23012754961e-05, 3.94386515836e-05, 3.41722879966e-05, 2.21078735194e-05, 2.10852031159e-05, 1.9073509975e-05, 2.09481859201e-05, 2.02339942916e-05, 1.33067132992e-05, 1.3934765775e-05, 1.28354740809e-05, 9.62233934843e-06, 8.02897284302e-06, 5.49049673282e-06, 4.2015553845e-06, 3.39756638823e-06, 3.41904751622e-06, 2.80006747744e-06, 2.10732014239e-06, 1.57335830409e-06, 1.16806029382e-06],
        "min": [9.75421188265e-10, 1.02126818113e-09, 3.60591362325e-10, 4.7448708157e-11, 1.59246903858e-11, 5.53470810849e-11, 1.71018685324e-11, 7.32519461755e-11, 9.56300039157e-11, 5.90947221712e-11, 1.73047669944e-11, 2.16580434143e-11, 1.32574862546e-11, 8.10485012437e-12, 9.78991453876e-12, 7.43218247362e-12, 4.63517731142e-11, 1.31382023316e-11, 1.05644295395e-11, 1.94273902521e-11, 5.16859922917e-11, 2.20933341066e-11, 7.27357193572e-12, 6.90728767586e-12, 3.24625569481e-12, 5.10229488868e-12, 9.76913255152e-12, 5.32981297985e-12, 3.39717338461e-12, 3.36829652711e-12, 3.74007378887e-12, 2.58418330137e-12, 1.90341080571e-12, 5.12960550772e-13, 5.29284732362e-13, 3.39681489317e-13, 2.1213076868e-13, 2.2792371831e-13, 2.8485379203e-13, 2.18735443712e-13],
        "var": [1.29997852127e-05, 1.0972009477e-05, 1.00874910913e-06, 3.06056267618e-06, 1.76530818408e-07, 8.5417639184e-08, 6.19359639131e-08, 3.15153897645e-07, 1.77453500783e-07, 2.32920768894e-07, 7.96575747586e-08, 1.5625892047e-07, 3.83587881458e-08, 3.53178841728e-09, 8.38775449097e-09, 4.58684246141e-09, 2.98253066688e-09, 2.85563017677e-09, 3.23336402097e-09, 1.25044696819e-09, 1.75078029852e-09, 7.84552756095e-10, 4.96449825693e-10, 3.43773426392e-10, 4.23806323369e-10, 3.49306916725e-10, 2.4817684019e-10, 1.66744618113e-10, 1.83894191541e-10, 1.07169190189e-10, 9.64960125693e-11, 5.35387428835e-11, 2.57096774425e-11, 1.84995317676e-11, 1.48472362876e-11, 1.55268679858e-11, 8.24259584198e-12, 4.49643881156e-12, 3.12984620859e-12, 1.98616383756e-12]
    },
    "mfcc": {
        "mean": [-588.0234375, 90.8244857788, -1.01045656204, 25.2453727722, 2.89541506767, 8.21595668793, 5.83290815353, 6.26301288605, 5.76030063629, 3.77401685715, 0.0904474779963, 2.35719490051, -2.72335290909],
        "cov": [[5753.2265625, -78.1148910522, 28.4457168579, 96.5406188965, -117.680923462, 78.4418106079, -49.6516876221, 25.3172340393, -73.5393829346, -2.21129417419, -23.404132843, -16.205991745, -18.0439243317], [-78.1148910522, 279.417175293, -67.2781906128, 34.6542892456, 10.2311010361, -13.0795717239, 26.3882217407, -0.634471893311, 44.9527740479, -5.00258016586, 10.5864725113, -6.92976617813, 4.80034303665], [28.4457168579, -67.2781906128, 166.410171509, 43.758228302, 5.25905752182, -3.47360181808, -22.1650390625, -22.0982913971, -36.6599578857, -13.0191383362, -7.50730228424, 16.2553462982, 15.320734024], [96.5406188965, 34.6542892456, 43.758228302, 122.287269592, 36.5783729553, 12.0936374664, -1.43508160114, -3.83999419212, 1.5990806818, -1.45160186291, 14.2595453262, 17.7822303772, 17.363489151], [-117.680923462, 10.2311010361, 5.25905752182, 36.5783729553, 84.3100128174, 28.6656341553, 27.2488937378, -2.10546636581, 14.2430343628, -3.07684397697, 7.85195016861, 9.65707397461, 19.6461811066], [78.4418106079, -13.0795717239, -3.47360181808, 12.0936374664, 28.6656341553, 68.6137542725, 49.1127319336, 18.5639820099, 2.89286971092, 3.87969470024, 3.34201693535, 5.11810445786, 5.54336357117], [-49.6516876221, 26.3882217407, -22.1650390625, -1.43508160114, 27.2488937378, 49.1127319336, 93.4394683838, 38.0626525879, 24.940694809, -1.39735460281, 7.69836854935, 5.51427984238, 9.19089984894], [25.3172340393, -0.634471893311, -22.0982913971, -3.83999419212, -2.10546636581, 18.5639820099, 38.0626525879, 70.1282348633, 38.393283844, 20.5621242523, 8.83685779572, 3.69634151459, 2.42601943016], [-73.5393829346, 44.9527740479, -36.6599578857, 1.5990806818, 14.2430343628, 2.89286971092, 24.940694809, 38.393283844, 82.5894317627, 36.4691009521, 21.147069931, 3.23978948593, 9.00547122955], [-2.21129417419, -5.00258016586, -13.0191383362, -1.45160186291, -3.07684397697, 3.87969470024, -1.39735460281, 20.5621242523, 36.4691009521, 65.8266296387, 31.6751937866, 9.84824466705, -2.29085946083], [-23.404132843, 10.5864725113, -7.50730228424, 14.2595453262, 7.85195016861, 3.34201693535, 7.69836854935, 8.83685779572, 21.147069931, 31.6751937866, 57.8927764893, 30.6264266968, 9.81377506256], [-16.205991745, -6.92976617813, 16.2553462982, 17.7822303772, 9.65707397461, 5.11810445786, 5.51427984238, 3.69634151459, 3.23978948593, 9.84824466705, 30.6264266968, 53.7642402649, 25.4772224426], [-18.0439243317, 4.80034303665, 15.320734024, 17.363489151, 19.6461811066, 5.54336357117, 9.19089984894, 2.42601943016, 9.00547122955, -2.29085946083, 9.81377506256, 25.4772224426, 48.4217796326]],
