{
"lowlevel": {
    "average_loudness": 0.92162758112,
    "barkbands_crest": {
        "dmean": 2.87105894089,
        "dmean2": 4.50891876221,
        "dvar": 7.52798652649,
        "dvar2": 16.598575592,
        "max": 23.8163585663,
        "mean": 10.4539203644,
        "median": 9.80033683777,
        "min": 2.31947827339,
        "var": 16.6242866516
    },
    "barkbands_flatness_db": {
        "dmean": 0.0309327244759,
        "dmean2": 0.0438021011651,
        "dvar": 0.000635801174212,
        "dvar2": 0.00133863382507,
        "max": 0.364691585302,
        "mean": 0.185673221946,
        "median": 0.184161499143,
        "min": 0.0696703493595,
        "var": 0.00236550997943
    },
    "barkbands_kurtosis": {
        "dmean": 4.79173660278,
        "dmean2": 7.23117017746,
        "dvar": 50.5020713806,
        "dvar2": 114.549530029,
        "max": 128.223815918,
        "mean": 7.27685689926,
        "median": 4.24739122391,
        "min": -1.86353623867,
        "var": 91.3172302246
    },
    "barkbands_skewness": {
        "dmean": 0.733628034592,
        "dmean2": 1.06809091568,
        "dvar": 0.558774828911,
        "dvar2": 1.13891255856,
        "max": 9.65963363647,
        "mean": 2.12101364136,
        "median": 1.97354757786,
        "min": -2.28054594994,
        "var": 1.75246047974
    },
    "barkbands_spread": {
        "dmean": 7.29824018478,
        "dmean2": 10.2796516418,
        "dvar": 63.1735954285,
        "dvar2": 118.754844666,
        "max": 80.5170669556,
        "mean": 19.246887207,
        "median": 14.8388557434,
        "min": 1.75799787045,
        "var": 184.897689819
    },
    "dissonance": {
        "dmean": 0.0211756732315,
        "dmean2": 0.0337686166167,
        "dvar": 0.000439859053586,
        "dvar2": 0.0011201670859,
        "max": 0.499811738729,
        "mean": 0.459503799677,
        "median": 0.467371672392,
        "min": 0.28711104393,
        "var": 0.000898375699762
    },
    "dynamic_complexity": 2.87277793884,
    "erbbands_crest": {
        "dmean": 2.61586475372,
        "dmean2": 4.01024580002,
        "dvar": 6.69219303131,
        "dvar2": 14.6015529633,
        "max": 27.7351284027,
        "mean": 8.04325866699,
        "median": 6.91292047501,
        "min": 2.42710375786,
        "var": 19.1170024872
    },
    "erbbands_flatness_db": {
        "dmean": 0.0227611213923,
        "dmean2": 0.030195729807,
        "dvar": 0.000467282225145,
        "dvar2": 0.000778372748755,
        "max": 0.328438401222,
        "mean": 0.174158021808,
        "median": 0.16474288702,
        "min": 0.104459866881,
        "var": 0.00155274639837
    },
    "erbbands_kurtosis": {
        "dmean": 1.19431376457,
        "dmean2": 1.83795189857,
        "dvar": 2.74427366257,
        "dvar2": 5.98558521271,
        "max": 22.3648147583,
        "mean": 0.455249100924,
        "median": -0.300423145294,
        "min": -1.80526554585,
        "var": 5.46260118484
    },
    "erbbands_skewness": {
        "dmean": 0.449029266834,
        "dmean2": 0.648736476898,
        "dvar": 0.172760501504,
        "dvar2": 0.338860213757,
        "max": 2.95369243622,
        "mean": 0.432024747133,
        "median": 0.399773240089,
        "min": -2.37724494934,
        "var": 0.531969428062
    },
    "erbbands_spread": {
        "dmean": 14.7194986343,
        "dmean2": 20.9490299225,
        "dvar": 203.252441406,
        "dvar2": 369.617004395,
        "max": 131.54750061,
        "mean": 50.223400116,
        "median": 47.3223609924,
        "min": 3.54611182213,
        "var": 661.817443848
    },
    "hfc": {
        "dmean": 8.14179706573,
        "dmean2": 10.7439231873,
        "dvar": 104.586753845,
        "dvar2": 182.416534424,
        "max": 140.221313477,
        "mean": 20.8699436188,
        "median": 15.629904747,
        "min": 0.000211363076232,
        "var": 343.32409668
    },
    "melbands_crest": {
        "dmean": 3.67100119591,
        "dmean2": 5.80281972885,
        "dvar": 10.1359891891,
        "dvar2": 23.8680152893,
        "max": 31.9595432281,
        "mean": 15.7566146851,
        "median": 15.2250642776,
        "min": 3.5522313118,
        "var": 26.3055973053
    },
    "melbands_flatness_db": {
        "dmean": 0.0401388294995,
        "dmean2": 0.0541156157851,
        "dvar": 0.00109328713734,
        "dvar2": 0.00208987761289,
        "max": 0.443107426167,
        "mean": 0.221248820424,
        "median": 0.223687008023,
        "min": 0.026515185833,
        "var": 0.00484914518893
    },
    "melbands_kurtosis": {
        "dmean": 13.895524025,
        "dmean2": 20.8659267426,
        "dvar": 524.503662109,
        "dvar2": 1014.24621582,
        "max": 315.86239624,
        "mean": 24.4534854889,
        "median": 15.1214733124,
        "min": -1.67684102058,
        "var": 989.495727539
    },
    "melbands_skewness": {
        "dmean": 1.09797143936,
        "dmean2": 1.62397277355,
        "dvar": 1.45838141441,
        "dvar2": 2.62696671486,
        "max": 13.6669130325,
        "mean": 3.57447743416,
        "median": 3.25632691383,
        "min": -1.12348401546,
        "var": 4.25936555862
    },
    "melbands_spread": {
        "dmean": 7.16646957397,
        "dmean2": 10.4106845856,
        "dvar": 105.373313904,
        "dvar2": 209.04347229,
        "max": 172.321273804,
        "mean": 17.7508144379,
        "median": 12.9462947845,
        "min": 1.07524001598,
        "var": 315.802307129
    },
    "pitch_salience": {
        "dmean": 0.0819929763675,
        "dmean2": 0.129292875528,
        "dvar": 0.00528449146077,
        "dvar2": 0.0128326993436,
        "max": 0.823048293591,
        "mean": 0.541923642159,
        "median": 0.55209851265,
        "min": 0.179652288556,
        "var": 0.0125569896773
    },
    "silence_rate_20dB": {
        "dmean": 0,
        "dmean2": 0,
        "dvar": 0,
        "dvar2": 0,
        "max": 1,
        "mean": 1,
        "median": 1,
        "min": 1,
        "var": 0
    },
    "silence_rate_30dB": {
        "dmean": 0.0743609592319,
        "dmean2": 0.148779541254,
        "dvar": 0.0688304007053,
        "dvar2": 0.166936278343,
        "max": 1,
        "mean": 0.940766572952,
        "median": 1,
        "min": 0,
        "var": 0.0557255931199
    },
    "silence_rate_60dB": {
        "dmean": 0.0240123942494,
        "dmean2": 0.0480433925986,
        "dvar": 0.0234354957938,
        "dvar2": 0.0519325658679,
        "max": 1,
        "mean": 0.048393342644,
        "median": 0,
        "min": 0,
        "var": 0.0460517369211
    },
    "spectral_centroid": {
        "dmean": 332.254272461,
        "dmean2": 468.150970459,
        "dvar": 123669.070312,
        "dvar2": 233689.0625,
        "max": 4558.91113281,
        "mean": 1074.546875,
        "median": 902.977050781,
        "min": 255.112121582,
        "var": 412939
    },
    "spectral_complexity": {
        "dmean": 4.87529039383,
        "dmean2": 6.89035272598,
        "dvar": 30.5737171173,
        "dvar2": 50.5884437561,
        "max": 59,
        "mean": 18.0840110779,
        "median": 15,
        "min": 0,
        "var": 122.730384827
    },
    "spectral_decrease": {
        "dmean": 4.95777463527e-09,
        "dmean2": 7.55215534554e-09,
        "dvar": 6.34961639122e-17,
        "dvar2": 1.3994438803e-16,
        "max": -1.53611783124e-13,
        "mean": -1.06871915762e-08,
        "median": -8.34480573531e-09,
        "min": -7.25369986299e-08,
        "var": 9.85167543514e-17
    },
    "spectral_energy": {
        "dmean": 0.0192212425172,
        "dmean2": 0.0291217174381,
        "dvar": 0.00093284342438,
        "dvar2": 0.00205644918606,
        "max": 0.278447508812,
        "mean": 0.0422288775444,
        "median": 0.033090159297,
        "min": 5.98936082952e-07,
        "var": 0.00147661101073
    },
    "spectral_energyband_high": {
        "dmean": 0.000766635639593,
        "dmean2": 0.000964628183283,
        "dvar": 1.0564550621e-06,
        "dvar2": 1.43917611695e-06,
        "max": 0.0118996622041,
        "mean": 0.00121526687872,
        "median": 0.000511221645866,
        "min": 4.99887820027e-09,
        "var": 3.21637776324e-06
    },
    "spectral_energyband_low": {
        "dmean": 0.0152652766556,
        "dmean2": 0.0233978647739,
        "dvar": 0.000848597555887,
        "dvar2": 0.00186892179772,
        "max": 0.25465631485,
        "mean": 0.022649358958,
        "median": 0.0127150146291,
        "min": 3.38108463893e-07,
        "var": 0.00103444163688
    },
    "spectral_energyband_middle_high": {
        "dmean": 0.00193651416339,
        "dmean2": 0.00281942007132,
        "dvar": 2.46550134761e-05,
        "dvar2": 6.18532212684e-05,
        "max": 0.128281459212,
        "mean": 0.00473795132712,
        "median": 0.00226288801059,
        "min": 4.54485764578e-08,
        "var": 5.61843335163e-05
    },
    "spectral_energyband_middle_low": {
        "dmean": 0.00671352725476,
        "dmean2": 0.0107797980309,
        "dvar": 0.000106144711026,
        "dvar2": 0.000270414806437,
        "max": 0.109697803855,
        "mean": 0.0160033386201,
        "median": 0.0128860715777,
        "min": 2.31138656659e-07,
        "var": 0.000182786490768
    },
    "spectral_entropy": {
        "dmean": 0.289583623409,
        "dmean2": 0.376631170511,
        "dvar": 0.0701603218913,
        "dvar2": 0.118578150868,
        "max": 8.35174655914,
        "mean": 7.5156712532,
        "median": 7.60592412949,
        "min": 5.46580982208,
        "var": 0.229841098189
    },
    "spectral_flux": {
        "dmean": 0.042269743979,
        "dmean2": 0.0674297958612,
        "dvar": 0.00301169208251,
        "dvar2": 0.00717149395496,
        "max": 0.465158313513,
        "mean": 0.103031948209,
        "median": 0.0813361555338,
        "min": 0.000773909618147,
        "var": 0.00512121757492
    },
    "spectral_kurtosis": {
        "dmean": 2.33369922638,
        "dmean2": 3.58569526672,
        "dvar": 10.0160331726,
        "dvar2": 21.5735855103,
        "max": 42.6215591431,
        "mean": 2.70485877991,
        "median": 1.28658437729,
        "min": -1.10684323311,
        "var": 15.5008602142
    },
    "spectral_rms": {
        "dmean": 0.00129117479082,
        "dmean2": 0.00190984201618,
        "dvar": 2.87378315988e-06,
        "dvar2": 5.94545008425e-06,
        "max": 0.0164819937199,
        "mean": 0.00582208763808,
        "median": 0.00568182021379,
        "min": 2.41728739638e-05,
        "var": 7.30231295165e-06
    },
    "spectral_rolloff": {
        "dmean": 536.704711914,
        "dmean2": 873.015991211,
        "dvar": 971818.3125,
        "dvar2": 2048839.375,
        "max": 7838.0859375,
        "mean": 1092.58532715,
        "median": 645.99609375,
        "min": 64.599609375,
        "var": 1887981.125
    },
    "spectral_skewness": {
        "dmean": 0.408322691917,
        "dmean2": 0.566411554813,
        "dvar": 0.168162226677,
        "dvar2": 0.321112126112,
        "max": 5.27856111526,
        "mean": 1.22906708717,
        "median": 1.09790349007,
        "min": -0.00109551276546,
        "var": 0.458921939135
    },
    "spectral_spread": {
        "dmean": 700555.375,
        "dmean2": 941357.9375,
        "dvar": 398631993344,
        "dvar2": 675076833280,
        "max": 9331884,
        "mean": 4552914.5,
        "median": 4640397,
        "min": 1348226.375,
        "var": 1.31044461773e+12
    },
    "spectral_strongpeak": {
        "dmean": 0.405815601349,
        "dmean2": 0.673542797565,
        "dvar": 0.746891975403,
        "dvar2": 1.75214934349,
        "max": 13.0542879105,
        "mean": 0.75851559639,
        "median": 0.530313849449,
        "min": 0,
        "var": 1.10700678825
    },
    "zerocrossingrate": {
        "dmean": 0.0138384802267,
        "dmean2": 0.0155309764668,
        "dvar": 0.000189897647942,
        "dvar2": 0.000223712864681,
        "max": 0.26513671875,
        "mean": 0.0502027980983,
        "median": 0.0400390625,
        "min": 0.00634765625,
        "var": 0.0011334331939
    },
    "barkbands": {
        "dmean": [0.0002146748011, 0.0111511265859, 0.00454294122756, 0.0034777096007, 0.00284283724613, 0.00124007905833, 0.00101378466934, 0.000524858071003, 0.00085477961693, 0.000608145608567, 0.000749672937673, 0.000466290832264, 0.000209201840335, 0.000245316128712, 0.000160266063176, 0.000136963513796, 9.41726029851e-05, 0.000111252797069, 0.000117376235721, 0.000178300324478, 0.000206556622288, 0.000221664071432, 0.000179308801307, 9.61638870649e-05, 1.74776032509e-05, 1.39864599902e-08, 1.92760718498e-09],
        "dmean2": [0.000333964562742, 0.017075125128, 0.00797702837735, 0.00584680633619, 0.00474715884775, 0.00196434278041, 0.00163807731587, 0.000793091312516, 0.00125546636991, 0.000889166432898, 0.00118729949463, 0.00072170747444, 0.000333695381414, 0.000378948112484, 0.000253813166637, 0.000224553441512, 0.000146171878441, 0.000167932754266, 0.000173382519279, 0.000262639397988, 0.000281544489553, 0.000290619587759, 0.000241080240812, 0.000129545267555, 2.56066232396e-05, 2.14612274618e-08, 3.55032137023e-09],
        "dvar": [2.22608861122e-07, 0.000606929883361, 7.01481694705e-05, 5.08894408995e-05, 1.55423786055e-05, 2.72823785963e-06, 4.3042600737e-06, 1.6193069996e-06, 4.22206085204e-06, 3.55811607733e-06, 1.98163579626e-05, 2.05499281947e-06, 1.61050920156e-07, 3.29031337287e-07, 1.08624242046e-07, 5.50944356803e-08, 3.07755492202e-08, 3.38300019109e-08, 4.14246983382e-08, 7.40161496537e-08, 1.01162093813e-07, 1.11495623401e-07, 5.48034613246e-08, 1.80016073159e-08, 7.81645526082e-10, 7.3534069467e-16, 3.01182582167e-17],
        "dvar2": [4.97218877626e-07, 0.00132216850761, 0.000202490860829, 0.000134508256451, 4.38150527771e-05, 6.52099652143e-06, 1.11954705062e-05, 3.53912241735e-06, 7.91374350229e-06, 7.2315201578e-06, 5.38547428732e-05, 4.14072746935e-06, 3.62606215276e-07, 6.59969032313e-07, 2.37053455976e-07, 1.42109968237e-07, 7.47510284782e-08, 7.4377695114e-08, 8.86474111894e-08, 1.46105151089e-07, 1.68769432207e-07, 1.83079862381e-07, 9.04662869061e-08, 2.95967179653e-08, 1.59078006323e-09, 1.77754289728e-15, 9.04739713764e-17],
        "max": [0.00559834064916, 0.201804131269, 0.0968047231436, 0.0711438283324, 0.0416213274002, 0.0240500625223, 0.0327177122235, 0.0337059907615, 0.0505181699991, 0.0370402224362, 0.119263239205, 0.0348104052246, 0.00707270670682, 0.0165420584381, 0.00878454465419, 0.00353338359855, 0.00294696167111, 0.00334504153579, 0.00346788275056, 0.00321188685484, 0.0043377475813, 0.00352363474667, 0.0027380103711, 0.00258117821068, 0.000483177311253, 7.04156946085e-07, 1.71734924947e-07],
        "mean": [0.000211123784538, 0.0131680266932, 0.00698056351393, 0.004215660505, 0.00545815052465, 0.00217024306767, 0.00141399889253, 0.000893801974598, 0.0016478325706, 0.00105274736416, 0.000989319058135, 0.00094955379609, 0.000365628191503, 0.000438137707533, 0.000247086165473, 0.000249567674473, 0.000144252044265, 0.000157913309522, 0.000173871012521, 0.000240013119765, 0.000303297914797, 0.000323479354847, 0.000263624271611, 0.000147213344462, 2.38384291151e-05, 1.8359866516e-08, 1.51935575232e-09],
        "median": [2.15458112507e-05, 0.00471713999286, 0.00474281515926, 0.00161187385675, 0.00382929365151, 0.00137609266676, 0.00065344927134, 0.000283457222395, 0.000415570044424, 0.000178944334039, 0.000141068987432, 0.000234847364482, 0.00018693318998, 0.000174702159711, 0.000108850828838, 0.000103197715362, 6.72283567837e-05, 6.88287182129e-05, 7.24428100511e-05, 9.28104709601e-05, 0.00012158483878, 0.000124655212858, 9.85401929938e-05, 6.05815039307e-05, 8.78996524989e-06, 7.93444865366e-09, 4.51340465002e-10],
        "min": [7.97723220813e-10, 2.68782514468e-07, 4.56012756445e-08, 5.16848359666e-08, 4.69822545313e-08, 1.72411418475e-08, 6.645544115e-09, 3.0087619507e-08, 7.70045431864e-08, 2.17701714433e-08, 2.06448436124e-09, 3.64443719647e-09, 6.13729689292e-09, 2.8018656284e-09, 2.88227908207e-09, 4.17466994307e-09, 4.17635620531e-10, 1.33371369504e-09, 5.59298385383e-10, 5.37928368516e-10, 1.51564094608e-09, 1.19608234428e-09, 1.11395648261e-09, 6.52482678998e-10, 1.19281279298e-10, 7.57378361416e-12, 8.80473385173e-12],
        "var": [2.57738804521e-07, 0.000668971566483, 7.22540717106e-05, 5.1729286497e-05, 2.91218821076e-05, 5.63209823667e-06, 5.50013692191e-06, 3.53603718395e-06, 1.11589661174e-05, 8.73174121807e-06, 2.46310537477e-05, 6.54981613479e-06, 3.72044809183e-07, 1.24971290916e-06, 1.99029500436e-07, 1.40851668107e-07, 5.00701560213e-08, 5.94240709972e-08, 7.8713632945e-08, 1.43948540199e-07, 2.35915564417e-07, 2.74896223118e-07, 1.4874377996e-07, 4.86036739744e-08, 1.70004010869e-09, 1.21045497437e-15, 1.90193406634e-17]
    },
    "erbbands": {
        "dmean": [0.30074942112, 2.64217472076, 5.38067626953, 8.88582134247, 10.4883880615, 9.02139472961, 9.75956439972, 10.7687711716, 14.3943872452, 11.1541080475, 11.2169017792, 15.9576225281, 20.9358921051, 20.7961444855, 29.3449058533, 15.2059249878, 8.75296020508, 12.3786334991, 9.28681468964, 6.76490402222, 7.9254655838, 5.19243860245, 6.03297758102, 5.63699579239, 6.22300195694, 8.86855697632, 8.09196662903, 8.9407453537, 8.38710689545, 6.43269443512, 4.89951944351, 2.6690723896, 1.33912932873, 0.370404481888, 0.0152767617255, 0.000752555439249, 6.55505500617e-05, 1.283468373e-05, 1.11557274067e-05, 2.19777521124e-05],
        "dmean2": [0.467551141977, 4.2004032135, 9.41574478149, 15.1444358826, 17.6721935272, 14.9246931076, 15.7160873413, 16.9421463013, 23.344209671, 17.6958007812, 17.1132698059, 24.1007099152, 29.8356552124, 30.8713550568, 46.7025299072, 23.6470012665, 14.0546646118, 18.8745803833, 14.6728858948, 10.3097238541, 12.9211168289, 7.86394119263, 9.10154628754, 8.41789054871, 9.21513557434, 13.3104457855, 11.1847743988, 12.2600078583, 11.2791414261, 8.67787837982, 6.60772705078, 3.64643621445, 1.82431387901, 0.51831638813, 0.0223921258003, 0.0010729850037, 8.73899261933e-05, 1.65489727806e-05, 1.57602553372e-05, 3.26508670696e-05],
        "dvar": [0.53031027317, 34.3125076294, 111.733985901, 289.220581055, 342.260437012, 168.055206299, 248.438980103, 271.70791626, 793.67779541, 690.934204102, 646.538024902, 1195.29162598, 3976.7746582, 4206.79833984, 24091.2480469, 1639.63439941, 242.059204102, 824.933105469, 319.383605957, 217.400924683, 192.189849854, 92.1593170166, 101.234916687, 92.7658309937, 109.278457642, 169.514770508, 190.850753784, 190.712860107, 170.498687744, 73.7496871948, 43.3328552246, 13.1353435516, 4.176197052, 0.319520443678, 0.00130185543094, 2.51893061431e-06, 8.47645598157e-09, 2.64852278997e-10, 2.34060187898e-10, 1.13915599176e-09],
        "dvar2": [1.072676301, 80.9090194702, 316.233184814, 762.184448242, 950.34387207, 456.889709473, 672.016784668, 612.066711426, 2110.87695312, 1565.09509277, 1399.73217773, 2356.22436523, 7781.58984375, 9684.22070312, 65480.8320312, 3778.47924805, 575.175231934, 1544.20910645, 759.004577637, 401.511688232, 507.618560791, 216.866760254, 226.613861084, 196.888153076, 230.687957764, 349.132659912, 344.403991699, 331.705688477, 298.860687256, 123.131622314, 72.4142379761, 23.204158783, 6.83944272995, 0.593768000603, 0.00291455327533, 5.53519839741e-06, 1.49947361194e-08, 4.12849865405e-10, 4.78542927507e-10, 2.49661558094e-09],
        "max": [6.65521383286, 47.7785453796, 123.49887085, 174.646896362, 199.013183594, 177.10585022, 279.548034668, 249.445098877, 455.178771973, 631.175964355, 545.255554199, 657.012451172, 1255.16345215, 1273.72875977, 4032.22607422, 950.258056641, 267.033294678, 928.20690918, 423.700195312, 579.56048584, 251.24281311, 176.562728882, 161.747665405, 110.240959167, 195.821029663, 143.816238403, 183.655807495, 175.009689331, 146.700271606, 92.8452911377, 78.8596038818, 48.5991859436, 49.8692970276, 10.3513278961, 0.935089290142, 0.0393138825893, 0.00183892110363, 0.0002763584489, 0.000133652923978, 0.000306342932163],
        "mean": [0.309724569321, 3.18922519684, 8.4095249176, 11.589214325, 16.7716026306, 16.5089130402, 17.5718994141, 18.7581501007, 21.9805450439, 17.9853858948, 21.0800533295, 30.9558200836, 41.0560417175, 35.8299598694, 46.7869033813, 30.8165168762, 16.8526687622, 25.0026168823, 14.9607572556, 11.3890237808, 14.6017141342, 8.44342803955, 8.64797592163, 8.58905220032, 8.98385715485, 11.7802066803, 11.9181375504, 12.6208772659, 12.0233716965, 9.29400348663, 7.16399145126, 4.01669359207, 2.0137321949, 0.544387936592, 0.0203066635877, 0.00106245349161, 0.000110824650619, 2.23247006943e-05, 2.60186352534e-05, 4.99025409226e-05],
        "median": [0.0584347732365, 1.25387108326, 5.58715391159, 4.81708669662, 10.752497673, 10.0667028427, 9.5174446106, 10.1398210526, 12.0093784332, 7.61539363861, 8.23838710785, 10.5058803558, 7.93095970154, 7.6947388649, 8.78560066223, 9.62716007233, 9.59536552429, 9.80658531189, 7.32258462906, 5.5895075798, 6.10469293594, 4.35361766815, 4.00981378555, 3.7813501358, 3.77112650871, 4.67144823074, 4.2326631546, 5.13289260864, 4.63241958618, 3.70521068573, 2.66462230682, 1.60897326469, 0.847598135471, 0.217866688967, 0.0067623234354, 0.000400149758207, 5.50736804144e-05, 1.1604320207e-05, 2.00824342755e-05, 3.95931529056e-05],
        "min": [5.66318703932e-06, 6.54370523989e-05, 8.88719659997e-05, 9.62289050221e-05, 0.000223609822569, 0.000116845723824, 0.000103298421891, 0.000124863305246, 0.000122900120914, 0.000272715638857, 0.000728117709514, 0.00192281382624, 0.000998627743684, 0.00040844862815, 0.000129805892357, 0.000197030327399, 0.000279182480881, 0.000129594598548, 0.000135609399877, 0.000150476684212, 0.00023606364266, 4.23371166107e-05, 9.15950222407e-05, 2.48866199399e-05, 3.0989642255e-05, 2.39739019889e-05, 3.67263055523e-05, 7.94849620434e-05, 5.4284097132e-05, 3.34061842295e-05, 2.93704270007e-05, 1.49445140778e-05, 1.13247706395e-05, 2.87241732622e-06, 1.3395857934e-07, 2.80707990186e-08, 1.45717926614e-08, 5.62760549272e-09, 1.63013513799e-09, 8.13491995988e-10],
        "var": [0.593585789204, 34.5770339966, 108.577789307, 317.661834717, 424.782989502, 361.165649414, 586.082275391, 573.40032959, 1066.9744873, 1163.29394531, 1542.4465332, 3138.32421875, 9317.08691406, 9364.640625, 31276.8066406, 4700.79736328, 522.520385742, 4229.26220703, 535.082641602, 490.190246582, 513.598815918, 158.788848877, 169.990112305, 176.396499634, 207.14263916, 318.336700439, 421.470977783, 413.922912598, 392.86932373, 191.493499756, 114.174255371, 34.0988502502, 10.891711235, 0.81181448698, 0.00226148637012, 4.77712501379e-06, 2.37098252143e-08, 8.3165713205e-10, 4.65970428909e-10, 1.88907023357e-09]
    },
    "gfcc": {
        "mean": [-15.7985811234, 134.55166626, -130.137588501, 64.9672546387, -82.3501281738, 26.2462863922, -29.465177536, -14.0757808685, -5.77300262451, -20.9470462799, 4.81935310364, -21.246049881, 4.41008853912],
        "cov": [[4245.01464844, -625.278076172, -185.505554199, 457.667358398, 41.9888839722, 382.305297852, 111.676071167, 331.674530029, 40.4537467957, -4.37863969803, -137.639389038, -71.5291900635, -40.813495636], [-625.278076172, 1112.15332031, 112.572547913, -430.869293213, 378.128601074, -58.788482666, 205.779937744, -68.5915603638, 98.6706542969, -108.64213562, 83.2311553955, -42.5912857056, 44.6783294678], [-185.505554199, 112.572547913, 480.360076904, 146.8878479, 58.9326210022, 70.0389633179, 30.9524803162, 15.6438264847, 27.4737281799, 79.9423446655, 63.6673240662, 9.96874046326, 13.8325090408], [457.667358398, -430.869293213, 146.8878479, 449.023712158, -62.266292572, 10.9305057526, -49.3031082153, 62.1205596924, 13.9596624374, 61.8895072937, -1.81451439857, 17.2080516815, -31.7364196777], [41.9888839722, 378.128601074, 58.9326210022, -62.266292572, 296.386688232, 64.7732009888, 110.066421509, 32.9285964966, 60.170337677, -32.0000228882, 28.3266735077, -26.983001709, 18.0337753296], [382.305297852, -58.788482666, 70.0389633179, 10.9305057526, 64.7732009888, 229.974685669, 78.9175491333, 64.6055831909, 13.2602062225, 41.0286941528, -0.924227356911, -6.19380617142, 28.0669078827], [111.676071167, 205.779937744, 30.9524803162, -49.3031082153, 110.066421509, 78.9175491333, 169.203735352, 53.3567962646, 36.4030532837, -28.5994472504, 23.1561317444, 0.1631205827, 25.6082401276], [331.674530029, -68.5915603638, 15.6438264847, 62.1205596924, 32.9285964966, 64.6055831909, 53.3567962646, 144.427764893, 39.0862121582, 4.29500341415, -13.145072937, 7.98598384857, 15.3981199265], [40.4537467957, 98.6706542969, 27.4737281799, 13.9596624374, 60.170337677, 13.2602062225, 36.4030532837, 39.0862121582, 88.4654006958, 21.1892871857, 11.3036527634, -4.503947258, 1.12295544147], [-4.37863969803, -108.64213562, 79.9423446655, 61.8895072937, -32.0000228882, 41.0286941528, -28.5994472504, 4.29500341415, 21.1892871857, 101.46849823, 30.9593238831, 3.58273816109, -5.61667728424], [-137.639389038, 83.2311553955, 63.6673240662, -1.81451439857, 28.3266735077, -0.924227356911, 23.1561317444, -13.145072937, 11.3036527634, 30.9593238831, 68.3352203369, 25.6197013855, 8.08883285522], [-71.5291900635, -42.5912857056, 9.96874046326, 17.2080516815, -26.983001709, -6.19380617142, 0.1631205827, 7.98598384857, -4.503947258, 3.58273816109, 25.6197013855, 58.3530273438, 28.1715869904], [-40.813495636, 44.6783294678, 13.8325090408, -31.7364196777, 18.0337753296, 28.0669078827, 25.6082401276, 15.3981199265, 1.12295544147, -5.61667728424, 8.08883285522, 28.1715869904, 58.2362861633]],
        "icov": [[0.000448191160103, -0.00055311556207, 0.000624109408818, -0.000962257327046, 0.000416700087953, -0.00109172123484, 0.000277109094895, -0.000801865186077, 0.000447390659247, 3.09693605232e-05, 0.000320884952089, 0.000205569798709, 0.00040344541776], [-0.00055311556207, 0.0129153346643, -0.00619676848873, 0.0106714423746, -0.00841141119599, 0.0081264609471, -0.00562036363408, 0.00559101533145, -0.0100576076657, 0.00866701919585, -0.00881959311664, 0.00778339290991, -0.00483778724447], [0.000624109408818, -0.00619676848873, 0.00633943453431, -0.00667716981843, 0.0036077585537, -0.00484783342108, 0.00243848701939, -0.00279990467243, 0.00509424461052, -0.00514222308993, 0.00189543282613, -0.00195980235003, 0.00102478708141], [-0.000962257327046, 0.0106714423746, -0.00667716981843, 0.0128351282328, -0.00694288080558, 0.0077988402918, -0.00405631354079, 0.00358961033635, -0.0082039590925, 0.00537533638999, -0.00541637977585, 0.00304876104929, -0.00110078288708], [0.000416700087953, -0.00841141119599, 0.0036077585537, -0.00694288080558, 0.0123008508235, -0.00733648054302, 0.00340661150403, -0.00399338174611, 0.00237836898305, 5.93748336541e-05, -0.000584020046517, 0.00129773130175, 0.000802431546617], [-0.00109172123484, 0.0081264609471, -0.00484783342108, 0.0077988402918, -0.00733648054302, 0.0149793280289, -0.00831913761795, 0.0027653502766, -0.00238328939304, -0.00317768799141, 0.000403338810429, 0.00351965264417, -0.00563770206645], [0.000277109094895, -0.00562036363408, 0.00243848701939, -0.00405631354079, 0.00340661150403, -0.00831913761795, 0.0159523077309, -0.0055883298628, 0.000324048422044, 0.00537871802226, -0.00569472741336, 0.000539376866072, 0.00017631353694], [-0.000801865186077, 0.00559101533145, -0.00279990467243, 0.00358961033635, -0.00399338174611, 0.0027653502766, -0.0055883298628, 0.0146135594696, -0.00824546348304, 0.00247432594188, 0.00168357999064, -0.00107531715184, -0.00304885883816], [0.000447390659247, -0.0100576076657, 0.00509424461052, -0.0082039590925, 0.00237836898305, -0.00238328939304, 0.000324048422044, -0.00824546348304, 0.0263017397374, -0.0157422479242, 0.0103616584092, -0.00713122775778, 0.00478366017342], [3.09693605232e-05, 0.00866701919585, -0.00514222308993, 0.00537533638999, 5.93748336541e-05, -0.00317768799141, 0.00537871802226, 0.00247432594188, -0.0157422479242, 0.0324883945286, -0.0239613726735, 0.0143009303138, -0.00413605058566], [0.000320884952089, -0.00881959311664, 0.00189543282613, -0.00541637977585, -0.000584020046517, 0.000403338810429, -0.00569472741336, 0.00168357999064, 0.0103616584092, -0.0239613726735, 0.0448878072202, -0.0275909993798, 0.0102362111211], [0.000205569798709, 0.00778339290991, -0.00195980235003, 0.00304876104929, 0.00129773130175, 0.00351965264417, 0.000539376866072, -0.00107531715184, -0.00713122775778, 0.0143009303138, -0.0275909993798, 0.0450182929635, -0.0221796873957], [0.00040344541776, -0.00483778724447, 0.00102478708141, -0.00110078288708, 0.000802431546617, -0.00563770206645, 0.00017631353694, -0.00304885883816, 0.00478366017342, -0.00413605058566, 0.0102362111211, -0.0221796873957, 0.0323360078037]]
    },
    "melbands": {
        "dmean": [0.00290831830353, 0.00297708809376, 0.00150729331654, 0.000697868643329, 0.000328879221343, 0.000234021586948, 0.000222843736992, 0.000118549462059, 9.20197853702e-05, 0.000112067573355, 0.000107494437543, 8.46825350891e-05, 0.000115207563795, 6.04570886935e-05, 2.44369439315e-05, 1.9751571017e-05, 2.39710170717e-05, 1.60475738085e-05, 1.12346588139e-05, 8.8937840701e-06, 9.44647308643e-06, 5.50781624042e-06, 6.03269063504e-06, 5.47988565813e-06, 4.66598066851e-06, 4.74733269584e-06, 4.72715919386e-06, 6.50601396046e-06, 5.27017209606e-06, 4.98170038554e-06, 5.56127088203e-06, 5.17400258104e-06, 3.93560458178e-06, 3.58387069355e-06, 2.99666953651e-06, 2.41497036768e-06, 1.4128421526e-06, 1.01022544641e-06, 7.18540150046e-07, 1.78629676384e-07],
        "dmean2": [0.00445304298773, 0.0049943048507, 0.00256533594802, 0.00117492338177, 0.000527331896592, 0.000369548593881, 0.000359558995115, 0.000186353398021, 0.000140056072269, 0.000166770521901, 0.0001532760798, 0.000126071608975, 0.000186149249203, 9.17183133424e-05, 3.9618484152e-05, 3.1458454032e-05, 3.69721856259e-05, 2.56462462858e-05, 1.76596640813e-05, 1.4142564396e-05, 1.54722674779e-05, 8.56114274939e-06, 9.33446608542e-06, 8.3829918367e-06, 7.1040453804e-06, 7.25292102288e-06, 7.15673013474e-06, 9.95297432382e-06, 7.60069724492e-06, 7.0121727731e-06, 7.83826726547e-06, 7.16932572686e-06, 5.25970017407e-06, 5.05162097397e-06, 4.15129034081e-06, 3.40747328664e-06, 1.96223663806e-06, 1.40653992275e-06, 1.01342811831e-06, 2.67306973001e-07],
        "dvar": [4.49060680694e-05, 3.63978797395e-05, 7.8843522715e-06, 1.11459621621e-06, 2.63307754267e-07, 1.20037128681e-07, 1.90654276366e-07, 7.49591819726e-08, 3.71798556387e-08, 6.47694733402e-08, 1.03376301297e-07, 6.32708392345e-08, 4.77496826079e-07, 3.42765389405e-08, 2.57237009471e-09, 1.42147082993e-09, 3.35062178003e-09, 1.11343512188e-09, 5.80884174095e-10, 2.60584054335e-10, 2.62527333206e-10, 1.17829634938e-10, 1.45334702606e-10, 6.83875595042e-11, 7.00030727829e-11, 7.77061748281e-11, 5.27262435102e-11, 9.95428184325e-11, 9.76979191991e-11, 5.84519307956e-11, 7.97906601901e-11, 7.22981813306e-11, 3.46284771691e-11, 2.34343013744e-11, 1.74108522738e-11, 1.10576678022e-11, 4.15055316505e-12, 2.82523180198e-12, 1.08766262056e-12, 1.23009092604e-13],
        "dvar2": [9.27748405957e-05, 9.61725454545e-05, 2.0983405193e-05, 3.14915268973e-06, 7.05491231656e-07, 2.74662625088e-07, 5.02874286212e-07, 1.67409339724e-07, 8.00613619845e-08, 1.2247753034e-07, 2.02380974201e-07, 1.36648267812e-07, 1.32084323923e-06, 6.88570835905e-08, 6.10339156992e-09, 2.98623015205e-09, 6.15175288488e-09, 2.65433941493e-09, 1.28928079324e-09, 6.06340089249e-10, 6.95426327635e-10, 2.97536523197e-10, 3.53943985232e-10, 1.45797776629e-10, 1.57541701906e-10, 1.73865644104e-10, 1.16481782553e-10, 2.12173070779e-10, 1.86351892251e-10, 1.09592925013e-10, 1.50354756423e-10, 1.34858527123e-10, 6.25982113367e-11, 4.35620775563e-11, 3.06487127344e-11, 2.05830474193e-11, 7.83749627697e-12, 4.74175386456e-12, 2.07999242829e-12, 2.68678390083e-13],
        "max": [0.0561060681939, 0.0638295263052, 0.0274235457182, 0.0112551050261, 0.00972686428577, 0.00528634153306, 0.00698335887864, 0.00618964713067, 0.00357659929432, 0.00538080185652, 0.00648771459237, 0.0054456028156, 0.0182314384729, 0.00421247351915, 0.000881417188793, 0.000772252795286, 0.00202434463426, 0.000851460907143, 0.000634587369859, 0.000405286904424, 0.000297376565868, 0.000229034252698, 0.000226900083362, 0.000105745290057, 9.53959315666e-05, 0.000206343931495, 8.1228572526e-05, 0.000114728012704, 0.000123676058138, 9.0382702183e-05, 0.000120953729493, 9.82576602837e-05, 6.58671560814e-05, 5.23727139807e-05, 5.85744783166e-05, 3.79991797672e-05, 3.37237070198e-05, 4.3496973376e-05, 2.21813734242e-05, 7.82716506365e-06],
        "mean": [0.00324552250095, 0.00445693684742, 0.00218718778342, 0.0012323979754, 0.00063268566737, 0.000407875166275, 0.00033785472624, 0.000197770175873, 0.000168977829162, 0.000216415908653, 0.000208181256312, 0.00014470066526, 0.000162674230523, 0.000122855155496, 4.08085215895e-05, 3.85945713788e-05, 4.67654826934e-05, 2.33274640777e-05, 1.73381195054e-05, 1.48697099576e-05, 1.66013978742e-05, 8.16286228655e-06, 8.17901582195e-06, 7.68166228227e-06, 6.77589468978e-06, 6.65394099997e-06, 6.31703642284e-06, 8.23788923299e-06, 7.53031872591e-06, 6.86311886966e-06, 7.52956975703e-06, 7.21723517927e-06, 5.497975053e-06, 5.00946407556e-06, 4.21541471951e-06, 3.46259957951e-06, 2.06780805456e-06, 1.48642823206e-06, 1.03132879303e-06, 2.3742978783e-07],
        "median": [0.00100421172101, 0.00276403222233, 0.00120209925808, 0.000878761464264, 0.000356110656867, 0.000233754792134, 0.00018373709463, 8.06840107543e-05, 6.4640014898e-05, 5.85482812312e-05, 3.54330331902e-05, 2.6014931791e-05, 2.62209323409e-05, 2.79278192465e-05, 1.81093346328e-05, 1.78197115019e-05, 1.70117145899e-05, 1.04065147752e-05, 7.6421229096e-06, 6.49931462249e-06, 6.93332640367e-06, 3.71586565961e-06, 3.35218260261e-06, 3.41662735082e-06, 2.80653421214e-06, 2.62189314526e-06, 2.81168695437e-06, 3.0224805414e-06, 2.23114102482e-06, 2.71084650194e-06, 2.97850942843e-06, 2.68884878096e-06, 2.13462499232e-06, 1.88033516224e-06, 1.51807398652e-06, 1.30658827402e-06, 8.27366875455e-07, 6.22446236775e-07, 4.27704463846e-07, 8.33618969409e-08],
        "min": [6.47306421797e-08, 6.37607300291e-08, 2.18847659994e-08, 1.30843691437e-08, 3.24062621182e-09, 3.08455527787e-09, 1.68931868494e-09, 4.12257561422e-09, 6.00489924452e-09, 1.25445938082e-08, 4.94971708065e-09, 2.01901539931e-09, 3.73308023383e-10, 4.17734014047e-10, 7.63459739872e-10, 3.5215014238e-10, 2.576154845e-10, 2.12167394764e-10, 2.3111447478e-10, 2.33823016504e-10, 2.52903697984e-10, 2.70401218777e-11, 5.65889106408e-11, 7.25569604398e-11, 1.35757568381e-11, 2.23058325283e-11, 1.68922254656e-11, 1.61099501794e-11, 2.40163791632e-11, 2.62537838691e-11, 5.1418903857e-11, 3.39112314618e-11, 1.70735665189e-11, 1.91051844484e-11, 1.5191589306e-11, 1.41626580255e-11, 6.92888021264e-12, 1.03157595313e-11, 3.72920487893e-12, 1.55599610887e-12],
        "var": [5.05864591105e-05, 3.58080505976e-05, 8.64072717377e-06, 1.70386101672e-06, 7.02484271642e-07, 2.49900125482e-07, 2.56042312685e-07, 1.37478821216e-07, 9.17130904554e-08, 1.76584237011e-07, 2.46623869771e-07, 1.58671397799e-07, 5.65146137887e-07, 1.18777983005e-07, 4.91190244034e-09, 4.67478500354e-09, 1.78299490727e-08, 1.58709956288e-09, 1.05762210101e-09, 5.51300727292e-10, 6.81071365971e-10, 1.73344935628e-10, 1.97797139778e-10, 1.27171301267e-10, 1.20004561843e-10, 1.34266556207e-10, 8.97960525381e-11, 1.73141972981e-10, 1.98368363402e-10, 1.19360701878e-10, 1.56786014727e-10, 1.51769305456e-10, 7.89787124589e-11, 5.49623853374e-11, 4.22555983259e-11, 2.63002102735e-11, 9.72418846834e-12, 6.92464315055e-12, 2.49624106108e-12, 2.47827799948e-13]
    },
    "mfcc": {
        "mean": [-633.666137695, 122.280982971, 23.2997779846, 25.0288734436, -4.57826471329, 19.471622467, -2.94449710846, 5.33033227921, -5.39675331116, 2.4942779541, -5.12250137329, 1.82132136822, -5.01800107956],
        "cov": [[4576.85693359, -1000.02874756, -160.944290161, 113.740646362, 76.6483230591, 76.9345855713, 106.962989807, 254.840362549, 239.760116577, 200.374526978, -14.9195270538, -15.5679416656, 38.8081169128], [-1000.02874756, 1499.36462402, -185.932388306, -214.263870239, 93.4565887451, 25.7563362122, 127.713409424, 71.076789856, 36.0226364136, 5.55418539047, 40.3527412415, -19.9002857208, -4.52644205093], [-160.944290161, -185.932388306, 443.875335693, 119.043243408, 36.0030632019, 66.7133483887, 26.4109783173, -37.9271202087, -8.20705890656, 8.92395496368, 53.2622528076, 46.3771743774, 23.7120819092], [113.740646362, -214.263870239, 119.043243408, 307.074890137, 54.6624526978, -12.7216625214, -27.8936443329, 12.6830320358, -20.527130127, -1.45693039894, 16.5280761719, 52.1809272766, -0.626234710217], [76.6483230591, 93.4565887451, 36.0030632019, 54.6624526978, 165.430801392, 47.9899368286, 43.4075508118, 24.1492290497, 47.3093910217, 29.3501529694, 34.7220191956, 21.6821041107, 14.9603204727], [76.9345855713, 25.7563362122, 66.7133483887, -12.7216625214, 47.9899368286, 133.649368286, 59.2398033142, 5.11877584457, 15.5495920181, 39.6179847717, 17.2635555267, 9.42757129669, 13.6952295303], [106.962989807, 127.713409424, 26.4109783173, -27.8936443329, 43.4075508118, 59.2398033142, 142.330551147, 67.8871078491, 46.1658821106, 30.7366466522, 21.0673160553, -4.98046541214, 18.5811042786], [254.840362549, 71.076789856, -37.9271202087, 12.6830320358, 24.1492290497, 5.11877584457, 67.8871078491, 134.673126221, 72.1093444824, 23.8501167297, -1.75714850426, 3.99608969688, 12.2705421448], [239.760116577, 36.0226364136, -8.20705890656, -20.527130127, 47.3093910217, 15.5495920181, 46.1658821106, 72.1093444824, 114.456321716, 48.0721893311, 12.9559688568, 5.33899688721, 19.7486152649], [200.374526978, 5.55418539047, 8.92395496368, -1.45693039894, 29.3501529694, 39.6179847717, 30.7366466522, 23.8501167297, 48.0721893311, 81.4407577515, 29.5181694031, 5.42017173767, 11.6844863892], [-14.9195270538, 40.3527412415, 53.2622528076, 16.5280761719, 34.7220191956, 17.2635555267, 21.0673160553, -1.75714850426, 12.9559688568, 29.5181694031, 70.9828948975, 32.9959182739, 5.21348381042], [-15.5679416656, -19.9002857208, 46.3771743774, 52.1809272766, 21.6821041107, 9.42757129669, -4.98046541214, 3.99608969688, 5.33899688721, 5.42017173767, 32.9959182739, 69.0710067749, 21.6433773041], [38.8081169128, -4.52644205093, 23.7120819092, -0.626234710217, 14.9603204727, 13.6952295303, 18.5811042786, 12.2705421448, 19.7486152649, 11.6844863892, 5.21348381042, 21.6433773041, 60.8560447693]],
