{
"lowlevel": {
    "average_loudness": 0.971338689327,
    "barkbands_crest": {
        "dmean": 2.40689134598,
        "dmean2": 3.93692445755,
        "dvar": 7.12505960464,
        "dvar2": 19.766292572,
        "max": 23.0096282959,
        "mean": 9.23306369781,
        "median": 8.65843677521,
        "min": 2.9583170414,
        "var": 11.8904705048
    },
    "barkbands_flatness_db": {
        "dmean": 0.0204883199185,
        "dmean2": 0.0317074842751,
        "dvar": 0.000487075769342,
        "dvar2": 0.00128587090876,
        "max": 0.336275219917,
        "mean": 0.129180476069,
        "median": 0.120963066816,
        "min": 0.0338408760726,
        "var": 0.0020929495804
    },
    "barkbands_kurtosis": {
        "dmean": 2.12480354309,
        "dmean2": 3.33849453926,
        "dvar": 21.3705177307,
        "dvar2": 46.0307846069,
        "max": 77.2248535156,
        "mean": 2.37171578407,
        "median": -0.314712047577,
        "min": -1.88114964962,
        "var": 62.440410614
    },
    "barkbands_skewness": {
        "dmean": 0.518553674221,
        "dmean2": 0.80821788311,
        "dvar": 0.393907427788,
        "dvar2": 0.977962970734,
        "max": 7.80522012711,
        "mean": 1.27645909786,
        "median": 0.943813920021,
        "min": -1.04472637177,
        "var": 1.56210494041
    },
    "barkbands_spread": {
        "dmean": 5.62296819687,
        "dmean2": 8.92860221863,
        "dvar": 48.3024482727,
        "dvar2": 113.833877563,
        "max": 101.102226257,
        "mean": 32.0410575867,
        "median": 33.2112236023,
        "min": 1.65709030628,
        "var": 173.917938232
    },
    "dissonance": {
        "dmean": 0.00835674908012,
        "dmean2": 0.0139498896897,
        "dvar": 5.62887216802e-05,
        "dvar2": 0.000152706095832,
        "max": 0.499979287386,
        "mean": 0.483378231525,
        "median": 0.485423713923,
        "min": 0.424731075764,
        "var": 0.00010572480096
    },
    "dynamic_complexity": 3.04780173302,
    "erbbands_crest": {
        "dmean": 2.39568281174,
        "dmean2": 3.84882760048,
        "dvar": 5.56165027618,
        "dvar2": 13.6609811783,
        "max": 25.226108551,
        "mean": 8.27178573608,
        "median": 7.53212451935,
        "min": 2.58085727692,
        "var": 14.301404953
    },
    "erbbands_flatness_db": {
        "dmean": 0.0145489620045,
        "dmean2": 0.020556923002,
        "dvar": 0.000170930419699,
        "dvar2": 0.000334356125677,
        "max": 0.31487852335,
        "mean": 0.154307126999,
        "median": 0.154705271125,
        "min": 0.0628052949905,
        "var": 0.0013037257595
    },
    "erbbands_kurtosis": {
        "dmean": 0.831296861172,
        "dmean2": 1.26460874081,
        "dvar": 0.804131448269,
        "dvar2": 1.72830188274,
        "max": 9.15931034088,
        "mean": 0.911144793034,
        "median": 0.554820537567,
        "min": -1.70566022396,
        "var": 3.25542283058
    },
    "erbbands_skewness": {
        "dmean": 0.257569402456,
        "dmean2": 0.393182277679,
        "dvar": 0.0598668828607,
        "dvar2": 0.130074381828,
        "max": 1.24703943729,
        "mean": -0.504622220993,
        "median": -0.456225186586,
        "min": -2.78752946854,
        "var": 0.30670401454
    },
    "erbbands_spread": {
        "dmean": 7.27144527435,
        "dmean2": 11.3228597641,
        "dvar": 60.6932258606,
        "dvar2": 134.028488159,
        "max": 119.301750183,
        "mean": 36.822013855,
        "median": 32.2620239258,
        "min": 8.04405784607,
        "var": 316.839691162
    },
    "hfc": {
        "dmean": 7.5453710556,
        "dmean2": 11.5229139328,
        "dvar": 127.813591003,
        "dvar2": 270.680755615,
        "max": 165.973861694,
        "mean": 30.8891983032,
        "median": 30.015630722,
        "min": 6.11041514276e-06,
        "var": 487.108764648
    },
    "melbands_crest": {
        "dmean": 2.6322286129,
        "dmean2": 4.2225651741,
        "dvar": 6.44882106781,
        "dvar2": 16.5334606171,
        "max": 27.4376373291,
        "mean": 15.1196479797,
        "median": 15.2862319946,
        "min": 3.51492738724,
        "var": 18.2113304138
    },
    "melbands_flatness_db": {
        "dmean": 0.0250685960054,
        "dmean2": 0.0386844426394,
        "dvar": 0.000804227835033,
        "dvar2": 0.00210639112629,
        "max": 0.445386439562,
        "mean": 0.183495178819,
        "median": 0.173115000129,
        "min": 0.0388286598027,
        "var": 0.00344327348284
    },
    "melbands_kurtosis": {
        "dmean": 7.07677602768,
        "dmean2": 11.3201503754,
        "dvar": 178.698623657,
        "dvar2": 450.170654297,
        "max": 210.324081421,
        "mean": 13.3348407745,
        "median": 4.97046422958,
        "min": -1.43083012104,
        "var": 465.362518311
    },
    "melbands_skewness": {
        "dmean": 0.770312011242,
        "dmean2": 1.21836256981,
        "dvar": 0.914129137993,
        "dvar2": 2.34758973122,
        "max": 11.4449510574,
        "mean": 2.85212779045,
        "median": 2.33603024483,
        "min": -0.760089695454,
        "var": 3.32325720787
    },
    "melbands_spread": {
        "dmean": 8.59056377411,
        "dmean2": 13.3149452209,
        "dvar": 94.6156311035,
        "dvar2": 226.407165527,
        "max": 125.972351074,
        "mean": 32.1666984558,
        "median": 31.9925022125,
        "min": 1.17758357525,
        "var": 334.006378174
    },
    "pitch_salience": {
        "dmean": 0.0712487921119,
        "dmean2": 0.117415480316,
        "dvar": 0.0051077613607,
        "dvar2": 0.014464346692,
        "max": 0.778780937195,
        "mean": 0.509640812874,
        "median": 0.509281635284,
        "min": 0.172132670879,
        "var": 0.0108810830861
    },
    "silence_rate_20dB": {
        "dmean": 0,
        "dmean2": 0,
        "dvar": 0,
        "dvar2": 0,
        "max": 1,
        "mean": 1,
        "median": 1,
        "min": 1,
        "var": 0
    },
    "silence_rate_30dB": {
        "dmean": 0.0139318881556,
        "dmean2": 0.0278853606433,
        "dvar": 0.0137379663065,
        "dvar2": 0.0410508550704,
        "max": 1,
        "mean": 0.993039429188,
        "median": 1,
        "min": 0,
        "var": 0.00691217044368
    },
    "silence_rate_60dB": {
        "dmean": 0.0061919502914,
        "dmean2": 0.0123934932053,
        "dvar": 0.00615364545956,
        "dvar2": 0.0137890521437,
        "max": 1,
        "mean": 0.0595514290035,
        "median": 0,
        "min": 0,
        "var": 0.0560062564909
    },
    "spectral_centroid": {
        "dmean": 219.346511841,
        "dmean2": 341.376342773,
        "dvar": 55457.53125,
        "dvar2": 125127.375,
        "max": 4243.58203125,
        "mean": 1803.79431152,
        "median": 1856.1854248,
        "min": 243.812774658,
        "var": 234218.4375
    },
    "spectral_complexity": {
        "dmean": 3.8885447979,
        "dmean2": 6.1982960701,
        "dvar": 16.5262317657,
        "dvar2": 34.6112556458,
        "max": 61,
        "mean": 26.9961338043,
        "median": 29,
        "min": 0,
        "var": 147.02796936
    },
    "spectral_decrease": {
        "dmean": 2.75816458561e-09,
        "dmean2": 4.59666216202e-09,
        "dvar": 2.42209385596e-17,
        "dvar2": 6.66240911503e-17,
        "max": -8.26697486136e-16,
        "mean": -9.17658571353e-09,
        "median": -8.9438572104e-09,
        "min": -5.2110603832e-08,
        "var": 3.08614733796e-17
    },
    "spectral_energy": {
        "dmean": 0.0107832858339,
        "dmean2": 0.0179207399487,
        "dvar": 0.000354467541911,
        "dvar2": 0.000968469830696,
        "max": 0.201001644135,
        "mean": 0.037436299026,
        "median": 0.036901127547,
        "min": 3.67438279802e-09,
        "var": 0.000484235468321
    },
    "spectral_energyband_high": {
        "dmean": 0.000431801017839,
        "dmean2": 0.000649784749839,
        "dvar": 9.75375314738e-07,
        "dvar2": 1.59838646141e-06,
        "max": 0.0215816050768,
        "mean": 0.00125928665511,
        "median": 0.000849987613037,
        "min": 4.98407877469e-11,
        "var": 3.40647875419e-06
    },
    "spectral_energyband_low": {
        "dmean": 0.00856255553663,
        "dmean2": 0.0144719993696,
        "dvar": 0.000340606202371,
        "dvar2": 0.000952632632107,
        "max": 0.175720468163,
        "mean": 0.0198611170053,
        "median": 0.01694319956,
        "min": 4.58675389337e-11,
        "var": 0.00031422151369
    },
    "spectral_energyband_middle_high": {
        "dmean": 0.00270461197942,
        "dmean2": 0.00419786991552,
        "dvar": 1.42389508255e-05,
        "dvar2": 3.34579272021e-05,
        "max": 0.0526561178267,
        "mean": 0.00951393228024,
        "median": 0.00893734209239,
        "min": 3.09417025335e-09,
        "var": 5.32437261427e-05
    },
    "spectral_energyband_middle_low": {
        "dmean": 0.00298767630011,
        "dmean2": 0.00495144864544,
        "dvar": 3.20249528158e-05,
        "dvar2": 8.65277834237e-05,
        "max": 0.0697727501392,
        "mean": 0.0077495649457,
        "median": 0.00646944111213,
        "min": 5.28481813866e-10,
        "var": 4.58963877463e-05
    },
    "spectral_entropy": {
        "dmean": 0.0972278341651,
        "dmean2": 0.143121495843,
        "dvar": 0.01005642768,
        "dvar2": 0.0174595229328,
        "max": 8.65109539032,
        "mean": 7.81065416336,
        "median": 7.81614017487,
        "min": 6.62729167938,
        "var": 0.0538199730217
    },
    "spectral_flux": {
        "dmean": 0.022967774421,
        "dmean2": 0.0355317927897,
        "dvar": 0.000947808264755,
        "dvar2": 0.00189585634507,
        "max": 0.409282177687,
        "mean": 0.0903246700764,
        "median": 0.0863668099046,
        "min": 0.000162301861565,
        "var": 0.00260914908722
    },
    "spectral_kurtosis": {
        "dmean": 1.13796460629,
        "dmean2": 1.95052421093,
        "dvar": 1.41207826138,
        "dvar2": 4.22202825546,
        "max": 21.4602165222,
        "mean": 3.22831273079,
        "median": 3.04670715332,
        "min": -0.704437732697,
        "var": 3.57905554771
    },
    "spectral_rms": {
        "dmean": 0.000767080986407,
        "dmean2": 0.00124878482893,
        "dvar": 1.16144030926e-06,
        "dvar2": 3.11350345328e-06,
        "max": 0.0140035413206,
        "mean": 0.00572550622746,
        "median": 0.00600009178743,
        "min": 1.89334718925e-06,
        "var": 3.74175419893e-06
    },
    "spectral_rolloff": {
        "dmean": 447.763946533,
        "dmean2": 749.926818848,
        "dvar": 520156.09375,
        "dvar2": 1145072.125,
        "max": 9517.67578125,
        "mean": 1710.61584473,
        "median": 1744.18945312,
        "min": 86.1328125,
        "var": 1368198
    },
    "spectral_skewness": {
        "dmean": 0.166475474834,
        "dmean2": 0.270008087158,
        "dvar": 0.0252896957099,
        "dvar2": 0.0651331841946,
        "max": 3.57299351692,
        "mean": 1.20861518383,
        "median": 1.22004270554,
        "min": 0.171228870749,
        "var": 0.0967197492719
    },
    "spectral_spread": {
        "dmean": 359527.59375,
        "dmean2": 514239.21875,
        "dvar": 193575354368,
        "dvar2": 328626864128,
        "max": 10821478,
        "mean": 4043337.75,
        "median": 3898282.25,
        "min": 1716566.875,
        "var": 1.04951788339e+12
    },
    "spectral_strongpeak": {
        "dmean": 0.434758514166,
        "dmean2": 0.794647395611,
        "dvar": 1.35399246216,
        "dvar2": 3.67131829262,
        "max": 9.28487586975,
        "mean": 0.535230994225,
        "median": 0.267841726542,
        "min": 0.000223473703954,
        "var": 1.158244133
    },
    "zerocrossingrate": {
        "dmean": 0.00877772457898,
        "dmean2": 0.0107308411971,
        "dvar": 9.0252062364e-05,
        "dvar2": 0.000106218270957,
        "max": 0.2529296875,
        "mean": 0.063558883965,
        "median": 0.0625,
        "min": 0.00634765625,
        "var": 0.000697614566889
    },
    "barkbands": {
        "dmean": [0.000194129577721, 0.00666549243033, 0.00285719311796, 0.00106654257979, 0.00165971682873, 0.000407066458138, 0.000477276218589, 0.000325405882904, 0.000573738361709, 0.000344076193869, 0.000246769486694, 0.000345891690813, 0.000559830747079, 0.000959094089922, 0.000770620128606, 0.00049460993614, 0.000745276745874, 0.000214139552554, 0.00026226521004, 0.00016091807629, 0.000110394183139, 0.000117591625894, 0.000123754070955, 6.66263222229e-05, 4.96588399983e-05, 2.65718535957e-05, 8.9147908966e-07],
        "dmean2": [0.00033187068766, 0.0115026822314, 0.00487631605938, 0.0017403246602, 0.00284198555164, 0.000680757686496, 0.000747814716306, 0.000510937825311, 0.000912277784664, 0.000525973620825, 0.000388359127101, 0.000560937449336, 0.000894323806278, 0.00157264934387, 0.00124012271408, 0.000802921189461, 0.00118390331045, 0.000352390139597, 0.000427171442425, 0.0002674809366, 0.000184797361726, 0.000181535287993, 0.000187752040802, 8.91855306691e-05, 7.64416763559e-05, 4.09101266996e-05, 1.56722239808e-06],
        "dvar": [1.6267007652e-07, 0.000218916189624, 3.92765869037e-05, 3.73151397071e-06, 1.2940869965e-05, 8.58722103203e-07, 1.15564307634e-06, 4.86915894271e-07, 1.24510347632e-06, 5.14106659466e-07, 2.69730975333e-07, 5.37526148037e-07, 1.76890182502e-06, 4.56105681224e-06, 1.57312490501e-06, 6.64183005483e-07, 1.16572630304e-06, 1.16324116561e-07, 1.53809153858e-07, 6.90210484322e-08, 6.34331698279e-08, 5.68376421484e-08, 6.1848673738e-08, 5.97708265104e-08, 4.70792507201e-08, 4.19248813444e-09, 1.06988862214e-11],
        "dvar2": [4.64224854113e-07, 0.000615534023382, 0.000113129521196, 9.57521115197e-06, 3.5950284655e-05, 2.37110953094e-06, 2.83366193798e-06, 1.12713121325e-06, 3.08419294015e-06, 1.19057040138e-06, 5.6073503174e-07, 1.32714410483e-06, 4.3923046178e-06, 1.08883068606e-05, 3.8391799535e-06, 1.64008713455e-06, 2.95071276923e-06, 2.91887090498e-07, 3.89326686445e-07, 1.81387875386e-07, 1.29739675003e-07, 1.03276001084e-07, 1.2463064536e-07, 8.06721800473e-08, 9.90431772152e-08, 9.28211996154e-09, 3.00503337491e-11],
        "max": [0.00412209890783, 0.139668524265, 0.100884199142, 0.0253378897905, 0.0400934033096, 0.0118082873523, 0.0165485367179, 0.0107869468629, 0.0159616954625, 0.0122554441914, 0.0102734770626, 0.0125944428146, 0.0193009227514, 0.0328284874558, 0.0164024271071, 0.0130906328559, 0.0125202443451, 0.00436837831512, 0.00574248889461, 0.0034234081395, 0.00693942932412, 0.0052015571855, 0.0051689222455, 0.00535102328286, 0.00440546870232, 0.00109076360241, 4.3241721869e-05],
        "mean": [0.000309497409035, 0.0123091200367, 0.00636366801336, 0.00187464198098, 0.00265030097216, 0.000850937678479, 0.000782594433986, 0.000487865268951, 0.000968024891336, 0.000616628967691, 0.000434910063632, 0.000619697675575, 0.00093573454069, 0.00149640557356, 0.00162439735141, 0.00107678468339, 0.00144925632048, 0.000500645139255, 0.000624526524916, 0.000380982004572, 0.000245931034442, 0.00028367806226, 0.000284463952994, 0.00014132274373, 9.10922608455e-05, 3.24965003529e-05, 6.72823546211e-07],
        "median": [0.000169561200892, 0.00959245488048, 0.00534512940794, 0.00114470580593, 0.00155154173262, 0.000332326715579, 0.000299250328681, 0.000187405705219, 0.000482854928123, 0.000276209873846, 0.000206866068766, 0.000319991522701, 0.000318581121974, 0.000531633442733, 0.000590103096329, 0.000592774769757, 0.000998640665784, 0.000292493554298, 0.000491949147545, 0.000295643840218, 0.000156972047989, 0.000178957838216, 0.000178298796527, 5.23780981894e-05, 2.69005704467e-05, 3.63621052202e-06, 1.32333415337e-08],
        "min": [1.13050298289e-11, 6.95766924977e-12, 9.23562788746e-12, 6.43619740837e-11, 5.58345938928e-11, 2.20023756159e-11, 3.08280970196e-11, 1.16953940022e-12, 2.75284073314e-10, 1.16739409806e-10, 6.74442446336e-11, 1.19029702761e-10, 3.98909655308e-10, 1.24821442071e-09, 1.1955823831e-10, 9.42846495322e-11, 4.60447235895e-10, 1.40602751664e-10, 4.50729870094e-11, 4.22388469687e-12, 3.92048329564e-12, 1.42327243741e-11, 1.16532712299e-11, 3.13767089567e-12, 3.26107934059e-12, 4.30366332849e-12, 6.74290527927e-12],
        "var": [2.07021130905e-07, 0.000180334871402, 3.91316752939e-05, 6.26514520263e-06, 1.42644912557e-05, 1.7244205992e-06, 1.81267751032e-06, 8.29049781714e-07, 1.96059045265e-06, 1.13259068257e-06, 5.94357004502e-07, 1.05547769635e-06, 3.32549575432e-06, 6.7923278948e-06, 5.37190453542e-06, 2.13756493395e-06, 2.39522091761e-06, 3.56570666327e-07, 3.44133411545e-07, 1.45082623249e-07, 1.49221008883e-07, 1.84510085433e-07, 1.65801537833e-07, 1.92663847542e-07, 1.07594679832e-07, 6.13504269609e-09, 7.1744181776e-12]
    },
    "erbbands": {
        "dmean": [0.150750890374, 1.67075765133, 3.51125240326, 2.87920355797, 4.96414279938, 6.33137321472, 3.38360881805, 3.90993285179, 5.19570827484, 8.57894706726, 6.297270298, 11.4327278137, 12.9488573074, 9.11563396454, 9.71528339386, 12.7062902451, 22.8365859985, 38.8638839722, 50.1259498596, 28.792591095, 27.5277996063, 41.2290000916, 13.6102170944, 11.5920820236, 12.1019525528, 7.21249437332, 5.24344921112, 3.86514902115, 4.08720111847, 4.77746868134, 3.21268582344, 1.67820811272, 1.00858271122, 0.686305165291, 0.290955543518, 0.135331869125, 0.0472847744823, 0.00614866008982, 0.00012752188195, 1.55427533173e-05],
        "dmean2": [0.254252761602, 2.89476037025, 5.94489097595, 4.83316802979, 8.27488040924, 11.0658226013, 5.58362340927, 6.59059047699, 8.49173927307, 13.1686210632, 9.97418117523, 18.2237167358, 20.2610340118, 14.0265617371, 15.3909606934, 21.0164070129, 36.9639930725, 62.465385437, 78.7549591064, 44.7548332214, 44.3282623291, 65.5576400757, 21.6912765503, 19.1415328979, 19.4604740143, 11.9133777618, 8.81148910522, 6.43816184998, 6.36532735825, 7.39020347595, 4.83219432831, 2.50264930725, 1.37401127815, 1.03708672523, 0.447287887335, 0.20776899159, 0.0745833367109, 0.0100199906155, 0.000203207033337, 2.47474781645e-05],
        "dvar": [0.098075427115, 14.2215900421, 57.7044487, 29.9378261566, 130.240447998, 171.381088257, 51.3263664246, 83.0842208862, 222.978302002, 281.648254395, 193.475112915, 564.096496582, 897.070800781, 297.437011719, 365.559967041, 908.507751465, 3466.27294922, 6495.15039062, 9779.75195312, 2101.70654297, 2105.79980469, 4166.99951172, 457.252960205, 333.515106201, 363.507080078, 150.167922974, 105.278785706, 100.286697388, 76.391242981, 95.2817611694, 38.5436897278, 24.5835494995, 17.4683074951, 8.89513778687, 1.31078255177, 0.129221662879, 0.0146026052535, 0.000300252111629, 1.19552097999e-07, 6.32230268138e-10],
        "dvar2": [0.271120280027, 40.0993232727, 166.56060791, 80.0301971436, 354.037475586, 484.555999756, 135.273651123, 227.993179321, 617.672668457, 628.424255371, 450.859893799, 1399.15148926, 2176.62036133, 673.792358398, 763.044128418, 2391.796875, 8715.96191406, 15721.6982422, 23985.0839844, 5316.63574219, 4935.61474609, 10707.6904297, 1157.95678711, 848.169067383, 863.80267334, 381.083007812, 257.497924805, 195.848098755, 143.294113159, 204.003967285, 73.8645401001, 38.3252258301, 23.7728691101, 17.4277534485, 2.5567214489, 0.26972797513, 0.0341073311865, 0.000746660400182, 2.97895638823e-07, 1.56707768983e-09],
        "max": [3.07955956459, 33.867805481, 83.4797592163, 101.637931824, 145.591110229, 151.033859253, 123.879165649, 122.90436554, 314.765106201, 240.722991943, 208.745697021, 282.429229736, 720.338134766, 280.877624512, 283.78805542, 523.54309082, 994.772094727, 892.851867676, 1514.85021973, 626.169189453, 853.613464355, 782.790710449, 284.177154541, 284.244842529, 282.094482422, 192.992156982, 240.970932007, 253.469085693, 190.917327881, 209.84413147, 120.809112549, 109.910186768, 89.1297225952, 70.0560836792, 24.6824798584, 7.47599506378, 1.65421426296, 0.189343258739, 0.0044411434792, 0.000276003149338],
        "mean": [0.282454073429, 2.98430323601, 7.72988557816, 6.5438952446, 7.82852458954, 9.39982795715, 6.14796113968, 8.21492385864, 8.55035305023, 15.2253732681, 10.0559988022, 19.2016487122, 23.3229618073, 19.2992801666, 20.460767746, 24.4174365997, 41.4890594482, 70.1760101318, 92.7659301758, 63.4965057373, 67.4737701416, 82.5295791626, 35.3201179504, 27.9270401001, 29.6559772491, 17.8049163818, 11.9356832504, 8.71617984772, 9.65793991089, 10.9005222321, 7.21022701263, 3.68639612198, 2.08592534065, 1.29297816753, 0.504835367203, 0.183890745044, 0.0533355399966, 0.00594415375963, 0.000149635525304, 5.19473505847e-05],
        "median": [0.170979738235, 2.36731171608, 6.46724510193, 5.17552614212, 4.15607261658, 4.89917898178, 3.12721800804, 3.12917685509, 3.84204936028, 6.02090263367, 5.41231536865, 9.82396125793, 11.020195961, 10.4474143982, 10.7757158279, 13.1204252243, 16.996805191, 26.6944351196, 39.4254112244, 30.9000072479, 36.552532196, 58.3346481323, 23.1453075409, 20.5996589661, 23.1024532318, 14.0958147049, 8.11582374573, 5.36999034882, 5.84079742432, 6.57958030701, 4.37348937988, 1.73715507984, 0.619734108448, 0.375412762165, 0.142115220428, 0.0288877468556, 0.00410901149735, 0.000278663123026, 3.63465405826e-05, 4.8294881708e-05],
        "min": [4.04374866925e-10, 1.00708918982e-09, 7.7066228954e-09, 1.13785965539e-07, 2.56904343132e-07, 1.36653795835e-07, 9.71586757714e-08, 2.39132248225e-07, 4.29288462556e-07, 2.7282627002e-07, 4.56071944654e-07, 4.30185082223e-06, 4.7353746595e-06, 3.97599251301e-06, 1.87649197869e-06, 6.55338817523e-06, 3.31384653691e-05, 6.45407562843e-05, 1.91154449567e-05, 6.32005549051e-06, 8.43883663038e-06, 2.67976720352e-05, 9.26581014937e-06, 5.21828405908e-06, 7.97595305357e-07, 2.283078544e-07, 1.44901534327e-07, 2.14858687286e-07, 5.94901621298e-07, 5.60312628295e-07, 2.00161125008e-07, 6.13694126628e-08, 5.55498118615e-08, 4.34948326244e-08, 2.16696545152e-08, 1.25464358902e-08, 9.1373522082e-09, 2.99520652725e-09, 8.84202044915e-10, 1.20790821789e-10],
        "var": [0.111407831311, 11.171172142, 53.7688560486, 38.210521698, 146.291564941, 192.736663818, 80.5126190186, 171.742340088, 253.407196045, 571.138793945, 279.557220459, 822.660888672, 1538.79785156, 793.786804199, 955.723510742, 1568.97521973, 5952.67919922, 12915.0117188, 18352.2734375, 6318.73144531, 7735.82080078, 8195.35058594, 1551.11315918, 772.022766113, 825.662414551, 322.018920898, 226.053405762, 227.805709839, 230.342803955, 262.472686768, 111.131332397, 69.7780990601, 57.0946578979, 23.3146572113, 2.93207216263, 0.239494070411, 0.0173222087324, 0.000273098907201, 1.15718435723e-07, 1.14082054914e-09]
    },
    "gfcc": {
        "mean": [17.567024231, 95.6718597412, -135.691802979, 60.8268508911, -42.7467536926, 27.7218284607, -33.4594764709, 9.18524837494, -13.4846200943, -2.65966629982, -14.8592405319, -4.56109809875, -10.4245595932],
        "cov": [[9415.73828125, -957.690002441, 1057.46838379, 248.404174805, 134.29486084, 451.979431152, -151.817626953, 580.077514648, -196.913986206, 508.570953369, -263.720214844, 292.97442627, -148.74382019], [-957.690002441, 973.994018555, -298.743988037, 187.95866394, 111.11075592, -204.104156494, 278.347229004, -210.011001587, 209.642364502, -172.623474121, 179.482650757, -193.96836853, 75.9864959717], [1057.46838379, -298.743988037, 602.59765625, 40.8797302246, 51.6984825134, 40.0209770203, -75.070930481, 108.647468567, -112.868865967, 124.108314514, -85.9520874023, 100.765914917, -48.5538825989], [248.404174805, 187.95866394, 40.8797302246, 266.851013184, 46.1169281006, -21.2847290039, 54.0927810669, -29.6431865692, 81.3092498779, -41.2872390747, 38.2576637268, -74.3190231323, 61.3732757568], [134.29486084, 111.11075592, 51.6984825134, 46.1169281006, 220.99029541, 3.86615490913, 95.8656387329, 30.9395866394, 43.9740791321, 11.8773155212, -23.0990161896, -11.7532835007, -8.76560020447], [451.979431152, -204.104156494, 40.0209770203, -21.2847290039, 3.86615490913, 180.56149292, -15.4220819473, 76.7116394043, -6.6916475296, 24.7146968842, -29.7341213226, 18.5472412109, -26.9578285217], [-151.817626953, 278.347229004, -75.070930481, 54.0927810669, 95.8656387329, -15.4220819473, 247.184234619, -41.8194732666, 42.993522644, -46.0842475891, 45.1083183289, -58.4027175903, -6.10312509537], [580.077514648, -210.011001587, 108.647468567, -29.6431865692, 30.9395866394, 76.7116394043, -41.8194732666, 153.949310303, -0.123269923031, 71.1838912964, -64.5015869141, 34.2639884949, -10.7656784058], [-196.913986206, 209.642364502, -112.868865967, 81.3092498779, 43.9740791321, -6.6916475296, 42.993522644, -0.123269923031, 194.017974854, -24.5466136932, 26.1090641022, -75.5448226929, 5.58675289154], [508.570953369, -172.623474121, 124.108314514, -41.2872390747, 11.8773155212, 24.7146968842, -46.0842475891, 71.1838912964, -24.5466136932, 121.286087036, -31.0648422241, 47.0421905518, -24.3111133575], [-263.720214844, 179.482650757, -85.9520874023, 38.2576637268, -23.0990161896, -29.7341213226, 45.1083183289, -64.5015869141, 26.1090641022, -31.0648422241, 110.756843567, -19.3751125336, 21.2431926727], [292.97442627, -193.96836853, 100.765914917, -74.3190231323, -11.7532835007, 18.5472412109, -58.4027175903, 34.2639884949, -75.5448226929, 47.0421905518, -19.3751125336, 130.457595825, -7.09077358246], [-148.74382019, 75.9864959717, -48.5538825989, 61.3732757568, -8.76560020447, -26.9578285217, -6.10312509537, -10.7656784058, 5.58675289154, -24.3111133575, 21.2431926727, -7.09077358246, 100.652534485]],
        "icov": [[0.000245389121119, -0.000476676679682, 7.71172999521e-05, -0.00083221832756, 0.000273642188404, -0.000564550573472, 0.000130668253405, -0.000715057947673, 0.000584696128499, -0.000863971246872, 0.000511576479767, -0.000679512857459, 0.000674239825457], [-0.000476676679682, 0.00714871194214, -0.000908881134819, 0.00288948789239, -0.00259418576024, 0.00504459114745, -0.00342522235587, 0.00391952041537, -0.00504170032218, 0.00448030186817, -0.00585681432858, 0.00491030933335, -0.00402085063979], [7.71172999521e-05, -0.000908881134819, 0.00368423364125, -0.00321951461956, -0.000152290449478, -0.000156163412612, 0.000872185453773, -0.00173151120543, 0.00280978623778, -0.00252207787707, 0.00182231678627, -0.00237846304663, 0.00303576840088], [-0.00083221832756, 0.00288948789239, -0.00321951461956, 0.0110746286809, -0.00210394128226, 0.00192466948647, -0.00144445383921, 0.00443495484069, -0.00561485579237, 0.00490128574893, -0.00433073285967, 0.00658264383674, -0.00812482461333], [0.000273642188404, -0.00259418576024, -0.000152290449478, -0.00210394128226, 0.00783834978938, -0.00148012291174, -0.00206405040808, -0.00244416319765, 0.000341453589499, -0.00246682530269, 0.00448373751715, -0.00307280896232, 0.001694318722], [-0.000564550573472, 0.00504459114745, -0.000156163412612, 0.00192466948647, -0.00148012291174, 0.0114109776914, -0.00240939832292, -0.00157344073523, -0.00312508363277, 0.00497193215415, -0.00465555535629, 0.00323267350905, -0.000693966867402], [0.000130668253405, -0.00342522235587, 0.000872185453773, -0.00144445383921, -0.00206405040808, -0.00240939832292, 0.00826113205403, -0.00158212624956, 0.00317638250999, -0.000593458942603, 7.53156709834e-05, -0.000372439157218, 0.00322528113611], [-0.000715057947673, 0.00391952041537, -0.00173151120543, 0.00443495484069, -0.00244416319765, -0.00157344073523, -0.00158212624956, 0.0181113965809, -0.00615586293861, -0.00202726223506, 0.00201388332061, 0.00293623912148, -0.00671439385042], [0.000584696128499, -0.00504170032218, 0.00280978623778, -0.00561485579237, 0.000341453589499, -0.00312508363277, 0.00317638250999, -0.00615586293861, 0.0128547856584, -0.0041711833328, 0.0025352423545, -0.00102194945794, 0.00584818748757], [-0.000863971246872, 0.00448030186817, -0.00252207787707, 0.00490128574893, -0.00246682530269, 0.00497193215415, -0.000593458942603, -0.00202726223506, -0.0041711833328, 0.019015416503, -0.00601338129491, 0.0024198689498, -0.00173630495556], [0.000511576479767, -0.00585681432858, 0.00182231678627, -0.00433073285967, 0.00448373751715, -0.00465555535629, 7.53156709834e-05, 0.00201388332061, 0.0025352423545, -0.00601338129491, 0.0196991693228, -0.0064982236363, 0.00185228802729], [-0.000679512857459, 0.00491030933335, -0.00237846304663, 0.00658264383674, -0.00307280896232, 0.00323267350905, -0.000372439157218, 0.00293623912148, -0.00102194945794, 0.0024198689498, -0.0064982236363, 0.0176642499864, -0.00572552764788], [0.000674239825457, -0.00402085063979, 0.00303576840088, -0.00812482461333, 0.001694318722, -0.000693966867402, 0.00322528113611, -0.00671439385042, 0.00584818748757, -0.00173630495556, 0.00185228802729, -0.00572552764788, 0.0182864461094]]
    },
    "melbands": {
        "dmean": [0.00161562149879, 0.00193843618035, 0.000555503414944, 0.000404753518524, 0.000151312342496, 8.43081143103e-05, 8.45849353937e-05, 9.08253932721e-05, 5.24131683051e-05, 7.88997422205e-05, 6.64766776026e-05, 3.99237760575e-05, 3.62809078069e-05, 3.48611647496e-05, 4.79827067466e-05, 6.01512474532e-05, 7.80985719757e-05, 9.25900094444e-05, 5.0716487749e-05, 3.27197594743e-05, 3.57615535904e-05, 4.87522265757e-05, 2.36590403802e-05, 1.04014225144e-05, 1.02074736787e-05, 1.13572932605e-05, 7.15499891157e-06, 4.94619825986e-06, 3.83969427276e-06, 3.09485039907e-06, 2.12721852222e-06, 2.27440523304e-06, 2.97359792967e-06, 2.89092304229e-06, 2.09863196687e-06, 1.55596410423e-06, 9.43979046042e-07, 7.07003891876e-07, 7.0492001214e-07, 5.79863410621e-07],
        "dmean2": [0.00277250423096, 0.00327133527026, 0.000933478062507, 0.000690477201715, 0.000254645157838, 0.000141501441249, 0.000136544200359, 0.000139917916385, 8.34485981613e-05, 0.000126026789076, 0.000103898804809, 6.17446421529e-05, 5.72581266169e-05, 5.58113424631e-05, 7.79465117375e-05, 9.58101736614e-05, 0.000126188897411, 0.000145048092236, 7.99895860837e-05, 5.3497551562e-05, 5.77650425839e-05, 7.77762761572e-05, 3.85904604627e-05, 1.74167180376e-05, 1.69763479789e-05, 1.83260799531e-05, 1.18567922982e-05, 8.22832771519e-06, 6.50903211863e-06, 5.19989180248e-06, 3.4984739159e-06, 3.70597672372e-06, 4.62082107333e-06, 4.53671736977e-06, 3.21009838444e-06, 2.46596027864e-06, 1.35542927637e-06, 1.0413414202e-06, 1.00860324892e-06, 9.08298034119e-07],
        "dvar": [1.24897951537e-05, 1.7974884031e-05, 9.9530677744e-07, 8.34628110624e-07, 9.83926753406e-08, 3.8726067686e-08, 4.65282710138e-08, 2.9435478055e-08, 1.37052689198e-08, 2.53595118238e-08, 2.29373622318e-08, 5.89698601061e-09, 5.97925309265e-09, 6.25755935957e-09, 1.27324515375e-08, 2.14052739977e-08, 2.45305820101e-08, 3.97390955698e-08, 7.48901829439e-09, 3.25722715466e-09, 3.84015130805e-09, 6.13703710073e-09, 1.54853774248e-09, 3.05966363356e-10, 2.63464750017e-10, 3.13584824774e-10, 1.36481048685e-10, 7.20868295612e-11, 5.3390934035e-11, 5.41323513792e-11, 3.03620600883e-11, 2.32353008361e-11, 3.96557682525e-11, 3.56765693377e-11, 1.70877895167e-11, 1.21730308125e-11, 9.98156765575e-12, 7.88337971291e-12, 1.13432362461e-11, 5.74200626283e-12],
        "dvar2": [3.48982903233e-05, 5.1263567002e-05, 2.62386015493e-06, 2.32595471061e-06, 2.66543565886e-07, 1.06181005322e-07, 1.2325698151e-07, 6.702185118e-08, 3.25933200429e-08, 6.2267176304e-08, 5.59127251165e-08, 1.33902053889e-08, 1.25693997433e-08, 1.46649332677e-08, 3.45520234646e-08, 5.14002280738e-08, 5.86009285541e-08, 9.70404130385e-08, 1.88342141882e-08, 8.25116330816e-09, 8.89564688578e-09, 1.61704392099e-08, 3.85209686371e-09, 7.72914621194e-10, 6.73803124407e-10, 7.80619346941e-10, 3.39212657963e-10, 1.8494604459e-10, 1.39377134833e-10, 1.2665932192e-10, 5.92847507197e-11, 4.95291065106e-11, 7.92268542438e-11, 8.50880685355e-11, 3.72985461961e-11, 2.37969036837e-11, 1.53299890143e-11, 1.14709604662e-11, 1.7929773985e-11, 1.23352942444e-11],
        "max": [0.0347252190113, 0.0428871884942, 0.015314836055, 0.0106818377972, 0.00525773270056, 0.00250130984932, 0.00418976368383, 0.00211210292764, 0.001726961229, 0.00206449488178, 0.00360273523256, 0.00124896736816, 0.00142263644375, 0.00142953160685, 0.00142064481042, 0.00229197368026, 0.00164343393408, 0.00332560366951, 0.00110763695557, 0.00112502335105, 0.00119850388728, 0.000939318793826, 0.000518269196618, 0.000260418630205, 0.00025724855368, 0.000276909267996, 0.00015858214465, 0.000126505925437, 0.000127681065351, 0.000215314576053, 0.000128129351651, 8.16762549221e-05, 0.000161786869285, 0.000120290431369, 7.58345704526e-05, 6.69844594086e-05, 6.86893326929e-05, 6.18486374151e-05, 7.6094736869e-05, 5.67958268221e-05],
        "mean": [0.00299675972201, 0.00417880853638, 0.00123466015793, 0.000633069954347, 0.000264754082309, 0.000174211338162, 0.000142589240568, 0.000158843467943, 8.04388837423e-05, 0.00013235618826, 0.00011766525131, 7.95242158347e-05, 6.9023190008e-05, 6.36912227492e-05, 7.65334843891e-05, 0.000105164246634, 0.000130344735226, 0.000152316890308, 0.000105954939499, 6.8487432145e-05, 7.94655570644e-05, 9.08306101337e-05, 4.99736888742e-05, 2.22883063543e-05, 2.19988469325e-05, 2.52970985457e-05, 1.61887128343e-05, 1.08385265776e-05, 7.87836779637e-06, 6.11178256804e-06, 4.47810498372e-06, 5.02175953443e-06, 6.33903255221e-06, 6.00006387685e-06, 4.36655363956e-06, 3.15243391924e-06, 1.88754700048e-06, 1.43333022606e-06, 1.33007438308e-06, 1.0304506759e-06],
        "median": [0.00217082072049, 0.00358604174107, 0.000988104613498, 0.000365606858395, 0.000144311707118, 6.48899076623e-05, 6.38137280475e-05, 6.53026145301e-05, 4.04459351557e-05, 6.53794049867e-05, 5.2776405937e-05, 4.11611690652e-05, 3.45169828506e-05, 3.39118741977e-05, 3.33120187861e-05, 3.55421834684e-05, 4.39818140876e-05, 5.53298050363e-05, 4.15411923314e-05, 3.59363875759e-05, 3.99618293159e-05, 6.00471066718e-05, 2.79633259197e-05, 1.29394284158e-05, 1.55050256581e-05, 1.88084195543e-05, 1.23348227135e-05, 8.25902225188e-06, 5.24359847986e-06, 3.93015761802e-06, 2.51208120972e-06, 2.92183085548e-06, 3.60697663382e-06, 3.4362981296e-06, 2.61760055764e-06, 1.80331699084e-06, 7.46251998862e-07, 4.15270278609e-07, 2.99601396136e-07, 3.20091913864e-07],
        "min": [3.28854781947e-12, 2.67178640323e-12, 2.62070851131e-11, 1.34669662574e-11, 4.21885920296e-12, 5.03854943879e-12, 7.10389776518e-12, 2.32482197556e-12, 4.58532951192e-12, 3.34425889759e-11, 2.19675059393e-11, 1.59550862106e-11, 6.19064998916e-12, 1.42373109829e-11, 1.6954122134e-11, 1.05955133556e-10, 1.24288274117e-10, 3.94748261856e-11, 8.95460008227e-12, 6.67099491966e-12, 9.94712732322e-12, 3.00244863694e-11, 1.57244928883e-11, 5.67774082957e-12, 4.10223417735e-12, 8.94897654244e-13, 8.53624964226e-14, 1.52133934248e-13, 9.73427474694e-14, 8.41217490089e-14, 1.23550448301e-13, 3.40150162811e-13, 2.9313593111e-13, 3.5347216148e-13, 1.28360619659e-13, 4.58944914136e-14, 3.01085653805e-14, 3.5713009698e-14, 4.14630081571e-14, 3.59441344961e-14],
        "var": [1.12295119834e-05, 1.5309005903e-05, 1.38427662932e-06, 9.00494399048e-07, 1.40547911087e-07, 7.73721424707e-08, 6.06237406942e-08, 5.77816052783e-08, 1.84836874695e-08, 3.96163066796e-08, 3.97988522138e-08, 1.4870163767e-08, 1.34917605976e-08, 1.19237499874e-08, 1.95192129127e-08, 4.31494378006e-08, 4.83875766122e-08, 6.21510807264e-08, 2.39494699628e-08, 8.16188183705e-09, 1.17859775273e-08, 1.12028093469e-08, 3.84498433093e-09, 8.80787776047e-10, 5.48561696068e-10, 6.52928766609e-10, 2.70693578663e-10, 1.4256977543e-10, 9.8356919831e-11, 1.04459586814e-10, 6.40368244542e-11, 6.15691178596e-11, 1.10820852495e-10, 7.95193355607e-11, 4.32279767537e-11, 2.62978926829e-11, 2.92558303971e-11, 2.39291069598e-11, 3.47221140728e-11, 1.30217329974e-11]
    },
    "mfcc": {
        "mean": [-611.476196289, 108.171173096, -15.3004817963, 35.4143066406, 16.2734279633, 21.1009407043, 0.19989669323, 14.9123506546, 2.02637410164, 10.1575813293, 0.814294695854, -1.51577711105, 0.945075929165],
        "cov": [[7491.17822266, -255.689025879, 339.583709717, 142.614700317, 226.123397827, 123.124603271, 74.3465118408, 161.406143188, 161.196807861, 189.89225769, 57.9840431213, 50.4053688049, 197.568832397], [-255.689025879, 703.99017334, -200.495010376, 272.786132812, -86.468132019, 87.035697937, 15.9066886902, 51.030921936, -31.6107540131, 75.0494308472, 19.3797721863, 24.5109939575, -1.07306969166], [339.583709717, -200.495010376, 386.396026611, -1.22818470001, 67.7858581543, -36.2146759033, 7.39726829529, -43.3618583679, -2.11643815041, -42.1063346863, -26.025138855, 8.22044181824, 43.8228607178], [142.614700317, 272.786132812, -1.22818470001, 346.910949707, 4.51411914825, 61.1358299255, 15.9243879318, 8.38871955872, 31.0123138428, 48.7052154541, -42.8054351807, 23.1272315979, 56.8856620789], [226.123397827, -86.468132019, 67.7858581543, 4.51411914825, 172.048538208, -7.01149129868, -36.0652351379, 8.16603565216, 49.3308982849, 34.2631835938, -6.65144491196, -18.6934204102, 36.6976509094], [123.124603271, 87.035697937, -36.2146759033, 61.1358299255, -7.01149129868, 122.883598328, 24.5225887299, 56.8021278381, -5.57725811005, 43.0871162415, 28.8646297455, -1.96748113632, 2.01534461975], [74.3465118408, 15.9066886902, 7.39726829529, 15.9243879318, -36.0652351379, 24.5225887299, 166.700973511, 10.5738210678, 5.08184337616, -28.3076076508, 0.542974531651, 19.3345718384, -40.2543640137], [161.406143188, 51.030921936, -43.3618583679, 8.38871955872, 8.16603565216, 56.8021278381, 10.5738210678, 124.781211853, 13.9635391235, 46.9238929749, 27.0429058075, -12.3746452332, -2.33389472961], [161.196807861, -31.6107540131, -2.11643815041, 31.0123138428, 49.3308982849, -5.57725811005, 5.08184337616, 13.9635391235, 126.787490845, 55.0154571533, -2.31768250465, -19.5800056458, 28.8379364014], [189.89225769, 75.0494308472, -42.1063346863, 48.7052154541, 34.2631835938, 43.0871162415, -28.3076076508, 46.9238929749, 55.0154571533, 145.84173584, 38.783996582, -7.784532547, 25.6837234497], [57.9840431213, 19.3797721863, -26.025138855, -42.8054351807, -6.65144491196, 28.8646297455, 0.542974531651, 27.0429058075, -2.31768250465, 38.783996582, 99.891204834, 1.08398091793, -20.5617580414], [50.4053688049, 24.5109939575, 8.22044181824, 23.1272315979, -18.6934204102, -1.96748113632, 19.3345718384, -12.3746452332, -19.5800056458, -7.784532547, 1.08398091793, 72.4385528564, 22.918756485], [197.568832397, -1.07306969166, 43.8228607178, 56.8856620789, 36.6976509094, 2.01534461975, -40.2543640137, -2.33389472961, 28.8379364014, 25.6837234497, -20.5617580414, 22.918756485, 115.02897644]],
