{
"lowlevel": {
    "average_loudness": 0.982130348682,
    "barkbands_crest": {
        "dmean": 3.40262413025,
        "dmean2": 5.82400751114,
        "dvar": 9.66850090027,
        "dvar2": 25.9958400726,
        "max": 23.0272960663,
        "mean": 9.1776638031,
        "median": 8.48585891724,
        "min": 2.93837785721,
        "var": 13.7463922501
    },
    "barkbands_flatness_db": {
        "dmean": 0.0226499605924,
        "dmean2": 0.0373116321862,
        "dvar": 0.000360438891221,
        "dvar2": 0.000961627461948,
        "max": 0.257150858641,
        "mean": 0.132830023766,
        "median": 0.130491539836,
        "min": 0.0449296571314,
        "var": 0.000808882468846
    },
    "barkbands_kurtosis": {
        "dmean": 1.84631609917,
        "dmean2": 3.04628014565,
        "dvar": 6.73124265671,
        "dvar2": 17.7005939484,
        "max": 37.0275650024,
        "mean": 0.97378796339,
        "median": 0.099454164505,
        "min": -1.88080215454,
        "var": 8.08267021179
    },
    "barkbands_skewness": {
        "dmean": 0.594127357006,
        "dmean2": 0.932264149189,
        "dvar": 0.273515850306,
        "dvar2": 0.661793231964,
        "max": 5.81884908676,
        "mean": 1.1856969595,
        "median": 1.11968839169,
        "min": -0.804543912411,
        "var": 0.655826985836
    },
    "barkbands_spread": {
        "dmean": 8.42352104187,
        "dmean2": 13.2691020966,
        "dvar": 61.7385597229,
        "dvar2": 154.945968628,
        "max": 91.7737350464,
        "mean": 34.8291740417,
        "median": 33.6110649109,
        "min": 5.77918052673,
        "var": 156.272033691
    },
    "dissonance": {
        "dmean": 0.0104112420231,
        "dmean2": 0.0176603607833,
        "dvar": 0.000100567034679,
        "dvar2": 0.000270515214652,
        "max": 0.500000059605,
        "mean": 0.483629375696,
        "median": 0.486823767424,
        "min": 0.42038294673,
        "var": 0.00014936401567
    },
    "dynamic_complexity": 1.58248782158,
    "erbbands_crest": {
        "dmean": 2.53436040878,
        "dmean2": 4.04724788666,
        "dvar": 7.15718507767,
        "dvar2": 16.6392974854,
        "max": 27.880531311,
        "mean": 7.27952241898,
        "median": 5.92674016953,
        "min": 2.20181179047,
        "var": 16.3230323792
    },
    "erbbands_flatness_db": {
        "dmean": 0.0141380755231,
        "dmean2": 0.020037503913,
        "dvar": 0.000148661740241,
        "dvar2": 0.000290054624202,
        "max": 0.257844895124,
        "mean": 0.161476433277,
        "median": 0.158281624317,
        "min": 0.107112072408,
        "var": 0.000634703843389
    },
    "erbbands_kurtosis": {
        "dmean": 0.777175188065,
        "dmean2": 1.1858061552,
        "dvar": 1.34545123577,
        "dvar2": 3.09053945541,
        "max": 14.5483608246,
        "mean": 0.113780543208,
        "median": -0.345044374466,
        "min": -1.63421237469,
        "var": 2.95092988014
    },
    "erbbands_skewness": {
        "dmean": 0.311532467604,
        "dmean2": 0.47393989563,
        "dvar": 0.0761064961553,
        "dvar2": 0.164839908481,
        "max": 1.52482807636,
        "mean": -0.305219233036,
        "median": -0.317728251219,
        "min": -2.97760868073,
        "var": 0.32652965188
    },
    "erbbands_spread": {
        "dmean": 9.57778263092,
        "dmean2": 14.36622715,
        "dvar": 70.6319198608,
        "dvar2": 153.03225708,
        "max": 113.527778625,
        "mean": 45.2254600525,
        "median": 45.0245895386,
        "min": 8.83005237579,
        "var": 268.808685303
    },
    "hfc": {
        "dmean": 9.02314186096,
        "dmean2": 12.5728712082,
        "dvar": 97.1468276978,
        "dvar2": 196.46421814,
        "max": 126.208435059,
        "mean": 33.9890136719,
        "median": 31.8700885773,
        "min": 0.000494004518259,
        "var": 315.548400879
    },
    "melbands_crest": {
        "dmean": 3.86243677139,
        "dmean2": 6.46480369568,
        "dvar": 8.92322444916,
        "dvar2": 23.8579502106,
        "max": 26.6175136566,
        "mean": 13.9867210388,
        "median": 13.7131681442,
        "min": 4.82115364075,
        "var": 17.1306495667
    },
    "melbands_flatness_db": {
        "dmean": 0.0308595784009,
        "dmean2": 0.049203760922,
        "dvar": 0.000663253245875,
        "dvar2": 0.00162775535136,
        "max": 0.313565582037,
        "mean": 0.155181854963,
        "median": 0.153049528599,
        "min": 0.0399745665491,
        "var": 0.00182759086601
    },
    "melbands_kurtosis": {
        "dmean": 7.19545125961,
        "dmean2": 11.7942895889,
        "dvar": 99.6202545166,
        "dvar2": 257.602172852,
        "max": 132.563400269,
        "mean": 10.4261837006,
        "median": 7.20417690277,
        "min": -1.50041747093,
        "var": 128.142623901
    },
    "melbands_skewness": {
        "dmean": 0.918093681335,
        "dmean2": 1.44109511375,
        "dvar": 0.729355752468,
        "dvar2": 1.75441610813,
        "max": 9.93801212311,
        "mean": 2.76211953163,
        "median": 2.59530997276,
        "min": 0.106699958444,
        "var": 1.70345711708
    },
    "melbands_spread": {
        "dmean": 11.9897327423,
        "dmean2": 18.7178573608,
        "dvar": 120.300003052,
        "dvar2": 278.532501221,
        "max": 153.244537354,
        "mean": 33.2935371399,
        "median": 29.9659748077,
        "min": 2.91122508049,
        "var": 323.847686768
    },
    "pitch_salience": {
        "dmean": 0.0885593742132,
        "dmean2": 0.145620405674,
        "dvar": 0.00586856529117,
        "dvar2": 0.0159302316606,
        "max": 0.798091173172,
        "mean": 0.56509488821,
        "median": 0.57159614563,
        "min": 0.240008711815,
        "var": 0.0103340689093
    },
    "silence_rate_20dB": {
        "dmean": 0,
        "dmean2": 0,
        "dvar": 0,
        "dvar2": 0,
        "max": 1,
        "mean": 1,
        "median": 1,
        "min": 1,
        "var": 0
    },
    "silence_rate_30dB": {
        "dmean": 0,
        "dmean2": 0,
        "dvar": 0,
        "dvar2": 0,
        "max": 1,
        "mean": 1,
        "median": 1,
        "min": 1,
        "var": 0
    },
    "silence_rate_60dB": {
        "dmean": 0.00465116277337,
        "dmean2": 0.00930954236537,
        "dvar": 0.00462936004624,
        "dvar2": 0.0107745779678,
        "max": 1,
        "mean": 0.0356312952936,
        "median": 0,
        "min": 0,
        "var": 0.0343624018133
    },
    "spectral_centroid": {
        "dmean": 312.525238037,
        "dmean2": 500.558807373,
        "dvar": 73163.8515625,
        "dvar2": 192526.265625,
        "max": 3948.46850586,
        "mean": 1869.4432373,
        "median": 1845.28820801,
        "min": 763.247741699,
        "var": 204080.984375
    },
    "spectral_complexity": {
        "dmean": 4.70077514648,
        "dmean2": 7.22265338898,
        "dvar": 15.1600255966,
        "dvar2": 32.6261367798,
        "max": 54,
        "mean": 33.2525177002,
        "median": 35,
        "min": 0,
        "var": 86.4149169922
    },
    "spectral_decrease": {
        "dmean": 3.91079435502e-09,
        "dmean2": 6.3895768676e-09,
        "dvar": 1.45699841249e-17,
        "dvar2": 3.48126372331e-17,
        "max": -1.24348000972e-13,
        "mean": -9.64120250302e-09,
        "median": -9.01704666489e-09,
        "min": -2.91307653555e-08,
        "var": 2.63742071537e-17
    },
    "spectral_energy": {
        "dmean": 0.0151724573225,
        "dmean2": 0.0246499925852,
        "dvar": 0.000214373489143,
        "dvar2": 0.000510203302838,
        "max": 0.112729601562,
        "mean": 0.039471052587,
        "median": 0.0370732992887,
        "min": 5.14123371431e-07,
        "var": 0.000404768041335
    },
    "spectral_energyband_high": {
        "dmean": 0.00069348764373,
        "dmean2": 0.000965833372902,
        "dvar": 9.84758230516e-07,
        "dvar2": 2.17026581595e-06,
        "max": 0.0146653130651,
        "mean": 0.00190585223027,
        "median": 0.00140036363155,
        "min": 3.52610420862e-08,
        "var": 2.71333419732e-06
    },
    "spectral_energyband_low": {
        "dmean": 0.0116569017991,
        "dmean2": 0.019217370078,
        "dvar": 0.000167563252035,
        "dvar2": 0.000415779766627,
        "max": 0.102528862655,
        "mean": 0.0183740314096,
        "median": 0.0141389304772,
        "min": 2.43510811515e-07,
        "var": 0.000240067281993
    },
    "spectral_energyband_middle_high": {
        "dmean": 0.0031519534532,
        "dmean2": 0.00448803184554,
        "dvar": 1.60377257998e-05,
        "dvar2": 2.95661720884e-05,
        "max": 0.050458714366,
        "mean": 0.00898383092135,
        "median": 0.00631593447179,
        "min": 1.00161066996e-07,
        "var": 4.97088076372e-05
    },
    "spectral_energyband_middle_low": {
        "dmean": 0.00708531448618,
        "dmean2": 0.0120208021253,
        "dvar": 7.14148773113e-05,
        "dvar2": 0.000188284073374,
        "max": 0.0731500983238,
        "mean": 0.0124276485294,
        "median": 0.00980299897492,
        "min": 2.36580419255e-07,
        "var": 9.23013067222e-05
    },
    "spectral_entropy": {
        "dmean": 0.103288881481,
        "dmean2": 0.156554996967,
        "dvar": 0.00794618856162,
        "dvar2": 0.0176698472351,
        "max": 8.47745037079,
        "mean": 7.93866205215,
        "median": 7.94256305695,
        "min": 7.412774086,
        "var": 0.0319509245455
    },
    "spectral_flux": {
        "dmean": 0.0315834507346,
        "dmean2": 0.0482930354774,
        "dvar": 0.000748547725379,
        "dvar2": 0.00153957132716,
        "max": 0.31631731987,
        "mean": 0.125410869718,
        "median": 0.12280754745,
        "min": 0.000717023969628,
        "var": 0.00211588386446
    },
    "spectral_kurtosis": {
        "dmean": 0.939848184586,
        "dmean2": 1.63121962547,
        "dvar": 0.81624341011,
        "dvar2": 2.33192157745,
        "max": 8.23093700409,
        "mean": 1.42906439304,
        "median": 1.15810060501,
        "min": -0.984651565552,
        "var": 1.41704130173
    },
    "spectral_rms": {
        "dmean": 0.00116382725537,
        "dmean2": 0.00186679547187,
        "dvar": 1.06616414541e-06,
        "dvar2": 2.52372728937e-06,
        "max": 0.0104871401563,
        "mean": 0.00595281925052,
        "median": 0.00601407280192,
        "min": 2.23960669246e-05,
        "var": 3.07222421725e-06
    },
    "spectral_rolloff": {
        "dmean": 855.369689941,
        "dmean2": 1399.9095459,
        "dvar": 1012160.3125,
        "dvar2": 2387243,
        "max": 7924.21875,
        "mean": 2009.67675781,
        "median": 1722.65625,
        "min": 86.1328125,
        "var": 2053712.875
    },
    "spectral_skewness": {
        "dmean": 0.14310207963,
        "dmean2": 0.23185326159,
        "dvar": 0.0139376483858,
        "dvar2": 0.0366351008415,
        "max": 2.11971139908,
        "mean": 0.85243242979,
        "median": 0.854242563248,
        "min": 0.183075636625,
        "var": 0.0411513894796
    },
    "spectral_spread": {
        "dmean": 396023,
        "dmean2": 545430.375,
        "dvar": 168470462464,
        "dvar2": 323212902400,
        "max": 8577939,
        "mean": 4194562,
        "median": 4105632.75,
        "min": 2249935.5,
        "var": 679727726592
    },
    "spectral_strongpeak": {
        "dmean": 0.626514732838,
        "dmean2": 1.11740446091,
        "dvar": 1.83543372154,
        "dvar2": 4.75664997101,
        "max": 17.2012386322,
        "mean": 0.686939060688,
        "median": 0.348900854588,
        "min": 0.00123136094771,
        "var": 1.53688693047
    },
    "zerocrossingrate": {
        "dmean": 0.0130484644324,
        "dmean2": 0.0157522782683,
        "dvar": 0.000136603572173,
        "dvar2": 0.000196254506591,
        "max": 0.25341796875,
        "mean": 0.0751639232039,
        "median": 0.0703125,
        "min": 0.02294921875,
        "var": 0.000848348310683
    },
    "barkbands": {
        "dmean": [0.000179457769264, 0.0094474973157, 0.00434600375593, 0.0029237982817, 0.00363614899106, 0.00106023473199, 0.000574205594603, 0.000754523556679, 0.00101465173066, 0.000708853069227, 0.000594118668232, 0.00064717506757, 0.00075398106128, 0.000788929872215, 0.000575348036364, 0.000562563247513, 0.000613506999798, 0.000364661042113, 0.000277401093626, 0.000142598204548, 0.000167521895492, 0.000234007020481, 0.000262359622866, 0.000124617101392, 3.49980946339e-05, 2.91002884012e-08, 6.11352168889e-09],
        "dmean2": [0.000307103036903, 0.0160390250385, 0.00762737821788, 0.00509373052046, 0.00650580553338, 0.00183063151781, 0.000970316643361, 0.00117134687025, 0.00163908035029, 0.00111789384391, 0.000924880499952, 0.00105174526107, 0.00118768075481, 0.00124932522886, 0.000897068239283, 0.000895236211363, 0.000920429534744, 0.000586338224821, 0.000451556552434, 0.000235992687522, 0.000267320428975, 0.000344408035744, 0.000381620367989, 0.000186932840734, 5.33090205863e-05, 4.6764061068e-08, 1.12818341336e-08],
        "dvar": [6.12823143342e-08, 0.000160750118084, 2.64525133389e-05, 1.3200497051e-05, 4.02959267376e-05, 2.52526228905e-06, 1.74969e-06, 3.9564411054e-06, 2.72442093774e-06, 2.08598635254e-06, 2.27363011618e-06, 1.7238669443e-06, 2.51458573075e-06, 3.10976088258e-06, 1.47576542986e-06, 2.91275296149e-06, 1.96227074412e-06, 2.53271537076e-07, 7.96988857132e-08, 2.84888592716e-08, 3.0603313661e-08, 1.09165952722e-07, 3.38476723982e-07, 9.41536910659e-08, 6.6551422151e-09, 4.63965896749e-15, 3.34244918459e-16],
        "dvar2": [1.748863383e-07, 0.000421141536208, 7.16851864127e-05, 3.52179595211e-05, 0.000111080749775, 6.60123305352e-06, 4.11538530898e-06, 8.03341481515e-06, 6.73654676575e-06, 4.62931484435e-06, 4.36829986938e-06, 4.04570164392e-06, 5.78677509111e-06, 6.76928539178e-06, 2.96688949675e-06, 7.71938994149e-06, 3.90814102502e-06, 5.88911518662e-07, 2.05424882438e-07, 7.5687758283e-08, 7.44685877407e-08, 2.52408739243e-07, 7.55047551593e-07, 2.33117646076e-07, 1.56358037628e-08, 1.16476965944e-14, 9.86265787904e-16],
        "max": [0.00243181991391, 0.0889816433191, 0.041560407728, 0.026068367064, 0.046700399369, 0.0196493733674, 0.0244550555944, 0.0395613014698, 0.017788330093, 0.0192776657641, 0.0295929778367, 0.0207923147827, 0.0223086997867, 0.0253511145711, 0.0171722024679, 0.03877735883, 0.027810825035, 0.0063807326369, 0.00362199475057, 0.00334167084657, 0.00269336136989, 0.00703160790727, 0.0106685450301, 0.00553620280698, 0.00149792293087, 1.41544455801e-06, 2.41918058919e-07],
        "mean": [0.000201796443434, 0.0102417925373, 0.00582806533203, 0.00360747147352, 0.00376316090114, 0.00138714781497, 0.00083319231635, 0.00107934977859, 0.00147898250725, 0.000998520525172, 0.000800493056886, 0.00092840497382, 0.0010437319288, 0.00102552189492, 0.000831751269288, 0.000849162752274, 0.00107223703526, 0.000751778716221, 0.000659174809698, 0.000349961715983, 0.00046301697148, 0.000507122080307, 0.00048785994295, 0.000227025186177, 5.43040805496e-05, 4.13805842925e-08, 4.08695699505e-09],
        "median": [0.000105333332613, 0.00598294567317, 0.0037728138268, 0.00232238695025, 0.00190816936083, 0.000848089461215, 0.00033327791607, 0.000299243314657, 0.000843242160045, 0.000391354464227, 0.000292572687613, 0.000487227662234, 0.000468125974294, 0.000436943024397, 0.000351634284016, 0.000461093120975, 0.000679254473653, 0.000576523307245, 0.000596954254434, 0.000297019345453, 0.000399774784455, 0.000300727522699, 0.000280900887446, 0.000130276937853, 2.49438944593e-05, 2.03847054792e-08, 8.1355383541e-10],
        "min": [2.10012762736e-09, 1.19776562002e-08, 1.30854900249e-07, 1.4326421649e-07, 3.06543945783e-08, 8.71147509685e-09, 2.77415175276e-08, 5.77993830575e-09, 1.38495908075e-08, 1.67139990737e-08, 3.0490332481e-09, 9.81121583976e-09, 4.34589964016e-09, 1.84041120121e-08, 6.00302829667e-09, 6.78261669051e-09, 3.96809163306e-09, 2.72862710204e-08, 5.9166103128e-09, 3.78827369474e-09, 1.02113144607e-08, 2.45880404925e-09, 1.77930257195e-08, 1.73763836653e-09, 2.5688301486e-10, 3.27601899601e-12, 5.42362248862e-12],
        "var": [6.75969218378e-08, 0.000158571943757, 3.7640282244e-05, 1.53589353431e-05, 3.22955565935e-05, 3.3436222111e-06, 3.14651742883e-06, 8.36736307974e-06, 3.98035308535e-06, 3.45332819052e-06, 3.50709865415e-06, 2.20658171202e-06, 3.4903971482e-06, 4.53289612778e-06, 2.98453096548e-06, 3.18284719469e-06, 3.50716140929e-06, 4.65324717425e-07, 1.43400299635e-07, 5.31622887934e-08, 7.0892980375e-08, 3.45387917378e-07, 5.36461129741e-07, 1.16387127491e-07, 1.07523794313e-08, 5.8754097338e-15, 2.00823557625e-16]
    },
    "erbbands": {
        "dmean": [0.233037903905, 2.26896858215, 4.3983259201, 7.80608510971, 9.50421047211, 14.5882177353, 10.0455417633, 8.47094249725, 7.65996694565, 11.142373085, 17.6784915924, 21.648317337, 21.3200359344, 22.0621376038, 22.4415073395, 25.6374549866, 33.4988365173, 35.628276825, 32.6243972778, 29.5956554413, 30.3941287994, 30.5423851013, 19.3668022156, 18.4890575409, 8.94197940826, 6.50265693665, 5.57101726532, 7.74215269089, 7.6952548027, 8.66652393341, 7.77908182144, 3.53308463097, 1.78849887848, 0.699957728386, 0.0366324074566, 0.00166727846954, 0.000110509368824, 1.93643918465e-05, 9.86250779533e-06, 1.73192056536e-05],
        "dmean2": [0.39620873332, 3.86559510231, 7.52112531662, 13.6702337265, 16.7759037018, 26.126411438, 17.5456848145, 14.4894256592, 12.628704071, 18.3210391998, 27.2029590607, 34.9372329712, 33.9018096924, 35.4108085632, 33.7042884827, 41.3922996521, 51.9716911316, 55.4783744812, 50.5516204834, 45.7967071533, 47.2908439636, 46.6972808838, 30.9535064697, 29.5624790192, 14.4712924957, 10.7961187363, 8.9211435318, 12.2685346603, 11.322602272, 12.4952249527, 11.5617685318, 5.37170696259, 2.68778395653, 1.04143023491, 0.0534537285566, 0.00241457507946, 0.000157329603098, 2.74805206573e-05, 1.50096884681e-05, 2.76709270111e-05],
        "dvar": [0.114498585463, 8.87304496765, 24.0036430359, 91.728515625, 154.641296387, 780.96081543, 271.418518066, 191.105239868, 198.718948364, 956.027587891, 2266.41259766, 1615.34387207, 1523.10839844, 1980.62902832, 3564.33496094, 2896.44311523, 4643.25830078, 7580.81884766, 5554.78662109, 4421.34765625, 10139.0878906, 4782.71679688, 712.003417969, 464.410766602, 82.46484375, 63.7236747742, 34.267124176, 73.3765106201, 148.214904785, 153.876480103, 403.979858398, 81.4799423218, 16.4045791626, 2.53900337219, 0.0138724641874, 2.54292408499e-05, 6.37409627302e-08, 1.37163536085e-09, 1.23391519224e-10, 2.63050498051e-10],
        "dvar2": [0.301745980978, 23.3293819427, 65.8338012695, 243.952392578, 430.816802979, 2138.59228516, 745.542114258, 489.928192139, 412.404998779, 2308.32592773, 4778.63574219, 3940.20239258, 3614.77880859, 4539.16503906, 6920.96972656, 6887.16210938, 10431.9619141, 18005.2011719, 12184.8261719, 9209.97851562, 25759.3886719, 11144.9824219, 1711.11889648, 1106.46899414, 200.50932312, 172.126693726, 84.1107788086, 175.224533081, 322.085144043, 364.296966553, 910.546447754, 195.334899902, 40.4473724365, 5.89109134674, 0.0301808547229, 5.5259828514e-05, 1.39419086054e-07, 3.09782466346e-09, 2.82161433107e-10, 6.21566464964e-10],
        "max": [2.33085227013, 21.4971160889, 41.8740119934, 89.4207077026, 100.982208252, 230.944747925, 127.141365051, 204.093902588, 348.470397949, 608.771484375, 1063.1965332, 515.218688965, 422.284606934, 513.670349121, 1367.56933594, 939.254150391, 726.67401123, 1502.29638672, 1107.34631348, 826.985656738, 2568.06933594, 1216.8536377, 357.096618652, 261.712982178, 113.041793823, 168.358337402, 83.8660507202, 122.962814331, 313.33682251, 178.249404907, 376.398345947, 122.269462585, 70.6687240601, 28.227853775, 1.86187112331, 0.0796642526984, 0.00381179759279, 0.000438550981926, 0.000140961754369, 0.000125578590087],
        "mean": [0.243419975042, 2.50341749191, 6.19194364548, 10.8795108795, 11.3694992065, 13.7955331802, 11.1342916489, 11.3357419968, 11.3426656723, 15.7950811386, 26.8578567505, 30.6098499298, 34.7072792053, 32.6902275085, 34.3650894165, 38.9863204956, 49.0905685425, 48.9370384216, 46.9347114563, 48.0654449463, 53.0504684448, 57.7381134033, 42.4429855347, 42.5144042969, 23.7107334137, 16.4182453156, 15.5660572052, 20.6027946472, 17.0628147125, 17.5327949524, 13.6407432556, 6.27692079544, 3.27035474777, 1.16519224644, 0.0525983944535, 0.00255391257815, 0.000213670282392, 4.17336523242e-05, 3.1130570278e-05, 5.04435629409e-05],
        "median": [0.129490852356, 1.49551725388, 4.29832744598, 7.91824960709, 7.49190950394, 5.32547235489, 5.53706884384, 6.86652755737, 5.57671022415, 5.98742294312, 8.84917449951, 16.1676216125, 18.019367218, 14.6013278961, 16.259853363, 21.0888195038, 22.9790935516, 22.2634410858, 21.0545368195, 21.1352710724, 29.3944511414, 39.0632247925, 33.270450592, 37.0718231201, 21.1396560669, 14.1333713531, 13.5413370132, 17.1007232666, 10.5995721817, 9.62060070038, 7.29350852966, 3.55288171768, 1.78355157375, 0.550716161728, 0.0166008062661, 0.000960736477282, 0.000116958486615, 2.71319040621e-05, 2.89404852083e-05, 4.90381898999e-05],
        "min": [2.33980472331e-07, 4.93767583976e-06, 0.000101350982732, 0.000409257394494, 0.000172879736056, 0.000123696619994, 0.00015307184367, 6.61333397147e-05, 0.00031302680145, 0.000328973052092, 0.000108756488771, 0.000263614434516, 0.000560106243938, 0.000390203902498, 0.000236006759224, 0.000326023378875, 0.000246172363404, 0.00100260728505, 0.000490717997309, 0.000215092732105, 0.000381330959499, 0.000223819166422, 0.000664561288431, 0.00137515901588, 0.000278694817098, 0.000130103755509, 0.000316032062983, 0.000396128685679, 0.000127123872517, 0.000455985049484, 0.000317934638588, 4.83202238684e-05, 2.85150072159e-05, 7.58339820095e-06, 2.0854470506e-07, 2.18668887442e-08, 7.53754569871e-09, 3.82960685386e-09, 1.25755583724e-09, 7.3858302807e-10],
        "var": [0.106926009059, 8.85046386719, 34.8295555115, 108.284263611, 154.03817749, 624.78918457, 250.19694519, 277.771362305, 504.717315674, 1249.06347656, 4822.75097656, 2151.61791992, 2935.37963867, 3222.16772461, 5692.8828125, 3662.26489258, 7035.75195312, 9007.29394531, 7822.64746094, 9391.01660156, 12908.7363281, 7342.88525391, 1288.27734375, 855.152770996, 176.810546875, 116.733833313, 82.936126709, 178.020828247, 409.844360352, 466.094787598, 573.69354248, 106.933418274, 22.4071331024, 4.32555389404, 0.0216334741563, 4.10105967603e-05, 1.14177574062e-07, 2.52477216911e-09, 2.81949824599e-10, 5.56097778937e-10]
    },
    "gfcc": {
        "mean": [28.5123634338, 112.524253845, -153.38230896, 78.9378509521, -68.6786575317, 31.5451164246, -28.6885414124, -1.34648478031, -4.1347618103, -23.0584068298, 2.48748087883, -17.8585777283, 1.646925807],
        "cov": [[2596.36474609, 59.3827934265, -128.493103027, -114.996368408, 15.5782976151, 49.900188446, -81.7170639038, 11.8980131149, 20.4258403778, -33.3798675537, 10.6307086945, -10.4438238144, 20.9218730927], [59.3827934265, 514.537109375, -99.5741577148, -12.9114170074, 178.836502075, -130.303253174, 132.707824707, -70.6407699585, 46.1659584045, -75.9258499146, 44.1057662964, -49.8247146606, 41.0507316589], [-128.493103027, -99.5741577148, 226.94821167, 75.4955368042, -66.4516220093, 29.8424110413, -37.836151123, 37.5359268188, -6.70487165451, 21.0871181488, -9.06686687469, 15.7917547226, -12.7207384109], [-114.996368408, -12.9114170074, 75.4955368042, 119.86946106, 57.3242721558, 0.414713442326, 3.19514513016, -2.10431814194, 21.1301631927, -1.80717051029, -2.99676418304, 5.93441534042, 5.17543649673], [15.5782976151, 178.836502075, -66.4516220093, 57.3242721558, 230.825317383, 3.12509536743, 62.3229522705, -14.3449115753, 25.6961898804, -31.6931362152, 18.9113559723, -20.8490161896, 31.8081130981], [49.900188446, -130.303253174, 29.8424110413, 0.414713442326, 3.12509536743, 124.135063171, 13.697807312, 26.4448223114, -28.6418361664, 14.2559232712, 5.33854293823, 14.3637704849, -12.4538564682], [-81.7170639038, 132.707824707, -37.836151123, 3.19514513016, 62.3229522705, 13.697807312, 140.488189697, 16.1421108246, 16.6971263885, -21.3268661499, 28.9621829987, -1.55627095699, 6.75379180908], [11.8980131149, -70.6407699585, 37.5359268188, -2.10431814194, -14.3449115753, 26.4448223114, 16.1421108246, 105.100143433, 29.5225524902, 24.6640262604, -6.4683713913, 8.01743412018, 4.65726995468], [20.4258403778, 46.1659584045, -6.70487165451, 21.1301631927, 25.6961898804, -28.6418361664, 16.6971263885, 29.5225524902, 94.4646453857, 21.3711395264, -0.0178683847189, -5.17700147629, 5.45572710037], [-33.3798675537, -75.9258499146, 21.0871181488, -1.80717051029, -31.6931362152, 14.2559232712, -21.3268661499, 24.6640262604, 21.3711395264, 69.2677764893, 15.2551021576, 11.8359518051, -0.703874886036], [10.6307086945, 44.1057662964, -9.06686687469, -2.99676418304, 18.9113559723, 5.33854293823, 28.9621829987, -6.4683713913, -0.0178683847189, 15.2551021576, 55.7359313965, 23.9682636261, 5.09249734879], [-10.4438238144, -49.8247146606, 15.7917547226, 5.93441534042, -20.8490161896, 14.3637704849, -1.55627095699, 8.01743412018, -5.17700147629, 11.8359518051, 23.9682636261, 51.6931495667, 19.1337509155], [20.9218730927, 41.0507316589, -12.7207384109, 5.17543649673, 31.8081130981, -12.4538564682, 6.75379180908, 4.65726995468, 5.45572710037, -0.703874886036, 5.09249734879, 19.1337509155, 53.3482971191]],
        "icov": [[0.000500490947161, -0.000669134547934, 0.000574940931983, -0.000180050337804, 0.000534366175998, -0.00124523451086, 0.00129227084108, -0.000598928716499, -0.000394896895159, 0.000650189700536, -0.000490450183861, 0.000103370723082, -0.000188738747966], [-0.000669134547934, 0.0194079317153, -0.00922572426498, 0.0134082371369, -0.0105754472315, 0.0172833446413, -0.013801459223, 0.0108672268689, -0.00654947012663, 0.00987695157528, -0.0144363883883, 0.016437118873, -0.0107507472858], [0.000574940931983, -0.00922572426498, 0.0141133470461, -0.015215523541, 0.0100849242881, -0.0104763256386, 0.00906242616475, -0.00921433791518, 0.00435815611854, -0.00287960399874, 0.00272695440799, -0.00418797601014, 0.0036715103779], [-0.000180050337804, 0.0134082371369, -0.015215523541, 0.0288190990686, -0.0160830244422, 0.0138769010082, -0.0107903536409, 0.0120093086734, -0.00810146890581, 0.00480653531849, -0.00226225773804, 0.00199300074019, -0.00313128507696], [0.000534366175998, -0.0105754472315, 0.0100849242881, -0.0160830244422, 0.0178266931325, -0.0139637896791, 0.00827784836292, -0.00719176186249, 0.00127931602765, 0.000781415263191, -0.00214292528108, 0.00336780678481, -0.00353958201595], [-0.00124523451086, 0.0172833446413, -0.0104763256386, 0.0138769010082, -0.0139637896791, 0.0291794408113, -0.0161947328597, 0.00755190616474, 0.00112578948028, 0.00179790938273, -0.00595262879506, 0.00570452259853, -0.00169594190083], [0.00129227084108, -0.013801459223, 0.00906242616475, -0.0107903536409, 0.00827784836292, -0.0161947328597, 0.0230911355466, -0.0118340142071, 0.000949280802161, 0.0019675551448, -0.00164075568318, -0.00557301566005, 0.00479893106967], [-0.000598928716499, 0.0108672268689, -0.00921433791518, 0.0120093086734, -0.00719176186249, 0.00755190616474, -0.0118340142071, 0.0214847121388, -0.00833377148956, 0.000397410709411, -0.000597660371568, 0.00492116529495, -0.0066664298065], [-0.000394896895159, -0.00654947012663, 0.00435815611854, -0.00810146890581, 0.00127931602765, 0.00112578948028, 0.000949280802161, -0.00833377148956, 0.0204567164183, -0.0123865138739, 0.00941184535623, -0.00717138359323, 0.00654529128224], [0.000650189700536, 0.00987695157528, -0.00287960399874, 0.00480653531849, 0.000781415263191, 0.00179790938273, 0.0019675551448, 0.000397410709411, -0.0123865138739, 0.0333703272045, -0.0247967783362, 0.0165547542274, -0.0112014953047], [-0.000490450183861, -0.0144363883883, 0.00272695440799, -0.00226225773804, -0.00214292528108, -0.00595262879506, -0.00164075568318, -0.000597660371568, 0.00941184535623, -0.0247967783362, 0.0538088157773, -0.0395090281963, 0.0200626626611], [0.000103370723082, 0.016437118873, -0.00418797601014, 0.00199300074019, 0.00336780678481, 0.00570452259853, -0.00557301566005, 0.00492116529495, -0.00717138359323, 0.0165547542274, -0.0395090281963, 0.0604782663286, -0.0312487315387], [-0.000188738747966, -0.0107507472858, 0.0036715103779, -0.00313128507696, -0.00353958201595, -0.00169594190083, 0.00479893106967, -0.0066664298065, 0.00654529128224, -0.0112014953047, 0.0200626626611, -0.0312487315387, 0.0384347848594]]
    },
    "melbands": {
        "dmean": [0.0024479534477, 0.00231247697957, 0.0012919442961, 0.000891832693014, 0.000399017706513, 0.000188950172742, 0.000115215341793, 0.000135582769872, 0.000150298626977, 0.000141176991747, 0.000109684362542, 9.43458071561e-05, 8.16519313958e-05, 7.1784867032e-05, 7.2846232797e-05, 7.74335931055e-05, 7.12510518497e-05, 6.1997307057e-05, 4.41140255134e-05, 3.80042038159e-05, 4.1620904085e-05, 3.75404233637e-05, 2.43440244958e-05, 1.570897075e-05, 1.73447788256e-05, 8.39394488139e-06, 6.11277482676e-06, 4.41576003141e-06, 3.6681246911e-06, 4.83738040202e-06, 4.85656983074e-06, 4.69759379484e-06, 4.95844051329e-06, 4.8800670811e-06, 5.07754430146e-06, 3.50148002326e-06, 1.84697262284e-06, 1.33426453885e-06, 1.14446197585e-06, 4.06998964309e-07],
        "dmean2": [0.00415123347193, 0.00386922992766, 0.00224772491492, 0.00159121968318, 0.00070393725764, 0.000322904234054, 0.000191292274394, 0.000218452405534, 0.000231144367717, 0.000227558950428, 0.000173667722265, 0.000152565757162, 0.000123424542835, 0.000114930895506, 0.000120312186482, 0.00012006291945, 0.000110937908175, 9.75601360551e-05, 6.84430124238e-05, 5.99592385697e-05, 6.4603278588e-05, 5.82688226132e-05, 3.91519934055e-05, 2.57416686509e-05, 2.79227879219e-05, 1.37909337354e-05, 1.01481491583e-05, 7.28512532078e-06, 6.00042085352e-06, 7.87120734458e-06, 7.71755549067e-06, 7.14856605555e-06, 7.30066858523e-06, 7.22508548279e-06, 7.61114961279e-06, 5.37367395737e-06, 2.80821609522e-06, 2.01805278266e-06, 1.71306976426e-06, 6.1768184878e-07],
        "dvar": [1.15657603601e-05, 6.31327247902e-06, 2.30923888012e-06, 2.39909172706e-06, 4.40622955011e-07, 8.76150352269e-08, 4.44534933308e-08, 1.16626146962e-07, 1.27321058585e-07, 6.60071819425e-08, 4.11167242476e-08, 3.75647424278e-08, 4.84828746039e-08, 1.98570262455e-08, 2.09250323735e-08, 3.05103462495e-08, 3.08961602968e-08, 2.46853666397e-08, 1.12832889698e-08, 8.25363866142e-09, 2.0142692847e-08, 9.48824396829e-09, 1.30216515348e-09, 4.54755677559e-10, 4.08031275434e-10, 7.78055050943e-11, 4.70617642079e-11, 2.70062375241e-11, 1.81107316644e-11, 2.44345255834e-11, 3.36468942985e-11, 5.80119528804e-11, 4.86173011571e-11, 5.30225759132e-11, 1.50780832264e-10, 9.89393428297e-11, 2.45568305274e-11, 9.61571187258e-12, 5.81891999862e-12, 1.15691072174e-12],
        "dvar2": [3.03137276205e-05, 1.65679193742e-05, 6.18037438471e-06, 6.64685194351e-06, 1.21332107028e-06, 2.24493561518e-07, 9.63247401842e-08, 2.73069645118e-07, 2.70217526577e-07, 1.62274645277e-07, 9.73338103449e-08, 8.55338626593e-08, 9.4505473669e-08, 4.21678265639e-08, 5.11965794203e-08, 6.78924081399e-08, 7.15083956493e-08, 5.63637065909e-08, 2.41708502102e-08, 1.94403213527e-08, 4.81413238163e-08, 2.28073666619e-08, 3.04912717297e-09, 1.10963116473e-09, 1.01086705673e-09, 1.93479982036e-10, 1.24997734385e-10, 7.34520846923e-11, 4.62034820126e-11, 6.04285857464e-11, 8.18831530358e-11, 1.26054638949e-10, 1.14163074827e-10, 1.25657442784e-10, 3.32949362525e-10, 2.40563208243e-10, 6.2640045928e-11, 2.43729359611e-11, 1.39484456971e-11, 2.70164793315e-12],
        "max": [0.0236210785806, 0.0218816827983, 0.0133560849354, 0.0116657000035, 0.00446660118178, 0.00420617172495, 0.00496409926564, 0.00554928788915, 0.00784345623106, 0.00313737755641, 0.00229410268366, 0.00219615455717, 0.00466367090121, 0.00170925818384, 0.00221362686716, 0.00259146792814, 0.00295097241178, 0.00231834431179, 0.00179455871694, 0.00128668022808, 0.00342371896841, 0.0017046299763, 0.000469040300231, 0.000270258518867, 0.000236523177591, 0.000119015487144, 0.000129641397507, 9.25997301238e-05, 7.70220722188e-05, 5.58360516152e-05, 9.59066237556e-05, 0.00018624313816, 0.000122985613416, 0.000117056362797, 0.000217466149479, 0.000167016041814, 8.82443637238e-05, 6.03520747973e-05, 2.88352694042e-05, 2.02986884688e-05],
        "mean": [0.00261454400606, 0.00338773196563, 0.00190621824004, 0.000912086165044, 0.000435689173173, 0.000255077437032, 0.000173207314219, 0.000185363285709, 0.000220919682761, 0.000200509632123, 0.0001735958067, 0.000132005123305, 0.000114700851555, 0.000105260420241, 0.000102077639895, 0.000105074781459, 8.93783799256e-05, 7.98523906269e-05, 6.34094467387e-05, 5.60707048862e-05, 6.67709755362e-05, 6.33413219475e-05, 4.6318218665e-05, 3.23234089592e-05, 3.6083318264e-05, 1.96992932615e-05, 1.36404105433e-05, 1.0063323316e-05, 8.67574908625e-06, 1.19732521853e-05, 1.16633691505e-05, 9.70101973508e-06, 9.52400841925e-06, 9.49693821894e-06, 8.4418015831e-06, 5.64735546504e-06, 3.10343693855e-06, 2.34733784055e-06, 1.90633306829e-06, 6.131025998e-07],
        "median": [0.0014858803479, 0.00257456908002, 0.00147823011503, 0.000466911587864, 0.000213047125726, 0.000156094058184, 8.40042848722e-05, 6.36762270005e-05, 7.65169315855e-05, 0.000108016429294, 8.41781366034e-05, 5.46599258087e-05, 4.53098364233e-05, 5.4078635003e-05, 5.1966344472e-05, 4.41064476036e-05, 3.88630978705e-05, 3.32744748448e-05, 2.52452791756e-05, 2.8587090128e-05, 3.39153157256e-05, 4.01622419304e-05, 3.42977655237e-05, 2.47805764957e-05, 3.08380949718e-05, 1.73281787283e-05, 1.20844952107e-05, 8.32665136841e-06, 7.30467581889e-06, 1.04147820821e-05, 9.24780852074e-06, 6.13682550465e-06, 4.79518166685e-06, 5.48168463865e-06, 4.50256220574e-06, 2.80030212707e-06, 1.75574416517e-06, 1.28247370412e-06, 9.8541704574e-07, 2.39414987391e-07],
        "min": [2.56505461316e-09, 3.78202962281e-08, 6.31697218978e-08, 7.72856534326e-09, 5.96379567952e-09, 1.41550904331e-09, 5.25156362841e-09, 3.1677482859e-09, 7.90385756844e-10, 1.92388283082e-09, 2.81716139305e-09, 1.62277324911e-09, 5.33847077655e-10, 1.31557087446e-09, 3.86528031804e-10, 5.71264036076e-10, 2.1272625883e-09, 7.74527442182e-10, 3.14713644034e-10, 4.30503077631e-10, 4.23110158021e-10, 1.89093365965e-10, 3.65886571041e-10, 1.07222264401e-09, 1.1642096176e-09, 2.09454412148e-10, 1.01062151703e-10, 8.75383723842e-11, 1.51336915222e-10, 3.90742216361e-10, 1.48147175083e-10, 7.38777997111e-11, 3.26143348439e-11, 4.45001896443e-10, 2.82453560541e-10, 2.90269093484e-11, 2.14256355713e-11, 1.36944205975e-11, 2.22777820497e-11, 1.84563128669e-12],
        "var": [1.11508861664e-05, 9.04012176761e-06, 2.78760103356e-06, 1.92623292605e-06, 3.82862708648e-07, 1.27471849964e-07, 1.08567128621e-07, 1.64027539995e-07, 2.80763487126e-07, 8.92846472311e-08, 7.60747695949e-08, 5.99646696742e-08, 7.34549843173e-08, 3.13559027632e-08, 2.54041729875e-08, 4.16330045994e-08, 3.67897996512e-08, 3.05657898991e-08, 2.34829897749e-08, 1.14006084573e-08, 2.68829758454e-08, 1.25165593445e-08, 2.32022512314e-09, 7.87374887512e-10, 6.82173262323e-10, 1.49624979073e-10, 7.59623475233e-11, 5.17967058133e-11, 3.53636252226e-11, 4.94883370394e-11, 7.38859529115e-11, 1.42786032997e-10, 1.51570506146e-10, 1.34497760151e-10, 2.16212797666e-10, 1.29436600327e-10, 2.66315840908e-11, 1.21383467513e-11, 8.76037263564e-12, 1.93564131737e-12]
    },
    "mfcc": {
        "mean": [-580.450927734, 95.9970321655, -2.4599878788, 32.3233795166, 6.31765890121, 17.7553348541, 0.659936964512, 16.8032360077, -0.0348791144788, 2.93824052811, 0.242351382971, 2.67453360558, -6.93752479553],
        "cov": [[2601.31054688, 110.104515076, -164.525436401, -137.155075073, 41.872253418, -18.4773635864, -57.0270347595, 17.1811237335, -38.8873176575, 26.95952034, -32.2293739319, -17.4267730713, -23.1895656586], [110.104515076, 481.439910889, -196.399353027, 109.571670532, -3.63277196884, 2.49178433418, 44.0277442932, 18.0975952148, 7.9602355957, 11.5489368439, -29.5292854309, 26.3465366364, -50.7417984009], [-164.525436401, -196.399353027, 296.601928711, -22.3593502045, -23.706949234, -22.8084869385, -35.6518554688, -9.20353889465, -15.5985174179, -1.98533940315, 20.3063907623, -14.642660141, 30.9845619202], [-137.155075073, 109.571670532, -22.3593502045, 158.653884888, 44.8067512512, 14.5461120605, -5.2181186676, 12.4180335999, 22.8606796265, 7.22561693192, -13.1179866791, 14.0612039566, 1.30429446697], [41.872253418, -3.63277196884, -23.706949234, 44.8067512512, 131.980178833, 24.8942680359, 6.52563047409, 1.86795794964, 19.0631122589, 8.38916492462, -12.7343387604, -2.4497358799, -0.476259499788], [-18.4773635864, 2.49178433418, -22.8084869385, 14.5461120605, 24.8942680359, 92.0957260132, 37.3831939697, 12.4060058594, -18.364276886, 1.40340578556, -1.68741261959, -5.29052114487, -4.56739282608], [-57.0270347595, 44.0277442932, -35.6518554688, -5.2181186676, 6.52563047409, 37.3831939697, 121.848617554, 40.1447372437, 0.27889084816, -11.5725898743, 6.79991436005, 9.93316173553, -16.6276416779], [17.1811237335, 18.0975952148, -9.20353889465, 12.4180335999, 1.86795794964, 12.4060058594, 40.1447372437, 79.645866394, 22.2737216949, 12.0652112961, -2.02995491028, 13.5079078674, 1.70861947536], [-38.8873176575, 7.9602355957, -15.5985174179, 22.8606796265, 19.0631122589, -18.364276886, 0.27889084816, 22.2737216949, 78.5764389038, 25.6078491211, 8.70246601105, 3.09327220917, 10.0746612549], [26.95952034, 11.5489368439, -1.98533940315, 7.22561693192, 8.38916492462, 1.40340578556, -11.5725898743, 12.0652112961, 25.6078491211, 61.5269737244, 17.4040107727, 2.94111466408, -1.04601788521], [-32.2293739319, -29.5292854309, 20.3063907623, -13.1179866791, -12.7343387604, -1.68741261959, 6.79991436005, -2.02995491028, 8.70246601105, 17.4040107727, 55.3633651733, 18.5583171844, 10.8156290054], [-17.4267730713, 26.3465366364, -14.642660141, 14.0612039566, -2.4497358799, -5.29052114487, 9.93316173553, 13.5079078674, 3.09327220917, 2.94111466408, 18.5583171844, 49.6847763062, 19.2887878418], [-23.1895656586, -50.7417984009, 30.9845619202, 1.30429446697, -0.476259499788, -4.56739282608, -16.6276416779, 1.70861947536, 10.0746612549, -1.04601788521, 10.8156290054, 19.2887878418, 59.9426193237]],
