{
"lowlevel": {
    "average_loudness": 0.980892062187,
    "barkbands_crest": {
        "dmean": 3.04077196121,
        "dmean2": 5.0696644783,
        "dvar": 8.85206890106,
        "dvar2": 23.4192848206,
        "max": 23.1585998535,
        "mean": 8.61793804169,
        "median": 7.9195189476,
        "min": 2.26230430603,
        "var": 13.236574173
    },
    "barkbands_flatness_db": {
        "dmean": 0.0198305994272,
        "dmean2": 0.0329483151436,
        "dvar": 0.000344449712429,
        "dvar2": 0.000943016260862,
        "max": 0.269292980433,
        "mean": 0.129144310951,
        "median": 0.123974278569,
        "min": 0.068982347846,
        "var": 0.000817098247353
    },
    "barkbands_kurtosis": {
        "dmean": 1.6474660635,
        "dmean2": 2.80035066605,
        "dvar": 8.53052997589,
        "dvar2": 22.5814704895,
        "max": 45.6360626221,
        "mean": 0.321609675884,
        "median": -0.696779251099,
        "min": -1.8217176199,
        "var": 9.70112800598
    },
    "barkbands_skewness": {
        "dmean": 0.578081071377,
        "dmean2": 0.92624604702,
        "dvar": 0.341928362846,
        "dvar2": 0.879525542259,
        "max": 6.60423612595,
        "mean": 0.953848183155,
        "median": 0.798826634884,
        "min": -0.987869262695,
        "var": 0.685851812363
    },
    "barkbands_spread": {
        "dmean": 7.82157897949,
        "dmean2": 12.4646072388,
        "dvar": 54.6877593994,
        "dvar2": 140.42364502,
        "max": 82.8102798462,
        "mean": 38.1697235107,
        "median": 38.5593338013,
        "min": 5.28456783295,
        "var": 134.205993652
    },
    "dissonance": {
        "dmean": 0.00891602784395,
        "dmean2": 0.0149738676846,
        "dvar": 8.83492321009e-05,
        "dvar2": 0.000240914901951,
        "max": 0.500000119209,
        "mean": 0.485644698143,
        "median": 0.489200562239,
        "min": 0.359371930361,
        "var": 0.000156177804456
    },
    "dynamic_complexity": 1.47048771381,
    "erbbands_crest": {
        "dmean": 2.54839611053,
        "dmean2": 4.20078849792,
        "dvar": 6.29991531372,
        "dvar2": 15.8692779541,
        "max": 26.3641300201,
        "mean": 7.73847579956,
        "median": 6.67574262619,
        "min": 2.60730099678,
        "var": 13.1153621674
    },
    "erbbands_flatness_db": {
        "dmean": 0.0130897937343,
        "dmean2": 0.0204130653292,
        "dvar": 0.00013372633839,
        "dvar2": 0.000305405148538,
        "max": 0.25042039156,
        "mean": 0.170478522778,
        "median": 0.169231846929,
        "min": 0.0985499620438,
        "var": 0.000446389371064
    },
    "erbbands_kurtosis": {
        "dmean": 0.848053395748,
        "dmean2": 1.33640360832,
        "dvar": 0.789881944656,
        "dvar2": 1.81396043301,
        "max": 10.3613510132,
        "mean": 0.481556266546,
        "median": 0.289063215256,
        "min": -1.66738820076,
        "var": 1.8922201395
    },
    "erbbands_skewness": {
        "dmean": 0.316009581089,
        "dmean2": 0.494007617235,
        "dvar": 0.0791034922004,
        "dvar2": 0.184970781207,
        "max": 1.60662770271,
        "mean": -0.56736022234,
        "median": -0.59901535511,
        "min": -2.51530480385,
        "var": 0.310436308384
    },
    "erbbands_spread": {
        "dmean": 9.71719074249,
        "dmean2": 15.5262269974,
        "dvar": 92.3722839355,
        "dvar2": 211.111099243,
        "max": 121.977142334,
        "mean": 41.2198295593,
        "median": 38.0448265076,
        "min": 10.9657268524,
        "var": 255.838409424
    },
    "hfc": {
        "dmean": 7.3183426857,
        "dmean2": 12.0098848343,
        "dvar": 73.9470214844,
        "dvar2": 193.191986084,
        "max": 89.5107727051,
        "mean": 31.4188861847,
        "median": 30.5596733093,
        "min": 0.000335395656293,
        "var": 217.305236816
    },
    "melbands_crest": {
        "dmean": 3.40378403664,
        "dmean2": 5.62177801132,
        "dvar": 9.1661157608,
        "dvar2": 22.4948329926,
        "max": 27.7479381561,
        "mean": 13.8916320801,
        "median": 13.3030385971,
        "min": 4.47721910477,
        "var": 18.8114833832
    },
    "melbands_flatness_db": {
        "dmean": 0.0288240034133,
        "dmean2": 0.046413641423,
        "dvar": 0.000776317494456,
        "dvar2": 0.0020196090918,
        "max": 0.331201374531,
        "mean": 0.149063959718,
        "median": 0.141250550747,
        "min": 0.0519987940788,
        "var": 0.00195332057774
    },
    "melbands_kurtosis": {
        "dmean": 7.04688930511,
        "dmean2": 11.9270105362,
        "dvar": 136.581680298,
        "dvar2": 368.426879883,
        "max": 188.564727783,
        "mean": 8.64395236969,
        "median": 4.58383226395,
        "min": -1.38158547878,
        "var": 155.06401062
    },
    "melbands_skewness": {
        "dmean": 0.92704051733,
        "dmean2": 1.50780045986,
        "dvar": 1.00584864616,
        "dvar2": 2.59255003929,
        "max": 12.2188987732,
        "mean": 2.54971861839,
        "median": 2.22137618065,
        "min": -0.0709381476045,
        "var": 1.84598255157
    },
    "melbands_spread": {
        "dmean": 12.4591732025,
        "dmean2": 19.616355896,
        "dvar": 133.301635742,
        "dvar2": 331.313140869,
        "max": 138.701904297,
        "mean": 39.2328147888,
        "median": 38.1824188232,
        "min": 2.54294490814,
        "var": 323.572174072
    },
    "pitch_salience": {
        "dmean": 0.0794422402978,
        "dmean2": 0.132021740079,
        "dvar": 0.00548358121887,
        "dvar2": 0.0149355074391,
        "max": 0.827981770039,
        "mean": 0.575823783875,
        "median": 0.58672606945,
        "min": 0.200242370367,
        "var": 0.0100213764235
    },
    "silence_rate_20dB": {
        "dmean": 0,
        "dmean2": 0,
        "dvar": 0,
        "dvar2": 0,
        "max": 1,
        "mean": 1,
        "median": 1,
        "min": 1,
        "var": 0
    },
    "silence_rate_30dB": {
        "dmean": 0,
        "dmean2": 0,
        "dvar": 0,
        "dvar2": 0,
        "max": 1,
        "mean": 1,
        "median": 1,
        "min": 1,
        "var": 0
    },
    "silence_rate_60dB": {
        "dmean": 0.000774593325332,
        "dmean2": 0.00154978688806,
        "dvar": 0.00077398942085,
        "dvar2": 0.00154736766126,
        "max": 1,
        "mean": 0.0123886950314,
        "median": 0,
        "min": 0,
        "var": 0.012235276401
    },
    "spectral_centroid": {
        "dmean": 297.225494385,
        "dmean2": 463.813201904,
        "dvar": 70533.5703125,
        "dvar2": 172503.875,
        "max": 3604.87426758,
        "mean": 2089.63452148,
        "median": 2143.79248047,
        "min": 470.39074707,
        "var": 240499.953125
    },
    "spectral_complexity": {
        "dmean": 5.44616556168,
        "dmean2": 8.65633487701,
        "dvar": 25.1100559235,
        "dvar2": 60.4068450928,
        "max": 60,
        "mean": 33.9663200378,
        "median": 37,
        "min": 0,
        "var": 147.540359497
    },
    "spectral_decrease": {
        "dmean": 3.44219608372e-09,
        "dmean2": 5.74659786423e-09,
        "dvar": 2.05754063619e-17,
        "dvar2": 5.32047433816e-17,
        "max": -9.00582031367e-14,
        "mean": -7.591021145e-09,
        "median": -6.30771701537e-09,
        "min": -3.20103374918e-08,
        "var": 2.09968399948e-17
    },
    "spectral_energy": {
        "dmean": 0.0133967073634,
        "dmean2": 0.0223145131022,
        "dvar": 0.000304724904709,
        "dvar2": 0.000787989643868,
        "max": 0.124273434281,
        "mean": 0.0314999930561,
        "median": 0.0266335438937,
        "min": 3.70320947241e-07,
        "var": 0.000322376639815
    },
    "spectral_energyband_high": {
        "dmean": 0.000637430290226,
        "dmean2": 0.00104765861761,
        "dvar": 8.42547990487e-07,
        "dvar2": 2.27445320888e-06,
        "max": 0.00902598910034,
        "mean": 0.00186661235057,
        "median": 0.00169288425241,
        "min": 2.01677252676e-08,
        "var": 1.62832463957e-06
    },
    "spectral_energyband_low": {
        "dmean": 0.00944186002016,
        "dmean2": 0.0161591917276,
        "dvar": 0.00026325910585,
        "dvar2": 0.000692099449225,
        "max": 0.109328582883,
        "mean": 0.0130525296554,
        "median": 0.00868110638112,
        "min": 2.16540044562e-07,
        "var": 0.000218587680138
    },
    "spectral_energyband_middle_high": {
        "dmean": 0.00217756582424,
        "dmean2": 0.00348042533733,
        "dvar": 4.67614017907e-06,
        "dvar2": 1.17455083455e-05,
        "max": 0.0309051405638,
        "mean": 0.00831537507474,
        "median": 0.00767477788031,
        "min": 7.73143824517e-08,
        "var": 2.27341133723e-05
    },
    "spectral_energyband_middle_low": {
        "dmean": 0.00538117112592,
        "dmean2": 0.00892984773964,
        "dvar": 7.64429423725e-05,
        "dvar2": 0.000202246708795,
        "max": 0.0735824331641,
        "mean": 0.00968358758837,
        "median": 0.0065723368898,
        "min": 1.28328736082e-07,
        "var": 8.39956264826e-05
    },
    "spectral_entropy": {
        "dmean": 0.0904468223453,
        "dmean2": 0.136584416032,
        "dvar": 0.00800346862525,
        "dvar2": 0.0175864808261,
        "max": 8.49422359467,
        "mean": 7.90135335922,
        "median": 7.92968845367,
        "min": 6.93003082275,
        "var": 0.031917501241
    },
    "spectral_flux": {
        "dmean": 0.0312697030604,
        "dmean2": 0.0473665520549,
        "dvar": 0.00120187422726,
        "dvar2": 0.00221546622925,
        "max": 0.28571420908,
        "mean": 0.109221167862,
        "median": 0.0979522690177,
        "min": 0.000608540023677,
        "var": 0.00221754889935
    },
    "spectral_kurtosis": {
        "dmean": 1.05803990364,
        "dmean2": 1.84014678001,
        "dvar": 1.08157634735,
        "dvar2": 3.09776163101,
        "max": 12.0113677979,
        "mean": 1.70815718174,
        "median": 1.46212291718,
        "min": -0.780885696411,
        "var": 1.65349435806
    },
    "spectral_rms": {
        "dmean": 0.00106102018617,
        "dmean2": 0.00170774594881,
        "dvar": 1.46147147007e-06,
        "dvar2": 3.69235408471e-06,
        "max": 0.0110110118985,
        "mean": 0.00534615991637,
        "median": 0.00509744510055,
        "min": 1.9007597075e-05,
        "var": 2.15030945583e-06
    },
    "spectral_rolloff": {
        "dmean": 750.518737793,
        "dmean2": 1227.29370117,
        "dvar": 754511.4375,
        "dvar2": 1800168.25,
        "max": 8613.28125,
        "mean": 2348.87182617,
        "median": 2390.18554688,
        "min": 86.1328125,
        "var": 1380488
    },
    "spectral_skewness": {
        "dmean": 0.169808357954,
        "dmean2": 0.287441641092,
        "dvar": 0.0268247611821,
        "dvar2": 0.0713226050138,
        "max": 2.96300458908,
        "mean": 0.806732714176,
        "median": 0.78283983469,
        "min": 0.178307697177,
        "var": 0.0535781346262
    },
    "spectral_spread": {
        "dmean": 341551.875,
        "dmean2": 511370.375,
        "dvar": 149523611648,
        "dvar2": 278799089664,
        "max": 9319963,
        "mean": 3896994.25,
        "median": 3782163.25,
        "min": 2463210,
        "var": 510381522944
    },
    "spectral_strongpeak": {
        "dmean": 0.459427654743,
        "dmean2": 0.805868923664,
        "dvar": 0.625083744526,
        "dvar2": 1.65780341625,
        "max": 6.7062587738,
        "mean": 0.64716809988,
        "median": 0.395439088345,
        "min": 0,
        "var": 0.696504354477
    },
    "zerocrossingrate": {
        "dmean": 0.0111128427088,
        "dmean2": 0.0140561051667,
        "dvar": 9.65116923908e-05,
        "dvar2": 0.000143847253639,
        "max": 0.20654296875,
        "mean": 0.0794873833656,
        "median": 0.07861328125,
        "min": 0.01171875,
        "var": 0.000560694257729
    },
    "barkbands": {
        "dmean": [0.000279289874015, 0.00693712523207, 0.00307520641945, 0.00166819361039, 0.00347021548077, 0.000661879545078, 0.000574579345994, 0.000448700040579, 0.000303119479213, 0.000486012402689, 0.000339081161655, 0.000514048326295, 0.000441887590569, 0.00035632646177, 0.000511494639795, 0.000478787958855, 0.00058962602634, 0.00040843008901, 0.000399835436838, 0.000320157821989, 0.000247136049438, 0.000191447383258, 0.000120129559946, 8.11652716948e-05, 2.17750093725e-05, 3.72733488518e-08, 3.22765600913e-08],
        "dmean2": [0.000423524557846, 0.0119764050469, 0.00545900966972, 0.00289731263183, 0.00587387802079, 0.00108101032674, 0.000931059475988, 0.000726310536265, 0.000488431251142, 0.000778211804572, 0.000553992169444, 0.000848177005537, 0.000691522611305, 0.000558840867598, 0.000825529918075, 0.00078918057261, 0.000975473842118, 0.000675962422974, 0.000691654800903, 0.000527416414116, 0.000424846395617, 0.000323242420563, 0.000190812832443, 0.000121320452308, 3.2909145375e-05, 6.40240997996e-08, 6.03889205308e-08],
        "dvar": [1.75504737854e-07, 0.00017149715859, 2.43277445406e-05, 6.22618290436e-06, 4.3693191401e-05, 1.34040976718e-06, 2.06026925298e-06, 1.36089749958e-06, 4.63660256855e-07, 7.70611109147e-07, 4.280894359e-07, 1.10092071282e-06, 1.15681166335e-06, 3.95858080537e-07, 6.88192528742e-07, 4.30977365795e-07, 5.71034718178e-07, 2.91380814588e-07, 2.22966562546e-07, 1.64420825399e-07, 1.27607094669e-07, 9.66770414834e-08, 3.24439106691e-08, 2.56829437717e-08, 2.91544188791e-09, 7.61944337241e-15, 1.23285374422e-14],
        "dvar2": [3.88629842973e-07, 0.000444919918664, 7.06082719262e-05, 1.73792086571e-05, 0.000116918854474, 2.97023279927e-06, 4.9819477681e-06, 3.18294655699e-06, 1.151282504e-06, 1.79032804226e-06, 1.13354815312e-06, 2.87942521027e-06, 2.87113471131e-06, 9.37858771977e-07, 1.71146666617e-06, 1.08413667022e-06, 1.50073094574e-06, 6.92893422638e-07, 5.9875998204e-07, 3.9480499936e-07, 3.60907364438e-07, 2.67079485639e-07, 7.72634365376e-08, 4.92025620247e-08, 5.81755132956e-09, 2.05471304169e-14, 3.57037126643e-14],
        "max": [0.00441516423598, 0.0841340497136, 0.0462668091059, 0.027564547956, 0.0647769868374, 0.017992137, 0.0351652652025, 0.0244223084301, 0.010227298364, 0.0138082047924, 0.0127889607102, 0.0159225594252, 0.0206970255822, 0.00914236344397, 0.0138421030715, 0.0103963483125, 0.0110033946112, 0.00997047964483, 0.00550542771816, 0.00714960554615, 0.00425826339051, 0.00294846179895, 0.00337116117589, 0.00333739607595, 0.000971876259428, 1.30064904624e-06, 2.06128811442e-06],
        "mean": [0.00029845215613, 0.00651826849207, 0.00496644945815, 0.0024955496192, 0.00416736537591, 0.000965277373325, 0.000765979522839, 0.000622436404228, 0.000433301087469, 0.000827514682896, 0.000535045284778, 0.000803751405329, 0.000697326904628, 0.000573100172915, 0.000821393274236, 0.000961086130701, 0.00121384835802, 0.000823161681183, 0.000825408438686, 0.000717424438335, 0.00051484524738, 0.000424367986852, 0.000292982964311, 0.000198176843696, 3.75096242351e-05, 4.26680735188e-08, 1.9733175094e-08],
        "median": [0.000123376856209, 0.00239204894751, 0.00363388517871, 0.00190482032485, 0.00189478928223, 0.000461850722786, 0.000252141006058, 0.000165319564985, 0.000187398924027, 0.000413292698795, 0.00028584204847, 0.000329788861563, 0.000201834540349, 0.000287112925434, 0.000476835062727, 0.000737921218388, 0.00098323111888, 0.000672265829053, 0.000705515092704, 0.000586039328482, 0.000437768147094, 0.000344195665093, 0.000233955448493, 0.000143615048728, 1.89972597582e-05, 1.8119607148e-08, 1.11152254068e-09],
        "min": [4.78590722608e-09, 3.20314299529e-08, 1.08007782273e-07, 9.24931811142e-08, 1.53998556129e-08, 5.85621506843e-09, 5.9677147668e-09, 2.375440733e-09, 5.64681590376e-09, 1.09512421353e-09, 2.24598717402e-09, 6.50330678198e-09, 5.80606895895e-10, 4.94190022238e-09, 6.5405201255e-09, 1.6120699442e-08, 1.59131339217e-08, 9.35287491899e-09, 1.32681172715e-08, 6.55540777217e-09, 5.68260727363e-09, 4.16012069238e-09, 2.7357922594e-09, 1.81626302886e-09, 2.38992076129e-10, 1.89015946991e-12, 3.43220482417e-12],
        "var": [2.12590649085e-07, 0.000134816640639, 2.40157478402e-05, 5.83703285884e-06, 4.08538035117e-05, 2.45368573815e-06, 3.36261564371e-06, 2.4287605811e-06, 7.72376949953e-07, 1.74875356151e-06, 8.45336842303e-07, 1.82552923889e-06, 2.85251871901e-06, 7.8247927604e-07, 1.15517491395e-06, 9.03322415979e-07, 1.22403400837e-06, 5.39778568509e-07, 3.92231697788e-07, 4.04737932058e-07, 1.62572604268e-07, 1.35090800768e-07, 7.04902234361e-08, 5.98811240593e-08, 5.85576120926e-09, 7.81142593101e-15, 6.95083071572e-15]
    },
    "erbbands": {
        "dmean": [0.180751591921, 1.66697669029, 3.60241055489, 4.00140619278, 11.1140642166, 10.7255859375, 8.8570766449, 4.43523454666, 6.66753816605, 9.66918468475, 9.04158115387, 6.80370044708, 12.2658176422, 16.0776557922, 11.3616695404, 21.2662963867, 18.5229167938, 17.6250400543, 21.9842643738, 22.5769443512, 29.6195812225, 27.3368625641, 21.6614837646, 22.6945285797, 16.8294353485, 13.9595155716, 12.9153404236, 8.8182964325, 7.06759691238, 5.15116739273, 3.16982269287, 1.8760933876, 1.3452745676, 0.439801037312, 0.0212643705308, 0.00101441668812, 9.75512521109e-05, 2.66521674348e-05, 1.18574416774e-05, 1.56913301907e-05],
        "dmean2": [0.30197057128, 2.98250222206, 6.50220346451, 6.93805074692, 18.891046524, 18.7621994019, 14.3629922867, 7.21664476395, 10.9934453964, 15.4791622162, 14.5008773804, 11.0649280548, 19.8185844421, 25.6004676819, 18.6976165771, 34.6514892578, 29.1049289703, 27.0819511414, 35.1011390686, 36.6361465454, 48.6383857727, 44.9724655151, 35.5135650635, 38.7396888733, 28.7812595367, 22.9744319916, 22.1136703491, 15.1184072495, 12.0349349976, 8.51552009583, 4.96000766754, 2.8902451992, 2.00127339363, 0.650419414043, 0.0326445922256, 0.00156963057816, 0.000159150877153, 4.63054311695e-05, 2.02143146453e-05, 2.60754441115e-05],
        "dvar": [0.107862263918, 10.7029657364, 41.0967826843, 23.8149528503, 519.35345459, 463.777893066, 273.109375, 66.5489349365, 249.089752197, 494.432403564, 639.560668945, 251.056503296, 424.146240234, 1338.1673584, 350.062194824, 1981.84619141, 1998.91210938, 1037.5456543, 1449.9440918, 1420.51977539, 1383.00683594, 1174.56665039, 803.637023926, 871.962890625, 381.77822876, 370.098358154, 254.961700439, 208.504470825, 136.894866943, 67.7365493774, 22.8996257782, 11.762711525, 8.23749065399, 1.18721675873, 0.00620060553774, 1.17634454e-05, 4.6734491832e-08, 5.21287724098e-09, 4.67919369918e-10, 3.97306909594e-10],
        "dvar2": [0.260919243097, 28.9386539459, 118.505714417, 66.0949935913, 1366.65661621, 1306.92504883, 649.012329102, 139.110321045, 621.203674316, 1136.68359375, 1452.35986328, 638.995727539, 1059.79907227, 3658.72753906, 847.631530762, 5184.07763672, 5064.41650391, 2321.88500977, 3513.47387695, 3551.92260742, 3479.65820312, 3048.01025391, 1907.42041016, 2317.78198242, 1041.41247559, 872.25592041, 680.810546875, 604.107299805, 380.77255249, 186.882827759, 50.5900535583, 24.1239566803, 15.4960346222, 2.17207527161, 0.0142392320558, 2.65960698016e-05, 1.09681423055e-07, 1.46715626315e-08, 1.29446087183e-09, 1.03161879039e-09],
        "max": [2.21690607071, 20.2628707886, 50.3692398071, 50.5174751282, 180.152526855, 272.359283447, 335.660003662, 202.336578369, 299.966369629, 480.567596436, 616.316711426, 274.593353271, 456.243377686, 810.732177734, 354.32434082, 774.304321289, 846.354980469, 616.267578125, 497.362091064, 534.463745117, 766.387756348, 470.100463867, 571.59576416, 363.007720947, 213.464035034, 350.925170898, 165.139434814, 207.02130127, 120.554145813, 96.801940918, 89.8622512817, 68.4575881958, 66.1187362671, 20.1251449585, 1.54095518589, 0.0675445720553, 0.00366248749197, 0.00145475845784, 0.000411686807638, 0.00014283262135],
        "mean": [0.168602570891, 1.55528903008, 5.06854867935, 7.90241241455, 12.4318218231, 12.2174978256, 12.5543060303, 6.56881856918, 9.27104282379, 13.0202999115, 12.7991333008, 10.0584545135, 20.0370674133, 29.2271938324, 20.6831970215, 34.8360900879, 31.5572376251, 32.0074996948, 38.2194137573, 42.242816925, 65.8134689331, 62.3629875183, 47.0286026001, 44.5596809387, 36.4485282898, 31.921037674, 26.3874797821, 18.9984054565, 15.1407175064, 11.8407402039, 7.8459277153, 4.62007045746, 3.07720780373, 0.874897360802, 0.033013548702, 0.00171989924274, 0.00018280876975, 4.29992105637e-05, 2.78852912743e-05, 4.12542576669e-05],
        "median": [0.0499754622579, 0.624637186527, 3.62025260925, 6.6256942749, 6.02504444122, 5.44887971878, 4.68439149857, 3.42587447166, 3.61631774902, 4.34266138077, 3.7619330883, 4.85702371597, 11.6275930405, 12.6579122543, 13.2575340271, 14.1685199738, 11.4715213776, 14.7186756134, 22.1115589142, 29.0190849304, 54.0983734131, 53.0700149536, 39.1649093628, 36.0430183411, 31.5735416412, 25.8023662567, 22.3195056915, 16.1402568817, 12.40239048, 9.57817459106, 6.26828670502, 3.46561956406, 2.13772344589, 0.493243515491, 0.0147305950522, 0.000879219966009, 0.000116572671686, 2.79059804598e-05, 2.39390847128e-05, 3.63801409549e-05],
        "min": [1.54688336806e-06, 6.4711766754e-06, 7.70587284933e-05, 0.000304841640173, 8.99517326616e-05, 7.53358763177e-05, 4.99088891956e-05, 5.31640071131e-05, 7.32386833988e-05, 8.4303523181e-05, 5.68055074837e-05, 0.000147566228407, 6.72035021125e-05, 5.01006179547e-05, 0.000113785070425, 0.000273018202279, 6.23680316494e-05, 0.000209980149521, 0.000417887058575, 0.000337619596394, 0.00102023442741, 0.000779845635407, 0.000658426550217, 0.000463502801722, 0.000460059498437, 0.000272771605523, 0.000347556226188, 0.000171617517481, 0.000140457093948, 0.000110400353151, 6.98244475643e-05, 5.27567281097e-05, 2.40016070165e-05, 5.14086104886e-06, 1.63945202303e-07, 1.42933753722e-08, 4.78215023136e-09, 1.94961202737e-09, 8.49597447949e-10, 5.10735731485e-10],
        "var": [0.09727473557, 7.54300117493, 30.558347702, 32.0404281616, 425.9347229, 426.431854248, 532.635192871, 130.605987549, 421.873291016, 897.786560059, 962.250793457, 376.85760498, 849.643432617, 3085.63208008, 697.194824219, 3555.83276367, 5094.04833984, 2870.11547852, 2486.61987305, 2411.63720703, 3434.54516602, 2722.42504883, 1627.8885498, 1395.35192871, 713.109680176, 890.041809082, 417.549163818, 238.766357422, 177.464828491, 102.89730835, 54.7312431335, 26.2081298828, 18.5940341949, 2.68415927887, 0.00847170967609, 1.70328730746e-05, 7.18294614899e-08, 4.21481249901e-09, 4.31419316937e-10, 4.60834009841e-10]
    },
    "gfcc": {
        "mean": [20.9420871735, 105.168647766, -157.126663208, 85.6348876953, -64.1918258667, 27.0747623444, -32.3285560608, -3.7694272995, -9.18010520935, -25.4237556458, 0.0689330771565, -19.4668827057, 4.9285159111],
        "cov": [[1532.43225098, -169.563339233, -99.026222229, 3.91984558105, -104.926017761, -68.9912948608, -63.8877944946, 6.62103319168, 13.5816078186, 38.4277572632, 13.5470066071, 65.3741989136, -2.4455537796], [-169.563339233, 314.248291016, -36.5938110352, -77.5530166626, 71.4284439087, -50.9795227051, 78.5353622437, -32.5345458984, 35.2071151733, -20.2994842529, 36.5741233826, -32.8412818909, 8.2413444519], [-99.026222229, -36.5938110352, 253.768981934, 70.5766372681, -20.0999927521, 11.0732479095, -37.5529747009, 33.5032310486, -12.3641939163, 19.6895618439, -13.7223129272, -0.345623612404, 5.65976238251], [3.91984558105, -77.5530166626, 70.5766372681, 149.758636475, 44.2513427734, -16.7361316681, -15.201259613, 16.9539108276, 22.3865814209, 2.62086558342, -5.98286342621, 23.5533313751, 19.1019058228], [-104.926017761, 71.4284439087, -20.0999927521, 44.2513427734, 180.375946045, 54.5690040588, 56.2803611755, 28.9802322388, 25.1515407562, -4.00830364227, 22.712097168, -4.07443380356, 20.541437149], [-68.9912948608, -50.9795227051, 11.0732479095, -16.7361316681, 54.5690040588, 162.247177124, 70.2465896606, 18.1145935059, -20.9884300232, 6.2213511467, 8.70909404755, -1.01863765717, -5.24625396729], [-63.8877944946, 78.5353622437, -37.5529747009, -15.201259613, 56.2803611755, 70.2465896606, 147.24079895, 20.7684726715, 8.93363285065, -11.9640445709, 21.524274826, -4.08412790298, -2.9246237278], [6.62103319168, -32.5345458984, 33.5032310486, 16.9539108276, 28.9802322388, 18.1145935059, 20.7684726715, 117.051620483, 42.8003540039, 9.67811775208, -2.57270932198, 2.69110488892, 12.6277141571], [13.5816078186, 35.2071151733, -12.3641939163, 22.3865814209, 25.1515407562, -20.9884300232, 8.93363285065, 42.8003540039, 103.828475952, 27.005197525, -1.49895906448, -5.96922922134, -0.136463567615], [38.4277572632, -20.2994842529, 19.6895618439, 2.62086558342, -4.00830364227, 6.2213511467, -11.9640445709, 9.67811775208, 27.005197525, 72.305809021, 25.6449756622, -4.95667743683, -9.68389892578], [13.5470066071, 36.5741233826, -13.7223129272, -5.98286342621, 22.712097168, 8.70909404755, 21.524274826, -2.57270932198, -1.49895906448, 25.6449756622, 63.3758125305, 23.4310703278, -0.667714893818], [65.3741989136, -32.8412818909, -0.345623612404, 23.5533313751, -4.07443380356, -1.01863765717, -4.08412790298, 2.69110488892, -5.96922922134, -4.95667743683, 23.4310703278, 64.234954834, 27.375629425], [-2.4455537796, 8.2413444519, 5.65976238251, 19.1019058228, 20.541437149, -5.24625396729, -2.9246237278, 12.6277141571, -0.136463567615, -9.68389892578, -0.667714893818, 27.375629425, 55.1462287903]],
        "icov": [[0.000800597772468, 0.000675739662256, 0.000234996070503, 0.000383187289117, 1.02122112366e-05, 0.000668403576128, -0.000264234491624, 7.21156902728e-05, -0.000212125334656, -0.000345564563759, -9.80077820714e-05, -0.000658112112433, 7.12306864443e-05], [0.000675739662256, 0.0258527640253, -0.0108569758013, 0.0219864957035, -0.0131427543238, 0.0186583157629, -0.0149969104677, 0.0154857523739, -0.0161955654621, 0.0142234396189, -0.0190282594413, 0.0142888780683, -0.0128719937056], [0.000234996070503, -0.0108569758013, 0.0107129151002, -0.012895302847, 0.0074879154563, -0.00902705453336, 0.00759651185945, -0.00890757702291, 0.00899454485625, -0.00787653028965, 0.00807810481638, -0.0045832186006, 0.00480696279556], [0.000383187289117, 0.0219864957035, -0.012895302847, 0.0301193445921, -0.0162171572447, 0.018521476537, -0.0130504043773, 0.0142294727266, -0.0152242397889, 0.010504681617, -0.0109791066498, 0.00494348490611, -0.00930594932288], [1.02122112366e-05, -0.0131427543238, 0.0074879154563, -0.0162171572447, 0.0177056659013, -0.0137251447886, 0.00749412225559, -0.00889127887785, 0.00565525796264, -0.00309059745632, 0.0015156082809, 0.000493791303597, 0.000590487965383], [0.000668403576128, 0.0186583157629, -0.00902705453336, 0.018521476537, -0.0137251447886, 0.0243544839323, -0.0158319696784, 0.0100077539682, -0.00709053501487, 0.00487392349169, -0.00786713138223, 0.00515254959464, -0.00576448161155], [-0.000264234491624, -0.0149969104677, 0.00759651185945, -0.0130504043773, 0.00749412225559, -0.0158319696784, 0.0201092883945, -0.0102309454232, 0.00681025534868, -0.0027194051072, 0.00451401527971, -0.00489226775244, 0.00710450252518], [7.21156902728e-05, 0.0154857523739, -0.00890757702291, 0.0142294727266, -0.00889127887785, 0.0100077539682, -0.0102309454232, 0.0212624203414, -0.0151036800817, 0.00885202176869, -0.0103836460039, 0.00797911174595, -0.0100427977741], [-0.000212125334656, -0.0161955654621, 0.00899454485625, -0.0152242397889, 0.00565525796264, -0.00709053501487, 0.00681025534868, -0.0151036800817, 0.0266532544047, -0.0179661568254, 0.0180148538202, -0.0110384300351, 0.0104087535292], [-0.000345564563759, 0.0142234396189, -0.00787653028965, 0.010504681617, -0.00309059745632, 0.00487392349169, -0.0027194051072, 0.00885202176869, -0.0179661568254, 0.0343245714903, -0.0282406806946, 0.0181359965354, -0.00888948328793], [-9.80077820714e-05, -0.0190282594413, 0.00807810481638, -0.0109791066498, 0.0015156082809, -0.00786713138223, 0.00451401527971, -0.0103836460039, 0.0180148538202, -0.0282406806946, 0.0497053451836, -0.0313248299062, 0.0183548834175], [-0.000658112112433, 0.0142888780683, -0.0045832186006, 0.00494348490611, 0.000493791303597, 0.00515254959464, -0.00489226775244, 0.00797911174595, -0.0110384300351, 0.0181359965354, -0.0313248299062, 0.0431234389544, -0.0238160099834], [7.12306864443e-05, -0.0128719937056, 0.00480696279556, -0.00930594932288, 0.000590487965383, -0.00576448161155, 0.00710450252518, -0.0100427977741, 0.0104087535292, -0.00888948328793, 0.0183548834175, -0.0238160099834, 0.0352083146572]]
    },
    "melbands": {
        "dmean": [0.00176452170126, 0.00199435278773, 0.000862927408889, 0.000808869081084, 0.000331880379235, 0.000104025537439, 0.000107192397991, 0.000104881299194, 6.84432961862e-05, 4.424645158e-05, 6.37353514321e-05, 6.78327924106e-05, 3.96083378291e-05, 6.04589295108e-05, 4.44859761046e-05, 4.37646995124e-05, 3.46661217918e-05, 3.58819233952e-05, 3.81275167456e-05, 2.9739445381e-05, 4.30290929216e-05, 3.49799156538e-05, 2.44185066549e-05, 1.93912910618e-05, 2.06079002965e-05, 1.49630714077e-05, 1.1500380424e-05, 9.82771325653e-06, 1.02596040961e-05, 5.91919069848e-06, 5.47854051547e-06, 4.39485938841e-06, 3.86244482797e-06, 2.83043323179e-06, 2.01623174689e-06, 1.63637309925e-06, 1.11510746592e-06, 1.04478590401e-06, 8.14643385638e-07, 2.49453933066e-07],
        "dmean2": [0.00298325158656, 0.00359156308696, 0.00148609897587, 0.00138909125235, 0.000549156276975, 0.000169920429471, 0.000175865163328, 0.000168534286786, 0.000110241977382, 7.21639007679e-05, 0.000103092628706, 0.00010823339835, 6.40695798211e-05, 9.98928662739e-05, 7.20629250281e-05, 6.83948092046e-05, 5.40282271686e-05, 5.75718804612e-05, 6.19081547484e-05, 4.81222486997e-05, 7.06413557054e-05, 5.82260654483e-05, 4.0250884922e-05, 3.21755833284e-05, 3.53911091224e-05, 2.56148941844e-05, 1.90669343283e-05, 1.61865918926e-05, 1.75762415893e-05, 1.01756295408e-05, 9.3791868494e-06, 7.49318996895e-06, 6.51985283184e-06, 4.6708823902e-06, 3.21011157212e-06, 2.58604973169e-06, 1.73915555024e-06, 1.57231659159e-06, 1.23197548874e-06, 3.78607353468e-07],
        "dvar": [1.07268251668e-05, 1.35405443871e-05, 1.50918231157e-06, 2.76772288998e-06, 3.77597075385e-07, 3.40931300968e-08, 6.81235832189e-08, 5.39855662396e-08, 3.4672265059e-08, 1.057071497e-08, 1.14407603391e-08, 2.26732801423e-08, 4.28184021573e-09, 1.66361626697e-08, 1.04574464643e-08, 1.15620579777e-08, 4.16412859749e-09, 4.13117451359e-09, 4.48015669008e-09, 2.33715624631e-09, 2.92360113896e-09, 2.09473483004e-09, 1.03756547798e-09, 8.98869090271e-10, 7.17446657639e-10, 2.90189955399e-10, 2.27463561875e-10, 1.88951382318e-10, 1.53937237957e-10, 7.23255066948e-11, 8.1193871071e-11, 5.05318842325e-11, 3.96852273266e-11, 1.78524764416e-11, 8.84399324608e-12, 7.54396978914e-12, 4.31110269011e-12, 4.57875100682e-12, 3.50224016454e-12, 4.98643661084e-13],
        "dvar2": [2.69871379714e-05, 3.80150340789e-05, 4.0909458221e-06, 7.5096013461e-06, 9.42405733895e-07, 7.37050527277e-08, 1.70383188447e-07, 1.2500441926e-07, 7.70472681211e-08, 2.74659281985e-08, 2.84981336307e-08, 6.02051457577e-08, 1.04560271552e-08, 4.48575434575e-08, 2.36729835734e-08, 2.83325451989e-08, 9.59895274377e-09, 9.88657689049e-09, 1.11239373268e-08, 5.65148505771e-09, 7.50882644951e-09, 5.62876723009e-09, 2.54698484525e-09, 2.15116902069e-09, 1.93334481757e-09, 7.9835665856e-10, 5.55871459973e-10, 4.5665843329e-10, 4.08982070432e-10, 2.04368702517e-10, 2.33919439374e-10, 1.38978342723e-10, 1.10953420063e-10, 4.86314981341e-11, 2.02756318679e-11, 1.63288722821e-11, 9.2929683046e-12, 8.87964094615e-12, 6.71229304777e-12, 1.01862496302e-12],
        "max": [0.0214285366237, 0.0244806744158, 0.0118492338806, 0.0165306460112, 0.0108083654195, 0.00409949244931, 0.00519687030464, 0.00472836941481, 0.00418516993523, 0.00191395380534, 0.00222303927876, 0.00313169322908, 0.000981584540568, 0.00191725569312, 0.00282756797969, 0.00233987811953, 0.00109044171404, 0.00087600981351, 0.00117392756511, 0.000721639022231, 0.00103467900772, 0.000683316262439, 0.000553559686523, 0.00062946730759, 0.000266417191597, 0.000206192707992, 0.000237214640947, 0.000227146665566, 0.000126705665025, 0.000118104704597, 0.000136526403367, 8.4487204731e-05, 8.81130836206e-05, 6.26534092589e-05, 5.21798101545e-05, 5.79582738283e-05, 3.95584320358e-05, 5.11347243446e-05, 3.22603627865e-05, 1.33659959829e-05],
        "mean": [0.00168975710403, 0.00252957362682, 0.00153444090392, 0.000902778177988, 0.000468573882245, 0.00015392556088, 0.000147562939674, 0.000143847282743, 9.56331568887e-05, 6.34194657323e-05, 0.000101310222817, 0.000119630822155, 6.67634885758e-05, 9.28494919208e-05, 7.06760401954e-05, 7.11045431672e-05, 5.71031378058e-05, 5.75354388275e-05, 6.19146740064e-05, 5.41972258361e-05, 8.59287611092e-05, 7.10784443072e-05, 4.79014161101e-05, 3.63017315976e-05, 3.644140088e-05, 2.97180959024e-05, 2.27145301324e-05, 2.08521269087e-05, 1.87646728591e-05, 1.1716750123e-05, 1.08749873107e-05, 8.70276380738e-06, 7.6477026596e-06, 6.13522797721e-06, 4.63610012957e-06, 3.64684296983e-06, 2.51696224041e-06, 2.28716021411e-06, 1.66233655818e-06, 3.91564128677e-07],
        "median": [0.000581517582759, 0.00170413334854, 0.00122098904103, 0.00041538188816, 0.000186147211934, 7.82658462413e-05, 5.47857562196e-05, 4.64180957351e-05, 2.68405092356e-05, 2.96590660582e-05, 5.7175206166e-05, 4.96566863148e-05, 3.99747877964e-05, 3.73888578906e-05, 3.02057414956e-05, 1.96290184249e-05, 2.57309402514e-05, 2.98740815197e-05, 3.67281754734e-05, 3.83141923521e-05, 6.86182756908e-05, 5.70130978303e-05, 3.81072786695e-05, 2.80668737105e-05, 2.79990745184e-05, 2.54943206528e-05, 1.78809368663e-05, 1.61388688866e-05, 1.54658173415e-05, 9.80168169917e-06, 8.94187542144e-06, 6.88934596837e-06, 6.07170068179e-06, 4.93766174259e-06, 3.61584829989e-06, 2.72011516245e-06, 1.83674501386e-06, 1.58178261245e-06, 1.01073760561e-06, 1.74363975702e-07],
        "min": [1.13274110092e-08, 3.02260723117e-08, 4.44910241981e-08, 4.77464823234e-09, 2.12496087393e-09, 1.17094733909e-09, 1.18332876831e-09, 8.33077440365e-10, 4.69827954319e-10, 9.36778654648e-10, 3.00470925918e-10, 1.73348987942e-10, 3.27762955665e-10, 6.36906416496e-10, 4.85303908171e-10, 3.9186282691e-11, 4.60068566577e-10, 6.43131548017e-10, 4.0999961759e-10, 7.6044115449e-10, 1.37250222298e-09, 7.46256334505e-10, 1.0623039115e-09, 2.02006078531e-10, 3.71472297367e-10, 6.42636777126e-10, 6.45861350512e-11, 2.15809911608e-10, 2.80452827628e-10, 1.54104659589e-10, 7.24520998752e-11, 7.50172562958e-11, 9.62284835149e-11, 5.00160156347e-11, 3.55396545526e-11, 4.23077094192e-11, 2.97425833962e-11, 1.63506066325e-11, 1.20547356819e-11, 1.64759319469e-12],
        "var": [9.05063279788e-06, 9.44496059674e-06, 1.51357176037e-06, 2.25170947488e-06, 6.70190274832e-07, 6.53451692756e-08, 1.12517852813e-07, 1.05484460278e-07, 5.30924388897e-08, 1.64226552357e-08, 2.28665637536e-08, 5.27547783236e-08, 8.86090045782e-09, 2.55426222395e-08, 1.93646254587e-08, 3.29401395049e-08, 1.00713624107e-08, 6.84573331355e-09, 7.51580575553e-09, 3.97796418028e-09, 6.63139676504e-09, 4.11825551438e-09, 1.93894189593e-09, 1.33232924693e-09, 1.08050124403e-09, 5.05593733546e-10, 4.88371787455e-10, 4.17533452257e-10, 2.42948605678e-10, 9.50822684476e-11, 9.11722225494e-11, 6.375273226e-11, 5.31521875125e-11, 2.80187886781e-11, 1.99202338652e-11, 1.5804385578e-11, 8.7350907757e-12, 1.00180384821e-11, 7.59869164119e-12, 9.09407098237e-13]
    },
    "mfcc": {
        "mean": [-586.968994141, 86.8825836182, -8.03413486481, 40.4670982361, 10.9697246552, 17.0113048553, 2.02041530609, 13.5219736099, 0.26662671566, 1.56950294971, -9.26438045502, 0.20834569633, -3.94914507866],
        "cov": [[1618.78283691, -178.744033813, -118.926750183, 6.82338666916, -85.5961380005, -56.3298797607, -108.793014526, -17.308921814, -49.3395576477, -22.8586769104, -20.9406852722, 18.1363124847, 14.2398014069], [-178.744033813, 353.20211792, -81.5399856567, -21.7389221191, -23.4254837036, -0.622250080109, 33.6628456116, -1.35004985332, -7.86116075516, 26.4173355103, 23.9319591522, 2.64824700356, -15.7498970032], [-118.926750183, -81.5399856567, 254.147155762, 21.9084682465, 3.87551474571, -18.3609924316, -17.7212219238, -27.3820915222, 1.38321888447, -11.8896579742, 3.30966973305, -10.7448740005, 4.74105119705], [6.82338666916, -21.7389221191, 21.9084682465, 167.052246094, 46.1858291626, -26.5090827942, -38.03074646, 3.46168828011, 13.7180070877, -1.40685200691, -12.1737384796, 3.85549068451, 10.5791053772], [-85.5961380005, -23.4254837036, 3.87551474571, 46.1858291626, 139.089096069, 3.60806107521, 7.24813556671, 9.67023086548, 30.5200157166, 12.2839403152, 4.37386465073, 2.88756847382, 5.97587776184], [-56.3298797607, -0.622250080109, -18.3609924316, -26.5090827942, 3.60806107521, 124.469078064, 58.1564178467, 15.056183815, -8.58649158478, 5.00971412659, 12.0517482758, -3.15705394745, -8.94977283478], [-108.793014526, 33.6628456116, -17.7212219238, -38.03074646, 7.24813556671, 58.1564178467, 147.122955322, 45.2613296509, 2.71318912506, 1.88367068768, 12.1228370667, 3.29858875275, 2.81214094162], [-17.308921814, -1.35004985332, -27.3820915222, 3.46168828011, 9.67023086548, 15.056183815, 45.2613296509, 101.784889221, 38.4651565552, 7.24711179733, -3.09152650833, 5.55629920959, 3.72485589981], [-49.3395576477, -7.86116075516, 1.38321888447, 13.7180070877, 30.5200157166, -8.58649158478, 2.71318912506, 38.4651565552, 83.8127670288, 34.065662384, 8.22156047821, -3.43801140785, 3.71996021271], [-22.8586769104, 26.4173355103, -11.8896579742, -1.40685200691, 12.2839403152, 5.00971412659, 1.88367068768, 7.24711179733, 34.065662384, 80.7794799805, 36.3299980164, 1.02244365215, -11.3105745316], [-20.9406852722, 23.9319591522, 3.30966973305, -12.1737384796, 4.37386465073, 12.0517482758, 12.1228370667, -3.09152650833, 8.22156047821, 36.3299980164, 72.5837020874, 21.8316287994, -1.9564166069], [18.1363124847, 2.64824700356, -10.7448740005, 3.85549068451, 2.88756847382, -3.15705394745, 3.29858875275, 5.55629920959, -3.43801140785, 1.02244365215, 21.8316287994, 64.7325439453, 27.2770137787], [14.2398014069, -15.7498970032, 4.74105119705, 10.5791053772, 5.97587776184, -8.94977283478, 2.81214094162, 3.72485589981, 3.71996021271, -11.3105745316, -1.9564166069, 27.2770137787, 57.7738685608]],
