{
"lowlevel": {
    "average_loudness": 0.926255524158,
    "barkbands_crest": {
        "dmean": 2.56094002724,
        "dmean2": 4.18191385269,
        "dvar": 7.60687398911,
        "dvar2": 19.7288780212,
        "max": 25.2808647156,
        "mean": 9.28266620636,
        "median": 8.28420448303,
        "min": 2.31850838661,
        "var": 18.3932037354
    },
    "barkbands_flatness_db": {
        "dmean": 0.020195979625,
        "dmean2": 0.031148346141,
        "dvar": 0.000462309020804,
        "dvar2": 0.00114487996325,
        "max": 0.393403708935,
        "mean": 0.148211568594,
        "median": 0.131399020553,
        "min": 0.0731526464224,
        "var": 0.00256099156104
    },
    "barkbands_kurtosis": {
        "dmean": 2.26496124268,
        "dmean2": 3.58424496651,
        "dvar": 20.5841693878,
        "dvar2": 51.8608207703,
        "max": 71.3988037109,
        "mean": 2.37704706192,
        "median": -0.110437870026,
        "min": -1.83536219597,
        "var": 47.8569030762
    },
    "barkbands_skewness": {
        "dmean": 0.494715690613,
        "dmean2": 0.763256967068,
        "dvar": 0.350604861975,
        "dvar2": 0.860397577286,
        "max": 6.97784090042,
        "mean": 1.28585588932,
        "median": 1.02047920227,
        "min": -4.80397510529,
        "var": 1.41334867477
    },
    "barkbands_spread": {
        "dmean": 6.03832626343,
        "dmean2": 9.37493515015,
        "dvar": 46.8595581055,
        "dvar2": 114.461929321,
        "max": 89.7935638428,
        "mean": 32.4877700806,
        "median": 33.123840332,
        "min": 2.0779569149,
        "var": 235.805847168
    },
    "dissonance": {
        "dmean": 0.00816116202623,
        "dmean2": 0.0136575018987,
        "dvar": 9.01882522157e-05,
        "dvar2": 0.000243528702413,
        "max": 0.5,
        "mean": 0.485453695059,
        "median": 0.488833934069,
        "min": 0.394727826118,
        "var": 0.000164512064657
    },
    "dynamic_complexity": 2.98517894745,
    "erbbands_crest": {
        "dmean": 1.73636329174,
        "dmean2": 2.78457450867,
        "dvar": 3.44102072716,
        "dvar2": 8.4990234375,
        "max": 28.4742298126,
        "mean": 6.3641834259,
        "median": 5.32340812683,
        "min": 2.53744149208,
        "var": 10.3303127289
    },
    "erbbands_flatness_db": {
        "dmean": 0.0112461699173,
        "dmean2": 0.0167384091765,
        "dvar": 0.00014670829114,
        "dvar2": 0.00029004010139,
        "max": 0.399210840464,
        "mean": 0.172491520643,
        "median": 0.161673694849,
        "min": 0.102653905749,
        "var": 0.00176927878056
    },
    "erbbands_kurtosis": {
        "dmean": 0.618516206741,
        "dmean2": 0.960867345333,
        "dvar": 0.829435110092,
        "dvar2": 1.87486338615,
        "max": 18.4877891541,
        "mean": 0.213442325592,
        "median": -0.122453689575,
        "min": -1.71165776253,
        "var": 2.34320425987
    },
    "erbbands_skewness": {
        "dmean": 0.256896436214,
        "dmean2": 0.387836843729,
        "dvar": 0.0738925561309,
        "dvar2": 0.164292827249,
        "max": 3.59820270538,
        "mean": -0.270569890738,
        "median": -0.410774052143,
        "min": -3.56106901169,
        "var": 0.385169506073
    },
    "erbbands_spread": {
        "dmean": 7.03860521317,
        "dmean2": 11.1371221542,
        "dvar": 58.8926391602,
        "dvar2": 138.386535645,
        "max": 116.232589722,
        "mean": 41.7108192444,
        "median": 38.8332862854,
        "min": 5.4482254982,
        "var": 308.401855469
    },
    "hfc": {
        "dmean": 6.25333881378,
        "dmean2": 9.91678619385,
        "dvar": 95.1567230225,
        "dvar2": 233.896820068,
        "max": 119.723403931,
        "mean": 26.6657543182,
        "median": 21.9357910156,
        "min": 0.000234608130995,
        "var": 427.02456665
    },
    "melbands_crest": {
        "dmean": 2.92501544952,
        "dmean2": 4.68262910843,
        "dvar": 7.55701398849,
        "dvar2": 20.0308227539,
        "max": 29.6907806396,
        "mean": 14.663310051,
        "median": 14.6238327026,
        "min": 3.74774503708,
        "var": 21.3798046112
    },
    "melbands_flatness_db": {
        "dmean": 0.0258099734783,
        "dmean2": 0.0379366576672,
        "dvar": 0.000795741274487,
        "dvar2": 0.0018623243086,
        "max": 0.49265769124,
        "mean": 0.169641643763,
        "median": 0.14883133769,
        "min": 0.0335012748837,
        "var": 0.00446043303236
    },
    "melbands_kurtosis": {
        "dmean": 7.17314481735,
        "dmean2": 11.5424051285,
        "dvar": 166.426269531,
        "dvar2": 437.532043457,
        "max": 192.009231567,
        "mean": 13.5055761337,
        "median": 6.31979370117,
        "min": -1.88391149044,
        "var": 400.349487305
    },
    "melbands_skewness": {
        "dmean": 0.736987769604,
        "dmean2": 1.15442204475,
        "dvar": 0.788686692715,
        "dvar2": 1.97601675987,
        "max": 11.806681633,
        "mean": 2.87726211548,
        "median": 2.49252820015,
        "min": -2.45639824867,
        "var": 3.13245820999
    },
    "melbands_spread": {
        "dmean": 8.18995571136,
        "dmean2": 12.5307331085,
        "dvar": 103.677894592,
        "dvar2": 242.52293396,
        "max": 251.456008911,
        "mean": 32.2422828674,
        "median": 31.5312519073,
        "min": 1.35060429573,
        "var": 365.185852051
    },
    "pitch_salience": {
        "dmean": 0.0724214240909,
        "dmean2": 0.118271917105,
        "dvar": 0.00539303664118,
        "dvar2": 0.0143663594499,
        "max": 0.826448023319,
        "mean": 0.583475112915,
        "median": 0.598058342934,
        "min": 0.117480665445,
        "var": 0.01171921473
    },
    "silence_rate_20dB": {
        "dmean": 0,
        "dmean2": 0,
        "dvar": 0,
        "dvar2": 0,
        "max": 1,
        "mean": 1,
        "median": 1,
        "min": 1,
        "var": 0
    },
    "silence_rate_30dB": {
        "dmean": 0,
        "dmean2": 0,
        "dvar": 0,
        "dvar2": 0,
        "max": 1,
        "mean": 1,
        "median": 1,
        "min": 1,
        "var": 0
    },
    "silence_rate_60dB": {
        "dmean": 0.00773993786424,
        "dmean2": 0.0154858687893,
        "dvar": 0.00767969572917,
        "dvar2": 0.0160206668079,
        "max": 1,
        "mean": 0.104061894119,
        "median": 0,
        "min": 0,
        "var": 0.0932357385755
    },
    "spectral_centroid": {
        "dmean": 251.281616211,
        "dmean2": 375.10269165,
        "dvar": 70856.9609375,
        "dvar2": 158574.84375,
        "max": 5071.89355469,
        "mean": 1868.36364746,
        "median": 1982.40112305,
        "min": 236.375396729,
        "var": 422224.96875
    },
    "spectral_complexity": {
        "dmean": 4.10448932648,
        "dmean2": 6.25319385529,
        "dvar": 15.7200231552,
        "dvar2": 34.0024108887,
        "max": 60,
        "mean": 29.2549324036,
        "median": 31,
        "min": 0,
        "var": 201.114501953
    },
    "spectral_decrease": {
        "dmean": 2.33789387849e-09,
        "dmean2": 3.82195652904e-09,
        "dvar": 1.4204676351e-17,
        "dvar2": 3.77197072477e-17,
        "max": -6.33071747152e-14,
        "mean": -7.18841963732e-09,
        "median": -6.46968745244e-09,
        "min": -3.49919346831e-08,
        "var": 2.5426016635e-17
    },
    "spectral_energy": {
        "dmean": 0.00917288567871,
        "dmean2": 0.0149678252637,
        "dvar": 0.000212264916627,
        "dvar2": 0.000560670800041,
        "max": 0.135787948966,
        "mean": 0.0295494161546,
        "median": 0.0267861150205,
        "min": 2.60215387016e-07,
        "var": 0.000405464001233
    },
    "spectral_energyband_high": {
        "dmean": 0.000585560221225,
        "dmean2": 0.000975339382421,
        "dvar": 1.3412137605e-06,
        "dvar2": 3.38547124556e-06,
        "max": 0.013043644838,
        "mean": 0.00166073860601,
        "median": 0.00134456262458,
        "min": 1.33353665888e-08,
        "var": 3.41791951541e-06
    },
    "spectral_energyband_low": {
        "dmean": 0.00675077503547,
        "dmean2": 0.0111865252256,
        "dvar": 0.00018144621572,
        "dvar2": 0.000489869853482,
        "max": 0.123434118927,
        "mean": 0.0143777476624,
        "median": 0.0117240687832,
        "min": 7.92887533407e-08,
        "var": 0.000215853258851
    },
    "spectral_energyband_middle_high": {
        "dmean": 0.0020025705453,
        "dmean2": 0.00306593673304,
        "dvar": 1.31994474941e-05,
        "dvar2": 3.20950348396e-05,
        "max": 0.0718881860375,
        "mean": 0.00759480474517,
        "median": 0.00499087246135,
        "min": 7.42783825558e-08,
        "var": 6.86140192556e-05
    },
    "spectral_energyband_middle_low": {
        "dmean": 0.00318152690306,
        "dmean2": 0.0052189854905,
        "dvar": 3.40598126058e-05,
        "dvar2": 9.13176991162e-05,
        "max": 0.0735090151429,
        "mean": 0.00768755935133,
        "median": 0.00558019150048,
        "min": 5.82917465408e-08,
        "var": 5.82412321819e-05
    },
    "spectral_entropy": {
        "dmean": 0.101757861674,
        "dmean2": 0.143017351627,
        "dvar": 0.0160105153918,
        "dvar2": 0.0302972383797,
        "max": 8.55467033386,
        "mean": 7.88099861145,
        "median": 7.95384597778,
        "min": 5.95629024506,
        "var": 0.102830581367
    },
    "spectral_flux": {
        "dmean": 0.0211819931865,
        "dmean2": 0.0327166542411,
        "dvar": 0.000818270200398,
        "dvar2": 0.00166618311778,
        "max": 0.298676759005,
        "mean": 0.0858321264386,
        "median": 0.0785503312945,
        "min": 0.000510113139171,
        "var": 0.00229144887999
    },
    "spectral_kurtosis": {
        "dmean": 1.28504478931,
        "dmean2": 2.23627400398,
        "dvar": 3.55872678757,
        "dvar2": 10.5252504349,
        "max": 37.8152084351,
        "mean": 1.99864411354,
        "median": 1.46450471878,
        "min": -1.05703377724,
        "var": 5.11295700073
    },
    "spectral_rms": {
        "dmean": 0.000739570416044,
        "dmean2": 0.00116683030501,
        "dvar": 9.60002466854e-07,
        "dvar2": 2.4444373139e-06,
        "max": 0.0115098245442,
        "mean": 0.00500430213287,
        "median": 0.00511202448979,
        "min": 1.59332576004e-05,
        "var": 3.78568188353e-06
    },
    "spectral_rolloff": {
        "dmean": 533.172851562,
        "dmean2": 861.338195801,
        "dvar": 639385.75,
        "dvar2": 1510245.875,
        "max": 9259.27734375,
        "mean": 1957.49902344,
        "median": 1959.52148438,
        "min": 86.1328125,
        "var": 2033878.125
    },
    "spectral_skewness": {
        "dmean": 0.182320997119,
        "dmean2": 0.302874863148,
        "dvar": 0.0432958975434,
        "dvar2": 0.111651025712,
        "max": 4.41527032852,
        "mean": 0.920921206474,
        "median": 0.854254186153,
        "min": -0.144515633583,
        "var": 0.122500248253
    },
    "spectral_spread": {
        "dmean": 308349.65625,
        "dmean2": 467761.71875,
        "dvar": 135834066944,
        "dvar2": 282000293888,
        "max": 9126782,
        "mean": 3921442.75,
        "median": 3797183,
        "min": 1656017.625,
        "var": 1.04787443712e+12
    },
    "spectral_strongpeak": {
        "dmean": 0.308024555445,
        "dmean2": 0.534190714359,
        "dvar": 0.456177383661,
        "dvar2": 1.21294653416,
        "max": 12.7380247116,
        "mean": 0.526715457439,
        "median": 0.279765635729,
        "min": 0.000489844824187,
        "var": 0.783417880535
    },
    "zerocrossingrate": {
        "dmean": 0.0093359220773,
        "dmean2": 0.0107661951333,
        "dvar": 0.000113812486234,
        "dvar2": 0.000128034036607,
        "max": 0.34619140625,
        "mean": 0.0696003809571,
        "median": 0.06884765625,
        "min": 0.0029296875,
        "var": 0.00117970013525
    },
    "barkbands": {
        "dmean": [0.000144256700878, 0.00550692016259, 0.00197849050164, 0.00129794434179, 0.00145348836668, 0.000450721970992, 0.00048117278493, 0.000428559287684, 0.000504840281792, 0.000684375700075, 0.000513031205628, 0.000616303528659, 0.000445376965217, 0.000366037333151, 0.000324458029354, 0.000375208910555, 0.00030957229319, 0.000183223455679, 0.000175011329702, 0.000170014100149, 0.000197393237613, 0.000185969023732, 0.00012514575792, 0.000115246453788, 1.78678747034e-05, 1.82047621422e-08, 5.92587978687e-09],
        "dmean2": [0.000233663362451, 0.00930347107351, 0.00314579508267, 0.00210189237259, 0.00251081865281, 0.000726111466065, 0.000783292052802, 0.000686083862092, 0.000835201120935, 0.00107007427141, 0.000814214756247, 0.001011014916, 0.00072334514698, 0.000588016584516, 0.000500121852383, 0.00060268107336, 0.000501262489706, 0.000297490885714, 0.000284668552922, 0.000285931339022, 0.00033630116377, 0.000320870807627, 0.000211780425161, 0.000175604349351, 2.74327467196e-05, 3.01532416813e-08, 1.14319247402e-08],
        "dvar": [5.94191362779e-08, 0.000142541743116, 1.16391001939e-05, 5.32018384547e-06, 1.34865113068e-05, 9.21988828395e-07, 1.65543724506e-06, 3.12704355565e-06, 1.89084562408e-06, 4.97876453665e-06, 1.64060452335e-06, 3.09496545015e-06, 1.06362790575e-06, 1.31182775931e-06, 5.23805056218e-07, 4.60096231336e-07, 1.98255833084e-07, 7.22293975741e-08, 6.44586961585e-08, 9.30964105805e-08, 1.22305010564e-07, 1.28788840925e-07, 7.90102845372e-08, 9.67351425629e-08, 2.03135330779e-09, 3.57167366429e-15, 4.06490603168e-15],
        "dvar2": [1.47989268839e-07, 0.000386599218473, 2.97912320093e-05, 1.41001182783e-05, 3.69650078937e-05, 2.44144052886e-06, 4.1193643483e-06, 7.45762508814e-06, 5.01249405715e-06, 1.18595053209e-05, 4.33406785305e-06, 7.88784291217e-06, 2.61416494141e-06, 3.03218189401e-06, 1.05484048163e-06, 1.14960710107e-06, 4.9694659765e-07, 1.80319744914e-07, 1.66179432881e-07, 2.4837495971e-07, 3.26166627929e-07, 3.58321130989e-07, 1.96536177555e-07, 1.85667929031e-07, 4.24053947512e-09, 9.76296358346e-15, 1.21102841568e-14],
        "max": [0.00304406392388, 0.10221067816, 0.0435546599329, 0.0428952872753, 0.0596893616021, 0.0175079666078, 0.0265765469521, 0.0455131083727, 0.0256344825029, 0.0591078288853, 0.0231333710253, 0.0333719365299, 0.0168025139719, 0.0283070839942, 0.0133639480919, 0.0143335890025, 0.00760129792616, 0.00522927753627, 0.00505797332153, 0.0069761974737, 0.00758614391088, 0.00568586494774, 0.00417372304946, 0.00624951021746, 0.000759570102673, 1.18111290703e-06, 1.49986931319e-06],
        "mean": [0.000247026153374, 0.0083965016529, 0.00418494734913, 0.00236450438388, 0.00212466181256, 0.000787875149399, 0.000646928383503, 0.000563159643207, 0.000796906417236, 0.00124729785603, 0.0008316305466, 0.0010645610746, 0.000789894431364, 0.000635285337921, 0.000596490106545, 0.00082641543122, 0.00074109545676, 0.000442016927991, 0.00044214449008, 0.000394712784328, 0.000451733329101, 0.000388287240639, 0.000272227276582, 0.000276242470136, 3.68728069589e-05, 2.74219829066e-08, 3.42923511809e-09],
        "median": [0.000144922843901, 0.00564093794674, 0.00309750484303, 0.00138963270001, 0.00118562765419, 0.000456044188468, 0.00022925392841, 0.000153952540131, 0.000366088701412, 0.000408591295127, 0.000304454384604, 0.00045496301027, 0.000421900011133, 0.000259392312728, 0.000311665557092, 0.000476670247735, 0.000570154457819, 0.000310857285513, 0.000333955249516, 0.00033265267848, 0.000333229399985, 0.000295487989206, 0.000180331669981, 0.000120127035188, 1.20253316709e-05, 7.88319276523e-09, 3.20257709241e-10],
        "min": [5.49962464458e-10, 1.60835789131e-08, 3.38557128998e-08, 8.65661320404e-09, 1.93241547208e-08, 6.81817935444e-09, 2.75172218345e-09, 1.14264708806e-09, 5.0312056743e-09, 9.38560607011e-09, 5.94154192513e-09, 6.62265575713e-09, 5.56959767195e-09, 9.18827236518e-09, 5.62845237084e-09, 3.70316777243e-09, 4.48781278806e-09, 3.67063890394e-09, 4.70232563998e-09, 5.78345860092e-09, 5.29253352255e-09, 1.29009369854e-09, 8.63548899055e-10, 4.34389496595e-10, 1.31417047383e-11, 5.14391220591e-12, 6.70270913425e-12],
        "var": [1.06849469717e-07, 0.000133145556902, 2.30638725043e-05, 9.52468872129e-06, 1.27144521684e-05, 1.35282880365e-06, 2.47667662734e-06, 3.9719425331e-06, 3.35796653417e-06, 1.3864556422e-05, 3.02181274492e-06, 5.45278271602e-06, 2.06200047614e-06, 2.12319355342e-06, 1.16764408631e-06, 1.4711786207e-06, 5.9534391994e-07, 2.47792769414e-07, 1.9629884207e-07, 1.60740938782e-07, 2.48797221047e-07, 1.96113774109e-07, 1.60488781376e-07, 3.99635098347e-07, 7.09057967896e-09, 4.94892340202e-15, 2.07585816043e-15]
    },
    "erbbands": {
        "dmean": [0.151104256511, 1.30039691925, 2.29790782928, 3.43098497391, 4.6595287323, 4.89837026596, 4.4675078392, 3.50800967216, 6.90198040009, 7.12962579727, 9.44976139069, 11.1297969818, 18.4344482422, 19.6940841675, 20.8350296021, 24.2061634064, 19.7331867218, 16.7047805786, 17.4129295349, 17.3104991913, 19.2749671936, 16.5810489655, 10.2932624817, 9.2340593338, 7.70819807053, 8.05641365051, 8.44657802582, 7.65880489349, 6.94319915771, 4.77440309525, 3.47731566429, 2.90347909927, 1.77443635464, 0.396660357714, 0.025755636394, 0.00116726418491, 7.89061668911e-05, 1.48050776261e-05, 7.21008018445e-06, 1.09118391265e-05],
        "dmean2": [0.256761163473, 2.18521142006, 3.80772829056, 5.40728759766, 7.98706674576, 8.62339115143, 7.34163665771, 5.71146774292, 11.132101059, 11.5340032578, 15.6085042953, 18.5058441162, 28.6577205658, 30.6341609955, 33.8995780945, 39.3476524353, 31.503742218, 26.6751213074, 26.650894165, 27.6075363159, 30.6390609741, 26.7279510498, 16.5766658783, 15.0519075394, 12.7690839767, 13.5417060852, 14.3822031021, 12.9490919113, 12.0679664612, 8.1946849823, 5.84653806686, 4.56254148483, 2.74079465866, 0.598402261734, 0.0393525101244, 0.00177238008473, 0.000121271426906, 2.37297790591e-05, 1.15546708912e-05, 1.76818375621e-05],
        "dvar": [0.104735799134, 8.00279331207, 17.2436218262, 35.1033859253, 117.192092896, 178.639175415, 109.884277344, 63.1715545654, 343.16809082, 656.307983398, 1205.34448242, 931.778137207, 4008.15332031, 2845.16137695, 2621.55175781, 4870.76953125, 1850.20605469, 2921.09326172, 1563.8338623, 1404.44580078, 1144.24597168, 585.86529541, 243.702972412, 167.811309814, 137.521362305, 203.85395813, 229.444946289, 178.318069458, 182.861022949, 119.256095886, 59.9812850952, 61.8160438538, 21.1264839172, 1.01594305038, 0.00321463798173, 6.76205081618e-06, 4.08298568289e-08, 2.4260000675e-09, 2.38719516377e-10, 2.85449053283e-10],
        "dvar2": [0.283077001572, 22.0104961395, 48.1608009338, 83.7517623901, 329.407989502, 486.186645508, 275.936920166, 162.030059814, 840.774108887, 1627.39916992, 3064.16430664, 2557.55566406, 9361.69824219, 6691.01269531, 7199.85839844, 12248.2832031, 4441.59716797, 6840.78125, 3531.70776367, 3172.44238281, 2762.59399414, 1464.6385498, 601.884216309, 440.698516846, 333.336212158, 533.945373535, 624.156433105, 481.358978271, 510.552062988, 323.998077393, 147.23034668, 133.125671387, 41.2999763489, 1.97261977196, 0.00665262155235, 1.36379212563e-05, 9.05743675617e-08, 6.4205436523e-09, 6.32340901863e-10, 7.41657180114e-10],
        "max": [2.8259396553, 25.5887470245, 49.7835273743, 100.668052673, 114.96710968, 286.957244873, 250.366409302, 182.28503418, 358.566711426, 544.09954834, 680.790405273, 683.186401367, 1884.11694336, 1104.45202637, 874.980895996, 1342.2467041, 760.469726562, 1587.98901367, 751.052612305, 660.239196777, 708.47869873, 441.644287109, 315.912658691, 229.866317749, 249.996124268, 310.642150879, 269.554290771, 243.283584595, 223.553863525, 196.589553833, 108.249420166, 166.450134277, 89.2060928345, 18.0170078278, 0.955854773521, 0.0431291125715, 0.00314061855897, 0.000978248310275, 0.000292278360575, 0.000155000583618],
        "mean": [0.2235776335, 1.92537403107, 4.84109544754, 7.29953241348, 6.85201072693, 6.66966724396, 7.6081404686, 5.80053281784, 9.55648612976, 9.65458297729, 13.7979679108, 17.9138774872, 33.1383476257, 36.1735877991, 36.3762435913, 44.1606788635, 38.1239700317, 32.057559967, 32.7211608887, 36.6479492188, 46.690776825, 41.6664352417, 26.4444026947, 23.9275169373, 19.4705200195, 18.8029289246, 18.3367061615, 17.6492080688, 14.2723493576, 10.0148954391, 7.58603572845, 6.48208189011, 3.96724534035, 0.92075830698, 0.054612621665, 0.00261520338245, 0.000198452180484, 3.70679881598e-05, 2.4746183044e-05, 3.83144797524e-05],
        "median": [0.130417302251, 1.20659458637, 3.78830718994, 4.63199138641, 3.93080806732, 3.03938698769, 4.02457475662, 3.22332859039, 3.67697405815, 2.84995675087, 4.74199724197, 8.66766357422, 12.2261209488, 11.724193573, 14.4461727142, 19.8662166595, 20.5742759705, 15.2587385178, 15.2505655289, 21.6113872528, 29.6827049255, 31.8997058868, 19.7942657471, 16.7048473358, 15.4107074738, 16.0389957428, 13.8005857468, 13.3926172256, 10.7703123093, 7.05089950562, 4.90295362473, 2.99350571632, 1.69144129753, 0.337151139975, 0.0197891034186, 0.00101565755904, 9.61938421824e-05, 2.10770740523e-05, 2.08897563425e-05, 3.5200471757e-05],
        "min": [9.12183736546e-07, 2.46984996011e-06, 2.78455827356e-05, 6.81829478708e-05, 1.60427753144e-05, 8.72094897204e-05, 4.0877788706e-05, 5.15022329637e-05, 6.09642775089e-05, 3.4151631553e-05, 3.41440099874e-05, 0.000100047654996, 0.000336721277563, 0.000171807900188, 0.000315517972922, 0.000385831546737, 0.000289733667159, 0.000311648182105, 0.000517584092449, 0.000355749798473, 0.000161420728546, 0.000259594147792, 0.000189922531717, 0.000427649123594, 0.000243003654759, 0.00032774504507, 0.000243260903517, 0.000203915988095, 5.97481848672e-05, 3.27686466335e-05, 2.87457351078e-05, 1.12824682219e-05, 6.20596483714e-06, 5.9389691387e-07, 9.25613576896e-08, 2.36922534924e-08, 1.24835963788e-08, 4.35575797653e-09, 1.19495879858e-09, 4.4236636576e-10],
        "var": [0.103855535388, 7.26150131226, 23.7937049866, 89.1929855347, 105.841781616, 172.768432617, 160.808303833, 94.6774902344, 525.021057129, 835.97833252, 1624.1920166, 1586.36425781, 8728.45019531, 8021.84619141, 5034.47021484, 8925.02636719, 4325.97460938, 4935.85693359, 3402.22509766, 3128.38378906, 4129.68261719, 1887.00170898, 818.363952637, 618.180114746, 356.211029053, 369.969085693, 407.568511963, 353.983093262, 264.443969727, 190.621536255, 127.249526978, 210.390640259, 80.7779464722, 4.10533905029, 0.0127442441881, 2.80735457636e-05, 1.38322263865e-07, 4.42338832229e-09, 4.72856476197e-10, 6.33429253494e-10]
    },
    "gfcc": {
        "mean": [-5.18911266327, 116.24861908, -158.830795288, 73.5717086792, -63.2700614929, 29.5498008728, -24.5208148956, -4.77521324158, -7.52401161194, -20.6612148285, 0.37098300457, -16.0288085938, 6.58222866058],
        "cov": [[6049.82128906, -1472.7857666, 540.338562012, 562.206726074, -578.587097168, 1063.27307129, -462.23059082, 695.279296875, 120.498847961, 294.985900879, 149.889343262, 5.49143791199, 20.7618904114], [-1472.7857666, 1185.20849609, -19.7129802704, -144.960968018, 420.701385498, -365.484100342, 242.807998657, -255.964370728, 44.3158874512, -134.570831299, -26.3092079163, -5.60432958603, -6.51156139374], [540.338562012, -19.7129802704, 719.500671387, 322.35333252, 64.7359161377, 306.645294189, -61.4234580994, 107.3931427, 37.9581260681, 50.6042060852, 30.1728401184, -15.2022809982, -15.8838968277], [562.206726074, -144.960968018, 322.35333252, 386.792388916, 55.2922363281, 176.399291992, -61.6083106995, 78.6124801636, 44.8645935059, 51.8686637878, 25.7144203186, 4.85375356674, 5.94080400467], [-578.587097168, 420.701385498, 64.7359161377, 55.2922363281, 316.781433105, -55.1833229065, 107.396659851, -63.1263542175, 19.4295940399, -31.4423732758, 0.991017043591, -3.25861358643, 12.1154212952], [1063.27307129, -365.484100342, 306.645294189, 176.399291992, -55.1833229065, 401.833496094, -54.4160995483, 183.812408447, 9.43459701538, 69.3178329468, 51.9028167725, -7.23346710205, -4.62354803085], [-462.23059082, 242.807998657, -61.4234580994, -61.6083106995, 107.396659851, -54.4160995483, 178.492797852, -38.2834014893, -3.13525056839, -43.3297920227, 3.05062389374, 1.74807083607, -5.37934350967], [695.279296875, -255.964370728, 107.3931427, 78.6124801636, -63.1263542175, 183.812408447, -38.2834014893, 184.451171875, 36.3637542725, 63.7971115112, 30.1126861572, 0.986599743366, 10.8804979324], [120.498847961, 44.3158874512, 37.9581260681, 44.8645935059, 19.4295940399, 9.43459701538, -3.13525056839, 36.3637542725, 91.7531738281, 38.2738761902, 16.1476039886, -5.88867282867, 1.78161466122], [294.985900879, -134.570831299, 50.6042060852, 51.8686637878, -31.4423732758, 69.3178329468, -43.3297920227, 63.7971115112, 38.2738761902, 90.4334030151, 35.05626297, 4.51172971725, 7.54848575592], [149.889343262, -26.3092079163, 30.1728401184, 25.7144203186, 0.991017043591, 51.9028167725, 3.05062389374, 30.1126861572, 16.1476039886, 35.05626297, 59.9087104797, 22.5013904572, 7.14250707626], [5.49143791199, -5.60432958603, -15.2022809982, 4.85375356674, -3.25861358643, -7.23346710205, 1.74807083607, 0.986599743366, -5.88867282867, 4.51172971725, 22.5013904572, 50.8682632446, 25.2036323547], [20.7618904114, -6.51156139374, -15.8838968277, 5.94080400467, 12.1154212952, -4.62354803085, -5.37934350967, 10.8804979324, 1.78161466122, 7.54848575592, 7.14250707626, 25.2036323547, 45.1385345459]],
        "icov": [[0.000623319298029, -0.000761201546993, 0.000759137794375, -0.000800575711764, 0.00123069016263, -0.00175217236392, 0.00108755624387, -0.00109269283712, 4.79583904962e-05, -0.000133417575853, 0.000145681173308, -1.43469078466e-05, -0.000135433030664], [-0.000761201546993, 0.00585887767375, -0.00322298426181, 0.00330655858852, -0.00581184402108, 0.00538324471563, -0.003159372136, 0.00334226479754, -0.00398442614824, 0.0037295029033, -0.00256579788402, -2.25352614507e-05, 0.000507323653437], [0.000759137794375, -0.00322298426181, 0.00493263406679, -0.00355198187754, 0.00277963862754, -0.00565151125193, 0.00272403354757, -0.00159687036648, 0.00127802882344, -0.00155991746578, 0.00179611518979, -0.000231131387409, 0.000828995893244], [-0.000800575711764, 0.00330655858852, -0.00355198187754, 0.00700696138665, -0.00483317254111, 0.0028300031554, -0.000818195345346, 0.00231616618112, -0.00326909287833, 0.00124791264534, -0.000518246612046, -0.00175356387626, 0.000585893576499], [0.00123069016263, -0.00581184402108, 0.00277963862754, -0.00483317254111, 0.0116138029844, -0.0057197380811, 0.000426073675044, -0.00202581658959, 0.0025047340896, -0.00271767214872, 0.00126994878519, 0.00253035128117, -0.00421240413561], [-0.00175217236392, 0.00538324471563, -0.00565151125193, 0.0028300031554, -0.0057197380811, 0.0149138197303, -0.00439686793834, -0.00177049916238, 0.00101670948789, 0.00285207200795, -0.00652761524543, 0.00300833210349, 0.00102300872095], [0.00108755624387, -0.003159372136, 0.00272403354757, -0.000818195345346, 0.000426073675044, -0.00439686793834, 0.0117590669543, -0.00365181593224, 0.000662494276185, 0.00268302066252, -0.00173114729114, -0.000975739210844, 0.00217107473873], [-0.00109269283712, 0.00334226479754, -0.00159687036648, 0.00231616618112, -0.00202581658959, -0.00177049916238, -0.00365181593224, 0.0163983795792, -0.00583987310529, -0.00205789646134, 0.000653312948998, 0.00018518215802, -0.00353974942118], [4.79583904962e-05, -0.00398442614824, 0.00127802882344, -0.00326909287833, 0.0025047340896, 0.00101670948789, 0.000662494276185, -0.00583987310529, 0.0195174235851, -0.00844377465546, -0.00101863732561, 0.00430080248043, -0.000396890332922], [-0.000133417575853, 0.0037295029033, -0.00155991746578, 0.00124791264534, -0.00271767214872, 0.00285207200795, 0.00268302066252, -0.00205789646134, -0.00844377465546, 0.0254198387265, -0.0130026070401, 0.00360335269943, -0.00214858818799], [0.000145681173308, -0.00256579788402, 0.00179611518979, -0.000518246612046, 0.00126994878519, -0.00652761524543, -0.00173114729114, 0.000653312948998, -0.00101863732561, -0.0130026070401, 0.0335183627903, -0.0168977640569, 0.00523573346436], [-1.43469078466e-05, -2.25352614507e-05, -0.000231131387409, -0.00175356387626, 0.00253035128117, 0.00300833210349, -0.000975739210844, 0.00018518215802, 0.00430080248043, 0.00360335269943, -0.0168977640569, 0.0377057380974, -0.0195310898125], [-0.000135433030664, 0.000507323653437, 0.000828995893244, 0.000585893576499, -0.00421240413561, 0.00102300872095, 0.00217107473873, -0.00353974942118, -0.000396890332922, -0.00214858818799, 0.00523573346436, -0.0195310898125, 0.035303413868]]
    },
    "melbands": {
        "dmean": [0.00145353900734, 0.00133339373861, 0.000586597248912, 0.000334366166499, 0.000167233578395, 8.27867916087e-05, 0.00010212676716, 8.15549283288e-05, 8.08456607047e-05, 7.10734821041e-05, 9.58218515734e-05, 8.35370083223e-05, 6.94710834068e-05, 6.84441474732e-05, 5.52743695152e-05, 4.39536233898e-05, 3.34472497343e-05, 3.15365323331e-05, 2.47600091825e-05, 2.65346625383e-05, 2.38998181885e-05, 2.04920779652e-05, 1.37184306368e-05, 8.20808145363e-06, 8.4709672592e-06, 6.49410458209e-06, 5.57848215976e-06, 6.21720619165e-06, 5.65587424717e-06, 5.72377120989e-06, 4.50692004961e-06, 4.03235299018e-06, 3.9325727812e-06, 2.60201977653e-06, 2.14704846258e-06, 2.10582379623e-06, 1.88034653092e-06, 1.50966616275e-06, 7.65977972605e-07, 2.32630313235e-07],
        "dmean2": [0.0024696807377, 0.00222559203394, 0.000936446536798, 0.000577955041081, 0.000277456332697, 0.00013286768808, 0.000165174438735, 0.000132325512823, 0.000134801841341, 0.000118023148389, 0.00014901169925, 0.000129948515678, 0.000111081644718, 0.0001144479902, 8.91150266398e-05, 7.06051141606e-05, 5.35578765266e-05, 4.9285870773e-05, 3.91357607441e-05, 4.29041174357e-05, 3.84079794458e-05, 3.36827724823e-05, 2.23176903091e-05, 1.3336106349e-05, 1.39829007821e-05, 1.05591216197e-05, 9.42558199313e-06, 1.05128119685e-05, 9.60781108006e-06, 9.78436855803e-06, 7.6252999861e-06, 7.00904911355e-06, 6.69942710374e-06, 4.46269541499e-06, 3.65224536836e-06, 3.51626954398e-06, 2.88208366328e-06, 2.34288495449e-06, 1.20109257296e-06, 3.55124711859e-07],
        "dvar": [1.00871875475e-05, 6.875505278e-06, 9.83354880191e-07, 7.62316346936e-07, 1.44537978031e-07, 3.43705544026e-08, 7.30409368543e-08, 1.00446712281e-07, 7.74580826146e-08, 3.7811140885e-08, 1.09162556328e-07, 5.54258967611e-08, 2.97255109416e-08, 4.01513879922e-08, 1.98112672933e-08, 1.06166959668e-08, 1.34692337284e-08, 5.5850457592e-09, 3.61538932125e-09, 2.55574761354e-09, 1.62764790534e-09, 9.53703227502e-10, 4.38957342697e-10, 1.44252096379e-10, 1.46214082508e-10, 9.84845885399e-11, 7.05783556598e-11, 1.28510369013e-10, 9.43324793279e-11, 1.22886853471e-10, 6.35560493123e-11, 6.36023386735e-11, 5.72347794159e-11, 3.64337865433e-11, 2.16476316039e-11, 2.52247372295e-11, 2.67128957843e-11, 1.50301958379e-11, 4.11977830322e-12, 2.98691464357e-13],
        "dvar2": [2.7201955163e-05, 1.92864754354e-05, 2.50191192208e-06, 2.08657729672e-06, 3.68610017176e-07, 8.83240147687e-08, 1.789995423e-07, 2.43396954147e-07, 2.02295041163e-07, 1.04020493552e-07, 2.5596008868e-07, 1.26914756038e-07, 7.81190578891e-08, 1.0602036582e-07, 5.01748793624e-08, 2.52217091656e-08, 3.14269996693e-08, 1.32007436093e-08, 7.66557661791e-09, 6.39877528741e-09, 4.03138011862e-09, 2.53045828735e-09, 1.13071529917e-09, 3.5518793462e-10, 3.90066978717e-10, 2.48350034981e-10, 1.84782258938e-10, 3.41016131999e-10, 2.58178506352e-10, 3.3607469585e-10, 1.75540276759e-10, 1.77813888613e-10, 1.59503202313e-10, 9.77193742591e-11, 5.54341503256e-11, 6.15861389663e-11, 5.59959682789e-11, 3.09596306924e-11, 8.73847175176e-12, 6.09609639244e-13],
        "max": [0.0275162421167, 0.0276009179652, 0.0153960241005, 0.0165576264262, 0.00827555637807, 0.00418567471206, 0.00464512268081, 0.00736051471904, 0.00570082757622, 0.00407725106925, 0.00987318623811, 0.00544469757006, 0.00326449237764, 0.00413833837956, 0.00291520636529, 0.0020154863596, 0.0033842404373, 0.00121466850396, 0.00117178913206, 0.0008552345098, 0.000825712806545, 0.000573337893002, 0.000392479472794, 0.000263702007942, 0.000200359165319, 0.000187501806067, 0.000126445025671, 0.000271131051704, 0.000154855093569, 0.000267978233751, 0.000122443496366, 0.000142098171636, 0.000106382372906, 0.000106186897028, 6.49006688036e-05, 8.1203172158e-05, 0.000119469310448, 7.48703678255e-05, 3.81956451747e-05, 1.0017582099e-05],
        "mean": [0.00216742604971, 0.00262256036513, 0.00124586978927, 0.000471028644824, 0.000277769286186, 0.000138858376886, 0.000141682772664, 0.000108428677777, 0.000119939126307, 0.000112229870865, 0.000168769824086, 0.000148625433212, 0.000114869610115, 0.000118898322398, 0.000101177705801, 7.54675420467e-05, 5.83405635552e-05, 5.37990890734e-05, 4.54748587799e-05, 5.41376466572e-05, 5.41985718883e-05, 4.5668999519e-05, 3.02634798572e-05, 1.88590529433e-05, 1.97263070731e-05, 1.51492713485e-05, 1.21933899209e-05, 1.28175606733e-05, 1.14590193334e-05, 1.10315231723e-05, 9.9941598819e-06, 8.01236637926e-06, 7.15773967386e-06, 5.06687774759e-06, 4.28383691542e-06, 4.16308421336e-06, 3.92851370634e-06, 3.12233396471e-06, 1.62319668107e-06, 4.77448566016e-07],
        "median": [0.00137905986048, 0.0020515397191, 0.000839488755446, 0.000259615510004, 0.000148506558617, 8.05063464213e-05, 5.36415682291e-05, 2.87410875899e-05, 4.25814760092e-05, 5.36726001883e-05, 6.00920902798e-05, 4.46020676463e-05, 4.4618256652e-05, 4.92926665174e-05, 4.99719208165e-05, 3.85515086236e-05, 2.47698335443e-05, 2.27509044635e-05, 2.43970116571e-05, 3.10771756631e-05, 3.44471918652e-05, 3.40369660989e-05, 2.24468440138e-05, 1.28852179841e-05, 1.33675430334e-05, 1.08500971692e-05, 9.70211567619e-06, 1.05869821709e-05, 8.86282123247e-06, 7.26707003196e-06, 7.77448349254e-06, 6.10687584413e-06, 4.53412258139e-06, 3.36547418556e-06, 2.68276835413e-06, 2.19683352043e-06, 1.5756246512e-06, 1.26153327074e-06, 6.3549822471e-07, 1.57126578415e-07],
        "min": [6.19749185304e-09, 1.03855315459e-08, 1.09873763421e-08, 3.33172067712e-09, 1.33782573908e-09, 1.27425447971e-09, 8.58859761088e-10, 4.33793029275e-10, 2.9808516766e-10, 7.12221337462e-10, 1.70172265168e-09, 6.65675570222e-10, 9.51177248076e-10, 7.33639815564e-10, 1.13169229543e-09, 4.286924149e-10, 5.04758512765e-10, 1.04145414515e-09, 3.18329723692e-10, 4.07470834851e-10, 1.58988322507e-10, 3.01866448504e-10, 1.54193255386e-10, 1.71889530387e-10, 2.86511703251e-10, 1.61028787526e-10, 1.67319769151e-10, 1.98758384751e-10, 1.84440407391e-10, 1.20378623736e-10, 1.12687990883e-10, 3.00906417838e-11, 2.07990430434e-11, 1.45674809021e-11, 1.84488986588e-11, 9.36979226845e-12, 6.31589615677e-12, 4.97255405255e-12, 1.76426332311e-12, 1.08633771195e-13],
        "var": [9.57081738306e-06, 7.61674209571e-06, 2.16984949475e-06, 6.83637324528e-07, 2.06940526937e-07, 5.15663849399e-08, 1.10939019748e-07, 1.27274930151e-07, 1.12500075033e-07, 6.19103701638e-08, 2.46659027425e-07, 1.65622452641e-07, 5.56044277289e-08, 7.18129982147e-08, 3.86519793949e-08, 2.06273682579e-08, 2.03853414149e-08, 1.05581943188e-08, 7.02116764728e-09, 6.38414876519e-09, 5.42273381754e-09, 2.4837307766e-09, 1.0905233383e-09, 4.69993544083e-10, 4.5760306655e-10, 2.57036114615e-10, 1.41268857723e-10, 2.04412667348e-10, 1.52873630421e-10, 2.14972567525e-10, 1.08177751479e-10, 8.36756844369e-11, 8.98595364784e-11, 5.77828375425e-11, 3.87723950168e-11, 6.04659100567e-11, 9.26980020521e-11, 5.2319062277e-11, 1.40559768685e-11, 1.09156769994e-12]
    },
    "mfcc": {
        "mean": [-614.200256348, 102.462936401, -11.9852180481, 31.0192241669, 4.1364068985, 21.0248737335, 4.2746295929, 12.8021945953, 3.55667304993, 0.228453204036, -6.01107740402, 3.43095183372, -3.72184109688],
        "cov": [[5819.81787109, -1502.6574707, 666.175109863, -295.376831055, 146.421768188, 106.354812622, -96.4286956787, 233.068405151, 49.8740653992, 311.381713867, 161.760757446, 228.894760132, 117.417518616], [-1502.6574707, 1174.53320312, -301.763824463, 159.214584351, 4.37163543701, 6.7910399437, 49.0386314392, -21.2873134613, 16.5011234283, -111.493164062, -23.641954422, -53.2301826477, -19.0729980469], [666.175109863, -301.763824463, 726.049194336, 33.7942810059, 225.924972534, 133.418624878, 44.1852378845, 87.1937561035, 18.7011871338, 113.646453857, 40.2003517151, 72.9275512695, 43.5291748047], [-295.376831055, 159.214584351, 33.7942810059, 295.073242188, 99.5997161865, 64.7481613159, -5.21997022629, -1.74473547935, 17.3369007111, 1.62151551247, -10.791053772, -2.74421024323, 22.0529918671], [146.421768188, 4.37163543701, 225.924972534, 99.5997161865, 264.591552734, 90.5069580078, 42.902507782, 32.4078941345, 33.9321708679, 58.3309173584, 13.80788517, 30.5408039093, 24.7680282593], [106.354812622, 6.7910399437, 133.418624878, 64.7481613159, 90.5069580078, 141.152359009, 58.6206817627, 44.3568687439, 4.37558555603, 29.5991744995, 18.4217262268, 21.3801422119, 5.34574985504], [-96.4286956787, 49.0386314392, 44.1852378845, -5.21997022629, 42.902507782, 58.6206817627, 143.957473755, 60.9341697693, 16.6723403931, -1.87554645538, 14.3811559677, 12.3875389099, -2.99377918243], [233.068405151, -21.2873134613, 87.1937561035, -1.74473547935, 32.4078941345, 44.3568687439, 60.9341697693, 104.187812805, 24.5202407837, 27.6013507843, 15.3499059677, 20.6026554108, 7.83151292801], [49.8740653992, 16.5011234283, 18.7011871338, 17.3369007111, 33.9321708679, 4.37558555603, 16.6723403931, 24.5202407837, 66.2463684082, 28.9994888306, 13.6972446442, 11.4325847626, 8.44732189178], [311.381713867, -111.493164062, 113.646453857, 1.62151551247, 58.3309173584, 29.5991744995, -1.87554645538, 27.6013507843, 28.9994888306, 98.6053009033, 38.6246643066, 28.3756313324, 11.9903926849], [161.760757446, -23.641954422, 40.2003517151, -10.791053772, 13.80788517, 18.4217262268, 14.3811559677, 15.3499059677, 13.6972446442, 38.6246643066, 64.1839447021, 30.828704834, 12.0914449692], [228.894760132, -53.2301826477, 72.9275512695, -2.74421024323, 30.5408039093, 21.3801422119, 12.3875389099, 20.6026554108, 11.4325847626, 28.3756313324, 30.828704834, 68.9447250366, 30.0922966003], [117.417518616, -19.0729980469, 43.5291748047, 22.0529918671, 24.7680282593, 5.34574985504, -2.99377918243, 7.83151292801, 8.44732189178, 11.9903926849, 12.0914449692, 30.0922966003, 54.6994743347]],
