{
"lowlevel": {
    "average_loudness": 0.970207512379,
    "barkbands_crest": {
        "dmean": 3.12702989578,
        "dmean2": 4.97978973389,
        "dvar": 8.8349905014,
        "dvar2": 22.7846851349,
        "max": 22.1779460907,
        "mean": 8.71777153015,
        "median": 7.57786226273,
        "min": 2.18672704697,
        "var": 19.168466568
    },
    "barkbands_flatness_db": {
        "dmean": 0.0188360568136,
        "dmean2": 0.0292260572314,
        "dvar": 0.000284364970867,
        "dvar2": 0.000660389545374,
        "max": 0.249514475465,
        "mean": 0.0984718725085,
        "median": 0.0942876785994,
        "min": 0.0307957734913,
        "var": 0.00103577098344
    },
    "barkbands_kurtosis": {
        "dmean": 1.14477956295,
        "dmean2": 1.84911811352,
        "dvar": 2.68566703796,
        "dvar2": 6.85293483734,
        "max": 16.2764644623,
        "mean": 0.358474045992,
        "median": -0.242790937424,
        "min": -1.81356739998,
        "var": 3.82804465294
    },
    "barkbands_skewness": {
        "dmean": 0.443990647793,
        "dmean2": 0.68805038929,
        "dvar": 0.216234430671,
        "dvar2": 0.487305492163,
        "max": 3.95554924011,
        "mean": 0.764540195465,
        "median": 0.651221752167,
        "min": -0.691734373569,
        "var": 0.437873333693
    },
    "barkbands_spread": {
        "dmean": 6.78521203995,
        "dmean2": 10.2656345367,
        "dvar": 56.6184577942,
        "dvar2": 113.315551758,
        "max": 100.025588989,
        "mean": 32.4879684448,
        "median": 30.8123226166,
        "min": 6.48411178589,
        "var": 192.571380615
    },
    "dissonance": {
        "dmean": 0.0120314182714,
        "dmean2": 0.0203513856977,
        "dvar": 0.000128822692204,
        "dvar2": 0.000349393929355,
        "max": 0.499979108572,
        "mean": 0.480942904949,
        "median": 0.484792739153,
        "min": 0.410500735044,
        "var": 0.000242211041041
    },
    "dynamic_complexity": 2.70056843758,
    "erbbands_crest": {
        "dmean": 2.45502567291,
        "dmean2": 3.85147356987,
        "dvar": 5.88252496719,
        "dvar2": 14.0826845169,
        "max": 27.5160160065,
        "mean": 8.5095615387,
        "median": 6.8476099968,
        "min": 2.35829138756,
        "var": 25.5873565674
    },
    "erbbands_flatness_db": {
        "dmean": 0.0160618722439,
        "dmean2": 0.0233211144805,
        "dvar": 0.000219150460907,
        "dvar2": 0.000439255440142,
        "max": 0.269042283297,
        "mean": 0.155124276876,
        "median": 0.153175488114,
        "min": 0.0730261802673,
        "var": 0.00109555281233
    },
    "erbbands_kurtosis": {
        "dmean": 0.559517920017,
        "dmean2": 0.896400332451,
        "dvar": 0.375426650047,
        "dvar2": 0.906636178493,
        "max": 5.92707824707,
        "mean": -0.0541988946497,
        "median": -0.309473276138,
        "min": -1.57544016838,
        "var": 1.10841596127
    },
    "erbbands_skewness": {
        "dmean": 0.313931763172,
        "dmean2": 0.481280565262,
        "dvar": 0.074170358479,
        "dvar2": 0.168018952012,
        "max": 2.41998362541,
        "mean": 0.123385958374,
        "median": 0.0400794968009,
        "min": -1.82504653931,
        "var": 0.432272166014
    },
    "erbbands_spread": {
        "dmean": 6.86203098297,
        "dmean2": 10.7184419632,
        "dvar": 40.7201766968,
        "dvar2": 96.7373352051,
        "max": 99.7136459351,
        "mean": 36.1856803894,
        "median": 34.2303695679,
        "min": 11.4228010178,
        "var": 159.555023193
    },
    "hfc": {
        "dmean": 6.70717573166,
        "dmean2": 10.1150875092,
        "dvar": 82.8606414795,
        "dvar2": 165.277053833,
        "max": 122.799598694,
        "mean": 34.7209892273,
        "median": 35.2105789185,
        "min": 3.75922741114e-06,
        "var": 357.748352051
    },
    "melbands_crest": {
        "dmean": 3.73883795738,
        "dmean2": 5.89696073532,
        "dvar": 10.4614238739,
        "dvar2": 23.6742019653,
        "max": 28.1402454376,
        "mean": 12.9419603348,
        "median": 12.2036685944,
        "min": 4.1497297287,
        "var": 25.7491397858
    },
    "melbands_flatness_db": {
        "dmean": 0.0246823336929,
        "dmean2": 0.0373753458261,
        "dvar": 0.000625462387688,
        "dvar2": 0.00134477112442,
        "max": 0.351721405983,
        "mean": 0.136327296495,
        "median": 0.130442664027,
        "min": 0.0299402400851,
        "var": 0.00182718795259
    },
    "melbands_kurtosis": {
        "dmean": 3.84066390991,
        "dmean2": 6.31339788437,
        "dvar": 38.4449272156,
        "dvar2": 97.2850036621,
        "max": 56.9625015259,
        "mean": 4.91112852097,
        "median": 2.77991867065,
        "min": -1.22061991692,
        "var": 44.2649154663
    },
    "melbands_skewness": {
        "dmean": 0.659890830517,
        "dmean2": 1.03413927555,
        "dvar": 0.56856149435,
        "dvar2": 1.32619071007,
        "max": 7.27805328369,
        "mean": 1.7641569376,
        "median": 1.47540616989,
        "min": -0.118148632348,
        "var": 1.13271176815
    },
    "melbands_spread": {
        "dmean": 10.5805339813,
        "dmean2": 15.8983078003,
        "dvar": 130.979095459,
        "dvar2": 262.705596924,
        "max": 146.844940186,
        "mean": 38.4437866211,
        "median": 35.8661270142,
        "min": 5.27966833115,
        "var": 348.454406738
    },
    "pitch_salience": {
        "dmean": 0.0747691467404,
        "dmean2": 0.120645076036,
        "dvar": 0.00469873379916,
        "dvar2": 0.0111250178888,
        "max": 0.827583551407,
        "mean": 0.570381522179,
        "median": 0.578583598137,
        "min": 0.240616589785,
        "var": 0.0123004503548
    },
    "silence_rate_20dB": {
        "dmean": 0,
        "dmean2": 0,
        "dvar": 0,
        "dvar2": 0,
        "max": 1,
        "mean": 1,
        "median": 1,
        "min": 1,
        "var": 0
    },
    "silence_rate_30dB": {
        "dmean": 0,
        "dmean2": 0,
        "dvar": 0,
        "dvar2": 0,
        "max": 1,
        "mean": 1,
        "median": 1,
        "min": 1,
        "var": 0
    },
    "silence_rate_60dB": {
        "dmean": 0.00464396271855,
        "dmean2": 0.00929511990398,
        "dvar": 0.00462240213528,
        "dvar2": 0.0123070571572,
        "max": 1,
        "mean": 0.0672853812575,
        "median": 0,
        "min": 0,
        "var": 0.0627587586641
    },
    "spectral_centroid": {
        "dmean": 270.266815186,
        "dmean2": 409.110961914,
        "dvar": 65781.078125,
        "dvar2": 135207.375,
        "max": 3826.38452148,
        "mean": 1961.89465332,
        "median": 1964.13415527,
        "min": 528.051574707,
        "var": 241087.375
    },
    "spectral_complexity": {
        "dmean": 3.81733751297,
        "dmean2": 6.0681643486,
        "dvar": 10.9666490555,
        "dvar2": 25.3911838531,
        "max": 57,
        "mean": 33.6620254517,
        "median": 37,
        "min": 0,
        "var": 170.874740601
    },
    "spectral_decrease": {
        "dmean": 2.22133822447e-09,
        "dmean2": 3.53665496888e-09,
        "dvar": 7.61280704794e-18,
        "dvar2": 1.86512485995e-17,
        "max": -1.92334606663e-15,
        "mean": -7.54622409005e-09,
        "median": -7.36331884355e-09,
        "min": -2.36747652593e-08,
        "var": 1.64762036486e-17
    },
    "spectral_energy": {
        "dmean": 0.00860172975808,
        "dmean2": 0.0136980991811,
        "dvar": 0.000109230008093,
        "dvar2": 0.000268608157057,
        "max": 0.0918723866343,
        "mean": 0.0316305272281,
        "median": 0.0313062891364,
        "min": 7.60014540191e-09,
        "var": 0.00026198066189
    },
    "spectral_energyband_high": {
        "dmean": 0.000574016827159,
        "dmean2": 0.000861855573021,
        "dvar": 1.13113924272e-06,
        "dvar2": 2.17952242565e-06,
        "max": 0.0139875924215,
        "mean": 0.00174108205829,
        "median": 0.00137515633833,
        "min": 1.41064229742e-10,
        "var": 3.12741804009e-06
    },
    "spectral_energyband_low": {
        "dmean": 0.00616921018809,
        "dmean2": 0.00999223720282,
        "dvar": 0.000120917975437,
        "dvar2": 0.00029427438858,
        "max": 0.0758438706398,
        "mean": 0.00965299177915,
        "median": 0.00631879130378,
        "min": 1.32969346645e-09,
        "var": 0.000135896014399
    },
    "spectral_energyband_middle_high": {
        "dmean": 0.00256361672655,
        "dmean2": 0.00394436437637,
        "dvar": 1.01659152278e-05,
        "dvar2": 2.45632563747e-05,
        "max": 0.0406332351267,
        "mean": 0.0103666931391,
        "median": 0.0093139084056,
        "min": 9.90940884904e-10,
        "var": 5.04261806782e-05
    },
    "spectral_energyband_middle_low": {
        "dmean": 0.00471739377826,
        "dmean2": 0.00744169810787,
        "dvar": 3.38833779097e-05,
        "dvar2": 8.31048600958e-05,
        "max": 0.0544267259538,
        "mean": 0.0115673383698,
        "median": 0.0083595039323,
        "min": 3.08089087575e-09,
        "var": 9.47345470195e-05
    },
    "spectral_entropy": {
        "dmean": 0.0967702716589,
        "dmean2": 0.139213040471,
        "dvar": 0.00963607337326,
        "dvar2": 0.0176265705377,
        "max": 8.73220443726,
        "mean": 7.91045856476,
        "median": 7.90551567078,
        "min": 7.08711385727,
        "var": 0.0510536953807
    },
    "spectral_flux": {
        "dmean": 0.0257077105343,
        "dmean2": 0.0394073836505,
        "dvar": 0.000715064525139,
        "dvar2": 0.00139087752905,
        "max": 0.265055000782,
        "mean": 0.101088427007,
        "median": 0.0976215526462,
        "min": 0.000170779763721,
        "var": 0.00202066032216
    },
    "spectral_kurtosis": {
        "dmean": 0.970977783203,
        "dmean2": 1.655195117,
        "dvar": 0.869915187359,
        "dvar2": 2.67574548721,
        "max": 9.54724502563,
        "mean": 2.64712285995,
        "median": 2.5111284256,
        "min": -0.806339740753,
        "var": 1.49215817451
    },
    "spectral_rms": {
        "dmean": 0.00070041656727,
        "dmean2": 0.00109541008715,
        "dvar": 5.67474387481e-07,
        "dvar2": 1.37088795782e-06,
        "max": 0.00946739688516,
        "mean": 0.00528286164626,
        "median": 0.00552654685453,
        "min": 2.72300871984e-06,
        "var": 2.95031099995e-06
    },
    "spectral_rolloff": {
        "dmean": 686.229614258,
        "dmean2": 1078.86303711,
        "dvar": 984850.5,
        "dvar2": 1767809.625,
        "max": 10637.4023438,
        "mean": 2284.73242188,
        "median": 2024.12109375,
        "min": 129.19921875,
        "var": 2366593.75
    },
    "spectral_skewness": {
        "dmean": 0.15624524653,
        "dmean2": 0.251761376858,
        "dvar": 0.0184852574021,
        "dvar2": 0.0512981750071,
        "max": 2.09253501892,
        "mean": 1.10532796383,
        "median": 1.10909688473,
        "min": 0.193021833897,
        "var": 0.0496764034033
    },
    "spectral_spread": {
        "dmean": 435156.21875,
        "dmean2": 617873.8125,
        "dvar": 341972910080,
        "dvar2": 576111312896,
        "max": 11302334,
        "mean": 4216764.5,
        "median": 4002887.5,
        "min": 2472449,
        "var": 1.43838674944e+12
    },
    "spectral_strongpeak": {
        "dmean": 0.685550451279,
        "dmean2": 1.13250267506,
        "dvar": 0.895766675472,
        "dvar2": 2.12965774536,
        "max": 7.51118183136,
        "mean": 1.23705852032,
        "median": 0.520475268364,
        "min": 0,
        "var": 2.25499629974
    },
    "zerocrossingrate": {
        "dmean": 0.0120668206364,
        "dmean2": 0.0139892008156,
        "dvar": 0.000211859703995,
        "dvar2": 0.000227346361498,
        "max": 0.32275390625,
        "mean": 0.078431636095,
        "median": 0.0732421875,
        "min": 0.01806640625,
        "var": 0.00116100732703
    },
    "barkbands": {
        "dmean": [0.000272331148153, 0.00435294955969, 0.00247564748861, 0.00109730428085, 0.00193354859948, 0.0010178956436, 0.00054384971736, 0.000892452138942, 0.00135562487412, 0.00136629957706, 0.000830032862723, 0.000507316086441, 0.000355607364327, 0.00035801687045, 0.000422108132625, 0.000353057694156, 0.000373987160856, 0.000344080792274, 0.000286923925159, 0.000256266677752, 0.000190024191397, 0.00013550229778, 0.00011097004608, 0.000112346591777, 0.000101835772512, 2.24298546527e-05, 3.58279834245e-07],
        "dmean2": [0.000432596658356, 0.00697788596153, 0.00446214480326, 0.00182952964678, 0.00321021559648, 0.00166202592663, 0.000908943475224, 0.00145938398782, 0.00200018589385, 0.00212292047217, 0.00125499127898, 0.00082241743803, 0.000588657159824, 0.000590480631217, 0.000707115861587, 0.000583250133786, 0.000619653961621, 0.000565960304812, 0.000479236914543, 0.000418927287683, 0.00031615619082, 0.000217586042709, 0.000170390558196, 0.000172922038473, 0.000151393585838, 3.54412986781e-05, 6.41559722681e-07],
        "dvar": [1.7943980879e-07, 6.65463812766e-05, 2.65219277935e-05, 3.43157762472e-06, 1.98705638468e-05, 3.79962921215e-06, 1.01291561805e-06, 3.37136543749e-06, 6.68949996907e-06, 7.8809880506e-06, 4.10123902839e-06, 4.63053567046e-07, 2.34518196862e-07, 2.76295168078e-07, 3.67945204971e-07, 1.99012959001e-07, 2.04780491231e-07, 2.16161083699e-07, 1.20161374184e-07, 1.19496661455e-07, 8.77703314472e-08, 6.38814086074e-08, 5.71160860829e-08, 1.02014830361e-07, 1.04706614934e-07, 3.96857080531e-09, 2.9689742418e-12],
        "dvar2": [4.0344991703e-07, 0.000161626318004, 7.62348936405e-05, 8.77855654835e-06, 4.98301924381e-05, 8.00280758995e-06, 2.54099813901e-06, 7.54717757445e-06, 1.44322084452e-05, 1.86847264558e-05, 9.12799168873e-06, 1.1185107951e-06, 5.5018023204e-07, 6.9624866228e-07, 9.94207198346e-07, 4.98852386954e-07, 5.12127030561e-07, 5.59909949516e-07, 2.98160955481e-07, 2.60991043888e-07, 2.22321233423e-07, 1.51062565124e-07, 1.1194569538e-07, 2.35352729305e-07, 1.94709656398e-07, 8.96992524702e-09, 8.21030656656e-12],
        "max": [0.00440693134442, 0.0530579201877, 0.0375898256898, 0.0172724593431, 0.0348317027092, 0.037043761462, 0.018195098266, 0.0324127711356, 0.0446187928319, 0.0422126539052, 0.0343815796077, 0.00972941331565, 0.00743842544034, 0.00727469427511, 0.00911272130907, 0.00682949833572, 0.00551134068519, 0.00654508825392, 0.00647270027548, 0.00577680394053, 0.00377226574346, 0.0048012053594, 0.00377923762426, 0.00515800295398, 0.00532686710358, 0.000916365010198, 3.48134381056e-05],
        "mean": [0.000377720542019, 0.00525069935247, 0.00296431989409, 0.00156964373309, 0.00198580487631, 0.00157455238514, 0.000860785832629, 0.00142050127033, 0.00281741842628, 0.00277948239818, 0.00152996263932, 0.00098183460068, 0.000697595765814, 0.000656603544485, 0.000793840095866, 0.000798123714048, 0.00090533925686, 0.000787033000961, 0.000776165514253, 0.000658132659737, 0.000468737707706, 0.000343688006978, 0.000237824948272, 0.000211971651879, 0.000155027300934, 2.74191679637e-05, 2.47727967917e-07],
        "median": [0.000190431979718, 0.0024816468358, 0.00171907711774, 0.000756201334298, 0.000657351221889, 0.000761265459005, 0.000531228026375, 0.000605069333687, 0.000905874185264, 0.000993708730675, 0.000519732187968, 0.000646906672046, 0.000504027761053, 0.000455795001471, 0.000543626782019, 0.000540612323675, 0.000738609116524, 0.00058796047233, 0.000649382069241, 0.000570096366573, 0.000407748506404, 0.000268069212325, 0.00014412526798, 0.000105249608168, 3.87749714719e-05, 4.68352345706e-06, 1.73406178305e-08],
        "min": [2.57853825097e-11, 4.56783416647e-10, 3.91744053863e-10, 4.09706490956e-10, 1.76455650092e-09, 7.49345197004e-10, 6.15617279376e-11, 7.14992232087e-11, 1.70865717408e-11, 7.6926846837e-11, 1.72084818617e-10, 2.3233476254e-10, 1.22599277952e-10, 2.99953360761e-11, 1.86382662776e-11, 3.78845878279e-11, 1.83157600198e-10, 1.54567018906e-11, 4.87746544542e-11, 4.85183733467e-11, 6.95987711907e-11, 4.44989045612e-11, 1.71001168954e-12, 3.592976177e-12, 4.24238595642e-12, 3.84331151973e-12, 5.48043728454e-12],
        "var": [2.62623274239e-07, 6.78004071233e-05, 1.94408894458e-05, 5.33743877895e-06, 1.79383641807e-05, 8.23555092211e-06, 1.51623669353e-06, 8.47284536576e-06, 3.10325413011e-05, 3.34530268447e-05, 1.27198218252e-05, 1.17578281333e-06, 4.92181754908e-07, 5.21137849319e-07, 7.4282809237e-07, 7.72882856381e-07, 6.09470475865e-07, 5.22924779034e-07, 4.85485372792e-07, 3.23417452819e-07, 1.65700797083e-07, 1.29090082623e-07, 1.39187037007e-07, 1.86101743793e-07, 1.94321771119e-07, 5.97101701416e-09, 1.8871583983e-12]
    },
    "erbbands": {
        "dmean": [0.119206823409, 1.060079813, 2.76733064651, 3.4834253788, 5.23262786865, 6.34298181534, 7.58927822113, 8.04440307617, 7.7601351738, 9.76527786255, 22.4587459564, 30.1850700378, 38.1867828369, 38.0314903259, 29.9483261108, 19.0315551758, 15.4624900818, 15.1645975113, 20.0610466003, 21.5064029694, 18.7750148773, 19.2331409454, 18.7654457092, 15.1650695801, 13.5836725235, 12.3824968338, 8.9384355545, 6.71428346634, 5.14632177353, 3.67497515678, 3.34704899788, 2.67580413818, 1.76332509518, 1.27411735058, 0.666402995586, 0.172776520252, 0.0262219812721, 0.00245407503098, 6.42355589662e-05, 1.22817446027e-05],
        "dmean2": [0.187279284, 1.80912005901, 4.97188282013, 5.82927083969, 8.92713546753, 10.6068086624, 12.5754356384, 13.1840324402, 13.0889606476, 15.6912326813, 36.2918357849, 44.3405723572, 58.9503479004, 59.3147888184, 45.6860160828, 30.796049118, 25.7167835236, 24.7122306824, 33.7012023926, 35.4769630432, 30.9011421204, 31.3496894836, 30.9683055878, 24.7294445038, 22.9077625275, 20.0863208771, 14.6806907654, 10.9432382584, 8.17100715637, 5.60432958603, 5.14440345764, 4.07831716537, 2.6674053669, 1.90514063835, 0.994374334812, 0.270234942436, 0.0424344986677, 0.00415728846565, 0.00010587109864, 1.86371926247e-05],
        "dvar": [0.0404914394021, 4.78828907013, 35.4327964783, 39.4324836731, 123.303947449, 229.126571655, 225.999923706, 290.777099609, 213.502426147, 433.492736816, 2202.77368164, 3863.24731445, 7747.24169922, 6000.60644531, 4048.17407227, 777.680236816, 471.575500488, 517.208862305, 850.105773926, 980.273010254, 521.229614258, 519.299926758, 715.282775879, 364.809204102, 258.192962646, 257.45413208, 231.625259399, 88.8828277588, 82.4385375977, 56.9667015076, 52.5618171692, 42.0048866272, 28.5131797791, 15.2607936859, 4.87021112442, 0.270653963089, 0.00479724770412, 7.34322748031e-05, 4.08339602131e-08, 2.35327229925e-10],
        "dvar2": [0.0978027656674, 11.9324140549, 100.368988037, 106.013702393, 319.322875977, 589.303710938, 480.979003906, 646.052429199, 578.051269531, 1034.04345703, 4970.20996094, 8016.72167969, 17863.765625, 15159.8066406, 9178.02441406, 1940.35961914, 1157.0559082, 1177.74890137, 2286.23413086, 2629.01171875, 1301.21728516, 1319.48583984, 1867.13342285, 847.616455078, 698.22076416, 592.987365723, 554.664428711, 216.136672974, 204.697402954, 112.592407227, 108.04006958, 91.7552261353, 64.7115631104, 28.7354488373, 9.58168506622, 0.559245407581, 0.0112100532278, 0.000196389155462, 1.04978532534e-07, 5.09584152653e-10],
        "max": [1.80981910229, 13.9901981354, 40.8567733765, 53.9515342712, 78.0568618774, 141.96824646, 199.061065674, 311.2550354, 236.085113525, 417.200012207, 886.684692383, 1204.44226074, 1663.54370117, 1105.91137695, 1087.47814941, 372.116882324, 356.097869873, 365.087097168, 480.841003418, 454.737487793, 325.103729248, 250.398406982, 407.46194458, 401.981018066, 222.159805298, 267.792144775, 205.518310547, 121.870048523, 165.207199097, 148.469985962, 119.08769989, 83.9932403564, 89.2913818359, 51.1803321838, 42.811126709, 7.503262043, 0.721156656742, 0.157050386071, 0.00374069693498, 0.000173591499333],
        "mean": [0.157909080386, 1.15758359432, 3.0856256485, 5.31151533127, 5.38149166107, 6.40810632706, 10.6341705322, 12.0317440033, 11.3259010315, 18.3518238068, 37.545753479, 64.0581512451, 93.2053146362, 67.2222824097, 60.7988204956, 39.1000595093, 32.5509338379, 32.4380836487, 38.5429649353, 44.8197784424, 47.2803459167, 49.0256004333, 44.9735488892, 40.9609718323, 37.0965881348, 31.7457485199, 20.6290397644, 17.242521286, 13.2502098083, 8.574467659, 6.7892165184, 4.99551391602, 3.23358035088, 1.98246705532, 0.947493970394, 0.231218382716, 0.0299581009895, 0.00226015155204, 8.81780360942e-05, 4.58614049421e-05],
        "median": [0.0836501792073, 0.522892534733, 1.70759749413, 3.06709170341, 2.20062398911, 2.20426011086, 4.07191705704, 6.11538696289, 6.94293212891, 10.3580532074, 17.1809959412, 20.8972702026, 31.9931488037, 32.1321372986, 31.7012348175, 27.1099262238, 24.7277851105, 24.6016101837, 28.2442302704, 30.5434761047, 36.3340454102, 40.4014625549, 32.9150543213, 32.6054611206, 33.4775543213, 27.9134864807, 16.5430374146, 14.7872266769, 10.6993513107, 5.8708152771, 4.07693481445, 2.54327583313, 1.48810958862, 0.610848903656, 0.188278496265, 0.0399203076959, 0.00498862890527, 0.000279076659353, 3.68484179489e-05, 4.44905708719e-05],
        "min": [1.37241729092e-08, 1.03393119844e-07, 4.19041299438e-07, 2.24610403166e-06, 8.92237949301e-07, 5.38638505532e-06, 1.65576402651e-05, 2.16709577217e-06, 3.73019815925e-07, 1.75282116288e-06, 1.34109905048e-06, 4.28412363362e-07, 2.07079006032e-06, 2.11230531022e-06, 1.17897416203e-05, 8.31594388728e-06, 3.81549307349e-06, 4.146752417e-06, 1.03729564671e-06, 1.44774378441e-06, 3.70046313947e-06, 1.15231587188e-05, 1.58136947448e-06, 1.19598041692e-06, 3.80824462809e-06, 1.90225216556e-06, 8.70158942234e-07, 4.26014548793e-06, 2.05812375498e-06, 2.75202978628e-07, 4.27347082166e-08, 2.76306675318e-08, 9.2839307797e-08, 5.11860811514e-08, 3.05547942503e-08, 1.46972256587e-08, 6.33075414314e-09, 3.05830094582e-09, 7.94134036308e-10, 7.10875316945e-11],
        "var": [0.0475783571601, 4.13204813004, 25.4834480286, 48.6095352173, 104.202026367, 196.937759399, 452.758789062, 554.78717041, 246.564743042, 1034.39929199, 4399.0234375, 18210.3339844, 45097.25, 11787.8691406, 12117.3681641, 1912.61450195, 927.028320312, 1152.97265625, 1548.94091797, 2191.47265625, 2004.6583252, 1601.19726562, 1728.02587891, 1508.9810791, 758.915893555, 682.429016113, 446.16003418, 204.963668823, 162.652038574, 148.642272949, 120.584228516, 85.200378418, 50.7746772766, 28.4521007538, 8.21620941162, 0.47730883956, 0.00617724936455, 5.81393760513e-05, 3.86113825357e-08, 6.58072596416e-10]
    },
    "gfcc": {
        "mean": [31.9376869202, 86.9829711914, -145.854522705, 50.1825790405, -64.3965377808, 25.7917156219, -28.9834709167, 17.336271286, -20.4855670929, -0.779933989048, -13.1613025665, -4.09524154663, -4.48630571365],
        "cov": [[7292.01855469, -577.47052002, 77.7480545044, -3.00476646423, -147.210845947, 177.811767578, -182.731811523, 191.148330688, -106.918403625, 12.3369846344, -109.49836731, 95.6629486084, -74.8045501709], [-577.47052002, 635.208496094, -315.819732666, 39.0310249329, 45.918384552, -143.970077515, 169.544036865, -76.0440597534, 141.641464233, -88.116569519, 80.9675445557, -90.6436004639, 95.2939605713], [77.7480545044, -315.819732666, 451.345581055, 9.55290412903, 39.2247161865, 75.7423706055, -108.706367493, 4.75168466568, -134.173339844, 83.2831878662, -65.4570770264, 81.0230026245, -87.6319274902], [-3.00476646423, 39.0310249329, 9.55290412903, 166.273666382, 47.3701934814, 19.8528842926, 15.9346113205, -20.6239337921, 34.117225647, -8.67531585693, 37.4811325073, -16.0432281494, 9.98889160156], [-147.210845947, 45.918384552, 39.2247161865, 47.3701934814, 139.358856201, 36.2754974365, 52.0638008118, 5.57293319702, 4.56838750839, 13.8816661835, -6.36103200912, 4.22510242462, -13.8986988068], [177.811767578, -143.970077515, 75.7423706055, 19.8528842926, 36.2754974365, 148.111572266, 23.1604595184, 33.7502174377, -25.5625419617, 15.2162075043, -2.81327104568, 4.55800819397, -12.4953289032], [-182.731811523, 169.544036865, -108.706367493, 15.9346113205, 52.0638008118, 23.1604595184, 170.61895752, 26.7642917633, 63.7403297424, -24.5278682709, 19.4430866241, -38.6131706238, 27.7910480499], [191.148330688, -76.0440597534, 4.75168466568, -20.6239337921, 5.57293319702, 33.7502174377, 26.7642917633, 124.134819031, 44.9005699158, 17.0758190155, -9.17260074615, -0.141015380621, -3.02321314812], [-106.918403625, 141.641464233, -134.173339844, 34.117225647, 4.56838750839, -25.5625419617, 63.7403297424, 44.9005699158, 130.723464966, -12.8203220367, 38.2400932312, -42.5804786682, 26.1410179138], [12.3369846344, -88.116569519, 83.2831878662, -8.67531585693, 13.8816661835, 15.2162075043, -24.5278682709, 17.0758190155, -12.8203220367, 80.0528793335, 2.24926066399, 30.5311985016, -26.7218151093], [-109.49836731, 80.9675445557, -65.4570770264, 37.4811325073, -6.36103200912, -2.81327104568, 19.4430866241, -9.17260074615, 38.2400932312, 2.24926066399, 88.3440246582, 1.5503937006, 28.5121231079], [95.6629486084, -90.6436004639, 81.0230026245, -16.0432281494, 4.22510242462, 4.55800819397, -38.6131706238, -0.141015380621, -42.5804786682, 30.5311985016, 1.5503937006, 88.3962249756, -0.478115409613], [-74.8045501709, 95.2939605713, -87.6319274902, 9.98889160156, -13.8986988068, -12.4953289032, 27.7910480499, -3.02321314812, 26.1410179138, -26.7218151093, 28.5121231079, -0.478115409613, 82.4601974487]],
        "icov": [[0.000172934000148, -0.000107488587673, 0.000222887931159, -0.00028754278901, 0.000311326934025, -0.000311650335789, 0.000218635352212, -0.000438283896074, 0.000280721404124, 1.0546204976e-05, 0.000315150828101, -0.000330337119522, 0.000271831057034], [-0.000107488587673, 0.0081915250048, -0.000210295722354, 0.00230935239233, -0.00454322528094, 0.00693749915808, -0.00506781274453, 0.00570809096098, -0.00417342595756, 0.00278120790608, -0.00415756925941, 0.00386218400672, -0.00418017199263], [0.000222887931159, -0.000210295722354, 0.0060480912216, -0.00259722350165, 4.29503197665e-05, -0.00160133175086, 0.00161151972134, -0.00191720947623, 0.00430269818753, -0.00301984813996, 0.00273068714887, -0.00260627409443, 0.0030365139246], [-0.00028754278901, 0.00230935239233, -0.00259722350165, 0.0106979496777, -0.00505051715299, 0.000778263085522, -0.000118169271445, 0.00510036712512, -0.00610457966104, 0.00309569342062, -0.00534529518336, 0.00322863599285, -0.0026867846027], [0.000311326934025, -0.00454322528094, 4.29503197665e-05, -0.00505051715299, 0.0138162346557, -0.00522636203095, -0.00149396678898, -0.00293016945943, 0.00249167438596, -0.00335900322534, 0.00524567766115, -0.00470758695155, 0.0044035394676], [-0.000311650335789, 0.00693749915808, -0.00160133175086, 0.000778263085522, -0.00522636203095, 0.0160339027643, -0.00662591354921, 0.00103979255073, 0.00106927973684, 0.00197804253548, -0.0059125572443, 0.00550503004342, -0.00389771256596], [0.000218635352212, -0.00506781274453, 0.00161151972134, -0.000118169271445, -0.00149396678898, -0.00662591354921, 0.0136848818511, -0.00437609665096, -6.57023265376e-05, -0.000189645536011, 0.00210056686774, -0.000545583025087, 0.000983273843303], [-0.000438283896074, 0.00570809096098, -0.00191720947623, 0.00510036712512, -0.00293016945943, 0.00103979255073, -0.00437609665096, 0.0183590184897, -0.0125858988613, 0.000299215113046, -4.15421709477e-05, 0.00102923484519, -0.00373054086231], [0.000280721404124, -0.00417342595756, 0.00430269818753, -0.00610457966104, 0.00249167438596, 0.00106927973684, -6.57023265376e-05, -0.0125858988613, 0.0235718972981, -0.00426057353616, -0.00205222913064, 0.00301707931794, 0.00240617501549], [1.0546204976e-05, 0.00278120790608, -0.00301984813996, 0.00309569342062, -0.00335900322534, 0.00197804253548, -0.000189645536011, 0.000299215113046, -0.00426057353616, 0.0207536872476, -0.00582313677296, -0.00295508350246, 0.00309208035469], [0.000315150828101, -0.00415756925941, 0.00273068714887, -0.00534529518336, 0.00524567766115, -0.0059125572443, 0.00210056686774, -4.15421709477e-05, -0.00205222913064, -0.00582313677296, 0.020868299529, -0.00645213527605, -0.000570708303712], [-0.000330337119522, 0.00386218400672, -0.00260627409443, 0.00322863599285, -0.00470758695155, 0.00550503004342, -0.000545583025087, 0.00102923484519, 0.00301707931794, -0.00295508350246, -0.00645213527605, 0.0208579748869, -0.00722364569083], [0.000271831057034, -0.00418017199263, 0.0030365139246, -0.0026867846027, 0.0044035394676, -0.00389771256596, 0.000983273843303, -0.00373054086231, 0.00240617501549, 0.00309208035469, -0.000570708303712, -0.00722364569083, 0.0208349395543]]
    },
    "melbands": {
        "dmean": [0.00112703011837, 0.00140169938095, 0.000583142216783, 0.000470564380521, 0.000250424753176, 0.000181753013749, 0.000116050323413, 0.000116918257845, 0.000191354483832, 0.000195687724045, 0.000195177533897, 0.000159801362315, 0.000120430253446, 6.29222267889e-05, 3.59325058525e-05, 3.57883582183e-05, 3.05730573018e-05, 3.56568380084e-05, 3.02205698972e-05, 2.80282110907e-05, 2.45911724051e-05, 2.30326695601e-05, 1.96033743123e-05, 1.78445261554e-05, 1.32677068905e-05, 1.24823000078e-05, 1.02886551758e-05, 8.67342987476e-06, 6.4059199758e-06, 5.26779149368e-06, 4.05173659601e-06, 3.27215025209e-06, 2.63054971583e-06, 2.06928825719e-06, 2.0517509256e-06, 1.99725559469e-06, 1.60390561632e-06, 1.28625390516e-06, 1.23749714476e-06, 1.13769488053e-06],
        "dmean2": [0.0017596820835, 0.00241448893212, 0.000994113273919, 0.000792765873484, 0.000416562135797, 0.000296686630463, 0.000194465377717, 0.000187541139894, 0.000304473622236, 0.00028906724765, 0.000300853513181, 0.000251738907536, 0.000181002556928, 0.000102064135717, 5.91773605265e-05, 5.90065210417e-05, 5.03996925545e-05, 5.96825557295e-05, 5.04010240547e-05, 4.6267396101e-05, 4.06360704801e-05, 3.81269455829e-05, 3.25789224007e-05, 2.96337457257e-05, 2.15552845475e-05, 2.14199062611e-05, 1.72799518623e-05, 1.40500596899e-05, 1.04753607957e-05, 8.84764904185e-06, 6.63260152578e-06, 5.29116323378e-06, 4.22110633735e-06, 3.18380693898e-06, 3.13355053549e-06, 3.07634172714e-06, 2.48533001468e-06, 1.98638690563e-06, 1.88221486042e-06, 1.69847919551e-06],
        "dvar": [3.98636711907e-06, 8.33957983559e-06, 9.62986973718e-07, 1.31221895572e-06, 2.29429545584e-07, 1.32628343863e-07, 4.69863188357e-08, 5.72451490655e-08, 1.45598420431e-07, 1.52396097519e-07, 1.98211864699e-07, 1.12821112452e-07, 8.8502005724e-08, 7.28259097471e-09, 2.68940869574e-09, 2.37776132117e-09, 1.98748684177e-09, 2.73040390297e-09, 1.9515555838e-09, 1.50282264411e-09, 9.14787579021e-10, 7.38010930146e-10, 7.92879262246e-10, 6.02103755742e-10, 2.91120710871e-10, 2.33329494614e-10, 1.54822155096e-10, 1.56737220425e-10, 1.38402317384e-10, 8.22114043508e-11, 3.12622011611e-11, 3.35169565713e-11, 2.35044622654e-11, 1.89604790202e-11, 2.00779393111e-11, 1.91658772186e-11, 1.72970335971e-11, 1.3577024921e-11, 1.54619234083e-11, 1.33389905024e-11],
        "dvar2": [9.6609492175e-06, 2.23309416469e-05, 2.64468008027e-06, 3.32442527906e-06, 5.27841109488e-07, 2.89596414405e-07, 1.25530874584e-07, 1.32137571995e-07, 3.23358477772e-07, 3.28102544245e-07, 4.57520883401e-07, 2.8290537557e-07, 2.00023464458e-07, 1.72796319475e-08, 6.83877754426e-09, 5.84890891275e-09, 4.50506298932e-09, 7.42741201876e-09, 5.11775599676e-09, 3.86783938211e-09, 2.27805485586e-09, 1.94774796292e-09, 1.99470884255e-09, 1.59662627564e-09, 6.76412925671e-10, 6.38326780322e-10, 4.14944856253e-10, 3.53093276839e-10, 3.12913167599e-10, 2.04621861122e-10, 7.68324431855e-11, 8.76756445223e-11, 5.04478299412e-11, 3.86821789877e-11, 4.21387924554e-11, 4.31030176828e-11, 3.82853991565e-11, 2.94792246169e-11, 3.64511580642e-11, 2.65926777127e-11],
        "max": [0.0151993818581, 0.0183438956738, 0.00770463049412, 0.00864995550364, 0.005313095171, 0.00697428546846, 0.00388129614294, 0.00402826629579, 0.00660716090351, 0.00646615773439, 0.00822830758989, 0.00498662563041, 0.00517455348745, 0.00118000002112, 0.000655082287267, 0.000725486024749, 0.000687789812218, 0.000681546982378, 0.000644342275336, 0.000595350051299, 0.000465869321488, 0.000345206266502, 0.000388539745472, 0.000362497521564, 0.000366100925021, 0.000203676667297, 0.000176425979589, 0.000207230114029, 0.000196667198907, 0.000129481515614, 8.01650021458e-05, 0.000105669358163, 7.46110454202e-05, 9.09389927983e-05, 8.15787425381e-05, 6.20540668024e-05, 6.09185008216e-05, 6.640880747e-05, 6.64181497996e-05, 5.53705067432e-05],
        "mean": [0.00146158947609, 0.00163292663638, 0.00088496634271, 0.000455595640233, 0.000339434365742, 0.000275165890343, 0.000173923559487, 0.000223395021749, 0.000331237039063, 0.000410825450672, 0.000461859192001, 0.000267889903625, 0.000229112352827, 0.000122904035379, 7.10626627551e-05, 7.17890070518e-05, 5.86396527069e-05, 6.19528727839e-05, 5.74111727474e-05, 5.81091990171e-05, 5.53815953026e-05, 5.28171367478e-05, 4.19005482399e-05, 3.91284920624e-05, 3.21647858073e-05, 2.97788319585e-05, 2.4297301934e-05, 1.99085843633e-05, 1.34187430376e-05, 1.09035818241e-05, 9.53091421252e-06, 7.71184750192e-06, 5.92409423916e-06, 4.27393433711e-06, 3.90939885619e-06, 3.6034441564e-06, 2.82219821202e-06, 2.33264586313e-06, 1.92812012756e-06, 1.59723822435e-06],
        "median": [0.000734252855182, 0.000888048671186, 0.000563427689485, 0.000140278891195, 0.000138148156111, 0.000139998315717, 0.000108460160845, 0.000119857482787, 0.000134660149342, 0.000125340069644, 0.000148410967086, 0.000124667480122, 8.82649619598e-05, 8.16869360278e-05, 5.12771475769e-05, 5.27307856828e-05, 4.09073509218e-05, 4.25664511567e-05, 3.90182722185e-05, 3.82139478461e-05, 4.08731830248e-05, 4.38933966507e-05, 3.08556845994e-05, 2.87939619739e-05, 2.47307325481e-05, 2.53739144682e-05, 2.15161962842e-05, 1.66821700986e-05, 9.63145066635e-06, 8.56655969983e-06, 7.85370048106e-06, 6.25387428954e-06, 4.08660071116e-06, 2.71886437986e-06, 2.33289733842e-06, 1.91075309885e-06, 1.31642843826e-06, 1.05414881091e-06, 7.59202578138e-07, 3.91162842561e-07],
        "min": [1.27205856959e-10, 1.83315237989e-10, 3.47754852692e-10, 1.47865247824e-10, 5.55907098132e-10, 6.3454040633e-11, 6.97548659459e-12, 1.96229872629e-11, 8.46027935208e-12, 2.49694188936e-12, 1.14999251441e-11, 8.56308860625e-12, 2.80287078269e-11, 3.75303468858e-11, 6.36234684728e-12, 1.29087799478e-11, 6.59634369696e-12, 1.62320862047e-12, 1.39006818209e-12, 1.92722964323e-12, 4.36341414389e-12, 8.27841354495e-12, 2.07446386458e-12, 7.30449121328e-13, 8.47488745848e-13, 2.325904443e-12, 2.89014450393e-12, 8.88957310541e-13, 2.06116035155e-13, 1.63748962306e-12, 2.45000352471e-12, 1.3778556204e-12, 4.42999342721e-13, 4.07563251811e-14, 1.90557696711e-14, 2.30155877131e-14, 1.08574876994e-14, 5.37590330867e-14, 7.01999290404e-14, 3.65042875485e-14],
        "var": [4.44416718892e-06, 6.71881616654e-06, 1.08112578801e-06, 1.13016710657e-06, 3.90033676467e-07, 2.6550083021e-07, 5.69870337586e-08, 1.72993892988e-07, 3.46440998555e-07, 6.62688876218e-07, 1.124685582e-06, 2.14801772813e-07, 2.72362342457e-07, 1.80158856722e-08, 5.66304070304e-09, 5.07186914689e-09, 4.173380308e-09, 4.50610260216e-09, 4.11830569647e-09, 4.44883418993e-09, 3.0610163293e-09, 1.94182714353e-09, 1.73106540213e-09, 1.42776801493e-09, 1.09099418388e-09, 6.50165643545e-10, 3.391874559e-10, 3.69064445671e-10, 2.75031969421e-10, 1.29031327289e-10, 6.91229642968e-11, 5.49182886667e-11, 5.73676835203e-11, 4.45216780109e-11, 4.35410110744e-11, 3.78961480252e-11, 3.31845488588e-11, 2.5911462212e-11, 2.37110938522e-11, 2.18915718886e-11]
    },
    "mfcc": {
        "mean": [-592.813659668, 98.8297958374, -15.0353717804, 23.971157074, -2.64974594116, 7.31979513168, 5.57046937943, 11.5560808182, 6.01720333099, 5.04914569855, -0.215080648661, 1.89549064636, -0.454760581255],
        "cov": [[6506.99365234, -160.11164856, -101.143318176, -49.718421936, -57.1341056824, -53.4630470276, -78.4011077881, 135.5362854, -41.4406089783, 68.1511383057, -66.6855773926, -129.174224854, -21.9599685669], [-160.11164856, 456.832580566, -209.769882202, 90.8704681396, -95.9497451782, -3.25861978531, -13.0623550415, 6.81505489349, 30.8744258881, 11.2415008545, 13.5673666, -2.37835717201, -14.5612878799], [-101.143318176, -209.769882202, 312.955718994, -26.3321304321, 86.7532196045, 20.5639457703, 23.5688667297, -41.8982391357, -41.375743866, -45.2156105042, -15.7319316864, 8.9536190033, 15.5838527679], [-49.718421936, 90.8704681396, -26.3321304321, 150.844650269, 14.8239116669, 25.5160293579, -6.74736261368, 0.554360449314, 10.1267261505, -11.0557489395, 7.84644079208, 26.9385890961, 11.7865009308], [-57.1341056824, -95.9497451782, 86.7532196045, 14.8239116669, 128.753173828, 26.211145401, 19.0694732666, -6.33627891541, -3.69419980049, -15.4357252121, 6.82643556595, 10.5123500824, 16.6142845154], [-53.4630470276, -3.25861978531, 20.5639457703, 25.5160293579, 26.211145401, 121.718215942, 54.0233879089, 3.28537344933, -4.7858915329, -5.55483913422, -2.47311758995, 1.11375522614, 7.90629005432], [-78.4011077881, -13.0623550415, 23.5688667297, -6.74736261368, 19.0694732666, 54.0233879089, 105.287910461, 21.0973968506, 19.5337581635, 1.84070754051, 6.37787008286, 3.06055593491, 8.32682418823], [135.5362854, 6.81505489349, -41.8982391357, 0.554360449314, -6.33627891541, 3.28537344933, 21.0973968506, 93.5774307251, 37.6448287964, 38.501247406, 6.58166217804, -5.2673830986, -0.813910424709], [-41.4406089783, 30.8744258881, -41.375743866, 10.1267261505, -3.69419980049, -4.7858915329, 19.5337581635, 37.6448287964, 90.1004714966, 39.5521697998, 16.9566116333, -5.02855443954, -0.479886829853], [68.1511383057, 11.2415008545, -45.2156105042, -11.0557489395, -15.4357252121, -5.55483913422, 1.84070754051, 38.501247406, 39.5521697998, 89.7928924561, 26.9272575378, 9.57388591766, -4.14321613312], [-66.6855773926, 13.5673666, -15.7319316864, 7.84644079208, 6.82643556595, -2.47311758995, 6.37787008286, 6.58166217804, 16.9566116333, 26.9272575378, 62.6859512329, 23.4255752563, 13.762462616], [-129.174224854, -2.37835717201, 8.9536190033, 26.9385890961, 10.5123500824, 1.11375522614, 3.06055593491, -5.2673830986, -5.02855443954, 9.57388591766, 23.4255752563, 75.2369308472, 21.3652362823], [-21.9599685669, -14.5612878799, 15.5838527679, 11.7865009308, 16.6142845154, 7.90629005432, 8.32682418823, -0.813910424709, -0.479886829853, -4.14321613312, 13.762462616, 21.3652362823, 61.569065094]],
