{
"lowlevel": {
    "average_loudness": 0.980623602867,
    "barkbands_crest": {
        "dmean": 2.90061950684,
        "dmean2": 4.81250619888,
        "dvar": 9.01879310608,
        "dvar2": 24.1079540253,
        "max": 24.7153148651,
        "mean": 10.0269937515,
        "median": 8.98012924194,
        "min": 2.47510528564,
        "var": 19.8647117615
    },
    "barkbands_flatness_db": {
        "dmean": 0.0183286145329,
        "dmean2": 0.0295878350735,
        "dvar": 0.000427621940617,
        "dvar2": 0.00117289402988,
        "max": 0.232917457819,
        "mean": 0.0891126096249,
        "median": 0.0839278548956,
        "min": 0.0299828778952,
        "var": 0.000910215370823
    },
    "barkbands_kurtosis": {
        "dmean": 1.78822350502,
        "dmean2": 3.02993893623,
        "dvar": 15.4283466339,
        "dvar2": 44.1057739258,
        "max": 65.9182662964,
        "mean": 1.00529372692,
        "median": -0.0496251583099,
        "min": -1.79041779041,
        "var": 13.8051691055
    },
    "barkbands_skewness": {
        "dmean": 0.494087278843,
        "dmean2": 0.799043059349,
        "dvar": 0.379573881626,
        "dvar2": 1.01318013668,
        "max": 7.87039041519,
        "mean": 1.14545655251,
        "median": 0.996883571148,
        "min": -2.15113759041,
        "var": 0.716086745262
    },
    "barkbands_spread": {
        "dmean": 7.16925764084,
        "dmean2": 11.5806398392,
        "dvar": 61.2649917603,
        "dvar2": 147.623779297,
        "max": 83.7273712158,
        "mean": 37.1658401489,
        "median": 36.8020401001,
        "min": 5.04597759247,
        "var": 142.610778809
    },
    "dissonance": {
        "dmean": 0.0116310939193,
        "dmean2": 0.0199257172644,
        "dvar": 0.000120533877634,
        "dvar2": 0.000343123683706,
        "max": 0.49993160367,
        "mean": 0.481349289417,
        "median": 0.485160112381,
        "min": 0.403046309948,
        "var": 0.000210539554246
    },
    "dynamic_complexity": 2.07749462128,
    "erbbands_crest": {
        "dmean": 2.54542422295,
        "dmean2": 4.22737360001,
        "dvar": 6.42661094666,
        "dvar2": 16.096534729,
        "max": 25.1893787384,
        "mean": 7.7467675209,
        "median": 6.74380922318,
        "min": 2.25957036018,
        "var": 14.5823421478
    },
    "erbbands_flatness_db": {
        "dmean": 0.0117930062115,
        "dmean2": 0.0178416520357,
        "dvar": 0.000116842413263,
        "dvar2": 0.000251609686529,
        "max": 0.230584278703,
        "mean": 0.118815213442,
        "median": 0.116675846279,
        "min": 0.0577648058534,
        "var": 0.000657553668134
    },
    "erbbands_kurtosis": {
        "dmean": 0.606239080429,
        "dmean2": 0.972537875175,
        "dvar": 0.543750584126,
        "dvar2": 1.24727582932,
        "max": 10.1751508713,
        "mean": 0.109970457852,
        "median": -0.107127904892,
        "min": -1.54516220093,
        "var": 1.11568653584
    },
    "erbbands_skewness": {
        "dmean": 0.279830247164,
        "dmean2": 0.430155068636,
        "dvar": 0.0593183599412,
        "dvar2": 0.140889808536,
        "max": 1.65631091595,
        "mean": -0.145058810711,
        "median": -0.209894642234,
        "min": -2.31758713722,
        "var": 0.274666368961
    },
    "erbbands_spread": {
        "dmean": 7.46638584137,
        "dmean2": 11.3495893478,
        "dvar": 53.216003418,
        "dvar2": 129.563293457,
        "max": 119.95199585,
        "mean": 41.9062271118,
        "median": 40.5070991516,
        "min": 9.59731578827,
        "var": 194.644760132
    },
    "hfc": {
        "dmean": 8.71800136566,
        "dmean2": 14.019077301,
        "dvar": 152.843994141,
        "dvar2": 383.327972412,
        "max": 138.31741333,
        "mean": 39.3940849304,
        "median": 37.1347045898,
        "min": 1.24239113404e-16,
        "var": 371.294189453
    },
    "melbands_crest": {
        "dmean": 3.14359593391,
        "dmean2": 5.26914787292,
        "dvar": 8.30667877197,
        "dvar2": 22.9241943359,
        "max": 28.7740688324,
        "mean": 14.4637498856,
        "median": 14.0351037979,
        "min": 3.0878610611,
        "var": 20.9879074097
    },
    "melbands_flatness_db": {
        "dmean": 0.0250870343298,
        "dmean2": 0.0403195098042,
        "dvar": 0.000785089039709,
        "dvar2": 0.00206075445749,
        "max": 0.350355505943,
        "mean": 0.152343526483,
        "median": 0.145737782121,
        "min": 0.00903680827469,
        "var": 0.00188861053903
    },
    "melbands_kurtosis": {
        "dmean": 7.19547557831,
        "dmean2": 11.9988384247,
        "dvar": 258.675415039,
        "dvar2": 738.564025879,
        "max": 291.716552734,
        "mean": 10.4515771866,
        "median": 6.01264858246,
        "min": -1.42510282993,
        "var": 245.131790161
    },
    "melbands_skewness": {
        "dmean": 0.804057598114,
        "dmean2": 1.28903210163,
        "dvar": 1.11872041225,
        "dvar2": 2.9768178463,
        "max": 14.6153049469,
        "mean": 2.66724538803,
        "median": 2.3854238987,
        "min": -0.190675675869,
        "var": 2.16102862358
    },
    "melbands_spread": {
        "dmean": 9.15918159485,
        "dmean2": 14.7443981171,
        "dvar": 97.2752914429,
        "dvar2": 214.019226074,
        "max": 161.133300781,
        "mean": 34.1483039856,
        "median": 32.8116722107,
        "min": 1.7965887785,
        "var": 270.304870605
    },
    "pitch_salience": {
        "dmean": 0.0696709305048,
        "dmean2": 0.114383809268,
        "dvar": 0.00451859412715,
        "dvar2": 0.0119464062154,
        "max": 0.807558894157,
        "mean": 0.523936569691,
        "median": 0.532018601894,
        "min": 0.131644442677,
        "var": 0.0106693981215
    },
    "silence_rate_20dB": {
        "dmean": 0,
        "dmean2": 0,
        "dvar": 0,
        "dvar2": 0,
        "max": 1,
        "mean": 1,
        "median": 1,
        "min": 1,
        "var": 0
    },
    "silence_rate_30dB": {
        "dmean": 0.0139318881556,
        "dmean2": 0.0278853606433,
        "dvar": 0.0137379607186,
        "dvar2": 0.0395015254617,
        "max": 1,
        "mean": 0.992266058922,
        "median": 1,
        "min": 0,
        "var": 0.00767406960949
    },
    "silence_rate_60dB": {
        "dmean": 0.00154798757285,
        "dmean2": 0.00309837330133,
        "dvar": 0.0015455794055,
        "dvar2": 0.00308882631361,
        "max": 1,
        "mean": 0.0340293906629,
        "median": 0,
        "min": 0,
        "var": 0.0328711569309
    },
    "spectral_centroid": {
        "dmean": 241.312347412,
        "dmean2": 378.201263428,
        "dvar": 97139.0625,
        "dvar2": 157071.125,
        "max": 10562.1933594,
        "mean": 2041.40490723,
        "median": 2040.94165039,
        "min": 534.45690918,
        "var": 239396.203125
    },
    "spectral_complexity": {
        "dmean": 4.63312673569,
        "dmean2": 7.46862888336,
        "dvar": 18.0868053436,
        "dvar2": 39.8105888367,
        "max": 62,
        "mean": 34.2791938782,
        "median": 37,
        "min": 0,
        "var": 120.295509338
    },
    "spectral_decrease": {
        "dmean": 3.41331962694e-09,
        "dmean2": 5.51753265299e-09,
        "dvar": 2.32610086936e-17,
        "dvar2": 5.98090890499e-17,
        "max": 4.36630526772e-29,
        "mean": -1.0203719647e-08,
        "median": -9.35214483633e-09,
        "min": -4.24995363346e-08,
        "var": 3.11887688957e-17
    },
    "spectral_energy": {
        "dmean": 0.0132499225438,
        "dmean2": 0.0213919170201,
        "dvar": 0.000338851154083,
        "dvar2": 0.000867051829118,
        "max": 0.163654133677,
        "mean": 0.0420843064785,
        "median": 0.0389401502907,
        "min": 1.11040588104e-20,
        "var": 0.000474212982226
    },
    "spectral_energyband_high": {
        "dmean": 0.000778322049882,
        "dmean2": 0.00125118449796,
        "dvar": 1.71397323356e-06,
        "dvar2": 4.16417879023e-06,
        "max": 0.0136699425057,
        "mean": 0.00245283311233,
        "median": 0.0019269665936,
        "min": 8.56840368951e-21,
        "var": 3.58831607628e-06
    },
    "spectral_energyband_low": {
        "dmean": 0.0107799656689,
        "dmean2": 0.0174467582256,
        "dvar": 0.000353852054104,
        "dvar2": 0.00093070580624,
        "max": 0.149358615279,
        "mean": 0.0207441877574,
        "median": 0.0163157396019,
        "min": 1.25492207373e-22,
        "var": 0.000392135698348
    },
    "spectral_energyband_middle_high": {
        "dmean": 0.00282327574678,
        "dmean2": 0.00449745589867,
        "dvar": 1.16519486255e-05,
        "dvar2": 2.91231681331e-05,
        "max": 0.042229861021,
        "mean": 0.0102159017697,
        "median": 0.00864882301539,
        "min": 1.32481517517e-21,
        "var": 3.86032079405e-05
    },
    "spectral_energyband_middle_low": {
        "dmean": 0.00440725311637,
        "dmean2": 0.00734525918961,
        "dvar": 5.33056008862e-05,
        "dvar2": 0.000147656857735,
        "max": 0.0714465156198,
        "mean": 0.0101615888998,
        "median": 0.0073501970619,
        "min": 3.31258849974e-22,
        "var": 7.97408647486e-05
    },
    "spectral_entropy": {
        "dmean": 0.0861410647631,
        "dmean2": 0.131362274289,
        "dvar": 0.0088066291064,
        "dvar2": 0.0149959223345,
        "max": 9.7937707901,
        "mean": 8.04504680634,
        "median": 8.04075622559,
        "min": 7.25601673126,
        "var": 0.0318288058043
    },
    "spectral_flux": {
        "dmean": 0.0260956380516,
        "dmean2": 0.0416995733976,
        "dvar": 0.000935399613809,
        "dvar2": 0.0020891148597,
        "max": 0.306393772364,
        "mean": 0.107843741775,
        "median": 0.0980050265789,
        "min": 1.05375798365e-10,
        "var": 0.00218074745499
    },
    "spectral_kurtosis": {
        "dmean": 0.645586490631,
        "dmean2": 1.0884526968,
        "dvar": 0.360474258661,
        "dvar2": 0.990988731384,
        "max": 6.0085735321,
        "mean": 2.47594690323,
        "median": 2.45491886139,
        "min": -1.15307474136,
        "var": 0.876534342766
    },
    "spectral_rms": {
        "dmean": 0.000921883620322,
        "dmean2": 0.0014715641737,
        "dvar": 1.21509731343e-06,
        "dvar2": 3.07957134282e-06,
        "max": 0.0126357655972,
        "mean": 0.00616689631715,
        "median": 0.00616363435984,
        "min": 3.29138691128e-12,
        "var": 3.02726971313e-06
    },
    "spectral_rolloff": {
        "dmean": 703.062683105,
        "dmean2": 1160.75927734,
        "dvar": 1000372.125,
        "dvar2": 1976601,
        "max": 18324.7558594,
        "mean": 2027.27050781,
        "median": 1830.32226562,
        "min": 86.1328125,
        "var": 1934227.875
    },
    "spectral_skewness": {
        "dmean": 0.119592882693,
        "dmean2": 0.19696700573,
        "dvar": 0.0133321369067,
        "dvar2": 0.0345668047667,
        "max": 1.7543913126,
        "mean": 1.16448736191,
        "median": 1.17115080357,
        "min": 0.0163524746895,
        "var": 0.0388451218605
    },
    "spectral_spread": {
        "dmean": 414798.625,
        "dmean2": 582317.6875,
        "dvar": 1.11224697651e+12,
        "dvar2": 1.21840100966e+12,
        "max": 39309232,
        "mean": 5162781.5,
        "median": 4993742,
        "min": 2824452.5,
        "var": 2.08682601677e+12
    },
    "spectral_strongpeak": {
        "dmean": 0.496432930231,
        "dmean2": 0.880891919136,
        "dvar": 0.969382464886,
        "dvar2": 2.47244000435,
        "max": 10.0585279465,
        "mean": 0.692633330822,
        "median": 0.363084405661,
        "min": 0,
        "var": 1.13098025322
    },
    "zerocrossingrate": {
        "dmean": 0.011695696041,
        "dmean2": 0.014581493102,
        "dvar": 0.000317708880175,
        "dvar2": 0.000337696168572,
        "max": 0.51904296875,
        "mean": 0.0817487761378,
        "median": 0.07666015625,
        "min": 0.0283203125,
        "var": 0.000942674349062
    },
    "barkbands": {
        "dmean": [0.000256040890235, 0.00944123417139, 0.00239084474742, 0.00133588234894, 0.00163268891629, 0.000994478934444, 0.00106326967943, 0.000755340850446, 0.000661279133055, 0.0011485995492, 0.000429698935477, 0.000964338018093, 0.000451131549198, 0.000684630416799, 0.000518504530191, 0.00046234484762, 0.000408837426221, 0.000262102112174, 0.00035217354889, 0.000270674965577, 0.000251014687819, 0.00023901356326, 0.00017845374532, 0.000154947440024, 7.97683896963e-05, 4.01735960622e-05, 3.69465965377e-06],
        "dmean2": [0.000436806789367, 0.0154558010399, 0.0039594755508, 0.00220891367644, 0.00277714291587, 0.00159083202016, 0.00180848839227, 0.001166997361, 0.0010252710199, 0.00189127819613, 0.000699124415405, 0.0014571333304, 0.000745986704715, 0.00108075665776, 0.000842731853481, 0.000745827157516, 0.000690608285367, 0.000437333947048, 0.000587357906625, 0.00045250041876, 0.000425999984145, 0.000412582419813, 0.000296216952847, 0.000228826014791, 0.00012146289373, 5.95858473389e-05, 5.83043174629e-06],
        "dvar": [1.8095548171e-07, 0.000301642052364, 1.68940769072e-05, 4.2842862058e-06, 9.42689257499e-06, 4.60764658783e-06, 7.02048237144e-06, 2.17954720938e-06, 1.99493729269e-06, 5.5667505876e-06, 8.61372484451e-07, 3.39111602443e-06, 4.99988914271e-07, 1.47511707382e-06, 8.69049813446e-07, 1.30220018946e-06, 3.03404931401e-07, 1.99885761276e-07, 1.60835938345e-07, 1.41669104892e-07, 1.21940843201e-07, 1.4461627984e-07, 9.63594004588e-08, 1.99080744778e-07, 2.38139072906e-08, 6.73940725449e-09, 7.30399352111e-11],
        "dvar2": [4.74452434673e-07, 0.000819240114652, 4.8022277042e-05, 1.15744051072e-05, 2.6167532269e-05, 9.48680190049e-06, 1.91789986275e-05, 5.38101721759e-06, 4.58067552245e-06, 1.48679382619e-05, 2.08519804801e-06, 7.29216480977e-06, 1.3267246004e-06, 3.78600520889e-06, 2.2309295673e-06, 2.76043488157e-06, 8.2173841065e-07, 5.33093384547e-07, 4.30514717209e-07, 3.73247587504e-07, 3.40372480423e-07, 4.15599231474e-07, 2.43271330191e-07, 3.80370295261e-07, 5.02074044562e-08, 1.5226650163e-08, 1.76787959272e-10],
        "max": [0.00425784336403, 0.140204370022, 0.0452413633466, 0.026238694787, 0.0292709488422, 0.0271161161363, 0.0246171783656, 0.0237407833338, 0.0177043098956, 0.0331375449896, 0.0208604112267, 0.0293051358312, 0.0118788909167, 0.0211799778044, 0.0156622994691, 0.0261233448982, 0.00567803811282, 0.0102988546714, 0.00397001858801, 0.00681767892092, 0.00317147420719, 0.00386292929761, 0.00447678752244, 0.00665497034788, 0.00216532964259, 0.00115344347432, 0.000153155677253],
        "mean": [0.000331626448315, 0.0149843357503, 0.00426367856562, 0.00224739871919, 0.0023672087118, 0.00149063428398, 0.00125189230312, 0.00136280257721, 0.000901243882254, 0.00173296639696, 0.000786770542618, 0.00161683664192, 0.0008013654151, 0.00121423858218, 0.000974630820565, 0.000820884015411, 0.000805021147244, 0.000527712865733, 0.000813065329567, 0.000654673378449, 0.00056466209935, 0.000522282498423, 0.000413761008531, 0.00033560526208, 0.00019766628975, 9.57083248068e-05, 5.70920110476e-06],
        "median": [0.000158915718202, 0.0101738031954, 0.00288254860789, 0.00131072010845, 0.00140472780913, 0.000594125071075, 0.000452680396847, 0.000513652572408, 0.00035441541695, 0.000848410127219, 0.000296283222269, 0.000632738461718, 0.000504760129843, 0.000776022381615, 0.000611199531704, 0.000430962973041, 0.000564094167203, 0.00042056752136, 0.000695774215274, 0.000536423642188, 0.000462522322778, 0.000388106767787, 0.000290371244773, 0.000170646279003, 0.000128476080135, 5.18269262102e-05, 2.17940987568e-06],
        "min": [2.73332825258e-23, 8.36399682854e-23, 7.23241877403e-24, 1.48445730997e-23, 5.78680087295e-23, 8.06279206444e-23, 1.92638034452e-23, 7.74567376707e-23, 7.64056026026e-23, 5.21961619299e-23, 4.06335878283e-23, 2.73982120892e-23, 3.96388563149e-23, 6.12106206442e-23, 1.78622696159e-22, 1.809099384e-22, 2.22186776032e-22, 2.2233869171e-22, 1.60702161907e-22, 3.22360473719e-22, 3.66958175949e-22, 6.79681243274e-22, 6.2273603772e-22, 6.29696693913e-22, 1.53195778052e-21, 2.13485824526e-21, 2.57420989618e-21],
        "var": [2.32241561093e-07, 0.000306727015413, 2.05812684726e-05, 6.81107030687e-06, 1.02387330116e-05, 7.61118371884e-06, 6.31918510408e-06, 5.80071946388e-06, 3.04313539345e-06, 8.40279062686e-06, 3.15061015499e-06, 8.15854309621e-06, 9.57358679443e-07, 2.35989500652e-06, 1.92347488337e-06, 2.29931060858e-06, 5.59645570775e-07, 2.57658854252e-07, 3.28485555201e-07, 2.5361993039e-07, 1.67583621646e-07, 2.1734207678e-07, 1.63270883036e-07, 3.97249635853e-07, 5.02114794187e-08, 1.60008291061e-08, 9.99022115034e-11]
    },
    "erbbands": {
        "dmean": [0.277665823698, 2.13634395599, 2.84765052795, 3.35999250412, 5.94568014145, 4.90880584717, 5.50554895401, 9.23721790314, 13.3099470139, 16.2842483521, 14.3164777756, 14.1797218323, 34.2761230469, 20.1171264648, 19.4258327484, 39.3865814209, 20.5042915344, 30.8100452423, 24.3561725616, 31.0424938202, 18.8636341095, 22.2530994415, 12.7036619186, 16.4684944153, 17.3286685944, 13.2861175537, 10.3897447586, 9.62777996063, 9.20554542542, 6.31889867783, 5.13521051407, 3.98794102669, 2.210688591, 1.14794874191, 0.503633677959, 0.205442279577, 0.0691739693284, 0.0153450686485, 0.000363791681593, 2.14810261241e-05],
        "dmean2": [0.471325576305, 3.46866869926, 4.57620000839, 5.47174596786, 10.2222709656, 8.33490180969, 8.88454818726, 14.4262065887, 21.8337097168, 27.6984100342, 21.8291664124, 22.3760623932, 54.8264007568, 32.4385375977, 30.1014442444, 58.7082557678, 33.1570968628, 48.3260688782, 38.5941505432, 49.8041534424, 30.7780132294, 37.0749092102, 21.2995681763, 27.2851352692, 28.6700496674, 22.3789405823, 17.6422519684, 16.3167381287, 16.0866069794, 10.6852970123, 8.46275138855, 6.03820371628, 3.31862568855, 1.76516675949, 0.775177657604, 0.311791986227, 0.103220850229, 0.0233948882669, 0.000548431533389, 3.28236856149e-05],
        "dvar": [0.253387451172, 15.9221830368, 24.8681125641, 20.8892345428, 161.826873779, 73.6129608154, 167.904815674, 426.605651855, 927.372314453, 1525.73059082, 844.414550781, 1129.36828613, 4940.54931641, 1468.43310547, 1485.38000488, 6405.69482422, 1031.27832031, 4027.86376953, 1508.16564941, 4769.41015625, 1360.80432129, 949.198730469, 265.095062256, 566.456420898, 361.30065918, 358.104949951, 254.671951294, 173.359069824, 247.810073853, 96.8270492554, 89.666519165, 121.346473694, 33.4269065857, 5.72643232346, 0.747811734676, 0.151468813419, 0.0203355047852, 0.00134295294993, 7.26993164335e-07, 9.87929738017e-10],
        "dvar2": [0.718256354332, 42.4474983215, 68.2781677246, 57.1677284241, 451.87789917, 195.177581787, 381.759185791, 894.800842285, 2470.39697266, 4146.41845703, 2147.47998047, 2606.02514648, 13165.8417969, 3930.26147461, 3498.93994141, 13794.1640625, 2689.13916016, 10317.0957031, 3771.66113281, 11282.0322266, 3068.18676758, 2484.67016602, 679.745300293, 1353.32421875, 977.210876465, 962.375305176, 724.176635742, 467.082000732, 719.084228516, 259.995239258, 220.370285034, 233.756027222, 65.4018173218, 12.0532369614, 1.65731871128, 0.348281055689, 0.0439825728536, 0.00326656084508, 1.73544299287e-06, 2.29962049403e-09],
        "max": [4.20922422409, 32.4953422546, 49.6611557007, 55.162612915, 115.620399475, 90.6125640869, 207.873275757, 316.470672607, 506.143218994, 499.211212158, 505.99621582, 543.989257812, 867.424133301, 699.799987793, 719.078796387, 1373.62915039, 660.095703125, 1242.84155273, 561.290466309, 1136.40515137, 678.708679199, 379.654876709, 286.854827881, 419.771331787, 213.424087524, 343.189117432, 188.187973022, 141.100875854, 177.34286499, 131.640869141, 132.746734619, 151.489959717, 92.3969955444, 35.6914634705, 11.476773262, 6.35959720612, 2.0477013588, 0.597138047218, 0.0138282859698, 0.000396732473746],
        "mean": [0.429240137339, 3.36081576347, 5.28524971008, 6.59405231476, 8.29494667053, 6.96073865891, 8.51589488983, 13.0902347565, 17.3271999359, 23.5495166779, 26.3334579468, 20.6885662079, 52.6439285278, 34.8820495605, 37.3399772644, 66.9299621582, 41.9030075073, 56.7408828735, 51.641544342, 57.5655136108, 39.3693275452, 46.0678939819, 28.7665615082, 36.2362556458, 40.4243087769, 32.4703674316, 23.3258266449, 22.0076713562, 19.1621570587, 14.6617631912, 11.6226844788, 8.40621089935, 4.7881860733, 2.6110599041, 1.22219574451, 0.497238069773, 0.152857303619, 0.028157800436, 0.000687935214955, 7.44641874917e-05],
        "median": [0.293471068144, 2.21658873558, 3.8368704319, 4.96798610687, 4.70975637436, 4.01197528839, 4.34125471115, 4.68873882294, 6.37340354919, 10.4841279984, 10.4827566147, 9.07681465149, 24.4426956177, 22.8568592072, 16.9954013824, 27.1137866974, 27.9065856934, 37.719783783, 33.5190238953, 31.6616458893, 27.2382316589, 33.5590019226, 24.3688812256, 30.4625225067, 34.1069221497, 27.5103492737, 19.1926136017, 17.264125824, 13.8367490768, 10.7830648422, 8.08992385864, 4.47739458084, 2.50233459473, 1.56730771065, 0.813916385174, 0.291699886322, 0.0808771923184, 0.0120593020692, 0.000329031347064, 6.50572837912e-05],
        "min": [4.13051507967e-21, 1.20575880304e-20, 7.86930844052e-21, 3.77312426432e-20, 3.32608516514e-20, 1.95061092086e-19, 5.51076719672e-19, 7.90873070529e-19, 3.03496676799e-19, 4.98398549542e-19, 2.164375355e-18, 2.10788553661e-18, 1.25851115123e-18, 2.20157221958e-18, 1.10530603145e-18, 1.45176328979e-18, 1.74971984689e-18, 2.91543363771e-18, 4.72522292709e-18, 1.20743843528e-17, 1.04760149833e-17, 1.31760904942e-17, 1.26613988647e-17, 1.07555987216e-17, 9.15071199615e-18, 1.53773587249e-17, 1.47666099196e-17, 1.61280681442e-17, 2.92566139511e-17, 1.55389004811e-17, 1.86216206443e-17, 1.54448550085e-17, 1.06455663294e-17, 1.5725158394e-17, 1.13283046634e-17, 7.44373546664e-18, 4.30515869175e-18, 1.42912914669e-18, 3.85249495828e-19, 3.70425049233e-20],
        "var": [0.250497967005, 16.4175739288, 28.5033226013, 36.2807769775, 153.445022583, 91.0384979248, 256.159118652, 664.756835938, 982.430480957, 1872.27575684, 2077.49169922, 1650.65136719, 8663.16210938, 2008.32092285, 4581.23486328, 14370.4638672, 2527.69677734, 5353.49267578, 3524.44238281, 7942.93505859, 2495.93652344, 1770.51916504, 453.888061523, 976.535095215, 774.280090332, 614.3671875, 303.296844482, 272.610290527, 313.115661621, 182.03465271, 147.58757019, 237.947189331, 67.0262985229, 10.9330635071, 1.71672344208, 0.380631089211, 0.0443882085383, 0.00203111534938, 1.12561735932e-06, 1.88450743899e-09]
    },
    "gfcc": {
        "mean": [62.0403747559, 64.6546936035, -115.591674805, 50.1329231262, -50.9754676819, 30.4338474274, -30.3615169525, 14.9674978256, -22.8717880249, 9.74754810333, -17.0154953003, 2.87248182297, -13.8475608826],
        "cov": [[7606.31445312, -303.709899902, -121.432830811, -52.8450431824, -97.4995498657, 148.365249634, -17.9700660706, 184.39604187, -116.90637207, 81.6145858765, -50.0562515259, 132.522293091, -80.9994735718], [-303.709899902, 461.889312744, -250.468414307, 5.90549230576, -59.9949073792, -66.4955749512, 32.5816574097, -40.3468284607, 62.1943283081, -23.7781772614, 32.0847511292, -76.4058456421, 38.1289024353], [-121.432830811, -250.468414307, 398.034423828, 45.7582817078, 74.3814926147, 28.4661617279, -20.4432201385, 16.9863395691, -42.1698150635, 18.4320735931, -27.4704036713, 68.0807647705, -31.747379303], [-52.8450431824, 5.90549230576, 45.7582817078, 145.200759888, 44.4002571106, 2.43731927872, -13.8548822403, -15.9327774048, 19.1876430511, -0.744345724583, 10.2863664627, -18.5175857544, 3.00331497192], [-97.4995498657, -59.9949073792, 74.3814926147, 44.4002571106, 222.93170166, 55.941444397, 37.9365730286, 23.0965747833, 2.95993232727, 25.0405788422, -9.73651981354, 38.4345779419, -9.63783931732], [148.365249634, -66.4955749512, 28.4661617279, 2.43731927872, 55.941444397, 94.0474700928, 49.1999931335, 23.9614162445, -18.9131031036, -3.37175440788, 3.66353607178, 18.4832687378, -6.94514751434], [-17.9700660706, 32.5816574097, -20.4432201385, -13.8548822403, 37.9365730286, 49.1999931335, 120.00743866, 41.4232788086, -0.423127442598, -16.5420894623, -0.174259439111, 9.65503501892, -3.17132592201], [184.39604187, -40.3468284607, 16.9863395691, -15.9327774048, 23.0965747833, 23.9614162445, 41.4232788086, 76.9385604858, 20.6093635559, -1.35379469395, -15.8711509705, 7.06966114044, -2.89069485664], [-116.90637207, 62.1943283081, -42.1698150635, 19.1876430511, 2.95993232727, -18.9131031036, -0.423127442598, 20.6093635559, 79.0540618896, 19.4634552002, -4.01321554184, -32.4770088196, 9.5832452774], [81.6145858765, -23.7781772614, 18.4320735931, -0.744345724583, 25.0405788422, -3.37175440788, -16.5420894623, -1.35379469395, 19.4634552002, 63.7026824951, 23.5585098267, 12.838133812, -6.43885374069], [-50.0562515259, 32.0847511292, -27.4704036713, 10.2863664627, -9.73651981354, 3.66353607178, -0.174259439111, -15.8711509705, -4.01321554184, 23.5585098267, 75.4091873169, 26.1570091248, 6.92604351044], [132.522293091, -76.4058456421, 68.0807647705, -18.5175857544, 38.4345779419, 18.4832687378, 9.65503501892, 7.06966114044, -32.4770088196, 12.838133812, 26.1570091248, 93.2355041504, 5.09909105301], [-80.9994735718, 38.1289024353, -31.747379303, 3.00331497192, -9.63783931732, -6.94514751434, -3.17132592201, -2.89069485664, 9.5832452774, -6.43885374069, 6.92604351044, 5.09909105301, 53.5888595581]],
        "icov": [[0.000211858132388, -0.000126112077851, 0.000385509076295, -0.000493954401463, 0.000448595616035, -0.000514299434144, 0.000408151943702, -0.000935654214118, 0.00078718009172, -0.00092375575332, 0.000825077644549, -0.000688178348355, 0.000360812060535], [-0.000126112077851, 0.0053468211554, 0.00144739786629, 0.000705284706783, -0.00100283569191, 0.0039007361047, -0.00365286064334, 0.00394624844193, -0.00344086997211, 0.00304671586491, -0.00336842774414, 0.002783336211, -0.00170319119934], [0.000385509076295, 0.00144739786629, 0.00549041852355, -0.00327178835869, 0.00083369447384, -0.00032444903627, 0.00079348863801, -0.00205966690555, 0.00256731593981, -0.00301716150716, 0.00411841087043, -0.00418536597863, 0.00207696435973], [-0.000493954401463, 0.000705284706783, -0.00327178835869, 0.011795331724, -0.0043026432395, 0.00111760396976, 1.61993211805e-05, 0.00524047762156, -0.0061448845081, 0.00703123398125, -0.0074546597898, 0.00625050766394, -0.0018806788139], [0.000448595616035, -0.00100283569191, 0.00083369447384, -0.0043026432395, 0.0085657350719, -0.00488719670102, -0.0003769074101, -0.00204565515742, 0.00130333309062, -0.00646691583097, 0.00650104647502, -0.0058581684716, 0.00160821061581], [-0.000514299434144, 0.0039007361047, -0.00032444903627, 0.00111760396976, -0.00488719670102, 0.0209319293499, -0.00829530134797, 0.000726357742678, 0.0017492963234, 0.00374339427799, -0.00644021714106, 0.005062174052, -0.00193786248565], [0.000408151943702, -0.00365286064334, 0.00079348863801, 1.61993211805e-05, -0.0003769074101, -0.00829530134797, 0.0168828833848, -0.00949771236628, 0.00249372445978, 0.00159102899488, 0.000967657193542, -0.00316134584136, 0.00295001687482], [-0.000935654214118, 0.00394624844193, -0.00205966690555, 0.00524047762156, -0.00204565515742, 0.000726357742678, -0.00949771236628, 0.0281986575574, -0.0153889460489, 0.00722634838894, -0.00136812601704, 0.000754054693971, -0.00132533046417], [0.00078718009172, -0.00344086997211, 0.00256731593981, -0.0061448845081, 0.00130333309062, 0.0017492963234, 0.00249372445978, -0.0153889460489, 0.0300253480673, -0.0157413855195, 0.00598938111216, 0.00410881405696, -0.00314390403219], [-0.00092375575332, 0.00304671586491, -0.00301716150716, 0.00703123398125, -0.00646691583097, 0.00374339427799, 0.00159102899488, 0.00722634838894, -0.0157413855195, 0.0325721204281, -0.0157211944461, 0.00292362645268, 0.00254286127165], [0.000825077644549, -0.00336842774414, 0.00411841087043, -0.0074546597898, 0.00650104647502, -0.00644021714106, 0.000967657193542, -0.00136812601704, 0.00598938111216, -0.0157211944461, 0.0284482110292, -0.0136316334829, 0.00147970428225], [-0.000688178348355, 0.002783336211, -0.00418536597863, 0.00625050766394, -0.0058581684716, 0.005062174052, -0.00316134584136, 0.000754054693971, 0.00410881405696, 0.00292362645268, -0.0136316334829, 0.0252223387361, -0.0074159335345], [0.000360812060535, -0.00170319119934, 0.00207696435973, -0.0018806788139, 0.00160821061581, -0.00193786248565, 0.00295001687482, -0.00132533046417, -0.00314390403219, 0.00254286127165, 0.00147970428225, -0.0074159335345, 0.0232769660652]]
    },
    "melbands": {
        "dmean": [0.00261455820873, 0.00182758143637, 0.000634573574644, 0.000414343026932, 0.000174819942913, 0.000203332048841, 0.000209583289688, 0.00018580610049, 0.000107622174255, 9.46633736021e-05, 0.000179699680302, 9.57604570431e-05, 6.35216347291e-05, 9.86742670648e-05, 8.8464388682e-05, 4.13026573369e-05, 6.3301420596e-05, 4.50246770924e-05, 4.18501804234e-05, 4.2822000978e-05, 2.29295201279e-05, 2.69505981123e-05, 1.42437738759e-05, 1.38332316055e-05, 1.49179786604e-05, 1.39543271871e-05, 1.20201812024e-05, 9.4364531833e-06, 6.78587730363e-06, 7.40102177588e-06, 5.65567597732e-06, 5.95779192736e-06, 4.62508114651e-06, 3.61482148037e-06, 3.19489822687e-06, 2.88631395051e-06, 2.52311542681e-06, 1.7159646859e-06, 1.27604994304e-06, 9.41599353155e-07],
        "dmean2": [0.00437551597133, 0.00295976339839, 0.00104309490416, 0.000710058433469, 0.000279829167994, 0.000317683152389, 0.000345751992427, 0.000308521615807, 0.000164652330568, 0.000147401180584, 0.000289011746645, 0.000153020591824, 0.000101451951195, 0.000149240309838, 0.000137638111482, 6.7437562393e-05, 9.96825328912e-05, 7.19301460776e-05, 6.77564239595e-05, 6.92541216267e-05, 3.81996069336e-05, 4.53939246654e-05, 2.38792090386e-05, 2.29389061133e-05, 2.48633205047e-05, 2.34083836403e-05, 2.03620566026e-05, 1.57216527441e-05, 1.15486454888e-05, 1.27650200739e-05, 9.50978028413e-06, 1.04194550659e-05, 7.95039250079e-06, 6.18646708972e-06, 5.36268362339e-06, 4.64082404505e-06, 3.82843609259e-06, 2.6046907351e-06, 1.98190627998e-06, 1.45681474351e-06],
        "dvar": [2.35843599512e-05, 1.05473909571e-05, 8.74931231465e-07, 6.92445723871e-07, 1.2644525782e-07, 1.98789166461e-07, 2.29831016441e-07, 1.55836048066e-07, 4.49104753386e-08, 4.71419703274e-08, 1.32027949462e-07, 3.72904835899e-08, 1.9151617181e-08, 4.34662688065e-08, 2.64358579471e-08, 3.99106570015e-09, 1.76238277305e-08, 5.98984284395e-09, 6.71490862914e-09, 1.44372460653e-08, 1.63140612131e-09, 1.36668265593e-09, 2.89901380679e-10, 5.70987368498e-10, 4.51093190579e-10, 2.98184810177e-10, 2.02930283688e-10, 1.72807351762e-10, 1.18813806016e-10, 9.26821744351e-11, 6.21478493668e-11, 1.12730949575e-10, 4.67772730273e-11, 3.20863023651e-11, 3.35987869471e-11, 3.65244466616e-11, 5.58886409374e-11, 2.07706733757e-11, 7.45636885569e-12, 4.19882271313e-12],
        "dvar2": [6.56315605738e-05, 2.66628831014e-05, 2.37888571064e-06, 1.94534845832e-06, 2.68545051085e-07, 4.14742345356e-07, 6.17052592133e-07, 4.19072875957e-07, 1.165886232e-07, 1.07954313933e-07, 3.51709303459e-07, 9.94596121018e-08, 4.52562183284e-08, 9.26594339035e-08, 6.15726278852e-08, 1.05104156489e-08, 4.57331346126e-08, 1.49585179798e-08, 1.6544115411e-08, 3.2516091153e-08, 4.26877200255e-09, 3.65785846057e-09, 7.526754775e-10, 1.52595558411e-09, 1.06558872837e-09, 8.09761036002e-10, 5.45445633104e-10, 4.61293198084e-10, 3.34652916489e-10, 2.60496957338e-10, 1.6519506596e-10, 3.28286481333e-10, 1.2850467912e-10, 8.58009982507e-11, 8.70953587029e-11, 7.5299121105e-11, 1.10930986619e-10, 4.07551319082e-11, 1.54878488506e-11, 9.50739226929e-12],
        "max": [0.0380295217037, 0.0285998247564, 0.0096293753013, 0.00776191893965, 0.00564389955252, 0.00623574713245, 0.00662280293182, 0.00458599952981, 0.00333113153465, 0.00309755350463, 0.00473934737965, 0.00352432625368, 0.00303290132433, 0.00380994239822, 0.00298017752357, 0.000994605128653, 0.0026595084928, 0.00083808589261, 0.00133213354275, 0.00270778732374, 0.000560075393878, 0.000449803424999, 0.000179924914846, 0.000539753236808, 0.000327014888171, 0.000197873247089, 0.000178079426405, 0.000250620447332, 0.00012640983914, 0.000102919701021, 0.000101123958302, 0.000140122472658, 7.9224271758e-05, 6.81062010699e-05, 8.65813635755e-05, 8.36735634948e-05, 0.000100893223134, 7.2291426477e-05, 4.01890029025e-05, 3.84666927857e-05],
        "mean": [0.00412992481142, 0.00341714569367, 0.00121701986063, 0.000574373931158, 0.000286981579848, 0.000297927996144, 0.000264118541963, 0.000288658746285, 0.000191440005437, 0.000129180538352, 0.000272870907793, 0.000152808177518, 0.000118992582429, 0.000161690200912, 0.000151688407641, 7.8994067735e-05, 0.000108982814709, 8.44059832161e-05, 7.81181879574e-05, 7.08286970621e-05, 4.09074018535e-05, 5.26467883901e-05, 2.7687412512e-05, 2.60145079665e-05, 2.95103782264e-05, 3.01209020108e-05, 2.63116453425e-05, 2.05594642466e-05, 1.37881252158e-05, 1.46283546201e-05, 1.20415834317e-05, 1.10486753329e-05, 9.61983550951e-06, 7.56234521759e-06, 6.74000011713e-06, 5.94814991928e-06, 4.84904830955e-06, 3.48681942341e-06, 2.67114819508e-06, 2.00870363187e-06],
        "median": [0.0028238396626, 0.00258349161595, 0.000889896939043, 0.000339191115927, 0.000152108303155, 0.000110332141048, 9.50564062805e-05, 0.000118063813716, 8.31084980746e-05, 4.86144344904e-05, 0.000126952800201, 9.49299137574e-05, 4.70486556878e-05, 6.00838357059e-05, 6.19649435976e-05, 5.48130774405e-05, 6.82870595483e-05, 5.11122780154e-05, 4.75902743347e-05, 3.26542067342e-05, 2.91796131933e-05, 3.48858520738e-05, 2.32798811339e-05, 1.91090784938e-05, 2.33647006098e-05, 2.51544679486e-05, 2.14915653487e-05, 1.69117247424e-05, 1.11551416921e-05, 1.19822125271e-05, 9.02942610992e-06, 7.77656623541e-06, 6.90912020218e-06, 5.37130290468e-06, 4.73498630527e-06, 3.65784126188e-06, 2.33178093367e-06, 1.80542656381e-06, 1.53203905029e-06, 1.19962840017e-06],
        "min": [3.13820069922e-23, 8.22396644479e-24, 6.28597185894e-24, 5.51386359833e-24, 1.85930066185e-23, 1.61856539935e-23, 5.10952347503e-24, 6.5868150092e-24, 1.8043735392e-23, 1.23825879128e-23, 6.0305292315e-24, 9.12119001712e-24, 4.25977315755e-24, 2.33760548803e-24, 5.28267528828e-24, 3.60146912657e-24, 5.51217188612e-24, 6.57483260648e-24, 1.37752405883e-23, 1.50765912914e-23, 1.17186865192e-23, 1.39903755789e-23, 1.01572444313e-23, 1.18127242612e-23, 8.53635772984e-24, 5.02415452559e-24, 8.87780512862e-24, 1.07728912033e-23, 8.61198424711e-24, 8.23063863033e-24, 8.82214704745e-24, 2.03619404238e-23, 9.05277447739e-24, 8.40471498856e-24, 1.00099853995e-23, 1.12406281332e-23, 9.60097206423e-24, 6.10195940317e-24, 1.12587537902e-23, 1.40550511291e-23],
        "var": [2.29197521548e-05, 1.19117685244e-05, 1.28993042381e-06, 6.64492972646e-07, 2.33384199078e-07, 3.22928855212e-07, 2.30230767784e-07, 2.34252951259e-07, 1.00529774727e-07, 7.06485678847e-08, 2.2969599911e-07, 4.52350157332e-08, 7.03106479705e-08, 9.69926929884e-08, 6.2001653589e-08, 8.31423374592e-09, 2.25720864222e-08, 1.16174740938e-08, 1.42017277938e-08, 2.19698996773e-08, 2.31419927665e-09, 2.73084688196e-09, 4.65787908244e-10, 7.86410214726e-10, 7.65307428541e-10, 5.18322829102e-10, 3.98679644853e-10, 2.8036542532e-10, 1.31863825414e-10, 1.18681633965e-10, 9.85671891329e-11, 1.20559187633e-10, 8.55268286748e-11, 5.32681537768e-11, 4.93280034874e-11, 7.04755837022e-11, 1.02417060943e-10, 3.99539568097e-11, 1.48249659077e-11, 6.8046549298e-12]
    },
    "mfcc": {
        "mean": [-576.314697266, 88.4818191528, 1.17522120476, 27.0634765625, 7.58040428162, 18.2543010712, 7.8590221405, 8.86297607422, 3.51899504662, 7.98173141479, 3.05682373047, 1.52401077747, 1.75181281567],
        "cov": [[5117.45166016, 140.513931274, -197.497756958, -7.97873258591, -72.1771621704, -29.9955558777, 27.6842308044, 66.2394943237, 17.3299751282, 66.0961761475, -17.9321613312, 23.9308357239, -14.8348865509], [140.513931274, 325.017578125, -145.410003662, 2.09225344658, -65.1146392822, -5.90869426727, -20.2895317078, -1.63906109333, 6.80772829056, 20.5491943359, 2.21040320396, -3.49322295189, 16.5802116394], [-197.497756958, -145.410003662, 291.3956604, 28.9477863312, 34.0082702637, -7.98174095154, 0.911726534367, -9.36163043976, -11.7701425552, -42.3986473083, 3.55246329308, 6.43102407455, -16.2366523743], [-7.97873258591, 2.09225344658, 28.9477863312, 130.525619507, 58.9209747314, 27.6116123199, -7.8138256073, -5.00309944153, 9.29469013214, 2.43379712105, 10.3281822205, 8.15160083771, 4.36043262482], [-72.1771621704, -65.1146392822, 34.0082702637, 58.9209747314, 150.263504028, 44.1887435913, 13.9379358292, -2.55050778389, 19.4163684845, -7.74458599091, 9.03198814392, 21.9219741821, 10.8950881958], [-29.9955558777, -5.90869426727, -7.98174095154, 27.6116123199, 44.1887435913, 82.0207290649, 45.9785957336, 17.2424297333, 6.05494213104, -10.6324863434, 10.4776754379, 14.1488361359, 8.67800617218], [27.6842308044, -20.2895317078, 0.911726534367, -7.8138256073, 13.9379358292, 45.9785957336, 110.882278442, 58.6813697815, 4.42445373535, -21.2006320953, 5.34825706482, 18.6278743744, 10.276175499], [66.2394943237, -1.63906109333, -9.36163043976, -5.00309944153, -2.55050778389, 17.2424297333, 58.6813697815, 96.33934021, 38.2694892883, -5.91281604767, 1.75452005863, 8.32582187653, 5.87649869919], [17.3299751282, 6.80772829056, -11.7701425552, 9.29469013214, 19.4163684845, 6.05494213104, 4.42445373535, 38.2694892883, 79.5310440063, 31.9618320465, 11.4884757996, -9.99285030365, -8.67719078064], [66.0961761475, 20.5491943359, -42.3986473083, 2.43379712105, -7.74458599091, -10.6324863434, -21.2006320953, -5.91281604767, 31.9618320465, 96.5991287231, 15.8672962189, -32.1427612305, -27.5434017181], [-17.9321613312, 2.21040320396, 3.55246329308, 10.3281822205, 9.03198814392, 10.4776754379, 5.34825706482, 1.75452005863, 11.4884757996, 15.8672962189, 54.4804077148, 20.1151428223, 1.27990198135], [23.9308357239, -3.49322295189, 6.43102407455, 8.15160083771, 21.9219741821, 14.1488361359, 18.6278743744, 8.32582187653, -9.99285030365, -32.1427612305, 20.1151428223, 84.8195419312, 46.8315734863], [-14.8348865509, 16.5802116394, -16.2366523743, 4.36043262482, 10.8950881958, 8.67800617218, 10.276175499, 5.87649869919, -8.67719078064, -27.5434017181, 1.27990198135, 46.8315734863, 69.2961959839]],
