{
"lowlevel": {
    "average_loudness": 0.974472463131,
    "barkbands_crest": {
        "dmean": 2.77709269524,
        "dmean2": 4.68264722824,
        "dvar": 7.85622930527,
        "dvar2": 21.2617053986,
        "max": 22.9925918579,
        "mean": 8.55610179901,
        "median": 7.8296084404,
        "min": 2.55460929871,
        "var": 12.0037994385
    },
    "barkbands_flatness_db": {
        "dmean": 0.0201456695795,
        "dmean2": 0.031734932214,
        "dvar": 0.000354241143214,
        "dvar2": 0.000840971886646,
        "max": 0.24873611331,
        "mean": 0.101681239903,
        "median": 0.0960510075092,
        "min": 0.0372115299106,
        "var": 0.00104051548988
    },
    "barkbands_kurtosis": {
        "dmean": 2.00703382492,
        "dmean2": 3.18131375313,
        "dvar": 9.84811496735,
        "dvar2": 23.3387336731,
        "max": 53.5193824768,
        "mean": 1.8543651104,
        "median": 0.707962989807,
        "min": -1.87564146519,
        "var": 14.4384651184
    },
    "barkbands_skewness": {
        "dmean": 0.48835003376,
        "dmean2": 0.753405153751,
        "dvar": 0.247146680951,
        "dvar2": 0.563051581383,
        "max": 6.37952804565,
        "mean": 1.39171481133,
        "median": 1.25483739376,
        "min": -0.485187739134,
        "var": 0.650147497654
    },
    "barkbands_spread": {
        "dmean": 8.22673416138,
        "dmean2": 12.2504367828,
        "dvar": 87.3660583496,
        "dvar2": 163.816497803,
        "max": 108.464523315,
        "mean": 33.5100708008,
        "median": 30.3052120209,
        "min": 3.34129285812,
        "var": 257.808898926
    },
    "dissonance": {
        "dmean": 0.0118215242401,
        "dmean2": 0.0199476648122,
        "dvar": 0.000123107864056,
        "dvar2": 0.000344293686794,
        "max": 0.500000059605,
        "mean": 0.480493187904,
        "median": 0.483539313078,
        "min": 0.390509784222,
        "var": 0.000206414595596
    },
    "dynamic_complexity": 2.33166790009,
    "erbbands_crest": {
        "dmean": 2.4802069664,
        "dmean2": 4.06025266647,
        "dvar": 5.97714567184,
        "dvar2": 15.4437198639,
        "max": 25.7231407166,
        "mean": 7.08537626266,
        "median": 5.92072582245,
        "min": 2.44470524788,
        "var": 13.7004919052
    },
    "erbbands_flatness_db": {
        "dmean": 0.0134315444157,
        "dmean2": 0.0195732619613,
        "dvar": 0.00015182995412,
        "dvar2": 0.000277935992926,
        "max": 0.211460456252,
        "mean": 0.122954964638,
        "median": 0.1254350245,
        "min": 0.0523017011583,
        "var": 0.000803769798949
    },
    "erbbands_kurtosis": {
        "dmean": 0.550496578217,
        "dmean2": 0.875093996525,
        "dvar": 0.390587538481,
        "dvar2": 0.903545379639,
        "max": 9.02764320374,
        "mean": -0.264335930347,
        "median": -0.48197889328,
        "min": -1.79174566269,
        "var": 0.901660442352
    },
    "erbbands_skewness": {
        "dmean": 0.325850188732,
        "dmean2": 0.502780973911,
        "dvar": 0.0786701887846,
        "dvar2": 0.182545438409,
        "max": 2.10360765457,
        "mean": 0.0143812699243,
        "median": 0.0063480748795,
        "min": -2.29399466515,
        "var": 0.305804371834
    },
    "erbbands_spread": {
        "dmean": 9.23051071167,
        "dmean2": 13.3873767853,
        "dvar": 99.6104278564,
        "dvar2": 180.52015686,
        "max": 172.601043701,
        "mean": 48.7590827942,
        "median": 44.7835006714,
        "min": 9.35922050476,
        "var": 368.040435791
    },
    "hfc": {
        "dmean": 8.34952259064,
        "dmean2": 12.1352996826,
        "dvar": 108.292472839,
        "dvar2": 180.921310425,
        "max": 137.650985718,
        "mean": 37.5146484375,
        "median": 36.1413841248,
        "min": 1.59617829922e-05,
        "var": 495.527832031
    },
    "melbands_crest": {
        "dmean": 3.29544639587,
        "dmean2": 5.44671964645,
        "dvar": 8.75945091248,
        "dvar2": 23.4331588745,
        "max": 28.7156162262,
        "mean": 14.1499223709,
        "median": 13.5473709106,
        "min": 3.74102163315,
        "var": 18.9377803802
    },
    "melbands_flatness_db": {
        "dmean": 0.0255187153816,
        "dmean2": 0.0399408563972,
        "dvar": 0.000584650959354,
        "dvar2": 0.00136560795363,
        "max": 0.357149600983,
        "mean": 0.163183629513,
        "median": 0.155152007937,
        "min": 0.0496788285673,
        "var": 0.0018568522064
    },
    "melbands_kurtosis": {
        "dmean": 7.21280050278,
        "dmean2": 11.1394672394,
        "dvar": 112.338813782,
        "dvar2": 254.040420532,
        "max": 148.891357422,
        "mean": 12.84121418,
        "median": 8.24155807495,
        "min": -0.648034095764,
        "var": 200.470748901
    },
    "melbands_skewness": {
        "dmean": 0.789056301117,
        "dmean2": 1.1910841465,
        "dvar": 0.668701052666,
        "dvar2": 1.47187924385,
        "max": 10.9273176193,
        "mean": 2.933562994,
        "median": 2.66808795929,
        "min": 0.518437981606,
        "var": 2.04353499413
    },
    "melbands_spread": {
        "dmean": 7.83297586441,
        "dmean2": 12.0752191544,
        "dvar": 60.7100906372,
        "dvar2": 131.951629639,
        "max": 102.479255676,
        "mean": 27.7828121185,
        "median": 26.0057373047,
        "min": 2.05038046837,
        "var": 183.93157959
    },
    "pitch_salience": {
        "dmean": 0.0781093835831,
        "dmean2": 0.128991886973,
        "dvar": 0.00511854002252,
        "dvar2": 0.013526593335,
        "max": 0.810244679451,
        "mean": 0.574428975582,
        "median": 0.580417752266,
        "min": 0.180383697152,
        "var": 0.00978572014719
    },
    "silence_rate_20dB": {
        "dmean": 0,
        "dmean2": 0,
        "dvar": 0,
        "dvar2": 0,
        "max": 1,
        "mean": 1,
        "median": 1,
        "min": 1,
        "var": 0
    },
    "silence_rate_30dB": {
        "dmean": 0.0154798757285,
        "dmean2": 0.0309837330133,
        "dvar": 0.015240333043,
        "dvar2": 0.0439664237201,
        "max": 1,
        "mean": 0.991492629051,
        "median": 1,
        "min": 0,
        "var": 0.00843502208591
    },
    "silence_rate_60dB": {
        "dmean": 0.00154798757285,
        "dmean2": 0.00309837330133,
        "dvar": 0.00154557963833,
        "dvar2": 0.0030888246838,
        "max": 1,
        "mean": 0.0556844547391,
        "median": 0,
        "min": 0,
        "var": 0.0525842308998
    },
    "spectral_centroid": {
        "dmean": 298.524963379,
        "dmean2": 452.751403809,
        "dvar": 68183.8203125,
        "dvar2": 150364.671875,
        "max": 3847.15795898,
        "mean": 1755.58007812,
        "median": 1758.34069824,
        "min": 439.72442627,
        "var": 246821.734375
    },
    "spectral_complexity": {
        "dmean": 5.7136220932,
        "dmean2": 8.49109172821,
        "dvar": 26.4441719055,
        "dvar2": 54.7456626892,
        "max": 59,
        "mean": 32.6016998291,
        "median": 35,
        "min": 0,
        "var": 150.545608521
    },
    "spectral_decrease": {
        "dmean": 3.55701557098e-09,
        "dmean2": 5.72825076262e-09,
        "dvar": 2.04936627194e-17,
        "dvar2": 4.65602099705e-17,
        "max": -5.02730020766e-15,
        "mean": -1.1073799655e-08,
        "median": -1.06499671304e-08,
        "min": -3.91273538014e-08,
        "var": 3.95634862156e-17
    },
    "spectral_energy": {
        "dmean": 0.0136033156887,
        "dmean2": 0.0219479706138,
        "dvar": 0.000295536476187,
        "dvar2": 0.000670485198498,
        "max": 0.150615260005,
        "mean": 0.0451977476478,
        "median": 0.0438389107585,
        "min": 2.04219556821e-08,
        "var": 0.000594099692535
    },
    "spectral_energyband_high": {
        "dmean": 0.00079352472676,
        "dmean2": 0.00109527201857,
        "dvar": 1.27038549635e-06,
        "dvar2": 1.8818514036e-06,
        "max": 0.0125452335924,
        "mean": 0.00230164267123,
        "median": 0.00172753003426,
        "min": 3.65519725598e-10,
        "var": 5.01555723531e-06
    },
    "spectral_energyband_low": {
        "dmean": 0.011367963627,
        "dmean2": 0.0185135435313,
        "dvar": 0.000284896028461,
        "dvar2": 0.00066038989462,
        "max": 0.134703531861,
        "mean": 0.0228719059378,
        "median": 0.0175894498825,
        "min": 5.74372149842e-09,
        "var": 0.000428772589657
    },
    "spectral_energyband_middle_high": {
        "dmean": 0.00230010319501,
        "dmean2": 0.00339867593721,
        "dvar": 5.51374796487e-06,
        "dvar2": 1.2445872926e-05,
        "max": 0.031013617292,
        "mean": 0.00766747351736,
        "median": 0.00688215624541,
        "min": 2.55253995718e-09,
        "var": 2.78854713542e-05
    },
    "spectral_energyband_middle_low": {
        "dmean": 0.00611496344209,
        "dmean2": 0.0100850593299,
        "dvar": 5.60610387765e-05,
        "dvar2": 0.000149264567881,
        "max": 0.0601034499705,
        "mean": 0.0145711638033,
        "median": 0.0127913197502,
        "min": 2.69704547584e-09,
        "var": 0.000101580757473
    },
    "spectral_entropy": {
        "dmean": 0.111583188176,
        "dmean2": 0.162471443415,
        "dvar": 0.0123512838036,
        "dvar2": 0.0232289452106,
        "max": 8.68580436707,
        "mean": 7.97864484787,
        "median": 7.95403242111,
        "min": 7.1699757576,
        "var": 0.0554750040174
    },
    "spectral_flux": {
        "dmean": 0.0293570719659,
        "dmean2": 0.046011313796,
        "dvar": 0.000999217736535,
        "dvar2": 0.00206848210655,
        "max": 0.297673821449,
        "mean": 0.119532033801,
        "median": 0.115398548543,
        "min": 0.000148954728502,
        "var": 0.00271738087758
    },
    "spectral_kurtosis": {
        "dmean": 0.766969919205,
        "dmean2": 1.24525225163,
        "dvar": 0.523070931435,
        "dvar2": 1.34645402431,
        "max": 11.36328125,
        "mean": 2.43330526352,
        "median": 2.44053316116,
        "min": -0.760163784027,
        "var": 1.37203085423
    },
    "spectral_rms": {
        "dmean": 0.000918440404348,
        "dmean2": 0.00146175525151,
        "dvar": 1.05543711015e-06,
        "dvar2": 2.3388236059e-06,
        "max": 0.0121219521388,
        "mean": 0.00631148740649,
        "median": 0.0065398523584,
        "min": 4.46361491413e-06,
        "var": 4.26048791269e-06
    },
    "spectral_rolloff": {
        "dmean": 809.713012695,
        "dmean2": 1298.84814453,
        "dvar": 1730968,
        "dvar2": 3311295.25,
        "max": 11412.5976562,
        "mean": 1903.21557617,
        "median": 1378.125,
        "min": 86.1328125,
        "var": 3593219.5
    },
    "spectral_skewness": {
        "dmean": 0.143864765763,
        "dmean2": 0.231129616499,
        "dvar": 0.0165353436023,
        "dvar2": 0.0372644811869,
        "max": 2.18250441551,
        "mean": 1.17216253281,
        "median": 1.16786909103,
        "min": 0.405719339848,
        "var": 0.0516536161304
    },
    "spectral_spread": {
        "dmean": 646441,
        "dmean2": 838071.5,
        "dvar": 775459307520,
        "dvar2": 1.04703053005e+12,
        "max": 14460120,
        "mean": 5268443,
        "median": 4702196.5,
        "min": 2478627.5,
        "var": 3.27943061504e+12
    },
    "spectral_strongpeak": {
        "dmean": 0.433887958527,
        "dmean2": 0.772823214531,
        "dvar": 0.568146944046,
        "dvar2": 1.56159412861,
        "max": 8.86638832092,
        "mean": 0.609479486942,
        "median": 0.365812510252,
        "min": 0.000532360747457,
        "var": 0.644791185856
    },
    "zerocrossingrate": {
        "dmean": 0.0140138985589,
        "dmean2": 0.0171488467604,
        "dvar": 0.000283534085611,
        "dvar2": 0.000334908545483,
        "max": 0.29638671875,
        "mean": 0.0750680491328,
        "median": 0.06689453125,
        "min": 0.02001953125,
        "var": 0.00134466390591
    },
    "barkbands": {
        "dmean": [0.0007367428625, 0.00863983575255, 0.0048705348745, 0.00210823630914, 0.00311395805329, 0.00150564685464, 0.000749714905396, 0.000979421660304, 0.00156795349903, 0.000699838681612, 0.000680468336213, 0.000578922161367, 0.000484470801894, 0.000371949776309, 0.000349467940396, 0.000370613823179, 0.000364998151781, 0.000308282847982, 0.000274691381492, 0.000288344686851, 0.000254025391769, 0.000124091442558, 0.000113646427053, 0.000165857025422, 0.000231584665016, 7.86384116509e-05, 1.53262988078e-06],
        "dmean2": [0.00128620420583, 0.0148366903886, 0.00813218951225, 0.00346622359939, 0.00538717443123, 0.00249488768168, 0.00120875542052, 0.00159676733892, 0.00243508280255, 0.00116076029371, 0.00110139837489, 0.000923869025428, 0.000801186542958, 0.00060818658676, 0.000552054960281, 0.000586143985856, 0.000584267603699, 0.000501420639921, 0.000445579033112, 0.000470991712064, 0.000407166342484, 0.000186916353414, 0.000164979035617, 0.000228192046052, 0.0003224965767, 0.000110130742542, 2.4511139145e-06],
        "dvar": [1.18174762065e-06, 0.000250683748163, 5.32108242624e-05, 7.67104029364e-06, 2.82491437247e-05, 5.74393789066e-06, 1.66678523783e-06, 3.17740409628e-06, 6.5561152951e-06, 1.6613362277e-06, 1.57795125233e-06, 1.17955733003e-06, 6.36603601833e-07, 3.32259162406e-07, 2.74922399512e-07, 2.84256088889e-07, 2.27739860748e-07, 1.59782928222e-07, 1.00843543294e-07, 1.22084472309e-07, 1.0381320692e-07, 2.74661182686e-08, 4.64029028535e-08, 1.25689282982e-07, 3.39608590139e-07, 4.85183377918e-08, 3.9800340107e-11],
        "dvar2": [3.40689416589e-06, 0.000630890950561, 0.000152321154019, 2.05993746931e-05, 7.85986776464e-05, 1.44671557791e-05, 4.21522963734e-06, 7.62946274335e-06, 1.55841280503e-05, 4.08142068409e-06, 3.97266330765e-06, 2.71856902145e-06, 1.66114614331e-06, 9.07424066554e-07, 6.51285859021e-07, 6.39125232738e-07, 5.13471775321e-07, 3.75447939405e-07, 2.46183333275e-07, 3.07198206428e-07, 2.38867727376e-07, 5.39594644522e-08, 9.16837024079e-08, 2.05433366318e-07, 5.44430747595e-07, 8.56646522607e-08, 9.36116253958e-11],
        "max": [0.00806524511427, 0.121920205653, 0.069238089025, 0.0295855347067, 0.0316335894167, 0.0279034115374, 0.0249934773892, 0.0334073901176, 0.0296473223716, 0.0183031279594, 0.0200607534498, 0.0187477041036, 0.0097021991387, 0.00593714276329, 0.00736830290407, 0.00700988667086, 0.00795489549637, 0.00424180738628, 0.00505152298138, 0.00370486127213, 0.00407499354333, 0.00281654996797, 0.00367767666467, 0.00593034923077, 0.00810077600181, 0.00338072841987, 9.51770271058e-05],
        "mean": [0.00070981279714, 0.0112605486065, 0.00886141043156, 0.00343859195709, 0.00373432575725, 0.00204043812118, 0.00114650127944, 0.00138457363937, 0.00245801615529, 0.00103263370693, 0.00106925261207, 0.000957530690357, 0.000768022146076, 0.000590736977756, 0.000561240536626, 0.000649319437798, 0.000719593488611, 0.000563583860639, 0.000602893414907, 0.000661584432237, 0.000575473124627, 0.000302259519231, 0.000248532916885, 0.00033949300996, 0.000395342271077, 0.000124554804643, 1.50596258663e-06],
        "median": [0.000316695048241, 0.00665403995663, 0.00648363260552, 0.00244129309431, 0.00206048344262, 0.000877773854882, 0.000647049106192, 0.000639295438305, 0.000997631112114, 0.000599766615778, 0.000553011894226, 0.000536172708962, 0.000450437626569, 0.00031183171086, 0.000327289337292, 0.000407858693507, 0.000522597692907, 0.000381764344638, 0.000484850024804, 0.000529495358933, 0.000466138299089, 0.000242201902438, 0.000148120248923, 0.000148319755681, 0.000101624165836, 1.93368287e-05, 5.28633172792e-08],
        "min": [9.3123070366e-10, 1.69516578552e-09, 1.37759048613e-09, 2.92748852937e-10, 4.74210282153e-10, 2.53946280671e-10, 2.66601019039e-10, 4.80649200996e-11, 5.82920378633e-10, 1.01547281695e-09, 3.89193316463e-10, 1.39785003017e-10, 1.5726991931e-10, 5.50767487173e-11, 9.97655222323e-11, 2.85413165324e-10, 2.26436119855e-10, 1.18433970964e-10, 1.04717928773e-10, 8.31405430612e-11, 3.28285003348e-11, 6.95488666658e-11, 9.53852066776e-11, 7.05385541644e-11, 2.54184728821e-11, 8.53838440923e-12, 8.15099116674e-12],
        "var": [1.09533516479e-06, 0.000233526865486, 7.4551171565e-05, 1.30285961859e-05, 2.50965749728e-05, 9.41640064411e-06, 2.33311357078e-06, 6.34684147371e-06, 1.40778874993e-05, 2.21600657824e-06, 3.10992186314e-06, 2.26763177125e-06, 1.06647655684e-06, 6.34872264982e-07, 4.73829544489e-07, 6.03173930358e-07, 5.43486407878e-07, 3.26049672594e-07, 2.43658632826e-07, 2.76037781077e-07, 2.51404429719e-07, 7.70579333675e-08, 1.25352372038e-07, 3.40617873462e-07, 8.58681914906e-07, 1.1538860889e-07, 4.56136899085e-11]
    },
    "erbbands": {
        "dmean": [0.286912292242, 1.90998995304, 4.91136455536, 6.61094284058, 9.07414627075, 10.8911094666, 10.8411951065, 12.5921707153, 10.4446792603, 13.7081108093, 23.1607017517, 36.3078994751, 28.2102451324, 20.152338028, 28.1196422577, 20.6887207031, 21.684589386, 16.7215709686, 18.7674217224, 16.0090045929, 19.929889679, 18.8783111572, 16.2425518036, 12.6014328003, 15.3755998611, 13.3484773636, 11.263250351, 9.10056114197, 4.72391271591, 3.62145876884, 3.4103410244, 3.30593919754, 3.04294490814, 2.85264515877, 1.56859576702, 0.535655856133, 0.109082989395, 0.01132251136, 0.000240581648541, 2.22791622946e-05],
        "dmean2": [0.507041037083, 3.19281673431, 8.29136180878, 10.7912254333, 15.7570867538, 19.1590270996, 18.1269702911, 21.2265605927, 17.2385311127, 22.4802837372, 37.5715827942, 56.8055343628, 45.4108352661, 32.127368927, 44.7352294922, 33.0677680969, 35.7795066833, 26.7375946045, 29.4243221283, 25.4977283478, 31.4549770355, 29.9505405426, 25.9009799957, 20.2717628479, 25.2316017151, 21.6418418884, 17.6757526398, 14.6008625031, 7.23267507553, 5.54481506348, 4.90947055817, 4.51541471481, 4.30070257187, 3.96063160896, 2.20942091942, 0.751106202602, 0.155124157667, 0.0167979281396, 0.000347745633917, 3.28238238581e-05],
        "dvar": [0.2658174932, 12.4275102615, 61.0913314819, 72.6929473877, 182.535430908, 377.052978516, 343.082489014, 521.773498535, 315.99911499, 603.825317383, 1929.67260742, 4439.70800781, 2501.02783203, 1258.27258301, 2506.51733398, 1326.54553223, 1249.7421875, 695.937072754, 992.440124512, 544.315063477, 779.116882324, 540.855102539, 431.765960693, 256.972991943, 306.862579346, 253.472106934, 262.533355713, 128.996627808, 39.0435943604, 34.9514007568, 43.6216506958, 52.3605728149, 46.0939750671, 47.5059394836, 18.6265487671, 2.23347568512, 0.0906734988093, 0.00129576376639, 5.40484109024e-07, 1.10572984102e-09],
        "dvar2": [0.739460587502, 30.8308639526, 172.514953613, 192.878860474, 516.11907959, 1044.39221191, 868.422546387, 1321.01135254, 778.829345703, 1626.203125, 4541.25732422, 10756.9951172, 5888.38916016, 3046.66040039, 6181.48486328, 3241.78027344, 3343.40039062, 1715.61657715, 2238.06689453, 1292.95715332, 1884.9732666, 1281.52929688, 1022.66973877, 602.147827148, 794.881408691, 636.934265137, 614.698303223, 300.492218018, 79.603302002, 71.9070129395, 84.4862670898, 84.9929046631, 85.0230560303, 83.5603256226, 31.0609970093, 4.09419441223, 0.161053270102, 0.00252075050958, 1.02848844108e-06, 2.0012507207e-09],
        "max": [4.06243181229, 27.0136814117, 79.9637451172, 84.8561477661, 93.9813537598, 122.353210449, 202.903625488, 348.30355835, 198.55657959, 349.522827148, 895.748840332, 868.078430176, 762.874328613, 526.285705566, 737.875366211, 500.553527832, 483.973632812, 421.075378418, 500.466369629, 275.085693359, 353.484008789, 362.490966797, 222.340606689, 211.629119873, 226.517471313, 176.11831665, 279.462738037, 175.932342529, 98.8632659912, 108.754104614, 110.783660889, 131.979537964, 86.9910583496, 85.4329376221, 65.3798751831, 20.7560653687, 4.34588766098, 0.631459355354, 0.0129377562553, 0.000549955235329],
        "mean": [0.317860692739, 2.57499694824, 9.01977062225, 12.4991540909, 12.0057058334, 11.8848819733, 13.7546453476, 17.1263904572, 15.5556812286, 21.2992229462, 35.335144043, 54.522983551, 45.4642410278, 33.3493690491, 48.4610786438, 37.7902641296, 37.0508308411, 29.8782634735, 32.1418113708, 30.5253143311, 38.4226379395, 38.9960250854, 31.6519088745, 27.1232452393, 34.8725090027, 31.224861145, 24.0212993622, 20.9173851013, 11.6694698334, 8.20699882507, 7.27419042587, 6.48440885544, 6.0159869194, 4.81616449356, 2.5435051918, 0.856602191925, 0.167902752757, 0.0148929553106, 0.000368198641809, 7.51401894377e-05],
        "median": [0.177490711212, 1.52122139931, 6.62634849548, 9.1205739975, 7.91978979111, 5.55841779709, 6.09814023972, 7.06391954422, 8.37685966492, 10.6583852768, 16.7488193512, 22.1222000122, 24.7626934052, 19.5318603516, 27.7792797089, 22.9383049011, 22.8765411377, 16.3504734039, 17.6697368622, 19.85206604, 25.8838272095, 29.4723739624, 22.6798305511, 21.2282600403, 29.487663269, 25.1523113251, 18.0870666504, 17.0805263519, 9.5058631897, 5.85683250427, 4.20678424835, 3.03986167908, 2.53121376038, 1.43255853653, 0.473447710276, 0.145402759314, 0.025679897517, 0.00155039993115, 7.61486808187e-05, 6.46141852485e-05],
        "min": [2.45946019106e-08, 5.10608231252e-07, 1.77570723281e-06, 1.9207236619e-06, 2.47744515036e-06, 5.91116872783e-07, 4.24280671041e-07, 3.09023494083e-06, 3.37943424711e-06, 2.67095992967e-06, 2.0130669327e-06, 9.46813088376e-06, 3.10369323415e-05, 1.7391241272e-05, 1.75947152457e-05, 5.65774689676e-06, 8.12035432318e-06, 3.51596736436e-06, 3.01799786939e-06, 5.85838733969e-06, 2.09401787288e-05, 1.20020686154e-05, 9.30765509111e-06, 5.27623205926e-06, 5.08628909301e-06, 4.03660897064e-06, 1.46018192027e-06, 1.53457563101e-06, 3.02719422507e-06, 2.03428521672e-06, 2.85674627776e-06, 1.17285344459e-06, 8.98555583717e-07, 3.91460673654e-07, 9.09340656108e-08, 4.30733848589e-08, 1.2082188583e-08, 4.54782789205e-09, 1.07762443413e-09, 1.55383872436e-10],
        "var": [0.212980598211, 12.1395263672, 77.39793396, 140.540908813, 175.574554443, 323.077728271, 464.588226318, 844.850463867, 459.679321289, 921.071838379, 3716.77563477, 8205.10546875, 4173.7578125, 2205.1640625, 5202.86474609, 2700.67993164, 2162.33544922, 1603.64001465, 1982.6015625, 1181.46386719, 1732.21459961, 1305.73376465, 902.895080566, 577.063964844, 739.348144531, 591.025939941, 556.942199707, 322.37902832, 104.120384216, 91.8167190552, 118.286491394, 128.899612427, 115.91595459, 112.59577179, 44.298866272, 5.08566570282, 0.219035893679, 0.00238713156432, 1.07104881408e-06, 3.45719119998e-09]
    },
    "gfcc": {
        "mean": [52.6296691895, 81.3479919434, -116.815544128, 51.1996307373, -59.7663002014, 27.7086048126, -32.4208564758, 19.9577674866, -28.3584804535, 3.80752515793, -18.1413440704, -3.42034697533, -8.59793376923],
        "cov": [[6131.03759766, -333.012298584, 286.299377441, 62.9677658081, 20.594203949, -59.0572929382, -163.463302612, -37.5955810547, -127.234107971, 27.202299118, -138.616485596, -33.9845428467, -136.62828064], [-333.012298584, 679.54876709, -400.952728271, 70.728263855, -7.68784713745, -112.149589539, 131.968780518, -79.4784622192, 101.375526428, -80.5995101929, 80.0620651245, -80.8535003662, 95.7111053467], [286.299377441, -400.952728271, 581.8046875, -38.1108818054, 45.4852218628, 50.3934555054, -117.362335205, 41.2102928162, -101.234840393, 49.5857467651, -63.289680481, 69.2602310181, -83.5329284668], [62.9677658081, 70.728263855, -38.1108818054, 181.287139893, 36.6670150757, -12.7723960876, 11.6486997604, -5.68601036072, 33.6277618408, -36.9950218201, 20.9167194366, -32.3179664612, 38.643661499], [20.594203949, -7.68784713745, 45.4852218628, 36.6670150757, 131.235046387, 31.5499801636, 16.9659614563, 14.5148105621, -3.02045369148, -1.96635890007, -10.0806274414, 7.87259578705, -6.65435218811], [-59.0572929382, -112.149589539, 50.3934555054, -12.7723960876, 31.5499801636, 131.713409424, 33.8143424988, 15.6841545105, -10.917634964, 6.03976869583, 5.77500677109, -8.16339302063, -17.9136142731], [-163.463302612, 131.968780518, -117.362335205, 11.6486997604, 16.9659614563, 33.8143424988, 146.539794922, 9.25839233398, 17.6516914368, -19.0249423981, 20.2888698578, -24.6495704651, 7.59604120255], [-37.5955810547, -79.4784622192, 41.2102928162, -5.68601036072, 14.5148105621, 15.6841545105, 9.25839233398, 98.6306915283, 29.8305797577, 11.2038249969, -18.157623291, -1.50650477409, -6.33332824707], [-127.234107971, 101.375526428, -101.234840393, 33.6277618408, -3.02045369148, -10.917634964, 17.6516914368, 29.8305797577, 94.6169204712, -0.997666418552, 14.7779970169, -28.1197776794, 22.4475460052], [27.202299118, -80.5995101929, 49.5857467651, -36.9950218201, -1.96635890007, 6.03976869583, -19.0249423981, 11.2038249969, -0.997666418552, 69.7077331543, 6.91503381729, 32.368396759, -10.4530534744], [-138.616485596, 80.0620651245, -63.289680481, 20.9167194366, -10.0806274414, 5.77500677109, 20.2888698578, -18.157623291, 14.7779970169, 6.91503381729, 70.1628265381, 8.22885417938, 27.0711040497], [-33.9845428467, -80.8535003662, 69.2602310181, -32.3179664612, 7.87259578705, -8.16339302063, -24.6495704651, -1.50650477409, -28.1197776794, 32.368396759, 8.22885417938, 82.588684082, -0.893608748913], [-136.62828064, 95.7111053467, -83.5329284668, 38.643661499, -6.65435218811, -17.9136142731, 7.59604120255, -6.33332824707, 22.4475460052, -10.4530534744, 27.0711040497, -0.893608748913, 73.9984893799]],
        "icov": [[0.000189375976333, 8.14595478005e-06, 3.07958071062e-05, -0.000223564711632, 3.48653247784e-06, 9.26268985495e-05, 0.000139116615173, 3.70356319763e-05, 0.000277417770121, -0.000247671065154, 0.000251614343142, 0.000193239524378, 0.000293404911645], [8.14595478005e-06, 0.00704496586695, 0.000423631398007, 0.00290951156057, -0.00303068640642, 0.006820904091, -0.00499925855547, 0.00550238136202, -0.00527993217111, 0.0043841637671, -0.00503525324166, 0.00420105876401, -0.0036616877187], [3.07958071062e-05, 0.000423631398007, 0.00382001884282, -0.00112704269122, -0.000529374752659, -0.000944039493334, 0.0022317727562, -0.00177320418879, 0.00299031473696, -0.000978326657787, 0.00097422854742, -0.00129648065194, 0.0023353358265], [-0.000223564711632, 0.00290951156057, -0.00112704269122, 0.0102825406939, -0.00431941729039, 0.00411366950721, -0.00211366848089, 0.00311097642407, -0.00501992553473, 0.00571869406849, -0.00534070329741, 0.00449283141643, -0.00538869807497], [3.48653247784e-06, -0.00303068640642, -0.000529374752659, -0.00431941729039, 0.0110842240974, -0.00522349029779, 0.000685573904775, -0.002757265931, 0.00202250946313, -0.00198440207168, 0.00480929994956, -0.0046183699742, 0.00230136443861], [9.26268985495e-05, 0.006820904091, -0.000944039493334, 0.00411366950721, -0.00522349029779, 0.0168307442218, -0.00728647457436, 0.00415561487898, -0.00376110873185, 0.00340771628544, -0.00807471573353, 0.00734116416425, -0.00249192141928], [0.000139116615173, -0.00499925855547, 0.0022317727562, -0.00211366848089, 0.000685573904775, -0.00728647457436, 0.0138490833342, -0.00625419663265, 0.0054527213797, -0.00163354212418, 0.00126589613501, -0.00188458396588, 0.0043162512593], [3.70356319763e-05, 0.00550238136202, -0.00177320418879, 0.00311097642407, -0.002757265931, 0.00415561487898, -0.00625419663265, 0.0190897341818, -0.011776201427, 0.00212346017361, 0.000842721143272, 0.00229201442562, -0.00404924713075], [0.000277417770121, -0.00527993217111, 0.00299031473696, -0.00501992553473, 0.00202250946313, -0.00376110873185, 0.0054527213797, -0.011776201427, 0.0237806905061, -0.00779183022678, 0.00135229656007, 0.00236150529236, 0.00226148683578], [-0.000247671065154, 0.0043841637671, -0.000978326657787, 0.00571869406849, -0.00198440207168, 0.00340771628544, -0.00163354212418, 0.00212346017361, -0.00779183022678, 0.0246184803545, -0.00767207099125, -0.00421830872074, -0.000625708373263], [0.000251614343142, -0.00503525324166, 0.00097422854742, -0.00534070329741, 0.00480929994956, -0.00807471573353, 0.00126589613501, 0.000842721143272, 0.00135229656007, -0.00767207099125, 0.0262983106077, -0.00776997860521, -0.0019226243021], [0.000193239524378, 0.00420105876401, -0.00129648065194, 0.00449283141643, -0.0046183699742, 0.00734116416425, -0.00188458396588, 0.00229201442562, 0.00236150529236, -0.00421830872074, -0.00776997860521, 0.0229648817331, -0.00532766291872], [0.000293404911645, -0.0036616877187, 0.0023353358265, -0.00538869807497, 0.00230136443861, -0.00249192141928, 0.0043162512593, -0.00404924713075, 0.00226148683578, -0.000625708373263, -0.0019226243021, -0.00532766291872, 0.0229206364602]]
    },
    "melbands": {
        "dmean": [0.00246458500624, 0.00237509305589, 0.00109179329593, 0.000750211125705, 0.000374992901925, 0.000276079546893, 0.000156992711709, 0.00015921749582, 0.000197246365133, 0.000238512526266, 0.000141377851833, 8.25211172923e-05, 9.90705812001e-05, 7.11847897037e-05, 5.43473615835e-05, 4.58313661511e-05, 3.28745154548e-05, 3.33330499416e-05, 2.36966097873e-05, 2.65259441221e-05, 2.54957685684e-05, 2.3072165277e-05, 1.66156296473e-05, 1.52210795932e-05, 1.05651715785e-05, 1.21598432088e-05, 1.17375639093e-05, 9.40331847232e-06, 8.18004355096e-06, 6.40858570478e-06, 5.35562276127e-06, 2.9463883493e-06, 2.51473397839e-06, 2.05159244615e-06, 2.07807511288e-06, 2.08899427889e-06, 2.23282791012e-06, 2.16454191104e-06, 2.49674440056e-06, 2.57386773228e-06],
        "dmean2": [0.0042398343794, 0.00388335180469, 0.00180201069452, 0.00131767836865, 0.000625064596534, 0.000460342911538, 0.00025663364795, 0.000262112967903, 0.00031463734922, 0.000373555085389, 0.000228561286349, 0.000133329915116, 0.000158662907779, 0.000112493828055, 9.14738848223e-05, 7.4675452197e-05, 5.31159676029e-05, 5.27845004399e-05, 3.83312180929e-05, 4.21674558311e-05, 4.11199507653e-05, 3.70268026018e-05, 2.66843471763e-05, 2.50308803516e-05, 1.70529456227e-05, 2.02388655453e-05, 1.96582368517e-05, 1.50589821715e-05, 1.30203688968e-05, 1.03464517451e-05, 8.60035379446e-06, 4.58555814475e-06, 3.81859445042e-06, 3.19561490869e-06, 3.0817852803e-06, 3.04911736748e-06, 3.11104736284e-06, 3.18403749588e-06, 3.5779648897e-06, 3.71343207917e-06],
        "dvar": [2.01648745133e-05, 1.35660020533e-05, 1.83935196674e-06, 1.73661112512e-06, 3.84408082255e-07, 2.24658137427e-07, 6.97629118918e-08, 7.46274935182e-08, 1.2450827569e-07, 1.82481102229e-07, 6.29831973242e-08, 2.13881321542e-08, 3.68424686314e-08, 2.10749391272e-08, 8.28152568744e-09, 5.45034239963e-09, 2.79718959106e-09, 3.40479755501e-09, 1.20143817117e-09, 1.75963077442e-09, 1.33418909254e-09, 9.39106570286e-10, 5.01233610173e-10, 4.3758710544e-10, 1.90600257799e-10, 1.93142668525e-10, 2.01286390333e-10, 1.47025683295e-10, 1.839911834e-10, 6.89977797119e-11, 4.54004854544e-11, 1.56767428899e-11, 1.28650293543e-11, 1.18032354723e-11, 1.57891928698e-11, 1.96240333011e-11, 2.26391787261e-11, 2.35350176847e-11, 2.70721570161e-11, 4.52586856881e-11],
        "dvar2": [5.34895079909e-05, 3.49953043042e-05, 4.96125994687e-06, 4.8592287385e-06, 9.85204678727e-07, 5.61189267501e-07, 1.71678195215e-07, 1.96450443468e-07, 2.88642041824e-07, 4.45205103006e-07, 1.47627005731e-07, 5.11405886527e-08, 9.25568812704e-08, 4.92249476736e-08, 2.15213002974e-08, 1.41685578825e-08, 6.90487178545e-09, 8.16660339353e-09, 2.88431545314e-09, 3.97949628805e-09, 3.29143867717e-09, 2.17731455088e-09, 1.17340426264e-09, 1.04017872093e-09, 4.56004733973e-10, 4.8806730879e-10, 5.5943133459e-10, 3.67241015375e-10, 4.28125729313e-10, 1.62938953996e-10, 1.08521781839e-10, 3.46963915931e-11, 2.630885787e-11, 2.51433960458e-11, 3.32636036771e-11, 3.79924737504e-11, 3.704106466e-11, 4.58270504877e-11, 5.30405615262e-11, 8.44603761929e-11],
        "max": [0.0361760109663, 0.0337795242667, 0.0125073436648, 0.00792882218957, 0.00659979600459, 0.00682036299258, 0.00363894575275, 0.00337488553487, 0.00641309283674, 0.00574043067172, 0.0037910155952, 0.00198251684196, 0.00309407850727, 0.00264075980522, 0.00113485532347, 0.00103895249777, 0.000710057327524, 0.00101437175181, 0.000399012962589, 0.000729313585907, 0.000451595784398, 0.000505660427734, 0.000296122801956, 0.00027491414221, 0.000183224197826, 0.000197471075808, 0.000156537644216, 0.000150587569806, 0.000270165823167, 0.000113005793537, 0.000114618218504, 5.62592795177e-05, 6.07173642493e-05, 5.77143691771e-05, 6.18258418399e-05, 8.70293297339e-05, 8.09234843473e-05, 6.71017842251e-05, 8.05376766948e-05, 8.71936572366e-05],
        "mean": [0.0029834380839, 0.00441272510216, 0.00217839563265, 0.000875985890161, 0.00048098526895, 0.000382321944926, 0.000237211279455, 0.000242499256274, 0.000295196281513, 0.000356581469532, 0.000221251248149, 0.000127848776174, 0.000161504751304, 0.000117174713523, 8.75496407389e-05, 7.28945524315e-05, 5.26668300154e-05, 5.28115415364e-05, 3.95226816181e-05, 4.41179290647e-05, 4.53919965366e-05, 4.3587438995e-05, 3.00537230942e-05, 2.69197171292e-05, 2.05509331863e-05, 2.5036813895e-05, 2.50344946835e-05, 1.96158944163e-05, 1.52322036229e-05, 1.34365400299e-05, 1.14312906589e-05, 6.54707582726e-06, 5.33642651135e-06, 4.19746265834e-06, 4.22039647674e-06, 3.8512903302e-06, 4.04799448006e-06, 4.0340923988e-06, 4.39667746832e-06, 4.01434726882e-06],
        "median": [0.00174505868927, 0.00313718197867, 0.00174190977123, 0.00050650909543, 0.000234002567595, 0.000163496064488, 0.000130702901515, 0.000117529343697, 0.000125186750665, 0.000140975680551, 0.000114871014375, 7.02501929482e-05, 8.50391152198e-05, 6.34049138171e-05, 5.22043483215e-05, 4.07888946938e-05, 2.73333535006e-05, 2.7344098271e-05, 2.28528442676e-05, 2.62786688836e-05, 2.92587628792e-05, 3.12823467539e-05, 2.13570492633e-05, 1.813092058e-05, 1.55017241923e-05, 2.02808423637e-05, 2.07582470466e-05, 1.47518931044e-05, 1.02798067019e-05, 1.06184279502e-05, 9.19478043215e-06, 5.33317188456e-06, 3.98645215682e-06, 2.69935276265e-06, 2.40842700805e-06, 2.0069655875e-06, 1.76921309958e-06, 1.705271643e-06, 1.52029519995e-06, 1.0040602092e-06],
        "min": [3.7711167522e-10, 9.4891161595e-10, 4.25574048224e-10, 1.4394005432e-10, 1.21368635628e-11, 6.08295774862e-11, 5.55389900736e-11, 2.44620469714e-11, 1.85499948735e-11, 7.4626270441e-11, 1.2926255899e-10, 6.44136063932e-11, 6.08679773251e-11, 2.18192287155e-11, 1.5032509959e-11, 1.42260257394e-11, 5.65444219225e-12, 3.50862893427e-12, 8.75892847835e-12, 7.54440433737e-12, 2.98530644649e-11, 1.02475181118e-11, 1.01707193015e-11, 5.87160051482e-12, 4.0775555675e-12, 3.86926471765e-12, 3.3454532547e-12, 2.69987981624e-12, 9.50796299332e-13, 6.83652787159e-13, 9.69019569447e-13, 1.88239918444e-12, 1.14184616623e-12, 1.01910092778e-12, 1.85438274979e-12, 3.74401112327e-13, 8.50567392126e-13, 6.04652829542e-13, 5.3553700103e-13, 2.31204080403e-13],
        "var": [1.74889755726e-05, 1.847922249e-05, 3.4977526866e-06, 1.43063232372e-06, 4.98072893151e-07, 3.77238592364e-07, 1.03497185933e-07, 1.28623270257e-07, 2.43017467483e-07, 3.31460057623e-07, 1.04842619919e-07, 3.68734518474e-08, 7.21511312918e-08, 3.80700448943e-08, 1.31637971634e-08, 9.81885506235e-09, 5.61485435924e-09, 6.55258025617e-09, 2.14582951408e-09, 3.41128281178e-09, 2.68812749837e-09, 2.01490291118e-09, 9.74126224129e-10, 7.68670904705e-10, 3.92029020357e-10, 4.23355156487e-10, 3.96223387433e-10, 3.06321107368e-10, 3.1885161178e-10, 1.62331384446e-10, 1.04747398255e-10, 3.4247580466e-11, 3.37142813667e-11, 2.82910223026e-11, 3.99971757103e-11, 4.23057734678e-11, 5.46711252658e-11, 5.39339198302e-11, 6.88507098556e-11, 9.45947001285e-11]
    },
    "mfcc": {
        "mean": [-583.774780273, 100.212142944, 5.6312789917, 27.423500061, 4.80572605133, 7.82477855682, 11.6259098053, 7.90625905991, 7.71124315262, 2.97219800949, -0.635825812817, 2.49003338814, -0.357051640749],
        "cov": [[5368.87744141, 40.0183982849, -29.0545787811, 135.519561768, 30.5867385864, 26.429227829, -45.2513694763, -58.9347190857, -53.093788147, 24.3593063354, -63.3410720825, -33.6580200195, -40.4395256042], [40.0183982849, 424.159912109, -185.729995728, 64.7050933838, -90.664604187, -3.07011461258, -13.558795929, 1.89011180401, -3.34505343437, -1.187759161, 3.23556256294, 4.31387853622, -17.0319805145], [-29.0545787811, -185.729995728, 362.255493164, -35.6874542236, 92.9870986938, -10.7794694901, 14.2936267853, -20.0293521881, -25.6785354614, -21.4591999054, -11.7806892395, -3.35469508171, 14.9875087738], [135.519561768, 64.7050933838, -35.6874542236, 175.848129272, 24.723575592, -10.6917142868, -12.6153173447, 8.46155738831, 16.741317749, -15.5890741348, -17.5854415894, 10.645242691, 4.07562303543], [30.5867385864, -90.664604187, 92.9870986938, 24.723575592, 157.933288574, 5.46687984467, -5.25589036942, 3.15766644478, 8.5608215332, 4.98274469376, -12.346903801, -5.91159820557, 6.74532794952], [26.429227829, -3.07011461258, -10.7794694901, -10.6917142868, 5.46687984467, 102.698661804, 45.8432197571, 11.1852684021, -16.9011516571, 3.73344182968, 3.60270357132, -7.03520774841, -4.84229230881], [-45.2513694763, -13.558795929, 14.2936267853, -12.6153173447, -5.25589036942, 45.8432197571, 107.554374695, 29.6788043976, 3.26422810555, 2.30016446114, 2.1118979454, 2.810131073, 3.03266620636], [-58.9347190857, 1.89011180401, -20.0293521881, 8.46155738831, 3.15766644478, 11.1852684021, 29.6788043976, 79.3858795166, 22.7403354645, 23.1931419373, 6.16475963593, 5.79486608505, -4.20798015594], [-53.093788147, -3.34505343437, -25.6785354614, 16.741317749, 8.5608215332, -16.9011516571, 3.26422810555, 22.7403354645, 77.2539978027, 27.9782619476, 12.2425880432, 0.162310644984, -3.61868715286], [24.3593063354, -1.187759161, -21.4591999054, -15.5890741348, 4.98274469376, 3.73344182968, 2.30016446114, 23.1931419373, 27.9782619476, 70.9292144775, 19.1561813354, 3.14556288719, -13.6037530899], [-63.3410720825, 3.23556256294, -11.7806892395, -17.5854415894, -12.346903801, 3.60270357132, 2.1118979454, 6.16475963593, 12.2425880432, 19.1561813354, 55.2844772339, 11.4430160522, 2.43169569969], [-33.6580200195, 4.31387853622, -3.35469508171, 10.645242691, -5.91159820557, -7.03520774841, 2.810131073, 5.79486608505, 0.162310644984, 3.14556288719, 11.4430160522, 49.2300186157, 13.3207845688], [-40.4395256042, -17.0319805145, 14.9875087738, 4.07562303543, 6.74532794952, -4.84229230881, 3.03266620636, -4.20798015594, -3.61868715286, -13.6037530899, 2.43169569969, 13.3207845688, 50.5176963806]],
