{
"lowlevel": {
    "average_loudness": 0.972543358803,
    "barkbands_crest": {
        "dmean": 4.10320949554,
        "dmean2": 6.73982143402,
        "dvar": 10.9175634384,
        "dvar2": 27.7087230682,
        "max": 23.2425022125,
        "mean": 10.9751663208,
        "median": 10.3942489624,
        "min": 2.77042913437,
        "var": 17.5480976105
    },
    "barkbands_flatness_db": {
        "dmean": 0.0274855624884,
        "dmean2": 0.0455853641033,
        "dvar": 0.000580296793487,
        "dvar2": 0.00152167410124,
        "max": 0.213308110833,
        "mean": 0.0999846383929,
        "median": 0.0962718650699,
        "min": 0.0268608927727,
        "var": 0.00115667970385
    },
    "barkbands_kurtosis": {
        "dmean": 3.08145165443,
        "dmean2": 5.22020673752,
        "dvar": 13.312338829,
        "dvar2": 35.8107528687,
        "max": 32.3121871948,
        "mean": 2.52540135384,
        "median": 1.10855340958,
        "min": -1.64160323143,
        "var": 17.1721076965
    },
    "barkbands_skewness": {
        "dmean": 0.727791905403,
        "dmean2": 1.19531595707,
        "dvar": 0.440223038197,
        "dvar2": 1.14416801929,
        "max": 5.562541008,
        "mean": 1.70012688637,
        "median": 1.56487047672,
        "min": -1.83560538292,
        "var": 0.821915447712
    },
    "barkbands_spread": {
        "dmean": 10.3836040497,
        "dmean2": 17.6449337006,
        "dvar": 84.6805877686,
        "dvar2": 228.947601318,
        "max": 73.582572937,
        "mean": 35.3018531799,
        "median": 35.3334159851,
        "min": 5.85637998581,
        "var": 139.301513672
    },
    "dissonance": {
        "dmean": 0.00683497078717,
        "dmean2": 0.0115465400741,
        "dvar": 3.92892688978e-05,
        "dvar2": 0.000101656230981,
        "max": 0.5,
        "mean": 0.488796114922,
        "median": 0.490272819996,
        "min": 0.446584999561,
        "var": 5.67885435885e-05
    },
    "dynamic_complexity": 2.25633692741,
    "erbbands_crest": {
        "dmean": 1.18782043457,
        "dmean2": 2.01967954636,
        "dvar": 1.88902163506,
        "dvar2": 4.66713094711,
        "max": 21.1128559113,
        "mean": 4.67310667038,
        "median": 4.18470859528,
        "min": 2.38521790504,
        "var": 3.47933506966
    },
    "erbbands_flatness_db": {
        "dmean": 0.00965216662735,
        "dmean2": 0.0148860802874,
        "dvar": 7.25165955373e-05,
        "dvar2": 0.000168486236362,
        "max": 0.195920914412,
        "mean": 0.109540559351,
        "median": 0.107885688543,
        "min": 0.062331173569,
        "var": 0.000379460776458
    },
    "erbbands_kurtosis": {
        "dmean": 0.475037127733,
        "dmean2": 0.765332400799,
        "dvar": 0.192982047796,
        "dvar2": 0.498236149549,
        "max": 4.42858982086,
        "mean": -0.241710692644,
        "median": -0.322980880737,
        "min": -1.65114319324,
        "var": 0.395626157522
    },
    "erbbands_skewness": {
        "dmean": 0.241467788815,
        "dmean2": 0.381602883339,
        "dvar": 0.0392158441246,
        "dvar2": 0.0917289704084,
        "max": 1.12719166279,
        "mean": -0.527365922928,
        "median": -0.551666617393,
        "min": -1.57268965244,
        "var": 0.126722589135
    },
    "erbbands_spread": {
        "dmean": 8.94333934784,
        "dmean2": 14.6630764008,
        "dvar": 64.4588623047,
        "dvar2": 161.453781128,
        "max": 103.25844574,
        "mean": 53.0029182434,
        "median": 51.6521186829,
        "min": 16.9856109619,
        "var": 161.088973999
    },
    "hfc": {
        "dmean": 11.5686244965,
        "dmean2": 19.6249408722,
        "dvar": 216.891830444,
        "dvar2": 556.358032227,
        "max": 137.491760254,
        "mean": 35.2882347107,
        "median": 32.0049781799,
        "min": 1.20869907507e-16,
        "var": 432.134216309
    },
    "melbands_crest": {
        "dmean": 4.26986932755,
        "dmean2": 6.96591377258,
        "dvar": 11.0713949203,
        "dvar2": 30.0615005493,
        "max": 30.52501297,
        "mean": 18.157125473,
        "median": 18.3692970276,
        "min": 2.53434181213,
        "var": 22.2285137177
    },
    "melbands_flatness_db": {
        "dmean": 0.0376182496548,
        "dmean2": 0.0617336630821,
        "dvar": 0.00105060671922,
        "dvar2": 0.00268605537713,
        "max": 0.316368252039,
        "mean": 0.169821292162,
        "median": 0.168420806527,
        "min": 0.0055174077861,
        "var": 0.002164977137
    },
    "melbands_kurtosis": {
        "dmean": 13.275100708,
        "dmean2": 22.2640247345,
        "dvar": 244.907821655,
        "dvar2": 645.977600098,
        "max": 127.116195679,
        "mean": 20.0093002319,
        "median": 14.9398708344,
        "min": -1.26053380966,
        "var": 315.700897217
    },
    "melbands_skewness": {
        "dmean": 1.25014293194,
        "dmean2": 2.02415299416,
        "dvar": 1.35759973526,
        "dvar2": 3.51674723625,
        "max": 10.1854305267,
        "mean": 3.91689872742,
        "median": 3.72896456718,
        "min": 0.00122671353165,
        "var": 2.58784556389
    },
    "melbands_spread": {
        "dmean": 11.0696783066,
        "dmean2": 18.3824729919,
        "dvar": 114.822967529,
        "dvar2": 256.582641602,
        "max": 157.196594238,
        "mean": 26.1077728271,
        "median": 23.5488414764,
        "min": 3.15313577652,
        "var": 218.009872437
    },
    "pitch_salience": {
        "dmean": 0.110177136958,
        "dmean2": 0.181052491069,
        "dvar": 0.00757518038154,
        "dvar2": 0.0196944922209,
        "max": 0.829067349434,
        "mean": 0.524338781834,
        "median": 0.530801951885,
        "min": 0.148569628596,
        "var": 0.0143076451495
    },
    "silence_rate_20dB": {
        "dmean": 0,
        "dmean2": 0,
        "dvar": 0,
        "dvar2": 0,
        "max": 1,
        "mean": 1,
        "median": 1,
        "min": 1,
        "var": 0
    },
    "silence_rate_30dB": {
        "dmean": 0.0139103550464,
        "dmean2": 0.0278422273695,
        "dvar": 0.0137166902423,
        "dvar2": 0.0363471768796,
        "max": 1,
        "mean": 0.9907335639,
        "median": 1,
        "min": 0,
        "var": 0.00918051041663
    },
    "silence_rate_60dB": {
        "dmean": 0.00772797549143,
        "dmean2": 0.0154679045081,
        "dvar": 0.00766815245152,
        "dvar2": 0.0167755261064,
        "max": 1,
        "mean": 0.0509652495384,
        "median": 0,
        "min": 0,
        "var": 0.048368088901
    },
    "spectral_centroid": {
        "dmean": 351.47769165,
        "dmean2": 560.386230469,
        "dvar": 142423.734375,
        "dvar2": 259808.46875,
        "max": 11159.9882812,
        "mean": 2145.91821289,
        "median": 2162.51904297,
        "min": 552.42956543,
        "var": 264966
    },
    "spectral_complexity": {
        "dmean": 5.41576528549,
        "dmean2": 8.56457805634,
        "dvar": 22.4577274323,
        "dvar2": 50.2180328369,
        "max": 66,
        "mean": 36.2918930054,
        "median": 39,
        "min": 0,
        "var": 194.492233276
    },
    "spectral_decrease": {
        "dmean": 5.07014075168e-09,
        "dmean2": 8.06620903404e-09,
        "dvar": 3.19477302688e-17,
        "dvar2": 8.02001565579e-17,
        "max": 5.98773966937e-29,
        "mean": -1.1615070683e-08,
        "median": -1.03511625937e-08,
        "min": -4.14936849324e-08,
        "var": 5.3056558938e-17
    },
    "spectral_energy": {
        "dmean": 0.0195539090782,
        "dmean2": 0.0309545714408,
        "dvar": 0.000467592355562,
        "dvar2": 0.0011681560427,
        "max": 0.159174233675,
        "mean": 0.0470387153327,
        "median": 0.0423541814089,
        "min": 1.07372688322e-20,
        "var": 0.000813815568108
    },
    "spectral_energyband_high": {
        "dmean": 0.00128336728085,
        "dmean2": 0.002232713392,
        "dvar": 2.63681499746e-06,
        "dvar2": 6.95032213116e-06,
        "max": 0.0138930073008,
        "mean": 0.00282624247484,
        "median": 0.00234098010696,
        "min": 7.7220549434e-21,
        "var": 4.29161173088e-06
    },
    "spectral_energyband_low": {
        "dmean": 0.0189100559801,
        "dmean2": 0.0302649885416,
        "dvar": 0.000480266549857,
        "dvar2": 0.00120766600594,
        "max": 0.151624083519,
        "mean": 0.0310887098312,
        "median": 0.0239160396159,
        "min": 4.32259488459e-23,
        "var": 0.00066816987237
    },
    "spectral_energyband_middle_high": {
        "dmean": 0.00190733128693,
        "dmean2": 0.00310597964562,
        "dvar": 6.33350373391e-06,
        "dvar2": 1.55508405442e-05,
        "max": 0.0265622697771,
        "mean": 0.00638070423156,
        "median": 0.00576922204345,
        "min": 1.4851923895e-21,
        "var": 1.53040564328e-05
    },
    "spectral_energyband_middle_low": {
        "dmean": 0.00385668664239,
        "dmean2": 0.00623195245862,
        "dvar": 2.62082321569e-05,
        "dvar2": 6.83852194925e-05,
        "max": 0.0441378057003,
        "mean": 0.00883294362575,
        "median": 0.00769814942032,
        "min": 3.9925351032e-22,
        "var": 4.359448576e-05
    },
    "spectral_entropy": {
        "dmean": 0.102864034474,
        "dmean2": 0.158040136099,
        "dvar": 0.0105680255219,
        "dvar2": 0.0218321047723,
        "max": 9.80016422272,
        "mean": 8.06729316711,
        "median": 8.08035087585,
        "min": 7.4468536377,
        "var": 0.0225782245398
    },
    "spectral_flux": {
        "dmean": 0.0407740361989,
        "dmean2": 0.0635866671801,
        "dvar": 0.00138704269193,
        "dvar2": 0.00292837666348,
        "max": 0.315429836512,
        "mean": 0.12368182838,
        "median": 0.116541221738,
        "min": 1.03620792502e-10,
        "var": 0.0031555860769
    },
    "spectral_kurtosis": {
        "dmean": 0.667724967003,
        "dmean2": 1.13505220413,
        "dvar": 0.325456172228,
        "dvar2": 0.921908795834,
        "max": 5.87114906311,
        "mean": 2.13073182106,
        "median": 2.00926971436,
        "min": -1.17813050747,
        "var": 0.786781311035
    },
    "spectral_rms": {
        "dmean": 0.00130391365383,
        "dmean2": 0.00202072388493,
        "dvar": 1.56178168709e-06,
        "dvar2": 3.86611054637e-06,
        "max": 0.0124616185203,
        "mean": 0.00637647137046,
        "median": 0.00642815325409,
        "min": 3.23656986628e-12,
        "var": 5.23201333635e-06
    },
    "spectral_rolloff": {
        "dmean": 1065.3782959,
        "dmean2": 1797.39904785,
        "dvar": 1356678.375,
        "dvar2": 2718738.5,
        "max": 19078.4179688,
        "mean": 1762.23168945,
        "median": 1571.92382812,
        "min": 86.1328125,
        "var": 2379290
    },
    "spectral_skewness": {
        "dmean": 0.126748263836,
        "dmean2": 0.207396700978,
        "dvar": 0.0125263826922,
        "dvar2": 0.0303206574172,
        "max": 1.84042549133,
        "mean": 0.978446125984,
        "median": 0.944662928581,
        "min": -0.00494957715273,
        "var": 0.0628788694739
    },
    "spectral_spread": {
        "dmean": 431673.625,
        "dmean2": 658664.4375,
        "dvar": 1.16548842291e+12,
        "dvar2": 1.31512834458e+12,
        "max": 41066512,
        "mean": 4877157.5,
        "median": 4787928,
        "min": 3050091.25,
        "var": 1.60985789235e+12
    },
    "spectral_strongpeak": {
        "dmean": 0.206025540829,
        "dmean2": 0.351668417454,
        "dvar": 0.0546035766602,
        "dvar2": 0.167437300086,
        "max": 4.08432245255,
        "mean": 0.406817376614,
        "median": 0.35862416029,
        "min": 0,
        "var": 0.0941365659237
    },
    "zerocrossingrate": {
        "dmean": 0.012626635842,
        "dmean2": 0.0165045112371,
        "dvar": 0.000276769482298,
        "dvar2": 0.000294014957035,
        "max": 0.5087890625,
        "mean": 0.0732534974813,
        "median": 0.0693359375,
        "min": 0.01953125,
        "var": 0.000876157602761
    },
    "barkbands": {
        "dmean": [0.000803348899353, 0.0153774879873, 0.00691047683358, 0.00183072558139, 0.00210340088233, 0.000532865233254, 0.000549568212591, 0.000405324390158, 0.000414114358136, 0.000392080924939, 0.000268470437732, 0.000453791406471, 0.000347656547092, 0.000316443125485, 0.000255757739069, 0.000277016486507, 0.000364533043467, 0.000319247774314, 0.000373757909983, 0.000383356353268, 0.000440493342467, 0.000398165662773, 0.000186136530829, 0.000147665123222, 8.75543264556e-05, 2.32264083024e-05, 4.19243860961e-06],
        "dmean2": [0.00121654325631, 0.0250255446881, 0.0120329177007, 0.00304897339083, 0.00339864939451, 0.000880159903318, 0.00097475387156, 0.000680968340021, 0.000692583678756, 0.000639953475911, 0.000454976485344, 0.000755140325055, 0.000586406909861, 0.000528909615241, 0.000433829147369, 0.000471063889563, 0.000609062553849, 0.000532156263944, 0.000635900476482, 0.000650560657959, 0.000766072247643, 0.000688960892148, 0.000324698281474, 0.000256290950347, 0.000155497953529, 3.85582025046e-05, 6.94352320352e-06],
        "dvar": [1.00136242054e-06, 0.000375846750103, 7.20600874047e-05, 4.892702691e-06, 1.27145240185e-05, 6.04943636517e-07, 1.84729901775e-06, 6.77963498674e-07, 2.57679317883e-07, 3.1467263284e-07, 1.26241275211e-07, 3.51571628698e-07, 2.9059708595e-07, 2.46488809807e-07, 1.07013264028e-07, 1.18443821862e-07, 1.44447454886e-07, 1.25417983554e-07, 1.60309596708e-07, 1.99849722549e-07, 3.27342348783e-07, 2.33774869685e-07, 5.95287872329e-08, 3.57253746586e-08, 2.60046491007e-08, 1.85373416617e-09, 7.99788915651e-11],
        "dvar2": [2.09681775232e-06, 0.000884363078512, 0.000206266064197, 1.23304616864e-05, 3.27818197547e-05, 1.68510212006e-06, 5.34436048838e-06, 1.88465423889e-06, 7.11384075203e-07, 7.70937901962e-07, 3.48808924855e-07, 9.35004038638e-07, 8.0372285538e-07, 6.67240783514e-07, 2.79501222167e-07, 3.18215086281e-07, 3.77037054022e-07, 3.2335645983e-07, 4.16001057602e-07, 5.37816958968e-07, 8.64532580636e-07, 6.38823394183e-07, 1.5407289311e-07, 9.41664026755e-08, 7.17281523066e-08, 4.71069405705e-09, 2.10095801867e-10],
        "max": [0.00666215922683, 0.11768899858, 0.0717687681317, 0.0263322293758, 0.0311289597303, 0.010238581337, 0.0152090527117, 0.00990430731326, 0.00598600367084, 0.00793284643441, 0.00353918294422, 0.00783488247544, 0.00504101160914, 0.00620035082102, 0.00299132661894, 0.00451631657779, 0.00325205526315, 0.00392619241029, 0.00393948284909, 0.00444660149515, 0.00520278932527, 0.00404081493616, 0.00294532836415, 0.00182805676013, 0.00225293054245, 0.000578898005188, 0.000103769350972],
        "mean": [0.000810082710814, 0.0178055111319, 0.0105452397838, 0.00295527651906, 0.00284420046955, 0.000860956206452, 0.000640024605673, 0.000535979808774, 0.000706328137312, 0.000666570966132, 0.000424977159128, 0.000820701941848, 0.000545967835933, 0.000501817441545, 0.000453230255516, 0.000485609547468, 0.000783456547651, 0.000653100840282, 0.000839127635118, 0.000752343970817, 0.000831572629977, 0.000798412249424, 0.000327262561768, 0.000250660290476, 0.00013952201698, 5.45188777323e-05, 6.26935343462e-06],
        "median": [0.000289051618893, 0.00951772928238, 0.00844262354076, 0.00208837119862, 0.00157912238501, 0.000548730487935, 0.000352514762199, 0.000333494856022, 0.000571373966523, 0.000430687767221, 0.000305130262859, 0.000571157317609, 0.000365791900549, 0.000344297499396, 0.000348740926711, 0.000405009690439, 0.000710778462235, 0.000576052640099, 0.000770127633587, 0.000641876657028, 0.000675722782034, 0.000652637681924, 0.000232664504438, 0.000167621663422, 8.10683413874e-05, 2.29332508752e-05, 8.51078709729e-07],
        "min": [3.40585923221e-24, 1.5877717406e-23, 1.95064270829e-23, 1.41035045436e-23, 1.05985166556e-22, 3.81191473355e-23, 2.65288053301e-23, 7.74165436299e-23, 1.05933707581e-22, 6.85764799735e-23, 1.98279825651e-23, 9.71789923642e-23, 1.01536824088e-22, 1.03347423948e-22, 6.51252513785e-23, 2.27556003167e-22, 1.41807857755e-22, 2.01527266231e-22, 3.40827240505e-22, 3.52300812164e-22, 3.89281626902e-22, 5.44443927905e-22, 5.82320459492e-22, 9.5534453404e-22, 1.06313761833e-21, 1.68974621841e-21, 2.54807292752e-21],
        "var": [1.2476801885e-06, 0.000424906495027, 8.89078655746e-05, 9.3394301075e-06, 1.46388529174e-05, 9.63376692198e-07, 1.27466637423e-06, 5.82401469273e-07, 3.87508862332e-07, 6.08885557085e-07, 1.78305413101e-07, 6.4646883402e-07, 3.61397752613e-07, 3.18865289728e-07, 1.67817916008e-07, 1.65601520052e-07, 2.70803980129e-07, 2.21709271386e-07, 3.12909719469e-07, 3.20366154938e-07, 4.47962150929e-07, 3.97665132823e-07, 1.01851284739e-07, 6.55622187651e-08, 3.03927407685e-08, 5.46678702307e-09, 1.51918783109e-10]
    },
    "erbbands": {
        "dmean": [0.539942383766, 3.38253164291, 7.67920541763, 6.55135726929, 5.60822629929, 8.12330150604, 5.42577123642, 4.01653432846, 6.19679021835, 10.3841247559, 7.1357665062, 10.3293190002, 12.219332695, 10.052488327, 11.5948934555, 19.056438446, 15.474603653, 15.8640031815, 14.4243507385, 11.3527555466, 15.988951683, 18.3721866608, 15.8500032425, 19.7178115845, 17.4529495239, 17.2850036621, 18.8008213043, 17.8961696625, 14.7743806839, 8.29495716095, 4.95255613327, 3.34326386452, 2.31485486031, 1.33823633194, 0.461544215679, 0.140351399779, 0.0377154015005, 0.0106672914699, 0.000371251895558, 2.64942409558e-05],
        "dmean2": [0.857021093369, 5.64450454712, 13.4162788391, 11.0246868134, 9.0002450943, 13.5402803421, 8.83361625671, 6.77500534058, 10.9408159256, 18.3004932404, 11.8914432526, 17.433681488, 19.8320064545, 17.1220703125, 19.3584136963, 31.9538249969, 25.6680164337, 26.5331020355, 24.2824897766, 19.1594200134, 27.0537929535, 30.9163188934, 26.4173698425, 33.3007049561, 29.9732246399, 29.6490898132, 33.0083045959, 30.7098560333, 25.7496414185, 14.3349666595, 8.63734340668, 5.69595861435, 4.07366895676, 2.37471413612, 0.808923721313, 0.234654843807, 0.0608633048832, 0.0173243936151, 0.000608528032899, 4.2016406951e-05],
        "dvar": [0.435266554356, 19.6153907776, 95.3135604858, 57.7210617065, 49.1309089661, 297.601898193, 70.261428833, 33.4475402832, 166.484283447, 717.174865723, 151.89390564, 166.86781311, 293.028564453, 286.077606201, 195.605209351, 669.727966309, 521.360595703, 768.471374512, 309.906768799, 249.908248901, 317.134033203, 405.795593262, 293.237609863, 507.19140625, 403.2784729, 481.197387695, 591.196350098, 489.415771484, 336.373657227, 113.386871338, 44.3207969666, 18.0418586731, 9.48762130737, 8.47946834564, 0.63700568676, 0.0728658437729, 0.00415116921067, 0.000370938068954, 5.34638104455e-07, 7.94043886199e-10],
        "dvar2": [0.992772758007, 49.8652915955, 273.526367188, 154.147872925, 114.020507812, 790.206298828, 183.378921509, 97.1254196167, 478.059173584, 2042.90356445, 414.083343506, 465.560821533, 693.326660156, 791.636413574, 512.868164062, 1693.96594238, 1427.91748047, 2041.12744141, 820.771728516, 614.048950195, 851.637390137, 1047.31433105, 745.066040039, 1309.86230469, 1084.02978516, 1284.60852051, 1570.1661377, 1306.70703125, 902.901123047, 301.625976562, 116.394416809, 46.5762138367, 25.6090545654, 23.8284168243, 1.74799931049, 0.192299813032, 0.00998404156417, 0.000902916246559, 1.34194317525e-06, 1.93872318199e-09],
        "max": [4.05593252182, 30.4627590179, 80.2951812744, 83.7811355591, 93.4090194702, 163.290786743, 89.9562149048, 69.4949645996, 131.163986206, 271.56854248, 166.99130249, 145.337860107, 304.108581543, 200.675582886, 162.574066162, 393.76461792, 205.011169434, 315.357452393, 166.480316162, 155.738235474, 206.782119751, 214.663345337, 148.912918091, 217.600036621, 242.356155396, 230.442611694, 188.750228882, 212.812393188, 158.690032959, 107.370857239, 96.3008956909, 60.6620788574, 24.6996574402, 50.3308906555, 8.81105327606, 3.52261471748, 0.840507149696, 0.222092792392, 0.00773734459653, 0.000264583388343],
        "mean": [0.510462582111, 3.99070119858, 12.0372781754, 11.6141433716, 9.01297187805, 9.44851875305, 8.06578063965, 6.54446029663, 7.92925214767, 12.1341371536, 10.8881540298, 17.1390895844, 22.059720993, 16.3706474304, 21.0641803741, 35.0809707642, 27.1289176941, 26.0235309601, 26.6589126587, 21.6570415497, 32.2660522461, 42.1734275818, 35.624584198, 42.5901985168, 39.3370399475, 33.5857048035, 32.1789932251, 37.3520889282, 30.449016571, 15.0741157532, 8.7442855835, 5.72837018967, 3.64501905441, 2.07484102249, 0.77395004034, 0.293601006269, 0.0866679102182, 0.0208084695041, 0.000640637823381, 7.37357113394e-05],
        "median": [0.16007450223, 2.35881567001, 9.84158420563, 9.37674331665, 6.14293766022, 4.56315755844, 4.68286991119, 4.43410682678, 4.91343402863, 6.62850618362, 7.44761800766, 13.5021162033, 15.8171434402, 11.5166282654, 16.2858982086, 24.3189849854, 19.2826805115, 16.3071975708, 21.2336444855, 16.3311386108, 28.796836853, 38.7361679077, 32.0808410645, 37.8561782837, 35.0163726807, 28.7630939484, 24.8606014252, 32.5538978577, 24.8692741394, 10.8699903488, 6.19810962677, 3.70201230049, 2.39190483093, 1.19242978096, 0.461378663778, 0.139099881053, 0.0335188284516, 0.00495677441359, 0.000160400901223, 6.71785455779e-05],
        "min": [8.55734903454e-22, 2.41256636446e-21, 2.02574625621e-20, 3.71875878791e-20, 1.57790905699e-19, 4.5999813717e-19, 3.11969100073e-19, 2.92098153808e-19, 3.64463661956e-19, 9.5048956384e-19, 1.39921064432e-18, 1.80652647546e-18, 3.4242915759e-18, 1.4198787859e-18, 1.71602309368e-18, 3.81532921637e-18, 4.97094974935e-18, 6.09404099116e-18, 2.81513013022e-18, 8.61731698585e-18, 1.05610491503e-17, 7.34250096737e-18, 9.52963764449e-18, 1.14251501423e-17, 1.86872822414e-17, 1.69302811371e-17, 1.48829561815e-17, 1.83516288924e-17, 1.85163023544e-17, 1.90216402255e-17, 1.49592917171e-17, 2.40798066578e-17, 1.26064624915e-17, 1.14282818481e-17, 8.19329675923e-18, 5.46355193415e-18, 3.10748408963e-18, 1.45235710208e-18, 3.31484927361e-19, 3.86830141043e-20],
        "var": [0.483518749475, 20.8044033051, 114.695655823, 95.8683547974, 94.1178588867, 273.341400146, 102.35408783, 50.6588363647, 133.19871521, 501.790161133, 155.838989258, 245.570465088, 609.93347168, 323.106933594, 335.716369629, 1254.97509766, 735.974914551, 989.024108887, 515.545837402, 386.113464355, 536.434692383, 740.912353516, 580.338439941, 875.804260254, 737.799560547, 663.187683105, 740.036376953, 775.765808105, 567.52734375, 189.035751343, 72.6987457275, 38.5971603394, 13.8023862839, 8.09136962891, 0.952759444714, 0.176414012909, 0.013961551711, 0.0010324671166, 1.11257645585e-06, 1.86119808454e-09]
    },
    "gfcc": {
        "mean": [51.1789016724, 66.7553482056, -114.628303528, 62.3464279175, -50.1260528564, 28.0411052704, -25.3277816772, 12.8253879547, -25.1492576599, 2.8548989296, -20.0538253784, 0.873729348183, -14.68754673],
        "cov": [[7221.82910156, 153.685562134, -240.711410522, 210.885284424, -279.319396973, -20.1152496338, -25.5296230316, 47.8887481689, 17.3830375671, 70.5266036987, -4.00767946243, 5.5773062706, -43.918132782], [153.685562134, 533.257751465, -59.8856735229, 229.213973999, 0.125266775489, -52.5706253052, 22.1348457336, -69.1030273438, 48.6809921265, -75.546836853, 27.4575595856, -28.2031040192, 57.4609489441], [-240.711410522, -59.8856735229, 289.994537354, -23.9572696686, 91.6127471924, 21.8131523132, 4.91806364059, 26.6720809937, -18.557472229, 31.5482387543, -23.057559967, 29.5226230621, -15.1438293457], [210.885284424, 229.213973999, -23.9572696686, 316.443572998, -26.1532440186, 38.564994812, 34.8914909363, -18.9536762238, 61.5188560486, -58.7257003784, 55.8994750977, -31.3435688019, 53.1080055237], [-279.319396973, 0.125266775489, 91.6127471924, -26.1532440186, 143.110839844, 37.1351470947, 58.1337661743, 28.9754962921, -5.08415365219, 17.3622112274, -8.52296066284, 19.2345371246, -8.04001712799], [-20.1152496338, -52.5706253052, 21.8131523132, 38.564994812, 37.1351470947, 93.5645523071, 35.1477508545, 34.0441017151, 5.56312465668, 2.37096095085, 10.4436483383, -6.70268058777, -0.706027269363], [-25.5296230316, 22.1348457336, 4.91806364059, 34.8914909363, 58.1337661743, 35.1477508545, 105.755844116, 38.7404289246, 34.8903846741, -0.658918559551, 18.143907547, 7.81376552582, 7.70763731003], [47.8887481689, -69.1030273438, 26.6720809937, -18.9536762238, 28.9754962921, 34.0441017151, 38.7404289246, 79.4900665283, 24.1368751526, 30.8883457184, -0.916244506836, 3.98223090172, -4.35310697556], [17.3830375671, 48.6809921265, -18.557472229, 61.5188560486, -5.08415365219, 5.56312465668, 34.8903846741, 24.1368751526, 80.6257095337, 14.2546005249, 30.3364505768, -1.88271152973, 16.3467636108], [70.5266036987, -75.546836853, 31.5482387543, -58.7257003784, 17.3622112274, 2.37096095085, -0.658918559551, 30.8883457184, 14.2546005249, 72.246963501, 11.7455186844, 20.5934429169, -9.29234409332], [-4.00767946243, 27.4575595856, -23.057559967, 55.8994750977, -8.52296066284, 10.4436483383, 18.143907547, -0.916244506836, 30.3364505768, 11.7455186844, 61.3732414246, 15.3705635071, 24.2041778564], [5.5773062706, -28.2031040192, 29.5226230621, -31.3435688019, 19.2345371246, -6.70268058777, 7.81376552582, 3.98223090172, -1.88271152973, 20.5934429169, 15.3705635071, 51.2991523743, 16.5596389771], [-43.918132782, 57.4609489441, -15.1438293457, 53.1080055237, -8.04001712799, -0.706027269363, 7.70763731003, -4.35310697556, 16.3467636108, -9.29234409332, 24.2041778564, 16.5596389771, 54.2107200623]],
        "icov": [[0.000195813991013, -0.000170048515429, 0.000185966360732, -0.000403977173846, 0.000636251294054, -0.000117911578855, -0.000231573576457, -0.000266976363491, 0.000403361336794, -0.000696526141837, 0.000575315498281, -0.000744880177081, 0.000620549311861], [-0.000170048515429, 0.00456268992275, 0.00047731702216, -0.00253342650831, -0.00332408980466, 0.00410058628768, -0.000103571692307, 0.00245464406908, -0.00164149689954, 0.00151297322009, 0.000329807953676, 0.00242320960388, -0.00271968450397], [0.000185966360732, 0.00047731702216, 0.00564808212221, -0.00258805439807, -0.00311205931939, 0.000324811320752, 0.00182561157271, -0.0011021764949, 0.000810368917882, -0.00224953843281, 0.00353953498416, -0.00437113875523, 0.0020774861332], [-0.000403977173846, -0.00253342650831, -0.00258805439807, 0.0105999307707, 0.00128072057851, -0.00492708524689, 0.000186033037608, 0.00111455481965, -0.00431718630716, 0.00648052990437, -0.00734541518614, 0.00637343712151, -0.00481505412608], [0.000636251294054, -0.00332408980466, -0.00311205931939, 0.00128072057851, 0.0177603904158, -0.00612722942606, -0.00919344928116, 6.45933760097e-05, 0.00417144736275, -0.00546186510473, 0.00448554521427, -0.00543322181329, 0.00324423308484], [-0.000117911578855, 0.00410058628768, 0.000324811320752, -0.00492708524689, -0.00612722942606, 0.0206132866442, -0.00146150786895, -0.00567790353671, 0.00361512880772, 0.0016722647706, -0.00440584588796, 0.00583876669407, -0.00103265722282], [-0.000231573576457, -0.000103571692307, 0.00182561157271, 0.000186033037608, -0.00919344928116, -0.00146150786895, 0.020950851962, -0.00776791479439, -0.00694870715961, 0.00858901347965, -0.00501024117693, -0.00315933441743, 0.0020344981458], [-0.000266976363491, 0.00245464406908, -0.0011021764949, 0.00111455481965, 6.45933760097e-05, -0.00567790353671, -0.00776791479439, 0.0267770607024, -0.00692715635523, -0.00855211168528, 0.00713767623529, 0.00358550320379, -0.00468683661893], [0.000403361336794, -0.00164149689954, 0.000810368917882, -0.00431718630716, 0.00417144736275, 0.00361512880772, -0.00694870715961, -0.00692715635523, 0.0252763107419, -0.00927118211985, -0.00425830343738, 0.00252854148857, -0.000462260271888], [-0.000696526141837, 0.00151297322009, -0.00224953843281, 0.00648052990437, -0.00546186510473, 0.0016722647706, 0.00858901347965, -0.00855211168528, -0.00927118211985, 0.0325662866235, -0.0134914088994, -0.00267803971656, 0.00337835517712], [0.000575315498281, 0.000329807953676, 0.00353953498416, -0.00734541518614, 0.00448554521427, -0.00440584588796, -0.00501024117693, 0.00713767623529, -0.00425830343738, -0.0134914088994, 0.0363364219666, -0.0130954505876, -0.00305723841302], [-0.000744880177081, 0.00242320960388, -0.00437113875523, 0.00637343712151, -0.00543322181329, 0.00583876669407, -0.00315933441743, 0.00358550320379, 0.00252854148857, -0.00267803971656, -0.0130954505876, 0.0414349064231, -0.0186611246318], [0.000620549311861, -0.00271968450397, 0.0020774861332, -0.00481505412608, 0.00324423308484, -0.00103265722282, 0.0020344981458, -0.00468683661893, -0.000462260271888, 0.00337835517712, -0.00305723841302, -0.0186611246318, 0.0347154177725]]
    },
    "melbands": {
        "dmean": [0.00443627312779, 0.00385697558522, 0.00102811236866, 0.000508953817189, 0.000216595813981, 9.27475193748e-05, 9.86293671303e-05, 0.000110813496576, 5.56893864996e-05, 6.65858678985e-05, 6.19394777459e-05, 4.25655744039e-05, 3.60716876457e-05, 4.61198360426e-05, 5.02701841469e-05, 3.37872697855e-05, 3.22709965985e-05, 2.47868410952e-05, 1.82374624274e-05, 1.85454427992e-05, 2.13326329686e-05, 2.27671898756e-05, 1.82533458428e-05, 1.47255759657e-05, 1.77231268026e-05, 1.58470356837e-05, 1.19433334476e-05, 1.25275364553e-05, 1.29032787299e-05, 1.06104380393e-05, 1.1545086636e-05, 9.64493847277e-06, 6.54960467728e-06, 4.40783514932e-06, 3.27791394739e-06, 2.24004043048e-06, 2.05450237445e-06, 1.81550831257e-06, 1.33707885652e-06, 1.12859072487e-06],
        "dmean2": [0.00707941502333, 0.00663918862119, 0.00172337307595, 0.000833048892673, 0.000355352356564, 0.000154892739374, 0.00017403595848, 0.000194040068891, 9.30251262616e-05, 0.000111938112241, 0.000100182143797, 7.22246404621e-05, 6.06749345025e-05, 7.7148557466e-05, 8.28297634143e-05, 5.77389473619e-05, 5.40913642908e-05, 4.17078517785e-05, 3.07750342472e-05, 3.18545280606e-05, 3.62211321772e-05, 3.84061277146e-05, 3.08553680952e-05, 2.4666020181e-05, 3.01329400827e-05, 2.73666137218e-05, 2.02944538614e-05, 2.16274256672e-05, 2.27556865866e-05, 1.83888514584e-05, 1.97676290554e-05, 1.67463385878e-05, 1.1305544831e-05, 7.67300389271e-06, 5.76309093958e-06, 3.79779953619e-06, 3.55176211997e-06, 3.18365277963e-06, 2.30964792536e-06, 2.02145861294e-06],
        "dvar": [2.99792081933e-05, 2.44721431955e-05, 1.37625875141e-06, 8.01625390068e-07, 1.28681890033e-07, 1.74124874519e-08, 4.69430254668e-08, 7.77401041319e-08, 7.28629245828e-09, 6.99554991712e-09, 7.41361683154e-09, 4.95252772126e-09, 2.00927341432e-09, 3.81312714737e-09, 4.14866940801e-09, 3.60092600182e-09, 3.27861937599e-09, 8.66580918135e-10, 5.87237092287e-10, 7.03491320753e-10, 5.36456989941e-10, 6.18239237582e-10, 3.64367092054e-10, 2.58997656655e-10, 3.9710781885e-10, 3.18802040322e-10, 2.02733760335e-10, 2.46657333447e-10, 2.62547900087e-10, 1.82587667208e-10, 1.9016777042e-10, 1.32315380874e-10, 7.74033545592e-11, 3.22912738215e-11, 2.18691401793e-11, 8.34051144122e-12, 7.08348657508e-12, 6.39324834392e-12, 2.85717283166e-12, 8.64803367806e-12],
        "dvar2": [6.90993620083e-05, 6.83721591486e-05, 3.66681319974e-06, 2.07884409065e-06, 3.42070251236e-07, 5.03628960757e-08, 1.35805208856e-07, 2.21064595962e-07, 1.97015097569e-08, 1.94815878984e-08, 1.76334644664e-08, 1.3505681018e-08, 5.48501910558e-09, 9.96300197897e-09, 1.08481339467e-08, 9.68843316684e-09, 8.73258532152e-09, 2.33952435202e-09, 1.49669010518e-09, 1.84335025022e-09, 1.45658574091e-09, 1.643376768e-09, 9.55366230571e-10, 6.59429899574e-10, 1.03816766295e-09, 8.67256821913e-10, 5.40436473351e-10, 6.61662780121e-10, 7.0621747339e-10, 4.78268147308e-10, 5.19254694797e-10, 3.55891982551e-10, 2.17422774229e-10, 8.45424910634e-11, 5.88138981961e-11, 2.17586434981e-11, 1.82407370458e-11, 1.74142766179e-11, 7.7365709325e-12, 2.4525497952e-11],
        "max": [0.0331430286169, 0.0363743044436, 0.0132532538846, 0.0085630286485, 0.00311938789673, 0.00168677885085, 0.00224254955538, 0.00293541769497, 0.00115669355728, 0.000963887956459, 0.00150953093544, 0.000845956499688, 0.000421031436417, 0.000925180560444, 0.00074752769433, 0.000643527833745, 0.000708611565642, 0.000266328192083, 0.000236650914303, 0.000348354806192, 0.000209236633964, 0.000267297727987, 0.000160658688401, 0.000140435950016, 0.000184120566701, 0.00021341338288, 0.000134988222271, 0.000156804308062, 0.000125617400045, 0.000130883156089, 0.000127310690004, 0.000100948389445, 7.91113270679e-05, 5.56272680114e-05, 7.17806760804e-05, 4.68311700388e-05, 3.30933507939e-05, 2.20142610488e-05, 1.37963397719e-05, 5.21728215972e-05],
        "mean": [0.00469903089106, 0.00608621956781, 0.00196868437342, 0.000669612549245, 0.000310940056806, 0.000152594249812, 0.000124516940559, 0.000132511006086, 8.60415675561e-05, 0.000110596316517, 0.000108973224997, 6.54198156553e-05, 6.07474321441e-05, 8.46615948831e-05, 8.55557445902e-05, 5.06207361468e-05, 4.82962095703e-05, 4.27486447734e-05, 3.20743965858e-05, 2.98314316751e-05, 4.05034807045e-05, 4.65531302325e-05, 3.5573313653e-05, 2.94483998005e-05, 3.50462651113e-05, 3.19010541716e-05, 2.41737507167e-05, 2.21187146963e-05, 2.05218366318e-05, 1.90197679331e-05, 2.31575977523e-05, 1.92994502868e-05, 1.11436402221e-05, 7.37508571547e-06, 5.39158099855e-06, 3.81653444492e-06, 3.32627564603e-06, 2.59024727711e-06, 2.25725216296e-06, 1.5541979792e-06],
        "median": [0.00205454719253, 0.00498465821147, 0.00168980890885, 0.000374148716219, 0.000175714347279, 0.000102856974991, 7.75111257099e-05, 7.62842755648e-05, 6.14633026998e-05, 8.61929220264e-05, 7.58008973207e-05, 4.39270406787e-05, 4.57373716927e-05, 6.06316061749e-05, 6.11965660937e-05, 3.02687167277e-05, 2.89937088382e-05, 3.35641307174e-05, 2.39391119976e-05, 2.15539130295e-05, 3.6044522858e-05, 4.14767819166e-05, 3.08303315251e-05, 2.55187296716e-05, 3.09159731842e-05, 2.77816234302e-05, 2.04938405659e-05, 1.84474956768e-05, 1.5563913621e-05, 1.52040420289e-05, 2.01391976589e-05, 1.59529499797e-05, 8.22863148642e-06, 5.105260243e-06, 3.75975355382e-06, 2.51104552262e-06, 2.06688991966e-06, 1.57136571488e-06, 1.37642268783e-06, 8.01903695447e-07],
        "min": [5.27449046196e-24, 7.39442713813e-24, 7.25241245367e-24, 2.61489088508e-23, 1.22451841203e-23, 6.85417890264e-24, 5.25472160767e-24, 1.36851447843e-23, 9.78704620797e-24, 1.41257551543e-23, 1.72536485969e-23, 5.74376448738e-24, 4.62457281127e-24, 8.33270776514e-24, 1.35102653656e-23, 8.96360321839e-24, 1.18955420344e-23, 3.57007522356e-24, 6.18644758941e-24, 1.81584878324e-23, 1.11456477025e-23, 7.42341462096e-24, 8.63515151417e-24, 9.46304367926e-24, 8.73602946901e-24, 1.36034740148e-23, 1.17572570843e-23, 1.17578416303e-23, 9.86990815746e-24, 9.70733418008e-24, 1.07894541268e-23, 1.12166270402e-23, 9.34591203433e-24, 1.12968415725e-23, 7.98689481011e-24, 9.69795225734e-24, 1.80039247375e-23, 8.73878259357e-24, 7.54107401383e-24, 9.73524802322e-24],
        "var": [3.38513491442e-05, 2.87140028377e-05, 2.41266252488e-06, 8.90111266472e-07, 1.60271980576e-07, 2.75516107706e-08, 3.54760452126e-08, 5.547821047e-08, 8.31314483918e-09, 1.04796127331e-08, 1.55717625461e-08, 5.77064795948e-09, 3.08463454779e-09, 6.81565914817e-09, 6.96079149876e-09, 4.23505630565e-09, 4.00765598485e-09, 1.38605948941e-09, 9.10651165587e-10, 8.59795568076e-10, 8.88597806448e-10, 1.02988884088e-09, 6.57403909088e-10, 4.72969274856e-10, 6.47719822222e-10, 5.33836308492e-10, 3.58067436812e-10, 3.17880360923e-10, 3.19873905141e-10, 2.57664528602e-10, 3.04542807639e-10, 2.26766633249e-10, 1.09950992755e-10, 5.21572264545e-11, 3.07785394393e-11, 1.61094488443e-11, 1.41834079204e-11, 8.06314997409e-12, 5.69326443628e-12, 6.74977131479e-12]
    },
    "mfcc": {
        "mean": [-584.755310059, 85.0116348267, 2.76270222664, 38.6986045837, 6.54024171829, 19.8943538666, 10.9773368835, 12.7502145767, 7.13275003433, 0.880053400993, 3.93081831932, 2.8144967556, -1.97915267944],
        "cov": [[5598.06396484, 48.3449020386, 19.0989933014, 192.486068726, -194.466888428, -6.58064556122, -109.592926025, -8.47687530518, -36.9231681824, 44.7761573792, 27.499879837, 30.0344161987, -10.8486194611], [48.3449020386, 337.159454346, -20.8455448151, 95.3328781128, 14.6234788895, 18.4206523895, -10.7993068695, 3.85807085037, 9.00360584259, -28.2965888977, -0.261135041714, -29.0598201752, -29.7544307709], [19.0989933014, -20.8455448151, 178.063247681, 52.9712181091, 43.5540885925, 17.9761657715, -0.273487091064, 9.10907268524, -0.0429043509066, 10.1980276108, -8.49946594238, -1.4472219944, -0.143289193511], [192.486068726, 95.3328781128, 52.9712181091, 181.790359497, 14.9827709198, 41.8886070251, -4.52621459961, 41.8496627808, 6.1574048996, 2.12428045273, 2.86458611488, -0.951447308064, -17.4141597748], [-194.466888428, 14.6234788895, 43.5540885925, 14.9827709198, 78.0677261353, 27.4687671661, 29.2227592468, 9.31856250763, 13.7397651672, 2.40342521667, 5.56390571594, 0.0303906369954, -0.651440024376], [-6.58064556122, 18.4206523895, 17.9761657715, 41.8886070251, 27.4687671661, 67.0002288818, 29.0108737946, 29.0979251862, 3.78734230995, 4.24872970581, 5.30410528183, 2.57632565498, -7.68420743942], [-109.592926025, -10.7993068695, -0.273487091064, -4.52621459961, 29.2227592468, 29.0108737946, 87.8557434082, 32.8963279724, 25.8900852203, -0.361039102077, 13.0607328415, 9.90789985657, 11.2973480225], [-8.47687530518, 3.85807085037, 9.10907268524, 41.8496627808, 9.31856250763, 29.0979251862, 32.8963279724, 74.260597229, 28.5948371887, 14.6402902603, 8.16030311584, 6.8610253334, -3.37729454041], [-36.9231681824, 9.00360584259, -0.0429043509066, 6.1574048996, 13.7397651672, 3.78734230995, 25.8900852203, 28.5948371887, 61.2277336121, 24.5627689362, 15.8376941681, 7.97158527374, 11.8092432022], [44.7761573792, -28.2965888977, 10.1980276108, 2.12428045273, 2.40342521667, 4.24872970581, -0.361039102077, 14.6402902603, 24.5627689362, 54.5877914429, 22.0744094849, 13.6429300308, 6.63280582428], [27.499879837, -0.261135041714, -8.49946594238, 2.86458611488, 5.56390571594, 5.30410528183, 13.0607328415, 8.16030311584, 15.8376941681, 22.0744094849, 47.4252128601, 23.3468570709, 10.7417488098], [30.0344161987, -29.0598201752, -1.4472219944, -0.951447308064, 0.0303906369954, 2.57632565498, 9.90789985657, 6.8610253334, 7.97158527374, 13.6429300308, 23.3468570709, 49.0128555298, 27.3714599609], [-10.8486194611, -29.7544307709, -0.143289193511, -17.4141597748, -0.651440024376, -7.68420743942, 11.2973480225, -3.37729454041, 11.8092432022, 6.63280582428, 10.7417488098, 27.3714599609, 53.3123054504]],
