{
"lowlevel": {
    "average_loudness": 0.758796155453,
    "barkbands_crest": {
        "dmean": 2.94713377953,
        "dmean2": 4.70102071762,
        "dvar": 7.64808034897,
        "dvar2": 17.9540786743,
        "max": 25.8635978699,
        "mean": 11.2040100098,
        "median": 10.2593069077,
        "min": 2.67571496964,
        "var": 23.5693130493
    },
    "barkbands_flatness_db": {
        "dmean": 0.0237314719707,
        "dmean2": 0.0360838100314,
        "dvar": 0.000565974740312,
        "dvar2": 0.00117799197324,
        "max": 0.354559481144,
        "mean": 0.155385091901,
        "median": 0.147987306118,
        "min": 0.0359730049968,
        "var": 0.0027119803708
    },
    "barkbands_kurtosis": {
        "dmean": 3.69297528267,
        "dmean2": 5.82635498047,
        "dvar": 68.0787811279,
        "dvar2": 160.195068359,
        "max": 151.549179077,
        "mean": 4.35502338409,
        "median": 1.25192260742,
        "min": -1.95152628422,
        "var": 113.318572998
    },
    "barkbands_skewness": {
        "dmean": 0.690642297268,
        "dmean2": 0.98548078537,
        "dvar": 0.673265039921,
        "dvar2": 1.3201842308,
        "max": 11.6367301941,
        "mean": 1.2269102335,
        "median": 1.08197295666,
        "min": -7.41017627716,
        "var": 2.4095621109
    },
    "barkbands_spread": {
        "dmean": 8.51073455811,
        "dmean2": 12.8039808273,
        "dvar": 132.852676392,
        "dvar2": 279.92376709,
        "max": 128.078353882,
        "mean": 26.3029003143,
        "median": 22.167301178,
        "min": 1.08126044273,
        "var": 321.167114258
    },
    "dissonance": {
        "dmean": 0.0250279996544,
        "dmean2": 0.0417870655656,
        "dvar": 0.000624442531262,
        "dvar2": 0.00169343559537,
        "max": 0.499952077866,
        "mean": 0.448948144913,
        "median": 0.457443594933,
        "min": 0.239117458463,
        "var": 0.00147776748054
    },
    "dynamic_complexity": 4.60378646851,
    "erbbands_crest": {
        "dmean": 3.49545049667,
        "dmean2": 5.60904169083,
        "dvar": 10.9510240555,
        "dvar2": 26.274017334,
        "max": 32.842464447,
        "mean": 11.4342975616,
        "median": 10.0136709213,
        "min": 2.74984765053,
        "var": 32.0668487549
    },
    "erbbands_flatness_db": {
        "dmean": 0.022216623649,
        "dmean2": 0.032789118588,
        "dvar": 0.000517455860972,
        "dvar2": 0.00103293382563,
        "max": 0.386095076799,
        "mean": 0.164468050003,
        "median": 0.158995822072,
        "min": 0.0535553283989,
        "var": 0.00251844804734
    },
    "erbbands_kurtosis": {
        "dmean": 1.7041298151,
        "dmean2": 2.70100164413,
        "dvar": 12.0067462921,
        "dvar2": 30.3747615814,
        "max": 81.964050293,
        "mean": 1.49809336662,
        "median": 0.331447839737,
        "min": -1.91795575619,
        "var": 17.7105503082
    },
    "erbbands_skewness": {
        "dmean": 0.528414607048,
        "dmean2": 0.787231504917,
        "dvar": 0.323318451643,
        "dvar2": 0.70669144392,
        "max": 6.73626804352,
        "mean": 0.386873424053,
        "median": 0.411393284798,
        "min": -4.50892591476,
        "var": 1.02120399475
    },
    "erbbands_spread": {
        "dmean": 11.03211689,
        "dmean2": 16.7506561279,
        "dvar": 205.519363403,
        "dvar2": 437.228790283,
        "max": 183.940948486,
        "mean": 37.702293396,
        "median": 33.3253288269,
        "min": 0.824325442314,
        "var": 528.723327637
    },
    "hfc": {
        "dmean": 9.77408409119,
        "dmean2": 14.041967392,
        "dvar": 701.693908691,
        "dvar2": 1512.73168945,
        "max": 311.667602539,
        "mean": 20.2901172638,
        "median": 10.5451412201,
        "min": 1.13566035047e-16,
        "var": 1038.2310791
    },
    "melbands_crest": {
        "dmean": 3.49309921265,
        "dmean2": 5.34747362137,
        "dvar": 10.1792545319,
        "dvar2": 21.9452018738,
        "max": 35.5799942017,
        "mean": 15.305182457,
        "median": 14.1144504547,
        "min": 1.21056818962,
        "var": 39.0984992981
    },
    "melbands_flatness_db": {
        "dmean": 0.0284217875451,
        "dmean2": 0.0400600507855,
        "dvar": 0.000867206137627,
        "dvar2": 0.00156445277389,
        "max": 0.425808608532,
        "mean": 0.194327279925,
        "median": 0.189605981112,
        "min": 0.00023330617114,
        "var": 0.0048371674493
    },
    "melbands_kurtosis": {
        "dmean": 9.68169784546,
        "dmean2": 15.0934705734,
        "dvar": 682.346069336,
        "dvar2": 1663.06896973,
        "max": 478.573547363,
        "mean": 13.7643918991,
        "median": 5.09637737274,
        "min": -1.89616835117,
        "var": 982.048583984
    },
    "melbands_skewness": {
        "dmean": 0.881955385208,
        "dmean2": 1.30184113979,
        "dvar": 1.36759054661,
        "dvar2": 2.96121549606,
        "max": 19.3391017914,
        "mean": 2.28668951988,
        "median": 1.87732040882,
        "min": -3.61953663826,
        "var": 4.29157924652
    },
    "melbands_spread": {
        "dmean": 12.1939907074,
        "dmean2": 17.4281730652,
        "dvar": 460.414459229,
        "dvar2": 901.269348145,
        "max": 312.130340576,
        "mean": 32.2474212646,
        "median": 23.2739048004,
        "min": 0.873807132244,
        "var": 1083.50488281
    },
    "pitch_salience": {
        "dmean": 0.076170027256,
        "dmean2": 0.118549145758,
        "dvar": 0.00577990897,
        "dvar2": 0.013930214569,
        "max": 0.991591751575,
        "mean": 0.506241261959,
        "median": 0.508913099766,
        "min": 0.0571911223233,
        "var": 0.0169654656202
    },
    "silence_rate_20dB": {
        "dmean": 0,
        "dmean2": 0,
        "dvar": 0,
        "dvar2": 0,
        "max": 1,
        "mean": 1,
        "median": 1,
        "min": 1,
        "var": 0
    },
    "silence_rate_30dB": {
        "dmean": 0.00772797549143,
        "dmean2": 0.0154619254172,
        "dvar": 0.00766803324223,
        "dvar2": 0.0221812017262,
        "max": 1,
        "mean": 0.995751261711,
        "median": 1,
        "min": 0,
        "var": 0.00423072930425
    },
    "silence_rate_60dB": {
        "dmean": 0.0494590401649,
        "dmean2": 0.0989563167095,
        "dvar": 0.0470133014023,
        "dvar2": 0.103082448244,
        "max": 1,
        "mean": 0.186558514833,
        "median": 0,
        "min": 0,
        "var": 0.151753425598
    },
    "spectral_centroid": {
        "dmean": 355.220489502,
        "dmean2": 493.523956299,
        "dvar": 280529.96875,
        "dvar2": 435549.3125,
        "max": 11286.4677734,
        "mean": 1561.26464844,
        "median": 1365.30749512,
        "min": 273.635681152,
        "var": 855394.875
    },
    "spectral_complexity": {
        "dmean": 2.84157657623,
        "dmean2": 4.19636631012,
        "dvar": 22.3347473145,
        "dvar2": 37.2259635925,
        "max": 60,
        "mean": 12.4998064041,
        "median": 10,
        "min": 0,
        "var": 102.655334473
    },
    "spectral_decrease": {
        "dmean": 1.95440819084e-09,
        "dmean2": 3.12992942675e-09,
        "dvar": 1.4164263615e-17,
        "dvar2": 3.55310502126e-17,
        "max": 1.4271763204e-28,
        "mean": -4.82157158643e-09,
        "median": -2.8705295918e-09,
        "min": -4.00546795731e-08,
        "var": 3.20708709922e-17
    },
    "spectral_energy": {
        "dmean": 0.00807716883719,
        "dmean2": 0.0128049096093,
        "dvar": 0.000235441912082,
        "dvar2": 0.000585140136536,
        "max": 0.152664765716,
        "mean": 0.0200381148607,
        "median": 0.0121038407087,
        "min": 1.01710572406e-20,
        "var": 0.000526735908352
    },
    "spectral_energyband_high": {
        "dmean": 0.000747768615838,
        "dmean2": 0.00103099376429,
        "dvar": 6.02204136158e-06,
        "dvar2": 1.15339144031e-05,
        "max": 0.0299157295376,
        "mean": 0.00111098983325,
        "median": 0.000311272946419,
        "min": 7.49559809485e-21,
        "var": 9.0650137281e-06
    },
    "spectral_energyband_low": {
        "dmean": 0.00415451172739,
        "dmean2": 0.00675672106445,
        "dvar": 0.000151969143189,
        "dvar2": 0.000381944642868,
        "max": 0.145111098886,
        "mean": 0.00710784783587,
        "median": 0.00165052537341,
        "min": 1.86716560508e-23,
        "var": 0.00023407851404
    },
    "spectral_energyband_middle_high": {
        "dmean": 0.00263284821995,
        "dmean2": 0.00405224598944,
        "dvar": 3.99785603804e-05,
        "dvar2": 9.84052894637e-05,
        "max": 0.0900381430984,
        "mean": 0.00545195955783,
        "median": 0.0017814860912,
        "min": 1.5700675625e-21,
        "var": 8.37721599964e-05
    },
    "spectral_energyband_middle_low": {
        "dmean": 0.00313955987804,
        "dmean2": 0.0050176247023,
        "dvar": 2.71362696367e-05,
        "dvar2": 7.2147398896e-05,
        "max": 0.0887110903859,
        "mean": 0.00678494246677,
        "median": 0.00422525219619,
        "min": 2.06748616656e-22,
        "var": 6.53509341646e-05
    },
    "spectral_entropy": {
        "dmean": 0.216382712126,
        "dmean2": 0.305843025446,
        "dvar": 0.0558843128383,
        "dvar2": 0.0957811623812,
        "max": 9.81385803223,
        "mean": 7.52084159851,
        "median": 7.50282812119,
        "min": 5.64170980453,
        "var": 0.288396686316
    },
    "spectral_flux": {
        "dmean": 0.0256949923933,
        "dmean2": 0.0405883155763,
        "dvar": 0.0012129888637,
        "dvar2": 0.0026696389541,
        "max": 0.331925183535,
        "mean": 0.0722470730543,
        "median": 0.0563145503402,
        "min": 1.00851660356e-10,
        "var": 0.0031113717705
    },
    "spectral_kurtosis": {
        "dmean": 1.28879988194,
        "dmean2": 1.94494366646,
        "dvar": 2.22200202942,
        "dvar2": 4.61335229874,
        "max": 26.5351829529,
        "mean": 4.06184196472,
        "median": 3.95612239838,
        "min": -1.41233074665,
        "var": 7.46821641922
    },
    "spectral_rms": {
        "dmean": 0.000752747640945,
        "dmean2": 0.00113825511653,
        "dvar": 1.2124839941e-06,
        "dvar2": 2.69881684289e-06,
        "max": 0.0122041488066,
        "mean": 0.00378571613692,
        "median": 0.00343636795878,
        "min": 3.15007655377e-12,
        "var": 5.21773608853e-06
    },
    "spectral_rolloff": {
        "dmean": 848.99005127,
        "dmean2": 1326.39318848,
        "dvar": 2853031.25,
        "dvar2": 4844327.5,
        "max": 19487.5488281,
        "mean": 2220.27392578,
        "median": 1399.65820312,
        "min": 64.599609375,
        "var": 6890025
    },
    "spectral_skewness": {
        "dmean": 0.227553829551,
        "dmean2": 0.322792381048,
        "dvar": 0.0647291466594,
        "dvar2": 0.116194799542,
        "max": 3.83605623245,
        "mean": 1.5969722271,
        "median": 1.64223873615,
        "min": -0.305478125811,
        "var": 0.281953305006
    },
    "spectral_spread": {
        "dmean": 891740.1875,
        "dmean2": 1236050.375,
        "dvar": 2.30177714995e+12,
        "dvar2": 3.24107816141e+12,
        "max": 41048780,
        "mean": 5732816.5,
        "median": 5013409.5,
        "min": 1985947.5,
        "var": 6.38655502746e+12
    },
    "spectral_strongpeak": {
        "dmean": 0.719342589378,
        "dmean2": 1.18436217308,
        "dvar": 1.86526536942,
        "dvar2": 4.61022901535,
        "max": 14.9472980499,
        "mean": 1.12555074692,
        "median": 0.52426302433,
        "min": 0,
        "var": 2.60863852501
    },
    "zerocrossingrate": {
        "dmean": 0.0195169113576,
        "dmean2": 0.0206153970212,
        "dvar": 0.00089738907991,
        "dvar2": 0.000941897043958,
        "max": 0.50341796875,
        "mean": 0.0830510035157,
        "median": 0.06298828125,
        "min": 0.00439453125,
        "var": 0.00435651885346
    },
    "barkbands": {
        "dmean": [0.000221884343773, 0.00352110387757, 0.00103530252818, 0.000448309670901, 0.000610939110629, 0.00156987621449, 0.000621649611276, 0.000327659392497, 0.000662684324197, 0.000693548179697, 0.000775979715399, 0.000398336036596, 0.000336538185365, 0.000344264321029, 0.00051507493481, 0.00037836143747, 0.000365509040421, 0.000142356875585, 0.000158699403983, 0.000122482859297, 0.000112529640319, 0.000132649613079, 0.000148185019498, 0.000155941146659, 0.000162243261002, 4.7819208703e-05, 6.1695743625e-08],
        "dmean2": [0.000347291002981, 0.00569695560262, 0.001873060246, 0.000815638166387, 0.000959935772698, 0.00250896532089, 0.00100509461481, 0.000530327553861, 0.00104587781243, 0.00111067073885, 0.00124090712052, 0.000590054027271, 0.000512052734848, 0.000523064227309, 0.000821207242552, 0.000630430411547, 0.000604447792284, 0.000219519846723, 0.000255090912106, 0.000189015205251, 0.000170755098225, 0.000184954842553, 0.000216967906454, 0.000217377382796, 0.000219326408114, 6.73993999953e-05, 1.16309585962e-07],
        "dvar": [4.7641063361e-07, 0.000122495504911, 1.46108286572e-05, 3.03564956994e-06, 1.84255941349e-06, 1.22415503938e-05, 2.27286614063e-06, 1.26941267808e-06, 4.34978028352e-06, 4.92798653795e-06, 8.37263269204e-06, 1.2625795307e-06, 1.46278159718e-06, 2.41973157245e-06, 2.51034134635e-06, 1.52837196765e-06, 3.31634782924e-06, 1.15739254625e-07, 1.68296907077e-07, 1.42016219229e-07, 1.43445433309e-07, 2.50091204634e-07, 3.54164484406e-07, 2.98472002669e-07, 2.00980977638e-07, 1.70412146616e-08, 3.10571555452e-13],
        "dvar2": [1.04770788312e-06, 0.000309616181767, 4.26698534284e-05, 8.70889380167e-06, 4.44951911049e-06, 3.22303640132e-05, 5.83411474508e-06, 3.31700744027e-06, 1.04798027678e-05, 1.2304944903e-05, 2.03630752367e-05, 2.59071362052e-06, 3.14380417876e-06, 5.1724214245e-06, 5.76257207285e-06, 4.03078911404e-06, 8.25924325909e-06, 2.74255768318e-07, 4.11223282981e-07, 3.50688310391e-07, 2.90786317692e-07, 4.66139510991e-07, 7.80479922469e-07, 5.53534675873e-07, 4.02235286856e-07, 3.20435837864e-08, 9.06292456446e-13],
        "max": [0.00781426951289, 0.142020463943, 0.0360184051096, 0.0160262659192, 0.0258027352393, 0.070822045207, 0.0241015534848, 0.0218744128942, 0.0536383315921, 0.0567831024528, 0.0543099716306, 0.019902177155, 0.0366137884557, 0.0521536804736, 0.0375034250319, 0.0259365234524, 0.0277089327574, 0.00579071743414, 0.00759284663945, 0.00521589675918, 0.00608189404011, 0.00706922262907, 0.0096117798239, 0.00595252215862, 0.00947065092623, 0.00313475378789, 1.48664321387e-05],
        "mean": [0.000306821719278, 0.00537596037611, 0.00114066223614, 0.000485749536892, 0.000980537384748, 0.00266434112564, 0.0009664070094, 0.000426058657467, 0.00101237511262, 0.000988091807812, 0.000932995520998, 0.000577079947107, 0.000506078824401, 0.0004206141748, 0.000761448463891, 0.000460680399556, 0.000384274113458, 0.00022541283397, 0.000240648194449, 0.000187026351341, 0.000157590926392, 0.000166539350175, 0.000187771045603, 0.000199039524887, 0.000225996933295, 5.78777617193e-05, 3.67885739649e-08],
        "median": [3.81790850952e-05, 0.000964754144661, 0.000190909413504, 4.94572195748e-05, 0.000290866970317, 0.0010446140077, 0.000193463958567, 6.87206775183e-05, 0.000138791132485, 0.000174687738763, 5.54310827283e-05, 6.13902593614e-05, 7.33517226763e-05, 3.46594206349e-05, 9.22476610867e-05, 5.64884903724e-05, 5.61805682082e-05, 6.28785055596e-05, 6.83212056174e-05, 5.86058013141e-05, 2.67022878688e-05, 1.85809258255e-05, 3.61122220056e-05, 3.01510153804e-05, 4.05683967983e-05, 1.03609581856e-05, 6.2183819205e-10],
        "min": [1.08970973528e-23, 2.19228981511e-24, 6.04264140183e-24, 6.52564712904e-24, 2.11852035531e-23, 4.23500481839e-23, 3.4162776393e-23, 3.73830612248e-23, 5.25028552726e-23, 1.70758283048e-23, 3.41903455039e-23, 9.38704150644e-23, 7.10897466414e-23, 9.89849789661e-23, 1.08714145661e-22, 1.50463769721e-22, 1.91564849144e-22, 1.81244112501e-22, 3.04567709691e-22, 2.17098913494e-22, 3.73021701654e-22, 5.03265994498e-22, 4.36406385088e-22, 7.63182308931e-22, 1.04740200159e-21, 1.81793336396e-21, 2.36173454062e-21],
        "var": [6.47972342449e-07, 0.00016754452372, 1.02247013274e-05, 2.34133426602e-06, 3.74193473363e-06, 2.12044833461e-05, 3.81417203243e-06, 1.53701137151e-06, 7.90226386016e-06, 7.56704093874e-06, 1.07612404463e-05, 3.23108383782e-06, 3.05293542624e-06, 3.38845370607e-06, 5.73791203351e-06, 1.8298400164e-06, 2.86225917989e-06, 2.01160162305e-07, 2.52975667081e-07, 1.64794954571e-07, 2.25535529808e-07, 3.82194912163e-07, 4.46844637736e-07, 4.39578371925e-07, 3.16988376881e-07, 2.68325255348e-08, 1.69078076193e-13]
    },
    "erbbands": {
        "dmean": [0.119954742491, 0.753038227558, 1.16796064377, 1.44453012943, 1.35458695889, 2.07807946205, 5.90599060059, 16.1598587036, 12.1390991211, 5.22768640518, 7.60989952087, 17.4599723816, 15.1590213776, 23.6881771088, 32.1649971008, 16.7801818848, 15.7370824814, 17.0850296021, 24.4517936707, 20.0840244293, 22.1630859375, 15.5742492676, 7.11858892441, 9.65401268005, 5.59813451767, 6.06320953369, 4.82162904739, 4.24683761597, 4.71892261505, 4.70435905457, 4.30702781677, 3.50440740585, 2.41291952133, 1.88136422634, 1.1290358305, 0.278296291828, 0.0741295665503, 0.00698917079717, 0.000148454666487, 1.76811590791e-05],
        "dmean2": [0.184206813574, 1.24016165733, 2.04698395729, 2.62346720695, 2.31589031219, 3.24800944328, 9.00491142273, 25.8628692627, 19.2101764679, 8.22423553467, 12.4789676666, 27.6990966797, 23.2354125977, 40.1238899231, 49.6565170288, 24.399564743, 23.7785263062, 25.5155067444, 38.3637466431, 30.9194660187, 36.7168922424, 25.6662998199, 11.0421628952, 15.6075963974, 8.87135887146, 9.48578262329, 7.41553544998, 6.17998409271, 6.69993162155, 6.83739519119, 6.31739187241, 5.03204345703, 3.31708455086, 2.72187972069, 1.46355724335, 0.384627759457, 0.106748580933, 0.0104708150029, 0.000217232416617, 2.65137659881e-05],
        "dvar": [0.139451295137, 6.17258024216, 16.2914352417, 32.0053520203, 20.4552936554, 23.2317733765, 156.222930908, 1504.14648438, 820.276489258, 194.762268066, 794.378112793, 3023.2824707, 1215.85827637, 6683.53417969, 14848.6650391, 2169.71606445, 3472.75610352, 7697.9375, 6955.93408203, 3380.02001953, 6974.34521484, 4900.08740234, 338.38192749, 582.368713379, 217.768188477, 397.133270264, 193.715484619, 300.341247559, 330.968811035, 343.167541504, 284.792572021, 145.664108276, 73.7510528564, 33.1097297668, 9.80246067047, 0.57248955965, 0.0472002066672, 0.000653846072964, 2.69538503517e-07, 1.81794668208e-09],
        "dvar2": [0.279196679592, 16.9240856171, 45.8471069336, 92.842048645, 55.19272995, 51.9210548401, 367.126617432, 4019.64819336, 2066.00585938, 455.333831787, 2110.2487793, 7615.30517578, 2653.57714844, 19788.9101562, 33774.78125, 4148.95263672, 7746.03173828, 16326.2695312, 15373.3701172, 7342.3828125, 18471.8574219, 12752.2441406, 817.666687012, 1438.93115234, 526.295349121, 996.05267334, 430.059234619, 594.259033203, 662.280456543, 700.031433105, 620.091491699, 271.057067871, 139.894729614, 70.8610229492, 19.5213394165, 1.02872121334, 0.0923609510064, 0.00144751730841, 5.98347526193e-07, 4.08590627998e-09],
        "max": [4.45468616486, 32.4189147949, 36.9356498718, 51.173576355, 53.991607666, 108.211105347, 304.929321289, 794.549621582, 426.326965332, 344.993438721, 583.574645996, 1092.10144043, 625.48236084, 1751.6451416, 2590.36328125, 947.709472656, 1788.44958496, 3097.16333008, 2196.64770508, 1666.98571777, 1052.21008301, 1032.25964355, 229.722854614, 320.742675781, 247.261550903, 258.625030518, 251.119613647, 234.587387085, 350.827362061, 243.157012939, 266.353515625, 187.327316284, 100.162773132, 76.1074676514, 80.4100189209, 18.0963401794, 5.57559108734, 0.516575992107, 0.0101087745279, 0.000619594648015],
        "mean": [0.203975349665, 1.00002360344, 1.43297028542, 1.5959624052, 1.60600328445, 3.45237088203, 10.1103277206, 26.1421966553, 19.7611160278, 8.43534660339, 10.2165718079, 27.1895427704, 23.187713623, 33.092464447, 43.4695243835, 27.6381893158, 24.9633846283, 22.9468669891, 41.7150154114, 28.387752533, 26.0056667328, 17.1115283966, 11.6570529938, 14.8151550293, 9.45189094543, 9.07583236694, 7.81105518341, 5.55180120468, 5.76054525375, 5.85162496567, 5.48608970642, 4.74489355087, 2.98517251015, 2.3807592392, 1.68079817295, 0.358610987663, 0.0880557224154, 0.00802269764245, 0.000183348412975, 3.58379038516e-05],
        "median": [0.0354995392263, 0.179046481848, 0.303540110588, 0.248486623168, 0.393235564232, 0.914786815643, 3.61837267876, 8.47644996643, 5.27114295959, 1.89848768711, 2.41910886765, 4.04579687119, 5.46472072601, 5.75205469131, 3.75862646103, 4.18227005005, 4.46402454376, 3.1982293129, 5.2192440033, 4.20409154892, 3.3936214447, 2.83536362648, 3.74120640755, 3.83465719223, 2.82319998741, 2.93293213844, 1.9763096571, 0.724671423435, 0.629662454128, 0.766986787319, 1.14734303951, 0.862243056297, 0.405307918787, 0.4302765131, 0.28844293952, 0.0712864845991, 0.0143652139232, 0.00122620572802, 3.79649573006e-05, 1.9744697056e-05],
        "min": [1.24048528807e-22, 5.00310328324e-22, 4.50186262916e-21, 2.03594028791e-20, 9.22723915336e-20, 4.0403152344e-20, 1.77335736008e-19, 3.87069861862e-19, 2.08484772937e-19, 9.23508896812e-19, 1.03269291196e-18, 1.1838348365e-18, 7.5460750792e-19, 4.09180554732e-19, 3.29963835273e-18, 4.31646128764e-18, 2.60932904138e-18, 4.85329530134e-18, 5.83854227073e-18, 6.83673296235e-18, 9.79610477984e-18, 1.08558968525e-17, 9.58314134087e-18, 1.37006752038e-17, 1.29962721824e-17, 8.46122800426e-18, 1.06981129778e-17, 1.36573830521e-17, 1.89028785962e-17, 1.46457240905e-17, 1.21979353578e-17, 1.61855158377e-17, 1.24866627506e-17, 1.09547656152e-17, 6.39776765002e-18, 4.91603819157e-18, 3.8635401976e-18, 1.01546863346e-18, 3.41225496062e-19, 3.95444451641e-20],
        "var": [0.252716422081, 6.37036943436, 13.0339736938, 23.3490943909, 18.8528175354, 58.0737571716, 337.381896973, 2481.2734375, 1423.77563477, 408.069915771, 905.655944824, 5417.75, 2269.71264648, 10700.0166016, 21294.5917969, 6799.5, 7107.65478516, 10524.6601562, 20006.6035156, 6311.00683594, 6132.66650391, 4074.84545898, 547.750061035, 878.060546875, 360.165130615, 423.011138916, 342.509307861, 415.802001953, 478.708007812, 475.826202393, 361.173583984, 227.517044067, 103.358535767, 43.177154541, 16.7753696442, 0.970993459225, 0.0686762407422, 0.00074587011477, 3.11862407898e-07, 2.63510657739e-09]
    },
    "gfcc": {
        "mean": [-39.6068916321, 66.0268478394, -112.687461853, 25.7112216949, -63.0843238831, 20.8533668518, -45.3198127747, 22.003692627, -25.1703853607, 12.4628410339, -7.2687420845, 9.47637367249, -1.67805314064],
        "cov": [[10661.2890625, 311.310119629, -270.12109375, 205.945159912, 122.964378357, 428.662719727, 150.784454346, -18.549747467, -234.648239136, 81.1933822632, -104.718994141, -103.988868713, -37.7959823608], [311.310119629, 1613.64660645, -19.9270839691, -62.663066864, 323.403991699, -83.3314361572, 182.729446411, -43.3464279175, -42.2583274841, -5.71271324158, 147.532745361, -119.334617615, 13.3770570755], [-270.12109375, -19.9270839691, 1179.23608398, 277.282836914, 24.1066818237, 123.020141602, -7.90523338318, 39.3975257874, 8.11498451233, 80.8106460571, -93.7280273438, 59.5568122864, -58.7838897705], [205.945159912, -62.663066864, 277.282836914, 539.405578613, 111.284584045, 0.172637090087, 8.86028194427, 28.9515247345, 105.084793091, -13.5779457092, -68.2269363403, 22.8059463501, -19.0460319519], [122.964378357, 323.403991699, 24.1066818237, 111.284584045, 424.31439209, 144.44140625, 94.9817276001, 45.5649528503, 18.1500415802, 25.8461322784, -17.3756580353, -38.9157752991, -17.8687477112], [428.662719727, -83.3314361572, 123.020141602, 0.172637090087, 144.44140625, 343.425048828, 149.184951782, -2.39630460739, -31.3103256226, 51.6457099915, -45.6163139343, -30.3970737457, -57.1888084412], [150.784454346, 182.729446411, -7.90523338318, 8.86028194427, 94.9817276001, 149.184951782, 267.096679688, 38.581287384, -14.6067819595, 46.430480957, 42.3234024048, -12.8064699173, -14.29134655], [-18.549747467, -43.3464279175, 39.3975257874, 28.9515247345, 45.5649528503, -2.39630460739, 38.581287384, 178.658554077, 73.1832046509, 27.8544883728, 2.09355735779, 36.7714767456, 44.719455719], [-234.648239136, -42.2583274841, 8.11498451233, 105.084793091, 18.1500415802, -31.3103256226, -14.6067819595, 73.1832046509, 164.484558105, 26.1198978424, -4.3421792984, 30.6479854584, 26.495967865], [81.1933822632, -5.71271324158, 80.8106460571, -13.5779457092, 25.8461322784, 51.6457099915, 46.430480957, 27.8544883728, 26.1198978424, 161.344558716, 69.0551300049, 1.8600051403, 4.31034326553], [-104.718994141, 147.532745361, -93.7280273438, -68.2269363403, -17.3756580353, -45.6163139343, 42.3234024048, 2.09355735779, -4.3421792984, 69.0551300049, 188.766540527, 40.5100097656, 27.7393131256], [-103.988868713, -119.334617615, 59.5568122864, 22.8059463501, -38.9157752991, -30.3970737457, -12.8064699173, 36.7714767456, 30.6479854584, 1.8600051403, 40.5100097656, 120.779945374, 46.9318351746], [-37.7959823608, 13.3770570755, -58.7838897705, -19.0460319519, -17.8687477112, -57.1888084412, -14.29134655, 44.719455719, 26.495967865, 4.31034326553, 27.7393131256, 46.9318351746, 109.867332458]],
        "icov": [[0.000125351027236, -0.000143277167808, 0.000162203912623, -0.000229459183174, 0.000207808567211, -0.000338770245435, 0.000211868216866, -0.000209373363759, 0.000383479113225, -0.000270401622402, 0.000213815990719, -0.000173490843736, 1.60688996402e-05], [-0.000143277167808, 0.00163523491938, -0.000799190951511, 0.000855419028085, -0.00171117647551, 0.00181650684681, -0.00164493022021, 0.0011973886285, -0.000983096309938, 0.00145096657798, -0.00170990382321, 0.00224564177915, -0.000909199414309], [0.000162203912623, -0.000799190951511, 0.00175443745684, -0.00122943741735, 0.00106053834315, -0.00132121297065, 0.00117565621622, -0.00108111579902, 0.00152606703341, -0.00198489311151, 0.00173182436265, -0.00221394887194, 0.0011747329263], [-0.000229459183174, 0.000855419028085, -0.00122943741735, 0.00355766154826, -0.0018362137489, 0.00197707372718, -0.00163614645135, 0.0015540557215, -0.0029485928826, 0.00148545717821, -0.000217916327529, 0.000595366815105, 0.000114457841846], [0.000207808567211, -0.00171117647551, 0.00106053834315, -0.0018362137489, 0.00507494946942, -0.00342893530615, 0.00168378686067, -0.00229318323545, 0.00128657731693, -0.00141416769475, 0.00127861811779, -0.000993672641926, 0.000568757706787], [-0.000338770245435, 0.00181650684681, -0.00132121297065, 0.00197707372718, -0.00342893530615, 0.00812696199864, -0.00487955939025, 0.00242946716025, -0.00110022479203, -0.000228316159337, 0.000851184187923, 0.00109761825297, 0.000937652715947], [0.000211868216866, -0.00164493022021, 0.00117565621622, -0.00163614645135, 0.00168378686067, -0.00487955939025, 0.00788340158761, -0.00320378178731, 0.00216547749005, -0.00138871907257, -0.000669761851896, -0.00124730996322, 0.000916133460123], [-0.000209373363759, 0.0011973886285, -0.00108111579902, 0.0015540557215, -0.00229318323545, 0.00242946716025, -0.00320378178731, 0.00962515361607, -0.00437088217586, 0.000396416842705, 0.000141168449773, 6.40411599306e-05, -0.00299415667541], [0.000383479113225, -0.000983096309938, 0.00152606703341, -0.0029485928826, 0.00128657731693, -0.00110022479203, 0.00216547749005, -0.00437088217586, 0.0110748624429, -0.00369110819884, 0.00223862542771, -0.00277930800803, 0.000350285699824], [-0.000270401622402, 0.00145096657798, -0.00198489311151, 0.00148545717821, -0.00141416769475, -0.000228316159337, -0.00138871907257, 0.000396416842705, -0.00369110819884, 0.0115980412811, -0.00671847956255, 0.00478055607527, -0.00167569820769], [0.000213815990719, -0.00170990382321, 0.00173182436265, -0.000217916327529, 0.00127861811779, 0.000851184187923, -0.000669761851896, 0.000141168449773, 0.00223862542771, -0.00671847956255, 0.011766419746, -0.00672286981717, 0.00130172586069], [-0.000173490843736, 0.00224564177915, -0.00221394887194, 0.000595366815105, -0.000993672641926, 0.00109761825297, -0.00124730996322, 6.40411599306e-05, -0.00277930800803, 0.00478055607527, -0.00672286981717, 0.016349228099, -0.00599680701271], [1.60688996402e-05, -0.000909199414309, 0.0011747329263, 0.000114457841846, 0.000568757706787, 0.000937652715947, 0.000916133460123, -0.00299415667541, 0.000350285699824, -0.00167569820769, 0.00130172586069, -0.00599680701271, 0.0139992022887]]
    },
    "melbands": {
        "dmean": [0.00100754806772, 0.000686157261953, 0.00024584584753, 0.000108592234028, 0.000188079560758, 0.000343181251083, 0.000168662314536, 5.70180673094e-05, 6.46656772005e-05, 0.000113854097435, 7.93349827291e-05, 9.957630391e-05, 0.000105025123048, 5.94427074248e-05, 3.74007067876e-05, 3.10493414872e-05, 3.4558288462e-05, 3.91195862903e-05, 3.26722765749e-05, 2.74487847491e-05, 2.95770805678e-05, 2.01430830202e-05, 8.47625778988e-06, 5.79735979045e-06, 8.82213407749e-06, 5.15500141773e-06, 3.49548940903e-06, 4.38941378889e-06, 3.09716392621e-06, 2.83320741801e-06, 2.63212223217e-06, 2.80243943962e-06, 2.63053038907e-06, 2.77549543171e-06, 2.66423603534e-06, 2.21386721933e-06, 2.20188121602e-06, 1.90129776456e-06, 1.61786510944e-06, 1.46741524532e-06],
        "dmean2": [0.00163196306676, 0.00116191513371, 0.000444013072411, 0.000174583765329, 0.0002881900582, 0.000549582880922, 0.000265412178123, 9.0564491984e-05, 0.000106319283077, 0.000179705792107, 0.000121728524391, 0.000167207181221, 0.000164975674124, 8.85146509972e-05, 5.6763044995e-05, 4.80735288875e-05, 5.17272019351e-05, 6.16890538367e-05, 5.15643951076e-05, 4.3665884732e-05, 4.94204286952e-05, 3.32199888362e-05, 1.37013612402e-05, 8.97332665772e-06, 1.44184859892e-05, 8.34426919027e-06, 5.57083831154e-06, 6.94973869031e-06, 4.77379671793e-06, 4.37149219579e-06, 3.90402919948e-06, 4.20534252044e-06, 3.73302054868e-06, 4.16236889578e-06, 4.06147773901e-06, 3.33382877216e-06, 3.13040368383e-06, 2.65172138825e-06, 2.30827913583e-06, 2.19091703002e-06],
        "dvar": [9.95248683466e-06, 5.12503675054e-06, 9.10883613869e-07, 8.02915565146e-08, 1.44336112839e-07, 6.28807640624e-07, 1.51812471927e-07, 2.70991389328e-08, 5.32366080108e-08, 1.29036934027e-07, 3.6082525412e-08, 1.2634616553e-07, 1.46199241158e-07, 2.63538417755e-08, 1.90463929073e-08, 1.18433964857e-08, 3.3171438929e-08, 1.71165233098e-08, 9.29096088953e-09, 7.4097870062e-09, 1.59703219538e-08, 9.76341230086e-09, 6.70070554598e-10, 1.92063323579e-10, 4.84969842063e-10, 2.03370639773e-10, 1.08631187379e-10, 2.01125852084e-10, 6.68591085273e-11, 8.58728643749e-11, 1.34040528676e-10, 1.38395600535e-10, 8.07356126398e-11, 1.39120867604e-10, 1.24321580808e-10, 5.32648855578e-11, 6.24735055355e-11, 5.43920464224e-11, 2.34045838265e-11, 2.31394087918e-11],
        "dvar2": [2.3343900466e-05, 1.38100313052e-05, 2.63325728156e-06, 2.00821148155e-07, 3.32957995397e-07, 1.67123278061e-06, 3.78582797111e-07, 6.41070272422e-08, 1.42118906865e-07, 3.11666866537e-07, 7.93331693671e-08, 3.64806908237e-07, 3.46772566218e-07, 5.4148777906e-08, 4.30180158162e-08, 2.74902465236e-08, 6.92781583211e-08, 3.64902383865e-08, 2.09971879883e-08, 1.73515424251e-08, 4.16380459001e-08, 2.46910900614e-08, 1.94749660842e-09, 4.59210530712e-10, 1.2118189785e-09, 4.78740658227e-10, 2.74507305775e-10, 5.00910923851e-10, 1.49845122421e-10, 2.01882593975e-10, 2.75238748459e-10, 3.05363845321e-10, 1.4076168009e-10, 3.21050991348e-10, 2.92335100571e-10, 1.00379718426e-10, 1.16608500633e-10, 1.10253015051e-10, 4.61778948413e-11, 5.21202560277e-11],
        "max": [0.0381496660411, 0.0240642223507, 0.00851500593126, 0.00516753690317, 0.00812009628862, 0.0160044170916, 0.00570011464879, 0.00385561888106, 0.00414334004745, 0.00853900518268, 0.00340488110669, 0.00804671831429, 0.00784580223262, 0.00284718233161, 0.00338855804875, 0.00256520905532, 0.00670569995418, 0.00321296462789, 0.00161110435147, 0.00219221273437, 0.0017337934114, 0.00151919748168, 0.000564436079003, 0.000216255648411, 0.000276442093309, 0.000319522572681, 0.00014160212595, 0.000180498245754, 0.000153750632307, 0.000186855831998, 0.000156939786393, 0.000217302542296, 0.00014072668273, 0.000160274212249, 0.000160205265274, 0.000126676663058, 0.000105623832496, 9.37395961955e-05, 5.73409088247e-05, 6.50927686365e-05],
        "mean": [0.00163206330035, 0.000953492999543, 0.000275440310361, 0.000162664917298, 0.000328446883941, 0.000566769507714, 0.000277832295978, 8.52362354635e-05, 8.13849765109e-05, 0.00017699682212, 0.000114746530016, 0.000133221081342, 0.000131371285534, 9.01976818568e-05, 5.81464264542e-05, 4.45038822363e-05, 4.11268447351e-05, 6.46956250421e-05, 4.30349609815e-05, 3.68756882381e-05, 3.05454595946e-05, 2.03899217013e-05, 1.20551512737e-05, 9.25235599425e-06, 1.25880278574e-05, 8.10088840808e-06, 4.99985344504e-06, 6.33608624412e-06, 5.20873845744e-06, 3.79671723749e-06, 3.1258339277e-06, 3.25922314914e-06, 3.24896564052e-06, 3.22025766764e-06, 3.15285183206e-06, 3.06563902086e-06, 2.85758505925e-06, 2.18545392272e-06, 2.00825047614e-06, 1.78171808329e-06],
        "median": [0.00029880128568, 0.00021257228218, 4.74176849821e-05, 4.41754527856e-05, 0.000117827250506, 0.000188460209756, 6.99720330886e-05, 1.47993687278e-05, 1.75546447281e-05, 2.29661745834e-05, 2.42827481998e-05, 1.92888455786e-05, 8.72579585121e-06, 1.02683243313e-05, 8.29201781016e-06, 6.94450227456e-06, 3.37183246302e-06, 7.2162770266e-06, 5.25783389094e-06, 4.3907161853e-06, 3.4438203329e-06, 2.59663647739e-06, 3.70292355001e-06, 2.75001616501e-06, 2.84863608613e-06, 2.05589617508e-06, 1.56808096108e-06, 1.95219513444e-06, 1.3915788486e-06, 5.08497691953e-07, 2.99185074937e-07, 3.33374174488e-07, 3.05420911673e-07, 4.05317194918e-07, 6.06917353707e-07, 6.58620479044e-07, 4.31494214581e-07, 2.06885260923e-07, 3.07660172894e-07, 3.20118545005e-07],
        "min": [1.76925763266e-24, 1.87330582226e-24, 4.58791720601e-24, 4.77110175226e-24, 5.23166241455e-24, 8.26289436388e-24, 3.96283486877e-24, 9.10019921729e-24, 9.06635077357e-24, 7.26403553025e-24, 3.55399508286e-24, 1.35855140185e-24, 7.70794649428e-24, 1.06911099932e-23, 8.40821831984e-24, 5.29401082506e-24, 9.85059605364e-24, 8.93009635144e-24, 8.76641954652e-24, 8.71222006917e-24, 1.33373233894e-23, 1.14550452604e-23, 1.04225170545e-23, 7.2606607833e-24, 1.13488219841e-23, 1.22592952642e-23, 5.60013579351e-24, 5.6855662741e-24, 7.82175230163e-24, 6.18791013753e-24, 7.92094998274e-24, 1.02647212076e-23, 8.34305130932e-24, 8.05174154311e-24, 6.05265007457e-24, 7.68503955131e-24, 9.86706352503e-24, 7.88660140121e-24, 1.00093834987e-23, 9.03618236598e-24],
        "var": [1.54048375407e-05, 5.0841376833e-06, 6.5694729301e-07, 1.24681221791e-07, 3.64462152902e-07, 1.05776405235e-06, 2.81198055063e-07, 4.95611942597e-08, 6.16185573676e-08, 2.41453136596e-07, 6.22909368531e-08, 1.96323014734e-07, 1.95206041553e-07, 6.39222221821e-08, 3.64490375659e-08, 1.88116118238e-08, 4.55624551421e-08, 5.16960305674e-08, 1.61195448101e-08, 1.21596777092e-08, 1.28282788836e-08, 8.12960010421e-09, 8.68793759157e-10, 3.12501718946e-10, 6.91678270215e-10, 3.38340661044e-10, 1.23583768219e-10, 2.14786605168e-10, 1.21269619346e-10, 1.42512238122e-10, 1.67264327389e-10, 1.74096972949e-10, 1.33892466558e-10, 1.60342489286e-10, 1.35871341955e-10, 8.45218200984e-11, 9.66009008896e-11, 6.96266377886e-11, 3.24017028486e-11, 2.85068947614e-11]
    },
    "mfcc": {
        "mean": [-687.132995605, 100.58417511, 5.4182715416, 12.045334816, 7.93353891373, -3.7531888485, 0.997130692005, 2.44411301613, -3.03868913651, 5.68468856812, -4.55668115616, 1.49730587006, 6.17010736465],
        "cov": [[8865.37988281, 230.175613403, -341.107666016, 27.2669143677, -13.0203132629, 304.264251709, 326.282592773, 39.9073562622, 49.0021400452, 135.153747559, -127.459442139, -190.62071228, -1.62826931477], [230.175613403, 1573.36206055, -145.233184814, 47.8157539368, 51.9084587097, 36.6922531128, 244.18800354, -40.3038825989, -75.6970596313, 62.8772277832, 43.894821167, -5.75372505188, 0.384354352951], [-341.107666016, -145.233184814, 987.793945312, 166.42855835, 52.3886795044, 93.3820571899, -35.0241737366, 3.45369887352, 86.4654693604, -96.6554031372, 94.0448989868, 31.8170909882, 35.9922103882], [27.2669143677, 47.8157539368, 166.42855835, 451.778106689, 139.688919067, 6.92715120316, -39.826133728, 48.9488868713, 70.4510803223, -8.29728031158, 22.032037735, 31.9590816498, 16.782699585], [-13.0203132629, 51.9084587097, 52.3886795044, 139.688919067, 298.906188965, 70.5175704956, -8.8380651474, 41.9047164917, 84.5730743408, -3.93282175064, 30.0394001007, 19.3272533417, -6.44918012619], [304.264251709, 36.6922531128, 93.3820571899, 6.92715120316, 70.5175704956, 342.487823486, 156.036315918, 33.4377403259, 48.1128196716, 31.3840198517, 75.1697235107, -24.5414924622, -14.9070997238], [326.282592773, 244.18800354, -35.0241737366, -39.826133728, -8.8380651474, 156.036315918, 296.261291504, 29.9411373138, -1.92276418209, 50.4061355591, 58.2799682617, 2.1682715416, 7.06486129761], [39.9073562622, -40.3038825989, 3.45369887352, 48.9488868713, 41.9047164917, 33.4377403259, 29.9411373138, 168.495513916, 78.7024002075, -1.10491800308, 1.60112345219, 6.905854702, 6.56917047501], [49.0021400452, -75.6970596313, 86.4654693604, 70.4510803223, 84.5730743408, 48.1128196716, -1.92276418209, 78.7024002075, 203.593383789, 24.7729930878, 33.9421730042, -7.72660160065, -4.41188955307], [135.153747559, 62.8772277832, -96.6554031372, -8.29728031158, -3.93282175064, 31.3840198517, 50.4061355591, -1.10491800308, 24.7729930878, 150.129882812, 46.9908409119, -15.7892522812, -0.398773014545], [-127.459442139, 43.894821167, 94.0448989868, 22.032037735, 30.0394001007, 75.1697235107, 58.2799682617, 1.60112345219, 33.9421730042, 46.9908409119, 149.473327637, 26.5373516083, 0.904502332211], [-190.62071228, -5.75372505188, 31.8170909882, 31.9590816498, 19.3272533417, -24.5414924622, 2.1682715416, 6.905854702, -7.72660160065, -15.7892522812, 26.5373516083, 119.417236328, 41.962638855], [-1.62826931477, 0.384354352951, 35.9922103882, 16.782699585, -6.44918012619, -14.9070997238, 7.06486129761, 6.56917047501, -4.41188955307, -0.398773014545, 0.904502332211, 41.962638855, 108.652458191]],
