{
"lowlevel": {
    "average_loudness": 0.968067586422,
    "barkbands_crest": {
        "dmean": 2.55972194672,
        "dmean2": 4.27743053436,
        "dvar": 7.37925100327,
        "dvar2": 19.4431228638,
        "max": 22.16065979,
        "mean": 8.6828994751,
        "median": 7.987388134,
        "min": 2.71838569641,
        "var": 11.9529848099
    },
    "barkbands_flatness_db": {
        "dmean": 0.0191738884896,
        "dmean2": 0.0293506830931,
        "dvar": 0.000388155138353,
        "dvar2": 0.00094259402249,
        "max": 0.245894536376,
        "mean": 0.110773921013,
        "median": 0.1055893749,
        "min": 0.0242031924427,
        "var": 0.00180287891999
    },
    "barkbands_kurtosis": {
        "dmean": 1.94746851921,
        "dmean2": 3.14049625397,
        "dvar": 9.65355205536,
        "dvar2": 25.2761974335,
        "max": 28.99634552,
        "mean": 2.56447005272,
        "median": 1.27446699142,
        "min": -1.82128381729,
        "var": 15.4842281342
    },
    "barkbands_skewness": {
        "dmean": 0.451543152332,
        "dmean2": 0.687614738941,
        "dvar": 0.276040136814,
        "dvar2": 0.666017591953,
        "max": 5.18636274338,
        "mean": 1.40983402729,
        "median": 1.32930338383,
        "min": -1.81999611855,
        "var": 0.82798576355
    },
    "barkbands_spread": {
        "dmean": 6.43557167053,
        "dmean2": 9.9151391983,
        "dvar": 61.5849876404,
        "dvar2": 134.752960205,
        "max": 97.4582748413,
        "mean": 26.7038707733,
        "median": 24.374628067,
        "min": 4.64464139938,
        "var": 196.740844727
    },
    "dissonance": {
        "dmean": 0.0161046981812,
        "dmean2": 0.0265281051397,
        "dvar": 0.000187543948414,
        "dvar2": 0.000556231476367,
        "max": 0.499761104584,
        "mean": 0.466439634562,
        "median": 0.470697015524,
        "min": 0.356996059418,
        "var": 0.000453016837128
    },
    "dynamic_complexity": 2.70283532143,
    "erbbands_crest": {
        "dmean": 2.22937774658,
        "dmean2": 3.50638461113,
        "dvar": 4.85207891464,
        "dvar2": 11.6904468536,
        "max": 25.4342880249,
        "mean": 8.57813739777,
        "median": 7.49278354645,
        "min": 2.5823225975,
        "var": 17.0963459015
    },
    "erbbands_flatness_db": {
        "dmean": 0.0164085440338,
        "dmean2": 0.022042511031,
        "dvar": 0.000298125814879,
        "dvar2": 0.000546144729014,
        "max": 0.258790165186,
        "mean": 0.137977391481,
        "median": 0.135681375861,
        "min": 0.0468950159848,
        "var": 0.00133423821535
    },
    "erbbands_kurtosis": {
        "dmean": 0.60435295105,
        "dmean2": 0.947959661484,
        "dvar": 0.561296224594,
        "dvar2": 1.37275052071,
        "max": 9.94478130341,
        "mean": -0.0131352311,
        "median": -0.382035493851,
        "min": -1.57517826557,
        "var": 1.87388300896
    },
    "erbbands_skewness": {
        "dmean": 0.303000658751,
        "dmean2": 0.471189051867,
        "dvar": 0.0795591697097,
        "dvar2": 0.179826200008,
        "max": 2.38328838348,
        "mean": 0.249998494983,
        "median": 0.212701812387,
        "min": -1.52984774113,
        "var": 0.401438564062
    },
    "erbbands_spread": {
        "dmean": 7.89942789078,
        "dmean2": 11.7071409225,
        "dvar": 68.7050018311,
        "dvar2": 156.338592529,
        "max": 109.015342712,
        "mean": 44.0088615417,
        "median": 42.5211448669,
        "min": 8.56089782715,
        "var": 295.085357666
    },
    "hfc": {
        "dmean": 7.05566549301,
        "dmean2": 11.0282354355,
        "dvar": 95.6404418945,
        "dvar2": 224.729232788,
        "max": 108.416236877,
        "mean": 28.1030158997,
        "median": 25.3669319153,
        "min": 3.02943021779e-07,
        "var": 383.551849365
    },
    "melbands_crest": {
        "dmean": 3.03509616852,
        "dmean2": 4.97506189346,
        "dvar": 9.822930336,
        "dvar2": 25.8832149506,
        "max": 29.7524223328,
        "mean": 12.2324266434,
        "median": 11.4437770844,
        "min": 3.89221835136,
        "var": 17.9481697083
    },
    "melbands_flatness_db": {
        "dmean": 0.023508168757,
        "dmean2": 0.0361786335707,
        "dvar": 0.00065308471676,
        "dvar2": 0.00148881704081,
        "max": 0.355219990015,
        "mean": 0.177884161472,
        "median": 0.170248061419,
        "min": 0.0263891033828,
        "var": 0.00326213915832
    },
    "melbands_kurtosis": {
        "dmean": 5.76676416397,
        "dmean2": 9.27924060822,
        "dvar": 104.775978088,
        "dvar2": 280.429626465,
        "max": 104.624710083,
        "mean": 11.1698045731,
        "median": 7.41255474091,
        "min": -1.46477353573,
        "var": 145.873977661
    },
    "melbands_skewness": {
        "dmean": 0.660893201828,
        "dmean2": 1.02511310577,
        "dvar": 0.719889640808,
        "dvar2": 1.7394503355,
        "max": 8.85114574432,
        "mean": 2.58890342712,
        "median": 2.3346517086,
        "min": -0.174651905894,
        "var": 1.96458411217
    },
    "melbands_spread": {
        "dmean": 6.9719119072,
        "dmean2": 10.6147899628,
        "dvar": 101.950080872,
        "dvar2": 209.937286377,
        "max": 195.38218689,
        "mean": 26.7847251892,
        "median": 22.9481048584,
        "min": 3.18726634979,
        "var": 338.809661865
    },
    "pitch_salience": {
        "dmean": 0.0658394992352,
        "dmean2": 0.109293602407,
        "dvar": 0.00440041813999,
        "dvar2": 0.0119036249816,
        "max": 0.850775003433,
        "mean": 0.561426877975,
        "median": 0.558382213116,
        "min": 0.276639163494,
        "var": 0.00833960715681
    },
    "silence_rate_20dB": {
        "dmean": 0,
        "dmean2": 0,
        "dvar": 0,
        "dvar2": 0,
        "max": 1,
        "mean": 1,
        "median": 1,
        "min": 1,
        "var": 0
    },
    "silence_rate_30dB": {
        "dmean": 0.00154798757285,
        "dmean2": 0.00309837330133,
        "dvar": 0.00154558254872,
        "dvar2": 0.00463791470975,
        "max": 1,
        "mean": 0.999226629734,
        "median": 1,
        "min": 0,
        "var": 0.000772795581724
    },
    "silence_rate_60dB": {
        "dmean": 0.00154798757285,
        "dmean2": 0.00309837330133,
        "dvar": 0.0015455794055,
        "dvar2": 0.00308882584795,
        "max": 1,
        "mean": 0.0371229685843,
        "median": 0,
        "min": 0,
        "var": 0.0357450842857
    },
    "spectral_centroid": {
        "dmean": 254.649398804,
        "dmean2": 391.355865479,
        "dvar": 128084,
        "dvar2": 220289.765625,
        "max": 10671.7919922,
        "mean": 1424.64904785,
        "median": 1358.68432617,
        "min": 361.121063232,
        "var": 368656.75
    },
    "spectral_complexity": {
        "dmean": 3.510835886,
        "dmean2": 5.69790840149,
        "dvar": 14.1137056351,
        "dvar2": 34.7978782654,
        "max": 50,
        "mean": 23.0015468597,
        "median": 22,
        "min": 0,
        "var": 77.4958496094
    },
    "spectral_decrease": {
        "dmean": 2.75084710566e-09,
        "dmean2": 4.54375914671e-09,
        "dvar": 2.24031297542e-17,
        "dvar2": 5.82978565405e-17,
        "max": -1.22045139252e-17,
        "mean": -8.08819855536e-09,
        "median": -7.3755894725e-09,
        "min": -3.75932991403e-08,
        "var": 2.81155811618e-17
    },
    "spectral_energy": {
        "dmean": 0.0107563072816,
        "dmean2": 0.017739513889,
        "dvar": 0.000335848337272,
        "dvar2": 0.000874197634403,
        "max": 0.145576685667,
        "mean": 0.0330757312477,
        "median": 0.0304049719125,
        "min": 7.35404237506e-11,
        "var": 0.000439053663285
    },
    "spectral_energyband_high": {
        "dmean": 0.00053838576423,
        "dmean2": 0.000826750940178,
        "dvar": 7.71061195337e-07,
        "dvar2": 1.63477193382e-06,
        "max": 0.0114052407444,
        "mean": 0.00137229380198,
        "median": 0.000801544811111,
        "min": 1.94264153375e-11,
        "var": 2.54373412645e-06
    },
    "spectral_energyband_low": {
        "dmean": 0.00591311557218,
        "dmean2": 0.00988521613181,
        "dvar": 0.000219283683691,
        "dvar2": 0.000583997054491,
        "max": 0.131424978375,
        "mean": 0.0112492693588,
        "median": 0.00851892400533,
        "min": 1.6911770595e-11,
        "var": 0.000191026658285
    },
    "spectral_energyband_middle_high": {
        "dmean": 0.00187323405407,
        "dmean2": 0.00283633195795,
        "dvar": 7.82493498264e-06,
        "dvar2": 1.80464940058e-05,
        "max": 0.0494024641812,
        "mean": 0.00684097642079,
        "median": 0.00435789348558,
        "min": 1.06566370311e-11,
        "var": 4.64197910333e-05
    },
    "spectral_energyband_middle_low": {
        "dmean": 0.00624286197126,
        "dmean2": 0.0102001344785,
        "dvar": 0.000144785357406,
        "dvar2": 0.000378930009902,
        "max": 0.126358360052,
        "mean": 0.0151899736375,
        "median": 0.0117719722912,
        "min": 1.87680166547e-11,
        "var": 0.000183937721886
    },
    "spectral_entropy": {
        "dmean": 0.153132781386,
        "dmean2": 0.219549700618,
        "dvar": 0.0316977612674,
        "dvar2": 0.059254463762,
        "max": 9.80897045135,
        "mean": 7.6739988327,
        "median": 7.72539329529,
        "min": 6.57256793976,
        "var": 0.150467649102
    },
    "spectral_flux": {
        "dmean": 0.0281612798572,
        "dmean2": 0.0446629337966,
        "dvar": 0.00145116145723,
        "dvar2": 0.00287256669253,
        "max": 0.331960439682,
        "mean": 0.0918306112289,
        "median": 0.0805984437466,
        "min": 1.88091653399e-05,
        "var": 0.00294726714492
    },
    "spectral_kurtosis": {
        "dmean": 1.32845962048,
        "dmean2": 2.17047929764,
        "dvar": 3.97950196266,
        "dvar2": 10.6317205429,
        "max": 34.2609291077,
        "mean": 3.87941718102,
        "median": 3.06415081024,
        "min": -1.21252703667,
        "var": 8.61934566498
    },
    "spectral_rms": {
        "dmean": 0.000817365478724,
        "dmean2": 0.00130920473021,
        "dvar": 1.30855335101e-06,
        "dvar2": 3.22811342812e-06,
        "max": 0.0119174681604,
        "mean": 0.00539073348045,
        "median": 0.00544641073793,
        "min": 2.67855853053e-07,
        "var": 3.20903404827e-06
    },
    "spectral_rolloff": {
        "dmean": 593.4140625,
        "dmean2": 965.85949707,
        "dvar": 1166451.25,
        "dvar2": 2260986.5,
        "max": 12898.3886719,
        "mean": 1630.14465332,
        "median": 1227.39257812,
        "min": 86.1328125,
        "var": 2582821.5
    },
    "spectral_skewness": {
        "dmean": 0.193705484271,
        "dmean2": 0.309834331274,
        "dvar": 0.0609854012728,
        "dvar2": 0.158292502165,
        "max": 3.92319536209,
        "mean": 1.4993417263,
        "median": 1.42956542969,
        "min": 0.022488841787,
        "var": 0.175063952804
    },
    "spectral_spread": {
        "dmean": 608905.75,
        "dmean2": 776971.4375,
        "dvar": 1.52356939366e+12,
        "dvar2": 1.78631698022e+12,
        "max": 40960328,
        "mean": 5135366,
        "median": 5063485,
        "min": 1628399.375,
        "var": 3.48218929971e+12
    },
    "spectral_strongpeak": {
        "dmean": 0.702338337898,
        "dmean2": 1.18455374241,
        "dvar": 1.2299015522,
        "dvar2": 2.99257659912,
        "max": 9.71639251709,
        "mean": 1.22271466255,
        "median": 0.589250326157,
        "min": 0,
        "var": 2.15050363541
    },
    "zerocrossingrate": {
        "dmean": 0.0122467139736,
        "dmean2": 0.0140315620229,
        "dvar": 0.00028596224729,
        "dvar2": 0.000305950961774,
        "max": 0.37744140625,
        "mean": 0.0720741674304,
        "median": 0.06396484375,
        "min": 0.01513671875,
        "var": 0.00156170676928
    },
    "barkbands": {
        "dmean": [0.000267288647592, 0.00414631795138, 0.00181820779108, 0.00156577082817, 0.00313606718555, 0.00127159245312, 0.00141443929169, 0.00095955847064, 0.000838614127133, 0.000696206581779, 0.000464195472887, 0.000289446819806, 0.000434105284512, 0.000374240655219, 0.000390730187064, 0.000192316176253, 0.000237369793467, 0.00020004560065, 0.000251090095844, 0.000190439226571, 0.000118522235425, 0.000119637377793, 0.000123312216601, 0.000156976137077, 7.49413957237e-05, 4.49277176813e-05, 2.71495332527e-06],
        "dmean2": [0.000440448813606, 0.0070938821882, 0.00307163666002, 0.00266869715415, 0.00519679812714, 0.00220299442299, 0.00225005461834, 0.00150734232739, 0.00126366340555, 0.00107577966992, 0.00068280211417, 0.000462865340523, 0.000664871593472, 0.000630853872281, 0.000612016068771, 0.000307281967252, 0.000368364446331, 0.000331439601723, 0.000408773514209, 0.000314399745548, 0.000200929105631, 0.000201114220545, 0.000191564919078, 0.000239055778366, 0.000107920903247, 6.45449763397e-05, 4.08458117818e-06],
        "dvar": [3.52024329686e-07, 0.000159917399287, 9.09590471565e-06, 7.13801728125e-06, 5.34686805622e-05, 1.49284132931e-05, 7.65942877479e-06, 5.85193583902e-06, 5.36177594768e-06, 5.01420618093e-06, 1.75000536728e-06, 3.04039957655e-07, 9.84551206784e-07, 5.97018015469e-07, 1.33767559873e-06, 9.28550250023e-08, 2.20595183009e-07, 9.70322489025e-08, 1.64537127034e-07, 1.03810030794e-07, 4.71090260135e-08, 4.2275601686e-08, 5.31649675395e-08, 1.01604783254e-07, 3.22062305713e-08, 7.58981677507e-09, 3.46905941473e-11],
        "dvar2": [7.30453734832e-07, 0.000434645655332, 2.60488450294e-05, 1.87512869161e-05, 0.00014005342382, 4.2870764446e-05, 1.82346793736e-05, 1.26401064335e-05, 1.1738464309e-05, 1.26225431814e-05, 3.09417964672e-06, 6.92443279604e-07, 2.10074449569e-06, 1.47835817188e-06, 3.21192965202e-06, 2.04338491017e-07, 4.73408306334e-07, 2.37734724351e-07, 4.30697639331e-07, 2.5151368277e-07, 1.31810836024e-07, 1.12612269731e-07, 1.12438272026e-07, 1.86090915122e-07, 5.71916487502e-08, 1.55228327969e-08, 7.84214290728e-11],
        "max": [0.00530696893111, 0.112414263189, 0.0281154792756, 0.0451194047928, 0.0759991928935, 0.0375228077173, 0.0286487974226, 0.0495486743748, 0.0429956503212, 0.0422105491161, 0.0318200476468, 0.0075640049763, 0.0128957238048, 0.0140257934108, 0.0205422062427, 0.00506576150656, 0.0106628704816, 0.005645647645, 0.00533046480268, 0.00474911136553, 0.00220320769586, 0.00197890889831, 0.0032127329614, 0.00478917593136, 0.00337036349811, 0.00107443716843, 4.68925536552e-05],
        "mean": [0.000324213819113, 0.00573146110401, 0.00374344782904, 0.00280989450403, 0.0044922507368, 0.00154180906247, 0.00274289469235, 0.00194489187561, 0.00145214155782, 0.00132843642496, 0.000859433086589, 0.000574826670345, 0.00078119506361, 0.000619564671069, 0.000690208980814, 0.000418372190325, 0.000530385994352, 0.000392354064388, 0.000485025724629, 0.000348838744685, 0.000205526885111, 0.000229655503063, 0.000272336677881, 0.000341242062859, 0.000145119294757, 6.71777233947e-05, 3.04000786855e-06],
        "median": [0.000137524519232, 0.00358752324246, 0.00293685682118, 0.00180561398156, 0.00214702403173, 0.000640159356408, 0.000925475615077, 0.000501646602061, 0.000566840288229, 0.000304691551719, 0.00033341080416, 0.000303361797705, 0.000264355243417, 0.000280184816802, 0.000232517646509, 0.000266451854259, 0.000301906344248, 0.000267481256742, 0.000254005426541, 0.000197613349883, 9.24425621633e-05, 9.91234264802e-05, 0.000131994151161, 0.000169730599737, 5.26624389749e-05, 1.68702063092e-05, 3.58569167247e-07],
        "min": [7.97833760863e-12, 1.15583428245e-11, 3.24206937338e-12, 3.70868347968e-13, 5.89826104624e-12, 6.20262868845e-12, 6.88791363355e-13, 3.04781568906e-12, 1.31445830782e-12, 1.17261452284e-12, 5.02664533261e-13, 7.80361723591e-13, 3.93644291425e-13, 1.3975106879e-12, 9.0584993933e-13, 8.06450175736e-13, 1.34019444847e-12, 1.80947487896e-12, 1.2770384793e-12, 8.60627270404e-13, 7.73604487761e-13, 1.80192395293e-12, 2.71909621555e-12, 2.04588516267e-12, 2.28752498714e-12, 3.74556895916e-12, 4.74361912597e-12],
        "var": [4.6986016855e-07, 0.000116401068226, 1.16332521429e-05, 1.05681310743e-05, 5.6078297348e-05, 1.15438942885e-05, 1.99444311875e-05, 2.24594550673e-05, 9.52573191171e-06, 1.46465790749e-05, 4.33191280536e-06, 7.08355344159e-07, 2.49120375884e-06, 1.23261042972e-06, 3.14259750667e-06, 2.76950800071e-07, 5.82931022564e-07, 2.38330571278e-07, 4.02805795829e-07, 2.44935961291e-07, 7.30716607222e-08, 8.72908643146e-08, 1.48292286895e-07, 2.76018823797e-07, 9.01791494812e-08, 1.39253852893e-08, 4.33030174218e-11]
    },
    "erbbands": {
        "dmean": [0.140881359577, 0.911798536777, 2.06772661209, 3.66017222404, 8.90418338776, 11.1778688431, 8.74230575562, 11.2240171432, 14.9235286713, 23.9745998383, 17.5981407166, 19.4748897552, 19.4105415344, 22.0442790985, 12.0368528366, 11.1225233078, 19.5276412964, 13.3905858994, 23.189704895, 12.4075422287, 10.8354148865, 13.0493888855, 11.179725647, 9.59992694855, 13.0044546127, 7.18849992752, 5.23013162613, 4.45145940781, 4.23897981644, 4.02675771713, 3.5946161747, 3.24495506287, 2.5922999382, 1.01701450348, 0.500169098377, 0.236312896013, 0.0772137492895, 0.0118197593838, 0.000277606566669, 1.90918108274e-05],
        "dmean2": [0.235689222813, 1.59842765331, 3.58109974861, 6.17177677155, 14.7425050735, 19.0160961151, 15.0742731094, 19.5635490417, 24.0996112823, 38.1872291565, 26.9796676636, 30.0020751953, 28.1762981415, 32.533821106, 18.5203552246, 17.5856552124, 29.4486713409, 21.3471488953, 37.6126022339, 19.2108135223, 17.1312541962, 20.0238647461, 18.3134937286, 16.2561740875, 21.109495163, 11.8378305435, 9.00110721588, 7.59698390961, 7.2125825882, 6.44702577591, 5.56218528748, 5.10367488861, 3.8924343586, 1.42752015591, 0.727950513363, 0.342675209045, 0.112799175084, 0.0171530339867, 0.000407727813581, 2.91403812298e-05],
        "dvar": [0.162397786975, 8.10991191864, 17.8183860779, 30.1386451721, 308.515441895, 801.463378906, 680.786865234, 1196.6126709, 1032.05358887, 2213.05224609, 2453.40600586, 2580.84204102, 2385.40649414, 4629.55322266, 602.173217773, 533.240966797, 2254.13793945, 629.771850586, 3745.41601562, 971.848327637, 278.509002686, 793.576965332, 339.410980225, 234.586608887, 450.378479004, 143.338272095, 105.897277832, 63.2808074951, 58.6955413818, 41.9580192566, 52.2900009155, 36.4153747559, 39.72996521, 6.29917955399, 1.35991859436, 0.235023334622, 0.0233610514551, 0.00061535340501, 3.35563925091e-07, 7.91003429423e-10],
        "dvar2": [0.430322051048, 22.8592510223, 51.832572937, 80.2054443359, 773.352661133, 2195.91796875, 1888.5769043, 3474.00390625, 2461.90185547, 5257.78515625, 5164.57080078, 5729.56982422, 4814.15429688, 10623.953125, 1437.09912109, 1217.6060791, 4625.44189453, 1511.09387207, 8852.02246094, 2324.57104492, 632.142700195, 1763.81396484, 803.402038574, 641.226135254, 1125.52087402, 353.931854248, 300.558929443, 175.243881226, 157.77432251, 105.197113037, 107.684532166, 74.9393386841, 72.397605896, 10.978307724, 2.64293861389, 0.461726605892, 0.0507359690964, 0.00123424816411, 6.98558096701e-07, 1.82167969598e-09],
        "max": [3.30050325394, 24.4371356964, 34.1847724915, 75.7931365967, 179.284164429, 291.666503906, 354.716125488, 358.57699585, 470.798034668, 693.979614258, 1191.42980957, 1150.45532227, 1050.57092285, 1435.32983398, 527.873657227, 354.747558594, 686.059509277, 326.46774292, 1282.67712402, 613.949035645, 256.620391846, 636.673706055, 336.401550293, 145.554077148, 287.56652832, 210.043518066, 87.4873352051, 78.6253128052, 69.0216827393, 88.1197433472, 99.8972930908, 82.3084716797, 116.801338196, 40.1673774719, 25.4415130615, 8.00199985504, 1.65943586826, 0.213198259473, 0.0047588464804, 0.000223767186981],
        "mean": [0.195252344012, 1.19519805908, 3.93660306931, 7.49320697784, 13.5374612808, 14.5183830261, 10.5746278763, 14.6557064056, 28.2641201019, 52.900970459, 31.2231311798, 35.5119247437, 40.3562698364, 41.7676429749, 26.2537403107, 24.1011638641, 36.5117378235, 26.5995750427, 42.6184272766, 26.2545852661, 27.8534679413, 29.8336658478, 23.1131801605, 19.6610374451, 28.5225257874, 14.9044132233, 8.87314510345, 7.75406694412, 7.84610176086, 8.55485725403, 7.78868055344, 7.04239988327, 5.31475734711, 2.03344154358, 0.886640787125, 0.37469381094, 0.107898674905, 0.0157034453005, 0.000383832986699, 5.44740651094e-05],
        "median": [0.113079220057, 0.747452139854, 3.1168513298, 5.72964143753, 7.924451828, 6.44641780853, 5.09745836258, 5.94668722153, 10.5528392792, 16.0353107452, 11.3398103714, 15.7142095566, 11.8178834915, 11.7423419952, 12.1559247971, 13.1460056305, 13.9661502838, 13.485124588, 13.8313045502, 13.6768350601, 17.5666885376, 17.928155899, 15.7087717056, 13.1799526215, 14.7846031189, 8.84248733521, 4.19089317322, 3.78571295738, 3.23907971382, 4.63821458817, 3.67824053764, 3.43463754654, 2.47222352028, 0.812749028206, 0.305494278669, 0.0977360084653, 0.026371922344, 0.00299542793073, 9.58128002821e-05, 4.65440425614e-05],
        "min": [2.56337590043e-10, 2.89515456053e-09, 4.70622385507e-09, 2.21212426155e-09, 3.31290794797e-09, 2.2447181891e-08, 1.66152283043e-08, 3.02372171745e-08, 7.80072539897e-09, 3.8341266162e-08, 8.42837266646e-08, 2.83200396467e-08, 3.46449873234e-08, 2.73850115917e-08, 1.94264693221e-08, 2.98576132707e-08, 2.31592061084e-08, 5.30323696069e-08, 6.70424498139e-08, 4.43159642316e-08, 6.04599605936e-08, 7.14408230351e-08, 1.17163835966e-07, 6.37798436287e-08, 5.55776473732e-08, 3.7481555637e-08, 4.16484837729e-08, 3.2035213593e-08, 6.61006822611e-08, 5.8209739251e-08, 7.99463606427e-08, 4.51962840486e-08, 3.3883107875e-08, 2.58650096896e-08, 1.48143017853e-08, 1.06634319152e-08, 7.59669571693e-09, 3.25139648538e-09, 8.00811750246e-10, 6.52798370915e-11],
        "var": [0.131413534284, 5.31521129608, 16.0917854309, 49.1546707153, 378.263458252, 716.078308105, 529.938842773, 967.48840332, 2079.70751953, 10478.5478516, 4474.9765625, 4755.76220703, 9183.31933594, 10886.640625, 2031.92773438, 1246.94812012, 5401.92626953, 1285.04455566, 10324.5732422, 2310.08325195, 986.323791504, 1942.28308105, 850.533325195, 395.303497314, 1398.25585938, 362.063598633, 141.71257019, 101.271263123, 110.780464172, 117.764526367, 137.74041748, 101.567115784, 92.9886856079, 17.6299304962, 3.28382658958, 0.47890946269, 0.0366938151419, 0.000923869607504, 4.89788646973e-07, 1.48339851513e-09]
    },
    "gfcc": {
        "mean": [28.2530097961, 87.1525726318, -112.482177734, 37.1525840759, -56.2648925781, 20.9474086761, -42.6019172668, 16.2226524353, -22.2735500336, -0.13171286881, -15.1499843597, -2.19764661789, -16.621307373],
        "cov": [[7639.72607422, -1026.0982666, 310.171722412, 205.585845947, -460.714202881, 196.136367798, -15.7964391708, 185.372283936, -173.29914856, 245.26852417, -136.092514038, 7.10278701782, -148.783081055], [-1026.0982666, 1393.19287109, -252.994308472, -16.6310977936, 354.140472412, -207.216018677, 100.760345459, -72.4004669189, 145.776138306, -132.019622803, 116.161026001, -100.873817444, 75.9569549561], [310.171722412, -252.994308472, 424.887298584, 75.5547714233, -19.6505756378, 49.698425293, -73.8265380859, 18.3191070557, -38.2551383972, 78.6968078613, -63.3163108826, 48.1999473572, -13.9521102905], [205.585845947, -16.6310977936, 75.5547714233, 269.6456604, 56.2819290161, 16.0725059509, -8.21166038513, -5.46345901489, 30.9805316925, -2.47996735573, -3.50902676582, -16.0218009949, 33.1304931641], [-460.714202881, 354.140472412, -19.6505756378, 56.2819290161, 313.093811035, 6.46447324753, 48.0736846924, -5.58350896835, 54.125289917, -28.4883937836, 9.02970981598, -23.315694809, 32.3342170715], [196.136367798, -207.216018677, 49.698425293, 16.0725059509, 6.46447324753, 219.983718872, 43.4754333496, 25.0492134094, -35.4641418457, -17.8435668945, 0.0826292932034, -8.9498090744, -17.411567688], [-15.7964391708, 100.760345459, -73.8265380859, -8.21166038513, 48.0736846924, 43.4754333496, 241.59147644, 16.8212013245, -45.9759941101, -12.4301347733, 0.926044762135, 12.1774864197, -0.200467035174], [185.372283936, -72.4004669189, 18.3191070557, -5.46345901489, -5.58350896835, 25.0492134094, 16.8212013245, 97.8971328735, 25.3383598328, 6.07722139359, 10.2488594055, -10.9598026276, -21.8649578094], [-173.29914856, 145.776138306, -38.2551383972, 30.9805316925, 54.125289917, -35.4641418457, -45.9759941101, 25.3383598328, 139.858642578, 9.2699804306, 24.9398994446, -32.0573616028, 3.08577394485], [245.26852417, -132.019622803, 78.6968078613, -2.47996735573, -28.4883937836, -17.8435668945, -12.4301347733, 6.07722139359, 9.2699804306, 119.225234985, -7.86091470718, 21.9319419861, -11.1731672287], [-136.092514038, 116.161026001, -63.3163108826, -3.50902676582, 9.02970981598, 0.0826292932034, 0.926044762135, 10.2488594055, 24.9398994446, -7.86091470718, 95.0459823608, -14.0520057678, -5.81376361847], [7.10278701782, -100.873817444, 48.1999473572, -16.0218009949, -23.315694809, -8.9498090744, 12.1774864197, -10.9598026276, -32.0573616028, 21.9319419861, -14.0520057678, 101.659675598, 26.3925971985], [-148.783081055, 75.9569549561, -13.9521102905, 33.1304931641, 32.3342170715, -17.411567688, -0.200467035174, -21.8649578094, 3.08577394485, -11.1731672287, -5.81376361847, 26.3925971985, 80.4358215332]],
        "icov": [[0.00019418275042, -0.000150952109834, 0.000155890578753, -0.000348182016751, 0.000323425512761, -0.00026822721702, 0.000186135410331, -0.000532129779458, 0.000413989211665, -0.000550958968233, 0.000429598032497, -9.26591601456e-05, 0.000308959744871], [-0.000150952109834, 0.00285103102215, -0.000999810872599, 0.00152087514289, -0.00230371998623, 0.00292108324356, -0.00211449153721, 0.00273534865119, -0.00231931335293, 0.00299490685575, -0.00326261622831, 0.00253030797467, -0.00203575426713], [0.000155890578753, -0.000999810872599, 0.00466765230522, -0.00212645507418, 0.0002902437991, -0.00203312095255, 0.00271802116185, -0.00259698042646, 0.00267310230993, -0.00364427501336, 0.00343089201488, -0.00273674004711, 0.00219923583791], [-0.000348182016751, 0.00152087514289, -0.00212645507418, 0.00590177625418, -0.00171638082247, 0.00144238723442, -0.0017733334098, 0.00267930352129, -0.00293069658801, 0.0025911363773, -0.00249133491889, 0.00286590261385, -0.00380191905424], [0.000323425512761, -0.00230371998623, 0.0002902437991, -0.00171638082247, 0.00622786954045, -0.00261849747039, 0.000310750125209, -0.00171749840956, -8.30383760331e-06, -0.00182890449651, 0.00271467561834, -0.00104681262746, 0.000280512438621], [-0.00026822721702, 0.00292108324356, -0.00203312095255, 0.00144238723442, -0.00261849747039, 0.00856073386967, -0.00310268602334, 0.0018114275299, -0.00118609948549, 0.00446527730674, -0.00410100864246, 0.00332199735567, -0.00153161899652], [0.000186135410331, -0.00211449153721, 0.00271802116185, -0.0017733334098, 0.000310750125209, -0.00310268602334, 0.00748085975647, -0.00420632679015, 0.00478159729391, -0.00332868215628, 0.00308963470161, -0.00315810809843, 0.00223534647375], [-0.000532129779458, 0.00273534865119, -0.00259698042646, 0.00267930352129, -0.00171749840956, 0.0018114275299, -0.00420632679015, 0.0163565110415, -0.00684601720423, 0.00420279754326, -0.00475154770538, 0.00271291146055, 9.73375244939e-06], [0.000413989211665, -0.00231931335293, 0.00267310230993, -0.00293069658801, -8.30383760331e-06, -0.00118609948549, 0.00478159729391, -0.00684601720423, 0.0139897307381, -0.00542002310976, 0.00175651884638, -7.24573874322e-06, 0.00136401888449], [-0.000550958968233, 0.00299490685575, -0.00364427501336, 0.0025911363773, -0.00182890449651, 0.00446527730674, -0.00332868215628, 0.00420279754326, -0.00542002310976, 0.0148799326271, -0.00433450052515, 0.000708315288648, -0.000981541001238], [0.000429598032497, -0.00326261622831, 0.00343089201488, -0.00249133491889, 0.00271467561834, -0.00410100864246, 0.00308963470161, -0.00475154770538, 0.00175651884638, -0.00433450052515, 0.0164958517998, -0.00311980838887, 0.00378040829673], [-9.26591601456e-05, 0.00253030797467, -0.00273674004711, 0.00286590261385, -0.00104681262746, 0.00332199735567, -0.00315810809843, 0.00271291146055, -7.24573874322e-06, 0.000708315288648, -0.00311980838887, 0.0162679199129, -0.0078111095354], [0.000308959744871, -0.00203575426713, 0.00219923583791, -0.00380191905424, 0.000280512438621, -0.00153161899652, 0.00223534647375, 9.73375244939e-06, 0.00136401888449, -0.000981541001238, 0.00378040829673, -0.0078111095354, 0.0190850533545]]
    },
    "melbands": {
        "dmean": [0.00116911379155, 0.00110325624701, 0.000705407815985, 0.000789407116827, 0.000325892702676, 0.000245711649768, 0.000250146549661, 0.000256383675151, 0.000125616890728, 0.000134528920171, 0.00010467148968, 9.60996330832e-05, 4.69556143798e-05, 3.3568489016e-05, 3.24875072693e-05, 4.97833316331e-05, 2.69339907391e-05, 4.24261415901e-05, 2.88770770567e-05, 1.35870504891e-05, 1.40083184306e-05, 1.5861398424e-05, 1.01119412648e-05, 9.84871712717e-06, 8.27853818919e-06, 1.13223286462e-05, 9.87270686892e-06, 4.22402899858e-06, 3.70096495317e-06, 2.77187086795e-06, 2.78672928289e-06, 2.54911856246e-06, 2.50329844675e-06, 2.3663826596e-06, 2.34801836996e-06, 1.92037055058e-06, 2.25207827498e-06, 2.14041369873e-06, 1.37475615247e-06, 7.88654517692e-07],
        "dmean2": [0.00198118109256, 0.00192222511396, 0.00118865340482, 0.00132140913047, 0.000565082533285, 0.000426206825068, 0.000403044890845, 0.000406845385442, 0.000193155967281, 0.00020584948652, 0.000153263303218, 0.000143341574585, 7.14482084732e-05, 5.33265738341e-05, 5.24327770108e-05, 7.57324814913e-05, 4.38274983026e-05, 6.96799106663e-05, 4.50105726486e-05, 2.1188525352e-05, 2.21837235586e-05, 2.42716505454e-05, 1.68776077771e-05, 1.60827021318e-05, 1.41380896821e-05, 1.83153097169e-05, 1.60671443155e-05, 7.03434488969e-06, 6.52747894492e-06, 4.61234958493e-06, 4.80676771986e-06, 4.42204509454e-06, 4.20010837843e-06, 3.74598107555e-06, 3.69318559024e-06, 3.01938302982e-06, 3.50370373781e-06, 3.23398990076e-06, 2.07823882192e-06, 1.13077931019e-06],
        "dvar": [1.23282570712e-05, 7.45618808651e-06, 1.15309558169e-06, 3.3659773635e-06, 8.99511462649e-07, 5.49016760942e-07, 2.59536534486e-07, 2.43691971491e-07, 1.1662113053e-07, 1.38022642204e-07, 6.80468161818e-08, 9.19569487223e-08, 1.24185151051e-08, 4.73265204803e-09, 4.24155111034e-09, 1.42054270569e-08, 3.1066220707e-09, 1.07165742946e-08, 7.07379133047e-09, 6.0264659929e-10, 4.73619476971e-10, 1.41050093827e-09, 2.70000910518e-10, 3.36449701432e-10, 1.85351956006e-10, 4.01100985759e-10, 3.14151232805e-10, 5.21832577149e-11, 5.84473580645e-11, 2.35423781164e-11, 2.47681528065e-11, 2.33250831844e-11, 1.88566540854e-11, 1.48673538758e-11, 2.19444653421e-11, 1.39622723105e-11, 1.74035091893e-11, 2.56449687874e-11, 1.26491768448e-11, 3.53066599394e-12],
        "dvar2": [3.29591021e-05, 2.13105122384e-05, 2.97593965115e-06, 8.85544795892e-06, 2.51952405961e-06, 1.58892203217e-06, 6.16382465068e-07, 5.67098140891e-07, 2.43682620749e-07, 3.03814687186e-07, 1.40393012771e-07, 2.20172822196e-07, 2.51533798235e-08, 1.07902895508e-08, 9.28925114607e-09, 2.94899997755e-08, 7.29682048117e-09, 2.59815617909e-08, 1.81693255996e-08, 1.20825138783e-09, 1.11873299513e-09, 2.9528866019e-09, 7.04901692572e-10, 7.62843954671e-10, 5.06417907609e-10, 1.04163500048e-09, 7.34081739839e-10, 1.3530621068e-10, 1.66780506072e-10, 6.31911398208e-11, 6.90207752063e-11, 6.40950556519e-11, 5.02753116915e-11, 3.68401316397e-11, 4.73150060798e-11, 2.88754332944e-11, 3.68846377052e-11, 4.74354687474e-11, 2.56605049709e-11, 6.39824478121e-12],
        "max": [0.0310863852501, 0.0218488462269, 0.017020791769, 0.0190815161914, 0.0131117273122, 0.0076683270745, 0.00661026593298, 0.00750626157969, 0.00797963049263, 0.00805138610303, 0.0052288165316, 0.00653476966545, 0.00203678337857, 0.000968048814684, 0.000939200399444, 0.0017169569619, 0.000758121546824, 0.00199876539409, 0.00182525836863, 0.00046783714788, 0.000308238813886, 0.00092246074928, 0.000190719292732, 0.000414958019974, 0.000125152466353, 0.000353474461008, 0.000246629409958, 9.84487705864e-05, 7.90446501924e-05, 5.62226960028e-05, 4.3630006985e-05, 4.46106969321e-05, 5.25887408003e-05, 5.67760253034e-05, 5.87520517001e-05, 5.14076600666e-05, 5.47507261217e-05, 9.46300569922e-05, 5.69424773857e-05, 2.73266268778e-05],
        "mean": [0.00164414581377, 0.00189306528773, 0.00146067480091, 0.00110987608787, 0.000403742538765, 0.000320195802487, 0.000482423434732, 0.000580134626944, 0.000211199265323, 0.000234017861658, 0.000207311037229, 0.000179947441211, 9.20695456443e-05, 6.82309109834e-05, 6.09228627582e-05, 8.67222406669e-05, 4.51104242529e-05, 7.32796615921e-05, 4.78406291222e-05, 2.72956658591e-05, 3.35536533385e-05, 3.39269099641e-05, 2.07299672184e-05, 1.85987446457e-05, 1.47990758705e-05, 2.11536353163e-05, 1.89601632883e-05, 7.56952340453e-06, 5.58101237402e-06, 4.72788815387e-06, 4.40289613834e-06, 4.23267465521e-06, 4.69333872388e-06, 4.8367242016e-06, 4.64235472464e-06, 3.99732743972e-06, 4.47431102657e-06, 4.13183170167e-06, 2.53306643572e-06, 1.44490149978e-06],
        "median": [0.00097140239086, 0.00140932691284, 0.00116169638932, 0.000529514625669, 0.000196260720259, 0.000130813903525, 0.000176701330929, 0.000174190659891, 7.22854019841e-05, 9.18895093491e-05, 5.46980772924e-05, 4.63603792014e-05, 3.96754403482e-05, 3.31100054609e-05, 2.94527435472e-05, 2.72610450338e-05, 2.32969323406e-05, 2.22886847041e-05, 1.8386703232e-05, 1.59194078151e-05, 2.04199877771e-05, 1.81421655725e-05, 1.43170018418e-05, 1.12876186904e-05, 9.29468933464e-06, 1.02522926682e-05, 9.03809086594e-06, 3.86164447264e-06, 2.46004560722e-06, 2.01869283956e-06, 2.02747855838e-06, 1.54849237788e-06, 2.13390853787e-06, 2.57052442976e-06, 2.10159055314e-06, 1.79032042524e-06, 2.11371298064e-06, 1.86170268535e-06, 9.18664113669e-07, 5.23523397078e-07],
        "min": [3.16356099303e-12, 3.06881733567e-12, 3.61894189746e-13, 8.52259669087e-13, 5.87277893416e-13, 7.76236551165e-13, 1.05754204764e-13, 5.35411396208e-13, 6.64766473205e-13, 1.38402906757e-13, 1.74555845039e-13, 1.13529445447e-13, 6.22759222663e-14, 5.73241879854e-14, 9.32256997836e-14, 4.63676677349e-14, 1.01124085505e-13, 1.19480732816e-13, 6.68776083232e-14, 4.84220953265e-14, 7.92198812517e-14, 7.50869771091e-14, 9.32438533937e-14, 8.0571474785e-14, 5.05088287547e-14, 5.05764219838e-14, 2.92765181401e-14, 2.43520769549e-14, 2.86275689298e-14, 1.64338994615e-14, 2.10237778792e-14, 3.48617110928e-14, 3.85365093243e-14, 3.52655052513e-14, 5.65075093108e-14, 3.01755622985e-14, 2.49559741768e-14, 2.4036863808e-14, 2.44524418888e-14, 1.97011240736e-14],
        "var": [9.53614562604e-06, 5.58355850444e-06, 1.77748427177e-06, 3.49161018676e-06, 6.80734444813e-07, 4.47051490937e-07, 5.66443475236e-07, 1.32257673613e-06, 2.1171551623e-07, 2.47363544759e-07, 2.71072423175e-07, 2.06806276992e-07, 3.3800915844e-08, 1.11227089761e-08, 9.06126285116e-09, 3.68323647137e-08, 5.28231103303e-09, 2.97733500076e-08, 1.30178463564e-08, 1.67455826983e-09, 1.50551437983e-09, 3.5087890371e-09, 5.22995202701e-10, 8.77784234188e-10, 2.5763305378e-10, 9.58727985889e-10, 8.40711111838e-10, 9.86443704498e-11, 6.8450620172e-11, 4.29729307694e-11, 3.46657355599e-11, 3.60432933499e-11, 3.95348441484e-11, 4.0440362864e-11, 5.36052001399e-11, 3.59989850429e-11, 4.60635557475e-11, 5.76131191365e-11, 2.86714350178e-11, 9.53786702396e-12]
    },
    "mfcc": {
        "mean": [-613.429443359, 113.844665527, 5.06223964691, 18.7083435059, 12.4396619797, 2.57730388641, -0.369008183479, 9.2965555191, -3.50868678093, 6.44227409363, -0.195360079408, 0.163601756096, -0.420025587082],
        "cov": [[5713.87451172, -780.034362793, 414.487854004, 19.1611785889, -255.464935303, -18.2358150482, 78.7172698975, 11.4997701645, -3.3087785244, 141.038269043, 22.0324993134, -29.6819705963, -39.4412879944], [-780.034362793, 1291.10839844, -377.390228271, 152.331756592, 125.902236938, -27.304857254, -12.9375591278, 28.3619441986, 25.1864395142, -59.3568840027, 56.9384269714, 70.6741104126, 33.1278190613], [414.487854004, -377.390228271, 408.12121582, -19.0926246643, 9.0627450943, 13.8662395477, -17.6732788086, -47.0478820801, -1.92431032658, -7.22061395645, -18.0313587189, -2.48110413551, -0.814152598381], [19.1611785889, 152.331756592, -19.0926246643, 289.164581299, 46.0963172913, 23.917848587, -19.6787853241, -32.0139923096, 71.8848342896, -49.6093025208, 4.04762458801, 35.0102005005, 19.9532680511], [-255.464935303, 125.902236938, 9.0627450943, 46.0963172913, 301.198120117, 17.495847702, -62.00522995, 7.83621406555, 5.82058525085, 63.7458229065, -24.5350055695, 8.77680110931, 27.0604534149], [-18.2358150482, -27.304857254, 13.8662395477, 23.917848587, 17.495847702, 155.403579712, 69.8370285034, 13.6289272308, 41.1713867188, -26.4878406525, -1.34756314754, -1.67599570751, -15.7501211166], [78.7172698975, -12.9375591278, -17.6732788086, -19.6787853241, -62.00522995, 69.8370285034, 207.264724731, 63.4464797974, 10.8721723557, -18.0416259766, 14.3336143494, -0.698526859283, -34.1827659607], [11.4997701645, 28.3619441986, -47.0478820801, -32.0139923096, 7.83621406555, 13.6289272308, 63.4464797974, 141.292129517, -8.98053455353, 33.6951980591, 3.21308898926, -25.6947593689, -7.73929643631], [-3.3087785244, 25.1864395142, -1.92431032658, 71.8848342896, 5.82058525085, 41.1713867188, 10.8721723557, -8.98053455353, 119.993774414, -26.4208869934, 0.165370494127, 12.6079502106, -3.1829419136], [141.038269043, -59.3568840027, -7.22061395645, -49.6093025208, 63.7458229065, -26.4878406525, -18.0416259766, 33.6951980591, -26.4208869934, 160.336776733, 25.5861663818, -20.5068206787, 8.23712730408], [22.0324993134, 56.9384269714, -18.0313587189, 4.04762458801, -24.5350055695, -1.34756314754, 14.3336143494, 3.21308898926, 0.165370494127, 25.5861663818, 88.0694885254, 17.3245639801, -11.7827959061], [-29.6819705963, 70.6741104126, -2.48110413551, 35.0102005005, 8.77680110931, -1.67599570751, -0.698526859283, -25.6947593689, 12.6079502106, -20.5068206787, 17.3245639801, 89.8934249878, 31.1783275604], [-39.4412879944, 33.1278190613, -0.814152598381, 19.9532680511, 27.0604534149, -15.7501211166, -34.1827659607, -7.73929643631, -3.1829419136, 8.23712730408, -11.7827959061, 31.1783275604, 82.3869018555]],
