{
"lowlevel": {
    "average_loudness": 0.984422028065,
    "barkbands_crest": {
        "dmean": 2.3801779747,
        "dmean2": 3.8946723938,
        "dvar": 5.31789064407,
        "dvar2": 13.6116437912,
        "max": 20.4675540924,
        "mean": 7.49697256088,
        "median": 6.79713106155,
        "min": 2.34292578697,
        "var": 8.53168487549
    },
    "barkbands_flatness_db": {
        "dmean": 0.0170254539698,
        "dmean2": 0.0285496432334,
        "dvar": 0.000259820866631,
        "dvar2": 0.000734577362891,
        "max": 0.24241669476,
        "mean": 0.127237439156,
        "median": 0.124743409455,
        "min": 0.0608987770975,
        "var": 0.000462295516627
    },
    "barkbands_kurtosis": {
        "dmean": 1.20934820175,
        "dmean2": 2.09329557419,
        "dvar": 3.57973122597,
        "dvar2": 9.56623268127,
        "max": 28.7765254974,
        "mean": 0.204207524657,
        "median": -0.324383735657,
        "min": -1.72073256969,
        "var": 4.75674057007
    },
    "barkbands_skewness": {
        "dmean": 0.438721746206,
        "dmean2": 0.719356477261,
        "dvar": 0.210752502084,
        "dvar2": 0.566418945789,
        "max": 5.2689371109,
        "mean": 0.984531521797,
        "median": 0.896259427071,
        "min": -0.419733971357,
        "var": 0.374130725861
    },
    "barkbands_spread": {
        "dmean": 6.08684206009,
        "dmean2": 9.78372859955,
        "dvar": 34.8837738037,
        "dvar2": 89.8358001709,
        "max": 81.7643432617,
        "mean": 35.0664215088,
        "median": 34.8758583069,
        "min": 7.34050559998,
        "var": 85.2376251221
    },
    "dissonance": {
        "dmean": 0.0092041939497,
        "dmean2": 0.0156252924353,
        "dvar": 6.72064852552e-05,
        "dvar2": 0.000187685378478,
        "max": 0.499837487936,
        "mean": 0.483262181282,
        "median": 0.486110270023,
        "min": 0.405059456825,
        "var": 0.000132700428367
    },
    "dynamic_complexity": 1.08153772354,
    "erbbands_crest": {
        "dmean": 1.59408736229,
        "dmean2": 2.67335581779,
        "dvar": 2.35600090027,
        "dvar2": 6.03797054291,
        "max": 20.8869228363,
        "mean": 5.72356367111,
        "median": 5.10103464127,
        "min": 2.56915473938,
        "var": 5.11399030685
    },
    "erbbands_flatness_db": {
        "dmean": 0.00966242793947,
        "dmean2": 0.0145968552679,
        "dvar": 7.10723252269e-05,
        "dvar2": 0.000148807608639,
        "max": 0.249099686742,
        "mean": 0.1663017869,
        "median": 0.165504828095,
        "min": 0.109080724418,
        "var": 0.000299559207633
    },
    "erbbands_kurtosis": {
        "dmean": 0.405098855495,
        "dmean2": 0.647090852261,
        "dvar": 0.137448400259,
        "dvar2": 0.337326526642,
        "max": 4.00872373581,
        "mean": -0.415754854679,
        "median": -0.492029190063,
        "min": -1.7110632658,
        "var": 0.344355344772
    },
    "erbbands_skewness": {
        "dmean": 0.245238378644,
        "dmean2": 0.391471356153,
        "dvar": 0.0434766709805,
        "dvar2": 0.109740667045,
        "max": 1.30693936348,
        "mean": -0.264537841082,
        "median": -0.318378180265,
        "min": -1.79005336761,
        "var": 0.166462033987
    },
    "erbbands_spread": {
        "dmean": 7.50804567337,
        "dmean2": 11.8471832275,
        "dvar": 55.8124389648,
        "dvar2": 135.476119995,
        "max": 108.917526245,
        "mean": 43.9476356506,
        "median": 41.6730613708,
        "min": 14.1206159592,
        "var": 166.329391479
    },
    "hfc": {
        "dmean": 6.14160585403,
        "dmean2": 9.05855846405,
        "dvar": 43.1346473694,
        "dvar2": 86.018951416,
        "max": 110.845420837,
        "mean": 31.1549549103,
        "median": 29.7216072083,
        "min": 0.000392039481085,
        "var": 156.271881104
    },
    "melbands_crest": {
        "dmean": 3.31388354301,
        "dmean2": 5.43423748016,
        "dvar": 8.73541355133,
        "dvar2": 21.7177715302,
        "max": 29.8192634583,
        "mean": 12.6620111465,
        "median": 11.9344921112,
        "min": 3.78587198257,
        "var": 17.0451984406
    },
    "melbands_flatness_db": {
        "dmean": 0.0228352043778,
        "dmean2": 0.0373860001564,
        "dvar": 0.0005155079416,
        "dvar2": 0.00132603710517,
        "max": 0.291870892048,
        "mean": 0.140704184771,
        "median": 0.137759268284,
        "min": 0.0396396964788,
        "var": 0.0010984253604
    },
    "melbands_kurtosis": {
        "dmean": 4.78983449936,
        "dmean2": 8.11581039429,
        "dvar": 51.2812080383,
        "dvar2": 132.254165649,
        "max": 143.928070068,
        "mean": 7.37158966064,
        "median": 5.01602077484,
        "min": -0.798812627792,
        "var": 87.6864395142
    },
    "melbands_skewness": {
        "dmean": 0.686899185181,
        "dmean2": 1.12235724926,
        "dvar": 0.568616688251,
        "dvar2": 1.4835703373,
        "max": 10.676156044,
        "mean": 2.39780449867,
        "median": 2.21962118149,
        "min": 0.307360172272,
        "var": 1.12193286419
    },
    "melbands_spread": {
        "dmean": 9.31510925293,
        "dmean2": 15.0334157944,
        "dvar": 77.4432754517,
        "dvar2": 200.478683472,
        "max": 99.5031051636,
        "mean": 34.9726333618,
        "median": 33.9319648743,
        "min": 3.93621826172,
        "var": 164.032287598
    },
    "pitch_salience": {
        "dmean": 0.067431434989,
        "dmean2": 0.110760442913,
        "dvar": 0.00409787287936,
        "dvar2": 0.0107889464125,
        "max": 0.808521509171,
        "mean": 0.592201948166,
        "median": 0.597525715828,
        "min": 0.184851035476,
        "var": 0.00665641203523
    },
    "silence_rate_20dB": {
        "dmean": 0,
        "dmean2": 0,
        "dvar": 0,
        "dvar2": 0,
        "max": 1,
        "mean": 1,
        "median": 1,
        "min": 1,
        "var": 0
    },
    "silence_rate_30dB": {
        "dmean": 0,
        "dmean2": 0,
        "dvar": 0,
        "dvar2": 0,
        "max": 1,
        "mean": 1,
        "median": 1,
        "min": 1,
        "var": 0
    },
    "silence_rate_60dB": {
        "dmean": 0.000774593325332,
        "dmean2": 0.00154978688806,
        "dvar": 0.000773989362642,
        "dvar2": 0.00154736766126,
        "max": 1,
        "mean": 0.0100658144802,
        "median": 0,
        "min": 0,
        "var": 0.00996426492929
    },
    "spectral_centroid": {
        "dmean": 277.25604248,
        "dmean2": 450.548492432,
        "dvar": 66587.3984375,
        "dvar2": 179152.234375,
        "max": 3302.07641602,
        "mean": 1982.59753418,
        "median": 1999.14172363,
        "min": 529.574401855,
        "var": 161143.796875
    },
    "spectral_complexity": {
        "dmean": 4.50426006317,
        "dmean2": 7.04416894913,
        "dvar": 13.3220281601,
        "dvar2": 31.8243656158,
        "max": 63,
        "mean": 38.0046463013,
        "median": 39,
        "min": 0,
        "var": 76.2491989136
    },
    "spectral_decrease": {
        "dmean": 3.05652458898e-09,
        "dmean2": 5.16101605896e-09,
        "dvar": 1.81454127657e-17,
        "dvar2": 4.91281524775e-17,
        "max": -1.19434193438e-13,
        "mean": -8.03829980356e-09,
        "median": -7.05177338745e-09,
        "min": -3.01727780538e-08,
        "var": 1.78332348025e-17
    },
    "spectral_energy": {
        "dmean": 0.0119135184214,
        "dmean2": 0.019994456321,
        "dvar": 0.000269204814686,
        "dvar2": 0.000727373815607,
        "max": 0.118835233152,
        "mean": 0.0331643372774,
        "median": 0.0293524935842,
        "min": 4.86329213345e-07,
        "var": 0.000273962912615
    },
    "spectral_energyband_high": {
        "dmean": 0.000528657401446,
        "dmean2": 0.000722227850929,
        "dvar": 4.33786766507e-07,
        "dvar2": 6.74266004808e-07,
        "max": 0.0115583688021,
        "mean": 0.00183764600661,
        "median": 0.00150798761752,
        "min": 1.52639252349e-08,
        "var": 1.68114684129e-06
    },
    "spectral_energyband_low": {
        "dmean": 0.00701497634873,
        "dmean2": 0.0120128551498,
        "dvar": 0.000162428841577,
        "dvar2": 0.000444048142526,
        "max": 0.0975735932589,
        "mean": 0.0112296780571,
        "median": 0.00827878620476,
        "min": 1.60117963333e-07,
        "var": 0.000139230687637
    },
    "spectral_energyband_middle_high": {
        "dmean": 0.00181673280895,
        "dmean2": 0.00287738419138,
        "dvar": 3.05464095618e-06,
        "dvar2": 7.65212280385e-06,
        "max": 0.0235676374286,
        "mean": 0.00781631097198,
        "median": 0.00726617500186,
        "min": 1.00483418919e-07,
        "var": 1.2406748283e-05
    },
    "spectral_energyband_middle_low": {
        "dmean": 0.0067073921673,
        "dmean2": 0.0111904768273,
        "dvar": 0.000137383161928,
        "dvar2": 0.000376617448637,
        "max": 0.10213830322,
        "mean": 0.0144200902432,
        "median": 0.0118067730218,
        "min": 2.4858312031e-07,
        "var": 0.000131207329105
    },
    "spectral_entropy": {
        "dmean": 0.0718469396234,
        "dmean2": 0.112661108375,
        "dvar": 0.00520577514544,
        "dvar2": 0.0116089740768,
        "max": 8.41241645813,
        "mean": 7.91275596619,
        "median": 7.9092669487,
        "min": 7.37808513641,
        "var": 0.0161800105125
    },
    "spectral_flux": {
        "dmean": 0.0274708587676,
        "dmean2": 0.0426387488842,
        "dvar": 0.00110345182475,
        "dvar2": 0.00200353609398,
        "max": 0.281644165516,
        "mean": 0.101716585457,
        "median": 0.0887484177947,
        "min": 0.000697373063304,
        "var": 0.00191312364768
    },
    "spectral_kurtosis": {
        "dmean": 1.03606212139,
        "dmean2": 1.82411301136,
        "dvar": 0.83604568243,
        "dvar2": 2.55898189545,
        "max": 11.2190093994,
        "mean": 1.52941727638,
        "median": 1.31490802765,
        "min": -0.548861503601,
        "var": 1.19219779968
    },
    "spectral_rms": {
        "dmean": 0.000920883729123,
        "dmean2": 0.00149958347902,
        "dvar": 1.20176844121e-06,
        "dvar2": 3.20396361531e-06,
        "max": 0.0107673956081,
        "mean": 0.00553170079365,
        "median": 0.00535131571814,
        "min": 2.17822762352e-05,
        "var": 1.75570960437e-06
    },
    "spectral_rolloff": {
        "dmean": 663.526733398,
        "dmean2": 1095.24938965,
        "dvar": 498228.75,
        "dvar2": 1257384.875,
        "max": 8010.3515625,
        "mean": 2205.01757812,
        "median": 2217.91992188,
        "min": 107.666015625,
        "var": 1057379.25
    },
    "spectral_skewness": {
        "dmean": 0.14732478559,
        "dmean2": 0.248661503196,
        "dvar": 0.0146150495857,
        "dvar2": 0.0408719368279,
        "max": 2.88318228722,
        "mean": 0.779294252396,
        "median": 0.752173602581,
        "min": 0.193676695228,
        "var": 0.038582701236
    },
    "spectral_spread": {
        "dmean": 286783.75,
        "dmean2": 424791.28125,
        "dvar": 87899193344,
        "dvar2": 143816261632,
        "max": 9899787,
        "mean": 3811730,
        "median": 3697405.25,
        "min": 2531653.25,
        "var": 383440879616
    },
    "spectral_strongpeak": {
        "dmean": 0.349221527576,
        "dmean2": 0.595251739025,
        "dvar": 0.315266311169,
        "dvar2": 0.822470903397,
        "max": 6.39097309113,
        "mean": 0.595614910126,
        "median": 0.368428945541,
        "min": 0,
        "var": 0.40786215663
    },
    "zerocrossingrate": {
        "dmean": 0.00913626793772,
        "dmean2": 0.0111926319078,
        "dvar": 6.56830889056e-05,
        "dvar2": 9.14247866604e-05,
        "max": 0.212890625,
        "mean": 0.0750788673759,
        "median": 0.072265625,
        "min": 0.01611328125,
        "var": 0.000406396517064
    },
    "barkbands": {
        "dmean": [9.7341122455e-05, 0.0040423264727, 0.00291111483239, 0.00296017131768, 0.00357016990893, 0.000746189616621, 0.000660239427816, 0.000741447496694, 0.000782541232184, 0.000740351737477, 0.000276432052488, 0.00048074539518, 0.000489856058266, 0.000355629948899, 0.000329021713696, 0.000372121867258, 0.000485436437884, 0.000253151665675, 0.000274684483884, 0.000277838902548, 0.000204283263884, 0.000159311748575, 0.000119528493087, 8.66910559125e-05, 1.79273702088e-05, 1.83637638429e-08, 5.11017050897e-09],
        "dmean2": [0.000144224031828, 0.0067438846454, 0.00537940161303, 0.00499478774145, 0.00612527132034, 0.00119643611833, 0.00103899929672, 0.00118219770957, 0.00123827613425, 0.00118680333253, 0.00045971974032, 0.000784251256846, 0.000805798743386, 0.000572665419895, 0.000538116379175, 0.000623748754151, 0.000817984691821, 0.000422999786679, 0.000458380556665, 0.00045283162035, 0.000321024970617, 0.000237335989368, 0.000169468927197, 0.000122979501612, 2.58655327343e-05, 2.90968955596e-08, 9.60491597368e-09],
        "dvar": [3.20736077697e-08, 4.42176824436e-05, 4.53229440609e-05, 1.90536902664e-05, 6.68169013807e-05, 1.26394490962e-06, 9.99997610052e-07, 1.60942965977e-06, 1.22552683024e-06, 9.3454684702e-07, 1.39010779776e-07, 4.62603736651e-07, 5.35406286417e-07, 3.42356344163e-07, 2.14280248656e-07, 1.46167124626e-07, 2.33493409496e-07, 6.74930973332e-08, 6.97835673691e-08, 8.89953639671e-08, 5.65951836506e-08, 4.2284895585e-08, 3.41108545854e-08, 3.59201166589e-08, 3.93259824705e-09, 4.10433541537e-15, 6.34499781173e-16],
        "dvar2": [7.0746551728e-08, 0.000112884721602, 0.000130615313537, 5.2070714446e-05, 0.000185305587365, 3.14956832881e-06, 2.31794842875e-06, 3.64856396118e-06, 2.96941925626e-06, 2.13445969166e-06, 3.56453369932e-07, 1.18724688036e-06, 1.36092739922e-06, 7.89975331372e-07, 5.11225664468e-07, 3.70818042938e-07, 6.30744409591e-07, 1.76880973868e-07, 1.87138979868e-07, 2.28097960076e-07, 1.26962902414e-07, 8.00977559834e-08, 6.03532939181e-08, 6.80842759948e-08, 7.4204669076e-09, 9.44583868317e-15, 1.77849644463e-15],
        "max": [0.00153521541506, 0.0609757378697, 0.052224189043, 0.0445572212338, 0.0623115040362, 0.0155397970229, 0.0175977647305, 0.0287788026035, 0.0211123097688, 0.0167697258294, 0.00787635426968, 0.0141122210771, 0.0156825166196, 0.00770312454551, 0.00698761641979, 0.00575709575787, 0.00568537274376, 0.00359451863915, 0.00300324708223, 0.00542895449325, 0.00494253030047, 0.00337350578047, 0.00332499481738, 0.00394957698882, 0.00227460241877, 1.32558386667e-06, 4.5737505161e-07],
        "mean": [0.000117725401651, 0.00624882988632, 0.00307014188729, 0.00443751132116, 0.00409711804241, 0.00124758400489, 0.00110150815453, 0.00129678635858, 0.00151289685164, 0.0013131351443, 0.000452397856861, 0.000798770342954, 0.000892806972843, 0.000620266539045, 0.000662458594888, 0.000768525758758, 0.00102048867848, 0.000569590483792, 0.000738585018553, 0.00074989249697, 0.000544913578779, 0.000394537433749, 0.000279616855551, 0.000198192734388, 3.00338015222e-05, 2.49735307989e-08, 3.33443583855e-09],
        "median": [1.84371965588e-05, 0.00426636636257, 0.00134435726795, 0.00321813905612, 0.0019462723285, 0.000677917152643, 0.0005650834064, 0.000660870922729, 0.0009918079013, 0.000839661748614, 0.000307840789901, 0.000572314776946, 0.000586612848565, 0.000363657542039, 0.000446507765446, 0.00065637845546, 0.000880051811691, 0.000500263995491, 0.00068091659341, 0.000675360381138, 0.000462141586468, 0.000296751270071, 0.0001818107703, 0.000119898431876, 1.11881945486e-05, 8.53680059976e-09, 5.47939915663e-10],
        "min": [5.6872675458e-09, 6.0851021999e-08, 5.84598645048e-08, 5.65981679301e-08, 1.09655395875e-08, 5.28500123664e-08, 1.56888102509e-08, 9.61945403333e-08, 1.13003864044e-08, 9.3060830153e-09, 1.49224206325e-08, 1.26601324979e-08, 6.30870999885e-09, 1.69893532576e-09, 5.48558576341e-09, 1.0766028069e-08, 1.72962586475e-08, 1.47821115348e-08, 5.00963093231e-09, 6.9128254232e-09, 6.96234847553e-09, 2.76989631232e-09, 1.41872946724e-09, 1.41923595098e-09, 5.49825029256e-12, 3.93032351456e-12, 5.47954823876e-12],
        "var": [4.88727174286e-08, 4.80429371237e-05, 2.92196709779e-05, 1.92783609236e-05, 5.28420496266e-05, 2.6212217108e-06, 2.77537333204e-06, 4.53874235973e-06, 2.89488298222e-06, 2.27198097491e-06, 2.57744716237e-07, 7.41952987937e-07, 1.24472762764e-06, 7.06306707343e-07, 5.17719456639e-07, 2.59306233374e-07, 4.02254784149e-07, 1.23394002571e-07, 1.56639359261e-07, 1.86364815136e-07, 1.33759954224e-07, 1.09549375793e-07, 1.00477294041e-07, 9.5390781496e-08, 7.5270554234e-09, 5.71442476942e-15, 3.81306545464e-16]
    },
    "erbbands": {
        "dmean": [0.0842220783234, 1.08568966389, 3.22365164757, 6.36643123627, 13.6452283859, 10.9959106445, 7.16764116287, 4.72859621048, 7.33246612549, 15.0024614334, 12.7881650925, 18.5153636932, 25.7017669678, 12.4693145752, 11.2841558456, 20.3527355194, 22.2707595825, 19.0228843689, 15.6638822556, 15.114233017, 19.7594223022, 28.3714923859, 12.1195850372, 15.4530763626, 12.790643692, 13.7540740967, 10.172077179, 7.29569864273, 6.07037639618, 4.12185287476, 3.47210741043, 2.17042970657, 1.26256227493, 0.39087677002, 0.0169569756836, 0.000811428704765, 6.24359308858e-05, 1.17664267236e-05, 7.61281262385e-06, 1.3770235455e-05],
        "dmean2": [0.130603760481, 1.83132576942, 5.89365959167, 11.0582227707, 22.430519104, 19.7672367096, 11.7579393387, 7.70037651062, 11.5283203125, 23.850151062, 20.7531242371, 29.139705658, 41.2347373962, 20.0837211609, 18.5179748535, 33.2424697876, 36.5771713257, 30.7164611816, 25.3301448822, 24.7655200958, 33.0293502808, 47.8142356873, 20.0584392548, 26.0988330841, 21.4089660645, 22.5298786163, 16.2392120361, 11.166179657, 9.05535507202, 5.94796800613, 5.09693098068, 3.11049604416, 1.79100751877, 0.541670024395, 0.0239632669836, 0.00112547457684, 8.48199415486e-05, 1.61198859132e-05, 1.17933986985e-05, 2.26257725444e-05],
        "dvar": [0.0194314848632, 3.45106911659, 50.2080345154, 91.4211273193, 832.716125488, 674.496582031, 120.22177887, 53.4531784058, 182.001403809, 662.582824707, 415.374938965, 872.718444824, 1103.60449219, 315.997772217, 175.668991089, 954.047058105, 1249.53625488, 964.557800293, 488.208892822, 277.585357666, 422.002288818, 827.649108887, 152.059448242, 237.340652466, 160.949539185, 223.180862427, 143.903549194, 71.1768417358, 61.0794029236, 37.7559967041, 32.0098838806, 20.3143501282, 8.71302032471, 1.77891623974, 0.00863764807582, 1.72346608451e-05, 3.79275739704e-08, 7.75665476294e-10, 1.15729238692e-10, 3.35333372181e-10],
        "dvar2": [0.0415139757097, 9.25517368317, 144.630096436, 257.565795898, 2134.07397461, 1928.19238281, 313.094818115, 142.279937744, 420.525085449, 1409.04663086, 1007.78149414, 2091.18554688, 2617.87304688, 740.873352051, 426.342010498, 2469.9909668, 3207.10668945, 2190.58862305, 1231.34973145, 684.092041016, 1108.74365234, 2250.89599609, 383.305603027, 642.20300293, 422.433410645, 575.093383789, 321.16104126, 153.708618164, 118.023223877, 68.6943893433, 65.5320129395, 41.9646949768, 16.3797302246, 3.21174860001, 0.0179704297334, 3.53319810529e-05, 6.80590801494e-08, 1.44329925789e-09, 2.69636452055e-10, 8.95653162747e-10],
        "max": [1.30505168438, 16.8254699707, 50.0033569336, 82.9316711426, 226.139007568, 221.669128418, 143.294845581, 93.2031021118, 285.626586914, 624.85534668, 351.885650635, 637.984985352, 635.874389648, 380.100524902, 236.070526123, 724.644775391, 841.111755371, 454.619659424, 417.254516602, 276.360076904, 309.056213379, 391.738067627, 187.656402588, 162.3099823, 169.092834473, 302.367462158, 299.695861816, 131.751449585, 117.151908875, 117.055793762, 117.467041016, 98.3501052856, 62.9579544067, 48.0156936646, 3.8553173542, 0.172865375876, 0.00729487836361, 0.000755200395361, 0.000182159521501, 0.000139026466059],
        "mean": [0.122037574649, 1.58249008656, 3.85195565224, 9.10353755951, 18.0593490601, 11.4024171829, 11.6916589737, 7.68388557434, 12.7879600525, 27.2234916687, 24.0939064026, 35.9533882141, 46.2897415161, 23.4547424316, 20.556312561, 36.0800971985, 42.8494224548, 36.3984069824, 31.7856636047, 35.3575286865, 44.9853477478, 59.8964271545, 31.3968276978, 39.6394615173, 34.6800537109, 36.4696464539, 26.5378284454, 18.7844390869, 14.9832468033, 9.96049404144, 7.87736988068, 4.90705442429, 2.74952244759, 0.728557050228, 0.0265947636217, 0.00140178145375, 0.000144346617162, 3.1155472243e-05, 2.5666466172e-05, 4.25382168032e-05],
        "median": [0.060632288456, 1.11483466625, 2.19242501259, 6.72852945328, 8.46374320984, 5.64072465897, 6.30451011658, 4.72551774979, 5.99946022034, 14.0934848785, 15.6917257309, 21.6871852875, 32.3255310059, 14.1880588531, 15.2473049164, 25.8565349579, 29.1976165771, 22.6876907349, 21.8921756744, 27.609462738, 39.5192260742, 52.0816040039, 27.8677520752, 36.0286102295, 32.0441741943, 32.4855232239, 23.0456581116, 15.1872520447, 11.1822128296, 6.8326086998, 5.26949119568, 3.183365345, 1.43950784206, 0.286882638931, 0.00832572299987, 0.000523197697476, 7.98603068688e-05, 2.05403812288e-05, 2.21150530706e-05, 3.80815326935e-05],
        "min": [1.92832294488e-06, 1.33791436383e-05, 5.35734034202e-05, 0.000155957197421, 9.44422063185e-05, 3.59779514838e-05, 9.28309018491e-05, 0.000572751334403, 0.000254845654126, 0.00142878596671, 0.001218271791, 0.000256038270891, 0.000455004861578, 0.000232999198488, 0.000669760454912, 0.000602633110248, 0.000290694093565, 0.000102702360891, 0.000135445123306, 0.000538199499715, 0.000584084598813, 0.000920324819162, 0.00053328339709, 0.000691691937391, 0.000309718976496, 0.000356673932401, 0.000367232103599, 0.000126414190163, 0.000110320652311, 3.98393422074e-05, 5.3460127674e-05, 4.41056254203e-05, 1.34108613565e-05, 4.64635832031e-07, 4.09344735885e-08, 1.68620228891e-08, 7.9602644476e-09, 3.1576423698e-09, 1.08275000077e-09, 6.67876309812e-10],
        "var": [0.0273626986891, 3.21478176117, 32.8116760254, 75.729133606, 840.18939209, 453.360443115, 229.194824219, 78.5007781982, 590.064086914, 2020.88305664, 772.658081055, 2094.15893555, 2461.06518555, 853.024169922, 324.86138916, 1496.27600098, 2969.74462891, 2043.93481445, 1040.91906738, 762.821838379, 757.428039551, 1359.71716309, 308.491790771, 485.181945801, 351.76171875, 450.563690186, 340.260040283, 178.138336182, 153.614303589, 99.5927352905, 83.2752380371, 50.0968742371, 22.3366298676, 3.73865222931, 0.0121144615114, 2.542699076e-05, 8.16241509938e-08, 1.86148685355e-09, 2.1465780542e-10, 3.88232723747e-10]
    },
    "gfcc": {
        "mean": [30.3405780792, 117.340400696, -163.478500366, 77.0630111694, -72.5916671753, 22.9446353912, -26.1864013672, -2.31437349319, -4.34913492203, -22.9738578796, 0.699727058411, -25.0850296021, 1.43322181702],
        "cov": [[1157.27172852, -117.364273071, 31.919878006, -26.0610656738, -85.2256469727, 52.7264785767, -78.0781784058, -8.05992507935, -34.0985946655, -10.9584007263, -16.639623642, 11.9459018707, -12.3253669739], [-117.364273071, 349.75793457, -72.2777557373, -39.8942146301, 102.814460754, -77.7387237549, 113.269317627, -21.1460189819, 68.1708602905, -1.8152564764, 52.8649673462, 8.10577201843, 38.8999061584], [31.919878006, -72.2777557373, 187.991760254, 69.3649368286, -21.144285202, 39.4287528992, -49.8517379761, 16.7219429016, -26.3322029114, -2.1012108326, -10.8514909744, 9.72911071777, -0.428937643766], [-26.0610656738, -39.8942146301, 69.3649368286, 120.041183472, 41.5874557495, 8.93357086182, 1.89102101326, -7.02023601532, -3.37610554695, -4.97883939743, -0.32580280304, 3.32548618317, 2.59319710732], [-85.2256469727, 102.814460754, -21.144285202, 41.5874557495, 121.203399658, 17.2407493591, 63.8487167358, 12.0630531311, 28.5583515167, 7.76641941071, 20.7396392822, -0.713685870171, 20.2149868011], [52.7264785767, -77.7387237549, 39.4287528992, 8.93357086182, 17.2407493591, 103.660972595, 14.1068649292, 39.4084434509, -6.13787126541, 5.87364864349, -6.11269521713, -2.58397936821, -9.93699645996], [-78.0781784058, 113.269317627, -49.8517379761, 1.89102101326, 63.8487167358, 14.1068649292, 119.136451721, 23.6786766052, 33.7905044556, -1.95421862602, 18.4923706055, -5.04709386826, 2.92120170593], [-8.05992507935, -21.1460189819, 16.7219429016, -7.02023601532, 12.0630531311, 39.4084434509, 23.6786766052, 74.2060470581, 23.2615356445, 20.0895690918, 6.42870283127, -1.6587613821, 1.66738605499], [-34.0985946655, 68.1708602905, -26.3322029114, -3.37610554695, 28.5583515167, -6.13787126541, 33.7905044556, 23.2615356445, 75.1803283691, 31.1128940582, 20.4866867065, -0.754580795765, -2.28875732422], [-10.9584007263, -1.8152564764, -2.1012108326, -4.97883939743, 7.76641941071, 5.87364864349, -1.95421862602, 20.0895690918, 31.1128940582, 53.2231254578, 28.4382076263, 4.3223657608, -0.234356209636], [-16.639623642, 52.8649673462, -10.8514909744, -0.32580280304, 20.7396392822, -6.11269521713, 18.4923706055, 6.42870283127, 20.4866867065, 28.4382076263, 56.2854194641, 24.4214687347, 7.94772577286], [11.9459018707, 8.10577201843, 9.72911071777, 3.32548618317, -0.713685870171, -2.58397936821, -5.04709386826, -1.6587613821, -0.754580795765, 4.3223657608, 24.4214687347, 39.7399787903, 22.4686508179], [-12.3253669739, 38.8999061584, -0.428937643766, 2.59319710732, 20.2149868011, -9.93699645996, 2.92120170593, 1.66738605499, -2.28875732422, -0.234356209636, 7.94772577286, 22.4686508179, 48.1055755615]],
        "icov": [[0.00100553687662, -0.000904998276383, 0.000718620256521, -0.000862389744725, 0.00134430150501, -0.00160755799152, 0.00116146041546, -0.000257560051978, 0.000354030460585, -0.000124421043438, 0.000389979948523, -0.00054976058891, 0.000292354117846], [-0.000904998276383, 0.0317976586521, -0.0182353705168, 0.0288307275623, -0.0237595401704, 0.0236359164119, -0.0210492853075, 0.0179222691804, -0.0215463135391, 0.0206812229007, -0.0250353273004, 0.0173877682537, -0.0170471817255], [0.000718620256521, -0.0182353705168, 0.0208235159516, -0.0234484802932, 0.0167063269764, -0.0168558526784, 0.0158676318824, -0.0137476958334, 0.0134340133518, -0.010907725431, 0.0137249687687, -0.0109750609845, 0.00883491802961], [-0.000862389744725, 0.0288307275623, -0.0234484802932, 0.0412308908999, -0.0294642038643, 0.0235333479941, -0.0195568352938, 0.0191831737757, -0.0193179491907, 0.0183980260044, -0.0199970528483, 0.0124274697155, -0.0115310223773], [0.00134430150501, -0.0237595401704, 0.0167063269764, -0.0294642038643, 0.0376045033336, -0.0238055307418, 0.0105872536078, -0.0110833309591, 0.011738859117, -0.0131090693176, 0.0102452887222, -0.00179581041448, -4.3115040171e-05], [-0.00160755799152, 0.0236359164119, -0.0168558526784, 0.0235333479941, -0.0238055307418, 0.0350497588515, -0.0184481684119, 0.00517736747861, -0.00964116491377, 0.0100834826007, -0.0110406000167, 0.00517637794837, -0.00376237230375], [0.00116146041546, -0.0210492853075, 0.0158676318824, -0.0195568352938, 0.0105872536078, -0.0184481684119, 0.0314393639565, -0.016388963908, 0.00889581628144, -0.00291652302258, 0.00839422550052, -0.00701665552333, 0.0112131210044], [-0.000257560051978, 0.0179222691804, -0.0137476958334, 0.0191831737757, -0.0110833309591, 0.00517736747861, -0.016388963908, 0.0334986262023, -0.0178521890193, 0.00613409746438, -0.013563667424, 0.0134568894282, -0.0150180952623], [0.000354030460585, -0.0215463135391, 0.0134340133518, -0.0193179491907, 0.011738859117, -0.00964116491377, 0.00889581628144, -0.0178521890193, 0.0394947901368, -0.0286100748926, 0.0214210525155, -0.0168337095529, 0.0178922452033], [-0.000124421043438, 0.0206812229007, -0.010907725431, 0.0183980260044, -0.0131090693176, 0.0100834826007, -0.00291652302258, 0.00613409746438, -0.0286100748926, 0.0562020950019, -0.0421247519553, 0.0257954802364, -0.0164644625038], [0.000389979948523, -0.0250353273004, 0.0137249687687, -0.0199970528483, 0.0102452887222, -0.0110406000167, 0.00839422550052, -0.013563667424, 0.0214210525155, -0.0421247519553, 0.0688808262348, -0.0496432818472, 0.0275399442762], [-0.00054976058891, 0.0173877682537, -0.0109750609845, 0.0124274697155, -0.00179581041448, 0.00517637794837, -0.00701665552333, 0.0134568894282, -0.0168337095529, 0.0257954802364, -0.0496432818472, 0.0733577683568, -0.0399221032858], [0.000292354117846, -0.0170471817255, 0.00883491802961, -0.0115310223773, -4.3115040171e-05, -0.00376237230375, 0.0112131210044, -0.0150180952623, 0.0178922452033, -0.0164644625038, 0.0275399442762, -0.0399221032858, 0.0492958948016]]
    },
    "melbands": {
        "dmean": [0.000935360032599, 0.00160650839098, 0.00134376250207, 0.000921596598346, 0.000260595028521, 0.000114920811029, 0.000116930765216, 0.000169087201357, 0.00011208212527, 0.000116756527859, 0.000129319960251, 5.4289081163e-05, 3.53129471478e-05, 4.994934352e-05, 6.07687579759e-05, 4.43042845291e-05, 3.9161004679e-05, 2.58336822299e-05, 2.5004192139e-05, 2.43470203714e-05, 2.55794420809e-05, 3.39448197337e-05, 1.79777871381e-05, 1.22385654322e-05, 1.41098271342e-05, 1.19719952636e-05, 9.8693280961e-06, 1.02077492556e-05, 7.68289373809e-06, 5.36467678103e-06, 4.81028973809e-06, 3.97461553803e-06, 2.99168027595e-06, 2.45538535637e-06, 2.2364281449e-06, 1.64610366937e-06, 1.38477378187e-06, 1.02005515146e-06, 7.20653019926e-07, 2.18711122102e-07],
        "dmean2": [0.00152581860311, 0.00284918397665, 0.0022693364881, 0.00158777204342, 0.000437525770394, 0.00018583117344, 0.000184043106856, 0.000267856608843, 0.000180507049663, 0.000184664459084, 0.000208159020985, 8.78072896739e-05, 5.8226803958e-05, 8.19850320113e-05, 0.000100218072475, 7.23136181477e-05, 6.32642186247e-05, 4.22738594352e-05, 4.03717567679e-05, 4.0847909986e-05, 4.32042324974e-05, 5.72828757868e-05, 3.00026240438e-05, 2.04753068829e-05, 2.39187102125e-05, 2.02662540687e-05, 1.63948352565e-05, 1.67671496456e-05, 1.24247571875e-05, 8.65650599735e-06, 7.58525038691e-06, 6.06001049164e-06, 4.53948950963e-06, 3.56798636858e-06, 3.37318647325e-06, 2.44273678618e-06, 2.07314792533e-06, 1.47784157889e-06, 1.0454796211e-06, 3.19430711215e-07],
        "dvar": [2.26668748837e-06, 1.05279095806e-05, 4.09567292081e-06, 4.53854863736e-06, 1.75557673288e-07, 2.92195334595e-08, 3.81828435536e-08, 8.50920827133e-08, 2.93666921891e-08, 3.14058219431e-08, 2.81144920677e-08, 5.97500982025e-09, 1.91970794816e-09, 5.24746646136e-09, 6.91396051522e-09, 3.85412102233e-09, 4.52988357935e-09, 1.30717558999e-09, 1.29035093721e-09, 7.22310378176e-10, 7.32445881724e-10, 1.16422582686e-09, 3.84689835542e-10, 1.58960442032e-10, 2.00072097778e-10, 1.4361710432e-10, 1.02541676539e-10, 1.27901328417e-10, 1.00670333181e-10, 3.32326770269e-11, 3.29854095427e-11, 2.48644663886e-11, 1.68730932004e-11, 1.40264492729e-11, 1.28555152634e-11, 9.08431923435e-12, 9.54200694153e-12, 5.41810736901e-12, 3.7462593791e-12, 1.34019401479e-12],
        "dvar2": [5.40104610991e-06, 2.97565529763e-05, 1.09162256194e-05, 1.25521119116e-05, 4.82385360101e-07, 7.61764127333e-08, 8.90331861569e-08, 1.82431023177e-07, 7.03696372284e-08, 7.56592370976e-08, 6.65261055133e-08, 1.39839384516e-08, 4.91000218261e-09, 1.34854758471e-08, 1.7392217444e-08, 9.39076105766e-09, 1.02542001557e-08, 3.35650174321e-09, 3.00209967996e-09, 1.80092085689e-09, 1.93564608786e-09, 3.20666759812e-09, 1.00632135958e-09, 4.23642926295e-10, 5.49945811112e-10, 3.94427740469e-10, 2.65913235875e-10, 3.37610828183e-10, 2.27097785022e-10, 8.12889755508e-11, 7.49749567985e-11, 5.26105443932e-11, 3.4022205192e-11, 2.84526447542e-11, 2.94699993575e-11, 1.72525084496e-11, 2.13423185375e-11, 1.11232082572e-11, 7.27214946247e-12, 2.88408576535e-12],
        "max": [0.0130425551906, 0.0230139270425, 0.0184569433331, 0.0168364103884, 0.00382091430947, 0.0019691339694, 0.00414386717603, 0.00743297534063, 0.00306259887293, 0.0037328642793, 0.0031657780055, 0.00146581872832, 0.00061698013451, 0.0014256448485, 0.00138807145413, 0.00145101861563, 0.00093433476286, 0.000717158254702, 0.000489307334647, 0.000462003547, 0.000366897322237, 0.000410489970818, 0.000247023621341, 0.000168888378539, 0.000147779544932, 0.000137298979098, 0.00018983760674, 0.000186696270248, 0.000297619175399, 7.10177337169e-05, 9.21585742617e-05, 7.06122664269e-05, 6.45428444841e-05, 7.72837593104e-05, 7.38119342714e-05, 6.20099817752e-05, 7.07810540916e-05, 4.64072436444e-05, 3.94659327867e-05, 4.80719172629e-05],
        "mean": [0.00144884304609, 0.00212373258546, 0.00197267625481, 0.0010667348979, 0.000400993973017, 0.00019168270228, 0.000197773129912, 0.000306992267724, 0.000204757408937, 0.00022529916896, 0.000226741060033, 9.44940329646e-05, 6.02429718128e-05, 8.16918545752e-05, 0.00010755717085, 8.05014424259e-05, 6.69982255204e-05, 4.69081605843e-05, 5.05218777107e-05, 4.86531607748e-05, 5.18438682775e-05, 6.59239522065e-05, 3.75132658519e-05, 2.64057725872e-05, 3.27475318045e-05, 2.73626137641e-05, 2.35288316617e-05, 2.42398200498e-05, 1.75940767804e-05, 1.25986025523e-05, 1.05922663352e-05, 8.87541227712e-06, 6.65686729917e-06, 5.19493005413e-06, 4.72751753477e-06, 3.49980541614e-06, 2.8646015835e-06, 2.04651109925e-06, 1.40773045132e-06, 3.17419534213e-07],
        "median": [0.000913276686333, 0.00146189867519, 0.00138231215533, 0.000516408239491, 0.00022985569376, 0.000113143694762, 9.81728226179e-05, 0.000151410626131, 0.000126568033011, 0.000141570359119, 0.000154502442456, 5.24746501469e-05, 4.37633243564e-05, 5.96243626205e-05, 7.28128870833e-05, 5.34993523615e-05, 3.73758957721e-05, 3.15768229484e-05, 3.36170924129e-05, 3.87476975447e-05, 4.43652534159e-05, 5.57958192076e-05, 3.13472264679e-05, 2.315456004e-05, 2.94997953461e-05, 2.40772624238e-05, 2.12634131458e-05, 2.12663853745e-05, 1.49496845552e-05, 1.04641976577e-05, 8.28941665532e-06, 6.57079226585e-06, 4.83029816678e-06, 3.23587482853e-06, 3.17033914143e-06, 2.1750288397e-06, 1.86681415926e-06, 1.0682475704e-06, 6.23059577265e-07, 9.06703760961e-08],
        "min": [1.73084266919e-08, 2.50744918162e-08, 2.56822811906e-08, 3.64294883148e-09, 2.9787519118e-09, 1.19795036113e-08, 3.54310314421e-09, 1.91075404388e-08, 7.60062146554e-09, 1.66170144311e-09, 2.29200614044e-09, 7.90132570483e-10, 2.37910025014e-09, 1.44462874996e-09, 1.38371625269e-09, 3.03158470549e-10, 1.80317177856e-10, 1.15130585621e-10, 5.95365645673e-10, 8.92678264641e-10, 6.35056285336e-10, 1.16601928113e-09, 4.73441286175e-10, 5.66436619831e-10, 5.67245861394e-10, 2.18372278593e-10, 2.61651922351e-10, 2.1244928039e-10, 1.59419727419e-10, 2.58273707976e-10, 2.91872880032e-11, 5.98250893269e-11, 5.67603984647e-11, 9.94577076946e-12, 3.48807892292e-11, 2.04210415938e-11, 2.93366268778e-11, 1.27397797173e-11, 1.37372101541e-13, 4.43649159293e-14],
        "var": [2.81292864202e-06, 7.48626644054e-06, 3.96008226744e-06, 3.57463341061e-06, 2.35737104504e-07, 4.95571939041e-08, 1.13234499111e-07, 2.71549055242e-07, 5.5942734889e-08, 7.4000375605e-08, 6.2377409904e-08, 1.56716701838e-08, 3.27725580007e-09, 7.49487139018e-09, 1.4970650497e-08, 9.47898204373e-09, 9.27567356257e-09, 2.53014409424e-09, 3.28682681072e-09, 1.2649709058e-09, 1.19167586909e-09, 1.82866111142e-09, 6.68462118991e-10, 2.8636554239e-10, 3.75688563592e-10, 2.68107980261e-10, 2.03505184926e-10, 2.33132402272e-10, 2.02054345477e-10, 7.51517528763e-11, 7.03773983535e-11, 5.58471255352e-11, 3.94576524232e-11, 3.24687950137e-11, 2.83626785252e-11, 2.47296731704e-11, 1.92496418111e-11, 1.20538735243e-11, 8.69119793495e-12, 1.80396398774e-12]
    },
    "mfcc": {
        "mean": [-575.256164551, 99.7881469727, -10.9223909378, 35.9789199829, -1.29851448536, 13.0688171387, -0.220661848783, 11.8105821609, 0.610387742519, 8.27963829041, -4.43425226212, 4.93615722656, -6.97038984299],
        "cov": [[1138.47949219, -94.0479278564, 27.9324684143, -83.9971694946, -20.4193840027, -2.36049842834, -37.8899917603, -2.96918725967, -33.6609649658, -29.5367965698, -10.3332252502, -10.9121608734, -5.39369153976], [-94.0479278564, 360.272949219, -136.760314941, 40.8532142639, -38.1968269348, -0.540466666222, 13.3878078461, 13.9848575592, 22.1746807098, 17.1013183594, 4.39114713669, 36.1244354248, 24.7588653564], [27.9324684143, -136.760314941, 222.13192749, -7.02037858963, 41.2910842896, -6.89102077484, -9.87250423431, -4.29250907898, -14.2496671677, -25.6703529358, -3.48775362968, -17.5742511749, -3.18798708916], [-83.9971694946, 40.8532142639, -7.02037858963, 135.294540405, 21.7691135406, 22.696811676, 4.98934459686, 2.65044283867, -0.819387257099, 1.81311762333, -13.3632164001, 4.63938093185, 1.55496716499], [-20.4193840027, -38.1968269348, 41.2910842896, 21.7691135406, 84.625831604, 18.2660942078, 12.420132637, -0.718544363976, 11.764796257, 4.94119358063, 0.958797335625, -1.32374095917, 7.1116528511], [-2.36049842834, -0.540466666222, -6.89102077484, 22.696811676, 18.2660942078, 64.1889190674, 23.6707019806, 19.2864189148, 5.69662570953, 7.81991624832, 5.90930557251, 3.05551314354, -7.02201080322], [-37.8899917603, 13.3878078461, -9.87250423431, 4.98934459686, 12.420132637, 23.6707019806, 82.8730697632, 34.0952148438, 19.5747394562, 5.77379798889, 6.35363292694, 4.84550285339, 2.51668643951], [-2.96918725967, 13.9848575592, -4.29250907898, 2.65044283867, -0.718544363976, 19.2864189148, 34.0952148438, 63.0949554443, 22.6460819244, 12.5401859283, 5.99417543411, 6.73196935654, -1.58482182026], [-33.6609649658, 22.1746807098, -14.2496671677, -0.819387257099, 11.764796257, 5.69662570953, 19.5747394562, 22.6460819244, 61.1279640198, 23.743303299, 12.5928010941, 2.74233341217, 0.406677812338], [-29.5367965698, 17.1013183594, -25.6703529358, 1.81311762333, 4.94119358063, 7.81991624832, 5.77379798889, 12.5401859283, 23.743303299, 58.6575164795, 25.8404312134, 15.7625141144, 4.25829076767], [-10.3332252502, 4.39114713669, -3.48775362968, -13.3632164001, 0.958797335625, 5.90930557251, 6.35363292694, 5.99417543411, 12.5928010941, 25.8404312134, 54.0967750549, 24.752161026, 8.29325580597], [-10.9121608734, 36.1244354248, -17.5742511749, 4.63938093185, -1.32374095917, 3.05551314354, 4.84550285339, 6.73196935654, 2.74233341217, 15.7625141144, 24.752161026, 51.9585113525, 25.0743370056], [-5.39369153976, 24.7588653564, -3.18798708916, 1.55496716499, 7.1116528511, -7.02201080322, 2.51668643951, -1.58482182026, 0.406677812338, 4.25829076767, 8.29325580597, 25.0743370056, 48.7889328003]],
