{
"lowlevel": {
    "average_loudness": 0.97483164072,
    "barkbands_crest": {
        "dmean": 2.59886264801,
        "dmean2": 4.31022787094,
        "dvar": 6.2505235672,
        "dvar2": 17.2665290833,
        "max": 23.1154327393,
        "mean": 10.255273819,
        "median": 9.86659812927,
        "min": 2.75409293175,
        "var": 13.3067960739
    },
    "barkbands_flatness_db": {
        "dmean": 0.0197296533734,
        "dmean2": 0.0306924842298,
        "dvar": 0.000385329651181,
        "dvar2": 0.000985724036582,
        "max": 0.249474972486,
        "mean": 0.109110362828,
        "median": 0.101872727275,
        "min": 0.0283073019236,
        "var": 0.00127266708296
    },
    "barkbands_kurtosis": {
        "dmean": 2.358253479,
        "dmean2": 3.90575408936,
        "dvar": 16.1595802307,
        "dvar2": 44.4540939331,
        "max": 41.3257522583,
        "mean": 2.68279767036,
        "median": 1.30963563919,
        "min": -1.76712465286,
        "var": 24.0114898682
    },
    "barkbands_skewness": {
        "dmean": 0.518281757832,
        "dmean2": 0.823987364769,
        "dvar": 0.355158060789,
        "dvar2": 0.93123036623,
        "max": 6.26988554001,
        "mean": 1.53241229057,
        "median": 1.39253079891,
        "min": -2.26688122749,
        "var": 0.886223018169
    },
    "barkbands_spread": {
        "dmean": 6.07733440399,
        "dmean2": 9.27590274811,
        "dvar": 40.8320083618,
        "dvar2": 87.6795501709,
        "max": 87.9107971191,
        "mean": 27.6370601654,
        "median": 26.7024307251,
        "min": 3.44710016251,
        "var": 123.747268677
    },
    "dissonance": {
        "dmean": 0.0131628653035,
        "dmean2": 0.0220217835158,
        "dvar": 0.000161622971063,
        "dvar2": 0.000432955130236,
        "max": 0.499990224838,
        "mean": 0.477384507656,
        "median": 0.482845515013,
        "min": 0.373990923166,
        "var": 0.000330002512783
    },
    "dynamic_complexity": 2.19850754738,
    "erbbands_crest": {
        "dmean": 2.98223233223,
        "dmean2": 4.79527664185,
        "dvar": 8.63171672821,
        "dvar2": 21.8841304779,
        "max": 31.7575511932,
        "mean": 8.73370170593,
        "median": 7.31588220596,
        "min": 2.56786632538,
        "var": 24.0975627899
    },
    "erbbands_flatness_db": {
        "dmean": 0.0151422237977,
        "dmean2": 0.0222462676466,
        "dvar": 0.000218944071094,
        "dvar2": 0.000487427751068,
        "max": 0.285803407431,
        "mean": 0.125477075577,
        "median": 0.117338374257,
        "min": 0.0580971203744,
        "var": 0.00147548678797
    },
    "erbbands_kurtosis": {
        "dmean": 0.883938789368,
        "dmean2": 1.36020362377,
        "dvar": 1.73689389229,
        "dvar2": 3.81249094009,
        "max": 23.4801883698,
        "mean": 0.302992761135,
        "median": -0.198349475861,
        "min": -1.57295608521,
        "var": 3.54984140396
    },
    "erbbands_skewness": {
        "dmean": 0.324962288141,
        "dmean2": 0.485540568829,
        "dvar": 0.0901412293315,
        "dvar2": 0.196434602141,
        "max": 2.67878746986,
        "mean": -0.0303607955575,
        "median": -0.093928642571,
        "min": -3.2542989254,
        "var": 0.405338615179
    },
    "erbbands_spread": {
        "dmean": 8.19676494598,
        "dmean2": 12.6929159164,
        "dvar": 70.0876083374,
        "dvar2": 169.786468506,
        "max": 130.308639526,
        "mean": 41.8424949646,
        "median": 39.2681465149,
        "min": 3.99861526489,
        "var": 292.41015625
    },
    "hfc": {
        "dmean": 7.66438007355,
        "dmean2": 11.5481987,
        "dvar": 85.2082824707,
        "dvar2": 190.340026855,
        "max": 130.992111206,
        "mean": 34.6956481934,
        "median": 34.3651199341,
        "min": 2.82835742382e-07,
        "var": 346.728820801
    },
    "melbands_crest": {
        "dmean": 3.13580465317,
        "dmean2": 5.1791100502,
        "dvar": 7.47053909302,
        "dvar2": 20.8409519196,
        "max": 35.7295684814,
        "mean": 15.3950996399,
        "median": 15.1916656494,
        "min": 4.88890171051,
        "var": 21.2016830444
    },
    "melbands_flatness_db": {
        "dmean": 0.0248604677618,
        "dmean2": 0.0387738905847,
        "dvar": 0.00062202574918,
        "dvar2": 0.0015890172217,
        "max": 0.348811596632,
        "mean": 0.187611058354,
        "median": 0.182913050056,
        "min": 0.0497075729072,
        "var": 0.0020253690891
    },
    "melbands_kurtosis": {
        "dmean": 7.57862997055,
        "dmean2": 12.5601415634,
        "dvar": 224.465148926,
        "dvar2": 625.636352539,
        "max": 225.876708984,
        "mean": 13.5366792679,
        "median": 8.0318107605,
        "min": -1.77721083164,
        "var": 332.355499268
    },
    "melbands_skewness": {
        "dmean": 0.804012417793,
        "dmean2": 1.27765130997,
        "dvar": 0.906021714211,
        "dvar2": 2.46870541573,
        "max": 14.2009010315,
        "mean": 2.9494304657,
        "median": 2.65141844749,
        "min": -1.71533846855,
        "var": 2.63104581833
    },
    "melbands_spread": {
        "dmean": 6.50501728058,
        "dmean2": 10.2176837921,
        "dvar": 57.7819747925,
        "dvar2": 116.549057007,
        "max": 180.010726929,
        "mean": 23.9432907104,
        "median": 22.4946308136,
        "min": 2.20097279549,
        "var": 166.04019165
    },
    "pitch_salience": {
        "dmean": 0.0729727074504,
        "dmean2": 0.120660915971,
        "dvar": 0.00427075382322,
        "dvar2": 0.011841555126,
        "max": 0.813512444496,
        "mean": 0.526237130165,
        "median": 0.519471168518,
        "min": 0.10114812851,
        "var": 0.0107502304018
    },
    "silence_rate_20dB": {
        "dmean": 0,
        "dmean2": 0,
        "dvar": 0,
        "dvar2": 0,
        "max": 1,
        "mean": 1,
        "median": 1,
        "min": 1,
        "var": 0
    },
    "silence_rate_30dB": {
        "dmean": 0.0386996902525,
        "dmean2": 0.0774593353271,
        "dvar": 0.0372023619711,
        "dvar2": 0.0962450876832,
        "max": 1,
        "mean": 0.972931146622,
        "median": 1,
        "min": 0,
        "var": 0.0263358727098
    },
    "silence_rate_60dB": {
        "dmean": 0.0030959751457,
        "dmean2": 0.00619674660265,
        "dvar": 0.00308637158014,
        "dvar2": 0.00615837378427,
        "max": 1,
        "mean": 0.0317092016339,
        "median": 0,
        "min": 0,
        "var": 0.0307034514844
    },
    "spectral_centroid": {
        "dmean": 236.314117432,
        "dmean2": 349.0184021,
        "dvar": 115674.773438,
        "dvar2": 160022.625,
        "max": 10745.7402344,
        "mean": 1612.68212891,
        "median": 1573.49487305,
        "min": 365.06942749,
        "var": 247222.796875
    },
    "spectral_complexity": {
        "dmean": 4.3715171814,
        "dmean2": 7.04570102692,
        "dvar": 18.0972824097,
        "dvar2": 43.7833900452,
        "max": 55,
        "mean": 31.4663581848,
        "median": 33,
        "min": 0,
        "var": 115.849685669
    },
    "spectral_decrease": {
        "dmean": 3.92329413401e-09,
        "dmean2": 6.57094156864e-09,
        "dvar": 3.31285041234e-17,
        "dvar2": 9.50442435224e-17,
        "max": -6.17609896228e-18,
        "mean": -1.29275390393e-08,
        "median": -1.30803208265e-08,
        "min": -5.37490443264e-08,
        "var": 4.97447196712e-17
    },
    "spectral_energy": {
        "dmean": 0.0151367057115,
        "dmean2": 0.0253258962184,
        "dvar": 0.000477621797472,
        "dvar2": 0.00136943289544,
        "max": 0.206662014127,
        "mean": 0.0519385449588,
        "median": 0.0530809797347,
        "min": 4.89640931967e-11,
        "var": 0.000751269690227
    },
    "spectral_energyband_high": {
        "dmean": 0.000586611684412,
        "dmean2": 0.000841206579935,
        "dvar": 9.16605415568e-07,
        "dvar2": 1.57531485456e-06,
        "max": 0.0160046108067,
        "mean": 0.00172894680873,
        "median": 0.00119033840019,
        "min": 1.76990835182e-11,
        "var": 3.41832651429e-06
    },
    "spectral_energyband_low": {
        "dmean": 0.0128451883793,
        "dmean2": 0.0218551326543,
        "dvar": 0.000478731992189,
        "dvar2": 0.00138466921635,
        "max": 0.188940942287,
        "mean": 0.0291315298527,
        "median": 0.0274818465114,
        "min": 1.75784820727e-12,
        "var": 0.000539428787306
    },
    "spectral_energyband_middle_high": {
        "dmean": 0.00269265193492,
        "dmean2": 0.00414078775793,
        "dvar": 1.02379171949e-05,
        "dvar2": 2.43069280259e-05,
        "max": 0.0450110845268,
        "mean": 0.0089067062363,
        "median": 0.00727859558538,
        "min": 1.45644676874e-11,
        "var": 4.0527946112e-05
    },
    "spectral_energyband_middle_low": {
        "dmean": 0.00534073775634,
        "dmean2": 0.00877343583852,
        "dvar": 4.86930039187e-05,
        "dvar2": 0.000123725869344,
        "max": 0.073945812881,
        "mean": 0.0137525722384,
        "median": 0.0118660936132,
        "min": 1.1903432233e-11,
        "var": 9.8756805528e-05
    },
    "spectral_entropy": {
        "dmean": 0.101780124009,
        "dmean2": 0.147948294878,
        "dvar": 0.0138252303004,
        "dvar2": 0.0244850553572,
        "max": 9.80340385437,
        "mean": 7.88052415848,
        "median": 7.8912820816,
        "min": 6.94904661179,
        "var": 0.0608089752495
    },
    "spectral_flux": {
        "dmean": 0.0275858417153,
        "dmean2": 0.0435441918671,
        "dvar": 0.00114032579586,
        "dvar2": 0.00240699318238,
        "max": 0.355673998594,
        "mean": 0.110944397748,
        "median": 0.10747794807,
        "min": 2.27120362979e-05,
        "var": 0.00251647317782
    },
    "spectral_kurtosis": {
        "dmean": 0.917287230492,
        "dmean2": 1.54355084896,
        "dvar": 0.935662209988,
        "dvar2": 2.56604123116,
        "max": 11.3090753555,
        "mean": 3.58182501793,
        "median": 3.53204441071,
        "min": -1.20445013046,
        "var": 2.35717749596
    },
    "spectral_rms": {
        "dmean": 0.000954160932451,
        "dmean2": 0.0015631216811,
        "dvar": 1.30664670905e-06,
        "dvar2": 3.66414110431e-06,
        "max": 0.0141993472353,
        "mean": 0.00680664740503,
        "median": 0.00719627132639,
        "min": 2.18563144472e-07,
        "var": 4.34129560745e-06
    },
    "spectral_rolloff": {
        "dmean": 478.764312744,
        "dmean2": 800.48260498,
        "dvar": 584446.75,
        "dvar2": 1124143,
        "max": 15008.6425781,
        "mean": 1337.37475586,
        "median": 1162.79296875,
        "min": 64.599609375,
        "var": 1148681.125
    },
    "spectral_skewness": {
        "dmean": 0.15512432158,
        "dmean2": 0.242884561419,
        "dvar": 0.0214630085975,
        "dvar2": 0.0486989319324,
        "max": 2.23928236961,
        "mean": 1.38782572746,
        "median": 1.40319538116,
        "min": 0.0246828142554,
        "var": 0.0921304225922
    },
    "spectral_spread": {
        "dmean": 465499.34375,
        "dmean2": 623630.9375,
        "dvar": 1.19199616205e+12,
        "dvar2": 1.3697318912e+12,
        "max": 40913120,
        "mean": 4905439,
        "median": 4881729.5,
        "min": 2293652.75,
        "var": 2.38123771494e+12
    },
    "spectral_strongpeak": {
        "dmean": 0.523849070072,
        "dmean2": 0.922510802746,
        "dvar": 1.20480144024,
        "dvar2": 2.78446173668,
        "max": 10.1562099457,
        "mean": 0.729429006577,
        "median": 0.347257912159,
        "min": 5.16894506291e-05,
        "var": 1.50454258919
    },
    "zerocrossingrate": {
        "dmean": 0.00952526368201,
        "dmean2": 0.0112384110689,
        "dvar": 0.000152935943333,
        "dvar2": 0.000168940241565,
        "max": 0.40380859375,
        "mean": 0.0623515881598,
        "median": 0.06005859375,
        "min": 0.01318359375,
        "var": 0.000698140996974
    },
    "barkbands": {
        "dmean": [0.000715954636689, 0.0104653127491, 0.00396064808592, 0.00168292480521, 0.00215082871728, 0.0010780650191, 0.00105177739169, 0.000899228267372, 0.00173874315806, 0.00101026776247, 0.00041752398829, 0.000441043317551, 0.000599673774559, 0.000555180304218, 0.000686509651132, 0.000599953113124, 0.000384373735869, 0.000174236309249, 0.000198810201255, 0.000203877061722, 0.000205438889679, 0.000162102049217, 0.000117097071779, 8.65744077601e-05, 6.6902335675e-05, 6.59317738609e-05, 4.65954099127e-06],
        "dmean2": [0.00121326884255, 0.0176482778043, 0.00687557738274, 0.00284204003401, 0.00357700628228, 0.00172355445102, 0.00173451937735, 0.00142279581632, 0.00272463471629, 0.00157469208352, 0.000656671065371, 0.000711378757842, 0.000965357117821, 0.00087986519793, 0.00105111126322, 0.000974553753622, 0.000613326672465, 0.000290117051918, 0.000327933579683, 0.000344522006344, 0.000323605141602, 0.000245704490226, 0.000177850131877, 0.000130415399326, 9.49760797084e-05, 9.59318203968e-05, 7.26365260562e-06],
        "dvar": [9.85079736893e-07, 0.000312722608214, 5.8658526541e-05, 8.33599915495e-06, 1.16593682833e-05, 2.70790860668e-06, 4.71520752399e-06, 2.9034988529e-06, 1.16447754408e-05, 5.62344121136e-06, 9.10264759568e-07, 7.99323743195e-07, 1.55582210937e-06, 1.39967812629e-06, 2.32941920331e-06, 1.21520849916e-06, 2.25327013936e-07, 6.7591571451e-08, 6.75278784001e-08, 9.02067256447e-08, 8.15348499827e-08, 1.1958020707e-07, 7.48294368691e-08, 4.13227851936e-08, 1.31232358314e-08, 2.1485675461e-08, 9.12526651464e-11],
        "dvar2": [2.76806463262e-06, 0.000912660500035, 0.000168776838109, 2.33787322941e-05, 2.70373093372e-05, 6.50882020636e-06, 1.25247433971e-05, 7.3598102972e-06, 2.99296953017e-05, 1.32583109007e-05, 1.88631565834e-06, 1.77770198206e-06, 3.96959603677e-06, 3.17949661621e-06, 4.83274834551e-06, 3.06564766106e-06, 5.17266528277e-07, 1.89506678794e-07, 1.73556529148e-07, 2.37260010749e-07, 1.83578379165e-07, 2.3205146249e-07, 1.57999835437e-07, 7.93984895608e-08, 2.65252619869e-08, 4.58275692949e-08, 2.12669618027e-10],
        "max": [0.00992351956666, 0.142430379987, 0.0864671245217, 0.0348691791296, 0.0425992868841, 0.0183892548084, 0.0318077802658, 0.0197393931448, 0.0505110919476, 0.0342364497483, 0.0136180203408, 0.0163520090282, 0.0201292093843, 0.0168644450605, 0.0209846030921, 0.0151741383597, 0.00674763740972, 0.00322006130591, 0.00407085008919, 0.00361958984286, 0.00525882374495, 0.00516248261556, 0.00413784803823, 0.00429826509207, 0.00151171861216, 0.0021188003011, 0.000141126743983],
        "mean": [0.000996013521217, 0.018098756671, 0.00864889938384, 0.00278724217787, 0.00327905616723, 0.00166293932125, 0.00152429344598, 0.00124482554384, 0.00294207269326, 0.00188240536954, 0.000621527666226, 0.00074281624984, 0.000912545074243, 0.000847015646286, 0.00106750940904, 0.00104433402885, 0.000822877103928, 0.000375241739675, 0.00049549061805, 0.000407936546253, 0.000479340698803, 0.000321294006426, 0.000243478745688, 0.000200237656827, 0.000155419416842, 0.00012831625645, 6.67348376737e-06],
        "median": [0.000562084431294, 0.015623671934, 0.00705861346796, 0.00170463928953, 0.00209807022475, 0.000988912768662, 0.000745235651266, 0.000504938769154, 0.00117553700693, 0.000463864183985, 0.000323498243233, 0.000413328612922, 0.000359222729458, 0.000378390483093, 0.000408627849538, 0.000556358427275, 0.000686307204887, 0.000317433907185, 0.00042553563253, 0.000318276550388, 0.000335166085279, 0.000167271035025, 0.000107307321741, 8.40462162159e-05, 9.94697984424e-05, 7.83013383625e-05, 3.1797437714e-06],
        "min": [2.13122943772e-12, 2.26983010295e-13, 2.83856190506e-13, 1.22616023238e-12, 3.60410399441e-12, 1.46709445807e-12, 2.92140823251e-13, 5.29108874769e-13, 1.10776914985e-12, 3.08616738935e-13, 6.45021850602e-13, 3.03210662958e-13, 3.4603369432e-13, 1.1596868214e-12, 1.81191129808e-12, 1.34967894066e-12, 2.61756653679e-12, 7.72837143673e-13, 1.04100061904e-12, 1.20142155773e-12, 1.75927555943e-12, 1.6951678776e-12, 2.41565361464e-12, 1.48731786435e-12, 2.06901661602e-12, 3.60433384528e-12, 4.66495722259e-12],
        "var": [1.536089826e-06, 0.000322178151691, 6.68451975798e-05, 1.0540358744e-05, 1.64655430126e-05, 4.30337377111e-06, 5.75418789595e-06, 3.97695021093e-06, 2.39335422521e-05, 1.49548022819e-05, 1.45691024045e-06, 1.36376036153e-06, 2.71025942311e-06, 2.43657245846e-06, 4.95101357956e-06, 2.51141727858e-06, 4.67709980967e-07, 9.08064023974e-08, 1.3351946393e-07, 1.36533131467e-07, 2.25854435598e-07, 2.87846887659e-07, 1.85810463904e-07, 1.33672159564e-07, 3.47940201095e-08, 3.68216390711e-08, 1.25584695421e-10]
    },
    "erbbands": {
        "dmean": [0.373992264271, 2.16429400444, 4.50685834885, 4.6500916481, 7.5949048996, 7.32160663605, 7.8000497818, 9.81150722504, 13.7310218811, 16.6516189575, 18.2404060364, 45.4305915833, 31.8636379242, 20.77293396, 16.9472103119, 16.5973644257, 25.2684268951, 26.2405281067, 29.9760990143, 30.8538475037, 29.0165748596, 21.9460849762, 10.2109231949, 8.5830411911, 10.466050148, 9.05459880829, 8.8527431488, 8.01868915558, 6.54712533951, 3.97345852852, 3.3202483654, 1.99608767033, 1.47402131557, 0.902929365635, 0.440294772387, 0.351669937372, 0.0980230420828, 0.0179166048765, 0.000433618028183, 2.47614279942e-05],
        "dmean2": [0.629640042782, 3.66301631927, 7.92266559601, 7.91222810745, 12.4762830734, 12.588429451, 12.9449119568, 16.0188655853, 22.7250213623, 26.6596851349, 28.9568748474, 69.6371078491, 49.9001693726, 32.360042572, 26.9343318939, 26.2841148376, 40.9242973328, 42.2705955505, 46.6469421387, 47.4348754883, 46.8050804138, 34.9505882263, 16.7955322266, 14.2676687241, 17.4646129608, 15.3561420441, 14.0049409866, 12.4363098145, 10.039525032, 6.03695678711, 4.96376371384, 3.03717470169, 2.18748354912, 1.31235051155, 0.634514927864, 0.535892128944, 0.141920745373, 0.0261100642383, 0.000637773307972, 3.83496626455e-05],
        "dvar": [0.269746214151, 18.2909545898, 87.3865585327, 68.4651107788, 153.697052002, 137.705474854, 120.733444214, 309.19631958, 1049.67602539, 718.202514648, 1434.7166748, 9329.93457031, 3512.41381836, 1864.07409668, 1642.81384277, 937.489624023, 3039.28686523, 2927.67431641, 3600.07080078, 3849.10400391, 2743.00683594, 720.801208496, 188.871276855, 141.391830444, 193.355133057, 229.029266357, 151.185302734, 153.801101685, 205.267745972, 70.4270629883, 62.5424499512, 26.2953929901, 9.99487113953, 2.35159850121, 0.620880007744, 0.643871247768, 0.0450042784214, 0.00139511236921, 7.71751842876e-07, 1.1591813065e-09],
        "dvar2": [0.777304768562, 52.9549179077, 253.615386963, 193.380477905, 362.954528809, 380.28213501, 307.228057861, 770.860351562, 2817.5090332, 1731.23388672, 3625.59985352, 23336.1484375, 8681.73535156, 4495.92382812, 3530.52246094, 2194.27954102, 7872.05322266, 6727.34912109, 7755.67626953, 8117.58251953, 6981.29492188, 1721.67138672, 517.502197266, 361.637756348, 505.230285645, 605.744934082, 353.023712158, 353.428314209, 415.684936523, 140.102005005, 132.96697998, 54.6864280701, 19.1640949249, 4.90467453003, 1.2608345747, 1.4601367712, 0.089211627841, 0.0027914387174, 1.61082209615e-06, 2.84464385381e-09],
        "max": [4.29335308075, 36.2093887329, 90.4851837158, 97.7048721313, 132.629226685, 159.68572998, 93.0405197144, 221.832061768, 529.603942871, 342.626922607, 643.397155762, 1448.79040527, 722.304321289, 591.48614502, 614.159118652, 492.134307861, 810.902404785, 873.457702637, 978.823730469, 1247.0135498, 894.596679688, 388.253112793, 145.442733765, 182.877960205, 166.726959229, 222.049697876, 153.991241455, 233.233596802, 222.403152466, 110.953323364, 140.920761108, 105.575172424, 75.2925338745, 21.2404403687, 11.4513244629, 13.1736078262, 3.14307999611, 0.540252447128, 0.0109963165596, 0.000414932932472],
        "mean": [0.594453632832, 3.78482818604, 10.0410699844, 9.413646698, 10.9856872559, 10.5782871246, 11.203335762, 14.4098024368, 19.4084892273, 26.3232212067, 28.1080493927, 76.7950286865, 60.8588752747, 37.7097434998, 27.4954051971, 30.4957885742, 41.8971138, 43.3457603455, 50.1431427002, 54.4849853516, 57.0874786377, 47.7134132385, 24.3942127228, 21.7488594055, 24.8319396973, 18.7995471954, 20.1922092438, 16.7866020203, 12.8172903061, 8.37980270386, 6.68098974228, 4.35195589066, 3.28736805916, 2.01479959488, 1.00598263741, 0.678777217865, 0.189151138067, 0.0322635024786, 0.000783834664617, 8.55111939018e-05],
        "median": [0.463232904673, 3.19039440155, 8.92741298676, 6.99957275391, 6.75392484665, 6.7929315567, 6.30671739578, 8.5205373764, 9.56231403351, 15.0196247101, 14.9433498383, 29.9902553558, 20.4870681763, 16.0826740265, 13.2122936249, 17.9040927887, 17.973361969, 21.9153213501, 22.93242836, 24.9735183716, 34.0052566528, 38.8816375732, 21.2025108337, 18.9870567322, 21.6687927246, 14.7396383286, 13.4568586349, 11.7914743423, 6.85959529877, 4.01221370697, 2.89899969101, 1.75100564957, 1.45752727985, 1.13519895077, 0.707979500294, 0.423864334822, 0.120226711035, 0.0184559859335, 0.000461514369817, 8.34335660329e-05],
        "min": [1.19611889837e-11, 5.53170217965e-11, 2.95561991548e-10, 2.3526607329e-09, 7.71705277458e-09, 1.31424560124e-08, 2.64890100965e-08, 9.36031430143e-09, 7.85101139655e-09, 3.77197784118e-09, 2.16901874239e-08, 2.27672654063e-08, 1.3913650676e-08, 1.2367320501e-08, 2.07731520874e-08, 1.29051356268e-08, 2.09672652574e-08, 6.00502687575e-08, 8.17537539888e-08, 1.18209911193e-07, 9.60525241567e-08, 1.63454998869e-07, 4.79163091427e-08, 4.93455516448e-08, 6.62865460299e-08, 4.44011156731e-08, 6.60910828287e-08, 5.97478617692e-08, 6.63609611706e-08, 9.54071239789e-08, 5.00275199045e-08, 3.2801093397e-08, 2.14828101974e-08, 1.62706292883e-08, 1.98657659212e-08, 1.10531956921e-08, 6.5789893533e-09, 2.97122637605e-09, 7.35754290826e-10, 7.10123071457e-11],
        "var": [0.363670885563, 16.3683452606, 84.2196655273, 80.6704559326, 201.617736816, 165.766067505, 180.191802979, 413.404296875, 1098.11315918, 1222.48095703, 1842.06433105, 18939.078125, 9154.48535156, 3792.51123047, 2745.0690918, 1755.93579102, 5224.68310547, 4990.45996094, 8166.17480469, 8483.29199219, 6353.09179688, 1503.07995605, 310.022857666, 256.124389648, 347.594696045, 306.787353516, 414.424926758, 373.304595947, 477.155395508, 172.197189331, 155.650375366, 74.2095565796, 31.8566532135, 6.59542798996, 1.44384968281, 0.98558562994, 0.0841846466064, 0.00254149665125, 1.35528171086e-06, 2.61757837627e-09]
    },
    "gfcc": {
        "mean": [53.8948059082, 80.7497024536, -110.323638916, 41.3815574646, -45.9718742371, 19.9564971924, -30.4521121979, 18.6413555145, -21.0338973999, 9.55237102509, -23.9933166504, 1.64640295506, -11.8495616913],
        "cov": [[7642.54345703, -455.872680664, 518.913085938, 88.3407897949, -130.348510742, 199.602142334, -164.693481445, 301.416351318, -48.3114051819, 179.046310425, -120.69039917, 51.5876960754, -174.867340088], [-455.872680664, 837.653808594, -286.154693604, 38.6356468201, 99.2875595093, -143.402755737, 180.88381958, -57.8299636841, 34.849811554, -97.9013442993, 53.1240005493, -112.623985291, 49.1230697632], [518.913085938, -286.154693604, 561.846862793, 123.491233826, 60.2354164124, 130.693069458, -36.9762535095, 131.297286987, -16.1750278473, 55.3314437866, -30.450340271, 76.3845748901, -32.6281280518], [88.3407897949, 38.6356468201, 123.491233826, 276.474639893, 4.74053859711, 26.1445884705, -13.2351369858, -5.32786560059, 39.6769218445, -48.7247009277, 38.422203064, -13.9890127182, 14.2805986404], [-130.348510742, 99.2875595093, 60.2354164124, 4.74053859711, 209.202224731, 20.3251037598, 41.7113342285, 47.6003265381, 7.88582611084, 39.8993873596, -9.47392368317, 3.26860523224, 9.26398468018], [199.602142334, -143.402755737, 130.693069458, 26.1445884705, 20.3251037598, 178.488311768, 53.1014404297, 34.9531021118, -9.07799625397, 26.3159255981, 8.87424755096, 29.1127338409, -7.35695695877], [-164.693481445, 180.88381958, -36.9762535095, -13.2351369858, 41.7113342285, 53.1014404297, 199.50440979, 35.0125846863, -13.3947877884, -18.6812648773, 7.25705051422, -20.0182342529, 5.00290250778], [301.416351318, -57.8299636841, 131.297286987, -5.32786560059, 47.6003265381, 34.9531021118, 35.0125846863, 124.232025146, 13.3161344528, 25.7615909576, -34.5749320984, 10.6343374252, -9.87570476532], [-48.3114051819, 34.849811554, -16.1750278473, 39.6769218445, 7.88582611084, -9.07799625397, -13.3947877884, 13.3161344528, 92.0288467407, 18.4346466064, 8.33985614777, -9.14052677155, 17.5802497864], [179.046310425, -97.9013442993, 55.3314437866, -48.7247009277, 39.8993873596, 26.3159255981, -18.6812648773, 25.7615909576, 18.4346466064, 104.323707581, 10.3257980347, 24.3017311096, -5.64234781265], [-120.69039917, 53.1240005493, -30.450340271, 38.422203064, -9.47392368317, 8.87424755096, 7.25705051422, -34.5749320984, 8.33985614777, 10.3257980347, 80.3286437988, 22.4644603729, 13.1060009003], [51.5876960754, -112.623985291, 76.3845748901, -13.9890127182, 3.26860523224, 29.1127338409, -20.0182342529, 10.6343374252, -9.14052677155, 24.3017311096, 22.4644603729, 86.3249359131, 13.7452487946], [-174.867340088, 49.1230697632, -32.6281280518, 14.2805986404, 9.26398468018, -7.35695695877, 5.00290250778, -9.87570476532, 17.5802497864, -5.64234781265, 13.1060009003, 13.7452487946, 65.7935562134]],
        "icov": [[0.000209441481275, -0.000348372763256, 0.000201778791961, -0.00042226340156, 0.000508692348376, -0.000461990683107, 0.000521200941876, -0.000736849498935, 0.000520283298101, -0.000821896130219, 0.000666609790642, -0.000442716904217, 0.000485156866489], [-0.000348372763256, 0.00475061545148, -0.000749166763853, 0.00160219962709, -0.00340197770856, 0.00431236159056, -0.00448402389884, 0.00245264847763, -0.00262856762856, 0.00475755287334, -0.00544089497998, 0.00483150687069, -0.00233698962256], [0.000201778791961, -0.000749166763853, 0.00526733929291, -0.00405536964536, 0.000639502366539, -0.00255289813504, 0.00213226978667, -0.00463760923594, 0.00319237541407, -0.00357089284807, 0.00392244849354, -0.00456796446815, 0.00236799078993], [-0.00042226340156, 0.00160219962709, -0.00405536964536, 0.00933033227921, -0.00253543932922, 0.000992338522337, -0.000733138527721, 0.00297996285371, -0.00563611835241, 0.00883332733065, -0.00861144438386, 0.00625656405464, -0.00271200318821], [0.000508692348376, -0.00340197770856, 0.000639502366539, -0.00253543932922, 0.00885240547359, -0.00272158510052, 0.00194795010611, -0.00372287188657, 0.00304930261336, -0.00727555016056, 0.00549237430096, -0.00339227146469, 0.00067766464781], [-0.000461990683107, 0.00431236159056, -0.00255289813504, 0.000992338522337, -0.00272158510052, 0.0123938033357, -0.00744426157326, 0.00344733381644, -0.00231707817875, 0.00256567937322, -0.0050834659487, 0.00273554306477, -0.00179615407251], [0.000521200941876, -0.00448402389884, 0.00213226978667, -0.000733138527721, 0.00194795010611, -0.00744426157326, 0.0125359380618, -0.00715093547478, 0.00440705055371, -0.0019276473904, 0.00175450951792, -0.00162261119112, 0.00146301963832], [-0.000736849498935, 0.00245264847763, -0.00463760923594, 0.00297996285371, -0.00372287188657, 0.00344733381644, -0.00715093547478, 0.0191526077688, -0.00697790551931, 0.00260880729184, 0.00236431858502, 0.00126689532772, -0.00105543306563], [0.000520283298101, -0.00262856762856, 0.00319237541407, -0.00563611835241, 0.00304930261336, -0.00231707817875, 0.00440705055371, -0.00697790551931, 0.018086226657, -0.00917142815888, 0.00356286508031, -0.00103763863444, -0.00203126203269], [-0.000821896130219, 0.00475755287334, -0.00357089284807, 0.00883332733065, -0.00727555016056, 0.00256567937322, -0.0019276473904, 0.00260880729184, -0.00917142815888, 0.024102890864, -0.0133351897821, 0.0059052137658, -0.00163490255363], [0.000666609790642, -0.00544089497998, 0.00392244849354, -0.00861144438386, 0.00549237430096, -0.0050834659487, 0.00175450951792, 0.00236431858502, 0.00356286508031, -0.0133351897821, 0.0296408999711, -0.0149031030014, 0.00364150246605], [-0.000442716904217, 0.00483150687069, -0.00456796446815, 0.00625656405464, -0.00339227146469, 0.00273554306477, -0.00162261119112, 0.00126689532772, -0.00103763863444, 0.0059052137658, -0.0149031030014, 0.0253989137709, -0.00886408053339], [0.000485156866489, -0.00233698962256, 0.00236799078993, -0.00271200318821, 0.00067766464781, -0.00179615407251, 0.00146301963832, -0.00105543306563, -0.00203126203269, -0.00163490255363, 0.00364150246605, -0.00886408053339, 0.0209594164044]]
    },
    "melbands": {
        "dmean": [0.00300132948905, 0.00236722221598, 0.000871272815857, 0.000522379938047, 0.000262292480329, 0.000210767349927, 0.000209828504012, 0.00018815851945, 0.000152783773956, 0.000298915809253, 0.000163968114066, 9.8943390185e-05, 5.31832993147e-05, 4.67146383016e-05, 5.09652454639e-05, 6.61157173454e-05, 5.24200659129e-05, 4.90286729473e-05, 5.71141135879e-05, 4.32869055658e-05, 3.36242519552e-05, 2.52350473602e-05, 1.53692690219e-05, 7.52063215259e-06, 7.6534188338e-06, 8.81865980773e-06, 8.22827496449e-06, 6.08955087955e-06, 5.98641645411e-06, 5.71759164814e-06, 4.6912068683e-06, 4.14469423049e-06, 3.10360337608e-06, 2.29073862101e-06, 2.10707207771e-06, 1.67394296113e-06, 1.21409118492e-06, 1.14049873901e-06, 9.44479666032e-07, 7.72738758315e-07],
        "dmean2": [0.00508851697668, 0.00409810850397, 0.00146610767115, 0.000872818171047, 0.000440878793597, 0.000341665698215, 0.000346042332239, 0.000297413294902, 0.000244389113504, 0.000459738192149, 0.000256959930994, 0.000153653061716, 8.45896429382e-05, 7.43574637454e-05, 8.07292672107e-05, 0.000107724081317, 8.42514054966e-05, 7.67499441281e-05, 8.65274269017e-05, 6.89844382578e-05, 5.48215029994e-05, 4.07378465752e-05, 2.54645001405e-05, 1.26411605379e-05, 1.28131559904e-05, 1.44444657053e-05, 1.41566515595e-05, 1.03567090264e-05, 9.57691554504e-06, 9.30789974518e-06, 7.39913912184e-06, 6.52119933875e-06, 4.8599836191e-06, 3.53764926331e-06, 3.2015097986e-06, 2.65102767116e-06, 1.86211696018e-06, 1.6936786551e-06, 1.4605296883e-06, 1.13181715733e-06],
        "dvar": [2.12229042518e-05, 2.53041289398e-05, 2.10438133763e-06, 7.16839849702e-07, 1.33069804065e-07, 1.29234067003e-07, 2.23297604407e-07, 9.6150358786e-08, 1.05700763697e-07, 4.11646510656e-07, 1.03935413165e-07, 4.64985596693e-08, 1.45399239315e-08, 1.24305428173e-08, 8.88458018267e-09, 2.38716086898e-08, 1.43041338774e-08, 1.10504627671e-08, 2.05220622718e-08, 7.39433536623e-09, 3.28979554709e-09, 1.02734387664e-09, 3.67181757222e-10, 1.42075004539e-10, 1.09347510213e-10, 1.26649427057e-10, 1.48471332451e-10, 1.01308753053e-10, 7.11713743495e-11, 6.65135724276e-11, 6.02460442645e-11, 8.67323088349e-11, 4.6336448567e-11, 2.14019791472e-11, 2.20771977089e-11, 1.94091184097e-11, 8.88067223925e-12, 6.91265751238e-12, 2.49867487812e-12, 1.77081016951e-12],
        "dvar2": [6.14652526565e-05, 7.34213899705e-05, 5.90584295423e-06, 1.68006931744e-06, 3.40391125064e-07, 3.1889010188e-07, 5.97490270593e-07, 2.36838857859e-07, 2.65355225793e-07, 1.03185959688e-06, 2.52785099519e-07, 1.10830939093e-07, 3.07243332998e-08, 2.7624212251e-08, 2.13757562761e-08, 6.24912246394e-08, 3.20821413879e-08, 2.43517845888e-08, 4.08945446395e-08, 1.78405556994e-08, 8.35354629913e-09, 2.40512143534e-09, 9.64445967533e-10, 4.02333000249e-10, 2.78370271278e-10, 3.35599992241e-10, 3.96222193944e-10, 2.72295880288e-10, 1.6817282289e-10, 1.52771337247e-10, 1.42094253031e-10, 1.82269824234e-10, 1.08940745314e-10, 4.24885820971e-11, 4.55173954084e-11, 4.45841800978e-11, 1.92558052836e-11, 1.33342867997e-11, 5.6933659176e-12, 3.76805921534e-12],
        "max": [0.0366906262934, 0.0449144951999, 0.0160227008164, 0.0108610726893, 0.00308298808523, 0.00434777699411, 0.0075493757613, 0.00351234641857, 0.00649353023618, 0.00982122402638, 0.00415663933381, 0.00288105360232, 0.00166389998049, 0.00223828246817, 0.00137236528099, 0.00273181009106, 0.00200477265753, 0.00172752270009, 0.00214626104571, 0.00129996798933, 0.000906596658751, 0.000439980562078, 0.000216171712964, 0.000125602266053, 0.000165092918905, 0.000147095342982, 0.000119699783681, 0.000134285146487, 0.00013585970737, 0.000118709023809, 0.000139054696774, 0.000139141047839, 0.000100071869383, 6.74784823786e-05, 8.38559572003e-05, 7.2911803727e-05, 6.49839712423e-05, 6.65729894536e-05, 2.44131788349e-05, 1.8867172912e-05],
        "mean": [0.0051088873297, 0.00521827302873, 0.00175438716542, 0.000799210625701, 0.000395284761908, 0.00032298307633, 0.000301664811559, 0.00029408338014, 0.000227345328312, 0.000498380220961, 0.000306425150484, 0.000176033543539, 8.17204345367e-05, 7.78547473601e-05, 8.67374037625e-05, 9.74626382231e-05, 7.90532722021e-05, 7.59378235671e-05, 8.71413139976e-05, 7.21903124941e-05, 6.19943530182e-05, 5.06233482156e-05, 3.28309106408e-05, 1.54125609697e-05, 1.74547658389e-05, 1.96819037228e-05, 1.5725267076e-05, 1.14165914056e-05, 1.24269154185e-05, 1.18729794849e-05, 8.86974794412e-06, 7.41598478271e-06, 5.64811580261e-06, 4.43145700046e-06, 4.02042905989e-06, 3.13073633151e-06, 2.47333446168e-06, 2.37600056607e-06, 1.94064796233e-06, 1.62608250776e-06],
        "median": [0.00425872579217, 0.00479967473075, 0.0013396613067, 0.000511602091137, 0.000248944736086, 0.000195742686628, 0.000147017868585, 0.000157065980602, 0.000113592548587, 0.000183183903573, 9.18349978747e-05, 6.14691525698e-05, 4.12977606175e-05, 3.8700956793e-05, 4.83211188111e-05, 3.33596217388e-05, 3.65589621651e-05, 3.21519401041e-05, 3.10182331305e-05, 3.54331205017e-05, 3.85659332096e-05, 3.97182811867e-05, 2.84720408672e-05, 1.22501214719e-05, 1.47858208948e-05, 1.70059556694e-05, 1.27445737235e-05, 8.42954796099e-06, 7.48206457502e-06, 7.87493172538e-06, 5.96928930463e-06, 3.83748329114e-06, 2.71363637694e-06, 1.93841219698e-06, 1.72155489508e-06, 1.29644934077e-06, 9.44582325246e-07, 9.96098265205e-07, 9.9263024822e-07, 9.43803797782e-07],
        "min": [1.91265338528e-13, 1.19141363984e-13, 5.3594151686e-13, 7.93792711683e-13, 8.64737155579e-13, 1.91837268727e-13, 9.75974807698e-14, 3.60551703511e-14, 2.21150558261e-13, 1.30847128922e-13, 6.37457480464e-14, 4.12229217504e-14, 8.99137670785e-14, 2.16014577374e-14, 5.18435731085e-14, 3.48419176269e-14, 1.23965643523e-13, 1.28101861258e-13, 1.49568386647e-13, 1.02169676528e-13, 9.34460435463e-14, 2.15272827233e-13, 3.83279867534e-14, 3.75643391176e-14, 3.87717642551e-14, 4.77283855071e-14, 5.62315696936e-14, 2.08502733443e-14, 3.80541884354e-14, 4.62571841454e-14, 2.55691294689e-14, 3.17152378036e-14, 4.3323702373e-14, 5.3236535731e-14, 2.68977040348e-14, 2.30243307872e-14, 1.90476093557e-14, 1.48786436324e-14, 1.47963831807e-14, 1.31315365347e-14],
        "var": [2.48526466748e-05, 2.27091259148e-05, 2.52735367212e-06, 9.90969056147e-07, 1.94712654888e-07, 1.80990653575e-07, 2.48538100323e-07, 1.5934030273e-07, 1.40896972312e-07, 8.40393738599e-07, 2.72242346e-07, 1.02956150272e-07, 2.42054305488e-08, 1.92909475061e-08, 1.62488742461e-08, 4.07634814792e-08, 2.36387336372e-08, 2.37039987638e-08, 4.04542426224e-08, 1.41061811121e-08, 6.98180402381e-09, 1.96823490839e-09, 6.14747086569e-10, 1.76295339438e-10, 1.86234694333e-10, 2.32131272537e-10, 1.96092753146e-10, 1.33323241336e-10, 1.9024599951e-10, 1.53932755431e-10, 1.3040994673e-10, 1.82061518639e-10, 8.93710591643e-11, 5.18887779966e-11, 5.63640037421e-11, 4.16781227586e-11, 2.41855997035e-11, 2.06399099201e-11, 6.9570746733e-12, 4.34439159994e-12]
    },
    "mfcc": {
        "mean": [-590.064086914, 110.788513184, -1.25668942928, 30.045135498, 9.04719543457, 10.0282821655, 4.38005781174, 6.82902145386, 11.5960416794, 5.6769118309, 2.21752619743, 2.1408662796, -0.220138892531],
        "cov": [[5411.9140625, -43.413192749, 265.644439697, 37.0949478149, 49.87840271, -28.7098312378, -32.5555496216, 10.540055275, 69.6437911987, 68.2548522949, 13.7375192642, 68.6416015625, 7.88825464249], [-43.413192749, 714.954833984, -298.260681152, 97.9029998779, -68.931137085, -29.4146728516, 76.8203887939, 7.90413570404, 55.5702590942, 12.0081119537, 23.0800971985, 7.07002353668, -38.4796714783], [265.644439697, -298.260681152, 460.999572754, 37.7727890015, 105.670654297, 34.6663589478, 12.5554666519, 64.1032409668, 0.180683881044, 8.58912181854, -3.54875636101, 29.243478775, 20.4047870636], [37.0949478149, 97.9029998779, 37.7727890015, 197.346755981, 59.2470741272, -11.712594986, -0.238787859678, 20.7895145416, 15.6994457245, 6.20027065277, -10.474811554, 10.9066505432, 7.14502859116], [49.87840271, -68.931137085, 105.670654297, 59.2470741272, 193.821517944, 11.6184568405, -15.7947254181, -0.0821948423982, 23.9265365601, 19.8099441528, -7.64980554581, 5.18831014633, 36.7721710205], [-28.7098312378, -29.4146728516, 34.6663589478, -11.712594986, 11.6184568405, 112.381988525, 50.4827423096, 22.3314495087, -4.5640707016, 5.63599395752, 24.6733436584, 3.32766246796, -6.40448379517], [-32.5555496216, 76.8203887939, 12.5554666519, -0.238787859678, -15.7947254181, 50.4827423096, 156.410766602, 56.2323799133, 28.4406890869, 6.55194664001, 16.7274131775, 23.7750339508, -26.4123210907], [10.540055275, 7.90413570404, 64.1032409668, 20.7895145416, -0.0821948423982, 22.3314495087, 56.2323799133, 109.530731201, 31.1760463715, 3.18340301514, 3.08538532257, 4.65047216415, -2.0580239296], [69.6437911987, 55.5702590942, 0.180683881044, 15.6994457245, 23.9265365601, -4.5640707016, 28.4406890869, 31.1760463715, 101.677146912, 44.9338035583, 6.47661828995, 0.168548107147, -15.0732030869], [68.2548522949, 12.0081119537, 8.58912181854, 6.20027065277, 19.8099441528, 5.63599395752, 6.55194664001, 3.18340301514, 44.9338035583, 74.9572525024, 23.9447345734, 1.59234011173, -12.6525716782], [13.7375192642, 23.0800971985, -3.54875636101, -10.474811554, -7.64980554581, 24.6733436584, 16.7274131775, 3.08538532257, 6.47661828995, 23.9447345734, 63.5028114319, 17.1072883606, -6.55572319031], [68.6416015625, 7.07002353668, 29.243478775, 10.9066505432, 5.18831014633, 3.32766246796, 23.7750339508, 4.65047216415, 0.168548107147, 1.59234011173, 17.1072883606, 61.6176109314, 16.2155971527], [7.88825464249, -38.4796714783, 20.4047870636, 7.14502859116, 36.7721710205, -6.40448379517, -26.4123210907, -2.0580239296, -15.0732030869, -12.6525716782, -6.55572319031, 16.2155971527, 69.2750015259]],
