{
"lowlevel": {
    "average_loudness": 0.982664763927,
    "barkbands_crest": {
        "dmean": 2.06838989258,
        "dmean2": 3.3315782547,
        "dvar": 3.13448858261,
        "dvar2": 8.08774662018,
        "max": 23.9289894104,
        "mean": 8.85705471039,
        "median": 8.38431930542,
        "min": 2.32348442078,
        "var": 9.38998889923
    },
    "barkbands_flatness_db": {
        "dmean": 0.0206495206803,
        "dmean2": 0.031803894788,
        "dvar": 0.000306195346639,
        "dvar2": 0.000736157875508,
        "max": 0.35677921772,
        "mean": 0.168561041355,
        "median": 0.160232409835,
        "min": 0.0793290287256,
        "var": 0.00164604745805
    },
    "barkbands_kurtosis": {
        "dmean": 2.80431842804,
        "dmean2": 4.33843374252,
        "dvar": 19.6750450134,
        "dvar2": 43.2911911011,
        "max": 84.1914215088,
        "mean": 3.84613704681,
        "median": 1.03975915909,
        "min": -1.75918114185,
        "var": 62.977230072
    },
    "barkbands_skewness": {
        "dmean": 0.562345683575,
        "dmean2": 0.852892994881,
        "dvar": 0.283812493086,
        "dvar2": 0.667186141014,
        "max": 8.75408744812,
        "mean": 1.79154419899,
        "median": 1.50941646099,
        "min": -0.474690288305,
        "var": 1.37032175064
    },
    "barkbands_spread": {
        "dmean": 6.66698741913,
        "dmean2": 10.098736763,
        "dvar": 40.5093269348,
        "dvar2": 91.2485427856,
        "max": 81.4134368896,
        "mean": 28.8442974091,
        "median": 29.5551948547,
        "min": 2.38272428513,
        "var": 164.466445923
    },
    "dissonance": {
        "dmean": 0.00995850376785,
        "dmean2": 0.0167221687734,
        "dvar": 0.000118941366964,
        "dvar2": 0.000295105186524,
        "max": 0.499400794506,
        "mean": 0.48002871871,
        "median": 0.484788894653,
        "min": 0.345497310162,
        "var": 0.000291622855002
    },
    "dynamic_complexity": 1.03821742535,
    "erbbands_crest": {
        "dmean": 2.16159176826,
        "dmean2": 3.47365283966,
        "dvar": 4.57394218445,
        "dvar2": 10.7501373291,
        "max": 28.2743053436,
        "mean": 7.60465526581,
        "median": 6.53869771957,
        "min": 2.2442677021,
        "var": 13.5038728714
    },
    "erbbands_flatness_db": {
        "dmean": 0.0116527099162,
        "dmean2": 0.0172050856054,
        "dvar": 0.000100950412161,
        "dvar2": 0.000204610085348,
        "max": 0.258827716112,
        "mean": 0.171964719892,
        "median": 0.171242177486,
        "min": 0.106866307557,
        "var": 0.000415248563513
    },
    "erbbands_kurtosis": {
        "dmean": 0.685726642609,
        "dmean2": 1.06555271149,
        "dvar": 0.637657940388,
        "dvar2": 1.39629304409,
        "max": 9.24699687958,
        "mean": -0.286760419607,
        "median": -0.633323192596,
        "min": -1.85035502911,
        "var": 1.50312960148
    },
    "erbbands_skewness": {
        "dmean": 0.313568085432,
        "dmean2": 0.479477107525,
        "dvar": 0.0781753957272,
        "dvar2": 0.167659536004,
        "max": 2.82786011696,
        "mean": -0.444418877363,
        "median": -0.495778173208,
        "min": -2.28988599777,
        "var": 0.403407990932
    },
    "erbbands_spread": {
        "dmean": 9.47230529785,
        "dmean2": 14.4752006531,
        "dvar": 79.5475921631,
        "dvar2": 175.449447632,
        "max": 135.598571777,
        "mean": 54.1315383911,
        "median": 52.1321105957,
        "min": 13.4329624176,
        "var": 331.491149902
    },
    "hfc": {
        "dmean": 6.0485291481,
        "dmean2": 9.0861492157,
        "dvar": 45.5814743042,
        "dvar2": 97.0526351929,
        "max": 111.602340698,
        "mean": 29.0167980194,
        "median": 28.3089027405,
        "min": 0.000745251192711,
        "var": 177.319168091
    },
    "melbands_crest": {
        "dmean": 3.11387753487,
        "dmean2": 5.14469909668,
        "dvar": 6.77915477753,
        "dvar2": 18.1134414673,
        "max": 30.4196510315,
        "mean": 15.7504463196,
        "median": 15.4983997345,
        "min": 5.3967165947,
        "var": 16.6606807709
    },
    "melbands_flatness_db": {
        "dmean": 0.0265648551285,
        "dmean2": 0.039776083082,
        "dvar": 0.000522381684277,
        "dvar2": 0.00123705191072,
        "max": 0.420553684235,
        "mean": 0.195420533419,
        "median": 0.184543326497,
        "min": 0.0773578807712,
        "var": 0.00301957270131
    },
    "melbands_kurtosis": {
        "dmean": 9.89990615845,
        "dmean2": 15.3142642975,
        "dvar": 212.761398315,
        "dvar2": 486.433685303,
        "max": 318.018310547,
        "mean": 21.0637874603,
        "median": 12.0439977646,
        "min": -0.953133106232,
        "var": 719.663452148
    },
    "melbands_skewness": {
        "dmean": 0.880261719227,
        "dmean2": 1.34570419788,
        "dvar": 0.746555566788,
        "dvar2": 1.77904069424,
        "max": 15.7111654282,
        "mean": 3.77887415886,
        "median": 3.36761808395,
        "min": 0.387981921434,
        "var": 3.51816082001
    },
    "melbands_spread": {
        "dmean": 8.06416988373,
        "dmean2": 12.4540758133,
        "dvar": 67.2457733154,
        "dvar2": 164.340805054,
        "max": 92.2011108398,
        "mean": 24.2251873016,
        "median": 22.441942215,
        "min": 1.36461830139,
        "var": 204.795898438
    },
    "pitch_salience": {
        "dmean": 0.065645955503,
        "dmean2": 0.105388298631,
        "dvar": 0.00328274210915,
        "dvar2": 0.00877722911537,
        "max": 0.772455751896,
        "mean": 0.548118412495,
        "median": 0.559207081795,
        "min": 0.139125958085,
        "var": 0.0102253155783
    },
    "silence_rate_20dB": {
        "dmean": 0,
        "dmean2": 0,
        "dvar": 0,
        "dvar2": 0,
        "max": 1,
        "mean": 1,
        "median": 1,
        "min": 1,
        "var": 0
    },
    "silence_rate_30dB": {
        "dmean": 0.000774593325332,
        "dmean2": 0.00154978688806,
        "dvar": 0.000773990352172,
        "dvar2": 0.00232226541266,
        "max": 1,
        "mean": 0.999612867832,
        "median": 1,
        "min": 0,
        "var": 0.000387018284528
    },
    "silence_rate_60dB": {
        "dmean": 0.00154918665066,
        "dmean2": 0.00309957377613,
        "dvar": 0.00154677091632,
        "dvar2": 0.00386479008012,
        "max": 1,
        "mean": 0.0089043751359,
        "median": 0,
        "min": 0,
        "var": 0.0088249547407
    },
    "spectral_centroid": {
        "dmean": 299.556274414,
        "dmean2": 454.236572266,
        "dvar": 68041.796875,
        "dvar2": 158271.3125,
        "max": 3140.44921875,
        "mean": 1688.24975586,
        "median": 1751.95983887,
        "min": 268.696777344,
        "var": 317164.1875
    },
    "spectral_complexity": {
        "dmean": 4.85515117645,
        "dmean2": 7.322742939,
        "dvar": 18.8830127716,
        "dvar2": 38.4710693359,
        "max": 59,
        "mean": 30.3375911713,
        "median": 32,
        "min": 0,
        "var": 130.358383179
    },
    "spectral_decrease": {
        "dmean": 3.24737170487e-09,
        "dmean2": 5.35443511751e-09,
        "dvar": 1.61789893827e-17,
        "dvar2": 4.41539084813e-17,
        "max": -2.69786580229e-13,
        "mean": -1.04924184896e-08,
        "median": -9.83068737526e-09,
        "min": -4.19728465317e-08,
        "var": 2.06224249623e-17
    },
    "spectral_energy": {
        "dmean": 0.0124819092453,
        "dmean2": 0.0205814689398,
        "dvar": 0.000236381558352,
        "dvar2": 0.000644879823085,
        "max": 0.162417575717,
        "mean": 0.0422327071428,
        "median": 0.0399308763444,
        "min": 1.08582594294e-06,
        "var": 0.000303777342197
    },
    "spectral_energyband_high": {
        "dmean": 0.000494365231134,
        "dmean2": 0.000728594197426,
        "dvar": 5.1030127679e-07,
        "dvar2": 1.03849652078e-06,
        "max": 0.0130527149886,
        "mean": 0.0014839170035,
        "median": 0.00132223195396,
        "min": 2.14917843522e-08,
        "var": 1.34169943067e-06
    },
    "spectral_energyband_low": {
        "dmean": 0.0106259891763,
        "dmean2": 0.0175557844341,
        "dvar": 0.000205108561204,
        "dvar2": 0.000561073189601,
        "max": 0.127130031586,
        "mean": 0.021436041221,
        "median": 0.0180201698095,
        "min": 2.18226645643e-07,
        "var": 0.00024286894768
    },
    "spectral_energyband_middle_high": {
        "dmean": 0.00171246938407,
        "dmean2": 0.00253968778998,
        "dvar": 4.09747599406e-06,
        "dvar2": 8.46972216095e-06,
        "max": 0.035175666213,
        "mean": 0.00662634335458,
        "median": 0.00588498357683,
        "min": 1.63660658359e-07,
        "var": 1.95990469365e-05
    },
    "spectral_energyband_middle_low": {
        "dmean": 0.0063568954356,
        "dmean2": 0.0104390261695,
        "dvar": 4.49904073321e-05,
        "dvar2": 0.000118476295029,
        "max": 0.0969985350966,
        "mean": 0.0179757587612,
        "median": 0.0165559146553,
        "min": 7.83809127824e-07,
        "var": 8.33687663544e-05
    },
    "spectral_entropy": {
        "dmean": 0.113118566573,
        "dmean2": 0.162199765444,
        "dvar": 0.0138291465119,
        "dvar2": 0.0238890983164,
        "max": 8.37767505646,
        "mean": 7.66840219498,
        "median": 7.73368358612,
        "min": 6.17651224136,
        "var": 0.078964419663
    },
    "spectral_flux": {
        "dmean": 0.0267645604908,
        "dmean2": 0.0405512303114,
        "dvar": 0.000739876297303,
        "dvar2": 0.00150254764594,
        "max": 0.302653580904,
        "mean": 0.102749072015,
        "median": 0.0974616408348,
        "min": 0.00104202970397,
        "var": 0.00162386021111
    },
    "spectral_kurtosis": {
        "dmean": 1.1869032383,
        "dmean2": 2.08208036423,
        "dvar": 1.05459833145,
        "dvar2": 3.12867665291,
        "max": 9.71931552887,
        "mean": 1.73203516006,
        "median": 1.480448246,
        "min": -0.946446657181,
        "var": 1.54593110085
    },
    "spectral_rms": {
        "dmean": 0.000901543127839,
        "dmean2": 0.0014629799407,
        "dvar": 8.93596791229e-07,
        "dvar2": 2.41555449065e-06,
        "max": 0.0125879375264,
        "mean": 0.00628433655947,
        "median": 0.00624155066907,
        "min": 3.25475411955e-05,
        "var": 1.70973930835e-06
    },
    "spectral_rolloff": {
        "dmean": 591.639343262,
        "dmean2": 974.459228516,
        "dvar": 540024.375,
        "dvar2": 1189101.75,
        "max": 7364.35546875,
        "mean": 1537.24206543,
        "median": 1507.32421875,
        "min": 129.19921875,
        "var": 1287787.375
    },
    "spectral_skewness": {
        "dmean": 0.169227913022,
        "dmean2": 0.282424509525,
        "dvar": 0.0211678035557,
        "dvar2": 0.0560412220657,
        "max": 2.25962686539,
        "mean": 0.750256001949,
        "median": 0.723609983921,
        "min": -0.0127826444805,
        "var": 0.0612656995654
    },
    "spectral_spread": {
        "dmean": 316730.59375,
        "dmean2": 465286.40625,
        "dvar": 97907007488,
        "dvar2": 164647993344,
        "max": 8676313,
        "mean": 3808090,
        "median": 3714503.75,
        "min": 2459364.25,
        "var": 401330405376
    },
    "spectral_strongpeak": {
        "dmean": 0.416956007481,
        "dmean2": 0.737921357155,
        "dvar": 0.656522214413,
        "dvar2": 1.7763787508,
        "max": 9.53669261932,
        "mean": 0.654533445835,
        "median": 0.46285751462,
        "min": 0.00105225981679,
        "var": 0.63616079092
    },
    "zerocrossingrate": {
        "dmean": 0.0086763529107,
        "dmean2": 0.0106523260474,
        "dvar": 5.90035815549e-05,
        "dvar2": 8.26005198178e-05,
        "max": 0.1689453125,
        "mean": 0.0593740940094,
        "median": 0.0595703125,
        "min": 0.01025390625,
        "var": 0.000447097409051
    },
    "barkbands": {
        "dmean": [6.70857916703e-05, 0.00332401972264, 0.00657683005556, 0.00490656960756, 0.00201776623726, 0.00095456832787, 0.000692312663887, 0.000601907086093, 0.000571191194467, 0.000311700074235, 0.000264785252512, 0.000236497609876, 0.000254503363976, 0.000311294308631, 0.000261518813204, 0.000488475139719, 0.00055405346211, 0.000252136640484, 0.000364672538126, 0.000278221996268, 0.000219520006794, 0.000155852074386, 9.16716817301e-05, 5.52147466806e-05, 1.86224369827e-05, 2.00004244277e-08, 3.58481067053e-09],
        "dmean2": [0.000101848381746, 0.0054607023485, 0.0109984967858, 0.0080081326887, 0.00333657325245, 0.00159526302014, 0.00115129933693, 0.000997258699499, 0.000913994212169, 0.000490596459713, 0.000404410762712, 0.00035682215821, 0.000393145368434, 0.000466837751446, 0.000407222134527, 0.000760523602366, 0.000899528386071, 0.000404377409723, 0.000584071385674, 0.000445347570349, 0.000345195701811, 0.000242598587647, 0.00014037481742, 7.97666070866e-05, 2.73747155006e-05, 3.17468646926e-08, 6.73523237182e-09],
        "dvar": [2.32098322783e-08, 2.10981033888e-05, 9.23666084418e-05, 3.20023245877e-05, 4.73555837743e-06, 2.07111997952e-06, 1.91074832401e-06, 1.52200937009e-06, 1.67239784332e-06, 7.01967280747e-07, 4.11293655134e-07, 6.26973474027e-07, 7.2423625852e-07, 8.41651853989e-07, 5.10570203005e-07, 7.28705686015e-07, 4.46879681704e-07, 9.09238409008e-08, 1.77283311587e-07, 9.18834999197e-08, 6.1445582844e-08, 6.79240770296e-08, 6.90345984822e-08, 2.11073292178e-08, 2.59875387876e-09, 3.61871363902e-15, 2.46732597783e-16],
        "dvar2": [4.99611907401e-08, 5.82800748816e-05, 0.000257016625255, 8.49310381454e-05, 1.29047011797e-05, 5.02131979374e-06, 4.68696134703e-06, 3.59175692211e-06, 3.8388889152e-06, 1.46450270222e-06, 8.10008884855e-07, 1.21233654227e-06, 1.50424727963e-06, 1.63946674547e-06, 9.32571708745e-07, 1.51235872181e-06, 1.17232741559e-06, 2.1337484668e-07, 4.40461889184e-07, 2.29258489526e-07, 1.43310671774e-07, 1.50258415488e-07, 1.51663840597e-07, 3.65705083993e-08, 4.72310768274e-09, 8.76343675361e-15, 7.22091087672e-16],
        "max": [0.00138082564808, 0.0472040399909, 0.0938060879707, 0.0756517574191, 0.0239179711789, 0.02190640755, 0.0194207653403, 0.0195289775729, 0.0260480009019, 0.0193208213896, 0.014124263078, 0.0183260664344, 0.0226120594889, 0.0222985446453, 0.0162351429462, 0.0157962813973, 0.0081090182066, 0.00847579259425, 0.00501970341429, 0.00338140781969, 0.00277967681177, 0.00514490436763, 0.00632798811421, 0.00259717181325, 0.00100715074223, 1.2323878309e-06, 2.84682641905e-07],
        "mean": [6.58130666125e-05, 0.00620110798627, 0.00998046528548, 0.00904690939933, 0.00429431954399, 0.00152573606465, 0.00104091875255, 0.000857841572724, 0.00105752178933, 0.000475544307847, 0.000531038502231, 0.000364540348528, 0.00040316086961, 0.000540959823411, 0.000435296999058, 0.000956255302299, 0.00114829861559, 0.000577010097913, 0.000839846965391, 0.000672417110763, 0.000580494524911, 0.000324562424794, 0.00016726803733, 0.000115020971862, 3.03465239995e-05, 2.57455994301e-08, 2.41657405198e-09],
        "median": [7.51158268031e-06, 0.00505859125406, 0.00691405683756, 0.00723239360377, 0.00376067380421, 0.00102169637103, 0.000480128510389, 0.000434706278611, 0.000265283830231, 0.000168596452568, 0.000145401034388, 0.000152759457706, 0.000114236609079, 0.000191399914911, 0.00019790661463, 0.0005810278235, 0.000911313632969, 0.00047016661847, 0.000721988209989, 0.00058562180493, 0.000506983837113, 0.000256827683188, 0.0001004651931, 6.45899490337e-05, 1.07455989564e-05, 8.70871463832e-09, 6.41041553173e-10],
        "min": [7.90475629397e-10, 3.46166544318e-08, 8.2548815783e-08, 1.83769458317e-07, 1.03615633407e-07, 1.94976465195e-07, 9.60239621151e-09, 2.58598021219e-07, 3.19029886953e-08, 2.52235654585e-08, 4.48861392499e-09, 2.33013359718e-08, 3.75957665e-09, 3.56665408319e-09, 8.95778562437e-09, 3.6585998231e-08, 2.1535221606e-08, 6.39761887911e-09, 1.24509060839e-08, 2.35448549546e-08, 1.38763187607e-08, 1.2918607295e-09, 4.11893741337e-10, 4.92910399996e-12, 5.30257218342e-12, 3.76963391058e-12, 5.21400067219e-12],
        "var": [2.6887255089e-08, 2.77865437965e-05, 0.000108352600364, 5.4787757108e-05, 8.38109463075e-06, 3.51680955646e-06, 3.93917844121e-06, 2.49753429671e-06, 5.77616083319e-06, 1.54494068738e-06, 1.70573457581e-06, 1.16187072763e-06, 1.44793659729e-06, 2.05662354347e-06, 1.15834791359e-06, 2.15073077925e-06, 8.90837782208e-07, 2.27516551377e-07, 3.87273786373e-07, 2.24130388915e-07, 1.79892978736e-07, 1.1283903234e-07, 9.8285042327e-08, 4.5966167761e-08, 5.30309263169e-09, 4.67174542256e-15, 1.35821031643e-16]
    },
    "erbbands": {
        "dmean": [0.053552441299, 0.959323644638, 5.93175315857, 13.4692783356, 10.1055078506, 6.1482667923, 5.33680105209, 8.5684967041, 10.2242422104, 9.90396690369, 12.9470844269, 12.7136411667, 11.4639148712, 7.96888685226, 10.5566034317, 8.57025051117, 10.5800075531, 13.6148290634, 12.2479658127, 19.5049610138, 22.9576435089, 31.8605041504, 15.4920454025, 18.6677646637, 16.1730194092, 11.9588165283, 9.71585178375, 8.48208999634, 5.4288725853, 3.8634121418, 2.42189216614, 1.36742937565, 0.894397735596, 0.380994915962, 0.0240547638386, 0.00107226986438, 6.23684172751e-05, 1.01244522739e-05, 7.13241252015e-06, 1.39499406941e-05],
        "dmean2": [0.0844424962997, 1.59711313248, 9.89194107056, 22.228269577, 16.7511043549, 9.95765972137, 8.78343486786, 14.4321346283, 17.1009349823, 16.3161468506, 21.3330020905, 20.174905777, 17.224861145, 12.0305023193, 16.2991409302, 12.72727108, 16.0195789337, 20.4260425568, 18.4167995453, 29.2053432465, 36.4786529541, 52.1020736694, 24.8889904022, 29.9553852081, 25.9420471191, 19.0808963776, 15.5314722061, 13.2583856583, 8.42447757721, 5.96774482727, 3.71562290192, 2.05598139763, 1.27414309978, 0.550339460373, 0.0349738039076, 0.00154860306066, 8.96298734006e-05, 1.46736656461e-05, 1.13677278932e-05, 2.29472461797e-05],
        "dvar": [0.00930134113878, 1.77321016788, 74.4893417358, 287.781219482, 135.829101562, 48.7889251709, 61.216594696, 210.983978271, 396.847259521, 580.004821777, 662.628051758, 909.506958008, 653.016967773, 534.016662598, 627.394287109, 776.809020996, 1160.93847656, 1709.89697266, 1029.14086914, 2744.77905273, 991.991882324, 1623.74133301, 292.077606201, 478.862609863, 365.365478516, 180.877670288, 134.963180542, 90.3082809448, 86.5784301758, 63.3002929688, 54.5026245117, 16.6339492798, 6.46355104446, 1.11578083038, 0.00600619008765, 1.09908651211e-05, 2.75052443044e-08, 5.74168823597e-10, 8.7201107446e-11, 2.87401297205e-10],
        "dvar2": [0.0217510703951, 5.03818702698, 207.569015503, 781.545593262, 362.497253418, 123.373550415, 155.091049194, 534.592712402, 965.54864502, 1333.70007324, 1606.67358398, 2094.65039062, 1291.9720459, 1103.50354004, 1248.82861328, 1418.68310547, 2196.05004883, 3476.6796875, 1698.33374023, 5938.92236328, 2308.93408203, 4223.01025391, 730.997314453, 1202.07653809, 897.887268066, 445.718231201, 314.097076416, 208.453262329, 188.842727661, 137.995529175, 122.427581787, 33.8868522644, 11.831193924, 1.99593234062, 0.0109593123198, 1.96210949071e-05, 4.80002277925e-08, 1.06101283315e-09, 2.09278969154e-10, 7.77410524844e-10],
        "max": [1.01104152203, 13.335401535, 80.8474655151, 194.689025879, 147.625473022, 72.9544830322, 174.433181763, 257.896453857, 401.263671875, 530.479736328, 456.285247803, 532.784606934, 497.15838623, 564.080627441, 668.134521484, 702.844177246, 932.218383789, 1294.00146484, 1012.22027588, 1094.47045898, 575.627685547, 510.236877441, 254.441635132, 301.58190918, 280.909118652, 169.558502197, 146.646270752, 120.307723999, 190.781433105, 146.143386841, 170.434616089, 95.0684814453, 58.6838378906, 21.3728199005, 1.64307582378, 0.070189230144, 0.00361134274863, 0.000471996929264, 0.000131491469801, 0.00018284014368],
        "mean": [0.082261480391, 1.80834949017, 9.9337310791, 23.8234081268, 21.7258415222, 13.1462688446, 10.6072397232, 12.8008327484, 15.7828197479, 16.2281646729, 19.3906230927, 23.6801357269, 18.5067577362, 14.6960430145, 22.5656013489, 15.1886005402, 18.0535812378, 25.7894859314, 23.7627849579, 37.6000404358, 48.2876930237, 65.9741821289, 39.2851676941, 41.9607925415, 39.7680931091, 30.5556621552, 24.7859191895, 21.0800857544, 11.6177663803, 7.39859724045, 4.4102063179, 2.77852368355, 1.75152802467, 0.657965123653, 0.0337053313851, 0.00161258724984, 0.000129112348077, 2.50121647696e-05, 2.7475594834e-05, 5.12799888384e-05],
        "median": [0.0468884147704, 1.52534842491, 7.20444202423, 18.6541519165, 18.258430481, 10.2417097092, 7.59778785706, 7.86150979996, 7.68868350983, 7.06338596344, 9.84995365143, 6.23693561554, 6.62157154083, 5.13830566406, 8.25715637207, 6.46414852142, 6.22168302536, 9.69161128998, 11.66410923, 18.895898819, 36.9775466919, 52.9367904663, 33.3599815369, 36.1927947998, 34.7345581055, 27.019159317, 20.143447876, 18.3121700287, 9.18571472168, 5.02437448502, 2.63118243217, 1.66995167732, 0.891098082066, 0.258334994316, 0.00777862640098, 0.000461766816443, 6.8398177973e-05, 1.72665550053e-05, 2.56715866271e-05, 4.92308754474e-05],
        "min": [5.15643421295e-07, 1.01875184555e-05, 7.39796232665e-05, 0.000408758496633, 0.000374602648662, 0.000256455386989, 0.00159257824998, 0.00127676327247, 0.000273295619991, 0.00162682775408, 0.00557307340205, 0.000883820059244, 0.000571826763917, 0.000555581238586, 0.00051501247799, 0.000685365812387, 0.000206038093893, 0.000111098212074, 0.000373517512344, 0.000933352042921, 0.00192952447105, 0.00124601239804, 0.000687286548782, 0.000246698618867, 0.00115378235932, 0.00106111436617, 0.000931098533329, 0.000142816075822, 4.19121570303e-05, 2.71178305411e-05, 1.29383088279e-05, 1.90231014585e-06, 1.47163788711e-07, 7.11125096586e-08, 3.18126502918e-08, 1.2890097878e-08, 8.46230285845e-09, 2.63420441016e-09, 1.31037913853e-09, 1.363815616e-09],
        "var": [0.0115044470876, 2.10321807861, 87.8433151245, 383.787261963, 251.08531189, 113.595542908, 138.715515137, 307.37991333, 949.985595703, 1296.80505371, 1135.8248291, 3003.33178711, 1571.22790527, 1325.59216309, 2773.73681641, 1806.85961914, 2537.16357422, 4129.27636719, 3068.45654297, 5936.84375, 2449.22631836, 3035.28833008, 797.459289551, 1000.19726562, 796.157104492, 462.645324707, 406.357299805, 226.779830933, 142.731903076, 102.890388489, 75.6541671753, 28.0651435852, 12.8456478119, 2.33108615875, 0.0110148228705, 2.11663700611e-05, 5.95223141886e-08, 1.24021670711e-09, 1.54099455418e-10, 3.86036896893e-10]
    },
    "gfcc": {
        "mean": [16.7937107086, 122.465553284, -146.708251953, 91.6595916748, -64.1976547241, 9.8905210495, -31.899105072, -4.16617059708, -7.63812732697, -25.0880680084, -2.6962120533, -25.6824302673, 1.95962464809],
        "cov": [[1505.71398926, -308.701690674, -213.625854492, -87.4320907593, -130.161117554, 162.882400513, -106.253822327, 50.5355300903, -46.3614311218, 82.0776443481, -12.794511795, 41.8015289307, 6.8574180603], [-308.701690674, 326.04800415, 4.16297531128, -36.7590789795, 79.6091766357, -100.317298889, 120.913726807, -57.5690422058, 31.9085426331, -43.8999862671, 36.7922019958, -32.9649505615, 6.92594385147], [-213.625854492, 4.16297531128, 318.523162842, 84.1343917847, 21.2688541412, 16.3722839355, -31.4015083313, 30.989818573, -3.65921568871, -12.3456830978, -9.83985805511, -4.50802946091, -4.49312496185], [-87.4320907593, -36.7590789795, 84.1343917847, 177.288482666, 57.6789131165, -49.6265068054, -8.74424552917, -1.99511134624, 34.5440826416, -21.5351676941, -9.15184307098, 9.3274307251, 6.10855579376], [-130.161117554, 79.6091766357, 21.2688541412, 57.6789131165, 126.920722961, -14.1700925827, 36.2628974915, -13.6724910736, 1.52874231339, -4.54238986969, 4.68538331985, -16.0167331696, 12.6287727356], [162.882400513, -100.317298889, 16.3722839355, -49.6265068054, -14.1700925827, 142.70022583, -8.38976764679, 16.2254810333, -34.9398193359, 30.3129138947, -0.587736666203, 5.47285938263, -7.06354904175], [-106.253822327, 120.913726807, -31.4015083313, -8.74424552917, 36.2628974915, -8.38976764679, 120.293014526, -10.613111496, 16.7602043152, -24.7756767273, 15.7685632706, -13.1601953506, -6.71353530884], [50.5355300903, -57.5690422058, 30.989818573, -1.99511134624, -13.6724910736, 16.2254810333, -10.613111496, 78.1097412109, 6.9408364296, 15.1088972092, -14.6541090012, 4.53703451157, 9.22974205017], [-46.3614311218, 31.9085426331, -3.65921568871, 34.5440826416, 1.52874231339, -34.9398193359, 16.7602043152, 6.9408364296, 75.8722381592, 3.36726617813, -3.11041355133, -9.73780250549, -9.91178607941], [82.0776443481, -43.8999862671, -12.3456830978, -21.5351676941, -4.54238986969, 30.3129138947, -24.7756767273, 15.1088972092, 3.36726617813, 67.1307678223, 16.9070396423, 3.97332954407, -0.618449509144], [-12.794511795, 36.7922019958, -9.83985805511, -9.15184307098, 4.68538331985, -0.587736666203, 15.7685632706, -14.6541090012, -3.11041355133, 16.9070396423, 54.9459915161, 22.884475708, -3.35960865021], [41.8015289307, -32.9649505615, -4.50802946091, 9.3274307251, -16.0167331696, 5.47285938263, -13.1601953506, 4.53703451157, -9.73780250549, 3.97332954407, 22.884475708, 57.1039886475, 20.6330833435], [6.8574180603, 6.92594385147, -4.49312496185, 6.10855579376, 12.6287727356, -7.06354904175, -6.71353530884, 9.22974205017, -9.91178607941, -0.618449509144, -3.35960865021, 20.6330833435, 49.9230995178]],
        "icov": [[0.00108573224861, -0.000838561390992, 0.00130443566013, -0.001338055823, 0.00130301830359, -0.00179793685675, 0.00114298623521, -0.000992136425339, 0.000728326442186, -0.000652104092296, 0.000426226120908, -0.000163112446899, 0.00023407167464], [-0.000838561390992, 0.0381511449814, -0.0137991933152, 0.0309922304004, -0.0203285552561, 0.0260771792382, -0.0226776320487, 0.0196083094925, -0.0178596582264, 0.012580155395, -0.0203484538943, 0.0121839940548, -0.0178495179862], [0.00130443566013, -0.0137991933152, 0.0102276047692, -0.0143076535314, 0.00812056940049, -0.0119277369231, 0.0103234192356, -0.00994027312845, 0.00750057632104, -0.00283113936894, 0.005153903272, -0.00215423153713, 0.0065818214789], [-0.001338055823, 0.0309922304004, -0.0143076535314, 0.0369338132441, -0.0232316963375, 0.0242745373398, -0.0164634753019, 0.0171273574233, -0.0199062917382, 0.0126172909513, -0.0128726121038, 0.00287604751065, -0.0118426671252], [0.00130301830359, -0.0203285552561, 0.00812056940049, -0.0232316963375, 0.0253526251763, -0.0153590422124, 0.00798344239593, -0.00918192975223, 0.0131347272545, -0.00984111335129, 0.00761073222384, 0.00181746878661, 0.00264630001038], [-0.00179793685675, 0.0260771792382, -0.0119277369231, 0.0242745373398, -0.0153590422124, 0.0300058461726, -0.0184719841927, 0.0135427061468, -0.00775030627847, 0.00269032502547, -0.00877574086189, 0.0038267900236, -0.00794915575534], [0.00114298623521, -0.0226776320487, 0.0103234192356, -0.0164634753019, 0.00798344239593, -0.0184719841927, 0.0280467644334, -0.0141831086949, 0.00567470351234, 0.00192382535897, 0.00352647248656, -0.00315568898804, 0.0103854620829], [-0.000992136425339, 0.0196083094925, -0.00994027312845, 0.0171273574233, -0.00918192975223, 0.0135427061468, -0.0141831086949, 0.0276697874069, -0.011458880268, 0.000432601314969, -0.00238749501295, 0.00234393775463, -0.0117574976757], [0.000728326442186, -0.0178596582264, 0.00750057632104, -0.0199062917382, 0.0131347272545, -0.00775030627847, 0.00567470351234, -0.011458880268, 0.0286481063813, -0.0126572027802, 0.0120411803946, -0.00368275144137, 0.0118142934516], [-0.000652104092296, 0.012580155395, -0.00283113936894, 0.0126172909513, -0.00984111335129, 0.00269032502547, 0.00192382535897, 0.000432601314969, -0.0126572027802, 0.0316081307828, -0.0217197407037, 0.0101493922994, -0.00818328652531], [0.000426226120908, -0.0203484538943, 0.005153903272, -0.0128726121038, 0.00761073222384, -0.00877574086189, 0.00352647248656, -0.00238749501295, 0.0120411803946, -0.0217197407037, 0.0488700084388, -0.0287635922432, 0.019850358367], [-0.000163112446899, 0.0121839940548, -0.00215423153713, 0.00287604751065, 0.00181746878661, 0.0038267900236, -0.00315568898804, 0.00234393775463, -0.00368275144137, 0.0101493922994, -0.0287635922432, 0.0416683331132, -0.0227522458881], [0.00023407167464, -0.0178495179862, 0.0065818214789, -0.0118426671252, 0.00264630001038, -0.00794915575534, 0.0103854620829, -0.0117574976757, 0.0118142934516, -0.00818328652531, 0.019850358367, -0.0227522458881, 0.0392761155963]]
    },
    "melbands": {
        "dmean": [0.000669679720886, 0.00244438438676, 0.00209549278952, 0.000539143977221, 0.000184777163668, 0.00019128745771, 0.000149448504089, 0.000111882203782, 0.000109395667096, 7.91746278992e-05, 5.90260315221e-05, 3.38597019436e-05, 3.55076299456e-05, 2.67611212621e-05, 2.71833796432e-05, 2.30116038438e-05, 2.8396023481e-05, 2.21742902795e-05, 2.11082297028e-05, 3.63404069503e-05, 2.6633759262e-05, 3.49660112988e-05, 2.49579006777e-05, 1.21833509183e-05, 1.75919994945e-05, 1.34268912007e-05, 1.33548192025e-05, 7.81724156695e-06, 6.85044506099e-06, 5.58398096473e-06, 5.57006978852e-06, 3.70343013856e-06, 2.45095475293e-06, 2.1312168883e-06, 1.52864356551e-06, 1.14030967779e-06, 7.96498852651e-07, 6.61403248614e-07, 5.92451442571e-07, 2.48676656156e-07],
        "dmean2": [0.00109212088864, 0.00408331677318, 0.00344507652335, 0.000886167399585, 0.0003011902445, 0.000321022613207, 0.000249649281614, 0.000183419455425, 0.000178541071364, 0.000126490238472, 8.85638073669e-05, 5.13661798323e-05, 5.39378779649e-05, 4.09740750911e-05, 4.07186053053e-05, 3.48998510162e-05, 4.28403145634e-05, 3.27377056237e-05, 3.13443924824e-05, 5.5519376474e-05, 4.32793494838e-05, 5.67248753214e-05, 4.09571257478e-05, 1.94998501684e-05, 2.85815676762e-05, 2.17824654101e-05, 2.17701635847e-05, 1.26017521325e-05, 1.10364180728e-05, 9.08936453925e-06, 8.82727272256e-06, 5.85201769354e-06, 3.77508308702e-06, 3.32771946887e-06, 2.35649076785e-06, 1.74849424184e-06, 1.1964867781e-06, 9.52617256189e-07, 8.54392681049e-07, 3.65913791711e-07],
        "dvar": [9.97674987957e-07, 1.2227519619e-05, 6.56804968457e-06, 3.42994809444e-07, 5.42753468835e-08, 9.72536611243e-08, 8.14196710053e-08, 6.64323991373e-08, 4.95063723349e-08, 3.40088774919e-08, 1.79330221783e-08, 9.96883731119e-09, 6.82915635153e-09, 7.30818650041e-09, 1.23153878206e-08, 3.86410903275e-09, 8.43472491852e-09, 4.08427958121e-09, 3.41327544007e-09, 6.69302169243e-09, 1.26944921242e-09, 2.0534827172e-09, 7.88733467427e-10, 2.56902277229e-10, 4.23729162868e-10, 2.5656018976e-10, 2.29191651768e-10, 8.73494193643e-11, 7.12277944959e-11, 5.07093395052e-11, 4.09518564892e-11, 3.37288114105e-11, 3.09104651597e-11, 1.82397673354e-11, 1.83440727886e-11, 1.87342537317e-11, 4.81943521549e-12, 3.46943090576e-12, 2.8357021592e-12, 4.82625929239e-13],
        "dvar2": [2.59509761236e-06, 3.42838211509e-05, 1.78501759365e-05, 9.29905013436e-07, 1.36688981911e-07, 2.41804286816e-07, 2.00655833282e-07, 1.48509229803e-07, 1.15091225439e-07, 8.04096487173e-08, 3.45720039263e-08, 2.04295638184e-08, 1.32436506206e-08, 1.6095436095e-08, 2.42778330772e-08, 7.22575954626e-09, 1.71339902266e-08, 6.95021906694e-09, 6.33612629031e-09, 1.35904061338e-08, 3.13490744475e-09, 5.38334621325e-09, 2.10243045196e-09, 6.0418620107e-10, 1.08356079664e-09, 6.42345565627e-10, 5.72035474544e-10, 2.21365356601e-10, 1.69783798132e-10, 1.27549137918e-10, 9.50012846168e-11, 7.55587883927e-11, 7.10129594017e-11, 3.95980227774e-11, 4.08415107289e-11, 4.53607602868e-11, 9.58416332408e-12, 6.73380275151e-12, 5.24624397744e-12, 8.84359805439e-13],
        "max": [0.0113529916853, 0.0308264065534, 0.0309993177652, 0.00643525412306, 0.00450111459941, 0.0049911425449, 0.00510626332834, 0.00549474311993, 0.00368951144628, 0.00307177379727, 0.00272844173014, 0.00242283707485, 0.00202751532197, 0.0023787971586, 0.00360003951937, 0.00158222659957, 0.00290928501636, 0.00162681646179, 0.00138206407428, 0.00154518184718, 0.000464110809844, 0.000581257219892, 0.000307161419187, 0.000502918090206, 0.000237893400481, 0.000234265549807, 0.000174746324774, 0.000128302024677, 0.000120736942335, 0.000124511061586, 9.77436429821e-05, 0.000101633057056, 0.000120983146189, 7.56512527005e-05, 9.08286820049e-05, 0.000132739864057, 5.16484506079e-05, 4.15900831285e-05, 3.46452325175e-05, 1.49379311551e-05],
        "mean": [0.00122030475177, 0.00434997212142, 0.00416153529659, 0.00120034243446, 0.000397794210585, 0.000296745012747, 0.000229999393923, 0.000178740214324, 0.000161635485711, 0.000149876635987, 9.10129019758e-05, 5.75502344873e-05, 7.45672514313e-05, 4.38133356511e-05, 4.45862751803e-05, 3.80351448257e-05, 5.03997471242e-05, 3.86161227652e-05, 3.57643475581e-05, 6.79214936099e-05, 5.06525902892e-05, 6.77083517076e-05, 5.21135370946e-05, 2.63394085778e-05, 3.54335461452e-05, 2.9272017855e-05, 2.87913026114e-05, 1.76746816578e-05, 1.55630332301e-05, 1.282122048e-05, 1.2484846593e-05, 7.25671634427e-06, 4.36100162915e-06, 3.8178336581e-06, 2.57645751844e-06, 2.06447748496e-06, 1.53746339038e-06, 1.24383939237e-06, 1.05530409655e-06, 3.64771977956e-07],
        "median": [0.000933118863031, 0.00340037816204, 0.00352161447518, 0.00106411066372, 0.000309169961838, 0.000186860415852, 0.000114831709652, 7.76085580583e-05, 7.55355358706e-05, 3.46609922417e-05, 3.07237860397e-05, 1.70826806425e-05, 2.37670847127e-05, 2.05312680919e-05, 1.11459667096e-05, 1.25381275211e-05, 1.76530284079e-05, 1.61396419571e-05, 1.65485162142e-05, 3.34484066116e-05, 3.95907954953e-05, 5.21270922036e-05, 4.34883731941e-05, 2.11641454371e-05, 2.93864486594e-05, 2.4582262995e-05, 2.3980752303e-05, 1.4804406419e-05, 1.19865753732e-05, 1.07995938379e-05, 1.04673954411e-05, 5.64234505873e-06, 2.88653995995e-06, 2.43184513238e-06, 1.4523337768e-06, 1.19630567497e-06, 8.75004388945e-07, 6.19928698598e-07, 4.80976723338e-07, 9.89136594853e-08],
        "min": [7.04986780065e-09, 3.00411713283e-08, 7.25176931837e-08, 1.59695687785e-08, 4.73224694986e-08, 3.00860172331e-08, 2.9631388454e-09, 2.80216170268e-08, 4.09359479647e-08, 3.31370708651e-09, 3.05864555905e-09, 2.69205746584e-09, 1.10763476169e-09, 3.06367997638e-09, 5.32864252722e-10, 4.12278905459e-10, 1.39914871355e-10, 6.20294093867e-10, 6.61359245147e-10, 2.03429673107e-09, 2.11962936092e-09, 1.03139774499e-09, 1.40646816416e-09, 1.60610302835e-10, 1.68844230264e-10, 4.88322271508e-10, 1.26296850755e-09, 5.41883038441e-10, 5.77967895765e-10, 3.10646869339e-10, 2.45912023383e-11, 2.45174436309e-11, 2.11483174722e-11, 1.06772247294e-11, 6.62990972886e-12, 5.11869279601e-12, 5.9230662638e-14, 6.48717055551e-14, 6.54584689946e-14, 5.5285549088e-14],
        "var": [1.31343676912e-06, 1.37614733831e-05, 9.20304773899e-06, 6.12864312188e-07, 1.29332548227e-07, 1.58626022539e-07, 1.77536037427e-07, 1.49655377868e-07, 9.98409745989e-08, 1.25342694446e-07, 4.2519918253e-08, 2.35907524626e-08, 3.09400682852e-08, 1.17377974007e-08, 3.19449959818e-08, 9.62869695087e-09, 1.98371505888e-08, 1.1646885234e-08, 7.89062770679e-09, 1.88890165731e-08, 2.39437403238e-09, 3.81994480492e-09, 1.50284507061e-09, 5.45982259403e-10, 8.05857658381e-10, 5.28416699286e-10, 4.74341066425e-10, 1.96168706279e-10, 1.95540431069e-10, 1.0446174481e-10, 9.100861037e-11, 5.45258005413e-11, 4.277619578e-11, 2.97493696344e-11, 2.61444702693e-11, 2.16616429655e-11, 8.83850891781e-12, 6.59623874619e-12, 5.41841875187e-12, 9.85752928936e-13]
    },
    "mfcc": {
        "mean": [-595.601257324, 103.167900085, -0.74367505312, 58.9527206421, 9.01457309723, 8.72975826263, -1.8414106369, 7.60883378983, 2.63317608833, 0.788550019264, -5.65180683136, 1.98163831234, -6.09658241272],
        "cov": [[1691.03430176, -316.564727783, -198.653457642, -233.265655518, -78.9804992676, 5.13932085037, -36.6869239807, -22.184797287, -24.6916904449, 3.06151771545, 2.4179725647, 12.4736909866, 27.5185565948], [-316.564727783, 343.676055908, -46.5204124451, 55.9704971313, -38.5025024414, -0.0940851196647, 42.9027290344, -5.11287689209, 1.68421590328, 4.09868240356, 6.27233409882, -0.554249584675, -23.3736667633], [-198.653457642, -46.5204124451, 273.827697754, 5.66875934601, 58.6946182251, 0.0882718265057, -6.0376496315, 18.1836566925, 2.5561273098, -5.73682689667, 7.69803667068, -10.5247993469, 14.7492952347], [-233.265655518, 55.9704971313, 5.66875934601, 224.636108398, 46.8084030151, -3.36170220375, -19.142326355, 18.8142910004, 19.2399196625, -2.79490709305, -14.8003559113, 17.3280448914, -12.417301178], [-78.9804992676, -38.5025024414, 58.6946182251, 46.8084030151, 103.639015198, 7.65407848358, 7.28609418869, -10.5557661057, 15.181596756, -4.69151067734, -5.52923965454, -5.52210569382, 6.5762052536], [5.13932085037, -0.0940851196647, 0.0882718265057, -3.36170220375, 7.65407848358, 81.9514694214, 23.1698036194, 7.14436626434, -11.7687082291, 9.54104137421, 6.1479845047, -2.67955565453, 2.74839019775], [-36.6869239807, 42.9027290344, -6.0376496315, -19.142326355, 7.28609418869, 23.1698036194, 91.4061508179, 7.24644374847, 3.74737215042, -9.76405620575, 2.53142905235, -4.17358016968, 2.39474201202], [-22.184797287, -5.11287689209, 18.1836566925, 18.8142910004, -10.5557661057, 7.14436626434, 7.24644374847, 64.1182250977, 11.1911554337, 0.495910406113, -5.97695159912, 2.31729960442, 2.12599897385], [-24.6916904449, 1.68421590328, 2.5561273098, 19.2399196625, 15.181596756, -11.7687082291, 3.74737215042, 11.1911554337, 62.3315315247, 19.7379970551, -0.111537352204, -8.17796230316, -7.5033864975], [3.06151771545, 4.09868240356, -5.73682689667, -2.79490709305, -4.69151067734, 9.54104137421, -9.76405620575, 0.495910406113, 19.7379970551, 61.1169166565, 21.4566555023, -4.87194824219, -14.5220365524], [2.4179725647, 6.27233409882, 7.69803667068, -14.8003559113, -5.52923965454, 6.1479845047, 2.53142905235, -5.97695159912, -0.111537352204, 21.4566555023, 55.1132545471, 12.9650402069, -1.84444332123], [12.4736909866, -0.554249584675, -10.5247993469, 17.3280448914, -5.52210569382, -2.67955565453, -4.17358016968, 2.31729960442, -8.17796230316, -4.87194824219, 12.9650402069, 49.7788467407, 19.0191516876], [27.5185565948, -23.3736667633, 14.7492952347, -12.417301178, 6.5762052536, 2.74839019775, 2.39474201202, 2.12599897385, -7.5033864975, -14.5220365524, -1.84444332123, 19.0191516876, 66.9424667358]],
