{
"lowlevel": {
    "average_loudness": 0.790812134743,
    "barkbands_crest": {
        "dmean": 2.39525556564,
        "dmean2": 3.83296704292,
        "dvar": 5.52932548523,
        "dvar2": 13.4252300262,
        "max": 23.8348140717,
        "mean": 10.1528730392,
        "median": 9.27458286285,
        "min": 2.49508547783,
        "var": 17.2121524811
    },
    "barkbands_flatness_db": {
        "dmean": 0.0176265835762,
        "dmean2": 0.0280842334032,
        "dvar": 0.000271281285677,
        "dvar2": 0.000630114169326,
        "max": 0.375447303057,
        "mean": 0.164107829332,
        "median": 0.156730279326,
        "min": 0.0601320341229,
        "var": 0.00231687445194
    },
    "barkbands_kurtosis": {
        "dmean": 2.07374238968,
        "dmean2": 3.26192450523,
        "dvar": 8.5899553299,
        "dvar2": 19.1835746765,
        "max": 52.3637046814,
        "mean": 3.74365448952,
        "median": 1.89324998856,
        "min": -1.85769605637,
        "var": 39.8890457153
    },
    "barkbands_skewness": {
        "dmean": 0.443791359663,
        "dmean2": 0.676848351955,
        "dvar": 0.210434257984,
        "dvar2": 0.461516529322,
        "max": 6.38484859467,
        "mean": 1.55879151821,
        "median": 1.45411670208,
        "min": -2.49371027946,
        "var": 0.956667721272
    },
    "barkbands_spread": {
        "dmean": 5.96205377579,
        "dmean2": 9.13070583344,
        "dvar": 56.2564888,
        "dvar2": 124.617919922,
        "max": 91.5374755859,
        "mean": 24.9210357666,
        "median": 22.0981578827,
        "min": 0.881433606148,
        "var": 245.35244751
    },
    "dissonance": {
        "dmean": 0.0172260515392,
        "dmean2": 0.0291205476969,
        "dvar": 0.000307096983306,
        "dvar2": 0.00086566148093,
        "max": 0.499824672937,
        "mean": 0.461793422699,
        "median": 0.470940589905,
        "min": 0.223514735699,
        "var": 0.000981240882538
    },
    "dynamic_complexity": 3.2035844326,
    "erbbands_crest": {
        "dmean": 2.33451771736,
        "dmean2": 3.71869254112,
        "dvar": 5.62882852554,
        "dvar2": 11.9049291611,
        "max": 29.0203208923,
        "mean": 9.55821228027,
        "median": 7.8545589447,
        "min": 2.15645003319,
        "var": 31.2305183411
    },
    "erbbands_flatness_db": {
        "dmean": 0.011713125743,
        "dmean2": 0.0173593256623,
        "dvar": 0.000138006551424,
        "dvar2": 0.000262751651462,
        "max": 0.366442531347,
        "mean": 0.18881714344,
        "median": 0.175239697099,
        "min": 0.105219095945,
        "var": 0.00292111723684
    },
    "erbbands_kurtosis": {
        "dmean": 0.901563763618,
        "dmean2": 1.40646326542,
        "dvar": 4.14800548553,
        "dvar2": 7.86740112305,
        "max": 74.6248092651,
        "mean": 0.782579541206,
        "median": -0.36999464035,
        "min": -1.71700692177,
        "var": 20.3541164398
    },
    "erbbands_skewness": {
        "dmean": 0.344997167587,
        "dmean2": 0.517779648304,
        "dvar": 0.122245796025,
        "dvar2": 0.236716777086,
        "max": 6.88654470444,
        "mean": 0.476921290159,
        "median": 0.341916888952,
        "min": -2.81043744087,
        "var": 0.986691832542
    },
    "erbbands_spread": {
        "dmean": 7.81594705582,
        "dmean2": 11.8849954605,
        "dvar": 67.0341873169,
        "dvar2": 154.248458862,
        "max": 108.818313599,
        "mean": 44.4240264893,
        "median": 42.4527053833,
        "min": 2.09611129761,
        "var": 513.951171875
    },
    "hfc": {
        "dmean": 8.30976009369,
        "dmean2": 12.7546567917,
        "dvar": 217.16494751,
        "dvar2": 545.782653809,
        "max": 171.747680664,
        "mean": 25.0375919342,
        "median": 18.9745979309,
        "min": 0.000198905603611,
        "var": 534.00994873
    },
    "melbands_crest": {
        "dmean": 3.14012169838,
        "dmean2": 5.14490175247,
        "dvar": 9.1303653717,
        "dvar2": 23.6223430634,
        "max": 32.648021698,
        "mean": 14.176158905,
        "median": 13.3717327118,
        "min": 3.66529893875,
        "var": 25.440448761
    },
    "melbands_flatness_db": {
        "dmean": 0.021464323625,
        "dmean2": 0.0328677780926,
        "dvar": 0.00046931146062,
        "dvar2": 0.00102589349262,
        "max": 0.428218752146,
        "mean": 0.183091253042,
        "median": 0.177696123719,
        "min": 0.0436481051147,
        "var": 0.00357009214349
    },
    "melbands_kurtosis": {
        "dmean": 5.84410762787,
        "dmean2": 9.14192295074,
        "dvar": 80.8019561768,
        "dvar2": 189.644500732,
        "max": 170.553207397,
        "mean": 13.4255905151,
        "median": 9.00581264496,
        "min": -1.80999064445,
        "var": 204.080307007
    },
    "melbands_skewness": {
        "dmean": 0.647097349167,
        "dmean2": 0.996846497059,
        "dvar": 0.495461463928,
        "dvar2": 1.17625463009,
        "max": 11.3422403336,
        "mean": 2.72453045845,
        "median": 2.52207159996,
        "min": -0.749887406826,
        "var": 2.18160104752
    },
    "melbands_spread": {
        "dmean": 7.60305404663,
        "dmean2": 11.6347160339,
        "dvar": 145.67036438,
        "dvar2": 286.41116333,
        "max": 177.808654785,
        "mean": 24.7206878662,
        "median": 19.8698444366,
        "min": 1.41759669781,
        "var": 431.684173584
    },
    "pitch_salience": {
        "dmean": 0.067103408277,
        "dmean2": 0.109392367303,
        "dvar": 0.00398178584874,
        "dvar2": 0.00996254850179,
        "max": 0.824941456318,
        "mean": 0.557782709599,
        "median": 0.565082132816,
        "min": 0.137309670448,
        "var": 0.0137071656063
    },
    "silence_rate_20dB": {
        "dmean": 0,
        "dmean2": 0,
        "dvar": 0,
        "dvar2": 0,
        "max": 1,
        "mean": 1,
        "median": 1,
        "min": 1,
        "var": 0
    },
    "silence_rate_30dB": {
        "dmean": 0.0317583270371,
        "dmean2": 0.0635412633419,
        "dvar": 0.0307485964149,
        "dvar2": 0.0765553489327,
        "max": 1,
        "mean": 0.972125411034,
        "median": 1,
        "min": 0,
        "var": 0.0270984452218
    },
    "silence_rate_60dB": {
        "dmean": 0.017041053623,
        "dmean2": 0.0340953134,
        "dvar": 0.0167504176497,
        "dvar2": 0.0360324457288,
        "max": 1,
        "mean": 0.0871080160141,
        "median": 0,
        "min": 0,
        "var": 0.0795211791992
    },
    "spectral_centroid": {
        "dmean": 266.127502441,
        "dmean2": 407.58392334,
        "dvar": 106608.679688,
        "dvar2": 216402.171875,
        "max": 4830.59814453,
        "mean": 1476.84973145,
        "median": 1376.09265137,
        "min": 393.566375732,
        "var": 482062.90625
    },
    "spectral_complexity": {
        "dmean": 4.33849716187,
        "dmean2": 6.63076305389,
        "dvar": 26.3703594208,
        "dvar2": 53.3607749939,
        "max": 57,
        "mean": 20.932636261,
        "median": 18,
        "min": 0,
        "var": 140.902893066
    },
    "spectral_decrease": {
        "dmean": 3.06984082599e-09,
        "dmean2": 4.89784568458e-09,
        "dvar": 3.40323941572e-17,
        "dvar2": 8.15282777494e-17,
        "max": -4.26314223452e-14,
        "mean": -7.72230279722e-09,
        "median": -5.76735637026e-09,
        "min": -8.30433464216e-08,
        "var": 6.5152914035e-17
    },
    "spectral_energy": {
        "dmean": 0.0121092833579,
        "dmean2": 0.019262842834,
        "dvar": 0.000515679421369,
        "dvar2": 0.00124011549633,
        "max": 0.32186409831,
        "mean": 0.0314167886972,
        "median": 0.0237857718021,
        "min": 1.78942329399e-07,
        "var": 0.00101236137562
    },
    "spectral_energyband_high": {
        "dmean": 0.000862461747602,
        "dmean2": 0.001330669038,
        "dvar": 3.01728232444e-06,
        "dvar2": 7.22153663446e-06,
        "max": 0.0202743597329,
        "mean": 0.00197099219076,
        "median": 0.00103056139778,
        "min": 4.84856421679e-09,
        "var": 6.6985930971e-06
    },
    "spectral_energyband_low": {
        "dmean": 0.0079243555665,
        "dmean2": 0.0130087565631,
        "dvar": 0.000376556185074,
        "dvar2": 0.00091204472119,
        "max": 0.297158300877,
        "mean": 0.0140374070033,
        "median": 0.00588699057698,
        "min": 2.30313439431e-08,
        "var": 0.000589494302403
    },
    "spectral_energyband_middle_high": {
        "dmean": 0.00148882973008,
        "dmean2": 0.00228519388475,
        "dvar": 5.47715762877e-06,
        "dvar2": 1.27868897835e-05,
        "max": 0.0406570658088,
        "mean": 0.00434017088264,
        "median": 0.00258422642946,
        "min": 5.30978283564e-08,
        "var": 2.11866808968e-05
    },
    "spectral_energyband_middle_low": {
        "dmean": 0.00516305398196,
        "dmean2": 0.00808972679079,
        "dvar": 5.33097918378e-05,
        "dvar2": 0.000130513333715,
        "max": 0.0807928591967,
        "mean": 0.0121109914035,
        "median": 0.009117805399,
        "min": 7.54633546762e-08,
        "var": 0.00011585890752
    },
    "spectral_entropy": {
        "dmean": 0.105490274727,
        "dmean2": 0.160564512014,
        "dvar": 0.0124628432095,
        "dvar2": 0.0236580017954,
        "max": 8.4882516861,
        "mean": 7.66523742676,
        "median": 7.80815267563,
        "min": 5.39413928986,
        "var": 0.254875451326
    },
    "spectral_flux": {
        "dmean": 0.0236902907491,
        "dmean2": 0.0394553616643,
        "dvar": 0.00119148951489,
        "dvar2": 0.00304608978331,
        "max": 0.487742036581,
        "mean": 0.0842675939202,
        "median": 0.0785959511995,
        "min": 0.000423015764682,
        "var": 0.00337296258658
    },
    "spectral_kurtosis": {
        "dmean": 1.32916533947,
        "dmean2": 2.29483294487,
        "dvar": 2.98517513275,
        "dvar2": 8.5103521347,
        "max": 29.3464813232,
        "mean": 2.22030901909,
        "median": 1.08795404434,
        "min": -1.02646040916,
        "var": 10.0789527893
    },
    "spectral_rms": {
        "dmean": 0.000882905442268,
        "dmean2": 0.00137061637361,
        "dvar": 1.48568085478e-06,
        "dvar2": 3.41050213137e-06,
        "max": 0.017720432952,
        "mean": 0.00493737962097,
        "median": 0.00481722224504,
        "min": 1.32127925099e-05,
        "var": 6.27273993814e-06
    },
    "spectral_rolloff": {
        "dmean": 593.006591797,
        "dmean2": 978.788757324,
        "dvar": 1013513.5,
        "dvar2": 2156376.5,
        "max": 8053.41796875,
        "mean": 1622.76513672,
        "median": 1012.06054688,
        "min": 64.599609375,
        "var": 2548119.5
    },
    "spectral_skewness": {
        "dmean": 0.195593342185,
        "dmean2": 0.313465386629,
        "dvar": 0.0375792346895,
        "dvar2": 0.0891779959202,
        "max": 4.30990219116,
        "mean": 1.0348931551,
        "median": 0.913003444672,
        "min": -0.496732980013,
        "var": 0.312473714352
    },
    "spectral_spread": {
        "dmean": 341090.125,
        "dmean2": 504278.59375,
        "dvar": 207459827712,
        "dvar2": 322796453888,
        "max": 18587968,
        "mean": 4418273.5,
        "median": 4488575.5,
        "min": 2112397.5,
        "var": 1.33559720346e+12
    },
    "spectral_strongpeak": {
        "dmean": 0.448201537132,
        "dmean2": 0.760467469692,
        "dvar": 0.505397677422,
        "dvar2": 1.25846016407,
        "max": 7.18960762024,
        "mean": 0.856056392193,
        "median": 0.536004126072,
        "min": 0,
        "var": 0.811552047729
    },
    "zerocrossingrate": {
        "dmean": 0.0105519434437,
        "dmean2": 0.0120377121493,
        "dvar": 0.000178185044206,
        "dvar2": 0.00019501739007,
        "max": 0.2705078125,
        "mean": 0.0666436776519,
        "median": 0.05908203125,
        "min": 0.00927734375,
        "var": 0.00139345321804
    },
    "barkbands": {
        "dmean": [0.000701068202034, 0.00527986930683, 0.00289366091602, 0.00136182154529, 0.00223574880511, 0.00120433466509, 0.000993360881694, 0.00077954371227, 0.00102814845741, 0.0005234942073, 0.000272625329671, 0.000224479590543, 0.000320734252455, 0.000242153473664, 0.000247642077738, 0.000183168507647, 0.000152481137775, 0.000166635029018, 0.000191299186554, 0.000198200723389, 0.000264892150881, 0.000294266355922, 0.000256545317825, 0.000110801505798, 1.47530208778e-05, 1.32331363645e-08, 1.24650101352e-09],
        "dmean2": [0.00122015317902, 0.00857153348625, 0.0048383846879, 0.00228164996952, 0.00369260110892, 0.00190111424308, 0.00153504463378, 0.0012235341128, 0.00158661417663, 0.00080862356117, 0.000427978258813, 0.00034487634548, 0.000502996321302, 0.000382314261515, 0.000390872563003, 0.000300727406284, 0.000250103941653, 0.000274808116956, 0.000313904281938, 0.000326802255586, 0.000438977964222, 0.000461630377686, 0.000388440297684, 0.0001682084403, 2.28571552725e-05, 2.10793604793e-08, 2.33698660423e-09],
        "dvar": [3.65239066014e-06, 0.000193521278561, 6.63876053295e-05, 8.16619376565e-06, 1.4577978618e-05, 8.37489096739e-06, 4.06065464631e-06, 4.09954691349e-06, 5.76297861699e-06, 1.64300843153e-06, 4.90863897085e-07, 5.05282059748e-07, 5.51499283574e-07, 2.71086037174e-07, 2.43412102918e-07, 1.75895209509e-07, 8.43273397777e-08, 1.03626710768e-07, 1.82485081268e-07, 2.15164277506e-07, 4.11103656006e-07, 4.16791749558e-07, 3.07296318169e-07, 5.20784091407e-08, 9.51365874968e-10, 6.43356781186e-16, 4.41245228901e-18],
        "dvar2": [1.06399829747e-05, 0.000444866862381, 0.000177409063326, 2.25461244554e-05, 3.71159039787e-05, 2.06221375265e-05, 9.16298540687e-06, 9.40178506426e-06, 1.2408546354e-05, 3.56219265996e-06, 1.13779833555e-06, 1.10148266685e-06, 1.36194921652e-06, 5.92294952639e-07, 5.51103823909e-07, 4.07836665772e-07, 2.15536545056e-07, 2.67060528358e-07, 4.77692992717e-07, 5.91268531025e-07, 1.09743109533e-06, 9.75843136075e-07, 6.95937444561e-07, 1.22501049304e-07, 2.31666597017e-09, 1.62956581788e-15, 1.45687036493e-17],
        "max": [0.0241604130715, 0.213828891516, 0.113136723638, 0.0508400201797, 0.0449503362179, 0.0575483888388, 0.0455482713878, 0.0379293523729, 0.0505580157042, 0.0237976014614, 0.0156943164766, 0.0241078473628, 0.0121502252296, 0.0108513068408, 0.0124220829457, 0.00902906712145, 0.00494741927832, 0.00409527588636, 0.00751289306208, 0.00593055458739, 0.00816316064447, 0.0139383031055, 0.0115982126445, 0.00395961059257, 0.000504843832459, 4.06336113201e-07, 2.04785930435e-08],
        "mean": [0.000952396192588, 0.00844076089561, 0.0037881792523, 0.00173140701372, 0.00331038306467, 0.00220657233149, 0.0016497860197, 0.00112062436529, 0.00172624632251, 0.000944296712987, 0.000503341143485, 0.000382307567634, 0.000547195202671, 0.000379445758881, 0.000422697630711, 0.000305919384118, 0.000271217460977, 0.000295947858831, 0.000313253316563, 0.000327008863678, 0.000458824186353, 0.000567276205402, 0.000515102175996, 0.000227585624089, 2.89577565127e-05, 2.18336033697e-08, 9.70607483275e-10],
        "median": [0.000134951784275, 0.00233874702826, 0.00113786163274, 0.00057089299662, 0.00158774654847, 0.000916935387067, 0.000585844798479, 0.000411788932979, 0.000748328689951, 0.000357398908818, 0.000189838770893, 0.000109568274638, 0.000205961216125, 0.000152833061293, 0.00017925541033, 0.000117509356642, 0.000141213924508, 0.000146788137499, 0.000148307881318, 0.000173163061845, 0.000232335572946, 0.000267768569756, 0.00019437535957, 8.46554394229e-05, 7.45833585825e-06, 5.94291815759e-09, 3.03271907587e-10],
        "min": [1.66050187489e-10, 1.2480256828e-09, 2.5294006889e-09, 7.93809995514e-09, 2.69150426391e-08, 1.541938488e-08, 1.25939214612e-08, 3.15415982222e-09, 7.54994378127e-09, 4.59135840458e-09, 1.41636691264e-09, 8.57530579879e-09, 7.16504455767e-09, 6.71956268405e-10, 1.98462624112e-09, 1.34067490443e-09, 1.04173636384e-09, 2.48154208293e-09, 1.76753411907e-09, 7.23509196998e-10, 7.68410057805e-10, 8.91274387627e-10, 6.51045106714e-10, 7.46187167611e-10, 1.02296920934e-10, 1.07675196884e-11, 1.98337318791e-11],
        "var": [4.78513493363e-06, 0.000319293991197, 6.34466778138e-05, 1.04218424894e-05, 2.22472353926e-05, 1.87334971997e-05, 9.45556257648e-06, 6.51736354484e-06, 1.13327050713e-05, 3.49080278284e-06, 1.06745164885e-06, 1.46495847275e-06, 1.18077218758e-06, 5.4557256135e-07, 6.15293004103e-07, 3.29131722765e-07, 1.41168243317e-07, 1.87087707104e-07, 2.42394378347e-07, 2.46570380114e-07, 5.29057899712e-07, 8.35141520383e-07, 7.0994866519e-07, 1.14549273178e-07, 1.97673277746e-09, 1.19799819021e-15, 3.24641962006e-18]
    },
    "erbbands": {
        "dmean": [0.194229871035, 1.12328016758, 3.05065321922, 3.95652937889, 5.63007164001, 8.676902771, 8.28688240051, 10.1707897186, 13.3479118347, 14.4217538834, 17.5309238434, 26.2569408417, 14.0359697342, 12.9961977005, 10.3781938553, 9.4073381424, 14.1861915588, 11.7834768295, 12.5199279785, 10.8314590454, 9.17326831818, 7.52160930634, 8.8642911911, 9.20404148102, 9.45021533966, 9.39813232422, 10.4184503555, 10.8903675079, 10.5498104095, 10.1337652206, 6.93874454498, 3.17645668983, 1.35781037807, 0.327043443918, 0.0185689739883, 0.000876218487974, 6.58760691294e-05, 1.29584250317e-05, 8.52864104672e-06, 1.45608064486e-05],
        "dmean2": [0.321907043457, 1.83773398399, 5.02848291397, 6.6233754158, 9.43315219879, 14.3185777664, 13.1863861084, 16.0981712341, 20.4971103668, 22.8436908722, 27.4551410675, 40.6153831482, 21.5169048309, 20.0400695801, 16.0962753296, 14.6999177933, 22.4306735992, 18.3774547577, 19.5812282562, 16.996963501, 14.9037075043, 12.1473331451, 14.4517087936, 15.3871412277, 15.4892759323, 15.5674343109, 17.3367214203, 17.8864212036, 16.9521389008, 15.3320627213, 10.6597204208, 4.85505771637, 2.04551744461, 0.489154189825, 0.0275556053966, 0.0012862032745, 9.50135654421e-05, 1.88955345948e-05, 1.31450415211e-05, 2.30623518291e-05],
        "dvar": [0.233324825764, 10.1192169189, 74.624168396, 75.7563781738, 90.3617324829, 248.830291748, 278.32409668, 769.32824707, 782.325256348, 1097.71020508, 2116.70458984, 3899.97094727, 1574.86962891, 933.270812988, 703.534240723, 833.545776367, 1050.05615234, 687.234191895, 600.308349609, 416.536834717, 459.348022461, 210.234817505, 265.320220947, 438.857269287, 449.190216064, 498.019470215, 743.169799805, 587.516540527, 489.058441162, 477.087585449, 250.895065308, 42.16847229, 6.79794931412, 0.424709767103, 0.00141083402559, 3.04460536427e-06, 1.57146953228e-08, 5.89545356977e-10, 2.21070092787e-10, 7.02571611999e-10],
        "dvar2": [0.612923026085, 22.3155822754, 194.66242981, 204.87991333, 239.594543457, 624.844787598, 670.734436035, 1901.96960449, 1768.85107422, 2496.25952148, 4547.89648438, 8100.43164062, 3272.31030273, 2000.21679688, 1586.8125, 1806.23425293, 2559.93774414, 1486.13391113, 1313.24414062, 940.948181152, 1170.72644043, 529.125427246, 663.242004395, 1194.11328125, 1144.33374023, 1374.07678223, 2026.14624023, 1558.46325684, 1161.04711914, 987.089233398, 599.701293945, 98.1283035278, 15.4013662338, 0.990941345692, 0.00327878282405, 7.02365969119e-06, 3.52953222205e-08, 1.31674826598e-09, 5.35100352916e-10, 1.7042147693e-09],
        "max": [5.54130792618, 52.3962783813, 123.657958984, 119.785720825, 106.866004944, 200.895095825, 254.283401489, 701.47442627, 811.321777344, 580.306152344, 1102.55505371, 1319.59313965, 833.190185547, 634.588806152, 777.374206543, 1025.33056641, 513.59777832, 609.662963867, 712.254577637, 342.904876709, 297.070678711, 254.810348511, 212.644622803, 351.902282715, 336.590423584, 257.749511719, 369.270263672, 334.223724365, 353.414764404, 460.279785156, 382.513763428, 115.653778076, 36.2733039856, 9.25936412811, 0.474733650684, 0.0222058091313, 0.00164770300034, 0.000298710976494, 0.000188846534002, 0.000370653899154],
        "mean": [0.280199021101, 1.76002025604, 4.35911560059, 5.37442159653, 7.70101547241, 12.159576416, 14.4727678299, 17.8053798676, 23.0281352997, 23.7797374725, 27.7441043854, 45.5399017334, 27.2968425751, 24.6890068054, 20.8027305603, 18.0723896027, 26.0452022552, 20.8818626404, 21.4584236145, 19.9832286835, 15.7977142334, 14.5894584656, 17.0824661255, 15.190205574, 15.9860715866, 15.6543836594, 17.202583313, 18.9898166656, 20.2431221008, 19.5333423615, 13.6346654892, 6.4172577858, 2.86745238304, 0.695595085621, 0.0389416627586, 0.00193017383572, 0.000164225086337, 3.31888841174e-05, 2.50536977546e-05, 4.02493787988e-05],
        "median": [0.0666989758611, 0.517458319664, 1.57340657711, 1.96453547478, 3.96057248116, 5.20649671555, 6.09890985489, 7.86010742188, 8.78047561646, 8.84942245483, 12.7443809509, 20.6034832001, 10.5959339142, 10.9507884979, 8.64310359955, 6.06490707397, 10.0814418793, 8.34685516357, 9.66548252106, 8.70849609375, 6.55023527145, 7.05124139786, 8.92712116241, 7.51588392258, 7.8032169342, 8.44845962524, 9.19685745239, 9.02393817902, 9.21593666077, 8.14581108093, 4.89918851852, 2.37683939934, 1.01592087746, 0.202756687999, 0.0103304544464, 0.000584598688874, 7.02451652614e-05, 1.58606235345e-05, 1.88300728041e-05, 3.20944382111e-05],
        "min": [4.26224495698e-08, 3.72739776822e-07, 6.48286504656e-06, 1.79379057954e-05, 8.72200907907e-05, 8.05193776614e-05, 6.09707640251e-05, 0.000129292515339, 0.000203904040973, 0.000113625515951, 8.70001240401e-05, 0.000223638882744, 0.000124510392197, 0.000170719707967, 0.000304903718643, 0.000286370370304, 0.000348780566128, 5.84599511058e-05, 0.000120860742754, 6.60858349875e-05, 5.259531099e-05, 6.4999476308e-05, 0.000135259120725, 0.00010356016719, 7.93234503362e-05, 4.37148519268e-05, 3.83705628337e-05, 2.48269589065e-05, 2.97845290333e-05, 2.92540171358e-05, 1.6762967789e-05, 1.47871242007e-05, 9.5172708825e-06, 2.55518511949e-06, 2.53023671348e-07, 5.10801356768e-08, 2.55506620306e-08, 1.19371756924e-08, 2.54275156486e-09, 5.19040421754e-10],
        "var": [0.338262885809, 15.5813989639, 75.2920379639, 88.9637985229, 118.446754456, 361.685058594, 633.045471191, 1435.73461914, 2039.20361328, 2159.44726562, 3403.75952148, 8016.71875, 3476.47705078, 2059.74755859, 1669.78527832, 2639.40795898, 2554.93408203, 1587.32348633, 1467.55004883, 1089.29833984, 755.291015625, 419.054046631, 563.403137207, 541.174194336, 632.991699219, 550.038574219, 839.39654541, 861.973266602, 983.361083984, 1166.19885254, 508.586730957, 93.2556304932, 17.0741348267, 1.05109858513, 0.00352973956615, 7.99784265837e-06, 4.64300384806e-08, 1.76221248704e-09, 5.65415936293e-10, 1.48169077008e-09]
    },
    "gfcc": {
        "mean": [-21.2918624878, 121.008399963, -152.264984131, 59.5562744141, -87.2571716309, 17.7024059296, -29.8001117706, -8.14228057861, -1.36583733559, -19.3356170654, 3.0978679657, -19.4183998108, 2.87010765076],
        "cov": [[7669.70263672, -1301.54675293, 1138.7064209, 1847.59765625, 74.2475738525, 1177.00720215, 6.90766525269, 519.913024902, -3.87373685837, 306.997131348, -189.754394531, 70.165145874, 110.674842834], [-1301.54675293, 1050.64904785, -140.24621582, -297.274047852, 382.305358887, -329.583343506, 153.919204712, -98.0584564209, 82.4642791748, -23.6140384674, 125.964637756, -74.5521011353, 44.0607681274], [1138.7064209, -140.24621582, 634.204101562, 503.438842773, 83.2152709961, 269.883514404, -14.8348636627, 104.010627747, 7.95804166794, 90.6566696167, 14.4231290817, 44.3686637878, 14.6815366745], [1847.59765625, -297.274047852, 503.438842773, 713.120239258, 140.84413147, 342.574615479, 20.7278423309, 158.611679077, 22.188501358, 110.132698059, -38.1614074707, 37.7495956421, 46.5863723755], [74.2475738525, 382.305358887, 83.2152709961, 140.84413147, 359.361541748, 32.6335945129, 107.266387939, 54.3733596802, 42.8897743225, 38.1588745117, 51.7393264771, -15.5422954559, 59.0119514465], [1177.00720215, -329.583343506, 269.883514404, 342.574615479, 32.6335945129, 393.679046631, 75.651008606, 128.211349487, -27.805141449, 38.2665138245, -33.3648071289, 40.9342765808, 9.82478141785], [6.90766525269, 153.919204712, -14.8348636627, 20.7278423309, 107.266387939, 75.651008606, 214.081039429, 37.9298439026, 14.5326328278, -0.393211275339, 14.8066997528, 2.10870671272, 17.7929611206], [519.913024902, -98.0584564209, 104.010627747, 158.611679077, 54.3733596802, 128.211349487, 37.9298439026, 155.27671814, 32.4091949463, 32.155708313, -16.9327373505, -8.11843299866, 18.6677341461], [-3.87373685837, 82.4642791748, 7.95804166794, 22.188501358, 42.8897743225, -27.805141449, 14.5326328278, 32.4091949463, 102.618888855, 34.8215446472, 5.45675230026, -9.83732795715, 1.86806869507], [306.997131348, -23.6140384674, 90.6566696167, 110.132698059, 38.1588745117, 38.2665138245, -0.393211275339, 32.155708313, 34.8215446472, 94.0133743286, 33.3776702881, 8.09581851959, 8.01626110077], [-189.754394531, 125.964637756, 14.4231290817, -38.1614074707, 51.7393264771, -33.3648071289, 14.8066997528, -16.9327373505, 5.45675230026, 33.3776702881, 89.5618438721, 22.3688411713, -3.69832539558], [70.165145874, -74.5521011353, 44.3686637878, 37.7495956421, -15.5422954559, 40.9342765808, 2.10870671272, -8.11843299866, -9.83732795715, 8.09581851959, 22.3688411713, 68.7894592285, 22.2704486847], [110.674842834, 44.0607681274, 14.6815366745, 46.5863723755, 59.0119514465, 9.82478141785, 17.7929611206, 18.6677341461, 1.86806869507, 8.01626110077, -3.69832539558, 22.2704486847, 74.9256896973]],
        "icov": [[0.000546503637452, -0.000554386002477, 0.000670383626129, -0.00159604172222, 0.00105607684236, -0.00117578031495, 0.000539434840903, -0.000387902429793, 0.000306755420752, -0.000647689332254, 4.88513178425e-05, 0.000388643587939, -0.000380748562748], [-0.000554386002477, 0.00941589754075, -0.00443495390937, 0.0051883244887, -0.00876707118005, 0.00614907126874, -0.0051894010976, 0.00479090632871, -0.00443968130276, 0.00528619112447, -0.00622682413086, 0.00795133318752, -0.00406336830929], [0.000670383626129, -0.00443495390937, 0.00660707615316, -0.00635081762448, 0.00481260754168, -0.004539093934, 0.00356380222365, -0.00209569162689, 0.00179025938269, -0.00214611412957, -8.54581812746e-05, -0.00287743192166, 0.00178847846109], [-0.00159604172222, 0.0051883244887, -0.00635081762448, 0.0118935359642, -0.00816839840263, 0.00380165060051, -0.00287173897959, 0.00201081857085, -0.0020973184146, -0.000336751836585, 0.00260627130046, 0.000105736311525, -0.00054258183809], [0.00105607684236, -0.00876707118005, 0.00481260754168, -0.00816839840263, 0.0147975031286, -0.00670829648152, 0.00320365186781, -0.00415275851265, 0.00231159385294, -0.00277311052196, -0.0010881976923, -0.000670345325489, -0.00238507520407], [-0.00117578031495, 0.00614907126874, -0.004539093934, 0.00380165060051, -0.00670829648152, 0.0130375958979, -0.00640071369708, -0.000896603276487, 0.00105106364936, 0.0024522007443, 0.000288778042886, -0.0013916392345, 0.00210308493115], [0.000539434840903, -0.0051894010976, 0.00356380222365, -0.00287173897959, 0.00320365186781, -0.00640071369708, 0.00978768710047, -0.00280178617686, 0.00105100637302, -0.00165723182727, 0.00178801675793, -0.00367236905731, 0.00136283424217], [-0.000387902429793, 0.00479090632871, -0.00209569162689, 0.00201081857085, -0.00415275851265, -0.000896603276487, -0.00280178617686, 0.0144674386829, -0.00658195652068, 0.00289101689123, -0.00431298092008, 0.00919996853918, -0.00572750763968], [0.000306755420752, -0.00443968130276, 0.00179025938269, -0.0020973184146, 0.00231159385294, 0.00105106364936, 0.00105100637302, -0.00658195652068, 0.0169076677412, -0.00939730647951, 0.00775757664815, -0.00683289347216, 0.00554053159431], [-0.000647689332254, 0.00528619112447, -0.00214611412957, -0.000336751836585, -0.00277311052196, 0.0024522007443, -0.00165723182727, 0.00289101689123, -0.00939730647951, 0.0247140619904, -0.0164773575962, 0.00930493604392, -0.00597505411133], [4.88513178425e-05, -0.00622682413086, -8.54581812746e-05, 0.00260627130046, -0.0010881976923, 0.000288778042886, 0.00178801675793, -0.00431298092008, 0.00775757664815, -0.0164773575962, 0.0321381911635, -0.0206880159676, 0.0127600152045], [0.000388643587939, 0.00795133318752, -0.00287743192166, 0.000105736311525, -0.000670345325489, -0.0013916392345, -0.00367236905731, 0.00919996853918, -0.00683289347216, 0.00930493604392, -0.0206880159676, 0.0370137579739, -0.0183095466346], [-0.000380748562748, -0.00406336830929, 0.00178847846109, -0.00054258183809, -0.00238507520407, 0.00210308493115, 0.00136283424217, -0.00572750763968, 0.00554053159431, -0.00597505411133, 0.0127600152045, -0.0183095466346, 0.0255646631122]]
    },
    "melbands": {
        "dmean": [0.00156124553178, 0.00147375662345, 0.00067964970367, 0.000560207408853, 0.000292713579256, 0.000227342432481, 0.000203177551157, 0.000158037000801, 0.000160037569003, 0.000151857704623, 6.96033312124e-05, 5.59611435165e-05, 3.8082649553e-05, 2.46397357841e-05, 3.29020731442e-05, 2.79908654193e-05, 2.34862582147e-05, 2.0972411221e-05, 1.72053532879e-05, 1.44996292875e-05, 1.08745271064e-05, 8.03899274615e-06, 9.71104691416e-06, 7.62951822253e-06, 7.87067619967e-06, 7.61373075875e-06, 6.83193366058e-06, 6.28159477856e-06, 6.53070173939e-06, 6.89935677656e-06, 6.44047213427e-06, 6.37741550236e-06, 6.2167255237e-06, 5.97627513343e-06, 4.81482129544e-06, 2.60720480583e-06, 1.84720568086e-06, 1.10194821445e-06, 5.86189173646e-07, 1.84980933682e-07],
        "dmean2": [0.00253981421702, 0.00242382544093, 0.00113377918024, 0.000922166684177, 0.000465100369183, 0.000358659628546, 0.000314271630486, 0.00025240785908, 0.000249094242463, 0.000233830083744, 0.00010685336747, 8.64157627802e-05, 5.96117279201e-05, 3.80697165383e-05, 5.187331044e-05, 4.34251451225e-05, 3.7365618482e-05, 3.29156318912e-05, 2.77653089142e-05, 2.31858703046e-05, 1.81670602615e-05, 1.31083224915e-05, 1.58091388585e-05, 1.27820248963e-05, 1.31839051392e-05, 1.24950129248e-05, 1.12523994176e-05, 1.04727296275e-05, 1.09725006041e-05, 1.16665951282e-05, 1.06058823803e-05, 1.02909807538e-05, 9.9310400401e-06, 8.9576060418e-06, 7.56253120926e-06, 4.03458943765e-06, 2.89265494757e-06, 1.69981922227e-06, 9.01725741187e-07, 2.84041306031e-07],
        "dvar": [1.58021302923e-05, 1.68176029547e-05, 2.04028037842e-06, 9.78215439318e-07, 2.99878223586e-07, 3.46590894651e-07, 1.71034855612e-07, 1.34208704594e-07, 1.62216309718e-07, 1.27336136302e-07, 4.03239290847e-08, 1.79906738396e-08, 9.40784072867e-09, 4.10513090188e-09, 9.47701472853e-09, 3.87049814421e-09, 2.7315574247e-09, 1.71319336495e-09, 1.44429568305e-09, 1.07963360474e-09, 7.24745319314e-10, 2.80345191506e-10, 2.57095955636e-10, 2.52206311391e-10, 3.16985604432e-10, 3.01318914264e-10, 2.63159966041e-10, 2.15998080533e-10, 2.86788620629e-10, 2.99704427942e-10, 1.81452325387e-10, 1.82847029184e-10, 2.43579850734e-10, 1.5664779196e-10, 1.43424744303e-10, 2.62117671318e-11, 1.44549953604e-11, 4.4604328911e-12, 1.4069813023e-12, 1.40459313017e-13],
        "dvar2": [3.79594093829e-05, 4.14237256336e-05, 5.48638399778e-06, 2.46213653554e-06, 7.44328360724e-07, 8.58547821281e-07, 3.9664638507e-07, 3.12453835249e-07, 3.43510947687e-07, 2.66066308541e-07, 8.39205753778e-08, 3.88030834131e-08, 2.12530402166e-08, 8.75143690848e-09, 2.15409468041e-08, 8.76355077395e-09, 6.02726668575e-09, 3.85840115413e-09, 3.38635475217e-09, 2.2652679732e-09, 1.91854865328e-09, 7.06923131144e-10, 6.42761399661e-10, 6.71098010496e-10, 8.63138061025e-10, 7.77041764266e-10, 6.88653911673e-10, 6.00788974126e-10, 7.92259979843e-10, 7.95197963033e-10, 4.75021910695e-10, 4.55305265712e-10, 6.1054195033e-10, 3.2572666786e-10, 3.59176494102e-10, 5.92778534592e-11, 3.52049049634e-11, 1.02185317499e-11, 3.33575137998e-12, 3.42060743879e-13],
        "max": [0.0568093731999, 0.0615831241012, 0.0206831023097, 0.0119932768866, 0.00702453451231, 0.0136872241274, 0.0105016687885, 0.00625718478113, 0.0094534419477, 0.00719628902152, 0.0040920348838, 0.00261430349201, 0.00223624752834, 0.00146565248724, 0.00315707409754, 0.0014581582509, 0.00106155709364, 0.000992168672383, 0.000594658951741, 0.000912779767532, 0.00036117475247, 0.000291503005428, 0.000222958871746, 0.000204316427698, 0.00029214922688, 0.000361045327736, 0.000208667042898, 0.000159606031957, 0.000223983210162, 0.000218587854761, 0.00020222706371, 0.000237761239987, 0.000420924596256, 0.00017517816741, 0.000309916766128, 9.22979743336e-05, 5.48104326299e-05, 3.33345124091e-05, 1.74856686499e-05, 4.50819834441e-06],
        "mean": [0.00246395519935, 0.00232556485571, 0.000976898125373, 0.000773326668423, 0.000511906458996, 0.000409393076552, 0.000348176894477, 0.000251529243542, 0.000254946760833, 0.000262251967797, 0.000128902276629, 0.00010106938862, 7.30765314074e-05, 4.39096766058e-05, 5.69709482079e-05, 4.91361133754e-05, 3.79117918783e-05, 3.27628549712e-05, 2.9644512324e-05, 2.47859388764e-05, 1.71191950358e-05, 1.42010658237e-05, 1.76451831067e-05, 1.32156364998e-05, 1.20595113913e-05, 1.20974746096e-05, 1.09249422167e-05, 1.00801498775e-05, 1.02619924292e-05, 1.10493456305e-05, 1.08445683509e-05, 1.14077201943e-05, 1.10424552986e-05, 1.09366674224e-05, 8.72143027664e-06, 5.05677098772e-06, 3.45783769262e-06, 2.20432025344e-06, 1.19276330679e-06, 3.61697999551e-07],
        "median": [0.000637193501461, 0.00093198812101, 0.000430525105912, 0.000351752969436, 0.000237657106481, 0.00017330943956, 0.000125463920995, 9.37615550356e-05, 0.000111192042823, 0.000113979149319, 4.45061523351e-05, 4.22760458605e-05, 2.82632699964e-05, 1.44878322317e-05, 1.8163364075e-05, 1.92210718524e-05, 1.4344347619e-05, 1.46530328493e-05, 1.10827058961e-05, 1.07265732368e-05, 6.73666681905e-06, 6.4120154093e-06, 9.48421075009e-06, 6.41958240521e-06, 5.61755405215e-06, 5.77256832912e-06, 4.8402075663e-06, 5.20967751072e-06, 5.12199494551e-06, 5.3131311688e-06, 4.71350904263e-06, 4.81687811771e-06, 5.11164989803e-06, 3.99302234655e-06, 2.90053071694e-06, 1.82031180884e-06, 1.22346466469e-06, 7.68229369896e-07, 3.56874352292e-07, 9.23740657299e-08],
        "min": [3.80515119414e-10, 8.63449034494e-10, 5.12131670405e-09, 7.13988512757e-09, 1.97242377986e-09, 3.1841020931e-09, 2.92283575121e-09, 1.0739629186e-09, 7.63361651668e-10, 1.30265398468e-09, 5.522809432e-10, 4.73420358471e-10, 2.1025468866e-10, 1.83884141247e-09, 6.63825883152e-10, 5.05155028918e-10, 6.47813400145e-11, 1.92356297557e-10, 8.74874617196e-11, 1.18517459735e-10, 4.05770451961e-11, 3.63473313947e-11, 1.61841359758e-10, 9.71884794865e-11, 8.1721990286e-11, 5.86594939289e-11, 5.38888343671e-11, 1.98086512471e-11, 2.39468948143e-11, 1.6780677542e-11, 1.43224234556e-11, 1.59199233657e-11, 1.96754904036e-11, 1.60487335227e-11, 9.90902065262e-12, 6.81496178934e-12, 1.05594743019e-11, 7.51306308833e-12, 3.83659120098e-12, 1.16056806092e-12],
        "var": [2.64910286205e-05, 1.99314763449e-05, 2.5051438115e-06, 1.34556614739e-06, 6.47464617032e-07, 7.0857731771e-07, 4.31041542015e-07, 2.50526056789e-07, 2.68248044222e-07, 2.67412303856e-07, 8.81451782675e-08, 3.85025487049e-08, 2.17346585174e-08, 1.04632240649e-08, 2.75975295949e-08, 9.39602795569e-09, 5.7986380142e-09, 3.58878504692e-09, 3.30452909481e-09, 2.15884532473e-09, 9.77710246097e-10, 5.03366959226e-10, 5.56911849969e-10, 3.92627846901e-10, 3.76944475633e-10, 3.85176363027e-10, 3.49798717769e-10, 2.3045929054e-10, 3.16023041069e-10, 3.6949354687e-10, 2.89137880305e-10, 3.36604133455e-10, 4.01692512586e-10, 3.83322429354e-10, 2.42376146931e-10, 5.91169196928e-11, 2.86620727152e-11, 1.04552252272e-11, 3.21247867717e-12, 3.06566322892e-13]
    },
    "mfcc": {
        "mean": [-633.530395508, 109.827308655, 3.07513356209, 23.4777774811, -11.8728876114, 9.61327934265, -10.8314123154, 6.55666780472, -4.80076789856, 5.64400815964, -3.03086805344, 0.649469733238, -6.64611005783],
        "cov": [[7533.24853516, -1836.33447266, 1210.80566406, 739.731018066, 565.645690918, 729.739685059, 357.120727539, 394.997741699, 395.168029785, 333.259857178, 268.783416748, 22.9301242828, -37.9729118347], [-1836.33447266, 1304.65869141, -558.34979248, -1.18266820908, -17.7473545074, -166.473098755, 25.8926486969, -124.564109802, -46.6559677124, -20.3950176239, -27.6311759949, 51.6003684998, -17.6376819611], [1210.80566406, -558.34979248, 687.72265625, 186.681411743, 177.151596069, 194.867492676, 71.1337890625, 92.8268814087, 44.2715110779, 41.6908569336, 53.8621940613, 8.16035556793, 34.0251464844], [739.731018066, -1.18266820908, 186.681411743, 361.550750732, 203.728820801, 120.351554871, 82.5364379883, 22.8890419006, 96.6380157471, 63.7047576904, 38.4450416565, 46.1019287109, 20.4486503601], [565.645690918, -17.7473545074, 177.151596069, 203.728820801, 300.388000488, 93.6346054077, 84.2790908813, 28.7064228058, 69.1176147461, 56.5064506531, 26.6409301758, 26.4247169495, 34.8179244995], [729.739685059, -166.473098755, 194.867492676, 120.351554871, 93.6346054077, 228.700668335, 121.573524475, 86.9186172485, 57.141998291, 26.8835391998, 47.7091217041, 16.1919670105, 8.68466567993], [357.120727539, 25.8926486969, 71.1337890625, 82.5364379883, 84.2790908813, 121.573524475, 221.400726318, 88.5813903809, 54.6177635193, 31.2426662445, 37.772026062, 22.9542675018, 1.84389185905], [394.997741699, -124.564109802, 92.8268814087, 22.8890419006, 28.7064228058, 86.9186172485, 88.5813903809, 146.732406616, 62.5795288086, 37.3625946045, 26.318572998, -8.19518280029, -1.73343455791], [395.168029785, -46.6559677124, 44.2715110779, 96.6380157471, 69.1176147461, 57.141998291, 54.6177635193, 62.5795288086, 138.031417847, 64.776222229, 25.2991428375, 5.90750408173, -7.55370426178], [333.259857178, -20.3950176239, 41.6908569336, 63.7047576904, 56.5064506531, 26.8835391998, 31.2426662445, 37.3625946045, 64.776222229, 107.646614075, 45.8649673462, 8.34355449677, -9.94353294373], [268.783416748, -27.6311759949, 53.8621940613, 38.4450416565, 26.6409301758, 47.7091217041, 37.772026062, 26.318572998, 25.2991428375, 45.8649673462, 88.4264678955, 32.5779037476, 1.90559852123], [22.9301242828, 51.6003684998, 8.16035556793, 46.1019287109, 26.4247169495, 16.1919670105, 22.9542675018, -8.19518280029, 5.90750408173, 8.34355449677, 32.5779037476, 85.6257781982, 33.0188674927], [-37.9729118347, -17.6376819611, 34.0251464844, 20.4486503601, 34.8179244995, 8.68466567993, 1.84389185905, -1.73343455791, -7.55370426178, -9.94353294373, 1.90559852123, 33.0188674927, 80.0783233643]],
