{
"lowlevel": {
    "average_loudness": 0.981190502644,
    "barkbands_crest": {
        "dmean": 2.28782892227,
        "dmean2": 3.83029222488,
        "dvar": 4.58230543137,
        "dvar2": 12.4412097931,
        "max": 17.7543754578,
        "mean": 7.40470647812,
        "median": 6.80201101303,
        "min": 2.71536183357,
        "var": 7.77341461182
    },
    "barkbands_flatness_db": {
        "dmean": 0.0150790875778,
        "dmean2": 0.0242381785065,
        "dvar": 0.000165375633514,
        "dvar2": 0.000423126562964,
        "max": 0.254603803158,
        "mean": 0.131671100855,
        "median": 0.127992600203,
        "min": 0.0494944937527,
        "var": 0.000684180937242
    },
    "barkbands_kurtosis": {
        "dmean": 0.883477687836,
        "dmean2": 1.44295179844,
        "dvar": 1.55490410328,
        "dvar2": 3.97892689705,
        "max": 15.143693924,
        "mean": 0.110165067017,
        "median": -0.440076828003,
        "min": -1.86264300346,
        "var": 3.45442795753
    },
    "barkbands_skewness": {
        "dmean": 0.378692179918,
        "dmean2": 0.596890032291,
        "dvar": 0.132953837514,
        "dvar2": 0.313566356897,
        "max": 3.63642215729,
        "mean": 0.776336491108,
        "median": 0.708334863186,
        "min": -2.11781454086,
        "var": 0.429520666599
    },
    "barkbands_spread": {
        "dmean": 5.56082344055,
        "dmean2": 8.44034862518,
        "dvar": 32.9222717285,
        "dvar2": 66.1575698853,
        "max": 95.1418380737,
        "mean": 32.5517845154,
        "median": 31.1354827881,
        "min": 4.28023147583,
        "var": 156.770004272
    },
    "dissonance": {
        "dmean": 0.0120932189748,
        "dmean2": 0.0202399678528,
        "dvar": 0.000124229016365,
        "dvar2": 0.000333816977218,
        "max": 0.499999910593,
        "mean": 0.475664436817,
        "median": 0.479182392359,
        "min": 0.377213388681,
        "var": 0.000262391375145
    },
    "dynamic_complexity": 1.33685970306,
    "erbbands_crest": {
        "dmean": 2.37239956856,
        "dmean2": 3.9195933342,
        "dvar": 4.79886817932,
        "dvar2": 12.145699501,
        "max": 24.1521530151,
        "mean": 7.71345710754,
        "median": 6.80455446243,
        "min": 2.27332854271,
        "var": 11.8662147522
    },
    "erbbands_flatness_db": {
        "dmean": 0.0119448583573,
        "dmean2": 0.0179530847818,
        "dvar": 0.000107174091681,
        "dvar2": 0.000220015775994,
        "max": 0.273104816675,
        "mean": 0.180669277906,
        "median": 0.17942853272,
        "min": 0.109758771956,
        "var": 0.00058641313808
    },
    "erbbands_kurtosis": {
        "dmean": 0.569198668003,
        "dmean2": 0.886206150055,
        "dvar": 0.603493094444,
        "dvar2": 1.14532911777,
        "max": 20.541305542,
        "mean": -0.170623674989,
        "median": -0.453984260559,
        "min": -1.62577068806,
        "var": 1.50418269634
    },
    "erbbands_skewness": {
        "dmean": 0.286693513393,
        "dmean2": 0.428679436445,
        "dvar": 0.0650297179818,
        "dvar2": 0.135963603854,
        "max": 1.9318434,
        "mean": -0.104823283851,
        "median": -0.0898162126541,
        "min": -3.87114286423,
        "var": 0.374687582254
    },
    "erbbands_spread": {
        "dmean": 6.78872823715,
        "dmean2": 10.6349210739,
        "dvar": 40.8604164124,
        "dvar2": 95.889213562,
        "max": 101.916488647,
        "mean": 39.3751792908,
        "median": 37.7093429565,
        "min": 13.0127859116,
        "var": 153.979812622
    },
    "hfc": {
        "dmean": 7.74812078476,
        "dmean2": 10.9437456131,
        "dvar": 115.701225281,
        "dvar2": 212.466491699,
        "max": 172.768783569,
        "mean": 34.097366333,
        "median": 31.1200332642,
        "min": 6.28320776741e-05,
        "var": 438.299072266
    },
    "melbands_crest": {
        "dmean": 3.09674882889,
        "dmean2": 5.17331933975,
        "dvar": 7.72258758545,
        "dvar2": 20.6507282257,
        "max": 26.2890377045,
        "mean": 11.4186115265,
        "median": 10.778465271,
        "min": 4.0021238327,
        "var": 15.1913576126
    },
    "melbands_flatness_db": {
        "dmean": 0.0198513008654,
        "dmean2": 0.0310756023973,
        "dvar": 0.000345303764334,
        "dvar2": 0.000817641499452,
        "max": 0.32420656085,
        "mean": 0.13770981133,
        "median": 0.131952360272,
        "min": 0.0391677059233,
        "var": 0.00155816948973
    },
    "melbands_kurtosis": {
        "dmean": 2.89146327972,
        "dmean2": 4.77053928375,
        "dvar": 17.505449295,
        "dvar2": 45.5775108337,
        "max": 61.380569458,
        "mean": 4.77227592468,
        "median": 3.20431566238,
        "min": -1.82360756397,
        "var": 29.7161369324
    },
    "melbands_skewness": {
        "dmean": 0.51696652174,
        "dmean2": 0.830997109413,
        "dvar": 0.27698725462,
        "dvar2": 0.691579163074,
        "max": 7.13572740555,
        "mean": 1.89146339893,
        "median": 1.78688955307,
        "min": 0.0753465518355,
        "var": 0.749329507351
    },
    "melbands_spread": {
        "dmean": 9.77422904968,
        "dmean2": 15.0512151718,
        "dvar": 151.088897705,
        "dvar2": 293.000183105,
        "max": 216.08996582,
        "mean": 39.4067115784,
        "median": 35.7999382019,
        "min": 4.98369407654,
        "var": 475.117462158
    },
    "pitch_salience": {
        "dmean": 0.060280200094,
        "dmean2": 0.0984259918332,
        "dvar": 0.00246760062873,
        "dvar2": 0.0066515491344,
        "max": 0.813562512398,
        "mean": 0.588769435883,
        "median": 0.592918694019,
        "min": 0.260899066925,
        "var": 0.00660879909992
    },
    "silence_rate_20dB": {
        "dmean": 0,
        "dmean2": 0,
        "dvar": 0,
        "dvar2": 0,
        "max": 1,
        "mean": 1,
        "median": 1,
        "min": 1,
        "var": 0
    },
    "silence_rate_30dB": {
        "dmean": 0,
        "dmean2": 0,
        "dvar": 0,
        "dvar2": 0,
        "max": 1,
        "mean": 1,
        "median": 1,
        "min": 1,
        "var": 0
    },
    "silence_rate_60dB": {
        "dmean": 0.002323779976,
        "dmean2": 0.00464936066419,
        "dvar": 0.00231823441572,
        "dvar2": 0.00540293706581,
        "max": 1,
        "mean": 0.0147115755826,
        "median": 0,
        "min": 0,
        "var": 0.0144942589104
    },
    "spectral_centroid": {
        "dmean": 263.919647217,
        "dmean2": 408.638214111,
        "dvar": 70691.5,
        "dvar2": 142359.140625,
        "max": 5002.86181641,
        "mean": 1885.13195801,
        "median": 1863.99365234,
        "min": 384.689575195,
        "var": 306179.46875
    },
    "spectral_complexity": {
        "dmean": 4.48876857758,
        "dmean2": 6.90042638779,
        "dvar": 16.2134552002,
        "dvar2": 30.9299106598,
        "max": 57,
        "mean": 31.1231117249,
        "median": 32,
        "min": 0,
        "var": 88.2323684692
    },
    "spectral_decrease": {
        "dmean": 2.02376870817e-09,
        "dmean2": 3.27828098001e-09,
        "dvar": 6.75568952825e-18,
        "dvar2": 1.75731427481e-17,
        "max": -1.75600941394e-14,
        "mean": -6.95819579732e-09,
        "median": -6.62504229254e-09,
        "min": -2.35887522848e-08,
        "var": 9.95736115872e-18
    },
    "spectral_energy": {
        "dmean": 0.0080494992435,
        "dmean2": 0.0129482150078,
        "dvar": 0.000102410442196,
        "dvar2": 0.000265980692348,
        "max": 0.0919126197696,
        "mean": 0.0293545667082,
        "median": 0.0284309834242,
        "min": 7.1974845639e-08,
        "var": 0.000161318777828
    },
    "spectral_energyband_high": {
        "dmean": 0.000681600067765,
        "dmean2": 0.000936931814067,
        "dvar": 2.24094424084e-06,
        "dvar2": 3.63145227311e-06,
        "max": 0.0234491154552,
        "mean": 0.00190254522022,
        "median": 0.00121718342416,
        "min": 2.14335416082e-09,
        "var": 7.52816777094e-06
    },
    "spectral_energyband_low": {
        "dmean": 0.00398668367416,
        "dmean2": 0.00647513894364,
        "dvar": 5.655654968e-05,
        "dvar2": 0.000147542872583,
        "max": 0.0742084011436,
        "mean": 0.00715877581388,
        "median": 0.00512605346739,
        "min": 2.32505037445e-08,
        "var": 6.43081075395e-05
    },
    "spectral_energyband_middle_high": {
        "dmean": 0.00231574499048,
        "dmean2": 0.00346836354584,
        "dvar": 6.20034597887e-06,
        "dvar2": 1.34031488415e-05,
        "max": 0.0379735156894,
        "mean": 0.00894784368575,
        "median": 0.0082971341908,
        "min": 2.09945785201e-08,
        "var": 2.78746756521e-05
    },
    "spectral_energyband_middle_low": {
        "dmean": 0.00505681196228,
        "dmean2": 0.00854119472206,
        "dvar": 5.08684715896e-05,
        "dvar2": 0.000140772826853,
        "max": 0.0645861774683,
        "mean": 0.0124466409907,
        "median": 0.0106626003981,
        "min": 2.89187109814e-08,
        "var": 5.95221717958e-05
    },
    "spectral_entropy": {
        "dmean": 0.0898941531777,
        "dmean2": 0.129545375705,
        "dvar": 0.00689461780712,
        "dvar2": 0.0125473048538,
        "max": 8.53841114044,
        "mean": 7.79284095764,
        "median": 7.79763793945,
        "min": 6.80870485306,
        "var": 0.0463012680411
    },
    "spectral_flux": {
        "dmean": 0.0221286211163,
        "dmean2": 0.0337904430926,
        "dvar": 0.000561683264095,
        "dvar2": 0.00110512052197,
        "max": 0.260505765676,
        "mean": 0.0953066721559,
        "median": 0.0912413150072,
        "min": 0.000268281291937,
        "var": 0.00132698228117
    },
    "spectral_kurtosis": {
        "dmean": 1.12781405449,
        "dmean2": 1.93537664413,
        "dvar": 1.16921794415,
        "dvar2": 3.58332562447,
        "max": 10.2063560486,
        "mean": 1.89440381527,
        "median": 1.61612844467,
        "min": -0.85622382164,
        "var": 2.02536535263
    },
    "spectral_rms": {
        "dmean": 0.000692042172886,
        "dmean2": 0.00108737731352,
        "dvar": 5.82085021961e-07,
        "dvar2": 1.46375373333e-06,
        "max": 0.00946946907789,
        "mean": 0.00521767931059,
        "median": 0.00526664452627,
        "min": 8.37969946588e-06,
        "var": 1.41441637425e-06
    },
    "spectral_rolloff": {
        "dmean": 584.208251953,
        "dmean2": 925.978393555,
        "dvar": 631115.75,
        "dvar2": 1151175.375,
        "max": 9022.41210938,
        "mean": 2363.32983398,
        "median": 2196.38671875,
        "min": 129.19921875,
        "var": 2172843
    },
    "spectral_skewness": {
        "dmean": 0.161950364709,
        "dmean2": 0.263375252485,
        "dvar": 0.0199109520763,
        "dvar2": 0.051902320236,
        "max": 2.30713915825,
        "mean": 0.89826464653,
        "median": 0.901695132256,
        "min": -0.286158978939,
        "var": 0.0629796758294
    },
    "spectral_spread": {
        "dmean": 291829.78125,
        "dmean2": 421789.96875,
        "dvar": 120683208704,
        "dvar2": 163774611456,
        "max": 12687823,
        "mean": 3836808.25,
        "median": 3698519.25,
        "min": 2211189,
        "var": 665995509760
    },
    "spectral_strongpeak": {
        "dmean": 0.686524629593,
        "dmean2": 1.20222914219,
        "dvar": 0.998029768467,
        "dvar2": 2.50399971008,
        "max": 10.5457191467,
        "mean": 1.02835583687,
        "median": 0.538837075233,
        "min": 0,
        "var": 1.32689964771
    },
    "zerocrossingrate": {
        "dmean": 0.0102694137022,
        "dmean2": 0.0117573430762,
        "dvar": 0.000157120361109,
        "dvar2": 0.000156026362674,
        "max": 0.2978515625,
        "mean": 0.0800735875964,
        "median": 0.07470703125,
        "min": 0.015625,
        "var": 0.00116728164721
    },
    "barkbands": {
        "dmean": [0.00013538938947, 0.0022240949329, 0.00196660449728, 0.00104771635961, 0.00278000580147, 0.000879717292264, 0.0010007614037, 0.000777215871494, 0.00109855027404, 0.000771910708863, 0.000530879886355, 0.00039410291356, 0.000577415921725, 0.000541988760233, 0.000510704761837, 0.000487753335619, 0.000513850944117, 0.000354444375262, 0.000348067755112, 0.00017095223302, 0.000196512744878, 0.000259336899035, 0.000142878474435, 0.000161319534527, 2.69796146313e-05, 3.02921634443e-08, 1.22885497333e-08],
        "dmean2": [0.000223137947614, 0.00365833193064, 0.00339148938656, 0.00180456833914, 0.00492396624759, 0.0014309650287, 0.00160815299023, 0.00123327120673, 0.00175369053613, 0.00115736527368, 0.000839204643853, 0.000615455326624, 0.000916621705983, 0.000864602217916, 0.00082851445768, 0.000781758339144, 0.000836111314129, 0.000576310034376, 0.00056487089023, 0.000273458950687, 0.000304403656628, 0.000383281323593, 0.000208051336813, 0.000223040551646, 3.90618879464e-05, 4.9174975203e-08, 2.29483791969e-08],
        "dvar": [1.24010625768e-07, 2.10049474845e-05, 1.62687410921e-05, 2.38442157752e-06, 3.0757895729e-05, 1.97905933419e-06, 2.34017488765e-06, 1.84343423371e-06, 4.03108606406e-06, 2.41423003899e-06, 1.09846689611e-06, 6.27550662102e-07, 9.51645233727e-07, 7.51712832425e-07, 6.72764201681e-07, 5.4078265066e-07, 5.55456892926e-07, 2.09768913351e-07, 1.61896636541e-07, 4.9496655663e-08, 1.32586293944e-07, 3.07799240318e-07, 1.30636607309e-07, 2.76936134469e-07, 9.22852194662e-09, 1.01422158093e-14, 2.33902875604e-15],
        "dvar2": [3.14308863381e-07, 5.49164324184e-05, 4.56740526715e-05, 6.87000965627e-06, 8.67821145221e-05, 5.25282848685e-06, 5.84719919061e-06, 4.29986403105e-06, 1.03979482446e-05, 5.44225622434e-06, 2.63484344032e-06, 1.36982896493e-06, 2.2287288175e-06, 1.90460968952e-06, 1.62766411904e-06, 1.38225254886e-06, 1.41696818901e-06, 5.33863953933e-07, 3.83755462963e-07, 1.18885267852e-07, 2.89757707606e-07, 5.67096321902e-07, 2.58095809613e-07, 4.61206468572e-07, 1.95487555033e-08, 2.59406686127e-14, 6.70233284833e-15],
        "max": [0.0027255192399, 0.0451255738735, 0.0485337823629, 0.0176030695438, 0.0460289269686, 0.0272819884121, 0.0231268648058, 0.0186864864081, 0.0247431173921, 0.0208677891642, 0.013134052977, 0.0183430816978, 0.0181375499815, 0.0130460290238, 0.011363260448, 0.0114538967609, 0.0126806907356, 0.00729223201051, 0.00598393753171, 0.00308153731748, 0.00688738701865, 0.0106621999294, 0.00690767774358, 0.00859547406435, 0.00217381981201, 1.9598317067e-06, 8.00217264896e-07],
        "mean": [0.000116461444122, 0.00337818358094, 0.00284277880564, 0.00159241701476, 0.00347729213536, 0.00177535798866, 0.00201155617833, 0.00128073408268, 0.00173535954673, 0.0012730791932, 0.000849847390782, 0.00066441076342, 0.000963201571722, 0.000847026705742, 0.000867342983838, 0.000939567398746, 0.00102708884515, 0.000727391801775, 0.000863538414706, 0.000412242166931, 0.000451206316939, 0.000582762004342, 0.000314758333843, 0.000318101752782, 4.28488929174e-05, 3.71240211905e-08, 8.04221134132e-09],
        "median": [1.49908573803e-05, 0.00185275101103, 0.00153730739839, 0.000879528874066, 0.0019336133264, 0.00120754237287, 0.0011894647032, 0.00052077928558, 0.000712840643246, 0.000450588064268, 0.000278282590443, 0.000311459443765, 0.000485168129671, 0.000465610442916, 0.000515604275279, 0.000606392510235, 0.000601934094448, 0.000589842675254, 0.000717035727575, 0.000320504623232, 0.00032257361454, 0.000319488462992, 0.000184889548109, 0.000105520346551, 9.37427557801e-06, 7.68744001789e-09, 6.49274523035e-10],
        "min": [1.59254831544e-09, 7.18863990556e-09, 1.13106652933e-08, 6.41988551209e-09, 2.31921148952e-09, 8.97571794667e-09, 6.53162723907e-09, 1.91380644665e-09, 2.21963447622e-09, 2.36876429582e-09, 9.27592613831e-10, 4.99727548231e-09, 1.51216295041e-09, 3.49759998741e-09, 7.80749187523e-10, 1.81373227548e-09, 9.26708765281e-10, 1.81693859957e-09, 2.37050712393e-09, 5.1868198625e-10, 1.20654441993e-09, 4.15330186909e-10, 1.70172306801e-10, 1.36315153609e-10, 2.36907229945e-11, 4.84011615509e-12, 5.78211393695e-12],
        "var": [1.06695587476e-07, 2.311490789e-05, 1.63528475241e-05, 3.53539667231e-06, 2.49384174822e-05, 3.31011938215e-06, 6.52512289889e-06, 3.96790483137e-06, 8.12751295598e-06, 5.00939904668e-06, 2.5121089493e-06, 1.39107498853e-06, 2.04991965802e-06, 1.26423105939e-06, 1.16030582831e-06, 1.21148855214e-06, 1.46477805174e-06, 3.78046706828e-07, 4.32723766153e-07, 1.21316048762e-07, 2.89527974928e-07, 9.03007844499e-07, 2.87287491574e-07, 7.39700283248e-07, 1.86882509468e-08, 1.38992922803e-14, 1.39538736011e-15]
    },
    "erbbands": {
        "dmean": [0.0521488562226, 0.564654827118, 2.01985120773, 2.96799039841, 6.72816324234, 9.79770755768, 8.11742401123, 7.10099506378, 13.3586015701, 16.2703590393, 16.7118453979, 27.0438365936, 21.7963542938, 19.744934082, 22.7063465118, 16.726776123, 25.2890338898, 26.5220336914, 24.8881568909, 26.3738231659, 24.160484314, 23.0445137024, 19.3678894043, 17.4551544189, 16.0623722076, 7.74695062637, 7.71060466766, 8.45484256744, 10.659286499, 5.28583717346, 4.23834896088, 3.93962526321, 2.4195356369, 0.615592837334, 0.0275671854615, 0.00132873863913, 0.000107708037831, 2.17578126467e-05, 8.65417860041e-06, 1.03443444459e-05],
        "dmean2": [0.0867492482066, 0.941398859024, 3.4089410305, 5.15710353851, 11.9733200073, 17.3148994446, 13.4100732803, 11.6312704086, 21.3861026764, 25.9805374146, 26.5601654053, 43.0690193176, 33.5854454041, 29.2831573486, 35.9788551331, 25.8563594818, 39.9908332825, 42.4521598816, 39.0439071655, 42.2761154175, 37.8100128174, 36.8126029968, 31.2028827667, 28.3145828247, 25.9200077057, 12.1684522629, 12.2579574585, 12.8049583435, 16.0122623444, 7.71427631378, 6.21054553986, 5.60417175293, 3.30451607704, 0.855415284634, 0.0400100573897, 0.00189037073869, 0.000148836508743, 3.1189450965e-05, 1.26778340928e-05, 1.60324088938e-05],
        "dvar": [0.0124408463016, 1.29041051865, 16.4882450104, 24.8133525848, 214.00730896, 386.449523926, 173.592849731, 145.072418213, 514.973510742, 703.329223633, 898.985473633, 2729.06884766, 2348.63085938, 1947.29187012, 1790.86364746, 1171.45202637, 1841.33288574, 1759.63146973, 1669.31433105, 2107.4675293, 1295.83422852, 1186.09106445, 701.390380859, 376.720214844, 406.380950928, 99.3623504639, 154.810089111, 295.483062744, 557.043762207, 123.726470947, 130.772125244, 180.875961304, 59.5445098877, 4.39178466797, 0.0135234370828, 2.75379461527e-05, 1.06559923552e-07, 3.38249739329e-09, 2.57655091707e-10, 1.54940879571e-10],
        "dvar2": [0.0328189469874, 3.44487214088, 45.1959190369, 71.4735946655, 605.940185547, 1080.60717773, 482.300018311, 384.228302002, 1298.26147461, 1750.67431641, 2180.05761719, 6990.83789062, 5452.88427734, 4010.55200195, 4305.40673828, 2501.12036133, 4218.86669922, 4451.97460938, 3999.42382812, 5392.69140625, 3269.60473633, 2890.70117188, 1732.24621582, 939.374755859, 1007.8503418, 233.430526733, 349.441955566, 622.945678711, 1076.32910156, 237.014282227, 257.747039795, 348.477325439, 98.7239227295, 8.50620174408, 0.0297717899084, 5.78893486818e-05, 1.95308032858e-07, 6.49848086454e-09, 5.10794850861e-10, 3.79174192044e-10],
        "max": [1.00695300102, 11.9529733658, 43.2883033752, 53.7700080872, 149.479171753, 184.516677856, 162.027481079, 227.686279297, 354.677703857, 382.969360352, 497.106414795, 625.00994873, 862.543945312, 723.276855469, 563.448791504, 874.919067383, 786.202758789, 587.135192871, 561.69708252, 813.50177002, 693.721801758, 563.124633789, 462.275634766, 262.761932373, 277.968994141, 134.647293091, 250.057052612, 290.195770264, 440.095581055, 229.051834106, 235.398910522, 239.441345215, 121.287452698, 44.219039917, 2.79649233818, 0.12401830405, 0.00669308844954, 0.000898845319171, 0.000251411984209, 0.000144941848703],
        "mean": [0.0692877471447, 0.865217387676, 3.1192381382, 4.63018655777, 7.9781088829, 12.0207204819, 13.598941803, 14.8232688904, 27.9167747498, 31.1462421417, 27.3466300964, 43.9937705994, 37.4054336548, 33.3036613464, 39.3963813782, 31.217628479, 44.5778388977, 44.7304000854, 43.8078765869, 50.7969551086, 53.329372406, 50.4954910278, 43.0524711609, 42.9666252136, 37.6869506836, 19.7495574951, 18.6001300812, 18.3931255341, 22.7611236572, 12.4590883255, 9.00119400024, 7.28738594055, 4.69050121307, 1.08727121353, 0.0418400503695, 0.00218184152618, 0.000212778133573, 4.47819475085e-05, 2.76334412774e-05, 3.97821786464e-05],
        "median": [0.0257877185941, 0.51685833931, 1.73289394379, 3.04184055328, 4.14155483246, 6.18869256973, 8.72785377502, 9.93503284454, 14.5327444077, 16.4155349731, 13.8378238678, 19.3748950958, 15.7758493423, 13.9148778915, 16.0310401917, 17.0148410797, 24.0765914917, 26.6581020355, 27.4369602203, 30.5239105225, 34.8569221497, 32.4513511658, 33.9001045227, 37.3522415161, 29.8490715027, 16.1645965576, 13.9820671082, 11.6824712753, 11.7838191986, 7.41903877258, 5.1205906868, 2.66709280014, 1.43318867683, 0.29809436202, 0.00854649394751, 0.000523159047589, 7.89908954175e-05, 2.03079034691e-05, 2.17115557462e-05, 3.79962511943e-05],
        "min": [8.37369427131e-08, 2.14735905502e-06, 1.21795956147e-05, 1.87334990187e-05, 9.40474274103e-06, 6.40951611786e-06, 6.34880561847e-05, 5.77402897761e-05, 0.000114062466309, 3.59517835022e-05, 4.48215323559e-05, 4.53211978311e-05, 6.13814700046e-05, 6.99478769093e-05, 3.24918983097e-05, 0.000224559989874, 0.000105270752101, 0.000170099447132, 9.39772726269e-05, 6.8180685048e-05, 7.54476277507e-05, 7.2174523666e-05, 8.96968631423e-05, 8.22106667329e-05, 0.000127472347231, 2.84081688733e-05, 1.75231944013e-05, 6.56104530208e-05, 1.72657055373e-05, 9.51488073042e-06, 5.07891127199e-06, 3.77568562726e-06, 1.67205348589e-06, 4.68567662892e-07, 6.43603215167e-08, 2.7301023664e-08, 1.18948939587e-08, 3.67704067195e-09, 1.31911159773e-09, 2.00663444194e-10],
        "var": [0.013679837808, 1.36516594887, 16.7556037903, 26.792388916, 161.013168335, 327.499694824, 242.981414795, 242.727325439, 1473.82397461, 1552.22436523, 1578.71276855, 5399.25292969, 4909.45849609, 3957.03881836, 4124.41748047, 2590.70800781, 4173.65332031, 3014.61230469, 2713.83886719, 4124.34667969, 3644.49121094, 3014.61474609, 1424.1138916, 964.360351562, 914.421386719, 251.389511108, 355.015686035, 677.872619629, 1471.88708496, 361.930847168, 274.828552246, 400.547332764, 162.064163208, 10.1352052689, 0.0237622950226, 5.3401949117e-05, 2.70349971743e-07, 8.36570457352e-09, 6.70971334049e-10, 3.37019218088e-10]
    },
    "gfcc": {
        "mean": [21.8127117157, 116.469924927, -165.838012695, 68.9704589844, -76.9802780151, 17.407409668, -33.7926368713, -5.43778371811, -1.6696356535, -20.0763549805, 5.34012031555, -19.8625621796, 1.01454687119],
        "cov": [[2010.77880859, -507.615325928, -47.5332069397, 122.529579163, -137.373687744, 183.081497192, -118.820915222, 65.1202774048, -22.5156803131, -1.33858990669, -60.9046936035, 26.4027423859, -2.26715707779], [-507.615325928, 703.043884277, -180.218383789, -134.006896973, 205.204376221, -174.425506592, 194.127090454, -46.3814239502, 75.8245544434, -78.9141464233, 60.527256012, -39.7401008606, -6.96125221252], [-47.5332069397, -180.218383789, 301.501464844, 100.476669312, -74.3043823242, 63.7774925232, -88.9272918701, 20.6533336639, -39.5745773315, 46.6477127075, -20.5656852722, 5.61227989197, 23.27891922], [122.529579163, -134.006896973, 100.476669312, 142.976409912, 31.384552002, 39.347694397, -61.4501609802, 16.8845348358, 6.97819662094, 31.0607204437, -5.54373502731, 13.3471755981, 19.6737918854], [-137.373687744, 205.204376221, -74.3043823242, 31.384552002, 198.166412354, -11.6901626587, 59.7468528748, 11.3339738846, 56.044090271, -8.68311309814, 16.0913105011, -16.5555400848, 1.83900940418], [183.081497192, -174.425506592, 63.7774925232, 39.347694397, -11.6901626587, 165.409515381, 25.8587341309, 40.2715988159, -11.3265781403, 23.486825943, -0.449146509171, 14.4336767197, -6.08195352554], [-118.820915222, 194.127090454, -88.9272918701, -61.4501609802, 59.7468528748, 25.8587341309, 207.184188843, 30.0050582886, 30.2784786224, -30.0564880371, 27.4180927277, 0.818606257439, -16.6525001526], [65.1202774048, -46.3814239502, 20.6533336639, 16.8845348358, 11.3339738846, 40.2715988159, 30.0050582886, 93.6084747314, 35.3484344482, 16.083562851, -0.198664426804, -6.68230724335, 2.47754764557], [-22.5156803131, 75.8245544434, -39.5745773315, 6.97819662094, 56.044090271, -11.3265781403, 30.2784786224, 35.3484344482, 100.719551086, 19.3121967316, 6.81800556183, -4.7329621315, -12.4571790695], [-1.33858990669, -78.9141464233, 46.6477127075, 31.0607204437, -8.68311309814, 23.486825943, -30.0564880371, 16.083562851, 19.3121967316, 73.3502578735, 24.8499126434, 5.13201475143, 1.7349871397], [-60.9046936035, 60.527256012, -20.5656852722, -5.54373502731, 16.0913105011, -0.449146509171, 27.4180927277, -0.198664426804, 6.81800556183, 24.8499126434, 74.2451705933, 28.9276027679, 0.0728095322847], [26.4027423859, -39.7401008606, 5.61227989197, 13.3471755981, -16.5555400848, 14.4336767197, 0.818606257439, -6.68230724335, -4.7329621315, 5.13201475143, 28.9276027679, 71.4551620483, 31.3600616455], [-2.26715707779, -6.96125221252, 23.27891922, 19.6737918854, 1.83900940418, -6.08195352554, -16.6525001526, 2.47754764557, -12.4571790695, 1.7349871397, 0.0728095322847, 31.3600616455, 70.8573226929]],
        "icov": [[0.000833294237964, -0.000447445636382, 0.00136358023155, -0.00161948089954, 0.0014116524253, -0.00135776388925, 0.000794034276623, -0.000771214545239, 0.000195635002456, 0.000171503750607, 0.000694840331562, -0.00019171772874, 0.000159104994964], [-0.000447445636382, 0.0147678554058, -0.00726643484086, 0.0115736797452, -0.0122463153675, 0.0108592165634, -0.00840215198696, 0.00888017285615, -0.00912135280669, 0.0121910311282, -0.0149419503286, 0.0102599123493, -0.00685247173533], [0.00136358023155, -0.00726643484086, 0.0114280153066, -0.0114560723305, 0.00979671627283, -0.00759584689513, 0.00509549956769, -0.00590536929667, 0.00626231729984, -0.00761398719624, 0.00865146610886, -0.00357885402627, 0.00211628735997], [-0.00161948089954, 0.0115736797452, -0.0114560723305, 0.0253899209201, -0.0167093984783, 0.00808759406209, -0.00324853556231, 0.00641964562237, -0.00751245720312, 0.00696186861023, -0.010255987756, 0.00376468966715, -0.00520759727806], [0.0014116524253, -0.0122463153675, 0.00979671627283, -0.0167093984783, 0.0211194660515, -0.0107382247224, 0.00528309494257, -0.00599145097658, 0.00287924287841, -0.00651222886518, 0.00880108121783, -0.00228256382979, 0.00191102328245], [-0.00135776388925, 0.0108592165634, -0.00759584689513, 0.00808759406209, -0.0107382247224, 0.0189199727029, -0.0096599990502, 0.00320436805487, -0.00240137032233, 0.00414475612342, -0.0077131842263, 0.00281900982372, -0.000969655578956], [0.000794034276623, -0.00840215198696, 0.00509549956769, -0.00324853556231, 0.00528309494257, -0.0096599990502, 0.0141242900863, -0.007782606408, 0.00348723493516, -0.00193560763728, 0.00489033060148, -0.00599884754047, 0.00436356756836], [-0.000771214545239, 0.00888017285615, -0.00590536929667, 0.00641964562237, -0.00599145097658, 0.00320436805487, -0.007782606408, 0.0221309568733, -0.0125251179561, 0.00701246550307, -0.0103206327185, 0.0111768562347, -0.00847664475441], [0.000195635002456, -0.00912135280669, 0.00626231729984, -0.00751245720312, 0.00287924287841, -0.00240137032233, 0.00348723493516, -0.0125251179561, 0.0240532830358, -0.0159956645221, 0.014544416219, -0.0118034295738, 0.00994469504803], [0.000171503750607, 0.0121910311282, -0.00761398719624, 0.00696186861023, -0.00651222886518, 0.00414475612342, -0.00193560763728, 0.00701246550307, -0.0159956645221, 0.0362944230437, -0.0256853271276, 0.0148808378726, -0.00866409484297], [0.000694840331562, -0.0149419503286, 0.00865146610886, -0.010255987756, 0.00880108121783, -0.0077131842263, 0.00489033060148, -0.0103206327185, 0.014544416219, -0.0256853271276, 0.0407162606716, -0.024138065055, 0.0130064236], [-0.00019171772874, 0.0102599123493, -0.00357885402627, 0.00376468966715, -0.00228256382979, 0.00281900982372, -0.00599884754047, 0.0111768562347, -0.0118034295738, 0.0148808378726, -0.024138065055, 0.035379588604, -0.0184400845319], [0.000159104994964, -0.00685247173533, 0.00211628735997, -0.00520759727806, 0.00191102328245, -0.000969655578956, 0.00436356756836, -0.00847664475441, 0.00994469504803, -0.00866409484297, 0.0130064236, -0.0184400845319, 0.0254927948117]]
    },
    "melbands": {
        "dmean": [0.000528296804987, 0.00093502033269, 0.000571358716115, 0.000647520995699, 0.0003016742412, 0.000162425189046, 0.000201576054678, 0.000175000663148, 0.000153085857164, 0.000162295051268, 0.000108524225652, 8.16649771878e-05, 7.53740387154e-05, 5.20003086422e-05, 5.08675657329e-05, 5.3783722251e-05, 5.41146873729e-05, 4.30461586802e-05, 3.34205979016e-05, 4.08345695178e-05, 3.04343466269e-05, 2.75943421002e-05, 2.48206342803e-05, 1.76050762093e-05, 1.55355428433e-05, 1.51795093188e-05, 8.38247524371e-06, 5.20649882674e-06, 5.20934736414e-06, 5.07897311763e-06, 5.52377787244e-06, 6.90164279149e-06, 4.61157560494e-06, 2.72303554993e-06, 2.56585167335e-06, 2.59078819909e-06, 2.54101860264e-06, 1.97885333364e-06, 1.15225907393e-06, 3.33926664098e-07],
        "dmean2": [0.000867067894433, 0.00155793491285, 0.000990589382127, 0.00116125436034, 0.000500004272908, 0.000264725240413, 0.000322596315527, 0.000277158862446, 0.000244488823228, 0.000258510088315, 0.000166334852111, 0.000121652563394, 0.00011889084999, 8.10385608929e-05, 8.03280127002e-05, 8.4893355961e-05, 8.72672972037e-05, 6.80302546243e-05, 5.37734049431e-05, 6.60444784444e-05, 4.80341623188e-05, 4.44782854174e-05, 4.02635050705e-05, 2.8878219382e-05, 2.55416416621e-05, 2.470722211e-05, 1.36612025017e-05, 8.2881488197e-06, 8.38511004986e-06, 8.00392172096e-06, 8.53677647683e-06, 1.05271083157e-05, 6.78383685226e-06, 4.05101127399e-06, 3.87328054785e-06, 3.78698746317e-06, 3.69079452867e-06, 2.74375020126e-06, 1.6169982473e-06, 5.01032104694e-07],
        "dvar": [1.21863990898e-06, 3.35446657118e-06, 7.69257212596e-07, 2.043635277e-06, 2.24844427521e-07, 6.89054857617e-08, 1.07640829583e-07, 8.16783654045e-08, 7.26358422298e-08, 9.14959557008e-08, 5.79944874346e-08, 3.63952672444e-08, 2.22133227368e-08, 1.09166125029e-08, 8.35411917421e-09, 7.91127519051e-09, 7.95985766189e-09, 5.39534816824e-09, 3.39341599265e-09, 4.36723901487e-09, 2.1683372875e-09, 1.70622282969e-09, 1.41075939819e-09, 5.6395377257e-10, 3.18914089581e-10, 3.39547195916e-10, 1.27663851712e-10, 4.96977736741e-11, 6.3620421431e-11, 8.89290655004e-11, 1.30137789434e-10, 2.21610035878e-10, 9.81579054149e-11, 3.44259447338e-11, 3.86579761258e-11, 8.31336180451e-11, 7.83079157074e-11, 4.18856442586e-11, 1.30130012668e-11, 1.81684322535e-12],
        "dvar2": [3.15848046739e-06, 9.05970409804e-06, 2.18117065742e-06, 5.80215782975e-06, 6.21586082161e-07, 1.81748546879e-07, 2.69520342044e-07, 1.99992754801e-07, 1.80173188369e-07, 2.34427503187e-07, 1.34887955028e-07, 7.53044275825e-08, 5.31285841987e-08, 2.50319462936e-08, 1.89999838085e-08, 1.8312436012e-08, 2.01248511189e-08, 1.30201058823e-08, 8.32039415144e-09, 1.15459366512e-08, 5.54252377327e-09, 4.31178026616e-09, 3.4132328075e-09, 1.44751188813e-09, 8.083592129e-10, 8.40191527463e-10, 3.25235116616e-10, 1.1867137828e-10, 1.49305776076e-10, 2.09045974975e-10, 2.76708433944e-10, 4.41716441202e-10, 1.82230647239e-10, 7.29172139335e-11, 7.78734021711e-11, 1.73453959529e-10, 1.5566062328e-10, 7.36786187616e-11, 2.39333119295e-11, 4.11438981843e-12],
        "max": [0.00993105396628, 0.0182304941118, 0.00812936015427, 0.0122094377875, 0.00500918505713, 0.00505111180246, 0.00527765415609, 0.00380279263481, 0.00375382904895, 0.0035429878626, 0.00422459607944, 0.00312252296135, 0.00195308716502, 0.00234543834813, 0.00173735374119, 0.00147145160008, 0.00134739815257, 0.00106098188553, 0.000983479316346, 0.000864245463163, 0.000947412569076, 0.000662615115289, 0.000727507402189, 0.000402790436056, 0.000234602121054, 0.000278189778328, 0.000182926567504, 0.000110790169856, 0.000145201018313, 0.000212311104406, 0.000199251182494, 0.000290810392471, 0.000241981630097, 0.000146013844642, 0.000126515835291, 0.000193672371097, 0.000167318532476, 0.000114406648208, 8.90451847226e-05, 3.28229943989e-05],
        "mean": [0.000785289797932, 0.00151395285502, 0.000896574056242, 0.00074003438931, 0.000507628894411, 0.000336823140969, 0.000425416976213, 0.00032668680069, 0.000244239199674, 0.000259142107097, 0.000179031558218, 0.000131199762109, 0.000125864389702, 8.94512850209e-05, 8.91422096174e-05, 8.88958020369e-05, 8.37659026729e-05, 6.97410141584e-05, 5.86611822655e-05, 7.47493977542e-05, 6.12754374743e-05, 5.42910165677e-05, 4.60209885205e-05, 3.49212314177e-05, 3.43894571415e-05, 3.29256035911e-05, 1.83052816283e-05, 1.16382889246e-05, 1.16006967801e-05, 1.05690714918e-05, 1.07791402115e-05, 1.39052408485e-05, 9.57034171734e-06, 5.86958776694e-06, 5.205166417e-06, 4.64827280666e-06, 4.43858152721e-06, 3.65088294529e-06, 2.10291341318e-06, 4.74527098504e-07],
        "median": [0.000390902074287, 0.0009575074655, 0.000628257228527, 0.000381995079806, 0.000314308330417, 0.000221846697968, 0.000236828243942, 0.000165861361893, 0.000113670255814, 0.000111725210445, 6.70302688377e-05, 4.61636191176e-05, 4.55298286397e-05, 4.27050254075e-05, 4.42480450147e-05, 4.7508168791e-05, 4.4132626499e-05, 3.98627162213e-05, 3.55998126906e-05, 4.5088261686e-05, 3.77174219466e-05, 3.30103102897e-05, 2.95164427371e-05, 2.72896359093e-05, 2.88697447104e-05, 2.57781066466e-05, 1.43768520502e-05, 8.85290137376e-06, 8.6074705905e-06, 7.19923082215e-06, 6.14682403466e-06, 6.97397535987e-06, 5.05339812662e-06, 3.6364447169e-06, 3.10031305162e-06, 1.98677912522e-06, 1.39578799008e-06, 1.04209732399e-06, 6.57729231079e-07, 8.05275846005e-08],
        "min": [1.4247606428e-09, 5.28257260157e-09, 3.07645997566e-09, 3.51404128018e-10, 1.78618364544e-09, 1.54024937249e-09, 1.55730439655e-09, 3.77806452789e-10, 3.54252710499e-10, 3.01819819137e-10, 3.16106696374e-10, 3.02888492065e-10, 1.21360213545e-10, 2.86647983128e-10, 5.96955540555e-10, 1.91492793844e-10, 3.29590632564e-10, 1.82595522036e-10, 4.81492068438e-11, 1.31167410267e-10, 7.2039228749e-11, 5.22392892832e-11, 1.19839693724e-10, 5.7907886819e-11, 6.53450904498e-11, 8.00631158593e-11, 6.97935667593e-11, 1.05984171092e-11, 4.82292678017e-12, 3.18154357026e-11, 3.37575141451e-11, 8.32420677527e-12, 7.73892928907e-12, 4.1354385194e-12, 2.73961517534e-12, 2.34465658694e-12, 2.37108466541e-12, 1.25405946478e-12, 7.74560211976e-13, 2.23170359146e-13],
        "var": [1.38639097713e-06, 3.44902241523e-06, 8.0967743088e-07, 1.46682452851e-06, 3.32207548581e-07, 1.22603097452e-07, 3.2362680713e-07, 1.8849640071e-07, 1.32987977963e-07, 1.75918415835e-07, 1.21743369164e-07, 7.41620596045e-08, 5.14358049486e-08, 2.23881002626e-08, 1.99396055223e-08, 1.56208876945e-08, 1.30998278891e-08, 8.20436163451e-09, 5.85058357316e-09, 8.50340775571e-09, 5.68269387102e-09, 3.93249965924e-09, 3.08891934253e-09, 9.74313962843e-10, 7.14695302939e-10, 7.53233087014e-10, 2.48394860236e-10, 1.12022002785e-10, 1.4138794302e-10, 1.72308264879e-10, 2.77446510211e-10, 5.51075907129e-10, 2.88315427088e-10, 8.14281836403e-11, 7.98286298176e-11, 1.48695930569e-10, 1.70345251793e-10, 1.06554751134e-10, 3.11238534945e-11, 3.14995447261e-12]
    },
    "mfcc": {
        "mean": [-584.893127441, 102.044494629, -12.4225692749, 30.8876304626, -1.37540924549, 8.87034034729, -9.12948894501, 7.58476781845, -5.8861374855, 4.84551095963, -0.986870288849, 2.09868168831, -4.49514293671],
        "cov": [[2038.29003906, -504.431243896, -9.9002494812, -78.6592483521, 18.3397274017, 38.7458572388, -55.3799858093, 54.8269309998, 8.71753787994, 2.92811560631, -2.44235777855, -10.6892938614, -37.3815231323], [-504.431243896, 751.736938477, -316.213897705, 80.3243408203, -75.7374649048, -28.7064743042, 37.5809707642, 62.8692207336, -12.589758873, 43.4781112671, 14.8235349655, -7.8149471283, 11.2123498917], [-9.9002494812, -316.213897705, 391.079956055, -30.8372898102, 32.6104812622, 4.53076934814, -0.814429938793, -61.723487854, 7.58948755264, -36.1769485474, -16.74467659, -0.0684970021248, -13.2117395401], [-78.6592483521, 80.3243408203, -30.8372898102, 127.323074341, 55.2909622192, -7.93776035309, -16.5211410522, -9.93517398834, 9.91802883148, 9.07546138763, -16.9726028442, -0.0635846182704, 20.6946182251], [18.3397274017, -75.7374649048, 32.6104812622, 55.2909622192, 172.056991577, 14.8877792358, -27.5884876251, -28.0597553253, 24.1619663239, 14.7304782867, -9.39201927185, 4.49046039581, 19.4337673187], [38.7458572388, -28.7064743042, 4.53076934814, -7.93776035309, 14.8877792358, 94.4526977539, 33.2513656616, 24.9053993225, 1.69872570038, -0.226958572865, 19.6258907318, 3.99192357063, 0.937639653683], [-55.3799858093, 37.5809707642, -0.814429938793, -16.5211410522, -27.5884876251, 33.2513656616, 122.281066895, 39.2887153625, 7.62962245941, 11.0056610107, 3.77807211876, 15.9227705002, 3.66688513756], [54.8269309998, 62.8692207336, -61.723487854, -9.93517398834, -28.0597553253, 24.9053993225, 39.2887153625, 116.314857483, 25.9311008453, 21.7659950256, 28.1726322174, 1.79249203205, -0.276242524385], [8.71753787994, -12.589758873, 7.58948755264, 9.91802883148, 24.1619663239, 1.69872570038, 7.62962245941, 25.9311008453, 87.1711730957, 32.2291145325, 3.0390431881, -0.446246564388, 0.51905477047], [2.92811560631, 43.4781112671, -36.1769485474, 9.07546138763, 14.7304782867, -0.226958572865, 11.0056610107, 21.7659950256, 32.2291145325, 87.5958099365, 26.3150844574, 11.4622783661, 0.896465480328], [-2.44235777855, 14.8235349655, -16.74467659, -16.9726028442, -9.39201927185, 19.6258907318, 3.77807211876, 28.1726322174, 3.0390431881, 26.3150844574, 92.9704742432, 25.6789283752, 2.93208742142], [-10.6892938614, -7.8149471283, -0.0684970021248, -0.0635846182704, 4.49046039581, 3.99192357063, 15.9227705002, 1.79249203205, -0.446246564388, 11.4622783661, 25.6789283752, 62.3581390381, 26.5882606506], [-37.3815231323, 11.2123498917, -13.2117395401, 20.6946182251, 19.4337673187, 0.937639653683, 3.66688513756, -0.276242524385, 0.51905477047, 0.896465480328, 2.93208742142, 26.5882606506, 61.2571220398]],
