{
"lowlevel": {
    "average_loudness": 0.903520703316,
    "barkbands_crest": {
        "dmean": 3.06323456764,
        "dmean2": 4.94988489151,
        "dvar": 7.38497638702,
        "dvar2": 18.8697395325,
        "max": 26.4555091858,
        "mean": 10.2913990021,
        "median": 9.22917366028,
        "min": 2.30614304543,
        "var": 22.4838733673
    },
    "barkbands_flatness_db": {
        "dmean": 0.0257597193122,
        "dmean2": 0.0382061675191,
        "dvar": 0.000662997364998,
        "dvar2": 0.00116205308586,
        "max": 0.378251194954,
        "mean": 0.118097469211,
        "median": 0.107421986759,
        "min": 0.0209043249488,
        "var": 0.00312615255825
    },
    "barkbands_kurtosis": {
        "dmean": 4.27272510529,
        "dmean2": 6.64996480942,
        "dvar": 99.3458862305,
        "dvar2": 183.610626221,
        "max": 179.215560913,
        "mean": 5.76695346832,
        "median": 1.55193710327,
        "min": -1.87127685547,
        "var": 185.12046814
    },
    "barkbands_skewness": {
        "dmean": 0.747832596302,
        "dmean2": 1.12440299988,
        "dvar": 0.826110005379,
        "dvar2": 1.44884955883,
        "max": 12.2748947144,
        "mean": 1.68794441223,
        "median": 1.4923210144,
        "min": -5.88684558868,
        "var": 2.9903087616
    },
    "barkbands_spread": {
        "dmean": 9.98882961273,
        "dmean2": 15.4310874939,
        "dvar": 129.321304321,
        "dvar2": 273.829864502,
        "max": 99.8623046875,
        "mean": 31.9284744263,
        "median": 28.449634552,
        "min": 0.967203140259,
        "var": 389.211883545
    },
    "dissonance": {
        "dmean": 0.0159717313945,
        "dmean2": 0.02624530904,
        "dvar": 0.000402602599934,
        "dvar2": 0.00095912796678,
        "max": 0.500000119209,
        "mean": 0.46909981966,
        "median": 0.481011390686,
        "min": 0.192995429039,
        "var": 0.00121804967057
    },
    "dynamic_complexity": 4.36620998383,
    "erbbands_crest": {
        "dmean": 2.55468964577,
        "dmean2": 4.01247596741,
        "dvar": 7.88433837891,
        "dvar2": 16.9696102142,
        "max": 30.5488014221,
        "mean": 8.59539031982,
        "median": 6.62215232849,
        "min": 2.50020051003,
        "var": 31.5990161896
    },
    "erbbands_flatness_db": {
        "dmean": 0.0193773563951,
        "dmean2": 0.0265689622611,
        "dvar": 0.000445417681476,
        "dvar2": 0.000730807136279,
        "max": 0.32498845458,
        "mean": 0.132128804922,
        "median": 0.117694102228,
        "min": 0.0591920129955,
        "var": 0.0028408409562
    },
    "erbbands_kurtosis": {
        "dmean": 1.25947391987,
        "dmean2": 1.93047845364,
        "dvar": 7.85021686554,
        "dvar2": 15.3480215073,
        "max": 57.7093429565,
        "mean": 0.659162640572,
        "median": -0.750606060028,
        "min": -1.75227212906,
        "var": 20.8609142303
    },
    "erbbands_skewness": {
        "dmean": 0.452276676893,
        "dmean2": 0.678772926331,
        "dvar": 0.282330870628,
        "dvar2": 0.516243755817,
        "max": 6.2428021431,
        "mean": 0.0626680627465,
        "median": -0.0743415951729,
        "min": -4.23495769501,
        "var": 1.20019555092
    },
    "erbbands_spread": {
        "dmean": 11.7678928375,
        "dmean2": 17.9931297302,
        "dvar": 159.252807617,
        "dvar2": 380.048095703,
        "max": 131.717681885,
        "mean": 57.7433891296,
        "median": 61.0517807007,
        "min": 4.28083992004,
        "var": 620.151611328
    },
    "hfc": {
        "dmean": 9.86224746704,
        "dmean2": 13.6114244461,
        "dvar": 190.027755737,
        "dvar2": 386.244018555,
        "max": 152.284317017,
        "mean": 25.9126300812,
        "median": 18.5133781433,
        "min": 1.2449782903e-16,
        "var": 567.098388672
    },
    "melbands_crest": {
        "dmean": 4.28597640991,
        "dmean2": 6.929874897,
        "dvar": 13.4094829559,
        "dvar2": 36.8452415466,
        "max": 34.3072166443,
        "mean": 15.8375043869,
        "median": 15.2175416946,
        "min": 2.49490118027,
        "var": 33.9889450073
    },
    "melbands_flatness_db": {
        "dmean": 0.0320500470698,
        "dmean2": 0.0486400835216,
        "dvar": 0.0010760553414,
        "dvar2": 0.00194230140187,
        "max": 0.448778569698,
        "mean": 0.174470707774,
        "median": 0.169736787677,
        "min": 0.00528672384098,
        "var": 0.00486003002152
    },
    "melbands_kurtosis": {
        "dmean": 13.3849887848,
        "dmean2": 21.5140514374,
        "dvar": 609.49810791,
        "dvar2": 1301.03417969,
        "max": 471.878204346,
        "mean": 24.4534816742,
        "median": 13.0905914307,
        "min": -1.87357628345,
        "var": 1412.70983887
    },
    "melbands_skewness": {
        "dmean": 1.09644138813,
        "dmean2": 1.67923927307,
        "dvar": 1.42477095127,
        "dvar2": 3.03029346466,
        "max": 16.9501647949,
        "mean": 3.6483168602,
        "median": 3.31306385994,
        "min": -2.40369129181,
        "var": 5.84235906601
    },
    "melbands_spread": {
        "dmean": 13.3820152283,
        "dmean2": 20.559879303,
        "dvar": 451.649139404,
        "dvar2": 946.051940918,
        "max": 236.919891357,
        "mean": 32.6939659119,
        "median": 22.7759895325,
        "min": 0.882679104805,
        "var": 1175.50085449
    },
    "pitch_salience": {
        "dmean": 0.0856889560819,
        "dmean2": 0.140092715621,
        "dvar": 0.00613008672372,
        "dvar2": 0.0144197354093,
        "max": 0.86139446497,
        "mean": 0.567749023438,
        "median": 0.585889220238,
        "min": 0.0815278962255,
        "var": 0.0198990777135
    },
    "silence_rate_20dB": {
        "dmean": 0,
        "dmean2": 0,
        "dvar": 0,
        "dvar2": 0,
        "max": 1,
        "mean": 1,
        "median": 1,
        "min": 1,
        "var": 0
    },
    "silence_rate_30dB": {
        "dmean": 0.0309119019657,
        "dmean2": 0.0618716180325,
        "dvar": 0.0299559868872,
        "dvar2": 0.0843401551247,
        "max": 1,
        "mean": 0.982239365578,
        "median": 1,
        "min": 0,
        "var": 0.0174451041967
    },
    "silence_rate_60dB": {
        "dmean": 0.0463678501546,
        "dmean2": 0.0928074270487,
        "dvar": 0.0442187637091,
        "dvar2": 0.0888348668814,
        "max": 1,
        "mean": 0.161389961839,
        "median": 0,
        "min": 0,
        "var": 0.135343253613
    },
    "spectral_centroid": {
        "dmean": 385.436004639,
        "dmean2": 584.717285156,
        "dvar": 267411.53125,
        "dvar2": 439547.59375,
        "max": 11119.2021484,
        "mean": 1717.46276855,
        "median": 1602.79003906,
        "min": 286.416809082,
        "var": 830893.375
    },
    "spectral_complexity": {
        "dmean": 4.69551753998,
        "dmean2": 7.09203386307,
        "dvar": 34.9150085449,
        "dvar2": 69.0085830688,
        "max": 56,
        "mean": 16.539768219,
        "median": 15,
        "min": 0,
        "var": 145.843780518
    },
    "spectral_decrease": {
        "dmean": 2.59586308005e-09,
        "dmean2": 4.03472011357e-09,
        "dvar": 1.74105455095e-17,
        "dvar2": 3.72786148404e-17,
        "max": 8.66836993844e-29,
        "mean": -6.71429845056e-09,
        "median": -5.32468646952e-09,
        "min": -3.97689881027e-08,
        "var": 4.53709293904e-17
    },
    "spectral_energy": {
        "dmean": 0.010380839929,
        "dmean2": 0.0160396005958,
        "dvar": 0.000267479976173,
        "dvar2": 0.000565004942473,
        "max": 0.153310865164,
        "mean": 0.0276916772127,
        "median": 0.0226076003164,
        "min": 1.09651546676e-20,
        "var": 0.000711134576704
    },
    "spectral_energyband_high": {
        "dmean": 0.000922836537939,
        "dmean2": 0.0012440365972,
        "dvar": 2.03234253604e-06,
        "dvar2": 3.69403414879e-06,
        "max": 0.0159223619848,
        "mean": 0.00183525157627,
        "median": 0.000876380363479,
        "min": 7.38968828028e-21,
        "var": 6.01471037953e-06
    },
    "spectral_energyband_low": {
        "dmean": 0.00626119785011,
        "dmean2": 0.0103027420118,
        "dvar": 0.000202389695914,
        "dvar2": 0.000466429250082,
        "max": 0.129486218095,
        "mean": 0.0100193964317,
        "median": 0.00242705782875,
        "min": 7.52115070058e-23,
        "var": 0.00035737734288
    },
    "spectral_energyband_middle_high": {
        "dmean": 0.00156162912026,
        "dmean2": 0.00229459628463,
        "dvar": 6.68389247949e-06,
        "dvar2": 1.31914403028e-05,
        "max": 0.0450033694506,
        "mean": 0.00445814104751,
        "median": 0.00177717558108,
        "min": 1.73216749758e-21,
        "var": 4.15280665038e-05
    },
    "spectral_energyband_middle_low": {
        "dmean": 0.00559472991154,
        "dmean2": 0.00873933546245,
        "dvar": 6.13953234279e-05,
        "dvar2": 0.000145801182953,
        "max": 0.0789805352688,
        "mean": 0.0127063663676,
        "median": 0.00866717565805,
        "min": 3.722013368e-22,
        "var": 0.000176363275386
    },
    "spectral_entropy": {
        "dmean": 0.208237454295,
        "dmean2": 0.28481528163,
        "dvar": 0.0669278055429,
        "dvar2": 0.0959852486849,
        "max": 9.80406951904,
        "mean": 7.83795309067,
        "median": 7.92169141769,
        "min": 5.29267120361,
        "var": 0.250127673149
    },
    "spectral_flux": {
        "dmean": 0.0305939223617,
        "dmean2": 0.0478422492743,
        "dvar": 0.00118139374536,
        "dvar2": 0.00259567075409,
        "max": 0.334865450859,
        "mean": 0.0928443968296,
        "median": 0.0823196992278,
        "min": 1.04714632798e-10,
        "var": 0.00361262424849
    },
    "spectral_kurtosis": {
        "dmean": 0.803922891617,
        "dmean2": 1.21665418148,
        "dvar": 1.11889278889,
        "dvar2": 2.42054867744,
        "max": 14.9764480591,
        "mean": 2.32504987717,
        "median": 1.95126390457,
        "min": -1.20365905762,
        "var": 2.6192984581
    },
    "spectral_rms": {
        "dmean": 0.000906901608687,
        "dmean2": 0.00134398846421,
        "dvar": 1.22026608551e-06,
        "dvar2": 2.34275807998e-06,
        "max": 0.0122299455106,
        "mean": 0.0045477016829,
        "median": 0.00469640223309,
        "min": 3.27073567882e-12,
        "var": 6.3346310526e-06
    },
    "spectral_rolloff": {
        "dmean": 1093.66796875,
        "dmean2": 1783.70935059,
        "dvar": 3432227.5,
        "dvar2": 6621805.5,
        "max": 19552.1484375,
        "mean": 2650.77734375,
        "median": 1658.05664062,
        "min": 64.599609375,
        "var": 8718356
    },
    "spectral_skewness": {
        "dmean": 0.166075050831,
        "dmean2": 0.239575073123,
        "dvar": 0.0379737839103,
        "dvar2": 0.0739330500364,
        "max": 3.35218000412,
        "mean": 1.20038950443,
        "median": 1.16384577751,
        "min": -0.239631459117,
        "var": 0.145163863897
    },
    "spectral_spread": {
        "dmean": 830684.0625,
        "dmean2": 1114172.25,
        "dvar": 1.55011291546e+12,
        "dvar2": 2.03322268058e+12,
        "max": 40799336,
        "mean": 6261106.5,
        "median": 6016521,
        "min": 2650731.5,
        "var": 3.341811712e+12
    },
    "spectral_strongpeak": {
        "dmean": 0.446196854115,
        "dmean2": 0.721568822861,
        "dvar": 0.498496770859,
        "dvar2": 1.20461273193,
        "max": 9.54299545288,
        "mean": 0.885688662529,
        "median": 0.403388053179,
        "min": 0,
        "var": 1.52896559238
    },
    "zerocrossingrate": {
        "dmean": 0.0212606117129,
        "dmean2": 0.0232664309442,
        "dvar": 0.000824213318992,
        "dvar2": 0.000763129850384,
        "max": 0.513671875,
        "mean": 0.0995117202401,
        "median": 0.07958984375,
        "min": 0.015625,
        "var": 0.00468095950782
    },
    "barkbands": {
        "dmean": [0.000647732755169, 0.00406586937606, 0.00243582064286, 0.00254288921133, 0.00194143527187, 0.00191940017976, 0.00115563895088, 0.000356152129825, 0.000491846352816, 0.000407528335927, 0.000514076033141, 0.000479826703668, 0.000267591589363, 0.000193276559003, 0.000269619340543, 0.000223005088628, 0.000204156152904, 0.000223953582463, 0.000217389810132, 0.000213437670027, 0.000182441450306, 0.000207061879337, 0.000222416158067, 0.000154588720761, 0.000119489006465, 0.000112716152216, 5.47360787095e-06],
        "dmean2": [0.00108964426909, 0.00684814853594, 0.00438146619126, 0.00427050795406, 0.00309863616712, 0.00292045623064, 0.00196357653476, 0.000546518072952, 0.000746080710087, 0.000612122530583, 0.000789222773165, 0.00068128015846, 0.000428058760008, 0.000330735667376, 0.000429505947977, 0.000352434552042, 0.000313967379043, 0.000379141769372, 0.000352906732587, 0.000332230440108, 0.000279927509837, 0.000291853415547, 0.000321607920341, 0.000219728506636, 0.000179637383553, 0.000165370554896, 8.35555329104e-06],
        "dvar": [3.7339791561e-06, 0.000140868985909, 2.94380988635e-05, 2.05502019526e-05, 1.60223244166e-05, 1.613074528e-05, 7.99383542471e-06, 2.31701574194e-06, 2.95352174362e-06, 2.70947316494e-06, 4.86378621645e-06, 4.29170268035e-06, 6.6838128987e-07, 4.57611548654e-07, 3.92769919699e-07, 5.07337745148e-07, 2.97857610576e-07, 2.29920374295e-07, 1.24632421716e-07, 1.20772170931e-07, 1.31034639139e-07, 1.48501129615e-07, 1.56994616418e-07, 5.98094942461e-08, 3.79239821768e-08, 3.88430976273e-08, 9.25622703485e-11],
        "dvar2": [1.0646631381e-05, 0.000354024319677, 8.92606331035e-05, 5.61805245525e-05, 3.68416986021e-05, 3.58630131814e-05, 2.14188257814e-05, 4.40779695055e-06, 5.37497317055e-06, 6.41427732262e-06, 1.12878269647e-05, 8.67321068654e-06, 1.62658329828e-06, 1.18584978281e-06, 9.80483832791e-07, 1.06171876268e-06, 6.6641871399e-07, 6.32780881915e-07, 3.12138666914e-07, 2.81011210745e-07, 2.97420712059e-07, 3.00874688719e-07, 3.13423868192e-07, 1.10596268144e-07, 9.06964032765e-08, 8.70087788485e-08, 2.16635542838e-10],
        "max": [0.0257585979998, 0.0951356217265, 0.0711807385087, 0.0449084453285, 0.0709185525775, 0.0496122837067, 0.0451058931649, 0.0346996560693, 0.0589107722044, 0.0333660952747, 0.0360926650465, 0.0355633199215, 0.0132229123265, 0.0102312043309, 0.00822468195111, 0.0119510339573, 0.0131875704974, 0.00845059193671, 0.00367815117352, 0.00334005127661, 0.00729440804571, 0.00717076240107, 0.00447420217097, 0.00281533808447, 0.00226177694276, 0.00182316638529, 7.94548468548e-05],
        "mean": [0.000764034863096, 0.00455773994327, 0.0034839976579, 0.00325248483568, 0.00318309059367, 0.00334569462575, 0.0014159262646, 0.000503199116793, 0.000786239572335, 0.000591905030888, 0.000695555878337, 0.000631904345937, 0.000365032377886, 0.000242553694989, 0.000431705848314, 0.000330259790644, 0.000415738351876, 0.000305459776428, 0.000362908322131, 0.000357200449798, 0.000331261311658, 0.000381999183446, 0.000375538453227, 0.000271164608421, 0.000164151919307, 0.000139317431604, 5.61674187338e-06],
        "median": [4.10897046095e-05, 0.000122975165141, 0.000839999411255, 0.00131639570463, 0.0013703458244, 0.000625140964985, 0.000294066529023, 0.000103386875708, 9.42972619669e-05, 8.70878066053e-05, 4.45748810307e-05, 6.17419791524e-05, 9.0839312179e-05, 6.25598768238e-05, 0.000189832600881, 9.15138443816e-05, 0.000118771829875, 0.000125656428281, 0.000193413186935, 0.000166660160176, 0.000138748277095, 0.00014044107229, 0.00013603491243, 0.000120069104014, 8.11455829535e-05, 4.04196871386e-05, 1.2039952253e-06],
        "min": [1.45667284003e-23, 3.82628588597e-23, 2.16279911792e-23, 1.0935133859e-23, 1.16124932196e-22, 6.70282868045e-23, 3.21099299702e-23, 5.15730470117e-23, 8.17003044698e-23, 6.48673443496e-23, 1.54306847616e-22, 1.49960539573e-22, 2.09283535978e-22, 1.0042530014e-22, 8.85103576489e-23, 1.09341851749e-22, 9.08879781063e-23, 2.75497465893e-22, 3.2079065314e-22, 2.57803606089e-22, 3.83026729852e-22, 4.8128734518e-22, 5.16682991261e-22, 9.46988111538e-22, 1.06274341507e-21, 1.68956406096e-21, 2.46331478361e-21],
        "var": [4.3552417992e-06, 0.000176621877472, 3.5777768062e-05, 2.49205586442e-05, 3.59409059456e-05, 4.18416020693e-05, 1.05460067061e-05, 4.64348931928e-06, 1.16686214824e-05, 4.67266272608e-06, 8.28910651762e-06, 7.78474895924e-06, 9.57262841439e-07, 5.09272240379e-07, 6.52621849895e-07, 8.41974554078e-07, 1.31917545332e-06, 3.03708617366e-07, 2.04611936283e-07, 2.24868244914e-07, 3.34853581307e-07, 4.61456806988e-07, 4.06858418955e-07, 1.55421517434e-07, 4.82330797524e-08, 5.09152648931e-08, 1.04970566961e-10]
    },
    "erbbands": {
        "dmean": [0.172174841166, 0.828111052513, 2.45914340019, 5.60041570663, 7.69779396057, 6.24310016632, 11.1464662552, 17.203294754, 19.1362571716, 9.51907730103, 8.23694419861, 11.3345355988, 12.5787811279, 12.3729467392, 17.9377861023, 14.3756113052, 10.7772331238, 10.0284852982, 11.3612394333, 13.195555687, 10.3081588745, 10.2360868454, 11.1805973053, 11.2599372864, 10.6242990494, 10.0492343903, 7.36941385269, 7.51313972473, 7.73460435867, 7.09920549393, 5.9387755394, 3.26256012917, 2.69905805588, 1.38414680958, 0.87097042799, 0.510473310947, 0.212858736515, 0.0284631475806, 0.000699196010828, 3.11538169626e-05],
        "dmean2": [0.298139661551, 1.42852687836, 4.38111352921, 9.61821651459, 12.8239297867, 9.91611385345, 17.7221508026, 26.6775131226, 32.460269928, 15.7068471909, 11.9889602661, 16.1278419495, 18.9471073151, 19.4119815826, 25.0342407227, 20.0164375305, 16.9671955109, 16.326833725, 18.2339401245, 20.1148281097, 15.0875797272, 15.2393140793, 18.7333431244, 18.2991390228, 16.9240894318, 15.807557106, 10.8852643967, 11.526058197, 11.223487854, 10.2776203156, 8.53464317322, 4.72042131424, 3.80342507362, 2.08747172356, 1.29827821255, 0.763761281967, 0.314125984907, 0.0416328422725, 0.00103812234011, 4.45989462605e-05],
        "dvar": [0.272922754288, 6.09830999374, 35.1317329407, 102.057754517, 174.226593018, 304.299377441, 735.802185059, 1431.98376465, 2514.18017578, 623.17980957, 1354.2331543, 1951.39855957, 1860.43078613, 3074.52880859, 4559.1796875, 2770.5559082, 866.027832031, 1278.56152344, 948.320983887, 1074.19616699, 702.849121094, 729.967529297, 568.796508789, 394.094024658, 330.508636475, 266.067077637, 240.918395996, 181.067596436, 232.002975464, 166.615219116, 115.20967865, 36.6120071411, 16.708574295, 4.86112594604, 2.07368540764, 0.679018378258, 0.169361367822, 0.00253156502731, 1.48405388245e-06, 2.27466556701e-09],
        "dvar2": [0.764948129654, 16.0882740021, 101.899833679, 291.080993652, 454.045623779, 645.870178223, 1558.85766602, 3259.90112305, 6906.81738281, 1441.12097168, 2419.50366211, 3059.79321289, 4348.98291016, 6877.92333984, 9525.15625, 5257.03369141, 2142.48706055, 3356.65112305, 2226.78759766, 2295.9206543, 1433.8326416, 1429.84692383, 1557.62744141, 1036.67431641, 813.708068848, 620.562194824, 557.542053223, 398.124084473, 506.234130859, 313.314727783, 234.713027954, 74.5360794067, 31.3233127594, 11.6167869568, 4.79478120804, 1.45344126225, 0.396708548069, 0.00555654382333, 3.28821215589e-06, 4.76221950763e-09],
        "max": [4.42113161087, 22.6962928772, 71.9315185547, 89.1316680908, 207.248001099, 366.500671387, 402.779663086, 516.912963867, 811.485107422, 388.340301514, 1013.70318604, 1784.75024414, 994.171447754, 1236.39550781, 1467.59301758, 1043.53527832, 484.516235352, 516.689208984, 504.18145752, 482.542388916, 441.165802002, 712.300537109, 426.567504883, 201.68522644, 224.833450317, 169.067276001, 331.840667725, 173.991989136, 271.226409912, 178.080062866, 137.177581787, 88.539100647, 36.3578987122, 19.9433803558, 22.1003608704, 9.15336418152, 4.47470998764, 0.433561146259, 0.0123788509518, 0.000443611934315],
        "mean": [0.167362928391, 0.930081903934, 3.57404303551, 7.62278461456, 11.1867866516, 10.2681341171, 18.0292282104, 28.3135738373, 25.0338153839, 12.3691644669, 13.8457393646, 18.9708957672, 17.9294776917, 18.2982006073, 37.4052772522, 21.7874641418, 16.6498947144, 13.9755764008, 17.5578765869, 23.7139835358, 18.9264831543, 21.7194576263, 17.7585811615, 18.2571392059, 18.444021225, 16.7928676605, 13.3263616562, 13.5210123062, 13.6314249039, 13.1259822845, 9.94346046448, 5.94158792496, 4.32065629959, 1.97762048244, 1.15176510811, 0.649446070194, 0.255254626274, 0.0332269780338, 0.000817605585326, 6.11485811532e-05],
        "median": [0.00329255824909, 0.0527083985507, 0.858012616634, 3.43117570877, 4.96714305878, 4.19748210907, 5.22593784332, 5.11234760284, 5.24095916748, 4.27673435211, 2.81465125084, 2.57605361938, 3.19615530968, 3.00168919563, 2.24208855629, 3.07522964478, 4.82099056244, 3.76720428467, 6.8330245018, 9.68442344666, 5.64325237274, 6.27681684494, 7.24268388748, 9.48846912384, 10.0331506729, 7.49549293518, 5.48465633392, 5.77312040329, 5.08974266052, 4.45463275909, 3.52549338341, 2.38117218018, 2.00492429733, 1.02392303944, 0.48029756546, 0.217750817537, 0.0696695446968, 0.00816339347512, 0.000210849626455, 4.23833116656e-05],
        "min": [9.08481399995e-22, 1.00086244946e-20, 1.94061418466e-20, 4.29499768266e-20, 1.95622696023e-19, 4.78100519587e-19, 2.35107425856e-19, 6.39896427017e-19, 7.61901069574e-19, 6.31347463687e-19, 1.01511811568e-18, 1.47392552636e-18, 2.54651439323e-18, 5.39344175979e-18, 4.04171572873e-18, 5.98104398358e-18, 8.89484848907e-18, 7.93214425932e-18, 4.37907224257e-18, 3.87952587653e-18, 6.35250143177e-18, 5.82725704564e-18, 1.74898721302e-17, 1.08742933493e-17, 1.8438181763e-17, 1.26709288126e-17, 1.46936195024e-17, 1.42720998427e-17, 1.96863245154e-17, 1.19742615842e-17, 1.90778074434e-17, 1.98123041227e-17, 1.3922662356e-17, 1.12971877831e-17, 7.87401083305e-18, 6.9557427458e-18, 3.00393968851e-18, 1.24450925821e-18, 3.26158246108e-19, 3.97174486968e-20],
        "var": [0.279079943895, 6.80485105515, 40.9901046753, 122.496429443, 314.618896484, 588.820495605, 1846.38146973, 3203.90966797, 3250.53588867, 850.835205078, 4027.99804688, 7767.42480469, 3537.34545898, 5663.54345703, 24015.8945312, 5669.01464844, 1463.97729492, 1444.84057617, 1486.4630127, 2050.48950195, 2142.66381836, 3574.14672852, 1100.02600098, 601.121154785, 526.986755371, 496.302978516, 647.72668457, 405.09967041, 598.16809082, 520.375427246, 295.646850586, 102.679824829, 35.4973831177, 6.53252458572, 2.69265604019, 0.950573980808, 0.204435929656, 0.00330491713248, 1.88977503512e-06, 4.06569311551e-09]
    },
    "gfcc": {
        "mean": [-3.93578791618, 44.2182273865, -99.9161682129, 42.5514602661, -67.0999908447, 9.3720293045, -51.5155105591, 3.78823423386, -33.75573349, 3.4502632618, -21.5265979767, 1.92117619514, -17.4407749176],
        "cov": [[10213.4472656, 451.821472168, -145.463088989, 197.144485474, 206.979019165, 350.056274414, 201.199615479, 234.907211304, 80.312828064, 145.76461792, -128.473403931, -18.6560401917, -62.4503974915], [451.821472168, 1350.9708252, -28.7180500031, 148.291793823, 187.723403931, -13.5955266953, 44.4926795959, -29.1229381561, 61.7411613464, -67.7407226562, 52.3547363281, -134.932678223, 63.4305992126], [-145.463088989, -28.7180500031, 919.088562012, 393.99810791, 189.142074585, 73.4809112549, 28.9869823456, 47.5229187012, 44.8715591431, 93.7592926025, -70.4476547241, 36.7064361572, -50.3496704102], [197.144485474, 148.291793823, 393.99810791, 631.728149414, 242.458770752, 57.3111228943, 21.7092247009, 27.9258785248, 128.982162476, 45.8180198669, -84.222366333, -39.4990539551, -35.4312553406], [206.979019165, 187.723403931, 189.142074585, 242.458770752, 447.602294922, 147.643493652, 68.3998031616, 108.893959045, 72.012512207, 47.8147201538, -45.1695518494, 5.26795864105, 6.78053092957], [350.056274414, -13.5955266953, 73.4809112549, 57.3111228943, 147.643493652, 285.873809814, 172.947067261, 43.2542457581, 2.25211954117, 40.268245697, -8.47233581543, -16.1824855804, -33.1641921997], [201.199615479, 44.4926795959, 28.9869823456, 21.7092247009, 68.3998031616, 172.947067261, 217.821731567, 46.9623031616, -7.93840885162, 33.5322341919, 10.4804525375, -27.3162097931, -26.2326507568], [234.907211304, -29.1229381561, 47.5229187012, 27.9258785248, 108.893959045, 43.2542457581, 46.9623031616, 150.165039062, 71.1128616333, 29.0584430695, -9.88413238525, 18.4099826813, 17.7806453705], [80.312828064, 61.7411613464, 44.8715591431, 128.982162476, 72.012512207, 2.25211954117, -7.93840885162, 71.1128616333, 159.794067383, 40.8643188477, -19.1552200317, -5.55411911011, 8.97071266174], [145.76461792, -67.7407226562, 93.7592926025, 45.8180198669, 47.8147201538, 40.268245697, 33.5322341919, 29.0584430695, 40.8643188477, 117.143280029, 19.1831645966, 12.9132547379, -15.6027593613], [-128.473403931, 52.3547363281, -70.4476547241, -84.222366333, -45.1695518494, -8.47233581543, 10.4804525375, -9.88413238525, -19.1552200317, 19.1831645966, 125.761810303, 39.991104126, 32.3217658997], [-18.6560401917, -134.932678223, 36.7064361572, -39.4990539551, 5.26795864105, -16.1824855804, -27.3162097931, 18.4099826813, -5.55411911011, 12.9132547379, 39.991104126, 119.036453247, 40.2635116577], [-62.4503974915, 63.4305992126, -50.3496704102, -35.4312553406, 6.78053092957, -33.1641921997, -26.2326507568, 17.7806453705, 8.97071266174, -15.6027593613, 32.3217658997, 40.2635116577, 96.9668807983]],
        "icov": [[0.000125895181554, -0.000144704375998, 0.000126194790937, -0.000115485076094, 0.000191942846868, -0.000250177952694, 0.000151075277245, -0.000370201276382, 0.000246896786848, -0.00033112365054, 0.000335420918418, -0.000284371752059, 0.000138987641549], [-0.000144704375998, 0.0015354892239, -0.000374569441192, 0.000255654653301, -0.00129699718673, 0.00100357923657, -0.000926873239223, 0.0015419900883, -0.0012738663936, 0.00164273381233, -0.00193212088197, 0.00251799030229, -0.00131761212833], [0.000126194790937, -0.000374569441192, 0.00197974662296, -0.00132245267741, 0.000428417668445, -0.000462926254841, 0.000435138237663, -0.00110167823732, 0.00139778968878, -0.00169702083804, 0.00130928645376, -0.00175869453233, 0.000893963035196], [-0.000115485076094, 0.000255654653301, -0.00132245267741, 0.00355158932507, -0.00175169773865, 0.000781808514148, -0.0008319443441, 0.0024203308858, -0.00307005085051, 0.000967705331277, 0.000101274068584, 0.00119411211926, 5.88262594192e-07], [0.000191942846868, -0.00129699718673, 0.000428417668445, -0.00175169773865, 0.00535745872185, -0.0031181264203, 0.00186379009392, -0.0040117171593, 0.00196365406737, -0.00213625957258, 0.00239218445495, -0.00223217834719, -4.27222475992e-05], [-0.000250177952694, 0.00100357923657, -0.000462926254841, 0.000781808514148, -0.0031181264203, 0.00907232426107, -0.00674861762673, 0.00255037192255, -0.0013087062398, 0.000975699047558, -0.000911213632207, 0.0009131533443, 0.00045786058763], [0.000151075277245, -0.000926873239223, 0.000435138237663, -0.0008319443441, 0.00186379009392, -0.00674861762673, 0.01122884918, -0.00473288213834, 0.00319143827073, -0.00217953789979, -0.000707562430762, 0.00107676361222, 0.00123551895376], [-0.000370201276382, 0.0015419900883, -0.00110167823732, 0.0024203308858, -0.0040117171593, 0.00255037192255, -0.00473288213834, 0.0143661601469, -0.007356045302, 0.00209101382643, -0.000706602062564, 0.000631830596831, -0.00270651094615], [0.000246896786848, -0.0012738663936, 0.00139778968878, -0.00307005085051, 0.00196365406737, -0.0013087062398, 0.00319143827073, -0.007356045302, 0.0128877852112, -0.0052354093641, 0.00236314279027, -0.000781706301495, -0.000274159916444], [-0.00033112365054, 0.00164273381233, -0.00169702083804, 0.000967705331277, -0.00213625957258, 0.000975699047558, -0.00217953789979, 0.00209101382643, -0.0052354093641, 0.0143160717562, -0.00559580791742, 0.00156683463138, 0.00169716193341], [0.000335420918418, -0.00193212088197, 0.00130928645376, 0.000101274068584, 0.00239218445495, -0.000911213632207, -0.000707562430762, -0.000706602062564, 0.00236314279027, -0.00559580791742, 0.0143469506875, -0.00634893774986, -0.00160901888739], [-0.000284371752059, 0.00251799030229, -0.00175869453233, 0.00119411211926, -0.00223217834719, 0.0009131533443, 0.00107676361222, 0.000631830596831, -0.000781706301495, 0.00156683463138, -0.00634893774986, 0.0165026765317, -0.0060749980621], [0.000138987641549, -0.00131761212833, 0.000893963035196, 5.88262594192e-07, -4.27222475992e-05, 0.00045786058763, 0.00123551895376, -0.00270651094615, -0.000274159916444, 0.00169716193341, -0.00160901888739, -0.0060749980621, 0.0160760451108]]
    },
    "melbands": {
        "dmean": [0.00127979100216, 0.00114051939454, 0.00102681969292, 0.000458768481622, 0.000351774622686, 0.000371828646166, 0.000277051323792, 9.30419992073e-05, 6.78005453665e-05, 7.33579654479e-05, 6.34319148958e-05, 5.17229709658e-05, 5.92227079323e-05, 5.85284433328e-05, 2.31765116041e-05, 2.87916464004e-05, 1.9343708118e-05, 1.90655973711e-05, 1.93497271539e-05, 1.75275763468e-05, 1.33871590151e-05, 1.25585020214e-05, 1.26175063997e-05, 1.0187166481e-05, 9.67947471509e-06, 8.65415495355e-06, 8.16840565676e-06, 6.6882075771e-06, 4.98073222843e-06, 4.69195174446e-06, 4.63529522676e-06, 4.75004026157e-06, 3.94872358811e-06, 4.53180291515e-06, 4.12567533203e-06, 2.46305216933e-06, 1.99678061108e-06, 2.09331687984e-06, 1.51640313106e-06, 1.11579709028e-06],
        "dmean2": [0.0021295978222, 0.00199251691811, 0.00173268606886, 0.000736948626582, 0.000558809726499, 0.000579503539484, 0.00047501118388, 0.000150328109157, 0.000102962680103, 0.000105724662717, 9.5837887784e-05, 8.10264391475e-05, 8.50079595693e-05, 8.36910112412e-05, 3.40799051628e-05, 4.35962901975e-05, 3.25979090121e-05, 3.12858937832e-05, 2.97571023111e-05, 2.75674501609e-05, 2.01251277758e-05, 1.84281016118e-05, 1.99273599719e-05, 1.71450647031e-05, 1.57804643095e-05, 1.44286095747e-05, 1.29670243041e-05, 1.05822491605e-05, 7.5841371654e-06, 7.23726088836e-06, 7.20540492694e-06, 7.14261022949e-06, 5.73829038331e-06, 6.67632730256e-06, 6.12697158431e-06, 3.69446888726e-06, 2.95498239211e-06, 2.96254643217e-06, 2.31291983255e-06, 1.73102182544e-06],
        "dvar": [1.39265675898e-05, 8.65226684255e-06, 3.19153696182e-06, 9.39285314416e-07, 6.56091231122e-07, 6.55871986055e-07, 4.99014788602e-07, 6.41513508981e-08, 9.42713782592e-08, 7.33508827011e-08, 4.67643346269e-08, 5.62511424107e-08, 4.99745951288e-08, 5.99819856006e-08, 5.36033173404e-09, 9.04401442625e-09, 5.36623412373e-09, 3.07700043223e-09, 2.07855244128e-09, 3.87783183342e-09, 1.32198096914e-09, 1.40851874608e-09, 1.37555955515e-09, 3.78663350675e-10, 2.97921382009e-10, 2.32055527571e-10, 1.78348946722e-10, 1.24357912856e-10, 1.10921584418e-10, 1.03546317354e-10, 7.2977748844e-11, 9.48913933541e-11, 5.44552979098e-11, 6.65538527067e-11, 5.97760660415e-11, 2.39915899647e-11, 1.33716275899e-11, 1.08152219819e-11, 5.23210511374e-12, 3.49025734529e-12],
        "dvar2": [3.62795435649e-05, 2.39509045059e-05, 8.94808454177e-06, 2.22743415179e-06, 1.41810357945e-06, 1.52417078425e-06, 1.39994210713e-06, 1.46471165863e-07, 1.75210999487e-07, 1.18564223328e-07, 1.10858707103e-07, 1.26791974253e-07, 1.10298500999e-07, 1.32955364052e-07, 1.02669686086e-08, 2.10630393127e-08, 1.44802463353e-08, 7.39985628329e-09, 4.86228834973e-09, 7.57682450114e-09, 2.70789990431e-09, 2.96199353933e-09, 3.08401149063e-09, 1.0121656846e-09, 7.76653352741e-10, 6.03828320678e-10, 4.44997066973e-10, 2.89823498534e-10, 2.72257216771e-10, 2.29049432199e-10, 1.69580058329e-10, 2.18190715495e-10, 1.09842211715e-10, 1.32682947962e-10, 1.31612401533e-10, 5.21161655498e-11, 2.90070641118e-11, 2.16336133035e-11, 1.07308086028e-11, 8.71061209273e-12],
        "max": [0.0322290286422, 0.0322355143726, 0.0160324964672, 0.0198018364608, 0.0121961031109, 0.0102408798411, 0.011044755578, 0.0038154933136, 0.00873429048806, 0.00990170612931, 0.00490576308221, 0.00548788625747, 0.0044302502647, 0.00446201534942, 0.00127923500258, 0.00175896368455, 0.00116948480718, 0.000757759087719, 0.000655360985547, 0.00121737190057, 0.000661801255774, 0.000867314520292, 0.000771820428781, 0.000220709160203, 0.000175206499989, 0.000182282426977, 0.0001548883738, 0.000112052199256, 0.000221255832002, 0.000283995643258, 9.13252733881e-05, 0.000159178074682, 0.000158471390023, 9.16694480111e-05, 9.1361158411e-05, 7.10748208803e-05, 4.95654203405e-05, 3.14187054755e-05, 1.95270931727e-05, 1.73427997652e-05],
        "mean": [0.00139158719685, 0.00162571447436, 0.00149908021558, 0.000771146151237, 0.000584521389101, 0.000641640333924, 0.000362358056009, 0.000118656382256, 0.000120703283756, 0.000115277485747, 8.73891622177e-05, 7.03545083525e-05, 0.000108181811811, 8.87202841113e-05, 3.36829689331e-05, 3.90368695662e-05, 2.36530195252e-05, 2.61687855527e-05, 3.2059775549e-05, 2.69924257736e-05, 2.23545739573e-05, 2.31755839195e-05, 1.9600169253e-05, 1.39947524076e-05, 1.4876422938e-05, 1.32411132654e-05, 1.3410788597e-05, 1.04626951725e-05, 8.27119856694e-06, 8.02747399575e-06, 7.68969312048e-06, 7.80616846896e-06, 7.1124313763e-06, 7.57429779696e-06, 6.25189431958e-06, 4.21718914367e-06, 3.39822031492e-06, 3.24703387378e-06, 2.25554435929e-06, 1.48403637468e-06],
        "median": [3.26582121488e-05, 0.000310120696668, 0.000726716942154, 0.000346937042195, 0.000192109437194, 0.000114288959594, 7.24897472537e-05, 3.67300017388e-05, 2.04466596188e-05, 1.45289895954e-05, 1.45991980389e-05, 1.02255189631e-05, 6.41812994218e-06, 7.43724467611e-06, 7.64627475291e-06, 9.29126781557e-06, 5.84430290473e-06, 8.52501943882e-06, 1.28315023176e-05, 9.07762569113e-06, 5.7068177739e-06, 5.89002274864e-06, 6.5271733547e-06, 5.72355202166e-06, 7.36421952752e-06, 6.76912623021e-06, 6.85327404426e-06, 4.27007944381e-06, 3.26739495904e-06, 2.91538572128e-06, 3.30160901285e-06, 2.85111968878e-06, 2.33592686527e-06, 2.44070224653e-06, 2.04860020858e-06, 1.5578015109e-06, 1.34277013331e-06, 1.48108142639e-06, 1.13247256195e-06, 7.63396712955e-07],
        "min": [1.18921278444e-23, 1.16334193329e-23, 9.12990061924e-24, 2.81650795523e-23, 1.01999612493e-23, 1.40142591317e-23, 1.11638688117e-23, 8.1053509525e-24, 8.65808448955e-24, 1.03565706494e-23, 1.255453198e-23, 2.07407892958e-23, 1.51403738511e-23, 1.80472205795e-23, 1.18594824136e-23, 2.40518546629e-23, 1.34845690105e-23, 6.09508408595e-24, 7.05322823055e-24, 6.29529856142e-24, 7.44404333363e-24, 5.70938237926e-24, 1.09486407355e-23, 1.40004761539e-23, 7.85003533167e-24, 1.22472919566e-23, 1.37372458916e-23, 6.69133513483e-24, 8.46845889401e-24, 9.27251957115e-24, 7.86324875183e-24, 1.18781555401e-23, 8.37785348588e-24, 5.53105958277e-24, 1.25925440316e-23, 7.20853206582e-24, 1.42478092913e-23, 9.81594060521e-24, 9.60407544303e-24, 9.4326685901e-24],
        "var": [1.71513438545e-05, 1.01533087218e-05, 4.27928716817e-06, 2.24461700782e-06, 1.60040713126e-06, 1.53604128172e-06, 6.49196238101e-07, 8.71853131912e-08, 3.39782559422e-07, 2.54411105516e-07, 9.18201337186e-08, 9.86651329526e-08, 1.82697277751e-07, 1.37693390911e-07, 1.11085602938e-08, 1.30201369686e-08, 5.50652456965e-09, 4.27907931311e-09, 3.77222031389e-09, 5.50766987573e-09, 3.88597998224e-09, 4.66485383654e-09, 3.10107495238e-09, 4.78609096799e-10, 4.49673853709e-10, 3.12604248043e-10, 2.99003349857e-10, 2.20677809359e-10, 2.31076421886e-10, 2.85768186892e-10, 1.34035116339e-10, 2.00507790926e-10, 1.94889701599e-10, 1.72282424438e-10, 1.21510912443e-10, 6.17606313313e-11, 3.28101261438e-11, 2.15010856341e-11, 8.89294454048e-12, 4.05432415071e-12]
    },
    "mfcc": {
        "mean": [-650.262817383, 74.8286361694, 17.1332378387, 28.3200283051, 5.85332345963, 3.04091238976, -5.97674942017, -4.03360700607, -9.63423061371, -3.41604495049, -5.973965168, -6.1661605835, -2.91035509109],
        "cov": [[8214.05371094, 490.23324585, -188.211654663, 101.858345032, 42.6764259338, 218.530090332, 157.662307739, 127.923446655, 162.208404541, 236.135360718, 70.3926315308, -22.8639945984, 70.900428772], [490.23324585, 1015.31396484, -54.5678901672, 74.2196273804, 121.6144104, 9.69042491913, 76.557723999, -1.2089215517, 20.0342998505, 31.4698219299, -0.0613250508904, -26.1339626312, -0.840972959995], [-188.211654663, -54.5678901672, 654.340454102, 263.227874756, 67.9850158691, 115.694610596, -1.20609045029, 10.4660425186, 41.5459976196, 34.1969985962, 34.1806793213, 19.1668872833, 9.23843860626], [101.858345032, 74.2196273804, 263.227874756, 514.406311035, 248.902481079, 113.521118164, -45.1326332092, 30.8914241791, 125.351127625, 48.6593399048, 44.4161376953, 28.5064964294, 10.7981233597], [42.6764259338, 121.6144104, 67.9850158691, 248.902481079, 358.803192139, 87.8859786987, 1.16007196903, 70.8125610352, 129.340576172, 45.8067512512, 38.0608444214, 10.4689416885, 30.6876773834], [218.530090332, 9.69042491913, 115.694610596, 113.521118164, 87.8859786987, 268.844604492, 116.292892456, 55.9635467529, 66.7832107544, 79.5160675049, 55.7579803467, 1.54497599602, 17.0302810669], [157.662307739, 76.557723999, -1.20609045029, -45.1326332092, 1.16007196903, 116.292892456, 238.73550415, 63.0300292969, 10.6651678085, 54.6296424866, 28.1853179932, -13.2568693161, 28.3837566376], [127.923446655, -1.2089215517, 10.4660425186, 30.8914241791, 70.8125610352, 55.9635467529, 63.0300292969, 136.560913086, 68.4841537476, 36.4853820801, 22.7195472717, -5.57425689697, 20.3631858826], [162.208404541, 20.0342998505, 41.5459976196, 125.351127625, 129.340576172, 66.7832107544, 10.6651678085, 68.4841537476, 168.426483154, 70.3835449219, 46.1189994812, 15.4068384171, 14.9215202332], [236.135360718, 31.4698219299, 34.1969985962, 48.6593399048, 45.8067512512, 79.5160675049, 54.6296424866, 36.4853820801, 70.3835449219, 147.978912354, 64.573387146, -11.9110002518, 5.64418315887], [70.3926315308, -0.0613250508904, 34.1806793213, 44.4161376953, 38.0608444214, 55.7579803467, 28.1853179932, 22.7195472717, 46.1189994812, 64.573387146, 98.1939086914, 28.3036422729, 9.94093036652], [-22.8639945984, -26.1339626312, 19.1668872833, 28.5064964294, 10.4689416885, 1.54497599602, -13.2568693161, -5.57425689697, 15.4068384171, -11.9110002518, 28.3036422729, 81.7087554932, 31.6907482147], [70.900428772, -0.840972959995, 9.23843860626, 10.7981233597, 30.6876773834, 17.0302810669, 28.3837566376, 20.3631858826, 14.9215202332, 5.64418315887, 9.94093036652, 31.6907482147, 76.7703781128]],
