{
"lowlevel": {
    "average_loudness": 0.968622088432,
    "barkbands_crest": {
        "dmean": 3.10883569717,
        "dmean2": 4.98407125473,
        "dvar": 6.88063955307,
        "dvar2": 15.96189785,
        "max": 23.6052932739,
        "mean": 11.2690782547,
        "median": 10.925994873,
        "min": 2.73746371269,
        "var": 17.4443531036
    },
    "barkbands_flatness_db": {
        "dmean": 0.0272683650255,
        "dmean2": 0.0412546209991,
        "dvar": 0.000637913879473,
        "dvar2": 0.00129801582079,
        "max": 0.433114677668,
        "mean": 0.179945543408,
        "median": 0.164304450154,
        "min": 0.0789186283946,
        "var": 0.00366380461492
    },
    "barkbands_kurtosis": {
        "dmean": 6.07500505447,
        "dmean2": 9.05323982239,
        "dvar": 113.62752533,
        "dvar2": 236.022232056,
        "max": 143.368530273,
        "mean": 8.44830322266,
        "median": 2.11081409454,
        "min": -1.53296482563,
        "var": 253.300537109
    },
    "barkbands_skewness": {
        "dmean": 0.81164342165,
        "dmean2": 1.18810045719,
        "dvar": 0.681986689568,
        "dvar2": 1.35910761356,
        "max": 10.5700778961,
        "mean": 2.25932192802,
        "median": 1.74222159386,
        "min": -0.363125890493,
        "var": 3.0335688591
    },
    "barkbands_spread": {
        "dmean": 5.82377529144,
        "dmean2": 8.97334575653,
        "dvar": 34.2930755615,
        "dvar2": 72.6776123047,
        "max": 74.2443161011,
        "mean": 22.0633888245,
        "median": 22.879491806,
        "min": 0.770673155785,
        "var": 127.214927673
    },
    "dissonance": {
        "dmean": 0.0105418814346,
        "dmean2": 0.0180259011686,
        "dvar": 9.65353247011e-05,
        "dvar2": 0.000269309792202,
        "max": 0.499800562859,
        "mean": 0.481720775366,
        "median": 0.484770953655,
        "min": 0.402450829744,
        "var": 0.000170713072293
    },
    "dynamic_complexity": 2.28371238708,
    "erbbands_crest": {
        "dmean": 2.07936477661,
        "dmean2": 3.40396714211,
        "dvar": 3.81065416336,
        "dvar2": 9.54729652405,
        "max": 21.7931003571,
        "mean": 7.04147720337,
        "median": 6.32000112534,
        "min": 2.53168153763,
        "var": 8.46692943573
    },
    "erbbands_flatness_db": {
        "dmean": 0.0123985186219,
        "dmean2": 0.0191819407046,
        "dvar": 0.000120126533147,
        "dvar2": 0.000288700975943,
        "max": 0.291244208813,
        "mean": 0.168196797371,
        "median": 0.161404386163,
        "min": 0.0927531719208,
        "var": 0.00129658076912
    },
    "erbbands_kurtosis": {
        "dmean": 0.591312587261,
        "dmean2": 0.957398533821,
        "dvar": 0.35325923562,
        "dvar2": 0.917387485504,
        "max": 5.48993682861,
        "mean": -0.137283697724,
        "median": -0.271450996399,
        "min": -1.86453592777,
        "var": 1.05352985859
    },
    "erbbands_skewness": {
        "dmean": 0.319079339504,
        "dmean2": 0.486002653837,
        "dvar": 0.0838933810592,
        "dvar2": 0.174089044333,
        "max": 2.59885954857,
        "mean": -0.120656706393,
        "median": -0.17143586278,
        "min": -1.86825871468,
        "var": 0.278868675232
    },
    "erbbands_spread": {
        "dmean": 10.2724742889,
        "dmean2": 15.7834424973,
        "dvar": 119.720344543,
        "dvar2": 264.511260986,
        "max": 152.943527222,
        "mean": 47.5184707642,
        "median": 41.6354522705,
        "min": 12.317855835,
        "var": 585.948608398
    },
    "hfc": {
        "dmean": 5.96618652344,
        "dmean2": 9.25655651093,
        "dvar": 48.1651039124,
        "dvar2": 115.857818604,
        "max": 101.963935852,
        "mean": 26.2086200714,
        "median": 24.6332645416,
        "min": 0.000291443895549,
        "var": 307.320831299
    },
    "melbands_crest": {
        "dmean": 3.80527639389,
        "dmean2": 6.24789428711,
        "dvar": 8.98383712769,
        "dvar2": 23.016998291,
        "max": 31.1552448273,
        "mean": 18.5410957336,
        "median": 18.8617687225,
        "min": 4.03192234039,
        "var": 25.4635009766
    },
    "melbands_flatness_db": {
        "dmean": 0.0340191312134,
        "dmean2": 0.0493642091751,
        "dvar": 0.000932194583584,
        "dvar2": 0.0017280440079,
        "max": 0.530774772167,
        "mean": 0.224531695247,
        "median": 0.206995695829,
        "min": 0.0833405926824,
        "var": 0.00620958628133
    },
    "melbands_kurtosis": {
        "dmean": 19.4610099792,
        "dmean2": 29.0482540131,
        "dvar": 981.738586426,
        "dvar2": 2018.75415039,
        "max": 368.207183838,
        "mean": 34.1932029724,
        "median": 12.9240674973,
        "min": -1.0833824873,
        "var": 2683.98925781
    },
    "melbands_skewness": {
        "dmean": 1.26689851284,
        "dmean2": 1.87109076977,
        "dvar": 1.6882314682,
        "dvar2": 3.54899597168,
        "max": 17.150100708,
        "mean": 4.26995182037,
        "median": 3.36080503464,
        "min": -0.0519995801151,
        "var": 8.43265724182
    },
    "melbands_spread": {
        "dmean": 6.46613645554,
        "dmean2": 9.96152591705,
        "dvar": 42.5292396545,
        "dvar2": 91.2209243774,
        "max": 73.4482040405,
        "mean": 19.2852745056,
        "median": 17.5267620087,
        "min": 0.654570281506,
        "var": 170.780838013
    },
    "pitch_salience": {
        "dmean": 0.0924539044499,
        "dmean2": 0.147229224443,
        "dvar": 0.00618102028966,
        "dvar2": 0.0146555723622,
        "max": 0.810256183147,
        "mean": 0.471470832825,
        "median": 0.473548322916,
        "min": 0.10604032129,
        "var": 0.0162502638996
    },
    "silence_rate_20dB": {
        "dmean": 0,
        "dmean2": 0,
        "dvar": 0,
        "dvar2": 0,
        "max": 1,
        "mean": 1,
        "median": 1,
        "min": 1,
        "var": 0
    },
    "silence_rate_30dB": {
        "dmean": 0.0402476787567,
        "dmean2": 0.0805265158415,
        "dvar": 0.0386273413897,
        "dvar2": 0.109658397734,
        "max": 1,
        "mean": 0.977562844753,
        "median": 1,
        "min": 0,
        "var": 0.0219338051975
    },
    "silence_rate_60dB": {
        "dmean": 0.00386996893212,
        "dmean2": 0.00774293439463,
        "dvar": 0.00385512295179,
        "dvar2": 0.00845701061189,
        "max": 1,
        "mean": 0.0170212760568,
        "median": 0,
        "min": 0,
        "var": 0.0167317483574
    },
    "spectral_centroid": {
        "dmean": 242.058105469,
        "dmean2": 371.9815979,
        "dvar": 48853.9882812,
        "dvar2": 110386.820312,
        "max": 2924.76733398,
        "mean": 1336.67456055,
        "median": 1397.23266602,
        "min": 164.75617981,
        "var": 224368.78125
    },
    "spectral_complexity": {
        "dmean": 4.51006174088,
        "dmean2": 6.42198991776,
        "dvar": 16.7878494263,
        "dvar2": 29.7525501251,
        "max": 55,
        "mean": 27.1791095734,
        "median": 29,
        "min": 0,
        "var": 153.059127808
    },
    "spectral_decrease": {
        "dmean": 4.83426942921e-09,
        "dmean2": 7.67372654309e-09,
        "dvar": 3.11431085259e-17,
        "dvar2": 7.57987152836e-17,
        "max": -1.5316557972e-13,
        "mean": -1.25417258801e-08,
        "median": -1.1366139141e-08,
        "min": -5.11013915627e-08,
        "var": 5.37309460565e-17
    },
    "spectral_energy": {
        "dmean": 0.0185416862369,
        "dmean2": 0.0294119101018,
        "dvar": 0.000453658023616,
        "dvar2": 0.00110824569128,
        "max": 0.195709168911,
        "mean": 0.0497125722468,
        "median": 0.0457521900535,
        "min": 6.04514809766e-07,
        "var": 0.000808310636785
    },
    "spectral_energyband_high": {
        "dmean": 0.000386238651117,
        "dmean2": 0.000606852234341,
        "dvar": 3.54871900754e-07,
        "dvar2": 7.71833470026e-07,
        "max": 0.0080333435908,
        "mean": 0.00100370415021,
        "median": 0.000710334104951,
        "min": 4.00207245121e-09,
        "var": 1.07556741114e-06
    },
    "spectral_energyband_low": {
        "dmean": 0.0173454843462,
        "dmean2": 0.0275998525321,
        "dvar": 0.000446501246188,
        "dvar2": 0.00108574389014,
        "max": 0.181699514389,
        "mean": 0.032896913588,
        "median": 0.0250465478748,
        "min": 3.67339055174e-07,
        "var": 0.00067397125531
    },
    "spectral_energyband_middle_high": {
        "dmean": 0.00221304269508,
        "dmean2": 0.0033784811385,
        "dvar": 7.94187963038e-06,
        "dvar2": 2.07290795515e-05,
        "max": 0.0450754649937,
        "mean": 0.00810517556965,
        "median": 0.00570297520608,
        "min": 1.03056365219e-07,
        "var": 5.96036079514e-05
    },
    "spectral_energyband_middle_low": {
        "dmean": 0.00389375747181,
        "dmean2": 0.00638422649354,
        "dvar": 3.29412214342e-05,
        "dvar2": 8.34499442135e-05,
        "max": 0.0633935630322,
        "mean": 0.00946774426848,
        "median": 0.00794357899576,
        "min": 1.34413497221e-07,
        "var": 5.64557194593e-05
    },
    "spectral_entropy": {
        "dmean": 0.125648856163,
        "dmean2": 0.184960335493,
        "dvar": 0.0200075060129,
        "dvar2": 0.038242649287,
        "max": 8.37851524353,
        "mean": 7.7265958786,
        "median": 7.81172847748,
        "min": 5.70447301865,
        "var": 0.125524610281
    },
    "spectral_flux": {
        "dmean": 0.0339665673673,
        "dmean2": 0.057252690196,
        "dvar": 0.00119212339632,
        "dvar2": 0.00308184232563,
        "max": 0.380506277084,
        "mean": 0.115053452551,
        "median": 0.109700761735,
        "min": 0.00104586535599,
        "var": 0.00256168772466
    },
    "spectral_kurtosis": {
        "dmean": 1.68531930447,
        "dmean2": 2.91720533371,
        "dvar": 5.52901077271,
        "dvar2": 16.4197902679,
        "max": 31.9080848694,
        "mean": 3.10950803757,
        "median": 2.36692857742,
        "min": -0.728271961212,
        "var": 9.80043411255
    },
    "spectral_rms": {
        "dmean": 0.00123552267905,
        "dmean2": 0.00193695630878,
        "dvar": 1.5016433963e-06,
        "dvar2": 3.57379008165e-06,
        "max": 0.0138179510832,
        "mean": 0.00664179306477,
        "median": 0.00668103899807,
        "min": 2.42851929215e-05,
        "var": 4.38662800661e-06
    },
    "spectral_rolloff": {
        "dmean": 397.325744629,
        "dmean2": 660.094848633,
        "dvar": 348496.5,
        "dvar2": 753700.875,
        "max": 8354.8828125,
        "mean": 993.012451172,
        "median": 861.328125,
        "min": 86.1328125,
        "var": 722368.5
    },
    "spectral_skewness": {
        "dmean": 0.214613750577,
        "dmean2": 0.358538329601,
        "dvar": 0.0535462163389,
        "dvar2": 0.146598652005,
        "max": 4.15077400208,
        "mean": 1.21197712421,
        "median": 1.20238637924,
        "min": 0.259095400572,
        "var": 0.126541674137
    },
    "spectral_spread": {
        "dmean": 406409.4375,
        "dmean2": 605570.9375,
        "dvar": 207790997504,
        "dvar2": 413731258368,
        "max": 9444330,
        "mean": 3970136.25,
        "median": 3928317.25,
        "min": 1548514.75,
        "var": 1.41571797811e+12
    },
    "spectral_strongpeak": {
        "dmean": 0.281007021666,
        "dmean2": 0.492246091366,
        "dvar": 0.253427922726,
        "dvar2": 0.666290462017,
        "max": 5.82535791397,
        "mean": 0.495570629835,
        "median": 0.404638469219,
        "min": 0.000390118599171,
        "var": 0.271353840828
    },
    "zerocrossingrate": {
        "dmean": 0.00839431770146,
        "dmean2": 0.0101614678279,
        "dvar": 6.13020092715e-05,
        "dvar2": 8.35591490613e-05,
        "max": 0.1474609375,
        "mean": 0.0455032773316,
        "median": 0.04443359375,
        "min": 0.00439453125,
        "var": 0.000443718687166
    },
    "barkbands": {
        "dmean": [0.00036769756116, 0.0116335358471, 0.00891021732241, 0.00165673892479, 0.00136141944677, 0.00114249135368, 0.000611097959336, 0.000455034314655, 0.000853450561408, 0.000790873367805, 0.000567036331631, 0.000485892553115, 0.000577511731535, 0.000528104021214, 0.000339045596775, 0.00044072692981, 0.000368752022041, 0.000211240985664, 0.000126545797684, 0.000113859648991, 9.61164696491e-05, 0.000117921284982, 9.49170498643e-05, 9.47221778915e-05, 2.6413361411e-05, 2.26200516096e-08, 2.6794444441e-09],
        "dmean2": [0.000602336949669, 0.0186958946288, 0.0149647928774, 0.00283088907599, 0.00226977048442, 0.00189457298256, 0.00103403406683, 0.000745526107494, 0.00139587046579, 0.00131003523711, 0.000911401584744, 0.000827741692774, 0.000938569952268, 0.000868883449584, 0.000556231185328, 0.000728893675841, 0.000597002916038, 0.000343634514138, 0.000207221077289, 0.000188601668924, 0.000157969436259, 0.000197961882805, 0.000151384345372, 0.000143978351844, 3.956389628e-05, 3.56380418509e-08, 5.02061858754e-09],
        "dvar": [3.67980476312e-07, 0.000257301639067, 0.000106068342575, 5.60786020287e-06, 6.37802259007e-06, 5.22140271642e-06, 2.71298904408e-06, 1.06330651306e-06, 2.77698904938e-06, 2.66080428446e-06, 1.90926061805e-06, 1.15960688163e-06, 1.1107509863e-06, 7.1752765507e-07, 3.00236195017e-07, 3.4102950508e-07, 1.76195811719e-07, 7.69050600979e-08, 3.79096398717e-08, 2.51556713238e-08, 2.39101787258e-08, 3.47188127137e-08, 2.3807766425e-08, 4.18311287831e-08, 5.99201221974e-09, 5.76759048642e-15, 1.86797393468e-16],
        "dvar2": [9.56556959864e-07, 0.000553731166292, 0.000291191361612, 1.50851874423e-05, 1.72672262124e-05, 1.3910056623e-05, 7.23585208107e-06, 2.59844455286e-06, 7.1731042226e-06, 7.32161515771e-06, 4.91886430609e-06, 3.34771698363e-06, 3.1059084904e-06, 1.90982586901e-06, 7.9278714793e-07, 9.0328950364e-07, 4.84516135657e-07, 2.00895570401e-07, 9.74795781872e-08, 6.41994404305e-08, 6.04886594147e-08, 8.42266985046e-08, 4.86404907463e-08, 8.31460340578e-08, 1.24281189784e-08, 1.35933321213e-14, 5.52561149048e-16],
        "max": [0.00503988005221, 0.123381897807, 0.0836300626397, 0.0398993417621, 0.0287322476506, 0.0272416211665, 0.020332083106, 0.0145484916866, 0.0314574092627, 0.0249693058431, 0.0285633485764, 0.0158980451524, 0.0153794866055, 0.0152114797384, 0.00874870270491, 0.0129311094061, 0.00722545851022, 0.00377599126659, 0.00253104418516, 0.0019973735325, 0.00189848453738, 0.00238294131123, 0.00389251555316, 0.00426654331386, 0.00163266598247, 1.7063530322e-06, 4.56547070371e-07],
        "mean": [0.000412677880377, 0.017418295145, 0.0136093636975, 0.00225179432891, 0.00197412306443, 0.00182794523425, 0.000823957379907, 0.000611036084592, 0.00139012839645, 0.00136394856963, 0.000975594040938, 0.000819477776531, 0.00102010625415, 0.000939156394452, 0.000649133929983, 0.000898860336747, 0.000832657387946, 0.000484562013298, 0.000272160687018, 0.000258266110905, 0.000218782646698, 0.000234315157286, 0.000187498531886, 0.000190236838534, 4.85195123474e-05, 3.41218395761e-08, 1.9730128642e-09],
        "median": [0.00014293382992, 0.010446190834, 0.0110398288816, 0.00157117203344, 0.0012510860106, 0.000924833060708, 0.000435868656496, 0.000252245517913, 0.000567353621591, 0.000421139237005, 0.000238158449065, 0.000236937426962, 0.0004938148777, 0.000532141071744, 0.000367211643606, 0.000687471067067, 0.000691852648742, 0.000377221847884, 0.00015282939421, 0.000187217039638, 0.000150959691382, 0.000151040847413, 0.000112449066364, 9.93097273749e-05, 1.87706027646e-05, 1.23535608409e-08, 7.00747626592e-10],
        "min": [1.50215084815e-09, 2.26749946819e-07, 8.58497202216e-08, 6.21219253816e-09, 1.20345013954e-08, 1.17121778942e-08, 6.27613427895e-09, 8.82283490711e-09, 1.91383797699e-08, 9.70319202764e-09, 7.70243069326e-09, 4.93508522936e-09, 7.36908756238e-09, 6.80565781508e-09, 5.12871389802e-09, 2.16826201438e-08, 1.01093977634e-08, 7.32185867491e-09, 2.85585444182e-09, 1.49739465272e-09, 1.59198676464e-09, 7.98695554138e-10, 5.00103403134e-10, 1.09304967855e-10, 2.00482842133e-11, 4.44011320766e-12, 6.32969891778e-12],
        "var": [4.05564577477e-07, 0.000366697233403, 0.000127744773636, 7.55986047807e-06, 6.24568110652e-06, 6.93013589625e-06, 2.47009666055e-06, 1.37014831125e-06, 5.39269694855e-06, 6.31472812529e-06, 4.56313136965e-06, 2.49543199971e-06, 2.37816243498e-06, 1.46964271153e-06, 7.59246063353e-07, 8.00449981853e-07, 5.00136081882e-07, 2.12899465168e-07, 1.12509596306e-07, 6.72209594654e-08, 5.60882220668e-08, 6.97953979056e-08, 5.64205677733e-08, 9.90704052128e-08, 1.41698581757e-08, 9.22402023604e-15, 1.00090839352e-16]
    },
    "erbbands": {
        "dmean": [0.325064212084, 2.83471798897, 9.57547283173, 6.88287878036, 5.09222459793, 3.67050385475, 7.89917516708, 8.97364234924, 9.21753025055, 8.57842445374, 12.8429574966, 18.2127094269, 24.8894901276, 22.7269668579, 16.021982193, 20.2343711853, 24.7365226746, 28.1249599457, 17.8206977844, 16.0821838379, 25.2405433655, 19.1504230499, 11.368060112, 7.25821399689, 6.6129488945, 5.23843669891, 4.16124486923, 4.24877262115, 4.12861728668, 3.79898381233, 2.37823677063, 2.3024187088, 1.35963630676, 0.53579801321, 0.0397964343429, 0.00173487083521, 8.97296486073e-05, 1.27913353936e-05, 9.76191677182e-06, 2.05036194529e-05],
        "dmean2": [0.501537263393, 4.60411119461, 16.2227115631, 11.4344539642, 8.58567142487, 6.1710319519, 13.3402824402, 14.976067543, 15.4018917084, 14.3637514114, 20.847158432, 29.8641166687, 41.4703407288, 37.0075035095, 26.1846656799, 34.13804245, 40.2027244568, 46.1937103271, 29.2720165253, 25.6194248199, 41.2322502136, 30.8893699646, 18.2482376099, 11.5603809357, 11.0003318787, 8.66553783417, 6.81381130219, 7.07945871353, 6.90826225281, 6.33428192139, 3.68967199326, 3.63083052635, 2.02576851845, 0.776923000813, 0.0589177645743, 0.00255953287706, 0.000130059474031, 1.87663790712e-05, 1.52968477778e-05, 3.25104520016e-05],
        "dvar": [0.22159203887, 14.9072370529, 134.983459473, 60.3335800171, 97.0734481812, 39.750919342, 175.325256348, 403.165802002, 490.233886719, 588.215393066, 828.185546875, 1465.69238281, 2934.70019531, 2490.42675781, 1230.9786377, 1966.82580566, 2130.890625, 2386.28222656, 813.824890137, 617.91796875, 1015.23431396, 522.102783203, 241.770675659, 94.222618103, 105.796562195, 58.1866035461, 41.8727455139, 45.5913963318, 42.1569213867, 46.9780845642, 14.7537984848, 19.5891017914, 11.5109586716, 2.31855916977, 0.0126002980396, 2.38555985561e-05, 5.20358121037e-08, 8.28087709515e-10, 1.2814459216e-10, 5.46395484413e-10],
        "dvar2": [0.439462959766, 35.172290802, 372.391906738, 157.340454102, 258.393280029, 108.736557007, 473.576599121, 1076.05004883, 1341.99230957, 1573.20678711, 2095.09692383, 3740.28833008, 7902.66259766, 6275.12744141, 3339.80786133, 5647.63525391, 6008.41748047, 6388.81005859, 2084.35595703, 1539.64050293, 2739.06469727, 1406.14904785, 647.973510742, 237.65512085, 278.041290283, 152.522293091, 105.784973145, 116.788970947, 101.391014099, 103.97983551, 28.9855060577, 40.452583313, 22.9685764313, 4.54345798492, 0.0266302935779, 5.00621790707e-05, 9.96911353468e-08, 1.54417922893e-09, 3.0825886288e-10, 1.34882394143e-09],
        "max": [3.81072902679, 33.1778564453, 97.33152771, 98.3683853149, 130.557220459, 78.9038467407, 144.227523804, 276.518218994, 276.232971191, 470.383850098, 419.226165771, 859.975585938, 930.126586914, 825.462524414, 723.853637695, 705.424560547, 727.536376953, 857.720092773, 537.702819824, 525.436828613, 664.71496582, 429.551574707, 236.128143311, 128.501663208, 136.311294556, 108.708984375, 77.534538269, 89.3646774292, 79.2421112061, 141.078323364, 91.3944549561, 85.7713317871, 87.593536377, 29.7304706573, 2.26989769936, 0.0997254922986, 0.00436401786283, 0.000540934677701, 0.000136639020639, 0.000215092542931],
        "mean": [0.407315760851, 4.34087944031, 15.4302482605, 11.2486619949, 6.80949831009, 5.53591156006, 11.2949008942, 13.9427642822, 13.9409017563, 11.1168050766, 18.2889823914, 30.2684936523, 43.5859527588, 42.4669532776, 31.0077209473, 36.4745254517, 46.9385948181, 52.1326217651, 36.3661613464, 35.5942497253, 56.0585594177, 45.8863601685, 27.7885551453, 18.0607089996, 13.9733390808, 11.9036436081, 9.19240283966, 8.94731807709, 8.37518692017, 7.29858636856, 4.96583938599, 4.43616628647, 2.71782207489, 1.04267442226, 0.0729623585939, 0.00331439613365, 0.000204889438464, 3.216087498e-05, 3.13189266308e-05, 5.89423652855e-05],
        "median": [0.168264493346, 2.86789393425, 12.7417402267, 8.81489753723, 4.15817499161, 3.32555770874, 6.13684225082, 6.86002445221, 6.9910197258, 5.43147563934, 7.05023241043, 13.6305656433, 15.7924432755, 11.1461668015, 8.91439437866, 11.6922559738, 23.0775413513, 28.9794158936, 22.3979854584, 23.6517162323, 45.1044311523, 38.6994514465, 21.9075717926, 13.1808843613, 8.43888759613, 8.74611663818, 6.14475250244, 6.10507583618, 5.53125905991, 4.41056060791, 2.99618887901, 2.33379364014, 1.35774004459, 0.44593411684, 0.0305020865053, 0.00147977331653, 0.000113181427878, 1.99307123694e-05, 2.93332668662e-05, 5.50212280359e-05],
        "min": [3.65394885193e-06, 6.07805341133e-05, 0.000117344003229, 6.31794682704e-05, 5.36285115231e-05, 5.03045193909e-05, 4.03987178288e-05, 0.000124513651826, 0.000102545891423, 0.000139110532473, 0.000246627198067, 0.000366194406524, 0.000524961040355, 0.000178171743755, 0.000276206439594, 0.000278023973806, 0.000400427961722, 0.000527595868334, 0.000373514485545, 0.000466799945571, 0.00115107826423, 0.000736786401831, 0.000331249029841, 0.000274462479865, 0.000132230226882, 7.90016711107e-05, 7.30426399969e-05, 4.4380853069e-05, 3.46412089129e-05, 1.81143132068e-05, 1.36659427881e-05, 2.71673638963e-06, 1.80319034371e-06, 4.82164068671e-07, 5.6021079331e-08, 2.47422740074e-08, 1.22083791965e-08, 3.5920331154e-09, 1.25553611952e-09, 8.19248502371e-10],
        "var": [0.320312827826, 19.7819824219, 160.201095581, 93.7640380859, 88.7392959595, 47.1552391052, 241.149108887, 482.898681641, 516.737426758, 548.650512695, 1236.06494141, 2657.26293945, 6274.859375, 6874.734375, 3263.46508789, 4532.53173828, 4942.82226562, 4797.88720703, 2035.57006836, 1791.58996582, 2593.09545898, 1526.54394531, 686.195678711, 313.870483398, 297.209625244, 141.622070312, 97.4684906006, 98.4716186523, 88.3721847534, 91.954536438, 38.6695899963, 43.8064804077, 26.4951667786, 5.88918972015, 0.0283279977739, 5.46413830307e-05, 1.40428696227e-07, 2.40658870609e-09, 3.51051437919e-10, 1.05847952625e-09]
    },
    "gfcc": {
        "mean": [4.50118112564, 131.542312622, -143.356277466, 70.6936798096, -52.0544242859, 30.0940380096, -29.2116317749, 0.552061200142, 0.686938345432, -17.998216629, 0.379694879055, -18.3764667511, 3.4703309536],
        "cov": [[5541.74902344, -1576.90795898, -323.662078857, 103.343811035, -955.840576172, 1028.60351562, -301.004516602, 576.72845459, -199.821228027, 159.542922974, 181.379333496, 31.3126449585, 200.963165283], [-1576.90795898, 1150.13574219, -239.194412231, -312.159606934, 517.831970215, -645.080078125, 192.803787231, -337.06072998, 152.971786499, -97.9720687866, -55.8810157776, 59.2467346191, -100.382217407], [-323.662078857, -239.194412231, 579.782653809, 296.97668457, -9.16568660736, 122.889297485, -55.1093025208, 55.0066146851, -4.49974584579, 55.9642982483, 10.1522521973, -53.054397583, 24.5370159149], [103.343811035, -312.159606934, 296.97668457, 308.243835449, -74.4129104614, 134.159896851, -37.0217323303, 38.7860870361, 2.98579478264, 35.5542755127, 18.6627674103, -47.8977470398, 33.0705833435], [-955.840576172, 517.831970215, -9.16568660736, -74.4129104614, 349.886535645, -278.628814697, 108.583602905, -160.332946777, 78.8894271851, -44.2100105286, -39.2871932983, 20.1844425201, -48.7235679626], [1028.60351562, -645.080078125, 122.889297485, 134.159896851, -278.628814697, 488.720245361, -57.3604316711, 232.793151855, -97.2926940918, 34.4436149597, 55.9558944702, -39.0059432983, 76.7166213989], [-301.004516602, 192.803787231, -55.1093025208, -37.0217323303, 108.583602905, -57.3604316711, 154.496887207, -40.8161773682, 10.2376089096, -40.4847679138, -6.63920497894, -0.43750539422, -21.3724575043], [576.72845459, -337.06072998, 55.0066146851, 38.7860870361, -160.332946777, 232.793151855, -40.8161773682, 179.846237183, -28.1482982635, 37.8560409546, 26.5710201263, -14.7092819214, 41.3827514648], [-199.821228027, 152.971786499, -4.49974584579, 2.98579478264, 78.8894271851, -97.2926940918, 10.2376089096, -28.1482982635, 110.960296631, 18.0123519897, -2.73082232475, -1.82158994675, -11.0630455017], [159.542922974, -97.9720687866, 55.9642982483, 35.5542755127, -44.2100105286, 34.4436149597, -40.4847679138, 37.8560409546, 18.0123519897, 65.0280303955, 22.6874923706, 2.259516716, 9.94221019745], [181.379333496, -55.8810157776, 10.1522521973, 18.6627674103, -39.2871932983, 55.9558944702, -6.63920497894, 26.5710201263, -2.73082232475, 22.6874923706, 64.0435180664, 18.9427719116, 20.5912685394], [31.3126449585, 59.2467346191, -53.054397583, -47.8977470398, 20.1844425201, -39.0059432983, -0.43750539422, -14.7092819214, -1.82158994675, 2.259516716, 18.9427719116, 58.4560699463, 12.1548995972], [200.963165283, -100.382217407, 24.5370159149, 33.0705833435, -48.7235679626, 76.7166213989, -21.3724575043, 41.3827514648, -11.0630455017, 9.94221019745, 20.5912685394, 12.1548995972, 53.4621543884]],
        "icov": [[0.000536313920747, -0.000844826572575, 0.000876716687344, -0.00105750886723, 0.000948236207478, -0.00135477015283, 0.000643044302706, -0.000635806529317, 0.000308194576064, -0.00093782908516, 0.000524653645698, -0.00111587555148, 0.000496780499816], [-0.000844826572575, 0.0278031993657, -0.00744355702773, 0.0236496254802, -0.0121926059946, 0.0205059405416, -0.0114539703354, 0.0134523045272, -0.0135507555678, 0.0144373644143, -0.0164940692484, 0.0132623864338, -0.0135136013851], [0.000876716687344, -0.00744355702773, 0.00731530087069, -0.0110971182585, 0.0011933981441, -0.00609707413241, 0.00487251020968, -0.00613406440243, 0.00578812323511, -0.00661973142996, 0.00439063506201, -0.00323473545723, 0.00424108840525], [-0.00105750886723, 0.0236496254802, -0.0110971182585, 0.0296261571348, -0.00807423144579, 0.0158146116883, -0.0110804047436, 0.016659360379, -0.0144848506898, 0.0120082804933, -0.0145218595862, 0.0152276847512, -0.0153289623559], [0.000948236207478, -0.0121926059946, 0.0011933981441, -0.00807423144579, 0.015364783816, -0.00855549424887, 0.00091746909311, -0.00170582672581, 0.00127021223307, -0.0048707658425, 0.00918206665665, -0.00904082972556, 0.00564381293952], [-0.00135477015283, 0.0205059405416, -0.00609707413241, 0.0158146116883, -0.00855549424887, 0.025944519788, -0.00937011558563, 0.00108604168054, -0.00512323854491, 0.0134908258915, -0.0163566228002, 0.0153152877465, -0.0137536376715], [0.000643044302706, -0.0114539703354, 0.00487251020968, -0.0110804047436, 0.00091746909311, -0.00937011558563, 0.0154573423788, -0.00770632410422, 0.006260716822, -0.00137266889215, 0.00358463288285, -0.00442359736189, 0.00829667132348], [-0.000635806529317, 0.0134523045272, -0.00613406440243, 0.016659360379, -0.00170582672581, 0.00108604168054, -0.00770632410422, 0.0276922080666, -0.0116973901168, 0.00135458563454, -0.00420514121652, 0.00601613195613, -0.00989118777215], [0.000308194576064, -0.0135507555678, 0.00578812323511, -0.0144848506898, 0.00127021223307, -0.00512323854491, 0.006260716822, -0.0116973901168, 0.0226473677903, -0.0129397762939, 0.00575364660472, -0.00149524083827, 0.00498503819108], [-0.00093782908516, 0.0144373644143, -0.00661973142996, 0.0120082804933, -0.0048707658425, 0.0134908258915, -0.00137266889215, 0.00135458563454, -0.0129397762939, 0.0361082851887, -0.0164000559598, 0.00492717279121, -0.00334806810133], [0.000524653645698, -0.0164940692484, 0.00439063506201, -0.0145218595862, 0.00918206665665, -0.0163566228002, 0.00358463288285, -0.00420514121652, 0.00575364660472, -0.0164000559598, 0.035013563931, -0.018262302503, 0.00546021712944], [-0.00111587555148, 0.0132623864338, -0.00323473545723, 0.0152276847512, -0.00904082972556, 0.0153152877465, -0.00442359736189, 0.00601613195613, -0.00149524083827, 0.00492717279121, -0.018262302503, 0.038120277226, -0.0183389354497], [0.000496780499816, -0.0135136013851, 0.00424108840525, -0.0153289623559, 0.00564381293952, -0.0137536376715, 0.00829667132348, -0.00989118777215, 0.00498503819108, -0.00334806810133, 0.00546021712944, -0.0183389354497, 0.0385728999972]]
    },
    "melbands": {
        "dmean": [0.00301348860376, 0.00427436921746, 0.0011240147287, 0.000305786525132, 0.00024170622055, 0.000208313649637, 0.000135323149152, 9.06328859855e-05, 0.000118976226076, 0.000118336189189, 0.000125993625261, 9.40303943935e-05, 6.33649760857e-05, 4.51045852969e-05, 6.52937815175e-05, 5.67795177631e-05, 5.65905793337e-05, 3.19950959238e-05, 2.59077478404e-05, 2.48873639066e-05, 3.25714572682e-05, 2.39013443206e-05, 1.37104352689e-05, 1.0668937648e-05, 6.08332857155e-06, 5.39825350643e-06, 4.71810653835e-06, 3.59769910574e-06, 2.78372817775e-06, 2.58373938777e-06, 2.79386381408e-06, 2.63065658146e-06, 2.28472345043e-06, 2.26614201893e-06, 1.36969651976e-06, 1.60896718171e-06, 1.38974144193e-06, 1.07917935566e-06, 7.77708692112e-07, 3.83617447142e-07],
        "dmean2": [0.00475507648662, 0.00711847189814, 0.0018615674926, 0.000519001041539, 0.000404319318477, 0.000344632106135, 0.000225744894124, 0.000149580504512, 0.000191229002667, 0.000193458487047, 0.000210153128137, 0.000154059933266, 0.000102597456134, 7.64419455663e-05, 0.000106909777969, 9.32210095925e-05, 9.32539987843e-05, 5.2322200645e-05, 4.23387646151e-05, 4.07299339713e-05, 5.37558735232e-05, 3.92796573578e-05, 2.23195784201e-05, 1.74894757947e-05, 9.78932985163e-06, 8.95211724128e-06, 7.95665437181e-06, 6.02604313826e-06, 4.59507919004e-06, 4.2891188059e-06, 4.72341162094e-06, 4.44594934379e-06, 3.78266304324e-06, 3.8021137243e-06, 2.12949385059e-06, 2.59071975961e-06, 2.18620334635e-06, 1.64526943536e-06, 1.15191960504e-06, 5.7620241023e-07],
        "dvar": [1.85069748113e-05, 2.83744211629e-05, 1.5965321154e-06, 3.77434133725e-07, 1.48140046008e-07, 1.95897683852e-07, 1.14605569479e-07, 5.56742705271e-08, 6.84525502948e-08, 5.97598344143e-08, 7.47023918279e-08, 4.08105513827e-08, 2.12896758001e-08, 1.2064760746e-08, 1.72357292882e-08, 1.20452927632e-08, 9.38792599214e-09, 2.73389444416e-09, 2.0577424209e-09, 1.52975965229e-09, 1.52883383731e-09, 8.85228723657e-10, 2.93845753285e-10, 2.00878841339e-10, 6.89640011764e-11, 8.17656914398e-11, 4.61020388531e-11, 2.98382325792e-11, 1.74053688129e-11, 1.84559641875e-11, 1.93407252019e-11, 1.80488679558e-11, 1.36434353398e-11, 1.72184645014e-11, 4.87304814556e-12, 7.11788570792e-12, 9.18647796722e-12, 7.23572287156e-12, 4.16000003542e-12, 1.37800502346e-12],
        "dvar2": [3.67269276467e-05, 7.77020250098e-05, 4.21486583946e-06, 1.03210629732e-06, 3.98778183808e-07, 5.22395282587e-07, 3.12154469384e-07, 1.46719244754e-07, 1.73958270011e-07, 1.52127739739e-07, 2.01667802457e-07, 1.0400383843e-07, 5.62711797158e-08, 3.57644971416e-08, 4.72311718624e-08, 3.3481480699e-08, 2.49651819217e-08, 7.01847868712e-09, 5.2988653465e-09, 3.8051783946e-09, 4.13872092153e-09, 2.39682318437e-09, 7.85110476631e-10, 5.47535961015e-10, 1.7716279832e-10, 2.21268212086e-10, 1.20148224703e-10, 8.04098107543e-11, 4.38229522115e-11, 5.00943626858e-11, 4.96676970385e-11, 4.48380846341e-11, 3.13124214057e-11, 3.89078907981e-11, 9.62747503247e-12, 1.60620700768e-11, 1.87227976178e-11, 1.54710688705e-11, 7.31147781208e-12, 3.13066391387e-12],
        "max": [0.0314589031041, 0.0462486036122, 0.0168498121202, 0.00709026865661, 0.00455502886325, 0.00568602746353, 0.004093546886, 0.00421125395223, 0.00484429486096, 0.00596774043515, 0.00470016058534, 0.00355693674646, 0.00286042061634, 0.00176735746209, 0.0019916924648, 0.00152473675553, 0.00174507009797, 0.00102746300399, 0.000806396012194, 0.000921439204831, 0.000635545642581, 0.000605465203989, 0.000251232588198, 0.000229602097534, 0.00011028823792, 0.000110707376734, 9.58853997872e-05, 8.4590879851e-05, 5.39786778972e-05, 6.04685956205e-05, 5.84675326536e-05, 5.18485358043e-05, 6.52724629617e-05, 8.6429885414e-05, 5.90117415413e-05, 5.07871482114e-05, 6.18573685642e-05, 6.43047387712e-05, 5.8413566876e-05, 2.32252132264e-05],
        "mean": [0.00426331302151, 0.00740112643689, 0.00191738991998, 0.000417408911744, 0.000364861276466, 0.00033357081702, 0.000203159812372, 0.000117452516861, 0.000169058985193, 0.000194380219909, 0.000215456893784, 0.000168986487552, 0.000114949551062, 8.0703801359e-05, 0.000112419351353, 9.93679859675e-05, 9.72507987171e-05, 5.85448069614e-05, 4.93198276672e-05, 5.05430434714e-05, 6.81480814819e-05, 5.1178947615e-05, 2.98407885566e-05, 2.26098600251e-05, 1.35973468787e-05, 1.01306441138e-05, 9.6207122624e-06, 7.49296896174e-06, 5.69001758777e-06, 5.32813010068e-06, 5.15103874932e-06, 4.72914234706e-06, 4.50955167253e-06, 3.88639818993e-06, 2.7654709811e-06, 2.82198334389e-06, 2.65511721409e-06, 2.03747481464e-06, 1.41885300309e-06, 6.89155513101e-07],
        "median": [0.00216769427061, 0.00596903404221, 0.001550066052, 0.00026176078245, 0.000210486366996, 0.000169933511643, 0.000103478734673, 5.52139972569e-05, 6.0319325712e-05, 8.3835067926e-05, 7.1815768024e-05, 4.34759131167e-05, 3.0813687772e-05, 2.21571299335e-05, 4.17231894971e-05, 4.84055199195e-05, 5.24193819729e-05, 3.5817589378e-05, 2.76457249129e-05, 3.62673563359e-05, 5.56074555789e-05, 4.17200462834e-05, 2.3260472517e-05, 1.76037992787e-05, 9.38076209422e-06, 5.20575531482e-06, 6.23977120995e-06, 5.43668693354e-06, 3.73191187464e-06, 3.41712075169e-06, 3.25780661115e-06, 2.89491663352e-06, 2.84851375909e-06, 2.1560690584e-06, 1.68112580923e-06, 1.55702343818e-06, 1.32885963922e-06, 1.03116474293e-06, 5.9057595081e-07, 2.77768037904e-07],
        "min": [4.86754530016e-08, 7.55043529921e-08, 1.24101831034e-08, 3.38770167474e-09, 1.5422366717e-09, 2.55117815762e-09, 1.36725608613e-09, 1.56051560563e-09, 2.36622632599e-09, 2.39975994631e-09, 2.54779974895e-09, 5.92933591115e-10, 1.04093411668e-09, 5.01778896211e-10, 1.28180066561e-09, 5.81060810578e-10, 8.01847310772e-10, 6.47608022764e-10, 3.24870103041e-10, 8.83701167798e-10, 1.33266386815e-09, 8.58387139147e-10, 2.6636745587e-10, 3.48778783632e-10, 2.07023967413e-10, 1.21428547772e-10, 5.35172496596e-11, 5.61251461972e-11, 4.33163747926e-11, 4.04581021463e-11, 2.2389990903e-11, 2.1014013446e-11, 1.16000464442e-11, 9.68585021216e-12, 7.0211054852e-12, 2.60915052584e-12, 1.07693270534e-12, 1.1533083516e-12, 1.12894730456e-12, 1.82433847759e-13],
        "var": [2.73028217634e-05, 3.46825981978e-05, 2.39798737312e-06, 3.28685757722e-07, 2.15142136994e-07, 2.45937940235e-07, 1.16232854452e-07, 5.73341196741e-08, 1.155990077e-07, 1.11494948385e-07, 1.61078190786e-07, 1.10494916328e-07, 5.19162810519e-08, 2.67120157105e-08, 3.67606354246e-08, 2.38374759931e-08, 1.76760170945e-08, 6.02650462866e-09, 5.04811392688e-09, 3.54519524848e-09, 3.63659458102e-09, 2.14617323913e-09, 7.94558585593e-10, 4.85681717066e-10, 1.97872926377e-10, 1.91332116817e-10, 1.24273535906e-10, 5.82743089894e-11, 3.84873799497e-11, 3.67428691639e-11, 3.69951118351e-11, 3.19603891963e-11, 2.93533357343e-11, 3.01925671964e-11, 1.24090668296e-11, 1.43903691047e-11, 1.95878504389e-11, 1.47309699161e-11, 1.11610833423e-11, 2.83266248999e-12]
    },
    "mfcc": {
        "mean": [-611.444213867, 121.938430786, -4.26908874512, 31.8464546204, 18.7693252563, 19.3660392761, 0.0866215154529, 13.7597045898, 6.52319097519, 5.52853298187, 1.28103816509, 4.42142868042, -3.45822954178],
        "cov": [[5831.13867188, -1599.7175293, 123.933921814, -800.393798828, -364.311065674, -19.8387832642, 152.483291626, 189.790130615, -40.2172279358, 133.153610229, -17.5370101929, 59.2353858948, 47.162197113], [-1599.7175293, 1389.63916016, -656.235046387, 258.20993042, 24.246837616, -66.3580093384, -183.918624878, -78.0295791626, -30.1564502716, -145.679946899, 43.7264900208, -51.3725509644, 10.1789093018], [123.933921814, -656.235046387, 687.890319824, 28.5027179718, 117.875747681, 59.1174163818, 104.601646423, 4.07675457001, 30.6080818176, 99.6711120605, -16.723608017, 49.2337341309, -4.5869140625], [-800.393798828, 258.20993042, 28.5027179718, 343.631225586, 70.3204116821, 46.623210907, -77.3328475952, -64.7479476929, 0.411747545004, -3.90622425079, -3.44396781921, 6.05965662003, -1.10962116718], [-364.311065674, 24.246837616, 117.875747681, 70.3204116821, 150.700805664, 16.0951576233, -20.1663475037, -24.7463493347, 19.6128025055, 13.0084552765, -1.88768792152, 15.1392297745, 0.575829446316], [-19.8387832642, -66.3580093384, 59.1174163818, 46.623210907, 16.0951576233, 86.2006988525, 37.6169395447, 19.7412109375, 5.83134889603, 16.7180557251, -8.81157493591, 8.69788551331, -5.73199796677], [152.483291626, -183.918624878, 104.601646423, -77.3328475952, -20.1663475037, 37.6169395447, 160.189941406, 65.2380447388, 9.17938995361, 7.81431722641, -5.94765329361, -1.33711838722, -11.6130056381], [189.790130615, -78.0295791626, 4.07675457001, -64.7479476929, -24.7463493347, 19.7412109375, 65.2380447388, 85.4570159912, 18.3595161438, 13.7538604736, 0.410780102015, -3.33042287827, -5.58362197876], [-40.2172279358, -30.1564502716, 30.6080818176, 0.411747545004, 19.6128025055, 5.83134889603, 9.17938995361, 18.3595161438, 59.5622138977, 27.4706001282, 4.82961082458, 1.69437408447, -4.49896812439], [133.153610229, -145.679946899, 99.6711120605, -3.90622425079, 13.0084552765, 16.7180557251, 7.81431722641, 13.7538604736, 27.4706001282, 82.5621948242, 13.7047710419, 16.2987957001, -6.74205970764], [-17.5370101929, 43.7264900208, -16.723608017, -3.44396781921, -1.88768792152, -8.81157493591, -5.94765329361, 0.410780102015, 4.82961082458, 13.7047710419, 51.0326881409, 10.1067056656, 3.90571928024], [59.2353858948, -51.3725509644, 49.2337341309, 6.05965662003, 15.1392297745, 8.69788551331, -1.33711838722, -3.33042287827, 1.69437408447, 16.2987957001, 10.1067056656, 49.9750328064, 14.9654560089], [47.162197113, 10.1789093018, -4.5869140625, -1.10962116718, 0.575829446316, -5.73199796677, -11.6130056381, -5.58362197876, -4.49896812439, -6.74205970764, 3.90571928024, 14.9654560089, 38.6231193542]],
