{
"lowlevel": {
    "average_loudness": 0.973643839359,
    "barkbands_crest": {
        "dmean": 2.32820439339,
        "dmean2": 3.95143914223,
        "dvar": 4.26718711853,
        "dvar2": 11.8723449707,
        "max": 21.4896945953,
        "mean": 7.08330821991,
        "median": 6.53068971634,
        "min": 2.24673032761,
        "var": 8.00566196442
    },
    "barkbands_flatness_db": {
        "dmean": 0.0145316692069,
        "dmean2": 0.0237866509706,
        "dvar": 0.000167653095559,
        "dvar2": 0.000427572522312,
        "max": 0.3218087852,
        "mean": 0.0946755111217,
        "median": 0.0899615809321,
        "min": 0.0312572233379,
        "var": 0.00101700704545
    },
    "barkbands_kurtosis": {
        "dmean": 0.986088812351,
        "dmean2": 1.68633413315,
        "dvar": 6.75104999542,
        "dvar2": 19.4418945312,
        "max": 79.3854217529,
        "mean": -0.00233912980184,
        "median": -0.736261606216,
        "min": -1.7865883112,
        "var": 19.3289146423
    },
    "barkbands_skewness": {
        "dmean": 0.42570489645,
        "dmean2": 0.695306003094,
        "dvar": 0.155941039324,
        "dvar2": 0.405965834856,
        "max": 7.76070594788,
        "mean": 0.738276839256,
        "median": 0.685476243496,
        "min": -1.83826220036,
        "var": 0.616437554359
    },
    "barkbands_spread": {
        "dmean": 6.44579172134,
        "dmean2": 9.75925636292,
        "dvar": 43.2308959961,
        "dvar2": 93.5598297119,
        "max": 91.9225006104,
        "mean": 37.9115409851,
        "median": 36.5537033081,
        "min": 1.56448149681,
        "var": 138.532455444
    },
    "dissonance": {
        "dmean": 0.00859092175961,
        "dmean2": 0.0147243114188,
        "dvar": 6.15024400759e-05,
        "dvar2": 0.00017839994689,
        "max": 0.499918013811,
        "mean": 0.487021893263,
        "median": 0.489267706871,
        "min": 0.440355926752,
        "var": 9.23942352529e-05
    },
    "dynamic_complexity": 1.79857110977,
    "erbbands_crest": {
        "dmean": 1.86373317242,
        "dmean2": 3.03542304039,
        "dvar": 3.42361164093,
        "dvar2": 8.33951759338,
        "max": 23.3349571228,
        "mean": 6.57594013214,
        "median": 5.71931600571,
        "min": 2.51450181007,
        "var": 8.6040763855
    },
    "erbbands_flatness_db": {
        "dmean": 0.011505198665,
        "dmean2": 0.0175192654133,
        "dvar": 0.000100988254417,
        "dvar2": 0.00020617658447,
        "max": 0.302386403084,
        "mean": 0.142211571336,
        "median": 0.138429954648,
        "min": 0.0781992673874,
        "var": 0.00102196878288
    },
    "erbbands_kurtosis": {
        "dmean": 0.62153840065,
        "dmean2": 0.989255428314,
        "dvar": 0.337347656488,
        "dvar2": 0.828290224075,
        "max": 9.95345687866,
        "mean": 0.263324916363,
        "median": 0.130751132965,
        "min": -1.62119412422,
        "var": 0.907705962658
    },
    "erbbands_skewness": {
        "dmean": 0.257703661919,
        "dmean2": 0.417595922947,
        "dvar": 0.0458287298679,
        "dvar2": 0.114949584007,
        "max": 1.92473232746,
        "mean": -0.460988551378,
        "median": -0.504212915897,
        "min": -2.2656109333,
        "var": 0.211439296603
    },
    "erbbands_spread": {
        "dmean": 6.52102613449,
        "dmean2": 10.3153066635,
        "dvar": 36.056728363,
        "dvar2": 85.0285415649,
        "max": 86.954208374,
        "mean": 36.106918335,
        "median": 34.5107574463,
        "min": 8.21396636963,
        "var": 125.000144958
    },
    "hfc": {
        "dmean": 6.77563285828,
        "dmean2": 10.2136936188,
        "dvar": 82.4280014038,
        "dvar2": 176.913604736,
        "max": 141.484161377,
        "mean": 37.9161911011,
        "median": 37.4917030334,
        "min": 1.09714741672e-16,
        "var": 278.555603027
    },
    "melbands_crest": {
        "dmean": 3.46742486954,
        "dmean2": 5.87874221802,
        "dvar": 8.61804962158,
        "dvar2": 23.3483181,
        "max": 32.2518348694,
        "mean": 12.6157522202,
        "median": 12.1338167191,
        "min": 1.15245139599,
        "var": 17.4994335175
    },
    "melbands_flatness_db": {
        "dmean": 0.02272310853,
        "dmean2": 0.036829739809,
        "dvar": 0.000389036053093,
        "dvar2": 0.000986122526228,
        "max": 0.416646629572,
        "mean": 0.136446908116,
        "median": 0.133153244853,
        "min": 0.000723666860722,
        "var": 0.00176390726119
    },
    "melbands_kurtosis": {
        "dmean": 3.62054657936,
        "dmean2": 6.11775255203,
        "dvar": 51.2077331543,
        "dvar2": 146.720169067,
        "max": 183.297607422,
        "mean": 5.44565343857,
        "median": 3.34197378159,
        "min": -1.73369920254,
        "var": 132.094680786
    },
    "melbands_skewness": {
        "dmean": 0.614405333996,
        "dmean2": 1.0066151619,
        "dvar": 0.337461084127,
        "dvar2": 0.896202504635,
        "max": 11.0099639893,
        "mean": 2.04992508888,
        "median": 1.96503341198,
        "min": -0.816766023636,
        "var": 1.2391102314
    },
    "melbands_spread": {
        "dmean": 10.9657926559,
        "dmean2": 17.5289134979,
        "dvar": 107.575721741,
        "dvar2": 255.925765991,
        "max": 141.840316772,
        "mean": 41.9767417908,
        "median": 40.0451202393,
        "min": 1.15573966503,
        "var": 281.32510376
    },
    "pitch_salience": {
        "dmean": 0.0660771131516,
        "dmean2": 0.110688738525,
        "dvar": 0.00315625593066,
        "dvar2": 0.00877022650093,
        "max": 0.993310749531,
        "mean": 0.621431529522,
        "median": 0.626331567764,
        "min": 0.22639772296,
        "var": 0.00721337972209
    },
    "silence_rate_20dB": {
        "dmean": 0,
        "dmean2": 0,
        "dvar": 0,
        "dvar2": 0,
        "max": 1,
        "mean": 1,
        "median": 1,
        "min": 1,
        "var": 0
    },
    "silence_rate_30dB": {
        "dmean": 0,
        "dmean2": 0,
        "dvar": 0,
        "dvar2": 0,
        "max": 1,
        "mean": 1,
        "median": 1,
        "min": 1,
        "var": 0
    },
    "silence_rate_60dB": {
        "dmean": 0.00154559500515,
        "dmean2": 0.00309238489717,
        "dvar": 0.00154320150614,
        "dvar2": 0.00308279669844,
        "max": 1,
        "mean": 0.0436461940408,
        "median": 0,
        "min": 0,
        "var": 0.0417419634759
    },
    "spectral_centroid": {
        "dmean": 263.62600708,
        "dmean2": 411.31628418,
        "dvar": 97540.2265625,
        "dvar2": 159109.875,
        "max": 11476.7441406,
        "mean": 2080.65869141,
        "median": 2080.33740234,
        "min": 229.004669189,
        "var": 254117.078125
    },
    "spectral_complexity": {
        "dmean": 3.88562607765,
        "dmean2": 6.30769252777,
        "dvar": 9.76662158966,
        "dvar2": 25.5488681793,
        "max": 62,
        "mean": 40.4716110229,
        "median": 43,
        "min": 0,
        "var": 121.468421936
    },
    "spectral_decrease": {
        "dmean": 2.08090300546e-09,
        "dmean2": 3.4719536135e-09,
        "dvar": 4.64757217427e-18,
        "dvar2": 1.24618514681e-17,
        "max": -9.07376916394e-29,
        "mean": -8.20009926628e-09,
        "median": -8.21326118228e-09,
        "min": -2.62393182737e-08,
        "var": 1.23182330614e-17
    },
    "spectral_energy": {
        "dmean": 0.00795544777066,
        "dmean2": 0.0132527137175,
        "dvar": 6.6540473199e-05,
        "dvar2": 0.000179524024134,
        "max": 0.101091317832,
        "mean": 0.0343881845474,
        "median": 0.0347494482994,
        "min": 1.03364513578e-20,
        "var": 0.000192617037101
    },
    "spectral_energyband_high": {
        "dmean": 0.000619572529104,
        "dmean2": 0.000888246868271,
        "dvar": 1.28655995013e-06,
        "dvar2": 2.54050610238e-06,
        "max": 0.0151467137039,
        "mean": 0.00185364391655,
        "median": 0.00136584194843,
        "min": 7.57190550635e-21,
        "var": 3.09999154524e-06
    },
    "spectral_energyband_low": {
        "dmean": 0.00645119696856,
        "dmean2": 0.0110136074945,
        "dvar": 5.44453541806e-05,
        "dvar2": 0.000148449049448,
        "max": 0.0822010263801,
        "mean": 0.0128325866535,
        "median": 0.010741179809,
        "min": 6.69602680618e-23,
        "var": 9.28622030187e-05
    },
    "spectral_energyband_middle_high": {
        "dmean": 0.00222190236673,
        "dmean2": 0.00344232516363,
        "dvar": 4.72128249385e-06,
        "dvar2": 1.09579668788e-05,
        "max": 0.0307820979506,
        "mean": 0.0111755700782,
        "median": 0.0107574667782,
        "min": 1.61517929912e-21,
        "var": 2.78710285784e-05
    },
    "spectral_energyband_middle_low": {
        "dmean": 0.00441328436136,
        "dmean2": 0.00720191327855,
        "dvar": 3.10463838105e-05,
        "dvar2": 8.01332280389e-05,
        "max": 0.0545116327703,
        "mean": 0.0103704985231,
        "median": 0.00908570829779,
        "min": 2.22371937464e-22,
        "var": 5.01774120494e-05
    },
    "spectral_entropy": {
        "dmean": 0.0788196772337,
        "dmean2": 0.116402179003,
        "dvar": 0.00707935821265,
        "dvar2": 0.0117888841778,
        "max": 9.80478572845,
        "mean": 7.96117353439,
        "median": 7.95776176453,
        "min": 6.29278564453,
        "var": 0.0477783642709
    },
    "spectral_flux": {
        "dmean": 0.0213439334184,
        "dmean2": 0.0336922742426,
        "dvar": 0.000391003006371,
        "dvar2": 0.00089455966372,
        "max": 0.271649122238,
        "mean": 0.109990410507,
        "median": 0.109700880945,
        "min": 1.03889154224e-10,
        "var": 0.00132486701477
    },
    "spectral_kurtosis": {
        "dmean": 1.02811288834,
        "dmean2": 1.75347709656,
        "dvar": 1.34037876129,
        "dvar2": 4.10197401047,
        "max": 17.8619651794,
        "mean": 3.39344787598,
        "median": 3.2116060257,
        "min": -1.21414971352,
        "var": 2.27344822884
    },
    "spectral_rms": {
        "dmean": 0.000641841732431,
        "dmean2": 0.00105648359749,
        "dvar": 3.64163810218e-07,
        "dvar2": 9.77307195171e-07,
        "max": 0.0099310465157,
        "mean": 0.0056028412655,
        "median": 0.00582253420725,
        "min": 3.17558544564e-12,
        "var": 2.15756745092e-06
    },
    "spectral_rolloff": {
        "dmean": 652.145446777,
        "dmean2": 1031.5291748,
        "dvar": 806748.125,
        "dvar2": 1540832.125,
        "max": 18583.1542969,
        "mean": 2524.6003418,
        "median": 2347.11914062,
        "min": 107.666015625,
        "var": 1731105.875
    },
    "spectral_skewness": {
        "dmean": 0.136629447341,
        "dmean2": 0.230148285627,
        "dvar": 0.0174534507096,
        "dvar2": 0.0456055141985,
        "max": 2.16994333267,
        "mean": 1.19072961807,
        "median": 1.20652246475,
        "min": -0.0214197617024,
        "var": 0.0503300093114
    },
    "spectral_spread": {
        "dmean": 397029.28125,
        "dmean2": 565785.375,
        "dvar": 1.04481698611e+12,
        "dvar2": 1.07509271757e+12,
        "max": 41653708,
        "mean": 4051978.75,
        "median": 3911728.5,
        "min": 1578663.75,
        "var": 2.13913462374e+12
    },
    "spectral_strongpeak": {
        "dmean": 0.505823671818,
        "dmean2": 0.895573496819,
        "dvar": 0.704478502274,
        "dvar2": 1.87737667561,
        "max": 7.91781330109,
        "mean": 0.639595746994,
        "median": 0.314870268106,
        "min": 0,
        "var": 0.8469851017
    },
    "zerocrossingrate": {
        "dmean": 0.0113234836608,
        "dmean2": 0.0135597605258,
        "dvar": 0.000292300683213,
        "dvar2": 0.000428763683885,
        "max": 0.50439453125,
        "mean": 0.081960901618,
        "median": 0.0771484375,
        "min": 0.0078125,
        "var": 0.000978721887805
    },
    "barkbands": {
        "dmean": [0.00081153208157, 0.00418719416484, 0.00310772284865, 0.00187879276928, 0.00252716103569, 0.000971417408437, 0.000758669862989, 0.000405365601182, 0.000639108242467, 0.00080909463577, 0.0006166548701, 0.000397415162297, 0.000391647656215, 0.000528448843397, 0.000528471835423, 0.000655984680634, 0.000508411903866, 0.000471703475341, 0.00036160761374, 0.000272757810308, 0.000178129048436, 0.000126313461806, 0.000109618253191, 0.000192711449927, 6.56305710436e-05, 2.4026758183e-05, 4.05936688708e-08],
        "dmean2": [0.00127794558648, 0.00717217149213, 0.00534501299262, 0.00321409106255, 0.00425070431083, 0.00164552021306, 0.00125321222004, 0.00070017244434, 0.00102939410135, 0.00127973605413, 0.000946278916672, 0.000657567288727, 0.000654108123854, 0.000878056569491, 0.000886842724867, 0.00109431589954, 0.000858522893395, 0.000799119356088, 0.000607473426498, 0.000451809668448, 0.000282093707938, 0.000194838925381, 0.000165095858392, 0.000286459806375, 9.40126847127e-05, 3.66063941328e-05, 7.21532202874e-08],
        "dvar": [1.92412971955e-06, 3.20486469718e-05, 1.33032544909e-05, 4.24576410296e-06, 1.95867905859e-05, 2.30687874136e-06, 2.26538259085e-06, 6.83905170717e-07, 1.61483797001e-06, 2.31416538554e-06, 1.53708674588e-06, 3.26589059796e-07, 2.25478572702e-07, 5.28906809905e-07, 3.84029675615e-07, 4.65253350512e-07, 2.33403923744e-07, 2.20931539729e-07, 1.33308446948e-07, 1.09227890732e-07, 5.63402480225e-08, 3.47143398471e-08, 4.28216679893e-08, 2.75497001212e-07, 3.73550683719e-08, 4.18182866113e-09, 1.14346847488e-14],
        "dvar2": [4.40540770796e-06, 8.52582597872e-05, 3.56430246029e-05, 1.18333136925e-05, 5.09949422849e-05, 5.8433297454e-06, 5.66730932405e-06, 1.8079020947e-06, 3.66962512999e-06, 5.26453140992e-06, 3.40452106684e-06, 8.51536810842e-07, 5.70390056964e-07, 1.36406913498e-06, 9.92073751149e-07, 1.18332479815e-06, 6.67267727295e-07, 6.13372833413e-07, 3.60184202464e-07, 2.84169573206e-07, 1.29698406681e-07, 7.79226922987e-08, 8.66211635753e-08, 6.02994987275e-07, 7.80354127983e-08, 9.66666924285e-09, 3.19992581152e-14],
        "max": [0.0143669061363, 0.0532415024936, 0.0344078801572, 0.0191833972931, 0.0433140099049, 0.0152166569605, 0.0163647197187, 0.014111591503, 0.0202709119767, 0.0226936023682, 0.0192640367895, 0.00908529944718, 0.00726930517703, 0.0105128074065, 0.00765049085021, 0.01250077039, 0.00697645312175, 0.00544828968123, 0.00464363349602, 0.00493536377326, 0.00413016695529, 0.00260145589709, 0.00331985321827, 0.00711720483378, 0.00298878457397, 0.00104720180389, 2.76985656456e-06],
        "mean": [0.000849540170748, 0.00535778142512, 0.00499076023698, 0.0029394950252, 0.003307584906, 0.00129074277356, 0.000931917165872, 0.00050607486628, 0.00106861314271, 0.00139876850881, 0.00123262102716, 0.000706256483681, 0.000727729930077, 0.000945455802139, 0.0010900660418, 0.00146077363752, 0.00118052551989, 0.00117587205023, 0.000986747909337, 0.000690593384206, 0.000474631495308, 0.000314279692248, 0.000260838831309, 0.000352487928467, 0.000109961605631, 3.80550918635e-05, 3.51320146308e-08],
        "median": [0.000248016382102, 0.00321874232031, 0.00374134257436, 0.00225669983774, 0.00208450830542, 0.00074331095675, 0.000439260038547, 0.000306548317894, 0.00053895189194, 0.000632661452983, 0.000412978173699, 0.000515447114594, 0.000564654299524, 0.000723644567188, 0.000843943213113, 0.0012827492319, 0.00110853789374, 0.00106633268297, 0.000908068672288, 0.000588015187532, 0.000392044661567, 0.0002269904071, 0.00017836187908, 0.000138071249239, 4.31361368101e-05, 1.45399253597e-05, 9.16173537036e-09],
        "min": [1.04349613353e-23, 2.41606796025e-23, 8.53285992059e-24, 2.35105359431e-24, 2.2725088439e-23, 1.43322221413e-23, 3.03814379081e-23, 7.80460088783e-24, 5.06628119676e-23, 4.30104793783e-23, 2.30674162066e-23, 1.18627135879e-22, 1.99312119566e-22, 6.65556833916e-23, 1.41011398541e-22, 6.17850565336e-23, 1.28537816312e-22, 1.27522407177e-22, 2.81363031687e-22, 2.46429973641e-22, 4.82532357015e-22, 4.48484665962e-22, 6.18326747022e-22, 1.01145761124e-21, 1.04099670348e-21, 1.40926595363e-21, 2.30599436112e-21],
        "var": [2.38558322962e-06, 3.94667695218e-05, 2.04368789127e-05, 6.72901387588e-06, 1.84913496923e-05, 2.80978747469e-06, 2.58299360212e-06, 6.25234804374e-07, 3.04619129565e-06, 5.80976848141e-06, 6.04931119597e-06, 6.02052693921e-07, 4.41253376948e-07, 8.25012421046e-07, 8.28922225082e-07, 1.00932265923e-06, 4.58995344843e-07, 4.94935420647e-07, 3.20362687489e-07, 2.27348039061e-07, 1.36713651955e-07, 8.46336831728e-08, 9.71800702132e-08, 4.47743673249e-07, 6.03566974178e-08, 5.79732706285e-09, 8.44218849694e-15]
    },
    "erbbands": {
        "dmean": [0.157488763332, 0.910713016987, 2.98873806, 5.29386377335, 7.08965063095, 10.0584115982, 5.96323776245, 9.53836154938, 12.7066993713, 7.85809755325, 9.07565784454, 15.0897274017, 21.1374168396, 25.5539207458, 20.6672172546, 16.5387401581, 16.8688163757, 23.0470314026, 28.0409851074, 25.5309753418, 33.8072013855, 25.4167785645, 24.5373821259, 22.1284122467, 16.1876621246, 12.1307678223, 8.74700546265, 5.99661016464, 4.97240209579, 3.31917357445, 3.2116765976, 4.27391052246, 2.88349795341, 0.961016654968, 0.387440383434, 0.172850042582, 0.0296278167516, 0.00225758808665, 5.31925034011e-05, 1.12353945951e-05],
        "dmean2": [0.262368619442, 1.59003508091, 5.18177032471, 8.89204406738, 11.9105834961, 17.3345680237, 10.1780672073, 16.0525436401, 21.1951789856, 13.29210186, 15.5752725601, 23.9017009735, 33.737739563, 39.4682044983, 32.0571975708, 27.3334846497, 28.3332252502, 38.5893783569, 46.1867828369, 42.5718383789, 56.3543663025, 42.7079391479, 41.7185020447, 37.6335449219, 26.848367691, 19.8683071136, 13.9837503433, 9.37985229492, 7.80196523666, 4.94620323181, 4.84649133682, 6.53866529465, 4.28809738159, 1.38632071018, 0.56775778532, 0.258982241154, 0.0459977686405, 0.00354487868026, 8.11031786725e-05, 1.79652815859e-05],
        "dvar": [0.0505077242851, 1.89949667454, 13.8862810135, 32.5851783752, 87.985748291, 386.394134521, 91.8322525024, 248.502639771, 628.233215332, 221.010894775, 317.37008667, 990.180908203, 1968.03491211, 2559.26367188, 1480.45532227, 535.199645996, 415.757568359, 885.319641113, 1329.02355957, 788.972045898, 1306.17956543, 579.372314453, 587.155334473, 536.542114258, 284.411895752, 197.216430664, 135.227386475, 79.0691680908, 53.3220100403, 26.1462974548, 39.2828826904, 108.346603394, 80.8597106934, 7.9701461792, 1.37228751183, 0.241943076253, 0.00597759429365, 3.55259253411e-05, 1.5872350545e-08, 1.84586262941e-10],
        "dvar2": [0.12899671495, 5.27387285233, 38.6906890869, 87.0129623413, 223.332717896, 1022.19396973, 245.468353271, 641.627319336, 1575.08630371, 536.722595215, 833.969299316, 2269.51489258, 4703.32275391, 5767.31103516, 3273.6730957, 1420.59362793, 1079.11437988, 2350.01757812, 3382.12207031, 2134.44995117, 3211.95214844, 1668.83422852, 1663.68127441, 1438.43200684, 726.942382812, 506.693603516, 330.926086426, 187.07800293, 121.363731384, 55.0911521912, 78.9470825195, 235.710540771, 184.428115845, 16.7424926758, 2.98339557648, 0.547503590584, 0.0143421562389, 8.77451820998e-05, 3.77635664961e-08, 4.47842374296e-10],
        "max": [1.97303903103, 13.2999410629, 38.5499649048, 52.0882225037, 93.2141342163, 171.166946411, 116.99168396, 195.539245605, 258.844451904, 252.119842529, 286.781311035, 508.558349609, 686.448669434, 748.314697266, 877.982849121, 439.113037109, 324.674194336, 427.680755615, 511.64163208, 502.282653809, 771.712280273, 358.488616943, 297.944793701, 342.422302246, 223.383483887, 195.790420532, 221.41645813, 171.504882812, 92.069732666, 100.522323608, 96.5916900635, 146.70614624, 139.263671875, 47.0013694763, 17.032377243, 8.27787399292, 0.987599372864, 0.107486248016, 0.00197053421289, 0.000218095665332],
        "mean": [0.181715548038, 1.12413966656, 4.54575300217, 9.55946063995, 10.5694150925, 10.8440494537, 8.28466033936, 12.1439847946, 15.4170274734, 10.4124031067, 12.5571146011, 26.2727050781, 37.1282157898, 47.7780532837, 42.1310806274, 31.7377719879, 34.5611915588, 45.3926887512, 58.2724189758, 62.2263412476, 80.7517929077, 65.7971801758, 62.2846298218, 58.8428764343, 45.441734314, 31.6488952637, 23.1056060791, 15.5405006409, 11.9308767319, 8.63668060303, 7.43716049194, 8.23757743835, 4.75923538208, 1.62826955318, 0.632035553455, 0.267685711384, 0.0471140667796, 0.00331069203094, 0.000105622770207, 5.03882911289e-05],
        "median": [0.0819289758801, 0.701625883579, 3.37546610832, 7.62764787674, 7.54122591019, 5.69817638397, 5.45064258575, 6.5600233078, 7.03837585449, 6.0668759346, 8.11549186707, 12.8794631958, 17.9474449158, 20.1702613831, 18.7703113556, 23.8952121735, 27.3220214844, 37.0638885498, 43.4636573792, 54.3460273743, 74.1055755615, 62.3017539978, 56.5400314331, 54.3386955261, 40.4247055054, 27.6432094574, 19.6087875366, 12.0298519135, 8.5073184967, 6.5282497406, 4.80511522293, 3.46809625626, 1.79937493801, 0.635160505772, 0.24967841804, 0.0991717651486, 0.0202454514802, 0.00138962292112, 6.03792032052e-05, 4.99745910929e-05],
        "min": [8.07789174569e-22, 5.65790004178e-21, 1.08174391126e-20, 1.4306272871e-20, 4.1258654199e-20, 1.06782128217e-19, 5.30433122091e-20, 1.40383135277e-19, 6.25157257573e-19, 2.36329016524e-19, 2.62341106753e-19, 8.6523138602e-19, 1.04152658052e-18, 1.84205533033e-18, 3.86294669551e-18, 4.79575703152e-18, 8.35740112096e-18, 4.47109194981e-18, 5.49853009353e-18, 4.77035141977e-18, 4.41327367936e-18, 7.88049179315e-18, 7.54770131629e-18, 1.43947095162e-17, 1.64961105772e-17, 1.26719148118e-17, 1.35404709986e-17, 1.71670566244e-17, 1.53083850967e-17, 2.07538573442e-17, 1.59988013211e-17, 1.73974148444e-17, 1.83215774207e-17, 1.19961016339e-17, 8.01435277732e-18, 4.87729181091e-18, 2.73873421039e-18, 1.26909296262e-18, 2.99419374313e-19, 2.93687923859e-20],
        "var": [0.0630280375481, 1.85489976406, 17.3377094269, 64.3519363403, 110.955047607, 315.658233643, 95.3309326172, 289.069244385, 723.772399902, 251.111404419, 312.095367432, 1999.6472168, 4087.90991211, 6352.6875, 5864.98876953, 1010.03283691, 853.318969727, 1341.25585938, 2802.28051758, 1791.19836426, 2806.68969727, 1252.25366211, 1338.64465332, 1165.78601074, 766.143188477, 457.174102783, 286.942443848, 179.954284668, 124.000541687, 70.2889175415, 86.166053772, 193.091934204, 112.613037109, 12.855424881, 2.05000710487, 0.335675597191, 0.00793227925897, 4.20837241109e-05, 2.22404086259e-08, 5.13293962889e-10]
    },
    "gfcc": {
        "mean": [48.1961669922, 80.9470825195, -138.602096558, 55.2768669128, -48.9451599121, 22.1932563782, -38.9824333191, 12.501458168, -26.5957050323, -2.63658666611, -18.9453334808, -2.12503099442, -10.5630664825],
        "cov": [[7382.88183594, -518.497802734, -3.04986953735, 103.005241394, -424.587890625, 283.66809082, -287.345825195, 205.264511108, -60.5719604492, 161.329574585, -36.9183235168, 120.151153564, -73.7087936401], [-518.497802734, 569.70880127, -227.515136719, -1.78874576092, 162.10723877, -158.517227173, 125.042770386, -83.9363708496, 45.0047454834, -65.9490814209, 13.8430538177, -47.4000473022, 36.8355293274], [-3.04986953735, -227.515136719, 443.792694092, 39.4647521973, -65.3093643188, 149.438278198, -125.608345032, 62.7785758972, 4.59999036789, 46.6099128723, 16.4221305847, 23.1922054291, -34.6777801514], [103.005241394, -1.78874576092, 39.4647521973, 96.4585571289, 20.2638397217, 10.2196578979, -13.7073030472, -4.34171152115, 21.6785125732, 16.7528095245, 12.3951330185, -5.3181271553, 4.17805814743], [-424.587890625, 162.10723877, -65.3093643188, 20.2638397217, 151.4168396, -33.6019287109, 80.7552337646, -16.8301773071, 15.7847394943, -21.7616119385, 1.96003675461, -13.1234741211, 20.3238105774], [283.66809082, -158.517227173, 149.438278198, 10.2196578979, -33.6019287109, 191.006500244, -21.9286651611, 69.0841903687, -16.6405277252, -1.4965313673, 15.9109535217, 17.3507652283, -8.94289875031], [-287.345825195, 125.042770386, -125.608345032, -13.7073030472, 80.7552337646, -21.9286651611, 131.677642822, -0.715700924397, 8.60191917419, -30.4493122101, -5.58423423767, -6.47127437592, 20.514749527], [205.264511108, -83.9363708496, 62.7785758972, -4.34171152115, -16.8301773071, 69.0841903687, -0.715700924397, 80.7469482422, 16.862537384, 14.4263114929, 0.948255300522, 5.92709779739, -3.15195083618], [-60.5719604492, 45.0047454834, 4.59999036789, 21.6785125732, 15.7847394943, -16.6405277252, 8.60191917419, 16.862537384, 66.5476608276, 26.5797977448, 13.1499271393, -5.82406616211, 3.68744874001], [161.329574585, -65.9490814209, 46.6099128723, 16.7528095245, -21.7616119385, -1.4965313673, -30.4493122101, 14.4263114929, 26.5797977448, 64.7914810181, 19.9443397522, 16.8418998718, -5.66235923767], [-36.9183235168, 13.8430538177, 16.4221305847, 12.3951330185, 1.96003675461, 15.9109535217, -5.58423423767, 0.948255300522, 13.1499271393, 19.9443397522, 53.8375968933, 25.3170566559, 10.3577203751], [120.151153564, -47.4000473022, 23.1922054291, -5.3181271553, -13.1234741211, 17.3507652283, -6.47127437592, 5.92709779739, -5.82406616211, 16.8418998718, 25.3170566559, 60.0016784668, 16.2268981934], [-73.7087936401, 36.8355293274, -34.6777801514, 4.17805814743, 20.3238105774, -8.94289875031, 20.514749527, -3.15195083618, 3.68744874001, -5.66235923767, 10.3577203751, 16.2268981934, 45.3335876465]],
        "icov": [[0.000286834721919, -0.000477891589981, 0.000637308461592, -0.000786139047705, 0.000672521186061, -0.000682026613504, 0.000712806358933, -0.000905095657799, 0.000660506717395, -0.00102877558675, 0.00118465081323, -0.00104318617377, 0.00051360973157], [-0.000477891589981, 0.00591750955209, -0.000903923762962, 0.00233536073938, -0.00375785771757, 0.00356275821105, -0.00222265953198, 0.00384481181391, -0.00505554350093, 0.00692866696045, -0.00642527546734, 0.00444569112733, -0.00167790229898], [0.000637308461592, -0.000903923762962, 0.00624469295144, -0.00240623112768, 2.47054049396e-05, -0.00458565447479, 0.00590961892158, -0.00271948007867, 0.000310177827487, -0.00304794940166, 0.00359877874143, -0.00386317167431, 0.00314490520395], [-0.000786139047705, 0.00233536073938, -0.00240623112768, 0.0161772575229, -0.00522990711033, -0.0002447332663, 2.97424467135e-05, 0.00693690823391, -0.00650688959286, 0.00070775731001, -0.00484274653718, 0.00640691351146, -0.00431131478399], [0.000672521186061, -0.00375785771757, 2.47054049396e-05, -0.00522990711033, 0.0148992780596, -0.00116195809096, -0.00557454954833, -0.00180667685345, 0.00269742263481, -0.00314114638604, 0.00330136716366, -0.00169755914249, -0.000622405670583], [-0.000682026613504, 0.00356275821105, -0.00458565447479, -0.0002447332663, -0.00116195809096, 0.0153828114271, -0.00420345971361, -0.00678656622767, 0.00235064537264, 0.00948173832148, -0.0104118557647, 0.00351042835973, -0.000387793261325], [0.000712806358933, -0.00222265953198, 0.00590961892158, 2.97424467135e-05, -0.00557454954833, -0.00420345971361, 0.0195655971766, -0.00564056634903, -0.000796957057901, 0.00035579566611, 0.00528918439522, -0.00541141768917, 0.000744349265005], [-0.000905095657799, 0.00384481181391, -0.00271948007867, 0.00693690823391, -0.00180667685345, -0.00678656622767, -0.00564056634903, 0.0287457853556, -0.0129490578547, 0.00028476191801, 0.000444669218268, 0.00413446268067, -0.00378558808006], [0.000660506717395, -0.00505554350093, 0.000310177827487, -0.00650688959286, 0.00269742263481, 0.00235064537264, -0.000796957057901, -0.0129490578547, 0.030898116529, -0.0150954956189, -0.000633244635537, 0.00272833090276, -0.000497186440043], [-0.00102877558675, 0.00692866696045, -0.00304794940166, 0.00070775731001, -0.00314114638604, 0.00948173832148, 0.00035579566611, 0.00028476191801, -0.0150954956189, 0.0376525335014, -0.0146034806967, -0.00138183974195, 0.00320019829087], [0.00118465081323, -0.00642527546734, 0.00359877874143, -0.00484274653718, 0.00330136716366, -0.0104118557647, 0.00528918439522, 0.000444669218268, -0.000633244635537, -0.0146034806967, 0.038136921823, -0.0170840620995, 7.87485478213e-05], [-0.00104318617377, 0.00444569112733, -0.00386317167431, 0.00640691351146, -0.00169755914249, 0.00351042835973, -0.00541141768917, 0.00413446268067, 0.00272833090276, -0.00138183974195, -0.0170840620995, 0.0333519391716, -0.0130935572088], [0.00051360973157, -0.00167790229898, 0.00314490520395, -0.00431131478399, -0.000622405670583, -0.000387793261325, 0.000744349265005, -0.00378558808006, -0.000497186440043, 0.00320019829087, 7.87485478213e-05, -0.0130935572088, 0.031771607697]]
    },
    "melbands": {
        "dmean": [0.0012281103991, 0.00135646259878, 0.000865953683387, 0.000620909966528, 0.000246989278821, 0.000210039681406, 0.000179513328476, 8.36566105136e-05, 7.67813908169e-05, 0.000100620287412, 0.000109656459244, 0.000109095002699, 7.54313150537e-05, 4.25025755248e-05, 4.57535024907e-05, 4.1189341573e-05, 4.93061415909e-05, 4.94826053909e-05, 3.79165430786e-05, 4.6928977099e-05, 4.25882826676e-05, 3.21724692185e-05, 2.64874270215e-05, 2.1829162506e-05, 2.00173490157e-05, 1.4122916582e-05, 1.24365697047e-05, 8.32682599139e-06, 6.23399046162e-06, 4.90224510941e-06, 3.64966126654e-06, 3.19306968777e-06, 2.43378372033e-06, 1.95399752556e-06, 1.9582648747e-06, 2.1871574063e-06, 3.07583218273e-06, 2.3046145543e-06, 1.37117876875e-06, 6.83699511228e-07],
        "dmean2": [0.00207804841921, 0.00236119306646, 0.00145383074414, 0.00104357826058, 0.000418630341301, 0.000352741830284, 0.000299494917272, 0.000142270509969, 0.000131790875457, 0.000159386385349, 0.000174135013367, 0.000168969112565, 0.000116713461466, 6.95069393259e-05, 7.70103506511e-05, 6.84702899889e-05, 8.26913310448e-05, 8.18238841021e-05, 6.34456810076e-05, 7.85093216109e-05, 7.15996866347e-05, 5.45885523024e-05, 4.53020657005e-05, 3.69186745957e-05, 3.43405336025e-05, 2.36554042203e-05, 2.0761965061e-05, 1.37066890602e-05, 1.01704517874e-05, 7.93009439803e-06, 5.83941573495e-06, 5.09334586241e-06, 3.8166676859e-06, 2.97745145872e-06, 3.04945024254e-06, 3.37063215738e-06, 4.76319701193e-06, 3.4759304981e-06, 2.02025125873e-06, 1.01520902263e-06],
        "dvar": [2.69371457762e-06, 3.23765038956e-06, 8.06376249329e-07, 1.22732330965e-06, 1.48484858187e-07, 1.1338762107e-07, 1.22996510754e-07, 2.55884486933e-08, 2.18601297064e-08, 4.33003499722e-08, 5.2647902038e-08, 4.35515978836e-08, 2.2401712485e-08, 3.67530383905e-09, 5.10073494553e-09, 2.53409093709e-09, 4.18336831842e-09, 4.6335597581e-09, 1.7286240217e-09, 2.41020514657e-09, 2.11922146498e-09, 9.85837633749e-10, 6.46868336673e-10, 5.00463503972e-10, 4.48300230271e-10, 2.23602775185e-10, 2.20319706923e-10, 9.26640222887e-11, 7.2465977663e-11, 3.95356317129e-11, 3.38293941471e-11, 2.24113210628e-11, 1.07602503296e-11, 9.67656423739e-12, 1.19948677726e-11, 2.82491911807e-11, 5.42229212919e-11, 5.23652961271e-11, 1.68166019304e-11, 4.15363576867e-12],
        "dvar2": [6.8931003625e-06, 9.0523108156e-06, 2.19048865802e-06, 3.18730417348e-06, 3.95389037067e-07, 2.89581578272e-07, 3.06650207449e-07, 6.30025738246e-08, 5.61313555636e-08, 9.85594752478e-08, 1.24735677787e-07, 9.8207912913e-08, 4.80722164298e-08, 9.18294418284e-09, 1.34478526093e-08, 6.33813801443e-09, 1.10850715274e-08, 1.16825145113e-08, 4.57512205898e-09, 6.58249676988e-09, 5.25592858125e-09, 2.86421930618e-09, 1.83320680858e-09, 1.38617117784e-09, 1.2119494297e-09, 5.91143411999e-10, 5.94624849359e-10, 2.40808289975e-10, 1.80641071545e-10, 9.73645608582e-11, 8.28792728891e-11, 5.19547217748e-11, 2.4912410676e-11, 2.14506155893e-11, 2.55494358309e-11, 5.92288509904e-11, 1.21030310773e-10, 1.19793355791e-10, 3.71542345501e-11, 9.33470575143e-12],
        "max": [0.0127279413864, 0.0192495640367, 0.00779039552435, 0.0112453419715, 0.00524634495378, 0.00376516813412, 0.0037739588879, 0.00257000536658, 0.00201192055829, 0.0033050191123, 0.00362813705578, 0.00302103348076, 0.00279914052226, 0.000908607325982, 0.00130115251523, 0.000992113142274, 0.000887865200639, 0.000980976969004, 0.000501230068039, 0.000662259990349, 0.000984908081591, 0.000453182379715, 0.000286411755951, 0.000378497701604, 0.000289734482067, 0.000186811332242, 0.000202028255444, 0.000121741104522, 0.000188478079508, 9.00385421119e-05, 0.000116046438052, 5.62216810067e-05, 5.31310361112e-05, 5.73620054638e-05, 5.45090224477e-05, 8.16702377051e-05, 0.000120648430311, 0.000101795609226, 7.04452686477e-05, 3.69444933312e-05],
        "mean": [0.00157215923537, 0.0021536462009, 0.00168842251878, 0.000784033734817, 0.000329943926772, 0.000272933917586, 0.000221678739763, 0.000108459615149, 0.000103892059997, 0.000170242303284, 0.000187250188901, 0.000196019667783, 0.000153012006194, 8.03607617854e-05, 8.11034697108e-05, 7.60104012443e-05, 8.60688160174e-05, 9.38700468396e-05, 7.71216655266e-05, 9.71566623775e-05, 9.35532152653e-05, 7.12931723683e-05, 5.88933035033e-05, 5.21193796885e-05, 4.77677422168e-05, 3.52806055162e-05, 2.90163516183e-05, 1.89094171219e-05, 1.47304826896e-05, 1.17210893222e-05, 8.15626481199e-06, 6.93607762514e-06, 5.55776341571e-06, 4.53674419987e-06, 4.30039153798e-06, 4.11930750488e-06, 5.62586910746e-06, 3.59893260793e-06, 2.17280262405e-06, 1.09721213448e-06],
        "median": [0.000853251316585, 0.00166025361978, 0.00144882267341, 0.000473095744383, 0.000218428860535, 0.000149975923705, 0.000102960118966, 6.18816629867e-05, 6.59275538055e-05, 7.83152718213e-05, 8.51592849358e-05, 7.99709596322e-05, 5.59931359021e-05, 5.72376229684e-05, 6.17694240646e-05, 5.5668198911e-05, 6.59056531731e-05, 6.62596139591e-05, 6.36553377262e-05, 8.35049140733e-05, 8.44498572405e-05, 6.58724529785e-05, 5.19611348864e-05, 4.71667626698e-05, 4.31641783507e-05, 3.13148266287e-05, 2.4197906896e-05, 1.59866031026e-05, 1.22394176287e-05, 9.60175111686e-06, 5.89136834606e-06, 4.70754821436e-06, 4.02055457016e-06, 3.27388488586e-06, 2.81492339127e-06, 2.17302567762e-06, 2.01985994863e-06, 1.27916882775e-06, 7.51146671973e-07, 4.40178240524e-07],
        "min": [8.28649392672e-24, 8.24320439569e-24, 3.97357363227e-24, 6.14763642174e-24, 2.08299944758e-24, 4.05135768411e-24, 8.89113056703e-24, 2.3075078807e-24, 2.32687007719e-24, 6.89687994344e-24, 4.83344503517e-24, 7.19783747853e-24, 8.62208797758e-24, 1.17583039028e-23, 1.01099096215e-23, 1.91254041103e-23, 6.75697072873e-24, 7.99913240934e-24, 9.73891859301e-24, 4.26873658958e-24, 4.8119718469e-24, 8.1705889605e-24, 7.35829257551e-24, 5.45266968576e-24, 1.07477052411e-23, 1.16045249356e-23, 8.5123747806e-24, 7.88366526092e-24, 8.40736240576e-24, 8.78680450117e-24, 1.15238662746e-23, 8.03734483159e-24, 8.38459430232e-24, 1.22523911535e-23, 9.12719324861e-24, 8.70643298557e-24, 1.15665878258e-23, 1.26317330636e-23, 1.08249394569e-23, 9.66697211187e-24],
        "var": [3.64211837223e-06, 3.75611534764e-06, 1.55619989073e-06, 1.14276315344e-06, 1.51026029016e-07, 1.36796685979e-07, 1.41563020861e-07, 2.81482179787e-08, 2.28936229973e-08, 9.0087567628e-08, 1.1607436079e-07, 1.05759788482e-07, 9.10899728979e-08, 8.17624457028e-09, 7.83817988292e-09, 5.60513191417e-09, 6.1045488664e-09, 9.01006291798e-09, 3.2871403377e-09, 4.96247487547e-09, 4.15384615593e-09, 1.7676602404e-09, 1.33063371432e-09, 1.04138131451e-09, 8.70597371971e-10, 5.17739517925e-10, 4.36091079914e-10, 1.90038484948e-10, 1.31380628599e-10, 8.63637841797e-11, 6.43994441107e-11, 4.75096489927e-11, 2.65251778875e-11, 2.31487329305e-11, 2.60543635278e-11, 4.9591178386e-11, 9.63601906601e-11, 7.08684291806e-11, 2.52091281877e-11, 6.00563045475e-12]
    },
    "mfcc": {
        "mean": [-580.093933105, 97.1660232544, -18.7882061005, 32.8605194092, 13.3901042938, 10.630525589, 4.05357217789, 9.86860084534, 1.15766131878, 3.39040613174, -5.5200138092, -1.7755266428, -4.40582370758],
        "cov": [[5321.99511719, -387.494506836, 173.729492188, -118.717422485, -65.5618286133, -14.0084037781, -89.9220581055, 20.3073959351, -46.6932601929, 67.708770752, -5.85309076309, 81.0780258179, -2.69814753532], [-387.494506836, 491.240905762, -278.146240234, 127.729606628, -32.6627883911, 4.22600078583, 14.5148992538, 8.50598049164, 20.1484050751, -18.5162143707, 7.13334608078, -47.6198425293, 5.39626979828], [173.729492188, -278.146240234, 513.413757324, -131.354370117, 127.904632568, 9.02945232391, -33.2132606506, 10.7324972153, -54.8422241211, 63.3499946594, -20.1605300903, 69.3999404907, -9.0339050293], [-118.717422485, 127.729606628, -131.354370117, 151.362075806, -8.56899452209, 3.16392922401, -16.2063407898, -34.7462806702, 23.7036266327, -20.4021987915, 24.0083808899, -19.1972351074, 20.9628314972], [-65.5618286133, -32.6627883911, 127.904632568, -8.56899452209, 111.424880981, 21.6874828339, 4.6472120285, 12.7269906998, -9.1246547699, 31.375957489, -5.79700803757, 23.7534065247, -2.59862041473], [-14.0084037781, 4.22600078583, 9.02945232391, 3.16392922401, 21.6874828339, 56.1865386963, 29.1649112701, 20.1512260437, 0.692987978458, -0.41467449069, -0.463137507439, 2.41727566719, 3.45840072632], [-89.9220581055, 14.5148992538, -33.2132606506, -16.2063407898, 4.6472120285, 29.1649112701, 83.9231109619, 44.9742660522, 14.7869300842, -3.9108543396, -9.79718780518, -3.77134513855, -7.67925214767], [20.3073959351, 8.50598049164, 10.7324972153, -34.7462806702, 12.7269906998, 20.1512260437, 44.9742660522, 80.5917282104, 15.906873703, 20.0527687073, -11.5562400818, 2.92046666145, -6.088078022], [-46.6932601929, 20.1484050751, -54.8422241211, 23.7036266327, -9.1246547699, 0.692987978458, 14.7869300842, 15.906873703, 57.9300575256, 12.8967075348, 11.8756093979, -13.4319200516, -6.93987131119], [67.708770752, -18.5162143707, 63.3499946594, -20.4021987915, 31.375957489, -0.41467449069, -3.9108543396, 20.0527687073, 12.8967075348, 73.7931289673, 10.456407547, 14.9153842926, -10.4464979172], [-5.85309076309, 7.13334608078, -20.1605300903, 24.0083808899, -5.79700803757, -0.463137507439, -9.79718780518, -11.5562400818, 11.8756093979, 10.456407547, 44.5642585754, 8.41832542419, 8.78078174591], [81.0780258179, -47.6198425293, 69.3999404907, -19.1972351074, 23.7534065247, 2.41727566719, -3.77134513855, 2.92046666145, -13.4319200516, 14.9153842926, 8.41832542419, 53.3165588379, 16.6884994507], [-2.69814753532, 5.39626979828, -9.0339050293, 20.9628314972, -2.59862041473, 3.45840072632, -7.67925214767, -6.088078022, -6.93987131119, -10.4464979172, 8.78078174591, 16.6884994507, 48.7404136658]],
