{
"lowlevel": {
    "average_loudness": 0.947699725628,
    "barkbands_crest": {
        "dmean": 4.04090881348,
        "dmean2": 6.74486732483,
        "dvar": 13.4242782593,
        "dvar2": 34.773147583,
        "max": 23.9950962067,
        "mean": 8.93734836578,
        "median": 7.69001579285,
        "min": 2.34267950058,
        "var": 21.5642566681
    },
    "barkbands_flatness_db": {
        "dmean": 0.0244574509561,
        "dmean2": 0.0407326035202,
        "dvar": 0.000529516662937,
        "dvar2": 0.00137017969973,
        "max": 0.228333175182,
        "mean": 0.0880205407739,
        "median": 0.0790188834071,
        "min": 0.0245718639344,
        "var": 0.00127656070981
    },
    "barkbands_kurtosis": {
        "dmean": 1.78490686417,
        "dmean2": 3.09094500542,
        "dvar": 7.50363397598,
        "dvar2": 19.1776199341,
        "max": 28.1019020081,
        "mean": 0.561508953571,
        "median": -0.430636644363,
        "min": -1.83255553246,
        "var": 9.09765529633
    },
    "barkbands_skewness": {
        "dmean": 0.641484022141,
        "dmean2": 1.03776705265,
        "dvar": 0.368442207575,
        "dvar2": 0.902168273926,
        "max": 5.09535217285,
        "mean": 0.959335923195,
        "median": 0.79890692234,
        "min": -1.30693089962,
        "var": 0.765321791172
    },
    "barkbands_spread": {
        "dmean": 9.54531383514,
        "dmean2": 15.7491092682,
        "dvar": 87.1090316772,
        "dvar2": 210.902175903,
        "max": 101.541938782,
        "mean": 39.2946815491,
        "median": 36.5339279175,
        "min": 7.45191860199,
        "var": 218.631988525
    },
    "dissonance": {
        "dmean": 0.00869980547577,
        "dmean2": 0.015193249099,
        "dvar": 6.93584588589e-05,
        "dvar2": 0.000187677287613,
        "max": 0.500000059605,
        "mean": 0.487620711327,
        "median": 0.490293085575,
        "min": 0.437927871943,
        "var": 9.50560570345e-05
    },
    "dynamic_complexity": 2.89832043648,
    "erbbands_crest": {
        "dmean": 2.06976389885,
        "dmean2": 3.42465829849,
        "dvar": 4.31966114044,
        "dvar2": 11.2360754013,
        "max": 21.578830719,
        "mean": 6.54544019699,
        "median": 5.66336727142,
        "min": 2.33518028259,
        "var": 8.09731483459
    },
    "erbbands_flatness_db": {
        "dmean": 0.013240871951,
        "dmean2": 0.0203974582255,
        "dvar": 0.000144602236105,
        "dvar2": 0.000314600183628,
        "max": 0.240372180939,
        "mean": 0.128432124853,
        "median": 0.128178820014,
        "min": 0.067848213017,
        "var": 0.000566836912185
    },
    "erbbands_kurtosis": {
        "dmean": 0.624560594559,
        "dmean2": 1.00104892254,
        "dvar": 0.326647847891,
        "dvar2": 0.868831038475,
        "max": 6.56147098541,
        "mean": 0.0433391854167,
        "median": -0.0571718215942,
        "min": -1.66032135487,
        "var": 0.779756426811
    },
    "erbbands_skewness": {
        "dmean": 0.28647390008,
        "dmean2": 0.451615869999,
        "dvar": 0.0563220791519,
        "dvar2": 0.129819795489,
        "max": 1.33779013157,
        "mean": -0.254693597555,
        "median": -0.242994368076,
        "min": -1.87900090218,
        "var": 0.304409146309
    },
    "erbbands_spread": {
        "dmean": 8.99580955505,
        "dmean2": 14.1337909698,
        "dvar": 70.7015609741,
        "dvar2": 169.914505005,
        "max": 115.062614441,
        "mean": 41.5067024231,
        "median": 38.4409332275,
        "min": 13.2348585129,
        "var": 222.965896606
    },
    "hfc": {
        "dmean": 10.7325649261,
        "dmean2": 17.7390708923,
        "dvar": 217.838180542,
        "dvar2": 541.92578125,
        "max": 152.549224854,
        "mean": 34.8579978943,
        "median": 32.1860084534,
        "min": 3.0477931432e-05,
        "var": 547.73223877
    },
    "melbands_crest": {
        "dmean": 4.68402767181,
        "dmean2": 7.41465330124,
        "dvar": 14.8689727783,
        "dvar2": 36.3444862366,
        "max": 31.3117485046,
        "mean": 14.0210914612,
        "median": 13.2842674255,
        "min": 4.00221538544,
        "var": 30.3048114777
    },
    "melbands_flatness_db": {
        "dmean": 0.0363032817841,
        "dmean2": 0.0597070753574,
        "dvar": 0.00105346483178,
        "dvar2": 0.00265517178923,
        "max": 0.305288791656,
        "mean": 0.14325375855,
        "median": 0.136008933187,
        "min": 0.027669351548,
        "var": 0.00263459212147
    },
    "melbands_kurtosis": {
        "dmean": 7.67922544479,
        "dmean2": 12.976521492,
        "dvar": 120.848403931,
        "dvar2": 304.994903564,
        "max": 115.123825073,
        "mean": 9.07604694366,
        "median": 4.72052669525,
        "min": -1.20911836624,
        "var": 172.619445801
    },
    "melbands_skewness": {
        "dmean": 1.0316375494,
        "dmean2": 1.6743324995,
        "dvar": 1.04096567631,
        "dvar2": 2.56825089455,
        "max": 9.35043525696,
        "mean": 2.49733304977,
        "median": 2.18849277496,
        "min": -0.144308447838,
        "var": 2.18892002106
    },
    "melbands_spread": {
        "dmean": 14.9698085785,
        "dmean2": 24.2546653748,
        "dvar": 221.401748657,
        "dvar2": 495.919769287,
        "max": 175.629058838,
        "mean": 40.4218826294,
        "median": 37.852016449,
        "min": 3.57284617424,
        "var": 493.779785156
    },
    "pitch_salience": {
        "dmean": 0.100520037115,
        "dmean2": 0.166108638048,
        "dvar": 0.00765991117805,
        "dvar2": 0.0195626877248,
        "max": 0.835389196873,
        "mean": 0.580136299133,
        "median": 0.606852293015,
        "min": 0.154165685177,
        "var": 0.0140429055318
    },
    "silence_rate_20dB": {
        "dmean": 0,
        "dmean2": 0,
        "dvar": 0,
        "dvar2": 0,
        "max": 1,
        "mean": 1,
        "median": 1,
        "min": 1,
        "var": 0
    },
    "silence_rate_30dB": {
        "dmean": 0.0154798757285,
        "dmean2": 0.0309837330133,
        "dvar": 0.0152404392138,
        "dvar2": 0.0455162487924,
        "max": 1,
        "mean": 0.992266058922,
        "median": 1,
        "min": 0,
        "var": 0.00767418090254
    },
    "silence_rate_60dB": {
        "dmean": 0.0061919502914,
        "dmean2": 0.0123934932053,
        "dvar": 0.00615360913798,
        "dvar2": 0.0168874226511,
        "max": 1,
        "mean": 0.0595514290035,
        "median": 0,
        "min": 0,
        "var": 0.0560063235462
    },
    "spectral_centroid": {
        "dmean": 308.649780273,
        "dmean2": 491.949371338,
        "dvar": 74997.5703125,
        "dvar2": 173888.984375,
        "max": 3973.95361328,
        "mean": 2245.47998047,
        "median": 2211.67504883,
        "min": 741.381835938,
        "var": 251324.65625
    },
    "spectral_complexity": {
        "dmean": 4.63931894302,
        "dmean2": 7.38497304916,
        "dvar": 18.4349746704,
        "dvar2": 41.5303192139,
        "max": 57,
        "mean": 33.4733161926,
        "median": 36,
        "min": 0,
        "var": 174.909790039
    },
    "spectral_decrease": {
        "dmean": 4.62507676602e-09,
        "dmean2": 7.65446372952e-09,
        "dvar": 3.9431931411e-17,
        "dvar2": 9.94179775549e-17,
        "max": -4.85567269783e-15,
        "mean": -8.55133031052e-09,
        "median": -6.65368293795e-09,
        "min": -4.55957689383e-08,
        "var": 5.28264836137e-17
    },
    "spectral_energy": {
        "dmean": 0.0178420804441,
        "dmean2": 0.0295181572437,
        "dvar": 0.000586184847634,
        "dvar2": 0.00147561251651,
        "max": 0.177109509706,
        "mean": 0.0354363955557,
        "median": 0.0289941765368,
        "min": 2.14772679641e-08,
        "var": 0.000809543766081
    },
    "spectral_energyband_high": {
        "dmean": 0.00111590779852,
        "dmean2": 0.00185925269034,
        "dvar": 2.40750205194e-06,
        "dvar2": 5.55642827749e-06,
        "max": 0.0155577454716,
        "mean": 0.00261952588335,
        "median": 0.00191554066259,
        "min": 1.23765864224e-09,
        "var": 5.78579556532e-06
    },
    "spectral_energyband_low": {
        "dmean": 0.0150399440899,
        "dmean2": 0.0253501255065,
        "dvar": 0.000464902812382,
        "dvar2": 0.00120811199304,
        "max": 0.141085132957,
        "mean": 0.0178841147572,
        "median": 0.00907622091472,
        "min": 4.57621318617e-09,
        "var": 0.000503501796629
    },
    "spectral_energyband_middle_high": {
        "dmean": 0.00215160707012,
        "dmean2": 0.00347678712569,
        "dvar": 5.99719169259e-06,
        "dvar2": 1.56029072969e-05,
        "max": 0.0330023132265,
        "mean": 0.00784899946302,
        "median": 0.00702524371445,
        "min": 8.96327811972e-09,
        "var": 3.06018773699e-05
    },
    "spectral_energyband_middle_low": {
        "dmean": 0.00498446030542,
        "dmean2": 0.00850550271571,
        "dvar": 0.000113600872282,
        "dvar2": 0.000317404425004,
        "max": 0.0968342870474,
        "mean": 0.00839817151427,
        "median": 0.00571641325951,
        "min": 5.41222666683e-09,
        "var": 0.000103210986708
    },
    "spectral_entropy": {
        "dmean": 0.102638460696,
        "dmean2": 0.158280521631,
        "dvar": 0.0101738572121,
        "dvar2": 0.022508116439,
        "max": 8.69100379944,
        "mean": 8.06287002563,
        "median": 8.05868244171,
        "min": 7.43288087845,
        "var": 0.03712374717
    },
    "spectral_flux": {
        "dmean": 0.034670509398,
        "dmean2": 0.0529871731997,
        "dvar": 0.00155249657109,
        "dvar2": 0.00302506820299,
        "max": 0.351305872202,
        "mean": 0.11799698323,
        "median": 0.107687518001,
        "min": 0.000155318251927,
        "var": 0.00386359565891
    },
    "spectral_kurtosis": {
        "dmean": 0.853541433811,
        "dmean2": 1.44238054752,
        "dvar": 0.65787166357,
        "dvar2": 1.80650997162,
        "max": 9.56555461884,
        "mean": 2.3997900486,
        "median": 2.32453393936,
        "min": -0.444383382797,
        "var": 1.27357542515
    },
    "spectral_rms": {
        "dmean": 0.00128226797096,
        "dmean2": 0.00205721473321,
        "dvar": 2.12488771467e-06,
        "dvar2": 5.16797308592e-06,
        "max": 0.0131449522451,
        "mean": 0.00539976684377,
        "median": 0.00531855272129,
        "min": 4.57749183624e-06,
        "var": 5.41463941772e-06
    },
    "spectral_rolloff": {
        "dmean": 1031.87609863,
        "dmean2": 1690.73376465,
        "dvar": 1578663.875,
        "dvar2": 3565809.25,
        "max": 10702.0019531,
        "mean": 2541.31787109,
        "median": 2260.98632812,
        "min": 86.1328125,
        "var": 3396561.75
    },
    "spectral_skewness": {
        "dmean": 0.154439657927,
        "dmean2": 0.257863163948,
        "dvar": 0.0185174532235,
        "dvar2": 0.0505347438157,
        "max": 2.21768689156,
        "mean": 1.04052400589,
        "median": 1.03258085251,
        "min": -0.0814691931009,
        "var": 0.0595963820815
    },
    "spectral_spread": {
        "dmean": 458183.625,
        "dmean2": 676590,
        "dvar": 285401317376,
        "dvar2": 507526709248,
        "max": 9758297,
        "mean": 4718982,
        "median": 4530940.5,
        "min": 2173175,
        "var": 1.18577404314e+12
    },
    "spectral_strongpeak": {
        "dmean": 0.368312448263,
        "dmean2": 0.658159732819,
        "dvar": 0.530718386173,
        "dvar2": 1.50136995316,
        "max": 11.4371681213,
        "mean": 0.445791393518,
        "median": 0.269678801298,
        "min": 0,
        "var": 0.41493293643
    },
    "zerocrossingrate": {
        "dmean": 0.0162436664104,
        "dmean2": 0.0200947970152,
        "dvar": 0.000311282172333,
        "dvar2": 0.000392849266063,
        "max": 0.2861328125,
        "mean": 0.0881462842226,
        "median": 0.08154296875,
        "min": 0.01904296875,
        "var": 0.00159590458497
    },
    "barkbands": {
        "dmean": [0.000611922179814, 0.0125449113548, 0.00353642483242, 0.00152197002899, 0.00239698309451, 0.000842461013235, 0.000654563540593, 0.000587715476286, 0.000806605326943, 0.00072937598452, 0.000387045845855, 0.000693872978445, 0.000390400586184, 0.000464531622129, 0.000470370432595, 0.000291656644549, 0.000313747557811, 0.000285496586002, 0.00027370848693, 0.000287021452095, 0.000301064428641, 0.000404033547966, 0.000199378133402, 0.000163410557434, 0.000105238526885, 4.25912548963e-05, 3.03273850477e-06],
        "dmean2": [0.00103445479181, 0.0215902831405, 0.00634806789458, 0.00267194816843, 0.00421622907743, 0.00138669868466, 0.00112431193702, 0.000990294152871, 0.00131480547134, 0.00123202428222, 0.000637082324829, 0.00116231350694, 0.000639565114398, 0.000780361762736, 0.000795312400442, 0.000475495675346, 0.000545495713595, 0.000490718113724, 0.000469391932711, 0.000487444573082, 0.000519056222402, 0.000711629108991, 0.000315972632961, 0.000265084701823, 0.000156582464115, 6.20613573119e-05, 4.94398409501e-06],
        "dvar": [9.98008317765e-07, 0.000370680325432, 3.58970137313e-05, 7.04577814759e-06, 4.96093780384e-05, 2.89264676212e-06, 3.71019336853e-06, 1.87632360849e-06, 1.86764691534e-06, 1.52591996994e-06, 6.49606363368e-07, 1.46348770613e-06, 4.94944742968e-07, 5.86618227771e-07, 6.39692757431e-07, 1.8736329821e-07, 2.23874820904e-07, 1.22342555642e-07, 1.37428969538e-07, 1.12978739253e-07, 1.31293930394e-07, 3.26893569991e-07, 1.41309229207e-07, 9.95096556267e-08, 7.54731175334e-08, 1.63436570944e-08, 1.38855260623e-10],
        "dvar2": [2.56847602031e-06, 0.000973842223175, 0.000103647500509, 2.01394395845e-05, 0.000140529926284, 7.38962989999e-06, 9.88639931165e-06, 5.04146282765e-06, 4.87954139317e-06, 3.96138830183e-06, 1.67172890997e-06, 3.80081655749e-06, 1.23280017306e-06, 1.63031677403e-06, 1.75630736976e-06, 4.71817685366e-07, 6.46180012609e-07, 3.40038781133e-07, 3.68913475768e-07, 3.1584579574e-07, 3.54431080041e-07, 8.65718163823e-07, 2.88744871568e-07, 2.05437487466e-07, 1.45410993468e-07, 3.32242784395e-08, 3.1058206007e-10],
        "max": [0.00711884815246, 0.134112179279, 0.0581074804068, 0.0364715903997, 0.0616108104587, 0.018529292196, 0.0391368865967, 0.01803426072, 0.0170331094414, 0.0154364109039, 0.0136138293892, 0.0207852553576, 0.0114103965461, 0.011539818719, 0.0102687599137, 0.00629982305691, 0.00822693109512, 0.00343551603146, 0.00503872707486, 0.00534001085907, 0.00310897524469, 0.00492462329566, 0.00762069411576, 0.00404677400365, 0.00430267816409, 0.00168213318102, 0.000203525691177],
        "mean": [0.000526930962224, 0.0125304460526, 0.00373202073388, 0.0018478075508, 0.00239327340387, 0.00106915761717, 0.000657994125504, 0.000726970902178, 0.00126476248261, 0.00123487506062, 0.00057416461641, 0.00122440292034, 0.000661780708469, 0.000889499497134, 0.000876542297192, 0.000591880001593, 0.000626141263638, 0.000553396646865, 0.000543689937331, 0.000743894721381, 0.000634185911622, 0.000622993800789, 0.000358915422112, 0.00028945383383, 0.000187677826034, 6.98547300999e-05, 3.70625184587e-06],
        "median": [0.000158206283231, 0.00472244154662, 0.00212823692709, 0.000978213734925, 0.000981384539045, 0.000465518096462, 0.000187203520909, 0.000183205498615, 0.00063155713724, 0.000410318578361, 0.000261656095972, 0.000607317779213, 0.000350034941221, 0.000410657463362, 0.000448537903139, 0.000347359949956, 0.000483779469505, 0.000463813135866, 0.000471091567306, 0.000690088199917, 0.000539441942237, 0.000385328603443, 0.000178353322553, 0.000155904373969, 7.13597546564e-05, 2.10720463656e-05, 5.26671101397e-07],
        "min": [2.67814159738e-10, 6.60482057935e-10, 1.38997546806e-09, 1.0037737308e-09, 5.87350168502e-10, 6.31861160616e-11, 6.85106832377e-11, 2.01709760006e-10, 2.45976822244e-10, 4.10845246712e-10, 5.25635701631e-10, 1.55072332753e-09, 3.96368077249e-10, 5.92639382013e-10, 3.05818231849e-10, 7.73667241383e-10, 2.39166991767e-10, 2.44100989422e-10, 2.86887236189e-10, 4.02235716956e-10, 3.19743370669e-10, 3.82454901082e-10, 9.2688592912e-11, 9.61833043767e-11, 4.74899217173e-11, 2.65819640605e-11, 1.30520065242e-11],
        "var": [8.61306375555e-07, 0.000352992123226, 3.02325552184e-05, 6.82425070408e-06, 3.61083039024e-05, 3.44463637703e-06, 3.16954060509e-06, 2.45302999247e-06, 3.18968909596e-06, 3.42900466421e-06, 1.0198975815e-06, 2.76364653473e-06, 1.22427900351e-06, 1.73888372501e-06, 1.56325643275e-06, 5.91843956954e-07, 3.48079765899e-07, 1.86823328363e-07, 1.80772019576e-07, 2.27878473424e-07, 2.21820499746e-07, 4.73119172284e-07, 3.63031546158e-07, 2.3440344421e-07, 1.72390073772e-07, 3.2634513758e-08, 1.81947415467e-10]
    },
    "erbbands": {
        "dmean": [0.385219097137, 2.87482142448, 4.28359460831, 4.56864738464, 7.56154537201, 7.50779056549, 5.50140094757, 7.79568147659, 9.29867362976, 9.86127185822, 14.2838354111, 16.5806159973, 23.6142559052, 18.8141860962, 16.2394733429, 30.1893558502, 17.7092533112, 19.5719928741, 24.6796627045, 18.6639118195, 15.3901853561, 15.5196990967, 15.1947288513, 14.3568639755, 13.4386291504, 12.9353351593, 12.2993183136, 12.8133945465, 13.7049379349, 10.4848794937, 5.53970861435, 3.93799138069, 2.45383477211, 1.44758200645, 0.638328850269, 0.23173712194, 0.070693410933, 0.0122715635225, 0.000292081793305, 2.55933864537e-05],
        "dmean2": [0.644304573536, 5.07739925385, 7.70237159729, 7.95181322098, 13.1061983109, 13.7059249878, 9.36256694794, 13.0471687317, 15.9324712753, 17.005317688, 23.8451576233, 27.2711677551, 38.3108940125, 31.3434925079, 26.239648819, 50.514667511, 28.8860416412, 32.8935546875, 42.1051330566, 30.1227035522, 25.5926094055, 26.4807319641, 25.7005901337, 24.8858737946, 22.9818096161, 21.7836589813, 20.775844574, 22.4756698608, 24.0658168793, 18.1819515228, 8.83222579956, 6.35238265991, 3.97578978539, 2.19256711006, 0.962421417236, 0.347954124212, 0.101398579776, 0.0188572742045, 0.000449908693554, 4.1029539716e-05],
        "dvar": [0.346475511789, 20.1896915436, 51.0442504883, 61.8755455017, 344.619689941, 627.507385254, 118.918281555, 312.706390381, 738.279724121, 643.197814941, 1054.6895752, 825.529968262, 1517.25317383, 1228.26696777, 1186.95288086, 2327.52099609, 1053.40698242, 1209.57910156, 1705.72363281, 891.247680664, 455.166015625, 423.462799072, 318.526885986, 396.377441406, 356.321014404, 213.8072052, 184.548233032, 274.702789307, 359.516143799, 256.307342529, 121.532714844, 56.9580459595, 24.714012146, 13.1023111343, 3.25214099884, 0.473885536194, 0.0470712073147, 0.00180341734085, 1.10835469513e-06, 1.41721034908e-09],
        "dvar2": [0.872791409492, 55.273223877, 146.458831787, 177.841766357, 939.655517578, 1844.60229492, 327.014373779, 794.472473145, 1897.53637695, 1830.43164062, 2619.56054688, 2145.49926758, 3865.02978516, 3316.25683594, 3073.34741211, 5824.30566406, 2555.89453125, 3465.22119141, 4572.70849609, 2307.85986328, 1177.22546387, 1189.06811523, 878.549377441, 1118.96313477, 931.646484375, 574.434326172, 493.782592773, 747.774414062, 949.879150391, 630.480957031, 247.264358521, 120.072555542, 51.7359848022, 26.4028759003, 6.24480676651, 0.933511137962, 0.0991107672453, 0.0036510664504, 2.25827784561e-06, 3.15535353401e-09],
        "max": [3.84843230247, 29.6821403503, 54.7783432007, 105.361465454, 159.802154541, 216.711639404, 125.719413757, 221.120407104, 532.165588379, 344.683837891, 432.387054443, 363.943023682, 509.732574463, 557.810180664, 598.252502441, 635.689941406, 582.443115234, 495.394378662, 545.071533203, 500.361602783, 345.240753174, 310.816101074, 180.642730713, 211.252944946, 310.220428467, 196.667694092, 136.943283081, 127.19026947, 184.204940796, 240.739425659, 192.222412109, 106.982566833, 71.8351211548, 61.4368019104, 36.5787658691, 9.00370597839, 3.09514856339, 0.679119467735, 0.018642809242, 0.00052776519442],
        "mean": [0.363938748837, 2.74307727814, 4.60252285004, 6.02426815033, 7.99903345108, 6.7672867775, 6.77796697617, 9.18463897705, 9.81329536438, 10.4563903809, 19.8968753815, 26.8702507019, 39.1545333862, 31.8654346466, 28.4236354828, 53.3395805359, 33.1679229736, 39.7270774841, 50.0778007507, 38.9097099304, 33.6960449219, 35.0597496033, 31.3065910339, 27.7325057983, 28.6550960541, 33.925201416, 32.0072555542, 22.6852798462, 22.0819816589, 15.4465360641, 10.0546617508, 6.94257926941, 4.23643255234, 2.4003469944, 1.16054809093, 0.408675700426, 0.108950726688, 0.0175197515637, 0.000444675504696, 6.00639468757e-05],
        "median": [0.120148539543, 1.03048503399, 2.45584368706, 3.57907700539, 3.55005717278, 2.59171390533, 2.81792712212, 3.69525671005, 3.14523458481, 3.20423173904, 5.9594244957, 13.0059280396, 15.7865772247, 13.4027032852, 14.5833301544, 28.0461597443, 19.3045902252, 19.203207016, 27.0603599548, 19.7137527466, 22.7758464813, 27.775390625, 26.3975334167, 24.3192768097, 24.8636341095, 31.1268768311, 29.949924469, 16.9846000671, 14.2326927185, 7.52001905441, 5.12214422226, 3.91064953804, 2.14057302475, 0.959139287472, 0.415085494518, 0.136177316308, 0.0315131619573, 0.00374319334514, 0.000116798270028, 4.82176874357e-05],
        "min": [3.71615236361e-08, 1.16670072714e-07, 1.55945519964e-06, 2.79916503132e-06, 3.25688392877e-06, 1.22823087167e-06, 2.24584397301e-07, 7.24017354514e-07, 1.06926120225e-06, 1.24209293517e-06, 9.19372632779e-06, 5.52904930373e-06, 4.65105586045e-06, 3.40292062901e-05, 1.5388301108e-05, 6.40690195723e-05, 4.46597441623e-05, 3.51098824467e-05, 1.52885004354e-05, 1.37224569698e-05, 4.41898991994e-05, 1.98890775209e-05, 1.40767760968e-05, 9.94050878944e-06, 3.48345347447e-05, 2.07464399864e-05, 1.41923001138e-05, 1.53334422066e-05, 1.42856479215e-05, 3.10269342663e-06, 2.85677083411e-06, 2.93609582513e-06, 1.06564118596e-06, 5.14376438332e-07, 3.39433256613e-07, 1.67947789009e-07, 2.27718732759e-08, 8.39837621669e-09, 1.52892232208e-09, 2.25022417366e-10],
        "var": [0.325162678957, 18.0986328125, 41.6774139404, 65.2929077148, 284.576934814, 385.274841309, 139.899383545, 326.115997314, 680.747253418, 537.309509277, 1796.21826172, 1448.40710449, 3017.36767578, 2316.60546875, 1919.7598877, 4894.015625, 2560.73608398, 3163.01416016, 3750.98803711, 3392.42700195, 1442.29650879, 907.815551758, 576.179138184, 464.186737061, 514.891845703, 461.620635986, 395.309356689, 393.425476074, 559.916503906, 470.030151367, 283.381225586, 120.970626831, 58.3621902466, 25.9944419861, 7.80168151855, 1.08585214615, 0.085147343576, 0.00281473645009, 1.68196550021e-06, 2.84999290834e-09]
    },
    "gfcc": {
        "mean": [39.3868141174, 66.3857727051, -125.317047119, 54.9206848145, -52.6373062134, 29.3939781189, -26.284198761, 13.4327859879, -26.3387508392, 5.92025327682, -19.981546402, 0.108919017017, -10.2290353775],
        "cov": [[6793.68359375, -440.013824463, 340.545654297, -85.5579986572, -86.6353759766, 152.814041138, -168.345291138, 156.116943359, 146.026565552, 141.836166382, -5.83872079849, 131.904525757, -54.4886932373], [-440.013824463, 750.762329102, -259.068817139, 44.8289794922, 102.035072327, -129.648529053, 181.048522949, -29.9475231171, 39.7205200195, -40.5270614624, 47.1663246155, -60.2926673889, 90.2978897095], [340.545654297, -259.068817139, 363.343383789, 87.743560791, -25.8022212982, 38.633972168, -80.0931549072, 15.534913063, -5.94998598099, 32.7181663513, 5.58567762375, 44.0610923767, -50.6359100342], [-85.5579986572, 44.8289794922, 87.743560791, 229.021453857, 41.4530563354, -22.1178569794, -2.00618171692, -33.6563720703, 17.2988185883, -17.7919521332, 18.3020324707, -11.9112405777, 10.0713844299], [-86.6353759766, 102.035072327, -25.8022212982, 41.4530563354, 153.519592285, 34.7881851196, 79.7899246216, 11.2928266525, 7.25295257568, 1.35049688816, 5.65200853348, -11.3378744125, 25.8711872101], [152.814041138, -129.648529053, 38.633972168, -22.1178569794, 34.7881851196, 216.183685303, 78.9960327148, 51.2315406799, -20.5585899353, -11.2672243118, 7.49225378036, 17.655008316, -6.54329156876], [-168.345291138, 181.048522949, -80.0931549072, -2.00618171692, 79.7899246216, 78.9960327148, 203.456054688, 50.5931816101, -5.77572107315, -29.5491313934, 10.6898069382, -8.13980960846, 24.767786026], [156.116943359, -29.9475231171, 15.534913063, -33.6563720703, 11.2928266525, 51.2315406799, 50.5931816101, 89.9721832275, 27.3620815277, 11.1050453186, -5.89106845856, 4.4520740509, 0.0365111231804], [146.026565552, 39.7205200195, -5.94998598099, 17.2988185883, 7.25295257568, -20.5585899353, -5.77572107315, 27.3620815277, 92.1514129639, 32.5314407349, 10.7377433777, -6.691655159, 0.0512752234936], [141.836166382, -40.5270614624, 32.7181663513, -17.7919521332, 1.35049688816, -11.2672243118, -29.5491313934, 11.1050453186, 32.5314407349, 64.7233352661, 25.6668586731, 18.4142627716, -7.51609754562], [-5.83872079849, 47.1663246155, 5.58567762375, 18.3020324707, 5.65200853348, 7.49225378036, 10.6898069382, -5.89106845856, 10.7377433777, 25.6668586731, 62.5792999268, 29.701833725, 12.5909261703], [131.904525757, -60.2926673889, 44.0610923767, -11.9112405777, -11.3378744125, 17.655008316, -8.13980960846, 4.4520740509, -6.691655159, 18.4142627716, 29.701833725, 60.3504867554, 11.934876442], [-54.4886932373, 90.2978897095, -50.6359100342, 10.0713844299, 25.8711872101, -6.54329156876, 24.767786026, 0.0365111231804, 0.0512752234936, -7.51609754562, 12.5909261703, 11.934876442, 59.6665344238]],
        "icov": [[0.0001813404524, -0.000123548787087, -6.32494120509e-05, -1.46087731991e-05, 4.4980977691e-05, -0.00024644221412, 0.000265659677098, -0.000212582788663, -0.000226283751545, -0.000224358955165, 0.000443046097644, -0.000545247399714, 0.000132197077619], [-0.000123548787087, 0.00503855291754, 0.000204103838769, 0.00115172984079, -0.000776062894147, 0.0040936502628, -0.00483224727213, 0.0022992733866, -0.00210263836198, 0.00314509496093, -0.00646861549467, 0.00608282070607, -0.00442306092009], [-6.32494120509e-05, 0.000204103838769, 0.00603581918404, -0.00383861921728, -0.000119235337479, -0.000721680640709, 0.00199483521283, -0.00300518074073, 0.00225144531578, -0.00243381364271, 0.00193735386711, -0.00506207160652, 0.00484511908144], [-1.46087731991e-05, 0.00115172984079, -0.00383861921728, 0.00859671737999, -0.00231187138706, 0.00177494308446, -0.00143887859304, 0.00417506881058, -0.00432645203546, 0.00673685967922, -0.00632023299113, 0.00551129877567, -0.00358961243182], [4.4980977691e-05, -0.000776062894147, -0.000119235337479, -0.00231187138706, 0.0105403410271, -0.00208307267167, -0.00362656335346, 0.00148073991295, 0.0006617520703, -0.00639560818672, 0.00381743325852, 0.00163156969938, -0.00372773455456], [-0.00024644221412, 0.0040936502628, -0.000721680640709, 0.00177494308446, -0.00208307267167, 0.0104111265391, -0.00552878994495, -0.00132254173514, 0.00010974262841, 0.00514005403966, -0.00743553694338, 0.00382840284146, -0.00154090230353], [0.000265659677098, -0.00483224727213, 0.00199483521283, -0.00143887859304, -0.00362656335346, -0.00552878994495, 0.0156320221722, -0.00912075489759, 0.00323061016388, 0.00287890713662, 0.00124422460794, -0.00559021811932, 0.00518973497674], [-0.000212582788663, 0.0022992733866, -0.00300518074073, 0.00417506881058, 0.00148073991295, -0.00132254173514, -0.00912075489759, 0.0230807848275, -0.00896722264588, -0.00195305049419, 0.00324829481542, 0.00257966667414, -0.00538379373029], [-0.000226283751545, -0.00210263836198, 0.00225144531578, -0.00432645203546, 0.0006617520703, 0.00010974262841, 0.00323061016388, -0.00896722264588, 0.019658152014, -0.0105922035873, 0.000934215495363, 0.00161547260359, 0.00213450030424], [-0.000224358955165, 0.00314509496093, -0.00243381364271, 0.00673685967922, -0.00639560818672, 0.00514005403966, 0.00287890713662, -0.00195305049419, -0.0105922035873, 0.0364876650274, -0.019030738622, 0.00115675479174, 0.00236565666273], [0.000443046097644, -0.00646861549467, 0.00193735386711, -0.00632023299113, 0.00381743325852, -0.00743553694338, 0.00124422460794, 0.00324829481542, 0.000934215495363, -0.019030738622, 0.0406346283853, -0.0220224428922, 0.00334810046479], [-0.000545247399714, 0.00608282070607, -0.00506207160652, 0.00551129877567, 0.00163156969938, 0.00382840284146, -0.00559021811932, 0.00257966667414, 0.00161547260359, 0.00115675479174, -0.0220224428922, 0.0407439097762, -0.0162567012012], [0.000132197077619, -0.00442306092009, 0.00484511908144, -0.00358961243182, -0.00372773455456, -0.00154090230353, 0.00518973497674, -0.00538379373029, 0.00213450030424, 0.00236565666273, 0.00334810046479, -0.0162567012012, 0.0304297786206]]
    },
    "melbands": {
        "dmean": [0.00350298080593, 0.00271114171483, 0.000819156120997, 0.000592661206611, 0.000205945863854, 0.000172238986124, 0.000139324532938, 0.000108281754365, 0.000123681995319, 0.000110058383143, 0.000119637792523, 8.14190643723e-05, 5.37630839972e-05, 8.13718943391e-05, 6.37955308775e-05, 3.49563779309e-05, 4.04035017709e-05, 4.31654734712e-05, 3.56128366548e-05, 2.24577361223e-05, 2.04982534342e-05, 1.92600255104e-05, 1.53216715262e-05, 1.37237375384e-05, 1.26743225337e-05, 1.06344850792e-05, 1.05689296106e-05, 9.90417811408e-06, 9.06089826458e-06, 7.54823531679e-06, 8.10227811598e-06, 7.51904417484e-06, 9.38711127674e-06, 4.7782295951e-06, 3.4547897485e-06, 2.65714152192e-06, 2.44414718509e-06, 1.89489276181e-06, 1.51693791395e-06, 1.1978376051e-06],
        "dmean2": [0.00592628028244, 0.00479895435274, 0.00143015978392, 0.00104874116369, 0.000360235455446, 0.00028296810342, 0.000238026492298, 0.000187968485989, 0.000207882549148, 0.000180420160177, 0.00019337834965, 0.000136097078212, 8.69025388965e-05, 0.000136403410579, 0.000106507417513, 5.67623937968e-05, 6.8712317443e-05, 7.38832022762e-05, 5.95640558458e-05, 3.68494183931e-05, 3.4708664316e-05, 3.31483934133e-05, 2.58170584857e-05, 2.37777494476e-05, 2.1916888727e-05, 1.80427214218e-05, 1.83043612196e-05, 1.68274254975e-05, 1.52610700752e-05, 1.30870475914e-05, 1.41758619066e-05, 1.30901680677e-05, 1.67633352248e-05, 7.99046665634e-06, 5.4269762586e-06, 4.34686489825e-06, 3.98454676542e-06, 3.10501400236e-06, 2.32807929024e-06, 1.84405280379e-06],
        "dvar": [2.84551533696e-05, 1.78463506018e-05, 1.90510013454e-06, 3.12625229526e-06, 2.27968030231e-07, 1.3801842158e-07, 1.66320603512e-07, 7.43182795304e-08, 8.02947539569e-08, 3.47313431348e-08, 3.89661529709e-08, 2.27431922184e-08, 1.33076474285e-08, 2.3655951864e-08, 9.04828922899e-09, 4.72073624636e-09, 5.86302517647e-09, 5.53575407736e-09, 4.10808187468e-09, 1.4547010263e-09, 8.79736283821e-10, 7.74968145212e-10, 3.03851527272e-10, 3.3966987556e-10, 2.97921742831e-10, 2.2865025151e-10, 2.22334803346e-10, 1.06761682828e-10, 9.4304807019e-11, 8.92481366588e-11, 1.08046703529e-10, 1.09800453452e-10, 1.9907381299e-10, 6.66120214543e-11, 5.04829442138e-11, 2.82764246046e-11, 2.20312327409e-11, 1.35859153788e-11, 1.31123263289e-11, 9.4079024085e-12],
        "dvar2": [7.40222531022e-05, 4.9589201808e-05, 5.44548220205e-06, 8.88811518962e-06, 6.55693042972e-07, 3.51003706101e-07, 4.33315108239e-07, 2.10381287502e-07, 1.93726165776e-07, 9.03150194631e-08, 9.938833756e-08, 6.14217512407e-08, 3.33475043135e-08, 6.38409858311e-08, 2.37231354561e-08, 1.16867759914e-08, 1.68848313109e-08, 1.45756322567e-08, 1.11621289989e-08, 3.78675446555e-09, 2.39399500224e-09, 2.19703144566e-09, 8.33233482211e-10, 9.48827905134e-10, 8.45658820747e-10, 5.97245364276e-10, 6.20327955669e-10, 2.86173668096e-10, 2.56907273233e-10, 2.44267384097e-10, 2.95799690297e-10, 2.95930085992e-10, 5.31646948687e-10, 1.56293769593e-10, 1.03724258349e-10, 5.8978058548e-11, 4.8543145198e-11, 2.96331015281e-11, 2.72156030351e-11, 1.97368770632e-11],
        "max": [0.0378139130771, 0.030227381736, 0.0175020862371, 0.0149787720293, 0.00463910028338, 0.00433588726446, 0.0082796625793, 0.00420494517311, 0.00392629392445, 0.00230570579879, 0.00256848079152, 0.00238107191399, 0.00214345287532, 0.00274392683059, 0.00161689659581, 0.00134667509701, 0.00106053834315, 0.000993666471913, 0.00101229315624, 0.000474160246085, 0.000410047156038, 0.000450462539447, 0.000186209945241, 0.000178987858817, 0.000175681896508, 0.000272441364359, 0.000253769248957, 0.000102382509795, 0.000116927833005, 8.11485369923e-05, 7.82971983426e-05, 0.000102598482044, 0.000110613167635, 0.000151502026711, 0.000134900517878, 8.27643161756e-05, 6.75479095662e-05, 5.35504077561e-05, 6.85852573952e-05, 4.54727560282e-05],
        "mean": [0.00341918785125, 0.00294599100016, 0.0010904930532, 0.000566658971366, 0.000238555352553, 0.000208365003346, 0.000146104212035, 0.000115889117296, 0.000174627813976, 0.000174678905751, 0.000195166852791, 0.000130966189317, 8.40293214424e-05, 0.00013624697749, 0.000106987718027, 6.18539415882e-05, 7.56050358177e-05, 8.24767557788e-05, 6.38631681795e-05, 4.21591284976e-05, 3.98695738113e-05, 3.76937932742e-05, 3.12742922688e-05, 2.46613326453e-05, 2.22811868298e-05, 1.99508431251e-05, 2.12387185456e-05, 2.33482896874e-05, 2.27234413614e-05, 1.38204941322e-05, 1.31304559545e-05, 1.28596302602e-05, 1.13032765512e-05, 7.4257718552e-06, 5.94117955188e-06, 4.75801607536e-06, 4.0484692363e-06, 3.13198302138e-06, 2.37237668443e-06, 1.89617060187e-06],
        "median": [0.00123048084788, 0.00143998849671, 0.000669714878313, 0.000224220348173, 9.93755893433e-05, 8.65154142957e-05, 4.6423956519e-05, 3.4811149817e-05, 5.42824345757e-05, 8.34704042063e-05, 7.19313029549e-05, 4.75190608995e-05, 4.15960566897e-05, 6.38143828837e-05, 6.15119715803e-05, 3.08589806082e-05, 3.29036083713e-05, 4.33460190834e-05, 3.09694951284e-05, 2.09532718145e-05, 2.7160591344e-05, 2.85401310975e-05, 2.55558170466e-05, 1.99241676455e-05, 1.91563194676e-05, 1.67538510141e-05, 1.73715852725e-05, 2.11741389649e-05, 2.1418894903e-05, 1.10136743388e-05, 9.65333219938e-06, 8.76907142811e-06, 5.38778613191e-06, 3.57277667717e-06, 2.78390780295e-06, 2.52391373579e-06, 2.2434951461e-06, 1.5921460772e-06, 9.93486082734e-07, 6.91858758728e-07],
        "min": [2.62033506004e-10, 6.178341172e-10, 5.08424191636e-10, 1.71527847481e-10, 9.00939999687e-12, 1.5535486092e-11, 1.53276263209e-11, 1.20007658325e-11, 7.61832610885e-11, 3.30715038688e-11, 1.81001151567e-11, 1.32489061389e-10, 4.2324459909e-11, 1.28872343352e-10, 1.54491114346e-10, 5.08673311805e-11, 6.46034337137e-11, 2.18240980843e-11, 2.30114226285e-11, 1.47547044027e-11, 4.74784864202e-11, 1.8044499922e-11, 9.12125670133e-12, 1.6324237101e-11, 5.91423177793e-12, 1.21367239175e-11, 2.30453538197e-11, 1.20625913771e-11, 6.54664386937e-12, 7.79573367665e-12, 9.85000882942e-12, 1.09630672596e-11, 2.95920362867e-12, 9.93326189531e-13, 1.49242369765e-12, 2.06108437609e-12, 1.77938967814e-12, 7.71898441432e-13, 6.44209457914e-13, 3.34075432248e-13],
        "var": [2.68255244009e-05, 1.62960823218e-05, 1.91204799194e-06, 2.20968536269e-06, 2.01060402105e-07, 1.51322325337e-07, 1.4845514329e-07, 6.47429203582e-08, 1.46340710216e-07, 5.95577986928e-08, 7.88219836068e-08, 4.26003161635e-08, 2.09609076762e-08, 3.79762141733e-08, 1.78430514808e-08, 1.24275807423e-08, 1.4074684529e-08, 1.16271214878e-08, 1.07660929061e-08, 4.06164168965e-09, 1.97803551316e-09, 1.31262567482e-09, 5.89902460213e-10, 4.47483522459e-10, 3.36071837026e-10, 2.97464580745e-10, 3.19291898476e-10, 2.22593360411e-10, 1.99192634609e-10, 1.33104208211e-10, 1.46943693324e-10, 1.77740974716e-10, 2.30619107144e-10, 1.43991804591e-10, 1.16694695573e-10, 5.54962881205e-11, 4.60804484848e-11, 3.18753738682e-11, 2.51611318586e-11, 1.71865698756e-11]
    },
    "mfcc": {
        "mean": [-595.090332031, 86.3294296265, -5.86140966415, 31.1611194611, 3.08242750168, 18.6137294769, 11.1562709808, 9.14647197723, 7.48480844498, 4.91246366501, -0.483128041029, 2.47616267204, -2.95139956474],
        "cov": [[6046.39257812, -116.632537842, 159.131439209, -135.221847534, 76.7362976074, 20.2709217072, -150.988021851, 57.7825622559, 21.1336536407, 107.337860107, 68.1304550171, -3.18047738075, 41.2589263916], [-116.632537842, 601.926025391, -262.771850586, 105.856170654, -94.1308441162, -14.5218925476, 69.0666275024, 0.419054150581, 72.0094451904, -6.44884443283, -7.76650571823, 47.2327156067, -14.9590930939], [159.131439209, -262.771850586, 353.83303833, 14.6931343079, 64.5244598389, 6.7473282814, -46.8425483704, 3.45620846748, -59.2721786499, -16.4231281281, 30.0391254425, -2.76169300079, 34.0440864563], [-135.221847534, 105.856170654, 14.6931343079, 267.926177979, 34.8811454773, 0.87368953228, -23.8842010498, -32.3969154358, 4.92424821854, -19.1614952087, 4.36752891541, 3.44316244125, 18.930311203], [76.7362976074, -94.1308441162, 64.5244598389, 34.8811454773, 117.252403259, 27.1051654816, -22.1212062836, -16.3764743805, -7.68999052048, 16.0973243713, 3.25855255127, -6.14053058624, 13.6496362686], [20.2709217072, -14.5218925476, 6.7473282814, 0.87368953228, 27.1051654816, 107.381759644, 74.6653060913, 43.4722976685, 5.63036489487, -0.563880801201, 14.5309524536, -1.54612910748, -8.66944599152], [-150.988021851, 69.0666275024, -46.8425483704, -23.8842010498, -22.1212062836, 74.6653060913, 175.759277344, 87.9866638184, 41.3604507446, -10.2093830109, 2.39316487312, 14.5348405838, -19.8576583862], [57.7825622559, 0.419054150581, 3.45620846748, -32.3969154358, -16.3764743805, 43.4722976685, 87.9866638184, 110.081741333, 48.6472511292, 12.3027744293, 9.24010372162, 8.11504840851, -7.51265907288], [21.1336536407, 72.0094451904, -59.2721786499, 4.92424821854, -7.68999052048, 5.63036489487, 41.3604507446, 48.6472511292, 83.5886611938, 33.1604118347, 3.04365801811, 4.23389959335, -7.88101196289], [107.337860107, -6.44884443283, -16.4231281281, -19.1614952087, 16.0973243713, -0.563880801201, -10.2093830109, 12.3027744293, 33.1604118347, 71.6706619263, 18.2486591339, 1.16371178627, -5.35916566849], [68.1304550171, -7.76650571823, 30.0391254425, 4.36752891541, 3.25855255127, 14.5309524536, 2.39316487312, 9.24010372162, 3.04365801811, 18.2486591339, 57.3886604309, 23.4884204865, 10.4204158783], [-3.18047738075, 47.2327156067, -2.76169300079, 3.44316244125, -6.14053058624, -1.54612910748, 14.5348405838, 8.11504840851, 4.23389959335, 1.16371178627, 23.4884204865, 60.6744804382, 26.0983390808], [41.2589263916, -14.9590930939, 34.0440864563, 18.930311203, 13.6496362686, -8.66944599152, -19.8576583862, -7.51265907288, -7.88101196289, -5.35916566849, 10.4204158783, 26.0983390808, 55.8828353882]],
