{
"lowlevel": {
    "average_loudness": 0.971288740635,
    "barkbands_crest": {
        "dmean": 3.47221159935,
        "dmean2": 5.86760139465,
        "dvar": 12.7715539932,
        "dvar2": 33.8311309814,
        "max": 23.2422866821,
        "mean": 8.59087467194,
        "median": 7.66977739334,
        "min": 2.49807405472,
        "var": 15.7057065964
    },
    "barkbands_flatness_db": {
        "dmean": 0.0222099479288,
        "dmean2": 0.0359990596771,
        "dvar": 0.000524403702002,
        "dvar2": 0.00140388240106,
        "max": 0.209195658565,
        "mean": 0.0877963602543,
        "median": 0.0829111784697,
        "min": 0.0255323778838,
        "var": 0.000960015051533
    },
    "barkbands_kurtosis": {
        "dmean": 1.78943753242,
        "dmean2": 3.17370128632,
        "dvar": 11.2592668533,
        "dvar2": 31.5874919891,
        "max": 34.1567573547,
        "mean": 0.657580792904,
        "median": -0.0942845344543,
        "min": -1.86391687393,
        "var": 8.2504196167
    },
    "barkbands_skewness": {
        "dmean": 0.554667711258,
        "dmean2": 0.905116915703,
        "dvar": 0.41323441267,
        "dvar2": 1.07324421406,
        "max": 5.5679602623,
        "mean": 0.990078091621,
        "median": 0.843356966972,
        "min": -1.07675886154,
        "var": 0.555866122246
    },
    "barkbands_spread": {
        "dmean": 7.76980066299,
        "dmean2": 12.394742012,
        "dvar": 71.268081665,
        "dvar2": 161.552398682,
        "max": 106.351615906,
        "mean": 32.766746521,
        "median": 30.671339035,
        "min": 6.27889299393,
        "var": 164.039474487
    },
    "dissonance": {
        "dmean": 0.0112374247983,
        "dmean2": 0.0191138535738,
        "dvar": 0.000115480303066,
        "dvar2": 0.000315927958582,
        "max": 0.499999970198,
        "mean": 0.482083857059,
        "median": 0.485237509012,
        "min": 0.418017536402,
        "var": 0.000173658394488
    },
    "dynamic_complexity": 2.5440864563,
    "erbbands_crest": {
        "dmean": 2.21698284149,
        "dmean2": 3.64754605293,
        "dvar": 4.43619966507,
        "dvar2": 11.3562660217,
        "max": 21.5094585419,
        "mean": 7.03056573868,
        "median": 6.0846581459,
        "min": 2.33761692047,
        "var": 9.82711696625
    },
    "erbbands_flatness_db": {
        "dmean": 0.0132946530357,
        "dmean2": 0.0205531772226,
        "dvar": 0.000126239610836,
        "dvar2": 0.000265055132331,
        "max": 0.207470342517,
        "mean": 0.125602051616,
        "median": 0.124718979001,
        "min": 0.045430932194,
        "var": 0.000633956922684
    },
    "erbbands_kurtosis": {
        "dmean": 0.528406322002,
        "dmean2": 0.833712995052,
        "dvar": 0.243428915739,
        "dvar2": 0.628170669079,
        "max": 4.42772769928,
        "mean": -0.046497695148,
        "median": -0.14318728447,
        "min": -1.50050222874,
        "var": 0.503986954689
    },
    "erbbands_skewness": {
        "dmean": 0.286547034979,
        "dmean2": 0.4516479671,
        "dvar": 0.0603990666568,
        "dvar2": 0.147787049413,
        "max": 2.16015124321,
        "mean": -0.093213275075,
        "median": -0.150686323643,
        "min": -1.39330327511,
        "var": 0.231514900923
    },
    "erbbands_spread": {
        "dmean": 7.57197666168,
        "dmean2": 11.9165906906,
        "dvar": 54.9790458679,
        "dvar2": 129.572570801,
        "max": 113.403411865,
        "mean": 38.5432243347,
        "median": 36.9534683228,
        "min": 11.5524997711,
        "var": 148.644714355
    },
    "hfc": {
        "dmean": 8.35740184784,
        "dmean2": 11.8249855042,
        "dvar": 233.01574707,
        "dvar2": 453.660400391,
        "max": 284.192901611,
        "mean": 31.4130649567,
        "median": 28.0904426575,
        "min": 4.03479898523e-05,
        "var": 647.737487793
    },
    "melbands_crest": {
        "dmean": 3.99277949333,
        "dmean2": 6.67447280884,
        "dvar": 12.0060472488,
        "dvar2": 30.5534152985,
        "max": 27.8410644531,
        "mean": 13.3115415573,
        "median": 12.6798429489,
        "min": 4.27606153488,
        "var": 22.9288139343
    },
    "melbands_flatness_db": {
        "dmean": 0.0298718158156,
        "dmean2": 0.047656185925,
        "dvar": 0.000970132474322,
        "dvar2": 0.00243851472624,
        "max": 0.311649829149,
        "mean": 0.14481331408,
        "median": 0.137321978807,
        "min": 0.0429324693978,
        "var": 0.00188520585652
    },
    "melbands_kurtosis": {
        "dmean": 6.15754556656,
        "dmean2": 10.7638673782,
        "dvar": 146.898147583,
        "dvar2": 407.377258301,
        "max": 129.767028809,
        "mean": 6.98886823654,
        "median": 3.80825042725,
        "min": -0.910480737686,
        "var": 115.8931427
    },
    "melbands_skewness": {
        "dmean": 0.837683022022,
        "dmean2": 1.37787282467,
        "dvar": 1.09089815617,
        "dvar2": 2.8175714016,
        "max": 9.96394538879,
        "mean": 2.19733786583,
        "median": 1.909278512,
        "min": 0.101534105837,
        "var": 1.55070316792
    },
    "melbands_spread": {
        "dmean": 10.2605886459,
        "dmean2": 16.1414718628,
        "dvar": 105.223892212,
        "dvar2": 233.817260742,
        "max": 140.227172852,
        "mean": 33.803024292,
        "median": 33.3695335388,
        "min": 2.97608184814,
        "var": 224.662841797
    },
    "pitch_salience": {
        "dmean": 0.0813806802034,
        "dmean2": 0.136954545975,
        "dvar": 0.00602847058326,
        "dvar2": 0.0164282731712,
        "max": 0.809606909752,
        "mean": 0.563088536263,
        "median": 0.565483629704,
        "min": 0.166317895055,
        "var": 0.00977192912251
    },
    "silence_rate_20dB": {
        "dmean": 0,
        "dmean2": 0,
        "dvar": 0,
        "dvar2": 0,
        "max": 1,
        "mean": 1,
        "median": 1,
        "min": 1,
        "var": 0
    },
    "silence_rate_30dB": {
        "dmean": 0.00151285924949,
        "dmean2": 0.00302800908685,
        "dvar": 0.0015105510829,
        "dvar2": 0.00453275628388,
        "max": 1,
        "mean": 0.9992441535,
        "median": 1,
        "min": 0,
        "var": 0.000755306682549
    },
    "silence_rate_60dB": {
        "dmean": 0.00907715596259,
        "dmean2": 0.0181680545211,
        "dvar": 0.00899484008551,
        "dvar2": 0.0193518754095,
        "max": 1,
        "mean": 0.0634920671582,
        "median": 0,
        "min": 0,
        "var": 0.0594616569579
    },
    "spectral_centroid": {
        "dmean": 281.25894165,
        "dmean2": 445.241821289,
        "dvar": 60712.9804688,
        "dvar2": 146618.421875,
        "max": 3695.23974609,
        "mean": 1782.25927734,
        "median": 1759.15026855,
        "min": 698.212280273,
        "var": 148058.21875
    },
    "spectral_complexity": {
        "dmean": 4.1664147377,
        "dmean2": 6.47085523605,
        "dvar": 11.7907867432,
        "dvar2": 27.6420211792,
        "max": 61,
        "mean": 32.0007553101,
        "median": 34,
        "min": 0,
        "var": 117.49433136
    },
    "spectral_decrease": {
        "dmean": 3.29159455248e-09,
        "dmean2": 5.31752242239e-09,
        "dvar": 2.21489735479e-17,
        "dvar2": 5.52316568284e-17,
        "max": -9.81462073478e-15,
        "mean": -7.71673391853e-09,
        "median": -6.75937839034e-09,
        "min": -3.77224935733e-08,
        "var": 2.97171318679e-17
    },
    "spectral_energy": {
        "dmean": 0.0127542437986,
        "dmean2": 0.0204267371446,
        "dvar": 0.000316323596053,
        "dvar2": 0.000789902405813,
        "max": 0.145219430327,
        "mean": 0.0319740064442,
        "median": 0.0286716427654,
        "min": 4.07023250659e-08,
        "var": 0.000457520742202
    },
    "spectral_energyband_high": {
        "dmean": 0.00066036550561,
        "dmean2": 0.000896357290912,
        "dvar": 2.16403509512e-06,
        "dvar2": 3.97594885726e-06,
        "max": 0.0247751604766,
        "mean": 0.00156746443827,
        "median": 0.000965623185039,
        "min": 2.10894324226e-09,
        "var": 5.57518751521e-06
    },
    "spectral_energyband_low": {
        "dmean": 0.00988283287734,
        "dmean2": 0.0166509505361,
        "dvar": 0.000339207676006,
        "dvar2": 0.000880488310941,
        "max": 0.135102912784,
        "mean": 0.0126073462889,
        "median": 0.00732566183433,
        "min": 1.6046033835e-08,
        "var": 0.000307062175125
    },
    "spectral_energyband_middle_high": {
        "dmean": 0.00225527770817,
        "dmean2": 0.00351355341263,
        "dvar": 6.63347191221e-06,
        "dvar2": 1.54945919348e-05,
        "max": 0.0305767245591,
        "mean": 0.00847733207047,
        "median": 0.00716663850471,
        "min": 9.92483517592e-09,
        "var": 3.19779646816e-05
    },
    "spectral_energyband_middle_low": {
        "dmean": 0.00521521363407,
        "dmean2": 0.0082513988018,
        "dvar": 5.17654443684e-05,
        "dvar2": 0.000122251862194,
        "max": 0.0676649436355,
        "mean": 0.0105106253177,
        "median": 0.00817791186273,
        "min": 1.1092009089e-08,
        "var": 8.48485651659e-05
    },
    "spectral_entropy": {
        "dmean": 0.0964727029204,
        "dmean2": 0.140923753381,
        "dvar": 0.00823498237878,
        "dvar2": 0.0165139883757,
        "max": 8.78704547882,
        "mean": 7.96451377869,
        "median": 7.95416164398,
        "min": 7.27435302734,
        "var": 0.0360926501453
    },
    "spectral_flux": {
        "dmean": 0.0301781967282,
        "dmean2": 0.0453377068043,
        "dvar": 0.00115608109627,
        "dvar2": 0.0021056223195,
        "max": 0.298879504204,
        "mean": 0.102849759161,
        "median": 0.0918971449137,
        "min": 0.000337969599059,
        "var": 0.00281335460022
    },
    "spectral_kurtosis": {
        "dmean": 0.896515011787,
        "dmean2": 1.45630276203,
        "dvar": 0.732140421867,
        "dvar2": 1.96828258038,
        "max": 9.17021083832,
        "mean": 3.61438894272,
        "median": 3.54306554794,
        "min": -0.505254268646,
        "var": 1.78221654892
    },
    "spectral_rms": {
        "dmean": 0.00098645419348,
        "dmean2": 0.00153233460151,
        "dvar": 1.29846046093e-06,
        "dvar2": 3.12337260766e-06,
        "max": 0.0119028352201,
        "mean": 0.00524331117049,
        "median": 0.00528888776898,
        "min": 6.30155409453e-06,
        "var": 3.70183079212e-06
    },
    "spectral_rolloff": {
        "dmean": 767.263671875,
        "dmean2": 1227.45800781,
        "dvar": 1278041,
        "dvar2": 2610683,
        "max": 12855.3222656,
        "mean": 2103.72827148,
        "median": 1894.921875,
        "min": 86.1328125,
        "var": 2380124.75
    },
    "spectral_skewness": {
        "dmean": 0.142104208469,
        "dmean2": 0.226776763797,
        "dvar": 0.014881407842,
        "dvar2": 0.036559831351,
        "max": 1.94052195549,
        "mean": 1.38127410412,
        "median": 1.38542485237,
        "min": 0.665096521378,
        "var": 0.0463953912258
    },
    "spectral_spread": {
        "dmean": 484030.4375,
        "dmean2": 672647,
        "dvar": 428888948736,
        "dvar2": 690562924544,
        "max": 13008406,
        "mean": 4683307.5,
        "median": 4504857,
        "min": 2359863.5,
        "var": 1.76963426714e+12
    },
    "spectral_strongpeak": {
        "dmean": 0.656751513481,
        "dmean2": 1.15205287933,
        "dvar": 0.956165373325,
        "dvar2": 2.4282515049,
        "max": 8.74954509735,
        "mean": 0.932902097702,
        "median": 0.408327490091,
        "min": 0.000261011329712,
        "var": 1.3709051609
    },
    "zerocrossingrate": {
        "dmean": 0.0138347586617,
        "dmean2": 0.0161295458674,
        "dvar": 0.0002983303566,
        "dvar2": 0.000333540083375,
        "max": 0.375,
        "mean": 0.0799733102322,
        "median": 0.07275390625,
        "min": 0.02587890625,
        "var": 0.00135070737451
    },
    "barkbands": {
        "dmean": [0.00011776061001, 0.00735490443185, 0.00319760711864, 0.00138817681, 0.00304382317699, 0.000604212342296, 0.000491227197926, 0.00100174429826, 0.00131877197418, 0.000847454415634, 0.000503332237713, 0.000447289348813, 0.000527170894202, 0.00047536304919, 0.000444096483989, 0.000322782201692, 0.000368283392163, 0.000274627062026, 0.000197973422473, 0.000153946733917, 0.000132042550831, 0.000121936987853, 0.000105914186861, 0.000102577854705, 0.000158724345965, 9.44975254242e-05, 9.13028907235e-06],
        "dmean2": [0.000188945399714, 0.0128558911383, 0.00561473611742, 0.00243691797368, 0.00493722641841, 0.000987572828308, 0.000813077669591, 0.00167656328995, 0.00203305133618, 0.0013235504739, 0.000779893423896, 0.000746381643694, 0.000877812446561, 0.000740725197829, 0.000722341763321, 0.000552719167899, 0.000613794312812, 0.000457441376057, 0.000330043112626, 0.000251172023127, 0.000196370456251, 0.000171799794771, 0.000154440072947, 0.000148473103764, 0.00023664975015, 0.000140349467983, 1.51151880345e-05],
        "dvar": [7.5209847239e-08, 0.000254881510045, 2.97425649478e-05, 5.10243262397e-06, 3.57480421371e-05, 1.00406373349e-06, 9.36541084684e-07, 3.69143549506e-06, 7.5846605796e-06, 3.01690988636e-06, 1.06045104076e-06, 3.85163048122e-07, 1.03027150544e-06, 6.84078770519e-07, 5.20396042702e-07, 1.34365606641e-07, 1.3669527732e-07, 9.78638965421e-08, 4.77112891417e-08, 3.55357592241e-08, 3.49191644489e-08, 4.05254354519e-08, 5.23715684153e-08, 8.5801410421e-08, 4.51435710147e-07, 1.24674826907e-07, 3.94062915632e-09],
        "dvar2": [1.8749797448e-07, 0.000672912690789, 8.57600898598e-05, 1.44421028381e-05, 8.60221553012e-05, 2.66507618107e-06, 2.45861019721e-06, 9.74517024588e-06, 1.92716724996e-05, 7.33047818358e-06, 2.34576759794e-06, 1.09249299385e-06, 2.61798300016e-06, 1.52667314524e-06, 1.26257486954e-06, 3.79455428856e-07, 3.62943012533e-07, 2.57417752891e-07, 1.28772725816e-07, 8.53805559586e-08, 7.8734316844e-08, 7.27834290615e-08, 1.05991347255e-07, 1.89767789038e-07, 8.65896879532e-07, 2.56061497339e-07, 1.07717736952e-08],
        "max": [0.00300115230493, 0.113719120622, 0.0525800362229, 0.0238088667393, 0.0554959774017, 0.0103080840781, 0.014140503481, 0.021811299026, 0.0429057888687, 0.0248301438987, 0.0157517176121, 0.00634918035939, 0.0141472686082, 0.0124072395265, 0.0155072649941, 0.00534601463005, 0.00386732676998, 0.00370217673481, 0.00212069647387, 0.00349432299845, 0.00298198917881, 0.00420342711732, 0.00463322130963, 0.00535358255729, 0.0111329779029, 0.00726737082005, 0.00168277614284],
        "mean": [0.000100892262708, 0.00694409897551, 0.00455797975883, 0.00174439302646, 0.0035484789405, 0.000892893178388, 0.000699591008015, 0.00128222769126, 0.00207582884468, 0.00157435063738, 0.000847349700052, 0.000853349396493, 0.000817320600618, 0.000800180248916, 0.000849467003718, 0.00069469504524, 0.000865411479026, 0.000599667080678, 0.000462052266812, 0.000376692594728, 0.000298865605146, 0.000273464160273, 0.000216674685362, 0.000187010053196, 0.000255200895481, 0.000146030855831, 9.83974950941e-06],
        "median": [1.04719065348e-05, 0.0022962782532, 0.00301817199215, 0.00112631369848, 0.00169893086422, 0.000499532034155, 0.000380993646104, 0.000442236749223, 0.000696234463248, 0.000446989870397, 0.000397875643102, 0.000516909465659, 0.000419607735239, 0.0003943653428, 0.000520190049428, 0.000605808512773, 0.000764308148064, 0.000504602736328, 0.000404669030104, 0.000317682803143, 0.000207173376111, 0.0001673734223, 0.000115913106129, 8.91470190254e-05, 7.56172812544e-05, 3.58648394467e-05, 1.47848550114e-06],
        "min": [6.06404640044e-12, 6.81896428212e-10, 8.18896328525e-09, 4.90660845287e-09, 1.57590640537e-09, 8.75014949386e-10, 3.22844362355e-10, 1.41725253755e-09, 1.88024240622e-09, 9.65017177279e-10, 3.59259455518e-10, 3.26379612225e-09, 5.75668956948e-10, 2.60898774807e-10, 5.36821198605e-10, 6.81348477638e-10, 1.262627225e-09, 8.55857329451e-10, 8.43944469864e-10, 3.19762188949e-10, 4.17750473103e-10, 5.81709846958e-10, 1.69458502786e-10, 2.33745994782e-10, 2.20161916475e-10, 1.51833087769e-10, 5.59345495268e-12],
        "var": [6.97658180115e-08, 0.000197112691239, 2.89608433377e-05, 4.65299763164e-06, 3.72913746105e-05, 1.32277887133e-06, 1.13761154807e-06, 4.32472143075e-06, 1.38213636092e-05, 8.35076116346e-06, 2.17646629608e-06, 8.78756964084e-07, 1.43459749324e-06, 1.57456167926e-06, 1.22074629871e-06, 2.76596125559e-07, 3.26772976678e-07, 1.96895769022e-07, 9.03085890513e-08, 7.98175037175e-08, 9.67436619703e-08, 1.45279585695e-07, 1.37488626706e-07, 1.39315048386e-07, 8.19750482606e-07, 2.29901019111e-07, 2.97995983445e-09]
    },
    "erbbands": {
        "dmean": [0.163842156529, 1.82696282864, 3.80200147629, 4.0992808342, 5.81260967255, 14.0380992889, 7.37495040894, 4.22144937515, 5.18185949326, 10.8472480774, 28.0201454163, 26.9575920105, 20.8325653076, 28.9896316528, 12.9863071442, 19.8669281006, 21.1607322693, 24.6890563965, 19.2624149323, 19.0488357544, 18.1069984436, 19.7313404083, 16.5951213837, 8.47329330444, 10.5169467926, 7.23072290421, 6.15701389313, 4.77877855301, 4.5115737915, 3.8242354393, 2.86222052574, 1.82715511322, 2.09322357178, 1.92906069756, 1.06519639492, 0.459660470486, 0.160627648234, 0.0388054251671, 0.00081749499077, 3.40117439919e-05],
        "dmean2": [0.284344226122, 3.19654297829, 6.73026895523, 7.23466348648, 9.75642967224, 22.5947875977, 12.1597471237, 6.97162294388, 8.81435203552, 17.5354957581, 46.0188407898, 41.6405525208, 31.4157066345, 44.4896392822, 20.7474536896, 33.216884613, 35.1653442383, 38.4511642456, 30.6227111816, 31.442905426, 30.9378261566, 32.858001709, 27.9995479584, 14.0691308975, 17.393201828, 11.587597847, 9.4918794632, 7.12005281448, 6.58956050873, 5.41791200638, 4.20778656006, 2.60949206352, 3.05923032761, 2.79868984222, 1.63404166698, 0.686941504478, 0.235944360495, 0.0612827502191, 0.0012920005247, 5.20122557646e-05],
        "dvar": [0.138179093599, 15.3202371597, 46.7352485657, 46.5836906433, 69.5909881592, 906.621582031, 207.412017822, 49.3140220642, 110.648841858, 439.296081543, 2713.36889648, 2786.58007812, 2539.60009766, 2698.82128906, 305.940307617, 716.969787598, 1764.98071289, 1856.55175781, 841.168029785, 1041.48522949, 423.667419434, 390.381561279, 378.437011719, 93.4287567139, 141.554763794, 101.226135254, 69.6994018555, 60.7818336487, 56.0378875732, 56.9809761047, 38.0494346619, 11.8300743103, 56.3603668213, 62.4085083008, 20.9797935486, 3.43686056137, 0.291853666306, 0.0391488857567, 1.98415600607e-05, 1.24551613467e-08],
        "dvar2": [0.363588005304, 41.1324501038, 130.252716064, 135.681686401, 173.408905029, 2203.90258789, 529.790405273, 126.627540588, 297.577636719, 1142.29943848, 7088.22802734, 6888.14453125, 6214.49462891, 6416.10742188, 829.964416504, 1996.8092041, 4577.13476562, 4184.61083984, 1891.62927246, 2737.57128906, 1184.72070312, 1061.68493652, 978.243347168, 251.076339722, 365.647094727, 258.536193848, 168.770339966, 137.770172119, 112.559120178, 104.213951111, 75.7067184448, 21.5838737488, 125.138046265, 119.705513, 41.0929527283, 7.11231231689, 0.577194988728, 0.101565055549, 5.1951075875e-05, 3.10891223876e-08],
        "max": [2.06078457832, 29.4988479614, 63.2959098816, 71.3692321777, 72.4696731567, 311.53692627, 163.541061401, 93.4923858643, 123.4947052, 259.531311035, 578.343566895, 717.78302002, 802.555541992, 698.561950684, 186.264343262, 272.417541504, 530.823547363, 644.290100098, 432.098052979, 820.772338867, 329.737640381, 199.854446411, 258.044586182, 98.9239959717, 127.954017639, 228.585342407, 114.63205719, 173.390945435, 161.963592529, 169.184326172, 120.96471405, 75.4604644775, 139.601501465, 126.072601318, 83.0458984375, 44.2146186829, 11.2847576141, 4.93023109436, 0.114526711404, 0.00267366971821],
        "mean": [0.142487466335, 1.77596914768, 5.23117208481, 5.84543466568, 7.44215250015, 14.9636993408, 9.54068088531, 6.70076799393, 7.40980768204, 16.083026886, 40.1183853149, 43.7192344666, 37.6232070923, 54.4702835083, 26.3631801605, 38.2890815735, 35.7888145447, 44.4080467224, 40.454334259, 41.1641120911, 43.3935966492, 48.1785850525, 38.2481269836, 21.9709072113, 24.2633533478, 17.8199367523, 14.0029020309, 10.5575580597, 9.77310180664, 8.00659751892, 5.95570373535, 3.88269329071, 3.35449504852, 2.97190976143, 1.69581031799, 0.688234090805, 0.246647521853, 0.0511664152145, 0.00109905807767, 7.40061659599e-05],
        "median": [0.0339504219592, 0.671240746975, 3.39597940445, 4.16703128815, 4.60218572617, 5.75867700577, 4.6745672226, 3.70251893997, 4.61125946045, 8.66901302338, 13.2155532837, 18.5320777893, 15.5356826782, 19.3160400391, 18.6361255646, 23.5575485229, 20.8887844086, 22.7657375336, 27.7842922211, 29.27775383, 38.4201431274, 43.2412528992, 32.5653762817, 19.5219593048, 21.0358505249, 15.2499952316, 10.538939476, 7.00369024277, 6.12956094742, 4.16055583954, 3.15829133987, 2.25188207626, 1.26757276058, 0.878294110298, 0.478190243244, 0.185278952122, 0.058965343982, 0.0106366444379, 0.000253003818216, 4.985150008e-05],
        "min": [5.87292126042e-09, 3.19010212024e-07, 6.44303509034e-06, 1.81064460776e-05, 8.79223716765e-06, 4.4565731514e-06, 6.60777368466e-06, 7.22009826859e-06, 4.38874621977e-06, 2.04355783353e-05, 1.94650820049e-05, 4.18736963184e-05, 2.45705086854e-05, 4.39850700786e-05, 3.18931706715e-05, 0.000153873188538, 3.17983685818e-05, 1.72169457073e-05, 1.90495429706e-05, 2.58482796198e-05, 6.17296827841e-05, 6.25339816906e-05, 4.975605043e-05, 3.52593851858e-05, 4.11561741203e-05, 1.60464405781e-05, 1.67014477483e-05, 2.10240614251e-05, 1.69029226527e-05, 8.9937411758e-06, 5.1925326261e-06, 6.77853176967e-06, 2.46414651883e-06, 1.55264888235e-06, 2.32207912632e-06, 9.72459588411e-07, 1.49619864942e-07, 2.64685251494e-08, 1.49075840561e-09, 1.86500412336e-10],
        "var": [0.104166507721, 11.6656713486, 41.9645805359, 40.3802909851, 80.6014785767, 893.556762695, 236.883239746, 73.145866394, 107.463447571, 556.447387695, 4005.6862793, 4923.32958984, 4930.98339844, 7140.81494141, 642.310119629, 1692.47167969, 2419.21972656, 4272.22167969, 1870.09216309, 2393.30224609, 904.32208252, 960.151550293, 744.71282959, 190.181488037, 276.753509521, 184.446929932, 173.492355347, 155.476043701, 172.016357422, 195.646026611, 96.8275604248, 32.8795280457, 78.2321929932, 102.644721985, 40.2192573547, 6.50292539597, 0.568806886673, 0.0389246754348, 1.89573893294e-05, 1.63174753709e-08]
    },
    "gfcc": {
        "mean": [45.2401351929, 70.835723877, -122.951255798, 37.1993408203, -48.6188240051, 20.7222366333, -36.3781967163, 15.6512680054, -27.4836807251, 0.921319186687, -25.596578598, -0.219286054373, -16.2414302826],
        "cov": [[5066.8046875, -436.81036377, 326.485046387, -230.593933105, -6.81421089172, 62.5261459351, 29.9668655396, 109.324440002, 17.3323040009, 86.7231750488, -106.136260986, 11.376083374, -86.8772964478], [-436.81036377, 671.014099121, -285.106170654, 108.479858398, 66.5721817017, -67.6944732666, 73.5925598145, -52.2271194458, 60.1143226624, -59.7340011597, 87.9907073975, -64.0411834717, 75.0424041748], [326.485046387, -285.106170654, 337.981109619, -4.26528739929, 70.3262634277, 17.8886184692, -30.1593761444, 56.5330886841, -7.70629787445, 57.6423568726, -43.2912712097, 50.3727302551, -41.1235580444], [-230.593933105, 108.479858398, -4.26528739929, 186.64302063, 31.4231109619, 24.1847877502, -9.33860015869, -15.9570856094, 35.9356842041, -11.8754062653, 40.097984314, -14.0867958069, 35.4607696533], [-6.81421089172, 66.5721817017, 70.3262634277, 31.4231109619, 171.085205078, 18.4870910645, 56.3343963623, 40.174949646, 27.921131134, 28.7800827026, 11.9707927704, 22.6367759705, 3.22027277946], [62.5261459351, -67.6944732666, 17.8886184692, 24.1847877502, 18.4870910645, 119.080001831, 51.6269607544, 35.5344276428, 7.71978569031, 6.73020744324, 12.795255661, 0.0473599620163, 6.06631708145], [29.9668655396, 73.5925598145, -30.1593761444, -9.33860015869, 56.3343963623, 51.6269607544, 115.70942688, 41.8561325073, 24.4466133118, -0.0180891565979, 10.1828117371, -0.220412671566, 1.54757964611], [109.324440002, -52.2271194458, 56.5330886841, -15.9570856094, 40.174949646, 35.5344276428, 41.8561325073, 92.6737289429, 47.3354759216, 32.2335586548, -13.4232263565, -2.82712674141, -17.4856872559], [17.3323040009, 60.1143226624, -7.70629787445, 35.9356842041, 27.921131134, 7.71978569031, 24.4466133118, 47.3354759216, 90.7387695312, 30.559803009, 13.3911304474, -19.7228813171, -4.74149990082], [86.7231750488, -59.7340011597, 57.6423568726, -11.8754062653, 28.7800827026, 6.73020744324, -0.0180891565979, 32.2335586548, 30.559803009, 63.4919395447, 8.81200027466, 16.7820491791, -13.9431390762], [-106.136260986, 87.9907073975, -43.2912712097, 40.097984314, 11.9707927704, 12.795255661, 10.1828117371, -13.4232263565, 13.3911304474, 8.81200027466, 62.5749092102, 11.2839651108, 27.5786514282], [11.376083374, -64.0411834717, 50.3727302551, -14.0867958069, 22.6367759705, 0.0473599620163, -0.220412671566, -2.82712674141, -19.7228813171, 16.7820491791, 11.2839651108, 60.3061828613, 16.0173358917], [-86.8772964478, 75.0424041748, -41.1235580444, 35.4607696533, 3.22027277946, 6.06631708145, 1.54757964611, -17.4856872559, -4.74149990082, -13.9431390762, 27.5786514282, 16.0173358917, 64.3222351074]],
        "icov": [[0.0002336398029, 1.95619122678e-05, -0.000294126279186, 0.00035393628059, 8.61568914843e-05, -0.000137948765769, -0.000128479863633, 0.000198302397621, -0.000244280818151, -9.57202428253e-05, 0.000110322602268, 0.000253975158557, -0.000174031956703], [1.95619122678e-05, 0.00670171715319, 0.00254860334098, -0.000971464032773, -0.00376463960856, 0.00642841635272, -0.00433484790847, 0.00152865110431, -0.00156813370995, 0.00279871211387, -0.00605743518099, 0.00718547031283, -0.00422624079511], [-0.000294126279186, 0.00254860334098, 0.00834536738694, -0.00324016413651, -0.00361630576663, 0.00129758624826, 0.00204797857441, -0.00346306222491, 0.00233952770941, -0.00217699841596, 0.00253808568232, -0.00347833358683, 0.0022976428736], [0.00035393628059, -0.000971464032773, -0.00324016413651, 0.0112384073436, -0.00192149111535, -0.00444518076256, 0.0038170912303, 0.0044955862686, -0.00721281813458, 0.00518542109057, -0.00408410467207, 0.00305527681485, -0.00342753482983], [8.61568914843e-05, -0.00376463960856, -0.00361630576663, -0.00192149111535, 0.0120306517929, -0.00101883569732, -0.00398045033216, -0.00202844105661, 0.00142228777986, -0.00439233984798, 0.00288684642874, -0.00532748037949, 0.00153543089982], [-0.000137948765769, 0.00642841635272, 0.00129758624826, -0.00444518076256, -0.00101883569732, 0.019989144057, -0.0109634753317, -0.00444468483329, 0.00450041424483, 0.000276173028396, -0.00894524995238, 0.00931934919208, -0.00527830515057], [-0.000128479863633, -0.00433484790847, 0.00204797857441, 0.0038170912303, -0.00398045033216, -0.0109634753317, 0.0216608587652, -0.0063774259761, -0.00235514668748, 0.00534665305167, 0.00184582185466, -0.00812201108783, 0.00528369331732], [0.000198302397621, 0.00152865110431, -0.00346306222491, 0.0044955862686, -0.00202844105661, -0.00444468483329, -0.0063774259761, 0.0287133939564, -0.0144281024113, -0.00341987609863, 0.00556954042986, 0.0035524556879, -0.00280577945523], [-0.000244280818151, -0.00156813370995, 0.00233952770941, -0.00721281813458, 0.00142228777986, 0.00450041424483, -0.00235514668748, -0.0144281024113, 0.0289380997419, -0.0137654421851, -0.00171621562913, 0.00693086674437, 0.000769681879319], [-9.57202428253e-05, 0.00279871211387, -0.00217699841596, 0.00518542109057, -0.00439233984798, 0.000276173028396, 0.00534665305167, -0.00341987609863, -0.0137654421851, 0.0364862345159, -0.0133095420897, -0.00612960197031, 0.00561790028587], [0.000110322602268, -0.00605743518099, 0.00253808568232, -0.00408410467207, 0.00288684642874, -0.00894524995238, 0.00184582185466, 0.00556954042986, -0.00171621562913, -0.0133095420897, 0.0368772521615, -0.0135095138103, -0.00219992408529], [0.000253975158557, 0.00718547031283, -0.00347833358683, 0.00305527681485, -0.00532748037949, 0.00931934919208, -0.00812201108783, 0.0035524556879, 0.00693086674437, -0.00612960197031, -0.0135095138103, 0.0408193953335, -0.0165894851089], [-0.000174031956703, -0.00422624079511, 0.0022976428736, -0.00342753482983, 0.00153543089982, -0.00527830515057, 0.00528369331732, -0.00280577945523, 0.000769681879319, 0.00561790028587, -0.00219992408529, -0.0165894851089, 0.0294807311147]]
    },
    "melbands": {
        "dmean": [0.00179223518353, 0.00211880193092, 0.000682593614329, 0.000763931195252, 0.000313400261803, 9.70859327936e-05, 8.61263615661e-05, 0.000134911213536, 0.000258321611909, 0.000164214172401, 0.000111269662739, 0.000124455997138, 5.08021148562e-05, 4.89261656185e-05, 5.11878060934e-05, 5.53990976186e-05, 4.86098469992e-05, 3.26371009578e-05, 3.60849298886e-05, 2.167020466e-05, 2.40041736106e-05, 2.30453388212e-05, 1.79087437573e-05, 1.3597720681e-05, 7.20289790479e-06, 8.53283836477e-06, 7.061542874e-06, 4.9943769227e-06, 4.21208505941e-06, 3.54981852979e-06, 2.8875517728e-06, 2.8759138786e-06, 2.32802494793e-06, 2.29257079809e-06, 1.83044176083e-06, 1.39829739965e-06, 1.08724862002e-06, 1.4641884718e-06, 1.53762630362e-06, 1.78641619186e-06],
        "dmean2": [0.00311036338098, 0.00366968894377, 0.00119252910372, 0.00125320779625, 0.000509516743477, 0.000159055183758, 0.000145435886225, 0.0002188639628, 0.000419307936681, 0.000251722056419, 0.000167970370967, 0.000193122614291, 7.91933489381e-05, 8.04053852335e-05, 8.61420412548e-05, 9.04671323951e-05, 7.56768349675e-05, 5.22147165611e-05, 5.88992370467e-05, 3.6729270505e-05, 4.1212177166e-05, 3.87031068385e-05, 2.97534261335e-05, 2.29922316066e-05, 1.20803815662e-05, 1.44221648952e-05, 1.17107565529e-05, 8.17759519123e-06, 6.66179766995e-06, 5.45564807908e-06, 4.4569169404e-06, 4.40916301159e-06, 3.34531182489e-06, 3.37073242918e-06, 2.77427125184e-06, 2.06612139664e-06, 1.56420071562e-06, 2.18446143663e-06, 2.20193396672e-06, 2.6586981221e-06],
        "dvar": [1.57723752636e-05, 1.56131627591e-05, 1.19423452816e-06, 2.3404413696e-06, 3.88141103258e-07, 2.56565435564e-08, 2.92379791489e-08, 6.51371223626e-08, 2.32901598451e-07, 1.13731232432e-07, 7.17251467108e-08, 4.91472285091e-08, 7.07375047426e-09, 4.8817856424e-09, 7.95310928225e-09, 1.41392373365e-08, 8.40292724291e-09, 2.7489213128e-09, 4.41169678567e-09, 6.52924825317e-10, 6.85043632931e-10, 5.42463185482e-10, 4.05501160428e-10, 2.6188234914e-10, 6.87367246455e-11, 8.78935049742e-11, 6.60248244966e-11, 5.42368719381e-11, 3.44479826608e-11, 2.43401306055e-11, 2.4508083063e-11, 2.40317800382e-11, 1.66736312257e-11, 2.39544651476e-11, 1.71700362261e-11, 6.37774728862e-12, 4.47992467775e-12, 2.49456497126e-11, 3.4552350564e-11, 5.79277008306e-11],
        "dvar2": [4.16715993197e-05, 4.22074517701e-05, 3.44869022229e-06, 5.66936432733e-06, 9.78503862825e-07, 6.70706796768e-08, 7.74827100258e-08, 1.682746813e-07, 6.0696345372e-07, 2.73149794339e-07, 1.74552297949e-07, 1.18841853691e-07, 1.69861174015e-08, 1.42598555186e-08, 2.03214529648e-08, 3.65777985678e-08, 1.90683913104e-08, 6.30035623672e-09, 1.10865201464e-08, 1.77302417192e-09, 1.90156579372e-09, 1.46309986349e-09, 1.06828113022e-09, 6.87371881636e-10, 1.91582097409e-10, 2.37606767595e-10, 1.616841383e-10, 1.41965814104e-10, 8.57916723773e-11, 5.73948007176e-11, 5.85034937162e-11, 5.70518701726e-11, 2.82011219932e-11, 5.24097813759e-11, 3.67108878019e-11, 1.14393390593e-11, 8.8874220483e-12, 5.70559675894e-11, 6.87856646642e-11, 1.16112626458e-10],
        "max": [0.0249277837574, 0.0320069380105, 0.0110723990947, 0.0130957337096, 0.00658280355856, 0.00202927202918, 0.00229122769088, 0.00293369125575, 0.0069415550679, 0.00427630636841, 0.00414034258574, 0.00272016599774, 0.00123485503718, 0.000942316080909, 0.00150445313193, 0.00190132588614, 0.00147428526543, 0.000750954612158, 0.0015488716308, 0.000423805729952, 0.000351232098183, 0.000224086717935, 0.00019379540754, 0.000233120066696, 8.36754697957e-05, 9.79634278337e-05, 9.05817068997e-05, 0.000163052987773, 9.32652328629e-05, 6.7287539423e-05, 0.000100490411569, 9.42908518482e-05, 9.34837589739e-05, 9.13588301046e-05, 7.53063359298e-05, 6.81955716573e-05, 3.79095035896e-05, 9.96070593828e-05, 9.67316955212e-05, 0.000114430171379],
        "mean": [0.00164456292987, 0.00269280141219, 0.00104026508052, 0.000856301223394, 0.000396126939449, 0.000151247455506, 0.000123820049339, 0.000191360959434, 0.000367818836821, 0.000264980277279, 0.000191897444893, 0.00023188648629, 9.23720072024e-05, 9.26638822421e-05, 8.83890897967e-05, 8.39223066578e-05, 8.25697861728e-05, 6.11776704318e-05, 6.75036644679e-05, 4.53726133856e-05, 5.16944928677e-05, 5.16176733072e-05, 3.90153436456e-05, 2.8706050216e-05, 1.60299459822e-05, 1.8489696231e-05, 1.54038225446e-05, 1.09887751023e-05, 8.88104750629e-06, 7.38063090466e-06, 5.7767688304e-06, 5.72837325308e-06, 4.8023312047e-06, 4.28973180533e-06, 3.49742731487e-06, 2.90125694846e-06, 2.13286784856e-06, 2.29738816415e-06, 2.36573714574e-06, 2.59555895354e-06],
        "median": [0.000461447110865, 0.0016040437622, 0.000787103665061, 0.000394941947889, 0.000202049093787, 8.43902016641e-05, 7.36185902497e-05, 9.29092930164e-05, 0.000107645893877, 0.000104188635305, 6.58521530568e-05, 7.63084317441e-05, 5.37263513252e-05, 5.63113826502e-05, 5.30416436959e-05, 4.02788318752e-05, 3.79928751499e-05, 3.99676027882e-05, 4.12335648434e-05, 3.695500709e-05, 4.46861668024e-05, 4.55326007796e-05, 3.28893656842e-05, 2.42640198849e-05, 1.4095970073e-05, 1.61771440617e-05, 1.29825075419e-05, 8.9060577011e-06, 6.52398330203e-06, 4.96615120937e-06, 3.69824329027e-06, 3.60352669304e-06, 2.67387031272e-06, 2.13216640077e-06, 1.76613309577e-06, 1.71671160842e-06, 1.21237781059e-06, 8.73414080615e-07, 7.53317976887e-07, 6.66528535476e-07],
        "min": [1.04131599177e-10, 2.37997377361e-09, 2.89922086338e-09, 4.16052664542e-10, 2.21018967017e-10, 1.57709165172e-10, 6.11305311926e-11, 2.79238271395e-10, 1.24709284566e-10, 3.03475217178e-10, 8.20505746679e-11, 1.85319259938e-10, 5.17091786056e-11, 3.9388389772e-10, 1.84975174067e-10, 5.10371987728e-11, 2.91747702386e-11, 2.55526485388e-11, 4.20609484741e-11, 2.7992372309e-11, 8.50408979347e-11, 6.96475377371e-11, 4.36747721322e-11, 4.61176444255e-11, 2.41493196967e-11, 4.06583863799e-11, 1.77964604858e-11, 8.06294701144e-12, 9.99199854801e-12, 1.07860586782e-11, 1.39165259178e-11, 1.12591993021e-11, 7.68492040837e-12, 3.53993028467e-12, 2.79110718912e-12, 3.05082912058e-12, 4.89436529499e-12, 1.65122787405e-12, 1.18600192601e-12, 1.2229990241e-12],
        "var": [1.2063678696e-05, 1.33982994157e-05, 1.08885262762e-06, 2.34597018789e-06, 4.21824324803e-07, 3.59733256516e-08, 3.10835197581e-08, 8.32568645137e-08, 3.98677912017e-07, 2.04205349519e-07, 1.43517112861e-07, 1.33391836243e-07, 1.50661421117e-08, 1.12354801018e-08, 1.48927616905e-08, 1.80414208018e-08, 1.97394509627e-08, 5.19022247403e-09, 1.01873691705e-08, 1.50177636993e-09, 1.34042910105e-09, 1.20175214224e-09, 8.41369474092e-10, 4.47172271434e-10, 1.1861303606e-10, 1.53557541682e-10, 1.31992444752e-10, 8.51279047254e-11, 7.40594738313e-11, 6.26356813638e-11, 5.53310973428e-11, 5.67545281605e-11, 5.90490573105e-11, 6.4136120026e-11, 3.75939800124e-11, 1.85027253935e-11, 1.0773880052e-11, 3.33074574865e-11, 5.41192542169e-11, 8.89854093189e-11]
    },
    "mfcc": {
        "mean": [-594.873352051, 101.616394043, -11.2894897461, 22.9237213135, 9.37054824829, 7.77048492432, 3.89280557632, 9.54403781891, 5.23934745789, 2.38286757469, -1.25884473324, -1.17991101742, -3.04573941231],
        "cov": [[4445.68408203, -66.7229614258, 121.992752075, -146.881210327, -49.7383384705, -28.4962539673, -3.76646351814, 12.8067913055, 61.3743362427, 77.7464904785, 35.5074195862, -0.445635318756, -52.9202842712], [-66.7229614258, 448.13961792, -193.014831543, 94.3378829956, -5.24726676941, -3.13163542747, 22.0736980438, 9.54836750031, 3.54602074623, 13.8412752151, 9.02489185333, 13.6834192276, -7.49853134155], [121.992752075, -193.014831543, 204.292663574, -5.28249645233, 42.6821365356, -0.651516139507, -15.5416536331, -8.25539588928, 5.76820325851, -2.9191172123, 5.20778989792, -3.94289112091, 15.3984193802], [-146.881210327, 94.3378829956, -5.28249645233, 143.233139038, 61.3080368042, 18.8073558807, -11.9717254639, -0.435054391623, 3.08133792877, 2.19289088249, 5.11656761169, 6.46918296814, 22.5265693665], [-49.7383384705, -5.24726676941, 42.6821365356, 61.3080368042, 110.066825867, 20.3970947266, 7.93688774109, 4.10115003586, 19.4997024536, 15.9159460068, 13.9324150085, 11.4457769394, 25.2212314606], [-28.4962539673, -3.13163542747, -0.651516139507, 18.8073558807, 20.3970947266, 70.2410812378, 39.182888031, 23.0865764618, 1.9118937254, 2.38111591339, 8.17158794403, 3.63375496864, 5.57725667953], [-3.76646351814, 22.0736980438, -15.5416536331, -11.9717254639, 7.93688774109, 39.182888031, 90.4718933105, 41.4218940735, 16.2056350708, -1.42051315308, 5.75620794296, 2.35439276695, 3.64114427567], [12.8067913055, 9.54836750031, -8.25539588928, -0.435054391623, 4.10115003586, 23.0865764618, 41.4218940735, 67.5075073242, 34.94348526, 25.146194458, 11.0214700699, 9.11729335785, 5.26071596146], [61.3743362427, 3.54602074623, 5.76820325851, 3.08133792877, 19.4997024536, 1.9118937254, 16.2056350708, 34.94348526, 67.3922348022, 43.321849823, 21.4673614502, 7.12260055542, 6.00995397568], [77.7464904785, 13.8412752151, -2.9191172123, 2.19289088249, 15.9159460068, 2.38111591339, -1.42051315308, 25.146194458, 43.321849823, 81.8843841553, 40.2876930237, 20.8863143921, 1.72210872173], [35.5074195862, 9.02489185333, 5.20778989792, 5.11656761169, 13.9324150085, 8.17158794403, 5.75620794296, 11.0214700699, 21.4673614502, 40.2876930237, 58.682144165, 22.8258094788, 9.2330493927], [-0.445635318756, 13.6834192276, -3.94289112091, 6.46918296814, 11.4457769394, 3.63375496864, 2.35439276695, 9.11729335785, 7.12260055542, 20.8863143921, 22.8258094788, 50.2437591553, 22.4286651611], [-52.9202842712, -7.49853134155, 15.3984193802, 22.5265693665, 25.2212314606, 5.57725667953, 3.64114427567, 5.26071596146, 6.00995397568, 1.72210872173, 9.2330493927, 22.4286651611, 46.8002510071]],
